NAME : tsp_problem
TYPE : TSP
DIMENSION : 26
EDGE_WEIGHT_TYPE : EXPLICIT
EDGE_WEIGHT_FORMAT : FULL_MATRIX
EDGE_WEIGHT_SECTION
0 1150 1610 213 1409 1205 1117 265 1141 1918 1099 1771 1080 1235 1202 407 1405 719 1290 765 1164 1221 1343 1849 1439 775
1150 0 1105 1155 681 1329 1175 1383 2041 2392 1169 1451 177 1404 697 1027 553 1838 742 737 261 1017 440 1388 1913 1893
1610 1105 0 1725 569 1550 1396 1843 2262 2613 1390 1672 999 1625 619 1651 642 2283 450 1489 918 1238 884 1610 2134 2339
213 1155 1725 0 1525 1387 1299 447 1324 2100 1282 1954 1052 1418 1317 379 1427 901 1405 737 1136 1403 1314 2009 1621 957
1409 681 569 1525 0 1349 1196 1643 2061 2412 1190 1471 535 1424 336 1427 147 2083 142 1137 455 1037 421 1409 1933 2138
1221 1310 1531 1403 1331 0 364 1090 1013 1214 358 801 1407 359 1123 1596 1326 1034 1211 1694 1391 469 1549 878 735 1090
1117 1175 1396 1299 1196 363 0 987 949 1426 51 930 1272 311 988 1493 1191 970 1076 1559 1256 187 1414 1007 947 1026
265 1383 1843 447 1643 1075 987 0 1011 1788 969 1641 1313 1105 1435 640 1638 589 1523 999 1397 1091 1576 1719 1309 645
1141 2041 2262 1324 2061 997 949 1011 0 1710 931 1564 2138 1028 1854 1517 2056 715 1942 1875 2121 1052 2280 1641 1231 770
1930 2383 2604 2112 2404 1214 1437 1800 1723 0 1431 1874 2480 1433 2196 2306 2399 1557 2284 2664 2464 1542 2622 1952 749 1613
1099 1169 1390 1282 1190 357 51 969 931 1420 0 923 1266 304 982 1475 1185 952 1070 1553 1250 181 1408 1001 941 1008
1769 1451 1672 1951 1471 831 913 1639 1561 1893 907 0 1548 908 1264 1997 1466 1583 1352 1835 1531 930 1690 117 1414 1639
1080 177 999 1052 535 1426 1272 1313 2138 2489 1266 1548 0 1501 584 924 407 1768 596 633 115 1114 294 1486 2010 1823
1235 1404 1625 1418 1424 358 311 1105 1028 1421 304 925 1501 0 1217 1611 1419 1049 1305 1788 1484 415 1643 1003 942 1105
1202 697 619 1317 336 1142 988 1435 1854 2204 982 1264 584 1217 0 1243 228 1875 217 1081 504 830 470 1201 1725 1931
407 1027 1651 379 1427 1581 1493 640 1517 2294 1475 1997 924 1611 1243 0 1299 1095 1331 609 1008 1563 1187 1935 1815 1150
1405 553 642 1427 147 1344 1191 1638 2056 2407 1185 1466 407 1419 228 1299 0 2078 240 1009 327 1032 293 1404 1928 2133
719 1838 2283 901 2083 1019 970 589 715 1642 952 1585 1768 1049 1875 1095 2078 0 1963 1453 1852 1074 2031 1663 1253 89
1290 742 450 1405 142 1230 1076 1523 1942 2293 1070 1352 596 1305 217 1331 240 1963 0 1169 516 918 482 1290 1814 2019
765 737 1489 737 1137 1713 1559 999 1875 2652 1553 1835 633 1788 1081 609 1009 1453 1169 0 717 1401 896 1772 2173 1509
1164 261 918 1136 455 1409 1256 1397 2121 2472 1250 1531 115 1484 504 1008 327 1852 516 717 0 1097 214 1469 1993 1907
1221 1017 1238 1403 1037 468 187 1091 1052 1531 181 930 1114 415 830 1563 1032 1074 918 1401 1097 0 1256 867 1052 1129
1343 440 884 1314 421 1568 1414 1576 2280 2630 1408 1690 294 1643 470 1187 293 2031 482 896 214 1256 0 1627 2151 2086
1847 1388 1610 2009 1409 908 991 1717 1639 1971 984 117 1486 986 1201 1935 1404 1661 1290 1772 1469 867 1627 0 1492 1716
1451 1904 2125 1634 1925 735 958 1321 1244 749 952 1395 2001 954 1717 1827 1920 1265 1805 2185 1985 1063 2143 1473 0 1321
775 1893 2339 957 2138 1074 1026 645 770 1698 1008 1641 1823 1105 1931 1150 2133 89 2019 1509 1907 1129 2086 1719 1309 0
EOF