NAME : tsp_problem
TYPE : TSP
DIMENSION : 24
EDGE_WEIGHT_TYPE : EXPLICIT
EDGE_WEIGHT_FORMAT : FULL_MATRIX
EDGE_WEIGHT_SECTION
0 889 658 121 466 493 83 138 39 428 72 63 108 162 599 120 112 42 919 205 161 133 68 99
909 0 1241 934 1048 575 896 950 939 1010 947 938 921 974 1181 1019 924 917 191 1018 974 946 968 974
658 1242 0 683 462 845 645 699 688 506 696 687 670 723 407 768 673 666 1272 767 723 695 717 723
121 914 683 0 491 517 102 75 151 453 159 150 127 99 623 231 48 129 944 167 98 70 180 186
466 1050 462 491 0 653 453 507 495 60 503 495 477 531 149 576 481 473 1079 574 531 503 524 531
493 575 825 518 632 0 480 534 523 594 531 522 505 558 765 603 508 501 605 602 558 530 552 558
83 876 645 102 453 479 0 119 113 415 121 112 64 143 585 193 92 91 906 186 142 114 142 148
138 930 699 75 507 534 119 0 167 469 175 167 143 115 640 248 65 145 960 183 115 87 196 203
39 919 688 151 495 522 113 167 0 458 101 93 138 191 628 133 141 71 948 235 191 163 35 129
428 1012 506 453 60 615 415 469 458 0 466 457 440 493 193 538 443 436 1042 537 493 465 487 493
72 927 696 159 503 530 121 175 101 466 0 46 146 199 636 182 149 51 957 243 199 171 130 55
63 918 687 150 495 522 112 167 93 457 46 0 137 191 628 173 141 71 948 234 191 162 122 80
108 901 670 127 477 504 64 143 138 440 146 137 0 167 610 218 117 116 930 211 167 139 167 173
162 955 723 99 531 558 143 115 191 493 199 191 167 0 664 272 89 169 984 207 139 111 220 227
599 1183 407 623 149 786 585 640 628 193 636 628 610 664 0 709 614 606 1212 707 664 635 657 664
120 999 768 231 576 603 193 248 133 538 182 173 218 272 709 0 222 152 1029 315 271 243 162 209
112 904 673 48 481 508 92 65 141 443 149 141 117 89 614 222 0 119 934 157 89 61 170 176
42 897 666 129 473 500 91 145 71 436 51 71 116 169 606 152 119 0 926 213 169 141 100 85
939 191 1270 963 1078 605 925 980 968 1040 976 968 950 1004 1210 1049 954 946 0 1047 1004 975 997 1004
205 998 767 167 574 601 186 183 235 537 243 234 211 207 707 315 157 213 1028 0 207 179 264 270
161 954 723 98 531 558 142 115 191 493 199 191 167 139 664 271 89 169 984 207 0 111 220 226
133 926 695 70 503 529 114 87 163 465 171 162 139 111 635 243 61 141 956 179 111 0 192 198
68 948 717 180 524 551 142 196 35 487 130 122 167 220 657 162 170 100 978 264 220 192 0 158
99 954 723 186 531 558 148 203 129 493 55 80 173 227 664 209 176 85 984 270 226 198 158 0
EOF