NAME : tsp_problem
TYPE : TSP
DIMENSION : 22
EDGE_WEIGHT_TYPE : EXPLICIT
EDGE_WEIGHT_FORMAT : FULL_MATRIX
EDGE_WEIGHT_SECTION
0 142 91 56 59 60 155 155 164 57 64 157 178 153 48 218 180 76 151 238 739 55
142 0 78 113 146 152 41 32 110 148 156 102 124 34 140 164 68 168 44 184 685 114
91 78 0 62 91 93 91 91 100 90 97 92 114 89 81 154 116 109 87 174 675 63
56 113 62 0 52 53 126 126 135 50 57 128 149 124 41 189 151 69 122 209 710 48
59 146 91 52 0 56 159 159 168 53 60 160 182 156 44 222 184 72 155 241 743 51
60 152 93 53 56 0 165 165 174 55 62 166 188 162 46 228 190 74 161 248 749 53
155 41 91 126 159 165 0 26 123 161 169 115 137 28 152 177 61 181 37 197 698 127
155 32 91 126 159 165 26 0 124 162 169 116 138 19 153 177 53 181 29 197 698 127
164 110 100 135 168 174 123 124 0 171 178 32 54 121 162 118 148 190 119 138 645 136
57 148 90 50 53 55 161 162 171 0 58 163 185 159 42 225 186 70 158 244 746 49
64 156 97 57 60 62 169 169 178 58 0 170 192 166 50 232 194 76 165 251 753 56
157 102 92 128 160 166 115 116 32 163 170 0 46 113 154 110 140 182 112 130 637 128
178 124 114 149 182 188 137 138 54 185 192 46 0 135 176 132 162 204 133 152 659 150
153 34 89 124 156 162 28 19 121 159 166 113 135 0 150 175 55 178 31 194 696 125
48 140 81 41 44 46 152 153 162 42 50 154 176 150 0 216 178 62 149 235 737 40
218 164 154 189 222 228 177 177 118 225 232 110 132 175 216 0 202 244 173 110 699 190
180 68 116 151 184 190 61 53 148 186 194 140 162 55 178 202 0 206 64 222 723 152
76 168 109 69 72 74 181 181 190 70 76 182 204 178 62 244 206 0 177 264 765 68
151 44 87 122 155 161 37 29 119 158 165 112 133 31 149 173 64 177 0 193 694 123
238 184 174 209 241 248 197 197 138 244 251 130 152 194 235 110 222 264 193 0 719 210
739 685 675 710 743 749 698 698 645 746 753 637 659 696 737 699 723 765 694 719 0 711
55 114 63 48 51 53 127 127 136 49 56 128 150 125 40 190 152 68 123 210 711 0
EOF