NAME : tsp_problem
TYPE : TSP
DIMENSION : 56
EDGE_WEIGHT_TYPE : EXPLICIT
EDGE_WEIGHT_FORMAT : FULL_MATRIX
EDGE_WEIGHT_SECTION
0 79 265 299 81 102 679 654 81 166 227 658 65 96 56 117 2188 127 615 168 441 57 68 169 163 129 60 220 134 152 252 128 148 56 288 168 303 146 2027 251 188 522 693 171 69 49 1930 291 2479 86 636 107 1013 56 265 82
79 0 279 313 71 77 693 669 56 180 241 672 77 111 70 131 2203 141 629 182 455 71 82 183 177 143 74 234 148 166 266 142 162 70 302 182 317 160 2041 265 202 536 707 185 83 63 1944 305 2493 61 650 121 1027 70 279 96
265 279 0 216 281 313 659 635 303 209 120 638 266 188 256 201 2169 170 595 211 422 223 220 212 247 172 256 91 177 195 117 212 190 224 205 211 220 189 2007 139 162 503 673 214 270 249 1910 208 2459 298 616 173 993 256 88 198
299 313 216 0 315 347 694 669 338 243 178 673 300 222 291 235 2203 204 629 245 456 257 254 246 281 206 290 171 211 229 203 246 225 258 119 245 111 223 2042 202 197 537 707 248 304 284 1944 119 2493 333 650 207 1028 290 217 233
81 71 281 315 0 78 695 670 57 182 243 674 79 112 72 133 2204 143 631 184 457 73 84 185 179 145 76 235 150 168 268 144 164 72 303 184 319 162 2043 267 204 538 709 187 85 65 1945 307 2495 62 652 123 1029 71 281 98
102 77 313 347 78 0 727 702 63 214 275 706 84 144 104 165 2236 175 663 216 489 105 116 217 211 177 108 267 182 200 300 176 196 104 335 216 351 194 2075 299 236 570 741 219 94 97 1977 339 2527 68 684 155 1061 103 313 130
679 693 659 694 695 727 0 174 717 623 621 90 680 602 670 615 1855 584 133 625 333 637 633 626 661 585 670 614 591 609 646 626 604 638 682 625 697 603 1694 645 582 179 141 628 684 663 1596 685 2146 712 175 587 1198 670 660 612
654 669 635 669 670 702 174 0 693 598 597 111 655 577 646 590 1876 559 129 600 309 612 609 601 636 561 645 589 566 584 621 601 580 613 657 600 672 578 1715 621 558 155 162 603 659 639 1617 660 2167 688 150 562 1174 645 635 588
81 56 303 338 57 63 717 693 0 204 265 696 63 135 94 155 2227 165 653 206 480 95 106 208 201 167 98 258 173 190 290 166 186 94 326 207 341 184 2065 289 226 561 731 210 73 84 1968 329 2517 47 674 145 1051 94 304 120
166 180 209 243 182 214 623 598 204 0 170 601 166 89 157 101 2132 62 558 28 385 124 120 26 147 60 156 163 67 51 195 112 55 125 231 19 246 42 1971 194 131 466 636 25 170 150 1873 234 2422 199 579 74 957 157 209 99
227 241 120 178 243 275 621 597 265 170 0 600 227 150 218 162 2131 131 557 173 383 185 181 174 208 133 217 74 139 156 106 174 152 186 167 173 182 150 1969 105 124 464 635 176 231 211 1872 170 2421 260 578 135 955 218 120 160
658 672 638 673 674 706 90 111 696 601 600 0 659 581 649 593 1792 563 70 604 312 616 612 605 639 564 649 593 570 587 625 605 583 617 661 604 676 582 1630 624 561 158 78 607 663 642 1533 664 2082 691 126 566 1177 649 638 591
65 77 266 300 79 84 680 655 63 166 227 659 0 97 57 117 2189 127 615 169 442 57 68 170 163 129 60 220 135 152 252 129 148 56 288 169 303 146 2028 251 188 523 693 172 70 50 1930 291 2479 68 636 108 1014 56 266 83
96 111 188 222 112 144 602 577 135 89 150 581 97 0 88 40 2111 50 538 91 364 62 59 92 86 52 91 142 57 75 175 51 71 63 210 91 226 69 1950 174 111 445 616 94 101 81 1852 214 2402 130 559 30 936 87 188 38
56 70 256 291 72 104 670 646 94 157 218 649 57 88 0 108 2180 118 606 159 433 48 59 161 154 120 51 211 126 143 243 119 139 47 279 160 294 137 2018 242 179 514 684 163 61 40 1921 282 2470 89 627 98 1004 47 257 73
117 131 201 235 133 165 615 590 155 101 162 593 117 40 108 0 2124 62 550 103 377 75 71 105 52 64 107 155 70 87 187 17 83 76 223 104 238 81 1963 186 123 458 628 107 121 101 1865 226 2414 150 571 43 948 108 201 50
2191 2205 2171 2206 2207 2239 1858 1879 2229 2134 2133 1794 2192 2114 2182 2126 0 2096 1838 2137 1976 2149 2145 2138 2172 2097 2182 2126 2103 2120 2158 2138 2116 2150 2194 2137 2209 2115 212 2157 2094 1945 1846 2140 2196 2175 445 2197 414 2224 1894 2099 2710 2182 2171 2124
127 141 170 204 143 175 584 559 165 62 131 563 127 50 118 62 2093 0 520 68 346 85 81 67 108 33 117 124 39 56 156 74 52 86 192 60 207 51 1932 156 93 427 597 65 132 111 1834 195 2383 160 540 35 918 118 170 60
615 629 595 629 631 663 133 129 653 558 557 70 615 538 606 550 1835 520 0 561 269 573 569 562 596 521 605 550 527 544 582 562 540 574 618 561 633 538 1674 581 518 115 121 564 619 599 1576 621 2126 648 111 523 1134 606 595 548
168 182 211 245 184 216 625 600 206 28 173 604 169 91 159 103 2134 68 561 0 387 126 122 33 149 67 159 165 73 57 197 115 61 127 233 26 248 49 1973 197 134 468 638 31 173 152 1875 236 2424 201 581 76 959 159 211 101
441 455 422 456 457 489 333 309 480 385 383 312 442 364 433 377 1973 346 269 387 0 399 396 388 423 348 432 376 353 371 408 388 367 400 444 387 459 365 1812 407 344 163 347 390 446 426 1714 447 2264 475 290 349 961 432 422 375
57 71 223 257 73 105 637 612 95 124 185 616 57 62 48 75 2146 85 573 126 399 0 60 127 121 87 52 177 92 110 210 86 106 48 245 126 261 104 1985 209 146 480 651 129 61 41 1888 249 2437 90 594 65 971 48 223 73
68 82 220 254 84 116 633 609 106 120 181 612 68 59 59 71 2143 81 569 122 396 60 0 124 117 83 63 174 89 106 206 82 102 59 242 123 257 100 1982 205 142 477 647 126 73 52 1884 245 2433 101 590 62 967 59 220 69
169 183 212 246 185 217 626 601 208 26 174 605 170 92 161 105 2135 67 562 33 388 127 124 0 151 66 160 166 72 56 199 116 60 128 235 24 250 47 1974 198 135 469 640 30 174 154 1877 238 2426 203 583 77 960 160 212 103
163 177 247 281 179 211 661 636 201 147 208 639 163 86 154 52 2170 108 596 149 423 121 117 151 0 110 153 201 116 133 233 63 129 122 269 150 284 127 2009 232 169 504 674 153 167 147 1911 272 2460 196 617 89 994 154 247 96
129 143 172 206 145 177 585 561 167 60 133 564 129 52 120 64 2095 33 521 67 348 87 83 66 110 0 119 126 41 58 158 75 54 88 194 58 209 52 1933 157 94 429 599 64 133 113 1836 197 2385 162 542 37 919 120 172 62
60 74 256 290 76 108 670 645 98 156 217 649 60 91 51 107 2179 117 605 159 432 52 63 160 153 119 0 210 125 142 242 118 138 51 278 159 293 136 2018 241 178 513 683 162 64 44 1920 281 2469 93 626 98 1004 51 256 77
220 234 91 171 235 267 614 589 258 163 74 593 220 142 211 155 2123 124 550 165 376 177 174 166 201 126 210 0 131 149 99 166 145 178 159 166 174 143 1962 98 117 457 627 168 224 204 1864 162 2414 253 570 127 948 210 92 153
134 148 177 211 150 182 591 566 173 67 139 570 135 57 126 70 2100 39 527 73 353 92 89 72 116 41 125 131 0 64 164 81 60 93 199 65 215 58 1939 163 100 434 605 70 139 119 1841 203 2391 168 548 42 925 125 177 68
152 166 195 229 168 200 609 584 190 51 156 587 152 75 143 87 2118 56 544 57 371 110 106 56 133 58 142 149 64 0 181 98 77 111 217 49 232 72 1957 180 117 452 622 54 156 136 1859 220 2408 185 565 60 942 143 195 85
252 266 117 203 268 300 646 621 290 195 106 625 252 175 243 187 2155 156 582 197 408 210 206 199 233 158 242 99 164 181 0 198 177 211 191 198 206 175 1994 130 149 489 660 201 256 236 1897 195 2446 285 603 160 980 243 117 185
128 142 212 246 144 176 626 601 166 112 174 605 129 51 119 17 2135 74 562 115 388 86 82 116 63 75 118 166 81 98 198 0 94 87 234 115 249 93 1974 198 135 469 639 118 133 112 1876 237 2425 161 582 54 960 119 212 61
148 162 190 225 164 196 604 580 186 55 152 583 148 71 139 83 2114 52 540 61 367 106 102 60 129 54 138 145 60 77 177 94 0 107 213 53 228 71 1952 176 113 448 618 58 152 132 1855 216 2404 181 561 56 938 139 191 81
56 70 224 258 72 104 638 613 94 125 186 617 56 63 47 76 2147 86 574 127 400 48 59 128 122 88 51 178 93 111 211 87 107 0 246 127 262 105 1986 210 147 481 652 130 60 40 1888 250 2438 89 595 66 972 47 224 73
288 302 205 119 303 335 682 657 326 231 167 661 288 210 279 223 2191 192 618 233 444 245 242 235 269 194 278 159 199 217 191 234 213 246 0 234 122 211 2030 191 185 525 696 236 292 272 1932 110 2482 321 639 195 1016 278 205 221
168 182 211 245 184 216 625 600 207 19 173 604 169 91 160 104 2135 60 561 26 387 126 123 24 150 58 159 166 65 49 198 115 53 127 234 0 249 40 1973 197 134 468 639 23 173 153 1876 237 2425 202 582 76 959 159 211 102
303 317 220 111 319 351 697 672 341 246 182 676 303 226 294 238 2206 207 633 248 459 261 257 250 284 209 293 174 215 232 206 249 228 262 122 249 0 226 2045 206 200 540 711 252 307 287 1947 119 2497 336 654 211 1031 294 220 236
146 160 189 223 162 194 603 578 184 42 150 582 146 69 137 81 2112 51 538 49 365 104 100 47 127 52 136 143 58 72 175 93 71 105 211 40 226 0 1951 175 112 446 616 46 151 130 1853 214 2402 179 559 54 937 137 189 79
2030 2044 2010 2044 2046 2077 1696 1717 2068 1973 1972 1633 2030 1952 2021 1965 212 1934 1677 1975 1814 1988 1984 1977 2011 1936 2020 1964 1942 1959 1997 1976 1955 1988 2032 1976 2047 1953 0 1996 1933 1783 1684 1978 2034 2014 283 2036 502 2063 1733 1938 2549 2021 2010 1963
251 265 139 202 267 299 645 621 289 194 105 624 251 174 242 186 2155 156 581 197 407 209 205 198 232 157 241 98 163 180 130 198 176 210 191 197 206 175 1993 0 148 488 659 200 255 235 1896 194 2445 284 602 159 979 242 139 184
188 202 162 197 204 236 582 558 226 131 124 561 188 111 179 123 2092 93 518 134 344 146 142 135 169 94 178 117 100 117 149 135 113 147 185 134 200 112 1930 148 0 425 596 137 193 172 1833 188 2382 221 539 96 916 179 163 121
522 536 503 537 538 570 179 155 561 466 464 158 523 445 514 458 1942 427 115 468 163 480 477 469 504 429 513 457 434 452 489 469 448 481 525 468 540 446 1781 488 425 0 193 471 527 507 1683 528 2233 556 136 430 1042 513 503 456
693 707 673 707 709 741 141 162 731 636 635 78 693 616 684 628 1843 597 121 638 347 651 647 640 674 599 683 627 605 622 660 639 618 652 696 639 711 616 1682 659 596 193 0 642 697 677 1584 699 2134 726 178 601 1212 684 673 626
171 185 214 248 187 219 628 603 210 25 176 607 172 94 163 107 2137 65 564 31 390 129 126 30 153 64 162 168 70 54 201 118 58 130 236 23 252 46 1976 200 137 471 642 0 176 156 1878 240 2428 205 585 79 962 162 214 105
69 83 270 304 85 94 684 659 73 170 231 663 70 101 61 121 2193 132 619 173 446 61 73 174 167 133 64 224 139 156 256 133 152 60 292 173 307 151 2032 255 193 527 697 176 0 54 1934 295 2483 78 640 112 1018 60 270 87
49 63 249 284 65 97 663 639 84 150 211 642 50 81 40 101 2173 111 599 152 426 41 52 154 147 113 44 204 119 136 236 112 132 40 272 153 287 130 2011 235 172 507 677 156 54 0 1914 275 2463 82 620 91 997 40 250 66
1932 1946 1912 1947 1948 1980 1599 1620 1970 1876 1874 1535 1933 1855 1923 1868 445 1837 1579 1878 1717 1890 1887 1879 1914 1839 1923 1867 1844 1862 1899 1879 1857 1891 1935 1878 1950 1856 283 1898 1835 1686 1587 1881 1937 1916 0 1938 735 1965 1636 1840 2452 1923 1913 1865
291 305 208 119 307 339 685 660 329 234 170 664 291 214 282 226 2195 195 621 236 447 249 245 238 272 197 281 162 203 220 195 237 216 250 110 237 119 214 2033 194 188 528 699 240 295 275 1936 0 2485 324 642 199 1019 282 208 224
2481 2495 2462 2496 2497 2529 2148 2169 2520 2425 2423 2085 2482 2404 2473 2417 414 2386 2128 2427 2266 2439 2436 2428 2463 2388 2472 2416 2393 2411 2448 2428 2407 2440 2484 2427 2499 2405 502 2447 2385 2235 2136 2430 2486 2466 735 2487 0 2515 2185 2389 3001 2472 2462 2415
86 61 298 333 62 68 712 688 47 199 260 691 68 130 89 150 2222 160 648 201 475 90 101 203 196 162 93 253 168 185 285 161 181 89 321 202 336 179 2060 284 221 556 726 205 78 82 1963 324 2512 0 669 140 1046 89 299 115
636 650 616 650 652 684 175 150 674 579 578 126 636 559 627 571 1892 540 111 581 290 594 590 583 617 542 626 570 548 565 603 582 561 595 639 582 654 559 1731 602 539 136 178 585 640 620 1633 642 2182 669 0 544 1155 627 616 569
107 121 173 207 123 155 587 562 145 74 135 566 108 30 98 43 2096 35 523 76 349 65 62 77 89 37 98 127 42 60 160 54 56 66 195 76 211 54 1935 159 96 430 601 79 112 91 1837 199 2387 140 544 0 921 98 173 40
1033 1047 1013 1047 1049 1081 1197 1172 1071 976 975 1176 1033 956 1024 968 2706 937 1133 978 959 991 987 980 1014 939 1023 967 945 962 1000 979 958 992 1036 979 1051 956 2545 999 936 1040 1210 982 1037 1017 2447 1039 2996 1066 1153 941 0 1024 1013 966
56 70 256 290 71 103 670 645 94 157 218 649 56 87 47 108 2179 118 606 159 432 48 59 160 154 120 51 210 125 143 243 119 139 47 278 159 294 137 2018 242 179 513 684 162 60 40 1920 282 2470 89 627 98 1004 0 256 73
265 279 88 217 281 313 660 635 304 209 120 638 266 188 257 201 2169 170 595 211 422 223 220 212 247 172 256 92 177 195 117 212 191 224 205 211 220 189 2008 139 163 503 673 214 270 250 1910 208 2459 299 616 173 993 256 0 199
82 96 198 233 98 130 612 588 120 99 160 591 83 38 73 50 2122 60 548 101 375 73 69 103 96 62 77 153 68 85 185 61 81 73 221 102 236 79 1960 184 121 456 626 105 87 66 1863 224 2412 115 569 40 946 73 199 0
EOF