NAME : tsp_problem
TYPE : TSP
DIMENSION : 78
EDGE_WEIGHT_TYPE : EXPLICIT
EDGE_WEIGHT_FORMAT : FULL_MATRIX
EDGE_WEIGHT_SECTION
0 59 304 649 95 105 152 73 160 61 147 76 245 595 645 164 92 275 136 280 70 151 182 270 1931 65 300 232 190 80 955 65 151 221 170 176 1961 211 160 244 266 140 638 86 171 137 2190 662 169 142 1761 958 57 207 60 153 156 2071 291 588 294 668 160 546 597 83 88 149 69 71 292 71 631 159 193 192 674 67
59 0 296 641 87 97 144 65 152 53 139 68 237 587 637 156 84 267 128 272 62 143 174 262 1923 58 293 225 182 72 947 57 143 213 162 168 1953 203 152 236 258 132 630 78 163 129 2182 654 161 134 1753 950 49 199 53 145 148 2063 283 580 286 660 152 538 589 75 80 141 62 63 284 63 623 151 185 184 666 59
304 296 0 666 224 209 231 310 239 293 226 313 198 612 661 243 222 229 256 113 307 230 193 223 1947 302 111 186 269 234 972 290 271 175 249 255 1977 164 280 198 220 260 654 237 182 216 2206 678 248 221 1778 975 294 160 297 232 235 2087 103 605 101 684 239 563 614 236 238 228 306 308 119 308 648 238 204 271 691 256
649 641 666 0 569 554 577 655 585 639 572 658 607 748 211 588 568 638 602 642 652 576 544 632 1622 648 663 595 615 580 647 635 616 583 594 601 1652 573 626 607 628 605 137 583 533 562 1881 169 594 567 1453 650 639 569 643 578 580 1762 653 741 656 175 585 127 751 581 584 573 652 653 654 653 138 583 555 617 181 601
95 87 224 569 0 25 72 101 80 89 67 104 165 515 565 83 22 195 56 200 98 71 102 189 1851 93 220 152 110 34 875 89 71 141 89 96 1881 131 80 164 186 60 558 37 91 57 2110 582 89 62 1681 878 85 127 88 73 76 1990 210 508 214 588 80 466 517 36 38 69 97 99 212 99 551 78 113 112 594 56
105 97 209 554 25 0 57 111 65 94 52 114 150 500 549 68 23 180 58 185 108 56 87 174 1835 104 205 137 95 36 860 91 72 126 74 81 1865 116 82 149 171 61 542 38 75 42 2094 566 74 47 1666 863 95 112 99 58 60 1975 195 493 198 572 65 451 502 37 40 54 108 109 197 109 536 63 97 97 579 57
152 144 231 577 72 57 0 158 47 141 59 161 172 522 572 52 70 203 105 207 155 64 109 197 1858 151 228 160 75 83 883 138 119 149 36 46 1888 138 129 172 194 108 565 85 98 64 2117 589 44 63 1689 886 142 134 146 67 60 1998 218 515 221 595 56 474 525 84 87 71 155 156 219 156 558 63 120 74 602 104
73 65 310 655 101 111 158 0 166 67 153 74 251 601 651 170 98 281 142 286 76 157 188 275 1937 71 306 238 196 86 961 71 157 227 176 182 1967 217 166 250 272 146 644 92 177 143 2196 668 175 148 1767 964 63 213 66 159 162 2077 297 594 300 674 166 552 603 89 94 155 75 77 298 77 637 164 199 198 680 73
160 152 239 585 80 65 47 166 0 149 52 169 180 530 580 45 78 211 113 215 163 57 117 205 1866 158 236 168 68 91 891 146 127 157 29 39 1896 146 137 180 202 116 573 93 106 60 2125 597 37 56 1697 893 150 142 153 60 53 2006 226 523 229 603 49 482 533 92 95 64 162 164 227 164 566 56 128 67 609 112
61 53 293 639 89 94 141 67 149 0 136 70 234 584 634 153 86 265 126 269 64 140 171 259 1920 59 290 222 180 73 945 59 140 211 159 165 1950 200 150 234 256 129 627 80 160 126 2179 651 159 131 1751 947 51 196 54 142 145 2060 280 577 283 657 149 536 587 77 82 138 63 65 281 65 620 148 182 181 663 61
147 139 226 572 67 52 59 153 52 136 0 156 167 517 567 57 65 198 100 202 150 69 104 192 1853 146 223 155 79 78 878 133 114 144 40 50 1883 133 124 167 189 103 560 80 93 59 2112 584 49 65 1684 880 137 129 141 72 64 1993 213 510 216 590 60 469 520 79 82 71 150 151 214 151 553 67 115 78 596 99
76 68 313 658 104 114 161 74 169 70 156 0 254 604 654 173 101 284 145 289 79 160 191 279 1940 75 310 242 199 89 964 74 160 230 179 185 1970 220 169 253 275 149 647 95 180 146 2199 671 178 151 1770 967 66 216 69 162 165 2080 300 597 303 677 169 555 606 92 97 158 78 80 301 80 640 168 202 201 683 76
245 237 198 607 165 150 172 251 180 234 167 254 0 553 602 184 163 120 197 174 248 171 134 140 1888 243 195 103 211 175 913 231 212 91 190 196 1918 81 222 114 111 201 595 178 123 157 2147 619 189 162 1719 916 235 77 238 173 176 2028 185 546 188 625 180 504 555 177 179 169 247 249 187 249 589 179 145 212 632 197
595 588 612 727 515 500 523 601 531 585 518 605 553 0 723 534 514 584 548 588 598 522 490 578 2009 594 609 541 561 526 1033 581 562 530 540 547 2039 519 572 553 575 552 716 529 479 508 2268 740 540 513 1839 1036 585 515 589 524 526 2149 599 125 602 746 531 624 134 528 530 520 598 599 600 600 709 529 501 563 752 547
645 637 661 211 565 549 572 651 580 634 567 654 602 744 0 584 563 633 597 637 647 571 540 627 1498 643 658 590 610 575 523 630 612 579 590 596 1528 568 621 602 624 601 143 578 528 557 1757 201 589 562 1329 526 634 564 638 573 576 1638 648 737 651 195 580 251 746 577 579 569 647 649 650 649 228 578 550 612 190 597
164 156 243 588 83 68 52 170 45 153 57 173 184 534 584 0 82 214 116 219 166 62 121 208 1870 162 239 171 73 94 894 149 130 160 34 44 1899 150 140 183 205 120 576 97 110 65 2128 600 42 61 1700 897 153 146 157 65 58 2009 229 527 233 606 54 485 536 96 98 69 166 167 231 168 570 61 132 72 613 116
92 84 222 568 22 23 70 98 78 86 65 101 163 513 563 82 0 194 54 198 95 69 100 188 1849 90 219 151 109 32 874 88 69 140 88 94 1879 129 79 163 184 58 556 35 89 55 2108 580 87 60 1679 876 82 125 85 71 74 1989 209 506 212 586 78 464 515 34 36 67 94 96 210 96 549 77 111 110 592 54
275 267 229 638 195 180 203 281 211 265 198 284 120 583 633 214 194 0 228 205 278 202 164 139 1919 274 226 132 241 206 944 261 242 122 220 227 1949 111 252 142 97 232 626 209 153 188 2178 650 220 193 1749 946 265 107 269 204 206 2059 216 576 219 656 211 534 585 207 210 200 278 279 217 280 619 209 175 243 662 227
136 128 256 602 56 58 105 142 113 126 100 145 197 547 597 116 54 228 0 232 139 104 135 222 1883 135 253 185 143 67 908 122 57 174 122 128 1913 163 67 197 219 46 590 70 123 90 2142 614 122 95 1714 911 126 159 130 106 108 2023 243 540 246 620 113 499 550 68 71 101 139 140 245 140 583 111 145 145 627 88
280 272 113 642 200 185 207 286 215 269 202 289 174 588 637 219 198 205 232 0 283 206 169 199 1923 278 110 162 246 210 948 266 247 151 225 231 1953 140 256 174 196 236 630 213 158 192 2182 654 224 197 1754 951 270 136 273 208 211 2063 100 581 103 660 215 539 590 212 214 204 282 284 102 284 624 214 180 247 667 232
70 62 307 652 98 108 155 76 163 64 150 79 248 598 647 166 95 278 139 283 0 154 185 272 1933 68 303 235 193 82 958 67 153 224 172 179 1963 213 163 247 269 143 640 89 173 140 2192 664 172 145 1764 961 59 209 63 156 158 2073 293 591 296 670 163 549 600 86 91 152 72 74 295 74 634 161 195 195 677 69
151 143 230 576 71 56 64 157 57 140 69 160 171 521 571 62 69 202 104 206 154 0 108 196 1857 149 227 159 85 81 882 137 118 148 46 56 1887 137 128 171 193 107 564 84 97 63 2116 588 54 68 1687 884 141 133 144 77 70 1997 217 514 220 594 66 472 523 83 85 75 153 155 218 155 557 73 119 84 600 103
182 174 193 544 102 87 109 188 117 171 104 191 134 490 540 121 100 164 135 169 185 108 0 159 1826 180 190 122 148 112 850 168 149 110 127 133 1856 100 159 133 155 138 533 115 35 94 2085 557 126 99 1656 853 172 96 175 110 113 1965 180 483 183 562 117 441 492 114 116 106 184 186 181 186 526 116 57 149 569 134
270 262 223 632 189 174 197 275 205 259 192 279 140 577 627 208 188 139 222 199 272 196 159 0 1913 268 220 127 235 200 938 255 236 116 214 221 1943 105 246 139 130 226 620 203 147 182 2172 644 214 187 1744 940 259 101 263 198 201 2053 210 570 213 650 205 529 580 202 204 194 272 273 211 274 613 203 169 237 656 221
1933 1925 1950 1625 1853 1838 1861 1939 1869 1923 1856 1942 1891 2032 1501 1872 1851 1922 1886 1926 1936 1860 1828 1916 0 1932 1947 1879 1899 1864 1641 1919 1900 1867 1878 1884 90 1857 1910 1891 1912 1889 1557 1867 1817 1846 445 1614 1878 1851 230 1644 1923 1853 1927 1862 1864 326 1937 2025 1940 1609 1869 1664 2034 1865 1868 1857 1936 1937 1938 1937 1641 1867 1839 1901 1604 1885
65 58 302 648 93 104 151 71 158 59 146 75 243 593 643 162 90 274 135 278 68 149 180 268 1929 0 299 231 189 78 954 63 149 220 168 174 1959 209 159 243 265 138 636 84 169 135 2188 660 168 141 1760 957 55 205 59 151 154 2069 289 586 292 666 158 545 596 82 87 147 68 69 290 70 629 157 191 190 673 65
300 293 111 663 220 205 228 306 236 290 223 310 195 608 658 239 219 226 253 110 303 227 190 220 1944 299 0 183 266 231 969 286 267 171 245 252 1974 161 277 195 216 257 651 234 178 213 2203 675 245 218 1775 971 290 157 294 229 231 2084 103 601 100 681 236 560 611 233 235 225 303 304 119 305 644 234 200 268 687 252
232 225 186 595 152 137 160 238 168 222 155 242 103 540 590 171 151 132 185 162 235 159 122 127 1876 231 183 0 198 163 901 218 199 79 177 184 1906 68 209 102 123 189 583 166 110 145 2135 607 177 150 1707 903 222 64 226 161 163 2016 173 533 176 613 168 492 543 165 167 157 235 236 174 237 576 166 132 200 619 184
190 182 269 615 110 95 75 196 68 180 79 199 211 561 610 73 109 241 143 246 193 85 148 235 1896 189 266 198 0 121 921 176 157 187 56 67 1926 176 167 210 232 147 603 124 136 88 2155 627 65 84 1727 924 180 172 184 88 80 2036 256 554 259 633 76 512 563 122 125 92 193 194 258 195 597 84 158 94 640 142
80 72 234 580 34 36 83 86 91 73 78 89 175 525 575 94 32 206 67 210 82 81 112 200 1861 78 231 163 121 0 886 77 81 152 100 106 1891 141 91 175 197 70 568 47 101 67 2120 592 100 73 1692 889 69 137 73 83 86 2001 221 518 224 598 90 477 528 46 49 79 82 84 222 84 561 89 123 122 605 66
955 947 972 647 875 860 883 961 891 945 878 964 913 1054 523 894 874 944 908 948 958 882 850 938 1638 954 969 901 921 886 0 941 922 890 900 907 1668 879 932 913 935 912 579 889 839 868 1897 636 900 873 1469 146 945 875 949 884 886 1778 959 1047 962 631 891 686 1057 887 890 880 958 959 960 960 663 889 861 923 626 907
65 57 290 635 89 91 138 71 146 59 133 74 231 581 630 149 88 261 122 266 67 137 168 255 1916 63 286 218 176 77 941 0 136 207 155 162 1946 197 146 230 252 126 623 84 157 123 2175 647 155 128 1747 944 54 193 58 139 141 2056 276 574 279 653 146 532 583 81 86 135 67 69 278 69 617 144 178 178 660 64
151 143 271 616 71 72 119 157 127 140 114 160 212 562 612 130 69 242 57 247 153 118 149 236 1898 149 267 199 157 81 922 136 0 188 137 143 1928 178 81 211 233 61 605 84 138 104 2157 629 136 109 1728 925 140 174 144 120 123 2038 258 555 261 635 127 513 564 83 85 116 153 155 259 155 598 125 160 159 641 103
221 213 175 583 141 126 149 227 157 211 144 230 91 529 579 160 140 122 174 151 224 148 110 116 1865 220 171 79 187 152 890 207 188 0 166 173 1895 57 198 91 113 177 572 155 99 134 2124 596 166 139 1695 892 211 53 215 150 152 2005 162 522 165 602 157 480 531 153 156 145 224 225 163 225 565 155 121 189 608 173
170 162 249 594 89 74 36 176 29 159 40 179 190 540 590 34 88 220 122 225 172 46 127 214 1876 168 245 177 56 100 900 155 137 166 0 27 1905 156 146 189 211 126 583 103 116 49 2135 606 26 44 1706 903 159 152 163 49 41 2015 235 533 239 612 37 491 542 102 104 53 172 173 237 174 576 44 138 55 619 122
176 168 255 601 96 81 46 182 39 165 50 185 196 546 596 44 94 227 128 231 179 56 133 221 1882 174 252 184 67 106 907 162 143 173 27 0 1912 162 153 196 217 132 589 109 122 59 2141 613 36 55 1712 909 166 158 169 59 51 2022 242 539 245 619 47 497 548 108 110 63 178 180 243 180 582 55 144 65 625 128
1963 1955 1980 1655 1883 1868 1891 1969 1898 1952 1886 1972 1921 2062 1531 1902 1881 1951 1916 1956 1966 1889 1858 1946 90 1962 1976 1908 1929 1894 1671 1949 1930 1897 1908 1914 0 1887 1940 1920 1942 1919 1587 1896 1847 1875 475 1644 1908 1881 259 1673 1953 1883 1957 1891 1894 356 1967 2055 1970 1639 1898 1694 2064 1895 1898 1887 1966 1967 1968 1967 1671 1897 1869 1930 1634 1915
211 203 164 573 131 116 138 217 146 200 133 220 81 518 568 150 129 111 163 140 213 137 100 105 1854 209 161 68 176 141 879 197 178 57 156 162 1884 0 187 80 102 167 561 144 89 123 2113 585 155 128 1685 882 201 43 204 139 142 1994 151 512 154 591 146 470 521 143 145 135 213 215 153 215 554 145 111 178 598 163
160 152 280 626 80 82 129 166 137 150 124 169 222 571 621 140 79 252 67 256 163 128 159 246 1907 159 277 209 167 91 932 146 81 198 146 153 1937 187 0 221 243 70 614 94 147 114 2166 638 146 119 1738 935 150 183 154 130 132 2047 267 565 270 644 137 523 574 92 95 125 163 164 269 165 607 135 169 169 651 112
244 236 198 607 164 149 172 250 180 234 167 253 114 552 602 183 163 142 197 174 247 171 133 139 1888 243 195 102 210 175 913 230 211 91 189 196 1918 80 221 0 133 201 595 178 122 157 2147 619 189 162 1718 915 234 76 238 173 175 2028 185 545 188 625 180 503 554 176 179 168 247 248 186 249 588 178 144 212 631 196
266 258 220 628 186 171 194 272 202 256 189 275 111 574 624 205 184 97 219 196 269 193 155 130 1910 265 216 123 232 197 935 252 233 113 211 217 1940 102 243 133 0 222 617 200 144 179 2169 641 211 184 1740 937 256 98 260 195 197 2050 207 567 210 647 201 525 576 198 201 190 269 270 208 270 610 200 166 234 653 218
140 132 260 605 60 61 108 146 116 129 103 149 201 551 601 120 58 232 46 236 143 107 138 226 1887 138 257 189 147 70 912 126 61 177 126 132 1917 167 70 201 222 0 594 73 127 93 2146 618 125 98 1717 914 130 163 133 109 112 2027 247 544 250 624 116 502 553 72 74 105 142 144 248 144 587 115 149 148 630 92
638 630 654 137 558 542 565 644 573 627 560 647 595 737 143 576 556 626 590 630 640 564 533 620 1554 636 651 583 603 568 579 623 605 572 583 589 1584 561 614 595 617 594 0 571 521 550 1813 126 582 555 1385 581 627 557 631 566 569 1694 641 730 644 121 573 115 739 570 572 562 640 642 643 642 126 571 543 605 116 590
86 78 237 583 37 38 85 92 93 80 80 95 178 528 578 97 35 209 70 213 89 84 115 203 1864 84 234 166 124 47 889 84 84 155 103 109 1894 144 94 178 200 73 571 0 104 70 2123 595 102 75 1694 891 76 140 79 86 89 2004 224 521 227 601 93 479 530 49 51 82 88 90 225 90 564 92 126 125 607 69
171 163 182 533 91 75 98 177 106 160 93 180 123 478 528 110 89 153 123 158 173 97 35 147 1814 169 178 110 136 101 839 157 138 99 116 122 1844 89 147 122 144 127 521 104 0 83 2073 545 115 88 1645 842 161 85 164 99 102 1954 168 472 172 551 106 430 481 103 105 95 173 175 170 175 514 105 46 138 558 123
137 129 216 562 57 42 64 143 60 126 59 146 157 507 557 65 55 188 90 192 140 63 94 182 1843 135 213 145 88 67 868 123 104 134 49 59 1873 123 114 157 179 93 550 70 83 0 2102 574 57 54 1674 870 127 119 130 65 68 1983 203 500 206 580 69 459 509 69 71 61 139 141 204 141 543 71 105 87 586 89
2192 2184 2209 1884 2112 2097 2120 2198 2128 2182 2115 2201 2150 2291 1760 2131 2110 2180 2145 2185 2195 2118 2087 2175 445 2191 2206 2138 2158 2123 1900 2178 2159 2126 2137 2143 475 2116 2169 2149 2171 2148 1816 2125 2076 2104 0 1873 2137 2110 489 1902 2182 2112 2186 2120 2123 176 2196 2284 2199 1868 2127 1923 2293 2124 2127 2116 2195 2196 2197 2196 1900 2126 2098 2159 1863 2144
662 654 678 169 582 566 589 668 597 651 584 671 619 761 201 600 580 650 614 654 664 588 557 644 1612 660 675 607 627 592 636 647 629 596 606 613 1642 585 638 619 641 618 126 595 545 574 1871 0 606 579 1442 639 651 581 655 590 593 1752 665 754 668 179 597 139 763 594 596 586 664 666 667 666 150 595 567 629 174 614
169 161 248 594 89 74 44 175 37 159 49 178 189 539 589 42 87 220 122 224 172 54 126 214 1875 168 245 177 65 100 900 155 136 166 26 36 1905 155 146 189 211 125 582 102 115 57 2134 606 0 53 1706 903 159 151 163 57 50 2015 235 532 238 612 46 491 542 101 104 61 172 173 236 173 575 53 137 64 619 121
142 134 221 567 62 47 63 148 56 131 65 151 162 512 562 61 60 193 95 197 145 68 99 187 1848 141 218 150 84 73 873 128 109 139 44 55 1878 128 119 162 184 98 555 75 88 54 2107 579 53 0 1679 876 132 124 136 70 68 1988 208 505 211 585 64 464 515 74 77 66 145 146 209 146 548 72 110 82 592 94
1764 1756 1780 1455 1684 1668 1691 1770 1699 1753 1686 1773 1721 1863 1331 1703 1682 1752 1716 1756 1766 1690 1659 1746 230 1762 1777 1709 1729 1694 1471 1749 1731 1698 1709 1715 259 1687 1740 1721 1743 1720 1387 1697 1647 1676 489 1445 1708 1681 0 1474 1753 1683 1757 1692 1695 369 1767 1856 1770 1440 1699 1495 1865 1696 1698 1688 1766 1768 1769 1768 1472 1698 1669 1731 1434 1716
958 950 975 650 878 863 886 964 893 947 880 967 916 1057 526 897 876 946 911 951 961 884 853 940 1641 957 971 903 924 889 146 944 925 892 903 909 1671 882 935 915 937 914 581 891 842 870 1900 639 903 876 1472 0 948 878 952 886 889 1781 962 1050 965 634 893 689 1059 890 893 882 961 962 963 962 666 892 864 925 629 910
57 49 294 639 85 95 142 63 150 51 137 66 235 585 634 153 82 265 126 270 59 141 172 259 1920 55 290 222 180 69 945 54 140 211 159 166 1950 201 150 234 256 130 627 76 161 127 2179 651 159 132 1751 948 0 197 50 143 145 2060 280 578 283 657 150 536 587 73 78 139 59 61 282 61 621 148 182 182 664 56
207 199 160 569 127 112 134 213 142 196 129 216 77 515 564 146 125 107 159 136 209 133 96 101 1850 205 157 64 172 137 875 193 174 53 152 158 1880 43 183 76 98 163 557 140 85 119 2109 581 151 124 1681 878 197 0 200 135 138 1990 147 508 150 587 142 466 517 139 141 131 209 211 149 211 550 141 107 174 594 159
60 53 297 643 88 99 146 66 153 54 141 69 238 588 638 157 85 269 130 273 63 144 175 263 1924 59 294 226 184 73 949 58 144 215 163 169 1954 204 154 238 260 133 631 79 164 130 2183 655 163 136 1755 952 50 200 0 146 149 2064 284 581 287 661 153 540 591 77 81 142 63 64 285 65 624 152 186 185 668 60
153 145 232 578 73 58 67 159 60 142 72 162 173 523 573 65 71 204 106 208 156 77 110 198 1859 151 229 161 88 83 884 139 120 150 49 59 1889 139 130 173 195 109 566 86 99 65 2118 590 57 70 1689 886 143 135 146 0 73 1999 219 516 222 596 69 474 525 85 87 77 155 157 220 157 559 76 121 87 602 105
156 148 235 580 76 60 60 162 53 145 64 165 176 526 576 58 74 206 108 211 158 70 113 201 1862 154 231 163 80 86 886 141 123 152 41 51 1892 142 132 175 197 112 569 89 102 68 2121 593 50 68 1692 889 145 138 149 73 0 2002 222 519 225 599 61 477 528 88 90 77 158 160 223 160 562 68 124 79 605 108
2073 2065 2090 1765 1993 1978 2001 2079 2008 2062 1996 2082 2031 2172 1641 2012 1991 2061 2026 2066 2076 1999 1968 2055 326 2072 2086 2018 2039 2004 1781 2059 2040 2007 2018 2024 356 1997 2050 2030 2052 2029 1697 2006 1957 1985 176 1754 2018 1991 369 1783 2063 1993 2067 2001 2004 0 2077 2165 2080 1749 2008 1804 2174 2005 2008 1997 2076 2077 2078 2077 1781 2007 1979 2040 1744 2025
291 283 103 653 210 195 218 297 226 280 213 300 185 598 648 229 209 216 243 100 293 217 180 210 1934 289 103 173 256 221 959 276 258 162 235 242 1964 151 267 185 207 247 641 224 168 203 2193 665 235 208 1765 962 280 147 284 219 222 2074 0 591 93 671 226 550 601 223 225 215 293 294 111 295 634 224 190 258 678 243
589 581 605 720 508 493 516 594 524 578 511 598 546 125 716 527 507 577 541 581 591 515 483 571 2002 587 602 534 554 519 1026 574 555 523 533 540 2032 512 565 546 568 545 709 522 472 501 2261 733 533 506 1832 1029 578 508 582 517 520 2142 592 0 595 739 524 617 127 521 523 513 591 592 593 593 702 522 494 556 745 540
294 286 101 656 214 198 221 300 229 283 216 303 188 601 651 233 212 219 246 103 296 220 183 213 1937 292 100 176 259 224 962 279 261 165 239 245 1967 154 270 188 210 250 644 227 172 206 2196 668 238 211 1768 965 283 150 287 222 225 2077 93 594 0 674 229 553 604 226 228 218 296 298 109 298 637 228 193 261 681 246
668 660 684 175 588 572 595 674 603 657 590 677 625 767 195 606 586 656 620 660 670 594 562 650 1607 666 681 613 633 598 631 653 635 602 612 619 1636 591 644 625 647 624 121 601 551 580 1865 179 612 585 1437 634 657 587 661 596 599 1746 671 760 674 0 603 145 769 600 602 592 670 672 673 672 156 601 573 635 168 620
160 152 239 585 80 65 56 166 49 149 60 169 180 530 580 54 78 211 113 215 163 66 117 205 1866 158 236 168 76 90 891 146 127 157 37 47 1896 146 137 180 201 116 573 93 106 69 2125 597 46 64 1696 893 150 142 153 69 61 2006 226 523 229 603 0 481 532 92 94 73 162 164 227 164 566 64 128 75 609 112
546 538 563 127 466 451 474 552 482 536 469 555 504 645 251 485 464 534 499 539 549 472 441 529 1662 545 560 492 512 477 686 532 513 480 491 497 1692 470 523 503 525 502 115 479 430 459 1921 139 491 464 1492 689 536 466 540 474 477 1802 550 638 553 145 481 0 647 478 481 470 549 550 551 550 108 480 452 513 151 498
598 590 614 730 518 503 525 604 533 587 520 607 556 134 725 537 516 586 550 590 600 524 493 580 2011 596 611 543 563 528 1036 584 565 532 543 549 2041 521 574 555 577 554 718 531 481 510 2270 742 542 515 1842 1038 588 517 591 526 529 2151 601 127 604 748 533 627 0 530 532 522 600 602 603 602 711 532 503 565 754 550
83 75 236 581 36 37 84 89 92 77 79 92 177 527 577 96 34 207 68 212 86 83 114 202 1863 82 233 165 122 46 887 81 83 153 102 108 1893 143 92 176 198 72 570 49 103 69 2122 594 101 74 1693 890 73 139 77 85 88 2003 223 520 226 600 92 478 529 0 50 81 86 87 224 87 563 91 125 124 606 68
88 80 238 584 38 40 87 94 95 82 82 97 179 529 579 98 36 210 71 214 91 85 116 204 1865 87 235 167 125 49 890 86 85 156 104 110 1895 145 95 179 201 74 572 51 105 71 2124 596 104 77 1696 893 78 141 81 87 90 2005 225 522 228 602 94 481 532 50 0 83 91 92 226 92 565 93 127 126 609 70
149 141 228 573 69 54 71 155 64 138 71 158 169 519 569 69 67 200 101 204 152 75 106 194 1855 147 225 157 92 79 880 135 116 145 53 63 1885 135 125 168 190 105 562 82 95 61 2114 586 61 66 1685 882 139 131 142 77 77 1995 215 512 218 592 73 470 521 81 83 0 151 153 216 153 555 80 117 90 598 101
69 62 306 652 97 108 155 75 162 63 150 78 247 597 647 166 94 278 139 282 72 153 184 272 1933 68 303 235 193 82 958 67 153 224 172 178 1963 213 163 247 269 142 640 88 173 139 2192 664 172 145 1764 961 59 209 63 155 158 2073 293 590 296 670 162 549 600 86 91 151 0 73 294 74 633 161 195 194 677 69
71 63 308 653 99 109 156 77 164 65 151 80 249 599 649 167 96 279 140 284 74 155 186 273 1935 69 304 236 194 84 959 69 155 225 173 180 1965 215 164 248 270 144 642 90 175 141 2194 666 173 146 1765 962 61 211 64 157 160 2074 294 592 298 672 164 550 601 87 92 153 73 0 296 75 635 162 197 196 678 71
292 284 119 654 212 197 219 298 227 281 214 301 187 600 650 231 210 217 245 102 295 218 181 211 1936 290 119 174 258 222 960 278 259 163 237 243 1966 153 269 186 208 248 643 225 170 204 2195 667 236 209 1766 963 282 149 285 220 223 2075 111 593 109 673 227 551 602 224 226 216 294 296 0 296 636 226 192 259 679 244
71 63 308 653 99 109 156 77 164 65 151 80 249 599 649 168 96 280 140 284 74 155 186 274 1935 70 305 237 195 84 960 69 155 225 174 180 1965 215 165 249 270 144 642 90 175 141 2194 666 173 146 1765 962 61 211 65 157 160 2075 295 592 298 672 164 550 601 87 92 153 74 75 296 0 635 163 197 196 678 71
631 623 648 138 551 536 558 637 566 620 553 640 589 730 228 570 549 619 583 624 634 557 526 613 1639 629 644 576 597 561 663 617 598 565 576 582 1669 554 607 588 610 587 126 564 514 543 1898 150 575 548 1469 666 621 550 624 559 562 1779 634 723 637 156 566 108 732 563 565 555 633 635 636 635 0 565 536 598 162 583
159 151 238 583 78 63 63 164 56 148 67 168 179 529 578 61 77 209 111 214 161 73 116 203 1865 157 234 166 84 89 889 144 125 155 44 55 1894 145 135 178 200 115 571 92 105 71 2123 595 53 72 1695 892 148 141 152 76 68 2004 224 522 228 601 64 480 531 91 93 80 161 162 226 163 565 0 127 82 608 110
193 185 204 555 113 97 120 199 128 182 115 202 145 500 550 132 111 175 145 180 195 119 57 169 1836 191 200 132 158 123 861 178 160 121 138 144 1866 111 169 144 166 149 543 126 46 105 2095 567 137 110 1667 864 182 107 186 121 124 1976 190 493 193 573 128 452 503 125 127 117 195 197 192 197 536 127 0 160 580 145
192 184 271 617 112 97 74 198 67 181 78 201 212 562 612 72 110 243 145 247 195 84 149 237 1898 190 268 200 94 122 923 178 159 189 55 65 1928 178 169 212 234 148 605 125 138 87 2157 629 64 82 1729 925 182 174 185 87 79 2038 258 555 261 635 75 513 564 124 126 90 194 196 259 196 598 82 160 0 641 144
674 666 691 181 594 579 602 680 609 663 596 683 632 773 190 613 592 662 627 667 677 600 569 656 1601 673 687 619 640 605 626 660 641 608 619 625 1631 598 651 631 653 630 116 607 558 586 1860 174 619 592 1432 629 664 594 668 602 605 1741 678 766 681 168 609 151 775 606 609 598 677 678 679 678 162 608 580 641 0 626
67 59 256 601 56 57 104 73 112 61 99 76 197 547 597 116 54 227 88 232 69 103 134 221 1883 65 252 184 142 66 907 64 103 173 122 128 1913 163 112 196 218 92 590 69 123 89 2142 614 121 94 1713 910 56 159 60 105 108 2023 243 540 246 620 112 498 549 68 70 101 69 71 244 71 583 110 145 144 626 0
EOF