NAME : tsp_problem
TYPE : TSP
DIMENSION : 74
EDGE_WEIGHT_TYPE : EXPLICIT
EDGE_WEIGHT_FORMAT : FULL_MATRIX
EDGE_WEIGHT_SECTION
0 1141 1338 1030 1025 501 515 976 551 330 846 815 950 948 124 1139 997 328 133 307 168 591 351 699 819 1054 495 115 118 313 513 364 1117 291 226 324 142 1176 404 441 608 762 414 847 952 1213 436 494 499 1109 473 372 1312 913 629 305 367 212 666 937 198 778 1016 750 1061 274 979 704 812 495 835 1299 363 318
1141 0 452 368 439 1037 957 212 1087 1326 1585 765 570 568 1056 57 470 1097 1241 1049 1276 883 825 907 770 528 1031 1059 1113 1082 1049 1172 56 1287 1222 1093 1250 370 1371 1210 851 712 1287 798 773 104 1206 1406 1268 181 1009 1367 506 288 1368 1046 1102 1244 1406 388 1266 1518 490 760 269 1044 799 655 652 964 785 493 900 1087
1338 452 0 451 437 1234 956 631 1284 1430 1783 962 568 566 1253 468 469 1245 1438 1246 1473 882 1022 906 967 526 1228 1256 1310 1256 1246 1177 476 1391 1326 1238 1447 368 1568 1273 849 909 1484 995 771 454 1268 1603 1330 305 1206 1472 504 625 1566 1243 1100 1442 1603 471 1463 1715 488 759 353 1241 798 852 651 962 982 492 1097 1255
1030 368 451 0 438 927 956 381 976 1215 1475 654 569 567 945 384 469 986 1130 938 1165 882 714 906 659 527 920 949 1003 972 939 1061 392 1176 1111 982 1139 369 1260 1099 850 601 1176 687 772 370 1095 1295 1157 221 898 1257 505 317 1258 935 1101 1134 1295 163 1155 1407 489 759 173 933 798 544 651 963 674 492 789 976
1025 439 437 438 0 1221 557 618 1271 1032 1431 949 170 168 1004 454 70 847 1125 1061 1160 483 1009 507 954 128 1215 994 933 857 1233 779 463 993 928 840 1134 189 1396 874 450 896 1406 981 373 441 870 1485 932 292 1193 1074 325 612 1490 1058 702 1128 1527 458 1189 1639 90 360 339 903 399 839 252 564 969 313 1084 857
501 1037 1234 927 1221 0 744 873 149 685 945 711 1179 1177 416 1035 1226 457 600 408 635 820 247 928 716 1283 268 419 473 442 286 532 1013 646 581 453 609 1152 731 570 837 658 647 743 1182 1109 565 766 628 1005 71 727 1288 809 728 406 596 604 766 833 626 878 1246 979 957 403 1208 600 1041 724 731 1276 165 447
515 957 956 956 557 744 0 1137 794 522 1197 1058 482 480 494 973 529 337 615 551 650 123 594 215 1063 586 738 484 423 347 756 269 981 483 418 330 624 708 886 364 141 1005 896 1090 485 960 360 975 422 811 716 564 844 1131 980 548 192 618 1017 977 679 1129 549 282 858 393 511 947 344 54 1078 831 606 347
976 212 631 381 618 873 1137 0 923 1161 1421 600 749 747 892 210 650 932 1076 884 1111 1063 660 1087 605 707 866 895 949 918 885 1007 188 1122 1057 929 1085 549 1207 1046 1030 547 1122 633 952 284 1041 1242 1103 361 845 1203 685 123 1204 881 1072 1080 1241 288 1101 1353 669 940 411 879 979 490 832 1144 620 673 735 923
551 1087 1284 976 1271 149 794 923 0 735 995 761 1229 1227 466 1085 1276 507 650 458 685 870 297 978 765 1333 179 469 523 492 193 581 1063 696 631 503 659 1202 781 620 887 708 696 793 1231 1159 615 816 677 1055 118 777 1338 859 778 456 646 654 816 883 676 928 1295 1029 1007 453 1258 650 1091 774 781 1326 215 497
330 1326 1430 1215 1032 685 522 1161 735 0 1138 999 957 955 309 1324 1004 438 430 492 465 598 536 705 1004 1061 679 299 238 449 697 370 1302 128 139 431 438 1182 701 466 615 946 710 1032 959 1397 461 790 523 1285 657 81 1318 1097 921 489 374 433 959 1122 494 1070 1023 757 1245 459 986 889 819 501 1019 1306 548 448
664 1404 1601 1293 1504 764 1015 1239 814 956 0 1077 1429 1427 687 1402 1476 728 725 679 760 1091 614 1199 1082 1533 758 690 744 713 776 803 1380 917 852 724 734 1519 618 841 1108 1024 534 1110 1432 1476 836 654 899 1372 736 998 1655 1176 265 677 867 842 302 1200 513 414 1496 1229 1324 674 1458 967 1291 995 1098 1642 626 718
815 765 962 654 949 711 1058 600 761 999 1259 0 1080 1078 730 763 981 771 914 722 949 1134 498 1241 157 1038 704 733 787 756 723 845 741 960 895 767 923 880 1045 884 1151 208 960 60 1283 837 879 1080 941 733 683 1041 1016 537 1042 719 910 918 1080 561 940 1191 1000 1271 685 717 1310 220 1162 1037 47 1003 573 761
950 570 568 569 170 1179 482 749 1229 957 1356 1080 0 20 929 586 142 772 1050 986 1085 408 1029 432 1085 199 1173 919 858 782 1191 704 594 918 853 765 1059 320 1321 799 376 1027 1331 1113 298 572 795 1410 857 423 1151 999 457 743 1415 983 627 1053 1452 589 1114 1564 161 285 471 828 324 970 177 489 1100 444 1041 782
948 568 566 567 168 1177 480 747 1227 955 1354 1078 20 0 926 583 139 770 1047 983 1082 406 1027 430 1083 197 1171 917 856 780 1189 702 592 916 851 763 1056 318 1318 797 373 1025 1328 1110 295 570 793 1408 855 421 1149 996 454 741 1412 981 625 1051 1450 587 1112 1562 159 283 468 826 322 968 175 487 1098 442 1039 780
124 1056 1253 945 1004 416 494 892 466 309 869 730 929 926 0 1054 975 243 224 223 259 570 266 677 735 1033 410 43 96 228 428 318 1032 270 205 239 233 1154 495 356 587 677 505 762 931 1128 352 584 414 1024 388 350 1290 828 652 220 346 228 689 852 288 801 995 728 976 189 958 619 791 473 750 1278 278 233
1139 57 468 384 454 1035 973 210 1085 1324 1584 763 586 583 1054 0 486 1095 1239 1047 1274 899 823 923 768 543 1029 1057 1111 1080 1047 1170 54 1285 1220 1091 1248 385 1369 1208 866 710 1285 796 788 120 1204 1404 1266 197 1007 1365 522 286 1367 1044 1118 1243 1404 404 1264 1516 506 776 285 1042 815 653 668 980 783 509 898 1085
997 470 469 469 70 1226 529 650 1276 1004 1403 981 142 139 975 486 0 818 1096 1032 1131 455 1040 479 985 79 1220 966 905 829 1238 751 494 965 900 812 1105 221 1367 846 422 928 1377 1013 344 473 842 1457 904 324 1198 1045 357 644 1461 1030 674 1100 1499 490 1161 1611 62 332 371 875 371 870 224 536 1001 344 1088 829
328 1097 1245 986 847 457 337 932 507 438 909 771 772 770 243 1095 818 0 427 263 462 413 307 520 775 876 451 246 300 119 469 120 1073 399 334 102 436 997 695 158 430 718 611 803 774 1169 153 730 216 1065 429 480 1133 869 692 261 189 431 730 893 492 842 838 572 1017 111 801 660 634 316 791 1121 319 119
133 1241 1438 1130 1125 600 615 1076 650 430 907 914 1050 1047 224 1239 1096 427 0 407 68 691 451 798 919 1154 594 214 217 413 612 463 1217 391 325 423 42 1275 466 540 708 861 476 947 1052 1312 536 555 598 1208 572 471 1411 1012 690 404 467 203 728 1037 259 839 1116 849 1160 374 1079 804 912 594 934 1399 463 418
307 1049 1246 938 1061 408 551 884 458 492 861 722 986 983 223 1047 1032 263 407 0 442 627 259 734 727 1090 402 226 280 249 420 338 1025 453 388 259 416 1164 647 377 644 669 562 755 988 1120 372 682 434 1016 380 534 1300 820 644 24 403 411 682 845 471 793 1052 785 968 210 1015 612 848 530 742 1287 271 254
168 1276 1473 1165 1160 635 650 1111 685 465 942 949 1085 1082 259 1274 1131 462 68 442 0 726 486 833 954 1189 629 249 252 448 647 498 1252 426 360 458 74 1310 501 575 743 896 511 982 1087 1347 571 590 633 1243 607 506 1446 1047 725 439 501 175 762 1072 294 874 1151 884 1195 409 1114 839 947 629 969 1434 498 452
591 883 882 882 483 820 123 1063 870 598 1178 1134 408 406 570 899 455 413 691 627 726 0 670 198 1139 512 814 561 499 423 832 345 907 559 494 406 700 634 962 440 79 1081 972 1166 410 886 436 1051 498 737 792 640 770 1056 1056 624 268 695 1093 902 755 1205 474 208 784 469 437 1024 270 130 1154 757 683 423
351 825 1022 714 1009 247 594 660 297 536 795 498 1029 1027 266 823 1040 307 451 259 486 670 0 778 503 1098 241 269 323 292 259 382 801 497 431 303 460 940 581 420 688 445 497 531 1032 897 416 616 478 792 219 577 1076 597 578 256 446 454 616 621 476 728 1060 829 744 253 1058 388 891 574 518 1063 110 297
699 907 906 906 507 928 215 1087 978 705 1202 1241 432 430 677 923 479 520 798 734 833 198 778 0 1246 536 921 668 606 531 940 453 931 666 601 513 807 658 1069 548 165 1188 1079 1274 435 910 543 1158 606 761 900 747 794 1081 1163 732 376 802 1201 927 863 1313 499 232 808 577 461 1131 294 238 1261 781 790 530
819 770 967 659 954 716 1063 605 765 1004 1264 157 1085 1083 735 768 985 775 919 727 954 1139 503 1246 0 1043 709 738 792 761 728 850 746 965 900 771 928 885 1049 889 1156 85 965 189 1288 842 884 1085 946 737 688 1046 1021 542 1047 724 915 923 1084 566 944 1196 1005 1275 689 722 1314 225 1167 1042 138 1008 578 766
1054 528 526 527 128 1283 586 707 1333 1061 1460 1038 199 197 1033 543 79 876 1154 1090 1189 512 1098 536 1043 0 1277 1023 962 886 1295 808 552 1022 957 869 1163 278 1425 903 480 985 1435 1070 402 530 899 1514 961 381 1255 1103 414 701 1519 1087 731 1157 1556 547 1218 1668 64 389 428 932 428 927 281 593 1058 402 1145 886
495 1031 1228 920 1215 268 738 866 179 679 939 704 1173 1171 410 1029 1220 451 594 402 629 814 241 921 709 1277 0 413 467 436 80 525 1007 640 575 447 603 1146 725 564 831 651 640 737 1175 1103 559 760 621 999 240 721 1282 803 722 399 590 598 760 827 620 871 1239 973 951 397 1202 594 1035 717 724 1269 159 441
115 1059 1256 949 994 419 484 895 469 299 872 733 919 917 43 1057 966 246 214 226 249 561 269 668 738 1023 413 0 87 231 431 321 1035 260 195 242 223 1145 485 359 578 680 495 765 922 1131 355 575 417 1027 391 341 1281 831 655 223 336 218 692 855 279 804 986 719 979 193 949 622 782 464 753 1268 282 236
118 1113 1310 1003 933 473 423 949 523 238 926 787 858 856 96 1111 905 300 217 280 252 499 323 606 792 962 467 87 0 285 485 272 1089 199 134 296 226 1083 488 367 516 734 498 819 860 1185 362 578 424 1081 445 280 1220 885 709 277 275 221 746 909 282 858 924 658 1033 247 887 676 720 402 807 1207 336 290
313 1082 1256 972 857 442 347 918 492 449 895 756 782 780 228 1080 829 119 413 249 448 423 292 531 761 886 436 231 285 0 454 130 1058 410 344 112 422 1008 680 168 440 703 596 788 784 1154 164 715 226 1050 414 490 1144 854 678 246 199 417 715 878 477 827 848 582 1002 96 811 645 644 327 776 1131 305 130
513 1049 1246 939 1233 286 756 885 193 697 957 723 1191 1189 428 1047 1238 469 612 420 647 832 259 940 728 1295 80 431 485 454 0 544 1025 658 593 465 621 1164 743 582 849 670 659 755 1194 1121 578 778 640 1017 258 739 1300 821 740 418 608 616 778 845 638 890 1258 991 969 415 1220 612 1053 736 743 1288 177 459
364 1172 1177 1061 779 532 269 1007 581 370 984 845 704 702 318 1170 751 120 463 338 498 345 382 453 850 808 525 321 272 130 544 0 1148 331 266 113 472 930 734 147 362 792 685 878 706 1182 143 805 205 1033 504 412 1066 944 767 335 121 467 805 968 528 916 770 504 1080 176 733 735 566 249 865 1053 394 130
1117 56 476 392 463 1013 981 188 1063 1302 1561 741 594 592 1032 54 494 1073 1217 1025 1252 907 801 931 746 552 1007 1035 1089 1058 1025 1148 0 1263 1198 1069 1226 394 1347 1186 875 688 1263 774 797 128 1182 1382 1244 205 985 1343 530 264 1344 1022 1126 1221 1382 412 1242 1494 514 784 293 1020 823 631 676 988 761 517 876 1063
291 1287 1391 1176 993 646 483 1122 696 128 1099 960 918 916 270 1285 965 399 391 453 426 559 497 666 965 1022 640 260 199 410 658 331 1263 0 84 392 399 1143 662 427 576 907 672 993 920 1358 422 751 484 1246 618 105 1280 1058 882 450 335 394 920 1083 455 1031 984 718 1206 420 947 850 780 462 980 1267 509 409
226 1222 1326 1111 928 581 418 1057 631 139 1034 895 853 851 205 1220 900 334 325 388 360 494 431 601 900 957 575 195 134 344 593 266 1198 84 0 327 334 1078 596 362 511 842 606 928 855 1293 357 686 419 1181 553 165 1214 993 817 385 270 329 854 1018 390 966 919 653 1141 355 882 785 715 397 915 1202 444 344
324 1093 1238 982 840 453 330 929 503 431 905 767 765 763 239 1091 812 102 423 259 458 406 303 513 771 869 447 242 296 112 465 113 1069 392 327 0 432 990 691 151 423 714 607 799 767 1165 146 726 209 1061 425 473 1126 865 688 257 182 427 726 889 488 838 831 565 1013 107 794 656 627 309 787 1114 315 112
142 1250 1447 1139 1134 609 624 1085 659 438 916 923 1059 1056 233 1248 1105 436 42 416 74 700 460 807 928 1163 603 223 226 422 621 472 1226 399 334 432 0 1284 475 549 717 870 485 956 1061 1321 545 564 607 1217 581 480 1420 1021 699 413 475 207 736 1046 268 848 1125 858 1169 383 1088 813 921 603 943 1407 472 426
1176 370 368 369 189 1152 708 549 1202 1182 1582 880 320 318 1154 385 221 997 1275 1164 1310 634 940 658 885 278 1146 1145 1083 1008 1164 930 394 1143 1078 990 1284 0 1486 1025 601 827 1402 913 523 372 1020 1521 1082 223 1124 1224 185 543 1483 1161 852 1279 1521 389 1340 1633 240 511 270 1053 550 770 403 715 900 172 1015 1007
404 1371 1568 1260 1396 731 886 1207 781 701 800 1045 1321 1318 495 1369 1367 695 466 647 501 962 581 1069 1049 1425 725 485 488 680 743 734 1347 662 596 691 475 1486 0 808 979 992 228 1077 1323 1443 804 283 866 1339 703 742 1622 1143 583 644 738 582 621 1167 254 732 1387 1120 1291 642 1350 934 1183 865 1065 1610 593 685
538 1307 1370 1196 971 667 461 1143 717 563 1119 981 896 894 453 1305 943 255 637 473 672 537 517 645 985 1000 661 456 464 265 679 244 1283 524 459 248 646 1122 905 0 555 928 821 1013 899 1374 180 940 205 1225 639 605 1258 1079 902 471 313 641 940 1103 702 1052 963 696 1227 311 925 870 758 441 1001 1245 529 265
608 851 849 850 450 837 141 1030 887 615 1145 1151 376 373 587 866 422 430 708 644 743 79 688 165 1156 480 831 578 516 440 849 362 875 576 511 423 717 601 979 458 0 1098 989 1184 378 853 453 1068 515 704 809 657 737 1024 1073 641 285 712 1111 870 772 1222 442 175 751 486 405 1041 238 147 1171 724 700 440
762 712 909 601 896 658 1005 547 708 946 1206 208 1027 1025 677 710 928 718 861 669 896 1081 445 1188 85 985 651 680 734 703 670 792 688 907 842 714 870 827 992 831 1098 0 907 240 1230 784 826 1027 888 680 630 988 963 484 989 666 857 865 1027 508 887 1138 947 1218 632 664 1257 167 1109 984 190 950 520 708
414 1287 1484 1176 1406 647 896 1122 696 710 715 960 1331 1328 505 1285 1377 611 476 562 511 972 497 1079 965 1435 640 495 498 596 659 685 1263 672 606 607 485 1402 228 724 989 907 0 993 1333 1358 719 145 781 1254 618 752 1538 1058 498 559 747 592 536 1083 264 648 1397 1130 1206 557 1360 850 1193 875 980 1525 509 601
847 798 995 687 981 743 1090 633 793 1032 1291 60 1113 1110 762 796 1013 803 947 755 982 1166 531 1274 189 1070 737 765 819 788 755 878 774 993 928 799 956 913 1077 916 1184 240 993 0 1315 869 912 1112 974 765 715 1073 1049 569 1074 752 942 951 1112 594 972 1224 1033 1303 717 750 1342 253 1195 1070 80 1036 606 793
952 773 771 772 373 1182 485 952 1231 959 1359 1283 298 295 931 788 344 774 1052 988 1087 410 1032 435 1288 402 1175 922 860 784 1194 706 797 920 855 767 1061 523 1323 802 378 1230 1333 1315 0 775 797 1412 859 626 1154 1001 659 946 1417 985 629 1056 1455 792 1117 1566 364 288 673 830 194 1173 180 491 1303 647 1044 784
1213 104 454 370 441 1109 960 284 1159 1397 1657 837 572 570 1128 120 473 1169 1312 1120 1347 886 897 910 842 530 1103 1131 1185 1154 1121 1182 128 1358 1293 1165 1321 372 1443 1277 853 784 1358 869 775 0 1272 1478 1334 184 1081 1439 508 359 1440 1118 1105 1316 1478 391 1338 1590 492 763 272 1115 802 726 655 967 857 496 971 1159
436 1206 1268 1095 870 565 360 1041 615 461 1018 879 795 793 352 1204 842 153 536 372 571 436 416 543 884 899 559 355 362 164 578 143 1182 422 357 146 545 1020 804 151 453 826 719 912 797 1272 0 839 99 1123 537 503 1156 977 801 369 212 540 839 1002 600 950 861 595 1125 210 824 769 657 339 899 1144 428 163
494 1406 1603 1295 1485 766 975 1242 816 790 835 1080 1410 1408 584 1404 1457 730 555 682 590 1051 616 1158 1085 1514 760 575 578 715 778 805 1382 751 686 726 564 1521 283 843 1068 1027 145 1112 1412 1478 839 0 901 1374 738 831 1657 1178 618 679 827 672 656 1202 343 767 1476 1210 1326 677 1439 969 1272 954 1100 1645 628 720
499 1268 1330 1157 932 628 422 1103 677 523 1080 941 857 855 414 1266 904 216 598 434 633 498 478 606 946 961 621 417 424 226 640 205 1244 484 419 209 607 1082 866 213 515 888 781 974 859 1334 99 901 0 1185 600 565 1219 1040 863 431 274 602 901 1064 663 1012 923 657 1187 272 886 831 719 402 961 1206 490 226
1109 181 305 221 292 1005 811 361 1055 1285 1553 733 423 421 1024 197 324 1065 1208 1016 1243 737 792 761 737 381 999 1027 1081 1050 1017 1033 205 1246 1181 1061 1217 223 1339 1128 704 680 1254 765 626 184 1123 1374 1185 0 977 1327 359 396 1336 1014 956 1212 1374 242 1234 1485 343 614 123 1011 653 622 506 818 753 347 867 1055
473 1009 1206 898 1193 71 716 845 118 657 917 683 1151 1149 388 1007 1198 429 572 380 607 792 219 900 688 1255 240 391 445 414 258 504 985 618 553 425 581 1124 703 542 809 630 618 715 1154 1081 537 738 600 977 0 699 1260 781 700 378 568 576 738 805 598 850 1218 951 929 375 1180 572 1013 696 703 1248 137 419
372 1367 1472 1257 1074 727 564 1203 777 81 1180 1041 999 996 350 1365 1045 480 471 534 506 640 577 747 1046 1103 721 341 280 490 739 412 1343 105 165 473 480 1224 742 508 657 988 752 1073 1001 1439 503 831 565 1327 699 0 1360 1139 963 531 416 475 1000 1163 536 1112 1065 798 1287 501 1028 930 861 543 1061 1348 589 490
1312 506 504 505 325 1288 844 685 1338 1318 1718 1016 457 454 1290 522 357 1133 1411 1300 1446 770 1076 794 1021 414 1282 1281 1220 1144 1300 1066 530 1280 1214 1126 1420 185 1622 1161 737 963 1538 1049 659 508 1156 1657 1219 359 1260 1360 0 679 1620 1297 989 1415 1657 525 1476 1769 377 647 407 1190 686 906 539 851 1036 75 1151 1143
913 288 625 317 612 809 1131 123 859 1097 1357 537 743 741 828 286 644 869 1012 820 1047 1056 597 1081 542 701 803 831 885 854 821 944 264 1058 993 865 1021 543 1143 982 1024 484 1058 569 946 359 977 1178 1040 396 781 1139 679 0 1140 818 1008 1016 1178 224 1038 1290 663 934 348 815 973 426 826 1136 557 667 671 859
629 1368 1566 1258 1490 728 980 1204 778 921 446 1042 1415 1412 652 1367 1461 692 690 644 725 1056 578 1163 1047 1519 722 655 709 678 740 767 1344 882 817 688 699 1483 583 805 1073 989 498 1074 1417 1440 801 618 863 1336 700 963 1620 1140 0 641 832 807 96 1165 478 290 1481 1214 1288 639 1444 932 1277 959 1062 1607 591 683
305 1046 1243 935 1058 406 548 881 456 489 858 719 983 981 220 1044 1030 261 404 24 439 624 256 732 724 1087 399 223 277 246 418 335 1022 450 385 257 413 1161 644 374 641 666 559 752 985 1118 369 679 431 1014 378 531 1297 818 641 0 400 408 679 842 469 791 1049 783 966 207 1012 609 845 528 739 1284 268 251
367 1102 1100 1101 702 596 192 1072 646 374 1049 910 627 625 346 1118 674 189 467 403 501 268 446 376 915 731 590 336 275 199 608 121 1126 335 270 182 475 852 738 216 285 857 747 942 629 1105 212 827 274 956 568 416 989 1008 832 400 0 470 869 1032 531 981 693 427 1003 245 656 799 489 172 930 976 458 199
212 1244 1442 1134 1128 604 618 1080 654 433 1024 918 1053 1051 228 1243 1100 431 203 411 175 695 454 802 923 1157 598 218 221 417 616 467 1221 394 329 427 207 1279 582 544 712 865 592 951 1056 1316 540 672 602 1212 576 475 1415 1016 807 408 470 0 844 1041 376 956 1120 853 1164 378 1083 808 916 598 938 1402 467 421
666 1406 1603 1295 1527 766 1017 1241 816 959 484 1080 1452 1450 689 1404 1499 730 728 682 762 1093 616 1201 1084 1556 760 692 746 715 778 805 1382 920 854 726 736 1521 621 843 1111 1027 536 1112 1455 1478 839 656 901 1374 738 1000 1657 1178 96 679 869 844 0 1202 515 328 1519 1252 1326 676 1481 969 1314 997 1100 1645 628 720
937 388 471 163 458 833 977 288 883 1122 1382 561 589 587 852 404 490 893 1037 845 1072 902 621 927 566 547 827 855 909 878 845 968 412 1083 1018 889 1046 389 1167 1006 870 508 1083 594 792 391 1002 1202 1064 242 805 1163 525 224 1165 842 1032 1041 1202 0 1062 1314 509 780 194 840 819 451 672 983 581 513 696 883
198 1266 1463 1155 1189 626 679 1101 676 494 695 940 1114 1112 288 1264 1161 492 259 471 294 755 476 863 944 1218 620 279 282 477 638 528 1242 455 390 488 268 1340 254 605 772 887 264 972 1117 1338 600 343 663 1234 598 536 1476 1038 478 469 531 376 515 1062 0 627 1180 914 1186 438 1143 829 976 659 960 1463 488 482
778 1518 1715 1407 1639 878 1129 1353 928 1070 595 1191 1564 1562 801 1516 1611 842 839 793 874 1205 728 1313 1196 1668 871 804 858 827 890 916 1494 1031 966 838 848 1633 732 955 1222 1138 648 1224 1566 1590 950 767 1012 1485 850 1112 1769 1290 290 791 981 956 328 1314 627 0 1630 1364 1437 788 1593 1081 1426 1109 1211 1756 740 832
1016 490 488 489 90 1246 549 669 1295 1023 1423 1000 161 159 995 506 62 838 1116 1052 1151 474 1060 499 1005 64 1239 986 924 848 1258 770 514 984 919 831 1125 240 1387 866 442 947 1397 1033 364 492 861 1476 923 343 1218 1065 377 663 1481 1049 693 1120 1519 509 1180 1630 0 352 391 894 391 890 244 555 1020 364 1108 848
750 760 759 759 360 979 282 940 1029 757 1156 1271 285 283 728 776 332 572 849 785 884 208 829 232 1275 389 973 719 658 582 991 504 784 718 653 565 858 511 1120 599 175 1218 1130 1303 288 763 595 1210 657 614 951 798 647 934 1214 783 427 853 1252 780 914 1364 352 0 661 628 314 1160 147 289 1291 634 841 582
1061 269 353 173 339 957 858 411 1007 1245 1505 685 471 468 976 285 371 1017 1160 968 1195 784 744 808 689 428 951 979 1033 1002 969 1080 293 1206 1141 1013 1169 270 1291 1130 751 632 1206 717 673 272 1125 1326 1187 123 929 1287 407 348 1288 966 1003 1164 1326 194 1186 1437 391 661 0 963 700 574 553 865 705 394 819 1007
274 1044 1241 933 903 403 393 879 453 459 856 717 828 826 189 1042 875 111 374 210 409 469 253 577 722 932 397 193 247 96 415 176 1020 420 355 107 383 1053 642 214 486 664 557 750 830 1115 210 677 272 1011 375 501 1190 815 639 207 245 378 676 840 438 788 894 628 963 0 857 607 690 373 737 1177 266 101
979 799 798 798 399 1208 511 979 1258 986 1385 1310 324 322 958 815 371 801 1079 1015 1114 437 1058 461 1314 428 1202 949 887 811 1220 733 823 947 882 794 1088 550 1350 828 405 1257 1360 1342 194 802 824 1439 886 653 1180 1028 686 973 1444 1012 656 1083 1481 819 1143 1593 391 314 700 857 0 1199 206 518 1330 673 1071 811
704 655 852 544 839 600 947 490 650 889 1149 220 970 968 619 653 870 660 804 612 839 1024 388 1131 225 927 594 622 676 645 612 735 631 850 785 656 813 770 934 773 1041 167 850 253 1173 726 769 969 831 622 572 930 906 426 932 609 799 808 969 451 829 1081 890 1160 574 607 1199 0 1052 927 240 893 463 650
812 652 651 651 252 1041 344 832 1091 819 1218 1162 177 175 791 668 224 634 912 848 947 270 891 294 1167 281 1035 782 720 644 1053 566 676 780 715 627 921 403 1183 661 238 1109 1193 1195 180 655 657 1272 719 506 1013 861 539 826 1277 845 489 916 1314 672 976 1426 244 147 553 690 206 1052 0 351 1182 526 904 644
495 964 962 963 564 724 54 1144 774 501 1176 1037 489 487 473 980 536 316 594 530 629 130 574 238 1042 593 717 464 402 327 736 249 988 462 397 309 603 715 865 344 147 984 875 1070 491 967 339 954 402 818 696 543 851 1136 959 528 172 598 997 983 659 1109 555 289 865 373 518 927 351 0 1057 838 586 326
835 785 982 674 969 731 1078 620 781 1019 1279 47 1100 1098 750 783 1001 791 934 742 969 1154 518 1261 138 1058 724 753 807 776 743 865 761 980 915 787 943 900 1065 904 1171 190 980 80 1303 857 899 1100 961 753 703 1061 1036 557 1062 739 930 938 1100 581 960 1211 1020 1291 705 737 1330 240 1182 1057 0 1024 593 781
1299 493 492 492 313 1276 831 673 1326 1306 1705 1003 444 442 1278 509 344 1121 1399 1287 1434 757 1063 781 1008 402 1269 1268 1207 1131 1288 1053 517 1267 1202 1114 1407 172 1610 1148 724 950 1525 1036 647 496 1144 1645 1206 347 1248 1348 75 667 1607 1284 976 1402 1645 513 1463 1756 364 634 394 1177 673 893 526 838 1024 0 1138 1131
363 900 1097 789 1084 165 606 735 215 548 808 573 1041 1039 278 898 1088 319 463 271 498 683 110 790 578 1145 159 282 336 305 177 394 876 509 444 315 472 1015 593 432 700 520 509 606 1044 971 428 628 490 867 137 589 1151 671 591 268 458 467 628 696 488 740 1108 841 819 266 1071 463 904 586 593 1138 0 309
318 1087 1255 976 857 447 347 923 497 448 900 761 782 780 233 1085 829 119 418 254 452 423 297 530 766 886 441 236 290 130 459 130 1063 409 344 112 426 1007 685 168 440 708 601 793 784 1159 163 720 226 1055 419 490 1143 859 683 251 199 421 720 883 482 832 848 582 1007 101 811 650 644 326 781 1131 309 0
EOF