NAME : tsp_problem
TYPE : TSP
DIMENSION : 86
EDGE_WEIGHT_TYPE : EXPLICIT
EDGE_WEIGHT_FORMAT : FULL_MATRIX
EDGE_WEIGHT_SECTION
0 1233 1067 1381 905 1171 830 537 932 1387 883 618 897 830 80 969 1350 1268 773 1424 910 533 755 1259 545 648 631 1368 1032 641 55 523 820 511 1337 158 334 858 1783 648 518 1394 1286 1315 198 876 763 488 684 548 1261 1066 788 671 584 210 771 1364 952 1141 817 1095 658 692 512 799 706 1295 528 738 656 612 127 1070 902 1044 897 895 878 1138 765 1345 1376 742 75 652
1233 0 1633 629 767 670 569 735 1498 383 897 727 911 1280 1245 1535 138 811 1297 287 1476 747 1319 803 1207 1171 1081 231 1598 750 1219 1185 1230 1148 585 1125 996 1382 1070 1172 975 258 150 563 1064 1442 1212 946 1133 736 509 604 1238 823 913 1059 1221 360 313 895 969 1662 649 801 900 1249 816 84 756 1262 765 721 1180 250 1468 638 515 394 893 636 1215 594 239 1192 1239 1216
1067 1633 0 1877 1401 1667 1230 937 329 1787 1378 1018 1392 1326 1078 366 1750 1764 790 1824 307 933 771 1755 1040 664 1127 1768 609 1041 1053 1019 836 1007 1832 959 830 875 2183 665 918 1794 1686 1810 897 453 1258 888 1179 948 1757 1562 1284 1071 875 893 1267 1764 1352 1637 1217 50 1058 1092 913 1295 1107 1695 928 755 1056 1012 1014 1470 299 1540 1297 1295 1374 1633 1261 1841 1776 1238 1073 668
1381 629 1877 0 541 444 969 1135 1741 437 671 1127 685 1054 1392 1779 746 586 1583 820 1719 1147 1564 577 1106 1457 855 764 1842 1150 1367 1085 1629 923 261 1273 1081 1668 1470 1458 1328 790 682 239 1211 1686 986 1298 907 1136 139 378 1012 1223 1313 1207 995 414 713 669 1369 1905 1049 1201 1300 1023 1216 691 1156 1548 1165 1121 1327 650 1712 412 915 794 667 411 989 112 772 966 1387 1461
905 767 1401 541 0 331 1106 871 1266 575 195 952 209 578 916 1303 884 473 1107 958 1243 867 1088 464 630 981 379 902 1366 974 891 609 1153 447 497 797 605 1192 1608 982 852 928 820 475 735 1210 511 822 431 882 421 226 536 1005 917 731 519 551 851 453 1151 1429 992 1025 846 547 1040 829 862 1072 989 945 851 788 1236 204 1053 932 191 298 513 506 910 490 911 985
1171 670 1667 444 331 0 1009 1137 1532 478 462 1168 475 844 1183 1569 787 293 1373 861 1510 1133 1355 284 896 1248 645 805 1632 1191 1157 875 1420 713 400 1063 872 1458 1511 1248 1118 831 723 378 1002 1476 777 1088 698 1148 324 169 802 1264 1183 997 786 454 754 376 1410 1695 1090 1242 1112 813 1257 732 1128 1338 1206 1162 1118 691 1502 202 956 835 457 118 780 409 813 756 1177 1252
830 569 1230 969 1106 1009 0 331 1095 723 1141 324 1155 1088 841 1132 686 1151 893 759 1073 343 915 1142 803 768 890 703 1195 346 816 782 827 770 925 722 593 979 1119 769 572 730 622 903 660 1039 1021 542 942 333 849 944 1047 419 509 656 1030 700 288 1234 565 1258 246 397 497 1057 412 631 353 858 361 318 776 405 1065 977 232 230 1137 976 1024 933 712 1001 836 812
537 735 937 1135 871 1137 331 0 802 889 849 115 863 796 549 839 852 1234 643 925 780 113 625 1225 511 518 597 869 903 137 523 489 634 477 1091 429 300 729 1285 519 279 896 788 1069 368 746 729 250 650 103 1015 1032 754 333 317 363 738 866 454 1107 479 966 159 188 246 765 203 797 123 608 152 108 484 571 772 1010 398 396 844 1104 732 1099 878 708 543 522
932 1498 329 1741 1266 1532 1095 802 0 1652 1243 883 1257 1190 943 145 1615 1628 654 1689 48 798 636 1620 905 529 992 1633 474 905 918 884 701 872 1697 824 695 740 2048 530 783 1659 1551 1675 762 318 1123 753 1044 813 1622 1427 1149 936 739 758 1132 1629 1217 1501 1082 357 923 957 777 1159 971 1560 793 619 921 877 878 1335 78 1405 1162 1160 1239 1498 1126 1706 1641 1103 938 533
1387 383 1787 437 575 478 723 889 1652 0 705 881 719 1087 1399 1689 500 619 1451 574 1630 901 1473 610 1140 1325 888 518 1753 904 1373 1118 1384 956 393 1279 1115 1536 1225 1326 1129 544 436 371 1218 1596 1020 1100 941 890 317 412 1045 977 1067 1213 1029 45 467 702 1123 1816 803 955 1055 1056 970 445 910 1416 919 875 1334 404 1622 445 669 548 700 444 1023 401 526 1000 1393 1370
883 897 1378 671 195 462 1141 849 1243 705 0 929 58 556 894 1280 1014 478 1085 1088 1221 845 1066 470 608 959 357 1032 1344 952 869 587 1131 424 627 775 583 1170 1738 960 829 1058 950 605 713 1187 488 800 409 859 551 357 514 983 895 709 497 682 981 352 1129 1407 970 1003 824 525 1018 959 840 1050 967 923 829 918 1214 334 1183 1062 89 428 491 636 1040 468 889 963
618 727 1018 1127 952 1168 324 115 883 881 929 0 943 877 629 920 844 1309 724 918 861 127 706 1301 591 599 678 862 983 64 604 570 715 558 1083 510 381 809 1277 599 360 888 780 1061 448 827 809 330 730 116 1007 1102 835 326 397 444 818 858 446 1188 472 1046 152 115 326 846 166 789 136 689 79 57 565 564 853 1091 391 389 925 1135 812 1092 870 789 624 603
897 911 1392 685 209 475 1155 863 1257 719 58 943 0 569 908 1294 1028 492 1098 1102 1235 859 1080 484 622 973 370 1046 1357 966 883 601 1145 438 641 789 597 1184 1752 974 843 1072 964 619 727 1201 502 814 423 873 565 370 528 997 909 722 511 695 995 365 1143 1421 983 1017 838 538 1032 973 854 1063 981 937 843 932 1227 348 1197 1076 103 442 505 650 1054 482 902 977
830 1280 1326 1054 578 844 1088 796 1190 1087 556 877 569 0 841 1228 1397 941 1032 1470 1168 792 1013 932 555 906 228 1414 1291 899 816 534 1078 372 1010 722 530 1117 2042 907 777 1441 1333 987 660 1135 160 747 179 807 934 739 319 930 842 656 83 1064 1211 814 1076 1354 917 950 771 95 965 1342 787 997 914 870 776 1301 1161 717 1155 1153 551 810 296 1018 1422 110 836 910
80 1245 1078 1392 916 1183 841 549 943 1399 894 629 908 841 0 980 1362 1279 785 1435 921 545 766 1271 556 659 643 1380 1044 652 59 535 831 523 1348 198 346 870 1795 660 529 1406 1298 1326 210 887 774 500 695 559 1272 1078 800 683 595 250 783 1376 964 1152 829 1107 670 703 524 810 718 1307 540 750 667 623 138 1081 914 1055 908 906 890 1149 777 1357 1388 754 49 663
969 1535 366 1779 1303 1569 1132 839 145 1689 1280 920 1294 1228 980 0 1652 1665 691 1726 122 835 673 1657 942 566 1029 1670 511 943 955 921 738 909 1734 861 732 777 2085 567 820 1696 1588 1712 799 355 1160 790 1081 850 1659 1464 1186 973 777 795 1169 1666 1254 1538 1119 394 960 994 814 1197 1008 1597 830 657 958 914 915 1372 93 1442 1199 1197 1276 1535 1163 1743 1678 1140 975 570
1350 138 1750 746 884 787 686 852 1615 500 1014 844 1028 1397 1362 1652 0 928 1414 192 1593 864 1436 920 1324 1288 1198 137 1716 867 1336 1302 1347 1265 702 1242 1113 1499 1187 1289 1092 162 245 680 1181 1559 1329 1063 1250 853 626 721 1355 940 1030 1176 1338 477 430 1012 1086 1779 766 918 1017 1366 933 89 873 1379 882 838 1297 367 1585 755 632 511 1010 753 1332 711 144 1309 1356 1333
1268 811 1764 586 473 293 1151 1234 1628 619 478 1309 492 941 1279 1665 928 0 1470 1002 1606 1230 1451 116 993 1344 742 946 1729 1332 1254 972 1516 809 541 1160 968 1555 1653 1345 1214 973 865 519 1098 1572 873 1185 794 1244 466 310 899 1368 1280 1094 882 596 895 333 1514 1792 1231 1383 1209 910 1398 874 1225 1435 1347 1303 1214 833 1599 344 1097 976 424 221 876 550 954 853 1274 1348
773 1297 790 1583 1107 1373 893 643 654 1451 1085 724 1098 1032 785 691 1414 1470 0 1487 632 639 221 1461 746 153 833 1431 755 747 759 725 118 713 1539 665 536 243 1847 154 624 1458 1350 1516 603 598 964 594 885 654 1463 1268 990 609 408 599 973 1428 1016 1343 754 818 722 798 508 1001 813 1359 634 63 762 718 720 1133 625 1246 960 958 1080 1339 967 1547 1440 944 779 242
1424 287 1824 820 958 861 759 925 1689 574 1088 918 1102 1470 1435 1726 192 1002 1487 0 1667 937 1509 994 1397 1362 1271 87 1789 941 1410 1376 1421 1339 776 1316 1187 1573 1261 1363 1166 40 195 754 1254 1633 1403 1136 1324 927 700 795 1429 1014 1103 1250 1412 551 504 1086 1159 1852 840 992 1091 1439 1006 254 947 1452 956 912 1371 441 1659 829 705 585 1084 827 1406 785 59 1383 1430 1407
910 1476 307 1719 1243 1510 1073 780 48 1630 1221 861 1235 1168 921 122 1593 1606 632 1667 0 776 614 1598 883 507 969 1611 452 883 896 862 679 850 1675 802 673 718 2026 508 761 1637 1529 1653 740 295 1101 731 1022 791 1599 1405 1127 914 717 735 1110 1607 1195 1479 1060 335 901 934 755 1137 949 1538 771 597 898 854 856 1313 56 1382 1139 1138 1217 1476 1104 1684 1619 1081 915 511
533 747 933 1147 867 1133 343 113 798 901 845 127 859 792 545 835 864 1230 639 937 776 0 621 1221 507 514 593 881 898 149 519 485 630 473 1103 425 296 725 1296 515 275 908 800 1080 364 742 725 246 646 115 1027 1028 750 345 313 359 733 878 466 1103 491 962 171 200 242 761 215 809 135 604 164 120 480 583 768 1006 410 408 840 1100 727 1111 889 704 539 518
755 1319 771 1564 1088 1355 915 625 636 1473 1066 706 1080 1013 766 673 1436 1451 221 1509 614 621 0 1443 728 216 814 1454 736 728 741 707 303 695 1520 647 518 187 1869 217 606 1480 1372 1498 585 580 946 576 867 636 1444 1250 972 631 430 580 955 1450 1038 1324 777 800 744 779 530 982 794 1381 616 186 743 699 701 1155 606 1227 982 980 1062 1321 949 1529 1462 926 761 127
1259 803 1755 577 464 284 1142 1225 1620 610 470 1301 484 932 1271 1657 920 116 1461 994 1598 1221 1443 0 985 1336 733 938 1720 1324 1245 963 1508 801 533 1151 960 1546 1644 1336 1206 964 856 511 1090 1564 865 1176 786 1236 457 302 890 1359 1272 1085 874 587 887 325 1505 1783 1223 1375 1200 901 1389 865 1216 1426 1339 1295 1206 824 1590 335 1088 968 415 213 868 542 946 844 1265 1340
545 1207 1040 1106 630 896 803 511 905 1140 608 591 622 555 556 942 1324 993 746 1397 883 507 728 985 0 621 356 1341 1005 614 531 45 793 237 1062 437 245 832 1756 622 491 1368 1260 1040 375 849 488 462 409 521 986 792 514 645 557 370 497 1117 926 866 791 1069 631 665 486 524 680 1269 502 711 629 585 491 1043 875 769 870 868 604 863 491 1071 1349 468 550 625
648 1171 664 1457 981 1248 768 518 529 1325 959 599 973 906 659 566 1288 1344 153 1362 507 514 216 1336 621 0 707 1306 629 621 634 600 235 588 1413 540 411 238 1721 28 499 1332 1224 1391 478 473 839 469 760 529 1337 1143 865 483 282 473 848 1302 890 1217 629 692 596 672 383 875 687 1233 509 118 636 592 594 1008 499 1120 835 833 955 1214 842 1422 1314 819 653 116
631 1081 1127 855 379 645 890 597 992 888 357 678 370 228 643 1029 1198 742 833 1271 969 593 814 733 356 707 0 1216 1092 700 617 335 879 173 811 523 332 918 1843 708 578 1242 1134 789 461 936 161 548 82 608 735 540 186 731 643 457 170 865 1012 615 877 1155 718 751 572 197 766 1143 588 798 715 671 578 1102 962 518 956 955 352 612 164 819 1224 140 637 712
1368 231 1768 764 902 805 703 869 1633 518 1032 862 1046 1414 1380 1670 137 946 1431 87 1611 881 1454 938 1341 1306 1216 0 1733 885 1354 1320 1365 1283 720 1260 1131 1517 1205 1307 1110 57 139 698 1199 1577 1347 1080 1268 871 644 739 1373 958 1047 1194 1356 495 448 1030 1104 1797 784 936 1035 1383 951 199 891 1397 900 856 1315 385 1603 773 650 529 1028 771 1350 729 39 1327 1374 1351
1032 1598 609 1842 1366 1632 1195 903 474 1753 1344 983 1357 1291 1044 511 1716 1729 755 1789 452 898 736 1720 1005 629 1092 1733 0 1006 1018 984 801 972 1798 924 795 840 2148 630 883 1760 1652 1776 863 274 1224 854 1145 913 1722 1527 1249 1037 840 858 1232 1730 1318 1602 1183 637 1023 1057 878 1260 1072 1661 894 720 1021 977 979 1435 444 1505 1262 1260 1339 1599 1226 1806 1741 1203 1038 633
641 750 1041 1150 974 1191 346 137 905 904 952 64 966 899 652 943 867 1332 747 941 883 149 728 1324 614 621 700 885 1006 0 627 593 738 581 1106 533 404 832 1300 622 382 911 803 1084 471 850 832 353 753 139 1030 1125 857 348 420 466 841 881 469 1210 494 1069 175 83 349 868 189 812 159 712 57 63 587 587 876 1113 413 411 948 1157 835 1114 893 812 646 625
55 1219 1053 1367 891 1157 816 523 918 1373 869 604 883 816 59 955 1336 1254 759 1410 896 519 741 1245 531 634 617 1354 1018 627 0 509 806 497 1323 172 320 844 1769 634 504 1380 1272 1301 184 862 749 474 670 534 1247 1052 774 657 570 224 758 1350 938 1127 803 1081 644 678 498 785 692 1281 514 724 642 598 113 1056 888 1030 883 881 864 1124 752 1331 1362 728 53 638
523 1185 1019 1085 609 875 782 489 884 1118 587 570 601 534 535 921 1302 972 725 1376 862 485 707 963 45 600 335 1320 984 593 509 0 772 216 1041 415 224 811 1735 601 470 1346 1239 1019 354 828 467 441 388 500 965 770 492 624 536 349 476 1095 905 845 769 1048 610 644 465 503 659 1247 480 690 608 564 470 1022 854 748 849 847 582 842 470 1050 1328 446 529 604
820 1230 836 1629 1153 1420 827 634 701 1384 1131 715 1145 1078 831 738 1347 1516 118 1421 679 630 303 1508 793 235 879 1365 801 738 806 772 0 760 1585 712 583 325 1780 236 643 1391 1283 1563 650 645 1011 614 932 645 1509 1315 1037 542 342 645 1020 1361 949 1389 688 865 655 789 442 1047 804 1292 625 146 753 709 766 1067 671 1292 894 892 1127 1386 1014 1594 1373 991 825 289
511 1148 1007 923 447 713 770 477 872 956 424 558 438 372 523 909 1265 809 713 1339 850 473 695 801 237 588 173 1283 972 581 497 216 760 0 878 403 212 799 1723 589 458 1310 1202 856 342 816 304 429 225 488 803 608 330 612 524 337 313 933 893 683 758 1036 598 632 453 341 647 1211 468 678 596 552 458 1010 842 586 837 835 420 679 307 887 1291 284 517 592
1337 585 1832 261 497 400 925 1091 1697 393 627 1083 641 1010 1348 1734 702 541 1539 776 1675 1103 1520 533 1062 1413 811 720 1798 1106 1323 1041 1585 878 0 1229 1037 1624 1426 1414 1283 746 638 67 1167 1641 942 1254 863 1092 141 334 968 1179 1269 1163 951 370 669 625 1325 1861 1005 1157 1256 979 1172 647 1112 1504 1121 1077 1283 606 1668 368 871 750 623 366 945 225 728 922 1343 1417
158 1125 959 1273 797 1063 722 429 824 1279 775 510 789 722 198 861 1242 1160 665 1316 802 425 647 1151 437 540 523 1260 924 533 172 415 712 403 1229 0 226 750 1675 540 410 1286 1178 1207 171 768 655 380 576 440 1153 958 680 563 476 93 664 1256 844 1033 709 987 550 584 404 691 598 1187 420 630 548 504 244 962 794 936 789 787 770 1030 657 1237 1268 634 192 544
334 996 830 1081 605 872 593 300 695 1115 583 381 597 530 346 732 1113 968 536 1187 673 296 518 960 245 411 332 1131 795 404 320 224 583 212 1037 226 0 622 1546 411 281 1157 1049 1015 165 639 463 251 384 311 962 767 489 434 347 160 472 1092 715 841 580 858 421 455 276 499 470 1058 291 501 419 375 281 833 665 744 660 658 579 838 466 1046 1139 443 340 415
858 1382 875 1668 1192 1458 979 729 740 1536 1170 809 1184 1117 870 777 1499 1555 243 1573 718 725 187 1546 832 238 918 1517 840 832 844 811 325 799 1624 750 622 0 1932 239 709 1543 1435 1602 689 684 1050 680 971 739 1548 1353 1075 694 493 684 1059 1513 1101 1428 840 903 807 883 594 1086 898 1444 720 208 847 803 805 1219 710 1331 1046 1044 1166 1425 1053 1633 1525 1030 864 233
1783 1070 2183 1470 1608 1511 1119 1285 2048 1225 1738 1277 1752 2042 1795 2085 1187 1653 1847 1261 2026 1296 1869 1644 1756 1721 1843 1205 2148 1300 1769 1735 1780 1723 1426 1675 1546 1932 0 1722 1525 1231 1124 1404 1614 1992 1975 1495 1896 1286 1351 1445 2000 1373 1463 1609 1983 1201 863 1736 1519 2212 1199 1351 1450 2011 1366 1132 1306 1812 1315 1271 1730 907 2018 1479 1065 944 1734 1478 1977 1435 1213 1954 1789 1766
648 1172 665 1458 982 1248 769 519 530 1326 960 599 974 907 660 567 1289 1345 154 1363 508 515 217 1336 622 28 708 1307 630 622 634 601 236 589 1414 540 411 239 1722 0 499 1333 1225 1392 479 474 840 470 761 529 1338 1143 865 484 283 474 849 1303 891 1218 630 693 597 673 384 876 688 1234 510 119 637 593 595 1009 500 1121 835 834 955 1215 843 1423 1315 819 654 117
518 975 918 1328 852 1118 572 279 783 1129 829 360 843 777 529 820 1092 1214 624 1166 761 275 606 1206 491 499 578 1110 883 382 504 470 643 458 1283 410 281 709 1525 499 0 1136 1028 1261 348 727 709 40 630 290 1208 1013 735 413 325 344 718 1106 694 1088 559 946 400 433 254 746 448 1037 270 589 397 354 464 812 753 991 639 637 825 1084 712 1292 1118 689 524 503
1394 258 1794 790 928 831 730 896 1659 544 1058 888 1072 1441 1406 1696 162 973 1458 40 1637 908 1480 964 1368 1332 1242 57 1760 911 1380 1346 1391 1310 746 1286 1157 1543 1231 1333 1136 0 165 724 1225 1603 1373 1107 1294 897 670 765 1399 984 1074 1220 1382 521 474 1056 1130 1823 810 962 1061 1410 977 224 917 1423 926 882 1341 411 1629 799 676 555 1054 798 1376 755 29 1353 1400 1377
1286 150 1686 682 820 723 622 788 1551 436 950 780 964 1333 1298 1588 245 865 1350 195 1529 800 1372 856 1260 1224 1134 139 1652 803 1272 1239 1283 1202 638 1178 1049 1435 1124 1225 1028 165 0 616 1117 1495 1266 999 1186 789 562 657 1291 876 966 1112 1274 413 366 948 1022 1715 702 854 953 1302 869 212 809 1315 818 774 1233 303 1521 691 568 447 946 690 1268 647 147 1245 1292 1269
1315 563 1810 239 475 378 903 1069 1675 371 605 1061 619 987 1326 1712 680 519 1516 754 1653 1080 1498 511 1040 1391 789 698 1776 1084 1301 1019 1563 856 67 1207 1015 1602 1404 1392 1261 724 616 0 1145 1619 920 1232 841 1070 119 312 946 1157 1247 1140 929 348 647 603 1303 1839 983 1135 1234 956 1150 625 1090 1482 1099 1055 1261 584 1645 346 849 728 601 344 923 203 706 900 1321 1395
198 1064 897 1211 735 1002 660 368 762 1218 713 448 727 660 210 799 1181 1098 603 1254 740 364 585 1090 375 478 461 1199 863 471 184 354 650 342 1167 171 165 689 1614 479 348 1225 1117 1145 0 706 593 319 514 378 1091 897 619 502 414 105 602 1195 783 971 648 926 489 522 343 629 537 1126 359 569 486 442 145 900 732 874 727 725 709 968 596 1176 1207 573 204 482
876 1442 453 1686 1210 1476 1039 746 318 1596 1187 827 1201 1135 887 355 1559 1572 598 1633 295 742 580 1564 849 473 936 1577 274 850 862 828 645 816 1641 768 639 684 1992 474 727 1603 1495 1619 706 0 1067 697 988 757 1566 1371 1093 880 684 702 1076 1573 1161 1446 1026 481 867 901 721 1104 915 1504 737 564 865 821 822 1279 288 1349 1106 1104 1183 1442 1070 1650 1585 1047 882 477
763 1212 1258 986 511 777 1021 729 1123 1020 488 809 502 160 774 1160 1329 873 964 1403 1101 725 946 865 488 839 161 1347 1224 832 749 467 1011 304 942 655 463 1050 1975 840 709 1373 1266 920 593 1067 0 680 112 739 867 672 221 863 775 588 101 997 1144 746 1009 1287 850 883 704 129 898 1274 720 930 847 803 709 1233 1093 649 1088 1086 484 743 229 951 1355 72 769 843
488 946 888 1298 822 1088 542 250 753 1100 800 330 814 747 500 790 1063 1185 594 1136 731 246 576 1176 462 469 548 1080 854 353 474 441 614 429 1254 380 251 680 1495 470 40 1107 999 1232 319 697 680 0 601 260 1178 983 705 384 296 314 689 1077 665 1058 530 917 370 404 225 716 419 1008 241 560 368 324 435 782 723 961 609 607 795 1055 683 1263 1088 659 494 473
684 1133 1179 907 431 698 942 650 1044 941 409 730 423 179 695 1081 1250 794 885 1324 1022 646 867 786 409 760 82 1268 1145 753 670 388 932 225 863 576 384 971 1896 761 630 1294 1186 841 514 988 112 601 0 660 787 593 172 784 696 509 121 918 1065 667 930 1208 770 804 625 148 819 1195 641 850 768 724 630 1154 1014 570 1009 1007 405 664 150 872 1276 92 689 764
548 736 948 1136 882 1148 333 103 813 890 859 116 873 807 559 850 853 1244 654 927 791 115 636 1236 521 529 608 871 913 139 534 500 645 488 1092 440 311 739 1286 529 290 897 789 1070 378 757 739 260 660 0 1016 1043 765 335 327 374 748 867 455 1118 481 976 161 190 256 776 205 798 124 619 154 110 494 573 783 1021 400 398 855 1114 742 1101 879 719 554 533
1261 509 1757 139 421 324 849 1015 1622 317 551 1007 565 934 1272 1659 626 466 1463 700 1599 1027 1444 457 986 1337 735 644 1722 1030 1247 965 1509 803 141 1153 962 1548 1351 1338 1208 670 562 119 1091 1566 867 1178 787 1016 0 258 892 1103 1193 1087 875 294 593 549 1249 1785 929 1081 1181 903 1096 571 1036 1428 1045 1001 1207 530 1592 292 795 674 547 291 869 104 652 846 1267 1341
1066 604 1562 378 226 169 944 1032 1427 412 357 1102 370 739 1078 1464 721 310 1268 795 1405 1028 1250 302 792 1143 540 739 1527 1125 1052 770 1315 608 334 958 767 1353 1445 1143 1013 765 657 312 897 1371 672 983 593 1043 258 0 697 1166 1079 892 681 389 688 394 1312 1590 1024 1176 1007 708 1191 666 1023 1233 1140 1096 1013 625 1397 137 890 769 352 135 675 343 747 651 1072 1147
788 1238 1284 1012 536 802 1047 754 1149 1045 514 835 528 319 800 1186 1355 899 990 1429 1127 750 972 890 514 865 186 1373 1249 857 774 492 1037 330 968 680 489 1075 2000 865 735 1399 1291 946 619 1093 221 705 172 765 892 697 0 888 801 614 260 1022 1169 772 1034 1312 875 909 729 288 923 1300 745 955 873 829 735 1259 1119 675 1114 1112 509 769 74 977 1381 231 794 869
671 823 1071 1223 1005 1264 419 333 936 977 983 326 997 930 683 973 940 1368 609 1014 914 345 631 1359 645 483 731 958 1037 348 657 624 542 612 1179 563 434 694 1373 484 413 984 876 1157 502 880 863 384 784 335 1103 1166 888 0 225 497 872 954 542 1241 178 1100 248 399 212 899 414 885 355 574 363 319 618 660 907 1144 486 484 979 1230 866 1187 966 842 677 528
584 913 875 1313 917 1183 509 317 739 1067 895 397 909 842 595 777 1030 1280 408 1103 717 313 430 1272 557 282 643 1047 840 420 570 536 342 524 1269 476 347 493 1463 283 325 1074 966 1247 414 684 775 296 696 327 1193 1079 801 225 0 409 784 1044 632 1153 370 903 337 471 124 811 486 975 308 373 435 391 530 749 710 1056 576 574 891 1150 778 1277 1056 755 589 327
210 1059 893 1207 731 997 656 363 758 1213 709 444 722 656 250 795 1176 1094 599 1250 735 359 580 1085 370 473 457 1194 858 466 224 349 645 337 1163 93 160 684 1609 474 344 1220 1112 1140 105 702 588 314 509 374 1087 892 614 497 409 0 597 1190 778 967 643 921 484 517 338 625 532 1121 354 564 481 437 221 896 728 870 722 721 704 963 591 1171 1202 568 244 478
771 1221 1267 995 519 786 1030 738 1132 1029 497 818 511 83 783 1169 1338 882 973 1412 1110 733 955 874 497 848 170 1356 1232 841 758 476 1020 313 951 664 472 1059 1983 849 718 1382 1274 929 602 1076 101 689 121 748 875 681 260 872 784 597 0 1006 1153 755 1018 1296 858 892 713 97 907 1283 729 938 856 812 718 1242 1102 658 1097 1095 493 752 238 960 1364 51 777 852
1364 360 1764 414 551 454 700 866 1629 45 682 858 695 1064 1376 1666 477 596 1428 551 1607 878 1450 587 1117 1302 865 495 1730 881 1350 1095 1361 933 370 1256 1092 1513 1201 1303 1106 521 413 348 1195 1573 997 1077 918 867 294 389 1022 954 1044 1190 1006 0 444 679 1100 1793 780 932 1031 1033 947 422 887 1393 896 852 1311 381 1599 422 646 525 677 421 1000 378 503 976 1370 1347
952 313 1352 713 851 754 288 454 1217 467 981 446 995 1211 964 1254 430 895 1016 504 1195 466 1038 887 926 890 1012 448 1318 469 938 905 949 893 669 844 715 1101 863 891 694 474 366 647 783 1161 1144 665 1065 455 593 688 1169 542 632 778 1153 444 0 979 688 1381 368 520 620 1180 535 375 475 981 484 440 899 150 1187 721 234 113 976 720 1147 677 456 1123 958 935
1141 895 1637 669 453 376 1234 1107 1501 702 352 1188 365 814 1152 1538 1012 333 1343 1086 1479 1103 1324 325 866 1217 615 1030 1602 1210 1127 845 1389 683 625 1033 841 1428 1736 1218 1088 1056 948 603 971 1446 746 1058 667 1118 549 394 772 1241 1153 967 755 679 979 0 1387 1665 1228 1261 1082 783 1276 957 1098 1308 1225 1181 1087 916 1472 427 1181 1060 297 305 749 634 1038 726 1147 1221
817 969 1217 1369 1151 1410 565 479 1082 1123 1129 472 1143 1076 829 1119 1086 1514 754 1159 1060 491 777 1505 791 629 877 1104 1183 494 803 769 688 758 1325 709 580 840 1519 630 559 1130 1022 1303 648 1026 1009 530 930 481 1249 1312 1034 178 370 643 1018 1100 688 1387 0 1246 394 545 358 1045 560 1031 501 720 509 465 764 805 1052 1290 632 630 1124 1376 1012 1333 1112 988 823 674
1095 1662 50 1905 1429 1695 1258 966 357 1816 1407 1046 1421 1354 1107 394 1779 1792 818 1852 335 962 800 1783 1069 692 1155 1797 637 1069 1081 1048 865 1036 1861 987 858 903 2212 693 946 1823 1715 1839 926 481 1287 917 1208 976 1785 1590 1312 1100 903 921 1296 1793 1381 1665 1246 0 1087 1120 941 1323 1135 1724 957 783 1084 1040 1042 1498 328 1568 1325 1323 1402 1662 1290 1870 1805 1266 1101 697
658 649 1058 1049 992 1090 246 159 923 803 970 152 983 917 670 960 766 1231 722 840 901 171 744 1223 631 596 718 784 1023 175 644 610 655 598 1005 550 421 807 1199 597 400 810 702 983 489 867 850 370 770 161 929 1024 875 248 337 484 858 780 368 1228 394 1087 0 226 325 886 241 711 181 687 190 146 605 486 893 1058 313 311 965 1056 852 1014 792 829 664 641
692 801 1092 1201 1025 1242 397 188 957 955 1003 115 1017 950 703 994 918 1383 798 992 934 200 779 1375 665 672 751 936 1057 83 678 644 789 632 1157 584 455 883 1351 673 433 962 854 1135 522 901 883 404 804 190 1081 1176 909 399 471 517 892 932 520 1261 545 1120 226 0 400 919 240 863 210 763 71 114 638 638 927 1164 464 462 999 1208 886 1165 944 863 697 676
512 900 913 1300 846 1112 497 246 777 1055 824 326 838 771 524 814 1017 1209 508 1091 755 242 530 1200 486 383 572 1035 878 349 498 465 442 453 1256 404 276 594 1450 384 254 1061 953 1234 343 721 704 225 625 256 1181 1007 729 212 124 338 713 1031 620 1082 358 941 325 400 0 740 415 962 237 473 364 320 459 737 748 985 564 562 820 1079 707 1265 1043 684 518 428
799 1249 1295 1023 547 813 1057 765 1159 1056 525 846 538 95 810 1197 1366 910 1001 1439 1137 761 982 901 524 875 197 1383 1260 868 785 503 1047 341 979 691 499 1086 2011 876 746 1410 1302 956 629 1104 129 716 148 776 903 708 288 899 811 625 97 1033 1180 783 1045 1323 886 919 740 0 934 1311 756 966 883 839 745 1270 1130 686 1124 1122 520 779 265 987 1391 79 805 879
770 880 1171 1280 1104 1321 476 267 1035 1034 1082 194 1096 1029 782 1072 997 1462 877 1070 1013 279 858 1453 744 751 830 1015 1136 185 757 723 868 711 1236 662 534 962 1430 752 512 1041 933 1214 601 979 962 483 883 269 1160 1255 987 478 550 596 971 1011 599 1340 624 1199 305 199 479 998 0 942 289 842 200 193 717 717 1006 1243 543 541 1078 1287 965 1244 1023 942 776 755
1295 84 1695 691 829 732 631 797 1560 445 959 789 973 1342 1307 1597 89 874 1359 254 1538 809 1381 865 1269 1233 1143 199 1661 812 1281 1247 1292 1211 647 1187 1058 1444 1132 1234 1037 224 212 625 1126 1504 1274 1008 1195 798 571 666 1300 885 975 1121 1283 422 375 957 1031 1724 711 863 962 1311 878 0 818 1324 827 783 1242 312 1530 700 577 456 955 699 1277 656 206 1254 1301 1278
528 756 928 1156 862 1128 353 123 793 910 840 136 854 787 540 830 873 1225 634 947 771 135 616 1216 502 509 588 891 894 159 514 480 625 468 1112 420 291 720 1306 510 270 917 809 1090 359 737 720 241 641 124 1036 1023 745 355 308 354 729 887 475 1098 501 957 181 210 237 756 225 818 0 599 174 130 475 593 763 1001 420 418 835 1095 723 1121 899 699 534 513
738 1262 755 1548 1072 1338 858 608 619 1416 1050 689 1063 997 750 657 1379 1435 63 1452 597 604 186 1426 711 118 798 1397 720 712 724 690 146 678 1504 630 501 208 1812 119 589 1423 1315 1482 569 564 930 560 850 619 1428 1233 955 574 373 564 938 1393 981 1308 720 783 687 763 473 966 778 1324 599 0 727 683 685 1098 590 1211 925 923 1045 1305 932 1512 1405 909 744 207
656 765 1056 1165 989 1206 361 152 921 919 967 79 981 914 667 958 882 1347 762 956 898 164 743 1339 629 636 715 900 1021 57 642 608 753 596 1121 548 419 847 1315 637 397 926 818 1099 486 865 847 368 768 154 1045 1140 873 363 435 481 856 896 484 1225 509 1084 190 71 364 883 204 827 174 727 0 78 602 602 891 1128 428 426 963 1172 850 1130 908 827 661 641
612 721 1012 1121 945 1162 318 108 877 875 923 57 937 870 623 914 838 1303 718 912 854 120 699 1295 585 592 671 856 977 63 598 564 709 552 1077 504 375 803 1271 593 354 882 774 1055 442 821 803 324 724 110 1001 1096 829 319 391 437 812 852 440 1181 465 1040 146 114 320 839 160 783 130 683 78 0 558 558 847 1084 384 383 919 1128 806 1086 864 783 618 597
127 1180 1014 1327 851 1118 776 484 878 1334 829 565 843 776 138 915 1297 1214 720 1371 856 480 701 1206 491 594 578 1315 979 587 113 470 766 458 1283 244 281 805 1730 595 464 1341 1233 1261 145 822 709 435 630 494 1207 1013 735 618 530 221 718 1311 899 1087 764 1042 605 638 459 745 653 1242 475 685 602 558 0 1017 849 990 843 841 825 1084 712 1292 1323 689 133 598
1070 250 1470 650 788 691 405 571 1335 404 918 564 932 1301 1081 1372 367 833 1133 441 1313 583 1155 824 1043 1008 1102 385 1435 587 1056 1022 1067 1010 606 962 833 1219 907 1009 812 411 303 584 900 1279 1233 782 1154 573 530 625 1259 660 749 896 1242 381 150 916 805 1498 486 638 737 1270 652 312 593 1098 602 558 1017 0 1305 659 352 231 914 658 1236 615 393 1213 1076 1053
902 1468 299 1712 1236 1502 1065 772 78 1622 1214 853 1227 1161 914 93 1585 1599 625 1659 56 768 606 1590 875 499 962 1603 444 876 888 854 671 842 1668 794 665 710 2018 500 753 1629 1521 1645 732 288 1093 723 1014 783 1592 1397 1119 907 710 728 1102 1599 1187 1472 1052 328 893 927 748 1130 942 1530 763 590 891 847 849 1305 0 1375 1132 1130 1209 1468 1096 1676 1611 1073 908 503
1044 638 1540 412 204 202 977 1010 1405 445 334 1091 348 717 1055 1442 755 344 1246 829 1382 1006 1227 335 769 1120 518 773 1505 1113 1030 748 1292 586 368 936 744 1331 1479 1121 991 799 691 346 874 1349 649 961 570 1021 292 137 675 1144 1056 870 658 422 721 427 1290 1568 1058 1164 985 686 1179 700 1001 1211 1128 1084 990 659 1375 0 923 802 330 169 652 377 781 629 1050 1124
897 515 1297 915 1053 956 232 398 1162 669 1183 391 1197 1155 908 1199 632 1097 960 705 1139 410 982 1088 870 835 956 650 1262 413 883 849 894 837 871 789 660 1046 1065 835 639 676 568 849 727 1106 1088 609 1009 400 795 890 1114 486 576 722 1097 646 234 1181 632 1325 313 464 564 1124 479 577 420 925 428 384 843 352 1132 923 0 176 1178 922 1091 879 658 1068 903 879
895 394 1295 794 932 835 230 396 1160 548 1062 389 1076 1153 906 1197 511 976 958 585 1138 408 980 968 868 833 955 529 1260 411 881 847 892 835 750 787 658 1044 944 834 637 555 447 728 725 1104 1086 607 1007 398 674 769 1112 484 574 721 1095 525 113 1060 630 1323 311 462 562 1122 477 456 418 923 426 383 841 231 1130 802 176 0 1057 801 1089 758 537 1066 901 877
878 893 1374 667 191 457 1137 844 1239 700 89 925 103 551 890 1276 1010 424 1080 1084 1217 840 1062 415 604 955 352 1028 1339 948 864 582 1127 420 623 770 579 1166 1734 955 825 1054 946 601 709 1183 484 795 405 855 547 352 509 979 891 704 493 677 976 297 1124 1402 965 999 820 520 1014 955 835 1045 963 919 825 914 1209 330 1178 1057 0 395 487 631 1036 464 884 959
1138 636 1633 411 298 118 976 1104 1498 444 428 1135 442 810 1149 1535 753 221 1339 827 1476 1100 1321 213 863 1214 612 771 1599 1157 1124 842 1386 679 366 1030 838 1425 1478 1215 1084 798 690 344 968 1442 743 1055 664 1114 291 135 769 1230 1150 963 752 421 720 305 1376 1662 1056 1208 1079 779 1223 699 1095 1305 1172 1128 1084 658 1468 169 922 801 395 0 746 375 779 723 1143 1218
765 1215 1261 989 513 780 1024 732 1126 1023 491 812 505 296 777 1163 1332 876 967 1406 1104 727 949 868 491 842 164 1350 1226 835 752 470 1014 307 945 657 466 1053 1977 843 712 1376 1268 923 596 1070 229 683 150 742 869 675 74 866 778 591 238 1000 1147 749 1012 1290 852 886 707 265 901 1277 723 932 850 806 712 1236 1096 652 1091 1089 487 746 0 954 1358 208 771 846
1345 594 1841 112 506 409 933 1099 1706 401 636 1092 650 1018 1357 1743 711 550 1547 785 1684 1111 1529 542 1071 1422 819 729 1806 1114 1331 1050 1594 887 225 1237 1046 1633 1435 1423 1292 755 647 203 1176 1650 951 1263 872 1101 104 343 977 1187 1277 1171 960 378 677 634 1333 1870 1014 1165 1265 987 1180 656 1121 1512 1130 1086 1292 615 1676 377 879 758 631 375 954 0 737 931 1351 1426
1376 239 1776 772 910 813 712 878 1641 526 1040 870 1054 1422 1388 1678 144 954 1440 59 1619 889 1462 946 1349 1314 1224 39 1741 893 1362 1328 1373 1291 728 1268 1139 1525 1213 1315 1118 29 147 706 1207 1585 1355 1088 1276 879 652 747 1381 966 1056 1202 1364 503 456 1038 1112 1805 792 944 1043 1391 959 206 899 1405 908 864 1323 393 1611 781 658 537 1036 779 1358 737 0 1335 1382 1359
742 1192 1238 966 490 756 1001 708 1103 1000 468 789 482 110 754 1140 1309 853 944 1383 1081 704 926 844 468 819 140 1327 1203 812 728 446 991 284 922 634 443 1030 1954 819 689 1353 1245 900 573 1047 72 659 92 719 846 651 231 842 755 568 51 976 1123 726 988 1266 829 863 684 79 878 1254 699 909 827 783 689 1213 1073 629 1068 1066 464 723 208 931 1335 0 748 823
75 1239 1073 1387 911 1177 836 543 938 1393 889 624 902 836 49 975 1356 1274 779 1430 915 539 761 1265 550 653 637 1374 1038 646 53 529 825 517 1343 192 340 864 1789 654 524 1400 1292 1321 204 882 769 494 689 554 1267 1072 794 677 589 244 777 1370 958 1147 823 1101 664 697 518 805 712 1301 534 744 661 618 133 1076 908 1050 903 901 884 1143 771 1351 1382 748 0 658
652 1216 668 1461 985 1252 812 522 533 1370 963 603 977 910 663 570 1333 1348 242 1407 511 518 127 1340 625 116 712 1351 633 625 638 604 289 592 1417 544 415 233 1766 117 503 1377 1269 1395 482 477 843 473 764 533 1341 1147 869 528 327 478 852 1347 935 1221 674 697 641 676 428 879 691 1278 513 207 641 597 598 1053 503 1124 879 877 959 1218 846 1426 1359 823 658 0
EOF