NAME : tsp_problem
TYPE : TSP
DIMENSION : 88
EDGE_WEIGHT_TYPE : EXPLICIT
EDGE_WEIGHT_FORMAT : FULL_MATRIX
EDGE_WEIGHT_SECTION
0 1180 349 1142 1142 395 655 392 675 1139 505 232 85 915 2048 560 1145 637 1366 1196 1428 1308 407 768 1040 814 443 1157 1207 1680 634 640 964 1241 701 1057 1081 1261 1191 1005 977 1138 401 1069 898 1158 1062 1396 693 675 650 1135 1076 1146 1257 1148 603 276 1223 1121 83 427 609 1075 1370 1175 944 1090 822 1387 721 1068 1097 63 1241 390 1384 846 1203 682 1212 1547 1325 556 713 1285 1004 122
1180 0 1380 671 307 1177 1383 856 539 497 853 1095 1220 288 1859 908 1247 1446 897 555 960 840 1333 465 1143 575 1474 516 452 1491 981 988 267 543 1049 221 440 742 54 537 280 667 1432 161 565 687 461 928 703 1403 1378 664 505 957 686 450 951 1307 652 367 1219 1277 957 830 902 421 473 619 1125 919 1530 597 400 1148 546 1173 916 1148 552 1491 458 1079 857 671 1442 644 922 1153
349 1380 0 1315 1343 326 388 592 875 1339 706 432 388 1116 1781 761 878 370 1566 1397 1628 1508 140 969 773 1014 198 1357 1407 1413 834 840 1164 1441 901 1257 1281 994 1391 1206 1177 1311 156 1269 1099 1331 1262 1596 893 408 383 1308 1131 879 1060 1348 803 241 1025 1321 388 160 809 808 1570 1376 1144 1263 555 1587 454 1241 1298 317 1442 321 1584 579 1403 415 1412 1748 1526 756 447 1485 737 264
1142 671 1315 0 634 1140 1125 818 502 767 815 1057 1182 407 1601 870 990 1273 994 825 1056 936 1245 427 885 538 1431 785 779 1233 944 950 448 572 1011 548 709 484 682 634 434 36 1389 560 527 88 691 1024 665 1146 1121 33 247 700 428 479 913 1269 394 694 1181 1190 919 572 998 748 240 99 867 1015 1358 106 429 1110 870 1135 1012 891 831 1319 785 1176 954 633 1184 913 664 1115
1142 307 1343 634 0 1140 1345 819 502 216 816 1057 1182 251 1821 870 1210 1408 616 274 678 558 1295 427 1105 538 1436 234 171 1453 944 950 229 506 1011 129 158 704 310 255 242 630 1395 184 385 649 180 646 665 1366 1341 627 467 920 648 413 913 1269 614 85 1181 1240 919 792 620 140 435 582 1087 637 1492 560 363 1110 265 1135 634 1111 271 1453 177 797 576 633 1404 362 884 1115
395 1177 326 1140 1140 0 386 389 673 1136 503 309 434 913 1779 558 877 368 1363 1194 1425 1306 255 766 772 811 442 1154 1204 1411 631 638 962 1238 699 1054 1078 993 1188 1003 974 1136 400 1067 896 1155 1060 1394 691 407 382 1133 1073 878 1058 1145 601 485 1024 1118 433 200 607 807 1367 1173 942 1088 554 1384 453 1066 1095 363 1239 60 1382 577 1200 414 1210 1545 1323 553 445 1283 735 367
655 1383 388 1125 1345 386 0 675 959 1422 789 595 694 1188 1591 844 688 346 1649 1480 1711 1592 318 1052 583 1097 504 1440 1490 1223 917 924 1142 1266 985 1260 1364 805 1394 1289 1127 1121 462 1272 1182 1141 1346 1679 977 120 95 1118 941 690 870 1173 886 547 835 1404 694 262 892 618 1653 1459 1057 1073 365 1670 430 1051 1123 623 1525 382 1668 389 1486 391 1496 1831 1609 839 158 1568 547 570
392 856 592 818 819 389 675 0 351 815 182 306 431 592 2068 237 1165 657 1042 873 1104 984 544 445 1061 490 686 833 883 1700 310 316 640 917 377 733 757 989 867 682 653 814 644 745 575 834 738 1072 369 695 670 811 752 1167 933 824 279 518 899 797 430 489 285 1077 1046 852 620 766 842 1063 741 744 774 360 918 384 1060 866 879 703 888 1224 1002 232 734 961 1024 364
675 539 875 502 502 673 959 351 0 498 348 590 715 275 1789 403 1178 941 725 556 787 667 828 128 1073 173 969 516 566 1421 477 483 323 600 544 416 440 672 550 365 336 498 927 428 258 517 422 755 198 979 954 495 435 888 616 507 446 802 582 480 714 772 452 760 729 535 303 450 1055 746 1025 428 457 643 601 668 743 1079 562 986 572 907 685 166 1017 644 852 648
1139 497 1339 767 216 1136 1422 815 498 0 812 1053 1178 441 2012 867 1401 1404 607 90 669 549 1291 424 1296 534 1433 60 247 1644 940 947 420 697 1008 320 86 895 501 247 433 763 1391 375 376 782 171 637 662 1442 1418 760 658 1111 839 604 909 1265 805 189 1178 1236 915 983 611 236 569 715 1278 628 1489 693 553 1107 135 1131 625 1302 97 1450 201 789 567 630 1481 188 1075 1112
505 853 706 815 816 503 789 182 348 812 0 420 545 589 2103 126 1279 771 1039 870 1101 981 658 442 1175 487 799 830 880 1735 199 206 637 914 267 730 754 986 864 679 650 812 758 742 572 831 736 1069 366 809 784 809 749 1202 930 821 168 632 896 794 544 603 174 1074 1043 849 617 764 956 1060 855 741 771 473 915 498 1057 980 876 816 885 1221 999 229 848 958 1138 478
232 1095 432 1057 1057 309 595 306 590 1053 420 0 271 830 1988 475 1085 577 1280 1111 1342 1223 464 683 981 728 526 1071 1121 1620 548 555 879 1155 616 971 995 1202 1105 920 891 1053 484 984 813 1072 977 1311 608 615 591 1050 990 1087 1172 1062 518 359 1137 1035 271 409 524 1015 1284 1090 859 1005 762 1302 661 983 1012 200 1156 304 1299 786 1117 623 1127 1462 1240 470 654 1200 944 205
85 1220 388 1182 1182 434 694 431 715 1178 545 271 0 955 2087 600 1185 676 1405 1236 1467 1348 446 808 1080 853 482 1196 1246 1719 673 680 1004 1280 741 1096 1120 1301 1230 1045 1017 1178 440 1109 938 1197 1102 1436 733 714 690 1175 1116 1186 1297 1187 643 315 1262 1160 64 467 649 1115 1410 1215 984 1130 862 1427 761 1108 1137 103 1281 429 1424 885 1242 722 1252 1587 1365 595 753 1325 1043 161
915 288 1116 407 251 913 1188 592 275 441 589 830 955 0 1665 644 1053 1181 767 499 830 710 1068 200 948 311 1209 460 396 1296 717 723 72 349 784 165 384 547 299 407 85 403 1168 177 300 422 405 798 438 1209 1184 400 310 763 491 256 686 1042 457 311 954 1013 692 636 772 365 208 355 930 789 1265 333 206 883 490 908 786 954 496 1226 402 949 727 406 1247 588 727 888
2000 1811 1733 1554 1774 1732 1543 2021 1742 1964 2056 1941 2040 1617 0 2110 1408 1691 2190 2022 2253 2133 1663 1667 1303 1778 1849 1983 1920 1651 2184 2190 1570 1694 2251 1688 1907 1233 1822 1874 1556 1550 1807 1700 1767 1569 1929 2221 1905 1564 1539 1547 1369 1118 1298 1601 2153 1893 1264 1834 2039 1608 2159 1046 2195 1888 1485 1502 1285 2212 1776 1480 1551 1968 2013 1727 2209 1309 2019 1737 1925 2372 2150 1873 1602 2111 1082 1915
560 908 761 870 870 558 844 237 403 867 126 475 600 644 2158 0 1334 826 1094 925 1156 1036 713 497 1229 542 854 885 935 1790 109 226 692 969 187 785 809 1041 919 733 705 866 813 797 626 886 790 1124 421 864 839 863 804 1257 985 876 189 687 951 849 599 658 84 1129 1098 903 672 818 1011 1115 910 796 826 528 970 553 1112 1035 931 871 940 1275 1054 284 903 1013 1193 533
1145 1247 878 990 1210 877 688 1165 1178 1401 1279 1085 1185 1053 1456 1334 0 836 1670 1458 1733 1613 808 1103 218 1214 994 1419 1356 1087 1408 1414 1006 1130 1475 1124 1343 669 1258 1310 992 986 952 1136 1203 1005 1365 1701 1341 709 684 983 805 554 734 1037 1377 1037 700 1270 1184 753 1383 483 1675 1324 921 938 430 1692 921 916 987 1113 1449 872 1689 454 1456 882 1361 1852 1630 1309 747 1547 411 1060
637 1446 370 1273 1408 368 346 657 941 1404 771 577 676 1181 1739 826 836 0 1631 1462 1694 1574 300 1034 732 1079 486 1423 1472 1371 899 906 1230 1414 967 1322 1347 953 1456 1271 1243 1269 444 1335 1164 1289 1328 1662 959 366 341 1267 1089 838 1018 1321 869 529 984 1386 676 244 875 766 1636 1441 1205 1222 513 1653 242 1199 1271 605 1507 364 1650 537 1468 203 1478 1813 1591 821 405 1551 695 552
1366 897 1566 994 616 1363 1649 1042 725 607 1039 1280 1405 767 2244 1094 1670 1631 0 665 456 337 1518 651 1565 761 1659 625 675 1914 1167 1174 816 1093 1235 719 549 1164 901 405 829 990 1618 775 603 1009 530 424 889 1669 1644 987 928 1380 1109 999 1136 1492 1075 589 1404 1463 1142 1253 398 644 796 942 1548 132 1715 920 949 1334 710 1358 413 1571 671 1677 680 576 354 857 1708 753 1345 1338
1196 555 1397 825 274 1194 1480 873 556 90 870 1111 1236 499 2070 925 1458 1462 665 0 727 607 1349 482 1354 592 1490 118 193 1702 998 1004 478 754 1065 377 144 953 559 304 491 821 1449 433 434 840 229 695 719 1500 1475 818 716 1168 897 661 967 1323 863 236 1235 1294 973 1041 669 182 627 773 1336 686 1546 751 611 1164 81 1189 683 1359 70 1507 147 846 625 687 1539 246 1133 1169
1428 960 1628 1056 678 1425 1711 1104 787 669 1101 1342 1467 830 2307 1156 1733 1694 456 727 0 219 1581 713 1628 823 1722 687 737 1976 1229 1236 878 1155 1297 782 611 1227 963 468 891 1052 1680 837 666 1072 593 307 951 1732 1707 1049 990 1443 1171 1062 1199 1555 1137 651 1467 1525 1205 1315 195 706 858 1004 1610 478 1778 982 1012 1396 772 1421 71 1633 733 1739 743 459 150 919 1770 816 1407 1401
1308 840 1508 936 558 1306 1592 984 667 549 981 1223 1348 710 2187 1036 1613 1574 337 607 219 0 1461 593 1508 703 1602 568 617 1856 1110 1116 758 1035 1177 662 492 1107 843 348 771 933 1560 717 546 952 473 132 831 1612 1587 930 870 1323 1051 942 1079 1435 1017 532 1347 1405 1085 1195 161 586 738 885 1490 358 1658 863 892 1276 652 1301 175 1514 613 1619 623 283 117 799 1650 696 1287 1281
407 1333 140 1245 1295 255 318 544 828 1291 658 464 446 1068 1711 713 808 300 1518 1349 1581 1461 0 921 703 966 256 1310 1359 1342 786 793 1117 1386 854 1209 1234 924 1343 1158 1130 1241 214 1222 1051 1260 1215 1549 846 338 313 1238 1061 809 989 1293 756 299 955 1273 445 90 762 738 1523 1328 1097 1193 485 1540 384 1171 1242 375 1394 251 1537 509 1355 345 1365 1700 1478 708 376 1438 667 322
768 465 969 427 427 766 1052 445 128 424 442 683 808 200 1715 497 1103 1034 651 482 713 593 921 0 999 164 1062 442 492 1347 570 577 249 526 637 342 366 598 476 290 262 423 1021 354 183 443 347 681 292 1072 1047 420 361 814 542 433 539 895 508 406 807 866 545 686 655 460 229 375 981 672 1118 353 383 737 527 761 669 1004 488 1080 497 832 611 259 1111 570 778 741
1040 1143 773 885 1105 772 583 1061 1073 1296 1175 981 1080 948 1351 1229 218 732 1565 1354 1628 1508 703 999 0 1109 889 1314 1251 982 1303 1309 902 1026 1370 1019 1238 564 1153 1205 887 881 847 1032 1098 900 1260 1596 1237 604 579 878 701 449 629 933 1272 933 595 1165 1079 648 1278 378 1570 1220 816 833 325 1587 816 811 882 1008 1345 767 1584 349 1351 777 1256 1747 1525 1205 642 1442 307 955
814 575 1014 538 538 811 1097 490 173 534 487 728 853 311 1825 542 1214 1079 761 592 823 703 966 164 1109 0 1107 552 602 1457 615 622 359 636 683 452 476 708 586 401 372 534 1066 464 294 553 458 791 337 1117 1092 531 471 924 652 543 584 940 618 516 852 911 590 796 765 571 339 486 1091 782 1163 464 493 782 637 806 779 1115 598 1125 608 943 721 305 1156 680 888 786
443 1474 198 1431 1436 442 504 686 969 1433 799 526 482 1209 1897 854 994 486 1659 1490 1722 1602 256 1062 889 1107 0 1451 1501 1529 928 934 1258 1535 995 1351 1375 1110 1485 1299 1271 1427 107 1363 1192 1446 1356 1690 987 524 499 1424 1247 995 1175 1442 897 335 1141 1415 482 276 903 924 1664 1469 1238 1379 671 1681 570 1357 1391 411 1535 437 1678 695 1497 531 1506 1841 1619 849 563 1579 853 358
1157 516 1357 785 234 1154 1440 833 516 60 830 1071 1196 460 2030 885 1419 1423 625 118 687 568 1310 442 1314 552 1451 0 275 1662 958 965 438 715 1026 338 104 913 519 265 451 781 1409 393 395 801 187 656 680 1461 1436 778 676 1129 857 622 928 1284 823 208 1196 1254 934 1001 629 262 587 733 1296 646 1507 711 572 1125 163 1150 644 1320 124 1468 229 807 585 648 1499 154 1093 1130
1207 452 1407 779 171 1204 1490 883 566 247 880 1121 1246 396 1967 935 1356 1472 675 193 737 617 1359 492 1251 602 1501 275 0 1599 1008 1015 375 652 1076 275 217 850 456 315 388 775 1459 330 444 795 239 705 730 1510 1486 773 613 1066 794 559 977 1333 760 119 1246 1304 983 938 679 64 581 728 1233 696 1556 705 508 1175 169 1199 693 1257 175 1518 81 857 635 698 1549 403 1030 1180
1680 1491 1413 1233 1453 1411 1223 1700 1421 1644 1735 1620 1719 1296 1699 1790 1087 1371 1914 1702 1976 1856 1342 1347 982 1457 1529 1662 1599 0 1863 1870 1250 1374 1931 1368 1586 912 1501 1553 1235 1229 1487 1380 1446 1248 1608 1944 1585 1243 1218 1226 1049 592 977 1281 1833 1572 943 1513 1719 1287 1839 726 1918 1568 1165 1181 965 1935 1455 1159 1231 1648 1693 1407 1932 988 1699 1416 1604 2095 1873 1553 1282 1790 762 1595
634 981 834 944 944 631 917 310 477 940 199 548 673 717 2231 109 1408 899 1167 998 1229 1110 786 570 1303 615 928 958 1008 1863 0 204 765 1042 147 858 882 1114 992 807 778 940 886 870 700 959 864 1197 495 937 913 937 877 1330 1058 949 259 761 1024 922 673 731 135 1202 1171 977 745 892 1085 1188 984 870 899 602 1043 626 1186 1108 1004 945 1014 1349 1127 357 976 1086 1266 607
640 988 840 950 950 638 924 316 483 947 206 555 680 723 2238 226 1414 906 1174 1004 1236 1116 793 577 1309 622 934 965 1015 1870 204 0 772 1049 95 865 889 1121 999 813 785 946 892 877 706 966 870 1204 501 944 919 943 884 1337 1065 956 89 767 1031 929 679 737 270 1209 1178 983 752 898 1091 1195 990 876 906 608 1049 633 1192 1115 1011 951 1020 1355 1133 364 983 1093 1273 613
964 267 1164 448 229 962 1142 640 323 420 637 879 1004 72 1618 692 1006 1230 816 478 878 758 1117 249 902 359 1258 438 375 1250 765 772 0 303 833 144 362 501 277 456 64 444 1216 156 349 464 384 846 487 1162 1138 442 264 717 445 209 735 1091 411 289 1003 1061 741 589 820 344 257 397 884 837 1314 374 159 932 469 957 834 907 475 1275 380 998 776 455 1201 566 681 937
1241 543 1441 572 506 1238 1266 917 600 697 914 1155 1280 349 1742 969 1130 1414 1093 754 1155 1035 1386 526 1026 636 1535 715 652 1374 1042 1049 303 0 1110 420 639 625 554 732 288 568 1493 433 625 588 661 1123 764 1286 1262 565 388 841 569 112 1012 1368 535 566 1280 1330 1018 713 1097 620 504 520 1008 1114 1498 498 162 1209 745 1234 1111 1031 752 1459 657 1274 1052 732 1325 843 805 1214
701 1049 901 1011 1011 699 985 377 544 1008 267 616 741 784 2299 187 1475 967 1235 1065 1297 1177 854 637 1370 683 995 1026 1076 1931 147 95 833 1110 0 926 950 1182 1060 874 846 1007 953 938 767 1027 931 1265 562 1005 980 1004 945 1397 1126 1017 150 828 1092 990 740 798 213 1270 1239 1044 813 959 1152 1256 1051 937 966 669 1110 694 1253 1176 1072 1012 1081 1416 1194 425 1044 1154 1334 674
1057 221 1257 548 129 1054 1260 733 416 320 730 971 1096 165 1736 785 1124 1322 719 377 782 662 1209 342 1019 452 1351 338 275 1368 858 865 144 420 926 0 262 618 224 359 156 544 1309 99 441 563 284 750 580 1280 1255 541 382 834 563 327 828 1184 529 189 1096 1154 834 707 724 243 350 496 1002 741 1407 474 277 1025 368 1050 738 1025 375 1368 280 901 679 548 1319 466 799 1030
1081 440 1281 709 158 1078 1364 757 440 86 754 995 1120 384 1954 809 1343 1347 549 144 611 492 1234 366 1238 476 1375 104 217 1586 882 889 362 639 950 262 0 837 443 189 375 705 1333 317 319 725 113 580 604 1385 1360 702 600 1053 781 546 852 1208 747 132 1120 1178 858 925 553 186 511 657 1220 570 1431 635 496 1049 189 1074 568 1244 150 1392 223 731 509 572 1423 232 1017 1054
1261 742 994 484 704 993 805 989 672 895 986 1202 1301 547 1281 1041 669 953 1164 953 1227 1107 924 598 564 708 1110 913 850 912 1114 1121 501 625 1182 618 837 0 752 804 486 480 1069 631 697 499 859 1195 836 825 800 477 300 379 228 532 1084 1154 194 764 1300 869 1090 233 1169 819 415 432 546 1186 1037 410 481 1229 944 988 1183 570 950 998 855 1346 1124 804 863 1041 343 1177
1191 54 1391 682 310 1188 1394 867 550 501 864 1105 1230 299 1870 919 1258 1456 901 559 963 843 1343 476 1153 586 1485 519 456 1501 992 999 277 554 1060 224 443 752 0 540 290 678 1443 164 575 697 465 931 714 1414 1389 675 515 968 697 461 961 1317 662 370 1229 1288 967 841 905 425 484 630 1135 922 1540 608 411 1159 550 1183 919 1159 556 1502 461 1082 860 682 1452 647 932 1164
1005 537 1206 634 255 1003 1289 682 365 247 679 920 1045 407 1922 733 1310 1271 405 304 468 348 1158 290 1205 401 1299 265 315 1553 807 813 456 732 874 359 189 804 540 0 468 630 1258 415 243 649 170 436 528 1309 1284 627 567 1020 749 639 776 1132 714 229 1044 1103 782 893 410 283 436 582 1187 427 1355 560 589 973 349 998 424 1211 311 1316 320 587 365 496 1348 393 984 978
977 280 1177 434 242 974 1127 653 336 433 650 891 1017 85 1604 705 992 1243 829 491 891 771 1130 262 887 372 1271 451 388 1235 778 785 64 288 846 156 375 486 290 468 0 430 1229 169 361 449 397 859 500 1148 1123 427 249 702 430 195 748 1104 396 302 1016 1074 754 575 833 357 270 382 869 850 1327 360 145 945 482 970 847 893 488 1288 393 1011 789 468 1186 579 666 950
1138 667 1311 36 630 1136 1121 814 498 763 812 1053 1178 403 1597 866 986 1269 990 821 1052 933 1241 423 881 534 1427 781 775 1229 940 946 444 568 1007 544 705 480 678 630 430 0 1385 556 523 85 687 1020 661 1142 1117 30 243 696 424 475 909 1265 390 690 1177 1186 915 568 994 744 236 95 863 1011 1354 102 425 1106 866 1131 1009 887 827 1315 781 1172 950 629 1180 910 660 1111
401 1432 156 1389 1395 400 462 644 927 1391 758 484 440 1168 1855 813 952 444 1618 1449 1680 1560 214 1021 847 1066 107 1409 1459 1487 886 892 1216 1493 953 1309 1333 1069 1443 1258 1229 1385 0 1321 1151 1405 1314 1648 945 482 457 1382 1205 954 1134 1400 855 293 1100 1373 440 234 861 882 1622 1428 1196 1337 629 1639 528 1315 1350 369 1494 395 1636 653 1455 489 1464 1800 1578 808 521 1537 811 316
1069 161 1269 560 184 1067 1272 745 428 375 742 984 1109 177 1748 797 1136 1335 775 433 837 717 1222 354 1032 464 1363 393 330 1380 870 877 156 433 938 99 317 631 164 415 169 556 1321 0 454 576 339 805 592 1292 1268 553 394 847 575 339 840 1196 541 244 1108 1166 846 719 779 299 362 508 1014 796 1419 486 289 1037 424 1062 793 1037 430 1380 336 957 735 560 1331 521 811 1042
898 565 1099 527 385 896 1182 575 258 376 572 813 938 300 1815 626 1203 1164 603 434 666 546 1051 183 1098 294 1192 395 444 1446 700 706 349 625 767 441 319 697 575 243 361 523 1151 454 0 542 300 634 421 1202 1177 520 460 913 642 532 669 1025 607 359 937 996 675 786 608 413 329 475 1080 625 1248 453 482 866 479 891 622 1104 440 1209 450 785 563 389 1241 523 877 871
1158 687 1331 88 649 1155 1141 834 517 782 831 1072 1197 422 1617 886 1005 1289 1009 840 1072 952 1260 443 900 553 1446 801 795 1248 959 966 464 588 1027 563 725 499 697 649 449 85 1405 576 542 0 706 1040 681 1161 1136 82 263 715 444 495 928 1284 410 709 1196 1205 934 588 1014 764 256 114 883 1031 1373 121 444 1126 885 1150 1028 906 847 1334 800 1191 969 649 1200 929 680 1130
1062 461 1262 691 180 1060 1346 738 422 171 736 977 1102 405 1976 790 1365 1328 530 229 593 473 1215 347 1260 458 1356 187 239 1608 864 870 384 661 931 284 113 859 465 170 397 687 1314 339 300 706 0 561 585 1366 1341 684 622 1075 803 568 833 1189 769 153 1101 1160 839 947 535 208 493 639 1242 552 1412 617 517 1030 274 1055 549 1266 235 1373 245 712 490 553 1405 249 1039 1035
1396 928 1596 1024 646 1394 1679 1072 755 637 1069 1311 1436 798 2275 1124 1701 1662 424 695 307 132 1549 681 1596 791 1690 656 705 1944 1197 1204 846 1123 1265 750 580 1195 931 436 859 1020 1648 805 634 1040 561 0 919 1700 1675 1018 958 1411 1139 1030 1167 1523 1105 619 1435 1493 1173 1283 249 674 826 973 1578 446 1746 950 980 1364 740 1389 263 1602 701 1707 711 221 205 887 1738 784 1375 1369
693 703 893 665 665 691 977 369 198 662 366 608 733 438 1953 421 1341 959 889 719 951 831 846 292 1237 337 987 680 730 1585 495 501 487 764 562 580 604 836 714 528 500 661 945 592 421 681 585 919 0 997 972 658 599 1052 780 671 464 820 746 644 732 790 470 924 893 698 467 613 1144 910 1043 591 621 661 764 686 907 1168 726 1004 735 1070 848 184 1035 808 1016 666
675 1403 408 1146 1366 407 120 695 979 1442 809 615 714 1209 1611 864 709 366 1669 1500 1732 1612 338 1072 604 1117 524 1461 1510 1243 937 944 1162 1286 1005 1280 1385 825 1414 1309 1148 1142 482 1292 1202 1161 1366 1700 997 0 44 1139 961 710 890 1193 907 567 856 1424 714 282 913 638 1674 1479 1077 1094 386 1691 450 1072 1143 643 1545 402 1688 409 1506 412 1516 1851 1629 859 70 1589 567 590
650 1378 383 1121 1341 382 95 670 954 1418 784 591 690 1184 1587 839 684 341 1644 1475 1707 1587 313 1047 579 1092 499 1436 1486 1218 913 919 1138 1262 980 1255 1360 800 1389 1284 1123 1117 457 1268 1177 1136 1341 1675 972 44 0 1114 936 685 865 1168 882 542 831 1400 689 258 888 614 1649 1454 1052 1069 361 1666 426 1047 1118 618 1520 377 1663 384 1482 387 1491 1826 1604 834 83 1564 542 565
1135 664 1308 33 627 1133 1118 811 495 760 809 1050 1175 400 1594 863 983 1267 987 818 1049 930 1238 420 878 531 1424 778 773 1226 937 943 442 565 1004 541 702 477 675 627 427 30 1382 553 520 82 684 1018 658 1139 1114 0 240 693 421 472 906 1262 387 687 1174 1183 912 566 991 741 233 92 860 1008 1351 99 422 1103 863 1128 1006 884 824 1312 778 1169 947 626 1177 907 657 1108
1076 505 1131 247 467 1073 941 752 435 658 749 990 1116 310 1417 804 805 1089 928 716 990 870 1061 361 701 471 1247 676 613 1049 877 884 264 388 945 382 600 300 515 567 249 243 1205 394 460 263 622 958 599 961 936 240 0 515 244 295 847 1203 210 527 1115 1005 853 388 932 582 179 195 683 949 1173 173 245 1044 707 1069 946 706 713 1134 619 1110 888 567 1000 805 480 1049
1146 957 879 700 920 878 690 1167 888 1111 1202 1087 1186 763 1166 1257 554 838 1380 1168 1443 1323 809 814 449 924 995 1129 1066 592 1330 1337 717 841 1397 834 1053 379 968 1020 702 696 954 847 913 715 1075 1411 1052 710 685 693 515 0 444 747 1299 1039 410 980 1185 754 1305 193 1385 1034 631 648 431 1402 922 626 697 1114 1159 873 1399 455 1166 883 1071 1562 1340 1019 748 1257 228 1062
1257 686 1060 428 648 1058 870 933 616 839 930 1172 1297 491 1346 985 734 1018 1109 897 1171 1051 989 542 629 652 1175 857 794 977 1058 1065 445 569 1126 563 781 228 697 749 430 424 1134 575 642 444 803 1139 780 890 865 421 244 444 0 476 1028 1219 65 708 1296 934 1034 317 1113 763 360 376 612 1130 1102 354 426 1225 888 1053 1127 635 894 1063 800 1291 1069 748 929 986 409 1230
1148 450 1348 479 413 1145 1173 824 507 604 821 1062 1187 256 1649 876 1037 1321 999 661 1062 942 1293 433 933 543 1442 622 559 1281 949 956 209 112 1017 327 546 532 461 639 195 475 1400 339 532 495 568 1030 671 1193 1168 472 295 747 476 0 918 1275 442 473 1187 1237 925 620 1004 527 411 427 915 1021 1405 405 97 1116 652 1140 1018 938 658 1366 564 1181 959 639 1232 750 712 1121
603 951 803 913 913 601 886 279 446 909 168 518 643 686 2201 189 1377 869 1136 967 1199 1079 756 539 1272 584 897 928 977 1833 259 89 735 1012 150 828 852 1084 961 776 748 909 855 840 669 928 833 1167 464 907 882 906 847 1299 1028 918 0 730 994 892 642 700 238 1172 1141 946 715 861 1054 1158 953 839 868 571 1012 596 1155 1077 974 914 983 1318 1096 326 945 1056 1236 576
276 1307 241 1269 1269 485 547 518 802 1265 632 359 315 1042 1940 687 1037 529 1492 1323 1555 1435 299 895 933 940 335 1284 1333 1572 761 767 1091 1368 828 1184 1208 1154 1317 1132 1104 1265 293 1196 1025 1284 1189 1523 820 567 542 1262 1203 1039 1219 1275 730 0 1185 1248 314 319 736 967 1497 1302 1071 1217 714 1514 613 1195 1224 244 1368 480 1511 738 1330 575 1339 1674 1452 682 606 1412 896 191
1223 652 1025 394 614 1024 835 899 582 805 896 1137 1262 457 1312 951 700 984 1075 863 1137 1017 955 508 595 618 1141 823 760 943 1024 1031 411 535 1092 529 747 194 662 714 396 390 1100 541 607 410 769 1105 746 856 831 387 210 410 65 442 994 1185 0 674 1262 900 1000 283 1079 729 326 342 577 1096 1068 320 392 1191 854 1019 1093 601 860 1029 766 1256 1034 714 894 951 374 1196
1121 367 1321 694 85 1118 1404 797 480 189 794 1035 1160 311 1881 849 1270 1386 589 236 651 532 1273 406 1165 516 1415 208 119 1513 922 929 289 566 990 189 132 764 370 229 302 690 1373 244 359 709 153 619 644 1424 1400 687 527 980 708 473 892 1248 674 0 1160 1218 898 852 593 87 495 642 1147 610 1471 620 423 1089 212 1114 608 1171 218 1432 124 771 549 612 1463 336 944 1094
83 1219 388 1181 1181 433 694 430 714 1178 544 271 64 954 2087 599 1184 676 1404 1235 1467 1347 445 807 1079 852 482 1196 1246 1719 673 679 1003 1280 740 1096 1120 1300 1229 1044 1016 1177 440 1108 937 1196 1101 1435 732 714 689 1174 1115 1185 1296 1187 642 314 1262 1160 0 466 648 1114 1409 1214 983 1129 861 1426 760 1107 1136 102 1280 429 1423 885 1242 721 1251 1586 1364 594 752 1324 1043 161
427 1277 160 1190 1240 200 262 489 772 1236 603 409 467 1013 1655 658 753 244 1463 1294 1525 1405 90 866 648 911 276 1254 1304 1287 731 737 1061 1330 798 1154 1178 869 1288 1103 1074 1186 234 1166 996 1205 1160 1493 790 282 258 1183 1005 754 934 1237 700 319 900 1218 466 0 706 682 1467 1273 1041 1138 430 1484 329 1116 1187 395 1339 195 1481 453 1300 290 1309 1645 1423 653 321 1382 611 342
609 957 809 919 919 607 892 285 452 915 174 524 649 692 2207 84 1383 875 1142 973 1205 1085 762 545 1278 590 903 934 983 1839 135 270 741 1018 213 834 858 1090 967 782 754 915 861 846 675 934 839 1173 470 913 888 912 853 1305 1034 925 238 736 1000 898 648 706 0 1178 1147 952 721 867 1060 1164 959 845 874 577 1018 602 1161 1083 980 920 989 1324 1102 332 951 1062 1242 582
1075 830 808 572 792 807 618 1077 760 983 1074 1015 1115 636 1094 1129 483 766 1253 1041 1315 1195 738 686 378 796 924 1001 938 726 1202 1209 589 713 1270 707 925 233 841 893 575 568 882 719 786 588 947 1283 924 638 614 566 388 193 317 620 1172 967 283 852 1114 682 1178 0 1257 907 504 520 360 1274 850 498 570 1043 1032 802 1271 384 1038 812 944 1435 1213 892 677 1130 157 990
1370 902 1570 998 620 1367 1653 1046 729 611 1043 1284 1410 772 2249 1098 1675 1636 398 669 195 161 1523 655 1570 765 1664 629 679 1918 1171 1178 820 1097 1239 724 553 1169 905 410 833 994 1622 779 608 1014 535 249 893 1674 1649 991 932 1385 1113 1004 1141 1497 1079 593 1409 1467 1147 1257 0 648 800 946 1552 420 1720 924 954 1338 714 1363 151 1576 675 1681 685 401 86 861 1712 758 1349 1343
1175 421 1376 748 140 1173 1459 852 535 236 849 1090 1215 365 1936 903 1324 1441 644 182 706 586 1328 460 1220 571 1469 262 64 1568 977 983 344 620 1044 243 186 819 425 283 357 744 1428 299 413 764 208 674 698 1479 1454 741 582 1034 763 527 946 1302 729 87 1214 1273 952 907 648 0 550 696 1202 665 1525 674 477 1143 158 1168 662 1225 164 1486 70 825 603 666 1518 390 999 1148
944 473 1144 240 435 942 1057 620 303 569 617 859 984 208 1533 672 921 1205 796 627 858 738 1097 229 816 339 1238 587 581 1165 745 752 257 504 813 350 511 415 484 436 270 236 1196 362 329 256 493 826 467 1077 1052 233 179 631 360 411 715 1071 326 495 983 1041 721 504 800 550 0 188 799 817 1289 166 361 912 672 937 814 822 633 1250 587 978 756 435 1116 715 596 917
1090 619 1263 99 582 1088 1073 766 450 715 764 1005 1130 355 1549 818 938 1222 942 773 1004 885 1193 375 833 486 1379 733 728 1181 892 898 397 520 959 496 657 432 630 582 382 95 1337 508 475 114 639 973 613 1094 1069 92 195 648 376 427 861 1217 342 642 1129 1138 867 520 946 696 188 0 815 963 1306 54 377 1058 818 1083 961 839 779 1267 733 1124 902 581 1132 862 612 1063
822 1125 555 867 1087 554 365 842 1055 1278 956 762 862 930 1333 1011 430 513 1548 1336 1610 1490 485 981 325 1091 671 1296 1233 965 1085 1091 884 1008 1152 1002 1220 546 1135 1187 869 863 629 1014 1080 883 1242 1578 1144 386 361 860 683 431 612 915 1054 714 577 1147 861 430 1060 360 1552 1202 799 815 0 1569 598 793 865 790 1327 549 1566 63 1333 559 1239 1729 1507 1006 424 1424 289 737
1387 919 1587 1015 637 1384 1670 1063 746 628 1060 1302 1427 789 2266 1115 1692 1653 132 686 478 358 1540 672 1587 782 1681 646 696 1935 1188 1195 837 1114 1256 741 570 1186 922 427 850 1011 1639 796 625 1031 552 446 910 1691 1666 1008 949 1402 1130 1021 1158 1514 1096 610 1426 1484 1164 1274 420 665 817 963 1569 0 1737 941 971 1355 731 1380 434 1593 692 1698 702 597 375 878 1729 775 1366 1360
721 1530 454 1358 1492 453 430 741 1025 1489 855 661 761 1265 1823 910 921 242 1715 1546 1778 1658 384 1118 816 1163 570 1507 1556 1455 984 990 1314 1498 1051 1407 1431 1037 1540 1355 1327 1354 528 1419 1248 1373 1412 1746 1043 450 426 1351 1173 922 1102 1405 953 613 1068 1471 760 329 959 850 1720 1525 1289 1306 598 1737 0 1284 1355 689 1591 448 1734 621 1553 106 1562 1897 1675 905 489 1635 779 636
1068 597 1241 106 560 1066 1051 744 428 693 741 983 1108 333 1527 796 916 1199 920 751 982 863 1171 353 811 464 1357 711 705 1159 870 876 374 498 937 474 635 410 608 560 360 102 1315 486 453 121 617 950 591 1072 1047 99 173 626 354 405 839 1195 320 620 1107 1116 845 498 924 674 166 54 793 941 1284 0 355 1036 796 1061 939 817 757 1245 711 1102 880 559 1110 840 590 1041
1097 400 1298 429 363 1095 1123 774 457 553 771 1012 1137 206 1599 826 987 1271 949 611 1012 892 1242 383 882 493 1391 572 508 1231 899 906 159 162 966 277 496 481 411 589 145 425 1350 289 482 444 517 980 621 1143 1118 422 245 697 426 97 868 1224 392 423 1136 1187 874 570 954 477 361 377 865 971 1355 355 0 1066 602 1090 968 888 608 1316 514 1131 909 588 1182 700 662 1070
63 1148 317 1110 1110 363 623 360 643 1107 473 200 103 883 2016 528 1113 605 1334 1164 1396 1276 375 737 1008 782 411 1125 1175 1648 602 608 932 1209 669 1025 1049 1229 1159 973 945 1106 369 1037 866 1126 1030 1364 661 643 618 1103 1044 1114 1225 1116 571 244 1191 1089 102 395 577 1043 1338 1143 912 1058 790 1355 689 1036 1066 0 1209 358 1352 814 1171 650 1180 1515 1293 524 682 1253 972 90
1241 546 1442 870 265 1239 1525 918 601 135 915 1156 1281 490 2061 970 1449 1507 710 81 772 652 1394 527 1345 637 1535 163 169 1693 1043 1049 469 745 1110 368 189 944 550 349 482 866 1494 424 479 885 274 740 764 1545 1520 863 707 1159 888 652 1012 1368 854 212 1280 1339 1018 1032 714 158 672 818 1327 731 1591 796 602 1209 0 1234 728 1350 63 1552 123 891 670 732 1584 291 1124 1214
390 1173 321 1135 1135 60 382 384 668 1131 498 304 429 908 1775 553 872 364 1358 1189 1421 1301 251 761 767 806 437 1150 1199 1407 626 633 957 1234 694 1050 1074 988 1183 998 970 1131 395 1062 891 1150 1055 1389 686 402 377 1128 1069 873 1053 1140 596 480 1019 1114 429 195 602 802 1363 1168 937 1083 549 1380 448 1061 1090 358 1234 0 1377 573 1196 409 1205 1540 1318 548 440 1278 731 363
1384 916 1584 1012 634 1382 1668 1060 743 625 1057 1299 1424 786 2263 1112 1689 1650 413 683 71 175 1537 669 1584 779 1678 644 693 1932 1186 1192 834 1111 1253 738 568 1183 919 424 847 1009 1636 793 622 1028 549 263 907 1688 1663 1006 946 1399 1127 1018 1155 1511 1093 608 1423 1481 1161 1271 151 662 814 961 1566 434 1734 939 968 1352 728 1377 0 1590 689 1695 699 415 107 875 1726 772 1363 1357
846 1148 579 891 1111 577 389 866 1079 1302 980 786 885 954 1356 1035 454 537 1571 1359 1633 1514 509 1004 349 1115 695 1320 1257 988 1108 1115 907 1031 1176 1025 1244 570 1159 1211 893 887 653 1037 1104 906 1266 1602 1168 409 384 884 706 455 635 938 1077 738 601 1171 885 453 1083 384 1576 1225 822 839 63 1593 621 817 888 814 1350 573 1590 0 1356 582 1262 1753 1531 1030 448 1448 312 761
1203 552 1403 831 271 1200 1486 879 562 97 876 1117 1242 496 2067 931 1456 1468 671 70 733 613 1355 488 1351 598 1497 124 175 1699 1004 1011 475 752 1072 375 150 950 556 311 488 827 1455 430 440 847 235 701 726 1506 1482 824 713 1166 894 658 974 1330 860 218 1242 1300 980 1038 675 164 633 779 1333 692 1553 757 608 1171 63 1196 689 1356 0 1514 129 853 631 694 1545 252 1130 1176
682 1491 415 1319 1453 414 391 703 986 1450 816 623 722 1226 1784 871 882 203 1677 1507 1739 1619 345 1080 777 1125 531 1468 1518 1416 945 951 1275 1459 1012 1368 1392 998 1502 1316 1288 1315 489 1380 1209 1334 1373 1707 1004 412 387 1312 1134 883 1063 1366 914 575 1029 1432 721 290 920 812 1681 1486 1250 1267 559 1698 106 1245 1316 650 1552 409 1695 582 1514 0 1523 1858 1636 867 450 1596 740 597
1212 458 1412 785 177 1210 1496 888 572 201 885 1127 1252 402 1973 940 1361 1478 680 147 743 623 1365 497 1256 608 1506 229 81 1604 1014 1020 380 657 1081 280 223 855 461 320 393 781 1464 336 450 800 245 711 735 1516 1491 778 619 1071 800 564 983 1339 766 124 1251 1309 989 944 685 70 587 733 1239 702 1562 711 514 1180 123 1205 699 1262 129 1523 0 862 640 703 1554 357 1036 1185
1547 1079 1748 1176 797 1545 1831 1224 907 789 1221 1462 1587 949 2426 1275 1852 1813 576 846 459 283 1700 832 1747 943 1841 807 857 2095 1349 1355 998 1274 1416 901 731 1346 1082 587 1011 1172 1800 957 785 1191 712 221 1070 1851 1826 1169 1110 1562 1291 1181 1318 1674 1256 771 1586 1645 1324 1435 401 825 978 1124 1729 597 1897 1102 1131 1515 891 1540 415 1753 853 1858 862 0 356 1038 1890 935 1526 1520
1325 857 1526 954 576 1323 1609 1002 685 567 999 1240 1365 727 2204 1054 1630 1591 354 625 150 117 1478 611 1525 721 1619 585 635 1873 1127 1133 776 1052 1194 679 509 1124 860 365 789 950 1578 735 563 969 490 205 848 1629 1604 947 888 1340 1069 959 1096 1452 1034 549 1364 1423 1102 1213 86 603 756 902 1507 375 1675 880 909 1293 670 1318 107 1531 631 1636 640 356 0 816 1668 713 1304 1298
556 671 756 633 633 553 839 232 166 630 229 470 595 406 1921 284 1309 821 857 687 919 799 708 259 1205 305 849 648 698 1553 357 364 455 732 425 548 572 804 682 496 468 629 808 560 389 649 553 887 184 859 834 626 567 1019 748 639 326 682 714 612 594 653 332 892 861 666 435 581 1006 878 905 559 588 524 732 548 875 1030 694 867 703 1038 816 0 898 776 984 528
713 1442 447 1184 1404 445 158 734 1017 1481 848 654 753 1247 1650 903 747 405 1708 1539 1770 1650 376 1111 642 1156 563 1499 1549 1282 976 983 1201 1325 1044 1319 1423 863 1452 1348 1186 1180 521 1331 1241 1200 1405 1738 1035 70 83 1177 1000 748 929 1232 945 606 894 1463 752 321 951 677 1712 1518 1116 1132 424 1729 489 1110 1182 682 1584 440 1726 448 1545 450 1554 1890 1668 898 0 1627 606 629
1285 644 1485 913 362 1283 1568 961 644 188 958 1200 1325 588 2159 1013 1547 1551 753 246 816 696 1438 570 1442 680 1579 154 403 1790 1086 1093 566 843 1154 466 232 1041 647 393 579 910 1537 521 523 929 249 784 808 1589 1564 907 805 1257 986 750 1056 1412 951 336 1324 1382 1062 1130 758 390 715 862 1424 775 1635 840 700 1253 291 1278 772 1448 252 1596 357 935 713 776 1627 0 1221 1258
1004 922 737 664 884 735 547 1024 852 1075 1138 944 1043 727 1130 1193 411 695 1345 1133 1407 1287 667 778 307 888 853 1093 1030 762 1266 1273 681 805 1334 799 1017 343 932 984 666 660 811 811 877 680 1039 1375 1016 567 542 657 480 228 409 712 1236 896 374 944 1043 611 1242 157 1349 999 596 612 289 1366 779 590 662 972 1124 731 1363 312 1130 740 1036 1526 1304 984 606 1221 0 919
122 1153 264 1115 1115 367 570 364 648 1112 478 205 161 888 1963 533 1060 552 1338 1169 1401 1281 322 741 955 786 358 1130 1180 1595 607 613 937 1214 674 1030 1054 1177 1164 978 950 1111 316 1042 871 1130 1035 1369 666 590 565 1108 1049 1062 1230 1121 576 191 1196 1094 161 342 582 990 1343 1148 917 1063 737 1360 636 1041 1070 90 1214 363 1357 761 1176 597 1185 1520 1298 528 629 1258 919 0
EOF