NAME : tsp_problem
TYPE : TSP
DIMENSION : 86
EDGE_WEIGHT_TYPE : EXPLICIT
EDGE_WEIGHT_FORMAT : FULL_MATRIX
EDGE_WEIGHT_SECTION
0 203 968 1464 1138 572 1083 1247 1158 550 749 1158 606 1190 603 1505 716 1277 1080 881 731 754 581 445 657 694 590 1270 1125 743 1179 538 590 790 971 585 637 1172 1181 1310 739 1199 1070 748 624 776 763 1229 374 1563 997 693 1455 978 1214 1107 1195 1146 830 1219 356 879 609 55 1107 759 691 262 1233 732 897 1090 1769 328 1187 903 1271 768 1286 1300 570 891 1022 68 963 1550
203 0 1147 1643 1318 751 1263 1427 1337 729 928 1337 785 1369 782 1684 895 1456 1260 1061 910 934 760 624 836 873 769 1449 1304 922 1358 717 769 970 1150 765 817 1351 1361 1489 918 1378 1249 927 804 955 943 1409 554 1742 1177 872 1635 1158 1393 1287 1375 1325 1009 1398 535 1058 788 234 1286 938 870 441 1412 912 1076 1270 1948 507 1367 1083 1450 948 1465 1479 749 1070 1201 248 1142 1730
968 1147 0 1049 723 569 668 1044 616 1290 494 742 1346 775 1343 1090 1441 1074 539 1374 476 499 1321 600 402 1434 1330 1067 709 488 764 535 1330 1344 1372 423 382 757 640 768 484 657 1519 493 1303 485 1504 814 627 1148 456 1433 1040 437 799 566 780 730 288 1016 646 113 1349 959 565 504 1431 1002 817 1256 1129 675 1354 1068 646 1136 1068 513 1083 1097 1310 1383 1280 922 421 1135
1464 1643 1049 0 804 1065 749 1125 595 1629 872 823 1685 855 1682 204 1522 1155 561 1455 787 877 1660 1095 897 1607 1669 1148 790 767 845 1031 1419 1425 718 919 878 838 619 594 772 637 2014 765 1383 749 1677 895 1123 262 620 1606 298 735 880 545 861 811 785 1097 1142 959 1688 1455 511 752 1604 1498 898 1337 1210 756 611 1564 512 1217 1149 891 1164 1178 1649 1464 1361 1418 833 393
1138 1318 723 804 0 739 328 366 654 869 546 402 925 434 922 845 762 395 619 695 462 552 900 770 572 847 909 388 369 442 176 705 659 665 1127 593 553 168 677 652 446 695 1689 440 624 424 917 474 798 903 575 847 796 556 459 603 440 390 459 337 816 634 928 1129 569 426 844 1007 477 578 450 335 1109 927 570 457 389 566 404 418 889 705 601 1092 540 891
572 751 569 1065 739 0 684 1061 759 894 350 759 949 791 947 1106 1060 1090 681 1225 332 355 925 203 258 1038 934 1083 726 344 780 65 934 1134 1024 186 238 773 782 911 340 800 1122 349 968 377 1107 830 231 1164 598 1037 1056 579 815 708 796 747 430 1033 250 480 953 562 708 360 1034 605 834 1076 1145 691 1370 672 788 1152 1084 369 1099 1113 914 1235 1296 525 564 1151
1083 1263 668 749 328 684 0 649 598 1153 491 224 1208 151 1206 790 1046 678 564 979 407 496 1184 715 517 1131 1193 672 191 387 368 650 943 949 1072 538 498 361 622 597 391 639 1634 385 907 368 1201 191 743 848 520 1130 741 501 176 548 157 107 404 621 761 578 1212 1074 514 371 1128 1117 204 861 733 65 1054 1183 515 740 673 511 688 702 1173 988 884 1037 485 835
1247 1427 1044 1125 366 1061 649 0 975 943 868 723 999 756 996 1166 836 166 940 769 783 873 974 1091 893 921 983 54 690 763 497 1026 733 739 1449 915 874 490 999 973 767 1016 2010 761 698 745 991 795 1119 1225 896 920 1117 877 780 924 761 711 781 58 1137 955 1002 1238 891 748 918 1081 798 652 524 656 1431 1001 891 531 315 887 112 106 963 779 675 1201 862 1212
1158 1337 616 595 654 759 598 975 0 1478 666 673 1534 705 1532 637 1371 1004 124 1304 581 671 1510 789 591 1457 1518 997 640 561 694 725 1268 1274 919 613 572 687 78 311 565 75 1708 559 1233 543 1526 745 817 695 184 1456 587 299 729 83 710 661 352 947 836 527 1537 1148 108 546 1453 1191 748 1187 1059 605 901 1258 189 1066 998 685 1013 1027 1498 1314 1210 1111 396 682
550 729 1290 1629 869 894 1153 943 1478 0 1071 1227 63 1259 200 1670 412 972 1402 577 1053 1076 70 767 978 390 187 966 1194 1065 1000 859 286 486 1293 907 959 993 1502 1477 1061 1520 1392 1070 320 1098 459 1299 696 1728 1319 389 1621 1300 1284 1428 1265 1215 1151 915 678 1200 66 541 1394 1081 386 383 1302 428 592 1160 1934 303 1395 599 967 1090 982 996 167 587 717 503 1285 1716
749 928 494 872 546 350 491 868 666 1071 0 566 1127 598 1124 913 1237 897 588 1197 134 60 1102 381 183 1215 1111 890 533 146 587 316 1111 1167 1195 204 163 580 689 720 142 707 1300 151 1126 235 1285 637 409 971 505 1214 863 486 622 615 603 553 356 839 427 405 1130 740 615 162 1212 783 641 1080 952 498 1177 849 638 959 891 70 906 920 1091 1207 1103 703 471 958
1158 1337 742 823 402 759 224 723 673 1227 566 0 1283 199 1280 864 1120 753 638 1053 481 571 1258 789 591 1205 1267 746 90 461 443 724 1017 1023 1147 613 572 436 696 671 465 714 1708 459 981 443 1275 155 817 922 594 1204 815 575 166 622 193 286 478 695 835 653 1286 1148 588 446 1202 1191 144 935 808 231 1128 1258 589 815 747 585 762 776 1247 1062 959 1111 560 910
606 785 1346 1685 925 949 1208 999 1534 63 1127 1283 0 1315 256 1726 467 1028 1458 633 1108 1132 85 823 1034 445 243 1022 1250 1121 1056 915 342 542 1349 963 1015 1049 1558 1533 1116 1575 1447 1126 376 1153 515 1355 752 1784 1375 444 1676 1356 1339 1484 1321 1271 1207 971 734 1256 72 596 1450 1136 442 439 1358 484 648 1216 1990 359 1451 655 1023 1146 1038 1052 223 642 773 559 1341 1771
1190 1369 775 855 434 791 151 756 705 1259 598 199 1315 0 1312 897 1152 785 670 1085 513 603 1290 821 623 1237 1299 778 197 493 475 757 1049 1055 1179 645 604 468 729 703 497 746 1740 491 1014 475 1307 94 849 955 626 1236 847 607 83 655 65 143 511 727 868 685 1318 1181 621 478 1234 1223 96 968 840 144 1161 1290 621 847 779 617 794 808 1279 1095 991 1144 592 942
603 782 1343 1682 922 947 1206 996 1532 200 1124 1280 256 1312 0 1723 465 1025 1455 630 1106 1129 231 820 1032 443 64 1019 1247 1118 1054 912 339 539 1346 960 1012 1046 1555 1530 1114 1573 1445 1123 373 1151 512 1352 749 1781 1372 442 1674 1353 1337 1481 1318 1268 1204 968 731 1253 259 594 1447 1134 439 436 1355 481 646 1213 1987 356 1448 652 1020 1143 1035 1049 88 640 771 557 1338 1769
1505 1684 1090 204 845 1106 790 1166 637 1670 913 864 1726 897 1723 0 1563 1196 602 1496 828 918 1701 1137 939 1648 1710 1189 831 808 886 1072 1460 1466 759 960 919 879 660 635 813 678 2056 807 1425 790 1718 936 1164 83 661 1647 339 776 921 586 902 852 826 1138 1183 1000 1729 1496 552 793 1645 1539 939 1378 1251 797 653 1605 553 1258 1190 932 1205 1219 1690 1505 1402 1459 874 434
716 895 1441 1522 762 1060 1046 836 1371 412 1237 1120 467 1152 465 1563 0 865 1337 248 1179 1242 443 933 1144 390 452 859 1087 1160 893 1025 160 157 1459 1073 1125 886 1395 1370 1164 1412 1558 1158 236 1141 459 1192 862 1621 1293 389 1513 1274 1177 1321 1158 1108 1177 808 844 1351 471 706 1287 1144 386 549 1195 344 406 1053 1827 469 1288 412 860 1256 875 889 431 257 388 669 1258 1608
1277 1456 1074 1155 395 1090 678 166 1004 972 897 753 1028 785 1025 1196 865 0 969 798 812 902 1004 1120 922 951 1012 152 720 792 526 1056 762 768 1478 944 903 519 1028 1002 797 1045 2039 790 727 774 1020 824 1148 1254 925 950 1146 906 809 954 790 741 810 200 1167 984 1031 1267 920 777 947 1110 828 681 553 685 1460 1030 921 560 217 916 77 91 992 808 704 1230 891 1241
1080 1260 539 561 619 681 564 940 124 1402 588 638 1458 670 1455 602 1337 969 0 1270 504 594 1433 712 514 1422 1442 963 605 484 659 647 1234 1240 884 535 495 652 148 276 488 166 1631 482 1198 466 1492 710 740 660 106 1421 552 222 695 74 676 626 275 912 758 449 1461 1071 74 469 1419 1114 713 1152 1024 571 866 1180 154 1031 964 608 979 993 1422 1279 1175 1034 319 647
881 1061 1374 1455 695 1225 979 769 1304 577 1197 1053 633 1085 630 1496 248 798 1270 0 1113 1202 608 1099 1223 555 617 792 1020 1093 826 1191 326 151 1625 1239 1204 819 1328 1303 1097 1346 1723 1091 402 1074 625 1125 1028 1554 1226 555 1447 1207 1110 1254 1091 1041 1110 741 1010 1285 636 872 1220 1077 552 715 1128 510 339 986 1760 635 1221 345 793 1217 808 822 597 76 321 835 1191 1542
731 910 476 787 462 332 407 783 581 1053 134 481 1108 513 1106 828 1179 812 504 1113 0 139 1084 362 164 1196 1092 806 448 107 502 297 1077 1083 1111 186 145 495 605 635 102 622 1281 112 1041 150 1266 553 390 886 421 1196 779 402 537 531 519 469 305 755 408 386 1111 721 530 122 1193 764 556 995 867 414 1092 831 553 874 806 153 822 836 1072 1122 1018 684 386 874
754 934 499 877 552 355 496 873 671 1076 60 571 1132 603 1129 918 1242 902 594 1202 139 0 1107 386 188 1220 1116 895 538 152 592 321 1117 1172 1200 209 169 585 695 725 147 712 1305 157 1131 240 1290 643 414 976 511 1219 869 492 627 621 608 559 361 845 432 410 1135 745 620 167 1217 788 646 1085 957 503 1182 854 643 964 896 68 911 925 1096 1212 1108 708 476 964
581 760 1321 1660 900 925 1184 974 1510 70 1102 1258 85 1290 231 1701 443 1004 1433 608 1084 1107 0 798 1010 421 218 997 1225 1096 1032 890 317 517 1324 938 990 1024 1533 1508 1092 1551 1423 1101 351 1129 490 1330 727 1759 1350 420 1652 1331 1315 1459 1296 1246 1182 946 709 1231 88 572 1425 1112 418 414 1333 459 624 1191 1965 334 1426 630 998 1121 1013 1027 198 618 749 535 1316 1747
445 624 600 1095 770 203 715 1091 789 767 381 789 823 821 820 1137 933 1120 712 1099 362 386 798 0 288 911 807 1114 756 375 811 169 807 1008 897 217 269 804 813 941 370 830 996 380 842 407 981 861 105 1195 629 910 1087 610 846 739 827 777 461 1063 123 510 826 436 738 390 908 479 864 950 1114 722 1401 545 819 1121 1115 400 1130 1144 787 1108 1239 399 595 1182
657 836 402 897 572 258 517 893 591 978 183 591 1034 623 1032 939 1144 922 514 1223 164 188 1010 288 0 1122 1018 916 558 177 613 223 1019 1193 1108 112 29 605 615 743 172 632 1207 182 1053 209 1192 663 316 997 431 1122 889 412 648 541 629 579 263 865 334 312 1037 647 540 192 1119 690 666 1105 978 524 1203 757 621 984 917 202 932 946 998 1232 1128 610 397 984
694 873 1434 1607 847 1038 1131 921 1457 390 1215 1205 445 1237 443 1648 390 951 1422 555 1196 1220 421 911 1122 0 430 944 1172 1209 979 1003 264 464 1437 1051 1103 971 1480 1455 1205 1498 1536 1214 298 1227 267 1277 840 1706 1378 52 1599 1359 1262 1406 1243 1193 1262 893 822 1344 449 684 1372 1225 49 527 1280 406 571 1138 1912 447 1373 577 945 1234 960 974 410 565 696 647 1343 1694
590 769 1330 1669 909 934 1193 983 1518 187 1111 1267 243 1299 64 1710 452 1012 1442 617 1092 1116 218 807 1018 430 0 1006 1234 1105 1040 899 326 526 1333 947 999 1033 1542 1517 1101 1560 1432 1110 360 1138 499 1339 736 1768 1359 429 1661 1340 1324 1468 1305 1255 1191 955 718 1240 246 580 1434 1121 426 423 1342 468 632 1200 1974 343 1435 639 1007 1130 1022 1036 75 627 757 543 1325 1756
1270 1449 1067 1148 388 1083 672 54 997 966 890 746 1022 778 1019 1189 859 152 963 792 806 895 997 1114 916 944 1006 0 713 786 519 1049 756 762 1471 937 897 512 1021 996 790 1039 2033 784 720 767 1014 818 1142 1247 919 943 1140 900 803 947 784 734 803 80 1160 978 1025 1261 913 770 941 1103 821 674 547 679 1453 1023 914 553 301 910 98 93 986 801 697 1224 884 1235
1125 1304 709 790 369 726 191 690 640 1194 533 90 1250 197 1247 831 1087 720 605 1020 448 538 1225 756 558 1172 1234 713 0 428 410 691 984 990 1114 580 539 403 664 638 432 681 1675 426 949 410 1242 154 784 890 561 1171 782 542 165 589 192 253 446 662 802 620 1253 1115 556 413 1169 1158 142 903 775 198 1096 1225 556 782 714 552 729 743 1214 1029 926 1078 527 877
743 922 488 767 442 344 387 763 561 1065 146 461 1121 493 1118 808 1160 792 484 1093 107 152 1096 375 177 1209 1105 786 428 0 482 310 1057 1063 1091 198 157 475 585 615 115 602 1294 124 1021 130 1279 533 402 867 401 1208 759 382 518 511 499 449 285 735 421 399 1124 734 510 133 1206 777 536 975 848 394 1073 843 533 854 787 166 802 816 1085 1102 998 697 366 854
1179 1358 764 845 176 780 368 497 694 1000 587 443 1056 475 1054 886 893 526 659 826 502 592 1032 811 613 979 1040 519 410 482 0 746 790 796 1168 634 593 74 718 693 487 735 1730 481 755 464 1048 515 838 944 615 978 836 596 499 644 481 431 500 469 857 674 1059 1170 610 467 975 1138 518 709 581 376 1150 1058 611 588 520 606 536 549 1020 836 732 1133 581 931
538 717 535 1031 705 65 650 1026 725 859 316 724 915 757 912 1072 1025 1056 647 1191 297 321 890 169 223 1003 899 1049 691 310 746 0 900 1100 989 152 204 739 748 876 306 766 1088 315 934 343 1073 796 197 1130 564 1002 1022 545 781 674 762 712 396 998 215 445 918 528 674 326 1000 571 799 1042 1111 657 1336 638 754 1118 1050 335 1065 1079 879 1200 1262 491 530 1117
590 769 1330 1419 659 934 943 733 1268 286 1111 1017 342 1049 339 1460 160 762 1234 326 1077 1117 317 807 1019 264 326 756 984 1057 790 900 0 235 1333 947 1000 783 1292 1267 1061 1309 1432 1055 110 1038 334 1089 737 1518 1190 263 1411 1171 1074 1218 1055 1005 1074 705 718 1241 345 581 1184 1041 261 423 1092 218 382 950 1724 343 1185 389 757 1131 772 786 306 335 466 544 1155 1505
790 970 1344 1425 665 1134 949 739 1274 486 1167 1023 542 1055 539 1466 157 768 1240 151 1083 1172 517 1008 1193 464 526 762 990 1063 796 1100 235 0 1533 1148 1174 789 1298 1273 1067 1316 1632 1061 310 1044 534 1095 937 1524 1196 463 1417 1177 1080 1224 1061 1011 1080 711 918 1255 545 781 1190 1047 461 624 1098 418 309 956 1730 544 1191 315 763 1187 778 792 506 160 291 744 1161 1512
1571 1751 1343 689 1099 1360 1044 1420 890 1893 1167 1118 1949 1150 1946 731 1817 1449 855 1750 1082 1172 1924 1390 1192 1902 1933 1443 1085 1062 1139 1325 1714 1720 0 1214 1173 1132 914 889 1066 931 2122 1060 1678 1044 1972 1190 1418 789 915 1901 681 1030 1175 840 1156 1106 1080 1392 1408 1254 1952 1562 806 1047 1899 1605 1193 1632 1504 1051 995 1671 807 1511 1444 1186 1459 1473 1913 1759 1655 1525 1127 776
585 765 423 919 593 186 538 915 613 907 204 613 963 645 960 960 1073 944 535 1239 186 209 938 217 112 1051 947 937 580 198 634 152 947 1148 1037 0 92 627 636 765 194 654 1136 203 982 231 1121 684 245 1018 452 1050 911 433 669 562 650 601 285 887 263 334 966 576 562 214 1048 619 688 1090 999 545 1224 685 642 1006 938 223 953 967 927 1248 1150 539 418 1005
637 817 382 878 553 238 498 874 572 959 163 572 1015 604 1012 919 1125 903 495 1204 145 169 990 269 29 1103 999 897 539 157 593 204 1000 1174 1089 92 0 586 596 724 153 613 1188 162 1034 190 1173 644 297 977 412 1102 870 393 629 522 610 560 244 846 315 293 1018 628 521 173 1100 671 647 1086 958 505 1183 737 602 965 898 183 913 927 979 1213 1109 591 377 965
1172 1351 757 838 168 773 361 490 687 993 580 436 1049 468 1046 879 886 519 652 819 495 585 1024 804 605 971 1033 512 403 475 74 739 783 789 1161 627 586 0 711 686 480 728 1723 474 748 457 1041 507 831 937 608 971 829 589 492 637 473 424 493 462 850 667 1052 1163 603 460 968 1131 511 702 574 368 1143 1051 604 581 513 599 528 542 1013 829 725 1126 574 924
1181 1361 640 619 677 782 622 999 78 1502 689 696 1558 729 1555 660 1395 1028 148 1328 605 695 1533 813 615 1480 1542 1021 664 585 718 748 1292 1298 943 636 596 711 0 335 589 119 1732 583 1257 567 1550 768 841 718 207 1479 611 323 753 107 734 684 376 970 859 550 1561 1172 132 570 1477 1215 771 1211 1083 629 924 1281 212 1090 1022 709 1037 1051 1522 1338 1234 1135 420 706
1310 1489 768 594 652 911 597 973 311 1477 720 671 1533 703 1530 635 1370 1002 276 1303 635 725 1508 941 743 1455 1517 996 638 615 693 876 1267 1273 917 765 724 686 335 0 620 348 1860 613 1231 597 1525 743 969 693 335 1454 586 451 728 261 709 659 504 945 987 678 1536 1300 227 600 1452 1343 746 1185 1058 604 899 1410 177 1065 997 739 1012 1026 1497 1312 1209 1263 548 680
739 918 484 772 446 340 391 767 565 1061 142 465 1116 497 1114 813 1164 797 488 1097 102 147 1092 370 172 1205 1101 790 432 115 487 306 1061 1067 1095 194 153 480 589 620 0 607 1289 120 1025 134 1274 537 398 871 405 1204 763 386 522 515 503 453 290 739 417 394 1120 729 514 131 1201 772 540 979 852 398 1077 839 538 859 791 161 806 820 1081 1106 1003 692 371 858
1199 1378 657 637 695 800 639 1016 75 1520 707 714 1575 746 1573 678 1412 1045 166 1346 622 712 1551 830 632 1498 1560 1039 681 602 735 766 1309 1316 960 654 613 728 119 348 607 0 1749 600 1274 584 1567 786 858 736 225 1497 628 340 770 124 752 702 393 988 877 568 1579 1190 149 587 1495 1232 789 1228 1100 647 942 1299 230 1107 1039 726 1055 1068 1539 1355 1251 1153 437 723
1070 1249 1519 2014 1689 1122 1634 2010 1708 1392 1300 1708 1447 1740 1445 2056 1558 2039 1631 1723 1281 1305 1423 996 1207 1536 1432 2033 1675 1294 1730 1088 1432 1632 1522 1136 1188 1723 1732 1860 1289 1749 0 1299 1466 1326 1605 1780 925 2114 1548 1535 2006 1529 1765 1658 1746 1696 1380 1982 907 1429 1451 1060 1657 1309 1532 1103 1783 1574 1738 1641 2320 1170 1738 1745 2034 1319 2049 2063 1412 1733 1863 1023 1514 2101
748 927 493 765 440 349 385 761 559 1070 151 459 1126 491 1123 807 1158 790 482 1091 112 157 1101 380 182 1214 1110 784 426 124 481 315 1055 1061 1089 203 162 474 583 613 120 600 1299 0 1019 128 1284 531 408 865 399 1213 757 380 516 509 497 447 284 733 426 404 1129 739 508 131 1211 782 534 973 846 392 1071 848 531 852 785 171 800 814 1090 1100 996 702 365 852
624 804 1303 1383 624 968 907 698 1233 320 1126 981 376 1014 373 1425 236 727 1198 402 1041 1131 351 842 1053 298 360 720 949 1021 755 934 110 310 1368 982 1034 748 1257 1231 1025 1274 1466 1019 0 1003 368 1053 771 1483 1154 298 1375 1135 1038 1183 1019 969 1039 670 753 1213 379 615 1149 1006 295 458 1056 183 347 914 1689 378 1150 354 721 1145 736 750 340 411 498 578 1120 1470
776 955 485 749 424 377 368 745 543 1098 235 443 1153 475 1151 790 1141 774 466 1074 150 240 1129 407 209 1227 1138 767 410 130 464 343 1038 1044 1072 231 190 457 567 597 134 584 1326 128 1003 0 1296 515 435 848 383 1226 741 364 499 493 481 431 267 717 454 396 1157 767 492 115 1223 809 518 957 829 376 1054 876 515 836 768 254 784 797 1118 1084 980 730 348 836
763 943 1504 1677 917 1107 1201 991 1526 459 1285 1275 515 1307 512 1718 459 1020 1492 625 1266 1290 490 981 1192 267 499 1014 1242 1279 1048 1073 334 534 1506 1121 1173 1041 1550 1525 1274 1567 1605 1284 368 1296 0 1347 910 1776 1447 266 1668 1429 1331 1476 1313 1263 1332 963 891 1414 518 754 1442 1294 264 597 1350 476 640 1208 1982 517 1443 647 1015 1304 1030 1044 479 634 765 717 1413 1763
1229 1409 814 895 474 830 191 795 745 1299 637 155 1355 94 1352 936 1192 824 710 1125 553 643 1330 861 663 1277 1339 818 154 533 515 796 1089 1095 1218 684 644 507 768 743 537 786 1780 531 1053 515 1347 0 889 994 666 1276 887 647 62 694 88 183 550 767 907 725 1358 1220 660 517 1274 1263 53 1007 880 184 1200 1329 661 886 819 657 834 848 1319 1134 1030 1183 631 982
374 554 627 1123 798 231 743 1119 817 696 409 817 752 849 749 1164 862 1148 740 1028 390 414 727 105 316 840 736 1142 784 402 838 197 737 937 826 245 297 831 841 969 398 858 925 408 771 435 910 889 0 1223 657 839 1115 638 874 767 855 805 489 1091 52 538 755 365 766 418 837 408 892 879 1043 750 1429 474 847 1050 1143 428 1158 1172 716 1037 1168 328 622 1210
1563 1742 1148 262 903 1164 848 1225 695 1728 971 922 1784 955 1781 83 1621 1254 660 1554 886 976 1759 1195 997 1706 1768 1247 890 867 944 1130 1518 1524 817 1018 977 937 718 693 871 736 2114 865 1483 848 1776 994 1223 0 719 1705 397 834 979 644 960 910 884 1196 1241 1058 1787 1554 610 851 1703 1597 997 1437 1309 855 711 1663 611 1316 1248 990 1263 1277 1748 1564 1460 1517 932 492
997 1177 456 620 575 598 520 896 184 1319 505 594 1375 626 1372 661 1293 925 106 1226 421 511 1350 629 431 1378 1359 919 561 401 615 564 1190 1196 943 452 412 608 207 335 405 225 1548 399 1154 383 1447 666 657 719 0 1377 612 139 651 133 632 582 192 868 675 366 1378 988 133 385 1375 1031 669 1108 980 527 925 1097 213 987 920 525 935 949 1339 1235 1131 951 236 706
693 872 1433 1606 847 1037 1130 920 1456 389 1214 1204 444 1236 442 1647 389 950 1421 555 1196 1219 420 910 1122 52 429 943 1171 1208 978 1002 263 463 1436 1050 1102 971 1479 1454 1204 1497 1535 1213 298 1226 266 1276 839 1705 1377 0 1598 1358 1261 1405 1242 1192 1261 892 821 1343 448 684 1371 1224 49 526 1279 406 570 1137 1911 446 1372 576 944 1233 959 973 409 564 695 647 1343 1693
1455 1635 1040 298 796 1056 741 1117 587 1621 863 815 1676 847 1674 339 1513 1146 552 1447 779 869 1652 1087 889 1599 1661 1140 782 759 836 1022 1411 1417 710 911 870 829 611 586 763 628 2006 757 1375 741 1668 887 1115 397 612 1598 0 727 871 537 853 803 776 1089 1133 951 1680 1446 503 744 1596 1489 890 1329 1201 748 376 1556 504 1208 1140 883 1156 1170 1641 1456 1352 1409 824 205
978 1158 437 735 556 579 501 877 299 1300 486 575 1356 607 1353 776 1274 906 222 1207 402 492 1331 610 412 1359 1340 900 542 382 596 545 1171 1177 1059 433 393 589 323 451 386 340 1529 380 1135 364 1429 647 638 834 139 1358 727 0 632 249 613 563 173 849 656 347 1359 969 248 367 1356 1012 650 1089 962 508 1040 1078 329 968 901 506 916 930 1320 1216 1112 932 217 822
1214 1393 799 880 459 815 176 780 729 1284 622 166 1339 83 1337 921 1177 809 695 1110 537 627 1315 846 648 1262 1324 803 165 518 499 781 1074 1080 1203 669 629 492 753 728 522 770 1765 516 1038 499 1331 62 874 979 651 1261 871 632 0 679 89 168 535 752 892 709 1343 1205 645 502 1259 1248 64 992 864 169 1185 1314 646 871 804 641 819 833 1304 1119 1015 1168 616 966
1107 1287 566 545 603 708 548 924 83 1428 615 622 1484 655 1481 586 1321 954 74 1254 531 621 1459 739 541 1406 1468 947 589 511 644 674 1218 1224 869 562 522 637 107 261 515 124 1658 509 1183 493 1476 694 767 644 133 1405 537 249 679 0 660 610 302 896 785 476 1487 1098 58 495 1403 1141 697 1137 1009 555 850 1207 138 1016 948 635 963 977 1448 1263 1160 1061 346 632
1195 1375 780 861 440 796 157 761 710 1265 603 193 1321 65 1318 902 1158 790 676 1091 519 608 1296 827 629 1243 1305 784 192 499 481 762 1055 1061 1184 650 610 473 734 709 503 752 1746 497 1019 481 1313 88 855 960 632 1242 853 613 89 660 0 149 516 733 873 691 1324 1186 626 483 1240 1229 91 973 846 150 1166 1295 627 852 785 623 800 814 1285 1100 996 1149 597 948
1146 1325 730 811 390 747 107 711 661 1215 553 286 1271 143 1268 852 1108 741 626 1041 469 559 1246 777 579 1193 1255 734 253 449 431 712 1005 1011 1135 601 560 424 684 659 453 702 1696 447 969 431 1263 183 805 910 582 1192 803 563 168 610 149 0 466 683 823 641 1274 1136 576 434 1190 1179 196 923 796 100 1116 1246 577 803 735 573 750 764 1235 1050 947 1099 548 898
830 1009 288 785 459 430 404 781 352 1151 356 478 1207 511 1204 826 1177 810 275 1110 305 361 1182 461 263 1262 1191 803 446 285 500 396 1074 1080 1108 285 244 493 376 504 290 393 1380 284 1039 267 1332 550 489 884 192 1261 776 173 535 302 516 466 0 752 507 198 1210 820 301 270 1259 863 553 993 865 411 1090 930 382 872 804 375 819 833 1171 1120 1016 783 158 871
1219 1398 1016 1097 337 1033 621 58 947 915 839 695 971 727 968 1138 808 200 912 741 755 845 946 1063 865 893 955 80 662 735 469 998 705 711 1421 887 846 462 970 945 739 988 1982 733 670 717 963 767 1091 1196 868 892 1089 849 752 896 733 683 752 0 1109 927 974 1210 862 720 890 1052 770 623 496 628 1402 973 863 503 293 859 146 140 935 750 647 1173 833 1184
356 535 646 1142 816 250 761 1137 836 678 427 835 734 868 731 1183 844 1167 758 1010 408 432 709 123 334 822 718 1160 802 421 857 215 718 918 808 263 315 850 859 987 417 877 907 426 753 454 891 907 52 1241 675 821 1133 656 892 785 873 823 507 1109 0 556 737 347 785 437 819 390 910 861 1025 768 1447 456 865 1031 1161 446 1176 1190 698 1019 1150 310 641 1228
879 1058 113 959 634 480 578 955 527 1200 405 653 1256 685 1253 1000 1351 984 449 1285 386 410 1231 510 312 1344 1240 978 620 399 674 445 1241 1255 1283 334 293 667 550 678 394 568 1429 404 1213 396 1414 725 538 1058 366 1343 951 347 709 476 691 641 198 927 556 0 1259 869 476 414 1341 912 728 1167 1039 586 1264 979 556 1046 978 424 994 1007 1220 1294 1190 832 332 1046
609 788 1349 1688 928 953 1212 1002 1537 66 1130 1286 72 1318 259 1729 471 1031 1461 636 1111 1135 88 826 1037 449 246 1025 1253 1124 1059 918 345 545 1352 966 1018 1052 1561 1536 1120 1579 1451 1129 379 1157 518 1358 755 1787 1378 448 1680 1359 1343 1487 1324 1274 1210 974 737 1259 0 599 1453 1140 445 442 1361 487 651 1219 1993 362 1454 658 1026 1149 1041 1055 226 646 776 562 1344 1774
55 234 959 1455 1129 562 1074 1238 1148 541 740 1148 596 1181 594 1496 706 1267 1071 872 721 745 572 436 647 684 580 1261 1115 734 1170 528 581 781 962 576 628 1163 1172 1300 729 1190 1060 739 615 767 754 1220 365 1554 988 684 1446 969 1205 1098 1186 1136 820 1210 347 869 599 0 1098 750 681 252 1223 723 887 1081 1760 319 1178 894 1262 759 1277 1291 560 882 1012 59 954 1541
1107 1286 565 511 569 708 514 891 108 1394 615 588 1450 621 1447 552 1287 920 74 1220 530 620 1425 738 540 1372 1434 913 556 510 610 674 1184 1190 835 562 521 603 132 227 514 149 1657 508 1149 492 1442 660 766 610 133 1371 503 248 645 58 626 576 301 862 785 476 1453 1098 0 495 1369 1140 663 1103 975 521 816 1207 104 982 914 634 929 943 1414 1230 1126 1061 345 598
759 938 504 752 426 360 371 748 546 1081 162 446 1136 478 1134 793 1144 777 469 1077 122 167 1112 390 192 1225 1121 770 413 133 467 326 1041 1047 1075 214 173 460 570 600 131 587 1309 131 1006 115 1294 517 418 851 385 1224 744 367 502 495 483 434 270 720 437 414 1140 750 495 0 1221 792 521 960 832 378 1057 859 518 839 771 181 786 800 1101 1087 983 713 351 838
691 870 1431 1604 844 1034 1128 918 1453 386 1212 1202 442 1234 439 1645 386 947 1419 552 1193 1217 418 908 1119 49 426 941 1169 1206 975 1000 261 461 1434 1048 1100 968 1477 1452 1201 1495 1532 1211 295 1223 264 1274 837 1703 1375 49 1596 1356 1259 1403 1240 1190 1259 890 819 1341 445 681 1369 1221 0 524 1277 403 567 1135 1909 444 1370 574 942 1231 957 971 406 562 692 644 1340 1690
262 441 1002 1498 1007 605 1117 1081 1191 383 783 1191 439 1223 436 1539 549 1110 1114 715 764 788 414 479 690 527 423 1103 1158 777 1138 571 423 624 1005 619 671 1131 1215 1343 772 1232 1103 782 458 809 597 1263 408 1597 1031 526 1489 1012 1248 1141 1229 1179 863 1052 390 912 442 252 1140 792 524 0 1266 566 730 1124 1803 161 1221 737 1104 802 1119 1133 403 724 855 215 997 1584
1233 1412 817 898 477 834 204 798 748 1302 641 144 1358 96 1355 939 1195 828 713 1128 556 646 1333 864 666 1280 1342 821 142 536 518 799 1092 1098 1222 688 647 511 771 746 540 789 1783 534 1056 518 1350 53 892 997 669 1279 890 650 64 697 91 196 553 770 910 728 1361 1223 663 521 1277 1266 0 1010 883 197 1203 1333 664 890 822 660 837 851 1322 1137 1034 1186 635 985
732 912 1256 1337 578 1076 861 652 1187 428 1080 935 484 968 481 1378 344 681 1152 510 995 1085 459 950 1105 406 468 674 903 975 709 1042 218 418 1476 1090 1086 702 1211 1185 979 1228 1574 973 183 957 476 1007 879 1437 1108 406 1329 1089 992 1137 973 923 993 623 861 1167 487 723 1103 960 403 566 1010 0 301 868 1643 486 1103 308 675 1099 690 704 448 519 452 686 1074 1424
897 1076 1129 1210 450 1145 733 524 1059 592 952 808 648 840 646 1251 406 553 1024 339 867 957 624 1114 978 571 632 547 775 848 581 1111 382 309 1533 999 958 574 1083 1058 852 1100 1738 846 347 829 640 880 1043 1309 980 570 1201 962 864 1009 846 796 865 496 1025 1039 651 887 975 832 567 730 883 301 0 741 1515 650 976 51 548 971 563 577 612 348 244 850 946 1296
1090 1270 675 756 335 691 65 656 605 1160 498 231 1216 144 1213 797 1053 685 571 986 414 503 1191 722 524 1138 1200 679 198 394 376 657 950 956 1079 545 505 368 629 604 398 647 1641 392 914 376 1208 184 750 855 527 1137 748 508 169 555 150 100 411 628 768 586 1219 1081 521 378 1135 1124 197 868 741 0 1061 1190 522 747 680 518 695 709 1180 995 891 1044 492 843
1769 1948 1354 611 1109 1370 1054 1431 901 1934 1177 1128 1990 1161 1987 653 1827 1460 866 1760 1092 1182 1965 1401 1203 1912 1974 1453 1096 1073 1150 1336 1724 1730 1023 1224 1183 1143 924 899 1077 942 2320 1071 1689 1054 1982 1200 1429 711 925 1911 376 1040 1185 850 1166 1116 1090 1402 1447 1264 1993 1760 816 1057 1909 1803 1203 1643 1515 1061 0 1869 817 1522 1454 1196 1469 1483 1954 1770 1666 1723 1138 518
328 507 1068 1564 927 672 1183 1001 1258 303 849 1258 359 1290 356 1605 469 1030 1180 635 831 854 334 545 757 447 343 1023 1225 843 1058 638 343 544 1071 685 737 1051 1281 1410 839 1299 1170 848 378 876 517 1329 474 1663 1097 446 1556 1078 1314 1207 1295 1246 930 973 456 979 362 319 1207 859 444 161 1333 486 650 1190 1869 0 1287 657 1024 868 1039 1053 323 644 775 282 1063 1650
1187 1367 646 512 570 788 515 891 189 1395 638 589 1451 621 1448 553 1288 921 154 1221 553 643 1426 819 621 1373 1435 914 556 533 611 754 1185 1191 835 642 602 604 212 177 538 230 1738 531 1150 515 1443 661 847 611 213 1372 504 329 646 138 627 577 382 863 865 556 1454 1178 104 518 1370 1221 664 1103 976 522 817 1287 0 983 915 657 930 944 1415 1230 1127 1141 426 599
903 1083 1136 1217 457 1152 740 531 1066 599 959 815 655 847 652 1258 412 560 1031 345 874 964 630 1121 984 577 639 553 782 854 588 1118 389 315 1540 1006 965 581 1090 1065 859 1107 1745 852 354 836 647 886 1050 1316 987 576 1208 968 871 1016 852 803 872 503 1031 1046 658 894 982 839 574 737 890 308 51 747 1522 657 983 0 554 978 569 583 619 355 251 857 953 1303
1271 1450 1068 1149 389 1084 673 315 998 967 891 747 1023 779 1020 1190 860 217 964 793 806 896 998 1115 917 945 1007 301 714 787 520 1050 757 763 1472 938 898 513 1022 997 791 1039 2034 785 721 768 1015 819 1143 1248 920 944 1140 901 804 948 785 735 804 293 1161 978 1026 1262 914 771 942 1104 822 675 548 680 1454 1024 915 554 0 910 226 240 987 802 698 1225 885 1235
768 948 513 891 566 369 511 887 685 1090 70 585 1146 617 1143 932 1256 916 608 1217 153 68 1121 400 202 1234 1130 910 552 166 606 335 1131 1187 1215 223 183 599 709 739 161 726 1319 171 1145 254 1304 657 428 990 525 1233 883 506 641 635 623 573 375 859 446 424 1149 759 634 181 1231 802 660 1099 971 518 1196 868 657 978 910 0 926 940 1110 1226 1122 722 490 978
1286 1465 1083 1164 404 1099 688 112 1013 982 906 762 1038 794 1035 1205 875 77 979 808 822 911 1013 1130 932 960 1022 98 729 802 536 1065 772 778 1487 953 913 528 1037 1012 806 1055 2049 800 736 784 1030 834 1158 1263 935 959 1156 916 819 963 800 750 819 146 1176 994 1041 1277 929 786 957 1119 837 690 563 695 1469 1039 930 569 226 926 0 37 1002 817 714 1240 900 1251
1300 1479 1097 1178 418 1113 702 106 1027 996 920 776 1052 808 1049 1219 889 91 993 822 836 925 1027 1144 946 974 1036 93 743 816 549 1079 786 792 1501 967 927 542 1051 1026 820 1068 2063 814 750 797 1044 848 1172 1277 949 973 1170 930 833 977 814 764 833 140 1190 1007 1055 1291 943 800 971 1133 851 704 577 709 1483 1053 944 583 240 940 37 0 1016 831 727 1254 914 1264
570 749 1310 1649 889 914 1173 963 1498 167 1091 1247 223 1279 88 1690 431 992 1422 597 1072 1096 198 787 998 410 75 986 1214 1085 1020 879 306 506 1313 927 979 1013 1522 1497 1081 1539 1412 1090 340 1118 479 1319 716 1748 1339 409 1641 1320 1304 1448 1285 1235 1171 935 698 1220 226 560 1414 1101 406 403 1322 448 612 1180 1954 323 1415 619 987 1110 1002 1016 0 607 737 523 1305 1735
891 1070 1383 1464 705 1235 988 779 1314 587 1207 1062 642 1095 640 1505 257 808 1279 76 1122 1212 618 1108 1232 565 627 801 1029 1102 836 1200 335 160 1634 1248 1213 829 1338 1312 1106 1355 1733 1100 411 1084 634 1134 1037 1564 1235 564 1456 1216 1119 1263 1100 1050 1120 750 1019 1294 646 882 1230 1087 562 724 1137 519 348 995 1770 644 1230 355 802 1226 817 831 607 0 330 845 1201 1551
1022 1201 1280 1361 601 1296 884 675 1210 717 1103 959 773 991 771 1402 388 704 1175 321 1018 1108 749 1239 1128 696 757 697 926 998 732 1262 466 291 1684 1150 1109 725 1234 1209 1003 1251 1863 996 498 980 765 1030 1168 1460 1131 695 1352 1112 1015 1160 996 947 1016 647 1150 1190 776 1012 1126 983 692 855 1034 452 244 891 1666 775 1127 251 698 1122 714 727 737 330 0 975 1097 1447
68 248 922 1418 1092 525 1037 1201 1111 503 703 1111 559 1144 557 1459 669 1230 1034 835 684 708 535 399 610 647 543 1224 1078 697 1133 491 544 744 925 539 591 1126 1135 1263 692 1153 1023 702 578 730 717 1183 328 1517 951 647 1409 932 1168 1061 1149 1099 783 1173 310 832 562 59 1061 713 644 215 1186 686 850 1044 1723 282 1141 857 1225 722 1240 1254 523 845 975 0 917 1504
963 1142 421 833 540 564 485 862 396 1285 471 560 1341 592 1338 874 1258 891 319 1191 386 476 1316 595 397 1343 1325 884 527 366 581 530 1155 1161 1156 418 377 574 420 548 371 437 1514 365 1120 348 1413 631 622 932 236 1343 824 217 616 346 597 548 158 833 641 332 1344 954 345 351 1340 997 635 1074 946 492 1138 1063 426 953 885 490 900 914 1305 1201 1097 917 0 919
1550 1730 1135 393 891 1151 835 1212 682 1716 958 910 1771 942 1769 434 1608 1241 647 1542 874 964 1747 1182 984 1694 1756 1235 877 854 931 1117 1505 1512 805 1005 965 924 706 680 858 723 2101 852 1470 836 1763 982 1210 492 706 1693 205 822 966 632 948 898 871 1184 1228 1046 1774 1541 598 838 1690 1584 985 1424 1296 843 518 1650 599 1303 1235 978 1251 1264 1735 1551 1447 1504 919 0
EOF