NAME : tsp_problem
TYPE : TSP
DIMENSION : 32
EDGE_WEIGHT_TYPE : EXPLICIT
EDGE_WEIGHT_FORMAT : FULL_MATRIX
EDGE_WEIGHT_SECTION
0 1164 1421 1260 408 451 1291 1320 1070 687 1306 483 509 88 644 1242 1045 1548 1280 204 1363 1170 761 323 1341 1550 769 101 968 746 1021 151
1164 0 771 505 1054 917 271 670 420 531 292 917 904 1129 1040 222 327 898 260 1153 608 334 731 870 327 899 800 1142 738 715 177 1068
1421 771 0 310 1331 1174 898 127 404 788 743 1467 1493 1386 1628 849 1030 771 887 1410 383 571 1434 1127 778 773 1057 1399 1440 1418 628 1325
1260 505 310 0 1170 1013 681 209 243 626 469 1305 1331 1224 1467 632 756 610 670 1249 136 297 1159 966 504 611 895 1237 1166 1144 411 1164
408 1054 1331 1170 0 231 1201 1230 980 596 1215 198 224 372 359 1152 760 1457 1190 250 1272 1080 477 313 1250 1459 678 385 684 461 931 344
451 917 1174 1013 231 0 1044 1073 823 440 1058 366 392 415 528 995 929 1301 1033 419 1116 923 645 157 1094 1303 521 428 852 629 774 354
1291 271 898 681 1201 1044 0 797 547 658 485 1075 1062 1255 1198 99 485 1024 265 1280 784 510 889 997 520 1026 927 1268 896 874 304 1195
1320 670 127 209 1230 1073 797 0 303 686 642 1365 1392 1284 1527 748 929 670 786 1309 282 470 1332 1026 677 672 956 1297 1339 1317 527 1224
1070 420 404 243 980 823 547 303 0 436 561 1115 1141 1034 1277 498 721 530 536 1059 345 426 1125 776 596 532 705 1047 1132 1109 277 974
687 531 788 626 596 440 658 686 436 0 672 732 758 651 893 609 832 914 647 675 729 536 1011 393 707 916 322 664 1218 995 387 590
1306 292 743 469 1215 1058 485 642 561 672 0 1131 1119 1270 1254 437 542 1039 474 1294 572 298 946 1012 131 1041 941 1283 952 930 375 1209
483 917 1467 1305 198 366 1075 1365 1115 732 1131 0 87 447 222 1026 623 1593 1064 325 1408 1173 339 449 1166 1595 814 460 546 324 1066 418
509 904 1493 1331 224 392 1062 1392 1141 758 1119 87 0 473 164 1014 611 1619 1051 351 1434 1161 327 475 1154 1621 840 486 534 311 1055 445
88 1129 1386 1224 372 415 1255 1284 1034 651 1270 447 473 0 608 1207 1009 1512 1244 168 1327 1134 725 287 1305 1514 733 65 932 710 985 115
644 1040 1628 1467 359 528 1198 1527 1277 893 1254 222 164 608 0 1149 746 1755 1187 487 1569 1296 462 611 1289 1756 975 621 669 447 1190 580
1242 222 849 632 1152 995 99 748 498 609 437 1026 1014 1207 1149 0 437 976 217 1231 735 461 840 948 472 977 878 1220 847 825 255 1146
1045 327 1030 756 760 929 485 929 721 832 542 623 611 1009 746 437 0 1199 475 887 858 584 437 1011 577 1201 1101 1022 444 422 478 981
1548 898 771 610 1457 1301 1024 670 530 914 1039 1593 1619 1512 1755 976 1199 0 1014 1536 712 870 1603 1254 1074 280 1183 1525 1609 1587 754 1451
1344 324 951 734 1254 1097 225 850 600 711 538 1128 1115 1309 1251 213 539 1078 0 1333 837 563 942 1050 574 1079 980 1322 949 927 357 1248
204 1153 1410 1249 250 419 1280 1309 1059 675 1294 325 351 168 487 1231 887 1536 1269 0 1351 1159 604 312 1329 1538 757 181 811 588 1010 139
1363 608 383 136 1272 1116 784 282 345 729 572 1408 1434 1327 1569 735 858 712 773 1351 0 399 1262 1069 607 714 998 1340 1269 1246 514 1266
1170 334 571 297 1080 923 510 470 426 536 298 1173 1161 1134 1296 461 584 870 499 1159 399 0 988 876 333 872 806 1147 994 972 239 1074
761 731 1434 1159 477 645 889 1332 1125 1011 946 339 327 725 462 840 437 1603 878 604 1262 988 0 728 981 1605 1092 738 361 65 882 697
323 870 1127 966 313 157 997 1026 776 393 1012 449 475 287 611 948 1011 1254 986 312 1069 876 728 0 1047 1256 474 300 935 712 727 227
1341 327 778 504 1250 1094 520 677 596 707 131 1166 1154 1305 1289 472 577 1074 510 1329 607 333 981 1047 0 1076 976 1318 987 965 410 1244
1550 899 773 611 1459 1303 1026 672 532 916 1041 1595 1621 1514 1756 977 1201 280 1015 1538 714 872 1605 1256 1076 0 1185 1527 1611 1589 756 1453
769 800 1057 895 678 521 927 956 705 322 941 814 840 733 975 878 1101 1183 916 757 998 806 1092 474 976 1185 0 746 1299 1077 657 672
101 1142 1399 1237 385 428 1268 1297 1047 664 1283 460 486 65 621 1220 1022 1525 1258 181 1340 1147 738 300 1318 1527 746 0 945 723 998 128
968 738 1440 1166 684 852 896 1339 1132 1218 952 546 534 932 669 847 444 1609 885 811 1269 994 361 935 987 1611 1299 945 0 345 888 904
746 715 1418 1144 461 629 874 1317 1109 995 930 324 311 710 447 825 422 1587 863 588 1246 972 65 712 965 1589 1077 723 345 0 866 682
1021 177 628 411 931 774 304 527 277 387 375 1066 1055 985 1190 255 478 754 293 1010 514 239 882 727 410 756 657 998 888 866 0 925
151 1068 1325 1164 344 354 1195 1224 974 590 1209 418 445 115 580 1146 981 1451 1184 139 1266 1074 697 227 1244 1453 672 128 904 682 925 0
EOF