NAME : tsp_problem
TYPE : TSP
DIMENSION : 86
EDGE_WEIGHT_TYPE : EXPLICIT
EDGE_WEIGHT_FORMAT : FULL_MATRIX
EDGE_WEIGHT_SECTION
0 415 330 929 465 771 1052 1048 251 481 1075 1289 593 515 1034 403 1532 1200 357 488 1161 1015 434 800 1318 499 1309 1152 116 535 347 558 459 129 393 415 1187 1051 255 160 697 446 721 898 441 982 1085 1090 940 350 1335 1034 273 580 856 903 916 1291 311 1130 1036 233 1080 459 325 1060 965 1102 524 331 344 895 561 1090 1708 815 1063 997 1258 710 1306 1360 390 212 1035 1278
415 0 132 969 679 558 839 1055 208 521 862 1077 600 134 822 529 1319 1207 104 701 949 803 442 807 1191 506 1097 1159 387 543 354 345 672 328 467 59 974 1059 526 501 704 717 762 938 448 769 872 1097 947 620 1122 822 555 794 864 944 923 1078 319 1087 823 220 1087 112 134 1067 1006 890 143 338 615 683 568 878 1496 856 850 1005 1131 497 1093 1233 542 552 822 1280
330 132 0 884 594 592 873 970 123 436 896 1111 516 232 856 444 1353 1122 117 617 983 836 357 723 1225 421 1131 1074 302 458 269 379 587 278 501 132 1008 974 441 416 619 632 677 853 363 803 906 1012 862 535 1156 855 471 709 779 859 838 1112 234 1052 857 254 1002 176 128 983 921 924 240 254 530 717 483 912 1530 771 884 920 1165 531 1127 1267 457 467 856 1200
929 969 884 0 705 1425 1706 1465 806 491 1729 1787 1010 1069 1689 556 2186 1617 911 728 1667 1669 705 1217 1736 916 1807 1569 836 952 764 1212 698 910 1173 969 1684 1468 926 1015 1114 798 348 345 858 1636 1739 1507 1357 702 1833 1688 956 820 1274 530 1333 1788 838 1547 1690 1014 1497 1013 879 1477 592 1757 1078 748 697 1550 978 1727 2325 263 1717 1414 1675 1364 1803 1777 568 979 1689 1695
465 679 594 705 0 1092 1373 1174 515 257 1396 1497 720 779 1355 179 1853 1326 621 72 1377 1336 414 927 1445 626 1516 1279 373 662 473 879 53 450 714 679 1394 1178 463 552 823 137 497 674 568 1303 1406 1216 1066 238 1542 1355 493 191 983 680 1042 1498 547 1257 1357 555 1206 723 589 1187 742 1423 788 458 234 1217 687 1411 2029 592 1384 1124 1385 1031 1513 1487 167 516 1356 1405
771 558 592 1425 1092 0 372 923 664 977 395 610 1057 659 355 985 953 945 565 1115 482 336 898 1241 724 962 630 770 743 999 810 273 1085 666 805 559 507 766 882 857 1138 1073 1218 1394 904 302 405 833 946 976 655 355 912 1207 1298 1400 922 611 775 620 356 558 794 602 594 774 1462 423 667 795 971 216 1024 411 1130 1312 383 978 664 187 626 766 998 908 355 813
1052 839 873 1706 1373 372 0 603 945 1258 486 290 1300 940 99 1266 1234 625 846 1396 162 226 1179 921 404 1206 310 451 1024 1243 1054 555 1367 947 1086 840 187 446 1163 1138 818 1354 1499 1675 1148 193 149 513 626 1257 336 245 1193 1488 978 1681 602 291 1056 301 447 839 474 883 876 455 1743 514 948 1062 1252 307 1268 91 1411 1593 66 658 344 468 306 446 1279 1189 246 493
1048 1055 970 1465 1174 923 603 0 892 1017 1037 625 1001 1155 649 1025 1785 232 997 1197 505 776 937 622 573 906 645 184 1020 943 754 1105 1168 995 1259 1055 522 437 1158 1134 518 1268 1257 1434 848 743 699 122 180 1172 671 795 1188 1289 678 1440 222 626 923 349 997 1100 466 1099 965 446 1501 1064 1164 762 1166 857 968 565 1961 1351 606 135 513 1018 641 615 1038 1185 796 311
251 208 123 806 515 664 945 892 0 358 968 1182 437 308 927 366 1425 1043 150 538 1054 908 278 644 1162 343 1202 996 223 379 191 450 509 199 463 208 1080 895 362 338 541 553 598 775 285 875 977 934 784 457 1228 927 392 630 700 781 760 1184 155 974 929 290 924 252 118 904 842 995 317 175 452 788 405 983 1601 692 956 841 1102 602 1199 1204 379 389 927 1122
481 521 436 491 257 977 1258 1017 358 0 1281 1339 562 622 1241 108 1738 1169 463 280 1219 1222 257 769 1288 468 1359 1121 388 505 316 764 251 462 725 521 1237 1021 479 567 666 351 284 460 410 1188 1291 1059 909 254 1385 1241 509 372 826 466 885 1341 390 1099 1242 566 1049 565 431 1029 528 1309 630 300 249 1102 530 1279 1915 378 1269 967 1227 916 1356 1330 121 531 1241 1247
1075 862 896 1729 1396 395 486 1037 968 1281 0 724 1361 963 469 1289 1257 1059 869 1419 596 449 1202 1355 838 1266 744 884 1047 1303 1114 578 1390 970 1109 863 621 880 1186 1161 1252 1377 1522 1698 1209 416 519 947 1060 1280 769 469 1216 1511 1412 1704 1036 725 1079 734 191 862 908 906 899 888 1766 67 971 1099 1275 262 1328 525 1434 1616 497 1091 778 491 740 880 1302 1212 469 927
1289 1077 1111 1787 1497 610 290 625 1182 1339 724 0 1323 1177 336 1347 1472 648 1084 1519 192 463 1259 944 427 1228 234 473 1261 1265 1076 792 1490 1185 1323 1077 142 468 1400 1376 840 1590 1579 1756 1170 430 387 535 648 1494 102 482 1430 1611 1000 1762 624 215 1246 323 685 1077 496 1121 1113 477 1824 751 1186 1084 1488 544 1290 252 1648 1674 293 680 366 706 70 468 1360 1427 483 516
593 600 516 1010 720 1057 1300 1001 437 562 1361 1323 0 701 1320 570 1817 1152 542 743 1203 1301 483 753 1271 203 1342 1105 565 142 266 843 713 541 805 601 1220 1004 704 679 650 813 803 979 195 1268 1370 1042 892 717 1368 1320 734 835 809 985 869 1324 469 1083 1322 645 1033 644 511 1013 1047 1388 709 308 712 1181 71 1262 1994 897 1304 950 1211 995 1339 1313 583 731 1320 1231
515 134 232 1069 779 659 940 1155 308 622 963 1177 701 0 922 630 1420 1307 205 802 1049 903 542 908 1292 607 1197 1260 487 643 454 445 772 429 567 140 1075 1159 626 601 804 817 862 1039 549 870 972 1197 1047 721 1223 922 656 894 964 1044 1023 1179 419 1188 924 321 1187 212 234 1168 1106 990 38 439 715 783 668 978 1596 956 951 1105 1231 597 1194 1333 643 653 922 1381
1034 822 856 1689 1355 355 99 649 927 1241 469 336 1320 922 0 1249 1217 672 828 1378 208 208 1161 968 451 1226 356 497 1006 1262 1073 537 1349 930 1068 822 234 492 1145 1121 865 1336 1481 1658 1168 175 77 560 672 1240 382 227 1175 1470 1024 1663 648 338 1038 347 430 822 521 866 858 501 1725 496 931 1058 1235 289 1287 137 1393 1575 110 704 390 450 353 493 1262 1172 228 540
403 529 444 556 179 985 1266 1025 366 108 1289 1347 570 630 1249 0 1746 1177 471 202 1227 1230 265 777 1296 476 1367 1129 311 513 324 772 173 388 652 529 1245 1029 401 489 674 273 348 525 418 1196 1299 1067 917 176 1393 1249 431 294 834 530 893 1349 398 1107 1250 492 1057 573 439 1037 592 1317 638 308 171 1110 538 1287 1923 442 1277 975 1235 924 1364 1338 45 453 1249 1255
1532 1319 1353 2186 1853 953 1234 1785 1425 1738 1257 1472 1817 1420 1217 1746 0 1807 1326 1876 1344 1197 1659 2024 1586 1723 1492 1632 1504 1760 1571 1034 1846 1427 1566 1319 1369 1628 1642 1618 1921 1833 1979 2155 1665 1164 1267 1695 1808 1737 1517 1216 1672 1968 2081 2161 1784 1473 1536 1482 1218 1319 1656 1363 1355 1636 2223 1285 1428 1555 1732 1078 1785 1273 1891 2073 1245 1839 1526 948 1488 1628 1759 1669 1217 1675
1200 1207 1122 1617 1326 945 625 232 1043 1169 1059 648 1152 1307 672 1177 1807 0 1149 1349 528 799 1089 773 596 1058 667 207 1171 1095 906 1127 1320 1147 1411 1207 545 553 1310 1286 670 1420 1409 1586 1000 766 722 145 332 1323 693 818 1340 1441 830 1591 374 649 1075 372 1020 1252 581 1251 1117 562 1653 1086 1316 914 1318 880 1120 587 1984 1503 629 287 536 1041 664 638 1190 1337 818 333
357 104 117 911 621 565 846 997 150 463 869 1084 542 205 828 471 1326 1149 0 643 955 809 384 749 1198 448 1103 1101 329 484 296 352 614 304 473 105 981 1000 467 443 646 658 703 880 390 776 879 1039 889 562 1129 828 497 735 806 886 865 1085 260 1079 830 227 1029 148 119 1009 948 896 213 280 557 690 510 884 1502 798 857 946 1138 504 1100 1240 484 494 829 1227
488 701 617 728 72 1115 1396 1197 538 280 1419 1519 743 802 1378 202 1876 1349 643 0 1399 1359 437 949 1468 648 1539 1301 396 685 496 901 76 473 737 702 1417 1201 486 574 846 175 520 697 590 1326 1428 1239 1089 262 1565 1378 516 214 1006 702 1065 1521 570 1279 1380 577 1229 745 611 1210 764 1446 810 481 256 1239 710 1434 2052 614 1407 1147 1408 1054 1536 1510 189 538 1378 1427
1161 949 983 1667 1377 482 162 505 1054 1219 596 192 1203 1049 208 1227 1344 528 955 1399 0 335 1140 824 307 1109 212 353 1133 1145 956 664 1370 1056 1195 949 90 348 1272 1247 721 1463 1460 1636 1051 302 258 416 528 1367 238 354 1302 1492 880 1642 504 194 1126 203 557 948 377 993 985 357 1704 623 1058 965 1361 416 1170 124 1520 1554 165 560 246 577 209 349 1240 1299 355 396
1015 803 836 1669 1336 336 226 776 908 1222 449 463 1301 903 208 1230 1197 799 809 1359 335 0 1142 1095 578 1206 483 624 987 1243 1054 518 1330 910 1049 803 361 619 1126 1101 992 1317 1462 1639 1149 83 259 687 799 1220 509 93 1156 1451 1151 1644 775 465 1019 474 410 802 648 847 839 628 1706 477 911 1039 1215 270 1268 264 1374 1556 237 831 518 431 480 620 1242 1152 94 667
434 442 357 705 414 898 1179 937 278 257 1202 1259 483 542 1161 265 1659 1089 384 437 1140 1142 0 690 1208 389 1279 1042 406 425 236 684 408 382 646 442 1157 941 545 521 586 508 497 674 331 1109 1211 979 829 411 1305 1161 575 529 746 679 805 1261 310 1020 1163 486 969 486 352 950 741 1229 551 221 406 1022 450 1199 1835 591 1190 887 1148 836 1276 1250 278 572 1161 1168
800 807 723 1217 927 1241 921 622 644 769 1355 944 753 908 968 777 2024 773 749 949 824 1095 690 0 892 659 963 726 772 695 506 1050 920 748 1012 808 841 625 911 886 142 1020 1010 1186 601 1062 1018 663 513 924 989 1114 941 1042 288 1192 489 945 676 704 1316 852 653 851 717 634 1254 1382 916 515 919 1176 720 883 2201 1104 925 571 832 1202 960 934 790 937 1114 852
1318 1191 1225 1736 1445 724 404 573 1162 1288 838 427 1271 1292 451 1296 1586 596 1198 1468 307 578 1208 892 0 1177 446 421 1290 1213 1025 906 1439 1266 1438 1191 324 416 1429 1405 789 1539 1528 1705 1119 545 501 484 596 1442 472 597 1459 1560 949 1710 573 428 1194 271 799 1191 445 1235 1227 425 1772 865 1300 1033 1437 659 1239 366 1763 1622 408 628 101 820 443 247 1309 1456 597 464
499 506 421 916 626 962 1206 906 343 468 1266 1228 203 607 1226 476 1723 1058 448 648 1109 1206 389 659 1177 0 1248 1010 471 271 172 749 619 447 710 506 1126 910 610 585 555 719 708 885 177 1173 1276 948 798 623 1274 1225 640 741 715 891 774 1230 375 989 1227 551 938 550 416 919 953 1294 615 213 618 1087 230 1168 1900 803 1209 856 1117 901 1245 1219 489 636 1226 1136
1309 1097 1131 1807 1516 630 310 645 1202 1359 744 234 1342 1197 356 1367 1492 667 1103 1539 212 483 1279 963 446 1248 0 493 1281 1285 1096 812 1510 1204 1343 1097 161 488 1420 1395 860 1610 1599 1776 1190 450 406 555 668 1513 279 502 1450 1631 1020 1782 644 28 1265 343 704 1096 516 1141 1133 497 1843 771 1206 1104 1508 564 1310 272 1668 1693 313 700 386 725 250 488 1380 1447 503 535
1152 1159 1074 1569 1279 770 451 184 996 1121 884 473 1105 1260 497 1129 1632 207 1101 1301 353 624 1042 726 421 1010 493 0 1124 1047 858 953 1272 1100 1363 1159 370 378 1263 1238 622 1372 1361 1538 952 591 547 95 284 1276 518 643 1293 1394 782 1544 326 474 1028 197 845 1204 406 1203 1069 387 1606 912 1268 866 1271 705 1072 412 1809 1456 454 239 361 866 489 463 1142 1289 644 158
116 387 302 836 373 743 1024 1020 223 388 1047 1261 565 487 1006 311 1504 1171 329 396 1133 987 406 772 1290 471 1281 1124 0 507 319 529 366 101 365 387 1159 1023 162 202 669 353 629 805 413 954 1056 1062 911 257 1307 1006 192 488 828 811 888 1263 283 1102 1008 205 1052 431 297 1032 873 1074 496 303 252 867 533 1062 1680 723 1035 969 1230 681 1278 1332 298 215 1006 1250
535 543 458 952 662 999 1243 943 379 505 1303 1265 142 643 1262 513 1760 1095 484 685 1145 1243 425 695 1213 271 1285 1047 507 0 208 785 655 483 747 543 1162 946 646 622 592 755 745 922 137 1210 1312 985 835 659 1310 1262 676 777 751 927 811 1266 411 1025 1264 587 975 587 453 955 989 1330 651 250 654 1123 110 1205 1936 839 1246 892 1153 937 1281 1255 525 673 1262 1173
347 354 269 764 473 810 1054 754 191 316 1114 1076 266 454 1073 324 1571 906 296 496 956 1054 236 506 1025 172 1096 858 319 208 0 597 467 294 558 354 974 758 457 433 403 567 556 733 114 1021 1124 796 646 470 1122 1073 487 588 563 739 622 1078 222 836 1075 399 786 398 264 766 800 1141 463 61 465 935 234 1016 1747 650 1057 704 964 749 1093 1067 337 484 1074 984
558 345 379 1212 879 273 555 1105 450 764 578 792 843 445 537 772 1034 1127 352 901 664 518 684 1050 906 749 812 953 529 785 597 0 872 453 591 345 689 948 668 644 947 859 1004 1181 691 484 587 1015 1128 763 838 537 698 994 1106 1187 1104 793 561 803 538 345 976 389 381 957 1248 605 454 581 758 398 811 593 1211 1099 565 1160 846 212 808 948 785 695 537 995
459 672 587 698 53 1085 1367 1168 509 251 1390 1490 713 772 1349 173 1846 1320 614 76 1370 1330 408 920 1439 619 1510 1272 366 655 467 872 0 444 707 672 1387 1171 457 545 817 162 491 668 561 1296 1399 1210 1060 232 1536 1349 487 185 977 673 1036 1491 541 1250 1351 548 1200 716 582 1180 735 1417 781 451 227 1210 681 1405 2023 585 1377 1117 1378 1024 1506 1480 160 509 1349 1398
129 328 278 910 450 666 947 995 199 462 970 1185 541 429 930 388 1427 1147 304 473 1056 910 382 748 1266 447 1204 1100 101 483 294 453 444 0 288 328 1082 999 240 215 644 431 702 879 389 877 980 1037 887 334 1230 929 270 565 804 884 863 1186 259 1078 931 129 1027 372 273 1008 946 997 437 279 329 791 508 985 1604 796 958 945 1206 605 1201 1308 375 266 930 1226
393 467 501 1173 714 805 1086 1259 463 725 1109 1323 805 567 1068 652 1566 1411 473 737 1195 1049 646 1012 1438 710 1343 1363 365 747 558 591 707 288 0 467 1221 1263 503 479 908 694 966 1142 653 1016 1118 1301 1151 598 1369 1068 533 829 1068 1148 1127 1325 523 1334 1070 267 1291 511 503 1272 1210 1136 576 543 593 929 772 1124 1742 1060 1097 1209 1377 743 1340 1479 639 530 1068 1489
415 59 132 969 679 559 840 1055 208 521 863 1077 601 140 822 529 1319 1207 105 702 949 803 442 808 1191 506 1097 1159 387 543 354 345 672 328 467 0 975 1059 526 501 704 717 762 938 449 770 872 1097 947 620 1123 822 556 794 864 944 923 1079 319 1088 824 220 1087 112 134 1068 1006 890 149 339 615 683 568 878 1496 856 850 1005 1131 497 1094 1233 542 552 822 1280
1187 974 1008 1684 1394 507 187 522 1080 1237 621 142 1220 1075 234 1245 1369 545 981 1417 90 361 1157 841 324 1126 161 370 1159 1162 974 689 1387 1082 1221 975 0 365 1298 1273 738 1487 1477 1654 1068 328 284 433 545 1391 187 380 1328 1509 898 1659 522 143 1143 220 582 974 394 1018 1010 374 1721 648 1083 982 1386 442 1188 149 1546 1571 191 577 264 603 158 366 1257 1324 380 413
1051 1059 974 1468 1178 766 446 437 895 1021 880 468 1004 1159 492 1029 1628 553 1000 1201 348 619 941 625 416 910 488 378 1023 946 758 948 1171 999 1263 1059 365 0 1162 1138 522 1271 1261 1438 852 586 542 441 329 1175 513 638 1192 1293 681 1443 305 469 927 228 840 1103 103 1103 969 50 1505 907 1167 766 1170 700 972 408 1804 1355 449 387 356 861 484 458 1041 1189 639 421
255 526 441 926 463 882 1163 1158 362 479 1186 1400 704 626 1145 401 1642 1310 467 486 1272 1126 545 911 1429 610 1420 1263 162 646 457 668 457 240 503 526 1298 1162 0 169 807 444 719 896 552 1093 1195 1200 1050 347 1446 1145 115 578 967 901 1026 1402 422 1241 1147 344 1190 570 436 1171 963 1213 634 442 342 1006 671 1201 1819 813 1173 1108 1369 820 1417 1471 388 126 1145 1389
160 501 416 1015 552 857 1138 1134 338 567 1161 1376 679 601 1121 489 1618 1286 443 574 1247 1101 521 886 1405 585 1395 1238 202 622 433 644 545 215 479 501 1273 1138 169 0 783 532 807 984 527 1068 1171 1176 1026 436 1421 1120 136 667 943 990 1002 1377 398 1216 1122 320 1166 545 411 1146 1051 1188 610 417 431 982 647 1176 1794 901 1149 1084 1344 796 1392 1447 477 74 1121 1364
697 704 619 1114 823 1138 818 518 541 666 1252 840 650 804 865 674 1921 670 646 846 721 992 586 142 789 555 860 622 669 592 403 947 817 644 908 704 738 522 807 783 0 917 906 1083 497 958 915 560 410 821 886 1011 837 938 199 1089 386 842 572 600 1213 749 550 748 614 531 1151 1279 813 411 815 1072 617 780 2097 1001 821 468 729 1099 857 831 687 834 1011 748
446 717 632 798 137 1073 1354 1268 553 351 1377 1590 813 817 1336 273 1833 1420 658 175 1463 1317 508 1020 1539 719 1610 1372 353 755 567 859 162 431 694 717 1487 1271 444 532 917 0 591 768 661 1284 1386 1310 1160 130 1636 1336 474 300 1077 773 1136 1591 613 1350 1338 535 1300 761 627 1280 835 1404 825 551 137 1197 781 1392 2010 685 1364 1217 1478 1011 1606 1580 260 496 1336 1498
721 762 677 348 497 1218 1499 1257 598 284 1522 1579 803 862 1481 348 1979 1409 703 520 1460 1462 497 1010 1528 708 1599 1361 629 745 556 1004 491 702 966 762 1477 1261 719 807 906 591 0 317 651 1429 1531 1299 1149 494 1625 1481 749 612 1066 241 1125 1581 630 1340 1483 806 1289 805 672 1270 303 1549 870 541 489 1342 770 1519 2117 235 1509 1207 1468 1156 1596 1570 361 771 1481 1487
898 938 853 345 674 1394 1675 1434 775 460 1698 1756 979 1039 1658 525 2155 1586 880 697 1636 1639 674 1186 1705 885 1776 1538 805 922 733 1181 668 879 1142 938 1654 1438 896 984 1083 768 317 0 827 1605 1708 1476 1326 671 1802 1658 926 789 1243 500 1302 1758 807 1516 1659 983 1466 982 848 1446 561 1726 1047 717 666 1519 947 1696 2294 109 1686 1384 1644 1333 1773 1747 538 948 1658 1664
441 448 363 858 568 904 1148 848 285 410 1209 1170 195 549 1168 418 1665 1000 390 590 1051 1149 331 601 1119 177 1190 952 413 137 114 691 561 389 653 449 1068 852 552 527 497 661 651 827 0 1115 1218 890 740 565 1216 1168 582 683 657 833 716 1172 317 931 1169 493 880 492 358 861 895 1236 557 156 560 1029 162 1110 1842 745 1152 798 1059 843 1187 1161 431 578 1168 1079
982 769 803 1636 1303 302 193 743 875 1188 416 430 1268 870 175 1196 1164 766 776 1326 302 83 1109 1062 545 1173 450 591 954 1210 1021 484 1296 877 1016 770 328 586 1093 1068 958 1284 1429 1605 1115 0 225 653 766 1187 476 102 1123 1418 1118 1611 742 432 986 441 377 769 614 813 805 595 1673 443 878 1005 1182 237 1235 231 1341 1523 204 798 484 398 447 587 1209 1119 102 634
1085 872 906 1739 1406 405 149 699 977 1291 519 387 1370 972 77 1299 1267 722 879 1428 258 259 1211 1018 501 1276 406 547 1056 1312 1124 587 1399 980 1118 872 284 542 1195 1171 915 1386 1531 1708 1218 225 0 610 722 1290 432 278 1225 1521 1075 1714 699 388 1088 397 480 872 571 916 908 551 1776 546 981 1108 1285 339 1338 187 1443 1626 160 754 441 501 403 543 1312 1222 278 590
1090 1097 1012 1507 1216 833 513 122 934 1059 947 535 1042 1197 560 1067 1695 145 1039 1239 416 687 979 663 484 948 555 95 1062 985 796 1015 1210 1037 1301 1097 433 441 1200 1176 560 1310 1299 1476 890 653 610 0 222 1213 581 706 1230 1331 720 1482 264 537 965 260 908 1142 469 1141 1007 449 1543 974 1206 804 1208 767 1010 475 1871 1393 516 177 424 929 552 526 1080 1227 706 221
940 947 862 1357 1066 946 626 180 784 909 1060 648 892 1047 672 917 1808 332 889 1089 528 799 829 513 596 798 668 284 911 835 646 1128 1060 887 1151 947 545 329 1050 1026 410 1160 1149 1326 740 766 722 222 0 1063 694 818 1080 1181 570 1331 114 649 815 408 1020 992 358 991 857 338 1393 1087 1056 654 1058 880 860 588 1984 1243 629 130 536 1041 664 638 930 1077 819 410
350 620 535 702 238 976 1257 1172 457 254 1280 1494 717 721 1240 176 1737 1323 562 262 1367 1220 411 924 1442 623 1513 1276 257 659 470 763 232 334 598 620 1391 1175 347 436 821 130 494 671 565 1187 1290 1213 1063 0 1539 1239 377 354 980 677 1039 1495 517 1254 1241 439 1203 664 530 1184 739 1308 729 455 45 1101 684 1296 1914 589 1268 1121 1382 915 1510 1484 164 400 1240 1402
1335 1122 1156 1833 1542 655 336 671 1228 1385 769 102 1368 1223 382 1393 1517 693 1129 1565 238 509 1305 989 472 1274 279 518 1307 1310 1122 838 1536 1230 1369 1123 187 513 1446 1421 886 1636 1625 1802 1216 476 432 581 694 1539 0 528 1476 1657 1046 1807 670 261 1291 368 730 1122 542 1166 1158 522 1869 797 1231 1130 1534 590 1336 297 1694 1719 339 725 412 751 118 514 1406 1472 529 561
1034 822 855 1688 1355 355 245 795 927 1241 469 482 1320 922 227 1249 1216 818 828 1378 354 93 1161 1114 597 1225 502 643 1006 1262 1073 537 1349 929 1068 822 380 638 1145 1120 1011 1336 1481 1658 1168 102 278 706 818 1239 528 0 1175 1470 1170 1663 794 484 1038 493 429 821 667 866 858 647 1725 496 930 1058 1234 289 1287 283 1393 1575 256 850 537 450 499 639 1261 1171 113 686
273 555 471 956 493 912 1193 1188 392 509 1216 1430 734 656 1175 431 1672 1340 497 516 1302 1156 575 941 1459 640 1450 1293 192 676 487 698 487 270 533 556 1328 1192 115 136 837 474 749 926 582 1123 1225 1230 1080 377 1476 1175 0 608 997 931 1056 1432 452 1271 1177 374 1220 599 466 1201 993 1243 664 472 372 1036 701 1231 1849 843 1203 1138 1399 850 1447 1501 418 92 1175 1419
580 794 709 820 191 1207 1488 1289 630 372 1511 1611 835 894 1470 294 1968 1441 735 214 1492 1451 529 1042 1560 741 1631 1394 488 777 588 994 185 565 829 794 1509 1293 578 667 938 300 612 789 683 1418 1521 1331 1181 354 1657 1470 608 0 1098 795 1157 1613 662 1372 1472 670 1321 838 704 1302 857 1538 903 573 349 1332 802 1526 2144 707 1499 1239 1500 1146 1628 1602 282 631 1471 1520
856 864 779 1274 983 1298 978 678 700 826 1412 1000 809 964 1024 834 2081 830 806 1006 880 1151 746 288 949 715 1020 782 828 751 563 1106 977 804 1068 864 898 681 967 943 199 1077 1066 1243 657 1118 1075 720 570 980 1046 1170 997 1098 0 1248 546 1002 732 760 1373 909 710 908 774 690 1310 1439 973 571 975 1232 777 940 2257 1160 981 627 888 1259 1017 990 847 994 1171 908
903 944 859 530 680 1400 1681 1440 781 466 1704 1762 985 1044 1663 530 2161 1591 886 702 1642 1644 679 1192 1710 891 1782 1544 811 927 739 1187 673 884 1148 944 1659 1443 901 990 1089 773 241 500 833 1611 1714 1482 1331 677 1807 1663 931 795 1248 0 1308 1763 812 1522 1665 989 1472 988 854 1452 88 1731 1053 723 672 1525 953 1701 2300 417 1692 1389 1650 1339 1778 1752 543 954 1664 1670
916 923 838 1333 1042 922 602 222 760 885 1036 624 869 1023 648 893 1784 374 865 1065 504 775 805 489 573 774 644 326 888 811 622 1104 1036 863 1127 923 522 305 1026 1002 386 1136 1125 1302 716 742 699 264 114 1039 670 794 1056 1157 546 1308 0 626 791 384 997 968 334 967 833 314 1369 1063 1032 630 1034 856 836 564 1960 1219 605 172 512 1017 641 615 906 1053 795 452
1291 1078 1112 1788 1498 611 291 626 1184 1341 725 215 1324 1179 338 1349 1473 649 1085 1521 194 465 1261 945 428 1230 28 474 1263 1266 1078 793 1491 1186 1325 1079 143 469 1402 1377 842 1591 1581 1758 1172 432 388 537 649 1495 261 484 1432 1613 1002 1763 626 0 1247 324 686 1078 498 1122 1114 478 1825 752 1187 1086 1490 546 1292 253 1650 1675 295 681 368 707 232 470 1361 1428 484 517
311 319 234 838 547 775 1056 923 155 390 1079 1246 469 419 1038 398 1536 1075 260 570 1126 1019 310 676 1194 375 1265 1028 283 411 222 561 541 259 523 319 1143 927 422 398 572 613 630 807 317 986 1088 965 815 517 1291 1038 452 662 732 812 791 1247 0 1006 1040 363 955 363 229 936 874 1106 427 207 512 899 436 1094 1712 724 1067 873 1134 713 1262 1236 411 449 1038 1154
1130 1087 1052 1547 1257 620 301 349 974 1099 734 323 1083 1188 347 1107 1482 372 1079 1279 203 474 1020 704 271 989 343 197 1102 1025 836 803 1250 1078 1334 1088 220 228 1241 1216 600 1350 1340 1516 931 441 397 260 408 1254 368 493 1271 1372 760 1522 384 324 1006 0 695 1087 257 1131 1047 237 1584 762 1196 845 1249 555 1050 262 1659 1434 304 404 211 716 339 313 1120 1267 494 240
1036 823 857 1690 1357 356 447 997 929 1242 191 685 1322 924 430 1250 1218 1020 830 1380 557 410 1163 1316 799 1227 704 845 1008 1264 1075 538 1351 931 1070 824 582 840 1147 1122 1213 1338 1483 1659 1169 377 480 908 1020 1241 730 429 1177 1472 1373 1665 997 686 1040 695 0 823 869 867 859 849 1727 159 932 1060 1236 223 1289 486 1395 1577 458 1052 739 452 701 841 1263 1173 430 888
233 220 254 1014 555 558 839 1100 290 566 862 1077 645 321 822 492 1319 1252 227 577 948 802 486 852 1191 551 1096 1204 205 587 399 345 548 129 267 220 974 1103 344 320 749 535 806 983 493 769 872 1142 992 439 1122 821 374 670 909 989 968 1078 363 1087 823 0 1132 264 256 1112 1051 889 329 383 434 683 613 878 1496 901 850 1049 1131 497 1093 1233 480 371 822 1280
1080 1087 1002 1497 1206 794 474 466 924 1049 908 496 1033 1187 521 1057 1656 581 1029 1229 377 648 969 653 445 938 516 406 1052 975 786 976 1200 1027 1291 1087 394 103 1190 1166 550 1300 1289 1466 880 614 571 469 358 1203 542 667 1220 1321 710 1472 334 498 955 257 869 1132 0 1131 997 112 1533 935 1196 794 1198 728 1000 436 1832 1383 477 415 385 890 513 487 1070 1217 667 449
556 175 272 1110 820 699 980 1196 349 662 1003 1218 741 204 963 670 1460 1348 245 842 1090 943 583 948 1332 647 1238 1300 528 684 495 486 813 469 608 181 1115 1199 666 642 845 857 902 1079 589 910 1013 1238 1088 761 1263 962 696 935 1005 1085 1064 1219 459 1228 964 361 1228 0 275 1208 1147 1031 213 479 756 824 709 1019 1637 997 991 1145 1272 638 1234 1374 683 693 963 1421
325 134 128 879 589 594 876 965 118 431 899 1113 511 234 858 439 1355 1117 119 611 985 839 352 717 1227 416 1133 1069 297 453 264 381 582 273 503 134 1010 969 436 411 614 627 672 848 358 805 908 1007 857 530 1158 858 466 704 774 854 833 1114 229 1047 859 256 997 178 0 978 916 926 243 249 525 719 478 914 1532 766 886 915 1167 533 1129 1269 452 462 858 1195
1060 1067 983 1477 1187 774 455 446 904 1029 888 477 1013 1168 501 1037 1636 562 1009 1210 357 628 950 634 425 919 497 387 1032 955 766 957 1180 1008 1272 1068 374 50 1171 1146 531 1280 1270 1446 861 595 551 449 338 1184 522 647 1201 1302 690 1452 314 478 936 237 849 1112 112 1111 978 0 1514 916 1176 775 1179 709 980 417 1813 1364 458 396 365 870 493 467 1050 1198 648 430
965 1006 921 592 742 1462 1743 1501 842 528 1766 1824 1047 1106 1725 592 2223 1653 948 764 1704 1706 741 1254 1772 953 1843 1606 873 989 800 1248 735 946 1210 1006 1721 1505 963 1051 1151 835 303 561 895 1673 1776 1543 1393 739 1869 1725 993 857 1310 88 1369 1825 874 1584 1727 1051 1533 1050 916 1514 0 1793 1115 785 734 1586 1014 1763 2362 479 1754 1451 1712 1401 1840 1814 605 1015 1726 1732
1102 890 924 1757 1423 423 514 1064 995 1309 67 751 1388 990 496 1317 1285 1086 896 1446 623 477 1229 1382 865 1294 771 912 1074 1330 1141 605 1417 997 1136 890 648 907 1213 1188 1279 1404 1549 1726 1236 443 546 974 1087 1308 797 496 1243 1538 1439 1731 1063 752 1106 762 159 889 935 934 926 916 1793 0 999 1126 1302 289 1355 552 1461 1643 524 1119 805 518 767 907 1330 1240 496 954
524 143 240 1078 788 667 948 1164 317 630 971 1186 709 38 931 638 1428 1316 213 810 1058 911 551 916 1300 615 1206 1268 496 651 463 454 781 437 576 149 1083 1167 634 610 813 825 870 1047 557 878 981 1206 1056 729 1231 930 664 903 973 1053 1032 1187 427 1196 932 329 1196 221 243 1176 1115 999 0 447 724 792 677 987 1605 965 959 1113 1240 606 1202 1342 651 661 931 1389
331 338 254 748 458 795 1062 762 175 300 1099 1084 308 439 1058 308 1555 914 280 481 965 1039 221 515 1033 213 1104 866 303 250 61 581 451 279 543 339 982 766 442 417 411 551 541 717 156 1005 1108 804 654 455 1130 1058 472 573 571 723 630 1086 207 845 1060 383 794 382 249 775 785 1126 447 0 450 919 275 1024 1732 635 1066 712 973 733 1101 1075 321 469 1058 993
344 615 530 697 234 971 1252 1166 452 249 1275 1488 712 715 1235 171 1732 1318 557 256 1361 1215 406 919 1437 618 1508 1271 252 654 465 758 227 329 593 615 1386 1170 342 431 815 137 489 666 560 1182 1285 1208 1058 45 1534 1234 372 349 975 672 1034 1490 512 1249 1236 434 1198 659 525 1179 734 1302 724 450 0 1096 679 1290 1908 584 1263 1116 1377 910 1505 1479 159 395 1235 1397
895 683 717 1550 1217 216 307 857 788 1102 262 544 1181 783 289 1110 1078 880 690 1239 416 270 1022 1176 659 1087 564 705 867 1123 935 398 1210 791 929 683 442 700 1006 982 1072 1197 1342 1519 1029 237 339 767 880 1101 590 289 1036 1332 1232 1525 856 546 899 555 223 683 728 727 719 709 1586 289 792 919 1096 0 1149 345 1254 1436 318 912 598 312 561 700 1123 1033 289 748
561 568 483 978 687 1024 1268 968 405 530 1328 1290 71 668 1287 538 1785 1120 510 710 1170 1268 450 720 1239 230 1310 1072 533 110 234 811 681 508 772 568 1188 972 671 647 617 781 770 947 162 1235 1338 1010 860 684 1336 1287 701 802 777 953 836 1292 436 1050 1289 613 1000 612 478 980 1014 1355 677 275 679 1149 0 1230 1961 864 1271 918 1178 963 1307 1281 551 698 1288 1198
1090 878 912 1727 1411 411 91 565 983 1279 525 252 1262 978 137 1287 1273 587 884 1434 124 264 1199 883 366 1168 272 412 1062 1205 1016 593 1405 985 1124 878 149 408 1201 1176 780 1392 1519 1696 1110 231 187 475 588 1296 297 283 1231 1526 940 1701 564 253 1094 262 486 878 436 922 914 417 1763 552 987 1024 1290 345 1230 0 1449 1613 94 620 306 506 268 408 1300 1228 284 455
1661 1448 1482 2271 1982 1082 1363 1913 1553 1867 1386 1601 1946 1548 1345 1875 1843 1936 1455 2005 1472 1326 1787 2153 1715 1852 1620 1761 1632 1888 1700 1163 1975 1556 1694 1448 1498 1756 1771 1747 2050 1962 2064 2240 1794 1293 1396 1824 1936 1866 1646 1345 1801 2097 2210 2246 1912 1602 1664 1611 1347 1448 1785 1492 1484 1765 2308 1413 1557 1684 1861 1207 1914 1401 0 2158 1374 1968 1655 1077 1617 1757 1888 1798 1346 1804
815 856 771 263 592 1312 1593 1351 692 378 1616 1674 897 956 1575 442 2073 1503 798 614 1554 1556 591 1104 1622 803 1693 1456 723 839 650 1099 585 796 1060 856 1571 1355 813 901 1001 685 235 109 745 1523 1626 1393 1243 589 1719 1575 843 707 1160 417 1219 1675 724 1434 1577 901 1383 900 766 1364 479 1643 965 635 584 1436 864 1613 2212 0 1604 1301 1562 1251 1690 1664 455 865 1576 1582
1063 850 884 1717 1384 383 66 606 956 1269 497 293 1304 951 110 1277 1245 629 857 1407 165 237 1190 925 408 1209 313 454 1035 1246 1057 565 1377 958 1097 850 191 449 1173 1149 821 1364 1509 1686 1152 204 160 516 629 1268 339 256 1203 1499 981 1692 605 295 1067 304 458 850 477 894 886 458 1754 524 959 1066 1263 318 1271 94 1422 1604 0 661 347 479 310 450 1290 1200 256 497
997 1005 920 1414 1124 978 658 135 841 967 1091 680 950 1105 704 975 1839 287 946 1147 560 831 887 571 628 856 700 239 969 892 704 1160 1117 945 1209 1005 577 387 1108 1084 468 1217 1207 1384 798 798 754 177 130 1121 725 850 1138 1239 627 1389 172 681 873 404 1052 1049 415 1049 915 396 1451 1119 1113 712 1116 912 918 620 2016 1301 661 0 568 1073 696 670 987 1135 851 365
1258 1131 1165 1675 1385 664 344 513 1102 1227 778 366 1211 1231 390 1235 1526 536 1138 1408 246 518 1148 832 101 1117 386 361 1230 1153 964 846 1378 1206 1377 1131 264 356 1369 1344 729 1478 1468 1644 1059 484 441 424 536 1382 412 537 1399 1500 888 1650 512 368 1134 211 739 1131 385 1175 1167 365 1712 805 1240 973 1377 598 1178 306 1702 1562 347 568 0 760 383 187 1248 1395 537 404
710 497 531 1364 1031 187 468 1018 602 916 491 706 995 597 450 924 948 1041 504 1054 577 431 836 1202 820 901 725 866 681 937 749 212 1024 605 743 497 603 861 820 796 1099 1011 1156 1333 843 398 501 929 1041 915 751 450 850 1146 1259 1339 1017 707 713 716 452 497 890 541 533 870 1401 518 606 733 910 312 963 506 1124 1251 479 1073 760 0 722 862 937 847 451 909
1306 1093 1127 1803 1513 626 306 641 1199 1356 740 70 1339 1194 353 1364 1488 664 1100 1536 209 480 1276 960 443 1245 250 489 1278 1281 1093 808 1506 1201 1340 1094 158 484 1417 1392 857 1606 1596 1773 1187 447 403 552 664 1510 118 499 1447 1628 1017 1778 641 232 1262 339 701 1093 513 1137 1129 493 1840 767 1202 1101 1505 561 1307 268 1665 1690 310 696 383 722 0 485 1377 1443 499 532
1360 1233 1267 1777 1487 766 446 615 1204 1330 880 468 1313 1333 493 1338 1628 638 1240 1510 349 620 1250 934 247 1219 488 463 1332 1255 1067 948 1480 1308 1479 1233 366 458 1471 1447 831 1580 1570 1747 1161 587 543 526 638 1484 514 639 1501 1602 990 1752 615 470 1236 313 841 1233 487 1277 1269 467 1814 907 1342 1075 1479 700 1281 408 1805 1664 450 670 187 862 485 0 1350 1498 639 506
390 542 457 568 167 998 1279 1038 379 121 1302 1360 583 643 1262 45 1759 1190 484 189 1240 1242 278 790 1309 489 1380 1142 298 525 337 785 160 375 639 542 1257 1041 388 477 687 260 361 538 431 1209 1312 1080 930 164 1406 1261 418 282 847 543 906 1361 411 1120 1263 480 1070 586 452 1050 605 1330 651 321 159 1123 551 1300 1936 455 1290 987 1248 937 1377 1350 0 441 1262 1268
212 552 467 979 516 908 1189 1185 389 531 1212 1427 731 653 1172 453 1669 1337 494 538 1299 1152 572 937 1456 636 1447 1289 215 673 484 695 509 266 530 552 1324 1189 126 74 834 496 771 948 578 1119 1222 1227 1077 400 1472 1171 92 631 994 954 1053 1428 449 1267 1173 371 1217 596 462 1198 1015 1240 661 469 395 1033 698 1228 1846 865 1200 1135 1395 847 1443 1498 441 0 1172 1415
1035 822 856 1689 1356 355 246 796 927 1241 469 483 1320 922 228 1249 1217 818 829 1378 355 94 1161 1114 597 1226 503 644 1006 1262 1074 537 1349 930 1068 822 380 639 1145 1121 1011 1336 1481 1658 1168 102 278 706 819 1240 529 113 1175 1471 1171 1664 795 484 1038 494 430 822 667 866 858 648 1726 496 931 1058 1235 289 1288 284 1393 1576 256 851 537 451 499 639 1262 1172 0 686
1278 1280 1200 1695 1405 813 493 311 1122 1247 927 516 1231 1381 540 1255 1675 333 1227 1427 396 667 1168 852 464 1136 535 158 1250 1173 984 995 1398 1226 1489 1280 413 421 1389 1364 748 1498 1487 1664 1079 634 590 221 410 1402 561 686 1419 1520 908 1670 452 517 1154 240 888 1280 449 1324 1195 430 1732 954 1389 993 1397 748 1198 455 1852 1582 497 365 404 909 532 506 1268 1415 686 0
EOF