NAME : tsp_problem
TYPE : TSP
DIMENSION : 56
EDGE_WEIGHT_TYPE : EXPLICIT
EDGE_WEIGHT_FORMAT : FULL_MATRIX
EDGE_WEIGHT_SECTION
0 1178 145 1854 967 969 1527 941 1392 1184 736 1193 83 881 759 615 138 1227 1344 903 142 944 956 889 1399 960 180 999 672 1607 1116 1630 1034 1414 1081 1424 1129 427 1376 559 1127 1475 122 1263 898 1061 717 483 783 1091 1310 679 1064 602 880 981
1178 0 1060 1001 580 582 544 258 897 1150 619 1159 1190 494 1385 746 1141 492 360 1135 1058 1014 1367 501 416 1178 1023 205 1250 753 1056 777 1234 919 1021 930 145 1053 669 1185 420 980 1078 155 1130 885 513 1109 1118 120 628 1305 252 642 493 325
145 1060 0 1736 849 852 1409 823 1274 1066 618 1075 191 763 641 497 246 1109 1226 785 35 826 838 771 1281 842 62 881 554 1489 998 1512 916 1296 963 1306 1011 309 1258 441 1009 1357 48 1145 780 943 599 365 665 973 1192 561 946 484 762 863
1854 1001 1736 0 1156 1159 918 1061 1336 1589 1296 1599 1866 1070 1905 1422 1818 694 848 1574 1735 1453 1807 1078 903 1617 1700 1007 1689 515 1496 359 1674 1358 1460 1369 881 1729 1108 1803 969 1419 1754 1123 1569 1324 1189 1785 1794 927 1067 1825 933 1318 1069 1128
960 573 842 1149 0 125 864 354 898 1151 401 1161 972 113 1167 527 923 522 738 1137 840 1016 1364 113 794 1180 805 412 1080 901 1058 924 1236 921 1023 931 523 835 671 967 422 982 859 658 1131 887 295 891 900 486 629 1087 358 424 115 394
969 582 852 1159 237 0 874 363 908 1161 411 1171 981 122 1176 537 933 531 748 1146 850 1026 1374 122 803 1189 815 421 1090 911 1068 934 1246 931 1033 941 533 844 680 977 432 991 869 667 1141 896 304 900 909 495 639 1097 368 433 125 403
1527 544 1409 918 871 874 0 607 1051 1304 968 1314 1539 785 1620 1094 1490 409 390 1289 1407 1169 1522 793 309 1332 1372 554 1404 670 1211 693 1389 1074 1176 1084 423 1402 823 1518 684 1134 1426 666 1284 1039 862 1458 1467 469 782 1540 601 991 784 674
941 258 823 1061 361 363 607 0 810 1064 383 1073 953 275 1148 509 904 434 424 1049 821 928 1281 283 480 1092 787 79 1061 813 970 836 1148 833 935 843 209 816 583 948 334 894 841 343 1044 799 276 872 881 171 541 1069 166 405 274 110
1392 897 1274 1336 906 908 1051 810 0 657 1045 667 1403 820 973 1172 1355 709 981 642 1272 521 875 827 1036 685 1237 757 757 1088 563 1111 741 75 528 60 847 1066 762 871 718 121 1291 982 637 392 939 976 1544 810 322 893 682 1068 819 878
1184 1150 1066 1589 1159 1161 1304 1064 657 0 1298 72 1195 1073 765 1246 1147 962 1234 460 1064 339 444 1080 1290 255 1029 1010 549 1341 189 1364 311 679 201 690 1100 858 1015 663 971 740 1083 1235 455 326 1192 768 1415 1063 575 685 935 1233 1072 1131
736 619 618 1296 408 411 968 383 1045 1298 0 1308 748 322 943 304 700 669 785 1087 617 1128 1141 330 841 1144 582 440 856 1048 1205 1071 1218 1068 1170 1078 570 611 818 743 569 1128 636 704 1082 1034 159 667 676 532 776 864 505 200 321 423
1193 1159 1075 1599 1168 1171 1314 1073 667 72 1308 0 1205 1082 774 1256 1157 972 1243 470 1074 349 454 1090 1299 264 1039 1020 558 1351 199 1374 321 689 210 699 1110 868 1025 673 981 750 1093 1245 464 336 1201 778 1424 1072 585 695 945 1243 1081 1140
83 1190 191 1866 979 981 1539 953 1403 1195 748 1205 0 893 771 626 105 1239 1355 915 188 956 968 900 1411 972 227 1011 684 1618 1128 1642 1045 1426 1093 1436 1140 439 1388 571 1139 1487 168 1275 909 1073 729 495 795 1103 1322 691 1075 613 892 993
881 494 763 1070 148 122 785 275 820 1073 322 1082 893 0 1088 449 844 443 659 1058 761 937 1285 59 715 1101 726 333 1001 822 979 845 1157 842 944 852 444 756 592 888 343 903 781 579 1053 808 216 812 821 407 550 1008 279 345 61 315
759 1385 641 1905 1174 1176 1620 1148 973 765 943 774 771 1088 0 822 722 1277 1549 484 639 525 537 1096 1605 541 604 1206 253 1657 697 1680 615 995 662 1005 1336 433 1331 238 1287 1056 659 1470 479 642 924 343 990 1298 891 130 1251 809 1087 1188
615 746 497 1422 535 537 1094 509 1172 1246 304 1256 626 449 822 0 578 795 911 965 495 1007 1019 456 967 1022 460 567 735 1174 1179 1197 1096 1194 1143 1204 696 489 944 622 695 1255 514 831 960 1124 285 546 555 659 902 742 631 206 448 549
138 1141 246 1818 930 933 1490 904 1355 1147 700 1157 105 844 722 578 0 1191 1307 866 243 907 920 852 1363 923 228 962 635 1570 1079 1593 997 1377 1044 1388 1092 390 1340 523 1091 1438 223 1226 861 1024 681 446 746 1054 1273 643 1027 565 843 944
1227 492 1109 694 529 531 409 434 709 962 669 972 1239 443 1277 795 1191 0 338 947 1108 826 1180 451 394 990 1073 380 1062 446 868 469 1046 731 833 742 371 1102 481 1176 341 792 1127 605 942 697 562 1158 1167 418 440 1198 306 691 442 501
1344 360 1226 848 745 748 390 424 981 1234 785 1243 1355 659 1549 911 1307 338 0 1219 1224 1098 1451 667 157 1262 1189 370 1334 600 1140 623 1318 1003 1105 1014 240 1218 753 1351 586 1064 1243 482 1214 969 678 1274 1283 286 712 1470 418 807 658 491
903 1135 785 1574 1144 1146 1289 1049 642 460 1087 470 915 1058 484 965 866 947 1219 0 783 195 431 1065 1275 434 748 995 268 1326 367 1350 508 665 331 675 1086 577 1000 382 956 725 802 1220 73 312 1068 487 1134 1048 560 404 921 953 1057 1116
142 1058 35 1735 847 850 1407 821 1272 1064 617 1074 188 761 639 495 243 1108 1224 783 0 824 837 769 1280 840 61 879 552 1487 996 1510 914 1294 961 1305 1009 307 1257 440 1008 1355 45 1143 778 941 598 363 663 971 1190 560 944 482 760 861
944 1014 826 1453 1023 1026 1169 928 521 339 1128 349 956 937 525 1007 907 826 1098 195 824 0 472 945 1154 367 790 874 309 1206 246 1229 424 544 211 554 965 619 880 424 836 605 844 1099 189 191 1056 529 1175 927 440 446 800 994 936 995
956 1367 838 1807 1371 1374 1522 1281 875 444 1141 454 968 1285 537 1019 920 1180 1451 431 837 472 0 1293 1507 220 802 1228 321 1559 407 1582 294 897 418 907 1318 631 1233 436 1189 958 856 1452 426 544 1122 541 1187 1280 793 458 1153 1006 1284 1348
889 501 771 1078 156 122 793 283 827 1080 330 1090 900 59 1096 456 852 451 667 1065 769 945 1293 0 723 1108 734 341 1009 830 987 853 1165 850 952 860 452 763 600 896 351 910 788 586 1060 816 223 820 829 414 558 1016 287 353 61 323
1399 416 1281 903 801 803 309 480 1036 1290 841 1299 1411 715 1605 967 1363 394 157 1275 1280 1154 1507 723 0 1318 1245 426 1389 656 1196 679 1374 1059 1161 1069 295 1274 809 1407 642 1120 1299 538 1269 1025 734 1330 1339 342 767 1526 473 863 714 547
960 1178 842 1617 1187 1189 1332 1092 685 255 1144 264 972 1101 541 1022 923 990 1262 434 840 367 220 1108 1318 0 805 1038 325 1369 217 1392 105 708 229 718 1129 634 1043 439 999 768 859 1263 429 355 1125 544 1191 1091 603 461 964 1010 1100 1159
180 1023 62 1700 812 815 1372 787 1237 1029 582 1039 227 726 604 460 228 1073 1189 748 61 790 802 734 1245 805 0 844 517 1452 961 1475 879 1259 926 1270 974 272 1222 405 973 1320 80 1108 743 906 563 328 629 936 1155 525 909 447 725 827
999 205 881 1007 419 421 554 79 757 1010 440 1020 1011 333 1206 567 962 380 370 995 879 874 1228 341 426 1038 844 0 1110 759 916 783 1094 779 881 790 155 874 529 1006 280 840 899 290 990 745 334 930 939 118 488 1126 112 463 332 147
672 1250 554 1689 1087 1090 1404 1061 757 549 856 558 684 1001 253 735 635 1062 1334 268 552 309 321 1009 1389 325 517 1110 0 1441 481 1464 399 779 446 790 1200 346 1115 152 1071 840 572 1335 263 426 837 256 903 1163 675 173 1035 722 1000 1101
1607 753 1489 515 908 911 670 813 1088 1341 1048 1351 1618 822 1657 1174 1570 446 600 1326 1487 1206 1559 830 656 1369 1452 759 1441 0 1248 291 1426 1111 1213 1121 633 1481 860 1555 721 1171 1506 875 1321 1076 941 1538 1546 679 819 1577 685 1070 821 880
1116 1056 998 1496 1065 1068 1211 970 563 189 1205 199 1128 979 697 1179 1079 868 1140 367 996 246 407 987 1196 217 961 916 481 1248 0 1271 274 586 107 596 1007 790 922 595 878 647 1016 1141 361 233 1098 700 1347 969 482 617 842 1166 978 1037
1630 777 1512 359 931 934 693 836 1111 1364 1071 1374 1642 845 1680 1197 1593 469 623 1350 1510 1229 1582 853 679 1392 1475 783 1464 291 1271 0 1449 1134 1236 1144 656 1504 884 1578 744 1194 1529 899 1344 1100 965 1561 1570 702 842 1600 708 1094 844 903
1034 1234 916 1674 1243 1246 1389 1148 741 311 1218 321 1045 1157 615 1096 997 1046 1318 508 914 424 294 1165 1374 105 879 1094 399 1426 274 1449 0 764 285 774 1185 708 1100 513 1056 825 933 1319 503 411 1199 618 1265 1147 660 535 1020 1083 1156 1215
1414 919 1296 1358 928 931 1074 833 75 679 1068 689 1426 842 995 1194 1377 731 1003 665 1294 544 897 850 1059 708 1259 779 779 1111 586 1134 764 0 551 106 870 1088 785 894 741 167 1314 1004 659 415 961 998 1566 832 345 915 705 1090 841 900
1081 1021 963 1460 1030 1033 1176 935 528 201 1170 210 1093 944 662 1143 1044 833 1105 331 961 211 418 952 1161 229 926 881 446 1213 107 1236 285 551 0 561 972 755 887 560 843 612 980 1106 326 198 1063 665 1312 934 447 582 807 1131 943 1002
1424 930 1306 1369 938 941 1084 843 60 690 1078 699 1436 852 1005 1204 1388 742 1014 675 1305 554 907 860 1069 718 1270 790 790 1121 596 1144 774 106 561 0 880 1099 795 904 751 129 1324 1015 670 425 972 1009 1577 843 355 926 715 1101 851 911
1129 145 1011 881 530 533 423 209 847 1100 570 1110 1140 444 1336 696 1092 371 240 1086 1009 965 1318 452 295 1129 974 155 1200 633 1007 656 1185 870 972 880 0 1003 620 1136 371 931 1028 267 1080 836 463 1060 1069 71 578 1256 203 593 443 276
427 1053 309 1729 842 844 1402 816 1066 858 611 868 439 756 433 489 390 1102 1218 577 307 619 631 763 1274 634 272 874 346 1481 790 1504 708 1088 755 1099 1003 0 1251 234 1002 1149 326 1138 572 735 592 157 658 966 984 354 938 476 755 856
1376 669 1258 1108 678 680 823 583 762 1015 818 1025 1388 592 1331 944 1340 481 753 1000 1257 880 1233 600 809 1043 1222 529 1115 860 922 884 1100 785 887 795 620 1251 0 1229 490 845 1276 754 995 750 711 1307 1316 582 493 1251 455 840 591 650
559 1185 441 1803 974 977 1518 948 871 663 743 673 571 888 238 622 523 1176 1351 382 440 424 436 896 1407 439 405 1006 152 1555 595 1578 513 894 560 904 1136 234 1229 0 1135 954 459 1270 377 540 725 144 790 1098 789 159 1071 609 887 988
1127 420 1009 969 429 432 684 334 718 971 569 981 1139 343 1287 695 1091 341 586 956 1008 836 1189 351 642 999 973 280 1071 721 878 744 1056 741 843 751 371 1002 490 1135 0 801 1027 505 951 706 462 1058 1067 333 449 1207 206 591 342 401
1475 980 1357 1419 989 991 1134 894 121 740 1128 750 1487 903 1056 1255 1438 792 1064 725 1355 605 958 910 1120 768 1320 840 840 1171 647 1194 825 167 612 129 931 1149 845 954 801 0 1374 1065 720 475 1022 1059 1627 893 405 976 766 1151 902 961
122 1078 48 1754 867 869 1426 841 1291 1083 636 1093 168 781 659 514 223 1127 1243 802 45 844 856 788 1299 859 80 899 572 1506 1016 1529 933 1314 980 1324 1028 326 1276 459 1027 1374 0 1163 797 961 617 383 683 991 1209 579 963 501 780 881
1263 155 1145 1123 665 667 666 343 982 1235 704 1245 1275 579 1470 831 1226 605 482 1220 1143 1099 1452 586 538 1263 1108 290 1335 875 1141 899 1319 1004 1106 1015 267 1138 754 1270 505 1065 1163 0 1215 970 598 1194 1203 242 713 1390 337 727 578 411
898 1130 780 1569 1139 1141 1284 1044 637 455 1082 464 909 1053 479 960 861 942 1214 73 778 189 426 1060 1269 429 743 990 263 1321 361 1344 503 659 326 670 1080 572 995 377 951 720 797 1215 0 306 1063 482 1129 1043 555 399 915 947 1052 1111
1061 885 943 1324 894 896 1039 799 392 326 1034 336 1073 808 642 1124 1024 697 969 312 941 191 544 816 1025 355 906 745 426 1076 233 1100 411 415 198 425 836 735 750 540 706 475 961 970 306 0 927 645 1292 798 310 562 671 1056 807 866
717 513 599 1189 302 304 862 276 939 1192 159 1201 729 216 924 285 681 562 678 1068 598 1056 1122 223 734 1125 563 334 837 941 1098 965 1199 961 1063 972 463 592 711 725 462 1022 617 598 1063 927 0 648 657 426 670 845 398 181 215 316
483 1109 365 1785 898 900 1458 872 976 768 667 778 495 812 343 546 446 1158 1274 487 363 529 541 820 1330 544 328 930 256 1538 700 1561 618 998 665 1009 1060 157 1307 144 1058 1059 383 1194 482 645 648 0 714 1022 894 264 995 533 811 912
783 1118 665 1794 907 909 1467 881 1544 1415 676 1424 795 821 990 555 746 1167 1283 1134 663 1175 1187 829 1339 1191 629 939 903 1546 1347 1570 1265 1566 1312 1577 1069 658 1316 790 1067 1627 683 1203 1129 1292 657 714 0 1031 1275 911 1004 542 820 921
1091 120 973 927 493 495 469 171 810 1063 532 1072 1103 407 1298 659 1054 418 286 1048 971 927 1280 414 342 1091 936 118 1163 679 969 702 1147 832 934 843 71 966 582 1098 333 893 991 242 1043 798 426 1022 1031 0 541 1218 165 555 406 238
1310 628 1192 1067 636 639 782 541 322 575 776 585 1322 550 891 902 1273 440 712 560 1190 440 793 558 767 603 1155 488 675 819 482 842 660 345 447 355 578 984 493 789 449 405 1209 713 555 310 670 894 1275 541 0 811 413 799 549 609
679 1305 561 1825 1094 1097 1540 1069 893 685 864 695 691 1008 130 742 643 1198 1470 404 560 446 458 1016 1526 461 525 1126 173 1577 617 1600 535 915 582 926 1256 354 1251 159 1207 976 579 1390 399 562 845 264 911 1218 811 0 1172 729 1007 1109
1064 252 946 933 365 368 601 166 682 935 505 945 1075 279 1251 631 1027 306 418 921 944 800 1153 287 473 964 909 112 1035 685 842 708 1020 705 807 715 203 938 455 1071 206 766 963 337 915 671 398 995 1004 165 413 1172 0 528 278 233
602 642 484 1318 431 433 991 405 1068 1233 200 1243 613 345 809 206 565 691 807 953 482 994 1006 353 863 1010 447 463 722 1070 1166 1094 1083 1090 1131 1101 593 476 840 609 591 1151 501 727 947 1056 181 533 542 555 799 729 528 0 344 445
880 493 762 1069 147 125 784 274 819 1072 321 1081 892 61 1087 448 843 442 658 1057 760 936 1284 61 714 1100 725 332 1000 821 978 844 1156 841 943 851 443 755 591 887 342 902 780 578 1052 807 215 811 820 406 549 1007 278 344 0 314
981 325 863 1128 401 403 674 110 878 1131 423 1140 993 315 1188 549 944 501 491 1116 861 995 1348 323 547 1159 827 147 1101 880 1037 903 1215 900 1002 911 276 856 650 988 401 961 881 411 1111 866 316 912 921 238 609 1109 233 445 314 0
EOF