NAME : tsp_problem
TYPE : TSP
DIMENSION : 76
EDGE_WEIGHT_TYPE : EXPLICIT
EDGE_WEIGHT_FORMAT : FULL_MATRIX
EDGE_WEIGHT_SECTION
0 965 803 810 459 1062 479 804 394 1220 761 278 397 529 496 656 1293 894 749 642 729 623 314 790 392 606 788 484 90 1223 1036 501 1034 763 464 968 926 1076 703 979 957 489 424 1060 1233 911 680 1031 226 1117 891 519 1044 520 364 386 424 1261 641 626 418 644 779 739 364 558 427 462 454 583 438 1045 749 1068 716 508
965 0 238 1303 1037 860 1057 233 752 678 1467 736 636 1235 1202 1319 586 953 1455 1283 415 1286 1020 1496 750 1184 1494 1062 899 810 116 1110 1740 1256 1170 80 1632 612 1409 60 1663 889 824 141 525 1617 915 144 932 362 949 1097 781 1098 764 744 1001 553 1134 1119 819 1350 1485 1232 942 1136 1005 820 1031 1076 1016 782 341 866 1210 1171
803 238 0 1332 875 889 895 77 590 707 1305 575 475 1073 1041 1158 615 981 1293 1121 254 1125 859 1334 589 1023 1332 901 738 839 309 949 1578 1285 1008 242 1470 450 1248 253 1502 728 662 334 554 1455 944 305 770 391 978 936 809 937 603 583 840 582 1163 1148 657 1188 1324 1261 780 975 844 659 870 1105 855 811 180 895 1239 1010
810 1303 1332 0 1010 823 1030 1327 945 980 1203 829 948 875 595 1098 1054 655 1191 1084 1280 1065 545 1232 943 1076 1230 1036 744 983 1374 943 1476 71 810 1307 1368 1627 1145 1318 1399 1040 975 1399 993 1353 441 1370 637 1110 651 966 804 990 915 937 975 1021 229 278 970 1086 1221 167 915 1028 978 1014 1005 256 989 805 1300 828 123 950
459 1037 875 1010 0 1263 43 876 566 1420 884 450 469 729 696 607 1413 1094 872 570 801 574 514 913 564 471 911 49 393 1423 1108 398 1157 963 664 1040 1049 1148 827 1051 1081 435 369 1132 1352 1034 880 1104 426 1189 1091 385 1244 385 310 558 69 1380 841 826 364 767 903 939 125 423 71 634 34 783 130 1245 821 1268 916 459
1062 860 889 823 1263 0 1283 884 1198 537 1455 1082 1200 1128 847 1351 611 292 1443 1336 1066 1317 797 1484 1196 1328 1482 1288 997 317 931 1196 1728 776 1063 864 1620 1263 1398 875 1652 1293 1227 956 550 1605 434 927 890 667 283 1219 139 1242 1168 1190 1227 578 654 639 1222 1338 1474 752 1167 1280 1231 1266 1257 596 1242 140 992 71 729 1202
479 1057 895 1030 43 1283 0 896 586 1440 872 470 489 749 716 594 1433 1114 860 558 821 561 534 901 584 459 899 50 413 1443 1128 385 1145 983 684 1060 1037 1168 814 1071 1068 455 389 1152 1372 1022 900 1124 446 1210 1111 372 1264 373 330 578 89 1401 861 846 384 755 890 959 146 411 87 655 50 803 117 1265 841 1288 936 446
804 233 77 1327 876 884 896 0 591 702 1306 575 476 1074 1041 1158 609 976 1294 1122 254 1125 859 1335 590 1023 1333 902 738 834 304 949 1579 1280 1009 236 1471 451 1249 248 1503 729 663 328 549 1456 939 300 771 386 973 936 804 937 603 583 841 577 1158 1143 658 1189 1324 1256 781 975 844 660 871 1100 855 805 180 889 1233 1010
394 752 590 945 566 1198 586 591 0 1221 896 161 184 664 631 791 1128 1029 884 777 517 758 449 925 49 713 923 592 328 1353 823 636 1169 898 599 755 1061 863 839 767 1093 437 371 847 1068 1046 815 819 361 905 1026 626 1179 627 312 58 531 1096 776 761 366 779 914 874 471 665 534 105 561 718 545 1180 536 1203 851 643
1220 678 707 980 1420 537 1440 702 1221 0 1613 1205 1105 1285 1005 1508 429 630 1601 1494 884 1475 955 1642 1219 1486 1640 1446 1155 487 749 1353 1886 933 1220 682 1778 1081 1556 693 1810 1358 1293 774 368 1763 592 745 1048 484 626 1376 458 1400 1233 1213 1385 396 811 796 1287 1496 1631 910 1325 1438 1389 1289 1415 753 1400 459 810 543 887 1360
761 1467 1305 1203 884 1455 872 1306 896 1613 0 780 899 922 889 665 1686 1287 57 651 1231 632 707 216 894 643 357 866 695 1615 1537 510 603 1156 857 1470 495 1578 129 1481 527 991 926 1562 1626 480 1073 1533 619 1619 1283 533 1436 557 866 888 892 1654 1034 1018 920 213 349 1132 832 595 896 964 891 976 794 1438 1251 1460 1109 517
278 736 575 829 450 1082 470 575 161 1205 780 0 168 548 516 676 1112 914 768 661 501 643 334 809 159 598 807 476 213 1242 807 521 1053 782 483 740 945 847 723 751 977 421 355 831 1052 930 700 803 245 889 910 511 1063 512 296 153 415 1080 660 645 350 663 799 758 355 550 419 229 445 602 430 1065 521 1087 736 527
397 636 475 948 469 1200 489 476 184 1105 899 168 0 667 634 751 1013 1032 887 715 401 718 452 928 182 616 926 494 331 1237 707 542 1172 901 602 640 1064 748 841 651 1095 321 256 732 952 1049 818 703 364 789 1029 529 1182 530 196 176 433 980 779 763 251 782 917 877 374 568 437 252 463 721 448 1183 421 1206 854 603
529 1235 1073 875 729 1128 749 1074 664 1285 922 548 667 0 562 817 1359 960 910 803 1000 784 380 951 663 795 949 755 463 1288 1306 662 1195 828 138 1238 1087 1346 864 1250 1118 759 694 1330 1298 1072 746 1302 357 1388 956 685 1109 709 634 656 694 1326 706 691 689 805 940 804 634 747 697 733 724 648 708 1110 1019 1133 782 669
496 1202 1041 595 696 847 716 1041 631 1005 889 516 634 562 0 784 1078 679 877 770 967 751 231 918 630 762 916 722 431 1007 1273 630 1162 547 497 1206 1054 1313 832 1217 1086 727 661 1298 1018 1039 465 1269 324 1134 675 653 828 676 602 624 661 1046 425 410 656 772 908 524 601 714 665 700 691 367 676 830 987 852 501 636
656 1319 1158 1098 607 1351 594 1158 791 1508 665 676 751 817 784 0 1581 1182 653 208 1084 189 602 694 790 347 692 589 591 1511 1390 233 938 1051 752 1323 830 1431 608 1334 862 718 652 1415 1521 815 968 1386 514 1472 1179 256 1332 280 592 783 615 1549 929 914 647 548 684 1027 555 317 619 860 613 871 517 1333 1104 1356 1004 176
1293 586 615 1054 1413 611 1433 609 1128 429 1686 1112 1013 1359 1078 1581 0 703 1674 1567 792 1548 1028 1715 1127 1559 1713 1439 1228 560 657 1427 1959 1007 1294 589 1851 988 1629 600 1883 1266 1200 681 177 1836 665 652 1121 392 699 1450 531 1473 1140 1120 1378 205 885 870 1195 1569 1705 983 1318 1511 1381 1197 1408 827 1392 532 717 616 960 1433
894 953 981 655 1094 292 1114 976 1029 630 1287 914 1032 960 679 1182 703 0 1275 1168 1159 1149 629 1316 1028 1160 1314 1120 829 452 1023 1028 1560 607 895 956 1452 1355 1230 967 1484 1125 1059 1048 642 1437 266 1019 722 759 129 1051 273 1074 1000 1022 1059 670 486 470 1054 1170 1306 584 999 1112 1063 1098 1089 428 1074 275 1084 297 561 1034
749 1455 1293 1191 872 1443 860 1294 884 1601 57 768 887 910 877 653 1674 1275 0 639 1219 620 695 204 882 631 345 854 683 1603 1526 499 591 1144 845 1458 483 1566 117 1469 515 979 914 1550 1614 468 1061 1521 607 1607 1272 522 1425 545 854 876 880 1642 1022 1006 908 201 337 1120 821 583 884 952 879 964 782 1426 1239 1449 1097 505
642 1283 1121 1084 570 1336 558 1122 777 1494 651 661 715 803 770 208 1567 1168 639 0 1048 67 588 680 775 174 678 552 576 1496 1354 219 924 1036 738 1286 816 1394 594 1298 848 681 616 1378 1507 801 954 1350 500 1436 1164 242 1317 217 556 769 578 1535 915 899 610 534 670 1013 519 181 582 845 577 856 480 1319 1067 1341 990 162
729 415 254 1280 801 1066 821 254 517 884 1231 501 401 1000 967 1084 792 1159 1219 1048 0 1051 785 1260 515 949 1258 827 664 1016 486 875 1504 1233 935 419 1396 527 1174 430 1428 654 589 511 731 1381 1121 482 697 568 1155 862 987 863 529 509 766 759 1111 1096 583 1114 1250 1209 706 901 770 585 796 1053 781 988 119 1072 1187 936
623 1286 1125 1065 574 1317 561 1125 758 1475 632 643 718 784 751 189 1548 1149 620 67 1051 0 569 661 757 180 659 556 558 1478 1357 200 905 1018 719 1290 797 1397 575 1301 829 685 619 1382 1488 782 935 1353 481 1439 1146 223 1299 224 559 750 582 1516 896 881 614 515 651 994 522 187 585 827 580 838 484 1300 1071 1323 971 143
314 1020 859 545 514 797 534 859 449 955 707 334 452 380 231 602 1028 629 695 588 785 569 0 736 448 580 734 540 249 957 1091 448 980 497 315 1024 872 1131 650 1035 904 545 479 1115 968 857 415 1087 142 1084 625 471 778 494 419 442 479 996 376 360 474 590 726 474 419 532 483 518 509 317 494 780 805 802 451 454
790 1496 1334 1232 913 1484 901 1335 925 1642 216 809 928 951 918 694 1715 1316 204 680 1260 661 736 0 923 672 386 895 724 1644 1567 540 632 1185 886 1499 524 1607 114 1510 556 1020 955 1591 1655 509 1102 1563 648 1649 1313 563 1466 586 895 917 921 1683 1063 1048 949 242 378 1161 862 624 925 993 920 1005 823 1467 1280 1490 1138 546
392 750 589 943 564 1196 584 590 49 1219 894 159 182 663 630 790 1127 1028 882 775 515 757 448 923 0 712 921 590 327 1351 821 635 1167 896 598 754 1059 862 837 765 1091 435 370 846 1066 1044 814 817 360 903 1024 625 1177 626 310 52 529 1094 774 759 364 777 913 872 469 664 533 99 559 716 544 1179 535 1201 850 642
606 1184 1023 1076 471 1328 459 1023 713 1486 643 598 616 795 762 347 1559 1160 631 174 949 180 580 672 712 0 670 453 541 1488 1255 156 916 1028 730 1188 808 1295 586 1199 840 582 517 1279 1499 793 946 1251 492 1337 1156 143 1309 119 457 705 480 1527 907 891 511 526 662 1005 420 82 483 782 478 848 381 1311 969 1333 982 217
788 1494 1332 1230 911 1482 899 1333 923 1640 357 807 926 949 916 692 1713 1314 345 678 1258 659 734 386 921 670 0 893 722 1642 1565 538 451 1183 884 1497 343 1605 300 1508 374 1018 953 1589 1653 328 1100 1560 646 1646 1311 561 1464 584 893 915 919 1681 1061 1045 947 181 196 1159 860 622 923 991 918 1003 821 1465 1278 1488 1136 544
484 1062 901 1036 49 1288 50 902 592 1446 866 476 494 755 722 589 1439 1120 854 552 827 556 540 895 590 453 893 0 419 1448 1133 380 1139 989 690 1066 1031 1174 809 1077 1063 461 395 1158 1378 1016 906 1129 452 1215 1116 367 1269 367 335 584 94 1406 867 851 390 749 885 965 151 405 92 660 55 809 112 1271 847 1293 942 441
90 899 738 744 393 997 413 738 328 1155 695 213 331 463 431 591 1228 829 683 576 664 558 249 724 327 541 722 419 0 1157 970 436 968 697 399 903 860 1010 638 914 892 424 358 995 1167 845 615 966 160 1052 825 454 978 455 299 321 358 1195 575 560 353 578 714 673 298 493 362 397 388 517 373 980 684 1002 651 442
1223 810 839 983 1423 317 1443 834 1353 487 1615 1242 1237 1288 1007 1511 560 452 1603 1496 1016 1478 957 1644 1351 1488 1642 1448 1157 0 881 1356 1888 936 1223 814 1780 1213 1558 825 1812 1453 1387 905 500 1765 595 877 1050 616 443 1379 238 1402 1328 1345 1387 528 814 799 1382 1498 1634 912 1328 1440 1391 1421 1417 756 1402 239 942 323 889 1363
1036 116 309 1374 1108 931 1128 304 823 749 1537 807 707 1306 1273 1390 657 1023 1526 1354 486 1357 1091 1567 821 1255 1565 1133 970 881 0 1181 1811 1327 1241 151 1702 683 1480 121 1734 960 895 46 596 1688 986 214 1003 433 1020 1168 851 1169 835 815 1072 624 1205 1190 889 1421 1556 1303 1013 1207 1076 891 1102 1147 1087 853 412 937 1281 1242
501 1110 949 943 398 1196 385 949 636 1353 510 521 542 662 630 233 1427 1028 499 219 875 200 448 540 635 156 538 380 436 1356 1181 0 784 896 597 1114 675 1221 453 1125 707 509 443 1206 1366 661 814 1177 359 1263 1024 47 1177 71 383 629 406 1394 774 759 438 394 529 872 346 108 410 705 404 716 308 1178 895 1201 850 85
1034 1740 1578 1476 1157 1728 1145 1579 1169 1886 603 1053 1172 1195 1162 938 1959 1560 591 924 1504 905 980 632 1167 916 451 1139 968 1888 1811 784 0 1429 1130 1743 383 1851 546 1754 97 1264 1199 1835 1899 153 1346 1807 892 1892 1557 807 1710 830 1139 1161 1165 1927 1307 1291 1193 427 288 1405 1106 868 1169 1237 1164 1249 1067 1711 1524 1734 1382 790
763 1256 1285 71 963 776 983 1280 898 933 1156 782 901 828 547 1051 1007 607 1144 1036 1233 1018 497 1185 896 1028 1183 989 697 936 1327 896 1429 0 763 1260 1321 1580 1098 1271 1352 993 928 1352 946 1306 394 1323 590 1062 604 919 757 943 868 890 928 974 212 231 922 1039 1174 119 868 981 931 966 958 209 942 758 1253 781 76 903
464 1170 1008 810 664 1063 684 1009 599 1220 857 483 602 138 497 752 1294 895 845 738 935 719 315 886 598 730 884 690 399 1223 1241 597 1130 763 0 1173 1022 1281 800 1185 1053 694 629 1265 1233 1007 681 1237 292 1323 891 620 1044 644 569 591 629 1261 641 626 624 740 875 739 569 682 633 668 659 583 644 1045 954 1068 717 604
968 80 242 1307 1040 864 1060 236 755 682 1470 740 640 1238 1206 1323 589 956 1458 1286 419 1290 1024 1499 754 1188 1497 1066 903 814 151 1114 1743 1260 1173 0 1635 615 1413 95 1667 893 827 176 529 1620 919 118 935 366 953 1101 784 1102 768 748 1005 557 1138 1123 822 1353 1489 1236 945 1140 1009 824 1035 1080 1020 786 345 869 1213 1175
926 1632 1470 1368 1049 1620 1037 1471 1061 1778 495 945 1064 1087 1054 830 1851 1452 483 816 1396 797 872 524 1059 808 343 1031 860 1780 1702 675 383 1321 1022 1635 0 1743 438 1646 307 1156 1091 1727 1791 260 1238 1698 784 1784 1448 698 1601 722 1031 1053 1057 1819 1199 1183 1085 319 180 1297 997 760 1061 1129 1056 1141 959 1603 1416 1625 1274 682
1076 612 450 1627 1148 1263 1168 451 863 1081 1578 847 748 1346 1313 1431 988 1355 1566 1394 527 1397 1131 1607 862 1295 1605 1174 1010 1213 683 1221 1851 1580 1281 615 1743 0 1521 627 1775 1001 935 707 928 1728 1318 679 1043 765 1352 1209 1183 1209 875 855 1113 956 1458 1443 930 1461 1597 1556 1053 1247 1116 932 1143 1400 1127 1184 452 1268 1534 1282
703 1409 1248 1145 827 1398 814 1249 839 1556 129 723 841 864 832 608 1629 1230 117 594 1174 575 650 114 837 586 300 809 638 1558 1480 453 546 1098 800 1413 438 1521 0 1424 470 934 868 1505 1568 423 1016 1476 561 1562 1226 476 1379 500 809 831 835 1596 976 961 863 156 292 1074 775 538 839 907 834 918 737 1381 1194 1403 1052 460
979 60 253 1318 1051 875 1071 248 767 693 1481 751 651 1250 1217 1334 600 967 1469 1298 430 1301 1035 1510 765 1199 1508 1077 914 825 121 1125 1754 1271 1185 95 1646 627 1424 0 1678 904 839 146 540 1631 930 158 947 377 964 1112 795 1113 779 759 1016 568 1149 1134 833 1364 1500 1247 956 1151 1020 835 1046 1091 1031 797 356 880 1225 1186
957 1663 1502 1399 1081 1652 1068 1503 1093 1810 527 977 1095 1118 1086 862 1883 1484 515 848 1428 829 904 556 1091 840 374 1063 892 1812 1734 707 97 1352 1053 1667 307 1775 470 1678 0 1188 1122 1759 1822 77 1270 1730 815 1816 1480 730 1633 754 1063 1085 1089 1850 1230 1215 1117 351 212 1328 1029 792 1093 1161 1088 1172 991 1635 1448 1657 1306 714
489 889 728 1040 435 1293 455 729 437 1358 991 421 321 759 727 718 1266 1125 979 681 654 685 545 1020 435 582 1018 461 424 1453 960 509 1264 993 694 893 1156 1001 934 904 1188 0 129 985 1205 1141 911 956 456 1042 1121 496 1274 496 142 429 400 1233 871 856 123 874 1010 969 340 534 404 505 430 813 415 1276 674 1298 947 570
424 824 662 975 369 1227 389 663 371 1293 926 355 256 694 661 652 1200 1059 914 616 589 619 479 955 370 517 953 395 358 1387 895 443 1199 928 629 827 1091 935 868 839 1122 129 0 919 1140 1076 845 891 391 977 1056 430 1209 431 77 363 334 1168 806 791 58 809 944 904 274 469 338 440 364 748 349 1210 608 1233 881 504
1060 141 334 1399 1132 956 1152 328 847 774 1562 831 732 1330 1298 1415 681 1048 1550 1378 511 1382 1115 1591 846 1279 1589 1158 995 905 46 1206 1835 1352 1265 176 1727 707 1505 146 1759 985 919 0 620 1712 1010 239 1027 458 1044 1193 876 1193 860 839 1097 649 1230 1215 914 1445 1581 1328 1037 1231 1101 916 1127 1172 1112 877 437 961 1305 1267
1233 525 554 993 1352 550 1372 549 1068 368 1626 1052 952 1298 1018 1521 177 642 1614 1507 731 1488 968 1655 1066 1499 1653 1378 1167 500 596 1366 1899 946 1233 529 1791 928 1568 540 1822 1205 1140 620 0 1776 605 592 1060 331 639 1389 470 1413 1080 1060 1317 79 824 809 1134 1509 1644 922 1257 1451 1321 1136 1347 766 1332 472 657 555 900 1373
911 1617 1455 1353 1034 1605 1022 1456 1046 1763 480 930 1049 1072 1039 815 1836 1437 468 801 1381 782 857 509 1044 793 328 1016 845 1765 1688 661 153 1306 1007 1620 260 1728 423 1631 77 1141 1076 1712 1776 0 1223 1684 769 1770 1434 684 1587 707 1016 1038 1042 1804 1184 1169 1071 304 165 1282 983 745 1046 1115 1041 1126 944 1588 1401 1611 1259 667
680 915 944 441 880 434 900 939 815 592 1073 700 818 746 465 968 665 266 1061 954 1121 935 415 1102 814 946 1100 906 615 595 986 814 1346 394 681 919 1238 1318 1016 930 1270 911 845 1010 605 1223 0 982 508 721 263 837 416 860 786 808 845 633 272 256 840 956 1092 370 785 898 849 884 875 214 860 417 1047 440 347 820
1031 144 305 1370 1104 927 1124 300 819 745 1533 803 703 1302 1269 1386 652 1019 1521 1350 482 1353 1087 1563 817 1251 1560 1129 966 877 214 1177 1807 1323 1237 118 1698 679 1476 158 1730 956 891 239 592 1684 982 0 999 429 1016 1164 847 1165 831 811 1068 620 1201 1186 885 1416 1552 1299 1008 1203 1072 887 1098 1143 1083 849 408 933 1277 1238
226 932 770 637 426 890 446 771 361 1048 619 245 364 357 324 514 1121 722 607 500 697 481 142 648 360 492 646 452 160 1050 1003 359 892 590 292 935 784 1043 561 947 815 456 391 1027 1060 769 508 999 0 1085 718 382 871 406 331 353 391 1088 468 453 386 502 637 567 331 444 394 430 421 410 405 873 716 895 544 366
1117 362 391 1110 1189 667 1210 386 905 484 1619 889 789 1388 1134 1472 392 759 1607 1436 568 1439 1084 1649 903 1337 1646 1215 1052 616 433 1263 1892 1062 1323 366 1784 765 1562 377 1816 1042 977 458 331 1770 721 429 1085 0 755 1250 587 1251 917 897 1154 359 941 925 971 1502 1638 1039 1094 1289 1158 973 1184 883 1169 588 494 672 1016 1324
891 949 978 651 1091 283 1111 973 1026 626 1283 910 1029 956 675 1179 699 129 1272 1164 1155 1146 625 1313 1024 1156 1311 1116 825 443 1020 1024 1557 604 891 953 1448 1352 1226 964 1480 1121 1056 1044 639 1434 263 1016 718 755 0 1047 264 1071 996 1018 1056 667 482 467 1050 1167 1302 580 996 1108 1059 1094 1086 424 1070 266 1081 288 558 1031
519 1097 936 966 385 1219 372 936 626 1376 533 511 529 685 653 256 1450 1051 522 242 862 223 471 563 625 143 561 367 454 1379 1168 47 807 919 620 1101 698 1209 476 1112 730 496 430 1193 1389 684 837 1164 382 1250 1047 0 1200 58 370 619 393 1417 797 782 425 416 552 895 333 95 397 695 391 739 295 1201 882 1224 873 108
1044 781 809 804 1244 139 1264 804 1179 458 1436 1063 1182 1109 828 1332 531 273 1425 1317 987 1299 778 1466 1177 1309 1464 1269 978 238 851 1177 1710 757 1044 784 1601 1183 1379 795 1633 1274 1209 876 470 1587 416 847 871 587 264 1200 0 1224 1149 1171 1209 498 635 620 1203 1320 1455 733 1149 1261 1212 1247 1239 577 1223 34 912 144 711 1184
520 1098 937 990 385 1242 373 937 627 1400 557 512 530 709 676 280 1473 1074 545 217 863 224 494 586 626 119 584 367 455 1402 1169 71 830 943 644 1102 722 1209 500 1113 754 496 431 1193 1413 707 860 1165 406 1251 1071 58 1224 0 371 620 394 1441 821 806 426 440 576 919 334 71 397 696 392 763 296 1225 883 1248 896 132
364 764 603 915 310 1168 330 603 312 1233 866 296 196 634 602 592 1140 1000 854 556 529 559 419 895 310 457 893 335 299 1328 835 383 1139 868 569 768 1031 875 809 779 1063 142 77 860 1080 1016 786 831 331 917 996 370 1149 371 0 304 275 1108 746 731 71 749 885 844 215 409 278 380 305 688 289 1150 549 1173 822 444
386 744 583 937 558 1190 578 583 58 1213 888 153 176 656 624 783 1120 1022 876 769 509 750 442 917 52 705 915 584 321 1345 815 629 1161 890 591 748 1053 855 831 759 1085 429 363 839 1060 1038 808 811 353 897 1018 619 1171 620 304 0 523 1088 768 753 358 771 907 866 463 657 527 108 553 710 538 1172 529 1195 844 635
424 1001 840 975 69 1227 89 841 531 1385 892 415 433 694 661 615 1378 1059 880 578 766 582 479 921 529 480 919 94 358 1387 1072 406 1165 928 629 1005 1057 1113 835 1016 1089 400 334 1097 1317 1042 845 1068 391 1154 1056 393 1209 394 275 523 0 1345 806 790 329 775 911 904 90 432 37 599 63 748 175 1210 786 1233 881 467
1261 553 582 1021 1380 578 1401 577 1096 396 1654 1080 980 1326 1046 1549 205 670 1642 1535 759 1516 996 1683 1094 1527 1681 1406 1195 528 624 1394 1927 974 1261 557 1819 956 1596 568 1850 1233 1168 649 79 1804 633 620 1088 359 667 1417 498 1441 1108 1088 1345 0 852 837 1162 1537 1672 950 1285 1479 1349 1164 1375 794 1360 500 685 584 928 1401
641 1134 1163 229 841 654 861 1158 776 811 1034 660 779 706 425 929 885 486 1022 915 1111 896 376 1063 774 907 1061 867 575 814 1205 774 1307 212 641 1138 1199 1458 976 1149 1230 871 806 1230 824 1184 272 1201 468 941 482 797 635 821 746 768 806 852 0 109 800 917 1052 188 746 859 809 844 836 87 820 636 1131 659 165 781
626 1119 1148 278 826 639 846 1143 761 796 1018 645 763 691 410 914 870 470 1006 899 1096 881 360 1048 759 891 1045 851 560 799 1190 759 1291 231 626 1123 1183 1443 961 1134 1215 856 791 1215 809 1169 256 1186 453 925 467 782 620 806 731 753 790 837 109 0 785 901 1037 207 731 843 794 829 820 72 805 621 1116 644 185 766
418 819 657 970 364 1222 384 658 366 1287 920 350 251 689 656 647 1195 1054 908 610 583 614 474 949 364 511 947 390 353 1382 889 438 1193 922 624 822 1085 930 863 833 1117 123 58 914 1134 1071 840 885 386 971 1050 425 1203 426 71 358 329 1162 800 785 0 803 939 899 269 463 333 434 359 742 344 1205 603 1227 876 499
644 1350 1188 1086 767 1338 755 1189 779 1496 213 663 782 805 772 548 1569 1170 201 534 1114 515 590 242 777 526 181 749 578 1498 1421 394 427 1039 740 1353 319 1461 156 1364 351 874 809 1445 1509 304 956 1416 502 1502 1167 416 1320 440 749 771 775 1537 917 901 803 0 173 1015 716 478 779 847 774 859 677 1321 1134 1344 992 400
779 1485 1324 1221 903 1474 890 1324 914 1631 349 799 917 940 908 684 1705 1306 337 670 1250 651 726 378 913 662 196 885 714 1634 1556 529 288 1174 875 1489 180 1597 292 1500 212 1010 944 1581 1644 165 1092 1552 637 1638 1302 552 1455 576 885 907 911 1672 1052 1037 939 173 0 1150 851 614 915 983 909 994 813 1457 1270 1479 1128 536
739 1232 1261 167 939 752 959 1256 874 910 1132 758 877 804 524 1027 983 584 1120 1013 1209 994 474 1161 872 1005 1159 965 673 912 1303 872 1405 119 739 1236 1297 1556 1074 1247 1328 969 904 1328 922 1282 370 1299 567 1039 580 895 733 919 844 866 904 950 188 207 899 1015 1150 0 844 957 907 943 934 185 918 735 1229 757 73 879
364 942 780 915 125 1167 146 781 471 1325 832 355 374 634 601 555 1318 999 821 519 706 522 419 862 469 420 860 151 298 1328 1013 346 1106 868 569 945 997 1053 775 956 1029 340 274 1037 1257 983 785 1008 331 1094 996 333 1149 334 215 463 90 1285 746 731 269 716 851 844 0 372 94 539 120 688 232 1150 726 1173 821 407
558 1136 975 1028 423 1280 411 975 665 1438 595 550 568 747 714 317 1511 1112 583 181 901 187 532 624 664 82 622 405 493 1440 1207 108 868 981 682 1140 760 1247 538 1151 792 534 469 1231 1451 745 898 1203 444 1289 1108 95 1261 71 409 657 432 1479 859 843 463 478 614 957 372 0 435 734 430 801 333 1263 921 1285 934 169
427 1005 844 978 71 1231 87 844 534 1389 896 419 437 697 665 619 1381 1063 884 582 770 585 483 925 533 483 923 92 362 1391 1076 410 1169 931 633 1009 1061 1116 839 1020 1093 404 338 1101 1321 1046 849 1072 394 1158 1059 397 1212 397 278 527 37 1349 809 794 333 779 915 907 94 435 0 603 67 751 174 1214 790 1236 885 470
462 820 659 1014 634 1266 655 660 105 1289 964 229 252 733 700 860 1197 1098 952 845 585 827 518 993 99 782 991 660 397 1421 891 705 1237 966 668 824 1129 932 907 835 1161 505 440 916 1136 1115 884 887 430 973 1094 695 1247 696 380 108 599 1164 844 829 434 847 983 943 539 734 603 0 629 786 614 1249 605 1271 920 712
454 1031 870 1005 34 1257 50 871 561 1415 891 445 463 724 691 613 1408 1089 879 577 796 580 509 920 559 478 918 55 388 1417 1102 404 1164 958 659 1035 1056 1143 834 1046 1088 430 364 1127 1347 1041 875 1098 421 1184 1086 391 1239 392 305 553 63 1375 836 820 359 774 909 934 120 430 67 629 0 778 136 1240 816 1263 911 465
583 1076 1105 256 783 596 803 1100 718 753 976 602 721 648 367 871 827 428 964 856 1053 838 317 1005 716 848 1003 809 517 756 1147 716 1249 209 583 1080 1141 1400 918 1091 1172 813 748 1172 766 1126 214 1143 410 883 424 739 577 763 688 710 748 794 87 72 742 859 994 185 688 801 751 786 778 0 762 578 1073 601 163 723
438 1016 855 989 130 1242 117 855 545 1400 794 430 448 708 676 517 1392 1074 782 480 781 484 494 823 544 381 821 112 373 1402 1087 308 1067 942 644 1020 959 1127 737 1031 991 415 349 1112 1332 944 860 1083 405 1169 1070 295 1223 296 289 538 175 1360 820 805 344 677 813 918 232 333 174 614 136 762 0 1225 801 1247 896 369
1045 782 811 805 1245 140 1265 805 1180 459 1438 1065 1183 1110 830 1333 532 275 1426 1319 988 1300 780 1467 1179 1311 1465 1271 980 239 853 1178 1711 758 1045 786 1603 1184 1381 797 1635 1276 1210 877 472 1588 417 849 873 588 266 1201 34 1225 1150 1172 1210 500 636 621 1205 1321 1457 735 1150 1263 1214 1249 1240 578 1225 0 914 145 712 1185
749 341 180 1300 821 992 841 180 536 810 1251 521 421 1019 987 1104 717 1084 1239 1067 119 1071 805 1280 535 969 1278 847 684 942 412 895 1524 1253 954 345 1416 452 1194 356 1448 674 608 437 657 1401 1047 408 716 494 1081 882 912 883 549 529 786 685 1131 1116 603 1134 1270 1229 726 921 790 605 816 1073 801 914 0 998 1207 956
1068 866 895 828 1268 71 1288 889 1203 543 1460 1087 1206 1133 852 1356 616 297 1449 1341 1072 1323 802 1490 1201 1333 1488 1293 1002 323 937 1201 1734 781 1068 869 1625 1268 1403 880 1657 1298 1233 961 555 1611 440 933 895 672 288 1224 144 1248 1173 1195 1233 584 659 644 1227 1344 1479 757 1173 1285 1236 1271 1263 601 1247 145 998 0 735 1208
716 1210 1239 123 916 729 936 1233 851 887 1109 736 854 782 501 1004 960 561 1097 990 1187 971 451 1138 850 982 1136 942 651 889 1281 850 1382 76 717 1213 1274 1534 1052 1225 1306 947 881 1305 900 1259 347 1277 544 1016 558 873 711 896 822 844 881 928 165 185 876 992 1128 73 821 934 885 920 911 163 896 712 1207 735 0 856
508 1171 1010 950 459 1202 446 1010 643 1360 517 527 603 669 636 176 1433 1034 505 162 936 143 454 546 642 217 544 441 442 1363 1242 85 790 903 604 1175 682 1282 460 1186 714 570 504 1267 1373 667 820 1238 366 1324 1031 108 1184 132 444 635 467 1401 781 766 499 400 536 879 407 169 470 712 465 723 369 1185 956 1208 856 0
EOF