NAME : tsp_problem
TYPE : TSP
DIMENSION : 76
EDGE_WEIGHT_TYPE : EXPLICIT
EDGE_WEIGHT_FORMAT : FULL_MATRIX
EDGE_WEIGHT_SECTION
0 963 668 389 666 622 1066 428 957 684 1207 556 1239 1226 1393 674 433 1410 1161 832 675 191 997 1012 393 675 636 1403 919 1260 914 1132 523 1614 1336 1195 1333 852 1379 1528 1216 1372 1257 1029 403 570 94 978 911 733 1587 1384 697 1247 820 1107 1678 72 407 929 577 1168 197 776 1240 680 1626 472 371 685 1240 359 657 1700 199 913
963 0 603 749 600 556 1201 642 1270 619 1202 1116 668 690 822 608 647 1583 1297 516 609 796 346 1047 753 609 570 1343 336 1062 1269 934 1083 1512 765 1248 1385 1207 808 1426 645 1272 1198 1342 617 1131 1038 101 328 502 1485 1285 381 675 504 1242 1576 1016 967 1242 1138 1303 890 1122 669 304 1524 1033 731 620 669 719 592 1598 967 1268
668 603 0 454 99 163 1331 347 1223 225 1413 821 878 900 1033 95 352 1676 1427 472 64 502 636 1258 459 216 69 1554 559 1273 1180 1145 788 1723 975 1459 1596 1117 1019 1637 855 1483 1409 1294 322 836 743 618 551 373 1696 1495 336 886 459 1373 1787 722 673 1195 843 1434 595 1041 879 320 1734 738 436 226 880 424 198 1809 672 1179
389 749 454 0 451 407 1052 213 943 470 1193 541 1024 1046 1178 459 219 1396 1147 618 460 222 782 997 101 460 421 1389 705 1245 900 1118 508 1600 1121 1181 1319 838 1165 1514 1001 1358 1243 1015 188 556 463 764 697 519 1573 1370 482 1032 605 1093 1664 442 393 915 563 1154 316 761 1025 466 1611 458 84 471 1025 71 443 1686 392 899
666 600 99 451 0 160 1329 344 1220 223 1410 818 876 898 1030 73 350 1673 1424 469 102 499 634 1255 456 213 38 1552 556 1270 1177 1142 785 1720 973 1457 1593 1115 1016 1634 853 1480 1406 1292 319 833 740 615 548 370 1694 1493 334 883 457 1370 1784 719 670 1192 840 1431 593 1039 877 317 1732 735 434 224 877 421 196 1806 669 1176
622 556 163 407 160 0 1285 300 1176 114 1366 775 832 854 986 169 306 1629 1380 425 169 455 590 1211 412 104 131 1508 512 1226 1133 1099 742 1676 929 1413 1549 1071 972 1591 809 1437 1362 1248 275 789 696 571 504 326 1650 1449 290 840 413 1326 1740 675 626 1148 797 1387 549 995 833 273 1688 691 390 115 833 377 87 1762 625 1132
1066 1201 1331 1052 1329 1285 0 1091 339 1347 261 544 781 556 935 1337 1097 869 152 1102 1338 899 974 259 1057 1338 1299 457 1367 590 564 462 725 798 878 249 387 502 922 712 758 426 311 410 1066 667 1141 1216 1360 1311 771 438 1139 789 1089 247 862 1119 704 311 619 141 993 408 782 1174 810 649 1034 1348 782 1022 1320 884 1069 563
428 642 347 213 344 300 1091 0 982 363 1232 581 917 939 1071 352 67 1435 1187 511 353 261 675 1037 218 353 314 1428 598 1285 939 1157 548 1639 1014 1220 1358 877 1058 1554 894 1397 1282 1054 81 595 502 657 590 412 1613 1409 375 925 498 1132 1703 481 432 955 603 1193 355 801 918 359 1651 497 196 364 918 184 336 1725 431 939
957 1270 1223 943 1220 1176 339 982 0 1239 480 435 850 625 1004 1228 988 1085 434 1171 1229 791 1043 328 948 1229 1190 676 1436 659 473 531 617 1013 947 468 606 411 991 927 827 645 530 89 957 558 1032 1285 1429 1288 987 657 1208 858 1158 380 1077 1011 595 98 510 441 884 299 851 1235 1025 541 926 1240 851 913 1212 1099 961 473
684 619 225 470 223 114 1347 363 1239 0 1429 837 894 916 1049 231 368 1692 1443 488 232 518 652 1274 475 41 193 1570 575 1289 1196 1161 804 1739 991 1475 1612 1133 1035 1653 871 1499 1425 1310 338 852 759 634 567 389 1712 1511 352 902 475 1389 1803 738 689 1211 859 1450 611 1057 895 336 1750 754 452 52 896 440 82 1825 688 1195
1207 1202 1413 1193 1410 1366 261 1232 480 1429 0 685 782 557 936 1418 1238 633 374 1102 1419 1040 975 400 1198 1419 1380 220 1368 590 702 463 866 561 879 71 209 639 922 476 759 189 74 551 1207 808 1282 1217 1360 1312 535 201 1140 790 1090 415 625 1260 845 452 760 363 1134 549 783 1174 573 790 1175 1430 783 1163 1401 647 1210 701
556 1116 821 541 818 775 544 581 435 837 685 0 929 704 1083 827 586 1164 639 985 827 389 1122 490 546 827 789 881 1072 738 392 610 215 1092 1026 673 811 330 1070 1006 906 850 735 507 556 156 630 1131 1064 886 1066 862 849 937 973 585 1156 609 193 408 108 646 482 254 930 833 1104 139 524 838 930 512 810 1178 559 391
1239 668 878 1024 876 832 781 917 850 894 782 929 0 270 294 884 923 1164 877 568 885 1072 441 627 1029 885 846 924 834 642 849 514 1111 1092 237 829 965 787 280 1007 55 852 778 922 892 1052 1314 683 826 777 1066 865 606 148 556 823 1156 1292 1089 822 1004 883 1166 703 141 640 1104 1034 1007 895 30 995 867 1178 1242 849
1226 690 900 1046 898 854 556 939 625 916 557 704 270 0 424 906 945 938 651 590 907 1059 463 402 1051 907 868 698 856 417 624 289 885 866 367 603 740 561 410 781 247 627 553 697 914 827 1300 705 848 799 840 639 628 277 578 597 931 1279 864 597 778 658 1153 477 271 662 878 809 1029 917 271 1016 889 953 1229 623
1393 822 1033 1178 1030 986 935 1071 1004 1049 936 1083 294 424 0 1038 1077 1318 1031 722 1039 1226 595 781 1183 1039 1000 1078 988 796 1003 669 1265 1246 165 983 1119 941 63 1161 271 1006 932 1076 1046 1206 1468 837 980 932 1220 1019 760 219 710 977 1310 1446 1243 977 1158 1038 1320 857 239 794 1258 1189 1161 1049 295 1149 1021 1332 1396 1003
674 608 95 459 73 169 1337 352 1228 231 1418 827 884 906 1038 0 358 1681 1433 478 93 507 642 1263 464 221 46 1560 564 1278 1185 1151 794 1728 981 1465 1602 1123 1024 1643 861 1489 1414 1300 327 841 749 623 557 378 1702 1501 342 892 465 1378 1792 727 678 1201 849 1439 601 1047 885 326 1740 743 442 232 885 430 204 1815 677 1185
433 647 352 219 350 306 1097 67 988 368 1238 586 923 945 1077 358 0 1441 1192 516 359 267 681 1042 224 359 320 1433 603 1290 945 1163 553 1644 1020 1226 1363 882 1063 1559 900 1403 1288 1060 87 601 508 662 595 417 1618 1415 381 931 504 1138 1709 487 438 960 608 1199 360 806 924 364 1656 503 202 369 924 189 341 1731 437 944
1483 1402 1613 1469 1610 1566 688 1508 903 1629 451 982 982 757 1136 1618 1514 0 801 1302 1619 1316 1175 680 1474 1619 1580 593 1568 790 902 663 1163 410 1079 498 634 840 1122 324 959 522 447 975 1483 1105 1558 1417 1560 1512 384 534 1340 990 1290 842 474 1536 1142 875 1057 790 1410 755 983 1374 422 1087 1452 1630 983 1439 1602 496 1486 901
1161 1297 1427 1147 1424 1380 152 1187 434 1443 374 639 877 651 1031 1433 1192 983 0 1197 1433 995 1070 355 1152 1433 1395 570 1463 685 659 557 821 911 974 362 500 597 1017 826 854 539 424 506 1161 762 1236 1312 1455 1406 885 552 1235 884 1185 122 975 1215 799 406 714 68 1088 504 878 1269 923 745 1130 1444 878 1117 1416 998 1165 659
832 516 472 618 469 425 1102 511 1171 488 1102 985 568 590 722 478 516 1484 1197 0 478 666 326 947 623 478 440 1244 472 962 1169 835 952 1412 665 1149 1286 1107 708 1327 545 1173 1098 1242 486 1000 907 531 464 371 1386 1185 199 576 40 1143 1476 886 837 1143 1007 1204 759 1023 569 233 1424 902 600 489 569 588 461 1499 836 1169
675 609 64 460 102 169 1338 353 1229 232 1419 827 885 907 1039 93 359 1682 1433 478 0 508 643 1264 465 222 75 1560 565 1279 1186 1151 794 1729 982 1465 1602 1123 1025 1643 862 1489 1415 1301 328 842 749 624 557 379 1702 1502 343 892 466 1379 1793 728 679 1201 849 1440 602 1047 886 326 1741 744 443 233 886 430 205 1815 678 1185
191 796 502 222 499 455 899 261 791 518 1040 389 1072 1059 1226 507 267 1243 995 666 508 0 830 845 227 508 469 1236 752 1093 747 965 356 1447 1169 1028 1166 685 1213 1362 1049 1205 1090 862 236 404 266 812 745 566 1421 1218 530 1080 653 941 1511 244 240 763 411 1001 118 609 1073 514 1459 305 205 519 1073 192 490 1534 195 747
997 346 636 782 634 590 974 675 1043 652 975 1122 441 463 595 642 681 1357 1070 326 643 830 0 820 787 643 604 1117 512 835 1042 707 1117 1285 538 1022 1158 980 581 1200 418 1045 971 1115 650 1164 1071 361 504 535 1259 1058 364 448 314 1016 1349 1050 1001 1015 1171 1076 924 896 442 398 1297 1066 765 653 442 752 625 1371 1000 1042
1012 1047 1258 997 1255 1211 259 1037 328 1274 400 490 627 402 781 1263 1042 861 355 947 1264 845 820 0 1002 1264 1225 596 1213 435 410 308 671 789 724 388 526 347 767 704 604 550 451 400 1012 612 1086 1062 1205 1157 763 562 985 635 935 301 854 1065 650 301 564 362 939 263 628 1019 801 595 980 1275 628 968 1246 876 1015 409
393 753 459 101 456 412 1057 218 948 475 1198 546 1029 1051 1183 464 224 1401 1152 623 465 227 787 1002 0 465 426 1393 709 1250 905 1123 513 1604 1126 1186 1323 842 1170 1519 1006 1363 1248 1020 193 561 468 769 702 523 1578 1375 487 1037 610 1098 1669 447 398 920 568 1159 320 766 1030 471 1616 463 88 476 1030 76 447 1691 397 904
675 609 216 460 213 104 1338 353 1229 41 1419 827 885 907 1039 221 359 1682 1433 478 222 508 643 1264 465 0 183 1560 565 1279 1186 1151 794 1729 982 1465 1602 1123 1025 1643 862 1489 1415 1301 328 842 749 624 557 379 1702 1502 343 892 466 1379 1793 728 679 1201 849 1440 602 1047 886 326 1741 744 443 26 886 430 72 1815 678 1185
636 570 69 421 38 131 1299 314 1190 193 1380 789 846 868 1000 46 320 1643 1395 440 75 469 604 1225 426 183 0 1522 526 1240 1147 1113 756 1690 943 1427 1564 1085 986 1605 823 1451 1376 1262 289 803 711 585 519 340 1664 1463 304 854 427 1340 1754 689 640 1163 811 1401 563 1009 847 288 1702 705 404 194 847 392 166 1777 639 1147
1403 1343 1554 1389 1552 1508 457 1428 676 1570 220 881 924 698 1078 1560 1433 774 570 1244 1560 1236 1117 596 1393 1560 1522 0 1510 732 843 604 1062 702 1020 266 238 781 1064 617 901 97 179 747 1403 1004 1477 1358 1502 1453 676 84 1282 931 1231 611 767 1456 1041 648 955 559 1330 697 924 1316 714 986 1371 1571 925 1359 1543 789 1406 843
919 336 559 705 556 512 1367 598 1436 575 1368 1072 834 856 988 564 603 1750 1463 472 565 752 512 1213 709 565 526 1510 0 1228 1430 1101 1039 1678 931 1415 1551 1368 974 1593 811 1439 1364 1508 573 1087 994 351 113 458 1652 1451 337 842 460 1409 1742 972 923 1409 1094 1470 846 1289 835 260 1690 988 687 576 835 675 547 1764 923 1430
1260 1062 1273 1245 1270 1226 590 1285 659 1289 590 738 642 417 796 1278 1290 972 685 962 1279 1093 835 435 1250 1279 1240 732 1228 0 657 235 919 900 739 637 774 595 782 815 619 661 586 730 1260 860 1334 1077 1220 1172 874 673 1000 650 950 631 964 1313 897 631 812 692 1186 511 643 1034 912 843 1228 1290 643 1216 1261 987 1263 657
914 1269 1180 900 1177 1133 564 939 473 1196 702 392 849 624 1003 1185 945 1083 659 1169 1186 747 1042 410 905 1186 1147 843 1430 657 0 530 573 1012 946 693 831 98 989 926 826 772 698 545 914 515 989 1284 1423 1244 985 785 1207 857 1157 605 1076 967 552 446 467 666 841 292 850 1192 1024 497 883 1196 850 870 1168 1098 917 38
1132 934 1145 1118 1142 1099 462 1157 531 1161 463 610 514 289 669 1151 1163 844 557 835 1151 965 707 308 1123 1151 1113 604 1101 235 530 0 791 773 611 509 646 468 655 687 491 533 459 603 1132 733 1207 949 1093 1044 746 545 873 522 822 503 837 1185 770 503 685 564 1059 383 515 907 785 715 1101 1162 515 1088 1134 859 1135 529
523 1083 788 508 785 742 725 548 617 804 866 215 1111 885 1265 794 553 1239 821 952 794 356 1117 671 513 794 756 1062 1039 919 573 791 0 1273 1208 854 992 511 1251 1188 1088 1031 916 688 523 84 597 1098 1031 853 1247 1044 817 1118 940 767 1337 576 180 589 144 827 450 435 1112 800 1285 245 491 805 1112 479 777 1360 526 573
1614 1512 1723 1600 1720 1676 798 1639 1013 1739 561 1092 1092 866 1246 1728 1644 591 911 1412 1729 1447 1285 789 1604 1729 1690 702 1678 900 1012 773 1273 0 1189 608 744 949 1232 346 1069 631 557 1084 1614 1215 1688 1527 1670 1622 405 644 1450 1100 1400 952 495 1667 1252 985 1166 900 1541 865 1093 1484 263 1197 1582 1739 1093 1570 1711 338 1617 1011
1336 765 975 1121 973 929 878 1014 947 991 879 1026 237 367 165 981 1020 1261 974 665 982 1169 538 724 1126 982 943 1020 931 739 946 611 1208 1189 0 926 1062 884 126 1103 214 949 875 1019 989 1149 1410 780 923 874 1163 962 703 137 653 920 1253 1389 1186 919 1101 980 1263 800 157 737 1201 1131 1104 992 238 1092 964 1275 1339 946
1195 1248 1459 1181 1457 1413 249 1220 468 1475 71 673 829 603 983 1465 1226 679 362 1149 1465 1028 1022 388 1186 1465 1427 266 1415 637 693 509 854 608 926 0 171 630 969 522 806 236 121 539 1195 796 1269 1263 1407 1358 581 248 1187 836 1137 403 672 1248 833 440 747 351 1122 537 830 1221 619 778 1163 1476 830 1151 1448 694 1198 692
1333 1385 1596 1319 1593 1549 387 1358 606 1612 209 811 965 740 1119 1602 1363 816 500 1286 1602 1166 1158 526 1323 1602 1564 238 1551 774 831 646 992 744 1062 171 0 768 1106 659 942 257 221 677 1333 934 1407 1400 1544 1495 718 244 1323 973 1273 541 808 1386 971 578 885 489 1260 675 966 1357 756 916 1301 1613 966 1289 1585 831 1336 830
852 1207 1117 838 1115 1071 502 877 411 1133 639 330 787 561 941 1123 882 1021 597 1107 1123 685 980 347 842 1123 1085 781 1368 595 98 468 511 949 884 630 768 0 927 864 764 710 635 483 852 453 926 1222 1360 1182 923 722 1145 795 1095 543 1014 905 490 383 404 604 779 229 788 1129 961 435 820 1134 788 808 1106 1036 855 97
1379 808 1019 1165 1016 972 922 1058 991 1035 922 1070 280 410 63 1024 1063 1304 1017 708 1025 1213 581 767 1170 1025 986 1064 974 782 989 655 1251 1232 126 969 1106 927 0 1147 257 993 918 1062 1033 1192 1454 823 966 918 1206 1005 746 180 696 963 1296 1433 1229 963 1144 1024 1306 843 200 780 1244 1175 1147 1036 281 1135 1008 1319 1383 989
1528 1426 1637 1514 1634 1591 712 1554 927 1653 476 1006 1007 781 1161 1643 1559 506 826 1327 1643 1362 1200 704 1519 1643 1605 617 1593 815 926 687 1188 346 1103 522 659 864 1147 0 984 546 472 999 1528 1129 1603 1441 1585 1536 176 558 1365 1014 1314 866 184 1582 1166 900 1081 815 1455 780 1007 1399 358 1112 1497 1654 1008 1484 1626 432 1532 926
1216 645 855 1001 853 809 758 894 827 871 759 906 55 247 271 861 900 1141 854 545 862 1049 418 604 1006 862 823 901 811 619 826 491 1088 1069 214 806 942 764 257 984 0 829 755 899 869 1029 1291 660 803 754 1043 842 583 125 533 800 1133 1269 1066 799 981 860 1143 680 118 617 1081 1011 984 872 56 972 844 1155 1219 826
1372 1272 1483 1358 1480 1437 426 1397 645 1499 189 850 852 627 1006 1489 1403 703 539 1173 1489 1205 1045 550 1363 1489 1451 97 1439 661 772 533 1031 631 949 236 257 710 993 546 829 0 185 716 1372 973 1447 1287 1431 1382 605 39 1211 860 1160 580 696 1425 1010 617 925 528 1299 626 853 1245 643 955 1340 1500 853 1328 1472 718 1375 772
1257 1198 1409 1243 1406 1362 311 1282 530 1425 74 735 778 553 932 1414 1288 629 424 1098 1415 1090 971 451 1248 1415 1376 179 1364 586 698 459 916 557 875 121 221 635 918 472 755 185 0 602 1257 858 1332 1213 1356 1308 531 186 1136 786 1086 465 621 1310 895 502 810 413 1184 551 779 1170 569 840 1226 1426 779 1213 1397 643 1261 697
1029 1342 1294 1015 1292 1248 410 1054 89 1310 551 507 922 697 1076 1300 1060 1156 506 1242 1301 862 1115 400 1020 1301 1262 747 1508 730 545 603 688 1084 1019 539 677 483 1062 999 899 716 602 0 1029 630 1104 1357 1500 1359 1058 729 1280 930 1230 452 1149 1082 667 129 582 513 956 371 923 1306 1096 612 997 1311 923 985 1283 1171 1032 544
403 617 322 188 319 275 1066 81 957 338 1207 556 892 914 1046 327 87 1410 1161 486 328 236 650 1012 193 328 289 1403 573 1260 914 1132 523 1614 989 1195 1333 852 1033 1528 869 1372 1257 1029 0 570 477 632 565 387 1588 1384 350 900 473 1107 1678 456 407 929 578 1168 330 776 893 334 1626 472 171 339 893 158 311 1700 406 913
570 1131 836 556 833 789 667 595 558 852 808 156 1052 827 1206 841 601 1286 762 1000 842 404 1164 612 561 842 803 1004 1087 860 515 733 84 1215 1149 796 934 453 1192 1129 1029 973 858 630 570 0 645 1146 1079 901 1188 985 864 1060 987 708 1279 623 227 530 86 769 497 377 1053 848 1227 209 539 853 1053 526 825 1301 574 514
94 1038 743 463 740 696 1141 502 1032 759 1282 630 1314 1300 1468 749 508 1485 1236 907 749 266 1071 1086 468 749 711 1477 994 1334 989 1207 597 1688 1410 1269 1407 926 1454 1603 1291 1447 1332 1104 477 645 0 1053 986 808 1662 1459 771 1321 895 1182 1753 51 482 1004 652 1243 229 850 1314 755 1700 547 446 760 1315 433 732 1775 143 988
978 101 618 764 615 571 1216 657 1285 634 1217 1131 683 705 837 623 662 1598 1312 531 624 812 361 1062 769 624 585 1358 351 1077 1284 949 1098 1527 780 1263 1400 1222 823 1441 660 1287 1213 1357 632 1146 1053 0 343 517 1500 1300 396 690 519 1257 1591 1032 982 1257 1153 1318 905 1137 684 319 1539 1048 746 635 684 734 607 1613 982 1283
911 328 551 697 548 504 1360 590 1429 567 1360 1064 826 848 980 557 595 1742 1455 464 557 745 504 1205 702 557 519 1502 113 1220 1423 1093 1031 1670 923 1407 1544 1360 966 1585 803 1431 1356 1500 565 1079 986 343 0 450 1644 1443 329 834 452 1401 1734 965 916 1401 1086 1462 838 1281 827 252 1682 981 679 568 827 667 540 1757 915 1422
733 502 373 519 370 326 1311 412 1288 389 1312 886 777 799 932 378 417 1693 1406 371 379 566 535 1157 523 379 340 1453 458 1172 1244 1044 853 1622 874 1358 1495 1182 918 1536 754 1382 1308 1359 387 901 808 517 450 0 1595 1394 235 785 358 1352 1686 786 737 1260 908 1413 660 1106 778 219 1633 802 501 390 779 489 361 1708 737 1244
1587 1485 1696 1573 1694 1650 771 1613 987 1712 535 1066 1066 840 1220 1702 1618 565 885 1386 1702 1421 1259 763 1578 1702 1664 676 1652 874 985 746 1247 405 1163 581 718 923 1206 176 1043 605 531 1058 1588 1188 1662 1500 1644 1595 0 617 1424 1073 1374 926 325 1641 1225 959 1140 874 1514 839 1067 1458 417 1171 1556 1713 1067 1543 1685 491 1591 985
1384 1285 1495 1370 1493 1449 438 1409 657 1511 201 862 865 639 1019 1501 1415 715 552 1185 1502 1218 1058 562 1375 1502 1463 84 1451 673 785 545 1044 644 962 248 244 722 1005 558 842 39 186 729 1384 985 1459 1300 1443 1394 617 0 1223 872 1173 592 708 1438 1022 629 937 540 1311 638 866 1257 656 968 1353 1512 866 1340 1484 730 1388 784
697 381 336 482 334 290 1139 375 1208 352 1140 849 606 628 760 342 381 1522 1235 199 343 530 364 985 487 343 304 1282 337 1000 1207 873 817 1450 703 1187 1323 1145 746 1365 583 1211 1136 1280 350 864 771 396 329 235 1424 1223 0 614 187 1181 1514 750 701 1181 871 1242 624 1061 607 98 1462 766 465 353 607 452 325 1536 700 1207
1247 675 886 1032 883 840 789 925 858 902 790 937 148 277 219 892 931 1171 884 576 892 1080 448 635 1037 892 854 931 842 650 857 522 1118 1100 137 836 973 795 180 1014 125 860 786 930 900 1060 1321 690 834 785 1073 872 614 0 563 830 1164 1300 1097 830 1011 891 1174 710 98 648 1111 1042 1015 903 149 1002 875 1186 1250 856
820 504 459 605 457 413 1089 498 1158 475 1090 973 556 578 710 465 504 1472 1185 40 466 653 314 935 610 466 427 1231 460 950 1157 822 940 1400 653 1137 1273 1095 696 1314 533 1160 1086 1230 473 987 895 519 452 358 1374 1173 187 563 0 1131 1464 873 824 1130 995 1191 747 1011 557 221 1412 889 588 476 557 576 448 1486 823 1157
1107 1242 1373 1093 1370 1326 247 1132 380 1389 415 585 823 597 977 1378 1138 1024 122 1143 1379 941 1016 301 1098 1379 1340 611 1409 631 605 503 767 952 920 403 541 543 963 866 800 580 465 452 1107 708 1182 1257 1401 1352 926 592 1181 830 1131 0 1016 1161 745 352 660 162 1034 449 824 1215 964 691 1076 1390 824 1063 1362 1038 1111 605
1678 1576 1787 1664 1784 1740 862 1703 1077 1803 625 1156 1156 931 1310 1792 1709 656 975 1476 1793 1511 1349 854 1669 1793 1754 767 1742 964 1076 837 1337 495 1253 672 808 1014 1296 184 1133 696 621 1149 1678 1279 1753 1591 1734 1686 325 708 1514 1164 1464 1016 0 1731 1316 1049 1231 964 1605 929 1157 1548 507 1261 1647 1804 1157 1634 1776 582 1681 1075
72 1016 722 442 719 675 1119 481 1011 738 1260 609 1292 1279 1446 727 487 1463 1215 886 728 244 1050 1065 447 728 689 1456 972 1313 967 1185 576 1667 1389 1248 1386 905 1433 1582 1269 1425 1310 1082 456 623 51 1032 965 786 1641 1438 750 1300 873 1161 1731 0 460 983 631 1221 242 829 1293 734 1679 525 425 739 1293 412 710 1753 156 967
407 967 673 393 670 626 704 432 595 689 845 193 1089 864 1243 678 438 1123 799 837 679 240 1001 650 398 679 640 1041 923 897 552 770 180 1252 1186 833 971 490 1229 1166 1066 1010 895 667 407 227 482 982 916 737 1225 1022 701 1097 824 745 1316 460 0 567 215 806 334 414 1090 685 1264 110 376 690 1090 363 661 1338 410 551
929 1242 1195 915 1192 1148 311 955 98 1211 452 408 822 597 977 1201 960 1057 406 1143 1201 763 1015 301 920 1201 1163 648 1409 631 446 503 589 985 919 440 578 383 963 900 799 617 502 129 929 530 1004 1257 1401 1260 959 629 1181 830 1130 352 1049 983 567 0 482 413 856 272 823 1207 997 513 898 1212 824 885 1184 1071 933 445
577 1138 843 563 840 797 619 603 510 859 760 108 1004 778 1158 849 608 1238 714 1007 849 411 1171 564 568 849 811 955 1094 812 467 685 144 1166 1101 747 885 404 1144 1081 981 925 810 582 578 86 652 1153 1086 908 1140 937 871 1011 995 660 1231 631 215 482 0 721 504 328 1005 855 1178 161 546 860 1005 534 832 1253 581 466
1168 1303 1434 1154 1431 1387 141 1193 441 1450 363 646 883 658 1038 1439 1199 972 68 1204 1440 1001 1076 362 1159 1440 1401 559 1470 692 666 564 827 900 980 351 489 604 1024 815 860 528 413 513 1168 769 1243 1318 1462 1413 874 540 1242 891 1191 162 964 1221 806 413 721 0 1095 510 884 1276 912 751 1137 1451 884 1124 1422 986 1172 665
197 890 595 316 593 549 993 355 884 611 1134 482 1166 1153 1320 601 360 1337 1088 759 602 118 924 939 320 602 563 1330 846 1186 841 1059 450 1541 1263 1122 1260 779 1306 1455 1143 1299 1184 956 330 497 229 905 838 660 1514 1311 624 1174 747 1034 1605 242 334 856 504 1095 0 703 1167 607 1553 399 298 612 1167 286 584 1627 113 840
776 1122 1041 761 1039 995 408 801 299 1057 549 254 703 477 857 1047 806 937 504 1023 1047 609 896 263 766 1047 1009 697 1289 511 292 383 435 865 800 537 675 229 843 780 680 626 551 371 776 377 850 1137 1281 1106 839 638 1061 710 1011 449 929 829 414 272 328 510 703 0 704 1053 877 359 744 1058 704 732 1030 952 779 291
1240 669 879 1025 877 833 782 918 851 895 783 930 141 271 239 885 924 1165 878 569 886 1073 442 628 1030 886 847 924 835 643 850 515 1112 1093 157 830 966 788 200 1007 118 853 779 923 893 1053 1314 684 827 778 1067 866 607 98 557 824 1157 1293 1090 823 1005 884 1167 704 0 641 1105 1035 1008 896 142 995 868 1179 1243 849
680 304 320 466 317 273 1174 359 1235 336 1174 833 640 662 794 326 364 1556 1269 233 326 514 398 1019 471 326 288 1316 260 1034 1192 907 800 1484 737 1221 1357 1129 780 1399 617 1245 1170 1306 334 848 755 319 252 219 1458 1257 98 648 221 1215 1548 734 685 1207 855 1276 607 1053 641 0 1496 750 449 337 641 436 309 1571 684 1191
1626 1524 1734 1611 1732 1688 810 1651 1025 1750 573 1104 1104 878 1258 1740 1656 603 923 1424 1741 1459 1297 801 1616 1741 1702 714 1690 912 1024 785 1285 263 1201 619 756 961 1244 358 1081 643 569 1096 1626 1227 1700 1539 1682 1633 417 656 1462 1111 1412 964 507 1679 1264 997 1178 912 1553 877 1105 1496 0 1209 1594 1751 1105 1582 1723 144 1629 1023
472 1033 738 458 735 691 649 497 541 754 790 139 1034 809 1189 743 503 1188 745 902 744 305 1066 595 463 744 705 986 988 843 497 715 245 1197 1131 778 916 435 1175 1112 1011 955 840 612 472 209 547 1048 981 802 1171 968 766 1042 889 691 1261 525 110 513 161 751 399 359 1035 750 1209 0 441 755 1036 428 726 1283 476 497
371 731 436 84 434 390 1034 196 926 452 1175 524 1007 1029 1161 442 202 1379 1130 600 443 205 765 980 88 443 404 1371 687 1228 883 1101 491 1582 1104 1163 1301 820 1147 1497 984 1340 1226 997 171 539 446 746 679 501 1556 1353 465 1015 588 1076 1647 425 376 898 546 1137 298 744 1008 449 1594 441 0 453 1008 54 425 1669 375 882
685 620 226 471 224 115 1348 364 1240 52 1430 838 895 917 1049 232 369 1692 1444 489 233 519 653 1275 476 26 194 1571 576 1290 1196 1162 805 1739 992 1476 1613 1134 1036 1654 872 1500 1426 1311 339 853 760 635 568 390 1713 1512 353 903 476 1390 1804 739 690 1212 860 1451 612 1058 896 337 1751 755 453 0 896 441 83 1826 689 1196
1240 669 880 1025 877 833 782 918 851 896 783 930 30 271 295 885 924 1165 878 569 886 1073 442 628 1030 886 847 925 835 643 850 515 1112 1093 238 830 966 788 281 1008 56 853 779 923 893 1053 1315 684 827 779 1067 866 607 149 557 824 1157 1293 1090 824 1005 884 1167 704 142 641 1105 1036 1008 896 0 996 868 1179 1243 850
359 719 424 71 421 377 1022 184 913 440 1163 512 995 1016 1149 430 189 1366 1117 588 430 192 752 968 76 430 392 1359 675 1216 870 1088 479 1570 1092 1151 1289 808 1135 1484 972 1328 1213 985 158 526 433 734 667 489 1543 1340 452 1002 576 1063 1634 412 363 885 534 1124 286 732 995 436 1582 428 54 441 996 0 413 1656 362 869
657 592 198 443 196 87 1320 336 1212 82 1401 810 867 889 1021 204 341 1664 1416 461 205 490 625 1246 447 72 166 1543 547 1261 1168 1134 777 1711 964 1448 1585 1106 1008 1626 844 1472 1397 1283 311 825 732 607 540 361 1685 1484 325 875 448 1362 1776 710 661 1184 832 1422 584 1030 868 309 1723 726 425 83 868 413 0 1798 661 1168
1700 1598 1809 1686 1806 1762 884 1725 1099 1825 647 1178 1178 953 1332 1815 1731 678 998 1499 1815 1534 1371 876 1691 1815 1777 789 1764 987 1098 859 1360 338 1275 694 831 1036 1319 432 1155 718 643 1171 1700 1301 1775 1613 1757 1708 491 730 1536 1186 1486 1038 582 1753 1338 1071 1253 986 1627 952 1179 1571 144 1283 1669 1826 1179 1656 1798 0 1704 1098
199 967 672 392 669 625 1069 431 961 688 1210 559 1242 1229 1396 677 437 1413 1165 836 678 195 1000 1015 397 678 639 1406 923 1263 917 1135 526 1617 1339 1198 1336 855 1383 1532 1219 1375 1261 1032 406 574 143 982 915 737 1591 1388 700 1250 823 1111 1681 156 410 933 581 1172 113 779 1243 684 1629 476 375 689 1243 362 661 1704 0 917
913 1268 1179 899 1176 1132 563 939 473 1195 701 391 849 623 1003 1185 944 1083 659 1169 1185 747 1042 409 904 1185 1147 843 1430 657 38 529 573 1011 946 692 830 97 989 926 826 772 697 544 913 514 988 1283 1422 1244 985 784 1207 856 1157 605 1075 967 551 445 466 665 840 291 849 1191 1023 497 882 1196 850 869 1168 1098 917 0
EOF