NAME : tsp_problem
TYPE : TSP
DIMENSION : 76
EDGE_WEIGHT_TYPE : EXPLICIT
EDGE_WEIGHT_FORMAT : FULL_MATRIX
EDGE_WEIGHT_SECTION
0 1174 292 397 1465 744 1222 686 182 446 325 638 477 1100 1498 426 1141 1329 1236 1112 842 1157 1575 374 1540 251 572 1383 1243 1029 1676 366 1359 1057 220 756 1534 657 1136 454 381 781 1099 1030 335 357 319 509 793 1219 1055 1405 611 476 384 1171 357 1004 1126 190 1164 683 1206 1123 578 1543 925 814 709 884 409 1013 123 1232 765 381
1167 0 1084 909 1020 458 480 852 1225 1283 1368 804 843 518 1053 1263 399 883 735 529 422 575 1130 1166 1094 1266 808 938 797 182 1231 1158 914 197 1021 992 1089 893 554 1126 1173 946 270 185 1006 1148 1362 875 959 774 706 959 600 842 1055 129 1149 655 121 1154 123 919 464 294 744 1098 370 980 945 534 1246 188 1165 787 481 1339
292 1091 0 268 1682 962 1181 557 304 568 447 510 349 1237 1715 548 1100 1546 1453 1248 713 1294 1792 101 1757 373 789 1600 1460 1006 1893 93 1576 929 437 973 1751 874 1273 645 154 652 971 1008 552 130 441 381 664 1436 1272 1622 828 347 584 1088 85 1221 1043 407 1081 900 1165 995 450 1760 1142 686 926 1101 531 1012 245 1449 637 418
397 916 268 0 1664 1066 1006 382 409 673 552 335 174 1062 1697 652 925 1485 1279 1073 538 1119 1774 350 1739 478 893 1582 1399 831 1875 342 1558 754 541 1077 1733 978 1098 750 357 477 796 833 656 332 546 206 490 1375 1350 1603 933 172 689 913 333 1299 868 512 906 1004 990 820 275 1742 1014 511 1030 1178 635 837 349 1388 462 523
1465 1027 1682 1664 0 755 1075 1606 1572 1581 1670 1559 1598 919 78 1560 994 798 705 931 1176 976 425 1764 389 1563 1106 412 711 882 526 1755 388 956 1319 1290 384 1191 721 1423 1771 1701 989 883 1304 1746 1664 1630 1713 688 1004 85 898 1597 1353 1023 1747 952 979 1451 1017 1217 1059 1006 1499 392 777 1735 1243 832 1543 865 1513 701 1236 1771
744 465 962 1066 755 0 513 1044 852 861 950 997 1036 391 788 840 431 619 526 402 614 447 866 1044 830 843 386 673 533 320 966 1035 649 394 599 569 824 470 427 703 1051 1139 427 321 584 1026 944 1068 1151 509 346 695 178 1035 632 461 1027 294 416 731 455 497 497 444 937 833 215 1173 522 174 823 303 792 522 673 1050
1222 487 1181 1006 1075 513 0 949 1322 1338 1428 901 940 347 1108 1318 116 770 564 358 519 403 1185 1263 1150 1321 863 993 683 402 1286 1255 969 325 1076 1047 1144 948 383 1181 1270 1044 246 405 1061 1245 1422 973 1056 660 761 1014 655 939 1110 484 1246 710 439 1209 477 974 153 222 841 1153 425 1077 1000 589 1301 408 1262 673 578 1436
686 859 557 382 1606 1044 949 0 698 962 841 145 317 1004 1639 942 868 1427 1222 1016 481 1061 1717 639 1681 767 1183 1524 1341 774 1818 631 1500 697 831 1366 1676 1267 1041 1039 646 217 738 776 945 622 835 349 204 1318 1293 1546 1187 315 978 855 623 1241 811 801 849 1294 933 762 161 1684 957 171 1319 1121 925 780 639 1331 405 812
182 1232 304 409 1572 852 1322 698 0 375 254 650 489 1208 1605 355 1241 1436 1343 1219 854 1264 1683 386 1647 180 679 1490 1350 1137 1784 378 1466 1070 327 863 1641 764 1244 453 393 793 1111 1138 442 369 248 522 805 1326 1163 1512 719 488 392 1228 370 1111 1184 298 1222 790 1306 1136 591 1650 1032 826 816 991 338 1120 94 1339 778 393
446 1290 568 673 1581 861 1338 962 375 0 334 914 753 1216 1614 114 1257 1445 1352 1228 1118 1273 1691 650 1656 227 688 1499 1359 1145 1792 642 1475 1220 466 872 1650 773 1252 322 657 1057 1252 1146 346 633 328 786 1069 1335 1171 1521 727 752 261 1287 634 1120 1242 562 1280 799 1322 1270 854 1659 1041 1090 825 1000 116 1129 358 1348 1042 657
325 1375 447 552 1670 950 1428 841 254 334 0 793 632 1306 1703 314 1347 1534 1441 1317 997 1362 1781 529 1745 139 777 1588 1448 1235 1882 521 1564 1213 470 961 1739 862 1342 411 536 936 1254 1236 435 512 93 665 948 1424 1261 1610 817 631 350 1371 513 1209 1327 441 1365 888 1412 1278 733 1748 1130 969 914 1089 297 1218 237 1437 921 536
638 811 510 335 1559 997 901 145 650 914 793 0 269 957 1592 894 820 1380 1174 968 433 1014 1669 592 1634 719 1135 1477 1294 726 1770 583 1453 649 783 1319 1628 1220 993 992 599 180 691 728 898 574 787 301 193 1270 1245 1498 1139 268 931 808 575 1194 763 753 801 1246 885 715 114 1637 909 273 1272 1073 877 732 591 1283 357 764
477 850 349 174 1598 1036 940 317 489 753 632 269 0 996 1631 733 859 1419 1213 1008 473 1053 1709 431 1673 558 974 1516 1333 765 1809 422 1492 688 622 1158 1667 1059 1032 830 438 412 730 768 737 413 626 67 424 1310 1284 1538 1013 38 770 847 414 1233 802 592 840 1085 924 754 209 1676 949 445 1111 1112 716 771 430 1322 396 603
1100 525 1237 1062 919 391 347 1004 1208 1216 1306 957 996 0 952 1196 265 610 405 78 575 105 1030 1319 994 1199 741 837 524 380 1131 1310 813 381 954 925 989 826 224 1059 1326 1099 302 381 939 1301 1300 1028 1112 501 639 859 533 995 988 522 1302 588 477 1087 515 852 331 278 897 998 303 1133 878 467 1179 363 1148 514 634 1406
1498 1060 1715 1697 78 788 1108 1639 1605 1614 1703 1592 1631 952 0 1593 1027 831 738 964 1209 1009 458 1797 422 1596 1139 445 744 915 559 1788 421 989 1352 1323 417 1224 754 1456 1804 1734 1022 916 1337 1779 1697 1663 1746 721 1037 118 931 1630 1386 1056 1780 985 1012 1484 1050 1250 1092 1039 1532 425 810 1768 1276 865 1576 898 1546 734 1269 1804
426 1270 548 652 1560 840 1318 942 355 114 314 894 733 1196 1593 0 1237 1424 1332 1207 1097 1253 1671 630 1635 207 668 1479 1338 1125 1772 622 1454 1199 445 851 1630 752 1232 302 637 1036 1232 1126 326 612 308 765 1049 1315 1151 1500 707 732 241 1266 613 1100 1222 541 1260 779 1302 1249 834 1639 1020 1070 804 979 96 1108 337 1328 1021 637
1141 406 1100 925 994 431 116 868 1241 1257 1347 820 859 265 1027 1237 0 688 483 277 438 322 1104 1182 1068 1240 782 912 602 321 1205 1174 887 244 995 966 1063 867 302 1100 1189 962 165 323 980 1164 1341 892 975 579 680 933 574 858 1029 403 1165 628 358 1128 396 893 84 141 760 1072 344 996 919 508 1220 327 1181 592 497 1355
1329 891 1546 1485 798 619 770 1427 1436 1445 1534 1380 1419 610 831 1424 688 0 396 622 998 667 908 1628 872 1427 970 716 117 746 1009 1619 691 804 1183 1154 867 1054 412 1287 1635 1522 725 747 1168 1610 1528 1451 1535 135 867 737 762 1418 1217 887 1611 816 842 1315 881 1081 754 701 1320 876 641 1556 1106 696 1407 729 1377 123 1057 1635
1236 742 1453 1279 705 526 564 1222 1343 1352 1441 1174 1213 405 738 1332 483 396 0 416 792 462 815 1535 780 1335 877 623 310 597 916 1527 599 598 1090 1061 774 962 206 1195 1542 1317 519 598 1075 1517 1435 1246 1329 286 775 645 669 1212 1124 739 1518 723 694 1222 732 988 548 495 1114 783 521 1350 1014 603 1315 581 1284 299 851 1542
1112 536 1248 1073 931 402 358 1016 1219 1228 1317 968 1008 78 964 1207 277 622 416 0 586 134 1041 1330 1006 1210 753 849 536 391 1142 1322 825 392 966 937 1000 837 235 1070 1337 1111 314 392 951 1313 1311 1040 1123 512 650 871 545 1006 1000 533 1314 599 488 1098 526 864 342 290 908 1009 315 1144 889 479 1190 375 1160 525 645 1418
842 429 713 538 1176 614 519 481 854 1118 997 433 473 575 1209 1097 438 998 792 586 0 631 1287 795 1251 923 965 1094 911 344 1388 787 1070 267 986 1149 1246 1050 611 1195 802 576 308 346 1101 777 991 505 588 888 863 1116 757 471 1134 425 778 811 381 957 419 1076 503 333 373 1255 527 609 1102 691 1080 350 794 901 110 968
1157 582 1294 1119 976 447 403 1061 1264 1273 1362 1014 1053 105 1009 1253 322 667 462 134 631 0 1087 1376 1051 1256 798 894 581 437 1187 1367 870 438 1011 982 1045 883 280 1116 1383 1156 359 438 996 1358 1356 1085 1168 558 696 916 590 1052 1045 578 1359 644 534 1143 572 909 387 335 954 1054 360 1190 935 524 1236 420 1205 570 690 1463
1575 1137 1792 1774 425 866 1185 1717 1683 1691 1781 1669 1709 1030 458 1671 1104 908 815 1041 1287 1087 0 1874 294 1674 1216 523 822 992 302 1866 498 1066 1429 1400 61 1301 831 1534 1881 1812 1099 993 1414 1857 1775 1741 1824 798 1114 365 1008 1707 1463 1134 1858 1063 1089 1562 1127 1327 1169 1117 1609 298 888 1845 1353 942 1654 976 1623 811 1346 1881
374 1173 101 350 1764 1044 1263 639 386 650 529 592 431 1319 1797 630 1182 1628 1535 1330 795 1376 1874 0 1839 455 871 1682 1542 1088 1975 81 1658 1011 519 1055 1833 956 1355 727 236 734 1053 1090 634 212 523 463 746 1518 1354 1704 910 429 667 1170 73 1303 1125 489 1163 982 1247 1077 532 1842 1224 768 1008 1183 613 1094 327 1531 719 500
1540 1102 1757 1739 389 830 1150 1681 1647 1656 1745 1634 1673 994 422 1635 1068 872 780 1006 1251 1051 294 1839 0 1638 1181 487 786 957 395 1830 463 1031 1394 1365 253 1265 795 1498 1846 1776 1064 958 1379 1821 1739 1705 1788 763 1078 329 973 1672 1428 1098 1822 1027 1053 1526 1092 1292 1134 1081 1574 69 852 1810 1317 907 1618 940 1588 776 1310 1846
251 1273 373 478 1563 843 1321 767 180 227 139 719 558 1199 1596 207 1240 1427 1335 1210 923 1256 1674 455 1638 0 671 1482 1341 1128 1775 447 1457 1138 396 854 1633 755 1235 305 462 862 1180 1129 329 437 133 590 874 1318 1154 1503 710 557 244 1270 438 1103 1225 366 1263 782 1305 1204 659 1642 1023 895 807 982 190 1111 163 1331 846 462
572 815 789 893 1106 386 863 1183 679 688 777 1135 974 741 1139 668 782 970 877 753 965 798 1216 871 1181 671 0 1024 884 670 1317 863 1000 745 426 289 1175 190 777 531 878 1277 777 671 411 853 771 1006 1290 860 697 1046 252 973 460 812 854 645 767 558 805 216 847 795 1075 1184 566 1311 242 525 651 654 620 873 1024 878
1383 945 1600 1582 412 673 993 1524 1490 1499 1588 1477 1516 837 445 1479 912 716 623 849 1094 894 523 1682 487 1482 1024 0 630 800 623 1674 162 874 1237 1208 481 1109 639 1342 1689 1619 907 801 1222 1664 1582 1548 1632 606 922 352 816 1515 1271 941 1665 870 897 1369 935 1135 977 924 1417 490 695 1653 1161 750 1462 783 1431 619 1154 1689
1243 805 1460 1399 711 533 683 1341 1350 1359 1448 1294 1333 524 744 1338 602 117 310 536 911 581 822 1542 786 1341 884 630 0 660 923 1533 605 718 1097 1067 781 968 326 1201 1549 1436 639 660 1082 1524 1442 1365 1449 49 781 651 676 1332 1131 801 1525 730 756 1229 795 995 667 615 1234 790 555 1470 1020 609 1321 643 1291 37 971 1548
1029 190 1006 831 882 320 402 774 1137 1145 1235 726 765 380 915 1125 321 746 597 391 344 437 992 1088 957 1128 670 800 660 0 1093 1080 776 119 883 854 951 755 416 988 1095 869 192 86 868 1070 1229 798 881 636 568 822 462 764 917 186 1071 517 141 1016 180 781 386 216 666 960 232 902 807 396 1108 89 1077 649 403 1261
1676 1238 1893 1875 526 966 1286 1818 1784 1792 1882 1770 1809 1131 559 1772 1205 1009 916 1142 1388 1187 302 1975 395 1775 1317 623 923 1093 0 1967 599 1167 1530 1501 261 1402 932 1635 1982 1912 1200 1094 1515 1958 1876 1842 1925 899 1215 465 1109 1808 1564 1235 1959 1164 1190 1663 1228 1428 1270 1218 1710 398 988 1946 1454 1043 1755 1077 1724 912 1447 1982
366 1165 93 342 1755 1035 1255 631 378 642 521 583 422 1310 1788 622 1174 1619 1527 1322 787 1367 1866 81 1830 447 863 1674 1533 1080 1967 0 1649 1003 511 1046 1825 947 1347 719 228 726 1044 1082 625 203 515 454 738 1510 1346 1695 902 421 658 1161 64 1295 1117 481 1155 974 1239 1068 523 1834 1215 759 999 1174 605 1086 319 1523 710 492
1359 921 1576 1558 388 649 969 1500 1466 1475 1564 1453 1492 813 421 1454 887 691 599 825 1070 870 498 1658 463 1457 1000 162 605 776 599 1649 0 850 1213 1184 457 1084 614 1317 1665 1595 883 777 1198 1640 1558 1524 1607 582 898 328 792 1491 1247 917 1641 846 873 1345 911 1111 953 900 1393 466 671 1629 1137 726 1437 759 1407 595 1129 1665
1057 204 929 754 956 394 325 697 1070 1220 1213 649 688 381 989 1199 244 804 598 392 267 438 1066 1011 1031 1138 745 874 718 119 1167 1003 850 0 958 928 1025 829 417 1062 1018 791 115 121 943 993 1207 721 804 694 642 896 537 687 991 200 994 591 156 1090 194 856 309 139 589 1034 307 825 881 470 1182 125 1010 707 326 1184
220 1028 437 541 1319 599 1076 831 327 466 470 783 622 954 1352 445 995 1183 1090 966 986 1011 1429 519 1394 396 426 1237 1097 883 1530 511 1213 958 0 610 1388 511 990 308 526 925 990 884 189 501 464 654 938 1073 910 1259 465 621 238 1025 502 858 980 206 1018 537 1060 1008 723 1397 779 959 563 738 428 867 268 1086 910 526
756 999 973 1077 1290 569 1047 1366 863 872 961 1319 1158 925 1323 851 966 1154 1061 937 1149 982 1400 1055 1365 854 289 1208 1067 854 1501 1046 1184 928 610 0 1359 128 961 714 1062 1461 961 855 595 1037 955 1190 1474 1044 880 1229 436 1156 644 996 1038 829 951 742 989 142 1031 979 1259 1368 750 1495 258 709 834 838 804 1057 1208 1062
1534 1096 1751 1733 384 824 1144 1676 1641 1650 1739 1628 1667 989 417 1630 1063 867 774 1000 1246 1045 61 1833 253 1633 1175 481 781 951 261 1825 457 1025 1388 1359 0 1260 790 1493 1840 1770 1058 952 1373 1815 1733 1699 1783 757 1073 323 967 1666 1422 1093 1816 1021 1048 1520 1086 1286 1128 1075 1568 256 846 1804 1312 901 1613 934 1582 770 1305 1840
657 900 874 978 1191 470 948 1267 764 773 862 1220 1059 826 1224 752 867 1054 962 837 1050 883 1301 956 1265 755 190 1109 968 755 1402 947 1084 829 511 128 1260 0 862 615 963 1362 862 756 496 938 856 1091 1374 945 781 1130 337 1057 545 897 939 730 852 643 890 68 932 880 1160 1269 650 1396 159 609 735 739 705 958 1109 962
1136 561 1273 1098 721 427 383 1041 1244 1252 1342 993 1032 224 754 1232 302 412 206 235 611 280 831 1355 795 1235 777 639 326 416 932 1347 614 417 990 961 790 862 0 1095 1362 1135 338 417 976 1337 1336 1065 1148 302 675 660 569 1031 1024 558 1338 624 513 1123 551 889 367 314 933 799 340 1169 914 503 1215 400 1184 315 670 1442
454 1133 645 750 1423 703 1181 1039 453 322 411 992 830 1059 1456 302 1100 1287 1195 1070 1195 1116 1534 727 1498 305 531 1342 1201 988 1635 719 1317 1062 308 714 1493 615 1095 0 734 1134 1095 989 189 710 405 863 1146 1178 1014 1363 570 829 104 1129 711 963 1085 441 1123 642 1165 1112 932 1502 883 1167 667 842 285 971 435 1191 1119 734
381 1180 154 357 1771 1051 1270 646 393 657 536 599 438 1326 1804 637 1189 1635 1542 1337 802 1383 1881 236 1846 462 878 1689 1549 1095 1982 228 1665 1018 526 1062 1840 963 1362 734 0 741 1060 1097 641 86 530 470 754 1525 1362 1711 917 436 674 1177 220 1310 1132 496 1170 989 1254 1084 539 1849 1231 775 1015 1190 620 1101 334 1538 726 507
781 954 652 477 1701 1139 1044 217 793 1057 936 180 412 1099 1734 1036 962 1522 1317 1111 576 1156 1812 734 1776 862 1277 1619 1436 869 1912 726 1595 791 925 1461 1770 1362 1135 1134 741 0 833 871 1040 717 930 444 46 1413 1387 1641 1282 410 1073 950 717 1336 905 896 944 1388 1028 857 256 1779 1052 158 1414 1216 1019 874 733 1426 499 907
1099 277 971 796 989 427 246 738 1111 1252 1254 691 730 302 1022 1232 165 725 519 314 308 359 1099 1053 1064 1180 777 907 639 192 1200 1044 883 115 990 961 1058 862 338 1095 1060 833 0 194 976 1035 1248 762 845 615 675 929 569 729 1024 273 1036 624 229 1123 267 888 230 60 631 1067 339 867 914 503 1215 198 1052 628 367 1225
1030 192 1008 833 883 321 405 776 1138 1146 1236 728 768 381 916 1126 323 747 598 392 346 438 993 1090 958 1129 671 801 660 86 1094 1082 777 121 884 855 952 756 417 989 1097 871 194 0 869 1073 1230 800 883 637 569 822 463 766 918 188 1074 518 144 1017 182 782 389 218 668 961 233 904 808 397 1109 92 1078 650 405 1263
335 1013 552 656 1304 584 1061 945 442 346 435 898 737 939 1337 326 980 1168 1075 951 1101 996 1414 634 1379 329 411 1222 1082 868 1515 625 1198 943 189 595 1373 496 976 189 641 1040 976 869 0 616 429 769 1053 1058 895 1244 450 735 118 1010 617 843 965 321 1003 522 1045 993 838 1382 764 1074 548 723 309 852 383 1071 1025 641
357 1155 130 332 1746 1026 1245 622 369 633 512 574 413 1301 1779 612 1164 1610 1517 1313 777 1358 1857 212 1821 437 853 1664 1524 1070 1958 203 1640 993 501 1037 1815 938 1337 710 86 717 1035 1073 616 0 506 445 729 1500 1337 1686 893 412 649 1152 195 1285 1107 472 1145 964 1229 1059 514 1824 1206 750 990 1165 595 1076 309 1513 701 483
319 1369 441 546 1664 944 1422 835 248 328 93 787 626 1300 1697 308 1341 1528 1435 1311 991 1356 1775 523 1739 133 771 1582 1442 1229 1876 515 1558 1207 464 955 1733 856 1336 405 530 930 1248 1230 429 506 0 659 942 1418 1255 1604 811 625 344 1365 507 1203 1321 435 1359 882 1406 1272 727 1742 1124 963 908 1083 291 1212 231 1431 915 530
509 883 381 206 1630 1068 973 349 522 786 665 301 67 1028 1663 765 892 1451 1246 1040 505 1085 1741 463 1705 590 1006 1548 1365 798 1842 454 1524 721 654 1190 1699 1091 1065 863 470 444 762 800 769 445 659 0 456 1342 1317 1570 1045 70 802 879 446 1265 834 625 873 1117 957 786 241 1708 981 477 1143 1145 748 804 462 1355 428 635
793 966 664 490 1713 1151 1056 204 805 1069 948 193 424 1112 1746 1049 975 1535 1329 1123 588 1168 1824 746 1788 874 1290 1632 1449 881 1925 738 1607 804 938 1474 1783 1374 1148 1146 754 46 845 883 1053 729 942 456 0 1425 1400 1653 1294 423 1085 962 730 1348 918 908 956 1401 1040 870 269 1792 1064 145 1426 1228 1032 887 746 1438 512 919
1219 781 1436 1375 688 509 660 1318 1326 1335 1424 1270 1310 501 721 1315 579 135 286 512 888 558 798 1518 763 1318 860 606 49 636 899 1510 582 694 1073 1044 757 945 302 1178 1525 1413 615 637 1058 1500 1418 1342 1425 0 758 628 652 1308 1107 778 1501 706 733 1205 771 971 644 592 1210 766 531 1446 997 586 1298 619 1267 53 947 1525
1055 713 1272 1350 1004 346 761 1293 1163 1171 1261 1245 1284 639 1037 1151 680 867 775 650 863 696 1114 1354 1078 1154 697 922 781 568 1215 1346 898 642 910 880 1073 781 675 1014 1362 1387 675 569 895 1337 1255 1317 1400 758 0 943 489 1283 943 710 1338 88 665 1042 703 808 745 693 1185 1082 463 1421 833 230 1134 552 1103 771 922 1361
1405 966 1622 1603 85 695 1014 1546 1512 1521 1610 1498 1538 859 118 1500 933 737 645 871 1116 916 365 1704 329 1503 1046 352 651 822 465 1695 328 896 1259 1229 323 1130 660 1363 1711 1641 929 822 1244 1686 1604 1570 1653 628 943 0 838 1536 1293 963 1687 892 918 1391 957 1157 998 946 1439 332 717 1674 1182 771 1483 805 1453 641 1175 1710
611 607 828 933 898 178 655 1187 719 727 817 1139 1013 533 931 707 574 762 669 545 757 590 1008 910 973 710 252 816 676 462 1109 902 792 537 465 436 967 337 569 570 917 1282 569 463 450 893 811 1045 1294 652 489 838 0 1012 499 604 894 437 559 598 597 363 639 587 1079 976 358 1315 389 317 690 446 659 665 816 917
476 849 347 172 1597 1035 939 315 488 752 631 268 38 995 1630 732 858 1418 1212 1006 471 1052 1707 429 1672 557 973 1515 1332 764 1808 421 1491 687 621 1156 1666 1057 1031 829 436 410 729 766 735 412 625 70 423 1308 1283 1536 1012 0 768 846 413 1232 801 591 839 1084 923 753 208 1675 947 444 1109 1111 715 770 429 1321 395 602
384 1062 584 689 1353 632 1110 978 392 261 350 931 770 988 1386 241 1029 1217 1124 1000 1134 1045 1463 667 1428 244 460 1271 1131 917 1564 658 1247 991 238 644 1422 545 1024 104 674 1073 1024 918 118 649 344 802 1085 1107 943 1293 499 768 0 1059 650 892 1014 370 1052 571 1094 1042 871 1431 813 1107 597 772 224 901 374 1120 1058 673
1171 241 1088 913 1023 461 484 855 1228 1287 1371 808 847 522 1056 1266 403 887 739 533 425 578 1134 1170 1098 1270 812 941 801 186 1235 1161 917 200 1025 996 1093 897 558 1129 1177 950 273 188 1010 1152 1365 879 962 778 710 963 604 846 1059 0 1153 658 84 1157 17 923 468 298 748 1101 374 984 949 538 1250 192 1169 790 485 1342
357 1156 85 333 1747 1027 1246 623 370 634 513 575 414 1302 1780 613 1165 1611 1518 1314 778 1359 1858 73 1822 438 854 1665 1525 1071 1959 64 1641 994 502 1038 1816 939 1338 711 220 717 1036 1074 617 195 507 446 730 1501 1338 1687 894 413 650 1153 0 1286 1108 473 1146 965 1230 1060 515 1825 1207 751 991 1166 596 1077 310 1514 702 484
1004 662 1221 1299 952 294 710 1241 1111 1120 1209 1194 1233 588 985 1100 628 816 723 599 811 644 1063 1303 1027 1103 645 870 730 517 1164 1295 846 591 858 829 1021 730 624 963 1310 1336 624 518 843 1285 1203 1265 1348 706 88 892 437 1232 892 658 1286 0 614 990 652 756 694 641 1134 1030 412 1370 782 179 1083 500 1052 719 870 1310
1126 197 1043 868 979 416 439 811 1184 1242 1327 763 802 477 1012 1222 358 842 694 488 381 534 1089 1125 1053 1225 767 897 756 141 1190 1117 873 156 980 951 1048 852 513 1085 1132 905 229 144 965 1107 1321 834 918 733 665 918 559 801 1014 84 1108 614 0 1113 78 878 423 253 703 1057 329 939 904 493 1205 147 1124 746 440 1298
190 1161 407 512 1451 731 1209 801 298 562 441 753 592 1087 1484 541 1128 1315 1222 1098 957 1143 1562 489 1526 366 558 1369 1229 1016 1663 481 1345 1090 206 742 1520 643 1123 441 496 896 1123 1017 321 472 435 625 908 1205 1042 1391 598 591 370 1157 473 990 1113 0 1151 669 1193 1140 693 1529 911 929 695 870 524 999 238 1218 881 496
1164 235 1081 906 1017 455 477 849 1222 1280 1365 801 840 515 1050 1260 396 881 732 526 419 572 1127 1163 1092 1263 805 935 795 180 1228 1155 911 194 1018 989 1086 890 551 1123 1170 944 267 182 1003 1145 1359 873 956 771 703 957 597 839 1052 17 1146 652 78 1151 0 916 461 291 741 1095 367 977 942 531 1243 186 1162 784 478 1336
683 926 900 1004 1217 497 974 1294 790 799 888 1246 1085 852 1250 779 893 1081 988 864 1076 909 1327 982 1292 782 216 1135 995 781 1428 974 1111 856 537 142 1286 68 889 642 989 1388 888 782 522 964 882 1117 1401 971 808 1157 363 1084 571 923 965 756 878 669 916 0 958 906 1186 1295 677 1422 185 636 762 765 731 984 1135 989
1206 471 1165 990 1059 497 153 933 1306 1322 1412 885 924 331 1092 1302 84 754 548 342 503 387 1169 1247 1134 1305 847 977 667 386 1270 1239 953 309 1060 1031 1128 932 367 1165 1254 1028 230 389 1045 1229 1406 957 1040 644 745 998 639 923 1094 468 1230 694 423 1193 461 958 0 206 825 1137 409 1061 984 573 1285 392 1246 657 562 1420
1123 301 995 820 1006 444 222 762 1136 1270 1278 715 754 278 1039 1249 141 701 495 290 333 335 1117 1077 1081 1204 795 924 615 216 1218 1068 900 139 1008 979 1075 880 314 1112 1084 857 60 218 993 1059 1272 786 870 592 693 946 587 753 1042 298 1060 641 253 1140 291 906 206 0 655 1084 357 891 932 521 1232 222 1076 604 392 1249
578 751 450 275 1499 937 841 161 591 854 733 114 209 897 1532 834 760 1320 1114 908 373 954 1609 532 1574 659 1075 1417 1234 666 1710 523 1393 589 723 1259 1568 1160 933 932 539 256 631 668 838 514 727 241 269 1210 1185 1439 1079 208 871 748 515 1134 703 693 741 1186 825 655 0 1577 849 290 1212 1013 817 672 531 1223 297 704
1543 1105 1760 1742 392 833 1153 1684 1650 1659 1748 1637 1676 998 425 1639 1072 876 783 1009 1255 1054 298 1842 69 1642 1184 490 790 960 398 1834 466 1034 1397 1368 256 1269 799 1502 1849 1779 1067 961 1382 1824 1742 1708 1792 766 1082 332 976 1675 1431 1101 1825 1030 1057 1529 1095 1295 1137 1084 1577 0 855 1813 1321 910 1622 943 1591 779 1314 1849
925 377 1142 1014 777 215 425 957 1032 1041 1130 909 949 303 810 1020 344 641 521 315 527 360 888 1224 852 1023 566 695 555 232 988 1215 671 307 779 750 846 650 340 883 1231 1052 339 233 764 1206 1124 981 1064 531 463 717 358 947 813 374 1207 412 329 911 367 677 409 357 849 855 0 1085 702 292 1003 216 973 544 586 1231
814 987 686 511 1735 1173 1077 171 826 1090 969 273 445 1133 1768 1070 996 1556 1350 1144 609 1190 1845 768 1810 895 1311 1653 1470 902 1946 759 1629 825 959 1495 1804 1396 1169 1167 775 158 867 904 1074 750 963 477 145 1446 1421 1674 1315 444 1107 984 751 1370 939 929 977 1422 1061 891 290 1813 1085 0 1448 1249 1053 908 767 1459 533 940
709 952 926 1030 1243 522 1000 1319 816 825 914 1272 1111 878 1276 804 919 1106 1014 889 1102 935 1353 1008 1317 807 242 1161 1020 807 1454 999 1137 881 563 258 1312 159 914 667 1015 1414 914 808 548 990 908 1143 1426 997 833 1182 389 1109 597 949 991 782 904 695 942 185 984 932 1212 1321 702 1448 0 661 787 791 757 1010 1161 1014
884 541 1101 1178 832 174 589 1121 991 1000 1089 1073 1112 467 865 979 508 696 603 479 691 524 942 1183 907 982 525 750 609 396 1043 1174 726 470 738 709 901 609 503 842 1190 1216 503 397 723 1165 1083 1145 1228 586 230 771 317 1111 772 538 1166 179 493 870 531 636 573 521 1013 910 292 1249 661 0 962 380 932 599 750 1189
409 1253 531 635 1543 823 1301 925 338 116 297 877 716 1179 1576 96 1220 1407 1315 1190 1080 1236 1654 613 1618 190 651 1462 1321 1108 1755 605 1437 1182 428 834 1613 735 1215 285 620 1019 1215 1109 309 595 291 748 1032 1298 1134 1483 690 715 224 1250 596 1083 1205 524 1243 762 1285 1232 817 1622 1003 1053 787 962 0 1091 321 1311 1004 620
1013 196 1012 837 865 303 408 780 1120 1129 1218 732 771 363 898 1108 327 729 581 375 350 420 976 1094 940 1111 654 783 643 89 1077 1086 759 125 867 838 934 739 400 971 1101 874 198 92 852 1076 1212 804 887 619 552 805 446 770 901 192 1077 500 147 999 186 765 392 222 672 943 216 908 791 380 1091 0 1061 632 409 1267
123 1172 245 349 1513 792 1262 639 94 358 237 591 430 1148 1546 337 1181 1377 1284 1160 794 1205 1623 327 1588 163 620 1431 1291 1077 1724 319 1407 1010 268 804 1582 705 1184 435 334 733 1052 1078 383 309 231 462 746 1267 1103 1453 659 429 374 1169 310 1052 1124 238 1162 731 1246 1076 531 1591 973 767 757 932 321 1061 0 1280 718 334
1232 794 1449 1388 701 522 673 1331 1339 1348 1437 1283 1322 514 734 1328 592 123 299 525 901 570 811 1531 776 1331 873 619 37 649 912 1523 595 707 1086 1057 770 958 315 1191 1538 1426 628 650 1071 1513 1431 1355 1438 53 771 641 665 1321 1120 790 1514 719 746 1218 784 984 657 604 1223 779 544 1459 1010 599 1311 632 1280 0 960 1538
765 488 637 462 1236 673 578 405 778 1042 921 357 396 634 1269 1021 497 1057 851 645 110 690 1346 719 1310 846 1024 1154 971 403 1447 710 1129 326 910 1208 1305 1109 670 1119 726 499 367 405 1025 701 915 428 512 947 922 1175 816 395 1058 485 702 870 440 881 478 1135 562 392 297 1314 586 533 1161 750 1004 409 718 960 0 891
381 1346 418 523 1771 1050 1436 812 393 657 536 764 603 1406 1804 637 1355 1635 1542 1418 968 1463 1881 500 1846 462 878 1689 1548 1261 1982 492 1665 1184 526 1062 1840 962 1442 734 507 907 1225 1263 641 483 530 635 919 1525 1361 1710 917 602 673 1342 484 1310 1298 496 1336 989 1420 1249 704 1849 1231 940 1014 1189 620 1267 334 1538 891 0
EOF