NAME : tsp_problem
TYPE : TSP
DIMENSION : 44
EDGE_WEIGHT_TYPE : EXPLICIT
EDGE_WEIGHT_FORMAT : FULL_MATRIX
EDGE_WEIGHT_SECTION
0 513 475 691 1139 455 395 460 372 367 813 721 894 977 817 507 467 580 549 1060 838 597 408 244 392 411 1003 965 470 405 395 566 480 475 178 325 447 471 1297 1188 650 1349 706 1210
513 0 524 740 1188 124 335 928 598 416 862 770 943 789 629 556 379 129 378 1109 887 145 457 316 860 350 1052 777 382 317 863 1033 529 943 445 439 359 72 1109 1000 462 1398 518 1022
475 524 0 574 1021 467 373 890 733 250 696 603 776 955 795 103 445 592 528 942 721 608 291 606 822 389 885 943 448 383 825 996 76 905 539 687 425 482 1275 1166 628 1231 684 1188
691 740 574 0 652 683 590 1106 950 357 218 126 407 1149 1011 605 661 808 744 573 243 824 327 822 1038 605 516 1137 664 600 1041 1212 578 1121 756 903 642 699 1279 970 844 862 900 1192
1139 1188 1021 652 0 1130 1037 1553 1397 805 774 681 314 901 1155 1053 1108 1255 1191 408 798 1272 774 1270 1486 1052 491 889 1112 1047 1489 1659 1026 1569 1203 1351 1089 1146 1031 721 1202 614 1129 944
455 124 467 683 1130 0 278 870 541 359 805 712 886 731 571 498 321 192 321 1051 830 208 400 258 802 293 995 719 324 260 805 976 471 885 387 382 302 83 1052 942 404 1341 461 965
395 335 373 590 1037 278 0 810 654 266 712 619 792 766 606 405 256 403 339 958 737 419 307 456 742 27 901 754 259 195 745 916 378 825 460 580 237 294 1087 977 439 1247 495 1000
460 928 890 1106 1553 870 810 0 786 782 1228 1136 1309 1392 1232 922 881 995 964 1475 1253 1012 823 659 256 825 1418 1380 885 820 90 429 894 519 593 740 862 886 1712 1603 1065 1764 1121 1625
372 598 733 950 1397 541 654 786 0 626 1072 979 1152 1193 1033 765 725 666 782 1318 1097 682 667 330 719 669 1261 1180 728 664 722 892 738 802 222 329 706 557 1513 1403 865 1607 922 1426
367 416 250 357 805 359 266 782 626 0 479 387 560 847 687 281 337 484 420 726 504 500 74 498 714 281 669 835 340 276 717 888 254 797 432 579 318 375 1168 1058 520 1015 576 1081
813 862 696 218 774 805 712 1228 1072 479 0 213 529 1271 1133 727 783 930 866 695 171 946 449 944 1160 727 638 1259 786 722 1163 1334 700 1243 878 1025 764 821 1402 1092 966 984 1022 1314
721 770 603 126 681 712 619 1136 979 387 213 0 436 1179 1041 635 691 838 773 602 165 854 356 852 1068 634 545 1167 694 629 1071 1241 608 1151 785 933 671 728 1309 999 874 891 930 1222
894 943 776 407 314 886 792 1309 1152 560 529 436 0 917 1170 808 864 1011 946 340 554 1027 529 1025 1241 807 283 904 867 802 1244 1414 781 1324 958 1106 844 901 1047 737 1047 629 1103 960
977 789 955 1149 901 731 766 1392 1193 847 1271 1179 917 0 331 987 564 856 471 650 1296 873 888 910 1324 781 734 32 558 624 1327 1498 960 1407 1039 1033 573 747 397 288 378 771 304 310
817 629 795 1011 1155 571 606 1232 1033 687 1133 1041 1170 331 0 827 404 697 311 904 1158 713 728 750 1164 621 988 318 398 464 1167 1338 800 1247 879 873 413 587 651 541 218 1025 145 564
507 556 103 605 1053 498 405 922 765 281 727 635 808 987 827 0 476 623 559 974 752 640 322 638 854 420 917 975 480 415 857 1027 72 937 571 719 457 514 1307 1198 659 1263 716 1220
467 379 445 661 1108 321 256 881 725 337 783 691 864 564 404 476 0 446 132 1030 808 463 378 500 814 271 973 552 96 118 817 987 449 897 531 623 112 337 885 775 237 1259 293 798
580 129 592 808 1255 192 403 995 666 484 930 838 1011 856 697 623 446 0 446 1177 955 98 525 383 927 418 1120 844 450 385 930 1101 596 1010 513 507 427 136 1177 1067 529 1466 586 1090
549 378 528 744 1191 321 339 964 782 420 866 773 946 471 311 559 132 446 0 1044 891 462 461 499 896 354 1055 459 126 192 899 1070 532 980 614 623 141 336 792 682 144 1166 200 704
1060 1109 942 573 408 1051 958 1475 1318 726 695 602 340 650 904 974 1030 1177 1044 0 720 1193 695 1191 1407 973 157 638 1033 968 1410 1580 947 1490 1124 1272 1010 1067 780 470 951 362 878 693
838 887 721 243 798 830 737 1253 1097 504 171 165 554 1296 1158 752 808 955 891 720 0 971 474 969 1185 752 663 1284 811 747 1188 1359 725 1268 903 1050 789 846 1426 1116 991 1009 1047 1339
597 145 608 824 1272 208 419 1012 682 500 946 854 1027 873 713 640 463 98 462 1193 971 0 541 400 944 434 1136 861 466 401 947 1117 613 1027 529 523 443 152 1193 1084 546 1482 602 1106
408 457 291 327 774 400 307 823 667 74 449 356 529 888 728 322 378 525 461 695 474 541 0 539 755 322 639 876 381 317 758 929 295 838 473 620 359 416 1209 1092 561 985 617 1122
244 316 606 822 1270 258 456 659 330 498 944 852 1025 910 750 638 500 383 499 1191 969 400 539 0 591 471 1134 898 503 438 594 765 611 674 177 171 480 274 1230 1121 583 1480 639 1143
392 860 822 1038 1486 802 742 256 719 714 1160 1068 1241 1324 1164 854 814 927 896 1407 1185 944 755 591 0 757 1350 1312 817 752 191 207 826 451 525 672 794 818 1644 1535 997 1696 1053 1557
411 350 389 605 1052 293 27 825 669 281 727 634 807 781 621 420 271 418 354 973 752 434 322 471 757 0 916 769 274 210 760 931 393 841 475 595 252 309 1102 992 454 1262 510 1015
1003 1052 885 516 491 995 901 1418 1261 669 638 545 283 734 988 917 973 1120 1055 157 663 1136 639 1134 1350 916 0 722 976 911 1353 1524 890 1433 1067 1215 953 1010 864 554 1035 446 961 777
965 777 943 1137 889 719 754 1380 1180 835 1259 1167 904 32 318 975 552 844 459 638 1284 861 876 898 1312 769 722 0 546 611 1315 1485 947 1395 1027 1021 561 735 385 276 366 759 292 298
470 382 448 664 1112 324 259 885 728 340 786 694 867 558 398 480 96 450 126 1033 811 466 381 503 817 274 976 546 0 122 820 991 453 900 534 626 105 340 878 769 231 1252 287 791
405 317 383 600 1047 260 195 820 664 276 722 629 802 624 464 415 118 385 192 968 747 401 317 438 752 210 911 611 122 0 755 926 388 835 470 562 99 276 944 835 296 1257 353 857
395 863 825 1041 1489 805 745 90 722 717 1163 1071 1244 1327 1167 857 817 930 899 1410 1188 947 758 594 191 760 1353 1315 820 755 0 365 829 454 528 675 797 821 1647 1538 1000 1699 1056 1560
566 1033 996 1212 1659 976 916 429 892 888 1334 1241 1414 1498 1338 1027 987 1101 1070 1580 1359 1117 929 765 207 931 1524 1485 991 926 365 0 1000 624 699 846 968 992 1818 1709 1170 1870 1227 1731
480 529 76 578 1026 471 378 894 738 254 700 608 781 960 800 72 449 596 532 947 725 613 295 611 826 393 890 947 453 388 829 1000 0 910 544 692 430 487 1280 1170 632 1236 689 1193
475 943 905 1121 1569 885 825 519 802 797 1243 1151 1324 1407 1247 937 897 1010 980 1490 1268 1027 838 674 451 841 1433 1395 900 835 454 624 910 0 608 755 877 901 1727 1618 1080 1779 1136 1640
178 445 539 756 1203 387 460 593 222 432 878 785 958 1039 879 571 531 513 614 1124 903 529 473 177 525 475 1067 1027 534 470 528 699 544 608 0 258 512 403 1360 1250 712 1413 768 1273
325 439 687 903 1351 382 580 740 329 579 1025 933 1106 1033 873 719 623 507 623 1272 1050 523 620 171 672 595 1215 1021 626 562 675 846 692 755 258 0 604 397 1354 1244 706 1561 762 1267
447 359 425 642 1089 302 237 862 706 318 764 671 844 573 413 457 112 427 141 1010 789 443 359 480 794 252 953 561 105 99 797 968 430 877 512 604 0 318 894 784 246 1268 302 806
471 72 482 699 1146 83 294 886 557 375 821 728 901 747 587 514 337 136 336 1067 846 152 416 274 818 309 1010 735 340 276 821 992 487 901 403 397 318 0 1068 958 420 1356 476 981
1297 1109 1275 1279 1031 1052 1087 1712 1513 1168 1402 1309 1047 397 651 1307 885 1177 792 780 1426 1193 1209 1230 1644 1102 864 385 878 944 1647 1818 1280 1727 1360 1354 894 1068 0 418 698 902 625 121
1188 1000 1166 970 721 942 977 1603 1403 1058 1092 999 737 288 541 1198 775 1067 682 470 1116 1084 1092 1121 1535 992 554 276 769 835 1538 1709 1170 1618 1250 1244 784 958 418 0 589 592 515 331
650 462 628 844 1202 404 439 1065 865 520 966 874 1047 378 218 659 237 529 144 951 991 546 561 583 997 454 1035 366 231 296 1000 1170 632 1080 712 706 246 420 698 589 0 1072 107 611
1349 1398 1231 862 614 1341 1247 1764 1607 1015 984 891 629 771 1025 1263 1259 1466 1166 362 1009 1482 985 1480 1696 1262 446 759 1252 1257 1699 1870 1236 1779 1413 1561 1268 1356 902 592 1072 0 999 815
706 518 684 900 1129 461 495 1121 922 576 1022 930 1103 304 145 716 293 586 200 878 1047 602 617 639 1053 510 961 292 287 353 1056 1227 689 1136 768 762 302 476 625 515 107 999 0 538
1210 1022 1188 1192 944 965 1000 1625 1426 1081 1314 1222 960 310 564 1220 798 1090 704 693 1339 1106 1122 1143 1557 1015 777 298 791 857 1560 1731 1193 1640 1273 1267 806 981 121 331 611 815 538 0
EOF