NAME : tsp_problem
TYPE : TSP
DIMENSION : 52
EDGE_WEIGHT_TYPE : EXPLICIT
EDGE_WEIGHT_FORMAT : FULL_MATRIX
EDGE_WEIGHT_SECTION
0 4093 4136 3888 3998 3414 4392 4273 4195 4398 4113 3465 3462 3976 4043 4669 3387 4534 3867 4892 3460 4228 3732 1028 4362 3931 1677 3982 4526 3936 3841 3992 3997 2274 3408 3642 4209 4124 3921 3930 4554 2367 4219 4000 4162 3803 4492 4096 4044 3990 1810 3753
4093 0 405 221 159 788 365 543 465 668 352 840 836 1111 117 784 818 608 285 2026 903 498 422 3730 632 232 2887 221 641 237 586 210 1131 2197 839 776 325 393 222 222 669 1826 488 1135 432 938 566 335 1179 1124 3020 393
4136 405 0 264 374 831 704 432 354 295 567 883 879 1153 355 1123 861 788 328 2069 946 387 464 3773 334 274 2930 436 980 279 629 304 1174 2239 882 819 663 101 265 419 1008 1868 378 1177 60 980 746 550 1222 1167 3062 436
3888 221 264 0 190 583 520 402 324 526 355 635 632 906 171 911 613 662 85 1821 698 356 217 3525 491 59 2683 224 768 64 381 120 926 1992 634 571 452 252 49 172 796 1621 347 930 291 733 620 338 974 920 2815 189
3998 159 374 190 0 693 458 512 434 636 241 745 741 1015 109 797 723 600 219 1931 808 466 326 3635 601 201 2792 110 654 206 491 179 1036 2102 744 681 338 362 191 111 682 1731 457 1039 401 843 558 224 1084 1029 2925 298
3414 788 831 583 693 0 1087 969 891 1093 808 72 68 671 738 1364 139 1229 562 1587 224 923 428 3051 1058 626 2208 677 1221 631 536 687 692 1518 160 337 905 819 616 625 1249 1146 914 695 858 499 1187 791 740 685 2341 449
4392 365 704 520 458 1087 0 842 764 967 487 1139 1135 1410 395 471 1117 743 584 2325 1202 797 720 4029 931 531 3186 468 328 536 885 509 1430 2496 1138 1075 412 692 521 519 356 2125 787 1434 731 1237 704 619 1478 1423 3319 692
4273 543 432 402 512 969 842 0 126 452 704 1020 1017 1291 492 1261 998 686 466 2206 1083 108 602 3910 221 412 3068 574 1117 417 766 442 1311 2377 1019 956 801 425 402 557 1146 2006 117 1315 426 1118 644 687 1359 1305 3200 574
4195 465 354 324 434 891 764 126 0 374 627 942 939 1213 414 1183 921 608 388 2128 1005 81 524 3832 216 334 2990 496 1040 339 689 364 1234 2299 942 878 723 347 324 479 1068 1928 72 1237 348 1040 566 610 1281 1227 3122 496
4398 668 295 526 636 1093 967 452 374 0 829 1145 1141 1416 617 1386 1123 858 590 2331 1208 407 727 4035 307 537 3192 698 1242 542 891 566 1436 2502 1144 1081 926 331 527 682 1271 2131 398 1440 289 1243 817 812 1484 1430 3325 698
4113 352 567 355 241 808 487 704 627 829 0 860 856 1130 301 750 838 793 334 2046 923 659 441 3750 794 394 2907 174 606 399 606 372 1151 2217 859 796 290 555 384 226 635 1846 650 1154 593 958 751 326 1199 1144 3040 413
3465 840 883 635 745 72 1139 1020 942 1145 860 0 36 723 790 1416 191 1281 614 1639 275 975 479 3102 1109 678 2260 729 1273 683 588 739 744 1569 212 389 956 871 668 677 1301 1198 966 747 909 550 1239 843 792 737 2392 500
3462 836 879 632 741 68 1135 1017 939 1141 856 36 0 719 786 1412 187 1277 611 1635 272 971 476 3099 1106 674 2256 725 1269 679 584 735 740 1566 208 385 953 867 664 673 1297 1195 962 743 906 547 1235 839 788 733 2389 497
3969 1104 1146 899 1008 665 1403 1284 1206 1409 1123 716 713 0 1053 1680 694 1545 878 1327 779 1239 743 3606 1373 941 2764 992 1536 946 851 1003 348 2073 715 374 1220 1134 932 940 1565 1702 1230 351 1173 320 1503 1106 395 341 2896 764
4043 117 355 171 109 738 395 492 414 617 301 790 786 1060 0 814 768 558 235 1976 853 447 371 3680 582 181 2837 171 671 186 536 160 1081 2147 789 726 354 343 172 171 699 1776 438 1084 381 888 516 284 1129 1074 2970 343
4685 800 1139 927 813 1380 488 1276 1198 1401 765 1432 1428 1702 830 0 1410 1153 906 2618 1495 1231 1013 4322 1366 965 3479 746 242 970 1178 944 1723 2789 1431 1368 684 1127 956 798 269 2417 1222 1726 1165 1530 1114 897 1771 1716 3611 985
3387 818 861 613 723 139 1117 998 921 1123 838 191 187 701 768 1394 0 1259 592 1617 197 953 458 3024 1088 656 2181 707 1251 661 566 717 722 1491 66 367 935 849 646 655 1279 1120 944 725 887 529 1217 821 770 715 2314 479
4534 608 788 662 600 1229 743 686 608 858 793 1281 1277 1552 558 1136 1259 0 726 2467 1344 641 863 4171 775 673 3328 662 993 678 1027 651 1572 2638 1280 1217 743 776 663 663 1021 2267 632 1576 815 1379 152 776 1620 1566 3461 835
3867 285 328 85 219 562 584 466 388 590 334 614 611 885 235 890 592 726 0 1800 677 420 196 3504 555 123 2662 203 747 128 360 184 905 1971 613 550 431 316 113 151 775 1600 411 909 355 712 685 317 953 899 2794 168
4880 2014 2057 1810 1919 1575 2313 2195 2117 2319 2034 1627 1623 1304 1964 2590 1605 2455 1789 0 1690 2149 1654 4517 2284 1852 3674 1903 2447 1857 1762 1913 1325 2984 1626 1285 2131 2045 1842 1851 2475 2613 2140 1328 2084 1231 2413 2017 1373 1318 3807 1675
3460 903 946 698 808 224 1202 1083 1005 1208 923 275 272 786 853 1479 197 1344 677 1702 0 1038 542 3097 1173 741 2254 792 1336 746 651 802 807 1564 218 452 1019 934 731 740 1364 1193 1029 810 972 614 1302 906 855 800 2387 564
4228 498 387 356 466 923 797 108 81 407 659 975 971 1246 447 1216 953 641 420 2161 1038 0 557 3865 248 367 3022 528 1072 372 721 396 1266 2332 974 911 756 379 357 512 1101 1961 92 1270 381 1073 599 642 1314 1260 3155 528
3732 422 464 217 326 428 720 602 524 727 441 479 476 750 371 997 458 863 196 1665 542 557 0 3369 691 259 2527 310 854 264 226 320 770 1836 478 415 538 452 249 258 882 1465 547 774 491 577 821 424 818 764 2659 113
1028 3730 3773 3525 3635 3051 4029 3910 3832 4035 3750 3102 3099 3613 3680 4306 3024 4171 3504 4529 3097 3865 3369 0 4000 3568 1314 3619 4163 3573 3478 3629 3634 1911 3045 3279 3846 3761 3558 3567 4191 2005 3856 3637 3799 3440 4129 3733 3682 3627 1447 3391
4362 632 334 491 601 1058 931 221 216 307 794 1109 1106 1380 582 1350 1088 775 555 2296 1173 248 691 4000 0 501 3157 663 1207 506 856 531 1401 2466 1109 1046 890 369 491 646 1235 2095 239 1404 328 1207 733 777 1448 1394 3289 663
3931 232 274 59 201 626 531 412 334 537 394 678 674 948 181 950 656 673 123 1864 741 367 259 3568 501 0 2725 263 807 60 424 131 969 2035 677 614 490 262 45 214 835 1663 358 972 301 775 631 376 1017 962 2857 231
1677 2887 2930 2683 2792 2208 3186 3068 2990 3192 2907 2260 2256 2770 2837 3463 2181 3328 2662 3686 2254 3022 2527 1314 3157 2725 0 2776 3320 2730 2635 2786 2791 1068 2202 2436 3004 2918 2715 2724 3348 1162 3013 2795 2957 2598 3287 2890 2839 2784 589 2548
3982 221 436 224 110 677 468 574 496 698 174 729 725 999 171 731 707 662 203 1915 792 528 310 3619 663 263 2776 0 587 268 475 241 1020 2086 728 665 271 424 253 95 616 1715 519 1023 463 827 620 195 1068 1013 2909 282
4746 861 1200 988 874 1441 549 1338 1260 1463 826 1493 1489 1763 891 242 1471 1214 967 2679 1556 1293 1074 4383 1427 1027 3540 807 0 1032 1239 1005 1784 2850 1492 1429 745 1188 1017 859 330 2479 1283 1787 1227 1591 1175 959 1832 1777 3673 1046
3936 237 279 64 206 631 536 417 339 542 399 683 679 953 186 955 661 678 128 1869 746 372 264 3573 506 60 2730 268 812 0 429 136 974 2039 682 619 495 267 50 219 840 1668 363 977 306 780 636 381 1022 967 2862 236
3841 586 629 381 491 536 885 766 689 891 606 588 584 858 536 1162 566 1027 360 1774 651 721 226 3478 856 424 2635 475 1019 429 0 485 879 1945 587 524 703 617 414 423 1047 1573 712 882 655 685 985 589 927 872 2767 247
3992 210 304 120 179 687 509 442 364 566 372 739 735 1009 160 928 717 651 184 1925 802 396 320 3629 531 131 2786 241 785 136 485 0 1030 2096 738 675 469 292 121 242 813 1725 387 1033 331 837 609 355 1078 1023 2919 292
3990 1124 1167 920 1029 685 1423 1305 1227 1429 1144 737 733 348 1074 1700 715 1565 899 1348 800 1259 764 3627 1394 962 2784 1013 1557 967 872 1023 0 2094 736 395 1241 1155 952 961 1585 1723 1250 118 1194 341 1524 1127 111 127 2917 785
2274 2197 2239 1992 2102 1518 2496 2377 2299 2502 2217 1569 1566 2080 2147 2773 1491 2638 1971 2996 1564 2332 1836 1911 2466 2035 1068 2086 2630 2039 1945 2096 2101 0 1512 1746 2313 2228 2025 2034 2658 471 2323 2104 2266 1907 2596 2200 2148 2094 1201 1857
3408 839 882 634 744 160 1138 1019 942 1144 859 212 208 722 789 1415 66 1280 613 1638 218 974 478 3045 1109 677 2202 728 1272 682 587 738 743 1512 0 388 956 870 667 676 1300 1141 965 746 908 550 1238 842 791 736 2335 500
3642 776 819 571 681 337 1075 956 878 1081 796 389 385 381 726 1352 367 1217 550 1297 452 911 415 3279 1046 614 2436 665 1209 619 524 675 402 1746 388 0 892 807 604 613 1237 1374 902 405 845 208 1175 779 450 395 2569 437
4209 325 663 452 338 905 412 801 723 926 290 956 953 1227 354 668 935 743 431 2142 1019 756 538 3846 890 490 3004 271 525 495 703 469 1248 2313 956 892 0 651 480 322 553 1942 747 1251 690 1054 703 422 1295 1241 3136 510
4124 393 101 252 362 819 692 425 347 331 555 871 867 1141 343 1111 849 776 316 2057 934 379 452 3761 369 262 2918 424 968 267 617 292 1162 2228 870 807 651 0 253 407 996 1856 370 1165 95 968 734 538 1210 1155 3050 424
3921 222 265 49 191 616 521 402 324 527 384 668 664 938 172 940 646 663 113 1854 731 357 249 3558 491 45 2715 253 797 50 414 121 959 2025 667 604 480 253 0 205 825 1654 348 962 291 766 621 367 1007 952 2848 221
3930 222 419 172 111 625 519 557 479 682 226 677 673 947 171 782 655 663 151 1863 740 512 258 3567 646 214 2724 95 639 219 423 242 968 2034 676 613 322 407 205 0 667 1663 503 971 446 775 621 209 1016 961 2857 230
4555 671 1010 798 684 1251 359 1147 1069 1272 636 1303 1299 1573 701 269 1281 1024 777 2489 1366 1102 884 4193 1237 836 3350 617 193 841 1049 815 1594 2659 1302 1239 555 998 827 669 0 2288 1093 1597 1036 1400 984 768 1641 1587 3482 856
2367 1826 1868 1621 1731 1146 2125 2006 1928 2131 1846 1198 1195 1709 1776 2402 1120 2267 1600 2624 1193 1961 1465 2005 2095 1663 1162 1715 2259 1668 1573 1725 1730 471 1141 1374 1942 1856 1654 1663 2287 0 1952 1733 1895 1536 2225 1828 1777 1723 1294 1486
4219 488 378 347 457 914 787 117 72 398 650 966 962 1237 438 1207 944 632 411 2152 1029 92 547 3856 239 358 3013 519 1063 363 712 387 1257 2323 965 902 747 370 348 503 1092 1952 0 1261 371 1064 590 633 1305 1250 3146 519
3993 1128 1170 923 1032 689 1427 1308 1230 1433 1147 740 737 351 1077 1704 719 1569 902 1351 803 1263 767 3630 1397 965 2788 1017 1560 970 875 1027 118 2097 739 398 1244 1158 956 964 1589 1726 1254 0 1197 344 1527 1130 124 137 2920 788
4162 432 60 291 401 858 731 426 348 289 593 909 906 1180 381 1150 887 815 355 2095 972 381 491 3799 328 301 2957 463 1006 306 655 331 1200 2266 908 845 690 95 291 446 1035 1895 371 1204 0 1007 773 576 1248 1194 3089 463
3803 938 980 733 843 499 1237 1118 1040 1243 958 550 547 327 888 1514 529 1379 712 1243 614 1073 577 3440 1207 775 2598 827 1371 780 685 837 348 1907 550 208 1054 968 766 775 1399 1536 1064 351 1007 0 1337 941 396 341 2730 598
4492 566 746 620 558 1187 704 644 566 817 751 1239 1235 1510 516 1097 1217 152 685 2425 1302 599 821 4129 733 631 3287 620 953 636 985 609 1530 2596 1238 1175 703 734 621 621 982 2225 590 1534 773 1337 0 734 1578 1524 3419 793
4096 335 550 338 224 791 619 687 610 812 326 843 839 1113 284 882 821 776 317 2029 906 642 424 3733 777 376 2890 195 739 381 589 355 1134 2200 842 779 422 538 367 209 767 1828 633 1137 576 941 734 0 1182 1127 3023 396
4038 1172 1215 967 1077 733 1471 1352 1274 1477 1192 785 781 395 1122 1748 763 1613 946 1395 848 1307 811 3675 1442 1010 2832 1061 1605 1015 920 1071 111 2142 784 443 1288 1203 1000 1009 1633 1770 1298 124 1241 389 1571 1175 0 133 2964 833
3983 1118 1160 913 1022 678 1417 1298 1220 1423 1137 730 726 341 1067 1694 708 1559 892 1341 793 1253 757 3620 1387 955 2777 1006 1550 960 865 1016 127 2087 729 388 1234 1148 945 954 1579 1716 1244 137 1187 334 1517 1120 133 0 2910 778
1810 3020 3062 2815 2925 2341 3319 3200 3122 3325 3040 2392 2389 2903 2970 3596 2314 3461 2794 3818 2387 3155 2659 1447 3289 2857 589 2909 3453 2862 2767 2919 2924 1201 2335 2569 3136 3050 2848 2857 3481 1294 3146 2927 3089 2730 3419 3023 2971 2917 0 2680
3753 393 436 189 298 449 692 574 496 698 413 500 497 771 343 969 479 835 168 1687 564 528 113 3391 663 231 2548 282 826 236 247 292 792 1857 500 437 510 424 221 230 854 1486 519 795 463 598 793 396 839 785 2680 0
EOF