NAME : tsp_problem
TYPE : TSP
DIMENSION : 20
EDGE_WEIGHT_TYPE : EXPLICIT
EDGE_WEIGHT_FORMAT : FULL_MATRIX
EDGE_WEIGHT_SECTION
0 795 3159 2696 3088 3446 2383 2784 3032 3957 3905 2917 1267 2426 2395 2638 3108 2578 673 2989
795 0 3147 2684 3076 3434 2371 2772 3020 3945 3893 2905 1255 2414 2383 2626 3096 2566 167 2977
3159 3147 0 521 403 1707 941 656 570 1495 1443 1178 3603 927 896 899 646 628 3025 527
2696 2684 521 0 450 1244 478 194 394 1319 1267 715 3141 465 434 437 470 166 2562 351
3088 3076 403 450 0 1636 870 585 327 1229 1177 1107 3533 856 826 828 380 558 2954 284
3434 3422 1695 1232 1624 0 1216 1320 1569 2493 2441 810 3879 1202 1172 837 1644 1115 3300 1526
2383 2371 941 478 870 1228 0 566 815 1739 1687 699 2828 208 178 421 890 360 2249 772
2784 2772 656 194 585 1332 566 0 530 1455 1403 803 3229 552 522 525 605 254 2650 487
3032 3020 570 394 327 1580 815 530 0 1167 1115 1052 3477 801 770 773 318 502 2898 200
3973 3961 1511 1335 1245 2521 1755 1470 1183 0 348 1992 4417 1741 1711 1713 921 1442 3839 1034
3921 3909 1459 1283 1193 2469 1703 1418 1131 348 0 1940 4365 1689 1658 1661 869 1390 3787 982
2928 2916 1189 726 1118 797 710 814 1062 1987 1935 0 3373 696 666 331 1138 608 2794 1019
1267 1255 3603 3141 3533 3891 2828 3229 3477 4402 4350 3362 0 2871 2840 3083 3553 3023 1133 3434
2426 2414 927 465 856 1214 208 552 801 1725 1673 685 2871 0 51 407 876 347 2292 758
2395 2383 896 434 826 1184 178 522 770 1695 1643 655 2840 51 0 376 846 316 2261 727
2638 2626 899 437 828 849 421 525 773 1698 1646 320 3083 407 376 0 849 319 2504 730
3108 3096 646 470 380 1656 890 605 318 906 854 1127 3553 876 846 849 0 578 2974 169
2578 2566 628 166 558 1126 360 254 502 1427 1375 598 3023 347 316 319 578 0 2444 459
673 167 3025 2562 2954 3312 2249 2650 2898 3823 3771 2783 1133 2292 2261 2504 2974 2444 0 2855
2989 2977 527 351 284 1537 772 487 200 1019 967 1009 3434 758 727 730 169 459 2855 0
EOF