NAME : tsp_problem
TYPE : TSP
DIMENSION : 72
EDGE_WEIGHT_TYPE : EXPLICIT
EDGE_WEIGHT_FORMAT : FULL_MATRIX
EDGE_WEIGHT_SECTION
0 676 1432 1086 2989 491 248 576 439 987 1081 972 501 223 644 96 1230 399 1126 457 369 1163 251 484 1522 1338 960 246 426 489 975 163 948 352 997 485 243 892 311 875 1297 1226 435 886 566 464 661 574 821 1237 689 880 1284 553 417 550 943 674 1251 629 914 1474 1080 362 1447 603 62 1347 1304 863 1157 55
676 0 780 509 2457 450 450 716 337 336 429 395 439 478 783 747 578 377 549 980 409 512 450 457 1662 687 383 544 540 629 324 814 297 876 346 455 532 241 834 224 646 649 959 235 706 604 86 714 170 660 829 228 708 668 940 281 368 814 600 769 263 822 429 502 870 743 686 771 728 211 506 706
1432 780 0 480 2852 1205 1206 1472 1092 653 551 593 1194 1233 1539 1502 418 1132 439 1735 1164 352 1205 1212 2417 273 605 1299 1295 1384 664 1569 691 1631 609 1210 1288 715 1589 581 231 335 1714 721 1461 1359 797 1469 785 326 1584 578 352 1423 1695 1036 622 1569 439 1524 743 67 377 1257 418 1498 1441 215 259 744 345 1462
1086 509 480 0 2398 860 860 1126 747 199 291 139 849 887 1193 1157 223 787 65 1390 819 292 860 867 2071 523 151 954 950 1038 210 1224 237 1285 268 865 942 374 1244 472 481 165 1368 380 1115 1014 526 1124 363 177 1238 469 224 1077 1350 690 168 1224 339 1178 289 437 373 912 387 1153 1096 287 244 363 298 1116
3001 2469 2864 2410 0 2774 2775 2992 2661 2386 2603 2296 2763 2802 2850 3072 2607 2702 2450 3304 2734 2677 2774 2781 1934 2907 2284 2869 2865 2953 2374 3139 2347 3200 2579 2780 2857 2493 3159 2668 2866 2549 3283 2487 2981 2928 2454 2842 2463 2561 2750 2673 2608 2992 3264 2605 2267 2880 2724 2897 2390 2821 2753 2826 2771 2871 3011 2671 2628 2463 2682 3031
491 450 1205 860 2762 0 493 759 379 760 854 745 91 516 826 561 1003 419 899 922 407 937 492 73 1704 1112 733 269 114 671 749 628 722 818 771 75 281 666 776 648 1070 999 901 660 748 646 434 757 594 1011 871 653 1058 241 882 200 717 857 1024 811 687 1247 853 544 1221 785 500 1121 1078 636 930 521
248 450 1206 860 2763 493 0 447 222 761 855 746 482 76 515 319 1004 262 900 680 294 937 77 500 1393 1112 734 296 476 360 749 386 722 576 771 498 294 666 534 649 1071 1000 658 660 437 335 435 445 595 1011 560 654 1058 604 640 324 717 545 1025 500 688 1248 854 233 1221 474 258 1121 1078 637 931 279
576 716 1472 1126 3029 759 447 0 488 1027 1121 1012 748 475 277 608 1269 528 1166 803 560 1203 447 766 1156 1378 1000 695 849 266 1015 675 988 698 1037 764 684 932 657 915 1337 1266 781 926 54 241 701 208 861 1277 323 920 1324 976 763 589 983 308 1291 263 954 1513 1120 241 1487 237 614 1387 1344 902 1197 567
439 337 1092 747 2649 379 222 488 0 647 741 632 368 249 555 510 890 95 786 752 104 824 222 386 1433 999 620 233 413 400 636 577 609 647 658 385 221 553 606 535 957 886 730 547 477 376 321 486 481 898 600 540 945 540 712 210 604 586 912 540 574 1134 740 274 1108 515 449 1008 965 523 818 469
987 336 653 199 2374 760 761 1027 647 0 242 171 749 788 1094 1058 396 688 239 1290 720 466 760 767 1972 650 159 855 851 939 100 1125 73 1186 218 766 843 219 1145 422 608 338 1269 213 1016 914 352 1025 189 350 1139 419 397 978 1250 591 144 1125 513 1079 116 610 391 812 560 1054 997 460 417 189 469 1017
1081 429 551 291 2591 854 855 1121 741 242 0 332 843 882 1188 1151 349 781 331 1384 813 283 854 861 2066 458 344 948 944 1033 253 1218 279 1280 107 859 937 213 1238 230 416 431 1363 219 1110 1008 446 1118 283 443 1233 227 490 1072 1344 685 361 1218 370 1173 333 593 199 906 653 1147 1090 553 510 243 276 1111
972 395 593 139 2284 745 746 1012 632 171 332 0 734 773 1079 1043 336 673 179 1275 705 406 745 752 1957 636 69 840 836 924 159 1110 132 1171 308 751 828 278 1130 489 595 278 1254 272 1001 899 412 1010 248 290 1124 493 337 963 1235 576 54 1110 453 1064 175 550 482 797 500 1039 982 400 357 249 411 1002
501 439 1194 849 2751 91 482 748 368 749 843 734 0 509 815 572 992 408 888 933 417 926 481 84 1693 1101 722 280 125 660 738 639 710 829 760 86 292 655 787 637 1059 988 911 649 737 635 423 745 583 1000 860 642 1047 252 893 189 706 845 1013 800 676 1236 842 533 1210 774 511 1110 1067 625 919 532
223 478 1233 887 2790 516 76 475 249 788 882 773 509 0 542 294 1031 289 927 655 321 965 79 509 1420 1140 761 271 451 387 777 361 749 550 799 511 269 693 509 676 1098 1027 633 688 464 362 462 472 622 1039 587 681 1086 579 615 351 745 572 1052 527 715 1275 881 260 1249 501 233 1149 1106 664 958 253
644 783 1539 1193 2912 826 515 277 555 1094 1188 1079 815 542 0 675 1337 595 1233 870 627 1270 514 833 1013 1445 1067 763 916 333 1082 742 1055 765 1105 831 751 999 724 982 1404 1333 848 993 267 308 768 128 928 1344 180 987 1391 1044 830 657 1050 58 1358 182 1021 1581 1187 308 1554 157 681 1455 1412 970 1264 634
96 747 1502 1157 3060 561 319 608 510 1058 1151 1043 572 294 675 0 1300 469 1196 488 439 1234 322 555 1553 1409 1031 317 497 520 1046 93 1019 384 1068 556 314 963 342 946 1368 1296 466 957 597 495 731 606 892 1308 720 950 1355 624 448 620 1014 706 1322 660 985 1544 1151 393 1518 634 133 1418 1375 933 1228 86
1230 578 418 223 2595 1003 1004 1269 890 396 349 336 992 1031 1337 1300 0 930 183 1533 962 94 1003 1010 2215 324 349 1097 1093 1182 408 1367 434 1429 407 1008 1086 513 1387 379 283 127 1512 519 1259 1157 595 1267 560 139 1382 376 186 1221 1493 834 365 1367 141 1322 486 399 175 1055 481 1296 1239 249 206 542 100 1260
399 377 1132 787 2689 419 262 528 95 688 781 673 408 289 595 469 930 0 826 792 63 864 262 426 1473 1039 660 192 372 440 676 536 649 687 698 425 180 593 646 575 997 926 770 587 517 416 361 526 521 938 640 580 985 500 752 250 644 626 952 580 614 1174 780 314 1148 555 408 1048 1005 563 858 429
1126 549 439 65 2437 899 900 1166 786 239 331 179 888 927 1233 1196 183 826 0 1429 858 252 899 906 2111 482 191 994 990 1078 250 1263 276 1325 307 905 982 413 1283 511 441 125 1408 419 1155 1053 565 1163 402 136 1278 508 184 1117 1389 730 207 1264 299 1218 329 397 333 951 388 1192 1135 247 204 402 258 1156
621 1144 1899 1554 3457 1086 844 967 916 1455 1548 1440 1097 819 1034 652 1697 956 1593 0 964 1631 847 1079 1912 1806 1427 842 1022 879 1443 719 1416 123 1465 1081 839 1360 190 1343 1765 1693 149 1354 956 854 1128 965 1289 1705 1079 1347 1752 1149 122 1017 1411 1065 1719 1019 1381 1941 1548 752 1915 994 658 1815 1772 1330 1625 611
369 409 1164 819 2722 407 294 560 104 720 813 705 417 321 627 439 962 63 858 800 0 896 294 400 1506 1071 692 162 342 472 708 506 681 696 730 401 150 625 654 608 1029 958 779 619 549 448 393 558 554 970 673 612 1017 469 760 282 676 658 984 612 646 1206 812 346 1180 587 378 1080 1037 595 890 399
1163 512 352 292 2664 937 937 1203 824 466 283 406 926 965 1270 1234 94 864 252 1467 896 0 937 944 2149 258 418 1031 1027 1116 477 1301 503 1363 341 942 1019 447 1321 312 217 196 1445 452 1193 1091 529 1201 516 208 1316 309 255 1155 1427 768 435 1301 115 1256 556 393 108 989 551 1230 1173 318 275 476 74 1193
251 450 1205 860 2762 492 77 447 222 760 854 745 481 79 514 322 1003 262 899 682 294 937 0 499 1392 1112 733 299 479 359 749 389 722 578 771 498 296 666 537 648 1070 999 661 660 436 334 434 445 594 1011 559 653 1058 607 642 323 717 545 1024 499 687 1247 853 232 1221 473 261 1121 1078 636 930 281
484 457 1212 867 2769 73 500 766 386 767 861 752 84 509 833 555 1010 426 906 915 400 944 499 0 1711 1119 740 263 107 678 756 622 728 811 778 68 275 673 769 655 1077 1006 894 667 755 653 441 763 601 1018 878 660 1065 234 875 207 724 863 1031 818 694 1254 860 551 1228 792 493 1128 1085 643 937 514
1522 1662 2417 2071 1996 1704 1393 1156 1433 1972 2066 1957 1693 1420 1013 1553 2215 1473 2111 1748 1506 2149 1392 1711 0 2324 1945 1641 1794 1211 1961 1620 1933 1644 1983 1709 1629 1877 1602 1860 2282 2211 1727 1872 1145 1186 1646 1006 1806 2223 914 1865 2270 1922 1708 1535 1929 1044 2236 1060 1899 2459 2065 1186 2433 1035 1559 2333 2290 1848 2142 1512
1338 687 273 523 2895 1112 1112 1378 999 650 458 636 1101 1140 1445 1409 324 1039 482 1642 1071 258 1112 1119 2324 0 648 1206 1202 1291 661 1476 688 1538 516 1117 1194 622 1496 487 81 427 1620 627 1367 1266 704 1376 691 438 1491 484 485 1330 1602 943 665 1476 346 1431 741 315 283 1164 665 1405 1348 463 506 651 252 1368
960 383 605 151 2271 733 734 1000 620 159 344 69 722 761 1067 1031 349 660 191 1263 692 418 733 740 1945 648 0 828 824 912 147 1097 120 1159 321 739 816 266 1117 476 607 291 1242 260 989 887 399 998 236 302 1112 481 349 951 1223 564 42 1098 465 1052 163 563 494 785 512 1026 969 412 369 236 424 990
246 544 1299 954 2857 269 296 695 233 855 948 840 280 271 763 317 1097 192 994 677 162 1031 299 263 1641 1206 828 0 205 608 843 384 816 573 865 264 37 760 532 743 1165 1094 656 754 685 583 528 693 689 1105 808 748 1152 332 637 417 811 793 1119 748 782 1341 948 481 1315 722 256 1215 1172 730 1025 276
426 540 1295 950 2853 114 476 849 413 851 944 836 125 451 916 497 1093 372 990 857 342 1027 479 107 1794 1202 824 205 0 761 839 564 812 753 861 108 217 756 712 739 1161 1090 836 750 838 737 524 847 685 1101 961 744 1148 150 817 291 807 947 1115 901 778 1337 944 635 1311 876 436 1211 1168 726 1021 456
489 629 1384 1038 2941 671 360 266 400 939 1033 924 660 387 333 520 1182 440 1078 715 472 1116 359 678 1211 1291 912 608 761 0 928 587 900 611 950 676 596 844 569 827 1249 1178 693 839 255 84 613 264 773 1190 378 832 1237 889 675 502 896 364 1203 318 866 1426 1032 153 1400 292 526 1300 1257 815 1109 479
975 324 664 210 2362 749 749 1015 636 100 253 159 738 777 1082 1046 408 676 250 1279 708 477 749 756 1961 661 147 843 839 928 0 1113 61 1175 229 754 831 207 1133 418 620 350 1257 201 1004 903 341 1013 177 361 1128 423 408 967 1239 580 132 1113 524 1068 104 622 403 801 571 1042 985 471 429 178 480 1005
163 814 1569 1224 3127 628 386 675 577 1125 1218 1110 639 361 742 93 1367 536 1263 555 506 1301 389 622 1620 1476 1097 384 564 587 1113 0 1086 450 1135 623 381 1030 409 1013 1435 1363 533 1024 664 562 798 672 959 1375 787 1017 1422 691 515 687 1081 772 1389 727 1051 1611 1217 460 1585 701 200 1485 1442 1000 1295 136
948 297 691 237 2335 722 722 988 609 73 279 132 710 749 1055 1019 434 649 276 1252 681 503 722 728 1933 688 120 816 812 900 61 1086 0 1147 256 727 804 180 1106 391 646 376 1230 174 977 875 313 986 150 388 1100 395 435 939 1212 552 105 1086 550 1040 77 648 429 774 598 1015 958 498 455 150 506 978
517 1040 1795 1450 3352 982 740 863 812 1351 1444 1335 993 715 930 548 1593 852 1489 123 860 1527 743 975 1808 1702 1323 738 918 775 1339 615 1312 0 1361 977 735 1256 90 1238 1660 1589 101 1250 852 750 1024 861 1184 1601 975 1243 1648 1045 83 913 1307 961 1615 915 1277 1837 1443 648 1811 889 554 1711 1668 1226 1521 507
997 346 609 268 2567 771 771 1037 658 218 107 308 760 799 1105 1068 407 698 307 1301 730 341 771 778 1983 516 321 865 861 950 229 1135 256 1197 0 776 853 130 1155 288 474 407 1280 136 1027 925 363 1035 200 419 1150 285 466 989 1261 602 337 1135 428 1090 251 651 257 823 629 1064 1007 529 486 159 334 1028
485 455 1210 865 2768 75 498 764 385 766 859 751 86 511 831 556 1008 425 905 917 401 942 498 68 1709 1117 739 264 108 676 754 623 727 812 776 0 276 671 771 654 1076 1005 895 665 753 652 439 762 600 1016 876 659 1063 236 877 206 722 862 1030 816 693 1252 859 550 1226 791 495 1126 1083 641 936 515
243 532 1288 942 2845 281 294 684 221 843 937 828 292 269 751 314 1086 180 982 675 150 1019 296 275 1629 1194 816 37 217 596 831 381 804 571 853 276 0 748 529 731 1153 1082 653 742 673 571 517 681 677 1093 796 736 1140 344 635 406 799 781 1107 736 770 1330 936 469 1303 710 253 1203 1160 719 1013 273
892 241 715 374 2481 666 666 932 553 219 213 278 655 693 999 963 513 593 413 1196 625 447 666 673 1877 622 266 760 756 844 207 1030 180 1091 130 671 748 0 1050 335 580 513 1174 118 921 820 257 930 94 525 1044 339 572 883 1156 496 251 1030 534 984 146 757 363 718 735 959 902 635 592 94 440 922
475 998 1753 1408 3311 940 698 821 770 1309 1402 1294 951 673 888 506 1551 810 1448 190 818 1485 701 934 1766 1660 1282 696 876 733 1297 573 1270 90 1319 935 693 1214 0 1197 1619 1548 169 1208 810 708 982 819 1143 1559 933 1201 1606 1003 150 871 1265 919 1573 873 1236 1795 1402 607 1769 848 512 1669 1626 1184 1479 465
875 224 581 472 2656 648 649 915 535 422 230 489 637 676 982 946 379 575 511 1178 608 312 648 655 1860 487 476 743 739 827 418 1013 391 1074 288 654 731 335 1032 0 446 481 1157 329 904 802 240 913 263 493 1027 59 540 866 1138 479 462 1013 400 967 356 623 229 700 833 941 885 603 560 305 306 905
1297 646 231 481 2853 1070 1071 1337 957 608 416 595 1059 1098 1404 1368 283 997 441 1600 1029 217 1070 1077 2282 81 607 1165 1161 1249 620 1435 646 1496 474 1076 1153 580 1454 446 0 385 1579 586 1326 1224 662 1335 650 397 1449 443 444 1288 1560 901 624 1435 304 1389 699 273 242 1122 624 1363 1306 422 464 610 210 1327
1226 649 335 165 2537 999 1000 1266 886 338 431 278 988 1027 1333 1296 127 926 125 1529 958 196 999 1006 2211 427 291 1094 1090 1178 350 1363 376 1425 407 1005 1082 513 1383 481 385 0 1508 519 1255 1153 665 1263 502 53 1378 478 79 1217 1489 830 307 1363 243 1318 429 292 277 1051 374 1292 1235 142 99 502 202 1256
600 1123 1878 1533 3435 1065 823 946 895 1433 1527 1418 1076 798 1013 631 1676 935 1572 149 943 1610 825 1058 1891 1785 1406 820 1000 858 1422 698 1395 101 1444 1060 818 1339 169 1321 1743 1672 0 1333 935 833 1107 943 1267 1684 1058 1326 1731 1128 144 996 1390 1043 1697 998 1360 1920 1526 731 1894 972 637 1794 1751 1309 1603 590
886 235 721 380 2475 660 660 926 547 213 219 272 649 688 993 957 519 587 419 1190 619 452 660 667 1872 627 260 754 750 839 201 1024 174 1086 136 665 742 118 1044 329 586 519 1168 0 916 814 252 924 88 531 1039 334 578 878 1150 491 245 1024 540 979 140 763 369 712 741 953 896 641 598 89 446 916
566 706 1461 1115 3018 748 437 54 477 1016 1110 1001 737 464 267 597 1259 517 1155 792 549 1193 436 755 1145 1367 989 685 838 255 1004 664 977 688 1027 753 673 921 646 904 1326 1255 770 916 0 230 690 197 850 1266 312 909 1314 966 752 579 973 297 1280 252 943 1503 1109 230 1477 226 603 1377 1334 892 1186 556
464 604 1359 1014 2916 646 335 241 376 914 1008 899 635 362 308 495 1157 416 1053 690 448 1091 334 653 1186 1266 887 583 737 84 903 562 875 586 925 652 571 820 544 802 1224 1153 669 814 230 0 588 239 748 1165 353 807 1212 864 650 477 871 339 1178 293 841 1401 1007 128 1375 268 501 1275 1232 790 1084 454
661 86 797 526 2442 434 435 701 321 352 446 412 423 462 768 731 595 361 565 964 393 529 434 441 1646 704 399 528 524 613 341 798 313 860 363 439 517 257 818 240 662 665 943 252 690 588 0 698 186 677 813 245 724 652 924 265 384 798 616 753 279 839 445 486 887 727 670 787 744 228 522 691
574 714 1469 1124 2904 757 445 208 486 1025 1118 1010 745 472 128 606 1267 526 1163 800 558 1201 445 763 1006 1376 998 693 847 264 1013 672 986 696 1035 762 681 930 655 913 1335 1263 779 924 197 239 698 0 859 1275 173 917 1322 974 760 587 981 159 1289 86 952 1511 1118 239 1485 87 611 1385 1342 900 1195 565
821 170 785 363 2451 594 595 861 481 189 283 248 583 622 928 892 560 521 402 1124 554 516 594 601 1806 691 236 689 685 773 177 959 150 1020 200 600 677 94 978 263 650 502 1103 88 850 748 186 859 0 514 973 268 561 812 1084 425 221 959 604 913 116 774 433 646 724 887 831 624 581 65 510 851
1237 660 326 177 2549 1011 1011 1277 898 350 443 290 1000 1039 1344 1308 139 938 136 1541 970 208 1011 1018 2223 438 302 1105 1101 1190 361 1375 388 1437 419 1016 1093 525 1395 493 397 53 1519 531 1266 1165 677 1275 514 0 1390 490 70 1229 1501 842 319 1375 255 1330 440 283 289 1063 365 1304 1247 133 90 514 214 1267
689 829 1584 1238 2812 871 560 323 600 1139 1233 1124 860 587 180 720 1382 640 1278 915 673 1316 559 878 914 1491 1112 808 961 378 1128 787 1100 811 1150 876 796 1044 769 1027 1449 1378 894 1039 312 353 813 173 973 1390 0 1032 1437 1089 875 702 1096 211 1403 227 1066 1626 1232 353 1600 202 726 1500 1457 1015 1309 679
880 228 578 469 2661 653 654 920 540 419 227 493 642 681 987 950 376 580 508 1183 612 309 653 660 1865 484 481 748 744 832 423 1017 395 1079 285 659 736 339 1037 59 443 478 1162 334 909 807 245 917 268 490 1032 0 537 871 1143 484 466 1017 397 972 361 620 226 705 830 946 889 600 557 310 303 910
1284 708 352 224 2596 1058 1058 1324 945 397 490 337 1047 1086 1391 1355 186 985 184 1588 1017 255 1058 1065 2270 485 349 1152 1148 1237 408 1422 435 1484 466 1063 1140 572 1442 540 444 79 1567 578 1314 1212 724 1322 561 70 1437 537 0 1276 1548 889 366 1422 302 1377 487 309 336 1110 391 1351 1294 159 116 561 261 1314
553 668 1423 1077 2980 241 604 976 540 978 1072 963 252 579 1044 624 1221 500 1117 985 469 1155 607 234 1922 1330 951 332 150 889 967 691 939 881 989 236 344 883 839 866 1288 1217 963 878 966 864 652 974 812 1229 1089 871 1276 0 945 418 935 1074 1242 1029 905 1465 1071 762 1439 1003 563 1339 1296 854 1148 584
581 1104 1859 1514 3417 1046 804 927 876 1415 1508 1400 1057 779 994 612 1657 916 1553 122 924 1591 807 1039 1872 1766 1388 802 982 839 1403 679 1376 83 1425 1041 799 1320 150 1303 1725 1653 144 1314 916 814 1088 925 1249 1665 1039 1307 1712 1109 0 977 1371 1025 1679 979 1342 1901 1508 712 1875 954 618 1775 1732 1290 1585 571
550 281 1036 690 2593 200 324 589 210 591 685 576 189 351 657 620 834 250 730 853 282 768 323 207 1535 943 564 417 291 502 580 687 552 749 602 206 406 496 707 479 901 830 832 491 579 477 265 587 425 842 702 484 889 418 813 0 548 687 855 642 518 1078 684 375 1052 616 559 952 909 467 761 580
943 368 622 168 2255 717 717 983 604 144 361 54 706 745 1050 1014 365 644 207 1247 676 435 717 724 1929 665 42 811 807 896 132 1081 105 1143 337 722 799 251 1101 462 624 307 1226 245 973 871 384 981 221 319 1096 466 366 935 1207 548 0 1081 482 1036 148 579 511 769 529 1010 953 429 386 221 440 973
674 814 1569 1224 2942 857 545 308 586 1125 1218 1110 845 572 58 706 1367 626 1264 900 658 1301 545 863 1044 1476 1098 793 947 364 1113 772 1086 796 1135 862 781 1030 755 1013 1435 1363 879 1024 297 339 798 159 959 1375 211 1017 1422 1074 860 687 1081 0 1389 213 1052 1611 1218 339 1585 187 711 1485 1442 1000 1295 665
1251 600 439 339 2712 1024 1025 1291 912 513 370 453 1013 1052 1358 1322 141 952 299 1554 984 115 1024 1031 2236 346 465 1119 1115 1203 524 1389 550 1450 428 1030 1107 534 1409 400 304 243 1533 540 1280 1178 616 1289 604 255 1403 397 302 1242 1514 855 482 1389 0 1343 603 481 196 1076 598 1318 1261 365 322 564 121 1281
629 769 1524 1178 2959 811 500 263 540 1079 1173 1064 800 527 182 660 1322 580 1218 855 612 1256 499 818 1060 1431 1052 748 901 318 1068 727 1040 751 1090 816 736 984 709 967 1389 1318 833 979 252 293 753 86 913 1330 227 972 1377 1029 815 642 1036 213 1343 0 1006 1566 1172 293 1540 58 666 1440 1397 955 1249 619
914 263 743 289 2378 687 688 954 574 116 333 175 676 715 1021 985 486 614 329 1217 646 556 687 694 1899 741 163 782 778 866 104 1051 77 1113 251 693 770 146 1071 356 699 429 1196 140 943 841 279 952 116 440 1066 361 487 905 1177 518 148 1052 603 1006 0 700 482 739 650 980 923 550 507 116 560 944
1474 822 67 437 2809 1247 1248 1513 1134 610 593 550 1236 1275 1581 1544 399 1174 397 1777 1206 393 1247 1254 2459 315 563 1341 1337 1426 622 1611 648 1673 651 1252 1330 757 1631 623 273 292 1756 763 1503 1401 839 1511 774 283 1626 620 309 1465 1737 1078 579 1611 481 1566 700 0 419 1299 375 1540 1483 173 216 774 387 1504
1080 429 377 373 2741 853 854 1120 740 391 199 482 842 881 1187 1151 175 780 333 1383 812 108 853 860 2065 283 494 948 944 1032 403 1217 429 1279 257 859 936 363 1237 229 242 277 1362 369 1109 1007 445 1118 433 289 1232 226 336 1071 1343 684 511 1218 196 1172 482 419 0 905 631 1146 1089 399 356 393 102 1110
362 502 1257 912 2814 544 233 241 274 812 906 797 533 260 308 393 1055 314 951 588 346 989 232 551 1186 1164 785 481 635 153 801 460 774 484 823 550 469 718 442 700 1122 1051 567 712 230 128 486 239 646 1063 353 705 1110 762 548 375 769 339 1076 293 739 1299 905 0 1273 267 399 1173 1130 688 982 353
1447 870 418 387 2759 1221 1221 1487 1108 560 653 500 1210 1249 1554 1518 481 1148 388 1751 1180 551 1221 1228 2433 665 512 1315 1311 1400 571 1585 598 1647 629 1226 1303 735 1605 833 624 374 1729 741 1477 1375 887 1485 724 365 1600 830 391 1439 1711 1052 529 1585 598 1540 650 375 631 1273 0 1514 1457 255 298 724 556 1477
603 743 1498 1153 2933 785 474 237 515 1054 1147 1039 774 501 157 634 1296 555 1192 829 587 1230 473 792 1035 1405 1026 722 876 292 1042 701 1015 725 1064 791 710 959 683 941 1363 1292 808 953 226 268 727 87 887 1304 202 946 1351 1003 789 616 1010 187 1318 58 980 1540 1146 267 1514 0 640 1414 1371 929 1224 594
62 686 1441 1096 2999 500 258 614 449 997 1090 982 511 233 681 133 1239 408 1135 494 378 1173 261 493 1559 1348 969 256 436 526 985 200 958 389 1007 495 253 902 348 885 1306 1235 472 896 603 501 670 611 831 1247 726 889 1294 563 454 559 953 711 1261 666 923 1483 1089 399 1457 640 0 1357 1314 872 1167 92
1347 771 215 287 2659 1121 1121 1387 1008 460 553 400 1110 1149 1455 1418 249 1048 247 1651 1080 318 1121 1128 2333 463 412 1215 1211 1300 471 1485 498 1547 529 1126 1203 635 1505 603 422 142 1630 641 1377 1275 787 1385 624 133 1500 600 159 1339 1611 952 429 1485 365 1440 550 173 399 1173 255 1414 1357 0 66 624 324 1378
1304 728 259 244 2616 1078 1078 1344 965 417 510 357 1067 1106 1412 1375 206 1005 204 1608 1037 275 1078 1085 2290 506 369 1172 1168 1257 429 1442 455 1504 486 1083 1160 592 1462 560 464 99 1587 598 1334 1232 744 1342 581 90 1457 557 116 1296 1568 909 386 1442 322 1397 507 216 356 1130 298 1371 1314 66 0 581 281 1335
863 211 744 363 2451 636 637 902 523 189 243 249 625 664 970 933 542 563 402 1166 595 476 636 643 1848 651 236 730 726 815 178 1000 150 1062 159 641 719 94 1020 305 610 502 1145 89 892 790 228 900 65 514 1015 310 561 854 1126 467 221 1000 564 955 116 774 393 688 724 929 872 624 581 0 470 893
1157 506 345 298 2670 930 931 1197 818 469 276 411 919 958 1264 1228 100 858 258 1460 890 74 930 937 2142 252 424 1025 1021 1109 480 1295 506 1356 334 936 1013 440 1315 306 210 202 1439 446 1186 1084 522 1195 510 214 1309 303 261 1148 1420 761 440 1295 121 1249 560 387 102 982 556 1224 1167 324 281 470 0 1187
55 706 1462 1116 3019 521 279 567 469 1017 1111 1002 532 253 634 86 1260 429 1156 447 399 1193 281 514 1512 1368 990 276 456 479 1005 136 978 343 1028 515 273 922 301 905 1327 1256 426 916 556 454 691 565 851 1267 679 910 1314 584 407 580 973 665 1281 619 944 1504 1110 353 1477 594 92 1378 1335 893 1187 0
EOF