NAME : tsp_problem
TYPE : TSP
DIMENSION : 54
EDGE_WEIGHT_TYPE : EXPLICIT
EDGE_WEIGHT_FORMAT : FULL_MATRIX
EDGE_WEIGHT_SECTION
0 994 198 423 2130 378 198 1284 1308 1168 1457 995 233 914 446 983 220 1119 378 1440 882 462 1008 964 1051 988 58 802 1067 1442 866 258 1000 1017 1086 121 389 1230 2164 976 322 1282 1204 284 485 390 452 58 328 369 1230 463 374 293
994 0 1147 831 1622 1031 1146 777 539 272 1602 223 781 290 810 234 1168 611 790 672 322 1312 222 74 264 51 1006 408 560 673 152 762 213 230 120 893 902 333 1657 241 847 386 696 1134 807 1332 718 1006 841 1317 723 793 1224 959
198 1147 0 584 2283 539 97 1437 1461 1321 1618 1148 386 1067 607 1136 119 1272 531 1593 1035 436 1161 1117 1204 1140 211 955 1220 1595 1019 411 1153 1170 1239 274 542 1382 2317 1129 475 1435 1357 445 638 218 605 169 481 196 1383 624 324 446
423 831 584 0 1967 223 583 1122 1145 1006 1057 833 441 751 79 821 605 956 337 1278 719 504 846 801 888 825 400 640 905 1279 704 465 837 854 923 434 169 1067 2002 814 297 1120 1041 326 152 524 264 443 303 545 1068 64 416 349
2130 1622 2283 1967 0 2167 2282 1046 1608 1506 2738 1469 1917 1700 1946 1457 2304 1090 1926 1740 1668 2448 1794 1592 1837 1616 2142 1588 1182 1742 1495 1898 1786 1803 1719 2029 2038 1567 143 1451 1983 1620 966 2270 1943 2468 1854 2142 1977 2453 1054 1929 2360 2095
378 1031 539 223 2167 0 538 1321 1345 1206 1257 1032 507 951 246 1020 560 1156 420 1477 919 409 1045 1001 1088 1025 355 839 1105 1479 904 531 1037 1054 1123 462 236 1267 2201 1013 363 1319 1241 281 323 479 464 398 369 500 1267 263 371 416
198 1146 97 583 2282 538 0 1437 1460 1321 1617 1147 386 1066 606 1136 62 1271 531 1593 1034 507 1161 1116 1203 1140 210 955 1220 1594 1019 410 1152 1169 1238 274 541 1382 2317 1129 474 1435 1356 444 637 289 604 169 480 267 1383 624 395 445
1284 777 1437 1122 1046 1321 1437 0 763 661 1893 624 1072 855 1100 612 1459 245 1081 895 823 1603 949 747 992 771 1297 743 337 897 650 1053 941 958 874 1183 1193 722 1081 605 1137 775 107 1424 1098 1622 1008 1297 1132 1608 209 1083 1515 1249
1472 704 1625 1310 1772 1509 1625 927 0 466 2081 629 1260 951 1288 640 1647 762 1269 150 982 1791 882 734 924 711 1485 931 710 152 832 1241 874 890 780 1371 1381 527 1807 647 1325 579 847 1612 1286 1810 1196 1485 1320 1796 873 1271 1703 1437
1168 272 1321 1006 1506 1206 1321 661 301 0 1777 197 956 519 984 208 1343 496 965 433 550 1487 450 303 493 279 1181 627 444 435 401 937 442 459 348 1068 1077 95 1541 215 1022 142 580 1308 982 1507 892 1181 1016 1492 607 967 1399 1133
1457 1602 1618 1057 2738 1257 1617 1893 1916 1777 0 1603 1475 1522 1036 1591 1640 1727 1294 2048 1490 1539 1617 1572 1659 1596 1434 1410 1676 2050 1475 1458 1608 1625 1694 1468 1204 1838 2773 1585 1331 1890 1812 1360 1109 1558 1221 1477 1337 1579 1839 1019 1450 1383
995 223 1148 833 1469 1032 1147 624 465 197 1603 0 783 470 811 72 1170 459 792 597 501 1314 401 254 444 231 1008 454 407 599 352 763 393 410 299 894 904 259 1504 65 848 311 544 1135 809 1333 719 1007 842 1318 570 794 1225 960
233 781 386 441 1917 507 386 1072 1095 956 1475 783 0 701 464 771 408 906 284 1228 669 658 796 751 838 775 246 590 855 1229 654 149 787 804 873 133 295 1017 1952 764 228 1070 991 480 390 578 357 246 234 557 1018 481 570 198
914 290 1067 751 1700 951 1066 855 786 519 1522 470 701 0 730 481 1089 689 710 919 120 1232 118 321 161 298 926 141 638 920 419 682 110 127 195 813 822 580 1735 488 767 633 774 1054 727 1252 638 926 761 1237 801 713 1144 879
446 810 607 79 1946 246 606 1100 1124 984 1036 811 464 730 0 799 628 935 315 1256 698 528 824 780 867 803 423 618 883 1258 682 488 816 833 902 457 193 1046 1980 792 320 1098 1020 349 131 547 243 466 326 568 1046 42 439 372
983 234 1136 821 1457 1020 1136 612 476 208 1591 72 771 481 799 0 1158 447 780 608 512 1302 412 265 455 241 996 442 395 609 348 752 404 421 310 882 892 269 1492 53 836 322 532 1123 797 1321 707 996 830 1306 558 782 1213 948
220 1168 119 605 2304 560 62 1459 1483 1343 1640 1170 408 1089 628 1158 0 1294 553 1615 1057 529 1183 1139 1226 1162 233 977 1242 1617 1041 432 1175 1191 1260 296 564 1404 2339 1151 497 1457 1379 466 659 311 626 191 502 290 1405 646 418 467
1119 611 1272 956 1090 1156 1271 245 597 496 1727 459 906 689 935 447 1294 0 916 729 657 1438 784 582 826 605 1132 578 171 731 484 887 775 792 708 1018 1027 557 1125 440 972 609 164 1259 933 1457 843 1131 966 1442 191 918 1349 1084
378 790 531 337 1926 420 531 1081 1105 965 1294 792 284 710 315 780 553 916 0 1237 678 701 805 761 847 784 391 599 864 1238 663 308 797 813 882 277 207 1026 1961 773 80 1079 1000 523 239 721 141 391 75 702 1027 300 613 193
1604 836 1757 1442 1904 1642 1757 1059 150 598 2213 761 1392 1083 1420 772 1779 894 1401 0 1114 1923 1014 866 1057 843 1617 1063 842 110 965 1373 1006 1022 912 1504 1513 659 1939 779 1458 711 979 1744 1418 1943 1328 1617 1452 1928 1005 1403 1835 1569
882 322 1035 719 1668 919 1034 823 818 550 1490 501 669 120 698 512 1057 657 678 950 0 1201 149 352 192 329 894 109 606 951 405 650 141 158 227 781 790 611 1703 515 735 664 742 1022 695 1220 606 894 729 1205 769 681 1112 847
462 1312 436 504 2448 409 507 1603 1627 1487 1539 1314 658 1232 528 1302 529 1438 701 1759 1201 0 1327 1283 1370 1306 440 1121 1386 1761 1185 682 1319 1335 1404 546 517 1548 2483 1295 645 1601 1523 274 604 243 745 483 651 264 1549 545 135 697
1008 222 1161 846 1794 1045 1161 949 718 450 1617 401 796 118 824 412 1183 784 805 850 149 1327 0 252 75 229 1021 236 732 851 350 777 41 58 127 907 917 511 1829 419 861 564 869 1148 822 1346 732 1021 856 1331 895 807 1239 973
964 74 1117 801 1592 1001 1116 747 570 303 1572 254 751 321 780 265 1139 582 761 702 352 1283 252 0 295 81 977 423 530 704 122 732 244 260 150 863 873 364 1627 271 817 416 667 1104 778 1302 688 976 811 1287 693 763 1194 929
1051 264 1204 888 1837 1088 1203 992 760 493 1659 444 838 161 867 455 1226 826 847 892 192 1370 75 295 0 271 1063 278 775 894 393 819 84 67 169 950 959 554 1872 461 904 606 911 1191 864 1389 775 1063 898 1374 938 850 1281 1016
988 51 1140 825 1616 1025 1140 771 547 279 1596 231 775 298 803 241 1162 605 784 679 329 1306 229 81 271 0 1000 415 554 681 145 756 221 237 127 887 896 341 1651 248 841 393 690 1127 801 1326 711 1000 835 1311 717 786 1218 952
58 1006 211 400 2142 355 210 1297 1321 1181 1434 1008 246 926 423 996 233 1132 391 1453 894 440 1021 977 1063 1000 0 815 1080 1454 879 270 1013 1029 1098 134 402 1242 2177 989 334 1295 1216 261 497 402 464 70 340 381 1243 440 351 305
802 408 955 640 1588 839 955 743 767 627 1410 454 590 141 618 442 977 578 599 899 109 1121 236 423 278 415 815 0 526 900 325 570 227 244 313 701 711 688 1623 435 655 741 662 942 616 1140 526 814 649 1125 689 601 1032 767
1067 560 1220 905 1182 1105 1220 337 546 444 1676 407 855 638 883 395 1242 171 864 678 606 1386 732 530 775 554 1080 526 0 680 433 836 724 741 657 966 976 505 1217 388 920 558 256 1207 881 1405 791 1080 915 1391 283 866 1298 1032
1606 838 1759 1444 1906 1643 1759 1061 152 599 2215 763 1394 1085 1422 774 1781 895 1403 110 1116 1925 1016 868 1058 845 1619 1065 844 0 966 1375 1007 1024 914 1505 1515 660 1941 780 1459 713 980 1746 1420 1944 1330 1619 1453 1929 1007 1405 1837 1571
866 152 1019 704 1495 904 1019 650 668 401 1475 352 654 419 682 348 1041 484 663 800 405 1185 350 122 393 145 879 325 433 802 0 635 342 359 248 766 775 462 1530 342 720 514 569 1006 680 1205 590 879 714 1190 596 665 1097 831
258 762 411 465 1898 531 410 1053 1076 937 1458 763 149 682 488 752 432 887 308 1209 650 682 777 732 819 756 270 570 836 1210 635 0 768 785 854 157 319 998 1933 745 252 1050 972 504 415 602 349 270 258 581 999 499 594 223
1000 213 1153 837 1786 1037 1152 941 709 442 1608 393 787 110 816 404 1175 775 797 841 141 1319 41 244 84 221 1013 227 724 843 342 768 0 49 118 899 909 503 1821 411 853 556 860 1140 814 1338 724 1012 847 1323 887 799 1230 965
1017 230 1170 854 1803 1054 1169 958 726 459 1625 410 804 127 833 421 1191 792 813 858 158 1335 58 260 67 237 1029 244 741 860 359 785 49 0 135 916 925 520 1838 427 870 572 877 1157 830 1355 741 1029 864 1340 903 816 1247 982
1086 120 1239 923 1719 1123 1238 874 616 348 1694 299 873 195 902 310 1260 708 882 748 227 1404 127 150 169 127 1098 313 657 750 248 854 118 135 0 985 994 409 1754 317 939 462 793 1226 899 1424 809 1098 933 1409 819 885 1316 1050
121 893 274 434 2029 462 274 1183 1207 1068 1468 894 133 813 457 882 296 1018 277 1339 781 546 907 863 950 887 134 701 966 1341 766 157 899 916 985 0 288 1129 2063 875 221 1181 1103 368 384 466 351 134 227 445 1129 474 458 192
389 902 542 169 2038 236 541 1193 1217 1077 1204 904 295 822 193 892 564 1027 207 1349 790 517 917 873 959 896 402 711 976 1350 775 319 909 925 994 288 0 1138 2073 885 151 1191 1112 339 119 537 261 401 157 558 1139 210 429 203
1230 333 1382 1067 1567 1267 1382 722 362 95 1838 259 1017 580 1046 269 1404 557 1026 494 611 1548 511 364 554 341 1242 688 505 496 462 998 503 520 409 1129 1138 0 1602 276 1083 81 642 1370 1043 1568 953 1242 1077 1553 668 1029 1460 1194
2164 1657 2317 2002 143 2201 2317 1081 1643 1541 2773 1504 1952 1735 1980 1492 2339 1125 1961 1775 1703 2483 1829 1627 1872 1651 2177 1623 1217 1777 1530 1933 1821 1838 1754 2063 2073 1602 0 1485 2017 1655 1000 2304 1978 2502 1888 2177 2012 2488 1089 1963 2395 2129
976 241 1129 814 1451 1013 1129 605 482 215 1585 65 764 488 792 53 1151 440 773 614 515 1295 419 271 461 248 989 435 388 616 342 745 411 427 317 875 885 276 1485 0 829 329 525 1116 790 1314 700 989 823 1299 551 775 1207 941
322 847 475 297 1983 363 474 1137 1161 1022 1331 848 228 767 320 836 497 972 80 1293 735 645 861 817 904 841 334 655 920 1295 720 252 853 870 939 221 151 1083 2017 829 0 1135 1057 466 246 664 154 334 71 645 1083 337 556 136
1282 386 1435 1120 1620 1319 1435 775 415 142 1890 311 1070 633 1098 322 1457 609 1079 547 664 1601 564 416 606 393 1295 741 558 549 514 1050 556 572 462 1181 1191 81 1655 329 1135 0 694 1422 1096 1620 1006 1294 1129 1605 720 1081 1512 1247
1204 696 1357 1041 966 1241 1356 107 682 580 1812 544 991 774 1020 532 1379 164 1000 814 742 1523 869 667 911 690 1216 662 256 816 569 972 860 877 793 1103 1112 642 1000 525 1057 694 0 1344 1017 1542 928 1216 1051 1527 128 1003 1434 1169
284 1134 445 326 2270 281 444 1424 1448 1308 1360 1135 480 1054 349 1123 466 1259 523 1580 1022 274 1148 1104 1191 1127 261 942 1207 1582 1006 504 1140 1157 1226 368 339 1370 2304 1116 466 1422 1344 0 426 294 567 304 472 315 1370 366 186 518
485 807 638 152 1943 323 637 1098 1122 982 1109 809 390 727 131 797 659 933 239 1254 695 604 822 778 864 801 497 616 881 1255 680 415 814 830 899 384 119 1043 1978 790 246 1096 1017 426 0 624 166 497 252 645 1044 115 516 299
390 1332 218 524 2468 479 289 1622 1646 1507 1558 1333 578 1252 547 1321 311 1457 721 1778 1220 243 1346 1302 1389 1326 402 1140 1405 1780 1205 602 1338 1355 1424 466 537 1568 2502 1314 664 1620 1542 294 624 0 765 361 670 46 1568 564 131 637
452 718 605 264 1854 464 604 1008 1032 892 1221 719 357 638 243 707 626 843 141 1164 606 745 732 688 775 711 464 526 791 1166 590 349 724 741 809 351 261 953 1888 700 154 1006 928 567 166 765 0 464 148 775 954 227 657 266
58 1006 169 443 2142 398 169 1297 1320 1181 1477 1007 246 926 466 996 191 1131 391 1452 894 483 1021 976 1063 1000 70 814 1080 1454 879 270 1012 1029 1098 134 401 1242 2177 989 334 1294 1216 304 497 361 464 0 340 340 1243 484 394 305
328 841 481 303 1977 369 480 1132 1155 1016 1337 842 234 761 326 830 502 966 75 1287 729 651 856 811 898 835 340 649 915 1289 714 258 847 864 933 227 157 1077 2012 823 71 1129 1051 472 252 670 148 340 0 651 1077 343 562 142
369 1317 196 545 2453 500 267 1608 1631 1492 1579 1318 557 1237 568 1306 290 1442 702 1763 1205 264 1331 1287 1374 1311 381 1125 1391 1765 1190 581 1323 1340 1409 445 558 1553 2488 1299 645 1605 1527 315 645 46 775 340 651 0 1553 586 153 616
1230 723 1383 1068 1054 1267 1383 209 709 607 1839 570 1018 801 1046 558 1405 191 1027 841 769 1549 895 693 938 717 1243 689 283 842 596 999 887 903 819 1129 1139 668 1089 551 1083 720 128 1370 1044 1568 954 1243 1077 1553 0 1029 1461 1195
463 793 624 64 1929 263 624 1083 1107 967 1019 794 481 713 42 782 646 918 300 1239 681 545 807 763 850 786 440 601 866 1241 665 499 799 816 885 474 210 1029 1963 775 337 1081 1003 366 115 564 227 484 343 586 1029 0 457 390
374 1224 324 416 2360 371 395 1515 1538 1399 1450 1225 570 1144 439 1213 418 1349 613 1670 1112 135 1239 1194 1281 1218 351 1032 1298 1672 1097 594 1230 1247 1316 458 429 1460 2395 1207 556 1512 1434 186 516 131 657 394 562 153 1461 457 0 609
293 959 446 349 2095 416 445 1249 1273 1133 1383 960 198 879 372 948 467 1084 193 1405 847 697 973 929 1016 952 305 767 1032 1407 831 223 965 982 1050 192 203 1194 2129 941 136 1247 1169 518 299 637 266 305 142 616 1195 390 609 0
EOF