NAME : tsp_problem
TYPE : TSP
DIMENSION : 88
EDGE_WEIGHT_TYPE : EXPLICIT
EDGE_WEIGHT_FORMAT : FULL_MATRIX
EDGE_WEIGHT_SECTION
0 907 344 689 1171 447 637 889 429 1355 656 293 840 1231 417 921 267 356 1260 411 498 1253 363 373 500 695 586 105 400 493 95 1350 277 687 356 759 460 816 1025 819 468 1338 188 358 592 750 786 1223 804 1188 1221 107 757 1371 1095 1216 389 1183 957 1040 552 591 907 556 1047 820 504 774 722 833 1153 936 696 761 934 689 457 1259 1226 435 1105 935 555 827 627 994 514 679
907 0 759 1278 362 550 740 150 1203 546 917 708 943 621 832 232 1042 1131 452 671 982 444 624 1148 1275 917 1175 879 660 1082 870 671 1052 791 1131 173 563 204 265 922 729 530 963 773 852 180 174 1998 192 1963 413 881 373 651 286 408 650 1958 197 156 1141 852 167 1146 287 923 919 163 338 936 412 196 1286 865 219 911 560 451 617 850 296 326 1107 216 1216 186 775 295
344 759 0 670 1022 298 489 741 640 1206 361 73 571 1083 96 773 479 568 1112 262 246 1104 215 585 712 400 567 316 251 474 307 1202 489 494 567 611 311 667 877 550 320 1190 399 75 296 602 638 1434 655 1400 1073 318 608 1222 946 1068 241 1395 809 891 533 296 759 537 899 551 182 626 574 564 1005 788 677 492 785 394 308 1111 1078 114 956 787 370 679 608 846 345 530
853 1442 834 0 1706 982 1094 1424 1149 1890 910 829 1120 1766 761 1456 988 1077 1796 946 649 1788 898 1094 1221 949 159 825 935 464 816 1885 998 1043 1077 1295 995 1351 1561 1099 940 1874 909 822 845 1286 1321 1944 1339 1909 1757 827 1292 1906 1630 1751 924 1904 1492 1575 155 845 1442 151 1582 1100 732 1310 1257 1113 1689 1471 80 1042 1469 943 992 1795 1761 743 1640 1470 707 1363 137 1530 894 1214
1171 362 1022 1542 0 814 1004 307 1467 259 1181 972 1207 603 1096 429 1306 1395 387 935 1246 134 887 1412 1539 1181 1439 1143 924 1346 1134 607 1316 1054 1394 511 827 535 462 1186 993 243 1226 1036 1116 518 512 2261 530 2227 112 1145 677 586 165 106 914 2222 394 353 1405 1116 289 1409 484 1187 1182 501 676 1200 348 259 1549 1128 416 1175 824 386 598 1114 175 523 1370 523 1480 201 1039 633
447 550 298 818 814 0 221 532 743 997 406 248 425 874 372 564 582 671 903 211 522 896 163 688 815 398 715 419 200 622 410 993 592 272 670 402 57 459 668 404 269 981 502 312 392 393 429 1537 446 1503 864 421 400 1014 738 859 190 1498 600 682 681 392 550 685 690 405 458 417 365 418 796 579 825 346 577 392 54 902 869 390 748 578 646 470 756 637 315 322
637 740 489 930 1004 221 0 722 933 1188 208 438 226 1064 472 754 772 861 1093 401 506 1086 354 878 1005 200 827 609 390 734 600 1183 782 74 861 592 207 649 858 205 396 1171 693 503 273 583 619 1728 637 1693 1054 611 590 1204 928 1049 380 1688 790 873 793 274 740 797 880 207 386 607 555 220 986 769 937 148 767 194 208 1092 1059 454 938 768 630 660 868 827 350 512
889 150 741 1260 307 532 722 0 1185 490 899 690 925 612 814 326 1024 1113 396 653 964 388 606 1130 1257 899 1157 861 642 1064 852 616 1034 773 1113 229 545 260 359 904 711 474 945 755 834 236 230 1980 248 1945 357 863 429 595 230 352 632 1940 291 250 1123 834 74 1128 381 906 901 219 394 919 356 103 1268 847 313 893 542 395 607 832 240 420 1089 272 1198 130 757 351
429 1203 640 985 1467 743 933 1185 0 1651 953 590 1137 1527 714 1217 273 300 1557 707 794 1549 659 317 299 992 882 401 696 789 355 1647 430 984 103 1056 756 1112 1322 1116 765 1635 341 654 888 1047 1082 1022 1100 987 1518 403 1053 1667 1391 1512 686 982 1253 1336 849 887 1203 853 1343 1117 800 1071 1018 1130 1450 1232 993 1058 1230 986 753 1556 1523 732 1401 1232 852 1124 923 1291 810 975
1355 546 1206 1726 259 997 1188 490 1651 0 1365 1156 1391 651 1280 613 1489 1579 460 1119 1429 341 1071 1596 1722 1365 1623 1327 1108 1530 1317 450 1500 1238 1578 695 1010 719 646 1370 1176 39 1410 1220 1300 702 696 2445 713 2410 309 1329 860 430 349 304 1097 2405 577 537 1589 1299 472 1593 668 1371 1366 684 860 1384 512 443 1733 1312 600 1358 1007 459 646 1298 359 706 1554 707 1664 384 1222 816
656 917 361 746 1181 406 208 899 953 1365 0 412 234 1241 288 931 791 881 1271 271 322 1263 318 897 1024 63 643 629 282 550 619 1360 801 157 880 770 391 826 1035 213 212 1349 712 349 118 760 796 1747 814 1712 1232 631 767 1381 1105 1226 292 1707 967 1050 609 117 917 614 1057 214 202 785 732 227 1163 946 754 155 944 57 392 1269 1236 270 1115 945 447 838 684 1004 167 689
293 708 73 664 972 248 438 690 590 1156 412 0 622 1032 147 722 428 517 1062 212 296 1054 164 534 661 451 561 266 201 468 256 1151 438 489 517 561 261 617 826 601 269 1140 349 87 347 551 587 1384 605 1349 1023 267 558 1172 896 1017 190 1344 758 841 528 346 708 532 848 602 233 576 523 615 955 737 672 543 735 444 258 1061 1027 165 906 736 421 629 602 795 315 480
840 943 571 956 1207 425 226 925 1137 1391 234 622 0 1267 498 957 975 1064 1297 481 532 1289 529 1081 1208 227 853 813 492 760 803 1387 985 176 1064 796 410 852 1062 62 423 1375 896 559 299 787 822 1931 840 1896 1258 814 793 1407 1131 1252 502 1891 993 1076 819 300 943 824 1083 59 412 811 758 48 1190 972 964 101 970 220 411 1296 1262 481 1141 972 657 864 894 1031 377 715
1231 621 1083 1602 603 874 1064 612 1527 651 1241 1032 1267 0 1156 485 1366 1455 496 995 1306 685 948 1472 1599 1241 1499 1203 984 1406 1194 225 1376 1115 1455 648 887 591 436 1246 1053 668 1287 1097 1176 655 620 2322 603 2287 654 1205 500 246 527 648 974 2282 449 533 1465 1176 594 1470 458 1247 1243 632 536 1260 282 564 1610 1188 472 1235 884 494 44 1174 537 319 1431 579 1540 506 1099 578
417 832 96 597 1096 372 472 814 714 1280 288 147 498 1156 0 846 552 642 1186 336 173 1178 288 658 785 327 494 390 325 401 380 1275 562 421 641 685 385 741 951 477 318 1264 473 84 223 676 711 1508 729 1473 1147 392 682 1296 1020 1141 314 1468 882 965 460 223 832 464 972 479 110 700 647 492 1079 861 604 420 859 321 382 1185 1151 110 1030 860 297 753 535 920 272 604
921 232 773 1292 429 564 754 326 1217 613 931 722 957 485 846 0 1056 1145 519 685 996 511 638 1162 1289 931 1189 893 674 1096 884 604 1066 804 1145 187 577 130 129 936 743 597 977 787 866 194 159 2012 142 1977 480 895 343 625 353 474 664 1972 60 144 1155 866 309 1160 150 937 933 171 352 950 407 279 1300 878 78 925 574 518 480 864 363 189 1120 118 1230 253 789 309
267 1042 479 824 1306 582 772 1024 273 1489 791 428 975 1366 552 1056 0 201 1395 546 632 1388 498 218 344 830 721 239 535 628 194 1485 269 822 200 894 595 951 1160 954 603 1473 180 493 726 885 921 1067 938 1032 1356 241 892 1506 1230 1351 524 1027 1092 1174 687 726 1042 691 1182 955 639 909 857 968 1288 1071 831 896 1069 824 592 1394 1361 570 1240 1070 690 962 762 1129 649 814
356 1131 568 913 1395 671 861 1113 300 1579 881 517 1064 1455 642 1145 201 0 1485 635 722 1477 587 55 371 920 810 329 624 717 283 1574 358 912 227 984 684 1040 1249 1043 692 1563 269 582 816 974 1010 1094 1028 1060 1446 331 981 1595 1319 1440 613 1054 1181 1264 776 815 1131 781 1271 1045 728 999 946 1058 1377 1160 921 986 1158 913 681 1483 1450 659 1329 1159 779 1052 851 1218 738 903
1260 452 1112 1631 387 903 1093 396 1557 460 1271 1062 1297 496 1186 519 1395 1485 0 1025 1335 469 977 1501 1628 1271 1529 1233 1014 1435 1223 408 1405 1144 1484 601 916 624 552 1276 1082 477 1316 1126 1206 607 602 2351 619 2316 438 1235 636 388 311 433 1003 2311 483 443 1495 1205 378 1499 573 1277 1272 590 671 1290 240 349 1639 1218 506 1264 913 29 491 1204 321 454 1460 613 1570 290 1128 713
411 671 262 782 935 211 401 653 707 1119 271 212 481 995 336 685 546 635 1025 0 410 1017 73 652 778 310 679 383 110 586 374 1115 556 404 634 524 224 580 790 460 82 1103 466 276 206 515 550 1501 568 1467 986 385 521 1135 859 980 100 1461 721 804 645 205 671 649 811 461 290 539 486 474 918 700 789 402 698 304 221 1024 990 354 869 700 535 592 720 759 128 443
498 982 246 485 1246 522 506 964 794 1429 322 296 532 1306 173 996 632 722 1335 410 0 1328 438 739 865 361 382 470 421 289 460 1425 643 455 721 834 535 891 1100 511 351 1413 553 234 257 825 861 1588 878 1553 1296 472 832 1445 1170 1291 431 1548 1032 1114 348 256 982 353 1122 512 143 849 797 525 1228 1011 493 453 1009 355 532 1334 1301 155 1180 1010 186 902 423 1069 306 754
1253 444 1104 1624 134 896 1086 388 1549 341 1263 1054 1289 685 1178 511 1388 1477 469 1017 1328 0 969 1494 1621 1263 1521 1225 1006 1428 1216 689 1398 1136 1476 593 909 617 544 1268 1075 325 1308 1118 1198 600 594 2343 612 2309 87 1227 759 668 247 88 996 2304 476 435 1487 1197 371 1491 566 1269 1264 582 758 1282 430 341 1631 1210 498 1257 906 468 680 1196 257 605 1452 605 1562 282 1120 715
363 624 215 734 887 163 354 606 659 1071 318 164 529 948 288 638 498 587 977 73 438 969 0 604 731 357 631 335 62 538 326 1067 508 404 586 476 176 532 742 508 130 1055 419 229 253 467 503 1453 520 1419 938 337 473 1087 811 933 52 1414 674 756 597 253 624 602 764 509 337 491 439 522 870 653 742 450 650 351 173 976 943 306 821 652 562 544 672 711 176 395
373 1148 585 930 1412 688 878 1130 317 1596 897 534 1081 1472 658 1162 218 55 1501 652 739 1494 604 0 388 937 827 346 641 734 300 1591 375 929 244 1001 701 1057 1266 1060 709 1580 286 599 833 991 1027 1111 1045 1077 1462 348 998 1612 1336 1457 630 1071 1198 1281 793 832 1148 798 1288 1061 745 1015 963 1074 1394 1177 938 1003 1175 930 698 1500 1467 676 1346 1176 796 1069 868 1235 755 920
500 1275 712 1057 1539 815 1005 1257 299 1722 1024 661 1208 1599 785 1289 344 371 1628 778 865 1621 731 388 0 1063 954 472 767 861 426 1718 502 1055 226 1127 828 1183 1393 1187 836 1706 413 726 959 1118 1154 757 1171 723 1589 474 1124 1738 1463 1584 757 718 1325 1407 920 959 1275 924 1415 1188 872 1142 1090 1201 1521 1304 1064 1129 1302 1057 825 1627 1594 803 1473 1303 923 1195 995 1362 882 1047
695 917 400 785 1181 398 200 899 992 1365 63 451 227 1241 327 931 830 920 1271 310 361 1263 357 937 1063 0 682 668 321 589 658 1360 840 149 919 770 384 826 1035 206 251 1349 751 388 128 760 796 1786 814 1751 1232 670 767 1381 1105 1226 331 1746 967 1050 648 129 917 653 1057 207 241 785 732 220 1163 946 793 148 944 49 385 1269 1236 309 1115 945 486 838 723 1004 206 689
750 1339 731 159 1603 879 991 1322 1047 1787 807 726 1018 1663 658 1353 885 974 1693 843 547 1685 795 991 1118 846 0 722 832 362 713 1783 895 940 974 1192 892 1248 1458 997 837 1771 806 719 742 1183 1218 1841 1236 1806 1654 724 1189 1803 1527 1648 822 1801 1390 1472 98 742 1339 93 1479 998 629 1207 1154 1011 1586 1368 166 939 1366 840 889 1692 1659 640 1537 1368 604 1260 97 1427 791 1111
105 879 316 661 1143 419 609 861 401 1327 629 266 813 1203 390 893 239 329 1233 383 470 1225 335 346 472 668 558 0 372 465 67 1322 250 660 328 732 432 788 997 792 440 1311 160 330 564 722 758 1195 776 1160 1194 79 729 1343 1067 1188 361 1155 929 1012 524 563 879 529 1019 793 476 747 694 806 1126 908 669 734 906 661 429 1232 1198 408 1077 907 527 800 599 967 486 651
400 660 251 771 924 200 390 642 696 1108 282 201 492 984 325 674 535 624 1014 110 421 1006 62 641 767 321 668 372 0 575 363 1104 545 415 623 513 213 569 779 471 94 1092 455 265 217 504 539 1490 557 1456 975 374 510 1124 848 969 89 1451 711 793 634 216 660 638 800 472 301 528 475 485 907 689 778 413 687 315 210 1013 980 343 858 689 546 581 709 748 139 432
718 1307 699 281 1571 847 959 1289 1015 1755 775 694 985 1631 626 1321 853 942 1661 811 514 1653 763 959 1086 814 178 690 800 0 681 1751 863 908 942 1160 860 1216 1426 964 805 1739 774 687 710 1151 1186 1809 1204 1774 1622 692 1157 1771 1495 1616 789 1769 1357 1440 144 710 1307 148 1447 966 597 1175 1122 979 1554 1336 288 907 1334 808 857 1660 1626 608 1505 1336 572 1228 219 1395 759 1079
95 870 307 652 1134 410 600 852 355 1317 619 256 803 1194 380 884 194 283 1223 374 460 1216 326 300 426 658 549 67 363 456 0 1313 204 650 282 722 423 779 988 782 431 1301 114 321 554 713 749 1149 766 1115 1184 69 720 1334 1058 1179 352 1109 920 1003 515 554 870 519 1010 783 467 737 685 796 1116 899 659 724 897 652 420 1222 1189 398 1068 898 518 790 590 957 477 642
1350 671 1202 1721 607 993 1183 616 1647 450 1360 1151 1387 225 1275 604 1485 1574 408 1115 1425 689 1067 1591 1718 1360 1618 1322 1104 1525 1313 0 1495 1234 1574 767 1006 710 556 1366 1172 467 1406 1216 1295 774 740 2441 722 2406 657 1324 619 45 531 652 1093 2401 568 652 1585 1295 598 1589 577 1367 1362 751 655 1380 401 568 1729 1308 591 1354 1003 407 221 1293 541 438 1550 698 1659 510 1218 697
277 1052 489 834 1316 592 782 1034 430 1500 801 438 985 1376 562 1066 269 358 1405 556 643 1398 508 375 502 840 731 250 545 638 204 1495 0 832 358 904 605 961 1170 964 613 1483 190 503 737 895 931 1225 949 1190 1366 252 902 1516 1240 1361 534 1185 1102 1185 697 736 1052 701 1192 965 649 919 867 978 1298 1081 841 906 1079 834 602 1404 1371 580 1250 1080 700 972 772 1139 659 824
687 791 494 879 1054 272 74 773 984 1238 157 489 176 1115 421 804 822 912 1144 404 455 1136 404 929 1055 149 776 660 415 683 650 1234 832 0 911 643 257 699 909 155 345 1222 743 482 222 634 670 1778 687 1743 1105 662 640 1254 978 1100 425 1738 841 923 742 223 790 746 931 156 335 658 605 169 1037 819 886 97 817 143 258 1143 1110 403 988 819 579 711 817 878 299 562
356 1131 567 912 1394 670 861 1113 103 1578 880 517 1064 1455 641 1145 200 227 1484 634 721 1476 586 244 226 919 810 328 623 716 282 1574 358 911 0 983 683 1039 1249 1043 692 1562 268 581 815 974 1010 949 1027 914 1445 330 980 1594 1318 1440 613 909 1181 1263 776 815 1130 780 1271 1044 727 998 945 1057 1377 1159 920 985 1157 913 680 1483 1450 659 1328 1159 779 1051 851 1218 738 902
759 173 611 1130 511 402 592 229 1056 695 770 561 796 648 685 187 894 984 601 524 834 593 476 1001 1127 770 1028 732 513 934 722 767 904 643 983 0 415 81 291 775 581 679 815 625 705 58 52 1850 69 1815 561 734 225 787 435 556 502 1810 223 305 994 704 247 998 313 776 771 40 190 789 561 276 1138 717 200 763 412 599 643 703 445 352 959 93 1069 334 627 147
460 563 311 831 827 57 207 545 756 1010 391 261 410 887 385 577 595 684 916 224 535 909 176 701 828 384 728 432 213 635 423 1006 605 257 683 415 0 472 681 389 282 994 515 325 405 406 442 1550 459 1516 877 434 413 1026 751 872 203 1511 613 695 694 405 563 698 703 390 471 430 378 403 809 592 838 331 590 378 67 915 882 403 761 591 659 483 769 650 327 335
816 204 667 1187 535 459 649 260 1112 719 826 617 852 591 741 130 951 1040 624 580 891 617 532 1057 1183 826 1084 788 569 991 779 710 961 699 1039 81 472 0 234 831 638 702 871 681 761 88 83 1906 100 1872 585 790 281 730 459 580 559 1867 166 249 1050 760 278 1054 256 832 827 71 246 845 513 307 1194 773 143 820 469 623 586 759 469 295 1015 124 1125 358 683 203
1025 265 877 1396 462 668 858 359 1322 646 1035 826 1062 436 951 129 1160 1249 552 790 1100 544 742 1266 1393 1035 1293 997 779 1200 988 556 1170 909 1249 291 681 234 0 1041 847 630 1081 891 971 298 264 2116 246 2081 513 999 294 576 386 507 768 2076 93 176 1260 970 342 1264 44 1042 1037 275 330 1055 359 312 1404 983 116 1029 678 551 432 968 396 141 1225 222 1334 286 893 372
819 922 550 935 1186 404 205 904 1116 1370 213 601 62 1246 477 936 954 1043 1276 460 511 1268 508 1060 1187 206 832 792 471 739 782 1366 964 155 1043 775 389 831 1041 0 402 1354 875 538 278 766 801 1910 819 1875 1237 793 772 1386 1110 1231 481 1870 972 1055 798 279 922 803 1062 82 391 790 737 71 1169 951 943 80 949 199 390 1275 1241 460 1120 951 636 843 873 1010 356 694
468 729 320 775 993 269 396 711 765 1176 212 269 423 1053 318 743 603 692 1082 82 351 1075 130 709 836 251 673 440 94 579 431 1172 613 345 692 581 282 638 847 402 0 1160 524 334 147 572 608 1559 625 1524 1043 442 579 1192 917 1038 104 1519 779 861 639 147 729 643 869 403 231 596 544 416 975 758 783 344 756 245 279 1081 1048 300 927 757 476 649 713 816 71 501
1338 530 1190 1709 243 981 1171 474 1635 39 1349 1140 1375 668 1264 597 1473 1563 477 1103 1413 325 1055 1580 1706 1349 1607 1311 1092 1513 1301 467 1483 1222 1562 679 994 702 630 1354 1160 0 1394 1204 1284 686 680 2429 697 2394 293 1313 844 446 332 288 1081 2389 561 521 1573 1283 456 1577 651 1355 1350 668 844 1368 515 427 1717 1296 584 1342 991 476 663 1282 342 690 1538 691 1648 368 1206 800
188 963 399 744 1226 502 693 945 341 1410 712 349 896 1287 473 977 180 269 1316 466 553 1308 419 286 413 751 642 160 455 549 114 1406 190 743 268 815 515 871 1081 875 524 1394 0 413 647 806 842 1135 859 1101 1277 162 812 1426 1150 1272 445 1096 1013 1095 608 647 963 612 1103 876 559 830 778 889 1209 992 752 817 989 745 512 1315 1282 491 1160 991 611 883 683 1050 570 734
358 773 75 658 1036 312 503 755 654 1220 349 87 559 1097 84 787 493 582 1126 276 234 1118 229 599 726 388 555 330 265 462 321 1216 503 482 581 625 325 681 891 538 334 1204 413 0 284 616 652 1448 669 1414 1087 332 622 1236 960 1082 255 1409 823 905 521 284 773 525 913 539 171 640 587 552 1019 802 665 481 799 382 322 1125 1092 102 970 801 358 693 596 860 333 544
592 852 296 681 1116 392 273 834 888 1300 118 347 299 1176 223 866 726 816 1206 206 257 1198 253 833 959 128 578 564 217 485 554 1295 737 222 815 705 405 761 971 278 147 1284 647 284 0 695 731 1682 749 1647 1167 566 702 1316 1040 1161 227 1642 902 985 544 53 852 549 992 279 137 720 667 292 1099 881 689 220 879 122 402 1205 1171 205 1050 880 382 773 619 940 102 624
750 180 602 1121 518 393 583 236 1047 702 760 551 787 655 676 194 885 974 607 515 825 600 467 991 1118 760 1018 722 504 925 713 774 895 634 974 58 406 88 298 766 572 686 806 616 695 0 59 1841 76 1806 568 724 216 794 442 563 493 1801 230 312 985 695 254 989 320 767 762 47 181 780 568 283 1129 708 207 754 403 606 650 693 452 359 950 100 1059 341 618 138
786 174 638 1157 512 429 619 230 1082 696 796 587 822 620 711 159 921 1010 602 550 861 594 503 1027 1154 796 1054 758 539 961 749 740 931 670 1010 52 442 83 264 801 608 680 842 652 731 59 0 1877 71 1842 563 760 252 760 436 557 529 1837 196 279 1020 731 248 1025 286 802 798 41 217 815 543 277 1165 744 172 790 439 601 616 729 446 325 986 95 1095 336 654 174
1223 1998 1434 1779 2261 1537 1728 1980 1022 2445 1747 1384 1931 2322 1508 2012 1067 1094 2351 1501 1588 2343 1453 1111 757 1786 1677 1195 1490 1583 1149 2441 1225 1778 949 1850 1550 1906 2116 1910 1559 2429 1135 1448 1682 1841 1877 0 1894 143 2312 1197 1847 2461 2185 2307 1480 127 2048 2130 1643 1682 1997 1647 2138 1911 1594 1865 1812 1924 2244 2026 1787 1852 2024 1780 1547 2350 2317 1526 2195 2026 1646 1918 1718 2085 1605 1769
804 192 655 1175 530 446 637 248 1100 713 814 605 840 603 729 142 938 1028 619 568 878 612 520 1045 1171 814 1072 776 557 979 766 722 949 687 1027 69 459 100 246 819 625 697 859 669 749 76 71 1894 0 1859 580 778 269 742 454 575 546 1854 178 261 1038 748 266 1042 268 820 815 59 234 833 525 295 1182 761 155 807 456 618 598 747 464 307 1003 112 1113 353 671 191
1188 1963 1400 1745 2227 1503 1693 1945 987 2410 1712 1349 1896 2287 1473 1977 1032 1060 2316 1467 1553 2309 1419 1077 723 1751 1642 1160 1456 1549 1115 2406 1190 1743 914 1815 1516 1872 2081 1875 1524 2394 1101 1414 1647 1806 1842 143 1859 0 2277 1162 1813 2427 2151 2272 1445 169 2013 2096 1608 1647 1963 1612 2103 1876 1560 1830 1778 1889 2209 1992 1752 1817 1990 1745 1513 2315 2282 1491 2161 1991 1611 1883 1683 2050 1570 1735
1221 413 1073 1592 112 864 1054 357 1518 309 1232 1023 1258 654 1147 480 1356 1446 438 986 1296 87 938 1462 1589 1232 1490 1194 975 1396 1184 657 1366 1105 1445 561 877 585 513 1237 1043 293 1277 1087 1167 568 563 2312 580 2277 0 1196 727 637 215 119 964 2272 444 404 1456 1166 339 1460 534 1238 1233 551 726 1251 398 310 1600 1179 467 1225 874 437 649 1165 225 573 1421 574 1531 251 1089 683
107 881 318 663 1145 421 611 863 403 1329 631 267 814 1205 392 895 241 331 1235 385 472 1227 337 348 474 670 560 79 374 467 69 1324 252 662 330 734 434 790 999 793 442 1313 162 332 566 724 760 1197 778 1162 1196 0 731 1345 1069 1190 363 1157 931 1014 526 565 881 531 1021 795 478 749 696 808 1128 910 671 736 908 663 431 1234 1200 409 1079 909 529 802 601 968 488 653
757 373 608 1128 677 400 590 429 1053 860 767 558 793 500 682 343 892 981 636 521 832 759 473 998 1124 767 1025 729 510 932 720 619 902 640 980 225 413 281 294 772 579 844 812 622 702 216 252 1847 269 1813 727 731 0 640 601 722 500 1808 307 391 991 701 447 995 316 773 768 240 108 786 423 476 1135 714 330 761 409 635 495 700 611 204 956 293 1066 500 624 144
1371 651 1222 1742 586 1014 1204 595 1667 430 1381 1172 1407 246 1296 625 1506 1595 388 1135 1445 668 1087 1612 1738 1381 1639 1343 1124 1546 1334 45 1516 1254 1594 787 1026 730 576 1386 1192 446 1426 1236 1316 794 760 2461 742 2427 637 1345 640 0 510 632 1113 2421 589 642 1605 1315 577 1609 598 1387 1382 771 675 1400 422 548 1749 1328 612 1375 1023 387 241 1314 520 458 1570 719 1680 489 1238 717
1095 286 946 1466 165 738 928 230 1391 349 1105 896 1131 527 1020 353 1230 1319 311 859 1170 247 811 1336 1463 1105 1363 1067 848 1270 1058 531 1240 978 1318 435 751 459 386 1110 917 332 1150 960 1040 442 436 2185 454 2151 215 1069 601 510 0 210 838 2146 318 277 1329 1039 213 1333 408 1111 1106 425 600 1124 272 183 1473 1052 340 1099 748 310 522 1038 47 447 1294 447 1404 124 962 557
1216 408 1068 1587 106 859 1049 352 1512 304 1226 1017 1252 648 1141 474 1351 1440 433 980 1291 88 933 1457 1584 1226 1484 1188 969 1391 1179 652 1361 1100 1440 556 872 580 507 1231 1038 288 1272 1082 1161 563 557 2307 575 2272 119 1190 722 632 210 0 959 2267 439 398 1450 1161 334 1455 529 1232 1228 546 721 1245 393 305 1595 1174 461 1220 869 432 643 1159 220 568 1416 568 1525 246 1084 678
389 650 241 760 914 190 380 632 686 1097 292 190 502 974 314 664 524 613 1003 100 431 996 52 630 757 331 657 361 89 564 352 1093 534 425 613 502 203 559 768 481 104 1081 445 255 227 493 529 1480 546 1445 964 363 500 1113 838 959 0 1440 700 782 623 226 650 628 790 482 311 517 465 495 896 679 768 423 677 325 200 1002 969 332 848 678 556 570 698 737 149 422
1183 1958 1395 1740 2222 1498 1688 1940 982 2405 1707 1344 1891 2282 1468 1972 1027 1054 2311 1461 1548 2304 1414 1071 718 1746 1637 1155 1451 1544 1109 2401 1185 1738 909 1810 1511 1867 2076 1870 1519 2389 1096 1409 1642 1801 1837 127 1854 169 2272 1157 1808 2421 2146 2267 1440 0 2008 2090 1603 1642 1958 1607 2098 1871 1555 1825 1773 1884 2204 1987 1747 1812 1985 1740 1508 2310 2277 1486 2156 1986 1606 1878 1678 2045 1565 1730
957 197 809 1328 394 600 790 291 1253 577 967 758 993 449 882 60 1092 1181 483 721 1032 476 674 1198 1325 967 1225 929 711 1132 920 568 1102 841 1181 223 613 166 93 972 779 561 1013 823 902 230 196 2048 178 2013 444 931 307 589 318 439 700 2008 0 108 1191 902 273 1196 114 974 969 207 343 987 371 244 1336 915 47 961 610 482 444 900 328 153 1157 154 1266 217 825 345
1040 156 891 1411 353 682 873 250 1336 537 1050 841 1076 533 965 144 1174 1264 443 804 1114 435 756 1281 1407 1050 1308 1012 793 1215 1003 652 1185 923 1263 305 695 249 176 1055 861 521 1095 905 985 312 279 2130 261 2096 404 1014 391 642 277 398 782 2090 108 0 1274 984 233 1278 198 1056 1051 290 427 1069 403 203 1418 997 131 1044 692 442 528 983 287 237 1239 237 1349 177 907 427
716 1306 697 155 1569 845 957 1288 1013 1753 774 692 984 1630 624 1320 851 941 1659 809 513 1651 762 958 1084 813 98 689 798 328 679 1749 861 906 940 1158 858 1214 1424 963 803 1737 772 685 709 1149 1185 1807 1202 1772 1620 691 1155 1769 1493 1615 788 1767 1356 1438 0 708 1306 90 1446 964 595 1173 1121 977 1552 1335 163 905 1332 806 855 1658 1625 607 1503 1334 570 1226 93 1393 757 1077
591 852 296 680 1116 392 274 834 887 1299 117 346 300 1176 223 866 726 815 1205 205 256 1197 253 832 959 129 578 563 216 484 554 1295 736 223 815 704 405 760 970 279 147 1283 647 284 53 695 731 1682 748 1647 1166 565 701 1315 1039 1161 226 1642 902 984 544 0 852 548 992 280 136 719 667 293 1098 881 688 221 878 123 401 1204 1171 205 1049 880 381 772 619 939 101 623
907 167 759 1278 289 550 740 74 1203 472 917 708 943 594 832 309 1042 1131 378 671 982 371 624 1148 1275 917 1175 879 660 1082 870 598 1052 790 1130 247 563 278 342 922 729 456 963 773 852 254 248 1997 266 1963 339 881 447 577 213 334 650 1958 273 233 1141 852 0 1146 363 923 919 237 412 936 339 119 1286 864 296 911 560 377 589 850 223 402 1106 290 1216 112 775 369
721 1310 702 151 1574 850 962 1292 1017 1757 778 696 988 1634 629 1324 856 945 1663 814 517 1656 766 962 1089 817 93 693 803 332 684 1753 866 911 944 1162 863 1219 1428 967 807 1741 776 690 713 1153 1189 1811 1206 1777 1624 695 1160 1774 1498 1619 792 1772 1360 1443 90 712 1310 0 1450 968 599 1177 1125 981 1556 1339 158 909 1337 811 860 1662 1629 611 1508 1338 575 1230 89 1397 762 1082
1047 287 899 1418 484 690 880 381 1343 668 1057 848 1083 458 972 150 1182 1271 573 811 1122 566 764 1288 1415 1057 1315 1019 800 1222 1010 577 1192 931 1271 313 703 256 44 1062 869 651 1103 913 992 320 286 2138 268 2103 534 1021 316 598 408 529 790 2098 114 198 1281 992 363 1286 0 1063 1059 297 352 1076 381 334 1426 1005 137 1051 700 572 453 990 418 162 1247 244 1356 307 915 394
820 923 551 936 1187 405 207 906 1117 1371 214 602 59 1247 479 937 955 1045 1277 461 512 1269 509 1061 1188 207 833 793 472 740 783 1367 965 156 1044 776 390 832 1042 82 403 1355 876 539 279 767 802 1911 820 1876 1238 795 773 1387 1111 1232 482 1871 974 1056 800 280 923 804 1063 0 392 791 738 68 1170 952 944 81 950 201 391 1276 1243 461 1121 952 637 844 874 1011 357 695
504 919 182 567 1182 458 386 901 800 1366 202 233 412 1243 110 933 639 728 1272 290 143 1264 337 745 872 241 464 476 301 371 467 1362 649 335 727 771 471 827 1037 391 231 1350 559 171 137 762 798 1594 815 1560 1233 478 768 1382 1106 1228 311 1555 969 1051 431 136 919 435 1059 392 0 786 734 405 1165 948 575 333 945 235 468 1271 1238 92 1116 947 268 839 505 1006 186 690
774 163 626 1145 501 417 607 219 1071 684 785 576 811 632 700 171 909 999 590 539 849 582 491 1015 1142 785 1043 747 528 949 737 751 919 658 998 40 430 71 275 790 596 668 830 640 720 47 41 1865 59 1830 551 749 240 771 425 546 517 1825 207 290 1009 719 237 1013 297 791 786 0 205 804 551 266 1153 732 184 778 427 589 627 718 434 336 974 83 1083 324 642 162
722 338 574 1093 676 365 555 394 1018 860 732 523 758 536 647 352 857 946 671 486 797 758 439 963 1090 732 990 694 475 897 685 655 867 605 945 190 378 246 330 737 544 844 778 587 667 181 217 1812 234 1778 726 696 108 675 600 721 465 1773 343 427 956 667 412 961 352 738 734 205 0 751 458 441 1101 679 365 726 375 670 531 665 610 240 921 258 1031 499 590 110
833 936 564 949 1200 418 220 919 1130 1384 227 615 48 1260 492 950 968 1058 1290 474 525 1282 522 1074 1201 220 846 806 485 753 796 1380 978 169 1057 789 403 845 1055 71 416 1368 889 552 292 780 815 1924 833 1889 1251 808 786 1400 1124 1245 495 1884 987 1069 813 293 936 817 1076 68 405 804 751 0 1183 965 957 94 963 214 404 1289 1256 474 1134 965 650 857 887 1024 370 708
1153 412 1005 1524 348 796 986 356 1450 512 1163 955 1190 282 1079 407 1288 1377 240 918 1228 430 870 1394 1521 1163 1421 1126 907 1328 1116 401 1298 1037 1377 561 809 513 359 1169 975 515 1209 1019 1099 568 543 2244 525 2209 398 1128 423 422 272 393 896 2204 371 403 1388 1098 339 1392 381 1170 1165 551 458 1183 0 309 1532 1111 394 1157 806 239 277 1097 282 241 1353 501 1462 251 1021 500
936 196 788 1307 259 579 769 103 1232 443 946 737 972 564 861 279 1071 1160 349 700 1011 341 653 1177 1304 946 1204 908 689 1111 899 568 1081 819 1159 276 592 307 312 951 758 427 992 802 881 283 277 2026 295 1992 310 910 476 548 183 305 679 1987 244 203 1170 881 119 1175 334 952 948 266 441 965 309 0 1315 893 266 940 589 348 560 879 193 373 1135 319 1245 83 804 398
861 1450 842 80 1714 990 1102 1432 1157 1897 918 836 1128 1774 769 1464 996 1085 1803 954 657 1796 906 1102 1229 957 166 833 943 472 824 1893 1006 1051 1084 1302 1003 1359 1568 1107 947 1881 916 830 853 1293 1329 1951 1346 1917 1764 835 1300 1914 1638 1759 932 1912 1500 1583 163 852 1450 158 1590 1108 739 1317 1265 1121 1696 1479 0 1049 1477 951 1000 1802 1769 751 1648 1478 715 1370 143 1537 902 1222
761 865 492 877 1128 346 148 847 1058 1312 155 543 101 1188 420 878 896 986 1218 402 453 1210 450 1003 1129 148 774 734 413 681 724 1308 906 97 985 717 331 773 983 80 344 1296 817 481 220 708 744 1852 761 1817 1179 736 714 1328 1052 1174 423 1812 915 997 741 221 864 745 1005 81 333 732 679 94 1111 893 885 0 891 142 332 1217 1184 402 1062 893 578 785 815 952 298 636
934 219 785 1305 416 577 767 313 1230 600 944 735 970 472 859 78 1069 1158 506 698 1009 498 650 1175 1302 944 1202 906 687 1109 897 591 1079 817 1157 200 590 143 116 949 756 584 989 799 879 207 172 2024 155 1990 467 908 330 612 340 461 677 1985 47 131 1168 878 296 1172 137 950 945 184 365 963 394 266 1312 891 0 938 587 505 467 877 350 176 1133 131 1243 240 801 321
689 911 394 779 1175 392 194 893 986 1358 57 444 220 1235 321 925 824 913 1264 304 355 1257 351 930 1057 49 676 661 315 583 652 1354 834 143 913 763 378 820 1029 199 245 1342 745 382 122 754 790 1780 807 1745 1225 663 761 1375 1099 1220 325 1740 961 1044 642 123 911 646 1051 201 235 778 726 214 1157 940 786 142 938 0 379 1263 1230 303 1109 939 479 831 717 998 199 683
457 560 308 828 824 54 208 542 753 1007 392 258 411 884 382 574 592 681 913 221 532 906 173 698 825 385 725 429 210 632 420 1003 602 258 680 412 67 469 678 390 279 991 512 322 402 403 439 1547 456 1513 874 431 409 1023 748 869 200 1508 610 692 691 401 560 695 700 391 468 427 375 404 806 589 835 332 587 379 0 912 879 400 758 588 656 480 766 647 324 332
1259 451 1111 1630 386 902 1092 395 1556 459 1269 1061 1296 494 1185 518 1394 1483 29 1024 1334 468 976 1500 1627 1269 1527 1232 1013 1434 1222 407 1404 1143 1483 599 915 623 551 1275 1081 476 1315 1125 1205 606 601 2350 618 2315 437 1234 635 387 310 432 1002 2310 482 442 1494 1204 377 1498 572 1276 1271 589 670 1289 239 348 1638 1217 505 1263 912 0 490 1203 320 453 1459 612 1568 289 1127 712
1226 617 1078 1597 598 869 1059 607 1523 646 1236 1027 1262 44 1151 480 1361 1450 491 990 1301 680 943 1467 1594 1236 1494 1198 980 1401 1189 221 1371 1110 1450 643 882 586 432 1241 1048 663 1282 1092 1171 650 616 2317 598 2282 649 1200 495 241 522 643 969 2277 444 528 1460 1171 589 1465 453 1243 1238 627 531 1256 277 560 1605 1184 467 1230 879 490 0 1169 532 314 1426 574 1535 501 1094 573
435 850 114 579 1114 390 454 832 732 1298 270 165 481 1174 110 864 570 659 1204 354 155 1196 306 676 803 309 476 408 343 383 398 1293 580 403 659 703 403 759 968 460 300 1282 491 102 205 693 729 1526 747 1491 1165 409 700 1314 1038 1159 332 1486 900 983 442 205 850 447 990 461 92 718 665 474 1097 879 587 402 877 303 400 1203 1169 0 1048 878 280 771 517 937 254 622
1105 296 956 1476 175 748 938 240 1401 359 1115 906 1141 537 1030 363 1240 1329 321 869 1180 257 821 1346 1473 1115 1373 1077 858 1280 1068 541 1250 988 1328 445 761 469 396 1120 927 342 1160 970 1050 452 446 2195 464 2161 225 1079 611 520 47 220 848 2156 328 287 1339 1049 223 1343 418 1121 1116 434 610 1134 282 193 1483 1062 350 1109 758 320 532 1048 0 457 1304 457 1414 134 972 567
935 326 787 1306 523 578 768 420 1232 706 945 736 972 319 860 189 1070 1159 454 700 1010 605 652 1176 1303 945 1203 907 689 1110 898 438 1080 819 1159 352 591 295 141 951 757 690 991 801 880 359 325 2026 307 1991 573 909 204 458 447 568 678 1986 153 237 1169 880 402 1174 162 952 947 336 240 965 241 373 1314 893 176 939 588 453 314 878 457 0 1135 283 1244 346 803 282
555 1107 370 543 1370 646 630 1089 852 1554 447 421 657 1431 297 1120 690 779 1460 535 186 1452 562 796 923 486 440 527 546 347 518 1550 700 579 779 959 659 1015 1225 636 476 1538 611 358 382 950 986 1646 1003 1611 1421 529 956 1570 1294 1416 556 1606 1157 1239 406 381 1106 410 1247 637 268 974 921 650 1353 1135 550 578 1133 479 656 1459 1426 280 1304 1135 0 1027 481 1194 430 878
827 216 679 1198 523 470 660 272 1124 707 838 629 864 579 753 118 962 1052 613 592 902 605 544 1069 1195 838 1096 800 581 1003 790 698 972 711 1051 93 483 124 222 843 649 691 883 693 773 100 95 1918 112 1883 574 802 293 719 447 568 570 1878 154 237 1062 772 290 1066 244 844 839 83 258 857 501 319 1206 785 131 831 480 612 574 771 457 283 1027 0 1137 347 695 215
791 1380 772 137 1644 920 1032 1362 1088 1828 848 767 1059 1704 699 1394 926 1015 1734 884 588 1726 836 1032 1159 887 97 763 873 403 754 1824 936 981 1015 1233 933 1289 1499 1038 878 1812 847 760 783 1224 1259 1882 1277 1847 1695 765 1230 1844 1568 1689 863 1842 1431 1513 93 783 1380 89 1520 1039 670 1248 1195 1052 1627 1409 143 980 1407 881 930 1733 1700 681 1578 1409 645 1301 0 1468 832 1152
994 186 846 1365 201 637 827 130 1291 384 1004 795 1031 506 920 253 1129 1218 290 759 1069 282 711 1235 1362 1004 1262 967 748 1169 957 510 1139 878 1218 334 650 358 286 1010 816 368 1050 860 940 341 336 2085 353 2050 251 968 500 489 124 246 737 2045 217 177 1229 939 112 1233 307 1011 1006 324 499 1024 251 83 1373 952 240 998 647 289 501 937 134 346 1194 347 1303 0 862 456
514 775 345 730 1039 315 350 757 810 1222 167 315 377 1099 272 789 649 738 1128 128 306 1120 176 755 882 206 627 486 139 534 477 1218 659 299 738 627 327 683 893 356 71 1206 570 333 102 618 654 1605 671 1570 1089 488 624 1238 962 1084 149 1565 825 907 593 101 775 597 915 357 186 642 590 370 1021 804 737 298 801 199 324 1127 1094 254 972 803 430 695 668 862 0 546
679 295 530 1050 633 322 512 351 975 816 689 480 715 578 604 309 814 903 713 443 754 715 395 920 1047 689 947 651 432 854 642 697 824 562 902 147 335 203 372 694 501 800 734 544 624 138 174 1769 191 1735 683 653 144 717 557 678 422 1730 345 427 913 623 369 917 394 695 690 162 110 708 500 398 1057 636 321 683 332 712 573 622 567 282 878 215 988 456 546 0
EOF