NAME : tsp_problem
TYPE : TSP
DIMENSION : 24
EDGE_WEIGHT_TYPE : EXPLICIT
EDGE_WEIGHT_FORMAT : FULL_MATRIX
EDGE_WEIGHT_SECTION
0 738 480 634 1185 1397 560 838 552 682 1232 437 104 506 648 1262 675 485 498 421 630 834 390 576
902 0 1254 1223 1773 1986 1148 1172 204 103 1820 1020 904 787 138 1851 982 690 1087 806 1150 1422 979 180
480 1090 0 986 1537 1749 911 1190 904 1034 1583 789 482 858 1000 1614 1027 836 850 773 981 1185 742 928
634 1058 986 0 652 865 394 673 873 1003 699 429 636 653 968 655 634 683 333 568 464 227 382 897
1185 1609 1537 652 0 323 945 1223 1424 1553 69 980 1187 1203 1519 455 1184 1233 883 1118 1015 478 933 1447
1397 1821 1749 865 323 0 1157 1435 1636 1766 276 1192 1399 1415 1731 640 1397 1445 1095 1330 1227 779 1145 1660
560 984 911 394 945 1157 0 308 798 928 992 354 562 467 894 1022 269 558 91 493 99 594 308 822
838 1007 1190 673 1223 1435 308 0 822 951 1270 452 840 413 917 1300 214 503 369 493 232 872 500 846
717 204 1068 1037 1588 1800 963 986 0 148 1635 835 719 602 114 1665 796 504 901 621 965 1237 793 66
847 103 1198 1167 1718 1930 1092 1116 148 0 1764 965 849 732 155 1795 926 634 1031 751 1095 1367 923 125
1232 1656 1583 699 69 276 992 1270 1470 1600 0 1027 1234 1250 1566 502 1231 1280 930 1165 1061 525 980 1494
437 856 789 429 980 1192 354 452 670 800 1027 0 439 261 766 1057 262 352 293 341 424 629 97 694
104 740 482 636 1187 1399 562 840 554 684 1234 439 0 508 650 1264 677 487 500 423 632 836 392 578
506 623 858 653 1203 1415 467 413 437 567 1250 261 508 0 533 1280 223 119 516 108 392 852 309 461
812 138 1164 1133 1683 1896 1058 1082 114 155 1730 930 814 697 0 1761 892 600 997 716 1060 1332 888 90
1262 1686 1614 655 455 640 1022 1300 1501 1630 502 1057 1264 1280 1596 0 1262 1310 960 1195 1092 449 1010 1525
675 818 1027 634 1184 1397 269 214 632 762 1231 262 677 223 728 1262 0 314 331 303 193 833 310 656
485 525 836 683 1233 1445 558 503 340 470 1280 352 487 119 435 1310 314 0 546 138 482 882 400 364
498 922 850 333 883 1095 91 369 737 867 930 293 500 516 832 960 331 546 0 432 161 532 246 761
421 642 773 568 1118 1330 493 493 456 586 1165 341 423 108 552 1195 303 138 432 0 471 767 323 480
630 986 981 464 1015 1227 99 232 801 930 1061 424 632 392 896 1092 193 482 161 471 0 663 377 824
834 1258 1185 227 478 779 594 872 1072 1202 525 629 836 852 1168 449 833 882 532 767 663 0 582 1096
390 814 742 382 933 1145 308 500 629 758 980 97 392 309 724 1010 310 400 246 323 377 582 0 653
741 180 1092 1061 1612 1824 986 1010 66 125 1659 859 743 626 90 1689 820 528 925 645 989 1261 817 0
EOF