NAME : tsp_problem
TYPE : TSP
DIMENSION : 86
EDGE_WEIGHT_TYPE : EXPLICIT
EDGE_WEIGHT_FORMAT : FULL_MATRIX
EDGE_WEIGHT_SECTION
0 830 578 110 610 235 940 917 1320 955 882 933 1269 959 361 1188 503 1443 147 925 172 1437 663 1028 1055 764 1175 804 882 1131 378 478 938 1283 939 1376 1443 1464 955 268 607 379 391 987 1385 802 995 950 877 746 1403 871 539 1032 1196 808 953 838 1004 726 772 962 221 832 855 378 277 578 557 1209 1199 744 923 1031 1016 1089 836 286 1813 1039 285 542 1013 825 1016 1223
830 0 393 743 296 646 923 899 1302 266 633 915 1251 941 498 499 488 1425 707 235 681 1419 646 1010 365 747 486 115 193 1113 483 428 920 1265 922 1358 1425 1447 937 613 297 528 555 298 1367 784 977 260 628 104 1385 623 368 343 1178 790 935 589 986 708 754 944 660 814 69 543 603 328 348 1191 1181 726 905 1013 998 400 91 595 1795 1022 596 459 996 808 326 1206
578 393 0 491 360 368 989 966 1369 518 317 982 1318 1008 565 751 108 1492 502 488 527 1486 712 1077 617 813 738 367 445 1180 550 228 987 1332 989 1425 1492 1513 1004 335 357 224 251 550 1434 851 1044 513 312 309 1452 306 288 595 1245 857 1002 273 1053 775 821 1011 382 881 418 239 326 327 306 1258 1248 793 972 1080 1065 652 399 317 1862 1088 318 80 1062 874 579 1273
110 743 491 0 523 148 853 830 1233 868 795 846 1182 871 274 1101 416 1355 60 837 85 1350 576 941 967 677 1088 717 795 1044 291 391 851 1196 852 1289 1356 1377 868 180 520 291 303 900 1297 714 907 862 790 659 1315 784 451 945 1108 721 866 751 917 639 685 874 133 744 768 291 190 490 469 1122 1111 656 835 944 929 1002 749 198 1726 952 197 455 926 738 928 1136
610 296 360 523 0 400 718 695 1098 421 603 711 1047 737 293 654 285 1220 503 391 476 1215 441 806 521 542 641 270 349 909 279 155 716 1061 717 1154 1221 1242 733 366 45 256 283 453 1162 580 773 416 598 213 1181 592 96 498 974 586 731 559 782 504 550 740 414 610 322 270 357 56 75 987 977 522 701 809 794 555 302 349 1591 817 349 323 791 603 482 1001
235 646 368 148 400 0 914 891 1294 771 672 907 1243 933 372 1004 293 1416 158 741 183 1411 637 1002 871 738 992 620 699 1105 389 268 912 1257 913 1350 1417 1438 929 121 397 169 181 803 1358 776 969 766 667 563 1377 661 329 849 1170 782 927 628 978 700 746 936 87 806 672 168 111 368 347 1183 1173 718 897 1005 990 906 652 103 1787 1013 104 332 987 799 832 1197
940 923 989 853 718 914 0 167 404 1048 1230 108 353 200 608 1281 979 527 817 1017 791 521 377 187 1147 294 1268 897 975 215 593 850 188 368 114 460 527 549 109 881 720 929 941 1080 469 254 428 1042 1225 839 555 1219 790 1125 429 260 203 1186 164 406 266 278 928 284 948 928 871 751 770 293 283 424 401 464 101 1182 929 863 1174 199 864 1018 447 277 1108 308
917 899 966 830 695 891 167 0 502 1024 1206 160 451 111 585 1257 956 624 794 994 768 619 279 134 1124 196 1245 873 952 313 570 826 91 465 166 558 625 646 182 858 696 905 917 1056 566 156 375 1019 1202 816 653 1196 767 1102 526 162 105 1162 111 308 168 225 905 186 925 905 848 727 747 391 380 326 348 411 198 1159 905 840 1225 146 840 995 394 180 1085 405
1320 1302 1369 1233 1098 1294 404 502 0 1427 1610 410 501 460 988 1660 1359 158 1197 1397 1171 152 757 447 1527 674 1648 1276 1355 363 973 1230 482 60 404 91 202 179 389 1261 1099 1308 1320 1460 88 633 452 1422 1605 1219 174 1599 1170 1505 380 640 466 1566 423 727 645 538 1308 663 1328 1308 1251 1130 1150 134 144 709 530 420 328 1562 1308 1243 1553 458 1243 1398 438 657 1488 456
955 266 518 868 421 771 1048 1024 1427 0 758 1040 1376 1066 623 481 613 1550 832 61 806 1544 771 1135 347 872 468 240 101 1238 608 553 1046 1391 1047 1483 1550 1572 1062 738 423 653 680 71 1492 909 1102 242 753 229 1510 748 493 325 1303 915 1060 714 1111 833 879 1069 785 939 291 668 728 453 473 1316 1306 851 1030 1138 1124 382 272 720 1920 1147 721 584 1121 933 87 1331
1046 798 481 959 768 836 1394 1371 1774 923 0 1387 1723 1412 969 1156 576 1896 969 892 994 1891 1117 1482 1022 1218 1143 772 850 1585 955 696 1392 1737 1393 1830 1897 1918 1409 803 769 692 719 955 1838 1255 1448 917 75 714 1856 69 756 1000 1649 1262 1407 62 1458 1180 1226 1415 850 1285 823 707 793 795 774 1663 1652 1198 1377 1485 1470 1057 804 785 2267 1493 786 547 1467 1279 983 1677
933 915 982 846 711 907 108 160 410 1040 1223 0 359 202 601 1273 972 533 810 1010 784 527 370 193 1140 287 1261 889 968 221 586 843 181 373 107 466 533 555 115 874 712 921 933 1073 475 246 434 1035 1218 832 561 1212 783 1118 435 253 196 1179 169 398 258 284 921 276 941 921 864 743 763 299 289 416 407 470 106 1175 921 856 1166 205 856 1011 453 270 1101 314
1269 1251 1318 1182 1047 1243 353 451 501 1376 1558 359 0 409 937 1609 1308 446 1146 1346 1120 452 705 396 1476 623 1597 1225 1304 255 922 1178 430 464 353 513 401 424 337 1209 1048 1257 1269 1408 566 582 598 1371 1553 1168 652 1548 1119 1453 526 588 415 1514 372 734 594 486 1257 612 1277 1257 1200 1079 1099 390 380 752 609 566 277 1510 1257 1192 1502 407 1192 1347 583 606 1437 112
959 941 1008 871 737 933 200 111 460 1066 1248 202 409 0 626 1299 998 582 836 1036 810 577 321 93 1166 238 1286 915 994 271 612 868 101 423 200 516 583 604 185 899 738 947 959 1098 525 198 333 1061 1243 858 611 1237 809 1143 484 204 85 1204 69 350 210 183 946 228 967 947 890 769 788 349 339 368 306 370 156 1200 947 882 1267 104 882 1036 352 221 1127 363
361 498 565 274 293 372 608 585 988 623 805 601 937 626 0 856 554 1110 238 593 212 1105 331 696 722 432 843 472 550 799 74 425 606 951 607 1044 1111 1132 623 405 295 504 516 655 1052 469 662 617 800 414 1070 794 365 700 863 476 621 761 672 394 440 629 358 499 523 503 414 326 345 877 866 412 591 699 684 757 504 423 1481 707 422 593 681 493 683 891
1188 499 751 1101 654 1004 1281 1257 1660 481 991 1273 1609 1299 856 0 846 1783 1065 450 1039 1777 1004 1368 371 1105 123 473 408 1471 841 786 1279 1624 1280 1716 1783 1805 1295 971 656 886 913 513 1725 1142 1335 266 987 462 1743 981 726 204 1536 1148 1293 947 1345 1066 1112 1302 1018 1172 524 901 961 687 706 1549 1539 1084 1263 1371 1357 261 505 953 2153 1380 954 817 1354 1166 541 1564
503 488 108 416 285 293 979 956 1359 613 411 972 1308 998 554 846 0 1481 427 582 452 1476 702 1067 712 803 833 462 540 1170 540 153 977 1322 978 1415 1482 1503 994 260 282 149 176 645 1423 840 1034 607 406 404 1442 401 213 690 1235 847 992 367 1043 765 811 1001 307 870 513 164 251 252 232 1248 1237 783 962 1070 1055 747 493 242 1852 1078 243 72 1052 864 673 1262
1443 1425 1492 1355 1220 1416 527 624 158 1550 1732 533 446 582 1110 1783 1481 0 1320 1520 1293 34 879 569 1649 796 1770 1399 1477 474 1096 1352 604 183 526 90 67 45 511 1383 1222 1431 1443 1582 222 756 574 1545 1727 1341 309 1721 1293 1627 503 762 588 1688 546 850 768 660 1430 786 1450 1431 1374 1253 1272 256 267 832 653 543 450 1684 1431 1365 1676 581 1366 1520 560 780 1611 401
147 707 502 60 503 158 817 794 1197 832 805 810 1146 836 238 1065 427 1320 0 802 50 1314 540 905 932 642 1053 681 760 1008 255 401 815 1160 817 1253 1320 1341 832 191 504 302 314 864 1262 679 872 827 800 624 1280 794 462 909 1073 685 830 761 881 603 649 839 144 709 733 301 200 501 480 1086 1076 621 800 908 893 966 713 209 1690 916 208 466 890 703 893 1101
925 235 488 837 391 741 1017 994 1397 61 728 1010 1346 1036 593 450 582 1520 802 0 776 1514 740 1105 317 842 438 209 111 1208 578 522 1015 1360 1017 1453 1520 1541 1032 708 392 623 650 93 1462 879 1072 212 723 199 1480 717 463 295 1273 885 1030 684 1081 803 849 1039 755 909 261 638 698 423 443 1286 1276 821 1000 1108 1093 352 241 690 1890 1116 690 554 1090 902 122 1301
172 681 527 85 476 183 791 768 1171 806 830 784 1120 810 212 1039 452 1293 50 776 0 1288 514 879 905 615 1026 655 733 982 229 426 789 1134 790 1227 1294 1315 806 216 478 327 339 838 1235 652 846 801 825 597 1254 819 487 883 1046 659 804 786 855 577 623 812 169 682 706 326 225 509 505 1060 1049 595 774 882 867 940 687 234 1664 890 233 490 864 676 867 1074
1437 1419 1486 1350 1215 1411 521 619 152 1544 1726 527 452 577 1105 1777 1476 34 1314 1514 1288 0 874 564 1644 791 1765 1393 1472 480 1090 1346 598 177 521 85 73 51 505 1377 1216 1425 1437 1576 216 750 569 1539 1721 1336 303 1716 1287 1622 497 756 583 1682 540 844 762 654 1425 780 1445 1425 1368 1247 1267 251 261 826 647 537 445 1679 1425 1360 1670 575 1360 1515 554 774 1605 407
663 646 712 576 441 637 377 279 757 771 953 370 705 321 331 1004 702 879 540 740 514 874 0 390 870 127 991 620 698 568 316 573 301 720 376 813 880 901 392 604 443 652 664 803 821 164 357 765 948 562 765 942 513 848 558 170 315 909 367 88 134 324 651 194 671 651 594 474 493 646 635 106 285 393 453 905 652 586 1366 402 587 741 376 188 831 660
1028 1010 1077 941 806 1002 187 134 447 1135 1317 193 396 93 696 1368 1067 569 905 1105 879 564 390 0 1235 307 1356 984 1063 258 681 937 114 410 187 503 570 591 172 969 807 1016 1028 1167 511 267 264 1130 1312 927 598 1307 878 1213 465 268 98 1273 56 419 279 114 1016 245 1036 1016 959 838 858 336 325 416 237 300 143 1270 1016 951 1336 36 951 1106 283 251 1196 350
1055 365 617 967 521 871 1147 1124 1527 347 858 1140 1476 1166 722 371 712 1649 932 317 905 1644 870 1235 0 971 358 339 275 1338 708 652 1145 1490 1146 1583 1650 1671 1162 837 522 753 780 379 1591 1008 1202 132 853 329 1610 847 593 215 1403 1015 1160 814 1211 933 979 1169 885 1038 391 767 828 553 572 1416 1406 951 1130 1238 1223 272 371 820 2020 1246 820 684 1220 1032 408 1430
764 747 813 677 542 738 294 196 674 872 1054 287 623 238 432 1105 803 796 642 842 615 791 127 307 971 0 1092 721 799 485 418 674 218 637 293 730 797 818 309 705 544 753 765 904 738 81 424 866 1049 663 825 1043 614 949 625 87 232 1010 284 155 52 241 752 111 772 752 695 575 594 563 552 173 352 461 370 1006 753 687 1353 319 688 842 443 105 932 577
1175 486 738 1088 641 992 1268 1245 1648 468 979 1261 1597 1286 843 123 833 1770 1053 438 1026 1765 991 1356 358 1092 0 460 395 1459 828 773 1266 1611 1267 1704 1771 1792 1283 958 643 873 901 500 1712 1129 1322 253 974 449 1730 968 714 191 1523 1136 1281 935 1332 1054 1100 1289 1005 1159 512 888 949 674 693 1537 1526 1071 1251 1359 1344 248 492 941 2141 1367 941 805 1341 1153 529 1551
804 115 367 717 270 620 897 873 1276 240 607 889 1225 915 472 473 462 1399 681 209 655 1393 620 984 339 721 460 0 167 1087 457 402 894 1239 896 1332 1399 1421 911 587 271 502 529 272 1341 758 951 234 602 78 1359 597 342 317 1152 764 909 563 960 682 728 918 634 788 91 517 577 302 322 1165 1155 700 879 987 972 374 114 569 1769 996 570 433 970 782 300 1180
882 193 445 795 349 699 975 952 1355 101 686 968 1304 994 550 408 540 1477 760 111 733 1472 698 1063 275 799 395 167 0 1166 536 480 973 1318 974 1411 1478 1499 990 665 350 581 608 134 1419 836 1030 170 681 157 1438 675 421 252 1230 843 988 642 1039 761 807 996 713 866 219 595 656 381 400 1244 1233 779 958 1066 1051 309 199 648 1848 1074 648 512 1048 860 162 1258
1131 1113 1180 1044 909 1105 215 313 363 1238 1420 221 255 271 799 1471 1170 474 1008 1208 982 480 568 258 1338 485 1459 1087 1166 0 784 1040 293 327 215 419 429 452 199 1072 910 1119 1131 1270 428 444 460 1233 1415 1030 514 1410 981 1316 388 450 277 1376 234 596 456 348 1119 474 1139 1119 1062 941 961 252 242 614 471 428 139 1373 1119 1054 1364 269 1054 1209 446 468 1299 210
378 483 550 291 279 389 593 570 973 608 790 586 922 612 74 841 540 1096 255 578 229 1090 316 681 708 418 828 457 536 784 0 410 591 936 593 1029 1096 1117 608 422 280 489 501 640 1038 455 648 603 785 400 1056 779 351 685 849 461 606 746 657 379 425 615 375 485 509 489 431 311 331 862 852 397 576 684 669 742 489 424 1466 692 424 578 666 478 669 877
478 428 228 391 155 268 850 826 1230 553 531 843 1178 868 425 786 153 1352 401 522 426 1346 573 937 652 674 773 402 480 1040 410 0 848 1193 849 1285 1352 1374 864 235 153 124 151 585 1294 711 904 547 526 344 1312 521 84 630 1105 717 862 487 914 635 682 871 282 741 453 139 225 123 102 1118 1108 653 832 940 926 687 434 217 1722 949 217 192 923 735 613 1133
938 920 987 851 716 912 188 91 482 1046 1228 181 430 101 606 1279 977 604 815 1015 789 598 301 114 1145 218 1266 894 973 293 591 848 0 445 187 538 605 626 203 879 717 927 938 1078 546 177 355 1040 1223 837 633 1217 788 1123 506 183 107 1184 91 329 189 205 926 207 946 926 869 748 768 370 360 347 328 391 178 1180 926 861 1247 126 862 1016 374 201 1106 385
1283 1265 1332 1196 1061 1257 368 465 60 1391 1573 373 464 423 951 1624 1322 183 1160 1360 1134 177 720 410 1490 637 1611 1239 1318 327 936 1193 445 0 367 116 227 204 352 1224 1062 1272 1283 1423 125 596 415 1385 1568 1182 211 1562 1133 1468 343 603 429 1529 386 690 608 501 1271 626 1291 1271 1214 1093 1113 97 107 672 493 383 291 1525 1271 1206 1517 421 1207 1361 401 620 1451 419
939 922 989 852 717 913 114 166 404 1047 1229 107 353 200 607 1280 978 526 817 1017 790 521 376 187 1146 293 1267 896 974 215 593 849 187 367 0 460 527 548 109 880 719 928 940 1079 468 253 428 1041 1224 838 555 1218 789 1124 428 259 202 1185 163 405 265 278 927 283 947 927 871 750 769 293 282 423 400 464 100 1181 928 862 1173 198 863 1017 446 277 1107 307
1376 1358 1425 1289 1154 1350 460 558 91 1483 1665 466 513 516 1044 1716 1415 90 1253 1453 1227 85 813 503 1583 730 1704 1332 1411 419 1029 1285 538 116 460 0 134 112 444 1317 1155 1364 1376 1515 156 689 508 1478 1660 1275 242 1655 1226 1561 436 695 522 1621 479 783 701 593 1364 719 1384 1364 1307 1186 1206 190 200 765 586 476 384 1618 1364 1299 1609 514 1299 1454 494 713 1544 468
1443 1425 1492 1356 1221 1417 527 625 202 1550 1732 533 401 583 1111 1783 1482 67 1320 1520 1294 73 880 570 1650 797 1771 1399 1478 429 1096 1352 605 227 527 134 0 45 512 1384 1222 1431 1443 1583 266 756 618 1545 1728 1342 353 1722 1293 1628 547 763 589 1689 546 894 768 661 1431 786 1451 1431 1374 1253 1273 300 311 876 696 587 451 1685 1431 1366 1676 581 1366 1521 604 780 1611 356
1464 1447 1513 1377 1242 1438 549 646 179 1572 1754 555 424 604 1132 1805 1503 45 1341 1541 1315 51 901 591 1671 818 1792 1421 1499 452 1117 1374 626 204 548 112 45 0 533 1405 1244 1453 1465 1604 244 778 596 1566 1749 1363 330 1743 1314 1649 524 784 610 1710 567 872 790 682 1452 808 1472 1452 1395 1275 1294 278 288 853 674 564 472 1706 1453 1387 1698 602 1388 1542 582 801 1632 378
955 937 1004 868 733 929 109 182 389 1062 1244 115 337 185 623 1295 994 511 832 1032 806 505 392 172 1162 309 1283 911 990 199 608 864 203 352 109 444 512 533 0 895 734 943 955 1094 453 268 412 1057 1239 854 539 1234 805 1140 413 274 191 1200 148 420 280 262 943 298 963 943 886 765 785 277 267 438 385 449 85 1197 943 878 1188 183 878 1033 431 292 1123 292
268 613 335 180 366 121 881 858 1261 738 639 874 1209 899 405 971 260 1383 191 708 216 1377 604 969 837 705 958 587 665 1072 422 235 879 1224 880 1317 1384 1405 895 0 364 135 147 770 1325 742 935 733 634 529 1343 628 295 815 1136 748 893 595 945 666 713 902 120 772 638 135 78 334 313 1149 1139 684 863 972 957 872 619 70 1753 980 70 299 954 766 799 1164
607 297 357 520 45 397 720 696 1099 423 605 712 1048 738 295 656 282 1222 504 392 478 1216 443 807 522 544 643 271 350 910 280 153 717 1062 719 1155 1222 1244 734 364 0 253 280 455 1164 581 774 417 600 214 1182 594 93 500 975 587 732 561 783 505 551 741 411 611 323 268 354 54 73 988 978 523 702 810 795 557 303 346 1592 819 347 321 793 605 483 1003
379 528 224 291 256 169 929 905 1308 653 528 921 1257 947 504 886 149 1431 302 623 327 1425 652 1016 753 753 873 502 581 1119 489 124 927 1272 928 1364 1431 1453 943 135 253 0 52 685 1373 790 983 648 523 445 1391 517 184 730 1184 796 941 484 993 714 761 950 182 820 554 39 126 223 203 1197 1187 732 911 1019 1005 787 534 118 1801 1028 118 188 1002 814 714 1212
391 555 251 303 283 181 941 917 1320 680 555 933 1269 959 516 913 176 1443 314 650 339 1437 664 1028 780 765 901 529 608 1131 501 151 938 1283 940 1376 1443 1465 955 147 280 52 0 712 1385 802 995 675 550 472 1403 544 212 758 1196 808 953 511 1004 726 772 962 194 832 581 51 138 251 230 1209 1199 744 923 1031 1016 815 561 129 1813 1040 130 215 1014 826 741 1224
987 298 550 900 453 803 1080 1056 1460 71 791 1073 1408 1098 655 513 645 1582 864 93 838 1576 803 1167 379 904 500 272 134 1270 640 585 1078 1423 1079 1515 1583 1604 1094 770 455 685 712 0 1524 941 1134 274 786 261 1542 780 525 357 1335 947 1092 747 1144 865 912 1101 817 971 323 700 761 486 505 1348 1338 883 1062 1170 1156 414 304 752 1952 1179 753 617 1153 965 54 1363
1385 1367 1434 1297 1162 1358 469 566 88 1492 1674 475 566 525 1052 1725 1423 222 1262 1462 1235 216 821 511 1591 738 1712 1341 1419 428 1038 1294 546 125 468 156 266 244 453 1325 1164 1373 1385 1524 0 698 514 1487 1669 1283 110 1663 1235 1569 445 704 530 1630 488 789 710 602 1372 728 1392 1373 1316 1195 1214 198 209 771 592 482 392 1626 1373 1307 1618 523 1308 1462 499 722 1553 520
802 784 851 714 580 776 254 156 633 909 1091 246 582 198 469 1142 840 756 679 879 652 750 164 267 1008 81 1129 758 836 444 455 711 177 596 253 689 756 778 268 742 581 790 802 941 698 0 369 904 1086 700 776 1080 652 986 569 47 192 1047 243 193 53 185 789 71 809 790 733 612 631 522 512 211 341 405 329 1043 790 724 1312 264 725 879 387 64 970 537
995 977 1044 907 773 969 428 375 452 1102 1284 434 598 333 662 1335 1034 574 872 1072 846 569 357 264 1202 424 1322 951 1030 460 648 904 355 415 428 508 618 596 412 935 774 983 995 1134 514 369 0 1097 1279 893 428 1273 845 1179 221 362 339 1240 288 296 397 208 982 339 1003 983 926 805 824 341 331 278 98 162 384 1236 983 918 1577 254 918 1072 144 345 1163 552
950 260 513 862 416 766 1042 1019 1422 242 753 1035 1371 1061 617 266 607 1545 827 212 801 1539 765 1130 132 866 253 234 170 1233 603 547 1040 1385 1041 1478 1545 1566 1057 733 417 648 675 274 1487 904 1097 0 748 224 1505 742 488 110 1298 910 1055 709 1106 828 874 1064 780 934 286 663 723 448 468 1311 1301 846 1025 1133 1118 167 266 715 1915 1141 715 579 1115 927 303 1325
1041 793 476 954 763 831 1389 1366 1769 918 75 1382 1718 1408 964 1151 571 1891 965 887 989 1886 1112 1477 1017 1213 1138 767 845 1580 950 691 1387 1732 1388 1825 1892 1913 1404 798 764 687 714 950 1833 1250 1444 912 0 709 1852 64 751 995 1645 1257 1402 57 1453 1175 1221 1411 845 1280 818 702 788 790 769 1658 1647 1193 1372 1480 1465 1052 799 780 2262 1488 781 542 1462 1274 978 1672
746 104 309 659 213 563 839 816 1219 229 550 832 1168 858 414 462 404 1341 624 199 597 1336 562 927 329 663 449 78 157 1030 400 344 837 1182 838 1275 1342 1363 854 529 214 445 472 261 1283 700 893 224 545 0 1301 539 285 306 1094 707 852 506 903 625 671 860 576 730 130 459 520 245 264 1108 1097 643 822 930 915 363 110 512 1712 938 512 376 912 724 290 1122
1403 1385 1452 1315 1181 1377 555 653 174 1510 1692 561 652 611 1070 1743 1442 309 1280 1480 1254 303 765 598 1610 825 1730 1359 1438 514 1056 1312 633 211 555 242 353 330 539 1343 1182 1391 1403 1542 110 776 428 1505 1687 1301 0 1681 1253 1587 453 770 617 1648 574 704 796 616 1390 747 1411 1391 1334 1213 1232 285 295 686 506 397 479 1644 1391 1326 1704 609 1326 1480 414 753 1571 607
1036 787 470 948 757 825 1383 1360 1763 912 69 1376 1712 1402 959 1145 565 1886 959 882 984 1880 1106 1471 1012 1208 1132 761 839 1574 944 685 1381 1726 1383 1819 1886 1907 1398 792 758 681 709 944 1828 1245 1438 907 64 703 1846 0 745 989 1639 1251 1396 51 1447 1169 1215 1405 839 1275 812 696 783 784 764 1652 1642 1187 1366 1474 1459 1046 793 774 2256 1482 775 537 1456 1268 973 1667
539 368 288 451 96 329 790 767 1170 493 592 783 1119 809 365 726 213 1293 462 463 487 1287 513 878 593 614 714 342 421 981 351 84 788 1133 789 1226 1293 1314 805 295 93 184 212 525 1235 652 845 488 587 285 1253 581 0 571 1046 658 803 548 854 576 622 812 342 682 394 199 286 90 69 1059 1049 594 773 881 866 628 374 278 1663 889 278 252 863 675 554 1073
1032 343 595 945 498 849 1125 1102 1505 325 836 1118 1453 1143 700 204 690 1627 909 295 883 1622 848 1213 215 949 191 317 252 1316 685 630 1123 1468 1124 1561 1628 1649 1140 815 500 730 758 357 1569 986 1179 110 831 306 1587 825 571 0 1380 993 1138 792 1189 911 957 1146 862 1016 369 745 806 531 550 1394 1383 928 1107 1216 1201 90 349 798 1998 1224 798 662 1198 1010 386 1408
1196 1178 1245 1108 974 1170 429 526 380 1303 1485 435 526 484 863 1536 1235 503 1073 1273 1046 497 558 465 1403 625 1523 1152 1230 388 849 1105 506 343 428 436 547 524 413 1136 975 1184 1196 1335 445 569 221 1298 1480 1094 453 1474 1046 1380 0 563 490 1441 448 497 598 409 1183 539 1203 1184 1127 1006 1025 269 259 479 299 190 352 1437 1184 1118 1578 455 1119 1273 207 546 1364 480
808 790 857 721 586 782 260 162 640 915 1097 253 588 204 476 1148 847 762 685 885 659 756 170 268 1015 87 1136 764 843 450 461 717 183 603 259 695 763 784 274 748 587 796 808 947 704 47 362 910 1092 707 770 1087 658 993 563 0 198 1053 249 199 59 178 796 77 816 796 739 618 638 528 518 217 335 398 336 1050 796 731 1318 258 731 886 381 71 976 543
953 935 1002 866 731 927 203 105 466 1060 1242 196 415 85 621 1293 992 588 830 1030 804 583 315 98 1160 232 1281 909 988 277 606 862 107 429 202 522 589 610 191 893 732 941 953 1092 530 192 339 1055 1237 852 617 1232 803 1138 490 198 0 1198 75 344 204 189 941 222 961 941 884 763 783 355 344 362 312 376 162 1195 941 876 1261 110 876 1031 358 216 1121 369
1002 754 437 915 724 792 1350 1327 1730 879 62 1343 1679 1369 925 1112 532 1852 926 848 950 1847 1073 1438 978 1174 1099 728 806 1541 911 652 1348 1693 1349 1786 1853 1874 1365 759 725 648 675 911 1794 1211 1405 873 57 670 1813 51 712 956 1605 1218 1363 0 1414 1136 1182 1372 806 1241 779 663 749 751 730 1619 1608 1154 1333 1441 1426 1013 760 741 2223 1449 742 503 1423 1235 939 1633
1004 986 1053 917 782 978 164 111 423 1111 1294 169 372 69 672 1345 1043 546 881 1081 855 540 367 56 1211 284 1332 960 1039 234 657 914 91 386 163 479 546 567 148 945 783 993 1004 1144 488 243 288 1106 1289 903 574 1283 854 1189 448 249 75 1250 0 395 255 138 992 268 1012 992 935 814 834 312 302 413 261 324 119 1246 992 927 1313 60 928 1082 307 267 1172 327
726 708 775 639 504 700 406 308 727 833 1015 398 734 350 394 1066 765 850 603 803 577 844 88 419 933 155 1054 682 761 596 379 635 329 690 405 783 894 872 420 666 505 714 726 865 789 193 296 828 1010 625 704 1005 576 911 497 199 344 971 395 0 163 353 714 223 734 714 657 536 556 616 606 135 224 332 481 968 714 649 1428 424 649 804 314 216 894 689
772 754 821 685 550 746 266 168 645 879 1062 258 594 210 440 1112 811 768 649 849 623 762 134 279 979 52 1100 728 807 456 425 682 189 608 265 701 768 790 280 713 551 761 772 912 710 53 397 874 1057 671 796 1051 622 957 598 59 204 1018 255 163 0 213 760 83 780 760 703 582 602 534 524 181 360 433 341 1014 760 695 1324 290 695 850 415 76 940 549
962 944 1011 874 740 936 278 225 538 1069 1251 284 486 183 629 1302 1001 660 839 1039 812 654 324 114 1169 241 1289 918 996 348 615 871 205 501 278 593 661 682 262 902 741 950 962 1101 602 185 208 1064 1246 860 616 1240 812 1146 409 178 189 1207 138 353 213 0 949 155 969 950 893 772 791 426 416 360 181 244 234 1203 950 884 1427 104 885 1039 227 161 1130 441
221 660 382 133 414 87 928 905 1308 785 686 921 1257 946 358 1018 307 1430 144 755 169 1425 651 1016 885 752 1005 634 713 1119 375 282 926 1271 927 1364 1431 1452 943 120 411 182 194 817 1372 789 982 780 681 576 1390 675 342 862 1183 796 941 642 992 714 760 949 0 819 686 182 125 381 360 1197 1186 731 910 1019 1004 919 666 117 1801 1027 117 346 1001 813 846 1211
832 814 881 744 610 806 284 186 663 939 1121 276 612 228 499 1172 870 786 709 909 682 780 194 245 1038 111 1159 788 866 474 485 741 207 626 283 719 786 808 298 772 611 820 832 971 728 71 339 934 1116 730 747 1110 682 1016 539 77 222 1077 268 223 83 155 819 0 839 820 763 642 661 552 542 241 311 375 359 1073 820 754 1342 234 755 909 357 94 1000 567
855 69 418 768 322 672 948 925 1328 291 659 941 1277 967 523 524 513 1450 733 261 706 1445 671 1036 391 772 512 91 219 1139 509 453 946 1291 947 1384 1451 1472 963 638 323 554 581 323 1392 809 1003 286 654 130 1411 648 394 369 1203 816 961 615 1012 734 780 969 686 839 0 568 629 354 373 1217 1206 752 931 1039 1024 426 63 621 1821 1047 621 485 1021 833 352 1231
378 543 239 291 270 168 928 905 1308 668 543 921 1257 947 503 901 164 1431 301 638 326 1425 651 1016 767 752 888 517 595 1119 489 139 926 1271 927 1364 1431 1452 943 135 268 39 51 700 1373 790 983 663 538 459 1391 532 199 745 1184 796 941 499 992 714 760 950 182 820 568 0 125 238 217 1197 1187 732 911 1019 1004 802 549 117 1801 1027 118 203 1001 813 729 1211
277 603 326 190 357 111 871 848 1251 728 629 864 1200 890 414 961 251 1374 200 698 225 1368 594 959 828 695 949 577 656 1062 431 225 869 1214 871 1307 1374 1395 886 78 354 126 138 761 1316 733 926 723 624 520 1334 618 286 806 1127 739 884 585 935 657 703 893 125 763 629 125 0 325 304 1140 1130 675 854 962 947 863 609 60 1744 970 61 289 944 756 789 1155
578 328 327 490 56 368 751 727 1130 453 631 743 1079 769 326 687 252 1253 501 423 509 1247 474 838 553 575 674 302 381 941 311 123 748 1093 750 1186 1253 1275 765 334 54 223 251 486 1195 612 805 448 626 245 1213 620 90 531 1006 618 763 587 814 536 582 772 381 642 354 238 325 0 72 1019 1009 554 733 841 826 588 334 317 1623 850 317 291 824 636 514 1034
557 348 306 469 75 347 770 747 1150 473 610 763 1099 788 345 706 232 1272 480 443 505 1267 493 858 572 594 693 322 400 961 331 102 768 1113 769 1206 1273 1294 785 313 73 203 230 505 1214 631 824 468 605 264 1232 599 69 550 1025 638 783 566 834 556 602 791 360 661 373 217 304 72 0 1039 1028 574 753 861 846 607 354 296 1643 869 296 270 843 655 534 1053
1209 1191 1258 1122 987 1183 293 391 134 1316 1498 299 390 349 877 1549 1248 256 1086 1286 1060 251 646 336 1416 563 1537 1165 1244 252 862 1118 370 97 293 190 300 278 277 1149 988 1197 1209 1348 198 522 341 1311 1493 1108 285 1488 1059 1394 269 528 355 1454 312 616 534 426 1197 552 1217 1197 1140 1019 1039 0 33 598 419 309 217 1451 1197 1132 1442 347 1132 1287 326 546 1377 345
1199 1181 1248 1111 977 1173 283 380 144 1306 1488 289 380 339 866 1539 1237 267 1076 1276 1049 261 635 325 1406 552 1526 1155 1233 242 852 1108 360 107 282 200 311 288 267 1139 978 1187 1199 1338 209 512 331 1301 1483 1097 295 1477 1049 1383 259 518 344 1444 302 606 524 416 1186 542 1206 1187 1130 1009 1028 33 0 588 409 299 206 1440 1187 1121 1432 337 1122 1276 316 536 1367 335
744 726 793 656 522 718 424 326 709 851 1033 416 752 368 412 1084 783 832 621 821 595 826 106 416 951 173 1071 700 779 614 397 653 347 672 423 765 876 853 438 684 523 732 744 883 771 211 278 846 1028 643 686 1022 594 928 479 217 362 989 413 135 181 360 731 241 752 732 675 554 574 598 588 0 206 314 499 985 732 667 1446 406 667 821 296 234 912 707
923 905 972 835 701 897 401 348 530 1030 1212 407 609 306 591 1263 962 653 800 1000 774 647 285 237 1130 352 1251 879 958 471 576 832 328 493 400 586 696 674 385 863 702 911 923 1062 592 341 98 1025 1207 822 506 1202 773 1107 299 335 312 1168 261 224 360 181 910 311 931 911 854 733 753 419 409 206 0 135 356 1164 911 846 1550 226 846 1000 117 317 1091 564
1031 1013 1080 944 809 1005 464 411 420 1138 1320 470 566 370 699 1371 1070 543 908 1108 882 537 393 300 1238 461 1359 987 1066 428 684 940 391 383 464 476 587 564 449 972 810 1019 1031 1170 482 405 162 1133 1316 930 397 1310 881 1216 190 398 376 1276 324 332 433 244 1019 375 1039 1019 962 841 861 309 299 314 135 0 393 1273 1019 954 1613 290 954 1109 151 381 1199 521
1016 998 1065 929 794 990 101 198 328 1124 1306 106 277 156 684 1357 1055 450 893 1093 867 445 453 143 1223 370 1344 972 1051 139 669 926 178 291 100 384 451 472 85 957 795 1005 1016 1156 392 329 384 1118 1301 915 479 1295 866 1201 352 336 162 1262 119 481 341 234 1004 359 1024 1004 947 826 846 217 206 499 356 393 0 1258 1004 939 1249 154 940 1094 402 353 1184 231
1089 400 652 1002 555 906 1182 1159 1562 382 893 1175 1510 1200 757 261 747 1684 966 352 940 1679 905 1270 272 1006 248 374 309 1373 742 687 1180 1525 1181 1618 1685 1706 1197 872 557 787 815 414 1626 1043 1236 167 888 363 1644 882 628 90 1437 1050 1195 849 1246 968 1014 1203 919 1073 426 802 863 588 607 1451 1440 985 1164 1273 1258 0 406 855 2055 1281 855 719 1255 1067 443 1465
836 91 399 749 302 652 929 905 1308 272 639 921 1257 947 504 505 493 1431 713 241 687 1425 652 1016 371 753 492 114 199 1119 489 434 926 1271 928 1364 1431 1453 943 619 303 534 561 304 1373 790 983 266 634 110 1391 628 374 349 1184 796 941 595 992 714 760 950 666 820 63 549 609 334 354 1197 1187 732 911 1019 1004 406 0 601 1801 1027 602 465 1001 814 332 1212
286 595 317 198 349 103 863 840 1243 720 621 856 1192 882 423 953 242 1365 209 690 234 1360 586 951 820 687 941 569 648 1054 424 217 861 1206 862 1299 1366 1387 878 70 346 118 129 752 1307 724 918 715 616 512 1326 610 278 798 1118 731 876 577 927 649 695 884 117 754 621 117 60 317 296 1132 1121 667 846 954 939 855 601 0 1736 962 53 281 936 748 781 1146
1813 1795 1862 1726 1591 1787 1174 1225 1553 1920 2102 1166 1502 1267 1481 2153 1852 1676 1690 1890 1664 1670 1366 1336 2020 1353 2141 1769 1848 1364 1466 1722 1247 1517 1173 1609 1676 1698 1188 1753 1592 1801 1813 1952 1618 1312 1577 1915 2097 1712 1704 2092 1663 1998 1578 1318 1261 2058 1313 1428 1324 1427 1801 1342 1821 1801 1744 1623 1643 1442 1432 1446 1550 1613 1249 2055 1801 1736 0 1348 1736 1891 1596 1336 1981 1457
1039 1022 1088 952 817 1013 199 146 458 1147 1329 205 407 104 707 1380 1078 581 916 1116 890 575 402 36 1246 319 1367 996 1074 269 692 949 126 421 198 514 581 602 183 980 819 1028 1040 1179 523 264 254 1141 1324 938 609 1318 889 1224 455 258 110 1285 60 424 290 104 1027 234 1047 1027 970 850 869 347 337 406 226 290 154 1281 1027 962 1348 0 963 1117 272 240 1207 362
285 596 318 197 349 104 864 840 1243 721 621 856 1192 882 422 954 243 1366 208 690 233 1360 587 951 820 688 941 570 648 1054 424 217 862 1207 863 1299 1366 1388 878 70 347 118 130 753 1308 725 918 715 616 512 1326 611 278 798 1119 731 876 577 928 649 695 885 117 755 621 118 61 317 296 1132 1122 667 846 954 940 855 602 53 1736 963 0 282 937 749 781 1147
542 459 80 455 323 332 1018 995 1398 584 383 1011 1347 1036 593 817 72 1520 466 554 490 1515 741 1106 684 842 805 433 512 1209 578 192 1016 1361 1017 1454 1521 1542 1033 299 321 188 215 617 1462 879 1072 579 378 376 1480 372 252 662 1273 886 1031 339 1082 804 850 1039 346 909 485 203 289 291 270 1287 1276 821 1000 1109 1094 719 465 281 1891 1117 282 0 1091 903 645 1301
1013 996 1062 926 791 987 447 394 438 1121 1303 453 583 352 681 1354 1052 560 890 1090 864 554 376 283 1220 443 1341 970 1048 446 666 923 374 401 446 494 604 582 431 954 793 1002 1014 1153 499 387 144 1115 1298 912 414 1292 863 1198 207 381 358 1259 307 314 415 227 1001 357 1021 1001 944 824 843 326 316 296 117 151 402 1255 1001 936 1596 272 937 1091 0 363 1181 538
825 808 874 738 603 799 277 180 657 933 1115 270 606 221 493 1166 864 780 703 902 676 774 188 251 1032 105 1153 782 860 468 478 735 201 620 277 713 780 801 292 766 605 814 826 965 722 64 345 927 1110 724 753 1104 675 1010 546 71 216 1071 267 216 76 161 813 94 833 813 756 636 655 546 536 234 317 381 353 1067 814 748 1336 240 749 903 363 0 993 561
1016 326 579 928 482 832 1108 1085 1488 87 819 1101 1437 1127 683 541 673 1611 893 122 867 1605 831 1196 408 932 529 300 162 1299 669 613 1106 1451 1107 1544 1611 1632 1123 799 483 714 741 54 1553 970 1163 303 814 290 1571 808 554 386 1364 976 1121 775 1172 894 940 1130 846 1000 352 729 789 514 534 1377 1367 912 1091 1199 1184 443 332 781 1981 1207 781 645 1181 993 0 1391
1223 1206 1273 1136 1001 1197 308 405 456 1331 1513 314 112 363 891 1564 1262 401 1101 1301 1074 407 660 350 1430 577 1551 1180 1258 210 877 1133 385 419 307 468 356 378 292 1164 1003 1212 1224 1363 520 537 552 1325 1508 1122 607 1502 1073 1408 480 543 369 1469 327 689 549 441 1211 567 1231 1211 1155 1034 1053 345 335 707 564 521 231 1465 1212 1146 1457 362 1147 1301 538 561 1391 0
EOF