NAME : tsp_problem
TYPE : TSP
DIMENSION : 32
EDGE_WEIGHT_TYPE : EXPLICIT
EDGE_WEIGHT_FORMAT : FULL_MATRIX
EDGE_WEIGHT_SECTION
0 617 461 1057 333 863 421 549 602 818 772 297 500 733 664 1123 1053 61 808 1256 583 669 671 476 921 725 690 640 763 976 651 1082
617 0 604 559 666 1087 579 901 744 1042 199 702 852 235 92 625 555 654 366 758 59 811 813 828 480 227 229 68 905 534 78 584
461 604 0 1044 353 620 265 321 277 575 759 324 272 720 651 1110 1040 499 795 1243 570 344 346 248 909 712 677 627 438 963 638 1069
1057 559 1044 0 1106 1528 1019 1341 1185 1482 384 1142 1292 349 572 243 396 1094 573 376 574 1251 1253 1268 466 357 392 582 1346 564 586 88
333 666 353 1106 0 648 113 333 493 603 821 82 285 782 713 1172 1102 294 857 1305 632 560 562 261 971 774 739 690 654 1025 700 1131
1027 1252 784 1692 812 0 901 561 751 64 1407 777 553 1368 1299 1758 1688 989 1443 1891 1218 818 820 573 1556 1360 1325 1275 912 1611 1286 1717
421 579 265 1019 113 737 0 422 406 691 734 149 374 695 626 1085 1015 383 770 1218 545 473 475 349 883 687 652 602 567 938 613 1044
549 901 321 1341 333 397 422 0 438 352 1056 298 74 1017 948 1407 1337 510 1092 1540 867 504 506 94 1205 1009 974 924 599 1260 935 1366
602 744 277 1185 493 587 406 438 0 541 900 530 429 861 792 1251 1181 640 936 1384 711 125 90 450 1049 853 818 768 183 1104 779 1210
982 1206 739 1647 767 64 856 516 705 0 1362 731 507 1323 1254 1713 1642 943 1398 1846 1173 772 774 528 1511 1314 1280 1230 866 1566 1240 1672
772 199 759 384 821 1243 734 1056 900 1197 0 857 1007 188 247 450 379 810 333 583 215 967 968 983 447 180 182 223 1061 502 234 409
297 702 324 1142 82 612 149 298 530 567 857 0 249 818 749 1208 1138 258 893 1342 669 596 598 225 1007 810 775 726 691 1061 736 1167
500 852 272 1292 285 388 374 74 429 343 1007 249 0 969 900 1358 1288 461 1043 1492 819 496 497 46 1157 960 926 876 590 1212 886 1318
733 235 720 349 782 1204 695 1017 861 1158 188 818 969 0 282 415 345 771 449 548 250 928 929 944 415 66 68 259 1022 513 269 374
664 92 651 572 713 1135 626 948 792 1089 247 749 900 282 0 638 568 702 319 771 107 859 861 875 432 274 276 115 953 487 126 597
1123 625 1110 243 1172 1594 1085 1407 1251 1548 450 1208 1358 415 638 0 404 1160 639 156 640 1317 1319 1334 532 423 458 648 1412 630 652 268
1053 555 1040 396 1102 1523 1015 1337 1181 1478 379 1138 1288 345 568 404 0 1090 371 270 570 1247 1249 1264 265 353 388 578 1342 363 582 421
61 654 499 1094 294 824 383 510 640 779 810 258 461 771 702 1160 1090 0 846 1294 621 706 708 437 959 762 728 678 801 1014 688 1120
808 366 795 573 857 1279 770 1092 936 1233 333 893 1043 449 319 639 371 846 0 618 402 1003 1004 1019 134 457 492 342 1097 189 333 598
1256 758 1243 376 1305 1727 1218 1540 1384 1682 583 1342 1492 548 771 156 270 1294 618 0 773 1451 1453 1467 512 556 591 782 1545 596 785 401
583 59 570 574 632 1054 545 867 711 1009 215 669 819 250 107 640 570 621 402 773 0 778 780 794 515 242 244 83 872 570 93 599
669 811 344 1251 560 653 473 504 125 608 967 596 496 928 859 1317 1247 706 1003 1451 778 0 194 516 1116 919 885 835 286 1171 845 1277
671 813 346 1253 562 655 475 506 90 610 968 598 497 929 861 1319 1249 708 1004 1453 780 194 0 518 1118 921 887 837 145 1173 847 1279
476 828 248 1268 261 409 349 94 450 364 983 225 46 944 875 1334 1264 437 1019 1467 794 516 518 0 1133 936 901 852 611 1187 862 1293
921 480 909 466 971 1392 883 1205 1049 1347 447 1007 1157 415 432 532 265 959 134 512 515 1116 1118 1133 0 423 458 456 1210 125 446 491
725 227 712 357 774 1196 687 1009 853 1150 180 810 960 66 274 423 353 762 457 556 242 919 921 936 423 0 60 250 1014 521 261 382
690 229 677 392 739 1161 652 974 818 1115 182 775 926 68 276 458 388 728 492 591 244 885 887 901 458 60 0 252 979 556 263 417
640 68 627 582 690 1111 602 924 768 1066 223 726 876 259 115 648 578 678 342 782 83 835 837 852 456 250 252 0 929 511 102 608
763 905 438 1346 654 748 567 599 183 702 1061 691 590 1022 953 1412 1342 801 1097 1545 872 286 145 611 1210 1014 979 929 0 1265 940 1371
976 534 963 564 1025 1447 938 1260 1104 1401 502 1061 1212 513 487 630 363 1014 189 596 570 1171 1173 1187 125 521 556 511 1265 0 501 589
651 78 638 586 700 1121 613 935 779 1076 234 736 886 269 126 652 582 688 333 785 93 845 847 862 446 261 263 102 940 501 0 611
1082 584 1069 88 1131 1553 1044 1366 1210 1507 409 1167 1318 374 597 268 421 1120 598 401 599 1277 1279 1293 491 382 417 608 1371 589 611 0
EOF