NAME : tsp_problem
TYPE : TSP
DIMENSION : 42
EDGE_WEIGHT_TYPE : EXPLICIT
EDGE_WEIGHT_FORMAT : FULL_MATRIX
EDGE_WEIGHT_SECTION
0 664 818 962 1022 640 766 178 1014 764 435 208 400 161 641 768 991 1003 466 91 929 861 531 537 824 746 749 1007 734 308 1003 624 737 102 1001 856 782 900 1002 61 762 664
664 0 194 338 484 213 142 522 390 140 675 485 304 544 214 143 367 465 238 596 304 237 304 164 200 122 125 469 165 400 378 295 113 594 463 232 157 275 465 680 138 52
818 194 0 319 550 367 164 676 371 121 830 640 459 699 368 166 348 532 392 750 286 218 458 318 27 238 148 535 320 555 360 449 135 748 530 213 180 257 531 834 161 188
962 338 319 0 420 510 308 820 289 230 973 783 602 842 511 310 61 402 536 894 156 217 602 462 325 382 291 406 463 698 72 593 279 892 400 212 324 127 401 978 304 332
1022 484 550 420 0 601 539 879 520 461 1033 843 662 902 602 541 445 95 596 953 325 448 528 552 556 566 522 99 395 758 426 557 510 951 93 444 555 328 94 1038 535 483
640 213 367 510 601 0 314 498 563 313 651 462 280 520 64 316 540 583 214 572 477 410 348 140 373 295 298 586 283 376 551 271 286 570 581 405 330 448 582 656 311 212
766 142 164 308 539 314 0 624 360 110 777 587 406 646 315 59 337 520 340 698 274 207 406 266 170 186 72 524 267 502 348 397 83 696 518 202 74 245 520 782 85 136
178 522 676 820 879 498 624 0 872 622 293 66 258 73 499 626 849 861 324 110 786 719 389 395 682 604 607 865 592 166 861 482 595 108 859 714 640 758 860 194 620 521
1014 390 371 289 520 563 360 872 0 282 1025 836 654 894 564 362 318 502 588 946 256 269 654 514 377 434 343 505 515 750 330 645 331 944 500 265 376 227 501 1030 356 384
764 140 121 230 461 313 110 622 282 0 776 586 405 645 314 112 259 442 338 696 196 129 404 264 127 184 93 446 266 501 270 395 81 694 440 124 126 167 442 780 106 134
435 675 830 973 1033 651 777 293 1025 776 0 256 411 315 652 779 1003 1014 478 367 940 872 542 549 836 757 761 1018 745 319 1014 635 749 365 1012 868 793 911 1014 451 774 675
208 485 640 783 843 462 587 66 836 586 256 0 221 89 463 589 813 824 288 140 750 682 352 359 646 568 571 828 555 129 824 445 559 138 823 678 603 721 824 224 584 485
400 304 459 602 662 280 406 258 654 405 411 221 0 280 281 408 632 643 120 332 569 501 221 178 464 386 389 647 374 136 643 264 377 330 641 497 422 540 643 416 403 304
161 544 699 842 902 520 646 73 894 645 315 89 280 0 521 648 872 883 347 93 809 741 411 418 704 626 629 887 614 188 883 504 617 91 881 737 662 780 883 177 643 544
641 214 368 511 602 64 315 499 564 314 652 463 281 521 0 317 541 584 215 573 478 411 349 141 374 296 299 587 284 377 552 272 287 571 582 406 331 449 583 657 312 213
768 143 166 310 541 316 59 626 362 112 779 589 408 648 317 0 339 522 342 700 276 209 407 268 172 188 48 526 269 504 350 399 63 698 520 204 51 247 522 784 62 138
991 367 348 61 445 540 337 849 318 259 1003 813 632 872 541 339 0 426 565 923 185 247 631 491 354 411 320 430 493 728 59 622 308 921 425 242 353 156 426 1007 334 361
1003 465 532 402 95 583 520 861 502 442 1014 824 643 883 584 522 426 0 577 935 306 430 510 534 537 547 504 43 376 739 408 538 492 933 27 425 536 310 29 1019 517 465
466 238 392 536 596 214 340 324 588 338 478 288 120 347 215 342 565 577 0 398 503 435 274 111 398 320 323 581 308 203 577 198 311 396 575 430 356 474 576 482 336 238
91 596 750 894 953 572 698 110 946 696 367 140 332 93 573 700 923 935 398 0 860 793 463 469 756 678 681 938 666 240 935 556 669 35 933 788 714 831 934 107 694 595
929 304 286 156 325 477 274 786 256 196 940 750 569 809 478 276 185 306 503 860 0 184 568 428 291 349 258 310 430 665 197 560 246 858 304 179 290 64 306 945 271 298
861 237 218 217 448 410 207 719 269 129 872 682 501 741 411 209 247 430 435 793 184 0 501 361 224 281 190 434 362 597 258 492 178 791 428 57 223 155 429 877 203 231
531 304 458 602 528 348 406 389 654 404 542 352 221 411 349 407 631 510 274 463 568 501 0 245 464 386 389 514 265 267 642 236 377 461 508 496 421 539 509 547 402 303
537 164 318 462 552 140 266 395 514 264 549 359 178 418 141 268 491 534 111 469 428 361 245 0 324 246 249 538 234 274 503 168 237 467 532 356 282 400 533 553 262 163
824 200 27 325 556 373 170 682 377 127 836 646 464 704 374 172 354 537 398 756 291 224 464 324 0 244 153 541 325 561 366 455 141 754 536 219 186 263 537 840 166 194
746 122 238 382 566 295 186 604 434 184 757 568 386 626 296 188 411 547 320 678 349 281 386 246 244 0 169 551 247 482 423 377 157 676 546 276 202 320 547 762 182 116
749 125 148 291 522 298 72 607 343 93 761 571 389 629 299 48 320 504 323 681 258 190 389 249 153 169 0 507 250 486 332 380 66 679 502 186 64 229 503 765 75 119
1007 469 535 406 99 586 524 865 505 446 1018 828 647 887 587 526 430 43 581 938 310 434 514 538 541 551 507 0 380 743 411 542 495 937 41 429 540 314 43 1023 521 469
734 165 320 463 395 283 267 592 515 266 745 555 374 614 284 269 493 376 308 666 430 362 265 234 325 247 250 380 0 470 504 293 238 664 374 358 283 401 376 750 264 165
308 400 555 698 758 376 502 166 750 501 319 129 136 188 377 504 728 739 203 240 665 597 267 274 561 482 486 743 470 0 739 360 474 238 737 593 518 636 739 324 499 400
1003 378 360 72 426 551 348 861 330 270 1014 824 643 883 552 350 59 408 577 935 197 258 642 503 366 423 332 411 504 739 0 634 320 933 406 253 364 168 407 1019 345 373
624 295 449 593 557 271 397 482 645 395 635 445 264 504 272 399 622 538 198 556 560 492 236 168 455 377 380 542 293 360 634 0 368 554 537 487 413 531 538 640 393 295
737 113 135 279 510 286 83 595 331 81 749 559 377 617 287 63 308 492 311 669 246 178 377 237 141 157 66 495 238 474 320 368 0 667 490 173 78 217 491 753 79 107
102 594 748 892 951 570 696 108 944 694 365 138 330 91 571 698 921 933 396 35 858 791 461 467 754 676 679 937 664 238 933 554 667 0 931 786 712 830 932 118 692 593
1001 463 530 400 93 581 518 859 500 440 1012 823 641 881 582 520 425 27 575 933 304 428 508 532 536 546 502 41 374 737 406 537 490 931 0 423 534 308 27 1017 515 463
856 232 213 212 444 405 202 714 265 124 868 678 497 737 406 204 242 425 430 788 179 57 496 356 219 276 186 429 358 593 253 487 173 786 423 0 218 150 425 872 199 226
782 157 180 324 555 330 74 640 376 126 793 603 422 662 331 51 353 536 356 714 290 223 421 282 186 202 64 540 283 518 364 413 78 712 534 218 0 261 536 798 77 152
900 275 257 127 328 448 245 758 227 167 911 721 540 780 449 247 156 310 474 831 64 155 539 400 263 320 229 314 401 636 168 531 217 830 308 150 261 0 309 916 242 269
1002 465 531 401 94 582 520 860 501 442 1014 824 643 883 583 522 426 29 576 934 306 429 509 533 537 547 503 43 376 739 407 538 491 932 27 425 536 309 0 1018 516 464
61 680 834 978 1038 656 782 194 1030 780 451 224 416 177 657 784 1007 1019 482 107 945 877 547 553 840 762 765 1023 750 324 1019 640 753 118 1017 872 798 916 1018 0 778 680
762 138 161 304 535 311 85 620 356 106 774 584 403 643 312 62 334 517 336 694 271 203 402 262 166 182 75 521 264 499 345 393 79 692 515 199 77 242 516 778 0 132
664 52 188 332 483 212 136 521 384 134 675 485 304 544 213 138 361 465 238 595 298 231 303 163 194 116 119 469 165 400 373 295 107 593 463 226 152 269 464 680 132 0
EOF