NAME : tsp_problem
TYPE : TSP
DIMENSION : 40
EDGE_WEIGHT_TYPE : EXPLICIT
EDGE_WEIGHT_FORMAT : FULL_MATRIX
EDGE_WEIGHT_SECTION
0 614 234 623 108 438 375 285 374 273 418 97 402 445 258 88 397 373 156 343 348 393 291 471 339 312 420 301 565 277 364 522 429 382 626 709 161 377 448 644
614 0 424 168 535 336 445 450 443 469 495 675 479 226 461 592 368 450 510 420 514 470 442 442 610 607 317 460 239 374 440 191 400 378 806 888 505 384 253 824
234 424 0 433 194 228 177 87 175 197 455 295 439 234 60 212 199 410 109 380 150 430 93 273 255 228 209 187 504 314 401 311 231 171 538 620 104 167 238 556
623 168 433 0 543 344 453 459 451 477 503 683 487 234 469 600 376 458 518 428 522 478 450 450 618 615 326 468 247 382 449 199 409 386 814 896 513 392 261 832
108 535 194 543 0 398 335 245 333 193 338 169 322 404 218 86 357 293 116 264 308 314 251 431 411 385 379 221 485 197 284 482 389 332 696 778 121 327 408 714
438 336 228 344 398 0 206 212 205 272 530 499 515 145 264 416 129 485 313 456 275 506 203 203 371 368 79 263 415 390 476 223 162 181 567 650 308 187 149 585
375 445 177 453 335 206 0 123 47 350 609 434 593 255 201 353 139 564 251 534 186 584 115 213 208 206 163 341 524 468 554 332 172 291 405 487 246 296 258 423
285 450 87 459 245 212 123 0 121 260 518 346 502 260 111 262 144 473 160 444 73 494 39 218 287 279 168 250 530 377 464 337 177 235 484 566 155 230 264 502
374 443 175 451 333 205 47 121 0 349 607 434 591 253 200 351 137 562 249 532 184 582 113 211 211 209 161 339 522 466 552 330 170 289 408 490 244 295 257 426
273 469 197 477 193 272 350 260 349 0 286 334 270 279 233 250 304 240 280 211 323 261 266 378 428 402 254 55 432 145 231 356 337 166 711 794 278 161 282 729
418 495 455 503 338 530 609 518 607 286 0 479 73 537 492 395 563 118 425 104 582 55 525 636 686 660 512 314 445 177 109 526 595 424 970 1052 430 419 541 987
97 675 295 683 169 499 434 346 434 334 479 0 463 505 319 119 458 434 217 404 409 454 352 532 298 272 480 362 626 338 424 583 490 443 586 668 222 438 509 603
402 479 439 487 322 515 593 502 591 270 73 463 0 521 476 380 547 102 409 88 566 47 509 621 670 644 496 298 429 161 93 511 579 409 954 1036 415 404 525 972
445 226 234 234 404 145 255 260 253 279 537 505 521 0 271 422 178 492 320 462 323 512 252 251 419 417 127 269 305 396 482 113 210 188 616 698 315 194 62 633
258 461 60 469 218 264 201 111 200 233 492 319 476 271 0 236 223 447 134 417 174 467 117 297 226 200 246 224 540 351 437 348 255 208 514 596 129 203 274 532
88 592 212 600 86 416 353 262 351 250 395 119 380 422 236 0 374 350 133 321 326 371 269 448 361 335 397 279 542 254 341 500 407 359 649 731 138 355 426 667
397 368 199 376 357 129 139 144 137 304 563 458 547 178 223 374 0 517 272 488 208 538 136 110 304 301 86 295 447 422 508 255 68 213 500 582 267 219 181 518
373 450 410 458 293 485 564 473 562 240 118 434 102 492 447 350 517 0 380 59 537 93 479 591 641 615 467 269 400 132 41 481 550 379 924 1007 385 374 495 942
156 510 109 518 116 313 251 160 249 280 425 217 409 320 134 133 272 380 0 351 224 401 167 346 328 302 295 273 572 284 371 397 304 257 611 694 87 252 323 629
343 420 380 428 264 456 534 444 532 211 104 404 88 462 417 321 488 59 351 0 507 79 450 562 612 585 437 239 370 102 49 452 520 350 895 977 356 345 466 913
348 514 150 522 308 275 186 73 184 323 582 409 566 323 174 326 208 537 224 507 0 557 102 282 350 343 231 314 593 441 527 401 240 298 547 629 219 293 327 565
393 470 430 478 314 506 584 494 582 261 55 454 47 512 467 371 538 93 401 79 557 0 500 612 662 635 487 289 420 153 84 502 570 400 945 1027 406 395 516 963
291 442 93 450 251 203 115 39 113 266 525 352 509 252 117 269 136 479 167 450 102 500 0 210 279 276 160 257 521 384 470 329 169 241 476 558 161 236 256 493
471 442 273 450 431 203 213 218 211 378 636 532 621 251 297 448 110 591 346 562 282 612 210 0 377 375 159 368 521 495 582 329 75 287 574 656 341 293 255 592
339 610 255 618 411 371 208 287 211 428 686 298 670 419 226 361 304 641 328 612 350 662 279 377 0 153 327 418 689 545 632 497 336 403 360 442 323 398 423 378
312 607 228 615 385 368 206 279 209 402 660 272 644 417 200 335 301 615 302 585 343 635 276 375 153 0 324 392 686 519 605 494 333 376 357 440 297 371 420 375
420 317 209 326 379 79 163 168 161 254 512 480 496 127 246 397 86 467 295 437 231 487 160 159 327 324 0 244 396 371 457 204 118 163 524 606 290 169 131 541
301 460 187 468 221 263 341 250 339 55 314 362 298 269 224 279 295 269 273 239 314 289 257 368 418 392 244 0 460 173 259 346 327 156 702 784 268 152 273 719
565 239 504 247 485 415 524 530 522 432 445 626 429 305 540 542 447 400 572 370 593 420 521 521 689 686 396 460 0 324 391 270 479 457 885 967 577 463 332 903
277 374 314 382 197 390 468 377 466 145 177 338 161 396 351 254 422 132 284 102 441 153 384 495 545 519 371 173 324 0 123 405 454 283 829 911 289 279 400 846
364 440 401 449 284 476 554 464 552 231 109 424 93 482 437 341 508 41 371 49 527 84 470 582 632 605 457 259 391 123 0 472 540 370 915 997 376 365 486 933
522 191 311 199 482 223 332 337 330 356 526 583 511 113 348 500 255 481 397 452 401 502 329 329 497 494 204 346 270 405 472 0 287 265 693 775 392 271 140 711
429 400 231 409 389 162 172 177 170 337 595 490 579 210 255 407 68 550 304 520 240 570 169 75 336 333 118 327 479 454 540 287 0 246 532 615 299 252 214 550
382 378 171 386 332 181 291 235 289 166 424 443 409 188 208 359 213 379 257 350 298 400 241 287 403 376 163 156 457 283 370 265 246 0 651 734 252 38 191 669
626 806 538 814 696 567 405 484 408 711 970 586 954 616 514 649 500 924 611 895 547 945 476 574 360 357 524 702 885 829 915 693 532 651 0 180 606 657 619 116
709 888 620 896 778 650 487 566 490 794 1052 668 1036 698 596 731 582 1007 694 977 629 1027 558 656 442 440 606 784 967 911 997 775 615 734 180 0 689 740 702 106
161 505 104 513 121 308 246 155 244 278 430 222 415 315 129 138 267 385 87 356 219 406 161 341 323 297 290 268 577 289 376 392 299 252 606 689 0 247 318 624
377 384 167 392 327 187 296 230 295 161 419 438 404 194 203 355 219 374 252 345 293 395 236 293 398 371 169 152 463 279 365 271 252 38 657 740 247 0 197 675
448 253 238 261 408 149 258 264 257 282 541 509 525 62 274 426 181 495 323 466 327 516 256 255 423 420 131 273 332 400 486 140 214 191 619 702 318 197 0 637
644 824 556 832 714 585 423 502 426 729 987 603 972 633 532 667 518 942 629 913 565 963 493 592 378 375 541 719 903 846 933 711 550 669 116 106 624 675 637 0
EOF