NAME : tsp_problem
TYPE : TSP
DIMENSION : 76
EDGE_WEIGHT_TYPE : EXPLICIT
EDGE_WEIGHT_FORMAT : FULL_MATRIX
EDGE_WEIGHT_SECTION
0 330 390 1085 566 557 68 610 446 1041 576 1047 680 609 427 505 393 201 603 522 390 404 409 371 551 354 1039 1108 471 1098 406 318 506 649 236 355 581 419 379 978 1090 615 664 1049 1070 428 317 547 520 350 413 688 287 425 646 429 415 408 1025 458 440 1012 389 204 335 999 1081 128 692 337 227 1192 648 970 354 644
330 0 427 789 269 261 358 598 150 744 565 750 421 350 131 209 431 182 344 226 428 442 112 75 291 128 742 812 174 801 444 91 457 353 171 128 285 122 417 681 793 356 404 753 773 131 355 288 447 123 451 391 141 128 349 467 119 446 729 161 144 716 427 164 108 702 785 418 433 110 167 895 388 674 128 347
390 427 0 1010 522 514 417 439 478 966 406 972 510 439 490 421 41 377 433 479 220 99 506 469 380 452 964 1034 520 1023 101 415 336 479 303 452 538 516 36 903 1015 445 494 975 995 499 101 377 350 447 108 613 384 522 571 124 512 103 951 508 487 938 36 359 432 924 1007 477 522 434 295 1117 478 896 452 569
1085 789 1010 0 679 559 1112 666 676 121 690 78 534 608 689 660 1014 936 604 635 862 1025 751 748 664 883 73 188 719 178 1027 846 736 564 926 883 541 761 1000 152 38 599 560 71 86 697 938 669 726 878 1034 431 896 767 481 1050 758 1029 71 706 686 186 1010 919 863 173 49 1173 521 865 922 537 572 232 883 485
566 269 522 679 0 151 593 530 157 635 497 641 354 282 170 141 526 417 276 68 391 537 232 229 224 363 633 702 200 692 539 327 389 243 406 364 175 242 512 572 684 288 337 643 664 178 450 220 379 359 546 282 377 248 240 562 239 541 619 187 166 606 522 400 344 593 675 654 365 346 402 786 321 564 363 238
557 261 514 559 151 0 585 436 149 515 403 521 259 188 161 132 517 409 163 108 382 528 223 221 215 355 513 582 191 572 530 318 295 123 398 355 55 233 503 452 564 194 243 523 543 170 441 211 285 350 537 162 368 240 120 553 230 532 499 178 158 486 513 391 335 473 555 645 271 337 394 665 227 444 355 118
68 358 417 1112 593 585 0 637 474 1068 604 1074 708 637 454 533 421 228 630 550 418 431 436 399 578 382 1066 1136 498 1125 434 345 533 676 263 382 609 446 407 1005 1117 642 691 1077 1097 455 345 574 547 377 441 715 314 452 673 457 443 436 1053 485 468 1040 416 231 362 1026 1109 105 719 364 254 1219 675 998 382 671
610 598 439 666 530 436 637 0 486 621 80 628 285 306 498 429 443 597 300 487 255 454 561 558 341 671 620 689 528 679 456 635 167 346 523 672 418 571 429 559 671 312 311 630 650 507 367 345 181 667 463 380 603 577 430 479 567 458 606 516 495 593 439 579 652 580 662 697 273 654 515 772 323 551 671 434
446 150 478 676 157 149 474 486 0 632 452 638 309 238 50 96 481 298 232 114 346 492 113 110 179 244 630 699 80 689 494 207 344 240 287 244 173 122 468 569 681 243 292 640 661 59 405 176 335 239 501 279 257 129 237 517 119 496 616 67 50 604 477 280 224 590 673 534 320 226 283 783 276 561 244 235
1041 744 966 121 635 515 1068 621 632 0 645 83 490 564 644 616 969 892 559 591 818 980 707 704 620 838 75 91 674 81 983 801 692 520 881 839 497 717 956 107 126 554 516 85 105 653 894 624 682 833 990 387 851 723 437 1005 713 985 61 662 641 142 965 875 818 128 117 1128 477 820 877 493 528 188 838 441
576 565 406 690 497 403 604 80 452 645 0 651 309 273 465 396 410 563 267 454 221 420 527 525 308 638 643 713 495 702 423 601 133 313 490 639 385 537 396 582 694 278 327 654 674 473 334 312 147 633 430 404 570 543 405 446 534 425 630 482 462 617 405 546 618 603 686 664 296 620 481 796 311 575 638 403
1047 750 972 78 641 521 1074 628 638 83 651 0 496 570 651 622 976 898 566 597 824 987 713 710 626 844 56 150 681 140 989 808 698 526 887 845 503 723 962 114 83 561 522 54 69 659 900 630 688 840 996 393 858 729 443 1012 719 991 49 668 647 148 972 881 825 135 74 1135 483 827 883 499 534 194 844 447
680 421 510 534 354 259 708 285 309 490 309 496 0 104 321 252 514 569 123 310 362 525 384 381 164 515 488 558 351 547 527 478 236 169 558 516 241 394 500 427 539 94 56 498 519 330 438 168 226 510 534 249 528 400 261 550 390 529 474 339 318 462 510 552 495 448 531 768 84 497 554 641 68 419 515 259
609 350 439 608 282 188 637 306 238 564 273 570 104 0 250 181 442 498 52 239 291 453 313 310 93 444 562 632 280 621 456 407 165 98 487 444 170 322 429 501 613 64 87 573 593 259 367 97 155 439 463 232 457 329 190 478 319 458 549 268 247 536 438 480 424 522 605 697 115 426 483 715 96 493 444 188
427 131 490 689 170 161 454 498 50 644 465 651 321 250 0 109 494 278 244 126 359 505 93 90 191 225 642 712 74 701 507 188 357 253 268 225 185 103 480 581 694 256 305 653 673 53 418 188 347 220 514 291 238 109 249 530 100 509 629 61 44 616 490 261 205 602 685 515 333 207 264 795 289 574 225 248
505 209 421 660 141 132 533 429 96 616 396 622 252 181 109 0 424 357 175 97 289 435 171 168 122 303 614 683 139 673 438 266 288 221 346 303 156 181 411 553 665 186 235 624 645 117 349 119 278 298 445 263 316 187 221 460 178 440 600 126 106 587 420 339 283 574 656 593 264 285 342 767 219 545 303 219
393 431 41 1014 526 517 421 443 481 969 410 976 514 442 494 424 0 380 436 482 224 102 509 472 384 455 968 1037 524 1027 104 418 339 482 307 456 541 519 39 907 1019 448 497 978 998 502 105 380 353 450 111 617 387 525 574 127 516 106 954 511 491 941 40 363 435 928 1010 481 525 437 298 1120 481 899 455 573
201 182 377 936 417 409 228 597 298 892 563 898 569 498 278 357 380 0 492 374 377 391 260 223 439 206 890 960 322 949 393 169 493 500 120 206 433 270 366 829 941 503 552 901 921 279 304 436 507 201 400 539 138 276 497 416 267 395 877 309 292 864 376 98 186 850 933 289 581 188 116 1043 536 822 206 495
603 344 433 604 276 163 630 300 232 559 267 566 123 52 244 175 436 492 0 233 285 447 306 304 87 438 558 627 274 617 449 401 159 72 481 438 145 316 423 497 609 57 106 568 588 253 360 91 149 433 456 207 451 323 164 472 313 452 544 261 241 531 432 474 418 518 600 691 135 420 477 710 90 489 438 163
522 226 479 635 68 108 550 487 114 591 454 597 310 239 126 97 482 374 233 0 347 493 189 186 180 320 589 659 156 648 495 283 346 199 363 320 132 198 469 528 640 244 293 600 620 135 406 177 336 315 502 238 333 205 196 518 195 498 576 143 123 563 478 356 300 549 632 610 321 302 359 742 277 521 320 194
390 428 220 862 391 382 418 255 346 818 221 824 362 291 359 289 224 377 285 347 0 235 421 418 249 452 816 885 389 875 237 415 151 331 304 453 403 431 210 755 867 296 345 826 847 367 148 245 165 447 244 465 384 437 423 260 428 239 802 376 355 790 219 360 432 776 859 478 373 434 295 969 329 747 452 421
404 442 99 1025 537 528 431 454 492 980 420 987 525 453 505 435 102 391 447 493 235 0 520 483 395 466 979 1048 535 1038 31 429 350 493 318 466 552 530 88 918 1030 459 508 989 1009 513 116 391 364 461 47 628 398 536 585 55 527 34 965 522 501 952 98 374 446 939 1021 492 536 448 309 1131 492 910 466 584
409 112 506 751 232 223 436 561 113 707 527 713 384 313 93 171 509 260 306 189 421 520 0 72 254 206 705 774 137 764 523 170 419 315 249 207 247 82 496 644 756 318 367 715 736 94 434 250 410 202 530 354 220 62 312 545 59 525 691 124 107 679 505 243 187 665 748 497 395 189 245 858 351 636 206 310
371 75 469 748 229 221 399 558 110 704 525 710 381 310 90 168 472 223 304 186 418 483 72 0 251 169 702 772 134 761 485 132 417 312 212 169 245 82 458 641 753 315 364 712 733 91 396 248 407 164 492 351 182 88 309 508 79 487 688 121 104 676 468 205 149 662 745 459 392 151 208 855 348 633 169 307
551 291 380 664 224 215 578 341 179 620 308 626 164 93 191 122 384 439 87 180 249 395 254 251 0 385 618 688 222 677 397 349 200 133 428 386 205 264 370 557 669 99 147 628 649 200 308 78 190 381 404 267 399 270 225 420 260 399 604 209 188 592 380 422 366 578 661 638 176 368 424 771 131 549 385 223
354 128 452 883 363 355 382 671 244 838 638 844 515 444 225 303 455 206 438 320 452 466 206 169 385 0 836 906 268 895 468 115 551 447 195 153 379 216 441 775 887 450 498 847 867 225 379 382 541 71 475 485 165 222 443 491 213 470 823 255 238 810 451 188 49 796 879 442 527 134 191 989 482 768 87 441
1039 742 964 73 633 513 1066 620 630 75 643 56 488 562 642 614 968 890 558 589 816 979 705 702 618 836 0 142 673 132 981 800 690 518 879 837 495 715 954 105 78 553 514 49 65 651 892 622 680 832 988 385 850 721 435 1004 711 983 41 660 639 140 964 873 817 127 69 1127 475 819 875 491 526 186 836 439
1108 812 1034 188 702 582 1136 689 699 91 713 150 558 632 712 683 1037 960 627 659 885 1048 774 772 688 906 142 0 742 65 1050 869 759 587 949 906 564 784 1023 175 193 622 584 153 173 720 961 692 750 901 1057 455 919 791 504 1073 781 1052 129 729 709 209 1033 942 886 196 185 1196 545 888 945 560 595 255 906 509
471 174 520 719 200 191 498 528 80 674 495 681 351 280 74 139 524 322 274 156 389 535 137 134 222 268 673 742 0 732 537 231 387 283 311 269 215 147 510 612 724 286 335 683 703 83 448 218 377 263 544 322 281 153 279 560 143 539 659 58 74 646 520 305 248 633 715 558 363 250 307 825 319 604 268 278
1098 801 1023 178 692 572 1125 679 689 81 702 140 547 621 701 673 1027 949 617 648 875 1038 764 761 677 895 132 65 732 0 1040 858 749 577 938 896 554 774 1013 164 183 612 573 142 162 710 951 681 739 891 1047 444 908 780 494 1063 770 1042 118 719 698 199 1022 932 875 185 174 1186 534 878 934 550 585 245 895 498
406 444 101 1027 539 530 434 456 494 983 423 989 527 456 507 438 104 393 449 495 237 31 523 485 397 468 981 1050 537 1040 0 431 352 495 320 469 554 532 90 920 1032 461 510 991 1011 515 118 393 366 463 49 630 400 539 588 57 529 36 967 524 504 954 100 376 448 941 1023 494 538 450 311 1134 494 912 468 586
318 91 415 846 327 318 345 635 207 801 601 808 478 407 188 266 418 169 401 283 415 429 170 132 349 115 800 869 231 858 431 0 514 410 158 60 342 179 404 739 851 413 462 810 830 189 342 345 504 110 438 448 128 186 406 454 176 433 786 219 201 773 414 152 95 760 842 405 490 87 154 952 446 731 115 405
506 457 336 736 389 295 533 167 344 692 133 698 236 165 357 288 339 493 159 346 151 350 419 417 200 551 690 759 387 749 352 514 0 205 420 551 277 429 326 629 741 170 219 700 721 365 264 204 77 546 359 339 500 435 297 375 426 355 676 374 354 664 335 476 531 650 732 594 247 533 411 843 203 621 551 295
649 353 479 564 243 123 676 346 240 520 313 526 169 98 253 221 482 500 72 199 331 493 315 312 133 447 518 587 283 577 495 410 205 0 489 447 105 325 469 457 569 103 152 528 549 261 407 137 195 442 502 167 460 331 125 518 322 498 504 270 250 491 478 483 427 478 560 737 181 429 485 671 136 449 447 123
236 171 303 926 406 398 263 523 287 881 490 887 558 487 268 346 307 120 481 363 304 318 249 212 428 195 879 949 311 938 320 158 420 489 0 195 422 259 293 818 930 493 541 890 910 268 231 425 434 190 327 528 127 265 486 343 256 322 866 298 281 853 303 103 175 839 922 323 570 177 43 1032 525 811 195 484
355 128 452 883 364 355 382 672 244 839 639 845 516 444 225 303 456 206 438 320 453 466 207 169 386 153 837 906 269 896 469 60 551 447 195 0 379 217 442 776 888 450 499 847 868 226 380 382 541 148 476 486 166 223 444 492 213 471 823 256 238 811 451 189 133 797 879 443 527 40 191 990 483 768 153 442
581 285 538 541 175 55 609 418 173 497 385 503 241 170 185 156 541 433 145 132 403 552 247 245 205 379 495 564 215 554 554 342 277 105 422 379 0 257 527 434 546 176 225 505 525 194 465 209 267 374 561 144 392 264 102 577 254 556 481 202 182 468 537 415 359 455 537 669 253 361 418 647 209 426 379 100
419 122 516 761 242 233 446 571 122 717 537 723 394 322 103 181 519 270 316 198 431 530 82 82 264 216 715 784 147 774 532 179 429 325 259 217 257 0 505 654 766 328 377 725 746 104 443 260 419 212 539 364 229 77 322 555 75 534 701 134 116 689 515 253 196 675 757 507 405 199 255 868 361 646 216 320
379 417 36 1000 512 503 407 429 468 956 396 962 500 429 480 411 39 366 423 469 210 88 496 458 370 441 954 1023 510 1013 90 404 326 469 293 442 527 505 0 893 1005 434 483 964 985 489 91 367 340 437 97 603 373 512 561 113 502 93 940 497 477 928 35 349 421 914 996 467 511 424 284 1107 467 885 441 559
978 681 903 152 572 452 1005 559 569 107 582 114 427 501 581 553 907 829 497 528 755 918 644 641 557 775 105 175 612 164 920 739 629 457 818 776 434 654 893 0 156 492 453 116 136 590 831 561 619 771 927 324 788 660 374 943 650 922 92 599 578 50 903 812 755 54 148 1066 414 758 814 430 465 125 775 378
1090 793 1015 38 684 564 1117 671 681 126 694 83 539 613 694 665 1019 941 609 640 867 1030 756 753 669 887 78 193 724 183 1032 851 741 569 930 888 546 766 1005 156 0 604 565 76 91 702 943 673 731 883 1039 436 901 772 486 1055 762 1034 75 711 690 191 1015 924 868 178 53 1178 526 870 926 542 577 237 887 490
615 356 445 599 288 194 642 312 243 554 278 561 94 64 256 186 448 503 57 244 296 459 318 315 99 450 553 622 286 612 461 413 170 103 493 450 176 328 434 492 604 0 78 563 583 264 372 103 161 445 468 238 463 334 196 484 325 463 539 273 253 526 444 486 430 513 595 703 106 432 488 705 90 484 450 194
664 404 494 560 337 243 691 311 292 516 327 522 56 87 305 235 497 552 106 293 345 508 367 364 147 498 514 584 335 573 510 462 219 152 541 499 225 377 483 453 565 78 0 524 545 313 421 152 209 494 517 275 512 383 244 533 374 512 500 322 301 488 493 535 479 474 557 751 67 481 537 667 51 445 498 243
1049 753 975 71 643 523 1077 630 640 85 654 54 498 573 653 624 978 901 568 600 826 989 715 712 628 847 49 153 683 142 991 810 700 528 890 847 505 725 964 116 76 563 524 0 62 661 902 633 690 842 998 396 860 731 445 1014 722 993 47 670 650 150 974 883 827 137 67 1137 486 829 886 501 536 196 847 449
1070 773 995 86 664 543 1097 650 661 105 674 69 519 593 673 645 998 921 588 620 847 1009 736 733 649 867 65 173 703 162 1011 830 721 549 910 868 525 746 985 136 91 583 545 62 0 682 923 653 711 862 1018 416 880 752 466 1034 742 1014 62 691 670 171 994 904 847 157 83 1157 506 849 906 522 557 216 867 470
428 131 499 697 178 170 455 507 59 653 473 659 330 259 53 117 502 279 253 135 367 513 94 91 200 225 651 720 83 710 515 189 365 261 268 226 194 104 489 590 702 264 313 661 682 0 426 197 356 221 522 300 238 110 258 538 100 517 637 70 53 625 498 262 205 611 694 516 341 208 264 804 297 582 225 256
317 355 101 938 450 441 345 367 405 894 334 900 438 367 418 349 105 304 360 406 148 116 434 396 308 379 892 961 448 951 118 342 264 407 231 380 465 443 91 831 943 372 421 902 923 426 0 305 277 374 125 541 311 450 499 141 440 120 878 435 415 865 101 287 359 852 934 405 449 361 222 1045 405 823 379 497
547 288 377 669 220 211 574 345 176 624 312 630 168 97 188 119 380 436 91 177 245 391 250 248 78 382 622 692 218 681 393 345 204 137 425 382 209 260 367 561 673 103 152 633 653 197 305 0 194 377 400 271 395 267 229 416 257 396 609 205 185 596 376 418 362 582 665 635 180 364 421 775 136 554 382 227
520 447 350 726 379 285 547 181 335 682 147 688 226 155 347 278 353 507 149 336 165 364 410 407 190 541 680 750 377 739 366 504 77 195 434 541 267 419 340 619 731 161 209 690 711 356 277 194 0 536 373 329 514 426 287 389 416 369 666 364 344 654 349 490 521 640 723 608 238 523 425 833 193 611 541 285
350 123 447 878 359 350 377 667 239 833 633 840 510 439 220 298 450 201 433 315 447 461 202 164 381 71 832 901 263 891 463 110 546 442 190 148 374 212 437 771 883 445 494 842 862 221 374 377 536 0 470 481 160 218 438 486 208 465 818 251 233 805 446 184 48 792 874 438 522 130 186 984 478 763 86 437
413 451 108 1034 546 537 441 463 501 990 430 996 534 463 514 445 111 400 456 502 244 47 530 492 404 475 988 1057 544 1047 49 438 359 502 327 476 561 539 97 927 1039 468 517 998 1018 522 125 400 373 470 0 637 407 546 595 73 536 51 974 531 511 961 107 383 455 948 1030 501 545 457 318 1140 501 919 475 593
688 391 613 431 282 162 715 380 279 387 404 393 249 232 291 263 617 539 207 238 465 628 354 351 267 485 385 455 322 444 630 448 339 167 528 486 144 364 603 324 436 238 275 396 416 300 541 271 329 481 637 0 498 370 84 653 360 632 372 309 288 359 612 522 465 345 428 776 236 468 524 538 271 317 485 88
287 141 384 896 377 368 314 603 257 851 570 858 528 457 238 316 387 138 451 333 384 398 220 182 399 165 850 919 281 908 400 128 500 460 127 166 392 229 373 788 901 463 512 860 880 238 311 395 514 160 407 498 0 236 456 423 226 402 836 268 251 823 383 121 145 810 892 335 540 147 123 1002 496 781 165 455
425 128 522 767 248 240 452 577 129 723 543 729 400 329 109 187 525 276 323 205 437 536 62 88 270 222 721 791 153 780 539 186 435 331 265 223 264 77 512 660 772 334 383 731 752 110 450 267 426 218 546 370 236 0 328 561 54 541 707 140 123 695 521 259 203 681 764 513 411 205 261 874 367 652 222 326
646 349 571 481 240 120 673 430 237 437 405 443 261 190 249 221 574 497 164 196 423 585 312 309 225 443 435 504 279 494 588 406 297 125 486 444 102 322 561 374 486 196 244 445 466 258 499 229 287 438 595 84 456 328 0 610 318 590 421 267 246 409 570 480 423 395 478 733 273 425 482 588 228 366 443 51
429 467 124 1050 562 553 457 479 517 1005 446 1012 550 478 530 460 127 416 472 518 260 55 545 508 420 491 1004 1073 560 1063 57 454 375 518 343 492 577 555 113 943 1055 484 533 1014 1034 538 141 416 389 486 73 653 423 561 610 0 552 59 990 547 527 977 123 399 471 964 1046 517 561 473 334 1156 517 935 491 609
415 119 512 758 239 230 443 567 119 713 534 719 390 319 100 178 516 267 313 195 428 527 59 79 260 213 711 781 143 770 529 176 426 322 256 213 254 75 502 650 762 325 374 722 742 100 440 257 416 208 536 360 226 54 318 552 0 531 698 130 113 685 512 249 193 671 754 503 402 195 252 864 358 643 213 316
408 446 103 1029 541 532 436 458 496 985 425 991 529 458 509 440 106 395 452 498 239 34 525 487 399 470 983 1052 539 1042 36 433 355 498 322 471 556 534 93 922 1034 463 512 993 1014 517 120 396 369 465 51 632 402 541 590 59 531 0 969 526 506 957 102 378 450 943 1025 496 540 453 313 1136 496 914 470 588
1025 729 951 71 619 499 1053 606 616 61 630 49 474 549 629 600 954 877 544 576 802 965 691 688 604 823 41 129 659 118 967 786 676 504 866 823 481 701 940 92 75 539 500 47 62 637 878 609 666 818 974 372 836 707 421 990 698 969 0 646 626 126 950 859 803 113 67 1113 462 805 862 477 512 172 823 425
458 161 508 706 187 178 485 516 67 662 482 668 339 268 61 126 511 309 261 143 376 522 124 121 209 255 660 729 58 719 524 219 374 270 298 256 202 134 497 599 711 273 322 670 691 70 435 205 364 251 531 309 268 140 267 547 130 526 646 0 61 634 507 292 235 620 702 546 350 238 294 813 306 591 255 265
440 144 487 686 166 158 468 495 50 641 462 647 318 247 44 106 491 292 241 123 355 501 107 104 188 238 639 709 74 698 504 201 354 250 281 238 182 116 477 578 690 253 301 650 670 53 415 185 344 233 511 288 251 123 246 527 113 506 626 61 0 613 486 274 218 599 682 528 330 220 277 792 285 571 238 244
1012 716 938 186 606 486 1040 593 604 142 617 148 462 536 616 587 941 864 531 563 790 952 679 676 592 810 140 209 646 199 954 773 664 491 853 811 468 689 928 50 191 526 488 150 171 625 865 596 654 805 961 359 823 695 409 977 685 957 126 634 613 0 937 846 790 52 183 1100 449 792 849 465 500 159 810 413
389 427 36 1010 522 513 416 439 477 965 405 972 510 438 490 420 40 376 432 478 219 98 505 468 380 451 964 1033 520 1022 100 414 335 478 303 451 537 515 35 903 1015 444 493 974 994 498 101 376 349 446 107 612 383 521 570 123 512 102 950 507 486 937 0 359 431 924 1006 477 521 433 294 1116 477 895 451 569
204 164 359 919 400 391 231 579 280 875 546 881 552 480 261 339 363 98 474 356 360 374 243 205 422 188 873 942 305 932 376 152 476 483 103 189 415 253 349 812 924 486 535 883 904 262 287 418 490 184 383 522 121 259 480 399 249 378 859 292 274 846 359 0 169 833 915 292 563 171 99 1026 519 804 188 478
335 108 432 863 344 335 362 652 224 818 618 825 495 424 205 283 435 186 418 300 432 446 187 149 366 49 817 886 248 875 448 95 531 427 175 133 359 196 421 755 868 430 479 827 847 205 359 362 521 48 455 465 145 203 423 471 193 450 803 235 218 790 431 169 0 777 859 422 507 114 171 969 463 748 64 422
999 702 924 173 593 473 1026 580 590 128 603 135 448 522 602 574 928 850 518 549 776 939 665 662 578 796 127 196 633 185 941 760 650 478 839 797 455 675 914 54 178 513 474 137 157 611 852 582 640 792 948 345 810 681 395 964 671 943 113 620 599 52 924 833 777 0 169 1087 435 779 835 451 486 146 796 399
1081 785 1007 49 675 555 1109 662 673 117 686 74 531 605 685 656 1010 933 600 632 859 1021 748 745 661 879 69 185 715 174 1023 842 732 560 922 879 537 757 996 148 53 595 557 67 83 694 934 665 723 874 1030 428 892 764 478 1046 754 1025 67 702 682 183 1006 915 859 169 0 1169 518 861 918 534 569 228 879 482
128 418 477 1173 654 645 105 697 534 1128 664 1135 768 697 515 593 481 289 691 610 478 492 497 459 638 442 1127 1196 558 1186 494 405 594 737 323 443 669 507 467 1066 1178 703 751 1137 1157 516 405 635 608 438 501 776 335 513 733 517 503 496 1113 546 528 1100 477 292 422 1087 1169 0 780 425 315 1279 735 1058 442 732
692 433 522 521 365 271 719 273 320 477 296 483 84 115 333 264 525 581 135 321 373 536 395 392 176 527 475 545 363 534 538 490 247 181 570 527 253 405 511 414 526 106 67 486 506 341 449 180 238 522 545 236 540 411 273 561 402 540 462 350 330 449 521 563 507 435 518 780 0 509 566 628 79 407 527 271
337 110 434 865 346 337 364 654 226 820 620 827 497 426 207 285 437 188 420 302 434 448 189 151 368 134 819 888 250 878 450 87 533 429 177 40 361 199 424 758 870 432 481 829 849 208 361 364 523 130 457 468 147 205 425 473 195 453 805 238 220 792 433 171 114 779 861 425 509 0 173 971 465 750 134 424
227 167 295 922 402 394 254 515 283 877 481 883 554 483 264 342 298 116 477 359 295 309 245 208 424 191 875 945 307 934 311 154 411 485 43 191 418 255 284 814 926 488 537 886 906 264 222 421 425 186 318 524 123 261 482 334 252 313 862 294 277 849 294 99 171 835 918 315 566 173 0 1028 521 807 191 480
1192 895 1117 537 786 665 1219 772 783 493 796 499 641 715 795 767 1120 1043 710 742 969 1131 858 855 771 989 491 560 825 550 1134 952 843 671 1032 990 647 868 1107 430 542 705 667 501 522 804 1045 775 833 984 1140 538 1002 874 588 1156 864 1136 477 813 792 465 1116 1026 969 451 534 1279 628 971 1028 0 679 422 989 592
648 388 478 572 321 227 675 323 276 528 311 534 68 96 289 219 481 536 90 277 329 492 351 348 131 482 526 595 319 585 494 446 203 136 525 483 209 361 467 465 577 90 51 536 557 297 405 136 193 478 501 271 496 367 228 517 358 496 512 306 285 500 477 519 463 486 569 735 79 465 521 679 0 457 482 227
970 674 896 232 564 444 998 551 561 188 575 194 419 493 574 545 899 822 489 521 747 910 636 633 549 768 186 255 604 245 912 731 621 449 811 768 426 646 885 125 237 484 445 196 216 582 823 554 611 763 919 317 781 652 366 935 643 914 172 591 571 159 895 804 748 146 228 1058 407 750 807 422 457 0 768 370
354 128 452 883 363 355 382 671 244 838 638 844 515 444 225 303 455 206 438 320 452 466 206 169 385 87 836 906 268 895 468 115 551 447 195 153 379 216 441 775 887 450 498 847 867 225 379 382 541 86 475 485 165 222 443 491 213 470 823 255 238 810 451 188 64 796 879 442 527 134 191 989 482 768 0 441
644 347 569 485 238 118 671 434 235 441 403 447 259 188 248 219 573 495 163 194 421 584 310 307 223 441 439 509 278 498 586 405 295 123 484 442 100 320 559 378 490 194 243 449 470 256 497 227 285 437 593 88 455 326 51 609 316 588 425 265 244 413 569 478 422 399 482 732 271 424 480 592 227 370 441 0
EOF