NAME : tsp_problem
TYPE : TSP
DIMENSION : 34
EDGE_WEIGHT_TYPE : EXPLICIT
EDGE_WEIGHT_FORMAT : FULL_MATRIX
EDGE_WEIGHT_SECTION
0 433 227 619 299 543 566 461 122 583 639 292 225 600 433 603 213 571 313 219 311 505 439 273 583 234 291 531 451 584 694 592 390 379
433 0 382 709 327 633 341 431 345 674 730 247 412 374 103 377 264 662 500 374 497 542 109 228 674 420 478 622 617 674 785 683 480 545
227 382 0 431 322 355 584 510 139 396 452 242 274 617 382 620 162 383 362 81 359 554 388 222 396 282 340 344 499 396 506 405 202 427
619 709 431 0 714 231 976 902 532 71 146 560 666 1009 775 1012 555 172 754 439 751 946 780 615 69 674 732 132 891 184 132 99 274 820
299 327 322 714 0 638 337 428 242 678 734 187 204 371 285 374 203 666 292 314 289 484 279 129 678 213 270 626 430 679 789 687 485 358
543 633 355 231 638 0 900 826 455 196 252 484 590 933 698 936 478 183 678 363 675 870 704 538 196 598 656 144 815 196 307 205 198 744
566 341 584 976 337 900 0 280 509 940 996 448 472 88 270 90 465 928 472 575 510 391 264 391 940 480 491 888 465 940 1051 949 747 393
461 431 510 902 428 826 280 0 404 866 922 507 277 313 360 316 496 854 226 501 265 145 354 450 866 273 246 814 220 866 977 875 673 148
122 345 139 532 242 455 509 404 0 496 552 205 168 543 346 546 126 484 256 131 254 448 351 185 496 177 234 444 394 496 607 505 302 322
583 674 396 71 678 196 940 866 496 0 111 524 630 974 739 976 519 136 718 404 715 910 745 579 55 639 696 96 856 148 142 64 238 784
639 730 452 146 734 252 996 922 552 111 0 580 686 1030 795 1032 575 192 774 460 771 966 801 635 111 695 752 152 912 204 222 74 294 840
292 247 242 560 187 484 448 507 205 524 580 0 271 482 247 485 123 512 359 234 356 551 253 87 524 280 337 472 497 524 635 533 331 425
225 412 274 666 204 590 472 277 168 630 686 271 0 505 412 508 260 618 129 265 126 321 414 214 630 49 107 578 266 630 741 639 437 195
600 374 617 1009 371 933 88 313 543 974 1030 482 505 0 303 53 499 961 505 609 544 424 297 424 974 514 525 922 499 974 1084 983 780 427
433 103 382 775 285 698 270 360 346 739 795 247 412 303 0 306 264 727 500 374 497 471 110 228 739 420 478 687 545 739 850 748 545 473
603 377 620 1012 374 936 90 316 546 976 1032 485 508 53 306 0 501 964 508 612 547 427 300 427 976 517 527 924 501 976 1087 985 783 430
213 264 162 555 203 478 465 496 126 519 575 123 260 499 264 501 0 507 348 154 345 540 270 104 519 268 326 467 485 519 630 528 326 414
571 662 383 172 666 183 928 854 484 136 192 512 618 961 727 964 507 0 706 392 703 898 733 567 136 626 684 55 844 71 247 145 226 772
313 500 362 754 292 678 472 226 256 718 774 359 129 505 500 508 348 706 0 353 117 270 502 301 718 125 98 666 216 718 829 727 525 144
219 374 81 439 314 363 575 501 131 404 460 234 265 609 374 612 154 392 353 0 351 545 380 214 404 274 331 352 491 404 515 413 210 419
311 497 359 751 289 675 510 265 254 715 771 356 126 544 497 547 345 703 117 351 0 309 499 299 715 122 46 663 254 716 826 725 522 183
505 542 554 946 484 870 391 145 448 910 966 551 321 424 471 427 540 898 270 545 309 0 465 494 910 317 290 858 264 910 1021 919 717 192
439 109 388 780 279 704 264 354 351 745 801 253 414 297 110 300 270 733 502 380 499 465 0 234 745 422 480 693 539 745 856 754 551 468
273 228 222 615 129 538 391 450 185 579 635 87 214 424 228 427 104 567 301 214 299 494 234 0 579 222 279 527 439 579 690 588 385 367
583 674 396 69 678 196 940 866 496 55 111 524 630 974 739 976 519 136 718 404 715 910 745 579 0 639 696 96 856 148 140 64 238 784
234 420 282 674 213 598 480 273 177 639 695 280 49 514 420 517 268 626 125 274 122 317 422 222 639 0 103 587 263 639 750 648 445 191
291 478 340 732 270 656 491 246 234 696 752 337 107 525 478 527 326 684 98 331 46 290 480 279 696 103 0 644 235 696 807 705 503 163
531 622 344 132 626 144 888 814 444 96 152 472 578 922 687 924 467 55 666 352 663 858 693 527 96 587 644 0 804 68 207 105 186 732
451 617 499 891 430 815 465 220 394 856 912 497 266 499 545 501 485 844 216 491 254 264 539 439 856 263 235 804 0 856 967 865 662 95
584 674 396 184 679 196 940 866 496 148 204 524 630 974 739 976 519 71 718 404 716 910 745 579 148 639 696 68 856 0 259 158 238 784
694 785 506 132 789 307 1051 977 607 142 222 635 741 1084 850 1087 630 247 829 515 826 1021 856 690 140 750 807 207 967 259 0 175 349 895
592 683 405 99 687 205 949 875 505 64 74 533 639 983 748 985 528 145 727 413 725 919 754 588 64 648 705 105 865 158 175 0 247 793
390 480 202 274 485 198 747 673 302 238 294 331 437 780 545 783 326 226 525 210 522 717 551 385 238 445 503 186 662 238 349 247 0 591
379 545 427 820 358 744 393 148 322 784 840 425 195 427 473 430 414 772 144 419 183 192 468 367 784 191 163 732 95 784 895 793 591 0
EOF