NAME : tsp_problem
TYPE : TSP
DIMENSION : 54
EDGE_WEIGHT_TYPE : EXPLICIT
EDGE_WEIGHT_FORMAT : FULL_MATRIX
EDGE_WEIGHT_SECTION
0 402 437 289 2677 450 501 659 2718 2476 602 654 507 1065 2786 2820 665 207 2288 2597 2494 349 723 679 2763 1453 1101 552 1441 320 435 2423 193 1248 210 98 1361 2525 2834 802 1315 643 372 2368 2462 306 2650 212 2697 2299 1096 2625 699 606
397 0 115 274 2586 128 409 568 2627 2385 660 562 415 847 2695 2729 574 567 2197 2506 2403 385 789 587 2671 1361 1010 618 1350 386 501 2332 543 1157 421 344 1270 2434 2743 868 1224 709 258 2277 2371 184 2559 236 2606 2208 1005 2534 608 672
435 115 0 179 2491 34 315 473 2532 2290 565 468 321 752 2600 2634 479 605 2103 2412 2308 291 780 493 2577 1267 916 609 1256 351 491 2238 581 1063 459 382 1175 2340 2649 858 1129 699 164 2182 2276 238 2464 289 2512 2113 910 2440 514 663
333 272 178 0 2440 191 263 422 2480 2238 514 416 269 805 2549 2583 428 503 2051 2360 2257 239 678 441 2525 1215 864 507 1204 275 389 2186 479 1011 357 280 1124 2288 2597 756 1078 597 112 2130 2225 296 2413 202 2460 2062 859 2388 462 561
2683 2581 2486 2447 0 2499 2202 2091 185 516 2244 2107 2196 3114 335 369 2096 2853 416 147 534 2358 2761 2247 101 1751 1603 2590 1739 2383 2472 634 2829 1452 2706 2629 1515 736 383 2839 1613 2680 2340 578 502 2646 199 2552 246 405 1646 174 2051 2644
448 128 34 192 2504 0 328 487 2545 2303 578 481 334 765 2613 2648 493 618 2116 2425 2321 304 793 506 2590 1280 929 622 1269 364 504 2251 594 1076 472 395 1189 2353 2662 871 1142 712 177 2195 2290 251 2477 302 2525 2126 923 2453 527 676
506 404 310 271 2202 323 0 185 2243 2001 276 179 37 937 2311 2346 190 677 1814 2123 2019 181 584 204 2288 978 627 413 967 206 296 1949 652 774 530 453 886 2051 2360 663 840 504 164 1893 1988 469 2175 376 2223 1824 621 2151 225 467
665 563 468 429 2091 481 185 0 2132 1890 353 59 178 1096 2200 2234 70 835 1702 2012 1908 340 743 169 2177 867 515 572 855 365 454 1838 811 663 688 612 775 1939 2248 821 729 662 322 1782 1876 628 2064 534 2112 1713 510 2039 105 626
2723 2621 2527 2488 185 2540 2243 2132 0 556 2284 2148 2237 3154 332 292 2137 2894 457 187 575 2398 2802 2288 153 1791 1644 2631 1780 2424 2513 675 2869 1493 2747 2670 1556 777 261 2880 1654 2721 2381 619 543 2687 240 2593 287 446 1687 215 2091 2685
2481 2379 2285 2246 516 2298 2001 1890 556 0 2042 1906 1995 2912 625 659 1895 2652 215 436 33 2156 2560 2046 601 1549 1402 2388 1538 2182 2271 233 2627 1251 2505 2428 1314 269 673 2638 1412 2479 2139 242 48 2445 489 2351 536 204 1445 464 1849 2443
608 654 560 505 2244 573 276 353 2284 2042 0 347 270 1188 2353 2387 359 778 1855 2164 2060 431 686 417 2329 1019 668 515 1008 402 397 1990 754 815 632 555 928 2092 2401 765 881 605 414 1934 2029 571 2216 477 2264 1866 662 2192 382 569
659 557 463 424 2107 476 179 59 2148 1906 347 0 173 1090 2216 2250 65 830 1719 2028 1924 334 737 164 2193 883 532 566 872 359 449 1854 805 679 683 606 791 1956 2265 816 745 657 317 1798 1892 622 2080 529 2128 1729 526 2055 99 620
512 410 316 277 2196 329 37 178 2237 1995 270 173 0 943 2305 2339 184 683 1808 2117 2013 187 591 198 2282 972 621 419 961 213 302 1943 658 768 536 459 880 2045 2354 669 834 510 170 1887 1981 476 2169 382 2217 1818 615 2144 219 473
1019 803 708 763 3075 722 899 1057 3116 2874 1149 1052 905 0 3184 3218 1063 1103 2686 2996 2892 875 1363 1077 3161 1851 1499 1192 1839 935 1075 2822 1079 1646 957 965 1759 2923 3232 1442 1713 1283 747 2766 2860 925 3048 888 3096 2697 1494 3023 1098 1246
2792 2690 2595 2556 335 2608 2311 2200 332 625 2353 2216 2305 3223 0 71 2205 2962 525 212 643 2467 2870 2356 421 1860 1712 2699 1848 2492 2581 743 2938 1561 2815 2738 1624 845 100 2948 1722 2789 2449 687 611 2755 166 2661 119 514 1755 190 2160 2753
2826 2724 2629 2590 369 2642 2345 2234 292 659 2387 2250 2339 3257 71 0 2239 2996 559 246 677 2501 2904 2390 428 1894 1746 2733 1882 2526 2615 777 2972 1595 2849 2773 1659 879 57 2982 1756 2823 2483 722 645 2789 200 2695 153 548 1789 224 2194 2787
671 569 474 435 2096 487 190 70 2137 1895 359 65 184 1102 2205 2239 0 841 1707 2016 1913 346 749 175 2181 871 520 578 860 371 460 1842 817 667 694 618 780 1944 2253 827 734 668 328 1787 1881 634 2069 540 2116 1718 515 2044 111 632
207 577 612 464 2851 625 675 833 2892 2650 777 828 681 1097 2960 2994 839 0 2463 2772 2668 523 898 853 2937 1627 1276 727 1616 495 609 2598 45 1423 171 276 1535 2700 3009 976 1489 817 546 2542 2636 480 2824 386 2872 2473 1270 2799 874 781
2294 2192 2097 2058 416 2111 1814 1702 457 215 1855 1719 1808 2725 525 559 1707 2464 0 337 233 1969 2372 1858 502 1362 1214 2201 1350 1994 2083 264 2440 1063 2318 2241 1127 366 573 2450 1224 2291 1951 208 201 2257 389 2163 437 47 1257 364 1662 2255
2603 2501 2407 2368 147 2420 2123 2012 187 436 2164 2028 2117 3034 212 246 2016 2773 337 0 454 2278 2681 2167 232 1671 1523 2510 1660 2303 2393 555 2749 1373 2627 2550 1436 656 273 2760 1533 2601 2261 499 423 2566 76 2473 124 326 1566 56 1971 2564
2500 2397 2303 2264 534 2316 2019 1908 575 33 2060 1924 2013 2930 643 677 1913 2670 233 454 0 2174 2578 2064 619 1567 1420 2407 1556 2200 2289 213 2645 1269 2523 2446 1332 249 691 2656 1430 2497 2157 260 46 2463 507 2369 554 222 1463 482 1867 2461
355 380 286 246 2358 299 181 340 2398 2156 431 334 187 913 2467 2501 346 525 1969 2278 2174 0 552 359 2443 1133 782 381 1122 81 264 2104 501 929 378 302 1042 2206 2515 631 995 472 140 2048 2143 318 2330 224 2378 1980 776 2306 380 435
729 789 775 626 2761 788 584 743 2802 2560 686 737 591 1402 2870 2904 749 899 2372 2681 2578 552 0 763 2847 1536 1185 449 1525 524 319 2507 875 1332 753 676 1445 2609 2918 328 1399 381 671 2452 2546 692 2734 599 2781 2383 1180 2709 783 203
684 582 488 449 2247 501 204 169 2288 2046 417 164 198 1115 2356 2390 175 855 1858 2167 2064 359 763 0 2333 1022 671 591 1011 385 474 1993 830 818 708 631 931 2095 2404 841 885 682 342 1938 2032 648 2220 554 2267 1869 666 2195 209 646
2768 2666 2572 2533 101 2585 2288 2177 153 601 2329 2193 2282 3199 421 428 2181 2939 502 232 619 2443 2846 2332 0 1836 1689 2675 1825 2469 2558 720 2914 1538 2792 2715 1601 822 397 2925 1698 2766 2426 664 588 2732 285 2638 332 491 1731 260 2136 2729
1458 1356 1262 1223 1751 1275 978 867 1791 1549 1019 883 972 1889 1860 1894 871 1629 1362 1671 1567 1133 1536 1022 1836 0 378 1365 61 1158 1248 1497 1604 322 1482 1405 435 1599 1908 1615 197 1456 1116 1441 1536 1422 1723 1328 1771 1373 421 1699 826 1419
1107 1005 910 871 1603 924 627 515 1644 1402 668 532 621 1538 1712 1746 520 1277 1214 1523 1420 782 1185 671 1689 378 0 1014 367 807 896 1349 1253 174 1131 1054 287 1451 1760 1263 241 1104 764 1294 1388 1070 1576 976 1623 1225 70 1551 475 1068
558 618 604 455 2590 617 413 572 2631 2389 515 566 419 1231 2699 2733 578 728 2201 2510 2407 381 449 591 2675 1365 1014 0 1354 353 160 2336 704 1161 582 505 1274 2438 2747 527 1228 153 500 2281 2375 521 2563 428 2610 2212 1009 2538 612 332
1447 1345 1250 1211 1739 1264 967 855 1780 1538 1008 872 961 1878 1848 1882 860 1617 1350 1660 1556 1122 1525 1011 1825 61 367 1354 0 1147 1236 1486 1593 311 1471 1394 423 1587 1896 1603 185 1444 1104 1430 1524 1410 1712 1316 1760 1361 410 1687 815 1408
326 386 346 223 2383 359 206 365 2424 2182 402 359 213 973 2492 2526 371 496 1994 2303 2200 81 524 385 2469 1158 807 353 1147 0 235 2129 472 954 350 273 1067 2231 2540 602 1021 443 200 2074 2168 289 2356 195 2403 2005 802 2331 405 407
440 500 486 338 2472 499 296 454 2513 2271 397 449 302 1113 2581 2615 460 611 2083 2393 2289 264 319 474 2558 1248 896 160 1236 235 0 2218 586 1043 464 387 1156 2320 2629 398 1110 238 383 2163 2257 404 2445 310 2492 2094 891 2420 495 202
2429 2327 2233 2193 634 2246 1949 1838 675 233 1990 1854 1943 2860 743 777 1842 2599 264 555 213 2104 2507 1993 720 1497 1349 2336 1486 2129 2218 0 2575 1199 2453 2376 1262 130 791 2586 1359 2426 2087 76 247 2392 607 2299 655 275 1392 582 1797 2390
193 552 587 439 2827 601 651 809 2868 2626 752 804 657 1073 2936 2970 815 45 2438 2748 2644 499 874 829 2913 1603 1251 702 1591 470 585 2573 0 1398 147 262 1511 2675 2984 952 1465 793 522 2518 2612 456 2800 362 2847 2449 1246 2775 849 757
1254 1152 1058 1018 1452 1071 774 663 1493 1251 815 679 768 1685 1561 1595 667 1424 1063 1373 1269 929 1332 818 1538 322 174 1161 311 954 1043 1199 1400 0 1278 1201 136 1300 1609 1411 184 1251 912 1143 1237 1217 1425 1123 1473 1074 217 1400 622 1215
214 430 465 317 2705 478 528 687 2745 2503 630 681 534 951 2814 2848 693 171 2316 2625 2522 377 751 706 2790 1480 1129 580 1469 348 462 2451 147 1276 0 161 1389 2553 2862 830 1343 671 400 2395 2490 333 2678 240 2725 2327 1124 2653 727 634
98 349 384 236 2624 397 447 606 2665 2423 549 600 453 1012 2733 2767 612 276 2235 2544 2441 296 670 625 2709 1399 1048 499 1388 267 382 2370 262 1195 157 0 1308 2472 2781 749 1262 590 319 2315 2409 252 2597 159 2644 2246 1043 2572 646 553
1367 1265 1170 1131 1515 1183 886 775 1556 1314 928 791 880 1798 1624 1659 780 1537 1127 1436 1332 1042 1445 931 1601 435 287 1274 423 1067 1156 1262 1513 136 1390 1314 0 1364 1673 1523 297 1364 1024 1206 1301 1330 1488 1236 1536 1137 330 1464 735 1328
2531 2429 2334 2295 736 2348 2051 1939 777 269 2092 1955 2044 2962 845 879 1944 2701 366 656 249 2206 2609 2095 822 1599 1451 2438 1587 2231 2320 130 2677 1300 2555 2478 1364 0 893 2687 1461 2528 2188 178 282 2494 709 2400 756 377 1494 684 1899 2492
2840 2738 2643 2604 383 2656 2360 2248 261 673 2401 2264 2353 3271 100 57 2253 3010 573 273 691 2515 2918 2404 397 1908 1760 2747 1896 2540 2629 791 2986 1609 2864 2787 1673 893 0 2996 1770 2837 2497 736 659 2803 227 2709 180 562 1803 251 2208 2801
808 868 853 705 2839 866 663 821 2880 2638 765 816 669 1481 2948 2982 827 978 2451 2760 2656 631 328 841 2925 1615 1263 527 1603 602 398 2586 954 1411 831 755 1523 2687 2996 0 1477 460 750 2530 2624 771 2812 677 2860 2461 1258 2787 862 282
1321 1218 1124 1085 1613 1137 840 729 1654 1412 881 745 834 1751 1722 1756 734 1491 1224 1533 1430 995 1399 885 1699 197 241 1228 185 1021 1110 1359 1466 184 1344 1267 297 1461 1770 1477 0 1318 978 1304 1398 1284 1586 1190 1633 1235 284 1561 688 1282
649 708 694 546 2680 707 504 662 2721 2479 605 657 510 1321 2789 2823 668 819 2291 2601 2497 472 381 682 2766 1456 1104 153 1444 443 238 2427 794 1251 672 595 1364 2528 2837 460 1318 0 591 2371 2465 612 2653 518 2700 2302 1099 2628 703 264
375 253 159 119 2340 172 164 322 2381 2139 414 317 170 786 2449 2483 328 545 1952 2261 2157 140 671 342 2426 1116 764 500 1104 200 383 2087 521 912 399 322 1024 2188 2497 750 978 591 0 2031 2125 338 2313 244 2361 1962 759 2288 363 554
2373 2271 2177 2138 578 2190 1893 1782 619 242 1934 1798 1887 2804 687 722 1787 2544 208 499 260 2048 2452 1938 664 1441 1294 2280 1430 2074 2163 76 2519 1143 2397 2320 1206 178 736 2530 1304 2371 2031 0 229 2337 551 2243 599 219 1337 527 1741 2335
2468 2366 2271 2232 502 2284 1987 1876 543 48 2029 1892 1981 2899 611 645 1881 2638 201 423 46 2143 2546 2032 588 1536 1388 2375 1524 2168 2257 247 2614 1237 2491 2415 1301 282 659 2624 1398 2465 2125 229 0 2431 475 2337 522 190 1431 450 1836 2429
300 184 238 258 2646 251 470 628 2687 2445 572 623 476 969 2755 2789 634 470 2258 2567 2463 318 693 648 2732 1422 1070 522 1410 290 404 2393 446 1218 324 247 1330 2494 2803 771 1284 612 341 2337 2431 0 2619 139 2667 2268 1065 2594 669 576
2656 2553 2459 2420 199 2472 2175 2064 240 489 2216 2080 2169 3087 166 200 2069 2826 389 76 507 2330 2734 2220 285 1723 1576 2563 1712 2356 2445 607 2801 1425 2679 2602 1488 709 227 2812 1586 2653 2313 551 475 2619 0 2525 77 378 1619 54 2023 2617
206 236 289 165 2552 302 376 535 2593 2351 478 529 382 940 2661 2696 541 377 2164 2473 2369 225 599 554 2638 1328 977 428 1317 196 310 2299 352 1124 230 153 1237 2401 2710 677 1190 518 247 2243 2338 139 2525 0 2573 2174 971 2501 575 482
2703 2601 2507 2467 246 2520 2223 2112 287 536 2264 2128 2217 3134 119 153 2116 2873 437 124 554 2378 2781 2267 332 1771 1623 2610 1760 2403 2492 655 2849 1473 2727 2650 1536 756 180 2860 1633 2700 2361 599 522 2666 77 2572 0 426 1666 101 2071 2664
2305 2203 2108 2069 405 2121 1824 1713 446 204 1866 1729 1818 2736 514 548 1718 2475 47 326 222 1980 2383 1869 491 1373 1225 2212 1361 2005 2094 275 2451 1074 2328 2251 1137 377 562 2461 1235 2302 1962 219 190 2268 378 2174 426 0 1268 353 1673 2266
1102 999 905 866 1646 918 621 510 1687 1445 662 526 615 1533 1755 1789 515 1272 1257 1566 1463 776 1180 666 1731 421 70 1009 410 802 891 1392 1247 217 1125 1048 330 1494 1803 1258 284 1099 759 1337 1431 1065 1619 971 1666 1268 0 1594 469 1063
2631 2529 2434 2395 174 2447 2151 2039 215 464 2192 2055 2144 3062 190 224 2044 2801 364 56 482 2306 2709 2195 260 1699 1551 2538 1687 2331 2420 582 2777 1400 2654 2578 1464 684 251 2787 1561 2628 2288 527 450 2594 54 2500 101 353 1594 0 1999 2592
705 603 509 469 2051 522 225 105 2091 1849 382 99 219 1136 2160 2194 111 875 1662 1971 1867 380 783 209 2136 826 475 612 815 405 495 1797 851 622 729 652 735 1899 2208 862 688 703 363 1741 1836 668 2023 575 2071 1673 469 1999 0 666
612 672 658 509 2644 671 467 626 2685 2443 569 620 473 1285 2753 2787 632 782 2255 2564 2461 435 203 646 2729 1419 1068 332 1408 407 202 2390 758 1215 636 559 1328 2492 2801 282 1282 264 554 2335 2429 575 2617 482 2664 2266 1063 2592 666 0
EOF