NAME : tsp_problem
TYPE : TSP
DIMENSION : 36
EDGE_WEIGHT_TYPE : EXPLICIT
EDGE_WEIGHT_FORMAT : FULL_MATRIX
EDGE_WEIGHT_SECTION
0 124 2420 2799 275 2591 2656 277 1037 590 366 468 2148 315 2618 724 99 164 360 246 85 2751 2466 199 2091 215 233 2550 1685 280 1593 1595 2149 1648 1666 2232
124 0 2528 2906 382 2699 2763 385 1144 698 351 575 2255 402 2725 831 70 183 468 231 192 2859 2573 307 2199 199 129 2658 1792 264 1701 1702 2256 1756 1774 2339
2406 2514 0 507 2350 300 364 2352 1587 2296 2587 2009 446 2537 593 2283 2488 2385 2435 2468 2340 726 165 2421 397 2436 2487 259 1157 2501 841 1067 286 1121 1138 296
2797 2905 533 0 2741 413 477 2743 1978 2687 2978 2400 837 2928 742 2674 2879 2776 2826 2858 2731 875 578 2812 788 2827 2878 371 1548 2892 1232 1458 677 1511 1529 589
275 382 2364 2742 0 2535 2599 68 980 534 456 411 2091 406 2561 667 357 254 304 336 209 2694 2409 289 2034 305 356 2494 1628 370 1537 1538 2092 1591 1609 2175
2592 2699 327 403 2535 0 113 2538 1772 2482 2773 2194 632 2722 536 2469 2674 2571 2621 2653 2525 670 233 2606 582 2622 2673 85 1343 2687 1026 1253 471 1306 1324 384
2656 2763 363 467 2599 113 0 2602 1837 2546 2837 2258 696 2787 601 2533 2738 2635 2685 2717 2590 734 268 2670 647 2686 2737 149 1407 2751 1090 1317 535 1370 1388 448
277 385 2366 2745 68 2537 2601 0 982 536 459 413 2094 408 2563 670 359 256 306 339 211 2697 2411 292 2037 307 358 2496 1630 372 1539 1540 2095 1594 1612 2178
1037 1144 1601 1979 980 1772 1836 982 0 927 1218 639 1328 1167 1798 914 1119 1015 1065 1098 970 1932 1646 1051 1272 1067 1118 1731 865 1131 774 775 1329 829 847 1412
590 698 2310 2689 534 2481 2546 536 927 0 771 325 2038 721 2508 196 672 569 619 652 524 2641 2356 605 1981 620 671 2440 1575 685 1483 1485 2039 1538 1556 2122
366 351 2602 2980 456 2773 2837 459 1218 771 0 649 2329 85 2799 905 400 217 542 142 300 2932 2647 226 2272 174 284 2731 1866 177 1775 1776 2330 1829 1847 2413
468 575 2023 2401 411 2194 2258 413 639 325 649 0 1750 598 2220 312 550 446 496 529 401 2353 2068 482 1693 498 549 2153 1287 562 1196 1197 1751 1250 1268 1834
2148 2255 460 839 2091 631 695 2094 1328 2038 2329 1750 0 2278 658 2025 2230 2127 2177 2209 2081 791 505 2162 113 2178 2229 590 899 2243 582 809 189 862 880 272
315 402 2551 2929 406 2722 2786 408 1167 721 85 598 2278 0 2748 854 397 268 491 193 249 2882 2596 163 2222 225 336 2681 1815 228 1724 1725 2279 1779 1797 2363
2618 2725 607 743 2561 536 600 2564 1798 2508 2799 2220 658 2748 0 2495 2700 2596 2647 2679 2551 350 652 2632 608 2648 2699 495 1369 2713 1052 1278 497 1332 1350 424
724 831 2298 2676 667 2469 2533 670 914 196 905 312 2025 854 2495 0 806 703 753 785 657 2628 2343 738 1968 754 805 2428 1562 819 1471 1472 2026 1525 1543 2109
99 70 2502 2881 357 2673 2738 359 1119 672 400 550 2230 397 2700 806 0 233 442 280 167 2833 2548 281 2173 249 179 2632 1767 314 1675 1677 2231 1730 1748 2314
164 183 2399 2778 254 2570 2634 256 1015 569 217 446 2127 268 2596 703 233 0 339 97 97 2730 2444 178 2070 66 117 2529 1663 130 1572 1573 2128 1627 1645 2211
360 468 2449 2828 304 2620 2684 306 1065 619 542 496 2177 491 2647 753 442 339 0 422 294 2780 2494 375 2120 390 441 2579 1713 455 1622 1623 2178 1677 1695 2261
246 231 2482 2860 336 2653 2717 339 1098 652 142 529 2209 193 2679 785 280 97 422 0 180 2812 2527 207 2152 54 164 2612 1746 57 1655 1656 2210 1709 1727 2293
85 192 2354 2732 209 2525 2589 211 970 524 300 401 2081 249 2551 657 167 97 294 180 0 2685 2399 133 2025 149 199 2484 1618 213 1527 1528 2083 1582 1600 2166
2751 2859 740 877 2695 669 734 2697 1932 2641 2932 2354 791 2882 350 2628 2833 2730 2780 2812 2685 0 786 2766 742 2781 2832 628 1502 2846 1186 1412 631 1465 1483 557
2471 2578 115 572 2414 233 268 2417 1651 2361 2652 2073 511 2601 657 2348 2553 2450 2500 2532 2404 791 0 2485 461 2501 2552 269 1222 2566 905 1132 350 1185 1203 360
199 307 2435 2813 289 2606 2670 292 1051 605 226 482 2162 163 2632 738 281 178 375 207 133 2765 2480 0 2105 229 280 2565 1699 242 1608 1609 2163 1662 1680 2246
2091 2199 411 789 2034 582 646 2037 1272 1981 2272 1693 113 2222 608 1968 2173 2070 2120 2152 2025 742 456 2105 0 2121 2172 541 842 2186 526 752 170 805 823 222
215 199 2450 2829 305 2621 2686 307 1067 620 174 498 2178 225 2648 754 249 66 390 54 149 2781 2496 229 2121 0 133 2580 1715 87 1623 1625 2179 1678 1696 2262
233 129 2501 2880 356 2672 2737 358 1118 671 284 549 2229 336 2699 805 179 117 441 164 199 2832 2547 280 2172 133 0 2631 1766 198 1674 1676 2230 1729 1747 2313
2551 2658 286 362 2494 85 149 2496 1731 2441 2732 2153 590 2681 495 2428 2633 2529 2579 2612 2484 629 269 2565 541 2581 2632 0 1301 2645 985 1211 430 1265 1283 343
1685 1792 1171 1550 1628 1342 1406 1630 865 1575 1866 1287 899 1815 1369 1562 1767 1663 1713 1746 1618 1502 1216 1699 842 1715 1766 1301 0 1779 344 153 900 70 190 983
280 264 2515 2894 370 2686 2750 372 1131 685 177 562 2243 228 2713 819 314 130 455 57 213 2846 2560 242 2186 87 198 2645 1779 0 1688 1689 2244 1743 1761 2327
1593 1701 855 1233 1537 1026 1090 1539 774 1483 1775 1196 582 1724 1052 1471 1675 1572 1622 1655 1527 1186 900 1608 526 1623 1674 985 344 1688 0 254 583 308 326 666
1595 1702 1081 1460 1538 1252 1316 1540 775 1485 1776 1197 809 1725 1278 1472 1677 1573 1623 1656 1528 1412 1126 1609 752 1625 1676 1211 153 1689 254 0 810 116 134 893
2149 2256 300 678 2092 471 535 2095 1329 2039 2330 1751 189 2280 497 2026 2231 2128 2178 2210 2083 631 345 2163 170 2179 2230 430 900 2244 583 810 0 863 881 111
1648 1756 1135 1513 1591 1306 1370 1594 829 1538 1829 1250 862 1779 1332 1525 1730 1627 1677 1709 1582 1465 1180 1662 805 1678 1729 1265 70 1743 308 116 863 0 154 946
1666 1774 1153 1531 1609 1324 1388 1612 847 1556 1847 1268 880 1797 1350 1543 1748 1645 1695 1727 1600 1483 1198 1680 823 1696 1747 1283 190 1761 326 134 881 154 0 964
2232 2339 310 591 2175 383 448 2178 1412 2122 2413 1834 272 2363 424 2109 2314 2211 2261 2293 2166 557 355 2246 222 2262 2313 342 983 2327 666 893 111 946 964 0
EOF