NAME : tsp_problem
TYPE : TSP
DIMENSION : 60
EDGE_WEIGHT_TYPE : EXPLICIT
EDGE_WEIGHT_FORMAT : FULL_MATRIX
EDGE_WEIGHT_SECTION
0 1933 538 2243 2352 855 481 853 2288 1934 2029 2066 2062 1346 1939 398 2642 2018 2274 2410 1434 2466 2391 878 591 1398 2595 751 2654 45 1543 2255 2080 443 1940 1591 1737 2421 2708 771 785 2258 2466 381 1573 2689 1566 766 2495 2645 2244 2613 596 2637 2126 2359 1550 2237 1443 305
1933 0 1773 328 437 2090 1717 2089 373 145 231 151 147 611 150 1615 727 103 359 495 524 551 476 2114 1827 690 680 1986 739 1964 692 340 165 1696 35 739 280 506 793 2007 2021 343 551 1788 721 774 463 2002 580 730 329 698 1832 722 211 444 698 323 516 1959
538 1773 0 2083 2192 350 87 349 2128 1774 1869 1906 1902 1186 1779 187 2482 1858 2114 2250 1274 2306 2231 374 86 1238 2435 246 2494 568 1383 2095 1920 129 1780 1431 1577 2261 2548 267 281 2098 2306 222 1413 2529 1406 262 2335 2485 2084 2453 92 2477 1966 2199 1390 2077 1283 417
2243 328 2083 0 227 2400 2027 2399 98 383 303 330 346 921 377 1925 546 281 75 249 835 370 295 2424 2137 1000 380 2297 559 2274 1002 134 192 2006 321 1049 590 325 612 2317 2331 220 341 2098 1032 593 773 2312 399 549 146 397 2142 541 176 235 1008 39 826 2269
2325 410 2165 201 0 2483 2109 2481 280 465 385 412 428 1003 459 2007 685 364 231 167 917 510 434 2506 2219 1082 372 2379 698 2356 1084 316 274 2088 403 1131 672 464 751 2399 2413 359 233 2180 1114 732 855 2394 538 688 328 389 2224 680 258 127 1090 195 908 2351
855 2090 350 2400 2509 0 405 190 2445 2091 2186 2223 2219 1503 2096 505 2799 2175 2431 2567 1591 2623 2548 302 285 1555 2753 118 2812 885 1700 2412 2237 447 2097 1748 1895 2578 2865 414 281 2415 2623 539 1730 2846 1723 262 2652 2802 2401 2770 280 2794 2283 2516 1707 2395 1600 734
481 1717 87 2027 2135 405 0 403 2071 1717 1813 1849 1845 1129 1723 131 2425 1801 2057 2194 1218 2250 2174 428 141 1181 2379 301 2438 512 1327 2039 1863 73 1724 1374 1521 2204 2491 321 335 2041 2249 165 1357 2472 1350 316 2278 2429 2028 2396 146 2420 1910 2143 1333 2021 1226 361
853 2089 349 2399 2507 190 403 0 2444 2089 2185 2222 2218 1502 2095 503 2798 2173 2429 2566 1590 2622 2546 372 284 1554 2751 245 2810 884 1699 2411 2236 445 2096 1746 1893 2577 2864 412 280 2414 2621 537 1729 2845 1722 261 2650 2801 2400 2768 278 2792 2282 2515 1705 2393 1598 733
2288 373 2128 98 306 2445 2071 2444 0 427 347 334 391 966 422 1969 500 326 73 203 879 324 248 2469 2181 1044 334 2341 512 2319 1046 54 236 2050 366 1094 635 279 566 2362 2376 173 406 2143 1076 547 817 2357 353 503 67 351 2187 495 187 314 1053 105 870 2314
1934 145 1774 383 491 2091 1717 2089 427 0 109 277 199 612 37 1615 781 229 413 550 525 606 530 2114 1827 690 735 1987 794 1964 692 395 239 1696 152 739 281 560 847 2008 2022 397 605 1788 722 828 463 2003 634 785 384 752 1833 776 265 499 698 377 516 1960
2029 231 1869 303 411 2186 1813 2185 347 109 0 253 119 707 103 1711 701 204 333 470 620 526 450 2210 1923 786 655 2083 714 2060 788 315 159 1792 224 835 376 480 767 2103 2117 317 525 1884 818 748 559 2098 554 705 304 672 1928 696 186 419 794 297 612 2055
2066 151 1906 330 438 2223 1849 2222 334 277 253 0 169 744 283 1747 688 72 360 497 657 512 437 2247 1959 823 641 2119 700 2097 824 301 166 1829 144 872 413 467 754 2140 2154 304 552 1921 854 735 595 2135 541 691 290 659 1965 683 212 446 831 324 648 2092
2062 147 1902 346 454 2219 1845 2218 391 199 119 169 0 740 194 1743 745 121 376 513 653 569 493 2243 1955 818 698 2115 757 2093 820 358 183 1824 140 868 409 524 811 2136 2150 361 569 1917 850 792 591 2131 598 748 347 716 1961 740 229 462 827 340 644 2088
1346 611 1186 921 1030 1503 1129 1502 966 612 707 744 740 0 617 1027 1320 696 952 1088 112 1144 1069 1527 1239 102 1273 1399 1332 1377 221 933 758 1108 618 269 415 1099 1386 1420 1434 936 1144 1201 251 1367 244 1415 1173 1323 922 1291 1245 1315 804 1037 227 915 121 1372
1939 150 1779 377 486 2096 1723 2095 422 37 103 283 194 617 0 1620 776 235 408 544 530 600 525 2120 1833 696 729 1992 788 1970 698 389 233 1702 157 745 286 555 842 2013 2027 392 600 1794 727 823 469 2008 629 779 378 747 1838 771 260 493 704 371 522 1965
398 1614 187 1925 2033 505 131 503 1969 1615 1711 1747 1743 1027 1620 0 2323 1699 1955 2092 1115 2148 2072 528 241 1079 2277 401 2336 428 1225 1937 1761 110 1622 1272 1419 2102 2389 421 435 1939 2147 202 1254 2370 1247 416 2176 2326 1926 2294 246 2318 1807 2041 1231 1919 1124 398
2642 727 2482 546 711 2799 2425 2798 500 781 701 688 745 1320 776 2323 0 680 521 582 1233 397 475 2823 2535 1399 713 2695 188 2673 1400 536 590 2405 720 1448 989 351 339 2716 2730 433 785 2497 1430 320 1171 2711 425 210 548 731 2541 207 542 719 1407 553 1224 2668
2018 103 1858 281 390 2175 1801 2173 326 229 204 72 121 696 235 1699 680 0 312 448 609 504 429 2198 1911 774 634 2071 692 2048 776 293 118 1780 96 823 365 459 746 2092 2106 296 504 1872 806 727 547 2087 533 683 282 651 1917 675 164 397 782 276 600 2044
2274 359 2114 75 257 2431 2057 2429 73 413 333 360 376 952 408 1955 521 312 0 224 865 345 269 2454 2167 1030 355 2327 533 2304 1032 108 222 2036 352 1079 621 299 587 2347 2362 194 371 2128 1062 567 803 2343 373 524 121 372 2172 515 206 265 1038 69 856 2300
2449 534 2289 234 265 2606 2233 2605 188 588 509 495 552 1127 583 2130 567 487 208 0 1040 391 316 2630 2343 1206 254 2502 579 2480 1208 223 397 2212 527 1255 796 346 633 2523 2537 241 325 2304 1237 614 979 2518 420 570 236 271 2348 562 349 273 1214 241 1032 2475
1434 524 1274 835 943 1591 1218 1590 879 525 620 657 653 112 530 1115 1233 609 865 1002 0 1058 982 1615 1328 191 1187 1487 1246 1465 193 847 671 1197 531 240 329 1012 1299 1508 1522 849 1057 1289 222 1280 157 1503 1086 1236 836 1204 1333 1228 717 951 199 829 41 1460
2466 551 2306 370 536 2623 2250 2622 324 606 526 512 569 1144 600 2148 397 504 345 407 1058 0 299 2647 2360 1223 538 2520 409 2497 1225 360 415 2229 544 1272 813 88 463 2540 2554 258 609 2321 1255 443 996 2535 70 400 373 555 2365 391 366 544 1231 378 1049 2492
2391 476 2231 295 460 2548 2174 2546 248 530 450 437 493 1069 525 2072 475 429 269 331 982 299 0 2571 2284 1147 462 2444 487 2421 1149 284 339 2153 469 1196 738 254 541 2464 2479 182 534 2245 1179 522 920 2460 328 478 297 479 2289 469 290 468 1155 302 973 2417
878 2114 374 2424 2532 302 428 372 2469 2114 2210 2247 2243 1527 2120 528 2823 2198 2454 2591 1615 2647 2571 0 309 1579 2776 233 2835 909 1724 2436 2261 470 2121 1771 1918 2602 2889 437 112 2439 2646 562 1754 2870 1747 128 2675 2826 2425 2793 303 2817 2307 2540 1730 2418 1623 758
591 1827 86 2137 2245 285 141 284 2181 1827 1923 1959 1955 1239 1833 241 2535 1911 2167 2304 1328 2360 2284 309 0 1291 2489 181 2548 622 1437 2149 1973 183 1834 1484 1631 2314 2601 202 216 2151 2359 275 1467 2582 1460 197 2388 2539 2138 2506 36 2530 2019 2253 1443 2131 1336 471
1398 690 1238 1000 1108 1555 1181 1554 1044 690 786 823 818 102 696 1079 1399 774 1030 1167 191 1223 1147 1579 1291 0 1352 1451 1411 1429 300 1012 836 1160 697 347 494 1177 1465 1472 1486 1015 1222 1253 330 1445 323 1467 1251 1402 1001 1369 1297 1393 883 1116 306 994 199 1424
2596 681 2436 380 383 2753 2379 2752 334 735 655 642 699 1274 730 2277 714 634 355 283 1187 538 462 2777 2489 1352 0 2649 726 2627 1354 370 544 2358 674 1402 943 492 780 2670 2684 387 248 2451 1384 760 1125 2665 566 717 383 370 2495 708 495 310 1361 388 1178 2622
751 1986 246 2297 2405 118 301 245 2341 1987 2083 2119 2115 1399 1992 401 2695 2071 2327 2464 1487 2520 2444 233 181 1451 2649 0 2708 782 1597 2309 2133 343 1994 1644 1791 2474 2761 310 177 2311 2519 435 1626 2742 1619 158 2548 2698 2298 2666 176 2690 2179 2413 1603 2291 1496 630
2654 739 2494 559 724 2812 2438 2810 512 794 714 700 757 1332 788 2336 188 692 533 595 1246 409 487 2835 2548 1411 726 2708 0 2685 1413 548 603 2417 732 1460 1001 364 280 2728 2742 446 797 2509 1443 261 1184 2723 437 62 561 743 2553 59 554 732 1419 566 1237 2680
45 1964 568 2274 2382 885 512 884 2319 1964 2060 2097 2093 1377 1970 428 2673 2048 2304 2441 1465 2497 2421 909 622 1429 2626 782 2685 0 1574 2286 2111 474 1971 1621 1768 2452 2739 802 816 2289 2496 412 1604 2719 1597 797 2525 2676 2275 2643 627 2667 2157 2390 1580 2268 1473 336
1543 692 1383 1002 1110 1700 1327 1699 1046 692 788 824 820 221 698 1225 1400 776 1032 1169 193 1225 1149 1724 1437 300 1354 1597 1413 1574 0 1014 838 1306 699 123 496 1179 1466 1617 1631 1016 1224 1398 105 1447 325 1612 1253 1404 1003 1371 1442 1395 884 1118 81 996 201 1569
2255 340 2095 134 342 2412 2039 2411 54 395 315 301 358 933 389 1937 536 293 108 239 847 360 284 2436 2149 1012 370 2309 548 2286 1014 0 204 2018 333 1061 602 315 602 2329 2343 209 441 2110 1044 582 785 2324 388 539 34 387 2154 530 155 350 1020 141 838 2281
2080 165 1920 192 300 2237 1863 2236 236 239 159 166 183 758 233 1761 590 118 222 359 671 415 339 2261 1973 836 544 2133 603 2111 838 204 0 1843 158 886 427 369 656 2154 2168 206 414 1935 868 637 609 2149 443 593 192 561 1979 585 74 308 845 186 662 2106
443 1696 129 2006 2114 447 73 445 2050 1696 1792 1829 1824 1108 1702 110 2405 1780 2036 2173 1197 2229 2153 470 183 1160 2358 343 2417 474 1306 2018 1842 0 1703 1353 1500 2183 2471 363 377 2021 2228 127 1336 2451 1329 358 2257 2408 2007 2375 188 2399 1889 2122 1312 2000 1205 323
1940 35 1780 321 430 2097 1724 2096 366 152 224 144 140 618 157 1622 720 96 352 488 531 544 469 2121 1834 697 673 1994 732 1971 699 333 158 1703 0 746 287 499 786 2014 2028 336 544 1795 729 767 470 2009 573 723 322 691 1839 715 204 437 705 316 523 1966
1591 739 1431 1049 1157 1748 1374 1746 1094 739 835 872 868 269 745 1272 1448 823 1079 1216 240 1272 1196 1771 1484 347 1401 1644 1460 1621 123 1061 886 1353 746 0 543 1227 1514 1665 1679 1064 1272 1445 58 1495 372 1660 1301 1451 1050 1419 1490 1442 932 1165 129 1043 249 1617
1737 280 1577 590 699 1895 1521 1893 635 281 376 413 409 415 286 1419 989 365 621 757 329 813 738 1918 1631 494 942 1791 1001 1768 496 602 427 1500 287 543 0 768 1055 1811 1825 605 813 1592 526 1036 267 1806 842 992 591 960 1636 984 473 706 502 585 320 1763
2421 506 2261 325 490 2578 2204 2577 279 560 480 467 524 1099 555 2102 351 459 299 361 1012 88 254 2602 2314 1177 492 2474 364 2452 1179 315 369 2183 499 1227 768 0 417 2495 2509 212 564 2276 1209 398 950 2490 117 354 327 509 2320 346 320 498 1186 332 1003 2447
2708 793 2548 612 777 2865 2491 2864 566 847 767 754 811 1386 842 2389 339 746 587 648 1299 463 541 2889 2601 1465 779 2761 280 2739 1466 602 656 2471 786 1514 1055 417 0 2782 2796 499 851 2563 1496 64 1237 2777 491 271 614 796 2607 263 608 785 1473 619 1290 2734
771 2007 267 2317 2426 414 321 412 2362 2008 2103 2140 2136 1420 2013 421 2716 2092 2347 2484 1508 2540 2464 437 202 1472 2669 310 2728 802 1617 2329 2154 363 2014 1665 1811 2495 2782 0 344 2332 2540 456 1647 2763 1640 325 2569 2719 2318 2687 197 2711 2200 2433 1623 2311 1517 651
785 2021 281 2331 2440 281 335 280 2376 2022 2117 2154 2150 1434 2027 435 2730 2106 2362 2498 1522 2554 2478 112 216 1486 2683 177 2742 816 1631 2343 2168 377 2028 1679 1825 2509 2796 344 0 2346 2554 470 1661 2777 1654 36 2583 2733 2332 2701 211 2725 2214 2447 1637 2325 1531 665
2258 343 2098 220 385 2415 2041 2414 173 397 317 304 361 936 392 1939 433 296 194 256 849 258 182 2439 2151 1015 387 2311 446 2289 1016 209 206 2021 336 1064 605 212 499 2332 2346 0 458 2113 1046 480 787 2327 286 437 222 404 2157 428 158 393 1023 227 840 2284
2471 556 2311 346 196 2628 2254 2627 406 610 530 557 574 1149 605 2152 785 509 376 312 1062 610 534 2652 2364 1227 248 2524 798 2502 1229 442 419 2234 549 1277 818 564 851 2545 2559 459 0 2326 1259 832 1000 2540 638 789 454 442 2370 780 403 123 1236 340 1053 2497
381 1788 222 2098 2206 539 165 537 2143 1788 1884 1921 1917 1201 1794 202 2497 1872 2128 2265 1289 2321 2245 562 275 1253 2450 435 2509 412 1398 2110 1935 127 1795 1445 1592 2276 2563 456 470 2113 2320 0 1428 2544 1421 451 2349 2500 2099 2468 280 2491 1981 2214 1404 2092 1297 226
1573 721 1413 1032 1140 1730 1357 1729 1076 722 818 854 850 251 727 1254 1430 806 1062 1199 222 1255 1179 1754 1467 330 1384 1626 1443 1604 105 1044 868 1336 729 58 526 1209 1496 1647 1661 1046 1254 1428 0 1477 354 1642 1283 1433 1033 1401 1472 1425 914 1148 111 1026 231 1599
2689 774 2529 593 758 2846 2472 2845 547 828 748 735 792 1367 823 2370 320 727 567 629 1280 443 522 2870 2582 1445 760 2742 261 2720 1447 582 637 2451 767 1495 1036 398 64 2763 2777 480 832 2544 1477 0 1218 2758 472 252 595 777 2588 244 588 766 1453 600 1271 2715
1566 463 1406 773 881 1723 1350 1722 817 463 559 595 591 244 469 1248 1171 547 803 940 157 996 920 1747 1460 323 1125 1619 1184 1597 325 785 609 1329 470 372 267 950 1237 1640 1654 787 995 1421 354 1218 0 1635 1024 1175 774 1142 1465 1166 655 889 331 767 149 1592
766 2002 262 2312 2421 262 316 261 2357 2003 2098 2135 2131 1415 2008 416 2711 2087 2343 2479 1503 2535 2460 128 197 1467 2664 158 2723 797 1612 2324 2149 358 2009 1660 1806 2490 2777 325 36 2327 2535 451 1642 2758 1635 0 2564 2714 2313 2682 192 2706 2195 2428 1618 2306 1512 646
2495 580 2335 399 564 2652 2278 2650 353 634 554 541 598 1173 629 2176 425 533 373 435 1086 70 328 2675 2388 1251 566 2548 437 2525 1253 388 443 2257 573 1301 842 117 491 2569 2583 286 638 2350 1283 472 1024 2564 0 428 401 583 2394 420 394 572 1259 406 1077 2521
2645 730 2485 549 715 2802 2429 2801 503 785 705 691 748 1323 779 2326 210 683 524 586 1236 400 478 2826 2539 1402 717 2698 62 2676 1404 539 593 2408 723 1451 992 354 271 2719 2733 437 788 2500 1433 252 1175 2714 428 0 551 734 2544 50 545 722 1410 556 1228 2671
2244 329 2084 146 354 2401 2028 2400 67 384 304 290 347 922 378 1926 548 282 121 251 836 373 297 2425 2138 1001 382 2298 561 2275 1003 34 192 2007 322 1050 591 327 614 2318 2332 222 454 2099 1033 595 774 2313 401 551 0 399 2143 543 144 362 1009 154 827 2270
2611 696 2451 396 427 2768 2395 2767 350 750 671 657 714 1289 745 2292 729 649 370 298 1202 553 478 2792 2505 1368 379 2664 741 2642 1370 385 559 2374 689 1417 958 508 795 2685 2699 402 451 2466 1399 776 1141 2680 582 732 398 0 2510 724 511 435 1376 403 1194 2637
596 1832 92 2142 2250 280 146 278 2187 1832 1928 1965 1961 1245 1838 246 2541 1916 2172 2309 1333 2365 2289 303 36 1297 2494 176 2553 627 1442 2154 1979 188 1839 1490 1636 2320 2607 197 211 2157 2365 280 1472 2588 1465 192 2394 2544 2143 2512 0 2535 2025 2258 1448 2136 1342 476
2637 722 2477 541 706 2794 2420 2792 495 776 696 683 740 1315 771 2318 207 675 515 577 1228 391 469 2817 2530 1393 708 2690 59 2667 1395 530 585 2399 715 1442 984 346 263 2711 2725 428 780 2491 1425 244 1166 2706 420 50 543 725 2536 0 536 714 1401 548 1219 2663
2126 211 1966 176 284 2283 1910 2282 187 265 186 212 229 804 260 1807 542 164 206 343 717 366 290 2307 2019 883 495 2179 554 2157 884 155 74 1889 204 932 473 320 608 2200 2214 158 398 1981 914 588 655 2195 394 545 144 512 2025 536 0 292 891 170 709 2152
2365 450 2205 240 90 2522 2148 2520 319 504 424 451 467 1042 499 2046 724 403 270 206 956 549 473 2545 2258 1121 310 2418 737 2395 1123 355 313 2127 443 1170 712 503 790 2438 2453 398 123 2219 1153 771 894 2434 577 727 367 428 2263 719 297 0 1129 234 947 2391
1550 698 1390 1008 1116 1707 1333 1705 1053 698 794 831 827 227 704 1231 1407 782 1038 1175 199 1231 1155 1730 1443 306 1360 1603 1419 1580 81 1020 845 1312 705 129 502 1186 1473 1623 1638 1023 1230 1404 111 1453 331 1619 1259 1410 1009 1377 1448 1401 891 1124 0 1002 207 1576
2237 323 2077 39 221 2395 2021 2393 105 377 297 324 340 915 371 1919 553 276 69 256 829 378 302 2418 2131 994 387 2291 566 2268 996 141 186 2000 316 1043 585 332 619 2311 2325 227 335 2092 1026 600 767 2306 406 556 154 405 2136 548 170 229 1002 0 820 2263
1443 516 1283 826 934 1600 1226 1599 870 516 612 648 644 121 522 1124 1224 600 856 993 41 1049 973 1623 1336 199 1178 1496 1237 1473 201 838 662 1205 523 249 320 1003 1290 1517 1531 840 1048 1298 231 1271 149 1512 1077 1228 827 1195 1342 1219 709 942 207 820 0 1469
305 1959 417 2269 2378 734 361 733 2314 1960 2055 2092 2088 1372 1965 398 2668 2044 2300 2436 1460 2492 2417 758 471 1424 2621 630 2680 336 1569 2281 2106 323 1966 1617 1763 2447 2734 651 665 2284 2492 226 1599 2715 1592 646 2521 2671 2270 2639 476 2663 2152 2385 1575 2263 1469 0
EOF