NAME : tsp_problem
TYPE : TSP
DIMENSION : 22
EDGE_WEIGHT_TYPE : EXPLICIT
EDGE_WEIGHT_FORMAT : FULL_MATRIX
EDGE_WEIGHT_SECTION
0 712 2523 551 794 2245 702 2283 2400 579 1978 1964 776 2628 1991 785 211 1853 2278 644 2546 77
712 0 2727 239 173 2449 69 2486 2603 268 2181 2167 196 2831 2194 164 686 2056 2482 140 2749 772
2518 2721 0 2559 2803 416 2711 465 582 2588 665 658 2785 810 677 2794 2638 683 260 2653 728 2577
551 239 2565 0 321 2287 229 2324 2442 57 2020 2006 303 2670 2033 312 525 1895 2320 171 2588 610
794 173 2809 321 0 2530 162 2568 2685 349 2263 2249 156 2913 2276 88 768 2138 2564 222 2831 854
2245 2448 351 2287 2530 0 2438 377 494 2315 432 418 2512 722 445 2521 2365 410 172 2380 640 2304
702 69 2716 229 162 2438 0 2475 2593 257 2171 2157 185 2821 2184 153 676 2046 2471 129 2739 761
2283 2486 471 2324 2568 434 2475 0 148 2353 429 423 2550 376 442 2559 2403 448 226 2418 294 2342
2400 2603 588 2442 2685 552 2593 148 0 2470 547 540 2667 347 559 2676 2520 565 343 2536 265 2460
579 268 2594 57 349 2316 257 2353 2470 0 2048 2034 332 2698 2061 340 553 1923 2349 200 2616 639
1978 2181 670 2020 2263 432 2171 429 547 2048 0 36 2245 775 56 2254 2098 143 425 2114 693 2038
1964 2167 664 2006 2249 418 2157 423 540 2034 36 0 2231 768 49 2240 2084 129 419 2100 686 2024
776 196 2791 303 156 2513 185 2550 2667 332 2245 2231 0 2895 2258 147 750 2120 2546 245 2813 836
2628 2831 816 2670 2913 780 2821 376 347 2698 775 768 2895 0 787 2904 2748 793 571 2763 281 2687
1991 2194 683 2033 2276 445 2184 442 559 2061 56 49 2258 787 0 2267 2111 156 438 2126 705 2050
785 164 2800 312 88 2521 153 2559 2676 340 2254 2240 147 2904 2267 0 759 2129 2554 213 2822 845
211 686 2644 525 768 2366 676 2403 2520 553 2098 2084 750 2748 2111 759 0 1973 2399 618 2666 271
1853 2056 689 1895 2138 411 2046 448 565 1923 143 129 2120 793 156 2129 1973 0 444 1989 711 1913
2278 2482 266 2320 2564 230 2471 226 343 2349 425 419 2546 571 438 2555 2399 444 0 2414 489 2338
644 140 2659 171 222 2381 129 2418 2536 200 2114 2100 245 2763 2126 213 618 1989 2414 0 2681 704
2546 2749 734 2588 2831 698 2739 294 265 2616 693 686 2813 281 705 2822 2666 711 489 2682 0 2605
77 772 2583 610 854 2305 761 2342 2459 639 2038 2024 836 2687 2050 845 271 1913 2338 704 2605 0
EOF