NAME : tsp_problem
TYPE : TSP
DIMENSION : 64
EDGE_WEIGHT_TYPE : EXPLICIT
EDGE_WEIGHT_FORMAT : FULL_MATRIX
EDGE_WEIGHT_SECTION
0 447 566 804 613 2117 2003 590 2241 2092 1734 569 2363 2306 1474 2126 2272 2082 1618 586 1998 2104 495 2570 2721 2464 1593 2534 1663 2641 325 2543 81 2356 2651 2531 2176 790 2719 1464 724 731 2040 741 2014 2254 1499 35 241 178 2344 2129 2075 430 2060 66 2407 2072 2472 1930 1930 1559 789 1462
447 0 141 378 188 2019 1905 165 2143 1994 1636 144 2265 2208 1376 2028 2174 1984 1520 161 1900 2006 70 2472 2623 2366 1495 2436 1565 2543 203 2445 435 2258 2553 2433 2078 364 2621 1366 299 306 1942 316 1916 2156 1401 468 562 453 2247 2031 1977 35 1962 421 2309 1974 2375 1832 1832 1461 364 1364
566 141 0 456 266 2138 2024 243 2262 2113 1756 222 2384 2327 1495 2148 2293 2103 1640 239 2020 2125 148 2591 2742 2485 1614 2555 1684 2662 322 2564 555 2377 2672 2553 2197 442 2740 1486 377 384 2061 394 2036 2275 1520 587 681 572 2366 2150 2096 154 2081 540 2428 2093 2494 1951 1952 1580 442 1483
804 378 456 0 205 2376 2262 228 2500 2351 1993 460 2622 2565 1733 2385 2531 2341 1877 476 2257 2363 386 2829 2980 2723 1852 2793 1921 2900 559 2802 792 2615 2910 2790 2434 44 2978 1723 362 621 2299 100 2273 2513 1758 824 918 810 2603 2388 2334 391 2319 778 2666 2331 2731 2189 2189 1818 49 1721
613 188 266 205 0 2185 2071 48 2309 2160 1802 269 2431 2374 1542 2194 2340 2150 1686 286 2066 2172 195 2638 2789 2532 1661 2602 1731 2709 369 2611 601 2424 2719 2599 2244 191 2787 1532 183 431 2108 143 2083 2322 1567 634 728 619 2413 2197 2143 201 2128 587 2475 2140 2541 1998 1999 1627 220 1530
2117 2019 2138 2376 2185 0 198 2163 151 286 467 2142 293 215 819 56 181 226 622 2159 192 39 2068 479 631 374 932 464 1001 550 1844 452 2049 286 561 441 106 2362 628 810 2297 2304 184 2313 158 184 645 2138 2086 1977 275 59 123 2003 85 2065 317 299 403 205 260 646 2362 808
2003 1905 2024 2262 2071 198 0 2048 322 238 353 2028 443 386 705 207 352 290 507 2044 59 185 1954 650 802 545 818 614 887 721 1730 623 1935 437 732 612 256 2248 799 696 2183 2189 248 2199 222 334 531 2024 1971 1862 425 210 95 1889 194 1950 488 249 553 217 104 532 2248 693
590 165 243 228 48 2163 2048 0 2286 2137 1780 246 2408 2351 1519 2172 2317 2127 1664 263 2044 2149 172 2615 2766 2510 1638 2579 1708 2686 346 2588 579 2402 2697 2577 2221 214 2764 1510 206 408 2086 166 2060 2299 1544 611 705 596 2390 2175 2120 178 2105 564 2452 2118 2518 1975 1976 1604 243 1508
2241 2143 2262 2500 2309 151 322 2286 0 410 591 2266 369 150 943 180 54 309 745 2282 316 163 2192 479 511 254 1056 371 1125 550 1968 333 2173 362 561 321 206 2486 628 934 2421 2428 308 2437 282 135 769 2262 2209 2101 315 139 247 2127 209 2189 316 423 444 329 384 770 2486 932
2092 1994 2113 2351 2160 286 238 2137 410 0 442 2116 532 475 794 295 440 422 596 2133 232 273 2042 738 890 633 906 703 976 809 1819 711 2023 525 820 700 344 2337 888 784 2271 2278 381 2288 355 422 620 2112 2060 1951 513 298 184 1977 282 2039 576 88 641 306 204 620 2336 782
1734 1636 1756 1993 1802 467 353 1780 591 442 0 1759 713 656 436 477 622 432 239 1776 349 454 1685 920 1071 814 549 884 618 991 1461 893 1666 706 1001 881 526 1979 1069 427 1914 1921 390 1930 365 604 262 1755 1703 1594 695 479 425 1620 410 1682 757 422 823 280 281 263 1979 425
569 144 222 460 269 2142 2028 246 2266 2116 1759 0 2388 2330 1498 2151 2296 2106 1643 77 2023 2129 102 2594 2746 2489 1618 2558 1687 2665 325 2567 558 2381 2676 2556 2200 446 2744 1489 380 198 2065 397 2039 2278 1523 590 684 575 2369 2154 2099 157 2085 543 2432 2097 2497 1955 1955 1584 445 1487
2368 2270 2389 2627 2436 298 449 2414 374 537 718 2393 0 333 1070 255 342 477 872 2409 443 290 2319 662 547 290 1183 213 1252 733 2095 368 2300 35 744 357 206 2613 811 1061 2548 2555 435 2564 409 260 896 2389 2337 2228 150 310 374 2254 336 2316 499 550 152 456 511 897 2613 1059
2306 2208 2327 2565 2374 215 386 2351 150 475 656 2330 328 0 1008 245 117 374 810 2347 381 228 2257 358 444 187 1120 304 1190 429 2033 266 2238 321 439 254 207 2551 507 998 2486 2492 373 2502 347 137 834 2327 2274 2165 248 204 312 2191 274 2253 195 487 377 394 448 835 2551 996
1474 1376 1495 1733 1542 819 705 1519 943 794 436 1498 1065 1008 0 828 974 784 320 1515 700 806 1424 1272 1423 1166 295 1236 365 1343 1201 1245 1405 1058 1353 1233 878 1718 1421 47 1653 1660 742 1670 716 956 201 1494 1442 1333 1046 831 777 1359 762 1421 1109 774 1174 632 632 261 1718 43
2126 2028 2148 2385 2194 56 207 2172 180 295 477 2151 250 245 828 0 211 235 631 2168 201 48 2077 509 617 360 941 421 1011 580 1853 439 2058 243 590 427 87 2371 658 819 2306 2313 193 2323 168 141 655 2147 2095 1986 232 68 132 2012 94 2074 346 308 360 215 269 655 2371 817
2272 2174 2293 2531 2340 181 352 2317 54 440 622 2296 336 117 974 211 0 340 776 2313 347 194 2222 446 478 221 1086 339 1156 517 1999 300 2204 330 528 289 173 2517 596 964 2451 2458 339 2468 313 103 800 2292 2240 2131 283 170 278 2157 240 2219 284 453 411 360 414 800 2516 962
2082 1984 2103 2341 2150 226 290 2127 309 422 432 2106 472 374 784 235 340 0 586 2123 284 213 2033 638 789 532 896 643 966 709 1809 611 2014 465 720 600 284 2327 787 774 2262 2268 68 2278 91 362 610 2103 2050 1941 453 237 260 1967 169 2029 475 435 581 170 296 611 2327 772
1618 1520 1640 1877 1686 622 507 1664 745 596 239 1643 867 810 320 631 776 586 0 1660 503 608 1569 1074 1225 968 433 1038 503 1145 1345 1047 1550 861 1156 1036 680 1863 1223 311 1798 1805 544 1815 519 758 147 1639 1587 1478 849 634 579 1504 564 1566 911 577 977 434 435 147 1863 309
586 161 239 476 286 2158 2044 263 2282 2133 1776 77 2404 2347 1515 2168 2313 2123 1660 0 2040 2145 119 2611 2762 2505 1634 2575 1704 2682 342 2584 575 2397 2693 2573 2217 462 2760 1506 397 176 2081 414 2056 2295 1540 607 701 592 2386 2170 2116 174 2101 560 2448 2114 2514 1971 1972 1600 462 1503
1998 1900 2020 2257 2066 192 59 2044 316 232 349 2023 438 381 700 201 347 284 503 2040 0 179 1949 645 796 539 813 609 882 716 1725 618 1930 431 726 606 251 2243 794 691 2178 2185 242 2195 217 329 527 2019 1967 1858 420 204 90 1884 188 1946 482 243 548 212 100 527 2243 689
2104 2006 2125 2363 2172 39 185 2149 163 273 454 2129 285 228 806 48 194 213 608 2145 179 0 2055 492 643 386 919 456 988 563 1831 465 2036 278 573 453 97 2349 641 797 2284 2291 171 2300 145 176 632 2125 2073 1964 266 51 110 1990 72 2052 329 286 394 192 247 633 2349 795
495 70 148 386 195 2068 1954 172 2192 2042 1685 102 2314 2257 1424 2077 2222 2033 1569 119 1949 2055 0 2520 2672 2415 1544 2485 1613 2591 251 2493 484 2307 2602 2482 2126 372 2670 1415 307 264 1991 323 1965 2204 1449 516 610 501 2295 2080 2025 83 2011 469 2358 2023 2423 1881 1881 1510 372 1413
2570 2472 2591 2829 2638 479 650 2615 479 738 920 2594 657 358 1272 509 446 638 1074 2611 645 492 2520 0 773 516 1384 633 1454 347 2297 595 2501 650 358 583 536 2815 426 1262 2749 2756 637 2766 611 466 1098 2590 2538 2429 577 468 576 2455 538 2517 235 751 706 658 712 1098 2814 1260
2719 2622 2741 2978 2788 629 800 2765 509 888 1070 2744 553 442 1421 615 477 788 1224 2761 795 641 2670 771 0 363 1534 480 1604 842 2446 266 2651 546 853 274 566 2964 921 1412 2899 2906 786 2916 761 496 1248 2740 2688 2579 474 617 725 2605 688 2667 609 901 553 808 862 1248 2964 1410
2464 2367 2486 2723 2533 374 545 2510 254 633 815 2489 298 188 1166 360 222 533 969 2506 540 386 2415 516 353 0 1279 152 1349 587 2191 175 2396 291 598 164 311 2709 666 1157 2644 2651 532 2661 506 241 993 2485 2433 2324 219 363 471 2350 433 2412 354 646 225 553 607 993 2709 1155
1593 1495 1614 1852 1661 932 818 1638 1056 906 549 1618 1178 1120 295 941 1086 896 433 1634 813 919 1544 1384 1536 1279 0 1348 251 1455 1320 1357 1525 1171 1466 1346 990 1838 1534 286 1773 1779 855 1789 829 1068 313 1614 1561 1452 1159 944 889 1479 875 1541 1222 887 1287 745 745 374 1838 283
2539 2441 2560 2798 2607 469 620 2584 372 708 889 2564 213 305 1241 426 339 648 1043 2580 614 461 2490 634 471 152 1354 0 1423 705 2266 292 2471 195 715 281 377 2784 783 1232 2719 2725 606 2735 580 359 1067 2560 2507 2399 321 480 545 2425 507 2487 471 721 85 627 682 1068 2784 1229
1663 1565 1684 1922 1731 1001 887 1708 1125 976 618 1687 1247 1190 365 1011 1156 966 503 1704 882 988 1613 1454 1605 1348 251 1418 0 1525 1390 1427 1594 1240 1535 1415 1060 1907 1603 355 1842 1849 924 1859 899 1138 383 1683 1631 1522 1229 1013 959 1548 944 1610 1291 956 1357 814 815 443 1907 353
2641 2543 2662 2900 2709 550 721 2686 550 809 991 2665 728 429 1343 580 517 709 1145 2682 716 563 2591 347 844 587 1455 704 1525 0 2368 666 2572 721 216 654 607 2886 284 1333 2820 2827 708 2837 682 537 1169 2661 2609 2500 648 539 647 2526 609 2588 342 822 777 729 783 1169 2885 1331
325 203 322 559 369 1844 1730 346 1968 1819 1461 325 2090 2033 1201 1853 1999 1809 1345 342 1725 1831 251 2297 2448 2191 1320 2261 1389 2368 0 2270 313 2083 2378 2258 1902 545 2446 1191 480 487 1767 497 1741 1981 1226 346 405 296 2071 1856 1802 186 1787 299 2134 1799 2199 1657 1657 1286 545 1189
2537 2439 2558 2796 2605 446 617 2582 327 706 887 2561 371 260 1239 433 294 605 1041 2578 612 459 2488 589 266 180 1351 298 1421 660 2264 0 2469 364 670 56 384 2782 738 1229 2717 2723 604 2733 578 314 1065 2558 2505 2396 291 435 543 2422 505 2484 426 718 370 625 679 1066 2782 1227
81 435 555 792 601 2049 1935 579 2173 2023 1666 558 2295 2238 1405 2058 2203 2014 1550 575 1930 2036 484 2501 2653 2396 1525 2466 1594 2572 313 2474 0 2288 2583 2463 2107 778 2651 1396 713 720 1972 729 1946 2185 1430 102 173 110 2276 2061 2007 419 1992 28 2339 2004 2404 1862 1862 1491 778 1394
2361 2263 2383 2620 2429 291 442 2407 367 530 712 2386 35 326 1063 248 335 470 866 2403 436 283 2312 655 540 283 1176 195 1246 726 2088 361 2293 0 737 350 199 2606 804 1054 2541 2548 428 2558 403 253 890 2382 2330 2221 143 303 367 2247 330 2309 493 543 133 450 504 890 2606 1052
2651 2553 2673 2910 2719 561 732 2697 561 820 1001 2676 738 439 1353 590 528 720 1156 2693 726 573 2602 358 855 598 1466 715 1535 216 2378 676 2583 732 0 665 618 2896 187 1344 2831 2838 718 2847 692 547 1179 2672 2620 2511 659 549 657 2537 619 2599 353 833 787 739 794 1180 2896 1342
2525 2428 2547 2784 2594 435 606 2571 315 694 876 2550 359 248 1227 421 283 594 1030 2567 601 447 2476 577 270 169 1340 286 1410 648 2252 56 2457 352 659 0 372 2770 727 1218 2705 2712 592 2722 567 302 1054 2546 2494 2385 280 423 531 2411 494 2473 415 707 359 614 668 1054 2770 1216
2176 2078 2197 2435 2244 106 256 2221 206 344 526 2200 201 207 878 87 173 284 680 2217 251 97 2126 536 568 311 990 372 1060 607 1903 390 2107 194 618 378 0 2420 685 868 2355 2362 243 2372 217 92 704 2196 2144 2035 183 118 182 2061 144 2123 373 357 311 264 318 704 2420 866
790 364 442 44 191 2362 2248 214 2486 2337 1979 446 2608 2551 1718 2371 2517 2327 1863 462 2243 2349 372 2814 2966 2709 1838 2779 1907 2885 545 2787 778 2601 2896 2776 2420 0 2964 1709 348 607 2285 86 2259 2498 1744 810 904 795 2589 2374 2320 377 2305 764 2652 2317 2717 2175 2175 1804 59 1707
2719 2621 2740 2978 2787 628 799 2764 628 888 1069 2744 806 507 1421 658 596 787 1223 2760 794 641 2670 426 922 665 1534 783 1603 284 2446 744 2651 799 187 732 685 2964 0 1412 2899 2905 786 2915 760 615 1247 2740 2687 2578 727 617 725 2605 687 2666 421 900 855 807 862 1248 2964 1409
1464 1366 1486 1723 1532 810 696 1510 934 784 427 1489 1056 998 47 819 964 774 311 1506 691 797 1415 1262 1414 1157 286 1226 355 1333 1191 1235 1396 1049 1344 1224 868 1709 1412 0 1644 1651 733 1660 707 946 191 1485 1433 1324 1037 822 767 1350 752 1412 1100 765 1165 623 623 252 1709 38
724 299 377 362 183 2297 2183 206 2421 2271 1914 380 2543 2486 1653 2306 2451 2261 1798 397 2178 2284 307 2749 2901 2644 1773 2714 1842 2820 480 2722 713 2536 2831 2711 2355 348 2899 1644 0 542 2220 300 2194 2433 1678 745 839 730 2524 2309 2254 312 2240 698 2587 2252 2652 2110 2110 1739 377 1642
731 306 384 621 431 2304 2189 408 2427 2278 1921 198 2549 2492 1660 2313 2458 2268 1805 176 2185 2291 264 2756 2908 2651 1779 2720 1849 2827 487 2729 720 2543 2838 2718 2362 607 2905 1651 542 0 2227 559 2201 2440 1685 752 846 737 2531 2316 2261 319 2246 705 2593 2259 2659 2116 2117 1746 607 1649
2040 1942 2061 2299 2108 184 248 2086 308 381 390 2065 430 373 742 193 339 68 544 2081 242 171 1991 637 788 531 855 601 924 708 1767 610 1972 423 718 598 243 2285 786 733 2220 2227 0 2236 56 321 568 2061 2009 1900 412 196 218 1926 127 1988 474 393 540 128 255 569 2285 731
741 316 394 100 143 2313 2199 166 2437 2288 1930 397 2559 2502 1670 2323 2468 2278 1814 414 2194 2300 323 2766 2917 2660 1789 2730 1859 2837 497 2739 729 2552 2847 2727 2372 86 2915 1660 300 559 2236 0 2211 2450 1695 762 856 747 2541 2325 2271 329 2256 715 2603 2268 2669 2126 2127 1755 115 1658
2014 1917 2036 2273 2083 158 222 2060 282 355 365 2039 404 347 716 168 313 91 519 2056 217 145 1965 611 762 505 829 575 899 682 1741 584 1946 397 692 573 217 2259 760 707 2194 2201 56 2211 0 295 543 2035 1983 1874 386 170 192 1900 101 1962 448 368 514 103 229 543 2259 705
2254 2156 2275 2513 2322 184 334 2299 135 422 604 2278 255 137 956 141 103 362 758 2295 329 176 2204 466 498 241 1068 358 1138 537 1981 319 2185 248 547 308 92 2499 615 946 2433 2440 321 2450 295 0 782 2274 2222 2113 237 196 260 2139 222 2201 303 435 365 342 396 782 2498 944
1499 1401 1520 1758 1567 645 531 1544 769 620 262 1523 891 834 201 655 800 610 147 1540 527 632 1449 1098 1249 992 313 1062 383 1169 1226 1071 1430 884 1179 1059 704 1744 1247 191 1678 1685 568 1695 543 782 0 1519 1467 1358 873 657 603 1384 588 1446 935 600 1001 458 459 87 1743 189
35 468 587 824 634 2138 2024 611 2262 2112 1755 590 2384 2327 1494 2147 2292 2103 1639 607 2019 2125 516 2590 2742 2485 1614 2555 1683 2661 346 2563 102 2377 2672 2552 2196 810 2740 1485 745 752 2061 762 2035 2274 1519 0 262 199 2365 2150 2095 451 2081 87 2428 2093 2493 1951 1951 1580 810 1483
241 562 681 918 728 2086 1971 705 2209 2060 1703 684 2331 2274 1442 2095 2240 2050 1587 701 1967 2072 610 2538 2689 2433 1561 2502 1631 2609 405 2511 173 2325 2620 2500 2144 904 2687 1433 839 846 2009 856 1983 2222 1467 262 0 146 2313 2098 2043 545 2028 189 2375 2041 2441 1898 1899 1527 904 1431
178 453 572 810 619 1977 1862 596 2101 1951 1594 575 2222 2165 1333 1986 2131 1941 1478 592 1858 1964 501 2429 2581 2324 1452 2393 1522 2500 296 2402 110 2216 2511 2391 2035 795 2578 1324 730 737 1900 747 1874 2113 1358 199 146 0 2204 1989 1934 436 1919 125 2266 1932 2332 1789 1790 1419 795 1322
2367 2269 2388 2626 2435 297 447 2412 301 536 717 2392 178 234 1069 254 268 476 871 2408 442 289 2318 563 447 190 1182 308 1251 634 2094 269 2299 171 644 257 205 2612 712 1060 2547 2553 434 2563 408 259 895 2388 2335 2226 0 309 373 2253 335 2315 400 548 288 455 510 896 2612 1057
2129 2031 2150 2388 2197 59 210 2175 139 298 479 2154 305 204 831 68 170 237 634 2170 204 51 2080 468 619 362 944 476 1013 539 1856 441 2061 298 549 429 118 2374 617 822 2309 2316 196 2325 170 196 657 2150 2098 1989 287 0 135 2015 97 2077 305 311 415 217 272 658 2374 820
2075 1977 2096 2334 2143 123 95 2120 247 184 425 2099 369 312 777 132 278 260 579 2116 90 110 2025 576 727 470 889 540 959 647 1802 549 2007 362 657 537 182 2320 725 767 2254 2261 218 2271 192 260 603 2095 2043 1934 351 135 0 1960 119 2022 413 196 479 239 157 604 2319 765
430 35 154 391 201 2003 1889 178 2127 1977 1620 157 2249 2191 1359 2012 2157 1967 1504 174 1884 1990 83 2455 2607 2350 1479 2419 1548 2526 186 2428 419 2242 2537 2417 2061 377 2605 1350 312 319 1926 329 1900 2139 1384 451 545 436 2230 2015 1960 0 1946 404 2293 1958 2358 1816 1816 1445 377 1348
2060 1962 2081 2319 2128 85 194 2105 209 282 410 2085 331 274 762 94 240 169 564 2101 188 72 2011 538 689 432 875 502 944 609 1787 511 1992 324 619 499 144 2305 687 752 2240 2246 127 2256 101 222 588 2081 2028 1919 313 97 119 1946 0 2007 375 295 441 148 256 589 2305 750
66 421 540 778 587 2065 1950 564 2189 2039 1682 543 2310 2253 1421 2074 2219 2029 1566 560 1946 2052 469 2517 2669 2412 1540 2481 1610 2588 299 2490 28 2304 2599 2479 2123 764 2666 1412 698 705 1988 715 1962 2201 1446 87 189 125 2292 2077 2022 404 2007 0 2355 2020 2420 1877 1878 1507 763 1410
2407 2309 2428 2666 2475 317 488 2452 316 576 757 2432 494 195 1109 346 284 475 911 2448 482 329 2358 235 610 353 1222 471 1291 342 2134 432 2339 487 353 421 373 2652 421 1100 2587 2593 474 2603 448 303 935 2428 2375 2266 415 305 413 2293 375 2355 0 589 543 495 550 936 2652 1097
2072 1974 2094 2331 2140 299 249 2118 423 88 422 2097 544 487 774 308 453 435 577 2114 243 286 2023 751 903 646 887 715 956 822 1799 724 2004 538 833 713 357 2317 900 765 2252 2259 393 2268 368 435 600 2093 2041 1932 526 311 196 1958 295 2020 589 0 654 286 185 601 2317 763
2478 2380 2499 2737 2546 408 558 2523 444 646 828 2502 152 377 1180 365 412 586 982 2519 553 400 2428 706 543 225 1292 85 1362 777 2205 365 2409 133 788 353 316 2723 855 1170 2657 2664 545 2674 519 370 1006 2498 2446 2337 260 420 484 2363 446 2425 544 659 0 566 620 1006 2722 1168
1930 1832 1951 2189 1998 205 217 1975 329 306 280 1955 451 394 632 215 360 170 434 1971 212 192 1881 658 809 552 745 622 814 729 1657 631 1862 444 739 619 264 2175 807 623 2110 2116 128 2126 103 342 458 1951 1898 1789 433 217 239 1816 148 1878 495 286 561 0 145 459 2175 620
1930 1833 1952 2189 1999 260 104 1976 384 204 281 1955 506 448 632 269 414 296 435 1972 100 247 1881 712 864 607 745 676 815 783 1657 685 1862 499 794 674 318 2175 862 623 2110 2117 255 2127 229 396 459 1951 1899 1790 487 272 157 1816 256 1878 550 185 615 145 0 459 2175 621
1559 1461 1580 1818 1627 646 532 1604 770 620 263 1584 892 835 261 655 800 611 147 1600 527 633 1510 1098 1250 993 374 1063 443 1169 1286 1071 1491 885 1180 1060 704 1804 1248 252 1739 1746 569 1755 543 782 87 1580 1527 1419 873 658 604 1445 589 1507 936 601 1001 459 459 0 1804 250
789 364 442 49 220 2362 2248 243 2486 2336 1979 445 2608 2551 1718 2371 2516 2326 1863 462 2243 2349 372 2814 2966 2709 1838 2778 1907 2885 545 2787 778 2601 2896 2776 2420 59 2964 1709 377 607 2285 115 2259 2498 1743 810 904 795 2589 2374 2319 377 2305 763 2652 2317 2717 2175 2175 1804 0 1707
1462 1364 1483 1721 1530 808 693 1508 932 782 425 1487 1053 996 43 817 962 772 309 1503 689 795 1413 1260 1412 1155 283 1224 353 1331 1189 1233 1394 1047 1342 1222 866 1707 1409 38 1642 1649 731 1658 705 944 189 1483 1431 1322 1035 820 765 1348 750 1410 1097 763 1163 620 621 250 1707 0
EOF