NAME : tsp_problem
TYPE : TSP
DIMENSION : 54
EDGE_WEIGHT_TYPE : EXPLICIT
EDGE_WEIGHT_FORMAT : FULL_MATRIX
EDGE_WEIGHT_SECTION
0 2253 1735 1422 2840 1345 1296 1513 1525 306 1302 1656 1488 1481 2297 1451 1519 1780 113 1519 1702 898 869 1468 1229 1398 1160 1454 870 1768 1337 1463 179 1518 1192 1656 1705 786 1885 845 192 1843 1618 1342 1629 2254 379 1466 2297 1075 2069 1422 983 1818
2253 0 798 1093 3031 1198 1131 1141 886 2137 1361 889 807 1286 75 995 1711 1184 2275 1710 1893 1479 1693 827 1291 1162 1398 1097 1603 700 1088 1268 2204 1157 1358 881 849 1501 509 1444 2368 1246 795 1205 660 31 2336 1138 75 1468 272 1093 1496 1221
1735 798 0 392 2249 416 509 359 263 1619 580 1230 1148 505 842 372 929 561 1756 928 1111 1341 1187 1169 535 380 617 315 1313 1041 465 487 1686 375 576 99 1191 1228 851 1276 1850 623 172 423 1001 799 1818 412 842 1506 580 392 1301 599
1422 1093 392 0 2087 331 161 111 226 1306 413 1525 1443 338 1137 152 767 481 1443 766 950 1028 874 1464 321 466 455 148 1000 1336 117 320 1373 116 410 313 1486 915 1146 963 1537 543 318 257 1296 1094 1505 64 1137 1193 875 29 988 519
2762 2953 2172 2010 0 1785 1984 1977 2213 2646 1739 3115 2947 1921 2997 2139 1854 2468 2783 1853 1507 2368 2214 2927 1822 1834 1644 1894 2340 3196 2025 1903 2713 2081 1628 2093 3163 2256 3006 2303 2877 2530 2305 1781 3087 2954 2845 2029 2997 2533 2735 2010 2329 2506
1345 1198 416 331 1862 0 311 298 537 1229 188 1630 1530 242 1242 463 542 792 1366 541 725 951 797 1509 143 159 230 215 923 1441 351 224 1296 402 185 338 1591 838 1251 886 1460 854 572 103 1401 1199 1428 351 1242 1116 980 331 911 830
1296 1131 509 161 2061 311 0 252 264 1180 393 1563 1481 446 1175 190 741 519 1317 740 924 902 748 1460 195 445 381 289 874 1374 76 428 1247 257 390 454 1524 789 1184 837 1411 582 356 307 1334 1132 1379 205 1175 1067 913 161 862 557
1513 1141 359 111 2054 298 252 0 317 1397 381 1573 1491 306 1185 243 734 572 1534 734 917 1119 965 1512 336 433 422 116 1091 1384 208 288 1464 183 377 280 1533 1006 1194 1054 1628 635 409 224 1344 1141 1596 131 1185 1284 923 111 1079 610
1525 886 263 226 2291 537 264 317 0 1409 619 1318 1236 545 930 128 970 317 1546 970 1153 1131 977 1257 424 627 611 355 1103 1129 221 527 1476 322 616 346 1278 1019 939 1066 1640 379 111 463 1089 886 1608 271 930 1296 668 226 1092 354
306 2137 1619 1306 2723 1229 1180 1397 1409 0 1186 1540 1372 1364 2181 1335 1403 1664 256 1403 1586 782 753 1352 1113 1281 1044 1337 754 1652 1220 1346 257 1402 1075 1540 1589 669 1769 728 468 1726 1501 1225 1512 2137 436 1350 2181 958 1953 1306 867 1702
1302 1361 580 413 1816 188 393 381 619 1186 0 1654 1487 324 1405 545 496 875 1323 495 679 908 754 1466 226 323 184 297 880 1604 434 306 1253 485 139 501 1703 795 1414 843 1417 937 712 185 1564 1362 1385 433 1405 1073 1144 414 868 912
1657 889 1230 1525 3193 1630 1563 1573 1318 1541 1655 0 506 1719 932 1427 1873 1616 1678 1872 2056 883 1096 485 1582 1594 1513 1529 1007 209 1520 1701 1608 1589 1545 1313 65 905 520 848 1772 1678 1227 1637 363 889 1740 1570 932 872 704 1525 899 1653
1488 807 1148 1443 3024 1530 1481 1491 1236 1372 1487 504 0 1636 850 1345 1704 1534 1509 1703 1887 714 928 62 1414 1512 1344 1446 838 321 1438 1618 1439 1507 1376 1231 471 736 438 679 1603 1596 1145 1526 182 807 1571 1488 850 703 622 1443 731 1571
1481 1286 505 338 1998 242 446 306 545 1364 324 1719 1636 0 1330 470 678 800 1502 677 861 1087 933 1645 279 376 366 222 1059 1529 435 54 1432 410 321 426 1679 974 1339 1022 1596 862 637 167 1489 1287 1563 358 1330 1252 1069 339 1047 837
2297 75 842 1137 3074 1242 1175 1185 930 2181 1405 932 850 1330 0 1038 1754 1227 2318 1754 1937 1523 1736 871 1335 1205 1442 1140 1647 743 1131 1312 2248 1201 1402 924 893 1545 553 1488 2412 1290 838 1248 703 75 2380 1181 31 1512 316 1137 1539 1265
1451 995 372 152 2216 463 190 243 128 1335 545 1427 1345 470 1038 0 896 383 1472 896 1079 1057 903 1366 350 598 536 280 1029 1238 146 452 1402 248 542 445 1387 944 1047 992 1566 445 220 389 1198 995 1534 196 1038 1222 777 152 1018 420
1519 1711 929 767 1931 542 741 734 970 1403 496 1872 1704 678 1754 896 0 1225 1541 112 794 1125 972 1684 579 591 401 651 1097 1954 782 660 1470 838 385 850 1921 1013 1763 1060 1634 1288 1063 539 1844 1711 1602 787 1754 1290 1493 767 1086 1263
1780 1184 561 481 2546 792 519 572 317 1664 875 1616 1534 800 1227 383 1225 0 1802 1225 1408 1386 1232 1555 679 924 866 610 1358 1427 476 782 1731 577 871 643 1576 1274 1236 1321 1895 133 409 718 1387 1184 1863 526 1227 1551 966 481 1347 59
113 2275 1756 1443 2861 1366 1317 1534 1546 256 1323 1677 1509 1502 2318 1472 1541 1802 0 1540 1723 920 890 1489 1250 1419 1181 1475 892 1789 1358 1484 129 1539 1213 1677 1726 807 1906 866 288 1864 1639 1363 1650 2275 476 1487 2318 1096 2090 1443 1004 1839
1519 1710 928 766 1931 541 740 734 970 1403 495 1871 1703 677 1754 896 112 1225 1540 0 793 1125 971 1683 579 591 400 650 1097 1953 781 659 1470 838 385 849 1920 1012 1762 1060 1634 1287 1062 538 1844 1710 1602 786 1754 1290 1492 766 1085 1262
1702 1893 1111 950 1584 725 924 917 1153 1586 679 2055 1887 861 1937 1079 794 1408 1723 793 0 1308 1154 1867 762 774 584 834 1280 2136 964 843 1653 1021 568 1033 2103 1195 1946 1243 1817 1470 1245 721 2027 1894 1785 969 1937 1473 1675 950 1269 1446
898 1479 1341 1028 2446 951 902 1119 1131 782 908 882 714 1087 1523 1057 1125 1386 920 1125 1308 0 414 694 835 1004 766 1060 144 994 943 1069 849 1124 798 1262 931 223 1111 166 1013 1449 1224 947 854 1480 981 1072 1523 300 1295 1028 244 1424
869 1693 1187 874 2292 797 748 965 977 753 754 1095 928 933 1736 903 972 1232 890 971 1154 414 0 907 681 850 612 906 447 1208 789 915 820 970 644 1108 1144 320 1324 284 984 1295 1070 794 1068 1693 952 918 1736 514 1508 874 310 1270
1468 827 1169 1464 3004 1509 1460 1512 1257 1352 1466 484 62 1645 871 1366 1684 1555 1489 1683 1867 694 907 0 1393 1532 1324 1467 817 342 1459 1627 1419 1528 1356 1252 492 716 459 659 1583 1617 1166 1506 203 828 1551 1509 871 683 643 1464 710 1592
1229 1291 535 321 1900 143 195 336 424 1113 226 1581 1414 279 1335 350 579 679 1250 579 762 835 681 1393 0 278 267 252 807 1534 235 261 1180 417 223 456 1630 722 1344 770 1344 741 516 140 1494 1291 1312 365 1335 1000 1073 320 795 717
1398 1162 380 466 1912 159 445 433 627 1281 323 1594 1512 376 1205 598 591 924 1419 591 774 1004 850 1532 278 0 279 349 976 1405 486 358 1349 507 264 301 1554 891 1214 939 1513 986 535 237 1365 1162 1480 485 1205 1168 944 466 964 962
1160 1398 617 455 1721 230 381 422 611 1044 184 1512 1344 366 1442 536 401 866 1181 400 584 766 612 1324 267 279 0 339 738 1624 422 348 1111 526 73 538 1561 653 1451 701 1275 928 703 226 1485 1399 1243 475 1442 931 1181 455 726 903
1454 1097 315 148 1971 215 289 116 355 1337 297 1529 1446 222 1140 280 651 610 1475 650 834 1060 906 1467 252 349 339 0 1032 1340 246 204 1405 220 294 236 1489 947 1149 995 1569 672 447 140 1300 1097 1536 168 1140 1225 879 149 1020 647
870 1603 1313 1000 2418 923 874 1091 1103 754 880 1006 838 1059 1647 1029 1097 1358 892 1097 1280 144 447 817 807 976 738 1032 0 1118 915 1041 821 1096 770 1234 1054 347 1234 290 985 1421 1196 919 978 1603 953 1044 1647 424 1418 1000 368 1396
1768 700 1041 1336 3274 1441 1374 1384 1129 1652 1604 209 321 1529 743 1238 1954 1427 1789 1953 2136 994 1208 342 1534 1405 1624 1340 1118 0 1331 1511 1719 1400 1601 1124 169 1016 331 959 1883 1489 1038 1448 174 700 1851 1381 743 983 515 1336 1011 1464
1337 1088 465 117 2102 351 76 208 221 1220 434 1520 1438 435 1131 146 782 476 1358 781 964 943 789 1459 235 486 422 246 915 1331 0 417 1288 213 431 410 1480 830 1140 878 1452 538 313 348 1291 1088 1419 161 1131 1108 870 117 903 513
1463 1268 487 320 1980 224 428 288 527 1346 306 1701 1618 54 1312 452 660 782 1484 659 843 1069 915 1627 261 358 348 204 1041 1511 417 0 1414 392 303 408 1661 956 1321 1004 1578 844 619 149 1471 1269 1545 340 1312 1234 1051 321 1029 819
179 2204 1686 1373 2791 1296 1247 1464 1476 257 1253 1607 1439 1432 2248 1402 1470 1731 129 1470 1653 849 820 1419 1180 1349 1111 1405 821 1719 1288 1414 0 1469 1143 1607 1656 737 1836 796 355 1794 1569 1292 1580 2205 433 1417 2248 1026 2020 1373 934 1769
1518 1157 375 116 2159 402 257 183 322 1402 485 1589 1507 410 1201 248 838 577 1539 838 1021 1124 970 1528 417 507 526 220 1096 1400 213 392 1469 0 482 297 1550 1011 1210 1059 1633 640 415 328 1360 1158 1601 79 1201 1289 939 116 1084 615
1192 1358 576 410 1706 185 390 377 616 1075 139 1544 1376 321 1402 542 385 871 1213 385 568 798 644 1356 223 264 73 294 770 1601 431 303 1143 482 0 498 1593 685 1411 733 1307 934 709 182 1517 1359 1274 430 1402 963 1140 410 758 909
1656 881 99 313 2170 338 454 280 346 1540 501 1313 1231 426 924 445 850 643 1677 849 1033 1262 1108 1252 456 301 538 236 1234 1124 410 408 1607 297 498 0 1273 1149 933 1197 1771 706 255 344 1084 881 1739 333 924 1427 663 313 1223 681
1706 849 1191 1486 3242 1591 1524 1533 1278 1590 1704 65 471 1679 893 1387 1922 1576 1727 1921 2104 932 1145 492 1631 1554 1562 1489 1055 169 1480 1661 1657 1550 1594 1273 0 954 480 897 1821 1638 1187 1597 324 849 1789 1530 893 921 664 1486 948 1614
786 1501 1228 915 2333 838 789 1006 1019 669 795 904 736 974 1545 944 1013 1274 807 1012 1195 223 320 716 722 891 653 947 347 1016 830 956 737 1011 685 1149 953 0 1133 93 901 1336 1111 835 877 1502 868 959 1545 323 1317 915 238 1311
1885 509 851 1146 3083 1251 1184 1194 939 1769 1414 520 438 1339 553 1047 1763 1236 1906 1762 1946 1111 1324 459 1344 1214 1451 1149 1234 331 1140 1321 1836 1210 1411 933 480 1133 0 1076 2000 1298 847 1257 291 509 1968 1190 553 1100 325 1146 1127 1274
845 1444 1276 963 2381 886 837 1054 1066 728 843 847 679 1022 1488 992 1060 1321 866 1060 1243 166 284 659 770 939 701 995 290 959 878 1004 796 1059 733 1197 896 93 1076 0 960 1384 1159 882 820 1445 927 1007 1488 265 1260 963 202 1359
192 2368 1850 1537 2955 1460 1411 1628 1640 468 1417 1771 1603 1596 2412 1566 1634 1895 288 1634 1817 1013 984 1583 1344 1513 1275 1569 985 1883 1452 1578 355 1633 1307 1771 1820 901 2000 960 0 1958 1732 1456 1744 2369 201 1581 2412 1189 2184 1537 1098 1933
1843 1246 623 543 2608 854 582 635 379 1726 937 1678 1596 862 1290 445 1288 133 1864 1287 1470 1449 1295 1617 741 986 928 672 1421 1489 538 844 1794 640 934 706 1638 1336 1298 1384 1958 0 471 780 1449 1246 1925 588 1290 1613 1028 543 1409 102
1618 795 172 318 2383 572 356 409 111 1501 712 1227 1145 637 838 220 1063 409 1639 1062 1245 1224 1070 1166 516 535 703 447 1196 1038 313 619 1569 415 709 255 1187 1111 847 1159 1732 471 0 555 998 795 1700 363 838 1388 577 318 1184 446
1342 1205 423 257 1859 103 307 224 463 1225 185 1637 1526 167 1248 389 539 718 1363 538 721 947 794 1506 140 237 226 140 919 1448 348 149 1292 328 182 344 1597 835 1257 882 1456 780 555 0 1408 1205 1424 276 1248 1112 987 257 908 756
1629 660 1001 1296 3165 1401 1334 1344 1089 1512 1564 363 182 1489 703 1198 1844 1387 1650 1844 2027 854 1068 203 1494 1365 1485 1300 978 174 1291 1471 1580 1360 1517 1084 324 877 291 820 1744 1449 998 1408 0 660 1711 1341 703 844 475 1296 871 1424
2254 31 799 1094 3031 1199 1132 1141 886 2137 1362 889 807 1287 75 995 1711 1184 2275 1710 1894 1480 1693 828 1291 1162 1399 1097 1603 700 1088 1269 2205 1158 1359 881 849 1502 509 1445 2369 1246 795 1205 660 0 2336 1138 75 1469 272 1094 1496 1222
379 2336 1818 1505 2922 1428 1379 1596 1608 436 1385 1739 1571 1563 2380 1534 1602 1863 476 1602 1785 981 952 1551 1312 1480 1243 1536 953 1851 1419 1545 433 1601 1274 1739 1788 868 1968 927 201 1925 1700 1424 1711 2336 0 1549 2380 1157 2152 1505 1066 1901
1466 1138 412 64 2107 351 205 131 271 1350 433 1570 1488 358 1181 196 787 526 1487 786 969 1072 918 1509 365 485 475 168 1044 1381 161 340 1417 79 430 333 1530 959 1190 1007 1581 588 363 276 1341 1138 1549 0 1181 1237 920 65 1033 563
2297 75 842 1137 3074 1242 1175 1185 930 2181 1405 932 850 1330 31 1038 1754 1227 2318 1754 1937 1523 1736 871 1335 1205 1442 1140 1647 743 1131 1312 2248 1201 1402 924 893 1545 553 1488 2412 1290 838 1248 703 75 2380 1181 0 1512 316 1137 1540 1265
1075 1468 1506 1193 2611 1116 1067 1284 1296 958 1073 871 703 1252 1512 1222 1290 1551 1096 1290 1473 300 514 683 1000 1168 931 1225 424 983 1108 1234 1026 1289 963 1427 920 323 1100 265 1189 1613 1388 1112 844 1469 1157 1237 1512 0 1284 1193 344 1589
2069 272 580 875 2813 980 913 923 668 1953 1144 704 622 1069 316 777 1493 966 2090 1492 1675 1295 1508 643 1073 944 1181 879 1418 515 870 1051 2020 939 1140 663 664 1317 325 1260 2184 1028 577 987 475 272 2152 920 316 1284 0 875 1311 1003
1422 1093 392 29 2087 331 161 111 226 1306 414 1525 1443 339 1137 152 767 481 1443 766 950 1028 874 1464 320 466 455 149 1000 1336 117 321 1373 116 410 313 1486 915 1146 963 1537 543 318 257 1296 1094 1505 65 1137 1193 875 0 988 519
983 1496 1301 988 2406 911 862 1079 1092 867 868 898 731 1047 1539 1018 1086 1347 1004 1085 1269 244 310 710 795 964 726 1020 368 1011 903 1029 934 1084 758 1223 947 238 1127 202 1098 1409 1184 908 871 1496 1066 1033 1540 344 1311 988 0 1384
1818 1221 599 519 2583 830 557 610 354 1702 912 1653 1571 837 1265 420 1263 59 1839 1262 1446 1424 1270 1592 717 962 903 647 1396 1464 513 819 1769 615 909 681 1614 1311 1274 1359 1933 102 446 756 1424 1222 1901 563 1265 1589 1003 519 1384 0
EOF