NAME : tsp_problem
TYPE : TSP
DIMENSION : 64
EDGE_WEIGHT_TYPE : EXPLICIT
EDGE_WEIGHT_FORMAT : FULL_MATRIX
EDGE_WEIGHT_SECTION
0 650 792 698 629 348 176 267 638 370 669 603 520 963 371 877 413 822 785 542 883 215 590 1488 371 71 860 911 1137 516 799 1068 602 479 550 1061 837 238 1379 549 228 628 1106 636 568 1335 1096 213 273 339 531 139 1382 645 860 779 71 894 414 964 499 330 861 605
650 0 251 1203 1009 981 664 651 42 902 1201 1135 1052 342 755 336 945 282 1317 720 1415 495 1122 1994 755 703 238 1443 1669 1048 1331 1600 1134 1010 728 1593 215 519 1911 1081 860 87 1638 1168 1201 1866 1602 494 905 877 1063 700 1887 1177 1392 1310 703 273 812 401 1131 962 320 1238
792 251 0 1345 1150 1122 805 792 239 1043 1342 1277 1193 518 897 225 1086 62 1459 862 1556 637 1263 2135 897 844 461 1585 1810 1189 1472 1741 1276 1152 870 1734 438 660 2053 1222 1001 185 1780 1310 1342 2008 1743 635 1047 1018 1204 841 2028 1318 1534 1452 845 495 954 313 1273 1104 161 1379
698 1203 1345 0 259 365 675 582 1191 1049 1349 1283 1200 1516 639 1429 1093 1375 1465 1095 1562 741 1269 817 639 654 1413 1591 1817 1195 1479 1748 1282 1158 1103 1741 1390 718 888 1229 622 1181 1162 1316 434 2014 425 746 668 473 1211 663 711 1324 1540 1458 667 1447 494 1517 365 597 1413 471
629 1009 1150 259 0 436 481 387 996 979 1278 1213 1129 1321 444 1235 1022 1180 1395 900 1492 546 1199 1050 444 585 1218 1521 1746 1125 1408 1677 1212 1088 908 1670 1195 523 1120 1158 611 986 1395 1246 504 1944 658 551 656 364 1140 517 943 1254 1470 1388 598 1252 299 1322 435 585 1219 541
348 981 1122 365 436 0 351 438 968 700 999 934 850 1293 415 1207 743 1153 1115 872 1213 517 920 1156 415 304 1190 1241 1467 846 1129 1398 932 809 880 1391 1167 493 1226 879 273 958 1437 967 236 1665 764 543 318 123 861 313 1049 975 1191 1109 318 1224 198 1294 167 247 1191 273
176 664 805 675 481 351 0 119 651 527 827 761 678 976 223 890 570 835 943 555 1040 197 747 1466 223 132 873 1069 1295 673 957 1226 760 636 563 1219 850 173 1536 706 230 641 1264 794 571 1492 1074 226 275 342 689 76 1359 802 1018 936 145 907 280 977 501 332 874 608
267 651 792 582 387 438 119 0 639 618 918 852 768 964 211 877 661 823 1034 542 1131 184 838 1372 210 223 860 1160 1385 764 1047 1316 851 727 550 1309 837 161 1443 797 321 628 1355 885 658 1583 980 214 366 332 779 155 1266 893 1109 1027 236 895 267 965 589 423 861 696
638 42 239 1191 996 968 651 639 0 889 1189 1123 1039 355 743 324 932 269 1305 708 1402 483 1109 1981 743 690 251 1431 1656 1035 1318 1587 1122 998 716 1580 228 506 1899 1068 848 75 1626 1156 1188 1854 1589 481 893 864 1050 687 1875 1164 1380 1298 691 286 800 411 1119 950 308 1225
370 902 1043 1049 979 700 527 618 889 0 621 556 472 1214 723 1128 365 1074 737 793 835 466 542 1695 723 422 1111 863 1089 468 751 1020 554 431 801 1013 1088 489 1331 501 579 879 1058 589 920 1287 1448 464 624 691 483 490 1512 597 813 731 423 1145 765 1215 851 682 1112 957
669 1201 1342 1349 1278 999 827 918 1189 621 0 371 169 1514 1022 1427 306 1373 237 1092 776 765 244 1293 1022 721 1410 482 1030 171 251 961 83 211 1100 954 1387 789 929 285 878 1178 657 406 1219 1227 1412 763 924 990 298 789 1110 43 753 230 722 1445 1065 1515 1150 981 1411 1256
603 1135 1277 1283 1213 934 761 852 1123 556 371 0 221 1448 956 1362 240 1307 487 1027 710 700 375 1445 956 656 1345 613 964 217 500 895 304 180 1035 888 1322 723 1081 376 813 1113 808 464 1154 1162 1563 698 858 925 143 724 1261 346 688 480 656 1379 999 1449 1084 915 1346 1191
520 1052 1193 1200 1129 850 678 768 1039 472 169 221 0 1365 873 1278 156 1224 286 943 626 616 174 1244 873 572 1261 412 881 24 299 812 103 62 951 805 1238 639 880 214 729 1029 607 336 1070 1078 1362 614 775 841 149 640 1060 145 604 279 573 1296 915 1366 1001 832 1262 1107
963 342 518 1516 1321 1293 976 964 355 1214 1514 1448 1365 0 1068 315 1258 473 1630 1033 1727 808 1434 2307 1068 1016 229 1756 1982 1360 1644 1913 1447 1323 1041 1906 206 832 2224 1393 1173 400 1951 1481 1513 2179 1914 806 1218 1190 1376 1013 2200 1489 1705 1623 1016 264 1125 236 1444 1275 385 1551
371 755 897 639 444 415 223 211 743 723 1022 956 873 1068 0 982 766 927 1138 647 1236 289 943 1430 187 327 965 1264 1490 869 1152 1421 955 832 655 1414 942 265 1500 902 425 733 1459 989 635 1688 1037 318 471 308 884 259 1323 998 1213 1132 341 999 244 1069 566 528 966 672
877 336 225 1429 1235 1207 890 877 324 1128 1427 1362 1278 315 982 0 1171 180 1543 946 1641 721 1348 2220 981 929 367 1669 1895 1274 1557 1826 1360 1237 954 1819 344 745 2137 1307 1086 270 1864 1394 1427 2093 1828 720 1131 1103 1289 926 2113 1403 1618 1537 929 402 1038 109 1358 1189 92 1464
413 945 1086 1093 1022 743 570 661 932 365 306 240 156 1258 766 1171 0 1117 422 836 493 509 200 1365 766 465 1154 533 747 152 436 678 239 115 844 671 1131 532 1001 159 622 922 728 247 963 945 1483 507 667 734 167 533 1181 281 471 415 466 1189 808 1258 894 725 1155 1000
822 282 62 1375 1180 1153 835 823 269 1074 1373 1307 1224 473 927 180 1117 0 1489 892 1587 667 1294 2166 927 875 491 1615 1841 1219 1503 1772 1306 1182 900 1765 468 691 2083 1253 1032 216 1810 1340 1373 2038 1773 665 1077 1049 1235 872 2059 1349 1564 1482 875 526 984 267 1303 1134 115 1410
785 1317 1459 1465 1395 1115 943 1034 1305 737 237 487 286 1630 1138 1543 422 1489 0 1208 829 881 290 1078 1138 838 1526 301 1083 287 35 1014 199 327 1217 1007 1503 905 714 331 995 1295 441 336 1335 1280 1197 880 1040 1106 414 905 895 213 806 34 838 1561 1181 1631 1266 1097 1527 1372
542 720 862 1095 900 872 555 542 708 793 1092 1027 943 1033 647 946 836 892 1208 0 1306 387 1013 1885 647 594 929 1334 1560 939 1222 1491 1025 902 121 1484 906 410 1802 972 751 698 1530 1060 1092 1758 1493 385 796 768 954 591 1778 1068 1284 1202 594 964 703 1034 1023 854 930 1129
883 1415 1556 1562 1492 1213 1040 1131 1402 835 776 710 626 1727 1236 1641 493 1587 829 1306 0 979 572 1737 1235 935 1624 905 590 622 812 521 709 585 1314 514 1601 1002 1373 531 1092 1392 1100 619 1433 787 1855 977 1137 1204 637 1003 1553 751 313 835 935 1658 1278 1728 1364 1195 1625 1470
215 495 637 741 546 517 197 184 483 466 765 700 616 808 289 721 509 667 881 387 979 0 686 1532 289 267 705 1007 1233 612 895 1164 698 575 395 1157 682 52 1475 645 399 473 1203 733 737 1431 1139 58 444 410 627 233 1425 741 957 875 267 739 346 809 668 502 705 774
590 1122 1263 1269 1199 920 747 838 1109 542 244 375 174 1434 943 1348 200 1294 290 1013 572 686 0 1198 942 642 1331 366 826 175 273 757 177 215 1021 750 1308 709 834 74 799 1099 562 290 1140 1024 1317 684 844 911 302 710 1015 220 550 296 642 1365 985 1435 1071 902 1332 1177
1488 1994 2135 817 1050 1156 1466 1372 1981 1695 1293 1445 1244 2307 1430 2220 1365 2166 1078 1885 1737 1532 1198 0 1429 1444 2203 1209 1991 1245 1061 1922 1247 1285 1893 1915 2180 1508 398 1239 1413 1971 673 1244 1224 2189 446 1536 1458 1263 1372 1453 221 1269 1714 1084 1458 2238 1284 2307 1155 1387 2204 1261
371 755 897 639 444 294 223 210 743 723 1022 956 873 1068 187 981 766 927 1138 647 1235 289 942 1429 0 327 965 1264 1490 868 1152 1421 955 831 655 1414 942 265 1500 902 425 733 1459 989 514 1687 1037 318 470 187 884 259 1323 997 1213 1131 340 999 173 1069 444 409 965 551
71 703 844 654 585 304 132 223 690 422 721 656 572 1016 327 929 465 875 838 594 935 267 642 1444 327 0 912 964 1189 568 851 1120 655 531 602 1113 889 277 1432 601 184 680 1159 689 524 1387 1052 265 229 295 583 94 1338 697 913 831 40 947 370 1017 455 286 913 561
860 238 461 1413 1218 1190 873 860 251 1111 1410 1345 1261 229 965 367 1154 491 1526 929 1624 705 1331 2203 965 912 0 1652 1878 1257 1540 1809 1343 1220 938 1802 39 728 2120 1290 1069 297 1848 1378 1410 2076 1811 703 1114 1086 1272 909 2096 1386 1602 1520 912 56 1021 289 1341 1172 437 1447
911 1443 1585 1591 1521 1241 1069 1160 1431 863 482 613 412 1756 1264 1669 533 1615 301 1334 905 1007 366 1209 1264 964 1652 0 1159 413 284 1090 415 453 1342 1083 1629 1031 845 407 1121 1420 572 375 1461 1356 1328 1006 1166 1232 540 1031 1026 458 882 307 964 1687 1307 1757 1392 1223 1653 1498
1137 1669 1810 1817 1746 1467 1295 1385 1656 1089 1030 964 881 1982 1490 1895 747 1841 1083 1560 590 1233 826 1991 1490 1189 1878 1159 0 877 1066 411 963 839 1568 172 1855 1257 1627 785 1346 1646 1354 873 1687 331 2109 1231 1392 1458 892 1257 1807 1006 421 1089 1190 1913 1532 1983 1618 1449 1879 1724
516 1048 1189 1195 1125 846 673 764 1035 468 171 217 24 1360 869 1274 152 1219 287 939 622 612 175 1245 868 568 1257 413 877 0 301 807 104 57 947 800 1234 635 881 216 725 1025 608 337 1066 1074 1363 610 770 837 144 636 1061 146 600 280 568 1291 911 1361 997 828 1258 1103
799 1331 1472 1479 1408 1129 957 1047 1318 751 251 500 299 1644 1152 1557 436 1503 35 1222 812 895 273 1061 1152 851 1540 284 1066 301 0 997 213 341 1230 990 1517 918 697 314 1008 1308 424 319 1349 1264 1180 893 1054 1120 428 919 878 226 789 42 852 1575 1194 1645 1280 1111 1541 1386
1068 1600 1741 1748 1677 1398 1226 1316 1587 1020 961 895 812 1913 1421 1826 678 1772 1014 1491 521 1164 757 1922 1421 1120 1809 1090 411 807 997 0 894 770 1499 335 1786 1187 1558 716 1277 1577 1285 804 1618 459 2040 1162 1323 1389 823 1188 1738 936 305 1020 1121 1844 1463 1914 1549 1380 1810 1655
602 1134 1276 1282 1212 932 760 851 1122 554 83 304 103 1447 955 1360 239 1306 199 1025 709 698 177 1247 955 655 1343 415 963 104 213 894 0 144 1034 887 1320 722 883 218 812 1112 611 339 1152 1161 1366 697 857 923 231 723 1064 59 687 193 655 1378 998 1448 1083 914 1344 1190
479 1010 1152 1158 1088 809 636 727 998 431 211 180 62 1323 832 1237 115 1182 327 902 585 575 215 1285 831 531 1220 453 839 57 341 770 144 0 910 763 1197 598 921 251 688 988 648 339 1029 1037 1403 573 733 800 107 599 1102 187 563 320 531 1254 874 1324 960 791 1221 1066
550 728 870 1103 908 880 563 550 716 801 1100 1035 951 1041 655 954 844 900 1217 121 1314 395 1021 1893 655 602 938 1342 1568 947 1230 1499 1034 910 0 1492 915 418 1811 980 759 706 1538 1068 1100 1766 1501 393 805 776 962 599 1786 1076 1292 1210 603 972 712 1042 1031 862 938 1137
1061 1593 1734 1741 1670 1391 1219 1309 1580 1013 954 888 805 1906 1414 1819 671 1765 1007 1484 514 1157 750 1915 1414 1113 1802 1083 172 800 990 335 887 763 1492 0 1779 1180 1551 709 1270 1570 1278 797 1611 455 2033 1155 1316 1382 816 1181 1731 929 345 1013 1114 1837 1456 1907 1542 1373 1803 1648
837 215 438 1390 1195 1167 850 837 228 1088 1387 1322 1238 206 942 344 1131 468 1503 906 1601 682 1308 2180 942 889 39 1629 1855 1234 1517 1786 1320 1197 915 1779 0 705 2097 1267 1046 274 1825 1355 1387 2053 1788 680 1091 1063 1249 886 2073 1363 1579 1497 889 73 999 266 1318 1149 414 1424
238 519 660 718 523 493 173 161 506 489 789 723 639 832 265 745 532 691 905 410 1002 52 709 1508 265 277 728 1031 1257 635 918 1187 722 598 418 1180 705 0 1499 668 376 496 1226 756 713 1454 1116 81 421 387 650 210 1401 764 980 898 291 763 322 833 644 478 729 750
1379 1911 2053 888 1120 1226 1536 1443 1899 1331 929 1081 880 2224 1500 2137 1001 2083 714 1802 1373 1475 834 398 1500 1432 2120 845 1627 881 697 1558 883 921 1811 1551 2097 1499 0 875 1483 1889 309 880 1295 1825 517 1474 1529 1334 1008 1500 215 905 1350 721 1432 2155 1355 2225 1225 1458 2121 1332
549 1081 1222 1229 1158 879 706 797 1068 501 285 376 214 1393 902 1307 159 1253 331 972 531 645 74 1239 902 601 1290 407 785 216 314 716 218 251 980 709 1267 668 875 0 758 1058 602 285 1099 983 1357 643 803 870 303 669 1055 260 509 337 602 1324 944 1394 1030 861 1291 1136
228 860 1001 622 611 273 230 321 848 579 878 813 729 1173 425 1086 622 1032 995 751 1092 399 799 1413 425 184 1069 1121 1346 725 1008 1277 812 688 759 1270 1046 376 1483 758 0 837 1316 846 493 1544 1021 422 80 264 740 193 1306 854 1070 988 197 1104 338 1174 424 143 1070 530
628 87 185 1181 986 958 641 628 75 879 1178 1113 1029 400 733 270 922 216 1295 698 1392 473 1099 1971 733 680 297 1420 1646 1025 1308 1577 1112 988 706 1570 274 496 1889 1058 837 0 1616 1146 1178 1844 1579 471 883 854 1040 677 1864 1154 1370 1288 681 331 790 357 1109 940 254 1215
1106 1638 1780 1162 1395 1437 1264 1355 1626 1058 657 808 607 1951 1459 1864 728 1810 441 1530 1100 1203 562 673 1459 1159 1848 572 1354 608 424 1285 611 648 1538 1278 1825 1226 309 602 1316 1616 0 607 1569 1552 791 1201 1361 1427 735 1227 489 632 1078 448 1159 1882 1502 1952 1500 1418 1848 1606
636 1168 1310 1316 1246 967 794 885 1156 589 406 464 336 1481 989 1394 247 1340 336 1060 619 733 290 1244 989 689 1378 375 873 337 319 804 339 339 1068 797 1355 756 880 285 846 1146 607 0 1187 1071 1362 731 891 958 391 757 1060 382 596 342 689 1412 1032 1482 1117 948 1378 1224
568 1201 1342 434 504 236 571 658 1188 920 1219 1154 1070 1513 635 1427 963 1373 1335 1092 1433 737 1140 1224 635 524 1410 1461 1687 1066 1349 1618 1152 1029 1100 1611 1387 713 1295 1099 493 1178 1569 1187 0 1885 832 763 538 343 1081 533 1117 1195 1411 1329 538 1444 418 1514 87 467 1411 82
1335 1866 2008 2014 1944 1665 1492 1583 1854 1287 1227 1162 1078 2179 1688 2093 945 2038 1280 1758 787 1431 1024 2189 1687 1387 2076 1356 331 1074 1264 459 1161 1037 1766 455 2053 1454 1825 983 1544 1844 1552 1071 1885 0 2307 1429 1589 1656 1089 1455 2005 1203 619 1287 1387 2110 1730 2180 1816 1647 2077 1922
1096 1602 1743 425 658 764 1074 980 1589 1448 1412 1563 1362 1914 1037 1828 1483 1773 1197 1493 1855 1139 1317 446 1037 1052 1811 1328 2109 1363 1180 2040 1366 1403 1501 2033 1788 1116 517 1357 1021 1579 791 1362 832 2307 0 1144 1066 871 1490 1061 340 1388 1833 1203 1066 1845 892 1915 763 995 1812 869
213 494 635 746 551 543 226 214 481 464 763 698 614 806 318 720 507 665 880 385 977 58 684 1536 318 265 703 1006 1231 610 893 1162 697 573 393 1155 680 81 1474 643 422 471 1201 731 763 1429 1144 0 468 439 625 262 1429 739 955 873 266 737 375 807 694 525 704 800
273 905 1047 668 656 318 275 366 893 624 924 858 775 1218 471 1131 667 1077 1040 796 1137 444 844 1458 470 229 1114 1166 1392 770 1054 1323 857 733 805 1316 1091 421 1529 803 80 883 1361 891 538 1589 1066 468 0 309 786 238 1351 899 1115 1033 242 1149 383 1219 469 102 1115 575
339 877 1018 473 364 123 342 332 864 691 990 925 841 1190 308 1103 734 1049 1106 768 1204 410 911 1263 308 295 1086 1232 1458 837 1120 1389 923 800 776 1382 1063 387 1334 870 264 854 1427 958 343 1656 871 439 309 0 852 304 1157 966 1182 1100 309 1121 91 1191 274 238 1087 380
531 1063 1204 1211 1140 861 689 779 1050 483 298 143 149 1376 884 1289 167 1235 414 954 637 627 302 1372 884 583 1272 540 892 144 428 823 231 107 962 816 1249 650 1008 303 740 1040 735 391 1081 1089 1490 625 786 852 0 651 1189 274 615 407 584 1307 926 1377 1012 843 1273 1118
139 700 841 663 517 313 76 155 687 490 789 724 640 1013 259 926 533 872 905 591 1003 233 710 1453 259 94 909 1031 1257 636 919 1188 723 599 599 1181 886 210 1500 669 193 677 1227 757 533 1455 1061 262 238 304 651 0 1347 765 981 899 108 944 316 1014 464 295 910 570
1382 1887 2028 711 943 1049 1359 1266 1875 1512 1110 1261 1060 2200 1323 2113 1181 2059 895 1778 1553 1425 1015 221 1323 1338 2096 1026 1807 1061 878 1738 1064 1102 1786 1731 2073 1401 215 1055 1306 1864 489 1060 1117 2005 340 1429 1351 1157 1189 1347 0 1086 1531 901 1351 2131 1178 2201 1048 1281 2097 1155
645 1177 1318 1324 1254 975 802 893 1164 597 43 346 145 1489 998 1403 281 1349 213 1068 751 741 220 1269 997 697 1386 458 1006 146 226 936 59 187 1076 929 1363 764 905 260 854 1154 632 382 1195 1203 1388 739 899 966 274 765 1086 0 729 206 697 1420 1040 1490 1126 957 1387 1232
860 1392 1534 1540 1470 1191 1018 1109 1380 813 753 688 604 1705 1213 1618 471 1564 806 1284 313 957 550 1714 1213 913 1602 882 421 600 789 305 687 563 1292 345 1579 980 1350 509 1070 1370 1078 596 1411 619 1833 955 1115 1182 615 981 1531 729 0 812 913 1636 1256 1706 1341 1172 1602 1448
779 1310 1452 1458 1388 1109 936 1027 1298 731 230 480 279 1623 1132 1537 415 1482 34 1202 835 875 296 1084 1131 831 1520 307 1089 280 42 1020 193 320 1210 1013 1497 898 721 337 988 1288 448 342 1329 1287 1203 873 1033 1100 407 899 901 206 812 0 831 1554 1174 1624 1260 1091 1521 1366
71 703 845 667 598 318 145 236 691 423 722 656 573 1016 341 929 466 875 838 594 935 267 642 1458 340 40 912 964 1190 568 852 1121 655 531 603 1114 889 291 1432 602 197 681 1159 689 538 1387 1066 266 242 309 584 108 1351 697 913 831 0 947 383 1017 469 299 913 575
894 273 495 1447 1252 1224 907 895 286 1145 1445 1379 1296 264 999 402 1189 526 1561 964 1658 739 1365 2238 999 947 56 1687 1913 1291 1575 1844 1378 1254 972 1837 73 763 2155 1324 1104 331 1882 1412 1444 2110 1845 737 1149 1121 1307 944 2131 1420 1636 1554 947 0 1056 323 1375 1206 472 1481
414 812 954 494 299 198 280 267 800 765 1065 999 915 1125 244 1038 808 984 1181 703 1278 346 985 1284 243 370 1021 1307 1532 911 1194 1463 998 874 712 1456 999 322 1355 944 338 790 1502 1032 418 1730 892 375 383 91 926 316 1178 1040 1256 1174 383 1056 0 1126 349 313 1022 455
964 401 313 1517 1322 1294 977 965 411 1215 1515 1449 1366 236 1069 109 1258 267 1631 1034 1728 809 1435 2307 1069 1017 289 1757 1983 1361 1645 1914 1448 1324 1042 1907 266 833 2225 1394 1174 357 1952 1482 1514 2180 1915 807 1219 1191 1377 1014 2201 1490 1706 1624 1017 323 1126 0 1445 1276 179 1551
499 1131 1273 365 435 167 501 589 1119 851 1150 1084 1001 1444 566 1358 894 1303 1266 1023 1364 668 1071 1155 565 455 1341 1392 1618 997 1280 1549 1083 960 1031 1542 1318 644 1225 1030 424 1109 1500 1117 87 1816 763 694 469 274 1012 464 1048 1126 1341 1260 469 1375 349 1445 0 398 1342 124
330 962 1104 597 585 247 332 423 950 682 981 915 832 1275 528 1189 725 1134 1097 854 1195 502 902 1387 528 286 1172 1223 1449 828 1111 1380 914 791 862 1373 1149 478 1458 861 143 940 1418 948 467 1647 995 525 102 238 843 295 1281 957 1172 1091 299 1206 313 1276 398 0 1173 505
861 320 161 1413 1219 1191 874 861 308 1112 1411 1346 1262 385 966 92 1155 115 1527 930 1625 705 1332 2204 965 913 437 1653 1879 1258 1541 1810 1344 1221 938 1803 414 729 2121 1291 1070 254 1848 1378 1411 2077 1812 704 1115 1087 1273 910 2097 1387 1602 1521 913 472 1022 179 1342 1173 0 1448
605 1238 1379 471 541 273 608 696 1225 957 1256 1191 1107 1551 672 1464 1000 1410 1372 1129 1470 774 1177 1261 672 561 1447 1498 1724 1103 1386 1655 1190 1066 1137 1648 1424 750 1332 1136 530 1215 1606 1224 82 1922 869 800 575 380 1118 570 1155 1232 1448 1366 575 1481 455 1551 124 505 1448 0
EOF