NAME : tsp_problem
TYPE : TSP
DIMENSION : 48
EDGE_WEIGHT_TYPE : EXPLICIT
EDGE_WEIGHT_FORMAT : FULL_MATRIX
EDGE_WEIGHT_SECTION
0 974 1448 801 1428 585 1219 246 625 346 555 731 561 437 539 387 1493 527 1028 439 1360 752 524 862 498 713 617 1418 347 117 1387 600 1326 656 657 1420 1666 628 1206 1038 170 971 523 67 743 859 941 1305
974 0 1573 1618 1327 1506 383 1188 1546 1264 1476 743 1482 1206 1460 1263 1392 1469 115 1380 2038 764 1466 750 1419 1383 1286 2339 1288 1038 1285 1542 491 1577 1326 1556 1564 1549 293 203 1091 870 1193 941 1561 143 184 1204
1448 1573 0 677 282 2001 1818 1217 2040 1243 1971 1101 1977 1181 1955 1213 417 946 1627 1108 545 1122 1064 1062 1914 902 1196 2834 1145 1401 544 1016 1925 2071 957 184 304 2044 1805 1638 1454 737 1301 1483 731 1458 1540 413
801 1618 677 0 879 1354 1863 570 1393 596 1324 1376 1329 534 1308 565 1074 299 1672 461 589 1396 417 1506 1267 255 549 2186 498 754 1200 369 1970 1424 310 650 961 1397 1850 1683 807 1335 654 836 84 1503 1585 1010
1428 1327 282 879 0 1961 1572 1419 2000 1445 1930 855 1936 1383 1914 1414 503 1148 1381 1310 747 876 1266 816 1874 1104 1398 2793 1347 1493 404 1218 1679 2031 1159 265 390 2003 1559 1392 1545 491 1503 1395 933 1212 1294 166
585 1506 2001 1354 1961 0 1752 800 336 879 148 1264 154 970 132 920 2026 1081 1560 992 1913 1285 1078 1395 210 1246 1149 1319 900 650 1919 1154 1859 248 1190 1973 2198 340 1739 1571 702 1504 1056 600 1297 1391 1473 1838
1219 383 1818 1863 1572 1752 0 1433 1791 1509 1721 989 1727 1451 1705 1508 1637 1714 430 1626 2283 1009 1711 995 1665 1628 1532 2584 1534 1284 1531 1787 333 1822 1572 1802 1810 1794 542 229 1336 1116 1438 1186 1806 389 294 1449
246 1188 1217 570 1419 800 1433 0 839 343 769 946 775 433 753 384 1614 297 1242 209 1129 966 294 1076 713 522 616 1632 116 243 1601 370 1540 870 577 1190 1501 842 1420 1253 295 1186 526 281 513 1073 1155 1519
625 1546 2040 1393 2000 336 1791 839 0 918 306 1303 312 1009 290 959 2065 1120 1600 1032 1952 1324 1117 1434 155 1285 1189 1358 939 689 1959 1193 1898 407 1229 2013 2238 153 1778 1610 742 1543 1095 639 1336 1431 1513 1877
346 1264 1243 596 1445 879 1509 343 918 0 848 1021 854 207 833 157 1639 322 1318 363 1155 1042 319 1152 792 486 389 1711 400 275 1677 396 1616 949 429 1215 1526 921 1496 1328 327 1261 429 361 539 1149 1231 1575
555 1476 1971 1324 1930 148 1721 769 306 848 0 1234 34 939 44 890 1996 1050 1530 962 1883 1254 1047 1365 180 1216 1119 1288 870 620 1889 1123 1828 128 1159 1943 2168 309 1708 1541 672 1474 1026 570 1267 1361 1443 1808
731 743 1101 1376 855 1264 989 946 1303 1021 1234 0 1240 964 1218 1021 920 1227 798 1138 1566 49 1224 356 1177 1141 1044 2097 1046 796 814 1300 1096 1334 1084 1085 1093 1307 976 808 848 399 951 699 1318 628 710 732
561 1482 1977 1329 1936 154 1727 775 312 854 34 1240 0 945 50 896 2001 1056 1536 968 1889 1260 1053 1370 185 1221 1125 1294 876 626 1895 1129 1834 123 1165 1949 2174 315 1714 1547 678 1480 1031 575 1272 1367 1449 1813
437 1206 1181 534 1383 970 1451 433 1009 207 939 964 945 0 923 77 1578 342 1260 383 1093 985 339 1095 883 299 203 1802 419 365 1619 416 1558 1040 243 1154 1465 1012 1438 1271 418 1204 243 451 477 1091 1173 1514
539 1460 1955 1308 1914 132 1705 753 290 833 44 1218 50 923 0 874 1980 1034 1514 946 1867 1238 1031 1349 164 1200 1103 1272 854 604 1873 1107 1812 145 1143 1927 2152 293 1692 1525 656 1458 1010 554 1251 1345 1427 1792
387 1263 1213 565 1414 920 1508 384 959 157 890 1021 896 77 874 0 1609 292 1317 333 1125 1041 289 1151 833 356 259 1753 370 316 1676 366 1615 990 300 1185 1496 963 1495 1328 368 1261 299 402 508 1148 1230 1545
1494 1393 417 1074 503 2027 1638 1614 2066 1639 1997 921 2002 1578 1981 1609 0 1342 1447 1505 941 942 1460 882 1940 1299 1592 2859 1541 1559 147 1413 1745 2097 1354 530 193 2070 1625 1458 1611 558 1698 1462 1127 1278 1360 389
527 1469 946 299 1148 1081 1714 297 1120 322 1050 1227 1056 342 1034 292 1342 0 1523 188 858 1247 144 1357 994 251 524 1913 225 481 1469 99 1821 1151 306 918 1229 1123 1701 1534 533 1467 564 563 241 1354 1436 1278
1028 115 1627 1672 1381 1560 430 1242 1600 1318 1530 798 1536 1260 1514 1317 1446 1523 0 1435 2092 818 1520 804 1473 1437 1340 2393 1342 1093 1340 1596 525 1631 1381 1611 1619 1603 215 249 1145 924 1247 995 1615 198 238 1258
439 1380 1108 461 1310 992 1626 209 1032 363 962 1138 968 383 946 333 1505 188 1435 0 1020 1159 146 1269 905 413 565 1825 136 393 1631 179 1733 1063 468 1080 1392 1035 1613 1445 446 1378 605 474 404 1266 1348 1441
1360 2038 545 589 747 1913 2283 1129 1952 1155 1883 1566 1889 1093 1867 1125 941 858 2092 1020 0 1587 976 1527 1826 814 1108 2746 1057 1313 1068 928 2390 1983 869 517 828 1956 2270 2103 1366 1202 1213 1395 643 1923 2005 878
752 764 1122 1396 876 1285 1009 966 1324 1042 1254 49 1260 985 1238 1041 941 1247 818 1159 1587 0 1244 376 1198 1161 1065 2117 1067 817 834 1320 1116 1355 1105 1105 1113 1327 996 829 869 419 971 720 1339 649 731 753
524 1466 1064 417 1266 1078 1711 294 1117 319 1047 1224 1053 339 1031 289 1460 144 1520 146 976 1244 0 1354 991 369 521 1910 221 478 1587 111 1818 1148 424 1036 1348 1120 1698 1531 530 1464 561 559 360 1351 1433 1397
862 750 1062 1506 816 1395 995 1076 1434 1152 1365 356 1370 1095 1349 1151 881 1357 804 1269 1527 376 1354 0 1308 1271 1175 2227 1177 927 774 1430 1102 1465 1215 1045 1053 1438 982 815 979 359 1081 830 1449 635 717 693
498 1419 1914 1267 1874 210 1665 713 155 792 180 1177 185 883 164 833 1939 994 1473 905 1826 1198 991 1308 0 1159 1062 1232 813 563 1832 1067 1772 280 1103 1886 2111 159 1652 1484 615 1417 969 513 1210 1304 1386 1751
713 1383 902 255 1104 1246 1628 522 1285 486 1216 1141 1221 299 1200 356 1299 251 1437 413 814 1161 369 1271 1159 0 314 2078 450 644 1425 321 1735 1316 75 874 1186 1289 1615 1448 697 1381 419 681 198 1268 1350 1235
617 1286 1196 549 1398 1149 1532 616 1189 389 1119 1044 1125 203 1103 259 1592 524 1340 565 1108 1065 521 1175 1062 314 0 1982 602 548 1699 598 1639 1220 258 1168 1480 1192 1519 1351 600 1284 323 584 492 1171 1253 1529
1340 2261 2756 2109 2716 1241 2507 1555 1280 1634 1211 2019 1217 1725 1195 1675 2781 1836 2316 1747 2668 2040 1833 2150 1154 2001 1904 0 1655 1405 2674 1909 2614 1311 1945 2728 2953 1284 2494 2326 1457 2259 1811 1355 2052 2146 2228 2593
347 1288 1145 498 1347 900 1534 116 939 400 870 1046 876 419 854 370 1541 225 1342 136 1057 1067 221 1177 813 450 602 1733 0 301 1668 298 1641 970 505 1117 1428 943 1521 1353 353 1286 584 382 441 1173 1255 1478
117 1038 1401 754 1493 650 1284 243 689 275 620 796 626 365 604 316 1558 481 1093 393 1313 817 478 927 563 644 548 1483 301 0 1451 555 1391 720 588 1374 1685 693 1271 1103 98 1036 458 132 697 923 1005 1370
1365 1264 628 1226 382 1898 1509 1579 1937 1655 1867 792 1873 1598 1852 1654 232 1494 1318 1657 1093 813 1613 753 1811 1451 1678 2730 1680 1430 0 1565 1616 1968 1506 612 404 1941 1496 1329 1482 428 1584 1333 1280 1149 1231 259
600 1542 1016 369 1218 1154 1787 370 1193 396 1123 1300 1129 416 1107 366 1413 99 1596 179 928 1320 111 1430 1067 321 598 1986 298 555 1539 0 1894 1224 376 989 1300 1196 1774 1607 607 1540 638 636 312 1427 1509 1349
1326 491 1925 1970 1679 1859 333 1540 1898 1616 1828 1096 1834 1558 1812 1615 1744 1821 525 1733 2390 1116 1818 1102 1772 1735 1639 2691 1641 1391 1638 1894 0 1929 1679 1909 1917 1901 416 336 1443 1223 1545 1294 1913 496 401 1556
656 1577 2071 1424 2031 248 1822 870 407 949 128 1334 123 1040 145 990 2096 1151 1631 1063 1983 1355 1148 1465 280 1316 1220 1389 970 720 1990 1224 1929 0 1260 2044 2269 410 1809 1641 773 1574 1126 670 1367 1462 1544 1908
657 1326 957 310 1159 1190 1572 577 1229 429 1159 1084 1165 243 1143 300 1354 306 1381 468 869 1105 424 1215 1103 75 258 2022 505 588 1480 376 1679 1260 0 930 1241 1232 1559 1391 640 1324 363 624 253 1212 1294 1290
1420 1556 184 650 265 1973 1802 1190 2013 1215 1943 1085 1949 1154 1927 1185 530 918 1611 1080 517 1105 1036 1045 1886 874 1168 2806 1117 1374 633 989 1909 2044 930 0 417 2016 1789 1621 1426 721 1274 1455 703 1442 1524 396
1667 1566 304 961 390 2199 1811 1501 2239 1526 2169 1094 2175 1465 2153 1496 193 1229 1620 1392 828 1114 1348 1054 2112 1186 1480 3032 1428 1685 320 1300 1918 2270 1241 417 0 2242 1798 1630 1737 730 1585 1634 1015 1451 1533 521
628 1549 2044 1397 2003 340 1794 842 153 921 309 1307 315 1012 293 963 2069 1123 1603 1035 1956 1327 1120 1438 159 1289 1192 1361 943 693 1962 1196 1901 410 1232 2016 2241 0 1781 1614 745 1547 1099 643 1340 1434 1516 1881
1206 293 1805 1850 1559 1739 542 1420 1778 1496 1708 976 1714 1438 1692 1495 1624 1701 215 1613 2270 996 1698 982 1652 1615 1519 2571 1521 1271 1518 1774 416 1809 1559 1789 1797 1781 0 362 1323 1103 1425 1173 1793 376 377 1436
1038 203 1638 1683 1392 1571 229 1253 1610 1328 1541 808 1547 1271 1525 1328 1457 1534 249 1445 2103 829 1531 815 1484 1448 1351 2404 1353 1103 1350 1607 336 1641 1391 1621 1629 1614 362 0 1155 935 1258 1006 1626 208 114 1269
170 1091 1454 807 1545 702 1336 295 742 327 672 848 678 418 656 368 1610 533 1145 446 1366 869 530 979 615 697 600 1535 353 98 1504 607 1443 773 640 1426 1737 745 1323 1155 0 1088 510 184 749 976 1058 1422
971 870 737 1335 491 1504 1116 1186 1543 1261 1474 399 1480 1204 1458 1261 556 1467 924 1378 1202 419 1464 359 1417 1381 1284 2337 1286 1036 450 1540 1223 1574 1324 721 729 1547 1103 935 1088 0 1191 939 1388 755 837 368
523 1193 1301 654 1503 1056 1438 526 1095 429 1026 951 1031 243 1010 299 1698 564 1247 605 1213 971 561 1081 969 419 323 1888 584 458 1606 638 1545 1126 363 1274 1585 1099 1425 1258 510 1191 0 491 597 1078 1160 1524
67 941 1483 836 1395 600 1186 281 639 361 570 699 575 451 554 402 1461 563 995 474 1395 720 559 830 513 681 584 1432 382 132 1354 636 1294 670 624 1455 1633 643 1173 1006 184 939 491 0 779 826 908 1273
743 1561 731 84 933 1297 1806 513 1336 539 1267 1318 1272 477 1251 508 1127 241 1615 404 643 1339 360 1449 1210 198 492 2129 441 697 1254 312 1913 1367 253 703 1015 1340 1793 1626 749 1388 597 779 0 1446 1528 1064
859 143 1458 1503 1212 1391 389 1073 1431 1149 1361 628 1367 1091 1345 1148 1277 1354 198 1266 1923 649 1351 635 1304 1268 1171 2224 1173 923 1170 1427 496 1462 1212 1442 1450 1434 376 208 976 755 1078 826 1446 0 110 1089
941 184 1540 1585 1294 1473 294 1155 1513 1231 1443 710 1449 1173 1427 1230 1359 1436 238 1348 2005 731 1433 717 1386 1350 1253 2306 1255 1005 1253 1509 401 1544 1294 1524 1532 1516 377 114 1058 837 1160 908 1528 110 0 1171
1305 1204 413 1010 166 1838 1449 1519 1877 1575 1808 732 1813 1514 1792 1545 388 1278 1258 1441 878 753 1397 693 1751 1235 1529 2670 1478 1370 281 1349 1556 1908 1290 396 521 1881 1436 1269 1422 368 1524 1273 1064 1089 1171 0
EOF