NAME : tsp_problem
TYPE : TSP
DIMENSION : 76
EDGE_WEIGHT_TYPE : EXPLICIT
EDGE_WEIGHT_FORMAT : FULL_MATRIX
EDGE_WEIGHT_SECTION
0 1310 594 1554 537 367 234 954 1375 710 1334 1304 1365 590 1557 1554 1142 1639 1167 481 1455 891 1712 636 710 1744 1218 1543 2077 1545 1316 1391 1987 508 1396 448 178 1697 338 1986 1423 594 962 447 408 313 1374 439 642 537 1207 956 929 1462 1740 1402 1461 916 1684 312 561 635 2114 197 1447 1067 709 1004 1269 432 913 1992 685 710 520 393
1310 0 1488 1675 1678 1006 1176 2095 1496 1852 187 201 2290 747 1886 1675 388 1760 1288 1189 1945 2033 1833 757 1852 1865 1339 1799 1566 1667 1437 2203 2108 1017 1517 1159 1319 1818 1010 1475 1544 1488 1083 1341 1119 1418 149 947 1536 1045 2128 975 2070 1583 1861 1524 1880 2057 1805 1454 813 756 1603 1141 2152 273 1603 1125 166 907 2055 2113 1579 1852 825 948
594 1488 0 1480 696 541 640 1112 1301 869 1511 1481 1523 765 1691 1480 1319 1565 1093 313 1614 1050 1638 766 869 1670 1144 1604 2254 1471 1242 1550 1913 683 1322 352 443 1623 513 2164 1349 6 888 206 402 308 1551 613 88 711 1366 1133 1087 1388 1666 1329 1619 1074 1610 471 736 765 2292 605 1606 1244 155 930 1446 701 1072 1918 222 869 695 742
1554 1675 1480 0 1797 1246 1416 1654 211 1865 1698 1669 1512 990 1107 885 1507 970 623 1181 1167 1766 292 953 1865 227 550 1020 2442 347 772 1424 470 1257 288 1186 1545 180 1250 2351 860 1480 776 1333 1235 1410 1739 1187 1528 1285 1350 1320 2050 115 223 409 1101 2037 167 1573 1057 953 2479 1381 1374 1431 1595 571 1633 1147 2035 475 1571 1865 1069 1188
537 1678 696 1797 0 734 601 457 1619 214 1702 1672 868 958 1060 1586 1510 1593 1411 630 959 395 1956 1004 214 1987 1462 1047 2445 1789 1490 895 2231 875 1640 670 386 1940 705 2354 1378 696 1205 549 719 414 1742 806 743 904 711 1324 432 1706 1984 1646 964 419 1927 252 928 1003 2482 564 951 1435 811 1248 1637 801 417 2236 787 214 887 761
367 1006 541 1246 734 0 227 1151 1067 907 1029 999 1562 281 1457 1246 838 1331 859 243 1516 1088 1404 331 907 1436 910 1370 1773 1238 1008 1588 1679 198 1088 210 375 1389 61 1682 1115 541 654 394 169 471 1069 128 589 226 1404 651 1125 1154 1432 1095 1451 1112 1376 509 251 330 1810 191 1644 762 656 696 964 216 1110 1684 633 907 210 257
234 1176 640 1416 601 227 0 1018 1237 775 1199 1169 1429 451 1621 1416 1008 1501 1029 341 1520 956 1574 501 774 1606 1080 1540 1942 1407 1178 1455 1849 368 1258 308 242 1559 198 1852 1285 640 824 493 268 377 1239 298 688 396 1271 821 993 1324 1602 1264 1525 980 1546 376 421 500 1980 72 1511 932 755 866 1134 373 977 1854 731 774 380 333
954 2095 1112 1654 457 1151 1018 0 1475 297 2119 2089 454 1374 689 1216 1927 1222 1255 1047 588 198 1813 1420 297 1844 1136 676 2862 1646 1119 481 2087 1292 1496 1086 803 1797 1122 2771 1007 1112 1534 965 1136 831 2159 1222 1160 1320 340 1741 482 1562 1840 1503 594 469 1784 669 1345 1420 2899 981 537 1851 1227 1329 2054 1217 467 2092 1204 298 1304 1178
1375 1496 1301 211 1619 1067 1237 1475 0 1686 1519 1490 1333 811 929 707 1328 791 444 1002 988 1587 370 774 1686 401 371 841 2263 203 593 1245 645 1078 110 1007 1366 354 1071 2172 682 1301 597 1154 1056 1231 1560 1008 1349 1106 1171 1141 1871 119 397 231 922 1858 341 1394 878 774 2300 1202 1195 1252 1416 392 1455 968 1856 650 1392 1686 890 1009
710 1852 869 1865 214 907 775 297 1686 0 1875 1845 708 1131 900 1426 1684 1433 1465 804 799 235 2023 1177 72 2054 1346 887 2619 1856 1330 735 2298 1049 1707 843 559 2008 879 2528 1218 869 1379 722 893 588 1915 979 917 1077 551 1497 272 1773 2051 1713 804 259 1995 425 1102 1176 2656 737 791 1608 984 1421 1810 974 257 2303 960 72 1061 935
1334 187 1511 1698 1702 1029 1199 2119 1519 1875 0 362 2314 770 1909 1699 230 1783 1311 1213 1969 2056 1857 780 1875 1888 1363 1822 1590 1690 1461 2226 2132 1040 1541 1182 1343 1841 1033 1499 1568 1511 1106 1364 1142 1441 69 971 1559 1069 2152 998 2093 1606 1884 1547 1903 2080 1828 1477 837 779 1627 1164 2176 390 1626 1149 327 930 2078 2137 1602 1875 849 971
1304 201 1481 1669 1672 999 1169 2089 1490 1845 362 0 2284 740 1880 1669 436 1754 1282 1183 1939 2026 1827 750 1845 1858 1333 1793 1560 1660 1431 2196 2102 1010 1511 1152 1313 1811 1003 1469 1538 1481 1076 1334 1112 1411 323 941 1529 1039 2122 968 2064 1577 1855 1517 1873 2051 1799 1447 807 750 1597 1134 2146 266 1596 1119 77 900 2048 2107 1573 1845 819 941
1365 2291 1523 1513 868 1562 1429 454 1334 708 2315 2285 0 1607 548 1074 2123 1081 1113 1458 373 609 1671 1570 708 1703 994 535 3058 1504 978 107 1946 1703 1355 1497 1214 1656 1533 2967 866 1523 1392 1376 1547 1242 2355 1633 1571 1731 444 1937 893 1421 1699 1361 452 880 1643 1080 1673 1569 3095 1392 163 2048 1639 1187 2250 1628 878 1951 1615 709 1685 1589
590 747 765 990 958 281 451 1374 811 1131 770 740 1606 0 1201 991 579 1075 603 467 1261 1312 1149 72 1131 1180 655 1114 1514 982 753 1518 1424 292 832 434 598 1133 285 1423 860 765 398 618 393 695 810 222 813 320 1444 392 1349 898 1176 839 1195 1336 1120 733 88 71 1551 415 1468 503 880 441 705 182 1334 1429 857 1131 100 223
1557 1886 1691 1107 1060 1457 1621 689 929 900 1909 1880 547 1201 0 669 1718 675 708 1392 202 801 1266 1164 900 1297 589 129 2653 1099 573 459 1541 1468 950 1397 1405 1250 1461 2562 461 1691 987 1544 1446 1434 1950 1398 1739 1496 385 1531 1085 1016 1294 956 136 1072 1237 1271 1268 1164 2690 1584 409 1642 1806 782 1845 1358 1070 1546 1782 900 1280 1399
1554 1675 1480 885 1586 1246 1416 1216 707 1426 1699 1669 1073 991 669 0 1507 107 543 1182 728 1327 1044 954 1426 1075 424 582 2442 877 434 986 1319 1257 728 1186 1545 1028 1250 2351 422 1480 776 1333 1236 1410 1739 1188 1528 1286 911 1321 1611 794 1072 734 662 1598 1015 1573 1057 953 2479 1381 935 1432 1595 571 1634 1147 1596 1324 1572 1427 1069 1188
1142 388 1319 1507 1510 838 1008 1927 1328 1684 230 436 2122 579 1718 1507 0 1592 1120 1021 1777 1865 1665 588 1684 1696 1171 1631 1398 1498 1269 2034 1940 848 1349 990 1151 1650 842 1307 1376 1319 914 1172 950 1249 270 779 1367 877 1960 806 1902 1415 1693 1355 1711 1889 1637 1285 645 588 1435 972 1984 198 1435 957 401 738 1886 1945 1411 1684 657 779
1639 1760 1565 970 1593 1331 1501 1222 791 1433 1783 1754 1080 1075 675 107 1592 0 621 1266 734 1334 1129 1038 1433 1160 502 588 2527 962 512 992 1403 1342 812 1271 1630 1113 1335 2436 428 1565 861 1418 1320 1495 1824 1272 1613 1370 917 1405 1618 878 1156 819 669 1605 1100 1658 1142 1038 2564 1466 942 1516 1680 656 1719 1232 1603 1408 1656 1433 1154 1273
1167 1288 1093 623 1411 859 1029 1255 444 1465 1311 1282 1112 603 708 543 1120 621 0 794 767 1366 781 566 1465 812 287 621 2055 614 259 1025 1056 870 465 799 1158 765 863 1964 366 1093 389 946 848 1023 1352 800 1141 898 950 933 1650 531 809 471 701 1637 753 1186 670 566 2092 994 974 1044 1208 184 1247 760 1635 1061 1184 1466 682 801
481 1189 313 1181 630 243 341 1047 1002 804 1213 1183 1458 467 1392 1182 1021 1266 794 0 1451 985 1340 467 804 1371 846 1305 1956 1173 944 1485 1615 384 1023 53 377 1324 214 1865 1051 313 589 166 103 242 1253 314 360 412 1300 835 1022 1089 1367 1030 1386 1009 1311 405 437 467 1993 306 1540 945 428 631 1148 402 1006 1619 404 804 396 443
1455 1945 1614 1167 959 1516 1520 588 988 799 1969 1939 372 1261 202 728 1777 734 767 1451 0 700 1325 1223 799 1356 648 188 2712 1158 632 284 1600 1527 1009 1456 1304 1309 1520 2621 520 1614 1046 1467 1506 1333 2009 1457 1662 1555 284 1591 984 1075 1353 1015 106 971 1297 1170 1327 1223 2749 1482 234 1701 1729 841 1904 1417 969 1605 1705 799 1339 1458
891 2033 1050 1766 395 1088 956 198 1587 235 2056 2026 609 1312 801 1327 1865 1334 1366 985 700 0 1924 1358 235 1956 1247 788 2800 1758 1231 636 2199 1230 1608 1024 740 1909 1060 2709 1119 1050 1560 903 1074 769 2096 1160 1098 1258 452 1678 420 1674 1952 1615 705 407 1896 606 1283 1357 2837 918 692 1789 1165 1440 1991 1155 405 2204 1141 235 1242 1116
1712 1833 1638 292 1956 1404 1574 1813 370 2023 1857 1827 1670 1149 1266 1044 1665 1129 781 1340 1325 1924 0 1112 2023 144 708 1179 2600 506 930 1583 493 1415 447 1344 1703 390 1408 2509 1019 1638 934 1491 1394 1568 1897 1346 1686 1444 1508 1479 2208 307 185 568 1259 2195 203 1731 1215 1111 2637 1539 1532 1590 1753 729 1792 1305 2193 498 1730 2024 1227 1346
636 757 766 953 1004 331 501 1420 774 1177 780 750 1569 72 1164 954 588 1038 566 467 1223 1358 1112 0 1177 1143 618 1077 1523 945 715 1481 1386 342 795 472 644 1096 335 1432 823 766 361 619 444 696 820 272 814 370 1406 402 1395 861 1139 802 1158 1382 1083 779 138 37 1561 466 1431 513 881 403 715 232 1380 1391 857 1177 151 273
710 1852 869 1865 214 907 774 297 1686 72 1875 1845 708 1131 900 1426 1684 1433 1465 804 799 235 2023 1177 0 2055 1346 887 2618 1856 1330 735 2298 1049 1707 843 559 2008 879 2528 1218 869 1379 722 893 588 1915 979 917 1077 551 1497 272 1773 2051 1713 804 259 1995 425 1102 1176 2656 737 791 1608 984 1421 1810 974 257 2303 960 72 1061 935
1744 1865 1670 227 1987 1436 1606 1844 401 2054 1888 1858 1702 1180 1297 1075 1696 1160 812 1371 1356 1956 144 1143 2055 0 739 1210 2631 537 962 1614 368 1447 478 1375 1734 325 1440 2540 1050 1670 965 1523 1425 1599 1928 1377 1717 1475 1539 1510 2240 305 60 599 1291 2227 78 1762 1246 1142 2669 1570 1564 1621 1785 760 1823 1337 2224 373 1761 2055 1259 1378
1218 1339 1144 550 1462 910 1080 1136 371 1346 1363 1333 993 655 589 424 1171 502 287 846 648 1247 708 618 1346 739 0 502 2106 541 260 905 983 921 392 850 1209 692 914 2015 342 1144 440 997 900 1074 1403 852 1192 950 831 985 1531 458 736 398 582 1518 680 1237 721 617 2143 1045 855 1096 1259 235 1298 811 1516 988 1236 1347 733 852
1543 1799 1604 1020 1047 1370 1540 676 841 887 1822 1793 534 1114 129 582 1631 588 621 1305 188 788 1179 1077 887 1210 502 0 2566 1012 485 446 1454 1381 862 1310 1392 1163 1374 2475 374 1604 900 1457 1359 1421 1863 1311 1652 1409 371 1444 1072 928 1206 869 123 1059 1150 1258 1181 1077 2603 1505 396 1555 1719 695 1757 1271 1056 1459 1695 887 1193 1312
2000 1489 2177 2364 2368 1695 1865 2784 2185 2541 1512 1482 2980 1436 2575 2365 1320 2449 1977 1878 2634 2722 2523 1446 2541 2554 2029 2488 0 2356 2126 2892 2797 1706 2206 1848 2008 2507 1699 178 2234 2177 1772 2030 1808 2107 1552 1636 2225 1734 2817 1664 2759 2272 2550 2213 2569 2746 2494 2143 1502 1445 65 1830 2842 1245 2292 1814 1447 1596 2744 2802 2268 2541 1515 1637
1545 1667 1471 347 1789 1238 1407 1646 203 1856 1690 1660 1503 982 1099 877 1498 962 614 1173 1158 1758 506 945 1856 537 541 1012 2433 0 763 1416 781 1248 280 1177 1536 490 1242 2342 852 1471 767 1324 1227 1401 1730 1179 1519 1277 1341 1312 2042 255 533 401 1092 2029 477 1564 1048 944 2470 1372 1365 1423 1587 562 1625 1138 2026 785 1563 1857 1060 1179
1316 1437 1242 772 1490 1008 1178 1119 593 1330 1461 1431 977 753 573 434 1269 512 259 944 632 1231 930 715 1330 962 260 485 2204 763 0 889 1205 1019 614 948 1307 915 1012 2113 133 1242 538 1095 998 1172 1501 950 1290 1048 815 1083 1515 680 958 620 566 1502 902 1335 819 715 2241 1143 839 1194 1357 333 1396 909 1500 1210 1334 1330 831 950
1391 2204 1550 1425 895 1588 1455 481 1246 735 2227 2197 107 1519 460 987 2035 993 1026 1485 285 636 1584 1482 735 1615 907 447 2970 1417 890 0 1858 1730 1267 1524 1240 1568 1560 2880 778 1550 1305 1403 1574 1269 2267 1660 1598 1758 470 1849 920 1333 1611 1274 365 907 1555 1106 1585 1481 3008 1418 75 1960 1665 1100 2162 1655 905 1863 1641 735 1598 1616
1987 2108 1913 470 2231 1679 1849 2087 645 2298 2132 2102 1945 1424 1541 1319 1940 1403 1056 1615 1600 2199 493 1386 2298 368 983 1454 2875 781 1205 1857 0 1690 722 1619 1978 394 1683 2784 1294 1913 1209 1766 1669 1843 2172 1621 1961 1719 1783 1754 2483 549 326 843 1534 2470 382 2006 1490 1386 2912 1814 1807 1865 2028 1004 2067 1580 2468 81 2005 2298 1502 1621
448 1158 500 1333 815 209 308 1231 1155 988 1182 1152 1643 433 1545 1334 990 1419 947 201 1604 1169 1492 483 988 1523 998 1457 1925 1325 1096 1669 1767 0 1176 168 455 1476 181 1834 1203 500 741 353 128 429 1222 281 548 379 1485 804 1206 1242 1520 1182 1538 1193 1463 590 404 483 1962 272 1725 915 615 784 1117 369 1191 1772 591 988 363 410
1396 1517 1322 288 1640 1088 1258 1496 110 1707 1541 1511 1354 832 950 728 1349 812 465 1023 1009 1608 447 795 1707 478 392 862 2284 280 614 1266 722 1099 0 1028 1387 431 1092 2193 703 1322 618 1175 1078 1252 1581 1029 1370 1127 1192 1163 1892 196 475 252 943 1879 418 1415 899 795 2321 1223 1216 1273 1437 413 1476 989 1877 727 1413 1707 911 1030
448 1159 352 1186 670 210 308 1086 1007 843 1182 1152 1497 434 1397 1186 990 1271 799 53 1456 1024 1344 472 843 1375 850 1310 1925 1177 948 1524 1619 351 1028 0 417 1329 181 1835 1055 352 593 205 70 282 1222 281 400 379 1340 804 1061 1094 1372 1034 1390 1048 1316 445 404 471 1963 273 1580 915 467 636 1117 369 1046 1624 443 843 363 410
178 1319 443 1545 386 375 242 803 1366 559 1343 1313 1214 598 1405 1545 1151 1630 1158 377 1304 740 1703 644 559 1734 1209 1392 2086 1536 1307 1240 1978 516 1387 417 0 1688 346 1995 1414 443 952 296 416 162 1383 446 491 544 1056 965 777 1453 1731 1393 1310 764 1675 161 569 644 2123 205 1296 1075 558 995 1278 441 762 1983 534 559 528 402
1697 1818 1623 180 1940 1389 1559 1797 354 2008 1841 1811 1655 1133 1250 1028 1650 1113 765 1324 1309 1909 390 1096 2008 325 692 1163 2584 490 915 1567 394 1400 431 1329 1688 0 1393 2494 1003 1623 919 1476 1378 1553 1881 1330 1671 1428 1492 1463 2193 258 321 552 1244 2180 265 1716 1199 1095 2622 1524 1517 1574 1738 714 1776 1290 2178 399 1714 2008 1212 1331
338 1010 513 1250 705 61 198 1122 1071 879 1033 1003 1533 285 1461 1250 842 1335 863 214 1520 1060 1408 335 879 1440 914 1374 1777 1242 1012 1560 1683 202 1092 181 346 1393 0 1686 1119 513 658 366 141 443 1073 132 561 230 1375 655 1097 1158 1436 1099 1455 1084 1380 480 255 334 1814 163 1615 766 628 700 968 220 1082 1688 604 879 214 261
1909 1398 2086 2273 2277 1604 1774 2694 2094 2450 1421 1391 2889 1345 2484 2274 1229 2358 1886 1787 2544 2631 2432 1355 2450 2463 1938 2397 178 2265 2036 2801 2707 1615 2115 1757 1918 2416 1608 0 2143 2086 1681 1939 1717 2016 1461 1546 2134 1644 2726 1573 2668 2181 2459 2122 2478 2655 2403 2052 1411 1354 216 1739 2751 1154 2201 1724 1356 1505 2653 2711 2177 2450 1424 1546
1423 1544 1349 860 1378 1115 1285 1007 682 1218 1568 1538 865 860 461 422 1376 428 366 1051 520 1119 1019 823 1218 1050 342 374 2311 852 133 777 1294 1126 703 1055 1414 1003 1119 2220 0 1349 645 1202 1105 1279 1608 1057 1397 1155 703 1190 1403 769 1047 709 454 1390 990 1442 926 822 2348 1250 727 1301 1464 440 1503 1016 1388 1299 1441 1218 938 1057
594 1488 6 1480 696 541 640 1112 1301 869 1511 1481 1523 765 1691 1480 1319 1565 1093 313 1614 1050 1638 766 869 1670 1144 1604 2254 1471 1242 1550 1913 683 1322 352 443 1623 513 2163 1349 0 888 206 402 308 1551 613 88 711 1366 1133 1087 1388 1666 1328 1619 1074 1610 471 736 765 2292 604 1606 1244 155 930 1446 701 1072 1918 222 869 695 742
962 1083 888 776 1205 654 824 1534 597 1379 1106 1076 1391 398 987 776 914 861 389 589 1046 1560 934 361 1379 965 440 900 1849 767 538 1304 1209 665 618 593 952 919 658 1758 645 888 0 741 643 817 1146 595 935 693 1229 728 1597 684 962 624 980 1584 906 980 464 360 1886 788 1253 839 1003 226 1041 555 1581 1214 979 1379 476 596
447 1341 206 1333 549 394 493 965 1154 722 1364 1334 1376 618 1544 1333 1172 1418 946 166 1467 903 1491 619 722 1523 997 1457 2107 1324 1095 1403 1766 536 1175 205 296 1476 366 2017 1202 206 741 0 255 161 1404 466 254 564 1219 986 940 1241 1519 1181 1472 927 1463 324 589 618 2145 458 1459 1097 321 783 1299 554 925 1771 297 722 548 595
408 1119 402 1235 719 169 268 1136 1056 893 1142 1112 1547 393 1446 1236 950 1320 848 103 1506 1074 1394 444 893 1425 900 1359 1885 1227 998 1574 1669 311 1078 70 416 1378 141 1794 1105 402 643 255 0 331 1182 241 449 339 1389 764 1111 1143 1421 1084 1440 1098 1365 494 364 443 1922 233 1629 875 517 686 1077 329 1095 1674 493 893 323 370
313 1418 308 1410 414 471 377 831 1231 588 1441 1411 1242 695 1434 1410 1249 1495 1023 242 1333 769 1568 696 588 1599 1074 1421 2184 1401 1172 1269 1843 612 1252 282 162 1553 443 2093 1279 308 817 161 331 0 1481 543 356 641 1085 1063 806 1318 1596 1258 1338 793 1540 190 666 695 2221 340 1325 1174 423 860 1376 576 791 1848 399 588 624 537
1374 149 1551 1739 1742 1069 1239 2159 1560 1915 69 323 2354 810 1950 1739 270 1824 1352 1253 2009 2096 1897 820 1915 1928 1403 1863 1630 1730 1501 2266 2172 1080 1581 1222 1383 1881 1073 1539 1608 1551 1146 1404 1182 1481 0 1011 1599 1109 2192 1038 2134 1647 1925 1587 1943 2121 1868 1517 877 820 1667 1204 2216 395 1666 1189 288 970 2118 2177 1643 1915 889 1011
439 947 613 1187 806 128 298 1222 1008 979 971 941 1633 222 1398 1188 779 1272 800 314 1457 1160 1346 272 979 1377 852 1311 1714 1179 950 1660 1621 139 1029 281 446 1330 132 1623 1057 613 595 466 241 543 1011 0 661 168 1476 593 1197 1095 1373 1036 1392 1184 1317 581 193 272 1751 263 1665 703 728 637 906 158 1182 1625 704 979 151 199
642 1536 88 1528 743 589 688 1160 1349 917 1559 1529 1571 813 1739 1528 1367 1613 1141 360 1662 1098 1686 814 917 1717 1192 1652 2302 1519 1290 1598 1961 730 1370 400 491 1671 561 2211 1397 88 935 254 449 356 1599 661 0 759 1414 1181 1135 1436 1714 1376 1667 1122 1658 519 784 813 2339 652 1654 1292 126 978 1494 749 1120 1966 270 917 742 790
418 1129 470 1304 785 180 278 1202 1125 959 1152 1122 1613 404 1515 1304 961 1389 917 172 1574 1140 1462 454 959 1494 968 1428 1895 1295 1066 1640 1737 321 1146 138 426 1447 151 1805 1173 470 712 323 98 400 1192 251 518 0 1455 774 1177 1212 1490 1152 1509 1164 1434 560 374 453 1933 243 1695 885 585 754 1087 339 1161 1742 562 959 333 380
1207 2128 1366 1350 711 1404 1271 340 1171 551 2152 2122 444 1444 385 911 1960 917 950 1300 284 452 1508 1406 551 1539 831 371 2895 1341 815 470 1783 1545 1192 1340 1056 1492 1375 2804 703 1366 1229 1219 1389 1085 2192 1476 1414 1574 0 1774 736 1258 1536 1198 289 723 1480 922 1510 1406 2932 1234 491 1884 1481 1024 2087 1471 721 1788 1457 551 1522 1431
956 975 1133 1320 1324 651 821 1741 1141 1497 998 968 1936 392 1531 1321 806 1405 933 835 1591 1678 1479 402 1497 1510 985 1444 1741 1312 1083 1848 1754 662 1163 804 965 1463 655 1650 1190 1133 728 986 764 1063 1038 593 1181 691 1774 0 1715 1228 1506 1169 1525 1702 1450 1099 459 401 1779 786 1798 731 1248 771 933 552 1700 1759 1224 1497 471 593
929 2070 1087 2050 432 1125 993 482 1871 272 2093 2064 893 1349 1085 1611 1902 1618 1650 1022 984 420 2208 1395 272 2240 1531 1072 2837 2042 1515 920 2483 1267 1892 1061 777 2193 1097 2746 1403 1087 1597 940 1111 806 2134 1197 1135 1295 736 1715 0 1958 2236 1899 989 50 2180 643 1320 1394 2874 956 976 1826 1202 1639 2028 1192 75 2488 1178 272 1279 1153
1462 1583 1388 115 1706 1154 1324 1562 119 1773 1606 1577 1420 898 1016 794 1415 878 531 1089 1075 1674 307 861 1773 305 458 928 2350 255 680 1332 549 1165 196 1094 1453 258 1158 2259 769 1388 684 1241 1143 1318 1647 1095 1436 1193 1258 1228 1958 0 302 317 1009 1945 245 1481 965 861 2387 1289 1282 1339 1503 479 1542 1055 1943 554 1479 1773 977 1096
1740 1861 1666 223 1984 1432 1602 1840 397 2051 1884 1855 1698 1176 1294 1072 1693 1156 809 1367 1353 1952 185 1139 2051 60 736 1206 2628 533 958 1610 326 1443 475 1372 1731 321 1436 2537 1047 1666 962 1519 1421 1596 1925 1373 1714 1471 1536 1506 2236 302 0 596 1287 2223 74 1759 1243 1139 2665 1567 1560 1617 1781 757 1820 1333 2221 331 1757 2051 1255 1374
1402 1524 1329 409 1646 1095 1264 1503 231 1713 1547 1517 1360 839 956 734 1355 819 471 1030 1015 1615 568 802 1713 599 398 869 2290 401 620 1273 843 1105 252 1034 1393 552 1099 2199 709 1328 624 1181 1084 1258 1587 1036 1376 1134 1198 1169 1899 317 596 0 949 1886 539 1421 905 801 2327 1229 1222 1280 1444 419 1482 995 1883 848 1420 1714 917 1036
1461 1880 1619 1101 964 1451 1525 594 922 804 1903 1873 451 1195 136 662 1711 669 701 1386 106 705 1259 1158 804 1291 582 123 2646 1092 566 363 1534 1461 943 1390 1310 1244 1455 2555 454 1619 980 1472 1440 1338 1943 1392 1667 1490 289 1525 989 1009 1287 949 0 976 1231 1175 1261 1157 2683 1488 313 1636 1734 775 1838 1351 974 1539 1711 805 1273 1392
916 2057 1074 2037 419 1112 980 469 1858 259 2080 2051 880 1336 1072 1598 1889 1605 1637 1009 971 407 2195 1382 259 2227 1518 1059 2824 2029 1502 907 2470 1254 1879 1048 764 2180 1084 2733 1390 1074 1584 927 1098 793 2121 1184 1122 1282 723 1702 50 1945 2223 1886 976 0 2167 630 1307 1381 2861 943 963 1813 1189 1626 2015 1179 62 2475 1165 259 1266 1140
1684 1805 1610 167 1927 1376 1546 1784 341 1995 1828 1799 1642 1120 1237 1015 1637 1100 753 1311 1297 1896 203 1083 1995 78 680 1150 2572 477 902 1554 382 1387 418 1316 1675 265 1380 2481 990 1610 906 1463 1365 1540 1868 1317 1658 1415 1480 1450 2180 245 74 539 1231 2167 0 1703 1187 1082 2609 1511 1504 1561 1725 701 1763 1277 2165 387 1701 1995 1199 1318
312 1454 471 1573 252 509 376 669 1394 425 1477 1447 1080 733 1271 1573 1285 1658 1186 405 1170 606 1731 779 425 1762 1237 1258 2220 1564 1335 1106 2006 650 1415 445 161 1716 480 2129 1442 471 980 324 494 190 1517 581 519 679 922 1099 643 1481 1759 1421 1175 630 1703 0 704 778 2257 339 1162 1210 586 1023 1412 576 628 2011 562 425 662 536
561 813 736 1057 928 251 421 1345 878 1102 837 807 1672 88 1268 1057 645 1142 670 437 1327 1283 1215 138 1102 1246 721 1181 1580 1048 819 1584 1490 262 899 404 569 1199 255 1489 926 736 464 589 364 666 877 193 784 291 1510 459 1320 965 1243 905 1261 1307 1187 704 0 138 1617 386 1534 569 851 507 772 152 1305 1495 827 1102 71 193
635 756 765 953 1003 330 500 1420 774 1176 779 750 1568 71 1164 953 588 1038 566 467 1223 1357 1111 37 1176 1142 617 1077 1523 944 715 1480 1386 341 795 471 644 1095 334 1432 822 765 360 618 443 695 820 272 813 370 1406 401 1394 861 1139 801 1157 1381 1082 778 138 0 1560 465 1430 512 880 403 714 231 1379 1391 857 1176 150 272
2037 1526 2214 2401 2405 1732 1902 2822 2223 2578 1549 1519 3017 1473 2612 2402 1358 2486 2014 1916 2672 2759 2560 1483 2578 2591 2066 2525 65 2393 2164 2929 2835 1743 2244 1885 2046 2544 1736 216 2271 2214 1809 2067 1845 2144 1589 1674 2262 1772 2855 1701 2796 2309 2588 2250 2606 2783 2531 2180 1540 1482 0 1867 2879 1282 2329 1852 1484 1633 2781 2840 2306 2578 1552 1674
197 1141 605 1381 564 191 72 981 1202 737 1164 1134 1392 415 1584 1381 972 1466 994 306 1482 918 1539 466 737 1570 1045 1505 1907 1372 1143 1418 1814 333 1223 273 205 1524 163 1816 1250 604 788 458 233 340 1204 263 652 361 1234 786 956 1289 1567 1229 1488 943 1511 339 386 465 1944 0 1474 897 720 831 1099 336 940 1819 696 737 345 296
1447 2154 1606 1375 951 1644 1511 537 1196 791 2177 2147 163 1469 410 936 1985 943 975 1540 235 692 1533 1432 791 1565 856 397 2920 1366 840 75 1808 1735 1217 1580 1296 1518 1615 2829 728 1606 1254 1459 1629 1325 2217 1666 1654 1764 492 1799 976 1283 1561 1223 314 963 1505 1162 1535 1431 2957 1474 0 1910 1721 1049 2112 1625 961 1813 1697 791 1547 1666
1067 273 1244 1431 1435 762 932 1851 1252 1608 390 266 2047 503 1642 1432 198 1516 1044 945 1701 1789 1590 513 1608 1621 1096 1555 1322 1423 1194 1959 1865 773 1273 915 1075 1574 766 1232 1301 1244 839 1097 875 1174 395 703 1292 801 1884 731 1826 1339 1617 1280 1636 1813 1561 1210 569 512 1360 897 1909 0 1359 881 231 663 1811 1869 1335 1608 582 704
709 1603 155 1595 811 656 755 1227 1416 984 1626 1596 1639 880 1806 1595 1435 1680 1208 428 1729 1165 1753 881 984 1785 1259 1719 2369 1587 1357 1665 2028 798 1437 467 558 1738 628 2279 1464 155 1003 321 517 423 1666 728 126 826 1481 1248 1202 1503 1781 1444 1734 1189 1725 586 851 880 2407 720 1721 1359 0 1045 1561 816 1187 2033 180 984 810 857
1004 1125 930 571 1248 696 866 1329 392 1421 1149 1119 1186 441 782 571 957 656 184 631 841 1440 729 403 1421 760 235 695 1892 562 333 1099 1004 707 413 636 995 714 700 1801 440 930 226 783 686 860 1189 637 978 735 1024 771 1639 479 757 419 775 1626 701 1023 507 403 1929 831 1048 881 1045 0 1084 597 1624 1009 1021 1421 519 638
1269 166 1446 1633 1637 964 1134 2054 1455 1810 327 77 2249 705 1845 1634 401 1719 1247 1148 1904 1991 1792 715 1810 1823 1298 1757 1525 1625 1396 2161 2067 975 1476 1117 1278 1776 968 1434 1503 1446 1041 1299 1077 1376 288 906 1494 1004 2087 933 2028 1542 1820 1482 1838 2015 1763 1412 772 714 1562 1099 2111 231 1561 1084 0 865 2013 2072 1538 1810 784 906
432 907 701 1147 801 216 373 1217 968 974 930 900 1628 182 1358 1147 738 1232 760 402 1417 1155 1305 232 974 1337 811 1271 1673 1138 909 1655 1580 227 989 369 441 1290 220 1583 1016 701 555 554 329 576 970 158 749 256 1471 552 1192 1055 1333 995 1351 1179 1277 576 152 231 1711 336 1624 663 816 597 865 0 1177 1585 792 974 111 80
913 2055 1072 2035 417 1110 977 467 1856 257 2078 2048 878 1334 1070 1596 1886 1603 1635 1006 969 405 2193 1380 257 2224 1516 1056 2821 2026 1500 905 2468 1251 1877 1046 762 2178 1082 2730 1388 1072 1581 925 1095 791 2118 1182 1120 1280 721 1700 75 1943 2221 1883 974 62 2165 628 1305 1379 2859 940 961 1811 1187 1624 2013 1177 0 2473 1163 257 1263 1137
1992 2113 1918 475 2236 1684 1854 2092 650 2303 2137 2107 1950 1429 1546 1324 1945 1408 1061 1619 1605 2204 498 1391 2303 373 988 1459 2880 785 1210 1862 81 1695 727 1624 1983 399 1688 2789 1299 1918 1214 1771 1674 1848 2177 1625 1966 1723 1788 1759 2488 554 331 848 1539 2475 387 2011 1495 1391 2917 1819 1812 1869 2033 1009 2072 1585 2473 0 2009 2303 1507 1626
685 1579 222 1571 787 633 731 1204 1392 960 1602 1573 1615 857 1782 1572 1411 1656 1184 404 1705 1141 1730 857 960 1761 1236 1695 2346 1563 1334 1641 2005 774 1413 443 534 1714 604 2255 1441 222 979 297 493 399 1643 704 270 802 1457 1224 1178 1479 1757 1420 1711 1165 1701 562 827 857 2383 696 1697 1335 180 1021 1538 792 1163 2009 0 960 786 833
710 1852 869 1865 214 907 774 298 1686 72 1875 1845 709 1131 900 1427 1684 1433 1466 804 799 235 2024 1177 72 2055 1347 887 2618 1857 1330 735 2298 1048 1707 843 559 2008 879 2528 1218 869 1379 722 893 588 1915 979 917 1077 551 1497 272 1773 2051 1714 805 259 1995 425 1102 1176 2656 737 791 1608 984 1421 1810 974 257 2303 960 0 1060 935
520 825 695 1069 887 210 380 1304 890 1061 849 819 1684 100 1280 1069 657 1154 682 396 1339 1242 1227 151 1061 1259 733 1193 1592 1060 831 1597 1502 221 911 363 528 1212 214 1501 938 695 476 548 323 624 889 151 742 249 1522 471 1279 977 1255 917 1273 1266 1199 662 71 150 1629 345 1546 582 810 519 784 111 1263 1507 786 1060 0 152
393 948 742 1188 761 257 333 1178 1009 935 971 941 1589 223 1399 1188 779 1273 801 443 1458 1116 1346 273 935 1378 852 1312 1714 1179 950 1616 1621 268 1030 410 402 1331 261 1623 1057 742 596 595 370 537 1011 199 790 297 1431 593 1153 1096 1374 1036 1392 1140 1318 536 193 272 1752 296 1665 704 857 638 906 80 1137 1626 833 935 152 0
EOF