NAME : tsp_problem
TYPE : TSP
DIMENSION : 76
EDGE_WEIGHT_TYPE : EXPLICIT
EDGE_WEIGHT_FORMAT : FULL_MATRIX
EDGE_WEIGHT_SECTION
0 392 890 999 892 634 135 440 517 537 469 1022 473 507 259 826 226 1022 478 890 891 513 340 1037 999 607 999 728 478 890 387 692 590 516 359 425 999 1036 160 582 632 757 538 432 891 221 393 204 489 955 717 607 891 1023 1037 826 611 999 490 480 660 891 1038 1038 160 1024 422 610 394 204 1038 1038 999 555 833 1038
392 0 940 1125 941 553 503 359 681 456 837 1185 392 348 627 985 594 1185 397 940 940 150 259 956 1125 526 1125 887 398 940 307 611 756 556 279 145 1125 956 424 623 551 923 486 352 940 588 312 374 409 1113 636 648 941 1186 957 985 531 1125 656 399 630 940 958 957 424 1186 789 776 313 374 958 957 1125 210 999 957
890 940 0 392 61 421 818 718 411 730 864 451 618 1258 1100 461 693 451 623 62 61 1060 819 372 392 657 392 363 623 62 769 358 461 519 691 1055 392 371 1001 490 478 694 649 727 61 760 654 1045 672 380 327 515 61 452 372 461 598 392 465 715 568 61 373 372 1001 453 765 440 720 1045 373 373 392 1103 549 373
999 1125 392 0 393 606 926 891 519 853 973 371 803 1443 1209 569 802 372 808 391 392 1246 1005 578 14 834 14 472 809 391 954 543 569 627 877 1241 14 577 1110 598 663 615 757 913 392 869 839 1154 857 300 512 623 392 373 579 569 780 14 574 901 676 392 579 579 1110 373 874 549 905 1154 579 579 14 1288 482 579
892 941 61 393 0 422 819 719 412 731 865 452 619 1259 1101 462 694 452 624 61 60 1061 820 373 393 658 393 364 624 61 770 359 462 520 692 1056 393 372 1002 491 479 695 650 728 60 761 655 1046 673 381 328 516 60 454 373 462 599 393 466 716 569 60 374 373 1002 454 767 441 721 1046 374 374 393 1104 550 374
634 553 421 606 422 0 744 332 383 343 837 666 232 871 868 466 666 666 237 421 421 674 433 497 606 271 606 369 237 421 383 132 433 455 305 669 606 496 769 394 91 770 493 341 422 733 267 813 286 595 156 369 422 667 497 466 212 606 437 329 311 422 498 497 769 668 738 413 333 814 498 498 606 716 554 497
135 503 818 926 819 744 0 550 444 561 397 949 583 593 345 753 154 949 588 817 818 624 451 1004 926 631 926 655 589 817 498 727 517 444 470 511 926 1004 246 509 742 684 465 543 818 148 503 290 600 882 696 534 818 950 1005 753 690 926 418 590 587 818 1006 1005 246 951 507 537 504 290 1006 1005 926 666 760 1005
440 359 718 891 719 332 550 0 409 183 645 915 253 677 674 717 474 915 213 718 719 480 203 735 891 253 891 620 258 718 154 390 483 283 255 475 891 734 575 350 330 650 213 192 719 541 289 619 71 848 415 362 719 916 735 717 205 891 384 61 304 719 736 735 575 917 547 503 360 619 736 736 891 522 726 736
517 681 411 519 412 383 444 409 0 371 491 579 479 975 727 346 320 579 439 410 411 802 525 597 519 352 519 248 484 410 476 320 191 145 552 797 519 597 627 116 440 495 275 487 411 387 515 672 431 507 289 141 411 580 598 346 298 519 91 449 194 411 599 598 627 581 392 211 593 672 599 598 519 844 434 598
537 456 730 853 731 343 561 183 371 0 608 877 338 774 771 680 437 878 298 730 730 577 300 746 853 96 853 582 343 730 251 401 445 245 352 572 853 746 672 312 341 612 175 296 730 504 373 716 233 810 426 309 731 879 747 680 156 853 346 224 252 730 748 747 672 879 509 466 452 716 748 747 853 619 688 747
234 602 917 1026 918 844 119 649 543 660 0 1049 683 693 444 852 253 1049 688 917 917 723 550 1104 1026 731 1026 755 688 917 597 826 616 543 569 610 1025 1103 345 609 842 784 565 642 918 247 603 389 699 981 796 633 918 1050 1104 852 790 1026 517 690 686 918 1105 1104 345 1050 607 637 603 389 1105 1105 1026 765 860 1105
1027 1185 451 371 452 666 954 920 579 882 1001 0 863 1485 1143 364 829 32 868 451 452 1305 1036 638 371 894 371 463 868 451 988 603 629 687 936 1300 371 637 1137 658 723 405 787 972 452 896 899 1182 917 95 572 683 452 31 638 364 839 371 633 960 736 452 639 638 1137 30 727 608 965 1182 639 639 371 1348 272 639
473 392 618 803 619 232 583 253 479 338 878 863 0 710 707 663 675 863 73 618 618 513 269 635 803 265 803 566 65 618 231 289 619 449 141 508 803 634 608 388 229 882 445 189 619 669 104 652 207 792 314 363 619 864 635 663 206 803 519 250 306 619 636 635 608 865 779 610 249 653 636 636 803 555 751 635
507 348 1258 1443 1259 871 593 677 975 774 928 1480 710 0 643 1284 685 1480 716 1258 1258 421 578 1274 1443 844 1443 1186 716 1258 625 929 1048 874 597 228 1443 1274 386 941 869 1215 804 670 1258 679 630 337 727 1413 954 966 1259 1481 1275 1284 849 1443 949 717 948 1258 1276 1275 386 1482 805 1068 631 337 1276 1275 1443 178 1291 1275
283 651 912 1020 913 884 369 693 538 655 703 869 731 667 0 716 460 869 736 911 912 771 598 1098 1020 725 1020 728 737 911 646 821 611 538 618 584 1020 1098 319 603 890 604 559 691 912 454 651 363 743 802 790 628 912 870 1099 717 784 1020 512 733 681 912 1100 1099 319 870 181 631 652 363 1100 1099 1020 814 680 1099
826 985 461 541 462 466 753 717 346 680 799 331 663 1284 1035 0 628 331 668 460 461 1105 834 647 541 661 541 128 668 460 785 403 396 454 736 1100 541 647 936 425 523 332 584 772 461 695 699 981 717 264 372 450 461 332 648 117 606 541 400 758 503 461 649 648 936 333 655 375 765 981 649 648 541 1148 127 648
226 594 693 802 694 666 154 474 320 437 272 825 675 685 436 628 0 825 667 693 694 715 542 880 802 507 802 531 680 693 542 602 392 319 561 602 802 879 337 385 722 560 341 587 694 96 594 381 524 758 572 409 694 826 880 628 566 802 293 515 463 694 881 880 337 826 456 413 595 381 881 881 802 757 636 881
1027 1185 451 372 452 666 954 920 579 882 1001 32 863 1485 1144 364 830 0 868 451 452 1306 1037 638 372 894 372 464 868 451 988 603 629 687 936 1301 372 637 1138 658 723 405 787 973 452 897 899 1182 917 95 572 683 452 30 639 364 840 372 633 960 736 452 639 639 1138 29 727 609 965 1182 639 639 372 1348 272 639
478 397 623 808 624 237 588 213 439 298 838 868 73 716 712 668 667 868 0 623 623 518 274 640 808 225 808 571 78 623 191 295 579 410 146 513 808 639 613 348 234 843 405 150 624 674 109 658 167 797 319 323 624 869 640 668 166 808 479 210 266 624 641 640 613 870 739 599 254 658 641 641 808 560 756 641
890 940 62 391 61 421 817 718 410 730 864 451 618 1258 1100 460 693 451 623 0 62 1060 819 371 391 657 391 363 623 63 769 357 461 519 691 1055 391 371 1001 490 478 694 649 727 62 760 653 1045 672 380 327 514 61 452 372 461 598 391 465 715 568 62 373 372 1001 453 765 440 720 1045 373 372 391 1103 548 372
891 940 61 392 60 421 818 719 411 730 865 452 618 1258 1101 461 694 452 623 62 0 1061 820 372 392 657 392 364 624 62 770 358 461 519 692 1056 392 371 1001 490 478 695 649 728 61 761 654 1046 672 380 327 515 60 453 373 461 599 392 465 716 568 61 373 373 1001 453 766 441 720 1046 373 373 392 1103 549 373
513 150 1060 1246 1061 674 624 480 802 577 958 1305 513 421 747 1105 715 1306 518 1060 1061 0 380 1077 1246 647 1246 1008 518 1060 427 732 876 676 399 219 1246 1076 497 743 672 1044 606 472 1061 709 433 448 529 1234 757 768 1061 1307 1078 1106 651 1246 777 520 751 1061 1078 1078 497 1307 910 897 434 448 1078 1078 1246 330 1120 1078
340 259 819 1005 820 433 451 203 525 300 762 1032 269 578 574 834 542 1032 274 819 820 380 0 836 1005 370 1005 737 275 819 150 491 599 400 156 375 1004 835 475 467 431 767 330 196 820 536 189 520 253 965 516 491 820 1033 836 834 378 1005 500 243 478 820 837 836 475 1033 663 620 261 520 837 837 1005 422 843 837
1037 956 372 578 373 497 1004 735 597 746 1051 638 635 1274 1271 647 880 638 640 371 372 1077 836 0 578 674 578 550 640 371 786 458 648 706 708 1072 578 20 1172 677 478 881 835 744 372 947 670 1216 689 566 427 701 372 639 19 647 615 578 652 732 714 372 18 19 1172 640 952 627 736 1217 18 18 578 1119 735 19
999 1125 392 14 393 606 926 891 519 853 973 371 803 1443 1209 569 802 372 808 391 392 1246 1005 578 0 834 14 472 809 391 954 543 569 627 877 1241 14 577 1110 598 663 615 757 913 392 869 839 1154 857 300 512 623 392 373 579 569 780 14 573 901 676 392 579 579 1110 373 874 549 905 1154 579 579 14 1288 482 579
607 526 657 834 658 271 631 253 352 96 678 894 265 844 841 661 507 894 225 657 657 647 370 674 834 0 834 564 270 657 314 328 492 316 338 642 834 673 742 261 268 683 246 273 658 574 301 786 217 823 353 236 658 895 674 661 84 834 392 261 179 658 675 674 742 896 579 512 379 786 675 675 834 689 749 674
999 1125 392 14 393 606 926 891 519 853 973 371 803 1443 1209 569 802 372 808 391 392 1246 1005 578 14 834 0 472 808 391 954 543 569 627 877 1241 14 577 1110 598 663 615 757 913 392 869 839 1154 857 300 512 623 392 373 579 569 780 14 573 901 676 392 579 579 1110 373 874 549 905 1154 579 579 14 1288 482 579
728 887 363 472 364 369 655 620 248 582 702 431 566 1186 938 128 531 431 571 363 364 1008 737 550 472 564 472 0 571 363 688 305 299 357 639 1003 472 549 839 328 425 432 487 675 364 598 601 883 620 364 275 353 364 432 550 128 509 472 303 660 406 364 551 550 839 432 603 278 667 883 551 551 472 1050 216 551
478 398 623 809 624 237 589 258 484 343 883 868 65 716 713 668 680 868 78 623 624 518 275 640 809 270 808 571 0 623 236 295 624 455 147 513 808 639 613 393 235 888 450 195 624 674 109 658 212 797 320 368 624 869 640 668 211 809 524 255 311 624 641 640 613 870 784 615 254 658 641 641 809 561 756 641
890 940 62 391 61 421 817 718 410 730 864 451 618 1258 1100 460 693 451 623 63 62 1060 819 371 391 657 391 363 623 0 769 358 461 519 691 1055 391 371 1001 490 478 694 649 727 62 760 653 1045 672 380 327 515 61 452 372 461 598 391 465 715 568 61 373 372 1001 453 765 440 720 1045 373 372 391 1103 549 372
387 307 769 954 770 383 498 154 476 251 713 983 231 625 622 785 542 983 191 769 770 427 150 786 954 314 954 688 236 769 0 441 551 351 203 422 954 785 523 418 381 718 281 73 770 583 236 567 188 916 465 413 770 984 786 785 256 954 451 194 355 770 787 786 523 985 614 571 308 567 787 787 954 470 794 787
692 611 358 543 359 132 727 390 320 401 773 603 289 929 926 403 602 603 295 357 358 732 491 458 543 328 543 305 295 358 441 0 370 428 363 727 543 457 827 399 149 707 551 399 358 669 325 871 343 531 127 424 358 604 458 403 270 543 374 387 369 358 459 458 827 604 675 349 391 871 459 459 543 774 491 458
590 756 461 569 462 433 517 483 191 445 564 629 619 1048 799 396 392 629 579 461 461 876 599 648 569 492 569 299 624 461 551 370 0 285 652 871 569 647 700 256 490 568 350 596 462 459 654 745 533 558 339 281 462 630 648 396 437 569 132 523 334 462 649 648 700 631 465 123 732 745 649 649 569 919 484 648
516 556 519 627 520 455 444 283 145 245 490 687 449 874 726 454 319 687 410 519 519 676 400 706 627 316 627 357 455 519 351 428 285 0 452 671 627 705 627 87 453 495 150 396 520 386 485 671 333 616 397 112 520 688 706 454 268 627 186 323 165 520 707 706 627 689 391 305 557 671 707 707 627 719 542 706
359 279 691 877 692 305 470 255 552 352 804 936 141 597 594 736 561 936 146 691 692 399 156 708 877 338 877 639 147 691 203 363 652 452 0 394 877 707 495 461 303 819 382 248 692 555 61 539 280 865 388 437 692 937 708 736 280 877 553 296 379 692 709 708 495 938 715 672 280 539 709 709 877 442 824 709
425 145 1055 1241 1056 669 511 475 797 572 845 1300 508 228 560 1100 602 1301 513 1055 1056 219 375 1072 1241 642 1241 1003 513 1055 422 727 871 671 394 0 1241 1071 304 738 667 1038 601 467 1056 596 428 255 524 1229 752 763 1056 1302 1072 1100 646 1241 772 515 746 1056 1073 1073 304 1302 723 892 429 255 1073 1073 1241 325 1114 1073
999 1125 392 14 393 606 926 891 519 853 973 371 803 1443 1209 569 802 372 808 391 392 1246 1004 578 14 834 14 472 808 391 954 543 569 627 877 1241 0 577 1110 598 663 615 757 913 392 869 839 1154 857 300 512 623 392 373 579 569 780 14 573 901 676 392 579 579 1110 373 874 549 905 1154 579 579 14 1288 482 579
1036 956 371 577 372 496 1004 734 597 746 1050 637 634 1274 1271 647 879 637 639 371 371 1076 835 20 577 673 577 549 639 371 785 457 647 705 707 1071 577 0 1171 676 477 880 835 743 371 946 670 1216 688 566 426 701 372 638 20 647 614 577 651 731 714 372 19 20 1171 639 951 626 736 1216 19 19 577 1119 735 19
160 424 1001 1110 1002 769 246 575 627 672 580 1133 608 386 295 936 337 1133 613 1001 1001 497 475 1172 1110 742 1110 839 613 1001 523 827 700 627 495 304 1110 1171 0 693 767 868 649 568 1002 331 528 83 625 1066 852 717 1002 1134 1173 936 746 1110 601 615 771 1002 1174 1173 58 1134 458 721 529 83 1174 1173 1110 538 944 1173
582 623 490 598 491 394 509 350 116 312 556 658 388 941 792 425 385 658 348 490 490 743 467 677 598 261 598 328 393 490 418 399 256 87 461 738 598 676 693 0 392 560 217 396 491 452 424 737 340 587 368 62 491 659 677 425 207 598 157 384 103 491 678 677 693 660 457 276 502 737 678 678 598 786 513 677
632 551 478 663 479 91 742 330 440 341 893 723 229 869 866 523 722 723 234 478 478 672 431 478 663 268 663 425 235 478 381 149 490 453 303 667 663 477 767 392 0 827 491 339 478 789 265 811 283 651 174 367 479 724 478 523 210 663 494 327 309 478 479 479 767 725 795 469 331 811 479 479 663 714 611 479
868 1027 503 611 504 508 795 759 388 722 842 461 705 1326 1077 159 670 461 710 502 503 1148 876 689 611 703 611 170 710 503 827 445 438 496 778 1142 611 689 978 467 565 0 626 815 503 737 741 1023 759 394 414 492 503 462 690 159 648 611 442 800 545 503 691 690 978 463 743 418 807 1023 691 690 611 1190 247 690
538 486 649 757 650 493 465 213 275 175 512 782 445 804 748 584 341 782 405 649 649 606 330 835 757 246 757 487 450 649 281 551 350 150 382 601 757 835 649 217 491 517 0 326 649 408 415 693 263 715 527 241 650 783 836 584 306 757 250 253 274 649 837 836 649 783 413 370 487 693 837 836 757 649 593 836
432 352 727 913 728 341 543 192 487 296 758 972 189 670 667 772 587 973 150 727 728 472 196 744 913 273 913 675 195 727 73 399 596 396 248 467 913 743 568 396 339 763 326 0 728 628 225 612 146 901 424 371 728 974 745 773 214 913 496 189 313 728 745 745 568 974 659 616 353 612 745 745 913 515 839 745
891 940 61 392 60 422 818 719 411 730 865 452 619 1258 1101 461 694 452 624 62 61 1061 820 372 392 658 392 364 624 62 770 358 462 520 692 1056 392 371 1002 491 478 695 649 728 0 761 654 1046 673 380 328 515 60 453 373 461 599 392 466 716 569 60 374 373 1002 454 766 441 720 1046 374 373 392 1103 549 373
221 588 760 869 761 733 148 541 387 504 339 892 669 679 430 695 96 892 674 760 761 709 536 947 869 574 869 598 674 760 583 669 459 386 555 596 869 946 331 452 789 627 408 628 761 0 589 375 591 825 639 476 761 893 947 695 633 869 360 582 530 761 948 947 331 893 523 480 589 375 948 948 869 751 703 948
393 312 654 839 655 267 503 289 515 373 837 899 104 630 627 699 594 899 109 653 654 433 189 670 839 301 839 601 109 653 236 325 654 485 61 428 839 670 528 424 265 852 415 225 654 589 0 572 243 827 350 399 654 900 671 699 242 839 555 286 341 654 672 671 528 900 749 645 285 572 672 671 839 475 787 671
204 374 1045 1154 1046 813 290 619 672 716 624 1177 652 337 339 981 381 1177 658 1045 1046 448 520 1216 1154 786 1154 883 658 1045 567 871 745 671 539 255 1154 1216 83 737 811 912 693 612 1046 375 572 0 669 1110 896 762 1046 1178 1217 981 791 1154 645 660 815 1046 1218 1217 83 1179 502 765 573 38 1218 1217 1154 489 988 1217
489 409 672 857 673 286 600 71 431 233 695 917 207 727 724 717 524 917 167 672 672 529 253 689 857 217 857 620 212 672 188 343 533 333 280 524 857 688 625 340 283 700 263 146 673 591 243 669 0 846 368 316 673 918 689 717 159 857 433 68 258 673 690 689 625 919 596 553 388 669 690 690 857 572 776 689
960 1113 380 300 381 595 887 853 507 815 933 95 792 1418 1076 297 762 95 797 380 380 1234 969 566 300 823 300 396 797 380 921 531 558 616 865 1229 300 566 1070 587 651 338 719 901 380 829 827 1115 846 0 501 611 381 96 567 297 768 300 562 889 665 380 568 567 1070 96 660 537 893 1115 568 567 300 1276 205 567
717 636 327 512 328 156 696 415 289 426 743 572 314 954 951 372 572 572 319 327 327 757 516 427 512 353 512 275 320 327 465 127 339 397 388 752 512 426 852 368 174 676 527 424 328 639 350 896 368 501 0 393 328 573 427 372 295 512 344 412 394 328 428 427 852 574 644 319 416 896 428 428 512 799 460 428
607 648 515 623 516 369 534 362 141 309 580 683 363 966 816 450 409 683 323 514 515 768 491 701 623 236 623 353 368 515 413 424 281 112 437 763 623 701 717 62 367 585 241 371 515 476 399 762 316 611 393 0 515 684 702 450 182 623 181 359 79 515 703 702 717 685 482 301 477 762 703 702 623 811 538 702
891 941 61 392 60 422 818 719 411 731 865 452 619 1259 1101 461 694 452 624 61 60 1061 820 372 392 658 392 364 624 61 770 358 462 520 692 1056 392 372 1002 491 479 695 650 728 60 761 654 1046 673 381 328 515 0 453 373 462 599 392 466 716 569 60 374 373 1002 454 766 441 721 1046 374 373 392 1104 549 373
1028 1186 452 373 454 667 955 921 580 883 1002 31 864 1486 1145 365 831 30 869 452 453 1307 1038 639 373 895 373 465 869 452 989 604 630 688 937 1302 373 638 1139 659 724 406 788 974 453 898 900 1183 918 96 573 684 453 0 640 365 841 373 634 961 737 453 640 640 1139 28 728 610 966 1183 640 640 373 1349 273 640
1037 957 372 579 373 497 1005 735 598 747 1051 638 635 1275 1272 648 880 639 640 372 373 1078 836 19 579 674 579 550 640 372 786 458 648 706 708 1072 579 20 1173 677 478 882 836 745 373 947 671 1217 689 567 427 702 373 640 0 648 615 579 652 732 715 373 18 18 1173 640 953 627 737 1217 18 18 579 1120 736 18
826 985 461 541 462 466 753 717 346 680 800 331 663 1284 1035 117 628 331 668 461 461 1106 834 647 541 661 541 128 668 461 785 403 396 454 736 1100 541 647 936 425 523 332 584 773 461 695 699 981 717 264 372 450 462 332 648 0 607 541 400 758 503 461 649 648 936 333 655 376 765 981 649 648 541 1148 127 648
611 531 598 780 599 212 690 205 298 156 737 839 206 849 845 606 566 840 166 598 599 651 378 615 780 84 780 509 211 598 256 270 437 268 280 646 780 614 746 207 210 742 306 214 599 633 242 791 159 768 295 182 599 841 615 607 0 780 338 202 124 599 616 615 746 841 638 457 320 791 616 616 780 694 694 616
999 1125 392 14 393 606 926 891 519 853 973 371 803 1443 1209 569 802 372 808 391 392 1246 1005 578 14 834 14 472 809 391 954 543 569 627 877 1241 14 577 1110 598 663 615 757 913 392 869 839 1154 857 300 512 623 392 373 579 569 780 0 574 901 676 392 579 579 1110 373 874 549 905 1154 580 579 14 1288 482 579
490 656 465 574 466 437 418 384 91 346 464 633 519 949 700 400 293 633 479 465 465 777 500 652 573 392 573 303 524 465 451 374 132 186 553 772 573 651 601 157 494 469 250 496 466 360 555 645 433 562 344 181 466 634 652 400 338 574 0 424 234 466 653 652 601 635 365 152 633 645 653 653 574 819 488 653
480 399 715 901 716 329 590 61 449 224 686 955 250 717 714 758 515 956 210 715 716 520 243 732 901 261 901 660 255 715 194 387 523 323 296 515 901 731 615 384 327 690 253 189 716 582 286 660 68 888 412 359 716 957 732 758 202 901 424 0 301 716 733 732 615 957 587 544 401 660 733 733 901 562 767 733
660 630 568 676 569 311 587 304 194 252 634 736 306 948 870 503 463 736 266 568 568 751 478 714 676 179 676 406 311 568 355 369 334 165 379 746 676 714 771 103 309 638 274 313 569 530 341 815 258 665 394 79 569 737 715 503 124 676 234 301 0 569 716 715 771 738 535 354 420 815 716 715 676 793 591 715
891 940 61 392 60 422 818 719 411 730 865 452 619 1258 1101 461 694 452 624 62 61 1061 820 372 392 658 392 364 624 61 770 358 462 520 692 1056 392 372 1002 491 478 695 649 728 60 761 654 1046 673 380 328 515 60 453 373 461 599 392 466 716 569 0 374 373 1002 454 766 441 720 1046 374 373 392 1103 549 373
1038 958 373 579 374 498 1006 736 599 748 1052 639 636 1276 1273 649 881 639 641 373 373 1078 837 18 579 675 579 551 641 373 787 459 649 707 709 1073 579 19 1174 678 479 882 837 745 374 948 672 1218 690 568 428 703 374 640 18 649 616 579 653 733 716 374 0 17 1174 641 953 628 738 1218 17 17 579 1121 737 17
1038 957 372 579 373 497 1005 735 598 747 1051 638 635 1275 1272 648 880 639 640 372 373 1078 836 19 579 674 579 550 640 372 786 458 648 706 708 1073 579 20 1173 677 479 882 836 745 373 947 671 1217 689 567 427 702 373 640 18 648 615 579 652 732 715 373 17 0 1173 640 953 627 737 1217 17 18 579 1120 736 18
160 424 1001 1110 1002 769 246 575 627 672 580 1133 608 386 295 936 337 1133 613 1001 1001 497 475 1172 1110 742 1110 839 613 1001 523 827 700 627 495 304 1110 1171 58 693 767 868 649 568 1002 331 528 83 625 1066 852 717 1002 1134 1173 936 746 1110 601 615 771 1002 1174 1173 0 1134 458 721 529 83 1174 1173 1110 538 944 1173
1029 1186 453 373 454 668 956 922 581 884 1002 30 865 1487 1145 365 831 29 870 453 453 1307 1038 640 373 896 373 465 870 453 989 604 631 689 938 1302 373 639 1139 660 725 407 788 974 454 898 900 1183 919 96 574 685 454 28 640 365 841 373 635 962 738 454 641 640 1139 0 729 610 967 1183 641 641 373 1350 274 640
433 801 765 874 767 738 519 547 392 509 627 722 779 816 451 570 456 723 739 765 766 921 663 952 874 579 874 582 784 765 614 675 465 391 715 734 874 951 469 457 795 457 413 659 766 523 749 513 596 655 644 482 766 724 953 570 638 874 365 587 535 766 953 953 469 724 0 485 802 513 953 953 874 964 533 953
610 776 440 549 441 413 537 503 211 466 584 608 610 1068 820 375 413 609 599 440 441 897 620 627 549 512 549 278 615 440 571 349 123 305 672 892 549 626 721 276 469 589 370 616 441 480 645 765 553 537 319 301 441 610 627 376 457 549 152 544 354 441 628 627 721 610 485 0 711 765 628 628 549 939 464 628
394 313 720 905 721 333 504 360 593 452 838 965 249 631 628 765 595 965 254 720 720 434 261 736 905 379 905 667 254 720 308 391 732 557 280 429 905 736 529 502 331 924 487 353 720 589 285 573 388 893 416 477 721 966 737 765 320 905 633 401 420 720 738 737 529 967 791 711 0 573 738 737 905 476 853 737
204 374 1045 1154 1046 814 290 619 672 716 624 1177 653 337 339 981 381 1177 658 1045 1046 448 520 1217 1154 786 1154 883 658 1045 567 871 745 671 539 255 1154 1216 83 737 811 912 693 612 1046 375 572 38 669 1110 896 762 1046 1178 1217 981 791 1154 645 660 815 1046 1218 1217 83 1179 502 765 573 0 1218 1217 1154 489 988 1217
1038 958 373 579 374 498 1006 736 599 748 1052 639 636 1276 1273 649 881 639 641 373 373 1078 837 18 579 675 579 551 641 373 787 459 649 707 709 1073 579 19 1174 678 479 882 837 745 374 948 672 1218 690 568 428 703 374 640 18 649 616 580 653 733 716 374 17 17 1174 641 953 628 738 1218 0 17 579 1121 737 17
1038 957 373 579 374 498 1005 736 598 747 1052 639 636 1275 1272 648 881 639 641 372 373 1078 837 18 579 675 579 551 641 372 787 459 649 707 709 1073 579 19 1173 678 479 882 836 745 373 948 671 1217 690 567 428 702 373 640 18 648 616 579 653 733 715 373 17 18 1173 641 953 628 737 1217 17 0 579 1120 736 18
999 1125 392 14 393 606 926 891 519 853 973 371 803 1443 1209 569 802 372 808 391 392 1246 1005 578 14 834 14 472 809 391 954 543 569 627 877 1241 14 577 1110 598 663 615 757 913 392 869 839 1154 857 300 512 623 392 373 579 569 780 14 574 901 676 392 579 579 1110 373 874 549 905 1154 579 579 0 1288 482 579
555 210 1103 1288 1104 716 666 522 844 619 1000 1348 555 178 790 1148 757 1348 560 1103 1103 330 422 1119 1288 689 1288 1050 561 1103 470 774 919 719 442 325 1288 1119 538 786 714 1086 649 515 1103 751 475 489 572 1276 799 811 1104 1349 1120 1148 694 1288 819 562 793 1103 1121 1120 538 1350 953 939 476 489 1121 1120 1288 0 1162 1120
863 1029 529 449 530 554 790 756 434 718 836 239 751 1321 979 127 665 240 756 529 529 1149 872 716 449 749 449 216 756 529 824 491 484 542 824 1144 449 715 973 513 611 241 622 861 529 732 787 1018 805 172 460 538 530 241 716 127 694 449 488 796 591 530 717 716 973 241 563 464 853 1018 717 717 449 1192 0 716
1038 957 373 579 374 497 1005 736 598 747 1052 639 635 1275 1272 648 881 639 641 372 373 1078 837 19 579 674 579 551 641 372 787 458 648 706 709 1073 579 19 1173 677 479 882 836 745 373 948 671 1217 689 567 428 702 373 640 18 648 616 579 653 733 715 373 17 18 1173 640 953 628 737 1217 17 18 579 1120 736 0
EOF