NAME : tsp_problem
TYPE : TSP
DIMENSION : 50
EDGE_WEIGHT_TYPE : EXPLICIT
EDGE_WEIGHT_FORMAT : FULL_MATRIX
EDGE_WEIGHT_SECTION
0 849 1077 452 1045 944 372 641 388 718 818 914 712 373 392 62 392 371 1167 1152 62 1098 818 560 611 1055 1001 649 373 1025 391 61 690 735 781 573 579 490 61 372 62 728 1170 694 60 920 452 392 372 779
849 0 362 981 330 548 1036 556 712 565 103 199 560 1037 957 849 957 1035 542 437 849 509 102 478 616 659 286 560 1037 582 957 850 610 165 536 728 630 540 850 1036 849 574 546 715 850 205 981 957 1036 594
1077 362 0 1210 79 425 1249 617 940 721 322 260 685 1250 1186 1077 1186 1248 216 120 1078 183 322 706 677 413 115 621 1250 256 1186 1078 671 394 523 956 858 769 1078 1249 1077 573 220 944 1079 266 1209 1186 1249 655
452 986 1215 0 1183 1190 639 887 440 856 955 1051 851 640 372 452 372 638 1395 1289 452 1344 955 729 857 1301 1138 895 640 1271 372 453 936 872 743 284 748 659 453 639 452 690 1398 406 453 1058 30 372 639 918
1045 330 79 1178 0 455 1217 585 908 689 290 228 652 1218 1154 1045 1154 1216 246 141 1045 213 290 674 645 443 83 588 1218 286 1154 1046 638 362 491 924 826 737 1046 1217 1045 541 250 912 1047 234 1177 1154 1217 623
944 548 425 1190 455 0 961 329 917 434 507 373 397 962 1130 944 1130 960 337 335 944 268 507 563 390 225 504 333 962 195 1130 945 383 579 783 940 627 627 945 961 944 786 341 927 945 367 1190 1130 962 367
372 1036 1249 639 1217 961 0 658 575 770 1004 1013 834 18 578 372 578 20 1183 1182 372 1115 1004 747 627 1072 1172 665 18 1041 578 372 707 921 967 760 707 677 373 19 372 914 1187 881 373 1007 638 578 19 804
641 556 617 887 585 329 658 0 614 371 516 382 335 659 826 641 826 657 552 550 641 483 516 501 84 440 541 56 659 410 826 642 176 588 777 868 321 411 642 658 641 724 555 865 642 375 887 826 658 305
388 712 940 407 908 917 575 614 0 580 680 776 575 576 496 388 496 574 1120 1014 388 1071 680 422 583 1028 864 621 576 997 496 389 663 597 643 286 442 353 389 575 388 590 1124 408 389 783 407 496 575 642
718 565 721 851 689 434 770 371 580 0 534 486 86 771 826 717 826 769 656 654 718 587 534 221 354 545 645 375 771 514 826 718 291 451 497 598 267 285 718 770 717 444 660 585 719 480 851 826 770 153
818 103 322 950 290 507 1004 516 680 534 0 159 529 1006 926 818 926 1004 502 397 818 469 53 446 576 618 246 519 1006 542 926 818 569 134 496 697 598 509 819 1005 818 543 506 684 819 165 950 926 1005 554
914 199 260 1046 228 373 1013 382 776 486 159 0 449 1015 1022 914 1022 1013 440 334 914 406 158 543 442 484 183 385 1015 454 1022 915 435 230 434 793 679 605 915 1014 914 484 443 780 915 48 1046 1022 1014 420
712 560 685 846 652 397 834 335 575 86 529 449 0 835 821 712 821 833 619 618 712 551 529 216 345 508 608 338 835 477 821 713 254 446 492 593 316 280 713 834 712 439 623 580 713 443 845 821 834 117
373 1037 1250 640 1218 962 18 659 576 771 1006 1015 835 0 579 373 579 19 1185 1183 373 1116 1006 748 629 1073 1174 667 17 1043 579 374 708 923 969 761 708 678 374 18 373 915 1188 882 374 1008 640 579 17 805
392 957 1186 372 1154 1130 578 826 496 826 926 1022 821 579 0 391 14 578 1352 1260 392 1284 926 668 796 1241 1110 834 579 1210 14 392 876 843 889 493 688 598 392 579 391 836 1356 615 393 1029 372 14 579 888
62 849 1077 452 1045 944 372 641 388 717 818 914 712 373 391 0 391 371 1167 1152 62 1098 817 560 611 1055 1001 649 373 1025 391 61 690 735 780 573 579 490 61 372 62 727 1170 694 61 920 451 391 372 779
392 957 1186 372 1154 1130 578 826 496 826 926 1022 821 579 14 391 0 578 1352 1260 392 1284 926 668 796 1241 1110 834 579 1210 14 392 876 843 889 493 688 598 392 579 391 836 1356 615 393 1029 372 14 579 888
371 1035 1248 638 1216 960 20 657 574 769 1004 1013 833 19 578 371 578 0 1183 1181 371 1114 1004 746 627 1071 1172 665 19 1041 578 372 706 921 967 759 706 676 372 20 371 914 1186 880 372 1006 638 578 19 804
1167 542 216 1390 246 337 1183 552 1120 656 502 440 619 1185 1352 1167 1352 1183 0 127 1167 95 502 785 612 325 295 555 1185 168 1352 1167 605 574 703 1136 849 850 1167 1184 1167 753 55 1124 1168 446 1389 1352 1184 590
1152 437 120 1284 141 335 1182 550 1014 654 397 334 618 1183 1260 1152 1260 1181 127 0 1152 93 396 781 610 323 190 554 1183 166 1260 1153 604 468 597 1031 848 843 1153 1182 1152 647 130 1018 1153 341 1284 1260 1182 588
62 849 1078 452 1045 944 372 641 388 718 818 914 712 373 392 62 392 371 1167 1152 0 1098 818 560 611 1055 1001 649 373 1025 392 61 690 735 781 573 579 490 61 372 62 728 1170 694 60 921 452 392 372 779
1098 509 183 1344 213 268 1115 483 1071 587 469 406 551 1116 1284 1098 1284 1114 95 93 1098 0 469 717 544 256 262 487 1116 99 1283 1099 537 541 670 1094 781 781 1099 1115 1098 719 99 1081 1099 413 1344 1284 1115 521
818 102 322 950 290 507 1004 516 680 534 53 158 529 1006 926 817 926 1004 502 396 818 469 0 446 576 618 246 519 1006 542 926 818 569 134 496 697 598 509 818 1005 817 543 506 684 819 165 950 926 1005 554
560 478 706 729 674 563 747 501 422 221 446 543 216 748 668 560 668 746 785 781 560 717 446 0 483 674 630 504 748 643 668 561 420 363 409 510 217 128 561 747 560 356 789 498 561 549 728 668 747 283
611 616 677 857 645 390 627 84 583 354 576 442 345 629 796 611 796 627 612 610 611 544 576 483 0 501 601 92 629 470 796 612 145 648 787 838 291 381 612 628 611 734 616 875 612 436 856 796 628 315
1055 659 413 1301 443 225 1072 440 1028 545 618 484 508 1073 1241 1055 1241 1071 325 323 1055 256 618 674 501 0 492 444 1073 183 1241 1056 494 690 894 1051 738 738 1056 1072 1055 897 329 1038 1056 478 1301 1241 1073 479
1001 286 115 1134 83 504 1172 541 864 645 246 183 608 1174 1110 1001 1110 1172 295 190 1001 262 246 630 601 492 0 544 1174 335 1110 1002 594 318 446 880 782 693 1002 1173 1001 496 299 868 1002 190 1133 1110 1173 579
649 560 621 895 588 333 665 56 621 375 519 385 338 667 834 649 834 665 555 554 649 487 519 504 92 444 544 0 667 413 834 649 183 591 780 876 329 419 649 666 648 727 559 869 650 379 894 834 666 309
373 1037 1250 640 1218 962 18 659 576 771 1006 1015 835 17 579 373 579 19 1185 1183 373 1116 1006 748 629 1073 1174 667 0 1043 579 374 708 923 969 761 708 678 374 18 373 915 1188 882 374 1008 640 579 17 806
1025 582 256 1271 286 195 1041 410 997 514 542 454 477 1043 1210 1025 1210 1041 168 166 1025 99 542 643 470 183 335 413 1043 0 1210 1025 463 613 742 1020 707 708 1025 1042 1025 792 171 1008 1026 447 1270 1210 1042 448
391 957 1186 372 1154 1130 578 826 496 826 926 1022 821 579 14 391 14 578 1352 1260 392 1283 926 668 796 1241 1110 834 579 1210 0 392 876 843 889 493 688 598 392 579 391 836 1356 615 393 1029 372 14 579 888
61 850 1078 453 1046 945 372 642 389 718 818 915 713 374 392 61 392 372 1167 1153 61 1099 818 561 612 1056 1002 649 374 1025 392 0 691 735 781 574 580 491 60 373 61 728 1171 695 59 921 452 392 373 780
690 610 671 936 638 383 707 176 663 291 569 435 254 708 876 690 876 706 605 604 690 537 569 420 145 494 594 183 708 463 876 691 0 641 696 797 269 359 691 707 690 643 609 784 691 429 936 876 708 225
735 165 394 867 362 579 921 588 597 451 134 230 446 923 843 735 843 921 574 468 735 541 134 363 648 690 318 591 923 613 843 735 641 0 513 614 515 426 735 922 735 460 578 601 736 237 867 843 922 513
781 547 534 739 502 794 967 777 572 497 507 445 492 969 889 780 889 967 714 608 781 681 507 409 787 905 458 780 969 753 889 781 696 513 0 485 561 472 781 968 780 89 718 473 782 451 738 889 968 559
568 728 956 280 924 940 755 830 247 598 697 793 593 756 488 568 488 754 1136 1031 568 1094 697 510 799 1051 880 837 756 1020 488 569 797 614 485 0 658 569 569 755 568 432 1140 148 569 800 279 488 755 660
579 630 858 748 826 627 707 321 442 267 598 679 316 708 688 579 688 706 849 848 579 781 598 217 291 738 782 329 708 707 688 580 269 515 561 662 0 115 580 707 579 508 853 650 580 673 748 688 707 366
490 540 769 659 737 627 677 411 353 285 509 605 280 678 598 490 598 676 850 843 490 781 509 128 381 738 693 419 678 708 598 491 359 426 472 573 115 0 491 677 490 419 853 560 491 612 659 598 677 347
61 850 1078 453 1046 945 373 642 389 718 819 915 713 374 392 61 392 372 1167 1153 61 1099 818 561 612 1056 1002 649 374 1025 392 60 691 735 781 574 580 491 0 373 61 728 1171 695 59 921 452 392 373 780
372 1036 1249 639 1217 961 19 658 575 770 1005 1014 834 18 579 372 579 20 1184 1182 372 1115 1005 747 628 1072 1173 666 18 1042 579 373 707 922 968 760 707 677 373 0 372 915 1187 881 373 1007 639 579 18 805
62 849 1077 452 1045 944 372 641 388 717 818 914 712 373 391 62 391 371 1167 1152 62 1098 817 560 611 1055 1001 648 373 1025 391 61 690 735 780 573 579 490 61 372 0 727 1170 694 61 920 451 391 372 779
728 574 584 685 552 786 914 724 519 444 543 495 439 915 836 727 836 914 764 658 728 730 543 356 734 897 507 727 915 803 836 728 643 460 89 432 508 419 728 915 727 0 768 420 729 501 685 836 915 506
1170 546 220 1394 250 341 1187 555 1124 660 506 443 623 1188 1356 1170 1356 1186 55 130 1170 99 506 789 616 329 299 559 1188 171 1356 1171 609 578 707 1140 853 853 1171 1187 1170 756 0 1128 1172 450 1393 1356 1188 594
503 826 1055 462 1023 1031 689 728 146 695 795 891 689 691 611 503 611 689 1235 1129 503 1185 795 537 698 1142 978 736 691 1112 611 503 777 712 758 341 556 467 504 690 503 705 1238 0 504 898 462 611 690 756
60 850 1079 453 1047 945 373 642 389 719 819 915 713 374 393 61 393 372 1168 1153 60 1099 819 561 612 1056 1002 650 374 1026 393 59 691 736 782 574 580 491 59 373 61 729 1172 695 0 922 453 393 373 780
920 205 266 1053 234 367 1007 375 783 480 165 48 443 1008 1029 920 1029 1006 446 341 921 413 165 549 436 478 190 379 1008 447 1029 921 429 237 440 800 673 612 921 1007 920 490 450 787 922 0 1052 1029 1007 413
452 986 1214 30 1182 1190 638 887 439 856 954 1051 850 640 372 451 372 638 1394 1289 452 1344 954 728 856 1301 1138 894 640 1270 372 452 936 871 743 284 748 659 452 639 451 690 1398 405 453 1057 0 372 639 917
392 957 1186 372 1154 1130 578 826 496 826 926 1022 821 579 14 391 14 578 1352 1260 392 1284 926 668 796 1241 1110 834 579 1210 14 392 876 843 889 493 688 598 392 579 391 836 1356 615 393 1029 372 0 579 888
372 1036 1249 639 1217 962 19 658 575 770 1005 1014 834 17 579 372 579 19 1184 1182 372 1115 1005 747 628 1073 1173 666 17 1042 579 373 708 922 968 760 707 677 373 18 372 915 1188 882 373 1007 639 579 0 805
779 594 655 913 623 367 804 305 642 153 554 420 117 805 888 779 888 804 590 588 779 521 554 283 315 479 579 309 806 448 888 780 225 513 559 660 366 347 780 805 779 506 594 647 780 413 913 888 805 0
EOF