NAME : tsp_problem
TYPE : TSP
DIMENSION : 82
EDGE_WEIGHT_TYPE : EXPLICIT
EDGE_WEIGHT_FORMAT : FULL_MATRIX
EDGE_WEIGHT_SECTION
0 587 602 680 470 878 878 745 853 853 312 784 460 581 877 853 636 185 247 577 103 346 784 335 533 170 745 636 553 453 728 121 853 264 241 394 188 438 878 512 878 560 853 878 784 853 879 698 310 50 134 533 783 853 438 260 437 782 335 533 56 346 141 339 343 207 512 746 879 879 783 512 83 680 238 106 497 572 853 784 746 455
719 0 1019 155 409 458 458 500 608 608 926 687 524 427 458 608 1318 729 663 1240 790 1028 687 957 792 855 500 1053 784 1135 204 679 608 475 924 1076 650 856 459 930 458 1223 608 459 687 608 459 235 924 737 822 792 687 608 442 699 667 686 564 792 744 1028 828 432 436 668 930 501 459 459 687 364 771 156 798 794 728 1235 608 687 501 317
602 886 0 980 904 1177 1177 1046 1154 1154 543 1217 759 880 1177 1154 380 755 779 255 653 455 1218 296 290 457 1046 190 477 439 1029 691 1154 690 398 443 720 188 1178 127 1177 238 1154 1178 1218 1154 1178 997 541 600 496 290 1217 1154 738 650 381 1216 837 290 607 455 489 638 642 739 127 1047 1178 1178 1217 876 634 980 539 656 369 250 1154 1218 1047 755
680 307 980 0 370 331 332 461 541 541 887 648 397 301 331 541 1279 690 624 1201 751 989 648 918 753 816 461 1014 699 1096 165 640 541 436 884 1037 611 817 332 891 331 1184 541 332 648 541 332 136 885 698 783 753 648 541 403 660 628 647 525 753 705 989 789 393 397 629 891 462 332 332 648 325 732 117 759 754 689 1196 541 648 462 278
470 649 904 370 0 570 571 326 511 511 546 426 593 642 570 511 937 389 451 879 413 648 426 636 695 475 326 937 687 755 419 528 511 377 543 695 501 740 571 814 571 862 511 571 426 511 572 450 544 441 499 694 426 511 345 319 570 425 384 695 434 648 493 335 339 482 814 327 572 572 426 71 403 370 418 416 631 874 511 426 327 220
883 380 1182 364 570 0 32 452 371 371 1087 639 470 373 33 371 1479 921 857 1403 954 1190 639 1119 954 1016 452 1216 772 1297 335 842 371 669 1085 1237 813 1018 32 1092 32 1386 371 31 639 372 31 281 1085 901 986 954 639 371 636 860 830 638 759 954 907 1189 992 626 630 832 1092 453 30 31 639 525 935 364 959 957 890 1398 371 639 453 511
883 380 1182 364 571 32 0 452 372 372 1088 639 470 373 32 372 1479 922 857 1403 954 1190 640 1119 955 1016 452 1216 772 1297 335 843 372 669 1085 1237 814 1019 31 1093 31 1386 372 31 640 372 30 282 1086 901 986 954 639 372 637 861 830 638 759 955 908 1190 992 627 630 833 1093 453 30 30 639 525 935 364 960 958 891 1398 372 639 453 512
745 670 1046 461 326 452 452 0 392 392 843 373 717 663 452 392 1234 686 689 1176 710 945 374 934 818 772 60 1080 811 1052 509 705 392 501 840 992 676 883 452 957 452 1159 392 453 374 392 453 541 841 738 796 818 373 392 469 616 694 372 591 818 732 945 790 459 462 695 957 59 453 453 373 304 700 461 715 713 754 1171 392 373 59 344
853 589 1154 569 511 371 372 392 0 14 1028 579 679 583 371 14 1419 863 797 1361 894 1130 579 1091 926 956 392 1188 918 1237 544 813 14 609 1025 1177 784 991 372 1064 372 1344 14 372 579 14 373 491 1026 872 956 926 579 14 577 801 802 578 699 926 878 1130 963 566 570 803 1064 393 373 373 579 465 885 569 900 897 862 1356 14 579 393 451
853 589 1154 569 511 371 372 392 14 0 1028 579 679 583 371 14 1419 863 797 1361 894 1130 579 1091 926 956 392 1188 918 1237 544 813 14 609 1025 1177 784 991 372 1064 372 1344 14 372 579 14 373 491 1026 872 956 926 579 14 577 801 802 578 699 926 878 1130 963 566 570 803 1064 393 373 373 579 465 885 569 900 897 862 1356 14 579 393 451
312 868 543 887 546 1087 1088 843 1028 1028 0 860 741 861 1087 1028 576 465 528 518 364 287 860 275 473 167 843 576 735 394 935 402 1028 545 182 334 469 379 1088 453 1087 501 1028 1088 860 1028 1088 967 58 311 206 473 859 1028 719 360 565 859 525 473 317 287 200 620 624 488 453 844 1089 1088 860 588 344 887 250 367 553 513 1028 860 844 736
784 856 1217 648 426 639 639 373 579 579 860 0 904 850 638 579 1251 703 765 1193 726 962 17 950 1005 788 373 1251 997 1069 696 842 579 688 857 1009 815 1054 639 1128 639 1176 579 639 17 579 640 727 858 755 813 1005 18 579 656 633 881 19 698 1005 748 962 807 646 649 796 1128 374 640 640 18 404 717 648 732 730 941 1188 579 18 374 531
460 174 759 312 566 465 465 657 674 674 741 844 0 168 465 675 1064 499 450 980 531 775 844 696 532 599 657 793 349 882 338 420 674 361 670 822 391 596 465 670 465 963 674 466 844 675 466 285 739 478 563 531 844 675 409 688 407 843 508 531 485 775 569 309 313 410 670 658 466 466 844 521 512 313 667 535 468 975 675 844 658 426
725 440 1026 162 416 464 465 507 614 614 933 693 531 0 464 614 1324 735 669 1247 797 1035 694 963 798 861 506 1060 790 1142 210 685 614 481 930 1082 656 863 465 936 465 1230 614 465 694 614 466 241 931 744 828 798 693 614 449 706 674 692 571 798 750 1035 835 439 442 675 936 507 466 466 693 370 777 162 805 800 734 1242 614 694 507 324
882 379 1181 364 570 33 32 452 371 371 1087 638 469 373 0 371 1479 921 857 1402 954 1189 639 1119 954 1016 452 1215 771 1296 334 842 371 668 1084 1237 813 1018 32 1092 33 1385 371 32 639 371 31 281 1085 901 985 954 638 371 636 860 829 637 758 954 907 1189 992 626 630 832 1092 452 31 31 638 524 934 364 959 957 890 1397 371 639 452 511
853 589 1154 569 511 371 372 392 14 14 1028 579 679 583 371 0 1419 863 797 1361 894 1130 579 1091 926 956 392 1188 918 1237 544 813 14 609 1025 1177 784 991 372 1064 372 1344 14 372 579 14 373 491 1026 872 956 926 579 14 577 801 802 578 699 926 878 1130 963 567 570 803 1064 393 373 373 579 465 885 569 900 897 862 1356 14 579 393 451
636 1191 380 1279 937 1479 1479 1234 1419 1419 576 1251 1064 1185 1479 1419 0 789 851 149 687 404 1252 599 636 491 1234 536 823 452 1327 725 1419 869 506 272 792 535 1479 473 1479 195 1419 1479 1252 1419 1480 1302 574 634 530 636 1251 1419 1043 684 728 1250 906 636 640 404 523 943 947 811 473 1235 1480 1480 1251 979 668 1279 573 690 715 154 1419 1251 1235 1059
185 626 755 690 389 916 917 686 863 863 465 703 499 619 916 863 789 0 257 731 256 500 704 488 600 324 686 789 592 607 738 159 863 303 395 547 227 592 917 666 916 714 863 917 704 863 917 737 464 203 288 600 703 863 477 252 475 702 190 600 209 499 294 378 381 245 666 687 918 917 703 431 237 690 390 259 536 725 863 703 687 465
247 577 779 624 451 857 857 689 797 797 528 765 450 571 857 797 851 257 0 793 319 562 765 551 551 386 689 813 543 669 672 207 797 254 457 609 83 616 857 689 857 776 797 857 765 797 858 688 526 266 350 551 764 797 428 314 427 764 124 551 272 562 357 329 333 65 689 690 858 858 765 493 299 624 451 322 487 788 797 765 690 399
577 1107 255 1201 879 1398 1398 1176 1361 1361 518 1193 980 1101 1398 1361 149 731 793 0 629 346 1193 517 511 432 1176 410 697 330 1250 667 1361 810 447 334 734 409 1398 348 1398 69 1361 1398 1193 1361 1399 1218 516 576 471 511 1193 1361 959 625 602 1192 848 511 582 346 465 859 863 753 348 1177 1399 1399 1193 921 609 1201 515 632 590 41 1361 1193 1177 976
103 659 653 751 413 949 950 710 894 894 364 726 531 652 949 894 687 256 319 629 0 398 727 386 584 222 710 687 625 505 800 192 894 336 293 445 260 490 950 564 949 612 894 950 727 894 950 770 362 74 186 584 726 894 510 203 508 725 277 584 68 398 192 411 414 278 564 710 951 950 726 454 36 751 290 41 569 624 894 727 710 526
346 902 455 989 648 1190 1190 945 1130 1130 287 962 775 896 1189 1130 404 500 562 346 398 0 962 310 508 201 945 611 769 222 1038 436 1130 579 216 162 503 413 1190 487 1190 329 1130 1190 962 1130 1191 1013 285 345 240 508 962 1130 753 394 599 961 617 508 351 44 234 654 658 522 487 946 1191 1191 962 690 378 990 284 401 587 341 1130 962 946 770
784 857 1218 648 426 639 640 374 579 579 860 17 904 850 639 579 1252 704 765 1193 727 962 0 951 1006 789 373 1252 998 1069 697 842 579 688 857 1010 815 1054 640 1128 639 1176 579 640 17 579 640 728 858 755 813 1005 18 579 656 633 881 19 698 1006 749 962 807 646 650 797 1128 374 640 640 18 405 717 648 732 730 942 1188 579 17 374 531
335 824 296 918 636 1114 1115 934 1091 1091 275 950 696 817 1114 1091 599 488 551 517 386 310 951 0 227 190 933 330 488 417 966 424 1091 568 131 357 492 133 1115 207 1114 500 1091 1115 951 1091 1115 934 274 333 229 227 950 1091 675 383 318 949 606 227 340 310 222 576 579 510 207 934 1115 1115 950 678 367 918 272 389 306 512 1091 950 934 693
533 659 290 753 695 949 950 818 926 926 473 1005 532 652 949 926 636 600 551 511 584 508 1006 227 0 388 818 324 482 615 801 521 926 462 329 555 492 127 950 201 949 494 926 950 1006 926 950 770 472 531 427 53 1005 926 510 581 154 1004 610 53 538 508 420 411 414 511 201 819 951 950 1005 649 565 753 470 587 141 506 926 1005 819 528
170 726 457 816 475 1016 1016 772 956 956 167 788 599 720 1016 956 491 324 386 432 222 201 789 190 388 0 771 491 649 308 864 260 956 403 96 249 327 294 1017 367 1016 415 956 1017 789 956 1017 837 165 169 64 388 788 956 577 218 479 787 441 388 175 201 58 478 482 346 367 772 1017 1017 788 516 202 816 108 225 467 427 956 789 772 594
745 669 1046 461 326 452 452 60 392 392 843 373 717 663 452 392 1234 686 689 1176 710 945 373 933 818 771 0 1080 810 1052 509 705 392 501 840 992 676 883 452 956 452 1159 392 452 373 392 453 540 841 738 796 818 373 392 469 616 694 372 591 818 731 945 790 459 462 695 956 60 453 453 373 304 700 461 715 713 754 1171 392 373 60 344
636 920 190 1014 937 1211 1211 1080 1188 1188 576 1251 793 914 1211 1188 536 789 813 410 687 611 1252 330 324 491 1080 0 511 595 1063 725 1188 724 432 599 754 222 1211 161 1211 394 1188 1212 1252 1188 1212 1031 575 634 530 324 1251 1188 772 684 415 1250 871 324 641 610 523 672 676 773 161 1081 1212 1212 1251 910 668 1014 573 690 403 405 1188 1252 1081 789
553 476 488 614 687 767 767 811 918 918 746 997 349 470 767 918 834 592 543 708 625 780 998 499 493 660 810 522 0 887 640 513 918 455 601 827 484 391 767 398 767 692 918 768 998 918 768 587 744 572 657 493 997 918 502 782 501 996 602 493 578 780 663 403 407 503 398 811 768 768 997 641 606 615 742 628 561 703 918 998 811 520
453 1009 439 1096 755 1297 1297 1052 1237 1237 394 1069 882 1003 1296 1237 452 607 669 330 505 222 1069 417 615 308 1052 595 876 0 1145 543 1237 686 323 210 610 520 1297 532 1297 313 1237 1297 1069 1237 1298 1120 392 452 347 615 1069 1237 860 501 706 1068 724 615 458 222 341 761 765 629 532 1053 1298 1298 1069 797 485 1096 391 508 694 325 1237 1069 1053 877
728 278 1029 165 419 302 302 509 511 511 935 696 368 271 302 511 1327 738 672 1250 800 1038 697 966 801 864 509 1063 670 1145 0 688 511 484 933 1085 659 865 302 939 302 1233 511 302 697 511 303 107 933 747 831 801 696 511 451 708 676 695 574 801 753 1037 837 441 445 678 939 510 303 303 696 373 780 165 807 803 737 1244 511 696 510 326
121 547 691 640 528 838 838 705 813 813 402 842 420 541 837 813 725 159 207 667 192 436 842 424 521 260 705 725 513 543 688 0 813 224 331 483 148 528 838 602 838 650 813 838 842 813 839 658 400 139 224 521 842 813 398 349 397 841 298 521 146 436 230 299 303 167 602 706 839 839 842 536 173 640 328 195 457 662 813 842 706 415
853 589 1154 569 511 371 372 392 14 14 1028 579 679 583 371 14 1419 863 797 1361 894 1130 579 1091 926 956 392 1188 918 1237 544 813 0 609 1025 1177 784 991 372 1064 372 1344 14 372 579 14 373 491 1026 872 956 926 579 14 577 801 802 578 699 926 878 1130 963 566 570 803 1064 393 373 373 579 465 885 569 900 897 862 1356 14 579 393 451
264 488 690 436 377 669 669 501 609 609 545 688 361 482 668 609 869 303 254 810 336 579 688 568 462 403 501 724 455 686 484 224 609 0 474 627 195 527 669 601 669 793 609 669 688 609 670 515 543 283 367 462 688 609 259 390 338 687 169 462 289 579 374 160 164 214 601 502 670 670 688 332 316 436 471 339 398 805 609 688 502 211
241 797 398 884 543 1085 1085 840 1025 1025 182 857 670 791 1084 1025 506 395 457 447 293 216 857 131 329 96 840 432 590 323 933 331 1025 474 0 264 398 235 1085 309 1085 430 1025 1085 857 1025 1086 908 180 240 135 329 857 1025 648 289 420 856 512 329 246 216 129 549 553 417 309 841 1086 1086 857 585 273 885 179 296 408 442 1025 857 841 665
394 949 443 1037 695 1237 1237 992 1177 1177 334 1009 822 943 1237 1177 272 547 609 334 445 162 1010 357 555 249 992 599 816 210 1085 483 1177 627 264 0 550 461 1237 534 1237 317 1177 1237 1010 1177 1238 1060 333 392 288 555 1009 1177 801 442 646 1008 665 555 398 162 281 701 705 569 534 993 1238 1238 1009 737 426 1037 331 448 634 329 1177 1009 993 817
188 518 720 611 501 809 809 676 784 784 469 815 391 512 808 784 792 227 83 734 260 503 815 492 492 327 676 754 484 610 659 148 784 195 398 550 0 557 809 630 809 717 784 809 815 784 810 629 467 207 291 492 815 784 369 364 368 814 175 492 213 503 298 270 274 67 630 677 810 810 815 507 240 611 395 263 428 729 784 815 677 386
438 723 188 817 740 1014 1014 883 991 991 379 1054 596 717 1013 991 535 592 616 409 490 413 1054 133 127 294 883 222 380 520 865 528 991 527 235 461 557 0 1014 99 1014 392 991 1014 1054 991 1015 834 377 437 333 127 1054 991 574 486 218 1053 674 127 443 413 326 475 479 575 99 883 1015 1015 1054 713 470 817 376 493 206 404 991 1054 883 592
883 380 1182 364 571 32 31 452 372 372 1088 639 470 374 32 372 1479 922 857 1403 955 1190 640 1119 955 1017 452 1216 772 1297 335 843 372 669 1085 1237 814 1019 0 1093 31 1386 372 31 640 372 30 282 1086 902 986 955 639 372 637 861 830 638 759 955 908 1190 993 627 630 833 1093 453 29 30 639 525 935 364 960 958 891 1398 372 639 453 512
512 797 127 891 814 1087 1088 957 1064 1064 453 1128 670 790 1087 1064 473 666 689 348 564 487 1128 207 201 367 956 161 387 532 939 602 1064 601 309 534 630 99 1088 0 1088 331 1064 1088 1128 1064 1089 908 451 511 406 200 1128 1064 648 560 292 1127 748 201 517 487 400 549 553 649 40 957 1089 1089 1128 787 544 891 450 567 280 343 1064 1128 957 666
883 380 1182 364 571 32 31 452 372 372 1087 639 470 373 33 372 1479 921 857 1403 954 1190 639 1119 954 1016 452 1216 772 1297 335 843 372 669 1085 1237 814 1019 31 1092 0 1386 372 31 639 372 30 282 1086 901 986 954 639 372 637 860 830 638 759 954 908 1190 992 626 630 832 1092 453 30 30 639 525 935 364 959 957 890 1398 372 639 453 511
560 1090 238 1184 862 1381 1381 1159 1344 1344 501 1176 963 1084 1381 1344 195 714 776 69 612 329 1176 500 494 415 1159 394 681 313 1233 650 1344 793 430 317 717 392 1381 331 1381 0 1344 1382 1176 1344 1382 1201 499 559 454 494 1176 1344 942 608 585 1175 831 494 565 329 448 842 846 736 331 1160 1382 1382 1176 904 592 1184 498 615 573 64 1344 1176 1160 959
853 589 1154 569 511 371 372 392 14 14 1028 579 679 583 371 14 1419 863 797 1361 894 1130 579 1091 926 956 392 1188 918 1237 544 813 14 609 1025 1177 784 991 372 1064 372 1344 0 372 579 14 373 491 1026 872 956 926 579 14 577 801 802 578 699 926 878 1130 963 566 570 803 1064 393 373 373 579 465 885 569 900 897 862 1356 14 579 393 451
883 380 1182 364 571 31 31 453 372 372 1088 639 470 374 32 372 1479 922 857 1403 955 1190 640 1120 955 1017 452 1216 772 1297 335 843 372 669 1085 1237 814 1019 31 1093 31 1386 372 0 640 372 30 282 1086 902 986 955 639 372 637 861 830 638 759 955 908 1190 993 627 631 833 1093 453 29 30 639 525 935 364 960 958 891 1398 372 639 453 512
784 857 1218 648 426 639 640 374 579 579 860 17 904 850 639 579 1252 704 765 1193 727 962 17 951 1006 789 373 1252 998 1069 697 842 579 688 857 1010 815 1054 640 1128 639 1176 579 640 0 579 640 728 858 755 813 1006 18 579 656 633 881 18 698 1006 749 962 807 646 650 797 1128 374 640 640 17 405 717 648 732 730 942 1188 579 17 374 531
853 589 1154 569 511 372 372 392 14 14 1028 579 679 583 371 14 1419 863 797 1361 894 1130 579 1091 926 956 392 1188 918 1237 544 813 14 609 1025 1177 784 991 372 1064 372 1344 14 372 579 0 373 491 1026 872 956 926 579 14 577 801 802 578 699 926 878 1130 963 567 570 803 1064 393 373 373 579 465 885 569 900 897 862 1356 14 579 393 452
884 381 1183 365 572 31 30 453 373 373 1088 640 471 374 31 373 1480 922 858 1404 955 1191 640 1120 955 1017 453 1217 773 1298 336 844 373 670 1086 1238 815 1020 30 1093 30 1387 373 30 640 373 0 283 1087 902 987 955 640 373 637 861 831 639 760 955 909 1191 993 627 631 833 1093 454 28 29 640 526 936 365 960 958 891 1399 373 640 454 512
728 225 1027 136 450 249 249 539 458 458 967 726 315 218 249 458 1332 766 703 1248 799 1043 726 964 799 867 539 1061 617 1150 107 688 458 515 938 1090 659 864 249 937 249 1231 458 249 726 458 250 0 965 746 831 799 725 458 483 740 675 725 605 799 753 1042 837 473 476 677 937 539 250 250 725 404 780 136 839 802 735 1243 458 726 539 358
310 866 541 885 544 1085 1086 841 1026 1026 58 858 739 860 1085 1026 574 464 526 516 362 285 858 274 472 165 841 575 733 392 933 400 1026 543 180 333 467 377 1086 451 1086 499 1026 1086 858 1026 1087 965 0 309 204 472 858 1026 717 358 563 857 523 472 315 285 198 618 622 486 451 842 1087 1087 858 586 342 885 248 365 551 511 1026 858 842 734
50 606 600 698 441 896 897 738 872 872 311 755 478 599 896 872 634 203 266 576 74 345 755 333 531 169 738 634 572 452 747 139 872 283 240 392 207 437 897 511 896 559 872 897 755 872 897 717 309 0 133 531 754 872 457 231 455 754 306 531 55 345 139 358 361 225 511 739 898 897 754 483 58 698 237 77 516 571 872 755 738 473
134 690 496 783 499 981 981 796 956 956 206 813 563 684 981 956 530 288 350 471 186 240 813 229 427 64 796 530 657 347 831 224 956 367 135 288 291 333 981 406 981 454 956 981 813 956 982 801 204 133 0 427 813 956 542 243 518 812 409 427 139 240 42 442 446 310 406 797 982 982 813 541 167 783 132 189 506 466 956 813 797 558
533 659 290 753 694 949 950 818 926 926 473 1005 531 652 949 926 636 600 551 511 584 508 1005 227 53 388 818 324 482 615 801 521 926 462 329 555 492 127 950 200 949 494 926 950 1006 926 950 769 472 531 427 0 1005 926 510 581 154 1004 609 53 537 507 420 411 414 511 200 819 950 950 1005 649 565 753 470 587 141 506 926 1005 819 528
783 856 1217 648 426 639 639 373 579 579 859 18 903 850 638 579 1251 703 764 1193 726 962 18 950 1005 788 373 1251 997 1069 696 842 579 688 857 1009 815 1054 639 1128 639 1176 579 639 18 579 640 727 858 754 813 1005 0 579 655 632 880 19 697 1005 748 962 806 645 649 796 1128 374 640 640 18 404 716 648 731 729 941 1188 579 18 374 530
853 589 1154 569 511 371 372 392 14 14 1028 579 679 583 371 14 1419 863 797 1361 894 1130 579 1091 926 956 392 1188 918 1237 544 813 14 609 1025 1177 784 991 372 1064 372 1344 14 372 579 14 373 491 1026 872 956 926 579 0 577 801 802 578 699 926 878 1130 963 567 570 803 1064 393 373 373 579 465 885 569 900 897 862 1356 14 579 393 451
438 536 738 403 345 636 637 469 577 577 719 656 409 529 636 577 1043 477 428 959 510 753 656 675 510 577 469 772 502 860 451 398 577 259 648 801 369 574 637 648 637 942 577 637 656 577 637 483 717 457 542 510 655 577 0 570 385 654 349 510 463 753 548 132 107 388 648 469 638 637 655 299 490 403 645 513 446 953 577 656 469 148
260 816 650 660 319 860 861 616 801 801 360 633 688 809 860 801 684 252 314 625 203 394 633 383 581 218 616 684 782 501 708 349 801 390 289 442 364 486 861 560 860 608 801 861 633 801 861 740 358 231 243 581 632 801 570 0 665 632 247 581 224 394 236 471 475 345 560 617 862 861 633 361 193 660 162 206 660 620 801 633 617 510
437 534 381 628 570 825 825 694 802 802 565 881 407 528 824 802 728 475 427 602 508 599 881 318 154 479 694 415 501 706 676 397 802 338 420 646 368 218 825 292 825 585 802 825 881 802 826 645 563 455 518 154 880 802 385 665 0 879 485 154 462 599 512 286 290 386 292 694 826 826 880 524 489 628 562 511 90 597 802 881 694 403
782 855 1216 647 425 638 638 372 578 578 859 19 903 849 637 578 1250 702 764 1192 725 961 19 949 1004 787 372 1250 996 1068 695 841 578 687 856 1008 814 1053 638 1127 638 1175 578 638 18 578 639 726 857 754 812 1004 19 578 654 632 879 0 697 1004 747 961 805 644 648 795 1127 373 639 639 19 403 716 647 731 728 940 1187 578 19 373 529
335 635 837 525 384 759 759 591 699 699 525 698 508 629 758 699 906 190 124 848 277 617 698 606 610 441 591 871 602 724 574 298 699 169 512 665 175 674 759 748 759 831 699 759 698 699 760 605 523 306 409 609 697 699 349 247 485 697 0 610 299 617 416 250 254 156 748 592 760 760 698 421 268 525 385 281 546 843 699 698 592 300
533 659 290 753 695 949 950 818 926 926 473 1005 531 652 949 926 636 600 551 511 584 508 1006 227 53 388 818 324 482 615 801 521 926 462 329 555 492 127 950 201 949 494 926 950 1006 926 950 770 472 531 427 53 1005 926 510 581 154 1004 610 0 538 508 420 411 414 511 201 819 951 950 1005 649 565 753 470 587 141 506 926 1005 819 528
56 612 607 705 434 903 903 732 878 878 317 748 485 606 902 878 640 209 272 582 68 351 749 340 538 175 731 641 578 458 753 146 878 289 246 398 213 443 903 517 903 565 878 903 749 878 904 723 315 55 139 537 748 878 463 224 462 747 299 538 0 351 146 364 368 232 517 732 904 904 748 476 52 705 243 71 522 577 878 748 732 480
346 902 455 989 648 1189 1190 945 1130 1130 287 962 775 896 1189 1130 404 499 562 346 398 44 962 310 508 201 945 610 769 222 1037 436 1130 579 216 162 503 413 1190 487 1190 329 1130 1190 962 1130 1191 1013 285 345 240 507 962 1130 753 394 599 961 617 508 351 0 234 654 658 522 487 946 1191 1191 962 690 378 989 284 401 587 341 1130 962 946 770
141 697 489 789 493 987 988 790 963 963 200 807 569 690 987 963 523 294 357 465 192 234 807 222 420 58 790 523 663 341 837 230 963 374 129 281 298 326 988 400 987 448 963 988 807 963 988 807 198 139 42 420 806 963 548 236 512 805 416 420 146 234 0 449 452 316 400 790 988 988 806 535 173 789 126 196 500 460 963 807 790 564
339 436 638 393 335 626 627 459 566 566 620 646 309 430 626 567 943 378 329 859 411 654 646 576 411 478 459 672 403 761 441 299 566 160 549 701 270 475 627 549 626 842 566 627 646 567 627 473 618 358 442 411 645 567 132 471 286 644 250 411 364 654 449 0 55 289 549 459 628 627 645 289 391 393 546 414 347 854 567 646 459 168
343 440 642 397 339 630 630 462 570 570 624 649 313 434 630 570 947 381 333 863 414 658 650 579 414 482 462 676 407 765 445 303 570 164 553 705 274 479 630 553 630 846 570 631 650 570 631 476 622 361 446 414 649 570 107 475 290 648 254 414 368 658 452 55 0 292 553 463 631 631 649 293 395 397 550 417 350 858 570 649 463 172
207 537 739 629 482 827 828 695 803 803 488 796 410 530 827 803 811 245 65 753 278 522 797 510 511 346 695 773 503 629 678 167 803 214 417 569 67 575 828 649 827 736 803 828 797 803 828 648 486 225 310 511 796 803 388 345 386 795 156 511 232 522 316 289 292 0 649 696 829 828 796 524 259 629 414 282 447 748 803 796 696 404
512 797 127 891 814 1087 1088 957 1064 1064 453 1128 670 790 1087 1064 473 666 689 348 564 487 1128 207 201 367 956 161 387 532 939 602 1064 601 309 534 630 99 1088 40 1088 331 1064 1088 1128 1064 1089 908 451 511 406 200 1128 1064 648 560 292 1127 748 201 517 487 400 549 553 649 0 957 1089 1089 1128 787 544 891 450 567 280 343 1064 1128 957 666
746 670 1047 462 327 453 453 59 393 393 844 374 718 664 452 393 1235 687 690 1177 710 946 374 934 819 772 60 1081 811 1053 510 706 393 502 841 993 677 883 453 957 453 1160 393 453 374 393 454 541 842 739 797 819 374 393 469 617 694 373 592 819 732 946 790 459 463 696 957 0 454 454 374 305 701 462 716 713 755 1172 393 374 59 344
884 381 1183 365 572 30 30 453 373 373 1089 640 471 374 31 373 1480 922 858 1404 955 1191 640 1120 955 1017 453 1217 773 1298 336 844 373 670 1086 1238 815 1020 29 1094 30 1387 373 29 640 373 28 283 1087 902 987 955 640 373 638 862 831 639 760 955 909 1191 993 628 631 833 1094 454 0 28 640 526 936 365 961 958 891 1399 373 640 454 513
884 381 1183 365 572 31 30 453 373 373 1088 640 471 374 31 373 1480 922 858 1404 955 1191 640 1120 955 1017 453 1217 773 1298 336 844 373 670 1086 1238 815 1020 30 1093 30 1387 373 30 640 373 29 283 1087 902 987 955 640 373 637 861 831 639 760 955 909 1191 993 627 631 833 1093 454 28 0 640 526 936 365 960 958 891 1399 373 640 454 512
783 856 1217 648 426 639 639 373 579 579 860 18 904 850 638 579 1251 703 765 1193 726 962 18 950 1005 788 373 1251 997 1069 696 842 579 688 857 1009 815 1054 639 1128 639 1176 579 639 17 579 640 727 858 754 813 1005 18 579 655 633 880 19 698 1005 748 962 806 645 649 796 1128 374 640 640 0 404 717 648 732 729 941 1188 579 18 374 530
512 603 876 325 71 525 525 304 465 465 588 404 547 596 524 465 979 431 493 921 454 690 405 678 649 516 304 910 641 797 373 536 465 332 585 737 507 713 525 787 525 904 465 525 405 465 526 404 586 483 541 649 404 465 299 361 524 403 421 649 476 690 535 289 293 524 787 305 526 526 404 0 445 325 460 458 585 916 465 405 305 174
83 639 634 732 403 930 930 700 885 885 344 717 512 633 929 885 668 237 299 609 36 378 717 367 565 202 700 668 606 485 780 173 885 316 273 426 240 470 930 544 930 592 885 930 717 885 931 750 342 58 167 565 716 885 490 193 489 716 268 565 52 378 173 391 395 259 544 701 931 931 717 445 0 732 270 39 549 604 885 717 701 507
680 307 980 117 370 331 332 461 541 541 887 648 397 301 331 541 1279 690 624 1201 751 990 648 918 753 816 461 1014 699 1096 165 640 541 436 885 1037 611 817 332 891 331 1184 541 332 648 541 332 136 885 698 783 753 648 541 403 660 628 647 525 753 705 989 789 393 397 629 891 462 332 332 648 325 732 0 759 755 689 1196 541 648 462 278
238 794 539 759 418 959 960 715 900 900 250 732 667 788 959 900 573 390 451 515 290 284 732 272 470 108 715 573 731 391 807 328 900 471 179 331 395 376 960 450 959 498 900 960 732 900 960 839 248 237 132 470 731 900 645 162 562 731 385 470 243 284 126 546 550 414 450 716 961 960 732 460 270 759 0 293 549 510 900 732 716 609
106 662 656 754 416 952 953 713 897 897 367 730 535 655 952 897 690 259 322 632 41 401 730 389 587 225 713 690 628 508 803 195 897 339 296 448 263 493 953 567 953 615 897 953 730 897 954 773 365 77 189 587 729 897 513 206 511 728 281 587 71 401 196 414 417 282 567 713 954 954 729 458 39 755 293 0 572 627 897 730 713 529
497 595 369 689 631 885 886 754 862 862 553 941 468 588 885 862 715 536 487 590 569 587 942 306 141 467 754 403 561 694 737 457 862 398 408 634 428 206 886 280 886 573 862 886 942 862 887 706 551 516 506 141 941 862 446 660 90 940 546 141 522 587 500 347 350 447 280 755 887 886 941 585 549 689 549 572 0 585 862 941 755 464
572 1102 250 1196 874 1393 1393 1171 1356 1356 513 1188 975 1096 1393 1356 154 725 788 41 624 341 1188 512 506 427 1171 405 692 325 1244 662 1356 805 442 329 729 404 1393 343 1393 64 1356 1393 1188 1356 1394 1213 511 571 466 506 1188 1356 953 620 597 1187 843 506 577 341 460 854 858 748 343 1172 1394 1394 1188 916 604 1196 510 627 585 0 1356 1188 1172 971
853 589 1154 569 511 371 372 392 14 14 1028 579 679 583 371 14 1419 863 797 1361 894 1130 579 1091 926 956 392 1188 918 1237 544 813 14 609 1025 1177 784 991 372 1064 372 1344 14 372 579 14 373 491 1026 872 956 926 579 14 577 801 802 578 699 926 878 1130 963 567 570 803 1064 393 373 373 579 465 885 569 900 897 862 1356 0 579 393 451
784 857 1218 648 426 639 639 373 579 579 860 18 904 850 639 579 1251 703 765 1193 727 962 17 950 1005 789 373 1252 998 1069 696 842 579 688 857 1009 815 1054 639 1128 639 1176 579 639 17 579 640 728 858 755 813 1005 18 579 656 633 881 19 698 1005 748 962 807 646 649 796 1128 374 640 640 18 405 717 648 732 730 941 1188 579 0 374 531
746 670 1047 462 327 453 453 59 393 393 844 374 718 664 452 393 1235 687 690 1177 710 946 374 934 819 772 60 1081 811 1053 510 706 393 502 841 993 677 883 453 957 453 1160 393 453 374 393 454 541 842 738 797 819 374 393 469 617 694 373 592 819 732 946 790 459 463 696 957 59 454 454 374 305 701 462 716 713 755 1172 393 374 0 344
455 554 755 278 220 511 512 344 451 451 736 531 426 547 511 451 1059 465 399 976 526 770 531 693 528 594 344 789 520 877 326 415 451 211 665 817 386 592 512 666 511 959 451 512 531 452 512 358 734 473 558 528 530 451 148 510 403 529 300 528 480 770 564 168 172 404 666 344 513 512 530 174 507 278 609 529 464 971 451 531 344 0
EOF