NAME : tsp_problem
TYPE : TSP
DIMENSION : 42
EDGE_WEIGHT_TYPE : EXPLICIT
EDGE_WEIGHT_FORMAT : FULL_MATRIX
EDGE_WEIGHT_SECTION
0 177 1233 1075 534 1449 906 498 773 463 854 1237 1227 357 1205 200 449 867 183 1245 1428 343 902 650 1269 264 1106 1028 294 1370 226 1337 1375 375 256 380 814 922 227 884 419 170
177 0 1153 995 628 1378 835 591 703 557 774 1157 1156 502 1134 119 369 797 41 1175 1358 437 831 571 1198 409 1035 957 214 1290 319 1266 1296 295 401 474 743 851 148 813 512 315
1223 1143 0 296 1384 974 1242 1347 1110 1434 925 102 1188 1547 865 1233 896 1204 1149 1068 953 1253 1239 818 1091 1455 1067 894 981 492 1235 999 899 1054 1447 1169 1150 1153 1049 1221 1207 1360
1064 984 296 0 1225 1128 1083 1188 951 1275 672 300 1294 1388 1019 1074 737 1045 990 1222 1107 1094 1080 585 1245 1296 1173 1049 822 390 1076 1153 796 895 1288 1010 991 1099 890 1062 1048 1201
534 628 1386 1228 0 1472 929 74 796 135 1156 1390 1250 413 1228 651 751 890 633 1268 1451 335 925 952 1292 508 1129 1051 691 1589 335 1360 1677 574 500 262 837 945 650 907 220 552
1449 1378 951 1138 1472 0 624 1436 724 1522 1613 880 294 1701 289 1468 1218 963 1384 286 120 1341 629 1409 262 1681 428 459 1303 1250 1324 193 1656 1186 1673 1257 722 751 1262 637 1296 1586
906 835 1245 1087 929 624 0 892 364 979 1206 1248 395 1158 723 924 674 458 840 520 705 798 262 1002 496 1137 528 618 759 1447 780 595 1712 643 1129 714 127 512 719 68 752 1043
498 591 1350 1192 74 1436 892 0 760 186 1120 1354 1213 401 1191 614 714 854 597 1232 1415 299 889 916 1255 496 1092 1014 654 1553 298 1324 1641 537 488 225 800 909 613 871 184 540
773 703 1112 954 796 724 364 760 0 847 1074 1070 501 1025 479 792 542 288 708 520 703 666 175 870 543 1005 380 347 627 1315 648 611 1580 511 997 582 272 241 587 342 620 911
463 557 1436 1278 135 1522 979 186 847 0 1206 1440 1300 303 1278 580 801 941 563 1318 1501 264 975 1002 1342 397 1179 1101 674 1639 264 1410 1727 624 389 312 887 995 607 957 270 442
894 814 871 618 1196 1636 1203 1159 1071 1246 0 889 1414 1218 1391 904 631 1165 820 1432 1615 1065 1200 286 1456 1126 1293 1214 652 737 1036 1524 585 725 1117 981 1111 1220 720 1182 1019 1031
1227 1147 102 300 1388 1041 1246 1351 1114 1438 943 0 1255 1551 932 1237 899 1208 1152 1135 1020 1257 1242 822 1159 1458 1134 962 985 560 1239 1066 967 1058 1450 1173 1154 1220 1053 1224 1211 1364
1227 1156 1163 1284 1250 294 395 1213 501 1300 1403 1092 0 1479 367 1246 996 741 1162 190 375 1119 400 1199 166 1459 155 333 1081 1462 1101 264 1868 964 1450 1035 493 529 1040 408 1073 1364
357 502 1557 1399 413 1701 1158 401 1025 303 1178 1561 1479 0 1457 524 773 1119 507 1497 1680 443 1154 975 1521 290 1358 1280 618 1694 443 1589 1700 699 282 491 1066 1174 552 1136 449 334
1205 1134 840 1027 1228 289 723 1191 479 1278 1380 769 367 1457 0 1223 973 719 1139 232 268 1097 509 1177 256 1436 246 215 1058 1139 1079 163 1546 942 1428 1013 703 506 1018 735 1051 1342
200 119 1243 1085 651 1468 924 614 792 580 864 1246 1246 524 1223 0 459 886 113 1264 1447 459 921 660 1287 432 1125 1046 304 1380 342 1356 1385 385 424 497 833 941 237 903 535 337
449 369 898 740 751 1218 674 714 542 801 592 902 996 773 973 459 0 636 375 1014 1197 620 671 388 1037 681 874 796 207 1101 591 1106 1113 280 672 536 582 691 275 653 574 586
867 797 1206 1048 890 963 458 854 288 941 1168 1210 741 1119 719 886 636 0 802 759 942 760 416 964 783 1099 620 542 721 1409 742 851 1674 605 1091 676 366 436 681 436 714 1005
183 41 1159 1001 633 1384 840 597 708 563 780 1162 1162 507 1139 113 375 802 0 1180 1363 442 837 576 1203 415 1041 962 220 1296 325 1272 1301 301 407 480 749 857 153 819 518 320
1245 1175 1043 1230 1268 286 520 1232 520 1318 1421 972 190 1497 232 1264 1014 759 1180 0 368 1137 525 1217 53 1477 287 352 1099 1342 1120 127 1748 982 1469 1054 618 547 1058 533 1092 1382
1428 1358 930 1117 1451 120 705 1415 703 1501 1592 859 375 1680 268 1447 1197 942 1363 368 0 1320 710 1388 344 1660 470 438 1282 1229 1303 274 1636 1165 1652 1237 803 730 1241 718 1275 1565
343 437 1256 1098 335 1341 798 299 666 264 1025 1259 1119 443 1097 459 620 760 442 1137 1320 0 794 821 1161 538 998 920 553 1458 183 1229 1546 443 530 273 706 814 486 776 311 480
902 831 1241 1083 925 629 262 889 175 975 1202 1198 400 1154 509 921 671 416 837 525 710 794 0 998 501 1134 410 474 756 1444 777 599 1709 639 1126 710 359 369 715 274 749 1039
654 574 818 585 956 1431 998 920 866 1006 308 822 1209 978 1187 664 392 960 580 1227 1410 825 995 0 1251 886 1088 1009 412 751 796 1319 771 485 878 741 906 1015 480 977 780 791
1269 1198 1066 1253 1292 262 496 1255 543 1342 1444 995 166 1521 256 1287 1037 783 1203 53 344 1161 501 1241 0 1500 300 375 1122 1365 1143 150 1772 1006 1492 1077 594 570 1082 509 1115 1406
264 409 1465 1307 508 1681 1137 496 1005 397 1086 1468 1459 290 1436 432 681 1099 415 1477 1660 538 1134 882 1500 0 1337 1259 526 1601 457 1569 1607 607 63 586 1046 1154 459 1116 544 274
1106 1035 1042 1162 1129 428 528 1092 380 1179 1282 971 155 1358 246 1125 874 620 1041 287 470 998 410 1078 300 1337 0 212 960 1341 980 379 1747 843 1329 914 604 408 919 541 952 1243
1028 957 867 1054 1051 459 618 1014 347 1101 1203 796 333 1280 215 1046 796 542 962 352 438 920 474 999 375 1259 212 0 881 1166 902 349 1573 765 1251 836 526 330 841 597 874 1165
294 214 991 833 691 1303 759 654 627 674 613 995 1081 618 1058 304 207 721 220 1099 1282 553 756 409 1122 526 960 881 0 1128 436 1191 1134 220 518 476 668 776 98 738 514 431
1382 1302 492 390 1566 1240 1425 1530 1292 1616 838 560 1454 1706 1132 1391 1078 1386 1307 1334 1219 1436 1421 758 1358 1613 1333 1161 1140 0 1418 1265 458 1213 1605 1352 1333 1420 1208 1403 1390 1519
226 319 1238 1080 335 1324 780 298 648 264 996 1242 1101 443 1079 342 591 742 325 1120 1303 183 777 792 1143 457 980 902 436 1440 0 1211 1517 425 449 255 688 796 369 759 293 363
1337 1266 974 1161 1360 193 595 1324 611 1410 1513 903 264 1589 163 1356 1106 851 1272 127 274 1229 599 1309 150 1569 379 349 1191 1273 1211 0 1680 1074 1561 1145 692 639 1150 608 1184 1474
1198 1119 694 591 1500 1442 1477 1464 1345 1550 655 761 1656 1522 1333 1208 936 1439 1124 1536 1421 1369 1473 575 1559 1430 1535 1363 957 253 1340 1467 0 1029 1422 1285 1385 1493 1024 1455 1324 1335
375 295 1064 906 574 1186 643 537 511 624 685 1068 964 699 942 385 280 605 301 982 1165 443 639 482 1006 607 843 765 220 1201 425 1074 1207 0 599 359 551 659 179 621 397 512
256 401 1457 1299 500 1673 1129 488 997 389 1078 1460 1450 282 1428 424 672 1091 407 1469 1652 530 1126 874 1492 63 1329 1251 518 1593 449 1561 1599 599 0 578 1037 1146 451 1108 536 265
380 474 1172 1014 262 1257 714 225 582 312 941 1175 1035 491 1013 497 536 676 480 1054 1237 273 710 738 1077 586 914 836 476 1374 255 1145 1463 359 578 0 622 730 435 692 64 518
814 743 1153 995 837 722 127 800 272 887 1114 1157 493 1066 703 833 582 366 749 618 803 706 359 910 594 1046 604 526 668 1355 688 692 1620 551 1037 622 0 421 627 106 660 951
922 851 1124 1103 945 751 512 909 241 995 1222 1053 529 1174 506 941 691 436 857 547 730 814 369 1018 570 1154 408 330 776 1423 796 639 1729 659 1146 730 421 0 735 491 769 1059
227 148 1059 901 650 1262 719 613 587 607 680 1063 1040 552 1018 237 275 681 153 1058 1241 486 715 476 1082 459 919 841 98 1196 369 1150 1202 179 451 435 627 735 0 697 473 365
884 813 1223 1065 907 637 68 871 342 957 1184 1227 408 1136 735 903 653 436 819 533 718 776 274 980 509 1116 541 597 738 1426 759 608 1691 621 1108 692 106 491 697 0 731 1021
419 512 1210 1052 220 1296 752 184 620 270 980 1214 1073 449 1051 535 574 714 518 1092 1275 311 749 776 1115 544 952 874 514 1413 293 1184 1501 397 536 64 660 769 473 731 0 556
170 315 1370 1212 552 1586 1043 540 911 442 991 1374 1364 334 1342 337 586 1005 320 1382 1565 480 1039 787 1406 274 1243 1165 431 1507 363 1474 1513 512 265 518 951 1059 365 1021 556 0
EOF