NAME : tsp_problem
TYPE : TSP
DIMENSION : 34
EDGE_WEIGHT_TYPE : EXPLICIT
EDGE_WEIGHT_FORMAT : FULL_MATRIX
EDGE_WEIGHT_SECTION
0 921 873 420 744 1599 282 136 608 530 812 689 955 567 420 534 1435 426 407 668 393 340 259 377 508 377 747 418 578 744 153 383 413 651
921 0 452 895 223 936 757 891 1083 506 451 538 65 402 816 1009 773 901 881 518 868 814 986 852 983 1215 218 893 657 490 908 620 888 501
873 452 0 847 275 1130 709 844 1035 458 644 491 486 354 865 961 966 853 834 470 820 766 967 804 935 1167 278 845 706 638 861 572 840 453
420 895 847 0 718 1572 256 390 342 504 792 662 929 540 471 268 1409 161 141 642 140 313 514 112 242 526 721 153 551 724 408 356 177 625
744 223 275 718 0 900 580 714 906 329 415 361 257 225 736 832 737 724 704 341 691 637 838 675 806 1038 62 716 576 454 732 443 711 324
1600 907 1131 1574 902 0 1366 1513 1762 1185 853 1138 872 1081 1219 1688 236 1580 1560 1101 1547 1306 1389 1531 1662 1894 897 1572 1060 893 1483 1299 1567 1164
282 757 709 256 580 1397 0 252 444 366 577 524 791 402 257 369 1234 262 242 503 229 99 375 213 344 576 582 254 379 509 269 218 249 487
136 891 844 390 714 1545 252 0 578 501 724 659 925 537 333 504 1381 397 377 638 364 310 229 348 478 430 717 389 526 657 123 353 383 621
608 1083 1035 342 906 1760 444 578 0 692 980 850 1117 728 659 237 1597 279 267 830 292 501 702 264 219 678 909 287 739 912 596 544 329 813
530 506 458 504 329 1183 366 501 692 0 488 273 540 151 580 618 1020 510 491 253 477 423 624 461 592 824 332 502 379 421 518 229 497 236
812 400 624 792 395 885 577 724 980 488 0 349 365 399 430 905 721 798 778 313 765 517 600 749 880 1106 390 790 271 104 694 517 784 375
689 538 491 662 361 1169 524 659 850 273 349 0 573 184 509 776 1006 669 649 285 636 582 679 620 750 983 364 661 349 281 676 387 655 268
955 65 486 929 257 970 791 925 1117 540 485 573 0 436 851 1043 807 935 915 552 902 848 1021 886 1017 1249 253 927 691 524 943 654 922 535
567 402 354 540 225 1080 402 537 728 151 399 184 436 0 558 654 916 546 527 163 513 460 660 497 628 860 228 538 399 331 554 265 533 146
420 766 865 471 736 1250 257 333 659 580 430 509 730 558 0 585 1087 477 458 472 444 197 208 428 559 714 739 469 232 363 303 434 464 535
534 1009 961 268 832 1686 369 504 237 618 905 776 1043 654 585 0 1523 205 193 755 218 427 627 190 175 603 834 213 665 838 521 470 255 739
1437 744 968 1411 739 236 1203 1350 1598 1021 690 975 708 918 1056 1524 0 1417 1397 938 1384 1143 1226 1368 1498 1731 734 1409 896 730 1320 1136 1403 1001
426 901 853 161 724 1578 262 397 279 510 798 669 935 546 477 205 1415 0 111 648 110 319 520 83 179 496 727 123 557 730 414 363 147 631
407 881 834 141 704 1559 242 377 267 491 778 649 915 527 458 193 1395 111 0 628 90 300 500 63 167 476 707 103 538 710 394 343 127 611
668 518 470 642 341 1133 503 638 830 253 313 285 552 163 472 755 969 648 628 0 615 559 642 599 730 962 344 640 313 245 655 367 635 248
393 868 820 140 691 1545 229 364 292 477 765 636 902 513 444 218 1382 110 90 615 0 286 487 62 192 475 694 102 524 697 381 330 126 598
340 814 766 313 637 1337 99 310 501 423 517 582 817 460 197 427 1174 319 300 559 286 0 367 270 401 633 640 311 319 450 327 276 306 544
259 936 967 514 838 1420 375 229 702 624 600 679 900 660 208 627 1257 520 500 642 487 367 0 471 602 553 840 512 402 533 247 476 506 705
377 852 804 112 675 1529 213 348 264 461 749 620 886 497 428 190 1366 83 63 599 62 270 471 0 164 448 678 75 508 681 365 314 99 582
508 983 935 242 806 1660 344 478 219 592 880 750 1017 628 559 175 1497 179 167 730 192 401 602 164 0 578 809 187 639 812 495 444 229 713
377 1215 1167 526 1038 1892 576 430 678 824 1106 983 1249 860 714 603 1729 496 476 962 475 633 553 448 578 0 1041 488 871 1038 447 677 512 945
747 218 278 721 62 896 582 717 909 332 410 364 253 228 739 834 733 727 707 344 694 640 840 678 809 1041 0 719 579 450 734 446 713 327
418 893 845 153 716 1570 254 389 287 502 790 661 927 538 469 213 1407 123 103 640 102 311 512 75 187 488 719 0 549 722 406 355 139 623
578 606 706 551 576 1091 379 526 739 379 271 349 571 399 232 665 928 557 538 313 524 319 402 508 639 871 579 549 0 203 496 276 544 375
744 439 638 724 434 924 509 657 912 421 104 281 404 331 363 838 761 730 710 245 697 450 533 681 812 1038 430 722 203 0 627 449 717 308
153 908 861 408 732 1515 269 123 596 518 694 676 943 554 303 521 1351 414 394 655 381 327 247 365 495 447 734 406 496 627 0 370 400 639
383 620 572 356 443 1297 218 353 544 229 517 387 654 265 434 470 1134 363 343 367 330 276 476 314 444 677 446 355 276 449 370 0 349 350
413 888 840 177 711 1565 249 383 329 497 784 655 922 533 464 255 1402 147 127 635 126 306 506 99 229 512 713 139 544 717 400 349 0 618
651 501 453 625 324 1178 487 621 813 236 375 268 535 146 535 739 1015 631 611 248 598 544 705 582 713 945 327 623 375 308 639 350 618 0
EOF