NAME : tsp_problem
TYPE : TSP
DIMENSION : 20
EDGE_WEIGHT_TYPE : EXPLICIT
EDGE_WEIGHT_FORMAT : FULL_MATRIX
EDGE_WEIGHT_SECTION
0 169 1607 246 533 164 160 630 1165 689 993 143 152 120 676 208 166 195 998 481
169 0 1628 267 554 182 181 651 1185 709 1013 163 173 141 696 198 186 216 1018 501
1609 1629 0 1561 1572 1624 1503 1020 539 1014 844 1603 1511 1580 1758 1668 1519 1523 839 1458
246 267 1559 0 485 261 140 582 1116 641 945 240 149 218 470 305 156 161 949 433
533 554 1571 485 0 548 427 588 1128 646 956 527 436 505 239 592 443 448 961 163
164 182 1622 261 548 0 175 645 1180 704 1008 158 167 135 691 204 181 210 1013 496
160 181 1502 140 427 175 0 525 1059 583 887 154 91 132 570 219 99 103 892 375
630 651 1051 582 588 645 525 0 608 93 610 624 533 602 773 690 540 545 604 473
1166 1187 539 1118 1129 1181 1060 577 0 571 402 1160 1069 1138 1315 1225 1076 1081 396 1015
689 709 1045 641 646 704 583 93 603 0 604 683 591 660 832 748 599 603 599 531
993 1013 893 945 956 1008 887 680 450 674 0 987 895 964 1142 1052 903 907 36 904
143 163 1601 240 527 158 154 624 1158 683 987 0 146 114 670 202 160 189 992 475
152 173 1510 149 436 167 91 533 1067 591 895 146 0 123 578 211 107 111 900 383
120 141 1579 218 505 135 132 602 1136 660 964 114 123 0 647 180 137 167 969 452
676 696 1756 470 239 691 570 773 1313 832 1142 670 578 647 0 735 586 590 1146 349
208 198 1667 305 592 204 219 690 1224 748 1052 202 211 180 735 0 225 255 1057 540
166 186 1517 156 443 181 99 540 1075 599 903 160 107 137 586 225 0 119 908 391
195 216 1522 161 448 210 103 545 1079 603 907 189 111 167 590 255 119 0 912 395
998 1018 898 949 961 1013 892 685 455 679 36 992 900 969 1146 1057 908 912 0 909
481 501 1489 433 163 496 375 473 1046 531 904 475 383 452 349 540 391 395 909 0
EOF