NAME : tsp_problem
TYPE : TSP
DIMENSION : 52
EDGE_WEIGHT_TYPE : EXPLICIT
EDGE_WEIGHT_FORMAT : FULL_MATRIX
EDGE_WEIGHT_SECTION
0 158 1537 1463 470 753 242 772 779 517 852 1063 324 112 231 504 256 857 595 444 512 380 513 624 1175 74 603 649 466 479 720 78 210 792 502 680 454 1481 553 783 822 91 587 387 263 700 205 223 891 886 811 154
158 0 1650 1576 583 866 206 885 892 629 964 1176 437 222 195 617 366 969 707 554 625 492 626 737 1288 138 716 761 578 591 829 166 322 904 615 792 564 1594 662 895 935 200 699 500 375 813 318 335 1003 999 924 118
1537 1650 0 1546 1391 1131 1734 1010 1163 1629 934 1146 1542 1572 1723 1351 1749 939 1190 1885 1732 1571 1337 1219 1258 1566 1198 1077 1186 1131 1678 1570 1372 1029 1083 903 1896 1564 1791 1020 1060 1560 1181 1324 1482 895 1425 1442 973 969 1131 1646
1465 1577 1547 0 1043 782 1661 937 1091 1280 841 685 1193 1499 1650 1002 1676 836 1103 1812 1659 1223 989 1067 472 1493 1031 1004 1114 1058 1907 1497 1299 956 1010 831 1823 152 1740 947 987 1487 1093 1140 1253 823 1308 1370 801 806 1059 1573
470 583 1371 1074 0 325 667 643 649 418 665 674 331 505 656 140 682 660 439 818 665 360 126 403 786 499 367 519 336 349 912 503 305 662 372 550 829 1092 745 653 692 493 429 257 391 570 358 375 625 630 681 579
753 866 1111 814 325 0 950 501 655 563 405 414 475 788 939 284 965 400 385 1095 942 505 271 349 526 782 313 545 488 433 1190 786 588 520 399 395 1106 832 1023 511 551 776 375 422 535 387 590 659 365 370 623 862
242 206 1734 1660 667 950 0 969 976 713 1048 1260 521 306 210 701 450 1053 791 637 709 576 709 821 1372 222 800 845 662 675 913 250 406 988 699 876 648 1678 746 979 1019 284 783 584 459 897 402 419 1087 1083 1008 202
772 885 1010 936 643 521 969 0 224 961 324 536 779 807 958 682 984 329 425 1120 967 835 669 454 648 801 434 312 422 366 1214 805 607 207 318 152 1131 954 1047 203 136 795 417 559 718 173 660 678 363 359 192 881
779 892 1163 1089 649 675 976 224 0 968 478 690 786 814 965 689 990 483 431 1127 974 841 676 461 802 808 440 213 428 373 1221 812 614 232 325 306 1137 1107 1054 228 160 802 423 566 724 327 667 684 517 512 135 888
517 629 1609 1312 418 563 713 961 968 0 903 912 287 551 702 313 728 898 677 584 431 316 364 641 1024 545 604 837 665 678 678 549 409 980 691 868 594 1330 511 971 1011 539 667 515 347 885 402 331 863 868 1000 625
852 964 934 860 706 446 1048 324 478 944 0 461 856 886 1037 665 1063 41 504 1200 1047 886 652 534 573 880 513 391 501 446 1294 884 687 344 397 218 1210 878 1127 335 374 874 496 639 797 210 739 757 70 65 446 960
1174 1287 1257 507 753 492 1371 647 801 990 551 0 903 1209 1360 712 1386 546 813 1522 1369 932 699 777 219 1203 740 714 824 768 1616 1207 1009 666 720 541 1533 525 1449 657 697 1197 803 850 963 532 1018 1080 511 516 768 1283
324 437 1522 1224 331 475 521 779 786 287 816 824 0 359 510 226 536 810 589 672 519 211 277 553 936 353 517 655 473 485 766 357 217 798 509 686 683 1242 599 789 829 347 580 394 106 707 161 229 775 780 818 433
112 222 1572 1498 505 788 306 807 814 551 886 1098 359 0 295 539 321 891 629 508 547 414 548 659 1210 138 638 683 500 513 784 142 244 826 537 714 519 1516 617 817 857 155 621 422 297 735 240 257 925 921 846 218
231 195 1723 1649 656 939 210 958 965 702 1037 1249 510 295 0 690 439 1042 780 626 698 565 698 810 1361 211 789 834 651 664 902 239 395 977 687 865 637 1667 735 968 1008 273 772 573 448 886 391 408 1076 1072 997 191
504 617 1331 1033 140 284 701 682 689 313 625 633 226 539 690 0 716 619 398 846 693 255 86 362 745 533 326 559 434 446 940 537 397 702 412 590 857 1051 773 693 732 527 389 237 286 606 341 409 584 589 721 613
256 366 1749 1674 682 965 450 984 990 728 1063 1275 536 321 439 716 0 1068 806 263 341 591 724 836 1387 282 815 860 677 690 539 286 421 1003 713 891 274 1692 372 994 1034 299 798 598 474 912 417 434 1102 1097 1023 362
857 969 939 865 711 451 1053 329 483 949 41 465 861 891 1042 670 1068 0 509 1204 1051 891 657 538 577 885 518 396 506 450 1299 889 691 348 402 223 1215 883 1131 339 379 879 501 643 802 215 744 762 65 60 451 965
595 707 1190 1115 439 385 791 425 431 677 504 716 589 629 780 398 806 509 0 943 790 619 385 277 828 623 256 301 244 189 1037 627 430 444 154 332 953 1133 870 435 475 617 239 382 540 353 482 500 543 538 464 703
444 554 1885 1811 818 1095 637 1120 1127 584 1200 1411 672 508 626 846 263 1204 943 0 184 728 861 972 1523 470 951 997 814 826 382 474 558 1140 850 1028 109 1829 215 1131 1170 486 935 735 611 1048 553 480 1239 1234 1159 550
512 625 1732 1658 665 942 709 967 974 431 1047 1258 519 547 698 693 341 1051 790 184 0 575 708 819 1370 541 798 844 661 673 278 545 405 986 697 874 194 1676 111 977 1017 535 781 582 457 895 400 327 1085 1081 1006 621
380 492 1551 1254 360 505 576 835 841 316 845 854 211 414 565 255 591 840 619 728 575 0 306 583 966 409 547 711 528 541 822 413 272 854 564 742 738 1272 655 845 885 402 609 450 161 763 216 285 805 810 874 488
513 626 1317 1020 126 271 709 669 676 364 611 620 277 548 698 86 724 606 385 861 708 306 0 349 732 542 313 546 379 391 955 546 348 688 399 576 871 1038 788 679 719 535 375 224 337 593 392 418 571 576 708 622
624 737 1219 1098 403 349 821 454 461 641 534 698 553 659 810 362 836 538 277 972 819 583 349 0 810 653 285 331 273 218 1066 657 459 473 184 361 983 1116 899 464 504 647 268 411 569 382 512 529 573 568 493 733
1177 1289 1259 472 755 495 1373 649 803 993 553 397 905 1211 1362 714 1388 548 815 1525 1372 935 701 779 0 1205 743 716 826 771 1619 1209 1012 669 722 543 1535 490 1452 659 699 1199 805 852 965 535 1020 1082 513 518 771 1285
74 138 1566 1492 499 782 222 801 808 545 880 1092 353 138 211 533 282 885 623 470 541 409 542 653 1204 0 632 678 495 507 745 103 239 820 531 708 480 1510 578 811 851 116 615 416 291 729 234 251 919 915 840 134
603 716 1198 1062 367 313 800 434 440 604 513 662 517 638 789 326 815 518 256 951 798 547 313 285 774 632 0 310 253 197 1045 636 438 453 163 341 962 1080 878 444 483 626 248 390 549 361 491 509 552 547 472 712
649 761 1077 1003 519 545 845 312 213 837 391 603 655 683 834 559 860 396 301 997 844 711 546 331 715 678 310 0 298 243 1091 681 484 331 194 219 1007 1021 924 322 350 671 293 436 594 240 536 554 430 426 245 757
466 578 1186 1112 336 488 662 422 428 665 501 712 473 500 651 434 677 506 244 814 661 528 379 273 824 495 253 298 0 128 908 499 301 441 151 329 824 1130 741 432 471 488 236 253 411 350 354 371 540 535 460 574
479 591 1131 1057 349 433 675 366 373 678 446 657 485 513 664 446 690 450 189 826 673 541 391 218 769 507 197 243 128 0 921 511 313 386 96 273 837 1075 754 376 416 501 181 266 424 294 366 384 485 480 405 587
720 829 1979 1905 912 1190 913 1214 1221 678 1294 1505 766 784 902 940 539 1299 1037 382 278 822 955 1066 1617 745 1045 1091 908 921 0 749 652 1234 944 1122 392 1923 218 1225 1264 762 1029 829 705 1142 647 574 1333 1328 1253 825
78 166 1570 1496 503 786 250 805 812 549 884 1096 357 142 239 537 286 889 627 474 545 413 546 657 1208 103 636 681 499 511 749 0 243 824 535 712 484 1514 582 815 855 120 619 420 295 733 238 255 923 919 844 162
210 322 1372 1298 305 588 406 607 614 409 687 898 217 244 395 397 421 691 430 558 405 272 348 459 1010 239 438 484 301 313 652 243 0 627 337 514 568 1316 485 617 657 232 421 222 155 535 98 115 726 721 646 318
792 904 1029 955 662 540 988 207 232 980 344 555 798 826 977 702 1003 348 444 1140 986 854 688 473 667 820 453 331 441 386 1234 824 627 0 337 171 1150 973 1067 210 143 814 436 579 737 192 679 697 383 378 199 900
502 615 1083 1009 372 399 699 318 325 691 397 609 509 537 687 412 713 402 154 850 697 564 399 184 721 531 163 194 151 96 944 535 337 337 0 225 860 1027 777 328 368 525 146 289 447 246 390 407 436 432 357 611
680 792 903 829 550 415 876 152 306 868 218 430 686 714 865 590 891 223 332 1028 874 742 576 361 542 708 341 219 329 273 1122 712 514 171 225 0 1038 847 955 162 202 702 324 467 625 80 567 585 257 252 274 788
454 564 1896 1821 829 1106 648 1131 1137 594 1210 1422 683 519 637 857 274 1215 953 109 194 738 871 983 1534 480 962 1007 824 837 392 484 568 1150 860 1038 0 1840 225 1141 1181 497 945 746 621 1059 564 491 1249 1244 1170 560
1483 1595 1565 152 1061 800 1679 955 1109 1298 859 703 1211 1517 1668 1020 1694 854 1121 1831 1677 1241 1007 1085 490 1511 1049 1022 1132 1076 1925 1515 1317 974 1028 849 1841 0 1758 965 1005 1505 1111 1158 1271 841 1326 1388 819 824 1077 1591
553 662 1812 1738 745 1023 746 1047 1054 511 1127 1338 599 617 735 773 372 1131 870 215 111 655 788 899 1450 578 878 924 741 754 218 582 485 1067 777 955 225 1756 0 1058 1097 595 862 662 538 975 480 407 1166 1161 1086 658
783 895 1020 946 653 531 979 203 228 971 335 546 789 817 968 693 994 339 435 1131 977 845 679 464 658 811 444 322 432 376 1225 815 617 210 328 162 1141 964 1058 0 139 805 427 570 728 183 670 688 373 369 195 891
822 935 1060 985 692 571 1019 136 160 1011 374 586 829 857 1008 732 1034 379 475 1170 1017 885 719 504 698 851 483 350 471 416 1264 855 657 143 368 202 1181 1003 1097 139 0 845 467 609 768 223 710 727 413 408 128 931
91 200 1560 1486 493 776 284 795 802 539 874 1086 347 155 273 527 299 879 617 486 535 402 535 647 1198 116 626 671 488 501 762 120 232 814 525 702 497 1504 595 805 845 0 609 410 285 723 228 245 913 909 834 196
587 699 1181 1107 429 375 783 417 423 667 496 708 580 621 772 389 798 501 239 935 781 609 375 268 820 615 248 293 236 181 1029 619 421 436 146 324 945 1125 862 427 467 609 0 374 532 345 474 492 535 530 456 695
387 500 1324 1171 257 422 584 559 566 515 639 771 394 422 573 237 598 643 382 735 582 450 224 411 883 416 390 436 253 266 829 420 222 579 289 467 746 1189 662 570 609 410 374 0 332 487 275 292 678 673 598 496
263 375 1482 1284 391 535 459 718 724 347 797 884 106 297 448 286 474 802 540 611 457 161 337 569 996 291 549 594 411 424 705 295 155 737 447 625 621 1302 538 728 768 285 532 332 0 646 111 168 835 831 757 371
700 813 895 821 570 407 897 173 327 889 210 421 707 735 886 610 912 215 353 1048 895 763 597 382 533 729 361 240 350 294 1142 733 535 192 246 80 1059 839 975 183 223 723 345 487 646 0 588 605 249 244 294 809
205 318 1425 1339 358 590 402 660 667 402 739 939 161 240 391 341 417 744 482 553 400 216 392 512 1051 234 491 536 354 366 647 238 98 679 390 567 564 1357 480 670 710 228 474 275 111 588 0 110 778 774 699 314
223 335 1442 1368 375 659 419 678 684 331 757 968 229 257 408 409 434 762 500 480 327 285 418 529 1080 251 509 554 371 384 574 255 115 697 407 585 491 1386 407 688 727 245 492 292 168 605 110 0 796 791 716 331
891 1003 973 899 745 485 1087 363 517 983 70 500 895 925 1076 704 1102 65 543 1239 1085 925 691 573 611 919 552 430 540 485 1333 923 726 383 436 257 1249 917 1166 373 413 913 535 678 836 249 778 796 0 35 485 999
886 999 969 895 740 480 1083 359 512 978 65 495 891 921 1072 700 1097 60 538 1234 1081 920 686 568 607 915 547 426 535 480 1328 919 721 378 432 252 1244 913 1161 369 408 909 530 673 831 244 774 791 35 0 480 995
811 924 1131 1057 681 643 1008 192 135 1000 446 657 818 846 997 721 1023 451 464 1159 1006 874 708 493 769 840 472 245 460 405 1253 844 646 199 357 274 1170 1075 1086 195 128 834 456 598 757 294 699 716 485 480 0 920
154 118 1646 1572 579 862 202 881 888 625 960 1172 433 218 191 613 362 965 703 550 621 488 622 733 1284 134 712 757 574 587 825 162 318 900 611 788 560 1590 658 891 931 196 695 496 371 809 314 331 999 995 920 0
EOF