NAME : tsp_problem
TYPE : TSP
DIMENSION : 62
EDGE_WEIGHT_TYPE : EXPLICIT
EDGE_WEIGHT_FORMAT : FULL_MATRIX
EDGE_WEIGHT_SECTION
0 777 745 1162 478 686 418 484 415 634 578 296 552 629 756 624 904 490 933 911 634 271 1483 601 874 623 594 423 735 799 203 268 337 558 998 644 721 680 1066 205 490 394 370 107 387 519 1022 202 754 235 465 591 341 1512 460 650 688 432 575 459 187 977
777 0 316 419 674 257 856 680 611 191 231 773 262 194 327 820 308 686 491 316 831 1003 740 797 131 819 602 619 306 1532 680 1001 533 754 255 542 102 876 323 682 686 590 567 840 583 432 279 623 429 968 662 505 480 1586 656 156 549 628 771 780 920 234
745 316 0 641 642 225 824 648 579 173 198 702 230 168 295 788 443 654 379 450 798 971 962 765 413 787 385 587 274 1500 648 969 501 722 537 324 260 844 545 650 654 558 534 808 551 400 561 591 212 936 630 473 448 1807 624 190 332 543 739 748 888 516
1163 420 609 0 1060 621 1243 1066 998 577 617 933 649 580 634 1207 695 1072 404 702 1217 1390 512 1184 475 1206 616 1006 598 1918 1009 1387 875 1140 393 556 488 1263 235 1007 1072 820 844 1226 823 707 368 1010 443 1355 1048 728 867 1358 1043 543 563 774 1158 1167 1307 418
478 674 642 1059 0 583 282 138 119 531 475 474 449 526 653 223 801 111 836 808 233 480 1380 200 772 222 498 103 632 1190 381 477 234 156 895 542 618 279 963 383 111 291 268 541 284 416 919 324 657 627 87 489 239 1903 94 548 591 329 174 206 578 874
686 257 225 642 583 0 766 589 521 114 140 683 172 110 236 730 384 595 390 392 740 913 964 707 355 729 397 529 216 1441 589 910 442 663 479 336 201 786 547 592 595 500 476 749 492 342 503 533 223 878 571 414 389 1809 566 131 343 537 681 690 830 458
418 856 824 1242 282 766 0 321 301 713 658 657 632 709 836 429 983 294 1019 991 439 274 1563 405 954 427 680 286 815 984 564 271 417 362 1078 724 801 484 1146 566 294 474 450 341 466 598 1102 507 840 420 270 671 421 1697 277 730 774 512 379 117 372 1057
484 680 648 1065 138 589 321 0 157 537 481 480 455 532 659 284 807 150 842 814 295 519 1386 261 777 283 503 141 638 1228 387 516 240 218 901 548 624 340 969 389 150 297 273 547 290 422 925 330 663 665 126 494 244 1942 133 554 597 335 235 244 617 880
415 611 579 997 119 521 301 157 0 468 413 412 387 464 591 265 739 131 774 746 275 499 1318 242 709 264 435 122 570 1170 319 497 172 199 833 479 556 321 901 321 131 229 205 479 221 354 857 262 595 607 106 426 176 1884 114 485 529 267 216 225 559 812
634 191 173 576 531 114 713 537 468 0 88 630 119 57 184 677 318 543 453 325 687 860 897 654 288 676 459 476 163 1389 537 858 390 611 412 399 135 733 480 539 543 447 423 697 440 289 436 480 286 825 519 362 337 1743 513 64 406 485 628 637 777 391
578 231 198 616 475 140 658 481 413 88 0 574 63 83 210 621 358 487 479 365 632 805 937 598 328 620 462 420 189 1333 481 802 334 555 452 359 175 677 520 483 487 392 368 641 384 233 476 424 312 770 463 306 281 1782 458 104 409 429 572 581 721 431
296 773 702 964 474 683 657 480 412 630 574 0 549 626 727 621 900 486 702 908 631 523 1286 597 871 619 364 420 690 1051 199 520 333 554 974 450 717 676 869 202 486 391 367 360 383 515 948 199 523 488 462 588 338 1765 457 647 457 387 572 580 440 973
552 262 230 647 449 172 632 455 387 119 63 549 0 115 241 596 389 461 510 397 606 779 969 573 360 595 436 395 221 1307 455 776 308 529 484 334 206 652 552 458 461 366 342 615 358 208 508 399 343 744 437 280 256 1814 432 136 383 403 547 556 696 463
629 194 168 579 526 110 709 532 464 57 83 626 115 0 180 673 321 539 449 328 683 856 900 650 291 672 455 472 159 1384 532 853 385 606 415 394 138 729 483 535 538 443 419 693 435 285 439 476 282 821 514 357 333 1745 509 67 402 480 624 633 773 394
756 327 295 665 653 236 836 659 591 184 210 727 241 180 0 799 454 665 403 462 810 983 986 776 425 798 410 598 285 1511 659 980 512 733 548 349 271 855 569 661 665 569 546 819 562 411 573 602 236 947 641 484 459 1832 636 201 356 568 750 759 899 527
624 820 788 1205 223 730 429 284 265 677 621 621 596 673 799 0 947 221 983 955 229 627 1527 224 918 224 644 249 779 1337 527 624 380 180 1042 688 764 225 1110 530 244 438 414 687 430 562 1066 471 803 773 201 635 385 2050 241 694 738 475 198 352 725 1021
904 308 443 693 801 384 983 807 739 318 358 900 389 321 454 947 0 813 723 114 958 1130 1014 924 287 946 729 746 433 1659 807 1128 660 881 530 669 252 1003 597 809 813 717 694 967 710 559 554 750 556 1095 789 632 607 1860 783 283 676 755 898 907 1047 508
490 686 654 1071 111 595 294 150 131 543 487 486 461 539 665 221 813 0 848 820 231 492 1392 197 784 219 510 115 644 1202 393 489 246 154 907 554 630 276 975 395 123 303 280 553 296 428 931 336 669 639 99 501 251 1915 106 560 603 341 171 218 590 886
933 471 379 435 836 390 1019 842 774 453 479 702 510 449 403 983 723 848 0 731 993 1160 756 960 526 982 385 782 367 1688 779 1158 644 916 444 325 539 1039 339 776 848 589 614 997 592 476 419 786 212 1125 824 497 643 1602 819 470 332 544 934 943 1077 469
911 316 450 701 808 392 991 814 746 325 365 908 397 328 462 955 114 820 731 0 965 1138 1022 932 312 954 737 754 441 1666 814 1135 667 888 537 676 260 1011 605 817 820 725 701 974 717 567 561 758 564 1103 796 639 615 1868 791 291 684 762 906 915 1055 516
634 831 798 1216 233 740 439 295 275 687 632 631 606 683 810 229 958 231 993 965 0 637 1537 234 928 215 654 260 789 1347 538 634 391 191 1052 698 775 216 1120 540 255 448 424 698 440 573 1076 481 814 783 212 645 395 2060 251 704 748 486 208 362 735 1031
271 1003 971 1389 480 913 274 519 499 860 805 523 779 856 983 627 1130 492 1160 1138 637 0 1710 603 1101 625 821 484 962 837 430 102 564 560 1225 871 948 682 1293 432 492 621 597 194 613 746 1249 429 981 273 468 818 568 1550 475 877 915 659 578 316 225 1204
1484 742 931 512 1382 942 1564 1388 1319 898 938 1255 970 901 955 1528 1016 1394 725 1024 1538 1711 0 1505 796 1527 938 1327 919 1709 1331 1709 1196 1462 715 877 809 1584 557 1328 1394 1141 1166 1548 1144 1028 689 1331 764 1676 1370 1049 1188 1018 1364 864 884 1096 1479 1488 1628 739
601 797 765 1182 200 707 405 261 242 654 598 597 573 650 776 224 924 197 960 932 234 603 1503 0 895 222 621 226 755 1313 504 601 357 157 1019 665 741 232 1086 507 221 415 391 664 407 539 1043 447 780 750 178 612 362 2026 218 671 714 452 175 329 702 997
874 131 413 473 772 355 954 777 709 288 328 871 360 291 425 918 287 784 546 312 928 1101 794 895 0 917 700 717 404 1629 778 1099 631 851 310 640 199 974 377 780 783 688 664 938 680 530 334 721 527 1066 759 602 578 1640 754 254 647 726 869 878 1018 288
623 819 787 1204 222 729 427 283 264 676 620 619 595 672 798 224 946 219 982 954 215 625 1525 222 917 0 643 248 777 1335 526 623 379 179 1041 687 763 211 1108 528 243 437 413 686 429 561 1065 469 802 772 200 634 384 2048 240 693 736 474 197 351 724 1019
594 602 385 648 498 397 680 503 435 459 462 364 436 455 410 644 729 510 385 737 654 821 969 621 700 643 0 443 373 1350 440 819 305 577 657 133 546 700 552 437 509 250 275 658 253 284 631 447 206 786 485 305 361 1814 480 476 140 205 595 604 738 682
423 619 587 1004 103 529 286 141 122 476 420 420 395 472 598 249 746 115 782 754 260 484 1326 226 717 248 443 0 578 1178 326 481 179 183 841 487 563 305 909 329 115 237 213 486 229 361 865 270 602 615 91 434 184 1891 98 493 537 274 200 209 567 820
735 306 274 629 632 216 815 638 570 163 189 690 221 159 285 779 433 644 367 441 789 962 950 755 404 777 373 578 0 1490 638 959 491 712 528 313 250 834 533 641 644 549 525 798 541 390 552 581 200 927 620 463 438 1796 615 180 320 531 730 738 878 506
835 1568 1535 1953 1226 1477 1020 1264 1206 1424 1369 1087 1343 1420 1547 1372 1695 1238 1724 1702 1383 873 1709 1349 1665 1371 1385 1214 1526 0 994 870 1128 1306 1789 1435 1512 1428 1857 996 1238 1185 1161 758 1177 1310 1813 993 1545 626 1214 1382 1132 739 1221 1441 1479 1223 1323 1061 699 1768
203 680 648 1041 381 589 564 387 319 537 481 199 455 532 659 527 807 393 779 814 538 430 1362 504 778 526 440 326 638 958 0 427 240 461 901 526 624 583 945 108 393 297 274 266 290 422 925 106 599 395 369 494 245 1671 364 554 533 335 478 487 346 880
268 1001 969 1386 477 910 271 516 497 858 802 520 776 853 980 624 1128 489 1158 1135 634 102 1707 601 1099 623 819 481 959 834 427 0 561 557 1222 869 945 680 1290 430 489 618 595 191 611 743 1246 427 978 271 465 816 566 1547 472 875 912 656 575 313 222 1201
337 533 501 906 234 442 417 240 172 390 334 333 308 385 512 380 660 246 644 667 391 564 1228 357 631 379 305 179 491 1092 240 561 0 314 754 392 477 436 810 242 246 111 127 400 114 275 778 183 465 528 222 347 98 1805 217 407 399 137 331 340 480 733
558 754 722 1139 156 663 362 218 199 611 555 554 529 606 733 180 881 154 916 888 191 560 1460 157 851 179 577 183 712 1270 461 557 314 0 975 622 698 232 1043 463 178 371 348 621 364 496 999 404 737 707 135 568 318 1983 174 628 671 409 131 286 658 954
998 255 537 442 895 479 1078 901 833 412 452 995 484 415 548 1042 530 907 515 537 1052 1225 764 1019 310 1041 727 841 528 1753 901 1222 754 975 0 667 323 1098 346 904 907 812 788 1061 804 654 55 844 554 1190 883 726 701 1609 878 378 674 849 993 1002 1142 55
644 542 324 587 542 336 724 548 479 399 359 450 334 394 349 688 669 554 325 676 698 871 908 665 640 687 133 487 313 1400 526 869 392 622 596 0 486 744 491 524 554 337 361 708 339 224 571 491 146 836 530 244 348 1754 524 416 80 291 639 648 788 621
721 102 260 487 618 201 801 624 556 135 175 717 206 138 271 764 252 630 540 260 775 948 808 741 199 763 546 563 250 1476 624 945 477 698 323 486 0 820 391 626 630 534 511 784 527 376 347 567 373 912 606 449 424 1654 601 100 493 572 715 724 864 302
680 876 844 1261 279 786 484 340 321 733 677 676 652 729 855 225 1003 276 1039 1011 216 682 1582 232 974 211 700 305 834 1392 583 680 436 232 1098 744 820 0 1165 586 300 494 470 743 486 618 1122 526 859 829 257 691 441 2105 297 750 793 531 214 408 781 1076
981 378 426 341 884 438 1067 890 822 501 527 750 558 496 451 1031 652 896 221 660 1041 1208 663 1008 432 1029 433 830 415 1736 827 1205 692 964 351 373 446 1086 0 824 896 637 661 1044 640 524 325 833 260 1173 872 545 690 1508 867 501 380 592 982 990 1125 375
205 682 650 1038 383 592 566 389 321 539 483 202 458 535 661 530 809 395 776 817 540 432 1359 507 780 528 437 329 641 960 108 430 242 463 904 524 626 586 942 0 395 300 276 269 292 424 928 108 597 397 371 497 247 1674 366 556 531 337 481 489 349 882
490 686 654 1071 111 595 294 150 131 543 487 486 461 538 665 244 813 123 848 820 255 492 1392 221 783 243 509 115 644 1202 393 489 246 178 907 554 630 300 975 395 0 303 280 553 296 428 931 336 669 639 99 500 251 1915 106 560 603 341 195 218 590 886
394 590 558 851 291 500 474 297 229 447 392 391 366 443 569 438 717 303 589 725 448 621 1172 415 688 437 250 237 549 1149 297 618 111 371 812 337 534 494 755 300 303 0 80 457 59 332 835 241 410 586 279 405 155 1863 274 464 344 82 389 398 538 791
370 567 534 876 268 476 450 273 205 423 368 367 342 419 546 414 694 280 614 701 424 597 1197 391 664 413 275 213 525 1125 274 595 127 348 788 361 511 470 780 276 280 80 0 434 83 309 812 217 434 562 255 381 131 1839 250 440 368 106 365 374 514 767
107 840 808 1225 541 749 341 547 479 697 641 360 615 693 819 687 967 553 997 974 698 194 1546 664 938 686 658 486 798 722 266 191 400 621 1061 708 784 743 1129 269 553 457 434 0 450 582 1085 266 817 159 529 655 405 1435 524 714 751 495 638 383 111 1040
387 583 551 854 284 492 466 290 221 440 384 383 358 435 562 430 710 296 592 717 440 613 1175 407 680 429 253 229 541 1142 290 611 114 364 804 339 527 486 758 292 296 59 83 450 0 325 828 233 412 578 272 397 147 1855 266 457 347 84 381 390 530 783
519 432 400 738 416 342 598 422 354 289 233 515 208 285 411 562 559 428 476 567 573 746 1060 539 530 561 284 361 390 1274 422 743 275 496 654 224 376 618 642 424 428 332 309 582 325 0 678 365 297 710 404 247 222 1905 398 306 231 370 513 522 662 632
1022 279 561 466 919 503 1102 925 857 436 476 1019 508 439 573 1066 554 931 539 561 1076 1249 788 1043 334 1065 752 865 552 1777 925 1246 778 999 55 691 347 1122 371 928 931 836 812 1085 828 678 0 869 578 1214 907 750 726 1633 902 402 698 873 1017 1026 1166 80
202 623 591 1008 324 533 507 330 262 480 424 199 399 476 602 471 750 336 786 758 481 429 1329 447 721 469 447 270 581 958 106 427 183 404 844 491 567 526 912 108 336 241 217 266 233 365 869 0 606 394 312 438 188 1671 307 497 540 278 421 430 346 823
754 429 212 474 657 223 840 663 595 286 312 523 343 282 236 803 556 669 212 564 814 981 795 780 527 802 206 602 200 1509 599 978 465 737 484 146 373 859 378 597 669 410 434 817 412 297 458 606 0 946 645 318 463 1641 640 303 153 364 754 763 897 508
235 968 936 1353 627 878 420 665 607 825 770 488 744 821 947 773 1095 639 1125 1103 783 273 1675 750 1066 772 786 615 927 590 395 271 528 707 1190 836 912 829 1258 397 639 586 562 159 578 710 1214 394 946 0 615 783 533 1304 622 842 880 623 724 462 100 1169
465 662 630 1047 87 571 270 126 106 519 463 462 437 514 641 201 789 99 824 796 212 468 1368 178 759 200 485 91 620 1178 369 465 222 135 883 530 606 257 951 371 99 279 255 529 272 404 907 312 645 615 0 476 226 1891 82 536 579 317 152 193 566 862
591 505 473 759 489 414 671 494 426 362 306 588 280 357 484 635 632 501 497 639 645 818 1080 612 602 634 305 434 463 1346 494 816 347 568 726 244 449 691 663 497 500 405 381 655 397 247 743 438 318 783 476 0 295 1926 471 379 252 443 586 595 735 705
341 480 448 865 239 389 421 244 176 337 281 338 256 333 459 385 607 251 643 615 395 568 1186 362 578 384 361 184 438 1096 245 566 98 318 701 348 424 441 769 247 251 155 131 405 147 222 726 188 463 533 226 295 0 1810 221 354 397 193 336 345 485 680
1548 1587 1776 1358 1939 1788 1733 1978 1919 1744 1784 1800 1816 1747 1801 2086 1861 1951 1571 1869 2096 1586 1018 2062 1641 2084 1783 1927 1764 739 1707 1583 1841 2019 1560 1723 1655 2141 1402 1709 1951 1898 1874 1471 1891 1874 1535 1707 1610 1339 1927 1895 1845 0 1934 1710 1730 1936 2036 1774 1412 1585
460 656 624 1042 94 566 277 133 114 513 458 457 432 509 636 241 783 106 819 791 251 475 1363 218 754 240 480 98 615 1185 364 472 217 174 878 524 601 297 946 366 106 274 250 524 266 398 902 307 640 622 82 471 221 1898 0 530 574 312 192 201 573 857
650 156 190 542 548 131 730 554 485 64 104 647 136 67 201 694 283 560 470 291 704 877 863 671 254 693 476 493 180 1406 554 875 407 628 378 416 100 750 446 556 560 464 440 714 457 306 402 497 303 842 536 379 354 1708 530 0 423 502 645 654 794 357
688 549 332 594 591 343 774 597 529 406 409 457 383 402 356 738 676 603 332 684 748 915 916 714 647 736 140 537 320 1443 533 912 399 671 604 80 493 793 499 531 603 344 368 751 347 231 578 540 153 880 579 252 397 1761 574 423 0 298 689 697 832 628
432 628 543 806 329 537 512 335 267 485 429 387 403 480 568 475 755 341 544 762 486 659 1127 452 726 474 205 274 531 1187 335 656 137 409 815 291 572 531 710 337 341 82 106 495 84 370 790 278 364 623 317 443 193 1900 312 502 298 0 426 435 575 828
575 771 739 1156 174 681 379 235 216 628 572 572 547 624 750 198 898 171 934 906 208 578 1478 175 869 197 595 200 730 1287 478 575 331 131 993 639 715 214 1061 481 195 389 365 638 381 513 1017 421 754 724 152 586 336 2001 192 645 689 426 0 303 676 971
459 780 748 1165 206 690 117 244 225 637 581 580 556 633 759 352 907 218 943 915 362 316 1486 329 878 351 604 209 738 1025 487 313 340 286 1002 648 724 408 1069 489 218 398 374 383 390 522 1026 430 763 462 193 595 345 1739 201 654 697 435 303 0 414 980
187 920 888 1305 578 830 372 617 559 777 721 440 696 773 899 725 1047 590 1077 1055 735 225 1626 702 1018 724 738 567 878 663 346 222 480 658 1142 788 864 781 1209 349 590 538 514 111 530 662 1166 346 897 100 566 735 485 1376 573 794 832 575 676 414 0 1120
977 234 516 421 874 458 1057 880 812 391 431 973 463 394 527 1021 508 886 494 516 1031 1204 742 997 288 1019 706 820 506 1732 880 1201 733 954 55 646 302 1076 325 882 886 791 767 1040 783 632 80 823 533 1169 862 705 680 1588 857 357 653 828 971 980 1120 0
EOF