NAME : tsp_problem
TYPE : TSP
DIMENSION : 32
EDGE_WEIGHT_TYPE : EXPLICIT
EDGE_WEIGHT_FORMAT : FULL_MATRIX
EDGE_WEIGHT_SECTION
0 885 705 477 905 184 963 206 474 688 563 839 108 118 246 95 1563 808 584 282 437 1510 619 239 1190 1516 354 642 915 801 890 115
885 0 579 1212 50 1015 336 991 985 573 377 508 875 949 757 881 936 527 657 1068 665 883 504 691 1743 889 849 527 60 329 47 901
705 528 0 1026 508 835 414 811 571 95 281 250 695 768 500 701 1013 526 193 887 310 960 171 511 1557 966 385 204 498 519 524 720
477 1212 1026 0 1232 607 1290 313 520 1015 890 1161 487 541 573 473 1890 1135 905 245 764 1837 946 566 834 1843 681 969 1242 1128 1217 493
905 50 599 1232 0 1035 356 1011 1004 593 396 528 895 969 776 901 956 547 677 1088 685 903 524 711 1763 909 869 547 50 349 46 921
184 1015 835 607 1035 0 1093 336 604 818 693 969 238 148 376 200 1693 938 714 412 567 1640 749 369 1320 1646 484 772 1045 931 1020 211
884 360 295 1205 341 1014 0 990 750 317 509 224 874 948 679 880 845 659 373 1067 489 792 393 690 1736 798 565 426 330 462 356 900
206 991 811 313 1011 336 1069 0 580 794 670 946 215 269 352 202 1669 914 690 117 543 1616 725 345 1025 1622 460 748 1021 907 997 221
474 984 571 520 964 604 869 580 0 593 663 706 464 538 346 470 1468 907 450 644 537 1415 668 338 1051 1421 360 702 954 901 979 490
688 551 95 1015 531 818 436 794 593 0 251 273 678 752 522 684 1035 496 215 870 332 982 193 494 1546 988 407 226 521 489 546 704
563 377 281 890 396 693 454 670 663 251 0 489 553 627 435 559 1054 299 432 746 343 1001 182 369 1421 1007 542 205 406 293 382 579
839 457 250 1161 437 969 342 946 706 273 489 0 829 903 634 835 942 733 311 1022 445 889 348 646 1692 895 520 382 427 559 453 855
108 875 695 487 895 238 953 215 464 678 553 829 0 172 236 104 1553 798 574 291 427 1500 609 229 1199 1506 344 632 905 791 880 124
118 949 768 541 969 148 1027 269 538 752 627 903 172 0 310 133 1627 872 648 346 501 1574 682 302 1254 1580 417 706 979 865 954 145
246 757 500 573 776 376 798 352 346 522 435 634 236 310 0 242 1397 679 379 429 308 1344 490 110 1104 1350 149 513 786 673 762 262
95 881 701 473 901 200 959 202 470 684 559 835 104 133 242 0 1559 804 580 278 433 1506 615 235 1186 1512 350 638 911 797 886 111
1564 907 982 1891 887 1694 739 1670 1437 1004 1056 911 1554 1628 1366 1560 0 1206 1060 1747 1176 484 1080 1370 1422 490 1252 1113 877 1008 902 1580
808 527 526 1135 547 938 605 914 907 496 299 733 798 872 679 804 1204 0 676 991 588 1151 427 614 1666 1157 787 450 556 304 532 824
584 606 193 905 586 714 491 690 450 215 432 311 574 648 379 580 1091 676 0 767 189 1038 291 390 1436 1044 265 325 576 669 602 600
282 1068 887 245 1088 412 1146 117 644 870 746 1022 291 346 429 278 1745 991 767 0 620 1692 801 421 958 1698 536 824 1097 984 1073 298
437 665 310 764 685 567 608 543 537 332 343 445 427 501 308 433 1207 588 189 620 0 1154 398 243 1295 1160 381 421 693 581 670 453
1511 854 929 1838 834 1641 686 1618 1384 951 1003 858 1501 1575 1313 1507 484 1153 1007 1694 1123 0 1027 1317 1839 176 1199 1060 824 955 849 1527
619 504 171 946 524 749 511 725 668 193 182 348 609 682 490 615 1111 427 291 801 398 1058 0 425 1476 1064 483 261 534 420 509 634
239 691 511 566 711 369 769 345 338 494 369 646 229 302 110 235 1369 614 390 421 243 1316 425 0 1096 1322 217 448 721 607 697 254
1226 1779 1592 870 1799 1356 1857 1061 1087 1582 1457 1727 1235 1290 1140 1222 1422 1702 1472 994 1331 1839 1512 1132 0 1845 1247 1535 1809 1695 1784 1242
1517 860 935 1844 840 1647 692 1623 1390 957 1009 864 1507 1581 1319 1513 490 1159 1013 1700 1129 176 1033 1323 1845 0 1205 1066 830 961 855 1533
354 798 385 681 778 484 683 460 360 407 542 520 344 417 149 350 1283 787 265 536 381 1230 483 217 1211 1236 0 516 768 780 794 369
642 527 204 969 547 772 545 748 702 226 205 382 632 706 513 638 1144 450 325 824 421 1091 261 448 1500 1097 516 0 557 443 532 657
915 60 609 1242 50 1045 366 1021 1014 603 406 537 905 979 786 911 966 556 687 1097 694 913 534 721 1773 919 878 557 0 359 55 931
801 329 519 1128 349 931 407 907 901 489 293 579 791 865 673 797 1007 304 669 984 581 954 420 607 1659 960 780 443 359 0 334 817
890 47 584 1217 46 1020 342 997 990 578 382 513 880 954 762 886 941 532 662 1073 670 888 509 697 1748 894 854 532 55 334 0 906
115 901 720 493 921 211 979 221 490 704 579 855 124 145 262 111 1578 824 600 298 453 1526 634 254 1206 1531 369 657 931 817 906 0
EOF