NAME : tsp_problem
TYPE : TSP
DIMENSION : 70
EDGE_WEIGHT_TYPE : EXPLICIT
EDGE_WEIGHT_FORMAT : FULL_MATRIX
EDGE_WEIGHT_SECTION
0 173 754 819 947 337 1142 924 570 671 479 102 497 626 868 603 393 567 875 1431 830 502 211 139 643 609 928 874 822 867 802 474 489 785 602 1434 470 868 376 465 466 881 1091 1005 269 878 690 848 986 578 242 624 475 314 311 277 927 270 846 511 264 1107 104 275 937 1207 501 556 306 820
173 0 829 895 1023 480 1285 1000 713 814 622 211 639 702 754 746 279 642 951 1573 905 645 97 282 719 752 1071 761 965 943 878 361 632 928 677 1577 613 1011 263 541 609 767 1166 1147 412 1021 833 923 1061 721 385 767 618 200 454 420 1003 413 921 398 407 1182 247 161 1012 1350 644 631 449 895
754 829 0 89 217 1061 1865 194 1294 1395 1203 792 1220 390 714 1327 1049 330 146 2154 100 1226 867 863 896 1332 1652 721 1545 137 72 897 1213 1508 193 2158 1194 1591 1033 431 1190 727 1343 1728 992 1602 1414 118 1238 1302 966 1347 1199 951 1035 1001 197 994 116 934 988 1360 827 931 207 1931 1224 246 1029 1073
819 895 89 0 160 1126 1931 180 1359 1460 1268 857 1286 455 780 1392 1115 396 86 2220 126 1292 932 928 961 1398 1717 786 1611 78 47 963 1278 1574 259 2223 1259 1657 1098 496 1255 793 1409 1794 1058 1667 1479 143 1304 1368 1031 1413 1264 1016 1100 1066 138 1059 56 1000 1053 1425 893 996 171 1997 1290 311 1095 1138
947 1023 217 160 0 1254 2059 76 1487 1588 1396 985 1413 583 908 1520 1242 524 93 2347 156 1419 1060 1056 1089 1526 1845 914 1739 106 178 1091 1406 1702 387 2351 1387 1785 1226 624 1383 921 1537 1921 1186 1795 1607 133 1432 1495 1159 1541 1392 1144 1228 1194 47 1187 123 1128 1181 1553 1021 1124 67 2124 1418 439 1223 1266
337 480 1061 1126 1254 0 1138 1231 728 394 313 328 331 933 1175 326 700 874 1183 1426 1137 337 518 219 950 767 651 1181 714 1174 1109 781 323 507 909 1430 304 590 684 772 300 1188 1398 727 155 601 413 1155 1293 736 126 782 309 621 145 435 1234 428 1153 818 102 1414 262 582 1244 930 335 863 140 1127
1142 1285 1865 1931 2059 1138 0 2036 597 785 1074 1133 1088 1738 1980 875 1505 1679 1987 330 1942 965 1322 1102 1755 581 573 1986 463 1979 1914 1586 1052 673 1714 333 1021 623 1488 1577 1050 1993 2203 649 1232 613 773 1960 2098 634 1204 571 1065 1425 1124 906 2039 909 1957 1623 1180 2219 1064 1386 2049 436 1084 1668 1185 1932
924 1000 194 180 76 1231 2036 0 1464 1565 1374 962 1391 560 885 1497 1220 501 112 2325 133 1397 1037 1033 1066 1503 1822 891 1716 125 197 1068 1383 1679 364 2328 1364 1762 1203 601 1360 898 1514 1899 1163 1773 1584 110 1409 1473 1136 1518 1369 1122 1206 1171 67 1164 142 1105 1158 1530 998 1101 67 2102 1395 416 1200 1243
570 713 1294 1359 1487 728 597 1464 0 598 870 561 887 1166 1408 688 933 1107 1415 886 1370 779 751 530 1183 73 386 1414 277 1407 1342 1014 865 487 1142 889 834 437 916 1005 857 1421 1631 463 660 426 587 1388 1526 62 633 88 866 854 702 334 1467 337 1386 1051 655 1647 492 815 1477 664 892 1096 697 1360
671 814 1395 1460 1588 394 785 1565 598 0 330 662 344 1267 1509 167 1034 1208 1517 1074 1471 221 852 553 1284 582 298 1516 361 1509 1444 1115 308 309 1243 1077 277 259 1018 1106 306 1522 1732 374 490 249 255 1489 1627 635 460 572 321 955 380 769 1569 762 1487 1152 436 1748 596 916 1578 577 340 1197 441 1461
479 622 1203 1268 1396 313 1074 1374 870 330 0 470 438 1075 1317 261 842 1016 1325 1362 1279 315 660 361 1092 871 586 1324 650 1317 1252 924 402 443 1051 1366 371 526 826 914 400 1330 1540 663 298 537 349 1297 1435 879 268 861 415 763 288 577 1377 570 1295 960 244 1556 404 724 1386 866 434 1005 282 1269
102 211 792 857 985 328 1133 962 561 662 470 0 487 664 906 594 431 605 914 1421 868 493 249 130 681 599 919 912 813 905 840 512 480 775 640 1425 461 859 415 503 457 919 1129 995 260 869 681 886 1024 569 233 615 466 352 302 268 965 261 884 549 255 1145 94 313 975 1198 492 594 297 858
497 639 1220 1286 1413 331 1088 1391 887 344 438 487 0 1093 1334 276 859 1033 1342 1377 1296 330 677 378 1109 885 601 1341 664 1334 1269 941 416 457 1068 1380 385 541 843 932 415 1347 1557 677 315 551 363 1314 1452 896 285 875 430 780 305 594 1394 588 1312 978 262 1573 421 741 1403 880 448 1022 299 1286
626 702 390 455 583 933 1738 560 1166 1267 1075 664 1093 0 371 1199 709 85 512 2027 466 1098 715 735 768 1205 1524 377 1418 503 439 554 1085 1381 238 2030 1066 1464 692 303 1062 384 1216 1600 865 1474 1286 484 1111 1174 838 1220 1071 607 907 873 564 866 482 591 860 1232 700 639 573 1803 1097 192 902 945
867 754 714 780 908 1174 1979 885 1407 1508 1316 905 1334 371 0 1440 695 409 836 2268 791 1340 700 976 1093 1446 1765 154 1659 828 763 540 1326 1622 563 2271 1307 1705 678 628 1303 161 1540 1842 1106 1715 1527 808 1435 1416 1079 1461 1312 593 1148 1114 888 1107 806 576 1101 1556 941 625 897 2045 1338 517 1143 1270
603 746 1327 1392 1520 326 875 1497 688 167 261 594 276 1199 1441 0 966 1140 1448 1163 1403 153 784 485 1216 672 387 1447 451 1440 1375 1047 239 281 1175 1167 209 349 949 1038 238 1454 1664 464 421 338 186 1421 1559 725 392 662 253 887 312 701 1500 694 1419 1084 368 1680 528 848 1510 667 271 1129 373 1393
393 279 1049 1115 1242 700 1505 1220 933 1034 842 431 859 710 695 966 0 748 1171 1793 1125 865 226 502 939 972 1291 702 1185 1163 1098 302 852 1148 897 1797 833 1231 46 761 829 708 1386 1367 632 1241 1053 1143 1281 941 605 987 838 141 674 640 1223 633 1141 339 627 1402 467 150 1232 1570 864 851 669 1115
567 642 330 396 524 874 1679 501 1107 1208 1016 605 1033 85 409 1140 747 0 452 1967 407 1039 680 676 709 1145 1465 416 1358 444 379 592 1026 1321 179 1971 1007 1404 731 244 1003 422 1156 1541 805 1415 1227 424 1051 1115 779 1160 1012 646 848 814 504 807 422 629 801 1173 640 677 513 1744 1038 133 842 886
875 951 146 86 93 1183 1987 112 1415 1517 1325 914 1342 512 836 1448 1171 452 0 2276 182 1348 989 985 1017 1454 1773 843 1667 95 103 1019 1335 1630 315 2280 1316 1713 1154 553 1311 849 1465 1850 1114 1724 1536 196 1360 1424 1087 1469 1321 1073 1157 1123 70 1116 95 1056 1110 1481 949 1053 104 2053 1346 368 1151 1194
1740 1883 2464 2529 2657 1736 639 2634 1195 1383 1672 1731 1686 2336 2578 1473 2103 2277 2586 0 2540 1564 1921 1700 2353 1179 1171 2584 1062 2577 2512 2184 1650 1271 2312 339 1619 1222 2087 2175 1649 2591 2801 1247 1830 1211 1372 2558 2696 1232 1802 1169 1663 2024 1722 1504 2637 1507 2556 2221 1779 2817 1663 1985 2647 1034 1682 2266 1784 2530
830 905 100 126 156 1137 1942 133 1370 1471 1279 868 1296 466 791 1403 1125 407 182 2230 0 1302 943 939 972 1409 1728 797 1622 174 109 974 1289 1584 270 2234 1270 1668 1109 507 1266 804 1420 1804 1069 1678 1490 142 1315 1378 1042 1424 1275 1027 1111 1077 173 1070 152 1011 1064 1436 904 1007 145 2007 1301 322 1106 1149
502 645 1226 1292 1419 337 965 1397 779 221 315 493 330 1098 1340 153 865 1039 1348 1254 1302 0 683 384 1115 763 478 1347 542 1340 1275 947 293 335 1074 1258 263 418 849 937 292 1353 1563 555 321 428 240 1320 1458 816 291 752 307 786 311 600 1400 593 1318 983 268 1579 427 747 1409 758 325 1028 305 1292
211 97 867 932 1060 518 1322 1037 751 852 660 249 677 715 701 784 226 680 989 1611 943 683 0 320 756 789 1109 707 1002 980 915 307 670 965 715 1615 651 1048 210 578 647 714 1204 1185 449 1059 871 961 1099 759 423 804 656 147 492 458 1040 451 959 344 445 1220 284 156 1050 1388 681 669 486 933
139 282 863 928 1056 219 1102 1033 530 553 361 130 378 735 977 485 502 676 985 1390 939 384 320 0 752 569 810 983 782 976 911 583 371 666 711 1394 352 749 486 574 347 990 1200 886 150 760 572 957 1095 538 124 584 357 423 193 237 1036 230 955 620 146 1216 64 384 1046 1089 382 665 187 929
643 719 896 961 1089 950 1755 1066 1183 1284 1092 681 1109 768 1093 1216 939 709 1017 2043 972 1115 756 752 0 1222 1541 1099 1435 1009 944 1020 1102 1398 744 2047 1083 1481 922 607 1079 1106 506 1617 882 1491 1303 990 774 1191 855 1237 1088 859 924 890 1069 883 988 1057 877 522 717 820 1079 1820 1114 698 919 235
609 752 1332 1398 1526 767 581 1503 73 582 871 599 885 1205 1447 672 972 1145 1454 869 1409 763 789 569 1222 0 370 1453 261 1446 1381 1053 849 470 1181 873 818 420 955 1044 847 1459 1669 446 698 410 571 1426 1564 100 672 127 862 892 741 372 1506 376 1424 1090 694 1686 531 853 1515 648 881 1135 735 1399
928 1071 1652 1717 1845 651 573 1822 386 298 586 919 601 1524 1766 387 1291 1465 1773 861 1728 478 1109 810 1541 370 0 1772 149 1765 1700 1372 564 186 1500 865 533 136 1274 1363 563 1779 1989 145 746 125 286 1746 1884 423 717 360 578 1212 637 695 1825 698 1744 1409 693 2005 853 1173 1835 365 596 1454 698 1718
874 760 721 786 914 1181 1985 891 1414 1515 1323 912 1340 377 154 1447 701 416 843 2274 797 1346 707 983 1099 1452 1772 0 1665 834 769 546 1333 1628 569 2278 1314 1711 684 634 1309 167 1547 1848 1112 1722 1534 815 1442 1422 1086 1467 1319 599 1155 1121 894 1114 813 583 1108 1563 947 631 904 2051 1344 523 1149 1276
822 965 1545 1611 1739 714 463 1716 277 361 650 813 664 1418 1660 451 1185 1358 1667 752 1622 542 1002 782 1435 261 149 1666 0 1659 1594 1266 628 249 1394 756 597 199 1168 1257 627 1673 1882 225 810 189 350 1639 1778 314 780 250 641 1105 700 586 1719 589 1637 1303 757 1899 744 1066 1728 428 660 1348 761 1612
867 943 137 78 106 1174 1979 125 1407 1509 1317 905 1334 503 828 1440 1163 444 95 2268 174 1340 980 976 1009 1446 1765 834 1659 0 95 1011 1327 1622 307 2271 1307 1705 1146 544 1303 841 1457 1842 1106 1716 1528 191 1352 1416 1079 1461 1312 1065 1149 1114 83 1107 86 1048 1101 1473 941 1044 116 2045 1338 359 1143 1186
802 878 72 47 178 1109 1914 197 1342 1444 1252 840 1269 439 763 1375 1098 379 103 2203 109 1275 915 911 944 1381 1700 769 1594 95 0 946 1262 1557 242 2206 1242 1640 1081 479 1238 776 1392 1777 1041 1651 1463 126 1287 1351 1014 1396 1247 1000 1084 1049 155 1042 73 983 1036 1408 876 979 189 1980 1273 294 1078 1121
347 233 938 1003 1131 654 1459 1108 887 988 796 385 813 594 580 920 174 633 1060 1747 1014 819 180 456 892 925 1245 586 1138 1051 986 0 806 1101 786 1751 787 1184 158 714 783 593 1340 1321 585 1195 1007 1032 1235 895 559 940 792 73 628 594 1112 587 1030 223 581 1356 420 104 1121 1524 818 740 622 1069
489 632 1213 1278 1406 323 1052 1383 865 308 402 480 416 1085 1327 239 852 1026 1335 1340 1289 293 670 371 1102 849 564 1334 628 1327 1262 933 0 421 1061 1344 349 504 836 924 378 1340 1550 641 308 515 327 1307 1445 889 278 839 393 773 298 587 1387 580 1305 970 254 1566 414 734 1396 844 412 1015 292 1279
785 928 1508 1574 1702 507 673 1679 487 309 443 775 457 1381 1622 281 1148 1321 1630 962 1584 335 965 666 1398 470 186 1629 249 1622 1557 1229 421 0 1357 965 390 148 1131 1220 420 1635 1845 262 603 137 298 1602 1740 523 573 460 434 1068 493 795 1682 799 1600 1266 550 1861 709 1029 1691 465 453 1310 555 1575
602 677 193 259 387 909 1714 364 1142 1243 1051 640 1068 238 563 1175 897 179 315 2002 270 1074 715 711 744 1181 1500 569 1394 307 242 746 1061 1357 0 2006 1042 1440 881 279 1038 576 1192 1576 841 1450 1262 287 1087 1150 814 1196 1047 799 883 849 367 842 285 783 836 1208 676 779 376 1779 1073 168 878 921
1737 1879 2460 2526 2653 1732 636 2631 1191 1380 1668 1727 1683 2332 2574 1469 2099 2273 2582 332 2536 1560 1917 1696 2349 1175 1167 2581 1058 2574 2509 2181 1646 1268 2308 0 1615 1218 2083 2172 1645 2587 2797 1244 1826 1207 1368 2554 2692 1228 1798 1165 1660 2020 1719 1500 2634 1504 2552 2218 1775 2813 1659 1981 2643 1031 1678 2262 1780 2526
470 613 1194 1259 1387 304 1021 1364 834 277 371 461 385 1066 1308 209 833 1007 1316 1309 1270 263 651 352 1083 818 533 1314 597 1307 1242 914 349 390 1042 1313 0 473 817 905 347 1321 1531 610 289 484 296 1288 1426 869 259 808 362 754 279 568 1367 561 1286 951 235 1547 395 715 1377 813 381 996 273 1260
868 1011 1591 1657 1785 590 623 1762 437 259 526 859 541 1464 1706 349 1231 1404 1713 912 1668 418 1048 749 1481 420 136 1712 199 1705 1640 1312 504 148 1440 915 473 0 1214 1303 503 1719 1928 212 686 87 248 1685 1824 473 656 410 518 1151 577 745 1765 749 1683 1349 633 1945 792 1112 1774 415 536 1394 638 1658
376 263 1033 1098 1226 684 1488 1203 916 1018 826 415 843 693 679 949 46 732 1154 1777 1109 849 210 486 922 955 1274 685 1168 1146 1081 285 836 1131 881 1781 817 1214 0 744 812 692 1370 1351 615 1225 1037 1127 1265 925 588 970 822 125 658 624 1206 617 1125 322 611 1386 450 134 1216 1554 847 835 652 1099
465 541 431 496 624 772 1577 601 1005 1106 914 503 932 303 628 1038 761 244 553 1866 507 937 578 574 607 1044 1363 634 1257 544 479 811 924 1220 279 1869 905 1303 744 0 901 641 1055 1439 704 1313 1125 525 950 1013 677 1059 910 681 746 712 605 705 523 848 699 1071 539 642 614 1642 936 233 741 784
466 609 1190 1255 1383 300 1050 1360 857 306 400 457 415 1062 1304 238 829 1003 1311 1339 1266 292 647 347 1079 847 563 1310 627 1303 1238 910 378 420 1038 1343 347 503 812 901 0 1317 1527 639 284 513 325 1284 1422 865 255 837 392 750 274 564 1363 557 1282 947 231 1543 390 710 1373 842 410 992 269 1256
880 767 727 793 921 1187 1992 898 1420 1521 1329 918 1347 384 161 1453 708 422 849 2281 804 1352 713 989 1106 1459 1778 167 1672 841 776 552 1339 1635 576 2284 1320 1718 691 641 1316 0 1553 1854 1119 1728 1540 821 1448 1428 1092 1474 1325 606 1161 1127 901 1120 819 589 1114 1569 954 638 910 2057 1351 530 1156 1282
1091 1166 1343 1409 1537 1398 2203 1514 1631 1732 1540 1129 1557 1216 1540 1664 1386 1156 1465 2491 1420 1563 1204 1200 506 1669 1989 1547 1882 1457 1392 1467 1550 1845 1192 2495 1531 1928 1370 1055 1527 1553 0 2065 1329 1939 1751 1437 336 1639 1303 1684 1536 1307 1372 1338 1517 1331 1435 1504 1325 84 1164 1268 1526 2268 1561 1146 1366 323
1005 1147 1728 1794 1921 727 649 1899 463 374 663 995 677 1600 1842 464 1367 1541 1850 938 1804 555 1185 886 1617 446 145 1849 225 1842 1777 1449 641 262 1576 941 610 212 1351 1439 639 1855 2065 0 823 202 363 1822 1960 499 793 436 654 1288 713 771 1902 775 1820 1486 770 2081 929 1249 1911 441 673 1530 774 1794
269 412 992 1058 1186 155 1232 1163 660 490 298 260 315 865 1107 421 632 805 1114 1520 1069 321 449 150 882 698 746 1113 810 1106 1041 713 308 603 841 1524 289 686 615 704 284 1120 1329 823 0 697 509 1086 1225 668 60 713 294 552 130 367 1166 360 1084 750 83 1346 193 513 1175 1026 319 795 124 1059
878 1021 1602 1667 1795 601 613 1773 426 249 537 869 551 1474 1716 338 1241 1415 1724 901 1678 428 1059 760 1491 410 125 1723 189 1716 1651 1323 515 137 1450 905 484 87 1225 1313 513 1729 1939 202 697 0 237 1696 1834 463 667 400 528 1162 587 735 1776 738 1694 1359 643 1955 803 1123 1785 405 547 1404 648 1668
690 833 1414 1479 1607 413 773 1584 587 255 349 681 363 1286 1528 186 1053 1227 1536 1062 1490 240 871 572 1303 571 286 1535 350 1528 1463 1134 327 298 1262 1066 296 248 1037 1125 325 1541 1751 363 509 237 0 1508 1646 624 479 560 340 974 399 788 1588 781 1506 1171 455 1767 615 935 1597 566 359 1216 460 1480
848 923 118 143 133 1155 1960 110 1388 1489 1297 886 1314 484 808 1421 1143 424 196 2248 142 1320 961 957 990 1426 1746 815 1639 191 126 991 1307 1602 287 2252 1288 1685 1127 525 1284 821 1437 1822 1086 1696 1508 0 1332 1396 1060 1441 1293 1045 1129 1095 151 1088 170 1028 1082 1454 921 1025 123 2025 1318 340 1123 1167
997 1073 1250 1315 1443 1304 2109 1420 1537 1638 1446 1035 1464 1122 1447 1570 1293 1063 1372 2398 1326 1469 1110 1106 774 1576 1895 1453 1789 1363 1298 1374 1456 1752 1098 2401 1437 1835 1276 961 1433 1460 336 1972 1236 1845 1657 1344 0 1545 1209 1591 1442 1213 1278 1244 1423 1237 1342 1411 1231 353 1071 1174 1433 2174 1468 1052 1273 591
578 721 1302 1368 1495 736 634 1473 62 635 879 569 896 1174 1416 725 941 1115 1424 922 1378 816 759 538 1191 100 423 1423 314 1416 1351 1023 889 523 1150 926 869 473 925 1013 865 1429 1639 499 668 463 624 1396 1534 0 641 116 874 862 711 342 1476 346 1394 1059 663 1655 501 823 1485 701 900 1104 705 1368
242 385 966 1031 1159 126 1204 1136 633 460 268 233 285 838 1080 392 605 779 1087 1492 1042 291 423 124 855 672 717 1086 780 1079 1014 686 278 573 814 1496 259 656 588 677 255 1093 1303 793 60 667 479 1060 1198 641 0 687 264 526 100 340 1139 333 1058 723 53 1319 167 487 1149 996 289 768 94 1032
624 767 1347 1413 1541 782 571 1518 88 572 861 615 875 1220 1462 662 987 1160 1469 859 1424 752 804 584 1237 127 360 1468 250 1461 1396 1068 839 460 1196 863 808 410 970 1059 837 1475 1684 436 713 400 560 1441 1580 116 687 0 852 907 756 388 1521 391 1439 1105 709 1701 546 868 1530 638 871 1150 750 1414
475 618 1199 1264 1392 309 1065 1369 866 321 415 466 430 1071 1313 253 838 1012 1321 1354 1275 307 656 357 1088 862 578 1319 641 1312 1247 919 393 434 1047 1357 362 518 822 910 392 1326 1536 654 294 528 340 1293 1431 874 264 852 0 759 284 573 1372 566 1291 956 240 1552 400 720 1382 857 425 1001 278 1265
314 200 952 1017 1145 621 1425 1122 854 955 763 352 780 608 594 887 141 647 1073 1714 1028 786 147 423 859 892 1212 600 1105 1065 1000 200 773 1068 800 1718 754 1151 125 681 750 607 1307 1288 552 1162 974 1046 1202 862 526 907 759 0 595 561 1125 554 1044 237 548 1323 387 71 1135 1491 784 754 589 1036
311 454 1035 1100 1228 145 1124 1206 702 380 288 302 305 907 1149 312 674 848 1157 1413 1111 311 492 193 924 741 637 1156 700 1149 1084 756 298 493 883 1416 279 577 658 746 274 1162 1372 713 130 587 399 1129 1267 711 100 756 284 595 0 409 1209 402 1127 792 76 1388 236 556 1218 916 309 837 114 1101
277 420 1001 1066 1194 435 906 1171 334 769 577 268 594 873 1115 701 640 814 1123 1194 1077 600 458 237 890 372 695 1121 586 1114 1049 721 587 795 849 1198 568 745 624 712 564 1128 1338 771 367 735 788 1095 1233 342 340 388 573 561 409 0 1174 287 1093 758 362 1354 202 522 1184 973 599 803 404 1067
927 1003 197 138 47 1234 2039 67 1467 1569 1377 965 1394 564 888 1500 1223 504 70 2328 173 1400 1040 1036 1069 1506 1825 894 1719 83 155 1071 1387 1682 367 2331 1367 1765 1206 605 1363 901 1517 1902 1166 1776 1588 151 1412 1476 1139 1521 1372 1125 1209 1174 0 1168 100 1108 1162 1533 1001 1104 58 2105 1398 419 1203 1246
270 413 994 1059 1187 428 909 1164 337 762 570 261 588 866 1108 694 633 807 1116 1198 1070 593 451 230 883 376 698 1114 589 1107 1042 714 580 799 842 1201 561 749 617 705 557 1121 1331 775 360 738 781 1088 1226 346 333 391 566 554 402 287 1168 0 1086 751 355 1347 195 515 1177 977 592 796 397 1060
846 921 116 56 123 1153 1957 142 1386 1487 1295 884 1312 482 806 1419 1141 422 95 2246 152 1318 959 955 988 1424 1744 813 1637 86 73 989 1305 1600 285 2250 1286 1683 1125 523 1282 819 1435 1820 1084 1694 1506 170 1330 1394 1058 1439 1291 1043 1127 1093 100 1086 0 1026 1080 1452 919 1023 134 2023 1316 338 1121 1165
358 244 949 1014 1142 665 1470 1119 898 999 807 396 824 605 591 931 185 644 1071 1758 1025 830 191 467 903 936 1256 597 1150 1063 998 197 817 1112 797 1762 798 1196 169 725 794 604 1351 1332 597 1206 1018 1043 1246 906 570 951 803 84 639 605 1123 598 1041 0 592 1367 431 115 1132 1535 829 751 634 1080
264 407 988 1053 1181 102 1180 1158 655 436 244 255 262 860 1102 368 627 801 1110 1469 1064 268 445 146 877 694 693 1108 757 1101 1036 708 254 550 836 1473 235 633 611 699 231 1115 1325 770 83 643 455 1082 1220 663 53 709 240 548 76 362 1162 355 1080 745 0 1341 189 509 1171 973 266 790 71 1054
1107 1182 1360 1425 1553 1414 2219 1530 1647 1748 1556 1145 1573 1232 1556 1680 1402 1173 1481 2507 1436 1579 1220 1216 522 1686 2005 1563 1899 1473 1408 1484 1566 1861 1208 2511 1547 1945 1386 1071 1543 1569 84 2081 1346 1955 1767 1454 353 1655 1319 1701 1552 1323 1388 1354 1533 1347 1452 1521 1341 0 1181 1284 1543 2284 1578 1162 1383 339
104 247 827 893 1021 262 1064 998 492 596 404 94 421 700 942 528 467 640 949 1353 904 427 284 64 717 531 853 948 744 941 876 548 414 709 676 1356 395 792 450 539 390 954 1164 929 193 803 615 921 1059 501 167 546 400 387 236 202 1001 195 919 585 189 1181 0 348 1010 1132 425 630 230 894
275 161 931 996 1124 582 1386 1101 815 916 724 313 741 640 625 848 150 678 1053 1675 1007 747 156 384 820 853 1173 632 1066 1044 979 232 734 1029 779 1679 715 1112 134 642 710 638 1268 1249 513 1123 935 1025 1163 823 487 868 720 71 556 522 1104 515 1023 269 509 1284 348 0 1114 1452 745 733 550 997
937 1012 207 171 67 1244 2049 67 1477 1578 1386 975 1403 573 897 1510 1232 513 104 2337 145 1409 1050 1046 1079 1515 1835 904 1728 116 189 1080 1396 1691 376 2341 1377 1774 1216 614 1373 910 1526 1911 1175 1785 1597 123 1421 1485 1149 1530 1382 1134 1218 1184 58 1177 134 1117 1171 1543 1010 1114 0 2114 1407 429 1212 1256
1207 1350 1931 1997 2124 930 436 2102 664 577 866 1198 880 1803 2045 667 1570 1744 2053 725 2007 758 1388 1089 1820 648 365 2052 428 2045 1980 1652 844 465 1779 728 813 415 1554 1642 842 2058 2268 441 1026 405 566 2025 2163 701 996 638 857 1491 916 973 2105 977 2023 1688 973 2284 1132 1452 2114 0 876 1733 977 1997
501 644 1224 1290 1418 335 1084 1395 892 340 434 492 448 1097 1339 271 864 1038 1346 1372 1301 325 681 382 1114 881 596 1345 660 1338 1273 945 412 453 1073 1376 381 536 847 936 410 1352 1561 673 319 547 359 1318 1457 900 289 871 425 784 309 599 1398 592 1316 982 266 1578 425 745 1407 876 0 1027 304 1291
556 631 246 311 439 863 1668 416 1096 1197 1005 594 1022 192 517 1129 851 133 368 1956 322 1028 669 665 698 1135 1454 523 1348 359 294 700 1015 1310 168 1960 996 1394 835 233 992 530 1146 1530 795 1404 1216 340 1041 1104 768 1150 1001 753 837 803 419 796 338 737 790 1162 630 733 429 1733 1027 0 832 875
306 449 1029 1095 1223 140 1185 1200 697 441 282 297 299 902 1144 373 669 842 1151 1474 1106 305 486 187 919 735 698 1150 761 1143 1078 750 292 555 878 1477 273 638 652 741 269 1157 1366 774 124 648 460 1123 1262 705 94 750 278 589 114 404 1203 397 1121 787 71 1383 230 550 1212 977 304 832 0 1096
820 895 1073 1138 1266 1127 1932 1243 1360 1461 1269 858 1286 945 1270 1393 1115 886 1194 2220 1149 1292 933 929 235 1399 1718 1276 1612 1186 1121 1197 1279 1575 921 2224 1260 1658 1099 784 1256 1282 323 1794 1059 1668 1480 1167 591 1368 1032 1414 1265 1036 1101 1067 1246 1060 1165 1234 1054 339 894 997 1256 1997 1291 875 1096 0
EOF