NAME : tsp_problem
TYPE : TSP
DIMENSION : 28
EDGE_WEIGHT_TYPE : EXPLICIT
EDGE_WEIGHT_FORMAT : FULL_MATRIX
EDGE_WEIGHT_SECTION
0 319 4194 1085 782 282 317 1399 237 791 1102 124 911 1111 1055 1066 749 1241 1010 1214 673 73 188 2036 828 806 334 1277
319 0 4471 1362 1059 118 96 1676 121 1068 1379 246 1188 1388 1332 1343 1026 1518 1287 1491 951 274 174 2313 1105 1083 72 1554
4194 4471 0 3247 3803 4434 4469 4823 4389 3481 3261 4276 3359 3134 3197 3216 3769 4666 3238 3030 3579 4225 4340 3522 3415 3827 4486 2958
1085 1362 3247 0 693 1325 1360 1714 1279 486 438 1167 282 311 374 393 660 1556 381 871 470 1116 1231 1362 522 718 1377 330
782 1059 3803 693 0 1022 1057 1411 976 400 711 864 520 720 664 674 146 1254 619 823 282 813 928 1645 436 166 1074 885
282 118 4434 1325 1022 0 61 1639 182 1031 1342 209 1151 1351 1295 1306 989 1481 1250 1454 914 236 137 2276 1068 1046 70 1517
317 96 4469 1360 1057 61 0 1674 198 1066 1377 244 1186 1386 1330 1341 1024 1516 1285 1489 949 271 172 2311 1103 1081 49 1552
1399 1676 4823 1714 1411 1639 1674 0 1594 1420 1731 1481 1541 1741 1684 1695 1378 184 1640 1843 1303 1430 1545 2665 1457 1436 1691 1906
237 121 4389 1279 976 182 198 1594 0 986 1296 164 1106 1306 1249 1260 943 1436 1205 1409 868 191 91 2230 1022 1001 173 1471
791 1068 3481 486 400 1031 1066 1420 986 0 503 873 312 513 456 467 366 1263 412 498 177 823 937 1320 229 424 1083 678
1102 1379 3261 438 711 1342 1377 1731 1296 503 0 1184 299 325 388 407 677 1573 398 885 487 1133 1248 1377 540 735 1394 344
124 246 4276 1167 864 209 244 1481 164 873 1184 0 993 1193 1137 1148 830 1323 1092 1296 755 78 119 2118 909 888 261 1359
911 1188 3359 282 520 1151 1186 1541 1106 312 299 993 0 309 252 263 486 1383 208 735 297 943 1057 1474 349 544 1203 441
1111 1388 3134 311 720 1351 1386 1741 1306 513 325 1193 309 0 261 280 686 1583 301 758 497 1143 1257 1250 549 744 1403 217
1055 1332 3197 374 664 1295 1330 1684 1249 456 388 1137 252 261 0 343 630 1526 351 821 440 1086 1201 1312 492 688 1347 280
1066 1343 3216 393 674 1306 1341 1695 1260 467 407 1148 263 280 343 0 641 1537 362 840 451 1097 1212 1332 503 699 1358 299
749 1026 3769 660 146 989 1024 1378 943 366 677 830 486 686 630 641 0 1220 586 789 249 780 895 1611 403 166 1040 852
1241 1518 4666 1556 1254 1481 1516 184 1436 1263 1573 1323 1383 1583 1526 1537 1220 0 1482 1686 1145 1273 1387 2507 1299 1278 1533 1748
1010 1287 3238 381 619 1250 1285 1640 1205 412 398 1092 208 301 351 362 586 1482 0 834 396 1042 1156 1353 448 643 1302 320
1214 1491 3030 871 823 1454 1489 1843 1409 498 885 1296 735 758 821 840 789 1686 834 0 599 1245 1360 869 432 847 1506 582
673 951 3579 470 282 914 949 1303 868 177 487 755 297 497 440 451 249 1145 396 599 0 705 819 1421 213 306 965 662
73 274 4225 1116 813 236 271 1430 191 823 1133 78 943 1143 1086 1097 780 1273 1042 1245 705 0 142 2067 859 838 288 1308
188 174 4340 1231 928 137 172 1545 91 937 1248 119 1057 1257 1201 1212 895 1387 1156 1360 819 142 0 2182 974 952 189 1423
2346 2623 3832 1672 1954 2586 2621 2975 2540 1629 1686 2427 1784 1559 1622 1641 1921 2817 1662 1179 1731 2377 2492 0 1564 1979 2637 1383
828 1105 3415 522 436 1068 1103 1457 1022 229 540 909 349 549 492 503 403 1299 448 432 213 859 974 1254 0 461 1120 714
806 1083 3827 718 166 1046 1081 1436 1001 424 735 888 544 744 688 699 166 1278 643 847 306 838 952 1669 461 0 1098 910
334 72 4486 1377 1074 70 49 1691 173 1083 1394 261 1203 1403 1347 1358 1040 1533 1302 1506 965 288 189 2328 1120 1098 0 1569
1277 1554 2958 330 885 1517 1552 1906 1471 678 344 1359 441 217 280 299 852 1748 320 582 662 1308 1423 1074 714 910 1569 0
EOF