NAME : tsp_problem
TYPE : TSP
DIMENSION : 80
EDGE_WEIGHT_TYPE : EXPLICIT
EDGE_WEIGHT_FORMAT : FULL_MATRIX
EDGE_WEIGHT_SECTION
0 2268 867 670 871 1338 1602 2357 1042 1340 808 634 2271 625 487 1714 1277 1343 596 754 1602 1540 1106 1101 1318 1508 1323 678 1059 1242 625 1425 1174 1765 905 739 1685 1416 1440 1407 862 1302 1842 1638 576 1527 1298 1363 845 791 1307 1722 1005 658 1343 1567 593 161 1446 1107 1114 1270 828 1622 1148 1348 585 1781 806 563 154 1526 1326 652 635 2045 788 1559 823 409
2578 0 1740 2048 2621 1682 1309 107 1598 1564 2558 1979 339 1985 2236 2975 1647 1559 2346 1883 1099 2801 1830 1779 1633 1383 1641 2087 1564 1437 2375 1466 1736 1171 1731 2489 2946 1232 1473 1195 2611 1608 1247 2898 2221 1372 1641 1258 2594 2540 1656 1002 1729 2408 1676 1325 2024 2591 1179 1507 1504 2530 2577 1271 1722 1671 2027 846 2556 2312 2584 1365 1650 1953 2384 1034 2537 1373 2572 2277
868 1431 0 338 910 501 765 1520 205 502 848 268 1434 275 526 1265 440 506 635 173 765 1091 269 264 481 671 485 376 222 405 665 588 337 928 102 778 1236 578 603 570 901 465 1005 1188 511 690 460 526 884 830 470 885 168 698 506 730 314 881 609 270 277 820 867 785 311 511 317 944 846 602 874 689 489 243 674 1207 827 722 862 567
670 1738 338 0 630 809 1073 1828 513 810 567 509 1742 515 245 1102 748 814 355 413 1073 928 577 572 788 979 793 617 530 713 384 896 645 1236 376 498 1073 886 911 878 620 773 1312 1025 752 998 768 834 603 549 778 1193 476 417 814 1038 554 683 917 578 585 657 586 1093 619 819 557 1252 565 321 676 997 797 483 393 1515 546 1030 581 286
871 2311 910 630 0 1381 1646 2401 1086 1383 175 1081 2315 1088 406 1674 1320 1386 317 986 1645 1500 1149 1145 1361 1552 1366 1189 1103 1286 292 1468 1218 1808 949 175 1645 1459 1483 1450 38 1345 1885 1598 1091 1571 1341 1406 56 198 1350 1765 1049 237 1387 1611 1108 884 1489 1151 1158 1229 73 1665 1192 1391 1099 1824 91 350 878 1570 1370 1056 254 2088 110 1603 169 487
1339 1372 501 809 1381 0 434 1462 527 325 1318 739 1376 745 997 1736 409 321 1106 644 801 1561 319 266 395 340 403 847 544 727 1136 256 335 596 492 1249 1707 900 271 892 1372 370 673 1659 982 359 403 847 1355 1301 418 827 370 1169 438 399 784 1352 881 592 599 1291 1338 453 309 433 787 886 1316 1073 1345 358 412 714 1145 876 1298 391 1333 1038
1603 999 765 1073 1646 434 0 1089 791 315 1583 1003 1003 1010 1261 2000 399 311 1371 908 428 1826 583 530 385 330 393 1112 808 766 1400 246 488 223 756 1513 1971 561 261 524 1636 360 299 1923 1246 335 393 587 1619 1565 408 453 634 1433 428 289 1049 1616 508 836 833 1555 1602 235 474 423 1052 512 1581 1337 1609 329 401 978 1409 502 1562 336 1597 1302
2484 242 1646 1954 2527 1588 1215 0 1504 1470 2464 1885 245 1891 2142 2881 1553 1465 2252 1789 1005 2707 1736 1685 1539 1289 1547 1993 1470 1343 2281 1372 1642 1077 1637 2395 2852 1138 1379 1101 2517 1514 1153 2804 2127 1278 1547 1164 2500 2446 1562 908 1635 2314 1582 1231 1930 2497 1085 1413 1410 2436 2483 1177 1628 1577 1933 752 2462 2218 2490 1271 1556 1859 2290 940 2443 1279 2478 2183
1043 1289 205 513 1086 527 791 1378 0 528 1023 444 1292 450 701 1440 466 532 811 348 623 1266 295 290 506 697 511 552 248 311 840 614 363 789 196 954 1411 437 629 428 1076 491 866 1363 686 716 486 384 1059 1005 496 743 194 873 532 756 489 1056 467 296 303 995 1042 811 337 537 492 802 1021 777 1049 715 515 418 849 1067 1002 748 1037 742
1340 1254 502 810 1383 325 315 1344 528 0 1320 741 1258 747 999 1737 291 203 1108 645 683 1563 321 268 277 221 285 849 545 728 1137 138 337 478 493 1251 1708 816 153 779 1373 252 555 1661 983 240 285 842 1356 1302 300 708 371 1170 320 280 786 1353 763 593 600 1292 1340 335 311 315 789 768 1318 1074 1347 239 293 715 1147 758 1299 272 1335 1039
808 2248 848 567 175 1318 1583 2338 1023 1320 0 1019 2252 1025 343 1611 1258 1324 254 923 1582 1437 1086 1082 1298 1489 1303 1127 1040 1223 229 1406 1155 1746 886 112 1583 1396 1421 1388 174 1282 1822 1535 1028 1508 1278 1343 192 142 1287 1702 986 174 1324 1548 1045 821 1426 1088 1095 1167 191 1602 1129 1328 1037 1762 170 287 815 1507 1307 993 191 2025 151 1540 113 424
635 1669 268 509 1081 739 1003 1759 444 741 1019 0 1672 90 697 1436 678 744 806 155 1003 1262 507 503 719 910 724 143 461 644 836 826 575 1166 306 949 1407 817 841 808 1072 703 1243 1359 278 929 699 764 1055 1001 708 1123 407 869 744 968 80 648 847 509 515 991 1038 1023 550 749 83 1182 1017 773 641 928 728 117 845 1446 998 961 1033 688
2574 332 1737 2044 2617 1678 1305 104 1595 1560 2554 1975 0 1981 2233 2971 1643 1556 2342 1879 1095 2797 1826 1775 1630 1380 1638 2083 1560 1433 2371 1463 1732 1167 1727 2485 2942 1228 1469 1191 2607 1604 1244 2895 2218 1368 1637 1255 2590 2536 1653 998 1726 2404 1673 1322 2020 2587 1175 1504 1500 2526 2574 1268 1719 1668 2023 842 2552 2308 2581 1362 1646 1949 2381 1031 2533 1369 2569 2273
625 1675 275 515 1088 745 1010 1765 450 747 1025 90 1679 0 703 1442 684 750 812 161 1009 1268 513 509 725 916 730 134 467 650 842 832 582 1173 313 955 1413 823 848 815 1078 709 1249 1365 269 935 705 770 1061 1007 714 1129 413 875 751 975 71 638 853 515 522 997 1044 1029 556 755 74 1188 1023 779 632 934 734 108 851 1452 1004 967 1039 678
487 1927 526 245 406 997 1261 2017 701 999 343 697 1930 703 0 1290 936 1002 172 602 1261 1116 765 761 977 1168 982 805 719 901 163 1084 833 1424 564 274 1261 1075 1099 1066 397 961 1501 1214 707 1187 957 1022 380 326 966 1381 665 193 1002 1226 724 500 1105 767 773 845 363 1281 808 1007 715 1440 341 138 493 1186 986 672 170 1704 323 1218 358 103
1714 2665 1265 1102 1674 1736 2000 2755 1440 1737 1611 1436 2669 1442 1290 0 1675 1741 1399 1340 1999 202 1504 1499 1715 1906 1720 1544 1457 1640 1428 1823 1572 2163 1303 1542 54 1813 1838 1805 1665 1699 2239 122 1678 1925 1695 1760 1648 1594 1704 2119 1403 1461 1741 1965 1481 1727 1843 1505 1512 497 1631 2019 1546 1746 1484 2179 1609 1366 1721 1924 1724 1410 1438 2442 1591 1957 1626 1330
1278 1338 440 748 1320 409 399 1427 466 291 1258 678 1341 684 936 1675 0 286 1045 583 766 1501 258 205 360 305 368 786 483 666 1075 222 274 562 431 1188 1646 839 237 831 1311 335 638 1598 921 324 368 786 1294 1240 383 792 309 1108 403 364 724 1291 846 531 538 1230 1277 418 248 398 726 851 1256 1012 1284 323 377 653 1084 841 1237 356 1272 977
1344 1250 506 814 1386 321 311 1339 532 203 1324 744 1253 750 1002 1741 286 0 1111 649 678 1567 324 271 273 217 280 852 549 732 1141 134 340 474 497 1254 1712 811 149 774 1377 247 550 1664 987 236 280 838 1360 1306 295 704 375 1174 315 276 789 1357 758 597 604 1296 1343 330 314 310 792 763 1322 1078 1350 235 289 719 1150 753 1303 268 1338 1043
596 2036 635 355 317 1106 1371 2126 811 1108 254 806 2039 812 172 1399 1045 1111 0 711 1370 1225 874 870 1086 1277 1091 914 828 1011 74 1193 943 1533 673 185 1370 1184 1208 1175 308 1070 1610 1323 816 1296 1066 1131 291 237 1075 1490 774 104 1111 1336 833 609 1214 876 883 954 274 1390 917 1116 824 1549 252 132 603 1295 1095 781 81 1813 234 1328 269 212
754 1573 173 413 986 644 908 1663 348 645 923 155 1577 161 602 1340 583 649 711 0 908 1166 412 407 623 814 628 263 365 548 740 731 480 1071 211 854 1311 721 746 713 976 608 1147 1264 398 833 603 668 960 905 613 1028 311 773 649 873 200 767 752 413 420 895 943 928 454 654 203 1087 921 677 761 832 632 129 750 1350 903 865 938 642
1603 790 765 1073 1645 801 428 879 623 683 1582 1003 793 1009 1261 1999 766 678 1370 908 0 1825 854 850 753 502 761 1111 588 462 1399 585 855 290 755 1513 1971 256 592 229 1636 727 366 1923 1246 491 760 283 1619 1565 775 244 754 1432 796 445 1048 1616 253 532 529 1555 1602 391 841 791 1051 303 1580 1337 1609 485 769 977 1409 568 1562 492 1597 1301
1540 2491 1091 928 1500 1561 1826 2581 1266 1563 1437 1262 2495 1268 1116 202 1501 1567 1225 1166 1825 0 1329 1325 1541 1732 1546 1370 1283 1466 1254 1649 1398 1989 1129 1368 206 1639 1664 1631 1491 1525 2065 166 1504 1751 1521 1586 1474 1420 1530 1945 1229 1287 1567 1791 1307 1553 1669 1331 1338 323 1457 1845 1372 1571 1310 2005 1435 1192 1547 1750 1550 1236 1264 2268 1417 1783 1452 1156
1107 1520 269 577 1149 319 583 1610 295 321 1086 507 1524 513 765 1504 258 324 874 412 854 1329 0 83 299 490 304 615 312 495 903 406 155 746 260 1017 1475 668 421 660 1140 283 823 1427 750 509 279 615 1123 1069 288 974 138 937 324 548 552 1120 698 360 367 1059 1106 603 130 329 555 1034 1084 841 1113 508 308 482 913 1026 1066 541 1101 805
1102 1469 264 572 1145 266 530 1559 290 268 1082 503 1473 509 761 1499 205 271 870 407 850 1325 83 0 246 436 251 611 307 490 899 353 102 693 255 1013 1470 663 368 655 1135 230 770 1422 745 455 226 611 1118 1064 235 923 133 932 271 495 548 1115 694 355 362 1054 1101 550 76 276 551 982 1080 836 1108 454 254 477 908 973 1061 487 1096 801
1318 1324 481 788 1361 395 385 1414 506 277 1298 719 1327 725 977 1715 360 273 1086 623 753 1541 299 246 0 291 355 827 524 706 1115 208 315 548 471 1229 1686 880 223 849 1351 321 624 1639 962 310 354 827 1335 1280 370 778 349 1148 390 350 764 1331 832 572 578 1270 1318 405 289 385 767 837 1296 1052 1325 309 363 693 1125 827 1278 342 1313 1017
1509 1074 671 979 1552 340 330 1163 697 221 1489 910 1077 916 1168 1906 305 217 1277 814 502 1732 490 436 291 0 299 1018 714 840 1306 152 394 298 662 1420 1877 635 167 598 1542 266 374 1830 1152 255 299 662 1525 1471 314 528 540 1339 334 294 955 1522 582 762 769 1461 1509 309 380 329 958 587 1487 1243 1516 254 308 884 1316 577 1468 287 1503 1208
1323 1332 485 793 1366 403 393 1422 511 285 1303 724 1335 730 982 1720 368 280 1091 628 761 1546 304 251 355 299 0 832 528 711 1120 216 320 556 476 1234 1691 885 231 857 1356 329 632 1644 966 318 362 832 1339 1285 377 786 354 1153 398 358 769 1336 840 576 583 1275 1323 412 294 393 772 845 1301 1057 1330 317 371 698 1130 835 1282 350 1318 1022
679 1777 376 617 1189 847 1112 1867 552 849 1127 143 1781 134 805 1544 786 852 914 263 1111 1370 615 611 827 1018 832 0 569 752 944 934 684 1274 415 1057 1515 925 949 916 1180 811 1351 1467 322 1037 807 872 1163 1109 816 1231 515 977 853 1077 125 692 955 617 624 1099 1146 1131 658 857 128 1290 1125 881 685 1036 836 161 953 1554 1106 1069 1141 732
1060 1254 222 530 1103 544 808 1344 248 545 1040 461 1258 467 719 1457 483 549 828 365 588 1283 312 307 524 714 528 569 0 276 857 631 380 755 213 971 1428 402 646 394 1093 508 831 1380 703 733 503 349 1076 1022 513 708 211 890 549 773 506 1073 432 313 320 1012 1059 828 354 554 509 767 1038 794 1066 732 532 435 866 1033 1019 765 1054 759
1243 1127 405 713 1286 727 766 1217 311 728 1223 644 1131 650 901 1640 666 732 1011 548 462 1466 495 490 706 840 711 752 276 0 1040 814 563 628 396 1154 1611 275 829 267 1276 691 704 1563 886 829 686 222 1259 1205 696 582 394 1073 732 782 689 1256 305 220 216 1195 1242 728 537 737 692 641 1221 977 1249 822 715 618 1049 906 1202 830 1237 942
625 2065 665 384 292 1136 1400 2155 840 1137 229 836 2069 842 163 1428 1075 1141 74 740 1399 1254 903 899 1115 1306 1120 944 857 1040 0 1223 972 1563 703 160 1400 1213 1238 1205 283 1099 1639 1352 845 1325 1095 1160 266 212 1104 1519 803 79 1141 1365 862 638 1243 905 912 984 249 1419 946 1145 854 1579 227 107 632 1324 1124 810 56 1842 209 1357 244 242
1426 1157 588 896 1468 256 246 1246 614 138 1406 826 1160 832 1084 1823 222 134 1193 731 585 1649 406 353 208 152 216 934 631 814 1223 0 310 381 579 1336 1794 718 84 681 1459 183 457 1746 1069 171 216 745 1442 1388 231 611 457 1256 251 211 872 1439 665 679 686 1378 1425 266 297 246 874 670 1404 1160 1432 170 224 801 1232 660 1385 203 1420 1125
1175 1426 337 645 1218 335 488 1516 363 337 1155 575 1430 582 833 1572 274 340 943 480 855 1398 155 102 315 394 320 684 380 563 972 310 0 651 328 1085 1543 736 326 728 1208 299 727 1495 818 413 295 683 1191 1137 304 881 206 1005 340 453 621 1188 767 428 435 1127 1174 507 145 345 624 940 1153 909 1181 412 323 550 981 930 1134 445 1169 874
1766 861 928 1236 1808 596 223 951 789 478 1746 1166 865 1173 1424 2163 562 474 1533 1071 290 1989 746 693 548 298 556 1274 755 628 1563 381 651 0 919 1676 2134 423 387 386 1799 523 145 2086 1409 286 556 449 1782 1728 571 315 797 1596 591 240 1212 1779 370 698 695 1718 1765 186 637 586 1215 375 1744 1500 1772 280 564 1141 1572 365 1725 287 1760 1465
906 1421 102 376 949 492 756 1511 196 493 886 306 1425 313 564 1303 431 497 673 211 755 1129 260 255 471 662 476 415 213 396 703 579 328 919 0 816 1274 569 594 561 939 455 995 1226 549 681 451 516 922 868 461 875 159 736 497 721 352 919 599 261 268 858 905 775 302 502 355 935 884 640 912 680 480 281 712 1198 865 713 900 605
739 2179 778 498 175 1249 1513 2269 954 1251 112 949 2182 955 274 1542 1188 1254 185 854 1513 1368 1017 1013 1229 1420 1234 1057 971 1154 160 1336 1085 1676 816 0 1513 1327 1351 1318 165 1213 1753 1466 959 1439 1209 1274 148 94 1218 1633 917 114 1254 1478 976 752 1357 1019 1025 1097 132 1533 1060 1259 967 1692 110 218 746 1438 1238 924 122 1956 91 1471 126 355
1685 2636 1236 1073 1645 1707 1971 2726 1411 1708 1583 1407 2640 1413 1261 54 1646 1712 1370 1311 1971 206 1475 1470 1686 1877 1691 1515 1428 1611 1400 1794 1543 2134 1274 1513 0 1784 1809 1776 1636 1671 2210 126 1650 1896 1666 1731 1619 1565 1676 2091 1374 1433 1712 1936 1452 1698 1815 1476 1483 468 1602 1990 1517 1717 1455 2150 1581 1337 1692 1895 1695 1381 1409 2413 1562 1928 1597 1302
1416 922 578 886 1459 900 561 1012 437 816 1396 817 926 823 1075 1813 839 811 1184 721 256 1639 668 663 880 635 885 925 402 275 1213 718 736 423 569 1327 1784 0 725 62 1449 860 499 1737 1059 624 860 115 1432 1378 869 376 568 1246 905 577 862 1429 100 346 342 1368 1416 523 711 910 865 436 1394 1150 1423 617 889 791 1223 701 1375 625 1411 1115
1441 1163 603 911 1483 271 261 1253 629 153 1421 841 1167 848 1099 1838 237 149 1208 746 592 1664 421 368 223 167 231 949 646 829 1238 84 326 387 594 1351 1809 725 0 688 1474 198 464 1761 1084 186 231 751 1457 1403 246 617 472 1271 266 226 887 1454 672 694 701 1393 1440 281 312 261 890 677 1419 1175 1447 185 239 816 1247 667 1400 218 1435 1140
1408 886 570 878 1450 892 524 975 428 779 1388 808 889 815 1066 1805 831 774 1175 713 229 1631 660 655 849 598 857 916 394 267 1205 681 728 386 561 1318 1776 62 688 0 1441 823 463 1728 1051 587 851 88 1424 1370 861 340 559 1238 892 541 854 1421 73 337 334 1360 1407 487 702 887 857 399 1386 1142 1414 581 865 783 1214 664 1367 588 1402 1107
862 2301 901 620 38 1372 1636 2391 1076 1373 174 1072 2305 1078 397 1665 1311 1377 308 976 1636 1491 1140 1135 1351 1542 1356 1180 1093 1276 283 1459 1208 1799 939 165 1636 1449 1474 1441 0 1336 1875 1588 1082 1561 1331 1396 55 196 1341 1756 1039 227 1377 1601 1098 875 1480 1141 1148 1220 72 1656 1182 1382 1090 1815 90 341 868 1560 1360 1046 245 2078 101 1593 168 478
1303 1299 465 773 1345 370 360 1388 491 252 1282 703 1302 709 961 1699 335 247 1070 608 727 1525 283 230 321 266 329 811 508 691 1099 183 299 523 455 1213 1671 860 198 823 1336 0 599 1623 946 285 329 811 1319 1265 344 753 334 1132 364 325 748 1315 807 556 563 1255 1302 379 273 359 751 812 1280 1037 1309 284 338 677 1109 802 1262 317 1297 1001
1842 938 1005 1312 1885 673 299 1027 866 555 1822 1243 941 1249 1501 2239 638 550 1610 1147 366 2065 823 770 624 374 632 1351 831 704 1639 457 727 145 995 1753 2210 499 464 463 1875 599 0 2163 1486 363 632 526 1858 1804 647 392 873 1672 667 316 1288 1855 446 775 771 1794 1842 262 713 662 1291 451 1820 1576 1849 356 641 1217 1649 441 1801 364 1837 1541
1638 2589 1188 1025 1598 1659 1923 2679 1363 1661 1535 1359 2592 1365 1214 122 1598 1664 1323 1264 1923 166 1427 1422 1639 1830 1644 1467 1380 1563 1352 1746 1495 2086 1226 1466 126 1737 1761 1728 1588 1623 2163 0 1602 1849 1619 1684 1571 1517 1628 2043 1327 1385 1664 1888 1404 1651 1767 1428 1435 420 1555 1943 1470 1669 1407 2102 1533 1289 1644 1847 1648 1334 1362 2366 1514 1880 1549 1254
591 1758 358 598 1106 829 1093 1848 533 830 1043 125 1762 115 722 1525 768 834 831 244 1092 1351 597 592 808 999 813 169 550 733 860 916 665 1256 396 974 1496 906 931 898 1096 792 1332 1449 0 1018 788 853 1079 1025 797 1212 496 893 834 1058 84 604 936 598 605 1080 1063 1112 639 839 75 1272 1041 797 597 1017 817 142 870 1535 1022 1050 1057 644
1528 1062 690 998 1571 359 335 1152 716 240 1508 929 1066 935 1187 1925 324 236 1296 833 491 1751 509 455 310 255 318 1037 733 829 1325 171 413 286 681 1439 1896 624 186 587 1561 285 363 1849 1171 0 318 650 1544 1490 333 516 559 1358 353 313 974 1541 571 781 788 1480 1528 298 399 348 977 575 1506 1262 1535 273 327 903 1335 566 1487 306 1522 1227
1298 1332 460 768 1341 403 393 1421 486 285 1278 699 1335 705 957 1695 368 280 1066 603 760 1521 279 226 354 299 362 807 503 686 1095 216 295 556 451 1209 1666 860 231 851 1331 329 632 1619 941 318 0 807 1314 1260 377 786 329 1128 397 358 744 1311 840 551 558 1250 1298 412 269 392 747 845 1276 1032 1305 317 371 673 1105 835 1257 350 1293 997
1363 949 526 834 1406 847 587 1038 384 842 1343 764 952 770 1022 1760 786 838 1131 668 283 1586 615 611 827 662 832 872 349 222 1160 745 683 449 516 1274 1731 115 751 88 1396 811 526 1684 1007 650 807 0 1380 1325 816 403 515 1193 852 604 809 1376 127 293 289 1316 1363 550 658 857 812 462 1341 1097 1370 644 836 738 1170 727 1323 651 1358 1062
845 2285 884 603 56 1355 1619 2374 1059 1356 192 1055 2288 1061 380 1648 1294 1360 291 960 1619 1474 1123 1118 1335 1525 1339 1163 1076 1259 266 1442 1191 1782 922 148 1619 1432 1457 1424 55 1319 1858 1571 1065 1544 1314 1380 0 190 1324 1739 1022 210 1360 1584 1081 858 1463 1124 1131 1203 91 1639 1165 1365 1073 1798 103 324 851 1543 1343 1029 228 2061 85 1576 186 461
791 2230 830 549 198 1301 1565 2320 1005 1302 142 1001 2234 1007 326 1594 1240 1306 237 905 1565 1420 1069 1064 1280 1471 1285 1109 1022 1205 212 1388 1137 1728 868 94 1565 1378 1403 1370 196 1265 1804 1517 1011 1490 1260 1325 190 0 1270 1685 968 156 1306 1530 1027 804 1409 1070 1077 1149 174 1584 1111 1311 1019 1744 152 270 797 1489 1289 975 173 2007 133 1522 136 407
1308 1347 470 778 1350 418 408 1436 496 300 1287 708 1350 714 966 1704 383 295 1075 613 775 1530 288 235 370 314 377 816 513 696 1104 231 304 571 461 1218 1676 869 246 861 1341 344 647 1628 951 333 377 816 1324 1270 0 801 339 1137 412 373 753 1321 855 561 568 1260 1307 427 278 407 756 860 1285 1042 1314 332 386 683 1114 850 1267 365 1302 1006
1723 692 885 1193 1765 827 453 782 743 708 1702 1123 696 1129 1381 2119 792 704 1490 1028 244 1945 974 923 778 528 786 1231 708 582 1519 611 881 315 875 1633 2091 376 617 340 1756 753 392 2043 1366 516 786 403 1739 1685 801 0 874 1552 821 470 1168 1735 323 652 649 1675 1722 416 867 816 1171 283 1700 1457 1729 510 794 1097 1529 471 1682 517 1717 1421
1006 1420 168 476 1049 370 634 1509 194 371 986 407 1423 413 665 1403 309 375 774 311 754 1229 138 133 349 540 354 515 211 394 803 457 206 797 159 917 1374 568 472 559 1039 334 873 1327 649 559 329 515 1022 968 339 874 0 836 375 599 452 1019 598 259 266 958 1005 654 180 380 455 933 984 740 1012 558 358 381 813 1076 965 591 1000 705
658 2098 698 417 237 1169 1433 2188 873 1170 174 869 2102 875 193 1461 1108 1174 104 773 1432 1287 937 932 1148 1339 1153 977 890 1073 79 1256 1005 1596 736 114 1433 1246 1271 1238 227 1132 1672 1385 878 1358 1128 1193 210 156 1137 1552 836 0 1174 1398 895 671 1276 938 945 1017 193 1452 979 1179 887 1612 172 138 665 1357 1157 843 41 1875 153 1390 188 275
1344 1367 506 814 1387 438 428 1457 532 320 1324 744 1370 751 1002 1741 403 315 1111 649 796 1567 324 271 390 334 398 853 549 732 1141 251 340 591 497 1254 1712 905 266 892 1377 364 667 1664 987 353 397 852 1360 1306 412 821 375 1174 0 393 790 1357 875 597 604 1296 1343 447 314 428 793 880 1322 1078 1350 352 406 719 1150 870 1303 385 1338 1043
1568 1016 730 1038 1611 399 289 1106 756 280 1548 968 1019 975 1226 1965 364 276 1336 873 445 1791 548 495 350 294 358 1077 773 782 1365 211 453 240 721 1478 1936 577 226 541 1601 325 316 1888 1211 313 358 604 1584 1530 373 470 599 1398 393 0 1014 1581 524 821 828 1520 1567 252 439 388 1017 529 1546 1302 1574 312 366 943 1374 519 1527 345 1562 1267
594 1714 314 554 1108 784 1049 1804 489 786 1046 80 1718 71 724 1481 724 789 833 200 1048 1307 552 548 764 955 769 125 506 689 863 872 621 1212 352 976 1452 862 887 854 1099 748 1288 1404 237 974 744 809 1082 1028 753 1168 452 896 790 1014 0 607 892 554 561 1036 1065 1068 595 794 65 1228 1044 800 600 973 773 98 872 1491 1025 1006 1060 647
161 2281 880 683 884 1351 1615 2370 1055 1352 821 647 2284 638 500 1727 1290 1356 609 767 1615 1553 1119 1114 1331 1521 1335 691 1072 1255 638 1438 1187 1778 918 752 1698 1428 1453 1420 875 1315 1854 1651 589 1540 1310 1376 858 804 1320 1735 1018 671 1356 1580 606 0 1459 1120 1127 1282 841 1635 1161 1361 598 1794 819 576 167 1539 1339 665 648 2057 801 1572 836 422
1447 869 609 917 1489 881 508 959 467 763 1426 847 873 853 1105 1843 846 758 1214 752 253 1669 698 694 832 582 840 955 432 305 1243 665 767 370 599 1357 1815 100 672 73 1480 807 446 1767 1090 571 840 127 1463 1409 855 323 598 1276 875 524 892 1459 0 376 372 1399 1446 470 741 870 895 383 1424 1181 1453 564 849 821 1253 648 1406 572 1441 1145
1108 1198 270 578 1151 592 836 1288 296 593 1088 509 1201 515 767 1505 531 597 876 413 532 1331 360 355 572 762 576 617 313 220 905 679 428 698 261 1019 1476 346 694 337 1141 556 775 1428 751 781 551 293 1124 1070 561 652 259 938 597 821 554 1121 376 0 287 1060 1107 799 402 602 557 711 1086 842 1114 780 580 483 914 977 1067 813 1102 807
1115 1194 277 585 1158 599 833 1284 303 600 1095 515 1198 522 773 1512 538 604 883 420 529 1338 367 362 578 769 583 624 320 216 912 686 435 695 268 1025 1483 342 701 334 1148 563 771 1435 758 788 558 289 1131 1077 568 649 266 945 604 828 561 1128 372 287 0 1067 1114 795 409 609 564 708 1093 849 1121 787 587 490 921 973 1074 820 1109 814
1270 2220 820 657 1229 1291 1555 2310 995 1292 1167 991 2224 997 845 497 1230 1296 954 895 1555 323 1059 1054 1270 1461 1275 1099 1012 1195 984 1378 1127 1718 858 1097 468 1368 1393 1360 1220 1255 1794 420 1234 1480 1250 1316 1203 1149 1260 1675 958 1017 1296 1520 1036 1282 1399 1060 1067 0 1186 1575 1101 1301 1039 1734 1165 921 1276 1479 1279 965 993 1997 1146 1512 1181 886
828 2268 867 586 73 1338 1602 2358 1042 1340 191 1038 2271 1044 363 1631 1277 1343 274 943 1602 1457 1106 1101 1318 1509 1323 1146 1059 1242 249 1425 1174 1765 905 132 1602 1416 1440 1407 72 1302 1842 1555 1048 1528 1298 1363 91 174 1307 1722 1005 193 1343 1567 1065 841 1446 1107 1114 1186 0 1622 1149 1348 1056 1781 86 307 834 1526 1327 1013 211 2045 68 1559 203 444
1622 962 785 1093 1665 453 235 1052 811 335 1602 1023 965 1029 1281 2019 418 330 1390 928 391 1845 603 550 405 309 412 1131 828 728 1419 266 507 186 775 1533 1990 523 281 487 1656 379 262 1943 1266 298 412 550 1639 1584 427 416 654 1452 447 252 1068 1635 470 799 795 1575 1622 0 493 442 1071 475 1600 1357 1629 291 421 997 1429 465 1582 299 1617 1321
1149 1413 311 619 1192 309 474 1502 337 311 1129 550 1416 556 808 1546 248 314 917 454 841 1372 130 76 289 380 294 658 354 537 946 297 145 637 302 1060 1517 711 312 702 1182 273 713 1470 792 399 269 658 1165 1111 278 867 180 979 314 439 595 1162 741 402 409 1101 1149 493 0 319 598 926 1127 883 1156 398 298 524 956 916 1108 431 1143 848
1349 1362 511 819 1391 433 423 1452 537 315 1328 749 1365 755 1007 1746 398 310 1116 654 791 1571 329 276 385 329 393 857 554 737 1145 246 345 586 502 1259 1717 910 261 887 1382 359 662 1669 992 348 392 857 1365 1311 407 816 380 1179 428 388 794 1362 870 602 609 1301 1348 442 319 0 797 875 1326 1083 1355 347 401 724 1155 865 1308 380 1343 1047
586 1717 317 557 1100 787 1052 1807 492 789 1037 83 1721 74 716 1484 726 792 825 203 1051 1310 555 551 767 958 772 128 509 692 854 874 624 1215 355 968 1455 865 890 857 1091 751 1291 1407 229 977 747 812 1074 1020 756 1171 455 887 793 1017 65 598 895 557 564 1039 1057 1071 598 797 0 1230 1035 792 592 976 776 101 864 1494 1017 1009 1052 638
1782 537 944 1252 1824 886 512 626 802 768 1762 1182 540 1188 1440 2179 851 763 1549 1087 303 2005 1034 982 837 587 845 1290 767 641 1579 670 940 375 935 1692 2150 436 677 399 1815 812 451 2102 1425 575 845 462 1798 1744 860 283 933 1612 880 529 1228 1795 383 711 708 1734 1781 475 926 875 1230 0 1760 1516 1788 569 854 1157 1588 315 1741 577 1776 1481
806 2246 846 565 91 1316 1581 2336 1021 1318 170 1017 2250 1023 341 1609 1256 1322 252 921 1580 1435 1084 1080 1296 1487 1301 1125 1038 1221 227 1404 1153 1744 884 110 1581 1394 1419 1386 90 1280 1820 1533 1026 1506 1276 1341 103 152 1285 1700 984 172 1322 1546 1043 819 1424 1086 1093 1165 86 1600 1127 1326 1035 1760 0 285 813 1505 1305 991 189 2023 46 1538 184 422
563 2002 602 321 350 1073 1337 2092 777 1074 287 773 2006 779 138 1366 1012 1078 132 677 1337 1192 841 836 1052 1243 1057 881 794 977 107 1160 909 1500 640 218 1337 1150 1175 1142 341 1037 1576 1289 783 1262 1032 1097 324 270 1042 1457 740 138 1078 1302 799 576 1181 842 849 921 307 1357 883 1083 791 1516 285 0 569 1261 1061 747 114 1779 267 1294 302 179
154 2274 874 676 878 1344 1609 2364 1049 1346 815 640 2278 631 493 1721 1283 1349 603 760 1608 1547 1112 1108 1324 1515 1329 684 1066 1249 632 1431 1181 1772 912 746 1692 1422 1447 1414 868 1308 1848 1644 583 1534 1304 1369 851 797 1313 1728 1012 665 1350 1574 599 167 1452 1114 1121 1276 834 1628 1155 1354 591 1787 813 569 0 1533 1333 658 641 2051 794 1566 829 416
1527 1056 689 997 1570 358 329 1146 715 239 1507 928 1059 934 1186 1924 323 235 1295 832 485 1750 508 454 309 254 317 1036 732 822 1324 170 412 280 680 1438 1895 617 185 581 1560 284 356 1847 1170 273 317 644 1543 1489 332 510 558 1357 352 312 973 1540 564 780 787 1479 1526 291 398 347 976 569 1505 1261 1533 0 326 902 1333 559 1486 304 1521 1226
1327 1340 489 797 1370 412 401 1430 515 293 1307 728 1344 734 986 1724 377 289 1095 632 769 1550 308 254 363 308 371 836 532 715 1124 224 323 564 480 1238 1695 889 239 865 1360 338 641 1648 970 327 371 836 1343 1289 386 794 358 1157 406 366 773 1340 849 580 587 1279 1327 421 298 401 776 854 1305 1061 1334 326 0 702 1134 844 1286 358 1321 1026
653 1643 243 483 1056 714 978 1733 418 715 993 117 1647 108 672 1410 653 719 781 129 977 1236 482 477 693 884 698 161 435 618 810 801 550 1141 281 924 1381 791 816 783 1046 677 1217 1334 296 903 673 738 1029 975 683 1097 381 843 719 943 98 666 821 483 490 965 1013 997 524 724 101 1157 991 747 659 902 702 0 820 1420 972 935 1007 705
635 2075 674 393 254 1145 1409 2165 849 1147 191 845 2078 851 170 1438 1084 1150 81 750 1409 1264 913 908 1125 1316 1130 953 866 1049 56 1232 981 1572 712 122 1409 1223 1247 1214 245 1109 1649 1362 855 1335 1105 1170 228 173 1114 1529 813 41 1150 1374 872 648 1253 914 921 993 211 1429 956 1155 863 1588 189 114 641 1333 1134 820 0 1852 171 1366 206 251
2045 725 1207 1515 2088 876 502 814 1067 758 2025 1446 728 1452 1704 2442 841 753 1813 1350 568 2268 1026 973 827 577 835 1554 1033 906 1842 660 930 365 1198 1956 2413 701 667 664 2078 802 441 2366 1688 566 835 727 2061 2007 850 471 1076 1875 870 519 1491 2058 648 977 973 1997 2045 465 916 865 1494 315 2023 1779 2052 559 844 1420 1852 0 2004 567 2040 1744
788 2228 827 546 110 1298 1562 2317 1002 1299 151 998 2231 1004 323 1591 1237 1303 234 903 1562 1417 1066 1061 1278 1468 1282 1106 1019 1202 209 1385 1134 1725 865 91 1562 1375 1400 1367 101 1262 1801 1514 1008 1487 1257 1323 85 133 1267 1682 965 153 1303 1527 1024 801 1406 1067 1074 1146 68 1582 1108 1308 1016 1741 46 267 794 1486 1286 972 171 2004 0 1519 166 404
1560 1063 722 1030 1603 391 336 1153 748 272 1540 961 1067 967 1218 1957 356 268 1328 865 492 1783 541 487 342 287 350 1069 765 830 1357 203 445 287 713 1471 1928 625 218 588 1593 317 364 1880 1203 306 350 651 1576 1522 365 517 591 1390 385 345 1006 1573 572 813 820 1512 1559 299 431 380 1009 577 1538 1294 1566 304 358 935 1366 567 1519 0 1554 1259
823 2263 862 581 169 1333 1597 2352 1037 1335 113 1033 2266 1039 358 1626 1272 1338 269 938 1597 1452 1101 1096 1313 1503 1318 1141 1054 1237 244 1420 1169 1760 900 126 1597 1411 1435 1402 168 1297 1837 1549 1043 1522 1293 1358 186 136 1302 1717 1000 188 1338 1562 1059 836 1441 1102 1109 1181 203 1617 1143 1343 1051 1776 184 302 829 1521 1321 1007 206 2040 166 1554 0 439
409 1967 567 286 487 1038 1302 2057 742 1039 424 687 1971 677 103 1330 977 1043 212 642 1301 1156 805 801 1017 1208 1022 731 759 942 242 1125 874 1465 605 355 1302 1115 1140 1107 478 1001 1541 1254 629 1227 997 1062 461 407 1006 1421 705 275 1043 1267 646 422 1145 807 814 886 444 1321 848 1047 638 1481 422 179 416 1226 1026 705 251 1744 404 1259 439 0
EOF