NAME : tsp_problem
TYPE : TSP
DIMENSION : 58
EDGE_WEIGHT_TYPE : EXPLICIT
EDGE_WEIGHT_FORMAT : FULL_MATRIX
EDGE_WEIGHT_SECTION
0 993 1023 1231 695 1123 858 3952 750 1220 1077 869 1206 822 1526 642 1058 1143 823 1013 226 1367 806 1242 1797 761 1531 847 1118 1158 1086 1248 1031 1185 1232 302 1115 710 972 632 908 1207 144 150 1128 1052 40 1377 851 1051 833 962 188 789 1038 1208 393 1074
993 0 92 262 658 153 1163 4256 1054 1525 111 1174 237 193 1831 947 1363 174 1128 82 811 1672 707 273 2102 375 1433 1152 149 188 117 1552 100 1490 263 841 145 334 1276 937 1213 238 887 875 1432 1357 971 1682 190 118 1137 59 833 690 107 239 698 114
1023 92 0 255 689 146 1193 4287 1085 1555 104 1204 230 224 1861 977 1393 167 1158 112 841 1702 737 266 2132 405 1463 1182 142 182 110 1583 130 1520 256 872 138 364 1307 967 1243 231 917 905 1463 1387 1002 1712 220 111 1168 89 863 721 137 232 728 107
1231 262 255 0 897 153 1401 4495 1292 1763 197 1412 82 432 2069 1185 1601 122 1366 270 1049 1910 945 67 2340 613 1671 1390 159 116 169 1791 227 1728 78 1080 171 572 1515 1175 1451 53 1125 1113 1671 1595 1210 1920 428 204 1376 297 1071 929 241 54 936 200
695 658 689 897 0 788 1333 4426 1224 1694 742 1343 871 487 2000 1116 1532 808 1298 678 700 1842 960 908 2271 628 1685 1322 784 823 751 1722 697 1659 897 540 780 371 1446 1106 1382 872 585 625 1602 1526 673 1851 517 716 1307 628 662 943 703 873 867 739
1123 153 146 153 788 0 1292 4386 1184 1654 88 1303 110 323 1960 1076 1492 151 1257 161 940 1801 837 142 2231 504 1562 1281 25 166 94 1682 118 1619 153 971 37 463 1406 1066 1342 172 1016 1004 1562 1486 1101 1811 319 95 1267 188 962 820 133 167 827 91
858 1163 1193 1401 1333 1292 0 3146 703 547 1247 822 1376 992 719 290 249 1313 777 1183 676 562 976 1412 988 930 1701 801 1288 1328 1256 439 1201 376 1402 940 1284 1091 163 585 834 1377 782 740 319 680 837 568 1021 1221 786 1132 698 959 1208 1378 495 1244
3952 4256 4287 4495 4427 4386 3146 0 3264 2807 4340 3134 4469 4085 2981 3386 2924 4406 3216 4276 3769 2613 4069 4506 3525 4024 4795 3255 4381 4421 4349 2976 4294 2809 4495 4033 4378 4185 3030 3407 3094 4470 3875 3833 2951 2941 3930 3105 4115 4314 3231 4225 3791 4052 4301 4471 3589 4337
750 1054 1085 1292 1224 1184 703 3264 0 533 1138 328 1267 883 838 486 781 1204 344 1074 567 680 867 1304 1383 822 1592 368 1179 1219 1147 833 1092 667 1293 831 1176 983 816 205 288 1268 673 631 808 364 728 963 912 1112 353 1023 589 850 1099 1269 387 1135
1220 1525 1555 1763 1695 1654 547 2807 533 0 1609 403 1738 1354 381 787 324 1675 485 1545 1038 223 1338 1774 926 1292 2063 524 1650 1689 1618 377 1563 210 1764 1301 1646 1453 431 676 363 1739 1144 1102 351 252 1198 506 1383 1583 500 1494 1060 1321 1569 1740 857 1606
1077 111 104 197 742 88 1247 4340 1138 1609 0 1257 172 277 1914 1030 1446 109 1212 119 895 1756 791 208 2185 459 1516 1236 84 124 52 1636 76 1573 198 925 81 418 1360 1020 1297 173 970 958 1516 1441 1055 1765 274 53 1221 142 917 774 91 174 781 49
869 1174 1204 1412 1344 1303 822 3134 328 403 1257 0 1386 1002 709 606 651 1324 280 1193 686 550 986 1423 1253 941 1712 319 1299 1338 1267 704 1212 537 1413 950 1295 1102 758 324 158 1387 792 750 678 235 847 833 1032 1231 295 1143 709 970 1218 1388 506 1254
1206 237 230 82 871 110 1376 4469 1267 1738 172 1386 0 406 2043 1159 1575 175 1341 244 1024 1885 920 71 2315 588 1645 1365 108 169 178 1765 202 1702 82 1054 121 547 1489 1149 1426 101 1099 1088 1645 1570 1184 1894 403 178 1350 271 1046 903 216 96 910 175
822 193 224 432 487 323 992 4085 883 1354 277 1002 406 0 1659 775 1191 343 957 213 639 1501 536 443 1930 204 1261 981 319 358 286 1381 232 1318 432 670 315 163 1105 765 1041 407 715 703 1261 1186 800 1510 92 251 966 162 662 519 238 408 526 274
1526 1831 1861 2069 2001 1960 719 2981 838 381 1914 709 2043 1659 0 959 497 1980 790 1850 1343 397 1643 2080 684 1598 2369 829 1956 1995 1924 426 1869 384 2069 1607 1952 1759 603 981 668 2044 1449 1407 524 515 1504 263 1689 1888 806 1800 1366 1627 1875 2045 1163 1911
642 947 977 1185 1117 1076 290 3386 486 787 1030 606 1159 775 959 0 489 1096 560 966 459 802 759 1196 1228 714 1485 584 1072 1111 1040 679 985 616 1185 723 1068 875 403 368 645 1160 565 523 559 789 620 808 805 1004 569 916 482 743 991 1161 279 1027
1058 1363 1393 1601 1533 1492 249 2924 781 324 1446 651 1575 1191 497 489 0 1513 733 1382 876 339 1176 1612 766 1130 1901 772 1488 1527 1456 217 1401 154 1602 1139 1484 1291 198 785 611 1577 982 940 147 458 1036 346 1221 1420 748 1332 898 1159 1407 1578 695 1443
1143 174 167 122 808 151 1313 4406 1204 1675 109 1324 175 343 1980 1096 1513 0 1278 182 961 1822 857 133 2252 525 1583 1302 147 113 115 1702 139 1639 123 991 143 484 1426 1086 1363 98 1037 1025 1582 1507 1121 1831 340 116 1287 209 983 840 153 98 848 112
823 1128 1158 1366 1298 1257 777 3216 344 485 1212 280 1341 957 790 560 733 1278 0 1148 641 632 941 1377 1335 895 1666 401 1253 1293 1221 786 1166 619 1367 905 1250 1056 840 279 240 1342 747 705 760 317 802 915 986 1186 377 1097 663 924 1173 1343 460 1209
1013 82 112 270 678 161 1183 4276 1074 1545 119 1193 244 213 1850 966 1382 182 1148 0 830 1692 727 281 2121 394 1452 1172 157 196 125 1572 120 1509 270 861 153 353 1296 956 1232 245 906 894 1452 1376 991 1701 209 125 1157 78 853 710 126 246 717 122
226 811 841 1049 701 940 676 3769 567 1038 895 686 1024 639 1343 459 876 961 641 830 0 1185 624 1060 1615 578 1349 665 936 975 904 1065 849 1002 1050 307 932 715 789 449 726 1025 150 156 945 870 204 1194 669 869 650 780 135 607 855 1026 211 892
1367 1672 1702 1910 1842 1801 562 2613 680 223 1756 550 1885 1501 397 802 339 1822 632 1692 1185 0 1485 1921 941 1439 2210 671 1797 1837 1765 392 1710 225 1911 1449 1794 1600 446 823 510 1886 1291 1249 366 356 1346 521 1530 1730 647 1641 1207 1468 1717 1887 1005 1753
806 707 737 945 960 837 976 4069 867 1338 791 986 920 536 1643 759 1176 857 941 727 624 1485 0 957 1915 475 845 965 832 872 800 1365 745 1302 946 887 829 636 1089 749 1026 921 730 688 1245 1170 784 1494 565 765 950 676 646 141 752 922 511 788
1242 273 266 67 908 142 1412 4506 1304 1774 208 1423 71 443 2080 1196 1612 133 1377 281 1060 1921 957 0 2351 624 1682 1401 148 127 180 1802 238 1739 67 1091 160 583 1526 1186 1462 64 1136 1124 1682 1606 1221 1931 439 215 1387 308 1082 940 253 65 947 211
2099 2404 2434 2642 2574 2533 1291 3828 1685 1228 2488 1556 2617 2233 986 1531 1068 2554 1637 2424 1917 1244 2217 2653 0 2172 2942 1676 2529 2569 2497 998 2442 1058 2643 2181 2526 2332 1175 1826 1515 2618 2023 1981 1095 1362 2078 765 2262 2462 1653 2373 1939 2200 2449 2619 1737 2485
761 375 405 613 628 504 930 4024 822 1292 459 941 588 204 1598 714 1130 525 895 394 578 1439 475 624 1869 0 1200 919 500 539 468 1320 413 1257 614 811 496 303 1044 704 980 589 684 642 1200 1124 739 1449 233 433 905 344 600 458 419 590 465 456
1531 1433 1463 1671 1685 1562 1701 4795 1592 2063 1516 1712 1645 1261 2369 1485 1901 1583 1666 1452 1349 2210 845 1682 2640 1200 0 1690 1558 1597 1526 2091 1471 2028 1672 1613 1554 1361 1815 1475 1751 1646 1455 1413 1971 1895 1510 2220 1291 1490 1676 1402 1371 781 1477 1647 1236 1513
847 1152 1182 1390 1322 1281 801 3255 368 524 1236 319 1365 981 829 584 772 1302 401 1172 665 671 965 1401 1374 919 1690 0 1277 1317 1245 824 1190 658 1391 929 1274 1080 879 303 279 1366 771 729 799 355 826 953 1010 1210 416 1121 687 948 1197 1367 484 1233
1118 149 142 159 784 25 1288 4381 1179 1650 84 1299 108 319 1956 1072 1488 147 1253 157 936 1797 832 148 2227 500 1558 1277 0 162 90 1678 114 1615 159 967 35 459 1401 1062 1338 178 1012 1000 1558 1482 1097 1807 315 91 1263 184 958 816 128 173 823 87
1158 188 182 116 823 166 1328 4421 1219 1689 124 1338 169 358 1995 1111 1527 113 1293 196 975 1837 872 127 2266 539 1597 1317 162 0 129 1717 153 1654 117 1006 158 498 1441 1101 1377 92 1051 1039 1597 1521 1136 1846 354 130 1302 223 997 855 168 93 862 126
1086 117 110 169 751 94 1256 4349 1147 1618 52 1267 178 286 1924 1040 1456 115 1221 125 904 1765 800 180 2195 468 1526 1245 90 129 0 1645 82 1582 169 934 86 427 1369 1030 1306 144 980 968 1525 1450 1064 1775 283 59 1230 152 926 783 96 145 791 55
1248 1552 1583 1791 1723 1682 439 2976 833 377 1636 704 1765 1381 426 679 217 1702 786 1572 1065 392 1365 1802 696 1320 2091 824 1678 1717 1645 0 1590 206 1791 1329 1674 1481 323 974 664 1766 1171 1129 244 510 1226 275 1411 1610 801 1521 1087 1348 1597 1767 885 1633
1031 100 130 227 697 118 1201 4294 1092 1563 76 1212 202 232 1869 985 1401 139 1166 120 849 1710 745 238 2140 413 1471 1190 114 153 82 1590 0 1528 228 880 110 372 1314 975 1251 203 925 913 1471 1395 1010 1720 228 82 1176 97 871 729 120 204 736 79
1185 1490 1520 1728 1660 1619 376 2809 667 210 1573 537 1702 1318 384 616 154 1639 619 1509 1002 225 1302 1739 756 1257 2028 658 1615 1654 1582 206 1528 0 1728 1266 1611 1418 261 810 497 1703 1108 1066 181 343 1163 335 1348 1547 634 1459 1024 1286 1534 1704 822 1570
1232 263 256 78 897 153 1402 4495 1293 1764 198 1413 82 432 2069 1185 1602 123 1367 270 1050 1911 946 67 2341 614 1672 1391 159 117 169 1791 228 1728 0 1080 171 573 1515 1175 1452 54 1126 1114 1671 1596 1210 1920 429 205 1376 298 1072 929 242 55 937 201
174 882 912 1120 580 1011 812 3905 703 1174 966 823 1095 711 1479 595 1012 1032 777 901 180 1321 760 1131 1751 714 1485 801 1007 1046 975 1201 920 1138 1121 0 1003 594 925 585 862 1096 64 104 1081 1006 152 1331 740 940 786 851 141 743 926 1097 347 963
1115 145 138 171 780 37 1284 4378 1176 1646 81 1295 121 315 1952 1068 1484 143 1250 153 932 1794 829 160 2223 496 1554 1274 35 158 86 1674 110 1611 171 963 0 455 1398 1058 1334 190 1008 996 1554 1478 1093 1803 311 87 1259 180 954 812 125 185 819 83
709 334 364 572 371 463 1091 4185 983 1453 418 1102 547 163 1759 875 1291 484 1056 353 715 1600 636 583 2030 303 1361 1080 459 498 427 1481 372 1418 573 554 455 0 1205 865 1141 548 599 639 1361 1285 687 1610 192 392 1066 303 676 619 378 549 626 415
972 1276 1307 1515 1447 1406 163 3030 816 431 1360 758 1489 1105 603 403 198 1426 840 1296 789 446 1089 1526 873 1044 1815 879 1401 1441 1369 323 1314 261 1515 1053 1398 1205 0 698 718 1490 895 853 253 564 950 453 1135 1334 855 1245 811 1072 1321 1491 609 1357
632 937 967 1175 1107 1066 585 3407 205 676 1020 324 1149 765 981 368 785 1086 279 956 449 823 749 1186 1524 704 1475 303 1062 1101 1030 974 975 810 1175 713 1058 865 698 0 363 1150 555 513 854 508 610 1104 795 994 288 906 472 733 981 1151 269 1017
908 1213 1243 1451 1383 1342 834 3094 288 363 1297 158 1426 1041 668 645 611 1363 240 1232 726 510 1026 1462 1213 980 1751 279 1338 1377 1306 664 1251 497 1452 989 1334 1141 718 363 0 1427 832 790 638 195 886 793 1071 1271 255 1182 748 1009 1257 1428 545 1293
1207 238 231 53 872 172 1377 4470 1268 1739 173 1387 101 407 2044 1160 1577 98 1342 245 1025 1886 921 64 2316 589 1646 1366 178 92 144 1766 203 1703 54 1055 190 548 1490 1150 1427 0 1101 1089 1646 1571 1185 1895 404 179 1351 273 1047 904 217 30 912 176
144 887 918 1126 586 1017 782 3875 673 1144 971 792 1100 716 1449 565 982 1037 747 907 150 1291 730 1137 1721 684 1455 771 1013 1052 980 1171 925 1108 1126 192 1009 600 895 555 832 1101 0 74 1051 976 122 1300 746 945 756 856 111 713 932 1102 317 968
150 875 905 1113 625 1004 740 3833 631 1102 958 750 1088 703 1407 523 940 1025 705 894 156 1249 688 1124 1679 642 1413 729 1000 1039 968 1129 913 1066 1114 232 996 640 853 513 790 1089 74 0 1009 934 129 1258 733 932 714 844 118 671 919 1090 275 955
1128 1432 1463 1671 1603 1562 319 2951 808 351 1516 678 1645 1261 524 559 147 1582 760 1452 945 366 1245 1682 793 1200 1971 799 1558 1597 1525 244 1471 181 1671 1209 1554 1361 253 854 638 1646 1051 1009 0 485 1106 373 1291 1490 775 1401 967 1228 1477 1647 765 1513
1052 1357 1387 1595 1527 1486 680 2941 364 252 1441 235 1570 1186 515 789 458 1507 317 1376 870 356 1170 1606 1059 1124 1895 355 1482 1521 1450 510 1395 343 1596 1133 1478 1285 564 508 195 1571 976 934 485 0 1030 639 1215 1415 332 1326 892 1153 1401 1572 689 1438
40 971 1002 1210 674 1101 837 3930 728 1198 1055 847 1184 800 1504 620 1036 1121 802 991 204 1346 784 1221 1775 739 1510 826 1097 1136 1064 1226 1010 1163 1210 280 1093 688 950 610 886 1185 122 129 1106 1030 0 1355 830 1029 811 941 166 767 1016 1186 371 1052
1377 1682 1712 1920 1852 1811 568 3105 963 506 1765 833 1894 1510 263 808 346 1831 915 1701 1194 521 1494 1931 463 1449 2220 953 1807 1846 1775 275 1720 335 1920 1458 1803 1610 453 1104 793 1895 1300 1258 373 639 1355 0 1540 1739 930 1651 1217 1478 1726 1896 1014 1762
851 190 220 428 517 319 1021 4115 912 1383 274 1032 403 92 1689 805 1221 340 986 209 669 1530 565 439 1960 233 1291 1010 315 354 283 1411 228 1348 429 700 311 192 1135 795 1071 404 745 733 1291 1215 830 1540 0 248 996 159 691 549 234 405 556 271
1051 118 111 204 716 95 1221 4314 1112 1583 53 1231 178 251 1888 1004 1420 116 1186 125 869 1730 765 215 2159 433 1490 1210 91 130 59 1610 82 1547 205 899 87 392 1334 994 1271 179 944 932 1490 1415 1029 1739 248 0 1195 116 891 748 97 180 755 56
833 1137 1168 1376 1308 1267 786 3231 353 500 1221 295 1350 966 806 569 748 1287 377 1157 650 647 950 1387 1350 905 1676 416 1263 1302 1230 801 1176 634 1376 914 1259 1066 855 288 255 1351 756 714 775 332 811 930 996 1195 0 1107 672 934 1182 1352 470 1218
962 59 89 297 628 188 1132 4225 1023 1494 142 1143 271 162 1800 916 1332 209 1097 78 780 1641 676 308 2071 344 1402 1121 184 223 152 1521 97 1459 298 811 180 303 1245 906 1182 273 856 844 1401 1326 941 1651 159 116 1107 0 802 660 103 274 667 139
188 833 863 1071 662 962 698 3791 589 1060 917 709 1046 662 1366 482 898 983 663 853 135 1207 646 1082 1637 600 1371 687 958 997 926 1087 871 1024 1072 269 954 677 811 472 748 1047 111 118 967 892 166 1217 691 891 672 802 0 629 877 1048 233 914
789 690 721 929 943 820 959 4052 850 1321 774 970 903 519 1627 743 1159 840 924 710 607 1468 141 940 1898 458 781 948 816 855 783 1348 729 1286 929 871 812 619 1072 733 1009 904 713 671 1228 1153 767 1478 549 748 934 660 629 0 735 905 494 771
1038 107 137 241 703 133 1208 4301 1099 1569 91 1218 216 238 1875 991 1407 153 1173 126 855 1717 752 253 2146 419 1477 1197 128 168 96 1597 120 1534 242 886 125 378 1321 981 1257 217 931 919 1477 1401 1016 1726 234 97 1182 103 877 735 0 218 742 93
1208 239 232 54 873 167 1378 4471 1269 1740 174 1388 96 408 2045 1161 1578 98 1343 246 1026 1887 922 65 2317 590 1647 1367 173 93 145 1767 204 1704 55 1056 185 549 1491 1151 1428 30 1101 1090 1647 1572 1186 1896 405 180 1352 274 1048 905 218 0 913 177
393 698 728 936 868 827 495 3589 387 857 781 506 910 526 1163 279 695 848 460 717 211 1005 511 947 1434 465 1236 484 823 862 791 885 736 822 937 474 819 626 609 269 545 912 317 275 765 689 371 1014 556 755 470 667 233 494 742 913 0 778
1074 114 107 200 739 91 1244 4337 1135 1606 49 1254 175 274 1911 1027 1443 112 1209 122 892 1753 788 211 2182 456 1513 1233 87 126 55 1633 79 1570 201 922 83 415 1357 1017 1293 176 967 955 1513 1438 1052 1762 271 56 1218 139 914 771 93 177 778 0
EOF