NAME : tsp_problem
TYPE : TSP
DIMENSION : 34
EDGE_WEIGHT_TYPE : EXPLICIT
EDGE_WEIGHT_FORMAT : FULL_MATRIX
EDGE_WEIGHT_SECTION
0 602 580 1153 584 767 1347 738 1201 582 1075 3359 780 617 842 1067 1022 462 813 914 1124 679 515 725 566 259 705 711 171 1039 496 762 751 588
602 0 401 1393 410 1007 1588 536 1365 443 1316 3247 347 857 1083 1308 1262 764 380 1155 1365 246 755 965 415 380 946 875 730 1280 413 329 992 438
580 401 0 1372 388 986 1566 515 1344 422 1294 3225 326 836 1061 1286 1241 742 358 1134 1343 224 734 944 393 358 924 854 708 1258 391 308 970 416
1153 1393 1372 0 1376 408 1518 1761 2317 1374 150 4471 1572 1192 352 167 174 1578 1605 256 113 1470 1090 466 1358 1051 590 1826 1281 142 1287 1554 1093 1379
584 410 388 1376 0 990 1570 523 1352 430 1298 3234 334 840 1065 1290 1245 751 367 1138 1347 233 738 948 402 362 928 862 712 1262 395 316 974 425
767 1007 986 408 990 0 1132 1375 1930 987 331 4085 1186 805 138 323 277 1191 1218 170 380 1084 703 80 971 665 204 1440 895 295 901 1168 707 993
1347 1588 1566 1518 1570 1132 0 1955 2511 1568 1441 4666 1766 1386 1208 1433 1387 1772 1799 1280 1490 1665 1284 1090 1552 1245 1071 2021 1475 1405 1482 1748 1521 1573
738 536 515 1761 523 1375 1955 0 905 557 1683 2786 231 1225 1450 1675 1630 303 238 1523 1732 332 1123 1333 528 747 1313 415 619 1647 527 249 1359 551
1504 1668 1646 2619 1655 2233 2813 1207 0 1688 2541 3828 1362 2083 2308 2533 2488 1068 1369 2381 2590 1463 1981 2191 1660 1726 2172 842 1385 2505 1659 1380 2218 1683
582 443 422 1374 430 987 1568 557 1386 0 1296 3267 368 838 1063 1288 1243 784 401 1135 1345 266 736 945 435 360 926 896 710 1260 393 350 972 458
1075 1316 1294 150 1298 331 1441 1683 2239 1296 0 4393 1494 1114 275 138 96 1500 1527 178 195 1393 1012 388 1280 973 512 1749 1203 110 1210 1476 1015 1301
3359 3247 3225 4471 3234 4085 4666 2786 3525 3267 4393 0 2941 3935 4161 4386 4340 2924 2948 4233 4443 3041 3833 4043 3239 3458 4024 3035 3240 4358 3238 2958 4070 3261
780 347 326 1572 334 1186 1766 231 1059 368 1494 2941 0 1036 1261 1486 1441 458 304 1333 1543 170 934 1143 339 558 1124 569 774 1458 338 254 1170 362
617 857 836 1192 840 805 1386 1225 1781 838 1114 3935 1036 0 881 1106 1060 1042 1069 953 1163 934 134 763 822 515 744 1290 745 1078 751 1018 322 843
842 1083 1061 352 1065 138 1208 1450 2006 1063 275 4161 1261 881 0 267 221 1267 1294 114 324 1160 779 155 1047 740 279 1516 970 239 977 1243 783 1068
1067 1308 1286 167 1290 323 1433 1675 2231 1288 138 4386 1486 1106 267 0 88 1492 1519 171 85 1385 1004 380 1272 965 504 1741 1195 102 1202 1468 1008 1294
1022 1262 1241 174 1245 277 1387 1630 2185 1243 96 4340 1441 1060 221 88 0 1446 1474 125 146 1339 958 335 1227 920 459 1695 1150 60 1156 1423 962 1248
462 764 742 1578 751 1191 1772 303 766 784 1500 2924 458 1042 1267 1492 1446 0 465 1339 1549 558 940 1149 756 684 1130 276 343 1464 755 475 1176 778
813 380 358 1605 367 1218 1799 238 1067 401 1527 2948 304 1069 1294 1519 1474 465 0 1366 1576 203 967 1176 372 591 1157 577 781 1491 371 287 1203 395
914 1155 1134 256 1138 170 1280 1523 2078 1135 178 4233 1333 953 114 171 125 1339 1366 0 228 1232 851 228 1119 813 351 1588 1042 142 1049 1316 855 1141
1124 1365 1343 113 1347 380 1490 1732 2288 1345 195 4443 1543 1163 324 85 146 1549 1576 228 0 1442 1061 437 1329 1022 561 1798 1252 159 1259 1525 1065 1351
679 246 224 1470 233 1084 1665 332 1160 266 1393 3041 170 934 1160 1385 1339 558 203 1232 1442 0 832 1042 238 457 1023 670 807 1357 237 152 1069 261
515 755 734 1090 738 703 1284 1123 1679 736 1012 3833 934 134 779 1004 958 940 967 851 1061 832 0 661 720 413 642 1188 643 976 649 916 269 741
725 965 944 466 948 80 1090 1333 1888 945 388 4043 1143 763 155 380 335 1149 1176 228 437 1042 661 0 929 623 162 1398 852 352 859 1126 724 951
566 415 393 1358 402 971 1552 528 1357 435 1280 3239 339 822 1047 1272 1227 756 372 1119 1329 238 720 929 0 344 910 867 694 1244 377 321 956 430
259 380 358 1051 362 665 1245 747 1423 360 973 3458 558 515 740 965 920 684 591 813 1022 457 413 623 344 0 603 933 387 937 274 540 649 365
705 946 924 590 928 204 1071 1313 1869 926 512 4024 1124 744 279 504 459 1130 1157 351 561 1023 642 162 910 603 0 1379 833 476 840 1106 848 932
711 875 854 1826 862 1440 2021 415 540 896 1749 3035 569 1290 1516 1741 1695 276 577 1588 1798 670 1188 1398 867 933 1379 0 592 1713 866 587 1425 890
171 730 708 1281 712 895 1475 619 1082 710 1203 3240 774 745 970 1195 1150 343 781 1042 1252 807 643 852 694 387 833 592 0 1167 624 792 879 716
1039 1280 1258 142 1262 295 1405 1647 2203 1260 110 4358 1458 1078 239 102 60 1464 1491 142 159 1357 976 352 1244 937 476 1713 1167 0 1174 1440 980 1265
496 413 391 1287 395 901 1482 527 1356 393 1210 3238 338 751 977 1202 1156 755 371 1049 1259 237 649 859 377 274 840 866 624 1174 0 320 886 398
762 329 308 1554 316 1168 1748 249 1077 350 1476 2958 254 1018 1243 1468 1423 475 287 1316 1525 152 916 1126 321 540 1106 587 792 1440 320 0 1152 344
598 839 817 1108 821 722 1367 1206 1762 819 1030 3916 1017 169 797 1022 977 1023 1050 870 1079 916 115 738 803 496 725 1272 726 994 733 999 0 824
588 438 416 1379 425 993 1573 551 1380 458 1301 3261 362 843 1068 1294 1248 778 395 1141 1351 261 741 951 430 365 932 890 716 1265 398 344 978 0
EOF