NAME : tsp_problem
TYPE : TSP
DIMENSION : 78
EDGE_WEIGHT_TYPE : EXPLICIT
EDGE_WEIGHT_FORMAT : FULL_MATRIX
EDGE_WEIGHT_SECTION
0 1562 428 1370 592 585 542 1662 1646 1636 1682 796 675 1580 1516 1401 760 556 828 687 873 765 945 413 491 1106 1128 1291 908 1971 1051 1399 181 782 793 1111 1246 351 790 588 253 638 1603 654 1923 290 1003 559 1659 981 373 1337 683 283 2951 529 850 369 462 768 654 303 532 1048 1361 854 1570 801 330 755 1454 524 967 1554 1610 923 1842 752
1562 0 1562 234 1400 1385 1444 120 172 101 142 1303 1301 46 88 188 1257 1079 1039 901 1084 827 940 1195 1487 1101 1123 319 903 1562 1016 209 1619 1202 2231 1106 1008 1654 2228 1019 1406 1342 788 1330 1514 1725 998 1076 162 976 1811 267 1299 1323 4386 1074 1061 1592 1202 1263 983 1741 1067 1024 463 1066 138 1298 1675 865 137 1960 962 37 76 917 1433 1252
428 1562 0 1371 261 246 305 1662 1647 1636 1682 428 307 1581 1516 1402 393 860 554 690 584 765 946 717 335 1106 1128 1291 908 1971 1052 1400 287 414 1003 1112 1246 195 999 808 508 271 1603 286 1923 223 1003 863 1659 982 582 1337 315 587 2884 833 530 213 766 400 772 512 836 1049 1361 583 1570 434 174 756 1455 458 968 1554 1611 923 1842 384
1370 234 1371 0 1208 1193 1252 334 318 308 354 1111 1109 252 188 73 1066 887 847 709 893 635 749 1004 1296 909 931 184 711 1370 824 74 1427 1010 2039 914 816 1463 2036 828 1214 1151 596 1138 1323 1533 806 884 331 785 1619 132 1108 1131 4194 883 870 1401 1011 1071 791 1549 876 833 272 874 241 1106 1484 673 126 1768 771 226 282 726 1241 1061
592 1400 261 1208 0 84 143 1500 1485 1474 1520 266 145 1419 1354 1240 231 706 392 528 421 603 784 822 186 944 966 1129 746 1809 890 1238 451 252 1167 949 1084 353 1163 646 672 109 1441 124 1761 387 841 703 1497 820 747 1175 153 751 3048 701 368 292 829 238 610 677 694 887 1199 421 1408 271 338 594 1293 622 806 1392 1448 761 1680 222
585 1385 246 1193 84 0 128 1485 1469 1459 1505 251 130 1404 1339 1225 216 691 376 512 406 588 769 807 171 929 951 1114 731 1794 874 1223 444 237 1160 934 1069 338 1157 631 665 93 1426 109 1746 381 826 688 1482 805 740 1160 138 745 3041 686 353 277 814 223 595 670 679 872 1184 406 1393 256 332 579 1278 616 791 1377 1433 746 1665 207
542 1444 305 1252 143 128 0 1544 1528 1518 1564 309 189 1462 1398 1283 274 750 435 571 465 647 827 832 230 988 1010 1173 790 1853 933 1281 401 296 1117 993 1128 310 1113 690 622 152 1485 168 1805 338 885 746 1541 863 697 1219 197 701 2998 745 412 327 873 282 653 627 738 930 1243 465 1452 315 289 637 1336 572 849 1436 1492 805 1724 266
1662 120 1662 334 1500 1485 1544 0 77 48 47 1403 1401 100 189 288 1358 1179 1139 1001 1185 927 1040 1296 1588 1201 1223 419 1003 1662 1116 309 1719 1302 2331 1206 1108 1755 2328 1120 1506 1442 888 1430 1615 1825 1098 1176 67 1077 1911 367 1400 1423 4486 1174 1162 1693 1302 1363 1083 1841 1168 1125 564 1166 202 1398 1776 965 238 2060 1063 138 70 1018 1533 1353
1646 172 1647 318 1485 1469 1528 77 0 100 64 1388 1385 153 173 273 1342 1164 1124 985 1169 912 1025 1280 1572 1185 1207 404 987 1646 1101 293 1703 1286 2316 1191 1092 1739 2312 1104 1490 1427 872 1414 1599 1810 1082 1160 42 1061 1895 351 1384 1407 4470 1159 1146 1677 1287 1347 1067 1825 1152 1109 548 1150 149 1382 1760 950 222 2044 1047 190 123 1002 1517 1337
1636 101 1636 308 1474 1459 1518 48 100 0 70 1377 1375 90 162 262 1331 1153 1113 975 1158 901 1014 1269 1561 1175 1196 393 976 1636 1090 283 1693 1276 2305 1180 1082 1728 2301 1093 1480 1416 862 1404 1588 1799 1072 1150 90 1050 1885 341 1373 1396 4460 1148 1135 1666 1276 1337 1057 1815 1141 1098 537 1140 212 1372 1749 939 211 2034 1036 111 60 991 1507 1326
1682 142 1682 354 1520 1505 1564 47 64 70 0 1423 1421 123 208 308 1377 1199 1159 1021 1204 947 1060 1315 1607 1221 1242 439 1023 1682 1136 329 1739 1322 2351 1226 1128 1774 2347 1139 1526 1462 908 1450 1634 1845 1118 1196 76 1096 1931 387 1419 1443 4506 1194 1181 1712 1322 1383 1103 1861 1187 1144 583 1186 184 1418 1795 985 257 2080 1082 160 93 1037 1553 1372
796 1303 428 1111 266 251 309 1403 1388 1377 1423 0 312 1322 1257 1143 397 609 295 431 324 506 687 725 353 847 869 1032 649 1712 793 1141 654 408 1370 853 987 520 1367 549 875 275 1344 291 1664 591 744 606 1400 723 950 1078 320 852 3251 604 271 458 732 405 513 880 597 790 1102 324 1311 438 541 497 1196 826 709 1295 1352 664 1583 389
675 1301 307 1109 145 130 189 1401 1385 1375 1421 312 0 1319 1255 1141 277 607 292 428 322 504 684 723 232 845 867 1030 647 1710 790 1138 534 298 1250 850 985 399 1246 547 755 155 1342 170 1662 470 742 603 1398 720 829 1076 199 834 3131 602 269 338 730 284 510 760 595 787 1100 322 1309 318 421 495 1193 705 706 1293 1349 662 1581 268
1580 46 1581 252 1419 1404 1462 100 153 90 123 1322 1319 0 107 207 1276 1098 1058 919 1103 846 959 1214 1506 1119 1141 338 921 1581 1035 227 1637 1221 2250 1125 1026 1673 2246 1038 1424 1361 806 1348 1533 1744 1017 1094 142 995 1829 285 1318 1341 4404 1093 1080 1611 1221 1282 1001 1760 1086 1043 482 1084 157 1316 1694 884 156 1978 981 56 95 936 1452 1271
1516 88 1516 188 1354 1339 1398 189 173 162 208 1257 1255 107 0 142 1212 1033 993 855 1039 781 895 1150 1442 1055 1077 274 857 1516 970 163 1573 1156 2185 1060 962 1609 2182 974 1360 1297 742 1284 1469 1679 952 1030 186 931 1765 221 1254 1277 4340 1028 1016 1547 1157 1217 937 1695 1022 979 418 1020 96 1252 1630 819 95 1914 917 81 137 872 1387 1207
1401 188 1402 73 1240 1225 1283 288 273 262 308 1143 1141 207 142 0 1097 919 879 740 924 667 780 1035 1327 941 962 159 742 1402 856 48 1459 1042 2071 946 847 1494 2067 859 1245 1182 628 1169 1354 1565 838 916 285 816 1651 107 1139 1162 4225 914 901 1432 1042 1103 823 1581 907 864 303 906 196 1138 1515 705 81 1800 802 180 236 757 1273 1092
760 1257 393 1066 231 216 274 1358 1342 1331 1377 397 277 1276 1212 1097 0 563 249 385 279 460 641 679 318 802 823 986 603 1666 747 1095 619 362 1335 807 941 485 1332 503 840 240 1298 255 1619 556 699 560 1355 677 915 1032 285 807 3216 558 226 423 686 370 467 845 551 744 1056 279 1265 403 506 451 1150 790 663 1250 1306 618 1537 354
556 1079 860 887 706 691 750 1179 1164 1153 1199 609 607 1098 1033 919 563 0 345 207 390 282 463 195 793 623 645 808 425 1488 569 917 613 508 1225 629 763 784 1222 325 400 648 1120 636 1440 722 520 341 1176 499 805 854 605 317 3383 311 367 801 244 569 289 735 314 566 878 372 1087 604 763 273 972 956 485 1071 1128 440 1359 558
828 1039 554 847 392 376 435 1139 1124 1113 1159 295 292 1058 993 879 249 345 0 167 76 242 423 461 479 583 605 768 385 1448 529 877 780 193 1496 588 723 646 1492 285 672 334 1080 321 1400 717 480 342 1136 459 1076 814 291 588 3377 340 53 584 468 255 249 1006 333 526 838 60 1047 289 667 233 932 951 445 1031 1087 400 1319 244
687 901 690 709 528 512 571 1001 985 975 1021 431 428 919 855 740 385 207 167 0 212 104 284 323 615 445 467 630 247 1310 390 738 744 329 1356 450 585 782 1353 147 531 470 942 457 1262 853 342 203 998 320 936 676 427 448 3513 202 189 720 330 390 110 866 195 387 700 193 908 425 803 94 793 1087 306 893 949 262 1181 380
873 1084 584 893 421 406 465 1185 1169 1158 1204 324 322 1103 1039 924 279 390 76 212 0 288 468 506 509 629 650 813 430 1493 574 922 810 223 1526 634 769 676 1522 330 717 364 1125 351 1446 746 526 387 1182 504 1106 859 321 634 3407 385 83 614 513 284 294 1036 379 571 883 106 1092 319 697 278 977 981 490 1077 1133 445 1364 274
765 827 765 635 603 588 647 927 912 901 947 506 504 846 781 667 460 282 242 104 288 0 211 398 690 371 393 556 173 1236 317 665 822 405 1434 376 511 857 1431 222 609 545 868 533 1188 928 268 279 924 247 1014 602 502 526 3589 277 264 796 405 466 186 944 270 314 626 269 835 501 878 102 720 1163 233 819 875 188 1107 455
945 940 946 749 784 769 827 1040 1025 1014 1060 687 684 959 895 780 641 463 423 284 468 211 0 579 871 204 226 669 97 1349 150 778 1002 586 1615 210 344 1038 1611 403 789 726 701 713 1301 1109 166 459 1037 149 1194 715 683 706 3769 458 445 976 586 647 366 1125 451 147 715 449 948 681 1059 249 833 1343 135 932 989 90 1220 636
413 1195 717 1004 822 807 832 1296 1280 1269 1315 725 723 1214 1150 1035 679 195 461 323 506 398 579 0 780 739 761 924 541 1604 685 1033 470 624 1082 745 879 641 1079 227 257 764 1236 752 1556 579 637 198 1292 615 662 970 721 174 3240 168 483 658 101 685 293 592 171 682 994 488 1203 720 619 389 1088 813 601 1187 1244 556 1475 674
491 1487 335 1296 186 171 230 1588 1572 1561 1607 353 232 1506 1442 1327 318 793 479 615 509 690 871 780 0 1031 1053 1216 833 1896 977 1325 350 339 1066 1037 1171 258 1062 733 571 196 1528 211 1849 286 929 790 1584 907 645 1262 240 650 2947 788 455 276 829 325 697 575 781 974 1286 509 1495 359 237 681 1380 521 893 1479 1536 848 1767 309
1106 1101 1106 909 944 929 988 1201 1185 1175 1221 847 845 1119 1055 941 802 623 583 445 629 371 204 739 1031 0 40 830 258 1510 122 938 1163 746 1775 24 317 1198 1772 563 950 886 674 874 1462 1269 138 620 1198 168 1355 876 844 867 3930 618 605 1137 746 807 527 1285 611 119 688 610 1109 842 1220 409 993 1504 166 1093 1149 223 1381 796
1128 1123 1128 931 966 951 1010 1223 1207 1196 1242 869 867 1141 1077 962 823 645 605 467 650 393 226 761 1053 40 0 851 279 1531 144 960 1185 768 1797 46 339 1220 1793 585 972 908 695 896 1484 1291 160 642 1220 190 1377 897 865 888 3952 640 627 1158 768 829 549 1307 633 141 710 632 1130 864 1241 431 1015 1526 188 1115 1171 245 1402 818
1291 319 1291 184 1129 1114 1173 419 404 393 439 1032 1030 338 274 159 986 808 768 630 813 556 669 924 1216 830 851 0 631 1291 745 159 1348 931 1960 835 737 1383 1956 748 1135 1071 517 1059 1243 1454 727 805 416 705 1540 168 1028 1051 4115 803 790 1321 931 992 712 1470 796 753 192 795 327 1027 1404 594 212 1689 691 311 368 646 1162 981
908 903 908 711 746 731 790 1003 987 976 1023 649 647 921 857 742 603 425 385 247 430 173 97 541 833 258 279 631 0 1311 203 740 965 548 1577 263 398 1000 1573 365 752 688 754 676 1264 1071 155 422 1000 133 1157 677 645 668 3732 420 407 938 548 609 329 1087 413 200 702 412 910 644 1021 211 795 1306 119 895 951 74 1182 598
1971 1562 1971 1370 1809 1794 1853 1662 1646 1636 1682 1712 1710 1581 1516 1402 1666 1488 1448 1310 1493 1236 1349 1604 1896 1510 1531 1291 1311 0 1455 1400 2028 1611 2640 1515 1650 2063 2636 1428 1815 1751 1685 1739 126 2134 1407 1485 1659 1385 2220 1337 1708 1731 4795 1483 1470 2001 1611 1672 1392 2150 1476 1452 1361 1475 1570 1707 2084 1274 1455 2369 1371 1554 1610 1326 188 1661
1051 1017 1052 825 890 874 933 1117 1101 1091 1137 793 790 1035 971 856 747 569 529 390 574 317 150 685 977 122 144 746 203 1455 0 854 1108 691 1721 128 229 1144 1717 509 895 832 586 819 1407 1215 83 565 1114 113 1300 792 789 812 3875 564 551 1082 692 752 472 1230 557 65 600 555 1025 787 1165 355 909 1449 111 1009 1065 168 1326 742
1399 209 1400 74 1238 1223 1281 309 293 283 329 1141 1138 227 163 48 1095 917 877 738 922 665 778 1033 1325 938 960 159 740 1400 854 0 1456 1040 2069 944 845 1492 2065 857 1243 1180 625 1167 1352 1563 836 913 306 814 1649 107 1137 1160 4223 912 899 1430 1040 1101 820 1579 905 862 301 903 217 1136 1513 703 101 1797 800 201 257 755 1271 1090
181 1619 287 1427 451 444 401 1719 1703 1693 1739 654 534 1637 1573 1459 619 613 780 744 810 822 1002 470 350 1163 1185 1348 965 2028 1108 1456 0 640 756 1168 1303 210 752 645 261 497 1660 512 1980 149 1060 616 1716 1038 335 1394 542 340 2809 586 757 227 519 627 711 265 589 1105 1418 810 1627 660 189 813 1511 384 1024 1611 1667 980 1899 611
782 1202 414 1010 252 237 296 1302 1286 1276 1322 408 298 1221 1156 1042 362 508 193 329 223 405 586 624 339 746 768 931 548 1611 691 1040 640 0 1356 751 886 506 1353 448 834 261 1243 277 1563 577 643 505 1299 622 936 977 306 751 3238 503 170 444 631 368 412 866 496 689 1001 223 1210 403 527 396 1095 812 608 1194 1250 563 1482 357
1095 2533 1305 2342 1469 1463 1419 2634 2618 2607 2653 1673 1552 2552 2488 2373 1637 1528 1798 1659 1828 1737 1917 1385 1368 2078 2099 2262 1879 2942 2023 2371 1058 1659 0 2083 2218 1228 332 1560 1175 1515 2574 1531 2895 1167 1975 1531 2631 1953 765 2308 1560 1255 3828 1500 1775 1246 1433 1645 1626 842 1504 2020 2332 1826 2541 1678 1207 1727 2426 986 1939 2526 2582 1894 2813 1629
1111 1106 1112 914 949 934 993 1206 1191 1180 1226 853 850 1125 1060 946 807 629 588 450 634 376 210 745 1037 24 46 835 263 1515 128 944 1168 751 1781 0 322 1204 1777 569 955 892 679 879 1467 1274 143 625 1203 173 1360 881 849 872 3935 624 611 1142 752 812 532 1290 617 125 693 615 1114 847 1225 415 999 1509 171 1098 1154 228 1386 802
1092 1022 1093 831 931 916 974 1123 1107 1096 1142 834 831 1041 977 862 788 610 570 431 615 358 191 726 1018 163 185 751 244 1496 75 860 1150 733 1762 169 0 1185 1758 550 936 873 591 860 1449 1256 125 607 1119 155 1342 797 830 853 3916 605 592 1123 733 794 514 1272 598 84 605 597 1030 829 1206 396 915 1491 152 1014 1071 210 1367 783
351 1654 195 1463 353 338 310 1755 1739 1728 1774 520 399 1673 1609 1494 485 784 646 782 676 857 1038 641 258 1198 1220 1383 1000 2063 1144 1492 210 506 926 1204 1338 0 922 816 431 363 1695 378 2016 147 1096 787 1751 1074 506 1429 407 510 2807 756 622 136 689 492 864 436 760 1141 1453 676 1662 526 98 848 1547 381 1060 1646 1703 1015 1934 476
1099 2537 1309 2346 1473 1466 1423 2637 2622 2611 2657 1676 1556 2556 2492 2377 1641 1532 1802 1663 1832 1740 1921 1388 1372 2081 2103 2266 1883 2946 2027 2375 1062 1662 339 2087 2221 1232 0 1564 1179 1519 2578 1534 2898 1171 1979 1535 2634 1957 769 2312 1564 1258 3832 1504 1779 1249 1437 1649 1629 846 1507 2024 2336 1830 2545 1682 1211 1731 2430 990 1943 2529 2586 1898 2817 1633
588 1019 808 828 646 631 690 1120 1104 1093 1139 549 547 1038 974 859 503 325 285 147 330 222 403 227 733 563 585 748 365 1428 509 857 645 448 1258 569 703 816 1254 0 432 588 1060 576 1380 755 461 322 1116 439 837 794 545 349 3415 320 307 833 276 509 229 767 313 506 818 312 1027 544 795 213 912 988 425 1011 1068 380 1299 498
253 1406 508 1214 672 665 622 1506 1490 1480 1526 875 755 1424 1360 1245 840 400 672 531 717 609 789 257 571 950 972 1135 752 1815 895 1243 261 834 873 955 1090 431 869 432 0 718 1447 733 1767 370 847 403 1503 825 453 1181 763 127 3030 372 694 448 305 847 498 383 376 892 1205 698 1413 881 410 599 1298 603 811 1398 1454 767 1686 832
638 1342 271 1151 109 93 152 1442 1427 1416 1462 275 155 1361 1297 1182 240 648 334 470 364 545 726 764 196 886 908 1071 688 1751 832 1180 497 261 1213 892 1026 363 1209 588 718 0 1383 133 1703 434 784 645 1439 762 793 1117 163 797 3094 643 310 301 771 247 552 723 636 829 1141 363 1350 281 384 536 1235 668 748 1334 1391 703 1622 232
1602 788 1602 596 1440 1425 1484 888 872 862 908 1343 1341 806 742 628 1298 1119 1079 941 1125 867 700 1235 1527 673 695 517 754 1685 585 625 1659 1242 2271 678 576 1694 2268 1059 1446 1382 0 1370 1638 1765 634 1116 885 664 1851 563 1340 1363 4426 1114 1101 1633 1242 1303 1023 1781 1107 593 371 1106 796 1338 1715 905 680 2000 662 780 836 719 1556 1292
654 1330 286 1138 124 109 168 1430 1414 1404 1450 291 170 1348 1284 1169 255 636 321 457 351 533 713 752 211 874 896 1059 676 1739 819 1167 512 277 1228 879 1014 378 1225 576 733 133 1371 0 1691 449 771 632 1427 749 808 1105 178 813 3110 631 298 316 759 263 539 738 624 816 1129 351 1337 296 399 523 1222 684 735 1322 1378 691 1610 247
1923 1514 1923 1323 1761 1746 1805 1615 1599 1588 1634 1664 1662 1533 1469 1354 1619 1440 1400 1262 1446 1188 1301 1556 1849 1462 1484 1243 1264 126 1407 1352 1980 1563 2592 1467 1602 2016 2589 1380 1767 1703 1638 1691 0 2086 1359 1437 1611 1338 2172 1289 1661 1684 4747 1435 1422 1954 1563 1624 1344 2102 1428 1404 1313 1427 1522 1659 2037 1226 1407 2321 1324 1506 1563 1279 182 1614
290 1725 223 1533 387 381 338 1825 1810 1799 1845 591 470 1744 1679 1565 556 722 717 853 746 928 1109 579 286 1269 1291 1454 1071 2134 1215 1563 149 577 865 1274 1409 147 861 755 370 434 1766 449 2086 0 1166 725 1822 1145 445 1500 478 449 2686 695 693 164 628 563 820 375 698 1212 1524 746 1733 596 125 919 1618 320 1131 1717 1773 1086 2005 547
1003 998 1003 806 841 826 885 1098 1082 1072 1118 744 742 1017 952 838 699 520 480 342 526 268 166 637 929 138 160 727 155 1407 83 836 1060 643 1672 143 278 1096 1669 461 847 784 635 771 1359 1166 0 517 1095 129 1252 773 741 764 3827 515 503 1034 644 704 424 1182 509 80 649 507 1006 739 1117 306 891 1401 127 990 1046 148 1278 694
559 1076 863 884 703 688 746 1176 1160 1150 1196 606 603 1094 1030 916 560 341 342 203 387 279 459 198 790 620 642 805 422 1485 565 913 616 505 1228 625 760 787 1225 322 403 645 1117 632 1437 725 517 0 1173 496 808 851 602 320 3386 314 364 804 247 566 285 738 317 562 875 368 1084 601 765 270 968 959 482 1068 1124 437 1356 555
1659 162 1659 331 1497 1482 1541 67 42 90 76 1400 1398 142 186 285 1355 1176 1136 998 1182 924 1037 1292 1584 1198 1220 416 1000 1659 1113 306 1716 1299 2328 1203 1105 1751 2325 1116 1503 1439 885 1427 1611 1822 1095 1173 0 1073 1908 364 1397 1420 4483 1171 1158 1690 1299 1360 1080 1838 1164 1122 560 1163 162 1395 1773 962 235 2057 1059 180 112 1015 1530 1350
981 976 982 785 820 805 863 1077 1061 1050 1096 723 720 995 931 816 677 499 459 320 504 247 149 615 907 168 190 705 133 1385 113 814 1038 622 1651 173 308 1074 1647 439 825 762 665 749 1338 1145 129 496 1073 0 1231 751 719 742 3805 494 481 1012 622 683 402 1161 487 110 679 486 984 718 1095 285 869 1379 157 968 1025 126 1256 672
373 1811 582 1619 747 740 697 1911 1895 1885 1931 950 829 1829 1765 1651 915 805 1076 936 1106 1014 1194 662 645 1355 1377 1540 1157 2220 1300 1649 335 936 463 1360 1495 506 459 837 453 793 1852 808 2172 445 1252 808 1908 1231 0 1586 837 532 3105 778 1052 523 711 922 903 120 781 1297 1610 1104 1819 956 485 1005 1704 263 1217 1803 1859 1172 2091 906
1337 267 1337 132 1175 1160 1219 367 351 341 387 1078 1076 285 221 107 1032 854 814 676 859 602 715 970 1262 876 897 168 677 1337 791 107 1394 977 2006 881 783 1429 2002 794 1181 1117 563 1105 1289 1500 773 851 364 751 1586 0 1074 1097 4161 849 836 1367 977 1038 758 1516 842 799 238 841 275 1073 1450 640 159 1735 737 259 315 692 1208 1027
683 1299 315 1108 153 138 197 1400 1384 1373 1419 320 199 1318 1254 1139 285 605 291 427 321 502 683 721 240 844 865 1028 645 1708 789 1137 542 306 1258 849 983 407 1254 545 763 163 1340 178 1661 478 741 602 1397 719 837 1074 0 842 3139 600 268 346 728 292 509 768 593 786 1098 321 1307 325 428 493 1192 713 705 1292 1348 660 1579 276
283 1323 587 1131 751 745 701 1423 1407 1396 1443 852 834 1341 1277 1162 807 317 588 448 634 526 706 174 650 867 888 1051 668 1731 812 1160 340 751 952 872 1007 510 949 349 127 797 1363 813 1684 449 764 320 1420 742 532 1097 842 0 3110 289 611 528 222 812 415 462 293 809 1122 615 1330 847 489 516 1215 683 728 1315 1371 683 1602 802
2951 4386 2884 4194 3048 3041 2998 4486 4470 4460 4506 3251 3131 4404 4340 4225 3216 3383 3377 3513 3407 3589 3769 3240 2947 3930 3952 4115 3732 4795 3875 4223 2809 3238 3525 3935 4070 2807 3522 3415 3030 3094 4427 3110 4747 2686 3827 3386 4483 3805 3105 4161 3139 3110 0 3356 3354 2825 3289 3224 3481 3035 3359 3872 4185 3407 4393 3257 2786 3579 4278 2981 3791 4378 4434 3747 4666 3208
529 1074 833 883 701 686 745 1174 1159 1148 1194 604 602 1093 1028 914 558 311 340 202 385 277 458 168 788 618 640 803 420 1483 564 912 586 503 1198 624 758 756 1194 320 372 643 1115 631 1435 695 515 314 1171 494 778 849 600 289 3356 0 362 773 216 564 284 708 287 561 873 367 1082 599 735 268 967 929 480 1066 1123 435 1354 553
850 1061 530 870 368 353 412 1162 1146 1135 1181 271 269 1080 1016 901 226 367 53 189 83 264 445 483 455 605 627 790 407 1470 551 899 757 170 1473 611 745 622 1469 307 694 310 1102 298 1422 693 503 364 1158 481 1052 836 268 611 3354 362 0 561 490 231 271 982 355 548 860 83 1069 266 643 255 954 928 467 1053 1110 422 1341 220
369 1592 213 1401 292 277 327 1693 1677 1666 1712 458 338 1611 1547 1432 423 801 584 720 614 796 976 658 276 1137 1158 1321 938 2001 1082 1430 227 444 943 1142 1277 136 940 833 448 301 1633 316 1954 164 1034 804 1690 1012 523 1367 346 528 2825 773 561 0 706 431 802 453 777 1079 1392 614 1600 464 115 786 1485 399 998 1585 1641 953 1872 415
462 1202 766 1011 829 814 873 1302 1287 1276 1322 732 730 1221 1157 1042 686 244 468 330 513 405 586 101 829 746 768 931 548 1611 692 1040 519 631 1131 752 886 689 1127 276 305 771 1243 759 1563 628 644 247 1299 622 711 977 728 222 3289 216 490 706 0 692 341 641 220 689 1001 495 1210 727 668 396 1095 862 608 1194 1251 563 1482 681
768 1263 400 1071 238 223 282 1363 1347 1337 1383 405 284 1282 1217 1103 370 569 255 390 284 466 647 685 325 807 829 992 609 1672 752 1101 627 368 1343 812 947 492 1339 509 847 247 1304 263 1624 563 704 566 1360 683 922 1038 292 812 3224 564 231 431 692 0 473 852 557 750 1062 284 1271 410 513 457 1156 798 669 1255 1311 624 1543 361
654 983 772 791 610 595 653 1083 1067 1057 1103 513 510 1001 937 823 467 289 249 110 294 186 366 293 697 527 549 712 329 1392 472 820 711 412 1323 532 667 864 1320 229 498 552 1024 539 1344 820 424 285 1080 402 903 758 509 415 3481 284 271 802 341 473 0 833 277 469 782 275 991 507 860 177 875 1054 389 975 1031 344 1263 462
303 1741 512 1549 677 670 627 1841 1825 1815 1861 880 760 1760 1695 1581 845 735 1006 866 1036 944 1125 592 575 1285 1307 1470 1087 2150 1230 1579 265 866 540 1290 1425 436 537 767 383 723 1782 738 2102 375 1182 738 1838 1161 120 1516 768 462 3035 708 982 453 641 852 833 0 711 1228 1540 1034 1749 886 415 935 1634 271 1147 1733 1789 1102 2021 837
532 1067 836 876 694 679 738 1168 1152 1141 1187 597 595 1086 1022 907 551 314 333 195 379 270 451 171 781 611 633 796 413 1476 557 905 589 496 1201 617 751 760 1198 313 376 636 1108 624 1428 698 509 317 1164 487 781 842 593 293 3359 287 355 777 220 557 277 711 0 554 866 360 1075 592 738 261 960 932 473 1059 1116 428 1347 546
1048 1025 1049 833 887 872 930 1125 1110 1099 1145 790 787 1044 979 865 744 566 526 387 571 314 147 682 974 119 141 754 200 1452 65 863 1105 689 1718 125 237 1141 1714 506 892 829 594 816 1404 1212 80 562 1122 110 1297 800 786 809 3872 561 548 1079 689 750 469 1228 554 0 608 552 1033 784 1162 352 918 1446 108 1017 1073 165 1323 739
1361 463 1361 272 1199 1184 1243 564 548 537 583 1102 1100 482 418 303 1056 878 838 700 883 626 715 994 1286 687 709 192 702 1361 599 301 1418 1001 2030 692 591 1453 2027 818 1205 1141 371 1129 1313 1524 648 875 560 678 1610 238 1098 1122 4185 873 860 1392 1001 1062 782 1540 866 607 0 865 471 1097 1474 664 356 1759 676 455 512 717 1232 1051
854 1066 583 874 421 406 465 1166 1150 1140 1186 324 322 1084 1020 906 279 372 60 193 106 269 449 488 509 610 632 795 412 1475 555 903 810 223 1524 615 750 676 1520 312 698 363 1107 351 1427 746 507 368 1163 486 1104 841 321 615 3407 367 83 614 495 284 275 1034 360 552 865 0 1074 319 697 260 958 981 472 1058 1114 427 1346 274
1570 138 1570 241 1408 1393 1452 202 149 212 184 1311 1309 157 96 196 1265 1087 1047 908 1092 835 948 1203 1495 1109 1130 327 910 1570 1024 217 1627 1210 2239 1114 1015 1662 2235 1027 1413 1350 796 1337 1522 1733 1006 1084 162 984 1819 275 1307 1330 4393 1082 1069 1600 1210 1271 991 1749 1075 1032 471 1074 0 1306 1683 873 145 1968 970 131 187 925 1441 1260
801 1298 434 1106 271 256 315 1398 1382 1372 1418 438 318 1316 1252 1138 403 604 289 425 319 501 681 720 359 842 864 1027 644 1707 787 1136 660 403 1376 847 982 526 1372 544 881 281 1339 296 1659 596 739 601 1395 718 956 1073 325 847 3257 599 266 464 727 410 507 886 592 784 1097 319 1306 0 547 492 1191 831 704 1290 1346 659 1578 394
330 1675 174 1484 338 332 289 1776 1760 1749 1795 541 421 1694 1630 1515 506 763 667 803 697 878 1059 619 237 1220 1241 1404 1021 2084 1165 1513 189 527 905 1225 1359 98 901 795 410 384 1716 399 2037 125 1117 765 1773 1095 485 1450 428 489 2786 735 643 115 668 513 860 415 738 1162 1474 697 1683 547 0 869 1568 360 1081 1667 1724 1036 1955 497
755 865 756 673 594 579 637 965 950 939 985 497 495 884 819 705 451 273 233 94 278 102 249 389 681 409 431 594 211 1274 355 703 813 396 1425 415 549 848 1421 213 599 536 906 523 1226 919 306 270 962 285 1005 640 493 516 3579 268 255 786 396 457 177 935 261 352 664 260 873 492 869 0 758 1154 271 857 914 226 1145 446
1454 137 1455 126 1293 1278 1336 238 222 211 257 1196 1193 156 95 81 1150 972 932 793 977 720 833 1088 1380 993 1015 212 795 1455 909 101 1511 1095 2124 999 900 1547 2120 912 1298 1235 680 1222 1407 1618 891 968 235 869 1704 159 1192 1215 4278 967 954 1485 1095 1156 875 1634 960 917 356 958 145 1191 1568 758 0 1852 855 130 186 810 1326 1145
524 1960 458 1768 622 616 572 2060 2044 2034 2080 826 705 1978 1914 1800 790 956 951 1087 981 1163 1343 813 521 1504 1526 1689 1306 2369 1449 1797 384 812 684 1509 1644 381 680 988 603 668 2001 684 2321 320 1401 959 2057 1379 263 1735 713 683 2981 929 928 399 862 798 1054 271 932 1446 1759 981 1968 831 360 1154 1852 0 1366 1952 2008 1321 2240 782
967 962 968 771 806 791 849 1063 1047 1036 1082 709 706 981 917 802 663 485 445 306 490 233 135 601 893 166 188 691 119 1371 111 800 1024 608 1637 171 306 1060 1633 425 811 748 662 735 1324 1131 127 482 1059 157 1217 737 705 728 3791 480 467 998 608 669 389 1147 473 108 677 472 970 704 1081 271 855 1366 0 954 1011 112 1242 658
1554 37 1554 226 1392 1377 1436 138 190 111 160 1295 1293 56 81 180 1250 1071 1031 893 1077 819 932 1187 1479 1093 1115 311 895 1554 1008 201 1611 1194 2223 1098 1000 1646 2220 1011 1398 1334 780 1322 1506 1717 990 1068 180 968 1803 259 1292 1315 4378 1066 1053 1585 1194 1255 975 1733 1059 1016 455 1058 131 1290 1667 857 130 1952 954 0 86 910 1425 1244
1610 76 1611 282 1448 1433 1492 70 123 60 93 1352 1349 95 137 236 1306 1128 1087 949 1133 875 989 1244 1536 1149 1171 368 951 1610 1064 257 1667 1250 2280 1154 1056 1703 2276 1068 1454 1391 836 1378 1563 1773 1046 1124 112 1025 1859 315 1348 1371 4434 1123 1110 1641 1251 1311 1031 1789 1116 1073 512 1114 187 1346 1724 914 186 2008 1011 86 0 966 1481 1301
923 917 923 726 761 746 805 1018 1002 991 1037 664 662 936 872 757 618 440 400 262 445 188 90 556 848 223 245 646 74 1326 168 755 980 563 1592 228 363 1015 1588 380 767 703 720 691 1279 1086 148 437 1015 126 1172 692 660 683 3747 435 422 953 563 624 344 1102 428 165 717 427 925 659 1036 226 810 1321 112 910 966 0 1197 613
1842 1433 1842 1241 1680 1665 1724 1533 1517 1507 1553 1583 1581 1452 1387 1273 1537 1359 1319 1181 1364 1107 1220 1475 1767 1381 1402 1162 1182 188 1326 1271 1899 1482 2511 1386 1521 1934 2507 1299 1686 1622 1556 1610 182 2005 1278 1356 1530 1256 2091 1208 1579 1602 4666 1354 1341 1872 1482 1543 1263 2021 1347 1323 1232 1346 1441 1578 1955 1145 1326 2240 1242 1425 1481 1197 0 1532
752 1252 384 1061 222 207 266 1353 1337 1326 1372 389 268 1271 1207 1092 354 558 244 380 274 455 636 674 309 796 818 981 598 1661 742 1090 611 357 1327 802 936 476 1323 498 832 232 1293 247 1614 547 694 555 1350 672 906 1027 276 802 3208 553 220 415 681 361 462 837 546 739 1051 274 1260 394 497 446 1145 782 658 1244 1301 613 1532 0
EOF