NAME : tsp_problem
TYPE : TSP
DIMENSION : 24
EDGE_WEIGHT_TYPE : EXPLICIT
EDGE_WEIGHT_FORMAT : FULL_MATRIX
EDGE_WEIGHT_SECTION
0 309 865 526 457 423 1377 735 609 602 749 938 752 509 728 398 456 582 701 577 416 547 284 254
309 0 833 494 568 533 1345 845 577 570 717 906 862 620 839 508 566 693 669 687 526 657 45 206
1003 971 0 720 1262 1227 607 1540 619 612 373 168 1556 1314 1533 1202 1260 1387 597 1381 1220 1351 952 801
526 494 582 0 785 750 1094 1063 168 175 466 655 1079 837 1056 725 783 910 211 904 744 874 475 324
457 568 1124 785 0 276 1636 812 868 861 1008 1197 828 586 346 474 309 359 960 430 63 400 543 513
423 533 1089 750 276 0 1601 777 833 826 973 1162 794 551 352 439 143 206 925 200 234 170 508 479
1318 1287 824 1035 1577 1543 0 1855 935 928 688 472 1872 1629 1849 1518 1576 1702 912 1697 1536 1667 1268 1117
735 845 1402 1063 812 777 1914 0 1145 1138 1286 1475 103 403 1083 359 810 937 1238 931 770 901 820 791
609 577 481 168 868 833 993 1145 0 92 365 554 1162 920 1139 808 866 993 128 987 826 957 558 407
602 570 474 175 861 826 986 1138 92 0 358 547 1155 912 1132 801 859 986 135 980 819 950 551 400
668 636 304 384 927 892 816 1204 284 277 0 377 1221 978 1198 867 925 1052 261 1046 885 1016 617 466
890 858 396 607 1149 1114 519 1427 507 499 260 0 1443 1201 1420 1089 1147 1274 484 1268 1108 1238 839 688
752 862 1418 1079 828 794 1930 103 1162 1155 1302 1491 0 420 1099 376 826 953 1254 948 787 917 837 808
509 620 1176 837 586 551 1688 403 920 912 1060 1249 420 0 857 133 584 711 1012 705 544 675 594 565
728 839 1395 1056 346 352 1907 1083 1139 1132 1279 1468 1099 857 0 745 333 197 1231 178 387 236 814 785
398 508 1064 725 474 439 1576 359 808 801 948 1137 376 133 745 0 472 599 900 593 433 563 483 454
456 566 1122 783 309 143 1634 810 866 859 1006 1195 826 584 333 472 0 303 958 297 267 267 541 512
582 693 1249 910 359 206 1761 937 993 986 1133 1322 953 711 197 599 303 0 1085 296 394 266 668 638
701 669 459 211 960 925 971 1238 128 135 343 532 1254 1012 1231 900 958 1085 0 1079 919 1049 650 499
577 687 1243 904 430 200 1755 931 987 980 1127 1316 948 705 178 593 297 296 1079 0 388 89 662 633
416 526 1082 744 63 234 1594 770 826 819 966 1155 787 544 387 433 267 394 919 388 0 358 501 472
547 657 1213 874 400 170 1725 901 957 950 1097 1286 917 675 236 563 267 266 1049 89 358 0 632 603
284 45 814 475 543 508 1326 820 558 551 698 887 837 594 814 483 541 668 650 662 501 632 0 204
254 206 663 324 513 479 1175 791 407 400 547 736 808 565 785 454 512 638 499 633 472 603 204 0
EOF