NAME : tsp_problem
TYPE : TSP
DIMENSION : 58
EDGE_WEIGHT_TYPE : EXPLICIT
EDGE_WEIGHT_FORMAT : FULL_MATRIX
EDGE_WEIGHT_SECTION
0 1075 754 662 131 445 131 783 787 582 367 257 337 854 652 797 509 663 777 904 759 787 689 917 537 74 755 68 347 637 504 646 1059 290 213 853 349 743 354 144 212 932 1116 287 850 123 206 264 141 793 729 650 901 96 1083 838 536 819
1017 0 1674 1582 1098 1365 1101 1703 592 1502 807 818 777 1774 846 1717 1429 1583 1697 1824 1679 1707 1609 1837 1457 994 1675 1006 1267 1000 1424 1566 43 1210 1133 1773 1269 1663 1274 1082 1184 1852 62 1245 1770 1119 950 825 1087 1713 498 1570 1821 1033 33 1758 1456 1739
754 1732 0 199 836 485 838 387 1444 232 1024 914 994 894 1309 837 276 300 69 291 100 309 173 957 253 721 209 743 569 1294 320 332 1716 649 582 347 572 351 576 819 744 972 1774 684 890 851 863 922 825 833 1386 309 208 771 1740 331 576 154
662 1640 199 0 743 393 746 493 1352 307 932 822 902 802 1217 745 233 388 175 398 119 415 146 864 261 629 315 651 477 1202 185 370 1624 556 490 453 479 458 484 727 652 879 1681 591 798 758 771 829 732 741 1294 374 314 678 1648 438 483 261
131 1157 836 743 0 527 53 865 869 664 449 339 418 936 734 879 591 745 858 986 841 869 771 998 619 156 837 141 429 719 586 728 1141 236 294 935 431 825 436 68 133 1013 1198 208 932 44 288 346 62 875 810 731 983 114 1165 920 618 901
445 1423 485 393 527 0 529 514 1135 313 715 605 685 585 1000 528 240 394 508 635 490 518 420 648 268 412 486 434 260 985 235 377 1407 340 273 584 263 474 267 510 435 663 1465 375 581 542 554 613 516 524 1077 381 632 462 1431 569 267 550
131 1160 838 746 53 529 0 868 871 667 451 342 421 939 736 882 594 748 861 988 843 872 774 1001 622 158 839 142 431 722 589 731 1144 237 297 938 434 828 439 69 134 1016 1201 209 935 45 291 349 63 878 813 734 986 115 1167 922 620 904
783 1762 387 493 865 514 868 0 1473 297 1053 944 1023 923 1338 867 306 251 363 222 394 106 467 986 282 750 342 772 598 1324 350 234 1746 678 611 172 601 66 606 848 773 1001 1803 713 919 880 892 951 854 863 1415 237 220 800 1769 156 605 322
967 390 1624 1532 1049 1315 1051 1653 0 1453 758 768 727 1724 796 1667 1379 1534 1647 1774 1629 1657 1559 1787 1407 944 1625 956 1217 950 1374 1516 374 1160 1083 1723 1219 1613 1224 1032 1134 1802 431 1195 1720 1069 900 775 1038 1664 455 1520 1772 984 398 1708 1406 1689
582 1561 232 307 664 313 667 297 1273 0 853 743 822 723 1138 666 105 178 255 418 315 302 334 785 82 550 269 571 398 1123 149 161 1545 477 411 367 400 258 405 648 573 800 1602 512 719 679 692 750 653 662 1214 164 416 599 1569 352 404 334
367 866 1024 932 449 715 451 1053 578 853 0 168 110 1124 443 1067 779 934 1047 1174 1029 1058 959 1187 807 344 1025 356 617 428 774 916 850 560 483 1123 619 1013 624 432 534 1202 907 596 1120 469 300 175 438 1064 519 920 1172 384 874 1108 806 1089
257 876 914 822 339 605 342 944 588 743 168 0 138 1014 453 958 669 824 937 1064 919 948 849 1077 698 234 915 246 507 438 664 807 861 451 373 1014 510 904 515 322 424 1092 918 486 1010 359 190 48 328 954 530 810 1062 274 884 998 696 980
337 836 994 902 418 685 421 1023 547 822 110 138 0 1094 412 1037 749 903 1017 1144 999 1027 929 1157 777 314 995 326 587 398 744 886 820 530 452 1093 589 983 594 402 504 1172 877 565 1090 439 270 145 407 1033 489 890 1141 353 843 1078 776 1059
854 1832 894 802 936 585 939 923 1544 723 1124 1014 1094 0 1409 295 649 804 917 1044 899 928 829 152 677 821 895 843 669 1394 644 786 1817 749 682 993 672 883 677 919 844 200 1874 784 284 951 963 1022 925 473 1486 790 1042 871 1840 978 341 959
663 502 1320 1228 745 1011 748 1350 214 1149 454 465 424 1421 0 1364 1076 1230 1343 1470 1325 1354 1255 1483 1104 640 1321 652 913 647 1071 1213 486 857 779 1420 916 1310 921 728 830 1498 543 892 1416 765 596 472 734 1360 155 1216 1468 680 510 1404 1102 1386
797 1776 837 745 879 528 882 867 1488 666 1067 958 1037 295 1352 0 592 747 860 987 842 871 772 203 621 764 838 786 613 1338 587 730 1760 692 626 937 615 827 620 862 787 153 1817 727 72 894 907 965 868 417 1429 733 985 814 1783 921 284 903
509 1487 276 233 591 240 594 306 1199 105 779 669 749 649 1064 592 0 186 299 426 330 310 260 712 90 476 277 498 324 1049 76 169 1472 404 337 376 327 266 332 574 499 727 1529 439 645 606 618 677 580 589 1141 172 424 526 1495 360 331 342
663 1642 300 388 745 394 748 251 1354 178 934 824 903 804 1219 747 186 0 276 371 307 255 380 866 163 631 107 653 479 1204 230 87 1626 558 492 321 481 211 486 729 654 881 1683 593 800 760 773 831 734 743 1295 90 289 680 1650 305 485 172
777 1755 69 175 858 508 861 363 1467 255 1047 937 1017 917 1332 860 299 276 0 268 76 285 149 979 276 744 185 766 592 1317 339 338 1739 671 605 323 594 328 599 842 767 994 1796 707 913 873 886 944 847 856 1409 285 184 793 1763 308 598 130
904 1882 291 398 986 635 988 222 1594 418 1174 1064 1144 1044 1459 987 426 371 268 0 299 145 372 1107 403 871 281 893 719 1444 470 354 1866 799 732 182 722 187 726 969 894 1122 1924 834 1040 1001 1013 1072 975 984 1536 358 125 921 1890 167 726 227
759 1737 100 119 841 490 843 394 1449 315 1029 919 999 899 1314 842 330 307 76 299 0 317 92 962 336 726 216 748 574 1299 282 369 1721 654 587 354 577 359 581 824 749 977 1779 689 895 856 868 927 830 839 1391 316 215 776 1745 339 581 162
787 1766 309 415 869 518 872 106 1478 302 1058 948 1027 928 1343 871 310 255 285 145 317 0 389 990 287 755 299 776 603 1328 354 238 1750 682 616 94 605 71 610 852 778 1005 1807 717 923 884 897 955 858 867 1419 241 142 804 1774 79 609 245
689 1667 173 146 771 420 774 467 1379 334 959 849 929 829 1244 772 260 380 149 372 92 389 0 892 289 656 289 678 504 1229 212 398 1652 584 517 427 507 432 512 754 679 907 1709 619 825 786 798 857 760 769 1321 389 288 706 1675 412 511 234
917 1895 957 864 998 648 1001 986 1607 785 1187 1077 1157 152 1472 203 712 866 979 1107 962 990 892 0 740 884 957 906 732 1457 707 849 1879 811 745 1056 734 946 739 982 907 67 1936 846 151 1013 1026 1084 987 536 1549 852 1104 933 1903 1041 403 1022
537 1516 253 261 619 268 622 282 1227 82 807 698 777 677 1092 621 90 163 276 403 336 287 289 740 0 504 254 526 352 1077 104 146 1500 432 365 352 355 243 360 602 527 755 1557 467 673 634 646 705 608 617 1169 149 401 554 1523 337 359 319
74 1052 721 629 156 412 158 750 764 550 344 234 314 821 629 764 476 631 744 871 726 755 656 884 504 0 722 63 314 614 471 613 1036 257 180 820 316 710 321 139 231 899 1094 293 817 176 183 242 145 761 706 617 869 91 1060 805 503 786
755 1733 209 315 837 486 839 342 1445 269 1025 915 995 895 1310 838 277 107 185 281 216 299 289 957 254 722 0 744 570 1295 321 169 1717 650 583 337 573 302 577 820 745 972 1775 685 891 852 864 922 826 834 1387 116 198 772 1741 322 577 124
68 1064 743 651 141 434 142 772 776 571 356 246 326 843 641 786 498 653 766 893 748 776 678 906 526 63 744 0 336 626 493 635 1048 279 202 842 338 732 343 133 222 921 1106 298 839 134 195 253 139 783 718 639 890 85 1072 827 525 808
347 1325 569 477 429 260 431 598 1037 398 617 507 587 669 902 613 324 479 592 719 574 603 504 732 352 314 570 336 0 887 319 462 1309 242 175 668 31 559 37 412 337 747 1367 277 665 444 456 514 418 609 979 465 717 364 1333 653 351 635
413 780 1070 978 495 761 497 1099 491 899 204 214 173 1170 356 1113 825 980 1093 1220 1075 1104 1005 1233 853 390 1071 402 663 0 820 962 764 606 529 1169 665 1059 670 478 580 1248 821 642 1166 515 346 221 484 1110 433 966 1218 430 787 1154 852 1135
504 1482 320 185 586 235 589 350 1194 149 774 664 744 644 1059 587 76 230 339 470 282 354 212 707 104 471 321 493 319 1044 0 213 1467 399 332 420 322 310 327 569 494 722 1524 434 640 601 613 672 575 584 1136 216 468 521 1490 404 326 386
646 1625 332 370 728 377 731 234 1336 161 916 807 886 786 1201 730 169 87 338 354 369 238 398 849 146 613 169 635 462 1187 213 0 1609 541 474 304 464 194 469 711 636 864 1666 576 782 743 756 814 717 726 1278 73 351 663 1632 288 468 234
1001 43 1658 1566 1083 1349 1085 1687 576 1487 792 802 761 1758 830 1701 1413 1568 1681 1808 1663 1692 1593 1821 1441 978 1659 990 1251 984 1408 1550 0 1194 1117 1757 1253 1647 1258 1066 1168 1836 81 1230 1754 1103 934 809 1072 1698 482 1554 1806 1018 51 1742 1440 1723
290 1269 649 556 236 340 237 678 981 477 560 451 530 749 846 692 404 558 671 799 654 682 584 811 432 257 650 279 242 831 399 541 1253 0 119 748 244 638 249 252 152 826 1310 81 745 228 400 458 246 688 922 545 796 298 1276 733 431 714
213 1191 582 490 294 273 297 611 903 411 483 373 452 682 768 626 337 492 605 732 587 616 517 745 365 180 583 202 175 753 332 474 1175 119 0 681 178 571 182 278 203 760 1232 154 678 309 322 380 283 622 845 478 730 229 1199 666 364 648
853 1832 347 453 935 584 938 172 1543 367 1123 1014 1093 993 1408 937 376 321 323 182 354 94 427 1056 352 820 337 842 668 1394 420 304 1816 748 681 0 671 136 676 918 843 1071 1873 783 989 950 962 1021 924 933 1485 307 180 870 1839 30 675 282
349 1328 572 479 431 263 434 601 1040 400 619 510 589 672 905 615 327 481 594 722 577 605 507 734 355 316 573 338 31 890 322 464 1312 244 178 671 0 561 37 414 339 749 1369 279 668 446 459 517 420 611 981 468 719 366 1335 656 354 637
743 1722 351 458 825 474 828 66 1433 258 1013 904 983 883 1298 827 266 211 328 187 359 71 432 946 243 710 302 732 559 1284 310 194 1706 638 571 136 561 0 566 808 733 961 1763 673 879 840 853 911 814 823 1375 197 185 760 1729 121 565 287
354 1332 576 484 436 267 439 606 1044 405 624 515 594 677 909 620 332 486 599 726 581 610 512 739 360 321 577 343 37 894 327 469 1317 249 182 676 37 566 0 419 344 754 1374 284 673 451 463 522 425 616 986 472 724 371 1340 661 358 642
144 1140 819 727 68 510 69 848 852 648 432 322 402 919 717 862 574 729 842 969 824 852 754 982 602 139 820 133 412 702 569 711 1124 252 278 918 414 808 419 0 149 997 1182 224 915 60 271 329 78 859 794 715 967 130 1148 903 601 884
212 1242 744 652 133 435 134 773 954 573 534 424 504 844 819 787 499 654 767 894 749 778 679 907 527 231 745 222 337 804 494 636 1226 152 203 843 339 733 344 149 0 922 1284 125 840 126 373 432 144 784 896 640 892 196 1250 828 526 809
932 1910 972 879 1013 663 1016 1001 1622 800 1202 1092 1172 200 1487 153 727 881 994 1122 977 1005 907 67 755 899 972 921 747 1472 722 864 1894 826 760 1071 749 961 754 997 922 0 1951 861 102 1028 1041 1099 1002 551 1564 867 1119 948 1918 1056 418 1037
1058 62 1715 1623 1140 1406 1143 1745 633 1544 849 859 819 1815 887 1759 1470 1625 1738 1865 1720 1749 1650 1878 1499 1035 1716 1047 1308 1041 1465 1608 81 1252 1174 1815 1311 1705 1315 1123 1225 1893 0 1287 1811 1160 991 867 1129 1755 539 1611 1863 1075 53 1799 1497 1781
287 1304 684 591 208 375 209 713 1016 512 596 486 565 784 881 727 439 593 707 834 689 717 619 846 467 293 685 298 277 866 434 576 1288 81 154 783 279 673 284 224 125 861 1345 0 780 201 435 493 219 723 957 580 831 271 1312 768 466 749
850 1828 890 798 932 581 935 919 1540 719 1120 1010 1090 284 1405 72 645 800 913 1040 895 923 825 151 673 817 891 839 665 1390 640 782 1813 745 678 989 668 879 673 915 840 102 1870 780 0 947 959 1018 921 469 1482 786 1038 867 1836 974 337 955
123 1177 851 758 44 542 45 880 889 679 469 359 439 951 754 894 606 760 873 1001 856 884 786 1013 634 176 852 134 444 739 601 743 1161 228 309 950 446 840 451 60 126 1028 1219 201 947 0 308 367 55 890 831 747 998 107 1185 935 633 916
206 1008 863 771 288 554 291 892 720 692 300 190 270 963 585 907 618 773 886 1013 868 897 798 1026 646 183 864 195 456 570 613 756 992 400 322 962 459 853 463 271 373 1041 1050 435 959 308 0 198 277 903 662 759 1011 223 1016 947 645 929
264 884 922 829 346 613 349 951 596 750 175 48 145 1022 461 965 677 831 944 1072 927 955 857 1084 705 242 922 253 514 446 672 814 868 458 380 1021 517 911 522 329 432 1099 925 493 1018 367 198 0 335 961 537 817 1069 281 891 1006 703 987
141 1146 825 732 62 516 63 854 858 653 438 328 407 925 723 868 580 734 847 975 830 858 760 987 608 145 826 139 418 708 575 717 1130 246 283 924 420 814 425 78 144 1002 1187 219 921 55 277 335 0 864 799 721 972 125 1154 909 607 890
793 1772 833 741 875 524 878 863 1484 662 1064 954 1033 473 1349 417 589 743 856 984 839 867 769 536 617 761 834 783 609 1334 584 726 1756 688 622 933 611 823 616 859 784 551 1813 723 469 890 903 961 864 0 1425 729 981 810 1780 918 280 899
681 544 1338 1246 763 1029 765 1367 256 1167 472 482 441 1438 510 1381 1093 1248 1361 1488 1343 1372 1273 1501 1121 658 1339 670 931 664 1088 1230 529 874 797 1437 933 1327 938 746 848 1516 586 910 1434 783 614 489 752 1378 0 1234 1486 698 552 1422 1120 1403
650 1628 309 374 731 381 734 237 1340 164 920 810 890 790 1205 733 172 90 285 358 316 241 389 852 149 617 116 639 465 1190 216 73 1612 545 478 307 468 197 472 715 640 867 1670 580 786 747 759 817 721 729 1282 0 298 667 1636 292 472 181
901 1880 208 314 983 632 986 220 1592 416 1172 1062 1141 1042 1457 985 424 289 184 125 215 142 288 1104 401 869 198 890 717 1442 468 351 1864 796 730 180 719 185 724 967 892 1119 1921 831 1038 998 1011 1069 972 981 1533 298 0 918 1888 165 723 143
96 1092 771 678 114 462 115 800 804 599 384 274 353 871 669 814 526 680 793 921 776 804 706 933 554 91 772 85 364 654 521 663 1076 298 229 870 366 760 371 130 196 948 1133 271 867 107 223 281 125 810 745 667 918 0 1100 855 553 836
1024 33 1681 1589 1106 1372 1109 1711 600 1510 815 826 785 1782 853 1725 1437 1591 1704 1832 1687 1715 1617 1844 1465 1002 1682 1013 1274 1008 1432 1574 51 1218 1140 1781 1277 1671 1282 1089 1191 1859 53 1253 1778 1127 957 833 1095 1721 505 1577 1829 1041 0 1766 1463 1747
838 1816 331 438 920 569 922 156 1528 352 1108 998 1078 978 1393 921 360 305 308 167 339 79 412 1041 337 805 322 827 653 1378 404 288 1800 733 666 30 656 121 661 903 828 1056 1858 768 974 935 947 1006 909 918 1470 292 165 855 1824 0 660 267
536 1514 576 483 618 267 620 605 1226 404 806 696 776 341 1091 284 331 485 598 726 581 609 511 403 359 503 577 525 351 1076 326 468 1498 431 364 675 354 565 358 601 526 418 1556 466 337 633 645 703 607 280 1168 472 723 553 1522 660 0 641
819 1798 154 261 901 550 904 322 1509 334 1089 980 1059 959 1374 903 342 172 130 227 162 245 234 1022 319 786 124 808 635 1360 386 234 1782 714 648 282 637 287 642 884 809 1037 1839 749 955 916 929 987 890 899 1451 181 143 836 1805 267 641 0
EOF