NAME : tsp_problem
TYPE : TSP
DIMENSION : 36
EDGE_WEIGHT_TYPE : EXPLICIT
EDGE_WEIGHT_FORMAT : FULL_MATRIX
EDGE_WEIGHT_SECTION
0 263 330 317 609 56 724 851 462 689 69 278 862 662 891 304 536 329 317 716 309 549 756 426 298 185 625 266 773 202 701 183 608 712 152 319
263 0 552 539 531 277 946 773 684 911 290 499 785 584 1112 526 758 251 239 638 530 472 678 349 520 242 547 113 995 107 624 405 530 634 196 242
330 552 0 177 898 345 534 1140 272 499 358 226 1151 951 701 193 346 618 606 1004 101 838 1044 715 211 474 914 554 583 491 990 296 897 1001 441 608
317 539 177 0 885 332 681 1127 419 646 346 69 1139 938 847 36 493 605 593 992 199 826 1032 703 78 462 901 542 730 478 978 169 884 988 428 596
609 531 898 885 0 623 1292 319 1030 1257 636 845 328 612 1458 872 1104 461 449 311 876 103 224 376 866 747 575 534 1341 470 140 751 204 662 542 452
56 277 345 332 623 0 739 865 477 704 66 293 877 676 905 319 551 343 331 730 323 564 770 441 313 161 639 280 788 216 716 198 622 726 166 334
543 764 353 499 1110 558 0 1353 218 465 571 548 1364 1164 667 507 312 831 819 1217 331 1051 1257 928 442 687 1127 767 124 704 1203 509 1110 1214 654 821
851 773 1140 1127 319 865 1534 0 1272 1499 879 1088 88 854 1701 1114 1346 704 692 277 1119 346 197 619 1108 989 817 776 1583 712 282 993 393 904 784 694
369 590 179 325 936 384 458 1179 0 423 397 374 1190 990 624 333 270 657 645 1043 157 877 1083 754 268 513 953 593 506 530 1029 335 936 1040 480 647
992 1214 802 949 1560 1007 532 1802 668 0 1020 997 1814 1613 287 956 762 1280 1268 1667 781 1500 1707 1377 891 1136 1576 1217 581 1153 1652 959 1559 1663 1103 1270
69 290 358 346 636 66 752 879 490 717 0 306 890 689 919 332 564 356 344 743 337 577 783 454 326 137 652 293 801 229 729 211 636 739 179 347
278 499 226 69 845 293 729 1088 467 694 306 0 1099 898 895 78 541 566 554 952 247 786 992 663 127 422 862 502 778 438 938 121 845 949 389 556
862 785 1151 1139 328 877 1546 88 1283 1511 890 1099 0 865 1712 1126 1358 715 703 207 1130 357 208 630 1120 1001 829 788 1594 724 212 1005 323 916 796 705
662 584 951 938 612 676 1345 854 1083 1310 689 898 865 0 1511 925 1157 514 502 718 929 552 759 429 919 800 628 587 1394 523 704 804 611 407 595 505
832 1054 642 789 1400 847 365 1642 508 366 860 837 1654 1453 0 796 602 1120 1108 1507 621 1340 1547 1217 731 976 1416 1057 414 993 1492 799 1399 1503 943 1110
304 526 193 36 872 319 689 1114 426 654 332 78 1126 925 855 0 501 592 580 979 215 813 1019 690 94 449 888 529 737 465 965 178 871 975 415 583
708 930 518 665 1276 723 252 1518 383 217 736 713 1529 1329 418 672 0 996 984 1382 497 1216 1423 1093 607 852 1292 932 301 869 1368 674 1275 1379 819 986
329 251 618 605 461 343 1012 704 750 977 356 566 715 514 1178 592 824 0 37 568 596 402 608 279 586 467 477 254 1061 190 554 471 460 564 262 38
317 239 606 593 449 331 1000 692 738 965 344 554 703 502 1166 580 812 37 0 556 584 390 596 267 574 455 465 242 1049 178 542 459 448 552 250 30
716 638 1004 992 311 730 1399 277 1136 1364 743 952 207 718 1565 979 1211 568 556 0 983 252 397 483 973 854 682 641 1447 577 245 858 133 769 649 558
309 530 101 199 876 323 513 1119 251 478 337 247 1130 929 679 215 325 596 584 983 0 817 1023 694 207 453 892 533 562 469 969 275 875 979 419 587
549 472 838 826 103 564 1232 346 970 1198 577 786 357 552 1399 813 1045 402 390 252 817 0 250 317 807 687 515 474 1281 411 196 691 144 602 483 392
756 678 1044 1032 224 770 1439 197 1177 1404 783 992 208 759 1605 1019 1251 608 596 397 1023 250 0 523 1013 894 722 681 1488 617 316 898 351 809 689 598
426 349 715 703 376 441 1110 619 847 1075 454 663 630 429 1276 690 922 279 267 483 694 317 523 0 684 564 302 351 1158 288 469 568 375 479 360 269
298 520 211 78 866 313 623 1108 361 588 326 127 1120 919 789 94 435 586 574 973 207 807 1013 684 0 443 882 523 672 459 959 227 865 969 409 577
185 242 474 462 747 161 869 989 606 834 137 422 1001 800 1035 449 681 467 455 854 453 687 894 564 443 0 763 247 917 310 840 327 746 850 223 457
625 547 914 901 575 639 1308 817 1046 1273 652 862 829 628 1474 888 1120 477 465 682 892 515 722 302 882 763 0 550 1357 486 667 767 574 678 558 468
266 113 554 542 534 280 949 776 686 914 293 502 788 587 1115 529 761 254 242 641 533 474 681 351 523 247 550 0 997 109 626 408 533 637 199 244
439 661 249 396 1007 454 397 1249 115 362 467 444 1260 1060 563 403 209 727 715 1113 228 947 1154 824 338 583 1023 663 0 600 1099 405 1006 1110 550 717
202 107 491 478 470 216 885 712 623 850 229 438 724 523 1051 465 697 190 178 577 469 411 617 288 459 310 486 109 934 0 563 344 469 573 135 181
701 624 990 978 140 716 1385 282 1122 1350 729 938 212 704 1551 965 1197 554 542 245 969 196 316 469 959 840 667 626 1433 563 0 843 296 754 635 544
183 405 296 169 751 198 691 993 428 656 211 121 1005 804 857 178 503 471 459 858 275 691 898 568 227 327 767 408 740 344 843 0 750 854 294 461
608 530 897 884 204 622 1291 393 1029 1256 636 845 323 611 1458 871 1103 460 448 133 875 144 351 375 865 746 574 533 1340 469 296 750 0 661 541 451
712 634 1001 988 662 726 1395 904 1133 1360 739 949 916 407 1561 975 1207 564 552 769 979 602 809 479 969 850 678 637 1444 573 754 854 661 0 645 555
152 196 441 428 542 166 835 784 573 800 179 389 796 595 1001 415 647 262 250 649 419 483 689 360 409 223 558 199 884 135 635 294 541 645 0 252
319 242 608 596 452 334 1002 694 740 968 347 556 705 505 1169 583 815 38 30 558 587 392 598 269 577 457 468 244 1051 181 544 461 451 555 252 0
EOF