NAME : tsp_problem
TYPE : TSP
DIMENSION : 20
EDGE_WEIGHT_TYPE : EXPLICIT
EDGE_WEIGHT_FORMAT : FULL_MATRIX
EDGE_WEIGHT_SECTION
0 808 1571 618 746 1336 587 564 730 757 1472 1141 358 1214 674 784 132 863 652 823
808 0 1595 288 288 1360 388 589 418 79 1496 1165 842 1238 699 326 798 102 322 62
1513 1537 0 1346 1474 296 1315 1110 1458 1485 432 491 1547 598 1084 1512 1503 1592 1380 1551
618 288 1404 0 225 1170 197 398 339 236 1305 974 652 1047 508 263 608 342 103 302
746 288 1533 225 0 1298 325 526 338 236 1433 1102 780 1175 636 65 736 343 259 302
1288 1313 343 1122 1250 0 1091 886 1234 1261 208 267 1322 374 860 1288 1278 1367 1156 1327
587 388 1374 197 325 1139 0 367 164 336 1275 944 621 1016 477 363 577 442 231 402
564 589 1169 398 526 934 367 0 510 537 1069 738 598 811 272 564 554 643 432 603
730 418 1516 339 338 1281 164 510 0 449 1417 1086 764 1159 620 289 720 396 305 384
757 79 1544 236 236 1309 336 537 449 0 1444 1113 791 1186 647 275 747 134 270 93
1157 1182 601 991 1119 366 960 755 1103 1130 0 136 1191 243 729 1157 1147 1236 1025 1196
1102 1127 546 936 1064 311 905 700 1048 1075 447 0 1136 188 674 1102 1092 1181 970 1141
358 842 1605 652 780 1370 621 598 764 791 1506 1175 0 1248 708 818 348 897 686 857
1386 1410 415 1219 1347 181 1188 983 1331 1358 316 375 1420 0 957 1385 1376 1465 1253 1424
674 699 1143 508 636 908 477 272 620 647 1043 712 708 785 0 674 664 753 542 713
784 326 1571 263 65 1336 363 564 289 275 1472 1141 818 1213 674 0 774 317 297 305
132 798 1561 608 736 1326 577 554 720 747 1462 1131 348 1204 664 774 0 853 642 813
863 102 1650 342 343 1415 442 643 396 134 1551 1220 897 1292 753 317 853 0 376 69
652 322 1438 103 259 1204 231 432 305 270 1339 1008 686 1081 542 297 642 376 0 336
823 62 1609 302 302 1375 402 603 384 93 1510 1179 857 1252 713 305 813 69 336 0
EOF