NAME : tsp_problem
TYPE : TSP
DIMENSION : 38
EDGE_WEIGHT_TYPE : EXPLICIT
EDGE_WEIGHT_FORMAT : FULL_MATRIX
EDGE_WEIGHT_SECTION
0 553 330 389 417 328 1411 733 601 610 810 1092 1198 941 1446 558 326 466 1309 752 399 1093 589 1098 553 1395 1016 1285 1500 1321 861 730 671 187 1016 1396 1122 827
553 0 656 660 346 654 1082 392 100 109 1088 856 962 612 1116 753 653 395 1073 1038 593 857 88 862 747 1065 687 1049 1170 1084 1148 401 341 398 687 1066 886 1021
330 656 0 169 521 108 1515 836 705 714 727 1270 1376 1044 1549 400 127 570 1487 669 240 1271 692 1277 394 1498 1120 1464 1603 1499 779 834 774 300 1120 1499 1300 668
389 660 169 0 524 127 1518 840 708 717 738 1289 1395 1048 1552 403 150 573 1506 688 243 1290 696 1296 397 1502 1123 1483 1606 1518 798 837 777 310 1123 1503 1319 671
417 346 521 524 0 519 1204 526 395 403 952 988 1094 734 1239 617 517 66 1205 905 458 988 382 994 612 1188 809 1181 1293 1216 1014 524 464 262 810 1189 1018 885
328 654 108 127 519 0 1513 835 703 712 672 1215 1320 1043 1547 398 75 568 1431 614 238 1215 690 1221 392 1496 1118 1408 1601 1443 723 832 772 298 1118 1498 1244 666
1411 1082 1515 1518 1204 1513 0 1045 1130 1139 1946 656 526 530 213 1611 1511 1253 458 1971 1452 657 1118 663 1606 200 456 476 106 371 2149 1043 869 1256 455 163 686 1879
733 392 836 840 526 835 1043 0 404 413 1206 697 802 792 1077 933 833 575 914 1148 773 697 391 703 927 1026 844 890 1131 925 1258 117 221 578 843 1027 727 1201
601 100 705 708 395 703 1130 404 0 77 1108 868 974 660 1164 801 701 443 1085 1050 642 869 56 874 796 1114 735 1061 1218 1096 1160 443 390 446 735 1115 898 1069
610 109 714 717 403 712 1139 413 77 0 1117 877 983 669 1173 810 710 452 1094 1059 650 878 64 883 805 1123 744 1070 1227 1105 1169 452 399 455 744 1124 907 1078
810 1088 727 738 952 672 1946 1206 1108 1117 0 1562 1667 1476 1958 543 673 1001 1779 109 538 1562 1095 1568 538 1930 1551 1755 2035 1790 398 1245 1206 738 1551 1931 1591 147
1092 856 1270 1289 988 1215 656 697 868 877 1562 0 583 1008 517 1447 1216 1037 694 1504 1365 99 856 63 1393 785 934 671 743 349 1614 736 728 1169 933 565 71 1625
1198 962 1376 1395 1094 1320 526 802 974 983 1667 583 0 1038 496 1552 1322 1142 141 1609 1470 583 961 589 1498 608 964 117 515 705 1719 842 834 1275 963 545 613 1730
941 612 1044 1048 734 1043 530 792 660 669 1476 1008 1038 0 564 1141 1041 783 970 1500 981 1008 647 1014 1135 513 135 987 618 722 1688 789 729 786 135 515 1037 1409
1446 1116 1549 1552 1239 1547 213 1080 1164 1173 1958 517 496 564 0 1646 1546 1288 428 1900 1486 518 1152 523 1640 342 491 445 249 232 2010 1077 904 1290 490 121 547 1914
558 753 400 403 617 398 1611 933 801 810 543 1447 1552 1141 1646 0 396 666 1664 568 203 1447 789 1453 118 1595 1216 1640 1699 1675 679 930 871 403 1216 1596 1476 477
326 653 127 150 517 75 1511 833 701 710 673 1216 1322 1041 1546 396 0 566 1433 615 237 1217 689 1222 391 1495 1116 1409 1600 1444 725 831 771 296 1116 1496 1246 665
466 395 570 573 66 568 1253 575 443 452 1001 1037 1142 783 1288 666 566 0 1254 954 506 1037 431 1043 661 1237 858 1230 1342 1265 1063 572 513 311 858 1238 1066 934
1309 1073 1487 1506 1205 1431 458 914 1085 1094 1779 694 141 970 428 1664 1433 1254 0 1721 1582 695 1073 701 1609 541 896 90 447 637 1830 953 945 1386 895 478 724 1842
752 1038 669 688 905 614 1971 1148 1050 1059 109 1504 1609 1500 1900 568 615 954 1721 0 562 1504 1037 1510 515 1954 1576 1697 2059 1732 340 1188 1230 763 1576 1948 1533 172
399 593 240 243 458 238 1452 773 642 650 538 1365 1470 981 1486 203 237 506 1582 562 0 1365 629 1371 197 1435 1056 1558 1540 1593 750 771 711 244 1057 1436 1394 471
1093 857 1271 1290 988 1215 657 697 869 878 1562 99 583 1008 518 1447 1217 1037 695 1504 1365 0 856 105 1393 786 935 671 743 349 1614 737 729 1170 934 565 72 1625
589 88 692 696 382 690 1118 391 56 64 1095 856 961 647 1152 789 689 431 1073 1037 629 856 0 862 783 1101 723 1049 1206 1084 1147 431 377 433 723 1102 885 1057
1098 862 1277 1296 994 1221 663 703 874 883 1568 63 589 1014 523 1453 1222 1043 701 1510 1371 105 862 0 1399 791 940 677 749 355 1620 743 735 1175 940 571 93 1631
553 747 394 397 612 392 1606 927 796 805 538 1393 1498 1135 1640 118 391 661 1609 515 197 1393 783 1399 0 1589 1211 1586 1694 1621 625 925 865 398 1211 1590 1422 471
1395 1065 1498 1502 1188 1496 200 1029 1114 1123 1930 785 608 513 342 1595 1495 1237 541 1954 1435 786 1101 791 1589 0 440 558 161 500 2142 1026 853 1239 439 292 815 1863
1016 687 1120 1123 809 1118 456 847 735 744 1551 934 964 135 491 1216 1116 858 896 1576 1056 935 723 940 1211 440 0 914 545 649 1763 845 671 861 62 441 964 1484
1285 1049 1464 1483 1181 1408 476 890 1061 1070 1755 671 117 987 445 1640 1409 1230 90 1697 1558 671 1049 677 1586 558 914 0 464 655 1807 930 922 1362 913 495 700 1818
1500 1170 1603 1606 1293 1601 106 1134 1218 1227 2035 743 515 618 249 1699 1600 1342 447 2059 1540 743 1206 749 1694 161 545 464 0 457 2204 1131 958 1344 544 198 772 1968
1321 1084 1499 1518 1216 1443 371 925 1096 1105 1790 349 705 722 232 1675 1444 1265 637 1732 1593 349 1084 355 1621 500 649 655 457 0 1842 965 957 1397 648 279 379 1853
861 1148 779 798 1014 723 2149 1258 1160 1169 398 1614 1719 1688 2010 679 725 1063 1830 340 750 1614 1147 1620 625 2142 1763 1807 2204 1842 0 1297 1401 948 1763 2058 1643 461
730 401 834 837 524 832 1040 117 443 452 1245 736 842 789 1075 930 831 572 953 1188 771 737 431 743 925 1024 842 930 1128 965 1297 0 218 575 841 1025 766 1199
671 341 774 777 464 772 867 221 390 399 1206 728 834 729 901 871 771 513 945 1230 711 729 377 735 865 850 668 922 955 957 1401 218 0 515 667 851 758 1139
187 398 300 310 262 298 1256 578 446 455 738 1169 1275 786 1290 403 296 311 1386 763 244 1170 433 1175 398 1239 861 1362 1344 1397 948 575 515 0 861 1241 1199 671
1016 687 1120 1123 810 1118 455 846 735 744 1551 933 963 135 490 1216 1116 858 895 1576 1057 934 723 940 1211 439 62 913 544 648 1763 844 670 861 0 440 963 1484
1396 1066 1499 1503 1189 1498 163 1030 1115 1124 1931 565 545 515 121 1596 1496 1238 478 1948 1436 565 1102 571 1590 292 441 495 198 279 2058 1028 854 1241 440 0 595 1864
1122 886 1300 1319 1018 1244 686 727 898 907 1591 71 613 1037 547 1476 1246 1066 724 1533 1394 72 885 93 1422 815 964 700 772 379 1643 766 758 1199 963 595 0 1655
827 1021 668 671 885 666 1879 1201 1069 1078 147 1625 1730 1409 1914 477 665 934 1842 172 471 1625 1057 1631 471 1863 1484 1818 1968 1853 461 1199 1139 671 1484 1864 1655 0
EOF