NAME : tsp_problem
TYPE : TSP
DIMENSION : 64
EDGE_WEIGHT_TYPE : EXPLICIT
EDGE_WEIGHT_FORMAT : FULL_MATRIX
EDGE_WEIGHT_SECTION
0 1730 173 561 389 823 627 149 394 907 589 557 1521 1966 436 2084 2042 481 2069 182 2067 176 1689 443 161 1652 1037 1635 1277 2057 439 1708 1158 1147 2037 1973 431 1479 583 391 1658 124 679 1127 1094 1649 1248 1485 912 1150 534 1876 1104 1109 117 574 113 1959 919 473 1299 569 924 155
1730 0 1666 1309 1578 1628 1375 1742 1544 970 1297 1295 467 520 1555 572 529 1302 556 1778 554 1789 80 1562 1749 226 985 159 706 649 1518 64 725 866 629 631 1550 540 1919 1843 231 1765 1282 766 1038 222 722 286 974 870 1404 364 746 741 1772 1246 1825 617 981 1304 734 1317 987 1807
173 1666 0 598 453 789 663 184 457 843 525 493 1457 1902 499 2121 2079 417 2105 227 2103 141 1625 507 198 1588 973 1571 1213 1993 502 1644 1094 1083 1973 1909 494 1415 549 357 1594 187 742 1063 1030 1585 1184 1421 848 1086 598 1861 1040 1045 180 510 177 1895 855 409 1235 606 860 218
561 1309 598 0 699 750 117 597 665 714 892 983 1224 1545 676 1597 1554 907 1581 542 1579 719 1347 684 514 1435 754 1369 937 1674 639 1331 1018 832 1654 1672 671 1028 1040 920 1441 596 403 916 735 1432 979 1346 719 835 526 1389 893 898 603 999 628 1689 726 898 965 59 731 572
389 1578 453 699 0 617 764 380 65 982 959 927 1493 1814 107 1865 1823 851 1849 336 1848 406 1616 114 364 1704 1023 1638 1206 1943 110 1599 1287 1101 1923 1941 101 1296 813 621 1709 354 349 1185 1003 1700 1248 1615 987 1104 205 1657 1162 1167 347 944 313 1958 994 842 1234 707 999 309
834 1628 800 750 617 0 815 800 583 1033 1146 1114 1543 1864 594 1916 1874 1038 1900 858 1898 726 1666 602 886 1755 1073 1688 1257 1994 557 1650 1338 1151 1973 1992 589 1347 374 554 1760 800 400 1235 1054 1751 1298 1665 1038 1155 444 1708 1213 1218 792 1130 789 2009 1045 1029 1284 758 1050 831
627 1375 663 117 764 815 0 663 730 779 957 1048 1289 1610 742 1662 1620 972 1646 607 1644 785 1412 749 579 1501 820 1434 1003 1740 704 1396 1084 898 1720 1738 736 1093 1106 985 1506 662 469 981 800 1497 1044 1411 784 901 591 1454 959 964 668 1064 693 1755 791 963 1031 83 796 637
149 1742 184 597 380 789 663 0 384 919 601 569 1533 1978 426 2120 2078 493 2105 172 2103 141 1701 434 197 1664 1048 1646 1289 2068 429 1720 1169 1158 2048 1985 421 1491 549 356 1669 114 669 1138 1106 1660 1260 1497 924 1162 525 1912 1116 1121 107 586 104 1971 931 484 1311 605 936 145
394 1544 457 665 65 583 730 384 0 948 963 932 1458 1780 73 1831 1789 856 1815 341 1814 410 1582 80 369 1670 989 1604 1172 1909 76 1565 1253 1067 1889 1907 67 1262 818 626 1675 359 315 1151 969 1666 1214 1581 953 1070 171 1623 1128 1133 352 948 318 1924 960 847 1200 673 965 313
905 970 841 714 982 1033 779 916 948 0 420 749 760 1206 960 1369 1326 673 1353 958 1351 964 928 967 930 892 144 874 517 1296 922 948 397 386 1276 1212 954 718 1209 1017 897 940 687 366 201 888 488 725 66 389 809 1161 344 348 946 753 999 1198 73 664 539 722 79 988
589 1294 525 892 959 1134 957 601 963 423 0 434 1085 1530 1006 1758 1716 358 1742 643 1740 648 1253 1013 614 1216 552 1199 841 1621 1009 1272 722 711 1601 1537 1000 1043 894 702 1222 624 865 691 609 1213 812 1049 428 714 987 1489 668 673 631 450 684 1523 435 349 863 900 440 673
557 1295 493 983 927 1103 1048 569 932 752 434 0 1086 1531 974 1759 1717 129 1743 611 1741 617 1254 981 583 1217 818 1200 842 1622 977 1273 723 712 1602 1538 968 1044 862 670 1223 592 1194 692 875 1214 813 1050 757 715 1072 1490 669 674 599 139 652 1524 764 131 864 991 769 641
1521 467 1457 1224 1493 1543 1289 1533 1458 760 1088 1086 0 703 1470 763 721 1093 747 1575 745 1580 426 1477 1546 389 776 371 542 793 1432 445 516 669 773 710 1464 346 1826 1634 394 1556 1197 557 833 385 513 222 765 673 1319 555 537 532 1563 1037 1615 696 772 1094 564 1232 777 1604
1966 520 1902 1545 1814 1864 1610 1978 1780 1206 1533 1531 703 0 1791 412 369 1538 396 2013 394 2026 558 1798 1985 547 1221 529 942 417 1753 542 961 1102 397 334 1785 776 2155 2079 552 2001 1518 1002 1274 543 958 522 1211 1105 1640 420 982 977 2008 1482 2061 320 1218 1540 970 1553 1223 2043
436 1555 499 676 107 594 742 426 73 960 1006 974 1470 1791 0 1843 1800 898 1827 383 1825 453 1593 21 411 1681 1000 1615 1183 1920 87 1577 1264 1078 1900 1918 23 1274 860 668 1687 401 327 1162 981 1678 1225 1592 965 1081 183 1635 1139 1144 394 990 360 1935 972 889 1211 684 977 356
2084 572 2121 1597 1865 1916 1662 2120 1831 1369 1761 1759 763 412 1843 0 62 1766 37 2065 76 2211 610 1850 2037 698 1345 632 994 241 1805 594 1097 1154 221 239 1837 827 2207 2307 703 2119 1570 1230 1326 694 1036 750 1421 1157 1692 471 1210 1205 2126 1710 2118 256 1428 1767 1022 1605 1434 2095
2042 529 2079 1554 1823 1874 1620 2078 1789 1326 1719 1717 721 369 1800 62 0 1723 67 2023 78 2169 567 1808 1994 656 1303 589 952 199 1763 551 1054 1111 179 197 1795 785 2164 2264 661 2077 1527 1188 1283 652 993 708 1379 1115 1650 429 1167 1162 2084 1667 2076 214 1386 1725 979 1562 1391 2052
481 1302 417 907 851 1027 972 493 856 676 358 129 1093 1538 898 1766 1723 0 1750 535 1748 541 1261 905 507 1224 805 1207 849 1628 901 1280 730 719 1608 1545 892 1051 786 594 1229 516 1118 699 862 1221 820 1057 681 722 996 1496 676 681 523 146 576 1531 688 55 871 915 693 565
2069 556 2105 1581 1849 1900 1646 2105 1815 1353 1745 1743 747 396 1827 37 67 1750 0 2049 92 2195 594 1834 2021 682 1330 616 978 225 1789 578 1081 1138 205 223 1821 811 2191 2291 688 2103 1554 1214 1310 679 1020 734 1406 1141 1676 456 1194 1189 2110 1694 2102 240 1413 1752 1006 1589 1418 2079
182 1778 227 542 336 847 607 172 341 961 643 611 1575 2013 383 2065 2023 535 2049 0 2048 199 1743 390 142 1706 1091 1689 1331 2110 386 1762 1212 1201 2090 2027 377 1496 606 414 1711 147 625 1181 1148 1703 1302 1539 966 1204 481 1857 1158 1163 140 628 106 2013 973 526 1353 550 978 102
2067 554 2103 1579 1848 1898 1644 2103 1814 1351 1743 1741 745 394 1825 76 78 1748 92 2048 0 2193 592 1832 2019 680 1328 614 976 223 1787 576 1079 1136 203 222 1820 810 2189 2289 686 2102 1552 1212 1308 677 1018 732 1404 1139 1674 454 1192 1187 2109 1692 2101 238 1411 1750 1004 1587 1416 2077
176 1789 141 719 406 715 785 141 410 967 648 617 1580 2026 453 2211 2169 541 2195 199 2193 0 1748 460 227 1712 1096 1694 1337 2116 456 1768 1217 1206 2096 2032 447 1538 475 282 1717 141 695 1186 1153 1708 1307 1545 972 1209 551 1984 1163 1168 133 633 130 2018 979 532 1358 727 984 172
1689 80 1625 1347 1616 1666 1412 1701 1582 928 1256 1254 426 558 1593 610 567 1261 594 1743 592 1748 0 1600 1714 184 944 118 710 674 1555 78 684 838 654 590 1587 578 1957 1802 190 1724 1320 725 1001 181 681 245 933 841 1442 402 705 700 1731 1205 1783 576 940 1262 732 1355 945 1773
443 1562 507 684 114 602 749 434 80 967 1013 981 1477 1798 21 1850 1808 905 1834 390 1832 460 1600 0 418 1689 1007 1622 1191 1928 95 1584 1272 1085 1907 1926 26 1281 867 675 1694 409 334 1169 988 1685 1232 1599 972 1089 190 1642 1147 1152 401 998 367 1943 979 896 1218 692 984 363
161 1749 198 514 364 875 579 197 369 933 614 583 1546 1985 411 2037 1994 507 2021 142 2019 227 1714 418 0 1678 1062 1660 1303 2082 414 1734 1183 1172 2062 1998 405 1468 634 442 1683 175 653 1152 1119 1674 1273 1511 938 1175 509 1829 1129 1134 168 599 134 1984 945 498 1324 522 950 130
1652 226 1588 1435 1704 1755 1501 1664 1670 892 1219 1217 389 547 1681 698 656 1224 682 1706 680 1712 184 1689 1678 0 907 130 673 637 1644 204 647 801 617 553 1676 609 1957 1765 73 1687 1408 688 964 64 644 208 897 804 1531 490 668 663 1694 1168 1747 539 903 1226 695 1443 909 1736
1034 985 970 754 1023 1073 820 1046 989 144 549 818 776 1221 1000 1345 1303 802 1330 1088 1328 1093 944 1007 1059 907 0 890 532 1312 963 963 413 402 1292 1228 995 734 1339 1147 913 1069 727 382 178 904 503 740 197 405 849 1137 359 364 1076 769 1128 1214 204 794 554 762 209 1118
1635 159 1571 1369 1638 1688 1434 1646 1604 874 1202 1200 371 529 1615 632 589 1207 616 1689 614 1694 118 1622 1660 130 890 0 655 619 1577 137 630 783 599 536 1609 592 1940 1747 135 1670 1342 671 947 127 626 191 879 786 1464 424 650 645 1677 1150 1729 522 886 1208 677 1377 891 1718
1277 706 1213 937 1206 1257 1003 1289 1172 517 844 842 542 942 1183 994 952 849 978 1331 976 1337 710 1191 1303 673 532 655 0 1072 1146 728 153 426 1052 994 1178 425 1547 1390 678 1312 910 313 589 669 92 506 522 429 1033 786 293 288 1319 793 1372 980 528 851 90 945 534 1361
2057 649 1993 1674 1943 1994 1740 2068 1909 1296 1624 1622 793 417 1920 241 199 1628 225 2110 223 2116 674 1928 2082 637 1312 619 1072 0 1883 671 1052 1205 58 102 1915 905 2284 2169 642 2092 1647 1093 1369 633 1048 613 1301 1208 1770 549 1072 1067 2099 1572 2151 119 1308 1630 1099 1682 1313 2140
439 1518 502 639 110 557 704 429 76 922 1009 977 1432 1753 87 1805 1763 901 1789 386 1787 456 1555 95 414 1644 963 1577 1146 1883 0 1539 1227 1041 1863 1881 82 1236 847 671 1649 404 289 1124 943 1640 1187 1554 927 1044 145 1597 1102 1107 397 994 363 1898 934 892 1174 647 939 359
1708 64 1644 1331 1599 1650 1396 1720 1565 948 1275 1273 445 542 1577 594 551 1280 578 1762 576 1768 78 1584 1734 204 963 137 728 671 1539 0 703 857 651 609 1571 561 1941 1821 209 1743 1304 744 1020 200 700 264 953 860 1426 386 724 719 1750 1224 1803 595 960 1282 751 1339 965 1792
1158 725 1094 1018 1287 1338 1084 1169 1253 397 725 723 516 961 1264 1097 1054 730 1081 1212 1079 1217 684 1272 1183 647 413 630 153 1052 1227 703 0 306 1032 968 1259 474 1463 1270 653 1193 992 194 470 644 124 481 402 310 1114 889 173 169 1200 673 1252 954 409 731 175 1027 414 1241
1147 866 1083 832 1101 1151 898 1158 1067 386 714 712 669 1102 1078 1154 1111 719 1138 1201 1136 1206 838 1085 1172 801 402 783 426 1205 1041 857 306 0 1185 1122 1073 585 1442 1259 806 1182 805 171 453 797 397 634 391 46 927 946 149 154 1189 662 1241 1108 398 720 448 840 403 1230
2037 629 1973 1654 1923 1973 1720 2048 1889 1276 1604 1602 773 397 1900 221 179 1608 205 2090 203 2096 654 1907 2062 617 1292 599 1052 58 1863 651 1032 1185 0 82 1895 885 2264 2149 622 2072 1627 1073 1349 613 1028 593 1281 1188 1749 529 1052 1047 2078 1552 2131 99 1288 1610 1079 1662 1293 2120
1973 631 1909 1672 1941 1992 1738 1985 1907 1212 1540 1538 710 334 1918 239 197 1545 223 2027 222 2032 590 1926 1998 553 1228 536 994 102 1881 609 968 1122 82 0 1913 903 2278 2086 559 2008 1645 1009 1285 550 965 529 1217 1125 1768 513 989 984 2015 1489 2068 63 1224 1547 1016 1680 1230 2057
431 1550 494 671 101 589 736 421 67 954 1000 968 1464 1785 23 1837 1795 892 1821 377 1820 447 1587 26 405 1676 995 1609 1178 1915 82 1571 1259 1073 1895 1913 0 1268 854 662 1681 396 321 1156 975 1672 1220 1587 959 1076 177 1629 1134 1139 388 985 354 1930 966 884 1206 679 971 350
1479 540 1415 1028 1296 1347 1093 1491 1262 718 1046 1044 346 776 1274 827 785 1051 811 1496 810 1538 578 1281 1468 609 734 592 425 905 1236 561 474 585 885 903 1268 0 1638 1592 615 1514 1001 515 757 606 467 442 723 588 1123 619 495 490 1521 995 1549 916 730 1052 453 1036 735 1526
594 1919 560 1040 824 374 1106 560 829 1223 905 873 1834 2155 871 2207 2164 797 2191 617 2189 486 1957 879 645 1968 1353 1951 1547 2284 847 1941 1474 1442 2264 2282 866 1638 0 313 1974 559 691 1443 1345 1965 1564 1801 1228 1445 734 1999 1420 1425 552 890 549 2275 1235 789 1575 1048 1241 590
391 1843 357 920 621 554 985 356 626 1020 702 670 1634 2079 668 2307 2264 594 2291 414 2289 282 1802 675 442 1765 1149 1747 1390 2169 671 1821 1270 1259 2149 2086 662 1592 313 0 1770 356 871 1239 1207 1761 1361 1598 1025 1263 766 2037 1217 1222 349 687 345 2072 1032 585 1412 928 1037 387
1658 231 1594 1441 1709 1760 1506 1669 1675 897 1225 1223 394 552 1687 703 661 1229 688 1711 686 1717 190 1694 1683 73 913 135 678 642 1649 209 653 806 622 559 1681 615 1963 1770 0 1693 1414 694 970 32 649 214 902 809 1536 495 673 668 1700 1173 1752 545 909 1231 700 1449 914 1741
124 1765 187 596 354 788 662 114 359 942 624 592 1556 2001 401 2119 2077 516 2103 147 2102 141 1724 409 175 1687 1072 1670 1312 2092 404 1743 1193 1182 2072 2008 396 1514 548 356 1693 0 644 1162 1129 1684 1283 1520 947 1185 499 1911 1139 1144 82 609 78 1994 954 508 1334 604 959 120
679 1282 742 403 349 400 469 669 315 687 865 1194 1197 1518 327 1570 1527 1118 1554 625 1552 695 1320 334 653 1408 727 1342 910 1647 289 1304 992 805 1627 1645 321 1001 691 871 1414 644 0 889 708 1405 952 1319 692 808 176 1362 866 871 636 1210 602 1662 699 1109 938 412 704 598
1127 766 1063 916 1185 1235 981 1138 1151 366 694 692 557 1002 1162 1230 1188 699 1214 1181 1212 1186 725 1169 1152 688 382 671 313 1093 1124 744 194 171 1073 1009 1156 515 1432 1239 694 1162 889 0 439 685 284 521 371 175 1011 961 82 77 1169 642 1221 995 378 700 335 924 383 1210
1091 1038 1027 735 1003 1054 800 1103 969 201 607 875 833 1274 981 1326 1283 860 1310 1145 1308 1150 1001 988 1116 964 178 947 589 1369 943 1020 470 453 1349 1285 975 757 1345 1204 970 1126 708 439 0 961 560 797 254 456 830 1118 416 421 1133 826 1186 1271 261 851 611 743 266 1175
1649 222 1585 1432 1700 1751 1497 1660 1666 888 1216 1214 385 543 1678 694 652 1221 679 1703 677 1708 181 1685 1674 64 904 127 669 633 1640 200 644 797 613 550 1672 606 1954 1761 32 1684 1405 685 961 0 640 205 893 801 1527 486 665 660 1691 1164 1743 536 900 1222 691 1440 905 1732
1248 722 1184 979 1248 1298 1044 1260 1214 488 815 813 513 958 1225 1036 993 820 1020 1302 1018 1307 681 1232 1273 644 503 626 92 1048 1187 700 124 397 1028 965 1220 467 1553 1361 649 1283 952 284 560 640 0 477 493 400 1074 828 264 259 1290 764 1343 951 499 822 114 987 505 1332
1485 286 1421 1346 1615 1665 1411 1497 1581 725 1052 1050 222 522 1592 750 708 1057 734 1539 732 1545 245 1599 1511 208 740 191 506 613 1554 264 481 634 593 529 1587 442 1790 1598 214 1520 1319 521 797 205 477 0 730 637 1441 481 501 496 1527 1001 1580 515 737 1059 528 1354 742 1569
910 974 846 719 987 1038 784 921 953 66 425 754 765 1211 965 1421 1379 678 1406 963 1404 969 933 972 935 897 197 879 522 1301 927 953 402 391 1281 1217 959 723 1214 1022 902 945 692 371 254 893 493 730 0 394 814 1169 348 353 951 758 1004 1203 25 669 543 727 21 993
1150 870 1086 835 1104 1155 901 1162 1070 389 717 715 673 1105 1081 1157 1115 722 1141 1204 1139 1209 841 1089 1175 804 405 786 429 1208 1044 860 310 46 1188 1125 1076 588 1445 1263 809 1185 808 175 456 801 400 637 394 0 931 949 152 157 1192 666 1244 1111 401 723 451 844 406 1234
534 1404 598 526 205 444 591 525 171 809 987 1072 1319 1640 183 1692 1650 996 1676 481 1674 551 1442 190 509 1531 849 1464 1033 1770 145 1426 1114 927 1749 1768 177 1123 734 766 1536 499 176 1011 830 1527 1074 1441 814 931 0 1484 989 994 492 1089 458 1785 821 987 1060 534 826 454
1876 364 1861 1389 1657 1708 1454 1912 1623 1161 1492 1490 555 420 1635 471 429 1496 456 1857 454 1984 402 1642 1829 490 1137 424 786 549 1597 386 889 946 529 513 1629 619 1999 2037 495 1911 1362 961 1118 486 828 481 1169 949 1484 0 940 935 1918 1440 1910 499 1176 1498 814 1397 1181 1887
1104 746 1040 893 1162 1213 959 1116 1128 344 671 669 537 982 1139 1210 1167 676 1194 1158 1192 1163 705 1147 1129 668 359 650 293 1072 1102 724 173 149 1052 989 1134 495 1409 1217 673 1139 866 82 416 665 264 501 348 152 989 940 0 57 1146 620 1199 975 355 678 315 902 361 1188
1109 741 1045 898 1167 1218 964 1121 1133 348 676 674 532 977 1144 1205 1162 681 1189 1163 1187 1168 700 1152 1134 663 364 645 288 1067 1107 719 169 154 1047 984 1139 490 1414 1222 668 1144 871 77 421 660 259 496 353 157 994 935 57 0 1151 625 1204 970 360 683 310 907 366 1193
117 1772 180 603 347 781 668 107 352 949 631 599 1563 2008 394 2126 2084 523 2110 140 2109 133 1731 401 168 1694 1079 1677 1319 2099 397 1750 1200 1189 2078 2015 388 1521 541 349 1700 82 636 1169 1136 1691 1290 1527 954 1192 492 1918 1146 1151 0 616 71 2001 961 514 1341 611 966 113
574 1246 510 999 944 1119 1064 586 948 753 450 139 1037 1482 990 1710 1667 146 1694 628 1692 633 1205 998 599 1168 769 1150 793 1572 994 1224 673 662 1552 1489 985 995 879 687 1173 609 1210 642 826 1164 764 1001 758 666 1089 1440 620 625 616 0 668 1475 765 147 815 1007 770 657
113 1825 177 628 313 778 693 104 318 1002 684 652 1615 2061 360 2118 2076 576 2102 106 2101 130 1783 367 134 1747 1131 1729 1372 2151 363 1803 1252 1241 2131 2068 354 1549 537 345 1752 78 602 1221 1188 1743 1343 1580 1007 1244 458 1910 1199 1204 71 668 0 2053 1014 567 1394 636 1019 79
1959 617 1895 1689 1958 2009 1755 1971 1924 1198 1526 1524 696 320 1935 256 214 1531 240 2013 238 2018 576 1943 1984 539 1214 522 980 119 1898 595 954 1108 99 63 1930 916 2264 2072 545 1994 1662 995 1271 536 951 515 1203 1111 1785 499 975 970 2001 1475 2053 0 1210 1532 1002 1697 1215 2043
916 981 852 726 994 1045 791 928 960 73 432 761 772 1218 972 1428 1386 685 1413 970 1411 976 940 979 942 903 204 886 528 1308 934 960 409 398 1288 1224 966 730 1221 1029 909 951 699 378 261 900 499 737 25 401 821 1176 355 360 958 765 1011 1210 0 676 550 734 14 1000
473 1304 409 898 842 1018 963 484 847 667 349 131 1094 1540 889 1767 1725 55 1752 526 1750 532 1262 896 498 1226 796 1208 851 1630 892 1282 731 720 1610 1547 884 1052 777 585 1231 508 1109 700 854 1222 822 1059 672 723 987 1498 678 683 514 147 567 1532 679 0 873 906 684 556
1299 734 1235 965 1234 1284 1031 1311 1200 539 866 864 564 970 1211 1022 979 871 1006 1353 1004 1358 732 1218 1324 695 554 677 90 1099 1174 751 175 448 1079 1016 1206 453 1575 1412 700 1334 938 335 611 691 114 528 543 451 1060 814 315 310 1341 815 1394 1002 550 873 0 973 556 1383
569 1317 606 59 707 758 83 605 673 722 900 991 1232 1553 684 1605 1562 915 1589 550 1587 727 1355 692 522 1443 762 1377 945 1682 647 1339 1027 840 1662 1680 679 1036 1048 928 1449 604 412 924 743 1440 987 1354 727 844 534 1397 902 907 611 1007 636 1697 734 906 973 0 739 580
922 987 858 731 999 1050 796 933 965 79 437 766 777 1223 977 1434 1391 690 1418 975 1416 981 945 984 947 909 209 891 534 1313 939 965 414 403 1293 1230 971 735 1226 1034 914 957 704 383 266 905 505 742 21 406 826 1181 361 366 963 770 1016 1215 14 681 556 739 0 1005
155 1807 218 572 309 819 637 145 313 991 673 641 1604 2043 356 2095 2052 565 2079 102 2077 172 1773 363 130 1736 1120 1718 1361 2140 359 1792 1241 1230 2120 2057 350 1526 579 387 1741 120 598 1210 1177 1732 1332 1569 996 1234 454 1887 1188 1193 113 657 79 2043 1003 556 1383 580 1008 0
EOF