NAME : tsp_problem
TYPE : TSP
DIMENSION : 56
EDGE_WEIGHT_TYPE : EXPLICIT
EDGE_WEIGHT_FORMAT : FULL_MATRIX
EDGE_WEIGHT_SECTION
0 1204 450 1435 386 777 1463 1886 451 1859 68 531 1823 825 1243 1430 651 1548 1571 1391 969 418 414 1368 613 1413 1385 1652 438 341 1560 1550 454 929 372 761 1904 410 925 1779 1660 1580 807 888 1685 1223 1492 1576 894 1430 366 787 1597 1539 626 567
1204 0 1433 982 1189 786 362 817 1434 716 1203 1057 722 834 82 269 917 447 410 1087 631 1182 1396 1065 879 312 224 551 1268 1324 860 389 1437 673 1354 770 743 1393 669 618 560 880 815 761 585 39 792 475 755 968 1169 796 496 439 892 1093
450 1433 0 1767 615 1007 1692 2176 51 2107 449 760 2052 1055 1472 1659 881 1777 1800 1724 1301 750 94 1701 842 1642 1615 1881 695 354 1893 1779 193 1159 385 990 2134 86 1154 2009 1890 1913 1036 1221 1915 1453 1825 1805 1227 1763 595 1016 1826 1769 856 796
1435 982 1767 0 1278 857 998 507 1768 481 1476 1091 663 840 994 970 1043 1117 671 161 678 1059 1731 138 1067 1135 926 843 1222 1549 199 706 1773 692 1582 925 532 1727 684 706 877 219 821 709 883 1002 216 902 703 52 1313 867 923 911 1062 1071
386 1189 615 1278 0 732 1448 1729 616 1703 385 439 1808 716 1228 1415 636 1533 1556 1235 812 261 578 1212 598 1398 1370 1637 197 506 1404 1535 619 826 536 746 1755 575 818 1764 1645 1424 697 732 1670 1208 1336 1561 738 1274 109 742 1582 1524 611 419
777 786 1007 857 732 0 1045 1308 1008 1282 776 545 1405 118 825 1012 491 1130 1153 813 391 513 970 791 452 995 968 1234 676 897 983 1132 1010 405 928 138 1333 967 396 1362 1243 1003 99 311 1268 806 915 1158 317 853 742 59 1179 1122 466 525
1463 362 1692 998 1448 1045 0 516 1693 539 1462 1316 392 1093 401 588 1176 305 729 1103 890 1441 1655 1080 1138 170 543 221 1527 1583 944 708 1696 932 1613 1029 486 1652 928 801 229 964 1074 1020 254 381 961 145 1014 983 1428 1055 166 109 1151 1352
1886 817 2176 507 1729 1308 516 0 2177 120 1927 1542 181 1291 770 746 1493 789 447 612 1013 1509 2139 589 1518 653 702 361 1673 2000 453 482 2180 1143 2033 1376 92 2136 1135 482 395 473 1272 1160 401 790 470 421 1154 493 1764 1318 442 429 1513 1522
451 1434 51 1768 616 1008 1693 2177 0 2108 450 761 2053 1055 1473 1660 881 1778 1801 1725 1302 751 94 1702 843 1643 1615 1882 695 355 1894 1780 193 1160 386 991 2135 87 1155 2009 1890 1914 1037 1222 1916 1453 1826 1806 1228 1764 596 1017 1827 1770 856 797
1859 716 2107 481 1703 1282 539 120 2108 0 1876 1516 204 1265 670 646 1467 812 347 586 986 1483 2070 563 1492 676 601 384 1647 1974 427 381 2110 1117 2007 1350 114 2067 1109 382 418 447 1246 1134 424 690 444 443 1127 466 1738 1291 464 452 1487 1496
68 1203 449 1476 385 776 1462 1927 450 1876 0 530 1822 824 1242 1429 650 1547 1570 1432 1010 459 413 1409 612 1412 1384 1651 464 340 1601 1549 453 928 371 760 1904 409 924 1778 1659 1621 806 929 1684 1222 1534 1575 935 1471 365 786 1596 1539 625 566
531 1057 760 1091 439 545 1316 1542 761 1516 530 0 1677 528 1096 1283 333 1402 1424 1048 625 219 723 1025 358 1266 1239 1505 382 651 1217 1403 764 639 681 613 1567 720 631 1633 1514 1237 510 545 1539 1077 1149 1429 551 1087 474 555 1450 1393 353 94
1823 722 2052 663 1808 1405 392 181 2053 204 1822 1677 0 1447 755 731 1537 665 432 768 1169 1665 2016 745 1498 530 686 238 1829 1943 609 466 2056 1293 1974 1389 151 2013 1288 467 271 629 1428 1316 277 742 626 297 1310 649 1788 1415 318 306 1512 1678
825 834 1055 840 716 118 1093 1291 1055 1265 824 528 1447 0 873 1060 480 1178 1201 796 374 496 1018 774 500 1043 1015 1282 659 945 966 1180 1058 388 976 186 1316 1015 379 1410 1291 986 61 294 1316 853 898 1206 300 836 750 127 1227 1170 499 508
1243 82 1472 994 1228 825 401 770 1473 670 1242 1096 755 873 0 222 956 486 363 1099 670 1221 1435 1076 918 351 177 590 1307 1363 898 342 1476 712 1393 809 697 1432 708 572 598 919 854 800 623 55 831 514 794 980 1208 835 535 478 931 1132
1430 269 1659 970 1415 1012 588 746 1660 646 1429 1283 731 1060 222 0 1143 673 340 1075 857 1409 1622 1053 1105 538 90 777 1494 1550 916 318 1663 899 1580 996 673 1619 895 548 786 937 1042 988 811 242 934 701 981 956 1395 1022 722 665 1118 1319
651 917 881 1043 636 491 1176 1493 881 1467 650 333 1537 480 956 1143 0 1262 1284 999 577 433 844 976 137 1126 1099 1365 596 771 1168 1263 884 590 802 474 1519 841 582 1493 1374 1188 461 496 1399 937 1100 1289 502 1038 616 501 1310 1253 156 369
1548 447 1777 1129 1533 1130 305 789 1778 812 1547 1402 665 1178 486 673 1262 0 814 1234 975 1527 1741 1211 1223 170 629 494 1612 1668 1075 793 1781 1017 1699 1114 759 1737 1013 1023 502 1095 1160 1106 527 467 1092 418 1099 1114 1513 1140 439 382 1236 1437
1571 410 1800 671 1556 1153 729 447 1801 347 1570 1424 432 1201 363 340 1284 814 0 776 998 1550 1764 754 1246 679 295 612 1635 1691 617 75 1804 1040 1722 1137 374 1760 1036 249 646 638 1183 1129 652 383 635 671 1122 657 1536 1163 692 680 1259 1460
1391 1087 1724 161 1235 813 1103 612 1725 586 1432 1048 768 796 1099 1075 999 1222 776 0 635 1015 1687 76 1024 1240 1031 948 1178 1506 304 811 1730 649 1539 882 637 1684 640 811 982 324 778 665 988 1107 321 1007 659 157 1270 823 1028 1016 1018 1028
969 631 1301 678 812 391 890 1010 1302 984 1010 625 1166 374 670 857 577 975 998 635 0 592 1264 612 601 840 813 1079 756 1083 633 977 1307 226 1116 459 1035 1261 218 1207 1088 653 355 243 1113 651 565 1003 237 674 847 401 1024 967 596 605
418 1182 750 1059 261 513 1441 1509 751 1483 459 219 1665 496 1221 1409 433 1527 1550 1015 592 0 713 992 457 1391 1364 1630 205 532 1184 1528 756 606 565 581 1535 710 598 1709 1639 1204 477 512 1664 1202 1116 1554 518 1054 296 522 1575 1518 452 199
414 1396 94 1731 578 970 1655 2139 94 2070 413 723 2016 1018 1435 1622 844 1741 1764 1687 1264 713 0 1664 806 1605 1578 1844 658 317 1856 1742 156 1122 348 953 2097 62 1118 1972 1853 1876 999 1184 1878 1416 1788 1768 1190 1726 558 980 1789 1732 819 759
1368 1065 1701 138 1212 791 1080 589 1702 563 1409 1025 745 774 1076 1053 976 1200 754 76 612 992 1664 0 1001 1218 1008 925 1156 1483 281 788 1707 626 1516 859 614 1661 618 789 959 301 755 643 965 1084 298 985 636 134 1247 800 1006 993 996 1005
613 879 842 1067 598 452 1138 1518 843 1492 612 358 1498 500 918 1105 137 1223 1246 1024 601 457 806 1001 0 1088 1060 1327 621 733 1193 1225 846 605 764 436 1543 802 600 1454 1335 1213 482 521 1361 898 1125 1251 527 1063 578 462 1272 1215 137 393
1413 312 1642 1135 1398 995 170 653 1643 676 1412 1266 530 1043 351 538 1126 170 679 1240 840 1391 1605 1218 1088 0 493 358 1477 1533 1069 658 1646 882 1563 979 623 1602 878 887 367 1089 1024 970 392 331 1001 283 964 1121 1378 1005 304 246 1101 1302
1385 224 1615 926 1370 968 543 702 1615 601 1384 1239 686 1015 177 90 1099 629 295 1031 813 1364 1578 1008 1060 493 0 732 1450 1505 872 273 1618 855 1536 951 628 1575 850 503 741 892 997 943 766 198 889 656 936 911 1350 977 677 620 1074 1274
1652 551 1881 843 1637 1234 221 361 1882 384 1651 1505 238 1282 590 777 1365 494 612 948 1079 1630 1844 925 1327 358 732 0 1716 1772 789 646 1885 1121 1802 1218 331 1841 1117 647 100 809 1263 1209 126 570 807 126 1203 829 1616 1244 147 134 1340 1541
438 1268 695 1222 197 676 1527 1673 695 1647 464 382 1829 659 1307 1494 596 1612 1635 1178 756 205 658 1156 621 1477 1450 1716 0 553 1347 1614 698 770 586 744 1698 655 761 1844 1725 1368 640 675 1750 1288 1280 1640 682 1218 232 686 1661 1604 616 362
341 1324 354 1549 506 897 1583 2000 355 1974 340 651 1943 945 1363 1550 771 1668 1691 1506 1083 532 317 1483 733 1533 1505 1772 553 0 1675 1669 358 1049 67 881 2024 314 1045 1899 1780 1695 926 1003 1805 1343 1607 1696 1009 1545 486 907 1717 1659 746 686
1557 860 1890 199 1401 980 944 453 1891 427 1598 1214 609 963 898 916 1165 1063 617 304 636 1181 1853 281 1190 1069 872 789 1344 1672 0 652 1896 815 1705 1048 478 1850 806 652 823 51 944 831 829 879 93 848 825 184 1436 989 869 857 1185 1194
1550 389 1779 706 1535 1132 708 482 1780 381 1549 1403 466 1180 342 318 1263 793 75 811 977 1528 1742 788 1225 658 273 646 1614 1669 652 0 1783 1019 1700 1116 408 1739 1015 283 680 672 1161 1107 686 362 669 706 1101 691 1514 1142 727 715 1238 1439
454 1437 193 1773 619 1010 1696 2180 193 2110 453 764 2056 1058 1476 1663 884 1781 1804 1730 1307 756 156 1707 846 1646 1618 1885 698 358 1899 1783 0 1162 389 994 2138 153 1158 2012 1893 1919 1040 1227 1918 1456 1831 1809 1233 1769 599 1020 1830 1773 859 800
929 673 1159 692 826 405 932 1143 1160 1117 928 639 1293 388 712 899 590 1017 1040 649 226 606 1122 626 605 882 855 1121 770 1049 818 1019 1162 0 1080 473 1168 1119 93 1249 1130 838 369 153 1155 693 750 1045 147 688 861 414 1066 1009 610 619
372 1354 385 1582 536 928 1613 2033 386 2007 371 681 1974 976 1393 1580 802 1699 1722 1539 1116 565 348 1516 764 1563 1536 1802 586 67 1708 1700 389 1080 0 911 2055 345 1076 1930 1811 1728 957 1036 1836 1374 1640 1726 1042 1578 516 938 1747 1690 777 717
761 770 990 925 746 138 1029 1376 991 1350 760 613 1389 186 809 996 474 1114 1137 882 459 581 953 859 436 979 951 1218 744 881 1051 1116 994 473 911 0 1401 950 465 1345 1226 1071 167 379 1251 789 983 1142 385 921 726 148 1163 1105 449 593
1904 743 2134 532 1755 1333 486 92 2135 114 1904 1567 151 1316 697 673 1519 759 374 637 1038 1535 2097 614 1543 623 628 331 1698 2024 478 408 2138 1168 2055 1401 0 2094 1160 409 365 498 1298 1185 371 717 496 391 1179 518 1789 1343 412 399 1538 1547
410 1393 86 1727 575 967 1652 2136 87 2067 409 720 2013 1015 1432 1619 841 1737 1760 1684 1261 710 62 1661 802 1602 1575 1841 655 314 1853 1739 153 1119 345 950 2094 0 1114 1969 1850 1873 996 1181 1875 1413 1785 1765 1187 1723 555 976 1786 1729 816 756
925 669 1154 684 818 396 928 1135 1155 1109 924 631 1288 379 708 895 582 1013 1036 640 218 598 1118 618 600 878 850 1117 761 1045 809 1015 1158 93 1076 465 1160 1114 0 1244 1125 830 361 145 1150 688 742 1041 138 680 853 406 1062 1005 601 611
1779 618 2009 706 1764 1362 801 482 2009 382 1778 1633 467 1410 572 548 1493 1023 249 811 1207 1709 1972 789 1454 887 503 647 1844 1899 652 283 2012 1249 1930 1345 409 1969 1244 0 681 673 1391 1337 686 592 670 706 1331 692 1744 1371 727 715 1468 1668
1660 560 1890 877 1645 1243 229 395 1890 418 1659 1514 271 1291 598 786 1374 502 646 982 1088 1639 1853 959 1335 367 741 100 1725 1780 823 680 1893 1130 1811 1226 365 1850 1125 681 0 843 1272 1218 45 579 840 134 1212 862 1625 1252 155 143 1349 1549
1577 880 1910 219 1421 1000 964 473 1911 447 1618 1234 629 983 919 937 1185 1084 638 324 656 1201 1873 301 1210 1089 892 809 1365 1692 51 672 1916 835 1725 1068 498 1870 827 673 843 0 964 852 849 899 114 869 845 205 1456 1009 890 877 1205 1214
807 815 1036 821 697 99 1074 1272 1037 1246 806 510 1428 61 854 1042 461 1160 1183 778 355 477 999 755 482 1024 997 1263 640 926 947 1161 1040 369 957 167 1298 996 361 1391 1272 967 0 275 1297 835 879 1187 281 817 732 109 1208 1151 481 490
888 761 1221 709 732 311 1020 1160 1222 1134 929 545 1316 294 800 988 496 1106 1129 665 243 512 1184 643 521 970 943 1209 675 1003 835 1107 1227 153 1036 379 1185 1181 145 1337 1218 855 275 0 1243 781 767 1133 90 705 767 320 1154 1097 516 525
1685 585 1915 883 1670 1268 254 401 1916 424 1684 1539 277 1316 623 811 1399 527 652 988 1113 1664 1878 965 1361 392 766 126 1750 1805 829 686 1918 1155 1836 1251 371 1875 1150 686 45 849 1297 1243 0 604 846 159 1237 868 1650 1277 180 168 1374 1575
1223 39 1453 1002 1208 806 381 790 1453 690 1222 1077 742 853 55 242 937 467 383 1107 651 1202 1416 1084 898 331 198 570 1288 1343 879 362 1456 693 1374 789 717 1413 688 592 579 899 835 781 604 0 811 494 774 987 1188 815 515 458 912 1112
1489 792 1822 216 1333 912 961 470 1823 444 1530 1146 626 895 831 934 1097 1081 635 321 568 1113 1785 298 1122 1001 889 807 1277 1604 93 669 1828 747 1637 980 496 1782 739 670 840 114 876 764 846 811 0 866 757 202 1368 921 887 875 1117 1126
1576 475 1805 902 1561 1158 145 421 1806 443 1575 1429 297 1206 514 701 1289 418 671 1007 1003 1554 1768 985 1251 283 656 126 1640 1696 848 706 1809 1045 1726 1142 391 1765 1041 706 134 869 1187 1133 159 494 866 0 1127 888 1541 1168 55 59 1264 1465
894 755 1227 703 738 317 1014 1154 1228 1127 935 551 1310 300 794 981 502 1099 1122 659 237 518 1190 636 527 964 936 1203 682 1009 828 1101 1233 147 1042 385 1179 1187 138 1331 1212 848 281 90 1237 774 760 1127 0 698 773 326 1148 1091 522 531
1430 968 1763 52 1274 853 983 493 1764 466 1471 1087 649 836 980 956 1038 1103 657 157 674 1054 1726 134 1063 1121 911 829 1218 1545 184 691 1769 688 1578 921 518 1723 680 692 862 205 817 705 868 987 202 888 698 0 1309 862 909 897 1058 1067
366 1169 595 1313 109 742 1428 1764 596 1738 365 474 1788 750 1208 1395 616 1513 1536 1270 847 296 558 1247 578 1378 1350 1616 232 486 1439 1514 599 861 516 726 1789 555 853 1744 1625 1459 732 767 1650 1188 1371 1541 773 1309 0 752 1562 1504 591 454
787 796 1016 867 742 59 1055 1318 1017 1291 786 555 1415 127 835 1022 501 1140 1163 823 401 522 980 800 462 1005 977 1244 686 907 992 1142 1020 414 938 148 1343 976 406 1371 1252 1012 109 320 1277 815 925 1168 326 862 752 0 1189 1132 475 535
1597 496 1826 923 1582 1179 166 442 1827 464 1596 1450 318 1227 535 722 1310 439 692 1028 1024 1575 1789 1006 1272 304 677 147 1661 1717 869 727 1830 1066 1747 1163 412 1786 1062 727 155 890 1208 1154 180 515 887 55 1148 909 1562 1189 0 80 1285 1486
1539 439 1769 911 1524 1122 109 429 1770 452 1539 1393 306 1170 478 665 1253 382 680 1016 967 1518 1732 993 1215 246 620 134 1604 1659 857 715 1773 1009 1690 1105 399 1729 1005 715 143 877 1151 1097 168 458 875 59 1091 897 1504 1132 80 0 1228 1429
626 892 856 1062 611 466 1151 1513 856 1487 625 353 1512 499 931 1118 156 1236 1259 1018 596 452 819 996 137 1101 1074 1340 616 746 1188 1238 859 610 777 449 1538 816 601 1468 1349 1208 481 516 1374 912 1120 1264 522 1058 591 475 1285 1228 0 388
567 1093 796 1071 419 525 1352 1522 797 1496 566 94 1678 508 1132 1319 369 1437 1460 1028 605 199 759 1005 393 1302 1274 1541 362 686 1197 1439 800 619 717 593 1547 756 611 1668 1549 1217 490 525 1575 1112 1129 1465 531 1067 454 535 1486 1429 388 0
EOF