NAME : tsp_problem
TYPE : TSP
DIMENSION : 48
EDGE_WEIGHT_TYPE : EXPLICIT
EDGE_WEIGHT_FORMAT : FULL_MATRIX
EDGE_WEIGHT_SECTION
0 564 666 447 2193 181 801 2173 1280 1227 1259 1240 918 812 979 1468 209 664 1687 1393 484 1476 1082 1546 188 1957 430 511 2199 1278 1309 160 519 524 840 1064 754 687 1437 1049 2024 581 1253 792 1596 1723 1223 1089
564 0 891 673 2009 403 521 1989 1360 1235 1403 1384 1137 1032 1191 1451 375 1151 1759 1557 709 1701 1284 1678 396 2110 223 715 2012 1422 1388 424 723 244 560 1118 979 912 1462 1103 1834 806 1397 511 1821 1760 1233 1292
666 891 0 404 1560 687 1128 1540 648 594 626 607 615 616 497 835 583 1213 1055 760 244 844 449 913 680 1324 757 1096 1566 645 676 632 1104 851 1167 647 710 130 804 633 1391 193 620 1119 963 1090 590 456
447 673 404 0 1910 468 909 1890 998 944 977 957 587 481 648 1185 364 994 1405 1111 222 1194 799 1263 461 1674 538 877 1916 995 1026 413 885 632 948 733 422 424 1154 718 1741 319 970 900 1314 1440 940 806
2193 2009 1560 1913 0 2128 1632 65 1005 1145 1049 1029 1429 1446 1328 839 2100 1916 610 902 1770 751 1194 805 2121 265 1948 1814 193 1067 1033 2149 1822 1834 1671 1297 2067 1656 850 1283 290 1719 1042 1623 720 611 1143 1202
181 403 687 468 2128 0 640 2108 1301 1247 1279 1260 938 832 999 1488 171 782 1708 1413 504 1497 1102 1566 108 1977 269 431 2131 1298 1329 153 439 363 679 1084 774 707 1457 1070 1953 602 1273 630 1616 1743 1243 1109
801 521 1128 909 1632 640 0 1612 983 858 1027 1008 761 655 815 1074 612 785 1382 1180 946 1374 908 1301 633 1733 460 683 1636 1046 1012 661 691 346 79 741 1216 1149 1085 727 1458 1043 1020 71 1494 1383 856 915
2173 1989 1540 1893 65 2108 1612 0 985 1125 1029 1009 1409 1426 1308 819 2080 1896 590 882 1750 731 1174 785 2101 245 1928 1794 173 1047 1013 2129 1802 1814 1651 1278 2047 1636 830 1263 270 1699 1022 1603 700 591 1123 1182
1280 1360 648 1001 1005 1301 983 985 0 496 110 90 533 534 415 447 1197 1267 714 420 858 503 319 572 1294 984 1299 1165 1008 128 53 1246 1173 1185 1022 565 1155 744 458 551 831 807 103 974 623 750 494 311
1227 1235 594 947 1145 1247 858 1125 496 0 491 471 479 480 362 587 1143 1142 895 625 804 708 209 777 1240 1188 1174 1040 1149 509 525 1192 1048 1060 897 415 1101 690 598 401 971 753 484 849 828 896 103 217
1259 1403 626 980 1049 1279 1027 1029 110 491 0 48 512 513 394 474 1176 1311 693 399 837 482 297 551 1272 963 1343 1208 1052 35 138 1225 1217 1229 1066 544 1133 723 443 530 874 785 61 1018 602 728 487 290
1240 1384 607 960 1029 1260 1008 1009 90 471 48 0 493 493 375 454 1156 1291 674 380 817 463 278 532 1253 943 1323 1189 1033 54 119 1205 1197 1209 1047 525 1114 703 423 510 855 766 42 998 583 709 467 271
915 1137 615 584 1429 935 761 1409 533 479 512 493 0 117 177 721 832 1045 940 646 689 729 334 798 928 1210 1006 942 1432 531 562 880 951 963 800 232 737 711 690 218 1254 774 505 752 849 975 475 342
812 1032 616 481 1446 832 655 1426 534 480 513 493 117 0 178 721 729 939 941 647 586 730 335 799 825 1210 903 837 1452 531 562 778 845 857 694 263 635 712 690 248 1277 684 506 646 850 976 476 342
976 1191 497 645 1328 996 815 1308 415 362 394 375 177 178 0 603 893 1099 822 528 708 611 217 680 989 1092 1067 996 1334 413 444 941 1005 1017 854 175 799 594 572 160 1159 656 387 806 731 858 357 224
1468 1451 835 1188 839 1488 1074 819 447 587 474 454 721 721 603 0 1384 1358 589 200 1045 425 506 418 1481 906 1390 1256 842 492 475 1433 1264 1276 1113 739 1342 931 108 725 664 994 467 1065 545 590 585 499
209 375 583 364 2100 171 612 2080 1197 1143 1176 1156 834 729 895 1384 0 810 1604 1310 401 1393 998 1462 164 1873 241 532 2104 1195 1225 116 540 335 651 980 670 603 1353 966 1926 498 1169 603 1513 1639 1139 1006
675 1161 1224 1005 1916 793 785 1896 1267 1142 1311 1291 1045 939 1099 1358 822 0 1666 1464 1042 1658 1192 1585 800 2017 1028 565 1920 1330 1296 772 573 987 824 1025 1311 1245 1369 1011 1742 1139 1304 776 1778 1667 1140 1199
1687 1759 1055 1408 610 1708 1382 590 714 895 693 674 940 941 822 589 1604 1666 0 562 1265 245 726 452 1701 575 1698 1564 614 712 743 1653 1572 1584 1421 972 1562 1151 600 958 436 1214 686 1373 215 94 893 718
1393 1557 760 1114 902 1413 1180 882 420 625 399 380 646 647 528 200 1310 1464 562 0 971 351 431 305 1406 831 1484 1362 905 418 449 1359 1370 1382 1219 678 1267 857 169 664 727 919 392 1171 471 597 621 424
484 709 244 222 1770 504 946 1750 858 804 837 817 692 586 708 1045 401 1031 1265 971 0 1054 659 1123 497 1534 575 914 1776 855 886 449 922 669 985 838 528 264 1014 823 1601 159 830 937 1174 1300 800 666
1476 1701 844 1197 751 1497 1374 731 503 708 482 463 729 730 611 425 1393 1658 245 351 1054 0 515 241 1490 515 1567 1555 757 501 532 1442 1564 1576 1413 761 1350 940 394 747 585 1003 475 1365 154 281 704 507
1082 1284 449 802 1194 1102 908 1174 319 209 297 278 334 335 217 506 998 1192 726 431 659 515 0 584 1095 995 1173 1089 1198 316 347 1047 1097 1110 947 367 956 545 475 352 1020 608 291 899 634 761 205 43
1546 1678 913 1266 805 1566 1301 785 572 777 551 532 798 799 680 418 1462 1585 452 305 1123 241 584 0 1559 721 1617 1483 809 570 601 1511 1491 1503 1340 830 1420 1009 387 816 631 1072 545 1292 361 487 773 576
188 396 680 461 2121 108 633 2101 1294 1240 1272 1253 931 825 992 1481 164 789 1701 1406 497 1490 1095 1559 0 1970 262 438 2124 1291 1322 160 446 356 672 1077 767 700 1450 1063 1946 595 1266 623 1609 1736 1236 1102
1957 2110 1324 1677 265 1977 1733 245 984 1188 963 943 1210 1210 1092 906 1873 2017 575 831 1534 515 995 721 1970 0 2048 1915 271 981 1012 1922 1923 1935 1772 1242 1831 1420 875 1227 391 1483 956 1724 484 611 1184 988
430 223 757 538 1948 269 460 1928 1299 1174 1343 1323 1009 903 1070 1390 241 1017 1698 1484 575 1567 1173 1617 262 2048 0 581 1952 1362 1328 290 589 183 499 1057 844 778 1401 1043 1774 672 1336 451 1687 1699 1172 1180
511 715 1096 877 1814 431 683 1794 1165 1040 1208 1189 942 837 996 1256 532 565 1564 1362 914 1555 1089 1483 438 1915 581 0 1817 1227 1193 483 51 675 721 923 1183 1116 1267 909 1639 1011 1202 673 1675 1565 1038 1097
2199 2012 1566 1919 193 2131 1636 173 1008 1149 1052 1033 1432 1452 1334 842 2104 1920 614 905 1776 757 1198 809 2124 271 1952 1817 0 1071 1037 2153 1825 1838 1675 1301 2073 1662 853 1287 293 1725 1045 1627 726 615 1147 1205
1278 1422 645 998 1067 1298 1046 1047 128 509 35 54 531 531 413 492 1195 1330 712 418 855 501 316 570 1291 981 1362 1227 1071 0 157 1243 1235 1248 1085 563 1152 742 461 549 893 804 48 1036 621 747 505 309
1309 1388 676 1029 1033 1329 1012 1013 53 525 138 119 562 562 444 475 1225 1296 743 449 886 532 347 601 1322 1012 1328 1193 1037 157 0 1274 1201 1214 1051 594 1183 772 486 579 859 835 131 1002 652 778 522 340
160 424 632 413 2149 153 661 2129 1246 1192 1225 1205 883 778 944 1433 116 761 1653 1359 449 1442 1047 1511 160 1922 290 483 2153 1243 1274 0 491 384 700 1029 719 652 1402 1015 1975 547 1218 652 1562 1688 1188 1054
519 723 1104 885 1822 439 691 1802 1173 1048 1217 1197 951 845 1005 1264 540 573 1572 1370 922 1564 1097 1491 446 1923 589 51 1825 1235 1201 491 0 683 730 931 1191 1125 1275 917 1648 1019 1210 681 1683 1573 1046 1105
524 244 851 632 1834 363 346 1814 1185 1060 1229 1209 963 857 1017 1276 335 987 1584 1382 669 1576 1110 1503 356 1935 183 675 1838 1248 1214 384 683 0 385 943 938 872 1287 929 1660 766 1222 337 1696 1585 1058 1117
840 560 1167 948 1671 679 79 1651 1022 897 1066 1047 800 694 854 1113 651 824 1421 1219 985 1413 947 1340 672 1772 499 721 1675 1085 1051 700 730 385 0 780 1255 1188 1124 766 1497 1082 1059 89 1533 1422 895 954
1061 1118 647 730 1297 1081 741 1278 565 415 544 525 232 263 175 739 978 1025 972 678 835 761 367 830 1074 1242 1057 923 1301 563 594 1026 931 943 780 0 883 744 722 82 1123 806 537 732 881 1008 413 374
754 979 710 422 2064 774 1216 2044 1152 1098 1130 1111 740 635 801 1339 670 1300 1559 1264 528 1347 953 1417 767 1828 844 1183 2070 1149 1180 719 1191 938 1255 886 0 730 1308 872 1895 625 1124 1206 1467 1594 1094 960
687 912 130 424 1656 707 1149 1636 744 690 723 703 711 712 594 931 603 1234 1151 857 264 940 545 1009 700 1420 778 1116 1662 742 772 652 1125 872 1188 744 730 0 900 729 1487 213 716 1140 1060 1186 686 553
1437 1462 804 1157 850 1457 1085 830 458 598 443 423 690 690 572 108 1353 1369 600 169 1014 394 475 387 1450 875 1401 1267 853 461 486 1402 1275 1287 1124 722 1311 900 0 707 675 963 436 1076 514 601 596 468
1047 1103 633 715 1283 1067 727 1263 551 401 530 510 218 248 160 725 963 1011 958 664 821 747 352 816 1060 1227 1043 909 1287 549 579 1012 917 929 766 82 869 729 707 0 1109 792 523 718 867 993 399 360
2024 1834 1391 1744 290 1953 1458 270 831 971 874 855 1254 1277 1159 664 1926 1742 436 727 1601 585 1020 631 1946 391 1774 1639 293 893 859 1975 1648 1660 1497 1123 1898 1487 675 1109 0 1550 868 1449 554 437 969 1027
581 806 193 319 1719 602 1043 1699 807 753 785 766 774 684 656 994 498 1128 1214 919 159 1003 608 1072 595 1483 672 1011 1725 804 835 547 1019 766 1082 806 625 213 963 792 1550 0 779 1034 1122 1249 749 615
1253 1397 620 973 1042 1273 1020 1022 103 484 61 42 505 506 387 467 1169 1304 686 392 830 475 291 545 1266 956 1336 1202 1045 48 131 1218 1210 1222 1059 537 1127 716 436 523 868 779 0 1011 595 722 480 283
792 511 1119 900 1623 630 71 1603 974 849 1018 998 752 646 806 1065 603 776 1373 1171 937 1365 899 1292 623 1724 451 673 1627 1036 1002 652 681 337 89 732 1206 1140 1076 718 1449 1034 1011 0 1485 1374 847 906
1596 1821 963 1317 720 1616 1494 700 623 828 602 583 849 850 731 545 1513 1778 215 471 1174 154 634 361 1609 484 1687 1675 726 621 652 1562 1683 1696 1533 881 1470 1060 514 867 554 1122 595 1485 0 250 824 627
1723 1760 1090 1443 611 1743 1383 591 750 896 728 709 975 976 858 590 1639 1667 94 597 1300 281 761 487 1736 611 1699 1565 615 747 778 1688 1573 1585 1422 1008 1597 1186 601 993 437 1249 722 1374 250 0 894 753
1223 1233 590 943 1143 1243 856 1123 494 103 487 467 475 476 357 585 1139 1140 893 621 800 704 205 773 1236 1184 1172 1038 1147 505 522 1188 1046 1058 895 413 1097 686 596 399 969 749 480 847 824 894 0 213
1089 1292 456 809 1202 1109 915 1182 311 217 290 271 342 342 224 499 1006 1199 718 424 666 507 43 576 1102 988 1180 1097 1205 309 340 1054 1105 1117 954 374 963 553 468 360 1027 615 283 906 627 753 213 0
EOF