NAME : tsp_problem
TYPE : TSP
DIMENSION : 24
EDGE_WEIGHT_TYPE : EXPLICIT
EDGE_WEIGHT_FORMAT : FULL_MATRIX
EDGE_WEIGHT_SECTION
0 1410 1771 1248 1387 565 1197 1270 1209 619 1376 2017 340 1869 735 1623 2171 1394 2074 1600 308 527 1234 1706
1410 0 729 464 345 1588 642 202 338 1011 54 975 1223 826 1181 580 1129 35 1009 557 1205 1011 339 663
1771 729 0 825 501 1978 1002 682 699 1489 694 520 1700 371 1658 413 674 712 693 390 1682 1371 700 123
1248 464 825 0 441 1445 416 323 158 868 430 1071 1080 922 1038 676 1225 448 1131 653 1062 849 184 759
1387 345 501 441 0 1594 619 298 315 1182 310 747 1394 599 1352 270 901 329 918 302 1376 988 316 436
576 1588 1989 1445 1605 0 1304 1487 1426 1073 1554 2222 870 2086 581 1837 2301 1572 2181 1818 837 745 1452 1923
1197 642 1002 416 619 1304 0 501 440 727 607 1249 939 1100 897 854 1380 626 1260 831 921 756 465 937
1270 202 682 323 298 1476 501 0 197 1065 167 928 1277 779 1235 533 1082 186 1084 510 1259 870 198 616
1209 338 699 158 315 1415 440 197 0 933 304 945 1144 796 1102 550 1099 322 1194 528 1126 809 83 633
619 1011 1489 868 1182 1073 727 1065 933 0 977 1645 708 1520 666 1260 1724 995 1604 1293 690 887 958 1401
1376 54 694 430 310 1554 607 167 304 977 0 940 1188 792 1146 546 1094 55 974 523 1170 976 305 629
2017 975 520 1071 747 2222 1249 928 945 1645 940 0 1856 305 1814 659 386 959 453 636 1838 1618 946 454
340 1223 1700 1080 1394 858 939 1277 1144 708 1188 1856 0 1731 476 1472 1935 1206 1815 1505 63 844 1170 1613
1869 826 371 922 599 2075 1100 779 796 1520 792 305 1731 0 1690 511 459 810 544 488 1713 1469 797 306
669 1115 1593 972 1286 631 831 1169 1037 600 1081 1749 411 1624 0 1364 1828 1099 1708 1397 393 1160 1062 1505
1623 580 413 676 270 1829 854 533 550 1260 546 659 1472 511 1430 0 813 564 741 104 1454 1223 551 348
2171 1129 674 1225 901 2301 1380 1082 1099 1724 1094 386 1935 459 1893 813 0 1113 231 790 1917 1772 1100 608
1394 35 712 448 329 1572 626 186 322 995 55 959 1206 810 1165 564 1113 0 993 541 1189 995 323 647
2074 1009 693 1131 918 2181 1260 1084 1194 1604 974 453 1815 544 1773 741 231 993 0 773 1797 1867 1195 605
1600 557 390 653 302 1806 831 510 528 1293 523 636 1505 488 1463 104 790 541 773 0 1487 1200 528 325
308 1205 1682 1062 1376 826 921 1259 1126 690 1170 1838 63 1713 458 1454 1917 1189 1797 1487 0 811 1152 1595
527 1008 1368 846 985 734 759 867 806 887 973 1615 844 1466 1181 1220 1769 992 1864 1197 811 0 831 1303
1234 339 700 184 316 1441 465 198 83 958 305 946 1170 797 1128 551 1100 323 1195 528 1152 835 0 634
1706 663 123 759 436 1912 937 616 633 1401 629 454 1613 306 1571 348 608 647 605 325 1595 1306 634 0
EOF