NAME : tsp_problem
TYPE : TSP
DIMENSION : 20
EDGE_WEIGHT_TYPE : EXPLICIT
EDGE_WEIGHT_FORMAT : FULL_MATRIX
EDGE_WEIGHT_SECTION
0 1385 1086 731 84 1340 573 547 1251 171 373 573 1663 491 733 1221 228 878 1370 720
1385 0 1126 931 1381 72 1592 1561 981 1278 1387 1051 783 1523 968 232 1480 874 61 1735
1086 1126 0 475 1090 1081 1291 1331 198 1124 1256 835 611 1209 634 1088 1030 522 1111 1450
731 931 475 0 735 886 936 976 640 770 901 480 1052 854 279 767 675 163 916 1095
84 1381 1090 735 0 1336 573 542 1255 167 368 569 1667 495 736 1217 232 882 1366 716
1340 72 1081 886 1336 0 1547 1516 936 1233 1342 1006 738 1478 923 187 1435 829 57 1690
573 1592 1291 936 573 1547 0 95 1456 470 399 780 1868 384 937 1428 517 1083 1577 404
547 1561 1331 976 542 1516 95 0 1496 439 368 749 1908 424 923 1397 557 1094 1546 444
1251 981 198 640 1255 936 1456 1496 0 1289 1421 1000 466 1374 799 1055 1195 686 966 1615
171 1278 1124 770 167 1233 470 439 1289 0 265 466 1702 401 640 1114 266 811 1263 613
373 1387 1256 901 368 1342 399 368 1421 265 0 575 1833 178 749 1223 467 920 1372 542
573 1051 835 480 569 1006 780 749 1000 466 575 0 1412 711 413 887 612 584 1036 923
1663 783 611 1052 1667 738 1868 1908 466 1702 1833 1412 0 1786 1212 876 1607 1099 768 2027
491 1523 1209 854 495 1478 384 424 1374 401 178 711 1786 0 855 1359 435 1001 1508 543
733 968 634 279 736 923 937 923 799 640 749 413 1212 855 0 804 677 426 952 1097
1221 232 1085 767 1217 187 1428 1397 1055 1114 1223 887 876 1359 804 0 1316 710 217 1571
228 1480 1030 675 232 1435 517 557 1195 266 467 612 1607 435 677 1316 0 822 1465 677
878 874 522 163 882 829 1083 1094 686 811 920 584 1099 1001 426 710 822 0 859 1242
1370 61 1111 916 1366 57 1577 1546 966 1263 1372 1036 768 1508 952 217 1465 859 0 1720
720 1735 1450 1095 716 1690 404 444 1615 613 542 923 2027 543 1097 1571 677 1242 1720 0
EOF