NAME : tsp_problem
TYPE : TSP
DIMENSION : 20
EDGE_WEIGHT_TYPE : EXPLICIT
EDGE_WEIGHT_FORMAT : FULL_MATRIX
EDGE_WEIGHT_SECTION
0 1187 674 777 873 533 1276 524 935 183 1186 436 769 402 921 494 1214 978 600 1232
1187 0 851 691 500 975 117 966 1968 1184 2219 1136 1763 938 1955 936 307 2011 1042 325
674 851 0 308 536 461 893 453 1455 670 1622 621 1091 425 1441 422 763 1498 439 740
777 691 308 0 377 564 780 556 1558 773 1808 726 1286 527 1544 525 697 1600 632 674
873 500 536 377 0 661 589 652 1654 869 1905 822 1462 624 1641 622 526 1697 728 544
533 975 461 564 661 0 1064 29 1314 529 1565 482 1070 164 1300 55 999 1356 211 976
1276 117 893 780 589 1064 0 1055 2057 1272 2231 1225 1700 1027 2044 1025 395 2100 1047 414
524 966 453 556 652 29 1055 0 1305 521 1556 473 1061 156 1292 47 990 1348 203 967
938 1968 1455 1558 1654 1314 2057 1305 0 1048 606 1217 564 1183 197 1275 1959 143 1377 1936
183 1184 670 773 869 529 1272 521 1045 0 1296 432 790 398 1031 490 1210 1088 597 1228
1200 2230 1622 1816 1916 1576 2231 1567 617 1310 0 1436 1062 1445 531 1537 2101 575 1519 2077
436 1136 621 726 822 482 1225 473 1217 432 1436 0 905 351 1203 443 1099 1260 517 1076
769 1763 1091 1286 1462 1070 1700 1061 564 790 1062 905 0 1069 648 1030 1570 607 988 1547
402 938 425 527 624 164 1027 156 1183 398 1434 351 1069 0 1169 125 964 1226 232 982
924 1955 1441 1544 1641 1300 2044 1292 197 1034 520 1203 648 1169 0 1261 1981 158 1368 1999
494 936 422 525 622 55 1025 47 1275 490 1525 443 1030 125 1261 0 960 1317 172 936
1214 307 763 697 526 999 395 990 1959 1210 2101 1099 1570 964 1981 960 0 2002 917 78
980 2011 1498 1600 1697 1356 2100 1348 143 1091 563 1260 607 1226 158 1317 2002 0 1420 1979
600 1042 439 632 728 211 1047 203 1377 597 1519 517 988 232 1368 172 917 1420 0 894
1232 325 740 674 544 976 414 967 1936 1228 2077 1076 1547 982 1999 936 78 1979 894 0
EOF