NAME : tsp_problem
TYPE : TSP
DIMENSION : 32
EDGE_WEIGHT_TYPE : EXPLICIT
EDGE_WEIGHT_FORMAT : FULL_MATRIX
EDGE_WEIGHT_SECTION
0 203 205 1011 209 199 217 201 202 198 198 205 196 209 820 206 195 203 196 822 1073 966 201 213 198 632 213 204 652 213 202 205
203 0 205 1012 209 199 217 201 202 198 198 205 196 209 820 206 195 203 196 822 1073 966 201 213 198 632 213 204 652 213 202 205
205 205 0 998 211 201 219 203 204 200 201 208 198 212 807 208 197 206 198 808 1059 969 204 215 200 634 215 207 654 215 204 208
982 982 968 0 971 977 977 979 980 976 976 968 973 971 1020 986 972 983 973 1021 694 1711 980 974 975 1376 974 984 1397 974 981 985
209 209 211 1001 0 205 223 207 208 204 205 212 202 215 810 212 201 210 202 811 1062 973 208 219 204 638 219 211 658 219 208 212
199 199 201 1007 205 0 213 197 198 194 194 201 192 205 815 202 191 200 192 817 1068 962 197 209 194 628 209 200 648 209 198 201
217 217 219 1007 223 213 0 215 216 212 212 220 210 223 816 220 209 218 210 817 1068 981 215 227 212 646 227 219 666 227 216 219
201 201 203 1009 207 197 215 0 199 196 196 203 194 207 818 204 193 201 194 819 1070 964 199 211 196 630 211 202 650 211 200 203
202 202 204 1010 208 198 216 199 0 197 197 204 195 208 819 205 193 202 195 820 1071 965 200 212 196 630 212 203 651 212 201 204
198 198 200 1005 204 194 212 196 197 0 193 200 191 204 814 201 190 199 191 815 1066 961 196 208 193 627 208 200 647 208 197 200
198 198 201 1006 205 194 212 196 197 193 0 201 191 205 815 202 190 199 192 816 1067 962 197 209 193 627 208 200 648 209 197 201
205 205 208 998 212 201 220 203 204 200 201 0 199 212 807 209 197 206 199 808 1059 969 204 216 200 634 215 207 655 216 204 208
196 196 198 1003 202 192 210 194 195 191 191 199 0 202 812 199 188 197 189 813 1064 960 194 206 191 625 206 198 645 206 195 199
209 209 212 1001 215 205 223 207 208 204 205 212 202 0 810 212 201 210 203 811 1062 973 208 220 204 638 219 211 659 219 208 212
556 556 542 744 545 551 552 553 554 550 550 542 547 545 0 560 546 557 547 555 1167 1407 554 549 550 1072 548 558 1093 548 555 559
206 206 208 1015 212 202 220 204 205 201 202 209 199 212 824 0 198 207 199 826 1077 970 205 216 201 635 216 208 655 216 205 209
195 195 197 1001 201 191 209 193 193 190 190 197 188 201 810 198 0 195 188 812 1063 958 193 205 190 624 205 196 644 205 194 197
203 203 206 1012 210 200 218 201 202 199 199 206 197 210 821 207 195 0 197 823 1074 967 202 214 198 632 213 205 653 214 203 206
196 196 198 1003 202 192 210 194 195 191 192 199 189 203 812 199 188 197 0 813 1064 960 195 206 191 625 206 198 645 206 195 199
588 588 574 777 577 583 584 585 586 582 582 574 579 578 585 592 578 589 580 0 1199 1439 586 581 582 1105 580 590 1125 581 587 591
1266 1266 1252 887 1255 1261 1262 1263 1265 1260 1261 1253 1257 1256 1625 1270 1256 1267 1258 1627 0 1649 1264 1259 1260 1314 1258 1268 1334 1259 1265 1269
1354 1355 1341 1730 1344 1350 1350 1352 1353 1348 1349 1341 1346 1344 1170 1358 1344 1355 1346 1172 1474 0 1353 1347 1348 360 1347 1357 345 1347 1353 1358
201 201 204 1010 208 197 215 199 200 196 197 204 194 208 819 205 193 202 195 820 1071 965 0 212 196 630 211 203 651 211 200 204
213 213 215 1004 219 209 227 211 212 208 209 216 206 220 813 216 205 214 206 814 1065 977 212 0 208 642 223 215 662 223 212 216
198 198 200 1005 204 194 212 196 196 193 193 200 191 204 814 201 190 198 191 815 1066 961 196 208 0 627 208 199 647 208 197 200
1020 1020 1006 1395 1009 1015 1016 1017 1018 1014 1014 1006 1011 1009 836 1024 1010 1021 1011 837 1140 360 1018 1013 1013 0 1012 1022 46 1012 1019 1023
213 213 215 1004 219 209 227 211 212 208 208 215 206 219 813 216 205 213 206 814 1065 976 211 223 208 642 0 214 662 223 212 215
204 204 207 1014 211 200 219 202 203 200 200 207 198 211 823 208 196 205 198 824 1075 968 203 215 199 633 214 0 654 215 204 207
1040 1040 1026 1416 1029 1035 1036 1037 1039 1034 1035 1027 1032 1030 856 1044 1030 1041 1032 857 1160 345 1038 1033 1034 46 1033 1042 0 1033 1039 1043
213 213 215 1004 219 209 227 211 212 208 209 216 206 219 813 216 205 214 206 814 1065 977 211 223 208 642 223 215 662 0 212 216
202 202 204 1010 208 198 216 200 201 197 197 204 195 208 819 205 194 203 195 820 1071 965 200 212 197 631 212 204 651 212 0 204
205 205 208 1015 212 201 219 203 204 200 201 208 199 212 824 209 197 206 199 825 1076 969 204 216 200 634 215 207 655 216 204 0
EOF