NAME : tsp_problem
TYPE : TSP
DIMENSION : 76
EDGE_WEIGHT_TYPE : EXPLICIT
EDGE_WEIGHT_FORMAT : FULL_MATRIX
EDGE_WEIGHT_SECTION
0 256 476 492 416 1207 528 687 674 607 979 218 802 906 623 683 1138 465 517 551 1289 601 609 799 741 806 1097 127 441 1159 639 798 269 609 646 1254 1015 1021 1087 612 718 1016 1525 955 1062 1183 1257 553 714 800 282 584 1060 712 917 789 1020 851 786 841 392 1230 407 1135 523 888 1207 63 72 1162 1349 299 996 896 164 984
256 0 655 482 406 1214 518 692 799 665 1103 343 575 763 396 808 912 455 642 709 1088 592 591 924 514 579 954 325 620 1016 740 571 82 466 419 1213 788 1145 944 602 575 789 1650 1080 835 1040 1209 732 571 657 95 441 1185 597 1042 562 793 976 559 966 572 1204 180 992 514 1013 1076 214 240 1221 1148 467 1121 669 180 757
476 655 0 692 616 1174 728 654 641 574 946 407 1202 1180 1023 650 1518 665 484 245 1564 802 809 766 1141 1206 1372 375 148 1434 606 1198 669 913 1046 1221 1415 987 1362 658 1022 1415 1492 922 1437 1244 1224 168 1018 1075 682 888 1027 913 884 1189 1419 818 1186 808 211 1197 806 1410 724 855 1174 514 490 1129 1624 257 963 1295 517 1383
492 482 692 0 199 928 75 252 396 224 700 330 990 727 698 546 1064 101 336 600 1110 148 244 520 929 994 918 391 657 980 299 986 535 571 834 975 1020 742 908 162 591 1100 1246 676 983 998 978 682 595 621 548 546 781 348 638 977 1020 572 974 562 625 951 595 956 70 610 928 480 506 883 1170 454 717 1083 383 1010
416 406 616 199 0 1042 236 413 557 385 861 254 914 591 525 707 928 173 497 620 974 309 316 681 853 918 782 315 581 844 460 910 459 399 758 1041 884 903 772 323 455 964 1407 838 847 868 1037 693 460 485 472 373 942 420 799 901 884 733 898 724 549 1032 518 820 231 771 904 404 430 1044 1034 378 879 947 307 874
1206 1214 1174 928 1042 0 915 812 717 732 481 1032 1033 655 894 950 993 990 739 1003 1039 989 1017 506 1177 1166 742 1105 1139 610 763 1158 1267 852 1128 116 948 324 657 815 775 1028 790 503 912 209 119 1086 780 598 1280 904 628 923 542 1149 949 544 1146 656 1106 92 1216 779 911 461 226 1244 1220 81 1099 961 467 1012 1218 939
528 518 728 75 236 915 0 239 383 211 687 366 1026 763 734 534 1101 137 323 587 1146 105 281 507 965 1030 955 427 693 1017 287 1022 571 608 870 962 1056 729 945 149 628 1136 1233 664 1020 985 965 669 632 658 584 583 768 384 625 1013 1056 559 1010 550 661 938 631 993 57 597 915 516 542 870 1207 490 705 1120 419 1047
686 692 654 252 413 812 239 0 280 202 584 513 1200 940 911 430 1278 314 220 484 1323 312 458 404 1139 1204 1132 586 619 1156 62 1196 745 785 1044 859 1233 626 1122 115 805 1313 1130 560 1197 882 862 566 809 835 758 760 665 561 522 1187 1233 456 1184 447 587 835 805 1170 234 494 812 690 701 767 1384 441 601 1294 593 1224
674 798 641 396 557 717 383 280 0 199 444 500 1306 1084 1055 418 1422 458 207 471 1468 456 602 309 1246 1310 1193 573 606 1062 231 1303 852 929 1151 765 1377 531 1108 283 949 1457 1022 461 1341 787 767 553 953 979 864 904 406 705 383 1293 1377 317 1290 188 574 741 911 1231 379 374 718 711 688 673 1528 429 462 1400 699 1368
606 665 574 224 385 732 211 202 199 0 503 432 1173 913 884 350 1250 287 139 403 1296 285 430 324 1112 1177 1105 505 539 1076 163 1169 718 758 1017 779 1206 545 1094 112 777 1286 1050 480 1169 801 781 486 782 807 731 733 585 534 442 1160 1206 376 1157 366 506 755 777 1142 207 413 732 644 620 687 1356 361 521 1267 566 1196
978 1103 946 700 861 481 687 584 444 503 0 804 1248 871 1109 722 1208 762 511 775 1254 761 906 194 1392 1381 957 877 911 826 535 1374 1156 1067 1344 528 1164 178 872 587 991 1244 604 158 1127 551 531 857 995 813 1168 1120 173 1009 87 1364 1164 150 1361 277 878 505 1215 995 683 132 482 1015 992 437 1314 733 55 1227 1003 1154
218 343 407 330 254 1033 366 513 501 433 805 0 851 818 672 509 1156 304 343 410 1202 440 447 625 791 855 1010 118 372 1072 465 848 396 551 696 1080 1064 847 1000 450 660 1065 1351 782 1075 1095 1083 484 656 713 409 526 886 551 743 838 1069 677 835 668 339 1056 456 1048 362 715 1033 256 233 988 1262 168 823 945 244 1033
802 575 1202 990 914 1033 1026 1200 1307 1173 1248 851 0 407 436 1316 415 963 1150 1217 565 1100 943 1273 184 169 773 871 1167 835 1248 161 628 545 245 1031 291 1091 763 1110 701 332 1557 1270 338 858 1027 1279 706 524 641 615 1395 849 1309 152 296 1311 149 1423 1118 1023 547 811 1022 1228 895 760 786 1040 626 975 1234 212 727 217
906 763 1180 727 591 655 763 940 1084 913 871 818 407 0 442 1235 367 656 1024 1184 412 837 566 896 551 540 396 879 1145 457 988 532 816 400 616 654 322 714 385 850 324 402 1180 893 286 481 650 1257 328 146 829 453 1017 471 931 523 322 934 520 1045 1113 645 764 433 759 850 517 864 890 662 473 942 856 386 767 312
623 396 1023 698 525 894 734 911 1055 884 1109 672 436 442 0 1137 772 664 971 1038 826 808 588 1134 375 440 634 692 988 696 959 432 449 155 280 892 649 952 624 821 359 649 1418 1131 695 719 888 1100 355 337 462 225 1256 593 1170 423 653 1172 420 1222 939 884 368 672 730 1089 756 581 607 900 886 796 1095 529 548 618
562 686 529 426 587 830 413 310 297 230 601 388 1194 1114 1016 0 1452 488 140 359 1498 487 632 421 1134 1198 1305 461 494 1174 261 1191 740 894 1039 877 1407 643 1220 313 979 1408 1148 578 1371 899 879 441 983 1009 752 869 683 735 540 1181 1408 474 1178 464 462 853 799 1343 409 511 830 599 576 785 1558 317 619 1288 587 1376
1138 912 1518 1064 928 993 1101 1278 1422 1250 1208 1156 415 367 772 1573 0 994 1362 1522 238 1174 903 1233 520 505 627 1208 1483 795 1326 497 965 738 582 991 210 1051 723 1188 661 515 1517 1230 169 818 988 1595 666 484 978 790 1355 809 1269 488 143 1272 485 1383 1451 983 883 543 1096 1188 855 1097 1122 1000 299 1280 1194 499 1063 333
465 455 665 101 173 990 137 314 458 287 762 304 963 656 664 609 994 0 398 662 1040 211 174 582 903 967 848 364 630 910 362 960 509 537 808 1037 949 804 838 224 521 1029 1308 739 913 933 1040 743 525 551 521 512 844 277 700 950 949 635 947 625 598 1014 568 886 133 672 970 453 479 946 1100 427 780 1013 356 940
516 641 484 336 497 739 323 220 207 139 511 342 1149 1024 970 260 1362 398 0 314 1408 396 542 331 1088 1153 1215 415 449 1084 171 1145 694 849 993 786 1317 553 1130 223 889 1363 1057 488 1281 809 789 396 893 919 707 824 592 645 449 1136 1317 383 1133 374 417 763 754 1253 319 421 740 554 530 695 1468 271 529 1243 542 1308
551 709 245 600 620 1003 587 484 471 403 775 410 1217 1184 1038 479 1522 662 314 0 1567 660 806 595 1156 1221 1376 451 302 1348 435 1213 745 917 1061 1050 1430 817 1365 487 1025 1431 1321 752 1440 1073 1053 101 1021 1078 758 892 857 909 713 1204 1434 648 1201 638 366 1027 821 1413 583 685 1004 589 566 959 1628 276 793 1310 592 1399
1289 1088 1564 1110 974 1039 1146 1323 1468 1296 1254 1202 565 412 826 1618 238 1040 1408 1567 0 1220 949 1279 696 681 531 1263 1529 742 1371 673 1141 783 758 1037 385 1097 659 1234 707 561 1563 1276 282 864 1033 1641 711 530 1154 836 1401 854 1315 664 319 1317 661 1428 1496 1029 1059 447 1142 1234 901 1247 1273 1045 103 1325 1240 545 1150 471
601 592 802 148 309 989 105 312 456 285 761 440 1100 837 808 607 1174 211 396 660 1220 0 354 581 1039 1104 1028 501 767 1090 360 1096 645 682 944 1036 1130 802 1018 222 701 1210 1307 737 1093 1059 1039 743 706 731 658 656 842 458 699 1087 1130 633 1084 623 734 1012 704 1066 99 670 989 590 616 944 1280 563 778 1193 493 1120
609 591 809 244 316 1017 281 458 602 430 906 447 943 566 588 752 903 174 542 806 949 354 0 726 917 982 758 508 774 819 505 974 644 461 822 1016 859 948 747 368 430 939 1452 883 822 843 1012 886 435 460 657 436 987 126 844 965 859 778 962 769 742 1007 704 795 276 816 879 597 623 1024 1009 571 924 923 500 849
798 923 766 520 681 506 507 404 309 324 194 624 1273 896 1134 542 1233 582 331 595 1279 581 726 0 1370 1406 982 697 731 851 355 1399 976 1053 1275 553 1189 320 897 407 1016 1269 771 190 1152 576 556 678 1020 838 989 1028 281 829 132 1389 1189 66 1386 177 698 530 1035 1020 503 104 507 836 812 462 1339 553 211 1253 824 1179
741 514 1141 929 853 1177 965 1139 1247 1112 1392 791 184 551 375 1255 520 903 1089 1156 696 1039 917 1371 0 188 917 811 1106 979 1187 180 568 485 185 1175 397 1235 907 1050 688 305 1701 1414 444 1002 1172 1218 685 666 580 555 1539 923 1453 171 401 1423 168 1414 1058 1167 486 955 961 1372 1039 699 725 1184 756 914 1378 185 666 362
806 579 1206 994 918 1166 1030 1204 1311 1177 1381 855 169 540 440 1320 505 967 1154 1221 681 1104 982 1406 188 0 906 875 1171 968 1252 145 632 550 250 1164 382 1224 896 1114 753 462 1690 1403 428 991 1160 1283 749 657 645 619 1528 982 1442 135 386 1444 132 1478 1122 1156 551 944 1026 1361 1028 764 790 1173 741 979 1367 342 731 351
1061 918 1336 882 746 705 918 1095 1157 1068 920 974 737 359 598 1389 678 812 1178 1339 581 992 721 946 881 870 0 1035 1301 243 1143 862 971 555 832 703 652 763 160 1006 479 732 1229 943 616 531 700 1413 483 302 984 608 1067 626 981 853 652 984 850 1095 1268 695 920 163 914 900 567 1019 1045 712 657 1097 906 716 922 643
127 325 375 391 315 1106 427 586 574 506 878 118 871 879 692 582 1208 364 416 451 1263 501 508 698 811 875 1071 0 340 1133 538 868 339 612 716 1153 1084 920 1061 511 721 1085 1424 855 1131 1156 1156 452 717 774 352 587 959 612 816 858 1089 750 855 741 292 1130 476 1109 423 788 1106 164 141 1061 1323 198 896 965 187 1053
441 620 148 657 581 1139 693 619 606 539 911 372 1167 1145 988 615 1483 630 449 302 1529 767 774 731 1106 1171 1337 340 0 1399 571 1163 634 878 1011 1186 1380 952 1327 623 987 1380 1457 887 1402 1209 1189 225 983 1040 647 853 992 878 849 1154 1384 783 1151 773 176 1162 771 1375 689 820 1139 479 455 1094 1589 222 928 1260 482 1348
1159 1016 1434 980 844 610 1017 1156 1062 1076 826 1072 835 457 696 1294 795 910 1084 1348 736 1090 819 851 979 968 280 1133 1399 0 1108 960 1069 653 930 609 750 669 116 1104 577 830 1135 848 714 436 605 1430 581 400 1082 706 973 724 886 951 751 889 948 1000 1366 600 1018 317 1012 805 472 1117 1143 617 811 1195 811 814 1020 741
638 740 606 299 460 763 287 62 231 163 535 464 1248 988 959 382 1326 362 171 435 1371 360 505 355 1187 1252 1180 537 571 1108 0 1244 793 833 1092 810 1281 577 1154 163 852 1361 1081 512 1244 833 813 518 857 882 806 808 617 609 473 1235 1281 408 1232 398 538 787 852 1217 282 445 764 676 652 719 1432 393 553 1342 641 1271
798 571 1198 986 910 1158 1022 1196 1304 1169 1374 848 161 532 432 1312 497 960 1146 1213 673 1096 974 1399 180 145 898 868 1163 960 1244 0 624 542 242 1157 374 1217 888 1106 745 455 1682 1396 421 984 1153 1275 742 649 637 612 1520 974 1434 128 378 1437 125 1470 1115 1148 543 936 1018 1353 1020 756 782 1165 734 971 1359 334 723 343
269 82 669 535 459 1267 571 745 852 718 1157 396 628 816 449 861 965 509 695 745 1141 645 644 977 568 632 1008 339 634 1069 793 624 0 519 473 1266 841 1198 997 655 628 842 1703 1133 888 1093 1262 746 624 710 45 494 1238 650 1095 615 846 1029 612 1019 586 1257 233 1045 567 1066 1129 228 253 1274 1201 492 1174 722 194 810
609 466 913 571 399 852 608 785 929 758 1067 551 545 400 155 1016 738 537 850 917 783 682 461 1053 485 550 592 612 878 653 833 542 519 0 390 850 693 910 581 695 233 759 1376 1089 656 677 846 990 229 294 532 99 1214 467 1128 532 693 1105 530 1096 846 841 478 629 604 1047 713 568 593 858 844 675 1052 639 470 683
646 419 1046 834 758 1128 870 1044 1152 1017 1344 696 245 616 280 1160 582 808 994 1061 758 944 822 1276 185 250 869 716 1011 930 1092 242 473 390 0 1127 459 1187 858 955 594 459 1653 1366 505 954 1123 1123 590 571 485 460 1491 828 1394 232 463 1328 229 1319 963 1118 391 906 866 1323 990 605 630 1135 818 819 1329 339 571 427
1253 1213 1221 975 1041 116 962 859 765 779 528 1079 1031 654 892 997 991 1037 786 1050 1037 1036 1016 553 1175 1164 740 1152 1186 609 810 1157 1266 850 1127 0 947 371 655 863 774 1027 837 551 910 207 44 1133 778 596 1279 903 675 921 589 1147 947 592 1144 703 1153 68 1214 778 958 508 273 1291 1267 128 1097 1008 514 1011 1217 937
1015 788 1415 1020 884 948 1056 1233 1377 1206 1164 1064 291 322 649 1528 210 949 1317 1430 385 1130 859 1189 397 382 689 1084 1380 750 1281 374 841 693 459 947 0 1007 678 1143 617 345 1473 1186 133 774 943 1492 621 439 854 746 1311 764 1224 365 91 1227 362 1338 1331 938 760 726 1052 1143 810 973 999 955 446 1188 1149 329 940 210
1020 1144 987 742 903 324 729 626 531 545 178 846 1091 714 952 764 1051 804 553 817 1097 802 948 320 1235 1224 800 919 952 669 577 1217 1198 910 1187 371 1007 0 715 629 834 1087 526 200 970 394 374 899 838 656 1210 963 325 981 239 1207 1007 302 1204 429 920 348 1257 838 725 275 325 1057 1034 280 1157 775 163 1070 1045 997
1087 944 1362 908 772 657 945 1122 1108 1094 872 1000 763 385 624 1341 723 838 1130 1365 652 1018 747 897 907 896 196 1061 1327 116 1154 888 997 581 858 655 678 715 0 1032 505 758 1181 894 642 482 651 1439 510 328 1010 634 1019 653 933 879 679 935 876 1046 1295 646 946 234 940 852 518 1046 1071 663 727 1124 857 742 948 669
612 602 658 162 323 815 149 115 283 112 587 450 1110 850 821 434 1188 224 223 487 1234 222 368 407 1050 1114 1042 511 623 1104 163 1106 655 695 955 863 1143 629 1032 0 715 1223 1133 564 1107 885 865 570 719 745 668 670 669 471 526 1097 1144 460 1094 450 590 839 715 1080 145 497 816 600 626 771 1294 445 605 1204 503 1134
718 575 1022 591 455 775 628 805 949 777 991 660 701 324 359 1099 661 521 889 1025 707 701 430 1016 688 753 515 721 987 577 852 745 628 233 594 774 617 834 505 715 0 697 1300 1013 580 601 770 1099 47 218 641 151 1137 336 1051 736 617 1054 733 1116 954 765 681 553 623 970 637 676 702 782 767 783 976 680 579 607
1016 789 1415 1100 964 1028 1136 1313 1457 1286 1244 1065 332 402 649 1530 515 1029 1364 1431 561 1210 939 1269 305 462 769 1085 1380 830 1361 455 842 759 459 1027 345 1087 758 1223 697 0 1553 1266 434 854 1023 1492 701 519 855 826 1390 844 1304 445 413 1307 442 1418 1332 1018 760 806 1132 1223 890 974 1000 1035 621 1189 1229 140 941 276
1524 1649 1492 1246 1407 790 1233 1130 1022 1050 604 1350 1557 1180 1418 1194 1517 1308 1057 1321 1563 1307 1452 771 1701 1690 1266 1423 1457 1135 1081 1682 1702 1376 1653 837 1473 526 1181 1133 1300 1553 0 626 1436 860 840 1404 1304 1122 1715 1428 751 1447 665 1673 1473 728 1670 855 1424 814 1740 1303 1229 704 790 1562 1538 745 1623 1279 590 1536 1550 1463
954 1079 922 676 838 503 664 560 461 480 158 781 1270 893 1131 699 1230 739 488 752 1276 737 883 190 1414 1403 979 854 887 848 512 1396 1132 1089 1366 551 1186 200 894 564 1013 1266 626 0 1149 573 553 834 1017 835 1145 1142 296 986 209 1386 1186 182 1383 293 855 527 1192 1017 659 99 504 992 969 459 1336 710 143 1250 980 1176
1062 835 1437 983 847 912 1020 1197 1341 1169 1127 1075 338 286 695 1491 169 913 1281 1440 282 1093 822 1152 444 428 652 1131 1402 714 1244 421 888 656 505 910 133 970 642 1107 580 434 1436 1149 0 737 906 1514 585 403 901 709 1274 727 1188 411 66 1190 408 1302 1369 902 806 690 1015 1107 774 1020 1046 919 342 1198 1113 418 987 257
1183 1040 1244 998 868 209 985 882 787 801 551 1095 858 481 719 1020 818 933 809 1073 864 1059 843 576 1002 991 567 1156 1209 436 833 984 1093 677 954 207 774 394 482 885 601 854 860 573 737 0 203 1156 605 423 1106 730 698 748 612 974 774 614 971 726 1176 199 1041 605 981 531 106 1141 1167 221 924 1031 537 838 1044 764
1256 1209 1224 978 1037 119 965 862 767 781 531 1082 1027 650 888 1000 988 1040 789 1053 1033 1039 1012 556 1172 1160 736 1155 1189 605 813 1153 1262 846 1123 44 943 374 651 865 770 1023 840 553 906 203 0 1136 774 592 1275 899 678 917 592 1143 943 594 1140 706 1156 70 1210 774 961 511 275 1294 1270 131 1093 1011 517 1007 1213 933
553 732 168 682 693 1086 669 566 553 486 857 484 1279 1257 1100 562 1595 743 396 101 1641 743 886 678 1218 1283 1449 452 225 1430 518 1275 746 990 1123 1133 1492 899 1439 570 1099 1492 1404 834 1514 1156 1136 0 1095 1152 759 965 939 990 796 1266 1496 730 1263 720 289 1109 883 1487 665 767 1086 591 567 1041 1701 334 875 1372 594 1461
714 571 1018 595 460 780 632 809 953 782 995 656 706 328 355 1104 666 525 893 1021 711 706 435 1020 685 749 520 717 983 581 857 742 624 229 590 778 621 838 510 719 47 701 1304 1017 585 605 774 1095 0 223 637 147 1142 340 1056 732 621 1058 729 1120 950 769 677 557 628 975 641 672 698 786 772 780 980 685 575 611
800 657 1075 621 485 598 658 835 979 807 813 713 524 146 337 1129 484 551 919 1078 530 731 460 838 666 657 338 774 1040 400 882 649 710 294 571 596 439 656 328 745 218 519 1122 835 403 423 592 1152 223 0 723 347 960 366 874 640 440 876 637 988 1007 588 659 376 653 793 460 758 784 605 590 837 799 503 661 430
282 95 682 548 472 1280 584 758 865 731 1169 409 641 829 462 874 978 521 708 758 1154 658 657 990 580 645 1020 352 647 1082 806 637 45 532 485 1279 854 1211 1010 668 641 855 1716 1146 901 1106 1275 759 637 723 0 507 1251 663 1108 628 859 1042 625 1032 599 1270 246 1058 580 1079 1142 241 266 1287 1214 505 1187 735 207 823
584 441 888 546 373 904 583 760 904 733 1120 526 615 453 225 991 790 512 825 892 836 656 436 1028 555 619 644 587 853 706 808 612 494 99 460 903 746 963 634 670 151 826 1428 1142 709 730 899 965 147 347 507 0 1266 442 1146 602 746 1080 599 1071 821 894 547 682 579 1099 766 543 568 911 896 650 1105 709 445 736
1059 1184 1027 781 942 628 768 665 406 585 173 885 1395 1017 1256 803 1355 844 592 857 1401 842 987 281 1539 1528 1104 958 992 973 617 1520 1237 1214 1491 675 1311 325 1019 669 1137 1390 751 296 1274 698 678 939 1142 960 1250 1266 0 1091 184 1511 1311 247 1508 239 960 651 1297 1141 764 268 628 1097 1073 583 1461 814 191 1374 1085 1301
712 597 913 348 420 923 384 561 705 534 1009 551 849 471 593 856 809 277 645 909 854 458 126 829 923 982 663 612 878 724 609 974 650 467 828 921 764 981 653 471 336 844 1447 986 727 748 917 990 340 366 663 442 1091 0 948 965 764 882 962 872 845 912 709 700 380 919 784 698 724 929 915 674 1027 828 601 754
916 1041 884 638 799 542 625 522 383 442 87 742 1309 931 1170 660 1269 700 449 713 1315 699 844 132 1453 1442 1018 815 849 886 473 1434 1094 1128 1393 589 1224 239 933 526 1051 1304 665 209 1188 612 592 796 1056 874 1107 1146 184 948 0 1425 1225 88 1422 215 816 565 1153 1055 621 161 542 954 930 497 1375 671 105 1288 942 1215
789 562 1189 977 901 1149 1013 1187 1294 1160 1364 838 152 523 423 1303 488 950 1137 1204 664 1087 965 1389 171 135 889 858 1154 951 1235 128 615 532 232 1147 365 1207 879 1097 736 445 1673 1386 411 974 1143 1266 732 640 628 602 1511 965 1425 0 369 1427 115 1461 1105 1139 534 927 1009 1344 1011 747 773 1156 724 962 1350 325 714 333
1020 793 1419 1020 884 949 1056 1233 1377 1206 1164 1069 296 322 653 1528 143 949 1317 1434 319 1130 859 1189 401 386 689 1089 1384 751 1281 378 846 693 463 947 91 1007 679 1144 617 413 1473 1186 66 774 943 1496 621 440 859 746 1311 764 1225 369 0 1227 366 1338 1336 939 764 665 1052 1144 811 978 1004 955 379 1192 1150 386 944 214
850 975 818 572 733 544 559 456 317 376 150 676 1311 934 1172 594 1272 635 383 648 1317 633 778 66 1422 1444 1020 749 783 889 408 1437 1028 1105 1327 592 1227 302 935 460 1054 1307 728 182 1190 614 594 730 1058 876 1041 1080 247 882 88 1427 1227 0 1424 150 751 568 1088 1058 555 95 545 888 864 500 1377 605 168 1291 876 1217
786 559 1186 974 898 1146 1010 1184 1291 1157 1361 835 149 520 420 1300 485 947 1134 1201 661 1084 962 1386 168 132 886 855 1151 948 1232 125 612 530 229 1144 362 1204 876 1094 733 442 1670 1383 408 971 1140 1263 729 637 625 599 1508 962 1422 115 366 1424 0 1458 1102 1136 531 924 1006 1341 1008 744 770 1153 721 959 1347 322 711 331
840 965 808 562 724 656 550 447 188 366 277 667 1423 1045 1222 585 1383 625 374 638 1428 623 769 177 1413 1477 1131 740 773 1000 398 1470 1018 1096 1318 703 1338 429 1046 450 1116 1418 855 293 1302 726 706 720 1120 988 1031 1071 239 872 215 1460 1338 150 1457 0 741 679 1078 1169 545 207 656 878 855 611 1489 596 295 1402 866 1329
392 572 211 625 549 1106 661 587 574 506 878 339 1118 1113 939 583 1451 598 417 366 1496 734 742 698 1058 1122 1305 292 176 1366 538 1115 586 846 963 1153 1331 920 1295 590 954 1332 1424 855 1369 1176 1156 289 950 1007 599 821 960 845 816 1105 1336 751 1102 741 0 1130 723 1342 656 788 1107 430 407 1062 1557 190 896 1212 434 1300
1229 1204 1197 951 1032 92 938 835 741 755 505 1056 1023 645 884 973 983 1014 763 1027 1029 1012 1007 530 1167 1156 731 1129 1162 600 787 1148 1257 841 1118 68 938 348 646 839 765 1018 814 527 902 199 70 1109 769 588 1270 894 651 912 565 1139 939 568 1136 679 1130 0 1206 769 934 484 249 1267 1244 105 1089 984 490 1002 1208 929
407 180 806 595 518 1216 631 805 912 777 1216 456 547 764 368 920 883 568 755 821 1059 704 704 1036 486 551 956 476 771 1018 852 543 233 478 391 1214 760 1258 946 715 681 760 1740 1193 806 1041 1210 883 677 659 246 547 1297 709 1154 534 764 1088 531 1079 723 1206 0 994 626 1126 1078 365 391 1223 1119 579 1234 640 331 728
1142 999 1416 963 827 786 999 1176 1237 1149 1001 1055 818 440 678 1470 543 892 1259 1420 447 1073 802 1026 962 951 113 1115 1381 324 1224 943 1052 636 913 784 732 844 241 1086 560 813 1310 1023 691 611 780 1494 564 383 1065 689 1148 707 1062 934 665 1064 931 1176 1349 776 1001 0 995 981 648 1100 1126 793 522 1178 987 797 1003 723
523 514 724 70 231 911 57 234 379 207 683 362 1022 759 730 529 1096 133 319 583 1142 99 276 503 961 1026 951 423 689 1012 282 1018 567 604 866 958 1052 725 940 145 623 1132 1229 659 1015 981 961 665 628 653 580 579 764 380 621 1009 1052 555 1006 545 656 934 626 988 0 593 911 512 538 866 1202 486 700 1115 415 1042
888 1012 855 610 771 461 597 494 374 413 132 714 1228 850 1089 632 1188 672 421 685 1234 670 816 104 1372 1361 937 787 820 805 445 1353 1066 1047 1323 508 1143 275 852 497 970 1223 704 99 1107 531 511 767 975 793 1078 1099 268 919 161 1344 1144 95 1341 207 788 484 1125 974 593 0 461 925 902 416 1294 643 150 1207 913 1134
1206 1076 1174 928 904 226 915 812 718 732 482 1032 895 517 756 950 855 970 740 1004 901 989 879 507 1039 1028 604 1105 1139 472 764 1020 1129 713 990 273 810 325 518 816 637 890 790 504 774 106 275 1086 641 460 1142 766 628 784 542 1011 811 545 1008 656 1107 249 1078 641 911 461 0 1177 1203 181 961 961 467 874 1080 801
63 214 514 480 404 1245 516 690 712 645 1016 256 760 864 581 721 1097 453 555 589 1247 590 597 837 699 764 1056 164 479 1117 676 756 228 568 605 1292 973 1058 1046 600 676 974 1563 993 1020 1141 1294 591 672 758 241 543 1098 698 955 747 978 889 744 879 430 1268 365 1093 512 926 1177 0 47 1200 1308 336 1034 854 122 942
72 240 490 506 430 1221 542 701 689 621 993 233 786 890 607 697 1122 479 531 566 1273 616 623 813 725 790 1081 141 455 1143 653 782 253 593 630 1268 999 1035 1071 626 702 1000 1539 970 1046 1167 1271 567 698 784 266 568 1074 724 931 773 1004 865 770 856 407 1244 391 1119 538 903 1203 47 0 1176 1333 313 1011 880 148 968
1161 1221 1129 883 1044 81 870 767 673 687 437 987 1040 662 900 905 1000 946 695 959 1045 944 1024 462 1184 1173 748 1060 1094 617 719 1165 1274 858 1135 128 955 280 663 771 782 1035 745 459 919 221 131 1041 786 605 1287 911 583 929 497 1156 955 500 1153 611 1062 105 1223 786 866 416 181 1199 1175 0 1106 916 422 1019 1187 946
1349 1148 1624 1170 1034 1099 1207 1384 1528 1356 1314 1262 626 473 886 1678 299 1100 1468 1628 103 1280 1009 1339 756 741 606 1323 1589 817 1432 734 1201 844 818 1097 446 1157 734 1294 767 621 1623 1336 342 924 1093 1701 772 590 1214 896 1461 915 1375 724 379 1377 721 1489 1557 1089 1119 522 1202 1294 961 1308 1333 1106 0 1386 1300 605 1210 531
299 467 257 454 378 962 490 442 430 362 734 168 975 942 796 438 1280 427 272 276 1325 563 571 554 914 979 1134 198 222 1195 394 971 492 675 819 1009 1188 776 1124 446 783 1189 1280 710 1198 1032 1012 334 780 837 505 650 815 674 672 962 1192 606 959 597 190 985 579 1171 486 644 962 336 313 917 1386 0 751 1069 340 1157
995 1120 963 717 879 467 705 601 462 521 55 822 1234 856 1095 739 1194 780 529 793 1240 778 924 211 1378 1367 942 895 928 811 553 1359 1173 1052 1329 514 1149 163 857 605 976 1229 590 143 1113 537 517 875 980 799 1186 1105 191 1027 105 1350 1150 168 1347 295 896 490 1233 980 700 150 467 1033 1010 422 1300 751 0 1213 1021 1140
896 669 1295 1083 947 1012 1120 1294 1401 1267 1227 945 212 386 529 1410 499 1013 1244 1310 545 1193 923 1253 185 342 752 965 1260 814 1342 334 722 639 339 1011 329 1070 742 1204 680 140 1536 1250 418 838 1007 1372 685 503 735 709 1374 828 1288 325 386 1291 322 1402 1212 1002 640 790 1115 1207 874 854 880 1019 605 1069 1213 0 820 197
164 180 517 383 307 1218 419 593 700 566 1004 244 727 767 548 709 1063 356 543 592 1150 493 500 824 666 731 959 187 482 1020 641 723 194 470 571 1217 940 1046 948 503 579 941 1551 981 987 1044 1213 594 575 661 207 445 1086 601 943 714 944 877 711 867 434 1208 331 996 415 914 1080 122 148 1188 1210 340 1022 820 0 909
984 757 1383 1010 874 939 1047 1224 1368 1196 1154 1033 217 312 618 1498 333 940 1308 1399 471 1120 849 1179 362 351 679 1053 1348 741 1271 343 810 683 427 937 210 997 669 1134 607 276 1463 1176 257 764 933 1461 611 430 823 736 1301 754 1215 333 214 1217 331 1329 1300 929 728 717 1042 1134 801 942 968 946 531 1157 1140 197 909 0
EOF