NAME : tsp_problem
TYPE : TSP
DIMENSION : 72
EDGE_WEIGHT_TYPE : EXPLICIT
EDGE_WEIGHT_FORMAT : FULL_MATRIX
EDGE_WEIGHT_SECTION
0 813 1003 938 621 1146 247 92 1376 701 998 428 986 741 566 1327 969 644 1296 180 580 974 299 220 724 947 520 440 400 829 761 1074 961 758 763 1021 605 1263 782 230 294 995 729 441 448 1096 961 499 997 1085 575 1233 312 933 899 264 787 452 946 1037 688 504 1162 319 947 540 390 897 150 989 716 528
813 0 269 161 559 739 870 857 766 550 1346 517 315 1156 1077 1674 598 647 686 738 349 514 621 778 416 170 935 510 591 1138 1175 476 1147 85 1177 286 535 714 94 746 616 1342 1143 502 537 725 1032 913 1116 1145 363 595 622 1175 122 683 370 591 276 1097 537 919 1184 609 170 954 626 1245 799 392 1131 942
1003 269 0 265 656 635 989 1063 570 648 1242 751 215 1275 1196 1570 592 658 490 971 583 508 854 1011 410 118 1054 608 688 1035 1295 373 1044 318 1296 51 632 610 327 980 849 1238 1085 599 771 697 928 1033 1012 1041 460 398 762 1071 303 916 364 688 192 993 635 1038 1080 706 273 1073 859 1141 1032 288 1250 1061
938 161 265 0 632 812 964 982 762 623 1419 643 311 1251 1171 1747 671 720 682 863 475 587 746 903 489 165 1029 583 664 1211 1270 549 1220 210 1272 282 608 787 220 872 741 1415 1238 575 663 798 1105 1008 1189 1218 436 590 737 1248 195 808 444 664 271 1170 610 1014 1257 682 43 1049 751 1318 924 465 1226 1037
621 559 656 632 0 940 606 680 1058 280 1149 707 639 892 813 1477 763 539 978 730 338 731 810 770 481 641 671 335 305 980 912 756 1112 587 913 674 144 993 611 780 805 1145 879 337 727 890 1111 650 1148 1235 305 915 379 1084 572 851 544 191 599 1188 267 655 1313 323 641 690 815 1048 739 671 867 679
1146 738 634 811 940 0 1131 1205 496 931 650 1219 539 734 1255 978 218 585 552 1256 989 303 1323 1296 486 725 920 750 830 442 774 341 451 787 712 623 915 242 796 1306 1317 646 492 742 1239 187 336 1017 420 449 667 536 904 479 751 1376 452 873 576 401 918 905 467 849 819 940 1328 549 1265 372 730 1046
247 870 989 964 606 1131 0 307 1361 687 984 605 971 727 367 1312 954 629 1281 357 566 959 476 397 709 973 505 425 385 814 746 1059 947 815 748 1006 590 1249 839 407 471 980 714 427 625 1081 946 484 983 1070 560 1218 298 919 904 478 773 437 932 1023 673 490 1147 304 973 525 589 883 366 974 702 513
92 857 1063 982 680 1205 307 0 1435 760 1058 472 1045 801 546 1386 1028 703 1355 239 639 1033 358 279 783 991 579 499 459 888 820 1133 1020 802 822 1080 664 1323 826 197 353 1054 788 501 492 1155 1020 558 1056 1144 634 1292 371 992 943 203 846 511 1005 1096 747 564 1221 378 991 599 329 957 88 1048 775 587
1376 766 570 762 1058 496 1361 1435 0 1049 1103 1248 475 1187 1568 1431 589 926 227 1468 1080 674 1351 1508 678 666 1373 980 1060 895 1227 397 904 816 1165 559 1033 471 825 1477 1346 1099 945 971 1268 558 789 1405 873 902 860 307 1134 932 791 1413 632 1089 511 854 1036 1358 941 1078 770 1393 1356 1002 1495 412 1183 1434
701 550 648 623 280 931 687 760 1049 0 1230 698 630 973 894 1558 754 581 969 811 329 722 801 851 472 632 752 444 425 1061 992 747 1193 578 994 665 255 985 602 861 796 1226 960 435 718 881 1192 731 1229 1316 296 906 440 1165 563 864 536 311 591 1269 49 736 1376 444 632 771 806 1129 820 662 948 759
998 1345 1241 1418 1149 650 984 1058 1103 1230 0 1356 1147 564 1085 367 825 1173 1160 1108 1109 911 1227 1148 1093 1332 750 969 928 228 604 949 248 1358 542 1231 1134 849 1382 1158 1221 96 322 970 1376 794 442 847 284 371 1104 1143 841 220 1358 1229 1060 980 1183 324 1217 735 448 847 1427 770 1340 132 1117 979 559 876
428 517 751 643 707 1220 605 472 1248 698 1356 0 797 1099 914 1684 1080 1002 1168 353 415 996 236 393 898 651 878 798 757 1187 1119 958 1319 463 1120 768 682 1195 487 362 231 1352 1086 799 132 1207 1318 857 1355 1442 723 1076 670 1291 603 298 852 738 757 1395 685 862 1520 676 651 897 241 1255 414 873 1074 885
986 315 215 311 639 540 971 1045 475 630 1147 797 0 1231 1178 1476 534 600 395 1017 629 450 900 1057 352 224 1036 590 670 940 1272 278 949 364 1210 204 614 515 373 1026 895 1144 990 582 817 602 833 1015 918 946 443 303 744 977 349 962 306 670 60 899 617 1020 985 689 319 1055 905 1046 1078 193 1227 1044
741 1156 1275 1251 892 734 727 801 1187 973 564 1099 1230 0 828 892 909 916 1244 851 852 994 970 891 995 1260 493 712 671 394 81 1032 526 1101 58 1292 877 933 1125 901 965 560 273 713 1119 878 526 590 562 650 847 1227 584 498 1191 972 1059 723 1218 603 960 478 727 590 1259 513 1083 463 860 1063 69 619
566 1083 1202 1178 820 1262 367 546 1575 900 1092 914 1185 835 0 1420 1168 843 1495 676 779 1173 795 716 923 1187 360 639 599 922 854 1273 1055 1029 856 1220 804 1461 1053 639 789 1088 822 640 934 1295 1054 317 1091 1178 774 1432 511 1027 1118 646 986 651 1145 1131 887 479 1256 518 1187 397 771 991 603 1188 810 346
1327 1673 1570 1746 1477 978 1312 1386 1431 1558 367 1684 1475 892 1413 0 1153 1501 1488 1436 1437 1239 1555 1476 1421 1660 1078 1297 1256 557 932 1277 576 1686 870 1559 1462 1178 1710 1487 1550 372 650 1298 1704 1122 770 1175 612 699 1432 1472 1169 548 1686 1557 1388 1308 1511 652 1545 1063 777 1176 1755 1098 1668 460 1446 1307 888 1204
969 598 592 671 763 218 954 1028 589 754 825 1080 534 909 1161 1153 0 407 646 1078 812 175 1183 1118 308 585 1019 573 653 617 949 435 626 647 887 609 738 335 656 1129 1178 821 667 564 1100 168 511 998 595 624 490 629 727 654 611 1199 275 695 535 576 741 1003 663 671 680 1038 1188 724 1087 465 905 1027
644 647 658 720 539 585 629 703 926 581 1173 1002 600 916 836 1501 407 0 846 753 638 460 872 794 370 651 694 248 328 984 935 624 993 696 937 675 524 702 706 804 867 1169 903 240 1022 535 877 673 962 991 316 783 402 1021 660 874 337 370 601 943 567 679 1030 347 729 714 985 1072 763 539 890 702
1296 686 490 682 978 552 1281 1355 227 969 1160 1168 395 1244 1488 1488 646 846 0 1388 1000 696 1271 1428 598 586 1346 900 980 952 1284 317 961 736 1222 479 953 528 745 1397 1266 1156 1002 891 1188 615 845 1325 930 958 780 227 1054 989 711 1333 552 1009 431 911 956 1330 997 998 690 1365 1276 1059 1414 332 1239 1354
180 738 971 863 730 1256 357 239 1468 811 1108 353 1017 851 676 1436 1078 753 1388 0 635 1083 223 63 833 872 630 550 509 939 871 1178 1071 683 872 988 715 1373 707 215 218 1104 838 551 373 1205 1070 609 1107 1194 685 1296 422 1043 824 267 897 561 977 1147 798 614 1272 428 871 649 337 1007 299 1093 826 637
580 349 583 475 338 989 566 639 1080 329 1109 415 629 852 773 1437 812 638 1000 635 0 780 518 675 530 483 631 466 426 940 871 790 1072 295 873 600 313 1027 319 644 513 1105 839 468 435 939 1071 609 1108 1195 354 908 318 1044 435 580 594 369 589 1148 316 615 1273 345 483 650 523 1008 696 705 827 638
974 514 508 587 731 303 959 1033 674 722 911 996 450 994 1166 1239 175 460 696 1083 780 0 1099 1123 276 501 1024 578 658 703 1035 475 712 564 973 526 706 421 573 1134 1094 907 753 570 1016 302 596 1003 681 709 458 634 732 740 527 1161 230 700 451 662 709 1008 748 677 596 1043 1104 809 1093 390 990 1032
299 621 854 746 810 1323 476 358 1351 801 1227 236 900 970 795 1555 1183 872 1271 223 518 1099 0 263 952 755 748 668 628 1057 989 1061 1189 566 991 871 785 1299 590 334 83 1223 957 670 256 1310 1189 727 1225 1313 803 1179 541 1161 707 315 955 680 861 1265 788 733 1390 547 754 768 258 1126 417 976 945 756
220 778 1011 903 770 1296 397 279 1508 851 1148 393 1057 891 716 1476 1118 794 1428 63 675 1123 263 0 873 912 670 590 549 979 911 1218 1111 723 912 1028 755 1413 747 255 258 1144 878 591 413 1246 1110 649 1147 1234 725 1336 462 1083 864 307 937 601 1017 1187 838 654 1312 469 911 689 377 1047 339 1133 866 677
724 416 410 489 481 486 709 783 678 472 1093 898 352 995 916 1421 308 370 598 833 530 276 952 873 0 403 774 328 408 885 1015 377 894 466 1016 428 456 603 475 884 947 1089 935 319 918 435 778 753 863 891 208 536 482 922 429 954 90 450 353 844 459 758 930 427 498 793 1006 992 843 292 970 782
947 170 118 165 641 725 973 991 666 632 1333 651 224 1260 1180 1661 585 651 586 872 483 501 755 912 403 0 1038 592 672 1125 1279 463 1134 219 1281 135 616 701 228 880 750 1329 1175 584 671 712 1018 1017 1103 1131 445 494 746 1162 204 817 357 673 185 1084 619 1023 1170 691 174 1058 760 1232 933 378 1234 1046
520 935 1054 1029 671 920 505 579 1373 752 750 878 1036 493 353 1078 1019 694 1346 630 631 1024 748 670 774 1038 0 490 450 581 513 1124 713 880 514 1071 655 1120 904 680 743 746 480 492 898 1064 712 115 749 837 625 1283 363 685 969 750 837 502 997 789 738 137 914 369 1038 55 862 649 639 1039 468 144
440 510 608 583 335 750 425 499 980 444 969 798 590 712 632 1297 573 248 900 550 466 578 668 590 328 592 490 0 124 799 731 678 931 560 733 625 320 868 569 600 663 965 699 46 818 700 931 469 967 1055 179 837 198 903 523 670 391 166 551 1007 431 475 1132 143 592 510 781 868 559 593 686 498
400 591 688 664 305 830 385 459 1060 425 928 757 670 671 592 1256 653 328 980 509 426 658 628 549 408 672 450 124 0 759 691 758 891 640 692 705 289 948 649 560 623 924 658 126 777 780 890 429 927 1015 259 917 158 863 603 630 472 136 631 967 412 434 1092 102 672 469 741 827 518 673 646 458
829 1137 1034 1210 980 442 814 888 895 1061 228 1187 939 394 916 557 617 984 952 939 940 703 1057 979 885 1124 581 799 759 0 435 741 152 1187 373 1023 964 642 1196 989 1052 224 153 801 1207 586 234 678 188 275 934 936 672 124 1150 1059 852 811 975 228 1047 565 353 678 1219 600 1171 127 948 771 390 707
761 1175 1295 1270 912 774 746 820 1227 992 604 1119 1271 81 848 932 949 935 1284 871 871 1035 989 911 1015 1279 513 731 691 435 0 1073 567 1121 102 1312 896 974 1145 921 984 600 313 733 1139 918 566 610 603 690 866 1268 603 539 1210 991 1078 743 1237 643 979 497 768 610 1279 532 1102 503 880 1103 89 639
1212 614 510 687 894 301 1197 1271 383 885 909 1096 415 992 1404 1237 394 761 440 1316 928 480 1199 1356 514 601 1179 816 896 701 1033 0 710 663 971 499 869 276 672 1325 1194 905 751 807 1116 363 594 1241 679 707 696 423 970 738 627 1261 468 925 452 660 872 1163 746 915 696 1198 1204 808 1331 248 988 1270
961 1146 1043 1219 1112 451 947 1020 904 1193 248 1319 948 526 1048 576 626 993 961 1071 1072 712 1189 1111 894 1133 713 931 891 152 567 750 0 1196 505 1032 1096 651 1205 1121 1184 244 285 933 1339 595 270 810 87 174 1067 945 804 45 1159 1192 861 943 984 127 1180 697 252 810 1228 732 1303 147 1080 780 522 839
758 85 318 210 587 788 815 802 816 578 1358 463 364 1101 1022 1686 647 696 736 683 295 564 566 723 466 219 880 560 640 1187 1121 525 1197 0 1122 336 562 763 54 692 561 1354 1088 551 483 775 1081 859 1165 1194 412 644 568 1224 171 628 420 618 325 1146 565 864 1233 594 219 899 571 1257 744 441 1076 888
763 1177 1296 1272 913 712 748 822 1165 994 542 1120 1209 58 849 870 887 937 1222 872 873 973 991 912 1016 1281 514 733 692 373 102 1011 505 1122 0 1293 898 911 1146 923 986 538 251 734 1140 856 504 611 541 628 868 1206 605 477 1212 993 1080 744 1239 581 981 499 706 612 1281 534 1104 441 882 1041 91 640
1021 286 51 282 674 624 1006 1080 559 665 1231 768 204 1292 1213 1560 609 675 479 988 600 526 871 1028 428 135 1071 625 705 1024 1312 362 1033 336 1294 0 649 599 345 997 866 1228 1074 616 788 686 917 1050 1002 1030 478 387 779 1061 320 933 382 705 209 983 652 1055 1069 723 290 1090 876 1130 1049 277 1267 1079
605 535 632 608 144 915 590 664 1033 255 1134 682 614 877 797 1462 738 524 953 715 313 706 785 755 456 616 655 320 289 964 896 731 1096 562 898 649 0 969 586 765 780 1130 864 321 702 865 1096 634 1132 1220 281 890 363 1068 547 835 520 176 575 1172 242 640 1297 308 616 675 791 1033 724 647 852 663
1359 809 705 882 1088 338 1344 1418 567 1080 853 1290 610 1029 1550 1181 431 798 623 1469 1122 516 1393 1509 699 795 1215 963 1043 737 1069 412 746 858 1007 694 1064 0 867 1519 1388 849 787 955 1310 400 631 1312 715 744 880 607 1117 774 821 1456 663 1086 646 696 1066 1200 783 1062 890 1235 1399 841 1478 442 1025 1341
782 94 327 220 611 797 839 826 825 602 1382 487 373 1125 1046 1710 656 706 745 707 319 573 590 747 475 228 904 569 649 1197 1145 535 1206 54 1146 345 586 772 0 716 585 1378 1112 560 507 784 1090 883 1175 1203 421 653 592 1233 180 652 429 642 334 1155 589 888 1242 618 228 923 595 1281 768 450 1100 912
230 746 980 872 780 1306 407 197 1477 861 1158 362 1026 901 639 1487 1129 804 1397 215 644 1134 334 255 884 880 680 600 560 989 921 1187 1121 692 923 997 765 1423 716 0 329 1154 888 601 382 1256 1120 659 1157 1245 735 1305 472 1093 832 93 947 612 986 1197 848 664 1322 479 880 699 218 1057 139 1102 876 688
294 616 849 741 805 1318 471 353 1346 796 1221 231 895 965 789 1550 1178 867 1266 218 513 1094 83 258 947 750 743 663 623 1052 984 1056 1184 561 986 866 780 1294 585 329 0 1218 952 664 251 1305 1184 722 1220 1308 798 1174 535 1156 702 310 950 675 855 1260 783 727 1385 542 749 763 253 1120 412 971 939 751
995 1341 1237 1414 1145 646 980 1054 1099 1226 96 1352 1143 560 1081 372 821 1169 1156 1104 1105 907 1223 1144 1089 1328 746 965 924 224 600 945 244 1354 538 1227 1130 845 1378 1154 1218 0 318 966 1372 790 438 843 280 367 1100 1140 837 216 1354 1225 1056 976 1179 320 1213 731 444 844 1423 766 1336 128 1113 975 556 872
729 1143 1084 1238 879 492 714 788 945 960 322 1086 989 273 815 650 667 903 1002 838 839 753 957 878 935 1174 480 699 658 153 313 791 285 1088 251 1073 864 692 1112 888 952 318 0 700 1106 636 284 577 321 409 834 986 571 257 1178 959 902 710 1025 361 947 465 486 578 1246 500 1070 221 847 821 269 606
441 502 599 575 337 742 427 501 971 435 970 799 582 713 634 1298 564 240 891 551 468 570 670 591 319 584 492 46 126 801 733 670 933 551 734 616 321 859 560 601 664 966 700 0 819 692 932 471 969 1056 171 829 200 905 515 672 383 168 542 1009 422 476 1134 144 584 511 783 869 560 585 688 499
448 537 771 663 727 1240 625 492 1268 718 1376 132 817 1119 934 1704 1100 1022 1188 373 435 1016 256 413 918 671 898 818 777 1207 1139 978 1339 483 1140 788 702 1215 507 382 251 1372 1106 819 0 1227 1338 877 1375 1462 743 1096 690 1311 623 318 872 758 777 1415 705 882 1540 696 671 917 261 1275 434 893 1094 905
1096 725 696 798 890 187 1081 1155 558 881 794 1207 601 878 1288 1122 168 535 615 1205 939 302 1310 1246 435 712 1064 700 780 586 918 403 595 775 856 685 865 304 784 1256 1305 790 636 692 1227 0 480 1125 564 593 617 598 854 623 738 1326 402 822 638 545 868 1049 632 799 807 1084 1315 693 1215 434 874 1154
961 1031 927 1104 1111 336 946 1020 789 1192 442 1318 832 526 1047 770 511 877 845 1070 1071 596 1189 1110 778 1017 712 931 890 234 566 634 270 1080 504 916 1096 535 1089 1120 1184 438 284 932 1338 480 0 809 239 317 960 829 803 302 1043 1191 745 942 868 270 1179 697 394 809 1112 732 1302 341 1079 664 522 838
499 913 1033 1008 650 1017 484 558 1405 731 847 857 1015 590 310 1175 998 673 1325 609 609 1003 727 649 753 1017 115 469 429 678 610 1103 810 859 611 1050 634 1217 883 659 722 843 577 471 877 1125 809 0 846 934 604 1262 341 782 948 729 816 481 975 886 717 225 1011 348 1017 152 840 746 618 1018 565 101
997 1115 1012 1188 1148 420 983 1056 873 1229 284 1355 917 562 1084 612 595 962 930 1107 1108 681 1225 1147 863 1102 749 967 927 188 603 719 87 1165 541 1001 1132 620 1174 1157 1220 280 321 969 1375 564 239 846 0 210 1044 914 840 81 1128 1228 830 979 953 163 1216 733 288 846 1197 769 1339 183 1116 749 558 875
1085 1144 1040 1217 1235 449 1070 1144 902 1316 371 1442 945 650 1171 699 624 991 958 1194 1195 709 1313 1234 891 1131 837 1055 1015 275 690 747 174 1193 628 1029 1220 648 1202 1245 1308 367 409 1056 1462 593 317 934 210 0 1073 942 927 169 1157 1315 858 1067 981 70 1303 821 133 934 1225 856 1426 270 1204 777 646 962
575 363 460 436 305 667 560 634 860 296 1104 723 443 847 767 1432 490 316 780 685 354 458 803 725 208 445 625 179 259 934 866 558 1067 412 868 478 281 784 421 735 798 1100 834 171 743 617 960 604 1044 1073 0 717 333 1039 376 805 271 302 403 1025 283 610 1112 278 445 645 832 1003 694 473 822 633
1233 595 398 590 915 536 1218 1292 307 906 1143 1076 303 1227 1425 1472 629 783 227 1296 908 634 1179 1336 536 494 1283 837 917 936 1268 300 945 644 1206 387 890 511 653 1305 1174 1140 986 829 1096 598 829 1262 914 942 717 0 991 973 628 1242 490 947 339 895 893 1268 981 936 599 1303 1185 1042 1352 315 1223 1291
312 622 762 737 379 904 298 371 1134 440 841 670 744 584 505 1169 727 402 1054 422 318 732 541 462 482 746 363 198 158 672 603 832 804 568 605 779 363 1022 592 472 535 837 571 200 690 854 803 341 840 927 333 991 0 776 677 543 545 210 704 880 426 347 1005 77 746 382 654 740 431 747 559 370
933 1174 1071 1247 1084 479 919 992 932 1165 220 1291 976 498 1020 548 654 1021 989 1043 1044 740 1161 1083 922 1161 685 903 863 124 539 778 45 1223 477 1060 1068 679 1233 1093 1156 216 257 905 1311 623 302 782 81 169 1039 973 776 0 1187 1164 889 915 1012 121 1152 669 246 782 1256 705 1275 119 1052 808 494 811
899 122 303 195 572 752 904 943 791 563 1359 603 349 1191 1111 1687 611 660 711 824 435 527 707 864 429 204 969 523 603 1151 1210 489 1160 171 1212 320 547 727 180 832 702 1355 1178 515 623 738 1044 948 1129 1157 376 628 677 1188 0 769 383 604 310 1110 550 954 1196 622 203 989 712 1258 885 404 1166 977
264 683 916 808 851 1376 478 203 1413 864 1229 298 962 972 646 1557 1199 874 1333 267 580 1161 315 307 954 817 750 670 630 1059 991 1123 1192 628 993 933 835 1361 652 93 310 1225 959 672 318 1326 1191 729 1228 1315 805 1242 543 1164 769 0 1018 682 923 1268 850 735 1392 549 817 770 155 1128 145 1039 947 758
787 370 364 444 544 452 773 846 632 536 1060 852 306 1059 980 1388 275 337 552 897 594 230 955 937 90 357 837 391 472 852 1078 331 861 420 1080 382 520 568 429 947 950 1056 902 383 872 402 745 816 830 858 271 490 545 889 383 1018 0 514 307 811 523 822 897 490 452 857 960 959 906 246 1034 845
452 591 688 664 191 873 437 511 1089 311 980 738 670 723 644 1308 695 370 1009 561 369 700 680 601 450 673 502 166 136 811 743 787 943 618 744 705 176 990 642 612 675 976 710 168 758 822 942 481 979 1067 302 947 210 915 604 682 514 0 631 1019 298 486 1144 155 672 521 793 879 571 703 698 510
946 276 192 271 599 576 932 1005 511 591 1184 757 60 1218 1139 1512 535 601 431 977 589 451 861 1017 353 185 997 551 631 976 1237 314 985 325 1239 209 575 552 334 986 855 1180 1026 542 777 639 869 975 954 982 403 339 704 1013 310 923 307 631 0 935 577 981 1021 649 280 1016 866 1083 1039 229 1193 1004
1037 1096 993 1169 1188 401 1023 1096 854 1269 324 1395 898 603 1124 652 576 943 911 1147 1148 662 1265 1187 844 1083 789 1007 967 228 643 700 127 1145 581 982 1172 600 1155 1197 1260 320 361 1009 1415 545 270 886 163 70 1025 895 880 121 1109 1268 811 1019 934 0 1256 773 147 886 1178 809 1379 223 1156 730 598 915
688 537 635 610 267 918 673 747 1036 49 1217 685 617 960 880 1545 741 567 956 798 316 709 788 838 459 619 738 431 412 1047 979 734 1180 565 981 652 242 972 589 848 783 1213 947 422 705 868 1179 717 1216 1303 283 893 426 1152 550 850 523 298 577 1256 0 723 1363 430 619 758 793 1116 807 649 935 746
504 919 1038 1014 655 905 490 564 1358 736 735 862 1020 478 472 1063 1003 679 1330 614 615 1008 733 654 758 1023 137 475 434 565 497 1108 697 864 499 1055 640 1104 888 664 727 731 465 476 882 1049 697 225 733 821 610 1268 347 669 954 735 822 486 981 773 723 0 898 353 1022 156 846 634 623 1024 452 197
1162 1183 1079 1256 1313 467 1147 1221 941 1376 448 1520 984 727 1249 777 663 1030 997 1272 1273 748 1390 1312 930 1170 914 1132 1092 353 768 786 252 1232 706 1068 1297 687 1241 1322 1385 444 486 1134 1540 632 394 1011 288 133 1112 981 1005 246 1196 1392 897 1144 1020 147 1363 898 0 1011 1264 933 1504 347 1281 816 723 1040
319 609 706 682 323 849 304 378 1078 444 847 676 689 590 511 1176 671 347 998 428 345 677 547 469 427 691 369 143 102 678 610 777 810 594 612 723 308 966 618 479 542 844 578 144 696 799 809 348 846 934 278 936 77 782 622 549 490 155 649 886 430 353 1011 0 691 389 660 746 438 692 565 377
947 170 273 43 641 820 973 991 770 632 1428 651 319 1259 1180 1756 680 729 690 871 483 596 754 911 498 174 1038 592 672 1220 1279 558 1229 219 1281 290 616 795 228 880 749 1424 1246 584 671 807 1113 1017 1198 1226 445 599 746 1257 203 817 452 672 280 1179 619 1022 1265 691 0 1057 760 1326 933 473 1234 1046
540 954 1073 1049 690 940 525 599 1393 771 770 897 1055 513 390 1098 1038 714 1365 649 650 1043 768 689 793 1058 55 510 469 600 532 1144 732 899 534 1090 675 1139 923 699 763 766 500 511 917 1084 732 152 769 856 645 1303 382 705 989 770 857 521 1016 809 758 156 933 389 1057 0 881 669 658 1059 488 181
390 626 859 751 815 1329 589 329 1356 806 1340 241 905 1083 771 1668 1188 985 1276 337 523 1104 258 377 1006 760 862 781 741 1171 1102 1066 1303 571 1104 876 791 1304 595 218 253 1336 1070 783 261 1315 1302 840 1339 1426 832 1185 654 1275 712 155 960 793 866 1379 793 846 1504 660 760 881 0 1239 271 981 1058 869
897 1244 1140 1317 1048 549 883 957 1002 1129 132 1255 1046 463 984 460 724 1072 1059 1007 1008 809 1126 1047 992 1231 649 868 827 127 503 848 147 1257 441 1130 1033 748 1281 1057 1120 128 221 869 1275 693 341 746 183 270 1003 1042 740 119 1257 1128 959 879 1082 223 1116 634 347 746 1326 669 1239 0 1016 878 458 775
150 799 1032 924 739 1265 366 88 1495 820 1117 414 1078 860 603 1446 1087 763 1414 299 696 1093 417 339 843 933 639 559 518 948 880 1193 1080 744 882 1049 724 1382 768 139 412 1113 847 560 434 1215 1079 618 1116 1204 694 1352 431 1052 885 145 906 571 1039 1156 807 623 1281 438 933 658 271 1016 0 1108 835 647
989 392 288 465 671 372 974 1048 412 662 980 873 193 1064 1181 1308 466 539 332 1093 705 390 976 1133 292 378 1039 593 673 772 1104 110 781 441 1042 277 647 348 450 1102 971 976 822 585 893 435 665 1018 750 778 473 315 747 809 404 1039 246 703 229 731 649 1024 817 692 473 1059 981 879 1108 0 1059 1047
716 1131 1250 1226 867 730 702 775 1183 948 559 1074 1226 69 803 888 905 890 1239 826 827 990 945 866 970 1234 468 686 646 390 89 1028 522 1076 91 1267 852 929 1100 876 939 556 269 688 1094 874 522 565 558 646 822 1223 559 494 1166 947 1034 698 1193 598 935 452 723 565 1234 488 1058 458 835 1059 0 594
528 942 1061 1037 679 1046 513 587 1434 759 876 885 1044 619 339 1204 1027 702 1354 637 638 1032 756 677 782 1046 144 498 458 707 639 1132 839 888 640 1079 663 1245 912 688 751 872 606 499 905 1154 838 101 875 962 633 1291 370 811 977 758 845 510 1004 915 746 197 1040 377 1046 181 869 775 647 1047 594 0
EOF