NAME : tsp_problem
TYPE : TSP
DIMENSION : 26
EDGE_WEIGHT_TYPE : EXPLICIT
EDGE_WEIGHT_FORMAT : FULL_MATRIX
EDGE_WEIGHT_SECTION
0 755 486 727 1302 1010 512 977 420 673 806 841 676 1284 889 998 381 2616 1001 674 1288 1379 567 1344 183 1075
755 0 625 866 1564 986 1156 1162 761 812 945 259 1091 1423 865 1137 428 2915 1140 813 1497 1640 544 1685 632 1214
486 625 0 490 1188 879 886 786 492 436 569 775 821 1046 662 761 250 2539 764 437 1121 1264 437 1415 362 838
727 866 490 0 728 912 864 326 576 95 548 1016 671 587 641 301 492 2079 742 257 661 804 678 1081 604 817
1302 1564 1188 728 0 1611 1178 440 997 793 1246 1715 848 511 1340 496 1190 1376 1441 956 355 102 1376 432 1179 1515
1010 986 879 912 1611 0 1411 1209 1016 859 699 1137 1345 1469 310 1184 683 2961 894 860 1544 1687 644 1940 887 661
512 1156 887 842 1181 1411 0 940 510 908 1207 1242 367 1282 1290 997 782 2495 1402 1070 1252 1257 969 1223 660 1476
979 1162 786 326 440 1209 962 0 674 392 844 1313 769 380 938 95 788 1791 1039 554 373 516 975 793 856 1113
420 761 492 573 997 1016 509 671 0 639 812 847 444 1013 895 728 387 2311 1007 680 982 1073 573 1039 297 1081
673 812 436 95 793 859 930 392 641 0 494 963 737 652 588 367 438 2144 689 204 726 870 624 1146 550 763
806 945 569 548 1246 699 1207 844 812 494 0 1095 1141 1104 428 819 571 2597 346 495 1179 1322 757 1599 683 421
841 259 775 1016 1715 1137 1241 1313 847 963 1095 0 1176 1573 1016 1288 579 3043 1290 964 1648 1791 694 1771 718 1365
676 1091 822 671 851 1346 367 769 445 737 1142 1177 0 1111 1225 826 717 2165 1337 899 1080 928 903 893 627 1411
1284 1423 1046 587 511 1469 1304 380 1016 652 1104 1573 1111 0 1198 312 1048 1862 1299 814 268 588 1235 864 1160 1374
889 865 662 641 1340 310 1289 938 895 588 428 1016 1224 1198 0 913 562 2690 623 589 1273 1416 522 1692 765 650
998 1137 761 301 496 1184 1019 95 731 367 819 1288 826 312 913 0 763 1847 1014 529 393 573 950 849 875 1088
381 428 250 492 1190 683 782 788 387 438 571 579 716 1048 562 763 0 2541 766 439 1123 1266 240 1311 258 840
2514 2855 2502 2042 1340 2925 2390 1754 2208 2108 2560 2940 2060 1826 2654 1811 2481 0 2755 2270 1669 1293 2667 1580 2391 2829
1001 1140 764 742 1441 894 1401 1039 1007 689 346 1290 1336 1299 623 1014 766 2791 0 690 1374 1517 952 1794 878 373
674 813 437 257 956 860 1075 554 680 204 495 964 899 814 589 529 439 2306 690 0 889 1032 625 1309 551 764
1291 1497 1121 661 355 1544 1273 373 985 726 1179 1648 1080 268 1273 393 1123 1705 1374 889 0 431 1309 707 1167 1448
1378 1640 1264 804 102 1687 1254 516 1073 870 1322 1791 924 588 1416 573 1266 1330 1517 1032 431 0 1453 485 1255 1591
567 544 437 678 1376 644 968 975 573 624 757 694 903 1235 522 950 240 2727 952 625 1309 1453 0 1497 444 1026
1343 1684 1415 1081 432 1939 1219 793 1038 1146 1599 1770 890 864 1692 849 1310 1616 1794 1309 707 485 1497 0 1220 1868
183 632 362 604 1179 887 660 853 297 550 683 718 626 1160 765 875 258 2493 878 551 1165 1255 444 1221 0 952
1075 1214 838 817 1515 661 1476 1113 1081 763 421 1365 1411 1374 650 1088 840 2866 373 764 1448 1591 1026 1868 952 0
EOF