NAME : tsp_problem
TYPE : TSP
DIMENSION : 36
EDGE_WEIGHT_TYPE : EXPLICIT
EDGE_WEIGHT_FORMAT : FULL_MATRIX
EDGE_WEIGHT_SECTION
0 155 619 795 693 1404 143 919 1287 629 260 208 1187 266 1168 1514 1069 1620 576 730 1333 487 1569 408 214 265 1608 963 492 699 1431 363 1658 1412 1078 571
155 0 502 855 753 1465 203 980 1347 511 142 90 1247 326 1228 1575 1130 1680 458 790 1393 547 1630 468 97 148 1668 1023 552 582 1491 423 1718 1472 1138 632
619 502 0 633 531 1243 668 757 1125 54 402 441 1025 791 1006 1353 907 1458 288 935 1171 831 1407 453 491 408 1446 801 822 125 1269 515 1496 1250 916 777
795 855 633 0 127 640 788 474 522 642 836 875 422 831 715 750 596 855 777 760 568 841 805 462 915 842 843 198 832 713 666 525 893 823 313 786
693 753 531 127 0 736 686 372 619 540 734 773 519 729 621 846 522 952 675 658 665 738 901 360 812 740 940 295 729 611 762 423 990 865 410 684
1404 1465 1243 640 736 0 1398 1084 896 1252 1446 1485 312 1441 1089 367 970 918 1387 1370 158 1450 598 1072 1524 1452 827 525 1441 1323 329 1135 787 1197 534 1396
143 203 668 788 686 1398 0 912 1280 677 308 256 1180 259 1161 1508 1062 1613 625 723 1326 480 1563 401 263 314 1601 956 485 748 1424 356 1651 1405 1071 565
919 980 757 474 372 1084 912 0 691 767 961 1000 866 956 316 1163 217 871 902 516 1013 804 1165 587 1039 967 860 643 795 837 1079 650 910 560 758 555
1287 1347 1125 522 619 896 1280 694 0 1135 1329 1368 678 1323 622 901 503 762 1269 1143 825 1333 956 955 1407 1334 750 535 1324 1205 817 1017 800 730 650 1182
629 511 54 642 540 1252 677 767 1135 0 412 451 1034 801 1016 1362 917 1468 278 945 1181 841 1417 462 501 417 1456 811 831 115 1278 525 1506 1260 926 786
260 142 402 836 734 1446 308 961 1329 412 0 82 1228 432 1210 1556 1111 1662 359 895 1375 652 1611 573 132 48 1650 1005 657 482 1472 528 1700 1454 1120 737
208 90 441 875 773 1485 256 1000 1368 451 82 0 1267 380 1249 1595 1150 1701 398 844 1414 600 1650 521 80 87 1689 1044 605 521 1511 476 1739 1493 1159 685
1187 1247 1025 422 519 312 1180 866 678 1034 1228 1267 0 1223 871 353 752 894 1169 1152 249 1233 574 854 1306 1234 803 307 1223 1105 315 917 763 979 316 1178
266 326 791 831 729 1441 259 956 1323 801 432 380 1223 0 1204 1551 1106 1656 748 706 1369 404 1606 444 386 437 1644 999 409 871 1467 399 1694 1448 1114 548
1168 1228 1006 712 621 1086 1161 316 619 1016 1210 1249 868 1204 0 1091 145 800 1151 765 1015 1053 1093 836 1288 1216 788 725 1044 1086 1007 899 838 488 840 804
1514 1575 1353 750 846 367 1508 1165 901 1362 1556 1595 353 1551 1094 0 974 720 1497 1480 420 1560 400 1182 1634 1562 629 635 1551 1433 120 1245 589 1201 644 1506
1069 1130 907 593 522 967 1062 217 500 917 1111 1150 749 1106 145 972 0 681 1052 666 895 954 974 737 1189 1117 669 606 945 987 888 800 719 369 721 705
1617 1677 1455 852 949 918 1610 871 759 1464 1658 1697 894 1653 799 720 680 0 1599 1320 971 1609 433 1284 1736 1664 128 864 1599 1535 636 1347 177 754 979 1359
576 458 288 777 675 1387 625 902 1269 278 359 398 1169 748 1151 1497 1052 1602 0 1080 1315 969 1552 597 448 364 1591 945 966 192 1413 660 1640 1394 1060 921
730 790 935 760 658 1370 723 516 1140 945 895 844 1152 706 765 1480 666 1320 1080 0 1299 503 1535 558 850 901 1309 929 494 1015 1396 457 1359 1009 1044 254
1333 1393 1171 568 665 158 1326 1013 825 1181 1375 1414 249 1369 1017 420 898 971 1315 1299 0 1379 651 1001 1453 1380 880 454 1370 1251 382 1063 840 1125 462 1325
487 547 831 841 738 1450 480 804 1333 841 652 600 1233 404 1053 1560 954 1609 969 503 1379 0 1615 454 607 658 1597 1009 42 911 1477 361 1647 1297 1124 345
1569 1630 1407 805 901 598 1563 1165 956 1417 1611 1650 574 1606 1093 400 974 433 1552 1535 651 1615 0 1237 1689 1617 342 690 1606 1487 317 1300 302 1047 698 1561
408 468 453 462 360 1072 401 587 955 462 573 521 854 444 836 1182 737 1288 597 558 1001 454 1237 0 528 579 1276 631 445 533 1098 138 1326 1080 746 400
214 97 491 915 812 1524 263 1039 1407 501 132 80 1306 386 1288 1634 1189 1740 448 850 1453 607 1689 528 0 137 1728 1083 612 571 1550 483 1778 1532 1198 691
265 148 408 842 740 1452 314 967 1334 417 48 87 1234 437 1216 1562 1117 1667 364 901 1380 658 1617 579 137 0 1656 1010 663 488 1478 534 1705 1459 1125 743
1605 1665 1443 840 937 827 1598 859 747 1453 1647 1686 803 1641 788 629 668 128 1587 1308 880 1597 342 1273 1725 1652 0 853 1588 1523 545 1335 86 742 927 1348
963 1023 801 198 295 525 956 643 535 811 1005 1044 307 999 728 635 608 868 945 929 454 1009 690 631 1083 1010 856 0 1000 881 551 693 879 835 137 955
492 552 822 832 729 1441 485 795 1324 831 657 605 1223 409 1044 1551 945 1600 966 494 1370 42 1606 445 612 663 1588 1000 0 902 1467 352 1638 1288 1115 335
699 582 125 713 611 1323 748 837 1205 115 482 521 1105 871 1086 1433 987 1538 192 1015 1251 911 1487 533 571 488 1526 881 902 0 1349 596 1576 1330 996 857
1431 1491 1269 666 762 329 1424 1081 817 1278 1472 1511 315 1467 1010 120 891 636 1413 1396 382 1477 317 1098 1550 1478 545 551 1467 1349 0 1161 505 1118 560 1422
363 423 515 525 423 1135 356 650 1017 525 528 476 917 399 899 1245 800 1350 660 457 1063 361 1300 138 483 534 1338 693 352 596 1161 0 1388 1142 808 299
1655 1715 1493 890 987 787 1648 909 797 1502 1696 1735 763 1691 837 589 718 177 1637 1358 840 1647 302 1322 1775 1702 86 879 1638 1573 505 1385 0 792 887 1397
1413 1473 1251 801 866 1175 1406 560 708 1260 1454 1493 957 1449 489 1180 369 757 1395 1009 1103 1298 1050 1080 1533 1460 745 814 1289 1331 1096 1143 795 0 929 1049
1078 1138 916 313 410 534 1071 758 650 926 1120 1159 316 1114 843 644 723 983 1060 1044 462 1124 698 746 1198 1125 927 137 1115 996 560 808 887 950 0 1070
571 632 777 786 684 1396 565 555 1179 786 737 685 1178 548 804 1506 705 1360 921 254 1325 345 1561 400 691 743 1348 955 335 857 1422 299 1398 1048 1070 0
EOF