NAME : tsp_problem
TYPE : TSP
DIMENSION : 30
EDGE_WEIGHT_TYPE : EXPLICIT
EDGE_WEIGHT_FORMAT : FULL_MATRIX
EDGE_WEIGHT_SECTION
0 1376 1441 968 1285 1260 1343 501 894 1512 756 572 1240 1326 1125 1286 1400 1475 1272 1605 853 1071 1329 1035 924 1346 1016 1312 99 349
1376 0 97 1342 2484 175 880 1237 1484 436 1100 977 646 668 515 763 292 683 647 262 1443 755 448 973 1269 689 1185 372 1332 1549
1441 97 0 1407 2550 240 945 1302 1550 501 1166 1042 712 671 581 829 358 749 712 266 1509 820 451 1039 1334 692 1250 438 1397 1614
971 1342 1407 0 1773 1226 998 964 466 1375 478 784 895 1292 1091 941 1330 1130 928 1571 425 833 1295 556 646 1312 261 1205 946 779
1248 2448 2513 1668 0 2332 2391 1626 1594 2584 1822 1644 2288 2398 2197 2334 2472 2523 2321 2677 1553 2143 2401 1949 1991 2418 1913 2384 1223 1152
1260 175 240 1226 2368 0 739 1121 1368 361 984 861 506 600 399 623 249 543 507 405 1327 639 591 857 1153 621 1069 232 1216 1433
1343 880 945 997 2451 739 0 1203 1186 743 954 943 262 975 775 309 697 310 295 1111 1145 459 979 571 1123 996 782 572 1298 1499
501 1237 1302 964 1662 1121 1203 0 1106 1372 722 433 1100 1186 986 1146 1261 1336 1133 1466 1065 932 1190 1001 890 1207 982 1172 422 727
897 1484 1550 466 1699 1368 1189 1106 0 1566 620 926 1086 1434 1233 1132 1509 1321 1119 1713 265 1024 1438 747 788 1455 711 1396 872 705
1512 436 501 1374 2620 361 743 1372 1563 0 1236 1112 509 852 651 626 253 546 510 667 1522 836 852 948 1404 873 1160 235 1467 1684
756 1100 1166 478 1864 984 957 722 620 1236 0 542 854 1050 849 900 1125 1089 887 1329 579 793 1053 515 220 1071 496 1036 712 929
572 977 1042 784 1681 861 943 433 926 1112 542 0 840 926 725 886 1001 1076 873 1205 885 672 930 821 710 947 802 912 528 745
1240 646 712 894 2348 506 262 1100 1083 509 851 840 0 872 672 146 464 265 62 877 1042 356 876 468 1020 893 679 339 1195 1396
1326 668 671 1292 2434 600 975 1186 1434 852 1050 926 872 0 392 918 741 1000 905 520 1393 704 245 923 1218 161 1134 652 1281 1498
1125 515 581 1091 2233 399 775 986 1233 651 849 725 672 392 0 718 540 799 704 671 1192 503 395 722 1017 412 933 451 1081 1298
1286 763 829 940 2394 623 309 1146 1129 626 897 886 146 918 718 0 581 382 179 994 1088 402 922 514 1066 939 725 456 1241 1442
1400 292 358 1329 2509 249 697 1261 1509 253 1125 1001 464 741 540 581 0 501 465 523 1468 779 709 903 1293 761 1114 190 1356 1573
1475 683 749 1129 2583 543 310 1336 1318 546 1087 1076 265 1000 799 382 501 0 265 914 1278 591 1004 703 1255 1021 915 376 1431 1631
1272 647 712 927 2381 507 295 1133 1116 510 884 873 62 905 704 179 465 265 0 878 1075 389 909 501 1052 926 712 339 1228 1429
1605 262 266 1571 2713 405 1111 1466 1713 667 1329 1205 877 520 671 994 523 914 878 0 1672 984 301 1202 1498 541 1414 603 1561 1778
857 1443 1509 425 1658 1327 1148 1065 265 1525 579 885 1045 1393 1192 1091 1468 1280 1078 1672 0 983 1397 706 748 1414 670 1355 832 664
1071 755 820 832 2180 639 459 932 1022 836 790 672 356 704 503 402 779 591 389 984 981 0 708 406 958 725 618 666 1027 1244
1329 448 451 1295 2437 591 979 1190 1438 852 1053 930 876 245 395 922 709 1004 909 301 1397 708 0 927 1222 265 1138 656 1285 1502
1032 973 1039 555 2051 857 571 998 744 948 512 818 468 923 722 514 903 703 501 1202 703 406 927 0 681 944 340 778 988 1057
924 1269 1334 646 2033 1153 1125 890 788 1404 220 710 1022 1218 1017 1068 1293 1258 1055 1498 748 961 1222 683 0 1239 664 1204 880 1097
1346 689 692 1312 2455 621 996 1207 1455 873 1071 947 893 161 412 939 761 1021 926 541 1414 725 265 944 1239 0 1155 673 1302 1519
994 1185 1251 261 2013 1069 783 960 706 1160 474 780 680 1135 934 726 1115 916 713 1414 665 619 1139 341 643 1156 0 990 950 1019
1312 372 438 1204 2420 232 572 1172 1393 235 1036 912 339 652 451 456 190 376 339 603 1352 666 656 778 1204 673 989 0 1267 1484
99 1332 1397 943 1260 1216 1298 422 869 1467 712 528 1195 1281 1081 1241 1356 1431 1228 1561 828 1027 1285 991 880 1302 972 1267 0 324
349 1549 1614 776 1188 1433 1498 727 702 1684 929 745 1395 1498 1298 1441 1573 1631 1428 1778 661 1244 1502 1056 1097 1519 1021 1484 324 0
EOF