NAME : tsp_problem
TYPE : TSP
DIMENSION : 24
EDGE_WEIGHT_TYPE : EXPLICIT
EDGE_WEIGHT_FORMAT : FULL_MATRIX
EDGE_WEIGHT_SECTION
0 977 1001 877 1117 1114 561 1087 863 727 1781 1131 805 1249 789 1050 206 1231 346 1098 1016 1226 610 114
977 0 85 679 578 168 521 171 161 1502 2556 185 837 1235 832 813 950 710 688 792 818 735 570 1073
1001 85 0 702 532 222 545 125 184 1526 2580 239 861 1259 856 837 974 664 712 816 842 759 594 1096
877 679 702 0 819 815 421 788 564 1402 2420 832 290 688 285 383 850 933 587 431 189 766 470 972
1117 578 532 819 0 715 661 501 512 1642 2696 732 977 1375 972 586 1090 164 828 565 958 312 710 1213
1114 168 222 815 715 0 658 308 298 1639 2693 53 974 1372 969 950 1087 847 825 929 955 872 707 1209
561 521 545 421 661 658 0 631 407 1086 2139 674 579 977 574 594 534 775 271 642 560 770 74 656
1087 171 125 788 501 308 631 0 271 1612 2666 325 947 1345 942 923 1060 632 798 902 928 781 680 1182
863 161 184 564 512 298 407 271 0 1388 2442 314 723 1121 718 699 836 626 574 678 704 621 456 958
727 1502 1526 1402 1642 1639 1086 1612 1388 0 1259 1655 1169 1535 1153 1575 574 1756 871 1623 1541 1751 1135 631
1744 2519 2543 2318 2660 2656 2103 2629 2405 1222 0 2673 2084 2450 2068 2569 1591 2774 1888 2617 2457 2768 2152 1649
1131 185 239 832 732 53 674 325 314 1655 2709 0 991 1388 985 966 1104 864 841 946 972 888 724 1226
802 837 861 290 977 974 579 947 723 1169 2186 991 0 650 54 541 670 1091 580 589 430 925 628 897
1227 1235 1259 688 1375 1372 977 1345 1121 1538 2555 1388 651 0 635 939 1095 1489 1005 987 827 1323 1026 1322
786 832 856 285 972 969 574 942 718 1154 2171 985 54 634 0 536 654 1086 564 584 425 920 623 882
1050 813 837 383 586 950 594 923 699 1575 2629 966 541 939 536 0 1023 593 761 86 522 421 643 1146
206 950 974 850 1090 1087 534 1060 836 574 1627 1104 673 1116 657 1023 0 1204 319 1071 989 1199 583 302
1231 710 664 933 164 847 775 632 626 1756 2810 864 1091 1489 1086 593 1204 0 942 572 1072 260 824 1327
346 688 712 587 828 825 271 798 574 871 1925 841 583 1027 567 761 319 942 0 809 727 936 321 441
1098 792 816 431 565 929 642 902 678 1623 2677 946 589 987 584 86 1071 572 809 0 570 401 691 1194
1016 818 842 189 958 955 560 928 704 1541 2560 972 430 827 425 522 989 1072 727 570 0 906 609 1112
1226 735 759 766 312 872 770 781 621 1751 2805 888 925 1323 920 421 1199 260 936 401 906 0 819 1321
610 570 594 470 710 707 74 680 456 1135 2189 724 628 1026 623 643 583 824 321 691 609 819 0 705
114 1073 1096 972 1213 1209 656 1182 958 631 1685 1226 900 1344 884 1146 302 1327 441 1194 1112 1321 705 0
EOF