NAME : tsp_problem
TYPE : TSP
DIMENSION : 20
EDGE_WEIGHT_TYPE : EXPLICIT
EDGE_WEIGHT_FORMAT : FULL_MATRIX
EDGE_WEIGHT_SECTION
0 118 557 1368 1341 1446 1296 1438 843 1288 1434 1366 1281 1502 1450 534 1440 1016 1371 572
118 0 604 1377 1351 1456 1306 1448 764 1298 1444 1376 1291 1512 1460 463 1450 945 1381 501
557 604 0 1215 1188 1293 1143 1285 495 1135 1281 1213 1128 1349 1297 209 1287 551 1218 253
1083 1093 931 0 278 177 262 270 1057 255 267 71 247 162 266 917 152 546 76 961
1057 1067 905 278 0 172 84 272 1031 123 269 306 116 230 285 891 166 519 286 935
1162 1172 1009 177 172 0 188 237 1136 228 234 221 220 129 234 995 65 624 185 1039
1012 1021 859 262 84 188 0 227 986 77 223 261 70 247 240 845 182 474 266 889
1154 1163 1001 270 272 237 227 0 1128 192 65 314 186 130 82 987 212 616 278 1031
843 764 495 1341 1315 1419 1269 1411 0 1262 1407 1340 1254 1475 1424 481 1413 677 1345 525
1004 1014 852 255 123 228 77 192 978 0 188 253 36 286 205 838 222 466 259 882
1150 1160 997 267 269 234 223 65 1124 188 0 311 182 127 78 983 209 612 275 1028
1082 1092 930 71 306 221 261 314 1056 253 311 0 246 206 311 916 196 544 75 960
997 1006 844 247 116 220 70 186 971 36 182 246 0 278 198 830 214 459 251 874
1218 1228 1066 162 230 129 247 130 1192 286 127 206 278 0 126 1052 104 680 170 1096
1166 1176 1014 266 285 234 240 82 1140 205 78 311 198 126 0 1000 209 629 274 1044
534 463 209 1201 1174 1279 1129 1271 481 1121 1267 1199 1114 1335 1283 0 1273 537 1204 111
1156 1166 1004 152 166 65 182 212 1130 222 209 196 214 104 209 990 0 618 160 1034
1016 945 551 829 803 908 758 899 677 750 896 828 742 964 912 537 902 0 833 581
1087 1097 935 76 286 185 266 278 1061 259 275 75 251 170 274 921 160 550 0 965
572 501 253 1245 1218 1323 1173 1315 525 1165 1311 1243 1158 1379 1328 111 1317 581 1249 0
EOF