NAME : tsp_problem
TYPE : TSP
DIMENSION : 28
EDGE_WEIGHT_TYPE : EXPLICIT
EDGE_WEIGHT_FORMAT : FULL_MATRIX
EDGE_WEIGHT_SECTION
0 235 415 251 1267 1396 1342 1248 1196 1291 1347 1370 1281 1315 562 1258 1405 217 1403 1337 456 1352 1365 243 1292 1370 1282 1250
235 0 498 46 1349 1479 1425 1330 1278 1373 1430 1452 1363 1398 644 1340 1487 79 1485 1419 538 1435 1447 54 1374 1452 1364 1332
415 498 0 514 1178 1308 1254 1159 1107 1202 1259 1281 1192 1227 473 1169 1316 480 1314 1248 623 1264 1276 506 1203 1281 1194 1162
251 46 514 0 1365 1495 1441 1346 1294 1390 1446 1468 1380 1414 660 1357 1504 63 1502 1436 555 1451 1464 38 1391 1468 1381 1349
983 1065 894 1082 0 157 295 258 232 66 300 277 56 316 466 294 229 1048 272 300 712 113 282 1074 216 262 57 286
1113 1195 1024 1212 157 0 163 175 258 144 168 144 186 183 596 224 97 1177 140 168 841 80 149 1204 132 129 141 217
1059 1141 970 1158 295 163 0 254 176 282 54 76 324 51 542 264 93 1123 91 43 788 219 72 1150 271 76 280 257
964 1046 875 1063 258 175 254 0 107 245 259 281 287 227 447 73 247 1029 290 249 693 182 277 1055 68 279 243 66
912 994 823 1011 232 258 176 107 0 256 181 203 246 149 395 118 238 976 236 170 641 265 198 1003 152 203 247 110
1008 1090 919 1106 66 144 282 245 256 0 287 264 80 303 491 295 216 1072 260 287 736 100 269 1099 203 249 71 287
1064 1146 975 1163 300 168 54 259 181 287 0 81 329 56 547 269 98 1128 96 48 792 224 76 1155 276 81 285 262
1086 1168 997 1185 277 144 76 281 203 264 81 0 305 78 569 292 74 1151 72 71 815 200 82 1177 252 61 261 284
997 1080 909 1096 56 186 324 287 246 80 329 305 0 344 480 308 258 1062 301 329 726 142 311 1088 244 290 71 301
1032 1114 943 1131 316 183 51 227 149 303 56 78 344 0 515 237 113 1096 111 45 760 239 73 1123 271 78 300 230
562 644 473 660 749 879 825 731 678 774 830 853 764 798 0 741 888 626 886 820 621 835 848 652 775 852 765 733
975 1057 886 1073 294 224 264 73 118 295 269 292 308 237 457 0 297 1039 325 259 703 231 287 1065 118 292 292 29
1122 1204 1033 1220 229 97 93 247 238 216 98 74 258 113 604 297 0 1186 70 98 850 153 79 1212 205 59 214 289
217 79 480 63 1331 1461 1407 1312 1260 1356 1412 1434 1345 1380 626 1322 1469 0 1467 1401 520 1417 1430 71 1356 1434 1347 1315
1119 1201 1031 1218 272 140 91 290 236 260 96 72 301 111 602 325 70 1184 0 96 848 196 77 1210 248 57 257 317
1054 1136 965 1152 300 168 43 249 170 287 48 71 329 45 536 259 98 1118 96 0 782 224 66 1144 275 71 285 251
456 538 623 555 995 1125 1071 976 924 1020 1076 1098 1010 1044 621 987 1134 520 1131 1066 0 1081 1094 547 1021 1098 1011 979
1069 1151 980 1168 113 80 219 182 265 100 224 200 142 239 552 231 153 1133 196 224 798 0 205 1160 139 185 97 224
1082 1164 993 1180 282 149 72 277 198 269 76 82 311 73 564 287 79 1146 77 66 810 205 0 1172 257 66 266 279
243 54 506 38 1357 1487 1433 1339 1286 1382 1438 1461 1372 1406 652 1349 1496 71 1494 1428 547 1443 1456 0 1383 1460 1373 1341
1009 1091 920 1107 216 132 271 68 152 203 276 252 244 271 491 118 205 1073 248 275 737 139 257 1099 0 237 200 110
1086 1168 997 1185 262 129 76 279 203 249 81 61 290 78 569 292 59 1150 57 71 815 185 66 1177 237 0 246 284
999 1081 910 1097 57 141 280 243 247 71 285 261 71 300 482 292 214 1063 257 285 727 97 266 1090 200 246 0 285
967 1049 878 1065 286 217 257 66 110 287 262 284 301 230 450 29 289 1031 317 251 695 224 279 1058 110 284 285 0
EOF