NAME : tsp_problem
TYPE : TSP
DIMENSION : 28
EDGE_WEIGHT_TYPE : EXPLICIT
EDGE_WEIGHT_FORMAT : FULL_MATRIX
EDGE_WEIGHT_SECTION
0 2044 1210 1166 221 1152 1339 1321 1185 1288 941 107 1335 1292 376 1278 1284 1746 521 1072 1261 1176 1174 1281 1271 1160 1058 434
2070 0 1787 1743 1884 1729 1916 1898 1761 1865 1571 2099 1912 1868 1845 1855 1860 429 2369 1649 1837 1753 1751 1857 1847 1736 1635 2308
927 1801 0 101 952 295 156 248 76 104 579 956 153 107 1247 262 247 1820 1107 215 271 118 103 291 139 100 201 1020
882 1757 101 0 908 251 232 314 76 179 534 911 228 183 1203 272 277 1776 1063 171 254 73 65 274 215 55 156 976
221 1857 1236 1191 0 1177 1364 1347 1210 1314 966 250 1360 1317 541 1304 1309 1560 546 1097 1286 1202 1200 1306 1296 1185 1083 459
868 1743 295 251 894 0 272 363 270 254 521 898 268 253 1189 363 362 1762 1049 118 346 261 259 365 203 244 120 962
1055 1930 156 232 1081 272 0 126 207 104 707 1084 44 104 1376 141 125 1949 1236 305 149 249 234 169 105 231 307 1149
1038 1912 248 314 1063 363 126 0 298 196 690 1067 117 195 1358 83 67 1931 1218 326 91 325 323 111 196 308 312 1131
901 1775 76 76 926 270 207 298 0 154 553 930 203 158 1222 290 296 1794 1082 189 273 92 77 293 190 74 175 994
1005 1879 104 179 1030 254 104 196 154 0 657 1034 100 86 1326 210 195 1898 1185 287 218 196 181 239 87 178 279 1098
795 1749 366 321 821 307 494 477 340 444 0 824 490 447 1116 434 439 1768 976 227 416 332 330 436 426 315 213 888
107 2073 1239 1195 250 1181 1368 1350 1214 1318 970 0 1364 1321 427 1307 1313 1775 550 1101 1290 1205 1203 1310 1300 1189 1087 463
1052 1926 153 228 1077 268 44 117 203 100 704 1081 0 100 1372 132 116 1945 1232 301 140 245 230 160 101 227 303 1145
1008 1882 107 183 1033 253 104 195 158 86 660 1037 100 0 1329 210 194 1901 1189 287 218 199 184 238 86 181 282 1101
376 1819 1531 1486 541 1473 1660 1642 1505 1609 1261 427 1656 1612 0 1599 1604 1521 798 1393 1581 1497 1495 1601 1591 1480 1378 755
995 1869 262 272 1020 363 141 83 290 210 647 1024 132 210 1315 0 82 1888 1175 283 66 282 280 86 210 265 269 1088
1000 1874 247 277 1025 362 125 67 296 195 652 1029 116 194 1321 82 0 1893 1181 289 72 287 285 92 195 271 274 1093
1773 446 1824 1779 1586 1765 1952 1934 1798 1902 1607 1802 1948 1905 1548 1891 1897 0 2072 1685 1874 1790 1787 1894 1884 1773 1671 2011
521 2343 1391 1346 546 1332 1519 1502 1365 1469 1121 550 1516 1472 798 1459 1464 2046 0 1252 1441 1357 1355 1461 1451 1340 1238 263
788 1663 215 171 814 118 305 326 189 287 440 817 301 287 1109 283 289 1682 969 0 265 181 179 285 237 164 63 882
977 1851 271 254 1002 346 149 91 273 218 629 1006 140 218 1298 66 72 1870 1158 265 0 264 262 69 219 248 251 1070
893 1767 118 73 918 261 249 325 92 196 545 922 245 199 1213 282 287 1786 1073 181 264 0 82 284 231 67 167 986
891 1765 103 65 916 259 234 323 77 181 543 920 230 184 1211 280 285 1784 1071 179 262 82 0 282 217 64 165 984
997 1871 291 274 1022 365 169 111 293 239 649 1026 160 238 1318 86 92 1890 1178 285 69 284 282 0 239 268 271 1090
987 1861 139 215 1012 203 105 196 190 87 639 1016 101 86 1308 210 195 1880 1168 237 219 231 217 239 0 213 239 1080
876 1750 100 55 901 244 231 308 74 178 528 905 227 181 1197 265 271 1769 1057 164 248 67 64 268 213 0 150 969
774 1648 201 156 800 120 307 312 175 279 426 803 303 282 1095 269 274 1667 955 63 251 167 165 271 239 150 0 867
434 2282 1304 1259 459 1245 1432 1414 1278 1382 1034 463 1428 1385 755 1372 1377 1985 263 1165 1354 1270 1268 1374 1364 1253 1151 0
EOF