NAME : tsp_problem
TYPE : TSP
DIMENSION : 36
EDGE_WEIGHT_TYPE : EXPLICIT
EDGE_WEIGHT_FORMAT : FULL_MATRIX
EDGE_WEIGHT_SECTION
0 233 654 910 1004 781 650 1347 705 1304 929 1219 735 1516 1274 1404 1003 1227 864 691 224 1466 638 1009 901 1233 919 1417 1257 1339 670 1589 1342 960 771 1404
233 0 576 821 915 703 561 1258 675 1323 840 1130 646 1427 1185 1315 1022 1138 883 602 243 1378 549 920 812 1144 831 1436 1168 1250 591 1500 1254 871 693 1315
654 576 0 621 715 172 361 1058 145 800 640 931 446 1224 985 1115 498 938 360 786 454 1009 349 720 612 944 631 912 969 1050 135 1131 1054 672 162 1115
910 821 621 0 279 748 511 505 721 842 87 377 596 674 432 562 1069 385 931 1031 804 625 306 284 176 391 194 808 415 497 637 747 501 118 738 562
1004 915 715 279 0 842 605 716 815 1053 298 588 690 885 643 773 1163 596 1025 1125 898 836 401 61 142 602 181 1019 626 708 731 958 712 329 832 773
781 703 172 748 842 0 488 1185 141 796 767 1058 573 1220 1112 1193 494 1065 356 913 581 1005 477 847 739 1071 758 909 1096 1128 157 1127 1181 799 129 1242
650 561 361 511 605 488 0 948 461 1111 530 820 213 1117 875 1005 809 828 671 771 544 1067 239 610 502 834 520 1224 858 940 377 1190 944 561 478 1005
1347 1258 1058 505 716 1185 948 0 1158 593 466 164 1033 425 302 230 969 158 975 1468 1241 376 743 721 613 261 631 559 391 217 1074 499 136 444 1175 198
705 675 145 721 815 141 461 1158 0 702 740 1030 546 1126 1085 1098 400 1038 262 886 505 911 449 820 712 1044 730 814 1068 1033 129 1033 1154 771 131 1215
1304 1323 800 842 1053 796 1111 593 702 0 803 724 1196 529 861 502 481 718 488 1536 1104 314 1080 1058 950 821 968 218 579 437 784 436 696 781 786 757
929 840 640 87 298 767 530 466 740 803 0 339 615 635 393 523 1089 346 950 1050 823 586 326 303 195 352 214 769 377 458 656 708 462 85 757 523
1219 1130 931 377 588 1058 820 164 1030 724 339 0 905 556 175 361 1099 53 1106 1341 1114 507 616 593 485 134 504 690 407 348 946 629 160 317 1048 222
735 646 446 596 690 573 213 1033 546 1196 615 905 0 1202 960 1090 894 913 756 856 629 1152 324 695 587 919 605 1309 943 1025 462 1275 1029 646 563 1090
1516 1427 1224 674 885 1220 1117 425 1126 529 635 556 1202 0 694 334 904 550 911 1637 1410 312 913 890 782 653 800 495 411 269 1208 434 528 613 1210 589
1274 1185 985 432 643 1112 875 302 1085 861 393 175 960 694 0 499 1237 182 1244 1395 1168 645 671 648 540 135 558 828 461 486 1001 767 298 372 1102 359
1404 1315 1115 562 773 1193 1005 230 1098 502 523 361 1090 334 499 0 877 355 884 1526 1298 285 801 778 670 458 689 468 300 126 1131 407 333 502 1183 394
1003 1022 498 1069 1163 494 809 969 400 481 1089 1099 894 904 1237 877 0 1093 170 1234 802 689 798 1169 1061 1196 1079 593 955 812 482 812 1071 1120 484 1132
1227 1138 938 385 596 1065 828 158 1038 718 346 53 913 550 182 355 1093 0 1100 1348 1121 501 624 601 493 141 511 684 414 342 954 623 154 324 1055 216
864 883 360 931 1025 356 671 975 262 488 950 1106 756 911 1244 884 170 1100 0 1096 664 696 659 1030 922 1203 941 600 961 819 344 819 1078 981 346 1139
691 602 786 1031 1125 913 771 1468 886 1536 1050 1341 856 1637 1395 1526 1234 1348 1096 0 586 1588 760 1131 1023 1355 1041 1649 1379 1461 802 1710 1464 1082 903 1525
224 243 454 804 898 581 544 1241 505 1104 823 1114 629 1410 1168 1298 802 1121 664 586 0 1313 533 903 795 1127 814 1217 1152 1233 470 1435 1237 855 571 1298
1466 1378 1009 625 836 1005 1067 376 911 314 586 507 1152 312 645 285 689 501 696 1588 1313 0 863 841 733 604 751 280 362 220 993 188 479 564 995 540
638 549 349 306 401 477 239 743 449 1080 326 616 324 913 671 801 798 624 659 760 533 863 0 406 298 630 316 1047 654 736 365 986 739 357 467 801
1009 920 720 284 61 847 610 721 820 1058 303 593 695 890 648 778 1169 601 1030 1131 903 841 406 0 147 607 186 1024 632 713 736 963 717 335 838 778
901 812 612 176 142 739 502 613 712 950 195 485 587 782 540 670 1061 493 922 1023 795 733 298 147 0 499 78 916 524 605 628 855 609 227 729 670
1233 1144 944 391 602 1071 834 261 1044 821 352 134 919 653 135 458 1196 141 1203 1355 1127 604 630 607 499 0 518 787 420 445 960 726 257 331 1062 319
919 831 631 194 181 758 520 631 730 968 214 504 605 800 558 689 1079 511 941 1041 814 751 316 186 78 518 0 934 542 624 646 874 627 245 748 688
1417 1436 912 808 1019 909 1224 559 814 218 769 690 1309 495 828 468 593 684 600 1649 1217 280 1047 1024 916 787 934 0 545 403 897 403 662 747 899 723
1257 1168 969 415 626 1096 858 391 1068 579 377 407 943 411 461 300 955 414 961 1379 1152 362 654 632 524 420 542 545 0 235 984 485 494 355 1086 555
1339 1250 1050 497 708 1128 940 217 1033 437 458 348 1025 269 486 126 812 342 819 1461 1233 220 736 713 605 445 624 403 235 0 1066 342 320 437 1118 381
670 591 135 637 731 157 377 1074 129 784 656 946 462 1208 1001 1131 482 954 344 802 470 993 365 736 628 960 646 897 984 1066 0 1115 1069 687 147 1131
1589 1500 1131 747 958 1127 1190 499 1033 436 708 629 1275 434 767 407 812 623 819 1710 1435 188 986 963 855 726 874 403 485 342 1115 0 601 687 1117 662
1342 1254 1054 501 712 1181 944 136 1154 696 462 160 1029 528 298 333 1071 154 1078 1464 1237 479 739 717 609 257 627 662 494 320 1069 601 0 440 1171 102
960 871 672 118 329 799 561 444 771 781 85 317 646 613 372 502 1120 324 981 1082 855 564 357 335 227 331 245 747 355 437 687 687 440 0 789 501
845 767 236 812 906 135 552 1249 205 860 831 1122 637 1284 1176 1257 558 1129 420 977 645 1069 540 911 803 1135 822 973 1160 1191 221 1191 1245 863 0 1306
1404 1315 1115 562 773 1242 1005 198 1215 757 523 222 1090 589 359 394 1132 216 1139 1525 1298 540 801 778 670 319 688 723 555 381 1131 662 102 501 1232 0
EOF