NAME : tsp_problem
TYPE : TSP
DIMENSION : 42
EDGE_WEIGHT_TYPE : EXPLICIT
EDGE_WEIGHT_FORMAT : FULL_MATRIX
EDGE_WEIGHT_SECTION
0 882 1210 428 382 738 562 402 183 623 1058 1028 523 552 1200 1275 1280 1200 619 1318 882 966 1138 625 1134 455 728 55 447 640 551 847 1145 550 406 541 440 940 708 1010 411 802
882 0 1708 830 637 757 964 658 804 1025 1556 1526 925 723 1698 1677 1682 1602 638 1721 1380 545 1541 1027 1632 858 1226 902 849 659 920 1345 1547 953 808 943 843 1438 727 1508 552 1300
1210 1708 0 1077 1207 1564 1087 1228 1132 1148 347 572 1049 1297 534 687 692 411 1445 731 589 1792 551 1150 142 1061 968 1229 1062 1466 1296 651 557 1059 1104 965 1173 719 1534 555 1237 607
428 830 1077 0 329 686 171 350 349 233 1101 1072 133 362 1244 889 894 814 567 933 925 914 753 234 1001 124 772 447 125 588 362 890 759 266 97 151 251 984 600 1054 359 846
382 637 1207 329 0 492 463 108 303 524 1055 1025 425 453 1197 1176 1181 1101 374 1220 879 721 1040 526 1131 357 725 401 348 395 453 844 1046 452 308 442 342 937 463 1007 166 799
738 757 1564 686 492 0 819 513 659 881 1411 1382 781 405 1554 1490 1495 1415 188 1533 1235 840 1353 882 1488 713 1082 757 705 123 603 1200 1360 639 664 773 529 1294 314 1364 407 1155
562 964 1087 171 463 819 0 484 483 100 1185 1205 80 496 1373 899 904 824 701 943 1059 1048 763 101 1011 156 906 581 157 722 496 1024 769 277 198 161 385 1117 734 1188 493 979
402 658 1228 350 108 513 484 0 323 545 1076 1046 445 474 1218 1197 1202 1122 394 1240 899 741 1060 547 1152 377 746 421 369 415 473 864 1067 472 328 463 362 958 483 1028 186 820
183 804 1132 349 303 659 483 323 0 544 979 950 445 473 1122 1196 1201 1121 540 1240 803 888 1060 546 1056 377 650 202 368 561 473 768 1066 472 328 462 362 862 629 932 332 723
623 1025 1148 233 524 881 100 545 544 0 1247 1267 142 558 1434 961 966 886 762 1004 1120 1109 824 37 1073 217 967 642 218 783 557 1085 831 338 260 222 446 1179 795 1249 554 1041
1058 1556 347 1101 1055 1411 1185 1076 979 1247 0 337 1147 1225 299 785 790 510 1293 829 354 1640 649 1248 271 1129 816 1077 1120 1314 1225 446 655 1157 1080 1063 1114 484 1382 319 1085 455
1028 1526 572 1072 1025 1382 1205 1046 950 1267 337 0 1167 1196 340 1010 1016 735 1263 1054 185 1610 874 1268 497 1099 786 1047 1091 1284 1195 277 880 1194 1050 1185 1084 314 1352 59 1055 345
523 925 1049 133 425 781 80 445 445 142 1147 1167 0 458 1334 861 866 786 662 904 1020 1009 724 143 973 117 867 542 118 683 457 985 731 238 160 122 346 1079 695 1149 454 941
552 723 1297 362 453 405 496 474 473 558 1225 1196 458 0 1368 1109 1114 1034 287 1153 1049 806 973 559 1221 390 896 571 381 307 222 1014 979 259 341 392 149 1108 263 1178 374 969
1200 1698 534 1244 1197 1554 1373 1218 1122 1434 299 340 1334 1368 0 972 978 697 1435 1016 357 1782 836 1435 458 1271 958 1220 1263 1456 1367 449 842 1345 1222 1251 1256 487 1524 322 1227 517
1275 1677 687 889 1176 1490 899 1197 1196 961 785 1010 861 1109 972 0 36 424 1371 75 1027 1761 164 962 611 873 1406 1294 874 1392 1109 1089 195 871 916 777 985 1157 1347 993 1206 1045
1280 1682 692 894 1181 1495 904 1202 1201 966 790 1016 866 1114 978 36 0 429 1376 79 1033 1766 169 967 616 879 1412 1299 880 1397 1114 1095 201 877 921 782 990 1162 1352 998 1211 1050
1200 1602 411 814 1101 1415 824 1122 1121 886 510 735 786 1034 697 424 429 0 1296 468 752 1686 288 887 336 798 1131 1219 799 1317 1034 814 294 796 841 702 910 882 1272 717 1131 769
619 638 1445 567 374 188 701 394 540 762 1293 1263 662 287 1435 1371 1376 1296 0 1415 1116 722 1235 764 1369 594 963 638 586 90 484 1081 1241 520 545 654 410 1175 228 1245 289 1037
1318 1721 731 933 1220 1533 943 1240 1240 1004 829 1054 904 1153 1016 75 79 468 1415 0 1071 1805 208 1006 655 917 1450 1338 918 1436 1152 1133 239 915 960 821 1029 1201 1391 1036 1249 1089
882 1380 589 925 879 1235 1059 899 803 1120 354 185 1020 1049 357 1027 1033 752 1116 1071 0 1463 891 1122 514 953 640 901 944 1137 1048 131 897 1048 903 1038 938 168 1205 167 908 198
966 545 1792 914 721 840 1048 741 888 1109 1640 1610 1009 806 1782 1761 1766 1686 722 1805 1463 0 1625 1111 1716 942 1310 985 933 743 1004 1428 1631 1037 892 1027 926 1522 811 1592 636 1384
1138 1541 551 753 1040 1353 763 1060 1060 824 649 874 724 973 836 164 169 288 1235 208 891 1625 0 826 475 737 1270 1158 738 1256 972 953 59 735 780 641 849 1021 1211 856 1069 909
625 1027 1150 234 526 882 101 547 546 37 1248 1268 143 559 1435 962 967 887 764 1006 1122 1111 826 0 1074 219 968 644 220 784 558 1087 832 339 261 224 448 1180 797 1250 555 1042
1134 1632 142 1001 1131 1488 1011 1152 1056 1073 271 497 973 1221 458 611 616 336 1369 655 514 1716 475 1074 0 985 892 1154 986 1390 1221 575 481 983 1028 889 1097 643 1458 479 1161 531
455 858 1061 124 357 713 156 377 377 217 1129 1099 117 390 1271 873 879 798 594 917 953 942 737 219 985 0 799 475 110 615 389 918 743 251 125 135 278 1011 628 1081 386 873
728 1226 968 772 725 1082 906 746 650 967 816 786 867 896 958 1406 1412 1131 963 1450 640 1310 1270 968 892 799 0 748 791 984 895 605 1276 894 750 885 784 698 1052 768 755 560
55 902 1229 447 401 757 581 421 202 642 1077 1047 542 571 1220 1294 1299 1219 638 1338 901 985 1158 644 1154 475 748 0 466 659 570 866 1164 570 425 560 460 959 727 1030 430 821
447 849 1062 125 348 705 157 369 368 218 1120 1091 118 381 1263 874 880 799 586 918 944 933 738 220 986 110 791 466 0 607 381 909 744 252 116 136 270 1003 619 1073 378 864
640 659 1466 588 395 123 722 415 561 783 1314 1284 683 307 1456 1392 1397 1317 90 1436 1137 743 1256 784 1390 615 984 659 607 0 505 1102 1262 541 566 675 431 1196 216 1266 310 1058
551 920 1296 362 453 603 496 473 473 557 1225 1195 457 222 1367 1109 1114 1034 484 1152 1048 1004 972 558 1221 389 895 570 381 505 0 1013 978 258 340 392 148 1107 460 1177 482 969
847 1345 651 890 844 1200 1024 864 768 1085 446 277 985 1014 449 1089 1095 814 1081 1133 131 1428 953 1087 575 918 605 866 909 1102 1013 0 959 1013 868 1003 903 189 1170 259 873 163
1145 1547 557 759 1046 1360 769 1067 1066 831 655 880 731 979 842 195 201 294 1241 239 897 1631 59 832 481 743 1276 1164 744 1262 978 959 0 741 786 647 855 1027 1217 863 1075 915
550 953 1059 266 452 639 277 472 472 338 1157 1194 238 259 1345 871 877 796 520 915 1048 1037 735 339 983 251 894 570 252 541 258 1013 741 0 286 154 134 1106 496 1176 481 968
406 808 1104 97 308 664 198 328 328 260 1080 1050 160 341 1222 916 921 841 545 960 903 892 780 261 1028 125 750 425 116 566 340 868 786 286 0 178 229 962 578 1032 337 824
541 943 965 151 442 773 161 463 462 222 1063 1185 122 392 1251 777 782 702 654 821 1038 1027 641 224 889 135 885 560 136 675 392 1003 647 154 178 0 268 1097 630 1167 472 959
440 843 1173 251 342 529 385 362 362 446 1114 1084 346 149 1256 985 990 910 410 1029 938 926 849 448 1097 278 784 460 270 431 148 903 855 134 229 268 0 996 386 1066 371 858
940 1438 719 984 937 1294 1117 958 862 1179 484 314 1079 1108 487 1157 1162 882 1175 1201 168 1522 1021 1180 643 1011 698 959 1003 1196 1107 189 1027 1106 962 1097 996 0 1264 297 967 257
708 727 1534 600 463 314 734 483 629 795 1382 1352 695 263 1524 1347 1352 1272 228 1391 1205 811 1211 797 1458 628 1052 727 619 216 460 1170 1217 496 578 630 386 1264 0 1334 378 1126
1010 1508 555 1054 1007 1364 1188 1028 932 1249 319 59 1149 1178 322 993 998 717 1245 1036 167 1592 856 1250 479 1081 768 1030 1073 1266 1177 259 863 1176 1032 1167 1066 297 1334 0 1037 327
411 552 1237 359 166 407 493 186 332 554 1085 1055 454 374 1227 1206 1211 1131 289 1249 908 636 1069 555 1161 386 755 430 378 310 482 873 1075 481 337 472 371 967 378 1037 0 829
802 1300 607 846 799 1155 979 820 723 1041 455 345 941 969 517 1045 1050 769 1037 1089 198 1384 909 1042 531 873 560 821 864 1058 969 163 915 968 824 959 858 257 1126 327 829 0
EOF