NAME : tsp_problem
TYPE : TSP
DIMENSION : 42
EDGE_WEIGHT_TYPE : EXPLICIT
EDGE_WEIGHT_FORMAT : FULL_MATRIX
EDGE_WEIGHT_SECTION
0 1043 947 1033 823 509 908 651 1194 882 978 969 1018 994 631 511 1015 1017 652 901 1057 894 687 702 915 581 1018 967 1009 1085 850 744 903 1023 1155 1015 1013 970 893 918 919 895
1043 0 598 563 549 817 364 541 183 508 297 578 581 269 647 579 578 580 541 363 307 378 576 591 362 682 581 440 368 335 431 655 524 587 311 579 577 435 390 469 353 491
947 598 0 272 927 991 308 714 561 886 378 98 102 647 359 574 99 101 715 741 419 757 750 303 316 393 102 818 746 448 251 938 902 107 689 99 97 813 293 847 320 869
1048 547 288 0 876 1237 425 940 510 835 358 267 209 596 605 820 206 208 929 690 368 706 908 550 423 639 205 767 695 397 492 982 851 203 638 206 204 762 451 796 414 818
823 555 933 898 0 428 698 446 518 100 632 913 916 604 694 485 913 915 446 695 642 688 482 766 697 644 916 178 219 670 765 140 120 922 366 913 912 181 725 136 688 113
509 824 997 1228 428 0 958 433 912 487 1026 1019 1068 775 681 471 1065 1067 433 682 1036 675 468 752 965 631 1068 572 614 1065 900 348 507 1073 760 1065 1064 575 943 523 970 500
908 364 308 441 692 951 0 675 327 652 175 330 379 412 319 535 376 378 675 506 185 522 710 263 240 354 379 583 511 213 211 799 668 385 455 377 375 579 254 612 231 635
651 541 714 945 453 426 675 0 576 512 690 736 785 492 398 188 782 784 150 399 700 392 185 469 682 348 785 597 639 728 617 374 533 790 704 782 780 600 660 548 687 526
1194 183 561 526 512 906 327 576 0 471 260 541 544 232 610 731 541 543 565 326 270 341 544 554 325 645 544 403 331 298 394 618 487 550 274 542 540 398 353 432 316 454
882 515 893 858 100 487 658 505 478 0 592 873 876 563 753 543 873 875 505 658 602 673 540 824 657 703 876 137 179 630 725 199 147 881 326 873 871 140 684 124 648 147
978 297 378 374 626 1020 175 690 260 585 0 389 392 346 389 605 389 391 679 440 118 455 658 333 173 424 392 517 445 146 242 732 601 398 388 390 388 512 201 546 164 568
969 578 98 252 907 1012 330 736 541 866 389 0 82 627 380 596 79 81 736 721 399 736 772 324 338 415 82 798 726 427 273 960 882 87 669 79 77 793 315 827 342 849
1018 581 102 193 910 1061 379 785 544 870 392 82 0 630 429 645 20 22 785 724 402 740 820 373 387 464 23 801 729 431 321 1009 885 29 672 21 19 796 364 830 391 852
994 269 647 612 597 769 412 492 232 557 346 627 630 0 696 531 627 629 493 412 356 427 528 640 411 690 630 488 416 384 479 704 573 635 360 627 625 484 438 517 402 540
631 647 359 589 702 674 319 398 610 761 389 380 429 696 0 258 426 428 398 647 468 640 433 113 327 130 429 846 795 497 262 622 781 435 738 427 425 849 304 797 331 774
511 579 574 805 492 465 535 188 731 551 605 596 645 531 258 0 642 644 188 437 684 431 224 329 542 208 645 636 677 712 477 412 571 650 824 642 640 639 520 587 546 564
1015 578 99 190 907 1059 376 782 541 867 389 79 20 627 426 642 0 20 782 721 399 737 818 370 384 461 20 798 726 428 319 1006 882 26 669 18 16 794 361 827 388 850
1017 580 101 192 909 1061 378 784 543 869 391 81 22 629 428 644 20 0 784 723 401 739 820 372 386 463 22 800 728 430 321 1008 884 28 671 20 18 796 363 829 390 852
652 541 715 945 454 426 675 150 565 513 679 736 785 493 398 188 782 784 0 399 689 392 185 470 683 348 785 598 639 718 618 374 533 791 693 783 781 601 660 549 687 526
901 363 741 706 691 675 506 399 326 651 440 721 724 412 647 437 721 723 399 0 450 521 434 719 505 597 724 583 510 478 573 623 667 729 454 721 719 578 532 611 496 634
1057 307 419 384 635 1030 185 700 270 595 118 399 402 356 468 684 399 401 689 450 0 465 668 412 183 503 402 527 455 156 251 742 611 408 398 399 398 522 211 555 174 578
894 378 757 722 696 669 522 392 341 667 455 736 740 427 640 431 737 739 392 521 465 0 428 712 521 590 740 598 526 494 589 616 683 745 469 737 735 594 548 627 512 650
687 576 750 925 489 462 710 185 544 548 658 772 820 528 433 224 818 820 185 434 668 428 0 505 718 383 821 633 674 697 653 409 568 826 672 818 816 636 695 584 714 561
702 591 303 534 773 746 263 469 554 832 333 324 373 640 113 329 370 372 470 719 412 712 505 0 271 148 373 811 739 441 206 693 852 379 682 371 369 807 248 840 275 845
915 362 316 440 691 959 240 682 325 651 173 338 387 411 327 542 384 386 683 505 183 521 718 271 0 361 387 582 510 212 219 798 667 392 453 384 382 578 261 611 230 634
581 682 393 624 652 624 354 348 645 710 424 415 464 690 130 208 461 463 348 597 503 590 383 148 361 0 464 795 830 531 296 572 731 469 773 461 459 798 339 746 365 724
1018 581 102 189 910 1062 379 785 544 870 392 82 23 630 429 645 20 22 785 724 402 740 821 373 387 464 0 801 729 431 322 1009 885 29 672 21 19 796 364 830 391 852
967 446 824 789 178 572 590 590 409 137 523 804 807 495 838 629 804 806 590 589 533 605 626 817 588 788 807 0 110 562 657 284 153 813 257 805 803 114 616 98 579 120
1009 374 752 717 219 613 518 632 337 179 451 732 735 423 801 670 732 734 632 517 461 532 667 745 516 830 735 110 0 489 585 326 195 741 185 733 731 106 544 139 507 162
1085 335 448 413 664 1058 213 728 298 624 146 427 431 384 497 712 428 430 718 478 156 494 697 441 212 531 431 555 483 0 280 771 640 436 426 428 426 551 239 584 203 607
850 431 251 482 759 894 211 617 394 719 242 273 321 479 262 477 319 321 618 573 251 589 653 206 219 296 322 650 578 280 0 841 735 327 522 319 317 646 196 679 223 702
743 662 931 1005 140 348 805 366 625 199 738 953 1002 709 615 405 999 1001 367 616 748 609 402 686 804 564 1002 284 326 777 834 0 220 1007 473 999 997 287 831 235 795 213
902 530 908 874 120 507 674 525 493 147 607 888 891 579 774 564 889 891 526 673 617 689 561 845 673 723 892 153 195 646 741 220 0 897 341 889 887 156 700 140 663 163
1023 587 107 187 915 1067 385 790 550 875 398 87 29 635 435 650 26 28 791 729 408 745 826 379 392 469 29 806 734 436 327 1015 891 0 678 26 24 802 370 835 396 858
1191 227 605 570 402 796 371 620 190 362 304 585 588 276 654 775 585 587 609 370 314 386 588 598 369 689 588 293 221 343 438 509 378 594 0 586 584 289 397 322 360 345
1015 579 99 190 907 1059 377 782 542 867 390 79 21 627 427 642 18 20 783 721 399 737 818 371 384 461 21 798 726 428 319 1007 883 26 670 0 16 794 362 827 388 850
1013 577 97 188 905 1057 375 780 540 865 388 77 19 625 425 640 16 18 781 719 398 735 816 369 382 459 19 796 724 426 317 1005 881 24 668 16 0 792 360 825 386 848
970 441 819 785 181 575 585 593 404 140 518 799 803 490 841 631 800 802 593 584 528 600 628 813 584 791 803 114 106 557 652 287 156 808 252 800 798 0 611 101 575 123
893 390 293 467 718 936 254 660 353 678 201 315 364 438 304 520 361 363 660 532 211 548 695 248 261 339 364 609 537 239 196 825 694 370 481 362 360 605 0 638 257 661
918 475 853 818 136 523 618 541 438 124 552 833 836 524 789 579 833 835 541 618 562 633 576 846 617 739 836 98 139 590 685 235 140 841 286 833 831 101 645 0 608 107
919 353 320 430 682 963 231 687 316 642 164 342 391 402 331 546 388 390 687 496 174 512 714 275 230 365 391 573 501 203 223 788 657 396 444 388 386 568 257 602 0 624
895 497 875 841 113 500 641 518 460 147 574 855 859 546 767 557 856 858 519 640 584 656 554 838 640 716 859 120 162 613 708 213 163 864 308 856 854 123 667 107 631 0
EOF