NAME : tsp_problem
TYPE : TSP
DIMENSION : 34
EDGE_WEIGHT_TYPE : EXPLICIT
EDGE_WEIGHT_FORMAT : FULL_MATRIX
EDGE_WEIGHT_SECTION
0 843 455 676 589 557 258 601 577 847 846 251 676 530 486 674 842 844 560 706 627 844 433 627 779 506 535 843 525 632 732 701 671 841
843 0 958 335 413 648 761 426 668 19 17 754 825 621 577 842 97 77 594 796 718 16 524 378 1013 596 625 15 760 379 557 792 905 12
455 958 0 813 916 649 308 1022 645 963 961 261 686 674 719 684 892 914 610 735 795 960 855 856 376 702 670 959 462 857 1153 738 519 956
676 335 813 0 247 481 616 260 502 339 338 609 659 455 410 676 269 290 647 630 552 336 358 233 868 430 459 336 614 234 390 626 760 333
589 413 916 247 0 394 718 172 414 418 417 711 571 367 323 588 371 393 750 543 464 415 270 198 971 343 371 414 717 203 303 538 862 411
557 648 649 481 394 0 452 406 382 652 651 445 540 335 291 556 669 649 754 511 433 649 238 432 973 311 340 648 719 437 537 506 865 646
258 761 308 616 718 452 0 737 448 766 764 104 529 477 522 527 695 717 413 578 637 763 569 659 632 505 473 762 378 660 868 581 523 759
601 426 1022 260 172 406 737 0 427 431 429 818 584 380 335 601 448 427 864 555 477 428 283 210 1085 355 384 427 832 216 255 551 977 424
577 668 645 502 414 382 448 427 0 672 671 441 560 356 311 577 689 669 750 531 453 669 259 452 969 331 360 669 715 457 557 527 861 666
847 19 963 339 418 652 766 431 672 0 22 758 830 625 581 847 102 82 598 801 723 20 529 382 1018 601 630 19 764 384 561 796 909 17
846 17 961 338 417 651 764 429 671 22 0 757 828 624 580 845 101 80 597 799 721 19 527 381 1017 600 628 18 763 382 560 795 908 15
251 754 261 609 711 445 104 818 441 758 757 0 459 470 514 456 688 710 406 508 567 755 650 652 593 498 466 755 371 653 949 510 516 752
669 831 679 665 578 546 522 590 566 836 835 451 0 519 475 101 853 833 824 98 157 833 422 616 918 495 524 832 789 621 721 101 934 830
530 621 674 455 367 335 477 380 356 625 624 470 513 0 264 530 642 622 779 484 406 622 212 405 998 284 313 622 744 410 510 480 889 619
486 577 719 410 323 291 522 335 311 581 580 514 469 264 0 485 598 578 824 440 362 578 167 361 1043 240 269 577 789 366 466 435 934 575
667 848 677 682 594 563 519 607 583 853 851 449 101 536 492 0 870 850 822 114 174 850 439 632 916 512 540 849 787 638 738 117 932 846
842 97 892 269 371 669 695 448 689 102 101 688 847 642 598 863 0 98 528 818 740 99 546 312 947 618 647 98 693 313 578 813 839 95
844 77 914 290 393 649 717 427 669 82 80 710 827 622 578 843 98 0 550 798 720 79 525 334 969 598 627 78 715 335 558 793 860 75
560 578 610 647 750 754 413 865 750 582 581 406 831 779 824 829 512 534 0 880 939 579 960 690 520 807 775 579 266 691 995 883 411 576
712 803 728 636 549 517 571 562 537 807 806 500 98 490 446 114 824 804 873 0 128 804 394 587 967 466 495 803 838 592 692 114 983 801
634 724 787 558 471 439 630 483 459 729 728 560 157 412 368 174 746 726 932 128 0 726 315 509 1026 388 417 725 897 514 614 124 1043 723
844 16 960 336 415 649 763 428 669 20 19 755 827 622 578 844 99 79 595 798 720 0 526 379 1015 598 627 16 761 381 558 793 906 14
433 524 855 358 270 238 569 283 259 529 527 650 416 212 167 433 546 525 960 387 309 526 0 308 1178 187 216 525 925 314 394 383 1070 522
627 378 856 233 198 432 659 210 452 382 381 652 609 405 361 626 312 334 690 580 502 379 308 0 911 381 409 379 657 241 341 576 803 376
779 1013 481 868 971 973 632 1085 969 1018 1017 625 918 998 1043 916 947 969 520 967 1026 1015 1178 911 0 1026 994 1014 303 912 1216 970 359 1011
506 596 702 430 343 311 505 355 331 601 600 498 488 284 240 505 618 598 807 460 381 598 187 381 1026 0 289 597 772 386 486 455 918 594
535 625 670 459 371 340 473 384 360 630 628 466 517 313 269 534 647 627 775 488 410 627 216 409 994 289 0 626 740 415 515 484 886 623
843 15 959 336 414 648 762 427 669 19 18 755 826 622 577 843 98 78 595 797 719 16 525 379 1014 597 626 0 760 380 557 793 906 13
525 760 568 614 717 719 378 832 715 764 763 371 796 744 789 794 693 715 266 845 904 761 925 657 303 772 740 760 0 658 962 848 194 758
632 379 857 234 203 437 660 216 457 384 382 653 615 410 366 631 313 335 691 586 508 381 314 241 912 386 415 380 658 0 346 581 804 377
732 557 1153 390 303 537 868 255 557 561 560 949 715 510 466 731 578 558 995 686 608 558 394 341 1216 486 515 557 962 346 0 681 1107 555
707 798 731 632 544 512 574 557 533 803 801 503 101 486 441 117 819 799 876 114 124 800 389 582 970 461 490 799 841 587 687 0 986 796
671 905 624 760 862 865 523 977 861 909 908 516 942 889 934 939 839 860 411 991 1050 906 1070 803 359 918 886 906 194 804 1107 993 0 903
841 12 956 333 411 646 759 424 666 17 15 752 823 619 575 840 95 75 592 794 716 14 522 376 1011 594 623 13 758 377 555 790 903 0
EOF