NAME : tsp_problem
TYPE : TSP
DIMENSION : 28
EDGE_WEIGHT_TYPE : EXPLICIT
EDGE_WEIGHT_FORMAT : FULL_MATRIX
EDGE_WEIGHT_SECTION
0 1018 1145 500 715 275 492 470 389 1252 1057 320 404 292 558 1318 1173 1466 1312 724 823 849 370 407 514 167 826 691
1017 0 609 728 386 769 1016 1050 1164 603 165 1062 1179 768 633 669 187 817 663 395 691 361 1112 889 871 941 693 529
1154 609 0 733 626 940 697 732 1026 300 649 914 1041 940 638 469 578 617 463 635 734 602 964 893 876 1048 736 602
500 742 725 0 439 297 533 510 604 861 782 492 619 313 131 1030 898 1178 1024 448 396 574 542 233 216 425 399 264
714 386 626 426 0 466 736 770 861 620 425 760 876 466 331 686 541 834 680 38 411 217 809 586 568 639 413 249
275 770 944 297 467 0 362 340 423 1004 809 321 438 44 355 1070 926 1218 1064 476 615 602 371 203 311 200 618 483
492 1016 689 533 736 362 0 83 364 825 1056 253 380 378 549 995 1103 1142 989 745 645 848 302 439 547 387 648 513
470 1050 723 510 770 340 83 0 342 859 1090 230 357 356 568 1029 1138 1177 1023 779 679 882 280 417 524 364 682 547
389 1165 1017 604 862 423 364 342 0 1153 1204 192 40 439 662 1323 1321 1471 1317 871 927 997 242 510 618 284 930 795
1179 531 228 797 548 931 762 796 1090 0 571 978 1105 931 702 392 500 539 385 557 798 524 1028 957 940 1104 801 666
1056 165 649 768 425 808 1056 1090 1203 643 0 1102 1218 808 673 709 321 857 703 434 730 401 1152 928 911 981 733 569
320 1064 905 492 761 321 253 230 192 1041 1103 0 207 338 550 1211 1219 1359 1205 770 815 895 73 399 506 214 818 683
404 1180 1032 619 877 438 380 357 40 1168 1219 207 0 454 677 1338 1336 1486 1332 886 942 1012 257 526 633 299 945 810
292 770 943 313 467 44 378 356 439 1004 809 338 454 0 371 1070 925 1218 1064 476 615 601 387 219 327 216 618 483
558 647 630 131 344 355 549 568 662 765 687 550 677 371 0 935 803 1083 929 353 301 479 600 291 274 483 304 169
1317 669 469 1029 686 1069 1003 1037 1331 463 709 1220 1347 1069 934 0 638 266 55 695 991 662 1269 1189 1172 1242 994 830
1172 187 578 884 541 925 1112 1146 1320 572 321 1218 1335 924 789 638 0 786 632 551 846 517 1268 1044 1027 1097 849 685
1465 817 617 1177 834 1217 1151 1185 1479 611 857 1367 1494 1217 1081 266 786 0 260 843 1139 809 1417 1337 1319 1389 1141 977
1311 663 463 1023 680 1063 997 1031 1325 457 703 1213 1340 1063 928 55 632 260 0 689 985 655 1263 1183 1165 1236 987 823
723 395 635 435 38 475 745 779 870 629 434 769 885 475 340 695 551 843 689 0 420 226 818 595 577 648 423 258
823 691 725 396 411 603 645 679 927 861 730 815 942 603 301 991 846 1139 985 420 0 522 865 556 539 748 51 188
848 361 602 560 217 601 848 882 995 595 401 894 1011 600 465 662 517 809 655 226 522 0 944 720 703 773 525 361
370 1113 955 542 810 371 302 280 242 1091 1153 73 257 387 600 1261 1269 1409 1255 820 865 945 0 448 556 264 868 733
407 902 885 233 599 203 439 417 510 1021 942 399 526 219 291 1190 1058 1338 1184 608 556 734 448 0 247 332 559 424
514 885 867 216 582 311 547 524 618 1003 924 506 633 327 274 1173 1041 1321 1167 591 539 717 556 247 0 439 542 407
167 942 1040 425 640 200 387 364 284 1176 982 214 299 216 483 1243 1098 1390 1237 649 748 774 264 332 439 0 751 616
826 693 728 399 413 606 648 682 930 864 733 818 945 606 304 994 849 1141 987 423 51 525 868 559 542 751 0 190
691 529 593 264 249 471 513 547 795 729 569 683 810 471 169 830 685 977 823 258 188 361 733 424 407 616 190 0
EOF