NAME : tsp_problem
TYPE : TSP
DIMENSION : 22
EDGE_WEIGHT_TYPE : EXPLICIT
EDGE_WEIGHT_FORMAT : FULL_MATRIX
EDGE_WEIGHT_SECTION
0 1082 1308 878 457 923 1336 906 1041 1375 405 917 1193 405 852 1259 823 366 1167 1534 1564 1354
1082 0 1736 1718 1475 195 720 1815 79 397 1459 1757 577 1139 1221 502 812 1255 1536 1064 948 2194
1308 1736 0 795 1249 1577 1991 1162 1695 2029 1152 833 1847 1021 963 1913 1319 1431 562 2188 2218 1541
878 1718 795 0 819 1559 1972 732 1677 2011 722 304 1829 1041 1119 1895 1459 1001 718 2170 2200 1111
457 1475 1249 819 0 1316 1730 601 1435 1769 156 858 1587 812 1259 1652 1216 269 1172 1928 1958 1296
923 195 1577 1559 1316 0 812 1656 154 489 1300 1597 668 980 1062 372 653 1096 1377 1156 1040 2035
1336 720 1991 1972 1730 812 0 2070 696 555 1714 2011 268 1394 1476 1039 914 1510 1790 612 406 2255
906 1815 1162 732 601 1656 2070 0 1775 2109 540 771 1927 1139 1487 1992 1556 795 1085 2268 2298 842
1041 79 1695 1677 1435 154 696 1775 0 373 1419 1716 553 1099 1181 461 772 1214 1495 1040 924 2153
1375 397 2029 2011 1769 489 555 2109 373 0 1753 2050 411 1433 1515 715 1041 1549 1829 898 782 2382
405 1459 1152 722 156 1300 1714 540 1419 1753 0 760 1571 783 1230 1636 1200 360 1075 1912 1942 1198
917 1757 833 304 858 1597 2011 771 1716 2050 760 0 1868 1080 1158 1933 1498 1040 757 2209 2239 1150
1193 577 1847 1829 1587 668 268 1927 553 411 1571 1868 0 1251 1333 895 770 1366 1647 628 496 2111
405 1139 1021 1041 812 980 1394 1139 1099 1433 783 1080 1251 0 506 1316 734 706 821 1591 1622 1518
852 1221 963 1119 1259 1062 1476 1487 1181 1515 1230 1158 1333 506 0 1398 805 1153 763 1674 1704 1866
1259 502 1913 1895 1652 372 1039 1992 461 715 1636 1933 895 1316 1398 0 989 1432 1712 1382 1266 2371
823 812 1319 1459 1216 653 914 1556 772 1041 1200 1498 770 734 805 989 0 996 1119 1111 1141 1935
366 1255 1431 1001 269 1096 1510 795 1214 1549 360 1040 1366 706 1153 1432 996 0 1354 1707 1738 1477
1167 1536 562 718 1172 1377 1790 1085 1495 1829 1075 757 1647 821 763 1712 1119 1354 0 1988 2018 1464
1534 1064 2188 2170 1928 1156 612 2268 1040 898 1912 2209 628 1591 1674 1382 1111 1707 1988 0 363 2452
1564 948 2218 2200 1958 1040 406 2298 924 782 1942 2239 496 1622 1704 1266 1141 1738 2018 363 0 2482
1354 2194 1541 1111 1296 2035 2255 842 2153 2382 1198 1150 2111 1518 1866 2371 1935 1477 1464 2452 2482 0
EOF