NAME : tsp_problem
TYPE : TSP
DIMENSION : 42
EDGE_WEIGHT_TYPE : EXPLICIT
EDGE_WEIGHT_FORMAT : FULL_MATRIX
EDGE_WEIGHT_SECTION
0 2460 1560 244 199 1457 1606 1175 1245 889 504 421 101 1281 1553 244 628 862 307 1577 1018 2510 697 2507 835 2516 1286 665 1321 888 2584 774 1359 1776 1231 1168 81 724 1742 528 866 1020
2596 0 1840 2529 2459 1227 1767 1813 1918 3111 2531 2377 2535 2077 1714 2529 2118 3085 2342 1857 1798 677 2920 717 3057 727 1506 2888 1993 1823 794 2997 2031 1571 1413 1818 2582 2947 874 2556 2012 3243
1560 1704 0 1579 1395 700 580 432 537 2175 1595 1259 1499 697 527 1579 1201 2148 1278 194 1174 1754 1983 1751 2121 1760 969 1951 613 1028 1828 2060 651 1020 721 438 1546 2011 986 1619 1095 2306
244 2393 1579 0 218 1389 1539 1194 1264 821 437 440 183 1300 1486 40 560 795 326 1596 951 2442 630 2440 767 2449 1219 598 1339 820 2517 707 1377 1709 1164 1187 229 657 1675 461 799 953
199 2323 1395 218 0 1320 1469 1010 1080 862 478 256 138 1116 1416 218 491 836 142 1412 881 2373 671 2370 808 2380 1149 639 1156 751 2447 748 1193 1640 1094 1003 185 698 1605 502 729 994
1457 1454 700 1389 1320 0 628 673 778 1971 1392 1238 1396 938 574 1389 979 1945 1202 718 641 1504 1780 1513 1917 1522 348 1748 854 666 1590 1857 892 782 256 679 1442 1807 390 1416 873 2103
1606 1631 580 1539 1469 628 0 552 658 2121 1541 1379 1545 817 355 1539 1128 2095 1352 597 1101 1681 1930 1678 2067 1687 896 1898 733 955 1755 2007 771 947 648 558 1592 1957 913 1566 1022 2253
1175 1676 432 1194 1010 673 552 0 152 1790 1210 874 1114 312 499 1194 933 1763 893 449 1146 1726 1598 1724 1736 1733 942 1566 228 1001 1800 1675 266 993 693 73 1161 1625 959 1234 814 1921
1245 1782 537 1264 1080 778 658 152 0 1860 1280 944 1184 382 605 1264 1003 1833 963 554 1251 1831 1668 1829 1806 1838 1047 1636 100 1106 1906 1745 138 1098 799 145 1231 1696 1064 1304 884 1991
889 2975 2175 821 862 1971 2121 1790 1860 0 1019 1036 828 1896 2068 821 1143 297 966 2192 1533 3025 537 3022 136 3031 1801 505 1935 1402 3099 289 1973 2291 1746 1783 874 379 2257 1043 1381 158
504 2395 1595 437 478 1392 1541 1210 1280 1019 0 456 443 1316 1488 437 563 993 386 1612 953 2445 827 2442 965 2452 1221 762 1355 823 2519 905 1393 1712 1166 1203 489 855 1677 174 801 1150
421 2241 1259 440 256 1238 1379 874 944 1036 456 0 361 980 1326 440 409 1010 139 1276 834 2291 845 2288 982 2297 1093 813 1019 669 2365 922 1057 1557 1012 867 381 872 1523 480 638 1168
101 2399 1499 183 138 1396 1545 1114 1184 828 443 361 0 1220 1492 183 567 801 246 1516 957 2449 636 2446 774 2455 1225 604 1260 827 2523 713 1298 1715 1170 1107 86 663 1681 467 805 959
1281 1941 697 1300 1116 938 817 312 382 1896 1316 980 1220 0 764 1300 1039 1870 999 714 1382 1991 1705 1988 1842 1998 1206 1673 457 1184 2065 1782 495 1258 958 305 1267 1732 1224 1340 921 2027
1553 1578 527 1486 1416 574 355 499 605 2068 1488 1326 1492 764 0 1486 1075 2042 1299 544 1048 1628 1877 1625 2014 1634 843 1845 680 902 1702 1954 718 894 595 505 1538 1904 860 1512 969 2199
244 2393 1579 40 218 1389 1539 1194 1264 821 437 440 183 1300 1486 0 561 795 326 1596 951 2443 630 2440 767 2449 1219 598 1339 820 2517 707 1377 1709 1164 1187 229 657 1675 461 799 953
628 1982 1201 560 491 979 1128 933 1003 1143 563 409 567 1039 1075 561 0 1116 374 1218 609 2032 951 2029 1089 2039 834 919 1078 410 2106 1028 1116 1299 753 926 613 979 1265 587 388 1274
862 2949 2148 795 836 1945 2095 1763 1833 297 993 1010 801 1870 2042 795 1116 0 940 2166 1507 2998 348 2996 395 3005 1775 332 1909 1376 3073 512 1947 2265 1720 1756 848 538 2231 974 1355 270
307 2206 1278 326 142 1202 1352 893 963 966 386 139 246 999 1299 326 374 940 0 1295 764 2256 775 2253 912 2262 1032 743 1038 633 2330 852 1076 1522 977 886 293 802 1488 411 612 1098
1577 1721 194 1596 1412 718 597 449 554 2192 1612 1276 1516 714 544 1596 1218 2166 1295 0 1191 1771 2001 1768 2138 1778 986 1969 630 1045 1845 2078 668 1038 738 455 1563 2028 1003 1636 1112 2323
1018 1955 1174 951 881 641 1101 1146 1251 1533 953 834 957 1382 1048 951 609 1507 764 1191 0 2004 1342 2002 1479 2011 355 1310 1327 241 2079 1419 1365 1271 579 1152 1004 1369 962 978 502 1665
2544 575 1788 2477 2407 1175 1715 1760 1866 3059 2479 2325 2483 2025 1662 2477 2066 3033 2290 1805 1746 0 2868 665 3005 675 1454 2836 1941 1771 742 2945 1979 1519 1361 1766 2529 2895 822 2503 1960 3190
697 2784 1983 630 671 1780 1930 1598 1668 537 827 845 636 1705 1877 630 951 348 775 2001 1342 2833 0 2831 483 2840 1610 167 1744 1211 2908 423 1782 2100 1554 1591 683 373 2066 809 1190 587
2576 333 1820 2509 2439 1533 1747 1793 1898 3091 2511 2357 2515 2058 1694 2509 2099 3065 2322 1837 2071 383 2900 0 3037 45 1812 2868 1974 1926 361 2977 2011 1369 1618 1798 2562 2927 1180 2536 1993 3223
835 2921 2121 767 808 1917 2067 1736 1806 136 965 982 774 1842 2014 767 1089 395 912 2138 1479 2971 483 2968 0 2977 1747 451 1881 1348 3045 375 1919 2237 1692 1729 820 325 2203 989 1327 272
2586 343 1830 2518 2449 1542 1757 1802 1907 3101 2521 2367 2525 2067 1703 2518 2108 3074 2332 1847 2080 392 2909 45 3047 0 1821 2877 1983 1935 371 2986 2021 1378 1628 1808 2571 2936 1189 2545 2002 3232
1286 1733 969 1219 1149 348 896 942 1047 1801 1221 1093 1225 1206 843 1219 834 1775 1032 986 355 1783 1610 1792 1747 1801 0 1578 1122 466 1869 1687 1160 1061 287 947 1272 1637 669 1245 728 1932
665 2752 1951 598 639 1748 1898 1566 1636 505 762 813 604 1673 1845 598 919 332 743 1969 1310 2801 167 2799 451 2808 1578 0 1712 1179 2876 391 1750 2068 1523 1559 651 341 2034 670 1158 571
1321 1857 613 1339 1156 854 733 228 100 1935 1355 1019 1260 457 680 1339 1078 1909 1038 630 1327 1907 1744 1904 1881 1914 1122 1712 0 1182 1981 1821 142 1174 874 221 1306 1771 1140 1380 960 2067
888 1809 1028 820 751 666 955 1001 1106 1402 823 669 827 1184 902 820 410 1376 633 1045 241 1859 1211 1856 1348 1866 466 1179 1182 0 1933 1288 1219 1126 434 1006 873 1238 986 847 304 1534
2653 410 1897 2586 2516 1610 1824 1870 1975 3168 2588 2434 2592 2134 1771 2586 2176 3142 2399 1914 2148 460 2977 361 3114 371 1889 2945 2051 2003 0 3054 2088 1446 1695 1875 2639 3004 1257 2613 2070 3300
774 2861 2060 707 748 1857 2007 1675 1745 289 905 922 713 1782 1954 707 1028 512 852 2078 1419 2910 423 2908 375 2917 1687 391 1821 1288 2985 0 1859 2177 1632 1668 760 145 2143 929 1267 267
1359 1895 651 1377 1193 892 771 266 138 1973 1393 1057 1298 495 718 1377 1116 1947 1076 668 1365 1945 1782 1942 1919 1952 1160 1750 142 1219 2019 1859 0 1212 912 259 1344 1809 1177 1418 998 2105
1776 1253 1020 1709 1640 782 947 993 1098 2291 1712 1557 1715 1258 894 1709 1299 2265 1522 1038 1271 1302 2100 1300 2237 1309 1061 2068 1174 1126 1377 2177 1212 0 818 998 1762 2127 717 1736 1193 2423
1231 1502 721 1164 1094 256 648 693 799 1746 1166 1012 1170 958 595 1164 753 1720 977 738 579 1552 1554 1549 1692 1558 287 1523 874 434 1626 1632 912 818 0 699 1216 1582 577 1190 647 1877
1168 1682 438 1187 1003 679 558 73 145 1783 1203 867 1107 305 505 1187 926 1756 886 455 1152 1732 1591 1729 1729 1738 947 1559 221 1006 1806 1668 259 998 699 0 1154 1618 964 1227 807 1914
81 2445 1546 229 185 1442 1592 1161 1231 874 489 381 86 1267 1538 229 613 848 293 1563 1004 2495 683 2493 820 2502 1272 651 1306 873 2570 760 1344 1762 1216 1154 0 710 1728 514 852 1006
724 2811 2011 657 698 1807 1957 1625 1696 379 855 872 663 1732 1904 657 979 538 802 2028 1369 2861 373 2858 325 2867 1637 341 1771 1238 2935 145 1809 2127 1582 1618 710 0 2093 879 1217 391
1742 1101 986 1675 1605 390 913 959 1064 2257 1677 1523 1681 1224 860 1675 1265 2231 1488 1003 962 1151 2066 1192 2203 1201 669 2034 1140 986 1269 2143 1177 717 577 964 1728 2093 0 1702 1159 2389
528 2419 1619 461 502 1416 1566 1234 1304 1043 174 480 467 1340 1512 461 587 974 411 1636 978 2469 809 2467 989 2476 1245 670 1380 847 2543 929 1418 1736 1190 1227 514 879 1702 0 825 1175
866 1876 1095 799 729 873 1022 814 884 1381 801 638 805 921 969 799 388 1355 612 1112 502 1926 1190 1923 1327 1933 728 1158 960 304 2000 1267 998 1193 647 807 852 1217 1159 825 0 1512
1020 3106 2306 953 994 2103 2253 1921 1991 158 1150 1168 959 2027 2199 953 1274 270 1098 2323 1665 3156 587 3154 272 3163 1932 571 2067 1534 3231 267 2105 2423 1877 1914 1006 391 2389 1175 1512 0
EOF