NAME : tsp_problem
TYPE : TSP
DIMENSION : 36
EDGE_WEIGHT_TYPE : EXPLICIT
EDGE_WEIGHT_FORMAT : FULL_MATRIX
EDGE_WEIGHT_SECTION
0 1218 1494 577 1458 575 743 1370 629 1233 1220 562 411 378 704 815 562 1062 918 969 499 572 1364 781 774 702 720 820 680 763 1371 1356 632 805 1213 374
1218 0 1291 1247 482 1168 872 587 1174 2043 985 1180 1144 1188 705 816 1215 1872 1728 1779 1340 1339 581 1197 1584 1512 721 1054 1296 763 2181 573 1227 805 1027 1107
1494 1291 0 1176 1531 1818 1516 1106 1107 2511 331 1176 1346 1656 1616 1727 1840 2339 2196 2247 1175 1272 1100 862 2052 1979 1632 786 1945 1675 2648 1092 1877 1717 506 1309
577 1247 1152 0 1488 930 629 1062 181 1623 877 193 459 769 828 939 952 1452 1309 1360 122 216 1056 467 1164 1092 844 417 1058 887 1761 1049 989 929 870 422
1458 482 1531 1488 0 1408 1113 827 1414 2283 1225 1421 1385 1429 945 1056 1455 2112 1969 2020 1581 1579 821 1437 1824 1752 961 1294 1536 1004 2421 814 1467 1046 1268 1348
575 1168 1818 930 1408 0 693 1376 836 1180 1511 769 617 432 654 765 170 1009 972 1023 990 944 1370 1271 721 649 670 1235 184 713 1318 1362 115 755 1554 581
743 872 1516 629 1113 693 0 1080 535 1568 1210 468 531 713 359 470 740 1397 1253 1304 722 643 1074 1013 1109 1037 375 934 821 417 1706 1066 752 459 1253 494
1370 587 1106 1062 827 1376 1080 0 989 2251 800 1042 1106 1396 912 1023 1422 2079 1936 1987 1155 1154 152 1012 1792 1720 928 869 1503 971 2388 46 1435 1013 842 1069
629 1174 1107 181 1414 836 535 989 0 1529 832 98 365 675 734 845 858 1358 1215 1266 273 194 983 534 1070 998 750 433 964 793 1667 975 895 835 826 328
1233 2043 2511 1623 2283 1180 1568 2251 1529 0 2204 1462 1311 1045 1529 1640 1121 631 931 1228 1648 1637 2245 1930 672 633 1545 1928 1066 1588 314 2237 1105 1630 2247 1274
1220 985 331 901 1225 1511 1210 800 832 2204 0 902 1040 1350 1310 1421 1533 2033 1890 1941 901 997 794 587 1745 1673 1326 512 1639 1369 2342 786 1570 1411 232 1003
562 1180 1176 193 1421 769 468 1042 98 1462 902 0 297 607 666 778 791 1290 1147 1198 285 206 1036 576 1003 931 683 502 896 725 1599 1028 828 767 895 260
411 1144 1346 459 1385 617 531 1106 365 1311 1040 297 0 456 631 742 639 1139 996 1047 552 473 1100 843 851 779 647 764 745 689 1448 1092 676 731 1083 86
378 1188 1656 769 1429 432 713 1396 675 1045 1350 607 456 0 675 786 419 873 730 781 793 782 1390 1075 585 513 691 1073 497 733 1182 1382 489 775 1392 419
704 705 1616 828 945 654 359 912 734 1529 1310 666 631 675 0 157 701 1358 1215 1266 921 842 906 1212 1070 998 62 1133 782 180 1667 899 713 147 1353 594
815 816 1727 939 1056 765 470 1023 845 1640 1421 778 742 786 157 0 812 1469 1326 1377 1032 953 1017 1323 1181 1109 131 1244 893 261 1778 1010 824 139 1464 705
562 1215 1840 952 1455 170 740 1422 858 1121 1533 791 639 419 701 812 0 949 959 1010 977 966 1416 1259 661 589 717 1257 143 760 1258 1408 95 802 1576 602
1062 1872 2339 1452 2112 1009 1397 2079 1358 631 2033 1290 1139 873 1358 1469 949 0 410 706 1477 1465 2073 1758 501 461 1374 1757 894 1417 801 2066 934 1459 2076 1102
918 1728 2196 1309 1969 972 1253 1936 1215 931 1890 1147 996 730 1215 1326 959 410 0 338 1333 1322 1930 1615 801 762 1231 1613 946 1273 1101 1922 986 1315 1932 959
969 1779 2247 1360 2020 1023 1304 1987 1266 1228 1941 1198 1047 781 1266 1377 1010 706 338 0 1384 1373 1981 1666 1085 1013 1282 1664 997 1324 1398 1973 1037 1366 1983 1010
499 1340 1175 122 1581 990 722 1155 273 1648 901 285 552 793 921 1032 977 1477 1333 1384 0 171 1149 462 1189 1117 937 501 1095 980 1786 1141 1047 1022 894 515
572 1339 1261 216 1579 944 643 1154 194 1637 986 206 473 782 842 953 966 1465 1322 1373 171 0 1148 585 1178 1106 858 526 1071 901 1774 1140 1003 942 980 436
1364 581 1100 1056 821 1370 1074 152 983 2245 794 1036 1100 1390 906 1017 1416 2073 1930 1981 1149 1148 0 1006 1786 1714 922 863 1497 965 2382 175 1429 1007 836 1063
781 1197 862 467 1437 1271 1013 1012 534 1930 587 576 843 1075 1212 1323 1259 1758 1615 1666 462 585 1006 0 1471 1399 1228 187 1376 1271 2067 998 1329 1312 580 806
774 1584 2052 1164 1824 721 1109 1792 1070 672 1745 1003 851 585 1070 1181 661 501 801 1085 1189 1178 1786 1471 0 174 1086 1469 607 1129 810 1778 646 1171 1788 814
702 1512 1979 1092 1752 649 1037 1720 998 633 1673 931 779 513 998 1109 589 461 762 1013 1117 1106 1714 1399 174 0 1014 1397 535 1057 770 1706 574 1099 1716 742
720 721 1632 844 961 670 375 928 750 1545 1326 683 647 691 62 131 717 1374 1231 1282 937 858 922 1228 1086 1014 0 1149 798 196 1683 915 729 135 1369 610
820 1054 786 417 1294 1235 934 869 433 1928 512 502 764 1073 1133 1244 1257 1757 1613 1664 501 526 863 187 1469 1397 1149 0 1363 1192 2066 855 1294 1234 505 727
680 1296 1945 1058 1536 184 821 1503 964 1066 1639 896 745 497 782 893 143 894 946 997 1095 1071 1497 1376 607 535 798 1363 0 841 1203 1489 109 882 1682 708
763 763 1675 887 1004 713 417 971 793 1588 1369 725 689 733 180 261 760 1417 1273 1324 980 901 965 1271 1129 1057 196 1192 841 0 1726 957 772 168 1412 652
1371 2181 2648 1761 2421 1318 1706 2388 1667 314 2342 1599 1448 1182 1667 1778 1258 801 1101 1398 1786 1774 2382 2067 810 770 1683 2066 1203 1726 0 2374 1243 1768 2385 1411
1356 573 1092 1049 814 1362 1066 46 975 2237 786 1028 1092 1382 899 1010 1408 2066 1922 1973 1141 1140 175 998 1778 1706 915 855 1489 957 2374 0 1421 999 828 1055
632 1227 1877 989 1467 115 752 1435 895 1105 1570 828 676 489 713 824 95 934 986 1037 1047 1003 1429 1329 646 574 729 1294 109 772 1243 1421 0 814 1613 640
805 805 1717 929 1046 755 459 1013 835 1630 1411 767 731 775 147 139 802 1459 1315 1366 1022 942 1007 1312 1171 1099 135 1234 882 168 1768 999 814 0 1453 694
1213 1027 506 895 1268 1554 1253 842 826 2247 232 895 1083 1392 1353 1464 1576 2076 1932 1983 894 990 836 580 1788 1716 1369 505 1682 1412 2385 828 1613 1453 0 1046
374 1107 1309 422 1348 581 494 1069 328 1274 1003 260 86 419 594 705 602 1102 959 1010 515 436 1063 806 814 742 610 727 708 652 1411 1055 640 694 1046 0
EOF