NAME : tsp_problem
TYPE : TSP
DIMENSION : 82
EDGE_WEIGHT_TYPE : EXPLICIT
EDGE_WEIGHT_FORMAT : FULL_MATRIX
EDGE_WEIGHT_SECTION
0 277 852 1208 2125 42 475 267 1655 496 863 1301 827 731 1782 1888 1383 958 1824 361 1279 1347 57 652 1937 2939 1412 1256 1812 1528 1663 1161 1849 2916 1691 474 1763 378 1946 1230 1294 1999 1839 1805 1073 1988 1813 400 2283 600 786 914 1314 1277 1766 2137 1907 1967 1911 661 1357 2374 1706 245 530 1686 1881 303 1914 2950 2125 2237 1361 1200 2038 1301 47 940 1923 818 1995 857
277 0 699 1054 1972 285 660 114 1502 259 710 1147 590 493 1629 1735 1230 805 1671 534 1125 1194 244 414 1783 2786 1259 1103 1659 1374 1510 1007 1695 2762 1537 320 1610 141 1793 1077 1188 1846 1686 1652 919 1835 1659 162 2129 446 632 676 1161 1123 1613 1984 1753 1814 1758 424 1203 2220 1552 276 424 1533 1728 149 1761 2797 1972 2083 1208 1047 1885 1148 270 787 1769 664 1842 704
852 699 0 775 1693 859 1288 632 1065 917 240 711 934 904 1192 1298 793 957 1234 1108 846 915 819 967 1504 2507 822 824 1379 1095 1231 728 1259 2483 1258 701 1174 799 1514 797 1847 1410 1249 1373 640 1399 1269 821 1850 472 399 942 741 844 1334 1705 1474 1966 1478 1046 924 1941 1116 851 1083 1096 1292 578 1913 2518 1693 1922 771 767 1605 712 845 190 1490 212 1406 562
1208 1054 775 0 995 1215 1643 988 877 1245 599 691 1137 1106 1173 777 773 1313 1105 1464 304 180 1174 1169 806 1809 803 96 681 397 532 647 1130 1785 537 1057 1045 1155 816 99 2203 888 1120 675 313 1270 682 1177 1152 828 601 1144 340 146 636 1007 776 1519 780 1248 303 1243 1096 1206 1439 856 770 934 1603 1820 995 1224 751 225 907 521 1201 774 792 587 1277 764
2125 1972 1693 995 0 2132 2561 1905 965 2163 1516 1510 2054 2024 1275 865 1592 2185 1194 2381 1222 897 2092 2087 894 1339 1621 996 770 645 496 1153 1218 1272 630 1974 1133 2072 339 929 3120 976 1209 763 1230 1358 770 2094 275 1745 1519 2062 1257 920 410 728 864 1241 869 2166 1113 367 1452 2124 2356 944 858 1852 1325 1350 23 945 1570 1143 629 1439 2118 1691 880 1505 1365 1681
42 285 859 1215 2132 0 465 275 1662 503 870 1308 834 738 1789 1895 1390 966 1831 351 1286 1354 64 659 1944 2946 1419 1263 1819 1535 1670 1168 1856 2923 1698 481 1771 385 1953 1237 1284 2007 1846 1813 1080 1996 1820 407 2290 607 793 921 1321 1284 1773 2144 1914 1974 1918 668 1364 2381 1713 252 520 1693 1888 310 1921 2957 2132 2244 1368 1207 2045 1309 38 948 1930 825 2003 864
475 660 1288 1643 2561 465 0 703 2091 816 1299 1736 1147 1051 2218 2324 1819 1394 2259 215 1714 1783 497 971 2372 3375 1848 1692 2247 1963 2099 1596 2284 3351 2126 909 2199 682 2382 1665 1079 2435 2274 2241 1508 2424 2248 703 2718 1035 1221 1233 1750 1712 2202 2573 2342 2403 2346 981 1792 2809 2141 482 388 2121 2317 738 2350 3386 2561 2672 1797 1635 2473 1737 470 1376 2358 1253 2431 1293
267 114 632 988 1905 275 703 0 1435 317 643 1081 648 552 1562 1668 1163 738 1604 524 1059 1127 234 473 1717 2719 1192 1036 1592 1308 1443 941 1629 2696 1471 254 1544 215 1726 1010 1262 1779 1619 1585 853 1768 1593 236 2063 380 566 735 1094 1057 1546 1917 1687 1747 1691 482 1137 2154 1486 266 498 1466 1661 83 1694 2730 1905 2017 1141 980 1818 1082 260 720 1703 598 1775 637
1655 1502 1065 877 965 1662 2091 1435 0 1692 864 595 1584 1554 361 283 678 1761 279 1911 937 902 1622 1617 506 1779 707 925 382 620 503 1264 304 1755 884 1504 219 1602 786 811 2650 395 294 375 1026 444 254 1624 1122 1275 1049 1592 754 802 606 977 476 1489 480 1696 1118 1213 537 1654 1886 85 277 1381 1573 1790 965 1194 656 858 878 725 1648 1039 492 907 451 1211
496 259 917 1245 2163 503 816 317 1692 0 901 1338 356 260 1820 1925 1420 1024 1861 752 1316 1384 463 180 1974 2977 1449 1294 1849 1565 1700 1198 1886 2953 1728 539 1801 297 1983 1267 1345 2037 1876 1843 1110 2026 1850 319 2320 665 823 442 1352 1314 1803 2174 1944 2032 1948 190 1394 2411 1743 495 581 1723 1919 368 1979 2988 2163 2302 1398 1237 2075 1339 489 1006 1960 855 2033 594
863 710 240 599 1516 870 1299 643 864 901 0 510 792 762 991 1097 592 969 1033 1120 670 738 830 825 1320 2330 621 647 1195 919 1054 586 1057 2307 1090 713 972 811 1337 621 1858 1208 1048 1188 463 1197 1068 832 1673 484 257 800 540 668 1157 1528 1290 1978 1294 904 747 1765 914 862 1094 895 1090 590 1924 2341 1516 1745 570 591 1429 510 856 214 1306 115 1204 419
1301 1147 711 691 1510 1308 1736 1081 595 1338 510 0 1230 1199 722 828 217 1406 764 1557 583 831 1268 1262 1051 2324 278 740 926 1011 1047 910 789 2300 1183 1150 704 1248 1331 713 2296 940 779 920 671 929 799 1270 1667 921 694 1237 400 760 1151 1522 1021 2034 1025 1341 840 1758 646 1299 1532 626 822 1027 2118 2335 1510 1739 94 504 1422 371 1294 685 1037 553 936 857
827 590 934 1137 2054 834 1147 648 1584 356 792 1230 0 121 1711 1817 1312 1336 1753 1083 1208 1276 794 280 1866 2868 1341 1185 1741 1457 1592 1090 1778 2845 1620 870 1693 628 1875 1159 1676 1929 1768 1734 1002 1917 1742 650 2212 851 715 185 1243 1206 1695 2066 1836 2345 1840 359 1286 2303 1635 826 879 1615 1810 699 2291 2879 2054 2283 1290 1129 1967 1231 820 968 1852 747 1924 486
731 493 904 1106 2024 738 1051 552 1554 260 762 1199 121 0 1681 1787 1282 1258 1723 987 1177 1246 698 184 1835 2838 1311 1155 1711 1426 1562 1059 1747 2814 1589 774 1662 532 1845 1129 1579 1898 1738 1704 971 1887 1711 553 2181 820 684 207 1213 1175 1665 2036 1805 2267 1810 263 1255 2272 1604 729 783 1585 1780 603 2214 2849 2024 2253 1260 1099 1937 1200 724 937 1821 716 1894 455
1782 1629 1192 1173 1275 1789 2218 1562 361 1820 991 722 1711 1681 0 594 805 1888 530 2038 1064 1212 1749 1744 817 2089 834 1221 692 931 813 1392 555 2066 1194 1631 469 1729 1096 1122 2777 705 545 685 1153 694 565 1751 1433 1402 1176 1719 881 1112 916 1287 787 1799 791 1823 1321 1524 664 1781 2013 392 587 1509 1883 2100 1275 1504 783 985 1188 852 1775 1166 803 1034 701 1338
1888 1735 1298 777 865 1895 2324 1668 283 1925 1097 828 1817 1787 594 0 910 1993 512 2144 1004 802 1855 1849 406 1679 940 825 282 520 403 1291 537 1656 784 1737 452 1835 686 711 2883 213 527 275 1012 677 154 1857 1022 1508 1282 1825 987 702 506 877 376 1389 381 1928 1018 1114 770 1887 2119 262 95 1614 1473 1690 865 1094 889 925 778 958 1881 1272 392 1140 684 1444
1383 1230 793 773 1592 1390 1819 1163 678 1420 592 217 1312 1282 805 910 0 1488 846 1639 665 913 1350 1344 1133 2406 117 822 1008 1093 1130 992 871 2382 1265 1232 786 1330 1413 796 2378 1022 861 1002 753 1011 881 1352 1749 1003 777 1319 482 842 1233 1604 1103 2116 1107 1423 922 1840 728 1382 1614 708 904 1109 2200 2417 1592 1821 159 586 1505 453 1376 767 1119 635 1018 939
958 805 957 1313 2185 966 1394 738 1761 1024 969 1406 1336 1258 1888 1993 1488 0 1929 1215 1384 1453 925 1179 2042 2816 1518 1362 1917 1633 1768 1266 1954 2793 1796 808 1869 906 2052 1335 1953 2105 1944 1911 1178 2094 1918 927 2342 705 891 1343 1420 1382 1872 1485 2012 1030 2016 1189 1462 2433 1811 957 1189 1791 1987 685 977 2827 2185 1299 1467 1305 1915 1407 951 1046 2028 923 2101 963
1824 1671 1234 1105 1194 1831 2259 1604 279 1861 1033 764 1753 1723 530 512 846 1929 0 2080 1106 1131 1791 1785 735 2008 876 1154 610 849 731 1433 335 1984 1113 1673 250 1771 1015 1040 2819 624 135 604 1194 475 483 1793 1351 1444 1218 1760 923 1031 835 1206 705 1718 709 1864 1347 1442 706 1822 2055 310 506 1550 1802 2019 1194 1423 824 1027 1106 894 1817 1208 721 1076 482 1380
361 534 1108 1464 2381 351 215 524 1911 752 1120 1557 1083 987 2038 2144 1639 1215 2080 0 1535 1603 383 908 2193 3195 1668 1512 2068 1784 1919 1417 2105 3172 1947 730 2020 634 2202 1486 1199 2256 2095 2062 1329 2245 2069 656 2539 856 1042 1170 1570 1533 2022 2393 2163 2223 2167 917 1613 2630 1962 303 509 1942 2138 559 2170 3206 2381 2493 1617 1456 2294 1558 356 1197 2179 1074 2252 1114
1279 1125 846 304 1222 1286 1714 1059 937 1316 670 583 1208 1177 1064 1004 665 1384 1106 1535 0 444 1246 1240 1034 2036 694 353 909 624 760 796 1131 2012 796 1128 1046 1226 1043 327 2274 1115 1121 902 384 1271 909 1248 1379 899 672 1215 232 373 863 1234 1003 1746 1008 1319 453 1470 988 1277 1510 968 997 1005 1830 2047 1222 1451 643 109 1135 413 1272 845 1019 659 1278 835
1347 1194 915 180 897 1354 1783 1127 902 1384 738 831 1276 1246 1212 802 913 1453 1131 1603 444 0 1314 1309 831 1834 942 121 707 340 558 582 1155 1810 380 1196 1070 1294 701 193 2342 913 1146 700 452 1295 707 1316 1055 967 741 1284 479 140 521 1032 801 1544 806 1388 239 1146 1235 1346 1578 881 795 1074 1628 1845 897 1249 891 365 933 661 1340 913 817 727 1302 903
57 244 819 1174 2092 64 497 234 1622 463 830 1268 794 698 1749 1855 1350 925 1791 383 1246 1314 0 618 1904 2906 1379 1223 1779 1495 1630 1128 1815 2883 1658 440 1730 345 1913 1197 1316 1966 1806 1772 1039 1955 1779 367 2249 567 752 880 1281 1244 1733 2104 1873 1934 1878 628 1323 2341 1672 211 552 1653 1848 269 1881 2917 2092 2203 1328 1167 2005 1268 50 907 1890 784 1962 824
652 414 967 1169 2087 659 971 473 1617 180 825 1262 280 184 1744 1849 1344 1179 1785 908 1240 1309 618 0 1898 2901 1374 1218 1773 1489 1624 1122 1810 2877 1652 694 1725 452 1908 1191 1500 1961 1800 1767 1034 1950 1774 474 2244 820 747 366 1276 1238 1728 2099 1868 2188 1872 184 1318 2335 1667 650 704 1647 1843 523 2135 2912 2087 2316 1323 1161 1999 1263 645 1000 1884 779 1957 518
1937 1783 1504 806 894 1944 2372 1717 506 1974 1320 1051 1866 1835 817 406 1133 2042 735 2193 1034 831 1904 1898 0 1709 1163 855 223 550 432 1320 760 1685 814 1786 675 1884 715 741 2932 518 750 217 1042 900 312 1906 1052 1557 1330 1873 1069 732 535 906 307 1419 164 1977 1047 1143 993 1935 2168 485 400 1663 1503 1720 895 1123 1111 955 807 1181 1930 1495 323 1317 907 1493
3008 2855 2576 1878 1327 3016 3444 2788 1848 3046 2399 2393 2938 2907 2158 1748 2475 2886 2077 3265 2105 1903 2975 2970 1778 0 2504 1926 1653 1621 1379 2362 2102 489 1839 2858 2017 2956 1480 1813 4003 1860 2092 1646 2113 2241 1654 2977 1162 2629 2402 2945 2141 1803 1607 1429 1748 1941 1752 3049 2119 996 2335 3007 3239 1827 1742 2735 2025 427 1327 1646 2453 2026 1330 2322 3001 2575 1764 2388 2248 2565
1412 1259 822 803 1621 1419 1848 1192 707 1449 621 278 1341 1311 834 940 117 1518 876 1668 694 942 1379 1374 1163 2435 0 851 1038 1123 1159 1022 900 2412 1294 1261 815 1359 1442 825 2407 1051 891 1031 783 1040 910 1381 1778 1032 806 1349 511 872 1262 1633 1132 2145 1137 1453 951 1870 757 1411 1643 738 933 1139 2229 2446 1621 1850 221 615 1534 482 1405 796 1149 664 1047 968
1256 1103 824 96 996 1263 1692 1036 925 1294 647 740 1185 1155 1221 825 822 1362 1154 1512 353 121 1223 1218 855 1857 851 0 730 438 581 588 1179 1834 478 1105 1094 1203 799 148 2251 937 1169 723 361 1318 731 1225 1153 876 650 1193 388 195 619 1055 825 1567 829 1297 244 1244 1144 1255 1487 904 819 983 1651 1868 996 1272 800 274 956 570 1249 822 841 636 1325 812
1812 1659 1379 681 770 1819 2247 1592 382 1849 1195 926 1741 1711 692 282 1008 1917 610 2068 909 707 1779 1773 223 1584 1038 730 0 425 307 1195 635 1560 689 1661 550 1759 590 616 2807 393 625 37 917 775 187 1781 927 1432 1206 1748 944 607 411 781 193 1294 198 1852 922 1018 868 1810 2043 360 275 1538 1378 1595 770 998 987 830 682 1056 1805 1370 209 1192 782 1368
1528 1374 1095 397 645 1535 1963 1308 620 1565 919 1011 1457 1426 931 520 1093 1633 849 1784 624 340 1495 1489 550 1552 1123 438 425 0 276 828 874 1529 294 1377 789 1475 448 332 2523 632 864 418 633 1013 426 1497 802 1148 921 1464 660 323 268 750 520 1262 524 1568 555 894 1107 1526 1759 599 514 1254 1346 1563 645 967 1072 546 651 841 1521 1094 536 907 1020 1084
1663 1510 1231 532 496 1670 2099 1443 503 1700 1054 1047 1592 1562 813 403 1130 1768 731 1919 760 558 1630 1624 432 1310 1159 581 307 276 0 1046 756 1287 540 1512 671 1610 376 467 2658 514 746 301 768 896 308 1632 653 1283 1057 1600 795 458 262 508 402 1020 406 1703 773 745 989 1662 1894 481 396 1389 1104 1321 496 725 1108 681 409 976 1656 1229 418 1043 903 1219
1161 1007 728 647 1153 1168 1596 941 1264 1198 586 910 1090 1059 1392 1291 992 1266 1433 1417 796 582 1128 1122 1320 2323 1022 588 1195 811 1046 0 1458 2299 586 1010 1373 1108 956 711 2156 1402 1448 1189 608 1598 1196 1130 1310 781 554 1097 832 699 853 1520 1290 2033 1294 1201 397 1402 1315 1159 1392 1295 1284 887 2117 2334 1153 1737 970 717 1421 911 1154 762 1306 540 1605 717
1849 1695 1259 1130 1218 1856 2284 1629 304 1886 1057 789 1778 1747 555 537 871 1954 335 2105 1131 1155 1815 1810 760 2033 900 1179 635 874 756 1458 0 2009 1138 1698 143 1796 1039 1065 2844 648 350 629 1219 174 508 1818 1376 1469 1242 1785 948 1056 859 1230 730 1743 734 1889 1371 1467 731 1847 2080 335 530 1575 1826 2043 1218 1447 849 1052 1131 919 1842 1233 746 1100 181 1405
2872 2719 2440 1742 865 2879 3308 2652 1712 2909 2263 2257 2801 2771 2022 1612 2339 2932 1941 3128 1969 1644 2839 2834 1641 693 2368 1743 1517 1392 1243 1900 1965 0 1377 2721 1880 2819 1086 1676 3867 1723 1956 1510 1977 2105 1517 2841 700 2492 2266 2809 2004 1667 1157 1475 1611 1988 1615 2913 1860 534 2199 2871 3103 1691 1605 2599 2072 704 865 1692 2317 1890 1376 2186 2865 2438 1627 2252 2112 2428
1691 1537 1258 537 630 1698 2126 1471 884 1728 1090 1183 1620 1589 1194 784 1265 1796 1113 1947 796 380 1658 1652 814 1816 1294 478 689 294 540 586 1138 1784 0 1540 1052 1638 434 503 2686 896 1128 682 804 1277 689 1660 788 1311 1085 1627 831 450 330 1014 783 1526 788 1731 524 879 1371 1689 1922 863 777 1417 1610 1827 630 1231 1243 717 915 1012 1684 1265 800 1071 1284 1247
474 320 701 1057 1974 481 909 254 1504 539 713 1150 870 774 1631 1737 1232 808 1673 730 1128 1196 440 694 1786 2788 1261 1105 1661 1377 1512 1010 1698 2765 1540 0 1613 421 1795 1079 1469 1849 1688 1655 922 1838 1662 442 2132 449 635 956 1163 1126 1615 1986 1756 1816 1760 704 1206 2223 1555 472 704 1535 1731 200 1763 2799 1974 2086 1210 1049 1887 1151 466 790 1772 667 1845 707
1763 1610 1174 1045 1133 1771 2199 1544 219 1801 972 704 1693 1662 469 452 786 1869 250 2020 1046 1070 1730 1725 675 1947 815 1094 550 789 671 1373 143 1924 1052 1613 0 1711 954 980 2758 563 265 543 1134 283 423 1732 1291 1384 1157 1700 863 970 774 1145 645 1657 649 1804 1286 1382 646 1762 1994 250 445 1490 1741 1958 1133 1362 764 967 1046 833 1756 1148 661 1015 290 1320
378 141 799 1155 2072 385 682 215 1602 297 811 1248 628 532 1729 1835 1330 906 1771 634 1226 1294 345 452 1884 2887 1359 1203 1759 1475 1610 1108 1796 2863 1638 421 1711 0 1893 1177 1211 1947 1786 1753 1020 1936 1760 78 2230 547 733 714 1261 1224 1713 2084 1854 1914 1858 462 1304 2321 1653 377 446 1633 1829 250 1861 2897 2072 2184 1308 1147 1985 1249 371 888 1870 765 1943 805
1946 1793 1514 816 339 1953 2382 1726 786 1983 1337 1331 1875 1845 1096 686 1413 2052 1015 2202 1043 701 1913 1908 715 1411 1442 799 590 448 376 956 1039 1387 434 1795 954 1893 0 750 2941 797 1030 584 1051 1179 591 1915 497 1566 1340 1883 1078 741 213 608 685 1121 689 1987 916 588 1273 1945 2177 765 679 1672 1204 1422 340 825 1391 964 509 1259 1939 1512 701 1326 1186 1502
1230 1077 797 99 929 1237 1665 1010 811 1267 621 713 1159 1129 1122 711 796 1335 1040 1486 327 193 1197 1191 741 1743 825 148 616 332 467 711 1065 1720 503 1079 980 1177 750 0 2225 823 1055 609 335 1205 617 1199 1087 850 624 1166 362 81 570 941 711 1453 715 1270 368 1178 1118 1228 1461 790 705 956 1537 1754 929 1158 774 248 842 543 1223 796 727 610 1212 786
1294 1188 1847 2203 3120 1284 1079 1262 2650 1345 1858 2296 1676 1579 2777 2883 2378 1953 2819 1199 2274 2342 1316 1500 2932 3934 2407 2251 2807 2523 2658 2156 2844 3911 2686 1469 2758 1211 2941 2225 0 2994 2834 2800 2068 2983 2808 1232 3278 1595 1781 1762 2309 2272 2761 3132 2902 2962 2906 1510 2352 3369 2701 1401 892 2681 2876 1298 2909 3945 3120 3232 2356 2195 3033 2297 1289 1935 2918 1813 2990 1852
1999 1846 1410 888 976 2007 2435 1779 395 2037 1208 940 1929 1898 705 213 1022 2105 624 2256 1115 913 1966 1961 518 1790 1051 937 393 632 514 1402 648 1767 896 1849 563 1947 797 823 2994 0 639 386 1124 788 266 1968 1134 1620 1393 1936 1099 814 617 988 488 1500 492 2040 1129 1225 882 1998 2230 374 172 1726 1584 1801 976 1205 1000 1036 889 1069 1992 1384 504 1251 795 1556
1839 1686 1249 1120 1209 1846 2274 1619 294 1876 1048 779 1768 1738 545 527 861 1944 135 2095 1121 1146 1806 1800 750 2023 891 1169 625 864 746 1448 350 1999 1128 1688 265 1786 1030 1055 2834 639 0 619 1209 490 498 1808 1366 1459 1233 1775 938 1046 850 1221 720 1733 724 1879 1361 1457 721 1837 2070 325 521 1565 1817 2034 1209 1438 839 1042 1121 909 1832 1223 736 1091 497 1395
1805 1652 1373 675 763 1813 2241 1585 375 1843 1188 920 1734 1704 685 275 1002 1911 604 2062 902 700 1772 1767 217 1577 1031 723 37 418 301 1189 629 1554 682 1655 543 1753 584 609 2800 386 619 0 910 768 180 1774 920 1426 1199 1742 937 600 404 775 187 1287 191 1846 916 1012 862 1804 2036 354 268 1532 1371 1588 763 992 980 823 676 1049 1798 1364 203 1185 775 1362
1073 919 640 313 1230 1080 1508 853 1026 1110 463 671 1002 971 1153 1012 753 1178 1194 1329 384 452 1039 1034 1042 2044 783 361 917 633 768 608 1219 2021 804 922 1134 1020 1051 335 2068 1124 1209 910 0 1359 918 1041 1388 693 466 1009 419 382 871 1242 1012 1754 1016 1113 462 1479 1076 1071 1303 1056 1006 799 1838 2055 1230 1459 732 305 1143 601 1065 639 1028 452 1366 629
1988 1835 1399 1270 1358 1996 2424 1768 444 2026 1197 929 1917 1887 694 677 1011 2094 475 2245 1271 1295 1955 1950 900 2172 1040 1318 775 1013 896 1598 174 2149 1277 1838 283 1936 1179 1205 2983 788 490 768 1359 0 647 1957 1515 1609 1382 1925 1088 1195 999 1370 869 1882 874 2029 1511 1607 871 1987 2219 475 670 1715 1966 2183 1358 1587 989 1192 1271 1058 1981 1372 886 1240 31 1545
1813 1659 1269 682 770 1820 2248 1593 254 1850 1068 799 1742 1711 565 154 881 1918 483 2069 909 707 1779 1774 312 1584 910 731 187 426 308 1196 508 1561 689 1662 423 1760 591 617 2808 266 498 180 918 647 0 1782 928 1433 1206 1749 945 608 411 782 282 1294 286 1853 923 1019 741 1811 2043 233 148 1539 1378 1595 770 999 859 830 683 929 1806 1243 298 1111 655 1369
400 162 821 1177 2094 407 703 236 1624 319 832 1270 650 553 1751 1857 1352 927 1793 656 1248 1316 367 474 1906 2908 1381 1225 1781 1497 1632 1130 1818 2885 1660 442 1732 78 1915 1199 1232 1968 1808 1774 1041 1957 1782 0 2251 569 755 736 1283 1246 1735 2106 1875 1936 1880 484 1325 2343 1674 398 468 1655 1850 272 1883 2919 2094 2205 1330 1169 2007 1270 393 909 1892 786 1964 826
2283 2129 1850 1152 275 2290 2718 2063 1122 2320 1673 1667 2212 2181 1433 1022 1749 2342 1351 2539 1379 1055 2249 2244 1052 1174 1778 1153 927 802 653 1310 1376 1108 788 2132 1291 2230 497 1087 3278 1134 1366 920 1388 1515 928 2251 0 1903 1676 2219 1415 1077 567 886 1022 1398 1026 2323 1270 202 1609 2281 2513 1101 1016 2009 1482 1185 275 1103 1727 1300 787 1596 2275 1849 1038 1662 1523 1839
600 446 472 828 1745 607 1035 380 1275 665 484 921 851 820 1402 1508 1003 705 1444 856 899 967 567 820 1557 2560 1032 876 1432 1148 1283 781 1469 2536 1311 449 1384 547 1566 850 1595 1620 1459 1426 693 1609 1433 569 1903 0 406 858 935 897 1386 1757 1527 1714 1531 830 977 1994 1326 598 831 1306 1502 326 1661 2571 1746 1974 981 820 1658 922 593 561 1543 438 1616 478
786 632 399 601 1519 793 1221 566 1049 823 257 694 715 684 1176 1282 777 891 1218 1042 672 741 752 747 1330 2333 806 650 1206 921 1057 554 1242 2309 1085 635 1157 733 1340 624 1781 1393 1233 1199 466 1382 1206 755 1676 406 0 722 708 670 1160 1531 1300 1900 1305 826 750 1767 1099 784 1017 1080 1275 512 1847 2344 1519 1748 755 594 1432 695 779 432 1316 211 1389 342
914 676 942 1144 2062 921 1233 735 1592 442 800 1237 185 207 1719 1825 1319 1343 1760 1170 1215 1284 880 366 1873 2876 1349 1193 1748 1464 1600 1097 1785 2852 1627 956 1700 714 1883 1166 1762 1936 1775 1742 1009 1925 1749 736 2219 858 722 0 1251 1213 1703 2074 1843 2352 1847 445 1293 2310 1642 912 966 1622 1818 785 2299 2887 2062 2291 1298 1136 1974 1238 906 975 1859 754 1932 493
1314 1161 741 340 1257 1321 1750 1094 754 1352 540 400 1243 1213 881 987 482 1420 923 1570 232 479 1281 1276 1069 2071 511 388 944 660 795 832 948 2048 831 1163 863 1261 1078 362 2309 1099 938 937 419 1088 945 1283 1415 935 708 1251 0 409 898 1269 1039 1781 1043 1355 489 1506 805 1313 1545 785 980 1041 1865 2082 1257 1486 460 153 1170 230 1307 715 1055 583 1095 870
1277 1123 844 146 920 1284 1712 1057 802 1314 668 760 1206 1175 1112 702 842 1382 1031 1533 373 140 1244 1238 732 1734 872 195 607 323 458 699 1056 1711 450 1126 970 1224 741 81 2272 814 1046 600 382 1195 608 1246 1077 897 670 1213 409 0 561 932 701 1444 706 1317 356 1169 1165 1275 1508 781 695 1003 1528 1745 920 1149 821 295 833 590 1270 843 718 656 1202 833
1766 1613 1334 636 410 1773 2202 1546 606 1803 1157 1151 1695 1665 916 506 1233 1872 835 2022 863 521 1733 1728 535 1538 1262 619 411 268 262 853 859 1514 330 1615 774 1713 213 570 2761 617 850 404 871 999 411 1735 567 1386 1160 1703 898 561 0 736 505 1248 509 1807 736 658 1093 1765 1997 585 499 1493 1332 1549 410 953 1211 784 637 1080 1759 1332 521 1146 1006 1322
2137 1984 1705 1007 728 2144 2573 1917 977 2174 1528 1522 2066 2036 1287 877 1604 1485 1206 2393 1234 1032 2104 2099 906 1360 1633 1055 781 750 508 1520 1230 1337 1014 1986 1145 2084 608 941 3132 988 1221 775 1242 1370 782 2106 886 1757 1531 2074 1269 932 736 0 876 541 880 2178 1248 977 1463 2136 2368 956 870 1863 625 1371 729 246 1582 1155 459 1450 2130 1703 892 1517 1377 1693
1907 1753 1474 776 864 1914 2342 1687 476 1944 1290 1021 1836 1805 787 376 1103 2012 705 2163 1003 801 1873 1868 307 1678 1132 825 193 520 402 1290 730 1655 783 1756 645 1854 685 711 2902 488 720 187 1012 869 282 1875 1022 1527 1300 1843 1039 701 505 876 0 1388 281 1947 1017 1113 963 1905 2137 455 370 1633 1472 1689 864 1093 1081 924 777 1151 1899 1465 141 1286 876 1463
1967 1814 1966 1519 1241 1974 2403 1747 1489 2032 1978 2034 2345 2267 1799 1389 2116 1030 1718 2223 1746 1544 1934 2188 1419 1872 2145 1567 1294 1262 1020 2033 1743 1849 1526 1816 1657 1914 1121 1453 2962 1500 1733 1287 1754 1882 1294 1936 1398 1714 1900 2352 1781 1444 1248 541 1388 0 1393 2197 1760 1489 1976 1966 2198 1468 1382 1694 148 1883 1241 355 2094 1667 971 1963 1960 2055 1405 1932 1889 1972
1911 1758 1478 780 869 1918 2346 1691 480 1948 1294 1025 1840 1810 791 381 1107 2016 709 2167 1008 806 1878 1872 164 1683 1137 829 198 524 406 1294 734 1659 788 1760 649 1858 689 715 2906 492 724 191 1016 874 286 1880 1026 1531 1305 1847 1043 706 509 880 281 1393 0 1951 1021 1117 967 1909 2142 459 374 1637 1477 1694 869 1097 1086 929 781 1155 1904 1469 297 1291 881 1467
661 424 1046 1248 2166 668 981 482 1696 190 904 1341 359 263 1823 1928 1423 1189 1864 917 1319 1388 628 184 1977 2980 1453 1297 1852 1568 1703 1201 1889 2956 1731 704 1804 462 1987 1270 1510 2040 1879 1846 1113 2029 1853 484 2323 830 826 445 1355 1317 1807 2178 1947 2197 1951 0 1397 2414 1746 660 713 1726 1922 533 2144 2991 2166 2395 1402 1240 2078 1342 654 1079 1963 858 2036 597
1357 1203 924 303 1102 1364 1792 1137 1118 1394 747 840 1286 1255 1321 1018 922 1462 1347 1613 453 239 1323 1318 1047 2050 951 244 922 555 773 397 1371 2026 524 1206 1286 1304 906 368 2352 1129 1361 916 462 1511 923 1325 1260 977 750 1293 489 356 736 1248 1017 1760 1021 1397 0 1351 1245 1355 1587 1097 1011 1083 1844 2061 1102 1465 900 374 1148 670 1349 923 1033 736 1518 913
2374 2220 1941 1243 367 2381 2809 2154 1213 2411 1765 1758 2303 2272 1524 1114 1840 2433 1442 2630 1470 1146 2341 2335 1143 1008 1870 1244 1018 894 745 1402 1467 941 879 2223 1382 2321 588 1178 3369 1225 1457 1012 1479 1607 1019 2343 202 1994 1767 2310 1506 1169 658 977 1113 1489 1117 2414 1362 0 1700 2372 2605 1192 1107 2100 1573 1019 367 1194 1819 1392 878 1687 2367 1940 1129 1753 1614 1930
1706 1552 1116 1096 1452 1713 2141 1486 537 1743 914 646 1635 1604 664 770 728 1811 706 1962 988 1235 1672 1667 993 2266 757 1144 868 1107 989 1315 731 2242 1371 1555 646 1653 1273 1118 2701 882 721 862 1076 871 741 1674 1609 1326 1099 1642 805 1165 1093 1463 963 1976 967 1746 1245 1700 0 1704 1936 568 764 1432 2060 2277 1452 1680 706 909 1364 775 1698 1090 979 957 878 1262
245 276 851 1206 2124 252 482 266 1654 495 862 1299 826 729 1781 1887 1382 957 1822 303 1277 1346 211 650 1935 2938 1411 1255 1810 1526 1662 1159 1847 2914 1689 472 1762 377 1945 1228 1401 1998 1837 1804 1071 1987 1811 398 2281 598 784 912 1313 1275 1765 2136 1905 1966 1909 660 1355 2372 1704 0 658 1684 1880 301 1913 2949 2124 2235 1360 1198 2036 1300 237 939 1921 816 1994 856
530 424 1083 1439 2356 520 388 498 1886 581 1094 1532 879 783 2013 2119 1614 1189 2055 509 1510 1578 552 704 2168 3170 1643 1487 2043 1759 1894 1392 2080 3147 1922 704 1994 446 2177 1461 892 2230 2070 2036 1303 2219 2043 468 2513 831 1017 966 1545 1508 1997 2368 2137 2198 2142 713 1587 2605 1936 658 0 1917 2112 534 2145 3181 2356 2467 1592 1431 2269 1532 525 1171 2154 1048 2226 1088
1686 1533 1096 856 944 1693 2121 1466 85 1723 895 626 1615 1585 392 262 708 1791 310 1942 968 881 1653 1647 485 1758 738 904 360 599 481 1295 335 1734 863 1535 250 1633 765 790 2681 374 325 354 1056 475 233 1655 1101 1306 1080 1622 785 781 585 956 455 1468 459 1726 1097 1192 568 1684 1917 0 256 1412 1552 1769 944 1173 686 889 856 756 1679 1070 471 938 482 1242
1881 1728 1292 770 858 1888 2317 1661 277 1919 1090 822 1810 1780 587 95 904 1987 506 2138 997 795 1848 1843 400 1672 933 819 275 514 396 1284 530 1649 777 1731 445 1829 679 705 2876 172 521 268 1006 670 148 1850 1016 1502 1275 1818 980 695 499 870 370 1382 374 1922 1011 1107 764 1880 2112 256 0 1608 1466 1683 858 1087 882 918 771 951 1874 1265 386 1133 677 1437
303 149 578 934 1852 310 738 83 1381 368 590 1027 699 603 1509 1614 1109 685 1550 559 1005 1074 269 523 1663 2666 1139 983 1538 1254 1389 887 1575 2642 1417 200 1490 250 1672 956 1298 1726 1565 1532 799 1715 1539 272 2009 326 512 785 1041 1003 1493 1863 1633 1694 1637 533 1083 2100 1432 301 534 1412 1608 0 1640 2677 1852 1963 1087 926 1764 1028 296 667 1649 544 1722 584
1914 1761 1913 1603 1325 1921 2350 1694 1573 1979 1924 2118 2291 2214 1883 1473 2200 977 1802 2170 1830 1628 1881 2135 1503 1956 2229 1651 1378 1346 1104 2117 1826 1933 1610 1763 1741 1861 1204 1537 2909 1584 1817 1371 1838 1966 1378 1883 1482 1661 1847 2299 1865 1528 1332 625 1472 148 1477 2144 1844 1573 2060 1913 2145 1552 1466 1640 0 1967 1325 434 2178 1751 1055 2047 1907 2001 1489 1879 1973 1918
3019 2866 2587 1889 1338 3027 3455 2799 1859 3057 2410 2404 2949 2918 2169 1759 2486 2897 2088 3276 2116 1914 2986 2981 1789 427 2515 1937 1664 1632 1390 2373 2113 500 1850 2869 2028 2967 1491 1824 4014 1871 2103 1657 2124 2252 1665 2988 1173 2640 2413 2956 2151 1814 1618 1440 1759 1952 1763 3060 2130 1007 2346 3018 3250 1838 1753 2746 2036 0 1338 1657 2464 2037 1341 2333 3012 2586 1775 2399 2259 2576
2125 1972 1693 995 23 2132 2561 1905 965 2163 1516 1510 2054 2024 1275 865 1592 2185 1194 2381 1222 897 2092 2087 895 1339 1621 996 770 645 496 1153 1218 1272 630 1974 1133 2072 340 929 3120 976 1209 763 1230 1358 770 2094 275 1746 1519 2062 1257 920 410 729 864 1241 869 2166 1113 367 1452 2124 2356 944 858 1852 1325 1350 0 946 1570 1143 629 1439 2118 1691 881 1505 1365 1681
2237 2083 1922 1224 945 2244 2672 2017 1194 2302 1745 1739 2283 2253 1504 1094 1821 1299 1423 2493 1451 1249 2203 2316 1123 1577 1850 1272 998 967 725 1737 1447 1554 1231 2086 1362 2184 825 1158 3232 1205 1438 992 1459 1587 999 2205 1103 1974 1748 2291 1486 1149 953 246 1093 355 1097 2395 1465 1194 1680 2235 2467 1173 1087 1963 434 1588 946 0 1799 1372 676 1667 2229 1920 1109 1734 1594 1910
1361 1208 771 751 1570 1368 1797 1141 656 1398 570 94 1290 1260 783 889 159 1467 824 1617 643 891 1328 1323 1111 2384 221 800 987 1072 1108 970 849 2361 1243 1210 764 1308 1391 774 2356 1000 839 980 732 989 859 1330 1727 981 755 1298 460 821 1211 1582 1081 2094 1086 1402 900 1819 706 1360 1592 686 882 1087 2178 2395 1570 1799 0 564 1483 431 1354 745 1097 613 996 917
1200 1047 767 225 1143 1207 1635 980 858 1237 591 504 1129 1099 985 925 586 1305 1027 1456 109 365 1167 1161 955 1957 615 274 830 546 681 717 1052 1934 717 1049 967 1147 964 248 2195 1036 1042 823 305 1192 830 1169 1300 820 594 1136 153 295 784 1155 924 1667 929 1240 374 1392 909 1198 1431 889 918 926 1751 1968 1143 1372 564 0 1056 334 1193 766 941 580 1199 756
2038 1885 1605 907 629 2045 2473 1818 878 2075 1429 1422 1967 1937 1188 778 1505 1915 1106 2294 1135 933 2005 1999 807 1261 1534 956 682 651 409 1421 1131 1237 915 1887 1046 1985 509 842 3033 889 1121 676 1143 1271 683 2007 787 1658 1432 1974 1170 833 637 459 777 971 781 2078 1148 878 1364 2036 2269 856 771 1764 1055 1272 629 676 1483 1056 0 1351 2031 1604 793 1418 1278 1594
1301 1148 712 521 1439 1309 1737 1082 725 1339 510 371 1231 1200 852 958 453 1407 894 1558 413 661 1268 1263 1181 2253 482 570 1056 841 976 911 919 2229 1012 1151 833 1249 1259 543 2297 1069 909 1049 601 1058 929 1270 1596 922 695 1238 230 590 1080 1450 1151 1963 1155 1342 670 1687 775 1300 1532 756 951 1028 2047 2264 1439 1667 431 334 1351 0 1294 686 1167 553 1065 858
47 270 845 1201 2118 38 470 260 1648 489 856 1294 820 724 1775 1881 1376 951 1817 356 1272 1340 50 645 1930 2932 1405 1249 1805 1521 1656 1154 1842 2909 1684 466 1756 371 1939 1223 1289 1992 1832 1798 1065 1981 1806 393 2275 593 779 906 1307 1270 1759 2130 1899 1960 1904 654 1349 2367 1698 237 525 1679 1874 296 1907 2943 2118 2229 1354 1193 2031 1294 0 933 1916 810 1988 850
940 787 190 774 1691 948 1376 720 1039 1006 214 685 968 937 1166 1272 767 1046 1208 1197 845 913 907 1000 1495 2505 796 822 1370 1094 1229 762 1233 2482 1265 790 1148 888 1512 796 1935 1384 1223 1364 639 1372 1243 909 1849 561 432 975 715 843 1332 1703 1465 2055 1469 1079 923 1940 1090 939 1171 1070 1265 667 2001 2516 1691 1920 745 766 1604 686 933 0 1481 290 1380 595
1923 1769 1490 792 880 1930 2358 1703 492 1960 1306 1037 1852 1821 803 392 1119 2028 721 2179 1019 817 1890 1884 323 1695 1149 841 209 536 418 1306 746 1671 800 1772 661 1870 701 727 2918 504 736 203 1028 886 298 1892 1038 1543 1316 1859 1055 718 521 892 141 1405 297 1963 1033 1129 979 1921 2154 471 386 1649 1489 1706 881 1109 1097 941 793 1167 1916 1481 0 1302 893 1479
818 664 212 587 1505 825 1253 598 907 855 115 553 747 716 1034 1140 635 923 1076 1074 659 727 784 779 1317 2319 664 636 1192 907 1043 540 1100 2295 1071 667 1015 765 1326 610 1813 1251 1091 1185 452 1240 1111 786 1662 438 211 754 583 656 1146 1517 1286 1932 1291 858 736 1753 957 816 1048 938 1133 544 1879 2330 1505 1734 613 580 1418 553 810 290 1302 0 1247 374
1995 1842 1406 1277 1365 2003 2431 1775 451 2033 1204 936 1924 1894 701 684 1018 2101 482 2252 1278 1302 1962 1957 907 2179 1047 1325 782 1020 903 1605 181 2156 1284 1845 290 1943 1186 1212 2990 795 497 775 1366 31 655 1964 1523 1616 1389 1932 1095 1202 1006 1377 876 1889 881 2036 1518 1614 878 1994 2226 482 677 1722 1973 2190 1365 1594 996 1199 1278 1065 1988 1380 893 1247 0 1552
857 704 562 764 1681 864 1293 637 1211 594 419 857 486 455 1338 1444 939 963 1380 1114 835 903 824 518 1493 2495 968 812 1368 1084 1219 717 1405 2472 1247 707 1320 805 1502 786 1852 1556 1395 1362 629 1545 1369 826 1839 478 342 493 870 833 1322 1693 1463 1972 1467 597 913 1930 1262 856 1088 1242 1437 584 1918 2506 1681 1910 917 756 1594 858 850 595 1479 374 1552 0
EOF