NAME : tsp_problem
TYPE : TSP
DIMENSION : 54
EDGE_WEIGHT_TYPE : EXPLICIT
EDGE_WEIGHT_FORMAT : FULL_MATRIX
EDGE_WEIGHT_SECTION
0 1755 953 2142 910 1427 646 281 2099 1800 1319 675 890 299 1756 1343 410 1836 708 2001 1219 1816 2110 436 1707 448 679 369 1539 1852 475 907 335 796 1757 1196 1598 931 378 904 1447 1610 958 859 540 895 609 1349 393 1859 645 830 716 417
1755 0 1035 562 1348 375 1927 2006 425 213 692 1666 1186 1666 169 490 1962 250 1342 599 573 110 530 1803 306 1815 1960 1736 363 1140 1757 1267 1887 2078 757 1157 2880 2212 1622 2185 858 919 2239 1387 1531 1191 1676 818 1760 273 1636 1229 1131 1660
953 1035 0 1421 492 706 1071 1170 1378 1079 698 1076 330 1076 1035 623 1106 1116 487 1280 498 1095 1389 1212 987 1224 1104 1146 818 1131 901 411 1031 1222 1036 643 2024 1356 1031 1329 726 889 1383 797 941 335 820 629 1170 1139 1046 540 275 1070
2142 562 1421 0 1734 762 2314 2393 268 385 1079 2053 1573 2053 464 877 2349 345 1729 319 960 522 51 2189 546 2201 2347 2123 749 1380 2144 1653 2274 2465 997 1544 3266 2599 2008 2572 1098 1160 2626 1774 1918 1578 2063 1205 2147 308 2023 1615 1518 2047
910 1348 492 1734 0 1019 1028 1127 1691 1392 1011 1273 429 1179 1348 936 1063 1429 307 1593 811 1408 1702 1316 1300 1328 892 1249 1131 1444 711 154 988 1027 1349 324 1981 1313 1229 1286 1039 1202 1340 994 1138 433 599 942 1273 1452 1243 639 374 1268
1427 375 706 762 1019 0 1599 1678 719 420 364 1337 858 1337 376 162 1633 456 1014 621 245 436 730 1474 327 1486 1632 1408 159 992 1428 938 1558 1749 779 829 2551 1884 1293 1857 587 750 1911 1058 1202 862 1348 489 1432 479 1307 900 802 1332
646 1927 1071 2314 1028 1599 0 863 2270 1972 1590 1291 1008 915 1928 1515 799 2008 826 2173 1390 1988 2281 1052 1879 1064 241 985 1710 2024 394 1025 724 179 1929 1128 1350 683 994 656 1618 1782 710 1475 1156 1013 505 1521 1009 2031 1261 1218 835 1033
281 2006 1170 2393 1127 1678 863 0 2350 2051 1570 926 1107 550 2007 1594 627 2087 925 2252 1469 2067 2360 687 1958 699 895 620 1790 2103 692 1124 552 1013 2008 1412 1815 1147 629 1120 1698 1861 1174 1110 791 1111 826 1600 644 2110 896 1081 933 668
2099 425 1378 268 1691 719 2270 2350 0 372 1035 2009 1529 2009 451 833 2305 332 1685 275 917 336 235 2146 502 2158 2303 2080 706 1336 2100 1610 2230 2421 953 1500 3223 2555 1965 2528 1055 1116 2582 1730 1874 1534 2019 1161 2103 295 1979 1572 1474 2004
1800 213 1079 385 1392 420 1972 2051 372 0 736 1710 1230 1710 115 535 2006 72 1387 500 618 274 352 1847 350 1859 2004 1781 407 1184 1801 1311 1931 2122 801 1201 2924 2256 1666 2229 902 964 2283 1431 1575 1235 1721 862 1805 95 1680 1273 1175 1705
1319 692 698 1079 1011 364 1590 1570 1035 736 0 1229 849 1229 692 280 1625 773 1005 938 237 753 1046 1366 644 1378 1623 1300 475 984 1420 930 1550 1741 889 820 2543 1875 1185 1848 578 742 1902 950 1094 854 1339 481 1324 796 1199 792 794 1224
675 1666 1076 2053 1273 1337 1291 926 2009 1710 1229 0 884 586 1666 1254 1056 1747 1268 1911 1129 1727 2020 722 1618 734 1324 656 1449 1763 1121 1192 981 1442 1668 1349 2244 1576 541 1549 1357 1520 1603 769 167 882 1254 1260 680 1770 232 740 1057 580
890 1186 330 1573 429 858 1008 1107 1529 1230 849 884 0 884 1186 774 1043 1267 423 1432 649 1247 1540 1021 1138 1033 1041 955 969 1283 838 348 968 1159 1188 707 1961 1293 840 1266 877 1041 1320 605 749 81 757 780 979 1290 854 250 212 879
299 1666 1076 2053 1179 1337 915 550 2009 1710 1229 586 884 0 1666 1254 679 1747 977 1911 1129 1727 2020 161 1618 174 948 142 1449 1763 744 1176 605 1066 1668 1349 1867 1200 288 1173 1357 1520 1227 769 451 882 878 1260 119 1770 556 740 985 327
1756 169 1035 464 1348 376 1928 2007 451 115 692 1666 1186 1666 0 491 1962 151 1343 580 574 230 431 1803 306 1815 1960 1737 363 1140 1757 1267 1887 2078 757 1157 2880 2212 1622 2185 858 920 2239 1387 1531 1191 1677 818 1761 174 1636 1229 1131 1661
1343 490 623 877 936 162 1515 1594 833 535 280 1254 774 1254 491 0 1550 571 930 736 161 551 844 1391 442 1403 1548 1324 273 909 1345 855 1475 1666 814 745 2468 1800 1210 1773 503 667 1827 975 1119 779 1264 406 1348 594 1224 817 719 1248
410 1962 1106 2349 1063 1633 799 627 2305 2006 1625 1056 1043 679 1962 1550 0 2043 861 2207 1425 2023 2316 816 1914 828 832 750 1745 2059 628 1060 143 950 1964 1349 1751 1084 759 1057 1653 1817 1111 1240 921 1048 762 1556 774 2066 1026 1210 869 797
1836 250 1116 345 1429 456 2008 2087 332 72 773 1747 1267 1747 151 571 2043 0 1423 461 654 311 312 1884 387 1896 2041 1817 444 1221 1838 1348 1968 2159 838 1238 2961 2293 1703 2266 939 1000 2320 1468 1612 1272 1757 899 1841 55 1717 1310 1212 1741
708 1342 487 1729 307 1014 826 925 1685 1387 1005 1268 423 977 1343 930 861 1423 0 1588 805 1403 1696 1114 1294 1126 719 1048 1126 1439 516 226 786 855 1344 585 1779 1111 1056 1084 1034 1197 1138 989 1133 428 429 936 1072 1446 1238 633 250 1095
2001 599 1280 319 1593 621 2173 2252 275 500 938 1911 1432 1911 580 736 2207 461 1588 0 819 586 286 2048 405 2060 2206 1982 608 1239 2002 1512 2133 2323 856 1403 3125 2458 1867 2431 957 1019 2485 1632 1776 1436 1922 1064 2006 423 1881 1474 1376 1906
1219 573 498 960 811 245 1390 1469 917 618 237 1129 649 1129 574 161 1425 654 805 819 0 634 928 1266 525 1278 1423 1199 357 784 1220 730 1350 1541 689 620 2343 1675 1085 1648 378 542 1702 850 994 654 1139 281 1223 677 1099 692 594 1123
1816 110 1095 522 1408 436 1988 2067 336 274 753 1727 1247 1727 230 551 2023 311 1403 586 634 0 490 1863 366 1876 2021 1797 423 1200 1818 1328 1948 2139 818 1218 2941 2273 1682 2246 919 980 2300 1448 1592 1252 1737 879 1821 333 1697 1290 1192 1721
2110 530 1389 51 1702 730 2281 2360 235 352 1046 2020 1540 2020 431 844 2316 312 1696 286 928 490 0 2157 513 2169 2314 2090 717 1347 2111 1621 2241 2432 964 1511 3234 2566 1976 2539 1066 1127 2593 1741 1885 1545 2030 1172 2114 275 1990 1583 1485 2014
436 1803 1212 2189 1316 1474 1052 687 2146 1847 1366 722 1021 161 1803 1391 816 1884 1114 2048 1266 1863 2157 0 1754 48 1084 279 1586 1899 881 1313 741 1202 1804 1485 2004 1336 425 1309 1494 1657 1363 906 587 1018 1015 1397 57 1906 692 877 1122 464
1707 306 987 546 1300 327 1879 1958 502 350 644 1618 1138 1618 306 442 1914 387 1294 405 525 366 513 1754 0 1767 1912 1688 315 862 1709 1219 1839 2030 479 1109 2832 2164 1574 2137 580 642 2191 1339 1483 1143 1628 770 1712 409 1588 1181 1083 1612
448 1815 1224 2201 1328 1486 1064 699 2158 1859 1378 734 1033 174 1815 1403 828 1896 1126 2060 1278 1876 2169 48 1767 0 1097 291 1598 1912 893 1325 753 1214 1816 1498 2016 1349 437 1322 1506 1669 1376 918 599 1031 1027 1409 69 1919 704 889 1134 476
679 1960 1104 2347 896 1632 241 895 2303 2004 1623 1324 1041 948 1960 1548 832 2041 719 2206 1423 2021 2314 1084 1912 1097 0 1018 1743 2057 241 918 757 222 1962 974 1399 732 1027 705 1651 1815 759 1508 1189 1046 352 1554 1042 2064 1294 1251 867 1066
369 1736 1146 2123 1249 1408 985 620 2080 1781 1300 656 955 142 1737 1324 750 1817 1048 1982 1199 1797 2090 279 1688 291 1018 0 1520 1833 815 1246 675 1136 1738 1419 1938 1270 359 1243 1428 1591 1297 840 521 952 948 1330 237 1840 626 811 1056 398
1539 363 818 749 1131 159 1710 1790 706 407 475 1449 969 1449 363 273 1745 444 1126 608 357 423 717 1586 315 1598 1743 1520 0 1104 1540 1050 1670 1861 766 940 2663 1995 1405 1968 698 862 2022 1170 1314 974 1459 601 1544 467 1419 1012 914 1444
1852 1140 1131 1380 1444 992 2024 2103 1336 1184 984 1763 1283 1763 1140 909 2059 1221 1439 1239 784 1200 1347 1899 862 1912 2057 1833 1104 0 1854 1364 1984 2175 418 1254 2977 2309 1719 2282 446 265 2336 1484 1628 1288 1773 716 1857 1244 1733 1326 1228 1757
475 1757 901 2144 715 1428 394 692 2100 1801 1420 1121 838 744 1757 1345 628 1838 516 2002 1220 1818 2111 881 1709 893 241 815 1540 1854 0 715 553 376 1758 793 1546 878 823 851 1448 1611 906 1304 986 843 171 1351 839 1861 1091 1048 664 862
907 1267 411 1653 154 938 1025 1124 1610 1311 930 1192 348 1176 1267 855 1060 1348 226 1512 730 1328 1621 1313 1219 1325 907 1246 1050 1364 715 0 985 1042 1268 388 1978 1310 1148 1283 958 1121 1337 913 1057 353 614 861 1270 1371 1162 558 293 1187
335 1887 1031 2274 988 1558 724 552 2230 1931 1550 981 968 605 1887 1475 143 1968 786 2133 1350 1948 2241 741 1839 753 757 675 1670 1984 553 985 0 875 1889 1274 1676 1009 684 982 1578 1742 1036 1165 846 973 687 1481 699 1991 951 1135 794 722
796 2078 1222 2465 1032 1749 179 1013 2421 2122 1741 1442 1159 1066 2078 1666 950 2159 855 2323 1541 2139 2432 1202 2030 1214 222 1136 1861 2175 376 1053 875 0 2080 1109 1309 833 1145 806 1769 1933 860 1626 1307 1164 487 1672 1160 2182 1412 1369 985 1183
1757 757 1036 997 1349 779 1929 2008 953 801 889 1668 1188 1668 757 814 1964 838 1344 856 689 818 964 1804 479 1816 1962 1738 766 418 1758 1268 1889 2080 0 1159 2881 2214 1623 2187 351 190 2241 1388 1532 1192 1678 621 1762 861 1638 1230 1133 1662
1196 1157 643 1544 324 829 1128 1412 1500 1201 820 1349 707 1349 1157 745 1349 1238 585 1403 620 1218 1511 1485 1109 1498 974 1419 940 1254 793 388 1274 1109 1159 0 2266 1599 1305 1572 848 1012 1626 1070 1214 712 681 751 1443 1261 1319 912 652 1343
1667 2949 2093 3336 2050 2620 1368 1884 3292 2993 2612 2313 2030 1937 2949 2537 1821 3030 1848 3194 2412 3010 3303 2073 2901 2085 1419 2007 2732 3046 1573 2047 1746 1297 2951 2306 0 1522 2016 1495 2640 2804 1549 2497 2178 2035 1684 2543 2031 3053 2283 2240 1856 2054
931 2212 1356 2599 1313 1884 683 1147 2555 2256 1875 1576 1293 1200 2212 1800 1084 2293 1111 2458 1675 2273 2566 1336 2164 1349 732 1270 1995 2309 878 1310 1009 833 2214 1599 1453 0 1279 148 1903 2067 93 1760 1441 1298 997 1806 1294 2316 1546 1503 1119 1317
378 1622 1031 2008 1229 1293 994 629 1965 1666 1185 541 840 288 1622 1210 759 1703 1056 1867 1085 1682 1976 425 1574 437 1027 359 1405 1719 823 1148 684 1145 1623 1305 1946 1279 0 1252 1313 1476 1306 725 406 838 957 1216 383 1726 511 696 1012 71
904 2185 1329 2572 1286 1857 656 1120 2528 2229 1848 1549 1266 1173 2185 1773 1057 2266 1084 2431 1648 2246 2539 1309 2137 1322 705 1243 1968 2282 851 1283 982 806 2187 1572 1426 148 1252 0 1876 2040 175 1733 1414 1271 970 1779 1267 2289 1519 1476 1092 1290
1447 858 726 1098 1039 587 1618 1698 1055 902 578 1357 877 1357 858 503 1653 939 1034 957 378 919 1066 1494 580 1506 1651 1428 698 446 1448 958 1578 1769 351 848 2571 1903 1313 1876 0 204 1930 1078 1222 882 1367 310 1452 962 1327 920 822 1352
1610 919 889 1160 1202 750 1782 1861 1116 964 742 1520 1041 1520 920 667 1817 1000 1197 1019 542 980 1127 1657 642 1669 1815 1591 862 265 1611 1121 1742 1933 190 1012 2734 2067 1476 2040 204 0 2094 1241 1385 1045 1531 474 1615 1023 1490 1083 986 1515
958 2239 1383 2626 1340 1911 710 1174 2582 2283 1902 1603 1320 1227 2239 1827 1111 2320 1138 2485 1702 2300 2593 1363 2191 1376 759 1297 2022 2336 906 1337 1036 860 2241 1626 1480 93 1306 175 1930 2094 0 1787 1468 1325 1024 1833 1321 2343 1573 1530 1146 1345
859 1387 797 1774 994 1058 1475 1110 1730 1431 950 769 605 769 1387 975 1240 1468 989 1632 850 1448 1741 906 1339 918 1508 840 1170 1484 1304 913 1165 1626 1388 1070 2427 1760 725 1733 1078 1241 1787 0 634 603 1323 981 864 1491 739 461 778 764
540 1531 941 1918 1138 1202 1156 791 1874 1575 1094 167 749 451 1531 1119 921 1612 1133 1776 994 1592 1885 587 1483 599 1189 521 1314 1628 986 1057 846 1307 1532 1214 2109 1441 406 1414 1222 1385 1468 634 0 747 1119 1125 545 1635 237 605 922 445
895 1191 335 1578 433 862 1013 1111 1534 1235 854 882 81 882 1191 779 1048 1272 428 1436 654 1252 1545 1018 1143 1031 1046 952 974 1288 843 353 973 1164 1192 712 1965 1298 838 1271 882 1045 1325 603 747 0 762 785 976 1295 852 247 217 876
609 1676 820 2063 603 1348 505 826 2019 1721 1339 1254 757 878 1677 1264 762 1757 429 1922 1139 1737 2030 1015 1628 1027 352 948 1459 1773 171 628 687 487 1678 681 1664 997 957 970 1367 1531 1024 1323 1119 762 0 1270 972 1780 1224 967 583 996
1349 818 629 1205 942 489 1521 1600 1161 862 481 1260 780 1260 818 406 1556 899 936 1064 281 879 1172 1397 770 1409 1554 1330 601 716 1351 861 1481 1672 621 751 2474 1806 1216 1779 310 474 1833 981 1125 785 1270 0 1354 922 1230 823 725 1254
393 1760 1170 2147 1273 1432 1009 644 2103 1805 1324 680 979 119 1761 1348 774 1841 1072 2006 1223 1821 2114 57 1712 69 1042 237 1544 1857 839 1270 699 1160 1762 1443 1962 1294 383 1267 1452 1615 1321 864 545 976 972 1354 0 1864 650 835 1080 422
1859 273 1139 308 1452 479 2031 2110 295 95 796 1770 1290 1770 174 594 2066 55 1446 423 677 333 275 1906 409 1919 2064 1840 467 1244 1861 1371 1991 2182 861 1261 2984 2316 1726 2289 962 1023 2343 1491 1635 1295 1780 922 1864 0 1740 1333 1235 1764
645 1636 1046 2023 1243 1307 1261 896 1979 1680 1199 232 854 556 1636 1224 1026 1717 1238 1881 1099 1697 1990 692 1588 704 1294 626 1419 1733 1091 1162 951 1412 1638 1319 2214 1546 511 1519 1327 1490 1573 739 237 852 1224 1230 650 1740 0 710 1027 550
830 1229 540 1615 639 900 1218 1081 1572 1273 792 740 250 740 1229 817 1210 1310 633 1474 692 1290 1583 877 1181 889 1251 811 1012 1326 1048 558 1135 1369 1230 912 2171 1503 696 1476 920 1083 1530 461 605 247 967 823 835 1333 710 0 422 735
716 1131 275 1518 374 802 835 933 1474 1175 794 1057 212 985 1131 719 869 1212 250 1376 594 1192 1485 1122 1083 1134 867 1056 914 1228 664 293 794 985 1133 652 1787 1119 1012 1092 822 986 1146 778 922 217 583 725 1080 1235 1027 422 0 1051
417 1660 1070 2047 1268 1332 1033 668 2004 1705 1224 580 879 327 1661 1248 797 1741 1095 1906 1123 1721 2014 464 1612 476 1066 398 1444 1757 862 1187 722 1183 1662 1343 1985 1317 71 1290 1352 1515 1345 764 445 876 996 1254 422 1764 550 735 1051 0
EOF