NAME : tsp_problem
TYPE : TSP
DIMENSION : 88
EDGE_WEIGHT_TYPE : EXPLICIT
EDGE_WEIGHT_FORMAT : FULL_MATRIX
EDGE_WEIGHT_SECTION
0 335 255 340 858 439 176 202 731 1276 461 425 252 558 149 171 340 614 188 334 339 452 530 347 610 897 515 420 1881 437 175 434 1995 453 529 191 586 519 862 302 381 1961 424 190 1840 412 397 179 117 1910 117 460 452 508 2004 434 2029 569 221 238 135 942 906 435 990 659 339 1882 1863 139 201 552 611 468 207 895 335 989 2002 604 183 919 471 610 159 256 262 431
335 0 427 119 551 130 469 280 422 1039 262 596 544 250 442 201 119 305 480 627 118 143 221 394 302 589 206 111 1621 307 468 125 1735 144 220 484 277 210 554 81 72 1702 115 269 1581 584 578 257 288 1650 410 268 276 199 1744 125 1791 261 393 410 306 937 599 606 681 350 118 1622 1604 311 373 314 302 159 286 588 114 680 1743 366 476 610 249 301 214 548 555 602
255 427 0 432 950 531 390 294 823 1438 627 194 465 650 362 263 432 706 401 240 431 544 622 513 702 989 607 512 1973 603 388 526 2087 545 621 405 678 611 954 394 473 2053 516 282 1932 181 175 271 209 2002 331 626 618 600 2096 526 2191 661 93 74 227 997 998 204 1082 750 431 1973 1955 231 110 714 703 560 299 987 427 1081 2094 765 396 1011 637 702 251 469 475 200
340 119 432 0 643 223 475 286 516 1131 355 602 550 343 447 207 85 399 486 632 81 236 315 486 395 682 300 205 1606 399 473 219 1720 238 314 490 371 304 647 87 166 1686 209 274 1565 589 584 263 294 1635 416 360 368 293 1728 219 1828 354 398 415 312 1029 691 612 775 443 81 1606 1588 316 378 407 396 253 291 680 79 774 1727 458 481 704 341 395 219 554 560 608
858 551 950 643 0 441 765 804 366 800 460 946 840 321 855 725 643 270 802 845 642 438 382 591 328 74 381 507 1490 504 790 456 1604 426 353 780 304 375 39 584 492 1571 466 793 1450 933 908 781 812 1520 872 465 473 384 1613 471 1553 309 916 933 830 698 313 957 625 234 642 1491 1473 834 896 511 274 418 809 72 638 624 1612 435 771 555 446 327 737 844 850 952
439 130 531 223 441 0 458 384 465 929 153 640 533 258 546 305 223 348 495 538 222 46 264 284 265 480 169 86 1653 197 483 35 1767 47 141 473 320 253 445 185 71 1734 45 373 1612 626 601 361 392 1682 514 158 166 172 1776 168 1681 246 497 514 410 827 489 650 724 315 222 1654 1635 415 477 205 345 202 390 478 218 723 1774 256 465 653 139 264 318 537 544 646
176 469 390 475 765 458 0 336 828 1144 329 303 93 581 135 305 475 675 82 202 473 455 647 215 588 803 492 524 1883 305 69 473 1997 443 465 33 703 636 768 436 509 1963 483 325 1842 290 264 313 209 1912 152 328 320 495 2005 568 1896 569 356 373 191 810 813 313 1087 639 473 1883 1865 206 336 420 679 530 342 802 469 1087 2004 471 25 1017 338 588 293 97 104 309
202 280 294 286 804 384 336 0 676 1292 516 463 411 504 309 116 286 560 347 494 285 397 476 507 556 843 460 366 1826 560 335 380 1941 399 474 351 532 465 807 248 327 1907 370 79 1786 451 445 74 155 1856 277 521 529 454 1949 379 2044 515 260 277 174 1102 852 473 935 604 285 1827 1809 178 240 567 557 413 63 841 280 935 1948 619 343 865 502 555 137 415 422 469
731 422 823 516 366 465 828 676 0 1102 524 992 904 286 838 598 516 188 866 909 515 478 246 655 339 405 389 446 1277 568 854 460 1391 479 403 843 169 239 370 477 407 1358 450 665 1237 980 972 654 684 1306 806 529 537 383 1400 342 1500 297 789 806 703 1000 351 1003 337 232 515 1278 1259 707 769 575 185 342 682 403 510 336 1399 627 835 266 510 338 610 908 914 998
1276 1039 1438 1131 800 929 1144 1292 1102 0 839 1326 1219 1052 1235 1213 1131 1041 1182 1225 1130 926 1119 971 1060 792 964 995 968 884 1169 944 1082 914 936 1159 1075 1107 805 1072 980 1049 954 1281 928 1313 1287 1269 1300 997 1252 844 853 967 1091 1056 982 1041 1404 1421 1291 713 801 1336 1125 1005 1130 969 950 1306 1384 865 1045 1001 1297 754 1126 1124 1089 707 1151 1120 825 1059 1225 1223 1230 1332
461 262 627 355 460 153 329 516 524 839 0 510 404 276 420 437 355 370 366 409 354 150 342 155 283 498 187 219 1578 68 354 168 1692 138 160 344 398 331 463 296 204 1658 178 504 1537 497 472 493 494 1607 436 29 37 191 1700 280 1592 264 628 645 475 737 508 521 782 334 354 1578 1560 491 608 115 374 225 521 497 350 782 1699 166 335 712 33 283 449 408 414 516
425 596 194 602 946 640 303 463 992 1326 510 0 378 763 394 432 602 857 340 124 601 636 792 397 770 985 674 682 2065 487 328 654 2179 625 646 318 848 781 950 564 643 2145 664 452 2024 41 59 440 379 2094 411 510 502 677 2187 695 2078 751 236 217 397 894 995 61 1251 821 601 2065 2047 401 254 601 861 712 469 983 596 1251 2186 653 310 1181 520 769 420 382 389 57
252 544 465 550 840 533 93 411 904 1219 404 378 0 657 210 380 550 751 157 277 549 530 723 290 664 879 568 599 1958 380 144 548 2072 518 540 98 778 711 844 512 584 2039 558 400 1918 365 340 389 285 1987 227 403 395 571 2081 644 1972 645 431 448 266 885 888 388 1163 714 549 1959 1940 281 411 495 754 605 417 877 545 1162 2079 547 90 1092 414 663 369 27 33 384
558 250 650 343 321 258 581 504 286 1052 276 763 657 0 666 425 343 170 619 662 342 254 86 408 71 360 197 274 1486 321 606 272 1600 243 170 596 142 75 325 305 235 1567 278 493 1445 750 724 481 512 1515 634 281 290 200 1609 169 1708 52 616 633 530 951 369 773 545 196 342 1487 1468 534 596 328 167 170 509 358 338 545 1607 380 588 475 262 71 437 661 667 769
149 442 362 447 855 546 135 309 838 1235 420 394 210 666 0 278 447 721 79 292 446 546 637 306 679 894 583 527 1974 396 92 541 2088 534 556 150 693 626 859 409 488 2054 531 298 1933 381 355 286 182 2003 55 419 411 586 2096 541 1987 660 328 346 163 901 904 404 1097 730 446 1974 1956 179 309 511 718 575 314 892 442 1096 2095 562 142 1026 429 679 266 214 221 400
171 201 263 207 725 305 305 116 598 1213 437 432 380 425 278 0 207 481 316 463 206 318 397 476 477 764 382 287 1748 481 304 301 1862 320 396 320 453 386 729 169 248 1828 291 105 1707 420 414 93 124 1777 246 442 450 375 1870 301 1966 436 229 246 143 1071 773 442 857 525 206 1748 1730 147 209 489 478 335 122 762 202 856 1869 540 312 786 423 477 58 384 391 438
340 119 432 85 643 223 475 286 516 1131 355 602 550 343 447 207 0 399 486 632 81 236 315 486 395 682 300 205 1606 399 473 219 1720 238 314 490 371 304 647 87 166 1686 209 274 1565 589 584 263 294 1635 416 360 368 293 1728 219 1828 354 398 415 312 1029 691 612 775 443 81 1606 1588 316 378 407 396 253 291 680 79 774 1727 458 481 704 341 395 219 554 560 608
614 305 706 399 270 348 675 560 188 1041 370 857 751 170 721 481 399 0 713 756 398 348 130 502 222 309 273 330 1387 415 700 344 1501 337 264 690 52 123 274 361 291 1468 334 548 1347 844 818 537 568 1416 690 375 384 266 1510 225 1610 181 672 689 586 939 318 867 447 63 398 1388 1369 590 652 422 39 226 565 307 394 446 1508 474 682 376 356 221 493 755 761 863
188 480 401 486 802 495 82 347 866 1182 366 340 157 619 79 316 486 713 0 239 485 492 676 253 626 841 530 562 1920 343 39 510 2034 481 502 97 732 665 806 448 527 2001 520 336 1880 327 302 325 221 1949 96 366 358 533 2043 579 1934 607 367 384 202 847 850 351 1125 677 485 1921 1902 217 347 457 717 568 353 839 481 1124 2042 509 88 1055 376 625 305 161 167 347
334 627 240 632 845 538 202 494 909 1225 409 124 277 662 292 463 632 756 239 0 631 535 728 296 669 884 573 605 1963 385 227 553 2077 524 545 217 784 717 849 594 589 2044 563 482 1923 110 85 471 367 1992 309 409 400 576 2086 665 1977 650 283 263 348 793 893 134 1168 720 631 1964 1945 363 300 500 760 610 499 882 627 1167 2085 552 208 1097 419 668 451 281 287 130
339 118 431 81 642 222 473 285 515 1130 354 601 549 342 446 206 81 398 485 631 0 235 314 485 394 681 299 204 1602 398 472 218 1716 237 312 488 370 303 646 86 165 1682 208 273 1561 588 582 262 293 1631 414 359 367 292 1724 217 1824 353 397 414 311 1028 690 611 773 442 77 1602 1584 315 377 406 395 252 290 679 75 773 1723 457 480 703 340 393 218 553 559 607
452 143 544 236 438 46 455 397 478 926 150 636 530 254 546 318 236 348 492 535 235 0 277 281 262 477 166 100 1650 194 480 48 1764 60 138 470 333 266 441 198 84 1730 58 386 1609 623 598 374 405 1679 527 155 163 169 1772 181 1678 243 510 527 424 824 486 647 737 312 235 1650 1632 428 490 201 352 203 403 475 231 736 1771 253 461 666 136 261 331 534 540 643
530 221 622 315 382 264 647 476 246 1119 342 792 723 86 637 397 315 130 676 728 314 277 0 474 138 420 189 246 1446 387 663 260 1560 279 203 662 101 47 385 277 207 1526 250 464 1405 779 774 453 484 1475 606 348 356 182 1568 141 1668 97 588 605 502 1017 430 802 505 174 314 1446 1428 506 568 394 126 142 481 419 310 504 1567 446 654 435 329 137 409 727 733 798
347 394 513 486 591 284 215 507 655 971 155 397 290 408 306 476 486 502 253 296 485 281 474 0 415 630 319 351 1709 132 240 299 1823 270 291 230 530 463 595 428 335 1790 309 496 1669 384 358 484 381 1738 323 155 147 322 1832 411 1723 396 527 537 362 869 639 407 914 466 485 1710 1691 377 507 246 506 356 513 628 481 913 1831 298 222 843 165 414 464 294 301 403
610 302 702 395 328 265 588 556 339 1060 283 770 664 71 679 477 395 222 626 669 394 262 138 415 0 367 204 326 1538 328 613 280 1652 250 177 603 194 127 332 357 287 1619 290 545 1498 757 732 533 564 1567 686 289 297 207 1661 222 1760 59 668 685 582 958 376 780 598 203 394 1539 1520 587 648 335 219 222 562 365 390 597 1659 387 595 527 270 23 490 668 674 776
897 589 989 682 74 480 803 843 405 792 498 985 879 360 894 764 682 309 841 884 681 477 420 630 367 0 419 546 1482 543 829 495 1596 465 392 818 343 414 78 623 531 1563 505 831 1442 972 947 820 851 1511 911 504 512 423 1605 510 1544 348 955 972 869 690 305 995 659 273 681 1483 1464 873 935 550 313 457 848 66 677 658 1604 427 810 594 485 366 776 883 889 991
515 206 607 300 381 169 492 460 389 964 187 674 568 197 583 382 300 273 530 573 299 166 189 319 204 419 0 230 1589 232 518 184 1703 154 49 507 245 178 384 262 191 1669 194 449 1548 661 636 438 469 1618 590 193 201 37 1711 126 1716 185 573 590 487 862 429 684 648 255 299 1589 1571 491 553 239 270 71 466 418 294 648 1710 291 499 578 174 204 394 572 578 680
420 111 512 205 507 86 524 366 446 995 219 682 599 274 527 287 205 330 562 605 204 100 246 351 326 546 230 0 1646 264 549 82 1760 101 207 539 301 234 511 167 52 1726 72 354 1605 669 663 343 374 1675 495 224 232 223 1768 149 1748 285 478 495 392 894 555 692 705 374 204 1646 1628 396 458 271 326 183 371 544 199 704 1767 322 531 635 205 325 299 603 610 688
1855 1621 1947 1580 1490 1653 1883 1801 1277 968 1578 2065 1958 1486 1962 1722 1580 1387 1920 1963 1576 1650 1446 1709 1538 1482 1589 1646 0 1622 1908 1660 146 1638 1565 1898 1368 1439 1495 1602 1607 112 1650 1789 105 2051 2026 1778 1809 186 1930 1583 1591 1582 154 1541 464 1497 1913 1930 1827 1452 1227 2075 1050 1432 1576 146 309 1831 1893 1603 1384 1542 1806 1445 1574 1049 153 1446 1890 1045 1564 1537 1734 1962 1969 2071
437 307 603 399 504 197 305 560 568 884 68 487 380 321 396 481 399 415 343 385 398 194 387 132 328 543 232 264 1622 0 330 212 1736 183 204 320 443 376 508 341 248 1703 222 549 1582 474 448 537 470 1651 413 68 60 235 1745 324 1636 309 617 626 452 782 552 497 827 379 398 1623 1604 467 597 159 419 269 566 541 394 826 1744 211 312 756 78 327 494 384 391 493
175 468 388 473 790 483 69 335 854 1169 354 328 144 606 92 304 473 700 39 227 472 480 663 240 613 829 518 549 1908 330 0 498 2022 468 490 84 719 652 793 435 514 1989 508 324 1867 315 289 312 208 1937 109 353 345 521 2031 567 1922 594 354 372 189 835 838 338 1113 664 472 1909 1890 205 335 445 704 555 340 827 468 1112 2029 496 76 1042 364 613 292 148 155 334
434 125 526 219 456 35 473 380 460 944 168 654 548 272 541 301 219 344 510 553 218 48 260 299 280 495 184 82 1660 212 498 0 1774 49 156 488 315 248 459 181 66 1740 47 368 1619 641 616 357 388 1689 510 173 181 187 1782 163 1696 261 492 509 406 842 504 665 719 330 218 1660 1642 410 472 219 340 197 385 493 214 718 1781 271 479 649 154 279 313 552 558 661
1969 1735 2061 1694 1604 1767 1997 1915 1391 1082 1692 2179 2072 1600 2076 1836 1694 1501 2034 2077 1690 1764 1560 1823 1652 1596 1703 1760 146 1736 2022 1774 0 1752 1679 2012 1483 1553 1609 1716 1721 63 1764 1903 219 2165 2140 1892 1923 222 2045 1697 1705 1696 125 1655 500 1611 2027 2044 1941 1566 1341 2189 1164 1546 1690 231 360 1945 2007 1717 1498 1656 1920 1559 1688 1163 22 1560 2004 1159 1678 1651 1848 2076 2083 2185
453 144 545 238 426 47 443 399 479 914 138 625 518 243 534 320 238 337 481 524 237 60 279 270 250 465 154 101 1638 183 468 49 1752 0 126 458 334 267 430 200 85 1719 59 387 1598 612 586 376 407 1667 528 143 152 157 1761 182 1667 231 511 528 425 813 474 635 738 301 237 1639 1620 429 491 190 341 192 404 463 232 737 1759 241 450 668 124 249 332 522 529 631
529 220 621 314 353 141 465 474 403 936 160 646 540 170 556 396 314 264 502 545 312 138 203 291 177 392 49 207 1565 204 490 156 1679 126 0 480 258 191 356 275 192 1645 166 463 1524 633 608 451 482 1594 572 165 173 51 1688 140 1688 158 587 604 501 834 401 657 662 227 312 1565 1547 505 567 211 267 85 480 390 308 661 1686 263 471 592 146 176 408 544 551 653
191 484 405 490 780 473 33 351 843 1159 344 318 98 596 150 320 490 690 97 217 488 470 662 230 603 818 507 539 1898 320 84 488 2012 458 480 0 718 651 783 451 524 1978 498 340 1857 305 279 328 224 1927 167 343 335 510 2020 583 1911 584 371 388 206 825 828 328 1102 654 488 1898 1880 221 351 435 694 545 357 817 484 1102 2019 486 30 1032 353 603 308 102 109 324
586 277 678 371 304 320 703 532 169 1075 398 848 778 142 693 453 371 52 732 784 370 333 101 530 194 343 245 301 1368 443 719 315 1483 334 258 718 0 95 308 333 262 1449 306 520 1328 835 829 509 540 1398 661 403 412 238 1491 197 1591 153 644 661 558 974 353 858 428 97 370 1369 1351 562 624 450 49 198 537 341 365 427 1490 501 710 358 384 193 465 782 789 854
519 210 611 304 375 253 636 465 239 1107 331 781 711 75 626 386 304 123 665 717 303 266 47 463 127 414 178 234 1439 376 652 248 1553 267 191 651 95 0 378 266 195 1519 239 453 1398 768 762 442 473 1468 594 336 345 171 1561 130 1661 86 577 594 491 1006 423 791 498 167 303 1439 1421 495 557 383 120 131 470 412 298 498 1560 434 643 428 317 126 398 715 722 787
862 554 954 647 39 445 768 807 370 805 463 950 844 325 859 729 647 274 806 849 646 441 385 595 332 78 384 511 1495 508 793 459 1609 430 356 783 308 378 0 588 495 1576 469 796 1454 937 911 785 816 1524 876 468 477 387 1618 475 1557 313 920 937 834 703 317 960 629 238 646 1496 1477 838 900 515 278 422 813 76 641 628 1616 439 775 558 449 331 741 848 854 956
302 81 394 87 584 185 436 248 477 1072 296 564 512 305 409 169 87 361 448 594 86 198 277 428 357 623 262 167 1628 341 435 181 1742 200 275 451 333 266 588 0 128 1708 171 236 1587 551 545 225 256 1657 377 301 310 255 1750 180 1825 316 360 377 274 971 632 574 736 405 86 1628 1610 278 340 348 358 215 253 621 81 736 1749 400 443 666 282 356 181 516 522 570
381 72 473 166 492 71 509 327 407 980 204 643 584 235 488 248 166 291 527 589 165 84 207 335 287 531 191 52 1607 248 514 66 1721 85 192 524 262 195 495 128 0 1687 57 315 1566 630 624 304 335 1636 456 209 217 185 1729 110 1732 246 439 456 353 878 540 653 666 335 165 1607 1589 357 419 255 287 144 332 529 161 665 1728 307 515 596 190 286 260 588 594 649
1936 1702 2028 1660 1571 1734 1963 1881 1358 1049 1658 2145 2039 1567 2043 1802 1660 1468 2001 2044 1656 1730 1526 1790 1619 1563 1669 1726 112 1703 1989 1740 63 1719 1645 1978 1449 1519 1576 1682 1687 0 1730 1870 185 2132 2107 1858 1889 189 2011 1664 1672 1663 155 1622 467 1578 1994 2011 1908 1532 1308 2155 1130 1512 1656 227 327 1912 1974 1684 1465 1622 1887 1525 1655 1130 52 1526 1970 1126 1645 1618 1815 2043 2049 2151
424 115 516 209 466 45 483 370 450 954 178 664 558 278 531 291 209 334 520 563 208 58 250 309 290 505 194 72 1650 222 508 47 1764 59 166 498 306 239 469 171 57 1730 0 358 1609 651 626 347 378 1679 500 183 191 197 1772 153 1706 271 482 499 396 852 514 675 709 340 208 1650 1632 400 462 229 331 187 375 503 204 709 1771 281 489 639 164 289 303 562 568 671
190 269 282 274 793 373 325 79 665 1281 504 452 400 493 298 105 274 548 336 482 273 386 464 496 545 831 449 354 1815 549 324 368 1929 387 463 340 520 453 796 236 315 1896 358 0 1775 439 434 90 144 1844 266 510 518 442 1938 368 2033 504 248 265 162 1090 841 462 924 593 273 1816 1797 166 228 556 545 402 79 830 269 923 1936 608 332 854 491 544 125 404 411 458
1814 1581 1906 1539 1450 1612 1842 1760 1237 928 1537 2024 1918 1445 1922 1681 1539 1347 1880 1923 1535 1609 1405 1669 1498 1442 1548 1605 105 1582 1867 1619 219 1598 1524 1857 1328 1398 1454 1561 1566 185 1609 1749 0 2011 1985 1737 1768 259 1890 1542 1551 1541 227 1501 508 1456 1872 1889 1786 1411 1187 2034 1009 1391 1535 77 268 1791 1852 1563 1343 1501 1766 1404 1533 1008 226 1405 1849 1005 1523 1497 1694 1922 1928 2030
412 584 181 589 933 626 290 451 980 1313 497 41 365 750 381 420 589 844 327 110 588 623 779 384 757 972 661 669 2051 474 315 641 2165 612 633 305 835 768 937 551 630 2132 651 439 2011 0 46 428 366 2080 397 497 489 664 2174 683 2065 738 224 204 384 881 981 52 1239 808 588 2052 2033 388 241 588 848 698 456 970 584 1238 2173 640 296 1168 507 756 408 369 375 48
397 578 175 584 908 601 264 445 972 1287 472 59 340 724 355 414 584 818 302 85 582 598 774 358 732 947 636 663 2026 448 289 616 2140 586 608 279 829 762 911 545 624 2107 626 434 1985 46 0 422 360 2055 372 471 463 639 2149 677 2040 713 218 198 379 855 956 69 1231 782 582 2027 2008 383 235 563 822 673 451 945 578 1230 2147 615 271 1160 482 731 402 344 350 65
179 257 271 263 781 361 313 74 654 1269 493 440 389 481 286 93 263 537 325 471 262 374 453 484 533 820 438 343 1804 537 312 357 1918 376 451 328 509 442 785 225 304 1884 347 90 1763 428 422 0 132 1833 254 498 506 431 1926 356 2021 492 237 254 151 1079 829 451 912 581 262 1804 1786 155 217 545 534 391 73 818 258 912 1925 596 320 842 479 532 114 393 399 447
117 288 209 294 812 392 209 155 684 1300 494 379 285 512 182 124 294 568 221 367 293 405 484 381 564 851 469 374 1835 470 208 388 1949 407 482 224 540 473 816 256 335 1915 378 144 1794 366 360 132 0 1864 151 494 485 462 1957 387 2052 523 175 192 89 975 860 389 943 612 293 1835 1817 93 155 576 565 422 161 849 289 943 1956 627 216 873 504 563 112 289 295 385
1884 1650 1976 1609 1520 1682 1912 1830 1306 997 1607 2094 1987 1515 1991 1751 1609 1416 1949 1992 1605 1679 1475 1738 1567 1511 1618 1675 186 1651 1937 1689 222 1667 1594 1927 1398 1468 1524 1631 1636 189 1679 1818 259 2080 2055 1807 1838 0 1960 1612 1620 1611 160 1570 309 1526 1942 1959 1856 1481 1256 2104 1079 1461 1605 300 169 1860 1922 1632 1413 1571 1835 1474 1603 1078 229 1475 1919 1074 1593 1566 1763 1991 1998 2100
117 410 331 416 872 514 152 277 806 1252 436 411 227 634 55 246 416 690 96 309 414 527 606 323 686 911 590 495 1956 413 109 510 2070 528 572 167 661 594 876 377 456 2037 500 266 1916 397 372 254 151 1985 0 436 428 584 2079 509 2004 645 297 314 132 917 920 421 1065 734 414 1957 1938 147 277 527 686 543 283 909 410 1064 2078 579 159 995 446 685 234 231 238 417
460 268 626 360 465 158 328 521 529 844 29 510 403 281 419 442 360 375 366 409 359 155 348 155 289 504 193 224 1583 68 353 173 1697 143 165 343 403 336 468 301 209 1664 183 510 1542 497 471 498 494 1612 436 0 42 196 1706 285 1597 270 633 650 475 743 513 520 788 339 359 1584 1565 490 613 120 379 230 526 502 355 787 1704 172 335 717 39 288 454 407 414 516
452 276 618 368 473 166 320 529 537 853 37 502 395 290 411 450 368 384 358 400 367 163 356 147 297 512 201 232 1591 60 345 181 1705 152 173 335 412 345 477 310 217 1672 191 518 1551 489 463 506 485 1620 428 42 0 204 1714 293 1605 278 632 641 467 751 521 512 796 348 367 1592 1573 482 612 128 387 238 535 510 363 795 1712 180 327 725 47 296 463 399 406 508
508 199 600 293 384 172 495 454 383 967 191 677 571 200 586 375 293 266 533 576 292 169 182 322 207 423 37 223 1582 235 521 187 1696 157 51 510 238 171 387 255 185 1663 197 442 1541 664 639 431 462 1611 584 196 204 0 1705 119 1719 188 566 583 480 865 432 687 642 258 292 1583 1564 484 546 242 263 65 459 421 288 641 1703 294 502 571 177 207 387 575 581 683
1978 1744 2070 1702 1613 1776 2005 1923 1400 1091 1700 2187 2081 1609 2085 1845 1702 1510 2043 2086 1698 1772 1568 1832 1661 1605 1711 1768 154 1745 2031 1782 125 1761 1688 2020 1491 1561 1618 1724 1729 155 1772 1912 227 2174 2149 1900 1931 160 2053 1706 1714 1705 0 1664 438 1620 2036 2053 1950 1575 1350 2197 1172 1554 1698 269 298 1954 2016 1726 1507 1664 1929 1567 1697 1172 113 1568 2012 1168 1687 1660 1857 2085 2091 2193
434 125 526 219 471 168 568 379 342 1056 280 695 644 169 541 301 219 225 579 665 217 181 141 411 222 510 126 149 1541 324 567 163 1655 182 140 583 197 130 475 180 110 1622 153 368 1501 683 677 356 387 1570 509 285 293 119 1664 0 1764 180 492 509 406 954 519 706 601 270 217 1542 1523 410 472 331 222 79 385 508 213 600 1663 383 575 530 266 221 313 648 654 701
2027 1789 2169 1802 1551 1679 1895 2023 1500 980 1590 2076 1970 1708 1985 1944 1802 1610 1932 1975 1798 1676 1668 1721 1760 1542 1714 1746 464 1634 1920 1694 500 1665 1686 1910 1591 1661 1555 1823 1730 467 1704 2012 508 2063 2038 2000 2031 309 2002 1595 1603 1717 438 1764 0 1719 2135 2152 2041 1464 1449 2086 1272 1654 1798 550 362 2053 2115 1615 1606 1752 2029 1505 1796 1271 508 1457 1901 1267 1576 1760 1956 1974 1980 2082
569 261 661 354 309 246 569 515 297 1041 264 751 645 52 660 436 354 181 607 650 353 243 97 396 59 348 185 285 1497 309 594 261 1611 231 158 584 153 86 313 316 246 1578 271 504 1456 738 713 492 523 1526 645 270 278 188 1620 180 1719 0 627 644 541 939 357 761 556 184 353 1498 1479 545 607 316 178 181 520 346 349 556 1618 368 576 486 251 59 448 649 655 757
221 393 93 398 916 497 356 260 789 1404 628 236 431 616 328 229 398 672 367 283 397 510 588 527 668 955 573 478 1939 617 354 492 2053 511 587 371 644 577 920 360 439 2019 482 248 1898 224 218 237 175 1968 297 633 632 566 2062 492 2157 627 0 116 193 1040 964 246 1048 716 397 1939 1921 197 101 680 669 526 265 953 393 1047 2060 731 362 977 614 668 217 435 441 242
238 410 74 415 933 514 373 277 806 1421 645 217 448 633 346 246 415 689 384 263 414 527 605 537 685 972 590 495 1956 626 372 509 2070 528 604 388 661 594 937 377 456 2037 499 265 1915 204 198 254 192 1985 314 650 641 583 2079 509 2174 644 116 0 210 1020 981 227 1065 734 414 1957 1938 214 118 697 686 543 282 970 410 1064 2077 749 380 994 631 685 234 452 459 223
135 306 227 312 830 410 191 174 703 1291 475 397 266 530 163 143 312 586 202 348 311 424 502 362 582 869 487 392 1853 452 189 406 1967 425 501 206 558 491 834 274 353 1933 396 162 1812 384 379 151 89 1882 132 475 467 480 1975 406 2043 541 193 210 0 956 878 407 962 630 311 1853 1835 111 173 566 583 440 179 867 307 961 1974 618 197 891 485 582 131 270 276 403
942 937 1010 1029 698 827 810 1102 1000 713 737 894 885 951 901 1071 1029 939 848 793 1028 824 1017 869 958 690 862 894 1452 782 835 842 1566 813 834 825 974 1006 703 971 878 1532 852 1091 1411 881 855 1079 975 1481 918 743 751 865 1575 954 1466 939 1053 1034 957 0 699 904 1053 903 1028 1453 1434 972 1070 763 943 899 1108 653 1024 1052 1573 605 817 1048 724 957 1059 889 896 900
906 599 998 691 313 489 813 852 351 801 508 995 888 369 904 773 691 318 850 893 690 486 430 639 376 305 429 555 1227 552 838 504 1341 474 401 828 353 423 317 632 540 1308 514 841 1187 981 956 829 860 1256 920 513 521 432 1350 519 1449 357 964 981 878 699 0 1005 404 282 690 1228 1209 882 944 560 322 466 858 267 686 403 1348 435 820 399 494 376 785 892 899 1001
435 606 204 612 957 650 313 473 1003 1336 521 61 388 773 404 442 612 867 351 134 611 647 802 407 780 995 684 692 2075 497 338 665 2189 635 657 328 858 791 960 574 653 2155 675 462 2034 52 69 451 389 2104 421 520 512 687 2197 706 2088 761 246 227 407 904 1005 0 1262 831 611 2075 2057 411 264 612 871 722 479 993 607 1261 2196 663 320 1191 530 780 431 392 399 67
990 681 1082 775 625 724 1087 935 337 1125 782 1251 1163 545 1097 857 775 447 1125 1168 773 737 505 914 598 659 648 705 1050 827 1113 719 1164 738 662 1102 428 498 629 736 666 1130 709 924 1009 1239 1231 912 943 1079 1065 788 796 642 1172 601 1272 556 1048 1065 962 1053 404 1262 0 491 773 1050 1032 966 1028 834 444 601 941 621 769 35 1171 789 1094 105 769 597 869 1167 1173 1257
659 350 750 443 234 315 639 604 232 1005 334 821 714 196 730 525 443 63 677 720 442 312 174 466 203 273 255 374 1432 379 664 330 1546 301 227 654 97 167 238 405 335 1512 340 593 1391 808 782 581 612 1461 734 339 348 258 1554 270 1654 184 716 734 630 903 282 831 491 0 442 1432 1414 635 697 386 66 270 610 271 438 490 1553 438 646 421 320 202 538 718 725 827
339 118 431 81 642 222 473 285 515 1130 354 601 549 342 446 206 81 398 485 631 77 235 314 485 394 681 299 204 1602 398 472 218 1716 237 312 488 370 303 646 86 165 1682 208 273 1561 588 582 262 293 1631 414 359 367 292 1724 217 1824 353 397 414 311 1028 690 611 773 442 0 1602 1584 315 377 406 395 252 290 679 75 773 1723 457 480 703 340 393 218 553 559 607
1856 1622 1948 1580 1491 1654 1883 1801 1278 969 1578 2065 1959 1487 1963 1722 1580 1388 1921 1964 1576 1650 1446 1710 1539 1483 1589 1646 146 1623 1909 1660 231 1639 1565 1898 1369 1439 1496 1602 1607 227 1650 1790 77 2052 2027 1778 1809 300 1931 1584 1592 1583 269 1542 550 1498 1914 1931 1828 1453 1228 2075 1050 1432 1576 0 309 1832 1894 1604 1385 1542 1807 1445 1575 1050 220 1446 1890 1046 1565 1538 1735 1963 1969 2071
1837 1604 1929 1562 1473 1635 1865 1783 1259 950 1560 2047 1940 1468 1944 1704 1562 1369 1902 1945 1558 1632 1428 1691 1520 1464 1571 1628 309 1604 1890 1642 360 1620 1547 1880 1351 1421 1477 1584 1589 327 1632 1771 268 2033 2008 1760 1791 169 1913 1565 1573 1564 298 1523 362 1479 1895 1912 1809 1434 1209 2057 1032 1414 1558 309 0 1813 1875 1585 1366 1524 1788 1427 1556 1031 367 1428 1872 1027 1546 1519 1716 1944 1951 2053
139 311 231 316 834 415 206 178 707 1306 491 401 281 534 179 147 316 590 217 363 315 428 506 377 587 873 491 396 1857 467 205 410 1971 429 505 221 562 495 838 278 357 1938 400 166 1816 388 383 155 93 1886 147 490 482 484 1980 410 2058 545 197 214 111 972 882 411 966 635 315 1858 1839 0 177 582 587 444 183 871 311 965 1978 633 213 895 500 586 135 285 292 407
201 373 110 378 896 477 336 240 769 1384 608 254 411 596 309 209 378 652 347 300 377 490 568 507 648 935 553 458 1919 597 335 472 2033 491 567 351 624 557 900 340 419 1999 462 228 1878 241 235 217 155 1948 277 613 612 546 2042 472 2137 607 101 118 173 1057 944 264 1028 697 377 1920 1901 177 0 660 649 506 245 933 373 1027 2040 711 342 957 594 648 197 415 421 260
552 314 714 407 511 205 420 567 575 865 115 601 495 328 511 489 407 422 457 500 406 201 394 246 335 550 239 271 1603 159 445 219 1717 190 211 435 450 383 515 348 255 1684 229 556 1563 588 563 545 576 1632 527 120 128 242 1726 331 1617 316 680 697 566 763 560 612 834 386 406 1604 1585 582 660 0 426 277 573 547 401 834 1725 192 426 764 101 334 501 499 505 608
611 302 703 396 274 345 679 557 185 1045 374 861 754 167 718 478 396 39 717 760 395 352 126 506 219 313 270 326 1384 419 704 340 1498 341 267 694 49 120 278 358 287 1465 331 545 1343 848 822 534 565 1413 686 379 387 263 1507 222 1606 178 669 686 583 943 322 871 444 66 395 1385 1366 587 649 426 0 223 562 311 390 443 1505 477 686 373 360 218 490 758 765 867
468 159 560 253 418 202 530 413 342 1001 225 712 605 170 575 335 253 226 568 610 252 203 142 356 222 457 71 183 1542 269 555 197 1656 192 85 545 198 131 422 215 144 1622 187 402 1501 698 673 391 422 1571 543 230 238 65 1664 79 1754 181 526 543 440 899 466 722 601 270 252 1542 1524 444 506 277 223 0 419 455 247 601 1663 328 537 531 211 221 347 609 616 718
207 286 299 291 809 390 342 63 682 1297 521 469 417 509 314 122 291 565 353 499 290 403 481 513 562 848 466 371 1832 566 340 385 1946 404 480 357 537 470 813 253 332 1913 375 79 1791 456 451 73 161 1861 283 526 535 459 1955 385 2050 520 265 282 179 1107 858 479 941 610 290 1833 1814 183 245 573 562 419 0 846 286 940 1953 625 348 870 507 561 142 421 427 475
895 588 987 680 72 478 802 841 403 754 497 983 877 358 892 762 680 307 839 882 679 475 419 628 365 66 418 544 1445 541 827 493 1559 463 390 817 341 412 76 621 529 1525 503 830 1404 970 945 818 849 1474 909 502 510 421 1567 508 1507 346 953 970 867 653 267 993 621 271 679 1445 1427 871 933 547 311 455 846 0 675 621 1566 389 808 592 483 364 774 881 887 989
335 114 427 79 638 218 469 280 510 1126 350 596 545 338 442 202 79 394 481 627 75 231 310 481 390 677 294 199 1600 394 468 214 1714 232 308 484 365 298 641 81 161 1681 204 269 1559 584 578 258 289 1629 410 355 363 288 1723 213 1822 349 393 410 307 1024 686 607 769 438 75 1601 1582 311 373 401 390 247 286 675 0 769 1721 453 476 699 336 389 214 549 555 603
989 680 1081 774 624 723 1087 935 336 1124 782 1251 1162 545 1096 856 774 446 1124 1167 773 736 504 913 597 658 648 704 1049 826 1112 718 1163 737 661 1102 427 498 628 736 665 1130 709 923 1008 1238 1230 912 943 1078 1064 787 795 641 1172 600 1271 556 1047 1064 961 1052 403 1261 35 490 773 1050 1031 965 1027 834 443 601 940 621 769 0 1170 789 1094 104 768 596 868 1166 1173 1257
1976 1743 2068 1701 1612 1774 2004 1922 1399 1089 1699 2186 2079 1607 2084 1843 1701 1508 2042 2085 1697 1771 1567 1831 1659 1604 1710 1767 153 1744 2029 1781 22 1759 1686 2019 1490 1560 1616 1723 1728 52 1771 1911 226 2173 2147 1899 1930 229 2052 1704 1712 1703 113 1663 508 1618 2034 2051 1948 1573 1348 2196 1171 1553 1697 220 367 1952 2014 1725 1505 1663 1927 1566 1695 1170 0 1567 2011 1166 1685 1659 1855 2083 2090 2192
604 366 765 458 435 256 471 619 627 707 166 653 547 380 562 540 458 474 509 552 457 253 446 298 387 427 291 322 1446 211 496 271 1560 241 263 486 501 434 439 400 307 1526 281 608 1405 640 615 596 627 1475 579 172 180 294 1568 383 1459 368 731 749 618 605 435 663 789 438 457 1446 1428 633 711 192 477 328 625 389 453 789 1567 0 478 785 153 386 553 551 557 659
183 476 396 481 771 465 25 343 835 1151 335 310 90 588 142 312 481 682 88 208 480 461 654 222 595 810 499 531 1890 312 76 479 2004 450 471 30 710 643 775 443 515 1970 489 332 1849 296 271 320 216 1919 159 335 327 502 2012 575 1903 576 362 380 197 817 820 320 1094 646 480 1890 1872 213 342 426 686 537 348 808 476 1094 2011 478 0 1024 345 594 300 94 101 316
919 610 1011 704 555 653 1017 865 266 1120 712 1181 1092 475 1026 786 704 376 1055 1097 703 666 435 843 527 594 578 635 1045 756 1042 649 1159 668 592 1032 358 428 558 666 596 1126 639 854 1005 1168 1160 842 873 1074 995 717 725 571 1168 530 1267 486 977 994 891 1048 399 1191 105 421 703 1046 1027 895 957 764 373 531 870 592 699 104 1166 785 1024 0 698 526 798 1096 1103 1187
471 249 637 341 446 139 338 502 510 825 33 520 414 262 429 423 341 356 376 419 340 136 329 165 270 485 174 205 1564 78 364 154 1678 124 146 353 384 317 449 282 190 1645 164 491 1523 507 482 479 504 1593 446 39 47 177 1687 266 1578 251 614 631 485 724 494 530 769 320 340 1565 1546 500 594 101 360 211 507 483 336 768 1685 153 345 698 0 269 435 418 424 526
610 301 702 395 327 264 588 555 338 1059 283 769 663 71 679 477 395 221 625 668 393 261 137 414 23 366 204 325 1537 327 613 279 1651 249 176 603 193 126 331 356 286 1618 289 544 1497 756 731 532 563 1566 685 288 296 207 1660 221 1760 59 668 685 582 957 376 780 597 202 393 1538 1519 586 648 334 218 221 561 364 389 596 1659 386 594 526 269 0 489 667 673 775
159 214 251 219 737 318 293 137 610 1225 449 420 369 437 266 58 219 493 305 451 218 331 409 464 490 776 394 299 1760 494 292 313 1874 332 408 308 465 398 741 181 260 1841 303 125 1719 408 402 114 112 1789 234 454 463 387 1883 313 1978 448 217 234 131 1059 785 431 869 538 218 1761 1742 135 197 501 490 347 142 774 214 868 1881 553 300 798 435 489 0 373 379 426
256 548 469 554 844 537 97 415 908 1223 408 382 27 661 214 384 554 755 161 281 553 534 727 294 668 883 572 603 1962 384 148 552 2076 522 544 102 782 715 848 516 588 2043 562 404 1922 369 344 393 289 1991 231 407 399 575 2085 648 1976 649 435 452 270 889 892 392 1167 718 553 1963 1944 285 415 499 758 609 421 881 549 1166 2083 551 94 1096 418 667 373 0 29 388
262 555 475 560 850 544 104 422 914 1230 414 389 33 667 221 391 560 761 167 287 559 540 733 301 674 889 578 610 1969 391 155 558 2083 529 551 109 789 722 854 522 594 2049 568 411 1928 375 350 399 295 1998 238 414 406 581 2091 654 1982 655 441 459 276 896 899 399 1173 725 559 1969 1951 292 421 505 765 616 427 887 555 1173 2090 557 101 1103 424 673 379 29 0 395
431 602 200 608 952 646 309 469 998 1332 516 57 384 769 400 438 608 863 347 130 607 643 798 403 776 991 680 688 2071 493 334 661 2185 631 653 324 854 787 956 570 649 2151 671 458 2030 48 65 447 385 2100 417 516 508 683 2193 701 2084 757 242 223 403 900 1001 67 1257 827 607 2071 2053 407 260 608 867 718 475 989 603 1257 2192 659 316 1187 526 775 426 388 395 0
EOF