NAME : tsp_problem
TYPE : TSP
DIMENSION : 60
EDGE_WEIGHT_TYPE : EXPLICIT
EDGE_WEIGHT_FORMAT : FULL_MATRIX
EDGE_WEIGHT_SECTION
0 343 602 213 282 1322 502 537 2012 1495 2071 348 305 518 778 210 1106 625 449 2053 928 471 2020 305 1246 453 251 450 2053 402 377 330 416 966 1367 921 2069 338 1175 1988 767 1984 1106 536 464 836 410 1107 516 401 1420 722 569 420 1336 850 2097 1107 957 842
343 0 667 199 268 1231 570 535 1962 1404 2021 507 465 427 840 196 1152 561 358 1962 837 631 1970 464 1240 362 410 136 2003 311 286 490 102 875 1276 830 2019 100 1084 1938 676 1933 1152 347 150 746 96 1152 425 560 1329 631 520 106 1379 793 2047 1153 866 654
602 667 0 615 684 792 165 200 1530 965 1589 379 416 270 246 612 575 136 351 1738 453 175 1537 416 714 538 397 738 1571 403 410 362 726 610 837 446 1587 662 948 1505 278 1501 575 860 752 361 731 575 262 339 889 494 232 730 853 319 1615 575 601 1101
213 199 615 0 92 1179 518 483 1910 1351 1969 378 335 375 788 31 1100 508 306 1909 785 501 1917 335 1188 310 281 307 1951 258 233 360 273 822 1224 777 1967 194 1032 1885 623 1881 1100 393 321 693 267 1100 373 431 1276 578 468 276 1327 740 1995 1100 814 699
282 268 684 92 0 1248 587 552 1979 1420 2038 447 404 444 857 100 1169 577 375 1978 854 570 1986 404 1257 379 350 376 2020 327 302 429 342 891 1293 847 2036 263 1101 1954 692 1950 1169 462 390 762 336 1169 442 500 1345 647 537 345 1396 809 2064 1170 883 768
1322 1231 792 1179 1248 0 886 854 883 192 942 1101 1138 834 625 1176 415 785 915 1091 708 897 890 1138 437 1102 1118 1339 924 967 974 1084 1305 540 64 680 940 1226 913 858 607 854 415 1123 1353 514 1299 415 826 1060 117 722 839 1308 498 603 968 415 527 1202
502 570 165 518 587 886 0 49 1624 1059 1683 279 316 173 341 515 669 188 254 1728 496 75 1632 316 808 441 296 638 1665 306 313 261 626 641 931 488 1681 565 851 1600 334 1595 669 764 651 404 631 669 165 238 984 397 80 630 948 413 1709 670 633 1004
537 535 200 483 552 854 49 0 1660 1027 1719 315 352 137 377 480 705 184 219 1693 460 111 1668 352 844 406 332 643 1701 271 278 297 608 606 899 453 1717 530 816 1636 299 1631 705 728 657 369 603 705 130 274 952 362 45 612 983 416 1745 705 598 969
1986 1962 1530 1910 1979 883 1624 1660 0 873 145 1763 1801 1586 1363 1907 1063 1596 1646 294 1532 1634 195 1800 943 1833 1781 2070 178 1698 1705 1746 2035 1364 852 1504 143 1957 974 304 1431 232 1063 1780 2084 1338 2030 1063 1584 1723 842 1379 1664 2039 828 1380 325 1064 1351 1644
1495 1404 965 1351 1420 192 1059 1027 873 0 932 1274 1311 1006 798 1349 587 958 1087 1081 880 1070 881 1311 603 1275 1291 1512 914 1139 1147 1256 1477 713 162 852 930 1399 904 849 779 845 587 1296 1526 686 1471 587 999 1233 152 894 1012 1481 488 776 958 588 700 1375
2046 2021 1589 1969 2038 942 1683 1719 145 932 0 1823 1860 1645 1422 1966 1122 1655 1705 212 1592 1694 310 1860 1002 1892 1840 2129 293 1757 1764 1805 2095 1424 912 1564 166 2016 1034 390 1491 347 1122 1840 2143 1398 2089 1123 1643 1782 902 1438 1723 2099 888 1439 439 1123 1411 1704
348 507 379 378 447 1101 279 315 1789 1274 1849 0 162 437 555 375 884 403 518 1993 760 248 1797 162 1023 618 142 484 1831 566 541 55 472 906 1146 753 1847 502 1116 1765 587 1761 884 701 497 668 477 884 430 178 1199 662 346 476 1113 628 1874 884 897 1007
305 465 416 335 404 1138 316 352 1826 1311 1886 162 0 474 593 332 921 440 556 2030 797 286 1834 62 1060 575 137 441 1868 523 499 145 429 943 1183 790 1884 459 1153 1802 624 1798 921 658 455 706 434 921 467 215 1236 699 383 433 1150 665 1912 922 935 964
518 427 270 375 444 834 173 137 1586 1006 1645 437 474 0 443 372 755 163 111 1586 440 234 1594 474 842 299 455 535 1627 163 170 420 501 499 878 432 1643 422 709 1562 278 1558 755 621 549 348 495 755 33 397 931 255 122 505 982 395 1671 755 490 862
778 840 246 788 857 625 341 377 1363 798 1422 555 593 443 0 785 408 313 524 1571 359 351 1371 592 547 711 573 915 1404 576 583 538 902 460 670 352 1420 835 963 1339 196 1335 408 1034 928 204 908 408 435 515 723 642 408 906 687 152 1448 409 447 1123
210 196 612 31 100 1176 515 480 1907 1349 1966 375 332 372 785 0 1097 506 303 1907 782 498 1915 332 1185 307 278 304 1948 255 231 357 270 819 1221 775 1964 191 1029 1883 621 1878 1097 390 318 690 264 1097 370 428 1274 576 465 274 1324 737 1992 1098 811 696
1106 1152 575 1100 1169 415 669 705 1063 587 1122 884 921 755 408 1097 0 641 836 1271 632 680 1071 921 247 1023 901 1243 1104 888 895 866 1226 527 459 625 1120 1147 1029 1039 525 1035 35 1110 1256 477 1220 35 747 843 512 708 736 1229 387 425 1148 36 514 1189
625 561 136 508 577 785 188 184 1596 958 1655 403 440 163 313 506 641 0 244 1719 391 198 1604 440 780 432 420 668 1637 296 304 385 634 548 830 384 1653 556 842 1572 230 1567 641 754 683 299 628 641 156 362 882 388 169 638 919 346 1681 642 539 995
449 358 351 306 375 915 254 219 1646 1087 1705 518 556 111 524 303 836 244 0 1645 521 315 1653 555 924 229 517 466 1687 102 109 501 432 558 960 513 1703 353 768 1621 359 1617 836 552 480 429 426 836 109 478 1012 314 204 436 1063 476 1731 836 550 858
2051 1960 1738 1907 1976 1091 1727 1691 294 1081 212 1972 2009 1584 1571 1905 1271 1717 1643 0 1578 1788 459 2009 1151 1831 1989 2068 442 1695 1703 1954 2033 1488 1061 1551 201 1955 972 539 1640 496 1271 1778 2082 1547 2027 1272 1582 1931 1051 1377 1676 2037 1037 1588 588 1272 1479 1642
928 837 453 785 854 708 496 460 1532 880 1592 760 797 440 359 782 632 391 521 1580 0 557 1540 797 716 708 778 945 1574 573 580 743 911 221 752 57 1589 832 703 1508 213 1504 632 784 959 225 905 632 432 720 805 382 445 914 856 273 1617 633 212 863
471 631 175 501 570 897 75 111 1634 1070 1694 248 286 234 351 498 680 198 315 1790 557 0 1642 285 819 503 266 607 1676 367 375 231 595 703 942 550 1692 626 913 1610 383 1606 680 824 621 465 601 680 227 208 994 459 142 599 958 423 1720 680 694 1066
1994 1970 1537 1917 1986 890 1632 1668 195 881 310 1771 1808 1594 1371 1915 1071 1604 1653 459 1540 1642 0 1808 951 1841 1789 2078 82 1705 1713 1754 2043 1372 860 1512 308 1965 982 157 1439 85 1071 1788 2092 1346 2037 1071 1592 1731 850 1387 1672 2047 836 1388 233 1072 1359 1652
305 464 416 335 404 1138 316 352 1826 1311 1886 162 62 474 592 332 921 440 555 2030 797 285 1834 0 1060 575 137 441 1868 523 498 144 429 943 1183 790 1884 459 1153 1802 624 1798 921 658 454 705 434 921 467 215 1235 699 383 433 1150 665 1911 921 934 964
1246 1240 714 1188 1257 437 808 844 943 603 1002 1023 1060 842 547 1185 247 780 924 1151 716 819 951 1060 0 1111 1040 1348 984 976 983 1005 1313 549 481 689 1000 1235 996 919 616 914 247 1132 1362 522 1308 248 835 982 534 730 848 1317 266 564 1028 248 536 1211
453 362 538 310 379 1102 441 406 1833 1275 1892 618 575 299 711 307 1023 432 229 1833 708 503 1841 575 1111 0 521 470 1875 182 157 600 436 746 1147 701 1890 357 956 1809 547 1805 1023 556 484 617 430 1024 297 665 1200 502 391 439 1250 664 1918 1024 737 862
251 410 397 281 350 1118 296 332 1807 1291 1866 142 137 455 573 278 901 420 517 2010 778 266 1814 137 1040 521 0 387 1848 469 444 125 375 923 1163 770 1864 405 1133 1782 605 1778 901 604 400 686 380 901 447 195 1216 679 363 379 1130 645 1892 902 915 910
450 136 738 307 376 1339 638 643 2070 1512 2129 484 441 535 915 304 1243 668 466 2069 945 607 2078 441 1348 470 387 0 2111 418 393 467 48 982 1384 938 2127 143 1192 2045 784 2041 1243 455 49 853 53 1243 533 537 1436 738 628 52 1472 900 2155 1243 974 762
2028 2003 1571 1951 2020 924 1665 1701 178 914 293 1805 1842 1627 1404 1948 1104 1637 1687 442 1574 1676 82 1842 984 1875 1822 2111 0 1739 1746 1787 2077 1406 894 1546 291 1998 1016 190 1473 119 1104 1822 2125 1380 2071 1105 1625 1764 884 1420 1705 2081 870 1421 164 1105 1393 1686
402 311 403 258 327 967 306 271 1698 1139 1757 566 523 163 576 255 888 296 102 1697 573 367 1705 523 976 182 469 418 1739 0 96 549 384 610 1012 565 1755 305 820 1673 411 1669 888 504 432 481 378 888 161 530 1064 366 256 388 1115 528 1783 888 602 810
377 286 410 233 302 974 313 278 1705 1147 1764 541 499 170 583 231 895 304 109 1705 580 375 1713 498 983 157 444 393 1746 96 0 524 359 618 1019 573 1762 281 827 1681 419 1676 895 479 408 488 353 895 168 537 1072 374 263 363 1122 535 1790 896 609 786
330 490 362 360 429 1084 261 297 1772 1256 1831 55 145 420 538 357 866 385 501 1976 743 231 1780 144 1005 600 125 467 1813 549 524 0 454 889 1128 735 1829 485 1098 1748 570 1743 866 683 480 651 460 866 412 160 1181 645 329 459 1095 610 1857 867 880 990
416 102 726 273 342 1305 626 608 2035 1477 2095 472 429 501 902 270 1226 634 432 2035 911 595 2043 429 1313 436 375 48 2077 384 359 454 0 948 1349 903 2093 109 1158 2011 749 2007 1226 421 62 819 41 1226 499 525 1402 704 593 40 1453 866 2121 1226 939 727
966 875 610 822 891 540 641 606 1364 713 1424 906 943 499 460 819 527 548 558 1490 221 703 1372 943 549 746 923 982 1406 610 618 889 948 0 585 193 1422 870 613 1340 370 1336 527 693 996 284 942 527 497 865 637 292 591 952 688 374 1450 527 71 772
1367 1276 837 1224 1293 64 931 899 852 162 912 1146 1183 878 670 1221 459 830 960 1061 752 942 860 1183 481 1147 1163 1384 894 1012 1019 1128 1349 585 0 725 910 1271 883 828 652 824 459 1168 1398 558 1344 460 871 1105 131 766 884 1353 468 648 937 460 572 1247
921 830 446 777 847 680 488 453 1504 852 1564 753 790 432 352 775 625 384 513 1553 57 550 1512 790 689 701 770 938 1546 565 573 735 903 193 725 0 1562 825 675 1480 206 1476 625 756 952 218 897 625 425 712 777 354 438 907 828 265 1590 625 185 835
2044 2019 1587 1967 2036 940 1681 1717 143 930 166 1821 1858 1643 1420 1964 1120 1653 1703 201 1589 1692 308 1858 1000 1890 1838 2127 291 1755 1762 1803 2093 1422 910 1562 0 2014 1032 388 1489 345 1120 1838 2141 1396 2087 1121 1641 1780 900 1436 1721 2096 886 1437 437 1121 1409 1702
338 100 662 194 263 1226 565 530 1957 1399 2016 502 459 422 835 191 1147 556 353 1957 832 626 1965 459 1235 357 405 143 1998 305 281 485 109 870 1271 825 2014 0 1079 1933 671 1928 1147 342 157 740 103 1147 420 555 1324 626 515 112 1374 788 2042 1148 861 649
1175 1084 948 1032 1101 913 851 816 974 904 1034 1116 1153 709 963 1029 1029 842 768 974 703 913 982 1153 996 956 1133 1192 1016 820 827 1098 1158 613 883 675 1032 1079 0 950 852 946 1029 903 1206 786 1152 1030 706 1075 873 501 801 1162 881 876 1059 1030 604 767
1962 1938 1505 1885 1954 858 1600 1636 304 849 390 1739 1776 1562 1339 1883 1039 1572 1621 539 1508 1610 157 1776 919 1809 1757 2045 190 1673 1681 1722 2011 1340 828 1480 388 1933 950 0 1407 120 1039 1756 2060 1314 2005 1039 1560 1699 818 1355 1639 2015 804 1356 146 1039 1327 1620
767 676 278 623 692 607 334 299 1431 779 1491 587 624 278 196 621 525 230 359 1640 213 383 1439 624 616 547 605 784 1473 411 419 570 749 370 652 206 1489 671 852 1407 0 1403 525 869 798 121 743 525 271 547 704 503 284 753 755 168 1517 525 361 1011
1958 1933 1501 1881 1950 854 1595 1631 232 845 347 1735 1772 1558 1335 1878 1035 1567 1617 496 1504 1606 85 1772 914 1805 1752 2041 119 1669 1676 1717 2007 1336 824 1476 345 1928 946 120 1403 0 1034 1752 2055 1310 2001 1035 1555 1694 814 1350 1635 2011 800 1351 230 1035 1323 1616
1106 1152 575 1100 1169 415 669 705 1063 587 1122 884 921 755 408 1097 35 641 836 1271 632 680 1071 921 247 1023 901 1243 1104 888 895 866 1226 527 459 625 1120 1147 1029 1039 525 1034 0 1110 1256 477 1220 35 747 843 512 708 736 1229 387 425 1148 36 514 1189
536 347 860 393 462 1123 764 728 1780 1296 1840 701 658 621 1034 390 1110 754 552 1780 784 824 1788 658 1132 556 604 455 1822 504 479 683 421 693 1168 756 1838 342 903 1756 869 1752 1110 0 469 867 415 1110 619 754 1220 575 713 425 1271 957 1865 1110 684 525
464 150 752 321 390 1353 651 657 2084 1526 2143 497 455 549 928 318 1256 683 480 2084 959 621 2092 454 1362 484 400 49 2125 432 408 480 62 996 1398 952 2141 157 1206 2060 798 2055 1256 469 0 867 68 1256 547 550 1450 753 642 66 1485 914 2169 1257 988 776
836 746 361 693 762 514 404 369 1338 686 1398 668 706 348 204 690 477 299 429 1547 225 465 1346 705 522 617 686 853 1380 481 488 651 819 284 558 218 1396 740 786 1314 121 1310 477 867 867 0 813 478 341 628 611 466 353 823 662 118 1423 478 271 946
410 96 731 267 336 1299 631 603 2030 1471 2089 477 434 495 908 264 1220 628 426 2029 905 601 2037 434 1308 430 380 53 2071 378 353 460 41 942 1344 897 2087 103 1152 2005 743 2001 1220 415 68 813 0 1220 493 530 1396 698 588 45 1447 860 2115 1220 934 721
1107 1152 575 1100 1169 415 669 705 1063 587 1123 884 921 755 408 1097 35 641 836 1272 632 680 1071 921 248 1024 901 1243 1105 888 895 866 1226 527 460 625 1121 1147 1030 1039 525 1035 35 1110 1256 478 1220 0 748 843 512 709 737 1230 387 425 1148 36 514 1189
516 425 262 373 442 826 165 130 1584 999 1643 430 467 33 435 370 747 156 109 1584 432 227 1592 467 835 297 447 533 1625 161 168 412 499 497 871 425 1641 420 706 1560 271 1555 747 619 547 341 493 748 0 389 924 253 115 503 974 388 1669 748 488 860
401 560 339 431 500 1060 238 274 1749 1233 1808 178 215 397 515 428 843 362 478 1953 720 208 1756 215 982 665 195 537 1790 530 537 160 525 865 1105 712 1806 555 1075 1724 547 1720 843 754 550 628 530 843 389 0 1158 622 305 529 1072 587 1834 844 857 1060
1420 1329 889 1276 1345 117 984 952 842 152 902 1199 1236 931 723 1274 512 882 1012 1051 805 994 850 1235 534 1200 1216 1436 884 1064 1072 1181 1402 637 131 777 900 1324 873 818 704 814 512 1220 1450 611 1396 512 924 1158 0 819 937 1406 457 701 927 513 624 1300
722 631 494 578 647 722 397 362 1379 894 1438 662 699 255 642 576 708 388 314 1379 382 459 1387 699 730 502 679 738 1420 366 374 645 704 292 766 354 1436 626 501 1355 503 1350 708 575 753 466 698 709 253 622 819 0 347 708 870 555 1464 709 283 655
569 520 232 468 537 839 80 45 1664 1012 1723 346 383 122 408 465 736 169 204 1678 445 142 1672 383 848 391 363 628 1705 256 263 329 593 591 884 438 1721 515 801 1639 284 1635 736 713 642 353 588 737 115 305 937 347 0 597 987 401 1749 737 582 954
420 106 730 276 345 1308 630 612 2039 1481 2099 476 433 505 906 274 1229 638 436 2039 914 599 2047 433 1317 439 379 52 2081 388 363 459 40 952 1353 907 2096 112 1162 2015 753 2011 1229 425 66 823 45 1230 503 529 1406 708 597 0 1456 870 2124 1230 943 731
1310 1379 853 1327 1396 498 948 983 828 488 888 1087 1124 982 687 1324 387 919 1063 1037 856 958 836 1124 266 1250 1104 1410 870 1115 1122 1070 1398 688 468 828 886 1374 881 804 755 800 387 1271 1424 662 1403 387 974 1046 457 870 987 1402 0 703 913 387 675 1350
850 793 319 740 809 603 413 416 1380 776 1439 628 665 395 152 737 425 346 476 1588 273 423 1388 665 564 664 645 900 1421 528 535 610 866 374 648 265 1437 788 876 1356 168 1351 425 957 914 118 860 425 388 587 701 555 401 870 703 0 1465 426 361 1036
2071 2047 1615 1995 2064 968 1709 1745 325 958 439 1849 1886 1671 1448 1992 1148 1681 1731 588 1617 1720 233 1886 1028 1918 1866 2155 164 1783 1790 1831 2121 1450 937 1590 437 2042 1059 146 1517 230 1148 1865 2169 1423 2115 1148 1669 1808 927 1464 1749 2124 913 1465 0 1149 1437 1730
1107 1153 575 1100 1170 415 670 705 1064 588 1123 884 922 755 409 1098 36 642 836 1272 633 680 1072 921 248 1024 902 1243 1105 888 896 867 1226 527 460 625 1121 1148 1030 1039 525 1035 36 1110 1257 478 1220 36 748 844 513 709 737 1230 387 426 1149 0 514 1190
957 866 601 814 883 527 633 598 1351 700 1411 897 935 490 447 811 514 539 550 1481 212 694 1359 934 536 737 915 974 1393 602 609 880 939 71 572 185 1409 861 604 1327 361 1323 514 684 988 271 934 514 488 857 624 283 582 943 675 361 1437 514 0 763
843 654 1101 699 768 1202 1004 969 1644 1375 1704 1007 964 862 1123 696 1189 995 858 1644 863 1066 1652 964 1211 862 910 762 1686 811 786 990 727 772 1247 835 1702 649 767 1620 1011 1616 1189 525 776 946 722 1189 860 1060 1300 655 954 731 1350 1036 1730 1190 763 0
EOF