NAME : tsp_problem
TYPE : TSP
DIMENSION : 80
EDGE_WEIGHT_TYPE : EXPLICIT
EDGE_WEIGHT_FORMAT : FULL_MATRIX
EDGE_WEIGHT_SECTION
0 247 148 1581 737 871 172 657 272 196 1508 381 239 1045 187 268 366 365 693 713 568 753 606 825 199 109 310 503 568 642 165 473 420 649 782 207 1559 113 365 386 673 639 632 650 643 1581 644 1546 598 249 298 358 471 848 705 528 568 1604 584 651 568 569 1506 499 262 168 264 362 272 653 1627 648 651 180 350 276 435 402 435 306
247 0 235 1668 609 846 328 434 61 348 1595 356 457 1132 128 57 144 142 470 621 655 729 581 801 301 196 397 479 655 568 340 560 638 575 653 148 1646 200 142 361 451 417 607 576 569 1668 619 1633 573 109 87 333 679 823 607 306 654 1691 559 428 654 656 1593 276 111 106 98 337 61 579 1714 456 577 166 325 125 410 378 212 84
148 235 0 1495 819 963 155 644 260 175 1422 500 291 959 175 256 354 353 681 832 483 852 725 945 128 85 224 623 482 762 167 387 472 768 864 195 1473 60 353 506 661 627 752 769 762 1495 764 1460 718 307 285 477 523 946 818 516 482 1518 682 638 482 483 1420 487 310 156 296 482 260 772 1542 666 770 213 469 323 554 522 423 294
1581 1668 1495 0 2125 1064 1508 2002 1693 1527 217 1769 1381 1153 1608 1689 1652 1648 2039 2101 1122 1605 1994 1839 1481 1518 1350 1892 1121 2030 1502 1299 1364 2037 2170 1628 160 1493 1648 1774 2019 1985 2020 2038 2031 98 2032 254 1986 1731 1719 1746 1417 1699 2093 1874 1121 88 1435 1996 1121 1122 215 1845 1743 1589 1730 1585 1693 2041 63 2024 2039 1646 1738 1757 1657 1532 1781 1675
737 609 819 2125 0 1147 800 205 604 825 2052 401 867 1610 712 641 590 589 442 66 1240 574 154 452 827 780 981 467 1239 367 793 1144 949 373 72 705 2103 784 589 388 182 225 133 374 367 2125 128 2090 162 634 671 408 980 476 53 453 1239 2148 783 399 1239 1240 2050 389 647 690 649 639 604 377 2171 372 375 660 434 661 711 679 533 553
871 846 963 1064 1147 0 829 1254 871 853 991 791 728 1180 849 821 964 963 1128 1123 987 627 1016 861 856 951 935 914 987 1052 821 940 540 1059 1192 839 1042 955 963 796 1271 1237 1042 1060 1053 1064 1054 1029 1008 768 829 768 570 721 1115 1126 987 1087 457 1085 987 988 989 1097 781 864 783 607 871 1063 1110 1058 1061 794 760 795 679 554 1033 905
172 328 155 1508 800 829 0 737 353 46 1435 444 157 971 268 349 447 446 774 776 495 718 669 889 48 178 236 567 494 705 38 399 338 712 845 288 1485 153 446 449 754 720 695 713 706 1507 707 1472 661 312 373 421 389 812 768 609 494 1530 548 732 494 495 1432 580 325 249 327 425 353 716 1554 711 714 243 413 339 498 466 516 387
657 434 644 2028 205 1254 737 0 429 757 1955 552 866 1435 537 466 415 414 350 218 1065 725 306 604 711 605 806 619 1064 448 750 969 1046 455 250 557 2006 609 414 539 74 117 285 456 449 2028 279 1993 313 518 496 559 1087 627 204 278 1064 2051 934 308 1064 1065 1953 214 520 515 507 746 429 459 2074 336 457 575 585 534 818 786 358 378
272 61 260 1693 604 871 353 429 0 372 1620 381 482 1157 153 81 139 138 466 616 680 753 605 824 326 221 421 503 679 564 365 584 663 570 648 173 1670 224 138 386 446 412 631 571 564 1692 643 1657 597 133 111 357 703 848 603 301 679 1715 583 423 679 680 1618 272 135 130 122 362 85 574 1739 451 572 190 349 149 434 402 208 79
196 348 175 1527 825 853 46 757 372 0 1454 469 182 991 288 368 467 466 794 801 515 742 694 913 68 197 256 591 514 730 58 419 363 736 869 308 1505 173 466 474 774 740 720 737 730 1527 732 1492 686 337 398 445 414 837 793 629 514 1550 572 751 514 515 1452 600 350 269 352 450 372 740 1573 735 738 268 437 364 522 490 536 407
1508 1595 1422 217 2052 991 1435 1929 1620 1454 0 1696 1307 1080 1535 1616 1579 1575 1966 2028 1049 1532 1921 1766 1408 1445 1276 1819 1048 1957 1429 1226 1291 1964 2097 1555 279 1420 1575 1701 1946 1912 1947 1965 1958 216 1959 122 1913 1658 1646 1673 1344 1626 2020 1801 1048 239 1362 1923 1048 1049 88 1772 1670 1516 1657 1512 1620 1968 251 1951 1966 1573 1665 1684 1584 1459 1708 1602
381 356 500 1769 401 791 444 552 381 469 1696 0 511 1327 359 331 474 473 381 377 901 611 270 489 471 461 643 167 901 306 437 800 593 313 445 349 1747 465 473 79 529 542 296 314 307 1768 308 1734 262 278 339 98 624 513 369 524 901 1791 504 339 901 902 1694 460 291 374 293 282 381 317 1815 311 315 304 125 305 355 323 543 415
239 457 291 1381 867 728 157 866 482 182 1307 511 0 844 365 432 575 574 847 843 485 617 736 851 184 314 235 633 484 772 150 318 209 779 912 355 1358 289 574 516 882 848 762 780 773 1380 774 1345 728 379 440 488 262 712 835 738 484 1403 447 805 484 485 1305 708 392 379 394 492 482 783 1427 778 781 310 480 406 565 532 644 516
1032 1119 946 1140 1580 1167 959 1441 1144 978 1067 1314 832 0 1059 1140 1090 1086 1477 1592 573 1223 1539 1457 932 969 801 1436 572 1575 953 750 815 1582 1625 1079 1118 944 1086 1319 1457 1423 1565 1583 1576 1139 1577 1105 1531 1182 1170 1291 868 1318 1578 1312 572 1162 1053 1435 572 573 1065 1283 1194 1040 1181 1203 1144 1586 1186 1463 1584 1097 1282 1208 1275 1150 1219 1113
187 128 175 1608 712 849 268 537 153 288 1535 359 365 1072 0 149 247 246 574 691 596 731 584 803 242 136 337 481 595 620 281 500 546 626 757 54 1586 140 246 364 554 520 610 628 621 1608 622 1573 576 201 178 336 597 826 683 409 595 1631 561 532 595 596 1533 380 203 49 189 340 153 631 1655 559 629 71 327 217 412 380 316 187
268 57 256 1689 641 821 349 466 81 368 1616 331 432 1153 149 0 176 175 502 653 676 703 556 776 322 217 417 454 675 592 358 580 613 599 685 169 1666 220 175 336 483 449 582 600 593 1688 594 1653 548 84 61 308 654 798 640 338 675 1711 534 460 675 676 1614 309 86 126 72 312 81 603 1735 488 601 186 300 100 385 353 245 116
366 144 354 1678 590 964 447 415 139 467 1605 474 575 1085 247 176 0 81 452 603 775 847 591 810 420 315 516 597 774 550 459 679 756 556 635 267 1655 319 81 479 432 398 617 558 551 1677 629 1642 583 228 206 451 797 834 589 287 774 1700 677 409 774 775 1603 258 230 225 217 455 139 561 1724 437 558 285 443 244 528 496 194 88
365 142 353 1674 589 963 446 414 138 466 1601 473 574 1081 246 175 81 0 451 602 773 845 590 809 419 314 514 595 773 549 458 677 755 555 634 266 1652 318 77 478 431 397 616 556 549 1674 628 1639 582 227 204 450 795 833 588 286 772 1697 676 408 772 774 1599 257 229 224 215 454 138 559 1720 436 557 283 442 243 526 494 193 87
693 470 681 2065 442 1128 774 350 466 794 1992 381 847 1472 574 502 452 451 0 418 1101 652 311 530 747 642 842 448 1101 270 773 1005 929 276 486 594 2042 646 451 369 367 333 337 278 271 2064 349 2029 303 554 532 388 960 554 410 315 1100 2087 840 77 1100 1101 1990 250 557 552 543 619 466 281 2111 133 278 611 415 570 691 659 395 414
713 621 832 2101 66 1123 776 218 616 801 2028 377 843 1623 691 653 603 602 418 0 1234 550 130 428 803 793 975 443 1233 343 769 1132 925 349 111 681 2079 797 602 364 195 237 109 350 343 2101 104 2066 138 610 671 384 956 452 64 466 1233 2124 759 376 1233 1234 2026 401 623 702 625 615 617 353 2147 348 351 636 410 637 687 655 546 565
568 655 483 1122 1240 987 495 1065 680 515 1049 901 485 586 596 676 775 773 1101 1234 0 876 1126 1110 468 505 337 1024 35 1163 507 315 469 1169 1284 616 1099 481 773 907 1082 1048 1153 1170 1163 1121 1165 1086 1119 728 706 878 522 971 1226 937 35 1144 707 1059 35 36 1047 907 730 576 717 857 680 1173 1168 1087 1171 633 870 744 929 803 843 715
753 729 852 1605 574 627 718 725 753 742 1532 611 617 1236 731 703 847 845 652 550 876 0 443 254 745 834 824 678 876 577 710 829 429 583 619 721 1582 838 845 599 702 745 469 585 578 1604 481 1569 435 650 711 618 459 115 542 795 876 1627 229 610 876 877 1530 731 663 747 665 489 753 588 1651 582 586 676 642 677 562 436 875 788
606 581 725 1994 154 1016 669 306 605 694 1921 270 736 1552 584 556 591 590 311 130 1126 443 0 321 696 686 868 336 1126 236 662 1025 818 242 199 574 1972 690 590 257 282 325 79 243 236 1993 91 1959 45 503 564 277 849 345 122 454 1126 2016 652 268 1126 1127 1919 390 516 599 518 508 605 246 2040 241 244 529 303 530 580 548 534 553
825 801 945 1839 452 861 889 604 824 913 1766 489 851 1470 803 776 810 809 530 428 1110 254 321 0 916 906 1058 556 1110 455 881 1063 662 462 497 794 1816 910 809 477 580 623 347 463 456 1838 360 1803 313 722 784 496 693 155 420 673 1109 1861 462 488 1109 1110 1763 609 735 819 737 723 824 466 1885 461 464 748 523 749 795 670 753 773
199 301 128 1481 827 856 48 711 326 68 1408 471 184 945 242 322 420 419 747 803 468 745 696 916 0 151 209 593 467 732 60 372 365 739 872 262 1458 126 419 476 728 693 722 740 733 1480 734 1445 688 339 352 448 416 839 795 583 467 1503 575 705 467 468 1406 553 352 222 354 452 326 743 1527 733 741 270 440 366 525 492 489 360
109 196 85 1518 780 951 178 605 221 197 1445 461 314 982 136 217 315 314 642 793 505 834 686 906 151 0 246 584 504 723 190 409 495 729 825 156 1495 57 314 467 622 588 713 730 723 1517 725 1482 679 268 246 438 546 928 779 477 504 1540 664 599 504 505 1443 448 271 117 257 443 221 733 1564 627 731 174 430 284 515 483 384 255
310 397 224 1350 981 935 236 806 421 256 1276 643 235 813 337 417 516 514 842 975 337 824 868 1058 209 246 0 765 336 904 248 241 416 910 1025 357 1327 222 514 648 823 789 894 911 904 1349 906 1314 860 469 447 619 469 919 967 678 336 1372 654 800 336 337 1274 648 471 317 458 624 421 914 1396 828 912 374 611 485 696 664 584 456
503 479 623 1892 467 914 567 619 503 591 1819 167 633 1449 481 454 597 595 448 443 1024 678 336 556 593 584 765 0 1023 372 559 923 715 379 512 472 1869 588 595 155 595 609 362 380 373 1891 375 1856 328 400 461 174 746 579 435 591 1023 1914 626 405 1023 1024 1816 526 413 497 415 405 503 383 1938 378 381 426 201 427 477 445 665 538
568 655 482 1121 1239 987 494 1064 679 514 1048 901 484 585 595 675 774 773 1101 1233 35 876 1126 1110 467 504 336 1023 0 1162 506 314 468 1169 1284 615 1099 480 773 906 1081 1047 1152 1170 1163 1121 1164 1086 1118 727 705 878 521 970 1225 936 34 1144 706 1058 34 35 1046 907 730 576 716 856 679 1173 1167 1086 1171 633 869 743 928 803 843 714
642 568 762 2030 367 1052 705 448 564 730 1957 306 772 1570 620 592 550 549 270 343 1163 577 236 455 732 723 904 372 1162 0 698 1061 854 53 411 610 2008 727 549 293 465 431 262 46 23 2030 274 1995 228 539 600 313 885 479 335 413 1162 2053 765 228 1162 1163 1955 349 552 635 554 544 564 52 2077 200 58 565 339 566 616 584 493 513
165 340 167 1502 793 821 38 750 365 58 1429 437 150 966 281 358 459 458 773 769 507 710 662 881 60 190 248 559 506 698 0 411 331 704 837 281 1479 165 458 442 767 732 688 706 699 1501 700 1466 654 305 366 414 382 805 761 622 506 1524 541 731 506 507 1427 592 318 261 320 418 365 709 1548 703 707 236 405 332 490 458 528 399
473 560 387 1299 1144 940 399 969 584 419 1226 800 318 762 500 580 679 677 1005 1132 315 829 1025 1063 372 409 241 923 314 1061 411 0 421 1068 1188 520 1276 385 677 805 986 952 1051 1069 1062 1298 1063 1263 1017 632 610 777 474 923 1124 841 314 1321 659 963 314 315 1223 811 634 480 621 781 584 1072 1345 991 1070 537 769 648 854 756 747 619
420 638 472 1364 949 540 338 1046 663 363 1291 593 209 828 546 613 756 755 929 925 469 429 818 662 365 495 416 715 468 854 331 421 0 861 994 536 1342 470 755 598 1063 1029 844 862 855 1364 856 1329 810 560 621 570 79 523 917 918 468 1387 259 887 468 469 1289 889 573 560 575 409 663 865 1410 860 863 491 562 587 481 356 825 697
649 575 768 2037 373 1059 712 455 570 736 1964 313 779 1576 626 599 556 555 276 349 1169 583 242 462 739 729 910 379 1169 53 704 1068 861 0 418 617 2014 733 555 300 471 437 268 68 46 2036 280 2001 234 545 607 319 891 485 341 419 1168 2059 771 234 1168 1169 1962 355 559 642 560 550 570 74 2083 207 74 571 346 572 622 590 499 519
782 653 864 2170 72 1192 845 250 648 869 2097 445 912 1655 757 685 635 634 486 111 1284 619 199 497 872 825 1025 512 1284 411 837 1188 994 418 0 750 2147 829 634 433 227 269 178 419 412 2169 173 2134 206 678 715 452 1024 520 97 498 1283 2192 827 444 1283 1284 2095 433 692 734 693 683 649 422 2216 417 420 704 479 705 755 723 578 597
207 148 195 1628 705 839 288 557 173 308 1555 349 355 1092 54 169 267 266 594 681 616 721 574 794 262 156 357 472 615 610 281 520 536 617 750 0 1606 160 266 354 574 540 600 618 611 1628 612 1593 566 217 198 326 587 816 673 429 615 1651 552 552 615 616 1553 400 223 69 209 330 173 621 1675 579 619 61 318 237 403 371 336 207
1559 1646 1473 160 2103 1042 1485 1980 1670 1505 279 1747 1358 1130 1586 1666 1630 1626 2016 2079 1099 1582 1972 1816 1458 1495 1327 1869 1099 2008 1479 1276 1342 2014 2147 1606 0 1471 1626 1752 1997 1963 1998 2016 2009 125 2010 316 1964 1708 1696 1724 1395 1677 2071 1852 1098 183 1413 1974 1098 1100 276 1822 1721 1567 1707 1563 1670 2019 207 2002 2016 1624 1715 1734 1635 1509 1759 1652
113 200 60 1493 784 955 153 609 224 173 1420 465 289 957 140 220 319 318 646 797 481 838 690 910 126 57 222 588 480 727 165 385 470 733 829 160 1471 0 318 471 626 592 716 734 727 1493 729 1458 683 272 250 442 521 932 783 481 480 1516 668 603 480 481 1418 452 275 121 261 447 224 737 1540 631 735 178 434 288 519 487 388 259
365 142 353 1674 589 963 446 414 138 466 1601 473 574 1081 246 175 81 77 451 602 773 845 590 809 419 314 514 595 773 549 458 677 755 555 634 266 1652 318 0 478 431 397 616 556 549 1673 628 1638 582 227 204 450 795 833 588 286 772 1696 676 408 772 774 1599 257 229 224 215 454 138 559 1720 436 557 283 442 243 527 494 193 87
386 361 506 1774 388 796 449 539 386 474 1701 79 516 1332 364 336 479 478 369 364 907 599 257 477 476 467 648 155 906 293 442 805 598 300 433 354 1752 471 478 0 516 530 283 301 294 1774 295 1739 249 283 344 85 629 500 356 512 906 1797 509 326 906 907 1699 447 296 379 298 288 386 304 1821 299 302 309 112 310 360 328 548 420
673 451 661 2045 182 1271 754 74 446 774 1972 529 882 1452 554 483 432 431 367 195 1082 702 282 580 728 622 823 595 1081 465 767 986 1063 471 227 574 2023 626 431 516 0 93 261 473 466 2044 256 2010 290 535 513 536 1104 604 181 295 1081 2067 911 324 1081 1082 1970 231 537 532 524 763 446 476 2091 352 473 592 562 551 835 803 375 395
639 417 627 2011 225 1237 720 117 412 740 1938 542 848 1418 520 449 398 397 333 237 1048 745 325 623 693 588 789 609 1047 431 732 952 1029 437 269 540 1989 592 397 530 93 0 304 438 431 2010 299 1976 333 501 479 549 1070 647 223 261 1047 2033 950 290 1047 1048 1936 197 503 498 490 728 412 442 2057 318 439 558 576 517 801 769 341 361
632 607 752 2020 133 1042 695 285 631 720 1947 296 762 1578 610 582 617 616 337 109 1153 469 79 347 722 713 894 362 1152 262 688 1051 844 268 178 600 1998 716 616 283 261 304 0 269 262 2020 118 1985 72 529 590 303 875 371 101 480 1152 2043 678 295 1152 1153 1945 416 542 625 544 534 631 272 2066 267 270 555 329 556 606 574 560 580
650 576 769 2038 374 1060 713 456 571 737 1965 314 780 1578 628 600 558 556 278 350 1170 585 243 463 740 730 911 380 1170 46 706 1069 862 68 419 618 2016 734 556 301 473 438 269 0 38 2037 282 2003 235 546 608 320 893 486 342 420 1169 2060 773 235 1169 1170 1963 356 560 643 562 551 571 66 2084 208 72 572 347 573 624 591 501 520
643 569 762 2031 367 1053 706 449 564 730 1958 307 773 1571 621 593 551 549 271 343 1163 578 236 456 733 723 904 373 1163 23 699 1062 855 46 412 611 2009 727 549 294 466 431 262 38 0 2030 275 1995 228 539 601 313 885 479 335 413 1162 2053 766 228 1162 1163 1956 349 553 636 555 544 564 44 2077 201 50 565 340 566 617 584 494 513
1581 1668 1495 98 2125 1064 1507 2002 1692 1527 216 1768 1380 1152 1608 1688 1651 1648 2038 2101 1121 1604 1993 1838 1480 1517 1349 1891 1121 2030 1501 1298 1364 2036 2169 1628 125 1493 1647 1774 2019 1984 2020 2037 2030 0 2032 254 1986 1730 1718 1745 1417 1699 2093 1874 1120 120 1434 1996 1120 1121 214 1844 1742 1588 1729 1584 1692 2040 136 2024 2038 1645 1737 1756 1657 1531 1780 1674
644 619 764 2032 128 1054 707 279 643 732 1959 308 774 1590 622 594 629 628 349 104 1165 481 91 360 734 725 906 375 1164 274 700 1063 856 280 173 612 2010 729 628 295 256 299 118 282 275 2032 0 1997 84 541 602 315 887 383 96 492 1164 2055 690 307 1164 1165 1957 428 554 638 556 546 643 285 2079 279 282 567 341 568 618 586 572 592
1546 1633 1460 254 2090 1029 1472 1967 1657 1492 122 1734 1345 1117 1573 1653 1616 1613 2003 2066 1086 1569 1959 1803 1445 1482 1314 1856 1086 1995 1466 1263 1329 2001 2134 1593 316 1458 1613 1739 1984 1950 1985 2003 1995 254 1997 0 1951 1695 1683 1710 1382 1664 2058 1839 1085 253 1400 1961 1085 1087 120 1809 1708 1554 1694 1550 1657 2006 228 1989 2003 1610 1702 1721 1622 1496 1746 1639
598 573 718 1986 162 1008 661 313 597 686 1913 262 728 1544 576 548 583 582 303 138 1119 435 45 313 688 679 860 328 1118 228 654 1017 810 234 206 566 1964 683 582 249 290 333 72 235 228 1986 84 1951 0 495 556 269 841 337 130 446 1118 2009 644 261 1118 1119 1911 382 508 591 510 500 597 238 2033 233 236 521 295 522 572 540 526 546
249 109 307 1731 634 768 312 518 133 337 1658 278 379 1195 201 84 228 227 554 610 728 650 503 722 339 268 469 400 727 539 305 632 560 545 678 217 1708 272 227 283 535 501 529 546 539 1730 541 1695 495 0 92 254 600 745 602 390 727 1753 480 512 727 728 1656 360 43 178 45 259 133 549 1777 540 547 172 246 57 331 299 297 168
298 87 285 1719 671 829 373 496 111 398 1646 339 440 1182 178 61 206 204 532 671 706 711 564 784 352 246 447 461 705 600 366 610 621 607 715 198 1696 250 204 344 513 479 590 608 601 1718 602 1683 556 92 0 316 662 806 663 368 705 1741 542 490 705 706 1643 338 94 156 80 320 111 611 1765 518 609 216 308 108 393 361 274 146
358 333 477 1746 408 768 421 559 357 445 1673 98 488 1303 336 308 451 450 388 384 878 618 277 496 448 438 619 174 878 313 414 777 570 319 452 326 1724 442 450 85 536 549 303 320 313 1745 315 1710 269 254 316 0 600 520 376 531 877 1768 481 346 877 878 1671 467 268 351 270 259 357 323 1792 318 321 280 126 281 332 299 520 392
471 679 523 1417 980 570 389 1087 703 414 1344 624 262 881 597 654 797 795 960 956 522 459 849 693 416 546 469 746 521 885 382 474 79 891 1024 587 1395 521 795 629 1104 1070 875 893 885 1417 887 1382 841 600 662 600 0 554 948 959 521 1440 290 918 521 522 1342 929 613 611 615 440 703 896 1464 890 893 542 592 627 512 386 865 738
848 823 946 1699 476 721 812 627 848 837 1626 513 712 1330 826 798 834 833 554 452 971 115 345 155 839 928 919 579 970 479 805 923 523 485 520 816 1677 932 833 500 604 647 371 486 479 1699 383 1664 337 745 806 520 554 0 444 697 970 1722 323 512 970 971 1624 633 758 841 760 584 848 489 1746 484 487 771 546 772 656 531 777 797
705 607 818 2093 53 1115 768 204 603 793 2020 369 835 1609 683 640 589 588 410 64 1226 542 122 420 795 779 967 435 1225 335 761 1124 917 341 97 673 2071 783 588 356 181 223 101 342 335 2093 96 2058 130 602 663 376 948 444 0 452 1225 2116 751 368 1225 1226 2018 388 615 689 617 607 603 345 2139 340 343 628 402 629 679 647 532 552
528 306 516 1900 453 1126 609 278 301 629 1827 524 738 1307 409 338 287 286 315 466 937 795 454 673 583 477 678 591 936 413 622 841 918 419 498 429 1878 481 286 512 295 261 480 420 413 1900 492 1865 446 390 368 531 959 697 452 0 936 1923 839 272 936 937 1825 121 392 387 379 618 301 424 1946 300 421 447 558 406 690 658 230 250
568 654 482 1121 1239 987 494 1064 679 514 1048 901 484 585 595 675 774 772 1100 1233 35 876 1126 1109 467 504 336 1023 34 1162 506 314 468 1168 1283 615 1098 480 772 906 1081 1047 1152 1169 1162 1120 1164 1085 1118 727 705 877 521 970 1225 936 0 1143 706 1058 34 35 1046 906 729 575 716 856 679 1172 1167 1086 1170 632 869 743 928 802 842 714
1604 1691 1518 88 2148 1087 1530 2025 1715 1550 239 1791 1403 1175 1631 1711 1674 1671 2061 2124 1144 1627 2016 1861 1503 1540 1372 1914 1144 2053 1524 1321 1387 2059 2192 1651 183 1516 1670 1797 2042 2007 2043 2060 2053 120 2055 253 2009 1753 1741 1768 1440 1722 2116 1897 1143 0 1457 2019 1143 1144 237 1867 1765 1611 1752 1607 1715 2063 40 2047 2061 1668 1760 1779 1679 1554 1803 1697
584 559 682 1435 783 457 548 934 583 572 1362 504 447 1066 561 534 677 676 840 759 707 229 652 462 575 664 654 626 706 765 541 659 259 771 827 552 1413 668 676 509 911 950 678 773 766 1434 690 1400 644 480 542 481 290 323 751 839 706 1457 0 798 706 707 1360 810 494 577 495 320 583 776 1481 770 773 506 472 507 392 266 746 618
651 428 638 2022 399 1085 732 308 423 751 1949 339 805 1429 532 460 409 408 77 376 1059 610 268 488 705 599 800 405 1058 228 731 963 887 234 444 552 2000 603 408 326 324 290 295 235 228 2022 307 1987 261 512 490 346 918 512 368 272 1058 2045 798 0 1058 1059 1947 208 514 509 501 577 423 238 2069 91 236 569 372 528 649 617 352 372
568 654 482 1121 1239 987 494 1064 679 514 1048 901 484 585 595 675 774 772 1100 1233 35 876 1126 1109 467 504 336 1023 34 1162 506 314 468 1168 1283 615 1098 480 772 906 1081 1047 1152 1169 1162 1120 1164 1085 1118 727 705 877 521 970 1225 936 34 1143 706 1058 0 35 1046 906 729 575 716 856 679 1172 1167 1086 1170 632 869 743 928 802 842 714
569 656 483 1122 1240 988 495 1065 680 515 1049 902 485 586 596 676 775 774 1101 1234 36 877 1127 1110 468 505 337 1024 35 1163 507 315 469 1169 1284 616 1100 481 774 907 1082 1048 1153 1170 1163 1121 1165 1087 1119 728 706 878 522 971 1226 937 35 1144 707 1059 35 0 1047 907 730 576 717 857 680 1174 1168 1087 1171 633 870 744 929 804 844 715
1506 1593 1420 215 2050 989 1432 1927 1618 1452 88 1694 1305 1078 1533 1614 1577 1573 1964 2026 1047 1530 1919 1763 1406 1443 1274 1816 1046 1955 1427 1223 1289 1962 2095 1553 276 1418 1573 1699 1944 1910 1945 1963 1956 214 1957 120 1911 1656 1643 1671 1342 1624 2018 1799 1046 237 1360 1921 1046 1047 0 1770 1668 1514 1654 1510 1618 1966 249 1949 1964 1571 1663 1682 1582 1457 1706 1600
499 276 487 1871 389 1097 580 214 272 600 1798 460 708 1278 380 309 258 257 250 401 907 731 390 609 553 448 648 526 907 349 592 811 889 355 433 400 1848 452 257 447 231 197 416 356 349 1870 428 1835 382 360 338 467 929 633 388 121 906 1893 810 208 906 907 1796 0 363 358 349 588 272 359 1917 236 357 417 493 377 660 628 201 221
262 111 310 1743 647 781 325 520 135 350 1670 291 392 1207 203 86 230 229 557 623 730 663 516 735 352 271 471 413 730 552 318 634 573 559 692 223 1721 275 229 296 537 503 542 560 553 1742 554 1708 508 43 94 268 613 758 615 392 729 1765 494 514 729 730 1668 363 0 181 48 272 135 563 1789 542 561 185 260 35 345 312 299 170
168 106 156 1589 690 864 249 515 130 269 1516 374 379 1053 49 126 225 224 552 702 576 747 599 819 222 117 317 497 576 635 261 480 560 642 734 69 1567 121 224 379 532 498 625 643 636 1588 638 1554 591 178 156 351 611 841 689 387 575 1611 577 509 575 576 1514 358 181 0 167 356 130 646 1635 537 644 86 343 194 428 396 294 165
264 98 296 1730 649 783 327 507 122 352 1657 293 394 1193 189 72 217 215 543 625 717 665 518 737 354 257 458 415 716 554 320 621 575 560 693 209 1707 261 215 298 524 490 544 562 555 1729 556 1694 510 45 80 270 615 760 617 379 716 1752 495 501 716 717 1654 349 48 167 0 274 122 565 1776 529 562 187 261 61 346 314 285 157
362 337 482 1585 639 607 425 746 362 450 1512 282 492 1216 340 312 455 454 619 615 857 489 508 723 452 443 624 405 856 544 418 781 409 550 683 330 1563 447 454 288 763 728 534 551 544 1584 546 1550 500 259 320 259 440 584 607 618 856 1607 320 577 856 857 1510 588 272 356 274 0 362 554 1631 549 552 285 251 286 99 138 524 397
272 61 260 1693 604 871 353 429 85 372 1620 381 482 1157 153 81 139 138 466 617 680 753 605 824 326 221 421 503 679 564 365 584 663 570 649 173 1670 224 138 386 446 412 631 571 564 1692 643 1657 597 133 111 357 703 848 603 301 679 1715 583 423 679 680 1618 272 135 130 122 362 0 574 1739 451 572 190 349 149 434 402 208 79
653 579 772 2041 377 1063 716 459 574 740 1968 317 783 1581 631 603 561 559 281 353 1173 588 246 466 743 733 914 383 1173 52 709 1072 865 74 422 621 2019 737 559 304 476 442 272 66 44 2040 285 2006 238 549 611 323 896 489 345 424 1172 2063 776 238 1172 1174 1966 359 563 646 565 554 574 0 2087 211 78 576 350 577 627 595 504 523
1627 1714 1542 63 2171 1110 1554 2049 1739 1573 251 1815 1427 1199 1655 1735 1698 1694 2085 2147 1168 1651 2040 1885 1527 1564 1396 1938 1167 2077 1548 1345 1410 2083 2216 1675 207 1540 1694 1821 2065 2031 2066 2084 2077 136 2079 228 2033 1777 1765 1792 1464 1746 2139 1920 1167 40 1481 2043 1167 1168 249 1891 1789 1635 1776 1631 1739 2087 0 2071 2085 1692 1784 1803 1703 1578 1827 1721
648 456 666 2036 372 1058 711 336 451 735 1963 311 778 1457 559 488 437 436 133 348 1087 582 241 461 733 627 828 378 1086 200 703 991 860 207 417 579 2013 631 436 299 352 318 267 208 201 2035 279 2000 233 540 518 318 890 484 340 300 1086 2058 770 91 1086 1087 1961 236 542 537 529 549 451 211 2082 0 209 570 345 556 621 589 380 400
651 577 770 2039 375 1061 714 457 572 738 1966 315 781 1578 629 601 558 557 278 351 1171 586 244 464 741 731 912 381 1171 58 707 1070 863 74 420 619 2016 735 557 302 473 439 270 72 50 2038 282 2003 236 547 609 321 893 487 343 421 1170 2061 773 236 1170 1171 1964 357 561 644 562 552 572 78 2085 209 0 573 348 574 624 592 501 521
180 166 213 1646 660 794 243 575 190 268 1573 304 310 1110 71 186 285 283 611 636 633 676 529 748 270 174 374 426 633 565 236 537 491 571 704 61 1624 178 283 309 592 558 555 572 565 1645 567 1610 521 172 216 280 542 771 628 447 632 1668 506 569 632 633 1571 417 185 86 187 285 190 576 1692 570 573 0 272 199 357 325 353 225
350 325 469 1738 434 760 413 585 349 437 1665 125 480 1295 327 300 443 442 415 410 870 642 303 523 440 430 611 201 869 339 405 769 562 346 479 318 1715 434 442 112 562 576 329 347 340 1737 341 1702 295 246 308 126 592 546 402 558 869 1760 472 372 869 870 1663 493 260 343 261 251 349 350 1784 345 348 272 0 273 323 291 512 384
276 125 323 1757 661 795 339 534 149 364 1684 305 406 1221 217 100 244 243 570 637 744 677 530 749 366 284 485 427 743 566 332 648 587 572 705 237 1734 288 243 310 551 517 556 573 566 1756 568 1721 522 57 108 281 627 772 629 406 743 1779 507 528 743 744 1682 377 35 194 61 286 149 577 1803 556 574 199 273 0 358 326 313 184
435 410 554 1657 711 679 498 818 434 522 1584 355 565 1288 412 385 528 526 691 687 929 562 580 795 525 515 696 477 928 616 490 854 481 622 755 403 1635 519 527 360 835 801 606 624 617 1657 618 1622 572 331 393 332 512 656 679 690 928 1679 392 649 928 929 1582 660 345 428 346 99 434 627 1703 621 624 357 323 358 0 211 597 469
402 378 522 1532 679 554 466 786 402 490 1459 323 532 1163 380 353 496 494 659 655 803 436 548 670 492 483 664 445 803 584 458 756 356 590 723 371 1509 487 494 328 803 769 574 591 584 1531 586 1496 540 299 361 299 386 531 647 658 802 1554 266 617 802 804 1457 628 312 396 314 138 402 595 1578 589 592 325 291 326 211 0 564 437
435 212 423 1807 533 1033 516 358 208 536 1734 543 644 1214 316 245 194 193 395 546 843 875 534 753 489 384 584 665 843 493 528 747 825 499 578 336 1784 388 193 548 375 341 560 501 494 1806 572 1771 526 297 274 520 865 777 532 230 842 1829 746 352 842 844 1732 201 299 294 285 524 208 504 1853 380 501 353 512 313 597 564 0 157
306 84 294 1701 553 905 387 378 79 407 1628 415 516 1108 187 116 88 87 414 565 715 788 553 773 360 255 456 538 714 513 399 619 697 519 597 207 1678 259 87 420 395 361 580 520 513 1700 592 1665 546 168 146 392 738 797 552 250 714 1723 618 372 714 715 1625 221 170 165 157 397 79 523 1747 400 521 225 384 184 469 437 157 0
EOF