NAME : tsp_problem
TYPE : TSP
DIMENSION : 30
EDGE_WEIGHT_TYPE : EXPLICIT
EDGE_WEIGHT_FORMAT : FULL_MATRIX
EDGE_WEIGHT_SECTION
0 432 991 34 1248 1271 1105 864 579 1226 591 773 1083 504 725 1013 34 1082 660 511 320 918 452 774 892 609 1215 414 420 689
432 0 687 432 944 1595 801 577 275 934 827 469 779 200 421 1337 432 1407 356 207 343 614 776 470 604 933 1539 165 116 401
991 687 0 991 424 2023 152 392 595 387 1386 341 130 532 443 1848 991 1917 399 681 902 188 1286 342 366 1443 2049 725 616 516
34 432 991 0 1248 1271 1105 864 579 1226 591 773 1083 504 725 1013 34 1082 660 511 320 918 452 774 892 609 1214 414 420 689
1248 944 424 1248 0 2075 455 445 723 62 1522 598 433 789 648 2026 1248 2095 656 792 1159 444 1543 599 418 1699 2227 902 872 599
1271 1595 2021 1271 2073 0 2050 1672 1718 2034 990 1782 2028 1668 1691 513 1271 428 1790 1643 1455 2007 1102 1802 1700 701 517 1578 1584 1642
1105 801 152 1105 455 2052 0 421 699 416 1498 455 64 646 557 1962 1105 2031 513 769 1016 302 1400 456 395 1557 2163 839 730 575
864 577 392 864 445 1674 421 0 322 405 1121 338 399 425 247 1625 864 1694 346 391 770 542 1157 438 135 1314 1826 501 505 198
579 275 595 579 723 1718 699 322 0 684 862 323 677 121 232 1460 579 1529 265 133 490 522 899 378 349 1056 1661 243 204 146
1226 934 387 1226 62 2036 416 405 684 0 1483 588 394 779 609 1987 1226 2056 646 753 1132 435 1519 589 379 1676 2188 863 863 560
591 827 1386 591 1522 990 1498 1121 862 1483 0 1122 1476 899 1031 732 591 801 1055 787 599 1313 462 1162 1148 401 933 777 815 945
773 469 341 773 598 1784 455 338 323 588 1122 0 433 314 198 1629 773 1698 181 392 684 268 1067 124 365 1224 1830 502 397 199
1083 779 130 1083 433 2030 64 399 677 394 1476 433 0 624 535 1940 1083 2009 491 747 994 280 1378 434 373 1535 2141 817 708 553
504 200 532 504 789 1668 646 425 121 779 899 314 624 0 266 1410 504 1479 202 194 415 460 848 315 452 1005 1611 238 129 249
725 421 443 725 648 1693 557 247 232 609 1031 198 535 266 0 1629 725 1698 133 301 636 370 1067 226 275 1224 1830 411 350 108
1013 1337 1822 1013 2026 513 1936 1625 1460 1987 732 1603 1914 1410 1629 0 1013 143 1566 1385 1197 1749 844 1544 1652 443 275 1320 1326 1543
34 432 991 34 1248 1271 1105 864 579 1226 591 773 1083 504 725 1013 0 1082 660 511 320 918 452 774 892 609 1214 414 420 689
1082 1407 1891 1082 2095 428 2005 1694 1529 2056 801 1672 1983 1479 1698 143 1082 0 1635 1454 1266 1818 913 1613 1722 513 162 1389 1395 1612
660 356 399 660 656 1792 513 346 265 646 1055 181 491 202 133 1566 660 1635 0 351 572 326 1005 182 374 1162 1767 394 285 207
511 207 681 511 792 1643 769 391 133 753 787 392 747 194 301 1385 511 1454 351 0 422 609 823 464 419 980 1586 167 135 216
320 343 902 320 1159 1455 1016 770 490 1132 599 684 994 415 636 1197 320 1266 572 422 0 829 636 685 798 792 1398 325 331 594
918 614 188 918 444 2028 302 542 522 435 1313 268 280 460 370 1775 918 1844 326 609 829 0 1213 270 515 1370 1976 652 543 443
452 776 1260 452 1481 1102 1374 1157 899 1471 462 1042 1352 848 1067 844 452 913 1005 823 636 1187 0 982 1185 439 1045 758 764 982
774 470 342 774 599 1828 456 438 378 589 1169 124 434 315 226 1570 774 1639 182 464 685 270 1008 0 465 1165 1771 507 398 298
892 604 366 892 418 1702 395 135 349 379 1148 365 373 452 275 1652 892 1722 374 419 798 515 1185 465 0 1342 1854 529 533 225
609 933 1417 609 1638 701 1531 1314 1056 1628 401 1199 1509 1005 1224 443 609 513 1162 980 792 1344 439 1139 1342 0 645 915 921 1139
1215 1539 2023 1214 2227 517 2137 1826 1661 2188 933 1804 2115 1611 1830 275 1214 162 1767 1586 1398 1950 1045 1745 1854 645 0 1521 1527 1744
414 165 725 414 902 1578 839 501 243 863 777 502 817 238 411 1320 414 1389 394 167 325 652 758 507 529 915 1521 0 154 326
420 116 616 420 872 1584 730 505 204 863 815 397 708 129 350 1326 420 1395 285 135 331 543 764 398 533 921 1527 154 0 330
689 401 516 689 599 1643 575 198 146 560 945 199 553 249 108 1543 689 1612 207 216 594 443 982 298 225 1139 1744 326 330 0
EOF