NAME : tsp_problem
TYPE : TSP
DIMENSION : 46
EDGE_WEIGHT_TYPE : EXPLICIT
EDGE_WEIGHT_FORMAT : FULL_MATRIX
EDGE_WEIGHT_SECTION
0 227 1130 593 401 539 927 719 2029 341 1928 594 484 963 546 691 111 648 1937 743 683 1210 507 60 715 268 352 202 868 620 218 591 313 382 2012 1131 1130 666 812 674 860 429 538 304 309 330
227 0 1149 611 343 557 945 738 2048 359 1946 535 502 982 565 710 314 667 1955 762 701 1228 525 225 734 286 371 144 886 638 159 609 254 400 2031 1150 1149 684 831 692 879 370 480 246 328 271
1130 1149 0 588 887 619 337 443 1152 1023 1283 773 685 336 790 476 1218 515 1274 574 490 414 727 1128 449 909 811 1124 333 565 1113 583 1099 768 1135 35 34 501 377 494 311 861 843 978 864 943
593 611 588 0 500 82 408 200 1604 486 1735 386 147 444 379 172 680 86 1726 480 164 690 231 591 196 372 273 587 326 58 603 196 698 231 1587 589 588 147 284 155 319 474 456 591 327 556
401 343 887 500 0 487 875 509 1882 534 1985 237 431 824 603 542 396 427 1994 800 556 1104 341 399 515 461 497 292 624 477 270 348 256 454 1865 888 887 567 583 560 617 81 181 135 502 100
539 557 619 82 487 0 416 208 1612 432 1707 373 93 452 325 180 626 137 1716 488 171 698 177 537 204 318 219 533 357 109 548 166 644 176 1595 620 619 154 301 162 349 461 443 578 273 543
927 945 337 408 875 416 0 389 1264 820 1395 761 481 224 521 361 1014 463 1386 305 353 350 565 925 385 706 607 921 418 435 936 554 1032 564 1247 338 337 336 362 344 403 848 831 966 661 931
719 738 443 200 509 208 389 0 1487 612 1618 395 274 380 506 49 807 137 1609 462 63 660 349 717 33 498 400 713 180 187 729 205 720 357 1470 444 443 74 139 67 173 483 465 600 453 565
2029 2048 1152 1604 1856 1612 1264 1487 0 1922 501 1679 1677 1263 1550 1520 2117 1560 492 1469 1535 972 1762 2027 1493 1808 1710 2023 1377 1609 2039 1627 2067 1667 353 1153 1152 1532 1421 1538 1355 1830 1812 1947 1763 1912
341 359 1023 486 534 432 820 612 1922 0 1821 595 376 856 439 584 428 541 1830 636 576 1102 400 338 608 161 245 335 761 513 350 484 445 275 1905 1024 1023 559 705 566 753 561 665 437 202 462
1926 1945 1283 1735 1983 1705 1395 1618 501 1819 0 1810 1650 1394 1446 1652 2013 1691 167 1366 1666 1103 1673 1924 1624 1705 1606 1920 1509 1741 1936 1757 2031 1564 230 1284 1283 1663 1552 1670 1486 1956 1938 2022 1660 2038
594 535 773 386 237 373 761 395 1705 595 1836 0 317 710 489 428 588 313 1827 686 442 990 227 592 401 481 383 485 510 362 463 234 448 340 1687 774 773 453 469 446 503 211 193 328 436 293
484 502 685 147 431 93 481 274 1677 376 1652 317 0 518 270 246 571 203 1661 467 237 764 122 481 270 262 164 478 422 174 493 145 588 121 1660 685 685 220 367 228 415 405 387 522 218 487
963 982 336 444 824 452 224 380 1263 856 1394 710 518 0 677 398 1051 452 1385 461 389 350 602 961 386 742 644 957 270 471 973 520 1036 601 1246 337 336 372 314 380 248 798 780 915 697 880
546 565 790 379 603 325 521 506 1550 439 1448 489 270 677 0 478 634 435 1457 264 469 803 293 544 502 325 227 540 654 406 556 377 651 184 1532 791 790 452 599 460 647 577 559 642 280 659
691 710 476 172 542 180 361 49 1520 584 1652 428 246 398 478 0 779 171 1643 434 43 644 330 689 45 470 372 685 214 199 701 238 754 329 1503 477 476 46 172 39 206 516 498 633 425 598
111 314 1218 680 396 626 1014 807 2117 428 2015 588 571 1051 634 779 0 736 2024 831 770 1297 594 120 803 355 440 290 955 707 305 678 401 469 2100 1218 1218 753 900 761 948 423 533 392 397 366
648 667 515 86 427 137 463 137 1560 541 1691 313 203 452 435 171 736 0 1682 536 185 733 267 646 144 427 329 642 253 63 653 123 638 286 1542 516 515 196 211 189 246 401 383 518 382 483
1935 1954 1274 1726 1978 1714 1386 1609 492 1828 167 1801 1659 1385 1455 1643 2022 1682 0 1375 1657 1094 1682 1933 1615 1714 1615 1929 1500 1732 1945 1750 2040 1573 221 1275 1274 1654 1543 1661 1477 1952 1934 2031 1669 2034
743 762 574 480 800 488 305 462 1469 636 1368 686 467 461 264 434 831 536 1377 0 425 588 490 741 458 522 423 737 518 508 753 574 848 381 1452 575 574 408 463 416 511 773 756 839 477 856
683 701 490 164 556 171 353 63 1535 576 1666 442 237 389 469 43 770 185 1657 425 0 635 321 681 59 462 363 677 228 191 692 253 768 320 1517 491 490 37 186 30 220 530 512 647 417 612
1210 1228 414 690 1104 698 350 660 972 1102 1103 990 764 350 803 644 1297 733 1094 588 635 0 848 1207 666 988 890 1203 551 718 1219 801 1314 847 955 415 414 618 594 626 528 1078 1060 1195 944 1160
507 525 727 231 341 177 565 349 1762 400 1675 227 122 602 293 330 594 267 1684 490 321 848 0 505 354 286 187 501 465 259 517 189 552 145 1744 728 727 304 423 312 457 314 296 432 241 397
60 225 1128 591 399 537 925 717 2027 338 1926 592 481 961 544 689 120 646 1935 741 681 1207 505 0 713 266 350 200 866 618 216 589 311 380 2010 1129 1128 664 810 671 858 427 536 302 307 328
715 734 449 196 515 204 385 33 1493 608 1624 401 270 386 502 45 803 144 1615 458 59 666 354 713 0 494 396 709 187 193 725 211 727 353 1476 450 449 70 145 63 179 489 471 606 449 571
268 286 909 372 461 318 706 498 1808 161 1707 481 262 742 325 470 355 427 1716 522 462 988 286 266 494 0 131 262 647 399 278 370 373 161 1791 910 909 445 591 452 639 488 551 364 120 390
352 371 811 273 497 219 607 400 1710 245 1608 383 164 644 227 372 440 329 1617 423 363 890 187 350 396 131 0 346 548 300 362 271 457 62 1692 811 810 346 493 354 541 471 453 448 87 474
202 144 1124 587 292 533 921 713 2023 335 1922 485 478 957 540 685 290 642 1931 737 677 1203 501 200 709 262 346 0 862 614 67 585 183 376 2006 1125 1124 660 806 668 854 319 429 195 303 221
868 886 333 326 624 357 418 180 1377 761 1509 510 422 270 654 214 955 253 1500 518 228 551 465 866 187 647 548 862 0 303 850 321 836 506 1360 334 333 239 114 232 63 598 580 715 602 680
620 638 565 58 477 109 435 187 1609 513 1741 362 174 471 406 199 707 63 1732 508 191 718 259 618 193 399 300 614 303 0 630 173 688 258 1592 566 565 174 261 182 295 450 432 567 354 532
218 159 1113 603 270 548 936 729 2039 350 1938 463 493 973 556 701 305 653 1947 753 692 1219 517 216 725 278 362 67 850 630 0 574 158 392 2022 1114 1113 675 809 683 843 297 407 173 319 199
591 609 583 196 348 166 554 205 1627 484 1759 234 145 520 377 238 678 123 1750 574 253 801 189 589 211 370 271 585 321 173 574 0 560 229 1610 584 583 263 279 256 313 322 304 439 325 404
313 254 1099 698 256 644 1032 720 2093 445 2033 448 588 1036 651 754 401 638 2042 848 768 1314 552 311 727 373 457 183 836 688 158 560 0 487 2076 1099 1098 771 794 772 829 283 393 159 414 185
382 400 768 231 454 176 564 357 1667 275 1566 340 121 601 184 329 469 286 1575 381 320 847 145 380 353 161 62 376 506 258 392 229 487 0 1650 769 768 303 450 311 498 428 410 478 116 504
2012 2031 1135 1587 1839 1595 1247 1470 353 1905 230 1662 1660 1246 1532 1503 2100 1542 221 1452 1517 955 1744 2010 1476 1791 1692 2006 1360 1592 2022 1610 2050 1650 0 1136 1135 1515 1404 1521 1338 1812 1795 1930 1746 1895
1131 1150 35 589 888 620 338 444 1153 1024 1284 774 685 337 791 477 1218 516 1275 575 491 415 728 1129 450 910 811 1125 334 566 1114 584 1099 769 1136 0 35 502 377 495 311 861 843 979 865 943
1130 1149 34 588 887 619 337 443 1152 1023 1283 773 685 336 790 476 1218 515 1274 574 490 414 727 1128 449 909 810 1124 333 565 1113 583 1098 768 1135 35 0 501 376 494 311 861 843 978 864 943
666 684 501 147 567 154 336 74 1532 559 1663 453 220 372 452 46 753 196 1654 408 37 618 304 664 70 445 346 660 239 174 675 263 771 303 1515 502 501 0 197 33 231 541 523 658 400 623
812 831 377 284 583 301 362 139 1421 705 1552 469 367 314 599 172 900 211 1543 463 186 594 423 810 145 591 493 806 114 261 809 279 794 450 1404 377 376 197 0 190 107 557 539 674 546 639
674 692 494 155 560 162 344 67 1538 566 1670 446 228 380 460 39 761 189 1661 416 30 626 312 671 63 452 354 668 232 182 683 256 772 311 1521 495 494 33 190 0 224 534 516 651 408 616
860 879 311 319 617 349 403 173 1355 753 1486 503 415 248 647 206 948 246 1477 511 220 528 457 858 179 639 541 854 63 295 843 313 829 498 1338 311 311 231 107 224 0 591 573 708 594 673
429 370 861 474 81 461 848 483 1855 561 1958 211 405 798 577 516 423 401 1967 773 530 1078 314 427 489 488 471 319 598 450 297 322 283 428 1838 861 861 541 557 534 591 0 155 162 524 127
538 480 843 456 181 443 831 465 1838 665 1940 193 387 780 559 498 533 383 1949 756 512 1060 296 536 471 551 453 429 580 432 407 304 393 410 1820 843 843 523 539 516 573 155 0 272 506 237
304 246 978 591 135 578 966 600 1973 437 2024 328 522 915 642 633 392 518 2033 839 647 1195 432 302 606 364 448 195 715 567 173 439 159 478 1956 979 978 658 674 651 708 162 272 0 405 106
309 328 864 327 502 273 661 453 1763 202 1662 436 218 697 280 425 397 382 1671 477 417 944 241 307 449 120 87 303 602 354 319 325 414 116 1746 865 864 400 546 408 594 524 506 405 0 431
330 271 943 556 100 543 931 565 1938 462 2040 293 487 880 659 598 366 483 2049 856 612 1160 397 328 571 390 474 221 680 532 199 404 185 504 1920 943 943 623 639 616 673 127 237 106 431 0
EOF