NAME : tsp_problem
TYPE : TSP
DIMENSION : 20
EDGE_WEIGHT_TYPE : EXPLICIT
EDGE_WEIGHT_FORMAT : FULL_MATRIX
EDGE_WEIGHT_SECTION
0 400 745 539 452 503 586 614 674 532 428 481 445 676 532 281 712 501 734 481
548 0 476 205 872 924 1007 280 790 544 675 786 866 509 481 729 687 922 674 902
721 544 0 438 1046 1097 1180 446 346 710 409 341 1040 243 648 903 243 1096 230 1076
374 137 546 0 698 749 832 350 861 615 675 728 691 579 552 554 758 748 745 727
452 724 1070 863 0 142 225 745 999 565 753 806 84 1001 565 291 1037 140 1059 120
503 776 1121 914 142 0 276 797 1050 616 804 858 83 1052 616 343 1088 192 1110 70
586 859 1204 997 225 276 0 880 1133 699 888 941 218 1135 699 426 1171 115 1193 254
643 406 446 299 745 797 880 0 760 311 645 756 739 479 248 602 658 795 645 775
674 859 346 752 999 1050 1133 760 0 1025 611 355 992 558 962 855 121 1048 143 1028
532 670 710 564 565 616 699 311 1025 0 834 887 559 743 254 422 922 615 909 595
411 685 556 718 736 787 870 726 593 817 0 401 729 469 816 592 632 786 654 765
481 755 311 717 806 858 941 726 355 887 419 0 800 523 887 663 393 856 415 836
445 718 1063 857 84 83 218 739 992 559 747 800 0 994 558 285 1030 134 1052 61
541 701 433 594 865 917 1000 603 723 867 228 531 859 0 804 722 644 915 631 895
532 608 648 501 565 616 699 248 962 254 833 887 558 681 0 421 859 614 846 594
281 581 926 719 291 343 426 602 855 422 610 663 285 857 421 0 893 341 915 321
712 756 243 649 1037 1088 1171 658 121 922 621 366 1030 455 859 893 0 1087 40 1066
501 774 1120 913 140 192 115 795 1048 615 803 856 134 1050 614 341 1087 0 1109 170
734 743 230 636 1059 1110 1193 645 143 909 608 353 1052 442 846 915 40 1109 0 1088
481 754 1099 893 120 70 254 775 1028 595 783 836 61 1030 594 321 1066 170 1088 0
EOF