NAME : tsp_problem
TYPE : TSP
DIMENSION : 46
EDGE_WEIGHT_TYPE : EXPLICIT
EDGE_WEIGHT_FORMAT : FULL_MATRIX
EDGE_WEIGHT_SECTION
0 232 532 1116 535 1182 539 231 1435 712 1181 1075 1587 1476 399 1454 739 1148 271 890 824 521 383 1505 1508 409 186 555 1121 996 1455 1135 494 835 657 709 1340 1288 1086 436 1128 1612 1338 143 1573 528
232 0 418 1001 420 1067 425 153 1321 598 1067 960 1473 1361 285 1340 624 1033 192 776 710 407 513 1391 1393 295 192 441 1007 882 1340 1021 380 721 543 595 1226 1174 972 322 1014 1498 1224 134 1459 414
532 418 0 797 54 881 192 453 1135 393 862 756 1276 1175 252 1154 420 847 493 571 505 202 777 1205 1207 216 492 236 802 696 1155 816 175 535 338 390 1028 976 786 288 809 1312 1026 434 1273 209
1116 1001 797 0 799 1175 685 1037 1428 555 744 670 961 1173 835 1448 600 1030 1076 566 437 618 1379 1498 1501 799 1076 743 43 930 1448 730 632 828 595 675 920 753 968 872 50 1606 921 1018 1566 613
535 420 54 799 0 884 168 456 1137 395 864 758 1278 1178 254 1157 422 850 495 573 507 205 753 1207 1210 218 495 239 804 698 1157 818 178 537 340 393 1030 979 789 291 812 1315 1029 437 1275 212
1182 1067 881 1175 884 0 882 1103 755 838 1326 1291 1128 998 807 624 609 670 1142 1106 950 790 1445 674 627 884 1142 680 1180 534 624 1351 763 405 1001 1053 880 828 624 815 1187 782 878 1084 893 811
539 425 192 685 168 882 0 460 1136 281 750 644 1164 1065 258 1155 308 737 499 459 393 120 735 1206 1208 222 499 243 690 638 1155 704 134 536 226 278 916 864 676 295 697 1313 914 441 1274 97
231 153 453 1037 456 1103 460 0 1356 633 1102 996 1508 1397 320 1375 660 1069 66 811 745 442 512 1426 1429 330 191 476 1042 917 1376 1056 415 756 578 630 1261 1209 1007 357 1049 1533 1259 133 1494 449
1435 1321 1135 1428 1137 755 1136 1356 0 1091 1579 1544 733 668 1061 1027 863 660 1396 1359 1203 1044 1698 1078 1081 1138 1395 934 1434 747 1028 1604 1017 658 1254 1306 795 1014 654 1069 1441 1185 793 1337 160 1064
712 598 393 555 395 838 281 633 1091 0 575 483 1119 1021 432 1111 263 693 672 298 142 215 975 1161 1164 395 672 339 560 593 1111 543 228 491 197 304 872 820 632 468 567 1269 870 614 1229 209
1181 1067 862 744 864 1326 750 1102 1579 575 0 127 1201 1414 900 1598 751 1181 1141 372 458 760 1444 1649 1652 864 1141 884 749 1081 1599 235 773 979 594 562 1161 994 1119 937 757 1756 1162 1083 1717 739
1075 960 756 670 758 1291 644 996 1544 483 127 0 1095 1307 794 1563 716 1146 1035 266 409 656 1338 1614 1617 758 1035 779 665 1046 1564 128 669 944 487 456 1055 888 1084 831 660 1721 1056 977 1682 633
1587 1473 1276 961 1278 1128 1164 1508 733 1119 1201 1095 0 246 1213 1400 891 497 1548 1293 1231 1097 1850 1451 1454 1278 1547 1086 955 646 1401 1156 1111 791 1282 1334 271 476 554 1221 951 1558 272 1490 871 1092
1476 1361 1175 1173 1178 998 1065 1397 668 1021 1414 1307 246 0 1101 1270 792 352 1436 1289 1133 999 1739 1321 1324 1178 1436 974 1168 502 1271 1368 1012 677 1184 1236 368 587 409 1109 1163 1428 366 1378 806 994
399 285 252 835 254 807 258 320 1061 432 900 794 1213 1101 0 1080 382 773 360 609 543 241 662 1131 1133 129 359 195 841 621 1080 855 214 461 377 429 966 914 712 61 848 1238 964 302 1199 248
1454 1340 1154 1448 1157 624 1155 1375 1027 1111 1598 1563 1400 1270 1080 0 882 942 1415 1379 1223 1063 1717 361 364 1157 1414 953 1453 807 311 1624 1036 677 1273 1326 1153 1101 897 1088 1460 182 1151 1357 1165 1083
739 624 420 600 422 609 308 660 863 263 751 716 891 792 382 882 0 464 699 531 375 241 1002 933 935 422 699 255 606 364 882 776 255 263 426 478 643 591 403 390 613 1040 641 641 1001 236
1148 1033 847 1030 850 670 737 1069 660 693 1181 1146 497 352 773 942 464 0 1108 961 805 671 1411 993 995 850 1108 646 1035 174 943 1206 684 349 856 908 249 468 81 781 1042 1100 248 1050 798 665
271 192 493 1076 495 1142 499 66 1396 672 1141 1035 1548 1436 360 1415 699 1108 0 850 784 482 551 1466 1468 370 230 516 1082 956 1415 1096 455 796 618 670 1300 1249 1047 396 1089 1573 1299 173 1534 489
890 776 571 566 573 1106 459 811 1359 298 372 266 1293 1289 609 1379 531 961 850 0 224 471 1153 1429 1432 573 850 594 571 861 1379 326 485 759 303 271 1140 1085 899 646 578 1536 1138 792 1497 448
824 710 505 437 507 950 393 745 1203 142 458 409 1231 1133 543 1223 375 805 784 224 0 327 1087 1273 1276 507 784 451 443 705 1223 469 340 603 183 290 984 932 744 580 450 1381 982 726 1341 321
521 407 202 618 205 790 120 442 1044 215 760 656 1097 999 241 1063 241 671 482 471 327 0 784 1114 1116 205 481 145 624 571 1063 716 59 444 239 291 850 798 610 277 631 1221 848 424 1182 49
383 513 777 1379 753 1445 735 512 1698 975 1444 1338 1850 1739 662 1717 1002 1411 551 1153 1087 784 0 1768 1770 622 466 818 1384 1259 1718 1398 757 1098 920 972 1603 1551 1349 699 1391 1875 1601 424 1836 791
1505 1391 1205 1498 1207 674 1206 1426 1078 1161 1649 1614 1451 1321 1131 361 933 993 1466 1429 1273 1114 1768 0 196 1208 1465 1004 1504 857 143 1674 1087 728 1324 1376 1204 1152 948 1139 1511 519 1202 1407 1216 1134
1508 1393 1207 1501 1210 627 1208 1429 1081 1164 1652 1617 1454 1324 1133 364 935 995 1468 1432 1276 1116 1770 196 0 1210 1468 1006 1506 860 77 1677 1089 731 1327 1379 1206 1154 950 1141 1513 522 1204 1410 1219 1136
409 295 216 799 218 884 222 330 1138 395 864 758 1278 1178 129 1157 422 850 370 573 507 205 622 1208 1210 0 369 239 805 698 1157 818 178 538 341 393 1031 979 789 165 812 1315 1029 311 1276 212
186 192 492 1076 495 1142 499 191 1395 672 1141 1035 1547 1436 359 1414 699 1108 230 850 784 481 466 1465 1468 369 0 515 1081 956 1415 1095 454 795 617 669 1300 1248 1046 396 1088 1572 1298 103 1533 488
555 441 236 743 239 680 243 476 934 339 884 779 1086 974 195 953 255 646 516 594 451 145 818 1004 1006 239 515 0 748 494 953 839 118 334 361 413 839 787 585 204 755 1111 837 458 1072 173
1121 1007 802 43 804 1180 690 1042 1434 560 749 665 955 1168 841 1453 606 1035 1082 571 443 624 1384 1504 1506 805 1081 748 0 935 1453 725 637 834 601 680 915 748 974 877 55 1611 916 1023 1572 618
996 882 696 930 698 534 638 917 747 593 1081 1046 646 502 621 807 364 174 956 861 705 571 1259 857 860 698 956 494 935 0 807 1106 577 197 756 808 399 452 112 629 943 965 397 898 885 566
1455 1340 1155 1448 1157 624 1155 1376 1028 1111 1599 1564 1401 1271 1080 311 882 943 1415 1379 1223 1063 1718 143 77 1157 1415 953 1453 807 0 1624 1036 678 1274 1326 1153 1101 898 1088 1461 469 1152 1357 1166 1084
1030 916 711 702 714 1246 599 951 1500 439 297 191 1218 1429 750 1519 672 1101 991 221 365 612 1293 1570 1572 714 990 734 707 1002 1520 0 625 900 443 412 1178 1011 1040 786 715 1677 1179 933 1638 589
494 380 175 632 178 763 134 415 1017 228 773 669 1111 1012 214 1036 255 684 455 485 340 59 757 1087 1089 178 454 118 637 577 1036 730 0 417 252 304 863 811 623 250 644 1194 861 397 1155 62
835 721 535 828 537 405 536 756 658 491 979 944 791 677 461 677 263 349 796 759 603 444 1098 728 731 538 795 334 834 197 678 1004 417 0 654 706 544 492 288 469 841 835 542 737 796 464
657 543 338 595 340 1001 226 578 1254 197 594 487 1282 1184 377 1273 426 856 618 303 183 239 920 1324 1327 341 617 361 601 756 1274 548 252 654 0 122 1035 983 794 413 608 1431 1033 559 1392 216
709 595 390 675 393 1053 278 630 1306 304 562 456 1334 1236 429 1326 478 908 670 271 290 291 972 1376 1379 393 669 413 680 808 1326 516 304 706 122 0 1087 1035 847 465 688 1484 1085 612 1444 268
1340 1226 1028 920 1030 880 916 1261 795 872 1161 1055 271 368 966 1153 643 249 1300 1140 984 850 1603 1204 1206 1031 1300 839 915 399 1153 1115 863 544 1035 1087 0 380 306 974 910 1311 50 1242 933 844
1288 1174 976 753 979 828 864 1209 1014 820 994 888 476 587 914 1101 591 468 1249 1085 932 798 1551 1152 1154 979 1248 787 748 452 1101 948 811 492 983 1035 380 0 423 922 743 1259 378 1190 1152 793
1086 972 786 968 789 624 676 1007 654 632 1119 1084 554 409 712 897 403 81 1047 899 744 610 1349 948 950 789 1046 585 974 112 898 1145 623 288 794 847 306 423 0 720 981 1055 305 989 792 604
436 322 288 872 291 815 295 357 1069 468 937 831 1221 1109 61 1088 390 781 396 646 580 277 699 1139 1141 165 396 204 877 629 1088 891 250 469 413 465 974 922 720 0 884 1246 972 338 1207 284
1128 1014 809 50 812 1187 697 1049 1441 567 757 660 951 1163 848 1460 613 1042 1089 578 450 631 1391 1511 1513 812 1088 755 55 943 1461 720 644 841 608 688 910 743 981 884 0 1618 911 1031 1579 626
1612 1498 1312 1606 1315 782 1313 1533 1185 1269 1756 1721 1558 1428 1238 182 1040 1100 1573 1536 1381 1221 1875 519 522 1315 1572 1111 1611 965 469 1782 1194 835 1431 1484 1311 1259 1055 1246 1618 0 1309 1515 1323 1241
1338 1224 1026 921 1029 878 914 1259 793 870 1162 1056 272 366 964 1151 641 248 1299 1138 982 848 1601 1202 1204 1029 1298 837 916 397 1152 1116 861 542 1033 1085 50 378 305 972 911 1309 0 1240 931 843
143 134 434 1018 437 1084 441 133 1337 614 1083 977 1490 1378 302 1357 641 1050 173 792 726 424 424 1407 1410 311 103 458 1023 898 1357 1037 397 737 559 612 1242 1190 989 338 1031 1515 1240 0 1475 431
1573 1459 1273 1566 1275 893 1274 1494 160 1229 1717 1682 871 806 1199 1165 1001 798 1534 1497 1341 1182 1836 1216 1219 1276 1533 1072 1572 885 1166 1742 1155 796 1392 1444 933 1152 792 1207 1579 1323 931 1475 0 1202
528 414 209 613 212 811 97 449 1064 209 739 633 1092 994 248 1083 236 665 489 448 321 49 791 1134 1136 212 488 173 618 566 1084 694 62 464 216 268 844 793 604 284 626 1241 843 431 1202 0
EOF