NAME : tsp_problem
TYPE : TSP
DIMENSION : 70
EDGE_WEIGHT_TYPE : EXPLICIT
EDGE_WEIGHT_FORMAT : FULL_MATRIX
EDGE_WEIGHT_SECTION
0 419 676 588 886 408 301 229 293 317 1120 1014 831 309 1160 242 1445 212 641 1420 535 1064 121 578 302 812 408 158 845 465 334 429 296 1082 524 618 1024 1064 524 1298 1479 470 660 1156 696 1904 1580 266 644 1524 996 1375 373 658 404 373 144 1530 1416 586 80 1336 1399 306 279 337 997 2626 1086 553
419 0 541 738 751 528 451 440 442 388 985 879 696 380 1025 453 1310 442 488 1285 484 928 377 443 509 677 557 400 710 564 483 578 502 947 674 465 889 929 389 1163 1344 619 809 1021 377 1769 1445 352 509 1389 861 1240 392 506 269 337 491 1395 1281 451 480 1201 1264 376 410 396 862 2491 951 702
676 541 0 770 408 891 507 762 499 444 584 534 295 436 682 775 967 499 1005 942 310 585 677 241 835 276 608 592 308 927 540 630 829 546 725 982 546 585 181 820 943 652 842 620 894 1425 1102 477 108 1046 460 896 448 1022 308 701 575 1052 937 247 613 858 921 433 773 788 460 2147 550 735
588 738 770 0 873 981 383 802 374 368 1127 1001 877 379 1147 815 1432 411 1192 1406 516 1050 694 564 876 858 282 551 942 1039 452 429 869 1180 353 1169 1011 1050 635 1285 1468 236 358 1267 1091 1890 1567 608 755 1511 1094 1361 491 1210 522 889 488 1516 1402 573 526 1323 1386 372 852 911 1094 2612 1197 319
886 751 408 873 0 1102 686 972 678 592 401 275 369 603 356 986 706 710 1215 616 413 260 888 365 1046 350 711 803 435 1138 750 733 1039 656 828 1193 221 260 442 495 742 755 945 762 1105 1164 841 688 332 785 453 571 659 1233 519 912 786 726 612 371 824 533 595 595 984 999 571 1886 692 838
408 528 891 981 1102 0 694 266 686 710 1336 1230 1047 702 1376 279 1661 604 266 1636 835 1279 365 794 206 1028 800 523 1060 83 727 822 199 1242 917 243 1240 1279 740 1514 1516 863 1053 1065 708 2119 1796 488 860 1740 1212 1590 725 283 620 262 536 1746 1631 802 472 1552 1615 698 186 180 1212 2841 1104 946
301 451 507 383 686 694 0 515 28 149 940 814 662 140 960 528 1245 124 905 1220 329 864 407 378 588 643 202 264 676 752 165 223 582 913 319 882 824 864 355 1098 1281 264 454 988 804 1704 1380 321 476 1324 827 1175 204 923 235 601 201 1330 1216 386 239 1136 1199 137 565 624 828 2426 918 347
229 440 762 802 972 266 515 0 506 531 1206 1100 917 523 1246 80 1531 425 498 1506 705 1149 186 664 136 898 621 344 931 323 547 643 153 1168 738 476 1110 1150 610 1384 1565 684 873 1187 716 1990 1666 308 730 1610 1082 1461 546 516 490 277 357 1616 1502 672 293 1422 1485 519 137 195 1082 2712 1172 766
293 442 499 374 678 686 28 506 0 140 932 806 654 132 952 520 1237 116 897 1212 321 855 399 369 580 635 194 256 668 743 157 215 573 905 310 874 816 855 347 1090 1273 256 446 979 796 1695 1372 312 467 1316 819 1166 196 915 227 593 193 1321 1207 378 230 1128 1191 129 557 615 820 2417 909 339
317 388 444 368 592 710 149 531 140 0 845 719 595 54 865 544 1151 140 843 1125 235 769 423 283 604 576 188 280 613 765 181 209 598 850 304 820 730 769 292 1004 1187 250 440 925 741 1609 1286 258 413 1230 765 1080 141 860 172 539 217 1235 1121 292 255 1042 1104 46 581 626 765 2331 855 333
1120 985 584 1127 401 1336 940 1206 932 845 0 148 363 856 674 1219 696 943 1449 934 667 578 1122 619 1280 382 965 1037 296 1372 984 986 1273 453 1082 1426 539 578 626 813 733 1008 1198 573 1339 1155 832 922 507 776 249 889 893 1467 753 1145 1020 1044 930 625 1058 851 913 849 1218 1233 367 1877 503 1091
1014 879 534 1001 275 1230 814 1100 806 719 148 0 314 730 549 1113 571 837 1343 808 541 452 1016 493 1174 332 839 930 246 1266 878 861 1167 403 956 1320 413 452 570 687 607 882 1072 524 1233 1029 706 816 458 650 199 763 787 1361 647 1039 914 918 804 499 952 725 788 723 1112 1126 318 1751 454 965
831 696 295 877 369 1047 662 917 654 595 363 314 0 592 643 930 863 654 1160 903 417 546 833 348 991 49 715 748 88 1083 695 737 984 325 832 1137 507 547 336 781 722 759 948 445 1050 1321 998 633 218 942 239 858 604 1178 464 856 731 1013 899 353 769 819 882 588 929 943 240 2043 375 841
309 380 436 379 603 702 140 523 132 54 856 730 592 0 876 536 1161 132 834 1136 245 780 415 294 596 573 198 272 605 757 173 220 590 842 315 812 741 780 284 1015 1198 261 451 917 733 1620 1297 250 405 1241 757 1091 133 852 164 531 209 1246 1132 303 247 1052 1115 57 573 618 757 2342 847 344
1160 1025 682 1147 356 1376 960 1246 952 865 674 549 643 876 0 1259 980 983 1489 461 687 311 1162 639 1320 624 985 1076 709 1412 1024 1007 1313 930 1102 1466 152 311 716 163 1016 1028 1218 1036 1379 1438 1115 962 605 1059 726 390 933 1507 793 1185 1060 415 305 645 1098 678 523 869 1258 1272 845 2160 966 1111
242 453 775 815 986 279 528 80 520 544 1219 1113 930 536 1259 0 1544 438 512 1519 718 1163 199 677 150 911 634 357 944 336 561 656 167 1181 751 489 1124 1163 623 1397 1578 697 887 1200 730 2003 1679 321 744 1623 1095 1474 559 529 503 290 370 1629 1515 685 306 1435 1498 532 150 208 1096 2725 1186 780
1445 1310 967 1432 706 1661 1245 1531 1237 1151 696 571 863 1161 980 1544 0 1268 1774 1239 972 883 1447 924 1605 881 1270 1361 795 1697 1309 1292 1598 781 1387 1751 844 883 1001 1118 566 1314 1503 917 1664 724 278 1247 890 177 748 1194 1218 1792 1078 1470 1345 1349 1235 930 1383 1156 1219 1154 1543 1557 834 1505 912 1396
212 442 499 411 710 604 124 425 116 140 943 837 654 132 983 438 1268 0 816 1243 358 887 318 401 499 635 231 174 668 662 157 252 492 905 348 793 848 887 347 1121 1302 293 483 980 796 1727 1403 298 468 1347 819 1198 196 834 227 513 111 1353 1239 409 149 1159 1222 129 476 534 820 2449 910 376
641 488 1005 1192 1215 266 905 498 897 843 1449 1343 1160 834 1489 512 1774 816 0 1749 948 1393 598 907 446 1141 1012 658 1174 289 938 1033 439 1411 1128 55 1354 1393 853 1627 1756 1074 1264 1305 758 2233 1909 609 973 1853 1325 1704 847 50 733 330 748 1859 1745 915 705 1665 1728 831 387 334 1326 2955 1344 1157
1420 1285 942 1406 616 1636 1220 1506 1212 1125 934 808 903 1136 461 1519 1239 1243 1749 0 946 707 1421 899 1579 884 1245 1336 968 1672 1284 1266 1573 1190 1362 1726 589 708 975 518 1276 1288 1478 1296 1638 1698 1374 1222 865 1318 986 214 1192 1766 1052 1445 1319 124 255 905 1357 394 125 1129 1517 1532 1104 2420 1226 1371
535 484 310 516 413 835 329 705 321 235 667 541 417 245 687 718 972 358 948 946 0 590 621 104 779 398 354 498 482 871 399 376 772 720 471 925 551 590 175 825 1008 398 587 807 838 1430 1107 421 295 1051 634 901 360 966 252 645 434 1056 942 113 472 863 926 238 717 732 634 2152 737 480
1064 928 585 1050 260 1279 864 1149 855 769 578 452 546 780 311 1163 883 887 1393 707 590 0 1065 543 1223 527 888 980 612 1315 927 910 1216 833 1005 1370 175 28 619 449 919 932 1122 939 1282 1341 1018 865 509 962 630 662 836 1410 696 1089 963 701 591 548 1001 624 687 772 1161 1176 748 2064 869 1015
121 377 677 694 888 365 407 186 399 423 1122 1016 833 415 1162 199 1447 318 598 1421 621 1065 0 579 260 814 514 260 846 423 440 535 253 1084 631 575 1026 1065 526 1300 1481 576 766 1158 653 1905 1582 224 646 1526 998 1376 462 616 405 330 250 1531 1417 588 186 1338 1401 412 237 295 998 2627 1088 659
578 443 241 564 365 794 378 664 369 283 619 493 348 294 639 677 924 401 907 899 104 543 579 0 737 328 403 494 413 829 442 424 731 651 520 884 503 543 133 777 960 446 636 740 796 1383 1059 380 233 1003 565 854 350 924 210 603 477 1009 895 47 515 815 878 287 675 690 565 2105 670 529
302 509 835 876 1046 206 588 136 580 604 1280 1174 991 596 1320 150 1605 499 446 1579 779 1223 260 737 0 972 695 418 1004 263 621 716 76 1242 812 423 1184 1223 684 1458 1578 757 947 1127 770 2063 1740 382 804 1684 1156 1534 620 463 563 266 431 1689 1575 746 367 1496 1559 593 125 184 1156 2785 1166 840
812 677 276 858 350 1028 643 898 635 576 382 332 49 573 624 911 881 635 1141 884 398 527 814 328 972 0 696 729 106 1064 676 718 965 344 813 1118 488 528 317 762 741 739 929 464 1031 1340 1016 614 199 960 258 839 585 1159 445 837 712 994 880 334 750 800 863 569 910 924 258 2062 394 822
408 557 608 282 711 800 202 621 194 188 965 839 715 198 985 634 1270 231 1012 1245 354 888 514 403 695 696 0 370 781 858 271 248 688 1018 135 989 849 889 462 1123 1306 164 291 1094 911 1728 1405 427 582 1349 932 1200 310 1029 341 708 307 1355 1241 411 345 1161 1224 191 672 730 933 2451 1024 192
158 400 592 551 803 523 264 344 256 280 1037 930 748 272 1076 357 1361 174 658 1336 498 980 260 494 418 729 370 0 761 580 297 392 411 998 487 635 941 980 440 1215 1395 433 623 1073 677 1820 1497 139 561 1441 913 1291 335 675 320 354 106 1446 1332 503 96 1253 1315 268 395 441 913 2542 1003 516
845 710 308 942 435 1060 676 931 668 613 296 246 88 605 709 944 795 668 1174 968 482 612 846 413 1004 106 781 761 0 1096 709 802 998 257 897 1151 573 612 350 847 654 824 1014 378 1063 1253 930 646 232 874 171 923 617 1191 477 870 744 1078 964 419 782 885 948 601 942 957 172 1976 308 907
465 564 927 1039 1138 83 752 323 743 765 1372 1266 1083 757 1412 336 1697 662 289 1672 871 1315 423 829 263 1064 858 580 1096 0 784 879 257 1299 975 266 1276 1315 776 1550 1574 920 1110 1123 766 2155 1832 531 896 1776 1248 1626 769 306 655 291 594 1781 1667 838 530 1588 1651 753 221 216 1248 2877 1161 1003
334 483 540 452 750 727 165 547 157 181 984 878 695 173 1024 561 1309 157 938 1284 399 927 440 442 621 676 271 297 709 784 0 178 614 946 388 915 888 928 388 1162 1343 334 370 1020 837 1768 1444 353 508 1388 860 1239 236 955 268 634 233 1394 1280 450 271 1200 1263 170 598 656 860 2490 950 411
429 578 630 429 733 822 223 643 215 209 986 861 737 220 1007 656 1292 252 1033 1266 376 910 535 424 716 718 248 392 802 879 178 0 710 1040 365 1010 871 910 483 1145 1328 311 482 1116 932 1750 1427 449 604 1371 954 1221 332 1051 363 729 329 1376 1262 433 367 1183 1246 213 693 751 954 2472 1046 394
296 502 829 869 1039 199 582 153 573 598 1273 1167 984 590 1313 167 1598 492 439 1573 772 1216 253 731 76 965 688 411 998 257 614 710 0 1235 805 416 1177 1217 677 1451 1571 751 940 1120 763 2057 1733 375 797 1677 1149 1528 613 457 557 259 424 1683 1569 739 360 1489 1552 586 119 177 1149 2779 1159 833
1082 947 546 1180 656 1242 913 1168 905 850 453 403 325 842 930 1181 781 905 1411 1190 720 833 1084 651 1242 344 1018 998 257 1299 946 1040 1235 0 1135 1388 794 834 587 1068 458 1062 1251 198 1069 1066 884 884 469 860 328 1145 855 1429 715 1107 982 1300 1186 656 1019 1106 1169 839 1180 1194 115 1788 193 1144
524 674 725 353 828 917 319 738 310 304 1082 956 832 315 1102 751 1387 348 1128 1362 471 1005 631 520 812 813 135 487 897 975 388 365 805 1135 0 1106 966 1005 578 1240 1423 135 174 1211 1027 1845 1522 544 699 1466 1049 1316 427 1146 458 825 424 1472 1357 528 462 1278 1341 308 789 847 1049 2567 1141 75
618 465 982 1169 1193 243 882 476 874 820 1426 1320 1137 812 1466 489 1751 793 55 1726 925 1370 575 884 423 1118 989 635 1151 266 915 1010 416 1388 1106 0 1331 1370 830 1604 1733 1051 1241 1282 735 2210 1886 586 951 1830 1302 1681 824 72 710 307 725 1836 1722 893 682 1642 1705 808 364 311 1303 2932 1321 1134
1024 889 546 1011 221 1240 824 1110 816 730 539 413 507 741 152 1124 844 848 1354 589 551 175 1026 503 1184 488 849 941 573 1276 888 871 1177 794 966 1331 0 175 580 290 880 893 1083 900 1243 1302 979 826 470 923 591 517 797 1371 657 1050 924 542 432 509 962 585 648 733 1122 1137 709 2024 830 976
1064 929 585 1050 260 1279 864 1150 855 769 578 452 547 780 311 1163 883 887 1393 708 590 28 1065 543 1223 528 889 980 612 1315 928 910 1217 834 1005 1370 175 0 619 449 919 932 1122 940 1282 1342 1018 865 509 962 630 662 836 1410 696 1089 963 702 592 548 1001 624 687 773 1161 1176 748 2064 870 1015
524 389 181 635 442 740 355 610 347 292 626 570 336 284 716 623 1001 347 853 975 175 619 526 133 684 317 462 440 350 776 388 483 677 587 578 830 580 619 0 854 984 517 707 662 742 1459 1136 326 150 1080 501 930 297 871 157 549 423 1085 971 142 461 892 955 281 622 636 502 2181 592 600
1298 1163 820 1285 495 1514 1098 1384 1090 1004 813 687 781 1015 163 1397 1118 1121 1627 518 825 449 1300 777 1458 762 1123 1215 847 1550 1162 1145 1451 1068 1240 1604 290 449 854 0 1154 1167 1357 1174 1517 1576 1253 1100 743 1197 864 446 1071 1645 931 1324 1198 471 361 783 1236 734 579 1007 1396 1411 983 2298 1104 1250
1479 1344 943 1468 742 1516 1281 1565 1273 1187 733 607 722 1198 1016 1578 566 1302 1756 1276 1008 919 1481 960 1578 741 1306 1395 654 1574 1343 1328 1571 458 1423 1733 880 919 984 1154 0 1350 1540 595 1344 851 669 1281 866 645 725 1230 1251 1774 1112 1504 1378 1386 1271 966 1416 1192 1255 1190 1577 1591 512 1573 590 1433
470 619 652 236 755 863 264 684 256 250 1008 882 759 261 1028 697 1314 293 1074 1288 398 932 576 446 757 739 164 433 824 920 334 311 751 1062 135 1051 893 932 517 1167 1350 0 208 1149 973 1772 1449 489 637 1393 976 1243 373 1092 404 770 370 1398 1284 455 408 1205 1267 253 734 792 976 2494 1079 101
660 809 842 358 945 1053 454 873 446 440 1198 1072 948 451 1218 887 1503 483 1264 1478 587 1122 766 636 947 929 291 623 1014 1110 370 482 940 1251 174 1241 1083 1122 707 1357 1540 208 0 1339 1163 1903 1638 679 827 1583 1166 1433 562 1281 594 960 559 1588 1474 645 597 1394 1457 443 924 982 1166 2617 1269 148
1156 1021 620 1267 762 1065 988 1187 979 925 573 524 445 917 1036 1200 917 980 1305 1296 807 939 1158 740 1127 464 1094 1073 378 1123 1020 1116 1120 198 1211 1282 900 940 662 1174 595 1149 1339 0 892 1203 1021 958 543 997 449 1251 929 1323 789 1182 1056 1406 1292 746 1094 1212 1275 913 1152 1210 235 1925 93 1232
696 377 894 1091 1105 708 804 716 796 741 1339 1233 1050 733 1379 730 1664 796 758 1638 838 1282 653 796 770 1031 911 677 1063 766 837 932 763 1069 1027 735 1243 1282 742 1517 1344 973 1163 892 0 2012 1799 628 863 1743 1215 1593 745 776 622 614 768 1748 1634 805 757 1555 1618 730 686 666 1073 2699 931 1056
1904 1769 1425 1890 1164 2119 1704 1990 1695 1609 1155 1029 1321 1620 1438 2003 724 1727 2233 1698 1430 1341 1905 1383 2063 1340 1728 1820 1253 2155 1768 1750 2057 1066 1845 2210 1302 1342 1459 1576 851 1772 1903 1203 2012 0 590 1705 1349 659 1207 1653 1676 2250 1536 1929 1803 1808 1694 1388 1841 1614 1677 1612 2001 2016 1119 1321 1197 1855
1580 1445 1102 1567 841 1796 1380 1666 1372 1286 832 706 998 1297 1115 1679 278 1403 1909 1374 1107 1018 1582 1059 1740 1016 1405 1497 930 1832 1444 1427 1733 884 1522 1886 979 1018 1136 1253 669 1449 1638 1021 1799 590 0 1382 1025 213 883 1329 1353 1927 1213 1605 1480 1484 1370 1065 1518 1291 1354 1289 1678 1692 937 1372 1015 1531
266 352 477 608 688 488 321 308 312 258 922 816 633 250 962 321 1247 298 609 1222 421 865 224 380 382 614 427 139 646 531 353 449 375 884 544 586 826 865 326 1100 1281 489 679 958 628 1705 1382 0 446 1326 798 1176 262 626 206 305 230 1332 1217 388 219 1138 1201 246 359 392 798 2427 888 572
644 509 108 755 332 860 476 730 467 413 507 458 218 405 605 744 890 468 973 865 295 509 646 233 804 199 582 561 232 896 508 604 797 469 699 951 470 509 150 743 866 637 827 543 863 1349 1025 446 0 969 383 820 417 991 277 670 544 975 861 239 582 781 844 401 742 757 384 2071 473 720
1524 1389 1046 1511 785 1740 1324 1610 1316 1230 776 650 942 1241 1059 1623 177 1347 1853 1318 1051 962 1526 1003 1684 960 1349 1441 874 1776 1388 1371 1677 860 1466 1830 923 962 1080 1197 645 1393 1583 997 1743 659 213 1326 969 0 827 1273 1297 1871 1157 1550 1424 1428 1314 1009 1462 1235 1298 1233 1622 1637 913 1440 991 1475
996 861 460 1094 453 1212 827 1082 819 765 249 199 239 757 726 1095 748 819 1325 986 634 630 998 565 1156 258 932 913 171 1248 860 954 1149 328 1049 1302 591 630 501 864 725 976 1166 449 1215 1207 883 798 383 827 0 941 769 1343 629 1021 896 1096 982 570 934 902 965 753 1094 1108 243 1929 379 1058
1375 1240 896 1361 571 1590 1175 1461 1166 1080 889 763 858 1091 390 1474 1194 1198 1704 214 901 662 1376 854 1534 839 1200 1291 923 1626 1239 1221 1528 1145 1316 1681 517 662 930 446 1230 1243 1433 1251 1593 1653 1329 1176 820 1273 941 0 1147 1721 1007 1400 1274 315 102 859 1312 349 193 1084 1472 1487 1059 2375 1180 1326
373 392 448 491 659 725 204 546 196 141 893 787 604 133 933 559 1218 196 847 1192 360 836 462 350 620 585 310 335 617 769 236 332 613 855 427 824 797 836 297 1071 1251 373 562 929 745 1676 1353 262 417 1297 769 1147 0 864 176 543 272 1302 1188 359 310 1109 1172 129 597 630 769 2398 859 455
658 506 1022 1210 1233 283 923 516 915 860 1467 1361 1178 852 1507 529 1792 834 50 1766 966 1410 616 924 463 1159 1029 675 1191 306 955 1051 457 1429 1146 72 1371 1410 871 1645 1774 1092 1281 1323 776 2250 1927 626 991 1871 1343 1721 864 0 750 347 766 1876 1762 933 723 1683 1746 848 405 352 1343 2972 1361 1174
404 269 308 522 519 620 235 490 227 172 753 647 464 164 793 503 1078 227 733 1052 252 696 405 210 563 445 341 320 477 655 268 363 557 715 458 710 657 696 157 931 1112 404 594 789 622 1536 1213 206 277 1157 629 1007 176 750 0 429 303 1162 1048 219 341 969 1032 161 501 516 629 2258 719 487
373 337 701 889 912 262 601 277 593 539 1145 1039 856 531 1185 290 1470 513 330 1445 645 1089 330 603 266 837 708 354 870 291 634 729 259 1107 825 307 1050 1089 549 1324 1504 770 960 1182 614 1929 1605 305 670 1550 1021 1400 543 347 429 0 444 1555 1441 612 434 1361 1424 527 166 113 1022 2651 1112 853
144 491 575 488 786 536 201 357 193 217 1020 914 731 209 1060 370 1345 111 748 1319 434 963 250 477 431 712 307 106 744 594 233 329 424 982 424 725 924 963 423 1198 1378 370 559 1056 768 1803 1480 230 544 1424 896 1274 272 766 303 444 0 1429 1315 486 81 1236 1299 205 408 466 896 2525 986 452
1530 1395 1052 1516 726 1746 1330 1616 1321 1235 1044 918 1013 1246 415 1629 1349 1353 1859 124 1056 701 1531 1009 1689 994 1355 1446 1078 1781 1394 1376 1683 1300 1472 1836 542 702 1085 471 1386 1398 1588 1406 1748 1808 1484 1332 975 1428 1096 315 1302 1876 1162 1555 1429 0 231 1015 1467 504 235 1239 1627 1642 1214 2530 1336 1481
1416 1281 937 1402 612 1631 1216 1502 1207 1121 930 804 899 1132 305 1515 1235 1239 1745 255 942 591 1417 895 1575 880 1241 1332 964 1667 1280 1262 1569 1186 1357 1722 432 592 971 361 1271 1284 1474 1292 1634 1694 1370 1217 861 1314 982 102 1188 1762 1048 1441 1315 231 0 900 1353 390 234 1125 1513 1528 1100 2416 1222 1367
586 451 247 573 371 802 386 672 378 292 625 499 353 303 645 685 930 409 915 905 113 548 588 47 746 334 411 503 419 838 450 433 739 656 528 893 509 548 142 783 966 455 645 746 805 1388 1065 388 239 1009 570 859 359 933 219 612 486 1015 900 0 524 821 884 295 684 699 571 2110 676 538
80 480 613 526 824 472 239 293 230 255 1058 952 769 247 1098 306 1383 149 705 1357 472 1001 186 515 367 750 345 96 782 530 271 367 360 1019 462 682 962 1001 461 1236 1416 408 597 1094 757 1841 1518 219 582 1462 934 1312 310 723 341 434 81 1467 1353 524 0 1274 1337 243 344 402 934 2563 1024 490
1336 1201 858 1323 533 1552 1136 1422 1128 1042 851 725 819 1052 678 1435 1156 1159 1665 394 863 624 1338 815 1496 800 1161 1253 885 1588 1200 1183 1489 1106 1278 1642 585 624 892 734 1192 1205 1394 1212 1555 1614 1291 1138 781 1235 902 349 1109 1683 969 1361 1236 504 390 821 1274 0 373 1045 1434 1448 1021 2336 1142 1287
1399 1264 921 1386 595 1615 1199 1485 1191 1104 913 788 882 1115 523 1498 1219 1222 1728 125 926 687 1401 878 1559 863 1224 1315 948 1651 1263 1246 1552 1169 1341 1705 648 687 955 579 1255 1267 1457 1275 1618 1677 1354 1201 844 1298 965 193 1172 1746 1032 1424 1299 235 234 884 1337 373 0 1108 1497 1511 1084 2399 1205 1350
306 376 433 372 595 698 137 519 129 46 849 723 588 57 869 532 1154 129 831 1129 238 772 412 287 593 569 191 268 601 753 170 213 586 839 308 808 733 773 281 1007 1190 253 443 913 730 1612 1289 246 401 1233 753 1084 129 848 161 527 205 1239 1125 295 243 1045 1108 0 570 614 753 2335 843 336
279 410 773 852 984 186 565 137 557 581 1218 1112 929 573 1258 150 1543 476 387 1517 717 1161 237 675 125 910 672 395 942 221 598 693 119 1180 789 364 1122 1161 622 1396 1577 734 924 1152 686 2001 1678 359 742 1622 1094 1472 597 405 501 166 408 1627 1513 684 344 1434 1497 570 0 84 1094 2723 1184 817
337 396 788 911 999 180 624 195 615 626 1233 1126 943 618 1272 208 1557 534 334 1532 732 1176 295 690 184 924 730 441 957 216 656 751 177 1194 847 311 1137 1176 636 1411 1591 792 982 1210 666 2016 1692 392 757 1637 1108 1487 630 352 516 113 466 1642 1528 699 402 1448 1511 614 84 0 1109 2738 1199 875
997 862 460 1094 571 1212 828 1082 820 765 367 318 240 757 845 1096 834 820 1326 1104 634 748 998 565 1156 258 933 913 172 1248 860 954 1149 115 1049 1303 709 748 502 983 512 976 1166 235 1073 1119 937 798 384 913 243 1059 769 1343 629 1022 896 1214 1100 571 934 1021 1084 753 1094 1109 0 1841 165 1059
2626 2491 2147 2612 1886 2841 2426 2712 2417 2331 1877 1751 2043 2342 2160 2725 1505 2449 2955 2420 2152 2064 2627 2105 2785 2062 2451 2542 1976 2877 2490 2472 2779 1788 2567 2932 2024 2064 2181 2298 1573 2494 2617 1925 2699 1321 1372 2427 2071 1440 1929 2375 2398 2972 2258 2651 2525 2530 2416 2110 2563 2336 2399 2335 2723 2738 1841 0 1919 2577
1086 951 550 1197 692 1104 918 1172 909 855 503 454 375 847 966 1186 912 910 1344 1226 737 869 1088 670 1166 394 1024 1003 308 1161 950 1046 1159 193 1141 1321 830 870 592 1104 590 1079 1269 93 931 1197 1015 888 473 991 379 1180 859 1361 719 1112 986 1336 1222 676 1024 1142 1205 843 1184 1199 165 1919 0 1162
553 702 735 319 838 946 347 766 339 333 1091 965 841 344 1111 780 1396 376 1157 1371 480 1015 659 529 840 822 192 516 907 1003 411 394 833 1144 75 1134 976 1015 600 1250 1433 101 148 1232 1056 1855 1531 572 720 1475 1058 1326 455 1174 487 853 452 1481 1367 538 490 1287 1350 336 817 875 1059 2577 1162 0
EOF