NAME : tsp_problem
TYPE : TSP
DIMENSION : 36
EDGE_WEIGHT_TYPE : EXPLICIT
EDGE_WEIGHT_FORMAT : FULL_MATRIX
EDGE_WEIGHT_SECTION
0 244 558 370 2393 447 456 612 576 857 967 856 606 1113 638 2539 222 632 411 1097 1115 1072 84 1370 690 139 918 716 1283 1209 235 253 345 1054 1010 1531
244 0 769 580 2604 658 667 823 787 1068 1177 1067 816 1324 848 2749 432 843 621 1308 1325 1283 295 1581 901 349 1128 926 1494 1420 446 463 220 1265 1220 1742
558 769 0 333 2401 422 463 512 131 338 863 462 211 1121 271 2546 376 640 286 1105 720 544 529 1378 296 476 466 188 1291 1217 573 318 870 937 482 1539
370 580 333 0 2300 321 363 411 364 632 762 721 471 1020 413 2446 188 539 186 1004 967 847 341 1277 555 288 769 491 1190 1116 385 130 682 836 785 1438
2393 2604 2401 2300 0 2016 2009 2013 2431 2633 1824 2770 2539 2150 2414 297 2227 1819 2170 2133 2419 2857 2365 1222 2623 2330 2779 2498 1411 1338 2427 2238 2493 1799 2795 1190
447 658 422 321 2016 0 79 219 452 654 570 810 559 736 434 2162 281 255 191 720 989 878 418 993 644 384 800 518 906 832 481 292 759 644 816 1154
456 667 463 363 2009 79 0 206 494 696 561 851 601 729 476 2154 290 226 232 713 1031 920 427 986 686 393 842 560 899 825 490 301 768 650 858 1147
612 823 512 411 2013 219 206 0 542 744 417 900 650 733 525 2158 446 230 281 717 960 969 584 990 734 549 891 609 877 824 646 397 924 491 906 1151
576 787 131 364 2431 452 494 542 0 430 893 372 122 1151 372 2577 407 670 317 1135 631 610 548 1408 206 494 434 289 1321 1247 591 349 888 967 547 1569
857 1068 338 632 2633 654 696 744 430 0 1095 409 335 1353 241 2778 675 872 519 1337 668 248 829 1610 329 775 333 174 1523 1449 872 617 1169 1169 186 1771
967 1177 863 762 1824 570 561 417 893 1095 0 1251 1001 808 876 1970 801 439 632 791 1043 1320 938 802 1085 904 1242 960 690 637 1000 748 1279 350 1257 962
804 1015 409 669 2737 758 799 848 320 357 1199 0 225 1457 543 2882 679 976 622 1441 510 496 775 1714 182 722 313 460 1627 1553 819 643 1116 1237 433 1875
606 816 211 471 2539 559 601 650 122 335 1001 277 0 1259 349 2684 481 777 424 1242 536 515 577 1516 112 524 339 266 1429 1355 620 445 918 1075 452 1676
1113 1324 1121 1020 2150 736 729 733 1151 1353 808 1509 1259 0 1134 2295 947 539 890 37 1500 1577 1085 1127 1343 1050 1499 1218 1040 966 1147 958 1425 1031 1515 1287
638 848 271 413 2414 434 476 525 372 241 876 595 349 1134 0 2559 456 652 299 1117 576 466 609 1391 433 556 548 106 1304 1230 652 398 950 950 404 1551
2539 2749 2546 2446 297 2162 2154 2158 2577 2778 1970 2915 2684 2295 2559 0 2373 1964 2315 2279 2564 3003 2510 1367 2768 2476 2925 2643 1557 1483 2572 2384 2639 1944 2940 1336
222 432 376 188 2227 281 290 446 407 675 801 731 481 947 456 2373 0 466 229 931 990 890 193 1204 566 140 793 534 1117 1043 236 68 534 879 828 1365
632 843 640 539 1819 255 226 230 670 872 439 1028 777 539 652 1964 466 0 409 523 997 1096 604 796 862 569 1018 737 709 635 666 477 944 528 1034 957
411 621 286 186 2170 191 232 281 317 519 632 674 424 890 299 2315 229 409 0 874 854 743 382 1147 509 329 665 383 1060 986 425 171 723 706 681 1308
1097 1308 1105 1004 2133 720 713 717 1135 1337 791 1493 1242 37 1117 2279 931 523 874 0 1484 1561 1069 1111 1327 1034 1483 1202 1024 950 1131 942 1409 1015 1499 1271
1115 1325 720 967 2419 989 1031 960 631 668 1043 395 536 1500 576 2564 990 997 854 1484 0 640 1086 1413 530 1033 457 620 1225 1202 1130 952 1427 771 577 1798
1072 1283 544 847 2857 878 920 969 610 248 1320 381 515 1577 466 3003 890 1096 743 1561 640 0 1043 1834 508 990 289 399 1747 1673 1087 832 1384 1366 91 1995
84 295 529 341 2365 418 427 584 548 829 938 827 577 1085 609 2510 193 604 382 1069 1086 1043 0 1342 662 110 889 687 1255 1181 207 224 396 1025 981 1503
1370 1581 1378 1277 1222 993 986 990 1408 1610 802 1764 1516 1127 1391 1367 1204 796 1147 1111 1413 1834 1342 0 1600 1307 1756 1475 389 315 1404 1215 1682 776 1772 598
690 901 296 555 2623 644 686 734 206 329 1085 271 112 1343 433 2768 566 862 509 1327 530 508 662 1600 0 608 333 351 1513 1439 705 529 1002 1159 446 1761
139 349 476 288 2330 384 393 549 494 775 904 774 524 1050 556 2476 140 569 329 1034 1033 990 110 1307 608 0 836 634 1220 1146 118 171 451 979 928 1468
918 1128 466 769 2779 800 842 891 434 333 1242 198 339 1499 548 2925 793 1018 665 1483 457 289 889 1756 333 836 0 465 1637 1595 932 754 1230 1183 227 1917
716 926 188 491 2498 518 560 609 289 174 960 512 266 1218 106 2643 534 737 383 1202 620 399 687 1475 351 634 465 0 1388 1314 730 476 1028 1034 336 1635
1283 1494 1291 1190 1411 906 899 877 1321 1523 690 1576 1429 1040 1304 1557 1117 709 1060 1024 1225 1747 1255 389 1513 1220 1637 1388 0 98 1317 1128 1595 538 1685 694
1209 1420 1217 1116 1338 832 825 824 1247 1449 637 1553 1355 966 1230 1483 1043 635 986 950 1202 1673 1181 315 1439 1146 1595 1314 98 0 1243 1055 1521 485 1611 620
235 446 573 385 2427 481 490 646 591 872 1000 871 620 1147 652 2572 236 666 425 1131 1130 1087 207 1404 705 118 932 730 1317 1243 0 267 448 1076 1024 1565
253 463 318 130 2238 292 301 397 349 617 748 695 445 958 398 2384 68 477 171 942 952 832 224 1215 529 171 754 476 1128 1055 267 0 565 822 770 1376
345 220 870 682 2493 759 768 924 888 1169 1279 1168 918 1425 950 2639 534 944 723 1409 1427 1384 396 1682 1002 451 1230 1028 1595 1521 448 565 0 1366 1322 1843
1054 1265 937 836 1799 644 650 491 967 1169 350 1122 1075 1031 950 1944 879 528 706 1015 771 1366 1025 776 1159 979 1183 1034 538 485 1076 822 1366 0 1304 1081
1010 1220 482 785 2795 816 858 906 547 186 1257 318 452 1515 404 2940 828 1034 681 1499 577 91 981 1772 446 928 227 336 1685 1611 1024 770 1322 1304 0 1933
1531 1742 1539 1438 1190 1154 1147 1151 1569 1771 962 1927 1676 1287 1551 1336 1365 957 1308 1271 1798 1995 1503 598 1761 1468 1917 1635 694 620 1565 1376 1843 1081 1933 0
EOF