NAME : tsp_problem
TYPE : TSP
DIMENSION : 28
EDGE_WEIGHT_TYPE : EXPLICIT
EDGE_WEIGHT_FORMAT : FULL_MATRIX
EDGE_WEIGHT_SECTION
0 609 869 948 796 888 736 610 559 768 878 660 1092 109 619 941 2638 631 1053 953 621 586 1182 788 1256 1250 1226 936
609 0 914 836 841 776 314 96 366 534 766 147 980 684 477 618 2861 676 941 998 666 431 1071 833 1301 1138 1114 1159
869 914 0 646 288 606 1002 853 665 526 595 965 790 891 456 843 2158 336 775 217 327 521 881 239 578 949 925 511
948 836 646 0 414 287 1072 776 735 321 277 888 257 971 468 638 2506 433 234 682 423 521 348 458 926 416 392 1029
796 841 288 414 0 373 929 781 593 407 363 893 558 819 383 725 2147 264 629 323 254 448 649 99 567 717 693 671
888 776 606 287 373 0 1012 716 675 262 33 828 431 911 409 432 2465 373 364 641 363 461 522 417 885 590 566 988
736 314 1002 1072 929 1012 0 361 387 771 1002 412 1216 758 622 882 2969 764 1177 1086 754 589 1306 921 1389 1374 1350 1379
610 96 853 776 781 716 361 0 319 474 706 148 920 685 416 619 2820 615 881 937 606 370 1010 772 1240 1078 1054 1160
559 366 665 735 593 675 387 319 0 434 665 431 879 581 286 902 2632 427 840 749 418 253 970 584 1052 1037 1013 1043
768 534 526 321 407 262 771 474 434 0 251 586 465 790 265 494 2493 288 426 610 279 219 556 445 913 624 600 904
878 766 595 277 363 33 1002 706 665 251 0 818 421 901 398 421 2455 362 353 631 353 451 511 407 875 579 555 978
713 200 851 773 778 713 464 139 317 471 703 0 917 788 414 722 2817 613 878 935 603 368 1007 769 1237 1075 1051 1228
1092 980 790 257 558 431 1216 920 879 465 421 1032 0 1115 612 782 2650 576 452 826 567 665 220 602 1070 288 169 1173
109 684 891 971 819 911 758 685 581 790 901 735 1115 0 642 1016 2713 653 1076 975 644 609 1205 810 1278 1273 1249 1011
619 477 456 468 383 409 622 416 286 265 398 528 612 642 0 641 2423 218 573 540 208 84 703 375 843 771 747 833
941 618 843 638 725 432 882 619 902 494 421 670 782 1016 641 0 2810 606 456 928 596 694 873 762 1230 941 837 1221
2638 2861 2158 2506 2147 2465 2969 2820 2632 2493 2455 2913 2650 2713 2423 2810 0 2303 2720 2048 2293 2488 2740 2120 2074 2808 2659 1853
631 676 336 433 264 373 764 615 427 288 362 727 576 653 218 606 2303 0 537 420 32 283 667 255 723 735 711 714
1053 941 775 234 629 364 1177 881 840 426 353 993 452 1076 573 456 2720 537 0 859 528 626 563 673 1141 630 412 1153
953 998 217 682 323 641 1086 937 749 610 631 1049 826 975 540 928 2048 420 859 0 411 605 916 274 468 984 960 382
621 666 327 423 254 363 754 606 418 279 353 718 567 644 208 596 2293 32 528 411 0 273 657 245 713 725 701 704
586 431 521 521 448 461 589 370 253 219 451 482 665 609 84 694 2488 283 626 605 273 0 756 440 908 823 799 898
1182 1071 881 348 649 522 1306 1010 970 556 511 1122 220 1205 703 873 2740 667 563 916 657 756 0 692 1160 97 354 1264
788 833 239 458 99 417 921 772 584 445 407 884 602 810 375 762 2120 255 673 274 245 440 692 0 540 760 736 622
1256 1301 578 926 567 885 1389 1240 1052 913 875 1352 1070 1278 843 1230 2074 723 1141 468 713 908 1160 540 0 1228 1204 800
1250 1138 949 416 717 590 1374 1078 1037 624 579 1190 288 1273 771 941 2808 735 630 984 725 823 97 760 1228 0 422 1332
1226 1114 925 392 693 566 1350 1054 1013 600 555 1166 169 1249 747 837 2659 711 412 960 701 799 354 736 1204 422 0 1308
936 1159 511 1029 671 988 1379 1160 1043 904 978 1211 1173 1011 833 1221 1853 714 1153 382 704 898 1264 622 800 1332 1308 0
EOF