NAME : tsp_problem
TYPE : TSP
DIMENSION : 72
EDGE_WEIGHT_TYPE : EXPLICIT
EDGE_WEIGHT_FORMAT : FULL_MATRIX
EDGE_WEIGHT_SECTION
0 760 136 171 170 1078 1157 161 82 350 487 2406 407 445 489 460 881 216 443 582 503 422 340 627 553 566 131 314 172 814 360 1193 530 826 376 490 945 639 1003 487 1727 818 1357 1429 1201 1188 1459 368 891 178 1311 450 702 967 268 586 2180 242 207 1865 297 365 1415 496 156 924 1754 935 408 78 825 124
760 0 814 620 605 537 463 755 699 1028 1165 1886 1085 619 995 410 1103 915 991 963 1181 651 888 997 613 626 660 992 871 1043 589 498 480 1047 1054 1168 583 402 308 580 1207 1040 837 1067 681 825 939 598 1113 740 649 354 426 406 946 292 1660 901 867 1356 996 1043 1053 377 619 346 1234 240 956 812 1047 651
136 814 0 281 280 1080 1212 278 136 273 410 2461 330 555 543 514 991 248 497 528 426 532 394 681 663 676 241 237 285 816 469 1247 584 935 299 413 999 693 1057 597 1781 928 1412 1483 1255 1242 1513 478 1001 288 1365 504 756 1021 190 640 2234 284 261 1867 243 288 1469 550 266 978 1809 989 462 188 935 234
171 620 281 0 33 958 1018 165 227 496 632 2267 552 304 634 321 740 325 588 691 649 281 485 773 412 425 88 460 281 673 218 1053 391 684 521 635 806 499 863 345 1587 677 1218 1289 1061 1048 1319 227 750 150 1171 310 563 828 413 446 2040 387 353 1777 406 510 1275 356 47 784 1615 795 553 223 684 79
170 605 280 33 0 943 1003 164 226 495 631 2252 551 289 633 305 724 324 587 690 648 266 484 772 397 410 73 458 280 658 203 1038 375 669 520 634 790 484 848 330 1572 661 1203 1274 1046 1033 1304 212 735 149 1156 295 548 812 412 431 2025 386 351 1762 405 509 1260 341 32 769 1600 780 552 222 669 64
1078 537 1080 958 943 0 465 1091 1037 1077 1109 1903 999 957 619 748 1441 984 661 588 1125 989 884 621 951 964 998 988 1021 1146 926 449 818 1385 1051 1112 921 739 396 918 1428 1378 1107 1404 780 1163 956 935 1451 1078 736 692 764 347 1098 630 1677 1059 1024 981 867 940 1391 715 957 738 1270 632 694 1082 1385 989
1157 463 1212 1018 1003 465 0 1153 1097 1426 1548 1544 1437 1003 1058 808 1487 1313 1100 1026 1564 1049 1285 1060 997 1011 1057 1390 1268 1441 986 96 865 1432 1451 1551 949 784 216 965 989 1424 668 1433 341 1191 596 995 1497 1137 298 752 792 430 1343 690 1317 1299 1264 1106 1306 1379 1419 775 1017 607 892 501 1133 1209 1431 1048
161 755 278 165 164 1091 1153 0 224 457 593 2402 490 439 631 456 863 174 585 540 609 404 482 769 547 560 125 420 130 796 353 1188 526 807 482 596 941 634 998 481 1722 800 1353 1424 1196 1183 1454 362 873 159 1306 445 698 963 374 581 2175 384 349 1879 255 431 1410 491 150 920 1750 930 550 109 807 117
82 699 136 227 226 1037 1097 224 0 350 487 2346 407 450 489 400 885 279 443 640 503 427 340 627 558 571 187 314 235 819 364 1132 470 830 376 490 885 578 942 491 1666 822 1297 1368 1140 1127 1398 373 896 234 1250 389 642 907 268 525 2119 242 207 1856 355 365 1354 435 212 864 1694 874 408 134 830 180
350 1028 273 496 495 1077 1426 457 350 0 159 2675 172 770 598 729 1205 349 552 525 176 747 449 736 878 891 456 198 386 813 684 1461 799 1150 101 162 1214 908 1271 811 1995 1142 1626 1698 1469 1456 1728 693 1216 502 1580 718 971 1236 114 855 2449 158 186 1864 343 166 1684 764 480 1193 2023 1203 517 402 1149 448
487 1165 410 632 631 1109 1548 593 487 159 0 2811 204 906 734 865 1342 485 688 557 42 883 585 867 1014 1027 592 230 523 845 820 1531 935 1286 133 29 1350 1044 1408 948 2132 1279 1762 1834 1606 1593 1864 829 1352 639 1716 855 1107 1295 251 991 2585 294 323 1896 376 199 1820 901 617 1329 2160 1340 653 539 1286 585
2406 1886 2461 2267 2252 1903 1544 2402 2346 2675 2811 0 2732 2141 2479 1982 2526 2562 2521 2447 2828 2267 2534 2481 2135 2149 2306 2639 2517 2690 2235 1613 1897 2556 2700 2815 1884 1943 1648 2102 1011 2562 1384 2368 1235 2127 1213 2198 2423 2386 1342 2046 1728 1862 2592 1997 280 2548 2513 1691 2643 2690 2354 2082 2266 1600 1243 1806 2554 2458 2470 2297
407 1085 330 552 551 999 1437 490 407 172 204 2732 0 826 747 785 1260 382 701 447 220 801 598 756 934 947 512 120 419 734 741 1421 856 1205 146 207 1270 964 1328 868 2052 1197 1683 1754 1526 1513 1784 750 1271 559 1636 775 1028 1185 245 911 2505 306 335 1786 265 88 1740 821 537 1249 2080 1260 666 459 1204 505
445 619 555 304 289 957 1003 439 450 770 906 2141 826 0 787 245 535 586 741 951 922 158 638 926 140 153 343 733 542 586 185 1038 265 479 795 909 680 373 848 73 1461 472 1092 1163 935 922 1193 89 545 423 1045 309 437 826 687 428 1915 652 617 1703 667 784 1150 355 303 659 1489 780 706 497 479 334
489 995 543 634 633 619 1058 631 489 598 734 2479 747 787 0 737 1223 686 72 343 750 764 294 228 895 908 594 686 641 901 702 1042 807 1168 623 737 1222 916 989 829 2004 1160 1634 1706 1373 1464 1549 710 1233 640 1329 726 979 805 565 863 2252 469 435 1406 623 696 1692 772 618 1201 1862 1169 105 540 1167 586
460 410 514 321 305 748 808 456 400 729 865 1982 785 245 737 0 729 615 691 981 882 352 588 876 239 252 360 693 571 744 289 843 106 673 754 869 521 215 653 206 1303 666 933 1005 777 763 1035 298 739 440 887 100 278 618 646 236 1756 602 567 1544 696 743 991 146 320 500 1330 585 656 512 673 351
881 1103 991 740 724 1441 1487 863 885 1205 1342 2526 1260 535 1223 729 0 944 1177 1310 1358 516 1074 1362 522 510 779 1169 900 890 621 1522 749 213 1231 1345 1164 857 1332 576 1783 205 1576 1647 1419 1406 1677 528 155 847 1529 793 921 1310 1123 912 2299 1088 1053 2187 1025 1201 1634 839 739 1143 1973 1264 1142 880 89 770
216 915 248 325 324 984 1313 174 279 349 485 2562 382 586 686 615 944 0 640 432 502 486 536 741 694 707 285 313 104 720 513 1348 686 889 374 488 1100 794 1158 627 1882 881 1513 1584 1356 1343 1614 511 955 318 1466 605 858 1122 266 741 2335 359 388 1771 147 323 1570 651 309 1079 1910 1090 605 164 888 277
443 991 497 588 587 661 1100 585 443 552 688 2521 701 741 72 691 1177 640 0 385 705 719 277 210 849 863 548 640 596 943 656 1083 761 1122 577 692 1176 870 1031 783 1958 1114 1588 1660 1415 1419 1590 665 1188 595 1371 681 933 847 519 817 2294 424 389 1448 664 691 1646 727 573 1155 1904 1166 83 495 1121 541
582 963 528 691 690 588 1026 540 640 525 557 2447 447 951 343 981 1310 432 385 0 574 852 608 346 1060 1073 650 436 470 594 879 1010 1051 1255 499 561 1347 1160 957 993 1989 1247 1668 1831 1341 1589 1517 877 1321 684 1297 971 1190 774 546 1056 2221 640 668 1375 315 388 1817 1017 675 1244 1831 1138 418 530 1254 643
503 1181 426 649 648 1125 1564 609 503 176 42 2828 220 922 750 882 1358 502 705 574 0 900 601 883 1030 1044 608 247 539 861 837 1548 952 1303 150 45 1367 1060 1424 964 2148 1295 1779 1850 1622 1609 1880 846 1369 655 1732 871 1124 1311 267 1007 2601 310 339 1912 392 215 1837 917 633 1346 2176 1356 670 555 1302 601
422 651 532 281 266 989 1049 404 427 747 883 2267 801 158 764 352 516 486 719 852 900 0 615 903 266 279 321 711 442 487 162 1084 391 461 772 886 806 499 894 199 1587 453 1218 1289 1061 1048 1319 120 527 389 1171 341 563 859 664 478 2040 629 594 1809 567 743 1275 387 280 785 1615 826 684 421 460 312
340 888 394 485 484 884 1285 482 340 449 585 2534 598 638 294 588 1074 536 277 608 601 615 0 315 746 759 445 537 492 1007 552 1306 658 1018 474 588 1073 767 1131 680 1855 1011 1485 1557 1328 1315 1587 561 1084 491 1439 577 830 1070 416 714 2308 320 286 1671 613 588 1543 623 469 1052 1882 1062 307 391 1018 437
627 997 681 773 772 621 1060 769 627 736 867 2481 756 926 228 876 1362 741 210 346 883 903 315 0 1034 1047 732 746 779 903 840 1044 946 1306 761 870 1361 1054 991 967 2023 1298 1701 1844 1375 1603 1551 849 1372 779 1331 865 1118 808 703 1001 2255 608 573 1409 625 698 1830 911 757 1278 1864 1172 244 679 1306 725
553 613 663 412 397 951 997 547 558 878 1014 2135 934 140 895 239 522 694 849 1060 1030 266 746 1034 0 60 451 841 650 694 293 1033 259 466 903 1017 674 368 843 101 1456 458 1086 1158 930 917 1188 197 532 531 1040 303 431 821 795 423 1909 760 725 1698 775 892 1144 349 411 653 1483 775 814 605 466 443
566 626 676 425 410 964 1011 560 571 891 1027 2149 947 153 908 252 510 707 863 1073 1044 279 759 1047 60 0 465 854 663 708 306 1046 272 454 916 1030 687 381 856 115 1469 447 1099 1171 943 930 1201 210 520 545 1053 316 444 834 808 436 1922 773 738 1711 788 905 1157 362 424 666 1497 788 828 618 454 456
131 660 241 88 73 998 1057 125 187 456 592 2306 512 343 594 360 779 285 548 650 608 321 445 732 451 465 0 419 241 713 258 1093 430 724 481 595 845 539 903 385 1627 716 1257 1329 1101 1088 1359 267 790 109 1211 350 602 867 373 486 2080 347 312 1817 366 470 1315 396 87 824 1654 835 513 183 723 55
314 992 237 460 458 988 1390 420 314 198 230 2639 120 733 686 693 1169 313 640 436 247 711 537 746 841 854 419 0 350 724 648 1410 763 1114 172 233 1178 871 1235 775 1959 1106 1590 1661 1433 1420 1691 657 1180 466 1543 682 935 1174 153 818 2412 246 275 1775 255 78 1647 728 444 1157 1987 1167 605 366 1113 412
172 871 285 281 280 1021 1268 130 235 386 523 2517 419 542 641 571 900 104 596 470 539 442 492 779 650 663 241 350 0 757 469 1304 641 845 412 526 1056 750 1114 583 1838 837 1468 1540 1312 1299 1570 467 911 274 1422 561 813 1078 303 697 2291 395 360 1808 185 361 1526 607 265 1035 1865 1046 561 120 844 233
814 1043 816 673 658 1146 1441 796 819 813 845 2690 734 586 901 744 890 720 943 594 861 487 1007 903 694 708 713 724 757 0 554 1476 814 890 787 848 1229 922 1286 628 2010 882 1641 1712 1484 1471 1742 512 788 780 1594 733 986 1251 834 869 2463 927 956 1933 603 676 1698 779 672 1208 2038 1218 976 813 834 704
360 589 469 218 203 926 986 353 364 684 820 2235 741 185 702 289 621 513 656 879 837 162 552 840 293 306 258 648 469 554 0 1021 359 565 709 824 774 468 832 226 1556 558 1186 1258 1030 1016 1288 108 631 338 1140 278 531 796 601 415 2009 566 531 1746 594 698 1244 324 217 753 1583 763 621 411 565 249
1193 498 1247 1053 1038 449 96 1188 1132 1461 1531 1613 1421 1038 1042 843 1522 1348 1083 1010 1548 1084 1306 1044 1033 1046 1093 1410 1304 1476 1021 0 900 1467 1473 1534 984 819 251 1000 1058 1459 737 1468 410 1227 665 1030 1533 1173 367 787 827 465 1379 725 1386 1334 1299 1175 1289 1362 1454 810 1052 642 961 536 1116 1244 1466 1084
530 480 584 391 375 818 865 526 470 799 935 1897 856 265 807 106 749 686 761 1051 952 391 658 946 259 272 430 763 641 814 359 900 0 694 824 939 436 235 710 226 1218 686 848 920 692 678 950 322 759 510 802 170 193 688 716 290 1671 672 637 1459 767 813 906 216 390 415 1245 621 726 582 693 421
826 1047 935 684 669 1385 1432 807 830 1150 1286 2556 1205 479 1168 673 213 889 1122 1255 1303 461 1018 1306 466 454 724 1114 845 890 565 1467 694 0 1175 1290 1108 802 1277 521 1814 45 1521 1592 1364 1351 1622 473 186 792 1474 737 866 1255 1067 857 2330 1032 997 2132 970 1146 1578 783 683 1087 1918 1209 1087 824 157 715
376 1054 299 521 520 1051 1451 482 376 101 133 2700 146 795 623 754 1231 374 577 499 150 772 474 761 903 916 481 172 412 787 709 1473 824 1175 0 136 1239 933 1297 836 2021 1168 1651 1723 1495 1481 1753 718 1241 527 1605 744 996 1237 139 880 2474 183 212 1838 317 140 1709 790 505 1218 2048 1229 542 427 1175 473
490 1168 413 635 634 1112 1551 596 490 162 29 2815 207 909 737 869 1345 488 692 561 45 886 588 870 1017 1030 595 233 526 848 824 1534 939 1290 136 0 1354 1047 1411 951 2135 1282 1766 1837 1609 1596 1867 833 1355 642 1719 858 1111 1298 254 994 2588 297 326 1899 379 202 1823 904 620 1332 2163 1343 657 542 1289 588
945 583 999 806 790 921 949 941 885 1214 1350 1884 1270 680 1222 521 1164 1100 1176 1347 1367 806 1073 1361 674 687 845 1178 1056 1229 774 984 436 1108 1239 1354 0 482 794 641 1205 1101 835 503 679 258 937 737 1174 925 789 585 266 790 1131 536 1658 1087 1052 1447 1181 1228 516 621 805 402 1233 608 1141 997 1108 836
639 402 693 499 484 739 784 634 578 908 1044 1943 964 373 916 215 857 794 870 1160 1060 499 767 1054 368 381 539 871 750 922 468 819 235 802 933 1047 482 0 629 335 1263 794 894 966 737 724 996 431 868 619 848 279 325 609 825 298 1717 780 746 1505 875 922 952 320 498 461 1291 561 835 691 801 530
1003 308 1057 863 848 396 216 998 942 1271 1408 1648 1328 848 989 653 1332 1158 1031 957 1424 894 1131 991 843 856 903 1235 1114 1286 832 251 710 1277 1297 1411 794 629 0 810 1094 1269 772 1278 446 1037 700 841 1343 983 402 597 638 275 1189 535 1422 1144 1110 1210 1236 1286 1264 620 862 452 996 346 1064 1055 1276 894
487 580 597 345 330 918 965 481 491 811 948 2102 868 73 829 206 576 627 783 993 964 199 680 967 101 115 385 775 583 628 226 1000 226 521 836 951 641 335 810 0 1423 513 1053 1125 897 884 1155 131 587 465 1007 270 398 788 728 390 1876 693 659 1665 708 826 1111 316 345 620 1451 742 748 538 520 376
1727 1207 1781 1587 1572 1428 989 1722 1666 1995 2132 1011 2052 1461 2004 1303 1783 1882 1958 1989 2148 1587 1855 2023 1456 1469 1627 1959 1838 2010 1556 1058 1218 1814 2021 2135 1205 1263 1094 1423 0 1820 406 1688 681 1447 612 1519 1681 1707 788 1367 1048 1307 1913 1317 785 1868 1834 1311 1963 2010 1675 1402 1586 921 468 1127 1923 1779 1727 1618
818 1040 928 677 661 1378 1424 800 822 1142 1279 2562 1197 472 1160 666 205 881 1114 1247 1295 453 1011 1298 458 447 716 1106 837 882 558 1459 686 45 1168 1282 1101 794 1269 513 1820 0 1513 1584 1356 1343 1614 465 192 784 1466 730 858 1247 1060 849 2336 1024 990 2124 962 1138 1571 776 676 1080 1910 1201 1079 817 149 707
1357 837 1412 1218 1203 1107 668 1353 1297 1626 1762 1384 1683 1092 1634 933 1576 1513 1588 1668 1779 1218 1485 1701 1086 1099 1257 1590 1468 1641 1186 737 848 1521 1651 1766 835 894 772 1053 406 1513 0 1319 356 1078 499 1149 1586 1337 466 997 679 986 1543 948 1157 1499 1464 1008 1594 1641 1305 1033 1217 551 455 757 1553 1409 1520 1248
1429 1067 1483 1289 1274 1404 1433 1424 1368 1698 1834 2368 1754 1163 1706 1005 1647 1584 1660 1831 1850 1289 1557 1844 1158 1171 1329 1661 1540 1712 1258 1468 920 1592 1723 1837 503 966 1278 1125 1688 1584 1319 0 1162 270 1420 1221 1658 1409 1273 1069 750 1274 1615 1019 2142 1570 1536 1930 1665 1712 29 1104 1288 886 1716 1092 1625 1481 1591 1320
1201 681 1255 1061 1046 780 341 1196 1140 1469 1606 1235 1526 935 1373 777 1419 1356 1415 1341 1622 1061 1328 1375 930 943 1101 1433 1312 1484 1030 410 692 1364 1495 1609 679 737 446 897 681 1356 356 1162 0 921 288 992 1430 1181 140 840 522 659 1387 791 1009 1342 1307 797 1437 1484 1149 876 1060 395 583 601 1397 1252 1363 1092
1188 825 1242 1048 1033 1163 1191 1183 1127 1456 1593 2127 1513 922 1464 763 1406 1343 1419 1589 1609 1048 1315 1603 917 930 1088 1420 1299 1471 1016 1227 678 1351 1481 1596 258 724 1037 884 1447 1343 1078 270 921 0 1179 979 1417 1167 1031 827 509 1033 1373 778 1900 1329 1294 1689 1424 1471 283 863 1047 645 1475 851 1384 1239 1350 1079
1459 939 1513 1319 1304 956 596 1454 1398 1728 1864 1213 1784 1193 1549 1035 1677 1614 1590 1517 1880 1319 1587 1551 1188 1201 1359 1691 1570 1742 1288 665 950 1622 1753 1867 937 996 700 1155 612 1614 499 1420 288 1179 0 1251 1688 1439 394 1099 780 914 1645 1049 987 1600 1566 775 1695 1742 1407 1134 1318 653 365 859 1623 1511 1621 1350
368 598 478 227 212 935 995 362 373 693 829 2198 750 89 710 298 528 511 665 877 846 120 561 849 197 210 267 657 467 512 108 1030 322 473 718 833 737 431 841 131 1519 465 1149 1221 992 979 1251 0 539 347 1103 287 494 805 610 424 1972 575 540 1755 592 707 1207 333 226 716 1546 772 630 420 472 258
891 1113 1001 750 735 1451 1497 873 896 1216 1352 2423 1271 545 1233 739 155 955 1188 1321 1369 527 1084 1372 532 520 790 1180 911 788 631 1533 759 186 1241 1355 1174 868 1343 587 1681 192 1586 1658 1430 1417 1688 539 0 858 1540 803 931 1321 1133 923 2197 1098 1063 2198 1036 1212 1644 849 749 1153 1913 1275 1153 890 99 781
178 740 288 150 149 1078 1137 159 234 502 639 2386 559 423 640 440 847 318 595 684 655 389 491 779 531 545 109 466 274 780 338 1173 510 792 527 642 925 619 983 465 1707 784 1337 1409 1181 1167 1439 347 858 0 1291 430 682 947 419 566 2160 394 359 1897 399 517 1395 476 134 904 1734 915 560 229 791 102
1311 649 1365 1171 1156 736 298 1306 1250 1580 1716 1342 1636 1045 1329 887 1529 1466 1371 1297 1732 1171 1439 1331 1040 1053 1211 1543 1422 1594 1140 367 802 1474 1605 1719 789 848 402 1007 788 1466 466 1273 140 1031 394 1103 1540 1291 0 938 632 616 1497 876 1116 1452 1418 904 1547 1594 1259 960 1170 505 690 686 1404 1363 1473 1202
450 354 504 310 295 692 752 445 389 718 855 2046 775 309 726 100 793 605 681 971 871 341 577 865 303 316 350 682 561 733 278 787 170 737 744 858 585 279 597 270 1367 730 997 1069 840 827 1099 287 803 430 938 0 342 562 635 181 1820 591 556 1512 686 733 1055 90 309 564 1394 529 646 501 737 341
702 426 756 563 548 764 792 698 642 971 1107 1728 1028 437 979 278 921 858 933 1190 1124 563 830 1118 431 444 602 935 813 986 531 827 193 866 996 1111 266 325 638 398 1048 858 679 750 522 509 780 494 931 682 632 342 0 634 888 379 1501 844 809 1290 939 985 736 388 562 245 1076 451 898 754 865 593
967 406 1021 828 812 347 430 963 907 1236 1295 1862 1185 826 805 618 1310 1122 847 774 1311 859 1070 808 821 834 867 1174 1078 1251 796 465 688 1255 1237 1298 790 609 275 788 1307 1247 986 1274 659 1033 914 805 1321 947 616 562 634 0 1153 500 1635 1109 1074 1167 1053 1126 1260 585 827 585 1210 479 880 1019 1254 858
268 946 190 413 412 1098 1343 374 268 114 251 2592 245 687 565 646 1123 266 519 546 267 664 416 703 795 808 373 153 303 834 601 1379 716 1067 139 254 1131 825 1189 728 1913 1060 1543 1615 1387 1373 1645 610 1133 419 1497 635 888 1153 0 772 2366 125 153 1885 262 203 1601 682 397 1110 1940 1120 484 319 1067 365
586 292 640 446 431 630 690 581 525 855 991 1997 911 428 863 236 912 741 817 1056 1007 478 714 1001 423 436 486 818 697 869 415 725 290 857 880 994 536 298 535 390 1317 849 948 1019 791 778 1049 424 923 566 876 181 379 500 772 0 1770 727 693 1449 822 869 1005 203 445 515 1345 467 782 638 856 477
2180 1660 2234 2040 2025 1677 1317 2175 2119 2449 2585 280 2505 1915 2252 1756 2299 2335 2294 2221 2601 2040 2308 2255 1909 1922 2080 2412 2291 2463 2009 1386 1671 2330 2474 2588 1658 1717 1422 1876 785 2336 1157 2142 1009 1900 987 1972 2197 2160 1116 1820 1501 1635 2366 1770 0 2321 2287 1464 2416 2463 2128 1855 2039 1374 1017 1580 2327 2232 2243 2071
242 901 284 387 386 1059 1299 384 242 158 294 2548 306 652 469 602 1088 359 424 640 310 629 320 608 760 773 347 246 395 927 566 1334 672 1032 183 297 1087 780 1144 693 1868 1024 1499 1570 1342 1329 1600 575 1098 394 1452 591 844 1109 125 727 2321 0 58 1846 355 297 1556 637 372 1066 1896 1076 389 293 1032 340
207 867 261 353 351 1024 1264 349 207 186 323 2513 335 617 435 567 1053 388 389 668 339 594 286 573 725 738 312 275 360 956 531 1299 637 997 212 326 1052 746 1110 659 1834 990 1464 1536 1307 1294 1566 540 1063 359 1418 556 809 1074 153 693 2287 58 0 1811 384 325 1522 602 337 1031 1861 1041 354 259 997 305
1865 1356 1867 1777 1762 981 1106 1879 1856 1864 1896 1691 1786 1703 1406 1544 2187 1771 1448 1375 1912 1809 1671 1409 1698 1711 1817 1775 1808 1933 1746 1175 1459 2132 1838 1899 1447 1505 1210 1665 1311 2124 1008 1930 797 1689 775 1755 2198 1897 904 1512 1290 1167 1885 1449 1464 1846 1811 0 1654 1727 1916 1534 1776 1163 1089 1369 1481 1869 2131 1808
297 996 243 406 405 867 1306 255 355 343 376 2643 265 667 623 696 1025 147 664 315 392 567 613 625 775 788 366 255 185 603 594 1289 767 970 317 379 1181 875 1236 708 1963 962 1594 1665 1437 1424 1695 592 1036 399 1547 686 939 1053 262 822 2416 355 384 1654 0 207 1651 732 390 1160 1991 1171 681 245 970 358
365 1043 288 510 509 940 1379 431 365 166 199 2690 88 784 696 743 1201 323 691 388 215 743 588 698 892 905 470 78 361 676 698 1362 813 1146 140 202 1228 922 1286 826 2010 1138 1641 1712 1484 1471 1742 707 1212 517 1594 733 985 1126 203 869 2463 297 325 1727 207 0 1698 779 495 1207 2038 1218 656 417 1146 463
1415 1053 1469 1275 1260 1391 1419 1410 1354 1684 1820 2354 1740 1150 1692 991 1634 1570 1646 1817 1837 1275 1543 1830 1144 1157 1315 1647 1526 1698 1244 1454 906 1578 1709 1823 516 952 1264 1111 1675 1571 1305 29 1149 283 1407 1207 1644 1395 1259 1055 736 1260 1601 1005 2128 1556 1522 1916 1651 1698 0 1090 1274 872 1702 1078 1611 1467 1578 1306
496 377 550 356 341 715 775 491 435 764 901 2082 821 355 772 146 839 651 727 1017 917 387 623 911 349 362 396 728 607 779 324 810 216 783 790 904 621 320 620 316 1402 776 1033 1104 876 863 1134 333 849 476 960 90 388 585 682 203 1855 637 602 1534 732 779 1090 0 355 600 1430 552 692 547 783 387
156 619 266 47 32 957 1017 150 212 480 617 2266 537 303 618 320 739 309 573 675 633 280 469 757 411 424 87 444 265 672 217 1052 390 683 505 620 805 498 862 345 1586 676 1217 1288 1060 1047 1318 226 749 134 1170 309 562 827 397 445 2039 372 337 1776 390 495 1274 355 0 784 1614 794 538 208 683 78
924 346 978 784 769 738 607 920 864 1193 1329 1600 1249 659 1201 500 1143 1079 1155 1244 1346 785 1052 1278 653 666 824 1157 1035 1208 753 642 415 1087 1218 1332 402 461 452 620 921 1080 551 886 395 645 653 716 1153 904 505 564 245 585 1110 515 1374 1066 1031 1163 1160 1207 872 600 784 0 948 266 1120 976 1087 815
1754 1234 1809 1615 1600 1270 892 1750 1694 2023 2160 1243 2080 1489 1862 1330 1973 1910 1904 1831 2176 1615 1882 1864 1483 1497 1654 1987 1865 2038 1583 961 1245 1918 2048 2163 1233 1291 996 1451 468 1910 455 1716 583 1475 365 1546 1913 1734 690 1394 1076 1210 1940 1345 1017 1896 1861 1089 1991 2038 1702 1430 1614 948 0 1154 1937 1806 1917 1645
935 240 989 795 780 632 501 930 874 1203 1340 1806 1260 780 1169 585 1264 1090 1166 1138 1356 826 1062 1172 775 788 835 1167 1046 1218 763 536 621 1209 1229 1343 608 561 346 742 1127 1201 757 1092 601 851 859 772 1275 915 686 529 451 479 1120 467 1580 1076 1041 1369 1171 1218 1078 552 794 266 1154 0 1131 986 1208 826
408 956 462 553 552 694 1133 550 408 517 653 2554 666 706 105 656 1142 605 83 418 670 684 307 244 814 828 513 605 561 976 621 1116 726 1087 542 657 1141 835 1064 748 1923 1079 1553 1625 1397 1384 1623 630 1153 560 1404 646 898 880 484 782 2327 389 354 1481 681 656 1611 692 538 1120 1937 1131 0 460 1086 506
78 812 188 223 222 1082 1209 109 134 402 539 2458 459 497 540 512 880 164 495 530 555 421 391 679 605 618 183 366 120 813 411 1244 582 824 427 542 997 691 1055 538 1779 817 1409 1481 1252 1239 1511 420 890 229 1363 501 754 1019 319 638 2232 293 259 1869 245 417 1467 547 208 976 1806 986 460 0 824 175
825 1047 935 684 669 1385 1431 807 830 1149 1286 2470 1204 479 1167 673 89 888 1121 1254 1302 460 1018 1306 466 454 723 1113 844 834 565 1466 693 157 1175 1289 1108 801 1276 520 1727 149 1520 1591 1363 1350 1621 472 99 791 1473 737 865 1254 1067 856 2243 1032 997 2131 970 1146 1578 783 683 1087 1917 1208 1086 824 0 714
124 651 234 79 64 989 1048 117 180 448 585 2297 505 334 586 351 770 277 541 643 601 312 437 725 443 456 55 412 233 704 249 1084 421 715 473 588 836 530 894 376 1618 707 1248 1320 1092 1079 1350 258 781 102 1202 341 593 858 365 477 2071 340 305 1808 358 463 1306 387 78 815 1645 826 506 175 714 0
EOF