NAME : tsp_problem
TYPE : TSP
DIMENSION : 40
EDGE_WEIGHT_TYPE : EXPLICIT
EDGE_WEIGHT_FORMAT : FULL_MATRIX
EDGE_WEIGHT_SECTION
0 1147 1434 846 1428 1120 1523 118 398 1302 983 805 318 759 1530 663 676 944 1448 815 1424 558 1195 1043 1406 1384 1388 418 721 717 231 1615 1313 671 1267 657 1123 411 1300 635
1147 0 352 1004 346 476 860 1239 1444 715 338 435 1172 557 1027 665 678 363 861 614 690 1456 551 1205 829 650 811 844 663 452 1352 2513 354 985 593 1199 256 1228 439 609
1434 352 0 1291 326 763 1147 1526 1731 1002 625 722 1459 843 1314 952 965 650 1148 901 977 1742 837 1492 1115 936 1097 1130 950 738 1639 2799 687 1272 880 1486 542 1515 726 896
846 1004 1291 0 1285 853 1086 937 1111 1035 715 617 630 597 771 559 572 676 1181 490 1157 826 927 1121 1139 1116 1069 541 374 679 1051 2038 1046 198 1000 431 968 459 1033 713
1428 346 326 1285 0 757 1141 1520 1725 996 619 716 1453 837 1308 946 959 644 1142 895 971 1736 831 1486 1109 930 1091 1124 944 732 1633 2793 681 1266 874 1480 536 1509 720 890
1120 476 763 853 757 0 479 1212 1417 258 149 362 1145 530 660 638 651 204 404 479 323 1429 93 1178 380 282 474 816 512 424 1325 2485 510 847 167 1061 433 1090 498 582
1523 860 1147 1086 1141 479 0 1615 1820 272 609 765 1548 933 358 1041 1054 611 260 882 296 1517 416 1581 289 282 659 1219 915 827 1728 2888 894 1228 388 1369 817 1458 846 985
118 1239 1526 937 1520 1212 1615 0 336 1393 1074 897 410 851 1622 755 767 1035 1540 907 1516 650 1286 1134 1497 1475 1479 510 813 808 135 1627 1404 763 1359 748 1214 503 1392 726
398 1444 1731 1111 1725 1417 1820 336 0 1599 1280 1102 615 1056 1795 960 973 1241 1745 1112 1721 689 1492 1340 1703 1681 1685 715 1018 1014 231 1397 1610 936 1564 921 1420 676 1597 932
1302 715 1002 1035 996 258 272 1393 1599 0 388 544 1327 711 591 820 833 390 173 661 340 1610 195 1360 185 299 449 998 693 606 1507 2667 749 1029 199 1243 672 1271 737 763
983 338 625 715 619 149 609 1074 1280 388 0 224 1008 392 790 501 513 67 534 341 453 1291 223 1041 511 412 514 679 374 287 1187 2348 372 709 297 924 295 952 360 444
805 435 722 617 716 362 765 897 1102 544 224 0 830 215 1003 323 336 185 690 243 666 1114 436 863 648 625 630 502 275 110 1010 2171 555 611 509 825 411 853 542 267
318 1172 1459 630 1453 1145 1548 410 615 1327 1008 830 0 784 1314 688 701 969 1473 840 1449 571 1220 1068 1431 1409 1413 443 746 742 523 1627 1338 456 1292 441 1148 195 1325 660
759 557 843 597 837 530 933 851 1056 711 392 215 784 0 1156 256 268 353 857 294 834 1068 604 817 815 793 797 456 256 231 964 2125 722 575 677 790 532 818 710 389
1530 1027 1314 771 1308 660 358 1622 1795 591 790 1003 1314 1156 0 1118 1131 845 595 1049 463 1203 640 1680 608 449 597 1202 933 1065 1735 2626 979 914 555 1055 984 1144 822 1222
663 665 952 559 946 638 1041 755 960 820 501 323 688 256 1118 0 92 462 966 312 942 972 713 721 924 902 906 360 218 340 868 2029 831 538 785 752 641 780 818 313
676 678 965 572 959 651 1054 767 973 833 513 336 701 268 1131 92 0 475 979 325 955 984 725 734 937 914 919 372 231 353 881 2041 844 550 798 765 654 793 831 326
944 363 650 676 644 204 611 1035 1241 390 67 185 969 353 845 462 475 0 536 302 509 1252 279 1002 493 468 475 640 335 248 1148 2309 397 670 353 885 320 913 385 405
1448 861 1148 1181 1142 404 260 1540 1745 173 534 690 1473 857 595 966 979 536 0 807 345 1754 341 1506 66 305 436 1144 840 752 1653 2813 895 1175 345 1389 818 1418 883 910
815 614 901 490 895 479 882 907 1112 661 341 243 840 294 1049 312 325 302 807 0 783 1094 553 873 765 742 747 512 149 289 1020 2181 672 484 626 698 589 727 659 446
1424 690 977 1157 971 323 308 1516 1721 340 453 666 1449 834 474 942 955 509 345 783 0 1634 303 1482 357 59 614 1121 816 729 1629 2790 724 1151 218 1365 647 1394 712 886
558 1456 1742 826 1736 1429 1517 650 689 1610 1291 1114 571 1068 1203 972 984 1252 1754 1094 1622 0 1503 1351 1714 1608 1501 726 978 1025 732 1474 1621 652 1576 466 1431 546 1609 943
1195 551 837 927 831 93 416 1286 1492 195 223 436 1220 604 640 713 725 279 341 553 303 1503 0 1253 318 263 411 891 586 499 1399 2560 585 921 104 1136 507 1164 572 656
1043 1205 1492 1121 1486 1178 1581 1134 1340 1360 1041 863 1068 817 1680 721 734 1002 1506 873 1482 1351 1253 0 1464 1442 1446 739 779 775 1248 2408 1371 1083 1325 1298 1181 1184 1358 693
1406 829 1115 1139 1109 380 289 1497 1703 185 511 648 1431 815 608 924 937 493 66 765 357 1714 318 1464 0 316 393 1102 797 710 1611 2771 863 1132 321 1347 785 1375 850 867
1384 650 936 1116 930 282 282 1475 1681 299 412 625 1409 793 449 902 914 468 305 742 59 1608 263 1442 316 0 573 1080 775 688 1588 2749 684 1110 177 1325 606 1353 671 845
1388 811 1097 1069 1091 474 659 1479 1685 449 514 630 1413 797 597 906 919 475 436 747 614 1501 411 1446 393 573 0 1084 779 692 1592 2753 845 1114 415 1329 767 1357 832 849
418 844 1130 541 1124 816 1219 510 715 998 679 502 443 456 1202 360 372 640 1144 512 1121 726 891 739 1102 1080 1084 0 418 413 623 1783 1009 366 963 581 819 559 997 331
721 663 950 374 944 512 915 813 1018 693 374 275 746 256 933 218 231 335 840 149 816 978 586 779 797 775 779 418 0 338 926 2087 704 368 659 582 627 611 692 371
717 452 738 679 732 424 827 808 1014 606 287 110 742 231 1065 340 353 248 752 289 729 1025 499 775 710 688 692 413 338 0 922 2082 617 660 571 874 427 858 605 178
231 1352 1639 1051 1633 1325 1728 135 231 1507 1187 1010 523 964 1735 868 881 1148 1653 1020 1629 732 1399 1248 1611 1588 1592 623 926 922 0 1601 1518 876 1472 861 1328 616 1505 839
1615 2513 2799 2038 2793 2485 2888 1627 1397 2667 2348 2171 1627 2125 2626 2029 2041 2309 2813 2181 2790 1474 2560 2408 2771 2749 2753 1783 2087 2082 1601 0 2678 1864 2632 1849 2488 1603 2666 2000
1313 354 687 1046 681 510 894 1404 1610 749 372 555 1338 722 979 831 844 397 895 672 724 1621 585 1371 863 684 845 1009 704 617 1518 2678 0 1039 627 1254 261 1282 186 774
671 985 1272 198 1266 847 1228 763 936 1029 709 611 456 575 914 538 550 670 1175 484 1151 652 921 1083 1132 1110 1114 366 368 660 876 1864 1039 0 994 257 961 285 1027 675
1267 593 880 1000 874 167 388 1359 1564 199 297 509 1292 677 555 785 798 353 345 626 218 1576 104 1325 321 177 415 963 659 571 1472 2632 627 994 0 1208 550 1237 614 729
657 1199 1486 431 1480 1061 1369 748 921 1243 924 825 441 790 1055 752 765 885 1389 698 1365 466 1136 1298 1347 1325 1329 581 582 874 861 1849 1254 257 1208 0 1175 270 1241 889
1123 256 542 968 536 433 817 1214 1420 672 295 411 1148 532 984 641 654 320 818 589 647 1431 507 1181 785 606 767 819 627 427 1328 2488 261 961 550 1175 0 1204 248 584
411 1228 1515 459 1509 1090 1458 503 676 1271 952 853 195 818 1144 780 793 913 1418 727 1394 546 1164 1184 1375 1353 1357 559 611 858 616 1603 1282 285 1237 270 1204 0 1270 776
1300 439 726 1033 720 498 846 1392 1597 737 360 542 1325 710 822 818 831 385 883 659 712 1609 572 1358 850 671 832 997 692 605 1505 2666 186 1027 614 1241 248 1270 0 762
635 609 896 713 890 582 985 726 932 763 444 267 660 389 1222 313 326 405 910 446 886 943 656 693 867 845 849 331 371 178 839 2000 774 675 729 889 584 776 762 0
EOF