NAME : tsp_problem
TYPE : TSP
DIMENSION : 74
EDGE_WEIGHT_TYPE : EXPLICIT
EDGE_WEIGHT_FORMAT : FULL_MATRIX
EDGE_WEIGHT_SECTION
0 640 145 492 498 528 591 584 375 795 487 733 178 663 873 129 321 558 456 420 351 768 841 684 441 406 587 600 629 675 525 604 384 554 635 703 299 604 511 1070 803 712 700 796 680 483 776 306 541 302 490 390 285 763 223 438 550 868 556 167 241 397 696 722 558 517 865 740 527 689 366 322 158 783
640 0 567 1033 164 1076 1035 95 923 1343 1028 1094 531 375 1421 726 396 270 1004 1013 899 1316 1389 1232 1034 659 127 212 40 1223 472 90 932 1080 77 1251 896 317 1059 1433 1164 1260 1248 1288 1228 1024 1324 436 1089 899 1031 938 882 1124 820 1031 1091 1416 268 536 838 945 1244 1270 1099 1058 1413 1288 1067 401 914 919 706 1331
145 567 0 594 486 630 693 572 477 897 589 741 167 652 975 231 220 546 558 522 453 870 943 786 544 305 486 589 577 777 514 503 486 656 537 805 401 593 613 1079 811 814 802 898 782 585 878 408 643 404 592 492 387 771 325 540 652 970 544 155 343 499 798 824 660 619 967 842 629 678 468 424 260 885
492 1033 594 0 943 452 515 1029 584 719 28 311 627 1108 797 442 686 1003 529 91 560 691 765 608 200 515 952 1046 1043 599 970 969 621 478 1003 627 527 1049 435 649 381 636 624 504 604 24 700 695 465 531 30 328 315 341 386 197 75 792 1001 616 351 470 620 646 83 41 788 664 51 1134 290 437 415 707
498 164 486 943 0 934 893 108 781 1201 937 1177 388 233 1279 583 478 127 862 870 757 1173 1247 1089 892 742 209 125 153 1081 330 173 790 937 160 1109 753 174 916 1476 1247 1118 1106 1201 1086 933 1181 294 946 757 940 795 740 1207 678 888 1001 1274 125 394 695 802 1101 1128 1009 967 1270 1145 977 259 771 777 563 1189
528 1076 630 452 934 0 120 1020 445 520 447 693 663 1099 597 568 806 994 391 380 421 492 565 408 401 891 1072 1037 1065 400 961 1085 336 147 1071 427 698 1041 178 795 763 436 425 520 404 443 500 686 134 701 449 285 485 706 556 398 510 593 992 652 501 331 420 446 518 477 589 464 486 1125 193 607 406 508
591 1035 693 515 893 120 0 979 416 583 510 756 726 1058 660 631 869 953 362 443 393 555 628 471 464 954 1080 996 1024 463 920 1044 261 89 1031 491 761 1000 241 858 826 500 488 583 468 506 563 691 101 764 512 256 549 769 619 461 573 656 951 715 564 303 483 509 581 540 652 527 549 1084 256 670 470 571
584 95 572 1029 108 1020 979 0 867 1287 1023 1107 474 319 1364 669 409 213 948 956 843 1259 1332 1175 978 672 140 156 84 1167 415 103 875 1023 90 1195 839 260 1002 1446 1177 1204 1192 1287 1172 1019 1267 379 1032 842 1026 881 826 1137 764 974 1087 1360 211 480 781 888 1187 1213 1095 1053 1356 1231 1063 345 857 863 649 1275
232 780 334 437 638 428 491 724 0 695 431 677 367 803 773 272 510 698 485 364 380 667 741 583 386 595 776 741 769 575 665 789 413 454 775 603 442 744 410 970 747 612 600 696 580 427 675 390 440 445 434 289 428 707 366 382 495 768 696 356 384 425 595 622 503 461 764 639 471 829 265 465 110 683
795 1343 897 719 1201 520 583 1287 841 0 714 710 930 1366 155 835 1073 1261 787 647 817 262 161 296 668 1158 1339 1304 1332 287 1228 1352 809 545 1338 197 965 1308 373 662 732 290 312 487 371 710 132 953 532 968 716 586 752 673 823 665 777 158 1259 919 768 727 387 280 785 744 164 431 753 1392 477 874 673 140
487 1028 589 28 937 447 510 1023 578 714 0 305 622 1103 791 436 680 997 524 85 554 686 759 602 195 510 946 1040 1037 594 964 963 616 472 997 621 522 1044 429 643 375 630 619 499 598 18 694 689 459 525 25 322 309 335 380 191 82 787 995 610 345 464 614 640 90 49 783 658 58 1129 284 431 410 702
733 1094 741 311 1177 693 756 1107 824 710 305 0 863 1348 744 640 747 1243 770 354 800 603 750 539 463 576 1013 1225 1104 546 1210 1030 862 718 1064 618 689 1289 597 460 140 538 508 263 483 301 691 935 705 692 308 568 476 151 548 460 368 661 1241 852 512 710 499 548 377 335 753 638 345 1374 530 598 656 698
178 531 167 627 388 663 726 474 510 930 622 863 0 554 1008 264 342 448 591 555 486 902 976 819 576 427 576 491 520 810 416 539 519 689 526 838 434 495 646 1201 933 847 835 931 815 618 910 357 676 437 624 525 420 893 358 573 685 1003 446 74 376 531 830 857 693 652 999 874 661 580 500 457 293 918
663 375 652 1108 233 1099 1058 319 946 1366 1103 1348 554 0 1444 749 689 200 1027 1036 922 1339 1412 1255 1057 913 420 336 364 1246 260 384 955 1103 370 1274 919 177 1082 1641 1418 1283 1271 1367 1251 1099 1347 459 1112 922 1105 961 905 1378 843 1054 1166 1439 198 559 861 968 1267 1293 1174 1133 1436 1311 1142 87 937 942 729 1354
873 1421 975 797 1279 597 660 1364 919 155 791 754 1008 1444 0 912 1151 1338 865 725 895 339 110 373 746 1236 1416 1381 1410 365 1306 1429 886 623 1416 275 1042 1385 450 612 776 368 380 531 340 787 210 1031 610 1045 794 664 830 717 901 743 855 107 1336 997 845 805 355 357 863 822 113 508 831 1470 555 952 751 167
129 726 231 442 583 568 631 669 415 835 436 640 264 749 912 0 406 643 496 369 391 807 880 723 391 492 672 686 715 715 611 690 423 593 721 743 205 690 550 979 710 752 740 834 720 432 815 345 580 208 439 429 192 671 129 387 500 908 641 252 168 436 735 761 508 466 904 779 476 775 405 228 197 823
321 396 220 686 478 806 869 409 653 1073 680 747 342 689 1151 406 0 584 734 698 629 1045 1119 961 719 311 314 526 405 953 689 331 662 831 365 981 577 631 788 1085 817 990 978 940 958 676 1053 583 818 580 683 667 563 777 501 716 744 1146 582 331 519 674 973 1000 752 711 1142 1017 720 715 643 600 435 1061
558 270 546 1003 127 994 953 213 841 1261 997 1243 448 200 1338 643 584 0 922 930 817 1233 1306 1149 952 807 315 230 259 1141 296 278 849 997 265 1169 813 141 976 1536 1313 1178 1166 1261 1146 993 1241 354 1006 816 1000 855 800 1273 738 948 1061 1334 66 454 755 862 1161 1187 1069 1027 1330 1205 1037 226 831 837 623 1249
287 835 389 357 693 349 412 779 459 615 352 598 422 858 693 327 565 753 0 285 435 588 661 504 306 650 831 796 824 495 720 844 468 374 830 523 497 799 331 891 668 532 521 616 500 348 596 445 361 500 355 210 391 628 421 303 415 689 751 411 406 352 516 542 423 382 685 560 392 884 186 513 165 604
420 1013 522 91 870 380 443 956 511 647 85 354 555 1036 725 369 698 930 457 0 487 619 692 535 128 558 963 973 1002 527 898 981 549 405 1008 555 455 977 362 692 424 564 552 547 532 81 627 622 392 458 88 255 242 384 314 124 149 720 928 544 278 397 547 574 157 115 716 591 125 1062 217 364 343 635
257 805 359 461 662 452 515 748 428 719 456 702 391 828 797 296 534 722 509 389 0 692 765 608 410 620 800 765 794 599 689 813 437 478 800 627 466 769 435 994 772 636 624 720 604 452 700 414 465 469 458 314 452 732 390 407 519 792 720 380 408 450 620 646 527 486 789 664 495 854 290 489 135 707
768 1316 870 691 1173 492 555 1259 814 262 686 603 902 1339 339 807 1045 1233 759 619 790 0 307 142 640 1109 1311 1276 1305 150 1200 1324 781 517 1311 104 937 1280 345 594 625 103 130 380 204 682 242 925 504 940 689 558 725 566 795 637 749 386 1231 891 740 700 219 92 757 716 331 403 726 1365 449 846 646 250
841 1389 943 765 1247 565 628 1332 887 161 759 756 976 1412 110 880 1119 1306 833 692 863 307 0 341 714 1204 1384 1349 1378 333 1274 1397 854 591 1384 243 1010 1353 418 617 778 336 358 533 346 755 178 998 578 1013 762 632 798 719 869 710 823 113 1304 965 813 773 361 325 831 789 119 476 799 1438 523 920 719 173
684 1232 786 608 1089 408 471 1175 730 296 602 539 819 1255 373 723 961 1149 676 535 706 142 341 0 557 1045 1227 1192 1221 79 1117 1240 697 434 1227 171 853 1196 261 530 560 78 66 315 139 598 276 841 421 856 605 474 641 501 712 553 666 328 1147 807 656 616 155 87 674 632 365 319 642 1281 366 763 562 284
441 1034 544 200 892 401 464 978 533 668 195 463 576 1057 746 391 719 952 478 128 509 640 714 557 0 668 985 995 1023 548 919 1002 570 427 1029 576 476 999 384 801 533 585 573 657 553 191 649 644 414 480 197 277 264 493 335 96 258 741 950 565 300 419 569 595 266 225 737 613 234 1083 239 386 364 656
406 659 305 515 742 891 954 672 738 1158 510 576 427 913 1236 492 311 807 819 558 714 1109 1204 1045 668 0 577 789 668 1038 775 594 747 917 628 1066 662 854 874 914 646 1045 1015 770 989 506 1139 668 904 665 512 753 648 606 586 664 573 1168 805 416 604 760 1005 1054 581 540 1228 1103 549 939 729 685 521 1146
587 127 486 952 209 1072 1080 140 919 1339 946 1013 576 420 1416 672 314 315 1000 963 895 1311 1384 1227 985 577 0 257 136 1219 517 62 927 1097 96 1247 842 362 1054 1351 1083 1256 1244 1206 1224 942 1319 481 1084 845 949 933 829 1043 767 981 1010 1412 313 581 784 940 1239 1265 1018 976 1408 1283 986 446 909 866 701 1327
600 212 589 1046 125 1037 996 156 884 1304 1040 1225 491 336 1381 686 526 230 965 973 860 1276 1349 1192 995 789 257 0 201 1184 432 221 892 1040 207 1212 856 277 1019 1563 1295 1221 1209 1304 1189 1036 1284 396 1049 859 1043 898 842 1255 781 991 1103 1377 228 497 798 905 1204 1230 1111 1070 1373 1248 1080 362 874 879 666 1292
629 40 577 1043 153 1065 1024 84 912 1332 1037 1104 520 364 1410 715 405 259 993 1002 888 1305 1378 1221 1023 668 136 201 0 1212 461 100 921 1069 86 1240 885 306 1048 1442 1174 1249 1237 1298 1217 1034 1313 425 1078 888 1040 927 871 1134 809 1020 1101 1405 257 525 827 934 1233 1259 1109 1068 1402 1277 1077 390 903 908 695 1320
675 1223 777 599 1081 400 463 1167 721 287 594 546 810 1246 365 715 953 1141 667 527 697 150 333 79 548 1038 1219 1184 1212 0 1108 1232 689 425 1218 179 845 1188 253 537 568 85 73 323 147 590 268 833 412 848 596 466 632 509 703 545 657 335 1139 799 648 607 163 95 665 624 356 311 633 1272 357 754 553 275
525 472 514 970 330 961 920 415 808 1228 964 1210 416 260 1306 611 689 296 889 898 784 1200 1274 1117 919 775 517 432 461 1108 0 481 817 964 467 1136 781 274 944 1503 1280 1145 1133 1229 1113 961 1209 321 974 784 967 823 767 1240 705 916 1028 1301 294 421 723 829 1129 1155 1036 995 1297 1173 1004 286 799 804 591 1216
604 90 503 969 173 1085 1044 103 932 1352 963 1030 539 384 1429 690 331 278 1013 981 908 1324 1397 1240 1002 594 62 221 100 1232 481 0 940 1088 59 1260 860 325 1067 1368 1100 1269 1257 1224 1237 960 1332 445 1097 863 966 946 846 1060 784 999 1027 1425 276 545 802 953 1252 1278 1035 994 1421 1296 1003 410 922 883 714 1340
384 932 486 621 790 336 261 875 315 809 616 862 519 955 886 423 662 849 396 549 291 781 854 697 570 747 927 892 921 689 817 940 0 305 927 717 593 896 469 1084 932 726 714 809 694 612 789 541 317 597 619 342 580 892 518 567 679 882 847 508 535 337 709 735 687 646 878 753 655 981 362 617 338 797
554 1080 656 478 937 147 89 1023 461 545 472 718 689 1103 623 593 831 997 407 405 437 517 591 434 427 917 1097 1040 1069 425 964 1088 305 0 1075 453 723 1044 203 820 788 462 450 546 430 468 526 711 146 726 475 300 511 732 582 423 536 618 995 677 526 347 446 472 544 502 614 490 512 1129 219 633 432 533
635 77 537 1003 160 1071 1031 90 918 1338 997 1064 526 370 1416 721 365 265 1000 1008 895 1311 1384 1227 1029 628 96 207 86 1218 467 59 927 1075 0 1246 891 312 1054 1402 1134 1255 1243 1257 1223 993 1319 431 1084 894 1000 933 877 1094 815 1026 1061 1412 263 531 833 940 1239 1265 1069 1027 1408 1283 1037 396 909 914 701 1327
703 1251 805 627 1109 427 491 1195 749 197 621 618 838 1274 275 743 981 1169 695 555 725 104 243 171 576 1066 1247 1212 1240 179 1136 1260 717 453 1246 0 873 1215 281 623 640 132 159 395 233 618 178 861 440 876 624 494 660 581 731 573 685 322 1167 827 675 635 248 121 693 652 267 339 661 1300 385 782 581 186
299 896 401 527 753 698 761 839 585 965 522 689 434 919 1042 205 577 813 666 455 561 937 1010 853 476 662 842 856 885 845 781 860 593 723 891 873 0 860 680 1027 759 882 870 883 850 518 945 515 710 14 525 573 241 719 178 473 585 1038 811 423 217 606 865 891 593 552 1034 909 562 945 535 277 367 953
604 317 593 1049 174 1041 1000 260 888 1308 1044 1289 495 177 1385 690 631 141 969 977 864 1280 1353 1196 999 854 362 277 306 1188 274 325 896 1044 312 1215 860 0 1023 1583 1359 1224 1213 1308 1192 1040 1288 400 1053 863 1047 902 846 1320 784 995 1107 1381 139 501 802 909 1208 1234 1115 1074 1377 1252 1084 203 878 883 670 1296
511 1059 613 435 916 178 241 1002 502 373 429 597 646 1082 450 550 788 976 448 362 478 345 418 261 384 874 1054 1019 1048 253 944 1067 469 203 1054 281 680 1023 0 648 618 290 278 373 258 425 353 668 190 683 432 302 468 559 539 380 493 446 974 634 483 388 273 299 501 459 442 317 469 1108 193 590 389 361
1070 1433 1079 649 1476 795 858 1446 1116 662 643 460 1201 1641 612 979 1085 1536 1062 692 1092 594 617 530 801 914 1351 1563 1442 537 1503 1368 1084 820 1402 623 1027 1583 648 0 530 529 499 375 459 639 742 1228 807 1031 646 861 815 371 886 798 707 529 1534 1190 851 1003 474 539 715 674 621 689 683 1667 752 937 949 674
803 1164 811 381 1247 763 826 1177 894 732 375 140 933 1418 766 710 817 1313 840 424 870 625 772 560 533 646 1083 1295 1174 568 1280 1100 932 788 1134 640 759 1359 618 530 0 560 530 285 505 371 712 1005 775 762 378 638 546 221 618 530 439 683 1311 922 582 780 520 570 447 405 775 660 415 1444 600 668 726 720
712 1260 814 636 1118 436 500 1204 758 290 630 538 847 1283 368 752 990 1178 704 564 734 103 336 78 585 1045 1256 1221 1249 85 1145 1269 726 462 1255 132 882 1224 290 529 560 0 65 315 139 627 271 870 449 885 633 503 669 501 740 582 694 327 1176 836 684 644 155 61 702 661 359 348 670 1309 394 791 590 278
700 1248 802 624 1106 425 488 1192 746 312 619 508 835 1271 380 740 978 1166 692 552 722 130 358 66 573 1015 1244 1209 1237 73 1133 1257 714 450 1243 159 870 1213 278 499 530 65 0 285 109 615 293 858 437 873 621 491 657 471 728 570 682 297 1164 824 673 632 125 75 690 649 381 324 658 1297 382 779 578 300
796 1288 898 504 1201 520 583 1287 842 487 499 263 931 1367 521 834 940 1261 788 547 818 380 527 315 657 770 1206 1304 1298 323 1229 1224 809 546 1257 395 883 1308 373 375 285 315 285 0 260 495 467 953 533 886 501 587 670 280 741 653 562 438 1259 919 706 728 275 325 570 529 530 415 538 1393 478 792 674 475
680 1228 782 604 1086 404 468 1172 726 371 598 483 815 1251 340 720 958 1146 672 532 702 204 346 139 553 989 1224 1189 1217 147 1113 1237 694 430 1223 233 850 1192 258 459 505 139 109 260 0 595 352 838 417 853 601 471 637 446 708 550 662 257 1144 804 652 612 37 149 670 629 349 299 638 1277 362 759 558 359
483 1024 585 24 933 443 506 1019 574 710 18 301 618 1099 787 432 676 993 520 81 550 682 755 598 191 506 942 1036 1034 590 961 960 612 468 993 618 518 1040 425 639 371 627 615 495 595 0 690 685 455 521 21 318 305 331 377 187 72 783 991 607 341 460 610 636 80 38 779 654 48 1125 280 427 406 698
776 1324 878 700 1181 500 563 1267 822 132 694 691 910 1347 210 815 1053 1241 768 627 798 242 178 276 649 1139 1319 1284 1313 268 1209 1332 789 526 1319 178 945 1288 353 742 712 271 293 467 352 690 0 933 513 948 697 566 733 653 804 645 758 257 1239 899 748 708 367 260 766 724 201 411 734 1373 457 855 654 120
306 436 408 695 294 686 691 379 533 953 689 935 357 459 1031 345 583 354 614 622 509 925 998 841 644 668 481 396 425 833 321 445 541 711 431 861 515 400 668 1228 1005 870 858 953 838 685 933 0 698 518 692 547 501 965 439 640 753 1026 352 362 457 554 853 880 761 719 1022 897 729 485 523 538 315 941
541 1089 643 465 946 134 101 1032 458 532 459 705 676 1112 610 580 818 1006 404 392 434 504 578 421 414 904 1084 1049 1078 412 974 1097 317 146 1084 440 710 1053 190 807 775 449 437 533 417 455 513 698 0 713 462 297 498 719 569 410 523 605 1004 664 513 344 432 459 531 489 601 476 499 1138 206 620 419 520
302 899 404 531 757 701 764 842 588 968 525 692 437 922 1045 208 580 816 669 458 564 940 1013 856 480 665 845 859 888 848 784 863 597 726 894 876 14 863 683 1031 762 885 873 886 853 521 948 518 713 0 528 576 244 722 181 476 588 1041 814 426 220 609 868 894 597 555 1037 912 565 948 538 280 370 956
490 1031 592 30 940 449 512 1026 581 716 25 308 624 1105 794 439 683 1000 527 88 557 689 762 605 197 512 949 1043 1040 596 967 966 619 475 1000 624 525 1047 432 646 378 633 621 501 601 21 697 692 462 528 0 325 312 338 383 194 78 789 998 613 348 467 617 643 86 45 786 661 55 1131 287 434 413 705
390 938 492 328 795 285 256 881 290 586 322 568 525 961 664 429 667 855 236 255 266 558 632 474 277 753 933 898 927 466 823 946 342 300 933 494 573 902 302 861 638 503 491 587 471 318 566 547 297 576 325 0 361 598 432 273 386 659 853 513 376 176 486 513 394 352 655 530 362 987 156 483 268 574
285 882 387 315 740 485 549 826 571 752 309 476 420 905 830 192 563 800 563 242 547 725 798 641 264 648 829 842 871 632 767 846 580 511 877 660 241 846 468 815 546 669 657 670 637 305 733 501 498 244 312 361 0 506 100 260 373 825 798 409 64 503 653 679 381 339 822 697 349 931 323 150 354 741
763 1124 771 341 1207 706 769 1137 854 673 335 151 893 1378 707 671 777 1273 800 384 830 566 713 501 493 606 1043 1255 1134 509 1240 1060 892 732 1094 581 719 1320 559 371 221 501 471 280 446 331 653 965 719 722 338 598 506 0 578 490 399 624 1271 882 542 740 461 511 407 365 716 601 375 1404 560 628 686 661
223 820 325 386 678 556 619 764 509 823 380 548 358 843 901 129 501 738 590 314 485 795 869 712 335 586 767 781 809 703 705 784 518 582 815 731 178 784 539 886 618 740 728 741 708 377 804 439 569 181 383 432 100 578 0 332 444 896 736 347 75 530 724 750 452 411 892 768 420 869 394 136 292 811
438 1031 540 197 888 398 461 974 529 665 191 460 573 1054 743 387 716 948 475 124 505 637 710 553 96 664 981 991 1020 545 916 999 567 423 1026 573 473 995 380 798 530 582 570 653 550 187 645 640 410 476 194 273 260 490 332 0 255 738 946 562 296 415 565 592 263 221 734 609 231 1080 235 382 361 653
550 1091 652 75 1001 510 573 1087 641 777 82 368 685 1166 855 500 744 1061 587 149 618 749 823 666 258 573 1010 1103 1101 657 1028 1027 679 536 1061 685 585 1107 493 707 439 694 682 562 662 72 758 753 523 588 78 386 373 399 444 255 0 850 1059 674 408 528 677 704 73 77 846 721 56 1192 347 494 473 765
868 1416 970 792 1274 593 656 1360 914 158 787 671 1003 1439 107 908 1146 1334 860 720 890 386 113 328 741 1178 1412 1377 1405 335 1301 1425 882 618 1412 322 1038 1381 446 529 693 327 297 448 257 783 257 1026 605 1041 789 659 825 634 896 738 850 0 1332 992 841 800 272 337 858 817 116 487 826 1465 550 947 746 170
556 268 544 1001 125 992 951 211 839 1259 995 1241 446 198 1336 641 582 66 920 928 815 1231 1304 1147 950 805 313 228 257 1139 294 276 847 995 263 1167 811 139 974 1534 1311 1176 1164 1259 1144 991 1239 352 1004 814 998 853 798 1271 736 946 1059 1332 0 452 753 860 1159 1185 1067 1025 1328 1203 1035 224 829 835 621 1247
167 536 155 616 394 652 715 480 499 919 610 852 74 559 997 252 331 454 580 544 475 891 965 807 565 416 581 497 525 799 421 545 508 677 531 827 423 501 634 1190 922 836 824 919 804 607 899 362 664 426 613 513 409 882 347 562 674 992 452 0 365 520 819 846 682 641 988 863 650 585 489 446 281 907
241 838 343 351 695 501 564 781 527 768 345 512 376 861 845 168 519 755 578 278 503 740 813 656 300 604 784 798 827 648 723 802 535 526 833 675 217 802 483 851 582 684 673 706 652 341 748 457 513 220 348 376 64 542 75 296 408 841 753 365 0 518 668 694 417 375 837 712 385 887 338 135 309 756
346 894 448 416 751 407 470 837 517 674 410 656 480 917 752 385 623 811 470 343 493 646 720 562 365 709 889 854 883 554 778 902 526 433 889 582 555 858 389 949 726 591 579 675 559 406 654 503 419 558 413 269 449 686 479 361 474 747 809 469 464 0 574 601 482 440 743 618 450 943 244 571 224 662
696 1244 798 620 1101 420 483 1187 742 387 614 499 830 1267 355 735 973 1161 688 547 718 219 361 155 569 1005 1239 1204 1233 163 1129 1252 709 446 1239 248 865 1208 273 474 520 155 125 275 37 610 367 853 432 868 617 486 653 461 724 565 677 272 1159 819 668 628 0 164 685 644 364 315 654 1293 377 775 574 375
722 1270 824 646 1128 446 509 1213 768 280 640 548 857 1293 357 761 1000 1187 714 574 744 92 325 87 595 1054 1265 1230 1259 95 1155 1278 735 472 1265 121 891 1234 299 539 570 61 75 325 149 636 260 880 459 894 643 513 679 511 750 592 704 337 1185 846 694 654 164 0 712 670 349 357 680 1319 404 801 600 268
558 1099 660 83 1009 518 581 1095 649 785 90 377 693 1174 863 508 752 1069 595 157 626 757 831 674 266 581 1018 1111 1109 665 1036 1035 687 544 1069 693 593 1115 501 715 447 702 690 570 670 80 766 761 531 597 86 394 381 407 452 263 73 858 1067 682 417 536 685 712 0 85 854 729 64 1200 356 502 481 773
517 1058 619 41 967 477 540 1053 608 744 49 335 652 1133 822 466 711 1027 554 115 584 716 789 632 225 540 976 1070 1068 624 995 994 646 502 1027 652 552 1074 459 674 405 661 649 529 629 38 724 719 489 555 45 352 339 365 411 221 77 817 1025 641 375 494 644 670 85 0 813 688 53 1159 314 461 440 732
865 1413 967 788 1270 589 652 1356 911 164 783 763 999 1436 113 904 1142 1330 856 716 887 331 119 365 737 1228 1408 1373 1402 356 1297 1421 878 614 1408 267 1034 1377 442 621 785 359 381 540 349 779 201 1022 601 1037 786 655 822 726 892 734 846 116 1328 988 837 797 364 349 854 813 0 500 823 1462 546 944 743 176
745 1293 847 655 1151 469 532 1236 791 436 649 414 880 1316 470 784 1023 1210 737 597 767 329 476 264 618 920 1288 1253 1282 272 1178 1302 758 495 1288 344 914 1257 322 471 435 264 234 190 209 645 417 903 482 918 652 536 702 376 773 615 712 387 1208 869 717 677 224 274 720 679 479 0 689 1342 427 824 623 424
527 1067 629 51 977 486 549 1063 618 753 58 345 661 1142 831 476 720 1037 564 125 594 726 799 642 234 549 986 1080 1077 633 1004 1003 655 512 1037 661 562 1084 469 683 415 670 658 538 638 48 734 729 499 565 55 362 349 375 420 231 56 826 1035 650 385 504 654 680 64 53 823 698 0 1168 324 471 450 741
689 401 678 1134 259 1125 1084 345 972 1392 1129 1374 580 87 1470 775 715 226 1053 1062 948 1365 1438 1281 1083 939 446 362 390 1272 286 410 981 1129 396 1300 945 203 1108 1667 1444 1309 1297 1393 1277 1125 1373 485 1138 948 1131 987 931 1404 869 1080 1192 1465 224 585 887 994 1293 1319 1200 1159 1462 1337 1168 0 963 968 755 1380
366 914 468 290 771 193 256 857 395 477 284 530 500 937 555 405 643 831 341 217 371 449 523 366 239 729 909 874 903 357 799 922 362 219 909 385 535 878 193 752 600 394 382 478 362 280 457 523 206 538 287 156 323 560 394 235 347 550 829 489 338 281 377 404 356 314 546 421 324 963 0 445 244 465
322 919 424 437 777 607 670 863 608 874 431 598 457 942 952 228 600 837 684 364 584 846 920 763 386 685 866 879 908 754 804 883 617 633 914 782 277 883 590 937 668 791 779 792 759 427 855 538 620 280 434 483 150 628 136 382 494 947 835 446 135 625 775 801 502 461 944 819 471 968 445 0 391 862
158 706 260 415 563 406 470 649 330 673 410 656 293 729 751 197 435 623 411 343 306 646 719 562 364 521 701 666 695 553 591 714 338 432 701 581 367 670 389 949 726 590 578 674 558 406 654 315 419 370 413 268 354 686 292 361 473 746 621 281 309 351 574 600 481 440 743 618 450 755 244 391 0 662
783 1331 885 707 1189 508 571 1275 829 140 702 698 918 1354 167 823 1061 1249 775 635 806 250 173 284 656 1146 1327 1292 1320 275 1216 1340 797 533 1327 186 953 1296 361 674 720 278 300 475 359 698 120 941 520 956 705 574 741 661 811 653 765 170 1247 907 756 716 375 268 773 732 176 419 741 1380 465 862 662 0
EOF