NAME : tsp_problem
TYPE : TSP
DIMENSION : 48
EDGE_WEIGHT_TYPE : EXPLICIT
EDGE_WEIGHT_FORMAT : FULL_MATRIX
EDGE_WEIGHT_SECTION
0 971 1219 667 1270 354 677 786 1203 1258 1279 1354 1041 956 870 886 956 1199 916 315 1252 1033 958 899 960 875 312 1308 1334 667 1051 824 782 877 407 960 874 870 1044 374 759 864 277 932 753 576 103 911
971 0 469 398 520 1022 331 741 453 508 529 604 162 238 274 173 229 449 515 992 502 154 97 701 559 268 990 558 584 365 371 762 398 344 827 81 307 286 364 990 555 819 954 887 866 439 912 161
1219 469 0 645 336 1270 578 989 177 228 277 324 418 674 522 609 452 109 763 1240 318 357 533 894 807 516 1237 306 332 613 619 955 646 592 1075 420 743 722 612 1238 802 1018 1202 1086 1114 687 1160 349
667 398 645 0 696 718 103 437 630 684 705 780 467 344 361 273 551 625 407 688 679 459 346 550 451 367 686 734 760 94 477 475 273 369 523 387 261 258 470 686 251 515 650 583 562 135 608 338
1252 501 222 678 0 1302 611 895 313 121 389 217 451 706 554 641 485 197 795 1272 346 389 565 788 839 548 1270 418 444 645 651 848 678 624 1107 452 776 755 644 1270 835 911 1234 979 1146 720 1192 381
354 1022 1270 718 1321 0 727 528 1254 1308 1329 1326 1091 1007 872 936 1017 1249 917 120 1303 1083 1009 642 961 877 122 1359 1384 718 1056 566 783 879 468 1011 924 921 1049 77 761 606 237 674 456 636 295 962
677 331 578 103 630 727 0 446 563 617 638 713 400 392 313 321 524 558 416 697 612 392 322 560 460 307 695 668 693 103 410 484 282 378 532 320 309 306 403 695 260 524 659 592 571 145 617 271
786 741 989 437 1040 528 446 0 973 901 1048 851 810 726 591 655 933 969 636 592 1022 802 728 167 680 596 594 1078 1103 437 700 91 502 598 641 730 643 640 694 496 480 131 708 199 373 423 727 681
1203 453 177 630 332 1254 563 973 0 319 143 415 403 658 506 593 437 251 747 1224 314 341 517 933 791 500 1222 173 198 597 603 994 630 576 1059 404 728 707 596 1222 787 1051 1186 1119 1098 671 1144 333
1356 606 266 782 468 1407 715 1126 408 0 465 456 555 811 659 746 589 226 900 1377 450 494 670 1026 944 653 1374 435 450 750 756 1087 783 729 1212 557 880 859 749 1375 939 1150 1339 1218 1251 824 1297 486
1279 529 277 705 407 1329 638 1048 143 395 0 491 478 733 581 669 512 336 822 1300 389 416 593 1009 866 575 1297 110 136 672 678 1069 705 651 1134 480 803 782 672 1297 862 1126 1262 1194 1173 747 1219 408
1354 604 324 780 466 1326 713 851 415 224 491 0 553 808 657 744 587 299 869 1375 448 491 668 743 913 651 1372 520 546 748 754 804 781 727 1209 555 878 857 747 1294 918 867 1337 935 1170 822 1295 484
1041 162 418 467 470 1091 400 810 403 457 478 553 0 366 344 302 164 398 585 1062 452 101 226 771 628 338 1059 508 533 434 441 832 468 413 896 110 372 415 434 1060 624 888 1024 956 936 509 982 231
824 291 539 250 590 874 183 594 523 577 598 673 360 0 273 346 484 518 514 845 572 352 282 700 558 267 842 628 653 218 370 631 397 343 679 280 456 453 363 843 407 671 807 740 719 292 765 231
870 274 522 361 573 872 313 591 506 560 581 657 344 408 0 344 467 502 268 891 555 335 279 542 312 95 888 611 636 347 212 603 151 97 725 263 548 457 205 840 314 665 853 733 716 348 811 214
886 173 609 273 660 936 247 655 593 648 669 744 302 110 344 0 317 589 585 906 642 294 112 769 628 337 904 698 724 281 441 693 467 413 741 221 278 153 434 904 469 733 868 801 780 354 826 301
956 229 452 551 504 1017 524 933 437 491 512 587 164 381 467 317 0 432 708 977 486 209 241 894 752 461 975 542 567 558 564 955 591 537 812 234 328 430 557 1036 747 1011 939 1079 1058 631 897 334
1199 449 109 625 311 1249 558 969 251 203 336 299 398 653 502 589 432 0 743 1220 293 336 513 869 787 496 1217 365 391 592 599 930 626 571 1054 400 723 702 592 1218 782 993 1182 1061 1094 667 1140 329
916 515 763 407 814 917 416 636 747 801 822 869 585 649 268 585 708 743 0 937 796 576 520 666 75 274 934 852 877 407 415 674 156 191 771 504 613 610 408 885 244 714 899 782 762 393 856 455
315 992 1240 688 1291 120 697 592 1224 1279 1300 1375 1062 977 891 906 977 1220 937 0 1273 1054 979 705 980 896 32 1329 1355 688 1071 630 803 898 428 981 894 891 1065 140 780 670 197 738 519 596 255 932
1270 520 241 697 382 1321 630 914 332 140 407 236 470 725 573 660 504 215 814 1291 0 408 584 806 858 567 1289 437 462 664 670 867 697 643 1126 471 795 774 663 1289 854 930 1253 998 1165 738 1211 400
1033 154 357 459 408 1083 392 802 341 395 416 491 101 358 335 294 209 336 576 1054 390 0 218 763 620 329 1051 446 471 426 433 824 459 405 888 102 428 407 426 1051 616 880 1016 948 927 501 974 223
958 97 533 346 584 1009 320 728 517 572 593 668 226 176 279 112 241 513 520 979 566 218 0 707 564 273 976 622 648 354 376 766 403 349 814 145 319 225 370 977 542 806 941 874 853 426 899 225
899 701 894 550 1000 642 560 167 933 794 1009 743 771 836 542 769 894 869 666 705 982 763 707 0 710 536 707 1038 1064 550 593 143 616 527 755 690 757 753 586 610 593 183 822 251 486 537 840 641
960 559 807 451 858 961 460 680 791 845 866 913 628 693 312 629 752 787 75 980 840 620 564 710 0 318 978 896 921 451 458 718 200 235 815 548 657 654 452 929 288 758 942 826 805 437 900 499
875 268 516 367 567 877 307 596 500 554 575 651 338 402 95 338 461 496 274 896 549 329 273 536 318 0 894 605 630 341 206 597 156 102 731 257 542 451 199 845 320 659 858 727 721 353 816 208
312 990 1237 686 1288 122 695 594 1222 1276 1297 1372 1059 975 888 904 975 1217 934 32 1271 1051 976 707 978 894 0 1327 1352 686 1069 632 800 896 426 979 892 889 1062 142 778 672 195 740 521 594 253 930
1308 558 306 734 437 1359 668 1078 173 424 110 520 508 763 611 698 542 365 852 1329 419 446 622 1038 896 605 1327 0 165 702 708 1099 735 681 1164 509 832 812 701 1327 892 1156 1291 1224 1203 776 1249 438
1334 584 332 760 462 1384 693 1103 198 450 136 546 533 788 636 724 567 391 877 1355 444 471 648 1064 921 630 1352 165 0 727 733 1125 760 706 1189 535 858 837 727 1352 917 1181 1317 1249 1228 802 1274 463
667 365 613 94 664 718 103 437 597 651 672 748 434 383 347 312 558 592 407 688 646 426 356 550 451 341 686 702 727 0 444 475 273 369 523 354 300 296 437 686 251 515 650 583 562 135 608 305
1051 371 619 477 670 1056 410 700 603 657 678 754 441 505 212 441 564 599 415 1071 652 433 376 593 458 206 1069 708 733 444 0 654 336 276 906 360 645 554 35 1024 463 716 1033 784 900 519 991 311
824 762 955 475 1061 566 484 91 994 855 1069 804 832 764 603 693 955 930 674 630 1043 824 766 143 718 597 632 1099 1125 475 654 0 540 588 679 751 681 678 647 534 518 107 746 175 410 461 764 702
782 398 646 273 697 783 282 502 630 684 705 781 468 532 151 468 591 626 156 803 679 459 403 616 200 156 800 735 760 273 336 540 0 142 637 387 479 476 329 751 179 580 765 648 628 259 722 338
877 344 592 369 643 879 378 598 576 630 651 727 413 478 97 413 537 571 191 898 625 405 349 527 235 102 896 681 706 369 276 588 142 0 733 333 575 527 269 847 240 651 860 719 723 355 818 284
407 827 1075 523 1126 468 532 641 1059 1113 1134 1209 896 812 725 741 812 1054 771 428 1108 888 814 755 815 731 426 1164 1189 523 906 679 637 733 0 816 729 726 899 487 615 719 390 787 766 431 348 767
960 81 420 387 471 1011 320 730 404 459 480 555 110 286 263 221 234 400 504 981 453 102 145 690 548 257 979 509 535 354 360 751 387 333 816 0 356 335 353 979 544 808 943 876 855 429 901 150
874 307 743 261 794 924 309 643 728 782 803 878 372 349 548 278 328 723 613 894 777 428 319 757 657 542 892 832 858 300 645 681 479 575 729 356 0 262 639 892 457 721 856 789 768 342 814 436
772 373 621 198 672 822 131 541 605 660 681 756 443 487 355 416 566 601 512 793 654 435 364 655 556 349 790 710 736 165 452 579 378 425 627 362 404 0 445 790 355 619 755 687 667 240 713 313
1044 364 612 470 663 1049 403 694 596 651 672 747 434 499 205 434 557 592 408 1065 645 426 370 586 452 199 1062 701 727 437 35 647 329 269 899 353 639 547 0 1018 457 710 1027 778 894 512 984 304
374 990 1238 686 1289 77 695 496 1222 1276 1297 1294 1060 975 840 904 1036 1218 885 140 1271 1051 977 610 929 845 142 1327 1352 686 1024 534 751 847 487 979 892 889 1018 0 729 574 256 642 424 655 314 930
759 555 802 251 854 761 260 480 787 841 862 918 624 540 314 469 747 782 244 780 836 616 542 593 288 320 778 892 917 251 463 518 179 240 615 544 457 454 457 729 0 558 742 626 605 237 700 495
864 819 1018 515 1118 606 524 131 1051 917 1126 867 888 804 665 733 1011 993 714 670 1100 880 806 183 758 659 672 1156 1181 515 716 107 580 651 719 808 721 718 710 574 558 0 786 124 450 501 804 759
277 954 1202 650 1253 237 659 708 1186 1241 1262 1337 1024 939 853 868 939 1182 899 197 1235 1016 941 822 942 858 195 1291 1317 650 1033 746 765 860 390 943 856 853 1027 256 742 786 0 854 636 558 217 894
853 1018 1217 714 1316 805 723 330 1250 1116 1325 1065 1087 1003 864 932 1210 1191 913 868 1299 1079 1004 381 957 858 870 1354 1380 714 915 306 779 849 918 1007 920 917 908 773 757 254 835 0 649 700 793 958
753 866 1114 562 1165 456 571 373 1098 1152 1173 1170 936 851 716 780 1058 1094 762 519 1147 927 853 486 805 721 521 1203 1228 562 900 410 628 723 766 855 768 765 894 424 605 450 636 519 0 548 694 806
576 439 687 135 738 636 145 423 671 726 747 822 509 425 348 354 631 667 393 596 720 501 426 537 437 353 594 776 802 135 519 461 259 355 431 429 342 338 512 655 237 501 558 569 548 0 516 379
103 912 1160 608 1211 295 617 727 1144 1198 1219 1295 982 897 811 826 897 1140 856 255 1193 974 899 840 900 816 253 1249 1274 608 991 764 722 818 348 901 814 811 984 314 700 804 217 872 694 516 0 852
911 161 349 338 400 962 271 681 333 387 408 484 231 366 214 301 334 329 455 932 382 223 225 641 499 208 930 438 463 305 311 702 338 284 767 150 436 415 304 930 495 759 894 827 806 379 852 0
EOF