NAME : tsp_problem
TYPE : TSP
DIMENSION : 66
EDGE_WEIGHT_TYPE : EXPLICIT
EDGE_WEIGHT_FORMAT : FULL_MATRIX
EDGE_WEIGHT_SECTION
0 845 1139 910 562 513 938 746 168 1257 738 620 1083 135 894 849 804 512 229 789 650 991 796 1128 1073 914 1257 1210 1398 1394 613 992 339 1225 1377 392 1006 363 793 1327 950 990 592 186 759 813 1434 990 928 832 1388 163 748 356 801 1366 184 992 1285 704 1213 765 351 1396 1172 703
845 0 675 233 456 761 260 324 853 793 519 824 620 847 216 606 179 502 671 367 478 323 447 664 609 269 794 714 983 931 832 529 713 810 963 690 543 690 550 913 545 313 660 836 517 181 1020 585 685 70 925 704 512 604 558 951 767 491 789 462 718 500 700 982 758 280
1139 675 0 634 750 928 661 678 1147 365 569 874 147 1141 625 751 510 796 965 517 767 518 437 495 170 441 366 124 562 502 882 195 1007 641 794 984 374 984 622 744 535 557 710 1129 655 520 851 576 695 692 496 998 562 898 703 782 1061 263 199 708 127 550 994 813 589 553
910 233 634 0 522 826 48 389 919 751 584 889 578 912 44 671 146 568 736 432 543 280 405 622 567 227 752 705 942 889 898 487 778 769 921 755 501 756 589 871 503 270 725 901 582 148 978 544 662 275 883 770 577 670 623 909 832 556 780 527 708 565 766 940 716 346
562 456 750 522 0 478 549 358 570 868 632 754 695 564 505 331 415 88 388 401 132 603 408 739 684 525 868 821 1009 1005 578 603 430 836 989 407 617 407 275 939 561 602 557 552 242 425 1046 602 410 443 999 421 625 321 283 977 484 603 896 186 824 613 417 1008 784 314
397 814 1108 879 531 0 907 715 388 1226 595 452 1052 355 863 817 773 481 392 758 619 960 765 1097 1042 883 1226 1125 1367 1363 470 961 285 1194 1346 224 975 262 762 1296 919 959 448 406 728 782 1403 959 897 801 1357 425 605 259 770 1335 462 901 1200 673 1128 622 272 1365 1141 672
938 260 661 48 549 854 0 417 946 779 612 917 606 940 72 699 173 595 764 460 571 308 433 650 595 254 779 732 969 916 925 514 806 796 949 783 528 783 617 899 531 298 753 928 610 175 1006 571 690 302 910 797 605 697 651 937 860 584 807 555 735 593 793 967 744 373
746 324 678 389 358 662 417 0 755 870 491 796 697 748 373 507 320 404 572 238 379 479 455 741 686 426 871 687 1056 1008 762 606 614 883 1036 591 620 592 452 986 608 469 632 737 418 330 1093 649 587 311 1002 606 484 506 459 1024 668 463 762 363 690 472 602 1055 831 151
168 853 1147 919 570 521 946 755 0 1265 747 611 1092 125 902 857 812 521 238 798 658 1000 805 1136 1081 922 1265 1218 1406 1402 621 1000 348 1233 1386 382 1014 371 801 1336 958 999 600 177 768 822 1443 999 936 840 1396 171 756 365 809 1374 192 1000 1293 713 1221 773 359 1405 1181 711
1257 793 365 751 868 1172 779 870 1265 0 881 1186 310 1259 743 869 628 914 1083 829 885 636 555 600 299 559 286 436 238 178 1194 313 1125 615 509 1102 491 1102 740 460 653 675 1022 1247 773 638 567 632 813 835 172 1116 874 1016 821 498 1178 575 511 825 439 862 1112 528 562 827
738 519 569 584 632 408 612 491 744 881 0 437 614 711 568 781 531 654 564 331 653 674 728 1011 637 621 881 577 1077 1018 361 711 517 1157 1309 471 889 495 725 1259 882 665 189 729 692 533 1366 923 860 506 1012 598 125 432 733 1298 660 354 653 637 581 113 505 1328 1104 367
620 824 874 889 754 464 917 796 611 1186 437 0 919 578 873 1041 836 704 615 636 842 979 988 1316 943 926 1186 883 1383 1323 418 1016 508 1417 1569 447 1194 485 985 1519 1142 970 396 629 951 838 1626 1182 1120 811 1317 648 363 482 993 1558 685 659 958 896 886 380 495 1588 1364 672
1083 620 147 578 695 973 606 697 1092 310 614 919 0 1085 570 695 454 740 909 562 711 463 382 439 125 385 310 169 506 447 927 140 951 586 738 928 318 928 566 688 480 502 754 1074 599 464 795 520 639 662 441 943 607 843 647 726 1005 308 244 652 172 595 939 757 533 598
135 847 1141 912 564 495 940 748 125 1259 721 578 1085 0 896 851 806 514 231 791 652 993 798 1130 1075 916 1259 1212 1400 1396 596 994 341 1227 1379 349 1008 365 795 1330 952 992 574 144 761 815 1437 992 930 834 1390 165 731 358 803 1368 186 994 1287 706 1215 748 353 1398 1174 705
894 216 625 44 505 809 72 373 902 743 568 873 570 896 0 655 129 551 720 416 526 273 397 614 559 219 743 696 933 880 881 478 762 760 913 739 492 739 581 863 495 263 708 884 565 131 970 535 654 258 874 753 561 653 607 901 815 539 771 510 699 549 749 931 708 329
664 422 569 487 276 580 515 323 673 687 597 856 513 666 470 0 380 322 490 366 297 421 226 558 503 344 687 640 828 824 680 422 532 655 807 509 436 510 356 758 380 460 659 655 322 390 865 421 484 409 818 524 590 424 363 796 586 568 715 267 643 578 520 826 602 279
804 179 510 146 415 719 173 320 812 628 531 836 454 806 129 565 0 461 629 363 436 210 281 499 444 157 628 581 818 765 820 363 671 645 797 649 377 649 466 748 379 200 672 794 475 69 855 420 539 221 759 663 524 563 517 786 725 503 656 420 584 512 659 816 592 277
512 502 796 568 88 428 595 404 521 914 654 704 740 514 551 377 461 0 338 447 178 648 453 785 730 571 914 867 1055 1051 528 649 380 882 1034 357 663 358 321 985 607 647 507 503 287 471 1092 648 456 489 1045 372 664 272 329 1023 434 649 942 232 870 658 368 1053 829 360
229 671 965 736 388 338 764 572 238 1083 564 615 909 231 720 674 629 338 0 615 476 817 622 953 898 739 1083 1036 1224 1220 439 818 168 1051 1203 268 832 189 619 1153 776 816 417 220 585 639 1260 816 754 658 1214 89 574 182 627 1192 151 818 1111 530 1039 591 180 1222 998 529
789 367 517 432 401 690 460 238 798 829 331 636 562 791 416 550 363 447 615 0 422 522 498 784 586 469 830 526 1026 967 644 649 657 926 1079 634 663 634 495 1029 651 512 472 780 461 373 1136 692 630 354 961 649 324 549 502 1067 711 302 601 406 529 312 645 1098 874 113
650 478 767 543 132 565 571 379 658 885 653 842 711 652 526 240 436 178 476 422 0 619 361 756 701 542 885 838 1026 1022 666 620 518 853 1005 495 634 495 184 956 578 623 644 640 151 446 1063 619 320 465 1016 509 646 409 192 994 571 625 913 96 841 634 505 1024 800 335
991 323 518 280 603 907 308 479 1000 636 674 979 463 993 273 603 210 648 817 522 619 0 290 507 452 111 636 589 826 773 988 371 859 653 806 836 385 836 474 756 388 68 815 982 507 212 863 428 547 365 767 851 667 751 555 794 913 646 664 560 592 655 847 824 601 436
796 447 437 405 408 712 433 455 805 555 728 988 382 798 397 345 281 453 622 498 361 290 0 426 371 212 556 508 696 692 812 291 664 523 676 641 305 641 216 626 248 329 791 787 249 291 733 289 289 489 687 656 722 556 297 664 718 648 583 302 512 709 652 695 471 411
1128 664 495 622 739 1043 650 741 1136 600 1011 1316 439 1130 614 740 499 785 953 784 756 507 426 0 429 430 613 566 420 466 1144 348 995 247 400 973 170 973 611 350 304 546 1122 1118 644 509 457 265 684 706 472 987 1004 887 692 388 1049 705 641 696 569 992 983 419 195 698
1073 609 170 567 684 988 595 686 1081 299 637 943 125 1075 559 684 444 730 898 586 701 452 371 429 0 375 299 193 496 436 951 129 940 575 727 918 307 918 556 678 469 491 778 1063 589 454 785 510 629 651 430 932 630 832 637 716 994 332 268 641 196 618 928 746 522 622
914 269 441 227 525 829 254 426 922 559 621 926 385 916 219 525 157 571 739 469 542 111 212 430 375 0 559 512 749 696 930 294 781 576 728 759 308 759 397 678 310 150 762 904 430 159 785 351 470 311 690 773 614 673 478 716 835 593 587 482 515 602 769 747 523 382
1257 794 366 752 868 1173 779 871 1265 286 881 1186 310 1259 743 869 628 914 1083 830 885 636 556 613 299 559 0 436 482 423 1194 314 1125 759 754 1102 492 1102 740 704 654 676 1022 1248 773 638 811 694 813 836 417 1116 874 1016 821 743 1179 576 512 826 440 862 1112 773 707 827
1210 714 124 705 821 937 732 687 1218 436 577 883 169 1212 696 822 581 867 1036 526 838 589 508 566 193 512 436 0 633 573 891 266 1047 712 864 1001 444 1025 693 815 606 628 718 1200 726 591 922 647 766 701 567 1069 571 961 774 853 1131 272 130 778 58 559 1035 883 660 562
1398 983 562 942 1009 1314 969 1056 1406 238 1077 1383 506 1400 933 1010 818 1055 1224 1026 1026 826 696 420 496 749 482 633 0 104 1391 510 1266 436 330 1243 489 1243 881 280 493 865 1218 1388 914 828 387 453 954 1025 110 1257 1070 1157 962 319 1320 772 708 967 636 1058 1253 349 383 1013
1394 931 502 889 1005 1310 916 1008 1402 178 1018 1323 447 1396 880 1006 765 1051 1220 967 1022 773 692 466 436 696 423 573 104 0 1331 451 1262 482 376 1239 535 1239 877 326 538 812 1159 1384 910 775 433 499 950 973 64 1253 1011 1153 958 364 1316 713 648 963 577 999 1249 395 429 964
613 832 882 898 578 282 925 762 619 1194 361 418 927 586 881 865 820 528 439 644 666 988 812 1144 951 930 1194 891 1391 1331 0 1008 392 1241 1393 346 1022 369 809 1344 966 978 214 604 775 829 1451 1006 944 819 1325 472 371 306 817 1382 535 667 966 720 894 388 380 1412 1188 680
992 529 195 487 603 908 514 606 1000 313 711 1016 140 994 478 604 363 649 818 649 620 371 291 348 129 294 314 266 510 451 1008 0 860 494 647 837 227 837 475 597 389 411 852 983 508 373 704 429 548 571 445 851 704 751 556 635 914 406 341 561 270 692 847 666 442 562
339 713 1007 778 430 292 806 614 348 1125 517 508 951 341 762 716 671 380 168 657 518 859 664 995 940 781 1125 1047 1266 1262 392 860 0 1093 1245 161 874 62 661 1195 817 858 371 330 627 681 1302 858 796 700 1256 199 527 181 668 1234 261 823 1122 572 1050 544 51 1264 1040 571
1225 810 641 769 836 1141 796 883 1233 615 1157 1417 586 1227 760 837 645 882 1051 926 853 653 523 247 575 576 759 712 436 482 1241 494 1093 0 294 1070 316 1070 708 313 320 692 1219 1215 741 655 351 280 781 852 487 1084 1150 984 789 404 1147 852 787 794 715 1138 1080 313 104 840
1377 963 794 921 989 1293 949 1036 1386 509 1309 1569 738 1379 913 989 797 1034 1203 1079 1005 806 676 400 727 728 754 864 330 376 1393 647 1245 294 0 1222 469 1222 860 93 472 845 1372 1368 893 807 92 432 933 1005 382 1237 1302 1137 941 205 1299 1004 940 946 868 1290 1233 53 348 992
392 690 984 755 407 246 783 591 382 1102 471 447 928 349 739 694 649 357 268 634 495 836 641 973 918 759 1102 1001 1243 1239 346 837 161 1070 1222 0 851 138 638 1173 795 835 325 401 604 658 1280 835 773 677 1233 301 481 135 646 1211 364 777 1076 549 1004 498 148 1241 1017 548
1006 543 374 501 617 922 528 620 1014 491 889 1194 318 1008 492 618 377 663 832 663 634 385 305 170 307 308 492 444 489 535 1022 227 874 316 469 851 0 851 489 419 373 425 1001 997 522 387 526 334 562 585 541 865 882 765 570 457 928 584 520 575 448 870 861 488 264 576
363 690 984 756 407 269 783 592 371 1102 495 485 928 365 739 694 649 358 189 634 495 836 641 973 918 759 1102 1025 1243 1239 369 837 62 1070 1222 138 851 0 638 1173 795 835 348 354 604 659 1280 836 773 677 1233 222 505 159 646 1211 285 801 1100 549 1028 522 50 1241 1017 548
793 550 622 589 275 708 617 451 801 740 725 985 566 795 581 168 466 321 619 494 184 474 216 611 556 397 740 693 881 877 809 475 661 708 860 638 489 638 0 810 433 513 787 783 73 476 917 473 174 537 871 652 718 552 120 849 714 697 768 125 696 706 648 879 655 408
1327 913 744 871 939 1243 899 986 1336 460 1259 1519 688 1330 863 939 748 985 1153 1029 956 756 626 350 678 678 704 815 280 326 1344 597 1195 313 93 1173 419 1173 810 0 422 795 1322 1318 844 757 150 383 883 955 332 1187 1252 1087 891 155 1249 954 890 896 818 1240 1183 112 313 942
950 545 535 503 561 865 531 608 958 653 882 1142 480 952 495 562 379 607 776 651 578 388 248 304 469 310 654 606 493 538 966 389 817 320 472 795 373 795 433 422 0 427 944 940 466 389 529 133 506 587 544 809 875 709 514 460 871 746 681 518 609 863 805 491 267 565
990 313 557 270 602 906 298 469 999 675 665 970 502 992 263 642 200 647 816 512 623 68 329 546 491 150 676 628 865 812 978 411 858 692 845 835 425 835 513 795 427 0 805 981 547 202 902 467 586 355 807 850 658 750 594 833 912 636 703 599 632 646 845 864 640 426
592 660 710 725 557 261 753 632 597 1022 189 396 754 564 708 843 672 507 417 472 644 815 791 1122 778 762 1022 718 1218 1159 214 852 371 1219 1372 325 1001 348 787 1322 944 805 0 582 754 674 1429 985 923 647 1153 451 266 285 795 1360 513 495 794 699 722 254 358 1391 1167 507
186 836 1129 901 552 503 928 737 177 1247 729 629 1074 144 884 839 794 503 220 780 640 982 787 1118 1063 904 1248 1200 1388 1384 604 983 330 1215 1368 401 997 354 783 1318 940 981 582 0 750 804 1425 981 918 822 1379 154 739 347 791 1356 174 982 1275 695 1204 756 342 1387 1163 693
759 517 655 582 242 675 609 418 768 773 692 951 599 761 565 135 475 287 585 461 151 507 249 644 589 430 773 726 914 910 775 508 627 741 893 604 522 604 73 844 466 547 754 750 0 485 951 507 208 503 904 619 685 519 87 882 681 663 801 91 729 673 614 912 688 374
813 181 520 148 425 729 175 330 822 638 533 838 464 815 131 574 69 471 639 373 446 212 291 509 454 159 638 591 828 775 829 373 681 655 807 658 387 659 476 757 389 202 674 804 485 0 864 430 549 223 769 673 526 573 526 795 735 504 666 430 594 514 669 826 602 287
1434 1020 851 978 1046 1350 1006 1093 1443 567 1366 1626 795 1437 970 1046 855 1092 1260 1136 1063 863 733 457 785 785 811 922 387 433 1451 704 1302 351 92 1280 526 1280 917 150 529 902 1429 1425 951 864 0 490 990 1062 439 1294 1359 1194 998 262 1356 1061 997 1003 925 1347 1290 69 406 1049
990 585 576 544 602 906 571 649 999 632 923 1182 520 992 535 602 420 648 816 692 619 428 289 265 510 351 694 647 453 499 1006 429 858 280 432 835 334 836 473 383 133 467 985 981 507 430 490 0 546 627 504 850 916 750 554 421 912 786 722 559 650 904 846 451 227 605
704 461 474 442 315 619 469 362 712 592 636 896 418 706 433 445 318 361 530 405 336 326 131 463 408 249 592 545 733 729 720 327 572 560 712 549 341 549 316 663 285 365 698 694 349 328 770 326 0 448 723 563 629 463 397 701 625 608 620 306 548 617 559 731 507 319
832 70 692 275 443 748 302 311 840 835 506 811 662 834 258 593 221 489 658 354 465 365 489 706 651 311 836 701 1025 973 819 571 700 852 1005 677 585 677 537 955 587 355 647 822 504 223 1062 627 672 0 967 691 499 591 545 993 754 478 776 449 705 487 687 1024 800 267
1388 925 496 883 999 1304 910 1002 1396 172 1012 1317 441 1390 874 1000 759 1045 1214 961 1016 767 687 472 430 690 417 567 110 64 1325 445 1256 487 382 1233 541 1233 871 332 544 807 1153 1379 904 769 439 504 944 967 0 1247 1005 1147 952 370 1310 707 642 957 571 993 1243 400 435 958
163 704 998 770 421 372 797 606 171 1116 598 648 943 165 753 708 663 372 89 649 509 851 656 987 932 773 1116 1069 1257 1253 472 851 199 1084 1237 301 865 222 652 1187 809 850 451 154 619 673 1294 850 787 691 1247 0 608 216 660 1225 85 851 1144 564 1072 625 210 1256 1032 562
748 512 562 577 625 417 605 484 754 874 125 363 607 721 561 774 524 664 574 324 646 667 722 1004 630 614 874 571 1070 1011 371 704 527 1150 1302 481 882 505 719 1252 875 658 266 739 685 526 1359 916 854 499 1005 608 0 441 726 1291 670 347 646 630 574 106 515 1321 1097 360
356 604 898 670 321 206 697 506 365 1016 432 482 843 358 653 608 563 272 182 549 409 751 556 887 832 673 1016 961 1157 1153 306 751 181 984 1137 135 765 159 552 1087 709 750 285 347 519 573 1194 750 687 591 1147 216 441 0 560 1125 278 738 1036 464 964 458 169 1156 932 462
711 468 616 533 322 627 561 369 719 733 643 903 560 713 517 458 427 368 537 412 344 468 273 604 549 390 734 687 875 871 727 469 579 702 854 556 483 556 402 804 426 507 706 702 368 436 911 467 530 455 865 570 636 470 0 842 633 615 762 313 690 624 566 873 649 326
1366 951 782 909 977 1281 937 1024 1374 498 1298 1558 726 1368 901 978 786 1023 1192 1067 994 794 664 388 716 716 743 853 319 364 1382 635 1234 404 205 1211 457 1211 849 155 460 833 1360 1356 882 795 262 421 922 993 370 1225 1291 1125 930 0 1287 992 928 934 856 1279 1221 224 351 981
184 767 1061 832 484 434 860 668 192 1178 660 685 1005 186 815 770 725 434 151 711 571 913 718 1049 994 835 1179 1131 1320 1316 535 914 261 1147 1299 364 928 285 714 1249 871 912 513 174 681 735 1356 912 850 754 1310 85 670 278 722 1287 0 914 1207 626 1135 687 273 1318 1094 625
992 491 263 556 603 714 584 463 1000 575 354 659 308 994 539 753 503 649 818 302 625 646 648 705 332 593 576 272 772 713 667 406 823 852 1004 777 584 801 697 954 746 636 495 982 664 504 1061 786 832 478 707 851 347 738 705 992 914 0 347 608 276 335 811 1023 799 338
1416 920 330 910 1027 1143 938 892 1424 642 783 1089 375 1418 902 1027 787 1073 1241 732 1044 795 714 772 399 717 642 261 839 779 1097 472 1253 918 860 1207 650 1230 899 811 812 834 924 1406 932 796 918 853 972 907 773 1275 777 1167 980 849 1337 478 0 984 253 764 1241 879 865 768
704 462 708 527 186 620 555 363 713 825 637 896 652 706 510 181 420 232 530 406 96 560 302 696 641 482 826 778 967 963 720 561 572 794 946 549 575 549 125 896 518 599 699 695 91 430 1003 559 260 449 957 564 630 464 133 934 626 608 854 0 782 618 559 965 741 319
1213 718 127 708 824 941 735 690 1221 439 581 886 172 1215 699 825 584 870 1039 529 841 592 512 569 196 515 440 58 636 577 894 270 1050 715 868 1004 448 1028 696 818 609 632 722 1204 729 594 925 650 769 705 571 1072 574 964 777 856 1135 276 122 782 0 562 1038 887 663 565
765 500 550 565 613 434 593 472 771 862 113 380 595 738 549 762 512 658 591 312 634 655 709 992 618 602 862 559 1058 999 388 692 544 1138 1290 498 870 522 706 1240 863 646 254 756 673 514 1347 904 841 487 993 625 106 458 714 1279 687 335 634 618 562 0 532 1309 1085 348
351 700 994 766 417 279 793 602 359 1112 505 495 939 353 749 704 659 368 180 645 505 847 652 983 928 769 1112 1035 1253 1249 380 847 51 1080 1233 148 861 50 648 1183 805 845 358 342 614 669 1290 846 783 687 1243 210 515 169 656 1221 273 811 1110 559 1038 532 0 1251 1028 558
1396 982 813 940 1008 1312 967 1055 1405 528 1328 1588 757 1398 931 1008 816 1053 1222 1098 1024 824 695 419 746 747 773 883 349 395 1412 666 1264 313 53 1241 488 1241 879 112 491 864 1391 1387 912 826 69 451 952 1024 400 1256 1321 1156 960 224 1318 1023 959 965 887 1309 1251 0 367 1011
1172 758 589 716 784 1088 744 831 1181 562 1104 1364 533 1174 708 784 592 829 998 874 800 601 471 195 522 523 707 660 383 429 1188 442 1040 104 348 1017 264 1017 655 313 267 640 1167 1163 688 602 406 227 728 800 435 1032 1097 932 736 351 1094 799 735 741 663 1085 1028 367 0 787
703 280 553 346 314 618 373 151 711 827 367 672 598 705 329 464 277 360 529 113 335 436 411 698 622 382 827 562 1013 964 680 562 571 840 992 548 576 548 408 942 565 426 507 693 374 287 1049 605 543 267 958 562 360 462 416 981 625 338 637 319 565 348 558 1011 787 0
EOF