NAME : tsp_problem
TYPE : TSP
DIMENSION : 36
EDGE_WEIGHT_TYPE : EXPLICIT
EDGE_WEIGHT_FORMAT : FULL_MATRIX
EDGE_WEIGHT_SECTION
0 758 241 758 834 158 380 613 729 538 717 674 428 265 345 147 534 569 435 442 406 89 774 108 816 575 676 289 264 258 637 269 455 726 735 214
758 0 768 1227 1446 614 636 191 1342 824 402 1287 850 536 465 640 474 267 690 750 767 684 1247 682 458 247 1289 674 867 608 1250 531 519 411 182 581
241 768 0 963 1039 221 507 623 934 696 844 879 633 353 433 156 543 695 561 647 610 165 978 164 942 702 881 494 469 267 842 358 581 853 744 223
758 1227 963 0 418 888 951 1082 214 1005 1302 259 895 991 993 877 811 1153 953 541 872 820 66 839 1400 1160 118 756 548 988 480 995 1039 1311 1204 945
834 1446 1039 418 0 964 1027 1415 390 1080 1378 242 970 1067 1147 953 1144 1229 1029 874 948 896 434 914 1476 1236 337 832 624 1064 338 1071 1115 1387 1471 1021
158 614 221 888 964 0 300 469 860 489 637 805 514 184 264 93 389 488 354 572 432 136 904 135 735 495 807 338 395 113 767 189 374 645 590 69
380 636 507 951 1027 300 0 605 922 223 567 867 248 256 336 379 525 418 89 684 166 381 966 399 666 425 869 254 448 347 830 261 234 576 660 319
613 191 623 1082 1415 469 605 0 1250 794 552 1255 819 391 320 495 329 416 659 605 737 538 1102 537 608 397 1154 643 836 463 1218 386 669 561 168 435
729 1342 934 214 390 860 922 1250 0 976 1273 230 866 962 1042 849 979 1124 924 709 844 791 229 810 1372 1131 132 727 519 959 451 967 1011 1282 1366 916
350 634 505 817 892 298 214 603 788 0 565 733 421 255 334 377 523 417 269 550 346 379 832 398 664 423 735 120 313 345 696 259 303 574 658 317
717 402 844 1302 1378 637 567 552 1273 756 0 1218 781 593 673 716 835 231 621 1035 699 718 1318 737 372 211 1220 605 799 684 1181 598 451 23 427 656
674 1287 879 259 242 805 867 1255 230 921 1218 0 811 908 987 794 984 1070 869 715 789 736 275 755 1317 1076 177 672 464 904 321 912 956 1227 1311 861
333 751 538 800 876 415 332 720 771 514 683 716 0 372 452 452 641 534 386 533 382 395 815 414 781 541 718 137 297 463 679 376 420 692 776 435
265 536 353 991 1067 184 256 391 962 445 593 908 470 0 100 225 311 445 311 587 388 265 1007 267 692 451 909 295 488 193 870 59 331 602 512 166
345 465 433 993 1147 264 336 320 1042 525 673 987 550 100 0 305 240 524 391 516 468 345 1013 347 772 531 989 374 568 273 950 95 410 682 441 246
147 640 156 877 953 93 379 495 849 568 716 794 547 225 305 0 415 567 433 562 511 72 893 70 814 574 796 408 384 139 756 230 453 725 616 96
534 474 543 811 1144 389 525 329 979 714 835 984 739 311 240 415 0 700 580 334 657 459 831 457 891 680 883 563 734 383 947 307 600 844 451 356
569 267 695 1153 1229 488 418 416 1124 607 231 1070 632 445 524 567 700 0 473 886 550 569 1169 588 297 56 1072 457 650 535 1032 449 302 239 291 508
435 690 561 953 1029 354 89 659 924 170 621 869 195 311 391 433 580 473 0 686 113 435 969 454 720 479 871 259 450 401 832 315 230 630 714 374
442 750 647 541 874 572 684 605 709 738 1035 715 628 587 516 562 334 886 686 0 605 504 561 523 1133 893 614 489 464 659 677 583 772 1044 727 629
406 767 610 872 948 432 166 736 844 165 699 789 115 388 468 511 657 550 113 605 0 468 888 486 797 557 791 211 369 479 751 393 307 708 792 451
89 684 165 820 896 136 381 538 791 570 718 736 490 265 345 72 459 569 435 504 468 0 836 54 816 576 738 351 326 183 699 270 455 727 660 139
774 1247 978 66 434 904 966 1102 229 1020 1318 275 910 1007 1013 893 831 1169 969 561 888 836 0 854 1416 1175 134 771 563 1004 495 1011 1055 1326 1224 960
108 682 164 839 914 135 399 537 810 588 737 755 508 267 347 70 457 588 454 523 486 54 854 0 835 594 757 370 345 181 718 272 474 745 658 137
816 468 942 1400 1476 735 666 618 1372 854 372 1317 879 692 772 814 901 297 720 1133 797 816 1416 835 0 277 1319 704 897 782 1279 696 549 381 493 755
575 247 702 1160 1236 495 425 397 1131 614 211 1076 639 451 531 574 680 56 479 893 557 576 1175 594 277 0 1078 463 657 542 1039 456 309 220 272 514
676 1289 881 118 337 807 869 1154 132 923 1220 177 813 909 989 796 883 1072 871 614 791 738 134 757 1319 1078 0 674 466 906 398 914 958 1229 1276 863
289 674 494 756 832 338 254 643 727 443 605 672 360 295 374 408 563 457 309 489 338 351 771 370 704 463 674 0 252 385 635 299 343 614 698 358
264 867 469 548 624 395 448 836 519 501 799 464 391 488 568 384 734 650 450 464 369 326 563 345 897 657 466 252 0 494 427 492 536 807 892 451
258 608 267 988 1064 113 347 463 959 536 684 904 561 193 273 139 383 535 401 659 479 183 1004 181 782 542 906 385 494 0 867 198 421 693 585 80
637 1250 842 480 338 767 830 1218 451 884 1181 321 774 870 950 756 947 1032 832 677 751 699 495 718 1279 1039 398 635 427 867 0 875 918 1190 1274 824
269 531 358 995 1071 189 261 386 967 450 598 912 475 59 95 230 307 449 315 583 393 270 1011 272 696 456 914 299 492 198 875 0 335 606 508 170
455 519 581 1039 1115 374 234 669 1011 364 451 956 389 331 410 453 600 302 230 772 307 455 1055 474 549 309 958 343 536 421 918 335 0 460 544 394
726 411 853 1311 1387 645 576 561 1282 764 23 1227 790 602 682 725 844 239 630 1044 708 727 1326 745 381 220 1229 614 807 693 1190 606 460 0 435 665
735 182 744 1204 1471 590 660 168 1366 849 427 1311 874 512 441 616 451 291 714 727 792 660 1224 658 483 272 1276 698 892 585 1274 508 544 435 0 557
214 581 223 945 1021 69 319 435 916 508 656 861 533 166 246 96 356 508 374 629 451 139 960 137 755 514 863 358 451 80 824 170 394 665 557 0
EOF