NAME : tsp_problem
TYPE : TSP
DIMENSION : 84
EDGE_WEIGHT_TYPE : EXPLICIT
EDGE_WEIGHT_FORMAT : FULL_MATRIX
EDGE_WEIGHT_SECTION
0 555 72 1085 477 1012 356 1094 398 382 708 887 431 774 864 639 362 377 605 626 584 661 822 481 420 409 1107 1105 492 303 601 452 554 288 500 623 872 523 1133 871 664 448 367 578 708 617 1118 615 712 324 470 1104 349 559 422 1179 703 481 666 585 1075 577 405 421 859 282 569 516 570 346 877 1067 583 408 995 498 432 534 263 201 310 297 450 1110
555 0 497 1012 198 938 230 1020 750 221 599 942 573 745 755 607 224 338 495 346 475 552 713 440 523 762 1033 1031 253 474 322 165 274 459 220 514 763 726 1059 762 555 800 720 298 944 763 1045 336 767 495 190 1068 701 86 158 1105 608 770 557 725 1075 297 546 774 750 453 806 657 96 449 768 993 657 550 1050 80 573 800 434 484 481 438 803 1036
72 497 0 1028 420 955 298 1036 340 325 651 829 374 716 806 582 304 319 547 568 527 603 765 424 362 351 1050 1047 434 245 544 394 496 230 442 565 814 465 1076 813 607 390 309 520 650 559 1061 558 654 266 412 1046 291 502 364 1121 645 423 609 527 1017 519 348 363 802 224 511 458 512 288 819 1009 526 351 937 440 374 477 205 143 252 239 393 1052
1085 1012 1028 0 880 148 848 229 1190 861 1201 328 987 369 1356 1209 854 748 1097 834 1077 1153 1315 640 697 826 112 140 984 1005 809 926 897 990 861 1115 1364 1315 268 1363 1157 1240 1159 921 1500 604 254 958 505 1026 889 146 873 1013 914 314 1210 1273 1159 821 153 920 942 805 1352 984 647 866 982 771 1369 202 1259 909 240 985 987 1326 965 1015 1012 908 1243 245
477 198 420 880 0 807 223 888 673 130 592 810 495 613 748 601 217 199 489 183 468 545 706 278 446 684 902 899 247 397 159 81 111 382 76 507 756 719 928 755 549 723 642 135 937 631 913 173 635 418 99 936 624 203 152 973 601 756 550 598 943 135 469 696 743 376 675 580 213 372 761 861 650 472 918 141 496 793 357 407 404 361 726 904
1012 938 955 148 807 0 775 98 1208 788 1128 386 914 296 1283 1136 781 675 1024 760 1003 1080 1242 567 624 843 169 167 911 932 736 853 824 917 788 1042 1291 1254 137 1290 1084 1257 1177 848 1473 621 122 885 563 953 816 204 891 940 841 183 1137 1291 1086 748 210 847 869 822 1279 911 665 793 909 698 1296 70 1186 836 297 912 914 1328 892 942 939 835 1260 113
356 230 298 848 223 775 0 856 551 145 400 778 374 581 556 408 54 139 296 371 276 353 514 244 324 563 870 867 167 275 347 191 299 260 245 315 564 527 896 563 356 601 521 323 745 599 881 361 603 296 215 904 502 235 97 941 409 571 358 526 911 322 347 575 551 254 643 458 245 250 569 829 458 351 886 173 374 601 235 285 282 239 604 872
1094 1020 1036 229 888 98 856 0 1289 869 1209 467 995 378 1365 1217 863 756 1105 842 1085 1162 1323 649 706 925 251 249 993 1013 818 934 905 998 870 1124 1373 1336 184 1372 1165 1339 1259 929 1554 703 52 967 644 1035 898 285 972 1022 923 230 1218 1372 1167 830 292 928 950 904 1360 993 746 875 990 780 1378 62 1267 917 379 994 996 1410 974 1023 1020 916 1342 160
398 750 340 1190 673 1208 551 1289 0 578 507 903 548 965 630 296 558 573 409 821 456 437 710 677 616 425 1141 1240 651 521 797 648 749 506 695 511 699 179 1329 637 553 214 82 773 474 633 1314 811 728 542 666 1120 365 755 617 1374 359 137 554 702 1091 772 522 437 682 500 585 633 765 541 657 1262 261 525 1011 693 549 300 481 302 528 414 107 1305
382 221 325 861 130 788 145 869 578 0 498 791 400 594 653 506 151 152 394 278 374 450 612 257 351 589 883 880 270 302 254 104 206 287 152 412 662 625 909 660 454 628 547 230 843 612 894 268 616 323 122 917 529 226 175 954 507 661 456 553 924 229 374 601 649 281 655 485 236 277 667 842 556 378 899 164 401 699 262 312 309 266 631 885
708 599 651 1201 592 1128 400 1209 507 498 0 1131 726 934 339 252 407 492 168 740 208 136 321 597 677 879 1222 1220 387 628 716 560 668 613 614 168 371 371 1248 346 163 478 535 692 529 952 1234 730 956 649 585 1257 819 604 466 1294 253 415 168 879 1264 692 700 891 358 607 995 810 614 602 366 1182 302 703 1239 542 727 445 588 638 635 591 476 1225
887 942 829 328 810 386 778 467 903 791 1131 0 868 558 1286 1139 785 678 1027 764 1007 1084 1245 570 578 539 279 378 914 890 740 856 827 875 791 1046 1295 1028 507 1293 1087 953 872 851 1213 317 492 889 218 912 820 258 586 944 844 552 1140 986 1089 703 229 850 823 518 1282 870 360 748 912 652 1300 440 1088 790 149 916 868 1039 851 791 897 789 956 483
431 573 374 987 495 914 374 995 548 400 726 868 0 671 882 735 380 395 623 644 602 679 840 499 317 560 1009 1006 510 351 619 470 572 336 518 641 890 673 1035 889 683 598 518 596 859 689 1020 633 693 372 488 1043 500 577 440 1080 735 631 684 403 1050 595 78 572 877 330 719 334 588 266 895 968 734 98 976 516 39 685 311 282 358 170 601 1011
774 745 716 369 613 296 581 378 965 594 934 558 671 0 1089 942 588 481 830 567 810 887 1048 373 381 601 391 388 717 693 543 659 630 678 594 849 1098 1061 417 1096 890 1015 934 654 1275 379 402 692 382 715 623 425 648 747 647 462 943 1048 892 506 432 653 626 580 1085 673 422 551 715 455 1103 350 992 593 519 719 671 1101 654 703 700 592 1018 393
864 755 806 1356 748 1283 556 1365 640 653 339 1286 882 1089 0 384 562 648 300 896 348 253 156 752 833 1011 1378 1376 542 783 872 715 824 768 770 314 93 503 1404 42 262 610 667 848 527 1108 1389 886 1111 805 740 1412 951 760 622 1450 385 547 292 1035 1419 847 856 1023 75 763 1151 966 770 758 62 1337 434 859 1395 698 882 577 744 793 790 747 608 1381
639 607 582 1209 601 1136 408 1217 296 506 252 1139 735 942 375 0 415 500 153 749 200 181 455 605 685 667 1231 1228 395 636 725 568 677 621 623 256 443 159 1257 381 297 266 323 701 383 875 1242 739 964 657 593 1265 607 612 475 1302 104 203 299 887 1272 700 709 679 426 615 827 819 623 611 401 1190 90 712 1247 550 735 233 596 544 643 600 264 1233
362 224 304 854 217 781 54 863 558 151 407 785 380 588 562 415 0 146 303 365 283 359 521 250 331 569 876 874 161 282 341 185 294 267 240 321 570 533 902 569 363 608 527 317 752 606 887 355 609 303 210 910 509 229 91 948 416 578 365 533 917 317 354 581 558 261 649 464 239 256 575 836 465 357 893 167 380 607 242 291 289 245 610 879
377 338 319 748 247 675 139 756 573 152 492 678 395 481 648 500 146 0 388 395 368 445 606 144 342 584 770 767 276 296 371 222 323 281 269 407 656 619 796 655 448 622 542 347 837 499 781 385 503 318 240 804 524 343 206 841 501 656 450 466 811 347 369 596 643 276 543 479 354 271 661 729 550 372 786 281 395 693 257 306 303 260 625 772
605 495 547 1097 489 1024 296 1105 409 394 168 1027 623 830 300 153 303 388 0 637 88 98 343 493 573 780 1119 1116 283 524 613 456 565 509 511 144 369 272 1145 307 185 379 436 589 490 848 1130 626 852 545 481 1153 720 500 363 1190 154 316 187 775 1160 588 596 792 352 503 892 707 511 499 327 1078 203 600 1135 438 623 346 484 534 531 488 377 1121
527 489 470 739 397 666 290 747 723 303 642 669 545 472 798 651 296 190 539 0 518 595 756 135 333 712 761 758 426 447 380 372 468 432 420 557 806 769 787 805 599 773 692 492 988 490 772 529 494 468 390 795 674 494 356 832 652 806 600 457 802 491 519 691 794 426 533 502 504 407 811 720 701 522 777 432 546 843 407 457 454 410 776 763
850 756 793 1357 749 1284 557 1366 506 654 400 1287 883 1090 523 251 563 649 301 897 0 330 603 753 833 878 1379 1376 543 784 873 716 825 769 771 404 592 369 1405 530 445 477 534 849 594 1086 1390 887 1112 806 741 1413 818 760 623 1450 252 414 447 1035 1420 848 857 890 574 763 1037 967 771 759 550 1338 301 860 1395 699 883 444 744 755 791 748 475 1381
661 552 603 1153 545 1080 353 1162 437 450 136 1084 679 887 253 181 359 445 98 693 145 0 385 549 630 808 1175 1173 340 580 669 513 621 566 567 200 322 300 1201 260 241 408 465 645 443 905 1186 683 908 602 537 1209 748 557 419 1247 182 344 243 832 1216 644 653 820 305 560 948 763 567 555 280 1135 231 656 1192 495 679 374 541 590 587 544 405 1178
822 713 765 1315 706 1242 514 1323 710 612 321 1245 840 1048 156 455 521 606 343 854 322 385 0 711 791 1029 1336 1334 501 742 830 674 782 727 729 233 150 573 1362 149 181 681 738 806 659 1066 1348 844 1070 763 699 1371 969 718 580 1408 456 618 211 993 1378 806 814 1041 133 721 1109 925 728 716 129 1296 505 817 1353 656 841 647 702 752 749 705 678 1339
481 443 424 640 352 567 244 649 677 257 597 570 499 373 752 605 250 144 493 306 473 549 711 0 234 613 662 659 380 401 282 326 369 386 333 511 760 723 688 759 553 727 646 393 942 391 673 430 395 422 344 696 628 448 310 733 606 760 555 358 703 392 473 592 748 380 435 404 454 308 765 621 655 446 678 386 500 797 361 411 408 365 730 664
420 523 362 697 446 624 324 706 616 351 677 578 317 381 833 685 331 342 573 428 553 630 791 234 0 621 719 716 460 340 404 421 491 325 455 592 841 741 745 839 633 666 585 515 926 400 730 553 403 361 439 753 567 528 390 791 686 699 635 277 760 514 273 600 828 319 443 231 538 102 846 678 735 239 687 466 318 752 300 349 347 238 668 721
409 762 351 826 684 843 563 925 425 589 879 539 560 601 1001 667 569 584 780 807 791 808 1029 613 621 0 777 875 699 532 783 659 761 517 707 830 1070 550 964 1008 871 475 395 785 736 269 949 822 363 553 677 755 108 766 629 1010 730 508 873 713 727 784 533 98 1053 511 220 644 777 553 1028 897 611 537 647 705 560 562 492 313 539 425 478 940
1107 1033 1050 112 902 169 870 251 1141 883 1222 279 1009 391 1378 1231 876 770 1119 855 1098 1175 1336 662 719 777 0 161 1006 1027 831 948 919 1012 883 1137 1386 1266 290 1385 1179 1191 1110 943 1451 555 276 980 456 1048 911 97 824 1035 936 336 1232 1224 1180 843 104 942 964 756 1374 1006 598 888 1004 793 1391 224 1281 931 191 1007 1009 1277 987 1029 1034 929 1194 267
1105 1031 1047 140 899 167 867 249 1240 880 1220 378 1006 388 1376 1228 874 767 1116 853 1096 1173 1334 659 716 875 161 0 1003 1024 829 945 916 1009 881 1135 1384 1347 288 1383 1176 1289 1209 940 1550 653 273 978 555 1046 909 196 923 1033 933 333 1229 1322 1178 841 203 939 961 854 1371 1003 697 886 1001 790 1389 221 1278 928 289 1005 1006 1376 984 1034 1031 927 1292 264
492 253 434 984 247 911 167 993 651 270 387 914 510 717 542 395 161 276 283 395 263 340 501 380 460 699 1006 1003 0 411 371 214 323 396 269 302 551 514 1032 549 343 621 657 347 732 735 1017 385 739 433 239 1040 639 258 121 1077 396 558 345 662 1047 346 484 711 538 390 779 594 269 386 556 965 445 487 1022 197 510 588 371 421 418 375 619 1008
303 474 245 1005 397 932 275 1013 521 302 628 890 351 693 783 636 282 296 524 545 504 580 742 401 340 532 1027 1024 411 0 521 371 473 58 419 543 792 646 1053 790 584 571 490 497 831 712 1038 535 715 194 389 1061 472 479 341 1098 637 604 586 504 1068 496 325 544 779 151 692 435 489 265 797 986 686 328 998 417 351 657 132 262 179 216 573 1029
547 508 489 758 417 685 309 767 743 322 662 689 565 492 818 671 316 209 559 424 538 615 776 154 353 732 780 778 446 466 0 392 487 452 439 577 826 789 806 825 618 792 712 511 1007 510 792 549 514 488 410 815 694 513 376 852 671 826 620 477 821 511 539 711 813 446 553 522 524 427 831 740 720 542 797 451 565 863 427 476 473 430 795 783
452 165 394 926 81 853 191 934 648 104 560 856 470 659 715 568 185 222 456 229 436 513 674 324 421 659 948 945 214 371 205 0 157 356 103 475 724 687 974 722 516 697 617 181 905 677 959 219 681 393 73 982 599 170 119 1019 569 730 518 623 989 180 444 671 711 351 720 554 180 346 729 907 618 447 964 108 470 761 332 381 378 335 700 950
464 425 406 809 334 736 226 818 659 239 579 740 482 543 734 587 233 126 475 475 455 531 693 205 404 671 831 829 362 383 451 308 0 368 356 494 743 706 857 741 535 709 629 434 924 561 843 472 565 404 326 866 610 430 292 903 588 742 537 528 872 433 455 683 730 362 604 566 440 358 748 791 637 459 848 368 482 780 343 393 390 347 712 834
288 459 230 990 382 917 260 998 506 287 613 875 336 678 768 621 267 281 509 530 489 566 727 386 325 517 1012 1009 396 58 506 356 458 0 404 528 777 631 1038 775 569 556 475 482 816 697 1023 520 700 179 374 1046 457 464 326 1083 622 589 571 489 1053 481 310 529 764 136 677 420 474 250 782 971 671 313 984 402 336 642 117 247 164 201 558 1014
500 220 442 861 76 788 245 870 695 152 614 791 518 594 770 623 240 180 511 165 490 567 729 259 455 707 883 881 269 419 140 103 93 404 0 529 778 741 909 777 571 745 665 117 960 613 894 154 616 440 85 917 647 225 174 955 624 778 573 580 924 116 492 719 766 398 656 602 235 394 783 842 673 495 899 163 518 815 379 429 426 383 748 885
623 514 565 1115 507 1042 315 1124 511 412 168 1046 641 849 314 256 321 407 144 655 123 200 233 511 592 830 1137 1135 302 543 631 475 583 528 529 0 283 374 1163 308 75 482 539 607 592 867 1148 645 870 564 500 1171 770 519 381 1209 256 419 80 794 1178 606 615 842 270 522 910 725 529 517 288 1097 306 618 1154 457 641 448 503 552 550 506 479 1140
872 763 814 1364 756 1291 564 1373 709 662 371 1295 890 1098 93 453 570 656 369 904 372 322 150 760 841 1079 1386 1384 551 792 880 724 832 777 778 283 0 572 1412 86 230 679 736 856 596 1116 1398 894 1119 813 749 1421 1019 768 630 1458 454 616 261 1043 1427 855 864 1091 70 771 1159 974 778 766 66 1346 503 867 1403 706 890 646 752 801 799 755 677 1389
523 726 465 1315 719 1254 527 1336 179 625 371 1028 673 1061 493 159 533 619 272 867 319 300 573 723 741 550 1266 1347 514 646 843 687 795 631 741 374 562 0 1375 500 416 301 206 819 417 758 1361 857 853 667 712 1245 490 731 593 1421 222 177 417 826 1216 818 647 562 545 625 710 757 741 666 520 1309 124 650 1136 669 673 267 606 427 653 538 147 1352
1133 1059 1076 268 928 137 896 184 1329 909 1248 507 1035 417 1404 1257 902 796 1145 881 1124 1201 1362 688 745 964 290 288 1032 1053 857 974 945 1038 909 1163 1412 1375 0 1411 1205 1378 1298 969 1594 742 209 1006 684 1074 937 325 1012 1061 962 126 1258 1411 1206 869 331 968 990 943 1400 1032 786 914 1030 819 1417 157 1307 957 418 1033 1035 1449 1013 1062 1060 955 1381 86
871 762 813 1363 755 1290 563 1372 647 660 346 1293 889 1096 42 391 569 655 307 903 355 260 149 759 839 1018 1385 1383 549 790 879 722 831 775 777 308 86 510 1411 0 256 617 674 855 534 1115 1396 893 1118 812 747 1419 958 766 629 1457 392 554 286 1041 1426 854 863 1030 69 769 1158 973 777 765 65 1344 441 866 1401 705 889 584 750 800 797 754 615 1387
664 555 607 1157 549 1084 356 1165 553 454 163 1087 683 890 262 297 363 448 185 697 165 241 181 553 633 871 1179 1176 343 584 673 516 625 569 571 75 230 416 1205 256 0 523 580 649 634 908 1190 686 912 605 541 1213 811 560 422 1250 298 460 53 835 1220 648 656 883 218 563 952 767 571 559 236 1138 347 660 1195 498 683 490 544 594 591 548 521 1181
448 800 390 1240 723 1257 601 1339 214 628 478 953 598 1015 601 266 608 622 379 871 426 408 681 727 666 475 1191 1289 621 571 847 697 799 556 745 482 669 301 1378 608 523 0 183 823 335 683 1364 861 778 592 715 1170 415 805 667 1424 330 297 525 751 1141 822 572 487 652 550 635 682 815 591 627 1312 210 575 1061 743 598 161 531 352 578 463 266 1355
367 720 309 1159 642 1177 521 1259 82 547 535 872 518 934 658 323 527 542 436 791 483 465 738 646 585 395 1110 1209 657 490 766 617 719 475 665 539 726 206 1298 665 580 183 0 743 443 603 1283 780 697 511 635 1089 335 724 587 1343 387 165 582 671 1060 742 492 407 709 469 554 602 735 511 684 1231 289 495 980 663 518 269 450 272 497 383 134 1274
440 401 382 786 310 712 202 794 635 215 555 716 458 519 710 563 209 102 451 451 431 508 669 182 380 647 807 805 338 359 427 284 386 344 332 470 719 682 833 717 511 685 605 0 900 537 819 448 541 380 302 842 587 406 268 879 564 718 513 504 849 409 432 659 706 338 580 542 416 334 724 767 613 435 824 344 458 756 319 369 366 323 688 810
708 944 650 1500 937 1473 745 1554 474 843 529 1213 859 1275 527 383 752 837 490 1086 537 443 659 942 926 736 1451 1550 732 831 1062 905 1014 816 960 592 596 417 1594 534 634 335 443 1038 0 944 1579 1075 1038 852 930 1430 676 949 811 1639 446 462 636 1012 1401 1037 832 748 579 810 895 943 959 852 554 1527 327 836 1321 887 859 301 791 612 838 724 522 1570
617 763 559 604 631 621 599 703 633 612 952 317 689 379 1108 875 606 499 848 585 828 905 1066 391 400 269 555 653 735 712 561 677 648 697 613 867 1116 758 742 1115 908 683 603 672 944 0 728 710 142 733 641 534 316 765 665 788 938 716 910 524 505 671 644 248 1103 691 151 569 733 474 1121 676 819 611 425 737 690 770 672 521 719 610 686 719
1118 1045 1061 254 913 122 881 52 1314 894 1234 492 1020 402 1389 1242 887 781 1130 867 1110 1186 1348 673 730 949 276 273 1017 1038 843 959 930 1023 894 1148 1398 1361 209 1396 1190 1364 1283 954 1579 728 0 992 669 1059 922 310 997 1047 947 254 1243 1397 1192 854 317 953 975 928 1385 1017 771 900 1015 804 1403 87 1292 942 404 1019 1020 1435 998 1048 1045 941 1366 185
396 357 338 741 266 668 158 750 591 171 511 672 414 475 666 519 165 58 407 407 387 463 625 137 336 603 763 761 294 315 383 240 342 300 288 426 675 638 789 673 467 641 561 366 856 493 775 0 497 336 258 798 542 362 224 835 520 674 469 460 804 365 387 615 662 294 536 498 372 290 680 723 569 391 780 300 414 712 275 325 322 279 644 766
712 767 654 505 635 563 603 644 728 616 956 218 693 382 1111 964 609 503 852 589 832 908 1070 395 403 363 456 555 739 715 564 681 652 700 616 870 1119 853 684 1118 912 778 697 676 1038 142 669 713 0 736 644 435 411 768 669 729 965 811 914 527 406 675 648 342 1107 694 185 573 737 477 1124 617 913 615 326 740 693 864 675 616 722 614 780 660
324 495 266 1026 418 953 296 1035 542 323 649 912 372 715 805 657 303 318 545 566 525 602 763 422 361 553 1048 1046 433 194 542 393 494 179 440 564 813 667 1074 812 605 592 511 518 852 733 1059 556 736 0 411 1082 493 500 363 1120 658 625 607 525 1089 518 346 565 800 73 713 456 511 286 818 1007 707 349 1020 438 373 678 80 284 48 237 595 1051
470 190 412 889 99 816 215 898 666 122 585 820 488 623 740 593 210 209 481 193 461 537 699 287 439 677 911 909 239 389 169 73 121 374 85 500 749 712 937 747 541 715 635 145 930 641 922 182 644 411 0 945 617 195 144 983 594 748 543 608 952 144 462 689 736 369 684 572 205 364 754 871 643 465 928 133 488 786 350 399 396 353 718 914
1104 1068 1046 146 936 204 904 285 1120 917 1257 258 1043 425 1412 1265 910 804 1153 890 1133 1209 1371 696 753 755 97 196 1040 1061 866 982 953 1046 917 1171 1421 1245 325 1419 1213 1170 1089 977 1430 534 310 1015 435 1082 945 0 803 1070 970 370 1266 1203 1215 877 50 976 998 734 1408 1040 577 923 1038 827 1426 258 1305 965 170 1042 1043 1256 1021 1008 1068 964 1173 301
349 701 291 873 624 891 502 972 365 529 819 586 500 648 941 607 509 524 720 773 731 748 969 628 567 108 824 923 639 472 748 599 701 457 647 770 1010 490 1012 948 811 415 335 724 676 316 997 762 411 493 617 803 0 706 569 1057 670 448 813 653 774 724 473 120 993 451 268 584 717 493 968 945 551 477 694 644 500 502 432 253 479 365 418 988
559 86 502 1013 203 940 235 1022 755 226 604 944 577 747 760 612 229 343 500 351 480 557 718 445 528 766 1035 1033 258 479 327 170 279 464 225 519 768 731 1061 766 560 805 724 303 949 765 1047 340 768 500 195 1070 706 0 163 1107 613 775 562 730 1076 302 551 778 755 458 808 662 101 454 773 995 662 554 1052 85 578 805 439 489 486 443 808 1038
422 158 364 914 152 841 97 923 617 175 466 844 440 647 622 475 91 206 363 300 342 419 580 310 390 629 936 933 121 341 276 119 228 326 174 381 630 593 962 629 422 667 587 252 811 665 947 289 669 363 144 970 569 163 0 1007 475 637 424 592 977 251 414 641 617 320 709 524 174 316 635 895 524 417 952 101 440 667 301 351 348 305 670 938
1179 1105 1121 314 973 183 941 230 1374 954 1294 552 1080 462 1450 1302 948 841 1190 927 1170 1247 1408 733 791 1010 336 333 1077 1098 903 1019 990 1083 955 1209 1458 1421 126 1457 1250 1424 1343 1014 1639 788 254 1052 729 1120 983 370 1057 1107 1007 0 1303 1457 1252 915 377 1013 1035 989 1445 1077 831 960 1075 864 1463 202 1352 1002 464 1079 1080 1495 1058 1108 1105 1001 1427 132
838 729 781 1331 723 1258 530 1339 614 628 314 1261 857 1064 313 359 537 622 275 871 322 228 444 727 807 986 1353 1350 517 758 847 690 799 743 745 378 381 478 1379 319 419 585 642 823 502 1082 1364 860 1086 779 715 1387 926 734 597 1424 0 522 421 1009 1394 822 830 998 364 737 1126 941 745 733 339 1312 409 834 1369 672 857 552 718 768 765 722 583 1355
481 770 423 1273 756 1291 571 1372 137 661 415 986 631 1048 537 203 578 656 316 904 363 344 618 760 699 508 1224 1322 558 604 880 730 832 589 778 419 606 177 1411 544 460 297 165 856 462 716 1397 894 811 625 748 1203 448 775 637 1457 267 0 462 784 1174 855 605 520 589 583 668 715 786 624 564 1345 169 608 1094 713 632 311 564 385 611 496 105 1388
666 557 609 1159 550 1086 358 1167 554 456 168 1089 684 892 292 299 365 450 187 698 167 243 211 555 635 873 1180 1178 345 586 674 518 627 571 573 80 261 417 1206 286 53 525 582 650 636 910 1192 688 914 607 543 1215 813 562 424 1252 300 462 0 837 1222 650 658 885 248 565 953 769 572 560 266 1140 349 661 1197 500 685 491 546 596 593 549 522 1183
585 725 527 821 598 748 526 830 702 553 879 703 403 506 1035 887 533 466 775 552 755 832 993 358 277 713 843 841 662 504 528 623 615 489 580 794 1043 826 869 1041 835 751 671 639 1012 524 854 677 527 525 608 877 653 730 592 915 888 784 837 0 884 638 358 724 1030 483 567 281 700 304 1048 802 887 325 811 668 403 838 464 435 511 324 754 846
1075 1075 1017 153 943 210 911 292 1091 924 1264 229 1050 432 1419 1272 917 811 1160 897 1140 1216 1378 703 760 727 104 203 1047 1068 872 989 960 1053 924 1178 1427 1216 331 1426 1220 1141 1060 984 1401 505 317 1021 406 1089 952 50 774 1076 977 377 1273 1174 1222 884 0 983 1005 706 1415 1047 548 929 1045 834 1432 265 1277 972 141 1048 1050 1227 1028 979 1075 971 1144 308
441 403 384 787 312 714 204 796 637 217 557 718 459 521 712 565 210 104 453 453 433 509 671 183 382 648 809 807 340 361 429 286 388 346 334 471 720 683 835 719 513 687 606 412 902 539 821 450 542 382 304 844 588 408 270 881 566 720 515 506 850 0 433 660 708 340 582 544 418 336 726 769 615 436 826 346 460 758 321 371 368 325 690 812
405 546 348 942 469 869 347 950 522 374 700 823 78 626 856 709 354 369 596 618 576 653 814 473 273 533 964 961 484 325 593 444 546 310 492 615 864 647 990 863 656 572 492 569 832 644 975 607 648 346 462 998 473 551 414 1035 709 605 658 358 1005 569 0 546 851 304 688 289 562 224 869 923 708 53 931 489 78 659 285 256 332 144 575 966
421 774 363 805 696 822 575 904 437 601 891 518 572 580 1013 679 581 596 792 786 803 820 1041 592 600 98 756 854 711 544 762 671 773 529 719 842 1082 562 943 1020 883 487 407 797 748 248 928 834 342 565 689 734 120 778 641 989 742 520 885 724 706 796 546 0 1065 523 200 656 789 565 1040 876 623 549 626 717 572 574 504 325 551 437 490 920
859 750 802 1352 743 1279 551 1360 691 649 358 1282 877 1085 75 436 558 643 352 892 360 305 133 748 828 1063 1374 1371 538 779 868 711 820 764 766 270 70 555 1400 69 218 662 719 844 579 1103 1385 881 1107 800 736 1408 1003 755 617 1445 437 599 248 1030 1415 843 851 1075 0 758 1146 962 765 754 49 1333 486 855 1390 693 878 629 739 789 786 743 660 1376
282 453 224 984 376 911 254 993 500 281 607 870 330 673 763 615 261 276 503 524 483 560 721 380 319 511 1006 1003 390 151 500 351 452 136 398 522 771 625 1032 769 563 550 469 476 810 691 1017 514 694 73 369 1040 451 458 320 1077 616 583 565 483 1047 475 304 523 758 0 671 414 468 244 776 965 665 307 978 396 330 636 48 241 58 195 553 1008
569 806 511 647 675 665 643 746 585 655 995 360 719 422 1151 827 649 543 892 628 871 948 1109 435 443 220 598 697 779 692 604 720 691 677 656 910 1159 710 786 1158 952 635 554 715 895 151 771 753 185 713 684 577 268 808 709 831 890 668 953 567 548 715 688 200 1146 671 0 612 776 517 1164 719 770 654 468 780 720 721 652 473 699 584 638 762
516 657 458 866 580 793 458 875 633 485 810 748 334 551 966 819 464 479 707 597 686 763 925 404 231 644 888 886 594 435 573 554 656 420 602 725 974 757 914 973 767 682 602 680 943 569 900 718 573 456 572 923 584 662 524 960 820 715 769 281 929 679 289 656 962 414 612 0 672 244 979 848 818 256 856 600 334 769 395 366 442 255 685 891
570 96 512 982 213 909 245 990 765 236 614 912 588 715 770 623 239 354 511 361 490 567 728 454 538 777 1004 1001 269 489 337 180 289 474 235 529 778 741 1030 777 571 815 735 313 959 733 1015 351 737 511 205 1038 717 101 174 1075 623 786 572 700 1045 312 562 789 765 468 776 672 0 464 783 963 672 565 1020 96 588 815 449 499 496 453 818 1006
346 449 288 771 372 698 250 780 541 277 602 652 266 455 758 611 256 271 499 502 478 555 716 308 102 553 793 790 386 265 478 346 448 250 394 517 766 666 819 765 559 591 511 472 852 474 804 510 477 286 364 827 493 454 316 864 612 624 560 304 834 471 224 565 754 244 517 244 464 0 771 752 661 191 760 392 266 678 225 275 272 164 594 795
877 768 819 1369 761 1296 569 1378 667 667 366 1300 895 1103 62 411 575 661 327 909 375 280 129 765 846 1038 1391 1389 556 797 885 729 837 782 783 288 66 530 1417 65 236 637 694 861 554 1121 1403 899 1124 818 754 1426 978 773 635 1463 412 574 266 1048 1432 861 869 1050 49 776 1164 979 783 771 0 1351 461 872 1408 711 895 604 757 806 804 760 635 1394
1067 993 1009 202 861 70 829 62 1262 842 1182 440 968 350 1337 1190 836 729 1078 815 1058 1135 1296 621 678 897 224 221 965 986 791 907 878 971 842 1097 1346 1309 157 1344 1138 1312 1231 902 1527 676 87 940 617 1007 871 258 945 995 895 202 1191 1345 1140 802 265 901 923 876 1333 965 719 848 963 752 1351 0 1240 890 352 967 968 1383 946 996 993 889 1315 133
583 657 526 1259 650 1186 458 1267 261 556 302 1088 734 992 424 90 465 550 203 799 250 231 505 655 735 611 1281 1278 445 686 775 618 727 671 673 306 493 124 1307 431 347 210 289 751 327 819 1292 788 913 707 643 1305 551 662 524 1352 154 169 349 887 1277 750 708 623 476 665 770 818 672 661 451 1240 0 711 1197 600 734 176 646 488 693 599 229 1283
408 550 351 909 472 836 351 917 525 378 703 790 98 593 859 712 357 372 600 621 579 656 817 446 239 537 931 928 487 328 597 447 549 313 495 618 867 650 957 866 660 575 495 573 836 611 942 610 615 349 465 965 477 554 417 1002 712 608 661 325 972 572 53 549 855 307 654 256 565 191 872 890 711 0 898 493 99 662 288 259 335 147 578 933
995 1050 937 240 918 297 886 379 1011 899 1239 149 976 519 1395 1247 893 786 1135 872 1115 1192 1353 678 687 647 191 289 1022 998 848 964 935 984 899 1154 1403 1136 418 1401 1195 1061 980 959 1321 425 404 997 326 1020 928 170 694 1052 952 464 1248 1094 1197 811 141 958 931 626 1390 978 468 856 1020 760 1408 352 1197 898 0 1024 976 1147 959 899 1005 897 1064 395
498 80 440 985 141 912 173 994 693 164 542 916 516 719 698 550 167 281 438 289 418 495 656 383 466 705 1007 1005 197 417 265 108 217 402 163 457 706 669 1033 705 498 743 663 241 887 737 1019 279 740 438 133 1042 644 85 101 1079 551 713 500 668 1048 240 489 717 693 396 780 600 96 392 711 967 600 493 1024 0 516 743 377 427 424 381 746 1010
432 573 374 987 496 914 374 996 549 401 727 868 39 671 882 735 380 395 623 644 603 679 841 500 318 560 1009 1006 510 351 620 470 572 336 518 641 890 673 1035 889 683 598 518 596 859 690 1020 634 693 373 488 1043 500 578 440 1080 736 632 685 403 1050 595 78 572 878 330 720 334 588 266 895 968 734 99 976 516 0 685 311 282 358 171 601 1011
534 800 477 1326 793 1328 601 1410 300 699 445 1039 685 1101 567 233 607 693 346 941 393 374 647 797 752 562 1277 1376 588 657 917 761 869 642 815 448 636 267 1449 574 490 161 269 893 301 770 1435 931 864 678 786 1256 502 805 667 1495 296 311 491 838 1227 893 659 574 619 636 721 769 815 678 594 1383 176 662 1147 743 685 0 617 439 664 550 353 1426
263 434 205 965 357 892 235 974 481 262 588 851 311 654 744 596 242 257 484 505 464 541 702 361 300 492 987 984 371 132 481 332 433 117 379 503 752 606 1013 750 544 531 450 457 791 672 998 495 675 80 350 1021 432 439 301 1058 597 564 546 464 1028 456 285 504 739 48 652 395 449 225 757 946 646 288 959 377 311 617 0 222 75 176 534 989
201 484 143 1015 407 942 285 1023 302 312 638 791 282 703 793 544 291 306 534 555 514 590 752 411 349 313 1029 1034 421 262 531 381 483 247 429 552 801 427 1062 800 594 352 272 507 612 521 1048 545 616 284 399 1008 253 489 351 1108 607 385 596 435 979 506 256 325 789 241 473 366 499 275 806 996 488 259 899 427 282 439 222 0 269 147 355 1039
310 481 252 1012 404 939 282 1020 528 309 635 897 358 700 790 643 289 303 531 552 511 587 749 408 347 539 1034 1031 418 179 528 378 480 164 426 550 799 653 1060 797 591 578 497 504 838 719 1045 542 722 48 396 1068 479 486 348 1105 644 611 593 511 1075 503 332 551 786 58 699 442 496 272 804 993 693 335 1005 424 358 664 75 269 0 223 580 1036
297 438 239 908 361 835 239 916 414 266 591 789 170 592 747 600 245 260 488 509 467 544 705 365 238 425 929 927 375 216 485 335 437 201 383 506 755 538 955 754 548 463 383 461 724 610 941 498 614 237 353 964 365 443 305 1001 601 496 549 324 971 460 144 437 743 195 584 255 453 164 760 889 599 147 897 381 171 550 176 147 223 0 466 932
450 803 393 1243 726 1260 604 1342 107 631 476 956 601 1018 598 264 610 625 377 874 424 405 678 730 668 478 1194 1292 619 573 850 700 802 558 748 479 667 147 1381 605 521 266 134 826 522 686 1366 864 780 595 718 1173 418 808 670 1427 327 105 522 754 1144 825 575 490 650 553 638 685 818 594 625 1315 229 578 1064 746 601 353 534 355 580 466 0 1358
1110 1036 1052 245 904 113 872 160 1305 885 1225 483 1011 393 1381 1233 879 772 1121 858 1101 1178 1339 664 721 940 267 264 1008 1029 834 950 921 1014 885 1140 1389 1352 86 1387 1181 1355 1274 945 1570 719 185 983 660 1051 914 301 988 1038 938 132 1234 1388 1183 846 308 944 966 920 1376 1008 762 891 1006 795 1394 133 1283 933 395 1010 1011 1426 989 1039 1036 932 1358 0
EOF