NAME : tsp_problem
TYPE : TSP
DIMENSION : 34
EDGE_WEIGHT_TYPE : EXPLICIT
EDGE_WEIGHT_FORMAT : FULL_MATRIX
EDGE_WEIGHT_SECTION
0 730 734 632 703 759 639 570 717 760 320 288 710 381 553 626 686 555 751 426 356 669 541 203 523 814 729 673 274 318 645 521 372 644
730 0 1241 1124 1405 63 1341 1272 1419 120 928 986 1201 1002 853 152 1388 670 53 1012 1054 1371 1032 688 1225 417 332 276 759 1020 147 1223 1043 1289
734 1241 0 276 267 1228 597 471 553 1173 782 741 306 405 447 1311 250 712 1238 632 734 626 265 805 414 1520 1435 1379 725 583 1306 478 446 208
632 1124 276 0 346 1110 676 550 632 1056 681 649 124 287 329 1193 329 595 1120 515 703 705 147 688 493 1418 1333 1277 608 662 1188 557 328 211
703 1405 267 346 0 1410 565 439 521 1356 751 710 274 587 629 1300 82 895 1420 815 703 595 447 878 383 1489 1404 1348 820 552 1320 447 628 177
759 63 1228 1110 1410 0 1370 1301 1448 106 957 1015 1188 989 839 180 1393 656 55 1040 1082 1399 1018 716 1254 445 360 304 787 1048 176 1251 1029 1275
639 1341 597 676 565 1370 0 236 179 1371 687 646 604 735 906 1237 548 1166 1362 780 639 196 777 814 306 1425 1340 1284 756 488 1256 186 726 506
570 1272 471 550 439 1301 236 0 340 1302 618 577 478 666 833 1168 422 1097 1293 711 570 265 651 745 128 1356 1271 1215 687 419 1187 111 657 380
717 1419 562 642 531 1448 179 340 0 1449 765 724 570 813 925 1315 514 1190 1440 858 717 149 743 892 337 1503 1418 1362 834 566 1334 291 804 472
760 120 1173 1056 1356 106 1371 1302 1449 0 958 1016 1133 934 785 189 1339 602 116 993 1084 1400 964 668 1255 454 368 313 739 1050 184 1253 975 1221
229 928 782 681 751 957 687 618 765 958 0 96 758 430 601 824 734 753 949 475 163 717 589 401 571 1012 927 871 451 237 843 569 421 692
287 986 741 649 710 1015 646 577 724 1016 96 0 727 398 570 882 693 811 1007 443 122 676 558 459 530 1070 985 929 419 196 901 528 389 651
710 1201 306 124 274 1188 604 478 560 1133 758 727 0 365 407 1270 257 672 1198 592 741 633 225 765 421 1496 1410 1355 685 590 1266 485 406 207
381 1002 405 287 587 989 735 666 813 934 430 398 365 0 208 979 570 473 999 264 452 764 196 437 619 1167 1082 1027 357 413 998 616 121 452
553 853 447 329 629 839 906 833 915 785 601 570 407 208 0 922 612 324 849 435 623 936 238 608 776 1147 1062 1006 528 585 917 788 249 494
626 152 1311 1193 1300 180 1237 1168 1315 189 824 882 1270 979 922 0 1283 739 173 907 949 1266 1101 583 1121 312 227 171 654 915 66 1118 970 1241
686 1388 250 329 82 1393 548 422 504 1339 734 693 257 570 612 1283 0 877 1403 797 685 578 430 860 365 1472 1386 1331 802 535 1302 430 611 159
555 670 712 595 895 656 1166 1097 1180 602 753 811 672 473 324 739 877 0 666 701 879 1195 503 463 1042 964 879 823 534 844 734 1047 514 760
751 53 1238 1120 1420 55 1362 1293 1440 116 949 1007 1198 999 849 173 1403 666 0 1033 1075 1392 1029 709 1246 438 353 297 779 1041 168 1244 1040 1285
426 1012 632 515 815 1040 780 711 858 993 475 443 592 264 435 907 797 701 1033 0 497 809 423 361 664 1096 1010 955 281 458 926 661 333 680
354 1054 734 703 703 1082 639 570 717 1084 163 122 741 452 623 949 685 879 1075 497 0 668 611 526 523 1138 1052 997 473 188 968 521 443 643
669 1371 626 705 595 1399 196 265 149 1400 717 676 633 764 936 1266 578 1195 1392 809 668 0 806 843 336 1455 1369 1314 785 518 1285 216 755 536
541 1032 265 147 447 1018 777 651 733 964 589 558 225 196 238 1101 430 503 1029 423 611 806 0 596 594 1326 1241 1186 516 573 1096 658 236 312
203 688 805 688 878 716 814 745 892 668 401 459 765 437 608 583 860 463 709 361 526 843 596 0 698 771 686 631 108 492 602 695 428 818
523 1225 414 493 383 1254 306 128 337 1255 571 530 421 619 776 1121 365 1042 1246 664 523 336 594 698 0 1309 1224 1168 640 372 1140 186 610 323
814 417 1520 1418 1489 445 1425 1356 1503 454 1012 1070 1496 1167 1147 312 1472 964 438 1096 1138 1455 1326 771 1309 0 180 267 842 1104 331 1307 1158 1430
729 332 1435 1333 1404 360 1340 1271 1418 368 927 985 1410 1082 1062 227 1386 879 353 1010 1052 1369 1241 686 1224 180 0 181 757 1018 246 1221 1073 1344
673 276 1379 1277 1348 304 1284 1215 1362 313 871 929 1355 1027 1006 171 1331 823 297 955 997 1314 1186 631 1168 267 181 0 701 963 190 1166 1017 1289
274 759 725 608 820 787 756 687 834 739 451 419 685 357 528 654 802 534 779 281 473 785 516 108 640 842 757 701 0 435 673 637 347 760
318 1020 583 662 552 1048 488 419 566 1050 237 196 590 413 585 915 535 844 1041 458 188 518 573 492 372 1104 1018 963 435 0 934 370 404 493
645 147 1306 1188 1320 176 1256 1187 1334 184 843 901 1266 998 917 66 1302 734 168 926 968 1285 1096 602 1140 331 246 190 673 934 0 1137 989 1260
521 1223 478 557 447 1251 186 111 291 1253 569 528 485 616 788 1118 430 1047 1244 661 521 216 658 695 186 1307 1221 1166 637 370 1137 0 607 388
372 1043 446 328 628 1029 726 657 804 975 421 389 406 121 249 970 611 514 1040 333 443 755 236 428 610 1158 1073 1017 347 404 989 607 0 493
644 1289 208 211 177 1275 506 380 462 1221 692 651 207 452 494 1241 159 760 1285 680 643 536 312 818 323 1430 1344 1289 760 493 1260 388 493 0
EOF