NAME : tsp_problem
TYPE : TSP
DIMENSION : 62
EDGE_WEIGHT_TYPE : EXPLICIT
EDGE_WEIGHT_FORMAT : FULL_MATRIX
EDGE_WEIGHT_SECTION
0 446 457 852 91 689 458 250 779 773 867 528 485 553 478 186 775 716 507 510 832 764 237 1114 165 474 601 162 744 856 406 607 636 289 391 527 532 760 266 437 124 821 399 460 911 479 536 418 838 585 886 508 505 418 912 815 768 775 573 489 271 289
446 0 436 649 429 717 300 446 807 570 664 507 466 133 58 502 803 744 162 117 812 560 351 814 533 478 256 427 540 653 443 262 615 435 94 377 235 557 321 382 352 849 425 384 707 321 191 456 635 240 866 395 301 121 567 794 796 571 552 468 427 327
457 436 0 961 439 318 448 678 408 882 976 108 779 543 467 530 404 344 571 500 489 873 581 1219 592 791 666 506 853 965 311 672 466 717 381 690 521 870 610 694 363 450 738 697 1020 469 600 299 948 650 525 708 614 408 972 555 397 884 403 319 699 338
853 649 961 0 836 1194 922 679 1283 382 336 1032 451 676 653 805 1279 1220 607 711 1337 233 654 583 766 463 701 730 213 30 910 707 1057 668 716 360 832 131 624 494 764 1325 538 431 323 943 636 922 44 685 1391 379 389 743 635 1319 1273 152 1077 994 660 794
91 429 439 835 0 672 440 267 761 756 850 510 503 535 460 168 757 698 489 493 815 746 219 1096 182 491 584 145 726 839 388 590 619 306 373 509 514 743 248 440 106 803 417 442 893 461 518 401 821 568 869 490 487 400 895 797 751 757 555 472 288 272
689 717 318 1194 672 0 729 911 257 1115 1209 264 898 824 749 762 137 78 848 781 250 1106 813 1455 825 886 943 739 1086 1198 329 949 748 950 662 922 803 1102 842 927 596 210 937 929 1252 750 878 317 1180 927 285 940 846 689 1254 315 157 1116 684 576 931 444
458 300 448 922 440 729 0 679 819 843 937 519 739 290 283 531 815 755 398 247 823 834 582 972 593 751 492 507 814 926 455 420 627 708 219 650 269 830 594 655 364 861 699 658 981 37 427 467 908 476 877 669 575 199 725 806 808 845 563 480 700 339
250 446 678 679 267 911 679 0 1000 600 693 749 268 473 450 361 996 937 404 509 1054 590 211 940 120 256 498 287 570 683 627 504 857 101 513 352 629 587 180 219 345 1042 182 285 737 700 433 639 665 483 1108 333 331 540 809 1036 989 601 794 710 93 510
779 807 408 1283 761 257 819 1000 0 1204 1298 354 987 913 838 852 277 229 938 871 455 1195 903 1545 914 976 1032 828 1175 1287 419 1038 837 1039 751 1011 892 1191 932 1016 685 416 1027 1019 1342 840 967 406 1269 1017 491 1030 936 778 1343 521 363 1206 773 690 1021 534
846 641 954 374 828 1186 914 671 1275 0 346 1025 443 668 645 797 1271 1212 599 704 1329 253 646 474 758 455 693 723 233 378 902 650 882 660 708 352 824 361 616 487 756 1318 530 424 512 935 628 915 360 678 1383 371 381 735 460 1311 1265 264 931 986 652 786
868 664 976 336 851 1209 937 693 1298 381 0 1047 466 691 668 820 1294 1235 621 726 1352 200 669 432 781 478 716 745 180 340 925 722 1039 682 731 375 846 362 639 509 779 1340 553 446 225 958 651 937 322 700 1406 393 404 758 617 1334 1287 226 1088 1008 675 809
528 507 108 1032 510 264 519 749 354 953 1047 0 826 614 538 601 350 291 642 571 435 944 652 1290 663 814 737 577 924 1036 257 743 537 788 452 761 592 940 681 765 434 396 809 768 1091 540 671 245 1019 721 471 779 685 479 1043 501 343 955 474 390 770 372
485 466 779 451 503 898 739 268 987 372 466 826 0 493 470 493 984 924 424 529 1069 362 342 712 355 96 518 419 342 455 721 524 901 257 533 121 649 359 312 180 553 1030 208 117 509 760 453 708 437 503 1105 103 207 560 704 1135 977 373 894 811 249 611
553 133 543 676 535 824 290 473 913 597 691 614 493 0 88 529 910 850 151 79 918 588 378 725 560 505 245 455 568 680 550 173 550 462 175 404 199 584 348 409 459 956 453 411 734 311 180 562 662 230 972 422 328 155 478 901 903 598 598 575 454 434
478 58 467 653 460 749 283 450 838 574 668 538 470 88 0 506 834 775 166 72 843 565 356 770 538 482 261 432 545 657 475 218 595 439 125 381 192 561 325 386 384 880 430 389 712 304 195 487 639 245 897 400 306 148 523 825 828 576 583 500 432 358
331 403 435 707 314 668 436 504 757 628 722 506 524 431 408 0 753 694 361 466 811 619 395 968 467 536 456 381 599 711 384 462 614 493 369 435 510 615 365 440 238 799 483 442 765 457 391 396 693 440 865 453 359 396 767 793 746 629 551 468 485 268
775 803 404 1279 757 137 815 996 277 1200 1294 350 984 910 834 848 0 109 934 867 335 1191 899 1541 910 972 1028 824 1171 1283 415 1034 833 1035 748 1007 888 1187 928 1012 681 296 1023 1015 1338 836 963 402 1265 1013 371 1026 932 774 1339 401 243 1202 770 661 1017 530
716 744 344 1220 698 78 755 937 229 1141 1235 291 924 850 775 789 109 0 875 808 276 1132 840 1482 851 912 969 765 1112 1224 355 975 774 976 688 948 829 1128 869 953 622 236 963 955 1278 776 904 343 1206 953 312 967 872 715 1280 342 183 1142 710 602 958 471
508 162 571 607 491 848 398 404 938 528 621 642 424 151 166 460 934 875 0 186 947 518 309 726 491 436 116 385 498 611 564 182 551 393 229 335 306 515 279 340 418 980 383 342 665 419 50 577 593 100 1001 353 259 256 479 929 927 529 600 603 385 448
510 117 500 711 493 781 247 509 871 632 726 571 529 79 72 564 867 808 186 0 876 623 414 760 596 541 281 490 603 715 507 208 585 498 132 440 156 619 384 444 416 913 488 447 770 268 216 520 698 265 930 458 364 112 513 858 860 634 616 532 490 391
832 812 489 1337 815 250 823 1054 455 1258 1352 435 1069 918 843 906 335 276 947 876 0 1249 956 1336 968 1057 1041 882 1229 1341 500 928 583 1093 756 1065 897 1245 985 1070 739 131 1108 1072 1395 844 976 488 1323 1025 99 1083 989 783 1089 111 228 1259 519 371 1074 615
765 560 873 233 748 1106 834 590 1195 277 200 944 362 588 565 717 1191 1132 518 623 1249 0 566 447 678 374 613 642 56 237 822 619 936 579 628 272 743 259 536 406 675 1237 450 343 400 855 548 834 219 597 1303 290 301 655 514 1231 1184 123 985 905 572 705
237 351 581 654 219 813 582 211 903 575 669 652 342 378 356 188 899 840 309 414 956 566 0 916 298 354 404 114 546 658 529 410 760 200 419 327 534 562 72 258 248 945 281 261 713 603 339 542 641 388 1010 309 307 446 715 939 892 577 696 613 192 413
1115 814 1219 583 1098 1455 972 940 1545 627 432 1290 712 725 770 1066 1541 1482 726 760 1336 447 916 0 1028 724 821 992 427 587 1172 588 821 929 856 622 880 609 885 756 1025 1422 800 693 631 992 756 1184 569 805 1390 640 650 836 499 1318 1519 473 870 992 921 1055
165 533 592 766 182 825 593 120 914 687 781 663 355 560 538 321 910 851 491 596 968 678 298 1028 0 343 586 298 658 770 541 592 772 159 526 439 667 674 268 306 259 957 269 372 824 614 520 554 752 570 1022 420 418 553 897 950 904 688 708 625 141 425
474 478 791 463 491 886 751 256 976 384 478 814 96 505 482 505 972 912 436 541 1057 374 354 724 343 0 530 431 354 467 709 536 913 245 545 133 661 371 324 192 565 1018 196 129 521 772 465 696 449 515 1093 115 219 572 716 1123 965 385 906 823 237 623
603 256 666 701 585 943 492 498 1032 622 716 737 518 245 261 554 1028 969 116 281 1041 613 404 821 586 530 0 480 593 705 659 277 646 487 323 429 401 609 373 434 513 1075 478 437 760 513 90 672 687 60 1095 448 354 350 574 1024 1022 624 695 698 479 543
162 427 506 730 145 739 507 287 828 651 745 577 419 454 432 113 824 765 385 490 882 642 114 992 298 431 480 0 622 735 455 486 686 276 440 404 581 639 143 334 173 870 357 337 789 528 414 468 717 464 936 385 383 467 791 864 818 653 622 539 268 339
745 540 853 213 728 1086 814 570 1175 257 180 924 342 568 545 697 1171 1112 498 603 1229 56 546 427 658 354 593 622 0 217 802 599 916 559 608 252 723 239 516 386 655 1217 430 323 380 835 528 814 199 577 1283 270 281 635 494 1211 1164 103 965 885 552 685
858 653 965 30 840 1198 926 683 1287 386 340 1036 455 680 657 809 1283 1224 611 715 1341 237 658 587 770 467 705 735 217 0 914 711 1061 672 720 364 836 135 628 498 768 1330 542 436 327 947 640 927 35 689 1395 383 393 747 639 1323 1277 156 1081 998 664 798
406 443 311 910 388 329 455 627 419 831 925 257 721 550 475 479 415 355 564 507 500 822 529 1172 541 709 659 455 802 914 0 665 633 666 388 638 529 818 558 643 312 461 687 645 968 476 594 106 896 643 536 657 562 415 970 566 408 832 569 486 647 234
609 262 672 707 591 949 420 504 1038 628 722 743 524 173 218 560 1034 975 182 208 928 619 410 588 592 536 277 486 599 711 665 0 413 493 304 435 328 615 379 440 519 1014 484 443 766 440 211 678 693 261 982 454 360 284 341 910 1028 630 462 585 486 549
636 615 466 1057 619 748 627 857 837 1005 1030 537 901 550 595 709 833 774 551 585 583 936 760 821 772 913 646 686 916 1061 633 413 0 870 560 812 701 992 756 817 542 669 861 820 1143 648 580 646 1043 630 637 831 737 587 574 565 766 947 117 240 862 517
289 435 717 668 306 950 708 101 1039 589 682 788 257 462 439 350 1035 976 393 498 1093 579 200 929 159 245 487 276 559 672 666 493 870 0 502 341 618 576 169 208 384 1081 171 274 726 729 422 678 654 472 1147 322 320 529 798 1075 1028 590 833 749 82 549
391 94 381 716 373 662 219 513 751 637 731 452 533 175 125 464 748 688 229 132 756 628 419 856 526 545 323 440 608 720 388 304 560 502 0 444 154 624 388 449 297 794 493 451 774 240 258 400 702 308 810 463 368 65 610 739 741 638 496 413 494 271
527 377 690 360 509 922 650 352 1011 281 375 761 121 404 381 478 1007 948 335 440 1065 272 327 622 439 133 429 404 252 364 638 435 812 341 444 0 560 268 297 165 492 1054 209 102 419 671 364 651 346 414 1119 81 117 471 614 1047 1001 282 805 722 333 522
532 235 521 832 514 803 269 629 892 753 846 592 649 199 192 605 888 829 306 156 897 743 534 880 667 661 401 581 723 836 529 328 701 618 154 560 0 740 504 565 438 934 608 567 890 290 336 541 818 385 951 578 484 134 633 879 882 754 637 554 610 412
762 557 870 131 744 1102 830 587 1191 290 362 940 359 584 561 713 1187 1128 515 619 1245 259 562 609 674 371 609 639 239 135 818 615 992 576 624 268 740 0 532 402 672 1234 446 340 231 851 544 831 117 593 1299 287 297 651 623 1227 1181 178 985 902 568 702
266 321 610 624 248 842 594 180 932 545 639 681 312 348 325 217 928 869 279 384 985 536 72 885 268 324 373 143 516 628 558 379 756 169 388 297 504 532 0 228 277 974 250 230 682 615 308 571 610 358 1039 278 276 415 684 968 921 546 725 642 161 442
437 382 694 494 440 927 655 219 1016 415 509 765 180 409 386 409 1012 953 340 444 1070 406 258 756 306 192 434 334 386 498 643 440 817 208 449 165 565 402 228 0 469 1058 140 98 553 676 369 656 481 418 1124 146 251 476 745 1052 1006 417 810 727 200 527
124 352 363 764 106 596 364 345 685 685 779 434 553 459 384 197 681 622 418 416 739 675 248 1025 259 565 513 173 655 768 312 519 542 384 297 492 438 672 277 469 0 727 491 471 822 385 447 324 750 497 793 510 416 324 824 721 674 686 479 395 366 195
821 849 450 1325 803 210 861 1042 416 1246 1340 396 1030 956 880 894 296 236 980 913 131 1237 945 1422 957 1018 1075 870 1217 1330 461 1014 669 1081 794 1054 934 1234 974 1058 727 0 1069 1061 1384 882 1009 448 1312 1059 167 1072 978 821 1175 197 188 1248 605 457 1063 576
399 425 738 538 417 937 699 182 1027 459 553 809 208 453 430 431 1023 963 383 488 1108 450 281 800 269 196 478 357 430 542 687 484 861 171 493 209 608 446 250 140 491 1069 0 142 597 720 413 699 524 462 1144 190 295 520 789 1096 1016 461 854 770 163 570
460 384 697 431 442 929 658 285 1019 352 446 768 117 411 389 411 1015 955 342 447 1072 343 261 693 372 129 437 337 323 436 645 443 820 274 451 102 567 340 230 98 471 1061 142 0 490 679 371 658 418 421 1126 84 188 478 685 1055 1008 354 812 729 266 529
912 707 1020 323 894 1252 981 737 1342 440 225 1091 509 734 712 863 1338 1278 665 770 1395 400 713 631 824 521 760 789 380 327 968 766 1143 726 774 419 890 231 682 553 822 1384 597 490 0 1002 694 981 309 744 1449 437 447 801 773 1378 1331 365 1135 1052 718 852
479 321 469 943 461 750 37 700 840 864 958 540 760 311 304 552 836 776 419 268 844 855 603 992 614 772 513 528 835 947 476 440 648 729 240 671 290 851 615 676 385 882 720 679 1002 0 448 488 929 497 898 690 596 220 746 827 829 866 584 501 721 360
538 191 600 636 520 878 427 433 967 557 651 671 453 180 195 489 963 904 50 216 976 548 339 756 520 465 90 415 528 640 594 211 580 422 258 364 336 544 308 369 447 1009 413 371 694 448 0 606 622 74 1030 382 288 285 509 958 956 558 629 633 414 477
418 456 299 922 401 317 467 639 406 843 937 245 708 562 487 491 402 343 577 520 488 834 542 1184 554 696 672 468 814 927 106 678 646 678 400 651 541 831 571 656 324 448 699 658 981 488 606 0 909 656 524 669 575 427 983 554 395 845 582 499 660 221
840 635 948 44 822 1180 908 665 1269 368 322 1019 437 662 639 791 1265 1206 593 698 1323 219 641 569 752 449 687 717 199 35 896 693 1043 654 702 346 818 117 610 481 750 1312 524 418 309 929 622 909 0 672 1377 365 375 729 621 1305 1259 138 1063 980 646 780
587 240 650 685 570 927 476 483 1017 606 700 721 503 230 245 538 1013 953 100 265 1025 597 388 805 570 515 60 464 577 689 643 261 630 472 308 414 385 593 358 418 497 1059 462 421 744 497 74 656 672 0 1079 432 338 335 558 1008 1006 608 679 682 464 527
886 866 525 1391 869 285 877 1108 491 1312 1406 471 1105 972 897 960 371 312 1001 930 99 1303 1010 1390 1022 1093 1095 936 1283 1395 536 982 637 1147 810 1119 951 1299 1039 1124 793 167 1144 1126 1449 898 1030 524 1377 1079 0 1137 1043 837 1143 165 264 1313 573 425 1128 651
508 395 708 379 490 940 669 333 1030 299 393 779 103 422 400 459 1026 967 353 458 1083 290 309 640 420 115 448 385 270 383 657 454 831 322 463 81 578 287 278 146 510 1072 190 84 437 690 382 669 365 432 1137 0 135 490 632 1066 1019 301 824 740 314 540
506 301 614 389 488 846 575 331 936 310 404 685 207 328 306 457 932 872 259 364 989 301 307 650 418 219 354 383 281 393 562 360 737 320 368 117 484 297 276 251 416 978 295 188 447 596 288 575 375 338 1043 135 0 395 642 972 925 311 729 646 312 446
418 121 408 743 400 689 199 540 778 664 758 479 560 155 148 491 774 715 256 112 783 655 446 836 553 572 350 467 635 747 415 284 587 529 65 471 134 651 415 476 324 821 520 478 801 220 285 427 729 335 837 490 395 0 589 765 768 665 523 440 521 298
914 567 972 635 896 1254 725 809 1343 619 608 1043 704 478 523 865 1339 1280 479 513 1089 514 715 499 897 716 574 791 494 639 970 341 574 798 610 614 633 623 684 745 824 1175 789 685 773 746 509 983 621 558 1143 632 642 589 0 1071 1272 525 623 745 791 854
815 794 555 1319 797 315 806 1036 521 1240 1334 501 1135 901 825 888 401 342 929 858 111 1231 939 1318 950 1123 1024 864 1211 1323 566 910 565 1075 739 1047 879 1227 968 1052 721 197 1096 1055 1378 827 958 554 1305 1008 165 1066 972 765 1071 0 294 1242 501 353 1057 681
768 796 397 1273 751 157 808 989 363 1193 1287 343 977 903 828 841 243 183 927 860 228 1184 892 1519 904 965 1022 818 1164 1277 408 1028 766 1028 741 1001 882 1181 921 1006 674 188 1016 1008 1331 829 956 395 1259 1006 264 1019 925 768 1272 294 0 1195 702 554 1010 523
776 571 884 152 758 1116 845 601 1206 288 226 955 373 598 576 727 1202 1142 529 634 1259 123 577 473 688 385 624 653 103 156 832 630 947 590 638 282 754 178 546 417 686 1248 461 354 365 866 558 845 138 608 1313 301 311 665 525 1242 1195 0 996 916 582 716
573 552 403 1077 555 684 563 794 773 998 1078 474 894 598 583 646 770 710 600 616 519 985 696 870 708 906 695 622 965 1081 569 462 117 833 496 805 637 985 725 810 479 605 854 812 1135 584 629 582 1063 679 573 824 729 523 623 501 702 996 0 176 814 453
489 468 319 994 472 576 480 710 690 915 1008 390 811 575 500 562 661 602 603 532 371 905 613 992 625 823 698 539 885 998 486 585 240 749 413 722 554 902 642 727 395 457 770 729 1052 501 633 499 980 682 425 740 646 440 745 353 554 916 176 0 731 370
271 427 699 660 288 931 700 93 1021 581 675 770 249 454 432 342 1017 958 385 490 1074 572 192 921 141 237 479 268 552 664 647 486 862 82 494 333 610 568 161 200 366 1063 163 266 718 721 414 660 646 464 1128 314 312 521 791 1057 1010 582 814 731 0 531
289 327 338 794 272 444 339 510 534 715 809 372 611 434 358 362 530 471 448 391 615 705 413 1055 425 623 543 339 685 798 234 549 517 549 271 522 412 702 442 527 195 576 570 529 852 360 477 221 780 527 651 540 446 298 854 681 523 716 453 370 531 0
EOF