NAME : tsp_problem
TYPE : TSP
DIMENSION : 50
EDGE_WEIGHT_TYPE : EXPLICIT
EDGE_WEIGHT_FORMAT : FULL_MATRIX
EDGE_WEIGHT_SECTION
0 612 485 988 589 829 817 731 751 248 926 568 421 975 610 187 597 581 821 470 591 463 419 591 445 778 664 683 556 520 732 314 756 571 573 483 374 207 468 458 516 484 758 413 912 608 756 411 327 476
612 0 715 531 48 331 320 234 645 472 819 466 304 494 1039 582 280 555 324 1037 275 1030 299 968 623 672 92 576 454 1014 626 881 259 255 1140 1050 689 511 451 351 1083 526 652 320 644 1175 650 642 365 530
485 715 0 951 692 752 740 522 982 421 1157 800 594 914 373 455 783 335 744 491 778 584 592 303 677 1010 767 914 787 349 963 584 515 758 694 604 388 439 641 689 637 715 990 586 1065 729 987 101 500 230
988 531 951 0 508 250 306 470 420 828 595 772 640 171 1275 958 719 791 310 1392 713 1406 636 1204 999 557 583 462 759 1251 437 1257 495 693 1516 1426 1100 887 788 571 1459 902 425 657 298 1551 423 878 735 766
589 48 692 508 0 309 297 211 622 450 797 444 281 471 1016 560 258 532 301 1015 252 1008 277 945 601 649 100 554 431 992 603 859 236 232 1118 1028 666 488 428 329 1060 504 629 297 622 1153 627 619 343 507
829 331 752 250 309 0 106 271 486 629 727 683 441 213 1076 799 519 592 110 1193 514 1246 437 1005 840 623 384 528 670 1051 503 1097 296 494 1356 1266 901 727 589 568 1299 743 491 457 364 1391 489 679 536 567
817 320 740 306 297 106 0 259 490 617 731 671 430 269 1064 787 508 580 30 1181 502 1235 425 994 828 627 372 532 659 1040 507 1086 284 482 1345 1255 889 716 577 556 1288 731 495 446 368 1380 493 667 524 555
731 234 522 470 211 271 259 0 706 531 938 585 344 433 846 701 422 362 263 963 416 1016 339 775 742 791 286 695 573 821 723 867 66 396 1126 1036 671 630 491 470 1069 645 711 360 584 1161 709 449 438 337
751 645 982 420 622 486 490 706 0 746 376 534 590 407 1307 721 629 1027 494 1176 624 1169 588 1236 762 241 697 98 522 1227 45 1020 731 604 1279 1189 872 650 770 334 1222 665 57 638 344 1314 128 909 646 974
248 472 421 828 450 629 617 531 746 0 921 563 239 791 745 218 457 517 621 664 452 657 235 674 440 773 525 678 551 714 727 508 556 431 767 677 311 202 253 453 709 479 753 199 907 802 751 348 173 412
926 819 1157 583 797 737 741 938 376 921 0 709 764 658 1481 896 804 1253 745 1351 799 1344 763 1410 936 203 872 320 697 1401 369 1195 963 778 1454 1364 1047 824 944 509 1397 840 381 813 594 1489 363 1084 820 1148
568 466 800 772 444 683 671 585 534 563 709 0 411 759 1124 538 451 896 675 993 446 986 410 1053 342 562 519 466 68 1044 515 837 610 425 1096 1006 689 393 591 241 1039 246 542 460 695 1131 539 726 467 791
421 304 594 640 281 441 430 344 590 239 764 411 0 604 918 391 288 665 433 836 283 829 48 847 568 617 356 522 399 887 571 680 368 263 939 849 483 375 199 296 882 472 597 68 751 974 595 520 147 585
975 494 914 171 471 213 269 433 407 791 648 759 604 0 1238 945 682 755 273 1355 677 1393 599 1168 986 544 546 449 746 1214 424 1244 458 656 1503 1413 1063 874 751 558 1446 889 412 620 285 1538 410 841 699 730
610 1039 373 1275 1016 1076 1064 846 1307 745 1481 1124 918 1238 0 640 1107 659 1068 252 1102 345 916 115 1001 1334 1091 1238 1111 110 1288 454 839 1082 455 365 545 763 965 1013 398 1039 1314 910 1389 490 1312 425 824 554
187 582 455 958 560 799 787 701 721 218 896 538 391 945 640 0 567 551 791 500 562 492 389 620 415 748 635 653 526 550 702 343 726 541 602 512 345 177 438 428 545 454 728 383 882 637 726 382 297 446
597 280 783 719 258 519 508 422 629 457 804 451 288 682 1107 567 0 743 511 1022 210 1015 284 1037 608 656 333 561 438 1072 610 866 446 40 1125 1035 673 495 436 336 1068 511 636 304 790 1160 634 710 350 718
581 555 335 791 532 592 580 362 1027 517 1253 896 665 755 659 551 743 0 584 776 738 830 661 589 773 1106 607 1011 884 635 1044 681 355 718 940 850 484 535 737 786 883 812 1032 681 905 975 1030 262 596 151
821 324 744 310 301 110 30 263 494 621 735 675 433 273 1068 791 511 584 0 1185 506 1238 429 997 832 631 376 536 663 1043 511 1089 288 486 1348 1259 893 719 581 560 1291 735 499 450 372 1384 497 671 528 559
470 1037 491 1392 1015 1193 1181 963 1176 664 1351 993 836 1355 252 500 1022 776 1185 0 1017 205 835 232 871 1203 1090 1108 981 162 1157 314 956 997 315 225 405 633 884 883 258 909 1184 828 1337 350 1181 542 743 671
591 275 778 713 252 514 502 416 624 452 799 446 283 677 1102 562 210 738 506 1017 0 1010 279 1032 603 651 327 556 433 1067 605 861 441 184 1120 1030 668 490 430 331 1062 506 631 299 785 1155 629 705 345 713
463 1030 584 1406 1008 1246 1235 1016 1169 657 1344 986 829 1393 345 492 1015 830 1238 205 1010 0 828 326 863 1196 1083 1101 974 255 1150 307 1009 989 214 58 397 625 876 876 157 902 1176 821 1330 250 1174 635 736 725
419 299 592 636 277 437 425 339 588 235 763 410 48 599 916 389 284 661 429 835 279 828 0 846 567 615 352 520 398 885 569 679 364 258 938 848 482 373 195 295 881 470 596 64 749 973 593 519 142 583
591 968 303 1204 945 1005 994 775 1236 674 1410 1053 847 1168 115 620 1037 589 997 232 1032 326 846 0 930 1263 1020 1168 1041 91 1217 435 768 1011 436 346 526 692 894 942 378 968 1243 839 1318 471 1241 354 753 483
256 431 488 807 408 647 636 550 570 251 744 391 376 794 812 227 415 584 639 682 410 674 374 741 0 597 483 501 379 732 551 525 574 390 784 694 378 155 471 276 727 431 577 416 731 819 575 415 330 479
778 672 1010 557 649 623 627 791 241 773 203 562 617 544 1334 748 656 1106 631 1203 651 1196 615 1263 789 0 724 172 549 1254 222 1047 815 631 1306 1216 899 677 797 361 1249 692 248 665 481 1341 325 936 673 1001
664 92 767 583 100 384 372 286 697 525 872 519 356 546 1091 635 333 607 376 1090 327 1083 352 1020 676 724 0 629 506 1067 678 934 311 307 1193 1103 741 563 503 404 1135 579 704 372 697 1228 702 694 418 582
683 576 914 462 554 528 532 695 98 678 320 466 522 449 1238 653 561 1011 536 1108 556 1101 520 1168 694 172 629 0 454 1158 79 952 720 536 1211 1121 804 581 701 266 1154 597 105 570 385 1246 196 841 578 906
556 454 787 759 431 670 659 573 522 551 697 68 399 746 1111 526 438 884 663 981 433 974 398 1041 330 549 506 454 0 1031 503 825 598 413 1084 994 677 380 579 229 1027 233 529 448 683 1119 527 714 455 779
520 1014 349 1251 992 1051 1040 821 1227 714 1401 1044 887 1214 110 550 1072 635 1043 162 1067 255 885 91 921 1254 1067 1158 1031 0 1208 364 814 1047 365 275 455 683 934 933 308 959 1234 879 1364 400 1232 400 793 530
732 626 963 437 603 503 507 723 45 727 369 515 571 424 1288 702 610 1044 511 1157 605 1150 569 1217 743 222 678 79 503 1208 0 1001 748 585 1260 1170 853 631 751 315 1203 646 53 619 360 1295 144 890 627 955
314 881 584 1257 859 1097 1086 867 1020 508 1195 837 680 1244 454 343 866 681 1089 314 861 307 679 435 714 1047 934 952 825 364 1001 0 860 840 402 327 248 476 727 727 310 753 1027 672 1181 437 1025 511 587 576
756 259 515 495 236 296 284 66 731 556 963 610 368 458 839 726 446 355 288 956 441 1009 364 768 767 815 311 720 598 814 748 860 0 421 1119 1030 664 654 516 495 1062 670 736 385 609 1155 734 442 463 330
571 255 758 693 232 494 482 396 604 431 778 425 263 656 1082 541 40 718 486 997 184 989 258 1011 582 631 307 536 413 1047 585 840 421 0 1099 1009 648 470 410 310 1042 486 611 279 765 1134 609 685 324 693
573 1140 694 1516 1118 1356 1345 1126 1279 767 1454 1096 939 1503 455 602 1125 940 1348 315 1120 214 938 436 973 1306 1193 1211 1084 365 1260 402 1119 1099 0 235 507 735 986 986 125 1012 1286 931 1440 87 1284 745 846 835
483 1050 604 1426 1028 1266 1255 1036 1189 677 1364 1006 849 1413 365 512 1035 850 1259 225 1030 58 848 346 883 1216 1103 1121 994 275 1170 327 1030 1009 235 0 418 645 897 896 177 922 1196 841 1350 270 1194 655 756 745
374 689 388 1100 666 901 889 671 872 311 1047 689 483 1063 545 345 673 484 893 405 668 397 482 526 566 899 741 804 677 455 853 248 664 648 507 418 0 329 531 579 450 605 880 475 1033 543 877 315 390 379
207 511 439 887 488 727 716 630 650 202 824 393 375 874 763 177 495 535 719 633 490 625 373 692 270 677 563 581 380 683 631 476 654 470 735 645 329 0 422 356 678 308 657 367 811 770 655 366 281 430
468 451 641 788 428 589 577 491 770 253 944 591 199 751 965 438 436 737 581 884 430 876 195 894 660 797 503 701 579 934 751 727 516 410 986 897 531 422 0 476 929 651 777 159 902 1022 775 568 169 632
458 351 689 571 329 568 556 470 334 453 509 241 296 558 1013 428 336 786 560 883 331 876 295 942 468 361 404 266 229 933 315 727 495 310 986 896 579 356 476 0 929 372 341 345 495 1021 339 616 352 680
516 1083 637 1459 1060 1299 1288 1069 1222 709 1397 1039 882 1446 398 545 1068 883 1291 258 1062 157 881 378 916 1249 1135 1154 1027 308 1203 310 1062 1042 125 177 450 678 929 929 0 955 1229 874 1383 160 1227 688 788 778
364 404 596 780 382 621 609 523 543 359 718 365 349 767 920 334 389 692 613 790 384 782 348 849 501 570 457 475 352 840 524 633 548 364 892 802 486 263 529 250 835 0 551 398 704 927 548 523 405 587
758 652 990 425 629 491 495 711 57 753 381 542 597 412 1314 728 636 1032 499 1184 631 1176 596 1243 769 248 704 105 529 1234 53 1027 736 611 1286 1196 880 657 777 341 1229 672 0 646 349 1321 133 917 653 981
413 320 586 657 297 457 446 360 638 199 813 460 68 620 910 383 304 681 450 828 299 821 64 839 605 665 372 570 448 879 619 672 385 279 931 841 475 367 159 345 874 520 646 0 770 966 643 513 106 577
912 644 1065 298 622 364 368 584 344 907 585 695 751 285 1389 882 790 905 372 1337 785 1330 749 1318 923 481 697 385 683 1364 360 1181 609 765 1440 1350 1033 811 902 495 1383 826 349 770 0 1475 346 992 807 880
608 1175 729 1551 1153 1391 1380 1161 1314 802 1489 1131 974 1538 490 637 1160 975 1384 350 1155 250 973 471 1008 1341 1228 1246 1119 400 1295 437 1155 1134 87 270 543 770 1022 1021 160 1047 1321 966 1475 0 1319 780 881 870
756 650 987 423 627 489 493 709 128 751 363 539 595 410 1312 726 634 1030 497 1181 629 1174 593 1241 767 325 702 196 527 1232 144 1025 734 609 1284 1194 877 655 775 339 1227 670 133 643 346 1319 0 914 651 979
411 642 101 878 619 679 667 449 909 348 1084 726 520 841 425 382 710 262 671 542 705 635 519 354 604 936 694 841 714 400 890 511 442 685 745 655 315 366 568 616 688 642 917 513 992 780 914 0 427 157
327 365 500 735 343 536 524 438 646 173 820 467 147 699 824 297 350 596 528 743 345 736 142 753 519 673 418 578 455 793 627 587 463 324 846 756 390 281 169 352 788 528 653 106 807 881 651 427 0 491
476 530 230 766 507 567 555 337 974 412 1148 791 585 730 554 446 718 151 559 671 713 725 583 483 668 1001 582 906 779 530 955 576 330 693 835 745 379 430 632 680 778 706 981 577 880 870 979 157 491 0
EOF