NAME : tsp_problem
TYPE : TSP
DIMENSION : 62
EDGE_WEIGHT_TYPE : EXPLICIT
EDGE_WEIGHT_FORMAT : FULL_MATRIX
EDGE_WEIGHT_SECTION
0 711 767 400 735 622 620 828 181 716 456 475 129 669 227 421 96 267 332 327 411 461 294 704 450 792 419 602 423 475 660 800 670 394 468 375 515 617 617 300 75 616 504 134 638 748 682 597 206 722 699 781 204 341 274 563 403 350 367 307 754 461
711 0 1354 987 172 1209 1206 1415 865 168 293 440 763 1256 911 855 669 701 906 914 1011 881 978 1291 1032 138 853 162 932 1062 533 1387 57 489 1050 809 1033 1204 434 983 759 1203 942 818 1225 386 220 414 856 1309 1119 419 853 1025 957 983 971 888 532 581 392 895
767 1354 0 602 1329 277 320 99 612 1310 1099 1059 843 434 816 824 810 796 746 481 825 722 708 345 652 1386 774 1245 695 557 1254 137 1313 1037 670 815 716 341 1260 834 789 381 776 778 232 1342 1276 1240 911 364 480 1375 909 755 688 646 668 764 1010 950 1348 735
400 987 602 0 962 457 454 662 245 943 731 692 475 503 449 256 442 352 378 161 458 507 341 538 83 1019 206 877 126 180 886 634 945 669 101 247 148 451 892 467 422 451 208 410 472 974 908 872 544 556 645 1007 541 387 320 609 99 397 642 583 980 166
735 172 1329 962 0 1185 1182 1390 889 57 415 329 787 1231 935 830 693 676 1028 889 1115 1003 998 1266 1008 118 828 283 907 1037 421 1362 178 378 1026 784 1008 1179 556 1007 783 1178 917 842 1200 274 108 536 880 1284 1241 307 877 1045 977 1105 946 1010 421 491 281 870
622 1209 277 457 1185 0 177 351 467 1166 954 914 698 306 672 680 665 651 601 336 680 622 564 128 507 1241 629 1100 550 412 1109 357 1168 892 525 671 572 175 1115 690 644 253 631 633 148 1197 1131 1095 766 147 380 1230 764 610 543 546 523 620 865 805 1203 590
620 1206 320 454 1182 177 0 245 464 1163 951 912 695 303 669 677 662 648 598 333 677 686 561 140 504 1238 626 1097 547 409 1106 217 1165 889 522 668 569 57 1112 687 641 250 629 630 272 1194 1128 1092 763 159 444 1227 761 607 540 611 520 617 862 802 1200 587
828 1415 99 662 1390 351 245 0 673 1371 1159 1120 904 508 877 885 871 857 806 542 886 796 769 349 712 1447 835 1306 755 618 1315 62 1373 1097 730 876 777 266 1321 895 850 456 837 839 307 1403 1337 1301 972 368 555 1435 970 816 748 721 729 825 1070 1011 1409 796
181 865 612 245 889 467 464 673 0 870 610 629 257 514 232 397 224 368 176 172 256 306 139 548 295 946 347 756 267 320 814 645 824 548 313 388 359 462 771 265 203 461 349 192 483 902 836 751 326 567 544 934 323 186 118 408 248 195 521 461 908 308
716 168 1310 943 57 1166 1163 1371 870 0 411 310 768 1212 916 811 674 657 1016 870 1096 999 979 1247 989 114 809 279 888 1018 402 1343 174 359 1007 765 989 1160 552 989 764 1159 898 823 1181 255 89 532 861 1265 1237 288 858 1026 958 1101 927 1006 402 472 262 851
456 293 1099 731 415 954 951 1159 610 411 0 562 507 1000 655 599 413 445 651 658 755 625 722 1035 777 381 597 184 676 806 678 1131 252 412 795 553 777 948 199 728 503 948 686 562 969 628 462 179 600 1053 863 661 598 769 702 727 716 632 385 325 635 639
475 440 1059 692 329 914 912 1120 629 310 562 0 526 961 675 560 433 406 765 619 845 894 728 996 737 386 558 551 637 767 253 1092 446 186 755 514 738 909 724 747 523 908 647 582 930 341 275 704 619 1014 1103 374 617 774 707 997 676 784 229 300 347 600
129 763 843 475 787 698 695 904 257 768 507 526 0 745 186 473 172 318 291 403 449 420 333 779 526 843 470 653 498 551 711 875 721 445 544 426 590 693 668 258 79 692 560 93 714 799 733 648 130 798 658 832 127 379 312 522 478 310 418 358 805 512
698 1285 358 532 1260 268 332 432 543 1241 1029 990 774 0 747 755 741 727 637 412 741 518 639 336 582 1317 705 1176 626 488 1185 470 1243 967 600 746 647 329 1191 765 720 312 707 709 238 1273 1207 1171 842 355 277 1305 840 686 618 443 599 619 940 881 1279 666
227 911 816 449 935 672 669 877 232 916 655 675 186 718 0 602 270 467 264 376 422 393 305 753 499 992 551 802 472 524 859 849 869 593 517 575 564 666 817 86 177 665 553 121 687 947 882 797 254 771 631 980 251 352 285 495 452 283 566 507 954 512
370 804 770 403 779 625 622 831 343 760 548 509 422 672 547 0 328 246 476 330 556 605 439 707 453 836 398 695 412 478 704 803 762 486 471 354 518 620 710 565 418 619 487 477 641 792 726 690 515 725 814 824 512 485 418 708 392 495 459 400 798 440
96 669 810 442 693 665 662 871 224 674 413 433 172 712 270 379 0 225 374 370 453 503 337 746 492 750 377 560 456 518 617 842 627 351 510 333 557 660 574 342 118 659 466 177 681 705 639 555 248 764 741 738 246 383 316 605 445 393 324 265 712 419
267 701 796 352 676 651 648 857 368 657 445 406 318 698 467 185 225 0 502 356 581 631 464 732 362 733 183 591 262 500 600 828 659 383 380 139 363 646 606 539 315 645 272 374 667 688 622 586 411 751 839 721 409 511 444 733 301 521 356 296 694 225
332 906 746 378 1028 601 598 806 176 1016 651 765 291 647 264 531 374 502 0 305 209 165 235 682 428 994 481 797 401 454 960 778 865 698 446 522 493 596 812 282 282 595 483 225 617 1048 982 792 359 700 403 1081 356 281 214 267 381 87 671 611 1054 441
327 914 481 161 889 336 333 542 172 870 658 619 403 383 376 384 370 356 305 0 385 435 268 417 211 946 334 805 255 237 814 513 872 596 229 375 276 331 820 394 349 330 336 338 352 902 836 800 471 436 525 934 469 315 248 537 228 324 569 510 908 295
411 1011 825 458 1115 680 677 886 256 1096 755 845 449 727 422 610 453 581 209 385 0 269 284 761 508 1098 560 901 480 533 1039 857 969 777 526 601 572 675 916 440 433 674 562 384 696 1127 1061 897 517 780 507 1160 514 330 263 371 461 191 750 691 1133 521
461 881 712 507 1003 622 686 786 306 999 625 894 420 719 393 660 503 631 165 435 269 0 356 691 557 968 610 772 530 583 1088 825 839 822 575 651 622 684 787 411 411 667 612 355 593 1176 1050 767 488 709 284 1209 485 402 335 148 510 146 795 736 1183 570
294 978 708 341 998 564 561 769 139 979 722 728 333 610 305 493 337 464 235 268 284 356 0 645 391 1055 443 869 364 416 922 741 937 660 409 484 456 558 884 323 316 557 445 267 579 1010 945 864 400 663 594 1043 398 164 97 458 344 253 634 574 1017 404
704 1291 345 538 1266 128 140 349 548 1247 1035 996 779 387 753 761 746 732 682 417 761 691 645 0 588 1323 711 1181 631 493 1190 321 1249 973 606 752 653 142 1196 771 726 334 713 714 216 1278 1212 1176 848 36 449 1311 845 691 624 615 604 701 946 886 1284 671
450 1032 652 83 1008 507 504 712 295 989 777 737 526 553 499 266 492 362 428 211 508 557 391 588 0 1064 216 923 136 201 932 684 991 715 71 257 94 501 938 517 472 501 218 460 523 1020 954 918 594 606 695 1053 591 437 370 660 110 447 688 628 1026 177
792 138 1386 1019 118 1241 1238 1447 946 114 381 386 843 1288 992 887 750 733 994 946 1098 968 1055 1323 1064 0 885 249 964 1094 478 1419 144 435 1082 841 1065 1236 522 1064 840 1235 974 899 1257 331 165 502 937 1341 1207 364 934 1101 1034 1071 1003 975 478 548 337 927
419 853 774 206 828 629 626 835 347 809 597 558 470 676 551 86 377 183 480 334 560 610 443 711 216 885 0 743 115 353 752 807 811 535 234 77 281 624 758 569 467 623 126 513 645 840 774 738 563 729 818 873 561 490 422 712 155 499 508 448 846 78
602 162 1245 877 283 1100 1097 1306 756 279 184 551 653 1147 802 746 560 591 797 805 901 772 869 1181 923 249 743 0 822 953 644 1277 120 558 941 699 924 1095 325 874 650 1094 833 709 1116 497 331 305 746 1200 1010 530 744 915 848 874 862 779 531 472 503 785
423 932 695 126 907 550 547 755 267 888 676 637 498 596 472 166 456 262 401 255 480 530 364 631 136 964 115 822 0 274 831 727 890 614 154 156 201 545 837 490 445 544 117 433 566 919 854 818 567 649 738 952 564 410 343 632 75 420 587 528 926 76
475 1062 557 180 1037 412 409 618 320 1018 806 767 551 459 524 403 518 500 454 237 533 583 416 493 201 1094 353 953 274 0 962 589 1020 744 183 394 206 407 968 542 497 406 355 486 428 1050 984 948 619 512 600 1082 617 463 396 685 247 472 718 658 1056 314
660 533 1254 886 421 1109 1106 1315 814 402 678 253 711 1156 859 754 617 600 960 814 1039 1088 922 1190 932 478 752 644 831 962 0 1286 539 302 950 708 933 1104 839 932 708 1103 841 766 1125 341 368 819 804 1208 1297 231 802 969 902 1191 871 978 345 415 204 794
800 1387 137 634 1362 357 217 62 645 1343 1131 1092 875 483 849 857 842 828 778 513 857 834 741 321 684 1419 807 1277 727 589 1286 0 1345 1069 702 848 749 238 1292 867 822 430 809 810 345 1374 1308 1272 944 339 593 1407 941 787 720 759 700 797 1042 982 1380 767
670 57 1313 945 178 1168 1165 1373 824 174 252 446 721 1214 869 813 627 659 865 872 969 839 937 1249 991 144 811 120 890 1020 539 1345 0 495 1009 767 991 1162 393 942 718 1162 900 776 1184 392 226 373 814 1267 1077 425 812 983 916 942 930 846 538 539 398 853
394 489 1037 669 378 892 889 1097 548 359 412 186 445 938 593 537 351 383 698 596 777 822 660 973 715 435 535 558 614 744 302 1069 495 0 733 491 715 886 573 666 441 886 624 500 907 390 324 553 538 991 1060 423 536 707 640 925 654 717 80 149 396 577
468 1050 670 101 1026 525 522 730 313 1007 795 755 544 571 517 284 510 380 446 229 526 575 409 606 71 1082 234 941 154 183 950 702 1009 733 0 275 77 519 956 535 490 519 236 479 541 1038 972 936 612 624 713 1071 609 455 388 678 128 465 706 646 1044 195
375 809 814 247 784 669 666 875 387 765 553 514 426 716 575 80 333 139 520 374 599 649 483 750 257 841 77 699 156 394 708 847 767 491 275 0 322 664 714 609 423 663 167 482 685 796 730 694 519 769 858 829 517 529 462 751 196 539 464 404 802 119
515 1033 716 148 1008 572 569 777 359 989 777 738 590 618 564 331 557 363 493 276 572 622 456 653 94 1065 281 924 201 206 933 749 991 715 77 322 0 566 939 582 537 565 283 525 587 1021 955 919 659 671 760 1053 656 502 435 724 174 512 688 629 1027 241
617 1204 341 451 1179 175 57 266 462 1160 948 909 693 300 666 674 660 646 596 331 675 684 558 142 501 1236 624 1095 545 407 1104 238 1162 886 519 665 566 0 1110 684 639 248 626 628 270 1192 1126 1090 761 160 442 1225 759 605 538 608 518 614 860 800 1198 585
617 434 1260 892 556 1115 1112 1321 771 552 199 724 668 1162 817 761 574 606 812 820 916 787 884 1196 938 522 758 325 837 968 839 1292 393 573 956 714 939 1110 0 889 665 1109 848 724 1131 770 603 100 761 1215 1025 802 759 930 863 889 877 793 546 487 776 800
300 983 834 467 1007 690 687 895 265 989 728 747 258 736 86 619 342 539 282 394 440 411 323 771 517 1064 569 874 490 542 932 867 942 666 535 610 582 684 889 0 250 683 571 193 705 1020 954 869 326 789 649 1053 324 370 303 513 470 301 639 579 1026 530
75 759 789 422 783 644 641 850 203 764 503 523 79 691 177 469 118 315 282 349 433 411 316 726 472 840 467 650 445 497 708 822 718 441 490 423 537 639 665 250 0 638 526 84 660 796 730 645 156 744 650 828 154 363 296 514 425 301 415 355 802 485
747 1334 407 581 1309 317 381 481 592 1290 1078 1039 823 89 796 804 790 776 686 461 791 567 688 385 631 1366 754 1225 675 537 1234 519 1292 1016 649 795 696 379 1240 814 769 0 756 758 288 1322 1256 1220 891 404 326 1354 889 735 668 492 648 668 990 930 1328 715
416 856 688 320 831 543 540 749 260 812 600 561 474 590 465 452 380 298 394 248 473 523 357 624 370 888 409 747 329 396 756 720 814 538 388 406 435 538 762 483 437 537 0 426 559 844 778 742 559 643 731 876 557 403 336 625 309 413 511 452 850 369
134 818 778 410 842 633 630 839 192 823 562 582 93 680 121 528 177 374 225 338 384 355 267 714 460 899 513 709 433 486 766 810 776 500 479 482 525 628 724 193 84 627 515 0 649 854 789 704 161 733 593 887 158 313 246 457 413 244 473 414 861 474
638 1225 232 472 1200 148 272 307 483 1181 969 930 714 305 687 695 681 667 617 352 696 593 579 216 523 1257 645 1116 566 428 1125 345 1184 907 541 686 587 270 1131 705 660 252 647 649 0 1213 1147 1111 782 235 351 1246 780 626 559 517 539 635 881 821 1219 606
748 386 1342 974 274 1197 1194 1403 902 255 628 341 799 1244 947 843 705 688 1048 902 1127 1176 1010 1278 1020 331 840 497 919 1050 341 1374 392 390 1038 796 1021 1192 770 1020 796 1191 930 854 1213 0 221 750 892 1297 1385 227 890 1057 990 1279 959 1067 433 504 200 882
682 220 1276 908 108 1131 1128 1337 836 89 462 275 733 1178 882 777 639 622 982 836 1061 1050 945 1212 954 165 774 331 854 984 368 1308 226 324 972 730 955 1126 603 954 730 1125 864 789 1147 221 0 584 826 1231 1288 254 824 991 924 1152 893 1001 367 438 227 816
597 414 1240 872 536 1095 1092 1301 751 532 179 704 648 1142 797 741 555 586 792 800 897 767 864 1176 918 502 738 305 818 948 819 1272 373 553 936 694 919 1090 100 869 645 1089 828 704 1111 750 584 0 741 1195 1005 783 739 910 843 869 857 774 526 467 756 780
206 856 911 544 880 766 763 972 326 861 600 619 130 813 254 566 248 411 359 471 517 488 400 848 594 937 563 746 567 619 804 944 814 538 612 519 659 761 761 326 156 760 648 161 782 892 826 741 0 866 726 925 40 447 380 590 547 378 511 451 898 605
722 1309 364 556 1284 147 159 368 567 1265 1053 1014 798 405 771 779 764 751 700 436 780 709 663 36 606 1341 729 1200 649 512 1208 339 1267 991 624 770 671 160 1215 789 744 353 731 733 235 1297 1231 1195 866 0 467 1329 864 709 642 633 623 719 964 905 1303 690
699 1119 470 645 1241 380 444 545 544 1237 863 1103 658 478 631 868 741 839 403 525 507 284 594 449 695 1207 818 1010 738 600 1297 583 1077 1060 713 859 760 442 1025 649 650 425 820 593 351 1385 1288 1005 726 467 0 1418 724 640 573 230 711 384 1034 974 1391 779
781 419 1375 1007 307 1230 1227 1435 934 288 661 374 832 1276 980 875 738 721 1081 934 1160 1209 1043 1311 1053 364 873 530 952 1082 231 1407 425 423 1071 829 1053 1225 802 1053 828 1224 962 887 1246 227 254 783 925 1329 1418 0 922 1090 1023 1311 992 1099 466 536 61 915
204 853 909 541 877 764 761 970 323 858 598 617 127 811 251 563 246 409 356 469 514 485 398 845 591 934 561 744 564 617 802 941 812 536 609 517 656 759 759 324 154 758 646 158 780 890 824 739 40 864 724 922 0 444 377 588 544 375 509 449 896 603
341 1025 755 387 1045 610 607 816 186 1026 769 774 379 657 352 540 383 511 281 315 330 402 164 691 437 1101 490 915 410 463 969 787 983 707 455 531 502 605 930 370 363 604 492 313 626 1057 991 910 447 709 640 1090 444 0 97 504 390 300 680 620 1063 450
274 957 688 320 977 543 540 748 118 958 702 707 312 589 285 473 316 444 214 248 263 335 97 624 370 1034 423 848 343 396 902 720 916 640 388 464 435 538 863 303 296 537 425 246 559 990 924 843 380 642 573 1023 377 97 0 437 323 233 613 553 996 383
563 983 636 609 1105 546 611 711 408 1101 727 997 522 644 495 762 605 733 267 537 371 148 458 615 660 1071 712 874 632 685 1191 749 942 925 678 753 724 608 889 513 514 591 714 457 517 1279 1152 869 590 633 230 1311 588 504 437 0 612 249 898 838 1285 673
403 971 668 99 946 523 520 729 248 927 716 676 478 570 452 205 445 301 381 228 461 510 344 604 110 1003 155 862 75 247 871 700 930 654 128 196 174 518 877 470 425 517 157 413 539 959 893 857 547 623 711 992 544 390 323 612 0 400 627 567 965 116
350 888 764 397 1010 620 617 825 195 1006 632 784 310 666 283 550 393 521 87 324 191 146 253 701 447 975 499 779 420 472 978 797 846 717 465 540 512 614 793 301 301 613 501 244 635 1067 1001 774 378 719 384 1099 375 300 233 249 400 0 690 630 1073 460
367 532 1010 642 421 865 862 1070 521 402 385 229 418 911 566 510 324 356 671 569 750 795 634 946 688 478 508 531 587 718 345 1042 538 80 706 464 688 860 546 639 415 859 597 473 881 433 367 526 511 964 1034 466 509 680 613 898 627 690 0 123 439 550
307 581 950 583 491 805 802 1011 461 472 325 300 358 852 507 451 265 296 611 510 691 736 574 886 628 548 448 472 528 658 415 982 539 149 646 404 629 800 487 579 355 799 538 414 821 504 438 467 451 905 974 536 449 620 553 838 567 630 123 0 510 490
754 392 1348 980 281 1203 1200 1409 908 262 635 347 805 1250 954 849 712 694 1054 908 1133 1183 1017 1284 1026 337 846 503 926 1056 204 1380 398 396 1044 802 1027 1198 776 1026 802 1197 936 861 1219 200 227 756 898 1303 1391 61 896 1063 996 1285 965 1073 439 510 0 888
461 895 735 166 870 590 587 796 308 851 639 600 512 637 512 128 419 225 441 295 521 570 404 671 177 927 78 785 76 314 794 767 853 577 195 119 241 585 800 530 485 584 86 474 606 882 816 780 605 690 779 915 603 450 383 673 116 460 550 490 888 0
EOF