NAME : tsp_problem
TYPE : TSP
DIMENSION : 76
EDGE_WEIGHT_TYPE : EXPLICIT
EDGE_WEIGHT_FORMAT : FULL_MATRIX
EDGE_WEIGHT_SECTION
0 338 662 1099 702 775 1141 284 1167 805 625 711 587 791 645 1038 518 760 299 1107 829 628 1156 855 1020 828 832 698 488 814 504 612 730 606 1074 544 656 735 860 776 1180 1157 668 840 656 825 830 490 796 784 778 719 545 771 647 921 615 485 321 919 1111 651 902 494 797 475 807 771 564 583 759 820 710 1124 1095 579
338 0 728 1165 379 841 1208 350 1233 559 692 388 646 857 711 1084 196 826 81 1174 895 604 1223 921 1087 894 898 375 166 880 570 289 407 283 1140 528 400 413 926 842 1246 1223 734 517 723 891 897 168 473 850 844 785 611 549 713 987 681 551 387 985 1177 717 968 172 863 152 873 837 630 260 825 886 523 1190 1161 646
662 728 0 728 793 135 771 414 796 739 65 802 361 151 177 668 811 534 689 736 323 403 785 350 649 323 327 789 872 308 592 804 821 798 703 478 590 827 489 191 809 786 187 931 189 403 483 832 887 532 407 251 319 705 421 550 147 611 399 589 740 193 531 867 521 859 386 400 529 740 322 261 484 753 724 147
1099 1165 728 0 1182 790 322 851 347 1127 717 1191 740 806 578 458 1200 737 1126 304 561 781 337 588 217 560 564 1178 1261 546 849 1192 1210 1187 98 916 978 1215 399 566 377 338 839 1320 566 641 541 1221 1276 590 395 503 591 1094 516 418 608 868 837 577 159 845 399 1256 579 1247 624 388 786 1129 638 578 863 171 15 791
702 379 793 1182 0 906 1224 612 1249 214 757 136 486 923 776 925 237 843 445 1190 956 445 1239 982 1103 955 959 43 299 941 895 230 155 224 1157 368 241 160 942 907 1263 1240 799 172 788 1036 913 258 128 866 860 851 628 285 729 1004 746 875 597 1002 1194 782 984 293 880 285 1019 854 955 166 1033 973 364 1206 1177 711
775 841 135 790 906 0 833 527 858 852 179 915 474 32 264 730 924 647 802 798 385 516 847 411 711 384 388 902 985 370 654 917 935 911 765 591 703 940 551 253 871 848 300 1045 276 465 545 945 1000 594 469 314 432 818 519 612 234 672 512 651 802 306 593 980 583 972 447 462 591 853 383 323 597 815 786 261
1154 1221 784 239 1237 846 0 907 402 1183 773 1246 795 862 634 514 1255 792 1182 360 617 837 392 643 272 616 620 1233 1316 602 770 1248 1265 1242 214 971 1034 1271 454 622 432 393 895 1375 621 682 597 1276 1331 645 450 559 646 1149 571 474 664 789 892 632 275 901 454 1311 635 1303 665 444 707 1184 617 633 918 287 235 846
284 350 414 851 612 527 894 0 919 557 378 621 339 543 397 790 531 512 311 860 581 381 908 607 772 580 584 607 501 566 319 622 640 616 826 296 408 645 612 528 932 909 420 750 409 640 582 503 706 536 530 471 297 523 399 673 367 300 136 671 863 403 654 507 549 488 622 523 379 558 574 597 462 876 847 331
1126 1193 756 211 1209 818 349 879 0 1155 745 1218 767 834 606 486 1227 764 1154 332 589 809 364 615 244 588 592 1205 1288 573 742 1220 1237 1214 186 943 1006 1243 426 594 404 365 867 1347 593 654 569 1248 1303 617 422 531 618 1121 543 446 636 761 864 604 247 873 426 1283 607 1275 637 416 679 1156 589 605 890 259 207 818
805 559 739 1127 214 852 1170 557 1195 0 703 316 432 868 722 871 418 788 626 1136 902 391 1184 928 1048 901 905 202 479 887 840 411 335 405 1102 314 220 341 888 853 1208 1185 745 303 734 982 858 439 258 812 806 796 573 89 675 949 692 821 543 947 1139 728 930 474 825 466 964 799 900 347 978 918 310 1152 1123 656
625 692 65 717 757 179 760 378 785 703 0 766 325 195 166 657 775 498 653 726 313 366 775 339 639 312 316 753 836 298 582 768 785 762 692 442 553 791 478 180 798 776 151 895 178 393 472 796 851 521 396 241 283 669 385 540 136 600 363 578 730 157 520 831 510 823 375 390 518 704 311 251 448 742 713 111
711 388 802 1191 136 915 1233 621 1258 316 766 0 495 932 785 934 246 852 454 1199 965 454 1248 991 1112 964 968 131 308 950 904 239 55 233 1166 378 250 61 951 916 1272 1249 808 274 797 1045 922 268 230 875 869 860 637 387 738 1013 755 884 606 1011 1203 791 993 302 889 294 1028 863 964 175 1042 982 373 1215 1186 720
587 646 361 740 486 474 782 339 807 432 325 495 0 490 344 679 504 401 614 748 514 233 797 541 661 513 517 482 565 499 622 497 514 491 715 377 283 520 500 475 821 798 367 624 356 594 471 525 580 425 419 418 186 398 288 562 314 603 325 560 752 350 543 560 438 552 577 412 682 433 591 531 169 764 736 279
791 857 151 806 923 32 849 543 874 868 195 932 490 0 280 746 940 663 818 815 401 532 864 427 728 400 404 918 1002 386 670 933 951 927 781 607 719 956 567 269 887 864 316 1061 292 481 561 961 1016 610 485 330 449 834 535 628 250 688 529 667 819 323 609 996 599 988 464 478 607 869 399 339 614 831 802 277
645 711 177 578 776 264 621 397 646 722 166 785 344 280 0 518 794 517 672 586 211 386 635 237 499 210 214 772 855 196 559 787 805 781 553 461 573 810 339 158 659 636 288 915 65 291 333 815 870 382 257 101 302 688 307 400 96 577 382 439 590 294 381 850 371 842 273 250 495 723 288 228 467 603 574 247
1038 1084 668 458 925 730 501 790 526 871 657 934 679 746 518 0 943 316 1065 466 501 720 515 527 379 500 504 921 1004 486 848 936 953 930 433 816 722 959 207 506 539 516 779 1063 506 581 243 964 1019 292 293 443 530 837 455 158 548 867 775 156 470 785 159 999 282 991 563 299 785 872 578 517 641 483 454 729
518 196 811 1200 237 924 1242 531 1267 418 775 246 504 940 794 943 0 860 262 1208 974 463 1257 1000 1121 973 977 233 115 959 751 148 266 142 1174 386 259 271 960 925 1281 1258 817 376 806 1054 931 75 331 884 878 868 645 407 747 1022 764 732 568 1020 1212 800 1002 110 897 102 1036 872 811 118 1006 990 382 1224 1195 729
760 826 534 737 843 647 779 512 804 788 498 852 401 663 517 316 860 0 787 745 582 442 794 608 658 581 585 838 922 567 795 853 871 847 712 576 639 876 368 587 818 795 540 981 529 662 321 882 937 302 374 524 303 754 400 366 487 776 498 194 749 523 366 916 315 908 644 380 855 789 659 599 524 761 732 452
299 81 689 1126 445 802 1169 311 1194 626 653 454 614 818 672 1065 262 787 0 1135 856 656 1184 882 1048 855 859 441 232 841 531 356 474 350 1101 572 467 479 887 803 1207 1184 695 584 684 852 858 234 539 811 805 746 572 615 674 948 642 512 348 946 1138 678 929 238 824 219 834 798 591 326 786 847 590 1151 1122 607
1107 1174 736 304 1190 798 346 860 372 1136 726 1199 748 815 586 466 1208 745 1135 0 569 790 361 596 121 569 573 1186 1269 554 917 1201 1218 1195 259 924 986 1224 407 574 128 362 847 1328 574 649 550 1229 1284 598 403 512 599 1102 524 426 617 936 845 585 203 854 407 1264 588 1256 632 397 854 1137 646 586 871 191 300 799
829 895 323 561 956 385 604 581 629 902 313 965 514 401 211 501 974 582 856 569 0 556 618 102 482 75 79 952 1035 61 496 967 984 961 536 645 753 990 322 161 642 619 434 1094 199 206 316 995 1050 365 240 136 365 868 290 383 241 514 566 422 573 441 364 1030 354 1022 188 233 433 903 233 173 637 586 557 395
628 604 403 781 445 516 824 381 849 391 366 454 233 532 386 720 463 442 656 790 556 0 839 582 703 555 559 441 524 541 664 456 473 450 756 336 242 479 542 516 862 840 409 583 397 636 513 484 539 466 460 460 227 357 329 604 356 644 366 602 794 392 584 519 479 511 618 454 724 392 633 572 128 806 777 320
1126 1193 756 211 1209 818 349 879 374 1155 745 1218 767 834 606 485 1227 764 1154 331 589 809 0 615 244 588 592 1205 1288 573 742 1220 1237 1214 186 943 1006 1243 426 594 404 365 866 1347 593 654 569 1248 1303 617 422 531 618 1121 543 446 636 761 864 604 247 873 426 1283 607 1275 637 416 679 1156 589 605 890 259 207 818
855 921 350 588 982 411 630 607 655 928 339 991 541 427 237 527 1000 608 882 596 102 582 645 0 509 101 105 978 1061 87 522 993 1011 987 562 671 779 1016 348 187 669 646 461 1121 225 232 342 1021 1076 391 266 163 392 894 316 410 267 540 593 448 600 467 390 1056 380 1048 214 260 459 929 259 199 664 612 583 421
1020 1087 649 217 1103 711 259 772 284 1048 639 1112 661 728 499 379 1121 658 1048 121 482 703 274 509 0 482 485 1099 1182 467 830 1114 1131 1108 172 837 899 1137 320 487 194 275 760 1241 487 562 462 1142 1197 511 316 425 512 1015 437 339 530 848 758 498 150 766 320 1177 501 1169 545 309 767 1050 559 499 784 162 213 712
828 894 323 560 955 384 603 580 628 901 312 964 513 400 210 500 973 581 855 569 75 555 618 101 482 0 78 951 1034 60 495 966 983 960 535 644 752 989 321 160 641 618 434 1093 198 205 315 994 1049 364 239 135 364 867 289 382 240 513 565 421 572 440 363 1029 353 1021 187 232 432 902 232 172 637 585 556 394
832 898 327 564 959 388 607 584 632 905 316 968 517 404 214 504 977 585 859 573 79 559 622 105 485 78 0 955 1038 64 499 970 987 964 539 648 756 993 325 164 645 622 438 1097 202 209 319 998 1053 368 243 139 368 871 293 386 244 517 569 425 576 444 367 1033 357 1025 191 236 436 906 236 176 641 589 560 398
698 375 789 1178 43 902 1220 607 1245 202 753 131 482 918 772 921 233 838 441 1186 952 441 1235 978 1099 951 955 0 294 937 890 226 151 220 1152 364 237 156 938 903 1259 1236 795 160 784 1032 909 254 116 862 856 846 624 273 725 1000 742 871 593 998 1190 778 980 289 875 281 1014 850 950 162 1029 969 360 1202 1173 707
488 166 872 1261 299 985 1303 501 1328 479 836 308 565 1002 855 1004 115 922 232 1269 1035 524 1318 1061 1182 1034 1038 294 0 1020 721 209 327 203 1236 448 320 332 1021 986 1342 1319 878 437 867 1042 992 75 393 945 939 930 707 468 808 1083 825 702 538 1081 1273 861 1063 39 959 40 1024 933 781 180 976 1037 443 1285 1256 790
814 880 308 546 941 370 588 566 614 887 298 950 499 386 196 486 959 567 841 554 61 541 603 87 467 60 64 937 1020 0 481 952 969 946 521 630 738 975 307 146 627 604 419 1079 184 190 301 980 1035 350 225 121 350 853 275 368 226 499 551 407 558 425 349 1015 339 1007 173 218 418 888 218 157 622 571 542 380
504 570 592 849 895 654 951 319 976 840 582 904 622 670 559 848 751 795 531 917 496 664 966 522 830 495 499 890 721 481 0 845 923 839 824 580 691 928 669 430 990 967 703 1033 546 372 664 723 989 712 587 484 580 807 638 731 589 128 356 770 885 686 712 727 702 708 355 581 112 815 307 368 745 897 845 615
612 289 804 1192 230 917 1235 622 1260 411 768 239 497 933 787 936 148 853 356 1201 967 456 1250 993 1114 966 970 226 209 952 845 0 258 66 1167 379 252 264 953 918 1273 1251 810 368 799 1047 924 169 324 877 871 861 638 400 740 1015 757 825 608 1013 1205 793 995 204 890 196 1029 865 905 111 1044 983 375 1217 1188 721
730 407 821 1210 155 935 1252 640 1277 335 785 55 514 951 805 953 266 871 474 1218 984 473 1267 1011 1131 983 987 151 327 969 923 258 0 253 1185 397 269 59 970 935 1291 1268 827 293 816 1064 941 287 249 895 889 879 656 406 758 1032 774 903 625 1030 1222 811 1013 322 908 313 1047 882 983 195 1061 1001 392 1234 1206 739
606 283 798 1187 224 911 1229 616 1254 405 762 233 491 927 781 930 142 847 350 1195 961 450 1244 987 1108 960 964 220 203 946 839 66 253 0 1161 373 246 258 947 912 1268 1245 804 363 793 1041 918 163 318 871 865 855 633 394 734 1009 751 819 602 1007 1199 787 989 198 884 190 1023 859 899 105 1038 978 369 1211 1182 716
1074 1140 703 98 1157 765 297 826 322 1102 692 1166 715 781 553 433 1174 712 1101 259 536 756 311 562 172 535 539 1152 1236 521 824 1167 1185 1161 0 890 953 1190 374 541 332 312 814 1295 541 616 516 1195 1251 565 370 478 566 1068 491 393 583 842 812 552 99 820 374 1230 554 1222 598 363 761 1103 613 553 838 112 94 766
544 528 478 916 368 591 958 296 983 314 442 378 377 607 461 816 386 576 572 924 645 336 973 671 837 644 648 364 448 630 580 379 397 373 890 0 165 402 676 592 997 974 484 507 473 725 647 407 462 600 594 535 361 280 463 738 431 560 282 736 928 467 718 442 613 434 708 588 639 315 722 662 255 940 911 396
656 400 590 978 241 703 1021 408 1046 220 553 250 283 719 573 722 259 639 467 986 753 242 1035 779 899 752 756 237 320 738 691 252 269 246 953 165 0 275 739 704 1059 1036 596 379 584 833 709 280 335 663 657 647 424 186 526 800 543 672 394 798 990 579 781 315 676 307 815 650 751 188 829 769 160 1003 974 507
735 413 827 1215 160 940 1258 645 1283 341 791 61 520 956 810 959 271 876 479 1224 990 479 1273 1016 1137 989 993 156 332 975 928 264 59 258 1190 402 275 0 976 941 1296 1273 833 298 822 1070 947 292 254 900 894 884 661 411 763 1037 780 909 631 1035 1227 816 1018 327 913 319 1052 887 988 200 1067 1006 398 1240 1211 744
860 926 489 399 942 551 441 612 466 888 478 951 500 567 339 207 960 368 887 407 322 542 456 348 320 321 325 938 1021 307 669 953 970 947 374 676 739 976 0 327 480 457 600 1080 326 402 173 981 1036 221 113 264 351 854 276 89 369 688 597 208 411 606 70 1016 211 1008 384 120 606 889 398 338 624 423 394 551
776 842 191 566 907 253 609 528 634 853 180 916 475 269 158 506 925 587 803 574 161 516 623 187 487 160 164 903 986 146 430 918 935 912 541 592 704 941 327 0 647 624 302 1045 146 241 321 946 1001 370 245 141 370 819 295 388 188 448 513 427 578 308 369 981 359 973 223 238 367 854 159 99 598 591 562 262
1180 1246 809 377 1263 871 419 932 444 1208 798 1272 821 887 659 539 1281 818 1207 128 642 862 434 669 194 641 645 1259 1342 627 990 1273 1291 1268 332 997 1059 1296 480 647 0 435 920 1401 647 722 622 1302 1357 671 476 584 672 1175 597 499 689 1008 918 658 276 926 480 1337 660 1328 705 469 927 1210 719 659 944 263 372 872
1135 1201 764 220 1218 826 358 887 383 1163 753 1227 776 842 614 494 1235 773 1162 340 597 817 373 623 253 596 600 1214 1297 582 751 1228 1246 1223 195 951 1014 1251 435 602 413 0 875 1356 602 663 577 1257 1312 626 431 539 627 1130 552 454 644 769 873 613 255 881 435 1291 615 1283 645 424 688 1164 597 614 899 268 215 827
668 734 187 839 799 300 881 420 907 745 151 808 367 316 288 779 817 540 695 847 434 409 896 461 760 434 438 795 878 419 703 810 827 804 814 484 596 833 600 302 920 897 0 937 300 514 594 838 893 564 518 362 325 711 427 661 258 683 405 699 851 44 642 873 577 865 497 511 640 746 432 372 490 864 835 116
840 517 931 1320 172 1045 1362 750 1387 303 895 274 624 1061 915 1063 376 981 584 1328 1094 583 1377 1121 1241 1093 1097 160 437 1079 1033 368 293 363 1295 507 379 298 1080 1045 1401 1378 937 0 926 1174 1051 397 100 1005 999 989 766 373 868 1142 884 1013 735 1140 1332 920 1123 432 1018 423 1157 992 1093 305 1171 1111 502 1344 1316 849
656 723 189 566 788 276 608 409 633 734 178 797 356 292 65 506 806 529 684 574 199 397 623 225 487 198 202 784 867 184 546 799 816 793 541 473 584 822 326 146 647 624 300 926 0 279 321 827 882 370 245 89 314 700 295 388 96 565 394 427 578 306 369 862 359 854 261 238 483 735 276 215 479 591 562 258
825 891 403 641 1036 465 684 640 709 982 393 1045 594 481 291 581 1054 662 852 649 206 636 698 232 562 205 209 1032 1042 190 372 1047 1064 1041 616 725 833 1070 402 241 722 699 514 1174 279 0 396 1044 1130 445 320 216 445 948 370 463 321 391 646 502 653 521 444 1048 434 1028 43 313 309 983 133 194 717 666 637 475
830 897 483 541 913 545 584 582 609 858 472 922 471 561 333 243 931 321 858 550 316 513 598 342 462 315 319 909 992 301 664 924 941 918 516 647 709 947 173 321 622 599 594 1051 321 396 0 952 1007 90 178 258 324 825 250 234 363 682 568 161 553 593 215 987 79 979 378 185 600 860 393 333 594 566 537 522
490 168 832 1221 258 945 1263 503 1288 439 796 268 525 961 815 964 75 882 234 1229 995 484 1278 1021 1142 994 998 254 75 980 723 169 287 163 1195 407 280 292 981 946 1302 1279 838 397 827 1044 952 0 352 905 899 889 667 428 768 1043 785 704 540 1041 1233 821 1023 67 918 74 1026 893 783 139 978 1012 403 1245 1216 750
796 473 887 1276 128 1000 1318 706 1343 258 851 230 580 1016 870 1019 331 937 539 1284 1050 539 1333 1076 1197 1049 1053 116 393 1035 989 324 249 318 1251 462 335 254 1036 1001 1357 1334 893 100 882 1130 1007 352 0 960 954 945 722 329 823 1098 840 969 691 1096 1288 876 1078 387 974 379 1113 948 1048 260 1127 1067 458 1300 1271 805
784 850 532 590 866 594 632 536 657 812 521 875 425 610 382 292 884 302 811 598 365 466 647 391 511 364 368 862 945 350 712 877 895 871 565 600 663 900 221 370 671 648 564 1005 370 445 90 905 960 0 227 307 278 778 203 283 412 731 521 210 602 547 264 940 82 932 427 233 649 813 442 381 548 615 586 475
778 844 407 395 860 469 437 530 462 806 396 869 419 485 257 293 878 374 805 403 240 460 452 266 316 239 243 856 939 225 587 871 889 865 370 594 657 894 113 245 476 453 518 999 245 320 178 899 954 227 0 182 269 772 194 175 287 606 515 214 407 524 156 934 216 926 302 67 524 807 317 256 542 419 390 469
719 785 251 503 851 314 546 471 571 796 241 860 418 330 101 443 868 524 746 512 136 460 561 163 425 135 139 846 930 121 484 861 879 855 478 535 647 884 264 141 584 562 362 989 89 216 258 889 945 307 182 0 308 762 232 326 131 502 457 364 516 368 306 924 296 916 199 176 421 797 213 153 542 528 499 321
545 611 319 591 628 432 633 297 658 573 283 637 186 449 302 530 645 303 572 599 365 227 648 392 512 364 368 624 707 350 580 638 656 633 566 361 424 661 351 370 672 649 325 766 314 445 332 667 722 327 269 308 0 540 139 413 272 561 283 452 603 308 394 701 340 693 428 263 640 574 442 382 309 615 587 237
771 549 705 1094 285 818 1136 523 1161 89 669 387 398 834 688 837 407 754 615 1102 868 357 1151 894 1015 867 871 273 468 853 807 400 406 394 1068 280 186 411 854 819 1175 1152 711 373 700 948 825 428 329 778 772 762 540 0 641 916 658 787 509 914 1106 694 896 463 791 455 930 766 866 336 945 885 276 1118 1089 623
647 713 421 516 729 519 558 399 583 675 385 738 288 535 307 455 747 405 674 524 290 329 573 316 437 289 293 725 808 275 638 740 758 734 491 463 526 763 276 295 597 574 427 868 295 370 256 768 823 305 194 232 139 641 0 338 337 656 384 377 528 410 318 803 295 795 353 188 575 676 367 307 411 540 511 339
921 987 550 418 1004 612 461 673 486 949 540 1013 562 628 400 158 1022 366 948 426 383 604 475 410 339 382 386 1000 1083 368 731 1015 1032 1009 393 738 800 1037 89 388 499 476 661 1142 388 463 234 1043 1098 283 175 326 413 916 338 0 430 749 659 206 430 667 89 1078 272 1069 446 182 668 951 460 400 685 443 414 613
615 681 147 608 746 234 651 367 676 692 136 755 314 250 96 548 764 487 642 617 241 356 666 267 530 240 244 742 825 226 589 757 774 751 583 431 543 780 369 188 689 666 258 884 96 321 363 785 840 412 287 131 272 658 337 430 0 607 352 469 620 264 411 820 401 812 304 280 526 693 318 258 437 633 604 216
485 551 611 868 875 672 970 300 995 821 600 884 603 688 577 867 732 776 512 936 514 644 985 540 848 513 517 871 702 499 128 825 903 819 842 560 672 909 688 448 1008 985 683 1013 565 391 682 704 969 731 606 502 561 787 656 749 607 0 337 788 903 667 730 708 720 688 373 599 130 796 325 386 726 915 863 595
321 387 399 837 597 512 879 136 904 543 363 606 325 529 382 775 568 498 348 845 566 366 894 593 758 565 569 593 538 551 356 608 625 602 812 282 394 631 597 513 918 895 405 735 394 646 568 540 691 521 515 457 283 509 384 659 352 337 0 657 849 388 639 544 535 525 629 509 416 544 611 583 448 861 832 317
919 985 589 577 1002 651 619 671 644 947 578 1011 560 667 439 156 1020 194 946 585 422 602 634 448 498 421 425 998 1081 407 770 1013 1030 1007 552 736 798 1035 208 427 658 635 699 1140 427 502 161 1041 1096 210 214 364 449 914 375 206 469 788 657 0 589 682 207 1076 200 1068 485 220 707 949 499 439 683 602 573 611
1111 1177 740 159 1194 802 350 863 375 1139 730 1203 752 819 590 470 1212 749 1138 203 573 794 365 600 150 572 576 1190 1273 558 885 1205 1222 1199 99 928 990 1227 411 578 276 366 851 1332 578 653 553 1233 1288 602 407 516 603 1106 528 430 620 903 849 589 0 857 411 1268 592 1260 636 400 821 1141 650 590 875 63 155 803
651 717 193 845 782 306 888 403 913 728 157 791 350 323 294 785 800 523 678 854 441 392 903 467 766 440 444 778 861 425 686 793 811 787 820 467 579 816 606 308 926 903 44 920 306 521 593 821 876 547 524 368 308 694 410 667 264 667 388 682 857 0 648 856 560 848 503 517 646 729 439 378 473 870 841 99
902 968 531 399 984 593 441 654 466 930 520 993 543 609 381 159 1002 366 929 407 364 584 456 390 320 363 367 980 1063 349 712 995 1013 989 374 718 781 1018 70 369 480 457 642 1123 369 444 215 1023 1078 264 156 306 394 896 318 89 411 730 639 207 411 648 0 1058 253 1050 426 162 648 931 441 380 666 423 394 593
494 172 867 1256 293 980 1298 507 1323 474 831 302 560 996 850 999 110 916 238 1264 1030 519 1313 1056 1177 1029 1033 289 39 1015 727 204 322 198 1230 442 315 327 1016 981 1337 1314 873 432 862 1048 987 67 387 940 934 924 701 463 803 1078 820 708 544 1076 1268 856 1058 0 953 46 1030 928 787 174 982 1043 438 1280 1251 785
797 863 521 579 880 583 622 549 647 825 510 889 438 599 371 282 897 315 824 588 354 479 637 380 501 353 357 875 959 339 702 890 908 884 554 613 676 913 211 359 660 638 577 1018 359 434 79 918 974 82 216 296 291 791 216 272 401 720 535 200 592 560 253 953 0 945 417 223 639 826 431 371 561 604 575 489
475 152 859 1247 285 972 1290 488 1315 466 823 294 552 988 842 991 102 908 219 1256 1022 511 1305 1048 1169 1021 1025 281 40 1007 708 196 313 190 1222 434 307 319 1008 973 1328 1306 865 423 854 1028 979 74 379 932 926 916 693 455 795 1069 812 688 525 1068 1260 848 1050 46 945 0 1011 919 768 166 963 1024 430 1272 1243 776
807 873 386 624 1019 447 666 622 691 964 375 1028 577 464 273 563 1036 644 834 632 188 618 681 214 545 187 191 1014 1024 173 355 1029 1047 1023 598 708 815 1052 384 223 705 682 497 1157 261 43 378 1026 1113 427 302 199 428 930 353 446 304 373 629 485 636 503 426 1030 417 1011 0 296 292 965 116 177 700 648 619 457
771 837 400 388 854 462 431 523 456 799 390 863 412 478 250 299 872 380 798 397 233 454 445 260 309 232 236 850 933 218 581 865 882 859 363 588 650 887 120 238 469 446 511 992 238 313 185 893 948 233 67 176 263 766 188 182 280 599 509 220 400 517 162 928 223 919 296 0 518 801 310 250 535 413 384 463
564 630 529 786 955 591 888 379 913 900 518 964 682 607 495 785 811 855 591 854 433 724 903 459 767 432 436 950 781 418 112 905 983 899 761 639 751 988 606 367 927 904 640 1093 483 309 600 783 1048 649 524 421 640 866 575 668 526 130 416 707 821 646 648 787 639 768 292 518 0 875 244 305 805 834 782 600
583 260 740 1129 166 853 1171 558 1196 347 704 175 433 869 723 872 118 789 326 1137 903 392 1186 929 1050 902 906 162 180 888 815 111 195 105 1103 315 188 200 889 854 1210 1187 746 305 735 983 860 139 260 813 807 797 574 336 676 951 693 796 544 949 1141 729 931 174 826 166 965 801 875 0 980 920 311 1153 1124 658
759 825 322 638 1033 383 680 574 705 978 311 1042 591 399 288 578 1006 659 786 646 233 633 695 259 559 232 236 1029 976 218 307 1044 1061 1038 613 722 829 1067 398 159 719 696 432 1171 276 133 393 978 1127 442 317 213 442 945 367 460 318 325 611 499 650 439 441 982 431 963 116 310 244 980 0 97 714 663 634 393
820 886 261 578 973 323 620 597 645 918 251 982 531 339 228 517 990 599 847 586 173 572 635 199 499 172 176 969 1037 157 368 983 1001 978 553 662 769 1006 338 99 659 636 372 1111 215 194 333 1012 1067 381 256 153 382 885 307 400 258 386 583 439 590 378 380 1043 371 1024 177 250 305 920 97 0 654 602 573 333
710 523 484 863 364 597 905 462 930 310 448 373 169 614 467 641 382 524 590 871 637 128 920 664 784 637 641 360 443 622 745 375 392 369 838 255 160 398 624 598 944 921 490 502 479 717 594 403 458 548 542 542 309 276 411 685 437 726 448 683 875 473 666 438 561 430 700 535 805 311 714 654 0 888 859 402
1124 1190 753 171 1206 815 363 876 388 1152 742 1215 764 831 603 483 1224 761 1151 191 586 806 378 612 162 585 589 1202 1285 571 897 1217 1234 1211 112 940 1003 1240 423 591 263 379 864 1344 591 666 566 1245 1300 615 419 528 615 1118 540 443 633 915 861 602 63 870 423 1280 604 1272 648 413 834 1153 663 602 888 0 167 815
1095 1161 724 15 1177 786 317 847 342 1123 713 1186 736 802 574 454 1195 732 1122 300 557 777 332 583 213 556 560 1173 1256 542 845 1188 1206 1182 94 911 974 1211 394 562 372 333 835 1316 562 637 537 1216 1271 586 390 499 587 1089 511 414 604 863 832 573 155 841 394 1251 575 1243 619 384 782 1124 634 573 859 167 0 786
579 646 147 791 711 261 833 331 858 656 111 720 279 277 247 729 729 452 607 799 395 320 848 421 712 394 398 707 790 380 615 721 739 716 766 396 507 744 551 262 872 849 116 849 258 475 522 750 805 475 469 321 237 623 339 613 216 595 317 611 803 99 593 785 489 776 457 463 600 658 393 333 402 815 786 0
EOF