NAME : tsp_problem
TYPE : TSP
DIMENSION : 88
EDGE_WEIGHT_TYPE : EXPLICIT
EDGE_WEIGHT_FORMAT : FULL_MATRIX
EDGE_WEIGHT_SECTION
0 512 701 1100 559 937 642 515 60 961 798 667 1157 1102 613 822 680 245 1143 232 911 758 830 378 910 698 733 1189 1168 890 553 786 1172 561 1267 232 854 797 913 221 642 772 237 573 311 829 834 1201 758 596 373 766 938 914 751 799 1166 1217 783 850 855 883 333 935 628 982 1194 745 1289 860 1277 1180 105 1184 773 829 846 879 1152 819 261 601 376 468 861 1241 482 873
512 0 566 1227 97 801 510 642 488 1088 662 535 1021 1067 741 691 545 363 1008 366 776 626 782 505 778 566 597 1132 1033 754 137 801 1036 402 1132 461 734 665 781 354 225 636 367 414 250 697 699 1065 622 179 315 634 803 782 616 663 1030 1081 651 718 719 747 366 800 755 1109 1059 613 1153 729 1141 1044 421 1048 638 693 714 743 1016 683 303 286 314 595 813 1106 323 741
701 566 0 937 510 270 401 693 719 837 202 426 724 771 746 582 85 833 711 836 244 517 526 556 522 457 65 836 736 295 607 545 739 872 835 512 479 556 526 824 385 104 837 884 720 539 239 769 90 649 785 525 378 526 84 258 734 785 542 463 423 215 416 375 720 858 762 504 857 473 845 747 764 751 341 161 459 260 720 387 773 756 365 645 558 809 793 486
1100 1227 938 0 1168 774 749 639 1118 391 969 884 480 200 551 834 989 1303 555 1290 748 812 511 764 710 703 920 287 492 874 1274 467 567 1540 628 911 535 809 713 1279 1053 959 1295 1552 1369 655 932 533 890 1317 1431 820 597 714 890 716 562 549 795 559 554 934 910 647 524 346 527 749 494 660 619 504 1163 579 676 881 558 711 564 591 1319 1423 953 788 542 653 1461 673
559 97 510 1168 0 745 450 582 534 1028 606 475 965 1011 681 631 489 409 952 412 720 566 722 445 718 506 541 1077 977 698 183 741 980 448 1076 402 674 605 722 401 271 580 413 460 296 637 643 1009 566 226 361 574 747 722 560 607 974 1025 592 658 664 691 306 744 695 1049 1003 554 1097 669 1085 988 468 992 582 637 655 687 960 627 350 332 254 535 753 1050 370 682
937 801 270 774 745 0 423 742 955 745 224 662 562 608 654 626 321 1069 548 1071 80 603 434 792 430 495 252 673 573 130 842 453 577 1108 672 748 386 600 434 1060 621 291 1073 1120 956 447 187 606 221 885 1021 611 214 434 222 178 571 622 586 370 260 266 652 202 627 732 599 540 694 381 682 584 1000 588 249 212 367 95 557 224 1009 991 600 881 465 646 1029 394
642 510 401 749 450 423 0 607 660 610 498 277 639 685 519 255 380 823 625 825 398 216 299 497 295 122 433 750 650 524 596 318 654 862 749 453 251 229 298 814 385 472 826 874 710 214 534 683 458 639 775 224 420 299 451 295 648 699 215 235 337 514 357 417 492 630 676 169 771 246 759 662 705 666 225 460 231 361 634 301 763 745 305 586 330 723 783 258
515 642 693 639 582 742 607 0 533 500 789 658 921 641 152 693 672 717 944 704 717 670 369 179 568 561 724 728 933 843 728 325 973 993 1068 326 393 667 571 693 676 763 709 1005 783 514 826 975 749 771 846 678 739 572 742 614 967 991 653 417 656 833 325 736 166 520 968 607 1020 519 1078 945 578 984 544 779 416 680 953 620 733 877 368 203 400 1042 915 531
60 488 719 1118 534 955 660 533 0 979 816 685 1175 1120 631 840 698 220 1161 207 929 776 848 396 928 716 751 1207 1186 908 529 804 1190 536 1285 250 872 815 931 196 617 790 212 548 286 847 852 1219 776 571 349 784 956 932 769 816 1184 1235 801 868 873 900 351 953 646 999 1212 763 1307 878 1295 1197 80 1201 791 847 864 897 1170 837 236 576 394 485 879 1259 457 891
961 1088 839 391 1028 745 610 500 979 0 940 745 573 315 411 695 890 1164 649 1151 719 673 371 625 570 564 821 380 585 845 1174 328 661 1440 773 772 396 669 574 1139 953 860 1155 1452 1229 516 903 627 790 1217 1292 681 691 574 791 616 655 643 656 420 647 835 771 738 385 173 620 610 673 521 783 597 1024 673 546 781 419 682 657 622 1179 1323 814 649 402 747 1361 534
798 662 202 969 606 224 498 789 816 940 0 522 756 803 849 678 146 930 743 932 255 614 629 652 625 554 234 868 768 127 703 648 771 969 867 609 581 653 628 921 482 273 933 981 817 641 94 801 259 746 881 621 409 629 252 373 766 817 639 565 455 384 513 350 822 927 794 601 889 576 877 779 861 783 444 330 561 290 752 418 870 852 461 742 660 841 890 588
667 535 426 884 475 662 277 658 685 745 522 0 881 886 654 341 405 847 868 850 636 277 513 521 509 218 458 973 893 615 621 453 896 886 992 478 386 316 512 839 409 497 851 898 734 348 559 926 482 664 799 284 663 513 476 523 891 942 302 449 580 607 382 660 627 765 919 265 1013 459 1002 904 730 908 475 553 445 604 876 543 788 770 330 611 544 966 808 472
1157 1021 726 480 965 562 639 921 1175 573 756 881 0 314 833 841 777 1288 193 1291 536 819 650 1011 645 710 708 379 82 662 1062 668 372 1327 318 968 602 815 649 1280 841 747 1292 1339 1175 662 719 91 677 1105 1240 827 385 649 678 503 366 107 802 586 342 722 872 435 806 438 85 755 340 596 327 70 1220 383 464 668 582 499 202 379 1229 1211 820 1070 681 292 1249 609
1102 1067 772 200 1011 608 685 641 1120 315 803 886 314 0 553 836 823 1305 389 1292 582 814 513 766 692 705 754 121 326 708 1108 469 401 1374 513 913 537 811 695 1281 887 793 1297 1386 1222 657 766 367 724 1151 1287 822 431 695 724 550 396 383 797 561 388 768 912 481 526 180 361 751 413 642 523 338 1165 413 510 715 560 545 398 425 1275 1257 866 790 544 487 1295 655
613 741 748 551 681 654 519 152 631 411 849 654 833 553 0 604 770 816 856 803 628 582 281 278 480 473 730 640 845 755 827 237 884 1092 980 424 305 579 483 792 775 769 808 1104 882 425 812 886 700 869 944 590 651 484 700 525 879 902 565 329 568 744 424 648 149 432 880 519 932 430 990 857 676 896 456 691 328 592 864 531 832 976 466 301 312 954 1013 443
822 691 582 834 631 626 255 693 840 695 678 341 841 836 604 0 561 1003 827 1006 600 115 463 677 459 170 613 923 853 726 777 403 856 1042 952 633 337 36 463 994 565 652 1007 1054 890 299 715 885 638 819 955 123 623 463 632 497 850 901 55 399 539 716 538 619 578 716 878 114 973 410 961 864 885 868 427 662 396 563 836 503 943 926 486 767 494 926 963 423
680 545 85 988 489 321 380 672 698 888 146 405 776 822 770 561 0 812 762 815 295 496 578 535 574 436 117 887 787 238 586 596 791 851 886 491 530 535 577 803 364 156 816 863 699 567 183 820 141 628 764 504 430 577 135 309 785 836 521 514 474 266 395 426 771 909 813 484 908 524 896 799 743 803 392 213 510 311 771 438 752 735 344 625 609 860 772 537
245 363 833 1303 409 1069 823 717 220 1164 930 847 1288 1305 816 1003 812 0 1275 46 1043 939 1033 581 1086 879 865 1392 1300 1022 404 989 1304 411 1399 435 1043 978 1090 56 492 904 48 423 161 1009 966 1333 889 447 224 946 1070 1090 883 930 1298 1349 964 1027 987 1014 536 1067 830 1184 1326 926 1421 1037 1409 1311 154 1315 905 961 1023 1011 1284 951 111 452 579 670 1064 1373 333 1050
1143 1008 712 555 952 548 625 944 1161 649 743 868 193 389 856 827 763 1275 0 1278 522 805 636 998 632 696 694 454 181 649 1049 655 358 1314 180 954 588 802 635 1266 827 733 1279 1326 1162 648 706 191 664 1091 1227 813 372 636 665 490 352 206 788 572 328 709 858 422 829 513 184 742 264 582 189 169 1206 370 451 655 568 486 107 365 1215 1198 807 1087 667 154 1235 595
232 366 836 1290 412 1071 825 704 207 1151 932 850 1291 1292 803 1006 815 46 1278 0 1046 941 1020 568 1089 881 867 1379 1303 1024 407 976 1306 414 1402 422 1044 980 1092 43 495 906 38 426 164 1012 969 1335 892 449 226 949 1073 1093 885 933 1300 1351 966 1029 989 1017 523 1070 817 1171 1328 928 1423 1040 1411 1314 141 1318 908 963 1025 1013 1286 953 114 454 566 657 1051 1376 335 1052
911 776 244 748 720 80 398 717 929 719 255 636 536 582 628 600 295 1043 522 1046 0 578 409 766 404 469 226 647 548 160 817 427 551 1082 647 722 361 574 408 1034 595 265 1047 1094 930 421 218 580 196 859 995 586 189 408 196 152 545 596 561 345 234 240 626 185 602 706 573 514 668 355 656 559 974 563 223 187 341 70 531 198 983 966 575 855 440 620 1003 368
758 626 517 812 566 603 216 670 776 673 614 277 819 814 582 115 496 939 805 941 578 0 441 613 437 147 549 901 830 704 712 381 834 977 929 569 314 89 440 930 501 588 942 990 825 277 650 863 573 755 890 22 601 441 567 475 828 879 76 377 517 694 473 597 556 693 856 92 951 388 939 842 821 846 405 640 373 541 814 481 879 861 421 702 472 903 899 400
830 782 528 511 722 434 299 369 848 371 629 513 650 513 281 463 579 1033 636 1020 409 441 0 494 238 332 510 600 661 535 864 112 665 1130 760 641 179 438 241 1008 643 549 1024 1142 978 284 592 694 480 907 1042 449 431 241 481 306 659 710 424 87 348 525 629 428 254 392 687 378 782 188 770 672 893 676 236 471 86 372 645 312 1031 1013 577 518 41 734 1051 201
378 505 556 764 445 792 497 179 396 625 652 521 1011 766 278 677 535 581 998 568 766 613 494 0 693 553 588 853 1023 745 591 450 1026 857 1122 189 518 652 697 556 539 627 572 869 646 639 689 1056 612 634 709 620 793 697 606 653 1021 1072 638 543 710 737 188 790 292 646 1049 600 1144 644 1132 1034 441 1038 628 684 542 734 1007 674 597 740 231 132 525 1096 778 657
910 778 524 710 718 430 295 568 928 570 625 509 645 692 480 459 575 1086 632 1089 404 437 238 693 0 328 506 757 657 531 860 287 661 1125 756 721 220 434 187 1078 639 545 1090 1137 973 280 588 690 476 903 1038 445 427 42 476 301 655 706 420 174 344 521 625 424 453 591 683 374 778 78 766 668 973 672 232 467 170 368 641 308 1027 1009 573 717 269 730 1047 65
698 566 457 703 506 495 122 561 716 564 554 218 710 705 473 170 436 879 696 881 469 147 332 553 328 0 489 792 722 595 652 272 725 918 821 509 206 144 332 870 441 528 883 930 766 168 590 754 514 695 831 155 492 332 507 366 719 770 130 268 408 585 413 488 447 585 747 84 842 279 830 733 761 737 296 531 265 432 705 372 819 801 361 642 363 794 839 291
718 582 363 902 526 474 418 709 736 802 460 443 689 736 711 598 342 850 676 852 448 534 492 573 487 474 0 801 701 552 623 510 705 889 800 529 444 573 491 841 402 434 854 901 737 504 496 734 419 666 802 542 471 491 413 331 699 750 559 428 388 544 433 468 685 823 727 521 822 438 810 712 781 716 306 491 424 412 685 352 790 772 381 662 523 774 810 451
1189 1132 837 287 1077 673 750 728 1207 380 868 973 379 121 640 923 888 1392 454 1379 647 901 600 853 757 792 819 0 391 774 1173 556 467 1439 579 1000 624 898 760 1368 952 858 1384 1451 1287 744 831 433 789 1216 1352 909 496 761 790 615 461 449 884 648 453 834 983 547 613 245 426 838 478 707 588 403 1252 478 576 780 647 610 463 490 1340 1322 932 877 631 553 1360 720
1168 1033 737 492 977 573 650 933 1186 585 768 893 82 326 845 853 789 1300 181 1303 548 830 661 1023 657 722 720 391 0 674 1074 680 383 1339 305 979 613 827 661 1291 853 759 1304 1351 1187 674 731 79 689 1116 1252 838 397 661 690 515 378 95 813 597 353 734 884 447 818 450 72 767 352 608 315 58 1231 395 476 680 594 511 190 391 1240 1223 832 1082 692 279 1260 621
890 754 295 874 698 130 524 843 908 845 127 615 662 708 755 726 238 1022 649 1024 160 704 535 745 531 595 326 774 674 0 795 554 677 1061 773 701 487 701 534 1013 574 365 1026 1073 909 547 90 706 322 838 974 712 315 535 323 279 671 722 687 471 361 367 605 256 728 833 700 641 794 481 782 685 953 689 350 313 467 196 657 324 962 944 553 834 566 747 982 494
553 137 607 1274 183 842 596 728 529 1174 703 621 1062 1108 827 777 586 404 1049 407 817 712 864 591 860 652 638 1173 1074 795 0 883 1077 402 1173 548 816 751 863 395 266 677 408 414 291 783 740 1106 663 91 356 720 844 864 656 704 1071 1122 737 800 760 788 452 841 841 1195 1099 700 1194 811 1182 1085 462 1089 679 734 797 784 1057 724 344 194 400 681 895 1147 364 823
786 801 547 467 741 453 318 325 804 328 648 453 668 469 237 403 598 989 655 976 427 381 112 450 287 272 529 556 680 554 883 0 683 1148 779 597 104 378 290 965 662 568 981 1160 996 224 611 713 499 926 1061 389 450 290 499 324 678 729 364 160 367 543 597 447 210 348 706 318 800 237 789 691 849 695 255 490 159 391 663 330 1005 1032 596 474 143 753 1070 250
1165 1030 734 331 974 570 647 772 1183 424 765 890 276 165 684 849 785 1297 352 1300 544 827 644 897 654 718 716 230 288 671 1071 600 0 1336 476 976 610 824 657 1288 849 755 1301 1348 1184 670 728 330 686 1113 1249 835 394 658 687 512 358 346 810 594 350 731 880 444 657 289 323 764 375 604 485 300 1228 375 473 677 590 508 360 387 1237 1220 829 921 675 450 1257 617
561 402 872 1540 448 1108 862 993 536 1440 969 886 1327 1374 1092 1042 851 411 1314 414 1082 977 1130 857 1125 918 904 1439 1339 1061 402 1148 1343 0 1438 751 1082 1017 1129 403 531 943 415 79 298 1048 1005 1372 928 364 363 985 1109 1129 922 969 1337 1388 1003 1066 1026 1053 717 1106 1106 1460 1365 965 1460 1076 1448 1350 469 1354 944 1000 1062 1050 1323 990 352 255 666 946 1161 1412 279 1089
1267 1132 836 628 1076 672 749 1068 1285 773 867 992 318 513 980 952 888 1399 180 1402 647 929 760 1122 756 821 818 579 305 773 1173 779 482 1438 0 1078 712 926 760 1390 952 857 1403 1450 1286 773 830 315 788 1215 1351 937 496 760 789 614 477 331 912 696 452 833 983 546 953 638 308 866 159 707 186 293 1330 494 575 779 693 610 171 489 1339 1322 931 1212 791 217 1359 720
232 461 512 911 402 748 453 326 250 772 609 478 968 913 424 633 491 435 954 422 722 569 641 189 721 509 544 1000 979 701 548 597 983 751 1078 0 665 608 724 410 496 583 426 763 500 640 645 1012 569 590 563 577 749 725 562 610 977 1028 594 661 666 694 144 746 439 792 1005 556 1100 671 1088 990 295 994 584 640 657 690 963 630 451 697 187 278 672 1052 672 684
854 734 480 535 674 386 251 393 872 396 581 386 602 537 305 337 531 1043 588 1044 361 314 179 518 220 206 462 624 613 487 816 104 617 1082 712 665 0 311 223 1033 595 501 1046 1094 930 158 544 646 432 859 995 322 383 224 433 258 611 662 297 160 300 477 581 380 278 416 639 251 734 170 722 625 917 628 188 423 156 324 597 264 983 965 530 542 211 686 1003 183
797 665 556 809 605 600 229 667 815 669 653 316 815 811 579 36 535 978 802 980 574 89 438 652 434 144 588 898 827 701 751 378 830 1017 926 608 311 0 437 969 540 627 981 1029 865 273 689 860 613 794 930 97 597 438 606 471 825 876 29 374 514 691 512 594 552 690 853 88 948 384 936 838 860 842 402 637 370 538 811 478 918 900 460 741 469 900 938 397
913 781 527 713 722 434 298 571 931 574 628 512 649 695 483 463 579 1090 635 1092 408 440 241 697 187 332 510 760 661 534 863 290 664 1129 760 724 223 437 0 1081 642 549 1094 1141 977 284 591 693 479 906 1042 448 431 191 480 305 658 709 423 177 347 524 628 427 457 595 686 377 781 138 769 672 976 676 235 470 173 371 644 311 1030 1012 577 721 272 733 1050 150
221 354 824 1279 401 1060 814 693 196 1139 921 839 1280 1281 792 994 803 56 1266 43 1034 930 1008 556 1078 870 856 1368 1291 1013 395 965 1295 403 1390 410 1033 969 1081 0 483 895 48 415 152 1001 957 1324 881 438 215 938 1062 1081 874 922 1289 1340 955 1018 978 1006 512 1058 806 1160 1317 917 1412 1028 1400 1303 129 1307 896 952 1014 1002 1275 942 103 443 555 646 1039 1364 324 1041
642 225 385 1053 271 621 385 676 617 953 482 409 841 887 775 565 364 492 827 495 595 501 643 539 639 441 417 952 853 574 266 662 856 531 952 496 595 540 642 483 0 456 496 543 379 571 519 885 442 308 444 508 623 643 435 483 850 901 526 579 539 567 400 619 789 974 878 488 973 589 961 864 550 868 457 513 575 563 836 503 432 415 348 629 674 925 452 602
685 549 330 869 493 441 385 676 703 769 427 410 657 703 678 565 309 817 643 819 416 501 459 540 455 441 362 768 668 519 590 477 672 856 767 496 411 540 458 808 369 0 821 868 704 471 463 701 387 633 769 509 438 458 380 299 666 717 526 395 355 512 400 435 652 790 694 488 789 405 777 679 748 683 273 458 391 379 652 319 757 739 349 629 490 741 777 418
237 367 837 1295 413 1073 826 709 212 1155 933 851 1292 1297 808 1007 816 48 1279 38 1047 942 1024 572 1090 883 869 1384 1304 1026 408 981 1307 415 1403 426 1046 981 1094 48 496 908 0 427 165 1013 970 1337 893 450 228 950 1074 1094 887 934 1302 1352 968 1030 991 1018 528 1071 822 1176 1330 930 1424 1041 1412 1315 145 1319 909 964 1027 1015 1287 954 115 456 571 662 1055 1377 336 1054
573 414 884 1552 460 1120 874 1005 548 1452 981 898 1339 1386 1104 1054 863 423 1326 426 1094 990 1142 869 1137 930 916 1451 1351 1073 414 1160 1355 79 1450 763 1094 1029 1141 415 543 955 427 0 310 1060 1017 1384 940 376 375 997 1121 1141 934 981 1349 1400 1015 1078 1038 1065 729 1118 1118 1472 1377 977 1472 1088 1460 1362 481 1366 956 1012 1074 1062 1335 1002 364 267 678 958 1173 1424 291 1101
311 250 720 1369 296 956 710 783 286 1229 817 734 1175 1222 882 890 699 161 1162 164 930 825 978 646 973 766 752 1287 1187 909 291 996 1190 298 1286 500 930 865 977 152 379 791 165 310 0 896 853 1220 776 334 113 833 957 977 770 817 1185 1236 851 914 874 901 565 954 896 1250 1213 813 1308 924 1296 1198 219 1202 792 848 910 898 1171 838 101 339 513 736 1009 1260 220 937
829 697 540 655 637 447 214 514 847 516 641 348 662 657 425 299 567 1009 648 1012 421 277 284 639 280 168 523 744 674 547 783 224 677 1048 773 640 158 273 284 1001 571 562 1013 1060 896 0 604 706 492 826 961 285 444 284 493 318 671 722 260 220 360 537 544 440 399 537 699 213 794 231 782 685 892 689 248 483 217 384 657 324 950 932 492 663 315 747 970 244
834 699 239 932 643 187 534 826 852 903 94 559 719 766 812 715 183 966 706 969 218 650 592 689 588 590 271 831 731 90 740 611 734 1005 830 645 544 689 591 957 519 310 970 1017 853 604 0 764 296 782 918 658 372 592 289 336 729 780 676 528 418 420 550 313 785 890 757 638 852 539 840 742 897 746 407 367 524 253 715 381 906 889 498 779 623 804 926 551
1201 1065 770 533 1009 606 683 975 1219 627 801 926 91 367 886 885 821 1333 191 1335 580 863 694 1056 690 754 752 433 79 706 1106 713 416 1372 315 1012 646 860 693 1324 885 791 1337 1384 1220 706 764 0 722 1149 1285 871 429 693 722 548 410 28 846 630 386 766 916 479 860 492 35 800 393 640 324 67 1264 428 508 713 626 543 199 423 1273 1255 864 1124 725 289 1293 653
758 622 90 890 566 221 458 749 776 790 259 482 677 724 700 638 141 889 664 892 196 573 480 612 476 514 72 789 689 322 663 499 693 928 788 569 432 613 479 881 442 111 893 940 776 492 296 722 0 706 841 581 330 480 90 209 687 738 599 416 376 167 473 327 673 811 715 561 810 426 798 700 821 704 294 113 412 211 673 340 830 812 421 702 511 762 850 439
596 179 649 1317 226 885 639 771 571 1217 746 664 1105 1151 869 819 628 447 1091 449 859 755 907 634 903 695 681 1216 1116 838 91 926 1120 364 1215 590 859 794 906 438 308 720 450 376 334 826 782 1149 706 0 398 763 886 906 699 747 1114 1165 780 843 803 831 494 883 884 1237 1142 742 1237 853 1225 1128 505 1132 721 777 839 827 1100 767 387 156 443 723 938 1189 407 866
373 315 785 1431 361 1021 775 846 349 1292 881 799 1240 1287 944 955 764 224 1227 226 995 890 1042 709 1038 831 817 1352 1252 974 356 1061 1255 363 1351 563 995 930 1042 215 444 856 228 375 113 961 918 1285 841 398 0 898 1022 1042 835 882 1250 1301 916 979 939 966 630 1019 959 1313 1278 878 1373 989 1361 1263 282 1267 857 913 975 963 1236 903 164 404 578 799 1074 1325 284 1002
766 634 525 820 574 611 224 678 784 681 621 284 827 822 590 123 504 946 813 949 586 22 449 620 445 155 557 909 838 712 720 389 842 985 937 577 322 97 448 938 508 596 950 997 833 285 658 871 581 763 898 0 608 449 575 483 836 887 83 385 525 702 481 605 563 701 864 100 959 395 947 850 829 854 413 648 381 549 822 489 887 869 429 710 480 911 907 408
938 803 378 597 747 214 420 739 956 691 409 663 385 431 651 623 430 1070 372 1073 189 601 431 793 427 492 361 496 397 315 844 450 400 1109 496 749 383 597 431 1062 623 400 1074 1121 957 444 372 429 330 886 1022 608 0 431 331 285 394 445 583 367 199 375 654 85 625 555 422 537 517 378 505 408 1001 412 246 321 364 152 380 221 1011 993 602 883 462 470 1030 391
914 782 528 714 722 434 299 572 932 574 629 513 649 695 484 463 579 1090 636 1093 408 441 241 697 42 332 510 761 661 535 864 290 664 1129 760 725 224 438 191 1081 643 549 1094 1141 977 284 592 693 480 906 1042 449 431 0 480 305 659 709 424 177 348 524 629 428 457 595 687 378 781 80 769 672 977 676 236 471 174 372 644 311 1030 1013 577 721 272 734 1050 66
751 616 84 890 560 222 451 742 769 791 252 476 678 724 700 632 135 883 665 885 196 567 480 606 476 507 66 790 690 323 656 499 693 922 789 562 432 606 480 874 435 105 887 934 770 493 289 722 90 699 835 575 331 480 0 210 687 738 592 417 377 168 466 328 674 812 716 554 810 427 798 701 814 705 295 114 413 212 673 340 823 806 415 695 512 763 843 440
799 663 258 716 607 178 295 614 816 616 373 523 503 550 525 497 309 930 490 933 152 475 306 653 301 366 240 615 515 279 704 324 519 969 614 610 258 471 305 922 483 279 934 981 817 318 336 548 209 747 882 483 285 305 210 0 513 564 458 242 202 254 514 282 499 637 541 411 636 252 624 526 862 530 120 200 238 168 499 166 871 853 462 743 337 588 891 265
1171 1036 740 337 980 576 653 778 1189 431 771 896 282 171 690 856 792 1303 358 1306 550 833 650 904 660 724 722 236 294 677 1077 606 370 1342 482 982 616 830 664 1294 855 761 1307 1354 1190 677 734 336 692 1119 1255 841 400 664 693 518 0 352 816 600 356 737 886 450 663 295 329 770 381 611 491 306 1234 382 479 683 597 514 366 393 1243 1226 835 927 681 456 1263 623
1217 1081 786 549 1025 622 699 991 1235 643 817 942 107 383 902 901 837 1349 206 1351 596 879 710 1072 706 770 768 449 95 722 1122 729 432 1388 331 1028 662 876 709 1340 901 807 1352 1400 1236 722 780 28 738 1165 1301 887 445 709 738 564 426 0 862 646 402 782 932 495 876 508 41 816 409 656 340 83 1280 444 524 729 642 559 215 439 1289 1271 880 1140 741 305 1309 669
783 651 542 795 592 586 215 653 801 656 639 302 802 797 565 55 521 964 788 966 561 76 424 638 420 130 574 884 813 687 737 364 817 1003 912 594 297 29 423 955 526 613 968 1015 851 260 676 846 599 780 916 83 583 424 592 458 811 862 0 360 500 677 498 580 538 676 839 75 934 370 922 825 846 829 388 623 356 524 797 464 904 886 447 727 455 886 924 383
850 718 464 559 658 370 235 417 868 420 565 449 586 561 329 399 515 1027 572 1029 345 377 87 543 174 268 446 648 597 471 800 160 601 1066 696 661 160 374 177 1018 579 485 1030 1078 914 220 528 630 416 843 979 385 367 177 417 242 595 646 360 0 284 461 565 364 303 441 623 314 718 124 706 609 913 613 172 407 27 308 581 248 967 949 514 567 118 670 987 137
855 719 424 554 664 260 337 656 873 647 455 580 342 388 568 539 475 987 328 989 234 517 348 710 344 408 406 453 353 361 760 367 357 1026 452 666 300 514 347 978 539 445 991 1038 874 360 418 386 376 803 939 525 199 348 377 202 351 402 500 284 0 421 570 249 541 512 379 454 474 294 462 365 918 369 163 367 280 197 337 137 927 910 519 799 379 426 947 307
713 578 358 763 522 335 342 661 731 663 455 438 551 597 572 544 338 845 537 848 310 522 353 568 349 413 390 662 562 436 619 371 566 884 661 524 305 519 352 836 398 429 849 896 732 365 492 595 367 661 797 530 332 352 368 193 560 611 505 289 249 0 429 329 546 684 588 459 683 299 671 574 776 578 167 358 285 273 546 213 785 768 377 658 384 635 805 312
333 366 416 910 306 652 357 325 351 771 513 382 872 912 424 538 395 536 858 523 626 473 629 188 625 413 448 983 884 605 452 597 887 717 983 144 581 512 628 512 400 487 528 729 565 544 550 916 473 494 630 481 654 629 466 514 881 932 498 565 570 598 0 650 438 792 909 460 1004 576 992 895 396 899 489 544 561 594 867 534 552 601 161 278 660 956 638 588
935 800 375 647 744 202 417 736 953 738 350 660 435 481 648 619 426 1067 422 1070 185 597 428 790 424 488 357 547 447 256 841 447 450 1106 546 746 380 594 427 1058 619 396 1071 1118 954 440 313 479 327 883 1019 605 85 428 328 282 444 495 580 364 249 372 650 0 621 606 473 534 567 374 555 458 998 462 243 318 360 148 430 217 1007 990 599 879 459 520 1027 387
628 755 721 524 695 627 492 166 646 385 822 627 806 526 149 578 772 830 829 817 602 556 254 292 453 447 703 613 818 728 841 210 858 1106 953 439 278 552 457 806 789 742 822 1118 896 399 785 860 673 884 959 563 625 457 674 499 852 876 538 303 541 718 438 621 0 406 853 492 905 404 963 830 691 870 429 664 302 565 838 505 846 990 481 316 285 927 1028 417
982 1109 859 346 1049 732 630 520 999 173 927 765 438 180 432 716 910 1184 513 1171 706 693 392 646 591 585 841 245 450 833 1195 348 526 1460 638 792 416 690 595 1160 974 880 1176 1472 1250 537 890 492 811 1237 1313 701 555 595 812 637 520 508 676 441 512 856 792 606 406 0 485 630 537 542 647 462 1044 537 567 802 440 669 522 549 1200 1344 834 670 423 612 1381 554
1194 1059 763 527 1003 599 676 968 1212 620 794 919 85 361 880 878 814 1326 184 1328 573 856 687 1049 683 747 745 426 72 700 1099 706 409 1365 308 1005 639 853 686 1317 878 784 1330 1377 1213 699 757 35 715 1142 1278 864 422 687 716 541 403 41 839 623 379 760 909 473 853 485 0 793 386 633 317 60 1257 421 502 706 619 537 192 416 1266 1249 858 1117 718 282 1286 646
745 613 504 749 554 540 169 607 763 610 601 265 755 751 519 114 484 926 742 928 514 92 378 600 374 84 536 838 767 641 700 318 771 965 866 556 251 88 377 917 488 575 930 977 813 213 638 800 561 742 878 100 537 378 554 411 765 816 75 314 454 631 460 534 492 630 793 0 888 324 876 778 808 782 342 577 310 478 751 418 866 849 409 689 409 840 886 337
1289 1153 858 494 1097 694 771 1030 1307 682 889 1013 340 423 942 973 909 1421 264 1423 668 951 782 1144 778 842 840 488 352 794 1194 800 487 1460 159 1100 734 948 781 1412 973 879 1424 1472 1308 794 852 393 810 1237 1373 959 517 781 810 636 482 409 934 718 474 854 1004 567 915 547 386 888 0 728 150 364 1352 499 596 801 714 631 255 511 1361 1343 952 1179 813 185 1381 741
860 729 474 660 669 381 246 519 878 521 576 459 596 642 430 410 526 1037 582 1040 355 388 188 644 78 279 457 707 608 481 811 237 611 1076 707 671 170 384 138 1028 589 496 1041 1088 924 231 539 640 426 853 989 395 378 80 427 252 605 656 370 124 294 471 576 374 404 542 633 324 728 0 716 619 923 623 182 417 120 318 591 258 977 960 524 668 219 681 997 97
1277 1141 846 619 1085 682 759 1078 1295 783 877 1002 327 523 990 961 897 1409 189 1411 656 939 770 1132 766 830 828 588 315 782 1182 789 492 1448 186 1088 722 936 769 1400 961 867 1412 1460 1296 782 840 324 798 1225 1361 947 505 769 798 624 486 340 922 706 462 842 992 555 963 647 317 876 150 716 0 303 1340 504 584 789 702 619 180 499 1349 1331 940 1221 801 213 1369 729
1180 1044 749 504 988 584 662 945 1197 597 779 904 70 338 857 864 800 1311 169 1314 559 842 672 1034 668 733 731 403 58 685 1085 691 394 1350 293 990 625 838 672 1303 864 770 1315 1362 1198 685 742 67 700 1128 1263 850 408 672 701 526 389 83 825 609 365 745 895 458 830 462 60 778 364 619 303 0 1242 406 487 691 605 522 178 402 1252 1234 843 1094 704 267 1272 632
105 421 764 1163 468 1000 705 578 80 1024 861 730 1220 1165 676 885 743 154 1206 141 974 821 893 441 973 761 796 1252 1231 953 462 849 1235 469 1330 295 917 860 976 129 550 835 145 481 219 892 897 1264 821 505 282 829 1001 977 814 862 1229 1280 846 913 918 946 396 998 691 1044 1257 808 1352 923 1340 1242 0 1246 836 892 909 942 1215 882 170 510 439 530 924 1304 391 936
1154 1018 723 319 962 559 636 761 1172 413 753 878 265 153 672 838 774 1285 340 1288 533 816 632 886 642 707 705 219 277 659 1059 589 352 1324 464 965 599 812 646 1277 838 744 1289 1336 1172 659 716 318 675 1102 1237 824 382 646 675 501 346 334 799 583 339 719 869 432 646 278 311 752 364 593 474 289 1217 0 461 665 579 496 349 376 1226 1208 817 910 663 438 1246 606
773 638 343 676 582 249 225 544 791 546 444 475 464 510 456 427 394 905 451 908 223 405 236 628 232 296 325 576 476 350 679 255 479 944 575 584 188 402 235 896 457 364 909 956 792 248 407 508 295 721 857 413 246 236 295 120 473 524 388 172 163 339 489 243 429 567 502 342 596 182 584 487 836 491 0 285 168 186 459 126 845 828 437 693 267 549 865 195
766 630 411 815 574 387 394 713 783 715 507 490 603 649 625 596 390 897 589 900 362 574 405 620 401 465 442 714 615 488 671 424 618 936 713 576 357 571 404 889 450 481 901 948 784 417 544 647 419 714 849 582 385 404 420 245 612 663 557 341 301 464 481 381 598 736 640 511 735 351 723 626 828 630 219 0 337 325 598 265 838 820 429 710 436 687 858 364
846 714 460 558 655 367 231 416 864 419 561 445 582 560 328 396 512 1023 568 1025 341 373 86 542 170 265 443 647 594 467 797 159 597 1062 693 657 156 370 173 1014 575 482 1027 1074 910 217 524 626 412 839 975 381 364 174 413 238 591 642 356 27 280 457 561 360 302 440 619 310 714 120 702 605 909 609 168 403 0 304 577 244 963 946 510 566 117 667 983 133
879 743 260 711 687 95 361 680 897 682 290 604 499 545 592 563 311 1011 486 1013 70 541 372 734 368 432 242 610 511 196 784 391 514 1050 610 690 324 538 371 1002 563 281 1015 1062 898 384 253 543 211 827 963 549 152 372 212 168 508 559 524 308 197 256 594 148 565 669 537 478 631 318 619 522 942 526 186 202 304 0 494 161 951 933 542 823 403 584 971 331
1152 1016 721 564 960 557 634 953 1170 657 752 876 202 398 864 836 772 1284 107 1286 531 814 645 1007 641 705 703 463 190 657 1057 663 367 1323 171 963 597 811 644 1275 836 742 1287 1335 1171 657 715 199 673 1100 1236 822 380 644 673 499 361 215 797 581 337 717 867 430 838 522 192 751 255 591 180 178 1215 379 459 664 577 494 0 374 1224 1206 815 1096 676 145 1244 604
819 683 388 591 627 224 301 620 837 622 418 543 379 425 531 503 439 951 365 953 198 481 312 674 308 372 370 490 391 324 724 330 394 990 489 630 264 478 311 942 503 409 954 1002 838 324 381 423 340 767 903 489 221 311 340 166 388 439 464 248 137 384 534 217 505 549 416 418 511 258 499 402 882 406 126 331 244 161 374 0 891 873 482 763 343 463 911 271
261 303 773 1319 350 1009 763 733 236 1179 870 788 1229 1275 832 943 752 111 1215 114 983 879 1031 597 1027 819 805 1340 1240 962 344 1005 1244 352 1339 451 983 918 1030 103 432 844 115 364 101 950 906 1273 830 387 164 887 1011 1030 823 871 1238 1289 904 967 927 955 552 1007 846 1200 1266 866 1361 977 1349 1252 170 1256 845 901 963 951 1224 891 0 392 567 686 1062 1313 273 990
601 286 756 1423 332 991 745 877 576 1323 852 770 1211 1257 976 926 735 452 1198 454 966 861 1013 740 1009 801 787 1322 1223 944 194 1032 1226 255 1322 697 965 900 1012 443 415 826 456 267 339 932 889 1255 812 156 404 869 993 1013 806 853 1220 1271 886 949 910 937 601 990 990 1344 1249 849 1343 960 1331 1234 510 1238 828 883 946 933 1206 873 392 0 549 830 1044 1296 319 972
376 314 365 953 254 600 305 368 394 814 461 330 820 866 466 486 344 579 807 566 575 421 577 231 573 361 396 932 832 553 400 596 835 666 931 187 530 460 577 555 348 435 571 678 513 492 498 864 421 443 578 429 602 577 415 462 829 880 447 514 519 546 161 599 481 834 858 409 952 524 940 843 439 847 437 492 510 542 815 482 567 549 0 320 609 905 587 537
468 595 645 788 535 881 586 203 485 649 742 611 1070 790 301 767 625 670 1087 657 855 702 518 132 717 642 677 877 1082 834 681 474 1116 946 1212 278 542 741 721 646 629 716 662 958 736 663 779 1124 702 723 799 710 883 721 695 743 1110 1140 727 567 799 827 278 879 316 670 1117 689 1169 668 1221 1094 530 1128 693 773 566 823 1096 763 686 830 320 0 549 1186 867 681
861 813 559 542 753 465 330 400 879 402 660 544 681 544 312 494 610 1064 667 1051 440 472 41 525 269 363 541 631 692 566 895 143 696 1161 791 672 211 469 272 1039 674 580 1055 1173 1009 315 623 725 511 938 1074 480 462 272 512 337 690 741 455 118 379 556 660 459 285 423 718 409 813 219 801 704 924 708 267 502 117 403 676 343 1062 1044 609 549 0 765 1082 232
1241 1106 810 653 1050 646 723 1042 1259 747 841 966 292 487 954 926 862 1373 154 1376 620 903 734 1096 730 794 792 553 279 747 1147 753 456 1412 217 1052 686 900 733 1364 925 831 1377 1424 1260 747 804 289 762 1189 1325 911 470 734 763 588 450 305 886 670 426 807 956 520 927 612 282 840 185 681 213 267 1304 468 549 753 667 584 145 463 1313 1296 905 1186 765 0 1333 693
482 323 793 1461 370 1029 783 915 457 1361 890 808 1249 1295 1013 963 772 333 1235 335 1003 899 1051 778 1047 839 825 1360 1260 982 364 1070 1264 279 1359 672 1003 938 1050 324 452 864 336 291 220 970 926 1293 850 407 284 907 1030 1050 843 891 1258 1309 924 987 947 975 638 1027 1028 1381 1286 886 1381 997 1369 1272 391 1276 865 921 983 971 1244 911 273 319 587 867 1082 1333 0 1010
873 741 487 673 682 394 258 531 891 534 588 472 609 655 443 423 539 1050 595 1052 368 400 201 657 65 291 469 720 621 494 823 250 624 1089 720 684 183 397 150 1041 602 508 1054 1101 937 244 551 653 439 866 1002 408 391 66 440 265 618 669 383 137 307 484 588 387 417 554 646 337 741 97 729 632 936 636 195 430 133 331 604 271 990 972 537 681 232 693 1010 0
EOF