NAME : tsp_problem
TYPE : TSP
DIMENSION : 76
EDGE_WEIGHT_TYPE : EXPLICIT
EDGE_WEIGHT_FORMAT : FULL_MATRIX
EDGE_WEIGHT_SECTION
0 539 840 871 284 625 338 220 659 404 136 869 241 635 611 177 823 839 538 392 837 328 815 81 815 460 805 316 741 489 421 636 859 470 510 334 636 719 239 794 608 536 840 136 304 796 107 803 186 491 560 214 538 749 739 121 407 682 582 581 668 808 574 622 172 604 814 241 342 764 414 239 624 869 88 79
539 0 783 562 387 664 441 577 907 183 598 812 693 738 203 424 1072 572 786 562 780 671 1063 599 758 708 749 658 780 737 655 884 550 718 758 437 739 967 584 647 776 780 531 504 578 1044 624 585 648 174 599 572 577 692 682 583 569 720 620 829 915 752 823 147 565 707 1062 703 685 1012 517 700 727 560 606 597
840 783 0 400 606 1382 555 878 985 648 898 70 1004 989 922 724 1323 367 1038 814 158 1007 1315 899 180 960 80 995 1324 989 907 1136 387 970 1010 689 991 1219 885 322 1028 1031 368 805 983 1296 925 331 949 735 1318 872 1296 196 211 884 821 1386 1339 1066 971 174 1072 866 866 959 1314 1003 1021 1264 480 1001 979 397 906 897
871 562 400 0 638 1161 587 910 1017 522 930 404 1035 1021 701 756 1355 76 1070 846 341 1039 1347 931 319 992 439 1026 1278 1020 938 1168 39 1001 1041 720 1022 1251 916 168 1059 1063 44 837 1015 1327 957 106 980 514 1097 904 1075 253 243 916 853 1218 1118 1097 1003 313 1104 645 897 991 1346 1035 1053 1296 512 1033 1011 22 938 929
284 387 606 638 0 818 95 323 594 253 343 636 448 425 526 169 758 606 473 249 604 442 750 344 581 395 572 430 759 424 342 571 626 405 445 124 426 654 329 561 463 466 607 250 418 731 370 570 393 339 753 317 731 516 506 329 256 821 774 516 602 575 509 470 310 394 749 448 456 699 171 446 414 636 351 342
625 664 1382 1161 818 0 871 768 607 783 525 1412 555 852 511 690 600 1171 614 605 1379 533 512 675 1357 656 1348 520 197 627 634 355 1149 628 594 812 853 495 528 1246 804 732 1130 684 440 572 659 1184 575 689 112 763 137 1292 1281 609 620 138 232 657 667 1351 651 649 535 821 510 575 547 452 947 572 853 1159 682 673
338 441 555 587 95 871 0 376 647 306 397 585 502 478 579 222 812 555 527 303 552 496 804 397 530 449 521 483 813 477 395 625 574 458 498 177 479 707 383 509 516 520 555 303 472 784 423 519 447 393 807 371 785 465 454 382 310 875 828 569 655 524 563 524 364 448 802 502 510 753 220 499 468 584 405 395
220 577 878 910 323 768 376 0 802 443 279 907 385 673 716 269 967 877 681 498 875 471 959 279 853 603 844 459 885 632 564 779 897 613 653 372 674 862 382 832 711 679 878 110 447 939 305 841 330 529 704 29 682 787 777 265 505 825 725 724 811 847 718 660 315 643 957 384 486 908 452 382 663 907 286 277
659 907 985 1017 594 607 647 802 0 772 559 1015 589 462 858 607 494 985 205 381 982 496 486 709 960 249 951 484 494 217 363 306 1005 219 184 572 463 389 446 939 238 222 985 718 472 466 693 949 609 859 683 796 708 895 884 643 396 557 671 190 96 954 196 990 501 432 484 609 510 435 723 607 286 1014 717 707
404 183 648 522 253 783 306 443 772 0 463 678 568 603 322 289 937 532 651 427 645 576 929 464 623 573 614 563 899 602 520 749 510 583 623 302 604 832 449 602 641 645 491 369 551 909 490 545 513 135 718 437 696 558 547 448 435 839 739 694 780 617 688 266 430 572 927 568 590 878 382 565 592 520 471 462
136 598 898 930 343 525 397 279 559 463 0 928 123 539 511 202 724 898 439 292 896 228 716 186 873 361 864 216 641 389 321 537 918 370 410 393 540 619 140 852 509 436 899 195 204 696 170 862 86 550 460 274 438 808 798 120 308 582 482 481 568 867 475 649 72 509 714 123 242 665 472 121 557 928 193 184
869 812 70 404 636 1412 585 907 1015 678 928 0 1033 1019 951 754 1353 371 1067 843 162 1036 1345 929 184 989 110 1024 1353 1018 936 1165 391 999 1039 718 1020 1248 914 326 1057 1061 372 834 1012 1325 954 335 978 764 1347 902 1325 200 215 913 851 1416 1368 1095 1001 178 1101 895 895 989 1343 1033 1051 1294 510 1030 1008 401 936 927
241 693 1004 1035 448 555 502 385 589 568 123 1033 0 570 541 307 754 1003 469 323 1001 258 746 292 979 391 969 246 672 420 352 567 1023 401 441 498 571 650 223 958 539 467 1004 301 234 727 275 967 76 655 491 379 469 913 903 226 338 612 512 512 599 972 505 679 154 539 745 46 273 695 578 44 587 1033 299 290
447 550 802 833 237 661 290 485 437 415 349 831 379 0 647 331 602 801 316 92 799 285 594 499 777 238 767 273 602 267 185 414 821 248 288 230 404 497 235 756 386 314 802 412 261 574 482 765 399 502 597 479 575 711 701 433 100 665 618 359 446 770 353 633 290 373 592 398 300 543 366 396 435 831 506 497
611 203 922 701 526 511 579 716 858 322 511 951 541 838 0 562 1022 711 737 591 919 519 987 661 897 659 887 506 628 688 620 830 688 669 709 575 839 918 514 785 807 735 669 643 426 995 645 724 561 229 447 710 425 831 821 595 606 568 468 780 867 890 774 189 521 807 986 561 533 927 655 558 856 698 668 659
177 424 724 756 169 690 222 269 607 289 202 754 307 519 562 0 772 724 487 341 721 314 764 237 699 409 690 302 773 438 370 585 743 419 459 218 520 668 188 678 557 485 724 196 290 745 237 688 252 375 625 263 604 634 623 187 351 747 647 530 617 693 523 506 169 489 763 307 329 713 298 304 509 753 244 235
823 1072 1323 1355 758 600 812 967 494 937 724 1353 754 792 1022 772 0 1323 501 546 1320 661 281 874 1298 543 1289 648 487 514 575 299 1343 515 481 752 793 185 611 1277 691 619 1323 883 637 124 858 1287 774 1024 676 961 701 1233 1223 808 561 549 664 544 553 1292 538 1154 666 762 280 774 675 266 888 771 740 1353 881 872
839 572 367 76 606 1171 555 877 985 532 898 371 1003 989 711 724 1323 0 1037 813 309 1006 1315 899 287 959 407 994 1288 988 906 1135 81 969 1009 688 990 1218 884 136 1027 1031 62 804 982 1295 924 74 948 524 1107 872 1085 221 211 883 821 1228 1128 1065 971 280 1071 655 865 959 1313 1003 1021 1264 480 1000 978 74 906 897
538 786 1038 1070 473 614 527 681 205 651 439 1067 469 378 737 487 501 1037 0 260 1035 375 493 589 1013 129 1004 363 502 97 278 314 1057 98 64 467 379 397 325 992 224 205 1038 598 351 473 572 1001 489 738 687 676 665 947 937 523 276 564 679 127 158 1007 121 869 380 347 492 489 390 442 602 486 273 1067 596 587
392 562 814 846 249 605 303 498 381 427 292 843 323 347 591 341 546 813 260 0 811 229 538 443 789 182 780 217 546 211 129 358 833 192 232 243 348 441 179 768 330 258 814 424 205 518 426 777 343 514 540 492 519 723 713 377 101 608 562 303 390 783 297 645 234 316 536 342 244 486 378 340 379 843 450 441
837 780 158 341 604 1379 552 875 982 645 896 162 1001 987 919 721 1320 309 1035 811 0 1004 1312 896 122 957 198 992 1321 986 904 1133 329 967 1007 686 988 1216 882 264 1025 1028 310 802 980 1293 922 273 946 732 1315 870 1293 137 153 881 818 1383 1336 1063 969 115 1069 863 863 956 1311 1001 1019 1261 477 998 976 339 903 894
328 671 1007 1039 442 533 496 471 496 576 228 1036 258 476 519 314 661 1006 375 229 1004 0 653 378 982 297 973 72 649 326 258 473 1026 307 347 436 477 556 153 961 445 373 1007 387 110 633 362 970 278 662 468 466 446 916 906 312 245 589 489 418 505 976 412 656 208 446 651 278 99 602 571 275 494 1036 385 376
815 1063 1315 1347 750 512 804 959 486 929 716 1345 746 784 987 764 281 1315 493 538 1312 653 0 866 1290 535 1281 640 399 505 566 266 1335 507 472 744 785 135 603 1269 683 611 1315 875 629 254 850 1279 766 1015 588 953 613 1225 1214 800 553 461 576 536 545 1284 530 1125 658 754 26 766 667 98 880 763 732 1344 873 864
81 599 899 931 344 675 397 279 709 464 186 929 292 690 661 237 874 899 589 443 896 378 866 0 874 511 865 366 792 539 472 687 918 521 561 393 691 770 290 853 659 587 899 195 354 847 57 863 236 550 611 274 589 808 798 95 458 732 632 632 719 868 625 681 222 659 865 291 393 815 473 289 684 928 39 30
815 758 180 319 581 1357 530 853 960 623 873 184 979 964 897 699 1298 287 1013 789 122 982 1290 874 0 935 220 970 1299 964 882 1111 307 945 985 664 966 1194 860 241 1003 1006 287 780 958 1271 900 251 924 710 1293 847 1271 115 131 859 796 1361 1314 1041 946 45 1047 841 841 934 1289 978 996 1239 455 976 954 317 881 872
460 708 960 992 395 656 449 603 249 573 361 989 391 275 659 409 543 959 129 182 957 297 535 511 935 0 926 285 544 79 175 356 979 60 100 384 276 439 247 914 174 101 960 519 273 515 494 923 411 660 609 598 587 869 859 445 198 606 630 171 237 929 165 791 302 244 534 410 312 484 524 408 222 989 518 509
805 749 80 439 572 1348 521 844 951 614 864 110 969 955 887 690 1289 407 1004 780 198 973 1281 865 220 926 0 960 1290 954 872 1102 427 935 975 654 956 1185 850 362 993 997 408 771 949 1261 891 371 914 701 1283 838 1262 236 251 850 787 1352 1305 1031 937 214 1038 832 831 925 1280 969 987 1230 446 967 945 437 872 863
316 658 995 1026 430 520 483 459 484 563 216 1024 246 464 506 302 648 994 363 217 992 72 640 366 970 285 960 0 637 314 246 461 1014 295 335 424 465 544 140 949 433 361 995 375 98 621 349 958 266 650 456 453 434 904 894 300 232 577 477 406 493 963 400 644 195 433 639 265 52 589 559 263 482 1024 373 364
741 780 1324 1278 759 197 813 885 494 899 641 1353 672 793 628 773 487 1288 502 546 1321 649 399 792 1299 544 1290 637 0 514 575 242 1266 516 481 753 794 382 611 1278 692 620 1246 801 557 459 775 1287 692 806 229 879 254 1233 1223 726 562 157 271 545 554 1293 538 766 651 762 398 691 664 339 888 689 740 1276 799 790
489 737 989 1020 424 627 477 632 217 602 389 1018 420 328 688 438 514 988 97 211 986 326 505 539 964 79 954 314 514 0 229 326 1008 89 76 417 329 409 276 943 227 155 989 548 302 486 523 952 439 689 637 626 615 898 888 474 226 576 658 139 226 957 133 820 331 298 504 439 340 454 553 437 276 1018 547 537
421 655 907 938 342 634 395 564 363 520 321 936 352 253 620 370 575 906 278 129 904 258 566 472 882 175 872 246 575 229 0 387 926 210 250 336 254 470 208 861 236 164 907 480 234 547 455 870 372 607 569 558 547 816 806 406 144 637 591 318 299 875 314 738 263 222 565 371 273 515 471 369 285 936 479 470
636 884 1136 1168 571 355 625 779 306 749 537 1165 567 605 830 585 299 1135 314 358 1133 473 266 687 1111 356 1102 461 242 326 387 0 1155 327 293 565 606 194 423 1090 504 432 1136 695 449 271 670 1099 587 836 431 774 456 1045 1035 621 374 305 419 356 366 1105 350 967 478 574 265 586 488 206 700 584 552 1165 694 685
859 550 387 39 626 1149 574 897 1005 510 918 391 1023 1009 688 743 1343 81 1057 833 329 1026 1335 918 307 979 427 1014 1266 1008 926 1155 0 989 1029 708 1010 1238 904 155 1047 1051 31 824 1002 1315 944 94 968 502 1084 892 1063 241 231 903 841 1206 1106 1085 991 300 1091 633 885 978 1333 1023 1041 1283 500 1020 998 36 926 916
470 718 970 1001 405 628 458 613 219 583 370 999 401 310 669 419 515 969 98 192 967 307 507 521 945 60 935 295 516 89 210 327 989 0 77 399 311 410 257 924 209 136 970 529 283 487 504 933 421 670 618 608 597 879 869 455 207 578 640 141 228 938 135 801 312 279 505 420 322 456 534 418 257 999 528 519
510 758 1010 1041 445 594 498 653 184 623 410 1039 441 349 709 459 481 1009 64 232 1007 347 472 561 985 100 975 335 481 76 250 293 1029 77 0 439 350 376 297 964 248 176 1010 569 323 453 544 973 460 710 658 647 636 919 909 495 247 543 658 106 193 978 100 841 352 319 471 460 362 421 574 458 297 1039 568 559
334 437 689 720 124 812 177 372 572 302 393 718 498 331 575 218 752 688 467 243 686 436 744 393 664 384 654 424 753 417 336 565 708 399 439 0 332 648 379 643 370 373 689 299 412 725 419 652 443 389 747 367 725 598 588 378 250 815 768 510 509 657 503 520 360 301 743 498 450 693 253 495 321 718 401 391
454 557 809 840 244 668 297 492 444 422 356 838 386 410 654 339 609 808 324 100 806 293 601 506 784 246 774 280 610 274 192 422 828 256 295 238 0 505 243 763 394 321 809 419 269 581 490 772 406 509 604 487 582 718 708 440 107 672 625 366 453 777 360 640 298 380 600 406 307 550 373 403 442 838 513 504
719 967 1219 1251 654 495 707 862 389 832 619 1248 650 688 918 668 185 1218 397 441 1216 556 135 770 1194 439 1185 544 382 409 470 194 1238 410 376 648 689 0 506 1173 587 515 1219 778 532 157 753 1182 670 919 571 857 596 1128 1118 704 456 445 559 439 449 1188 433 1050 561 657 134 669 571 120 783 667 635 1248 777 768
239 584 885 916 329 528 383 382 446 449 140 914 223 426 514 188 611 884 325 179 882 153 603 290 860 247 850 140 611 276 208 423 904 257 297 379 427 506 0 839 395 323 885 299 129 583 274 848 190 536 464 377 442 794 784 224 194 585 485 368 455 853 362 652 81 396 601 242 167 551 459 240 444 914 298 288
794 647 322 168 561 1246 509 832 939 602 852 326 958 944 785 678 1277 136 992 768 264 961 1269 853 241 914 362 949 1278 943 861 1090 155 924 964 643 945 1173 839 0 982 985 136 759 937 1250 879 99 903 599 1181 827 1159 176 166 838 775 1303 1203 1020 926 235 1026 729 820 913 1268 957 976 1218 434 955 933 165 860 851
608 776 1028 1059 463 804 516 711 238 641 509 1057 539 336 807 557 691 1027 224 330 1025 445 683 659 1003 174 993 433 692 227 236 504 1047 209 248 370 337 587 395 982 0 96 1028 638 421 663 642 991 559 728 757 706 735 937 927 593 346 754 778 193 175 996 199 859 450 306 682 559 460 632 592 556 81 1057 666 657
536 780 1031 1063 466 732 520 679 222 645 436 1061 467 264 735 485 619 1031 205 258 1028 373 611 587 1006 101 997 361 620 155 164 432 1051 136 176 373 265 515 323 985 96 0 1031 595 349 591 570 995 487 732 684 674 663 941 931 521 273 682 706 177 159 1000 183 862 378 233 610 486 388 560 596 484 144 1061 594 585
840 531 368 44 607 1130 555 878 985 491 899 372 1004 990 669 724 1323 62 1038 814 310 1007 1315 899 287 960 408 995 1246 989 907 1136 31 970 1010 689 991 1219 885 136 1028 1031 0 805 983 1296 925 75 949 483 1065 873 1043 222 212 884 821 1187 1087 1066 972 281 1072 613 866 959 1314 1004 1022 1264 480 1001 979 41 906 897
136 504 805 837 250 684 303 110 718 369 195 834 301 600 643 196 883 804 598 424 802 387 875 195 780 519 771 375 801 548 480 695 824 529 569 299 601 778 299 759 638 595 805 0 363 855 221 768 246 456 620 104 598 714 704 181 432 741 641 640 727 774 634 587 231 570 873 300 402 824 379 298 589 834 203 193
304 578 983 1015 418 440 472 447 472 551 204 1012 234 452 426 290 637 982 351 205 980 110 629 354 958 273 949 98 557 302 234 449 1002 283 323 412 453 532 129 937 421 349 983 363 0 609 338 946 254 604 376 442 354 892 882 288 220 497 397 394 481 952 388 564 184 422 627 254 125 578 547 251 470 1012 361 352
796 1044 1296 1327 731 572 784 939 466 909 696 1325 727 765 995 745 124 1295 473 518 1293 633 254 847 1271 515 1261 621 459 486 547 271 1315 487 453 725 766 157 583 1250 663 591 1296 855 609 0 830 1259 747 996 648 933 673 1205 1195 781 533 521 636 516 526 1264 510 1127 638 734 252 746 648 238 860 744 712 1325 854 845
107 624 925 957 370 659 423 305 693 490 170 954 275 673 645 237 858 924 572 426 922 362 850 57 900 494 891 349 775 523 455 670 944 504 544 419 674 753 274 879 642 570 925 221 338 830 0 888 220 576 594 299 572 834 824 78 441 715 615 615 702 894 609 707 206 643 848 275 376 799 499 272 691 954 65 55
803 585 331 106 570 1184 519 841 949 545 862 335 967 953 724 688 1287 74 1001 777 273 970 1279 863 251 923 371 958 1287 952 870 1099 94 933 973 652 954 1182 848 99 991 995 75 768 946 1259 888 0 912 537 1120 836 1098 185 175 847 785 1241 1141 1029 935 244 1035 668 829 922 1277 967 985 1228 444 964 942 104 870 861
186 648 949 980 393 575 447 330 609 513 86 978 76 590 561 252 774 948 489 343 946 278 766 236 924 411 914 266 692 439 372 587 968 421 460 443 591 670 190 903 559 487 949 246 254 747 220 912 0 600 511 324 489 858 848 171 358 632 532 532 619 917 525 699 122 559 765 75 293 715 523 73 607 978 244 234
491 174 735 514 339 689 393 529 859 135 550 764 655 690 229 375 1024 524 738 514 732 662 1015 550 710 660 701 650 806 689 607 836 502 670 710 389 691 919 536 599 728 732 483 456 604 996 576 537 600 0 625 524 603 644 634 535 521 746 646 781 867 704 775 173 517 659 1014 655 677 964 469 652 679 512 558 548
560 599 1318 1097 753 112 807 704 683 718 460 1347 491 787 447 625 676 1107 687 540 1315 468 588 611 1293 609 1283 456 229 637 569 431 1084 618 658 747 788 571 464 1181 757 684 1065 620 376 648 594 1120 511 625 0 698 73 1227 1217 545 556 169 167 729 743 1286 723 585 470 757 587 510 483 528 882 508 805 1094 618 609
214 572 872 904 317 763 371 29 796 437 274 902 379 667 710 263 961 872 676 492 870 466 953 274 847 598 838 453 879 626 558 774 892 608 647 367 668 857 377 827 706 674 873 104 442 933 299 836 324 524 698 0 676 782 772 259 499 819 719 718 806 841 712 655 310 637 952 379 480 902 446 376 657 902 281 272
538 577 1296 1075 731 137 785 682 708 696 438 1325 469 765 425 604 701 1085 665 519 1293 446 613 589 1271 587 1262 434 254 615 547 456 1063 597 636 725 766 596 442 1159 735 663 1043 598 354 673 572 1098 489 603 73 676 0 1205 1195 523 534 194 146 707 768 1265 701 563 448 735 612 488 461 553 861 486 783 1073 596 587
749 692 196 253 516 1292 465 787 895 558 808 200 913 899 831 634 1233 221 947 723 137 916 1225 808 115 869 236 904 1233 898 816 1045 241 879 919 598 900 1128 794 176 937 941 222 714 892 1205 834 185 858 644 1227 782 1205 0 65 793 731 1295 1248 975 881 109 981 775 775 868 1223 913 931 1173 390 910 888 251 816 806
739 682 211 243 506 1281 454 777 884 547 798 215 903 889 821 623 1223 211 937 713 153 906 1214 798 131 859 251 894 1223 888 806 1035 231 869 909 588 890 1118 784 166 927 931 212 704 882 1195 824 175 848 634 1217 772 1195 65 0 783 720 1285 1238 965 871 124 971 765 765 858 1213 903 921 1163 380 900 878 241 806 796
121 583 884 916 329 609 382 265 643 448 120 913 226 624 595 187 808 883 523 377 881 312 800 95 859 445 850 300 726 474 406 621 903 455 495 378 625 704 224 838 593 521 884 181 288 781 78 847 171 535 545 259 523 793 783 0 392 666 566 566 653 853 559 666 156 593 799 225 327 749 458 223 641 913 102 93
407 569 821 853 256 620 310 505 396 435 308 851 338 362 606 351 561 821 276 101 818 245 553 458 796 198 787 232 562 226 144 374 841 207 247 250 363 456 194 775 346 273 821 432 220 533 441 785 358 521 556 499 534 731 720 392 0 624 577 318 405 790 312 652 250 332 551 358 259 502 386 355 394 850 465 456
682 720 1386 1218 821 138 875 825 557 839 582 1416 612 855 568 747 549 1228 564 608 1383 589 461 732 1361 606 1352 577 157 576 637 305 1206 578 543 815 856 445 585 1303 754 682 1187 741 497 521 715 1241 632 746 169 819 194 1295 1285 666 624 0 289 607 616 1355 600 706 591 825 460 632 604 401 950 629 803 1216 739 730
582 620 1339 1118 774 232 828 725 671 739 482 1368 512 809 468 647 664 1128 679 562 1336 489 576 632 1314 630 1305 477 271 658 591 419 1106 640 658 768 810 559 485 1203 778 706 1087 641 397 636 615 1141 532 646 167 719 146 1248 1238 566 577 289 0 721 731 1308 715 606 491 778 575 532 504 516 904 529 826 1116 639 630
581 829 1066 1097 516 657 569 724 190 694 481 1095 512 418 780 530 544 1065 127 303 1063 418 536 632 1041 171 1031 406 545 139 318 356 1085 141 106 510 419 439 368 1020 193 177 1066 640 394 516 615 1029 532 781 729 718 707 975 965 566 318 607 721 0 127 1034 151 912 423 387 534 531 433 485 645 529 242 1095 639 630
668 915 971 1003 602 667 655 811 96 780 568 1001 599 399 867 617 553 971 158 390 969 505 545 719 946 237 937 493 554 226 299 366 991 228 193 509 400 449 455 926 175 159 972 727 481 526 702 935 619 867 743 806 768 881 871 653 405 616 731 127 0 940 133 998 510 369 544 618 520 494 711 616 223 1001 726 717
808 752 174 313 575 1351 524 847 954 617 867 178 972 958 890 693 1292 280 1007 783 115 976 1284 868 45 929 214 963 1293 957 875 1105 300 938 978 657 959 1188 853 235 996 1000 281 774 952 1264 894 244 917 704 1286 841 1265 109 124 853 790 1355 1308 1034 940 0 1041 835 834 928 1283 972 990 1233 449 970 948 310 875 866
574 823 1072 1104 509 651 563 718 196 688 475 1101 505 414 774 523 538 1071 121 297 1069 412 530 625 1047 165 1038 400 538 133 314 350 1091 135 100 503 415 433 362 1026 199 183 1072 634 388 510 609 1035 525 775 723 712 701 981 971 559 312 600 715 151 133 1041 0 906 417 384 528 525 426 478 639 523 248 1101 633 623
622 147 866 645 470 649 524 660 990 266 649 895 679 821 189 506 1154 655 869 645 863 656 1125 681 841 791 832 644 766 820 738 967 633 801 841 520 822 1050 652 729 859 862 613 587 564 1127 707 668 699 173 585 655 563 775 765 666 652 706 606 912 998 835 906 0 648 790 1124 699 671 1065 600 696 810 643 689 679
172 565 866 897 310 535 364 315 501 430 72 895 154 481 521 169 666 865 380 234 863 208 658 222 841 302 831 195 651 331 263 478 885 312 352 360 482 561 81 820 450 378 866 231 184 638 206 829 122 517 470 310 448 775 765 156 250 591 491 423 510 834 417 648 0 451 656 174 222 607 440 171 499 895 229 220
485 588 840 871 275 699 328 523 475 453 387 869 417 441 685 370 640 839 355 131 837 324 632 537 815 277 805 311 641 305 223 453 859 287 326 269 442 536 274 794 425 352 840 450 300 612 521 803 437 540 635 518 613 749 739 471 138 703 656 397 484 808 391 671 329 0 631 437 338 581 404 434 473 869 544 535
814 1062 1314 1346 749 510 802 957 484 927 714 1343 745 783 986 763 280 1313 492 536 1311 651 26 865 1289 534 1280 639 398 504 565 265 1333 505 471 743 784 134 601 1268 682 610 1314 873 627 252 848 1277 765 1014 587 952 612 1223 1213 799 551 460 575 534 544 1283 528 1124 656 752 0 764 666 97 878 762 730 1343 872 863
241 703 1003 1035 448 575 502 384 609 568 123 1033 46 589 561 307 774 1003 489 342 1001 278 766 291 978 410 969 265 691 439 371 586 1023 420 460 498 590 669 242 957 559 486 1004 300 254 746 275 967 75 655 510 379 488 913 903 225 358 632 532 531 618 972 525 699 174 559 764 0 292 715 577 41 607 1033 298 289
342 685 1021 1053 456 547 510 486 510 590 242 1051 273 491 533 329 675 1021 390 244 1019 99 667 393 996 312 987 52 664 340 273 488 1041 322 362 450 492 571 167 976 460 388 1022 402 125 648 376 985 293 677 483 480 461 931 921 327 259 604 504 433 520 990 426 671 222 460 666 292 0 616 586 290 508 1051 400 391
764 1012 1264 1296 699 452 753 908 435 878 665 1294 695 733 927 713 266 1264 442 486 1261 602 98 815 1239 484 1230 589 339 454 515 206 1283 456 421 693 734 120 551 1218 632 560 1264 824 578 238 799 1228 715 964 528 902 553 1173 1163 749 502 401 516 485 494 1233 478 1065 607 703 97 715 616 0 828 712 681 1293 822 813
414 517 480 512 171 947 220 452 723 382 472 510 578 554 655 298 888 480 602 378 477 571 880 473 455 524 446 559 888 553 471 700 500 534 574 253 555 783 459 434 592 596 480 379 547 860 499 444 523 469 882 446 861 390 380 458 386 950 904 645 711 449 639 600 440 523 878 577 586 828 0 575 543 510 480 471
239 700 1001 1033 446 572 499 382 607 565 121 1030 44 587 558 304 771 1000 486 340 998 275 763 289 976 408 967 263 689 437 369 584 1020 418 458 495 588 667 240 955 556 484 1001 298 251 744 272 964 73 652 508 376 486 910 900 223 355 629 529 529 616 970 523 696 171 556 762 41 290 712 575 0 605 1030 296 287
624 727 979 1011 414 853 468 663 286 592 557 1008 587 384 856 509 740 978 273 379 976 494 732 684 954 222 945 482 740 276 285 552 998 257 297 321 385 635 444 933 81 144 979 589 470 712 691 942 607 679 805 657 783 888 878 641 394 803 826 242 223 948 248 810 499 354 730 607 508 681 543 605 0 1008 691 682
869 560 397 22 636 1159 584 907 1014 520 928 401 1033 1019 698 753 1353 74 1067 843 339 1036 1344 928 317 989 437 1024 1276 1018 936 1165 36 999 1039 718 1020 1248 914 165 1057 1061 41 834 1012 1325 954 104 978 512 1094 902 1073 251 241 913 850 1216 1116 1095 1001 310 1101 643 895 988 1343 1033 1051 1293 510 1030 1008 0 936 926
88 606 906 938 351 682 405 286 717 471 193 936 299 697 668 244 881 906 596 450 903 385 873 39 881 518 872 373 799 547 479 694 926 528 568 401 698 777 298 860 666 594 906 203 361 854 65 870 244 558 618 281 596 816 806 102 465 739 639 639 726 875 633 689 229 666 872 298 400 822 480 296 691 936 0 37
79 597 897 929 342 673 395 277 707 462 184 927 290 688 659 235 872 897 587 441 894 376 864 30 872 509 863 364 790 537 470 685 916 519 559 391 689 768 288 851 657 585 897 193 352 845 55 861 234 548 609 272 587 806 796 93 456 730 630 630 717 866 623 679 220 657 863 289 391 813 471 287 682 926 37 0
EOF