NAME : tsp_problem
TYPE : TSP
DIMENSION : 34
EDGE_WEIGHT_TYPE : EXPLICIT
EDGE_WEIGHT_FORMAT : FULL_MATRIX
EDGE_WEIGHT_SECTION
0 1222 1188 189 1218 839 978 687 1156 602 148 569 616 472 1273 632 338 600 185 647 950 302 550 1093 684 612 1204 931 622 313 128 1164 332 782
1222 0 97 1148 130 481 665 811 178 1039 1227 891 1002 1176 383 1068 925 1068 1204 617 378 1340 946 519 808 1049 50 554 1059 1272 1166 432 931 971
1188 97 0 1114 144 446 679 777 193 1036 1193 856 968 1191 349 1065 890 1033 1170 582 343 1306 911 533 774 1046 80 569 1056 1238 1131 398 897 937
377 1396 1362 0 1392 1013 966 861 1330 762 330 743 790 460 1447 791 513 774 220 821 1124 556 724 1268 859 772 1379 1052 782 146 381 1339 506 956
1218 130 144 1144 0 527 563 807 76 937 1223 838 998 1074 430 966 920 1019 1200 645 424 1336 941 417 804 947 112 452 957 1268 1161 479 927 918
839 481 446 765 527 0 443 428 557 642 844 459 619 955 531 672 542 640 821 266 160 957 563 495 425 652 463 333 663 889 783 423 548 539
978 665 679 911 563 443 0 630 501 442 930 586 821 580 925 472 688 643 821 469 554 1104 765 438 627 452 647 155 463 1035 929 817 694 742
685 811 777 611 807 428 630 0 745 533 690 487 292 850 861 563 388 531 667 236 539 804 174 682 43 543 793 520 554 735 629 753 394 567
1156 178 193 1082 76 557 501 745 0 875 1161 776 936 1012 479 904 858 957 1138 583 473 1274 879 355 742 885 161 390 895 1206 1099 528 865 856
602 1039 1036 528 937 642 442 535 875 0 607 275 534 376 1120 48 305 238 584 495 753 720 398 812 533 29 1021 529 39 652 546 1012 311 450
148 1227 1193 178 1223 844 930 691 1161 607 0 574 620 425 1277 636 343 605 138 652 955 386 555 1098 689 617 1209 936 627 302 212 1169 337 787
569 891 856 495 838 459 586 487 776 275 574 0 501 520 941 305 272 273 551 325 570 687 365 713 484 285 873 551 296 619 513 833 278 232
616 1002 968 541 998 619 821 292 936 534 620 501 0 851 1052 564 318 532 597 427 730 734 241 873 289 544 984 711 554 665 559 944 324 714
472 1176 1191 442 1074 955 580 852 1012 376 425 520 851 0 1437 406 607 577 315 812 1066 651 715 950 850 386 1159 667 397 566 476 1329 601 688
1273 383 349 1198 430 531 925 861 479 1120 1277 941 1052 1437 0 1150 975 1118 1254 667 428 1391 996 819 858 1130 366 815 1141 1322 1216 247 981 1021
632 1068 1065 557 966 672 472 564 904 48 636 305 564 406 1150 0 334 267 613 524 783 750 428 842 562 33 1050 559 39 681 575 1042 340 479
338 925 890 264 920 542 688 389 858 305 343 272 318 607 975 334 0 302 320 349 653 457 253 796 387 315 907 634 325 388 282 867 95 484
600 1068 1033 526 1019 640 643 533 957 238 605 273 532 577 1118 267 302 0 582 493 751 718 396 894 530 248 1050 730 258 650 543 1010 309 448
185 1204 1170 154 1200 821 821 668 1138 584 138 551 597 315 1254 613 320 582 0 629 932 363 532 1075 666 594 1186 907 604 279 189 1146 314 764
647 617 582 573 645 266 469 236 583 495 652 325 427 812 667 524 349 493 629 0 377 765 370 521 233 505 599 359 515 697 591 559 356 405
950 378 343 876 424 160 554 539 473 753 955 570 730 1066 428 783 653 751 932 377 0 1068 673 606 536 763 360 444 774 1000 894 320 659 650
302 1340 1306 307 1336 957 1104 805 1274 720 386 687 734 651 1391 750 457 718 363 765 1068 0 668 1212 803 730 1323 1050 741 431 208 1283 450 900
550 946 911 476 941 563 765 174 879 398 555 365 241 715 996 428 253 396 532 370 673 668 0 817 171 408 928 655 419 600 494 888 259 578
1093 519 533 1019 417 495 438 682 355 812 1098 713 873 950 819 842 796 894 1075 521 606 1212 817 0 679 822 501 328 833 1143 1037 868 802 793
683 808 774 609 804 425 627 43 742 531 688 484 289 848 858 560 386 529 665 233 536 801 171 679 0 541 790 517 551 733 627 750 392 564
612 1049 1046 538 947 652 452 545 885 29 617 285 544 386 1130 33 315 248 594 505 763 730 408 822 543 0 1031 539 24 662 556 1022 321 460
1204 50 80 1130 112 463 647 793 161 1021 1209 873 984 1159 366 1050 907 1050 1186 599 360 1323 928 501 790 1031 0 537 1041 1254 1148 414 913 953
931 554 569 857 452 333 155 520 390 529 936 551 711 667 815 559 634 730 907 359 444 1050 655 328 517 539 537 0 549 981 875 707 640 631
622 1059 1056 548 957 663 463 555 895 39 627 296 554 397 1141 39 325 258 604 515 774 741 419 833 553 24 1041 549 0 672 566 1033 331 470
271 1290 1256 240 1286 907 859 754 1224 655 224 637 683 354 1340 685 406 668 114 715 1018 449 618 1161 752 665 1272 946 676 0 275 1232 400 850
128 1166 1131 133 1161 783 929 630 1099 546 212 513 559 476 1216 575 282 543 189 591 894 208 494 1037 628 556 1148 875 566 257 0 1108 276 725
1164 432 398 1090 479 423 817 753 528 1012 1169 833 944 1329 247 1042 867 1010 1146 559 320 1283 888 868 750 1022 414 707 1033 1214 1108 0 873 913
332 931 897 258 927 548 694 395 865 311 337 278 324 601 981 340 95 309 314 356 659 450 259 802 393 321 913 640 331 382 276 873 0 491
782 971 937 708 918 539 742 567 856 450 787 232 714 688 1021 479 484 448 764 405 650 900 578 793 564 460 953 631 470 832 725 913 491 0
EOF