NAME : tsp_problem
TYPE : TSP
DIMENSION : 78
EDGE_WEIGHT_TYPE : EXPLICIT
EDGE_WEIGHT_FORMAT : FULL_MATRIX
EDGE_WEIGHT_SECTION
0 1471 1089 1038 904 955 478 692 871 756 832 1041 650 804 1440 729 969 1420 959 830 693 706 1321 866 1014 985 743 1227 928 1103 732 775 1057 583 1082 998 1080 533 712 897 875 989 1201 1077 920 1437 739 1064 837 935 1471 847 1308 1305 1133 669 592 883 1019 702 864 1062 877 677 788 994 1337 556 982 591 738 462 687 1580 966 1304 1213 988
1471 0 1206 1155 1215 556 1033 839 1329 749 950 1227 955 714 399 1033 937 380 739 681 998 1011 381 978 1191 1162 860 1357 896 1247 991 822 475 1091 608 1175 859 1001 1017 837 992 1166 485 495 828 243 751 1250 935 1017 207 897 441 420 1277 974 1279 1000 851 1006 878 878 1555 827 884 744 349 1064 815 1099 764 1045 992 243 1083 413 481 957
1089 1206 0 106 325 808 784 997 439 749 430 277 573 966 1236 651 703 1216 1002 773 616 628 1218 530 241 212 407 287 663 80 725 1074 841 708 1125 225 744 838 635 890 290 215 1244 861 654 1173 664 300 562 599 1206 581 1278 1257 110 591 588 373 753 624 599 726 605 670 781 728 1186 682 716 717 615 662 609 1316 210 1250 1256 404
1038 1155 106 0 291 758 733 947 405 698 379 303 522 916 1185 600 653 1166 952 723 565 578 1167 479 267 238 356 257 612 147 674 1024 790 658 1074 251 694 787 584 839 239 242 1193 810 604 1122 613 327 511 549 1155 531 1227 1206 177 541 554 323 702 573 548 675 632 619 730 677 1135 631 666 666 564 612 559 1265 159 1199 1205 353
1159 1336 386 412 0 938 854 1068 474 879 560 178 703 1096 1366 781 834 1346 1133 903 746 758 1348 660 260 232 537 364 793 364 855 1151 971 838 1255 245 875 908 765 1020 420 235 1374 991 785 1303 794 202 692 729 1336 711 1408 1387 394 722 623 503 883 754 729 856 506 800 911 858 1316 812 847 847 745 792 739 1446 298 1380 1386 534
955 556 808 758 817 0 517 322 932 303 552 830 513 198 586 591 539 566 234 234 555 568 568 581 793 764 462 959 498 849 544 306 142 648 356 777 461 485 574 391 595 768 475 162 430 523 304 853 538 619 556 500 582 579 879 531 762 602 454 564 480 480 1084 380 438 346 536 621 417 657 317 602 549 666 685 579 487 707
478 1033 784 733 599 517 0 254 566 451 527 735 345 366 1003 423 664 983 522 525 388 401 884 560 709 680 437 921 623 797 426 337 619 277 644 693 775 95 407 592 570 684 763 639 615 1000 434 759 531 630 1033 541 870 867 827 364 286 577 713 396 559 756 608 371 482 688 899 251 677 286 433 157 382 1143 661 866 775 682
692 839 997 947 812 322 254 0 780 586 741 949 559 172 808 637 822 788 327 517 602 614 689 774 922 894 651 1135 781 1011 640 143 425 491 449 907 744 223 621 674 783 897 569 445 713 805 587 972 745 843 839 755 676 673 1041 577 500 791 736 610 763 763 822 585 696 629 705 464 700 500 600 371 595 948 874 672 581 896
871 1329 439 405 219 932 566 780 0 844 553 355 696 891 1359 774 827 1340 1047 897 739 752 1341 653 329 300 530 541 786 417 819 863 964 670 1169 313 868 620 758 985 413 304 1288 984 778 1296 787 379 685 723 1329 704 1395 1380 447 715 334 496 876 747 722 849 418 764 875 851 1309 644 840 679 738 550 733 1439 291 1373 1300 527
756 749 749 698 758 303 451 586 844 0 492 770 319 461 779 397 573 760 497 103 361 374 761 525 734 705 402 900 532 790 271 569 335 454 619 718 495 505 380 170 535 708 738 355 464 716 98 793 496 595 749 506 821 800 820 337 564 542 487 370 514 514 886 107 164 380 729 427 451 463 161 329 355 859 626 793 750 647
832 950 430 379 439 552 527 741 553 492 0 451 316 710 980 394 318 960 746 517 359 372 961 144 415 386 121 581 277 471 468 818 584 452 868 399 359 581 378 634 170 390 987 604 269 916 407 474 176 214 950 196 1021 1000 501 335 640 92 368 367 213 340 779 413 524 343 930 425 331 461 358 406 353 1059 307 993 999 197
1051 1227 277 303 251 830 745 959 365 770 451 0 594 988 1257 672 725 1238 1024 795 637 650 1239 551 152 123 428 214 684 255 746 1042 862 730 1146 136 766 799 656 911 311 126 1265 882 676 1194 685 93 583 621 1227 602 1299 1278 285 613 514 394 774 645 620 747 398 691 802 749 1207 703 738 738 636 684 631 1337 189 1271 1277 425
650 955 573 522 582 513 345 559 696 319 316 594 0 670 985 103 453 965 707 388 68 80 967 350 558 529 226 724 412 614 294 642 545 247 829 542 564 399 87 460 359 532 948 565 404 922 271 617 321 419 955 331 1027 1006 644 81 458 366 502 76 348 546 780 239 350 477 935 221 466 256 222 232 98 1065 450 999 960 472
804 714 966 916 924 198 366 172 891 461 710 988 670 0 683 749 697 664 203 392 713 726 565 739 951 922 620 1117 656 1007 702 155 300 603 325 935 619 334 732 549 753 926 444 320 588 681 462 1011 696 777 714 658 551 548 1037 689 612 760 612 722 638 638 934 538 596 504 580 576 575 611 475 482 707 824 843 547 456 865
1440 399 1236 1185 1245 586 1003 808 1359 779 980 1257 985 683 0 1063 967 64 530 711 1028 1041 173 1008 1221 1192 890 1387 926 1277 1021 792 505 1121 400 1205 889 971 1047 867 1022 1196 276 525 858 228 781 1280 965 1047 261 927 233 212 1307 1004 1248 1030 881 1036 908 908 1570 857 914 774 141 1094 845 1129 794 1075 1022 371 1113 204 272 987
729 1033 651 600 660 591 423 637 774 397 394 672 103 749 1063 0 531 1043 785 466 70 59 1045 428 636 607 305 802 490 692 373 720 623 326 907 620 642 477 48 538 437 611 1026 643 482 1000 349 695 399 497 1033 409 1105 1084 722 159 537 445 581 42 426 624 858 317 429 556 1013 299 544 334 300 310 177 1143 528 1077 1038 550
811 781 545 495 554 384 505 666 669 417 289 567 294 542 811 373 0 792 578 349 337 350 793 322 530 501 199 696 371 586 447 650 416 430 700 514 462 559 356 505 332 505 819 436 362 748 386 590 279 392 781 289 853 832 616 313 618 339 454 346 307 480 895 392 503 346 761 403 417 439 336 384 331 891 422 825 831 444
1420 380 1216 1166 1225 566 983 788 1340 760 960 1238 965 664 64 1043 947 0 510 691 1008 1021 153 989 1201 1172 870 1367 906 1257 1001 772 485 1101 380 1185 869 951 1027 848 1003 1176 257 505 838 208 761 1261 946 1027 241 907 213 192 1287 984 1228 1010 862 1016 888 888 1550 837 895 754 121 1074 825 1110 774 1055 1002 351 1093 185 252 967
959 739 1002 952 1012 234 522 327 1047 497 746 1024 707 203 530 785 733 510 0 428 750 762 411 775 987 958 656 1154 693 1043 738 311 336 758 171 971 655 490 769 585 789 962 291 356 624 567 498 1047 732 813 601 694 398 395 1073 725 767 796 648 758 674 674 1089 574 632 540 427 732 611 767 512 638 743 710 880 394 303 901
830 681 773 723 782 234 525 517 897 103 517 795 388 392 711 466 504 691 428 0 430 443 693 546 758 729 427 924 463 814 345 500 267 523 550 742 426 579 449 191 560 733 670 287 395 647 172 818 503 584 681 465 753 731 844 406 638 567 419 439 445 445 960 181 238 311 661 496 382 532 192 403 424 790 650 724 682 672
693 998 616 565 625 555 388 602 739 361 359 637 68 713 1028 70 496 1008 750 430 0 91 1010 392 601 572 269 767 455 657 337 685 588 290 872 585 607 442 80 503 402 575 991 608 447 964 314 660 363 462 998 373 1070 1049 686 123 501 409 545 74 391 588 823 282 393 520 978 263 509 299 265 275 141 1107 493 1041 1003 514
706 1011 628 578 637 568 401 614 752 374 372 650 80 726 1041 59 508 1021 762 443 91 0 1022 405 613 584 282 779 467 669 350 697 601 303 884 597 620 455 69 515 415 588 1004 621 459 977 327 673 376 474 1011 386 1082 1061 699 136 514 422 558 63 403 601 836 295 406 533 991 276 521 312 278 287 154 1120 505 1054 1016 527
1321 381 1218 1167 1227 568 884 689 1341 761 961 1239 967 565 173 1045 949 153 411 693 1010 1022 0 990 1203 1174 872 1369 908 1259 1003 673 487 1103 281 1187 871 852 1029 849 1004 1178 158 507 839 210 762 1262 947 1029 243 909 114 93 1289 986 1129 1012 863 1018 889 890 1451 839 896 756 69 1076 827 1111 776 1000 1003 353 1095 86 153 969
866 978 530 479 539 581 560 774 653 525 144 551 350 739 1008 428 239 989 775 546 392 405 990 0 515 486 155 681 199 571 502 847 613 485 897 499 248 615 411 667 273 490 1016 633 190 945 441 574 98 103 978 117 1050 1029 601 368 674 195 289 401 135 230 879 447 558 264 958 458 252 494 392 439 386 1088 407 1022 1028 257
1014 1191 241 267 215 793 709 922 329 734 415 152 558 951 1221 636 688 1201 987 758 601 613 1203 515 0 65 392 337 648 219 710 1006 826 693 1110 35 729 763 620 875 275 36 1229 846 639 1158 649 175 547 584 1191 566 1263 1242 249 576 477 358 738 609 584 711 480 655 766 713 1171 667 701 702 600 647 594 1300 153 1235 1241 389
985 1162 212 238 186 764 680 894 300 705 386 123 529 922 1192 607 659 1172 958 729 572 584 1174 486 65 0 363 308 619 190 681 977 797 664 1081 49 700 734 591 846 246 39 1200 817 610 1129 620 146 518 555 1162 537 1234 1213 220 547 448 329 709 580 555 682 451 626 737 684 1142 638 672 673 571 618 565 1272 124 1206 1212 360
743 860 407 356 416 462 437 651 530 402 121 428 226 620 890 305 328 870 656 427 269 282 872 155 392 363 0 558 287 448 379 728 495 362 778 376 369 491 288 544 193 366 898 515 279 826 318 451 187 224 860 206 932 910 478 245 550 172 378 278 224 351 756 324 435 353 840 335 341 371 268 316 263 969 284 903 910 277
1236 1357 287 257 437 959 931 1145 551 900 581 214 724 1117 1387 802 854 1367 1154 924 767 779 1369 681 337 308 558 0 814 328 876 1226 992 859 1276 321 896 985 786 1041 441 312 1395 1012 806 1324 815 190 713 750 1357 732 1429 1408 358 743 699 524 904 775 750 877 583 821 932 879 1337 833 868 868 766 813 760 1467 361 1401 1407 555
850 821 585 534 594 423 545 706 708 457 329 606 334 581 851 412 451 831 617 388 377 390 833 362 570 541 239 736 0 626 486 689 456 470 740 554 501 599 396 545 371 545 859 476 402 788 425 630 319 431 821 329 893 872 656 353 658 379 494 385 346 520 935 431 542 386 801 443 457 478 376 424 371 931 462 865 871 484
1103 1247 80 147 303 849 797 1011 417 790 471 255 614 1007 1277 692 744 1257 1043 814 657 669 1259 571 219 190 448 328 704 0 766 1094 882 749 1166 203 785 852 676 931 331 194 1285 902 695 1214 705 278 603 640 1247 622 1319 1298 41 632 566 414 794 665 640 767 583 711 822 769 1227 723 757 758 656 703 650 1357 241 1291 1297 445
732 991 725 674 734 544 426 640 819 271 468 746 294 702 1021 373 605 1001 738 345 337 350 1003 502 710 681 379 876 564 766 0 723 577 430 860 694 716 481 356 412 511 685 980 597 556 957 254 769 473 571 991 483 1063 1041 796 313 540 519 655 345 500 698 862 191 302 621 971 403 618 439 277 305 331 1100 602 1034 992 624
775 822 1074 1024 895 306 337 143 863 569 818 1032 642 155 792 720 805 772 311 500 685 697 673 847 1006 977 728 1218 764 1094 723 0 408 574 433 990 727 306 704 657 861 980 552 428 696 789 570 1055 804 885 822 766 659 656 1124 661 583 868 720 693 746 746 905 646 704 612 688 547 683 583 584 454 678 932 951 655 564 973
1057 475 841 790 850 142 619 425 964 335 584 862 545 300 505 623 572 485 336 267 588 601 487 613 826 797 495 992 531 882 577 408 0 681 458 810 494 587 607 423 627 801 578 40 462 441 337 885 570 652 475 532 547 525 912 564 865 635 486 596 512 513 1187 413 471 379 455 654 450 690 350 635 582 584 718 518 586 740
583 1091 708 658 703 648 277 491 670 454 452 730 247 603 1121 326 588 1101 758 523 290 303 1103 485 693 664 362 859 548 749 430 574 681 0 880 677 700 331 309 596 495 668 1000 701 539 1057 407 753 456 555 1091 466 1107 1104 779 266 391 502 638 299 484 681 712 375 486 613 1071 65 601 76 358 176 284 1200 585 1103 1012 607
1082 608 1125 1074 1134 356 644 449 1169 619 868 1146 829 325 400 907 855 380 171 550 872 884 281 897 1110 1081 778 1276 815 1166 860 433 458 880 0 1094 778 612 891 707 911 1084 160 478 746 437 620 1169 854 935 470 816 267 264 1196 848 889 918 770 880 796 796 1211 696 754 662 296 854 733 889 634 760 865 580 1002 264 172 1024
998 1175 225 251 199 777 693 907 313 718 399 136 542 935 1205 620 672 1185 971 742 585 597 1187 499 35 49 376 321 632 203 694 990 810 677 1094 0 713 747 604 859 259 34 1213 830 623 1142 633 159 531 568 1175 550 1247 1226 233 560 461 342 722 593 568 695 464 639 750 697 1155 651 685 686 584 631 578 1285 137 1219 1225 373
1080 859 744 694 754 461 775 744 868 495 359 766 564 619 889 642 377 869 655 426 607 620 871 248 729 700 369 896 336 785 716 727 494 700 778 713 0 829 626 583 487 704 897 514 268 826 496 789 312 192 859 332 931 910 815 583 888 409 291 615 318 76 1094 572 630 184 839 673 255 709 510 654 601 969 621 903 909 380
533 1001 838 787 653 485 95 223 620 505 581 790 399 334 971 477 718 951 490 579 442 455 852 615 763 734 491 975 677 852 481 306 587 331 612 747 829 0 461 646 624 738 731 607 669 968 488 813 585 684 1001 595 838 835 881 418 340 631 767 450 613 811 662 426 537 742 867 305 731 340 487 211 436 1111 715 835 743 737
712 1017 635 584 644 574 407 621 758 380 378 656 87 732 1047 48 515 1027 769 449 80 69 1029 411 620 591 288 786 474 676 356 704 607 309 891 604 626 461 0 522 421 594 1010 627 466 983 333 679 382 481 1017 392 1089 1068 706 143 520 428 564 52 410 607 842 301 412 539 997 282 528 318 284 294 160 1126 512 1061 1022 533
897 837 890 839 899 391 592 674 985 170 634 911 460 549 867 538 661 848 585 191 503 515 849 667 875 846 544 1041 620 931 412 657 423 596 707 859 583 646 522 0 676 850 826 443 552 804 240 934 638 736 837 621 909 888 961 479 705 684 575 511 602 602 1027 248 305 468 818 569 539 604 302 471 496 947 767 881 838 789
875 992 290 239 299 595 570 783 413 535 170 311 359 753 1022 437 446 1003 789 560 402 415 1004 273 275 246 193 441 406 331 511 861 627 495 911 259 487 624 421 676 0 250 1030 647 397 959 450 334 305 342 992 324 1064 1043 361 378 562 114 496 410 342 469 639 456 567 471 972 468 459 503 401 449 396 1102 167 1036 1042 144
989 1166 215 242 189 768 684 897 304 708 390 126 532 926 1196 611 663 1176 962 733 575 588 1178 490 36 39 366 312 622 194 685 980 801 668 1084 34 704 738 594 850 250 0 1204 821 614 1132 624 149 521 559 1166 541 1238 1216 224 551 452 333 713 584 558 685 454 630 741 688 1146 641 676 677 574 622 569 1275 128 1209 1216 364
1201 485 1244 1193 1253 475 763 569 1288 738 987 1265 948 444 276 1026 975 257 291 670 991 1004 158 1016 1229 1200 898 1395 934 1285 980 552 578 1000 160 1213 897 731 1010 826 1030 1204 0 598 865 313 739 1288 973 1055 347 935 144 141 1315 967 1009 1038 889 999 915 916 1331 816 873 782 173 973 853 1008 753 879 985 456 1121 140 49 1072
1077 495 861 810 870 162 639 445 984 355 604 882 565 320 525 643 592 505 356 287 608 621 507 633 846 817 515 1012 551 902 597 428 40 701 478 830 514 607 627 443 647 821 598 0 482 461 357 905 590 672 495 552 567 545 932 584 885 655 506 616 532 533 1207 433 491 399 475 674 470 710 370 655 602 604 738 538 606 760
920 828 654 604 664 430 615 713 778 464 269 676 404 588 858 482 149 838 624 395 447 459 839 190 639 610 279 806 108 695 556 696 462 539 746 623 268 669 466 552 397 614 865 482 0 794 465 699 147 260 828 109 899 878 725 422 728 319 138 455 90 286 1004 501 599 113 808 513 102 548 446 493 440 937 531 871 877 413
1437 243 1173 1122 1182 523 1000 805 1296 716 916 1194 922 681 228 1000 903 208 567 647 964 977 210 945 1158 1129 826 1324 863 1214 957 789 441 1057 437 1142 826 968 983 804 959 1132 313 461 794 0 717 1217 902 983 105 864 270 249 1244 940 1245 966 818 973 844 844 1522 793 851 710 178 1030 781 1066 731 1011 958 214 1050 241 309 923
739 751 664 613 673 304 434 587 787 98 407 685 271 462 781 349 544 761 498 172 314 327 762 441 649 620 318 815 503 705 254 570 337 407 620 633 496 488 333 240 450 624 739 357 465 717 0 708 412 510 751 422 822 801 735 290 547 458 488 322 439 515 869 90 156 381 731 380 452 416 76 312 308 860 541 794 751 563
1074 1250 300 327 274 853 768 982 388 793 474 93 617 1011 1280 695 748 1261 1047 818 660 673 1262 574 175 146 451 190 707 278 769 1065 885 753 1169 159 789 823 679 934 334 149 1288 905 699 1217 708 0 606 644 1250 626 1322 1301 308 636 537 418 798 668 643 770 421 714 825 773 1231 726 761 762 659 707 654 1360 212 1294 1300 448
837 935 562 511 571 538 531 745 685 496 176 583 321 696 965 399 196 946 732 503 363 376 947 98 547 518 187 713 155 603 473 804 570 456 854 531 312 585 382 638 305 521 973 590 147 902 412 606 0 167 935 74 1007 986 633 339 645 226 246 372 91 294 911 418 529 221 915 429 209 465 362 410 357 1045 439 979 985 321
935 1017 599 549 608 619 630 843 723 595 214 621 419 777 1047 497 309 1027 813 584 462 474 1029 103 584 555 224 750 268 640 571 885 652 555 935 568 192 684 481 736 342 559 1055 672 260 983 510 644 167 0 1017 186 1089 1068 670 438 743 264 358 470 204 174 949 516 627 333 997 528 322 563 461 509 455 1126 476 1060 1067 235
1471 207 1206 1155 1215 556 1033 839 1329 749 950 1227 955 714 261 1033 937 241 601 681 998 1011 243 978 1191 1162 860 1357 896 1247 991 822 475 1091 470 1175 859 1001 1017 837 992 1166 347 495 828 105 751 1250 935 1017 0 897 303 282 1277 974 1279 1000 851 1006 878 878 1555 827 884 744 211 1064 815 1099 764 1045 992 178 1083 275 342 957
847 897 581 531 590 500 541 755 704 506 196 602 331 658 927 409 158 907 694 465 373 386 909 117 566 537 206 732 117 622 483 766 532 466 816 550 332 595 392 621 324 541 935 552 109 864 422 626 74 186 897 0 969 948 652 349 655 246 208 382 99 313 931 428 539 183 877 439 171 475 372 420 367 1007 458 941 947 340
1308 441 1278 1227 1287 582 870 676 1395 821 1021 1299 1027 551 233 1105 1009 213 398 753 1070 1082 114 1050 1263 1234 932 1429 968 1319 1063 659 547 1107 267 1247 931 838 1089 909 1064 1238 144 567 899 270 822 1322 1007 1089 303 969 0 53 1349 1046 1116 1072 923 1078 949 950 1438 898 956 816 129 1080 887 1115 836 986 1063 413 1155 46 140 1029
1305 420 1257 1206 1266 579 867 673 1380 800 1000 1278 1006 548 212 1084 988 192 395 731 1049 1061 93 1029 1242 1213 910 1408 947 1298 1041 656 525 1104 264 1226 910 835 1068 888 1043 1216 141 545 878 249 801 1301 986 1068 282 948 53 0 1328 1025 1113 1051 902 1057 928 928 1435 877 935 794 108 1077 866 1112 815 983 1042 392 1134 25 137 1008
1133 1277 110 177 333 879 827 1041 447 820 501 285 644 1037 1307 722 774 1287 1073 844 686 699 1289 601 249 220 478 358 734 41 796 1124 912 779 1196 233 815 881 706 961 361 224 1315 932 725 1244 735 308 633 670 1277 652 1349 1328 0 662 596 444 824 695 670 797 613 741 852 799 1257 753 787 788 686 733 680 1386 271 1321 1327 475
669 974 591 541 600 531 364 577 715 337 335 613 81 689 1004 159 471 984 725 406 123 136 986 368 576 547 245 743 431 632 313 661 564 266 848 560 583 418 143 479 378 551 967 584 423 940 290 636 339 438 974 349 1046 1025 662 0 477 385 521 132 367 564 799 258 369 496 954 239 485 275 241 250 99 1083 468 1017 979 490
592 1279 588 554 367 762 286 500 334 564 640 504 458 612 1248 537 777 1228 767 638 501 514 1129 674 477 448 550 690 736 566 540 583 865 391 889 461 888 340 520 705 562 452 1009 885 728 1245 547 527 645 743 1279 655 1116 1113 596 477 0 645 827 510 672 870 471 485 596 802 1145 364 790 399 546 270 495 1388 440 1112 1021 676
883 1000 373 323 382 602 577 791 496 542 92 394 366 760 1030 445 368 1010 796 567 409 422 1012 195 358 329 172 524 327 414 519 868 635 502 918 342 409 631 428 684 114 333 1038 655 319 966 458 418 226 264 1000 246 1072 1051 444 385 645 0 418 418 263 390 723 464 575 393 980 475 381 511 408 456 403 1109 250 1043 1050 141
892 728 627 576 636 331 587 613 750 365 370 648 376 489 758 454 487 739 525 296 419 431 740 404 612 583 281 778 446 668 528 597 363 512 647 596 409 641 438 453 413 587 766 383 377 695 366 671 361 473 728 371 800 779 698 395 700 421 0 427 388 428 976 442 500 294 709 485 365 520 379 466 412 838 504 772 778 526
702 1006 624 573 633 564 396 610 747 370 367 645 76 722 1036 42 504 1016 758 439 74 63 1018 401 609 580 278 775 463 665 345 693 596 299 880 593 615 450 52 511 410 584 999 616 455 973 322 668 372 470 1006 382 1078 1057 695 132 510 418 554 0 399 597 831 290 402 529 986 272 517 307 273 283 150 1116 501 1050 1011 523
864 878 599 548 608 480 559 763 722 514 213 620 348 638 908 426 138 888 674 445 391 403 889 135 584 555 224 750 98 640 500 746 512 484 796 568 318 613 410 602 342 558 915 532 90 844 439 643 91 204 878 99 949 928 670 367 672 263 188 399 0 331 948 445 556 163 858 457 152 492 390 438 385 987 476 921 927 358
1062 878 726 675 735 480 756 763 849 514 340 747 546 638 908 624 395 888 674 445 588 601 890 230 711 682 351 877 355 767 698 746 513 681 796 695 76 811 607 602 469 685 916 533 286 844 515 770 294 174 878 313 950 928 797 564 870 390 310 597 331 0 1075 591 649 202 858 654 273 690 528 635 582 987 603 921 928 361
877 1555 605 632 451 1084 608 822 418 886 779 398 780 934 1570 858 1053 1550 1089 960 823 836 1451 879 480 451 756 583 1012 583 862 905 1187 712 1211 464 1094 662 842 1027 639 454 1331 1207 1004 1522 869 421 911 949 1555 931 1438 1435 613 799 471 723 1103 831 948 1075 0 807 918 1078 1466 686 1066 721 868 592 817 1665 517 1434 1343 753
677 827 670 619 679 380 371 585 764 107 413 691 239 538 857 317 550 837 574 181 282 295 839 447 655 626 324 821 509 711 191 646 413 375 696 639 572 426 301 248 456 630 816 433 501 793 90 714 418 516 827 428 898 877 741 258 485 464 565 290 445 591 807 0 138 457 807 348 528 384 152 250 276 936 547 870 828 569
788 884 781 730 790 438 482 696 875 164 524 802 350 596 914 429 661 895 632 238 393 406 896 558 766 737 435 932 620 822 302 704 471 486 754 750 630 537 412 305 567 741 873 491 599 851 156 825 529 627 884 539 956 935 852 369 596 575 622 402 556 649 918 138 0 515 865 459 586 495 218 361 387 994 658 928 885 680
992 744 727 676 736 346 687 629 850 380 343 748 476 504 774 554 222 754 540 311 519 531 756 264 712 683 353 878 182 768 621 612 379 611 662 696 184 741 538 468 471 686 782 399 113 710 381 771 221 333 744 183 816 794 798 495 800 393 137 527 163 202 1076 457 515 0 724 585 100 620 394 565 512 853 604 787 794 487
1337 349 1186 1135 1195 536 899 705 1309 729 930 1207 935 580 141 1013 917 121 427 661 978 991 69 958 1171 1142 840 1337 876 1227 971 688 455 1071 296 1155 839 867 997 818 972 1146 173 475 808 178 731 1231 915 997 211 877 129 108 1257 954 1145 980 831 986 858 858 1466 807 865 724 0 1044 795 1079 744 1015 972 321 1063 101 168 937
556 1064 682 631 676 621 251 464 644 427 425 703 221 576 1094 299 562 1074 732 496 263 276 1076 458 667 638 335 833 521 723 403 547 654 65 854 651 673 305 282 569 468 641 973 674 513 1030 380 726 429 528 1064 439 1080 1077 753 239 364 475 611 272 457 654 686 348 459 586 1044 0 575 97 331 149 257 1173 559 1076 985 580
928 764 662 612 671 366 622 649 786 400 406 684 411 524 794 490 522 774 560 331 454 467 776 439 647 618 316 813 481 703 564 632 399 547 682 631 444 676 473 488 449 622 802 419 413 730 401 707 396 508 764 406 836 815 733 430 735 456 437 462 423 463 1012 477 535 329 744 520 0 556 415 501 448 873 539 807 814 561
591 1099 717 666 712 657 286 500 679 463 461 738 256 611 1129 334 597 1110 767 532 299 312 1111 494 702 673 371 868 556 758 439 583 690 76 889 686 709 340 318 604 503 677 1008 710 548 1066 416 762 465 563 1099 475 1115 1112 788 275 399 511 647 307 492 690 721 384 495 622 1079 97 610 0 366 185 293 1209 594 1112 1020 616
738 764 615 564 624 317 433 600 738 161 358 636 222 475 794 300 495 774 512 192 265 278 776 392 600 571 268 766 454 656 277 584 350 358 634 584 510 487 284 302 401 574 753 370 446 731 76 659 362 461 764 372 836 815 686 241 546 408 502 273 390 528 868 152 218 394 744 331 465 366 0 312 259 874 492 808 765 514
462 1045 662 612 583 602 157 371 550 329 406 684 232 482 1075 310 542 1055 638 403 275 287 1000 439 647 618 316 813 502 703 305 454 635 176 760 631 654 211 294 471 449 622 879 655 493 1011 312 707 410 509 1045 420 986 983 733 250 270 456 592 283 438 635 592 250 361 567 1015 149 555 185 312 0 268 1154 539 983 891 561
687 992 609 559 618 549 382 595 733 355 353 631 98 707 1022 177 489 1002 743 424 141 154 1003 386 594 565 263 760 448 650 331 678 582 284 865 578 601 436 160 496 396 569 985 602 440 958 308 654 357 455 992 367 1063 1042 680 99 495 403 539 150 385 582 817 276 387 514 972 257 502 293 259 268 0 1101 486 1035 997 508
1580 243 1316 1265 1325 666 1143 948 1439 859 1059 1337 1065 824 371 1143 1046 351 710 790 1107 1120 353 1088 1300 1272 969 1467 1006 1357 1100 932 584 1200 580 1285 969 1111 1126 947 1102 1275 456 604 937 214 860 1360 1045 1126 178 1007 413 392 1386 1083 1388 1109 961 1116 987 987 1665 936 994 853 321 1173 924 1209 874 1154 1101 0 1193 384 452 1066
966 1083 210 159 177 685 661 874 291 626 307 189 450 843 1113 528 580 1093 880 650 493 505 1095 407 153 124 284 361 540 241 602 951 718 585 1002 137 621 715 512 767 167 128 1121 738 531 1050 541 212 439 476 1083 458 1155 1134 271 468 440 250 630 501 476 603 517 547 658 605 1063 559 593 594 492 539 486 1193 0 1127 1133 281
1304 413 1250 1199 1259 579 866 672 1373 793 993 1271 999 547 204 1077 980 185 394 724 1041 1054 86 1022 1235 1206 903 1401 940 1291 1034 655 518 1103 264 1219 903 835 1061 881 1036 1209 140 538 871 241 794 1294 979 1060 275 941 46 25 1321 1017 1112 1043 895 1050 921 921 1434 870 928 787 101 1076 858 1112 808 983 1035 384 1127 0 136 1000
1213 481 1256 1205 1265 487 775 581 1300 750 999 1277 960 456 272 1038 987 252 303 682 1003 1016 153 1028 1241 1212 910 1407 946 1297 992 564 586 1012 172 1225 909 743 1022 838 1042 1216 49 606 877 309 751 1300 985 1067 342 947 140 137 1327 979 1021 1050 901 1011 927 928 1343 828 885 794 168 985 865 1020 765 891 997 452 1133 136 0 1068
988 957 404 353 413 707 682 896 527 647 197 425 472 865 987 550 462 967 901 672 514 527 969 257 389 360 277 555 422 445 624 973 740 607 1024 373 380 737 533 789 144 364 1072 760 413 923 563 448 321 235 957 340 1029 1008 475 490 676 141 512 523 358 361 753 569 680 487 937 580 475 616 514 561 508 1066 281 1000 1068 0
EOF