NAME : tsp_problem
TYPE : TSP
DIMENSION : 22
EDGE_WEIGHT_TYPE : EXPLICIT
EDGE_WEIGHT_FORMAT : FULL_MATRIX
EDGE_WEIGHT_SECTION
0 397 728 732 1171 500 1233 159 353 437 419 350 1183 1155 501 748 280 697 891 667 510 881
397 0 872 877 1153 715 1376 517 81 652 563 293 1266 1238 657 634 158 583 667 811 654 680
556 700 0 408 722 402 783 621 750 339 173 785 734 706 331 495 714 353 441 343 328 432
540 684 389 0 706 386 768 605 735 324 157 769 718 690 315 479 699 338 426 327 312 416
1171 1153 891 895 0 1013 353 1236 1204 955 788 1254 173 145 942 916 1282 775 542 830 934 532
500 715 333 338 1013 0 1075 565 732 95 265 729 1025 997 107 595 659 543 733 272 115 723
1233 1376 952 957 353 1075 0 1298 1427 1017 850 1462 365 337 1003 978 1391 836 765 891 995 755
159 517 793 797 1236 565 1298 0 474 503 484 471 1248 1220 567 813 400 762 956 732 575 946
353 81 923 927 1204 732 1427 474 0 669 614 301 1317 1289 708 685 177 634 718 862 705 731
437 652 323 328 955 95 1017 503 669 0 203 667 967 939 97 532 596 481 675 262 105 665
419 563 409 413 788 265 850 484 614 203 0 648 801 772 194 443 578 392 508 348 191 498
350 293 957 961 1254 729 1462 471 301 667 648 0 1367 1339 731 735 228 684 768 896 739 781
1183 1266 903 907 173 1025 365 1248 1317 967 801 1367 0 72 954 929 1342 787 655 842 946 645
1155 1238 875 879 145 997 337 1220 1289 939 772 1339 72 0 926 901 1314 759 627 814 918 617
501 657 262 266 942 107 1003 567 708 97 194 731 954 926 0 537 660 486 661 201 44 652
748 634 664 668 916 595 978 813 685 532 443 735 929 901 537 0 762 178 587 603 534 577
280 158 887 891 1282 659 1391 400 177 596 578 228 1342 1314 660 762 0 711 796 825 669 809
697 583 522 527 775 543 836 762 634 481 392 684 787 759 486 178 711 0 445 461 483 436
891 667 610 615 542 733 765 956 718 675 508 768 655 627 661 587 796 445 0 549 653 105
613 757 461 465 779 459 840 678 807 396 230 842 791 763 388 552 771 410 498 0 385 489
510 654 254 258 934 115 995 575 705 105 191 739 946 918 44 534 669 483 653 193 0 643
881 680 601 605 532 723 755 946 731 665 498 781 645 617 652 577 809 436 105 539 643 0
EOF