NAME : tsp_problem
TYPE : TSP
DIMENSION : 46
EDGE_WEIGHT_TYPE : EXPLICIT
EDGE_WEIGHT_FORMAT : FULL_MATRIX
EDGE_WEIGHT_SECTION
0 1406 1908 1536 1968 826 3688 1738 1447 1964 1295 2390 1948 309 1741 1114 1056 2042 2141 1728 323 1856 1629 2133 1111 1843 2072 1400 1654 2015 683 1721 2369 2058 1622 1307 1552 1742 2345 1397 2147 1733 1588 298 1508 1750
1406 0 752 380 811 600 2532 582 1499 808 1268 1234 791 1108 584 1308 1250 886 985 571 1095 1046 932 976 694 687 916 260 902 890 1218 565 1213 901 940 1315 396 986 1188 1171 990 995 1014 1167 119 594
1908 752 0 398 113 1102 1961 348 971 237 697 663 220 1611 209 1810 1752 228 327 222 1598 475 362 353 1196 219 258 608 331 319 1312 331 642 244 369 744 381 415 618 601 384 424 443 1669 748 360
1536 380 398 0 457 730 2177 228 1187 454 913 880 437 1239 230 1439 1380 532 631 217 1226 691 578 622 824 333 562 236 548 535 1349 211 859 547 586 961 67 632 834 817 636 640 660 1297 376 240
1968 811 113 457 0 1162 1902 312 1051 318 778 604 301 1670 290 1870 1812 159 258 303 1657 555 442 283 1255 149 189 668 412 400 1393 274 583 174 450 825 440 496 559 681 315 505 524 1729 807 323
826 600 1102 730 1162 0 2882 932 1110 1158 958 1584 1142 528 935 728 670 1236 1335 922 515 1396 1283 1327 305 1037 1266 594 1253 1240 710 916 1563 1252 1285 970 746 1337 1539 1060 1341 1345 1251 609 702 944
3688 2532 1939 2177 1902 2882 0 2128 2419 1752 2476 1673 1783 3391 1989 3590 3532 1768 1673 2002 3377 2040 2141 2101 2976 1967 1739 2388 2111 1758 3092 2092 1600 1753 2149 2524 2161 2161 1628 2380 1622 2169 2187 3449 2528 2139
1738 582 348 228 312 932 2128 0 1137 404 864 830 387 1441 181 1641 1582 386 485 167 1428 642 528 477 1026 188 416 438 498 486 1479 66 809 402 536 911 211 582 785 767 543 591 610 1499 578 65
1447 1499 971 1187 1051 1110 2419 1137 0 945 321 1173 976 1241 999 1819 1760 1167 1102 1011 1255 708 645 1292 1080 1157 1168 1398 670 858 805 1120 973 1182 638 244 1170 741 1128 413 1052 732 604 1179 1537 1149
1964 808 215 454 296 1158 1752 404 945 0 753 455 113 1667 265 1866 1808 357 261 278 1654 393 418 536 1252 402 328 664 387 110 1368 387 434 342 425 800 437 471 409 657 211 480 499 1725 804 416
1295 1268 697 913 778 958 2476 864 321 753 0 1179 736 1088 725 1666 1608 893 986 738 1102 599 372 1018 927 884 923 1124 397 758 653 847 1158 909 364 94 897 485 1133 139 935 475 331 1027 1264 875
2390 1234 642 880 604 1584 1673 830 1173 455 1179 0 485 2093 691 2293 2234 471 375 704 2080 743 844 804 1678 669 442 1090 814 461 1794 794 355 456 852 1226 863 863 167 1083 325 872 890 2151 1230 842
1948 791 199 437 279 1142 1783 387 976 113 736 485 0 1650 249 1850 1792 388 292 261 1637 423 401 520 1235 385 359 648 371 141 1351 370 464 373 409 783 420 455 440 640 242 463 482 1709 787 399
309 1108 1611 1239 1670 528 3391 1441 1241 1667 1088 2093 1650 0 1443 817 759 1745 1844 1430 55 1650 1422 1835 813 1546 1775 1103 1448 1749 477 1424 2072 1760 1415 1101 1255 1535 2048 1190 1849 1526 1382 92 1211 1453
1741 584 209 230 290 935 1989 181 999 265 725 691 249 1443 0 1643 1585 406 498 137 1430 503 390 530 1029 286 436 441 360 347 1340 164 670 421 397 772 214 444 646 629 448 452 471 1502 580 192
1114 1308 1810 1439 1870 728 3590 1641 1819 1866 1666 2293 1850 817 1643 0 268 1945 2043 1630 804 2104 1991 2035 1013 1746 1974 1302 1961 1948 1282 1624 2272 1960 1993 1678 1454 2045 2247 1768 2049 2053 1960 897 1410 1652
1056 1250 1752 1380 1812 670 3532 1582 1760 1808 1608 2234 1792 759 1585 268 0 1886 1985 1572 746 2046 1933 1977 955 1687 1916 1244 1903 1890 1224 1566 2213 1902 1935 1620 1396 1987 2189 1710 1991 1995 1901 839 1352 1594
2042 886 228 532 159 1236 1768 386 1167 357 893 471 388 1745 406 1945 1886 0 164 418 1732 645 558 358 1330 224 199 742 528 363 1509 349 450 184 566 941 515 612 425 797 181 620 639 1803 882 398
2141 985 327 631 258 1335 1673 485 1102 261 986 375 292 1844 498 2043 1985 164 0 511 1831 549 650 457 1429 323 135 841 620 267 1601 448 354 149 658 1033 614 670 329 889 86 678 697 1902 981 497
1728 571 222 217 303 922 2002 167 1011 278 738 704 261 1430 137 1630 1572 418 511 0 1417 516 403 543 1016 272 448 428 372 360 1353 150 683 434 410 785 200 456 659 642 461 465 484 1489 567 179
323 1095 1598 1226 1657 515 3377 1428 1255 1654 1102 2080 1637 55 1430 804 746 1732 1831 1417 0 1664 1437 1822 800 1533 1762 1090 1462 1735 491 1411 2059 1747 1429 1115 1241 1550 2034 1204 1836 1540 1396 106 1198 1440
1856 1046 475 691 555 1396 2040 642 708 393 599 743 423 1650 503 2104 2046 645 549 516 1664 0 354 796 1489 662 616 902 324 306 1214 625 722 630 362 646 675 151 697 503 499 160 294 1588 1041 653
1629 932 362 578 442 1283 2141 528 645 418 372 844 401 1422 390 1991 1933 558 650 403 1437 354 0 683 1261 548 588 789 75 499 987 512 823 573 44 419 561 272 798 275 600 262 118 1361 928 540
2133 976 353 622 283 1327 2101 477 1292 558 1018 804 541 1835 530 2035 1977 358 457 543 1822 796 683 0 1420 314 388 833 653 640 1633 439 783 374 690 1065 605 737 758 922 514 745 764 1894 972 488
1111 694 1196 824 1255 305 2976 1026 1080 1252 927 1678 1235 813 1029 1013 955 1330 1429 1016 800 1489 1261 1420 0 1131 1360 688 1287 1334 923 1009 1657 1346 1254 940 840 1375 1633 1029 1435 1365 1221 872 796 1038
1843 687 219 333 149 1037 1967 188 1157 424 884 669 407 1546 286 1746 1687 224 323 272 1533 662 548 314 1131 0 254 543 518 506 1499 171 648 239 556 931 316 602 624 787 380 611 630 1604 683 199
2072 916 258 562 189 1266 1739 416 1168 328 923 442 359 1775 436 1974 1916 199 135 448 1762 616 588 388 1360 254 0 772 558 334 1538 379 421 214 596 970 545 642 396 827 152 650 669 1833 912 428
1400 260 608 236 668 594 2388 438 1398 664 1124 1090 648 1103 441 1302 1244 742 841 428 1090 902 789 833 688 543 772 0 759 746 1212 422 1069 758 797 1171 252 843 1045 1028 847 851 870 1161 362 450
1654 902 331 548 412 1253 2111 498 670 387 397 814 371 1448 360 1961 1903 528 620 372 1462 324 75 653 1287 518 558 759 0 469 1012 481 793 543 69 444 531 264 768 301 570 273 143 1386 898 510
2015 890 297 535 378 1240 1758 486 858 110 758 461 141 1749 347 1948 1890 363 267 360 1735 306 499 618 1334 484 334 746 469 0 1373 469 440 348 507 805 519 426 415 661 217 435 453 1747 886 497
683 1218 1312 1349 1393 710 3092 1479 805 1368 653 1794 1351 477 1340 1282 1224 1509 1601 1353 491 1214 987 1633 923 1499 1538 1212 1012 1373 0 1462 1744 1524 980 665 1364 1100 1749 754 1551 1091 946 415 1320 1491
1721 565 331 211 274 916 2092 66 1120 387 847 794 370 1424 164 1624 1566 349 448 150 1411 625 512 439 1009 171 379 422 481 469 1462 0 773 364 519 894 194 565 749 751 505 574 593 1483 561 77
2369 1213 621 859 583 1563 1600 809 973 434 1158 355 464 2072 670 2272 2213 450 354 683 2059 722 823 783 1657 648 421 1069 793 440 1744 773 0 435 831 1183 842 842 309 1062 304 851 869 2119 1209 821
2058 901 244 547 174 1252 1753 402 1182 342 909 456 373 1760 421 1960 1902 184 149 434 1747 630 573 374 1346 239 214 758 543 348 1524 364 435 0 581 956 530 627 410 812 167 636 655 1819 897 414
1622 940 369 586 450 1285 2149 536 638 425 364 852 409 1415 397 1993 1935 566 658 410 1429 362 44 690 1254 556 596 797 69 507 980 519 831 581 0 412 569 264 806 268 608 255 111 1354 936 548
1307 1315 744 961 825 970 2524 911 244 800 94 1226 783 1101 772 1678 1620 941 1033 785 1115 646 419 1065 940 931 970 1171 444 805 665 894 1183 956 412 0 944 532 1181 186 983 523 378 1039 1311 923
1552 396 381 67 440 746 2161 211 1170 437 897 863 420 1255 214 1454 1396 515 614 200 1241 675 561 605 840 316 545 252 531 519 1364 194 842 530 569 944 0 615 818 800 619 624 643 1313 392 223
1742 986 415 632 496 1337 2161 582 741 471 485 863 455 1535 444 2045 1987 612 670 456 1550 151 272 737 1375 602 642 843 264 426 1100 565 842 627 264 532 615 0 818 388 620 101 180 1474 982 594
2345 1188 596 834 559 1539 1628 785 1128 409 1133 167 440 2048 646 2247 2189 425 329 659 2034 697 798 758 1633 624 396 1045 768 415 1749 749 309 410 806 1181 818 818 0 1037 279 826 844 2106 1184 796
1397 1171 601 817 681 1060 2380 767 413 657 139 1083 640 1190 629 1768 1710 797 889 642 1204 503 275 922 1029 787 827 1028 301 661 754 751 1062 812 268 186 800 388 1037 0 839 379 235 1129 1167 779
2147 990 384 636 315 1341 1622 543 1052 211 935 325 242 1849 448 2049 1991 181 86 461 1836 499 600 514 1435 380 152 847 570 217 1551 505 304 167 608 983 619 620 279 839 0 628 646 1908 986 554
1733 995 424 640 505 1345 2169 591 732 480 475 872 463 1526 452 2053 1995 620 678 465 1540 160 262 745 1365 611 650 851 273 435 1091 574 851 636 255 523 624 101 826 379 628 0 170 1465 991 602
1588 1014 443 660 524 1251 2187 610 604 499 331 890 482 1382 471 1960 1901 639 697 484 1396 294 118 764 1221 630 669 870 143 453 946 593 869 655 111 378 643 180 844 235 646 170 0 1320 1010 621
298 1167 1669 1297 1729 609 3449 1499 1179 1725 1027 2151 1709 92 1502 897 839 1803 1902 1489 106 1588 1361 1894 872 1604 1833 1161 1386 1747 415 1483 2119 1819 1354 1039 1313 1474 2106 1129 1908 1465 1320 0 1269 1511
1690 301 930 558 989 884 2709 760 1719 986 1445 1412 969 1393 762 1592 1534 1064 1163 749 1380 1223 1110 1154 978 865 1094 544 1080 1067 1502 743 1391 1079 1118 1493 573 1164 1366 1349 1168 1172 1191 1451 0 772
1750 594 360 240 323 944 2139 65 1149 416 875 842 399 1453 192 1652 1594 398 497 179 1440 653 540 488 1038 199 428 450 510 497 1491 77 821 414 548 923 223 594 796 779 554 602 621 1511 590 0
EOF