NAME : tsp_problem
TYPE : TSP
DIMENSION : 20
EDGE_WEIGHT_TYPE : EXPLICIT
EDGE_WEIGHT_FORMAT : FULL_MATRIX
EDGE_WEIGHT_SECTION
0 221 284 420 488 179 1172 1477 763 1510 1706 467 2018 997 288 419 231 663 261 318
221 0 330 336 306 331 990 1295 582 1328 1738 290 2017 815 334 237 311 481 307 364
284 330 0 171 596 394 1089 1585 872 1618 1966 218 1768 1106 110 403 374 469 138 78
420 325 171 0 489 530 943 1478 765 1511 1921 72 1707 999 161 258 510 324 189 129
488 306 596 489 0 505 786 1147 434 1180 1891 443 2170 668 600 391 577 283 574 593
179 331 394 530 505 0 1189 1494 780 1526 1600 488 2128 1014 398 436 341 680 371 428
1172 990 1089 943 786 1189 0 837 764 870 1795 897 2450 278 1079 1022 1262 647 1107 1047
1477 1295 1585 1478 1147 1494 837 0 1069 122 1218 1432 3159 662 1589 1380 1566 1198 1562 1582
763 582 872 765 434 780 764 1069 0 1102 2027 719 2446 589 876 667 853 485 849 869
1510 1328 1618 1511 1180 1526 870 122 1102 0 1308 1465 3192 695 1622 1413 1599 1231 1595 1615
1706 1738 1966 1921 1891 1600 1795 1218 2027 1308 0 1875 3602 1620 1970 1823 1913 2066 1943 2000
450 279 218 72 443 488 897 1432 719 1465 1875 0 1753 953 208 212 539 278 236 176
2018 2006 1768 1707 2170 2128 2450 3159 2446 3192 3602 1753 0 2680 1758 1938 2107 2005 1786 1727
997 815 1106 999 668 1014 278 662 589 695 1620 953 2680 0 1110 901 1087 718 1083 1103
288 334 110 161 600 398 1079 1589 876 1622 1970 208 1758 1110 0 393 378 459 128 68
255 84 363 380 350 365 1035 1339 626 1372 1782 334 2061 860 368 0 345 525 341 397
231 311 374 510 577 341 1262 1566 853 1599 1913 557 2107 1087 378 509 0 752 351 408
641 470 469 324 283 680 647 1198 485 1231 2066 278 2005 718 459 403 731 0 487 428
261 307 138 189 574 371 1107 1562 849 1595 1943 236 1786 1083 128 421 351 487 0 96
318 364 78 129 593 428 1047 1582 869 1615 2000 176 1727 1103 68 361 408 428 96 0
EOF