NAME : tsp_problem
TYPE : TSP
DIMENSION : 32
EDGE_WEIGHT_TYPE : EXPLICIT
EDGE_WEIGHT_FORMAT : FULL_MATRIX
EDGE_WEIGHT_SECTION
0 1238 624 384 233 528 1038 230 1422 82 540 512 1353 680 325 407 979 463 1361 619 529 675 49 367 462 582 165 1921 609 510 218 241
1238 0 641 992 1312 1003 882 1342 790 1270 1014 986 840 1091 1437 1218 1790 824 848 1333 1127 705 1237 1478 803 1296 1219 920 1357 1224 1166 1320
624 641 0 972 698 1116 1296 791 825 656 1128 1099 756 477 823 994 1313 209 764 1206 1116 1118 623 864 189 1169 752 1333 1196 1097 806 706
384 992 972 0 476 167 677 374 1430 346 179 151 1481 1028 469 249 822 812 1489 461 291 314 378 511 811 424 251 1560 451 352 197 467
233 1312 698 476 0 620 1129 129 1497 265 632 603 1427 663 160 498 1015 538 1435 710 620 767 232 202 537 674 256 2005 700 601 310 47
528 1003 1116 167 620 0 688 518 1441 490 65 66 1491 1172 613 393 966 955 1499 413 206 325 522 655 954 376 395 1571 437 304 341 611
1150 995 1408 789 1242 800 0 1140 1433 1112 812 783 1483 1794 1235 1015 1587 1577 1491 1130 924 609 1144 1277 1571 1094 1016 1563 1155 1021 963 1233
230 1342 791 374 129 518 1027 0 1590 191 529 501 1520 756 122 396 969 631 1528 608 518 665 224 164 630 571 154 1910 598 499 207 120
1422 790 825 1430 1497 1441 1321 1590 0 1454 1453 1424 417 1275 1621 1656 2111 1008 92 1771 1565 1143 1421 1663 988 1735 1551 747 1796 1662 1604 1505
82 1270 656 346 265 490 999 191 1454 0 501 473 1385 712 286 368 940 495 1393 580 490 637 81 328 494 543 126 1882 570 471 179 273
540 1014 1128 179 632 65 699 529 1453 501 0 77 1503 1183 625 405 977 967 1511 425 218 337 534 666 966 388 406 1582 449 316 353 622
512 986 1099 151 603 66 671 501 1424 473 77 0 1474 1155 596 376 930 939 1483 375 189 308 506 638 938 338 378 1554 399 266 325 594
1353 840 756 1481 1427 1491 1371 1520 417 1385 1503 1474 0 1206 1552 1706 2042 938 356 1821 1615 1193 1352 1593 918 1785 1481 1153 1846 1713 1535 1435
680 1091 477 1028 663 1172 1681 756 1275 712 1183 1155 1206 0 692 931 865 289 1214 1262 1172 1319 679 682 315 1225 808 1783 1109 1153 861 671
325 1437 823 469 160 613 1123 122 1621 286 625 596 1552 692 0 440 901 662 1560 703 614 760 319 67 661 667 250 2006 619 594 303 151
407 1218 994 249 498 393 903 396 1656 368 405 376 1706 931 440 0 615 834 1714 462 372 540 401 431 833 425 273 1786 333 353 220 489
979 1790 1313 822 1015 966 1475 969 2111 940 977 930 2042 865 901 615 0 1125 2050 875 785 1113 973 891 1151 838 845 2358 557 766 792 1023
463 824 209 812 538 955 1465 631 1008 495 967 939 938 289 662 834 1125 0 947 1046 956 1102 462 704 48 1009 592 1516 1036 937 645 546
1361 848 764 1489 1435 1499 1379 1528 92 1393 1511 1483 356 1214 1560 1714 2050 947 0 1830 1623 1202 1360 1602 926 1793 1490 828 1854 1721 1543 1443
619 1333 1206 461 710 413 1018 608 1771 580 425 375 1821 1262 703 483 875 1046 1830 0 231 655 613 745 1045 70 485 1901 345 137 432 701
529 1127 1116 291 620 206 811 518 1565 490 218 189 1615 1172 614 394 785 956 1623 231 0 449 523 655 955 194 395 1694 255 122 342 611
675 705 1118 314 767 325 496 665 1143 637 337 308 1193 1319 760 540 1113 1102 1202 655 449 0 669 802 1102 619 542 1273 680 546 488 758
49 1237 623 378 232 522 1032 224 1421 81 534 506 1352 679 319 401 973 462 1360 613 523 669 0 361 461 576 159 1915 603 504 212 240
367 1478 864 511 202 655 1164 164 1663 328 666 638 1593 682 67 431 891 704 1602 745 655 802 361 0 703 708 291 2047 609 636 344 193
462 803 189 811 537 954 1458 630 988 494 966 938 918 315 661 833 1151 48 926 1045 955 1102 461 703 0 1008 591 1496 1035 936 644 545
582 1296 1169 424 674 376 981 571 1735 543 388 338 1785 1225 667 447 838 1009 1793 70 194 619 576 708 1008 0 448 1864 308 100 395 664
165 1219 752 251 256 395 904 154 1551 126 406 378 1481 808 250 273 845 592 1490 485 395 542 159 291 591 448 0 1787 475 376 143 247
1921 920 1333 1560 2005 1571 1450 1910 747 1882 1582 1554 1153 1783 2006 1786 2358 1516 828 1901 1694 1273 1915 2047 1496 1864 1787 0 1925 1792 1734 2003
609 1357 1196 451 700 437 1042 598 1796 570 449 399 1846 1109 619 333 557 1036 1854 345 255 680 603 609 1035 308 475 1925 0 236 422 691
510 1224 1097 352 601 304 909 499 1662 471 316 266 1713 1153 594 374 766 937 1721 137 122 546 504 636 936 100 376 1792 236 0 323 592
218 1166 806 197 310 341 851 207 1604 179 353 325 1535 861 303 220 792 645 1543 432 342 488 212 344 644 395 143 1734 422 323 0 300
241 1320 706 467 47 611 1120 120 1505 273 622 594 1435 671 151 489 1023 546 1443 701 611 758 240 193 545 664 247 2003 691 592 300 0
EOF