NAME : tsp_problem
TYPE : TSP
DIMENSION : 62
EDGE_WEIGHT_TYPE : EXPLICIT
EDGE_WEIGHT_FORMAT : FULL_MATRIX
EDGE_WEIGHT_SECTION
0 100 1185 1662 151 403 259 494 466 58 109 240 477 305 879 297 1132 122 437 484 416 274 563 533 448 490 940 239 538 270 257 1070 1395 509 1269 56 699 217 2151 166 414 113 1430 833 1717 1606 954 323 223 69 51 780 494 627 931 500 380 335 475 712 106 803
100 0 1258 1645 224 443 189 424 514 112 162 293 407 378 845 370 1205 175 510 472 489 347 637 607 522 544 1014 312 504 343 331 1035 1361 489 1235 109 772 290 2134 192 487 166 1395 907 1790 1571 920 396 277 122 104 745 424 700 860 553 434 408 548 678 159 876
1185 1258 0 569 1061 1241 1418 1347 1273 1187 1268 1330 1330 922 936 928 103 1281 763 1232 1050 1112 1327 1297 950 1649 812 1088 1236 939 1096 662 710 1248 904 1215 599 1055 1030 1325 1252 1271 672 705 552 975 785 907 1343 1164 1210 958 1516 609 1091 1658 1539 1173 1238 1015 1142 567
1662 1645 569 0 1538 1434 1485 1366 1252 1664 1630 1807 1384 1399 915 1405 580 1758 1239 1210 1527 1436 1803 1774 1427 2126 1289 1565 1215 1416 1453 683 325 1227 547 1691 1076 1532 520 1578 1297 1748 287 1182 965 590 764 1384 1820 1641 1687 937 1495 1086 1070 2135 2016 1376 1715 994 1618 1044
151 224 1061 1538 0 279 384 385 342 153 234 365 368 181 755 173 1008 247 313 360 314 150 461 431 324 615 816 126 414 146 134 946 1271 385 1146 181 575 93 2028 291 290 237 1306 709 1593 1482 830 199 348 131 176 656 619 503 910 624 505 211 373 588 108 679
403 443 1241 1434 279 0 283 131 221 405 428 611 114 361 634 353 1188 499 493 239 494 161 641 611 505 867 997 306 293 326 177 825 1150 264 1024 433 756 273 1923 376 169 489 1185 890 1774 1360 709 379 600 383 428 535 403 683 789 877 757 100 553 467 360 859
259 189 1418 1485 384 283 0 264 354 271 175 453 247 538 685 530 1365 335 670 312 649 417 796 766 681 703 1173 471 344 503 434 875 1201 329 1075 269 932 450 1974 122 398 326 1235 1066 1950 1411 760 556 436 282 264 585 264 860 700 713 593 357 708 518 319 1036
494 424 1347 1366 385 131 264 0 235 506 410 688 96 467 566 458 1294 570 598 193 599 266 747 717 610 938 1102 411 225 431 282 757 1082 210 957 504 861 379 1856 357 274 560 1117 995 1879 1293 641 484 671 488 499 467 301 788 721 947 828 205 658 399 465 964
466 514 1273 1252 342 221 354 235 0 468 499 673 253 424 452 415 1220 561 555 79 557 223 704 674 567 929 1059 368 111 389 239 643 968 96 843 495 818 336 1742 447 83 552 1003 952 1806 1179 527 441 663 445 490 353 364 746 607 939 819 163 615 285 422 921
58 112 1187 1664 153 405 271 506 468 0 121 252 489 307 881 299 1134 134 439 486 418 276 565 535 450 502 942 241 540 272 260 1072 1397 511 1272 68 701 219 2154 178 416 125 1432 835 1719 1608 956 325 235 81 63 782 506 629 942 512 392 337 477 714 118 805
109 162 1268 1630 234 428 175 410 499 121 0 303 393 387 830 379 1214 185 519 458 498 356 646 616 531 553 1023 321 489 352 340 1021 1346 474 1221 118 782 300 2120 178 496 175 1381 916 1800 1557 905 405 286 131 114 731 410 709 846 562 443 417 557 663 169 885
240 293 1330 1807 365 611 453 688 673 252 303 0 671 513 1087 504 1277 143 582 692 305 482 452 422 409 447 1086 344 746 478 465 1277 1603 716 1477 218 845 362 2297 360 622 153 1637 979 1863 1813 1162 530 67 263 225 987 688 772 1124 457 337 543 364 920 300 948
477 407 1330 1384 368 114 247 96 253 489 393 671 0 450 584 441 1277 553 581 211 583 249 730 700 593 921 1085 394 243 415 265 775 1100 228 975 487 844 362 1874 340 257 544 1135 978 1862 1311 659 467 654 471 482 485 319 772 739 931 811 189 641 417 448 947
305 378 922 1399 181 361 538 467 424 307 387 513 450 0 837 131 868 401 173 442 285 232 543 513 185 769 677 208 496 142 216 1028 1353 467 1228 334 436 175 1888 445 372 391 1388 570 1454 1564 912 110 502 284 330 738 738 363 992 778 659 293 455 670 261 539
879 845 936 915 755 634 685 566 452 881 830 1087 584 837 0 829 883 975 969 410 970 636 1117 1087 980 1343 1472 782 415 802 653 306 631 427 505 909 1231 749 1404 778 497 965 666 1365 1468 842 190 855 1076 858 904 146 619 1159 179 1352 1233 576 1029 194 835 1293
297 370 928 1405 173 353 530 458 415 299 379 504 441 131 829 0 875 392 180 434 291 224 535 505 191 760 683 199 488 148 207 1019 1345 458 1219 326 442 167 1895 436 364 383 1379 576 1460 1555 904 116 493 276 321 729 730 370 984 770 650 285 446 662 253 546
1132 1205 103 580 1008 1188 1365 1294 1220 1134 1214 1277 1277 868 883 875 0 1228 709 1178 997 1059 1273 1244 897 1596 759 1035 1183 886 1043 609 721 1195 851 1161 546 1002 1069 1272 1199 1218 683 652 635 986 732 854 1290 1111 1157 905 1463 556 1038 1605 1486 1120 1185 962 1088 514
122 175 1281 1758 247 499 335 570 561 134 185 143 553 401 975 392 1228 0 532 580 416 369 564 534 520 393 1036 334 634 365 353 1165 1491 604 1365 100 795 313 2247 242 510 49 1525 929 1813 1701 1050 418 126 145 107 875 570 722 1006 403 283 431 475 808 182 898
437 510 763 1239 313 493 670 598 555 439 519 582 581 173 969 180 709 532 0 574 301 364 578 548 201 900 518 339 628 191 347 1159 1381 598 1359 466 277 307 1729 576 504 523 1342 411 1295 1645 1044 158 595 416 461 869 870 204 1124 910 790 425 489 802 393 380
484 472 1232 1210 360 239 312 193 79 486 458 692 211 442 410 434 1178 580 574 0 575 241 722 692 586 948 1078 387 69 407 258 601 926 54 801 514 836 354 1700 405 102 570 961 971 1764 1137 485 460 681 463 509 311 322 764 565 957 838 181 634 243 441 940
438 511 1050 1527 314 494 671 599 557 440 520 305 583 285 970 291 997 416 301 575 0 365 301 271 185 721 805 228 629 303 348 1161 1486 600 1360 467 564 246 2016 578 505 427 1521 698 1582 1696 1045 270 318 417 462 871 871 492 1125 730 611 426 213 803 394 667
274 347 1112 1436 150 161 417 266 223 276 356 482 249 232 636 224 1059 369 364 241 365 0 512 482 375 738 867 176 295 197 179 827 1152 266 1027 303 626 144 1926 414 171 360 1187 760 1644 1363 711 250 471 253 299 537 538 554 791 747 628 103 423 469 230 730
585 658 1327 1803 461 641 818 747 704 587 668 452 730 543 1117 535 1273 564 578 722 301 512 0 80 405 868 1082 375 776 508 496 1308 1633 747 1508 615 841 393 2293 725 652 574 1668 975 1859 1844 1192 547 465 564 610 1018 1018 768 1272 878 758 573 135 950 541 944
555 628 1297 1774 431 611 788 717 674 557 638 422 700 513 1087 505 1244 534 548 692 271 482 80 0 375 838 1052 345 746 478 466 1278 1603 717 1478 585 811 363 2263 695 622 544 1638 945 1829 1814 1162 517 435 535 580 988 988 738 1242 848 728 543 105 920 512 914
448 522 950 1427 324 505 681 610 567 450 531 409 593 185 980 191 897 520 201 586 185 375 405 375 0 825 705 331 639 203 359 1171 1496 610 1371 478 464 319 1916 588 515 530 1530 598 1482 1707 1055 170 422 428 473 881 882 392 1135 834 715 436 316 813 405 567
490 544 1649 2126 615 867 703 938 929 502 553 447 921 769 1343 760 1596 393 900 948 721 738 868 838 825 0 1404 702 1002 734 721 1534 1859 973 1733 468 1163 681 2615 610 878 403 1893 1297 2181 2069 1418 786 430 513 475 1243 938 1091 1252 69 144 799 779 1176 550 1266
1053 1126 924 1401 929 1109 1286 1214 1172 1055 1135 1198 1198 789 1585 796 871 1148 630 1190 918 980 1194 1164 818 1517 0 955 1244 807 963 1376 1542 1215 1617 1082 590 923 1891 1193 1120 1139 1504 300 1456 1807 1498 775 1211 1032 1077 1486 1486 583 1740 1526 1406 1041 1106 1418 1009 500
249 323 1088 1565 126 306 482 411 368 252 332 344 394 208 782 199 1035 345 339 387 228 176 375 345 331 713 843 0 441 172 160 972 1298 411 1172 279 602 68 2054 389 317 336 1332 736 1620 1508 857 225 357 229 274 682 683 529 936 723 603 238 286 615 206 705
538 504 1236 1215 414 293 344 225 111 540 489 746 243 496 415 488 1183 634 628 69 629 295 776 746 639 1002 1131 441 0 461 312 605 931 86 805 567 890 408 1704 437 156 624 965 1024 1768 1141 490 514 735 517 563 315 354 818 569 1011 892 235 688 248 494 994
270 343 939 1416 146 326 503 431 389 272 352 478 415 142 802 148 886 365 191 407 303 197 508 478 203 734 695 172 461 0 180 993 1318 432 1192 299 453 140 1906 410 337 356 1353 588 1471 1529 877 127 467 249 294 703 703 381 957 743 624 258 419 635 226 557
257 331 1096 1453 134 177 434 282 239 260 340 465 265 216 653 207 1043 353 347 258 348 179 496 466 359 721 851 160 312 180 0 843 1169 282 1043 287 610 128 1942 397 188 344 1203 744 1628 1379 728 233 454 237 282 553 554 537 808 731 611 119 407 486 214 713
1070 1035 662 683 946 825 875 757 643 1072 1021 1277 775 1028 306 1019 609 1165 1159 601 1161 827 1308 1278 1171 1534 1263 972 605 993 843 0 399 618 273 1099 1051 940 1172 969 688 1156 433 1156 1194 609 154 1046 1267 1049 1094 327 886 1061 461 1543 1424 767 1219 385 1026 1019
1395 1361 710 325 1271 1150 1201 1082 968 1397 1346 1603 1100 1353 631 1345 721 1491 1381 926 1486 1152 1633 1603 1496 1859 1430 1298 931 1318 1169 399 0 943 263 1424 1217 1265 815 1294 1013 1481 76 1323 1106 306 480 1371 1592 1374 1420 653 1211 1227 786 1868 1749 1092 1545 710 1351 1186
509 489 1248 1227 385 264 329 210 96 511 474 716 228 467 427 458 1195 604 598 54 600 266 747 717 610 973 1102 411 86 432 282 618 943 0 818 538 861 379 1717 422 127 595 978 995 1781 1154 502 485 706 488 533 328 339 789 582 982 862 206 658 260 465 965
1269 1235 904 547 1146 1024 1075 957 843 1272 1221 1477 975 1228 505 1219 851 1365 1359 801 1360 1027 1508 1478 1371 1733 1505 1172 805 1192 1043 273 263 818 0 1299 1292 1140 1036 1168 887 1356 297 1398 1328 473 354 1245 1466 1249 1294 527 1085 1302 660 1743 1623 966 1419 584 1226 1260
56 109 1215 1691 181 433 269 504 495 68 118 218 487 334 909 326 1161 100 466 514 445 303 593 563 478 468 970 268 567 299 287 1099 1424 538 1299 0 729 247 2181 176 443 90 1459 863 1747 1635 984 352 201 79 47 809 503 656 940 477 358 365 504 741 116 832
699 772 599 1076 575 756 932 861 818 701 782 845 844 436 1231 442 546 795 277 836 564 626 841 811 464 1163 477 602 890 453 610 1051 1217 861 1292 729 0 569 1566 839 766 785 1179 370 1131 1482 1173 421 858 679 724 1132 1132 123 1386 1173 1053 687 752 1064 656 233
217 290 1055 1532 93 273 450 379 336 219 300 362 362 175 749 167 1002 313 307 354 246 144 393 363 319 681 811 68 408 140 128 940 1265 379 1140 247 569 0 2022 357 284 303 1300 704 1587 1476 824 193 375 197 242 650 650 497 904 691 571 205 304 582 174 673
2151 2134 1030 520 2028 1923 1974 1856 1742 2154 2120 2297 1874 1888 1404 1895 1069 2247 1729 1700 2016 1926 2293 2263 1916 2615 1778 2054 1704 1906 1942 1172 815 1717 1036 2181 1566 2022 0 2067 1786 2238 776 1671 1143 1079 1253 1873 2310 2131 2176 1426 1984 1576 1559 2625 2505 1865 2204 1483 2108 1534
166 192 1325 1578 291 376 122 357 447 178 178 360 340 445 778 436 1272 242 576 405 556 414 703 673 588 610 1080 378 437 410 397 969 1294 422 1168 176 839 357 2067 0 491 233 1329 973 1857 1504 853 462 343 189 171 679 357 767 794 620 500 450 614 611 226 942
414 487 1252 1297 290 169 398 274 83 416 496 622 257 372 497 364 1199 510 504 102 505 171 652 622 515 878 1007 317 156 337 188 688 1013 127 887 443 766 284 1786 491 0 500 1047 900 1784 1223 572 390 611 393 439 397 408 694 652 887 768 111 564 330 370 870
113 166 1271 1748 237 489 326 560 552 125 175 153 544 391 965 383 1218 49 523 570 427 360 574 544 530 403 1027 325 624 356 344 1156 1481 595 1356 90 785 303 2238 233 500 0 1516 920 1803 1692 1040 409 136 135 98 866 560 713 997 413 293 421 485 798 172 889
1430 1395 672 287 1306 1185 1235 1117 1003 1432 1381 1637 1135 1388 666 1379 683 1525 1342 961 1521 1187 1668 1638 1530 1893 1392 1332 965 1353 1203 433 76 978 297 1459 1179 1300 776 1329 1047 1516 0 1285 1068 340 514 1405 1627 1409 1454 687 1246 1189 820 1903 1783 1127 1579 745 1386 1147
1011 1084 883 1360 887 1068 1244 1173 1130 1013 1094 1157 1156 748 1543 754 830 1107 589 1148 876 938 1153 1123 776 1475 132 914 1202 765 922 1334 1501 1173 1575 1041 548 881 1849 1151 1078 1097 1463 0 1415 1765 1457 733 1169 991 1036 1444 1444 542 1698 1485 1365 999 1064 1376 968 459
1717 1790 552 965 1593 1774 1950 1879 1806 1719 1800 1863 1862 1454 1468 1460 635 1813 1295 1764 1582 1644 1859 1829 1482 2181 1344 1620 1768 1471 1628 1194 1106 1781 1328 1747 1131 1587 1143 1857 1784 1803 1068 1237 0 1371 1317 1439 1876 1697 1742 1490 2048 1141 1623 2191 2071 1705 1770 1547 1674 1100
1606 1571 975 590 1482 1360 1411 1293 1179 1608 1557 1813 1311 1564 842 1555 986 1701 1645 1137 1696 1363 1844 1814 1707 2069 1695 1508 1141 1529 1379 609 306 1154 473 1635 1482 1476 1079 1504 1223 1692 340 1587 1371 0 690 1581 1802 1585 1630 863 1421 1492 996 2079 1959 1302 1755 920 1562 1450
954 920 785 764 830 709 760 641 527 956 905 1162 659 912 190 904 732 1050 1044 485 1045 711 1192 1162 1055 1418 1386 857 490 877 728 154 480 502 354 984 1173 824 1253 853 572 1040 514 1279 1317 690 0 930 1151 933 979 212 770 1183 345 1427 1308 651 1104 269 910 1141
323 396 907 1384 199 379 556 484 441 325 405 530 467 110 855 116 854 418 158 460 270 250 547 517 170 786 662 225 514 127 233 1046 1371 485 1245 352 421 193 1873 462 390 409 1405 555 1439 1581 930 0 519 302 347 755 756 349 1010 796 676 311 458 688 279 524
223 277 1343 1820 348 600 436 671 663 235 286 67 654 502 1076 493 1290 126 595 681 318 471 465 435 422 430 1099 357 735 467 454 1267 1592 706 1466 201 858 375 2310 343 611 136 1627 992 1876 1802 1151 519 0 246 208 976 671 785 1107 440 320 532 377 909 283 961
69 122 1164 1641 131 383 282 488 445 81 131 263 471 284 858 276 1111 145 416 463 395 253 543 513 428 513 920 218 517 249 237 1049 1374 488 1249 79 679 197 2131 189 393 135 1409 813 1697 1585 933 302 246 0 74 759 517 606 953 522 403 314 454 691 119 782
51 104 1210 1687 176 428 264 499 490 63 114 225 482 330 904 321 1157 107 461 509 441 299 588 558 473 475 965 263 563 294 282 1094 1420 533 1294 47 724 242 2176 171 439 98 1454 858 1742 1630 979 347 208 74 0 804 499 651 935 485 365 360 499 737 111 827
780 745 958 937 656 535 585 467 353 782 731 987 485 738 146 729 905 875 869 311 871 537 1018 988 881 1243 1373 682 315 703 553 327 653 328 527 809 1132 650 1426 679 397 866 687 1266 1490 863 212 755 976 759 804 0 596 1060 301 1253 1133 477 929 95 736 1235
494 424 1516 1495 619 403 264 301 364 506 410 688 319 738 619 730 1463 570 870 322 871 538 1018 988 882 938 1374 683 354 703 554 886 1211 339 1085 503 1132 650 1984 357 408 560 1246 1267 2048 1421 770 756 671 517 499 596 0 1060 469 947 828 477 930 528 554 1236
627 700 609 1086 503 683 860 788 746 629 709 772 772 363 1159 370 556 722 204 764 492 554 768 738 392 1091 471 529 818 381 537 1061 1227 789 1302 656 123 497 1576 767 694 713 1189 364 1141 1492 1183 349 785 606 651 1060 1060 0 1314 1100 981 615 680 992 583 227
931 860 1091 1070 910 789 700 721 607 942 846 1124 739 992 179 984 1038 1006 1124 565 1125 791 1272 1242 1135 1252 1627 936 569 957 808 461 786 582 660 940 1386 904 1559 794 652 997 820 1520 1623 996 345 1010 1107 953 935 301 469 1314 0 1262 1142 731 1183 349 990 1448
500 553 1658 2135 624 877 713 947 939 512 562 457 931 778 1352 770 1605 403 910 957 730 747 878 848 834 69 1414 712 1011 743 731 1543 1868 982 1743 477 1173 691 2625 620 887 413 1903 1307 2191 2079 1427 796 440 522 485 1253 947 1100 1262 0 154 808 789 1185 560 1276
380 434 1539 2016 505 757 593 828 819 392 443 337 811 659 1233 650 1486 283 790 838 611 628 758 728 715 144 1294 592 892 624 611 1424 1749 862 1623 358 1053 571 2505 500 768 293 1783 1187 2071 1959 1308 676 320 403 365 1133 828 981 1142 154 0 689 669 1066 440 1156
335 408 1173 1376 211 100 357 205 163 337 417 543 189 293 576 285 1120 431 425 181 426 103 573 543 436 799 928 238 235 258 119 767 1092 206 966 365 687 205 1865 450 111 421 1127 821 1705 1302 651 311 532 314 360 477 477 615 731 808 689 0 485 409 291 791
496 570 1238 1715 373 553 729 658 615 499 579 364 641 455 1029 446 1185 475 489 634 213 423 135 105 316 779 993 286 688 419 407 1219 1545 658 1419 526 752 304 2204 636 564 485 1579 886 1770 1755 1104 458 377 476 521 929 930 680 1183 789 669 485 0 862 453 855
712 678 1015 994 588 467 518 399 285 714 663 920 417 670 194 662 962 808 802 243 803 469 950 920 813 1176 1305 615 248 635 486 385 710 260 584 741 1064 582 1483 611 330 798 745 1198 1547 920 269 688 909 691 737 95 528 992 349 1185 1066 409 862 0 668 1168
106 159 1142 1618 108 360 319 465 422 118 169 300 448 261 835 253 1088 182 393 441 372 230 520 490 405 550 897 195 494 226 214 1026 1351 465 1226 116 656 174 2108 226 370 172 1386 790 1674 1562 910 279 283 119 111 736 554 583 990 560 440 291 431 668 0 759
803 876 567 1044 679 859 1036 964 921 805 885 948 947 539 1293 546 514 898 380 940 667 730 944 914 567 1266 388 705 994 557 713 1019 1186 965 1260 832 233 673 1534 942 870 889 1147 281 1100 1450 1141 524 961 782 827 1235 1236 227 1448 1276 1156 791 855 1168 759 0
EOF