NAME : tsp_problem
TYPE : TSP
DIMENSION : 20
EDGE_WEIGHT_TYPE : EXPLICIT
EDGE_WEIGHT_FORMAT : FULL_MATRIX
EDGE_WEIGHT_SECTION
0 913 782 180 865 538 655 312 629 953 813 567 562 805 771 486 657 654 581 494
913 0 252 1062 470 1018 1004 656 882 280 418 559 1041 275 240 966 649 1003 1060 817
782 252 0 931 244 798 784 525 662 291 193 428 821 49 36 746 518 783 840 597
180 1062 931 0 1009 491 625 461 599 1102 958 715 515 954 920 439 805 624 533 555
865 470 244 1009 0 825 810 710 689 509 152 646 848 219 254 772 736 809 867 624
538 1018 798 491 825 0 385 676 414 1057 773 726 79 773 807 102 816 380 68 370
655 1004 784 625 810 385 0 671 142 1043 759 721 357 759 793 388 811 65 341 335
312 656 525 461 693 676 671 0 549 696 641 310 699 548 514 624 400 669 718 484
629 882 662 599 689 414 142 549 0 922 637 600 437 637 672 362 690 141 448 214
953 280 291 1102 509 1057 1043 696 922 0 458 598 1081 314 280 1005 688 1042 1099 857
813 418 193 958 152 773 759 658 637 458 0 594 796 167 202 721 684 757 815 572
842 517 386 991 604 953 939 585 817 556 552 0 976 409 374 901 110 937 995 752
562 1041 821 515 848 79 357 699 437 1081 796 749 0 796 831 125 840 352 40 393
805 275 49 954 219 773 759 548 637 314 167 450 796 0 58 721 541 757 815 572
771 240 36 920 254 807 793 514 672 280 202 416 831 58 0 755 506 792 850 607
486 966 746 439 772 102 388 624 362 1005 721 674 125 721 755 0 764 387 144 318
755 430 300 904 518 867 852 498 731 470 466 394 890 322 288 815 0 851 909 666
654 1003 783 624 809 380 65 669 141 1042 757 720 352 757 792 387 810 0 336 334
581 1060 840 533 867 68 341 718 448 1099 815 768 40 815 850 144 858 336 0 412
494 817 597 555 624 370 335 484 214 857 572 535 393 572 607 318 625 334 412 0
EOF