NAME : tsp_problem
TYPE : TSP
DIMENSION : 28
EDGE_WEIGHT_TYPE : EXPLICIT
EDGE_WEIGHT_FORMAT : FULL_MATRIX
EDGE_WEIGHT_SECTION
0 458 927 744 617 56 795 514 953 233 226 204 445 904 114 474 1095 841 210 248 614 610 854 391 662 378 423 252
458 0 1031 841 678 453 844 103 1178 362 477 276 34 1129 403 699 1199 945 336 348 200 658 958 616 887 167 673 477
927 1031 0 291 377 922 611 963 581 811 946 899 1019 532 872 915 205 118 904 836 972 398 110 812 310 1056 1025 745
744 841 291 0 194 739 414 774 597 627 762 715 829 548 689 732 459 204 721 653 782 214 218 629 309 866 842 562
617 678 377 194 0 612 307 610 633 501 636 589 665 584 562 605 546 291 594 526 619 88 305 502 342 702 715 435
56 453 922 739 612 0 790 509 947 227 221 199 439 898 108 468 1090 836 205 242 609 604 849 385 656 372 417 246
821 919 368 104 272 816 0 851 674 705 840 793 906 625 766 809 536 282 798 730 859 292 295 706 387 943 919 639
514 103 963 774 610 509 776 0 1134 329 533 332 90 1085 459 755 1132 877 392 315 143 591 891 672 843 223 729 517
953 1178 581 597 683 947 916 1134 0 836 971 924 1164 485 897 940 749 495 930 862 1142 703 508 838 357 1097 1050 771
233 362 811 627 501 227 679 329 836 0 251 111 349 787 177 457 979 724 116 42 458 493 738 374 545 284 448 219
226 477 946 762 636 221 814 533 971 251 0 223 463 922 171 417 1114 860 228 266 632 628 873 409 680 396 303 270
204 276 899 715 589 199 767 332 924 111 223 0 262 875 149 445 1067 813 82 119 433 581 826 362 633 195 420 223
445 34 1019 829 665 439 832 90 1164 349 463 262 0 1115 389 685 1187 932 322 334 207 646 946 602 873 154 660 463
904 1129 532 548 634 898 867 1085 485 787 922 875 1115 0 848 891 700 446 881 813 1093 654 459 789 308 1048 1001 722
114 403 872 689 562 108 740 459 897 177 171 149 389 848 0 418 1040 786 155 192 559 554 799 335 606 322 367 196
474 699 915 732 605 468 792 755 940 457 417 445 685 891 418 0 1083 829 451 482 838 606 842 226 650 618 137 381
1095 1199 205 459 546 1090 779 1132 749 979 1114 1067 1187 700 1040 1083 0 286 1072 1004 1140 566 278 980 478 1224 1193 913
841 945 118 204 291 836 524 877 495 724 860 813 932 446 786 829 286 0 818 750 886 311 66 726 224 969 939 659
210 336 904 721 594 205 772 392 930 116 228 82 322 881 155 451 1072 818 0 125 492 587 831 368 639 255 425 229
248 348 836 653 526 242 704 315 862 42 266 119 334 813 192 482 1004 750 125 0 444 519 763 399 571 272 463 244
614 200 972 782 619 609 785 143 1142 458 632 433 207 1093 559 838 1140 886 492 444 0 599 899 741 851 324 829 525
610 658 398 214 88 604 288 591 653 493 628 581 646 604 554 606 566 311 587 519 599 0 325 504 362 683 716 428
854 958 110 218 305 849 538 891 508 738 873 826 946 459 799 842 278 66 831 763 899 325 0 739 237 983 952 672
391 616 812 629 502 385 689 672 838 374 409 362 602 789 335 226 980 726 368 399 741 504 739 0 547 535 324 235
662 887 310 309 396 656 629 843 357 545 680 633 873 308 606 650 478 224 639 571 851 416 237 547 0 806 759 480
378 167 1056 866 702 372 869 223 1097 284 396 195 154 1048 322 618 1224 969 255 285 324 683 983 535 806 0 593 396
423 673 1025 842 715 417 902 729 1050 448 303 420 660 1001 367 137 1193 939 425 463 829 716 952 324 759 593 0 467
252 477 745 562 435 246 613 517 771 219 270 223 463 722 196 381 913 659 229 244 525 428 672 235 480 396 467 0
EOF