NAME : tsp_problem
TYPE : TSP
DIMENSION : 42
EDGE_WEIGHT_TYPE : EXPLICIT
EDGE_WEIGHT_FORMAT : FULL_MATRIX
EDGE_WEIGHT_SECTION
0 787 675 283 356 325 672 905 441 551 572 253 439 509 1160 267 361 314 214 643 1112 469 691 347 754 635 398 586 313 732 302 688 869 483 443 252 764 527 545 603 727 672
816 0 133 652 642 519 146 434 582 417 477 591 531 465 1639 576 731 684 636 752 1591 508 275 597 284 183 768 224 719 222 672 127 398 487 748 591 294 451 594 361 257 303
704 133 0 540 530 407 91 380 527 362 364 478 419 410 1545 463 618 571 524 697 1497 454 220 484 229 100 656 111 607 197 560 73 344 375 636 478 239 396 539 307 202 248
283 652 540 0 162 161 538 770 277 387 536 89 275 346 1124 103 110 63 103 394 1076 305 527 183 619 500 147 452 277 597 57 553 734 319 192 89 629 363 381 439 592 509
356 642 530 162 0 151 528 666 169 281 558 131 169 240 1197 115 201 131 176 305 1149 199 422 101 515 490 168 442 351 587 150 543 630 213 123 131 525 257 273 333 488 404
325 519 407 161 151 0 404 636 235 309 434 99 197 267 1166 84 239 192 144 438 1117 227 394 105 486 367 276 318 319 464 180 419 600 241 256 99 496 285 339 361 459 375
702 146 91 538 528 404 0 393 540 376 362 476 416 423 1543 461 616 569 521 710 1494 467 233 482 242 98 653 109 605 195 557 86 357 372 633 476 252 409 552 320 215 261
888 166 252 725 715 591 265 0 701 537 549 663 603 584 1689 648 803 756 709 871 1640 628 394 669 403 285 840 296 728 261 744 247 364 559 820 663 413 570 713 481 376 422
441 582 527 277 169 235 540 571 0 187 642 215 227 145 1221 200 305 283 260 235 1172 134 328 159 421 575 265 526 435 672 296 483 535 271 221 215 431 162 175 259 393 309
551 417 362 387 281 309 376 406 187 0 575 325 299 69 1244 310 464 395 371 356 1195 113 163 232 256 413 427 393 545 539 407 318 370 304 383 325 266 68 198 94 229 144
688 567 571 652 725 641 569 801 810 782 0 621 653 829 1488 636 730 683 583 1012 1440 838 642 716 651 531 767 483 528 628 671 584 682 609 812 621 660 815 914 706 623 670
253 591 478 89 131 99 476 708 215 325 505 0 213 284 1094 64 167 120 72 418 1045 243 466 121 558 439 204 390 247 536 108 491 672 257 236 58 567 301 319 377 530 447
439 531 419 275 169 197 416 527 227 299 446 213 0 258 1280 198 352 282 259 437 1232 217 283 119 376 379 319 330 433 476 294 431 491 74 274 213 386 275 331 272 349 265
509 465 410 346 240 267 423 454 145 69 622 284 258 0 1202 269 422 353 329 315 1154 71 210 190 303 460 386 441 504 586 365 365 418 302 341 284 313 45 157 141 276 192
666 1287 1175 806 880 848 1172 1404 964 1074 1071 776 962 1033 0 791 884 837 737 1167 119 992 1214 870 1254 1135 922 1086 813 1232 826 1187 1368 1006 966 776 1264 1050 1068 1126 1227 1196
267 576 463 103 115 84 461 693 200 310 491 64 198 269 1108 0 182 135 87 403 1060 228 450 106 543 423 219 375 262 520 123 476 657 242 221 64 552 286 304 362 515 432
361 731 618 110 201 239 616 848 305 464 614 167 352 422 1202 182 0 102 181 318 1154 382 605 261 698 579 68 530 355 676 98 631 806 396 113 167 707 440 443 516 670 586
314 684 571 63 131 192 569 779 283 395 567 120 282 353 1155 135 102 0 134 364 1107 313 536 214 629 532 139 483 308 629 51 584 743 327 182 120 638 370 387 446 601 517
214 636 524 103 176 144 521 754 260 371 467 72 259 329 1055 87 181 134 0 463 1007 289 511 167 603 484 218 435 208 581 122 536 718 303 263 72 613 346 365 423 576 492
643 752 697 394 305 438 710 741 235 356 845 418 437 315 1285 403 318 364 463 0 1237 306 497 369 516 747 278 728 638 874 383 652 603 481 234 418 537 332 240 428 563 479
578 1199 1086 718 791 759 1084 1316 875 986 983 687 874 944 263 702 796 749 649 1078 0 904 1126 782 1166 1046 833 998 725 1143 737 1099 1280 918 878 687 1175 961 980 1038 1138 1107
469 508 454 305 199 227 467 498 134 113 634 243 217 71 1194 228 382 313 289 306 1145 0 254 149 347 504 349 484 463 630 325 409 462 261 305 243 357 88 148 185 320 235
691 275 220 527 422 394 233 264 328 163 435 466 283 210 1385 450 605 536 511 497 1337 254 0 373 114 271 568 251 677 397 547 176 228 239 524 465 123 196 340 107 86 80
347 597 484 183 101 105 482 616 159 232 512 121 119 190 1188 106 261 214 167 369 1140 149 373 0 466 445 251 396 341 542 203 497 580 164 207 121 475 207 263 283 438 354
783 284 229 619 515 486 242 273 421 256 444 558 376 303 1382 543 698 629 603 516 1333 347 114 466 0 279 661 260 686 406 639 184 140 332 617 558 70 289 336 200 95 142
664 183 100 500 490 367 98 430 575 413 325 439 379 460 1505 423 579 532 484 747 1457 504 271 445 279 0 616 72 567 157 520 123 394 335 596 439 289 446 589 357 252 299
398 768 656 147 168 276 653 812 265 427 651 204 319 386 1240 219 68 139 218 278 1191 349 568 251 661 616 0 567 393 713 136 668 766 363 97 204 671 403 403 483 634 550
615 224 111 452 442 318 109 410 526 393 276 390 330 441 1457 375 530 483 435 728 1408 484 251 396 260 72 567 0 518 168 471 164 374 286 547 390 270 427 570 337 233 279
710 523 411 614 604 481 408 640 688 621 307 552 492 668 1510 537 692 645 598 891 1462 680 481 558 490 371 730 322 0 468 634 423 604 448 709 552 500 654 792 545 462 509
761 222 197 597 587 464 195 556 672 539 422 536 476 586 1602 520 676 629 581 874 1554 630 397 542 406 157 713 168 664 0 617 249 520 432 693 536 415 572 716 483 378 425
302 672 560 57 150 180 557 789 296 407 555 108 294 365 1144 123 98 51 122 383 1095 325 547 203 639 520 136 471 297 617 0 572 753 339 180 108 649 382 400 458 612 528
717 127 73 553 543 419 86 335 483 318 377 491 431 365 1540 476 631 584 536 652 1491 409 176 497 184 123 668 164 620 249 572 0 299 387 648 491 194 351 494 262 157 203
898 398 344 734 630 600 357 388 535 370 558 672 491 418 1468 657 806 743 718 603 1420 462 228 580 140 394 766 374 801 520 753 299 0 447 722 672 161 404 423 314 210 256
483 487 375 319 213 241 372 483 271 304 402 257 74 302 1324 242 396 327 303 481 1276 261 239 164 332 335 363 286 477 432 339 387 447 0 319 257 342 319 375 228 305 221
443 748 636 192 123 256 633 767 221 383 663 236 274 341 1284 221 113 182 263 234 1236 305 524 207 617 596 97 547 437 693 180 648 722 319 0 236 626 358 359 438 589 505
252 591 478 89 131 99 476 708 215 325 505 58 213 284 1094 64 167 120 72 418 1045 243 465 121 558 439 204 390 247 536 108 491 672 257 236 0 567 301 319 377 530 447
793 294 239 629 525 496 252 283 431 266 453 567 386 313 1403 552 707 638 613 537 1355 357 123 475 70 289 671 270 696 415 649 194 161 342 626 567 0 299 358 210 105 151
527 451 396 363 257 285 409 440 162 68 608 301 275 45 1219 286 440 370 346 332 1171 88 196 207 289 446 403 427 521 572 382 351 404 319 358 301 299 0 174 127 262 178
545 594 539 381 273 339 552 583 175 198 746 319 331 157 1073 304 443 387 365 240 1025 148 340 263 336 589 403 570 539 716 400 494 423 375 359 319 358 174 0 271 405 321
603 361 307 439 333 361 320 350 259 94 499 377 272 141 1316 362 516 446 423 428 1268 185 107 283 200 357 483 337 597 483 458 262 314 228 438 377 210 127 271 0 173 88
1050 328 413 886 876 753 426 202 863 698 710 824 765 745 1850 809 964 917 870 1032 1802 789 556 830 565 446 1002 457 890 422 906 408 525 721 982 824 574 731 874 642 0 584
672 303 248 509 404 375 261 292 309 144 463 447 265 192 1366 432 586 517 492 479 1318 235 80 354 142 299 550 279 667 425 528 203 256 221 505 447 151 178 321 88 114 0
EOF