NAME : tsp_problem
TYPE : TSP
DIMENSION : 24
EDGE_WEIGHT_TYPE : EXPLICIT
EDGE_WEIGHT_FORMAT : FULL_MATRIX
EDGE_WEIGHT_SECTION
0 370 366 406 388 222 476 248 361 582 387 470 348 1009 767 213 1321 240 163 354 222 653 591 802
370 0 325 725 388 458 475 483 483 902 36 457 257 859 726 449 1279 362 235 476 457 817 441 1121
366 325 0 599 213 295 222 320 311 775 327 160 93 754 429 286 1066 190 349 304 294 521 335 995
529 765 562 0 408 335 364 315 318 841 782 437 622 1283 496 346 995 433 611 323 338 383 467 1047
388 388 213 621 0 317 107 305 185 797 405 102 237 898 398 308 1035 212 375 191 317 490 369 1017
222 458 295 453 317 0 281 175 234 629 475 354 314 975 572 140 1126 168 303 240 149 458 542 849
476 475 222 707 107 281 0 261 142 883 492 124 287 948 316 292 952 257 462 147 284 407 286 1103
248 483 320 479 305 175 261 0 215 655 500 334 340 1001 552 166 1106 194 329 220 174 438 522 875
361 483 311 593 185 234 142 215 0 770 500 215 332 993 433 246 1070 142 348 101 238 441 404 989
252 571 445 332 467 299 553 325 439 0 588 549 428 1089 791 290 1280 318 370 433 299 678 671 700
387 36 327 742 405 475 492 500 500 919 0 459 259 861 728 466 1281 379 252 493 474 819 443 1138
470 457 160 703 102 354 124 334 215 879 459 0 225 886 331 365 968 294 457 220 357 423 302 1099
348 257 93 582 237 314 287 340 332 758 259 225 0 732 494 305 1130 211 283 325 314 585 314 978
1150 1019 914 1230 1058 1135 1108 1161 1153 924 1021 1046 892 0 1315 1126 1847 1032 1136 1146 1135 1406 1008 737
770 904 608 847 577 576 495 556 559 1150 906 510 672 1334 0 587 663 674 852 564 579 152 510 1356
213 449 286 444 308 140 292 166 246 620 466 365 305 966 583 0 1138 159 294 251 140 469 548 840
1331 1295 1101 1326 1070 1136 988 1116 1105 1629 1297 1003 1166 1703 1033 1147 0 1221 1412 1111 1139 713 878 1835
240 362 190 472 212 168 257 194 142 649 379 294 211 872 549 159 1185 0 227 135 168 557 453 868
163 235 349 524 375 303 462 329 348 700 252 457 283 976 750 294 1387 227 0 341 303 734 558 920
354 476 304 587 191 240 147 220 101 763 493 220 325 987 439 251 1075 135 341 0 243 447 409 983
222 457 294 453 317 149 284 174 238 629 474 357 314 975 575 140 1129 168 303 243 0 461 545 849
653 817 521 793 490 458 407 438 441 1060 819 423 585 1246 452 469 703 557 734 447 461 0 423 1280
591 441 335 825 369 542 286 522 404 1001 443 302 314 848 331 548 862 453 558 409 545 423 0 1221
743 1062 935 822 957 789 1043 815 930 516 1079 1039 919 728 1282 780 1770 809 860 923 789 1168 1161 0
EOF