NAME : tsp_problem
TYPE : TSP
DIMENSION : 26
EDGE_WEIGHT_TYPE : EXPLICIT
EDGE_WEIGHT_FORMAT : FULL_MATRIX
EDGE_WEIGHT_SECTION
0 547 525 1103 825 595 802 673 1153 639 1103 747 933 567 921 700 638 487 451 829 515 711 711 933 640 758
547 0 792 1381 816 776 1080 923 1013 771 1381 606 1211 64 1199 691 629 765 729 690 793 989 989 1211 918 1035
525 792 0 1038 630 92 330 170 1398 194 1037 992 868 812 446 505 359 550 121 1075 578 645 645 868 451 421
1103 1381 1038 0 1460 1066 835 982 1987 1033 85 1581 322 1401 954 1503 1358 707 1091 1664 871 489 489 322 682 790
941 932 584 1396 0 517 593 457 1111 404 1395 1028 1226 952 516 337 583 967 626 887 1082 1003 1003 1226 809 779
595 776 92 1066 582 0 358 199 1381 126 1066 976 896 796 474 488 343 619 191 1058 647 674 674 896 480 449
802 1080 330 835 655 358 0 274 1571 325 834 1280 665 1100 146 795 650 406 428 1347 570 442 442 665 248 218
673 923 170 982 522 199 274 0 1438 166 982 1124 812 944 390 636 491 553 269 1206 717 590 589 812 396 365
1155 1015 1400 1989 1101 1384 1531 1394 0 1342 1989 603 1819 1036 1454 1243 1237 1374 1338 408 1401 1597 1597 1819 1527 1644
639 771 194 1033 469 126 325 166 1377 0 1033 971 863 791 441 484 338 604 235 1054 692 641 641 864 447 416
1103 1381 1037 85 1460 1066 834 982 1986 1033 0 1581 322 1401 953 1503 1358 707 1091 1663 871 488 488 322 681 790
747 606 992 1581 1016 976 1280 1124 601 971 1581 0 1412 563 1381 891 829 966 930 278 994 1189 1189 1412 1119 1236
933 1211 868 322 1290 896 665 812 1817 863 322 1412 0 1231 784 1333 1188 537 921 1494 701 319 319 71 512 620
567 64 812 1401 836 796 1100 944 1033 791 1401 563 1231 0 1219 711 649 786 750 710 814 1009 1009 1232 939 1056
921 1199 446 954 578 474 146 390 1494 441 953 1399 784 1219 0 720 766 525 544 1270 689 561 561 784 368 337
700 691 505 1503 221 488 769 632 1287 484 1503 891 1333 711 692 0 341 913 484 974 941 1111 1111 1334 917 887
638 629 359 1358 466 343 650 491 1235 338 1358 829 1188 649 766 341 0 767 339 911 795 966 966 1188 772 741
487 765 550 707 1032 619 406 553 1371 604 707 966 537 786 525 913 767 0 476 1048 256 315 315 538 245 362
451 729 121 1091 609 191 428 269 1335 235 1091 930 921 750 544 484 339 476 0 1012 504 699 699 922 550 520
829 690 1075 1664 883 1058 1313 1176 408 1054 1663 278 1494 710 1236 974 911 1048 1012 0 1076 1271 1271 1494 1201 1318
515 793 578 871 1066 647 570 717 1399 692 871 994 701 814 689 941 795 256 504 1076 0 479 479 702 409 526
711 989 645 489 1068 674 442 590 1594 641 488 1189 319 1009 561 1111 966 315 699 1271 479 0 58 319 289 398
711 989 645 489 1068 674 442 589 1594 641 488 1189 319 1009 561 1111 966 315 699 1271 479 58 0 319 289 398
933 1211 868 322 1291 896 665 812 1817 864 322 1412 71 1232 784 1334 1188 538 922 1494 702 319 319 0 512 621
640 918 451 682 874 480 248 396 1524 447 681 1119 512 939 368 917 772 245 550 1201 409 289 289 512 0 204
758 1035 421 790 844 449 218 365 1641 416 790 1236 620 1056 337 887 741 362 520 1318 526 398 398 621 204 0
EOF