NAME : tsp_problem
TYPE : TSP
DIMENSION : 66
EDGE_WEIGHT_TYPE : EXPLICIT
EDGE_WEIGHT_FORMAT : FULL_MATRIX
EDGE_WEIGHT_SECTION
0 379 1055 1053 690 994 1848 1749 698 1568 1235 1392 1897 1270 625 805 872 1066 1056 1178 1021 809 1135 1399 551 415 1253 974 1223 614 913 1614 973 980 369 707 1045 446 673 973 976 773 905 827 975 373 1377 446 860 834 1296 1112 1384 1167 800 1402 605 889 1151 1035 141 847 1390 1048 1102 430
379 0 1168 1165 802 1107 1960 1862 811 1680 1347 1504 2009 1383 737 917 985 1178 1169 1291 1134 922 1247 1511 664 527 1366 1086 1335 727 1025 1727 1085 1093 481 819 1157 558 786 1086 1089 886 1018 939 1088 486 1490 558 972 947 1408 1225 1496 1279 913 1514 717 1001 1264 1148 335 960 1503 1161 1214 136
1055 1168 0 111 834 806 1191 1093 823 911 609 735 1240 644 769 626 642 878 400 521 206 347 478 773 1034 662 596 810 566 1097 782 958 663 802 768 852 866 640 818 96 111 595 774 849 152 705 720 640 681 656 639 170 727 510 799 890 474 626 495 610 1011 992 765 233 665 1219
1053 1165 111 0 832 804 1188 1090 821 909 606 732 1238 642 767 624 639 876 397 519 135 344 475 771 1032 660 594 808 564 1095 779 955 661 799 766 849 864 638 816 93 109 592 772 847 150 703 718 638 679 653 637 86 724 508 797 887 471 624 492 607 1008 989 762 150 662 1216
690 802 834 832 0 502 1626 1528 206 1347 742 1170 1676 778 132 584 380 574 835 957 800 588 810 906 669 305 1032 481 1002 732 421 1393 480 759 403 215 824 283 58 752 755 552 413 334 754 339 1156 283 639 613 1075 891 1162 946 308 909 384 396 930 543 645 355 898 827 610 853
994 1107 806 804 502 0 1299 1201 325 1118 430 996 1348 465 394 840 243 128 661 783 772 484 498 594 765 610 858 60 828 926 152 1066 168 1015 707 384 1080 588 486 724 727 808 127 351 726 644 982 588 895 869 900 863 988 772 301 463 687 259 756 230 950 523 519 799 297 1158
1850 1962 1193 1191 1629 1255 0 189 1525 398 1116 1112 214 1152 1564 1421 1425 1168 814 899 1281 1141 985 1280 1704 1457 973 1259 643 1865 1342 260 1311 1596 1563 1583 1661 1435 1612 1111 1114 1389 1326 1550 1113 1500 575 1435 1476 1450 684 1250 713 887 1500 1128 1268 1409 872 1258 1805 1593 1184 1308 1202 2013
1752 1864 1095 1093 1530 1157 189 0 1426 300 1018 1014 238 1054 1466 1322 1326 1070 716 800 1183 1043 887 1182 1605 1359 875 1161 545 1767 1244 162 1213 1498 1465 1485 1563 1336 1514 1013 1016 1291 1228 1452 1015 1402 477 1336 1378 1352 586 1152 615 789 1402 1030 1170 1311 773 1160 1707 1495 1086 1210 1104 1915
698 811 823 821 206 325 1568 1470 0 1308 565 1132 1618 601 98 592 203 397 797 919 789 502 633 729 571 314 993 305 963 733 244 1335 303 768 411 88 833 291 190 741 744 561 236 181 743 348 1118 291 647 622 1036 880 1124 907 131 732 392 219 892 366 654 228 721 816 433 862
1568 1680 911 909 1347 1081 398 300 1308 0 834 830 447 870 1282 1139 1143 994 532 616 999 859 703 998 1529 1175 691 1085 361 1610 1167 165 1029 1314 1281 1364 1379 1153 1330 829 832 1107 1152 1334 831 1218 293 1153 1194 1168 402 968 431 605 1284 954 986 1127 590 976 1523 1419 990 1026 920 1731
1235 1347 609 606 742 430 1114 1016 565 834 0 658 1163 73 634 830 400 501 323 445 697 475 159 202 1066 850 519 434 489 1227 524 881 286 1006 948 624 1071 828 726 527 529 799 500 591 529 884 644 828 886 860 562 666 650 433 541 319 678 384 418 233 1190 763 193 724 177 1398
1392 1504 735 732 1170 996 1110 1011 1132 830 658 0 1159 694 1105 962 966 1068 356 238 823 683 527 822 1371 999 209 1000 485 1434 1090 876 853 1138 1105 1188 1203 976 1154 653 656 931 1067 1158 655 1041 613 976 1018 992 500 792 483 249 1107 939 810 951 322 800 1347 1328 814 850 744 1555
1899 2012 1242 1240 1678 1305 214 238 1574 447 1166 1161 0 1201 1613 1470 1474 1218 863 948 1330 1191 1035 1330 1753 1506 1023 1309 692 1914 1391 309 1361 1646 1612 1632 1710 1484 1662 1160 1163 1438 1375 1599 1162 1549 624 1484 1525 1500 733 1299 762 937 1549 1177 1318 1458 921 1307 1855 1642 1233 1358 1251 2063
1270 1383 644 642 778 465 1150 1051 601 870 73 694 1199 0 670 866 435 501 358 480 732 511 195 171 1036 886 555 469 525 1197 559 916 322 1041 983 660 1106 863 761 562 565 834 536 626 564 920 679 863 921 895 598 701 686 469 576 288 713 420 453 269 1226 799 163 760 213 1434
625 737 769 767 132 394 1561 1463 98 1282 634 1105 1611 670 0 519 272 466 770 892 735 523 702 798 590 240 967 373 937 667 313 1328 372 694 338 106 759 218 116 687 690 487 305 226 689 274 1091 218 574 548 1010 826 1097 881 200 801 319 288 865 435 580 247 790 762 502 788
805 917 626 624 584 840 1418 1320 592 1139 830 962 1468 866 519 0 675 911 627 749 592 380 705 994 784 412 824 843 794 847 807 1185 696 319 518 601 383 389 567 544 547 154 799 721 546 455 948 389 198 173 867 683 954 738 694 1111 223 659 722 643 760 741 986 619 698 968
872 985 642 639 380 243 1422 1324 203 1143 400 966 1472 435 272 675 0 315 631 753 607 320 468 564 743 488 828 222 798 904 162 1189 163 850 585 262 915 466 364 559 562 643 154 229 562 522 952 466 730 704 871 699 958 742 179 650 522 42 726 211 828 401 556 635 267 1036
1066 1178 878 876 574 128 1212 1114 397 1031 501 1068 1261 532 466 911 315 0 733 855 844 556 569 557 678 681 929 132 899 839 214 979 239 1087 779 455 1152 659 557 796 799 880 198 422 798 716 1054 659 966 941 972 935 1060 843 372 376 759 331 828 302 1021 568 432 871 369 1229
1056 1169 400 397 835 661 812 714 797 532 323 356 861 358 770 627 631 733 0 143 488 348 192 487 1035 663 217 665 187 1099 755 579 518 803 769 853 867 641 819 317 320 596 732 822 320 706 342 641 682 657 260 457 348 131 772 604 475 616 116 464 1012 993 479 515 408 1220
1178 1291 521 519 957 783 896 798 919 616 445 238 945 480 892 749 753 855 143 0 610 470 314 609 1157 785 192 787 272 1220 877 663 640 925 891 974 989 763 941 439 442 717 854 944 441 828 426 763 804 779 344 578 432 40 894 726 597 738 109 586 1134 1115 601 637 530 1342
1021 1134 206 135 800 772 1279 1181 789 999 697 823 1328 732 735 592 607 844 488 610 0 313 566 861 1000 628 684 776 654 1063 748 1046 629 768 734 817 832 606 784 184 199 560 740 815 240 671 809 606 647 622 727 177 815 598 765 978 440 592 583 576 977 958 853 48 630 1185
809 922 347 344 588 484 1139 1041 502 859 475 683 1188 511 523 380 320 556 348 470 313 0 426 639 788 416 545 488 514 851 460 906 341 556 522 560 620 394 572 265 268 348 452 527 267 459 669 394 435 410 587 404 675 459 477 756 228 304 443 288 765 700 631 340 343 973
1135 1247 478 475 810 498 983 885 633 703 159 527 1032 195 702 705 468 569 192 314 566 426 0 323 1114 742 388 501 358 1177 592 750 354 881 848 692 946 719 794 396 398 674 568 659 398 784 513 719 761 735 431 535 519 302 609 440 553 452 287 301 1090 831 315 593 245 1298
1399 1511 773 771 906 594 1278 1180 729 998 202 822 1327 171 798 994 564 525 487 609 861 639 323 0 1060 1014 684 598 653 1222 688 1045 451 1170 1112 788 1235 992 890 691 694 963 665 755 693 1049 808 992 1050 1024 726 830 814 598 705 313 842 548 582 397 1354 927 188 888 341 1562
551 664 1034 1032 669 788 1737 1639 588 1547 1088 1371 1787 1057 604 784 759 700 1035 1157 1000 788 1114 1082 0 394 1232 791 1202 181 800 1504 859 959 348 597 1024 425 652 952 955 752 792 590 954 352 1356 425 839 813 1275 1091 1363 1146 593 901 584 775 1130 922 507 602 957 1027 989 715
415 527 662 660 305 610 1455 1356 314 1175 850 999 1504 886 240 412 488 681 663 785 628 416 742 1014 394 0 860 589 830 457 528 1221 588 587 128 322 652 53 289 580 583 380 521 442 582 64 984 53 467 441 903 719 991 774 416 1017 212 504 758 651 370 463 1006 655 717 578
1253 1366 596 594 1032 858 971 873 993 691 519 209 1020 555 967 824 828 929 217 192 684 545 388 684 1232 860 0 862 346 1295 952 738 714 999 966 1049 1064 838 1016 514 517 792 929 1019 516 903 436 838 879 853 323 653 305 203 969 801 671 812 152 661 1209 1190 675 712 605 1417
974 1086 810 808 481 60 1303 1205 305 1122 434 1000 1352 469 373 843 222 132 665 787 776 488 501 598 769 589 862 0 831 930 112 1070 171 1019 687 363 1084 567 465 728 731 812 87 330 730 624 986 567 899 873 904 867 992 776 280 467 668 239 760 234 929 503 523 803 301 1137
1223 1335 566 564 1002 828 641 543 963 361 489 485 690 525 937 794 798 899 187 272 654 514 358 653 1202 830 346 831 0 1265 922 408 684 969 936 1019 1034 808 985 484 487 762 898 989 486 873 170 808 849 823 89 623 177 260 939 770 641 782 245 631 1178 1159 645 681 575 1386
614 727 1097 1095 732 949 1890 1792 740 1610 1249 1434 1939 1219 667 847 915 862 1099 1220 1063 851 1177 1243 181 457 1295 953 1265 0 955 1656 1015 1022 411 749 1087 488 715 1015 1018 815 947 751 1017 415 1419 488 902 876 1338 1154 1426 1209 755 1063 647 931 1193 1077 570 763 1119 1091 1144 778
913 1025 782 779 421 152 1386 1287 244 1205 524 1090 1435 559 313 807 162 214 755 877 748 460 592 688 783 528 952 112 922 944 0 1152 262 983 626 302 1047 506 404 700 703 775 44 269 702 563 1076 506 862 837 995 839 1082 866 219 550 607 178 850 324 868 442 606 775 391 1076
1617 1729 960 957 1395 1022 260 162 1291 165 883 879 309 919 1330 1187 1191 935 581 665 1048 908 752 1047 1470 1224 740 1026 410 1632 1109 0 1078 1363 1330 1350 1428 1201 1379 878 881 1156 1093 1317 880 1266 342 1201 1243 1217 451 1017 480 654 1267 895 1035 1176 638 1025 1572 1360 951 1075 969 1780
973 1085 663 661 480 168 1309 1211 303 1029 286 853 1358 322 372 696 163 239 518 640 629 341 354 451 843 588 714 171 684 1004 262 1076 0 872 686 362 937 566 464 581 584 665 238 329 583 622 839 566 752 726 757 720 845 628 279 567 544 148 613 87 928 501 442 656 154 1136
980 1093 802 799 759 1015 1594 1496 768 1314 1006 1138 1643 1041 694 319 850 1087 803 925 768 556 881 1170 959 587 999 1019 969 1022 983 1361 872 0 693 776 98 565 743 720 722 330 975 896 722 630 1124 565 271 164 1042 859 1130 913 870 1287 399 835 898 819 936 917 1162 795 873 1144
369 481 768 766 403 707 1561 1462 411 1281 948 1105 1610 983 338 518 585 779 769 891 734 522 848 1112 348 128 966 687 936 411 626 1327 686 693 0 420 758 159 386 686 689 486 618 540 688 86 1090 159 573 547 1009 825 1097 880 513 1115 318 602 864 748 324 560 1103 761 815 532
707 819 852 849 215 384 1627 1529 88 1364 624 1188 1676 660 106 601 262 455 853 974 817 560 692 788 580 322 1049 363 1019 741 302 1394 362 776 420 0 841 300 198 769 772 569 295 216 772 357 1173 300 656 631 1092 909 1180 963 190 791 401 278 948 425 662 165 780 845 491 870
1045 1157 866 864 824 1080 1659 1560 833 1379 1071 1203 1708 1106 759 383 915 1152 867 989 832 620 946 1235 1024 652 1064 1084 1034 1087 1047 1425 937 98 758 841 0 630 808 784 787 394 1040 961 786 695 1188 630 336 229 1107 923 1195 978 934 1352 463 900 962 883 1000 981 1227 859 938 1208
446 558 640 638 283 588 1432 1334 291 1153 828 976 1482 863 218 389 466 659 641 763 606 394 719 992 425 53 838 567 808 488 506 1199 566 565 159 300 630 0 266 558 561 358 498 420 560 96 962 36 445 419 881 697 968 752 393 995 190 482 736 628 401 440 984 633 695 609
673 786 818 816 58 486 1610 1512 190 1330 726 1154 1659 761 116 567 364 557 819 941 784 572 794 890 652 289 1016 465 985 715 404 1377 464 743 386 198 808 266 0 736 739 536 397 318 738 323 1140 266 622 597 1058 875 1146 930 291 893 367 380 914 527 629 339 882 811 593 837
973 1086 96 93 752 724 1109 1010 741 829 527 653 1158 562 687 544 559 796 317 439 184 265 396 691 952 580 514 728 484 1015 700 875 581 720 686 769 784 558 736 0 29 512 692 767 70 623 638 558 599 574 557 153 645 428 717 808 392 544 412 528 929 910 682 211 582 1137
976 1089 111 109 755 727 1111 1013 744 832 529 656 1161 565 690 547 562 799 320 442 199 268 398 694 955 583 517 731 487 1018 703 878 584 722 689 772 787 561 739 29 0 515 695 770 73 626 641 561 602 576 560 168 648 431 720 811 394 547 415 531 932 913 685 226 585 1140
773 886 595 592 552 808 1387 1289 561 1107 799 931 1436 834 487 154 643 880 596 717 560 348 674 963 752 380 792 812 762 815 775 1154 665 330 486 569 394 358 536 512 515 0 768 689 515 423 916 358 209 184 835 652 923 706 663 1080 192 628 691 611 729 710 955 588 666 937
905 1018 774 772 413 127 1370 1272 236 1189 500 1067 1419 536 305 799 154 198 732 854 740 452 568 665 775 521 929 87 898 937 44 1137 238 975 618 295 1040 498 397 692 695 768 0 262 694 555 1053 498 854 829 971 831 1059 842 212 534 599 170 827 301 861 434 590 767 368 1069
827 939 849 847 334 351 1594 1496 181 1334 591 1158 1643 626 226 721 229 422 822 944 815 527 659 755 574 442 1019 330 989 735 269 1361 329 896 540 216 961 420 318 767 770 689 262 0 769 476 1143 420 776 750 1062 906 1149 933 63 758 521 245 917 391 782 232 747 842 458 990
975 1088 152 150 754 726 1111 1013 743 831 529 655 1160 564 689 546 562 798 320 441 240 267 398 693 954 582 516 730 486 1017 702 878 583 722 688 772 786 560 738 70 73 515 694 769 0 625 640 560 601 576 559 209 647 430 719 810 394 546 414 530 931 912 685 267 585 1139
373 486 705 703 339 644 1497 1399 348 1218 884 1041 1547 920 274 455 522 716 706 828 671 459 784 1049 352 64 903 624 873 415 563 1264 622 630 86 357 695 96 323 623 626 423 555 476 625 0 1027 95 510 484 946 762 1033 817 450 1051 255 538 801 685 329 497 1040 698 752 537
1377 1490 720 718 1156 982 572 474 1118 293 644 613 622 679 1091 948 952 1054 342 426 809 669 513 808 1356 984 436 986 170 1419 1076 339 839 1124 1090 1173 1188 962 1140 638 641 916 1053 1143 640 1027 0 962 1003 978 140 777 162 415 1093 925 796 937 399 785 1333 1314 800 836 729 1541
446 558 640 638 283 588 1432 1334 291 1153 828 976 1482 863 218 389 466 659 641 763 606 394 719 992 425 53 838 567 808 488 506 1199 566 565 159 300 630 36 266 558 561 358 498 420 560 95 962 0 445 419 881 697 968 752 393 995 190 482 736 628 401 440 984 633 695 609
860 972 681 679 639 895 1474 1375 647 1194 886 1018 1523 921 574 198 730 966 682 804 647 435 761 1050 839 467 879 899 849 902 862 1240 752 271 573 656 336 445 622 599 602 209 854 776 601 510 1003 445 0 125 922 738 1010 793 749 1167 278 714 777 698 815 796 1041 674 753 1023
834 947 656 653 613 869 1448 1350 622 1168 860 992 1497 895 548 173 704 941 657 779 622 410 735 1024 813 441 853 873 823 876 837 1215 726 164 547 631 229 419 597 574 576 184 829 750 576 484 978 419 125 0 896 713 984 767 724 1141 253 689 752 673 790 771 1016 649 727 998
1296 1408 639 637 1075 900 681 583 1036 402 562 500 731 598 1010 867 871 972 260 344 727 587 431 726 1275 903 323 904 89 1338 995 448 757 1042 1009 1092 1107 881 1058 557 560 835 971 1062 559 946 140 881 922 896 0 696 113 333 1012 843 714 855 317 704 1251 1232 718 754 648 1459
1112 1225 170 86 891 863 1248 1150 880 968 666 792 1297 701 826 683 699 935 457 578 177 404 535 830 1091 719 653 867 623 1154 839 1015 720 859 825 909 923 697 875 153 168 652 831 906 209 762 777 697 738 713 696 0 784 567 856 947 531 683 552 667 1068 1049 822 163 722 1276
1384 1496 727 724 1162 988 711 612 1124 431 650 483 760 686 1097 954 958 1060 348 432 815 675 519 814 1363 991 305 992 177 1426 1082 477 845 1130 1097 1180 1195 968 1146 645 648 923 1059 1149 647 1033 162 968 1010 984 113 784 0 421 1099 931 802 943 362 792 1339 1320 806 842 736 1547
1167 1279 510 508 946 772 885 787 907 605 433 249 934 469 881 738 742 843 131 40 598 459 302 598 1146 774 203 776 260 1209 866 652 628 913 880 963 978 752 930 428 431 706 842 933 430 817 415 752 793 767 333 567 421 0 883 715 585 726 98 575 1122 1104 589 626 519 1331
800 913 799 797 308 301 1544 1446 131 1284 541 1107 1593 576 200 694 179 372 772 894 765 477 609 705 577 416 969 280 939 738 219 1311 279 870 513 190 934 393 291 717 720 663 212 63 719 450 1093 393 749 724 1012 856 1099 883 0 708 494 195 867 341 756 235 697 792 408 964
1370 1483 890 887 878 432 1172 1073 701 991 319 939 1221 288 770 1111 619 345 604 726 978 756 440 313 880 986 801 436 770 1041 518 938 543 1287 1083 760 1352 963 862 808 811 1080 503 726 810 1020 925 963 1167 1141 843 947 931 715 676 0 959 635 699 514 1326 769 188 1005 458 1534
605 717 474 471 384 687 1266 1168 392 986 678 810 1315 713 319 223 522 759 475 597 440 228 553 842 584 212 671 668 641 647 607 1033 544 399 318 401 463 190 367 392 394 192 599 521 394 255 796 190 278 253 714 531 802 585 494 959 0 507 570 491 560 541 834 467 545 768
889 1001 626 624 396 259 1407 1309 219 1127 384 951 1456 420 288 659 42 331 616 738 592 304 452 548 759 504 812 239 782 920 178 1174 148 835 602 278 900 482 380 544 547 628 170 245 546 538 937 482 714 689 855 683 943 726 195 665 507 0 711 196 844 417 540 619 252 1052
1151 1264 495 492 930 756 869 771 892 590 418 322 919 453 865 722 726 828 116 109 583 443 287 582 1130 758 152 760 245 1193 850 636 613 898 864 948 962 736 914 412 415 691 827 917 414 801 399 736 777 752 317 552 362 98 867 699 570 711 0 559 1107 1088 574 610 503 1315
1035 1148 610 607 543 230 1256 1157 366 976 233 800 1305 269 435 643 211 302 464 586 576 288 301 397 905 651 661 234 631 1067 324 1022 87 819 748 425 883 628 527 528 531 611 301 391 530 685 785 628 698 673 704 667 792 575 341 514 491 196 559 0 991 564 389 603 100 1199
141 335 1011 1008 645 950 1803 1705 654 1523 1190 1347 1852 1226 580 760 828 1021 1012 1134 977 765 1090 1354 507 370 1209 929 1178 570 868 1570 928 936 324 662 1000 401 629 929 932 729 861 782 931 329 1333 401 815 790 1251 1068 1339 1122 756 1357 560 844 1107 991 0 803 1346 1004 1057 386
847 960 992 989 355 523 1633 1535 228 1452 763 1328 1683 799 247 741 401 595 993 1115 958 700 831 927 585 463 1190 503 1159 746 442 1400 501 917 560 165 981 440 339 910 913 710 434 232 912 497 1314 440 796 771 1232 1049 1320 1104 235 798 541 417 1088 564 803 0 853 985 631 1011
1390 1503 765 762 898 488 1228 1129 721 990 193 814 1277 163 790 986 556 401 479 601 853 631 315 188 936 1006 675 492 645 1097 574 994 442 1162 1103 780 1227 984 882 682 685 955 558 747 685 1040 800 984 1041 1016 718 822 806 589 697 188 834 540 574 389 1346 825 0 880 333 1554
1048 1161 233 150 827 799 1306 1208 816 1026 724 850 1355 760 762 619 635 871 515 637 48 340 593 888 1027 655 712 803 681 1091 775 1073 656 795 761 845 859 633 811 211 226 588 767 842 267 698 836 633 674 649 754 163 842 626 792 1005 467 619 610 603 1004 985 880 0 658 1212
1102 1214 665 662 610 297 1200 1101 433 920 177 744 1249 213 502 698 267 369 408 530 630 343 245 341 972 717 605 301 575 1133 391 966 154 873 815 491 938 695 593 582 585 666 368 458 585 752 729 695 753 727 648 722 736 519 408 458 545 252 503 100 1057 631 333 658 0 1265
430 136 1219 1216 853 1158 2011 1913 862 1731 1398 1555 2060 1434 788 968 1036 1229 1220 1342 1185 973 1298 1562 715 578 1417 1137 1386 778 1076 1778 1136 1144 532 870 1208 609 837 1137 1140 937 1069 990 1139 537 1541 609 1023 998 1459 1276 1547 1331 964 1565 768 1052 1315 1199 386 1011 1554 1212 1265 0
EOF