NAME : tsp_problem
TYPE : TSP
DIMENSION : 72
EDGE_WEIGHT_TYPE : EXPLICIT
EDGE_WEIGHT_FORMAT : FULL_MATRIX
EDGE_WEIGHT_SECTION
0 431 878 984 526 1511 817 569 1032 1031 1393 1069 903 922 289 957 536 1106 1136 1565 253 894 1256 667 930 1041 776 1138 766 469 818 291 975 333 725 980 665 763 816 1060 983 125 272 677 635 398 1090 775 1032 809 1024 1142 1194 709 1510 903 66 1036 265 881 282 802 1263 288 1204 1091 440 985 1171 814 497 1510
431 0 826 932 474 1459 765 914 980 979 1341 1017 851 870 262 906 484 1054 1084 1513 278 842 1204 615 878 989 724 1087 714 814 766 357 923 116 673 928 614 711 764 1008 931 328 617 625 583 196 1038 723 980 757 972 1090 1142 657 1458 851 448 984 431 830 627 750 1211 356 1152 1039 23 933 1119 762 842 1458
878 826 0 300 406 660 85 1361 181 347 542 696 979 238 833 585 618 411 452 714 797 210 405 461 246 668 448 334 148 1261 612 621 500 852 520 608 741 839 85 209 132 775 1064 752 429 933 406 850 484 125 340 334 343 202 659 503 895 488 951 588 1074 877 412 620 353 407 836 301 487 413 1289 659
984 932 300 0 511 932 238 1467 454 86 814 920 1084 223 938 809 723 683 191 987 902 110 677 566 83 892 554 607 254 1367 717 726 773 958 625 832 846 944 238 482 404 880 1170 857 534 1038 145 956 757 197 110 607 616 307 931 608 1001 761 1057 733 1179 983 685 725 626 146 941 174 226 519 1395 932
526 474 406 511 0 1038 344 1009 560 558 920 743 633 450 481 631 266 661 664 1093 445 421 784 194 458 715 304 694 294 910 345 269 603 500 253 654 395 493 344 588 510 423 713 406 162 581 618 505 587 337 552 697 722 236 1038 430 543 591 600 555 722 532 791 268 732 619 484 513 699 341 937 1038
1511 1459 660 932 1038 0 718 1994 641 980 680 1173 1472 871 1465 1062 1250 887 1085 82 1430 843 881 1094 879 1145 1081 811 781 1894 1245 1253 977 1485 1152 1084 1348 1446 718 694 558 1408 1697 1360 1062 1565 1039 1458 961 758 973 811 820 834 85 1135 1528 965 1584 1065 1707 1485 889 1252 829 1040 1468 934 1120 1046 1922 86
817 765 85 238 344 718 0 1300 239 285 600 753 917 177 771 642 556 469 391 772 735 148 463 399 185 725 387 393 87 1200 550 559 559 791 458 665 679 777 42 267 190 714 1003 690 367 871 345 789 542 64 279 392 401 140 717 441 834 547 890 566 1012 816 470 558 411 346 774 240 426 352 1228 718
571 916 1363 1469 1012 1996 1302 0 1518 1516 1851 1228 1120 1408 774 1315 1022 1525 1621 2051 666 1379 1489 1152 1416 1240 1261 1558 1252 121 1303 776 1395 818 1211 1297 1151 1249 1302 1546 1468 610 363 1162 1120 745 1576 1226 1442 1295 1509 1561 1553 1194 1995 1388 588 1418 613 1367 352 1232 1484 774 1543 1576 925 1471 1656 1299 103 1996
1032 980 181 454 560 641 239 1515 0 501 523 548 847 393 987 437 772 262 606 695 951 364 256 615 401 520 602 186 303 1416 766 775 352 1007 674 460 723 821 239 84 138 929 1219 735 583 1087 561 833 336 280 494 186 195 356 640 657 1050 340 1106 440 1228 860 264 774 205 561 990 456 641 568 1443 640
1031 979 347 86 558 980 285 1514 501 0 862 968 1131 270 985 856 770 731 129 1034 950 157 725 614 130 940 601 654 301 1414 765 774 820 1005 672 879 893 991 285 529 452 928 1217 905 582 1086 108 1003 804 245 158 654 663 355 979 656 1048 808 1104 781 1227 1030 732 773 673 108 988 222 188 566 1442 979
1393 1341 542 814 920 680 600 1876 523 862 0 840 973 753 1347 927 1132 769 967 734 1312 725 578 976 761 853 963 693 663 1776 1127 1135 859 1367 1034 910 1192 1102 600 576 441 1290 1579 1181 944 1448 921 1080 843 640 855 693 642 717 679 1017 1410 847 1466 947 1589 1085 573 1135 632 922 1350 816 1002 928 1804 680
1069 1017 696 920 743 1173 753 1271 548 968 818 0 360 859 1023 148 584 358 1073 1228 988 831 456 798 867 73 785 391 703 1172 949 811 228 1043 856 130 497 489 753 599 654 966 995 508 766 1123 1027 466 275 746 961 394 450 645 1172 561 1086 251 1142 213 984 472 451 810 460 1028 1026 922 1108 464 1199 1173
903 851 964 1084 633 1441 917 1163 816 1131 952 328 0 1023 858 416 419 626 1237 1495 822 994 590 773 1031 341 883 659 867 1063 924 646 496 878 832 398 267 177 917 867 921 800 887 256 741 958 1191 155 542 910 1125 662 654 809 1440 725 921 519 977 481 876 160 585 645 644 1192 861 1086 1272 627 1091 1441
922 870 238 223 450 871 177 1405 393 270 753 859 1023 0 877 748 662 622 375 926 841 133 616 505 170 831 492 546 193 1305 656 665 712 896 564 770 785 883 176 420 343 819 1108 796 473 977 330 895 696 136 263 545 554 246 870 547 939 700 996 672 1118 922 623 664 564 331 880 225 410 458 1333 871
289 262 833 938 481 1465 771 772 987 985 1347 1023 858 877 0 912 491 1060 1091 1520 136 848 1210 621 885 995 731 1093 721 672 772 245 930 164 680 935 620 718 771 1015 937 186 475 631 589 242 1045 730 986 764 979 1096 1149 663 1465 857 306 991 290 836 485 757 1218 243 1159 1046 271 940 1126 768 700 1465
957 906 585 809 631 1062 642 1358 437 856 905 148 447 748 912 0 473 247 962 1117 876 719 397 687 756 120 674 280 592 1259 838 700 117 932 745 59 386 483 642 488 542 854 1082 397 655 1012 916 495 173 635 850 283 339 534 1061 450 975 178 1031 102 1071 522 404 699 348 917 915 811 997 353 1286 1062
536 484 618 723 266 1250 556 1019 772 770 1132 584 419 662 491 473 0 621 876 1305 455 633 771 406 670 556 516 654 506 920 557 279 490 510 465 495 181 278 556 800 722 433 723 192 374 591 830 290 547 549 764 657 712 448 1249 574 553 551 610 397 732 317 778 278 722 831 494 725 911 477 947 1250
1106 1054 411 683 661 887 469 1569 262 731 762 358 658 622 1060 247 621 0 836 942 1025 594 226 716 630 330 703 105 532 1469 867 848 162 1080 775 270 534 632 469 313 368 1003 1292 545 684 1160 790 643 146 509 724 109 164 564 886 480 1123 150 1179 251 1282 670 233 847 174 791 1063 685 871 382 1497 887
1136 1084 452 191 664 1085 391 1619 606 129 967 1073 1237 375 1091 962 876 836 0 1139 1055 262 830 719 236 1045 706 760 406 1519 870 879 926 1110 778 984 999 1096 390 634 557 1033 1322 1010 687 1191 172 1108 909 350 263 759 768 460 1084 761 1153 914 1209 886 1332 1135 837 878 778 184 1093 327 285 671 1547 1084
1565 1513 714 987 1093 82 772 2048 695 1034 734 1228 1527 926 1520 1117 1305 942 1139 0 1484 897 936 1148 934 1200 1135 866 836 1949 1299 1308 1032 1539 1207 1139 1403 1501 772 749 613 1462 1752 1414 1116 1620 1094 1513 1015 813 1027 865 874 889 140 1190 1583 1020 1639 1120 1761 1540 943 1307 884 1094 1523 989 1174 1101 1976 82
253 278 797 902 445 1430 735 663 951 950 1312 988 822 841 136 876 455 1025 1055 1484 0 813 1175 586 849 959 695 1057 685 564 737 210 894 180 644 899 584 682 735 979 902 150 367 596 554 171 1009 694 951 728 943 1060 1113 628 1429 822 270 955 176 800 376 721 1182 207 1123 1010 287 904 1090 732 591 1429
894 842 210 110 421 843 148 1377 364 157 725 831 994 133 848 719 633 594 262 897 813 0 588 477 56 803 464 517 164 1277 628 637 683 868 535 742 756 854 148 392 315 791 1080 768 445 949 216 866 667 108 150 517 526 218 842 519 911 671 967 644 1090 893 595 636 536 217 851 111 297 429 1305 842
1256 1204 405 677 784 881 463 1529 256 725 561 485 618 616 1210 397 771 226 830 936 1175 588 0 839 624 480 826 150 526 1430 990 998 312 1230 897 420 684 747 463 307 362 1153 1253 695 807 1310 784 724 296 503 718 149 89 580 881 630 1273 300 1329 400 1242 730 76 997 79 785 1213 679 865 532 1457 881
667 615 461 566 194 1094 399 1150 615 614 976 798 773 505 621 687 406 716 719 1148 586 477 839 0 513 770 192 749 349 1050 234 409 658 641 142 709 535 633 399 643 566 564 853 546 51 721 673 645 642 392 607 752 777 291 1093 486 684 646 740 611 862 672 846 408 787 674 624 568 754 396 1078 1093
930 878 246 83 458 879 185 1413 401 130 761 867 1031 170 885 756 670 630 236 934 849 56 624 513 0 839 500 554 201 1314 664 673 720 905 572 779 793 891 185 429 351 827 1117 804 481 985 190 903 704 144 124 554 563 254 878 555 948 708 1004 680 1126 930 632 672 572 191 888 121 271 466 1341 879
1041 989 668 892 715 1145 725 1284 520 940 830 73 372 831 995 120 556 330 1045 1200 959 803 468 770 839 0 757 363 675 1184 921 783 200 1015 828 102 469 502 725 571 626 937 1008 480 738 1095 999 479 247 718 933 366 422 617 1144 533 1058 223 1114 185 997 484 463 782 431 1000 998 894 1080 436 1212 1145
776 724 448 554 304 1081 387 1259 602 601 963 785 883 492 731 674 516 703 706 1135 695 464 826 192 500 757 0 736 336 1159 275 519 646 750 183 696 645 743 386 630 553 673 962 656 156 831 660 754 629 379 594 739 764 279 1080 473 793 634 849 598 972 781 833 518 774 661 733 555 741 384 1187 1080
1138 1087 334 607 694 811 393 1602 186 654 686 391 690 546 1093 280 654 105 760 866 1057 517 150 749 554 363 736 0 456 1502 900 881 195 1113 808 303 567 664 393 237 292 1035 1325 578 717 1193 714 676 179 433 648 33 88 509 810 512 1156 183 1212 283 1315 703 157 880 98 715 1096 609 795 415 1530 811
766 714 148 254 294 781 87 1249 303 301 663 703 867 193 721 592 506 532 406 836 685 164 526 349 201 675 336 456 0 1149 500 509 564 740 408 614 629 727 87 331 253 663 952 640 317 821 361 738 547 80 294 456 465 90 780 391 783 552 839 516 962 765 534 508 474 361 724 256 441 302 1177 781
471 816 1264 1369 912 1896 1202 121 1418 1416 1751 1128 1020 1308 674 1215 922 1426 1522 1951 566 1279 1389 1052 1316 1140 1162 1458 1152 0 1203 676 1295 718 1111 1198 1051 1149 1202 1446 1368 511 264 1062 1020 646 1476 1126 1342 1195 1409 1461 1453 1094 1895 1288 489 1319 513 1267 252 1132 1384 674 1443 1477 826 1371 1557 1199 182 1896
818 766 612 717 345 1245 550 1301 766 765 1127 949 924 656 772 838 557 867 870 1299 737 628 990 234 664 921 275 900 500 1201 0 560 810 792 118 860 686 784 550 794 717 715 1004 697 198 872 824 796 793 543 758 903 928 443 1244 637 835 798 891 762 1013 823 997 559 938 825 775 719 905 547 1229 1244
291 357 621 726 269 1253 559 774 775 774 1135 811 646 665 245 700 279 848 879 1308 210 637 998 409 673 783 519 881 509 674 560 0 718 289 468 723 408 506 559 803 725 188 477 419 377 359 833 518 774 552 767 884 937 451 1253 646 308 779 364 624 486 545 1006 32 947 834 366 728 914 556 702 1253
975 923 500 773 603 977 559 1439 352 820 848 228 527 712 930 117 490 162 926 1032 894 683 312 658 720 200 646 195 564 1339 810 718 0 949 717 139 403 501 558 403 458 872 1161 414 626 1030 880 513 88 599 814 198 254 506 976 422 992 93 1049 120 1151 540 320 717 264 881 933 775 961 324 1367 977
333 116 852 958 500 1485 791 816 1007 1005 1367 1043 878 896 164 932 510 1080 1110 1539 180 868 1230 641 905 1015 750 1113 740 716 792 289 949 0 699 954 640 737 790 1034 957 230 519 651 609 131 1064 749 1006 783 998 1116 1168 683 1484 877 350 1010 335 856 529 776 1237 287 1178 1065 125 959 1145 788 744 1485
725 673 520 625 253 1152 458 1208 674 672 1034 856 832 564 680 745 465 775 778 1207 644 535 897 142 572 828 183 808 408 1109 118 468 717 699 0 768 594 692 458 702 624 622 912 605 106 780 732 704 701 451 666 811 836 350 1151 544 743 705 799 669 921 731 905 467 846 733 683 627 813 455 1136 1152
980 928 608 832 654 1084 665 1341 460 879 888 130 430 770 935 59 495 270 984 1139 899 742 420 709 779 102 696 303 614 1241 860 723 139 954 768 0 408 506 664 510 565 877 1065 419 677 1035 939 518 196 657 872 306 361 557 1084 473 997 194 1053 125 1054 542 427 722 371 939 937 833 1019 375 1269 1084
665 614 741 846 395 1348 679 1148 723 893 1171 497 267 785 620 386 181 534 999 1403 584 756 684 535 793 469 645 567 629 1049 686 408 403 640 594 408 0 127 679 774 829 562 852 41 503 720 953 139 460 672 887 570 625 571 1348 487 683 464 739 310 861 166 691 407 635 954 623 848 1034 390 1077 1348
763 711 839 944 493 1446 777 1246 821 991 1081 458 177 883 718 483 278 632 1096 1501 682 854 719 633 891 470 743 664 727 1146 784 506 501 737 692 506 127 0 777 872 927 660 949 116 601 818 1051 49 558 770 984 667 723 669 1445 585 780 562 837 407 959 76 714 505 733 1052 721 946 1132 487 1174 1446
816 764 85 238 344 718 42 1299 239 285 600 753 917 176 771 642 556 469 390 772 735 148 463 399 185 725 386 393 87 1199 550 559 558 790 458 664 679 777 0 267 190 713 1002 690 367 871 344 788 542 63 278 392 401 140 717 441 833 546 890 566 1012 815 470 558 411 345 774 239 425 352 1227 717
1060 1008 209 482 588 694 267 1543 84 529 576 599 898 420 1015 488 800 313 634 749 979 392 307 643 429 571 630 237 331 1443 794 803 403 1034 702 510 774 872 267 0 166 957 1246 785 611 1115 588 884 387 307 522 237 246 384 693 685 1077 391 1134 491 1256 911 315 802 255 589 1018 483 669 596 1471 694
983 931 132 404 510 558 190 1466 138 452 441 654 953 343 937 542 722 368 557 613 902 315 362 566 351 626 553 292 253 1366 717 725 458 957 624 565 829 927 190 166 0 880 1169 840 534 1037 511 939 441 230 445 291 300 306 558 607 1000 446 1056 546 1179 966 369 724 310 512 940 406 592 518 1394 558
125 328 775 880 423 1408 714 608 929 928 1290 966 800 819 186 854 433 1003 1033 1462 150 791 1153 564 827 937 673 1035 663 508 715 188 872 230 622 877 562 660 713 957 880 0 311 574 532 300 987 672 929 706 921 1038 1091 606 1407 800 142 933 304 778 321 699 1160 185 1101 988 337 882 1068 710 536 1407
272 617 1064 1170 713 1697 1003 363 1219 1217 1575 952 844 1108 475 1039 723 1249 1322 1752 367 1080 1213 853 1117 964 962 1282 952 264 1004 477 1119 519 912 1021 852 949 1002 1246 1169 311 0 863 821 446 1277 950 1166 995 1210 1285 1277 895 1696 1089 289 1142 313 1068 52 956 1208 475 1267 1277 626 1171 1357 1000 291 1697
677 625 752 857 406 1360 690 1160 735 905 1160 508 256 796 631 397 192 545 1010 1414 596 768 695 546 804 480 656 578 640 1060 697 419 414 651 605 419 41 116 690 785 840 574 863 0 514 731 964 128 471 683 898 581 636 582 1359 498 694 475 750 321 872 155 702 418 646 965 634 859 1045 401 1088 1359
635 583 429 534 162 1062 367 1118 583 582 944 766 741 473 589 655 374 684 687 1116 554 445 807 51 481 738 156 717 317 1018 198 377 626 609 106 677 503 601 367 611 534 532 821 514 0 689 641 613 610 360 575 720 745 259 1061 454 652 614 708 579 830 640 814 376 755 642 592 536 722 364 1046 1061
398 196 933 1038 581 1565 871 743 1087 1086 1448 1123 958 977 242 1012 591 1160 1191 1620 171 949 1310 721 985 1095 831 1193 821 643 872 359 1030 131 780 1035 720 818 871 1115 1037 300 446 731 689 0 1145 830 1086 864 1079 1196 1249 763 1565 958 415 1091 256 936 456 857 1318 357 1259 1146 206 1040 1226 868 671 1565
1090 1038 406 145 618 1039 345 1573 561 108 921 1027 1191 330 1045 916 830 790 172 1094 1009 216 784 673 190 999 660 714 361 1473 824 833 880 1064 732 939 953 1051 344 588 511 987 1277 964 641 1145 0 1063 864 304 217 713 722 414 1038 715 1107 868 1164 840 1286 1090 791 832 732 65 1048 281 145 626 1501 1039
775 723 850 956 505 1458 789 1258 833 1003 1058 435 155 895 730 495 290 643 1108 1513 694 866 696 645 903 448 754 676 738 1158 796 518 513 749 704 505 139 49 788 884 939 672 961 128 613 830 1063 0 569 781 996 679 735 681 1457 597 792 574 848 419 971 53 691 517 744 1063 733 957 1143 499 1186 1458
1032 980 484 757 587 961 542 1485 336 804 832 275 574 696 986 173 547 146 909 1015 951 667 296 642 704 247 629 179 547 1386 793 774 88 1006 701 196 460 558 542 387 441 929 1209 471 610 1086 864 569 0 583 797 182 237 490 960 406 1049 51 1105 177 1198 596 303 773 247 864 989 759 944 308 1413 961
809 757 125 197 337 758 64 1292 280 245 640 746 910 136 764 635 549 509 350 813 728 108 503 392 144 718 379 433 80 1192 543 552 599 783 451 657 672 770 63 307 230 706 995 683 360 864 304 781 583 0 238 432 441 133 757 434 826 587 883 559 1005 808 510 551 451 305 767 199 385 345 1220 758
1024 972 340 110 552 973 279 1507 494 158 855 961 1125 263 979 850 764 724 263 1027 943 150 718 607 124 933 594 648 294 1407 758 767 814 998 666 872 887 984 278 522 445 921 1210 898 575 1079 217 996 797 238 0 647 656 348 972 649 1041 801 1097 774 1220 1023 725 766 666 218 981 215 298 559 1435 972
1142 1090 334 607 697 811 392 1605 186 654 685 394 694 545 1096 283 657 109 759 865 1060 517 149 752 554 366 739 33 456 1505 903 884 198 1116 811 306 570 667 392 237 291 1038 1328 581 720 1196 713 679 182 432 647 0 87 509 810 515 1159 186 1215 286 1318 706 156 883 97 714 1099 608 794 418 1533 810
1194 1142 343 616 722 820 401 1593 195 663 625 450 682 554 1149 339 712 164 768 874 1113 526 89 777 563 422 764 88 465 1493 928 937 254 1168 836 361 625 723 401 246 300 1091 1317 636 745 1249 722 735 237 441 656 87 0 518 819 571 1211 242 1268 342 1306 762 96 936 75 723 1152 617 803 473 1521 819
709 657 202 307 236 834 140 1192 356 355 717 645 809 246 663 534 448 564 460 889 628 218 580 291 254 617 279 509 90 1092 443 451 506 683 350 557 571 669 140 384 306 606 895 582 259 763 414 681 490 133 348 509 518 0 834 333 726 494 782 458 904 708 587 450 528 415 666 309 495 244 1120 834
1510 1458 659 931 1038 85 717 1993 640 979 679 1172 1472 870 1465 1061 1249 886 1084 140 1429 842 881 1093 878 1144 1080 810 780 1893 1244 1253 976 1484 1151 1084 1348 1445 717 693 558 1407 1696 1359 1061 1565 1038 1457 960 757 972 810 819 834 0 1135 1527 964 1583 1064 1706 1484 888 1252 829 1039 1467 933 1119 1045 1921 85
903 851 503 608 430 1135 441 1386 657 656 1017 561 725 547 857 450 574 480 761 1190 822 519 630 486 555 533 473 512 391 1286 637 646 422 877 544 473 487 585 441 685 607 800 1089 498 454 958 715 597 406 434 649 515 571 333 1135 0 920 410 976 374 1099 624 637 645 581 716 860 610 796 160 1314 1135
66 448 895 1001 543 1528 834 586 1050 1048 1410 1086 921 939 306 975 553 1123 1153 1583 270 911 1273 684 948 1058 793 1156 783 486 835 308 992 350 743 997 683 780 833 1077 1000 142 289 694 652 415 1107 792 1049 826 1041 1159 1211 726 1527 920 0 1053 282 899 299 819 1280 305 1221 1108 457 1002 1188 831 514 1528
1036 984 488 761 591 965 547 1462 340 808 836 251 551 700 991 178 551 150 914 1020 955 671 300 646 708 223 634 183 552 1362 798 779 93 1010 705 194 464 562 546 391 446 933 1186 475 614 1091 868 574 51 587 801 186 242 494 964 410 1053 0 1109 181 1175 601 308 778 252 869 993 763 949 312 1390 965
265 431 951 1057 600 1584 890 610 1106 1104 1466 1142 977 996 290 1031 610 1179 1209 1639 176 967 1329 740 1004 1114 849 1212 839 510 891 364 1049 335 799 1053 739 837 890 1134 1056 304 313 750 708 256 1164 848 1105 883 1097 1215 1268 782 1583 976 282 1109 0 955 323 875 1336 362 1277 1164 441 1059 1244 887 538 1584
881 830 588 733 555 1065 566 1365 440 781 936 213 513 672 836 102 397 251 886 1120 800 644 400 611 680 185 598 283 516 1265 762 624 120 856 669 125 310 407 566 491 546 778 1068 321 579 936 840 419 177 559 774 286 342 458 1064 374 899 181 955 0 1077 446 408 623 352 841 839 735 921 277 1293 1065
284 629 1076 1181 724 1709 1014 352 1230 1229 1564 940 832 1120 486 1027 734 1238 1334 1763 378 1092 1202 864 1128 953 974 1271 964 252 1015 488 1108 531 923 1010 863 961 1014 1258 1181 323 52 874 832 458 1288 939 1154 1007 1222 1274 1266 906 1708 1101 301 1131 325 1079 0 944 1196 486 1256 1289 638 1183 1369 1011 280 1708
802 750 877 983 532 1485 816 1275 860 1030 1064 440 160 922 757 522 317 670 1135 1540 721 893 702 672 930 453 781 703 765 1175 823 545 540 776 731 510 166 76 815 911 966 699 988 155 640 857 1090 53 596 808 1023 706 762 708 1484 624 819 601 875 446 988 0 696 544 756 1090 759 984 1170 526 1203 1485
1263 1211 412 685 791 889 470 1524 264 732 556 480 613 623 1218 404 778 233 837 943 1182 595 76 846 632 488 833 157 534 1424 997 1006 320 1237 905 427 691 742 470 315 369 1160 1248 702 814 1318 791 719 303 510 725 156 96 587 888 637 1280 308 1336 408 1237 725 0 1005 87 792 1220 686 872 539 1452 888
288 356 620 725 268 1252 558 771 774 773 1135 810 645 664 243 699 278 847 878 1307 207 636 997 408 672 782 518 880 508 671 559 32 717 287 467 722 407 505 558 802 724 185 475 418 376 357 832 517 773 551 766 883 936 450 1252 645 305 778 362 623 484 544 1005 0 946 833 365 727 913 555 699 1252
1204 1152 353 626 732 829 411 1583 205 673 615 460 672 564 1159 348 722 174 778 884 1123 536 79 787 572 431 774 98 474 1483 938 947 264 1178 846 371 635 733 411 255 310 1101 1307 646 755 1259 732 744 247 451 666 97 75 528 829 581 1221 252 1277 352 1296 771 87 946 0 733 1161 627 813 483 1511 829
1091 1039 407 146 619 1040 346 1574 561 108 922 1028 1192 331 1046 917 831 791 184 1094 1010 217 785 674 191 1000 661 715 361 1474 825 834 881 1065 733 939 954 1052 345 589 512 988 1277 965 642 1146 65 1063 864 305 218 714 723 415 1039 716 1108 869 1164 841 1287 1090 792 833 733 0 1049 282 145 627 1502 1040
440 23 836 941 484 1468 774 923 990 988 1350 1026 861 880 271 915 494 1063 1093 1523 287 851 1213 624 888 998 733 1096 724 823 775 366 933 125 683 937 623 721 774 1018 940 337 626 634 592 206 1048 733 989 767 981 1099 1152 666 1467 860 457 993 441 839 636 759 1220 365 1161 1049 0 943 1129 771 851 1468
985 933 301 174 513 934 240 1468 456 222 816 922 1086 225 940 811 725 685 327 989 904 111 679 568 121 894 555 609 256 1368 719 728 775 959 627 833 848 946 239 483 406 882 1171 859 536 1040 281 957 759 199 215 608 617 309 933 610 1002 763 1059 735 1181 984 686 727 627 282 943 0 362 521 1396 934
1171 1119 487 226 699 1120 426 1654 641 188 1002 1108 1272 410 1126 997 911 871 285 1174 1090 297 865 754 271 1080 741 795 441 1554 905 914 961 1145 813 1019 1034 1132 425 669 592 1068 1357 1045 722 1226 145 1143 944 385 298 794 803 495 1119 796 1188 949 1244 921 1367 1170 872 913 813 145 1129 362 0 706 1582 1119
814 762 413 519 341 1046 352 1297 568 566 928 464 627 458 768 353 477 382 671 1101 732 429 532 396 466 436 384 415 302 1197 547 556 324 788 455 375 390 487 352 596 518 710 1000 401 364 868 626 499 308 345 559 418 473 244 1045 160 831 312 887 277 1009 526 539 555 483 627 771 521 706 0 1225 1046
499 844 1292 1397 940 1924 1230 103 1446 1444 1779 1156 1048 1336 702 1243 950 1453 1549 1979 594 1307 1417 1080 1344 1168 1189 1486 1180 182 1231 704 1323 746 1139 1225 1079 1177 1230 1474 1396 539 291 1090 1048 673 1504 1154 1370 1223 1437 1489 1481 1122 1923 1316 516 1346 541 1295 280 1160 1412 702 1471 1505 853 1399 1584 1227 0 1924
1510 1458 659 932 1038 86 718 1993 640 979 680 1173 1472 871 1465 1062 1250 887 1084 82 1429 842 881 1093 879 1145 1080 811 781 1894 1244 1253 977 1485 1152 1084 1348 1446 717 694 558 1407 1697 1359 1061 1565 1039 1458 961 758 972 810 819 834 85 1135 1528 965 1584 1065 1706 1485 888 1252 829 1040 1468 934 1119 1046 1921 0
EOF