NAME : tsp_problem
TYPE : TSP
DIMENSION : 20
EDGE_WEIGHT_TYPE : EXPLICIT
EDGE_WEIGHT_FORMAT : FULL_MATRIX
EDGE_WEIGHT_SECTION
0 1922 1129 1607 1219 1661 1298 952 1100 1147 572 837 1956 1237 1117 625 693 714 1260 1191
1922 0 2385 742 2278 783 1456 1199 990 2118 1495 2264 798 2424 2088 1364 2246 2266 708 949
1129 2385 0 2071 431 2125 1762 1416 1564 658 1254 494 2420 200 661 1245 1072 649 1723 1655
1607 742 2071 0 1964 536 856 885 675 1804 1180 1949 781 2109 1773 1049 1931 1952 393 634
1219 2270 431 1956 0 2010 1647 1301 1449 387 1139 603 2305 469 389 1130 1162 738 1608 1540
1661 783 2125 536 2018 0 1246 939 730 1858 1235 2004 398 2163 1828 1104 1986 2006 448 688
1298 1456 1762 856 1655 1246 0 463 724 1495 872 1641 1494 1800 1465 741 1623 1643 884 815
952 1199 1416 885 1309 939 463 0 378 1149 525 1295 1234 1454 1119 395 1277 1297 537 469
1100 990 1564 675 1457 730 724 378 0 1297 673 1442 1024 1602 1266 542 1424 1445 328 162
1139 2110 658 1796 387 1850 1487 1141 1289 0 979 831 2145 697 440 970 1389 966 1448 1380
572 1495 1254 1180 1147 1235 872 525 673 987 0 1041 1529 1292 957 198 897 917 833 764
837 2264 494 1949 603 2004 1641 1295 1442 831 1041 0 2299 621 834 1093 780 357 1602 1534
1956 798 2420 781 2313 398 1494 1234 1024 2153 1529 2299 0 2458 2123 1399 2280 2301 742 983
1237 2424 200 2109 469 2163 1800 1454 1602 697 1292 621 2458 0 699 1283 1179 756 1761 1693
1117 2089 661 1774 389 1829 1466 1119 1267 440 958 834 2123 699 0 948 1392 969 1427 1358
625 1364 1245 1049 1138 1104 741 395 542 978 198 1093 1399 1283 947 0 949 970 702 634
693 2246 1072 1931 1162 1986 1623 1277 1424 1389 897 780 2280 1179 1392 949 0 483 1584 1516
714 2266 649 1952 738 2006 1643 1297 1445 966 917 357 2301 756 969 970 483 0 1604 1536
1260 708 1723 393 1616 448 884 537 328 1456 833 1602 742 1761 1426 702 1584 1604 0 287
1191 949 1655 634 1548 688 815 469 162 1388 764 1534 983 1693 1358 634 1516 1536 287 0
EOF