NAME : tsp_problem
TYPE : TSP
DIMENSION : 84
EDGE_WEIGHT_TYPE : EXPLICIT
EDGE_WEIGHT_FORMAT : FULL_MATRIX
EDGE_WEIGHT_SECTION
0 1596 2084 1214 1221 2080 2115 1331 2014 2161 2262 1574 1936 1289 2693 1154 2178 568 2148 527 1461 951 500 416 2518 736 1143 560 731 2177 1836 906 2105 2412 1050 2532 1345 2245 3305 1074 882 821 1149 1980 1087 1182 1306 459 800 2036 1329 726 2543 904 428 607 2160 1685 3435 1259 1291 2187 171 2298 1054 827 896 433 223 987 1876 1899 2239 768 2199 1298 3589 1050 2193 884 3734 261 245 1244
1596 0 589 949 1348 585 620 1007 763 780 767 172 684 914 1198 873 683 1243 653 1302 995 1146 1377 1324 1023 1220 815 1303 1217 682 584 1085 854 917 1000 1037 1462 749 1810 1226 1094 1234 809 728 1160 1012 485 1440 1168 785 1013 1253 1048 1039 1448 1242 665 124 1940 782 1407 692 1576 803 1259 966 1073 1341 1539 1181 625 648 744 1136 704 1033 2094 1245 698 1264 2239 1373 1561 1010
2084 589 0 1437 1836 204 240 1495 860 446 387 684 821 1402 818 1361 303 1731 131 1790 1483 1634 1865 1812 642 1708 1303 1791 1705 302 768 1573 529 536 1488 661 1950 369 1429 1714 1582 1722 1297 820 1648 1500 973 1928 1656 745 1501 1741 667 1527 1936 1730 143 624 1560 1270 1896 358 2064 423 1747 1454 1561 1829 2027 1669 760 783 364 1625 323 1521 1760 1733 274 1752 1905 1861 2049 1498
1214 949 1437 0 647 1433 1468 151 1367 1514 1615 927 1289 195 2046 357 1531 1124 1501 727 281 445 1105 1021 1871 519 177 728 1098 1530 1189 384 1458 1765 299 1885 761 1597 2658 525 975 533 183 1333 460 385 502 865 1048 1389 149 552 1896 338 988 1123 1513 1038 2788 280 707 1540 1131 1651 558 847 953 1038 1204 481 1229 1252 1592 1017 1552 117 2942 544 1546 563 3087 1038 1226 448
1221 1348 1836 647 0 1832 1867 765 1766 1913 2014 1326 1688 722 2445 587 1930 1180 1900 735 895 389 1113 1029 2269 580 576 736 1344 1929 1588 419 1857 2164 377 2284 263 1996 3057 200 1374 594 582 1732 283 615 901 873 1413 1788 763 594 2295 463 995 1220 1912 1437 3187 693 222 1939 1139 2050 232 1246 1352 1046 1211 354 1628 1651 1991 1381 1951 731 3341 293 1945 624 3486 1046 1234 677
2080 585 204 1433 1832 0 75 1491 998 584 222 680 960 1398 652 1357 197 1727 269 1786 1479 1630 1861 1808 477 1704 1300 1787 1701 196 906 1569 667 371 1484 496 1946 204 1264 1710 1579 1718 1293 958 1645 1496 969 1924 1652 883 1497 1737 502 1523 1932 1726 281 620 1395 1266 1892 496 2060 258 1743 1451 1557 1825 2023 1666 898 921 199 1621 218 1517 1898 1729 412 1748 2043 1857 2045 1494
2115 620 240 1468 1867 75 0 1527 1033 619 194 715 995 1434 625 1392 232 1763 304 1821 1515 1665 1896 1843 449 1740 1335 1822 1737 191 941 1605 702 343 1520 468 1982 176 1236 1746 1614 1754 1328 994 1680 1531 1005 1960 1687 918 1533 1772 474 1558 1968 1762 316 656 1367 1301 1927 531 2095 230 1778 1486 1592 1860 2058 1701 934 957 171 1656 253 1552 1934 1764 448 1783 2078 1892 2081 1529
1331 1007 1495 151 765 1491 1527 0 1426 1573 1674 985 1347 127 2105 443 1590 1182 1560 845 305 562 1223 1139 1929 637 295 846 1156 1589 1247 502 1516 1823 417 1944 879 1656 2716 643 1033 651 301 1391 577 503 561 983 1107 1448 82 670 1954 456 1106 1181 1571 1097 2847 257 824 1599 1249 1710 676 905 1012 1156 1321 598 1288 1311 1651 1075 1610 85 3001 662 1604 681 3145 1156 1344 565
2014 763 860 1367 1766 998 1033 1426 0 627 1180 741 195 1333 1611 1291 1096 1662 880 1720 1414 1564 1795 1742 1436 1639 1234 1721 1636 1095 369 1504 571 1330 1419 1455 1881 1163 2223 1645 1513 1653 1227 236 1579 1430 904 1859 1586 292 1432 1671 1461 1458 1867 1661 891 852 2353 1201 1826 719 1994 1217 1677 1385 1491 1759 1957 1600 334 311 1157 1555 1117 1452 2094 1663 724 1682 2238 1792 1980 1428
2161 780 446 1514 1913 584 619 1573 627 0 766 875 523 1479 1197 1438 682 1808 465 1867 1560 1711 1942 1889 1021 1785 1381 1868 1782 681 358 1650 268 916 1565 1041 2027 748 1809 1791 1660 1799 1374 454 1726 1577 1050 2005 1733 363 1578 1818 1047 1604 2014 1807 477 815 1939 1347 1973 305 2141 802 1824 1532 1638 1906 2104 1747 351 374 743 1702 703 1598 1680 1810 310 1829 1824 1938 2126 1575
2262 767 387 1615 2014 222 194 1674 1180 766 0 862 1142 1581 499 1539 379 1909 451 1968 1661 1812 2043 1990 522 1886 1482 1969 1884 264 1088 1752 849 417 1667 541 2129 185 1111 1893 1761 1901 1475 1140 1827 1678 1151 2107 1834 1065 1680 1919 348 1705 2115 1909 463 802 1241 1448 2074 678 2242 303 1925 1633 1739 2007 2205 1848 1081 1103 179 1803 400 1699 2081 1911 595 1930 2225 2039 2227 1676
1574 172 684 927 1326 680 715 985 741 875 862 0 662 892 1293 851 778 1221 748 1280 973 1124 1355 1302 1117 1198 793 1281 1195 777 562 1063 832 1011 978 1132 1440 844 1905 1204 1072 1212 787 707 1138 990 463 1418 1146 763 991 1231 1142 1017 1426 1220 760 142 2035 760 1386 787 1554 898 1237 944 1051 1319 1517 1160 603 626 839 1115 799 1011 2189 1223 792 1242 2333 1351 1539 988
1936 684 821 1289 1688 960 995 1347 195 523 1142 662 0 1254 1573 1213 1058 1583 841 1642 1335 1485 1717 1664 1397 1560 1155 1643 1557 1057 243 1425 467 1291 1340 1416 1802 1124 2185 1566 1434 1574 1149 108 1500 1351 825 1780 1507 253 1353 1593 1422 1379 1788 1582 853 773 2315 1122 1747 680 1916 1178 1599 1306 1413 1681 1879 1521 206 183 1119 1476 1079 1373 2055 1585 686 1604 2200 1713 1901 1349
1289 914 1402 195 722 1398 1434 127 1333 1479 1581 892 1254 0 2011 350 1497 1089 1467 803 398 520 1181 1096 1836 595 253 804 1063 1496 1154 460 1423 1730 375 1851 837 1563 2623 601 940 609 259 1298 535 461 468 941 1013 1354 133 627 1861 414 1063 1088 1478 1003 2754 164 782 1505 1206 1617 633 812 919 1114 1279 556 1195 1218 1558 982 1517 158 2908 619 1511 638 3052 1113 1301 487
2693 1198 818 2046 2445 652 625 2105 1611 1197 499 1293 1573 2011 0 1970 810 2340 882 2399 2092 2243 2474 2421 953 2317 1913 2400 2314 695 1519 2182 1280 847 2097 972 2559 616 1464 2323 2192 2331 1906 1571 2258 2109 1582 2537 2265 1496 2110 2350 318 2136 2545 2339 894 1233 1595 1879 2505 1109 2673 734 2356 2064 2170 2438 2636 2279 1511 1534 610 2234 831 2130 2511 2342 1025 2361 2656 2470 2658 2107
1154 873 1361 357 587 1357 1392 443 1291 1438 1539 851 1213 350 1970 0 1455 1048 1425 667 605 385 1045 961 1794 459 251 668 1022 1454 1113 324 1382 1689 239 1809 701 1521 2582 465 899 473 244 1257 399 198 426 805 972 1313 449 492 1820 278 928 1047 1437 962 2712 218 647 1464 1071 1575 498 771 877 978 1144 421 1153 1176 1516 941 1476 441 2866 484 1470 503 3011 978 1166 260
2178 683 303 1531 1930 197 232 1590 1096 682 379 778 1058 1497 810 1455 0 1825 367 1884 1577 1728 1959 1906 634 1803 1398 1885 1800 294 1004 1668 765 529 1583 654 2045 361 1422 1809 1677 1817 1391 1056 1743 1594 1068 2023 1750 981 1596 1835 660 1621 2031 1825 379 718 1552 1364 1990 594 2158 415 1841 1549 1655 1923 2121 1764 997 1020 356 1719 72 1615 1997 1827 511 1846 2141 1955 2144 1592
568 1235 1723 1116 1180 1719 1755 1174 1654 1800 1901 1213 1575 1081 2332 1040 1817 0 1788 568 1132 910 197 265 2157 695 982 472 214 1817 1475 865 1744 2051 1009 2171 1304 1884 2944 1033 365 780 975 1619 1046 1140 945 491 283 1675 1180 685 2182 863 420 90 1799 1324 3074 949 1250 1826 548 1938 1013 310 379 313 511 946 1515 1538 1878 251 1838 1200 3229 1009 1832 842 3373 345 533 1176
2148 653 131 1501 1900 269 304 1560 880 465 451 748 841 1467 882 1425 367 1796 0 1854 1548 1698 1929 1876 706 1773 1368 1855 1770 366 787 1638 548 601 1553 726 2015 433 1494 1779 1647 1787 1361 840 1713 1564 1038 1993 1720 764 1566 1805 732 1591 2001 1795 65 689 1624 1335 1960 287 2128 487 1811 1519 1625 1893 2091 1734 780 803 428 1689 388 1586 1780 1797 201 1816 1924 1926 2114 1562
527 1302 1790 727 735 1786 1821 845 1720 1867 1968 1280 1642 803 2399 667 1884 568 1854 0 975 464 500 416 2224 250 656 123 731 1883 1542 419 1811 2118 563 2238 859 1950 3011 587 882 334 663 1686 601 695 981 261 800 1742 843 240 2249 418 301 607 1866 1391 3141 773 804 1893 445 2004 568 827 897 433 580 500 1582 1605 1945 769 1905 811 3295 564 1899 397 3440 433 603 757
1435 995 1483 254 868 1479 1515 279 1414 1560 1661 973 1335 371 2092 578 1577 1140 1548 948 0 666 1274 1221 1917 740 398 949 1114 1577 1235 605 1504 1811 520 1932 982 1644 2704 746 991 754 404 1379 680 606 574 1086 1064 1435 276 773 1942 559 1209 1139 1559 1084 2835 501 928 1586 1352 1698 779 863 970 1238 1425 701 1275 1298 1638 1033 1598 245 2989 765 1592 784 3133 1259 1447 669
951 1146 1634 445 389 1630 1665 562 1564 1711 1812 1124 1485 520 2243 385 1728 910 1698 464 692 0 843 758 2067 257 374 465 1073 1727 1385 95 1655 1961 175 2082 503 1794 2855 234 1172 271 380 1530 202 413 699 603 1142 1586 560 289 2092 140 725 949 1710 1235 2985 490 449 1737 868 1848 184 1044 1150 775 941 71 1426 1449 1789 1111 1749 529 3139 134 1742 300 3283 775 963 475
500 1369 1857 1105 1113 1853 1888 1223 1787 1934 2035 1347 1709 1181 2466 1045 1951 197 1921 500 1266 843 0 197 2290 628 1035 405 360 1950 1609 797 1878 2184 942 2305 1237 2017 3078 966 456 713 1041 1753 979 1073 1078 424 429 1809 1221 618 2316 796 353 236 1933 1458 3208 1082 1182 1960 480 2071 946 444 470 245 443 879 1649 1672 2012 342 1972 1189 3362 942 1965 775 3507 277 466 1136
416 1324 1812 1021 1029 1808 1843 1139 1742 1889 1990 1302 1664 1096 2421 961 1906 265 1876 416 1221 758 197 0 2245 544 950 321 428 1905 1564 713 1833 2139 857 2260 1153 1972 3033 881 543 628 956 1708 894 989 1033 339 497 1764 1137 534 2271 712 268 304 1888 1413 3163 1037 1098 1915 396 2026 862 524 557 161 359 794 1604 1627 1967 429 1927 1105 3317 857 1920 691 3462 193 381 1051
2518 1023 642 1871 2269 477 449 1929 1436 1021 522 1117 1397 1836 953 1794 634 2165 706 2224 1917 2067 2298 2245 0 2142 1737 2225 2139 379 1343 2007 1104 277 1922 101 2384 505 1565 2148 2016 2156 1730 1396 2082 1933 1407 2362 2089 1321 1935 2174 803 1961 2370 2164 718 1058 1695 1704 2329 934 2498 291 2180 1888 1995 2263 2461 2103 1336 1359 499 2058 655 1955 2336 2166 850 2186 2480 2295 2483 1931
736 1220 1708 519 580 1704 1740 637 1639 1785 1886 1198 1560 595 2317 459 1803 695 1773 250 767 257 628 544 2142 0 448 251 859 1802 1460 211 1729 2036 356 2157 694 1869 2929 456 1010 127 455 1604 393 487 774 388 928 1660 635 74 2167 210 510 734 1784 1309 3060 565 640 1811 654 1923 406 932 1024 561 726 292 1500 1523 1863 896 1823 603 3214 356 1817 189 3358 561 749 550
1143 815 1303 177 576 1300 1335 295 1234 1381 1482 793 1155 253 1913 251 1398 990 1368 656 425 374 1035 950 1737 448 0 657 964 1397 1055 314 1325 1631 228 1752 691 1464 2525 455 841 463 96 1199 389 314 369 795 915 1256 293 481 1762 267 917 989 1380 905 2655 160 636 1407 1060 1518 487 713 820 967 1133 410 1096 1119 1459 884 1419 261 2809 473 1412 492 2953 967 1155 377
560 1303 1791 728 736 1787 1822 846 1721 1868 1969 1281 1643 804 2400 668 1885 472 1855 123 976 465 405 321 2225 251 657 0 636 1884 1543 420 1812 2119 565 2239 860 1952 3012 588 787 335 664 1687 602 696 983 165 705 1743 844 241 2250 419 289 512 1867 1392 3142 774 805 1894 433 2006 569 732 801 338 503 501 1583 1606 1946 673 1906 812 3296 565 1900 398 3441 338 526 759
731 1218 1706 1098 1344 1702 1737 1157 1636 1783 1884 1196 1558 1064 2315 1022 1800 214 1770 731 1115 1073 360 428 2140 859 965 636 0 1799 1458 1028 1727 2034 1150 2154 1468 1866 2927 1196 470 943 958 1602 1210 1161 927 654 96 1658 1163 849 2165 1027 584 158 1782 1307 3057 932 1413 1809 711 1920 1177 305 448 476 674 1109 1498 1521 1861 375 1821 1183 3211 1173 1815 1006 3356 508 696 1159
2177 682 302 1530 1929 196 191 1589 1095 681 264 777 1057 1496 695 1454 294 1825 366 1883 1577 1727 1958 1905 379 1802 1397 1884 1799 0 1003 1667 764 274 1582 399 2044 246 1307 1808 1676 1816 1390 1056 1742 1593 1067 2022 1749 980 1595 1834 545 1620 2030 1824 378 718 1437 1363 1989 593 2157 160 1840 1548 1654 1922 2120 1763 996 1019 241 1718 315 1614 1996 1826 510 1845 2140 1954 2143 1591
1836 584 768 1189 1588 906 941 1247 369 358 1088 562 243 1154 1519 1113 1004 1483 787 1542 1235 1385 1617 1564 1343 1460 1055 1543 1457 1003 0 1325 302 1237 1240 1362 1702 1070 2131 1466 1334 1474 1049 177 1400 1251 725 1680 1407 233 1253 1493 1369 1279 1688 1482 799 673 2261 1022 1647 627 1816 1124 1499 1206 1313 1581 1779 1421 74 97 1065 1376 1025 1273 2002 1485 632 1504 2146 1613 1801 1250
906 1085 1573 384 419 1569 1605 502 1504 1650 1752 1063 1425 460 2182 324 1668 865 1638 419 632 95 797 713 2007 211 314 420 1028 1667 1325 0 1594 1901 205 2022 533 1734 2794 295 1111 226 320 1469 232 352 639 558 1097 1525 500 244 2032 75 680 904 1649 1174 2925 430 479 1676 823 1788 245 983 1090 730 896 131 1366 1389 1728 1066 1688 468 3079 195 1682 255 3223 730 918 415
2105 854 529 1458 1857 667 702 1516 571 268 849 832 467 1423 1280 1382 765 1752 548 1811 1504 1655 1886 1833 1104 1729 1325 1812 1726 764 302 1594 0 998 1509 1123 1971 831 1892 1735 1604 1743 1318 398 1670 1521 994 1949 1677 307 1522 1762 1129 1548 1957 1751 560 898 2022 1291 1917 387 2085 885 1768 1475 1582 1850 2048 1691 295 318 826 1646 786 1542 1763 1754 393 1773 1907 1882 2070 1519
2412 917 536 1765 2164 371 343 1823 1330 916 417 1011 1291 1730 847 1689 529 2059 601 2118 1811 1961 2192 2139 277 2036 1631 2119 2033 274 1237 1901 998 0 1816 296 2278 399 1459 2042 1910 2050 1625 1290 1976 1827 1301 2256 1983 1215 1829 2068 697 1855 2264 2058 612 952 1590 1598 2223 828 2392 185 2075 1782 1889 2157 2355 1997 1230 1253 393 1952 549 1849 2230 2060 744 2080 2374 2189 2377 1825
1050 1000 1488 299 377 1484 1520 417 1419 1565 1667 978 1340 375 2097 239 1583 1009 1553 563 547 175 942 857 1922 356 228 565 1149 1582 1240 205 1509 1816 0 1937 492 1649 2709 256 1026 370 235 1384 190 267 554 702 1099 1440 415 388 1947 174 824 1048 1564 1089 2840 345 437 1591 967 1703 288 898 1005 874 1040 211 1281 1303 1643 1068 1603 383 2994 274 1597 399 3138 874 1062 330
2532 1037 661 1885 2284 496 468 1944 1455 1041 541 1132 1416 1851 972 1809 654 2180 726 2238 1932 2082 2313 2260 101 2157 1752 2239 2154 399 1362 2022 1123 296 1937 0 2399 524 1584 2163 2031 2171 1745 1415 2097 1948 1422 2377 2104 1340 1950 2189 822 1975 2385 2179 737 1072 1714 1718 2344 953 2512 310 2195 1903 2009 2277 2475 2118 1355 1378 518 2073 674 1969 2355 2181 869 2200 2499 2309 2498 1946
1345 1462 1950 761 263 1946 1982 879 1881 2027 2129 1440 1802 837 2559 701 2045 1304 2015 859 1009 503 1237 1153 2384 694 691 860 1468 2044 1702 533 1971 2278 492 2399 0 2111 3171 314 1488 709 697 1846 380 729 1016 997 1537 1902 877 717 2409 578 1119 1344 2026 1551 3302 807 82 2053 1263 2165 346 1360 1467 1170 1335 468 1743 1766 2105 1505 2065 845 3456 407 2059 738 3600 1170 1358 792
2245 749 369 1597 1996 204 176 1656 1163 748 185 844 1124 1563 616 1521 361 1892 433 1950 1644 1794 2025 1972 505 1869 1464 1952 1866 246 1070 1734 831 399 1649 524 2111 0 1227 1875 1743 1883 1457 1123 1809 1660 1134 2089 1816 1047 1662 1901 465 1688 2097 1891 445 785 1358 1431 2056 660 2224 285 1907 1615 1721 1989 2187 1830 1063 1086 50 1785 382 1682 2063 1893 577 1912 2207 2022 2210 1658
3305 1810 1429 2658 3057 1264 1236 2716 2223 1809 1111 1905 2185 2623 1464 2582 1422 2952 1494 3011 2704 2855 3086 3033 1565 2929 2525 3012 2926 1307 2131 2794 1892 1459 2709 1584 3171 1227 0 2935 2804 2943 2518 2183 2870 2721 2194 3149 2877 2108 2722 2962 1314 2748 3157 2951 1506 1845 174 2491 3117 1721 3285 1346 2968 2675 2782 3050 3248 2891 2123 2146 1222 2846 1443 2742 1976 2954 1637 2973 2013 3082 3270 2719
1074 1226 1714 525 200 1710 1746 643 1645 1791 1893 1204 1566 601 2323 465 1809 1033 1779 587 773 234 966 881 2148 456 455 588 1196 1808 1466 295 1735 2042 256 2163 314 1875 2935 0 1252 470 461 1610 161 493 780 726 1265 1666 641 446 2173 339 848 1072 1790 1315 3066 571 259 1817 991 1929 75 1124 1231 898 1064 197 1507 1530 1869 1234 1829 610 3220 136 1823 500 3364 898 1086 556
882 1086 1574 967 1366 1571 1606 1025 1505 1652 1753 1064 1426 932 2184 891 1669 365 1639 882 983 1164 456 543 2008 1010 833 787 470 1668 1326 1103 1595 1902 1018 2023 1480 1735 2795 1244 0 1094 827 1470 1178 1030 796 805 420 1527 1031 1000 2033 1057 735 364 1651 1176 2926 800 1426 1678 862 1789 1277 208 87 627 825 1199 1367 1390 1730 148 1689 1051 3080 1263 1683 1157 3224 659 847 1028
821 1234 1722 533 594 1718 1754 651 1653 1799 1901 1212 1574 609 2331 473 1817 780 1787 334 781 271 713 628 2156 127 463 335 943 1816 1474 226 1743 2050 370 2171 709 1883 2943 470 1094 0 469 1618 407 501 788 473 1012 1674 649 159 2181 224 595 819 1798 1323 3074 579 654 1825 738 1937 420 1017 1109 645 811 307 1515 1538 1878 981 1837 618 3228 370 1831 92 3372 645 833 564
1149 809 1297 183 582 1293 1328 301 1227 1374 1475 787 1149 259 1906 244 1391 983 1361 663 431 380 1041 956 1730 455 96 664 958 1390 1049 320 1318 1625 235 1745 697 1457 2518 461 835 469 0 1193 395 321 362 801 908 1249 299 487 1756 274 923 982 1373 898 2648 154 642 1400 1066 1511 493 707 813 974 1139 416 1089 1112 1452 877 1412 268 2802 479 1405 498 2947 973 1161 381
1980 728 820 1333 1732 958 994 1391 236 454 1140 707 108 1298 1571 1257 1056 1627 840 1686 1379 1530 1761 1708 1396 1604 1199 1687 1601 1056 177 1469 398 1290 1384 1415 1846 1123 2183 1610 1478 1618 1193 0 1544 1396 869 1824 1552 252 1397 1637 1421 1423 1832 1626 851 818 2314 1166 1791 679 1960 1177 1643 1350 1457 1725 1923 1565 137 114 1117 1521 1077 1417 2054 1629 684 1648 2198 1757 1945 1394
1087 1160 1648 460 283 1645 1680 577 1579 1726 1827 1138 1500 535 2258 399 1743 1046 1713 601 707 202 979 894 2082 393 389 602 1210 1742 1400 232 1670 1976 190 2097 380 1809 2870 161 1186 407 395 1544 0 428 714 739 1260 1601 575 425 2107 276 861 1085 1725 1250 3000 505 325 1752 1004 1863 194 1058 1165 912 1077 237 1441 1464 1804 1229 1763 544 3154 255 1757 436 3298 911 1099 490
1182 1012 1500 385 615 1496 1531 503 1430 1577 1678 990 1351 461 2109 198 1594 1140 1564 695 633 413 1073 989 1933 487 314 696 1160 1593 1251 352 1521 1827 267 1948 729 1660 2721 493 1038 501 321 1396 428 0 565 833 1111 1452 501 520 1958 306 956 1180 1576 1101 2851 357 675 1603 1099 1714 526 910 1016 1006 1172 449 1292 1315 1655 1080 1615 469 3005 512 1608 531 3149 1006 1194 91
1306 485 973 502 901 969 1005 561 904 1050 1151 463 825 468 1582 426 1068 953 1038 981 574 699 1086 1033 1407 774 369 983 927 1067 725 639 994 1301 554 1422 1016 1134 2194 780 804 788 362 869 714 565 0 1120 877 925 567 806 1432 592 1158 952 1049 574 2325 336 961 1076 1285 1188 812 676 782 1050 1249 735 766 788 1128 846 1088 586 2479 798 1082 817 2623 1083 1271 563
459 1440 1928 865 873 1924 1960 983 1859 2005 2107 1418 1780 941 2537 805 2023 491 1993 261 1113 603 424 339 2362 388 795 165 654 2022 1680 558 1949 2256 702 2377 997 2089 3149 726 805 473 801 1824 739 833 1120 0 723 1880 981 378 2387 556 170 530 2004 1529 3280 911 942 2031 314 2143 706 751 820 356 450 639 1721 1744 2084 692 2043 950 3434 702 2037 535 3578 318 472 896
800 1168 1656 1049 1413 1652 1688 1107 1587 1733 1835 1146 1508 1014 2265 973 1751 283 1721 800 1065 1142 429 497 2090 928 915 705 96 1750 1408 1097 1677 1984 1100 2105 1537 1817 2877 1265 420 1012 908 1552 1260 1111 878 723 0 1608 1113 918 2115 1096 652 227 1732 1257 3008 882 1482 1759 780 1871 1246 255 398 545 743 1178 1449 1471 1811 425 1771 1133 3162 1241 1765 1075 3306 577 765 1109
2036 785 745 1389 1788 883 918 1448 292 363 1065 763 253 1354 1496 1313 981 1683 764 1742 1435 1586 1817 1764 1321 1660 1256 1743 1657 980 233 1525 307 1215 1440 1340 1902 1047 2108 1666 1535 1674 1249 252 1601 1452 925 1880 1608 0 1453 1693 1346 1479 1888 1682 776 874 2238 1222 1848 604 2016 1101 1699 1407 1513 1781 1979 1622 226 249 1042 1577 1002 1473 1979 1685 609 1704 2123 1813 2001 1450
1329 1013 1501 149 763 1497 1533 82 1432 1578 1680 991 1353 133 2110 449 1596 1188 1566 843 303 560 1221 1137 1935 635 293 844 1162 1595 1253 500 1522 1829 415 1950 877 1662 2722 641 1039 649 299 1397 575 501 567 981 1112 1453 0 667 1960 454 1103 1187 1577 1102 2853 263 822 1604 1247 1716 673 911 1018 1154 1319 596 1294 1317 1656 1081 1616 82 3007 659 1610 679 3151 1153 1341 563
726 1253 1741 552 594 1737 1772 670 1671 1818 1919 1231 1593 627 2350 492 1835 685 1805 240 799 289 618 534 2174 74 481 241 849 1834 1493 244 1762 2068 388 2189 717 1901 2962 446 1000 159 487 1637 425 520 806 378 918 1693 667 0 2200 242 500 724 1817 1342 3092 598 663 1844 644 1955 427 922 1014 551 716 325 1533 1556 1896 886 1856 636 3246 388 1849 222 3391 550 739 582
2543 1048 667 1896 2295 502 474 1954 1461 1047 348 1142 1422 1861 318 1820 660 2190 732 2249 1942 2092 2324 2271 803 2167 1762 2250 2164 545 1369 2032 1129 697 1947 822 2409 465 1314 2173 2041 2181 1756 1421 2107 1958 1432 2387 2114 1346 1960 2200 0 1986 2395 2189 743 1083 1444 1729 2354 959 2523 584 2206 1913 2020 2288 2486 2128 1361 1384 460 2083 680 1980 2361 2192 875 2211 2506 2320 2508 1956
904 1039 1527 338 463 1523 1558 456 1458 1604 1705 1017 1379 414 2136 278 1621 863 1591 418 586 140 796 712 1961 210 267 419 1027 1620 1279 75 1548 1855 174 1975 578 1688 2748 339 1065 224 274 1423 276 306 592 556 1096 1479 454 242 1986 0 678 903 1603 1128 2878 384 523 1630 822 1742 289 937 1044 729 894 176 1319 1342 1682 1064 1642 422 3033 239 1636 254 3177 729 917 369
428 1448 1936 988 995 1932 1968 1106 1867 2014 2115 1426 1788 1063 2545 928 2031 420 2001 301 1235 725 353 268 2370 510 917 289 584 2030 1688 680 1957 2264 824 2385 1119 2097 3157 848 735 595 923 1832 861 956 1158 170 652 1888 1103 500 2395 678 0 459 2012 1538 3288 1034 1065 2039 283 2151 828 680 749 286 413 761 1729 1752 2092 621 2051 1072 3442 824 2045 658 3586 247 435 1018
607 1234 1722 1115 1220 1718 1754 1173 1653 1799 1901 1212 1574 1080 2331 1039 1817 90 1787 607 1131 949 236 304 2156 734 981 512 158 1816 1474 904 1743 2050 1048 2171 1344 1883 2943 1072 364 819 974 1618 1085 1177 944 530 227 1674 1179 724 2181 903 459 0 1798 1323 3074 948 1289 1825 587 1937 1053 309 378 352 550 985 1515 1537 1877 250 1837 1199 3228 1048 1831 882 3372 384 572 1175
2160 665 143 1513 1912 281 316 1571 891 477 463 760 853 1478 894 1437 379 1807 65 1866 1559 1710 1941 1888 718 1784 1380 1867 1781 378 799 1649 560 612 1564 737 2026 445 1506 1790 1659 1798 1373 851 1725 1576 1049 2004 1732 776 1577 1817 743 1603 2012 1806 0 700 1636 1346 1972 299 2140 499 1823 1531 1637 1905 2103 1746 791 814 440 1701 400 1597 1791 1809 212 1828 1936 1937 2125 1574
1685 124 624 1038 1437 620 656 1097 852 815 802 142 773 1003 1233 962 718 1332 689 1391 1084 1235 1466 1413 1058 1309 905 1392 1306 718 673 1174 898 952 1089 1072 1551 785 1845 1315 1184 1323 898 818 1250 1101 574 1529 1257 874 1102 1342 1083 1128 1538 1331 700 0 1975 871 1497 727 1665 839 1348 1056 1162 1430 1628 1271 714 737 779 1226 739 1122 2130 1334 733 1353 2274 1462 1650 1099
3435 1940 1560 2788 3187 1395 1367 2847 2353 1939 1241 2035 2315 2754 1595 2712 1552 3083 1624 3141 2835 2985 3216 3163 1695 3060 2655 3142 3057 1437 2261 2925 2022 1590 2840 1714 3302 1358 174 3066 2934 3074 2648 2314 3000 2851 2325 3280 3007 2238 2853 3092 1444 2878 3288 3082 1636 1975 0 2621 3247 1851 3415 1476 3098 2806 2912 3180 3378 3021 2254 2277 1353 2976 1573 2872 2106 3084 1768 3103 2143 3212 3401 2849
1259 782 1270 280 693 1266 1301 257 1201 1347 1448 760 1122 164 1879 218 1364 957 1335 773 528 490 1090 1037 1704 565 160 774 931 1363 1022 430 1291 1598 345 1718 807 1431 2491 571 808 579 154 1166 505 357 336 911 881 1222 263 598 1729 384 1034 956 1346 871 2621 0 752 1373 1177 1485 604 680 787 1055 1250 526 1062 1085 1425 850 1385 288 2776 590 1379 609 2920 1084 1272 355
1291 1407 1896 707 222 1892 1927 824 1826 1973 2074 1386 1747 782 2505 647 1990 1250 1960 804 954 449 1182 1098 2329 640 636 805 1413 1989 1647 479 1917 2223 437 2344 82 2056 3117 259 1434 654 642 1791 325 675 961 942 1482 1848 822 663 2354 523 1065 1289 1972 1497 3247 752 0 1999 1208 2110 292 1306 1412 1115 1281 413 1688 1711 2051 1450 2011 791 3401 352 2004 684 3545 1115 1303 737
2187 692 358 1540 1939 496 531 1599 719 305 678 787 680 1505 1109 1464 594 1834 287 1893 1586 1737 1968 1915 934 1811 1407 1894 1808 593 627 1676 387 828 1591 953 2053 660 1721 1817 1686 1825 1400 679 1752 1603 1076 2031 1759 604 1604 1844 959 1630 2039 1833 299 727 1851 1373 1999 0 2167 714 1850 1558 1664 1932 2130 1773 619 642 655 1728 615 1624 1619 1836 132 1855 1764 1964 2152 1601
171 1576 2064 1131 1139 2060 2095 1249 1994 2141 2242 1554 1916 1206 2673 1071 2158 548 2128 445 1379 868 480 396 2498 654 1060 433 711 2157 1816 823 2085 2392 967 2512 1263 2224 3285 991 862 738 1066 1960 1004 1099 1285 314 780 2016 1247 644 2523 822 283 587 2140 1665 3415 1177 1208 2167 0 2278 972 807 876 413 203 904 1856 1879 2219 748 2179 1215 3569 967 2173 801 3714 241 225 1161
2298 803 423 1651 2050 258 230 1710 1217 802 303 898 1178 1617 734 1575 415 1946 487 2004 1698 1848 2079 2026 291 1923 1518 2006 1920 160 1124 1788 885 185 1703 310 2165 285 1346 1929 1797 1937 1511 1177 1863 1714 1188 2143 1870 1101 1716 1955 584 1742 2151 1945 499 839 1476 1485 2110 714 2278 0 1961 1669 1775 2043 2241 1884 1117 1140 280 1839 436 1736 2117 1947 631 1966 2261 2076 2264 1712
1054 1259 1747 558 232 1743 1778 676 1677 1824 1925 1237 1599 633 2356 498 1841 1013 1811 568 806 184 946 862 2180 406 487 569 1177 1840 1499 245 1768 2075 288 2195 346 1907 2968 75 1285 420 493 1643 194 526 812 706 1246 1699 673 427 2206 289 828 1053 1823 1348 3098 604 292 1850 972 1961 0 1157 1263 879 1044 147 1539 1562 1902 1214 1862 642 3252 86 1855 450 3397 879 1067 588
827 958 1446 839 1238 1443 1478 897 1377 1524 1625 936 1298 804 2056 763 1541 310 1511 827 855 1036 444 524 1880 924 705 732 305 1540 1198 975 1467 1774 890 1895 1352 1607 2667 1116 208 1009 699 1342 1050 902 668 751 255 1399 903 914 1905 929 680 309 1522 1048 2798 672 1297 1550 807 1661 1149 0 187 572 770 1071 1239 1262 1602 203 1561 923 2952 1135 1555 1072 3096 604 792 900
896 1065 1553 945 1344 1549 1584 1004 1483 1630 1731 1043 1405 911 2162 869 1647 379 1617 897 962 1142 470 557 1986 1024 812 801 448 1646 1305 1082 1574 1881 997 2001 1459 1713 2774 1223 87 1109 805 1449 1157 1008 774 820 398 1505 1010 1014 2012 1035 749 378 1629 1154 2904 779 1404 1656 876 1767 1255 187 0 641 839 1178 1345 1368 1708 162 1668 1029 3058 1241 1662 1171 3203 674 862 1006
433 1341 1829 1038 1046 1825 1860 1156 1759 1906 2007 1319 1681 1114 2438 978 1923 313 1893 433 1238 775 245 161 2263 561 967 338 476 1922 1581 730 1850 2157 874 2277 1170 1989 3050 898 627 645 974 1725 912 1006 1050 356 545 1781 1154 551 2288 729 286 352 1905 1430 3180 1055 1115 1932 413 2043 879 572 641 0 376 811 1621 1644 1984 513 1944 1122 3334 875 1938 708 3479 210 398 1069
223 1539 2027 1204 1211 2023 2058 1321 1957 2104 2205 1517 1879 1279 2636 1144 2121 511 2091 580 1436 941 443 359 2461 726 1133 503 674 2120 1779 896 2048 2355 1040 2475 1335 2187 3248 1064 825 811 1139 1923 1077 1172 1249 450 743 1979 1319 716 2486 894 413 550 2103 1628 3378 1250 1281 2130 203 2241 1044 770 839 376 0 977 1819 1842 2182 711 2142 1288 3532 1040 2136 874 3677 204 43 1234
987 1181 1669 481 354 1666 1701 598 1600 1747 1848 1160 1521 556 2279 421 1764 946 1734 500 728 71 879 794 2103 292 410 501 1109 1763 1421 131 1691 1997 211 2118 468 1830 2891 197 1208 307 416 1565 237 449 735 639 1178 1622 596 325 2128 176 761 985 1746 1271 3021 526 413 1773 904 1884 147 1079 1186 811 977 0 1462 1485 1825 1147 1785 565 3175 96 1778 336 3319 811 999 511
1876 625 760 1229 1628 898 934 1288 334 351 1081 603 206 1195 1511 1153 997 1523 780 1582 1275 1426 1657 1604 1336 1500 1096 1583 1498 996 74 1366 295 1230 1281 1355 1743 1063 2123 1507 1375 1515 1089 137 1441 1292 766 1721 1448 226 1294 1533 1361 1319 1729 1523 791 714 2254 1062 1688 619 1856 1117 1539 1247 1353 1621 1819 1462 0 89 1057 1417 1017 1313 1994 1525 625 1544 2138 1653 1841 1290
1899 648 783 1252 1651 921 957 1311 311 374 1103 626 183 1218 1534 1176 1020 1546 803 1605 1298 1449 1680 1627 1359 1523 1119 1606 1521 1019 97 1389 318 1253 1303 1378 1766 1086 2146 1530 1398 1538 1112 114 1464 1315 788 1744 1471 249 1317 1556 1384 1342 1752 1545 814 737 2277 1085 1711 642 1879 1140 1562 1270 1376 1644 1842 1485 89 0 1080 1440 1040 1336 2017 1548 648 1567 2161 1676 1864 1313
2239 744 364 1592 1991 199 171 1651 1157 743 179 839 1119 1558 610 1516 356 1886 428 1945 1638 1789 2020 1967 499 1863 1459 1946 1861 241 1065 1728 826 393 1643 518 2105 50 1222 1869 1738 1878 1452 1117 1804 1655 1128 2084 1811 1042 1656 1896 460 1682 2092 1885 440 779 1353 1425 2051 655 2219 280 1902 1610 1716 1984 2182 1825 1057 1080 0 1780 377 1676 2058 1888 571 1907 2202 2016 2204 1653
768 1128 1616 1009 1381 1613 1648 1067 1547 1694 1795 1107 1468 974 2226 933 1711 251 1681 769 1025 1111 342 429 2050 896 876 673 375 1710 1368 1066 1638 1944 1060 2065 1505 1777 2838 1234 148 981 869 1512 1221 1072 838 692 425 1569 1073 886 2075 1064 621 250 1693 1218 2968 842 1450 1720 748 1831 1214 203 162 513 711 1147 1409 1432 1772 0 1732 1093 3122 1210 1725 1043 3266 546 734 1070
2199 704 323 1552 1951 218 253 1610 1117 703 400 799 1079 1517 831 1476 72 1846 388 1905 1598 1749 1980 1927 655 1823 1419 1906 1820 315 1025 1688 786 549 1603 674 2065 382 1443 1829 1697 1837 1412 1077 1763 1615 1088 2043 1771 1002 1616 1856 680 1642 2051 1845 400 739 1573 1385 2011 615 2179 436 1862 1569 1676 1944 2142 1785 1017 1040 377 1740 0 1636 2017 1848 531 1867 2162 1976 2164 1613
1298 1033 1521 117 731 1517 1552 85 1452 1598 1699 1011 1373 158 2130 441 1615 1208 1586 811 272 529 1189 1105 1955 603 261 812 1182 1614 1273 468 1542 1849 383 1969 845 1682 2742 610 1059 618 268 1417 544 469 586 950 1132 1473 82 636 1980 422 1072 1207 1597 1122 2872 288 791 1624 1215 1736 642 931 1038 1122 1288 565 1313 1336 1676 1101 1636 0 3027 628 1630 647 3171 1122 1310 532
3589 2094 1760 2942 3341 1898 1934 3001 2094 1680 2081 2189 2055 2908 2511 2866 1997 3237 1780 3295 2989 3139 3370 3317 2336 3214 2809 3296 3211 1996 2002 3079 1763 2230 2994 2355 3456 2063 1922 3220 3088 3228 2802 2054 3154 3005 2479 3434 3161 1979 3007 3246 2361 3033 3442 3236 1791 2130 2052 2776 3401 1619 3569 2117 3252 2960 3066 3334 3532 3175 1994 2017 2058 3130 2017 3027 0 3238 1625 3257 157 3367 3555 3003
1050 1245 1733 544 293 1729 1764 662 1663 1810 1911 1223 1585 619 2342 484 1827 1009 1797 564 791 134 942 857 2166 356 473 565 1173 1826 1485 195 1754 2060 274 2181 407 1893 2954 136 1271 370 479 1629 255 512 798 702 1241 1685 659 388 2192 239 824 1048 1809 1334 3084 590 352 1836 967 1947 86 1143 1249 875 1040 96 1525 1548 1888 1210 1848 628 3238 0 1841 399 3383 874 1062 574
2193 698 274 1546 1945 412 448 1604 724 310 595 792 686 1511 1025 1470 511 1840 201 1899 1592 1742 1973 1920 850 1817 1412 1900 1814 510 632 1682 393 744 1597 869 2059 577 1637 1823 1691 1831 1405 684 1757 1608 1082 2037 1764 609 1610 1849 875 1636 2045 1839 212 733 1768 1379 2004 132 2173 631 1855 1563 1670 1938 2136 1778 625 648 571 1733 531 1630 1625 1841 0 1861 1769 1970 2158 1606
884 1264 1752 563 624 1748 1783 681 1682 1829 1930 1242 1604 638 2361 503 1846 842 1816 397 811 300 775 691 2186 189 492 398 1006 1845 1504 255 1773 2080 399 2200 738 1912 2973 500 1157 92 498 1648 436 531 817 535 1075 1704 679 222 2211 254 658 882 1828 1353 3103 609 684 1855 801 1966 450 1080 1171 708 874 336 1544 1567 1907 1043 1867 647 3257 399 1861 0 3402 708 896 593
3734 2239 1905 3087 3486 2043 2078 3145 2238 1824 2225 2333 2200 3052 2656 3011 2141 3381 1924 3440 3133 3283 3515 3462 2480 3358 2953 3441 3355 2140 2146 3223 1907 2374 3138 2499 3600 2207 1959 3364 3232 3372 2947 2198 3298 3149 2623 3578 3305 2123 3151 3391 2506 3177 3586 3380 1936 2274 2089 2920 3545 1764 3714 2261 3397 3104 3211 3479 3677 3319 2138 2161 2202 3274 2162 3171 157 3383 1769 3402 0 3511 3699 3147
261 1373 1861 1038 1046 1857 1892 1156 1792 1938 2039 1351 1713 1113 2470 978 1955 345 1926 433 1270 775 277 193 2295 561 967 338 508 1954 1613 730 1882 2189 874 2309 1170 2022 3082 898 659 645 973 1757 911 1006 1083 318 577 1813 1153 550 2320 729 247 384 1937 1462 3212 1084 1115 1964 241 2076 879 604 674 210 204 811 1653 1676 2016 546 1976 1122 3367 874 1970 708 3511 0 226 1068
245 1561 2049 1226 1234 2045 2081 1344 1980 2126 2227 1539 1901 1301 2658 1166 2144 533 2114 603 1458 963 466 381 2483 749 1155 526 696 2143 1801 918 2070 2377 1062 2498 1358 2210 3270 1086 847 833 1161 1945 1099 1194 1271 472 765 2001 1341 739 2508 917 435 572 2125 1650 3401 1272 1303 2152 225 2264 1067 792 862 398 43 999 1841 1864 2204 734 2164 1310 3555 1062 2158 896 3699 226 0 1256
1244 1010 1498 448 677 1494 1529 565 1428 1575 1676 988 1349 487 2107 260 1592 1184 1562 757 695 475 1136 1051 1931 550 377 759 1159 1591 1250 415 1519 1825 330 1946 792 1658 2719 556 1036 564 381 1394 490 91 563 896 1109 1450 563 582 1956 369 1018 1183 1574 1099 2849 355 737 1601 1161 1712 588 908 1014 1069 1234 511 1290 1313 1653 1078 1613 532 3003 574 1606 593 3147 1068 1256 0
EOF