NAME : tsp_problem
TYPE : TSP
DIMENSION : 50
EDGE_WEIGHT_TYPE : EXPLICIT
EDGE_WEIGHT_FORMAT : FULL_MATRIX
EDGE_WEIGHT_SECTION
0 483 1370 843 560 1879 178 1059 1013 2068 1658 2247 350 1720 440 1237 2242 1733 1817 2237 1992 1941 892 1794 1481 282 1548 466 1793 297 1773 521 364 588 514 1864 350 1566 555 2258 1711 1757 1049 1303 1925 391 1809 1044 1332 540
483 0 1554 1026 437 2063 413 1213 1007 2252 1842 2431 332 1904 815 989 2426 1916 2000 2421 2176 2125 1046 1978 1665 317 1731 448 1976 701 1956 399 314 277 392 2048 584 1749 433 2442 1894 1941 738 993 2109 303 1993 734 1021 553
1378 1554 0 751 1652 677 1445 550 780 866 456 1045 1442 875 1109 1116 1040 888 943 1035 790 739 681 845 636 1426 703 1558 590 1267 570 1613 1456 1311 1606 662 1335 721 1647 1056 508 555 1328 1481 723 1483 606 1344 1510 1564
851 1026 751 0 1124 1260 918 393 347 1449 1039 1628 914 1101 581 496 1623 1114 1198 1618 1374 1322 226 1175 863 899 929 1030 1174 739 1154 1085 928 784 1078 1246 807 947 1119 1639 1092 1138 783 936 1306 955 1190 799 965 1037
560 437 1652 1124 0 2160 489 1340 1294 2349 1939 2528 409 2001 891 1326 2523 2014 2098 2518 2274 2222 1173 2075 1763 393 1829 525 2074 777 2054 109 391 615 81 2146 660 1847 27 2540 1992 2038 1075 1330 2206 242 2090 1071 1358 630
1887 2063 677 1260 2160 0 1954 1059 1289 518 274 697 1950 998 1618 1625 692 1012 885 691 155 130 1190 787 1145 1935 1156 2066 242 1776 324 2122 1964 1820 2114 541 1843 1019 2156 708 262 387 1837 1990 477 1992 259 1852 2018 2073
178 413 1437 910 489 1946 0 1126 1080 2135 1725 2314 280 1787 507 1230 2309 1799 1884 2304 2059 2008 959 1861 1548 133 1614 396 1859 364 1839 451 294 518 444 1931 348 1632 485 2325 1777 1824 978 1233 1992 321 1876 974 1262 399
1067 1213 550 393 1340 1059 1134 0 313 1248 838 1427 1131 900 798 649 1422 912 996 1417 1172 1121 214 974 661 1115 727 1247 972 956 952 1302 1145 970 1295 1044 1023 745 1336 1438 890 937 861 1014 1105 1172 989 876 1042 1253
1021 1007 780 347 1294 1289 1088 313 0 1478 1068 1657 1085 1130 752 443 1652 1143 1227 1647 1402 1351 196 1204 891 1069 958 1201 1203 910 1183 1256 985 764 1249 1274 977 976 1290 1668 1121 1167 655 808 1335 1126 1219 670 837 1207
2076 2252 866 1449 2349 518 2143 1248 1478 0 463 690 2140 1187 1807 1814 685 1202 1074 289 631 580 1379 976 1334 2124 1345 2256 327 1965 513 2311 2154 2009 2304 730 2032 1208 2345 701 451 576 2026 2179 666 2181 300 2041 2208 2262
1666 1842 456 1039 1939 274 1733 838 1068 463 0 642 1730 777 1397 1404 637 791 664 636 387 336 969 566 924 1714 935 1845 188 1555 168 1901 1743 1599 1893 384 1622 798 1935 653 106 230 1616 1769 320 1771 204 1631 1797 1852
2255 2431 1045 1628 2528 697 2322 1427 1657 690 642 0 2319 1366 1986 1993 204 1380 1253 863 810 759 1558 1155 1513 2303 1524 2434 506 2144 692 2490 2333 2188 2482 909 2211 1387 2524 604 630 755 2205 2358 845 2360 479 2220 2386 2441
350 332 1442 914 409 1950 280 1131 1085 2140 1730 2319 0 1791 682 1149 2314 1804 1888 2308 2064 2013 964 1866 1553 184 1619 146 1864 568 1844 370 213 437 363 1936 450 1637 404 2330 1782 1829 898 1153 1996 240 1880 893 1181 420
1728 1904 875 1101 2001 998 1795 900 1130 1187 777 1366 1791 0 1459 1466 1361 191 144 1360 1112 1060 1031 313 440 1776 335 1907 912 1617 757 1963 1805 1661 1955 597 1684 231 1997 1377 805 689 1678 1831 701 1833 928 1693 1859 1914
440 815 1101 573 891 1610 507 790 744 1799 1389 1978 682 1451 0 968 1973 1463 1547 1967 1723 1672 623 1525 1212 535 1278 798 1523 193 1503 853 696 897 846 1595 420 1296 887 1989 1441 1488 1180 1333 1656 723 1539 1195 1361 680
1245 989 1116 496 1326 1625 1230 649 443 1814 1404 1993 1149 1466 976 0 1988 1479 1563 1983 1739 1687 482 1540 1227 1133 1294 1265 1539 1134 1519 1288 967 746 1280 1610 1202 1312 1322 2004 1457 1503 637 790 1671 1158 1555 653 819 1370
2250 2426 1040 1623 2523 692 2317 1422 1652 685 637 204 2314 1361 1981 1988 0 1375 1248 858 805 754 1553 1150 1508 2298 1519 2430 501 2139 687 2485 2328 2183 2478 904 2206 1382 2519 599 625 750 2200 2353 840 2355 474 2215 2381 2436
1741 1916 888 1114 2014 1012 1807 912 1143 1202 791 1380 1804 191 1471 1479 1375 0 158 1375 1126 1074 1043 475 352 1789 218 1920 926 1629 771 1975 1818 1674 1968 612 1697 227 2009 1392 819 703 1691 1844 715 1845 942 1706 1872 1927
1825 2000 943 1198 2098 885 1892 996 1227 1074 664 1253 1888 144 1555 1563 1248 158 0 1247 999 947 1127 395 489 1873 302 2004 799 1713 644 2059 1902 1758 2052 484 1781 311 2093 1264 692 576 1775 1928 588 1929 815 1790 1956 2011
2245 2421 1035 1618 2518 691 2312 1417 1647 289 636 863 2308 1360 1975 1983 858 1375 1247 0 804 753 1548 1149 1503 2293 1518 2424 500 2134 686 2479 2322 2178 2472 903 2201 1381 2513 874 624 749 2195 2348 839 2350 473 2210 2376 2431
2000 2176 790 1374 2274 155 2067 1172 1402 631 387 810 2064 1112 1731 1739 805 1126 999 804 0 243 1303 901 1259 2049 1270 2180 356 1889 438 2235 2078 1934 2228 655 1957 1132 2269 822 376 501 1950 2104 590 2105 372 1966 2132 2187
1949 2125 739 1322 2222 130 2016 1121 1351 580 336 759 2013 1060 1680 1687 754 1074 947 753 243 0 1252 849 1207 1997 1218 2128 304 1838 386 2184 2027 1882 2176 603 1905 1081 2218 770 324 449 1899 2052 539 2054 321 1914 2080 2135
900 1046 681 226 1173 1190 967 214 196 1379 969 1558 964 1031 631 482 1553 1043 1127 1548 1303 1252 0 1105 792 948 858 1080 1103 789 1083 1135 978 803 1128 1175 856 876 1169 1569 1021 1068 694 847 1236 1005 1120 709 875 1086
1802 1978 845 1175 2075 787 1869 974 1204 976 566 1155 1866 313 1533 1540 1150 475 395 1149 901 849 1105 0 515 1850 445 1982 701 1691 546 2037 1880 1735 2030 386 1758 305 2071 1166 594 478 1752 1905 490 1907 717 1767 1934 1988
1489 1665 636 863 1763 1145 1556 661 891 1334 924 1513 1553 440 1220 1227 1508 352 489 1503 1259 1207 792 515 0 1537 268 1669 1059 1378 987 1724 1567 1422 1717 827 1446 286 1758 1524 977 919 1439 1592 930 1594 1075 1455 1621 1676
282 317 1426 899 393 1935 133 1115 1069 2124 1714 2303 184 1776 535 1133 2298 1789 1873 2293 2049 1997 948 1850 1537 0 1604 299 1849 421 1829 355 198 422 347 1920 304 1622 389 2314 1767 1813 882 1137 1981 225 1865 878 1165 303
1556 1731 703 929 1829 1156 1622 727 958 1345 935 1524 1619 335 1286 1294 1519 218 302 1518 1270 1218 858 445 268 1604 0 1735 1070 1444 915 1790 1633 1489 1783 755 1512 217 1824 1535 963 847 1506 1659 859 1660 1086 1521 1687 1742
466 448 1558 1030 525 2066 396 1247 1201 2256 1845 2434 146 1907 798 1265 2430 1920 2004 2424 2180 2128 1080 1982 1669 299 1735 0 1980 684 1960 486 329 553 479 2052 566 1753 520 2446 1898 1945 1014 1268 2112 356 1996 1009 1297 536
1801 1976 590 1174 2074 242 1867 972 1203 327 188 506 1864 912 1531 1539 501 926 799 500 356 304 1103 701 1059 1849 1070 1980 0 1689 238 2035 1878 1734 2028 455 1757 932 2069 517 176 301 1751 1904 390 1905 84 1766 1932 1987
297 701 1259 731 777 1768 364 948 902 1957 1547 2136 568 1609 193 1126 2131 1621 1705 2126 1881 1830 781 1683 1370 421 1436 684 1681 0 1661 739 582 806 732 1753 382 1454 773 2147 1599 1646 1266 1491 1814 609 1697 1262 1519 574
1781 1956 570 1154 2054 324 1848 952 1183 513 168 692 1844 757 1511 1519 687 771 644 686 438 386 1083 546 987 1829 915 1960 238 1669 0 2015 1858 1714 2008 293 1737 777 2049 704 95 110 1731 1884 228 1885 254 1746 1912 1967
521 399 1613 1085 109 2122 451 1302 1256 2311 1901 2490 370 1963 853 1288 2485 1975 2059 2479 2235 2184 1135 2037 1724 355 1790 486 2035 739 2015 0 352 576 62 2107 622 1808 105 2501 1953 2000 1036 1291 2168 204 2051 1032 1320 591
364 314 1456 928 391 1964 294 1145 985 2154 1743 2333 213 1805 696 967 2328 1818 1902 2322 2078 2027 978 1880 1567 198 1633 329 1878 582 1858 352 0 255 345 1950 464 1651 386 2344 1796 1843 716 971 2010 222 1894 712 999 434
588 277 1311 784 615 1820 518 970 764 2009 1599 2188 437 1661 905 746 2183 1674 1758 2178 1934 1882 803 1735 1422 422 1489 553 1734 806 1714 576 255 0 569 1805 689 1507 610 2199 1652 1698 495 750 1866 446 1750 491 778 658
514 392 1606 1078 81 2114 444 1295 1249 2304 1893 2482 363 1955 846 1280 2478 1968 2052 2472 2228 2176 1128 2030 1717 347 1783 479 2028 732 2008 62 345 569 0 2100 614 1801 76 2494 1946 1993 1029 1284 2160 196 2044 1025 1312 584
1872 2048 662 1246 2146 541 1939 1044 1274 730 384 909 1936 597 1603 1610 904 612 484 903 655 603 1175 386 827 1920 755 2052 455 1761 293 2107 1950 1805 2100 0 1829 618 2141 920 312 295 1822 1975 151 1977 471 1838 2004 2059
350 584 1335 808 660 1844 348 1024 978 2033 1623 2212 450 1685 420 1202 2207 1697 1782 2202 1957 1906 857 1759 1446 304 1512 566 1757 382 1738 622 464 689 614 1829 0 1530 656 2223 1676 1722 1149 1404 1890 492 1774 1145 1432 456
1574 1749 721 947 1847 1019 1640 745 976 1208 798 1387 1637 231 1304 1312 1382 227 311 1381 1132 1081 876 305 286 1622 217 1753 932 1462 777 1808 1651 1507 1801 618 1530 0 1842 1398 826 710 1524 1677 721 1678 949 1539 1705 1760
555 433 1647 1119 27 2156 485 1336 1290 2345 1935 2524 404 1997 887 1322 2519 2009 2093 2513 2269 2218 1169 2071 1758 389 1824 520 2069 773 2049 105 386 610 76 2141 656 1842 0 2535 1987 2034 1070 1325 2202 238 2085 1066 1354 625
2266 2442 1056 1639 2540 708 2333 1438 1668 701 653 604 2330 1377 1997 2004 599 1392 1264 874 822 770 1569 1166 1524 2314 1535 2446 517 2155 704 2501 2344 2199 2494 920 2222 1398 2535 0 642 766 2216 2369 856 2371 490 2232 2398 2452
1719 1894 508 1092 1992 262 1786 890 1121 451 106 630 1782 805 1449 1457 625 819 692 624 376 324 1021 594 977 1767 963 1898 176 1607 95 1953 1796 1652 1946 312 1675 826 1987 642 0 158 1669 1822 248 1823 192 1684 1850 1905
1765 1941 555 1138 2038 387 1832 937 1167 576 230 755 1829 689 1496 1503 750 703 576 749 501 449 1068 478 919 1813 847 1945 301 1654 110 2000 1843 1698 1993 295 1721 710 2034 766 158 0 1715 1868 291 1870 317 1730 1897 1951
1049 738 1328 783 1075 1837 978 861 655 2026 1616 2205 898 1678 1188 637 2200 1691 1775 2195 1950 1899 694 1752 1439 882 1506 1014 1751 1266 1731 1036 716 495 1029 1822 1149 1524 1070 2216 1669 1715 0 403 1883 906 1767 112 432 1119
1303 993 1481 936 1330 1990 1233 1014 808 2179 1769 2358 1153 1831 1341 790 2353 1844 1928 2348 2104 2052 847 1905 1592 1137 1659 1268 1904 1499 1884 1291 971 750 1284 1975 1404 1677 1325 2369 1822 1868 403 0 2036 1161 1920 473 86 1373
1933 2109 723 1306 2206 477 2000 1105 1335 666 320 845 1996 701 1664 1671 840 715 588 839 590 539 1236 490 930 1981 859 2112 390 1822 228 2168 2010 1866 2160 151 1889 721 2202 856 248 291 1883 2036 0 2038 406 1898 2064 2119
391 303 1483 955 242 1992 321 1172 1126 2181 1771 2360 240 1833 723 1158 2355 1845 1929 2350 2105 2054 1005 1907 1594 225 1660 356 1905 609 1885 204 222 446 196 1977 492 1678 238 2371 1823 1870 906 1161 2038 0 1922 902 1190 461
1817 1993 606 1190 2090 259 1884 989 1219 300 204 479 1880 928 1547 1555 474 942 815 473 372 321 1120 717 1075 1865 1086 1996 84 1706 254 2051 1894 1750 2044 471 1773 949 2085 490 192 317 1767 1920 406 1922 0 1782 1948 2003
1044 734 1344 799 1071 1852 974 876 670 2041 1631 2220 893 1693 1203 653 2215 1706 1790 2210 1966 1914 709 1767 1455 878 1521 1009 1766 1262 1746 1032 712 491 1025 1838 1145 1539 1066 2232 1684 1730 112 473 1898 902 1782 0 501 1114
1332 1021 1510 965 1358 2018 1262 1042 837 2208 1797 2386 1181 1859 1369 819 2381 1872 1956 2376 2132 2080 875 1934 1621 1165 1687 1297 1932 1527 1912 1320 999 778 1312 2004 1432 1705 1354 2398 1850 1897 432 86 2064 1190 1948 501 0 1402
540 553 1565 1038 630 2074 399 1254 1208 2263 1853 2442 420 1915 674 1370 2437 1927 2012 2432 2187 2136 1087 1989 1676 303 1742 536 1987 574 1967 591 434 658 584 2059 456 1760 625 2453 1905 1952 1119 1373 2120 461 2004 1114 1402 0
EOF