NAME : tsp_problem
TYPE : TSP
DIMENSION : 64
EDGE_WEIGHT_TYPE : EXPLICIT
EDGE_WEIGHT_FORMAT : FULL_MATRIX
EDGE_WEIGHT_SECTION
0 1862 2015 720 1229 472 675 607 2284 1374 2280 697 791 476 311 461 845 2192 340 1999 342 942 683 1954 2478 1959 2339 2121 878 2250 703 1930 1578 2278 733 111 1803 1302 352 2463 1220 878 1637 1756 2250 2400 1322 201 1279 2445 399 2347 554 1893 1296 1450 635 599 770 2114 552 1851 1905 2395
1862 0 442 1556 851 2007 1409 1298 711 996 1178 1533 1819 2011 1662 1558 1701 619 1924 426 1574 1488 1417 456 1356 386 1164 548 1016 1148 1539 416 355 1103 1467 1839 202 591 1887 1256 843 1495 332 259 803 1298 1302 1730 901 1120 1514 1172 1863 354 1276 1125 1667 1908 1803 1012 1484 380 381 1168
2015 442 0 1709 1004 2161 1562 1451 310 1150 869 1687 1972 2165 1815 1711 1855 213 2077 154 1727 1642 1570 330 955 212 763 142 1170 966 1692 290 508 702 1621 1993 274 745 2041 855 996 1648 485 302 402 946 1455 1883 1054 719 1667 771 2016 228 1429 1278 1820 2061 1956 1065 1637 274 255 767
720 1556 1709 0 923 865 369 301 1978 1068 1974 130 681 869 520 415 717 1886 782 1693 431 636 377 1648 2172 1653 2033 1815 572 1944 126 1624 1272 1972 427 697 1497 996 745 2157 914 572 1331 1450 1944 2094 1016 588 973 2139 372 2041 721 1586 990 1144 525 766 660 1807 342 1545 1599 2089
1229 851 1004 923 0 1374 775 665 1273 249 1269 900 1185 1378 1028 924 1068 1181 1290 987 940 855 784 943 1467 948 1328 1110 383 1239 905 919 567 1267 834 1206 792 291 1254 1452 96 861 626 745 1238 1389 555 1097 101 1434 881 1336 1229 881 529 378 1033 1274 1169 1102 850 840 894 1384
472 2007 2161 865 1374 0 820 752 2429 1519 2425 842 936 39 456 606 990 2338 249 2144 487 1088 828 2099 2624 2105 2484 2266 1023 2395 848 2075 1724 2423 878 450 1949 1447 195 2608 1366 1023 1783 1902 2395 2545 1467 320 1424 2591 545 2492 700 2038 1441 1595 780 745 915 2259 697 1996 2050 2540
675 1409 1562 369 775 820 0 154 1831 921 1827 346 636 824 474 370 637 1739 736 1546 386 335 57 1501 2025 1506 1886 1668 425 1797 351 1477 1125 1825 138 652 1350 849 700 2010 767 283 1184 1303 1796 1947 715 543 825 1992 327 1894 675 1439 689 843 479 720 615 1660 296 1398 1452 1942
607 1298 1451 301 665 752 154 0 1720 810 1716 278 568 756 407 303 569 1628 669 1435 319 378 162 1390 1914 1395 1775 1557 314 1686 284 1366 1014 1714 212 584 1240 738 632 1899 656 357 1073 1192 1686 1836 758 475 715 1881 259 1783 608 1329 732 886 412 653 548 1550 229 1287 1341 1831
2284 711 310 1978 1273 2429 1831 1720 0 1419 757 1955 2241 2434 2084 1980 2123 389 2346 414 1996 1910 1839 598 843 471 651 401 1438 854 1961 558 777 590 1890 2262 542 1013 2310 742 1265 1917 754 571 290 834 1724 2152 1323 607 1936 659 2285 497 1698 1547 2089 2330 2225 952 1906 543 524 655
1374 996 1150 1068 249 1519 921 810 1419 0 1415 1046 1331 1524 1174 1070 1213 1327 1436 1133 1086 859 929 1089 1613 1094 1474 1256 529 1384 1051 1064 713 1413 980 1352 938 436 1400 1597 241 866 772 891 1384 1534 430 1242 255 1580 1026 1482 1375 1027 404 254 1179 1420 1315 1248 996 985 1039 1530
2272 1170 869 1966 1261 2417 1819 1708 757 1407 0 1943 2229 2422 2072 1968 2111 1031 2334 973 1984 1898 1827 1157 299 1030 354 960 1426 135 1949 1117 857 324 1878 2250 1101 1126 2297 509 1253 1905 1058 1065 590 221 1712 2140 1311 491 1924 393 2273 1056 1686 1535 2077 2318 2213 357 1894 1102 1083 441
697 1533 1687 130 900 842 346 278 1955 1046 1951 0 658 847 497 393 694 1864 759 1670 409 614 354 1626 2150 1631 2011 1793 549 1921 113 1601 1250 1949 405 675 1475 973 723 2134 892 549 1309 1428 1921 2071 993 565 950 2117 349 2019 698 1564 967 1122 502 743 638 1785 319 1522 1576 2067
791 1819 1972 681 1185 936 636 568 2241 1331 2237 658 0 940 591 486 155 2149 853 1955 502 903 644 1911 2435 1916 2296 2078 835 2207 664 1887 1535 2235 694 768 1760 1259 816 2420 1177 839 1594 1713 2206 2357 1283 659 1235 2402 443 2304 792 1849 1257 1411 328 837 171 2070 373 1808 1862 2352
476 2011 2165 869 1378 39 824 756 2434 1524 2430 847 940 0 460 610 995 2342 253 2148 492 1092 832 2104 2628 2109 2489 2271 1027 2399 852 2079 1728 2428 883 454 1953 1451 199 2612 1370 1027 1787 1906 2399 2549 1471 324 1428 2595 549 2497 704 2042 1445 1600 784 749 920 2263 701 2000 2054 2545
311 1662 1815 520 1028 456 474 407 2084 1174 2080 497 591 460 0 261 645 1992 372 1798 142 742 483 1754 2278 1759 2139 1921 678 2050 502 1730 1378 2078 533 288 1603 1102 336 2263 1020 677 1437 1556 2049 2200 1122 179 1078 2245 199 2147 354 1692 1095 1250 434 399 570 1913 351 1651 1705 2195
461 1558 1711 415 924 606 370 303 1980 1070 1976 393 486 610 261 0 541 1888 523 1694 172 638 378 1650 2174 1655 2035 1817 573 1946 398 1626 1274 1974 429 438 1499 997 486 2159 916 573 1333 1452 1945 2095 1017 329 974 2141 113 2043 462 1588 991 1146 330 507 466 1809 247 1546 1601 2091
845 1701 1855 717 1068 990 637 569 2123 1213 2119 694 155 995 645 541 0 2032 907 1838 557 832 645 1793 2318 1799 2178 1960 717 2089 700 1769 1417 2117 696 823 1643 1141 870 2302 1060 839 1477 1596 2089 2239 1212 713 1118 2285 497 2186 846 1732 1186 1340 382 891 263 1953 427 1690 1744 2234
2192 619 213 1886 1181 2338 1739 1628 389 1327 1031 1864 2149 2342 1992 1888 2032 0 2254 205 1904 1819 1747 507 1117 263 925 101 1347 1128 1869 467 685 864 1798 2170 451 922 2218 1016 1173 1825 662 479 564 1108 1632 2060 1231 881 1844 933 2193 405 1606 1455 1997 2238 2133 1226 1814 451 432 929
340 1924 2077 782 1290 249 736 669 2346 1436 2342 759 853 253 372 523 907 2254 0 2060 404 1004 745 2016 2540 2021 2401 2183 940 2312 764 1992 1640 2340 795 318 1865 1364 129 2525 1282 939 1699 1818 2311 2462 1384 236 1340 2507 461 2409 616 1954 1358 1512 696 661 832 2175 614 1913 1967 2457
1999 426 154 1693 987 2144 1546 1435 414 1133 973 1670 1955 2148 1798 1694 1838 205 2060 0 1710 1625 1554 313 1059 69 867 134 1153 1069 1675 273 491 806 1604 1976 257 728 2024 958 979 1631 468 286 505 1049 1438 1867 1038 823 1651 875 2000 211 1412 1262 1804 2044 1939 1148 1620 257 238 870
342 1574 1727 431 940 487 386 319 1996 1086 1992 409 502 492 142 172 557 1904 404 1710 0 654 394 1666 2190 1671 2051 1833 589 1962 414 1642 1290 1990 445 320 1515 1013 368 2175 932 589 1349 1468 1961 2111 1033 210 990 2157 129 2059 343 1604 1007 1162 346 388 482 1825 263 1562 1617 2107
942 1488 1642 636 855 1088 335 378 1910 859 1906 614 903 1092 742 638 832 1819 1004 1625 654 0 339 1580 2105 1586 1965 1747 504 1876 619 1556 1204 1904 246 920 1430 928 968 2089 847 99 1264 1383 1876 2026 562 810 905 2072 594 1973 943 1519 536 690 747 988 883 1740 564 1477 1531 2021
683 1417 1570 377 784 828 57 162 1839 929 1835 354 644 832 483 378 645 1747 745 1554 394 339 0 1509 2034 1514 1894 1676 433 1805 360 1485 1133 1833 146 660 1359 857 708 2018 776 291 1193 1311 1805 1955 718 551 834 2000 335 1902 684 1448 692 846 488 729 623 1669 305 1406 1460 1950
1954 456 330 1648 943 2099 1501 1390 598 1089 1157 1626 1911 2104 1754 1650 1793 507 2016 313 1666 1580 1509 0 1244 274 1052 436 1109 1240 1631 68 447 991 1560 1932 287 683 1980 1143 935 1587 424 316 690 1234 1394 1822 993 1008 1606 1060 1955 129 1368 1217 1759 2000 1895 1104 1576 160 103 1055
2479 1356 955 2173 1468 2624 2026 1915 843 1613 299 2150 2436 2628 2279 2175 2318 1117 2541 1059 2191 2105 2034 1244 0 1116 441 1046 1633 258 2156 1204 1064 410 2085 2456 1188 1333 2504 595 1460 2112 1265 1216 676 156 1919 2347 1518 578 2131 480 2480 1142 1893 1742 2284 2525 2420 603 2101 1188 1169 527
1959 386 212 1653 948 2105 1506 1395 471 1094 1030 1631 1916 2109 1759 1655 1799 263 2021 69 1671 1586 1514 274 1116 0 924 192 1114 1127 1636 234 452 863 1565 1937 218 689 1985 1016 940 1592 429 246 563 1107 1399 1827 998 880 1611 932 1960 172 1373 1222 1764 2005 1900 1109 1581 218 199 928
2338 1164 763 2032 1327 2483 1885 1774 651 1473 354 2009 2295 2488 2138 2034 2177 925 2400 867 2050 1964 1893 1052 441 924 0 854 1492 451 2015 1012 923 218 1944 2316 996 1192 2363 403 1319 1971 1124 1024 484 431 1778 2206 1377 386 1990 287 2339 950 1752 1601 2143 2384 2279 550 1960 996 977 335
2121 548 142 1815 1110 2266 1668 1557 401 1256 960 1793 2078 2271 1921 1817 1960 101 2183 134 1833 1747 1676 436 1046 192 854 0 1276 1056 1798 395 614 793 1727 2099 380 851 2147 945 1102 1754 591 408 492 1037 1561 1989 1160 810 1773 862 2122 334 1535 1384 1926 2167 2062 1155 1743 380 361 858
878 1016 1170 572 383 1023 425 314 1438 529 1434 549 835 1027 678 573 717 1347 940 1153 589 504 433 1109 1633 1114 1494 1276 0 1404 555 1084 733 1432 483 855 958 456 903 1617 375 511 792 911 1404 1554 834 746 433 1600 530 1502 879 1047 808 657 683 924 818 1268 500 1005 1059 1550
2251 1149 966 1945 1239 2396 1797 1687 854 1385 135 1922 2207 2400 2050 1946 2090 1128 2312 1069 1962 1877 1806 1241 258 1127 451 1056 1405 0 1927 1214 835 421 1856 2228 1090 1104 2276 605 1231 1883 1036 1043 686 179 1690 2119 1289 588 1903 490 2252 1152 1664 1514 2056 2296 2191 432 1872 1138 1179 538
703 1539 1692 126 905 848 351 284 1961 1051 1957 113 664 852 502 398 700 1869 764 1675 414 619 360 1631 2155 1636 2016 1798 555 1927 0 1607 1255 1955 410 680 1480 979 728 2140 897 554 1314 1433 1926 2077 999 571 955 2122 355 2024 704 1569 973 1127 508 748 643 1790 324 1528 1582 2072
1930 416 290 1624 919 2075 1477 1366 558 1064 1117 1601 1887 2079 1730 1626 1769 467 1992 273 1642 1556 1485 68 1204 234 1012 395 1084 1214 1607 0 423 950 1536 1907 247 659 1955 1103 911 1563 400 276 650 1194 1370 1798 969 968 1582 1020 1931 88 1344 1193 1735 1976 1871 1080 1552 120 63 1015
1578 355 508 1272 567 1724 1125 1014 777 713 865 1250 1535 1728 1378 1274 1417 685 1640 491 1290 1204 1133 447 1063 452 924 614 733 835 1255 423 0 863 1184 1556 296 342 1604 1048 559 1211 242 249 834 985 1018 1446 617 1030 1230 932 1579 385 992 841 1383 1624 1519 698 1200 343 398 980
2278 1103 702 1972 1267 2423 1825 1714 590 1413 324 1949 2235 2428 2078 1974 2117 864 2340 806 1990 1904 1833 991 410 863 218 793 1432 421 1955 950 863 0 1884 2256 935 1132 2304 342 1259 1911 1064 963 423 401 1718 2146 1317 324 1930 92 2279 889 1692 1541 2083 2324 2219 519 1900 935 916 274
733 1467 1621 427 834 878 138 212 1890 980 1886 405 694 883 533 429 696 1798 795 1604 445 246 146 1560 2084 1565 1945 1727 483 1856 410 1536 1184 1884 0 711 1409 907 759 2068 826 179 1243 1362 1855 2005 716 601 884 2051 385 1953 734 1498 690 844 538 779 674 1719 355 1456 1510 2001
111 1839 1993 697 1206 450 652 584 2262 1352 2258 675 768 454 288 438 823 2170 318 1976 320 920 660 1932 2456 1937 2317 2099 855 2227 680 1907 1556 2256 711 0 1781 1279 330 2440 1198 855 1615 1734 2227 2377 1299 178 1256 2423 377 2325 532 1870 1273 1428 612 577 748 2091 529 1828 1882 2373
1803 202 274 1497 792 1949 1350 1240 542 938 1101 1475 1760 1953 1603 1499 1643 451 1865 257 1515 1430 1359 287 1188 218 996 380 958 1090 1480 247 296 935 1409 1781 0 533 1829 1087 784 1436 273 90 634 1178 1243 1671 842 952 1455 1004 1804 186 1217 1067 1608 1849 1744 953 1425 232 212 999
1302 591 745 996 291 1447 849 738 1013 436 1134 973 1259 1451 1102 997 1141 922 1364 728 1013 928 857 683 1332 689 1193 851 456 1104 979 659 342 1132 907 1279 533 0 1327 1317 282 934 367 486 1103 1253 741 1170 341 1299 954 1201 1303 622 715 565 1107 1348 1242 967 924 580 634 1249
352 1887 2041 745 1254 195 700 632 2310 1400 2305 723 816 199 336 486 870 2218 129 2024 368 968 708 1980 2504 1985 2365 2147 903 2275 728 1955 1604 2304 759 330 1829 1327 0 2488 1246 903 1663 1782 2275 2425 1347 200 1304 2471 425 2373 580 1918 1321 1476 660 625 796 2139 577 1876 1930 2421
2463 1256 855 2157 1452 2608 2010 1899 742 1597 509 2134 2420 2612 2263 2159 2302 1016 2525 958 2175 2089 2018 1143 595 1016 403 945 1617 605 2140 1103 1048 342 2068 2440 1087 1317 2488 0 1444 2096 1249 1115 557 586 1903 2331 1502 228 2115 411 2464 1041 1877 1726 2268 2509 2403 704 2085 1087 1068 178
1220 843 996 914 96 1366 767 656 1265 241 1261 892 1177 1370 1020 916 1060 1173 1282 979 932 847 776 935 1459 940 1320 1102 375 1231 897 911 559 1259 826 1198 784 282 1246 1444 0 853 618 737 1230 1381 547 1088 146 1426 872 1328 1221 873 520 370 1025 1266 1161 1094 842 831 886 1376
878 1495 1648 572 861 1023 283 357 1917 866 1913 549 839 1027 677 573 839 1825 939 1631 589 99 291 1587 2111 1592 1972 1754 511 1883 554 1563 1211 1911 179 855 1436 934 903 2096 853 0 1270 1389 1882 2033 568 746 911 2078 530 1980 879 1525 542 697 683 924 818 1746 499 1484 1538 2028
1637 332 485 1331 626 1783 1184 1073 754 772 1066 1309 1594 1787 1437 1333 1477 662 1699 468 1349 1264 1193 424 1264 429 1125 591 792 1036 1314 400 242 1064 1243 1615 273 367 1663 1249 618 1270 0 226 845 1186 1077 1505 676 1163 1289 1133 1638 362 1051 901 1442 1683 1578 899 1259 320 375 1181
1756 259 302 1450 745 1902 1303 1192 571 891 1073 1428 1713 1906 1556 1452 1596 479 1818 286 1468 1383 1311 316 1216 246 1024 408 911 1043 1433 276 249 963 1362 1734 90 486 1782 1115 737 1389 226 0 663 1193 1196 1624 795 980 1408 1032 1757 214 1170 1019 1561 1802 1697 906 1378 260 241 1028
2250 803 402 1944 1238 2395 1796 1686 290 1384 590 1921 2206 2399 2049 1945 2089 564 2311 505 1961 1876 1805 690 676 563 484 492 1404 686 1926 650 834 423 1855 2227 634 1103 2275 557 1230 1882 845 663 0 666 1689 2118 1288 358 1902 492 2251 588 1663 1513 2054 2295 2190 785 1871 634 615 406
2401 1299 946 2094 1389 2546 1947 1837 834 1535 221 2072 2357 2550 2200 2096 2240 1108 2462 1049 2112 2027 1956 1234 156 1107 431 1037 1555 179 2077 1194 985 401 2006 2378 1178 1254 2426 586 1381 2033 1186 1193 666 0 1840 2269 1439 568 2052 470 2401 1133 1814 1664 2205 2446 2341 524 2022 1179 1159 518
1322 1302 1455 1016 555 1467 715 758 1724 430 1720 993 1283 1471 1122 1017 1212 1632 1384 1438 1033 562 718 1394 1918 1399 1779 1561 834 1690 999 1370 1018 1718 716 1299 1243 741 1347 1903 547 568 1077 1196 1689 1840 0 1190 560 1885 974 1787 1323 1332 49 261 1127 1368 1262 1553 944 1291 1345 1835
201 1730 1883 588 1097 320 543 475 2152 1242 2148 565 659 324 179 329 713 2060 236 1867 210 810 551 1822 2346 1827 2207 1989 746 2118 571 1798 1446 2146 601 178 1671 1170 200 2331 1088 746 1505 1624 2118 2268 1190 0 1147 2313 267 2215 422 1761 1164 1318 503 467 638 1981 420 1719 1773 2263
1279 901 1054 973 101 1424 825 715 1323 255 1319 950 1235 1428 1078 974 1118 1231 1340 1038 990 905 834 993 1517 998 1378 1160 433 1289 955 969 617 1317 884 1256 842 341 1304 1502 146 911 676 795 1288 1439 560 1147 0 1484 931 1386 1280 931 534 384 1084 1324 1219 1152 900 890 944 1434
2445 1120 719 2139 1434 2591 1992 1881 607 1580 491 2117 2402 2595 2245 2141 2285 881 2507 823 2157 2072 2000 1008 578 880 386 810 1600 588 2122 968 1030 324 2051 2423 952 1299 2471 228 1426 2078 1163 980 358 568 1885 2313 1484 0 2097 394 2446 906 1859 1708 2250 2491 2386 687 2067 952 933 77
399 1514 1667 372 881 545 327 259 1936 1026 1932 349 443 549 199 113 497 1844 461 1651 129 594 335 1606 2130 1611 1991 1773 530 1902 355 1582 1230 1930 385 377 1455 954 425 2115 872 530 1289 1408 1902 2052 974 267 931 2097 0 1999 400 1544 948 1102 287 445 422 1765 204 1503 1557 2047
2347 1172 771 2041 1336 2492 1894 1783 659 1482 393 2019 2304 2497 2147 2043 2186 933 2409 875 2059 1973 1902 1060 480 932 287 862 1502 490 2024 1020 932 92 1953 2325 1004 1201 2373 411 1328 1980 1133 1032 492 470 1787 2215 1386 394 1999 0 2348 958 1761 1610 2152 2393 2288 589 1969 1004 985 343
554 1863 2016 721 1229 700 675 608 2285 1375 2281 698 792 704 354 462 846 2193 616 2000 343 943 684 1955 2479 1960 2340 2122 879 2251 704 1931 1579 2279 734 532 1804 1303 580 2464 1221 879 1638 1757 2251 2401 1323 422 1280 2446 400 2348 0 1893 1297 1451 636 84 771 2114 553 1852 1906 2396
1893 354 228 1586 881 2038 1439 1329 497 1027 1056 1564 1849 2042 1692 1588 1732 405 1954 211 1604 1519 1448 129 1142 172 950 334 1047 1152 1569 88 385 889 1498 1870 186 622 1918 1041 873 1525 362 214 588 1133 1332 1761 931 906 1544 958 1893 0 1306 1156 1697 1938 1833 1042 1514 73 54 954
1296 1276 1429 990 529 1441 689 732 1698 404 1694 967 1257 1445 1095 991 1186 1606 1358 1412 1007 536 692 1368 1892 1373 1753 1535 808 1664 973 1344 992 1692 690 1273 1217 715 1321 1877 520 542 1051 1170 1663 1814 49 1164 534 1859 948 1761 1297 1306 0 235 1101 1342 1236 1527 918 1264 1319 1809
1450 1125 1278 1144 378 1595 843 886 1547 254 1543 1122 1411 1600 1250 1146 1340 1455 1512 1262 1162 690 846 1217 1742 1222 1602 1384 657 1513 1127 1193 841 1541 844 1428 1067 565 1476 1726 370 697 901 1019 1513 1663 261 1318 384 1708 1102 1610 1451 1156 235 0 1255 1496 1391 1377 1072 1114 1168 1658
635 1667 1820 525 1033 780 479 412 2089 1179 2085 502 328 784 434 330 382 1997 696 1804 346 747 488 1759 2283 1764 2144 1926 683 2055 508 1735 1383 2083 538 612 1608 1107 660 2268 1025 683 1442 1561 2054 2205 1127 503 1084 2250 287 2152 636 1697 1101 1255 0 680 307 1918 217 1656 1710 2200
599 1908 2061 766 1274 745 720 653 2330 1420 2326 743 837 749 399 507 891 2238 661 2044 388 988 729 2000 2524 2005 2385 2167 924 2296 748 1976 1624 2324 779 577 1849 1348 625 2509 1266 924 1683 1802 2295 2446 1368 467 1324 2491 445 2393 84 1938 1342 1496 680 0 816 2159 598 1897 1951 2441
770 1803 1956 660 1169 915 615 548 2225 1315 2221 638 171 920 570 466 263 2133 832 1939 482 883 623 1895 2419 1900 2280 2062 818 2191 643 1871 1519 2219 674 748 1744 1242 796 2403 1161 818 1578 1697 2190 2340 1262 638 1219 2386 422 2288 771 1833 1236 1391 307 816 0 2054 352 1791 1845 2336
2114 1012 1065 1808 1103 2259 1661 1550 952 1249 357 1785 2071 2264 1914 1810 1953 1226 2176 1149 1826 1740 1669 1105 603 1110 550 1155 1268 432 1791 1080 699 519 1720 2092 954 968 2139 704 1095 1747 900 907 785 524 1554 1982 1153 687 1766 589 2115 1043 1528 1377 1919 2160 2055 0 1736 1001 1055 637
552 1484 1637 342 850 697 296 229 1906 996 1902 319 373 701 351 247 427 1814 614 1620 263 564 305 1576 2100 1581 1961 1743 500 1872 324 1552 1200 1900 355 529 1425 924 577 2085 842 499 1259 1378 1871 2022 944 420 900 2067 204 1969 553 1514 918 1072 217 598 352 1735 0 1473 1527 2017
1851 380 274 1545 840 1996 1398 1287 543 985 1102 1522 1808 2000 1651 1546 1690 451 1913 257 1562 1477 1406 160 1188 218 996 380 1005 1137 1528 120 343 935 1456 1828 232 580 1876 1087 831 1484 320 260 634 1179 1291 1719 890 952 1503 1004 1852 73 1264 1114 1656 1897 1791 1001 1473 0 85 1000
1905 381 255 1599 894 2050 1452 1341 524 1039 1083 1576 1862 2054 1705 1601 1744 432 1967 238 1617 1531 1460 103 1169 199 977 361 1059 1179 1582 63 398 916 1510 1882 212 634 1930 1068 886 1538 375 241 615 1159 1345 1773 944 933 1557 985 1906 54 1319 1168 1710 1951 1845 1055 1527 85 0 980
2395 1168 767 2089 1384 2540 1942 1831 655 1530 441 2067 2352 2545 2195 2091 2234 929 2457 870 2107 2021 1950 1055 527 928 335 858 1550 538 2072 1015 980 274 2001 2373 999 1249 2421 178 1376 2028 1181 1028 406 518 1835 2263 1434 77 2047 343 2396 954 1809 1658 2200 2441 2336 637 2017 1000 980 0
EOF