NAME : tsp_problem
TYPE : TSP
DIMENSION : 42
EDGE_WEIGHT_TYPE : EXPLICIT
EDGE_WEIGHT_FORMAT : FULL_MATRIX
EDGE_WEIGHT_SECTION
0 2199 322 243 1418 1164 1194 1914 1775 2188 774 1982 507 1354 1072 1849 851 280 1413 1783 1069 2255 533 349 428 1146 661 878 2461 2308 1635 511 2120 983 1686 2240 1279 1846 342 844 2292 1094
2207 0 2247 2169 1289 1789 2244 982 533 373 1993 1042 2138 1225 1745 401 1476 2205 1284 1256 1397 720 2458 2098 2354 1770 2083 1503 424 492 632 2436 304 1423 1346 425 1149 604 2056 1469 476 1862
322 2247 0 108 1467 1212 1137 1962 1823 2237 717 2030 451 1402 1016 1897 899 69 1462 1831 1117 2303 477 475 372 1089 604 926 2509 2356 1683 454 2168 1031 1734 2288 1327 1894 589 892 2340 1038
243 2169 108 0 1388 1134 1059 1884 1745 2159 639 1952 373 1324 938 1819 821 66 1384 1753 1039 2225 399 397 294 1011 526 848 2431 2278 1605 376 2090 953 1656 2210 1249 1816 511 814 2262 960
1426 1289 1467 1388 0 1008 1463 621 865 1279 1213 689 1358 195 965 939 695 1425 53 489 617 1345 1678 1318 1573 990 1302 722 1551 1398 725 1656 1210 643 393 1331 256 936 1276 688 1382 1082
1172 1789 1212 1134 1008 0 891 1504 1364 1778 640 1572 912 944 305 1439 349 1171 1003 1373 528 1845 1424 1064 1262 630 730 381 2051 1898 1224 1402 1710 442 1276 1830 869 1436 1022 345 1882 584
1194 2244 1137 1059 1463 891 0 1959 1820 2233 485 2027 757 1399 615 1894 879 1095 1458 1828 958 2300 1269 1347 1107 688 614 811 2506 2353 1680 1294 2165 872 1731 2285 1324 1891 1461 872 2337 637
1922 982 1962 1884 621 1504 1959 0 517 971 1709 220 1854 691 1461 632 1191 1921 616 383 1113 1042 2174 1814 2069 1486 1798 1218 1244 1091 468 2152 903 1139 434 1023 751 443 1772 1184 1075 1578
1783 533 1823 1745 865 1364 1820 517 0 523 1569 577 1714 800 1321 183 1051 1781 860 791 973 594 2034 1674 1930 1346 1658 1079 795 642 208 2012 454 999 882 575 725 104 1632 1045 626 1438
2196 373 2237 2159 1279 1778 2233 971 523 0 1983 1031 2128 1214 1735 391 1465 2195 1274 1246 1387 710 2448 2088 2343 1760 2072 1492 635 192 622 2426 94 1413 1336 70 1139 594 2046 1458 183 1852
774 1993 717 639 1213 640 485 1709 1569 1983 0 1776 337 1148 364 1643 628 676 1208 1577 707 2049 849 927 687 437 155 560 2255 2102 1429 874 1914 621 1481 2034 1073 1640 1041 621 2086 386
1990 1042 2030 1952 689 1572 2027 220 577 1031 1776 0 1922 758 1529 692 1259 1988 684 247 1180 1102 2242 1881 2137 1553 1866 1286 1304 1151 528 2219 963 1206 358 1083 819 503 1839 1252 1135 1645
507 2138 451 373 1358 912 757 1854 1714 2128 337 1922 0 1294 635 1789 791 409 1353 1722 979 2195 547 661 385 709 224 818 2401 2248 1574 572 2060 893 1626 2180 1219 1786 775 784 2232 657
1362 1225 1402 1324 195 944 1399 691 800 1214 1148 758 1294 0 901 875 631 1360 190 559 552 1281 1614 1254 1509 925 1238 658 1487 1334 660 1591 1146 578 463 1266 191 872 1212 624 1318 1017
1072 1745 1016 938 965 305 615 1461 1321 1735 364 1529 635 901 0 1396 381 974 960 1329 460 1802 1148 1050 985 353 453 313 2008 1855 1181 1172 1667 373 1233 1787 826 1393 1008 374 1839 308
1857 401 1897 1819 939 1439 1894 632 183 391 1643 692 1789 875 1396 0 1126 1855 934 906 1047 462 2109 1749 2004 1420 1733 1153 663 510 283 2086 322 1073 997 443 800 255 1707 1119 494 1513
859 1476 899 821 695 349 879 1191 1051 1465 628 1259 791 631 381 1126 0 858 690 1059 299 1532 1111 751 1006 405 718 108 1738 1585 911 1088 1397 213 963 1517 556 1123 709 56 1569 497
280 2205 69 66 1425 1171 1095 1921 1781 2195 676 1988 409 1360 974 1855 858 0 1420 1789 1076 2261 435 433 330 1047 563 885 2467 2314 1641 412 2126 989 1693 2247 1285 1852 547 851 2298 996
1421 1284 1462 1384 53 1003 1458 616 860 1274 1208 684 1353 190 960 934 690 1420 0 484 612 1340 1673 1313 1568 985 1297 717 1546 1393 720 1651 1205 638 388 1326 251 931 1271 683 1377 1077
1791 1256 1831 1753 489 1373 1828 383 791 1246 1577 247 1722 559 1329 906 1059 1789 484 0 981 1316 2042 1682 1938 1354 1666 1087 1518 1365 742 2020 1177 1007 276 1297 620 717 1640 1053 1349 1446
1077 1397 1117 1039 617 528 958 1113 973 1387 707 1180 979 552 460 1047 299 1076 612 981 0 1453 1329 969 1224 484 797 231 1659 1506 833 1306 1318 137 884 1438 477 1044 927 292 1490 577
2263 720 2303 2225 1345 1845 2300 1042 594 710 2049 1102 2195 1281 1802 462 1532 2261 1340 1316 1453 0 2515 2155 2410 1826 2139 1559 982 829 663 2492 641 1479 1407 761 1206 665 2113 1525 813 1919
533 2458 477 399 1678 1424 1269 2174 2034 2448 849 2242 547 1614 1148 2109 1111 435 1673 2042 1329 2515 0 687 292 1221 736 1138 2721 2568 1894 58 2380 1243 1946 2500 1539 2106 801 1104 2552 1170
349 2099 475 397 1319 1064 1347 1815 1675 2089 927 1882 661 1254 1051 1749 751 433 1314 1683 969 2155 687 0 582 1076 814 778 2361 2208 1535 664 2020 883 1587 2140 1179 1746 362 744 2192 1168
428 2354 372 294 1573 1262 1107 2069 1930 2343 687 2137 385 1509 985 2004 1006 330 1568 1938 1224 2410 292 582 0 1059 574 1033 2616 2463 1790 269 2275 1138 1841 2395 1434 2001 696 999 2447 1007
1146 1770 1089 1011 990 630 688 1486 1346 1760 437 1553 709 925 353 1420 405 1047 985 1354 484 1826 1221 1075 1059 0 527 337 2032 1879 1206 1246 1691 398 1258 1812 850 1417 1033 398 1863 130
661 2083 604 526 1302 730 614 1798 1658 2072 155 1866 224 1238 453 1733 718 563 1297 1666 797 2139 736 814 574 527 0 650 2345 2192 1518 761 2004 711 1570 2124 1163 1730 928 711 2176 475
886 1503 926 848 722 381 811 1218 1079 1492 560 1286 818 658 313 1153 108 885 717 1087 231 1559 1138 778 1033 337 650 0 1765 1612 939 1116 1424 145 990 1544 583 1150 736 101 1596 429
2469 424 2509 2431 1551 2051 2506 1244 795 635 2255 1304 2401 1487 2008 663 1738 2467 1546 1518 1659 982 2721 2361 2616 2032 2345 1765 0 755 895 2698 566 1685 1609 687 1412 867 2319 1731 738 2124
2316 492 2356 2278 1398 1898 2353 1091 642 192 2102 1151 2248 1334 1855 510 1585 2314 1393 1365 1506 829 2568 2208 2463 1879 2192 1612 755 0 742 2545 268 1532 1456 166 1259 714 2166 1578 96 1972
1643 632 1683 1605 725 1224 1680 468 208 622 1429 528 1574 660 1181 283 911 1641 720 742 833 663 1894 1534 1790 1206 1518 939 895 742 0 1872 553 859 833 674 585 279 1492 905 725 1298
511 2436 454 376 1656 1402 1294 2152 2012 2426 874 2219 572 1591 1172 2086 1088 412 1651 2020 1306 2492 58 664 269 1246 761 1116 2698 2545 1872 0 2357 1220 1924 2477 1516 2083 778 1082 2529 1194
2128 304 2168 2090 1210 1710 2165 903 454 94 1914 963 2060 1146 1667 322 1397 2126 1205 1177 1318 641 2380 2019 2275 1691 2004 1424 566 268 553 2357 0 1344 1267 146 1071 526 1977 1390 259 1783
991 1423 1031 953 643 442 872 1139 999 1413 621 1206 893 578 373 1073 213 989 638 1007 137 1479 1243 882 1138 398 711 145 1685 1532 859 1220 1344 0 911 1465 503 1070 840 206 1516 490
1694 1346 1734 1656 393 1276 1731 434 882 1336 1481 358 1626 463 1233 997 963 1693 388 276 884 1407 1946 1586 1841 1258 1570 990 1609 1456 833 1924 1267 911 0 1388 523 807 1544 956 1439 1350
2248 425 2288 2210 1331 1830 2285 1023 575 70 2034 1083 2180 1266 1787 443 1517 2247 1326 1297 1438 761 2500 2140 2395 1812 2124 1544 687 166 674 2477 146 1465 1388 0 1191 646 2098 1510 191 1904
1287 1149 1327 1249 256 869 1324 751 725 1139 1073 819 1219 191 826 800 556 1285 251 620 477 1206 1539 1178 1434 850 1163 583 1412 1259 585 1516 1071 503 523 1191 0 797 1136 549 1243 942
1854 604 1894 1816 936 1436 1891 443 104 594 1640 503 1786 872 1393 255 1123 1852 931 717 1044 665 2106 1745 2001 1417 1730 1150 867 714 279 2083 526 1070 807 646 797 0 1703 1116 698 1509
342 2048 589 511 1268 1014 1461 1764 1624 2038 1041 1831 775 1204 1000 1699 701 547 1263 1632 919 2105 801 362 696 1025 928 728 2311 2158 1484 778 1969 832 1536 2090 1128 1695 0 694 2141 1117
852 1469 892 814 688 345 872 1184 1045 1458 621 1252 784 624 374 1119 56 851 683 1053 292 1525 1104 744 999 398 711 101 1731 1578 905 1082 1390 206 956 1510 549 1116 702 0 1562 490
2300 476 2340 2262 1382 1882 2337 1075 626 183 2086 1135 2232 1318 1839 494 1569 2298 1377 1349 1490 813 2552 2191 2447 1863 2176 1596 738 96 725 2529 259 1516 1439 191 1243 698 2149 1562 0 1955
1094 1862 1038 960 1082 584 637 1578 1438 1852 386 1645 657 1017 308 1513 497 996 1077 1446 577 1919 1170 1167 1007 130 475 429 2124 1972 1298 1194 1783 490 1350 1904 942 1509 1125 490 1955 0
EOF