NAME : tsp_problem
TYPE : TSP
DIMENSION : 30
EDGE_WEIGHT_TYPE : EXPLICIT
EDGE_WEIGHT_FORMAT : FULL_MATRIX
EDGE_WEIGHT_SECTION
0 1309 1253 1679 294 1257 859 1020 1254 969 1245 811 2955 1086 829 1004 1283 408 1064 1024 73 1099 1184 1492 1106 1254 635 470 1094 444
1309 0 2196 1115 1508 380 1802 2057 304 2056 2188 2025 2391 2029 651 491 332 1622 2152 1967 1268 2042 619 928 315 92 753 1684 529 1658
1253 2196 0 2567 1130 2144 548 426 2142 579 84 1307 3843 213 1717 1892 2170 1243 594 407 1213 411 2072 2380 1993 2142 1523 1334 1982 969
1679 1115 2567 0 1878 874 2173 2427 948 2427 2559 2395 1998 2400 1559 793 925 1992 2522 2338 1639 2412 699 314 1405 1120 1364 2054 644 2028
294 1508 1130 1878 0 1456 918 769 1454 718 1122 560 3154 1145 1028 1204 1482 157 813 1073 335 943 1383 1691 1305 1453 834 248 1293 193
1257 380 2144 874 1456 0 1750 2005 120 2005 2136 1973 2150 1978 907 438 97 1570 2100 1915 1216 1990 379 687 670 385 942 1632 289 1606
860 1803 548 2173 919 1751 0 519 1749 672 549 1400 3450 375 1323 1499 1777 1033 687 393 819 504 1678 1986 1600 1749 1129 1095 1588 1062
1020 2057 426 2427 769 2005 519 0 2003 219 418 947 3703 487 1577 1753 2031 882 261 369 1061 201 1932 2240 1854 2002 1383 973 1842 608
1254 304 2142 948 1454 120 1748 2003 0 2002 2134 1971 2225 1975 831 437 73 1568 2098 1913 1214 1988 453 761 594 309 933 1630 363 1604
969 2056 579 2427 718 2005 672 219 2002 0 571 895 3703 640 1577 1752 2031 831 232 522 1010 355 1932 2240 1854 2002 1383 922 1842 557
1245 2188 84 2559 1122 2136 549 418 2134 571 0 1299 3835 222 1709 1884 2162 1235 586 399 1205 403 2064 2372 1985 2134 1515 1325 1973 961
811 2025 1307 2395 560 1973 1400 947 1971 895 1299 0 3671 1368 1545 1721 1999 673 991 1250 852 1120 1900 2208 1822 1971 1351 764 1810 494
2955 2391 3843 1998 3154 2150 3449 3703 2225 3703 3835 3671 0 3676 2835 2069 2201 3268 3798 3614 2915 3688 1976 1812 2681 2396 2641 3330 1920 3304
1087 2030 213 2400 1146 1978 375 487 1976 640 222 1368 3677 0 1551 1726 2004 1260 655 386 1047 472 1905 2213 1827 1976 1356 1322 1815 1029
829 651 1717 1559 1028 907 1323 1577 831 1577 1709 1545 2835 1550 0 884 859 1142 1672 1488 789 1562 1064 1372 440 588 265 1204 974 1178
1004 491 1892 793 1204 438 1498 1753 437 1752 1884 1721 2069 1725 884 0 465 1318 1848 1663 964 1738 298 606 781 496 690 1380 181 1354
1283 332 2170 925 1482 97 1776 2031 73 2031 2162 1999 2201 2004 859 465 0 1596 2126 1941 1242 2016 429 738 622 337 961 1658 339 1632
408 1622 1243 1992 157 1570 1032 882 1568 831 1235 673 3268 1260 1142 1318 1596 0 926 1186 449 1056 1497 1805 1419 1568 948 126 1407 306
1064 2152 594 2522 813 2100 687 261 2098 232 586 991 3798 655 1672 1848 2126 926 0 537 1105 320 2027 2335 1949 2097 1478 1017 1937 652
1016 1959 407 2330 1073 1907 393 369 1905 522 399 1250 3606 386 1480 1655 1933 1186 537 0 976 354 1834 2143 1756 1905 1286 1251 1744 912
73 1268 1213 1639 335 1216 819 1061 1214 1010 1205 852 2915 1046 789 964 1242 449 1105 984 0 1058 1144 1452 1065 1214 595 511 1053 485
1099 2042 411 2412 943 1990 504 201 1988 355 403 1120 3688 472 1562 1738 2016 1056 320 354 1058 0 1917 2225 1839 1988 1368 1147 1827 782
1184 619 2072 699 1383 379 1678 1932 453 1932 2064 1900 1976 1905 1064 298 429 1497 2027 1842 1144 1917 0 512 910 625 869 1559 149 1533
1492 928 2380 314 1691 687 1986 2240 761 2240 2372 2208 1812 2213 1372 606 738 1805 2335 2151 1452 2225 512 0 1218 933 1178 1867 457 1841
1106 315 1993 1405 1305 670 1599 1854 594 1854 1985 1822 2681 1827 440 781 622 1419 1949 1764 1065 1839 910 1218 0 382 542 1481 819 1455
1254 92 2142 1120 1453 385 1748 2002 309 2002 2134 1971 2396 1975 588 496 337 1568 2097 1913 1214 1988 625 933 382 0 690 1630 535 1603
635 753 1523 1364 834 942 1129 1383 933 1383 1515 1351 2641 1356 265 690 961 948 1478 1294 595 1368 869 1178 542 690 0 1010 779 984
470 1684 1334 2054 248 1632 1094 973 1630 922 1325 764 3330 1321 1204 1380 1658 126 1017 1259 511 1147 1559 1867 1481 1630 1010 0 1469 397
1094 529 1982 644 1293 289 1588 1842 363 1842 1973 1810 1920 1815 974 181 339 1407 1937 1752 1053 1827 149 457 819 535 779 1469 0 1443
444 1658 969 2028 193 1606 1062 608 1604 557 961 494 3304 1029 1178 1354 1632 306 652 912 485 782 1533 1841 1455 1603 984 397 1443 0
EOF