NAME : tsp_problem
TYPE : TSP
DIMENSION : 34
EDGE_WEIGHT_TYPE : EXPLICIT
EDGE_WEIGHT_FORMAT : FULL_MATRIX
EDGE_WEIGHT_SECTION
0 948 1442 1425 996 1728 822 676 1517 915 627 1568 1021 1630 2148 449 974 1809 974 1334 1381 825 1132 1568 1865 1119 1971 696 1045 840 2986 1695 505 968
956 0 1492 894 1047 1778 1125 1348 1567 1177 1034 1618 490 1680 2198 1272 1024 1859 1024 803 1431 497 600 1618 1915 1169 2021 1351 629 1286 3036 1745 1242 1018
1450 1492 0 1970 817 1118 1978 1956 907 2071 1782 571 1565 1020 1124 1770 545 1198 545 1878 98 1369 1676 687 1259 939 1361 1976 1705 1996 2376 1135 1825 789
1433 894 1970 0 1524 2256 1221 1444 2045 1273 1130 2095 513 2158 2676 1368 1502 2336 1502 140 1909 805 740 2095 2393 1646 2499 1447 769 1382 3514 2222 1339 1496
1005 1047 817 1524 0 859 1532 1511 649 1626 1337 699 1120 762 1280 1324 349 940 349 1433 756 924 1231 699 996 250 1103 1531 1259 1550 2117 826 1380 100
1736 1778 1118 2256 859 0 2264 2242 410 2357 2069 687 1852 326 1331 2056 1080 505 1081 2164 1129 1655 1962 562 298 735 668 2262 1991 2282 1682 481 2111 831
822 1125 1978 1221 1532 2264 0 582 2053 118 253 2103 780 2166 2684 506 1510 2344 1510 1173 1917 1036 748 2103 2401 1654 2507 585 660 271 3522 2230 476 1504
670 1348 1957 1444 1512 2243 582 0 2032 675 387 2083 1003 2145 2663 271 1489 2324 1489 1396 1896 1259 971 2083 2380 1634 2486 55 883 600 3501 2210 300 1483
1525 1567 907 2045 649 410 2053 2032 0 2147 1858 476 1641 312 1121 1845 870 491 870 1954 919 1445 1752 351 551 525 653 2052 1780 2071 1668 492 1901 621
915 1177 2071 1273 1626 2357 118 675 2147 0 347 2197 832 2259 2778 599 1603 2438 1604 1225 2010 1088 800 2197 2494 1748 2601 678 712 256 3615 2324 570 1598
627 1034 1782 1130 1337 2069 253 387 1858 347 0 1908 690 1971 2489 311 1315 2149 1315 1083 1721 946 657 1908 2206 1459 2312 390 569 286 3327 2035 281 1309
1576 1618 571 2095 699 687 2103 2082 476 2197 1908 0 1691 589 785 1895 913 768 913 2004 583 1495 1802 164 828 575 930 2102 1831 2121 1945 735 1951 671
1029 490 1565 513 1120 1852 780 1003 1641 832 690 1691 0 1754 2272 927 1097 1932 1098 421 1504 401 256 1691 1989 1242 2095 1007 284 941 3110 1818 898 1092
1638 1680 1020 2158 762 326 2166 2145 312 2259 1971 589 1754 0 1233 1958 982 240 983 2066 1032 1557 1864 464 468 637 403 2164 1893 2184 1418 605 2013 733
2156 2198 1124 2676 1280 1331 2684 2663 1121 2778 2489 785 2272 1233 0 2476 1466 1412 1467 2585 1136 2076 2383 901 1472 1156 1575 2683 2411 2702 2589 1349 2532 1252
449 1267 1762 1368 1316 2048 506 271 1837 599 311 1887 927 1950 2468 0 1294 2128 1294 1320 1701 1145 895 1887 2185 1438 2291 290 807 524 3306 2014 92 1288
982 1024 545 1502 349 1080 1510 1488 870 1603 1315 913 1097 982 1466 1302 0 1161 77 1410 484 901 1208 920 1217 471 1324 1508 1237 1528 2338 1047 1357 321
1817 1859 1198 2336 940 505 2344 2323 491 2438 2149 768 1932 240 1412 2137 1161 0 1162 2245 1210 1736 2043 643 646 816 472 2343 2072 2363 1487 783 2192 912
982 1024 545 1502 349 1081 1510 1489 870 1604 1315 913 1098 983 1467 1302 77 1162 0 1411 484 902 1209 920 1218 472 1324 1509 1237 1528 2339 1047 1358 321
1342 803 1878 140 1433 2164 1173 1396 1954 1225 1083 2004 421 2066 2585 1320 1410 2245 1411 0 1817 714 649 2004 2301 1555 2408 1400 677 1334 3422 2131 1291 1405
1389 1431 98 1909 756 1129 1917 1895 919 2010 1721 583 1504 1032 1136 1709 484 1210 484 1817 0 1308 1615 699 1271 878 1373 1915 1644 1935 2388 1147 1764 728
833 497 1369 805 924 1655 1036 1259 1445 1088 946 1495 401 1557 2076 1153 901 1736 902 714 1308 0 512 1495 1792 1046 1899 1262 540 1197 2913 1622 1154 896
1140 600 1676 740 1231 1962 748 971 1752 800 657 1802 256 1864 2383 895 1208 2043 1209 649 1615 512 0 1802 2099 1353 2206 974 124 909 3220 1929 866 1202
1576 1618 687 2095 699 562 2103 2082 351 2197 1908 164 1691 464 901 1895 920 643 920 2004 699 1495 1802 0 703 575 805 2102 1830 2121 1820 610 1951 671
1873 1915 1259 2393 996 298 2401 2379 551 2494 2206 828 1989 468 1472 2193 1217 646 1218 2301 1271 1792 2099 703 0 872 809 2399 2128 2419 1824 238 2248 968
1127 1169 939 1646 250 735 1654 1633 525 1748 1459 575 1242 637 1156 1446 471 816 472 1555 878 1046 1353 575 872 0 979 1653 1382 1673 1993 702 1502 222
1979 2021 1361 2499 1103 668 2507 2486 653 2601 2312 930 2095 403 1575 2299 1324 472 1324 2408 1373 1899 2206 805 809 979 0 2506 2234 2525 1650 946 2355 1075
690 1351 1977 1447 1531 2263 585 55 2052 678 390 2102 1007 2165 2683 290 1509 2343 1509 1400 1916 1262 974 2102 2400 1653 2506 0 886 603 3521 2229 313 1503
1053 629 1705 769 1259 1991 660 883 1780 712 569 1831 284 1893 2411 807 1237 2072 1237 677 1644 540 124 1830 2128 1382 2234 886 0 821 3249 1957 777 1231
840 1286 1996 1382 1550 2282 271 600 2071 256 286 2121 941 2184 2702 524 1528 2363 1528 1334 1935 1197 909 2121 2419 1673 2525 603 821 0 3540 2248 494 1522
2994 3036 2376 3514 2117 1682 3522 3500 1668 3615 3327 1945 3110 1418 2589 3314 2338 1487 2339 3422 2388 2913 3220 1820 1824 1993 1650 3520 3249 3540 0 1961 3369 2089
1703 1745 1135 2222 826 481 2230 2209 492 2324 2035 735 1818 605 1349 2022 1047 783 1047 2131 1147 1622 1929 610 238 702 946 2229 1957 2248 1961 0 2078 798
505 1242 1817 1339 1372 2103 476 300 1892 570 281 1943 898 2005 2524 92 1349 2184 1350 1291 1756 1154 866 1943 2240 1494 2347 313 777 494 3361 2070 0 1343
976 1018 789 1496 100 831 1504 1483 621 1598 1309 671 1092 733 1252 1296 321 912 321 1405 728 896 1202 671 968 222 1075 1502 1231 1522 2089 798 1351 0
EOF