NAME : tsp_problem
TYPE : TSP
DIMENSION : 30
EDGE_WEIGHT_TYPE : EXPLICIT
EDGE_WEIGHT_FORMAT : FULL_MATRIX
EDGE_WEIGHT_SECTION
0 1626 1855 662 1792 1500 1447 1991 1826 1378 1496 2112 159 1833 813 1770 484 1940 2035 444 550 1814 519 2066 239 1053 1833 1841 1011 1031
1626 0 680 2249 722 157 346 852 508 669 421 812 1698 767 845 807 2067 622 859 2031 2137 785 1734 760 1506 1542 3420 523 688 1422
1855 680 0 2478 260 751 941 391 1050 1179 1016 289 1928 305 1198 345 2296 1174 211 2260 2366 323 1963 243 1735 1771 3649 1117 887 1651
662 2249 2478 0 2415 2123 2070 2614 2449 2001 2119 2735 782 2456 1436 2393 959 2563 2658 642 748 2437 1142 2689 862 1676 2031 2464 1634 1654
1784 722 260 2407 0 794 983 299 1092 1107 1058 517 1856 132 1126 117 2224 1216 440 2188 2294 150 1891 471 1663 1699 3577 1160 816 1579
1500 157 751 2123 794 0 220 924 482 543 295 883 1572 839 718 878 1940 596 930 1904 2010 856 1607 831 1379 1415 3293 497 561 1295
1447 346 941 2070 983 220 0 1113 546 539 103 1073 1519 1028 665 1068 1887 660 1120 1851 1957 1046 1554 1021 1326 1362 3240 561 508 1242
1991 852 391 2614 299 924 1113 0 1222 1315 1189 647 2063 344 1334 310 2432 1346 570 2396 2501 361 2099 601 1871 1907 3785 1290 1023 1787
1826 508 1050 2449 1092 482 546 1222 0 869 621 1182 1898 1137 1045 1177 2267 263 1229 2231 2336 1154 1934 1130 1705 1742 3620 296 888 1622
1378 669 1179 2001 1115 543 539 1314 869 0 614 1396 1450 1157 622 1094 1819 984 1358 1783 1888 1138 1486 1344 1258 1294 3172 884 410 1174
1496 421 1016 2119 1058 295 103 1189 621 614 0 1148 1568 1103 715 1143 1937 736 1195 1901 2006 1121 1604 1096 1375 1412 3290 636 558 1292
2112 812 289 2735 517 883 1073 647 1182 1396 1148 0 2184 562 1455 602 2552 1306 278 2516 2622 579 2220 210 1991 2028 3906 1249 1144 1908
159 1698 1928 782 1864 1572 1519 2063 1898 1450 1568 2184 0 1905 885 1842 604 2013 2107 564 669 1886 591 2138 311 1125 1953 1913 1084 1103
1825 767 305 2448 132 839 1028 344 1137 1148 1103 562 1897 0 1168 217 2265 1261 485 2229 2335 101 1933 516 1704 1741 3619 1205 857 1621
813 845 1198 1436 1134 718 665 1333 1045 622 715 1455 885 1176 0 1113 1253 1159 1377 1217 1323 1157 921 1409 692 729 2607 1060 354 609
1762 807 345 2385 117 878 1068 310 1177 1086 1143 602 1834 217 1105 0 2203 1301 524 2167 2272 234 1870 556 1641 1678 3556 1244 794 1558
484 2067 2296 959 2232 1940 1887 2431 2267 1819 1937 2552 604 2273 1253 2211 0 2381 2475 740 846 2255 377 2506 646 1498 2129 2282 1452 1476
1940 622 1174 2563 1216 596 660 1346 263 984 736 1306 2013 1261 1159 1301 2381 0 1353 2345 2451 1278 2048 1254 1820 1856 3734 178 1002 1736
2035 859 211 2658 440 930 1120 570 1229 1358 1195 278 2107 485 1377 524 2475 1353 0 2439 2545 502 2142 232 1914 1950 3828 1296 1067 1830
444 2031 2260 642 2196 1904 1851 2395 2231 1783 1901 2516 564 2237 1217 2175 740 2345 2439 0 203 2219 923 2470 644 1458 1813 2246 1416 1435
550 2137 2366 748 2302 2010 1957 2501 2336 1888 2006 2622 669 2343 1323 2280 846 2451 2545 203 0 2324 1029 2576 749 1563 1919 2352 1522 1541
1806 785 323 2429 150 856 1046 361 1154 1130 1121 579 1878 101 1149 234 2247 1278 502 2211 2316 0 1914 533 1686 1722 3600 1222 838 1602
519 1734 1963 1142 1900 1607 1554 2098 1934 1486 1604 2220 591 1941 921 1878 377 2048 2142 923 1029 1922 0 2174 314 1212 2313 1949 1119 1189
2066 760 243 2689 471 831 1021 601 1130 1344 1096 210 2138 516 1409 556 2506 1254 232 2470 2576 533 2174 0 1945 1982 3860 1197 1098 1862
239 1506 1735 862 1671 1379 1326 1870 1705 1258 1375 1991 311 1712 692 1649 646 1820 1914 644 749 1694 314 1945 0 983 2033 1721 891 961
1053 1542 1771 1676 1707 1415 1362 1906 1742 1294 1412 2028 1125 1749 729 1686 1498 1856 1950 1458 1563 1730 1212 1982 983 0 2847 1757 927 155
1779 3366 3595 1977 3531 3239 3186 3730 3566 3118 3236 3852 1899 3573 2553 3510 2075 3680 3774 1759 1865 3554 2259 3806 1979 2793 0 3581 2751 2771
1841 523 1117 2464 1160 497 561 1290 296 884 636 1249 1913 1205 1060 1244 2282 178 1296 2246 2352 1222 1949 1197 1721 1757 3635 0 903 1637
1011 688 887 1634 824 561 508 1023 888 410 558 1144 1084 865 354 802 1452 1002 1067 1416 1522 846 1119 1098 891 927 2805 903 0 807
1031 1422 1651 1654 1588 1295 1242 1786 1622 1174 1292 1908 1103 1629 609 1566 1476 1736 1830 1435 1541 1610 1189 1862 961 155 2825 1637 807 0
EOF