NAME : tsp_problem
TYPE : TSP
DIMENSION : 34
EDGE_WEIGHT_TYPE : EXPLICIT
EDGE_WEIGHT_FORMAT : FULL_MATRIX
EDGE_WEIGHT_SECTION
0 972 495 635 531 590 720 951 380 815 1286 648 927 897 1139 1003 1212 1411 260 968 1168 176 324 1125 743 957 1160 383 712 1303 938 1047 793 1243
1033 0 1047 424 1084 589 474 397 756 298 1073 460 315 617 926 790 998 1198 985 632 334 1048 921 291 556 744 326 945 428 1089 725 833 509 1029
495 986 0 650 143 604 734 966 554 830 1439 663 941 947 1292 1156 1365 1565 594 1025 1183 347 203 1139 757 1111 1174 717 727 1456 1092 1200 807 1396
635 362 650 0 686 232 172 342 358 206 815 159 317 316 668 532 741 940 587 401 559 650 523 515 255 486 550 547 127 832 467 576 207 772
531 1023 143 686 0 640 771 1002 590 866 1475 699 977 983 1328 1193 1401 1601 630 1061 1219 383 239 1176 793 1147 1211 753 763 1492 1128 1236 843 1432
590 527 604 232 640 0 179 507 312 371 980 157 482 481 833 697 906 1105 542 566 724 605 478 680 202 651 715 502 221 997 632 741 301 937
720 412 734 172 771 179 0 392 442 256 865 138 367 366 718 582 791 990 672 451 609 735 608 565 109 537 600 632 90 882 518 626 187 822
951 343 965 342 1002 507 392 0 673 165 783 378 298 525 636 500 709 909 903 343 532 966 839 489 474 455 329 863 346 800 436 544 427 740
380 695 554 358 590 312 442 674 0 538 1066 371 649 655 919 784 992 1192 332 733 891 395 427 847 465 738 882 225 435 1083 719 827 515 1023
815 237 830 206 866 371 256 165 538 0 805 242 191 399 658 522 731 931 767 365 433 830 703 390 338 477 425 727 210 822 458 566 291 762
1286 1011 1439 815 1475 980 865 783 1066 805 0 851 966 567 380 318 306 150 1063 507 1207 1301 1312 1164 820 373 910 972 820 66 410 410 777 298
648 399 663 159 699 157 138 378 371 242 851 0 353 352 704 569 777 977 600 437 595 663 536 552 220 523 587 560 92 868 504 612 173 808
1065 68 1080 456 1116 621 506 430 788 330 1105 492 0 649 958 822 1031 1230 1017 665 366 1080 953 323 588 776 358 977 460 1121 757 865 541 1062
897 556 947 316 983 481 366 525 655 399 567 352 510 0 420 284 493 692 674 249 752 912 820 709 432 238 652 583 320 584 219 328 389 524
1139 864 1292 668 1328 833 718 636 919 658 380 704 819 420 0 220 100 300 916 360 1061 1154 1166 1017 673 226 763 825 673 397 263 119 631 459
1003 728 1156 532 1193 697 582 500 784 522 318 569 683 284 220 0 293 445 780 224 925 1018 1030 881 537 90 627 689 537 334 127 127 495 274
1212 937 1365 741 1401 906 791 709 992 731 306 777 892 493 100 293 0 226 989 433 1133 1227 1238 1090 746 299 836 898 745 323 336 192 703 419
1411 1136 1565 940 1601 1105 990 909 1192 931 150 977 1091 692 300 445 226 0 1188 632 1333 1426 1438 1289 946 498 1035 1097 945 133 535 392 903 426
260 924 594 587 630 542 672 903 332 767 1063 600 878 674 916 780 989 1188 0 745 1120 275 422 1077 695 734 1112 160 664 1079 715 824 745 1020
968 571 1025 401 1061 566 451 343 733 365 507 437 526 249 360 224 433 632 745 0 767 983 898 724 502 179 470 654 406 524 159 268 460 464
1168 496 1182 559 1219 724 609 532 890 433 1207 595 450 752 1061 925 1133 1333 1120 767 0 1183 1056 229 691 879 461 1080 563 1224 860 968 644 1164
176 987 347 650 383 605 735 966 395 830 1301 663 942 912 1154 1018 1227 1426 275 983 1183 0 175 1140 758 972 1175 398 727 1318 953 1062 808 1258
324 860 203 523 239 478 608 839 427 703 1312 536 814 820 1166 1030 1238 1438 422 899 1056 175 0 1013 631 984 1048 545 600 1329 965 1073 681 1269
1124 452 1139 515 1175 680 565 489 847 390 1164 552 407 709 1017 881 1090 1289 1076 724 229 1139 1012 0 648 836 417 1036 520 1181 816 925 600 1121
743 495 757 255 793 202 109 474 465 338 820 220 449 432 673 537 746 946 695 502 691 758 631 648 0 492 683 643 153 837 473 581 269 777
957 683 1111 486 1147 651 537 455 738 477 373 523 637 238 226 90 299 498 734 179 879 972 984 836 492 0 581 643 491 390 81 134 449 330
1159 487 1174 550 1210 715 600 329 882 425 910 587 442 652 763 627 836 1035 1111 470 461 1174 1047 417 683 581 0 1057 555 927 562 671 635 867
383 884 717 547 753 502 632 863 225 727 972 560 838 583 825 689 898 1097 160 654 1080 398 545 1037 643 643 1057 0 624 989 624 733 705 929
712 367 727 127 763 221 90 346 435 210 820 92 321 320 673 537 745 945 664 406 563 727 600 520 153 491 555 624 0 836 472 580 141 776
1303 1028 1456 832 1492 997 882 800 1083 822 66 868 982 584 397 334 323 133 1079 524 1224 1318 1329 1181 837 390 927 989 836 0 427 427 794 315
938 664 1092 467 1128 632 518 436 719 458 410 504 618 219 263 127 336 535 715 159 860 953 965 816 473 81 562 624 472 427 0 171 430 367
1047 772 1200 576 1236 741 626 544 827 566 410 612 726 328 119 127 192 392 824 268 968 1062 1073 925 581 134 671 733 580 427 171 0 538 367
793 447 807 207 843 301 187 427 515 291 777 173 402 389 631 495 703 903 745 460 644 808 681 600 269 449 635 705 141 794 430 538 0 734
1243 968 1396 772 1432 937 822 740 1023 762 298 808 923 524 459 274 419 426 1020 464 1164 1258 1269 1121 777 330 867 929 776 315 367 367 734 0
EOF