NAME : tsp_problem
TYPE : TSP
DIMENSION : 32
EDGE_WEIGHT_TYPE : EXPLICIT
EDGE_WEIGHT_FORMAT : FULL_MATRIX
EDGE_WEIGHT_SECTION
0 693 766 200 308 283 219 621 418 493 364 382 642 249 634 304 404 518 386 613 644 750 159 918 542 225 384 557 834 739 230 352
693 0 132 736 844 819 500 734 954 233 504 1028 754 664 1170 638 465 1022 1037 308 430 963 608 1031 882 760 1036 861 1046 952 679 512
766 132 0 809 917 892 574 808 1027 306 577 1101 828 738 1244 712 538 1096 1110 382 503 1036 682 1105 956 834 1109 935 1120 1025 753 585
200 736 809 0 155 130 392 733 265 537 259 455 753 396 481 452 299 590 459 533 687 823 332 1030 615 71 457 629 906 812 357 510
308 844 917 155 0 110 499 841 136 645 367 562 861 504 353 559 407 698 566 641 795 931 440 1138 722 120 564 737 1014 919 465 618
283 819 892 130 110 0 474 816 220 620 342 537 836 479 437 534 382 673 541 616 770 905 414 1113 697 94 539 712 989 894 440 592
219 500 574 392 499 474 0 429 609 301 293 560 449 224 826 280 254 695 564 420 452 658 134 726 577 416 562 556 741 647 205 160
621 735 808 733 841 816 429 0 951 536 527 393 76 496 1167 470 488 387 401 655 686 285 537 460 247 757 528 226 368 274 524 392
418 954 1027 265 136 220 609 951 0 755 477 672 971 614 244 669 517 808 677 751 905 1041 550 1248 832 230 675 847 1124 1030 575 728
493 233 306 537 645 620 301 535 755 0 305 829 555 465 971 439 266 823 837 200 231 764 409 832 683 561 837 662 847 753 480 312
364 504 577 259 367 342 293 527 477 305 0 618 547 457 693 431 87 754 622 371 455 755 401 824 675 283 620 654 839 744 472 304
382 1028 1102 455 562 537 560 393 672 829 618 0 392 432 889 487 658 234 47 892 979 444 455 753 193 479 329 208 528 433 393 571
642 755 828 753 861 836 449 76 971 556 547 392 0 516 1187 490 508 387 401 675 706 264 557 480 247 777 527 226 348 253 544 412
249 664 738 396 504 479 224 496 614 465 457 432 516 0 831 104 417 568 436 584 616 724 120 793 592 421 434 607 808 713 77 188
634 1170 1244 481 353 437 826 1167 244 971 693 889 1187 831 0 886 733 1024 893 967 1121 1257 766 1464 1049 446 891 1063 1340 1246 791 944
304 638 712 452 559 534 280 470 669 439 431 487 490 104 886 0 391 623 491 558 590 698 175 767 618 476 489 597 782 687 133 162
404 465 538 299 407 382 254 487 517 266 87 658 508 417 733 391 0 775 662 385 416 716 361 784 635 323 660 614 800 705 432 265
518 1023 1096 590 698 673 695 387 808 823 754 234 387 568 1024 623 776 0 243 943 974 267 591 655 187 615 175 202 350 255 529 680
386 1037 1110 459 566 541 564 401 677 838 622 47 401 436 893 491 662 243 0 896 988 453 460 762 202 483 333 216 536 442 397 575
613 308 382 533 641 616 420 654 751 200 371 892 674 584 967 558 385 942 896 0 350 883 528 951 802 557 894 781 966 872 599 432
617 180 254 661 768 743 425 659 879 157 429 952 679 589 1095 563 389 947 961 233 0 888 533 956 807 685 960 786 971 876 604 436
750 963 1037 823 931 905 658 285 1041 764 756 444 264 724 1257 698 716 267 453 883 915 0 766 403 380 847 407 359 99 39 753 621
159 608 682 332 440 414 134 537 550 409 401 455 557 120 766 175 361 591 460 528 559 766 0 834 615 356 458 630 849 754 101 259
918 1032 1105 1030 1138 1113 726 460 1248 833 824 753 480 793 1464 767 785 655 762 952 983 403 834 0 608 1054 795 587 339 427 821 689
542 883 956 615 722 697 577 247 832 684 675 193 247 592 1049 618 636 187 202 803 834 380 615 608 0 639 328 62 464 369 553 540
225 760 834 71 120 94 416 757 230 561 283 479 777 421 446 476 323 615 483 557 712 847 356 1054 639 0 481 654 931 836 382 534
384 1036 1109 457 564 539 562 528 675 837 620 329 527 434 891 489 660 175 333 894 987 407 458 795 328 481 0 343 491 396 395 573
557 862 935 629 737 712 556 226 847 662 654 208 226 607 1063 597 615 202 216 782 813 359 630 587 62 654 343 0 443 348 568 519
834 1047 1120 906 1014 989 741 368 1124 848 839 528 348 808 1340 782 800 350 536 967 998 99 849 339 464 931 491 443 0 123 837 704
739 952 1026 812 919 894 647 274 1030 753 745 433 253 713 1246 687 705 255 442 872 903 39 754 427 369 836 396 348 123 0 742 609
230 679 753 357 465 440 205 524 575 480 472 393 544 77 791 133 432 529 397 599 630 753 101 821 553 382 395 568 837 742 0 216
352 512 585 510 618 592 160 392 728 312 304 571 412 188 944 162 265 680 575 432 463 621 259 689 540 534 573 519 704 609 216 0
EOF