NAME : tsp_problem
TYPE : TSP
DIMENSION : 38
EDGE_WEIGHT_TYPE : EXPLICIT
EDGE_WEIGHT_FORMAT : FULL_MATRIX
EDGE_WEIGHT_SECTION
0 645 332 404 259 338 362 658 302 346 529 871 578 175 586 779 335 408 675 710 577 362 495 635 473 414 671 981 1085 776 675 580 351 439 583 592 1149 410
645 0 600 809 585 449 327 597 447 751 378 886 239 525 1075 202 602 387 689 724 592 629 412 162 435 382 238 405 509 791 133 246 756 395 244 83 572 378
332 600 0 335 112 613 360 933 577 277 804 1146 743 393 672 777 118 683 950 985 852 100 770 737 748 689 813 980 1084 1051 709 750 282 714 748 547 1148 685
404 809 335 0 262 685 569 1004 648 202 875 1217 924 464 459 986 337 755 1021 1056 923 364 842 946 819 760 1017 1189 1293 1123 918 926 207 785 929 756 1357 756
259 585 112 262 0 540 346 860 504 204 731 1073 729 319 599 763 114 610 877 912 779 141 697 723 675 615 799 966 1070 978 695 736 209 641 734 533 1133 612
338 449 613 685 540 0 580 345 241 627 216 559 301 393 702 466 616 89 362 397 265 643 183 316 160 94 358 669 773 464 387 291 632 150 295 494 836 121
362 327 360 569 346 580 0 899 543 512 680 1112 470 242 828 504 362 649 916 951 818 389 714 464 714 655 540 707 811 1018 436 477 517 626 475 274 875 651
657 597 932 1004 859 345 899 0 520 946 369 441 524 712 1021 522 935 312 282 317 185 962 336 539 313 317 388 725 829 346 610 515 951 374 518 655 892 345
302 447 577 648 504 241 543 520 0 591 391 733 313 357 666 625 579 263 537 572 439 606 357 490 335 269 533 827 931 638 485 320 596 178 318 434 995 208
346 751 277 202 204 627 512 947 591 0 818 1160 867 406 539 929 280 697 964 999 866 307 784 889 762 702 960 1131 1236 1065 860 869 103 728 872 699 1299 699
528 378 803 875 730 216 680 369 391 817 0 582 395 583 892 303 806 183 386 421 288 833 137 394 160 188 169 506 610 488 412 386 822 245 389 436 673 216
871 886 1146 1217 1072 559 1112 441 733 1160 582 0 737 925 1235 859 1148 525 496 531 322 1175 549 752 527 531 725 1061 1165 213 823 728 1165 587 732 930 1229 558
578 239 743 924 729 301 470 524 313 867 395 737 0 632 942 370 745 267 541 576 443 772 361 330 339 273 406 573 677 642 205 110 872 258 111 226 740 229
175 525 393 464 319 393 242 712 357 406 583 926 632 0 641 702 395 463 729 764 632 422 550 662 527 468 726 905 1009 831 634 634 412 493 637 472 1073 464
586 1075 672 459 599 702 828 1022 666 539 893 1235 942 641 0 1143 674 772 1039 1074 941 701 859 999 837 777 1035 1345 1449 1140 1039 944 544 803 947 1058 1513 774
779 202 777 986 763 466 504 522 625 929 303 859 370 702 1143 0 780 433 662 697 565 806 337 218 361 438 163 255 359 764 236 361 934 495 365 261 423 466
335 602 118 337 114 616 362 935 579 280 806 1148 745 395 674 780 0 685 952 987 854 90 773 740 750 691 815 982 1086 1054 711 752 285 716 750 549 1150 687
408 387 683 755 610 89 649 312 263 697 183 525 267 463 772 433 685 0 329 364 231 712 150 246 127 61 325 636 740 431 354 258 702 117 262 446 803 88
736 751 1011 1082 938 424 977 306 598 1025 448 334 602 790 1100 724 1013 390 0 71 187 1040 414 617 392 396 590 926 1030 239 688 593 1030 452 597 795 1094 423
695 710 970 1041 897 383 936 265 557 984 407 293 561 749 1059 683 972 349 320 0 146 999 373 576 351 355 549 885 989 198 647 552 989 411 556 754 1053 382
577 592 852 923 778 265 818 185 439 865 288 322 443 631 941 565 854 231 202 237 0 881 255 458 233 237 431 767 871 227 529 434 871 293 438 636 935 264
362 629 100 364 141 643 389 962 606 307 833 1175 772 422 701 806 90 712 979 1014 881 0 800 767 777 718 842 1009 1113 1080 738 779 312 743 777 576 1177 714
495 412 770 841 697 183 714 336 357 784 137 549 361 549 859 337 772 150 353 388 255 799 0 376 151 155 203 540 644 454 446 352 789 211 356 471 708 182
635 162 737 946 723 316 464 539 490 889 394 752 330 662 999 218 740 246 556 591 458 767 376 0 354 240 254 421 525 657 196 321 894 344 325 221 588 315
472 435 747 819 674 160 714 313 335 761 160 527 339 527 836 361 750 127 330 365 233 777 151 354 0 133 227 563 667 432 425 330 766 189 334 494 731 160
414 382 689 760 615 94 655 317 269 702 188 531 273 468 777 438 691 61 334 369 237 718 155 240 133 0 331 641 745 436 359 264 707 123 267 441 808 94
671 238 813 1017 799 358 540 388 533 959 169 725 406 725 1034 163 815 325 528 563 431 842 203 254 227 331 0 366 470 630 272 397 964 387 401 296 533 358
981 405 980 1189 966 669 707 725 827 1131 506 1061 573 905 1345 255 982 636 865 900 767 1009 540 421 563 641 366 0 225 966 439 563 1136 697 567 463 289 668
1085 509 1084 1293 1070 773 811 829 931 1236 610 1165 677 1009 1449 359 1086 740 969 1004 871 1113 644 525 667 745 470 225 0 1071 543 668 1241 801 672 567 165 772
776 791 1051 1122 978 464 1017 346 638 1065 488 213 642 830 1140 764 1053 431 401 436 227 1080 454 657 432 436 630 966 1071 0 728 633 1070 492 637 835 1134 463
675 133 709 918 695 387 436 610 485 860 412 823 205 634 1039 236 711 354 627 662 529 738 446 196 425 359 272 439 543 728 0 196 865 344 200 192 606 315
580 246 750 926 736 291 477 515 320 869 386 728 110 634 944 361 752 258 532 566 434 779 352 321 330 264 397 563 668 633 196 0 874 249 104 233 731 220
351 756 282 207 209 632 517 952 596 103 823 1165 872 412 544 934 285 702 969 1004 871 312 789 894 767 707 965 1136 1241 1070 865 874 0 733 877 704 1304 704
439 395 714 785 641 150 626 374 178 728 245 587 258 493 803 495 716 117 391 426 293 743 211 344 189 123 387 697 801 492 344 249 733 0 253 382 865 63
583 244 748 929 734 295 475 518 318 872 389 732 111 637 947 365 750 262 535 570 438 777 356 325 334 267 401 567 672 637 200 104 877 253 0 231 735 224
592 83 547 756 533 494 274 655 434 699 436 930 226 472 1058 261 549 446 734 769 636 576 471 221 494 441 296 463 567 835 192 233 704 382 231 0 631 411
1149 572 1148 1357 1133 836 875 892 995 1299 673 1229 740 1073 1513 423 1150 803 1033 1068 935 1177 708 588 731 808 533 289 165 1134 606 731 1304 865 735 631 0 836
410 378 685 756 612 121 651 345 208 699 216 558 229 464 774 466 687 88 362 396 264 714 182 315 160 94 358 668 772 463 315 220 704 63 224 411 836 0
EOF