NAME : tsp_problem
TYPE : TSP
DIMENSION : 24
EDGE_WEIGHT_TYPE : EXPLICIT
EDGE_WEIGHT_FORMAT : FULL_MATRIX
EDGE_WEIGHT_SECTION
0 1016 153 514 301 695 536 663 531 664 285 1087 1019 714 953 648 817 206 368 700 87 629 632 478
1015 0 1022 724 1011 511 927 576 609 377 775 1023 230 571 91 568 426 916 844 527 1016 589 632 913
153 1022 0 412 417 625 653 561 429 702 323 985 1057 612 959 546 714 322 319 598 169 527 529 594
514 724 412 0 779 266 833 229 181 391 555 737 728 253 661 187 466 684 234 349 531 168 281 820
301 1011 417 779 0 691 270 853 796 660 392 1352 1015 750 948 844 828 123 632 835 283 865 896 212
695 511 625 266 691 0 606 276 393 178 455 949 515 98 448 233 328 596 447 328 695 214 331 593
536 927 653 833 270 606 0 768 912 575 468 1406 930 666 864 760 744 358 789 751 518 781 824 89
663 576 561 229 853 276 768 0 183 243 617 739 579 263 513 73 393 758 383 352 680 95 96 755
531 609 429 181 796 393 912 183 0 359 572 572 696 380 546 216 302 701 251 185 548 238 151 899
664 377 702 391 660 178 575 243 359 0 424 857 381 238 314 234 194 565 572 194 664 256 299 562
285 776 323 555 392 455 468 617 572 424 0 1128 779 514 713 609 593 298 365 599 301 630 672 454
1087 1023 985 737 1352 949 1406 739 572 857 1128 0 1149 936 960 772 715 1257 807 730 1104 794 707 1393
1019 230 1057 728 1014 515 930 579 696 381 779 1149 0 574 297 571 461 920 909 531 1019 593 635 917
714 571 612 253 750 98 666 263 380 238 514 936 574 0 508 220 387 655 434 387 730 201 319 652
952 91 959 661 948 448 864 513 546 314 712 960 297 508 0 504 363 853 781 464 953 526 569 850
648 568 546 187 844 233 760 73 216 234 609 772 571 220 504 0 384 749 368 384 664 86 128 747
817 426 714 466 828 328 743 393 302 194 592 715 461 387 363 384 0 733 537 344 832 406 437 730
206 917 322 684 123 596 358 758 701 565 298 1257 920 655 854 749 733 0 537 740 188 771 801 300
368 844 319 234 632 447 789 383 251 572 365 807 909 434 781 368 537 537 0 420 384 349 351 775
700 527 598 349 835 328 751 352 185 194 599 730 531 387 464 384 344 740 420 0 716 406 320 737
87 1016 169 531 283 695 518 680 548 664 301 1104 1019 730 953 664 833 188 384 716 0 645 648 460
629 589 527 168 865 214 781 95 238 256 630 794 593 201 526 86 406 771 349 406 645 0 150 768
632 632 529 281 896 331 824 96 151 299 672 707 635 319 569 128 437 801 351 320 648 150 0 811
478 914 594 820 212 593 89 755 899 562 454 1393 917 652 851 747 731 300 775 737 460 768 811 0
EOF