NAME : tsp_problem
TYPE : TSP
DIMENSION : 36
EDGE_WEIGHT_TYPE : EXPLICIT
EDGE_WEIGHT_FORMAT : FULL_MATRIX
EDGE_WEIGHT_SECTION
0 433 1084 451 629 1064 458 730 165 137 270 1319 613 912 553 1384 415 1331 1072 565 716 201 259 1230 562 315 1558 186 107 458 907 1416 280 1125 1090 421
433 0 1101 557 646 1081 564 361 572 500 677 1337 412 929 458 1401 521 1349 1089 459 347 269 215 1248 193 293 1232 395 470 564 924 1405 688 1142 1107 526
1084 1101 0 979 477 280 986 920 960 1195 859 290 726 274 666 322 943 353 170 678 906 1113 1171 169 973 1226 763 1074 1058 987 198 604 849 176 109 863
451 557 979 0 525 959 56 702 482 517 381 1215 509 807 448 1279 64 1227 968 461 689 324 383 1126 686 438 1481 286 487 57 802 1312 371 1020 986 161
629 646 477 525 0 457 532 465 505 740 405 713 272 305 211 777 489 725 466 224 452 658 716 624 518 772 979 619 603 532 300 810 394 518 483 408
1064 1081 280 959 457 0 966 900 940 1175 839 295 706 373 646 402 923 563 133 658 886 1093 1151 342 953 1206 771 1054 1038 967 297 802 828 218 369 843
458 564 986 56 532 966 0 709 489 524 388 1222 516 814 455 1286 71 1234 975 468 696 331 390 1133 693 445 1488 292 494 28 809 1319 377 1027 992 167
730 361 920 702 465 900 709 0 683 796 582 1155 231 748 277 1220 666 1167 908 278 74 566 512 1066 346 589 1421 692 766 710 743 1252 571 961 926 586
165 572 960 482 505 940 489 683 0 276 146 1196 489 788 429 1260 446 1208 948 441 670 340 398 1107 701 453 1462 325 139 489 783 1292 157 1001 966 366
137 500 1195 517 740 1175 524 796 276 0 381 1430 724 1023 664 1495 481 1442 1183 676 783 267 325 1341 628 381 1624 252 173 525 1018 1527 391 1236 1201 487
270 677 859 381 405 839 388 582 146 381 0 1095 389 687 328 1159 345 1107 848 341 569 445 503 1006 749 558 1361 430 244 389 682 1192 70 900 866 265
1319 1337 290 1215 713 295 1222 1155 1196 1430 1095 0 962 472 902 147 1179 337 270 914 1142 1348 1407 255 1209 1462 516 1310 1293 1222 434 548 1084 220 287 1099
613 412 726 509 272 706 516 231 489 724 389 962 0 554 83 1026 473 974 715 84 218 617 563 873 397 641 1228 603 587 516 549 1059 378 767 732 393
912 929 274 807 305 373 814 748 788 1023 687 472 554 0 494 504 771 451 262 506 734 940 999 350 801 1054 702 902 886 815 97 533 676 314 210 691
553 458 666 448 211 646 455 277 429 664 328 902 83 494 0 966 412 914 655 51 263 582 609 813 443 687 1168 543 527 456 489 999 318 707 672 332
1384 1401 322 1279 777 402 1286 1220 1260 1495 1159 147 1026 504 966 0 1243 223 377 978 1206 1413 1471 181 1273 1526 473 1374 1358 1287 498 505 1148 295 319 1163
415 521 943 64 489 923 71 666 446 481 345 1179 473 771 412 1243 0 1191 932 425 653 288 347 1090 650 402 1445 250 451 71 766 1276 335 984 950 125
1331 1349 353 1227 725 563 1234 1167 1208 1442 1107 337 974 451 914 223 1191 0 453 926 1154 1360 1419 249 1221 1474 519 1322 1305 1235 446 351 1096 363 269 1111
1072 1089 170 968 466 133 975 908 948 1183 848 270 715 262 655 377 932 453 0 667 895 1101 1160 231 961 1215 746 1062 1046 975 187 752 837 107 258 852
565 459 678 461 224 658 468 278 441 676 341 914 84 506 51 978 425 926 667 0 264 594 610 825 444 687 1180 555 539 468 501 1011 330 719 685 344
716 347 906 689 452 886 696 74 670 783 569 1142 218 734 263 1206 653 1154 895 264 0 552 498 1053 332 576 1408 678 752 696 729 1239 558 947 913 573
201 269 1113 324 658 1093 331 566 340 267 445 1348 617 940 582 1413 288 1360 1101 594 552 0 95 1259 398 151 1394 163 237 332 936 1445 455 1154 1119 294
259 215 1171 383 716 1151 390 512 398 325 503 1407 563 999 609 1471 347 1419 1160 610 498 95 0 1318 344 119 1340 221 295 390 994 1504 514 1212 1177 352
1230 1248 169 1126 624 342 1133 1066 1107 1341 1006 255 873 350 813 181 1090 249 231 825 1053 1259 1318 0 1120 1373 622 1221 1204 1134 345 576 995 142 166 1010
562 193 973 686 518 953 693 346 701 628 749 1209 397 801 443 1273 650 1221 961 444 332 398 344 1120 0 422 1361 524 598 693 796 1305 738 1014 979 655
312 259 1224 435 769 1204 442 555 451 378 556 1459 607 1051 652 1523 399 1471 1212 653 542 148 94 1370 388 0 1384 274 348 443 1047 1556 566 1264 1230 405
1519 1193 763 1481 979 771 1488 1421 1462 1585 1361 516 1228 702 1168 473 1445 519 746 1180 1408 1355 1300 622 1321 1378 0 1480 1555 1489 770 208 1350 695 689 1365
186 395 1074 286 619 1054 292 692 325 252 430 1310 603 902 543 1374 250 1322 1062 555 678 163 221 1221 524 276 1520 0 222 293 897 1406 441 1115 1080 255
107 470 1058 487 603 1038 494 766 139 173 244 1293 587 886 527 1358 451 1305 1046 539 752 237 295 1204 598 351 1559 222 0 494 881 1390 254 1099 1064 457
458 564 987 57 532 967 28 710 489 525 389 1222 516 815 456 1287 71 1235 975 468 696 332 390 1134 693 445 1489 293 494 0 810 1319 378 1028 993 168
907 924 198 802 300 297 809 743 783 1018 682 434 549 97 489 498 766 446 187 501 729 936 994 345 796 1049 770 897 881 810 0 601 671 239 204 686
1416 1365 604 1312 810 802 1319 1252 1292 1527 1192 548 1059 533 999 505 1276 351 752 1011 1239 1445 1473 576 1305 1551 208 1406 1390 1319 601 0 1181 668 520 1196
280 688 849 371 394 828 377 571 157 391 70 1084 378 676 318 1148 335 1096 837 330 558 455 514 995 738 569 1350 441 254 378 671 1181 0 889 855 254
1125 1142 176 1020 518 218 1027 961 1001 1236 900 220 767 314 707 295 984 363 107 719 947 1154 1212 142 1014 1267 695 1115 1099 1028 239 668 889 0 173 904
1090 1107 109 986 483 369 992 926 966 1201 866 287 732 210 672 319 950 269 258 685 913 1119 1177 166 979 1232 689 1080 1064 993 204 520 855 173 0 869
421 526 863 161 408 843 167 586 366 487 265 1099 393 691 332 1163 125 1111 852 344 573 294 352 1010 655 408 1365 255 457 168 686 1196 254 904 869 0
EOF