NAME : tsp_problem
TYPE : TSP
DIMENSION : 28
EDGE_WEIGHT_TYPE : EXPLICIT
EDGE_WEIGHT_FORMAT : FULL_MATRIX
EDGE_WEIGHT_SECTION
0 538 691 799 537 193 355 813 1158 220 1039 419 1096 355 696 1654 337 1120 1324 1387 377 1540 793 847 427 527 1411 1187
538 0 671 763 29 400 423 592 937 358 818 358 875 420 475 1433 440 899 1103 1166 676 1319 572 715 334 196 1191 966
691 671 0 385 671 553 577 564 831 508 712 513 769 575 447 1327 595 793 997 1060 831 1213 466 433 489 498 1084 860
799 763 385 0 763 661 670 503 732 617 613 605 670 667 540 1227 687 694 898 961 923 1114 216 72 581 590 985 760
537 29 671 763 0 399 422 591 937 358 817 358 875 420 474 1432 440 898 1103 1166 676 1319 571 715 333 195 1190 965
193 400 553 661 399 0 318 777 1122 82 1003 383 1060 319 660 1555 301 1084 1288 1351 341 1504 757 709 391 389 1375 1151
355 423 577 670 422 318 0 498 844 346 724 105 782 61 381 1339 92 805 1010 1073 293 1226 478 622 113 249 1097 872
813 592 564 503 591 777 498 0 380 744 261 433 318 495 131 876 515 342 546 609 751 763 311 455 409 418 634 409
1158 937 831 732 937 1122 844 380 0 1089 141 779 153 841 489 727 861 308 187 395 1097 714 540 684 755 764 275 253
220 358 508 617 358 82 346 744 1089 0 970 410 1028 346 627 1510 328 1051 1255 1318 368 1472 724 665 418 348 1343 1118
1039 818 712 613 817 1003 724 261 141 970 0 660 79 722 369 722 742 189 307 369 978 609 421 565 635 645 394 185
419 358 513 605 358 383 105 433 779 410 660 0 717 102 317 1274 122 741 945 1008 358 1161 414 557 48 185 1032 808
1096 875 769 670 875 1060 782 318 153 1028 79 717 0 779 427 704 799 200 272 310 1035 591 478 622 693 702 366 126
355 420 575 667 420 319 61 495 841 346 722 102 779 0 379 1336 89 803 1007 1070 294 1223 476 619 110 247 1094 869
696 475 447 540 474 660 381 131 489 627 369 317 427 379 0 984 398 450 655 718 635 871 348 492 292 301 742 517
1653 1433 1327 1227 1432 1515 1339 876 727 1471 722 1274 704 1336 984 0 1356 568 573 466 1592 152 1036 1179 1250 1259 482 605
337 440 595 687 440 301 92 515 861 328 742 122 799 89 398 1356 0 823 1027 1090 326 1243 495 639 130 267 1114 889
1120 899 793 694 898 1084 805 342 308 1051 189 741 200 803 450 568 823 0 267 305 1059 455 502 646 716 726 362 101
1324 1103 997 898 1103 1288 1010 546 187 1255 307 945 272 1007 655 573 1027 267 0 336 1263 655 706 850 921 930 122 194
1387 1166 1060 961 1166 1351 1073 609 395 1318 369 1008 310 1070 718 466 1090 305 336 0 1326 353 769 913 984 993 430 231
505 615 769 862 614 468 232 690 1035 496 916 297 973 232 573 1531 284 997 1201 1264 0 1418 670 814 304 441 1289 1064
1540 1319 1213 1114 1319 1504 1226 763 714 1472 609 1161 591 1223 871 152 1243 455 655 353 1479 0 923 1066 1137 1146 569 492
793 572 466 216 571 757 478 311 540 724 421 414 478 476 348 1036 495 502 706 769 732 923 0 168 389 398 794 569
847 715 433 72 715 709 622 455 684 665 565 557 622 619 492 1179 639 646 850 913 875 1066 168 0 533 542 937 712
427 334 489 581 333 391 113 409 755 418 635 48 693 110 292 1250 130 716 921 984 366 1137 389 533 0 161 1008 783
527 196 498 590 195 389 249 418 764 348 645 185 702 247 301 1259 267 726 930 993 503 1146 398 542 161 0 1017 792
1411 1191 1084 985 1190 1375 1097 634 275 1343 394 1032 366 1094 742 482 1114 362 122 430 1350 569 794 937 1008 1017 0 288
1187 966 860 760 965 1151 872 409 253 1118 185 808 126 869 517 605 889 101 194 231 1125 492 569 712 783 792 288 0
EOF