NAME : tsp_problem
TYPE : TSP
DIMENSION : 82
EDGE_WEIGHT_TYPE : EXPLICIT
EDGE_WEIGHT_FORMAT : FULL_MATRIX
EDGE_WEIGHT_SECTION
0 1196 915 441 166 1196 211 273 290 736 284 87 948 1196 1119 627 344 570 1109 264 255 1236 815 1018 907 1195 204 765 318 1351 260 1284 725 790 153 312 224 1266 1273 1067 239 1005 99 308 302 794 939 431 422 237 1017 1456 1094 860 1188 147 335 1199 1196 526 1147 1089 850 287 278 858 952 902 80 1422 1102 700 1195 856 979 853 1195 362 171 426 1195 1195
1196 0 689 797 1104 30 1345 945 925 491 941 1250 530 30 440 631 872 1494 430 949 972 558 411 600 488 29 1117 462 1451 362 966 295 509 563 1069 994 1008 277 595 649 993 282 1190 926 1066 423 294 803 1017 980 599 467 416 442 57 1075 1099 33 30 1327 468 671 426 1051 948 435 291 327 1243 544 423 654 29 433 753 626 29 1496 1256 884 29 29
915 689 0 516 823 689 1064 664 644 481 661 970 441 689 612 351 592 1213 602 668 691 729 308 511 400 688 836 452 1171 753 685 777 229 171 788 714 728 759 766 560 712 498 909 646 785 287 432 522 736 700 510 809 587 353 681 795 819 692 689 1046 640 582 416 770 667 425 445 395 963 915 595 373 688 422 221 95 688 1215 975 603 688 688
441 797 516 0 349 797 584 189 302 337 346 496 549 797 720 228 249 899 710 326 347 837 416 619 508 796 361 366 691 952 353 885 326 390 314 239 252 867 874 668 237 606 435 171 394 395 540 42 422 225 618 1057 695 461 789 321 428 800 797 732 748 690 451 379 353 459 553 503 489 1023 703 301 796 457 580 454 796 735 580 123 796 796
166 1104 823 349 0 1104 314 181 199 645 192 189 856 1104 1027 535 252 673 1017 172 163 1145 724 926 815 1104 112 674 420 1260 169 1192 633 698 62 220 132 1175 1182 976 148 914 160 216 211 703 848 340 331 145 926 1365 1003 768 1096 55 244 1107 1105 629 1055 998 758 195 186 767 861 811 182 1331 1010 609 1104 764 888 761 1104 465 274 334 1103 1103
1196 30 689 797 1104 0 1345 945 925 491 941 1250 530 30 440 631 872 1494 430 949 972 558 411 600 488 29 1117 462 1451 362 966 295 509 563 1069 995 1008 277 595 649 993 282 1190 926 1066 423 294 803 1017 981 599 467 416 442 57 1075 1099 33 30 1327 468 671 426 1051 948 435 291 327 1243 544 423 654 29 433 753 626 29 1496 1256 884 29 29
211 1345 1064 584 314 1345 0 451 469 886 463 205 1097 1345 1268 776 523 413 1258 443 434 1385 964 1167 1056 1344 262 914 160 1500 439 1433 874 939 332 373 362 1415 1422 1216 377 1154 217 439 401 943 1088 574 458 416 1166 1605 1243 1009 1337 326 375 1348 1345 421 1296 1238 999 410 456 1007 1101 1051 154 1571 1251 849 1344 1005 1128 1002 1344 205 207 490 1344 1344
273 945 664 189 181 945 451 0 210 486 208 327 697 945 868 376 157 811 858 188 179 985 564 767 656 944 219 515 558 1100 184 1033 474 539 145 146 160 1015 1022 816 144 755 267 78 226 543 688 179 347 121 767 1205 843 609 937 152 259 948 945 653 896 838 599 211 201 608 702 652 320 1171 851 449 944 605 728 602 944 603 412 174 944 944
290 925 644 302 199 925 469 210 0 466 100 345 677 925 848 356 137 716 838 80 71 966 545 747 636 925 236 495 576 1081 77 1013 454 519 163 259 256 996 1003 797 258 735 284 191 160 524 669 292 239 178 747 1186 824 589 917 170 194 928 926 549 876 819 579 145 94 588 682 632 338 1152 831 430 925 585 709 582 925 620 350 287 924 924
736 491 481 337 645 491 886 486 466 0 482 791 322 491 414 237 413 1035 404 489 513 531 203 392 280 490 658 53 992 647 507 579 301 355 609 535 549 561 569 441 534 301 731 467 607 215 234 344 558 521 391 751 389 234 483 616 640 494 491 868 442 463 133 592 489 142 248 198 784 717 397 311 491 140 545 418 491 1037 797 425 490 490
284 941 661 346 192 941 463 208 100 482 0 339 693 942 865 372 154 642 854 74 65 982 561 764 652 941 230 511 570 1097 71 1030 470 535 157 333 250 1012 1019 813 265 751 278 265 154 540 685 352 165 172 763 1202 840 606 934 164 188 945 942 475 893 835 596 139 85 604 698 648 332 1168 848 446 941 602 725 598 941 614 344 361 941 940
87 1250 970 496 189 1250 205 327 345 791 339 0 1002 1250 1174 681 398 509 1163 319 309 1291 870 1073 961 1250 259 820 257 1406 315 1339 779 844 208 366 278 1321 1328 1122 294 1060 93 362 304 849 994 486 361 292 1072 1511 1149 915 1243 201 278 1253 1251 465 1202 1144 905 313 332 913 1007 957 74 1477 1156 755 1250 911 1034 907 1250 301 110 480 1249 1249
948 530 441 549 856 530 1097 697 677 322 693 1002 0 530 453 383 624 1246 443 701 724 570 163 100 78 529 869 293 1203 586 718 618 261 315 821 747 760 600 607 149 745 339 942 678 818 176 273 555 769 733 99 641 428 112 522 827 851 533 530 1079 481 171 257 803 700 266 286 237 995 756 436 406 529 263 505 378 529 1248 1008 636 529 529
1196 30 689 797 1104 30 1345 945 925 491 942 1250 530 0 440 631 872 1494 430 949 972 558 411 600 489 29 1117 462 1452 363 966 295 510 563 1069 995 1008 277 595 649 993 282 1190 927 1066 423 294 803 1017 981 600 467 416 442 57 1075 1099 33 30 1327 469 671 427 1051 948 435 291 327 1244 544 423 654 30 433 753 626 30 1496 1256 884 29 29
1119 440 612 720 1027 440 1268 868 848 414 865 1174 453 440 0 555 796 1417 51 872 895 207 334 523 412 440 1040 385 1375 418 889 375 433 486 992 918 932 389 244 573 916 250 1113 850 989 347 217 726 940 904 523 523 84 365 433 998 1023 443 441 1250 137 595 350 974 871 358 215 250 1167 343 92 577 440 356 676 550 440 1419 1179 807 439 439
627 631 351 228 535 631 776 376 356 237 372 681 383 631 555 0 303 925 544 380 403 672 251 454 342 631 548 266 882 787 397 720 160 225 500 426 439 702 709 503 424 441 621 357 497 230 375 234 448 412 453 892 530 296 624 506 530 634 632 758 583 525 351 482 379 359 388 338 674 858 537 136 631 357 415 288 631 927 687 315 630 630
344 872 592 249 252 872 523 157 137 413 154 398 624 872 796 303 0 770 785 134 125 913 492 694 583 872 290 442 629 1028 131 961 401 466 217 206 220 943 950 744 205 682 338 138 214 471 616 240 293 192 694 1133 771 537 864 223 247 875 873 603 824 766 527 199 148 535 629 579 392 1099 778 377 872 533 656 529 872 674 404 234 871 871
570 1494 1213 899 673 1494 413 811 716 1035 642 509 1246 1494 1417 925 770 0 1407 690 672 1535 1114 1316 1205 1493 621 1064 282 1335 666 1472 1023 1088 691 732 721 1455 1572 1366 736 1304 576 798 622 1093 1237 905 504 775 1316 1390 1393 1158 1486 685 597 1497 1495 195 1445 1361 1148 632 649 1157 1251 1201 513 1594 1400 998 1494 1154 1278 1151 1494 240 504 849 1493 1493
1109 430 602 710 1017 430 1258 858 838 404 854 1163 443 430 51 544 785 1407 0 862 885 216 324 513 401 429 1030 375 1364 427 879 384 422 476 981 907 921 398 253 562 906 240 1103 839 979 336 207 716 930 893 512 532 74 355 422 988 1012 433 430 1240 127 584 339 964 861 348 204 240 1156 352 82 567 430 345 666 539 430 1409 1169 797 429 429
264 949 668 326 172 949 443 188 80 489 74 319 701 949 872 380 134 690 862 0 45 989 568 771 660 948 210 518 549 1104 51 1037 478 542 137 283 230 1019 1026 820 245 758 258 215 134 547 692 316 213 152 770 1209 847 613 941 143 168 952 949 523 900 842 603 119 68 611 705 655 312 1175 855 453 948 609 732 606 948 594 324 311 948 948
255 972 691 347 163 972 434 179 71 513 65 309 724 972 895 403 125 672 885 45 0 1012 591 794 683 971 201 542 540 1128 42 1060 501 566 128 304 221 1042 1050 844 236 782 249 236 125 571 715 337 195 143 794 1232 870 636 964 134 159 975 972 505 923 866 626 110 59 635 729 679 303 1198 878 476 972 632 755 629 972 585 315 332 971 971
1270 591 763 871 1178 591 1419 1019 999 565 1015 1324 604 591 260 705 946 1568 249 1023 1046 0 485 674 562 590 1191 536 1525 562 1040 519 583 637 1142 1068 1082 532 54 723 1067 401 1264 1000 1140 497 368 877 1091 1054 673 667 196 516 583 1149 1173 594 591 1401 211 745 500 1125 1022 509 365 401 1317 486 208 728 591 506 827 700 591 1570 1330 958 590 590
815 411 308 416 724 411 964 564 545 203 561 870 163 411 334 251 492 1114 324 568 591 452 0 234 122 411 736 174 1071 567 586 499 129 183 688 614 628 482 489 283 613 221 809 546 686 43 155 422 637 600 233 672 310 75 403 695 719 414 412 946 363 305 139 670 568 147 168 118 863 638 317 273 411 145 372 246 411 1115 875 503 410 410
1018 600 511 619 926 600 1167 767 747 392 764 1073 100 600 523 454 694 1316 513 771 794 641 234 0 148 599 939 363 1274 514 788 651 332 385 891 817 831 634 678 77 815 410 1012 749 888 246 343 625 839 803 93 569 499 182 592 897 922 603 600 1149 551 99 327 873 770 336 357 307 1066 773 506 476 600 334 474 449 600 1318 1078 706 599 599
907 488 400 508 815 488 1056 656 636 280 652 961 78 489 412 342 583 1205 401 660 683 529 122 148 0 488 828 251 1162 635 677 577 220 274 780 706 719 559 566 198 704 298 901 637 777 134 232 514 728 691 148 690 387 71 481 786 810 492 489 1038 440 220 216 762 659 224 245 195 954 715 395 365 488 222 464 337 488 1207 967 595 488 487
1195 29 688 796 1104 29 1344 944 925 490 941 1250 529 29 440 631 872 1493 429 948 971 557 411 599 488 0 1116 461 1451 362 965 294 509 563 1068 994 1008 277 594 649 993 281 1189 926 1065 423 294 802 1017 980 599 467 415 441 57 1075 1099 32 30 1326 468 671 426 1050 948 434 291 326 1243 543 423 653 29 432 752 626 29 1495 1255 883 28 28
204 1117 836 361 112 1117 262 219 236 658 230 259 869 1117 1040 548 290 621 1030 210 201 1157 736 939 828 1116 0 686 369 1272 207 1205 646 711 99 191 127 1187 1194 988 142 927 198 211 249 715 860 351 369 183 939 1377 1015 781 1109 93 282 1120 1117 629 1068 1010 771 233 224 779 874 824 252 1343 1023 621 1116 777 900 774 1116 413 343 308 1116 1116
765 462 452 366 674 462 914 515 495 53 511 820 293 462 385 266 442 1064 375 518 542 503 174 363 251 461 686 0 1021 618 536 550 272 326 638 564 578 532 540 412 563 272 759 496 636 186 205 372 587 550 362 723 361 205 454 645 669 465 462 897 413 434 105 621 518 113 219 169 813 688 368 340 462 111 516 389 462 1066 826 454 461 461
318 1451 1171 691 420 1451 160 558 576 992 570 257 1203 1452 1375 882 629 282 1364 549 540 1492 1071 1274 1162 1451 369 1021 0 1586 546 1540 980 1045 439 479 468 1522 1529 1323 484 1261 324 546 445 1050 1195 681 502 523 1273 1641 1350 1116 1444 432 419 1454 1452 290 1403 1345 1106 454 563 1114 1208 1158 261 1678 1357 956 1451 1112 1235 1108 1451 74 251 597 1450 1450
1351 362 753 952 1260 362 1500 1100 1081 647 1097 1406 586 363 418 787 1028 1374 427 1104 1128 339 567 514 635 362 1272 618 1607 0 1122 194 665 719 1224 1150 1164 177 377 459 1149 437 1345 1082 1222 579 450 958 1173 1136 511 162 424 597 355 1231 1255 366 363 1482 377 437 582 1206 1104 591 447 482 1399 316 436 809 362 588 558 686 362 1583 1412 1040 361 361
260 966 685 353 169 966 439 184 77 507 71 315 718 966 889 397 131 666 879 51 42 1007 586 788 677 965 207 536 546 1122 0 1054 495 560 133 310 226 1037 1044 838 242 776 255 242 131 565 709 343 189 149 788 1227 865 630 958 140 164 969 966 499 917 860 620 116 64 629 723 673 308 1192 872 470 966 626 750 623 966 591 321 338 965 965
1284 295 777 885 1192 295 1433 1033 1013 579 1030 1339 618 295 375 720 961 1512 384 1037 1060 296 499 651 577 294 1205 550 1540 194 1054 0 598 651 1157 1083 1097 71 333 597 1081 370 1278 1015 1154 512 382 891 1105 1069 649 299 381 530 287 1163 1188 298 295 1415 334 575 515 1139 1036 523 380 415 1332 273 393 742 295 521 696 715 295 1584 1344 972 294 294
725 509 229 326 633 509 874 474 454 301 470 779 261 510 433 160 401 1023 422 478 501 550 129 332 220 509 646 272 980 665 495 598 0 103 597 523 537 580 587 381 522 319 719 455 595 108 253 332 546 509 331 770 408 174 502 604 628 513 510 856 461 403 237 580 477 245 266 216 772 736 416 183 509 243 293 166 509 1025 785 413 509 509
790 563 171 390 698 563 939 539 519 355 535 844 315 563 486 225 466 1088 476 542 566 604 183 385 274 563 711 326 1045 719 560 651 103 0 662 588 602 634 641 435 587 373 784 520 660 162 307 397 611 574 385 822 462 227 555 669 693 566 564 921 514 457 291 645 542 299 320 270 837 790 469 248 563 297 235 108 563 1090 850 478 562 562
153 1069 788 314 62 1069 332 145 163 609 157 208 821 1069 992 500 217 691 981 137 128 1109 688 891 780 1068 99 638 439 1224 133 1157 597 662 0 207 119 1139 1146 940 135 878 147 203 175 667 812 304 296 110 890 1329 967 733 1061 42 208 1072 1069 602 1020 962 723 160 150 731 825 775 201 1295 975 573 1068 729 852 726 1068 483 292 299 1068 1068
312 994 714 239 220 995 373 146 259 535 333 366 747 995 918 426 206 732 907 283 304 1035 614 817 706 994 191 564 479 1150 310 1083 523 588 207 0 106 1065 1072 866 91 804 306 89 351 593 738 229 472 182 816 1255 893 659 987 201 385 998 995 740 946 888 649 336 327 657 751 701 359 1221 901 499 994 655 778 652 994 524 451 187 994 994
224 1008 728 252 132 1008 362 160 256 549 250 278 760 1008 932 439 220 721 921 230 221 1049 628 831 719 1008 127 578 468 1164 226 1097 537 602 119 106 0 1079 1086 880 105 818 218 102 268 607 752 243 389 195 830 1269 907 673 1001 113 301 1011 1009 695 960 902 663 253 244 671 765 715 271 1235 914 513 1008 669 792 665 1008 513 363 237 1007 1007
1266 277 759 867 1175 277 1415 1015 996 561 1012 1321 600 277 389 702 943 1494 398 1019 1042 310 482 634 559 277 1187 532 1522 177 1037 71 580 634 1139 1065 1079 0 347 579 1064 352 1260 997 1137 494 365 873 1088 1051 631 282 395 512 269 1146 1170 280 278 1397 348 557 497 1121 1019 505 362 397 1314 287 406 724 277 503 678 697 277 1566 1326 954 276 276
1320 642 813 921 1229 642 1469 1069 1050 616 1066 1375 654 642 310 756 997 1619 300 1073 1097 351 536 725 613 641 1241 587 1576 613 1091 570 634 688 1193 1119 1133 583 0 774 1118 451 1314 1051 1191 548 419 927 1142 1105 724 717 247 566 634 1200 1224 645 642 1451 262 796 551 1175 1073 560 416 452 1368 537 259 778 641 557 877 751 641 1621 1381 1009 641 641
1067 649 560 668 976 649 1216 816 797 441 813 1122 149 649 573 503 744 1366 562 820 844 690 283 77 198 649 988 412 1323 459 838 597 381 435 940 866 880 579 727 0 865 459 1061 798 938 295 393 674 889 852 74 514 548 232 642 947 971 652 650 1198 601 45 377 922 820 385 406 356 1115 719 555 525 649 383 420 498 649 1368 1127 756 648 648
239 993 712 237 148 993 377 144 258 534 265 294 745 993 916 424 205 736 906 245 236 1034 613 815 704 993 142 563 484 1149 242 1081 522 587 135 91 105 1064 1071 865 0 803 233 87 284 592 737 227 404 180 815 1254 892 657 985 128 317 996 994 710 944 887 647 268 259 656 750 700 287 1220 899 498 993 653 777 650 993 528 378 222 992 992
1005 282 498 606 914 282 1154 755 735 301 751 1060 339 282 250 441 682 1304 240 758 782 367 221 410 298 281 927 272 1261 437 776 370 319 373 878 804 818 352 404 459 803 0 999 736 876 233 104 613 827 790 409 542 225 251 274 885 909 285 282 1137 278 481 236 861 758 245 101 137 1053 553 233 464 282 242 563 436 281 1306 1066 694 281 281
99 1190 909 435 160 1190 217 267 284 731 278 93 942 1190 1113 621 338 576 1103 258 249 1230 809 1012 901 1189 198 759 324 1345 255 1278 719 784 147 306 218 1260 1267 1061 233 999 0 302 296 788 933 425 417 231 1011 1450 1088 854 1182 141 330 1193 1190 532 1141 1083 844 281 272 852 947 897 86 1416 1096 694 1189 850 973 847 1189 368 177 420 1189 1189
308 926 646 171 216 926 439 78 191 467 265 362 678 927 850 357 138 798 839 215 236 967 546 749 637 926 211 496 546 1082 242 1015 455 520 203 89 102 997 1004 798 87 736 302 0 283 525 670 161 404 114 748 1187 825 591 919 197 317 930 927 710 878 820 581 268 259 589 683 633 355 1153 832 431 926 587 710 583 926 590 447 155 925 925
302 1066 785 394 211 1066 401 226 160 607 154 304 818 1066 989 497 214 622 979 134 125 1107 686 888 777 1065 249 636 445 1222 131 1154 595 660 175 351 268 1137 1144 938 284 876 296 283 0 665 810 385 291 190 888 1327 965 730 1058 182 131 1069 1067 455 1017 960 720 82 148 729 823 773 350 1293 972 571 1066 726 850 723 1066 490 218 379 1065 1065
794 423 287 395 703 423 943 543 524 215 540 849 176 423 347 230 471 1093 336 547 571 464 43 246 134 423 715 186 1050 579 565 512 108 162 667 593 607 494 501 295 592 233 788 525 665 0 167 401 616 579 245 684 322 88 416 674 698 426 424 925 375 317 151 649 547 159 180 130 842 650 329 252 423 157 351 225 423 1095 855 483 422 422
939 294 432 540 848 294 1088 688 669 234 685 994 273 294 217 375 616 1237 207 692 715 335 155 343 232 294 860 205 1195 450 709 382 253 307 812 738 752 365 372 393 737 104 933 670 810 167 0 546 761 724 343 555 193 185 286 819 843 297 295 1070 246 415 170 794 692 178 62 70 987 521 200 397 294 176 496 370 294 1239 999 627 293 293
431 803 522 42 340 803 574 179 292 344 352 486 555 803 726 234 240 905 716 316 337 843 422 625 514 802 351 372 681 958 343 891 332 397 304 229 243 873 880 674 227 613 425 161 385 401 546 0 428 215 625 1063 701 467 795 311 418 806 803 738 754 696 457 369 359 465 560 510 479 1029 709 307 802 463 586 460 802 725 570 113 802 802
422 1017 736 422 331 1017 458 347 239 558 165 361 769 1017 940 448 293 504 930 213 195 1058 637 839 728 1017 369 587 502 1173 189 1105 546 611 296 472 389 1088 1095 889 404 827 417 404 291 616 761 428 0 311 839 1278 916 681 1009 302 266 1020 1018 337 968 911 671 278 172 680 774 724 409 1244 923 522 1017 677 801 674 1017 547 275 500 1016 1016
237 980 700 225 145 981 416 121 178 521 172 292 733 981 904 412 192 775 893 152 143 1021 600 803 691 980 183 550 523 1136 149 1069 509 574 110 182 195 1051 1058 852 180 790 231 114 190 579 724 215 311 0 802 1241 879 645 973 117 224 984 981 617 932 874 635 175 166 643 737 687 285 1207 887 485 980 641 764 637 980 567 376 210 980 980
1017 599 510 618 926 599 1166 767 747 391 763 1072 99 600 523 453 694 1316 512 770 794 640 233 93 148 599 939 362 1273 511 788 649 331 385 890 816 830 631 677 74 815 409 1011 748 888 245 343 625 839 802 0 566 498 182 592 897 921 603 600 1149 551 96 327 873 770 335 356 306 1065 771 506 476 599 333 472 448 599 1318 1078 706 599 598
1493 504 814 1094 1401 504 1642 1242 1222 788 1239 1547 647 504 560 929 1169 1435 569 1246 1269 481 708 574 695 503 1414 759 1686 198 1263 336 807 828 1366 1292 1305 318 518 520 1290 579 1487 1224 1363 720 591 1100 1314 1278 572 0 565 729 496 1372 1397 507 504 1599 519 498 724 1348 1245 732 588 624 1541 458 577 951 504 730 619 747 504 1644 1553 1181 503 503
1094 416 587 695 1003 416 1243 843 824 389 840 1149 428 416 84 530 771 1393 74 847 870 163 310 499 387 415 1015 361 1350 424 865 381 408 462 967 893 907 395 200 548 892 225 1088 825 965 322 193 701 916 879 498 529 0 340 408 974 998 419 416 1225 74 570 325 949 847 334 190 225 1142 349 56 552 415 331 651 525 415 1395 1154 783 415 415
860 442 353 461 768 442 1009 609 589 234 606 915 112 442 365 296 537 1158 355 613 636 482 75 182 71 441 781 205 1116 597 630 530 174 227 733 659 673 512 519 232 657 251 854 591 730 88 185 467 681 645 182 702 340 0 434 739 764 445 442 991 393 254 169 715 612 178 199 149 908 668 348 318 441 175 417 291 441 1160 920 548 441 441
1188 57 681 789 1096 57 1337 937 917 483 934 1243 522 57 433 624 864 1486 422 941 964 550 403 592 481 57 1109 454 1444 355 958 287 502 555 1061 987 1001 269 587 642 985 274 1182 919 1058 416 286 795 1009 973 592 460 408 434 0 1067 1092 60 58 1319 461 664 419 1043 940 427 284 319 1236 536 415 646 57 425 745 618 57 1488 1248 876 56 56
147 1075 795 321 55 1075 326 152 170 616 164 201 827 1075 998 506 223 685 988 143 134 1116 695 897 786 1075 93 645 432 1231 140 1163 604 669 42 201 113 1146 1153 947 128 885 141 197 182 674 819 311 302 117 897 1336 974 739 1067 0 215 1078 1076 608 1027 969 729 166 157 738 832 782 195 1302 981 580 1075 736 859 732 1075 477 286 305 1074 1074
335 1099 819 428 244 1099 375 259 194 640 188 278 851 1099 1023 530 247 597 1012 168 159 1140 719 922 810 1099 282 669 419 1255 164 1188 628 693 208 385 301 1170 1177 971 317 909 330 317 131 698 843 418 266 224 921 1360 998 764 1092 215 0 1102 1100 429 1051 993 754 115 181 762 856 806 326 1326 1005 604 1099 760 883 756 1099 464 192 413 1098 1098
1199 33 692 800 1107 33 1348 948 928 494 945 1253 533 33 443 634 875 1497 433 952 975 561 414 603 492 32 1120 465 1454 366 969 298 513 566 1072 998 1011 280 598 652 996 285 1193 930 1069 426 297 806 1020 984 603 470 419 445 60 1078 1102 0 33 1330 472 674 430 1054 951 438 294 330 1247 547 426 657 33 436 756 629 33 1499 1259 887 32 32
1196 30 689 797 1105 30 1345 945 926 491 942 1251 530 30 441 632 873 1495 430 949 972 558 412 600 489 30 1117 462 1452 363 966 295 510 564 1069 995 1009 278 595 650 994 282 1190 927 1067 424 295 803 1018 981 600 468 416 442 58 1076 1100 33 0 1327 469 672 427 1051 949 435 292 327 1244 544 424 654 30 433 753 627 30 1496 1256 884 29 29
526 1327 1046 732 629 1327 421 653 549 868 475 465 1079 1327 1250 758 603 195 1240 523 505 1367 946 1149 1038 1326 629 897 290 1482 499 1415 856 921 602 740 695 1397 1404 1198 710 1137 532 710 455 925 1070 738 337 617 1149 1554 1225 991 1319 608 429 1330 1327 0 1278 1220 981 464 481 990 1084 1034 513 1553 1233 831 1326 987 1110 984 1326 248 379 806 1326 1326
1147 468 640 748 1055 468 1296 896 876 442 893 1202 481 469 137 583 824 1445 127 900 923 116 363 551 440 468 1068 413 1403 377 917 334 461 514 1020 946 960 348 153 601 944 278 1141 878 1017 375 246 754 968 932 551 482 74 393 461 1027 1051 472 469 1278 0 623 378 1002 899 386 243 278 1195 302 85 605 468 384 704 578 468 1447 1207 835 468 467
1089 671 582 690 998 671 1238 838 819 463 835 1144 171 671 595 525 766 1388 584 842 866 712 305 99 220 671 1010 434 1345 437 860 575 403 457 962 888 902 557 749 45 887 481 1083 820 960 317 415 696 911 874 96 492 570 254 664 969 993 674 672 1220 623 0 399 944 842 407 428 378 1137 697 577 547 671 405 398 520 671 1390 1150 778 670 670
850 426 416 451 758 426 999 599 579 133 596 905 257 427 350 351 527 1148 339 603 626 467 139 327 216 426 771 105 1106 582 620 515 237 291 723 649 663 497 504 377 647 236 844 581 720 151 170 457 671 635 327 687 325 169 419 729 754 430 427 981 378 399 0 705 602 31 183 133 898 653 333 381 426 29 480 354 426 1150 910 538 426 426
287 1051 770 379 195 1051 410 211 145 592 139 313 803 1051 974 482 199 632 964 119 110 1091 670 873 762 1050 233 621 454 1206 116 1139 580 645 160 336 253 1121 1128 922 268 861 281 268 82 649 794 369 278 175 873 1311 949 715 1043 166 115 1054 1051 464 1002 944 705 0 133 714 808 758 335 1277 957 555 1050 711 834 708 1050 499 227 364 1050 1050
278 948 667 353 186 948 456 201 94 489 85 332 700 948 871 379 148 649 861 68 59 989 568 770 659 948 224 518 563 1104 64 1036 477 542 150 327 244 1019 1026 820 259 758 272 259 148 547 692 359 172 166 770 1209 847 612 940 157 181 951 949 481 899 842 602 133 0 611 705 655 325 1175 854 453 948 608 732 605 948 608 338 355 947 947
858 435 425 459 767 435 1007 608 588 142 604 913 266 435 358 359 535 1157 348 611 635 476 147 336 224 434 779 113 1114 591 629 523 245 299 731 657 671 505 513 385 656 245 852 589 729 159 178 465 680 643 335 696 334 178 427 738 762 438 435 990 386 407 31 714 611 0 192 142 906 661 341 390 435 26 489 362 435 1159 919 547 434 434
952 291 445 553 861 291 1101 702 682 248 698 1007 286 291 215 388 629 1251 204 705 729 332 168 357 245 291 874 219 1208 447 723 380 266 320 825 751 765 362 369 406 750 101 947 683 823 180 62 560 774 737 356 552 190 199 284 832 856 294 292 1084 243 428 183 808 705 192 0 84 1000 518 197 411 291 189 510 383 291 1253 1013 641 290 290
902 327 395 503 811 327 1051 652 632 198 648 957 237 327 250 338 579 1201 240 655 679 367 118 307 195 326 824 169 1158 482 673 415 216 270 775 701 715 397 404 356 700 137 897 633 773 130 70 510 724 687 306 587 225 149 319 782 806 330 327 1034 278 378 133 758 655 142 84 0 950 553 233 361 327 139 460 333 326 1203 963 591 326 326
80 1243 963 489 182 1243 154 320 338 784 332 74 995 1244 1167 674 392 513 1156 312 303 1284 863 1066 954 1243 252 813 261 1399 308 1332 772 837 201 359 271 1314 1321 1115 287 1053 86 355 350 842 987 479 409 285 1065 1504 1142 908 1236 195 326 1247 1244 513 1195 1137 898 335 325 906 1000 950 0 1470 1149 748 1243 904 1027 900 1243 305 158 474 1242 1242
1422 544 915 1023 1331 544 1571 1171 1152 717 1168 1477 756 544 343 858 1099 1634 352 1175 1198 264 638 773 715 543 1343 688 1678 316 1192 273 736 790 1295 1221 1235 287 301 719 1220 553 1416 1153 1293 650 521 1029 1244 1207 771 421 349 668 536 1302 1326 547 544 1553 302 697 653 1277 1175 661 518 553 1470 0 360 880 544 659 818 853 544 1722 1482 1110 543 543
1102 423 595 703 1010 423 1251 851 831 397 848 1156 436 423 92 537 778 1400 82 855 878 175 317 506 395 423 1023 368 1357 436 872 393 416 469 975 901 914 406 212 555 899 233 1096 832 972 329 200 709 923 887 506 541 56 348 415 981 1005 426 424 1233 85 577 333 957 854 341 197 233 1149 360 0 560 423 339 659 532 423 1402 1162 790 422 422
700 654 373 301 609 654 849 449 430 311 446 755 406 654 577 136 377 998 567 453 476 694 273 476 365 653 621 340 956 809 470 742 183 248 573 499 513 724 731 525 498 464 694 431 571 252 397 307 522 485 476 914 552 318 646 580 604 657 654 831 605 547 381 555 453 390 411 361 748 880 560 0 653 387 437 311 653 1000 760 388 653 653
1195 29 688 796 1104 29 1344 944 925 491 941 1250 529 30 440 631 872 1494 430 948 972 557 411 600 488 29 1116 462 1451 362 966 295 509 563 1068 994 1008 277 594 649 993 282 1189 926 1066 423 294 802 1017 980 599 467 415 441 57 1075 1099 33 30 1326 468 671 426 1050 948 435 291 327 1243 544 423 653 0 432 753 626 29 1496 1256 884 29 29
856 433 422 457 764 433 1005 605 585 140 602 911 263 433 356 357 533 1154 345 609 632 473 145 334 222 432 777 111 1112 588 626 521 243 297 729 655 669 503 510 383 653 242 850 587 726 157 176 463 677 641 333 693 331 175 425 736 760 436 433 987 384 405 29 711 608 26 189 139 904 659 339 387 432 0 486 360 432 1156 916 544 432 432
979 753 221 580 888 753 1128 728 709 545 725 1034 505 753 676 415 656 1278 666 732 755 793 372 474 464 752 900 516 1235 558 750 696 293 235 852 778 792 678 830 420 777 563 973 710 850 351 496 586 801 764 472 614 651 417 745 859 883 756 753 1110 704 398 480 834 732 489 510 460 1027 818 659 437 753 486 0 154 752 1279 1039 667 752 752
853 626 95 454 761 626 1002 602 582 418 598 907 378 626 550 288 529 1151 539 606 629 667 246 449 337 626 774 389 1108 686 623 715 166 108 726 652 665 697 704 498 650 436 847 583 723 225 370 460 674 637 448 742 525 291 618 732 756 629 627 984 578 520 354 708 605 362 383 333 900 853 532 311 626 360 154 0 626 1153 913 541 625 625
1195 29 688 796 1104 29 1344 944 925 491 941 1250 529 30 440 631 872 1494 430 948 972 557 411 600 488 29 1116 462 1451 362 966 295 509 563 1068 994 1008 277 594 649 993 281 1189 926 1066 423 294 802 1017 980 599 467 415 441 57 1075 1099 33 30 1326 468 671 426 1050 948 435 291 326 1243 544 423 653 29 432 752 626 0 1496 1256 884 29 28
362 1496 1215 735 465 1496 205 603 620 1037 614 301 1248 1496 1419 927 674 240 1409 594 585 1537 1115 1318 1207 1495 413 1066 74 1544 591 1584 1025 1090 483 524 513 1566 1574 1368 528 1306 368 590 490 1095 1239 725 547 567 1318 1599 1395 1160 1488 477 464 1499 1496 248 1447 1390 1150 499 608 1159 1253 1203 305 1722 1402 1000 1496 1156 1279 1153 1496 0 296 641 1495 1495
171 1256 975 580 274 1256 207 412 350 797 344 110 1008 1256 1179 687 404 504 1169 324 315 1296 875 1078 967 1255 343 826 251 1412 321 1344 785 850 292 451 363 1326 1334 1127 378 1066 177 447 218 855 999 570 275 376 1078 1516 1154 920 1248 286 192 1259 1256 379 1207 1150 910 227 338 919 1013 963 158 1482 1162 760 1256 916 1039 913 1256 296 0 565 1255 1255
426 884 603 123 334 884 490 174 287 425 361 480 636 884 807 315 234 849 797 311 332 925 503 706 595 883 308 454 597 1040 338 972 413 478 299 187 237 954 962 756 222 694 420 155 379 483 627 113 500 210 706 1145 783 548 876 305 413 887 884 806 835 778 538 364 355 547 641 591 474 1110 790 388 884 544 667 541 884 641 565 0 883 883
1195 29 688 796 1103 29 1344 944 924 490 941 1249 529 29 439 630 871 1493 429 948 971 557 410 599 488 28 1116 461 1450 361 965 294 509 562 1068 994 1007 276 594 648 992 281 1189 925 1065 422 293 802 1016 980 599 466 415 441 56 1074 1098 32 29 1326 468 670 426 1050 947 434 290 326 1242 543 422 653 29 432 752 625 29 1495 1255 883 0 28
1195 29 688 796 1103 29 1344 944 924 490 940 1249 529 29 439 630 871 1493 429 948 971 557 410 599 487 28 1116 461 1450 361 965 294 509 562 1068 994 1007 276 594 648 992 281 1189 925 1065 422 293 802 1016 980 598 466 415 441 56 1074 1098 32 29 1326 467 670 426 1050 947 434 290 326 1242 543 422 653 29 432 752 625 28 1495 1255 883 28 0
EOF