NAME : tsp_problem
TYPE : TSP
DIMENSION : 34
EDGE_WEIGHT_TYPE : EXPLICIT
EDGE_WEIGHT_FORMAT : FULL_MATRIX
EDGE_WEIGHT_SECTION
0 492 807 602 788 364 714 572 356 1041 495 570 369 210 61 644 488 650 511 324 370 643 590 500 281 794 286 500 384 893 888 338 436 527
287 0 746 542 727 162 653 432 216 981 100 174 157 304 314 583 348 208 451 405 451 200 195 243 322 733 367 244 464 832 827 419 174 466
807 746 0 247 89 887 194 1157 942 292 825 900 883 983 783 288 1073 883 437 1097 1143 876 920 969 615 274 1059 969 1157 263 121 1112 899 390
602 542 247 0 228 683 154 953 737 481 621 696 679 779 578 84 869 679 233 893 939 671 716 765 411 219 855 765 952 333 328 907 695 185
788 727 89 228 0 868 175 1138 923 301 806 881 864 964 764 269 1054 864 418 1078 1124 857 901 950 596 255 1040 950 1138 244 130 1093 880 371
364 162 887 683 868 0 794 304 89 1122 165 239 89 176 392 724 221 349 592 278 323 341 260 175 463 874 239 176 337 973 968 292 106 608
714 653 194 154 175 794 0 1064 849 429 732 807 790 890 690 153 980 790 344 1004 1050 783 827 876 522 106 966 876 1064 280 275 1019 806 297
572 423 1148 944 1129 304 1055 0 251 1383 426 501 309 384 599 986 116 610 853 292 419 603 521 311 724 1135 325 311 433 1235 1229 290 291 869
356 216 942 737 923 89 849 251 0 1176 219 294 94 168 384 779 167 404 646 270 315 396 314 179 517 928 231 179 329 1028 1023 250 158 662
1041 981 292 481 301 1122 429 1392 1176 0 1060 1135 1117 1218 1017 523 1308 1118 672 1332 1377 1110 1155 1203 850 453 1294 1204 1391 264 196 1346 1134 624
366 100 825 621 806 165 732 435 219 1060 0 98 160 307 393 663 351 287 530 408 454 279 118 246 401 812 370 247 468 911 906 422 177 546
439 173 899 694 880 174 806 444 229 1133 176 0 170 317 467 736 361 360 603 418 463 353 50 256 474 885 379 257 477 985 980 432 186 619
369 157 883 679 864 89 790 309 94 1117 160 235 0 181 397 720 226 345 588 283 328 337 255 171 459 870 244 171 342 969 964 297 101 603
210 304 983 779 964 176 890 384 168 1218 307 381 181 0 237 820 300 491 688 136 182 484 402 312 457 970 98 312 196 1069 1064 150 248 703
61 489 783 578 764 392 690 599 384 1017 522 597 397 237 0 620 516 626 487 352 397 619 617 527 257 769 313 528 411 869 864 366 463 503
644 583 288 84 269 724 153 994 779 523 663 737 720 820 620 0 911 720 274 935 980 713 757 806 453 193 896 807 994 374 369 949 736 227
571 315 1040 836 1021 247 947 391 250 1275 318 393 242 383 599 878 0 502 745 411 530 495 413 203 616 1027 444 203 544 1126 1121 390 182 761
546 280 1005 801 986 345 912 615 399 1240 203 257 341 487 574 843 531 0 710 588 634 460 277 426 581 992 550 427 648 1092 1086 603 357 726
511 451 437 233 418 592 344 862 646 672 530 605 588 688 487 274 778 588 0 802 848 580 625 674 320 424 764 674 861 523 518 816 604 157
324 405 1097 893 1078 278 1004 292 270 1332 408 483 283 136 352 935 227 592 802 0 148 585 503 339 571 1084 54 340 162 1183 1178 133 319 818
370 451 1143 939 1124 323 1050 419 315 1377 454 528 328 182 397 980 354 638 848 148 0 630 548 459 617 1130 109 459 106 1229 1224 178 394 863
553 287 1013 809 994 352 920 622 407 1247 210 264 348 494 581 850 538 29 717 596 641 0 285 434 588 1000 557 434 655 1099 1094 610 364 733
459 193 919 714 900 195 826 464 249 1153 196 50 190 337 487 756 381 381 623 438 484 373 0 276 494 906 400 277 497 1005 1000 452 207 639
500 243 969 765 950 175 876 319 179 1203 246 321 171 312 527 806 236 431 674 339 459 423 341 0 545 956 372 39 472 1055 1050 318 111 689
281 322 615 411 596 463 522 733 517 850 401 476 459 457 257 453 649 459 320 571 617 451 496 545 0 602 533 545 631 701 696 586 475 336
794 733 274 219 255 874 106 1144 928 453 812 887 870 970 769 193 1060 870 424 1084 1130 862 907 956 602 0 1046 956 1143 219 355 1098 886 377
286 367 1059 855 1040 239 966 325 231 1294 370 444 244 98 313 896 260 554 764 54 109 546 465 372 533 1046 0 373 123 1145 1140 94 310 779
500 244 969 765 950 176 876 320 179 1204 247 322 171 312 528 807 236 431 674 340 459 424 342 39 545 956 373 0 473 1055 1050 319 111 690
384 464 1157 952 1138 337 1064 433 329 1391 468 542 342 196 411 994 368 652 861 162 106 644 562 472 631 1143 123 473 0 1243 1238 192 408 877
893 832 263 333 244 973 280 1243 1028 264 911 986 969 1069 869 374 1159 969 523 1183 1229 962 1006 1055 701 219 1145 1055 1243 0 344 1198 985 476
888 827 121 328 130 968 275 1238 1023 196 906 981 964 1064 864 369 1154 964 518 1178 1224 957 1001 1050 696 355 1140 1050 1238 344 0 1193 980 471
338 419 1112 907 1093 292 1019 290 250 1346 422 497 297 150 366 949 206 607 816 133 178 599 517 318 586 1098 94 319 192 1198 1193 0 298 832
436 174 899 695 880 106 806 299 158 1134 177 251 101 248 463 736 215 361 604 319 394 353 271 111 475 886 310 111 408 985 980 298 0 620
527 466 390 185 371 608 297 877 662 624 546 620 603 703 503 227 794 604 157 818 863 596 641 689 336 377 779 690 877 476 471 832 620 0
EOF