NAME : tsp_problem
TYPE : TSP
DIMENSION : 20
EDGE_WEIGHT_TYPE : EXPLICIT
EDGE_WEIGHT_FORMAT : FULL_MATRIX
EDGE_WEIGHT_SECTION
0 149 758 1045 612 539 295 318 1201 400 559 554 796 356 609 742 1110 526 551 621
359 0 631 918 485 412 168 191 1074 273 432 427 669 229 482 615 983 399 424 494
708 817 0 1393 578 887 517 666 561 749 399 903 155 704 394 728 469 875 899 936
1121 1230 1393 0 1247 915 930 820 1836 685 1194 931 1431 826 1244 1367 1745 903 927 1117
562 671 578 1247 0 742 371 521 1021 603 383 757 616 559 295 712 930 729 753 812
532 641 804 832 658 0 341 231 1247 187 605 341 842 237 655 778 1156 313 338 528
800 909 795 1220 779 598 0 440 1238 576 420 472 833 415 650 465 1147 567 509 459
395 504 666 820 521 255 203 0 1110 176 468 271 705 72 517 587 1018 243 267 337
1151 1261 561 1836 1021 1331 960 1110 0 1192 843 1346 599 1148 838 1171 153 1318 1343 1379
477 586 749 685 603 271 286 176 1192 0 550 286 787 182 599 723 1101 258 283 473
510 619 399 1194 383 689 318 468 843 550 0 574 438 506 255 353 751 669 611 561
631 740 903 931 757 208 440 271 1346 286 574 0 941 220 753 619 1255 195 149 251
746 855 155 1431 616 925 555 705 599 787 438 941 0 743 432 766 507 913 937 974
433 542 704 826 559 205 241 72 1148 182 506 220 743 0 555 562 1056 192 217 312
559 668 394 1244 295 738 367 517 838 599 255 753 432 555 0 583 746 725 750 791
838 947 728 1367 712 745 647 587 1171 723 353 619 766 562 583 0 1080 714 656 606
1060 1169 469 1745 930 1239 869 1018 153 1101 751 1255 507 1056 746 1080 0 1227 1251 1288
594 703 866 894 720 89 403 243 1309 250 667 195 904 192 717 714 1218 0 78 329
628 737 899 927 753 156 436 267 1343 283 611 149 937 217 750 656 1251 78 0 271
697 807 936 1117 823 403 506 337 1379 473 561 251 974 312 791 606 1288 329 271 0
EOF