NAME : tsp_problem
TYPE : TSP
DIMENSION : 32
EDGE_WEIGHT_TYPE : EXPLICIT
EDGE_WEIGHT_FORMAT : FULL_MATRIX
EDGE_WEIGHT_SECTION
0 112 268 875 347 772 1038 1036 1078 950 1078 874 910 893 696 532 369 1106 178 756 754 983 854 1201 358 920 1160 1148 703 1859 1137 1059
112 0 321 799 271 696 962 960 1002 874 1002 798 834 817 620 456 293 1030 102 680 678 907 778 1126 282 844 1084 1072 627 1783 1061 983
268 321 0 1051 290 948 1214 1212 1254 1126 1254 1050 1086 1069 872 708 545 1282 251 932 930 1159 1030 1377 534 1096 1336 1324 879 2035 1313 1235
875 799 1051 0 1000 122 497 445 219 232 220 332 59 42 486 468 576 247 831 324 140 132 37 343 630 560 301 290 714 1001 279 201
347 271 290 1000 0 898 1164 1162 1203 1075 1204 1000 1035 1018 821 658 495 1231 201 881 880 1108 980 1327 484 1045 1285 1274 828 1985 1263 1185
772 696 948 122 898 0 603 342 325 197 326 233 157 140 384 365 473 353 728 221 60 230 101 449 527 462 407 396 611 1107 384 306
1038 962 1214 497 1164 603 0 926 582 713 583 807 540 478 967 949 804 610 995 805 621 524 518 706 700 1035 664 653 1138 1178 641 563
898 822 1074 180 1023 145 661 0 383 155 384 359 215 198 510 491 599 411 854 347 163 288 160 507 653 587 465 454 737 1165 443 365
1078 1002 1254 219 1203 325 582 648 0 435 88 413 203 200 606 671 778 49 1034 527 343 130 240 144 832 641 108 158 917 1086 80 32
948 873 1124 167 1074 196 648 519 370 0 371 409 202 186 560 542 649 398 905 398 214 275 147 494 703 638 452 441 788 1152 430 352
1078 1002 1254 220 1204 326 583 649 88 436 0 381 203 201 575 672 779 116 1035 528 344 131 241 145 833 610 96 88 918 1086 147 69
874 798 1050 332 1000 429 807 752 413 540 381 0 307 350 215 467 575 441 831 546 447 317 345 442 629 250 393 311 718 1311 472 394
910 834 1086 59 1035 157 540 480 203 267 203 307 0 77 500 503 610 231 866 359 175 107 72 326 664 536 285 273 749 1043 262 184
893 817 1069 42 1018 140 478 463 200 250 201 350 77 0 504 486 594 228 849 342 158 143 55 324 648 578 283 271 732 982 260 182
696 620 872 486 821 384 967 648 606 562 575 215 500 504 0 289 397 634 652 367 366 511 466 635 451 260 587 504 540 1471 665 587
532 456 708 468 658 365 949 629 671 543 672 467 503 486 289 0 233 699 489 349 347 576 447 795 287 513 753 741 458 1452 730 652
369 293 545 576 495 473 804 737 778 651 779 575 610 594 397 233 0 806 326 457 455 683 555 902 124 621 861 849 404 1560 838 760
1052 976 1228 194 1178 300 557 623 279 410 279 504 236 175 664 645 753 0 1009 502 318 221 215 403 807 732 361 349 892 1060 338 260
178 102 251 831 201 728 995 993 1034 906 1035 831 866 849 652 489 326 1062 0 712 711 939 810 1158 315 876 1116 1105 659 1816 1094 1016
756 680 932 324 881 221 805 486 527 399 528 376 359 342 367 349 457 555 712 0 204 432 303 651 511 591 609 598 441 1309 587 509
754 678 930 140 880 60 621 324 343 215 344 215 175 158 366 347 455 371 711 204 0 248 119 467 509 444 425 414 593 1125 402 324
983 907 1159 132 1108 230 524 553 130 340 131 317 107 143 511 576 683 158 939 432 248 0 145 254 737 546 212 201 822 1028 190 112
854 778 1030 37 980 101 518 424 240 212 241 315 72 55 466 447 555 268 810 303 119 145 0 364 609 544 322 311 693 1022 300 222
1193 1117 1369 334 1318 440 697 763 144 550 145 442 326 316 635 786 894 148 1149 642 458 254 355 0 948 671 67 218 1032 1201 155 155
358 282 534 630 484 527 700 791 832 705 833 629 664 648 451 287 124 861 315 511 509 737 609 956 0 675 915 903 458 1614 892 814
920 844 1096 560 1045 608 1035 872 641 768 610 250 536 578 260 513 621 669 876 591 590 546 573 671 675 0 622 540 764 1539 701 623
1157 1081 1333 298 1282 404 661 727 108 514 96 393 285 280 587 750 858 112 1113 606 422 212 319 67 912 622 0 169 996 1165 144 119
1148 1072 1324 290 1274 396 653 719 158 506 88 311 273 271 504 741 849 186 1105 598 414 201 311 218 903 540 169 0 988 1156 217 139
703 627 879 714 828 611 1138 875 917 789 918 718 749 732 540 458 404 945 659 441 593 822 693 1041 458 764 999 988 0 1699 976 898
1917 1841 2093 1058 2042 1164 1235 1487 1143 1274 1144 1368 1101 1039 1528 1510 1617 1171 1873 1366 1182 1085 1079 1267 1671 1597 1225 1214 1756 0 1203 1124
1129 1053 1305 270 1254 376 633 699 80 486 147 472 262 251 665 722 829 84 1085 578 394 190 291 155 883 701 144 217 968 1137 0 91
1059 983 1235 201 1185 306 563 629 32 417 69 394 184 182 587 652 760 60 1016 509 324 112 222 155 814 623 119 139 898 1067 91 0
EOF