NAME : tsp_problem
TYPE : TSP
DIMENSION : 30
EDGE_WEIGHT_TYPE : EXPLICIT
EDGE_WEIGHT_FORMAT : FULL_MATRIX
EDGE_WEIGHT_SECTION
0 675 263 1273 1077 1077 1037 221 1146 1032 597 545 264 976 778 945 1177 1023 1140 1357 297 1061 1152 1007 679 982 322 628 2207 883
675 0 435 650 454 454 414 714 523 431 170 271 779 353 232 399 554 477 517 734 585 460 529 384 366 359 604 354 1584 260
263 435 0 1033 837 837 797 302 906 792 357 305 367 736 538 705 937 782 900 1117 173 821 912 767 439 742 192 388 1967 643
1073 450 833 0 126 126 472 1111 195 366 567 669 1176 411 594 606 226 683 190 407 982 338 201 106 802 157 1001 752 1256 317
1077 454 837 326 0 38 476 1115 200 371 572 673 1181 415 598 610 230 687 194 411 986 342 206 111 807 161 1005 756 1169 322
1077 454 837 326 38 0 476 1115 200 371 572 673 1181 415 598 610 230 687 194 411 986 342 206 111 807 161 1005 756 1169 322
1087 464 847 595 400 400 0 1126 469 503 582 683 1191 425 608 630 499 707 463 680 997 491 475 330 817 304 1016 766 1530 332
221 714 302 1311 1115 1115 1076 0 1185 1071 636 584 449 1015 816 984 1215 1061 1179 1396 452 1099 1190 1046 717 1020 145 666 2246 921
1146 523 906 147 200 200 545 1185 0 324 641 742 1250 484 584 563 51 640 38 232 1055 295 26 180 876 184 1074 825 1330 391
1032 486 792 450 371 371 596 1071 324 0 527 629 1136 535 282 261 354 339 318 441 942 99 329 307 762 234 961 711 1501 441
597 170 357 768 572 572 532 636 641 527 0 194 701 471 272 440 671 517 635 852 507 556 647 502 327 476 526 276 1702 378
545 271 305 869 673 673 634 584 742 629 194 0 649 572 374 541 773 619 737 954 455 657 748 604 177 578 474 224 1803 479
264 779 367 1376 1181 1181 1141 449 1250 1136 701 649 0 1080 881 1049 1280 1126 1244 1461 234 1164 1256 1111 782 1085 425 731 2311 986
1128 504 888 636 440 440 81 1166 509 544 622 724 1231 0 649 670 540 748 503 721 1037 531 515 371 857 345 1056 806 1570 372
778 232 538 711 598 598 559 816 584 282 272 374 881 497 0 195 614 272 578 701 687 311 590 529 507 495 706 456 1728 404
945 399 705 690 610 610 726 984 563 261 440 541 1049 665 195 0 594 102 557 680 855 290 569 546 675 474 873 624 1740 572
1154 531 914 104 208 207 553 1192 277 448 649 750 1258 492 675 687 0 764 271 488 1063 419 283 188 884 238 1082 833 1338 399
1023 477 782 767 687 687 803 1061 640 339 517 619 1126 742 272 102 671 0 635 757 932 367 646 623 752 551 951 701 1818 649
1140 517 900 153 194 194 539 1179 38 318 635 737 1244 478 578 557 57 635 0 238 1050 289 32 174 870 178 1069 819 1324 385
1349 726 1109 299 402 402 748 1387 232 441 844 945 1452 687 701 680 203 757 238 0 1258 412 226 383 1079 395 1277 1028 1533 594
297 585 173 1182 986 986 947 452 1055 942 507 455 234 886 687 855 1086 932 1050 1267 0 970 1061 917 588 891 342 537 2116 792
1061 515 821 422 342 342 567 1099 295 99 556 657 1164 506 311 290 326 367 289 412 970 0 301 278 791 206 989 740 1472 413
1152 529 912 141 206 206 551 1190 26 329 647 748 1256 490 590 569 45 646 32 226 1061 301 0 186 882 190 1080 831 1336 397
1007 384 767 307 111 111 407 1046 180 307 502 604 1111 345 529 546 210 623 174 391 917 278 186 0 737 92 936 686 1241 252
679 366 439 1003 807 807 767 717 876 762 327 177 782 706 507 675 906 752 870 1087 588 791 882 737 0 712 607 136 1937 613
982 359 742 311 161 161 381 1020 184 234 476 578 1085 320 495 474 215 551 178 395 891 206 190 92 712 0 910 661 1291 226
322 604 192 1201 1005 1005 966 145 1074 961 526 474 425 905 706 873 1105 951 1069 1286 342 989 1080 936 607 910 0 556 2135 811
628 354 388 952 756 756 716 666 825 711 276 224 731 655 456 624 856 701 819 1036 537 740 831 686 136 661 556 0 1886 562
2207 1584 1967 1457 1169 1169 1606 2246 1330 1501 1702 1803 2311 1545 1728 1740 1360 1818 1324 1541 2116 1472 1336 1241 1937 1291 2135 1886 0 1452
1093 547 853 623 544 544 769 1131 497 195 587 689 1196 708 342 322 527 399 491 614 1002 223 503 480 822 408 1021 772 1674 0
EOF