NAME : tsp_problem
TYPE : TSP
DIMENSION : 34
EDGE_WEIGHT_TYPE : EXPLICIT
EDGE_WEIGHT_FORMAT : FULL_MATRIX
EDGE_WEIGHT_SECTION
0 928 2240 392 744 833 951 1869 131 2294 611 851 2129 207 2537 963 561 183 243 723 386 632 635 625 2187 121 514 976 2234 1105 530 466 2097 2124
928 0 3000 942 395 1594 350 2629 1036 3054 1371 1611 2890 751 3297 1724 1321 777 1117 374 580 1392 1395 1385 2947 1025 1274 1736 2994 1865 1290 710 2857 2884
2168 2928 0 2086 2744 1993 2951 3305 2075 554 1757 2168 149 2207 3801 2146 1707 2183 2200 2723 2386 1979 1780 1807 447 2090 1944 2175 63 1427 1897 2466 257 144
392 942 2159 0 758 752 966 1788 314 2213 530 770 2048 240 2456 882 480 266 440 737 401 550 553 544 2105 329 433 895 2153 1024 449 481 2016 2043
744 395 2816 758 0 1410 418 2445 852 2870 1187 1427 2706 567 3113 1540 1138 593 933 126 396 1208 1211 1201 2763 841 1090 1552 2811 1681 1107 526 2673 2700
833 1594 2065 752 1410 0 1617 1429 741 2119 599 219 1954 873 2097 185 549 849 866 1389 1052 228 622 329 2012 756 417 214 2059 930 370 1132 1922 1949
951 350 3024 966 418 1617 0 2652 1059 3078 1395 1635 2913 774 3321 1747 1345 800 1140 397 604 1415 1418 1409 2970 1049 1298 1760 3018 1889 1314 734 2881 2908
1869 2629 3378 1788 2445 1429 2652 0 1776 3432 1892 1285 3267 1908 982 1352 1842 1884 1901 2424 2088 1352 1915 1602 3325 1791 1514 1322 3372 2243 1507 2167 3235 3262
131 1036 2147 314 852 741 1059 1776 0 2201 518 758 2037 315 2444 871 469 291 233 831 494 539 542 532 2094 43 421 884 2142 1012 438 574 2004 2031
2221 2982 554 2140 2798 2046 3005 3359 2129 0 1811 2222 670 2261 3854 2200 1761 2237 2254 2777 2440 2033 1834 1861 427 2144 1998 2229 562 1481 1951 2520 375 665
611 1371 1829 530 1187 599 1395 1892 518 1883 0 775 1718 651 2560 752 69 626 644 1166 830 585 33 398 1776 533 412 782 1823 694 461 910 1686 1713
851 1611 2241 770 1427 219 1635 1285 758 2295 775 0 2130 891 1953 138 725 866 884 1406 1070 334 798 505 2187 773 496 168 2235 1106 489 1149 2098 2125
2057 2817 149 1976 2633 1882 2841 3195 1964 670 1646 2058 0 2096 3690 2035 1596 2072 2090 2612 2276 1868 1670 1696 562 1979 1833 2065 143 1316 1786 2355 367 55
207 751 2280 240 567 873 774 1908 315 2333 651 891 2169 0 2577 1003 601 56 396 545 209 671 674 665 2226 305 554 1016 2274 1145 570 289 2137 2164
3652 4413 5162 3571 4229 3212 4436 2098 3560 5215 3675 3068 5051 3692 0 3136 3625 3668 3685 4208 3871 3136 3699 3386 5108 3575 3297 3106 5156 4027 3291 3951 5019 5046
963 1724 2218 882 1540 185 1747 1352 871 2272 752 138 2108 1003 2020 0 702 979 996 1519 1182 381 776 483 2165 886 570 61 2212 1083 524 1262 2075 2102
561 1321 1779 480 1138 549 1345 1842 469 1833 69 725 1669 601 2510 702 0 576 594 1116 780 536 92 348 1726 484 362 732 1774 644 411 860 1636 1663
183 777 2255 266 593 849 800 1884 291 2309 626 866 2145 56 2552 979 576 0 372 572 235 647 650 640 2202 280 529 991 2249 1120 545 315 2112 2139
243 1117 2273 440 933 866 1140 1901 233 2327 644 884 2162 396 2570 996 594 372 0 912 575 664 667 658 2219 248 547 1009 2267 1138 563 655 2130 2157
723 374 2795 737 126 1389 397 2424 831 2849 1166 1406 2684 545 3092 1519 1116 572 912 0 375 1187 1190 1180 2742 820 1069 1531 2789 1660 1085 505 2652 2679
386 580 2459 401 396 1052 604 2088 494 2513 830 1070 2348 209 2756 1182 780 235 575 375 0 850 853 844 2405 484 733 1195 2453 1324 749 202 2316 2343
632 1392 2052 550 1208 228 1415 1352 539 2105 585 334 1941 671 2020 381 536 647 664 1187 850 0 609 316 1998 554 276 411 2046 917 270 930 1909 1936
635 1395 1853 553 1211 622 1418 1915 542 1907 33 798 1742 674 2583 776 92 650 667 1190 853 609 0 421 1799 557 436 805 1847 718 484 933 1710 1737
625 1385 1879 544 1201 329 1409 1602 532 1933 398 505 1768 665 2270 483 348 640 658 1180 844 316 421 0 1826 547 171 512 1873 744 125 924 1736 1763
2114 2875 447 2033 2691 1939 2898 3252 2022 427 1703 2115 562 2154 3747 2093 1654 2129 2147 2669 2333 1926 1727 1753 0 2037 1890 2122 455 1374 1844 2413 268 558
121 1025 2162 329 841 756 1049 1791 43 2216 533 773 2052 305 2459 886 484 280 248 820 484 554 557 547 2109 0 436 899 2157 1027 453 563 2019 2046
514 1274 2016 433 1090 417 1298 1514 421 2070 412 496 1905 554 2182 570 362 529 547 1069 733 276 436 171 1963 436 0 599 2010 881 76 813 1873 1900
976 1736 2248 895 1552 214 1760 1322 884 2302 782 168 2137 1016 1990 61 732 991 1009 1531 1195 411 805 512 2194 899 599 0 2242 1113 553 1275 2105 2132
2162 2922 63 2081 2738 1987 2945 3300 2069 562 1751 2163 143 2201 3795 2140 1701 2177 2194 2717 2381 1973 1775 1801 455 2084 1938 2170 0 1421 1891 2460 265 138
1105 1865 1499 1024 1681 930 1889 2243 1012 1553 694 1106 1389 1145 2911 1083 644 1120 1138 1660 1324 917 718 744 1446 1027 881 1113 1493 0 835 1404 1356 1383
530 1290 1970 449 1107 370 1314 1507 438 2023 461 489 1859 570 2175 524 411 545 563 1085 749 270 484 125 1916 453 76 553 1964 835 0 829 1827 1854
466 710 2539 481 526 1132 734 2167 574 2592 910 1149 2428 289 2835 1262 860 315 655 505 202 930 933 924 2485 563 813 1275 2533 1404 829 0 2396 2423
2025 2785 257 1943 2601 1850 2808 3163 1932 375 1614 2025 367 2064 3658 2003 1564 2040 2057 2580 2243 1836 1637 1664 268 1947 1801 2032 265 1284 1754 2323 0 362
2052 2812 144 1970 2628 1877 2835 3189 1959 665 1641 2052 55 2091 3684 2030 1591 2067 2084 2607 2270 1863 1664 1691 558 1974 1828 2059 138 1311 1781 2350 362 0
EOF