NAME : tsp_problem
TYPE : TSP
DIMENSION : 32
EDGE_WEIGHT_TYPE : EXPLICIT
EDGE_WEIGHT_FORMAT : FULL_MATRIX
EDGE_WEIGHT_SECTION
0 2588 259 753 2252 742 986 2010 717 327 726 855 927 2190 420 509 1029 2164 630 534 903 487 881 620 796 663 613 874 300 802 715 2083
3670 0 3587 4026 5142 4014 3875 4900 3059 3599 3998 3034 4200 5080 3636 4024 4301 5054 3359 4049 3205 3759 3228 4135 3203 3504 3086 3764 3627 3692 3987 4973
259 2505 0 634 2169 623 902 1926 633 208 607 771 808 2107 301 519 910 2081 546 545 820 368 798 630 713 580 529 791 82 719 596 2000
753 2944 634 0 2607 237 1341 2365 1072 466 65 1210 271 2546 473 418 373 2520 985 581 1258 353 1236 666 1151 1019 968 1229 596 1158 73 2438
2180 3814 2096 2535 0 2523 1688 301 2045 2108 2507 2135 2709 698 2145 2533 2810 672 1797 2558 2025 2268 2002 2644 1917 1611 2005 1404 2137 1450 2496 233
742 2932 623 237 2596 0 1329 2354 1060 455 209 1199 216 2534 461 406 318 2508 974 569 1247 342 1225 655 1140 1007 957 1218 584 1146 198 2427
986 2793 902 1341 1760 1329 0 1518 851 914 1313 941 1515 1699 951 1339 1616 1673 603 1365 831 1074 809 1450 724 417 811 388 943 376 1303 1591
1937 3572 1854 2293 301 2281 1446 0 1803 1866 2265 1892 2467 455 1903 2291 2568 429 1555 2316 1782 2026 1760 2402 1675 1369 1763 1162 1895 1208 2254 211
717 1977 633 1072 2117 1060 851 1875 0 645 1044 153 1246 2056 682 1070 1347 2030 375 1096 207 805 185 1181 160 480 132 740 674 668 1033 1949
327 2517 208 466 2181 455 914 1939 645 0 439 784 640 2119 133 499 742 2093 559 525 832 199 810 610 725 592 542 803 169 731 428 2012
726 2916 607 65 2580 209 1313 2338 1044 439 0 1182 303 2518 445 390 405 2492 957 553 1231 326 1209 639 1124 991 941 1202 568 1130 48 2411
855 1952 771 1210 2207 1199 941 1965 153 784 1182 0 1384 2145 820 1208 1485 2119 464 1234 202 943 225 1319 249 569 270 829 812 757 1172 2038
927 3118 808 271 2781 216 1515 2539 1246 640 303 1384 0 2720 647 592 137 2694 1159 755 1433 528 1410 840 1325 1193 1142 1403 770 1332 311 2612
2118 3752 2034 2473 698 2462 1626 455 1983 2047 2446 2073 2647 0 2084 2471 2749 140 1736 2497 1963 2206 1941 2582 1856 1549 1943 1343 2075 1388 2435 529
420 2554 301 473 2218 461 951 1976 682 133 445 820 647 2156 0 562 748 2130 595 618 869 206 847 704 762 629 579 840 263 768 434 2049
509 2942 519 418 2606 406 1339 2363 1070 499 390 1208 592 2544 562 0 693 2518 983 523 1257 442 1235 609 1150 1017 966 1228 481 1156 379 2437
1029 3219 910 373 2883 318 1616 2641 1347 742 405 1485 137 2821 748 693 0 2795 1260 856 1534 629 1512 942 1427 1294 1244 1505 871 1433 413 2714
2092 3727 2008 2447 672 2436 1600 429 1957 2021 2420 2047 2621 140 2058 2445 2723 0 1710 2471 1937 2180 1915 2556 1830 1523 1917 1317 2049 1362 2409 503
630 2277 546 985 1870 974 603 1628 375 559 957 464 1159 1808 595 983 1260 1782 0 1009 354 718 332 1094 247 216 301 492 587 420 947 1701
534 2967 545 581 2631 569 1365 2389 1096 525 553 1234 755 2569 618 523 856 2543 1009 0 1282 606 1260 299 1175 1042 992 1253 506 1181 542 2462
903 2123 820 1258 2097 1247 831 1855 207 832 1231 202 1433 2035 869 1257 1534 2009 354 1282 0 992 56 1368 139 459 311 719 860 647 1220 1928
487 2677 368 353 2340 342 1074 2098 805 199 326 943 528 2279 206 442 629 2253 718 606 992 0 969 691 884 752 701 963 329 891 315 2171
881 2146 798 1236 2075 1225 809 1833 185 810 1209 225 1410 2013 847 1235 1512 1987 332 1260 56 969 0 1345 117 437 289 697 838 625 1198 1906
620 3053 630 666 2716 655 1450 2474 1181 610 639 1319 840 2655 704 609 942 2629 1094 299 1368 691 1345 0 1260 1128 1077 1339 592 1267 628 2548
796 2121 713 1151 1990 1140 724 1748 160 725 1124 249 1325 1928 762 1150 1427 1902 247 1175 139 884 117 1260 0 352 204 612 753 540 1113 1821
663 2422 580 1019 1683 1007 417 1441 480 592 991 569 1193 1622 629 1017 1294 1596 216 1042 459 752 437 1128 352 0 439 305 620 234 980 1514
613 2004 529 968 2077 957 811 1835 132 542 941 270 1142 2015 579 966 1244 1990 301 992 311 701 289 1077 204 439 0 699 570 628 930 1908
874 2682 791 1229 1477 1218 388 1235 740 803 1202 829 1403 1415 840 1228 1505 1389 492 1253 719 963 697 1339 612 305 699 0 831 103 1191 1308
300 2545 82 596 2209 584 943 1967 674 169 568 812 770 2147 263 481 871 2121 587 506 860 329 838 592 753 620 570 831 0 760 557 2040
802 2610 719 1158 1522 1146 376 1280 668 731 1130 757 1332 1460 768 1156 1433 1434 420 1181 647 891 625 1267 540 234 628 103 760 0 1119 1353
715 2905 596 73 2569 198 1303 2327 1033 428 48 1172 311 2507 434 379 413 2481 947 542 1220 315 1198 628 1113 980 930 1191 557 1119 0 2400
2011 3645 1927 2366 233 2354 1519 211 1876 1939 2338 1966 2540 529 1976 2364 2641 503 1628 2390 1856 2099 1833 2475 1748 1442 1836 1235 1968 1281 2327 0
EOF