NAME : tsp_problem
TYPE : TSP
DIMENSION : 40
EDGE_WEIGHT_TYPE : EXPLICIT
EDGE_WEIGHT_FORMAT : FULL_MATRIX
EDGE_WEIGHT_SECTION
0 676 699 2748 2930 1736 438 600 1324 913 752 757 2519 2764 1630 1249 1700 760 2548 2604 105 864 461 532 608 344 742 640 508 379 629 1298 3131 2976 779 2973 2677 1133 1239 725
676 0 282 2436 2618 1425 704 523 1012 359 436 959 2207 2452 1318 937 1389 176 2237 2292 603 548 728 554 331 446 426 662 530 401 352 987 2819 2664 463 2661 2365 822 927 535
699 282 0 2194 2376 1183 728 281 770 254 463 983 1965 2210 1076 695 1147 203 1995 2050 626 575 751 401 358 469 453 472 438 357 110 745 2577 2422 490 2419 2123 580 685 293
2676 2364 2122 0 678 1260 2704 2169 2064 2114 2545 2959 408 82 1277 1497 1224 2284 378 315 2603 2657 2728 2377 2440 2446 2535 2448 2414 2333 2086 1450 3817 3662 2571 721 244 1914 1804 2043
2858 2546 2304 678 0 1442 2886 2351 2246 2297 2727 3141 451 669 1459 1679 1406 2467 698 496 2785 2839 2910 2559 2622 2628 2717 2630 2596 2515 2268 1632 3999 3844 2754 199 616 2096 1986 2225
1736 1425 1183 1333 1515 0 1765 1230 1124 1175 1606 2020 1104 1348 145 517 92 1345 1133 1188 1664 1718 1788 1438 1501 1506 1596 1509 1475 1394 1147 470 3050 2896 1632 1557 1261 975 865 1104
438 704 728 2777 2959 1765 0 629 1353 942 781 457 2548 2792 1659 1277 1729 788 2577 2633 523 893 161 561 637 367 771 669 537 408 658 1327 3160 3005 807 3002 2706 1162 1267 753
600 523 281 2241 2423 1230 629 0 817 494 698 884 2012 2257 1123 742 1194 443 2042 2097 527 810 652 301 554 370 688 372 338 257 210 792 2624 2469 724 2466 2170 627 732 244
1324 1012 770 2136 2318 1124 1353 817 0 763 1193 1608 1907 2152 1018 637 1089 933 1936 1992 1251 1305 1376 1025 1088 1094 1183 1096 1063 981 735 687 2026 1872 1220 2361 2065 357 306 691
913 359 254 2187 2369 1175 942 494 763 0 540 1197 1958 2202 1069 688 1139 279 1987 2043 840 652 965 614 435 683 530 686 652 570 324 737 2570 2415 566 2412 2116 572 678 380
752 436 463 2617 2799 1606 781 698 1193 540 0 1036 2389 2633 1499 1118 1570 302 2418 2473 679 343 804 630 189 522 48 738 606 477 533 1168 3000 2845 257 2842 2546 1003 1108 716
757 959 983 3032 3214 2020 457 884 1608 1197 1036 0 2803 3047 1914 1532 1984 1043 2832 2888 785 1148 480 816 892 543 1026 924 792 663 913 1582 3415 3260 1062 3257 2961 1417 1522 1009
2447 2135 1893 408 451 1031 2476 1940 1835 1886 2316 2731 0 399 1048 1268 995 2056 287 226 2374 2428 2499 2148 2211 2217 2306 2219 2185 2104 1858 1221 3588 3433 2343 494 346 1685 1575 1814
2691 2379 2137 82 669 1276 2720 2184 2079 2130 2561 2975 399 0 1293 1512 1240 2300 394 306 2618 2672 2743 2392 2455 2461 2550 2464 2430 2348 2102 1466 3832 3677 2587 712 235 1930 1819 2058
1630 1318 1076 1350 1532 145 1659 1123 1018 1069 1499 1914 1121 1365 0 410 109 1239 1150 1206 1557 1611 1682 1331 1394 1400 1489 1402 1368 1287 1040 363 2944 2789 1526 1575 1278 868 758 997
1249 937 695 1569 1751 517 1277 742 637 688 1118 1532 1340 1585 410 0 481 857 1369 1425 1176 1230 1301 950 1013 1019 1108 1021 987 906 659 99 2563 2408 1145 1794 1498 487 377 616
1700 1389 1147 1297 1479 92 1729 1194 1089 1139 1570 1984 1068 1312 109 481 0 1309 1097 1152 1628 1682 1752 1402 1465 1470 1560 1473 1439 1358 1111 434 3015 2860 1596 1521 1225 939 829 1068
760 176 203 2357 2539 1345 788 443 933 279 302 1043 2128 2372 1239 857 1309 0 2157 2213 687 414 812 563 197 530 292 634 601 484 273 907 2740 2585 328 2582 2286 742 848 456
2476 2164 1922 378 698 1061 2505 1969 1864 1915 2345 2760 287 394 1078 1297 1025 2085 0 234 2403 2457 2528 2177 2240 2246 2335 2248 2215 2133 1887 1250 3617 3462 2372 740 307 1715 1604 1843
2531 2219 1977 315 496 1116 2560 2025 1919 1970 2401 2815 226 306 1133 1352 1080 2140 234 0 2459 2513 2583 2233 2296 2301 2391 2304 2270 2189 1942 1306 3672 3517 2427 539 253 1770 1660 1899
105 603 626 2675 2857 1664 523 527 1251 840 679 785 2446 2691 1557 1176 1628 687 2476 2531 0 791 546 459 535 271 669 567 436 306 556 1226 3058 2903 706 2900 2604 1061 1166 652
864 548 575 2729 2911 1718 893 810 1305 652 343 1148 2501 2745 1611 1230 1682 414 2530 2585 791 0 916 742 301 634 333 850 718 589 645 1280 3112 2957 128 2954 2658 1115 1220 828
461 728 751 2800 2982 1788 161 652 1376 965 804 480 2571 2816 1682 1301 1752 812 2600 2656 546 916 0 584 660 391 794 692 560 431 681 1350 3183 3028 831 3025 2729 1185 1291 777
532 554 401 2449 2631 1438 561 301 1025 614 630 816 2220 2465 1331 950 1402 563 2250 2305 459 742 584 0 486 302 620 268 111 257 330 1000 2832 2677 657 2674 2378 835 940 426
608 331 358 2512 2694 1501 637 554 1088 435 189 892 2284 2528 1394 1013 1465 197 2313 2368 535 301 660 486 0 378 179 594 462 333 428 1063 2895 2740 216 2737 2441 898 1003 611
344 446 469 2518 2700 1506 367 370 1094 683 522 543 2289 2534 1400 1019 1470 530 2318 2374 271 634 391 302 378 0 512 410 278 149 399 1069 2901 2746 549 2743 2447 903 1009 495
742 426 453 2607 2789 1596 771 688 1183 530 48 1026 2379 2623 1489 1108 1560 292 2408 2463 669 333 794 620 179 512 0 728 596 467 523 1158 2990 2835 247 2832 2536 993 1098 706
640 662 472 2520 2703 1509 669 372 1096 686 738 924 2292 2536 1402 1021 1473 634 2321 2376 567 850 692 268 594 410 728 0 305 365 402 1071 2903 2748 765 2745 2449 906 1011 497
508 530 438 2487 2669 1475 537 338 1063 652 606 792 2258 2502 1368 987 1439 601 2287 2342 436 718 560 111 462 278 596 305 0 233 368 1037 2869 2714 633 2712 2415 872 977 463
379 401 357 2405 2587 1394 408 257 981 570 477 663 2176 2421 1287 906 1358 484 2206 2261 306 589 431 257 333 149 467 365 233 0 286 956 2788 2633 504 2630 2334 791 896 382
629 352 110 2159 2341 1147 658 210 735 324 533 913 1930 2174 1040 659 1111 273 1959 2015 556 645 681 330 428 399 523 402 368 286 0 709 2542 2387 560 2384 2087 544 649 223
1298 987 745 1522 1704 470 1327 792 687 737 1168 1582 1294 1538 363 99 434 907 1323 1378 1226 1280 1350 1000 1063 1069 1158 1071 1037 956 709 0 2613 2458 1194 1747 1451 537 427 666
4139 3827 3585 5070 5252 4058 4167 3632 3034 3578 4008 4423 4841 5086 3952 3571 4022 3748 4870 4926 4066 4120 4191 3840 3903 3909 3998 3911 3877 3796 3549 3620 0 1907 4035 5295 4999 3172 3240 3506
4180 3868 3626 5111 5293 4100 4209 3673 3076 3619 4049 4464 4882 5127 3993 3612 4064 3789 4912 4967 4107 4161 4232 3881 3944 3950 4039 3952 3919 3837 3591 3662 472 0 4076 5336 5040 3213 3281 3547
779 463 490 2644 2826 1632 807 724 1220 566 257 1062 2415 2659 1526 1145 1596 328 2444 2500 706 128 831 657 216 549 247 765 633 504 560 1194 3027 2872 0 2869 2573 1029 1135 743
2900 2589 2347 721 199 1485 2929 2394 2288 2339 2770 3184 494 712 1502 1722 1449 2509 740 539 2828 2882 2952 2602 2665 2670 2760 2673 2639 2558 2311 1675 4041 3886 2796 0 659 2139 2029 2268
2604 2292 2050 244 616 1189 2633 2098 1992 2043 2474 2888 346 235 1206 1425 1153 2213 307 253 2532 2586 2656 2306 2369 2374 2464 2377 2343 2262 2015 1379 3745 3590 2500 659 0 1843 1732 1971
1133 822 580 1987 2169 975 1162 627 357 572 1003 1417 1758 2002 868 487 939 742 1787 1842 1061 1115 1185 835 898 903 993 906 872 791 544 537 2164 2009 1029 2212 1915 0 135 501
1239 927 685 1876 2058 865 1267 732 306 678 1108 1522 1647 1892 758 377 829 848 1677 1732 1166 1220 1291 940 1003 1009 1098 1011 977 896 649 427 2232 2077 1135 2101 1805 135 0 606
725 535 293 2115 2297 1104 753 244 691 380 716 1009 1886 2131 997 616 1068 456 1916 1971 652 828 777 426 611 495 706 497 463 382 223 666 2498 2343 743 2340 2044 501 606 0
EOF