NAME : tsp_problem
TYPE : TSP
DIMENSION : 32
EDGE_WEIGHT_TYPE : EXPLICIT
EDGE_WEIGHT_FORMAT : FULL_MATRIX
EDGE_WEIGHT_SECTION
0 1683 507 689 781 504 1316 1438 880 2583 1591 3055 2616 383 1103 857 2690 1763 170 1810 1024 2521 2941 903 710 1568 543 834 2703 1482 1454 456
1683 0 1493 1369 1103 1600 475 1214 1195 1265 129 2900 1298 1887 616 1636 1372 1401 1549 787 887 1203 1622 1031 1007 264 1374 1032 1384 395 1022 1274
507 1493 0 223 478 424 1126 1248 447 2394 1401 2865 2427 712 913 543 2501 1573 373 1620 834 2331 2751 564 520 1378 375 531 2513 1293 1264 288
689 1369 223 0 354 606 1001 1124 323 2269 1277 2741 2302 893 789 539 2376 1449 555 1496 710 2207 2627 440 396 1254 557 407 2389 1168 1140 470
781 1103 478 354 0 698 736 858 273 2004 1011 2475 2037 985 523 621 2111 1183 647 1230 444 1941 2361 168 217 988 472 100 2123 903 874 373
504 1600 424 606 698 0 1232 1355 796 2500 1508 2972 2533 716 1020 773 2607 1680 377 1727 941 2438 2857 819 627 1485 459 751 2620 1399 1371 372
1316 475 1126 1001 736 1232 0 846 828 1417 384 2533 1450 1520 249 1269 1524 1033 1181 644 520 1355 1774 664 639 360 1006 665 1536 275 654 907
1438 1214 1248 1124 858 1355 846 0 950 2114 1122 1863 2147 1642 755 1391 2221 355 1304 1341 578 2052 2471 786 762 1099 1129 787 2234 1013 234 1029
880 1195 447 323 273 796 828 950 0 2096 1104 2567 2129 1084 616 590 2203 1275 746 1322 536 2033 2453 198 316 1080 570 262 2215 995 967 471
2511 1193 2321 2197 1931 2428 1345 2042 2023 0 1270 3555 229 2715 1444 2464 335 2229 2377 1614 1715 91 722 1859 1835 1180 2202 1860 336 1092 1850 2103
1591 129 1401 1277 1011 1508 384 1122 1104 1343 0 2808 1376 1795 524 1544 1450 1309 1457 695 795 1280 1700 939 915 172 1282 941 1462 326 930 1183
4105 3950 3915 3791 3525 4021 3582 2913 3617 4850 3858 0 4883 4309 3492 4058 4957 3238 3971 4077 3244 4788 5208 3453 3428 3835 3795 3454 4970 3749 3090 3696
2544 1226 2354 2230 1964 2461 1378 2075 2056 229 1303 3588 0 2748 1477 2497 207 2262 2410 1647 1748 198 734 1892 1868 1213 2235 1893 160 1125 1883 2135
383 1887 712 893 985 716 1520 1642 1084 2788 1795 3259 2821 0 1307 1061 2895 1967 438 2014 1228 2725 3145 1107 914 1772 747 1038 2907 1687 1658 660
1103 616 913 789 523 1020 249 755 616 1517 524 2442 1550 1307 0 1056 1624 942 969 743 307 1454 1874 451 427 501 794 453 1636 416 564 695
857 1636 543 539 621 773 1269 1391 590 2537 1544 3008 2569 1061 1056 0 2643 1716 723 1763 977 2474 2894 707 663 1521 724 674 2656 1435 1407 637
2618 1300 2428 2304 2038 2535 1452 2149 2130 335 1377 3662 207 2822 1551 2571 0 2336 2484 1721 1822 272 619 1966 1942 1287 2309 1967 293 1199 1957 2210
1763 1401 1573 1449 1183 1680 1033 355 1275 2301 1309 2188 2334 1967 942 1716 2408 0 1629 1527 902 2239 2658 1111 1087 1285 1454 1112 2420 1200 407 1354
170 1549 373 555 647 377 1181 1304 746 2449 1457 2921 2482 438 969 723 2556 1629 0 1676 890 2387 2807 769 576 1434 409 700 2569 1348 1320 322
1810 787 1620 1496 1230 1727 644 1341 1322 1687 695 3027 1720 2014 743 1763 1794 1527 1676 0 1014 1624 2044 1158 1134 672 1501 1159 1806 586 1149 1401
1024 887 834 710 444 941 520 578 536 1788 795 2195 1820 1228 307 977 1894 902 890 1014 0 1725 2145 372 348 772 715 373 1907 686 532 615
2449 1130 2259 2134 1869 2365 1282 1979 1961 91 1208 3493 198 2653 1382 2402 272 2166 2315 1552 1653 0 660 1797 1772 1118 2139 1798 285 1029 1787 2040
2868 1550 2678 2554 2288 2785 1702 2399 2381 722 1627 3912 734 3072 1801 2821 619 2586 2734 1971 2072 660 0 2216 2192 1537 2559 2218 820 1449 2207 2460
903 1031 564 440 168 819 664 786 198 1932 939 2403 1965 1107 451 707 2039 1111 769 1158 372 1869 2289 0 267 916 593 97 2051 831 802 494
710 1007 520 396 217 627 639 762 316 1907 915 2379 1940 914 427 663 2014 1087 576 1134 348 1845 2264 267 0 891 401 268 2026 806 778 302
1568 264 1378 1254 988 1485 360 1099 1080 1253 172 2785 1286 1772 501 1521 1360 1285 1434 672 772 1190 1610 916 891 0 1259 917 1372 303 907 1159
543 1374 375 557 472 459 1006 1129 570 2274 1282 2746 2307 747 794 724 2381 1454 409 1501 715 2212 2631 593 401 1259 0 525 2394 1173 1145 249
834 1032 531 407 100 751 665 787 262 1933 941 2404 1966 1038 453 674 2040 1112 700 1159 373 1870 2290 97 268 917 525 0 2052 832 804 426
2630 1312 2441 2316 2051 2547 1464 2161 2143 336 1390 3675 160 2835 1564 2583 293 2348 2496 1734 1834 285 820 1979 1954 1300 2321 1980 0 1211 1969 2222
1482 395 1293 1168 903 1399 275 1013 995 1164 326 2700 1197 1687 416 1435 1271 1200 1348 586 686 1102 1521 831 806 303 1173 832 1284 0 821 1074
1454 1022 1264 1140 874 1371 654 234 967 1922 930 2040 1955 1658 564 1407 2029 407 1320 1149 532 1860 2279 802 778 907 1145 804 2042 821 0 1046
456 1274 288 470 373 372 907 1029 471 2175 1183 2647 2208 660 695 637 2282 1354 322 1401 615 2112 2532 494 302 1159 249 426 2294 1074 1046 0
EOF