NAME : tsp_problem
TYPE : TSP
DIMENSION : 42
EDGE_WEIGHT_TYPE : EXPLICIT
EDGE_WEIGHT_FORMAT : FULL_MATRIX
EDGE_WEIGHT_SECTION
0 2439 617 328 620 619 490 2451 2764 1123 505 720 976 404 442 982 303 271 517 604 571 501 2477 2485 1562 1451 2595 2709 1275 316 1462 787 1350 1522 567 2269 2461 91 1029 749 440 1254
2367 0 2436 2080 1946 1826 2309 280 736 2007 1992 2539 1421 2228 2407 1760 2513 2481 1933 2423 1898 1984 173 103 1111 1149 567 681 1882 2139 1136 1613 1093 1538 2386 206 270 2404 1463 1777 2192 1977
617 2508 0 673 567 767 250 2520 2833 1192 816 205 1045 581 429 1051 763 731 699 364 799 813 2546 2554 1631 1520 2664 2778 1344 662 1531 856 1419 1591 80 2338 2530 654 1098 818 281 1323
328 2152 673 0 333 332 546 2164 2477 836 218 776 689 188 417 695 474 442 230 661 284 214 2190 2198 1275 1164 2308 2422 988 100 1175 500 1063 1235 624 1982 2174 365 742 462 456 967
620 2018 567 333 0 277 440 2030 2342 701 443 670 555 481 538 561 766 734 331 555 349 435 2056 2063 1140 1030 2174 2287 854 392 1041 365 928 1101 518 1847 2040 657 608 328 323 833
619 1898 767 332 277 0 640 1910 2222 581 203 870 435 480 708 441 765 733 144 754 109 195 1936 1943 1020 910 2054 2167 734 392 921 245 808 981 717 1727 1920 656 488 208 523 713
490 2381 250 546 440 640 0 2393 2706 1064 689 353 918 454 302 924 636 604 572 150 672 685 2419 2427 1504 1393 2537 2651 1217 535 1404 729 1292 1464 200 2211 2403 527 971 691 154 1196
2379 280 2448 2092 1957 1837 2321 0 483 2019 2003 2551 1433 2239 2419 1771 2525 2492 1944 2435 1910 1996 265 326 1123 1161 314 428 1894 2151 1148 1625 1105 1550 2398 218 329 2415 1474 1788 2203 1989
2691 736 2760 2404 2270 2150 2633 483 0 2332 2316 2863 1745 2552 2731 2084 2837 2805 2257 2748 2222 2309 643 781 1436 1473 199 131 2207 2463 1460 1937 1417 1863 2711 586 779 2728 1787 2101 2516 2301
1123 2080 1192 836 701 581 1064 2092 2404 0 747 1295 630 983 1163 339 1269 1236 688 1179 654 740 2118 2125 1202 1091 2235 2349 352 895 1103 570 990 1163 1142 1909 2102 1159 586 403 947 250
505 2064 816 218 443 203 689 2076 2388 747 0 919 601 365 594 607 651 618 235 804 127 87 2102 2110 1186 1076 2220 2333 900 277 1087 412 974 1147 767 1893 2086 541 654 374 572 879
720 2611 205 776 670 870 353 2623 2936 1295 919 0 1148 685 532 1154 866 834 802 359 902 916 2650 2657 1734 1623 2767 2881 1447 765 1634 959 1522 1694 262 2441 2633 757 1201 921 384 1426
976 1493 1045 689 555 435 918 1505 1818 630 601 1148 0 836 1016 382 1122 1090 542 1032 507 593 1532 1539 616 505 1649 1763 505 748 516 222 404 576 995 1323 1515 1013 70 386 801 600
404 2300 581 188 481 480 454 2312 2624 983 365 685 836 0 325 843 551 518 377 569 431 361 2338 2345 1422 1311 2456 2569 1136 177 1323 647 1210 1383 532 2129 2322 441 890 610 405 1115
442 2480 429 417 538 708 302 2491 2804 1163 594 532 1016 325 0 1023 588 556 606 416 660 590 2518 2525 1602 1491 2635 2749 1315 405 1503 827 1390 1563 379 2309 2501 479 1069 789 252 1294
982 1832 1051 695 561 441 924 1844 2156 339 607 1154 382 843 1023 0 1129 1096 548 1039 513 600 1870 1877 954 844 1988 2101 363 755 855 413 742 915 1002 1661 1854 1019 337 263 807 457
303 2586 763 474 766 765 636 2597 2910 1269 651 866 1122 551 588 1129 0 117 663 751 717 647 2624 2631 1708 1597 2741 2855 1421 462 1609 933 1496 1669 714 2415 2607 340 1175 895 586 1400
271 2553 731 442 734 733 604 2565 2877 1236 618 834 1090 518 556 1096 117 0 630 718 684 615 2591 2599 1675 1565 2709 2822 1389 430 1576 901 1463 1636 681 2382 2575 308 1143 863 554 1368
517 2005 699 230 331 144 572 2017 2329 688 235 802 542 377 606 548 663 630 0 686 141 227 2043 2051 1127 1017 2161 2274 841 289 1028 353 915 1088 649 1834 2027 553 595 315 454 820
604 2496 364 661 555 754 150 2507 2820 1179 804 359 1032 569 416 1039 751 718 686 0 786 800 2534 2541 1618 1507 2651 2765 1331 649 1519 843 1406 1579 315 2325 2517 641 1086 806 268 1311
571 1970 799 284 349 109 672 1982 2295 654 127 902 507 431 660 513 717 684 141 786 0 120 2008 2016 1093 982 2126 2240 806 343 993 318 881 1053 749 1800 1992 607 560 280 554 785
501 2057 813 214 435 195 685 2068 2381 740 87 916 593 361 590 600 647 615 227 800 120 0 2095 2102 1179 1068 2212 2326 892 273 1080 404 967 1140 763 1886 2078 538 646 366 568 872
2405 173 2474 2118 1984 1864 2347 265 643 2045 2030 2577 1459 2266 2445 1798 2551 2519 1971 2461 1936 2022 0 218 1149 1187 475 588 1920 2177 1174 1651 1131 1576 2424 244 355 2442 1501 1815 2230 2015
2412 103 2481 2125 1991 1871 2354 326 781 2053 2037 2584 1466 2273 2453 1805 2559 2526 1978 2469 1943 2030 218 0 1157 1195 612 726 1928 2185 1181 1658 1139 1584 2432 251 232 2449 1508 1822 2237 2022
1562 1184 1631 1275 1140 1020 1504 1196 1508 1202 1186 1734 616 1422 1602 954 1708 1675 1127 1618 1093 1179 1222 1229 0 151 1339 1453 1077 1334 138 808 288 733 1581 1013 1206 1598 657 971 1386 1172
1451 1222 1520 1164 1030 910 1393 1233 1546 1091 1076 1623 505 1311 1491 844 1597 1565 1017 1507 982 1068 1260 1267 151 0 1377 1491 966 1223 33 697 326 623 1470 1051 1243 1488 547 861 1276 1061
2523 567 2592 2236 2101 1981 2465 314 199 2163 2147 2695 1577 2383 2563 1915 2669 2636 2088 2579 2054 2140 475 612 1267 1305 0 144 2038 2295 1292 1769 1249 1694 2542 417 610 2559 1618 1932 2347 2133
2636 681 2705 2349 2215 2095 2578 428 131 2277 2261 2808 1690 2497 2676 2029 2782 2750 2202 2693 2167 2254 588 726 1381 1418 144 0 2152 2408 1405 1882 1362 1808 2656 531 724 2673 1732 2046 2461 2246
1275 1955 1344 988 854 734 1217 1966 2279 352 900 1447 505 1136 1315 363 1421 1389 841 1331 806 892 1993 2000 1077 966 2110 2224 0 1047 978 630 865 1038 1295 1784 1976 1312 460 556 1100 129
316 2212 662 100 392 392 535 2223 2536 895 277 765 748 177 405 755 462 430 289 649 343 273 2250 2257 1334 1223 2367 2481 1047 0 1235 559 1122 1295 612 2041 2233 353 801 521 485 1027
1462 1208 1531 1175 1041 921 1404 1220 1533 1103 1087 1634 516 1323 1503 855 1609 1576 1028 1519 993 1080 1247 1254 138 33 1364 1478 978 1235 0 708 313 635 1482 1038 1230 1499 558 872 1287 1072
787 1685 856 500 365 245 729 1697 2010 570 412 959 222 647 827 413 933 901 353 843 318 404 1723 1731 808 697 1841 1955 630 559 708 0 596 768 806 1515 1707 823 275 197 611 702
1350 1166 1419 1063 928 808 1292 1177 1490 990 974 1522 404 1210 1390 742 1496 1463 915 1406 881 967 1204 1211 288 326 1321 1435 865 1122 313 596 0 521 1369 995 1187 1386 445 759 1174 960
1522 1611 1591 1235 1101 981 1464 1623 1935 1163 1147 1694 576 1383 1563 915 1669 1636 1088 1579 1053 1140 1649 1656 733 623 1766 1880 1038 1295 635 768 521 0 1542 1440 1633 1559 618 932 1347 1132
567 2459 80 624 518 717 200 2471 2783 1142 767 262 995 532 379 1002 714 681 649 315 749 763 2497 2504 1581 1470 2614 2728 1295 612 1482 806 1369 1542 0 2288 2481 604 1049 769 231 1274
2196 206 2265 1909 1775 1655 2138 218 586 1837 1821 2368 1250 2057 2236 1589 2342 2310 1762 2253 1727 1814 244 251 941 978 417 531 1712 1968 965 1442 922 1368 2216 0 228 2233 1292 1606 2021 1806
2389 270 2458 2102 1967 1847 2331 329 779 2029 2013 2561 1443 2249 2429 1781 2535 2502 1954 2445 1920 2006 355 232 1133 1171 610 724 1904 2161 1158 1635 1115 1560 2408 228 0 2425 1484 1798 2213 1999
91 2476 654 365 657 656 527 2488 2800 1159 541 757 1013 441 479 1019 340 308 553 641 607 538 2514 2521 1598 1488 2632 2745 1312 353 1499 823 1386 1559 604 2305 2498 0 1066 786 477 1291
1029 1535 1098 742 608 488 971 1547 1859 586 654 1201 70 890 1069 337 1175 1143 595 1086 560 646 1573 1581 657 547 1691 1804 460 801 558 275 445 618 1049 1364 1557 1066 0 439 854 555
749 1849 818 462 328 208 691 1861 2173 403 374 921 386 610 789 263 895 863 315 806 280 366 1887 1895 971 861 2005 2118 556 521 872 197 759 932 769 1678 1871 786 439 0 574 535
440 2264 281 456 323 523 154 2276 2588 947 572 384 801 405 252 807 586 554 454 268 554 568 2302 2309 1386 1276 2420 2533 1100 485 1287 611 1174 1347 231 2093 2286 477 854 574 0 1079
1254 2049 1323 967 833 713 1196 2061 2374 250 879 1426 600 1115 1294 457 1400 1368 820 1311 785 872 2087 2095 1172 1061 2205 2319 129 1027 1072 702 960 1132 1274 1879 2071 1291 555 535 1079 0
EOF