NAME : tsp_problem
TYPE : TSP
DIMENSION : 22
EDGE_WEIGHT_TYPE : EXPLICIT
EDGE_WEIGHT_FORMAT : FULL_MATRIX
EDGE_WEIGHT_SECTION
0 973 389 1034 720 1122 1194 889 740 490 588 1185 724 388 131 636 497 827 643 638 1151 771
977 0 664 374 419 407 478 173 412 716 525 469 1420 675 1007 1333 636 309 1340 428 675 1468
393 664 0 899 365 814 885 580 385 135 466 876 836 71 423 749 142 518 756 344 796 884
1043 374 899 0 654 642 655 408 647 952 477 646 1486 910 1073 1399 871 544 1406 663 910 1534
724 419 365 654 0 475 547 323 41 417 545 538 1167 376 754 1080 337 404 1087 423 601 1215
1127 407 814 642 475 0 153 267 468 866 793 144 1570 824 1157 1482 786 458 1489 578 688 1617
1198 478 885 655 547 153 0 339 540 937 865 95 1641 896 1228 1554 857 530 1561 649 759 1689
893 173 580 408 323 267 339 0 316 632 560 330 1336 591 923 1249 552 225 1256 344 535 1384
744 412 385 647 41 468 540 316 0 437 564 531 1187 396 774 1100 357 397 1107 442 594 1235
494 716 135 952 417 866 937 632 437 0 518 928 937 146 524 850 194 570 857 396 769 985
597 525 466 477 545 793 865 560 564 518 0 856 1040 477 627 953 438 579 960 330 975 1088
1189 469 876 646 538 144 95 330 531 928 856 0 1632 887 1219 1545 848 521 1552 640 750 1680
740 1442 857 1502 1189 1591 1663 1357 1209 959 1056 1654 0 857 770 171 966 1295 178 1107 1619 342
393 675 71 910 376 824 896 591 396 146 477 887 836 0 422 748 153 529 755 355 807 883
131 1003 418 1063 750 1152 1224 918 770 520 617 1215 754 418 0 666 527 856 673 668 1180 801
653 1354 770 1415 1101 1504 1575 1270 1121 871 969 1566 171 770 683 0 878 1208 61 1020 1532 255
501 636 142 871 337 786 857 552 357 194 438 848 944 153 531 857 0 490 864 316 712 992
831 309 518 544 404 458 530 225 397 570 579 521 1274 529 861 1187 490 0 1194 282 680 1322
660 1361 777 1422 1108 1511 1582 1277 1128 878 976 1573 178 777 690 61 885 1215 0 1027 1539 262
643 428 344 663 423 578 649 344 442 396 330 640 1086 355 673 999 316 282 1006 0 800 1134
1155 675 796 910 601 688 759 535 594 769 975 750 1598 807 1185 1511 712 680 1518 800 0 1646
788 1489 905 1550 1236 1639 1710 1405 1256 1006 1104 1701 342 905 818 255 1013 1343 262 1155 1667 0
EOF