NAME : tsp_problem
TYPE : TSP
DIMENSION : 70
EDGE_WEIGHT_TYPE : EXPLICIT
EDGE_WEIGHT_FORMAT : FULL_MATRIX
EDGE_WEIGHT_SECTION
0 125 86 848 367 79 670 701 1494 82 308 801 85 72 91 636 642 743 79 63 98 679 2515 848 918 541 727 75 104 637 92 171 735 542 372 65 1628 87 641 86 369 54 372 59 1341 171 730 78 107 617 95 372 722 117 635 89 752 542 312 1089 112 105 67 109 549 730 314 56 848 103
125 0 153 818 292 114 601 626 1425 157 279 726 83 124 89 561 568 668 61 173 59 610 2446 818 888 511 652 74 134 608 103 142 661 512 297 136 1559 109 566 84 340 153 297 141 1272 102 701 161 106 587 105 297 647 116 560 104 677 512 283 1020 110 89 129 130 520 656 284 140 818 64
86 153 0 842 361 91 689 695 1498 49 302 794 112 83 118 630 636 737 106 45 125 699 2519 842 911 534 721 94 70 631 104 165 729 535 366 77 1632 99 635 113 363 66 366 71 1345 199 724 45 93 610 106 366 715 89 629 101 746 536 306 1093 94 117 79 75 543 724 308 68 842 130
848 818 842 0 914 875 839 601 1648 846 692 461 806 846 812 780 588 643 799 871 819 849 2669 215 236 378 627 787 823 278 826 805 636 384 914 858 1782 831 784 807 526 887 914 863 1495 864 479 850 795 533 827 914 622 805 614 864 652 384 782 1243 799 849 851 818 589 551 787 862 215 824
367 292 361 914 0 394 463 468 1271 365 431 568 325 366 331 404 410 510 319 391 338 472 2293 914 785 663 494 307 343 759 345 325 503 664 409 377 1406 350 408 326 491 406 409 383 1118 384 740 369 314 739 346 409 489 324 402 383 519 664 434 867 319 368 371 338 672 498 436 382 914 343
79 114 91 875 394 0 659 728 1483 87 335 827 112 76 114 663 669 770 90 67 81 668 2504 875 944 567 754 102 108 664 96 198 762 568 399 69 1617 92 668 113 396 46 399 63 1330 160 757 83 134 643 99 399 748 127 662 50 779 569 339 1078 132 65 72 113 576 757 341 61 875 86
646 572 640 790 414 673 0 344 960 644 710 444 604 645 610 101 286 386 598 670 618 161 1981 790 660 793 370 586 622 889 624 604 379 794 413 656 1094 629 121 605 771 685 413 662 807 663 615 648 593 717 626 413 365 603 278 663 395 794 714 556 598 648 650 617 925 374 715 661 790 622
701 626 695 601 468 728 393 0 1202 699 764 255 659 699 665 334 142 89 653 724 672 403 2223 601 472 604 73 640 676 701 679 658 82 605 468 711 1336 684 338 660 673 740 468 716 1049 717 426 703 648 528 680 468 68 658 167 717 98 605 768 797 652 702 704 671 736 185 770 715 601 677
1512 1437 1506 1655 1279 1513 902 1209 0 1510 1575 1309 1470 1510 1475 966 1151 1251 1460 1535 1458 911 1091 1656 1526 1658 1235 1451 1487 1755 1489 1469 1244 1659 1279 1522 204 1495 987 1470 1636 1551 1279 1527 244 1443 1481 1514 1458 1582 1491 1279 1230 1469 1143 1503 1260 1660 1579 581 1463 1488 1515 1482 1790 1239 1581 1526 1656 1463
82 157 49 846 365 87 694 699 1502 0 306 799 116 79 118 634 640 741 110 41 130 703 2523 846 916 539 725 98 66 635 100 169 733 539 370 73 1636 95 639 117 367 62 370 67 1349 203 728 41 94 615 102 370 720 85 633 97 750 540 310 1097 90 113 75 71 547 728 312 64 846 134
512 482 506 805 634 539 962 952 1771 510 0 811 470 510 476 903 909 993 463 535 483 972 2792 805 875 498 977 451 487 594 490 469 986 499 639 522 1905 495 908 471 326 551 639 527 1618 528 687 514 458 574 491 639 972 469 902 528 1002 499 446 1366 463 513 515 482 506 901 451 526 805 488
801 726 794 461 568 827 493 255 1301 799 699 0 759 799 764 434 242 297 752 824 772 502 2323 461 331 464 281 740 776 560 778 758 289 465 568 811 1436 784 438 759 532 840 568 816 1149 817 286 803 747 387 780 568 276 758 267 817 306 465 789 897 752 802 804 771 595 284 794 815 461 777
85 83 112 806 325 112 628 659 1452 116 266 759 0 84 49 594 600 701 37 101 56 637 2473 806 876 499 685 33 94 595 63 129 693 500 330 95 1586 68 599 44 327 92 330 97 1299 129 688 116 65 575 64 330 680 75 593 101 710 500 270 1047 70 86 89 89 507 688 272 94 806 61
72 124 83 846 366 76 668 699 1493 79 307 799 84 0 90 635 641 741 77 60 97 678 2514 846 916 539 725 74 101 635 89 170 734 540 371 62 1627 84 639 85 368 51 371 56 1340 170 729 75 106 615 92 371 720 116 633 86 750 540 311 1088 111 102 64 106 548 729 312 53 846 102
91 89 118 812 331 114 634 665 1458 118 272 764 49 90 0 600 606 707 43 98 62 643 2479 812 881 504 691 39 100 601 69 135 699 505 336 100 1592 74 605 50 333 90 336 94 1305 135 694 114 71 580 70 336 685 81 599 107 716 505 276 1053 76 92 95 95 513 694 278 92 812 67
636 561 630 780 404 663 150 334 959 634 700 434 594 635 600 0 276 376 588 660 607 160 1980 780 650 783 360 576 612 879 614 594 368 784 403 646 1093 619 120 595 761 675 403 652 806 653 605 638 583 707 615 403 355 593 268 652 385 784 704 554 588 637 640 607 914 363 705 651 780 612
642 568 636 588 410 669 335 142 1143 640 706 242 600 641 606 276 0 184 594 666 614 344 2165 588 458 591 168 582 618 687 620 600 176 592 410 652 1278 626 280 601 659 681 410 658 990 659 413 645 589 514 622 409 163 599 130 659 193 592 710 739 594 644 646 613 722 171 711 657 588 619
743 668 737 643 510 770 435 89 1243 741 806 297 701 741 707 376 184 0 694 766 714 444 2265 643 513 646 55 682 718 742 720 700 64 647 510 753 1378 726 380 701 714 782 510 758 1091 759 468 745 689 570 722 510 50 700 209 759 50 647 810 839 694 744 746 713 778 227 812 757 643 719
79 61 106 799 319 90 606 653 1430 110 260 752 37 77 43 588 594 694 0 126 34 615 2451 799 869 492 678 27 88 589 57 123 687 493 324 89 1564 62 592 38 321 118 324 94 1277 107 682 114 59 568 58 324 673 69 586 79 703 493 264 1025 64 64 82 83 501 682 265 93 799 39
63 173 45 871 391 67 717 724 1527 41 332 824 101 60 98 660 666 766 126 0 124 726 2549 871 941 564 750 123 62 660 80 195 759 565 396 53 1662 75 664 103 393 42 396 47 1375 219 754 36 90 640 83 396 745 80 658 77 775 565 336 1123 86 93 55 67 573 754 337 44 871 118
98 59 125 819 338 81 603 672 1427 130 280 772 56 97 62 607 614 714 34 124 0 612 2449 819 889 512 698 47 107 608 76 142 706 513 343 108 1561 81 612 57 340 103 343 114 1274 105 702 134 78 588 78 343 693 89 606 70 723 513 283 1023 83 55 102 102 520 701 285 113 819 30
660 586 654 804 428 687 165 358 974 658 724 458 618 659 624 115 300 400 612 684 631 0 1995 804 674 807 384 600 636 903 638 618 392 808 427 670 1108 643 135 619 785 699 427 676 821 677 629 662 607 731 639 427 379 617 292 676 409 808 728 569 612 661 664 631 938 387 729 675 804 636
2533 2458 2527 2677 2301 2535 1923 2231 1091 2531 2597 2331 2491 2532 2497 1988 2173 2273 2482 2557 2479 1932 0 2677 2547 2680 2257 2473 2509 2776 2511 2491 2265 2681 2300 2543 1001 2516 2008 2492 2657 2572 2300 2549 1266 2464 2502 2535 2480 2604 2512 2300 2252 2490 2165 2524 2282 2681 2600 1602 2485 2509 2537 2504 2811 2260 2602 2548 2677 2484
848 818 842 215 914 875 839 601 1648 846 692 461 806 846 812 780 588 643 799 871 819 849 2669 0 236 378 627 787 823 278 826 805 636 384 914 858 1782 831 785 807 526 887 914 863 1495 864 479 850 795 533 827 914 622 805 614 864 652 384 782 1243 799 849 851 818 589 551 787 862 215 824
918 888 911 236 785 944 710 472 1518 916 762 331 876 916 881 650 458 513 869 941 889 719 2539 236 0 500 497 857 893 400 895 875 506 507 784 928 1652 901 655 876 596 957 784 933 1365 934 349 920 864 451 897 784 492 875 484 934 522 507 852 1114 869 919 921 888 659 421 857 932 236 894
541 511 534 378 663 567 842 604 1651 539 385 464 499 539 504 783 591 646 492 564 512 852 2672 378 500 0 630 480 516 167 518 498 639 150 668 551 1785 524 787 499 219 580 668 556 1498 557 340 543 487 226 520 668 625 498 617 557 655 150 475 1246 492 542 544 511 282 554 480 555 378 517
727 652 721 627 494 754 419 73 1227 725 790 281 685 725 691 360 168 55 678 750 698 428 2249 627 497 630 0 666 702 726 704 684 48 631 494 737 1362 710 364 685 698 766 494 742 1075 743 452 729 673 554 706 494 34 684 193 743 64 631 794 823 678 728 730 697 762 211 796 741 627 703
75 74 94 787 307 102 618 640 1442 98 248 740 33 74 39 576 582 682 27 123 47 627 2464 787 857 480 666 0 76 576 53 110 675 481 311 85 1577 58 580 34 309 114 312 91 1289 120 670 102 47 556 55 312 661 57 574 92 691 481 252 1038 51 77 79 71 489 670 253 90 787 51
104 134 70 823 343 108 671 676 1480 66 284 776 94 101 100 612 618 718 88 62 107 680 2501 823 893 516 702 76 0 612 114 147 711 517 348 94 1614 116 616 95 345 84 348 88 1327 180 706 62 74 592 115 348 697 85 610 118 727 517 288 1075 79 134 97 93 525 706 289 86 823 112
637 608 631 278 759 664 939 701 1747 635 481 560 595 635 601 879 687 742 589 660 608 948 2768 278 400 167 726 576 612 0 615 595 735 173 764 647 1881 620 884 596 315 676 764 652 1594 653 436 639 584 323 616 764 721 594 713 653 751 173 571 1343 588 638 640 608 378 650 576 651 278 613
92 103 104 826 345 96 648 679 1472 100 286 778 63 89 69 614 620 720 57 80 76 657 2493 826 895 518 704 53 114 615 0 149 713 519 350 82 1606 88 618 64 347 72 350 76 1319 149 708 96 85 594 84 350 699 95 613 107 729 519 290 1067 90 106 85 109 527 708 292 74 826 81
204 175 198 748 327 231 655 660 1464 202 209 755 162 203 168 596 602 702 156 228 176 665 2485 749 818 441 686 144 180 538 182 0 695 442 332 215 1598 188 600 163 270 243 332 220 1311 221 631 207 151 517 184 332 681 162 594 221 711 442 213 1059 156 206 208 175 450 690 215 219 749 181
735 661 729 636 503 762 428 82 1236 733 799 289 693 734 699 368 176 64 687 759 706 437 2258 636 506 639 48 675 711 735 713 693 0 640 502 745 1370 718 373 694 707 774 502 751 1083 752 461 737 682 562 715 502 43 692 202 752 58 640 803 832 687 736 739 706 770 219 804 750 636 711
542 512 535 384 664 568 843 605 1652 539 386 465 500 540 505 784 592 647 493 565 513 853 2673 384 507 150 631 481 517 173 519 499 640 0 669 552 1786 525 788 500 220 581 669 557 1499 558 341 544 488 227 521 669 626 499 618 558 656 152 476 1247 493 543 545 512 283 555 481 556 384 518
372 297 366 914 409 399 463 468 1271 370 435 568 330 371 336 403 410 510 324 396 343 472 2292 914 784 668 494 311 348 764 350 330 502 669 0 382 1405 355 408 331 496 411 414 387 1118 388 739 374 319 744 351 414 489 329 402 388 519 669 439 867 324 373 375 343 676 497 441 386 914 348
65 136 77 858 377 69 680 711 1504 73 318 811 95 62 100 646 652 753 89 53 108 689 2525 858 928 551 737 85 94 647 82 181 745 552 382 0 1638 77 651 96 379 45 382 49 1351 181 740 69 117 627 85 382 732 112 645 79 762 552 322 1100 118 95 58 99 559 740 324 47 858 113
1646 1571 1640 1790 1413 1648 1036 1344 204 1644 1709 1443 1604 1644 1610 1101 1285 1385 1595 1669 1592 1045 1001 1790 1660 1793 1369 1585 1622 1889 1624 1604 1378 1794 1413 1656 0 1629 1121 1605 1770 1685 1413 1661 379 1577 1615 1648 1593 1716 1625 1413 1364 1603 1278 1637 1395 1794 1713 715 1597 1622 1649 1617 1924 1373 1715 1660 1790 1597
87 109 99 831 350 92 653 684 1477 95 291 784 68 84 74 619 626 726 62 75 81 662 2498 831 901 524 710 58 116 620 88 154 718 525 355 77 1611 0 624 69 352 67 355 72 1324 154 713 91 90 600 89 355 705 100 618 102 735 525 295 1073 95 111 80 114 532 713 297 69 831 86
641 566 635 784 408 668 171 338 979 639 704 438 599 639 605 120 280 380 592 664 612 180 2000 785 655 787 364 580 616 884 618 598 373 788 408 651 1113 624 0 599 765 680 408 656 826 657 610 643 587 711 620 408 359 598 272 657 389 789 708 574 592 642 644 611 919 368 710 655 785 617
86 84 113 807 326 113 629 660 1453 117 267 759 44 85 50 595 601 701 38 103 57 638 2474 807 876 499 685 34 95 596 64 130 694 500 331 96 1587 69 599 0 328 95 331 100 1300 130 689 119 66 575 65 331 680 76 594 102 710 500 271 1048 71 87 89 90 508 689 273 97 807 62
369 340 363 526 491 396 820 673 1628 367 214 532 327 368 333 761 659 714 321 393 340 829 2650 526 596 219 698 309 345 315 347 327 707 220 496 379 1763 352 765 328 0 408 496 385 1475 386 408 371 316 295 348 496 693 326 685 386 723 220 304 1224 321 370 373 340 238 622 309 384 526 345
54 153 66 887 406 46 697 740 1521 62 347 840 92 51 90 675 681 782 118 42 103 707 2543 887 957 580 766 114 84 676 72 210 774 581 411 45 1656 67 680 95 408 0 411 39 1368 199 769 58 112 656 74 411 761 102 674 57 791 581 351 1117 107 72 47 88 588 769 353 36 887 98
372 297 366 914 409 399 463 468 1271 370 436 568 330 371 336 403 410 510 324 396 343 472 2292 914 784 668 494 312 348 764 350 330 502 669 414 382 1405 355 408 331 496 411 0 387 1118 389 739 374 319 744 351 414 489 329 402 388 519 669 439 867 324 373 376 343 676 497 441 386 914 348
59 141 71 863 383 63 685 716 1509 67 324 816 97 56 94 652 658 758 94 47 114 695 2531 863 933 556 742 91 88 652 76 186 751 557 387 49 1644 72 656 100 385 39 387 0 1356 187 746 63 116 632 79 387 737 107 650 74 767 557 328 1105 112 89 52 93 565 746 329 41 863 115
1359 1284 1353 1503 1126 1361 749 1056 244 1357 1422 1156 1317 1357 1323 814 998 1098 1307 1382 1305 758 1266 1503 1373 1506 1082 1298 1334 1602 1337 1316 1091 1507 1126 1369 379 1342 834 1318 1483 1398 1126 1374 0 1290 1328 1361 1306 1429 1338 1126 1077 1316 990 1350 1107 1507 1426 428 1310 1335 1362 1329 1637 1086 1428 1373 1503 1310
171 102 199 864 384 160 588 717 1412 203 325 817 129 170 135 653 659 759 107 219 105 598 2434 864 934 557 743 120 180 653 149 188 752 558 388 181 1547 154 657 130 386 199 389 187 1259 0 747 207 151 633 151 389 738 162 651 150 768 558 329 1008 156 135 175 175 566 747 330 186 864 109
730 701 724 479 740 757 665 426 1473 728 575 286 688 729 694 605 413 468 682 754 702 674 2494 479 349 340 452 670 706 436 708 688 461 341 739 740 1607 713 610 689 408 769 739 746 1320 747 0 732 677 373 710 739 447 687 439 747 477 341 665 1068 682 732 734 701 471 376 670 745 479 706
78 161 45 850 369 83 698 703 1506 41 310 803 116 75 114 638 645 745 114 36 134 707 2527 850 920 543 729 102 62 639 96 173 737 544 374 69 1640 91 643 119 371 58 374 63 1353 207 732 0 90 619 98 374 724 81 637 93 754 544 314 1102 86 108 71 67 551 732 316 60 850 134
107 106 93 795 314 134 642 648 1451 94 255 747 65 106 71 583 589 689 59 90 78 652 2472 795 864 487 673 47 74 584 85 118 682 488 319 117 1585 90 587 66 316 112 319 116 1298 151 677 90 0 563 86 319 668 56 582 123 698 488 259 1046 50 108 111 69 496 677 261 114 795 83
617 587 610 533 739 643 766 528 1574 615 461 387 575 615 580 707 514 570 568 640 588 775 2596 533 451 226 554 556 592 323 594 574 562 227 744 627 1709 600 711 575 295 656 744 632 1421 633 373 619 563 0 596 744 549 574 540 633 579 227 551 1170 568 618 620 587 358 477 556 631 533 593
95 105 106 827 346 99 649 680 1473 102 288 780 64 92 70 615 622 722 58 83 78 658 2495 827 897 520 706 55 115 616 84 150 715 521 351 85 1607 89 620 65 348 74 351 79 1320 151 710 98 86 596 0 351 701 97 614 109 731 521 291 1069 91 108 87 110 529 710 293 76 827 82
372 297 366 914 409 399 463 468 1271 370 436 568 330 371 336 403 409 510 324 396 343 472 2292 914 784 668 494 312 348 764 350 330 502 669 414 382 1405 355 408 331 496 411 414 387 1118 389 739 374 319 744 351 0 489 329 402 388 519 669 439 866 324 373 376 343 676 497 441 386 914 348
722 647 715 622 489 748 414 68 1222 720 785 276 680 720 685 355 163 50 673 745 693 423 2244 622 492 625 34 661 697 721 699 679 43 626 489 732 1357 705 359 680 693 761 489 737 1070 738 447 724 668 549 701 489 0 679 188 738 59 626 789 818 673 723 725 692 756 205 791 736 622 698
117 116 89 805 324 127 653 658 1461 85 265 758 75 116 81 593 599 700 69 80 89 662 2482 805 875 498 684 57 85 594 95 128 692 499 329 112 1595 100 598 76 326 102 329 107 1308 162 687 81 56 574 97 329 679 0 592 134 709 499 269 1056 60 119 115 80 506 687 271 104 805 93
635 560 629 614 402 662 327 167 1136 633 698 267 593 633 599 268 130 209 586 658 606 337 2157 614 484 617 193 574 610 713 613 592 202 618 402 645 1270 618 272 594 685 674 402 650 983 651 439 637 582 540 614 402 188 592 0 651 218 618 702 731 586 636 638 605 748 197 704 649 614 611
89 104 101 864 383 50 648 717 1472 97 325 817 101 86 107 652 659 759 79 77 70 657 2494 864 934 557 743 92 118 653 107 187 752 558 388 79 1606 102 657 102 386 57 388 74 1319 150 747 93 123 633 109 388 738 134 651 0 768 558 329 1068 128 75 82 123 566 747 330 71 864 75
752 677 746 652 519 779 444 98 1252 750 815 306 710 750 716 385 193 50 703 775 723 453 2274 652 522 655 64 691 727 751 729 709 58 656 519 762 1387 735 389 710 723 791 519 767 1100 768 477 754 698 579 731 519 59 709 218 768 0 656 819 848 703 753 755 722 787 236 821 766 652 728
542 512 536 384 664 569 843 605 1652 540 386 465 500 540 505 784 592 647 493 565 513 853 2673 384 507 150 631 481 517 173 519 499 640 152 669 552 1786 525 789 500 220 581 669 557 1499 558 341 544 488 227 521 669 626 499 618 558 656 0 476 1247 493 543 545 512 283 555 481 556 384 518
312 283 306 782 434 339 763 768 1571 310 243 789 270 311 276 704 710 810 264 336 283 772 2593 782 852 475 794 252 288 571 290 270 803 476 439 322 1706 295 708 271 304 351 439 328 1418 329 665 314 259 551 291 439 789 269 702 329 819 476 0 1167 264 313 316 283 484 798 88 327 782 288
1107 1033 1101 1251 875 1109 497 805 581 1105 1171 905 1065 1106 1071 562 747 847 1056 1131 1053 506 1602 1251 1121 1254 831 1047 1083 1350 1085 1065 839 1255 874 1117 715 1090 582 1066 1232 1146 874 1123 428 1039 1076 1109 1054 1178 1087 874 826 1064 739 1098 856 1255 1175 0 1059 1083 1111 1078 1386 835 1176 1122 1251 1058
112 110 94 799 319 132 647 652 1455 90 260 752 70 111 76 588 594 694 64 86 83 656 2477 799 869 492 678 51 79 588 90 123 687 493 324 118 1590 95 592 71 321 107 324 112 1303 156 682 86 50 568 91 324 673 60 586 128 703 493 264 1051 0 113 115 74 501 682 265 109 799 88
105 89 117 849 368 65 633 702 1457 113 310 802 86 102 92 637 644 744 64 93 55 642 2479 849 919 542 728 77 134 638 106 172 736 543 373 95 1591 111 642 87 370 72 373 89 1304 135 732 108 108 618 108 373 723 119 636 75 753 543 313 1053 113 0 98 132 550 732 315 87 849 60
67 129 79 851 371 72 673 704 1497 75 312 804 89 64 95 640 646 746 82 55 102 683 2519 851 921 544 730 79 97 640 85 175 739 545 375 58 1632 80 644 89 373 47 376 52 1345 175 734 71 111 620 87 376 725 115 638 82 755 545 316 1093 115 98 0 102 553 734 317 49 851 107
109 130 75 818 338 113 666 671 1475 71 279 771 89 106 95 607 613 713 83 67 102 676 2496 818 888 511 697 71 93 608 109 142 706 512 343 99 1609 114 611 90 340 88 343 93 1322 175 701 67 69 587 110 343 692 80 605 123 722 512 283 1070 74 132 102 0 520 701 284 91 818 107
549 520 543 589 672 576 974 736 1782 547 394 595 507 548 513 914 722 778 501 573 520 983 2804 589 659 282 762 489 525 378 527 507 770 283 676 559 1916 532 919 508 238 588 676 565 1629 566 471 551 496 358 529 676 756 506 748 566 787 283 484 1378 501 550 553 520 0 685 489 564 589 525
730 656 724 551 498 757 423 185 1231 728 789 284 688 729 694 363 171 227 682 754 701 432 2253 551 421 554 211 670 706 650 708 688 219 555 497 740 1365 713 368 689 622 769 497 746 1078 747 376 732 677 477 710 497 205 687 197 747 236 555 798 827 682 732 734 701 685 0 799 745 551 706
314 284 308 787 436 341 765 770 1573 312 248 794 272 312 278 705 711 812 265 337 285 774 2594 787 857 480 796 253 289 576 292 271 804 481 441 324 1707 297 710 273 309 353 441 329 1420 330 670 316 261 556 293 441 791 271 704 330 821 481 88 1168 265 315 317 284 489 799 0 328 787 290
56 140 68 862 382 61 684 715 1508 64 323 815 94 53 92 651 657 757 93 44 113 694 2530 862 932 555 741 90 86 651 74 185 750 556 386 47 1643 69 655 97 384 36 386 41 1355 186 745 60 114 631 76 386 736 104 649 71 766 556 327 1104 109 87 49 91 564 745 328 0 862 112
848 818 842 215 914 875 839 601 1648 846 692 461 806 846 812 780 588 643 799 871 819 849 2669 215 236 378 627 787 823 278 826 805 636 384 914 858 1782 831 785 807 526 887 914 863 1495 864 479 850 795 533 827 914 622 805 614 864 652 384 782 1243 799 849 851 818 589 551 787 862 0 824
103 64 130 824 343 86 608 677 1432 134 284 777 61 102 67 612 619 719 39 118 30 617 2453 824 894 517 703 51 112 613 81 147 711 518 348 113 1566 86 617 62 345 98 348 115 1279 109 706 134 83 593 82 348 698 93 611 75 728 518 288 1028 88 60 107 107 525 706 290 112 824 0
EOF