NAME : tsp_problem
TYPE : TSP
DIMENSION : 38
EDGE_WEIGHT_TYPE : EXPLICIT
EDGE_WEIGHT_FORMAT : FULL_MATRIX
EDGE_WEIGHT_SECTION
0 324 86 849 388 648 107 80 656 384 98 849 358 742 384 81 145 320 55 85 733 111 115 712 87 91 859 99 452 849 119 75 61 106 129 102 561 76
324 0 303 780 444 704 295 298 712 439 271 780 281 798 439 322 329 243 339 322 789 285 255 768 316 265 782 283 374 780 259 264 278 280 283 310 617 327
86 303 0 829 368 627 101 60 636 363 77 829 338 722 363 102 125 300 76 106 713 91 95 692 108 71 839 79 431 829 98 54 40 86 122 123 541 97
849 780 829 0 603 471 821 823 479 605 796 251 643 321 604 847 854 690 864 847 313 810 781 292 841 790 452 763 454 251 784 789 804 805 808 835 345 852
388 444 368 603 0 401 360 363 409 419 336 603 479 495 419 386 393 440 404 387 487 349 320 466 380 329 912 302 572 602 324 329 343 344 348 375 314 391
648 704 627 471 401 0 619 622 135 403 595 471 738 363 403 646 653 700 663 646 355 609 579 334 640 589 780 561 782 471 583 588 602 604 607 634 182 651
107 295 101 821 360 619 0 96 627 355 69 820 330 713 355 74 154 291 92 77 705 83 87 684 80 63 831 109 423 820 90 62 76 78 114 95 532 69
80 298 60 823 363 622 96 0 630 358 72 823 332 716 358 106 119 294 80 110 707 85 89 687 113 65 834 73 426 823 93 49 35 80 117 128 535 102
656 712 636 479 409 135 627 630 0 411 603 479 746 372 411 654 661 708 671 654 363 617 587 342 648 597 788 570 790 479 591 596 610 612 615 642 191 659
384 439 363 605 419 403 355 358 411 0 331 605 474 497 414 381 389 436 399 382 489 345 315 468 376 325 914 297 567 605 319 324 338 340 343 370 316 386
98 271 77 796 336 595 69 72 603 331 0 796 305 689 331 95 130 267 113 96 680 58 62 660 89 38 807 84 399 796 66 38 52 53 90 117 508 97
849 780 829 251 603 471 820 823 479 605 796 0 643 321 604 847 854 690 864 847 313 810 781 292 841 790 452 763 454 251 784 789 804 805 808 835 345 852
358 281 338 643 479 738 330 332 746 474 305 643 0 741 474 356 363 191 373 357 813 319 290 792 350 299 645 317 237 643 293 298 313 314 317 345 651 361
742 798 722 321 495 363 713 716 372 497 689 321 741 0 497 740 747 789 757 740 205 703 673 185 734 683 551 656 552 321 677 682 697 698 701 728 238 745
384 439 363 604 419 403 355 358 411 414 331 604 474 497 0 382 389 436 399 382 489 345 315 468 376 325 914 297 567 604 319 324 338 340 343 370 316 386
81 322 102 847 386 646 74 106 654 381 95 847 356 740 382 0 181 318 65 51 731 84 113 710 54 89 857 135 449 847 117 88 103 88 95 69 559 43
145 329 125 854 393 653 154 119 661 389 130 854 363 747 389 181 0 325 160 181 738 144 148 717 175 124 864 102 456 854 151 107 100 139 175 203 566 186
523 446 503 803 644 903 495 497 911 639 471 803 309 901 639 521 528 0 539 522 972 484 455 952 515 464 805 482 397 803 458 463 478 479 482 510 816 526
55 339 76 864 404 663 92 80 671 399 113 864 373 757 399 65 160 335 0 69 748 102 130 728 72 107 875 114 467 864 134 90 76 106 113 87 576 61
85 322 106 847 387 646 77 110 654 382 96 847 357 740 382 51 181 318 69 0 732 88 114 711 58 90 858 136 450 847 117 89 103 92 99 73 559 47
733 789 713 313 487 355 705 707 363 489 680 313 813 205 489 731 738 785 748 732 0 694 665 68 725 674 622 647 624 313 668 673 688 689 692 720 229 736
111 285 91 810 349 609 83 85 617 345 58 810 319 703 345 84 144 281 102 88 694 0 76 673 90 52 820 98 412 810 80 51 66 67 104 105 522 79
115 255 95 781 320 579 87 89 587 315 62 781 290 673 315 113 148 251 130 114 665 76 0 644 107 56 791 102 383 781 42 55 70 71 66 93 492 117
712 768 692 292 466 334 684 687 342 468 660 292 792 185 468 710 717 764 728 711 68 673 644 0 704 653 601 626 603 292 648 653 667 668 671 699 208 715
87 316 108 841 380 640 80 113 648 376 89 841 350 734 376 54 175 312 72 58 725 90 107 704 0 83 851 129 443 841 111 82 97 95 102 75 553 49
91 265 71 790 329 589 63 65 597 325 38 790 299 683 325 89 124 261 107 90 674 52 56 653 83 0 800 78 392 790 60 31 46 47 84 111 502 94
859 782 839 452 912 780 831 834 788 914 807 452 645 551 914 857 864 692 875 858 622 820 791 601 851 800 0 818 456 452 795 799 814 815 818 846 654 862
99 283 79 763 302 561 109 73 570 297 84 763 317 656 297 135 102 279 114 136 647 98 102 626 129 78 818 0 411 763 106 61 54 93 130 157 475 140
452 374 431 454 572 782 423 426 790 567 399 454 237 552 567 449 456 285 467 450 624 412 383 603 443 392 456 411 0 454 387 392 406 407 411 438 656 454
849 780 829 251 602 471 820 823 479 605 796 251 643 321 604 847 854 690 864 847 313 810 781 292 841 790 452 763 454 0 784 789 804 805 808 835 345 852
119 259 98 784 324 583 90 93 591 319 66 784 293 677 319 117 151 255 134 117 668 80 42 648 111 60 795 106 387 784 0 59 73 75 69 94 496 114
75 264 54 789 329 588 62 49 596 324 38 789 298 682 324 88 107 260 90 89 673 51 55 653 82 31 799 61 392 789 59 0 29 46 83 110 501 93
61 278 40 804 343 602 76 35 610 338 52 804 313 697 338 103 100 275 76 103 688 66 70 667 97 46 814 54 406 804 73 29 0 61 97 125 516 108
106 280 86 805 344 604 78 80 612 340 53 805 314 698 340 88 139 276 106 92 689 67 71 668 95 47 815 93 407 805 75 46 61 0 99 110 517 84
129 283 122 808 348 607 114 117 615 343 90 808 317 701 343 95 175 279 113 99 692 104 66 671 102 84 818 130 411 808 69 83 97 99 0 71 520 91
102 310 123 835 375 634 95 128 642 370 117 835 345 728 370 69 203 306 87 73 720 105 93 699 75 111 846 157 438 835 94 110 125 110 71 0 547 64
561 617 541 345 314 182 532 535 191 316 508 345 651 238 316 559 566 613 576 559 229 522 492 208 553 502 654 475 656 345 496 501 516 517 520 547 0 564
76 327 97 852 391 651 69 102 659 386 97 852 361 745 386 43 186 323 61 47 736 79 117 715 49 94 862 140 454 852 114 93 108 84 91 64 564 0
EOF