NAME : tsp_problem
TYPE : TSP
DIMENSION : 24
EDGE_WEIGHT_TYPE : EXPLICIT
EDGE_WEIGHT_FORMAT : FULL_MATRIX
EDGE_WEIGHT_SECTION
0 69 114 787 379 777 481 92 286 186 481 949 857 27 38 85 34 576 670 777 65 481 178 584
69 0 56 841 434 831 535 91 340 240 535 994 911 72 83 96 80 630 724 831 116 535 233 638
114 56 0 887 479 876 581 57 386 285 581 1028 957 118 87 74 95 675 769 876 94 581 278 683
787 841 887 0 456 452 384 864 645 713 384 1154 236 799 810 833 807 780 551 452 813 384 873 788
379 434 479 456 0 454 150 456 237 305 150 1156 526 392 402 425 399 782 552 454 405 150 465 790
777 831 876 452 454 0 456 854 643 711 456 845 323 789 800 823 796 471 321 251 803 456 863 479
481 535 581 384 150 456 0 558 339 407 152 1158 507 493 504 527 500 784 555 456 507 152 567 792
92 91 57 864 456 854 558 0 363 262 558 979 934 79 106 109 102 652 747 854 128 558 255 661
286 340 386 645 237 643 339 363 0 212 339 1112 715 298 309 332 305 738 741 643 312 339 372 746
186 240 285 713 305 711 407 262 212 0 407 1011 783 198 209 231 205 637 732 711 211 407 272 645
481 535 581 384 150 456 152 558 339 407 0 1158 507 493 504 527 500 784 555 456 507 152 567 792
957 1012 1057 1162 1163 852 1166 1009 1120 1019 1166 0 1032 967 980 1003 977 473 745 852 983 1166 1044 508
857 911 957 236 526 323 507 934 715 783 507 1024 0 869 880 903 876 650 421 323 883 507 943 658
27 72 118 799 392 789 493 79 298 198 493 936 869 0 41 97 38 588 682 789 78 493 191 596
38 83 87 810 402 800 504 106 309 209 504 963 880 41 0 108 48 599 693 800 88 504 201 607
85 96 74 833 425 823 527 109 332 231 527 996 903 97 108 0 105 622 716 823 88 527 224 630
34 80 95 807 399 796 500 102 305 205 500 959 876 38 48 105 0 595 689 796 85 500 198 603
576 630 675 780 782 471 784 652 738 637 784 465 650 588 599 622 595 0 363 471 602 784 662 135
670 724 769 551 552 321 555 747 741 732 555 737 421 682 693 716 689 363 0 321 696 555 756 372
777 831 876 452 454 251 456 854 643 711 456 845 323 789 800 823 796 471 321 0 803 456 863 479
65 116 94 813 405 803 507 128 312 211 507 976 883 78 88 88 85 602 696 803 0 507 204 610
481 535 581 384 150 456 152 558 339 407 152 1158 507 493 504 527 500 784 555 456 507 0 567 792
241 295 340 845 437 843 539 317 344 243 539 1066 915 253 264 286 260 692 787 843 266 539 0 700
584 638 683 788 790 479 792 661 746 645 792 500 658 596 607 630 603 135 372 479 610 792 670 0
EOF