NAME : tsp_problem
TYPE : TSP
DIMENSION : 42
EDGE_WEIGHT_TYPE : EXPLICIT
EDGE_WEIGHT_FORMAT : FULL_MATRIX
EDGE_WEIGHT_SECTION
0 231 373 232 237 407 178 222 723 205 636 240 2527 187 366 285 256 728 211 415 220 204 713 222 713 247 642 407 272 711 644 340 246 713 291 174 210 1505 235 208 225 227
231 0 357 132 135 527 77 122 707 105 620 100 2511 139 350 74 81 712 88 535 120 156 833 78 833 125 626 527 224 823 628 324 95 833 243 294 110 1489 355 92 115 299
373 357 0 358 363 669 304 348 489 331 402 366 2292 313 407 411 382 494 337 676 346 330 914 348 914 373 408 669 398 604 409 381 372 914 417 436 336 1271 496 334 351 441
232 132 358 0 60 527 69 45 707 72 620 107 2463 140 351 87 106 712 112 535 87 157 834 122 834 70 626 527 225 823 628 324 113 834 244 294 77 1442 355 108 92 299
237 135 363 60 0 533 75 50 713 77 626 112 2469 145 356 83 102 718 117 541 93 162 839 127 839 75 632 533 230 829 634 330 115 839 249 300 82 1447 360 113 98 305
407 527 669 527 533 0 473 518 626 500 618 535 2673 482 662 581 551 631 507 283 516 499 384 517 384 543 788 152 567 456 592 635 542 384 586 386 505 1652 220 503 521 481
178 77 304 69 75 473 0 60 653 43 566 78 2457 86 296 123 93 658 57 481 58 103 779 68 779 85 572 473 170 769 574 270 84 779 189 240 48 1435 301 54 63 245
222 122 348 45 50 518 60 0 698 62 611 97 2453 130 341 98 113 703 102 525 77 147 824 112 824 60 617 518 215 814 619 315 103 824 234 284 67 1432 345 98 82 290
723 707 489 707 713 626 653 698 0 680 188 715 2244 662 489 761 731 34 687 756 696 679 622 697 622 723 359 626 747 313 163 524 722 622 766 785 685 1222 693 683 701 790
205 105 331 72 77 500 43 62 680 0 594 80 2474 113 324 95 95 685 85 508 60 130 807 95 807 87 599 500 198 796 601 298 86 807 217 267 50 1453 328 81 65 273
636 620 402 620 626 618 566 611 188 594 0 629 2157 576 402 674 644 193 600 748 609 592 614 610 614 636 272 618 660 304 130 437 635 614 679 698 599 1136 685 596 614 704
240 100 366 107 112 535 78 97 715 80 629 0 2509 148 359 60 66 721 119 543 95 165 842 109 842 110 635 535 233 831 636 333 80 842 252 302 85 1488 363 116 100 308
2534 2518 2300 2494 2499 2681 2465 2484 2252 2492 2165 2527 0 2474 2301 2572 2543 2257 2499 2811 2507 2491 2677 2509 2677 2509 2008 2681 2559 2368 2173 2336 2533 2677 2578 2597 2497 1091 2657 2495 2512 2602
164 207 349 207 213 459 153 198 698 180 611 215 2502 0 341 260 231 703 187 467 196 83 766 197 766 223 617 459 151 763 619 315 221 766 170 226 185 1481 287 183 201 231
366 350 407 351 356 662 296 341 489 324 402 359 2293 306 0 404 374 494 330 669 339 322 915 340 915 366 408 662 390 605 410 373 365 915 409 428 329 1272 489 327 344 434
285 74 411 87 83 581 123 98 761 95 674 60 2543 193 404 0 41 766 94 588 80 210 887 84 887 72 680 581 278 876 681 378 54 887 297 347 90 1521 408 97 74 353
256 81 382 106 102 551 93 113 731 95 644 66 2525 164 374 41 0 736 100 559 86 180 857 90 857 91 650 551 248 847 652 348 61 857 267 318 96 1503 379 104 81 323
728 712 494 712 718 631 658 703 34 685 193 721 2249 667 494 766 736 0 692 762 701 684 627 702 627 728 364 631 752 318 168 529 727 627 771 790 691 1227 698 688 706 796
211 88 337 112 117 507 57 102 687 85 600 119 2491 120 330 94 100 692 0 515 100 136 813 93 813 127 606 507 204 803 608 304 114 813 223 274 90 1469 335 79 105 279
415 535 676 535 541 283 481 525 756 508 748 543 2804 490 669 588 559 762 515 0 523 507 589 525 589 550 919 283 575 587 722 643 549 589 594 394 513 1782 238 511 529 489
220 120 346 87 93 516 58 77 696 60 609 95 2490 128 339 80 86 701 100 523 0 145 822 110 822 102 615 516 213 812 617 313 100 822 232 282 65 1468 343 96 81 288
147 190 332 190 196 442 136 181 681 163 594 198 2485 83 324 243 214 686 170 450 179 0 749 180 749 206 600 442 168 746 602 298 204 749 187 209 168 1464 270 166 184 214
713 833 914 834 839 384 779 824 622 807 614 842 2669 789 915 887 857 627 813 589 822 805 0 823 215 849 785 384 873 452 588 942 848 215 892 692 812 1648 526 810 827 787
222 78 348 122 127 517 68 112 697 95 610 109 2501 130 340 84 90 702 93 525 110 147 823 0 823 134 616 517 215 813 618 314 104 823 233 284 100 1480 345 89 115 289
713 833 914 834 839 384 779 824 622 807 614 842 2669 789 915 887 857 627 813 589 822 805 215 823 0 849 785 384 873 452 588 942 848 215 892 692 812 1648 526 810 827 787
247 125 373 70 75 543 85 60 723 87 636 110 2479 155 366 72 91 728 127 550 102 172 849 134 849 0 642 543 240 839 644 340 105 849 259 310 92 1457 370 123 108 315
642 626 408 626 632 788 572 617 359 599 272 635 2000 581 408 680 650 364 606 919 615 598 785 616 785 642 0 789 666 475 280 443 641 785 685 704 605 979 765 602 620 710
407 527 669 527 533 152 473 518 626 500 618 535 2673 482 662 581 551 631 507 283 516 499 384 517 384 543 789 0 567 456 592 635 542 384 586 386 505 1652 220 503 521 481
243 286 428 287 292 539 233 277 778 260 691 295 2582 189 421 340 310 783 266 547 275 172 845 277 845 302 697 539 0 843 699 395 301 845 319 306 265 1560 366 263 280 311
711 823 604 823 829 456 769 814 313 796 304 831 2360 778 605 876 847 318 803 587 812 795 452 813 452 839 475 456 863 0 278 640 837 452 882 690 801 1338 524 799 817 785
644 628 409 628 634 592 574 619 163 601 130 636 2165 583 410 681 652 168 608 722 617 600 588 618 588 644 280 592 668 278 0 445 642 588 687 706 606 1143 659 604 622 711
340 324 381 324 330 635 270 315 524 298 437 333 2328 280 373 378 348 529 304 643 313 296 942 314 942 340 443 635 364 640 445 0 339 942 383 402 303 1306 463 300 318 408
246 95 372 113 115 542 84 103 722 86 635 80 2515 154 365 54 61 727 114 549 100 171 848 104 848 105 641 542 239 837 642 339 0 848 258 308 91 1494 369 117 95 314
713 833 914 834 839 384 779 824 622 807 614 842 2669 789 915 887 857 627 813 589 822 805 215 823 215 849 785 384 873 452 588 942 848 0 892 692 812 1648 526 810 827 787
225 268 410 269 274 521 215 259 760 242 673 277 2564 171 403 322 292 765 248 529 257 154 827 259 827 284 679 521 282 825 681 377 283 827 0 288 247 1542 348 245 262 293
377 497 639 497 503 499 443 488 972 471 902 506 2792 453 632 551 521 977 477 506 486 469 805 487 805 513 908 499 537 803 909 606 512 805 556 0 476 1771 326 473 491 451
210 110 336 77 82 505 48 67 685 50 599 85 2479 118 329 90 96 691 90 513 65 135 812 100 812 92 605 505 203 801 606 303 91 812 222 272 0 1458 333 86 70 278
1513 1497 1279 1472 1478 1659 1443 1463 1230 1470 1143 1506 1091 1452 1279 1551 1521 1235 1477 1790 1486 1469 1655 1487 1656 1488 987 1660 1537 1346 1151 1314 1512 1656 1556 1575 1475 0 1636 1473 1491 1581
235 355 496 355 360 220 301 345 693 328 685 363 2650 310 489 408 379 698 335 238 343 327 526 345 526 370 765 220 395 524 659 463 369 526 414 214 333 1628 0 331 348 309
208 92 334 108 113 503 54 98 683 81 596 116 2487 116 327 97 104 688 79 511 96 133 810 89 810 123 602 503 201 799 604 300 117 810 220 270 86 1466 331 0 101 275
225 115 351 92 98 521 63 82 701 65 614 100 2495 133 344 74 81 706 105 529 81 150 827 115 827 108 620 521 218 817 622 318 95 827 237 288 70 1473 348 101 0 293
227 299 441 299 305 481 245 290 790 273 704 308 2594 255 434 353 323 796 279 489 288 271 787 289 787 315 710 481 339 785 711 408 314 787 358 248 278 1573 309 275 293 0
EOF