NAME : tsp_problem
TYPE : TSP
DIMENSION : 82
EDGE_WEIGHT_TYPE : EXPLICIT
EDGE_WEIGHT_FORMAT : FULL_MATRIX
EDGE_WEIGHT_SECTION
0 190 749 206 171 173 198 322 210 660 162 665 208 746 243 528 167 332 203 187 168 749 681 166 332 337 332 148 442 181 690 517 195 749 702 970 655 1059 221 83 711 189 214 749 198 600 2485 746 221 220 207 216 170 215 219 332 213 184 190 177 194 538 746 399 686 596 231 441 748 176 818 755 136 341 270 830 172 168 180 554 214 211
157 0 834 70 35 82 132 348 115 687 71 627 113 823 87 554 75 358 111 244 77 834 707 108 358 363 358 89 527 45 716 602 135 834 728 948 618 1037 119 140 737 97 299 834 107 626 2463 823 85 104 123 80 112 300 102 358 298 92 132 85 102 623 823 484 712 622 80 526 834 40 903 786 69 426 355 915 80 225 122 580 106 75
805 834 0 849 814 817 842 915 853 601 806 849 851 452 887 712 810 914 846 892 812 215 622 810 914 912 914 791 384 824 551 533 838 216 643 1154 839 1243 864 789 652 832 787 216 842 785 2669 452 864 863 850 859 813 787 862 914 782 827 833 820 837 278 452 487 627 780 875 378 215 819 236 461 779 456 526 265 815 873 823 612 857 854
172 70 849 0 50 97 117 364 100 702 86 642 98 839 72 570 91 373 102 259 92 849 723 123 373 378 373 105 543 60 732 618 120 849 744 963 633 1053 135 155 753 112 315 849 110 642 2479 839 75 89 108 81 127 315 87 373 313 108 125 101 115 638 839 500 728 637 65 542 849 55 919 802 85 441 370 931 96 240 134 595 91 86
137 35 814 50 0 62 121 329 99 667 51 607 97 804 108 535 56 338 92 224 57 814 688 88 338 343 338 70 508 25 697 583 117 814 709 928 598 1018 100 120 718 77 280 814 87 607 2444 804 65 109 129 61 92 280 108 338 278 73 112 66 83 603 804 465 693 602 76 507 814 20 884 767 50 406 335 896 61 205 102 560 103 55
140 82 817 97 62 0 117 331 100 670 54 648 98 806 85 537 58 341 94 227 60 817 690 91 341 346 341 72 510 72 699 585 119 817 711 969 639 1058 140 123 720 80 282 817 90 609 2484 806 112 89 109 107 95 283 87 341 281 75 115 68 85 606 806 467 695 605 109 509 817 67 886 769 52 409 338 898 63 208 105 563 91 102
165 132 842 117 121 117 0 356 81 695 112 699 79 831 66 562 117 366 83 252 118 842 715 84 366 371 366 89 536 130 724 610 56 842 737 1004 689 1093 199 148 746 101 308 842 92 635 2519 831 101 71 45 106 80 308 68 366 306 106 61 109 96 631 831 493 721 630 91 534 842 125 911 794 86 434 363 923 114 233 70 588 73 111
320 348 915 364 329 331 356 0 368 469 320 473 366 605 401 336 325 404 361 407 326 915 490 324 404 409 404 306 659 338 498 734 353 915 511 778 464 867 379 303 520 346 431 915 356 409 2293 605 379 378 365 374 328 431 377 404 430 342 348 335 352 754 605 616 495 404 389 658 915 334 785 569 294 557 487 797 330 388 338 362 372 369
176 115 853 100 99 100 81 368 0 706 90 684 62 843 49 574 95 377 66 263 96 853 727 112 377 382 377 109 547 108 736 622 85 853 748 1006 675 1095 177 159 757 84 319 853 75 646 2521 843 84 54 73 90 109 319 51 377 318 90 90 92 80 642 843 504 732 641 74 546 853 104 923 806 89 445 375 935 97 244 99 600 56 95
658 687 601 702 667 670 695 469 706 0 659 403 704 292 740 266 663 468 699 745 665 601 68 663 468 466 468 644 605 677 185 528 691 601 89 708 393 797 717 642 98 685 770 601 695 338 2223 292 717 716 703 712 666 770 715 468 768 680 686 673 690 701 292 634 73 334 728 604 601 672 472 255 632 603 673 483 668 726 676 166 710 707
129 71 806 86 51 54 112 320 90 659 0 637 89 795 92 527 48 330 84 216 49 806 680 80 330 335 330 62 500 61 688 575 108 806 701 958 628 1047 129 112 710 69 272 806 79 599 2473 795 101 97 116 97 84 272 94 330 270 64 104 58 74 595 795 457 685 594 112 499 806 56 876 759 42 398 327 887 53 197 94 552 95 91
618 646 804 661 626 629 654 428 666 358 618 0 664 495 699 186 623 427 659 705 624 804 379 622 427 425 427 603 808 636 387 731 650 804 400 480 165 569 677 601 409 644 729 804 654 135 1995 495 676 676 662 672 626 729 675 427 728 639 646 633 649 903 495 837 384 115 687 807 804 631 674 458 592 806 785 686 628 686 636 251 670 667
175 113 851 98 97 98 79 366 62 704 89 683 0 841 47 572 93 376 64 261 95 851 725 110 375 380 376 107 545 107 734 620 83 851 746 1004 673 1093 175 158 755 82 317 851 73 644 2519 841 82 52 71 87 107 317 49 376 316 87 87 90 77 640 841 502 730 640 72 544 851 102 921 804 87 443 373 933 95 242 97 598 54 92
795 823 452 839 804 806 831 605 843 292 795 539 841 0 876 403 800 604 836 882 801 452 313 799 605 603 605 781 456 813 321 379 828 452 334 845 530 934 854 778 343 821 785 452 831 475 2360 251 854 853 840 849 803 785 852 605 780 817 823 810 827 552 251 485 318 471 864 455 452 809 323 259 769 454 524 334 805 863 813 303 847 844
210 87 887 72 108 85 66 401 49 740 92 707 47 876 0 608 87 411 51 297 90 887 761 97 411 416 411 115 581 98 769 656 70 887 782 1028 697 1117 199 193 791 69 353 887 60 680 2543 876 57 39 58 62 94 353 36 411 351 74 74 77 64 676 876 538 766 675 46 580 887 103 957 840 123 479 408 968 82 278 84 633 41 67
526 554 712 570 535 537 562 336 574 266 527 231 572 403 608 0 531 336 567 613 532 712 287 530 336 334 336 512 716 545 296 639 559 712 308 536 222 626 585 509 317 553 637 712 562 191 2051 403 585 584 571 580 534 637 583 336 636 548 554 541 558 812 403 745 292 171 595 715 712 540 583 366 500 714 693 594 536 594 544 160 578 575
134 75 810 91 56 58 117 325 95 663 48 642 93 800 87 531 0 335 88 220 54 810 684 85 334 339 335 66 504 66 693 579 113 810 705 963 632 1052 134 117 714 74 276 810 84 603 2478 800 106 92 111 101 88 276 89 335 275 69 108 62 79 599 800 461 689 599 112 503 810 61 880 763 46 402 332 892 57 201 99 557 94 96
330 358 914 373 338 341 366 404 377 468 330 472 376 604 411 336 335 0 371 417 336 914 489 334 414 419 414 315 669 348 497 744 362 914 510 777 463 866 389 313 519 356 441 914 366 408 2292 604 388 387 374 384 337 441 386 414 439 351 357 345 361 764 604 626 494 403 399 668 914 343 784 568 304 567 496 796 340 398 348 361 382 378
170 111 846 102 92 94 83 361 66 699 84 678 64 836 51 567 88 371 0 256 90 846 720 114 371 375 371 102 540 102 729 615 87 846 741 999 668 1088 170 153 750 86 312 846 77 639 2514 836 86 56 75 91 111 312 53 371 311 92 91 94 82 635 836 497 725 635 76 539 846 97 916 799 82 439 368 928 93 238 101 593 58 96
154 269 827 284 249 252 277 401 288 739 241 743 287 825 322 607 246 410 282 0 247 827 760 245 410 415 410 226 521 259 768 596 273 827 781 1048 734 1138 300 171 790 267 293 827 277 679 2564 825 299 298 285 295 248 293 297 410 291 262 268 256 272 616 825 478 765 674 310 520 827 254 897 833 215 419 348 909 251 282 259 632 292 289
135 77 812 92 57 60 118 326 96 665 49 643 95 801 90 532 54 336 90 222 0 812 685 86 336 341 336 67 505 67 694 580 114 812 707 964 634 1053 135 118 716 75 278 812 85 605 2479 801 107 94 114 103 90 278 92 336 276 70 110 64 80 601 801 463 691 600 114 504 812 62 881 764 48 404 333 893 59 203 100 558 96 97
805 834 215 849 814 817 842 915 853 601 806 849 851 452 887 712 810 914 846 892 812 0 622 810 914 912 914 791 384 824 551 533 838 215 643 1154 839 1243 864 789 652 832 787 215 842 785 2669 452 864 863 850 859 813 787 862 914 782 827 833 820 837 278 452 487 627 780 875 378 215 819 236 461 779 456 526 265 815 873 823 612 857 854
679 707 622 723 688 690 715 490 727 68 680 423 725 313 761 287 684 489 720 766 685 622 0 683 489 487 489 665 626 698 205 549 712 622 50 729 414 818 738 662 59 706 790 622 715 359 2244 313 738 737 724 733 687 791 736 489 789 701 707 694 711 721 313 655 34 355 748 625 622 693 492 276 653 624 693 504 689 747 697 187 731 728
133 108 810 123 88 91 84 324 112 663 80 667 110 799 97 530 85 334 114 220 86 810 683 0 334 339 334 57 503 98 692 578 87 810 704 972 657 1061 166 116 713 106 275 810 116 602 2487 799 132 102 76 134 79 276 99 334 274 101 92 95 111 599 799 460 688 598 121 502 810 93 879 762 54 402 331 891 90 201 89 556 104 128
330 358 914 373 338 341 366 404 377 468 330 472 375 605 411 336 334 414 371 416 336 914 489 334 0 419 414 315 669 348 497 744 362 914 510 777 463 867 388 313 519 356 441 914 366 408 2292 605 388 387 374 384 337 441 386 414 439 351 357 345 361 764 605 626 494 403 399 668 914 343 784 568 303 567 496 796 339 398 348 361 381 378
335 363 912 378 343 346 371 409 382 466 335 470 380 603 416 334 339 419 375 421 341 912 487 339 419 0 419 320 674 353 495 749 367 912 508 775 461 865 393 318 517 361 446 912 371 406 2290 602 393 392 379 388 342 446 391 419 444 356 362 349 366 769 602 631 492 401 404 673 912 348 782 566 308 572 501 794 344 402 352 359 386 383
330 358 914 373 338 341 366 404 377 468 330 472 376 605 411 336 335 414 371 417 336 914 489 334 414 419 0 315 669 348 497 744 362 914 510 777 463 867 389 313 519 356 441 914 366 408 2292 605 388 387 374 384 337 441 386 414 439 351 357 345 361 764 604 626 494 403 399 668 914 343 784 568 304 567 496 796 340 398 348 361 381 378
114 89 791 105 70 72 89 306 109 644 62 648 107 781 115 512 66 315 102 201 67 791 665 57 315 320 315 0 485 80 673 560 85 791 686 953 639 1043 148 97 695 88 257 791 97 584 2468 781 120 119 94 115 60 257 117 315 255 83 80 76 93 580 781 442 670 579 130 484 791 75 861 744 35 383 312 872 71 182 71 537 113 110
499 527 384 543 508 510 536 659 547 605 500 853 545 456 581 716 504 669 540 586 505 384 626 503 669 674 669 485 0 518 555 227 532 384 647 1158 843 1247 558 482 656 526 481 384 536 789 2673 456 558 557 544 553 507 481 556 669 476 521 527 514 531 173 456 181 631 784 569 150 384 513 507 465 473 150 220 536 509 567 517 616 551 548
147 45 824 60 25 72 130 338 108 677 61 617 107 813 98 545 66 348 102 234 67 824 698 98 348 353 348 80 518 0 706 593 127 824 719 938 608 1028 109 130 728 87 290 824 97 617 2453 813 75 115 134 71 102 290 112 348 288 82 122 76 92 613 813 475 703 612 86 517 824 30 894 777 60 416 345 905 71 215 112 570 113 65
688 716 551 732 697 699 724 498 736 185 688 432 734 321 769 296 693 497 729 775 694 551 205 692 497 495 497 673 555 706 0 477 720 551 227 737 423 827 747 671 236 714 799 551 724 368 2253 321 747 746 732 742 696 799 745 497 798 710 716 703 720 650 321 584 211 363 757 554 551 701 421 284 662 552 622 433 698 756 706 196 740 737
574 602 533 618 583 585 610 734 622 528 575 775 620 379 656 639 579 744 615 661 580 533 549 578 744 749 744 560 227 593 477 0 607 534 570 1081 766 1170 633 557 579 601 556 533 610 711 2596 379 633 632 619 628 582 556 631 744 551 596 602 589 606 323 379 256 554 707 643 226 533 588 451 387 548 225 295 463 584 642 592 539 626 623
161 135 838 120 117 119 56 353 85 691 108 695 83 828 70 559 113 362 87 248 114 838 712 87 362 367 362 85 532 127 720 607 0 838 733 1000 686 1090 195 144 742 105 304 838 95 631 2515 828 104 74 48 110 84 304 72 362 302 110 65 113 100 627 828 489 717 626 94 531 838 122 908 791 82 430 359 919 117 229 74 584 76 115
805 834 216 849 814 817 842 915 853 601 806 849 851 452 887 712 810 914 846 892 812 215 622 810 914 912 914 791 384 824 551 534 838 0 643 1154 840 1243 864 789 652 832 787 216 842 785 2669 452 864 863 850 859 813 787 862 914 782 827 833 820 837 278 452 487 627 780 875 378 215 819 236 461 779 456 526 265 815 873 823 612 857 854
700 728 643 744 709 711 737 511 748 89 701 444 746 334 782 308 705 510 741 787 707 643 50 704 510 508 510 686 647 719 227 570 733 643 0 750 435 839 759 683 50 727 812 643 737 380 2265 334 759 758 745 754 708 812 757 510 810 722 728 715 732 742 334 676 55 376 770 646 643 714 513 297 674 645 714 525 710 768 718 208 752 749
976 979 1162 994 959 987 1012 786 1023 716 976 417 1021 852 1057 544 980 785 1017 1062 982 1162 736 980 785 783 785 961 1166 969 745 1088 1008 1162 758 0 408 205 949 959 767 1002 1087 1162 1012 493 1574 852 1009 1033 1020 1004 983 1087 1032 785 1085 997 1003 990 1007 1261 852 1195 742 473 1020 1165 1162 964 1032 815 949 1163 1142 1044 985 1044 994 609 1027 999
604 632 790 648 613 615 640 414 652 344 604 161 650 481 685 172 609 413 645 691 610 790 365 608 413 411 413 589 794 622 374 717 636 790 386 466 0 556 663 587 395 630 715 790 640 121 1981 481 663 662 648 658 612 715 661 413 714 626 632 619 636 889 481 823 370 101 673 793 790 618 660 444 578 792 771 672 614 672 622 238 656 653
1065 1068 1251 1083 1048 1076 1101 875 1113 805 1065 506 1111 942 1146 633 1070 874 1106 1152 1071 1251 826 1069 874 872 874 1050 1255 1058 835 1178 1097 1251 847 205 497 0 1039 1048 856 1091 1176 1251 1101 582 1602 942 1098 1123 1109 1094 1073 1176 1122 874 1175 1087 1093 1080 1096 1350 942 1284 831 562 1109 1254 1251 1053 1121 905 1039 1253 1232 1133 1075 1133 1083 698 1117 1088
188 119 864 135 100 140 199 379 177 717 129 598 175 854 199 585 134 389 170 274 135 864 738 166 388 393 389 148 558 109 747 633 195 864 759 919 588 1008 0 171 768 155 330 864 165 657 2434 854 150 187 207 145 170 330 186 389 329 151 190 144 161 653 854 515 743 653 160 557 864 105 934 817 128 456 386 946 139 255 180 611 181 140
83 207 766 223 188 190 215 339 227 677 179 682 225 763 260 545 184 349 220 170 185 766 698 183 349 354 349 165 459 198 707 534 212 766 719 987 672 1076 238 0 728 206 231 766 215 617 2502 763 238 237 224 233 187 231 236 349 230 201 207 194 211 555 763 416 703 613 248 458 765 193 835 772 153 358 287 847 189 151 197 571 231 228
709 737 652 753 718 720 746 520 757 98 710 453 755 343 791 317 714 519 750 796 716 652 59 713 519 517 519 695 656 728 236 579 742 652 50 759 444 848 768 692 0 736 821 652 746 389 2274 343 768 767 754 763 717 821 766 519 819 731 737 724 741 751 343 685 64 385 779 655 652 723 522 306 683 654 723 534 719 777 727 217 761 758
155 97 832 112 77 80 101 346 84 685 69 663 82 821 69 553 74 356 86 242 75 832 706 106 356 361 356 88 526 87 714 601 105 832 727 984 654 1074 155 138 736 0 298 832 95 625 2499 821 104 74 93 109 110 298 71 356 296 90 109 84 99 621 821 483 711 620 94 525 832 82 902 785 68 424 353 913 79 223 119 578 76 114
271 299 787 315 280 282 308 431 319 770 272 774 317 785 353 637 276 441 312 358 278 787 790 275 441 446 441 257 481 290 799 556 304 787 812 1079 764 1168 330 255 821 298 0 787 308 710 2594 785 330 329 316 325 279 90 328 441 88 293 299 286 303 576 785 438 796 705 341 480 787 285 857 794 245 380 309 869 281 339 289 663 323 320
805 834 216 849 814 817 842 915 853 601 806 849 851 452 887 712 810 914 846 892 812 215 622 810 914 912 914 791 384 824 551 533 838 216 643 1154 840 1243 864 789 652 832 787 0 842 785 2669 452 864 863 850 859 813 787 862 914 782 827 833 820 837 278 452 487 627 780 875 378 215 819 236 461 779 456 526 265 815 873 823 612 857 854
165 107 842 110 87 90 92 356 75 695 79 673 73 831 60 562 84 366 77 252 85 842 715 116 366 371 366 97 536 97 724 610 95 842 737 994 664 1083 165 148 746 95 308 842 0 635 2509 831 95 64 84 100 119 308 62 366 306 100 100 94 90 631 831 493 721 630 84 534 842 92 911 794 78 434 363 923 89 233 109 588 66 105
598 626 785 642 607 609 635 409 646 338 599 180 644 475 680 191 603 408 639 685 605 785 359 602 408 406 408 584 789 617 368 711 631 785 380 485 171 574 657 581 389 625 710 785 635 0 2000 475 657 656 643 652 606 710 655 408 708 620 626 613 630 884 475 817 364 120 668 787 784 612 655 438 572 786 765 667 608 666 616 232 650 647
2491 2494 2677 2509 2474 2502 2527 2301 2538 2231 2491 1932 2537 2368 2572 2059 2496 2300 2532 2578 2497 2677 2252 2495 2300 2298 2300 2476 2681 2484 2260 2604 2523 2677 2273 1574 1923 1602 2464 2474 2282 2517 2602 2677 2527 2008 0 2367 2524 2549 2535 2520 2499 2602 2548 2300 2600 2512 2518 2506 2522 2776 2367 2710 2257 1988 2535 2680 2677 2479 2547 2331 2465 2679 2657 2559 2501 2559 2509 2124 2543 2514
795 823 452 839 804 806 831 605 843 292 795 539 841 251 876 403 800 604 836 882 801 452 313 799 605 602 605 781 456 813 321 379 828 452 334 845 530 934 854 778 343 821 785 452 831 475 2360 0 854 853 840 849 803 785 852 604 780 817 823 810 827 552 251 485 318 471 864 455 452 809 323 259 769 454 524 334 805 863 813 303 847 844
187 85 864 75 65 112 101 379 84 717 101 657 82 854 57 585 106 388 86 274 107 864 738 132 388 393 388 120 558 75 747 633 104 864 759 979 648 1068 150 170 768 104 330 864 95 657 2494 854 0 74 93 65 128 330 71 388 329 109 109 112 99 653 854 515 743 652 50 557 864 70 934 817 100 456 386 946 111 255 118 611 76 70
186 104 863 89 109 89 71 378 54 716 97 695 52 853 39 584 92 387 56 273 94 863 737 102 387 392 387 119 557 115 746 632 74 863 758 1016 685 1105 187 170 767 74 329 863 64 656 2531 853 74 0 63 79 98 329 41 387 328 79 79 82 69 652 853 514 742 652 63 556 863 114 933 816 99 455 385 945 86 254 88 610 45 84
173 123 850 108 129 109 45 365 73 703 116 707 71 840 58 571 111 374 75 260 114 850 724 76 374 379 374 94 544 134 732 619 48 850 745 1012 698 1102 207 156 754 93 316 850 84 643 2527 840 93 63 0 98 72 316 60 374 314 98 53 101 88 639 840 501 729 638 83 543 850 134 920 803 94 442 371 931 106 241 62 596 65 103
183 80 859 81 61 107 106 374 90 712 97 653 87 849 62 580 101 384 91 269 103 859 733 134 384 388 384 115 553 71 742 628 110 859 754 974 644 1063 145 166 763 109 325 859 100 652 2489 849 65 79 98 0 134 325 76 384 324 115 115 111 105 648 849 510 738 648 55 552 859 66 929 812 95 452 381 941 106 251 124 606 81 76
136 112 813 127 92 95 80 328 109 666 84 670 107 803 94 534 88 337 111 223 90 813 687 79 337 342 337 60 507 102 696 582 84 813 708 976 661 1065 170 120 717 110 279 813 119 606 2491 803 128 98 72 134 0 279 96 337 278 105 88 98 115 602 803 464 692 602 118 506 813 97 883 766 57 405 335 895 93 204 93 560 100 132
271 300 787 315 280 283 308 431 319 770 272 774 317 785 353 637 276 441 312 358 278 787 791 276 441 446 441 257 481 290 799 556 304 787 812 1079 765 1168 330 255 821 298 90 787 308 710 2594 785 330 329 316 325 279 0 328 441 88 293 299 286 303 576 785 438 796 705 341 480 787 285 857 794 245 380 309 869 281 339 289 663 323 320
185 102 862 87 108 87 68 377 51 715 94 694 49 852 36 583 89 386 53 272 92 862 736 99 386 391 386 117 556 112 745 631 72 862 757 1015 684 1104 186 169 766 71 328 862 62 655 2530 852 71 41 60 76 96 328 0 386 327 76 76 79 66 651 852 513 741 651 61 555 862 113 932 815 98 454 384 944 84 253 86 609 43 81
330 358 914 373 338 341 366 404 377 468 330 472 376 605 411 336 335 414 371 417 336 914 489 334 414 419 414 315 669 348 497 744 362 914 510 777 463 867 389 313 519 356 441 914 366 408 2292 604 388 387 374 384 337 441 386 0 439 351 357 345 361 764 604 626 494 403 399 668 914 343 784 568 304 567 496 796 340 398 348 361 381 378
270 298 782 313 278 281 306 430 318 768 270 772 316 780 351 636 275 439 311 357 276 782 789 274 439 444 439 255 476 288 798 551 302 782 810 1078 763 1167 329 253 819 296 88 782 306 708 2593 780 329 328 314 324 278 88 327 439 0 291 298 285 301 571 780 433 794 704 339 475 782 283 852 789 244 374 304 864 280 338 288 662 322 319
150 92 827 108 73 75 106 342 90 680 64 658 87 817 74 548 69 351 92 237 70 827 701 101 351 356 351 83 521 82 710 596 110 827 722 979 649 1069 151 133 731 90 293 827 100 620 2495 817 109 79 98 115 105 293 76 351 291 0 115 79 96 616 817 478 706 615 99 520 827 78 897 780 63 419 348 909 74 218 115 574 81 113
156 132 833 125 112 115 61 348 90 686 104 690 87 823 74 554 108 357 91 243 110 833 707 92 357 362 357 80 527 122 716 602 65 833 728 996 681 1085 190 139 737 109 299 833 100 626 2511 823 109 79 53 115 88 299 76 357 298 115 0 117 105 622 823 484 712 622 99 526 833 117 903 786 77 425 355 915 113 224 78 580 81 120
144 85 820 101 66 68 109 335 92 673 58 652 90 810 77 541 62 345 94 230 64 820 694 95 345 349 345 76 514 76 703 589 113 820 715 973 642 1062 144 127 724 84 286 820 94 613 2488 810 112 82 101 111 98 286 79 345 285 79 117 0 89 609 810 471 699 609 102 513 820 71 890 773 56 412 342 902 67 211 109 567 84 106
160 102 837 115 83 85 96 352 80 690 74 668 77 827 64 558 79 361 82 247 80 837 711 111 361 366 361 93 531 92 720 606 100 837 732 989 659 1079 161 143 741 99 303 837 90 630 2505 827 99 69 88 105 115 303 66 361 301 96 105 89 0 626 827 488 716 625 89 530 837 87 907 790 73 429 358 919 84 228 114 583 71 110
595 623 278 638 603 606 631 754 642 701 595 948 640 552 676 812 599 764 635 681 601 278 721 599 764 769 764 580 173 613 650 323 627 278 742 1253 939 1343 653 578 751 621 576 278 631 884 2768 552 653 652 639 648 602 576 651 764 571 616 622 609 626 0 552 277 726 879 664 167 278 608 400 560 568 245 315 429 604 662 612 711 646 643
795 823 452 839 804 806 831 605 843 292 795 539 841 251 876 403 800 604 836 882 801 452 313 799 605 602 604 781 456 813 321 379 828 452 334 845 530 934 854 778 343 821 785 452 831 475 2360 251 854 853 840 849 803 785 852 604 780 817 823 810 827 552 0 485 318 471 864 455 452 809 323 259 769 454 524 334 805 863 813 303 847 844
456 484 487 500 465 467 493 616 504 634 457 882 502 485 538 745 461 626 497 543 463 487 655 460 626 631 626 442 181 475 584 256 489 487 676 1187 872 1276 515 439 685 483 438 487 493 817 2702 485 515 514 501 510 464 438 513 626 433 478 484 471 488 277 485 0 660 813 526 180 487 470 557 494 430 179 188 569 466 524 474 645 508 505
684 712 627 728 693 695 721 495 732 73 685 428 730 318 766 292 689 494 725 771 691 627 34 688 494 492 494 670 631 703 211 554 717 627 55 734 419 823 743 667 64 711 796 627 721 364 2249 318 743 742 729 738 692 796 741 494 794 706 712 699 716 726 318 660 0 360 754 630 627 698 497 281 658 629 698 509 694 752 702 192 736 733
594 622 780 637 602 605 630 404 641 334 594 160 640 471 675 171 599 403 635 681 600 780 355 598 403 401 403 579 784 612 363 707 626 780 376 465 150 554 653 577 385 620 705 780 630 120 1980 471 652 652 638 648 602 705 651 403 704 615 622 609 625 879 471 813 360 0 663 783 780 607 650 434 568 782 761 662 604 662 612 227 646 642
198 80 875 65 76 109 91 389 74 728 112 668 72 864 46 595 112 399 76 285 114 875 748 121 399 404 399 130 569 86 757 643 94 875 770 989 659 1078 160 181 779 94 341 875 84 668 2504 864 50 63 83 55 118 341 61 399 339 99 99 102 89 664 864 526 754 663 0 567 875 81 944 827 111 467 396 956 106 266 108 621 65 60
498 526 378 542 507 509 534 658 546 604 499 852 544 455 580 715 503 668 539 585 504 378 625 502 668 673 668 484 150 517 554 226 531 378 646 1157 842 1246 557 481 655 525 480 378 534 787 2672 455 557 556 543 552 506 480 555 668 475 520 526 513 530 167 455 180 630 783 567 0 378 512 500 464 472 149 219 529 508 566 516 615 550 547
805 834 215 849 814 817 842 915 853 601 806 849 851 452 887 712 810 914 846 892 812 215 622 810 914 912 914 791 384 824 551 533 838 215 643 1154 839 1243 864 789 652 832 787 215 842 784 2669 452 864 863 850 859 813 787 862 914 782 827 833 820 837 278 452 487 627 780 875 378 0 819 236 461 779 456 526 265 815 873 823 612 857 854
142 40 819 55 20 67 125 334 104 672 56 612 102 809 103 540 61 343 97 229 62 819 693 93 343 348 343 75 513 30 701 588 122 819 714 933 603 1023 105 125 723 82 285 819 92 612 2449 809 70 114 134 66 97 285 113 343 283 78 117 71 87 608 809 470 698 607 81 512 819 0 889 772 55 411 340 901 66 210 107 565 108 60
875 903 236 919 884 886 911 785 923 472 876 719 921 323 957 583 880 784 916 962 881 236 492 879 784 782 784 861 507 894 421 451 908 236 513 1024 710 1114 934 858 522 902 857 236 911 655 2539 323 934 933 920 929 883 857 932 784 852 897 903 890 907 400 323 557 497 650 944 500 236 889 0 331 849 526 596 242 885 943 893 482 927 924
758 786 461 802 767 769 794 569 806 255 759 502 804 259 840 366 763 568 799 845 764 461 276 762 568 566 568 744 465 777 284 387 791 461 297 808 493 897 817 741 306 785 794 461 794 438 2323 259 817 816 803 812 766 794 815 568 789 780 786 773 790 560 259 494 281 434 827 464 461 772 331 0 732 463 532 343 768 826 776 266 810 807
103 69 779 85 50 52 86 294 89 632 42 636 87 769 123 500 46 304 82 189 48 779 653 54 303 308 304 35 473 60 662 548 82 779 674 942 626 1031 128 86 683 68 245 779 78 572 2457 769 100 99 94 95 57 245 98 304 244 63 77 56 73 568 769 430 658 568 111 472 779 55 849 732 0 371 301 861 51 170 68 526 93 90
398 426 456 441 406 409 434 557 445 603 398 850 443 454 479 714 402 567 439 484 404 456 624 402 567 572 567 383 150 416 552 225 430 456 645 1156 841 1245 456 381 654 424 380 456 434 786 2671 454 456 455 442 452 405 380 454 567 374 419 425 412 429 245 454 179 629 782 467 149 456 411 526 463 371 0 129 538 407 465 416 614 449 446
327 355 526 370 335 338 363 487 375 673 327 829 373 524 408 693 332 496 368 414 333 526 693 331 496 501 496 312 220 345 622 295 359 526 714 1135 820 1224 386 310 723 353 309 526 363 765 2650 524 386 385 371 381 335 309 384 496 304 348 355 342 358 315 524 188 698 761 396 219 526 340 596 532 301 129 0 607 337 395 345 683 379 376
887 915 265 931 896 898 923 797 935 483 887 731 933 334 968 594 892 796 928 974 893 265 504 891 796 794 796 872 536 905 433 463 919 265 525 1036 721 1125 946 870 534 913 869 265 923 667 2551 334 946 945 931 941 895 869 944 796 864 909 915 902 919 429 334 569 509 662 956 529 265 901 242 343 861 538 607 0 897 955 905 494 939 936
139 80 815 96 61 63 114 330 97 668 53 647 95 805 82 536 57 340 93 225 59 815 689 90 339 344 340 71 509 71 698 584 117 815 710 968 637 1057 139 122 719 79 281 815 89 608 2483 805 111 86 106 106 93 281 84 340 280 74 113 67 84 604 805 466 694 604 106 508 815 66 885 768 51 407 337 897 0 206 104 562 88 101
172 287 845 302 267 270 295 419 306 757 259 761 305 843 340 625 264 428 300 319 265 845 778 263 428 433 428 244 539 277 787 614 291 845 799 1066 752 1156 318 189 808 285 311 845 295 697 2582 843 317 316 303 313 266 311 315 428 309 280 286 274 290 634 843 496 783 692 328 538 845 272 915 851 233 437 366 927 269 0 277 650 310 307
147 122 823 134 102 105 70 338 99 676 94 680 97 813 84 544 99 348 101 233 100 823 697 89 348 352 348 71 517 112 706 592 74 823 718 986 671 1075 180 130 727 119 289 823 109 616 2501 813 118 88 62 124 93 289 86 348 288 115 78 109 114 612 813 474 702 612 108 516 823 107 893 776 68 416 345 905 104 215 0 570 90 129
552 580 612 595 560 563 588 362 600 166 552 296 598 303 633 160 557 361 593 639 558 612 187 556 361 359 361 537 616 570 196 539 584 612 208 601 287 691 611 535 217 578 663 612 588 232 2117 303 611 610 596 606 560 663 609 361 662 574 580 567 583 711 303 645 192 227 621 615 612 565 482 266 526 614 683 494 562 620 570 0 604 601
180 106 857 91 103 91 73 372 56 710 95 689 54 847 41 578 94 382 58 267 96 857 731 104 381 386 381 113 551 113 740 626 76 857 752 1010 679 1099 181 164 761 76 323 857 66 650 2525 847 76 45 65 81 100 323 43 381 322 81 81 84 71 646 847 508 736 646 65 550 857 108 927 810 93 449 379 939 88 248 90 604 0 86
177 75 854 86 55 102 111 369 95 707 91 647 92 844 67 575 96 378 96 264 97 854 728 128 378 383 378 110 548 65 737 623 115 854 749 969 638 1058 140 160 758 114 320 854 105 647 2484 844 70 84 103 76 132 320 81 378 319 113 120 106 110 643 844 505 733 642 60 547 854 60 924 807 90 446 376 936 101 245 129 601 86 0
EOF