NAME : tsp_problem
TYPE : TSP
DIMENSION : 20
EDGE_WEIGHT_TYPE : EXPLICIT
EDGE_WEIGHT_FORMAT : FULL_MATRIX
EDGE_WEIGHT_SECTION
0 87 94 399 74 108 757 785 875 569 92 69 1483 1617 1330 34 104 104 659 106
87 0 97 370 77 66 728 756 846 540 95 73 1502 1636 1349 81 108 62 694 110
94 97 0 356 84 119 714 742 832 526 94 80 1478 1612 1325 88 85 114 654 79
399 370 356 0 377 348 497 525 914 669 355 382 1271 1405 1118 404 346 353 463 340
74 77 84 377 0 99 736 763 853 547 82 60 1499 1634 1346 68 95 94 675 97
108 66 119 348 99 0 706 733 823 517 116 94 1480 1614 1327 103 110 83 671 104
757 728 714 497 736 706 0 242 551 555 713 740 1231 1365 1078 762 704 711 423 698
785 756 742 525 763 733 242 0 658 662 741 768 1258 1393 1106 789 732 738 450 725
875 846 832 914 853 823 551 658 0 384 831 858 1648 1782 1495 880 822 828 840 815
569 540 526 669 547 517 555 662 384 0 525 552 1652 1786 1499 573 516 522 843 509
92 95 94 355 82 116 713 741 831 525 0 77 1477 1611 1324 86 84 112 653 78
69 73 80 382 60 94 740 768 858 552 77 0 1504 1638 1351 64 90 90 680 92
1513 1510 1496 1279 1517 1487 1239 1266 1656 1660 1495 1522 0 204 244 1518 1486 1492 902 1479
1648 1644 1630 1413 1651 1622 1373 1400 1790 1794 1629 1656 204 0 379 1653 1620 1626 1036 1613
1361 1357 1343 1126 1364 1334 1086 1113 1503 1507 1342 1369 244 379 0 1365 1333 1339 749 1326
34 81 88 404 68 103 762 789 880 573 86 64 1488 1622 1335 0 99 98 664 101
104 108 85 346 95 110 704 732 822 516 84 90 1468 1602 1315 99 0 115 644 69
104 62 114 353 94 83 711 738 828 522 112 90 1484 1619 1331 98 115 0 676 108
673 644 630 413 652 622 374 401 790 794 629 656 960 1094 807 678 620 627 0 614
106 110 79 340 97 104 698 725 815 509 78 92 1461 1596 1309 101 69 108 637 0
EOF