NAME : tsp_problem
TYPE : TSP
DIMENSION : 30
EDGE_WEIGHT_TYPE : EXPLICIT
EDGE_WEIGHT_FORMAT : FULL_MATRIX
EDGE_WEIGHT_SECTION
0 1556 873 1048 1178 317 559 527 1371 2049 2090 1796 877 437 1099 1948 2220 602 1649 2084 59 839 1146 1151 883 411 1393 667 791 886
1556 0 1298 832 1948 1390 1281 1249 296 777 818 2566 1223 1477 853 676 948 1324 572 1001 1522 1185 716 1055 1654 1451 805 1185 1155 971
873 1298 0 498 846 589 991 959 1195 1691 1732 1764 1309 675 985 1591 1863 1034 1291 1726 839 1271 769 449 571 649 582 233 172 355
1048 832 498 0 1239 763 1118 1086 729 1225 1267 1938 1060 849 519 1125 1397 1161 825 1260 1013 1022 303 273 964 823 507 476 355 243
1178 1948 846 1239 0 893 1295 1264 1845 2341 2382 1189 1613 979 1634 2240 2512 1338 1941 2375 1143 1575 1418 1177 315 953 1310 807 913 1097
317 1390 589 763 893 0 435 403 1247 1783 1825 1511 753 152 975 1683 1955 478 1383 1818 283 715 861 867 599 126 1108 383 506 602
559 1281 991 1118 1295 435 0 77 1095 1773 1815 1913 602 554 823 1673 1945 151 1373 1808 525 564 1116 1269 1001 528 1357 785 908 1004
527 1249 959 1086 1264 403 77 0 1064 1742 1783 1882 570 523 792 1641 1913 98 1342 1777 493 532 1085 1237 969 496 1325 753 876 972
1371 296 1195 729 1845 1247 1095 1064 0 967 1008 2463 1037 1366 667 866 1139 1138 640 1075 1336 999 613 975 1551 1340 737 1082 1052 868
2049 777 1691 1225 2341 1783 1773 1742 967 0 351 2959 1715 1870 1345 587 452 1816 964 719 2014 1677 1109 1448 2046 1844 1198 1578 1548 1364
2090 818 1732 1267 2382 1825 1815 1783 1008 351 0 3000 1756 1911 1386 629 171 1857 1006 760 2056 1718 1150 1489 2088 1885 1240 1619 1589 1405
1865 2635 1833 2008 1177 1580 1982 1951 2532 3028 3069 0 2301 1667 2322 2928 3200 2025 2628 3063 1831 2263 2106 2111 1328 1641 2323 1627 1751 1846
877 1223 1309 1060 1613 753 602 570 1037 1715 1756 2231 0 872 765 1615 1887 644 1315 1750 843 198 1058 1305 1319 846 1299 1103 1226 1198
437 1477 675 849 979 152 554 523 1366 1870 1911 1598 872 0 1094 1769 2041 597 1470 1904 402 834 947 953 685 67 1194 469 592 688
1099 853 985 519 1634 975 823 792 667 1345 1386 2252 765 1094 0 1245 1517 866 945 1380 1064 727 617 764 1340 1068 928 871 842 657
1948 676 1591 1125 2240 1683 1673 1641 866 587 629 2858 1615 1769 1245 0 759 1716 864 812 1914 1577 1008 1348 1946 1743 1098 1477 1448 1263
2220 948 1863 1397 2512 1955 1945 1913 1139 452 171 3131 1887 2041 1517 759 0 1988 1136 857 2186 1849 1280 1620 2218 2015 1370 1749 1720 1535
602 1324 1034 1161 1338 478 151 98 1138 1816 1857 1956 644 597 866 1716 1988 0 1416 1851 567 606 1159 1311 1044 571 1399 827 951 1046
1649 572 1291 825 1941 1383 1373 1342 640 964 1006 2559 1315 1470 945 864 1136 1416 0 672 1614 1277 708 1048 1646 1444 798 1178 1148 964
2084 1001 1726 1260 2375 1818 1808 1777 1075 719 760 2994 1750 1904 1380 812 857 1851 672 0 2049 1712 1143 1483 2081 1878 1233 1612 1583 1399
59 1522 839 1013 1143 283 525 493 1336 2014 2056 1761 843 402 1064 1914 2186 567 1614 2049 0 805 1111 1117 849 376 1358 633 756 852
839 1185 1271 1022 1575 715 564 532 999 1677 1718 2193 198 834 727 1577 1849 606 1277 1712 805 0 1020 1267 1281 808 1261 1065 1188 1160
1146 716 769 303 1418 861 1116 1085 613 1109 1150 2036 1058 947 617 1008 1280 1159 708 1143 1111 1020 0 548 1124 921 618 655 626 441
1151 1055 449 273 1177 867 1269 1237 975 1448 1489 2042 1305 953 764 1348 1620 1311 1048 1483 1117 1267 548 0 901 927 285 538 417 383
883 1654 571 964 315 599 1001 969 1551 2046 2088 1340 1319 685 1340 1946 2218 1044 1646 2081 849 1281 1124 901 0 659 1035 532 638 821
411 1451 649 823 953 126 528 496 1340 1844 1885 1572 846 67 1068 1743 2015 571 1444 1878 376 808 921 927 659 0 1168 443 566 662
1393 805 582 507 1310 1108 1357 1325 737 1198 1240 2283 1299 1194 928 1098 1370 1399 798 1233 1358 1261 618 285 1035 1168 0 762 659 617
667 1185 233 476 807 383 785 753 1082 1578 1619 1558 1103 469 871 1477 1749 827 1178 1612 633 1065 655 538 532 443 779 0 150 333
791 1155 172 355 913 506 908 876 1052 1548 1589 1681 1226 592 842 1448 1720 951 1148 1583 756 1188 626 417 638 566 659 150 0 212
886 971 355 243 1097 602 1004 972 868 1364 1405 1777 1198 688 657 1263 1535 1046 964 1399 852 1160 441 383 821 662 617 333 212 0
EOF