NAME : tsp_problem
TYPE : TSP
DIMENSION : 80
EDGE_WEIGHT_TYPE : EXPLICIT
EDGE_WEIGHT_FORMAT : FULL_MATRIX
EDGE_WEIGHT_SECTION
0 850 896 1338 1213 914 1035 828 2139 801 841 1012 569 1042 1179 1203 640 1003 1018 642 822 1285 764 537 2335 1056 685 1348 521 2133 750 826 956 847 1148 351 1591 1071 1172 2155 814 368 1836 733 1260 457 1112 702 529 736 1055 1547 768 1289 727 1447 822 2086 1247 631 1545 734 425 823 550 556 2172 1331 979 930 1269 1098 876 1564 1369 986 1912 870 1268 1278
850 0 1170 1612 511 1188 333 1345 1726 1319 428 1208 843 1559 477 1477 244 590 1536 582 1339 1559 111 1054 2609 1399 363 1621 795 2407 943 124 543 1364 446 805 1178 1588 759 2429 1331 721 2110 1007 847 974 699 1219 588 1010 1252 1133 1286 876 1001 745 1096 2360 1521 905 1819 421 445 1031 824 1074 2446 1604 1497 1204 856 396 1393 1151 956 1260 2105 168 1542 1552
896 1170 0 473 1533 126 1355 910 2459 883 1161 396 440 1000 1499 473 960 1322 977 1144 781 588 1083 872 1638 428 1005 518 474 1436 644 1146 1276 805 1467 657 1911 637 1492 1458 772 573 1139 649 1580 1191 1432 1036 654 380 439 1866 850 1609 642 1767 98 1389 382 360 848 1153 927 518 449 891 1475 466 938 233 1589 1418 834 1883 1689 298 1214 1190 523 413
1338 1612 473 0 1975 455 1797 1190 2901 1163 1603 595 889 1280 1941 338 1402 1765 1256 1586 1060 667 1526 1151 1716 708 1447 371 923 1514 976 1588 1718 1085 1910 1099 2353 916 1934 1536 1052 1015 1217 1097 2022 1534 1874 1316 1097 829 639 2309 1130 2051 1091 2209 546 1455 248 808 926 1596 1369 795 897 1171 1553 85 1217 512 2031 1860 1114 2326 2131 538 1293 1632 377 80
1213 511 1533 1975 0 1551 376 1709 1630 1682 791 1571 1206 1922 218 1840 607 939 1899 945 1703 1922 474 1417 2972 1762 726 1984 1158 2770 1306 412 906 1727 246 1168 1114 1951 663 2792 1694 1084 2473 1370 897 1337 943 1582 951 1373 1615 1159 1649 926 1364 576 1459 2723 1884 1268 2182 784 808 1394 1187 1437 2809 1968 1860 1567 906 138 1756 1141 1006 1623 2468 379 1905 1915
914 1188 126 455 1551 0 1373 891 2477 864 1178 413 458 982 1517 454 978 1340 958 1161 762 570 1101 853 1619 409 1022 499 492 1417 662 1164 1294 786 1485 674 1928 618 1510 1439 753 591 1120 666 1598 1209 1450 1018 672 398 457 1884 831 1627 660 1785 116 1370 364 377 829 1171 945 536 466 873 1456 447 919 214 1607 1436 815 1901 1706 316 1196 1208 505 395
1035 333 1355 1797 376 1373 0 1531 1584 1504 613 1394 1029 1745 342 1662 430 775 1721 767 1525 1745 297 1240 2795 1585 548 1807 980 2593 1129 234 728 1549 230 990 1068 1774 617 2614 1516 906 2295 1192 851 1160 885 1404 773 1196 1437 1113 1471 880 1186 530 1281 2545 1707 1090 2004 606 630 1216 1009 1259 2631 1790 1682 1389 860 261 1578 1095 960 1446 2290 201 1728 1737
828 1345 910 1190 1709 891 1531 0 2634 90 1336 1272 1236 693 1675 1054 1135 1498 669 1137 473 1137 1259 440 2187 707 1180 1199 1187 1985 1416 1322 1451 497 1643 1018 2086 722 1668 2006 464 1034 1687 1399 1755 823 1608 605 1095 1131 1316 2042 241 1785 1393 1943 926 1937 1099 1217 1397 1229 921 1375 1216 460 2023 1182 630 734 1765 1594 526 2059 1864 1183 1763 1366 1120 1129
2139 1726 2459 2901 1630 2477 1584 2634 0 2608 1362 2497 2132 2848 1565 2766 1533 1307 2825 1785 2628 2848 1639 2343 3898 2688 1652 2910 2084 3696 2232 1700 1384 2653 1408 2094 941 2877 986 3718 2620 2010 2975 2296 1219 2263 1312 2508 1877 2299 2541 986 2575 1295 2290 1395 2385 3649 2810 2194 3108 1514 1734 2320 2113 2363 3735 2893 2786 2493 1156 1669 2682 968 1268 2549 2946 1667 2831 2841
801 1319 883 1163 1682 864 1504 90 2608 0 1309 1246 1209 666 1648 1028 1109 1471 642 1110 446 1110 1232 414 2160 680 1153 1172 1161 1958 1389 1295 1425 470 1616 991 2059 695 1641 1980 437 1007 1661 1372 1729 797 1581 579 1069 1105 1289 2015 214 1758 1366 1916 899 1911 1072 1190 1370 1203 894 1349 1190 433 1997 1155 603 707 1738 1567 500 2032 1837 1156 1736 1339 1093 1103
841 428 1161 1603 791 1178 613 1336 1362 1309 0 1199 834 1550 757 1468 235 225 1526 487 1330 1550 341 1045 2600 1390 353 1612 786 2398 934 404 178 1355 725 795 813 1579 395 2420 1322 712 1770 997 482 965 335 1210 578 1001 1242 769 1276 512 991 758 1086 2351 1512 896 1810 216 435 1021 815 1064 2437 1595 1487 1194 492 676 1384 786 591 1251 1741 448 1533 1543
1012 1208 396 595 1571 413 1394 1272 2497 1246 1199 0 511 1363 1537 595 998 1361 1339 1217 1143 935 1122 1234 1985 791 1043 640 517 1783 458 1185 1314 1167 1506 772 1949 999 1531 1805 1134 688 1486 619 1618 1307 1471 1399 770 451 78 1905 1213 1647 613 1805 385 1724 504 430 1195 1192 1043 277 519 1254 1822 588 1300 595 1628 1456 1197 1922 1727 133 1562 1229 645 535
569 843 440 889 1206 458 1029 1236 2132 1209 834 511 0 1341 1172 846 633 996 1317 817 1121 929 757 944 1978 768 678 933 144 1776 335 820 949 1145 1141 330 1584 977 1166 1798 1112 246 1479 319 1253 864 1106 1109 328 316 554 1540 1176 1282 312 1440 430 1729 798 103 1188 827 601 408 43 964 1815 881 1278 573 1263 1091 1174 1557 1362 463 1555 864 911 829
1042 1559 1000 1280 1922 982 1745 693 2848 666 1550 1363 1341 0 1888 1145 1349 1712 291 1351 399 1227 1473 654 2277 797 1394 1289 1401 2075 1592 1536 1665 424 1857 1232 2300 812 1882 2097 391 1248 1778 1596 1969 1037 1822 819 1309 1222 1406 2256 633 1998 1590 2156 1016 2028 1189 1308 1487 1443 1135 1466 1321 674 2114 1273 556 825 1979 1807 202 2273 2078 1273 1854 1580 1210 1220
1179 477 1499 1941 218 1517 342 1675 1565 1648 757 1537 1172 1888 0 1806 573 874 1865 911 1669 1888 440 1383 2938 1728 692 1951 1124 2736 1272 378 872 1693 181 1134 1050 1917 598 2758 1660 1050 2439 1336 833 1303 879 1548 917 1339 1581 1094 1615 862 1330 511 1425 2689 1850 1234 2148 750 774 1360 1153 1403 2775 1934 1826 1533 842 122 1722 1077 941 1589 2434 345 1871 1881
1203 1477 473 338 1840 454 1662 1054 2766 1028 1468 595 846 1145 1806 0 1267 1630 1121 1451 925 367 1390 1016 1417 573 1312 272 922 1215 976 1453 1583 950 1775 964 2218 781 1799 1236 917 880 917 1096 1887 1399 1739 1181 961 728 638 2173 995 1916 1090 2074 522 1167 159 807 626 1461 1234 795 827 1036 1253 331 1082 377 1896 1725 979 2191 1996 537 993 1497 194 278
640 244 960 1402 607 978 430 1135 1533 1109 235 998 633 1349 573 1267 0 397 1325 372 1129 1349 158 844 2399 1189 152 1411 585 2197 733 220 350 1154 542 595 985 1378 566 2219 1121 511 1900 797 654 764 506 1009 378 800 1042 941 1076 683 790 841 886 2150 1311 695 1609 228 235 821 614 864 2236 1394 1286 994 663 492 1183 958 763 1050 1912 264 1332 1342
1003 590 1322 1765 939 1340 775 1498 1307 1471 225 1361 996 1712 874 1630 397 0 1688 649 1492 1712 503 1207 2762 1552 515 1774 948 2560 1096 566 247 1516 717 957 759 1741 341 2582 1483 873 1839 1159 428 1127 281 1372 740 1163 1404 715 1438 458 1153 704 1248 2512 1674 1058 1972 378 597 1183 977 1226 2599 1757 1649 1356 438 838 1546 732 537 1413 1809 610 1695 1705
1018 1536 977 1256 1899 958 1721 669 2825 642 1526 1339 1317 291 1865 1121 1325 1688 0 1327 402 1204 1449 631 2253 773 1370 1266 1377 2051 1568 1512 1641 426 1833 1208 2276 789 1858 2073 393 1224 1754 1573 1946 1013 1798 796 1286 1198 1382 2232 609 1975 1566 2133 993 2004 1165 1284 1463 1420 1111 1442 1298 650 2090 1249 559 801 1955 1784 178 2249 2054 1250 1830 1556 1187 1196
642 582 1144 1586 945 1161 767 1137 1785 1110 487 1217 817 1351 911 1451 372 649 1327 0 1131 1533 495 846 2583 1365 417 1595 769 2381 952 558 602 1155 879 778 1237 1380 819 2403 1122 695 2083 981 906 766 759 1011 562 984 1260 1193 1077 936 974 1179 1069 2334 1495 879 1793 300 236 1039 798 865 2420 1578 1288 1177 916 830 1185 1210 1015 1234 2159 602 1516 1526
822 1339 781 1060 1703 762 1525 473 2628 446 1330 1143 1121 399 1669 925 1129 1492 402 1131 0 1008 1253 434 2057 577 1174 1070 1181 1855 1372 1316 1445 81 1637 1012 2080 592 1662 1877 60 1028 1558 1377 1749 817 1602 599 1089 1002 1186 2036 413 1779 1370 1937 797 1808 969 1088 1267 1223 915 1246 1102 454 1894 1053 214 605 1759 1588 259 2053 1858 1054 1634 1360 990 1000
1285 1559 588 667 1922 570 1745 1137 2848 1110 1550 935 929 1227 1888 367 1349 1712 1204 1533 1008 0 1473 1098 1316 655 1394 511 1010 1114 1180 1536 1665 1032 1857 1046 2300 864 1882 1136 999 962 817 1184 1969 1481 1822 1263 1044 810 979 2256 1077 1998 1178 2156 604 1067 500 895 526 1543 1317 1054 909 1118 1153 659 1165 460 1978 1807 1061 2273 2078 861 893 1580 432 606
764 111 1083 1526 474 1101 297 1259 1639 1232 341 1122 757 1473 440 1390 158 503 1449 495 1253 1473 0 968 2523 1313 276 1535 709 2321 857 88 456 1277 409 718 1091 1502 673 2342 1244 634 2023 920 760 888 613 1133 501 924 1165 1047 1199 790 914 709 1009 2273 1435 818 1733 334 358 944 738 987 2360 1518 1410 1117 770 359 1307 1064 869 1174 2019 132 1456 1466
537 1054 872 1151 1417 853 1240 440 2343 414 1045 1234 944 654 1383 1016 844 1207 631 846 434 1098 968 0 2148 668 889 1161 896 1946 1125 1030 1160 459 1352 726 1795 683 1376 1968 426 743 1649 1108 1464 532 1316 253 804 1093 1277 1751 381 1493 1102 1651 888 1899 1060 1006 1358 938 629 1198 925 154 1985 1144 592 696 1473 1302 488 1768 1573 1145 1725 1074 1081 1091
2404 2678 1707 1736 3041 1689 2864 2256 3967 2229 2669 2005 2048 2346 3007 1486 2468 2831 2323 2652 2127 1386 2592 2217 0 1774 2513 1404 2129 219 2299 2655 2784 2151 2976 2165 3419 1983 3001 440 2118 2081 1936 2303 3088 2600 2941 2382 2163 1929 2048 3375 2196 3117 2297 3275 1723 467 1619 2014 1645 2662 2436 2173 2028 2237 457 1728 2284 1579 3097 2926 2180 3392 3197 1948 2012 2699 1485 1676
1056 1399 428 708 1762 409 1585 707 2688 680 1390 791 768 797 1728 573 1189 1552 773 1365 577 655 1313 668 1705 0 1234 717 850 1503 1019 1375 1505 602 1697 886 2140 433 1721 1525 569 802 1206 1024 1809 1051 1662 833 884 650 834 2096 647 1838 1018 1996 444 1456 617 735 915 1383 1148 894 749 688 1542 700 734 252 1818 1647 631 2113 1918 701 1281 1419 638 648
685 363 1005 1447 726 1022 548 1180 1652 1153 353 1043 678 1394 692 1312 152 515 1370 417 1174 1394 276 889 2444 1234 0 1456 630 2242 778 339 468 1199 660 639 1103 1423 685 2264 1166 556 1945 842 773 809 625 1054 423 845 1086 1059 1120 802 835 960 930 2195 1356 740 1654 346 279 866 659 909 2281 1439 1331 1038 782 611 1228 1076 881 1095 2020 383 1377 1387
1348 1621 518 371 1984 499 1807 1199 2910 1172 1612 640 933 1289 1951 272 1411 1774 1266 1595 1070 511 1535 1161 1416 717 1456 0 967 1214 1021 1598 1727 1094 1919 1108 2362 926 1944 1236 1061 1024 1062 1141 2031 1543 1884 1326 1106 872 683 2318 1139 2061 1135 2219 591 1124 292 852 771 1605 1379 840 941 1180 1253 363 1227 522 2041 1869 1123 2335 2140 582 1137 1642 120 311
521 795 474 923 1158 492 980 1187 2084 1161 786 517 144 1401 1124 922 585 948 1377 769 1181 1010 709 896 2060 850 630 967 0 1858 255 771 901 1206 1093 282 1536 1058 1117 1880 1173 198 1561 239 1205 816 1057 1061 280 350 561 1491 1128 1234 232 1392 464 1811 832 137 1270 779 552 328 153 916 1897 915 1338 654 1214 1043 1235 1509 1314 497 1636 815 973 863
2202 2476 1505 1534 2839 1487 2662 2054 3765 2027 2467 1803 1846 2144 2805 1284 2266 2629 2121 2450 1925 1184 2390 2016 219 1572 2311 1202 1927 0 2097 2453 2582 1949 2774 1963 3217 1781 2799 238 1916 1879 1734 2101 2886 2398 2739 2181 1961 1727 1846 3173 1994 2916 2095 3074 1521 265 1417 1812 1443 2460 2234 1971 1826 2035 255 1527 2082 1377 2896 2724 1978 3190 2995 1746 1810 2497 1283 1474
750 943 644 976 1306 662 1129 1416 2232 1389 934 458 335 1592 1272 976 733 1096 1568 952 1372 1180 857 1125 2229 1019 778 1021 255 2027 0 920 1049 1396 1241 510 1684 1228 1266 2049 1363 426 1730 189 1353 1045 1206 1290 508 520 501 1640 1356 1382 182 1540 633 1980 885 328 1439 927 781 280 344 1144 2066 969 1529 824 1362 1191 1425 1657 1462 514 1806 964 1026 916
826 124 1146 1588 412 1164 234 1322 1700 1295 404 1185 820 1536 378 1453 220 566 1512 558 1316 1536 88 1030 2585 1375 339 1598 771 2383 920 0 519 1340 346 781 1154 1565 733 2405 1307 697 2086 983 823 950 676 1195 564 986 1228 1110 1262 852 977 646 1072 2336 1497 881 1795 397 421 1007 800 1050 2422 1581 1473 1180 832 297 1369 1127 932 1236 2081 69 1518 1528
956 543 1276 1718 906 1294 728 1451 1384 1425 178 1314 949 1665 872 1583 350 247 1641 602 1445 1665 456 1160 2715 1505 468 1727 901 2513 1049 519 0 1470 794 911 835 1694 417 2535 1437 827 1667 1113 505 1080 357 1325 694 1116 1358 791 1392 534 1106 780 1202 2466 1627 1011 1856 331 550 1137 930 1180 2552 1710 1602 1309 514 791 1499 808 613 1366 1638 563 1648 1658
847 1364 805 1085 1727 786 1549 497 2653 470 1355 1167 1145 424 1693 950 1154 1516 426 1155 81 1032 1277 459 2082 602 1199 1094 1206 1880 1396 1340 1470 0 1661 1036 2105 617 1686 1902 85 1053 1582 1401 1774 842 1626 624 1114 1027 1211 2060 437 1803 1395 1961 821 1833 994 1112 1292 1248 939 1271 1126 479 1919 1077 197 629 1783 1612 284 2077 1883 1078 1658 1384 1015 1025
1148 446 1467 1910 246 1485 230 1643 1408 1616 725 1506 1141 1857 181 1775 542 717 1833 879 1637 1857 409 1352 2907 1697 660 1919 1093 2705 1241 346 794 1661 0 1102 893 1886 441 2727 1628 1018 2385 1304 676 1272 721 1517 885 1308 1549 937 1583 705 1298 354 1393 2657 1819 1203 2117 718 742 1328 1122 1371 2744 1902 1794 1501 685 284 1691 920 784 1558 2356 313 1840 1850
351 805 657 1099 1168 674 990 1018 2094 991 795 772 330 1232 1134 964 595 957 1208 778 1012 1046 718 726 2096 886 639 1108 282 1894 510 781 911 1036 1102 0 1546 1094 1127 1916 1003 128 1597 494 1215 646 1067 891 289 497 816 1501 958 1244 487 1402 582 1847 1008 392 1306 788 562 583 311 746 1933 1091 1169 690 1224 1053 1065 1518 1323 747 1672 825 1029 1039
1591 1178 1911 2353 1114 1928 1068 2086 941 2059 813 1949 1584 2300 1050 2218 985 759 2276 1237 2080 2300 1091 1795 3350 2140 1103 2362 1536 3148 1684 1154 835 2105 893 1546 0 2329 470 3170 2072 1462 2427 1748 412 1715 763 1960 1329 1751 1992 78 2027 442 1741 879 1837 3101 2262 1646 2560 966 1185 1772 1565 1815 3187 2345 2237 1944 349 1153 2134 60 360 2001 2398 1151 2283 2293
1071 1588 637 916 1951 618 1774 722 2877 695 1579 999 977 812 1917 781 1378 1741 789 1380 592 864 1502 683 1913 433 1423 926 1058 1711 1228 1565 1694 617 1886 1094 2329 0 1911 1733 584 1011 1414 1233 1998 1066 1851 848 1092 858 1042 2285 662 2028 1226 2186 653 1664 825 944 1123 1472 1164 1102 958 703 1750 909 749 461 2008 1836 646 2302 2107 910 1490 1609 846 856
1172 759 1492 1934 663 1510 617 1668 986 1641 395 1531 1166 1882 598 1799 566 341 1858 819 1662 1882 673 1376 2931 1721 685 1944 1117 2729 1266 733 417 1686 441 1127 470 1911 0 2751 1653 1043 2009 1329 299 1296 345 1541 910 1332 1574 515 1608 328 1323 428 1418 2682 1843 1227 2141 548 767 1353 1146 1396 2768 1927 1819 1526 308 702 1715 497 408 1582 1979 700 1864 1874
2224 2498 1527 1556 2861 1508 2684 2076 3787 2049 2489 1825 1867 2166 2827 1306 2288 2651 2142 2472 1946 1205 2412 2037 440 1594 2333 1224 1949 238 2118 2474 2604 1971 2796 1985 3239 1802 2820 0 1938 1901 1756 2123 2908 2420 2760 2202 1983 1749 1868 3195 2016 2937 2117 3095 1543 287 1438 1834 1465 2482 2255 1993 1848 2057 53 1548 2103 1398 2917 2746 2000 3212 3017 1767 1832 2518 1305 1496
814 1331 772 1052 1694 753 1516 464 2620 437 1322 1134 1112 391 1660 917 1121 1483 393 1122 60 999 1244 426 2049 569 1166 1061 1173 1847 1363 1307 1437 85 1628 1003 2072 584 1653 1869 0 1020 1549 1368 1741 809 1593 591 1081 994 1178 2027 404 1770 1362 1928 788 1800 961 1079 1259 1215 906 1238 1093 446 1886 1044 218 596 1750 1579 251 2044 1850 1045 1625 1351 982 992
368 721 573 1015 1084 591 906 1034 2010 1007 712 688 246 1248 1050 880 511 873 1224 695 1028 962 634 743 2012 802 556 1024 198 1810 426 697 827 1053 1018 128 1462 1011 1043 1832 1020 0 1513 410 1131 663 983 908 205 413 732 1417 974 1160 403 1318 499 1763 924 308 1222 704 478 500 227 762 1849 1007 1185 607 1140 969 1082 1434 1240 663 1588 741 945 955
1836 2110 1139 1217 2473 1120 2295 1687 2975 1661 1770 1486 1479 1778 2439 917 1900 1839 1754 2083 1558 817 2023 1649 1867 1206 1945 1062 1561 1665 1730 2086 1667 1582 2385 1597 2427 1414 2009 1687 1549 1513 0 1735 2096 2032 1949 1814 1594 1360 1529 2383 1628 2126 1728 2372 1155 1618 1050 1446 319 1923 1867 1605 1460 1669 1704 1209 1715 1010 2106 2358 1612 2400 2205 1412 155 2130 982 1157
733 1007 649 1086 1370 666 1192 1399 2296 1372 997 619 319 1596 1336 1085 797 1159 1573 981 1377 1184 920 1108 2234 1024 842 1130 239 2032 189 983 1113 1401 1304 494 1748 1233 1329 2054 1368 410 1735 0 1417 1028 1269 1273 491 524 662 1703 1339 1446 35 1604 638 1985 995 311 1444 990 764 430 327 1128 2071 1078 1534 829 1426 1255 1430 1720 1526 599 1811 1027 1136 1026
1260 847 1580 2022 897 1598 851 1755 1219 1729 482 1618 1253 1969 833 1887 654 428 1946 906 1749 1969 760 1464 3019 1809 773 2031 1205 2817 1353 823 505 1774 676 1215 412 1998 299 2839 1741 1131 2096 1417 0 1384 432 1629 998 1420 1662 368 1696 231 1410 662 1506 2770 1931 1315 2229 635 855 1441 1234 1484 2856 2014 1907 1614 112 936 1803 385 310 1670 2067 867 1952 1962
457 974 1191 1534 1337 1209 1160 823 2263 797 965 1307 864 1037 1303 1399 764 1127 1013 766 817 1481 888 532 2531 1051 809 1543 816 2329 1045 950 1080 842 1272 646 1715 1066 1296 2351 809 663 2032 1028 1384 0 1237 697 724 1031 1350 1671 764 1413 1022 1571 1117 2282 1443 926 1741 858 549 1118 845 552 2368 1526 974 1079 1393 1222 871 1688 1493 1281 2107 994 1464 1474
1112 699 1432 1874 943 1450 885 1608 1312 1581 335 1471 1106 1822 879 1739 506 281 1798 759 1602 1822 613 1316 2871 1662 625 1884 1057 2670 1206 676 357 1626 721 1067 763 1851 345 2691 1593 983 1949 1269 432 1237 0 1481 850 1273 1514 719 1548 462 1263 708 1358 2622 1784 1167 2081 488 707 1293 1086 1336 2708 1867 1759 1466 442 947 1655 736 541 1522 1919 720 1805 1814
702 1219 1036 1316 1582 1018 1404 605 2508 579 1210 1399 1109 819 1548 1181 1009 1372 796 1011 599 1263 1133 253 2313 833 1054 1326 1061 2111 1290 1195 1325 624 1517 891 1960 848 1541 2133 591 908 1814 1273 1629 697 1481 0 969 1258 1442 1916 546 1658 1266 1816 1053 2064 1225 1171 1523 1103 794 1363 1090 269 2150 1309 757 861 1638 1467 653 1933 1738 1310 1890 1239 1246 1256
529 588 654 1097 951 672 773 1095 1877 1069 578 770 328 1309 917 961 378 740 1286 562 1089 1044 501 804 2094 884 423 1106 280 1892 508 564 694 1114 885 289 1329 1092 910 1913 1081 205 1594 491 998 724 850 969 0 495 813 1284 1036 1027 485 1185 580 1844 1006 389 1304 571 345 581 309 824 1930 1089 1246 688 1007 836 1143 1301 1107 745 1670 608 1027 1037
736 1010 380 829 1373 398 1196 1131 2299 1105 1001 451 316 1222 1339 728 800 1163 1198 984 1002 810 924 1093 1860 650 845 872 350 1658 520 986 1116 1027 1308 497 1751 858 1332 1680 994 413 1360 524 1420 1031 1273 1258 495 0 494 1707 1072 1449 518 1607 346 1610 738 235 1070 994 767 394 325 1113 1697 821 1159 454 1429 1258 1056 1724 1529 403 1436 1030 793 769
1055 1252 439 639 1615 457 1437 1316 2541 1289 1242 78 554 1406 1581 638 1042 1404 1382 1260 1186 979 1165 1277 2029 834 1086 683 561 1827 501 1228 1358 1211 1549 816 1992 1042 1574 1848 1178 732 1529 662 1662 1350 1514 1442 813 494 0 1948 1256 1691 656 1849 428 1768 548 474 1238 1235 1086 320 563 1297 1865 631 1343 638 1671 1500 1240 1965 1770 177 1605 1272 689 579
1547 1133 1866 2309 1159 1884 1113 2042 986 2015 769 1905 1540 2256 1094 2173 941 715 2232 1193 2036 2256 1047 1751 3306 2096 1059 2318 1491 3104 1640 1110 791 2060 937 1501 78 2285 515 3125 2027 1417 2383 1703 368 1671 719 1916 1284 1707 1948 0 1982 398 1697 924 1792 3056 2218 1601 2516 922 1141 1727 1521 1770 3142 2301 2193 1900 304 1198 2090 51 316 1957 2353 1154 2239 2249
768 1286 850 1130 1649 831 1471 241 2575 214 1276 1213 1176 633 1615 995 1076 1438 609 1077 413 1077 1199 381 2127 647 1120 1139 1128 1925 1356 1262 1392 437 1583 958 2027 662 1608 1947 404 974 1628 1339 1696 764 1548 546 1036 1072 1256 1982 0 1725 1333 1883 866 1878 1039 1157 1337 1170 861 1316 1157 400 1964 1122 570 674 1705 1534 467 1999 1804 1123 1703 1306 1060 1070
1289 876 1609 2051 926 1627 880 1785 1295 1758 512 1647 1282 1998 862 1916 683 458 1975 936 1779 1998 790 1493 3048 1838 802 2061 1234 2846 1382 852 534 1803 705 1244 442 2028 328 2868 1770 1160 2126 1446 231 1413 462 1658 1027 1449 1691 398 1725 0 1440 691 1535 2799 1960 1344 2258 665 884 1470 1263 1513 2885 2044 1936 1643 240 965 1832 415 220 1699 2096 896 1981 1991
727 1001 642 1080 1364 660 1186 1393 2290 1366 991 613 312 1590 1330 1079 790 1153 1566 974 1370 1178 914 1102 2228 1018 835 1124 232 2026 182 977 1106 1395 1298 487 1741 1226 1323 2048 1362 403 1728 35 1410 1022 1263 1266 485 518 656 1697 1333 1440 0 1598 632 1979 989 305 1438 984 758 424 321 1121 2065 1072 1527 822 1420 1249 1424 1714 1519 593 1804 1021 1130 1020
1447 745 1767 2209 576 1785 530 1943 1395 1916 758 1805 1440 2156 511 2074 841 704 2133 1179 1937 2156 709 1651 3206 1996 960 2219 1392 3004 1540 646 780 1961 354 1402 879 2186 428 3026 1928 1318 2372 1604 662 1571 708 1816 1185 1607 1849 924 1883 691 1598 0 1693 2957 2118 1502 2416 911 1042 1628 1421 1671 3043 2202 2094 1801 671 614 1990 906 771 1857 2342 613 2139 2149
822 1096 98 546 1459 116 1281 926 2385 899 1086 385 430 1016 1425 522 886 1248 993 1069 797 604 1009 888 1654 444 930 591 464 1452 633 1072 1202 821 1393 582 1837 653 1418 1474 788 499 1155 638 1506 1117 1358 1053 580 346 428 1792 866 1535 632 1693 0 1405 455 349 864 1079 853 508 438 907 1491 539 954 249 1515 1344 850 1809 1614 287 1231 1116 587 486
2291 2565 1444 1297 2928 1425 2750 2142 3854 2116 2556 1566 1859 2233 2894 1198 2355 2718 2209 2539 2013 1455 2479 2104 920 1661 2400 965 1893 718 1947 2541 2671 2038 2863 2052 3306 1869 2887 740 2005 1968 2005 2067 2975 2487 2827 2269 2049 1799 1609 3261 2083 3004 2061 3162 1517 0 1218 1778 1714 2549 2322 1766 1868 2124 757 1289 2170 1465 2984 2813 2067 3279 3084 1509 2081 2585 1046 1237
1247 1521 382 248 1884 364 1707 1099 2810 1072 1512 504 798 1189 1850 159 1311 1674 1165 1495 969 500 1435 1060 1549 617 1356 292 832 1347 885 1497 1627 994 1819 1008 2262 825 1843 1369 961 924 1050 1006 1931 1443 1784 1225 1006 738 548 2218 1039 1960 1000 2118 455 1300 0 717 759 1505 1278 704 806 1080 1386 240 1126 421 1940 1769 1023 2235 2040 447 1126 1541 298 188
631 905 360 808 1268 377 1090 1217 2194 1190 896 430 103 1308 1234 807 695 1058 1284 879 1088 895 818 1006 1945 735 740 852 137 1743 328 881 1011 1112 1203 392 1646 944 1227 1765 1079 308 1446 311 1315 926 1167 1171 389 235 474 1601 1157 1344 305 1502 349 1696 717 0 1155 888 662 373 111 1026 1782 800 1245 540 1324 1153 1141 1618 1424 382 1522 925 858 748
1545 1819 848 926 2182 829 2004 1397 3108 1370 1810 1195 1188 1487 2148 626 1609 1972 1463 1793 1267 526 1733 1358 1576 915 1654 771 1270 1374 1439 1795 1856 1292 2117 1306 2560 1123 2141 1396 1259 1222 319 1444 2229 1741 2081 1523 1304 1070 1238 2516 1337 2258 1438 2416 864 1327 759 1155 0 1803 1576 1314 1169 1378 1413 919 1424 719 2238 2067 1321 2533 2338 1121 394 1839 692 866
734 421 1153 1596 784 1171 606 1229 1514 1203 216 1192 827 1443 750 1461 228 378 1420 300 1223 1543 334 938 2593 1383 346 1605 779 2391 927 397 331 1248 718 788 966 1472 548 2412 1215 704 1923 990 635 858 488 1103 571 994 1235 922 1170 665 984 911 1079 2343 1505 888 1803 0 329 1014 808 958 2430 1588 1381 1187 645 669 1277 939 744 1244 1894 441 1526 1536
425 445 927 1369 808 945 630 921 1734 894 435 1043 601 1135 774 1234 235 597 1111 236 915 1317 358 629 2366 1148 279 1379 552 2164 781 421 550 939 742 562 1185 1164 767 2186 906 478 1867 764 855 549 707 794 345 767 1086 1141 861 884 758 1042 853 2117 1278 662 1576 329 0 854 581 649 2203 1362 1072 961 864 693 968 1158 963 1017 1943 465 1299 1309
823 1031 518 795 1394 536 1216 1375 2320 1349 1021 277 408 1466 1360 795 821 1183 1442 1039 1246 1054 944 1198 2104 894 866 840 328 1902 280 1007 1137 1271 1328 583 1772 1102 1353 1924 1238 500 1605 430 1441 1118 1293 1363 581 394 320 1727 1316 1470 424 1628 508 1855 704 373 1314 1014 854 0 417 1217 1941 788 1403 698 1450 1279 1300 1744 1549 333 1680 1051 845 735
550 824 449 897 1187 466 1009 1216 2113 1190 815 519 43 1321 1153 827 614 977 1298 798 1102 909 738 925 1959 749 659 941 153 1757 344 800 930 1126 1122 311 1565 958 1146 1779 1093 227 1460 327 1234 845 1086 1090 309 325 563 1521 1157 1263 321 1421 438 1710 806 111 1169 808 581 417 0 945 1796 889 1259 554 1243 1072 1155 1538 1343 471 1536 844 892 837
556 1074 891 1171 1437 873 1259 460 2363 433 1064 1254 964 674 1403 1036 864 1226 650 865 454 1118 987 154 2168 688 909 1180 916 1966 1144 1050 1180 479 1371 746 1815 703 1396 1988 446 762 1669 1128 1484 552 1336 269 824 1113 1297 1770 400 1513 1121 1671 907 1919 1080 1026 1378 958 649 1217 945 0 2005 1163 611 716 1493 1322 508 1787 1593 1164 1744 1094 1101 1111
2241 2515 1544 1573 2878 1525 2701 2093 3804 2066 2506 1842 1884 2183 2844 1323 2305 2668 2159 2489 1963 1222 2429 2054 457 1611 2350 1241 1966 255 2135 2491 2621 1988 2813 2002 3256 1819 2837 53 1955 1918 1773 2140 2925 2437 2778 2219 2000 1766 1885 3212 2033 2954 2134 3112 1560 304 1455 1851 1482 2499 2272 2010 1865 2074 0 1565 2120 1415 2934 2763 2017 3229 3034 1784 1849 2535 1322 1513
1331 1604 466 85 1968 447 1790 1182 2893 1155 1595 588 881 1273 1934 331 1394 1757 1249 1578 1053 659 1518 1144 1709 700 1439 363 915 1507 969 1581 1710 1077 1902 1091 2345 909 1927 1529 1044 1007 1209 1089 2014 1526 1867 1309 1089 821 631 2301 1122 2044 1083 2202 539 1448 240 800 919 1588 1362 788 889 1163 1546 0 1210 505 2024 1853 1106 2318 2123 530 1285 1625 369 73
979 1497 938 1217 1860 919 1682 630 2786 603 1487 1300 1278 556 1826 1082 1286 1649 559 1288 214 1165 1410 592 2214 734 1331 1227 1338 2012 1529 1473 1602 197 1794 1169 2237 749 1819 2034 218 1185 1715 1534 1907 974 1759 757 1246 1159 1343 2193 570 1936 1527 2094 954 1965 1126 1245 1424 1381 1072 1403 1259 611 2051 1210 0 762 1916 1745 416 2210 2015 1211 1791 1517 1147 1157
930 1204 233 512 1567 214 1389 734 2493 707 1194 595 573 825 1533 377 994 1356 801 1177 605 460 1117 696 1509 252 1038 522 654 1307 824 1180 1309 629 1501 690 1944 461 1526 1329 596 607 1010 829 1614 1079 1466 861 688 454 638 1900 674 1643 822 1801 249 1260 421 540 719 1187 961 698 554 716 1346 505 762 0 1623 1452 659 1917 1722 506 1086 1224 442 452
1269 856 1589 2031 906 1607 860 1765 1156 1738 492 1628 1263 1979 842 1896 663 438 1955 916 1759 1978 770 1473 3028 1818 782 2041 1214 2826 1362 832 514 1783 685 1224 349 2008 308 2848 1750 1140 2106 1426 112 1393 442 1638 1007 1429 1671 304 1705 240 1420 671 1515 2779 1940 1324 2238 645 864 1450 1243 1493 2865 2024 1916 1623 0 945 1812 322 320 1679 2076 876 1961 1971
1098 396 1418 1860 138 1436 261 1594 1669 1567 676 1456 1091 1807 122 1725 492 838 1784 830 1588 1807 359 1302 2857 1647 611 1869 1043 2655 1191 297 791 1612 284 1053 1153 1836 702 2677 1579 969 2358 1255 936 1222 947 1467 836 1258 1500 1198 1534 965 1249 614 1344 2608 1769 1153 2067 669 693 1279 1072 1322 2694 1853 1745 1452 945 0 1641 1180 1045 1508 2353 264 1790 1800
876 1393 834 1114 1756 815 1578 526 2682 500 1384 1197 1174 202 1722 979 1183 1546 178 1185 259 1061 1307 488 2111 631 1228 1123 1235 1909 1425 1369 1499 284 1691 1065 2134 646 1715 1931 251 1082 1612 1430 1803 871 1655 653 1143 1056 1240 2090 467 1832 1424 1990 850 1862 1023 1141 1321 1277 968 1300 1155 508 1948 1106 416 659 1812 1641 0 2107 1912 1107 1687 1413 1044 1054
1564 1151 1883 2326 1141 1901 1095 2059 968 2032 786 1922 1557 2273 1077 2191 958 732 2249 1210 2053 2273 1064 1768 3323 2113 1076 2335 1509 3121 1657 1127 808 2077 920 1518 60 2302 497 3143 2044 1434 2400 1720 385 1688 736 1933 1301 1724 1965 51 1999 415 1714 906 1809 3073 2235 1618 2533 939 1158 1744 1538 1787 3160 2318 2210 1917 322 1180 2107 0 333 1974 2370 1171 2256 2266
1369 956 1689 2131 1006 1706 960 1864 1268 1837 591 1727 1362 2078 941 1996 763 537 2054 1015 1858 2078 869 1573 3128 1918 881 2140 1314 2926 1462 932 613 1883 784 1323 360 2107 408 2948 1850 1240 2205 1526 310 1493 541 1738 1107 1529 1770 316 1804 220 1519 771 1614 2879 2040 1424 2338 744 963 1549 1343 1593 2965 2123 2015 1722 320 1045 1912 333 0 1779 2175 976 2061 2071
986 1260 298 538 1623 316 1446 1183 2549 1156 1251 133 463 1273 1589 537 1050 1413 1250 1234 1054 861 1174 1145 1911 701 1095 582 497 1709 514 1236 1366 1078 1558 747 2001 910 1582 1731 1045 663 1412 599 1670 1281 1522 1310 745 403 177 1957 1123 1699 593 1857 287 1662 447 382 1121 1244 1017 333 471 1164 1748 530 1211 506 1679 1508 1107 1974 1779 0 1488 1280 588 478
1912 2105 1214 1293 2468 1196 2290 1763 2946 1736 1741 1562 1555 1854 2434 993 1912 1809 1830 2159 1634 893 2019 1725 1943 1281 2020 1137 1636 1741 1806 2081 1638 1658 2356 1672 2398 1490 1979 1762 1625 1588 155 1811 2067 2107 1919 1890 1670 1436 1605 2353 1703 2096 1804 2342 1231 1693 1126 1522 394 1894 1943 1680 1536 1744 1779 1285 1791 1086 2076 2353 1687 2370 2175 1488 0 2125 1058 1233
870 168 1190 1632 379 1208 201 1366 1667 1339 448 1229 864 1580 345 1497 264 610 1556 602 1360 1580 132 1074 2629 1419 383 1642 815 2427 964 69 563 1384 313 825 1151 1609 700 2449 1351 741 2130 1027 867 994 720 1239 608 1030 1272 1154 1306 896 1021 613 1116 2380 1541 925 1839 441 465 1051 844 1094 2466 1625 1517 1224 876 264 1413 1171 976 1280 2125 0 1562 1572
1268 1542 523 377 1905 505 1728 1120 2831 1093 1533 645 911 1210 1871 194 1332 1695 1187 1516 990 432 1456 1081 1482 638 1377 120 973 1280 1026 1518 1648 1015 1840 1029 2283 846 1864 1302 982 945 982 1147 1952 1464 1805 1246 1027 793 689 2239 1060 1981 1141 2139 587 1205 298 858 692 1526 1299 845 892 1101 1319 369 1147 442 1961 1790 1044 2256 2061 588 1058 1562 0 317
1278 1552 413 80 1915 395 1737 1129 2841 1103 1543 535 829 1220 1881 278 1342 1705 1196 1526 1000 606 1466 1091 1656 648 1387 311 863 1454 916 1528 1658 1025 1850 1039 2293 856 1874 1476 992 955 1157 1037 1962 1474 1814 1256 1037 769 579 2249 1070 1991 1030 2149 486 1395 188 748 866 1536 1309 735 837 1111 1493 73 1157 452 1971 1800 1054 2266 2071 478 1233 1572 317 0
EOF