NAME : tsp_problem
TYPE : TSP
DIMENSION : 34
EDGE_WEIGHT_TYPE : EXPLICIT
EDGE_WEIGHT_FORMAT : FULL_MATRIX
EDGE_WEIGHT_SECTION
0 3817 2491 1166 682 1160 569 1330 292 278 1033 1374 525 687 3126 1169 4274 643 752 1100 354 816 1701 1637 1336 549 726 1197 1192 3351 378 214 1172 711
3817 0 1704 2871 3184 2865 3308 3332 3640 3626 3758 4099 3309 3412 1052 2874 2200 3510 3477 2805 3521 3541 4426 4362 4061 3316 3593 2890 2885 1277 3513 3649 2865 3157
2491 1704 0 1545 1857 1538 1981 2006 2313 2299 2432 2773 1982 2086 1012 1548 2160 2183 2151 1478 2194 2214 3100 3035 2735 1989 2267 1564 1559 1238 2186 2323 1539 1831
1166 2871 1545 0 532 50 656 681 988 974 1107 1448 657 761 2179 59 3327 858 826 81 869 889 1775 1710 1409 664 942 251 246 2404 861 998 226 506
682 3184 1857 532 0 526 172 697 504 490 623 964 173 277 2492 536 3640 374 342 466 385 405 1291 1226 925 180 458 564 559 2717 377 514 539 103
1160 2865 1538 50 526 0 650 675 982 968 1101 1442 651 755 2173 53 3321 852 820 75 863 883 1769 1704 1403 658 936 245 240 2398 855 992 220 500
569 3308 1981 656 172 650 0 821 392 378 559 900 85 213 2616 659 3764 262 278 590 273 342 1227 1163 862 65 345 687 682 2841 264 401 662 201
1323 3325 1999 674 690 668 814 0 1146 1132 1264 1605 815 918 2634 677 3782 1016 983 608 1027 1047 1932 1868 1567 822 1100 705 700 2859 1019 1155 680 663
292 3640 2313 988 504 982 392 1153 0 63 856 1197 348 510 2948 992 4096 465 575 922 328 638 1524 1459 1159 371 549 1020 1014 3173 163 298 994 534
278 3626 2299 974 490 968 378 1139 63 0 842 1183 334 496 2934 978 4082 451 561 908 313 624 1510 1445 1144 357 535 1005 1000 3159 149 284 980 519
1033 3758 2432 1107 623 1101 559 1271 856 842 0 631 560 389 3066 1110 4214 446 316 1040 737 273 958 893 593 567 350 1138 1133 3292 729 865 1113 652
1390 4115 2789 1463 979 1457 916 1628 1213 1198 647 0 917 746 3423 1467 4571 803 673 1397 1093 630 371 307 426 924 707 1495 1490 3649 1085 1222 1470 1009
525 3309 1982 657 173 651 85 822 348 334 560 901 0 214 2617 661 3765 218 279 591 229 343 1228 1164 863 85 302 688 683 2842 221 357 663 203
687 3412 2086 761 277 755 213 925 510 496 389 731 214 0 2720 764 3869 207 108 695 391 172 1057 993 692 221 288 792 787 2946 383 519 767 306
3126 1052 1012 2179 2492 2173 2616 2640 2948 2934 3066 3408 2617 2720 0 2183 1218 2818 2786 2113 2829 2849 3735 3670 3369 2624 2902 2199 2193 296 2821 2957 2173 2466
1169 2874 1548 59 536 53 659 684 992 978 1110 1451 661 764 2183 0 3331 862 829 85 873 892 1778 1714 1413 668 945 254 249 2408 865 1001 229 509
4274 2200 2160 3327 3640 3321 3764 3789 4096 4082 4214 4556 3765 3869 1218 3331 0 3966 3934 3261 3977 3997 4883 4818 4517 3772 4050 3347 3341 963 3969 4105 3322 3614
643 3510 2183 858 374 852 262 1023 465 451 446 787 218 207 2818 862 3966 0 272 792 346 268 1114 1050 749 241 188 890 884 3043 338 475 864 404
752 3477 2151 826 342 820 278 990 575 561 316 657 279 108 2786 829 3934 272 0 760 456 125 984 919 619 287 214 857 852 3011 448 584 832 371
1100 2805 1478 81 466 75 590 615 922 908 1040 1382 591 695 2113 85 3261 792 760 0 803 823 1709 1644 1343 598 876 185 179 2338 795 931 160 440
354 3521 2194 869 385 863 273 1034 328 313 737 1078 229 391 2829 873 3977 346 456 803 0 519 1405 1340 1039 252 430 900 895 3054 200 185 875 415
816 3541 2214 889 405 883 342 1053 638 624 273 615 343 172 2849 892 3997 268 125 823 519 0 942 877 576 350 172 920 915 3074 511 647 895 434
1717 4442 3115 1790 1306 1784 1243 1955 1540 1525 974 371 1244 1073 3750 1794 4898 1130 1000 1724 1420 957 0 177 753 1251 1034 1822 1817 3975 1412 1549 1797 1336
1652 4377 3051 1726 1242 1720 1178 1890 1475 1461 909 307 1179 1008 3686 1729 4834 1065 935 1660 1356 893 177 0 688 1187 969 1757 1752 3911 1348 1484 1732 1271
1338 4063 2736 1411 927 1405 863 1575 1160 1146 594 413 865 694 3371 1414 4519 750 620 1345 1041 578 740 675 0 872 654 1442 1437 3596 1033 1169 1417 956
549 3316 1989 664 180 658 65 829 371 357 567 909 85 221 2624 668 3772 241 287 598 252 350 1236 1171 870 0 325 696 690 2849 244 380 670 210
726 3593 2267 942 458 936 345 1106 549 535 350 691 302 288 2902 945 4050 188 214 876 430 172 1018 953 653 325 0 973 968 3127 422 558 948 487
1197 2890 1564 251 564 245 687 712 1020 1005 1138 1479 688 792 2199 254 3347 890 857 185 900 920 1806 1741 1441 696 973 0 93 2424 892 1029 73 537
1192 2885 1559 246 559 240 682 707 1014 1000 1133 1474 683 787 2193 249 3341 884 852 179 895 915 1801 1736 1436 690 968 93 0 2419 887 1024 68 532
3351 1277 1238 2404 2717 2398 2841 2866 3173 3159 3292 3633 2842 2946 296 2408 963 3043 3011 2338 3054 3074 3960 3895 3595 2849 3127 2424 2419 0 3046 3183 2399 2691
378 3513 2186 861 377 855 264 1026 163 149 729 1070 221 383 2821 865 3969 338 448 795 200 511 1397 1332 1031 244 422 892 887 3046 0 310 867 406
214 3649 2323 998 514 992 401 1162 298 284 865 1206 357 519 2957 1001 4105 475 584 931 185 647 1533 1469 1168 380 558 1029 1024 3183 310 0 1004 543
1172 2865 1539 226 539 220 662 687 994 980 1113 1454 663 767 2173 229 3322 864 832 160 875 895 1781 1716 1416 670 948 73 68 2399 867 1004 0 512
711 3157 1831 506 103 500 201 670 534 519 652 993 203 306 2466 509 3614 404 371 440 415 434 1320 1256 955 210 487 537 532 2691 406 543 512 0
EOF