NAME : tsp_problem
TYPE : TSP
DIMENSION : 54
EDGE_WEIGHT_TYPE : EXPLICIT
EDGE_WEIGHT_FORMAT : FULL_MATRIX
EDGE_WEIGHT_SECTION
0 1040 837 1010 1204 1130 1102 888 1431 1022 2127 1060 3062 831 1025 1258 1216 1303 1515 3384 1195 903 2837 1059 943 1147 1103 1325 3148 1813 1235 913 471 1318 535 1020 774 533 1225 1095 766 869 871 1259 1236 456 987 1332 476 3025 453 1521 1410 509
1658 0 639 127 322 247 220 690 549 139 1245 178 2864 1426 143 375 334 421 632 3186 313 705 2639 861 745 265 221 443 2950 931 353 715 610 435 930 138 576 928 342 1665 1360 671 673 376 353 752 104 450 871 2827 748 639 528 904
1455 639 0 609 803 729 701 191 1030 621 1726 660 2364 1223 624 857 815 903 1114 2687 794 206 2139 362 246 747 702 925 2450 1413 835 216 408 917 727 619 133 725 824 1462 1158 172 74 858 835 549 586 931 668 2327 546 1120 1010 701
1628 127 609 0 241 215 139 661 468 55 1212 97 2834 1396 58 343 253 341 552 3157 232 675 2609 832 715 229 140 363 2920 898 273 686 581 355 900 53 546 898 262 1635 1331 641 643 296 273 722 47 417 841 2797 719 558 448 874
1822 322 803 241 0 309 235 855 384 242 1371 193 3028 1590 226 501 169 405 429 3351 148 869 2803 1026 910 293 236 427 3114 1057 188 880 775 419 1094 231 740 1092 178 1830 1525 836 837 174 189 916 228 575 1035 2991 913 622 363 1069
1748 247 729 215 309 0 238 781 536 227 1108 197 2954 1516 230 239 321 236 619 3277 300 795 2729 952 835 64 239 258 3040 795 340 806 701 250 1020 225 666 1018 330 1755 1451 761 763 363 341 842 192 313 961 2917 839 453 515 994
1720 220 701 139 235 238 0 753 462 140 1300 62 2926 1488 124 431 247 335 546 3249 226 767 2701 924 807 222 57 356 3012 987 266 778 673 349 992 129 638 990 256 1727 1423 734 735 290 267 814 126 505 933 2889 811 552 441 966
1507 690 191 661 855 781 753 0 1082 672 1778 711 2404 1275 676 909 867 954 1165 2726 846 73 2179 401 285 798 754 976 2490 1464 886 84 459 968 778 671 184 777 875 1514 1209 211 225 909 887 601 637 983 719 2367 597 1172 1061 753
2049 549 1030 468 384 536 462 1082 0 469 1597 420 3255 1817 453 728 396 632 252 3578 375 1096 3030 1253 1136 520 463 654 3341 1284 415 1107 1002 646 1321 458 967 1319 404 2057 1752 1063 1064 438 416 1143 455 802 1262 3218 1140 849 68 1295
1640 139 621 55 242 227 140 672 469 0 1224 98 2846 1408 70 355 254 341 552 3168 233 687 2621 843 727 229 141 363 2932 910 273 697 592 355 912 65 558 910 262 1647 1342 653 655 296 273 734 59 429 853 2809 731 559 448 886
2172 1260 1742 1228 1386 1124 1316 1793 1613 1239 0 1274 3967 2529 1243 1239 1398 1024 1697 4289 1377 1808 3742 1964 1848 1141 1317 1047 4053 357 1418 1818 1713 1002 2033 1238 1679 2031 1407 2180 2463 1774 1776 1441 1418 1855 1204 851 1974 3930 1851 1166 1593 2007
1679 178 660 97 193 197 62 711 420 98 1259 0 2885 1447 83 389 205 293 504 3207 185 726 2659 882 766 181 78 315 2971 945 225 736 631 307 951 88 597 949 214 1686 1381 692 694 248 225 773 84 463 891 2848 769 510 400 925
3680 2864 2364 2834 3028 2954 2926 2404 3255 2846 3951 2885 0 3448 2849 3082 3040 3128 3339 1133 3020 2419 296 2084 2147 2972 2927 3150 841 3638 3060 2429 2633 3142 2952 2844 2358 2950 3049 3688 3383 2232 2398 3083 3060 2774 2811 3156 2893 774 2771 3345 3235 2926
1422 1414 1211 1384 1579 1504 1476 1263 1805 1396 2502 1435 3436 0 1399 1632 1591 1678 1889 3759 1570 1277 3211 1434 1318 1522 1477 1700 3522 2188 1610 1288 845 1692 909 1394 1148 907 1599 1429 213 1244 1245 1633 1610 831 1361 1706 850 3399 827 1895 1785 884
1643 143 624 58 226 230 124 676 453 70 1227 83 2849 1411 0 358 238 326 537 3172 217 690 2624 847 730 214 125 348 2935 914 258 701 596 340 915 60 561 913 247 1651 1346 657 658 281 258 737 62 432 856 2812 734 543 433 889
1876 375 857 343 501 239 431 909 728 355 1223 389 3082 1644 358 0 513 428 812 3405 493 923 2857 1080 963 257 432 450 3168 909 533 934 829 439 1148 353 794 1146 522 1883 1579 890 891 556 533 970 320 428 1089 3045 967 631 708 1122
1834 334 815 253 169 321 247 867 396 254 1383 205 3040 1602 238 513 0 417 399 3363 160 881 2815 1038 922 305 248 439 3126 1069 193 892 787 431 1106 243 752 1104 190 1842 1537 848 849 144 195 928 240 587 1047 3003 925 634 375 1081
1889 421 903 341 405 236 335 954 632 341 1008 293 3128 1690 326 428 417 0 716 3450 396 969 2903 1125 1009 220 336 112 3214 694 436 979 874 67 1194 331 840 1192 426 1897 1624 935 937 460 437 1016 327 213 1135 3091 1012 260 611 1168
2133 632 1114 552 429 619 546 1165 252 552 1681 504 3339 1901 537 812 399 716 0 3662 432 1180 3114 1336 1220 604 547 738 3425 1368 404 1191 1085 730 1405 542 1051 1403 410 2140 1836 1146 1148 356 406 1227 539 886 1346 3302 1224 933 232 1379
4003 3186 2687 3157 3351 3277 3249 2726 3578 3168 4274 3207 1133 3771 3172 3405 3363 3450 3662 0 3342 2741 908 2407 2470 3294 3250 3472 1219 3960 3382 2752 2955 3465 3275 3167 2681 3273 3372 4010 3705 2555 2721 3406 3383 3097 3133 3479 3215 1081 3093 3668 3557 3249
1813 313 794 232 148 300 226 846 375 233 1362 185 3020 1581 217 493 160 396 432 3342 0 861 2794 1017 901 284 227 418 3105 1048 179 871 766 410 1085 222 731 1083 169 1821 1516 827 828 178 180 907 219 567 1026 2982 904 613 354 1060
1521 705 206 675 869 795 767 73 1096 687 1792 726 2419 1289 690 923 881 969 1180 2741 861 0 2193 416 300 813 768 991 2505 1479 901 98 474 983 793 685 199 791 890 1529 1224 226 240 924 901 615 652 997 734 2382 612 1186 1076 767
3455 2639 2139 2609 2803 2729 2701 2179 3030 2621 3726 2659 296 3223 2624 2857 2815 2903 3114 908 2794 2193 0 1859 1922 2746 2702 2925 616 3413 2835 2204 2407 2917 2727 2619 2133 2725 2824 3462 3157 2007 2173 2858 2835 2549 2586 2931 2668 548 2546 3120 3010 2701
1678 861 362 832 1026 952 924 401 1253 843 1949 882 2084 1446 847 1080 1038 1125 1336 2407 1017 416 1859 0 145 969 925 1147 2170 1635 1057 426 630 1140 950 842 355 948 1047 1685 1380 230 396 1080 1058 772 808 1154 890 2047 768 1343 1232 924
1561 745 246 715 910 835 807 285 1136 727 1833 766 2147 1329 730 963 922 1009 1220 2470 901 300 1922 145 0 853 808 1031 2233 1519 941 310 514 1023 833 725 239 831 930 1569 1264 113 280 964 941 655 692 1037 774 2110 652 1226 1116 808
1765 265 747 229 293 64 222 798 520 229 1126 181 2972 1533 214 257 305 220 604 3294 284 813 2746 969 853 0 224 242 3057 812 324 823 718 234 1037 219 684 1036 314 1773 1468 779 781 348 325 859 209 331 978 2935 856 437 499 1012
1721 221 702 140 236 239 57 754 463 141 1301 78 2927 1489 125 432 248 336 547 3250 227 768 2702 925 808 224 0 357 3013 988 268 779 674 350 993 130 639 991 257 1729 1424 735 736 291 268 815 127 506 934 2890 812 553 443 967
1913 443 925 363 427 258 356 976 654 363 1032 315 3150 1712 348 450 439 112 738 3472 418 991 2925 1147 1031 242 357 0 3236 718 458 1001 896 91 1216 353 862 1214 448 1920 1646 957 959 482 459 1038 349 237 1156 3113 1034 283 633 1190
3766 2950 2450 2920 3114 3040 3012 2490 3341 2932 4037 2971 841 3534 2935 3168 3126 3214 3425 1219 3105 2505 616 2170 2233 3057 3013 3236 0 3724 3146 2515 2719 3228 3038 2930 2444 3036 3135 3773 3469 2318 2484 3169 3146 2860 2897 3242 2979 859 2857 3431 3321 3012
1859 947 1428 914 1073 810 1002 1480 1299 926 357 961 3653 2215 929 925 1085 710 1383 3976 1064 1494 3428 1651 1535 828 1003 734 3739 0 1104 1505 1400 689 1719 924 1365 1717 1093 1866 2150 1461 1462 1127 1104 1541 891 537 1660 3616 1538 853 1279 1694
1854 353 835 273 188 340 266 886 415 273 1402 225 3060 1622 258 533 193 436 404 3382 179 901 2835 1057 941 324 268 458 3146 1088 0 911 806 451 1126 263 772 1124 204 1861 1556 867 869 150 200 948 259 607 1066 3023 944 654 395 1100
1532 715 216 686 880 806 778 84 1107 697 1803 736 2429 1300 701 934 892 979 1191 2752 871 98 2204 426 310 823 779 1001 2515 1489 911 0 484 994 804 696 210 802 901 1539 1234 236 250 935 912 626 662 1008 744 2392 622 1197 1086 778
1089 610 408 581 775 701 673 459 1002 592 1698 631 2633 857 596 829 787 874 1085 2955 766 474 2407 630 514 718 674 896 2719 1384 806 484 0 888 361 591 345 359 795 1096 791 440 442 829 806 183 557 903 302 2596 180 1092 981 335
1868 435 917 355 419 250 349 968 646 355 987 307 3142 1704 340 439 431 67 730 3465 410 983 2917 1140 1023 234 350 91 3228 673 451 994 888 0 1208 345 854 1206 440 1875 1639 949 951 474 451 1030 342 191 1149 3105 1027 238 626 1182
805 923 720 893 1087 1013 985 772 1314 905 2010 944 2945 932 908 1141 1099 1187 1398 3268 1078 786 2720 943 826 1031 986 1209 3031 1697 1119 797 354 1201 0 903 657 112 1108 812 866 752 754 1142 1119 339 870 1215 237 2908 336 1404 1294 98
1638 138 619 53 231 225 129 671 458 65 1222 88 2844 1406 60 353 243 331 542 3167 222 685 2619 842 725 219 130 353 2930 908 263 696 591 345 910 0 556 908 252 1645 1341 652 653 286 263 732 57 427 851 2807 729 548 438 884
1392 576 133 546 740 666 638 184 967 558 1663 597 2358 1160 561 794 752 840 1051 2681 731 199 2133 355 239 684 639 862 2444 1350 772 210 345 854 664 556 0 662 761 1399 1095 165 167 795 772 486 523 868 605 2321 483 1057 947 638
768 921 718 891 1085 1011 983 770 1312 903 2008 942 2943 930 906 1139 1097 1185 1396 3266 1077 784 2718 941 824 1029 984 1207 3029 1695 1117 795 352 1199 112 901 655 0 1106 775 864 751 752 1140 1117 338 868 1213 235 2906 334 1402 1292 96
1843 342 824 262 178 330 256 875 404 262 1391 214 3049 1611 247 522 190 426 410 3372 169 890 2824 1047 930 314 257 448 3135 1078 204 901 795 440 1115 252 761 1113 0 1850 1546 856 858 155 205 937 249 596 1056 3012 934 643 384 1089
1091 1042 839 1012 1207 1132 1104 891 1433 1024 2130 1063 3065 834 1028 1260 1219 1306 1517 3387 1198 906 2839 1062 946 1150 1106 1328 3150 1816 1238 916 473 1320 537 1022 776 535 1227 0 768 872 873 1261 1238 459 989 1334 478 3027 455 1523 1413 512
1244 1237 1034 1207 1401 1327 1299 1085 1628 1219 2324 1257 3259 391 1222 1455 1413 1501 1712 3581 1392 1100 3034 1256 1140 1344 1300 1522 3345 2010 1432 1110 668 1515 732 1217 971 730 1422 1251 0 1066 1068 1456 1433 653 1184 1529 673 3222 650 1718 1607 706
1487 671 172 641 836 761 734 211 1063 653 1759 692 2232 1255 657 890 848 935 1146 2555 827 226 2007 230 113 779 735 957 2318 1445 867 236 440 949 759 652 165 757 856 1495 1190 0 206 890 867 581 618 964 700 2195 578 1153 1042 734
1489 673 74 643 837 763 735 225 1064 655 1760 694 2398 1257 658 891 849 937 1148 2721 828 240 2173 396 280 781 736 959 2484 1447 869 250 442 951 761 653 167 759 858 1496 1192 206 0 892 869 583 620 965 702 2361 580 1154 1044 735
1877 376 858 296 174 363 290 909 438 296 1425 248 3083 1645 281 556 144 460 356 3406 178 924 2858 1080 964 348 291 482 3169 1112 150 935 829 474 1149 286 795 1147 155 1884 1579 890 892 0 151 971 283 630 1090 3046 968 677 418 1123
1854 353 835 273 189 341 267 887 416 273 1402 225 3060 1622 258 533 195 437 406 3383 180 901 2835 1058 941 325 268 459 3146 1089 200 912 806 451 1126 263 772 1124 205 1861 1557 867 869 151 0 948 260 607 1067 3023 945 654 395 1100
1074 752 549 722 916 842 814 601 1143 734 1839 773 2774 842 737 970 928 1016 1227 3097 907 615 2549 772 655 859 815 1038 2860 1526 948 626 183 1030 346 732 486 344 937 1082 777 581 583 971 948 0 699 1044 287 2737 109 1233 1123 321
1605 104 586 47 228 192 126 637 455 59 1189 84 2811 1373 62 320 240 327 539 3133 219 652 2586 808 692 209 127 349 2897 875 259 662 557 342 877 57 523 875 249 1612 1307 618 620 283 260 699 0 394 818 2774 695 545 434 851
1870 450 931 417 575 313 505 983 802 429 835 463 3156 1718 432 428 587 213 886 3479 567 997 2931 1154 1037 331 506 237 3242 522 607 1008 903 191 1222 427 868 1220 596 1878 1653 964 965 630 607 1044 394 0 1163 3119 1041 384 782 1196
965 864 661 834 1028 954 926 712 1255 846 1951 884 2886 873 849 1082 1040 1128 1339 3209 1019 727 2661 883 767 971 927 1150 2972 1638 1060 738 295 1142 237 844 598 235 1049 973 807 693 695 1083 1060 280 811 1156 0 2849 277 1345 1235 212
3643 2827 2327 2797 2991 2917 2889 2367 3218 2809 3914 2848 774 3411 2812 3045 3003 3091 3302 1081 2982 2382 548 2047 2110 2935 2890 3113 859 3601 3023 2392 2596 3105 2915 2807 2321 2913 3012 3650 3346 2195 2361 3046 3023 2737 2774 3119 2856 0 2734 3308 3198 2889
1071 748 546 719 913 839 811 597 1140 731 1836 769 2771 839 734 967 925 1012 1224 3093 904 612 2546 768 652 856 812 1034 2857 1522 944 622 180 1027 343 729 483 341 934 1078 774 578 580 968 945 109 695 1041 284 2734 0 1230 1119 317
2028 639 1120 558 622 453 552 1172 849 559 1150 510 3345 1907 543 631 634 260 933 3668 613 1186 3120 1343 1226 437 553 283 3431 836 654 1197 1092 238 1411 548 1057 1409 643 2036 1842 1153 1154 677 654 1233 545 384 1352 3308 1230 0 829 1385
2029 528 1010 448 363 515 441 1061 68 448 1577 400 3235 1797 433 708 375 611 232 3557 354 1076 3010 1232 1116 499 443 633 3321 1263 395 1086 981 626 1301 438 947 1299 384 2036 1731 1042 1044 418 395 1123 434 782 1241 3198 1119 829 0 1275
792 897 694 867 1062 987 960 746 1289 879 1985 918 2920 906 883 1115 1074 1161 1372 3242 1053 761 2694 917 801 1005 961 1183 3005 1671 1093 771 328 1175 98 877 631 96 1082 799 841 727 728 1116 1093 314 844 1190 212 2882 310 1378 1268 0
EOF