NAME : tsp_problem
TYPE : TSP
DIMENSION : 30
EDGE_WEIGHT_TYPE : EXPLICIT
EDGE_WEIGHT_FORMAT : FULL_MATRIX
EDGE_WEIGHT_SECTION
0 1942 1400 536 2086 1307 1441 1426 1997 1898 670 1777 843 1521 1857 1424 1873 1548 713 762 1509 1496 1941 1734 917 1895 664 1481 1516 774
1959 0 946 1478 1484 893 748 1425 285 1296 1324 356 1128 1067 1255 759 1271 1094 1260 1273 1290 1418 46 651 1085 255 1307 584 500 1262
1430 946 0 1076 900 728 1056 854 1035 712 1210 751 1015 165 671 1040 687 191 1072 755 391 598 945 480 939 870 1024 1096 1132 767
566 1478 1076 0 1761 930 977 1102 1533 1573 173 1452 379 1197 1533 961 1549 1224 384 438 1184 1172 1477 1410 453 1538 340 1017 1053 450
1608 1727 825 1254 0 1135 1463 1254 1816 994 1388 1533 1314 891 953 1446 969 918 1250 1053 605 593 1726 1262 1237 1651 1202 1503 1538 1065
1337 897 728 920 1486 0 396 641 953 1298 766 1059 569 849 1257 380 1273 876 701 662 1035 1023 896 1062 526 958 748 436 472 674
1458 748 1052 977 1810 392 0 965 803 1622 823 910 627 1173 1581 64 1597 1200 759 771 1359 1347 747 1204 584 808 806 287 323 761
1132 1101 530 777 1288 317 645 0 1190 1100 911 906 717 651 1059 629 1075 678 774 457 830 817 1100 864 640 1025 725 685 720 468
2014 285 1035 1533 1537 948 803 1515 0 1349 1380 445 1183 1156 1308 815 1324 1183 1315 1328 1379 1507 285 740 1140 249 1362 640 555 1318
1935 1296 796 1580 522 1377 1705 1504 1349 0 1715 1102 1640 917 293 1689 310 944 1577 1380 674 541 1295 707 1564 1220 1528 1686 1601 1392
700 1324 1210 173 1896 776 823 1236 1380 1708 0 1486 225 1331 1667 807 1683 1358 230 487 1319 1306 1324 1544 299 1385 236 863 899 477
1807 356 751 1452 1290 1055 910 1231 445 1102 1486 0 1290 873 1061 921 1077 899 1421 1132 1095 1223 355 456 1246 280 1400 746 661 1143
873 1128 1015 379 1773 579 627 1042 1183 1585 225 1290 0 1137 1545 611 1561 1163 161 291 1244 1232 1127 1350 103 1188 208 667 702 281
1552 1067 165 1197 994 849 1178 976 1156 806 1331 873 1137 0 765 1161 781 62 1194 877 457 665 1066 602 1060 991 1145 1218 1253 888
1790 1255 755 1436 355 1317 1645 1436 1308 293 1570 1061 1496 876 0 1629 38 903 1433 1236 605 373 1254 667 1419 1179 1384 1645 1560 1247
1442 759 1035 961 1794 376 64 949 815 1606 807 921 611 1157 1565 0 1581 1184 742 755 1343 1331 759 1215 567 820 789 298 334 745
1807 1271 771 1452 371 1333 1661 1452 1324 310 1586 1077 1512 893 38 1645 0 919 1449 1252 621 389 1270 683 1435 1195 1400 1661 1576 1263
1578 1094 191 1224 1021 876 1204 1002 1183 832 1358 899 1163 62 792 1188 808 0 1220 903 484 691 1093 629 1087 1018 1172 1244 1280 915
743 1260 1072 384 1758 711 759 1098 1315 1570 230 1421 161 1194 1529 742 1545 1220 0 423 1181 1168 1259 1406 235 1320 78 799 834 413
792 1273 755 438 1513 662 771 781 1328 1325 487 1132 291 877 1285 755 1301 903 423 0 984 972 1272 1089 214 1250 386 811 847 68
1636 1151 249 1281 848 934 1262 1060 1241 660 1416 957 1221 315 619 1246 635 342 1278 961 0 572 1150 686 1144 1075 1229 1302 1337 972
1461 1410 507 1106 864 987 1315 1106 1499 676 1240 1215 1166 574 636 1299 652 600 1103 906 287 0 1409 944 1089 1334 1054 1355 1391 917
1958 46 945 1477 1483 892 747 1424 285 1295 1324 355 1127 1066 1254 759 1270 1093 1259 1272 1289 1417 0 650 1084 254 1306 583 499 1262
1764 651 480 1410 895 1062 1204 1189 740 707 1544 456 1350 602 667 1215 683 629 1406 1089 825 914 650 0 1273 575 1358 1040 955 1101
947 1085 939 453 1697 536 584 965 1140 1509 299 1246 103 1060 1468 567 1484 1087 235 214 1168 1155 1084 1273 0 1145 282 624 659 204
1925 255 870 1538 1408 953 808 1349 249 1220 1385 280 1188 991 1179 820 1195 1018 1320 1250 1214 1342 254 575 1145 0 1367 645 560 1262
695 1307 1024 340 1709 758 806 1050 1362 1521 236 1400 208 1145 1481 789 1497 1172 78 386 1132 1120 1306 1358 282 1367 0 846 881 398
1498 584 1092 1017 1850 432 287 1005 640 1662 863 746 667 1213 1621 298 1637 1240 799 811 1399 1387 583 1040 624 645 846 0 159 801
1534 500 1127 1053 1789 467 323 1041 555 1601 899 661 702 1249 1560 334 1576 1275 834 847 1435 1422 499 955 659 560 881 159 0 837
804 1262 767 450 1525 674 761 793 1318 1337 477 1143 281 888 1296 745 1312 915 413 68 996 983 1262 1101 204 1262 398 801 837 0
EOF