NAME : tsp_problem
TYPE : TSP
DIMENSION : 78
EDGE_WEIGHT_TYPE : EXPLICIT
EDGE_WEIGHT_FORMAT : FULL_MATRIX
EDGE_WEIGHT_SECTION
0 2292 2526 97 2179 315 977 535 2437 980 184 362 2289 1141 2312 2336 856 928 2541 456 431 1162 1985 2314 283 2476 414 2288 188 417 265 315 2059 2208 359 569 2447 325 2402 399 2523 448 277 2386 2447 482 807 295 1039 1075 398 122 1042 459 2305 506 1153 81 384 2417 2183 364 314 86 2279 2438 348 626 262 265 357 361 1040 333 2245 2370 208 1162
2292 0 438 2266 150 2564 1484 2679 349 1487 2120 2625 201 1654 738 248 1461 1387 453 1949 2574 1676 430 73 2426 387 2677 200 2262 2680 2362 2578 453 100 1951 2713 359 2555 314 1966 434 2711 2290 297 358 2190 1573 2018 1553 1589 1977 2307 1412 2602 731 1999 1666 2284 2481 329 439 2522 2457 2279 190 349 2017 2770 2525 2045 2141 2505 1554 2477 63 282 2407 1676
2526 438 0 2500 385 2799 1719 2914 208 1722 2355 2860 289 1889 973 336 1696 1622 49 2184 2809 1911 665 460 2661 213 2912 434 2496 2915 2597 2813 687 354 2185 2948 305 2789 173 2201 60 2946 2525 385 184 2425 1807 2252 1788 1823 2211 2541 1647 2837 966 2234 1901 2519 2716 153 674 2757 2692 2514 425 411 2252 3005 2759 2280 2376 2739 1788 2711 391 203 2642 1911
97 2266 2500 0 2153 342 951 562 2411 954 172 389 2264 1115 2286 2310 830 902 2515 430 458 1136 1959 2288 310 2450 441 2262 215 444 342 342 2033 2182 333 596 2421 352 2376 373 2497 475 304 2360 2421 416 781 269 1013 1049 372 149 1016 486 2279 480 1127 108 461 2391 2157 391 341 113 2253 2412 322 653 289 239 331 388 1014 360 2219 2344 235 1136
2179 150 385 2153 0 2451 1371 2566 296 1375 2007 2512 148 1542 625 195 1348 1274 400 1836 2461 1563 317 173 2313 335 2564 147 2149 2567 2249 2465 340 67 1838 2600 306 2442 261 1853 382 2598 2177 244 306 2078 1460 1905 1440 1476 1864 2194 1299 2489 619 1886 1553 2171 2368 276 326 2409 2344 2167 137 297 1904 2657 2412 1932 2029 2392 1441 2364 103 229 2294 1563
315 2570 2804 342 2457 0 1255 712 2715 1258 462 168 2567 1419 2590 2614 1134 1206 2819 734 608 1440 2263 2592 460 2754 396 2566 365 399 284 297 2337 2486 637 746 2725 23 2680 677 2801 430 454 2663 2725 715 1085 573 1317 1353 675 299 1320 636 2583 784 1430 327 367 2695 2461 62 491 332 2556 2716 626 804 105 543 635 538 1318 510 2522 2648 251 1440
977 1484 1719 951 1371 1250 0 1364 1629 93 806 1311 1482 340 1504 1529 146 121 1734 634 1259 361 1177 1506 1112 1668 1362 1480 947 1365 1047 1263 1251 1400 636 1398 1639 1240 1595 651 1715 1396 975 1578 1639 876 258 703 238 274 662 992 234 1287 1497 684 352 969 1166 1609 1375 1207 1142 965 1471 1630 702 1455 1210 730 827 1190 239 1162 1437 1562 1092 361
535 2679 2914 562 2566 712 1364 0 2824 1368 585 759 2677 1528 2699 2724 1243 1315 2928 843 363 1549 2372 2701 373 2863 811 2675 466 814 738 712 2446 2595 746 182 2834 722 2789 786 2910 845 555 2773 2834 815 1194 682 1426 1462 785 441 1429 212 2692 893 1540 547 857 2804 2570 761 404 552 2666 2825 735 239 659 652 745 293 1427 423 2632 2757 605 1549
2437 349 208 2411 296 2710 1629 2824 0 1633 2266 2771 200 1800 884 247 1606 1532 223 2095 2720 1822 576 371 2572 271 2822 345 2407 2825 2507 2723 598 265 2096 2858 357 2700 50 2111 204 2856 2435 296 243 2336 1718 2163 1699 1734 2122 2452 1558 2748 877 2145 1812 2429 2627 211 584 2667 2603 2425 336 348 2163 2915 2670 2191 2287 2650 1699 2622 302 114 2552 1821
980 1488 1722 954 1375 1253 93 1368 1633 0 809 1314 1485 343 1508 1532 150 124 1737 638 1263 365 1181 1510 1115 1672 1366 1484 950 1369 1051 1266 1255 1404 639 1402 1643 1243 1598 655 1719 1400 979 1581 1643 879 261 706 242 277 665 995 238 1291 1501 688 355 973 1170 1613 1379 1211 1146 968 1474 1634 706 1459 1213 734 830 1193 242 1165 1440 1566 1096 365
184 2120 2355 172 2007 457 806 585 2266 809 0 527 2118 969 2140 2165 685 757 2370 284 480 991 1814 2143 332 2304 579 2117 168 582 255 479 1887 2037 188 619 2276 447 2231 228 2351 613 247 2214 2276 311 636 124 868 904 226 213 871 508 2134 334 981 177 374 2246 2012 414 363 172 2107 2267 177 676 426 93 186 411 868 383 2073 2199 300 991
363 2626 2861 390 2513 168 1311 760 2771 1314 527 0 2624 1475 2646 2670 1190 1262 2875 790 655 1496 2319 2648 507 2810 443 2622 412 446 402 344 2393 2542 693 794 2781 178 2736 733 2857 478 502 2720 2781 762 1141 629 1373 1409 732 347 1376 683 2639 840 1487 375 485 2751 2517 218 538 379 2613 2772 682 851 152 599 692 586 1374 558 2579 2704 299 1496
2289 201 289 2263 148 2562 1482 2677 200 1485 2118 2623 0 1652 736 65 1459 1385 304 1947 2572 1674 428 223 2424 238 2675 198 2259 2678 2360 2576 450 117 1948 2711 210 2552 165 1964 285 2709 2288 114 210 2188 1570 2016 1551 1587 1974 2304 1410 2600 729 1997 1664 2282 2479 180 437 2520 2455 2277 188 167 2015 2768 2523 2043 2139 2502 1551 2474 154 133 2405 1674
1141 1654 1889 1115 1542 1413 340 1528 1800 343 969 1474 1652 0 1675 1699 310 291 1904 798 1423 99 1348 1677 1275 1839 1526 1651 1111 1529 1211 1427 1422 1571 800 1562 1810 1404 1765 815 1886 1560 1139 1748 1810 1040 422 867 132 211 826 1156 405 1451 1668 848 55 1133 1330 1780 1546 1371 1306 1128 1641 1801 866 1619 1374 894 990 1354 176 1326 1607 1733 1256 98
2312 738 973 2286 625 2584 1504 2699 884 1508 2140 2645 736 1675 0 783 1481 1407 988 1969 2594 1696 352 761 2446 922 2697 735 2282 2700 2382 2598 298 655 1971 2733 894 2575 849 1986 969 2731 2310 832 894 2211 1593 2038 1573 1609 1997 2327 1432 2622 58 2019 1686 2304 2501 864 348 2542 2477 2300 725 885 2037 2790 2545 2065 2162 2525 1574 2497 691 817 2427 1696
2336 248 336 2310 195 2609 1529 2723 247 1532 2165 2670 65 1699 783 0 1505 1432 351 1994 2619 1721 475 270 2471 285 2722 244 2306 2725 2407 2622 497 164 1995 2758 213 2599 212 2011 332 2756 2335 65 257 2235 1617 2062 1598 1633 2021 2351 1457 2647 776 2044 1711 2329 2526 227 484 2566 2502 2324 235 118 2062 2815 2569 2090 2186 2549 1598 2521 201 180 2452 1721
856 1461 1696 830 1348 1129 146 1243 1606 150 685 1190 1459 310 1481 1505 0 97 1710 514 1139 331 1154 1483 991 1645 1241 1457 826 1244 926 1142 1228 1377 515 1277 1616 1119 1571 530 1692 1275 854 1555 1616 755 137 582 208 244 541 871 211 1167 1474 563 322 848 1045 1586 1352 1086 1021 844 1448 1607 581 1334 1089 610 706 1069 209 1041 1414 1539 971 331
928 1387 1622 902 1274 1201 121 1315 1532 124 757 1262 1385 291 1407 1432 97 0 1637 586 1211 313 1080 1409 1063 1571 1314 1383 898 1316 999 1214 1154 1303 587 1349 1542 1191 1498 602 1618 1348 926 1481 1542 827 209 654 190 225 613 943 137 1239 1400 636 303 920 1118 1512 1278 1158 1094 916 1374 1533 654 1407 1161 682 778 1141 190 1113 1340 1465 1044 312
2541 453 49 2515 400 2814 1734 2928 223 1737 2370 2875 304 1904 988 351 1710 1637 0 2199 2824 1926 680 475 2676 206 2927 449 2511 2929 2612 2827 702 369 2200 2962 298 2804 188 2215 53 2961 2539 400 177 2440 1822 2267 1803 1838 2226 2556 1662 2852 981 2249 1916 2533 2731 146 689 2771 2707 2529 440 404 2267 3020 2774 2295 2391 2754 1803 2726 406 218 2657 1925
456 1949 2184 430 1836 728 634 843 2095 638 284 790 1947 798 1969 1994 514 586 2199 0 738 820 1643 1972 591 2133 841 1946 426 844 526 742 1716 1865 157 877 2105 719 2060 70 2180 875 496 2043 2105 397 464 224 697 732 81 471 700 766 1962 76 810 448 645 2075 1841 686 621 444 1936 2095 122 934 689 252 246 669 697 641 1902 2028 571 820
431 2574 2809 458 2461 607 1259 363 2720 1263 480 655 2572 1423 2594 2619 1139 1211 2824 738 0 1445 2268 2597 255 2758 706 2571 361 709 633 607 2341 2490 642 397 2730 617 2685 681 2805 741 450 2668 2730 711 1089 578 1322 1357 680 336 1325 286 2587 788 1435 443 752 2700 2466 657 216 447 2561 2720 631 454 554 547 640 118 1322 199 2527 2653 501 1445
1162 1676 1911 1136 1563 1435 361 1549 1822 365 991 1496 1674 99 1696 1721 331 313 1926 820 1445 0 1370 1699 1297 1860 1548 1673 1132 1551 1233 1448 1443 1592 821 1584 1831 1425 1787 836 1907 1582 1161 1770 1831 1061 443 888 154 233 847 1177 426 1473 1689 870 110 1155 1352 1802 1568 1392 1328 1150 1663 1822 888 1641 1395 916 1012 1375 198 1347 1629 1755 1278 39
1985 430 665 1959 317 2258 1177 2372 576 1181 1814 2319 428 1348 352 475 1154 1080 680 1643 2268 1369 0 453 2120 614 2370 427 1955 2373 2055 2271 99 347 1644 2406 586 2248 541 1659 661 2404 1983 524 586 1884 1266 1711 1246 1282 1670 2000 1105 2296 345 1692 1360 1977 2174 556 296 2215 2150 1973 417 577 1711 2463 2218 1739 1835 2198 1247 2170 383 509 2100 1369
2314 73 460 2288 173 2587 1506 2701 371 1510 2143 2648 223 1677 761 270 1483 1409 475 1972 2597 1699 453 0 2449 410 2699 222 2284 2702 2384 2600 475 123 1973 2735 381 2577 336 1988 457 2733 2312 320 381 2213 1595 2040 1575 1611 1999 2329 1435 2625 754 2022 1689 2306 2503 351 461 2544 2480 2302 212 372 2040 2792 2547 2068 2164 2527 1576 2499 86 304 2429 1698
283 2426 2661 310 2314 459 1112 373 2572 1115 332 507 2424 1275 2447 2471 991 1063 2676 591 255 1297 2120 2449 0 2610 559 2423 213 561 485 459 2194 2343 494 407 2582 469 2537 534 2658 593 303 2520 2582 563 942 430 1174 1210 532 188 1177 296 2440 640 1287 295 605 2552 2318 509 79 299 2413 2573 483 464 406 399 492 199 1174 98 2379 2505 353 1297
2476 387 213 2450 335 2748 1668 2863 271 1672 2304 2809 238 1839 922 285 1645 1571 206 2133 2758 1860 614 410 2610 0 2861 384 2446 2864 2546 2762 637 304 2135 2897 233 2739 236 2150 217 2895 2474 334 100 2375 1757 2202 1737 1773 2161 2491 1596 2786 915 2183 1850 2468 2665 82 623 2706 2641 2463 374 339 2201 2954 2709 2229 2325 2689 1738 2661 340 267 2591 1860
408 2671 2906 435 2558 401 1356 805 2817 1360 573 449 2669 1520 2691 2716 1236 1308 2921 835 701 1542 2365 2694 553 2855 0 2668 458 45 477 128 2438 2587 739 839 2827 411 2782 778 2902 177 547 2765 2827 808 1186 675 1419 1454 777 392 1422 729 2684 885 1532 420 596 2797 2563 451 584 425 2658 2817 728 896 348 644 737 631 1419 603 2624 2750 344 1542
2288 200 434 2262 147 2561 1480 2675 345 1484 2117 2622 198 1651 735 244 1457 1383 449 1946 2571 1673 427 222 2423 384 2673 0 2258 2676 2358 2574 449 116 1947 2709 355 2551 310 1962 431 2708 2286 294 355 2187 1569 2014 1550 1585 1973 2303 1409 2599 728 1996 1663 2280 2478 325 435 2518 2454 2276 76 346 2014 2767 2521 2042 2138 2501 1550 2473 153 278 2403 1672
188 2262 2496 215 2149 365 947 466 2407 950 168 412 2259 1111 2282 2306 826 898 2511 426 361 1132 1955 2284 213 2446 464 2258 0 467 391 364 2029 2178 329 500 2417 374 2372 369 2493 498 208 2355 2417 412 777 265 1009 1045 367 93 1012 389 2275 476 1122 200 510 2387 2153 414 244 205 2248 2408 318 557 311 235 327 291 1010 263 2214 2340 258 1132
411 2674 2909 438 2561 404 1359 808 2820 1363 576 452 2672 1523 2694 2719 1238 1311 2924 838 704 1545 2367 2697 556 2858 45 2671 461 0 480 131 2441 2590 742 842 2829 414 2785 781 2905 192 550 2768 2829 811 1189 678 1422 1457 780 395 1424 732 2687 888 1535 423 599 2800 2566 454 586 428 2661 2820 730 899 351 647 740 634 1422 606 2627 2753 347 1544
239 2336 2571 316 2223 321 1021 712 2481 1025 229 392 2334 1185 2356 2380 900 972 2585 500 607 1206 2029 2358 459 2520 443 2332 364 446 0 344 2103 2252 403 746 2491 312 2446 443 2567 477 454 2430 2491 526 851 339 1083 1119 442 299 1086 635 2349 550 1197 231 238 2461 2227 279 490 227 2323 2482 392 803 291 309 402 538 1084 510 2289 2414 153 1206
309 2572 2807 336 2459 302 1257 706 2717 1261 474 350 2570 1421 2592 2617 1136 1209 2822 736 601 1443 2265 2594 454 2756 128 2568 359 131 378 0 2339 2488 640 740 2727 312 2683 679 2803 275 448 2666 2727 709 1087 576 1320 1355 678 293 1322 629 2585 786 1433 321 497 2697 2463 351 484 326 2559 2718 628 797 249 545 638 532 1320 504 2525 2650 245 1442
2059 453 687 2033 340 2331 1251 2446 598 1255 1887 2392 450 1422 298 497 1228 1154 702 1716 2341 1443 99 475 2193 637 2444 449 2029 2447 2129 2345 0 369 1718 2480 608 2322 563 1733 684 2478 2057 546 608 1958 1340 1785 1320 1356 1744 2074 1179 2369 291 1766 1433 2051 2248 578 209 2289 2224 2047 439 599 1784 2537 2292 1812 1908 2272 1321 2244 405 531 2174 1443
2208 100 354 2182 67 2481 1400 2595 265 1404 2037 2542 117 1571 655 164 1377 1303 369 1865 2490 1592 347 123 2343 304 2593 116 2178 2596 2278 2494 369 0 1867 2629 275 2471 230 1882 351 2627 2206 213 275 2107 1489 1934 1469 1505 1893 2223 1328 2518 648 1915 1583 2200 2397 245 355 2438 2373 2196 106 266 1933 2686 2441 1961 2058 2421 1470 2393 53 198 2323 1592
359 1951 2185 333 1838 632 636 746 2096 639 188 693 1948 800 1971 1995 515 587 2200 157 642 821 1644 1973 494 2135 745 1947 329 748 430 645 1718 1867 0 781 2106 622 2061 173 2182 779 358 2044 2106 258 466 85 698 734 184 374 701 670 1964 207 811 352 549 2076 1842 589 525 347 1937 2097 225 838 592 113 305 572 699 544 1903 2029 475 821
569 2713 2948 596 2600 746 1398 182 2858 1402 619 794 2711 1562 2733 2758 1277 1349 2963 877 397 1584 2406 2735 407 2897 845 2709 500 848 772 746 2480 2629 781 0 2868 756 2824 820 2944 879 589 2807 2868 850 1228 716 1460 1496 819 475 1463 283 2726 927 1574 581 891 2838 2604 795 438 586 2700 2859 769 109 693 686 779 327 1461 457 2666 2791 639 1583
2447 359 305 2421 306 2720 1639 2834 357 1643 2276 2781 210 1810 894 213 1616 1542 298 2105 2730 1831 586 381 2582 233 2832 355 2417 2835 2517 2733 608 275 2106 2868 0 2710 322 2121 309 2866 2445 166 204 2346 1728 2173 1708 1744 2132 2462 1567 2758 887 2154 1822 2439 2636 174 594 2677 2612 2435 345 140 2173 2925 2680 2201 2297 2660 1709 2632 311 290 2562 1831
325 2560 2795 352 2447 23 1245 722 2705 1249 453 178 2558 1409 2580 2605 1124 1196 2809 724 617 1430 2253 2582 470 2744 406 2556 375 409 275 306 2327 2476 628 756 2715 0 2670 667 2791 440 464 2654 2715 725 1075 563 1307 1343 666 309 1310 645 2573 774 1421 337 358 2685 2451 52 500 342 2547 2706 616 813 114 533 626 548 1308 520 2513 2638 261 1430
2402 314 173 2376 261 2675 1595 2789 50 1598 2231 2736 165 1765 849 212 1571 1498 188 2060 2685 1787 541 336 2537 236 2788 310 2372 2790 2473 2688 563 230 2061 2824 322 2665 0 2076 169 2822 2400 261 208 2301 1683 2128 1664 1699 2087 2417 1523 2713 842 2110 1777 2395 2592 177 550 2632 2568 2390 301 313 2128 2881 2635 2156 2252 2615 1664 2587 267 79 2518 1787
399 1966 2201 373 1853 672 651 786 2111 655 228 733 1964 815 1986 2011 530 602 2215 70 681 836 1659 1988 534 2150 784 1962 369 787 469 685 1733 1882 173 820 2121 662 2076 0 2197 818 449 2060 2121 413 481 241 713 749 86 414 716 710 1979 120 827 391 588 2091 1857 629 564 387 1953 2112 94 877 632 252 189 612 714 584 1919 2044 514 836
2523 434 60 2497 382 2795 1715 2910 204 1719 2351 2856 285 1886 969 332 1692 1618 53 2180 2805 1907 661 457 2657 217 2908 431 2493 2911 2593 2809 684 351 2182 2944 309 2786 169 2197 0 2942 2521 382 188 2422 1804 2249 1784 1820 2208 2538 1643 2833 963 2230 1897 2515 2712 157 670 2753 2688 2511 421 415 2248 3001 2756 2276 2373 2736 1785 2708 387 199 2638 1907
446 2709 2944 473 2597 440 1395 843 2855 1398 611 487 2707 1558 2730 2754 1274 1346 2959 874 739 1580 2403 2732 591 2893 177 2706 496 192 515 275 2477 2626 777 878 2865 449 2820 817 2941 0 586 2803 2865 846 1225 713 1457 1493 815 430 1460 767 2723 923 1570 458 634 2835 2601 489 622 463 2696 2856 766 935 386 682 775 669 1458 641 2662 2788 382 1580
277 2290 2525 304 2177 454 975 555 2435 979 247 502 2288 1139 2310 2335 854 926 2539 496 450 1161 1983 2312 303 2474 553 2286 208 556 480 454 2057 2206 358 589 2445 464 2401 449 2521 587 0 2384 2445 281 805 307 1037 1073 447 183 1040 478 2303 546 1151 289 599 2415 2181 503 333 294 2277 2436 398 646 401 314 407 381 1038 353 2243 2368 347 1160
2386 297 385 2360 244 2658 1578 2773 296 1581 2214 2719 114 1748 832 65 1555 1481 400 2043 2668 1770 524 320 2520 334 2771 294 2355 2774 2456 2672 546 213 2044 2807 166 2649 261 2060 382 2805 2384 0 306 2284 1666 2112 1647 1683 2070 2400 1506 2696 825 2093 1760 2378 2575 276 533 2616 2551 2373 284 71 2111 2864 2619 2139 2235 2598 1647 2571 250 229 2501 1770
2447 358 184 2421 306 2720 1639 2834 243 1643 2276 2781 210 1810 894 257 1616 1542 177 2105 2730 1831 586 381 2582 100 2832 355 2417 2835 2517 2733 608 275 2106 2868 204 2710 208 2121 188 2866 2445 306 0 2346 1728 2173 1708 1744 2132 2462 1567 2758 887 2154 1822 2439 2636 53 594 2677 2612 2435 345 310 2172 2925 2680 2201 2297 2660 1709 2632 311 238 2562 1831
482 2191 2425 416 2078 715 876 815 2336 879 311 762 2188 1040 2211 2235 755 827 2440 397 711 1061 1884 2213 563 2375 814 2187 412 817 552 714 1958 2107 258 850 2346 724 2301 413 2422 848 281 2284 2346 0 706 208 938 974 424 443 941 739 2204 447 1051 474 671 2316 2082 712 594 470 2177 2337 374 907 661 236 428 641 939 613 2143 2269 597 1061
807 1573 1807 781 1460 1080 258 1194 1718 261 636 1141 1570 422 1593 1617 137 209 1822 464 1089 443 1266 1595 942 1757 1192 1569 777 1195 877 1093 1340 1489 466 1228 1728 1070 1683 481 1804 1226 805 1666 1728 706 0 533 320 356 492 822 323 1117 1586 514 433 799 996 1698 1464 1037 972 795 1559 1719 532 1285 1040 560 657 1020 321 992 1526 1651 922 443
295 2018 2253 269 1905 568 703 682 2163 706 124 629 2016 867 2038 2062 582 654 2267 224 578 888 1711 2040 430 2202 681 2014 265 683 366 581 1785 1934 85 716 2173 558 2128 241 2249 715 307 2112 2173 208 533 0 765 801 251 310 768 606 2031 274 879 287 485 2143 1909 525 461 283 2005 2164 201 774 528 49 241 508 766 480 1971 2096 411 888
1039 1553 1788 1013 1440 1312 238 1426 1699 242 868 1373 1551 132 1573 1598 208 190 1803 697 1322 154 1246 1575 1174 1737 1425 1550 1009 1427 1110 1325 1320 1469 698 1460 1708 1302 1664 713 1784 1459 1037 1647 1708 938 320 765 0 110 724 1054 303 1350 1566 747 144 1031 1229 1679 1445 1269 1205 1027 1540 1699 765 1518 1272 793 889 1252 75 1224 1506 1632 1155 154
1075 1589 1824 1049 1476 1348 274 1462 1734 277 904 1409 1587 211 1609 1633 244 225 1838 732 1357 233 1282 1611 1210 1773 1460 1585 1045 1463 1145 1361 1356 1505 734 1496 1744 1338 1699 749 1820 1494 1073 1683 1744 974 356 801 110 0 760 1090 339 1386 1602 782 223 1067 1264 1714 1480 1305 1240 1063 1576 1735 800 1553 1308 828 925 1288 110 1260 1542 1667 1190 233
398 1977 2211 372 1864 670 662 785 2122 665 226 731 1974 826 1997 2021 541 613 2226 81 680 847 1670 1999 532 2161 783 1973 367 786 468 684 1744 1893 184 819 2132 661 2087 86 2208 817 447 2070 2132 424 492 251 724 760 0 413 727 708 1990 131 837 390 587 2102 1868 628 563 385 1963 2123 93 876 631 251 187 611 725 583 1929 2055 513 847
122 2307 2541 149 2194 299 992 441 2452 995 213 346 2304 1156 2327 2351 871 943 2556 471 336 1177 2000 2329 188 2491 398 2303 93 401 325 299 2074 2223 374 475 2462 309 2417 414 2538 432 183 2400 2462 443 822 310 1054 1090 413 0 1057 364 2320 521 1167 134 444 2432 2198 348 219 139 2293 2453 363 532 246 280 372 266 1055 238 2259 2385 192 1177
1042 1412 1647 1016 1299 1315 234 1429 1558 238 871 1376 1410 405 1432 1457 211 137 1662 700 1325 426 1106 1435 1177 1596 1427 1409 1012 1430 1112 1328 1179 1328 701 1463 1567 1305 1523 716 1643 1461 1040 1506 1567 941 323 768 303 339 727 1057 0 1353 1425 749 417 1034 1231 1538 1304 1272 1207 1030 1399 1558 768 1520 1275 796 892 1255 304 1227 1365 1491 1157 426
459 2602 2837 486 2489 635 1287 212 2748 1291 508 683 2600 1451 2622 2647 1167 1239 2852 766 286 1473 2296 2625 296 2786 735 2599 389 737 661 635 2369 2519 670 283 2758 645 2713 710 2833 769 478 2696 2758 739 1117 606 1350 1386 708 364 1353 0 2615 816 1463 471 781 2728 2494 685 327 475 2589 2748 659 341 582 575 668 217 1350 347 2555 2681 529 1473
2305 731 966 2279 619 2578 1497 2692 877 1501 2134 2639 729 1668 58 776 1474 1400 981 1962 2587 1689 345 754 2440 915 2690 728 2275 2693 2375 2591 291 648 1964 2726 887 2568 842 1979 963 2724 2303 825 887 2204 1586 2031 1566 1602 1990 2320 1425 2615 0 2012 1680 2297 2494 857 341 2535 2470 2293 718 878 2030 2783 2538 2058 2155 2518 1567 2490 684 810 2420 1689
506 1999 2234 480 1886 778 684 893 2145 688 334 839 1997 848 2019 2044 563 636 2249 76 788 870 1692 2022 640 2183 891 1996 476 894 576 792 1766 1915 207 927 2154 769 2110 120 2230 925 546 2093 2154 447 514 274 747 782 131 521 749 816 2012 0 860 498 695 2125 1891 736 671 493 1986 2145 171 984 739 301 199 719 747 691 1952 2078 621 869
1153 1666 1901 1127 1553 1425 352 1540 1812 355 981 1486 1664 55 1686 1711 322 303 1916 810 1435 110 1360 1689 1287 1850 1538 1663 1122 1541 1223 1439 1433 1583 811 1574 1822 1416 1777 827 1897 1572 1151 1760 1822 1051 433 879 144 223 837 1167 417 1463 1680 860 0 1145 1342 1792 1558 1383 1318 1140 1653 1813 878 1631 1386 906 1002 1365 188 1338 1619 1745 1268 110
81 2284 2519 108 2171 327 969 547 2429 973 177 374 2282 1133 2304 2329 848 920 2534 448 443 1155 1977 2306 295 2468 426 2280 200 429 257 327 2051 2200 352 581 2439 336 2395 391 2515 460 289 2378 2439 474 799 287 1031 1067 390 134 1034 471 2297 498 1145 0 376 2409 2175 376 325 98 2271 2430 340 638 274 257 350 373 1032 345 2237 2362 220 1154
300 2397 2632 377 2284 278 1082 773 2543 1086 290 396 2395 1246 2417 2442 961 1034 2647 561 668 1268 2090 2419 521 2581 504 2394 426 507 112 405 2164 2313 465 807 2552 268 2508 504 2628 538 515 2491 2552 587 912 401 1145 1180 503 360 1147 696 2410 611 1258 292 0 2523 2289 235 551 288 2384 2543 453 864 333 370 463 599 1145 571 2350 2476 214 1267
2417 329 153 2391 276 2690 1609 2804 211 1613 2246 2751 180 1780 864 227 1586 1512 146 2075 2700 1802 556 351 2552 82 2802 325 2387 2805 2487 2703 578 245 2076 2838 174 2680 177 2091 157 2836 2415 276 53 2316 1698 2143 1679 1714 2102 2432 1538 2728 857 2125 1792 2409 2607 0 564 2647 2583 2405 316 280 2143 2895 2650 2171 2267 2630 1679 2602 282 207 2532 1801
2183 439 674 2157 326 2456 1375 2570 584 1379 2012 2517 437 1546 348 484 1352 1278 689 1841 2466 1568 296 461 2318 623 2568 435 2153 2571 2253 2469 209 355 1842 2604 594 2446 550 1857 670 2602 2181 533 594 2082 1464 1909 1444 1480 1868 2198 1304 2494 341 1891 1558 2175 2373 564 0 2413 2349 2171 426 585 1909 2661 2416 1937 2033 2396 1445 2368 392 517 2298 1567
364 2527 2762 391 2414 62 1212 762 2672 1216 420 218 2525 1376 2547 2572 1091 1164 2777 691 657 1398 2220 2549 509 2711 445 2523 414 448 242 346 2294 2443 595 796 2682 52 2638 634 2758 479 504 2621 2682 717 1042 531 1274 1310 633 349 1277 685 2540 741 1388 376 325 2652 2418 0 540 381 2514 2673 583 853 154 500 593 587 1275 559 2480 2605 300 1397
314 2457 2692 341 2344 490 1142 404 2603 1146 363 538 2455 1306 2477 2502 1021 1094 2707 621 216 1328 2150 2480 79 2641 589 2454 244 592 516 490 2224 2373 525 438 2612 500 2568 564 2688 623 333 2551 2612 594 972 461 1205 1240 563 219 1207 327 2470 671 1318 325 635 2583 2349 539 0 330 2444 2603 513 495 437 430 523 229 1205 59 2410 2536 384 1327
86 2279 2514 113 2167 332 965 552 2425 968 172 379 2277 1128 2300 2324 844 916 2529 444 447 1150 1973 2302 299 2464 431 2276 205 433 253 331 2047 2196 347 586 2435 341 2390 387 2511 465 294 2373 2435 470 795 283 1027 1063 385 139 1030 475 2293 493 1140 98 372 2405 2171 381 330 0 2266 2426 336 643 278 252 345 378 1028 350 2232 2358 225 1150
2279 190 425 2253 137 2551 1471 2666 336 1474 2107 2612 188 1641 725 235 1448 1374 440 1936 2561 1663 417 212 2413 374 2664 76 2248 2667 2349 2565 439 106 1937 2700 345 2542 301 1953 421 2698 2277 284 345 2177 1559 2005 1540 1576 1963 2293 1399 2589 718 1986 1653 2271 2468 316 426 2509 2444 2266 0 336 2004 2757 2512 2032 2128 2491 1540 2464 143 269 2394 1663
2438 349 411 2412 297 2711 1630 2825 348 1634 2267 2772 167 1801 885 118 1607 1533 404 2095 2720 1822 577 372 2573 339 2823 346 2408 2826 2508 2724 599 266 2097 2859 140 2701 313 2112 415 2857 2436 71 310 2337 1719 2164 1699 1735 2123 2453 1558 2748 878 2145 1812 2430 2627 280 585 2668 2603 2426 336 0 2163 2916 2671 2191 2288 2651 1700 2623 302 281 2553 1822
348 2017 2252 322 1904 621 702 735 2163 706 177 682 2015 866 2037 2062 581 654 2267 122 631 888 1711 2040 483 2201 733 2014 318 736 418 634 1784 1933 225 769 2173 611 2128 94 2248 767 398 2111 2173 374 532 201 765 800 93 363 768 659 2030 171 878 340 537 2143 1909 578 513 336 2004 2163 0 826 581 201 138 561 765 533 1970 2096 463 888
626 2770 3005 653 2657 803 1455 239 2916 1459 676 851 2768 1619 2790 2815 1334 1407 3020 934 454 1641 2463 2792 464 2954 902 2767 557 905 829 803 2537 2686 838 109 2925 813 2881 877 3001 936 646 2864 2925 907 1285 774 1518 1553 876 532 1520 341 2783 984 1631 638 948 2896 2661 852 495 643 2757 2916 826 0 750 743 836 385 1518 514 2723 2849 696 1640
262 2525 2760 289 2412 105 1210 659 2671 1214 427 152 2523 1374 2545 2570 1089 1162 2775 689 555 1396 2218 2547 407 2709 343 2522 312 346 331 244 2292 2441 593 693 2680 114 2636 632 2756 377 401 2619 2680 662 1040 529 1273 1308 631 246 1275 583 2538 739 1386 274 422 2651 2417 154 437 279 2512 2671 581 750 0 498 591 485 1273 457 2478 2604 198 1395
265 2045 2280 239 1932 537 730 652 2191 734 93 598 2043 894 2065 2090 610 682 2295 252 547 916 1739 2068 399 2229 650 2042 235 653 335 551 1812 1961 113 686 2201 528 2156 252 2276 684 314 2139 2201 236 560 49 793 828 251 280 796 575 2058 301 906 257 454 2171 1937 495 430 252 2032 2191 201 743 498 0 211 478 793 450 1998 2124 380 916
357 2141 2376 331 2029 630 827 745 2287 830 186 691 2139 990 2162 2186 706 778 2391 246 640 1012 1835 2164 492 2325 743 2138 327 746 428 644 1909 2058 305 779 2297 620 2252 189 2373 777 407 2235 2297 428 657 241 889 925 187 372 892 668 2155 199 1002 350 547 2267 2033 588 523 345 2128 2288 138 836 591 211 0 570 890 542 2094 2220 473 1012
361 2505 2739 388 2392 538 1190 293 2650 1193 411 585 2502 1354 2525 2549 1069 1141 2754 669 118 1375 2198 2527 199 2689 637 2501 291 640 564 538 2272 2421 572 327 2660 547 2615 612 2736 671 381 2599 2660 641 1020 508 1252 1288 611 266 1255 217 2518 719 1365 373 683 2630 2396 587 229 378 2492 2651 561 385 485 478 570 0 1253 249 2458 2583 431 1375
1040 1554 1788 1014 1441 1312 239 1427 1699 242 868 1373 1551 176 1574 1598 209 190 1803 697 1322 198 1247 1576 1174 1738 1425 1550 1010 1428 1110 1326 1321 1470 699 1461 1709 1303 1664 714 1785 1459 1038 1647 1709 939 321 766 75 110 725 1055 304 1350 1567 747 188 1032 1229 1679 1445 1270 1205 1028 1540 1700 765 1518 1273 793 890 1253 0 1225 1506 1632 1155 197
333 2477 2711 360 2364 510 1162 423 2622 1165 383 557 2474 1326 2497 2521 1041 1113 2726 641 199 1347 2170 2499 98 2661 609 2473 263 612 536 510 2244 2393 544 457 2632 519 2587 584 2708 643 353 2571 2632 613 992 480 1224 1260 583 238 1227 347 2490 691 1338 345 655 2602 2368 559 59 350 2464 2623 533 514 457 450 542 249 1225 0 2430 2555 403 1347
2245 63 391 2219 103 2517 1437 2632 302 1440 2073 2578 154 1607 691 201 1414 1340 406 1902 2527 1629 383 86 2379 340 2630 153 2214 2633 2315 2531 405 53 1903 2666 311 2508 267 1919 387 2664 2243 250 311 2143 1525 1971 1506 1542 1929 2259 1365 2555 684 1952 1619 2237 2434 282 392 2475 2410 2232 143 302 1970 2723 2478 1998 2094 2457 1506 2430 0 235 2360 1629
2370 282 203 2344 229 2643 1562 2757 114 1566 2199 2704 133 1733 817 180 1539 1465 218 2028 2653 1755 509 304 2505 267 2755 278 2340 2758 2440 2656 531 198 2029 2791 290 2633 79 2044 199 2790 2368 229 238 2269 1651 2096 1632 1667 2055 2385 1491 2681 810 2078 1745 2362 2560 207 517 2600 2536 2358 269 281 2096 2849 2603 2124 2220 2583 1632 2555 235 0 2485 1754
213 2401 2636 240 2288 242 1086 610 2546 1090 294 290 2399 1250 2421 2446 965 1037 2650 565 505 1271 2094 2423 357 2585 341 2397 263 344 184 242 2168 2317 469 644 2556 252 2511 508 2632 375 352 2495 2556 591 916 404 1148 1184 507 197 1151 533 2414 615 1262 225 303 2526 2292 291 388 229 2388 2547 457 701 189 374 467 436 1149 408 2354 2479 0 1271
1162 1676 1911 1136 1563 1435 361 1549 1821 365 991 1496 1674 98 1696 1721 331 312 1925 820 1445 39 1369 1698 1297 1860 1547 1672 1132 1550 1232 1448 1443 1592 821 1583 1831 1425 1787 836 1907 1581 1160 1770 1831 1061 443 888 154 233 847 1177 426 1473 1689 869 110 1154 1351 1801 1567 1392 1327 1150 1663 1822 888 1640 1395 916 1012 1375 197 1347 1629 1754 1277 0
EOF