NAME : tsp_problem
TYPE : TSP
DIMENSION : 40
EDGE_WEIGHT_TYPE : EXPLICIT
EDGE_WEIGHT_FORMAT : FULL_MATRIX
EDGE_WEIGHT_SECTION
0 2800 141 2155 609 2338 2796 2792 706 656 1685 852 1723 2893 647 2442 2842 448 2779 1760 570 560 2890 2380 223 338 2347 1870 2263 741 2884 1755 1513 452 2859 546 2841 2879 1681 611
2800 0 2682 730 2474 485 664 345 2400 2331 1141 2546 1105 760 2373 393 395 2657 332 1367 2779 2268 757 738 2742 2484 476 1477 642 2528 437 1362 1333 2379 411 2755 708 746 1295 2476
141 2682 0 2037 491 2220 2678 2674 588 538 1567 734 1605 2775 529 2324 2724 330 2661 1642 452 442 2772 2262 268 220 2229 1752 2145 623 2766 1637 1395 334 2741 429 2723 2761 1563 493
2155 730 2037 0 1828 267 726 722 1754 1685 496 1901 459 823 1728 372 772 2011 709 721 2133 1622 820 404 2096 1839 276 831 286 1882 814 716 688 1734 788 2110 771 808 649 1830
609 2473 491 1828 0 2011 2470 2466 244 237 1359 311 1397 2567 185 2116 2516 466 2452 1434 588 233 2563 2054 551 293 2020 1543 1936 165 2558 1429 1187 188 2532 564 2515 2552 1355 61
2338 485 2220 267 2011 0 532 477 1937 1868 679 2084 642 628 1911 118 527 2194 464 904 2316 1805 625 330 2279 2022 56 1014 212 2065 569 899 871 1917 543 2293 576 614 832 2013
2796 663 2678 726 2470 532 0 655 2396 2327 1137 2542 1101 270 2369 509 706 2653 642 1363 2775 2264 266 735 2738 2480 541 1473 638 2524 748 1358 1329 2375 722 2751 217 183 1291 2472
2786 350 2668 716 2460 471 650 0 2386 2317 1127 2532 1091 747 2359 379 237 2643 62 1353 2765 2254 743 724 2728 2470 462 1463 628 2514 276 1348 1319 2365 253 2741 694 732 1281 2462
706 2399 588 1754 244 1937 2396 2392 0 90 1285 166 1323 2493 71 2042 2442 562 2378 1360 685 192 2489 1980 648 390 1946 1469 1862 148 2484 1355 1113 285 2458 661 2441 2478 1281 247
656 2330 538 1685 237 1868 2327 2323 90 0 1216 237 1254 2424 64 1973 2373 512 2309 1291 634 123 2420 1911 597 340 1877 1400 1793 219 2415 1286 1044 235 2389 611 2372 2409 1212 240
1685 1141 1567 496 1359 679 1137 1133 1285 1216 0 1431 64 1234 1258 783 1183 1542 1120 252 1664 1153 1231 721 1627 1369 688 361 604 1413 1225 247 218 1264 1200 1640 1182 1220 180 1361
852 2546 734 1901 311 2084 2542 2538 166 237 1431 0 1469 2639 217 2188 2588 709 2525 1506 831 338 2636 2126 794 536 2093 1616 2009 162 2630 1501 1259 431 2605 807 2587 2625 1427 289
1723 1104 1605 459 1397 642 1101 1097 1323 1254 64 1469 0 1198 1296 747 1147 1580 1083 290 1702 1191 1194 685 1665 1407 651 400 567 1451 1189 285 256 1302 1163 1678 1146 1183 218 1399
2893 760 2775 823 2567 628 270 752 2493 2424 1234 2639 1198 0 2466 606 802 2750 739 1460 2872 2361 42 831 2835 2577 637 1569 735 2621 844 1455 1426 2472 819 2848 244 281 1387 2569
647 2373 529 1728 185 1911 2369 2365 71 64 1258 217 1296 2466 0 2015 2415 503 2352 1333 625 166 2463 1953 588 331 1920 1443 1836 199 2457 1328 1086 226 2432 602 2414 2452 1254 187
2442 393 2324 372 2116 118 509 385 2042 1973 783 2188 747 606 2015 0 435 2299 372 1009 2421 1909 602 434 2384 2126 109 1118 317 2170 477 1004 975 2021 452 2397 554 591 936 2118
2841 405 2723 770 2514 525 704 241 2440 2371 1182 2587 1145 801 2414 434 0 2697 228 1407 2819 2308 797 779 2782 2525 516 1517 682 2568 95 1402 1374 2420 70 2796 749 786 1335 2516
448 2656 330 2011 466 2194 2653 2649 562 512 1542 709 1580 2750 503 2299 2699 0 2635 1617 175 416 2746 2237 390 194 2203 1726 2119 598 2741 1612 1370 308 2715 151 2698 2735 1538 468
2773 337 2655 703 2447 458 636 62 2373 2304 1114 2519 1078 733 2346 366 224 2630 0 1340 2752 2240 730 711 2715 2457 449 1449 615 2501 266 1335 1306 2352 240 2728 681 719 1267 2449
1760 1367 1643 721 1434 904 1363 1359 1360 1291 252 1506 290 1460 1334 1009 1409 1617 1346 0 1739 1228 1457 947 1702 1444 913 210 830 1488 1451 96 293 1340 1426 1716 1408 1445 255 1436
570 2779 452 2133 588 2316 2775 2771 685 634 1664 831 1702 2872 625 2421 2821 175 2758 1739 0 539 2869 2359 512 317 2325 1849 2242 720 2863 1734 1492 431 2837 49 2820 2857 1660 590
560 2267 442 1622 233 1805 2264 2259 192 123 1153 338 1191 2361 166 1909 2310 416 2246 1228 539 0 2357 1848 502 244 1814 1337 1730 320 2351 1223 981 139 2326 515 2308 2346 1149 236
2890 757 2772 820 2563 625 266 749 2489 2420 1231 2636 1194 42 2463 602 799 2746 736 1457 2869 2357 0 828 2831 2574 634 1566 731 2617 841 1452 1423 2469 816 2845 240 278 1384 2566
2380 738 2262 404 2054 330 735 730 1980 1911 721 2126 685 831 1953 434 780 2237 717 947 2359 1848 828 0 2322 2064 338 1057 140 2108 822 942 913 1959 797 2335 779 817 875 2056
223 2742 268 2096 551 2279 2738 2734 648 597 1627 794 1665 2835 588 2384 2784 390 2721 1702 512 502 2831 2322 0 280 2288 1812 2205 683 2826 1697 1455 394 2800 488 2783 2820 1623 553
338 2484 220 1839 293 2022 2480 2476 390 340 1369 536 1407 2577 331 2126 2526 194 2463 1444 317 244 2574 2064 280 0 2031 1554 1947 425 2568 1439 1197 136 2543 293 2525 2563 1365 295
2347 475 2229 276 2020 56 541 468 1946 1877 688 2093 651 637 1920 109 518 2203 454 913 2325 1814 634 338 2288 2031 0 1023 221 2074 560 908 880 1926 534 2302 585 623 841 2022
1870 1476 1752 831 1543 1014 1473 1468 1469 1400 361 1616 400 1569 1443 1118 1519 1726 1455 210 1849 1337 1566 1057 1812 1554 1023 0 939 1598 1560 153 403 1449 1535 1825 1517 1555 364 1546
2263 641 2145 286 1936 212 638 634 1862 1793 604 2009 567 735 1836 317 684 2119 620 830 2242 1730 731 140 2205 1947 221 939 0 1991 726 825 796 1842 700 2218 683 720 757 1939
741 2528 623 1882 165 2065 2524 2520 148 219 1413 162 1451 2621 199 2170 2570 598 2507 1488 720 320 2617 2108 683 425 2074 1598 1991 0 2612 1483 1241 321 2586 696 2569 2606 1409 144
2882 446 2765 812 2556 567 746 276 2482 2413 1223 2628 1187 843 2456 476 95 2739 270 1449 2861 2350 839 821 2824 2566 558 1559 724 2610 0 1444 1415 2462 54 2838 791 828 1377 2558
1755 1362 1638 716 1429 899 1358 1354 1355 1286 247 1501 285 1455 1328 1004 1404 1612 1341 96 1734 1223 1452 942 1697 1439 908 153 825 1483 1446 0 288 1335 1420 1711 1403 1440 250 1431
1513 1333 1395 688 1187 871 1329 1325 1113 1044 218 1259 256 1426 1086 975 1375 1370 1312 293 1492 981 1423 913 1455 1197 880 403 796 1241 1417 288 0 1092 1392 1468 1374 1412 214 1189
452 2379 334 1734 188 1917 2375 2371 285 235 1264 431 1302 2472 226 2021 2421 308 2358 1340 431 139 2469 1959 394 136 1926 1449 1842 321 2463 1335 1092 0 2438 407 2420 2458 1260 191
2857 421 2739 787 2531 542 721 258 2457 2388 1198 2603 1162 817 2430 450 70 2714 244 1424 2836 2324 814 795 2799 2541 533 1533 699 2585 54 1419 1390 2436 0 2812 765 803 1351 2533
546 2755 429 2110 564 2293 2751 2747 661 611 1640 807 1678 2848 602 2397 2797 151 2734 1716 49 515 2845 2335 488 293 2302 1825 2218 696 2839 1711 1468 407 2814 0 2796 2834 1636 566
2841 708 2723 771 2515 576 217 700 2441 2372 1182 2587 1146 244 2414 554 750 2698 687 1408 2820 2308 240 779 2783 2525 585 1517 683 2569 792 1403 1374 2420 767 2796 0 79 1335 2517
2879 746 2761 808 2552 614 183 738 2478 2409 1220 2625 1183 281 2452 591 788 2735 725 1445 2857 2346 278 817 2820 2563 623 1555 720 2606 830 1440 1412 2458 804 2834 79 0 1373 2554
1681 1294 1563 649 1355 832 1291 1286 1281 1212 180 1427 218 1387 1254 936 1337 1538 1273 255 1660 1149 1384 875 1623 1365 841 364 757 1409 1378 250 214 1260 1353 1636 1335 1373 0 1357
611 2476 493 1830 61 2013 2472 2468 247 240 1361 289 1399 2569 187 2118 2518 468 2455 1436 590 236 2565 2056 553 295 2022 1546 1939 144 2560 1431 1189 191 2534 566 2517 2554 1357 0
EOF