NAME : tsp_problem
TYPE : TSP
DIMENSION : 42
EDGE_WEIGHT_TYPE : EXPLICIT
EDGE_WEIGHT_FORMAT : FULL_MATRIX
EDGE_WEIGHT_SECTION
0 1893 475 570 603 381 1788 1797 778 305 697 499 611 1601 715 1814 1502 554 1907 750 879 2202 975 403 1007 485 334 495 1019 999 1053 563 1056 1995 553 619 869 274 1559 625 651 406
1893 0 2156 2251 1605 2062 574 197 2459 1986 1699 1418 1470 344 2396 213 435 2235 60 2431 2560 810 2657 2084 2688 1432 2016 2176 2700 2680 2735 2244 2737 248 2234 2300 2551 1955 362 2306 1653 2088
475 2156 0 176 866 108 2052 2061 384 208 961 762 875 1864 321 2077 1765 332 2170 357 486 2466 582 101 613 748 238 190 625 605 660 169 663 2258 159 225 476 250 1822 231 914 310
570 2251 176 0 961 263 2146 2155 220 363 1055 857 969 1959 298 2172 1860 397 2265 192 321 2560 438 256 590 843 392 345 602 461 516 192 518 2353 182 247 312 314 1917 254 1009 464
603 1605 866 961 0 772 1500 1509 1169 696 125 210 323 1312 1106 1525 1213 945 1619 1141 1270 1914 1366 794 1398 196 725 886 1410 1390 1444 954 1447 1707 944 1010 1260 665 1270 1016 136 798
381 2062 108 263 772 0 1957 1966 471 114 866 668 780 1770 408 1983 1671 374 2076 443 572 2371 668 36 700 654 143 211 712 692 746 256 749 2164 246 312 562 184 1728 318 820 215
1788 574 2052 2146 1500 1957 0 479 2355 1881 1594 1313 1365 265 2291 495 330 2130 588 2327 2456 883 2552 1980 2583 1327 1911 2071 2595 2576 2630 2140 2633 676 2129 2195 2446 1850 299 2201 1548 1983
1797 197 2061 2155 1509 1966 479 0 2364 1890 1603 1322 1374 249 2300 118 339 2139 211 2336 2465 714 2561 1989 2592 1336 1920 2080 2604 2585 2639 2149 2642 299 2138 2204 2455 1859 266 2210 1557 1992
783 2464 390 225 1174 476 2360 2369 0 576 1269 1070 1183 2172 468 2385 2073 610 2478 217 148 2774 462 469 760 1056 606 558 772 486 540 405 543 2567 395 453 138 528 2130 448 1222 678
305 1986 208 363 696 114 1881 1890 571 0 790 592 704 1694 508 1907 1595 389 2000 543 672 2295 768 136 800 578 62 215 812 792 846 356 849 2088 346 411 662 108 1652 418 744 126
697 1699 961 1055 125 866 1594 1603 1264 790 0 305 417 1407 1200 1620 1308 1040 1713 1236 1365 2008 1461 889 1492 291 820 980 1505 1485 1539 1049 1542 1801 1038 1104 1355 759 1365 1111 231 892
499 1418 762 857 210 668 1313 1322 1065 592 305 0 136 1125 1002 1339 1026 841 1432 1037 1166 1727 1262 690 1294 62 621 782 1306 1286 1340 850 1343 1520 840 906 1156 561 1084 912 259 693
611 1470 875 969 323 780 1365 1374 1178 704 417 136 0 1177 1114 1390 1078 954 1483 1150 1279 1779 1375 803 1406 150 734 894 1419 1399 1453 963 1456 1572 952 1018 1269 673 1135 1025 371 806
1601 344 1864 1959 1312 1770 265 249 2167 1694 1407 1125 1177 0 2104 265 143 1943 358 2139 2268 654 2364 1792 2396 1139 1723 1884 2408 2388 2442 1952 2445 447 1942 2008 2258 1662 69 2014 1360 1795
715 2396 321 298 1106 408 2291 2300 463 508 1200 1002 1114 2104 0 2317 2005 488 2410 300 441 2705 419 401 416 988 537 490 429 442 497 191 500 2498 190 143 454 460 2062 138 1154 610
1814 213 2077 2172 1525 1983 495 118 2380 1907 1620 1339 1390 265 2317 0 356 2156 227 2352 2481 731 2578 2005 2609 1352 1936 2097 2621 2601 2655 2165 2658 315 2155 2221 2471 1876 283 2227 1574 2009
1502 435 1765 1860 1213 1671 330 339 2068 1595 1308 1026 1078 143 2005 356 0 1844 449 2040 2169 744 2265 1693 2297 1040 1624 1785 2309 2289 2343 1853 2346 537 1843 1909 2159 1564 101 1915 1262 1696
554 2235 332 397 945 374 2130 2140 605 389 1040 841 954 1943 488 2156 1844 0 2249 577 706 2544 749 367 780 827 419 501 792 772 827 350 829 2337 339 405 696 299 1901 412 993 491
1907 60 2170 2265 1618 2076 588 211 2473 2000 1713 1432 1483 358 2410 227 449 2249 0 2445 2574 824 2671 2098 2702 1446 2030 2190 2714 2694 2749 2258 2751 262 2248 2314 2565 1969 376 2320 1667 2102
744 2425 350 186 1135 437 2321 2330 216 537 1230 1031 1144 2133 304 2346 2034 571 2439 0 318 2734 298 430 596 1017 567 519 608 322 376 337 379 2527 336 289 308 489 2091 284 1183 639
884 2566 491 327 1275 577 2461 2470 148 677 1370 1171 1284 2273 441 2486 2174 711 2580 318 0 2875 387 570 733 1158 707 659 745 411 465 474 468 2668 473 426 36 629 2231 421 1324 779
2202 810 2465 2560 1914 2371 883 714 2768 2295 2008 1727 1779 654 2705 731 744 2544 824 2741 2870 0 2966 2393 2997 1741 2325 2485 3009 2989 3044 2554 3047 912 2543 2609 2860 2264 671 2615 1962 2397
974 2655 580 437 1365 667 2550 2559 469 767 1459 1261 1373 2363 417 2576 2264 747 2669 305 397 2964 0 660 709 1247 796 749 721 51 105 450 108 2757 449 402 410 718 2321 397 1413 868
403 2084 101 256 794 36 1980 1989 464 136 889 690 803 1792 401 2005 1693 367 2098 436 565 2393 661 0 693 676 166 203 705 685 739 249 742 2186 239 305 555 207 1750 311 842 232
1007 2688 613 590 1398 700 2583 2592 755 800 1492 1294 1406 2396 416 2609 2297 780 2702 592 733 2997 711 693 0 1280 829 782 201 734 789 483 791 2790 482 435 746 751 2354 430 1446 901
485 1432 748 843 196 654 1327 1336 1051 578 291 62 150 1139 988 1352 1040 827 1446 1023 1152 1741 1249 676 1280 0 608 768 1292 1272 1327 836 1329 1534 826 892 1142 547 1097 898 245 680
334 2016 238 392 725 143 1911 1920 600 62 820 621 734 1723 537 1936 1624 419 2030 573 702 2325 798 166 829 608 0 189 841 822 876 386 879 2118 375 441 692 138 1681 447 774 101
495 2176 190 345 886 211 2071 2080 553 215 980 782 894 1884 490 2097 1785 501 2190 525 654 2485 750 203 782 768 189 0 794 774 828 338 831 2278 328 394 644 298 1842 400 934 157
1019 2700 625 602 1410 712 2595 2604 767 812 1505 1306 1419 2408 429 2621 2309 792 2714 604 745 3009 723 705 201 1292 841 794 0 746 801 495 804 2802 494 447 758 764 2366 442 1458 914
997 2679 604 461 1388 690 2574 2583 492 790 1483 1284 1397 2386 441 2600 2287 771 2693 329 420 2988 51 683 733 1271 820 773 745 0 80 473 82 2781 473 426 434 742 2344 421 1437 892
1052 2733 658 515 1443 745 2628 2637 547 845 1537 1339 1451 2441 495 2654 2342 825 2747 383 475 3042 105 738 787 1325 874 827 799 80 0 528 53 2835 527 480 488 796 2399 475 1491 946
563 2244 169 192 954 256 2140 2149 400 356 1049 850 963 1952 191 2165 1853 350 2258 332 473 2554 451 249 483 836 386 338 495 475 529 0 532 2347 43 95 487 308 1910 101 1002 458
1055 2736 661 518 1446 748 2631 2640 549 847 1540 1342 1454 2444 498 2657 2345 828 2750 386 478 3045 108 740 790 1328 877 830 802 82 53 531 0 2838 530 483 491 799 2402 478 1494 949
1995 248 2258 2353 1707 2164 676 299 2561 2088 1801 1520 1572 447 2498 315 537 2337 262 2534 2663 912 2759 2186 2790 1534 2118 2278 2802 2782 2837 2346 2840 0 2336 2402 2653 2057 464 2408 1755 2190
553 2234 159 182 944 246 2129 2138 390 346 1038 840 952 1942 190 2155 1843 339 2248 332 473 2543 451 239 482 826 375 328 494 475 529 43 532 2336 0 94 481 297 1900 100 992 447
619 2300 225 247 1010 312 2195 2204 448 411 1104 906 1018 2008 143 2221 1909 405 2314 285 426 2609 404 305 435 892 441 394 447 428 482 95 485 2402 94 0 439 363 1966 57 1058 513
874 2556 481 317 1265 567 2451 2460 138 667 1360 1161 1274 2263 455 2477 2164 701 2570 308 36 2865 401 560 747 1148 697 650 759 424 479 487 482 2658 486 440 0 619 2222 435 1314 769
274 1955 250 314 665 184 1850 1859 523 108 759 561 673 1663 460 1876 1564 299 1969 495 624 2264 720 207 751 547 138 298 764 744 798 308 801 2057 297 363 614 0 1621 370 713 210
1559 362 1822 1917 1270 1728 299 266 2125 1652 1365 1083 1135 69 2062 283 101 1901 376 2097 2226 671 2322 1750 2354 1097 1681 1842 2366 2346 2400 1910 2403 464 1900 1966 2216 1621 0 1972 1319 1754
625 2306 231 254 1016 318 2202 2211 443 418 1111 912 1025 2014 138 2227 1915 412 2320 280 421 2615 399 311 430 898 447 400 442 422 477 101 480 2408 100 57 434 370 1972 0 1064 520
651 1653 914 1009 136 820 1548 1557 1217 744 231 259 371 1361 1154 1574 1262 993 1667 1189 1318 1962 1415 842 1446 245 774 934 1458 1438 1493 1002 1496 1755 992 1058 1309 713 1319 1064 0 846
406 2088 310 464 798 215 1983 1992 673 126 892 693 806 1795 610 2009 1696 491 2102 645 774 2397 870 232 901 680 101 157 914 894 948 458 951 2190 447 513 764 210 1754 520 846 0
EOF