NAME : tsp_problem
TYPE : TSP
DIMENSION : 40
EDGE_WEIGHT_TYPE : EXPLICIT
EDGE_WEIGHT_FORMAT : FULL_MATRIX
EDGE_WEIGHT_SECTION
0 731 315 749 596 701 758 537 763 718 302 690 686 706 784 524 678 894 764 699 687 698 421 756 837 593 807 644 621 851 782 131 550 380 764 293 832 405 70 730
731 0 698 1132 658 818 921 249 662 834 474 143 1069 1015 187 737 1061 662 881 1082 154 152 379 1139 239 809 924 1027 1004 749 1165 624 933 763 214 467 235 788 750 847
315 698 0 555 321 426 529 503 488 443 325 657 492 513 751 249 485 692 489 505 653 665 387 562 803 415 532 451 427 576 588 207 356 186 731 259 799 130 333 455
749 1132 555 0 759 692 434 937 926 689 759 1091 184 382 1185 765 337 1130 562 231 1087 1099 821 84 1237 827 605 217 285 1014 62 642 383 465 1165 694 1233 646 767 893
596 658 321 759 0 242 345 668 250 258 606 770 773 439 608 161 766 453 305 595 780 778 552 766 660 696 348 732 708 337 792 489 638 468 557 541 656 309 614 271
701 818 426 692 242 0 290 827 409 69 711 929 757 343 767 266 871 612 209 499 939 937 711 699 819 801 199 791 813 497 725 594 743 572 716 646 815 413 719 291
758 921 529 434 345 290 0 931 512 307 768 1032 500 216 870 369 654 715 353 270 1042 1040 815 441 923 837 397 534 602 600 467 651 616 475 819 703 918 517 776 479
537 249 503 937 668 827 931 0 671 844 279 208 874 895 404 713 867 672 891 887 205 216 184 944 456 614 934 833 809 759 970 430 738 568 431 273 452 593 555 857
763 662 488 926 250 409 512 671 0 426 639 773 941 606 611 328 933 351 472 762 783 781 555 933 663 864 515 899 876 148 959 656 805 635 560 633 659 476 781 438
718 834 443 689 258 69 307 844 426 0 728 946 754 341 784 282 888 629 166 496 956 954 728 696 836 818 150 788 830 513 722 611 759 589 733 662 832 430 736 288
302 474 325 759 606 711 768 279 639 728 0 433 696 716 530 534 688 640 774 709 429 441 163 766 582 603 817 654 631 727 792 251 560 390 510 94 578 415 321 740
690 143 657 1091 770 929 1032 208 773 946 433 0 1028 1048 298 848 1020 773 992 1041 113 48 338 1098 350 768 1035 986 963 861 1124 583 892 722 325 426 346 747 709 958
686 1069 492 184 773 757 500 874 941 754 696 1028 0 448 1122 702 188 1144 627 337 1024 1036 758 175 1174 764 671 68 136 1029 151 579 233 432 1102 630 1170 582 704 908
706 1015 513 382 439 343 216 895 606 341 716 1048 448 0 964 463 602 810 214 190 1045 1056 779 389 1017 785 257 482 550 694 415 599 564 423 913 651 1012 603 724 573
784 187 751 1185 608 767 870 404 611 784 530 298 1122 964 0 686 1114 611 830 1120 308 306 446 1192 85 963 874 1080 1057 699 1218 677 986 816 163 523 80 834 803 797
524 737 249 765 161 266 369 713 328 282 534 848 702 463 686 0 694 532 329 619 858 856 597 772 739 625 372 660 637 416 798 417 566 396 635 469 734 237 542 295
678 1061 485 337 766 871 654 867 933 888 688 1020 188 602 1114 694 0 1137 781 491 1017 1029 751 329 1167 757 824 146 128 1021 305 571 226 425 1094 623 1162 575 697 900
894 662 692 1130 453 612 715 672 351 629 640 773 1144 810 611 532 1137 0 676 965 783 781 556 1137 664 1067 719 1103 1079 432 1163 787 1008 838 560 633 660 679 912 642
764 881 489 562 305 209 353 891 472 166 774 992 627 214 830 329 781 676 0 369 1002 1000 775 569 883 865 82 661 729 560 595 657 743 602 779 709 878 477 782 434
699 1082 505 231 595 499 270 887 762 496 709 1041 337 190 1120 619 491 965 369 0 1037 1049 771 238 1173 777 413 371 439 850 264 592 537 415 1069 644 1168 596 717 729
687 154 653 1087 780 939 1042 205 783 956 429 113 1024 1045 308 858 1017 783 1002 1037 0 121 334 1094 360 764 1046 983 959 871 1120 580 888 718 335 423 356 743 705 968
698 152 665 1099 778 937 1040 216 781 954 441 48 1036 1056 306 856 1029 781 1000 1049 121 0 346 1106 358 776 1043 994 971 869 1132 591 900 730 333 434 354 755 717 966
421 379 387 821 552 711 815 184 555 728 163 338 758 779 446 597 751 556 775 771 334 346 0 828 498 621 818 717 693 643 854 314 622 452 426 157 494 477 439 741
756 1139 562 84 766 699 441 944 933 696 766 1098 175 389 1192 772 329 1137 569 238 1094 1106 828 0 1244 834 612 209 277 1021 53 649 374 472 1172 701 1240 653 774 900
837 239 803 1237 660 819 923 456 663 836 582 350 1174 1017 85 739 1167 664 883 1173 360 358 498 1244 0 1015 926 1132 1109 751 1270 730 1038 868 215 576 63 886 855 849
386 769 213 631 495 599 640 574 662 616 396 728 568 588 822 423 561 865 663 581 724 736 458 638 874 0 706 526 503 750 664 279 432 262 802 331 870 303 404 629
807 924 532 605 348 199 397 934 515 150 817 1035 671 257 874 372 824 719 82 413 1046 1043 818 612 926 908 0 704 772 603 638 700 786 645 822 752 922 520 825 419
644 1027 451 217 732 791 534 833 899 788 654 986 68 482 1080 660 146 1103 661 371 983 994 717 209 1132 722 704 0 94 987 185 537 191 391 1060 589 1128 541 662 866
621 1004 427 285 708 813 602 809 876 830 631 963 136 550 1057 637 128 1079 729 439 959 971 693 277 1109 699 772 94 0 964 253 513 168 367 1037 565 1105 517 639 843
851 749 576 1014 337 497 600 759 148 513 727 861 1029 694 699 416 1021 432 560 850 871 869 643 1021 751 952 603 987 964 0 1047 744 893 723 648 721 747 564 869 526
782 1165 588 62 792 725 467 970 959 722 792 1124 151 415 1218 798 305 1163 595 264 1120 1132 854 53 1270 860 638 185 253 1047 0 675 350 498 1198 726 1266 678 800 926
131 624 207 642 489 594 651 430 656 611 251 583 579 599 677 417 571 787 657 592 580 591 314 649 730 486 700 537 513 744 675 0 443 273 657 186 725 298 149 623
550 933 356 383 638 743 616 738 805 759 560 892 233 564 986 566 226 1008 743 537 888 900 622 374 1038 628 786 191 168 893 350 443 0 296 966 495 1034 447 568 772
380 763 186 465 468 572 475 568 635 589 390 722 432 423 816 396 425 838 602 415 718 730 452 472 868 458 645 391 367 723 498 273 296 0 796 324 864 276 398 602
764 214 731 1165 557 716 819 431 560 733 510 325 1102 913 163 635 1094 560 779 1069 335 333 426 1172 215 979 822 1060 1037 648 1198 657 966 796 0 503 211 783 782 745
293 467 259 694 541 646 703 273 633 662 94 426 630 651 523 469 623 633 709 644 423 434 157 701 576 538 752 589 565 721 726 186 495 324 503 0 571 350 311 675
832 235 799 1233 656 815 918 452 659 832 578 346 1170 1012 80 734 1162 660 878 1168 356 354 494 1240 63 1011 922 1128 1105 747 1266 725 1034 864 211 571 0 882 851 845
405 788 130 646 309 413 517 593 476 430 415 747 582 603 834 237 575 679 477 596 743 755 477 653 886 505 520 541 517 564 678 298 447 276 783 350 882 0 423 443
70 750 333 767 614 719 776 555 781 736 321 709 704 724 803 542 697 912 782 717 705 717 439 774 855 611 825 662 639 869 800 149 568 398 782 311 851 423 0 748
730 847 455 893 271 291 479 857 438 288 740 958 908 573 797 295 900 642 434 729 968 966 741 900 849 831 419 866 843 526 926 623 772 602 745 675 845 443 748 0
EOF