NAME : tsp_problem
TYPE : TSP
DIMENSION : 58
EDGE_WEIGHT_TYPE : EXPLICIT
EDGE_WEIGHT_FORMAT : FULL_MATRIX
EDGE_WEIGHT_SECTION
0 362 616 271 420 329 572 808 262 462 389 249 379 449 577 286 421 335 397 180 546 430 506 171 741 684 614 709 94 439 567 53 531 543 396 433 198 595 241 607 562 698 265 150 653 551 739 837 630 209 660 665 800 405 450 276 101 697
362 0 425 286 312 660 588 823 278 354 606 351 710 341 386 136 169 228 56 511 355 88 683 502 749 493 423 519 425 742 376 384 835 847 412 705 414 404 416 416 577 862 281 366 462 361 755 646 646 424 585 681 609 174 319 122 433 506
616 425 0 541 387 914 553 961 532 513 860 605 964 500 425 432 567 322 422 765 394 368 867 756 631 375 304 216 679 997 258 638 1089 1101 666 889 668 443 670 455 745 1046 535 620 199 399 779 344 670 678 466 865 306 301 358 422 687 387
271 286 541 0 344 569 497 732 187 386 515 98 619 374 502 210 346 260 322 420 471 355 592 412 666 609 538 634 334 652 492 294 744 756 321 615 174 520 325 532 486 772 190 242 577 476 664 762 555 185 585 590 725 330 375 201 342 621
420 312 387 344 0 718 634 881 336 186 664 409 768 173 231 236 371 190 345 569 200 291 741 560 711 455 385 480 483 800 338 442 892 905 470 763 472 249 473 261 635 920 339 424 424 206 812 608 704 482 546 739 571 224 79 226 491 467
329 660 914 569 718 0 577 790 561 760 194 548 78 747 875 584 719 634 696 175 844 728 312 234 746 744 829 1008 296 191 865 312 284 255 541 239 496 893 289 905 544 451 564 449 951 850 744 1134 635 507 665 485 1098 703 748 575 322 763
572 588 553 497 634 577 0 471 393 688 609 562 572 675 672 512 647 562 624 618 641 615 347 677 261 199 284 571 636 484 348 595 576 588 215 369 625 690 626 702 225 526 396 577 433 646 258 590 150 635 121 344 630 548 605 502 643 219
593 608 772 518 666 581 251 0 413 708 613 582 576 696 824 532 668 582 644 622 793 677 351 681 420 418 503 789 656 488 566 616 580 592 236 373 645 842 647 854 229 530 416 597 651 798 418 809 309 656 339 349 848 652 697 523 664 437
262 278 532 187 336 561 393 628 0 378 507 252 611 365 493 202 337 252 314 412 462 346 488 403 562 559 530 626 326 625 483 285 717 729 217 510 315 511 316 523 382 667 32 267 569 468 559 754 450 325 480 485 716 321 366 192 333 579
462 354 513 386 186 760 688 923 378 0 706 451 810 59 368 278 413 232 389 611 337 370 783 602 837 581 511 606 525 842 464 484 934 947 512 805 514 383 515 398 677 962 381 466 550 343 854 734 746 524 672 781 697 302 216 268 532 594
389 606 860 515 664 194 609 822 507 706 0 535 244 693 822 530 665 580 642 235 790 674 344 294 778 776 858 954 356 276 812 372 369 381 572 271 483 839 235 852 576 536 510 436 897 796 776 1082 667 494 697 517 1044 649 694 521 382 795
249 351 605 98 409 548 562 797 252 451 535 0 598 438 566 275 410 325 387 399 535 419 656 390 731 673 603 699 313 658 556 272 750 762 386 652 92 584 344 596 551 836 255 159 642 541 728 826 619 102 649 654 789 394 439 265 291 686
379 710 964 619 768 78 572 785 611 810 244 598 0 797 926 634 769 684 746 225 894 778 306 284 741 738 823 1058 346 136 886 363 228 199 535 233 546 943 339 956 539 395 614 499 972 900 738 1129 629 557 659 480 1148 753 798 625 372 758
449 341 500 374 173 747 675 910 365 59 693 438 797 0 356 265 400 220 377 598 324 357 770 590 825 569 498 594 512 830 451 472 922 934 499 793 501 370 503 386 664 950 368 453 537 330 842 722 733 512 660 768 684 289 204 256 520 581
577 386 425 502 231 875 672 1038 493 368 822 566 926 356 0 393 529 284 384 726 124 330 898 718 750 494 423 519 640 958 376 600 1050 1062 627 921 629 145 631 52 793 1078 496 581 462 130 898 647 789 640 585 896 609 262 203 384 648 506
286 136 432 210 236 584 512 747 202 278 530 275 634 265 393 0 195 152 172 435 362 204 607 426 681 500 430 526 349 666 383 308 759 771 336 629 338 411 339 423 501 786 205 290 469 368 679 653 570 348 592 605 616 221 266 79 357 513
421 169 567 346 371 719 647 882 337 413 665 410 769 400 529 195 0 287 205 570 497 237 742 562 816 636 565 661 484 802 519 444 894 906 471 765 473 546 475 558 636 922 340 425 604 503 814 789 705 484 727 740 751 323 401 181 492 648
335 228 322 260 190 634 562 797 252 232 580 325 684 220 284 152 287 0 233 485 253 179 657 476 647 391 320 416 399 716 274 358 808 820 386 679 387 302 389 314 551 836 255 340 359 258 728 544 619 398 482 654 506 112 217 142 406 403
397 56 422 322 345 696 624 859 314 389 642 387 746 377 384 172 205 233 0 547 353 86 719 538 747 491 420 516 461 778 374 420 870 882 448 741 450 402 451 414 613 898 317 402 459 358 790 644 681 460 582 716 607 171 317 158 468 503
180 511 765 420 569 175 618 831 412 611 235 399 225 598 726 435 570 485 547 0 695 579 353 85 787 784 763 859 147 285 717 163 378 390 546 280 347 744 330 756 585 545 415 300 802 701 785 987 676 358 706 526 949 554 599 426 173 804
546 355 394 471 200 844 641 1007 462 337 790 535 894 324 124 362 497 253 353 695 0 299 867 687 718 462 392 488 609 927 345 568 1019 1031 596 889 598 142 600 154 761 1046 465 550 431 54 866 615 757 608 553 865 578 231 171 352 617 475
430 88 368 355 291 728 615 891 346 370 674 419 778 357 330 204 237 179 86 579 299 0 751 571 693 437 366 462 493 811 320 452 903 915 480 773 482 348 484 360 645 930 349 434 405 304 823 590 714 492 528 749 553 117 263 190 501 449
506 683 867 592 741 312 347 559 488 783 344 656 306 770 898 607 742 657 719 353 867 751 0 411 516 513 598 884 474 218 661 490 311 323 310 104 674 916 438 928 314 437 491 626 747 873 513 904 404 685 434 255 944 726 771 597 500 533
171 502 756 412 560 234 677 889 403 602 294 390 284 590 718 426 562 476 538 85 687 571 411 0 846 825 754 850 139 344 708 155 436 448 537 338 339 736 381 748 644 603 406 291 793 692 843 978 734 349 764 585 941 546 591 417 165 837
741 749 631 666 711 746 261 640 562 837 778 731 741 825 750 681 816 647 747 787 718 693 516 846 0 427 362 648 805 653 425 764 745 757 384 538 794 767 795 780 394 695 565 746 511 724 212 665 193 804 226 513 707 625 683 671 812 294
684 493 375 609 455 744 199 638 559 581 776 673 738 569 494 500 636 391 491 784 462 437 513 825 427 0 106 392 748 650 169 707 742 754 382 536 736 511 738 524 392 693 562 689 255 468 425 489 316 747 250 511 452 369 427 491 755 188
614 423 304 538 385 829 284 692 530 511 858 603 823 498 423 430 565 320 420 763 392 366 598 754 362 106 0 322 677 735 98 636 827 839 467 621 666 441 667 453 477 778 533 618 184 397 510 418 401 676 197 596 381 299 356 420 685 118
709 519 216 634 480 1008 571 979 626 606 954 699 1058 594 519 526 661 416 516 859 488 462 884 850 648 392 322 0 773 1022 241 732 1114 1126 753 907 762 537 763 549 763 1064 629 714 162 493 796 240 687 772 483 882 202 395 452 516 780 405
94 425 679 334 483 296 636 871 326 525 356 313 346 512 640 349 484 399 461 147 609 493 474 139 805 748 677 773 0 406 630 77 499 511 460 401 261 658 304 670 625 666 329 214 716 615 802 901 694 272 723 647 863 468 513 340 87 760
439 742 997 652 800 191 484 697 625 842 276 658 136 830 958 666 802 716 778 285 927 811 218 344 653 650 735 1022 406 0 798 423 115 152 447 145 607 976 371 988 451 282 628 559 884 932 650 1041 541 617 571 392 1081 786 831 657 433 670
567 376 258 492 338 865 348 756 483 464 812 556 886 451 376 383 519 274 374 717 345 320 661 708 425 169 98 241 630 798 0 590 890 903 530 684 619 394 621 406 540 841 486 571 103 351 573 338 464 630 260 659 300 252 309 374 638 181
53 384 638 294 442 312 595 830 285 484 372 272 363 472 600 308 444 358 420 163 568 452 490 155 764 707 636 732 77 423 590 0 515 527 419 417 221 617 263 630 584 682 288 173 675 574 762 860 653 231 683 664 822 428 472 299 85 719
531 835 1089 744 892 284 576 789 717 934 369 750 228 922 1050 759 894 808 870 378 1019 903 311 436 745 742 827 1114 499 115 890 515 0 221 539 237 699 1068 463 1080 543 194 720 651 976 1024 742 1133 634 709 663 340 1173 878 923 749 525 762
543 847 1101 756 905 255 588 801 729 947 381 762 199 934 1062 771 906 820 882 390 1031 915 323 448 757 754 839 1126 511 152 903 527 221 0 551 250 711 1080 475 1092 555 251 732 663 988 1036 754 1145 646 722 676 420 1185 890 935 761 537 774
396 412 666 321 470 541 215 450 217 512 572 386 535 499 627 336 471 386 448 546 596 480 310 537 384 382 467 753 460 447 530 419 539 551 0 333 449 645 450 657 204 490 220 401 615 602 382 772 273 459 303 308 812 455 500 326 467 401
433 705 889 615 763 239 369 582 510 805 271 652 233 793 921 629 765 679 741 280 889 773 104 338 538 536 621 907 401 145 684 417 237 250 333 0 601 939 365 951 336 404 513 553 769 895 536 926 427 611 457 277 966 749 794 620 427 555
198 414 668 174 472 496 625 860 315 514 483 92 546 501 629 338 473 387 450 347 598 482 674 339 794 736 666 762 261 607 619 221 699 711 449 601 0 647 293 659 614 866 318 108 705 603 791 889 682 34 712 717 852 457 502 328 240 749
595 404 443 520 249 893 690 1056 511 383 839 584 943 370 145 411 546 302 402 744 142 348 916 736 767 511 441 537 658 976 394 617 1068 1080 645 939 647 0 649 175 810 1096 514 599 480 148 915 664 807 658 603 914 627 280 221 402 666 524
241 416 670 325 473 289 626 861 316 515 235 344 339 503 631 339 475 389 451 330 600 484 438 381 795 738 667 763 304 371 621 263 463 475 450 365 293 649 0 661 616 630 319 245 706 605 793 891 684 303 714 612 854 459 504 330 311 750
607 416 455 532 261 905 702 1068 523 398 852 596 956 386 52 423 558 314 414 756 154 360 928 748 780 524 453 549 670 988 406 630 1080 1092 657 951 659 175 661 0 823 1108 526 611 492 160 928 677 819 670 615 926 639 292 233 414 678 536
833 848 1011 757 906 821 491 284 653 948 853 822 816 935 1063 772 907 822 884 862 1032 916 590 920 660 657 742 1029 896 727 806 855 820 832 475 613 885 1081 886 1093 0 770 656 837 891 1038 658 924 549 895 579 588 1065 891 936 763 904 676
698 862 1046 772 920 451 526 739 667 962 536 836 395 950 1078 786 922 836 898 545 1046 930 437 603 695 693 778 1064 666 282 841 682 194 251 490 404 866 1096 630 1108 493 0 670 818 926 1052 693 1083 584 876 614 206 1123 906 951 777 692 712
265 281 535 190 339 564 396 631 32 381 510 255 614 368 496 205 340 255 317 415 465 349 491 406 565 562 533 629 329 628 486 288 720 732 220 513 318 514 319 526 385 670 0 270 572 471 562 757 453 328 483 489 719 324 369 195 336 582
150 366 620 242 424 449 577 812 267 466 436 159 499 453 581 290 425 340 402 300 550 434 626 291 746 689 618 714 214 559 571 173 651 663 401 553 108 599 245 611 566 818 270 0 657 556 743 842 634 118 664 670 804 409 454 280 212 701
653 462 199 577 424 951 433 841 569 550 897 642 972 537 462 469 604 359 459 802 431 405 747 793 511 255 184 162 716 884 103 675 976 988 615 769 705 480 706 492 625 926 572 657 0 436 659 259 550 715 346 745 221 338 395 459 724 267
551 361 399 476 206 850 646 1013 468 343 796 541 900 330 130 368 503 258 358 701 54 304 873 692 724 468 397 493 615 932 351 574 1024 1036 602 895 603 148 605 160 767 1052 471 556 436 0 872 621 763 614 559 870 583 237 177 358 622 480
739 755 779 664 812 744 258 638 559 854 776 728 738 842 898 679 814 728 790 785 866 823 513 843 212 425 510 796 802 650 573 762 742 754 382 536 791 915 793 928 392 693 562 743 659 872 0 816 191 802 346 511 855 773 831 669 810 445
837 646 344 762 608 1134 590 861 754 734 1082 826 1129 722 647 653 789 544 644 987 615 590 904 978 665 489 418 240 901 1041 338 860 1133 1145 772 926 889 664 891 677 782 1083 757 842 259 621 816 0 707 900 500 902 239 522 580 644 908 410
630 646 670 555 704 635 150 529 450 746 667 619 629 733 789 570 705 619 681 676 757 714 404 734 193 316 401 687 694 541 464 653 634 646 273 427 682 807 684 819 283 584 453 634 550 763 191 707 0 693 237 402 747 664 722 560 701 336
209 424 678 185 482 507 635 870 325 524 494 102 557 512 640 348 484 398 460 358 608 492 685 349 804 747 676 772 272 617 630 231 709 722 459 611 34 658 303 670 624 876 328 118 715 614 802 900 693 0 723 728 862 468 513 339 245 759
660 585 466 585 546 665 121 559 480 672 697 649 659 660 585 592 727 482 582 706 553 528 434 764 226 250 197 483 723 571 260 683 663 676 303 457 712 603 714 615 313 614 483 664 346 559 346 500 237 723 0 432 543 461 518 582 731 129
665 681 865 590 739 485 344 557 485 781 517 654 480 768 896 605 740 654 716 526 865 749 255 585 513 511 596 882 647 392 659 664 340 420 308 277 717 914 612 926 311 206 489 670 745 870 511 902 402 728 432 0 941 724 769 595 674 530
800 609 306 725 571 1098 630 1002 716 697 1044 789 1148 684 609 616 751 506 607 949 578 553 944 941 707 452 381 202 863 1081 300 822 1173 1185 812 966 852 627 854 639 822 1123 719 804 221 583 855 239 747 862 543 941 0 485 542 606 871 464
405 174 301 330 224 703 548 866 321 302 649 394 753 289 262 221 323 112 171 554 231 117 726 546 625 369 299 395 468 786 252 428 878 890 455 749 457 280 459 292 620 906 324 409 338 237 773 522 664 468 461 724 485 0 195 212 476 382
450 319 358 375 79 748 605 911 366 216 694 439 798 204 203 266 401 217 317 599 171 263 771 591 683 427 356 452 513 831 309 472 923 935 500 794 502 221 504 233 665 951 369 454 395 177 831 580 722 513 518 769 542 195 0 257 521 439
276 122 422 201 226 575 502 738 192 268 521 265 625 256 384 79 181 142 158 426 352 190 597 417 671 491 420 516 340 657 374 299 749 761 326 620 328 402 330 414 492 777 195 280 459 358 669 644 560 339 582 595 606 212 257 0 347 503
101 433 687 342 491 322 643 878 333 532 382 291 372 520 648 357 492 406 468 173 617 501 500 165 812 755 685 780 87 433 638 85 525 537 467 427 240 666 311 678 633 692 336 212 724 622 810 908 701 245 731 674 871 476 521 347 0 767
697 506 387 621 467 763 219 613 579 594 795 686 758 581 506 513 648 403 503 804 475 449 533 837 294 188 118 405 760 670 181 719 762 774 401 555 749 524 750 536 411 712 582 701 267 480 445 410 336 759 129 530 464 382 439 503 767 0
EOF