NAME : tsp_problem
TYPE : TSP
DIMENSION : 68
EDGE_WEIGHT_TYPE : EXPLICIT
EDGE_WEIGHT_FORMAT : FULL_MATRIX
EDGE_WEIGHT_SECTION
0 994 995 963 1115 696 1049 668 913 1116 772 756 920 739 1072 898 898 606 729 1113 859 604 574 657 693 746 875 662 874 656 952 745 720 897 315 740 1019 1140 985 598 935 798 820 1212 618 973 1142 713 792 828 941 1186 684 599 696 456 909 834 646 808 826 888 881 769 750 946 876 589
742 0 960 97 250 519 795 362 318 659 455 473 1193 590 1037 1088 1172 544 1003 657 186 435 692 931 967 1020 1148 935 354 506 1226 317 993 862 732 312 326 274 950 871 682 434 785 755 544 450 685 504 364 1101 532 730 707 873 547 730 1183 282 919 1081 194 1161 1154 1043 478 971 841 707
613 960 0 899 902 806 614 862 727 682 743 760 778 873 165 529 727 740 580 679 1018 937 708 690 822 542 703 791 688 789 781 942 849 263 890 936 676 927 201 714 501 721 230 778 752 551 708 792 988 455 507 752 817 677 830 601 768 1030 678 636 1022 716 505 513 765 413 241 723
710 97 899 0 188 458 734 331 257 598 394 412 1162 559 976 1026 1140 512 971 595 155 403 661 900 935 989 1117 904 292 475 1195 286 962 801 700 280 265 213 889 840 621 373 724 694 512 389 624 443 333 1042 471 668 675 841 515 699 1151 251 888 1050 162 1130 1095 1011 417 910 780 676
761 250 902 188 0 461 737 483 260 602 398 415 1213 613 979 1030 1191 566 1022 599 307 556 712 951 986 1040 1168 955 296 529 1246 439 1013 804 853 433 269 52 892 891 624 376 727 697 566 392 628 447 485 1045 475 672 729 892 569 750 1202 403 939 1101 315 1181 1098 1062 420 913 783 727
319 519 806 458 461 0 641 260 235 505 141 79 770 339 883 749 749 205 580 502 454 335 269 508 544 597 725 512 197 255 803 340 570 708 595 334 342 485 796 448 528 120 631 601 218 296 531 35 387 678 378 576 379 450 295 307 760 428 496 658 421 738 731 619 73 796 687 284
667 795 614 734 737 641 0 697 562 284 578 595 1055 793 691 742 1003 746 856 371 853 772 761 840 876 818 980 844 523 709 1058 777 902 516 943 771 511 762 604 780 163 556 439 211 746 386 400 627 823 757 342 309 871 782 749 655 1044 865 828 913 857 993 810 790 600 626 495 776
413 362 862 331 483 260 697 0 291 561 147 214 865 261 939 843 843 215 674 558 227 108 364 602 638 691 820 607 252 178 897 113 665 764 405 107 398 508 852 542 584 176 686 657 215 351 587 246 160 773 434 631 378 544 218 401 854 201 590 752 194 832 826 714 220 873 742 378
536 318 727 257 260 235 562 291 0 426 172 190 988 387 803 854 966 340 797 423 375 366 486 725 761 814 942 729 70 303 1020 371 787 628 663 365 210 284 717 665 448 151 551 522 341 216 452 221 418 869 299 496 504 667 343 524 977 459 713 875 383 955 922 837 195 738 607 501
734 659 682 598 602 505 284 561 426 0 442 459 1122 657 759 809 1071 610 924 119 717 636 756 907 943 886 1047 912 387 573 1125 641 970 584 933 635 375 626 672 848 298 420 507 128 611 250 148 491 688 825 254 102 774 849 613 722 1112 729 896 980 721 1060 877 857 465 693 562 771
395 455 743 394 398 141 578 147 172 442 0 95 847 243 819 825 825 197 656 439 341 222 345 584 620 673 802 588 133 160 879 227 647 645 519 222 279 422 733 524 464 57 567 538 197 232 468 127 274 755 315 512 360 526 200 383 836 316 572 734 308 814 808 696 101 754 623 360
379 473 760 412 415 79 595 214 190 459 95 0 831 310 837 809 809 263 640 457 408 289 329 568 604 657 786 573 151 226 863 294 631 662 586 288 296 440 750 508 482 74 585 555 264 250 485 64 341 739 332 530 427 510 266 367 820 382 556 718 375 798 792 680 38 771 641 344
532 1193 778 1162 1213 770 1055 865 988 1122 847 831 0 814 749 434 77 681 287 1120 1059 940 649 398 378 282 102 282 949 730 83 945 249 904 809 939 1094 1237 626 421 942 872 826 1218 693 991 1148 787 991 364 947 1193 758 384 771 520 52 1033 386 168 1025 89 354 305 825 481 882 664
363 590 873 559 613 339 793 261 387 657 243 310 814 0 950 793 792 164 623 654 456 336 291 552 587 641 769 556 348 105 847 341 614 775 634 336 494 637 863 492 679 272 698 753 165 447 683 342 388 722 530 727 178 494 63 351 803 430 540 702 422 782 775 663 315 840 754 300
690 1037 165 976 979 883 691 939 803 759 819 837 749 950 0 522 697 816 551 756 1094 1014 784 661 873 512 674 841 765 866 752 1018 899 378 967 1013 753 1004 171 684 578 798 345 854 829 627 785 869 1065 426 584 829 894 647 906 678 738 1107 649 607 1099 687 476 484 842 490 357 799
511 1088 529 1026 1030 749 742 843 854 809 825 809 434 793 522 0 382 659 236 807 1037 918 627 346 558 197 359 526 815 709 437 923 584 591 787 918 803 1054 399 369 629 849 513 905 671 678 835 766 970 136 634 880 737 332 749 499 423 1011 334 292 1004 372 189 169 804 168 569 642
510 1172 727 1140 1191 749 1003 843 966 1071 825 809 77 792 697 382 0 659 235 1068 1037 918 627 346 393 230 84 297 927 709 131 923 264 852 787 917 1065 1216 575 369 890 851 775 1166 671 939 1097 766 970 312 896 1141 737 332 749 499 67 1011 334 116 1003 96 302 253 803 430 831 642
229 544 740 512 566 205 746 215 340 610 197 263 681 164 816 659 659 0 490 607 409 290 179 418 454 507 636 423 302 81 713 295 481 642 506 289 447 590 730 358 633 225 564 706 55 401 636 223 341 589 483 681 281 360 121 217 670 383 406 568 375 648 642 530 260 707 620 194
341 1003 580 971 1022 580 856 674 797 924 656 640 287 623 551 236 235 490 0 921 868 749 458 177 388 84 212 357 758 540 290 754 415 705 618 748 903 1047 428 200 743 682 628 1020 502 793 950 597 801 165 749 994 568 163 580 330 276 842 165 145 835 225 218 106 634 283 684 473
731 657 679 595 599 502 371 558 423 119 439 457 1120 654 756 807 1068 607 921 0 714 633 753 905 940 883 1045 909 384 570 1122 638 967 581 930 632 372 623 669 845 295 418 504 215 608 247 53 488 685 822 251 190 771 847 611 720 1109 726 893 977 719 1057 875 854 462 690 560 768
607 186 1018 155 307 454 853 227 375 717 341 408 1059 456 1094 1037 1037 409 868 714 0 300 558 796 832 885 1014 801 411 372 1091 183 859 920 597 177 384 332 1008 737 739 370 842 813 409 507 743 440 230 967 590 787 572 738 412 595 1048 148 785 947 59 1027 1020 908 414 1029 898 573
562 508 1010 477 629 408 845 182 440 709 296 363 1013 410 1087 992 991 363 822 707 374 0 512 751 786 840 968 755 401 326 1046 259 813 912 337 254 546 654 1000 691 732 324 835 805 364 500 735 394 306 921 582 780 527 693 366 550 1002 348 739 901 340 981 974 862 368 1021 891 527
197 692 708 661 712 269 761 364 486 756 345 329 649 291 784 627 627 179 458 753 558 439 0 386 422 475 604 391 447 229 681 443 449 610 474 438 593 736 698 326 648 371 532 852 192 547 782 286 490 557 629 826 144 328 269 185 638 532 374 536 524 616 610 498 324 675 588 49
270 931 690 900 951 508 840 602 725 907 584 568 398 552 661 346 346 418 177 905 796 677 386 0 317 194 322 285 686 468 400 682 343 689 546 677 832 975 538 253 727 610 611 1003 430 776 934 525 729 276 733 978 496 91 508 258 387 771 48 255 763 335 328 217 563 394 667 401
305 967 822 935 986 544 876 638 761 943 620 604 378 587 873 558 393 454 388 940 832 713 422 317 0 406 417 130 722 504 432 718 178 724 582 712 867 1011 750 316 763 646 647 1039 466 812 969 561 765 487 768 1014 532 259 544 294 367 806 305 467 799 404 540 428 598 605 703 437
359 1020 542 989 1040 597 818 691 814 886 673 657 282 641 512 197 230 507 84 883 885 766 475 194 406 0 207 374 775 557 285 771 432 667 635 766 880 1064 390 217 705 699 590 982 519 755 912 614 818 127 711 956 585 180 597 347 271 859 182 140 852 220 180 68 652 245 646 490
487 1148 703 1117 1168 725 980 820 942 1047 802 786 102 769 674 359 84 636 212 1045 1014 895 604 322 417 207 0 322 904 685 155 900 288 828 764 894 1041 1192 551 346 867 827 751 1143 648 916 1073 742 946 288 872 1118 713 309 725 475 91 988 311 93 980 73 279 230 780 406 807 619
274 935 791 904 955 512 844 607 729 912 588 573 282 556 841 526 297 423 357 909 801 682 391 285 130 374 322 0 691 472 336 687 82 693 551 681 836 979 718 285 731 614 616 1008 435 781 938 529 733 456 737 982 500 227 512 262 272 775 273 388 767 309 509 397 567 574 672 406
497 354 688 292 296 197 523 252 70 387 133 151 949 348 765 815 927 302 758 384 411 327 447 686 722 775 904 691 0 265 981 332 749 590 624 327 224 320 678 626 409 112 512 483 302 177 413 182 379 831 260 457 465 628 305 485 938 421 674 836 413 916 883 798 156 699 568 462
279 506 789 475 529 255 709 178 303 573 160 226 730 105 866 709 709 81 540 570 372 253 229 468 504 557 685 472 265 0 763 258 530 691 550 252 410 553 780 408 596 188 614 669 81 364 599 258 304 638 446 644 222 410 62 267 720 346 456 618 338 698 691 580 232 756 670 244
565 1226 781 1195 1246 803 1058 897 1020 1125 879 863 83 847 752 437 131 713 290 1122 1091 972 681 400 432 285 155 336 981 763 0 977 303 906 841 972 1119 1270 629 423 944 905 829 1221 725 994 1151 820 1024 366 950 1195 791 386 803 553 91 1065 388 222 1058 143 315 307 858 484 885 696
493 317 942 286 439 340 777 113 371 641 227 294 945 341 1018 923 923 295 754 638 183 186 443 682 718 771 900 687 332 258 977 0 745 844 483 61 478 463 932 622 663 256 766 737 295 431 667 326 72 853 514 711 458 624 298 481 934 157 670 832 149 912 906 794 299 953 822 458
332 993 849 962 1013 570 902 665 787 970 647 631 249 614 899 584 264 481 415 967 859 740 449 343 178 432 288 82 749 530 303 745 0 751 609 739 894 1037 777 343 789 672 674 1066 493 839 996 587 791 514 795 1040 558 285 570 320 238 833 331 355 825 276 540 455 625 632 730 464
515 862 263 801 804 708 516 764 628 584 645 662 904 775 378 591 852 642 705 581 920 839 610 689 724 667 828 693 590 691 906 844 751 0 792 838 578 829 390 629 403 623 118 680 654 453 610 694 890 606 409 654 719 630 731 503 893 932 677 761 924 841 659 638 667 474 52 625
341 748 868 716 869 569 922 421 679 949 535 602 793 613 945 772 771 479 602 946 613 358 447 531 566 620 748 535 640 529 826 499 593 770 0 493 786 893 858 471 808 564 693 1045 491 739 975 586 546 701 814 1019 557 472 569 329 782 587 519 681 580 761 754 642 608 819 749 462
487 312 936 280 433 334 771 107 365 635 222 288 939 336 1013 918 917 289 748 632 177 180 438 677 712 766 894 681 327 252 972 61 739 838 477 0 472 457 926 617 658 250 761 731 289 426 661 320 78 847 508 705 452 618 292 476 928 151 665 827 143 907 900 788 294 947 817 453
642 326 676 265 269 342 511 398 210 375 279 296 1094 494 753 803 1065 447 903 372 384 473 593 832 867 880 1041 836 224 410 1119 478 894 578 770 472 0 293 666 772 398 257 501 471 447 166 401 328 524 819 248 446 610 773 450 631 1083 480 820 974 392 1054 872 851 301 687 557 608
786 274 927 213 52 485 762 508 284 626 422 440 1237 637 1004 1054 1216 590 1047 623 332 580 736 975 1011 1064 1192 979 320 553 1270 463 1037 829 878 457 293 0 917 915 648 400 751 722 591 416 652 471 510 1070 499 696 754 917 593 774 1227 428 963 1125 339 1205 1122 1087 445 938 807 751
603 950 201 889 892 796 604 852 717 672 733 750 626 863 171 399 575 730 428 669 1008 927 698 538 750 390 551 718 678 780 629 932 777 390 880 926 666 917 0 562 491 711 357 768 742 541 698 782 978 303 497 742 808 525 820 592 616 1020 526 484 1012 564 354 361 756 403 368 713
210 871 714 840 891 448 780 542 665 848 524 508 421 492 684 369 369 358 200 845 737 617 326 253 316 217 346 285 626 408 423 622 343 629 486 617 772 915 562 0 667 550 551 943 370 716 874 465 669 299 673 918 436 222 448 198 410 711 241 278 703 358 352 240 503 417 607 341
553 682 501 621 624 528 163 584 448 298 464 482 942 679 578 629 890 633 743 295 739 658 648 727 763 705 867 731 409 596 944 663 789 403 830 658 398 648 491 667 0 443 326 331 633 272 324 513 710 644 229 368 758 669 636 542 931 752 715 799 744 879 697 676 487 512 382 663
421 434 721 373 376 120 556 176 151 420 57 74 872 272 798 849 851 225 682 418 370 251 371 610 646 699 827 614 112 188 905 256 672 623 548 250 257 400 711 550 443 0 546 516 226 211 446 106 303 780 293 491 389 552 228 409 862 344 598 760 336 840 833 721 80 732 602 386
438 785 230 724 727 631 439 686 551 507 567 585 826 698 345 513 775 564 628 504 842 761 532 611 647 590 751 616 512 614 829 766 674 118 715 761 501 751 357 551 326 546 0 602 577 375 533 616 813 529 332 577 642 553 654 426 816 855 600 684 847 764 581 561 590 397 97 547
830 755 778 694 697 601 211 657 522 128 538 555 1218 753 854 905 1166 706 1020 215 813 732 852 1003 1039 982 1143 1008 483 669 1221 737 1066 680 1029 731 471 722 768 943 331 516 602 0 707 346 244 587 783 921 350 153 870 945 709 818 1208 825 991 1076 817 1156 973 953 561 789 658 867
241 544 752 512 566 218 746 215 341 611 197 264 693 165 829 671 671 55 502 608 409 290 192 430 466 519 648 435 302 81 725 295 493 654 518 289 447 591 742 370 633 226 577 707 0 401 637 235 342 601 484 681 281 372 121 229 682 383 418 580 376 661 654 542 269 719 632 207
596 450 551 389 392 296 386 351 216 250 232 250 991 447 627 678 939 401 793 247 507 426 547 776 812 755 916 781 177 364 994 431 839 453 724 426 166 416 541 716 272 211 375 346 401 0 276 281 478 693 123 320 564 718 404 584 981 520 764 849 512 929 746 726 255 562 431 561
760 685 708 624 628 531 400 587 452 148 468 485 1148 683 785 835 1097 636 950 53 743 662 782 934 969 912 1073 938 413 599 1151 667 996 610 959 661 401 652 698 874 324 446 533 244 637 276 0 517 714 851 280 219 800 875 639 748 1138 755 922 1006 748 1086 904 883 491 719 589 797
336 504 792 443 447 35 627 246 221 491 127 64 787 342 869 766 766 223 597 488 440 321 286 525 561 614 742 529 182 258 820 326 587 694 613 320 328 471 782 465 513 106 616 587 235 281 517 0 372 695 364 561 396 467 298 324 777 414 513 675 406 755 748 637 59 803 672 301
540 364 988 333 485 387 823 160 418 688 274 341 991 388 1065 970 970 341 801 685 230 233 490 729 765 818 946 733 379 304 1024 72 791 890 530 78 524 510 978 669 710 303 813 783 342 478 714 372 0 899 561 758 505 671 344 528 981 204 717 879 196 959 952 840 346 1000 869 505
440 1101 455 1042 1045 678 757 773 869 825 755 739 364 722 426 136 312 589 165 822 967 848 557 276 487 127 288 456 831 638 366 853 514 606 717 847 819 1070 303 299 644 780 529 921 601 693 851 695 899 0 650 895 666 262 679 428 353 941 264 221 933 301 93 98 733 184 585 572
559 532 507 471 475 378 342 434 299 254 315 332 947 530 584 634 896 483 749 251 590 509 629 733 768 711 872 737 260 446 950 514 795 409 806 508 248 499 497 673 229 293 332 350 484 123 280 364 561 650 0 324 647 674 486 547 937 602 721 805 595 885 703 682 338 518 388 644
804 730 752 668 672 576 309 631 496 102 512 530 1193 727 829 880 1141 681 994 190 787 706 826 978 1014 956 1118 982 457 644 1195 711 1040 654 1003 705 446 696 742 918 368 491 577 153 681 320 219 561 758 895 324 0 844 920 684 793 1182 799 966 1050 792 1130 948 927 535 763 633 841
307 707 817 675 729 379 871 378 504 774 360 427 758 178 894 737 737 281 568 771 572 453 144 496 532 585 713 500 465 222 791 458 558 719 584 452 610 754 808 436 758 389 642 870 281 564 800 396 505 666 647 844 0 438 180 295 748 546 484 646 539 726 719 608 432 784 698 153
212 873 677 841 892 450 782 544 667 849 526 510 384 494 647 332 332 360 163 847 738 619 328 91 259 180 309 227 628 410 386 624 285 630 488 618 773 917 525 222 669 552 553 945 372 718 875 467 671 262 674 920 438 0 450 200 373 712 80 241 705 322 315 203 505 380 609 343
319 547 830 515 569 295 749 218 343 613 200 266 771 63 906 749 749 121 580 611 412 293 269 508 544 597 725 512 305 62 803 298 570 731 590 292 450 593 820 448 636 228 654 709 121 404 639 298 344 679 486 684 180 450 0 307 760 386 496 658 378 738 731 620 272 797 710 284
480 1006 1007 975 1127 708 1061 680 925 1128 784 768 932 752 1084 911 910 618 741 1125 872 616 586 670 705 759 887 674 886 668 965 757 732 909 327 752 1031 1152 998 610 948 810 832 1224 630 985 1154 725 804 840 953 1199 696 611 708 0 921 846 658 820 838 900 893 781 763 958 888 601
521 1183 768 1151 1202 760 1044 854 977 1112 836 820 52 803 738 423 67 670 276 1109 1048 929 638 387 367 271 91 272 938 720 91 934 238 893 798 928 1083 1227 616 410 931 862 816 1208 682 981 1138 777 981 353 937 1182 748 373 760 510 0 1022 375 157 1015 78 343 294 814 471 872 653
581 282 1030 251 403 428 865 201 459 729 316 382 1033 430 1107 1011 1011 383 842 726 148 274 532 771 806 859 988 775 421 346 1065 157 833 932 571 151 480 428 1020 711 752 344 855 825 383 520 755 414 204 941 602 799 546 712 386 570 1022 0 759 921 114 1001 994 882 388 1041 911 547
258 919 678 888 939 496 828 590 713 896 572 556 386 540 649 334 334 406 165 893 785 665 374 48 305 182 311 273 674 456 388 670 331 677 534 665 820 963 526 241 715 598 600 991 418 764 922 513 717 264 721 966 484 80 496 246 375 759 0 243 751 323 317 205 551 382 655 389
420 1081 636 1050 1101 658 913 752 875 980 734 718 168 702 607 292 116 568 145 977 947 827 536 255 467 140 93 388 836 618 222 832 355 761 696 827 974 1125 484 278 799 760 684 1076 580 849 1006 675 879 221 805 1050 646 241 658 408 157 921 243 0 913 106 211 162 713 339 740 551
574 194 1022 162 315 421 857 194 383 721 308 375 1025 422 1099 1004 1003 375 835 719 59 267 524 763 799 852 980 767 413 338 1058 149 825 924 564 143 392 339 1012 703 744 336 847 817 376 512 748 406 196 933 595 792 539 705 378 562 1015 114 751 913 0 993 986 874 380 1033 903 539
500 1161 716 1130 1181 738 993 832 955 1060 814 798 89 782 687 372 96 648 225 1057 1027 907 616 335 404 220 73 309 916 698 143 912 276 841 777 907 1054 1205 564 358 879 840 764 1156 661 929 1086 755 959 301 885 1130 726 322 738 488 78 1001 323 106 993 0 291 242 793 419 820 631
493 1154 505 1095 1098 731 810 826 922 877 808 792 354 775 476 189 302 642 218 875 1020 901 610 328 540 180 279 509 883 691 315 906 540 659 770 900 872 1122 354 352 697 833 581 973 654 746 904 748 952 93 703 948 719 315 731 481 343 994 317 211 986 291 0 151 786 237 637 625
381 1043 513 1011 1062 619 790 714 837 857 696 680 305 663 484 169 253 530 106 854 908 789 498 217 428 68 230 397 798 580 307 794 455 638 658 788 851 1087 361 240 676 721 561 953 542 726 883 637 840 98 682 927 608 203 620 369 294 882 205 162 874 242 151 0 674 216 617 513
374 478 765 417 420 73 600 220 195 465 101 38 825 315 842 804 803 260 634 462 414 295 324 563 598 652 780 567 156 232 858 299 625 667 592 294 301 445 756 503 487 80 590 561 269 255 491 59 346 733 338 535 432 505 272 362 814 388 551 713 380 793 786 674 0 777 646 339
558 971 413 910 913 796 626 873 738 693 754 771 481 840 490 168 430 707 283 690 1029 948 675 394 605 245 406 574 699 756 484 953 632 474 835 947 687 938 403 417 512 732 397 789 719 562 719 803 1000 184 518 763 784 380 797 546 471 1041 382 339 1033 419 237 216 777 0 453 690
494 841 241 780 783 687 495 742 607 562 623 641 882 754 357 569 831 620 684 560 898 817 588 667 703 646 807 672 568 670 885 822 730 52 771 817 557 807 368 607 382 602 97 658 632 431 589 672 869 585 388 633 698 609 710 482 872 911 655 740 903 820 637 617 646 453 0 603
212 707 723 676 727 284 776 378 501 771 360 344 664 300 799 642 642 194 473 768 573 453 49 401 437 490 619 406 462 244 696 458 464 625 489 453 608 751 713 341 663 386 547 867 207 561 797 301 505 572 644 841 153 343 284 200 653 547 389 551 539 631 625 513 339 690 603 0
EOF