NAME : tsp_problem
TYPE : TSP
DIMENSION : 74
EDGE_WEIGHT_TYPE : EXPLICIT
EDGE_WEIGHT_FORMAT : FULL_MATRIX
EDGE_WEIGHT_SECTION
0 603 835 779 581 736 483 743 489 548 798 351 54 791 584 769 722 468 596 612 597 235 102 734 273 569 575 698 448 607 309 604 809 557 558 442 688 569 628 571 688 345 206 861 694 849 473 646 912 549 276 141 687 321 659 818 432 787 359 527 297 784 62 693 374 430 722 320 483 838 966 811 252 569
603 0 522 598 633 668 415 691 845 481 413 539 617 566 37 701 654 350 77 350 416 586 611 553 360 801 709 254 380 36 497 422 498 328 176 802 316 545 340 654 169 352 487 392 512 330 573 729 402 601 556 492 266 490 316 433 792 268 274 459 656 717 574 213 466 406 540 680 839 398 447 331 436 652
835 522 0 255 684 1106 853 1128 896 918 191 677 859 908 503 1139 1092 401 476 343 273 637 843 210 798 852 760 472 818 526 733 274 840 427 614 887 534 596 497 705 510 789 924 734 191 672 624 780 744 652 994 732 485 541 529 212 877 610 712 897 741 1077 806 431 517 457 157 765 890 740 789 549 874 703
779 598 255 0 629 1181 929 1204 840 994 396 622 803 984 579 1215 1168 345 551 309 218 582 787 70 806 797 704 512 894 602 677 218 915 371 689 831 502 541 442 649 586 809 928 809 136 748 569 725 819 597 997 677 501 486 473 416 822 686 787 972 686 1153 751 507 462 402 142 709 835 816 865 625 877 648
581 633 684 629 0 1070 818 1047 324 883 647 423 605 1019 614 1104 1057 317 587 461 447 384 589 584 607 280 188 547 783 637 479 453 951 406 725 399 538 235 477 82 621 610 729 845 543 783 132 208 855 73 799 479 536 288 509 668 320 721 693 861 451 1119 552 542 304 261 571 511 318 851 900 660 679 131
736 668 1106 1181 1070 0 364 801 981 212 996 671 749 446 649 166 119 933 661 934 999 727 744 1136 493 1061 1067 837 388 672 629 1006 526 911 623 934 900 1059 923 1060 752 484 619 578 1096 881 963 1135 629 1038 689 625 850 810 900 1017 925 819 424 407 789 263 707 796 863 920 1124 812 976 555 841 915 569 1058
483 415 853 929 818 364 0 549 729 176 744 419 497 367 396 397 350 681 408 681 747 474 491 884 240 808 815 585 135 420 376 753 385 659 371 682 647 806 671 807 500 232 367 436 843 661 710 883 488 786 436 372 597 558 647 764 672 599 171 103 536 360 454 544 610 667 871 560 723 414 700 662 316 806
395 349 786 862 730 465 212 0 641 277 677 331 409 521 330 498 451 614 341 615 680 387 404 817 153 721 727 518 177 353 289 686 538 592 304 594 580 719 604 720 433 144 279 590 776 595 622 795 641 698 349 285 531 470 581 698 585 533 104 256 449 514 367 477 523 580 804 472 636 567 712 595 229 718
489 845 896 840 324 981 729 821 0 794 859 482 513 1037 826 1015 968 529 798 673 658 334 497 795 518 166 172 759 694 849 537 665 1055 618 804 161 749 447 689 266 833 591 640 1056 755 995 313 341 1066 355 710 387 748 420 720 879 82 933 605 773 213 1030 460 754 473 473 783 285 37 1063 1112 872 590 214
548 481 918 994 883 212 176 614 794 0 809 484 562 485 462 245 198 746 473 747 812 539 556 949 306 874 880 650 201 485 442 818 502 724 436 747 712 871 736 873 565 297 432 554 908 727 775 948 605 851 502 438 662 623 713 830 737 665 236 220 601 439 520 609 676 732 936 625 788 531 817 727 381 871
798 413 191 396 647 996 744 1019 859 809 0 640 822 799 394 1030 983 364 367 234 324 600 806 351 689 815 723 363 709 417 696 330 731 342 505 850 425 559 412 668 401 680 815 624 332 563 587 743 635 615 885 695 375 504 426 62 840 501 603 788 704 968 769 322 480 420 298 728 853 631 680 440 765 666
351 539 677 622 423 671 419 678 482 484 640 0 375 727 520 705 658 310 531 455 440 185 359 577 208 560 468 540 384 543 80 446 745 400 494 435 531 412 470 413 615 211 330 796 536 776 316 488 847 392 400 240 530 164 502 661 425 714 294 462 289 720 322 535 216 273 564 313 476 774 893 654 280 411
54 617 859 803 605 749 497 756 513 562 822 375 0 805 598 783 736 492 610 636 622 259 126 758 286 593 599 722 462 621 333 628 823 581 572 466 713 594 652 595 701 359 193 874 718 863 497 670 925 573 262 165 711 345 683 842 457 801 372 540 321 798 83 717 398 455 746 344 508 852 980 835 238 593
791 566 908 984 1019 446 367 857 1037 485 799 727 805 0 547 552 505 736 520 736 802 783 800 939 549 1117 1095 640 437 571 685 808 189 714 658 990 702 931 726 1040 428 540 675 241 898 516 959 1115 264 987 745 681 652 866 703 819 980 454 479 290 845 237 763 599 852 792 926 868 1031 218 476 717 625 1038
584 37 503 579 614 649 396 672 826 462 394 520 598 547 0 683 635 331 58 331 397 567 592 534 341 782 690 235 361 40 478 403 479 309 157 783 297 526 321 635 150 333 468 373 493 311 554 710 383 582 537 473 247 471 298 414 773 249 255 440 637 698 556 194 447 387 521 661 820 380 429 312 417 633
769 701 1139 1215 1104 166 397 835 1015 245 1030 705 783 552 683 0 90 967 694 968 1033 760 777 1170 526 1095 1101 871 421 706 663 1039 633 945 657 968 933 1092 957 1094 786 518 653 684 1129 947 996 1169 735 1072 722 658 883 844 934 1051 958 885 457 441 822 393 741 830 897 953 1157 846 1009 661 947 948 602 1092
722 654 1092 1168 1057 119 350 788 968 198 983 658 736 505 635 90 0 920 647 920 986 713 730 1123 479 1048 1054 824 374 659 615 992 585 898 610 921 886 1045 910 1046 739 471 606 637 1082 900 949 1122 688 1025 675 611 836 797 887 1003 911 838 410 394 775 346 693 783 849 906 1110 799 962 614 900 901 555 1045
468 350 401 345 317 933 681 934 529 746 364 310 492 736 331 967 920 0 303 178 163 270 476 300 494 485 393 264 646 354 366 170 668 123 442 520 255 229 194 338 338 497 616 561 260 500 257 413 572 285 686 365 253 174 225 384 510 438 539 725 375 905 439 259 150 90 288 398 523 568 617 377 566 336
596 77 476 551 587 661 408 684 798 473 367 531 610 520 58 694 647 303 0 304 369 540 604 506 353 755 662 207 373 82 489 376 452 281 169 789 270 499 293 607 123 345 480 346 466 284 527 683 356 555 549 485 220 444 270 387 780 222 267 452 644 689 567 166 420 360 494 668 793 352 401 285 429 606
612 350 343 309 461 934 681 957 673 747 234 455 636 736 331 968 920 178 304 0 127 415 620 264 626 629 537 300 646 355 510 134 668 204 442 664 335 374 275 482 339 618 753 562 224 500 401 557 572 430 822 510 313 319 306 254 655 438 540 725 519 905 583 259 295 235 252 542 667 569 618 378 702 480
597 416 273 218 447 999 747 1022 658 812 324 440 622 802 397 1033 986 163 369 127 0 400 606 173 624 615 522 330 712 420 495 61 734 189 508 649 320 359 260 467 404 627 746 627 132 566 387 543 638 415 815 495 319 304 291 345 640 504 605 790 504 971 569 325 280 220 160 528 653 634 683 443 695 466
235 586 637 582 384 727 474 701 334 539 600 185 259 783 567 760 713 270 540 415 400 0 243 537 264 414 420 500 439 591 241 406 800 360 550 287 491 372 430 373 575 336 386 798 496 736 276 448 808 352 455 132 490 124 462 621 277 674 350 518 141 776 206 495 176 233 524 165 328 804 853 614 335 371
102 611 843 787 589 744 491 751 497 556 806 359 126 800 592 777 730 476 604 620 606 243 0 742 281 577 583 706 456 616 317 612 817 565 567 450 697 578 636 579 696 353 278 869 702 857 481 654 920 557 348 149 695 329 667 826 441 795 367 535 305 793 73 701 382 439 730 328 492 846 974 819 324 577
734 553 210 70 584 1136 884 1159 795 949 351 577 758 939 534 1170 1123 300 506 264 173 537 742 0 761 752 659 467 849 557 632 173 870 326 644 786 457 496 397 604 541 764 883 764 91 702 524 680 774 552 952 632 456 441 428 371 777 640 742 927 641 1107 706 462 417 357 97 664 790 771 820 580 832 603
273 360 798 806 607 493 240 500 518 306 689 208 286 549 341 526 479 494 353 626 624 264 281 761 0 598 604 530 205 365 166 630 566 583 316 471 592 596 616 597 445 102 156 618 720 606 500 672 669 575 226 162 542 347 593 709 462 544 116 284 326 542 244 489 400 457 748 349 513 595 724 607 106 595
569 801 852 797 280 1061 808 901 166 874 815 560 593 1117 782 1095 1048 485 755 629 615 414 577 752 598 0 128 715 774 805 616 621 1119 575 884 241 706 403 645 223 790 670 720 1013 711 951 269 298 1023 311 790 466 705 425 677 836 162 889 684 852 293 1110 540 710 441 429 739 365 160 1019 1068 828 670 171
575 709 760 704 188 1067 815 907 172 880 723 468 599 1095 690 1101 1054 393 662 537 522 420 583 659 604 128 0 623 780 713 524 529 1026 482 800 247 613 310 553 130 697 655 726 920 619 859 177 205 930 219 796 473 612 332 584 743 168 797 690 858 299 1116 546 618 348 337 647 371 166 927 976 736 676 78
698 254 472 512 547 837 585 860 759 650 363 540 722 640 235 871 824 264 207 300 330 500 706 467 530 715 623 0 550 258 596 336 571 190 345 750 93 459 103 568 242 521 656 465 426 403 487 643 475 515 726 595 49 404 80 383 740 341 443 628 604 808 669 77 380 320 454 628 753 472 521 137 605 566
448 380 818 894 783 388 135 514 694 201 709 384 462 437 361 421 374 646 373 646 712 439 456 849 205 774 780 550 0 385 342 718 454 624 336 647 612 771 636 772 465 197 332 506 808 626 675 848 557 751 401 337 562 523 613 729 637 564 136 179 501 430 419 509 575 632 836 525 688 483 744 627 281 771
607 36 526 602 637 672 420 695 849 485 417 543 621 571 40 706 659 354 82 355 420 591 616 557 365 805 713 258 385 0 501 427 503 332 181 806 321 550 344 658 173 356 491 396 516 335 577 733 407 605 561 497 271 495 321 438 797 273 278 464 661 721 579 217 471 410 545 684 843 403 452 335 441 656
309 497 733 677 479 629 376 636 537 442 696 80 333 685 478 663 615 366 489 510 495 241 317 632 166 616 524 596 342 501 0 502 702 455 452 490 586 468 526 469 581 169 288 754 592 742 371 544 805 447 358 198 585 219 557 716 481 681 252 420 345 678 280 591 272 328 620 368 532 731 860 709 238 467
604 422 274 218 453 1006 753 1029 665 818 330 446 628 808 403 1039 992 170 376 134 61 406 612 173 630 621 529 336 718 427 502 0 740 196 514 656 327 365 266 474 411 633 752 634 133 572 393 549 644 421 822 501 326 310 298 351 646 510 612 797 511 977 575 331 286 226 161 534 659 640 689 450 702 472
809 498 840 915 951 526 385 875 1055 502 731 745 823 189 479 633 585 668 452 668 734 800 817 870 566 1119 1026 571 454 503 702 740 0 645 590 1008 634 863 658 972 359 558 693 173 830 489 891 1047 310 919 762 698 584 808 634 751 998 427 497 307 862 358 780 531 784 724 858 886 1049 150 522 649 642 970
557 328 427 371 406 911 659 934 618 724 342 400 581 714 309 945 898 123 281 204 189 360 565 326 583 575 482 190 624 332 455 196 645 0 419 609 180 319 120 427 316 587 706 539 286 477 346 502 549 375 775 455 179 264 151 362 600 416 517 702 464 883 528 237 240 180 314 487 613 546 595 310 655 425
502 218 655 731 766 567 314 590 748 380 546 438 516 623 199 601 553 483 210 484 549 493 510 686 259 828 834 387 279 222 396 555 631 461 0 701 449 678 473 787 302 251 386 525 645 464 706 862 535 734 455 391 399 577 450 567 691 402 173 358 555 616 473 346 599 539 673 579 742 532 581 464 335 785
442 802 887 831 399 934 682 774 161 747 850 435 466 990 783 968 921 520 789 664 649 287 450 786 471 241 247 750 647 806 490 656 1008 609 757 0 740 521 680 341 824 543 593 1047 746 986 387 416 1057 430 663 340 739 373 711 870 104 924 557 725 166 983 413 745 426 482 774 238 155 1036 1103 863 543 289
688 316 534 502 538 900 647 923 749 712 425 531 713 702 297 933 886 255 270 335 320 491 697 457 592 706 613 93 612 321 586 327 634 180 408 740 0 450 94 559 305 584 719 528 417 466 478 634 538 506 788 586 83 395 71 446 731 404 506 691 595 871 660 140 371 311 445 619 744 534 583 200 668 557
569 545 596 541 235 1059 806 1036 447 871 559 412 594 931 526 1092 1045 229 499 374 359 372 578 496 596 403 310 459 771 550 468 365 863 319 637 521 450 0 389 256 534 599 718 757 455 695 175 331 767 203 787 467 449 276 421 580 443 633 682 850 476 1100 541 454 252 174 483 500 441 763 812 573 667 254
628 340 497 442 477 923 671 946 689 736 412 470 652 726 321 957 910 194 293 275 260 430 636 397 616 645 553 103 636 344 526 266 658 120 432 680 94 389 0 498 328 607 742 551 356 490 417 573 562 445 812 525 93 334 65 433 670 428 529 714 535 895 599 163 310 250 384 558 683 558 607 223 692 496
571 654 705 649 82 1060 807 1001 266 873 668 413 595 1040 635 1094 1046 338 607 482 467 373 579 604 597 223 130 568 772 658 469 474 972 427 746 341 559 256 498 0 642 600 719 865 564 804 122 151 876 114 789 468 557 277 529 688 262 742 683 851 393 1109 542 563 294 282 592 465 261 872 921 681 669 74
688 169 510 586 621 752 500 775 833 565 401 615 701 428 150 786 739 338 123 339 404 575 696 541 445 790 697 242 465 173 581 411 359 316 261 824 305 534 328 642 0 436 571 253 500 191 561 717 263 590 641 577 255 479 305 422 815 129 359 544 679 596 659 201 455 395 529 702 827 260 309 320 521 640
345 352 789 809 610 484 232 491 591 297 680 211 359 540 333 518 471 497 345 618 627 336 353 764 102 670 655 521 197 356 169 633 558 587 307 543 584 599 607 600 436 0 229 609 723 598 503 675 660 579 298 234 534 351 584 701 534 536 108 276 398 533 316 480 403 460 751 422 585 587 715 599 178 598
206 487 924 928 729 619 367 627 640 432 815 330 193 675 468 653 606 616 480 753 746 386 278 883 156 720 726 656 332 491 288 752 693 706 442 593 719 718 742 719 571 229 0 744 842 733 622 794 795 698 95 284 669 470 719 836 584 671 243 411 448 668 235 615 522 579 870 471 635 722 850 734 109 717
861 392 734 809 845 578 436 926 1056 554 624 796 874 241 373 684 637 561 346 562 627 798 869 764 618 1013 920 465 506 396 754 634 173 539 484 1047 528 757 551 865 253 609 744 0 724 383 785 941 361 813 814 750 478 702 528 645 1038 321 549 359 902 410 832 424 678 618 752 925 1051 73 500 543 694 864
694 512 191 136 543 1096 843 1118 755 908 332 536 718 898 493 1129 1082 260 466 224 132 496 702 91 720 711 619 426 808 516 592 133 830 286 604 746 417 455 356 564 500 723 842 724 0 662 483 639 734 511 912 591 415 400 388 353 736 600 702 887 600 1067 665 421 376 316 78 624 749 730 779 539 792 562
849 330 672 748 783 881 661 937 995 727 563 776 863 516 311 947 900 500 284 500 566 736 857 702 606 951 859 403 626 335 742 572 489 477 422 986 466 695 490 804 191 598 733 383 662 0 723 879 352 751 802 738 416 640 466 583 976 99 520 662 840 713 820 363 616 556 690 864 989 389 182 481 682 802
473 573 624 569 132 963 710 940 313 775 587 316 497 959 554 996 949 257 527 401 387 276 481 524 500 269 177 487 675 577 371 393 891 346 665 387 478 175 417 122 561 503 622 785 483 723 0 197 795 100 691 371 476 180 449 608 309 661 586 754 380 1011 445 482 196 201 511 403 307 791 840 600 571 120
646 729 780 725 208 1135 883 1077 341 948 743 488 670 1115 710 1169 1122 413 683 557 543 448 654 680 672 298 205 643 848 733 544 549 1047 502 821 416 634 331 573 151 717 675 794 941 639 879 197 0 951 239 864 543 632 352 605 764 337 817 758 926 469 1184 617 638 369 357 667 540 336 947 996 756 744 149
912 402 744 819 855 629 488 977 1066 605 635 847 925 264 383 735 688 572 356 572 638 808 920 774 669 1023 930 475 557 407 805 644 310 549 494 1057 538 767 562 876 263 660 795 361 734 352 795 951 0 823 865 801 488 712 538 655 1048 290 592 410 912 461 883 435 688 628 762 936 1061 339 312 553 745 874
549 601 652 597 73 1038 786 1016 355 851 615 392 573 987 582 1072 1025 285 555 430 415 352 557 552 575 311 219 515 751 605 447 421 919 375 693 430 506 203 445 114 590 579 698 813 511 751 100 239 823 0 767 447 505 256 477 636 351 689 662 830 456 1087 520 510 272 229 539 479 349 819 868 629 647 162
276 556 994 997 799 689 436 696 710 502 885 400 262 745 537 722 675 686 549 822 815 455 348 952 226 790 796 726 401 561 358 822 762 775 512 663 788 787 812 789 641 298 95 814 912 802 691 864 865 767 0 354 738 539 789 905 653 740 312 480 518 738 304 685 592 648 940 541 704 791 920 803 178 787
141 492 732 677 479 625 372 632 387 438 695 240 165 681 473 658 611 365 485 510 495 132 149 632 162 466 473 595 337 497 198 501 698 455 448 340 586 467 525 468 577 234 284 750 591 738 371 543 801 447 354 0 585 219 557 716 330 676 248 416 194 674 112 590 271 328 619 218 381 727 855 709 233 466
687 266 485 501 536 850 597 873 748 662 375 530 711 652 247 883 836 253 220 313 319 490 695 456 542 705 612 49 562 271 585 326 584 179 358 739 83 449 93 557 255 534 669 478 415 416 476 632 488 505 738 585 0 394 69 396 730 354 456 641 594 821 658 90 370 310 444 617 742 484 533 150 618 555
321 490 541 486 288 810 558 788 420 623 504 164 345 866 471 844 797 174 444 319 304 124 329 441 347 425 332 404 523 495 219 310 808 264 582 373 395 276 334 277 479 351 470 702 400 640 180 352 712 256 539 219 394 0 366 525 364 578 434 602 228 859 292 399 80 137 428 251 415 708 757 518 419 275
659 316 529 473 509 900 647 923 720 713 426 502 683 703 298 934 887 225 270 306 291 462 667 428 593 677 584 80 613 321 557 298 634 151 408 711 71 421 65 529 305 584 719 528 388 466 449 605 538 477 789 557 69 366 0 446 702 404 506 691 566 871 631 140 342 282 416 589 715 535 584 200 668 528
818 433 212 416 668 1017 764 1040 879 830 62 661 842 819 414 1051 1003 384 387 254 345 621 826 371 709 836 743 383 729 438 716 351 751 362 525 870 446 580 433 688 422 701 836 645 353 583 608 764 655 636 905 716 396 525 446 0 861 521 623 808 725 988 790 342 501 441 319 748 874 651 700 461 785 687
432 792 877 822 320 925 672 765 82 737 840 425 457 980 773 958 911 510 780 655 640 277 441 777 462 162 168 740 637 797 481 646 998 600 748 104 731 443 670 262 815 534 584 1038 736 976 309 337 1048 351 653 330 730 364 702 861 0 914 548 716 157 974 404 735 416 469 764 228 76 1027 1093 854 533 210
787 268 610 686 721 819 599 875 933 665 501 714 801 454 249 885 838 438 222 438 504 674 795 640 544 889 797 341 564 273 681 510 427 416 360 924 404 633 428 742 129 536 671 321 600 99 661 817 290 689 740 676 354 578 404 521 914 0 458 600 778 651 758 301 554 494 628 802 927 327 221 419 620 740
359 274 712 787 693 424 171 447 605 236 603 294 372 479 255 457 410 539 267 540 605 350 367 742 116 684 690 443 136 278 252 612 497 517 229 557 506 682 529 683 359 108 243 549 702 520 586 758 592 662 312 248 456 434 506 623 548 458 0 215 412 473 330 402 486 543 730 436 599 526 637 521 192 681
527 459 897 972 861 407 103 592 773 220 788 462 540 290 440 441 394 725 452 725 790 518 535 927 284 852 858 628 179 464 420 797 307 702 415 725 691 850 714 851 544 276 411 359 887 662 754 926 410 830 480 416 641 602 691 808 716 600 215 0 580 283 498 588 654 711 915 604 767 336 622 706 360 849
297 656 741 686 451 789 536 629 213 601 704 289 321 845 637 822 775 375 644 519 504 141 305 641 326 293 299 604 501 661 345 511 862 464 612 166 595 476 535 393 679 398 448 902 600 840 380 469 912 456 518 194 594 228 566 725 157 778 412 580 0 838 268 599 280 337 629 92 207 891 957 718 397 341
784 717 1077 1153 1119 263 360 850 1030 439 968 720 798 237 698 393 346 905 689 905 971 776 793 1107 542 1110 1116 808 430 721 678 977 358 883 672 983 871 1100 895 1109 596 533 668 410 1067 713 1011 1184 461 1087 738 674 821 859 871 988 974 651 473 283 838 0 756 768 912 961 1095 861 1025 387 673 886 618 1107
62 574 806 751 552 707 454 714 460 520 769 322 83 763 556 741 693 439 567 583 569 206 73 706 244 540 546 669 419 579 280 575 780 528 530 413 660 541 599 542 659 316 235 832 665 820 445 617 883 520 304 112 658 292 631 790 404 758 330 498 268 756 0 664 345 402 693 291 455 809 938 782 281 540
693 213 431 507 542 796 544 819 754 609 322 535 717 599 194 830 783 259 166 259 325 495 701 462 489 710 618 77 509 217 591 331 531 237 305 745 140 454 163 563 201 480 615 424 421 363 482 638 435 510 685 590 90 399 140 342 735 301 402 588 599 768 664 0 375 315 449 623 748 431 480 155 565 561
374 466 517 462 304 863 610 840 473 676 480 216 398 852 447 897 849 150 420 295 280 176 382 417 400 441 348 380 575 471 272 286 784 240 558 426 371 252 310 294 455 403 522 678 376 616 196 369 688 272 592 271 370 80 342 501 416 554 486 654 280 912 345 375 0 113 404 304 467 684 733 494 472 292
430 406 457 402 261 920 667 897 473 732 420 273 455 792 387 953 906 90 360 235 220 233 439 357 457 429 337 320 632 410 328 226 724 180 498 482 311 174 250 282 395 460 579 618 316 556 201 357 628 229 648 328 310 137 282 441 469 494 543 711 337 961 402 315 113 0 344 361 467 624 673 434 528 280
722 540 157 142 571 1124 871 1147 783 936 298 564 746 926 521 1157 1110 288 494 252 160 524 730 97 748 739 647 454 836 545 620 161 858 314 632 774 445 483 384 592 529 751 870 752 78 690 511 667 762 539 940 619 444 428 416 319 764 628 730 915 629 1095 693 449 404 344 0 652 777 758 807 568 820 590
320 680 765 709 511 812 560 577 285 625 728 313 344 868 661 846 799 398 668 542 528 165 328 664 349 365 371 628 525 684 368 534 886 487 635 238 619 500 558 465 702 422 471 925 624 864 403 540 936 479 541 218 617 251 589 748 228 802 436 604 92 861 291 623 304 361 652 0 279 915 981 741 421 413
483 839 890 835 318 976 723 815 37 788 853 476 508 1031 820 1009 962 523 793 667 653 328 492 790 513 160 166 753 688 843 532 659 1049 613 798 155 744 441 683 261 827 585 635 1051 749 989 307 336 1061 349 704 381 742 415 715 874 76 927 599 767 207 1025 455 748 467 467 777 279 0 1057 1106 866 584 208
838 398 740 816 851 555 414 904 1063 531 631 774 852 218 380 661 614 568 352 569 634 804 846 771 595 1019 927 472 483 403 731 640 150 546 490 1036 534 763 558 872 260 587 722 73 730 389 791 947 339 819 791 727 484 708 535 651 1027 327 526 336 891 387 809 431 684 624 758 915 1057 0 506 549 671 870
966 447 789 865 900 841 700 1054 1112 817 680 893 980 476 429 947 900 617 401 618 683 853 974 820 724 1068 976 521 744 452 860 689 522 595 539 1103 583 812 607 921 309 715 850 500 779 182 840 996 312 868 920 855 533 757 584 700 1093 221 637 622 957 673 938 480 733 673 807 981 1106 506 0 598 799 919
811 331 549 625 660 915 662 938 872 727 440 654 835 717 312 948 901 377 285 378 443 614 819 580 607 828 736 137 627 335 709 450 649 310 423 863 200 573 223 681 320 599 734 543 539 481 600 756 553 629 803 709 150 518 200 461 854 419 521 706 718 886 782 155 494 434 568 741 866 549 598 0 683 679
252 436 874 877 679 569 316 576 590 381 765 280 238 625 417 602 555 566 429 702 695 335 324 832 106 670 676 605 281 441 238 702 642 655 392 543 668 667 692 669 521 178 109 694 792 682 571 744 745 647 178 233 618 419 668 785 533 620 192 360 397 618 281 565 472 528 820 421 584 671 799 683 0 667
569 652 703 648 131 1058 806 949 214 871 666 411 593 1038 633 1092 1045 336 606 480 466 371 577 603 595 171 78 566 771 656 467 472 970 425 744 289 557 254 496 74 640 598 717 864 562 802 120 149 874 162 787 466 555 275 528 687 210 740 681 849 341 1107 540 561 292 280 590 413 208 870 919 679 667 0
EOF