NAME : tsp_problem
TYPE : TSP
DIMENSION : 62
EDGE_WEIGHT_TYPE : EXPLICIT
EDGE_WEIGHT_FORMAT : FULL_MATRIX
EDGE_WEIGHT_SECTION
0 401 649 800 909 411 1043 746 58 145 575 747 776 717 706 689 585 800 612 833 340 512 710 528 667 695 35 783 742 416 1073 776 683 717 580 726 659 378 766 84 712 603 311 126 628 407 490 964 689 60 905 307 844 686 142 934 961 506 696 625 700 346
401 0 599 783 892 48 1025 728 432 323 404 730 726 700 656 639 568 783 595 816 128 495 538 511 650 645 409 766 691 399 1056 726 666 700 563 676 487 104 749 356 541 431 187 343 610 149 473 947 517 434 855 404 827 669 358 862 944 334 679 608 650 329
649 599 0 579 614 623 483 758 680 571 298 602 154 416 84 67 607 233 683 581 483 583 297 505 738 73 657 491 120 268 552 154 381 730 651 105 246 609 779 604 299 196 502 591 483 550 562 566 276 682 283 521 623 699 606 443 401 366 552 697 79 418
800 783 579 0 238 793 455 546 831 722 850 206 692 198 623 605 395 367 616 162 887 496 849 293 671 611 808 112 658 638 402 458 216 518 584 497 798 760 567 755 851 748 927 742 207 909 478 293 828 833 567 672 86 487 758 965 497 918 127 630 617 515
909 892 614 238 0 902 262 655 940 831 885 315 727 275 657 640 504 445 725 97 996 605 884 402 780 646 917 190 693 747 209 490 294 627 693 575 833 869 676 864 886 782 1036 851 316 1018 587 100 863 942 599 781 177 596 866 862 304 953 236 738 652 623
411 48 623 793 902 0 1036 739 442 334 428 740 750 710 681 664 578 793 605 826 153 505 563 521 660 670 419 776 716 409 1066 750 676 710 573 701 512 114 759 366 566 456 212 353 621 174 483 957 542 444 879 414 837 679 369 887 954 359 689 618 675 339
1043 1025 483 455 262 1036 0 789 1074 965 754 533 596 447 526 509 638 418 859 315 939 739 753 536 914 515 1051 407 562 724 200 359 412 760 827 451 702 1003 810 998 755 652 958 984 514 1006 721 214 732 1076 468 915 395 729 1000 732 173 822 454 872 521 757
746 728 758 546 655 739 789 0 777 668 942 493 872 464 802 785 224 547 285 580 833 442 941 275 244 791 753 530 837 584 820 638 429 205 320 677 890 706 89 701 943 840 872 687 374 855 424 711 920 779 746 618 591 105 703 1103 708 1010 443 330 796 460
58 432 680 831 940 442 1074 777 0 176 607 778 807 749 738 720 617 831 644 865 371 544 742 560 699 726 46 814 773 447 1105 807 714 748 611 758 690 409 798 116 744 634 342 157 659 438 522 996 720 51 936 339 876 717 173 966 993 537 728 657 732 378
145 323 571 722 831 334 965 668 176 0 635 669 698 640 629 612 508 723 535 756 400 435 695 451 590 617 153 706 664 339 996 698 605 639 502 649 644 301 689 144 698 594 371 186 550 450 413 887 674 178 827 189 767 608 202 857 884 566 619 548 623 269
575 404 298 850 885 428 754 942 607 635 0 873 425 687 355 338 782 504 809 852 288 708 297 725 863 344 583 762 391 393 823 425 652 913 776 376 246 484 963 531 299 196 307 510 754 355 687 837 276 609 554 646 894 882 496 562 672 127 823 822 350 543
747 730 602 206 315 740 533 493 778 669 873 0 715 275 646 629 342 390 563 240 834 443 872 240 618 634 755 189 681 585 480 481 273 465 531 520 821 707 514 702 874 771 874 689 154 856 425 371 851 780 590 619 251 434 704 988 552 941 103 577 640 462
776 726 154 692 727 750 596 872 807 698 425 715 0 529 95 112 720 346 810 695 610 710 424 618 865 106 784 605 59 395 665 267 494 843 778 218 373 736 892 731 426 323 629 718 596 677 689 679 403 809 180 648 736 812 733 570 515 493 665 824 101 545
717 700 416 198 275 710 447 464 749 640 687 275 529 0 459 442 313 204 534 200 805 414 686 211 589 448 725 110 495 556 440 295 52 435 501 334 634 677 485 673 688 584 844 659 189 826 396 331 664 751 404 590 242 404 675 802 365 754 196 547 454 432
706 656 84 623 657 681 526 802 738 629 355 646 95 459 0 45 651 276 741 625 540 641 354 548 796 51 714 535 61 326 596 198 425 773 708 148 303 666 823 661 357 253 559 648 527 607 619 610 333 739 224 579 667 742 664 500 445 423 595 754 46 475
689 639 67 605 640 664 509 785 720 612 338 629 112 442 45 0 634 259 724 608 523 624 337 531 779 34 697 518 78 309 578 180 407 756 691 131 286 649 805 644 340 236 542 631 509 590 602 593 316 722 241 562 650 725 647 483 428 406 578 737 40 458
585 568 607 395 504 578 638 224 617 508 782 342 720 313 651 634 0 395 271 429 673 291 781 124 326 639 593 378 686 424 669 486 278 195 239 525 730 546 245 541 783 679 712 527 223 694 273 560 760 619 595 458 439 164 543 943 556 849 292 284 645 300
800 783 233 367 445 793 418 547 831 723 504 390 346 204 276 259 395 0 616 370 689 496 503 293 671 265 808 280 312 474 488 250 169 518 584 151 452 760 567 755 505 402 708 742 271 756 478 501 482 833 376 672 411 487 758 649 337 572 340 630 271 515
612 595 683 616 725 605 859 285 644 535 809 563 810 534 741 724 271 616 0 650 700 423 808 345 107 729 620 599 776 451 890 707 499 421 87 746 756 572 249 567 810 706 739 554 444 721 402 781 786 645 816 485 660 321 570 969 777 876 513 97 735 327
833 816 581 162 97 826 315 580 865 756 852 240 695 200 625 608 429 370 650 0 921 530 851 326 705 614 841 114 660 672 262 461 218 551 617 500 800 793 601 789 854 750 960 775 241 942 512 153 830 867 569 706 101 520 791 916 357 920 161 663 619 548
340 128 483 887 996 153 939 833 371 400 288 834 610 805 540 523 673 689 700 921 0 600 423 616 754 529 348 870 576 503 1008 610 770 804 667 560 371 208 854 295 425 315 71 274 715 79 578 1022 401 373 739 508 932 773 261 746 857 218 784 713 534 434
512 495 583 496 605 505 739 442 544 435 708 443 710 414 641 624 291 496 423 530 600 0 708 225 478 629 520 479 676 351 770 588 379 413 391 627 656 472 463 467 710 606 639 454 324 621 46 661 686 545 696 385 541 382 470 869 658 776 393 437 635 227
710 538 297 849 884 563 753 941 742 695 297 872 424 686 354 337 781 503 808 851 423 708 0 724 862 343 718 761 390 392 822 424 651 912 775 375 101 619 962 666 86 135 442 644 753 490 686 836 62 743 553 645 893 881 631 561 671 333 822 821 349 542
528 511 505 293 402 521 536 275 560 451 725 240 618 211 548 531 124 293 345 326 616 225 724 0 400 537 536 276 584 367 567 384 176 246 312 423 673 489 296 484 726 622 655 470 121 637 207 458 703 562 493 401 337 215 486 886 454 793 189 358 543 243
667 650 738 671 780 660 914 244 699 590 863 618 865 589 796 779 326 671 107 705 754 478 862 400 0 784 675 654 831 506 945 762 554 379 142 801 811 627 207 622 865 761 794 609 499 776 457 836 841 700 871 540 715 280 625 1024 832 931 568 152 790 382
695 645 73 611 646 670 515 791 726 617 344 634 106 448 51 34 639 265 729 614 529 629 343 537 784 0 703 524 72 314 584 186 413 762 697 137 292 655 811 650 345 242 548 637 515 596 608 599 322 728 235 567 655 731 652 489 434 412 584 743 45 464
35 409 657 808 917 419 1051 753 46 153 583 755 784 725 714 697 593 808 620 841 348 520 718 536 675 703 0 791 749 424 1081 784 691 725 588 734 667 386 774 92 720 611 319 134 636 415 498 972 697 48 913 315 852 694 150 942 969 514 704 633 708 354
783 766 491 112 190 776 407 530 814 706 762 189 605 110 535 518 378 280 599 114 870 479 761 276 654 524 791 0 570 621 354 371 128 501 567 410 710 743 550 738 764 660 910 725 190 892 461 245 740 816 479 655 156 470 741 877 441 830 110 613 529 498
742 691 120 658 693 716 562 837 773 664 391 681 59 495 61 78 686 312 776 660 576 676 390 584 831 72 749 570 0 361 631 233 460 809 744 184 339 702 858 697 392 288 595 683 562 643 654 645 369 775 188 614 702 778 699 536 480 458 631 790 66 511
416 399 268 638 747 409 724 584 447 339 393 585 395 556 326 309 424 474 451 672 503 351 392 367 506 314 424 621 361 0 793 395 521 555 418 346 341 376 605 371 395 291 543 358 466 525 329 803 371 449 524 289 683 524 374 554 643 461 535 464 320 185
1073 1056 552 402 209 1066 200 820 1105 996 823 480 665 440 596 578 669 488 890 262 1008 770 822 567 945 584 1081 354 631 793 0 428 458 791 857 520 771 1034 841 1029 824 721 1027 1015 481 1075 752 161 801 1107 537 946 341 760 1031 801 242 891 401 903 590 788
776 726 154 458 490 750 359 638 807 698 425 481 267 295 198 180 486 250 707 461 610 588 424 384 762 186 784 371 233 395 428 0 260 609 675 122 373 736 658 731 426 323 629 718 362 677 570 443 403 809 170 648 502 578 733 570 278 493 431 721 192 545
683 666 381 216 294 676 412 429 714 605 652 273 494 52 425 407 278 169 499 218 770 379 651 176 554 413 691 128 460 521 458 260 0 401 467 299 600 643 450 638 653 550 810 625 154 792 361 349 630 716 369 555 260 370 640 767 330 720 214 512 419 397
717 700 730 518 627 710 760 205 748 639 913 465 843 435 773 756 195 518 421 551 804 413 912 246 379 762 725 501 809 555 791 609 401 0 395 648 861 677 225 672 914 811 844 659 345 826 395 682 891 750 718 589 562 145 674 1074 679 981 414 441 767 432
580 563 651 584 693 573 827 320 611 502 776 531 778 501 708 691 239 584 87 617 667 391 775 312 142 697 588 567 744 418 857 675 467 395 0 714 724 540 283 535 777 674 707 522 412 689 369 748 754 613 784 452 628 356 537 937 745 844 480 100 703 294
726 676 105 497 575 701 451 677 758 649 376 520 218 334 148 131 525 151 746 500 560 627 375 423 801 137 734 410 184 346 520 122 299 648 714 0 324 686 697 682 377 273 580 668 401 627 609 535 353 760 262 599 541 617 684 521 370 443 470 760 143 495
659 487 246 798 833 512 702 890 690 644 246 821 373 634 303 286 730 452 756 800 371 656 101 673 811 292 667 710 339 341 771 373 600 861 724 324 0 568 910 614 103 84 390 593 702 438 634 785 80 692 502 594 842 830 579 509 620 282 771 770 297 491
378 104 609 760 869 114 1003 706 409 301 484 707 736 677 666 649 546 760 572 793 208 472 619 489 627 655 386 743 702 376 1034 736 643 677 540 686 568 0 726 333 621 511 268 320 588 230 450 925 598 411 865 381 804 646 336 895 921 415 656 586 660 307
766 749 779 567 676 759 810 89 798 689 963 514 892 485 823 805 245 567 249 601 854 463 962 296 207 811 774 550 858 605 841 658 450 225 283 697 910 726 0 721 964 860 893 708 395 875 445 732 940 799 767 639 611 125 724 1123 728 1030 464 293 817 481
84 356 604 755 864 366 998 701 116 144 531 702 731 673 661 644 541 755 567 789 295 467 666 484 622 650 92 738 697 371 1029 731 638 672 535 682 614 333 721 0 668 558 266 81 583 362 446 920 644 117 860 307 799 641 97 890 916 461 652 581 656 302
712 541 299 851 886 566 755 943 744 698 299 874 426 688 357 340 783 505 810 854 425 710 86 726 865 345 720 764 392 395 824 426 653 914 777 377 103 621 964 668 0 138 444 647 755 492 688 839 55 746 555 648 896 883 633 563 674 335 824 823 351 544
603 431 196 748 782 456 652 840 634 594 196 771 323 584 253 236 679 402 706 750 315 606 135 622 761 242 611 660 288 291 721 323 550 811 674 273 84 511 860 558 138 0 334 537 652 382 584 735 114 636 452 544 792 780 523 459 570 225 720 719 247 440
311 187 502 927 1036 212 958 872 342 371 307 874 629 844 559 542 712 708 739 960 71 639 442 655 794 548 319 910 595 543 1027 629 810 844 707 580 390 268 893 266 444 334 0 245 754 138 617 1041 420 344 758 507 971 813 232 765 876 237 823 752 554 473
126 343 591 742 851 353 984 687 157 186 510 689 718 659 648 631 527 742 554 775 274 454 644 470 609 637 134 725 683 358 1015 718 625 659 522 668 593 320 708 81 647 537 245 0 569 341 432 906 623 159 846 322 786 628 76 876 903 440 638 567 642 288
628 610 483 207 316 621 514 374 659 550 754 154 596 189 527 509 223 271 444 241 715 324 753 121 499 515 636 190 562 466 481 362 154 345 412 401 702 588 395 583 755 652 754 569 0 737 306 372 732 661 471 500 251 314 585 869 432 822 104 457 521 342
407 149 550 909 1018 174 1006 855 438 450 355 856 677 826 607 590 694 756 721 942 79 621 490 637 776 596 415 892 643 525 1075 677 792 826 689 627 438 230 875 362 492 382 138 341 737 0 599 1073 468 440 806 530 953 795 327 813 924 285 805 734 601 455
490 473 562 478 587 483 721 424 522 413 687 425 689 396 619 602 273 478 402 512 578 46 686 207 457 608 498 461 654 329 752 570 361 395 369 609 634 450 445 446 688 584 617 432 306 599 0 643 664 524 678 363 523 364 448 847 640 754 375 415 613 205
964 947 566 293 100 957 214 711 996 887 837 371 679 331 610 593 560 501 781 153 1022 661 836 458 836 599 972 245 645 803 161 443 349 682 748 535 785 925 732 920 839 735 1041 906 372 1073 643 0 815 998 552 837 232 651 922 815 256 905 292 794 604 679
689 517 276 828 863 542 732 920 720 674 276 851 403 664 333 316 760 482 786 830 401 686 62 703 841 322 697 740 369 371 801 403 630 891 754 353 80 598 940 644 55 114 420 623 732 468 664 815 0 722 532 624 872 860 609 539 650 312 801 800 327 521
60 434 682 833 942 444 1076 779 51 178 609 780 809 751 739 722 619 833 645 867 373 545 743 562 700 728 48 816 775 449 1107 809 716 750 613 760 692 411 799 117 746 636 344 159 661 440 524 998 722 0 938 341 877 719 175 968 994 539 730 659 734 380
905 855 283 567 599 879 468 746 936 827 554 590 180 404 224 241 595 376 816 569 739 696 553 493 871 235 913 479 188 524 537 170 369 718 784 262 502 865 767 860 555 452 758 846 471 806 678 552 532 938 0 777 611 687 862 699 387 622 540 830 230 674
307 404 521 672 781 414 915 618 339 189 646 619 648 590 579 562 458 672 485 706 508 385 645 401 540 567 315 655 614 289 946 648 555 589 452 599 594 381 639 307 648 544 507 322 500 530 363 837 624 341 777 0 717 558 338 807 834 702 569 498 573 219
844 827 623 86 177 837 395 591 876 767 894 251 736 242 667 650 439 411 660 101 932 541 893 337 715 655 852 156 702 683 341 502 260 562 628 541 842 804 611 799 896 792 971 786 251 953 523 232 872 877 611 717 0 531 802 995 437 962 172 674 661 559
686 669 699 487 596 679 729 105 717 608 882 434 812 404 742 725 164 487 321 520 773 382 881 215 280 731 694 470 778 524 760 578 370 145 356 617 830 646 125 641 883 780 813 628 314 795 364 651 860 719 687 558 531 0 643 1043 648 950 383 366 736 401
142 358 606 758 866 369 1000 703 173 202 496 704 733 675 664 647 543 758 570 791 261 470 631 486 625 652 150 741 699 374 1031 733 640 674 537 684 579 336 724 97 633 523 232 76 585 327 448 922 609 175 862 338 802 643 0 892 919 426 654 583 658 304
697 630 200 752 787 655 656 865 728 619 330 775 327 589 257 240 705 406 731 754 514 631 329 648 786 246 705 664 293 316 725 327 554 836 699 278 277 657 885 652 331 227 533 639 656 581 610 739 307 730 456 569 796 805 654 0 574 397 725 745 252 466
961 944 401 497 304 954 173 708 993 884 672 552 515 365 445 428 556 337 777 357 857 658 671 454 832 434 969 441 480 643 242 278 330 679 745 370 620 921 728 916 674 570 876 903 432 924 640 256 650 994 387 834 437 648 919 650 0 740 496 791 439 676
506 334 366 918 953 359 822 1010 537 566 127 941 493 754 423 406 849 572 876 920 218 776 333 793 931 412 514 830 458 461 891 493 720 981 844 443 282 415 1030 461 335 225 237 440 822 285 754 905 312 539 622 702 962 950 426 629 740 0 890 890 417 610
696 679 552 127 236 689 454 443 728 619 823 103 665 196 595 578 292 340 513 161 784 393 822 189 568 584 704 110 631 535 401 431 214 414 480 470 771 656 464 652 824 720 823 638 104 805 375 292 801 730 540 569 172 383 654 938 496 890 0 526 590 411
625 608 697 630 738 618 872 330 657 548 822 577 824 547 754 737 284 630 97 663 713 437 821 358 152 743 633 613 790 464 903 721 512 441 100 760 770 586 293 581 823 719 752 567 457 734 415 794 800 659 830 498 674 366 583 983 791 890 526 0 748 340
700 650 79 617 652 675 521 796 732 623 350 640 101 454 46 40 645 271 735 619 534 635 349 543 790 45 708 529 66 320 590 192 419 767 703 143 297 660 817 656 351 247 554 642 521 601 613 604 327 734 230 573 661 736 658 495 439 417 590 748 0 469
346 329 418 515 623 339 757 460 378 269 543 462 545 432 475 458 300 515 327 548 434 227 542 243 382 464 354 498 511 185 788 545 397 432 294 495 491 307 481 302 544 440 473 288 342 455 205 679 521 380 674 219 559 401 304 704 676 610 411 340 469 0
EOF