NAME : tsp_problem
TYPE : TSP
DIMENSION : 24
EDGE_WEIGHT_TYPE : EXPLICIT
EDGE_WEIGHT_FORMAT : FULL_MATRIX
EDGE_WEIGHT_SECTION
0 458 603 803 650 751 293 741 449 525 1028 669 892 946 239 274 861 613 712 686 507 622 589 688
501 0 886 816 933 1016 637 1014 875 839 606 530 795 908 583 619 892 577 995 969 548 573 492 526
603 886 0 470 159 260 346 250 444 235 1175 733 756 613 413 365 370 386 221 195 953 395 704 752
803 816 470 0 373 258 546 255 737 528 793 351 325 182 613 565 133 389 282 467 1004 398 450 370
650 933 159 373 0 163 393 153 492 282 1108 666 659 516 461 412 273 433 124 157 1001 442 751 685
751 1016 260 258 163 0 494 67 592 383 993 551 543 401 561 513 158 534 94 257 1101 543 650 570
293 594 346 546 393 494 0 484 341 298 1146 703 728 689 103 68 604 356 455 429 644 365 674 723
741 1014 250 255 153 67 484 0 582 373 991 549 541 399 551 503 156 524 92 247 1092 533 648 568
449 832 444 737 492 592 341 582 0 252 1337 895 919 880 341 323 702 547 553 527 881 556 865 914
525 826 235 528 282 383 298 373 252 0 1128 686 710 671 335 317 493 338 344 318 875 347 656 705
1071 606 1175 793 1108 993 1146 991 1337 1128 0 501 771 885 1153 1164 868 910 1018 1202 1118 906 647 497
712 530 733 351 666 551 703 549 895 686 501 0 329 443 771 722 426 474 576 760 759 470 205 125
935 795 756 325 659 543 728 541 919 710 771 329 0 184 795 747 419 572 568 753 982 580 428 349
946 908 613 182 516 401 689 399 880 671 885 443 184 0 756 708 276 533 426 610 1095 542 542 462
239 540 413 613 461 561 103 551 341 335 1110 751 795 756 0 85 671 424 522 496 590 432 671 770
274 575 365 565 412 513 68 503 323 317 1145 722 747 708 85 0 623 375 473 447 625 384 693 741
861 892 370 133 273 158 604 156 702 493 868 426 419 276 671 623 0 465 183 367 1079 474 525 445
613 577 386 389 433 534 356 524 547 338 910 474 572 533 424 375 465 0 495 469 764 209 394 493
712 995 221 282 124 94 455 92 553 344 1018 576 568 426 522 473 183 495 0 218 1062 504 675 595
686 969 195 467 157 257 429 247 527 318 1202 760 753 610 496 447 367 469 218 0 1036 477 786 780
317 634 886 1086 933 1034 576 1024 552 737 1204 845 1068 1181 522 557 1144 850 995 969 0 846 765 864
622 573 395 398 442 543 365 533 556 347 906 470 580 542 432 384 474 209 504 477 760 0 390 489
632 492 704 450 751 650 674 648 865 656 647 205 428 542 715 693 525 394 675 786 679 390 0 224
731 526 752 370 685 570 723 568 914 705 497 125 349 462 790 741 445 493 595 780 778 489 224 0
EOF