NAME : tsp_problem
TYPE : TSP
DIMENSION : 22
EDGE_WEIGHT_TYPE : EXPLICIT
EDGE_WEIGHT_FORMAT : FULL_MATRIX
EDGE_WEIGHT_SECTION
0 780 534 426 444 323 570 677 1020 937 927 719 700 624 933 455 592 418 1035 1346 1352 413
780 0 419 552 618 769 744 658 379 559 606 238 142 707 555 629 749 501 657 749 755 527
534 419 0 306 373 523 474 351 659 930 432 358 513 401 926 383 442 487 1028 851 857 282
426 552 306 0 309 459 435 542 792 784 699 490 547 488 780 319 457 265 882 1118 1124 73
444 618 373 309 0 433 238 345 858 1009 660 557 712 292 1005 123 260 490 1107 1184 1191 285
323 769 523 459 433 0 558 666 1009 1002 916 707 765 612 999 443 581 484 1101 1335 1341 435
570 744 474 435 238 558 0 165 892 1135 480 683 837 112 1131 153 101 616 1233 1034 1040 410
677 658 351 542 345 666 165 0 769 1169 357 670 751 107 1165 261 133 723 1267 911 918 518
1020 379 659 792 858 1009 892 769 0 812 717 478 459 818 808 869 860 754 910 452 459 767
866 552 923 729 954 948 1080 1161 805 0 1109 741 464 1134 295 965 1102 552 799 1175 1182 716
927 606 432 699 660 916 480 357 717 1117 0 705 699 406 1113 575 448 880 1215 859 866 675
719 238 358 490 557 707 683 670 478 749 705 0 331 719 745 568 705 672 847 848 855 466
743 142 513 590 712 809 837 751 459 472 699 331 0 801 468 722 842 413 570 829 836 577
624 707 401 488 292 612 112 107 818 1189 406 719 801 0 1185 207 79 670 1287 961 967 464
739 425 796 602 828 821 953 1034 678 172 982 615 338 1007 0 838 976 426 673 1049 1055 590
455 629 383 319 123 443 153 261 869 1020 575 568 722 207 1016 0 175 501 1118 1129 1136 295
592 749 442 457 260 581 101 133 860 1157 448 705 842 79 1153 175 0 638 1255 1002 1008 433
418 457 487 265 490 484 616 723 711 607 880 647 370 670 603 501 638 0 705 1081 1087 252
1724 1762 2056 1833 2058 1970 2184 2292 2015 1645 2320 1952 1675 2238 1641 2069 2206 1656 0 2386 2392 1820
1346 749 851 1118 1184 1335 1034 911 452 1183 859 848 829 961 1179 1129 1002 1124 1281 0 82 1093
1352 755 857 1124 1191 1341 1040 918 459 1189 866 855 836 967 1185 1136 1008 1131 1287 82 0 1100
413 527 282 73 285 435 410 518 767 771 675 466 534 464 767 295 433 252 869 1093 1100 0
EOF