NAME : tsp_problem
TYPE : TSP
DIMENSION : 36
EDGE_WEIGHT_TYPE : EXPLICIT
EDGE_WEIGHT_FORMAT : FULL_MATRIX
EDGE_WEIGHT_SECTION
0 185 1045 634 706 540 541 872 720 456 329 590 852 1064 693 847 564 782 768 880 349 543 671 692 638 726 184 896 532 893 658 775 645 325 960 339
185 0 1160 482 587 655 390 824 834 570 444 704 804 1023 542 800 516 896 882 833 463 392 519 645 753 678 146 849 646 845 506 728 597 173 1075 454
1038 1152 0 1025 911 888 1100 524 687 668 814 992 899 627 985 846 838 626 1170 579 833 1110 972 700 812 697 1151 576 874 567 1106 822 849 1059 364 824
634 482 1079 0 158 852 128 553 874 701 641 901 440 752 113 435 315 936 1079 561 660 138 100 373 922 407 491 577 843 574 134 363 233 348 994 651
706 587 965 158 0 884 233 438 760 586 682 942 325 637 118 321 200 822 1120 447 701 243 106 259 807 293 596 463 869 460 239 249 118 453 880 692
540 655 896 852 884 0 760 795 246 443 270 164 1029 915 912 1025 741 308 342 849 266 762 889 869 158 903 654 847 61 838 876 952 822 562 811 294
541 390 1154 128 233 760 0 628 939 675 549 809 515 827 188 510 389 1001 987 636 568 67 165 448 858 482 399 652 751 649 152 438 308 255 1069 559
872 824 579 553 438 752 628 0 550 532 677 855 427 335 513 374 365 489 1033 123 697 638 500 228 675 225 833 121 737 111 634 350 377 690 494 687
720 834 695 874 760 246 939 594 0 351 455 349 905 714 834 901 617 177 527 648 451 941 822 746 169 766 833 646 231 636 955 829 698 741 610 479
456 570 676 701 586 443 675 575 351 0 232 493 732 695 661 727 444 413 671 629 252 677 648 572 398 606 569 627 434 618 782 655 525 477 591 242
329 444 822 641 682 270 549 721 455 232 0 319 827 841 700 823 539 517 497 775 125 551 678 668 368 702 443 773 261 763 665 751 620 351 736 116
590 704 999 901 942 164 809 898 349 493 319 0 1087 1018 961 1083 800 411 278 952 315 811 939 928 261 962 703 950 155 941 925 1011 881 611 914 343
852 804 953 440 325 1029 515 427 905 732 827 1087 0 531 400 195 345 864 1266 435 846 524 387 399 952 396 813 451 1014 448 521 118 245 670 868 837
1021 1023 699 752 637 872 827 335 671 652 798 975 531 0 712 376 564 610 1153 389 817 837 699 427 796 424 1032 386 857 377 833 454 576 889 614 808
693 542 1039 113 118 912 188 513 834 661 700 961 400 712 0 395 274 896 1139 521 720 197 60 333 881 367 550 537 903 534 194 323 193 407 954 710
847 800 901 435 321 1025 510 374 873 727 823 1083 195 376 395 0 341 812 1261 383 842 520 383 346 948 343 809 399 1010 395 517 119 241 665 816 833
564 516 892 315 200 741 389 365 617 444 539 800 345 564 274 341 0 679 978 374 559 399 262 186 665 220 525 390 726 387 396 269 138 382 807 549
782 896 634 936 822 308 1001 533 177 413 517 411 907 653 896 855 679 0 589 587 513 1003 884 708 231 705 895 585 293 575 1017 831 760 803 549 541
768 882 1177 1079 1120 342 987 1076 527 671 497 278 1266 1197 1139 1261 978 589 0 1131 493 989 1117 1106 440 1140 881 1128 333 1119 1103 1189 1059 789 1092 521
880 833 633 561 447 806 636 123 605 586 732 909 435 389 521 383 374 544 1087 0 751 646 509 236 730 233 841 175 791 166 643 359 385 698 548 742
349 463 841 660 701 266 568 740 451 252 125 315 846 860 720 842 559 513 493 794 0 570 697 687 363 721 462 792 257 783 684 770 640 370 756 135
543 392 1164 138 243 762 67 638 941 677 551 811 524 837 197 520 399 1003 989 646 570 0 175 458 860 492 401 662 753 659 162 448 318 258 1079 561
671 519 1027 100 106 889 165 500 822 648 678 939 387 699 60 383 262 884 1117 509 697 175 0 321 869 355 528 525 880 521 172 311 180 385 942 688
692 645 754 373 259 869 448 228 726 572 668 928 399 427 333 346 186 665 1106 236 687 458 321 0 793 133 653 252 854 249 455 322 197 510 669 678
638 753 819 922 807 158 858 719 169 398 368 261 952 839 881 948 665 231 440 773 363 860 869 793 0 827 751 771 143 761 974 876 745 660 734 392
726 678 751 407 293 903 482 225 723 606 702 962 396 424 367 343 220 662 1140 233 721 492 355 133 827 0 687 249 888 246 488 319 231 544 666 712
184 146 1158 491 596 654 399 833 833 569 443 703 813 1032 550 809 525 895 881 841 462 401 528 653 751 687 0 857 645 854 515 736 606 182 1073 452
896 849 631 577 463 804 652 121 602 584 729 907 451 386 537 399 390 541 1085 175 748 662 525 252 727 249 857 0 789 163 659 375 401 714 546 739
532 646 881 843 869 61 751 780 231 434 261 155 1014 900 903 1010 726 293 333 834 257 753 880 854 143 888 645 832 0 823 867 937 807 553 796 285
893 845 622 574 460 794 649 111 593 574 720 897 448 377 534 395 387 532 1076 166 739 659 521 249 718 246 854 163 779 0 655 371 398 711 536 730
658 506 1161 134 239 876 152 634 955 782 665 925 521 833 194 517 396 1017 1103 643 684 162 172 455 974 488 515 659 867 655 0 445 314 372 1076 675
775 728 877 363 249 952 438 350 829 655 751 1011 118 454 323 119 269 788 1189 359 770 448 311 322 876 319 736 375 937 371 445 0 169 593 792 761
645 597 903 233 118 822 308 377 698 525 620 881 245 576 193 241 138 760 1059 385 640 318 180 197 745 231 606 401 807 398 314 169 0 463 818 630
325 173 1066 348 453 562 255 690 741 477 351 611 670 889 407 665 382 803 789 698 370 258 385 510 660 544 182 714 553 711 372 593 463 0 981 361
1079 1193 490 959 845 929 1034 459 728 709 855 1033 763 316 919 608 772 667 1211 513 874 1044 907 634 853 631 1192 511 915 502 1041 686 783 1096 0 865
339 454 831 651 692 294 559 731 479 242 116 343 837 851 710 833 549 541 521 785 135 561 688 678 392 712 452 782 285 773 675 761 630 361 746 0
EOF