NAME : tsp_problem
TYPE : TSP
DIMENSION : 28
EDGE_WEIGHT_TYPE : EXPLICIT
EDGE_WEIGHT_FORMAT : FULL_MATRIX
EDGE_WEIGHT_SECTION
0 1015 1229 1030 963 944 833 968 1070 1793 1186 1557 1741 1347 535 579 571 1383 615 1762 1166 1748 559 1137 1067 568 258 1758
1015 0 258 449 387 368 572 122 330 822 291 1797 771 507 838 670 656 583 623 791 425 778 639 225 326 654 988 1998
1229 258 0 386 601 582 759 336 544 591 310 1984 540 386 1051 856 870 462 809 560 491 547 852 440 540 867 1202 2184
1032 449 386 0 732 714 389 467 675 786 310 1614 851 663 865 487 684 738 439 848 738 835 666 390 672 681 1005 1814
963 387 601 732 0 87 856 340 163 1164 634 2081 1018 674 624 836 443 476 715 1133 259 1120 502 509 160 440 788 2281
944 368 582 714 87 0 837 321 178 1146 616 2062 1033 689 605 817 424 491 696 1115 274 1102 483 490 175 421 769 2263
833 570 757 387 854 835 0 589 797 1158 543 1481 1222 1034 802 370 626 1109 381 1220 892 1206 608 512 793 623 807 1681
968 122 336 467 340 321 591 0 283 900 369 1816 849 521 791 688 609 595 610 869 378 856 591 243 279 606 941 2016
1070 330 544 675 163 178 799 283 0 1107 577 2024 926 582 732 872 551 384 751 1076 167 1063 610 451 21 548 895 2224
1793 822 591 868 1164 1146 1242 900 1107 0 873 2283 334 723 1615 1339 1434 799 1292 139 1055 190 1416 1003 1104 1431 1766 2484
1187 291 310 310 634 616 545 369 577 873 0 1770 822 587 1021 642 839 663 595 842 662 829 821 292 574 837 1161 1970
1023 1270 1457 1087 1554 1535 952 1289 1497 1836 1243 0 1901 1734 1246 851 1282 1809 961 1898 1592 1885 1219 1212 1493 1279 996 980
1741 771 540 857 1018 1033 1230 849 926 334 822 2341 0 671 1564 1327 1383 614 1280 303 873 290 1365 952 922 1380 1715 2541
1347 507 386 663 718 700 1036 521 661 722 587 2261 671 0 1169 1110 988 504 989 691 609 678 970 688 658 985 1320 2461
535 838 1051 863 624 605 802 791 732 1615 1019 1782 1564 1169 0 540 232 1044 440 1584 827 1571 220 959 728 229 360 1982
579 668 854 485 836 817 370 686 872 1255 640 1380 1320 1110 540 0 490 1184 135 1317 967 1304 400 610 868 487 552 1580
571 656 870 682 443 424 626 609 551 1434 838 1818 1383 988 232 490 0 863 368 1403 646 1390 110 778 547 34 396 2018
1383 583 462 739 476 491 1111 595 384 796 663 2336 614 270 1044 1184 863 0 1063 765 331 752 922 764 380 860 1208 2537
615 621 807 438 715 696 381 610 751 1208 593 1490 1273 989 440 135 368 1063 0 1270 846 1257 279 562 747 366 588 1690
1762 791 560 837 1133 1115 1211 869 1076 139 842 2252 303 692 1584 1308 1403 768 1261 0 1024 89 1385 972 1073 1400 1735 2453
1166 425 492 739 259 274 894 378 167 1055 663 2119 873 529 827 967 646 331 846 1024 0 1011 705 547 163 643 991 2320
1748 778 547 824 1120 1102 1197 856 1063 190 829 2239 290 679 1571 1295 1390 755 1248 89 1011 0 1372 959 1060 1387 1722 2440
559 639 852 664 502 483 608 591 610 1416 820 1750 1365 970 220 400 110 922 279 1385 705 1372 0 760 606 107 384 1950
1137 225 440 390 509 490 514 243 451 1003 292 1739 952 688 959 611 778 764 564 972 547 959 760 0 448 775 1110 1939
1067 326 540 672 160 175 795 279 21 1104 574 2020 922 578 728 868 547 380 747 1073 163 1060 606 448 0 544 892 2221
568 654 867 679 440 421 623 606 548 1431 835 1815 1380 985 229 487 34 860 366 1400 643 1387 107 775 544 0 393 2015
258 988 1202 1003 788 769 807 941 895 1766 1159 1531 1715 1320 360 552 396 1208 588 1735 991 1722 384 1110 892 393 0 1731
1666 1913 2100 1730 2197 2178 1595 1932 2140 2479 1886 710 2544 2377 1889 1494 1925 2452 1604 2541 2235 2528 1862 1855 2136 1922 1639 0
EOF