NAME : tsp_problem
TYPE : TSP
DIMENSION : 26
EDGE_WEIGHT_TYPE : EXPLICIT
EDGE_WEIGHT_FORMAT : FULL_MATRIX
EDGE_WEIGHT_SECTION
0 1440 541 1680 1453 1091 1080 1367 1524 364 131 1681 1533 1077 873 882 1502 1029 1231 525 1264 343 261 1131 1284 1164
1440 0 1205 756 134 639 650 241 623 1251 1399 758 157 704 862 847 151 683 262 1302 1137 1139 1253 838 1156 782
541 1192 0 1241 1155 697 686 1164 1417 577 470 1242 1119 638 766 456 1113 590 1028 160 825 613 579 692 845 725
1643 723 1204 0 686 1000 989 720 1281 1644 1577 86 606 775 1317 1042 644 753 864 1289 928 1532 1646 709 948 652
1453 134 1168 720 0 652 663 298 613 1264 1412 721 121 668 875 811 67 647 332 1265 1100 1152 1266 802 1120 745
1091 639 710 1034 652 0 57 565 866 901 1049 1035 695 484 513 352 689 464 430 849 1194 789 903 895 1214 838
1080 650 699 1023 663 57 0 576 877 890 1038 1024 684 473 502 341 678 453 441 838 1183 778 892 884 1203 827
1367 241 1177 753 298 565 576 0 733 1177 1325 755 263 701 788 819 256 680 167 1299 1134 1065 1179 835 1154 779
1524 623 1409 1315 613 866 877 733 0 1334 1482 1316 716 1262 946 1051 662 1242 617 1470 1695 1222 1336 1397 1715 1340
364 1251 577 1679 1264 901 890 1177 1334 0 266 1680 1343 1118 683 693 1313 1071 1042 534 1306 154 120 1172 1325 1205
131 1399 470 1614 1412 1049 1038 1325 1482 266 0 1616 1491 1011 831 841 1460 963 1189 427 1198 302 239 1065 1218 1098
1644 724 1205 86 687 1001 990 721 1282 1646 1579 0 608 776 1318 1043 645 754 866 1291 929 1533 1648 710 949 653
1533 157 1133 640 121 695 684 263 716 1343 1491 641 0 632 954 775 79 611 354 1230 1065 1231 1345 766 1084 710
1074 704 635 809 668 484 473 701 1262 1115 1008 810 632 0 801 527 625 138 846 720 934 1016 1117 635 954 578
873 862 758 1351 875 513 502 788 946 683 831 1352 954 801 0 400 924 781 653 819 1396 571 685 1212 1415 1155
901 845 388 1075 809 351 340 817 1070 712 837 1076 773 525 419 0 767 505 682 527 1025 600 714 892 1045 879
1502 151 1126 678 67 689 678 256 662 1313 1460 679 79 625 924 768 0 605 348 1223 1058 1200 1315 759 1078 703
1026 683 587 787 647 464 453 680 1242 1068 961 788 611 138 781 506 605 0 825 673 912 996 1070 612 931 556
1231 262 1041 898 332 430 441 167 617 1042 1189 899 354 846 653 683 348 825 0 1177 1279 930 1044 980 1298 923
525 1305 160 1326 1268 835 824 1302 1470 534 427 1328 1232 723 819 595 1226 676 1166 0 910 570 536 777 930 810
1264 1137 825 962 1100 1194 1183 1134 1695 1306 1198 964 1065 934 1403 1093 1058 912 1279 910 0 1341 1308 434 96 467
343 1139 613 1566 1152 789 778 1065 1222 154 302 1567 1231 1016 571 581 1200 996 930 570 1341 0 156 1208 1361 1241
261 1253 579 1681 1266 903 892 1179 1336 120 239 1682 1345 1120 685 695 1315 1073 1044 536 1308 156 0 1174 1327 1207
1131 838 692 743 802 895 884 835 1397 1172 1065 744 766 635 1212 937 759 612 980 777 434 1208 1174 0 454 78
1284 1156 845 982 1120 1214 1203 1154 1715 1325 1218 983 1084 954 1422 1113 1078 931 1298 930 96 1361 1327 454 0 487
1164 782 725 686 745 838 827 779 1340 1205 1098 688 710 578 1155 881 703 556 923 810 467 1241 1207 78 487 0
EOF