NAME : tsp_problem
TYPE : TSP
DIMENSION : 20
EDGE_WEIGHT_TYPE : EXPLICIT
EDGE_WEIGHT_FORMAT : FULL_MATRIX
EDGE_WEIGHT_SECTION
0 960 65 576 495 341 226 466 336 422 291 368 355 216 334 290 425 367 864 337
1288 0 1240 1535 1417 1490 1375 1388 1485 1571 1440 1283 1046 1365 1482 1439 1117 1515 835 1486
65 912 0 571 453 370 255 424 365 451 320 319 306 245 362 319 376 395 815 366
576 1215 562 0 342 406 456 313 391 493 455 289 609 450 399 498 679 432 1118 402
493 1097 444 342 0 325 374 115 309 411 374 202 491 368 317 417 561 350 1000 320
341 1162 370 406 325 0 187 296 166 113 187 356 556 181 48 230 626 81 1065 51
226 1046 255 456 374 187 0 345 216 240 109 405 441 37 180 108 511 213 950 183
464 1068 415 313 115 296 345 0 280 382 345 173 462 339 288 388 532 321 971 292
336 1156 365 391 309 166 216 280 0 180 215 341 551 209 159 258 621 191 1060 162
422 1242 451 493 411 113 240 382 180 0 162 442 637 233 116 221 707 90 1146 126
291 1112 320 455 374 187 109 345 215 162 0 405 506 103 179 90 576 175 1015 182
359 963 311 289 202 356 405 173 341 442 405 0 357 399 348 448 428 381 866 352
324 927 275 570 452 525 410 423 520 606 475 318 0 400 518 474 392 551 831 521
216 1036 245 450 368 181 37 339 209 233 103 399 431 0 174 101 501 207 940 177
334 1154 362 399 317 48 180 288 159 116 179 348 549 174 0 222 619 73 1058 44
290 1111 319 498 417 230 108 388 258 221 90 448 505 101 222 0 575 233 1014 226
694 1073 646 904 823 896 781 794 890 977 846 689 452 771 888 845 0 921 976 892
367 1187 395 432 350 81 213 321 191 90 175 381 581 207 73 233 652 0 1091 77
1011 654 962 1257 1139 1212 1097 1110 1207 1293 1162 1006 769 1087 1205 1161 839 1238 0 1208
337 1157 366 402 320 51 183 292 162 126 182 352 552 177 44 226 622 77 1061 0
EOF