NAME : tsp_problem
TYPE : TSP
DIMENSION : 48
EDGE_WEIGHT_TYPE : EXPLICIT
EDGE_WEIGHT_FORMAT : FULL_MATRIX
EDGE_WEIGHT_SECTION
0 1754 851 1729 1483 1271 1274 650 1201 1355 469 662 1797 291 1300 1212 1886 385 373 280 1453 448 1909 817 1124 1274 1358 1567 789 773 1579 658 1301 1602 814 1905 283 1461 1122 467 2869 1200 1075 1617 545 1741 866 547
1674 0 1564 123 619 646 882 1354 937 957 1762 1128 125 1688 2248 899 414 1523 1739 1677 1055 1752 437 1766 984 881 959 298 1191 1486 715 1132 623 739 1475 433 1680 386 2071 1314 3818 743 1095 641 1484 515 1527 1362
772 1564 0 1539 1293 1082 1084 261 1139 1166 449 472 1608 785 731 1102 1696 620 519 774 1263 439 1719 249 1187 1084 1168 1377 599 160 1390 468 1111 1413 257 1715 777 1271 554 421 2301 1011 1298 1427 317 1552 273 439
1649 123 1539 0 594 622 857 1329 912 932 1737 1103 166 1663 2223 874 310 1498 1714 1652 1030 1727 333 1741 959 857 935 194 1166 1461 691 1107 598 714 1450 329 1655 362 2046 1290 3793 718 1070 616 1459 411 1502 1338
1403 619 1293 594 0 376 611 1083 666 686 1491 857 663 1417 1977 628 751 1252 1468 1406 784 1481 743 1495 713 611 689 432 920 1215 208 861 352 227 1204 770 1409 326 1800 1044 3547 472 824 246 1213 462 1256 1092
1192 646 1082 622 376 0 399 871 454 328 1280 645 690 1205 1766 417 779 1040 1256 1194 425 1270 801 1283 502 399 330 460 709 1003 472 649 80 495 993 797 1197 353 1588 832 3335 114 612 510 1001 634 1044 880
1194 882 1084 857 611 399 0 874 389 483 1282 648 925 1208 1768 233 1014 1043 1259 1197 580 1272 1036 1286 437 334 485 695 711 1006 707 652 428 730 995 1033 1200 588 1591 835 3338 328 548 745 1004 869 1047 883
570 1354 261 1329 1083 871 874 0 929 955 459 262 1397 584 945 892 1486 419 529 573 1053 449 1509 463 977 874 958 1167 369 183 1179 258 901 1202 206 1505 576 1061 768 210 2515 800 1087 1217 328 1341 257 258
1249 937 1139 912 666 454 389 929 0 538 1337 703 980 1263 1823 245 1069 1098 1241 1252 635 1316 1091 1341 173 272 540 750 766 1061 762 707 483 785 1050 1088 1255 643 1646 890 3393 383 339 800 1059 924 1102 938
1276 957 1166 932 686 328 483 955 538 0 1363 729 1000 1289 1850 501 1089 1124 1340 1278 149 1354 1112 1367 586 483 150 770 793 1087 782 733 357 806 1077 1108 1281 664 1672 916 3419 257 696 820 1085 944 1128 964
458 1756 449 1731 1485 1274 1276 459 1331 1358 0 664 1799 648 882 1294 1888 512 122 637 1455 88 1911 399 1274 1276 1360 1569 791 370 1581 660 1303 1605 455 1907 640 1463 704 469 2451 1203 1224 1619 305 1743 471 426
582 1128 472 1103 857 645 648 262 703 729 670 0 1171 596 1156 666 1260 431 647 585 826 660 1283 674 751 648 731 941 363 394 953 75 674 976 426 1279 588 834 979 222 2726 574 861 991 392 1115 478 270
1718 125 1608 166 663 690 925 1397 980 1000 1805 1171 0 1731 2292 943 414 1566 1782 1720 1098 1796 480 1809 1028 925 1003 341 1234 1529 759 1175 666 782 1519 433 1723 430 2114 1358 3861 786 1138 684 1527 558 1570 1406
291 1688 785 1663 1417 1205 1208 584 1263 1289 727 596 1731 0 1262 1226 1820 317 630 73 1386 705 1843 779 1311 1208 1291 1501 723 707 1513 592 1234 1536 748 1839 215 1394 1084 400 2831 1134 1332 1551 479 1675 800 481
1236 2252 735 2227 1981 1769 1772 949 1827 1853 885 1160 2295 1265 0 1790 2384 1100 955 1255 1951 875 2407 515 1875 1772 1856 2065 1287 820 2077 1156 1799 2100 945 2403 1257 1959 428 1012 1877 1698 1986 2115 797 2239 961 919
1212 899 1102 874 628 417 233 892 245 501 1300 666 943 1226 1786 0 1031 1060 1252 1215 598 1290 1054 1304 292 352 503 712 729 1024 724 670 446 748 1013 1050 1217 606 1609 852 3355 346 403 762 1021 887 1065 900
1806 414 1696 310 751 779 1014 1486 1069 1089 1894 1260 414 1820 2380 1031 0 1655 1871 1809 1187 1884 479 1898 1116 1014 1092 341 1323 1618 848 1264 755 871 1607 56 1812 519 2203 1447 3950 875 1227 765 1616 558 1659 1495
385 1523 620 1498 1252 1040 1043 419 1098 1124 569 431 1566 317 1096 1060 1655 0 494 306 1221 559 1677 614 1145 1043 1126 1336 558 542 1348 426 1069 1371 583 1674 309 1229 919 235 2666 969 1196 1386 314 1510 635 316
361 1659 519 1634 1388 1177 1179 529 1234 1261 122 567 1703 551 952 1197 1791 415 0 540 1358 100 1814 469 1177 1179 1263 1472 694 440 1484 563 1206 1508 525 1810 543 1366 774 372 2521 1106 1127 1522 375 1646 541 453
280 1677 774 1652 1406 1194 1197 573 1252 1278 716 585 1720 73 1251 1215 1809 306 619 0 1376 695 1832 768 1300 1197 1281 1490 712 696 1502 581 1224 1526 737 1828 204 1384 1074 390 2820 1124 1322 1540 468 1664 789 471
1373 1055 1263 1030 784 425 580 1053 635 149 1461 826 1098 1386 1947 598 1187 1221 1437 1376 0 1451 1209 1465 683 580 150 868 890 1185 880 830 454 903 1174 1205 1378 761 1770 1013 3516 354 794 918 1182 1042 1226 1061
436 1734 439 1710 1463 1252 1254 449 1310 1336 88 642 1778 626 872 1272 1866 490 100 615 1433 0 1889 389 1252 1254 1338 1547 770 360 1560 638 1281 1583 445 1885 618 1441 694 447 2441 1181 1202 1598 295 1722 461 416
1829 437 1719 333 743 801 1036 1509 1091 1112 1917 1283 480 1843 2403 1054 479 1677 1893 1832 1209 1907 0 1921 1139 1036 1114 363 1346 1641 707 1287 778 730 1630 498 1834 541 2226 1469 3972 898 1250 517 1638 379 1682 1517
750 1766 249 1741 1495 1283 1286 463 1341 1367 399 674 1809 779 511 1304 1898 614 469 768 1465 389 1921 0 1389 1286 1370 1579 801 333 1591 670 1313 1614 458 1917 771 1473 333 526 2080 1212 1499 1629 311 1753 475 433
1247 984 1187 959 713 502 437 977 173 586 1261 751 1028 1311 1871 292 1116 1145 1165 1300 683 1240 1139 1389 0 423 588 797 814 1109 809 755 531 833 1098 1135 1302 691 1694 937 3440 431 193 847 1106 972 1150 985
1194 881 1084 857 611 399 334 874 272 483 1282 648 925 1208 1768 352 1014 1043 1258 1197 580 1272 1036 1286 423 0 485 694 711 1006 707 652 428 730 995 1032 1200 588 1591 834 3338 328 548 745 1003 869 1047 882
1278 959 1168 935 689 330 485 958 540 150 1366 731 1003 1291 1852 503 1092 1126 1342 1281 150 1356 1114 1370 588 485 0 773 795 1090 785 735 359 808 1079 1110 1283 666 1675 918 3421 259 699 823 1087 947 1131 966
1487 298 1377 194 432 460 695 1167 750 770 1575 941 341 1501 2061 712 341 1336 1552 1490 868 1565 363 1579 797 694 773 0 1004 1299 528 945 436 552 1288 359 1493 199 1884 1127 3631 556 908 454 1297 239 1340 1175
709 1191 599 1166 920 709 711 389 766 793 797 363 1234 723 1283 729 1323 558 774 712 890 787 1346 801 814 711 795 1004 0 521 1016 367 738 1040 397 1342 715 898 1106 350 2853 638 925 1054 519 1178 448 398
693 1486 160 1461 1215 1003 1006 183 1061 1087 370 394 1529 707 816 1024 1618 542 440 696 1185 360 1641 333 1109 1006 1090 1299 521 0 1311 390 1033 1334 178 1637 699 1193 639 342 2385 932 1219 1349 239 1473 195 360
1500 715 1390 691 208 472 707 1179 762 782 1587 953 759 1513 2073 724 848 1348 1564 1502 880 1577 707 1591 809 707 785 528 1016 1311 0 957 448 76 1300 866 1505 422 1896 1140 3643 568 920 210 1309 427 1352 1188
578 1132 468 1107 861 649 652 258 707 733 666 75 1175 592 1152 670 1264 426 642 581 830 656 1287 670 755 652 735 945 367 390 957 0 678 980 422 1283 583 838 975 218 2721 578 865 995 387 1119 474 266
1221 623 1111 598 352 80 428 901 483 357 1309 674 666 1234 1795 446 755 1069 1285 1224 454 1299 778 1313 531 428 359 436 738 1033 448 678 0 472 1022 774 1226 330 1618 861 3364 143 642 486 1030 610 1074 909
1523 739 1413 714 227 495 730 1202 785 806 1611 976 782 1536 2097 748 871 1371 1587 1526 903 1601 730 1614 833 730 808 552 1040 1334 76 980 472 0 1324 890 1528 445 1919 1163 3666 591 943 233 1332 450 1376 1211
760 1475 257 1450 1204 993 995 220 1050 1077 455 451 1519 773 941 1013 1607 608 525 762 1174 445 1630 458 1098 995 1079 1288 397 178 1300 447 1022 1324 0 1626 765 1182 763 400 2510 922 1209 1338 323 1462 72 445
1825 433 1715 329 770 797 1033 1505 1088 1108 1913 1279 433 1839 2399 1050 56 1674 1889 1828 1205 1903 498 1917 1135 1032 1110 359 1342 1637 866 1283 774 890 1626 0 1831 537 2222 1465 3969 894 1246 784 1635 577 1678 1513
283 1680 777 1655 1409 1197 1200 576 1255 1281 719 588 1723 215 1253 1217 1812 309 622 204 1378 697 1834 771 1302 1200 1283 1493 715 699 1505 583 1226 1528 740 1831 0 1386 1076 392 2823 1126 1324 1543 471 1667 791 473
1381 386 1271 362 326 353 588 1061 643 664 1469 834 430 1394 1955 606 519 1229 1445 1384 761 1459 541 1473 691 588 666 199 898 1193 422 838 330 445 1182 537 1386 0 1778 1021 3524 450 802 460 1190 374 1234 1069
1055 2071 554 2046 1800 1588 1591 768 1646 1672 704 979 2114 1084 424 1609 2203 919 774 1074 1770 694 2226 333 1694 1591 1675 1884 1106 639 1896 975 1618 1919 763 2222 1076 1778 0 831 1994 1517 1804 1934 616 2058 780 738
387 1314 421 1290 1044 832 835 210 890 916 519 222 1358 400 1008 852 1447 235 451 390 1013 509 1469 526 937 834 918 1127 350 342 1140 218 861 1163 374 1465 392 1021 831 0 2577 761 1048 1178 225 1302 426 158
2774 3790 2273 3765 3519 3308 3310 2487 3365 3391 2424 2698 3833 2803 1856 3328 3922 2638 2494 2793 3489 2414 3945 2053 3413 3310 3394 3603 2825 2358 3615 2694 3337 3639 2483 3941 2795 3497 1966 2550 0 3237 3524 3653 2336 3777 2499 2457
1121 743 1011 718 472 114 328 800 383 257 1209 574 786 1134 1695 346 875 969 1185 1124 354 1199 898 1212 431 328 259 556 638 932 568 578 143 591 922 894 1126 450 1517 761 3264 0 541 606 930 730 974 809
1198 1095 1298 1070 824 612 548 1087 339 696 1212 861 1138 1388 1982 403 1227 1252 1115 1377 794 1190 1250 1499 193 548 699 908 925 1219 920 865 642 943 1209 1246 1380 802 1804 1048 3551 541 0 958 1217 1082 1261 1096
1537 641 1427 616 246 510 745 1217 800 820 1625 991 684 1551 2111 762 765 1386 1602 1540 918 1615 517 1629 847 745 823 454 1054 1349 210 995 486 233 1338 784 1543 460 1934 1178 3681 606 958 0 1347 237 1390 1226
465 1484 317 1459 1213 1001 1004 328 1059 1085 305 392 1527 479 794 1021 1616 314 375 468 1182 295 1638 311 1106 1003 1087 1297 519 239 1309 387 1030 1332 323 1635 471 1190 616 225 2363 930 1217 1347 0 1471 340 133
1662 515 1552 411 462 634 869 1341 924 944 1749 1115 558 1675 2235 887 558 1510 1726 1664 1042 1739 379 1753 972 869 947 239 1178 1473 427 1119 610 450 1462 577 1667 374 2058 1302 3805 730 1082 237 1471 0 1514 1350
790 1527 273 1502 1256 1044 1047 237 1102 1128 471 481 1570 803 957 1065 1659 638 541 792 1226 461 1682 475 1150 1047 1131 1340 448 195 1352 477 1074 1376 72 1678 795 1234 780 430 2527 974 1261 1390 340 1514 0 462
468 1362 439 1338 1092 880 883 258 938 964 426 270 1406 481 915 900 1495 316 496 471 1061 416 1517 433 985 882 966 1175 398 360 1188 266 909 1211 422 1513 473 1069 738 158 2485 809 1096 1226 133 1350 462 0
EOF