NAME : tsp_problem
TYPE : TSP
DIMENSION : 26
EDGE_WEIGHT_TYPE : EXPLICIT
EDGE_WEIGHT_FORMAT : FULL_MATRIX
EDGE_WEIGHT_SECTION
0 1688 1148 1177 377 1472 991 1023 888 1002 1070 1758 783 424 4100 1522 208 1334 764 312 1274 721 948 1144 1254 1108
1688 0 597 678 2038 542 715 828 1717 905 693 225 1621 2085 2775 198 1849 843 1602 1973 436 1559 1777 708 469 725
1148 597 0 421 1498 378 193 292 1152 365 111 667 1081 1545 3009 431 1309 277 1062 1434 258 1019 1212 389 145 143
1177 678 447 0 1526 462 289 172 1214 280 368 748 1109 1574 3090 513 1337 632 1091 1462 264 1048 1274 49 346 406
377 2038 1498 1526 0 1821 1341 1372 1237 1351 1420 2107 1133 428 4449 1872 343 1683 1114 431 1623 1071 1297 1494 1603 1457
1472 542 378 462 1821 0 498 612 1259 689 469 612 1405 1869 2954 377 1633 384 1386 1757 247 1343 1318 492 250 501
991 715 193 246 1341 498 0 135 1029 208 115 784 924 1388 3126 549 1152 378 905 1276 301 862 1088 214 298 152
1023 830 292 172 1372 614 135 0 1060 126 214 900 955 1419 3242 665 1183 478 936 1308 416 894 1120 140 398 252
888 1726 1186 1214 1237 1246 1029 1060 0 1039 1108 1795 664 1285 4137 1560 1049 1137 380 1173 1312 419 82 1182 1291 1145
1002 905 365 280 1351 689 208 126 1039 0 287 975 935 1399 3317 739 1162 551 916 1287 491 873 1099 248 471 325
1070 693 111 343 1420 474 115 214 1108 287 0 762 1003 1467 3104 527 1231 291 984 1356 354 941 1168 311 240 65
1758 225 667 748 2107 612 784 897 1787 975 762 0 1690 2155 2845 267 1918 912 1672 2043 505 1629 1847 778 539 795
783 1621 1081 1109 1133 1405 924 955 664 935 1003 1690 0 1180 4032 1455 944 1267 540 1068 1207 497 723 1077 1187 1041
424 2085 1545 1574 428 1869 1388 1419 1285 1399 1467 2155 1180 0 4497 1919 390 1731 1161 318 1671 1118 1344 1541 1651 1505
4072 2748 2981 3063 4422 2926 3099 3212 4101 3289 3077 2817 4005 4469 0 2576 4233 3227 3986 4357 2820 3943 4161 3092 2853 3109
1522 198 431 513 1872 377 549 662 1552 739 527 267 1455 1919 2604 0 1683 677 1436 1808 270 1393 1611 542 303 559
208 1849 1309 1337 343 1633 1152 1183 1049 1162 1231 1918 944 390 4260 1683 0 1495 925 394 1435 882 1108 1305 1415 1269
1413 910 357 686 1763 396 458 557 1013 630 371 980 1339 1810 3322 744 1574 0 1142 1699 599 1099 1073 654 486 403
764 1602 1062 1091 1114 1375 905 936 380 916 984 1672 540 1161 4014 1436 925 1248 0 1049 1188 54 318 1058 1168 1022
312 1973 1434 1462 431 1757 1276 1308 1173 1287 1356 2043 1068 318 4385 1808 394 1619 1049 0 1559 1006 1233 1430 1539 1393
1274 436 258 264 1623 247 301 414 1312 491 354 505 1207 1671 2847 270 1435 520 1188 1559 0 1145 1371 294 130 386
721 1559 1019 1048 1071 1332 862 894 419 873 941 1629 497 1118 3971 1393 882 1205 54 1006 1145 0 358 1015 1125 979
948 1785 1246 1274 1297 1306 1088 1120 82 1099 1168 1855 723 1344 4197 1620 1108 1196 318 1233 1371 358 0 1242 1351 1205
1144 708 414 49 1494 492 257 140 1182 248 336 778 1077 1541 3120 542 1305 600 1058 1430 294 1015 1242 0 375 374
1254 469 145 346 1603 250 298 398 1281 471 240 539 1187 1651 2881 303 1415 407 1168 1539 130 1125 1341 375 0 273
1108 725 143 381 1457 506 152 252 1145 325 65 795 1041 1505 3137 559 1269 324 1022 1393 386 979 1205 348 273 0
EOF