NAME : tsp_problem
TYPE : TSP
DIMENSION : 22
EDGE_WEIGHT_TYPE : EXPLICIT
EDGE_WEIGHT_FORMAT : FULL_MATRIX
EDGE_WEIGHT_SECTION
0 1692 2132 1399 338 424 1097 2041 1293 1343 1001 1097 1461 1689 182 1689 915 1081 324 99 966 994
1692 0 1142 668 1741 1827 718 1051 459 399 1330 727 731 699 1716 222 1238 732 1495 1614 1289 1228
2132 1142 0 900 2181 2268 1159 642 889 886 1770 1168 840 474 2156 1140 1679 1172 1935 2054 1729 1758
1399 693 900 0 1448 1534 322 809 294 345 1037 331 82 457 1422 691 945 335 1202 1321 996 1024
338 1741 2181 1448 0 151 1146 2090 1342 1392 1050 1146 1511 1738 272 1739 964 1130 284 282 1015 1043
424 1827 2268 1534 151 0 1232 2176 1428 1479 1137 1233 1597 1824 359 1825 1050 1216 370 369 1101 1129
1097 718 1159 322 1146 1232 0 1067 319 370 735 44 385 715 1120 716 643 33 900 1019 694 722
2041 1051 642 809 2090 2176 1067 0 798 795 1679 1076 749 383 2064 1049 1587 1081 1844 1963 1638 1666
1293 459 889 269 1342 1428 319 798 0 110 931 328 332 446 1316 456 839 332 1096 1215 890 918
1343 399 886 320 1392 1479 370 795 110 0 981 379 382 443 1367 396 890 383 1146 1265 940 969
1001 1330 1770 1037 1050 1137 735 1679 931 981 0 735 1100 1327 1025 1328 553 719 804 923 604 632
1097 727 1168 331 1146 1233 44 1076 328 379 735 0 394 724 1121 725 643 34 900 1019 694 722
1461 756 840 82 1511 1597 385 749 357 408 1100 394 0 397 1485 754 1008 398 1265 1383 1059 1087
1689 699 474 457 1738 1824 715 383 446 443 1327 724 397 0 1713 697 1235 729 1492 1611 1286 1314
182 1716 2156 1422 272 359 1120 2064 1316 1367 1025 1121 1485 1713 0 1713 939 1105 259 257 989 1018
1689 222 1140 666 1739 1825 716 1049 456 396 1328 725 729 697 1713 0 1236 729 1493 1611 1287 1226
915 1238 1679 945 964 1050 643 1587 839 890 553 643 1008 1235 939 1236 0 627 718 837 75 205
1081 732 1172 335 1130 1216 33 1081 332 383 719 34 398 729 1105 729 627 0 884 1003 678 706
324 1495 1935 1202 284 370 900 1844 1096 1146 804 900 1265 1492 259 1493 718 884 0 268 769 797
99 1614 2054 1321 282 369 1019 1963 1215 1265 923 1019 1383 1611 257 1611 837 1003 268 0 888 916
966 1289 1729 996 1015 1101 694 1638 890 940 604 694 1059 1286 989 1287 75 678 769 888 0 256
994 1284 1758 1024 1043 1129 722 1666 918 969 632 722 1087 1314 1018 1282 205 706 797 916 256 0
EOF