NAME : tsp_problem
TYPE : TSP
DIMENSION : 70
EDGE_WEIGHT_TYPE : EXPLICIT
EDGE_WEIGHT_FORMAT : FULL_MATRIX
EDGE_WEIGHT_SECTION
0 679 417 867 886 939 394 101 285 394 170 397 256 473 843 780 817 703 693 673 718 765 687 643 709 715 282 336 417 296 431 515 307 498 218 140 400 387 297 871 878 499 218 259 664 121 507 557 413 394 852 427 732 513 415 423 726 477 245 434 377 866 280 644 426 855 74 394 263 535
679 0 1006 678 697 749 708 687 463 708 774 584 791 522 653 590 628 1289 1279 1259 1304 1351 280 1229 136 64 645 386 594 882 1017 1101 717 1084 821 726 580 586 707 682 780 219 821 845 1250 590 445 1143 999 708 662 491 1318 1099 592 1027 1312 547 849 1020 661 676 884 1230 741 666 679 708 849 1121
417 1006 0 1022 1042 1094 549 428 613 549 278 725 584 628 998 935 973 444 434 414 459 506 1015 384 1007 1042 437 664 744 393 172 352 635 239 282 328 728 715 625 1027 1034 827 282 356 405 449 834 307 154 549 1007 755 473 254 577 148 467 639 310 232 704 1021 308 385 581 1011 417 549 205 333
812 678 967 0 165 161 571 887 678 571 721 799 1006 440 151 257 125 1174 1167 1122 1066 1108 822 1157 580 633 651 601 809 1082 1108 1288 932 1175 768 927 794 800 922 41 550 633 768 1045 1216 805 859 1243 1090 571 329 820 1145 1190 547 974 1151 465 795 1168 876 174 831 1149 603 163 812 571 1049 1269
831 697 987 165 0 82 590 906 697 590 740 818 1025 459 67 276 92 1194 1187 1142 1085 1128 841 1176 600 652 670 620 828 1102 1127 1308 952 1194 788 946 814 820 942 149 570 653 788 1065 1235 824 879 1262 1109 590 348 839 1164 1210 566 993 1170 484 815 1187 896 193 850 1168 623 53 831 591 1069 1288
883 749 1039 161 82 0 643 959 749 643 792 870 1078 511 119 328 144 1246 1239 1194 1137 1180 893 1228 652 704 722 672 880 1154 1179 1360 1004 1246 840 998 866 872 994 145 622 705 840 1117 1287 876 931 1314 1161 643 400 891 1217 1262 618 1045 1222 536 867 1239 948 245 902 1221 675 105 884 643 1121 1340
394 708 549 626 646 698 0 469 362 45 303 483 624 232 602 539 577 962 952 932 977 1024 764 902 611 663 233 413 494 664 690 870 617 757 350 509 479 485 607 631 638 576 350 627 923 489 584 825 672 45 611 504 991 772 312 556 985 345 377 750 561 625 413 903 124 615 394 45 631 851
101 687 428 902 921 973 469 0 294 469 246 356 215 548 877 814 852 711 701 681 726 773 695 651 717 723 357 344 401 261 439 480 266 506 293 148 359 346 257 906 939 507 293 225 672 129 515 523 421 469 886 435 740 521 423 499 734 485 320 399 336 900 356 652 501 890 101 469 271 500
285 463 613 678 697 749 362 294 0 362 381 147 354 397 654 591 628 896 886 866 911 958 441 836 493 499 252 120 157 489 624 708 280 691 428 333 143 149 270 682 715 283 428 452 857 197 247 750 606 362 663 168 925 706 199 634 919 261 455 627 224 677 491 837 395 666 286 362 456 728
394 708 549 626 646 698 45 469 362 0 303 483 624 232 602 539 577 962 952 932 977 1024 764 902 611 664 233 413 494 664 690 870 617 757 350 509 479 485 607 631 638 576 350 627 923 489 584 825 672 45 611 504 991 772 312 556 985 345 377 750 561 625 413 903 125 615 394 45 631 851
170 774 278 776 795 847 303 246 381 303 0 501 401 382 752 689 726 691 681 661 706 753 782 630 761 810 191 431 512 441 419 599 452 486 79 285 497 503 442 780 787 594 79 404 652 266 602 554 400 303 761 522 720 501 330 284 714 392 106 479 522 775 142 632 335 764 171 303 408 580
397 584 725 799 818 870 483 356 147 483 501 0 240 517 774 711 749 1008 998 978 1023 1070 511 947 614 620 372 241 78 513 692 732 166 802 549 445 36 42 157 803 836 404 549 476 969 317 271 774 692 483 783 190 1037 818 320 754 1031 382 576 651 111 797 612 949 515 787 397 483 567 752
256 791 584 1006 1025 1078 624 215 354 624 401 240 0 703 982 919 956 867 857 836 882 928 718 806 822 827 513 449 285 371 551 591 151 661 449 304 243 230 141 1010 1043 612 449 335 827 284 478 633 551 624 991 397 896 677 527 654 890 589 476 509 220 1005 511 807 657 994 256 624 426 610
473 522 628 440 459 511 232 548 397 232 382 517 703 0 416 353 390 1041 1031 1011 1056 1103 666 981 425 477 312 445 528 743 769 949 651 836 429 588 513 519 641 444 451 478 429 706 1002 524 618 904 751 232 425 539 1070 851 240 635 1064 158 456 829 595 439 492 982 264 428 473 232 710 930
787 653 943 151 67 119 547 863 654 547 696 774 982 416 0 232 85 1150 1143 1098 1041 1084 797 1133 556 609 627 577 785 1058 1084 1264 908 1151 744 902 770 776 898 155 526 609 744 1021 1191 781 835 1219 1065 547 304 795 1121 1166 523 950 1127 441 771 1144 852 150 807 1125 579 47 788 547 1025 1245
633 590 788 257 276 328 392 708 591 392 542 711 864 321 232 0 207 1016 1009 964 907 950 734 999 493 546 472 514 722 903 929 1110 845 996 590 748 707 713 835 261 371 546 590 867 1057 718 772 1064 911 392 150 732 987 1012 460 795 993 378 617 989 789 256 652 991 425 245 633 392 871 1090
762 628 918 125 92 144 521 837 628 521 671 749 956 390 85 207 0 1125 1118 1073 1016 1059 772 1107 531 583 601 551 759 1033 1058 1239 883 1125 719 877 745 751 873 129 501 584 719 996 1166 755 810 1193 1040 521 279 770 1096 1141 497 924 1101 415 746 1118 827 124 781 1099 554 72 763 522 1000 1219
703 1289 444 1273 1292 1344 962 711 896 962 691 1008 867 1041 1249 1115 1223 0 331 163 141 89 1298 132 1320 1326 851 947 1027 676 455 635 918 244 696 611 1011 998 908 1277 1408 1110 696 639 74 732 1117 590 437 962 1187 1038 56 537 990 516 50 1052 723 515 987 1272 721 133 994 1261 703 962 488 616
693 1279 434 1266 1285 1337 952 701 886 952 681 998 857 1031 1242 1108 1216 331 0 279 222 265 1288 313 1310 1316 841 937 1017 666 445 625 908 234 686 601 1001 988 898 1270 1401 1100 686 629 370 722 1108 580 427 952 1180 1028 302 527 980 506 307 1042 713 505 978 1265 711 305 985 1254 693 952 478 606
673 1259 414 1221 1240 1292 932 681 866 932 661 978 836 1011 1197 1063 1171 163 279 0 75 132 1268 64 1290 1295 820 917 997 646 425 605 888 214 665 580 981 968 878 1225 1356 1079 665 609 123 701 1087 560 406 932 1135 1008 169 507 960 486 174 1021 692 485 957 1220 691 57 964 1209 673 932 458 586
718 1304 459 1164 1184 1236 977 726 911 977 706 1023 882 1056 1140 1006 1115 141 222 75 0 75 1313 110 1335 1340 865 962 1042 691 470 650 933 259 710 626 1026 1013 923 1168 1300 1125 710 654 168 747 1132 605 452 977 1078 1053 112 552 1005 531 118 1067 738 530 1002 1163 736 102 1009 1152 718 977 503 631
765 1351 506 1207 1226 1278 1024 773 958 1024 753 1070 928 1103 1183 1049 1157 89 265 132 75 0 1360 166 1382 1387 912 1009 1089 738 517 697 980 306 757 672 1073 1060 970 1211 1342 1171 757 701 136 793 1179 652 499 1024 1121 1100 59 599 1052 578 65 1114 784 577 1049 1206 783 159 1056 1195 765 1024 550 678
687 280 1015 822 841 893 764 695 441 764 782 511 718 666 797 734 772 1298 1288 1268 1313 1360 0 1237 389 316 653 394 521 890 1026 1109 644 1092 830 735 507 513 635 826 924 228 830 854 1258 598 353 1152 1007 764 807 399 1327 1108 601 1035 1321 663 857 1028 589 821 893 1238 796 810 687 764 857 1129
643 1229 384 1255 1275 1327 902 651 836 902 630 947 806 981 1231 1097 1206 132 313 64 110 166 1237 0 1259 1265 790 886 967 615 394 575 858 183 635 550 950 937 848 1260 1386 1049 635 578 93 671 1057 529 376 902 1169 977 161 477 929 455 155 991 662 454 927 1254 661 73 934 1244 643 902 428 555
709 136 1007 580 600 652 611 717 493 611 761 614 822 425 556 493 531 1320 1310 1290 1306 1348 389 1259 0 92 675 416 625 912 1048 1131 748 1114 808 757 610 616 738 584 683 328 808 876 1280 620 554 1174 1029 611 565 600 1349 1130 531 1014 1343 450 836 1050 692 579 871 1260 643 568 709 611 879 1151
715 64 1042 633 652 704 663 723 499 664 810 620 827 477 609 546 583 1326 1316 1295 1340 1387 316 1265 92 0 681 422 630 918 1053 1137 754 1120 858 762 616 622 744 637 735 256 858 881 1286 626 481 1180 1035 663 618 527 1354 1136 584 1063 1349 502 885 1056 698 632 920 1266 696 621 715 664 885 1157
282 645 437 706 726 778 233 357 252 233 191 372 513 312 682 619 657 851 841 820 865 912 653 790 675 681 0 302 383 552 578 758 506 645 239 397 368 374 496 710 718 465 239 516 811 378 473 713 560 233 691 393 879 661 235 444 874 297 266 638 450 705 301 791 265 694 282 233 519 739
336 386 664 601 620 672 413 344 120 413 431 241 449 445 577 514 551 947 937 917 962 1009 394 886 416 422 302 0 252 539 675 759 375 741 479 384 237 243 365 605 703 206 479 503 907 247 342 801 656 413 586 262 976 757 250 684 970 312 506 677 319 600 542 888 445 589 336 413 506 778
417 594 744 809 828 880 494 401 157 494 512 78 285 528 785 722 759 1027 1017 997 1042 1089 521 967 625 630 383 252 0 558 737 777 211 822 560 464 74 80 202 813 846 414 560 521 988 328 281 819 737 494 794 200 1056 837 330 765 1050 392 587 696 156 808 622 968 526 797 417 494 587 797
296 882 393 1097 1116 1168 664 261 489 664 441 513 371 743 1073 1010 1047 676 666 646 691 738 890 615 912 918 552 539 558 0 312 351 423 470 488 203 516 503 413 1101 1134 702 488 96 636 324 710 394 312 664 1082 631 705 444 618 465 699 680 516 270 492 1096 551 617 696 1085 296 664 235 371
431 1017 172 1163 1183 1235 690 439 624 690 419 692 551 769 1139 1076 1114 455 445 425 470 517 1026 394 1048 1053 578 675 737 312 0 239 602 250 423 338 695 682 592 1168 1175 837 423 238 416 459 845 215 48 690 1148 766 484 162 718 244 478 780 450 89 671 1162 449 396 722 1152 431 690 216 190
515 1101 352 1316 1335 1387 870 480 708 870 599 732 591 949 1292 1229 1266 635 625 605 650 697 1109 575 1131 1137 758 759 777 351 239 0 642 430 604 422 735 722 632 1320 1353 921 604 278 596 543 929 70 240 870 1301 850 664 129 837 424 658 899 631 175 711 1315 629 576 902 1304 515 870 396 79
307 717 635 932 952 1004 617 266 280 617 452 166 151 651 908 845 883 918 908 888 933 980 644 858 748 754 506 375 211 423 602 642 0 713 500 355 170 156 60 936 969 538 500 386 879 336 405 685 603 617 917 323 947 728 454 705 941 515 527 561 146 931 563 859 649 920 307 617 478 662
498 1084 239 1230 1250 1302 757 506 691 757 486 802 661 836 1206 1143 1181 244 234 214 259 306 1092 183 1114 1120 645 741 822 470 250 430 713 0 490 405 806 793 703 1234 1242 904 490 434 204 526 912 384 231 757 1215 833 273 332 785 311 267 846 517 309 782 1229 516 184 789 1218 498 757 283 411
218 821 282 824 843 895 350 293 428 350 79 549 449 429 800 737 774 696 686 665 710 757 830 635 808 858 239 479 560 488 423 604 500 490 0 333 545 551 490 828 835 642 25 452 656 314 650 558 405 350 809 570 724 506 378 289 719 440 52 483 569 823 146 636 383 812 218 350 455 584
140 726 328 941 960 1013 509 148 333 509 285 445 304 588 917 854 892 611 601 580 626 672 735 550 757 762 397 384 464 203 338 422 355 405 333 0 448 435 345 945 978 547 333 166 571 169 554 465 320 509 926 475 639 421 462 399 634 524 360 341 424 940 395 551 541 929 140 509 170 442
400 580 728 794 814 866 479 359 143 479 497 36 243 513 770 707 745 1011 1001 981 1026 1073 507 950 610 616 368 237 74 516 695 735 170 806 545 448 0 38 160 799 831 400 545 479 972 313 267 777 696 479 779 186 1040 821 316 750 1034 378 572 654 114 793 607 952 511 783 400 479 571 755
387 586 715 800 820 872 485 346 149 485 503 42 230 519 776 713 751 998 988 968 1013 1060 513 937 616 622 374 243 80 503 682 722 156 793 551 435 38 0 147 805 837 406 551 466 959 319 273 764 683 485 785 192 1027 808 322 756 1021 384 578 641 101 799 614 939 517 789 387 485 558 742
297 707 625 922 942 994 607 257 270 607 442 157 141 641 898 835 873 908 898 878 923 970 635 848 738 744 496 365 202 413 592 632 60 703 490 345 160 147 0 926 959 528 490 376 869 326 395 675 593 607 907 314 937 718 444 696 931 505 517 551 136 921 553 849 639 910 298 607 468 652
816 682 971 41 149 145 575 891 682 575 725 803 1010 444 155 261 129 1179 1171 1126 1070 1112 826 1161 584 637 655 605 813 1086 1112 1292 936 1179 773 931 799 805 926 0 554 638 773 1050 1220 809 863 1247 1094 575 333 824 1149 1194 551 978 1155 469 800 1172 880 178 835 1153 607 167 816 575 1053 1273
664 780 820 698 718 770 423 739 633 423 573 754 895 352 674 611 649 1233 1223 1202 1248 1294 924 1172 683 735 503 684 764 935 960 1141 887 1027 621 779 750 756 877 702 0 736 621 898 1193 760 854 1095 942 423 683 775 1261 1043 546 826 1256 464 648 1020 831 697 683 1173 456 686 664 424 902 1121
499 219 827 633 653 705 576 507 283 576 594 404 612 478 609 546 584 1110 1100 1079 1125 1171 228 1049 328 256 465 206 414 702 837 921 538 904 642 547 400 406 528 638 736 0 642 665 1070 410 249 964 819 576 618 295 1138 920 413 847 1133 474 669 840 482 632 704 1050 608 622 499 576 669 941
218 821 282 824 843 895 350 293 428 350 79 549 449 429 800 737 774 696 686 665 710 757 830 635 808 858 239 479 560 488 423 604 500 490 25 333 545 551 490 828 835 642 0 452 656 314 650 558 405 350 809 570 724 506 378 289 719 440 52 483 569 823 146 636 383 812 218 350 455 584
259 845 356 1060 1079 1131 627 225 452 627 404 476 335 706 1036 973 1010 639 629 609 654 701 854 578 876 881 516 503 521 96 238 278 386 434 452 166 479 466 376 1064 1097 665 452 0 600 287 673 320 238 627 1045 594 668 371 581 428 662 643 479 197 455 1059 514 580 660 1048 259 627 199 298
664 1250 405 1314 1334 1386 923 672 857 923 652 969 827 1002 1290 1156 1265 74 370 123 168 136 1258 93 1280 1286 811 907 988 636 416 596 879 204 656 571 972 959 869 1318 1408 1070 656 600 0 692 1078 550 397 923 1228 999 103 498 951 477 97 1012 683 476 948 1313 682 94 955 1302 664 923 449 577
121 590 449 805 824 876 489 129 197 489 266 317 284 524 781 718 755 732 722 701 747 793 598 671 620 626 378 247 328 324 459 543 336 526 314 169 313 319 326 809 842 410 314 287 692 0 418 586 441 489 790 339 760 542 326 519 755 388 341 462 395 804 376 672 522 793 121 489 291 563
507 445 834 859 879 931 584 515 247 584 602 271 478 618 835 772 810 1117 1108 1087 1132 1179 353 1057 554 481 473 342 281 710 845 929 405 912 650 554 267 273 395 863 936 249 650 673 1078 418 0 972 827 584 844 141 1146 927 420 855 1141 482 677 848 349 858 712 1058 616 847 507 584 677 949
557 1143 307 1298 1317 1370 825 523 750 825 554 774 633 904 1274 1211 1248 590 580 560 605 652 1152 529 1174 1180 713 801 819 394 215 70 685 384 558 465 777 764 675 1302 1310 964 558 320 550 586 972 0 196 825 1283 892 619 83 852 379 613 914 585 218 754 1297 584 531 857 1286 557 825 351 121
413 999 154 1145 1164 1216 672 421 606 672 400 692 551 751 1121 1058 1095 437 427 406 452 499 1007 376 1029 1035 560 656 737 312 48 240 603 231 405 320 696 683 593 1149 1156 819 405 238 397 441 827 196 0 672 1130 747 466 144 699 225 460 761 432 90 672 1144 431 377 704 1133 413 672 198 191
394 708 549 626 646 698 45 469 362 45 303 483 624 232 602 539 577 962 952 932 977 1024 764 902 611 663 233 413 494 664 690 870 617 757 350 509 479 485 607 631 638 576 350 627 923 489 584 825 672 0 611 504 991 772 312 556 985 345 377 750 561 625 413 903 124 615 394 45 631 851
509 625 664 543 562 614 268 584 477 268 417 598 739 196 518 456 493 1077 1067 1047 1092 1139 769 1016 527 580 348 528 608 779 805 985 732 872 465 623 594 600 722 547 247 581 465 742 1038 604 699 940 786 268 0 619 1106 887 391 671 1100 309 492 865 676 542 528 1018 300 531 509 268 746 966
427 491 755 820 839 891 504 435 168 504 522 190 397 539 795 732 770 1038 1028 1008 1053 1100 399 977 600 527 393 262 200 631 766 850 323 833 570 475 186 192 314 824 857 295 570 594 999 339 141 892 747 504 805 0 1067 848 341 776 1061 403 597 768 268 819 633 979 537 808 427 504 598 870
732 1318 473 1244 1263 1315 991 740 925 991 720 1037 896 1070 1219 1085 1194 56 302 169 112 59 1327 161 1349 1354 879 976 1056 705 484 664 947 273 724 639 1040 1027 937 1248 1379 1138 724 668 103 760 1146 619 466 991 1158 1067 0 566 1019 545 36 1081 751 544 1016 1243 750 162 1023 1232 732 991 517 645
513 1099 254 1246 1265 1317 772 521 706 772 501 818 677 851 1221 1158 1196 537 527 507 552 599 1108 477 1130 1136 661 757 837 444 162 129 728 332 506 421 821 808 718 1250 1257 920 506 371 498 542 927 83 144 772 1231 848 566 0 800 326 560 862 533 222 797 1245 531 478 804 1234 513 772 298 180
415 592 577 547 566 618 312 423 199 312 330 320 527 240 523 460 497 990 980 960 1005 1052 601 929 531 584 235 250 330 618 718 837 454 785 378 462 316 322 444 551 558 413 378 581 951 326 420 852 699 312 532 341 1019 800 0 583 1013 104 405 756 398 546 441 931 344 535 415 312 585 857
423 1027 148 1029 1048 1101 556 499 634 556 284 754 654 635 1005 942 979 516 506 486 531 578 1035 455 1014 1063 444 684 765 465 244 424 705 311 289 399 750 756 696 1033 1040 847 289 428 477 519 855 379 225 556 1014 776 545 326 583 0 539 645 316 304 775 1028 315 457 588 1017 424 556 277 405
726 1312 467 1249 1269 1321 985 734 919 985 714 1031 890 1064 1225 1091 1200 50 307 174 118 65 1321 155 1343 1349 874 970 1050 699 478 658 941 267 719 634 1034 1021 931 1253 1385 1133 719 662 97 755 1141 613 460 985 1163 1061 36 560 1013 539 0 1075 746 538 1011 1248 744 157 1017 1237 726 985 511 639
477 547 639 465 484 536 345 485 261 345 392 382 589 158 441 378 415 1052 1042 1021 1067 1114 663 991 450 502 297 312 392 680 780 899 515 846 440 524 378 384 505 469 476 474 440 643 1012 388 482 914 761 345 450 403 1081 862 104 645 1075 0 467 818 459 464 502 992 377 453 477 345 647 919
245 849 310 851 870 922 377 320 455 377 106 576 476 456 827 764 801 723 713 692 738 784 857 662 836 885 266 506 587 516 450 631 527 517 52 360 572 578 517 855 862 669 52 479 683 341 677 585 432 377 836 597 751 533 405 316 746 467 0 510 597 850 173 663 410 839 245 377 483 611
434 1020 232 1223 1243 1295 750 399 627 750 479 651 509 829 1199 1136 1174 515 505 485 530 577 1028 454 1050 1056 638 677 696 270 89 175 561 309 483 341 654 641 551 1227 1235 840 483 197 476 462 848 218 90 750 1208 768 544 222 756 304 538 818 510 0 630 1222 509 456 782 1211 434 750 276 126
377 661 704 876 896 948 561 336 224 561 522 111 220 595 852 789 827 987 978 957 1002 1049 589 927 692 698 450 319 156 492 671 711 146 782 569 424 114 101 136 880 913 482 569 455 948 395 349 754 672 561 861 268 1016 797 398 775 1011 459 597 630 0 875 632 928 593 864 377 561 547 731
811 676 966 174 193 245 570 886 677 570 720 797 1005 439 150 256 124 1173 1166 1121 1065 1107 821 1156 579 632 650 600 808 1081 1107 1287 931 1174 767 926 793 799 921 178 549 632 767 1044 1215 804 858 1242 1089 570 328 819 1144 1189 546 973 1150 464 794 1167 875 0 830 1148 602 162 811 570 1048 1268
280 884 308 886 906 958 413 356 491 413 142 612 511 492 862 799 837 721 711 691 736 783 893 661 871 920 301 542 622 551 449 629 563 516 146 395 607 614 553 890 898 704 146 514 682 376 712 584 431 413 871 633 750 531 441 315 744 502 173 509 632 885 0 662 445 874 281 413 482 610
644 1230 385 1248 1267 1319 903 652 837 903 632 949 807 982 1223 1089 1198 133 305 57 102 159 1238 73 1260 1266 791 888 968 617 396 576 859 184 636 551 952 939 849 1252 1383 1050 636 580 94 672 1058 531 377 903 1161 979 162 478 931 457 157 992 663 456 928 1247 662 0 935 1236 644 903 429 557
426 741 581 659 678 730 124 501 395 125 335 515 657 264 634 572 609 994 985 964 1009 1056 796 934 643 696 265 445 526 696 722 902 649 789 383 541 511 517 639 663 670 608 383 660 955 522 616 857 704 124 644 537 1023 804 344 588 1017 377 410 782 593 658 445 935 0 647 426 125 663 883
800 666 955 163 53 105 559 875 666 559 709 787 994 428 47 245 72 1163 1155 1110 1054 1096 810 1145 568 621 639 589 797 1070 1096 1276 920 1163 757 915 783 789 910 167 538 622 757 1034 1204 793 847 1231 1078 559 317 808 1133 1178 535 962 1139 453 784 1156 864 162 819 1137 591 0 800 559 1037 1257
74 679 417 867 887 939 394 101 286 394 171 397 256 473 843 780 818 703 693 673 718 765 687 643 709 715 282 336 417 296 431 515 307 498 218 140 400 387 298 872 879 499 218 259 664 121 507 557 413 394 852 427 732 513 415 424 726 477 245 434 377 866 281 644 426 856 0 394 263 535
394 708 549 626 646 698 45 469 362 45 303 483 624 232 602 539 577 962 952 932 977 1024 764 902 611 664 233 413 494 664 690 870 617 757 350 509 479 485 607 631 638 576 350 627 923 489 584 825 672 45 611 504 991 772 312 556 985 345 377 750 561 625 413 903 125 615 394 0 631 851
263 849 205 1064 1083 1135 631 271 456 631 408 567 426 710 1040 977 1014 488 478 458 503 550 857 428 879 885 519 506 587 235 216 396 478 283 455 170 571 558 468 1068 1101 669 455 199 449 291 677 351 198 631 1049 598 517 298 585 277 511 647 483 276 547 1063 482 429 663 1052 263 631 0 377
535 1121 333 1324 1344 1396 851 500 728 851 580 752 610 930 1300 1237 1275 616 606 586 631 678 1129 555 1151 1157 739 778 797 371 190 79 662 411 584 442 755 742 652 1328 1336 941 584 298 577 563 949 121 191 851 1309 870 645 180 857 405 639 919 611 126 731 1323 610 557 883 1312 535 851 377 0
EOF