NAME : tsp_problem
TYPE : TSP
DIMENSION : 32
EDGE_WEIGHT_TYPE : EXPLICIT
EDGE_WEIGHT_FORMAT : FULL_MATRIX
EDGE_WEIGHT_SECTION
0 310 441 385 665 501 733 385 801 435 568 874 136 776 433 534 688 317 696 846 712 581 134 305 511 318 68 896 385 367 405 215
310 0 723 667 947 594 1015 667 829 717 850 1156 374 803 715 362 971 599 723 1128 994 863 267 535 793 83 350 1178 667 649 688 497
441 723 0 135 616 626 627 135 951 280 548 768 550 926 183 896 583 296 846 740 692 476 547 489 491 732 396 791 135 359 385 257
385 667 135 0 512 569 523 70 895 248 516 664 493 869 79 840 479 264 789 636 599 372 491 432 459 676 340 687 71 303 353 201
665 947 616 512 0 1050 223 512 1376 612 246 522 711 1350 517 1120 233 406 1270 494 144 174 771 891 322 955 654 544 512 784 495 682
478 594 470 414 895 0 905 413 599 583 850 1046 586 573 461 565 861 599 493 1018 981 754 584 214 793 603 433 1069 414 264 688 294
733 1015 627 523 223 1061 0 523 1387 680 253 533 838 1361 528 1188 75 533 1281 504 107 185 839 924 449 1023 722 555 523 794 622 692
385 667 135 70 512 569 523 0 895 248 515 664 493 869 79 840 479 264 789 636 599 372 491 432 458 676 340 687 70 302 353 200
801 829 951 895 1376 599 1387 895 0 1065 1291 1448 910 254 943 800 1343 1040 280 1487 1435 1235 908 540 1234 838 782 1516 895 746 1128 775
435 717 280 248 612 739 680 248 1065 0 516 821 543 1039 296 890 636 264 959 793 660 529 541 602 459 726 424 844 248 472 353 370
568 850 548 516 246 990 253 515 1291 516 0 652 614 1265 563 1023 297 310 1185 624 174 305 674 795 225 859 557 675 516 739 399 637
874 1156 768 664 522 1187 533 664 1528 821 652 0 982 1502 669 1329 488 703 1292 62 608 381 980 1065 667 1165 863 162 664 935 792 833
136 374 550 493 711 609 838 493 910 543 614 982 0 884 541 642 797 325 804 954 758 690 151 414 557 383 176 1005 493 475 385 323
776 803 926 869 1350 573 1361 869 254 1039 1265 1422 884 0 917 774 1317 1014 254 1461 1409 1210 882 514 1208 812 756 1490 869 720 1102 749
433 715 183 79 517 617 528 79 943 296 563 669 541 917 0 888 483 312 837 641 604 376 539 480 506 724 388 691 79 350 401 248
534 362 896 840 1120 565 1188 840 800 890 1023 1329 642 774 888 0 1144 772 694 1301 1167 1036 554 506 966 371 523 1351 840 712 861 670
688 971 583 479 233 1017 75 479 1343 636 297 488 797 1317 483 1144 0 518 1237 460 151 141 795 880 440 979 678 511 479 750 607 648
317 599 296 264 406 739 533 264 1040 264 310 703 325 1014 312 772 518 0 934 675 454 411 423 544 253 608 306 726 264 488 109 386
696 723 846 789 1270 473 1281 789 280 959 1185 1194 804 254 837 694 1237 934 0 1233 1329 1130 802 434 1128 732 676 1262 789 640 1022 669
846 1128 740 636 494 1174 504 636 1500 793 624 62 954 1474 641 1301 460 675 1332 0 580 353 952 1037 639 1136 835 133 636 907 764 805
712 994 692 599 144 1135 107 599 1435 660 174 608 758 1409 604 1167 151 454 1329 580 0 261 818 939 370 1003 701 631 599 870 543 768
581 863 476 372 174 909 185 372 1235 529 305 381 690 1210 376 1036 141 411 1130 353 261 0 687 772 375 872 570 404 372 643 499 541
134 267 547 491 771 607 839 491 908 541 674 980 151 882 539 554 795 423 802 952 818 687 0 412 617 275 174 1002 491 473 484 321
305 535 489 432 891 214 924 432 540 602 795 1065 414 514 480 506 880 544 434 1037 939 772 412 0 738 544 260 1087 432 301 632 262
511 793 491 459 322 934 449 458 1234 459 225 667 557 1208 506 966 440 253 1128 639 370 375 617 738 0 802 500 690 459 682 342 580
318 83 732 676 955 603 1023 676 838 726 859 1165 383 812 724 371 979 608 732 1136 1003 872 275 544 802 0 359 1187 676 658 696 506
68 350 396 340 654 456 722 340 782 424 557 863 176 756 388 523 678 306 676 835 701 570 174 260 500 359 0 885 340 322 395 170
896 1178 791 687 544 1224 555 687 1550 844 675 162 1005 1525 691 1351 511 726 1360 133 631 404 1002 1087 690 1187 885 0 687 958 814 856
385 667 135 71 512 569 523 70 895 248 516 664 493 869 79 840 479 264 789 636 599 372 491 432 459 676 340 687 0 302 353 201
367 649 359 303 784 420 794 302 746 472 739 935 475 720 350 712 750 488 640 907 870 643 473 301 682 658 322 958 302 0 576 183
405 688 385 353 495 828 622 353 1128 353 399 792 385 1102 401 861 607 109 1022 764 543 499 484 632 342 696 395 814 353 576 0 475
215 497 257 201 682 449 692 200 775 370 637 833 323 749 248 670 648 386 669 805 768 541 321 262 580 506 170 856 201 183 475 0
EOF