NAME : tsp_problem
TYPE : TSP
DIMENSION : 54
EDGE_WEIGHT_TYPE : EXPLICIT
EDGE_WEIGHT_FORMAT : FULL_MATRIX
EDGE_WEIGHT_SECTION
0 1236 1006 482 589 721 1127 809 988 783 1364 589 442 1415 1071 1079 855 248 513 1118 1169 806 208 199 668 554 482 1050 691 185 750 84 258 1234 871 948 701 277 281 413 1055 801 980 909 1059 415 528 738 549 1152 934 832 1065 812
1236 0 755 864 739 945 314 640 528 1405 650 739 1064 700 256 249 424 1020 1064 213 265 645 1124 1182 856 748 1105 339 835 1216 1373 1261 1072 48 613 312 888 1085 983 852 340 715 484 651 200 835 876 1361 741 247 563 719 354 555
1006 755 0 635 443 462 674 528 378 1067 651 443 641 701 526 534 485 791 581 574 625 532 843 844 677 518 642 681 352 877 1035 968 791 754 282 578 405 764 753 623 685 232 611 364 689 606 647 1022 512 607 564 269 696 338
482 864 635 0 217 472 756 525 616 600 993 217 259 1043 699 708 483 267 330 747 798 522 371 377 384 225 300 679 362 410 568 502 319 863 499 576 415 298 230 99 683 430 609 537 687 145 259 556 218 780 563 460 694 441
589 739 443 217 0 281 631 400 492 758 842 74 418 892 575 583 359 373 400 622 673 397 477 535 260 101 458 554 171 569 726 614 425 738 342 452 224 438 336 205 559 238 484 364 563 188 229 714 94 656 438 269 569 316
721 945 462 472 281 0 837 608 518 776 861 280 351 911 736 745 564 629 291 784 835 612 552 553 515 356 352 760 142 587 744 678 500 944 361 657 152 474 591 460 764 257 690 383 768 443 484 732 349 818 644 288 775 418
1127 314 674 756 631 837 0 532 447 1297 569 631 956 619 175 168 315 912 956 132 71 536 1016 1074 748 639 997 231 726 1107 1265 1152 964 313 505 204 780 977 875 744 92 606 375 543 236 727 768 1253 633 89 455 611 246 446
809 640 528 525 400 608 532 0 393 1066 769 400 725 819 476 484 260 594 727 523 574 36 697 814 247 359 766 360 497 827 1034 834 645 639 275 353 551 659 556 470 459 377 244 314 463 401 383 1022 354 557 196 382 375 217
988 528 378 616 492 518 447 393 0 1122 424 492 697 474 299 307 350 773 637 347 398 397 877 899 608 500 698 545 408 932 1090 1013 825 527 186 439 461 820 735 604 519 287 475 257 550 587 629 1078 493 380 429 324 560 203
783 1405 1067 600 758 776 1297 1066 1122 0 1099 758 497 1437 1240 1249 1025 737 568 1288 1339 1063 614 615 925 766 537 1220 746 648 237 739 562 1404 965 1117 756 535 699 640 1224 862 1150 988 1228 687 800 249 760 1322 1104 892 1235 982
1082 633 328 711 519 538 551 604 303 1143 0 519 717 578 403 412 535 867 657 451 502 609 919 920 753 594 718 649 428 953 1111 1044 867 631 358 544 481 840 830 699 624 308 687 440 654 682 723 1098 588 485 640 345 664 414
589 739 443 217 74 280 631 400 492 758 842 0 417 892 575 583 359 373 400 622 673 397 477 535 260 101 458 554 170 569 726 614 425 738 341 452 224 438 336 205 559 238 484 364 562 188 229 714 94 656 438 268 569 316
442 1064 641 259 418 351 956 725 697 497 1040 417 0 1090 900 908 684 396 142 947 998 722 273 274 585 426 65 879 321 307 465 399 221 1063 540 777 331 194 359 300 884 436 809 562 888 346 459 453 419 981 763 467 894 597
1415 700 701 1043 892 911 619 819 474 1339 557 892 1090 0 471 479 603 1199 1031 519 570 824 1292 1293 1035 927 1092 717 801 1326 1393 1418 1240 699 638 611 855 1213 1162 1031 691 681 862 710 722 1014 1055 1405 920 552 856 718 732 655
1071 256 526 699 575 736 175 476 299 1202 421 575 900 471 0 35 259 856 856 74 125 480 959 1017 691 583 917 373 626 1051 1208 1096 907 255 448 267 680 921 818 687 247 506 518 486 370 670 711 1196 576 108 512 543 388 390
1079 249 534 708 583 745 168 484 307 1211 429 583 908 479 35 0 267 864 864 68 119 488 968 1026 699 591 925 379 635 1059 1217 1104 916 248 456 276 688 929 826 696 240 515 524 495 363 679 720 1205 585 101 520 551 394 398
855 424 485 483 359 564 315 260 350 1025 552 359 684 603 259 267 0 640 684 306 357 264 744 802 475 367 725 242 454 835 993 880 692 422 232 136 508 705 602 472 243 334 342 271 247 455 496 981 361 340 296 339 257 174
248 1020 791 267 373 629 912 594 773 737 1149 373 396 1199 856 864 640 0 467 903 954 590 258 254 453 339 437 835 518 267 705 273 206 1019 655 732 572 219 66 198 839 586 765 694 843 199 313 693 334 937 719 616 850 597
513 1064 581 330 400 291 956 727 637 568 980 400 142 1031 856 864 684 467 0 903 954 731 344 345 634 475 183 879 261 378 536 470 292 1063 480 776 271 266 430 371 883 377 809 502 887 417 531 524 468 937 763 407 894 537
1118 213 574 747 622 784 132 523 347 1250 468 622 947 519 74 68 306 903 903 0 83 527 1007 1065 739 630 964 343 674 1098 1256 1143 955 211 496 315 727 968 866 735 205 554 488 534 327 718 759 1244 624 66 559 591 358 438
1169 265 625 798 673 835 71 574 398 1301 519 673 998 570 125 119 357 954 954 83 0 578 1058 1116 790 681 1015 282 725 1149 1307 1194 1006 263 547 255 778 1019 917 786 143 605 427 585 287 769 810 1295 675 40 506 642 297 489
806 645 532 522 397 612 536 36 397 1063 773 397 722 824 480 488 264 590 731 527 578 0 694 811 244 356 763 365 502 824 1031 831 642 643 280 357 555 655 553 466 464 381 249 318 468 398 380 1019 351 561 201 386 380 222
208 1124 843 371 477 552 1016 697 877 614 1242 477 273 1292 959 968 744 258 344 1007 1058 694 0 214 557 443 314 939 522 227 582 233 77 1123 741 836 533 96 221 301 943 638 869 764 947 303 417 570 438 1041 823 668 954 701
199 1182 844 377 535 553 1074 814 899 615 1243 535 274 1293 1017 1026 802 254 345 1065 1116 811 214 0 674 543 314 997 523 64 583 156 236 1181 742 894 533 209 287 417 1001 639 927 765 1005 420 534 570 537 1099 881 669 1012 759
668 856 677 384 260 515 748 247 608 925 985 260 585 1035 691 699 475 453 634 739 790 244 557 674 0 219 625 576 405 687 893 693 505 854 491 568 458 518 415 329 675 473 460 529 679 261 242 881 214 772 412 503 591 433
554 748 518 225 101 356 639 359 500 766 876 101 426 927 583 591 367 339 475 630 681 356 443 543 219 0 466 562 246 573 734 579 391 746 383 460 299 404 301 213 567 314 492 421 571 147 188 722 76 664 446 344 577 325
482 1105 642 300 458 352 997 766 698 537 1041 458 65 1092 917 925 725 437 183 964 1015 763 314 314 625 466 0 920 322 348 505 439 262 1104 541 817 332 235 399 340 924 438 850 564 928 386 500 493 460 998 804 468 935 598
1050 339 681 679 554 760 231 360 545 1220 667 554 879 717 373 379 242 835 879 343 282 365 939 997 576 562 920 0 650 1030 1188 1075 887 337 428 130 703 900 798 667 158 529 184 466 162 650 691 1176 556 300 263 534 54 370
691 835 352 362 171 142 726 497 408 746 751 170 321 801 626 635 454 518 261 674 725 502 522 523 405 246 322 650 0 556 714 648 470 833 251 547 85 444 481 350 654 147 580 273 658 333 374 702 239 708 533 177 665 308
185 1216 877 410 569 587 1107 827 932 648 1276 569 307 1326 1051 1059 835 267 378 1098 1149 824 227 64 687 573 348 1030 556 0 616 124 269 1214 776 928 567 242 300 431 1035 672 961 798 1039 433 547 604 568 1132 914 702 1045 793
750 1373 1035 568 726 744 1265 1034 1090 237 1153 726 465 1484 1208 1217 993 705 536 1256 1307 1031 582 583 893 734 505 1188 714 616 0 707 530 1372 933 1085 724 503 667 608 1192 830 1118 956 1196 655 768 39 728 1290 1072 860 1203 950
84 1261 968 502 614 678 1152 834 1013 739 1367 614 399 1418 1096 1104 880 273 470 1143 1194 831 233 156 693 579 439 1075 648 124 707 0 283 1259 867 973 658 302 306 438 1080 764 1005 889 1084 440 553 695 574 1177 959 794 1090 838
258 1072 791 319 425 500 964 645 825 562 1190 425 221 1240 907 916 692 206 292 955 1006 642 77 236 505 391 262 887 470 269 530 283 0 1071 689 784 481 44 169 249 891 586 817 712 895 251 365 518 386 989 771 616 902 649
1234 48 754 863 738 944 313 639 527 1404 649 738 1063 699 255 248 422 1019 1063 211 263 643 1123 1181 854 746 1104 337 833 1214 1372 1259 1071 0 611 311 887 1084 981 851 339 713 482 650 199 834 875 1360 740 246 561 718 353 553
871 613 282 499 342 361 505 275 186 965 588 341 540 638 448 456 232 655 480 496 547 280 741 742 491 383 541 428 251 776 933 867 689 611 0 325 304 663 618 487 432 130 358 140 436 470 511 921 376 529 311 167 443 86
948 312 578 576 452 657 204 353 439 1117 561 452 777 611 267 276 136 732 776 315 255 357 836 894 568 460 817 130 547 928 1085 973 784 311 325 0 600 798 695 564 131 427 275 363 135 547 588 1073 453 273 354 431 145 267
701 888 405 415 224 152 780 551 461 756 804 224 331 855 680 688 508 572 271 727 778 555 533 533 458 299 332 703 85 567 724 658 481 887 304 600 0 454 534 403 707 201 633 326 711 386 428 712 292 761 587 231 718 361
277 1085 764 298 438 474 977 659 820 535 1163 438 194 1213 921 929 705 219 266 968 1019 655 96 209 518 404 235 900 444 242 503 302 44 1084 663 798 454 0 182 263 905 559 830 685 908 265 378 491 399 1002 784 590 915 662
281 983 753 230 336 591 875 556 735 699 1112 336 359 1162 818 826 602 66 430 866 917 553 221 287 415 301 399 798 481 300 667 306 169 981 618 695 534 182 0 160 802 549 728 656 806 162 276 655 296 899 681 579 813 560
413 852 623 99 205 460 744 470 604 640 981 205 300 1031 687 696 472 198 371 735 786 466 301 417 329 213 340 667 350 431 608 438 249 851 487 564 403 263 160 0 671 418 597 525 675 76 189 596 207 769 551 448 682 429
1055 340 685 683 559 764 92 459 519 1224 641 559 884 691 247 240 243 839 883 205 143 464 943 1001 675 567 924 158 654 1035 1192 1080 891 339 432 131 707 905 802 671 0 534 303 470 163 654 695 1180 560 162 382 538 173 374
801 715 232 430 238 257 606 377 287 862 631 238 436 681 506 515 334 586 377 554 605 381 638 639 473 314 438 529 147 672 830 764 586 713 130 427 201 559 549 418 534 0 460 159 538 401 442 818 307 588 413 64 544 187
980 484 611 609 484 690 375 244 475 1150 812 484 809 862 518 524 342 765 809 488 427 249 869 927 460 492 850 184 580 961 1118 1005 817 482 358 275 633 830 728 597 303 460 0 396 307 580 596 1106 486 445 130 464 199 300
909 651 364 537 364 383 543 314 257 988 659 364 562 710 486 495 271 694 502 534 585 318 764 765 529 421 564 466 273 798 956 889 712 650 140 363 326 685 656 525 470 159 396 0 474 508 550 944 414 568 350 144 481 124
1059 200 689 687 563 768 236 463 550 1228 672 562 888 722 370 363 247 843 887 327 287 468 947 1005 679 571 928 162 658 1039 1196 1084 895 199 436 135 711 908 806 675 163 538 307 474 0 658 699 1184 564 305 386 542 177 378
415 835 606 145 188 443 727 401 587 687 964 188 346 1014 670 679 455 199 417 718 769 398 303 420 261 147 386 650 333 433 655 440 251 834 470 547 386 265 162 76 654 401 580 508 658 0 121 642 142 751 534 431 665 412
528 876 647 259 229 484 768 383 629 800 1005 229 459 1055 711 720 496 313 531 759 810 380 417 534 242 188 500 691 374 547 768 553 365 875 511 588 428 378 276 189 695 442 596 550 699 121 0 756 183 793 548 472 706 453
738 1361 1022 556 714 732 1253 1022 1078 249 1166 714 453 1472 1196 1205 981 693 524 1244 1295 1019 570 570 881 722 493 1176 702 604 39 695 518 1360 921 1073 712 491 655 596 1180 818 1106 944 1184 642 756 0 716 1278 1060 848 1191 938
549 741 512 218 94 349 633 354 493 760 870 94 419 920 576 585 361 334 468 624 675 351 438 537 214 76 460 556 239 568 728 574 386 740 376 453 292 399 296 207 560 307 486 414 564 142 183 716 0 658 440 337 571 318
1152 247 607 780 656 818 89 557 380 1284 502 656 981 552 108 101 340 937 937 66 40 561 1041 1099 772 664 998 300 708 1132 1290 1177 989 246 529 273 761 1002 899 769 162 588 445 568 305 751 793 1278 658 0 524 624 315 471
934 563 564 563 438 644 455 196 429 1104 805 438 763 856 512 520 296 719 763 559 506 201 823 881 412 446 804 263 533 914 1072 959 771 561 311 354 587 784 681 551 382 413 130 350 386 534 548 1060 440 524 0 418 278 253
832 719 269 460 269 288 611 382 324 892 668 268 467 718 543 551 339 616 407 591 642 386 668 669 503 344 468 534 177 702 860 794 616 718 167 431 231 590 579 448 538 64 464 144 542 431 472 848 337 624 418 0 549 192
1065 354 696 694 569 775 246 375 560 1235 682 569 894 732 388 394 257 850 894 358 297 380 954 1012 591 577 935 54 665 1045 1203 1090 902 353 443 145 718 915 813 682 173 544 199 481 177 665 706 1191 571 315 278 549 0 385
812 555 338 441 316 418 446 217 203 982 605 316 597 655 390 398 174 597 537 438 489 222 701 759 433 325 598 370 308 793 950 838 649 553 86 267 361 662 560 429 374 187 300 124 378 412 453 938 318 471 253 192 385 0
EOF