NAME : tsp_problem
TYPE : TSP
DIMENSION : 36
EDGE_WEIGHT_TYPE : EXPLICIT
EDGE_WEIGHT_FORMAT : FULL_MATRIX
EDGE_WEIGHT_SECTION
0 544 496 1016 681 1116 715 1375 1016 863 1135 497 730 599 871 841 1149 578 184 887 726 578 664 523 746 643 1083 836 426 811 655 491 622 639 237 452
544 0 480 776 666 1301 475 1160 776 848 1222 482 715 70 631 825 1334 562 533 647 710 507 191 93 731 212 857 820 355 796 239 420 537 564 576 381
551 480 0 584 213 952 349 907 584 395 870 40 262 535 505 373 996 110 540 521 257 228 556 459 278 535 615 367 151 343 547 188 192 171 583 149
1016 776 584 0 387 897 386 665 36 534 815 578 401 830 204 511 941 506 1005 221 396 484 632 755 329 611 362 506 701 482 610 744 487 515 1048 705
737 666 213 387 0 756 354 711 387 199 674 207 66 720 493 176 800 135 726 509 61 238 566 645 82 545 418 171 337 147 556 374 201 181 769 335
1215 1305 952 897 756 0 864 743 897 617 104 946 722 1359 1003 752 65 875 1204 1019 720 977 1161 1284 785 1140 698 747 1076 723 1152 1113 941 920 1258 1074
715 475 349 386 354 864 0 720 386 501 782 343 368 529 280 478 908 271 704 296 363 183 331 454 296 310 417 473 400 449 322 465 186 214 747 426
1400 1160 907 665 711 743 720 0 665 572 661 901 676 1214 770 707 787 829 1389 786 675 868 1016 1139 662 995 417 701 1031 677 1007 1068 871 875 1432 1029
1016 776 584 36 387 897 386 665 0 534 815 578 401 830 204 511 941 506 1005 221 396 484 632 755 329 611 362 506 701 482 610 744 487 515 1048 705
919 848 395 534 199 617 501 572 534 0 535 389 164 902 639 195 661 317 908 656 163 420 748 827 228 727 526 190 519 165 738 556 384 363 951 517
1234 1222 870 815 674 104 782 661 815 535 0 864 639 1277 921 670 148 792 1223 937 638 895 1079 1201 703 1058 615 665 994 640 1069 1031 858 838 1276 992
553 482 40 578 207 946 343 901 578 389 864 0 256 536 499 367 990 104 542 515 251 222 550 461 272 529 609 361 153 337 541 190 186 165 585 150
785 715 262 401 66 722 368 676 401 164 639 256 0 769 506 142 765 184 775 522 66 287 614 693 95 593 431 137 386 112 605 423 250 229 818 383
599 70 535 830 720 1355 529 1214 830 902 1277 536 769 0 685 880 1388 617 588 701 764 562 223 147 785 244 912 874 410 850 271 474 591 619 631 435
871 631 505 204 493 1003 280 770 204 639 921 499 506 685 0 617 1047 427 860 67 502 339 487 610 435 466 468 612 556 587 465 621 342 370 903 582
896 825 373 511 176 752 478 707 511 195 670 367 142 880 617 0 796 295 885 633 140 397 725 804 205 704 542 28 496 45 716 533 361 340 928 494
1248 1348 996 941 800 65 908 787 941 661 148 990 765 1403 1047 796 0 918 1237 1063 764 1021 1205 1327 829 1184 741 791 1120 766 1195 1157 985 964 1291 1118
633 562 110 506 135 875 271 829 506 317 792 104 184 617 427 295 918 0 622 443 180 150 478 541 200 457 537 290 233 265 469 270 114 93 665 231
184 533 485 1005 671 1105 704 1365 1005 853 1124 486 719 588 860 830 1139 567 0 876 715 567 653 512 735 632 1072 825 415 801 644 480 612 628 75 441
887 647 521 221 509 1019 296 786 221 656 937 515 522 701 67 633 1063 443 876 0 518 355 503 626 451 482 484 628 572 603 481 637 358 386 919 598
781 710 257 396 61 720 363 675 396 163 638 251 66 764 502 140 764 180 770 518 0 282 610 689 90 589 427 135 381 111 601 418 246 225 813 379
578 507 228 484 238 977 183 868 484 420 895 222 287 562 339 397 1021 150 567 355 282 0 390 486 303 369 566 392 238 368 381 303 65 93 610 264
664 191 556 632 566 1161 331 1016 632 748 1079 550 614 223 487 725 1205 478 653 503 610 390 0 268 593 60 714 720 475 696 72 539 393 421 696 500
523 93 459 755 645 1280 454 1139 755 827 1201 461 693 147 610 804 1313 541 512 626 689 486 268 0 709 288 836 799 334 775 316 399 515 543 555 360
801 731 278 329 82 785 296 662 329 228 703 272 95 785 435 205 829 200 791 451 90 303 593 709 0 572 360 200 402 176 583 439 266 245 834 399
643 212 535 611 545 1140 310 995 611 727 1058 529 593 244 466 704 1184 457 632 482 589 369 60 288 572 0 693 699 454 675 51 518 372 400 675 479
1097 857 615 362 418 698 417 417 362 526 615 609 431 912 468 542 741 537 1087 484 427 566 714 836 360 693 0 537 738 513 704 775 569 582 1129 736
891 820 367 506 171 747 473 701 506 190 665 361 137 874 612 28 791 290 880 628 135 392 720 799 200 699 537 0 491 40 711 528 356 335 923 489
426 355 151 701 337 1076 400 1031 701 519 994 153 386 410 556 496 1120 233 415 572 381 238 475 334 402 454 738 491 0 467 466 91 283 295 458 52
867 796 343 482 147 723 449 677 482 165 640 337 112 850 587 45 766 265 856 603 111 368 696 775 176 675 513 40 467 0 686 504 331 311 899 465
655 239 547 610 556 1152 322 1007 610 738 1069 541 605 271 465 716 1195 469 644 481 601 381 72 316 583 51 704 711 466 686 0 530 384 411 687 491
491 420 188 744 374 1113 465 1068 744 556 1031 190 423 474 621 533 1157 270 480 637 418 303 539 399 439 518 775 528 91 504 530 0 347 332 523 71
622 537 192 487 201 941 186 871 487 384 858 186 250 591 342 361 985 114 612 358 246 65 393 515 266 372 569 356 283 331 384 347 0 57 654 308
650 564 171 515 181 920 214 875 515 363 838 165 229 619 370 340 964 93 640 386 225 93 421 543 245 400 582 335 295 311 411 332 57 0 682 292
237 576 539 1048 724 1159 747 1418 1048 906 1178 540 773 631 903 883 1192 621 75 919 768 610 696 555 789 675 1126 878 458 854 687 523 654 682 0 484
452 381 149 705 335 1074 426 1029 705 517 992 150 383 435 582 494 1118 231 441 598 379 264 500 360 399 479 736 489 52 465 491 71 308 292 484 0
EOF