NAME : tsp_problem
TYPE : TSP
DIMENSION : 70
EDGE_WEIGHT_TYPE : EXPLICIT
EDGE_WEIGHT_FORMAT : FULL_MATRIX
EDGE_WEIGHT_SECTION
0 627 360 371 199 334 576 559 563 769 373 584 437 313 742 450 159 388 787 231 468 793 308 452 507 647 588 240 674 1054 700 428 346 359 149 535 350 482 151 866 673 293 346 697 779 403 376 161 149 479 468 135 696 154 493 983 413 405 515 594 909 831 434 981 874 728 253 373 373 569
511 0 380 615 344 677 726 709 335 918 456 330 681 673 638 215 568 565 884 498 364 834 678 696 656 543 738 327 824 1094 596 404 590 255 559 551 694 498 383 1009 822 543 286 737 928 131 364 571 558 628 364 545 846 563 643 1024 757 600 280 730 949 871 399 1022 1000 662 340 455 456 341
360 366 0 269 316 593 692 675 236 885 489 323 335 572 858 470 417 532 903 173 584 910 567 350 623 763 704 356 791 1170 816 544 244 475 408 651 609 598 267 982 789 409 463 813 895 386 50 420 408 595 584 394 812 412 610 1100 411 303 535 710 1025 947 550 1098 990 844 369 489 489 243
371 600 269 0 365 642 742 725 471 935 539 557 186 621 908 616 467 581 952 223 634 959 616 201 672 813 754 406 840 1220 866 594 66 525 458 701 659 648 316 1032 839 459 512 863 944 569 284 469 457 645 633 444 862 462 659 1149 262 58 681 760 1074 997 599 1147 1040 893 419 539 539 477
199 460 316 365 0 432 531 514 421 724 328 417 432 411 575 283 256 371 742 186 301 749 406 447 462 480 543 73 630 1009 533 341 341 192 247 488 448 435 96 821 628 248 180 652 734 237 331 259 247 434 301 233 651 251 449 939 508 400 348 549 864 786 336 937 829 599 86 328 328 428
334 859 593 642 432 0 363 434 795 556 247 816 709 77 630 616 290 136 573 463 392 668 83 724 293 572 375 472 461 928 624 303 618 449 280 409 54 356 383 653 460 268 496 552 565 569 608 200 280 348 392 232 483 285 274 858 704 677 681 468 709 706 308 856 661 602 485 247 247 801
576 958 692 742 531 363 0 252 894 325 296 915 808 358 448 664 571 251 343 562 441 444 364 823 91 456 40 571 231 746 464 351 717 497 561 458 379 405 482 423 229 316 544 321 335 618 708 481 561 151 440 513 252 566 200 676 885 776 729 286 478 524 356 674 431 420 584 296 296 901
559 942 675 725 514 434 252 0 878 445 279 899 792 429 244 648 616 322 332 546 424 282 435 807 182 252 264 555 350 542 260 334 700 481 607 441 450 388 466 457 349 300 528 186 403 601 691 552 607 154 424 584 372 611 286 472 868 760 713 82 397 320 340 470 449 216 568 279 279 884
563 263 236 471 421 795 894 878 0 1087 665 278 537 774 848 424 619 734 1094 375 574 1043 769 552 825 753 906 375 993 1019 806 614 446 465 610 760 811 707 460 1184 991 611 496 947 1097 340 220 622 610 797 573 596 1014 614 812 1083 614 456 489 912 1158 1081 608 1002 1193 871 358 665 665 159
769 1151 885 935 724 556 325 445 1087 0 489 1108 1001 551 477 857 763 443 153 755 634 198 557 1016 284 485 337 764 127 775 493 544 910 690 754 651 572 598 675 168 126 509 737 300 81 811 901 674 754 344 633 706 105 758 393 705 1078 969 922 411 224 553 549 703 176 449 777 489 489 1093
373 704 489 539 328 247 296 279 665 489 0 661 605 243 445 394 430 135 506 359 171 513 248 620 226 350 308 368 394 774 403 81 514 228 420 188 264 135 279 586 393 113 275 417 498 348 505 366 420 199 171 397 416 425 213 703 682 573 459 314 628 551 87 701 594 447 381 75 75 672
561 68 323 557 394 727 775 759 278 968 506 0 624 722 688 264 618 615 934 462 414 883 728 639 706 593 787 371 874 1144 646 454 533 305 608 600 743 547 433 1058 872 593 336 787 978 181 307 620 608 678 413 594 895 613 693 1073 700 543 329 780 998 921 448 1071 1050 711 353 505 505 284
437 667 335 186 432 709 808 792 537 1001 605 624 0 688 974 682 533 648 1019 289 700 1026 683 59 739 880 820 472 907 1286 932 660 161 591 524 767 725 714 383 1098 905 525 579 929 1011 636 351 536 524 711 700 510 928 528 726 1216 143 220 747 826 1141 1063 666 1214 1107 960 485 605 605 543
313 838 572 621 411 77 358 429 774 551 243 795 688 0 626 611 268 132 569 442 388 664 62 703 289 567 370 451 457 924 620 298 597 445 259 405 94 352 362 649 455 263 492 547 561 565 587 179 259 343 387 210 479 263 269 854 683 656 676 464 704 701 304 852 657 598 464 243 243 780
742 886 858 908 575 630 448 244 848 477 445 843 974 626 0 577 799 518 360 728 305 309 631 989 379 194 460 558 475 570 203 393 883 410 789 540 646 487 614 484 473 496 457 213 431 530 874 748 789 351 305 775 496 794 482 499 1051 942 642 206 424 347 388 497 476 56 571 444 445 854
450 463 470 616 283 616 664 648 424 857 394 420 682 611 577 0 507 504 823 436 303 772 617 697 595 482 676 266 763 1033 535 343 591 194 497 489 632 436 322 947 761 482 225 676 867 107 453 509 497 567 302 483 784 502 582 962 759 650 157 669 887 810 337 960 939 600 279 394 394 430
159 684 417 467 256 290 571 616 619 763 430 641 533 268 799 507 0 344 781 287 525 850 263 548 501 704 583 297 669 1111 757 485 442 416 40 592 306 539 207 861 667 350 403 754 773 460 433 117 57 536 524 91 691 46 482 1040 529 502 572 651 916 888 490 1038 869 784 310 430 430 626
388 798 532 581 371 136 251 322 734 443 135 755 648 132 518 504 344 0 461 402 280 556 137 663 181 459 263 411 349 816 512 191 557 337 335 297 152 244 322 541 347 156 384 439 453 457 547 254 334 236 280 286 371 339 162 746 724 616 569 356 596 594 196 744 549 490 424 135 135 740
787 1132 903 952 742 573 343 332 1094 153 506 1089 1019 569 360 823 781 461 0 773 551 203 574 1034 302 367 355 782 210 658 376 562 928 656 772 668 590 615 693 173 208 527 703 171 107 776 919 692 772 362 551 723 187 776 411 588 1095 987 888 294 228 435 567 586 181 332 795 506 506 1100
231 505 173 223 186 463 562 546 375 755 359 462 289 442 728 436 287 402 773 0 454 780 437 304 493 634 574 226 661 1040 686 414 198 345 278 521 479 468 137 852 659 279 333 683 765 390 189 290 278 465 454 264 682 282 480 970 366 257 501 580 895 817 420 968 861 714 239 359 359 381
468 612 584 634 301 392 441 424 574 634 171 569 700 388 305 303 525 280 551 454 0 501 393 715 372 211 453 284 539 761 263 119 609 136 516 266 409 213 340 676 538 258 183 405 622 256 600 511 515 344 71 502 561 520 358 691 777 669 368 397 616 539 114 689 668 329 297 171 171 580
793 1082 910 959 749 668 444 282 1043 198 513 1039 1026 664 309 772 850 556 203 780 501 0 669 1041 403 317 456 753 255 608 325 569 935 606 841 675 684 622 700 206 253 534 652 148 152 726 925 787 841 389 501 818 233 845 512 537 1102 994 837 244 146 385 574 535 197 281 766 513 513 1049
308 833 567 616 406 83 364 435 769 557 248 790 683 62 631 617 263 137 574 437 393 669 0 698 294 573 376 446 462 929 625 304 592 450 254 410 99 357 357 654 461 269 497 553 566 570 582 174 254 349 393 206 484 258 275 859 678 651 682 469 710 707 309 857 662 603 459 248 248 775
452 682 350 201 447 724 823 807 552 1016 620 639 59 703 989 697 548 663 1034 304 715 1041 698 0 754 895 835 487 922 1301 947 675 176 606 539 782 740 729 398 1113 920 540 594 944 1026 651 366 551 539 726 715 525 943 543 741 1231 158 235 762 841 1156 1078 681 1229 1122 975 500 620 620 558
507 889 623 672 462 293 91 182 825 284 226 846 739 289 379 595 501 181 302 493 372 403 294 754 0 386 103 502 190 677 394 282 648 428 492 388 310 335 413 382 188 247 475 280 294 548 639 412 492 82 371 443 212 496 131 607 815 707 660 217 437 454 287 604 390 351 515 226 226 831
647 791 763 813 480 572 456 252 753 485 350 749 880 567 194 482 704 459 367 634 211 317 573 895 386 0 468 463 482 578 79 298 788 315 695 445 588 392 519 492 481 437 362 221 439 436 779 690 695 358 211 681 504 699 490 507 956 848 547 213 432 355 293 505 484 167 476 350 350 759
588 970 704 754 543 375 40 264 906 337 308 928 820 370 460 676 583 263 355 574 453 456 376 835 103 468 0 583 243 758 476 363 729 509 573 470 391 417 494 435 241 328 556 333 347 630 720 493 573 163 452 525 265 578 212 688 897 788 741 298 490 536 369 686 443 432 596 308 308 913
240 414 356 406 73 472 571 555 375 764 368 371 472 451 558 266 297 411 782 226 284 753 446 487 502 463 583 0 670 1014 516 324 381 175 287 470 488 417 112 862 668 288 196 657 774 219 372 299 287 474 283 273 692 292 489 943 549 440 331 589 868 791 318 941 870 581 48 368 368 382
674 1057 791 840 630 461 231 350 993 127 394 1014 907 457 475 763 669 349 210 661 539 255 462 922 190 482 243 670 0 773 490 450 816 596 660 556 478 503 581 225 31 415 643 286 137 716 806 580 660 250 539 611 55 664 299 703 983 875 828 385 280 550 455 701 233 447 683 394 394 999
1054 1169 1170 1220 1009 928 746 542 1117 775 774 1185 1286 924 570 1033 1111 816 658 1040 761 608 929 1301 677 578 758 1014 773 0 586 829 1195 866 1101 936 945 883 960 783 771 794 913 511 729 986 1186 1047 1101 649 761 1078 795 1106 781 97 1363 1254 1098 504 723 250 834 106 774 542 1027 774 774 1114
700 844 816 866 533 624 464 260 806 493 403 801 932 620 203 535 757 512 376 686 263 325 625 947 394 79 476 516 490 586 0 351 841 368 747 498 641 445 572 500 489 490 415 229 447 488 832 743 747 366 263 733 512 752 498 515 1009 900 600 221 440 363 346 513 492 175 529 402 403 812
428 652 544 594 341 303 351 334 614 544 81 609 660 298 393 343 485 191 562 414 119 569 304 675 282 298 363 324 450 829 351 0 569 176 476 176 319 123 334 641 448 168 223 472 554 296 560 421 475 254 119 453 471 480 269 759 737 629 408 369 684 606 41 757 649 417 337 81 81 620
346 576 244 66 341 618 717 700 446 910 514 533 161 597 883 591 442 557 928 198 609 935 592 176 648 788 729 381 816 1195 841 569 0 500 433 676 634 623 292 1007 814 434 487 838 920 544 260 445 433 620 609 419 837 437 635 1125 237 83 656 735 1050 972 575 1122 1015 869 394 514 514 452
359 503 475 525 192 449 497 481 465 690 228 460 591 445 410 194 416 337 656 345 136 606 450 606 428 315 509 175 596 866 368 176 500 0 407 322 465 269 231 780 594 315 74 509 700 147 491 418 406 400 135 393 618 411 415 795 668 559 259 502 721 643 170 793 772 433 188 227 227 471
149 674 408 458 247 280 561 607 610 754 420 631 524 259 789 497 40 335 772 278 516 841 254 539 492 695 573 287 660 1101 747 476 433 407 0 582 297 529 198 852 658 340 394 745 764 451 424 107 48 526 515 81 681 37 472 1031 519 492 562 641 907 879 481 1029 860 775 300 420 420 616
535 799 651 701 488 409 458 441 760 651 188 756 767 405 540 489 592 297 668 521 266 675 410 782 388 445 470 470 556 936 498 176 676 322 582 0 426 61 441 748 555 275 369 579 660 443 667 528 582 361 265 559 578 587 375 865 844 735 554 476 790 713 181 863 756 563 483 188 188 766
350 875 609 659 448 54 379 450 811 572 264 833 725 94 646 632 306 152 590 479 409 684 99 740 310 588 391 488 478 945 641 319 634 465 297 426 0 373 399 669 476 284 512 568 582 586 625 217 296 364 408 248 499 301 290 874 721 694 697 485 725 722 324 872 678 619 502 264 264 818
482 746 598 648 435 356 405 388 707 598 135 703 714 352 487 436 539 244 615 468 213 622 357 729 335 392 417 417 503 883 445 123 623 269 529 61 373 0 388 695 502 222 316 526 607 390 614 475 529 308 212 506 525 534 322 812 791 682 501 423 737 660 128 810 703 510 430 135 135 713
151 499 267 316 96 383 482 466 460 675 279 456 383 362 614 322 207 322 693 137 340 700 357 398 413 519 494 112 581 960 572 334 292 231 198 441 399 388 0 772 579 199 219 603 685 276 283 210 198 385 340 184 602 202 400 890 459 351 387 500 815 737 340 888 781 634 125 279 279 467
866 1249 982 1032 821 653 423 457 1184 168 586 1206 1098 649 484 947 861 541 173 852 676 206 654 1113 382 492 435 862 225 783 500 641 1007 780 852 748 669 695 772 0 223 606 827 320 122 901 998 771 851 441 676 803 203 856 491 712 1175 1067 1012 418 80 560 647 710 58 456 875 586 586 1191
673 1055 789 839 628 460 229 349 991 126 393 1012 905 455 473 761 667 347 208 659 538 253 461 920 188 481 241 668 31 771 489 448 814 594 658 555 476 502 579 223 0 413 641 285 136 715 805 578 658 248 537 609 53 662 297 701 982 873 826 383 279 549 453 699 231 445 681 393 393 997
293 675 409 459 248 268 316 300 611 509 113 632 525 263 496 482 350 156 527 279 258 534 269 540 247 437 328 288 415 794 490 168 434 315 340 275 284 222 199 606 413 0 362 437 519 435 425 352 340 219 258 326 436 345 234 724 602 493 547 334 649 571 174 722 615 468 301 113 113 617
346 534 463 512 180 496 544 528 496 737 275 491 579 492 457 225 403 384 703 333 183 652 497 594 475 362 556 196 643 913 415 223 487 74 394 369 512 316 219 827 641 362 0 556 747 178 478 406 394 447 182 380 664 398 462 842 655 547 290 549 768 690 217 840 819 480 209 274 274 502
697 985 813 863 652 552 321 186 947 300 417 942 929 547 213 676 754 439 171 683 405 148 553 944 280 221 333 657 286 511 229 472 838 509 745 579 568 526 603 320 285 437 556 0 254 629 829 670 744 292 405 701 308 749 389 441 1006 897 741 147 263 289 478 439 314 185 670 417 417 953
779 1161 895 944 734 565 335 403 1097 81 498 1118 1011 561 431 867 773 453 107 765 622 152 566 1026 294 439 347 774 137 729 447 554 920 700 764 660 582 607 685 122 136 519 747 254 0 820 910 684 764 354 622 715 115 768 403 659 1087 979 932 365 178 506 559 657 130 403 787 498 498 1103
403 379 386 569 237 569 618 601 340 811 348 336 636 565 530 107 460 457 776 390 256 726 570 651 548 436 630 219 716 986 488 296 544 147 451 443 586 390 276 901 715 435 178 629 820 0 370 463 451 520 256 437 738 455 535 916 712 604 172 622 841 763 291 914 892 554 232 348 348 347
376 350 50 284 331 608 708 691 220 901 505 307 351 587 874 453 433 547 919 189 600 925 582 366 639 779 720 372 806 1186 832 560 260 491 424 667 625 614 283 998 805 425 478 829 910 370 0 436 423 611 599 410 828 428 625 1115 427 316 518 726 1040 963 565 1113 1006 859 385 505 505 226
161 686 420 469 259 200 481 552 622 674 366 643 536 179 748 509 117 254 692 290 511 787 174 551 412 690 493 299 580 1047 743 421 445 418 107 528 217 475 210 771 578 352 406 670 684 463 436 0 107 466 510 59 601 112 392 976 531 504 574 587 827 824 427 974 780 721 312 366 366 628
149 674 408 457 247 280 561 607 610 754 420 631 524 259 789 497 57 334 772 278 515 841 254 539 492 695 573 287 660 1101 747 475 433 406 48 582 296 529 198 851 658 340 394 744 764 451 423 107 0 526 515 81 681 54 472 1031 519 492 562 641 907 878 481 1029 859 775 300 420 420 616
479 861 595 645 434 348 151 154 797 344 199 818 711 343 351 567 536 236 362 465 344 389 349 726 82 358 163 474 250 649 366 254 620 400 526 361 364 308 385 441 248 219 447 292 354 520 611 466 526 0 343 498 271 531 185 579 788 679 632 189 497 426 259 577 449 323 487 199 199 803
468 612 584 633 301 392 440 424 573 633 171 569 700 387 305 302 524 280 551 454 71 501 393 715 371 211 452 283 539 761 263 119 609 135 515 265 408 212 340 676 537 258 182 405 622 256 599 510 515 343 0 501 560 519 358 691 776 668 367 397 616 539 113 689 668 329 296 170 170 579
135 660 394 444 233 232 513 584 596 706 397 617 510 210 775 483 91 286 723 264 502 818 206 525 443 681 525 273 611 1078 733 453 419 393 81 559 248 506 184 803 609 326 380 701 715 437 410 59 81 498 501 0 633 86 424 1008 505 478 548 618 859 856 458 1006 811 752 286 397 397 602
696 1078 812 862 651 483 252 372 1014 105 416 1036 928 479 496 784 691 371 187 682 561 233 484 943 212 504 265 692 55 795 512 471 837 618 681 578 499 525 602 203 53 436 664 308 115 738 828 601 681 271 560 633 0 686 321 724 1005 897 849 406 258 572 477 722 211 468 705 416 416 1021
154 679 412 462 251 285 566 611 614 758 425 636 528 263 794 502 46 339 776 282 520 845 258 543 496 699 578 292 664 1106 752 480 437 411 37 587 301 534 202 856 662 345 398 749 768 455 428 112 54 531 519 86 686 0 477 1035 524 497 567 646 911 883 485 1033 864 779 305 425 425 621
493 876 610 659 449 274 200 286 812 393 213 833 726 269 482 582 482 162 411 480 358 512 275 741 131 490 212 489 299 781 498 269 635 415 472 375 290 322 400 491 297 234 462 389 403 535 625 392 472 185 358 424 321 477 0 710 802 694 647 321 546 558 274 708 499 454 502 213 213 818
983 1233 1100 1149 939 858 676 472 1181 705 703 1229 1216 854 499 962 1040 746 588 970 691 537 859 1231 607 507 688 943 703 97 515 759 1125 795 1031 865 874 812 890 712 701 724 842 441 659 916 1115 976 1031 579 691 1008 724 1035 710 0 1292 1184 1027 434 652 180 764 170 704 471 956 703 703 1178
413 743 411 262 508 704 885 868 614 1078 682 700 143 683 1051 759 529 724 1095 366 777 1102 678 158 815 956 897 549 983 1363 1009 737 237 668 519 844 721 791 459 1175 982 602 655 1006 1087 712 427 531 519 788 776 505 1005 524 802 1292 0 297 824 903 1217 1140 742 1290 1183 1036 562 682 682 620
405 586 303 58 400 677 776 760 456 969 573 543 220 656 942 650 502 616 987 257 669 994 651 235 707 848 788 440 875 1254 900 629 83 559 492 735 694 682 351 1067 873 493 547 897 979 604 316 504 492 679 668 478 897 497 694 1184 297 0 715 794 1109 1032 634 1182 1075 928 453 573 573 462
515 528 535 681 348 681 729 713 489 922 459 485 747 676 642 157 572 569 888 501 368 837 682 762 660 547 741 331 828 1098 600 408 656 259 562 554 697 501 387 1012 826 547 290 741 932 172 518 574 562 632 367 548 849 567 647 1027 824 715 0 733 952 875 402 1025 1004 665 344 459 459 495
594 976 710 760 549 468 286 82 912 411 314 933 826 464 206 669 651 356 294 580 397 244 469 841 217 213 298 589 385 504 221 369 735 502 641 476 485 423 500 418 383 334 549 147 365 622 726 587 641 189 397 618 406 646 321 434 903 794 733 0 359 281 374 431 410 178 602 314 314 918
909 1197 1025 1074 864 709 478 397 1158 224 628 1154 1141 704 424 887 916 596 228 895 616 146 710 1156 437 432 490 868 280 723 440 684 1050 721 907 790 725 737 815 80 279 649 768 263 178 841 1040 827 907 497 616 859 258 911 546 652 1217 1109 952 359 0 500 689 650 71 397 881 628 628 1165
831 1119 947 997 786 706 524 320 1081 553 551 1077 1063 701 347 810 888 594 435 817 539 385 707 1078 454 355 536 791 550 250 363 606 972 643 879 713 722 660 737 560 549 571 690 289 506 763 963 824 878 426 539 856 572 883 558 180 1140 1032 875 281 500 0 612 178 552 319 804 551 551 1087
434 647 550 599 336 308 356 340 608 549 87 604 666 304 388 337 490 196 567 420 114 574 309 681 287 293 369 318 455 834 346 41 575 170 481 181 324 128 340 647 453 174 217 478 559 291 565 427 481 259 113 458 477 485 274 764 742 634 402 374 689 612 0 762 655 411 331 86 86 614
981 1153 1098 1147 937 856 674 470 1101 703 701 1169 1214 852 497 960 1038 744 586 968 689 535 857 1229 604 505 686 941 701 106 513 757 1122 793 1029 863 872 810 888 710 699 722 840 439 657 914 1113 974 1029 577 689 1006 722 1033 708 170 1290 1182 1025 431 650 178 762 0 702 469 954 701 701 1098
874 1248 990 1040 829 661 431 449 1193 176 594 1205 1107 657 476 939 869 549 181 861 668 197 662 1122 390 484 443 870 233 774 492 649 1015 772 860 756 678 703 781 58 231 615 819 314 130 892 1006 780 859 449 668 811 211 864 499 704 1183 1075 1004 410 71 552 655 702 0 448 883 594 594 1199
728 910 844 893 599 602 420 216 871 449 447 867 960 598 56 600 784 490 332 714 329 281 603 975 351 167 432 581 447 542 175 417 869 433 775 563 619 510 634 456 445 468 480 185 403 554 859 721 775 323 329 752 468 779 454 471 1036 928 665 178 397 319 411 469 448 0 594 447 447 877
253 396 369 419 86 485 584 568 358 777 381 353 485 464 571 279 310 424 795 239 297 766 459 500 515 476 596 48 683 1027 529 337 394 188 300 483 502 430 125 875 681 301 209 670 787 232 385 312 300 487 296 286 705 305 502 956 562 453 344 602 881 804 331 954 883 594 0 381 381 364
373 704 489 539 328 247 296 279 665 489 75 661 605 243 444 394 430 135 506 359 171 513 248 620 226 350 308 368 394 774 402 81 514 227 420 188 264 135 279 586 393 113 274 417 498 348 505 366 420 199 170 397 416 425 213 703 682 573 459 314 628 551 86 701 594 447 381 0 74 671
373 704 489 539 328 247 296 279 665 489 75 661 605 243 445 394 430 135 506 359 171 513 248 620 226 350 308 368 394 774 403 81 514 227 420 188 264 135 279 586 393 113 274 417 498 348 505 366 420 199 170 397 416 425 213 703 682 573 459 314 628 551 86 701 594 447 381 74 0 671
569 280 243 477 428 801 901 884 159 1093 672 284 543 780 854 430 626 740 1100 381 580 1049 775 558 831 759 913 382 999 1016 812 620 452 471 616 766 818 713 467 1191 997 617 502 953 1103 347 226 628 616 803 579 602 1021 621 818 1079 620 462 495 918 1165 1087 614 999 1199 877 364 671 671 0
EOF