NAME : tsp_problem
TYPE : TSP
DIMENSION : 60
EDGE_WEIGHT_TYPE : EXPLICIT
EDGE_WEIGHT_FORMAT : FULL_MATRIX
EDGE_WEIGHT_SECTION
0 923 472 1110 863 590 442 723 342 545 782 935 447 443 958 992 728 103 104 509 476 305 385 791 1060 585 40 490 455 454 531 239 442 529 320 210 1056 415 997 618 1166 234 457 488 656 1326 926 47 713 546 512 760 442 652 1469 1025 790 316 442 886
923 0 766 712 207 697 656 433 828 1238 385 179 704 737 202 503 397 899 852 630 1169 998 764 153 663 372 917 595 1148 561 637 806 655 1222 849 1099 172 709 241 578 678 736 1150 600 440 838 369 936 638 712 619 363 656 305 1126 628 393 938 656 230
472 766 0 809 707 350 142 617 233 788 626 779 146 45 802 691 621 449 402 208 718 547 551 635 760 478 467 189 697 281 425 585 142 771 637 649 899 77 841 511 866 477 700 188 355 1025 650 486 413 246 406 604 142 495 1314 725 634 343 142 729
895 712 595 0 760 645 485 728 656 1211 679 673 532 565 745 414 691 872 825 504 1141 970 846 688 82 572 890 424 1120 576 720 888 484 1194 932 1072 842 537 784 806 589 819 1123 428 409 749 374 909 335 541 701 657 484 549 1037 141 687 766 485 783
863 207 707 842 0 637 597 328 768 1179 279 334 644 677 358 658 291 840 793 570 1109 938 704 94 792 313 858 536 1088 501 553 746 596 1162 790 1040 354 649 397 473 833 677 1091 540 380 993 524 877 578 653 534 257 596 245 1281 758 288 878 596 47
590 697 350 859 637 0 240 497 411 906 556 709 287 320 732 741 502 567 520 164 836 665 431 565 810 359 585 239 815 161 305 473 239 889 517 767 829 292 771 392 916 404 818 238 405 1076 700 604 463 271 286 534 239 426 1364 775 564 521 240 659
442 656 142 699 597 240 0 507 203 758 515 668 79 112 692 581 511 419 372 98 688 517 441 525 649 368 437 79 667 171 314 483 70 741 526 619 789 84 731 401 756 413 670 78 245 915 540 456 303 136 295 494 71 385 1204 615 524 313 71 619
723 433 617 809 328 497 507 0 678 1039 144 541 554 587 564 666 64 656 653 431 969 798 477 302 760 280 718 503 948 361 284 519 506 1022 562 828 580 559 603 204 840 537 951 505 347 1000 532 737 546 538 265 122 506 213 1289 725 152 788 506 350
342 828 233 871 768 411 203 678 0 657 687 840 208 204 863 752 682 318 271 270 588 417 539 696 821 540 336 250 567 342 486 455 203 641 553 518 960 176 902 572 927 346 569 249 417 1087 712 355 474 307 467 665 203 557 1375 786 695 247 203 790
545 1238 788 1250 1179 906 758 1039 657 0 1098 1251 762 759 1274 1108 1043 522 475 825 130 269 743 1107 1201 900 540 805 122 770 847 658 758 183 756 722 1371 731 1313 933 1183 550 118 804 971 1559 1223 559 1029 862 828 1076 758 967 1123 1166 1106 632 758 1201
782 385 626 761 279 556 515 144 687 1098 0 492 563 596 515 617 107 740 711 489 1028 857 561 254 711 232 777 454 1007 420 368 603 515 1081 647 912 531 568 554 289 792 596 1010 459 299 952 483 795 497 572 350 47 515 164 1240 676 40 797 515 302
935 179 779 673 334 709 668 541 840 1251 492 0 716 749 212 463 504 912 864 642 1181 1010 776 280 623 385 930 608 1160 573 650 818 668 1234 862 1112 309 721 251 686 638 749 1163 612 452 798 329 949 650 725 631 470 668 362 1086 588 500 950 668 357
447 704 146 747 644 287 79 554 208 762 563 716 0 117 739 628 558 423 376 146 693 522 488 572 697 416 441 127 672 218 362 530 79 746 574 623 837 89 778 449 803 451 674 125 293 963 588 460 350 183 343 541 79 433 1252 662 571 318 79 667
443 737 45 780 677 320 112 587 204 759 596 749 117 0 773 662 592 420 372 179 689 518 522 606 730 449 438 160 668 251 395 556 112 742 607 620 870 48 812 482 836 447 671 159 326 996 621 457 384 216 376 574 112 466 1285 695 604 314 112 700
958 202 802 745 358 732 692 564 863 1274 515 212 739 773 0 536 527 935 888 666 1204 1033 800 303 696 408 953 631 1183 597 673 841 691 1257 885 1135 205 745 147 709 710 772 1186 636 475 870 402 972 673 748 654 494 691 385 1159 661 524 973 692 380
992 503 691 345 658 741 581 666 752 1009 617 463 628 662 536 0 629 968 921 600 917 1066 901 604 296 510 986 520 1020 672 775 943 580 993 987 1168 633 634 575 811 298 874 1094 525 423 501 164 1005 431 637 756 595 581 487 672 261 625 862 581 681
728 397 621 773 291 502 511 64 682 1043 107 504 558 592 527 629 0 660 657 435 974 803 481 266 723 244 722 466 953 366 289 523 510 1027 567 832 543 564 566 209 804 541 955 471 311 964 495 741 509 543 270 85 511 176 1252 688 115 792 511 314
103 899 449 1086 840 567 419 656 318 522 740 912 423 420 935 968 660 0 81 486 452 281 312 768 1037 561 98 466 431 431 464 165 419 505 264 280 1032 392 974 551 1143 211 434 465 632 1303 903 117 690 523 445 719 419 628 1445 1002 749 293 419 862
104 852 402 1039 793 520 372 653 271 475 711 864 376 372 888 921 657 81 0 438 405 234 356 721 990 514 99 419 384 384 461 217 372 458 315 281 985 344 927 547 1096 163 387 418 585 1255 855 118 643 476 442 690 372 581 1398 955 720 245 372 815
509 630 208 718 570 164 98 431 270 825 489 642 146 179 666 600 435 486 438 0 755 584 365 499 668 292 504 98 734 95 238 407 98 808 450 686 763 151 705 325 774 337 737 97 264 934 559 522 322 130 219 467 98 359 1223 634 497 380 98 593
476 1169 718 1158 1109 836 688 969 588 130 1028 1181 693 689 1204 1015 974 452 405 755 0 242 673 1037 1108 831 470 736 140 700 777 589 688 113 687 652 1302 661 1243 864 1090 480 215 734 902 1467 1130 489 959 792 758 1006 688 898 1030 1073 1036 562 688 1132
305 998 547 1185 938 665 517 798 417 269 857 1010 522 518 1033 1066 803 281 234 584 242 0 502 866 1135 660 299 565 177 529 606 417 517 295 516 481 1131 490 1072 693 1241 309 180 563 731 1401 1001 318 788 621 587 835 517 727 1235 1100 865 391 517 961
385 764 551 1045 704 431 441 477 539 743 561 776 488 522 800 901 481 312 356 365 673 502 0 633 996 426 380 440 652 296 285 174 440 726 218 483 897 494 839 371 1076 241 655 439 583 1236 767 399 664 473 266 539 441 493 1524 961 569 513 441 727
791 153 635 770 94 565 525 302 696 1107 254 280 572 606 303 604 266 768 721 499 1037 866 633 0 721 241 786 464 1016 430 506 674 524 1090 718 968 299 578 342 447 779 605 1019 469 308 939 470 805 506 581 487 232 525 174 1227 686 262 806 525 116
846 663 545 82 711 595 435 678 607 1161 629 623 483 516 696 365 641 822 775 454 1092 921 796 639 0 522 840 374 1071 526 670 838 434 1145 882 1022 793 488 735 757 540 769 1073 379 359 699 324 859 285 491 651 608 435 499 988 92 638 717 435 733
585 372 478 654 313 359 368 280 540 900 232 385 416 449 408 510 244 561 514 292 831 660 426 241 604 0 579 347 810 223 300 468 367 884 512 761 505 421 447 386 684 399 812 352 192 844 376 598 390 400 281 210 368 102 1133 569 240 650 368 335
40 917 467 1104 858 585 437 718 336 540 777 930 441 438 953 986 722 98 99 504 470 299 380 786 1055 579 0 484 449 449 526 234 437 523 325 215 1050 410 992 612 1161 229 452 483 650 1321 921 52 708 541 507 755 437 646 1463 1020 785 311 437 880
490 595 189 638 536 239 79 503 250 805 454 608 127 160 631 520 466 466 419 98 736 565 440 464 589 347 484 0 715 170 314 482 78 789 526 666 728 132 670 401 695 413 717 65 184 854 479 503 242 135 295 433 79 324 1143 554 463 360 79 558
455 1148 697 1261 1088 815 667 948 567 122 1007 1160 672 668 1183 1119 953 431 384 734 140 177 652 1016 1212 810 449 715 0 679 756 568 667 193 666 631 1281 640 1222 843 1194 459 148 713 881 1551 1151 468 938 771 737 985 667 877 1133 1177 1015 541 667 1111
454 561 281 790 501 161 171 361 342 770 420 573 218 251 597 672 366 431 384 95 700 529 296 430 741 223 449 170 679 0 169 337 170 753 381 631 694 223 636 256 847 268 682 169 336 1006 564 468 394 202 150 398 170 290 1295 706 428 452 170 524
531 637 425 919 553 305 314 284 486 847 368 650 362 395 673 775 289 464 461 238 777 606 285 506 869 300 526 314 756 169 0 326 314 830 370 636 770 367 712 179 950 345 759 313 457 1109 641 545 538 346 59 347 314 367 1398 834 377 596 314 575
239 806 585 1087 746 473 483 519 455 658 603 818 530 556 841 943 523 165 217 407 589 417 174 674 1037 468 234 482 568 337 326 0 482 641 126 392 939 528 880 413 1118 283 570 481 625 1278 809 253 706 514 308 581 482 535 1566 1002 611 429 482 769
442 655 142 698 596 239 70 506 203 758 515 668 79 112 691 580 510 419 372 98 688 517 440 524 649 367 437 78 667 170 314 482 0 741 526 619 788 84 730 400 755 413 670 77 245 915 540 456 302 135 295 493 70 385 1203 614 523 313 70 618
529 1222 771 1234 1162 889 741 1022 641 183 1081 1234 746 742 1257 1091 1027 505 458 808 113 295 726 1090 1184 884 523 789 193 753 830 641 741 0 740 705 1355 714 1296 917 1166 533 268 787 955 1543 1206 542 1012 845 811 1059 741 951 1106 1149 1089 615 741 1185
320 849 637 1131 790 517 526 562 553 756 647 862 574 607 885 987 567 264 315 450 687 516 218 718 1081 512 325 526 666 381 370 126 526 740 0 289 982 579 924 457 1162 326 668 525 669 1321 853 303 750 558 351 625 526 579 1610 1046 655 527 526 812
210 1099 649 1286 1040 767 619 828 518 722 912 1112 623 620 1135 1168 832 280 281 686 652 481 483 968 1237 761 215 666 631 631 636 392 619 705 289 0 1232 592 1174 722 1343 411 634 665 832 1503 1103 193 890 723 617 890 619 828 1645 1202 920 493 619 1062
1056 172 899 842 354 829 789 580 960 1371 531 309 837 870 205 633 543 1032 985 763 1302 1131 897 299 793 505 1050 728 1281 694 770 939 788 1355 982 1232 0 842 185 725 808 869 1283 733 572 967 499 1069 771 845 752 509 789 451 1256 758 539 1070 789 376
415 709 77 752 649 292 84 559 176 731 568 721 89 48 745 634 564 392 344 151 661 490 494 578 702 421 410 132 640 223 367 528 84 714 579 592 842 0 784 454 808 419 643 131 298 968 593 428 355 188 348 546 84 438 1257 667 576 286 84 672
997 241 841 784 397 771 731 603 902 1313 554 251 778 812 147 575 566 974 927 705 1243 1072 839 342 735 447 992 670 1222 636 712 880 730 1296 924 1174 185 784 0 748 749 811 1225 675 514 909 441 1011 712 787 693 533 731 424 1198 700 563 1012 731 419
618 578 511 954 473 392 401 204 572 933 289 686 449 482 709 811 209 551 547 325 864 693 371 447 905 386 612 401 843 256 179 413 400 917 457 722 725 454 748 0 985 432 845 399 492 1145 677 631 624 433 160 267 401 358 1434 870 297 682 401 495
1111 678 810 441 833 860 700 840 872 1084 792 638 748 781 710 298 804 1087 1040 719 992 1186 1062 779 392 684 1105 639 1095 791 935 1103 700 1068 1147 1287 808 753 749 985 0 1034 1169 644 598 513 339 1124 550 756 916 770 700 662 747 357 800 982 700 856
234 736 477 1018 677 404 413 537 346 550 596 749 451 447 772 874 541 211 163 337 480 309 241 605 968 399 229 413 459 268 345 283 413 533 326 411 869 419 811 432 1049 0 462 412 556 1208 740 247 637 445 326 574 413 466 1473 933 604 320 413 699
457 1150 700 1335 1091 818 670 951 569 118 1010 1163 674 671 1186 1193 955 434 387 737 215 180 655 1019 1286 812 452 717 148 682 759 570 670 268 668 634 1283 643 1225 845 1268 462 0 716 883 1554 1154 471 941 774 740 988 670 879 1208 1251 1018 544 670 1113
488 600 188 643 540 238 78 505 249 804 459 612 125 159 636 525 471 465 418 97 734 563 439 469 593 352 483 65 713 169 313 481 77 787 525 665 733 131 675 399 699 412 716 0 189 859 484 502 246 134 294 437 77 329 1148 558 467 359 78 563
656 440 355 541 380 405 245 347 417 971 299 452 293 326 475 423 311 632 585 264 902 731 583 308 492 192 650 184 881 336 457 625 245 955 669 832 572 298 514 492 598 556 883 189 0 757 382 669 227 301 438 277 245 169 1046 457 307 527 245 402
1326 838 1025 749 993 1076 915 1000 1087 1461 952 798 963 996 870 501 964 1303 1255 934 1368 1401 1236 939 699 844 1321 854 1472 1006 1109 1278 915 1444 1321 1503 967 968 909 1145 513 1208 1546 859 757 0 499 1339 766 971 1090 930 915 821 1124 664 960 1197 915 1015
926 369 650 374 524 700 540 532 712 1124 483 329 588 621 402 164 495 903 855 559 1032 1001 767 470 324 376 921 479 1135 564 641 809 540 1108 853 1103 499 593 441 677 339 740 1154 484 382 499 0 939 390 596 622 461 540 353 787 289 491 822 540 547
47 936 486 1123 877 604 456 737 355 559 795 949 460 457 972 1005 741 117 118 522 489 318 399 805 1074 598 52 503 468 468 545 253 456 542 303 193 1069 428 1011 631 1180 247 471 502 669 1339 939 0 727 560 526 774 456 665 1482 1039 804 330 456 899
713 638 413 549 578 463 303 546 474 1029 497 650 350 384 673 431 509 690 643 322 959 788 664 506 500 390 708 242 938 394 538 706 302 1012 750 890 771 355 712 624 606 637 941 246 227 766 390 727 0 359 519 475 302 367 1054 465 505 584 303 601
546 712 246 755 653 271 136 538 307 862 572 725 183 216 748 637 543 523 476 130 792 621 473 581 706 400 541 135 771 202 346 514 135 845 558 723 845 188 787 433 812 445 774 134 301 971 596 560 359 0 327 550 135 441 1260 671 580 417 135 675
512 619 406 900 534 286 295 265 467 828 350 631 343 376 654 756 270 445 442 219 758 587 266 487 850 281 507 295 737 150 59 308 295 811 351 617 752 348 693 160 931 326 740 294 438 1090 622 526 519 327 0 328 295 348 1379 815 358 577 295 556
760 363 604 739 257 534 494 122 665 1076 47 470 541 574 494 595 85 719 690 467 1006 835 539 232 689 210 755 433 985 398 347 581 493 1059 625 890 509 546 533 267 770 574 988 437 277 930 461 774 475 550 328 0 493 142 1218 655 56 775 494 280
442 656 142 699 596 239 71 506 203 758 515 668 79 112 691 581 511 419 372 98 688 517 441 525 649 368 437 79 667 170 314 482 70 741 526 619 789 84 731 401 755 413 670 77 245 915 540 456 302 135 295 493 0 385 1204 614 523 313 71 619
652 305 495 631 245 426 385 213 557 967 164 362 433 466 385 487 176 628 581 359 898 727 493 174 581 102 646 324 877 290 367 535 385 951 579 828 451 438 424 358 662 466 879 329 169 821 353 665 367 441 348 142 385 0 1110 546 172 667 385 268
774 1467 1016 1375 1407 1134 986 1267 886 428 1326 1479 991 987 1503 1233 1272 750 703 1053 335 540 971 1336 1326 1129 768 1034 438 998 1075 887 986 411 985 950 1600 959 1542 1162 1308 778 513 1033 1200 1684 1348 787 1257 1090 1056 1304 986 1196 0 1291 1334 860 986 1430
780 645 480 465 645 530 369 612 541 1096 564 605 417 450 678 347 576 757 710 388 1026 855 731 573 416 456 775 309 1005 461 604 773 369 1079 816 957 775 422 717 691 522 703 1008 313 294 681 306 794 220 426 586 542 369 434 970 0 572 651 369 667
790 393 634 769 288 564 524 152 695 1106 40 500 571 604 524 625 115 749 720 497 1036 865 569 262 719 240 785 463 1015 428 377 611 523 1089 655 920 539 576 563 297 800 604 1018 467 307 960 491 804 505 580 358 56 523 172 1248 685 0 805 524 310
316 938 343 981 878 521 313 788 247 632 797 950 318 314 973 862 792 293 245 380 562 391 513 806 931 650 311 360 541 452 596 429 313 615 527 493 1070 286 1012 682 1037 320 544 359 527 1197 822 330 584 417 577 775 313 667 1485 896 805 0 313 900
442 656 142 699 596 240 71 506 203 758 515 668 79 112 692 581 511 419 372 98 688 517 441 525 649 368 437 79 667 170 314 482 70 741 526 619 789 84 731 401 756 413 670 78 245 915 540 456 303 135 295 494 71 385 1204 615 524 313 0 619
886 230 729 864 47 659 619 350 790 1201 302 357 667 700 380 681 314 862 815 593 1132 961 727 116 815 335 880 558 1111 524 575 769 618 1185 812 1062 376 672 419 495 856 699 1113 563 402 1015 547 899 601 675 556 280 619 268 1304 780 310 900 619 0
EOF