NAME : tsp_problem
TYPE : TSP
DIMENSION : 58
EDGE_WEIGHT_TYPE : EXPLICIT
EDGE_WEIGHT_FORMAT : FULL_MATRIX
EDGE_WEIGHT_SECTION
0 278 701 211 635 239 292 766 903 225 1019 331 439 745 690 914 331 746 188 281 247 300 1072 183 887 766 320 558 653 425 418 448 355 468 234 518 684 529 504 448 344 950 204 365 892 289 898 276 596 884 888 137 208 724 654 243 190 220
278 0 825 229 759 195 44 889 1027 241 1143 274 394 868 814 1037 454 870 204 245 56 255 1196 122 1011 890 276 412 777 380 373 303 290 356 358 474 807 383 628 403 300 1074 225 243 1015 245 1021 232 451 1007 1011 231 305 848 407 259 239 344
701 825 0 758 502 786 839 633 770 772 886 878 920 612 557 781 444 613 735 740 793 846 939 730 755 633 867 732 520 972 875 861 902 842 540 999 551 774 221 953 891 817 751 912 759 836 765 823 693 751 755 684 667 591 670 790 737 526
211 229 758 0 692 266 202 822 960 252 1076 347 466 801 747 970 387 803 216 174 254 327 1129 210 944 823 347 485 710 452 445 375 363 429 291 545 741 456 561 475 371 1007 38 316 948 316 954 304 523 940 944 92 234 781 480 271 38 277
635 759 502 692 0 720 772 302 301 706 590 811 920 315 85 312 378 317 669 674 727 780 642 664 286 161 801 1039 224 905 898 929 836 949 473 999 79 1010 305 928 825 520 685 846 290 770 296 757 1077 454 286 617 601 294 1122 724 670 460
239 195 786 266 720 0 208 850 988 201 1104 197 305 829 775 998 415 831 165 365 163 166 1157 100 972 850 187 424 738 291 284 314 221 334 319 385 768 395 588 314 210 1034 259 232 976 156 982 118 463 968 972 192 292 808 552 220 245 305
292 44 839 202 772 208 0 903 1040 254 1156 247 384 882 827 1051 468 883 217 218 70 269 1209 135 1025 903 290 385 790 394 361 275 263 329 371 463 821 356 641 416 313 1087 198 216 1029 259 1035 246 424 1021 1025 244 278 861 380 272 212 358
766 889 633 822 302 850 903 0 573 836 527 942 1050 252 357 584 509 64 800 804 858 911 579 794 557 433 932 1169 140 1036 1029 1059 966 1079 604 1130 351 1140 435 1059 955 457 816 977 562 901 568 888 1207 391 558 748 731 231 1253 855 801 590
903 1027 770 960 301 988 1040 573 0 974 858 1079 1187 583 246 101 646 585 937 942 995 1048 910 932 192 233 1069 1307 492 1173 1166 1197 1104 1217 741 1267 253 1278 573 1196 1093 788 953 1114 79 1038 85 1025 1345 722 76 885 869 562 1390 992 938 728
225 241 772 252 706 201 254 836 974 0 1090 293 401 815 761 984 401 817 86 351 209 262 1143 146 958 837 283 520 724 387 380 410 318 430 305 481 755 491 575 410 306 1021 245 328 962 252 968 239 559 954 959 178 279 795 617 80 231 291
1019 1143 886 1076 590 1104 1156 527 858 1090 0 1195 1304 318 645 868 762 507 1053 1058 1111 1164 75 1048 842 720 1185 1423 414 1289 1283 1313 1220 1333 858 1383 638 1394 689 1313 1209 117 1069 1230 846 1154 852 1141 1461 286 842 1002 985 331 1506 1108 1055 844
331 274 878 347 811 197 247 942 1079 293 1195 0 171 921 866 1090 507 922 256 363 255 146 1248 191 1064 942 166 261 829 237 150 152 77 200 410 251 860 232 680 204 190 1126 342 69 1068 135 1074 235 300 1060 1064 283 384 900 390 311 336 397
439 394 920 466 920 305 384 1050 1187 401 1304 171 0 1029 975 1198 615 1031 365 500 363 254 1356 300 1172 1050 274 206 937 95 62 168 195 112 518 109 968 177 788 63 298 1234 459 206 1176 218 1182 343 244 1168 1172 391 492 1008 398 420 444 505
745 868 612 801 315 829 882 252 583 815 318 921 1029 0 370 593 488 233 779 783 837 890 371 773 567 446 911 1148 139 1015 1008 1038 945 1058 583 1109 364 1119 414 1038 934 249 795 956 571 880 577 867 1186 183 568 727 710 57 1232 834 780 569
690 814 557 747 85 775 827 357 246 761 645 866 975 370 0 256 433 372 724 729 782 835 698 719 230 106 856 1094 279 960 954 984 891 1004 528 1054 50 1065 360 984 880 575 740 901 234 825 240 812 1132 509 231 672 656 349 1177 779 725 515
914 1037 781 970 312 998 1051 584 101 984 868 1090 1198 593 256 0 657 595 948 952 1006 1059 921 942 202 220 1079 1317 502 1184 1177 1207 1114 1227 752 1277 264 1288 583 1207 1103 799 963 1125 90 1049 96 1036 1355 732 86 896 879 573 1401 1003 949 738
331 454 444 387 378 415 468 509 646 401 762 507 615 488 433 657 0 489 365 369 423 476 815 359 631 509 497 734 396 601 594 624 531 644 169 695 427 705 247 624 520 693 381 542 635 466 641 453 772 627 631 313 296 467 818 420 366 155
746 870 613 803 317 831 883 64 585 817 507 922 1031 233 372 595 489 0 780 785 838 891 560 775 569 447 912 1150 120 1016 1010 1040 947 1060 584 1110 365 1121 416 1040 936 438 796 957 573 881 579 868 1188 372 569 728 712 212 1233 835 781 571
188 204 735 216 669 165 217 800 937 86 1053 256 365 779 724 948 365 780 0 315 172 225 1106 109 922 800 246 484 687 350 344 374 281 394 268 444 718 455 538 374 270 984 209 291 926 215 932 202 522 918 922 141 242 758 580 104 194 254
281 245 740 174 674 365 218 804 942 351 1058 363 500 783 729 952 369 785 315 0 271 426 1111 309 926 804 447 501 692 551 477 391 379 445 250 579 722 472 542 532 470 988 170 332 930 416 936 403 540 922 926 238 89 762 496 370 184 259
247 56 793 254 727 163 70 858 995 209 1111 255 363 837 782 1006 423 838 172 271 0 224 1164 90 980 858 244 437 745 349 342 328 279 381 326 442 776 409 596 372 268 1042 250 268 984 214 990 201 476 976 980 199 300 816 432 227 252 312
300 255 846 327 780 166 269 911 1048 262 1164 146 254 890 835 1059 476 891 225 426 224 0 1217 160 1033 911 81 373 798 210 233 263 170 283 379 312 829 344 649 233 73 1095 320 180 1037 75 1043 204 411 1029 1033 252 353 869 501 280 305 365
1072 1196 939 1129 642 1157 1209 579 910 1143 75 1248 1356 371 698 921 815 560 1106 1111 1164 1217 0 1101 895 773 1238 1475 467 1342 1335 1366 1273 1386 910 1436 691 1447 742 1365 1262 169 1122 1283 899 1207 905 1194 1514 339 895 1054 1038 384 1559 1161 1107 897
183 122 730 210 664 100 135 794 932 146 1048 191 300 773 719 942 359 775 109 309 90 160 1101 0 916 795 181 419 682 285 279 309 216 329 263 379 713 390 533 309 205 979 203 226 920 150 926 137 457 912 917 136 237 753 498 164 189 249
887 1011 755 944 286 972 1025 557 192 958 842 1064 1172 567 230 202 631 569 922 926 980 1033 895 916 0 293 1053 1291 476 1158 1151 1181 1088 1201 726 1251 238 1262 557 1181 1077 773 937 1098 180 1023 186 1010 1329 706 176 870 853 547 1375 977 923 712
766 890 633 823 161 850 903 433 233 837 720 942 1050 446 106 220 509 447 800 804 858 911 773 795 293 0 932 1169 354 1036 1029 1060 967 1079 604 1130 113 1141 436 1059 956 651 816 977 257 901 238 888 1208 585 251 748 732 425 1253 855 801 591
320 276 867 347 801 187 290 932 1069 283 1185 166 274 911 856 1079 497 912 246 447 244 81 1238 181 1053 932 0 393 819 231 253 284 191 303 400 333 850 365 670 254 76 1116 341 201 1057 95 1064 224 432 1049 1054 273 374 890 522 301 326 386
558 412 732 485 1039 424 385 1169 1307 520 1423 261 206 1148 1094 1317 734 1150 484 501 437 373 1475 419 1291 1169 393 0 1057 271 160 146 277 128 637 285 1087 60 907 239 417 1353 481 230 1295 362 1301 462 59 1287 1291 510 561 1127 210 539 495 624
653 777 520 710 224 738 790 140 492 724 414 829 937 139 279 502 396 120 687 692 745 798 467 682 476 354 819 1057 0 923 916 947 854 967 491 1017 272 1028 323 946 843 345 703 864 480 788 486 775 1095 278 476 635 619 119 1140 742 688 478
425 380 972 452 905 291 394 1036 1173 387 1289 237 95 1015 960 1184 601 1016 350 551 349 210 1342 285 1158 1036 231 271 923 0 128 233 261 178 504 140 954 243 774 61 254 1220 445 271 1162 160 1168 329 310 1154 1158 377 478 994 463 406 430 491
418 373 875 445 898 284 361 1029 1166 380 1283 150 62 1008 954 1177 594 1010 344 477 342 233 1335 279 1151 1029 253 160 916 128 0 122 174 67 497 142 947 131 767 95 277 1213 438 185 1155 222 1161 322 199 1147 1151 370 471 987 352 399 423 484
448 303 861 375 929 314 275 1059 1197 410 1313 152 168 1038 984 1207 624 1040 374 391 328 263 1366 309 1181 1060 284 146 947 233 122 0 168 90 528 247 977 117 798 201 307 1244 371 121 1185 253 1191 352 185 1177 1181 401 451 1018 296 429 385 514
355 290 902 363 836 221 263 966 1104 318 1220 77 195 945 891 1114 531 947 281 379 279 170 1273 216 1088 967 191 277 854 261 174 168 0 221 435 275 885 249 705 228 214 1151 358 85 1092 160 1098 259 316 1084 1089 308 409 925 406 336 361 421
468 356 842 429 949 334 329 1079 1217 430 1333 200 112 1058 1004 1227 644 1060 394 445 381 283 1386 329 1201 1079 303 128 967 178 67 90 221 0 547 192 997 99 817 145 327 1263 424 174 1205 273 1211 372 166 1197 1201 421 504 1037 320 449 438 534
234 358 540 291 473 319 371 604 741 305 858 410 518 583 528 752 169 584 268 250 326 379 910 263 726 604 400 637 491 504 497 528 435 547 0 598 522 609 342 527 424 788 284 445 730 369 736 356 676 722 726 216 200 562 668 323 269 45
518 474 999 545 999 385 463 1130 1267 481 1383 251 109 1109 1054 1277 695 1110 444 579 442 312 1436 379 1251 1130 333 285 1017 140 142 247 275 192 598 0 1048 256 868 107 356 1314 539 285 1255 262 1262 422 324 1247 1252 471 572 1088 477 499 524 584
684 807 551 741 79 768 821 351 253 755 638 860 968 364 50 264 427 365 718 722 776 829 691 713 238 113 850 1087 272 954 947 977 885 997 522 1048 0 1058 354 977 873 569 734 895 242 819 248 806 1126 503 238 666 650 343 1171 773 719 508
529 383 774 456 1010 395 356 1140 1278 491 1394 232 177 1119 1065 1288 705 1121 455 472 409 344 1447 390 1262 1141 365 60 1028 243 131 117 249 99 609 256 1058 0 878 210 388 1324 452 201 1266 334 1272 433 98 1258 1262 482 532 1098 252 510 466 595
504 628 221 561 305 588 641 435 573 575 689 680 788 414 360 583 247 416 538 542 596 649 742 533 557 436 670 907 323 774 767 798 705 817 342 868 354 878 0 797 694 620 554 715 561 639 567 626 895 553 558 486 470 394 872 593 539 329
448 403 953 475 928 314 416 1059 1196 410 1313 204 63 1038 984 1207 624 1040 374 532 372 233 1365 309 1181 1059 254 239 946 61 95 201 228 145 527 107 977 210 797 0 277 1243 468 239 1185 183 1191 352 277 1177 1181 400 501 1017 431 429 453 514
344 300 891 371 825 210 313 955 1093 306 1209 190 298 934 880 1103 520 936 270 470 268 73 1262 205 1077 956 76 417 843 254 277 307 214 327 424 356 873 388 694 277 0 1140 364 225 1081 119 1087 248 456 1073 1077 297 397 914 545 325 350 410
950 1074 817 1007 520 1034 1087 457 788 1021 117 1126 1234 249 575 799 693 438 984 988 1042 1095 169 979 773 651 1116 1353 345 1220 1213 1244 1151 1263 788 1314 569 1324 620 1243 1140 0 1000 1161 777 1085 783 1072 1392 217 773 932 916 262 1437 1039 985 774
204 225 751 38 685 259 198 816 953 245 1069 342 459 795 740 963 381 796 209 170 250 320 1122 203 937 816 341 481 703 445 438 371 358 424 284 539 734 452 554 468 364 1000 0 311 941 310 947 297 519 933 938 85 229 774 475 264 31 270
365 243 912 316 846 232 216 977 1114 328 1230 69 206 956 901 1125 542 957 291 332 268 180 1283 226 1098 977 201 230 864 271 185 121 85 174 445 285 895 201 715 239 225 1161 311 0 1103 170 1109 269 269 1095 1099 318 391 935 359 346 325 431
892 1015 759 948 290 976 1029 562 79 962 846 1068 1176 571 234 90 635 573 926 930 984 1037 899 920 180 257 1057 1295 480 1162 1155 1185 1092 1205 730 1255 242 1266 561 1185 1081 777 941 1103 0 1027 74 1014 1333 710 64 874 857 551 1379 981 927 716
289 245 836 316 770 156 259 901 1038 252 1154 135 218 880 825 1049 466 881 215 416 214 75 1207 150 1023 901 95 362 788 160 222 253 160 273 369 262 819 334 639 183 119 1085 310 170 1027 0 1033 193 401 1019 1023 242 343 859 491 270 295 355
898 1021 765 954 296 982 1035 568 85 968 852 1074 1182 577 240 96 641 579 932 936 990 1043 905 926 186 238 1064 1301 486 1168 1161 1191 1098 1211 736 1262 248 1272 567 1191 1087 783 947 1109 74 1033 0 1020 1339 716 70 880 863 557 1385 987 933 722
276 232 823 304 757 118 246 888 1025 239 1141 235 343 867 812 1036 453 868 202 403 201 204 1194 137 1010 888 224 462 775 329 322 352 259 372 356 422 806 433 626 352 248 1072 297 269 1014 193 1020 0 500 1006 1010 229 330 846 590 257 282 342
596 451 693 523 1077 463 424 1207 1345 559 1461 300 244 1186 1132 1355 772 1188 522 540 476 411 1514 457 1329 1208 432 59 1095 310 199 185 316 166 676 324 1126 98 895 277 456 1392 519 269 1333 401 1339 500 0 1325 1330 549 599 1166 171 577 533 662
884 1007 751 940 454 968 1021 391 722 954 286 1060 1168 183 509 732 627 372 918 922 976 1029 339 912 706 585 1049 1287 278 1154 1147 1177 1084 1197 722 1247 503 1258 553 1177 1073 217 933 1095 710 1019 716 1006 1325 0 707 866 849 196 1371 973 919 708
888 1011 755 944 286 972 1025 558 76 959 842 1064 1172 568 231 86 631 569 922 926 980 1033 895 917 176 251 1054 1291 476 1158 1151 1181 1089 1201 726 1252 238 1262 558 1181 1077 773 938 1099 64 1023 70 1010 1330 707 0 870 853 547 1375 977 923 712
137 231 684 92 617 192 244 748 885 178 1002 283 391 727 672 896 313 728 141 238 199 252 1054 136 870 748 273 510 635 377 370 401 308 421 216 471 666 482 486 400 297 932 85 318 874 242 880 229 549 866 870 0 190 706 543 196 71 203
208 305 667 234 601 292 278 731 869 279 985 384 492 710 656 879 296 712 242 89 300 353 1038 237 853 732 374 561 619 478 471 451 409 504 200 572 650 532 470 501 397 916 229 391 857 343 863 330 599 849 853 190 0 690 555 297 243 186
724 848 591 781 294 808 861 231 562 795 331 900 1008 57 349 573 467 212 758 762 816 869 384 753 547 425 890 1127 119 994 987 1018 925 1037 562 1088 343 1098 394 1017 914 262 774 935 551 859 557 846 1166 196 547 706 690 0 1211 813 759 549
654 407 670 480 1122 552 380 1253 1390 617 1506 390 398 1232 1177 1401 818 1233 580 496 432 501 1559 498 1375 1253 522 210 1140 463 352 296 406 320 668 477 1171 252 872 431 545 1437 475 359 1379 491 1385 590 171 1371 1375 543 555 1211 0 635 489 693
243 259 790 271 724 220 272 855 992 80 1108 311 420 834 779 1003 420 835 104 370 227 280 1161 164 977 855 301 539 742 406 399 429 336 449 323 499 773 510 593 429 325 1039 264 346 981 270 987 257 577 973 977 196 297 813 635 0 249 309
190 239 737 38 670 245 212 801 938 231 1055 336 444 780 725 949 366 781 194 184 252 305 1107 189 923 801 326 495 688 430 423 385 361 438 269 524 719 466 539 453 350 985 31 325 927 295 933 282 533 919 923 71 243 759 489 249 0 256
220 344 526 277 460 305 358 590 728 291 844 397 505 569 515 738 155 571 254 259 312 365 897 249 712 591 386 624 478 491 484 514 421 534 45 584 508 595 329 514 410 774 270 431 716 355 722 342 662 708 712 203 186 549 693 309 256 0
EOF