NAME : tsp_problem
TYPE : TSP
DIMENSION : 50
EDGE_WEIGHT_TYPE : EXPLICIT
EDGE_WEIGHT_FORMAT : FULL_MATRIX
EDGE_WEIGHT_SECTION
0 797 426 915 814 667 376 1131 772 701 954 594 209 735 113 1003 97 756 1019 1135 1028 1203 700 407 1178 1006 807 515 1095 1062 1096 510 839 656 1229 1228 461 1018 1037 355 1079 979 961 48 976 334 182 966 783 712
797 0 755 217 183 195 704 371 223 234 400 344 956 117 714 448 862 69 258 652 268 532 149 736 507 512 313 367 540 368 542 839 284 206 468 556 560 294 366 684 431 425 407 786 483 734 810 411 44 147
426 755 0 873 772 625 153 1089 730 659 912 552 585 693 343 961 491 714 977 1093 986 1161 658 184 1136 964 765 473 1053 1020 1054 287 797 614 1187 1186 419 976 995 132 1037 937 919 415 934 351 439 924 741 670
915 217 873 0 216 340 822 260 256 352 289 462 1074 261 832 337 980 267 147 541 157 421 294 854 396 374 235 485 429 257 431 957 97 351 357 445 678 183 255 801 320 314 296 903 345 852 927 300 242 292
814 183 772 216 0 306 721 369 71 251 360 361 973 227 731 409 879 233 257 650 266 530 260 753 505 412 213 384 501 366 502 856 245 317 467 555 577 292 365 701 430 385 367 803 382 751 827 372 208 258
667 195 625 340 306 0 575 494 302 231 484 214 827 97 584 533 732 245 381 775 391 655 63 606 630 536 337 237 625 491 626 709 369 45 591 679 430 417 489 554 554 509 491 656 506 604 680 496 220 75
376 704 153 822 721 575 0 1039 680 608 862 502 535 642 293 910 441 664 927 1043 936 1111 608 64 1086 914 715 423 1002 970 1004 224 747 564 1137 1135 369 926 945 48 986 887 869 364 884 231 388 873 691 620
1131 371 1089 260 369 494 1039 0 410 581 308 679 1291 415 1049 307 1197 421 166 314 126 309 448 1071 292 473 464 701 349 153 351 1173 326 504 130 286 894 202 174 1018 217 317 315 1120 415 1069 1144 319 396 445
772 223 730 256 71 302 680 410 0 209 318 319 931 268 689 367 837 237 297 691 307 567 300 711 542 370 171 342 459 407 460 814 203 291 507 592 535 333 401 659 443 343 325 761 340 709 785 330 248 298
701 234 659 352 251 231 608 581 209 0 391 248 860 299 618 440 766 193 469 832 478 640 264 640 615 443 244 271 532 499 533 743 276 220 679 665 464 455 474 588 516 416 398 690 413 638 714 403 220 276
954 400 912 289 360 484 862 308 318 391 0 502 1114 444 872 78 1020 420 174 474 205 282 477 894 257 252 275 524 170 194 171 996 247 473 406 306 717 150 169 841 154 54 36 943 222 892 967 41 425 475
594 344 552 462 361 214 502 679 319 248 502 0 754 282 512 550 660 303 566 942 576 751 248 534 726 553 354 164 642 610 644 636 387 203 776 775 357 566 584 481 626 527 508 583 524 532 607 513 330 260
209 956 585 1074 973 827 535 1291 931 860 1114 754 0 894 273 1162 145 916 1179 1295 1188 1363 860 567 1338 1166 967 675 1254 1222 1256 670 999 816 1389 1387 621 1178 1197 514 1238 1139 1121 222 1136 494 184 1125 943 872
735 117 693 261 227 97 642 415 268 299 444 282 894 0 652 493 800 167 303 696 312 576 51 674 551 604 405 305 585 412 586 777 328 108 513 601 498 338 410 621 476 470 451 723 574 672 747 456 142 49
113 714 343 832 731 584 293 1049 689 618 872 512 273 652 0 920 182 674 937 1053 946 1121 618 325 1096 923 725 433 1012 980 1014 428 757 574 1147 1145 379 936 955 272 996 897 879 102 894 252 126 883 701 630
1003 448 961 337 409 533 910 307 367 440 78 550 1162 493 920 0 1068 468 223 432 253 241 525 942 216 267 323 573 129 193 130 1045 296 522 404 265 766 199 191 889 113 48 70 991 195 940 1015 59 473 523
97 862 491 980 879 732 441 1197 837 766 1020 660 145 800 182 1068 0 822 1084 1201 1094 1269 766 473 1244 1071 872 581 1160 1128 1162 575 905 722 1295 1293 527 1084 1103 420 1144 1045 1027 110 1042 403 250 1031 849 778
756 69 714 267 233 245 664 421 237 193 420 303 916 167 674 468 822 0 308 702 318 582 199 695 557 471 273 326 560 418 562 798 305 256 518 606 519 344 416 643 481 445 427 745 442 693 769 431 55 197
1019 258 977 147 257 381 927 166 297 469 174 566 1179 303 937 223 1084 308 0 447 63 306 335 958 281 340 352 589 315 163 316 1061 214 392 264 331 782 68 140 906 206 200 181 1008 310 956 1032 186 283 333
1135 652 1093 541 650 775 1043 314 691 832 474 942 1295 696 1053 432 1201 702 447 0 407 209 729 1075 235 613 715 952 475 395 477 1177 607 785 206 187 707 474 393 1022 343 443 466 1124 541 1073 1148 455 677 727
1028 268 986 157 266 391 936 126 307 478 205 576 1188 312 946 253 1094 318 63 407 0 287 345 968 262 370 361 598 319 123 320 1070 223 401 224 312 791 99 144 915 187 230 212 1017 341 966 1041 216 293 342
1203 532 1161 421 530 655 1111 309 567 640 282 751 1363 576 1121 241 1269 582 306 209 287 0 609 1143 62 422 524 773 283 203 285 1245 487 665 201 48 884 282 201 1090 151 252 274 1192 350 1141 1216 263 557 606
700 149 658 294 260 63 608 448 300 264 477 248 860 51 618 525 766 199 335 729 345 609 0 640 584 570 371 270 617 445 619 743 361 73 545 633 464 371 443 587 508 502 484 689 540 638 713 488 174 44
407 736 184 854 753 606 64 1071 711 640 894 534 567 674 325 942 473 695 958 1075 968 1143 640 0 1118 945 746 455 1034 1002 1036 256 779 596 1168 1167 401 958 977 80 1018 919 901 396 916 203 420 905 723 652
1178 507 1136 396 505 630 1086 292 542 615 257 726 1338 551 1096 216 1244 557 281 235 262 62 584 1118 0 397 499 748 258 178 260 1220 462 640 227 73 910 257 176 1065 126 227 249 1167 325 1116 1191 238 532 581
1006 512 964 374 412 536 914 473 370 443 252 553 1166 604 923 267 1071 471 340 613 370 422 570 945 397 0 326 576 221 360 222 1048 299 525 571 446 769 316 334 893 294 277 258 995 94 943 1019 263 499 581
807 313 765 235 213 337 715 464 171 244 275 354 967 405 725 323 872 273 352 715 361 524 371 746 499 326 0 377 415 383 417 849 160 326 562 548 570 339 357 694 399 300 282 796 297 744 820 286 300 382
515 367 473 485 384 237 423 701 342 271 524 164 675 305 433 573 581 326 589 952 598 773 270 455 748 576 377 0 665 632 666 557 409 226 799 798 278 588 607 402 649 549 531 504 546 452 528 536 353 282
1095 540 1053 429 501 625 1002 349 459 532 170 642 1254 585 1012 129 1160 560 315 475 319 283 617 1034 258 221 415 665 0 235 31 1137 388 614 447 308 858 291 233 981 155 140 162 1083 149 1032 1107 151 565 615
1062 368 1020 257 366 491 970 153 407 499 194 610 1222 412 980 193 1128 418 163 395 123 203 445 1002 178 360 383 632 235 0 237 1104 324 501 251 228 825 141 60 949 103 204 201 1051 302 1000 1075 206 393 443
1096 542 1054 431 502 626 1004 351 460 533 171 644 1256 586 1014 130 1162 562 316 477 320 285 619 1036 260 222 417 666 31 237 0 1138 389 615 448 309 859 292 235 983 157 141 163 1085 150 1034 1109 153 567 617
510 839 287 957 856 709 224 1173 814 743 996 636 670 777 428 1045 575 798 1061 1177 1070 1245 743 256 1220 1048 849 557 1137 1104 1138 0 881 698 1271 1270 504 1060 1079 203 1121 1021 1003 499 1018 423 523 1008 825 754
839 284 797 97 245 369 747 326 203 276 247 387 999 328 757 296 905 305 214 607 223 487 361 779 462 299 160 409 388 324 389 881 0 358 424 512 602 249 322 726 372 273 254 828 269 777 852 259 309 359
656 206 614 351 317 45 564 504 291 220 473 203 816 108 574 522 722 256 392 785 401 665 73 596 640 525 326 226 614 501 615 698 358 0 602 690 419 427 500 543 565 499 480 645 496 593 669 485 231 85
1229 468 1187 357 467 591 1137 130 507 679 406 776 1389 513 1147 404 1295 518 264 206 224 201 545 1168 227 571 562 799 447 251 448 1271 424 602 0 178 881 299 272 1116 314 415 412 1218 513 1166 1242 417 493 543
1228 556 1186 445 555 679 1135 286 592 665 306 775 1387 601 1145 265 1293 606 331 187 312 48 633 1167 73 446 548 798 308 228 309 1270 512 690 178 0 862 307 226 1115 176 276 298 1217 374 1165 1241 288 581 631
461 560 419 678 577 430 369 894 535 464 717 357 621 498 379 766 527 519 782 707 791 884 464 401 910 769 570 278 858 825 859 504 602 419 881 862 0 781 800 348 842 742 724 450 739 399 474 729 546 475
1018 294 976 183 292 417 926 202 333 455 150 566 1178 338 936 199 1084 344 68 474 99 282 371 958 257 316 339 588 291 141 292 1060 249 427 299 307 781 0 116 905 182 175 157 1007 286 956 1031 162 319 368
1037 366 995 255 365 489 945 174 401 474 169 584 1197 410 955 191 1103 416 140 393 144 201 443 977 176 334 357 607 233 60 235 1079 322 500 272 226 800 116 0 924 101 194 176 1026 300 975 1050 180 391 441
355 684 132 801 701 554 48 1018 659 588 841 481 514 621 272 889 420 643 906 1022 915 1090 587 80 1065 893 694 402 981 949 983 203 726 543 1116 1115 348 905 924 0 966 866 848 344 863 247 367 852 670 599
1079 431 1037 320 430 554 986 217 443 516 154 626 1238 476 996 113 1144 481 206 343 187 151 508 1018 126 294 399 649 155 103 157 1121 372 565 314 176 842 182 101 966 0 124 146 1068 222 1016 1092 135 456 506
979 425 937 314 385 509 887 317 343 416 54 527 1139 470 897 48 1045 445 200 443 230 252 502 919 227 277 300 549 140 204 141 1021 273 499 415 276 742 175 194 866 124 0 46 968 206 917 992 36 450 500
961 407 919 296 367 491 869 315 325 398 36 508 1121 451 879 70 1027 427 181 466 212 274 484 901 249 258 282 531 162 201 163 1003 254 480 412 298 724 157 176 848 146 46 0 950 228 899 974 42 432 482
48 786 415 903 803 656 364 1120 761 690 943 583 222 723 102 991 110 745 1008 1124 1017 1192 689 396 1167 995 796 504 1083 1051 1085 499 828 645 1218 1217 450 1007 1026 344 1068 968 950 0 965 323 171 954 772 701
976 483 934 345 382 506 884 415 340 413 222 524 1136 574 894 195 1042 442 310 541 341 350 540 916 325 94 297 546 149 302 150 1018 269 496 513 374 739 286 300 863 222 206 228 965 0 914 989 218 469 552
334 734 351 852 751 604 231 1069 709 638 892 532 494 672 252 940 403 693 956 1073 966 1141 638 203 1116 943 744 452 1032 1000 1034 423 777 593 1166 1165 399 956 975 247 1016 917 899 323 914 0 347 903 721 650
182 810 439 927 827 680 388 1144 785 714 967 607 184 747 126 1015 250 769 1032 1148 1041 1216 713 420 1191 1019 820 528 1107 1075 1109 523 852 669 1242 1241 474 1031 1050 367 1092 992 974 171 989 347 0 978 796 725
966 411 924 300 372 496 873 319 330 403 41 513 1125 456 883 59 1031 431 186 455 216 263 488 905 238 263 286 536 151 206 153 1008 259 485 417 288 729 162 180 852 135 36 42 954 218 903 978 0 436 486
783 44 741 242 208 220 691 396 248 220 425 330 943 142 701 473 849 55 283 677 293 557 174 723 532 499 300 353 565 393 567 825 309 231 493 581 546 319 391 670 456 450 432 772 469 721 796 436 0 172
712 147 670 292 258 75 620 445 298 276 475 260 872 49 630 523 778 197 333 727 342 606 44 652 581 581 382 282 615 443 617 754 359 85 543 631 475 368 441 599 506 500 482 701 552 650 725 486 172 0
EOF