NAME : tsp_problem
TYPE : TSP
DIMENSION : 24
EDGE_WEIGHT_TYPE : EXPLICIT
EDGE_WEIGHT_FORMAT : FULL_MATRIX
EDGE_WEIGHT_SECTION
0 207 63 261 281 606 270 757 244 987 304 1028 193 317 255 133 362 407 306 182 383 386 586 427
207 0 217 136 456 436 445 587 418 818 479 859 367 425 429 151 516 282 481 356 280 204 417 244
63 217 0 271 262 615 251 766 225 997 308 1038 223 348 235 142 322 416 287 212 393 396 596 436
261 136 271 0 510 391 499 542 472 773 533 814 421 498 483 206 570 224 535 410 353 247 372 200
281 456 262 510 0 765 41 916 68 1147 248 1187 231 320 58 381 126 655 62 317 530 533 746 573
606 436 615 391 765 0 754 269 727 500 657 541 559 570 738 502 872 219 790 528 425 319 49 245
270 445 251 499 41 754 0 905 57 1136 237 1176 220 309 47 370 148 644 66 306 519 522 735 562
757 587 766 542 916 269 905 0 878 404 808 445 710 721 889 653 820 370 900 679 576 470 250 396
244 418 225 472 68 727 57 878 0 1109 210 1150 193 282 43 344 176 618 93 280 492 495 708 536
987 818 997 773 1147 500 1136 404 1109 0 1039 446 941 952 1120 883 1201 601 1172 910 807 701 481 627
304 479 308 533 248 657 237 808 210 1039 0 1080 133 111 221 404 355 566 273 223 422 425 638 466
1028 859 1038 814 1187 541 1176 445 1150 446 1080 0 982 992 1161 924 1242 641 1212 951 847 742 522 668
193 367 223 421 231 559 220 710 193 941 133 982 0 205 204 293 338 468 256 112 324 327 540 367
317 425 348 498 320 570 309 721 282 952 111 992 205 0 293 352 427 478 345 216 335 338 551 378
255 429 235 483 58 738 47 889 43 1120 221 1161 204 293 0 354 166 628 83 290 503 506 719 546
133 151 142 206 381 502 370 653 344 883 404 924 293 352 354 0 441 351 406 281 267 269 483 310
362 516 322 570 126 872 148 820 176 1201 355 1242 338 427 166 441 0 715 100 425 637 640 853 680
407 282 416 224 655 219 644 370 618 601 566 641 468 478 628 351 715 0 680 437 333 228 200 154
306 481 287 535 62 790 66 900 93 1172 273 1212 256 345 83 406 100 680 0 342 555 558 771 598
182 356 212 410 317 528 306 679 280 910 223 951 112 216 290 281 425 437 342 0 293 296 509 337
383 280 393 353 530 425 519 576 492 807 422 847 324 335 503 267 637 333 555 293 0 193 406 233
386 204 396 247 533 319 522 470 495 701 425 742 327 338 506 269 640 228 558 296 193 0 300 128
586 417 596 372 746 49 735 250 708 481 638 522 540 551 719 483 853 200 771 509 406 300 0 226
427 244 436 200 573 245 562 396 536 627 466 668 367 378 546 310 680 154 598 337 233 128 226 0
EOF