NAME : tsp_problem
TYPE : TSP
DIMENSION : 52
EDGE_WEIGHT_TYPE : EXPLICIT
EDGE_WEIGHT_FORMAT : FULL_MATRIX
EDGE_WEIGHT_SECTION
0 1165 522 886 1407 875 915 324 1204 1054 1197 652 170 995 533 971 733 900 543 739 854 1014 974 1151 228 1023 604 416 737 544 1198 208 831 526 480 197 1330 1274 1277 643 584 1091 1037 92 1141 919 512 869 963 1338 971 713
1165 0 935 359 371 377 491 874 175 145 157 1065 1031 428 946 723 1146 490 956 921 543 661 368 209 1027 357 786 897 570 957 72 988 421 938 960 1144 207 289 155 1056 997 102 209 1108 199 391 924 341 297 216 226 546
522 935 0 656 1177 645 686 232 975 824 967 229 389 765 53 741 310 670 57 510 625 784 745 921 384 793 374 254 507 63 968 346 601 115 214 502 1100 1044 1048 220 174 861 808 465 911 689 101 639 733 1108 742 483
886 359 656 0 560 98 227 596 398 248 391 786 752 127 667 874 867 211 677 643 315 917 168 344 748 217 507 618 291 678 392 709 142 659 681 865 524 427 471 777 718 285 231 829 334 51 646 34 157 532 165 267
1407 371 1177 560 0 632 527 1117 281 432 302 1307 1273 464 1188 478 1388 543 1198 697 579 416 624 350 1269 414 845 1139 812 1199 392 1230 613 1181 1203 1386 194 166 245 1298 1239 434 496 1350 380 539 1167 576 480 187 513 788
875 377 645 98 632 0 216 585 417 266 409 775 741 207 656 863 856 200 666 631 308 906 187 363 737 235 496 607 280 667 410 698 131 648 670 854 542 499 490 766 707 303 250 818 353 131 634 81 175 550 184 256
915 491 686 227 527 216 0 625 385 394 405 815 781 167 697 904 896 33 706 672 169 920 315 331 777 260 536 647 321 707 524 739 104 689 711 894 538 393 486 807 747 417 378 858 361 241 675 209 304 546 312 297
324 874 232 596 1117 585 625 0 914 763 906 362 187 704 243 681 443 609 253 449 564 724 684 860 183 733 313 123 446 254 908 144 540 235 186 303 1039 983 987 353 294 800 747 267 850 628 221 578 673 1047 681 422
1204 175 975 398 281 417 385 914 0 185 55 1104 1071 322 986 703 1185 401 995 922 437 641 408 132 1066 272 825 936 610 996 197 1028 461 978 1000 1184 188 148 135 1096 1037 189 249 1147 133 397 964 381 337 196 266 586
1054 145 824 248 432 266 394 763 185 0 177 954 920 350 835 825 1035 379 845 810 465 763 257 131 915 246 675 785 459 846 178 877 310 827 849 1033 310 298 257 945 886 71 98 997 121 280 813 230 186 318 115 435
1197 157 967 391 302 409 405 906 55 177 0 1097 1063 343 978 684 1178 421 988 903 458 622 400 124 1059 293 818 929 602 989 178 1020 453 970 992 1176 169 168 117 1088 1029 181 241 1140 125 418 956 373 329 177 258 578
652 1065 229 786 1307 775 815 362 1104 954 1097 0 518 895 240 871 214 800 250 639 754 914 874 1050 514 923 504 384 636 250 1098 475 731 245 407 631 1229 1173 1177 162 303 991 937 595 1040 818 231 768 863 1238 871 613
170 1031 389 752 1273 741 781 187 1071 920 1063 518 0 861 400 837 599 766 409 605 720 880 841 1017 181 889 470 279 603 410 1064 71 697 392 343 149 1196 1140 1143 510 450 957 903 113 1007 785 378 735 829 1204 837 579
995 428 765 127 464 207 167 704 322 350 343 895 861 0 776 920 976 183 786 751 219 858 277 269 857 198 616 727 400 787 462 818 251 768 790 974 476 331 423 886 827 354 340 938 299 106 754 143 264 484 274 376
533 946 53 667 1188 656 697 243 986 835 978 240 400 776 0 752 321 681 46 521 636 795 756 932 395 804 385 265 518 51 979 357 612 126 203 512 1111 1055 1058 231 185 872 819 476 922 700 112 650 744 1119 753 494
971 723 741 874 478 863 904 681 703 825 684 871 837 920 752 0 952 888 762 252 843 76 963 772 833 869 400 703 725 763 744 794 819 744 766 950 546 621 597 862 803 786 889 914 774 907 730 857 935 539 906 701
733 1146 310 867 1388 856 896 443 1185 1035 1178 214 599 976 321 952 0 881 331 720 835 995 955 1131 595 1004 585 465 717 332 1179 556 812 326 488 712 1311 1254 1258 243 384 1072 1018 676 1122 899 312 850 944 1319 952 694
900 490 670 211 543 200 33 609 401 379 421 800 766 183 681 888 881 0 691 656 185 931 300 347 762 276 521 632 305 692 523 723 88 673 695 879 554 409 502 791 732 416 362 843 377 244 659 194 288 562 296 281
543 956 57 677 1198 666 706 253 995 845 988 250 409 786 46 762 331 691 0 530 645 805 765 941 405 814 395 248 528 35 989 366 622 136 176 522 1121 1065 1068 241 194 882 828 486 932 710 122 660 754 1129 762 504
739 921 510 643 697 631 672 449 922 810 903 639 605 751 521 252 720 656 530 0 611 296 731 907 601 779 169 471 493 531 955 563 587 513 535 718 765 841 816 631 571 847 794 682 897 675 499 625 720 758 728 469
854 543 625 315 579 308 169 564 437 465 458 754 720 219 636 843 835 185 645 611 0 886 408 383 716 313 475 586 260 646 577 678 256 628 650 833 591 445 538 746 686 469 471 797 414 294 614 302 378 599 405 236
1014 661 784 917 416 906 920 724 641 763 622 914 880 858 795 76 995 931 805 296 886 0 987 710 876 807 443 746 768 806 682 837 862 787 809 993 484 560 535 905 846 724 827 957 712 932 774 900 873 477 844 744
974 368 745 168 624 187 315 684 408 257 400 874 841 277 756 963 955 300 765 731 408 987 0 354 836 226 595 706 380 766 402 798 231 748 770 954 533 490 481 866 807 294 241 917 344 201 734 151 167 541 175 356
1151 209 921 344 350 363 331 860 132 131 124 1050 1017 269 932 772 1131 347 941 907 383 710 354 0 1012 218 771 882 556 942 242 974 407 924 946 1130 257 217 204 1042 983 135 195 1093 79 343 910 327 283 265 212 532
228 1027 384 748 1269 737 777 183 1066 915 1059 514 181 857 395 833 595 762 405 601 716 876 836 1012 0 885 465 275 598 406 1060 139 693 387 338 297 1191 1135 1139 505 446 953 899 261 1002 780 373 730 825 1200 833 574
1023 357 793 217 414 235 260 733 272 246 293 923 889 198 804 869 1004 276 814 779 313 807 226 218 885 0 644 755 428 815 390 846 279 796 818 1002 426 280 373 914 855 283 230 966 249 249 782 199 83 434 164 404
604 786 374 507 845 496 536 313 825 675 818 504 470 616 385 400 585 521 395 169 475 443 595 771 465 644 0 335 357 396 819 427 452 377 399 583 913 894 898 495 436 712 658 547 761 539 363 489 584 906 592 334
416 897 254 618 1139 607 647 123 936 785 929 384 279 727 265 703 465 632 248 471 586 746 706 882 275 755 335 0 468 264 930 236 563 257 92 395 1061 1005 1009 375 316 823 769 359 872 650 243 600 695 1070 703 444
737 570 507 291 812 280 321 446 610 459 602 636 603 400 518 725 717 305 528 493 260 768 380 556 598 428 357 468 0 528 603 560 236 510 532 716 735 679 682 628 569 496 442 680 546 324 496 274 368 743 376 64
544 957 63 678 1199 667 707 254 996 846 989 250 410 787 51 763 332 692 35 531 646 806 766 942 406 815 396 264 528 0 990 367 623 137 192 523 1122 1065 1069 242 195 883 829 487 933 710 123 661 755 1130 763 505
1198 72 968 392 392 410 524 908 197 178 178 1098 1064 462 979 744 1179 523 989 955 577 682 402 242 1060 390 819 930 603 990 0 1021 454 972 994 1177 229 310 176 1089 1030 135 227 1141 232 425 958 375 331 237 259 579
208 988 346 709 1230 698 739 144 1028 877 1020 475 71 818 357 794 556 723 366 563 678 837 798 974 139 846 427 236 560 367 1021 0 654 349 300 187 1153 1097 1100 467 408 914 861 151 964 742 335 692 786 1161 795 536
831 421 601 142 613 131 104 540 461 310 453 731 697 251 612 819 812 88 622 587 256 862 231 407 693 279 452 563 236 623 454 654 0 604 626 810 586 480 533 722 663 347 293 774 397 175 590 125 219 594 227 212
526 938 115 659 1181 648 689 235 978 827 970 245 392 768 126 744 326 673 136 513 628 787 748 924 387 796 377 257 510 137 972 349 604 0 293 505 1103 1047 1051 236 100 864 811 469 914 692 88 642 737 1111 745 486
480 960 214 681 1203 670 711 186 1000 849 992 407 343 790 203 766 488 695 176 535 650 809 770 946 338 818 399 92 532 192 994 300 626 293 0 459 1125 1069 1073 398 352 886 833 422 936 714 279 664 759 1133 767 508
197 1144 502 865 1386 854 894 303 1184 1033 1176 631 149 974 512 950 712 879 522 718 833 993 954 1130 297 1002 583 395 716 523 1177 187 810 505 459 0 1309 1253 1256 623 563 1070 1016 140 1120 898 491 848 942 1317 950 692
1330 207 1100 524 194 542 538 1039 188 310 169 1229 1196 476 1111 546 1311 554 1121 765 591 484 533 257 1191 426 913 1061 735 1122 229 1153 586 1103 1125 1309 0 301 81 1221 1162 270 374 1273 258 550 1089 506 462 64 391 711
1274 289 1044 427 166 499 393 983 148 298 168 1173 1140 331 1055 621 1254 409 1065 841 445 560 490 217 1135 280 894 1005 679 1065 310 1097 480 1047 1069 1253 301 0 249 1165 1106 302 363 1216 247 405 1033 443 346 309 379 655
1277 155 1048 471 245 490 486 987 135 257 117 1177 1143 423 1058 597 1258 502 1068 816 538 535 481 204 1139 373 898 1009 682 1069 176 1100 533 1051 1073 1256 81 249 0 1169 1109 218 322 1220 206 498 1037 454 410 90 338 658
643 1056 220 777 1298 766 807 353 1096 945 1088 162 510 886 231 862 243 791 241 631 746 905 866 1042 505 914 495 375 628 242 1089 467 722 236 398 623 1221 1165 1169 0 295 982 929 586 1032 810 222 760 854 1229 863 604
584 997 174 718 1239 707 747 294 1037 886 1029 303 450 827 185 803 384 732 194 571 686 846 807 983 446 855 436 316 569 195 1030 408 663 100 352 563 1162 1106 1109 295 0 923 869 527 973 751 110 701 795 1170 803 545
1091 102 861 285 434 303 417 800 189 71 181 991 957 354 872 786 1072 416 882 847 469 724 294 135 953 283 712 823 496 883 135 914 347 864 886 1070 270 302 218 982 923 0 135 1034 125 317 850 267 223 278 152 472
1037 209 808 231 496 250 378 747 249 98 241 937 903 340 819 889 1018 362 828 794 471 827 241 195 899 230 658 769 442 829 227 861 293 811 833 1016 374 363 322 929 869 135 0 980 185 264 797 214 170 382 98 419
92 1108 465 829 1350 818 858 267 1147 997 1140 595 113 938 476 914 676 843 486 682 797 957 917 1093 261 966 547 359 680 487 1141 151 774 469 422 140 1273 1216 1220 586 527 1034 980 0 1084 861 455 812 906 1281 914 656
1141 199 911 334 380 353 361 850 133 121 125 1040 1007 299 922 774 1122 377 932 897 414 712 344 79 1002 249 761 872 546 933 232 964 397 914 936 1120 258 247 206 1032 973 125 185 1084 0 367 900 317 273 266 202 522
919 391 689 51 539 131 241 628 397 280 418 818 785 106 700 907 899 244 710 675 294 932 201 343 780 249 539 650 324 710 425 742 175 692 714 898 550 405 498 810 751 317 264 861 367 0 678 67 190 559 198 300
512 924 101 646 1167 634 675 221 964 813 956 231 378 754 112 730 312 659 122 499 614 774 734 910 373 782 363 243 496 123 958 335 590 88 279 491 1089 1033 1037 222 110 850 797 455 900 678 0 628 723 1097 731 472
869 341 639 34 576 81 209 578 381 230 373 768 735 143 650 857 850 194 660 625 302 900 151 327 730 199 489 600 274 661 375 692 125 642 664 848 506 443 454 760 701 267 214 812 317 67 628 0 140 514 148 250
963 297 733 157 480 175 304 673 337 186 329 863 829 264 744 935 944 288 754 720 378 873 167 283 825 83 584 695 368 755 331 786 219 737 759 942 462 346 410 854 795 223 170 906 273 190 723 140 0 470 104 344
1338 216 1108 532 187 550 546 1047 196 318 177 1238 1204 484 1119 539 1319 562 1129 758 599 477 541 265 1200 434 906 1070 743 1130 237 1161 594 1111 1133 1317 64 309 90 1229 1170 278 382 1281 266 559 1097 514 470 0 399 719
971 226 742 165 513 184 312 681 266 115 258 871 837 274 753 906 952 296 762 728 405 844 175 212 833 164 592 703 376 763 259 795 227 745 767 950 391 379 338 863 803 152 98 914 202 198 731 148 104 399 0 353
713 546 483 267 788 256 297 422 586 435 578 613 579 376 494 701 694 281 504 469 236 744 356 532 574 404 334 444 64 505 579 536 212 486 508 692 711 655 658 604 545 472 419 656 522 300 472 250 344 719 353 0
EOF