NAME : tsp_problem
TYPE : TSP
DIMENSION : 54
EDGE_WEIGHT_TYPE : EXPLICIT
EDGE_WEIGHT_FORMAT : FULL_MATRIX
EDGE_WEIGHT_SECTION
0 1137 619 663 109 908 915 647 161 393 896 676 133 1018 1016 359 1014 667 503 911 1046 356 1022 560 804 1144 170 775 1212 846 735 841 561 1021 949 922 838 926 919 1005 90 1230 795 1042 779 824 1167 840 358 713 299 1068 1030 685
1137 0 888 931 1148 1579 308 915 1052 1285 271 944 1125 1688 162 1251 1685 935 742 870 129 1027 1693 656 1073 111 1105 734 179 480 1003 800 830 156 1620 250 797 1597 1590 212 1201 198 379 248 738 459 1838 474 1029 981 1191 1739 990 954
619 888 0 238 630 1061 666 139 535 767 647 250 607 1171 766 733 1167 242 254 662 797 510 1175 310 379 895 587 526 962 597 310 592 136 772 1103 673 589 1080 1073 756 683 981 546 792 530 575 1320 591 512 129 673 1222 781 260
663 931 238 0 674 1105 709 265 578 810 690 94 650 1214 810 777 1211 286 297 705 840 553 1219 354 219 938 630 569 1006 640 153 635 180 815 1146 716 632 1123 1116 799 727 1025 589 836 573 618 1364 634 555 331 717 1265 825 104
109 1148 630 674 0 919 926 658 171 404 907 686 113 1029 1027 370 1025 678 514 922 1057 367 1033 571 815 1155 149 786 1223 857 746 852 572 1032 960 933 849 937 930 1016 69 1241 806 1052 790 835 1178 851 369 724 310 1079 1041 696
908 1579 1061 1105 919 0 1357 1089 823 1056 1338 1117 896 457 1458 1022 154 1109 945 1353 1488 610 461 1001 1246 1586 876 1217 1654 1288 1176 1283 1003 1463 388 1364 1280 365 358 1447 972 1672 1237 1483 1221 1266 308 1282 577 1154 962 507 1472 1127
915 308 666 709 926 1357 0 693 830 1063 124 722 903 1467 187 1029 1463 713 520 649 217 805 1471 434 851 311 883 513 379 333 781 579 608 192 1398 89 575 1375 1368 172 979 397 232 208 516 311 1616 327 807 759 969 1517 768 732
647 915 139 265 658 1089 693 0 562 795 674 278 635 1199 794 761 1195 270 281 690 824 537 1203 338 407 922 615 554 990 624 337 620 164 799 1130 700 616 1107 1100 783 711 1009 574 820 557 603 1348 618 539 94 701 1249 809 288
161 1052 535 578 171 823 830 562 0 308 811 591 148 933 931 274 929 582 418 826 961 271 937 475 720 1059 128 690 1127 761 650 757 476 936 865 837 753 841 834 920 178 1146 711 957 694 739 1082 755 274 628 215 983 946 601
393 1285 767 810 404 1056 1063 795 308 0 1044 823 381 1165 1163 104 1161 815 651 1059 1194 504 1170 707 952 1292 361 923 1359 994 882 989 709 1169 1097 1070 986 1074 1067 1153 457 1378 943 1189 927 972 1315 988 506 860 154 1216 1178 833
896 271 647 690 907 1338 124 674 811 1044 0 703 884 1448 150 1010 1444 695 501 630 181 786 1452 415 832 284 864 494 352 240 762 560 589 155 1379 66 556 1356 1349 183 960 370 138 220 497 218 1597 234 788 740 950 1498 749 713
676 944 250 94 686 1117 722 278 591 823 703 0 663 1227 823 789 1223 298 310 718 853 566 1232 366 236 951 643 582 1019 653 143 648 192 828 1159 729 645 1136 1129 812 740 1037 602 848 586 631 1376 647 568 344 729 1278 837 117
133 1125 607 650 113 896 903 635 148 381 884 663 0 1005 1003 347 1002 655 491 899 1034 344 1010 547 792 1132 173 763 1199 834 722 829 549 1009 937 910 826 914 907 993 93 1218 783 1029 767 812 1155 828 346 700 287 1056 1018 673
1018 1688 1171 1214 1029 457 1467 1199 933 1165 1448 1227 1005 0 1567 1131 563 1219 1055 1463 1598 720 192 1111 1356 1695 985 1327 1763 1398 1286 1393 1113 1573 99 1473 1390 206 199 1556 1082 1782 1347 1593 1331 1376 716 1392 687 1264 1072 128 1582 1237
1016 162 766 810 1027 1458 187 794 931 1163 150 823 1003 1567 0 1130 1564 814 621 749 71 906 1572 535 951 174 983 613 242 359 882 679 708 46 1499 129 676 1476 1469 109 1080 261 258 146 617 337 1717 353 908 860 1070 1618 868 832
359 1251 733 777 370 1022 1029 761 274 104 1010 789 347 1131 1130 0 1128 781 617 1025 1160 470 1136 673 918 1258 327 889 1326 960 848 955 675 1135 1063 1036 952 1040 1033 1119 423 1344 909 1155 893 938 1281 954 472 826 186 1182 1144 799
1014 1685 1167 1211 1025 154 1463 1195 929 1161 1444 1223 1002 563 1564 1128 0 1215 1051 1459 1594 716 567 1107 1352 1692 982 1323 1760 1394 1282 1389 1109 1569 494 1470 1386 471 464 1553 1078 1778 1343 1589 1327 1372 189 1388 683 1260 1068 613 1578 1233
667 935 242 286 678 1109 713 270 582 815 695 298 655 1219 814 781 1215 0 302 710 845 557 1223 358 427 942 635 574 1010 644 357 640 184 819 1150 720 637 1127 1120 803 731 1029 594 840 578 623 1368 639 560 335 721 1269 829 308
503 742 254 297 514 945 520 281 418 651 501 310 491 1055 621 617 1051 302 0 516 651 393 1059 164 439 749 471 380 817 451 369 446 196 626 986 527 443 963 956 610 567 835 400 646 384 429 1204 445 395 347 557 1105 635 320
911 870 662 705 922 1353 649 690 826 1059 630 718 899 1463 749 1025 1459 710 516 0 780 802 1467 431 847 878 879 161 945 580 777 356 604 755 1395 656 353 1371 1365 738 975 964 529 775 294 558 1612 574 804 755 965 1514 164 728
1046 129 797 840 1057 1488 217 824 961 1194 181 853 1034 1598 71 1160 1594 845 651 780 0 936 1602 565 982 142 1014 644 210 390 912 710 739 65 1529 159 706 1506 1499 140 1110 229 288 176 647 368 1747 384 938 890 1100 1648 899 863
356 1027 510 553 367 610 805 537 271 504 786 566 344 720 906 470 716 557 393 802 936 0 725 450 695 1034 324 666 1102 736 625 732 452 911 652 812 728 629 622 895 420 1121 686 932 669 714 869 730 61 603 410 771 921 576
1022 1693 1175 1219 1033 461 1471 1203 937 1170 1452 1232 1010 192 1572 1136 567 1223 1059 1467 1602 725 0 1116 1360 1700 990 1331 1768 1402 1291 1397 1117 1577 124 1478 1394 210 203 1561 1086 1786 1351 1598 1335 1380 720 1396 691 1269 1076 243 1586 1241
560 656 310 354 571 1001 434 338 475 707 415 366 547 1111 535 673 1107 358 164 431 565 450 1116 0 495 663 527 295 731 365 426 361 252 540 1043 441 357 1020 1013 524 624 750 315 561 298 343 1261 359 452 404 614 1162 550 376
804 1073 379 219 815 1246 851 407 720 952 832 236 792 1356 951 918 1352 427 439 847 982 695 1360 495 0 1080 772 711 1147 782 295 777 321 957 1288 858 774 1264 1258 941 868 1166 731 977 715 760 1505 776 697 473 858 1407 966 196
1144 111 895 938 1155 1586 311 922 1059 1292 284 951 1132 1695 174 1258 1692 942 749 878 142 1034 1700 663 1080 0 1112 741 125 493 1010 808 837 169 1627 262 804 1604 1597 203 1208 144 392 239 745 471 1845 487 1036 988 1198 1746 997 961
170 1105 587 630 149 876 883 615 128 361 864 643 173 985 983 327 982 635 471 879 1014 324 990 527 772 1112 0 743 1180 814 702 809 529 989 917 890 806 894 887 973 130 1198 763 1009 747 792 1135 808 326 680 267 1036 998 653
775 734 526 569 786 1217 513 554 690 923 494 582 763 1327 613 889 1323 574 380 161 644 666 1331 295 711 741 743 0 809 444 641 220 468 619 1259 519 217 1235 1229 602 839 828 393 639 158 422 1476 438 668 619 829 1377 280 592
1212 179 962 1006 1223 1654 379 990 1127 1359 352 1019 1199 1763 242 1326 1760 1010 817 945 210 1102 1768 731 1147 125 1180 809 0 561 1078 875 904 237 1695 330 872 1672 1665 271 1276 212 459 307 813 539 1913 555 1104 1056 1266 1814 1065 1029
846 480 597 640 857 1288 333 624 761 994 240 653 834 1398 359 960 1394 644 451 580 390 736 1402 365 782 493 814 444 561 0 712 510 539 364 1329 275 506 1306 1299 392 910 580 139 429 447 74 1547 57 738 690 900 1448 699 663
735 1003 310 153 746 1176 781 337 650 882 762 143 722 1286 882 848 1282 357 369 777 912 625 1291 426 295 1010 702 641 1078 712 0 707 252 887 1218 788 704 1195 1188 871 799 1096 661 907 645 690 1436 706 627 403 789 1337 896 176
841 800 592 635 852 1283 579 620 757 989 560 648 829 1393 679 955 1389 640 446 356 710 732 1397 361 777 808 809 220 875 510 707 0 534 685 1325 586 96 1301 1295 669 905 894 459 705 110 488 1542 504 734 685 895 1444 476 658
561 830 136 180 572 1003 608 164 476 709 589 192 549 1113 708 675 1109 184 196 604 739 452 1117 252 321 837 529 468 904 539 252 534 0 714 1045 615 531 1021 1015 698 625 923 488 734 472 517 1262 533 454 182 615 1163 723 202
1021 156 772 815 1032 1463 192 799 936 1169 155 828 1009 1573 46 1135 1569 819 626 755 65 911 1577 540 957 169 989 619 237 364 887 685 714 0 1504 134 681 1481 1474 115 1085 255 263 151 622 343 1722 359 913 865 1075 1623 874 838
949 1620 1103 1146 960 388 1398 1130 865 1097 1379 1159 937 99 1499 1063 494 1150 986 1395 1529 652 124 1043 1288 1627 917 1259 1695 1329 1218 1325 1045 1504 0 1405 1321 137 131 1488 1013 1714 1279 1525 1262 1307 647 1323 619 1196 1003 150 1514 1169
922 250 673 716 933 1364 89 700 837 1070 66 729 910 1473 129 1036 1470 720 527 656 159 812 1478 441 858 262 890 519 330 275 788 586 615 134 1405 0 582 1382 1375 162 986 349 173 198 523 253 1623 269 814 766 976 1524 775 739
838 797 589 632 849 1280 575 616 753 986 556 645 826 1390 676 952 1386 637 443 353 706 728 1394 357 774 804 806 217 872 506 704 96 531 681 1321 582 0 1298 1291 665 902 891 456 702 107 485 1539 500 730 682 892 1440 472 655
926 1597 1080 1123 937 365 1375 1107 841 1074 1356 1136 914 206 1476 1040 471 1127 963 1371 1506 629 210 1020 1264 1604 894 1235 1672 1306 1195 1301 1021 1481 137 1382 1298 0 107 1465 990 1691 1255 1502 1239 1284 624 1300 595 1173 980 256 1491 1146
919 1590 1073 1116 930 358 1368 1100 834 1067 1349 1129 907 199 1469 1033 464 1120 956 1365 1499 622 203 1013 1258 1597 887 1229 1665 1299 1188 1295 1015 1474 131 1375 1291 107 0 1458 983 1684 1249 1495 1232 1277 617 1293 589 1166 973 249 1484 1139
1005 212 756 799 1016 1447 172 783 920 1153 183 812 993 1556 109 1119 1553 803 610 738 140 895 1561 524 941 203 973 602 271 392 871 669 698 115 1488 162 665 1465 1458 0 1069 289 291 70 606 371 1706 386 897 849 1059 1607 858 822
90 1201 683 727 69 972 979 711 178 457 960 740 93 1082 1080 423 1078 731 567 975 1110 420 1086 624 868 1208 130 839 1276 910 799 905 625 1085 1013 986 902 990 983 1069 0 1294 859 1106 843 888 1231 904 422 777 363 1132 1095 749
1230 198 981 1025 1241 1672 397 1009 1146 1378 370 1037 1218 1782 261 1344 1778 1029 835 964 229 1121 1786 750 1166 144 1198 828 212 580 1096 894 923 255 1714 349 891 1691 1684 289 1294 0 478 326 832 558 1931 574 1123 1074 1284 1833 1083 1047
795 379 546 589 806 1237 232 574 711 943 138 602 783 1347 258 909 1343 594 400 529 288 686 1351 315 731 392 763 393 459 139 661 459 488 263 1279 173 456 1255 1249 291 859 478 0 328 397 117 1496 133 688 639 849 1398 648 612
1042 248 792 836 1052 1483 208 820 957 1189 220 848 1029 1593 146 1155 1589 840 646 775 176 932 1598 561 977 239 1009 639 307 429 907 705 734 151 1525 198 702 1502 1495 70 1106 326 328 0 643 407 1742 423 934 885 1096 1644 894 858
779 738 530 573 790 1221 516 557 694 927 497 586 767 1331 617 893 1327 578 384 294 647 669 1335 298 715 745 747 158 813 447 645 110 472 622 1262 523 107 1239 1232 606 843 832 397 643 0 425 1480 441 671 623 833 1381 413 596
824 459 575 618 835 1266 311 603 739 972 218 631 812 1376 337 938 1372 623 429 558 368 714 1380 343 760 471 792 422 539 74 690 488 517 343 1307 253 485 1284 1277 371 888 558 117 407 425 0 1525 68 717 668 878 1426 677 641
1167 1838 1320 1364 1178 308 1616 1348 1082 1315 1597 1376 1155 716 1717 1281 189 1368 1204 1612 1747 869 720 1261 1505 1845 1135 1476 1913 1547 1436 1542 1262 1722 647 1623 1539 624 617 1706 1231 1931 1496 1742 1480 1525 0 1541 836 1414 1221 766 1731 1386
840 474 591 634 851 1282 327 618 755 988 234 647 828 1392 353 954 1388 639 445 574 384 730 1396 359 776 487 808 438 555 57 706 504 533 359 1323 269 500 1300 1293 386 904 574 133 423 441 68 1541 0 732 684 894 1442 693 657
358 1029 512 555 369 577 807 539 274 506 788 568 346 687 908 472 683 560 395 804 938 61 691 452 697 1036 326 668 1104 738 627 734 454 913 619 814 730 595 589 897 422 1123 688 934 671 717 836 732 0 605 412 737 923 578
713 981 129 331 724 1154 759 94 628 860 740 344 700 1264 860 826 1260 335 347 755 890 603 1269 404 473 988 680 619 1056 690 403 685 182 865 1196 766 682 1173 1166 849 777 1074 639 885 623 668 1414 684 605 0 767 1315 874 354
299 1191 673 717 310 962 969 701 215 154 950 729 287 1072 1070 186 1068 721 557 965 1100 410 1076 614 858 1198 267 829 1266 900 789 895 615 1075 1003 976 892 980 973 1059 363 1284 849 1096 833 878 1221 894 412 767 0 1122 1084 739
1068 1739 1222 1265 1079 507 1517 1249 983 1216 1498 1278 1056 128 1618 1182 613 1269 1105 1514 1648 771 243 1162 1407 1746 1036 1377 1814 1448 1337 1444 1163 1623 150 1524 1440 256 249 1607 1132 1833 1398 1644 1381 1426 766 1442 737 1315 1122 0 1633 1288
1030 990 781 825 1041 1472 768 809 946 1178 749 837 1018 1582 868 1144 1578 829 635 164 899 921 1586 550 966 997 998 280 1065 699 896 476 723 874 1514 775 472 1491 1484 858 1095 1083 648 894 413 677 1731 693 923 874 1084 1633 0 847
685 954 260 104 696 1127 732 288 601 833 713 117 673 1237 832 799 1233 308 320 728 863 576 1241 376 196 961 653 592 1029 663 176 658 202 838 1169 739 655 1146 1139 822 749 1047 612 858 596 641 1386 657 578 354 739 1288 847 0
EOF