NAME : tsp_problem
TYPE : TSP
DIMENSION : 34
EDGE_WEIGHT_TYPE : EXPLICIT
EDGE_WEIGHT_FORMAT : FULL_MATRIX
EDGE_WEIGHT_SECTION
0 633 704 1437 1520 1164 1756 1322 1664 712 406 877 1891 1272 1320 749 1882 1539 1579 350 1500 1459 1602 1140 1503 1448 1123 382 658 1580 741 1643 761 1910
633 0 102 1123 1207 850 1442 1008 1350 109 612 563 1578 958 1007 147 1568 1226 1265 308 1186 1145 1288 827 1189 1135 809 285 75 1266 138 1329 158 1597
704 102 0 1195 1278 922 1514 1079 1421 91 684 635 1649 1030 1078 79 1639 1297 1337 379 1257 1217 1359 898 1260 1206 881 357 147 1338 120 1401 140 1668
1437 1123 1195 0 605 311 841 809 749 1203 1417 588 977 760 230 1240 967 625 664 1112 409 169 687 628 213 158 611 1090 1149 665 1232 728 1252 996
1520 1207 1278 605 0 394 615 892 523 1286 1500 671 751 843 489 1323 741 399 438 1195 668 627 461 711 671 617 694 1173 1232 107 1315 502 1335 770
1164 850 922 311 394 0 629 536 537 930 1144 315 765 486 194 967 755 413 453 839 373 333 475 355 376 322 338 817 876 454 959 517 978 784
1756 1442 1514 841 615 629 0 1128 188 1521 1735 907 416 1078 724 1559 410 321 278 1431 903 863 257 947 906 852 929 1408 1467 675 1550 217 1570 435
1322 1008 1079 809 892 536 1128 0 1036 1087 1301 472 1264 423 692 1124 1254 912 951 997 872 831 974 292 875 821 274 974 1033 952 1116 1015 1136 1283
1664 1350 1421 749 523 537 188 1036 0 1429 1643 814 268 986 632 1466 253 164 120 1339 811 771 99 855 814 760 837 1316 1375 582 1458 59 1478 287
712 109 91 1203 1286 930 1521 1087 1429 0 692 642 1657 1037 1086 136 1647 1305 1345 387 1265 1224 1367 906 1268 1214 888 365 154 1345 128 1408 76 1676
406 612 684 1417 1500 1144 1735 1301 1643 692 0 857 1871 1251 1300 729 1861 1519 1559 330 1479 1438 1581 1120 1482 1428 1102 362 638 1559 721 1623 740 1890
877 563 635 588 671 315 907 472 814 642 857 0 1042 422 471 680 1032 690 730 552 650 610 752 291 653 599 274 530 589 731 672 794 691 1061
1891 1578 1649 977 751 765 416 1264 268 1657 1871 1042 0 1214 860 1694 120 388 344 1566 1039 998 323 1082 1042 988 1065 1544 1603 810 1686 283 1706 88
1272 958 1030 760 843 486 1078 423 986 1037 1251 422 1214 0 643 1075 1204 862 902 947 822 781 924 242 825 771 178 924 983 902 1066 965 1086 1233
1320 1007 1078 230 489 194 724 692 632 1086 1300 471 860 643 0 1123 850 508 547 995 292 252 570 511 295 241 494 973 1032 548 1115 611 1135 879
749 147 79 1240 1323 967 1559 1124 1466 136 729 680 1694 1075 1123 0 1684 1342 1382 424 1303 1262 1405 943 1306 1251 926 402 192 1383 165 1446 185 1713
1882 1568 1639 967 741 755 410 1254 253 1647 1861 1032 120 1204 850 1684 0 373 329 1557 1029 988 308 1073 1032 978 1055 1534 1593 800 1676 268 1696 139
1539 1226 1297 625 399 413 321 912 164 1305 1519 690 388 862 508 1342 373 0 70 1214 687 646 93 730 690 636 713 1192 1251 458 1334 134 1354 407
1579 1265 1337 664 438 453 278 951 120 1345 1559 730 344 902 547 1382 329 70 0 1254 727 686 49 770 730 676 753 1232 1291 498 1374 90 1393 363
350 308 379 1112 1195 839 1431 997 1339 387 330 552 1566 947 995 424 1557 1214 1254 0 1175 1134 1277 816 1178 1123 798 57 333 1255 416 1318 436 1586
1500 1186 1257 409 668 373 903 872 811 1265 1479 650 1039 822 292 1303 1029 687 727 1175 0 308 749 691 475 420 673 1152 1211 728 1294 791 1314 1058
1459 1145 1217 169 627 333 863 831 771 1224 1438 610 998 781 252 1262 988 646 686 1134 308 0 709 650 234 180 632 1112 1171 687 1254 750 1273 1017
1602 1288 1359 687 461 475 257 974 99 1367 1581 752 323 924 570 1405 308 93 49 1277 749 709 0 793 752 698 775 1254 1313 521 1396 69 1416 342
1140 827 898 628 711 355 947 292 855 906 1120 291 1082 242 511 943 1073 730 770 816 691 650 793 0 694 639 93 793 852 771 935 834 955 1101
1503 1189 1260 213 671 376 906 875 814 1268 1482 653 1042 825 295 1306 1032 690 730 1178 475 234 752 694 0 214 676 1155 1214 731 1297 794 1317 1061
1448 1135 1206 158 617 322 852 821 760 1214 1428 599 988 771 241 1251 978 636 676 1123 420 180 698 639 214 0 622 1101 1160 676 1243 739 1263 1007
1123 809 881 611 694 338 929 274 837 888 1102 274 1065 178 494 926 1055 713 753 798 673 632 775 93 676 622 0 776 834 753 917 816 937 1084
382 285 357 1090 1173 817 1408 974 1316 365 362 530 1544 924 973 402 1534 1192 1232 57 1152 1112 1254 793 1155 1101 776 0 311 1233 394 1296 413 1563
658 75 147 1149 1232 876 1467 1033 1375 154 638 589 1603 983 1032 192 1593 1251 1291 333 1211 1171 1313 852 1214 1160 834 311 0 1292 183 1355 203 1622
1580 1266 1338 665 107 454 675 952 582 1345 1559 731 810 902 548 1383 800 458 498 1255 728 687 521 771 731 676 753 1233 1292 0 1375 562 1394 829
741 138 120 1232 1315 959 1550 1116 1458 128 721 672 1686 1066 1115 165 1676 1334 1374 416 1294 1254 1396 935 1297 1243 917 394 183 1375 0 1438 177 1705
1643 1329 1401 728 502 517 217 1015 59 1408 1623 794 283 965 611 1446 268 134 90 1318 791 750 69 834 794 739 816 1296 1355 562 1438 0 1457 302
761 158 140 1252 1335 978 1570 1136 1478 76 740 691 1706 1086 1135 185 1696 1354 1393 436 1314 1273 1416 955 1317 1263 937 413 203 1394 177 1457 0 1725
1910 1597 1668 996 770 784 435 1283 287 1676 1890 1061 88 1233 879 1713 139 407 363 1586 1058 1017 342 1101 1061 1007 1084 1563 1622 829 1705 302 1725 0
EOF