NAME : tsp_problem
TYPE : TSP
DIMENSION : 72
EDGE_WEIGHT_TYPE : EXPLICIT
EDGE_WEIGHT_FORMAT : FULL_MATRIX
EDGE_WEIGHT_SECTION
0 1231 1551 112 1187 1150 986 313 1348 80 60 1289 1366 1254 365 1297 1444 405 1199 272 458 1290 1430 437 875 1072 1117 1686 1020 1322 1471 391 1293 1762 1225 1300 1505 1328 749 1349 429 1524 1248 1313 1460 1670 1264 1625 168 1474 239 1299 99 1134 982 361 371 297 1231 1205 1103 313 359 1156 514 1338 1466 350 1453 1300 534 1409
1231 0 996 1145 181 220 431 1510 794 1277 1255 734 436 323 1216 742 889 1256 644 1469 1309 735 875 1288 723 920 387 1131 289 768 916 1242 536 1207 670 745 950 773 545 794 1280 969 318 758 906 1116 709 1070 1260 920 1089 744 1167 204 830 1453 1222 1494 301 275 548 1164 951 425 744 783 911 1200 898 745 1385 854
1551 996 0 1465 952 915 657 1830 234 1597 1575 464 1131 1019 1536 753 900 1576 655 1789 1629 746 886 1607 1043 1240 882 373 785 778 166 1562 1058 450 681 756 227 294 865 805 1599 70 1013 769 124 358 439 312 1580 197 1409 474 1487 899 1150 1773 1542 1813 996 970 468 1484 1271 921 1063 794 161 1520 121 756 1705 215
112 1145 1465 0 1101 1064 900 391 1263 158 137 1203 1280 1168 280 1211 1358 319 1113 350 372 1204 1344 351 789 986 1031 1600 934 1237 1385 305 1207 1676 1139 1214 1419 1242 663 1263 343 1438 1163 1227 1375 1585 1178 1539 141 1389 153 1213 72 1048 896 335 286 375 1145 1119 1017 227 273 1070 428 1252 1380 264 1367 1214 448 1323
1187 181 952 1101 0 176 387 1466 750 1233 1212 690 392 280 1172 698 846 1212 601 1425 1265 691 831 1244 679 876 343 1087 246 724 872 1198 492 1163 626 701 906 729 501 750 1236 925 274 715 862 1072 665 1026 1216 876 1046 700 1123 160 786 1410 1178 1450 257 231 504 1120 907 381 700 739 867 1157 854 702 1341 810
1150 220 915 1064 176 0 350 1429 713 1196 1174 653 252 219 1135 661 808 1175 563 1388 1228 654 794 1207 642 839 305 1050 208 687 835 1161 352 1126 589 664 869 692 464 713 1199 888 214 677 825 1035 628 989 1179 838 1008 663 1086 100 749 1372 1141 1413 196 171 467 1083 870 344 662 702 830 1119 817 664 1304 773
986 431 657 900 387 350 0 1265 454 1031 1010 395 566 453 971 403 550 1010 305 1224 1063 396 536 1042 478 675 317 792 220 428 577 997 493 868 331 406 611 434 300 455 1034 630 448 419 566 776 370 731 1015 580 844 405 921 334 585 1208 977 1248 431 405 209 919 706 356 498 444 572 955 558 406 1140 514
313 1510 1830 391 1466 1429 1265 0 1627 258 288 1568 1645 1532 644 1576 1723 684 1478 67 737 1569 1709 716 1154 1351 1396 1965 1299 1601 1750 670 1572 2041 1503 1579 1783 1607 1027 1628 708 1803 1527 1592 1739 1949 1543 1903 447 1753 517 1577 378 1413 1261 640 650 51 1510 1484 1382 592 637 1435 793 1616 1745 629 1731 1579 813 1687
1348 794 234 1263 750 713 454 1627 0 1394 1373 292 928 816 1333 551 698 1373 453 1586 1426 544 683 1405 840 1037 680 369 582 576 158 1359 856 445 478 553 192 122 662 603 1397 207 811 567 143 353 267 308 1378 162 1207 302 1284 697 947 1571 1339 1611 793 768 265 1281 1069 718 861 591 153 1318 136 554 1502 96
80 1277 1597 158 1233 1196 1031 258 1394 0 55 1335 1412 1299 411 1343 1490 451 1245 217 504 1336 1475 483 921 1118 1163 1731 1066 1368 1517 437 1339 1808 1270 1346 1550 1373 794 1395 475 1569 1294 1359 1506 1716 1310 1670 214 1520 284 1344 145 1180 1028 407 417 242 1276 1251 1149 359 404 1201 560 1383 1512 395 1498 1346 580 1454
60 1255 1575 137 1212 1174 1010 288 1373 55 0 1313 1390 1278 390 1321 1469 429 1223 248 482 1314 1454 461 899 1097 1141 1710 1044 1347 1495 415 1317 1786 1249 1324 1529 1352 773 1373 453 1548 1273 1337 1485 1695 1288 1649 192 1499 263 1323 123 1158 1006 385 396 272 1255 1229 1127 338 383 1180 538 1362 1490 374 1477 1324 558 1433
1289 734 464 1203 690 653 395 1568 292 1335 1313 0 869 757 1274 491 638 1314 393 1527 1367 484 624 1346 781 978 620 561 523 516 340 1300 796 637 419 494 374 197 603 543 1338 437 751 507 374 545 79 500 1318 344 1147 62 1225 637 888 1511 1280 1552 734 708 206 1222 1009 659 801 532 335 1258 366 494 1443 278
1366 436 1131 1280 392 252 566 1645 928 1412 1390 869 0 139 1351 877 1024 1391 779 1604 1444 870 1010 1422 858 1055 521 1266 424 902 1051 1377 220 1342 805 880 1085 908 680 929 1414 1104 155 893 1040 1250 844 1205 1395 1054 1224 879 1302 266 965 1588 1357 1628 172 187 683 1299 1086 260 878 918 1046 1335 1033 880 1520 989
1254 323 1019 1168 280 219 453 1532 816 1299 1278 757 139 0 1238 765 912 1278 667 1492 1331 758 897 1310 745 943 409 1153 312 790 939 1264 239 1230 692 768 972 795 567 817 1302 991 173 781 928 1138 732 1092 1283 942 1112 766 1189 203 852 1476 1245 1516 190 206 571 1186 974 278 766 805 934 1223 920 768 1407 876
365 1216 1536 280 1172 1135 971 644 1333 411 390 1274 1351 1238 0 1282 1429 72 1184 603 174 1275 1415 153 860 1057 1102 1671 1005 1307 1456 87 1278 1747 1210 1285 1490 1313 734 1334 145 1509 1233 1298 1445 1655 1249 1610 394 1459 163 1284 301 1119 967 588 87 628 1216 1190 1088 122 344 1141 499 1323 1451 65 1437 1285 250 1394
1297 742 753 1211 698 661 403 1576 551 1343 1321 491 877 765 1282 0 428 1322 145 1535 1375 37 413 1354 789 986 628 888 531 306 673 1308 804 964 122 96 707 530 611 333 1346 726 760 297 663 873 466 827 1326 677 1155 501 1233 645 896 1519 1288 1560 742 716 305 1230 1017 667 810 321 668 1266 655 23 1451 611
1444 889 900 1358 846 808 550 1723 698 1490 1469 638 1024 912 1429 428 0 1469 330 1682 1522 421 104 1501 936 1133 775 1035 678 144 820 1455 951 1111 355 431 854 677 758 196 1493 873 907 177 810 1020 613 974 1473 824 1303 648 1380 793 1043 1667 1435 1707 889 864 452 1377 1164 814 957 201 815 1414 802 431 1598 758
405 1256 1576 319 1212 1175 1010 684 1373 451 429 1314 1391 1278 72 1322 1469 0 1224 643 213 1315 1454 192 900 1097 1142 1710 1045 1347 1496 46 1318 1787 1249 1325 1529 1352 773 1374 184 1548 1273 1338 1485 1695 1289 1649 434 1499 203 1323 341 1159 1007 627 127 668 1256 1230 1128 162 383 1181 539 1362 1491 105 1477 1325 290 1433
1199 644 655 1113 601 563 305 1478 453 1245 1223 393 779 667 1184 145 330 1224 0 1437 1277 138 315 1256 691 888 530 790 433 208 575 1210 706 866 73 148 609 432 513 235 1248 628 662 199 565 775 368 729 1228 579 1057 403 1135 547 798 1422 1190 1462 644 618 207 1132 919 569 712 223 570 1169 557 148 1353 513
272 1469 1789 350 1425 1388 1224 67 1586 217 248 1527 1604 1492 603 1535 1682 643 1437 0 696 1528 1668 675 1113 1310 1355 1924 1258 1560 1709 629 1531 2000 1463 1538 1743 1566 987 1587 667 1762 1486 1551 1698 1908 1502 1863 406 1712 477 1537 337 1372 1220 599 609 84 1469 1443 1341 551 597 1394 752 1576 1704 588 1691 1538 772 1647
458 1309 1629 372 1265 1228 1063 737 1426 504 482 1367 1444 1331 174 1375 1522 213 1277 696 0 1368 1507 136 953 1150 1195 1763 1098 1400 1549 200 1371 1840 1302 1378 1582 1405 826 1427 97 1601 1326 1391 1538 1748 1342 1702 487 1552 255 1376 394 1212 1060 680 180 721 1308 1283 1181 215 436 1233 592 1415 1544 138 1530 1378 233 1486
1290 735 746 1204 691 654 396 1569 544 1336 1314 484 870 758 1275 37 421 1315 138 1528 1368 0 406 1347 782 979 621 881 524 299 666 1301 797 957 115 89 700 523 604 326 1339 719 753 290 656 866 459 820 1319 670 1148 494 1226 638 889 1512 1281 1553 735 709 298 1223 1010 660 803 314 661 1260 648 40 1444 604
1430 875 886 1344 831 794 536 1709 683 1475 1454 624 1010 897 1415 413 104 1454 315 1668 1507 406 0 1486 921 1119 761 1021 664 129 806 1440 937 1097 341 416 839 663 744 198 1478 859 892 162 795 1005 599 959 1459 809 1288 633 1365 778 1029 1652 1421 1692 875 849 438 1363 1150 800 942 187 801 1399 787 416 1584 743
437 1288 1607 351 1244 1207 1042 716 1405 483 461 1346 1422 1310 153 1354 1501 192 1256 675 136 1347 1486 0 932 1129 1174 1742 1076 1379 1528 178 1350 1819 1281 1357 1561 1384 805 1406 107 1580 1305 1370 1517 1727 1321 1681 466 1531 234 1355 373 1191 1039 659 159 700 1287 1262 1160 194 415 1212 571 1394 1523 117 1509 1357 212 1465
875 723 1043 789 679 642 478 1154 840 921 899 781 858 745 860 789 936 900 691 1113 953 782 921 932 0 258 609 1177 512 814 963 886 785 1254 716 792 996 820 240 841 924 1016 740 805 952 1162 756 1116 904 966 733 790 811 626 253 1097 866 1138 723 697 595 808 595 648 387 829 958 844 944 792 1029 900
1072 920 1240 986 876 839 675 1351 1037 1118 1097 978 1055 943 1057 986 1133 1097 888 1310 1150 979 1119 1129 258 0 806 1375 709 1011 1160 1083 982 1451 914 989 1194 1017 438 1038 1121 1213 937 1002 1149 1359 953 1314 1101 1163 931 988 1008 823 451 1295 1063 1335 920 894 792 1005 792 845 585 1027 1155 1042 1142 989 1226 1098
1117 387 882 1031 343 305 317 1396 680 1163 1141 620 521 409 1102 628 775 1142 530 1355 1195 621 761 1174 609 806 0 1017 175 654 802 1128 449 1093 556 631 836 659 431 680 1166 855 404 644 792 1002 595 956 1146 806 975 630 1053 290 716 1339 1108 1380 386 361 434 1050 837 311 630 669 797 1086 784 631 1271 740
1686 1131 373 1600 1087 1050 792 1965 369 1731 1710 561 1266 1153 1671 888 1035 1710 790 1924 1763 881 1021 1742 1177 1375 1017 0 920 913 290 1696 1193 137 815 891 225 390 1000 940 1734 346 1148 904 283 209 536 163 1715 257 1544 570 1621 1034 1285 1908 1677 1948 1131 1105 603 1619 1406 1056 1198 928 285 1655 275 891 1840 312
1020 289 785 934 246 208 220 1299 582 1066 1044 523 424 312 1005 531 678 1045 433 1258 1098 524 664 1076 512 709 175 920 0 556 705 1031 351 996 459 534 739 562 334 583 1068 758 307 547 694 904 498 859 1049 708 878 533 956 192 619 1242 1011 1283 289 263 337 953 740 214 532 572 700 989 687 534 1174 643
1322 768 778 1237 724 687 428 1601 576 1368 1347 516 902 790 1307 306 144 1347 208 1560 1400 299 129 1379 814 1011 654 913 556 0 698 1333 830 990 234 309 732 555 636 91 1371 751 785 55 688 898 492 852 1352 702 1181 526 1258 671 921 1545 1313 1585 767 742 330 1255 1042 692 835 79 693 1292 680 309 1476 636
1471 916 166 1385 872 835 577 1750 158 1517 1495 340 1051 939 1456 673 820 1496 575 1709 1549 666 806 1528 963 1160 802 290 705 698 0 1482 978 366 601 676 103 170 785 725 1520 139 934 689 76 275 315 229 1500 73 1329 350 1407 819 1070 1693 1462 1734 916 890 388 1404 1191 841 983 714 47 1440 68 676 1625 91
391 1242 1562 305 1198 1161 997 670 1359 437 415 1300 1377 1264 87 1308 1455 46 1210 629 200 1301 1440 178 886 1083 1128 1696 1031 1333 1482 0 1304 1773 1235 1311 1515 1339 759 1360 170 1534 1259 1324 1471 1681 1275 1635 420 1485 189 1309 327 1145 993 613 113 654 1242 1216 1114 148 369 1167 525 1348 1477 91 1463 1311 276 1419
1293 536 1058 1207 492 352 493 1572 856 1339 1317 796 220 239 1278 804 951 1318 706 1531 1371 797 937 1350 785 982 449 1193 351 830 978 1304 0 1269 732 807 1012 835 607 856 1342 1031 254 820 968 1178 771 1132 1322 982 1151 806 1229 366 892 1515 1284 1556 272 287 610 1226 1013 168 806 845 973 1262 960 807 1447 916
1762 1207 450 1676 1163 1126 868 2041 445 1808 1786 637 1342 1230 1747 964 1111 1787 866 2000 1840 957 1097 1819 1254 1451 1093 137 996 990 366 1773 1269 0 892 967 302 466 1076 1016 1811 422 1225 980 359 157 612 202 1791 334 1620 647 1698 1110 1361 1984 1753 2025 1207 1181 679 1695 1482 1132 1275 1005 361 1731 351 967 1916 388
1225 670 681 1139 626 589 331 1503 478 1270 1249 419 805 692 1210 122 355 1249 73 1463 1302 115 341 1281 716 914 556 815 459 234 601 1235 732 892 0 125 634 457 539 260 1273 653 687 224 590 800 394 754 1254 604 1083 428 1160 573 823 1447 1216 1487 670 644 233 1158 945 595 737 249 596 1194 582 125 1378 538
1300 745 756 1214 701 664 406 1579 553 1346 1324 494 880 768 1285 96 431 1325 148 1538 1378 89 416 1357 792 989 631 891 534 309 676 1311 807 967 125 0 710 533 614 336 1348 729 762 300 665 875 469 830 1329 679 1158 504 1236 648 899 1522 1291 1563 745 719 308 1233 1020 670 812 324 671 1269 658 99 1454 614
1505 950 227 1419 906 869 611 1783 192 1550 1529 374 1085 972 1490 707 854 1529 609 1743 1582 700 839 1561 996 1194 836 225 739 732 103 1515 1012 302 634 710 0 203 819 759 1553 200 967 723 137 210 349 164 1534 71 1363 384 1440 853 1103 1727 1496 1767 950 924 422 1438 1225 875 1017 747 98 1474 129 710 1658 125
1328 773 294 1242 729 692 434 1607 122 1373 1352 197 908 795 1313 530 677 1352 432 1566 1405 523 663 1384 820 1017 659 390 562 555 170 1339 835 466 457 533 203 0 642 582 1376 266 790 546 203 375 172 329 1357 173 1186 207 1263 676 927 1550 1319 1590 773 747 245 1261 1048 698 840 571 165 1297 195 533 1482 107
749 545 865 663 501 464 300 1027 662 794 773 603 680 567 734 611 758 773 513 987 826 604 744 805 240 438 431 1000 334 636 785 759 607 1076 539 614 819 642 0 663 797 838 562 627 774 984 578 939 778 788 607 612 684 448 347 971 740 1011 545 519 417 681 469 470 261 652 780 718 766 614 902 722
1349 794 805 1263 750 713 455 1628 603 1395 1373 543 929 817 1334 333 196 1374 235 1587 1427 326 198 1406 841 1038 680 940 583 91 725 1360 856 1016 260 336 759 582 663 0 1398 778 812 73 714 924 518 879 1378 728 1207 553 1285 697 948 1571 1340 1612 794 768 357 1282 1069 719 861 86 720 1318 707 336 1503 663
429 1280 1599 343 1236 1199 1034 708 1397 475 453 1338 1414 1302 145 1346 1493 184 1248 667 97 1339 1478 107 924 1121 1166 1734 1068 1371 1520 170 1342 1811 1273 1348 1553 1376 797 1398 0 1572 1297 1362 1509 1719 1313 1673 458 1523 226 1347 365 1183 1031 651 151 692 1279 1254 1151 186 407 1204 563 1386 1515 109 1501 1349 204 1457
1524 969 70 1438 925 888 630 1803 207 1569 1548 437 1104 991 1509 726 873 1548 628 1762 1601 719 859 1580 1016 1213 855 346 758 751 139 1534 1031 422 653 729 200 266 838 778 1572 0 986 742 97 331 412 285 1553 170 1382 447 1459 872 1123 1746 1515 1786 969 943 441 1457 1244 894 1036 766 134 1493 94 729 1678 188
1248 318 1013 1163 274 214 448 1527 811 1294 1273 751 155 173 1233 760 907 1273 662 1486 1326 753 892 1305 740 937 404 1148 307 785 934 1259 254 1225 687 762 967 790 562 812 1297 986 0 776 923 1133 727 1087 1278 937 1107 761 1184 198 847 1471 1239 1511 206 221 565 1181 968 294 761 800 929 1218 915 763 1402 871
1313 758 769 1227 715 677 419 1592 567 1359 1337 507 893 781 1298 297 177 1338 199 1551 1391 290 162 1370 805 1002 644 904 547 55 689 1324 820 980 224 300 723 546 627 73 1362 742 776 0 679 889 482 843 1342 693 1171 517 1249 661 912 1536 1304 1576 758 732 321 1246 1033 683 826 61 684 1283 671 300 1467 627
1460 906 124 1375 862 825 566 1739 143 1506 1485 374 1040 928 1445 663 810 1485 565 1698 1538 656 795 1517 952 1149 792 283 694 688 76 1471 968 359 590 665 137 203 774 714 1509 97 923 679 0 267 349 222 1490 106 1319 383 1396 809 1059 1683 1451 1723 905 880 377 1393 1180 830 973 703 70 1430 46 666 1614 125
1670 1116 358 1585 1072 1035 776 1949 353 1716 1695 545 1250 1138 1655 873 1020 1695 775 1908 1748 866 1005 1727 1162 1359 1002 209 904 898 275 1681 1178 157 800 875 210 375 984 924 1719 331 1133 889 267 0 520 148 1700 242 1529 555 1606 1019 1269 1893 1661 1933 1115 1090 587 1603 1391 1040 1183 913 270 1640 260 876 1824 296
1264 709 439 1178 665 628 370 1543 267 1310 1288 79 844 732 1249 466 613 1289 368 1502 1342 459 599 1321 756 953 595 536 498 492 315 1275 771 612 394 469 349 172 578 518 1313 412 727 482 349 520 0 475 1293 319 1122 89 1200 612 863 1486 1255 1527 709 683 181 1197 984 634 777 507 310 1233 341 469 1418 253
1625 1070 312 1539 1026 989 731 1903 308 1670 1649 500 1205 1092 1610 827 974 1649 729 1863 1702 820 959 1681 1116 1314 956 163 859 852 229 1635 1132 202 754 830 164 329 939 879 1673 285 1087 843 222 148 475 0 1654 196 1483 509 1560 973 1224 1847 1616 1887 1070 1044 542 1558 1345 995 1137 867 224 1594 214 830 1779 251
168 1260 1580 141 1216 1179 1015 447 1378 214 192 1318 1395 1283 394 1326 1473 434 1228 406 487 1319 1459 466 904 1101 1146 1715 1049 1352 1500 420 1322 1791 1254 1329 1534 1357 778 1378 458 1553 1278 1342 1490 1700 1293 1654 0 1504 268 1328 128 1163 1011 236 400 431 1260 1234 1132 342 388 1185 543 1367 1495 379 1482 1329 563 1438
1474 920 197 1389 876 838 580 1753 162 1520 1499 344 1054 942 1459 677 824 1499 579 1712 1552 670 809 1531 966 1163 806 257 708 702 73 1485 982 334 604 679 71 173 788 728 1523 170 937 693 106 242 319 196 1504 0 1333 353 1410 823 1073 1697 1465 1737 919 894 391 1407 1194 844 987 717 68 1444 98 680 1628 95
239 1089 1409 153 1046 1008 844 517 1207 284 263 1147 1224 1112 163 1155 1303 203 1057 477 255 1148 1288 234 733 931 975 1544 878 1181 1329 189 1151 1620 1083 1158 1363 1186 607 1207 226 1382 1107 1171 1319 1529 1122 1483 268 1333 0 1157 174 992 840 461 169 501 1089 1063 961 111 217 1014 373 1196 1324 147 1311 1158 332 1267
1299 744 474 1213 700 663 405 1577 302 1344 1323 62 879 766 1284 501 648 1323 403 1537 1376 494 633 1355 790 988 630 570 533 526 350 1309 806 647 428 504 384 207 612 553 1347 447 761 517 383 555 89 509 1328 353 1157 0 1234 647 897 1521 1290 1561 744 718 215 1232 1019 669 811 541 345 1268 375 504 1452 288
99 1167 1487 72 1123 1086 921 378 1284 145 123 1225 1302 1189 301 1233 1380 341 1135 337 394 1226 1365 373 811 1008 1053 1621 956 1258 1407 327 1229 1698 1160 1236 1440 1263 684 1285 365 1459 1184 1249 1396 1606 1200 1560 128 1410 174 1234 0 1070 918 321 307 362 1167 1141 1039 249 294 1092 450 1273 1402 285 1388 1236 470 1344
1134 204 899 1048 160 100 334 1413 697 1180 1158 637 266 203 1119 645 793 1159 547 1372 1212 638 778 1191 626 823 290 1034 192 671 819 1145 366 1110 573 648 853 676 448 697 1183 872 198 661 809 1019 612 973 1163 823 992 647 1070 0 733 1356 1125 1397 180 155 451 1067 854 328 647 686 814 1103 801 648 1288 757
982 830 1150 896 786 749 585 1261 947 1028 1006 888 965 852 967 896 1043 1007 798 1220 1060 889 1029 1039 253 451 716 1285 619 921 1070 993 892 1361 823 899 1103 927 347 948 1031 1123 847 912 1059 1269 863 1224 1011 1073 840 897 918 733 0 1204 973 1245 830 804 702 915 702 755 495 937 1065 951 1051 899 1136 1007
361 1453 1773 335 1410 1372 1208 640 1571 407 385 1511 1588 1476 588 1519 1667 627 1422 599 680 1512 1652 659 1097 1295 1339 1908 1242 1545 1693 613 1515 1984 1447 1522 1727 1550 971 1571 651 1746 1471 1536 1683 1893 1486 1847 236 1697 461 1521 321 1356 1204 0 594 624 1453 1428 1325 536 581 1378 737 1560 1688 572 1675 1523 757 1631
371 1222 1542 286 1178 1141 977 650 1339 417 396 1280 1357 1245 87 1288 1435 127 1190 609 180 1281 1421 159 866 1063 1108 1677 1011 1313 1462 113 1284 1753 1216 1291 1496 1319 740 1340 151 1515 1239 1304 1451 1661 1255 1616 400 1465 169 1290 307 1125 973 594 0 634 1222 1196 1094 128 350 1147 505 1329 1457 71 1443 1291 256 1400
297 1494 1813 375 1450 1413 1248 51 1611 242 272 1552 1628 1516 628 1560 1707 668 1462 84 721 1553 1692 700 1138 1335 1380 1948 1283 1585 1734 654 1556 2025 1487 1563 1767 1590 1011 1612 692 1786 1511 1576 1723 1933 1527 1887 431 1737 501 1561 362 1397 1245 624 634 0 1493 1468 1366 576 621 1418 777 1600 1729 612 1715 1563 797 1671
1231 301 996 1145 257 196 431 1510 793 1276 1255 734 172 190 1216 742 889 1256 644 1469 1308 735 875 1287 723 920 386 1131 289 767 916 1242 272 1207 670 745 950 773 545 794 1279 969 206 758 905 1115 709 1070 1260 919 1089 744 1167 180 830 1453 1222 1493 0 239 548 1164 951 311 743 783 911 1200 897 745 1385 853
1205 275 970 1119 231 171 405 1484 768 1251 1229 708 187 206 1190 716 864 1230 618 1443 1283 709 849 1262 697 894 361 1105 263 742 890 1216 287 1181 644 719 924 747 519 768 1254 943 221 732 880 1090 683 1044 1234 894 1063 718 1141 155 804 1428 1196 1468 239 0 522 1138 925 327 718 757 885 1175 872 719 1359 828
1103 548 468 1017 504 467 209 1382 265 1149 1127 206 683 571 1088 305 452 1128 207 1341 1181 298 438 1160 595 792 434 603 337 330 388 1114 610 679 233 308 422 245 417 357 1151 441 565 321 377 587 181 542 1132 391 961 215 1039 451 702 1325 1094 1366 548 522 0 1036 823 473 615 346 383 1072 369 308 1257 325
313 1164 1484 227 1120 1083 919 592 1281 359 338 1222 1299 1186 122 1230 1377 162 1132 551 215 1223 1363 194 808 1005 1050 1619 953 1255 1404 148 1226 1695 1158 1233 1438 1261 681 1282 186 1457 1181 1246 1393 1603 1197 1558 342 1407 111 1232 249 1067 915 536 128 576 1164 1138 1036 0 292 1089 447 1271 1399 107 1385 1233 291 1341
359 951 1271 273 907 870 706 637 1069 404 383 1009 1086 974 344 1017 1164 383 919 597 436 1010 1150 415 595 792 837 1406 740 1042 1191 369 1013 1482 945 1020 1225 1048 469 1069 407 1244 968 1033 1180 1391 984 1345 388 1194 217 1019 294 854 702 581 350 621 951 925 823 292 0 876 234 1058 1186 328 1173 1020 512 1129
1156 425 921 1070 381 344 356 1435 718 1201 1180 659 260 278 1141 667 814 1181 569 1394 1233 660 800 1212 648 845 311 1056 214 692 841 1167 168 1132 595 670 875 698 470 719 1204 894 294 683 830 1040 634 995 1185 844 1014 669 1092 328 755 1378 1147 1418 311 327 473 1089 876 0 668 708 836 1125 822 670 1310 779
514 744 1063 428 700 662 498 793 861 560 538 801 878 766 499 810 957 539 712 752 592 803 942 571 387 585 630 1198 532 835 983 525 806 1275 737 812 1017 840 261 861 563 1036 761 826 973 1183 777 1137 543 987 373 811 450 647 495 737 505 777 743 718 615 447 234 668 0 850 978 484 965 813 668 921
1338 783 794 1252 739 702 444 1616 591 1383 1362 532 918 805 1323 321 201 1362 223 1576 1415 314 187 1394 829 1027 669 928 572 79 714 1348 845 1005 249 324 747 571 652 86 1386 766 800 61 703 913 507 867 1367 717 1196 541 1273 686 937 1560 1329 1600 783 757 346 1271 1058 708 850 0 709 1307 695 324 1491 651
1466 911 161 1380 867 830 572 1745 153 1512 1490 335 1046 934 1451 668 815 1491 570 1704 1544 661 801 1523 958 1155 797 285 700 693 47 1477 973 361 596 671 98 165 780 720 1515 134 929 684 70 270 310 224 1495 68 1324 345 1402 814 1065 1688 1457 1729 911 885 383 1399 1186 836 978 709 0 1435 62 671 1620 86
350 1200 1520 264 1157 1119 955 629 1318 395 374 1258 1335 1223 65 1266 1414 105 1169 588 138 1260 1399 117 844 1042 1086 1655 989 1292 1440 91 1262 1731 1194 1269 1474 1297 718 1318 109 1493 1218 1283 1430 1640 1233 1594 379 1444 147 1268 285 1103 951 572 71 612 1200 1175 1072 107 328 1125 484 1307 1435 0 1422 1270 215 1378
1453 898 121 1367 854 817 558 1731 136 1498 1477 366 1033 920 1437 655 802 1477 557 1691 1530 648 787 1509 944 1142 784 275 687 680 68 1463 960 351 582 658 129 195 766 707 1501 94 915 671 46 260 341 214 1482 98 1311 375 1388 801 1051 1675 1443 1715 897 872 369 1385 1173 822 965 695 62 1422 0 658 1606 117
1300 745 756 1214 702 664 406 1579 554 1346 1324 494 880 768 1285 23 431 1325 148 1538 1378 40 416 1357 792 989 631 891 534 309 676 1311 807 967 125 99 710 533 614 336 1349 729 763 300 666 876 469 830 1329 680 1158 504 1236 648 899 1523 1291 1563 745 719 308 1233 1020 670 813 324 671 1270 658 0 1454 614
534 1385 1705 448 1341 1304 1140 813 1502 580 558 1443 1520 1407 250 1451 1598 290 1353 772 233 1444 1584 212 1029 1226 1271 1840 1174 1476 1625 276 1447 1916 1378 1454 1658 1482 902 1503 204 1678 1402 1467 1614 1824 1418 1779 563 1628 332 1452 470 1288 1136 757 256 797 1385 1359 1257 291 512 1310 668 1491 1620 215 1606 1454 0 1562
1409 854 215 1323 810 773 514 1687 96 1454 1433 278 989 876 1394 611 758 1433 513 1647 1486 604 743 1465 900 1098 740 312 643 636 91 1419 916 388 538 614 125 107 722 663 1457 188 871 627 125 296 253 251 1438 95 1267 288 1344 757 1007 1631 1400 1671 853 828 325 1341 1129 779 921 651 86 1378 117 614 1562 0
EOF