NAME : tsp_problem
TYPE : TSP
DIMENSION : 50
EDGE_WEIGHT_TYPE : EXPLICIT
EDGE_WEIGHT_FORMAT : FULL_MATRIX
EDGE_WEIGHT_SECTION
0 179 1173 1587 485 365 720 145 1524 555 224 1518 1015 249 680 527 561 834 1233 800 878 750 294 1364 1502 443 751 963 330 154 186 752 346 658 167 670 448 941 1449 597 871 240 573 1445 1561 583 479 1469 1582 402
179 0 1273 1687 585 323 821 280 1624 656 104 1618 1115 103 780 627 661 934 1333 900 979 851 429 1464 1602 543 851 1064 288 152 287 852 303 758 165 770 406 1041 1549 697 971 375 673 1546 1661 683 579 1569 1682 359
1173 1273 0 447 992 1498 918 1066 384 1062 1318 377 810 1343 878 754 631 629 93 998 1076 948 1116 223 362 950 949 759 1463 1293 1264 491 1478 856 1305 868 1581 282 309 632 330 1063 656 305 421 1090 721 329 442 1534
1587 1687 447 0 1406 1912 1332 1480 731 1476 1732 109 1224 1757 1292 1168 1045 1044 402 1412 1490 1362 1530 272 709 1364 1363 1173 1877 1707 1678 905 1892 1270 1719 1282 1995 696 175 1046 744 1477 1070 652 91 1504 1136 434 67 1948
485 585 992 1406 0 810 539 378 1343 156 630 1336 834 655 499 345 380 653 1052 618 697 569 428 1182 1321 160 570 782 775 604 576 570 790 477 617 488 893 760 1268 416 690 375 391 1264 1380 145 297 1288 1401 846
365 323 1498 1912 810 0 1046 466 1849 881 368 1843 1340 393 1005 852 886 1159 1558 1125 1204 1076 615 1689 1827 768 1076 1289 212 251 512 1077 192 983 238 995 109 1266 1774 922 1196 562 898 1771 1886 908 804 1794 1907 156
720 821 918 1332 539 1046 0 614 1269 610 866 1263 760 891 250 302 306 579 979 349 280 229 664 1109 1247 498 234 709 1010 840 811 497 1026 227 853 214 1128 686 1194 342 616 610 318 1191 1306 637 269 1214 1327 1082
145 280 1066 1480 378 466 614 0 1417 449 325 1411 908 350 573 420 454 727 1126 693 772 644 178 1257 1395 336 644 857 431 255 301 645 446 551 268 563 549 834 1342 490 764 124 466 1339 1454 476 372 1362 1475 502
1524 1624 384 731 1343 1849 1269 1417 0 1413 1669 661 1161 1694 1229 1105 982 981 377 1349 1427 1299 1467 507 123 1301 1300 1110 1814 1644 1615 842 1829 1207 1656 1219 1932 633 592 983 681 1414 1007 210 705 1441 1073 612 725 1885
555 656 1062 1476 156 881 610 449 1413 0 701 1407 904 726 569 416 450 724 1123 689 768 640 499 1253 1391 230 640 853 845 675 646 641 861 547 688 559 963 831 1338 486 760 445 462 1335 1451 254 368 1358 1471 917
224 104 1318 1732 630 368 866 325 1669 701 0 1663 1160 69 825 672 706 980 1379 945 1024 896 474 1509 1647 589 896 1109 333 197 332 897 348 803 210 815 451 1087 1594 742 1016 421 718 1591 1707 728 624 1614 1727 404
1518 1618 377 109 1336 1843 1263 1411 661 1407 1663 0 1155 1688 1222 1099 976 974 333 1342 1421 1293 1461 202 639 1295 1293 1103 1807 1637 1608 836 1823 1200 1650 1212 1925 626 105 977 674 1407 1001 582 83 1434 1066 364 104 1879
1015 1115 810 1224 834 1340 760 908 1161 904 1160 1155 0 1185 720 596 473 251 870 840 918 790 958 1001 1139 792 791 380 1305 1135 1106 389 1320 698 1147 710 1423 578 1086 474 508 905 498 1083 1198 932 563 1106 1219 1376
249 103 1343 1757 655 393 891 350 1694 726 69 1688 1185 0 850 697 731 1005 1404 970 1049 921 499 1534 1673 614 921 1134 358 222 357 922 373 828 235 840 476 1112 1619 767 1041 446 743 1616 1732 753 649 1639 1752 429
680 780 878 1292 499 1005 250 573 1229 569 825 1222 720 850 0 261 266 539 938 329 408 280 623 1069 1207 457 280 668 970 800 771 456 985 177 812 199 1088 646 1154 302 576 570 277 1150 1266 597 228 1174 1287 1041
527 627 754 1168 345 852 302 420 1105 416 672 1099 596 697 261 0 142 415 814 381 460 332 470 945 1083 304 332 545 817 646 618 333 832 239 659 251 935 522 1030 178 452 417 154 1027 1142 443 75 1050 1163 888
561 661 631 1045 380 886 306 454 982 450 706 976 473 731 266 142 0 292 691 386 464 336 504 822 960 338 337 422 851 680 652 210 866 244 693 256 969 399 907 55 329 451 44 904 1019 478 109 927 1040 922
834 934 629 1044 653 1159 579 727 981 724 980 974 251 1005 539 415 292 0 690 659 738 610 777 820 959 611 610 199 1124 954 925 208 1139 517 966 529 1242 398 905 293 328 724 317 902 1018 751 383 925 1038 1195
1233 1333 93 402 1052 1558 979 1126 377 1123 1379 333 870 1404 938 814 691 690 0 1058 1137 1009 1176 179 355 1010 1009 819 1523 1353 1324 551 1538 916 1365 928 1641 342 264 692 390 1123 716 298 376 1150 782 284 397 1594
800 900 998 1412 618 1125 349 693 1349 689 945 1342 840 970 329 381 386 659 1058 0 185 327 743 1188 1327 577 331 788 1090 919 891 576 1105 307 932 319 1208 766 1274 422 696 690 397 1270 1386 716 348 1294 1407 1161
878 979 1076 1490 697 1204 280 772 1427 768 1024 1421 918 1049 408 460 464 738 1137 185 0 257 822 1267 1406 656 262 867 1168 998 969 655 1184 385 1011 343 1286 845 1352 500 774 768 476 1349 1465 795 427 1372 1485 1240
750 851 948 1362 569 1076 229 644 1299 640 896 1293 790 921 280 332 336 610 1009 327 257 0 694 1139 1277 528 212 739 1040 870 841 527 1056 257 883 244 1158 717 1224 372 646 640 348 1221 1336 667 299 1244 1357 1112
294 429 1116 1530 428 615 664 178 1467 499 474 1461 958 499 623 470 504 777 1176 743 822 694 0 1307 1445 386 694 907 580 404 450 695 595 601 417 613 698 884 1392 540 814 108 516 1389 1504 526 422 1412 1525 651
1364 1464 223 272 1182 1689 1109 1257 507 1253 1509 202 1001 1534 1069 945 822 820 179 1188 1267 1139 1307 0 485 1141 1140 949 1654 1483 1455 682 1669 1046 1496 1058 1772 473 134 823 520 1254 847 429 246 1280 912 211 267 1725
1502 1602 362 709 1321 1827 1247 1395 123 1391 1647 639 1139 1673 1207 1083 960 959 355 1327 1406 1277 1445 485 0 1279 1278 1088 1792 1622 1593 820 1807 1185 1634 1197 1910 611 570 961 659 1392 985 188 683 1419 1051 591 704 1863
443 543 950 1364 160 768 498 336 1301 230 589 1295 792 614 457 304 338 611 1010 577 656 528 386 1141 1279 0 528 741 733 563 534 529 749 435 575 447 851 718 1226 374 648 333 350 1223 1338 258 256 1246 1359 805
751 851 949 1363 570 1076 234 644 1300 640 896 1293 791 921 280 332 337 610 1009 331 262 212 694 1140 1278 528 0 739 1041 871 842 527 1056 258 883 245 1159 717 1225 373 647 641 348 1221 1337 668 299 1245 1358 1112
963 1064 759 1173 782 1289 709 857 1110 853 1109 1103 380 1134 668 545 422 199 819 788 867 739 907 949 1088 741 739 0 1253 1083 1054 337 1269 646 1096 658 1371 527 1035 422 457 853 447 1031 1147 880 512 1055 1168 1325
330 288 1463 1877 775 212 1010 431 1814 845 333 1807 1305 358 970 817 851 1124 1523 1090 1168 1040 580 1654 1792 733 1041 1253 0 216 476 1041 209 948 203 960 143 1231 1739 887 1161 527 862 1735 1851 873 769 1759 1872 190
154 152 1293 1707 604 251 840 255 1644 675 197 1637 1135 222 800 646 680 954 1353 919 998 870 404 1483 1622 563 871 1083 216 0 310 871 231 777 53 789 334 1061 1569 717 991 351 692 1565 1681 702 598 1589 1702 287
186 287 1264 1678 576 512 811 301 1615 646 332 1608 1106 357 771 618 652 925 1324 891 969 841 450 1455 1593 534 842 1054 476 310 0 842 492 749 323 761 594 1032 1540 688 962 397 663 1536 1652 673 569 1560 1673 548
752 852 491 905 570 1077 497 645 842 641 897 836 389 922 456 333 210 208 551 576 655 527 695 682 820 529 527 337 1041 871 842 0 1057 434 884 446 1159 259 767 210 189 641 235 763 879 668 300 787 900 1113
346 303 1478 1892 790 192 1026 446 1829 861 348 1823 1320 373 985 832 866 1139 1538 1105 1184 1056 595 1669 1807 749 1056 1269 209 231 492 1057 0 963 218 975 123 1246 1754 902 1176 542 878 1751 1866 888 784 1774 1887 170
658 758 856 1270 477 983 227 551 1207 547 803 1200 698 828 177 239 244 517 916 307 385 257 601 1046 1185 435 258 646 948 777 749 434 963 0 790 177 1066 624 1132 280 554 548 255 1128 1244 574 206 1152 1265 1019
167 165 1305 1719 617 238 853 268 1656 688 210 1650 1147 235 812 659 693 966 1365 932 1011 883 417 1496 1634 575 883 1096 203 53 323 884 218 790 0 802 321 1073 1581 729 1003 363 705 1578 1693 715 611 1601 1714 274
670 770 868 1282 488 995 214 563 1219 559 815 1212 710 840 199 251 256 529 928 319 343 244 613 1058 1197 447 245 658 960 789 761 446 975 177 802 0 1078 636 1144 292 566 560 267 1140 1256 586 218 1164 1277 1031
448 406 1581 1995 893 109 1128 549 1932 963 451 1925 1423 476 1088 935 969 1242 1641 1208 1286 1158 698 1772 1910 851 1159 1371 143 334 594 1159 123 1066 321 1078 0 1349 1857 1005 1279 645 981 1853 1969 991 887 1877 1990 87
941 1041 282 696 760 1266 686 834 633 831 1087 626 578 1112 646 522 399 398 342 766 845 717 884 473 611 718 717 527 1231 1061 1032 259 1246 624 1073 636 1349 0 558 400 98 831 424 554 670 858 490 578 691 1302
1449 1549 309 175 1268 1774 1194 1342 592 1338 1594 105 1086 1619 1154 1030 907 905 264 1274 1352 1224 1392 134 570 1226 1225 1035 1739 1569 1540 767 1754 1132 1581 1144 1857 558 0 908 606 1339 932 514 149 1366 997 296 170 1810
597 697 632 1046 416 922 342 490 983 486 742 977 474 767 302 178 55 293 692 422 500 372 540 823 961 374 373 422 887 717 688 210 902 280 729 292 1005 400 908 0 330 487 80 904 1020 514 146 928 1041 958
871 971 330 744 690 1196 616 764 681 760 1016 674 508 1041 576 452 329 328 390 696 774 646 814 520 659 648 647 457 1161 991 962 189 1176 554 1003 566 1279 98 606 330 0 761 354 602 718 788 420 626 739 1232
240 375 1063 1477 375 562 610 124 1414 445 421 1407 905 446 570 417 451 724 1123 690 768 640 108 1254 1392 333 641 853 527 351 397 641 542 548 363 560 645 831 1339 487 761 0 462 1335 1451 472 369 1359 1472 598
573 673 656 1070 391 898 318 466 1007 462 718 1001 498 743 277 154 44 317 716 397 476 348 516 847 985 350 348 447 862 692 663 235 878 255 705 267 981 424 932 80 354 462 0 929 1044 489 121 952 1065 934
1445 1546 305 652 1264 1771 1191 1339 210 1335 1591 582 1083 1616 1150 1027 904 902 298 1270 1349 1221 1389 429 188 1223 1221 1031 1735 1565 1536 763 1751 1128 1578 1140 1853 554 514 904 602 1335 929 0 626 1362 994 534 647 1807
1561 1661 421 91 1380 1886 1306 1454 705 1451 1707 83 1198 1732 1266 1142 1019 1018 376 1386 1465 1336 1504 246 683 1338 1337 1147 1851 1681 1652 879 1866 1244 1693 1256 1969 670 149 1020 718 1451 1044 626 0 1478 1110 408 86 1922
583 683 1090 1504 145 908 637 476 1441 254 728 1434 932 753 597 443 478 751 1150 716 795 667 526 1280 1419 258 668 880 873 702 673 668 888 574 715 586 991 858 1366 514 788 472 489 1362 1478 0 395 1386 1499 944
479 579 721 1136 297 804 269 372 1073 368 624 1066 563 649 228 75 109 383 782 348 427 299 422 912 1051 256 299 512 769 598 569 300 784 206 611 218 887 490 997 146 420 369 121 994 1110 395 0 1017 1131 840
1469 1569 329 434 1288 1794 1214 1362 612 1358 1614 364 1106 1639 1174 1050 927 925 284 1294 1372 1244 1412 211 591 1246 1245 1055 1759 1589 1560 787 1774 1152 1601 1164 1877 578 296 928 626 1359 952 534 408 1386 1017 0 429 1830
1582 1682 442 67 1401 1907 1327 1475 725 1471 1727 104 1219 1752 1287 1163 1040 1038 397 1407 1485 1357 1525 267 704 1359 1358 1168 1872 1702 1673 900 1887 1265 1714 1277 1990 691 170 1041 739 1472 1065 647 86 1499 1131 429 0 1943
402 359 1534 1948 846 156 1082 502 1885 917 404 1879 1376 429 1041 888 922 1195 1594 1161 1240 1112 651 1725 1863 805 1112 1325 190 287 548 1113 170 1019 274 1031 87 1302 1810 958 1232 598 934 1807 1922 944 840 1830 1943 0
EOF