NAME : tsp_problem
TYPE : TSP
DIMENSION : 54
EDGE_WEIGHT_TYPE : EXPLICIT
EDGE_WEIGHT_FORMAT : FULL_MATRIX
EDGE_WEIGHT_SECTION
0 1484 1112 127 1282 1259 1402 1437 448 1564 941 1385 550 645 1719 1310 1354 848 253 794 159 1427 563 1454 1666 994 1739 1351 1204 1540 1762 558 1411 1631 873 1158 1571 1330 1527 1579 165 1424 924 861 1304 509 1614 1342 1739 1046 1904 686 277 788
1484 0 399 1435 261 650 793 81 1244 138 605 248 971 861 800 700 179 655 1428 709 1444 509 1359 317 748 787 820 742 594 136 844 1355 121 712 636 952 653 720 609 175 1450 111 1720 1657 694 1017 696 733 820 839 986 855 1239 749
1112 399 0 1063 196 278 421 351 872 479 233 299 599 489 634 328 269 283 1056 337 1072 342 987 368 581 415 653 370 222 454 677 983 326 545 264 580 486 348 442 494 1078 338 1348 1285 322 645 529 361 653 467 819 483 867 377
127 1435 1063 0 1233 1211 1354 1388 400 1516 893 1336 502 596 1670 1261 1305 800 204 746 111 1379 515 1405 1618 945 1690 1303 1155 1491 1714 510 1362 1582 825 1110 1523 1281 1479 1530 117 1375 876 812 1255 461 1566 1294 1690 998 1856 638 228 740
1282 261 196 1233 0 447 590 213 1042 341 402 161 769 659 598 498 131 453 1225 507 1241 306 1157 231 546 584 618 540 392 317 641 1152 188 510 433 749 450 518 406 356 1247 200 1518 1454 492 814 493 531 618 637 783 653 1036 547
1259 650 278 1211 447 0 392 602 1020 730 380 551 746 637 885 300 520 431 1203 484 1219 593 1135 620 832 562 904 342 160 706 928 1130 577 797 411 727 737 320 693 745 1225 590 1496 1432 294 792 780 333 904 615 1070 631 1014 525
1402 793 421 1354 590 392 0 745 1163 873 523 693 889 780 1028 294 663 574 1346 627 1362 736 1277 762 975 705 1047 285 337 849 1071 1273 720 940 554 870 880 240 836 888 1368 732 1638 1575 214 935 923 266 1047 758 1213 773 1157 667
1437 81 351 1388 213 602 745 0 1197 161 557 200 923 814 753 653 152 608 1380 661 1396 461 1312 269 700 739 772 695 547 136 796 1307 122 665 588 904 605 673 561 176 1402 111 1673 1609 647 969 648 685 773 792 938 808 1191 702
448 1244 872 400 1042 1020 1163 1197 0 1325 702 1145 311 405 1479 1070 1114 609 392 555 408 1188 141 1214 1427 754 1499 1112 964 1300 1523 137 1171 1391 634 919 1332 1090 1288 1339 414 1184 502 439 1064 269 1375 1103 1499 807 1664 447 203 549
1564 138 479 1516 341 730 873 161 1325 0 685 328 1051 942 881 780 259 736 1508 789 1524 589 1439 397 828 867 900 822 675 216 924 1435 202 793 716 1032 733 800 689 157 1530 191 1800 1737 775 1097 776 813 900 920 1066 935 1319 829
941 605 233 893 402 380 523 557 702 685 0 505 428 319 840 430 475 113 885 166 901 548 817 575 787 244 859 472 325 661 883 812 532 752 93 409 692 451 648 700 907 544 1178 1114 425 474 735 463 859 297 1025 313 696 207
1385 248 299 1336 161 551 693 200 1145 328 505 0 872 762 701 601 118 556 1328 610 1344 410 1260 119 649 687 721 643 495 303 744 1255 175 613 536 852 553 621 510 343 1350 187 1621 1557 595 917 596 634 721 740 886 756 1139 650
550 971 599 502 769 746 889 923 311 1051 428 872 0 132 1206 797 841 335 494 281 510 914 425 941 1153 481 1225 838 691 1027 1249 421 898 1118 360 645 1058 817 1014 1066 516 911 786 723 791 83 1101 829 1225 533 1391 173 305 275
645 861 489 596 659 637 780 814 405 942 319 762 132 0 1096 687 731 226 589 172 605 805 520 831 1044 371 1116 729 581 917 1140 515 788 1008 251 536 949 707 905 956 611 801 881 818 681 178 992 720 1116 424 1281 64 400 166
1719 800 634 1670 598 885 1028 753 1479 881 840 701 1206 1096 0 935 670 890 1663 944 1679 320 1594 770 92 1022 43 977 829 856 87 1589 727 381 871 1186 321 955 278 895 1685 740 1955 1892 929 1251 178 968 43 1074 229 1090 1474 984
1310 700 328 1261 498 300 294 653 1070 780 430 601 797 687 935 0 570 481 1253 535 1269 644 1185 670 883 612 955 392 244 756 978 1180 627 847 461 777 787 366 744 795 1275 640 1546 1482 344 842 830 179 955 665 1120 681 1064 575
1354 179 269 1305 131 520 663 152 1114 259 475 118 841 731 670 570 0 525 1298 579 1314 379 1229 187 618 657 690 612 464 235 714 1224 126 582 506 822 523 590 479 274 1320 139 1590 1527 564 887 566 603 690 709 856 725 1109 619
848 655 283 800 453 431 574 608 609 736 113 556 335 226 890 481 525 0 792 73 808 599 724 625 838 165 910 523 375 711 933 719 582 802 45 330 743 501 699 750 814 595 1084 1021 475 381 786 514 910 218 1075 220 603 114
253 1428 1056 204 1225 1203 1346 1380 392 1508 885 1328 494 589 1663 1253 1298 792 0 738 212 1371 507 1397 1610 937 1682 1295 1147 1483 1706 502 1355 1575 817 1102 1515 1273 1471 1523 218 1367 868 804 1247 453 1558 1286 1682 990 1848 630 220 732
794 709 337 746 507 484 627 661 555 789 166 610 281 172 944 535 579 73 738 0 754 652 669 679 891 219 963 576 429 765 987 665 636 856 98 383 796 555 752 804 760 649 1030 967 529 327 839 567 963 271 1129 165 549 59
159 1444 1072 111 1241 1219 1362 1396 408 1524 901 1344 510 605 1679 1269 1314 808 212 754 0 1387 523 1413 1626 953 1698 1311 1164 1500 1722 518 1371 1591 833 1118 1531 1289 1487 1539 27 1383 884 820 1264 469 1574 1302 1698 1006 1864 646 236 748
1427 509 342 1379 306 593 736 461 1188 589 548 410 914 805 320 644 379 599 1371 652 1387 0 1303 479 268 730 340 685 538 565 369 1298 436 307 579 895 247 664 203 604 1393 449 1664 1600 638 960 259 676 340 783 511 799 1182 693
563 1359 987 515 1157 1135 1277 1312 141 1439 817 1260 425 520 1594 1185 1229 724 507 669 523 1303 0 1329 1542 869 1614 1227 1079 1415 1637 39 1286 1506 749 1034 1446 1205 1403 1454 529 1299 392 329 1179 384 1489 1218 1614 921 1779 562 318 664
1454 317 368 1405 231 620 762 269 1214 397 575 119 941 831 770 670 187 625 1397 679 1413 479 1329 0 718 757 790 712 564 373 813 1324 244 682 605 921 622 690 579 412 1419 256 1690 1626 664 986 665 703 790 809 955 825 1208 719
1666 748 581 1618 546 832 975 700 1427 828 787 649 1153 1044 92 883 618 838 1610 891 1626 268 1542 718 0 969 111 924 777 804 141 1537 675 329 818 1134 269 903 225 843 1632 688 1903 1839 877 1199 145 915 111 1022 283 1038 1421 932
994 787 415 945 584 562 705 739 754 867 244 687 481 371 1022 612 657 165 937 219 953 730 869 757 969 0 1041 654 507 843 1065 864 714 934 176 241 874 632 830 882 959 726 1230 1166 607 526 917 645 1041 128 1207 365 748 259
1739 820 653 1690 618 904 1047 772 1499 900 859 721 1225 1116 43 955 690 910 1682 963 1698 340 1614 790 111 1041 0 996 849 876 106 1609 747 401 890 1206 341 975 297 915 1704 760 1975 1911 949 1271 198 987 26 1094 248 1110 1493 1004
1351 742 370 1303 540 342 285 695 1112 822 472 643 838 729 977 392 612 523 1295 576 1311 685 1227 712 924 654 996 0 286 798 1020 1222 669 889 503 819 829 212 785 837 1317 682 1588 1524 186 884 872 425 997 707 1162 723 1106 617
1204 594 222 1155 392 160 337 547 964 675 325 495 691 581 829 244 464 375 1147 429 1164 538 1079 564 777 507 849 286 0 650 872 1074 521 741 356 671 681 264 638 689 1169 534 1440 1376 238 736 724 277 849 559 1014 575 958 469
1540 136 454 1491 317 706 849 136 1300 216 661 303 1027 917 856 756 235 711 1483 765 1500 565 1415 373 804 843 876 798 650 0 899 1410 177 768 692 1007 708 776 665 114 1506 167 1776 1712 750 1072 751 789 876 895 1041 911 1294 805
1762 844 677 1714 641 928 1071 796 1523 924 883 744 1249 1140 87 978 714 933 1706 987 1722 369 1637 813 141 1065 106 1020 872 899 0 1633 771 420 914 1230 360 998 317 939 1728 783 1998 1935 972 1295 205 1011 106 1117 211 1133 1517 1027
558 1355 983 510 1152 1130 1273 1307 137 1435 812 1255 421 515 1589 1180 1224 719 502 665 518 1298 39 1324 1537 864 1609 1222 1074 1410 1633 0 1282 1501 744 1029 1442 1200 1398 1450 524 1294 400 336 1174 380 1485 1213 1609 917 1775 557 313 659
1411 121 326 1362 188 577 720 122 1171 202 532 175 898 788 727 627 126 582 1355 636 1371 436 1286 244 675 714 747 669 521 177 771 1282 0 639 563 879 580 647 536 216 1377 152 1647 1584 621 944 623 660 747 766 913 782 1166 676
1631 712 545 1582 510 797 940 665 1391 793 752 613 1118 1008 381 847 582 802 1575 856 1591 307 1506 682 329 934 401 889 741 768 420 1501 639 0 783 1098 93 867 130 807 1597 652 1867 1804 841 1163 272 880 401 986 562 1002 1386 896
873 636 264 825 433 411 554 588 634 716 93 536 360 251 871 461 506 45 817 98 833 579 749 605 818 176 890 503 356 692 914 744 563 783 0 341 723 481 679 731 839 575 1110 1046 456 406 766 494 890 229 1056 245 628 139
1158 952 580 1110 749 727 870 904 919 1032 409 852 645 536 1186 777 822 330 1102 383 1118 895 1034 921 1134 241 1206 819 671 1007 1230 1029 879 1098 341 0 1039 797 995 1047 1124 891 1395 1331 771 691 1082 810 1206 293 1372 530 913 424
1571 653 486 1523 450 737 880 605 1332 733 692 553 1058 949 321 787 523 743 1515 796 1531 247 1446 622 269 874 341 829 681 708 360 1442 580 93 723 1039 0 807 116 748 1537 592 1807 1744 782 1104 212 820 341 927 502 942 1326 836
1330 720 348 1281 518 320 240 673 1090 800 451 621 817 707 955 366 590 501 1273 555 1289 664 1205 690 903 632 975 212 264 776 998 1200 647 867 481 797 807 0 764 815 1295 660 1566 1502 141 862 850 338 975 685 1140 701 1084 595
1527 609 442 1479 406 693 836 561 1288 689 648 510 1014 905 278 744 479 699 1471 752 1487 203 1403 579 225 830 297 785 638 665 317 1398 536 130 679 995 116 764 0 704 1493 549 1764 1700 738 1060 169 776 297 883 458 899 1282 793
1579 175 494 1530 356 745 888 176 1339 157 700 343 1066 956 895 795 274 750 1523 804 1539 604 1454 412 843 882 915 837 689 114 939 1450 216 807 731 1047 748 815 704 0 1545 206 1815 1752 789 1112 791 828 915 934 1081 950 1334 844
165 1450 1078 117 1247 1225 1368 1402 414 1530 907 1350 516 611 1685 1275 1320 814 218 760 27 1393 529 1419 1632 959 1704 1317 1169 1506 1728 524 1377 1597 839 1124 1537 1295 1493 1545 0 1389 890 826 1270 475 1580 1308 1704 1012 1870 652 242 754
1424 111 338 1375 200 590 732 111 1184 191 544 187 911 801 740 640 139 595 1367 649 1383 449 1299 256 688 726 760 682 534 167 783 1294 152 652 575 891 592 660 549 206 1389 0 1660 1596 634 956 635 673 760 779 925 795 1178 689
924 1720 1348 876 1518 1496 1638 1673 502 1800 1178 1621 786 881 1955 1546 1590 1084 868 1030 884 1664 392 1690 1903 1230 1975 1588 1440 1776 1998 400 1647 1867 1110 1395 1807 1566 1764 1815 890 1660 0 103 1540 745 1850 1579 1975 1282 2140 923 679 1025
861 1657 1285 812 1454 1432 1575 1609 439 1737 1114 1557 723 818 1892 1482 1527 1021 804 967 820 1600 329 1626 1839 1166 1911 1524 1376 1712 1935 336 1584 1804 1046 1331 1744 1502 1700 1752 826 1596 103 0 1476 682 1787 1515 1911 1219 2077 859 615 961
1304 694 322 1255 492 294 214 647 1064 775 425 595 791 681 929 344 564 475 1247 529 1264 638 1179 664 877 607 949 186 238 750 972 1174 621 841 456 771 782 141 738 789 1270 634 1540 1476 0 836 825 363 949 659 1114 675 1058 569
509 1017 645 461 814 792 935 969 269 1097 474 917 83 178 1251 842 887 381 453 327 469 960 384 986 1199 526 1271 884 736 1072 1295 380 944 1163 406 691 1104 862 1060 1112 475 956 745 682 836 0 1147 875 1271 579 1437 219 264 321
1614 696 529 1566 493 780 923 648 1375 776 735 596 1101 992 178 830 566 786 1558 839 1574 259 1489 665 145 917 198 872 724 751 205 1485 623 272 766 1082 212 850 169 791 1580 635 1850 1787 825 1147 0 863 198 970 347 985 1369 879
1342 733 361 1294 531 333 266 685 1103 813 463 634 829 720 968 179 603 514 1286 567 1302 676 1218 703 915 645 987 425 277 789 1011 1213 660 880 494 810 820 338 776 828 1308 673 1579 1515 363 875 863 0 987 698 1153 714 1097 608
1739 820 653 1690 618 904 1047 773 1499 900 859 721 1225 1116 43 955 690 910 1682 963 1698 340 1614 790 111 1041 26 997 849 876 106 1609 747 401 890 1206 341 975 297 915 1704 760 1975 1911 949 1271 198 987 0 1094 248 1110 1493 1004
1046 839 467 998 637 615 758 792 807 920 297 740 533 424 1074 665 709 218 990 271 1006 783 921 809 1022 128 1094 707 559 895 1117 917 766 986 229 293 927 685 883 934 1012 779 1282 1219 659 579 970 698 1094 0 1259 417 801 311
1904 986 819 1856 783 1070 1213 938 1664 1066 1025 886 1391 1281 229 1120 856 1075 1848 1129 1864 511 1779 955 283 1207 248 1162 1014 1041 211 1775 913 562 1056 1372 502 1140 458 1081 1870 925 2140 2077 1114 1437 347 1153 248 1259 0 1275 1659 1169
686 855 483 638 653 631 773 808 447 935 313 756 173 64 1090 681 725 220 630 165 646 799 562 825 1038 365 1110 723 575 911 1133 557 782 1002 245 530 942 701 899 950 652 795 923 859 675 219 985 714 1110 417 1275 0 441 160
277 1239 867 228 1036 1014 1157 1191 203 1319 696 1139 305 400 1474 1064 1109 603 220 549 236 1182 318 1208 1421 748 1493 1106 958 1294 1517 313 1166 1386 628 913 1326 1084 1282 1334 242 1178 679 615 1058 264 1369 1097 1493 801 1659 441 0 543
788 749 377 740 547 525 667 702 549 829 207 650 275 166 984 575 619 114 732 59 748 693 664 719 932 259 1004 617 469 805 1027 659 676 896 139 424 836 595 793 844 754 689 1025 961 569 321 879 608 1004 311 1169 160 543 0
EOF