NAME : tsp_problem
TYPE : TSP
DIMENSION : 48
EDGE_WEIGHT_TYPE : EXPLICIT
EDGE_WEIGHT_FORMAT : FULL_MATRIX
EDGE_WEIGHT_SECTION
0 1019 1125 612 137 984 973 1220 872 922 1355 660 905 976 332 768 800 934 691 943 1236 762 307 594 864 702 1063 825 909 750 871 954 916 982 591 794 939 708 634 1200 675 850 756 828 838 702 998 678
1019 0 1612 696 954 759 128 425 1359 1007 1842 744 680 132 1040 852 1287 188 776 1429 1723 846 1015 678 640 477 1550 600 1396 1237 646 148 1403 1469 675 878 1426 792 718 1687 759 375 841 912 363 477 1485 1165
1125 1612 0 1204 1060 1577 1566 1813 462 1515 945 1253 1497 1569 1146 1360 390 1527 1284 263 826 1354 1121 1187 1457 1294 109 1418 249 407 1464 1547 506 174 1184 1387 220 1301 1227 790 1268 1443 1349 1421 1431 1295 210 526
612 696 1204 0 546 661 650 897 951 424 1434 161 582 654 633 269 880 611 190 1022 1316 263 608 96 541 379 1142 502 988 830 548 631 995 1062 92 295 1019 167 136 1280 176 527 258 329 515 379 1078 757
137 954 1060 546 0 919 908 1155 807 857 1290 595 839 911 267 702 735 869 626 877 1171 696 242 529 799 636 998 760 844 685 806 888 851 917 526 729 874 643 569 1135 610 785 691 763 773 637 933 612
984 759 1577 661 919 0 713 961 1324 972 1807 709 159 717 1005 817 1252 675 741 1395 1689 811 980 644 387 340 1515 210 1361 1202 393 694 1368 1435 641 844 1392 758 684 1652 725 591 806 877 579 340 1451 1130
973 128 1566 650 908 713 0 379 1313 961 1796 698 634 125 994 806 1241 142 730 1383 1677 800 969 632 594 431 1504 554 1350 1191 600 102 1357 1423 629 832 1380 746 672 1641 713 329 795 866 317 431 1439 1118
1220 425 1813 897 1155 961 379 0 1560 1208 2043 946 881 383 1242 1053 1489 321 977 1631 1925 1047 1217 880 841 678 1751 802 1597 1439 848 360 1604 1671 877 1080 1628 994 920 1888 961 508 1042 1114 496 679 1687 1366
872 1359 462 951 807 1324 1313 1560 0 1262 509 1000 1244 1316 893 1107 95 1274 1031 280 391 1101 868 934 1204 1041 400 1165 246 154 1211 1293 70 319 931 1134 276 1048 974 355 1015 1190 1096 1168 1178 1042 335 273
922 1007 1515 424 857 972 961 1208 1262 0 1745 472 892 964 944 365 1191 922 504 1333 1627 547 919 406 852 689 1453 813 1299 1141 859 942 1306 1373 362 579 1330 520 310 1590 280 838 376 294 826 690 1389 1068
1355 1842 945 1434 1290 1807 1796 2043 509 1745 0 1483 1727 1799 1376 1590 578 1757 1514 763 264 1584 1351 1417 1687 1524 883 1648 729 637 1694 1777 488 802 1414 1617 759 1531 1457 227 1498 1673 1579 1651 1661 1525 818 756
660 744 1253 161 595 709 698 946 1000 472 1483 0 630 702 681 317 928 659 127 1070 1364 311 656 144 590 427 1191 550 1037 878 596 679 1044 1110 141 343 1067 104 184 1328 224 575 306 377 564 427 1126 805
905 680 1497 582 839 159 634 881 1244 892 1727 630 0 637 926 738 1173 595 661 1315 1609 732 901 564 307 260 1435 131 1281 1123 313 615 1288 1355 561 764 1312 678 604 1573 645 511 726 798 499 261 1371 1050
976 132 1569 654 911 717 125 383 1316 964 1799 702 637 0 998 810 1245 146 733 1387 1681 804 973 636 597 434 1507 558 1353 1195 604 106 1360 1427 633 836 1384 750 676 1644 717 333 798 870 321 435 1443 1122
332 1040 1146 633 267 1005 994 1242 893 944 1376 681 926 998 0 789 821 955 712 964 1257 783 261 615 886 723 1084 846 930 771 892 975 937 1003 612 815 960 729 655 1221 696 871 777 849 859 723 1019 699
768 852 1360 269 702 817 806 1053 1107 365 1590 317 738 810 789 0 1036 767 349 1178 1472 219 764 252 697 535 1298 658 1144 986 704 787 1151 1218 248 252 1175 365 292 1436 332 683 191 228 671 535 1234 913
800 1287 390 880 735 1252 1241 1489 95 1191 578 928 1173 1245 821 1036 0 1202 959 208 459 1030 796 862 1133 970 328 1093 174 82 1139 1222 139 247 859 1062 205 976 902 423 943 1118 1024 1096 1106 970 264 201
934 188 1527 611 869 675 142 321 1274 922 1757 659 595 146 955 767 1202 0 691 1345 1639 761 930 594 555 392 1465 516 1311 1152 562 123 1318 1385 591 794 1342 708 634 1602 675 216 756 828 204 393 1401 1080
691 776 1284 190 626 741 730 977 1031 504 1514 127 661 733 712 349 959 691 0 1102 1396 343 687 175 621 458 1222 582 1068 910 628 711 1075 1142 172 375 1099 82 215 1359 256 607 338 409 595 459 1158 837
943 1429 263 1022 877 1395 1383 1631 280 1333 763 1070 1315 1387 964 1178 208 1345 1102 0 644 1172 939 1005 1275 1112 201 1235 66 225 1282 1364 324 121 1002 1205 78 1119 1045 608 1086 1261 1167 1238 1249 1113 137 344
1236 1723 826 1316 1171 1689 1677 1925 391 1627 264 1364 1609 1681 1257 1472 459 1639 1396 644 0 1466 1232 1299 1569 1406 764 1529 610 519 1575 1658 370 684 1296 1498 641 1412 1339 70 1379 1555 1461 1532 1543 1407 700 637
762 846 1354 263 696 811 800 1047 1101 547 1584 311 732 804 783 219 1030 761 343 1172 1466 0 758 246 691 529 1292 652 1138 980 698 781 1145 1212 242 193 1169 359 286 1430 326 677 208 280 665 529 1228 907
307 1015 1121 608 242 980 969 1217 868 919 1351 656 901 973 261 764 796 930 687 939 1232 758 0 590 861 698 1059 821 905 746 867 950 912 978 587 790 935 704 630 1196 671 846 752 824 834 698 994 674
594 678 1187 96 529 644 632 880 934 406 1417 144 564 636 615 252 862 594 175 1005 1299 246 590 0 524 361 1125 485 971 812 531 613 978 1045 75 278 1002 170 118 1262 159 510 240 312 498 362 1061 740
864 640 1457 541 799 387 594 841 1204 852 1687 590 307 597 886 697 1133 555 621 1275 1569 691 861 524 0 220 1395 227 1241 1083 32 575 1248 1315 521 724 1272 638 564 1532 605 471 686 758 459 221 1331 1010
702 477 1294 379 636 340 431 678 1041 689 1524 427 260 434 723 535 970 392 458 1112 1406 529 698 361 220 0 1232 181 1078 920 227 412 1085 1152 358 561 1109 475 401 1369 442 308 523 595 296 58 1168 847
1063 1550 109 1142 998 1515 1504 1751 400 1453 883 1191 1435 1507 1084 1298 328 1465 1222 201 764 1292 1059 1125 1395 1232 0 1356 187 345 1402 1484 444 112 1122 1325 158 1239 1165 728 1206 1381 1287 1359 1369 1233 148 464
825 600 1418 502 760 210 554 802 1165 813 1648 550 131 558 846 658 1093 516 582 1235 1529 652 821 485 227 181 1356 0 1202 1043 234 535 1209 1275 481 684 1232 598 525 1493 565 431 647 718 420 181 1291 971
909 1396 249 988 844 1361 1350 1597 246 1299 729 1037 1281 1353 930 1144 174 1311 1068 66 610 1138 905 971 1241 1078 187 1202 0 191 1248 1331 290 106 968 1171 63 1085 1011 574 1052 1227 1133 1205 1215 1079 122 310
750 1237 407 830 685 1202 1191 1439 154 1141 637 878 1123 1195 771 986 82 1152 910 225 519 980 746 812 1083 920 345 1043 191 0 1089 1172 198 265 809 1012 222 926 852 482 893 1068 975 1046 1057 920 281 151
871 646 1464 548 806 393 600 848 1211 859 1694 596 313 604 892 704 1139 562 628 1282 1575 698 867 531 32 227 1402 234 1248 1089 0 581 1255 1321 528 730 1278 644 571 1539 611 478 693 764 466 227 1337 1017
954 148 1547 631 888 694 102 360 1293 942 1777 679 615 106 975 787 1222 123 711 1364 1658 781 950 613 575 412 1484 535 1331 1172 581 0 1337 1404 610 813 1361 727 653 1622 694 310 775 847 298 412 1420 1099
916 1403 506 995 851 1368 1357 1604 70 1306 488 1044 1288 1360 937 1151 139 1318 1075 324 370 1145 912 978 1248 1085 444 1209 290 198 1255 1337 0 363 975 1178 320 1092 1018 333 1059 1234 1140 1212 1222 1086 379 317
982 1469 174 1062 917 1435 1423 1671 319 1373 802 1110 1355 1427 1003 1218 247 1385 1142 121 684 1212 978 1045 1315 1152 112 1275 106 265 1321 1404 363 0 1042 1244 78 1158 1085 647 1125 1301 1207 1278 1289 1152 67 383
591 675 1184 92 526 641 629 877 931 362 1414 141 561 633 612 248 859 591 172 1002 1296 242 587 75 521 358 1122 481 968 809 528 610 975 1042 0 275 999 189 90 1259 131 507 237 309 495 359 1058 737
794 878 1387 295 729 844 832 1080 1134 579 1617 343 764 836 815 252 1062 794 375 1205 1498 193 790 278 724 561 1325 684 1171 1012 730 813 1178 1244 275 0 1201 392 318 1462 359 710 240 312 698 562 1260 940
939 1426 220 1019 874 1392 1380 1628 276 1330 759 1067 1312 1384 960 1175 205 1342 1099 78 641 1169 935 1002 1272 1109 158 1232 63 222 1278 1361 320 78 999 1201 0 1115 1042 604 1082 1258 1164 1235 1246 1110 94 340
708 792 1301 167 643 758 746 994 1048 520 1531 104 678 750 729 365 976 708 82 1119 1412 359 704 170 638 475 1239 598 1085 926 644 727 1092 1158 189 392 1115 0 232 1376 273 624 354 426 612 476 1174 854
634 718 1227 136 569 684 672 920 974 310 1457 184 604 676 655 292 902 634 215 1045 1339 286 630 118 564 401 1165 525 1011 852 571 653 1018 1085 90 318 1042 232 0 1302 174 550 280 352 538 402 1101 780
1200 1687 790 1280 1135 1652 1641 1888 355 1590 227 1328 1573 1644 1221 1436 423 1602 1359 608 70 1430 1196 1262 1532 1369 728 1493 574 482 1539 1622 333 647 1259 1462 604 1376 1302 0 1343 1518 1424 1496 1506 1370 663 601
675 759 1268 176 610 725 713 961 1015 280 1498 224 645 717 696 332 943 675 256 1086 1379 326 671 159 605 442 1206 565 1052 893 611 694 1059 1125 131 359 1082 273 174 1343 0 591 321 335 579 443 1141 821
850 375 1443 527 785 591 329 508 1190 838 1673 575 511 333 871 683 1118 216 607 1261 1555 677 846 510 471 308 1381 431 1227 1068 478 310 1234 1301 507 710 1258 624 550 1518 591 0 672 744 66 309 1317 996
756 841 1349 258 691 806 795 1042 1096 376 1579 306 726 798 777 191 1024 756 338 1167 1461 208 752 240 686 523 1287 647 1133 975 693 775 1140 1207 237 240 1164 354 280 1424 321 672 0 239 660 524 1223 902
828 912 1421 329 763 877 866 1114 1168 294 1651 377 798 870 849 228 1096 828 409 1238 1532 280 824 312 758 595 1359 718 1205 1046 764 847 1212 1278 309 312 1235 426 352 1496 335 744 239 0 732 595 1294 974
838 363 1431 515 773 579 317 496 1178 826 1661 564 499 321 859 671 1106 204 595 1249 1543 665 834 498 459 296 1369 420 1215 1057 466 298 1222 1289 495 698 1246 612 538 1506 579 66 660 732 0 297 1305 984
702 477 1295 379 637 340 431 679 1042 690 1525 427 261 435 723 535 970 393 459 1113 1407 529 698 362 221 58 1233 181 1079 920 227 412 1086 1152 359 562 1110 476 402 1370 443 309 524 595 297 0 1169 848
998 1485 210 1078 933 1451 1439 1687 335 1389 818 1126 1371 1443 1019 1234 264 1401 1158 137 700 1228 994 1061 1331 1168 148 1291 122 281 1337 1420 379 67 1058 1260 94 1174 1101 663 1141 1317 1223 1294 1305 1169 0 399
678 1165 526 757 612 1130 1118 1366 273 1068 756 805 1050 1122 699 913 201 1080 837 344 637 907 674 740 1010 847 464 971 310 151 1017 1099 317 383 737 940 340 854 780 601 821 996 902 974 984 848 399 0
EOF