NAME : tsp_problem
TYPE : TSP
DIMENSION : 40
EDGE_WEIGHT_TYPE : EXPLICIT
EDGE_WEIGHT_FORMAT : FULL_MATRIX
EDGE_WEIGHT_SECTION
0 576 726 494 253 617 930 764 650 326 679 871 730 778 627 755 850 242 684 803 618 845 526 597 764 1006 555 559 763 148 623 658 397 725 602 630 503 789 948 730
576 0 796 564 725 160 1477 1311 110 799 440 1417 1277 538 1174 1302 1397 714 445 564 688 1392 595 58 525 767 98 64 1310 694 693 118 467 486 1149 391 94 549 1495 491
726 796 0 538 875 837 1627 1461 870 949 899 1567 1427 997 1324 1452 1547 864 904 1023 135 1542 570 817 984 1226 775 779 1460 844 468 877 442 945 1299 850 723 1008 1645 950
494 564 538 0 643 605 1395 1229 638 717 666 1335 1195 765 1092 1220 1314 632 671 790 430 1310 66 585 752 994 543 547 1228 612 435 645 167 713 1067 618 490 776 1412 718
253 725 875 643 0 766 1153 987 799 130 828 1094 954 927 851 978 1073 170 833 952 767 1068 675 746 913 1155 704 708 987 371 772 806 546 874 825 779 652 937 1171 879
617 160 837 605 766 0 1518 1352 234 840 481 1459 1318 580 1215 1343 1438 755 486 605 729 1433 637 181 566 808 121 143 1351 736 734 241 509 527 1190 432 136 591 1536 532
930 1477 1627 1395 1153 1518 0 736 1551 1227 1580 97 703 1678 328 727 122 1143 1585 1704 1519 817 1426 1498 1665 1907 1456 1460 736 834 1524 1558 1298 1626 574 1531 1404 1689 41 1631
764 1311 1461 1229 987 1352 736 0 1385 1061 1414 677 68 1512 434 183 656 977 1419 1538 1353 163 1261 1332 1499 1741 1290 1294 191 668 1358 1392 1132 1460 232 1365 1238 1523 754 1465
650 110 870 638 799 234 1551 1385 0 873 514 1492 1351 613 1248 1376 1471 788 519 638 762 1466 670 100 599 841 172 138 1384 768 767 86 541 560 1223 465 168 624 1569 565
326 799 949 717 130 840 1227 1061 873 0 902 1168 1027 1000 924 1052 1147 244 907 1026 841 1142 748 820 987 1229 778 782 1060 445 846 880 620 948 899 853 726 1011 1245 953
679 440 899 666 828 481 1580 1414 514 902 0 1520 1380 201 1277 1405 1499 817 223 226 791 1495 698 461 113 361 419 423 1413 797 796 521 570 74 1252 82 366 138 1597 79
871 1417 1567 1335 1094 1459 97 677 1492 1168 1520 0 643 1619 269 668 86 1083 1525 1644 1459 758 1367 1439 1606 1848 1397 1401 676 775 1464 1499 1239 1566 515 1471 1344 1630 114 1571
730 1277 1427 1195 954 1318 703 68 1351 1027 1380 643 0 1479 400 149 622 943 1385 1504 1319 149 1227 1298 1465 1707 1256 1260 157 634 1324 1359 1098 1426 199 1331 1204 1490 720 1431
778 538 997 765 927 580 1678 1512 613 1000 201 1619 1479 0 1376 1503 1598 916 396 113 889 1593 797 560 161 398 518 522 1512 896 894 620 669 156 1350 256 465 185 1696 151
627 1174 1324 1092 851 1215 328 434 1248 924 1277 269 400 1376 0 424 248 840 1282 1401 1216 514 1124 1195 1362 1604 1153 1157 433 531 1221 1256 995 1323 271 1228 1101 1386 346 1328
755 1302 1452 1220 978 1343 727 183 1376 1052 1405 668 149 1503 424 0 647 967 1410 1529 1344 263 1251 1323 1490 1732 1281 1285 182 659 1349 1383 1123 1451 223 1356 1229 1514 745 1456
850 1397 1547 1314 1073 1438 122 656 1471 1147 1499 86 622 1598 248 647 0 1062 1504 1623 1439 737 1346 1418 1585 1827 1376 1380 655 754 1444 1478 1218 1545 494 1451 1323 1609 139 1551
242 714 864 632 170 755 1143 977 788 244 817 1083 943 916 840 967 1062 0 822 941 756 1057 664 736 902 1144 694 697 976 360 761 796 536 863 814 768 641 927 1160 868
684 445 904 671 833 486 1585 1419 519 907 223 1525 1385 396 1282 1410 1504 822 0 421 796 1500 703 466 308 556 424 428 1418 802 801 526 575 269 1257 174 371 332 1602 274
803 564 1023 790 952 605 1704 1538 638 1026 226 1644 1504 113 1401 1529 1623 941 421 0 915 1619 822 585 186 423 543 547 1537 921 920 645 694 181 1376 281 490 210 1721 176
618 688 135 430 767 729 1519 1353 762 841 791 1459 1319 889 1216 1344 1439 756 796 915 0 1434 462 709 876 1118 667 671 1352 736 360 769 333 837 1191 742 615 900 1537 842
845 1392 1542 1310 1068 1433 817 163 1466 1142 1495 758 149 1593 514 263 737 1057 1500 1619 1434 0 1341 1413 1580 1822 1371 1375 272 749 1439 1473 1213 1541 313 1446 1319 1604 835 1546
526 595 570 66 675 637 1426 1261 670 748 698 1367 1227 797 1124 1251 1346 664 703 822 462 1341 0 617 784 1026 575 579 1260 644 467 677 174 744 1098 649 522 808 1444 749
597 58 817 585 746 181 1498 1332 100 820 461 1439 1298 560 1195 1323 1418 736 466 585 709 1413 617 0 546 788 119 85 1332 716 714 107 489 507 1170 412 116 571 1516 512
764 525 984 752 913 566 1665 1499 599 987 113 1606 1465 161 1362 1490 1585 902 308 186 876 1580 784 546 0 277 505 508 1498 882 881 607 655 68 1337 168 452 53 1683 63
1006 767 1226 994 1155 808 1907 1741 841 1229 361 1848 1707 398 1604 1732 1827 1144 556 423 1118 1822 1026 788 277 0 747 750 1740 1124 1123 849 897 316 1579 416 694 251 1925 310
555 98 775 543 704 121 1456 1290 172 778 419 1397 1256 518 1153 1281 1376 694 424 543 667 1371 575 119 505 747 0 81 1290 674 672 179 447 465 1128 370 74 529 1474 470
559 64 779 547 708 143 1460 1294 138 782 423 1401 1260 522 1157 1285 1380 697 428 547 671 1375 579 85 508 750 81 0 1293 678 676 145 451 469 1132 374 78 533 1478 474
763 1310 1460 1228 987 1351 736 191 1384 1060 1413 676 157 1512 433 182 655 976 1418 1537 1352 272 1260 1332 1498 1740 1290 1293 0 667 1357 1392 1132 1459 232 1364 1237 1523 753 1464
148 694 844 612 371 736 834 668 768 445 797 775 634 896 531 659 754 360 802 921 736 749 644 716 882 1124 674 678 667 0 741 776 516 843 506 748 621 907 852 848
623 693 468 435 772 734 1524 1358 767 846 796 1464 1324 894 1221 1349 1444 761 801 920 360 1439 467 714 881 1123 672 676 1357 741 0 774 339 842 1196 747 620 905 1542 847
658 118 877 645 806 241 1558 1392 86 880 521 1499 1359 620 1256 1383 1478 796 526 645 769 1473 677 107 607 849 179 145 1392 776 774 0 549 567 1230 472 176 631 1576 572
397 467 442 167 546 509 1298 1132 541 620 570 1239 1098 669 995 1123 1218 536 575 694 333 1213 174 489 655 897 447 451 1132 516 339 549 0 616 970 521 394 680 1316 621
725 486 945 713 874 527 1626 1460 560 948 74 1566 1426 156 1323 1451 1545 863 269 181 837 1541 744 507 68 316 465 469 1459 843 842 567 616 0 1298 129 412 92 1644 34
602 1149 1299 1067 825 1190 574 232 1223 899 1252 515 199 1350 271 223 494 814 1257 1376 1191 313 1098 1170 1337 1579 1128 1132 232 506 1196 1230 970 1298 0 1203 1075 1361 592 1303
630 391 850 618 779 432 1531 1365 465 853 82 1471 1331 256 1228 1356 1451 768 174 281 742 1446 649 412 168 416 370 374 1364 748 747 472 521 129 1203 0 318 192 1549 134
503 94 723 490 652 136 1404 1238 168 726 366 1344 1204 465 1101 1229 1323 641 371 490 615 1319 522 116 452 694 74 78 1237 621 620 176 394 412 1075 318 0 476 1421 417
789 549 1008 776 937 591 1689 1523 624 1011 138 1630 1490 185 1386 1514 1609 927 332 210 900 1604 808 571 53 251 529 533 1523 907 905 631 680 92 1361 192 476 0 1707 87
948 1495 1645 1412 1171 1536 41 754 1569 1245 1597 114 720 1696 346 745 139 1160 1602 1721 1537 835 1444 1516 1683 1925 1474 1478 753 852 1542 1576 1316 1644 592 1549 1421 1707 0 1649
730 491 950 718 879 532 1631 1465 565 953 79 1571 1431 151 1328 1456 1551 868 274 176 842 1546 749 512 63 310 470 474 1464 848 847 572 621 34 1303 134 417 87 1649 0
EOF