NAME : tsp_problem
TYPE : TSP
DIMENSION : 46
EDGE_WEIGHT_TYPE : EXPLICIT
EDGE_WEIGHT_FORMAT : FULL_MATRIX
EDGE_WEIGHT_SECTION
0 470 400 573 663 494 560 645 554 151 663 458 674 482 625 367 515 806 528 817 967 163 671 92 483 515 1235 611 643 592 679 96 520 841 798 451 115 340 465 350 112 805 385 428 610 466
472 0 191 687 331 155 222 313 675 571 330 35 342 143 293 129 177 522 190 484 753 582 792 402 145 636 1021 397 311 260 347 515 225 940 514 113 535 177 498 165 531 904 368 549 278 587
401 191 0 617 390 215 281 372 604 500 390 179 401 203 353 89 237 581 250 544 813 511 721 332 204 565 1081 456 370 319 406 445 284 891 574 173 464 106 427 95 461 854 428 478 337 516
573 687 617 0 886 711 777 868 884 672 886 675 897 699 849 585 733 1077 745 1040 1297 683 1001 504 700 845 1564 940 866 815 902 617 780 1170 1069 668 636 557 682 567 633 1134 714 758 833 796
663 331 390 886 0 200 289 97 762 762 108 319 120 224 110 328 179 267 198 230 538 774 672 594 226 723 806 333 96 158 92 707 164 725 259 242 726 376 697 364 723 688 307 636 125 674
495 155 215 711 200 0 114 182 693 594 200 143 211 49 163 153 69 391 82 354 623 605 757 426 50 654 890 266 180 129 216 539 94 809 383 67 558 200 521 189 555 773 238 567 147 605
561 222 281 777 289 114 0 271 764 661 288 210 300 115 251 219 135 480 148 442 712 672 845 492 117 726 979 355 269 218 305 605 183 898 472 133 625 267 588 255 621 862 326 639 236 677
645 313 372 868 97 182 271 0 744 744 97 300 108 206 99 310 161 288 180 251 559 755 693 576 208 705 827 317 84 140 113 689 146 746 281 224 708 357 678 346 705 710 289 618 114 656
554 700 629 884 762 693 781 744 0 653 762 688 773 711 725 597 671 612 690 756 634 665 166 485 713 87 754 706 742 691 734 598 619 336 621 681 617 569 694 580 614 299 484 166 709 128
172 590 520 693 783 614 680 765 674 0 783 578 794 602 746 487 636 926 648 937 1087 28 792 213 603 635 1355 731 763 712 799 92 640 961 918 571 93 460 585 470 94 925 505 549 730 586
663 330 390 886 108 200 288 97 762 762 0 318 95 224 109 328 178 299 197 171 570 773 704 593 225 723 838 335 95 158 124 706 163 757 291 242 726 375 696 363 723 720 307 636 125 674
459 35 179 675 319 143 210 300 662 559 318 0 330 131 281 117 165 510 178 472 741 570 780 390 133 623 1009 384 299 248 334 503 213 928 502 101 523 165 486 153 519 891 356 537 266 574
674 342 401 897 120 211 300 108 773 773 95 330 0 235 121 339 190 311 209 160 582 785 715 605 237 734 849 347 107 167 135 718 175 768 303 253 737 387 708 375 734 732 318 647 136 685
483 143 203 699 224 49 115 206 686 582 224 131 235 0 186 141 71 415 83 378 647 593 780 414 52 647 914 290 204 153 240 527 118 833 407 69 546 188 509 177 543 797 261 560 171 598
625 293 353 849 110 163 251 99 725 725 109 281 121 186 0 291 141 301 160 263 572 736 706 556 188 686 840 298 97 121 126 669 126 758 293 205 689 338 659 326 685 722 269 599 127 637
369 129 89 585 328 153 219 310 572 468 328 117 339 141 291 0 175 519 188 482 751 479 689 300 142 533 1019 394 308 257 344 413 222 858 512 111 432 74 395 62 429 822 366 446 275 484
517 177 237 733 179 69 135 161 671 616 178 165 190 71 141 175 0 370 104 332 602 627 735 448 72 633 869 245 159 108 195 561 73 788 362 89 580 222 543 210 577 752 216 546 126 584
806 522 581 1077 267 391 480 288 612 905 299 510 311 415 301 519 370 0 389 178 337 916 471 736 417 650 605 270 287 349 188 849 355 524 29 433 869 567 888 555 865 488 449 729 316 691
530 190 250 745 198 82 148 180 690 629 197 178 209 83 160 188 104 389 0 351 621 640 754 460 85 652 888 264 178 127 214 573 92 807 381 102 593 235 556 223 590 771 235 565 145 602
817 484 544 1040 230 354 442 251 756 916 171 472 160 378 263 482 332 178 351 0 482 927 615 747 379 794 749 298 249 243 161 860 317 668 187 396 880 529 850 517 877 632 461 790 279 828
946 732 792 1276 517 601 690 538 613 1045 549 720 560 625 551 730 580 316 599 460 0 1056 472 877 627 650 606 410 536 599 438 990 528 524 325 644 1009 777 1086 765 1006 488 590 729 566 691
162 580 510 683 773 604 670 755 664 118 773 568 784 592 736 477 625 916 638 927 1077 0 781 202 593 625 1345 721 753 702 789 81 630 951 908 561 82 450 575 460 84 915 495 538 720 576
671 817 746 1001 672 757 845 693 166 771 704 805 715 780 706 714 735 471 754 615 493 782 0 602 782 204 613 565 691 754 593 715 683 195 480 798 735 686 811 697 731 158 601 283 721 245
92 401 330 504 594 424 491 576 485 192 593 389 605 412 556 298 446 736 459 747 898 203 602 0 414 446 1166 541 574 523 610 136 451 772 729 382 155 270 396 281 152 735 315 359 541 397
485 145 204 700 226 50 117 208 687 584 225 133 237 52 188 142 72 417 85 379 648 595 782 415 0 649 916 292 206 155 242 528 120 835 409 70 548 190 511 178 544 799 263 562 173 600
515 661 590 845 723 654 743 705 87 615 723 649 734 672 686 558 633 650 652 794 672 626 204 446 674 0 792 671 703 652 739 559 580 373 659 642 578 530 655 541 575 337 445 170 670 132
1235 1021 1081 1565 806 890 979 827 754 1334 838 1009 849 914 840 1019 869 605 888 749 627 1345 613 1166 916 792 0 699 825 888 727 1279 817 666 614 933 1298 1066 1203 1054 1295 630 879 871 855 833
611 397 456 940 333 266 355 317 706 710 335 384 347 290 298 394 245 270 264 298 432 721 565 541 292 671 699 0 316 265 254 654 192 618 262 308 674 441 751 430 671 582 255 584 283 622
643 311 370 866 96 180 269 84 742 742 95 299 107 204 97 308 159 287 178 249 558 754 691 574 206 703 825 316 0 138 111 687 144 744 279 222 706 356 677 344 703 708 287 617 112 654
592 260 319 815 158 129 218 140 691 691 158 248 167 153 121 257 108 349 127 243 620 703 754 523 155 652 888 265 138 0 174 636 93 807 341 171 655 305 626 293 652 770 236 565 105 603
679 347 406 902 92 216 305 113 734 778 124 334 135 240 126 344 195 188 214 161 459 789 593 610 242 739 727 254 111 174 0 723 180 646 180 258 742 391 712 380 739 609 323 652 141 690
96 514 443 617 707 537 604 689 598 71 706 502 718 525 669 411 559 849 572 860 1011 82 715 136 527 559 1279 654 687 636 723 0 563 885 841 495 35 383 509 394 36 848 428 472 654 510
520 225 284 780 164 94 183 146 619 619 163 213 175 118 126 222 73 355 92 317 549 630 683 451 120 580 817 192 144 93 180 563 0 735 347 136 583 270 591 258 580 699 164 493 111 531
841 940 916 1171 725 809 898 746 336 940 757 928 768 833 758 883 788 524 807 668 546 951 195 772 835 373 666 618 744 807 646 885 735 0 533 852 904 856 981 866 901 71 770 452 774 414
798 514 574 1069 259 383 472 281 621 897 291 502 303 407 293 512 362 29 381 187 346 908 480 729 409 659 614 262 279 341 180 841 347 533 0 426 861 559 880 547 858 497 442 738 309 700
453 113 173 668 242 67 133 224 656 552 242 101 253 69 205 111 89 433 102 396 665 563 773 383 70 617 933 308 222 171 258 496 136 852 426 0 516 158 479 146 513 815 280 530 189 568
115 533 463 636 726 557 623 708 617 58 726 521 737 545 689 430 579 869 591 880 1030 69 735 155 546 578 1298 674 706 655 742 35 583 904 861 514 0 403 528 413 37 868 448 492 673 529
341 177 106 557 376 200 267 357 544 440 375 165 387 188 338 74 222 567 235 529 798 451 661 272 190 505 1066 441 356 305 391 385 270 831 559 158 404 0 367 80 401 794 374 418 323 456
346 353 283 562 552 377 443 534 549 446 551 341 563 365 514 250 398 743 411 705 962 457 667 277 366 510 1230 606 532 481 568 390 446 836 735 334 410 223 0 233 406 800 380 424 499 461
352 165 95 567 364 189 255 346 555 451 363 153 375 177 326 62 210 555 223 517 787 462 672 282 178 516 1054 430 344 293 380 395 258 841 547 146 415 80 378 0 411 805 385 429 311 467
112 530 460 633 723 554 620 705 614 73 723 518 734 542 685 427 575 865 588 877 1027 85 731 152 543 575 1295 671 703 652 739 36 580 901 858 511 37 399 525 410 0 865 445 488 670 526
805 904 880 1134 688 773 862 710 299 904 720 891 732 797 722 847 752 488 771 632 510 915 158 735 799 337 630 582 708 770 609 848 699 71 497 815 868 819 945 830 865 0 734 416 738 378
385 368 428 714 307 238 326 289 484 484 307 356 318 261 269 366 216 449 235 461 611 495 601 315 263 445 879 255 287 236 323 428 164 770 442 280 448 399 525 401 445 734 0 358 254 396
428 574 503 758 636 567 656 618 166 528 636 562 647 585 599 471 546 729 565 790 751 539 283 359 587 170 871 584 617 565 652 472 493 452 738 555 492 443 569 454 488 416 358 0 583 83
610 278 337 833 125 147 236 114 709 709 125 266 136 171 127 275 126 316 145 279 587 720 721 541 173 670 855 283 112 105 141 654 111 774 309 189 673 323 644 311 670 738 254 583 0 621
466 612 541 796 674 605 694 656 128 566 674 600 685 623 637 509 584 691 602 828 713 577 245 397 625 132 833 622 654 603 690 510 531 414 700 593 529 481 606 492 526 378 396 83 621 0
EOF