NAME : tsp_problem
TYPE : TSP
DIMENSION : 32
EDGE_WEIGHT_TYPE : EXPLICIT
EDGE_WEIGHT_FORMAT : FULL_MATRIX
EDGE_WEIGHT_SECTION
0 158 279 66 640 282 634 319 126 35 204 192 687 627 132 304 518 530 370 357 572 278 294 518 579 218 120 183 207 592 374 139
158 0 364 118 646 239 639 404 82 151 330 149 813 736 89 430 627 535 455 483 577 235 251 475 584 344 205 268 292 701 459 265
279 364 0 272 816 488 809 125 331 272 379 398 502 618 338 479 693 705 156 173 747 484 500 724 754 146 235 164 140 768 109 225
66 118 272 0 649 243 642 312 86 59 238 152 721 661 92 338 552 538 363 391 580 238 254 478 587 251 113 176 200 626 367 173
621 624 796 628 0 487 116 907 579 610 444 521 769 655 573 365 547 108 938 869 67 439 499 401 62 729 709 772 796 621 890 650
282 239 488 243 509 0 502 529 194 276 387 136 712 599 188 309 490 398 580 608 440 98 100 338 447 468 330 393 417 564 584 389
653 656 828 660 43 519 0 939 611 642 476 553 801 687 605 397 579 140 971 901 99 471 531 433 94 761 741 804 828 653 922 682
319 404 125 312 927 529 920 0 372 313 491 438 556 672 378 591 785 816 69 258 858 525 541 765 866 257 275 205 181 828 220 336
126 82 331 86 600 194 593 372 0 119 298 103 780 690 57 398 581 489 423 451 531 189 205 429 538 311 173 236 260 656 427 233
35 151 272 59 630 276 623 313 119 0 194 186 676 616 126 294 508 519 364 347 561 272 288 512 569 207 114 177 201 582 367 128
204 330 379 238 463 412 456 491 298 194 0 364 563 450 304 127 341 352 522 452 394 363 424 407 402 312 292 355 379 415 473 233
192 149 398 152 542 136 535 438 103 186 364 0 745 632 97 342 523 431 489 518 473 132 147 372 481 378 240 302 326 598 493 299
687 813 502 721 788 737 781 556 780 676 563 770 0 141 787 484 254 677 513 374 719 688 749 732 727 548 723 653 628 297 595 627
627 753 618 661 675 624 668 672 715 616 450 657 141 0 709 371 141 564 629 490 606 575 636 619 614 664 715 769 744 184 711 656
132 89 338 92 594 188 587 378 57 126 304 97 787 684 0 394 575 483 429 458 525 184 200 424 533 318 179 242 266 650 433 239
304 430 479 338 385 334 378 591 398 294 127 367 484 371 404 0 262 274 622 552 316 285 345 328 323 412 393 455 479 337 573 334
518 644 693 552 566 515 559 785 606 508 341 549 254 141 601 262 0 455 742 603 498 466 527 510 505 626 607 669 693 235 787 548
530 533 705 537 128 396 121 816 488 519 352 430 677 564 482 274 455 0 847 778 59 347 408 309 66 638 618 681 705 530 798 559
370 455 156 363 958 580 951 69 423 364 522 489 513 629 429 622 742 847 0 215 889 576 592 816 897 288 326 256 231 785 251 367
357 483 173 391 889 608 882 258 451 347 452 518 374 490 458 552 603 778 215 0 820 604 620 832 827 219 394 324 299 647 266 298
572 575 747 579 87 438 80 858 530 561 394 472 719 606 524 316 498 59 889 820 0 389 450 351 26 680 660 723 747 572 841 601
278 235 484 238 460 98 453 525 189 272 338 132 663 550 184 260 441 349 576 604 391 0 110 289 398 464 326 388 412 515 579 385
294 251 500 254 520 100 513 541 205 288 399 147 724 610 200 320 502 409 592 620 451 110 0 350 459 480 342 404 428 576 595 401
518 475 724 478 420 338 413 765 429 512 406 372 731 618 424 328 509 309 816 832 351 289 350 0 359 692 566 628 652 584 819 613
579 583 754 586 79 446 72 866 537 569 402 479 727 614 531 323 505 66 897 827 26 397 457 359 0 687 667 730 754 579 848 608
218 344 146 251 749 468 742 257 311 207 312 378 548 664 318 412 626 638 288 219 680 464 480 692 687 0 306 297 272 701 240 158
120 205 235 113 729 330 722 275 173 114 292 240 723 715 179 393 607 618 326 394 660 326 342 566 667 306 0 139 163 681 330 227
183 268 164 176 792 393 785 205 236 177 355 302 653 769 242 455 669 681 256 324 723 388 404 628 730 297 139 0 98 744 260 290
207 292 140 200 816 417 809 181 260 201 379 326 628 744 266 479 693 705 231 299 747 412 428 652 754 272 163 98 0 768 235 314
592 718 768 626 641 589 634 828 681 582 415 623 297 184 675 337 235 530 785 647 572 541 601 584 579 701 681 744 768 0 861 622
374 459 109 367 909 584 902 220 427 367 473 493 595 711 433 573 787 798 251 266 841 579 595 819 848 240 330 260 235 861 0 319
139 265 225 173 670 389 663 336 233 128 233 299 627 656 239 334 548 559 367 298 601 385 401 614 608 158 227 290 314 622 319 0
EOF