NAME : tsp_problem
TYPE : TSP
DIMENSION : 24
EDGE_WEIGHT_TYPE : EXPLICIT
EDGE_WEIGHT_FORMAT : FULL_MATRIX
EDGE_WEIGHT_SECTION
0 510 852 846 653 264 258 520 585 284 338 853 291 949 819 339 589 998 167 908 534 543 356 376
510 0 517 511 677 730 724 662 733 749 784 518 757 614 484 785 595 663 633 573 683 627 610 741
852 517 0 68 508 850 727 493 571 742 745 57 759 120 46 746 426 248 854 79 644 457 571 702
846 511 68 0 502 844 721 487 565 736 739 70 753 166 40 740 420 242 848 125 638 451 565 696
653 652 509 503 0 534 446 170 248 425 428 510 443 606 477 429 121 655 585 565 327 134 372 385
264 730 850 844 534 0 136 401 466 126 180 852 117 948 818 181 470 997 111 907 298 424 355 218
258 724 727 721 446 136 0 313 378 37 91 728 44 824 694 93 382 873 151 783 287 336 231 130
520 637 494 488 170 401 313 0 115 292 295 496 310 591 462 296 106 641 452 550 193 73 239 252
585 716 572 566 248 466 378 115 0 357 360 574 375 670 540 361 184 719 517 629 258 138 304 317
284 749 742 736 425 126 37 292 357 0 71 744 34 840 710 72 361 889 177 798 267 315 257 109
338 784 745 739 428 180 91 295 360 71 0 746 89 842 712 32 364 891 231 801 269 318 311 112
853 518 57 70 509 852 728 494 573 744 746 0 761 111 47 747 427 249 855 69 645 459 572 703
291 757 759 753 443 117 44 310 375 34 89 761 0 857 727 90 379 906 184 816 285 333 264 127
964 629 135 181 620 963 839 605 683 854 857 125 872 0 158 858 538 360 966 100 756 570 683 814
819 484 46 40 475 818 694 460 539 710 712 47 727 143 0 714 393 216 821 102 611 425 538 670
339 785 746 740 429 181 93 296 361 72 32 747 90 843 714 0 365 892 232 802 270 319 312 113
589 570 427 421 121 470 382 106 184 361 364 429 379 524 395 365 0 574 521 483 262 70 308 321
998 663 248 242 654 997 873 639 718 889 891 249 906 345 216 892 572 0 1000 304 790 604 717 848
167 633 854 848 585 111 151 452 517 177 231 855 184 951 821 232 521 1000 0 910 394 475 358 269
908 573 79 125 564 907 783 549 627 798 801 69 816 68 102 802 482 304 910 0 700 513 627 758
534 683 644 638 327 298 287 193 258 267 269 645 285 741 611 270 262 790 394 700 0 216 254 226
543 602 459 453 134 424 336 73 138 315 318 460 333 556 426 319 70 605 475 515 216 0 262 275
356 610 571 565 372 355 231 239 304 257 311 572 264 668 538 312 308 717 358 627 254 262 0 312
376 741 702 696 385 218 130 252 317 109 112 703 127 799 670 113 321 848 269 758 226 275 312 0
EOF