NAME : tsp_problem
TYPE : TSP
DIMENSION : 56
EDGE_WEIGHT_TYPE : EXPLICIT
EDGE_WEIGHT_FORMAT : FULL_MATRIX
EDGE_WEIGHT_SECTION
0 71 447 269 224 243 410 240 127 395 292 291 35 250 114 158 462 226 274 285 263 180 230 418 395 469 46 284 220 239 347 299 155 224 420 292 47 298 173 219 292 215 97 237 242 402 240 228 280 361 273 324 297 450 145 232
71 0 431 253 209 228 395 224 111 380 277 275 64 235 98 143 446 210 258 270 248 165 215 403 380 454 56 269 204 223 331 283 139 209 404 277 55 282 158 204 277 200 82 222 227 387 225 213 264 345 258 309 282 434 130 216
447 431 0 394 519 537 389 380 421 374 206 377 440 390 365 453 440 520 414 425 477 474 370 84 373 447 432 382 514 533 177 223 353 519 86 371 431 438 314 513 271 356 382 505 383 381 534 523 420 129 391 155 372 36 351 526
269 253 394 0 341 251 303 202 243 288 240 53 262 212 187 266 225 275 107 118 170 297 192 366 288 232 254 46 336 245 294 246 175 341 367 54 253 131 118 335 185 178 204 197 205 165 247 345 113 308 42 272 59 397 173 348
224 209 519 341 0 177 482 312 136 467 364 362 217 322 186 104 534 159 270 260 209 71 302 490 467 541 210 356 23 173 419 371 227 77 492 364 208 248 245 71 364 287 169 183 314 474 175 21 265 433 345 396 369 522 217 25
243 228 537 251 177 0 501 331 155 486 383 273 236 341 204 109 445 58 174 164 113 132 321 509 486 452 229 267 172 28 438 390 245 177 511 274 227 152 264 171 383 306 188 87 333 386 29 181 169 451 255 415 280 540 236 184
410 395 389 303 482 501 0 344 385 96 234 286 404 354 328 416 349 484 378 389 440 438 334 360 96 356 396 291 478 497 289 241 317 482 362 280 394 402 277 477 143 319 346 468 346 290 498 486 383 303 300 267 281 392 315 490
240 224 380 202 312 331 344 0 214 328 225 224 233 88 158 246 395 313 207 219 270 268 73 351 328 402 225 218 307 326 280 232 146 312 353 225 224 231 107 306 225 56 175 298 80 336 327 316 213 294 206 258 230 383 144 319
127 111 421 243 136 155 385 214 0 370 266 265 120 224 88 70 436 137 236 226 175 92 204 393 369 443 112 259 131 150 321 273 129 136 394 266 111 214 148 130 267 190 72 149 217 377 152 140 231 335 247 299 271 424 120 143
395 380 374 288 467 486 96 328 370 0 219 271 388 339 313 401 334 469 362 374 425 423 319 345 50 341 381 276 463 482 274 226 302 467 347 265 379 386 262 462 128 304 331 453 331 275 483 471 368 288 285 251 266 377 300 475
292 277 206 240 364 383 234 225 266 219 0 222 285 236 210 298 286 366 259 271 322 320 216 178 219 293 278 227 359 378 106 82 198 364 179 216 276 283 159 359 116 201 228 350 228 226 380 368 265 120 237 84 217 209 196 372
291 275 377 53 362 273 286 224 265 271 222 0 284 234 209 288 207 297 129 140 191 318 214 349 271 215 276 52 358 267 277 229 197 363 350 41 275 153 140 357 168 199 226 219 226 148 268 367 134 291 50 255 42 380 195 370
35 64 440 262 217 236 404 233 120 388 285 284 0 243 107 151 455 219 267 279 257 173 223 411 388 462 45 278 213 232 340 292 148 218 413 285 46 291 167 212 285 209 91 231 236 396 233 222 273 354 266 318 290 443 138 225
250 235 390 212 322 341 354 88 224 339 236 234 243 0 168 256 405 323 217 229 280 278 84 362 338 412 236 228 317 336 290 242 156 322 363 235 234 241 117 317 236 66 185 308 42 346 338 326 223 304 216 268 241 393 154 330
114 98 365 187 186 204 328 158 88 313 210 209 107 168 0 120 380 187 192 203 225 141 148 336 313 387 99 203 181 200 265 217 102 186 338 210 98 216 92 180 210 134 49 199 161 320 201 190 198 279 191 243 215 368 92 193
158 143 453 266 104 109 416 246 70 401 298 288 151 256 120 0 460 105 189 179 128 60 236 424 401 467 144 282 99 103 353 305 160 104 426 289 142 167 179 99 298 221 103 102 248 400 105 108 184 367 270 330 294 456 151 112
462 446 440 225 534 445 349 395 436 334 286 207 455 405 380 460 0 469 301 312 363 490 385 412 334 54 447 212 529 439 340 292 368 534 413 201 446 325 312 528 231 371 397 391 398 103 440 538 306 354 222 318 202 443 366 541
226 210 520 275 159 58 484 313 137 469 366 297 219 323 187 105 469 0 198 188 137 115 304 492 468 476 211 291 155 52 420 372 228 159 493 298 210 176 247 154 366 289 171 111 316 410 53 163 193 434 279 398 304 523 219 167
274 258 414 107 270 174 378 207 236 362 259 129 267 217 192 189 301 198 0 77 92 226 197 385 362 308 259 123 265 168 314 266 180 270 387 130 258 65 123 265 259 183 209 120 210 241 169 274 82 328 111 292 135 417 178 278
285 270 425 118 260 164 389 219 226 374 271 140 279 229 203 179 312 188 77 0 83 216 209 397 374 319 271 134 256 158 326 278 192 260 399 142 269 55 135 255 271 194 221 111 221 253 160 264 72 340 123 303 147 428 190 268
263 248 477 170 209 113 440 270 175 425 322 191 257 280 225 128 363 137 92 83 0 165 260 448 425 371 249 185 205 107 377 329 243 209 450 193 248 70 186 204 322 245 209 81 272 304 109 213 88 391 174 355 198 480 241 217
180 165 474 297 71 132 438 268 92 423 320 318 173 278 141 60 490 115 226 216 165 0 258 446 423 497 166 312 66 129 375 327 182 71 448 320 164 204 201 65 320 243 125 139 270 430 130 75 221 389 301 352 325 477 173 78
230 215 370 192 302 321 334 73 204 319 216 214 223 84 148 236 385 304 197 209 260 258 0 342 319 393 216 208 297 316 270 222 136 302 343 215 214 221 97 297 216 49 165 288 76 326 318 306 203 284 196 248 221 373 134 310
418 403 84 366 490 509 360 351 393 345 178 349 411 362 336 424 412 492 385 397 448 446 342 0 345 419 404 353 486 505 149 194 325 490 57 342 402 409 285 485 242 327 354 476 354 352 506 494 391 100 363 127 344 87 323 498
395 380 373 288 467 486 96 328 369 50 219 271 388 338 313 401 334 468 362 374 425 423 319 345 0 341 381 276 462 481 273 226 301 467 346 265 379 386 262 462 128 304 330 453 331 274 483 471 368 287 285 251 266 376 299 475
469 454 447 232 541 452 356 402 443 341 293 215 462 412 387 467 54 476 308 319 371 497 393 419 341 0 455 220 536 446 347 300 375 541 421 209 453 332 319 536 238 378 404 398 405 111 448 545 314 361 229 325 210 450 373 549
46 56 432 254 210 229 396 225 112 381 278 276 45 236 99 144 447 211 259 271 249 166 216 404 381 455 0 270 205 224 332 284 140 210 405 278 50 283 159 205 278 201 83 223 228 388 226 214 265 346 259 310 283 435 131 218
284 269 382 46 356 267 291 218 259 276 227 52 278 228 203 282 212 291 123 134 185 312 208 353 276 220 270 0 352 261 282 234 191 357 355 46 269 146 134 351 173 193 220 213 220 153 262 360 128 296 44 260 47 385 189 364
220 204 514 336 23 172 478 307 131 463 359 358 213 317 181 99 529 155 265 256 205 66 297 486 462 536 205 352 0 169 414 366 222 72 487 359 204 243 241 67 360 283 165 178 310 470 170 27 261 428 340 392 364 517 213 30
239 223 533 245 173 28 497 326 150 482 378 267 232 336 200 103 439 52 168 158 107 129 316 505 481 446 224 261 169 0 433 385 241 173 506 268 223 146 260 168 379 302 184 81 329 380 23 177 163 447 249 411 274 536 232 181
347 331 177 294 419 438 289 280 321 274 106 277 340 290 265 353 340 420 314 326 377 375 270 149 273 347 332 282 414 433 0 123 253 419 150 271 331 338 214 413 171 256 282 405 283 281 434 423 320 91 292 53 272 180 251 426
299 283 223 246 371 390 241 232 273 226 82 229 292 242 217 305 292 372 266 278 329 327 222 194 226 300 284 234 366 385 123 0 205 371 196 223 283 290 166 365 123 208 234 357 235 233 387 375 272 137 244 101 224 226 203 378
155 139 353 175 227 245 317 146 129 302 198 197 148 156 102 160 368 228 180 192 243 182 136 325 301 375 140 191 222 241 253 205 0 227 326 198 139 204 80 221 199 122 90 240 149 309 242 231 186 267 179 231 204 356 103 234
224 209 519 341 77 177 482 312 136 467 364 363 218 322 186 104 534 159 270 260 209 71 302 490 467 541 210 357 72 173 419 371 227 0 492 364 209 248 246 52 364 287 170 183 314 474 175 81 266 433 345 397 369 522 217 85
420 404 86 367 492 511 362 353 394 347 179 350 413 363 338 426 413 493 387 399 450 448 343 57 346 421 405 355 487 506 150 196 326 492 0 344 404 411 287 486 244 329 355 478 356 354 507 496 393 102 365 128 345 89 324 499
292 277 371 54 364 274 280 225 266 265 216 41 285 235 210 289 201 298 130 142 193 320 215 342 265 209 278 46 359 268 271 223 198 364 344 0 276 154 141 359 162 201 227 221 228 142 270 368 136 285 51 249 36 374 196 371
47 55 431 253 208 227 394 224 111 379 276 275 46 234 98 142 446 210 258 269 248 164 214 402 379 453 50 269 204 223 331 283 139 209 404 276 0 282 158 203 276 200 82 221 226 386 224 212 264 345 257 309 281 434 129 216
298 282 438 131 248 152 402 231 214 386 283 153 291 241 216 167 325 176 65 55 70 204 221 409 386 332 283 146 243 146 338 290 204 248 411 154 282 0 147 243 283 207 233 98 234 265 147 252 60 352 135 316 159 441 202 256
173 158 314 118 245 264 277 107 148 262 159 140 167 117 92 179 312 247 123 135 186 201 97 285 262 319 159 134 241 260 214 166 80 246 287 141 158 147 0 240 159 82 109 214 109 252 261 250 129 228 122 192 146 317 78 253
219 204 513 335 71 171 477 306 130 462 359 357 212 317 180 99 528 154 265 255 204 65 297 485 462 536 205 351 67 168 413 365 221 52 486 359 203 243 240 0 359 282 164 178 309 469 169 76 260 427 340 391 364 516 212 79
292 277 271 185 364 383 143 225 267 128 116 168 285 236 210 298 231 366 259 271 322 320 216 242 128 238 278 173 360 379 171 123 199 364 244 162 276 283 159 359 0 201 228 350 228 172 380 368 265 185 182 148 163 274 197 372
215 200 356 178 287 306 319 56 190 304 201 199 209 66 134 221 371 289 183 194 245 243 49 327 304 378 201 193 283 302 256 208 122 287 329 201 200 207 82 282 201 0 151 273 59 311 303 291 188 270 182 233 206 359 120 295
97 82 382 204 169 188 346 175 72 331 228 226 91 185 49 103 397 171 209 221 209 125 165 354 330 404 83 220 165 184 282 234 90 170 355 227 82 233 109 164 228 151 0 183 178 338 185 174 215 296 208 260 233 385 81 177
237 222 505 197 183 87 468 298 149 453 350 219 231 308 199 102 391 111 120 111 81 139 288 476 453 398 223 213 178 81 405 357 240 183 478 221 221 98 214 178 350 273 183 0 300 332 82 187 116 419 202 382 226 508 230 191
242 227 383 205 314 333 346 80 217 331 228 226 236 42 161 248 398 316 210 221 272 270 76 354 331 405 228 220 310 329 283 235 149 314 356 228 226 234 109 309 228 59 178 300 0 338 330 318 215 297 209 260 233 385 147 322
402 387 381 165 474 386 290 336 377 275 226 148 396 346 320 400 103 410 241 253 304 430 326 352 274 111 388 153 470 380 281 233 309 474 354 142 386 265 252 469 172 311 338 332 338 0 381 478 247 295 162 259 143 384 307 482
240 225 534 247 175 29 498 327 152 483 380 268 233 338 201 105 440 53 169 160 109 130 318 506 483 448 226 262 170 23 434 387 242 175 507 270 224 147 261 169 380 303 185 82 330 381 0 179 165 448 251 412 275 537 233 182
228 213 523 345 21 181 486 316 140 471 368 367 222 326 190 108 538 163 274 264 213 75 306 494 471 545 214 360 27 177 423 375 231 81 496 368 212 252 250 76 368 291 174 187 318 478 179 0 269 437 349 401 373 526 221 29
280 264 420 113 265 169 383 213 231 368 265 134 273 223 198 184 306 193 82 72 88 221 203 391 368 314 265 128 261 163 320 272 186 266 393 136 264 60 129 260 265 188 215 116 215 247 165 269 0 334 117 298 141 423 184 273
361 345 129 308 433 451 303 294 335 288 120 291 354 304 279 367 354 434 328 340 391 389 284 100 287 361 346 296 428 447 91 137 267 433 102 285 345 352 228 427 185 270 296 419 297 295 448 437 334 0 305 69 286 132 265 440
273 258 391 42 345 255 300 206 247 285 237 50 266 216 191 270 222 279 111 123 174 301 196 363 285 229 259 44 340 249 292 244 179 345 365 51 257 135 122 340 182 182 208 202 209 162 251 349 117 305 0 269 56 394 177 352
324 309 155 272 396 415 267 258 299 251 84 255 318 268 243 330 318 398 292 303 355 352 248 127 251 325 310 260 392 411 53 101 231 397 128 249 309 316 192 391 148 233 260 382 260 259 412 401 298 69 269 0 250 158 229 404
297 282 372 59 369 280 281 230 271 266 217 42 290 241 215 294 202 304 135 147 198 325 221 344 266 210 283 47 364 274 272 224 204 369 345 36 281 159 146 364 163 206 233 226 233 143 275 373 141 286 56 250 0 375 201 377
450 434 36 397 522 540 392 383 424 377 209 380 443 393 368 456 443 523 417 428 480 477 373 87 376 450 435 385 517 536 180 226 356 522 89 374 434 441 317 516 274 359 385 508 385 384 537 526 423 132 394 158 375 0 354 529
145 130 351 173 217 236 315 144 120 300 196 195 138 154 92 151 366 219 178 190 241 173 134 323 299 373 131 189 213 232 251 203 103 217 324 196 129 202 78 212 197 120 81 230 147 307 233 221 184 265 177 229 201 354 0 225
232 216 526 348 25 184 490 319 143 475 372 370 225 330 193 112 541 167 278 268 217 78 310 498 475 549 218 364 30 181 426 378 234 85 499 371 216 256 253 79 372 295 177 191 322 482 182 29 273 440 352 404 377 529 225 0
EOF