NAME : tsp_problem
TYPE : TSP
DIMENSION : 48
EDGE_WEIGHT_TYPE : EXPLICIT
EDGE_WEIGHT_FORMAT : FULL_MATRIX
EDGE_WEIGHT_SECTION
0 156 282 259 256 334 264 196 348 302 181 416 278 313 177 311 166 418 292 277 412 362 269 294 286 441 272 246 315 378 469 326 366 429 415 248 334 432 67 340 401 186 445 323 94 398 191 241
156 0 355 332 329 407 337 269 421 374 86 489 350 386 82 384 239 490 365 350 485 435 342 367 358 514 345 319 388 451 542 399 439 501 488 321 407 505 140 413 474 259 517 396 105 471 264 313
282 355 0 149 145 224 49 115 237 191 380 306 167 202 376 200 158 307 343 37 301 251 158 345 337 331 66 135 204 267 358 215 255 318 304 248 223 321 240 391 290 126 334 212 293 288 121 73
259 332 149 0 123 124 131 93 214 91 357 206 75 102 354 100 136 207 320 144 201 229 135 323 314 231 138 98 104 244 264 115 232 218 204 225 123 221 218 368 232 103 234 112 270 188 98 107
256 329 145 123 0 198 127 89 111 165 354 280 141 176 350 174 132 253 317 140 257 125 36 220 311 224 135 109 178 141 232 189 129 244 233 122 197 240 214 265 164 100 227 186 267 257 95 104
334 407 224 124 198 0 206 167 278 89 432 204 87 100 428 98 211 205 395 219 199 268 210 397 389 229 213 120 102 255 262 113 266 216 202 300 55 219 293 443 230 178 232 45 345 186 173 182
264 337 49 131 127 206 0 97 219 173 362 288 149 184 358 182 140 289 325 50 283 233 140 327 319 313 48 117 186 249 340 197 237 300 286 230 205 303 222 373 272 108 316 194 275 270 103 55
196 269 115 93 89 167 97 0 181 135 294 249 111 146 290 144 72 251 257 110 245 195 102 259 251 274 105 79 148 211 302 159 199 262 248 192 167 265 154 305 234 40 278 156 207 232 35 74
348 421 237 214 111 278 219 181 0 223 445 234 233 226 442 212 224 172 408 232 176 44 111 283 402 143 227 201 207 60 151 196 48 163 152 184 278 159 306 328 83 192 146 267 359 176 187 196
302 374 191 91 165 89 173 135 223 0 399 149 55 59 396 56 178 150 362 186 144 213 178 365 356 174 180 87 61 200 207 71 211 161 147 267 88 164 260 410 175 146 177 78 313 131 140 149
181 86 380 357 354 432 362 294 445 399 0 514 375 411 30 409 263 515 389 375 509 460 366 392 383 539 369 344 413 475 566 424 463 526 513 346 431 529 165 437 499 284 542 421 129 496 289 338
416 489 306 206 280 204 288 249 234 149 514 0 169 151 510 137 293 148 477 301 143 223 292 479 471 173 295 202 132 210 218 121 222 159 146 382 203 162 374 525 185 260 176 192 427 129 255 264
278 350 167 75 141 87 149 111 233 55 375 169 0 66 372 64 154 170 338 162 165 233 154 341 332 194 156 71 68 220 228 79 232 182 168 243 87 185 236 386 195 122 197 76 289 151 116 125
313 386 202 102 176 100 184 146 226 59 411 151 66 0 407 68 189 152 374 197 146 215 189 376 368 176 192 99 72 202 209 83 214 163 150 279 100 166 271 422 177 157 179 89 324 133 152 161
177 82 376 354 350 428 358 290 442 396 30 510 372 407 0 405 260 512 386 371 506 456 363 388 380 535 366 340 409 472 563 420 460 523 509 342 428 526 161 434 495 280 539 417 126 493 286 335
311 384 200 100 174 98 182 144 212 56 409 137 64 68 405 0 187 139 372 195 133 201 187 374 365 162 190 96 70 188 196 81 200 150 136 277 98 153 269 420 163 155 166 87 322 119 150 159
166 239 158 136 132 211 140 72 224 178 263 293 154 189 260 187 0 294 226 153 288 238 145 229 220 318 148 122 191 254 345 202 242 305 291 183 210 308 124 274 277 62 321 199 177 275 68 117
418 490 307 207 253 205 289 251 172 150 515 148 170 152 512 139 294 0 478 302 78 161 253 424 472 62 296 203 133 148 156 122 160 82 71 326 204 78 376 470 123 262 65 194 429 65 256 265
292 365 343 320 317 395 325 257 408 362 389 477 338 374 386 372 226 478 0 338 472 423 329 300 35 502 332 307 376 438 529 387 426 489 476 254 394 492 250 346 462 247 505 384 303 459 252 301
277 350 37 144 140 219 50 110 232 186 375 301 162 197 371 195 153 302 338 0 296 246 153 340 332 326 61 130 199 262 353 210 250 313 299 243 218 316 235 386 285 121 329 207 288 283 116 68
412 485 301 201 257 199 283 245 176 144 509 143 165 146 506 133 288 78 472 296 0 166 258 429 466 66 291 197 127 152 160 117 164 86 75 331 199 82 370 474 127 256 69 188 423 59 250 259
362 435 251 229 125 268 233 195 44 213 460 223 233 215 456 201 238 161 423 246 166 0 126 297 417 132 241 215 196 66 140 185 54 152 141 199 267 149 320 343 89 206 135 256 373 165 201 210
269 342 158 135 36 210 140 102 111 178 366 292 154 189 363 187 145 253 329 153 258 126 0 220 323 224 148 122 191 141 232 202 129 244 233 122 210 241 227 266 164 113 227 199 280 257 107 116
294 367 345 323 220 397 327 259 283 365 392 479 341 376 388 374 229 424 300 340 429 297 220 0 294 395 335 309 378 313 404 389 300 416 404 127 397 412 252 79 336 249 399 386 305 428 255 304
286 358 337 314 311 389 319 251 402 356 383 471 332 368 380 365 220 472 35 332 466 417 323 294 0 496 326 301 370 432 523 380 420 483 470 248 388 486 244 340 455 241 499 378 297 453 246 295
441 514 331 231 224 229 313 274 143 174 539 173 194 176 535 162 318 62 502 326 66 132 224 395 496 0 320 227 157 119 126 146 131 53 42 297 228 49 400 441 94 285 36 217 452 66 280 289
272 345 66 138 135 213 48 105 227 180 369 295 156 192 366 190 148 296 332 61 291 241 148 335 326 320 0 125 194 257 348 205 245 307 294 237 213 311 230 380 280 116 323 202 283 277 110 63
246 319 135 98 109 120 117 79 201 87 344 202 71 99 340 96 122 203 307 130 197 215 122 309 301 227 125 0 101 231 260 111 219 214 201 212 119 217 204 355 228 90 230 109 257 184 85 94
315 388 204 104 178 102 186 148 207 61 413 132 68 72 409 70 191 133 376 199 127 196 191 378 370 157 194 101 0 183 190 80 195 144 131 281 102 147 273 424 158 159 160 91 326 114 154 163
378 451 267 244 141 255 249 211 60 200 475 210 220 202 472 188 254 148 438 262 152 66 141 313 432 119 257 231 183 0 127 172 69 139 128 214 254 135 336 358 95 222 122 243 389 152 217 226
469 542 358 264 232 262 340 302 151 207 566 218 228 209 563 196 345 156 529 353 160 140 232 404 523 126 348 260 190 127 0 180 139 147 135 305 261 143 427 449 102 313 130 251 480 159 308 317
326 399 215 115 189 113 197 159 196 71 424 121 79 83 420 81 202 122 387 210 117 185 202 389 380 146 205 111 80 172 180 0 184 133 120 292 113 136 284 435 147 170 149 102 337 103 165 174
366 439 255 232 129 266 237 199 48 211 463 222 232 214 460 200 242 160 426 250 164 54 129 300 420 131 245 219 195 69 139 184 0 151 140 202 266 147 324 346 92 210 134 255 377 164 204 213
429 501 318 218 244 216 300 262 163 161 526 159 182 163 523 150 305 82 489 313 86 152 244 416 483 53 307 214 144 139 147 133 151 0 62 317 215 69 387 461 114 273 56 205 440 76 267 276
415 488 304 204 233 202 286 248 152 147 513 146 168 150 509 136 291 71 476 299 75 141 233 404 470 42 294 201 131 128 135 120 140 62 0 306 202 58 373 450 103 259 45 191 426 62 254 263
248 321 248 225 122 300 230 192 184 267 346 382 243 279 342 277 183 326 254 243 331 199 122 127 248 297 237 212 281 214 305 292 202 317 306 0 300 314 207 172 238 203 301 289 259 330 197 206
334 407 223 123 197 55 205 167 278 88 431 203 87 100 428 98 210 204 394 218 199 267 210 397 388 228 213 119 102 254 261 113 266 215 202 300 0 218 292 443 229 178 231 43 345 185 173 182
432 505 321 221 240 219 303 265 159 164 529 162 185 166 526 153 308 78 492 316 82 149 241 412 486 49 311 217 147 135 143 136 147 69 58 314 218 0 390 457 110 276 52 208 443 79 270 279
67 140 240 218 214 293 222 154 306 260 165 374 236 271 161 269 124 376 250 235 370 320 227 252 244 400 230 204 273 336 427 284 324 387 373 207 292 390 0 298 359 144 403 281 78 357 150 199
340 413 391 368 265 443 373 305 328 410 437 525 386 422 434 420 274 470 346 386 474 343 266 79 340 441 380 355 424 358 449 435 346 461 450 172 443 457 298 0 381 295 444 432 351 474 300 349
401 474 290 232 164 230 272 234 83 175 499 185 195 177 495 163 277 123 462 285 127 89 164 336 455 94 280 228 158 95 102 147 92 114 103 238 229 110 359 381 0 245 97 218 412 127 240 249
186 259 126 103 100 178 108 40 192 146 284 260 122 157 280 155 62 262 247 121 256 206 113 249 241 285 116 90 159 222 313 170 210 273 259 203 178 276 144 295 245 0 289 167 197 242 35 85
445 517 334 234 227 232 316 278 146 177 542 176 197 179 539 166 321 65 505 329 69 135 227 399 499 36 323 230 160 122 130 149 134 56 45 301 231 52 403 444 97 289 0 221 456 69 283 292
323 396 212 112 186 45 194 156 267 78 421 192 76 89 417 87 199 194 384 207 188 256 199 386 378 217 202 109 91 243 251 102 255 205 191 289 43 208 281 432 218 167 221 0 334 174 162 171
94 105 293 270 267 345 275 207 359 313 129 427 289 324 126 322 177 429 303 288 423 373 280 305 297 452 283 257 326 389 480 337 377 440 426 259 345 443 78 351 412 197 456 334 0 409 202 252
398 471 288 188 257 186 270 232 176 131 496 129 151 133 493 119 275 65 459 283 59 165 257 428 453 66 277 184 114 152 159 103 164 76 62 330 185 79 357 474 127 242 69 174 409 0 237 246
191 264 121 98 95 173 103 35 187 140 289 255 116 152 286 150 68 256 252 116 250 201 107 255 246 280 110 85 154 217 308 165 204 267 254 197 173 270 150 300 240 35 283 162 202 237 0 79
241 313 73 107 104 182 55 74 196 149 338 264 125 161 335 159 117 265 301 68 259 210 116 304 295 289 63 94 163 226 317 174 213 276 263 206 182 279 199 349 249 85 292 171 252 246 79 0
EOF