NAME : tsp_problem
TYPE : TSP
DIMENSION : 32
EDGE_WEIGHT_TYPE : EXPLICIT
EDGE_WEIGHT_FORMAT : FULL_MATRIX
EDGE_WEIGHT_SECTION
0 686 632 657 701 442 978 617 613 953 152 818 427 744 2115 627 665 684 711 1495 817 622 204 494 851 485 521 465 853 413 337 879
686 0 859 884 928 281 1616 843 839 1591 709 382 654 1292 2752 1160 892 782 621 1862 1043 849 756 363 1488 1123 1069 1102 1491 621 869 1516
632 859 0 38 136 693 1562 33 53 1537 522 1061 252 1350 2699 1230 218 509 1041 2079 370 62 810 539 1435 1069 1126 1048 1437 453 940 1463
657 884 38 0 109 718 1588 53 78 1563 547 1087 277 1375 2724 1256 244 534 1066 2105 395 88 835 564 1460 1095 1152 1074 1463 478 965 1488
701 928 136 109 0 762 1632 126 105 1606 591 1131 321 1419 2768 1300 288 578 1110 2149 439 110 879 608 1504 1139 1196 1118 1506 522 1009 1532
442 281 693 718 762 0 1373 678 674 1347 478 483 488 1049 2509 916 726 617 507 1838 878 683 512 197 1245 880 826 859 1247 455 626 1273
978 1616 1562 1588 1632 1373 0 1547 1543 1398 1083 1748 1357 833 1583 973 1596 1615 1641 1151 1747 1553 1035 1424 149 668 809 534 1298 1344 962 1324
617 843 33 53 126 678 1547 0 38 1522 506 1046 236 1334 2683 1215 203 494 1025 2064 355 47 794 524 1419 1054 1111 1033 1422 438 925 1447
613 839 53 78 105 674 1543 38 0 1518 502 1042 232 1330 2679 1211 199 490 1021 2060 350 26 790 520 1415 1050 1107 1029 1418 434 921 1443
953 1591 1537 1563 1606 1347 1398 1522 1518 0 1058 1723 1332 1388 2535 1287 1571 1589 1616 1915 1722 1527 1010 1399 1271 905 1047 884 537 1319 997 562
152 709 522 547 591 478 1083 506 502 1058 0 874 317 870 2219 751 555 574 768 1600 707 512 330 389 955 590 647 569 958 303 461 983
818 382 1061 1087 1131 483 1748 1046 1042 1723 874 0 856 1368 2884 1152 1095 985 689 1682 1246 1052 887 566 1620 1255 1201 1234 1623 824 1001 1648
427 654 252 277 321 488 1357 236 232 1332 317 856 0 1145 2494 1025 285 279 836 1874 437 242 605 334 1230 864 921 843 1232 248 735 1258
744 1292 1350 1375 1419 1049 833 1334 1330 1388 870 1368 1145 0 1796 293 1383 1294 1161 1176 1535 1340 653 1100 705 512 429 636 1288 1131 463 1313
2115 2752 2699 2724 2768 2509 1583 2683 2679 2535 2219 2884 2494 1796 0 1936 2732 2751 2729 1860 2695 2689 2171 2560 1618 1804 1945 1670 2435 2480 2098 2460
627 1160 1230 1256 1300 916 973 1215 1211 1287 751 1152 1025 293 1936 0 1264 1161 944 1225 1415 1220 520 968 845 425 342 550 1187 1000 367 1212
665 892 218 244 288 726 1596 203 199 1571 555 1095 285 1383 2732 1264 0 485 1074 2113 287 209 843 572 1468 1103 1160 1082 1471 486 973 1496
684 782 509 534 578 617 1615 494 490 1589 574 985 279 1294 2751 1161 485 0 965 2083 435 499 757 463 1487 1122 1071 1101 1489 348 871 1515
711 621 1041 1066 1110 507 1641 1025 1021 1616 768 689 836 1161 2729 944 1074 965 0 1475 1225 1031 781 666 1514 1148 1094 1128 1516 803 895 1542
1495 1862 2079 2105 2149 1838 1151 2064 2060 1915 1600 1682 1874 1176 1860 1225 2113 2083 1475 0 2264 2069 1442 1889 1078 1184 1326 1051 1815 1861 1289 1841
817 1043 370 395 439 878 1747 355 350 1722 707 1246 437 1535 2695 1415 287 435 1225 2264 0 360 994 724 1619 1254 1311 1233 1622 638 1125 1647
622 849 62 88 110 683 1553 47 26 1527 512 1052 242 1340 2689 1220 209 499 1031 2069 360 0 800 529 1425 1059 1117 1039 1427 443 930 1453
204 756 810 835 879 512 1035 794 790 1010 330 887 605 653 2171 520 843 757 781 1442 994 800 0 564 907 513 430 521 909 591 230 935
494 363 539 564 608 197 1424 524 520 1399 389 566 334 1100 2560 968 572 463 666 1889 724 529 564 0 1296 931 877 910 1299 301 677 1324
851 1488 1435 1460 1504 1245 149 1419 1415 1271 955 1620 1230 705 1618 845 1468 1487 1514 1078 1619 1425 907 1296 0 540 681 406 1170 1216 834 1196
485 1123 1069 1095 1139 880 668 1054 1050 905 590 1255 864 512 1804 425 1103 1122 1148 1184 1254 1059 513 931 540 0 171 154 805 851 323 831
521 1069 1126 1152 1196 826 809 1111 1107 1047 647 1201 921 429 1945 342 1160 1071 1094 1326 1311 1117 430 877 681 171 0 295 947 908 240 972
465 1102 1048 1074 1118 859 534 1033 1029 884 569 1234 843 636 1670 550 1082 1101 1128 1051 1233 1039 521 910 406 154 295 0 784 830 448 810
853 1491 1437 1463 1506 1247 1298 1422 1418 537 958 1623 1232 1288 2435 1187 1471 1489 1516 1815 1622 1427 909 1299 1170 805 947 784 0 1219 897 244
413 621 453 478 522 455 1344 438 434 1319 303 824 248 1131 2480 1000 486 348 803 1861 638 443 591 301 1216 851 908 830 1219 0 710 1244
337 869 940 965 1009 626 962 925 921 997 461 1001 735 463 2098 367 973 871 895 1289 1125 930 230 677 834 323 240 448 897 710 0 922
879 1516 1463 1488 1532 1273 1324 1447 1443 562 983 1648 1258 1313 2460 1212 1496 1515 1542 1841 1647 1453 935 1324 1196 831 972 810 244 1244 922 0
EOF