NAME : tsp_problem
TYPE : TSP
DIMENSION : 62
EDGE_WEIGHT_TYPE : EXPLICIT
EDGE_WEIGHT_FORMAT : FULL_MATRIX
EDGE_WEIGHT_SECTION
0 963 841 480 394 677 1638 1041 671 423 232 783 950 671 424 838 998 249 1304 1848 296 692 580 1732 1482 2659 331 801 1064 843 846 279 1495 1107 1309 869 1035 755 226 597 981 925 944 477 381 2551 374 783 1022 1017 704 788 92 2718 876 479 953 970 1134 183 1429 249
963 0 326 816 921 368 1124 526 399 610 856 393 988 449 878 287 484 1014 789 1333 874 383 727 1217 967 2238 767 411 989 156 290 903 1158 556 794 130 579 483 762 402 1016 518 429 831 1115 2131 1108 393 566 503 270 398 931 2297 228 725 36 499 619 855 914 827
841 326 0 614 729 379 856 237 405 475 681 404 701 231 676 440 237 821 522 1066 682 394 732 950 700 1970 574 164 701 309 85 711 890 709 527 284 291 489 640 267 730 229 182 837 923 1863 915 404 277 256 281 151 809 2030 146 532 316 652 372 733 647 705
480 816 614 0 138 607 1411 814 601 229 283 713 1151 444 84 768 771 280 1077 1621 215 621 929 1505 1255 2526 275 575 1166 773 619 245 1446 1037 1082 773 808 685 367 446 1180 698 717 908 332 2418 325 713 795 790 555 562 448 2585 681 119 806 900 907 372 1202 429
394 921 729 138 0 712 1526 929 707 325 199 819 1266 559 82 874 886 174 1192 1736 131 727 926 1620 1370 2641 240 689 1281 879 734 161 1561 1142 1197 879 923 791 283 542 1295 813 832 823 226 2533 219 818 910 905 661 676 363 2700 796 235 912 1005 1022 288 1317 345
677 368 379 607 712 0 1177 579 114 401 570 188 948 241 669 244 537 803 843 1387 634 30 441 1271 1021 2291 558 371 963 249 344 695 1211 512 848 274 605 197 477 193 977 495 483 545 906 2184 899 188 592 556 146 358 645 2351 281 516 359 412 672 570 968 541
1638 1124 856 1411 1526 1177 0 704 1202 1272 1479 1202 1226 1028 1473 1238 794 1619 614 1351 1479 1191 1530 1235 451 2256 1372 957 1210 1106 882 1509 1176 1506 662 1081 816 1286 1438 1064 1255 900 717 1634 1720 2148 1713 1201 802 709 1079 949 1607 2315 944 1330 1114 1450 654 1531 398 1503
1041 526 237 814 929 579 704 0 605 675 881 604 607 431 875 640 381 1021 370 914 881 594 932 798 548 1818 774 338 606 509 285 911 738 909 375 483 196 688 840 467 636 280 280 1036 1122 1711 1115 604 183 271 481 333 1009 1878 346 732 516 852 281 933 495 905
671 399 405 601 707 114 1202 605 0 395 564 192 942 235 663 275 562 797 868 1412 628 128 358 1296 1046 2317 552 365 957 280 375 689 1237 543 873 305 599 114 471 187 971 489 508 462 901 2209 894 170 586 581 141 353 640 2376 313 510 390 329 698 564 993 535
423 610 475 229 325 401 1272 675 395 0 278 507 1012 305 291 562 632 418 938 1482 278 416 723 1366 1116 2387 171 435 1027 567 480 308 1307 831 943 568 669 479 223 231 1041 559 578 827 519 2279 512 507 656 651 349 422 392 2446 523 129 600 694 768 316 1063 288
232 856 681 283 199 570 1479 881 564 278 0 676 1133 512 227 731 839 277 1145 1689 99 585 764 1573 1323 2593 134 642 1234 736 687 181 1513 1000 1150 762 876 648 119 490 1164 766 785 660 393 2486 386 676 862 858 597 629 200 2653 749 282 846 863 974 124 1270 181
783 393 404 713 819 188 1202 604 192 507 676 0 1054 347 775 268 562 909 867 1411 740 203 400 1295 1045 2316 664 477 1067 273 368 801 1236 537 872 299 657 189 583 299 1083 596 507 504 1012 2209 1005 52 644 581 171 464 752 2375 306 622 383 371 697 676 992 647
950 988 701 1151 1266 948 1226 607 942 1012 1133 1054 0 768 1213 1102 898 1151 892 1046 1197 962 1270 1103 1070 1950 1112 639 408 970 746 1181 720 1370 897 945 565 1026 1128 804 364 581 802 1263 1283 1843 1276 1054 551 794 896 633 993 2010 808 1069 978 1241 803 1085 1017 1150
671 449 231 444 559 241 1028 431 235 305 512 347 768 0 506 402 388 651 694 1238 512 255 563 1122 872 2143 404 191 783 407 236 541 1063 670 699 407 425 319 470 97 797 315 334 667 753 2035 746 347 412 407 189 178 639 2202 298 362 440 533 524 563 819 535
424 878 676 84 82 669 1473 875 663 291 227 775 1213 506 0 830 833 224 1139 1683 159 683 956 1567 1317 2588 268 636 1228 835 681 189 1507 1099 1144 835 870 747 311 508 1242 760 779 852 276 2480 269 775 857 852 617 623 392 2647 743 181 868 961 969 316 1264 373
838 287 440 768 874 244 1238 640 275 562 731 268 1102 402 830 0 598 964 904 1448 795 258 602 1332 1081 2352 719 525 1104 157 405 856 1272 358 908 182 694 359 638 354 1131 632 543 707 1068 2245 1060 268 680 617 226 512 807 2412 342 677 277 231 733 731 1028 702
998 484 237 771 886 537 794 381 562 632 839 562 898 388 833 598 0 979 460 1029 839 551 890 913 638 1933 732 322 887 466 242 869 853 866 465 441 490 646 798 424 927 429 125 994 1080 1826 1073 561 477 188 439 309 967 1993 304 690 474 810 154 891 585 862
249 1014 821 280 174 803 1619 1021 797 418 277 909 1151 651 224 964 979 0 1285 1829 224 817 781 1713 1462 2733 333 782 1264 969 827 138 1653 1233 1289 971 1016 881 352 635 1182 905 924 678 161 2626 154 909 1002 998 753 769 218 2793 888 377 1004 1096 1114 309 1409 374
1304 789 522 1077 1192 843 614 370 868 938 1145 867 892 694 1139 904 460 1285 0 1017 1145 857 1196 901 474 1921 1038 623 876 772 548 1174 841 1172 191 747 482 952 1104 730 921 566 383 1300 1386 1814 1379 867 468 375 745 615 1272 1981 610 996 780 1115 320 1197 447 1168
1848 1333 1066 1621 1736 1387 1351 914 1412 1482 1689 1411 1046 1238 1683 1448 1029 1829 1017 0 1689 1401 1740 520 1195 1362 1582 1167 828 1316 1092 1718 477 1716 1022 1291 1026 1496 1648 1274 926 1110 927 1844 1930 1254 1923 1411 1012 919 1289 1159 1817 1421 1154 1540 1324 1660 928 1741 1142 1712
296 874 682 215 131 634 1479 881 628 278 99 740 1197 512 159 795 839 224 1145 1689 0 648 827 1573 1323 2593 170 642 1234 800 687 114 1513 1064 1150 825 876 712 183 495 1228 766 785 724 325 2486 318 740 863 858 614 629 264 2653 749 282 865 926 975 188 1270 245
692 383 394 621 727 30 1191 594 128 416 585 203 962 255 683 258 551 817 857 1401 648 0 456 1285 1035 2306 573 386 978 263 358 709 1226 527 862 288 620 212 491 208 991 509 497 560 921 2198 914 203 606 570 160 373 660 2365 296 530 373 427 687 584 982 556
580 727 732 929 926 441 1530 932 358 723 764 400 1270 563 956 602 890 781 1196 1740 827 456 0 1624 1374 2644 863 693 1285 608 703 811 1564 871 1201 633 927 355 758 515 1299 817 836 193 913 2537 906 378 914 909 468 680 624 2704 640 838 718 447 1026 715 1321 780
1732 1217 950 1505 1620 1271 1235 798 1296 1366 1573 1295 1103 1122 1567 1332 913 1713 901 520 1573 1285 1624 0 1079 1345 1466 1051 885 1200 976 1602 534 1600 906 1175 910 1380 1532 1158 984 994 811 1728 1814 1237 1807 1295 896 803 1173 1043 1701 1404 1038 1424 1208 1544 812 1625 1026 1596
1482 967 700 1255 1370 1021 451 548 1046 1116 1323 1045 1070 872 1317 1081 638 1462 474 1195 1323 1035 1374 1079 0 2099 1216 801 1053 950 726 1352 1019 1350 505 925 660 1130 1282 908 1099 744 561 1478 1564 1992 1557 1045 646 553 923 793 1450 2159 788 1173 958 1293 498 1375 146 1346
2659 2238 1970 2526 2641 2291 2256 1818 2317 2387 2593 2316 1950 2143 2588 2352 1933 2733 1921 1362 2593 2306 2644 1345 2099 0 2486 2071 1733 2221 1997 2623 1382 2621 1926 2195 1930 2401 2552 2179 1831 2014 1832 2748 2834 156 2827 2316 1917 1823 2193 2063 2702 86 2058 2444 2228 2564 1833 2645 2046 2617
331 767 574 275 240 558 1372 774 552 171 134 664 1112 404 268 719 732 333 1038 1582 170 573 863 1466 1216 2486 0 535 1127 724 580 222 1406 988 1043 724 769 636 218 388 1140 659 678 759 434 2379 427 664 755 751 506 522 299 2546 642 175 757 851 867 223 1163 280
801 411 164 575 689 371 957 338 365 435 642 477 639 191 636 525 322 782 623 1167 642 386 693 1051 801 2071 535 0 654 394 170 672 965 794 628 369 296 449 601 227 667 186 267 797 883 1964 876 477 282 341 320 63 770 2131 231 493 401 664 457 694 748 666
1064 989 701 1166 1281 963 1210 606 957 1027 1234 1067 408 783 1228 1104 887 1264 876 828 1234 978 1285 885 1053 1733 1127 654 0 972 748 1263 502 1372 880 947 432 1041 1193 819 139 597 786 1377 1397 1625 1390 1067 457 777 911 649 1107 1792 810 1085 980 1256 787 1198 1000 1257
843 156 309 773 879 249 1106 509 280 567 736 273 970 407 835 157 466 969 772 1316 800 263 608 1200 950 2221 724 394 972 0 273 861 1141 426 777 65 562 364 643 359 999 501 412 712 1073 2113 1066 273 549 485 231 381 812 2280 211 682 146 369 602 736 897 708
846 290 85 619 734 344 882 285 375 480 687 368 746 236 681 405 242 827 548 1092 687 358 703 976 726 1997 580 170 748 273 0 717 917 673 553 248 338 459 646 272 775 277 188 807 928 1889 921 368 325 261 246 157 815 2056 111 538 281 617 378 739 673 711
279 903 711 245 161 695 1509 911 689 308 181 801 1181 541 189 856 869 138 1174 1718 114 709 811 1602 1352 2623 222 672 1263 861 717 0 1543 1124 1179 861 906 773 265 524 1211 795 814 708 271 2516 264 801 892 888 643 659 247 2682 778 311 894 987 1004 270 1299 328
1495 1158 890 1446 1561 1211 1176 738 1237 1307 1513 1236 720 1063 1507 1272 853 1653 841 477 1513 1226 1564 534 1019 1382 1406 965 502 1141 917 1543 0 1540 846 1115 744 1320 1472 1099 600 908 752 1668 1754 1274 1747 1236 768 743 1113 960 1538 1441 978 1364 1148 1484 753 1565 966 1537
1107 556 709 1037 1142 512 1506 909 543 831 1000 537 1370 670 1099 358 866 1233 1172 1716 1064 527 871 1600 1350 2621 988 794 1372 426 673 1124 1540 0 1177 451 962 627 906 623 1399 901 812 975 1336 2513 1329 537 949 885 494 781 1075 2680 611 946 546 570 1002 999 1297 971
1309 794 527 1082 1197 848 662 375 873 943 1150 872 897 699 1144 908 465 1289 191 1022 1150 862 1201 906 505 1926 1043 628 880 777 553 1179 846 1177 0 752 486 957 1109 735 926 570 388 1305 1391 1819 1384 872 473 380 750 619 1277 1986 615 1000 785 1120 325 1202 452 1173
869 130 284 773 879 274 1081 483 305 568 762 299 945 407 835 182 441 971 747 1291 825 288 633 1175 925 2195 724 369 947 65 248 861 1115 451 752 0 537 389 668 359 974 476 387 737 1073 2088 1066 299 524 460 228 356 837 2255 186 682 121 394 577 761 872 733
1035 579 291 808 923 605 816 196 599 669 876 657 565 425 870 694 490 1016 482 1026 876 620 927 910 660 1930 769 296 432 562 338 906 744 962 486 537 0 683 835 461 492 239 392 1031 1117 1823 1110 657 47 383 535 291 1004 1990 400 727 570 898 393 928 606 899
755 483 489 685 791 197 1286 688 114 479 648 189 1026 319 747 359 646 881 952 1496 712 212 355 1380 1130 2401 636 449 1041 364 459 773 1320 627 957 389 683 0 555 271 1055 573 592 459 984 2293 977 167 670 665 224 436 724 2460 396 594 474 326 782 648 1077 619
226 762 640 367 283 477 1438 840 471 223 119 583 1128 470 311 638 798 352 1104 1648 183 491 758 1532 1282 2552 218 601 1193 643 646 265 1472 906 1109 668 835 555 0 396 1158 725 744 655 477 2445 470 582 821 817 504 588 194 2612 676 283 753 769 933 118 1228 90
597 402 267 446 542 193 1064 467 187 231 490 299 804 97 508 354 424 635 730 1274 495 208 515 1158 908 2179 388 227 819 359 272 524 1099 623 735 359 461 271 396 0 833 351 370 619 736 2071 729 299 448 443 141 214 565 2238 315 346 392 486 560 489 855 461
981 1016 730 1180 1295 977 1255 636 971 1041 1164 1083 364 797 1242 1131 927 1182 921 926 1228 991 1299 984 1099 1831 1140 667 139 999 775 1211 600 1399 926 974 492 1055 1158 833 0 610 831 1294 1314 1724 1307 1083 516 822 925 662 1024 1890 837 1098 1007 1269 832 1115 1046 1181
925 518 229 698 813 495 900 280 489 559 766 596 581 315 760 632 429 905 566 1110 766 509 817 994 744 2014 659 186 597 501 277 795 908 901 570 476 239 573 725 351 610 0 374 921 1007 1907 1000 596 225 448 443 181 893 2074 338 617 508 788 477 818 690 789
944 429 182 717 832 483 717 280 508 578 785 507 802 334 779 543 125 924 383 927 785 497 836 811 561 1832 678 267 786 412 188 814 752 812 388 387 392 592 744 370 831 374 0 940 1026 1724 1019 507 378 97 385 255 912 1891 250 635 420 755 231 837 508 808
477 831 837 908 823 545 1634 1036 462 827 660 504 1263 667 852 707 994 678 1300 1844 724 560 193 1728 1478 2748 759 797 1377 712 807 708 1668 975 1305 737 1031 459 655 619 1294 921 940 0 810 2641 803 482 1018 1013 572 784 520 2808 744 907 822 551 1130 612 1425 677
381 1115 923 332 226 906 1720 1122 901 519 393 1012 1283 753 276 1068 1080 161 1386 1930 325 921 913 1814 1564 2834 434 883 1397 1073 928 271 1754 1336 1391 1073 1117 984 477 736 1314 1007 1026 810 0 2727 40 1012 1104 1099 855 870 350 2894 990 429 1106 1199 1216 441 1511 507
2551 2131 1863 2418 2533 2184 2148 1711 2209 2279 2486 2209 1843 2035 2480 2245 1826 2626 1814 1254 2486 2198 2537 1237 1992 156 2379 1964 1625 2113 1889 2516 1274 2513 1819 2088 1823 2293 2445 2071 1724 1907 1724 2641 2727 0 2720 2208 1809 1716 2086 1956 2595 216 1951 2337 2121 2457 1726 2538 1939 2510
374 1108 915 325 219 899 1713 1115 894 512 386 1005 1276 746 269 1060 1073 154 1379 1923 318 914 906 1807 1557 2827 427 876 1390 1066 921 264 1747 1329 1384 1066 1110 977 470 729 1307 1000 1019 803 40 2720 0 1005 1097 1092 848 863 343 2887 983 422 1099 1192 1209 434 1504 499
783 393 404 713 818 188 1201 604 170 507 676 52 1054 347 775 268 561 909 867 1411 740 203 378 1295 1045 2316 664 477 1067 273 368 801 1236 537 872 299 657 167 582 299 1083 596 507 482 1012 2208 1005 0 644 580 171 464 751 2375 306 622 383 349 697 676 992 647
1022 566 277 795 910 592 802 183 586 656 862 644 551 412 857 680 477 1002 468 1012 863 606 914 896 646 1917 755 282 457 549 325 892 768 949 473 524 47 670 821 448 516 225 378 1018 1104 1809 1097 644 0 370 521 277 990 1976 386 713 556 884 379 914 593 886
1017 503 256 790 905 556 709 271 581 651 858 581 794 407 852 617 188 998 375 919 858 570 909 803 553 1823 751 341 777 485 261 888 743 885 380 460 383 665 817 443 822 448 97 1013 1099 1716 1092 580 370 0 458 328 986 1883 323 709 493 829 154 910 500 882
704 270 281 555 661 146 1079 481 141 349 597 171 896 189 617 226 439 753 745 1289 614 160 468 1173 923 2193 506 320 911 231 246 643 1113 494 750 228 535 224 504 141 925 443 385 572 855 2086 848 171 521 458 0 307 673 2253 183 464 261 438 574 597 870 568
788 398 151 562 676 358 949 333 353 422 629 464 633 178 623 512 309 769 615 1159 629 373 680 1043 793 2063 522 63 649 381 157 659 960 781 619 356 291 436 588 214 662 181 255 784 870 1956 863 464 277 328 307 0 757 2123 218 480 388 651 444 681 739 653
92 931 809 448 363 645 1607 1009 640 392 200 752 993 639 392 807 967 218 1272 1817 264 660 624 1701 1450 2702 299 770 1107 812 815 247 1538 1075 1277 837 1004 724 194 565 1024 893 912 520 350 2595 343 751 990 986 673 757 0 2761 844 447 922 938 1102 150 1397 192
2718 2297 2030 2585 2700 2351 2315 1878 2376 2446 2653 2375 2010 2202 2647 2412 1993 2793 1981 1421 2653 2365 2704 1404 2159 86 2546 2131 1792 2280 2056 2682 1441 2680 1986 2255 1990 2460 2612 2238 1890 2074 1891 2808 2894 216 2887 2375 1976 1883 2253 2123 2761 0 2118 2504 2288 2624 1892 2705 2106 2676
876 228 146 681 796 281 944 346 313 523 749 306 808 298 743 342 304 888 610 1154 749 296 640 1038 788 2058 642 231 810 211 111 778 978 611 615 186 400 396 676 315 837 338 250 744 990 1951 983 306 386 323 183 218 844 2118 0 599 218 554 439 769 735 740
479 725 532 119 235 516 1330 732 510 129 282 622 1069 362 181 677 690 377 996 1540 282 530 838 1424 1173 2444 175 493 1085 682 538 311 1364 946 1000 682 727 594 283 346 1098 617 635 907 429 2337 422 622 713 709 464 480 447 2504 599 0 715 809 825 371 1120 347
953 36 316 806 912 359 1114 516 390 600 846 383 978 440 868 277 474 1004 780 1324 865 373 718 1208 958 2228 757 401 980 146 281 894 1148 546 785 121 570 474 753 392 1007 508 420 822 1106 2121 1099 383 556 493 261 388 922 2288 218 715 0 489 609 846 905 817
970 499 652 900 1005 412 1450 852 329 694 863 371 1241 533 961 231 810 1096 1115 1660 926 427 447 1544 1293 2564 851 664 1256 369 617 987 1484 570 1120 394 898 326 769 486 1269 788 755 551 1199 2457 1192 349 884 829 438 651 938 2624 554 809 489 0 945 862 1240 834
1134 619 372 907 1022 672 654 281 698 768 974 697 803 524 969 733 154 1114 320 928 975 687 1026 812 498 1833 867 457 787 602 378 1004 753 1002 325 577 393 782 933 560 832 477 231 1130 1216 1726 1209 697 379 154 574 444 1102 1892 439 825 609 945 0 1026 445 998
183 855 733 372 288 570 1531 933 564 316 124 676 1085 563 316 731 891 309 1197 1741 188 584 715 1625 1375 2645 223 694 1198 736 739 270 1565 999 1202 761 928 648 118 489 1115 818 837 612 441 2538 434 676 914 910 597 681 151 2705 769 371 846 862 1026 0 1322 102
1429 914 647 1202 1317 968 398 495 993 1063 1270 992 1017 819 1264 1028 585 1409 447 1142 1270 982 1321 1026 146 2046 1163 748 1000 897 673 1299 966 1297 452 872 606 1077 1228 855 1046 690 508 1425 1511 1939 1504 992 593 500 870 739 1397 2106 735 1120 905 1240 445 1322 0 1293
260 827 705 429 345 541 1503 905 535 288 181 647 1162 535 373 702 862 386 1168 1712 245 556 792 1596 1346 2617 280 666 1257 708 711 328 1537 971 1173 733 899 619 90 461 1192 789 808 688 518 2510 511 647 886 882 568 653 228 2676 740 347 817 834 998 102 1293 0
EOF