NAME : tsp_problem
TYPE : TSP
DIMENSION : 80
EDGE_WEIGHT_TYPE : EXPLICIT
EDGE_WEIGHT_FORMAT : FULL_MATRIX
EDGE_WEIGHT_SECTION
0 74 79 773 173 59 222 240 626 1077 326 115 1077 802 785 102 936 379 944 344 971 886 1029 1036 779 1030 80 947 669 1047 124 733 994 216 1007 1006 1035 1057 767 1181 946 930 129 791 978 1029 262 789 148 188 642 111 170 1037 71 1032 886 640 896 868 912 1358 1056 1049 881 999 989 1007 1020 1060 154 723 920 203 1043 127 674 792 741 868
74 0 125 749 219 95 198 286 602 1053 302 161 1053 778 761 148 912 354 919 365 947 862 1004 1012 755 1006 126 923 645 1023 170 709 969 192 983 982 1011 1033 743 1157 922 906 175 766 954 1005 308 764 124 164 618 157 146 1013 52 1008 862 616 872 844 888 1333 1032 1025 857 974 965 982 996 1036 201 699 896 179 1019 174 650 768 717 844
79 125 0 741 130 85 274 197 593 1044 293 72 1044 770 752 65 904 338 911 302 938 854 996 1004 746 997 86 914 636 1014 82 701 961 267 975 974 1003 1024 734 1148 913 897 87 758 945 997 219 756 200 240 609 68 222 1004 123 1000 853 608 863 836 879 1325 1024 1016 848 966 956 974 987 1027 112 691 887 255 1010 85 641 759 708 835
773 749 741 0 666 789 603 694 215 432 546 727 416 62 45 740 276 599 283 610 310 246 368 376 78 369 761 286 204 433 718 149 333 610 347 346 375 396 48 568 285 269 714 130 317 369 696 88 687 636 230 719 656 377 743 372 225 229 235 208 251 744 396 388 255 338 328 346 359 446 685 152 259 633 382 707 198 91 68 207
173 219 130 666 0 179 204 122 518 969 218 116 969 695 677 129 829 263 836 227 863 779 921 929 671 922 151 839 561 939 107 626 886 210 900 899 928 949 659 1073 838 822 103 683 870 922 144 681 287 236 534 109 257 930 216 925 778 533 788 761 804 1250 949 941 773 891 881 899 912 952 85 616 812 234 935 96 566 684 633 760
59 95 85 789 179 0 243 245 642 1093 342 121 1093 818 801 108 952 386 959 350 987 902 1044 1052 794 1046 86 962 685 1063 130 749 1009 237 1023 1022 1051 1073 783 1197 962 946 135 806 994 1045 268 804 169 209 657 117 191 1053 93 1048 902 656 912 884 928 1373 1072 1065 897 1014 1005 1022 1036 1076 160 739 936 225 1059 133 690 808 757 884
222 198 274 603 204 243 0 232 456 907 156 266 907 632 615 278 766 209 774 219 801 716 859 866 609 860 274 777 499 877 257 563 823 76 837 836 865 887 597 1011 776 760 252 621 808 859 255 619 135 84 472 258 105 867 191 862 716 470 726 698 742 1188 886 879 711 828 819 837 850 890 224 553 750 82 873 245 504 622 571 698
240 286 197 694 122 245 232 0 547 997 222 183 997 723 705 196 857 169 864 132 891 807 949 957 699 951 217 867 589 967 174 654 914 239 928 927 956 977 687 1102 866 850 170 711 899 950 50 709 316 265 562 176 285 958 283 953 807 561 816 789 832 1278 977 969 801 919 910 927 940 981 142 644 840 262 963 163 595 712 661 789
626 602 593 215 518 642 456 547 0 503 399 580 488 227 226 593 347 451 354 462 382 318 439 447 220 441 614 357 81 488 571 144 404 462 418 417 446 468 208 622 357 341 566 201 389 440 549 230 539 488 54 572 509 448 595 443 297 53 307 279 323 799 467 460 322 409 400 417 431 501 538 134 331 486 454 559 87 233 182 279
1077 1053 1044 432 969 1093 907 997 503 0 849 1031 47 403 412 1043 268 902 304 913 241 370 176 183 468 229 1065 177 452 85 1022 397 245 913 154 253 344 202 439 330 277 200 1017 323 287 303 1000 478 990 939 489 1023 959 199 1046 227 349 485 359 248 243 507 365 70 373 240 250 243 239 98 989 400 328 937 190 1010 446 482 431 331
326 302 293 546 218 342 156 222 399 849 0 280 849 575 558 293 709 111 716 108 743 659 801 809 551 803 314 719 441 819 271 506 766 162 780 779 808 829 540 954 718 702 266 563 751 802 195 561 239 188 414 272 208 810 295 805 659 413 669 641 685 1130 829 821 654 771 762 779 793 833 238 496 692 186 815 259 447 564 513 641
115 161 72 727 116 121 266 183 580 1031 280 0 1031 756 739 71 890 324 897 288 925 840 982 990 732 984 93 900 623 1001 84 687 947 272 961 960 989 1011 721 1135 900 884 89 744 932 983 206 742 235 275 595 70 257 991 158 986 840 594 850 822 866 1311 1010 1003 835 952 943 960 974 1014 98 677 873 291 996 87 628 746 695 822
1077 1053 1044 416 969 1093 907 997 488 47 849 1031 0 388 396 1043 252 902 289 913 225 354 160 168 461 245 1065 162 436 76 1022 382 261 913 139 261 328 218 423 346 262 184 1017 307 272 287 1000 471 990 939 473 1023 959 215 1046 211 334 469 344 233 228 523 349 54 363 256 266 227 255 114 989 384 313 937 174 1010 431 474 447 316
802 778 770 62 695 818 632 723 227 403 575 756 388 0 42 769 247 628 255 638 282 218 340 347 107 341 790 258 175 433 747 121 304 638 318 317 346 368 69 596 257 241 743 102 289 340 725 117 716 665 212 748 685 348 771 343 197 208 207 179 223 773 367 360 227 309 300 318 331 475 714 123 231 662 354 735 170 120 97 179
785 761 752 45 677 801 615 705 226 412 558 739 396 42 0 752 256 610 263 621 290 226 348 356 89 349 773 266 184 441 730 129 313 621 327 326 355 376 52 579 265 249 725 110 297 348 708 99 698 647 220 731 668 356 754 352 205 216 215 188 231 756 375 368 235 318 308 326 339 458 697 132 239 645 362 718 178 103 79 187
102 148 65 740 129 108 278 196 593 1043 293 71 1043 769 752 0 903 337 910 301 937 853 995 1003 745 997 85 913 635 1013 81 700 960 285 974 973 1002 1024 734 1148 912 896 86 757 945 996 219 755 223 263 608 67 245 1004 146 999 853 607 863 835 879 1324 1023 1015 848 965 956 973 987 1027 111 690 886 278 1009 84 641 758 707 835
936 912 904 276 829 952 766 857 347 268 709 890 252 247 256 903 0 762 251 773 146 214 204 212 320 206 924 122 296 271 881 241 84 773 183 182 343 198 283 459 55 105 877 167 286 331 859 330 850 799 333 882 819 128 906 255 193 329 203 93 54 636 364 224 223 89 79 271 195 284 848 244 227 796 218 870 290 333 310 175
379 354 338 599 263 386 209 169 451 902 111 324 902 628 610 337 762 0 769 55 796 712 854 862 604 855 359 772 494 872 315 559 819 215 833 832 861 882 592 1006 771 755 311 616 803 854 141 614 292 241 467 317 261 862 348 858 711 466 721 694 737 1183 882 874 706 824 814 832 845 885 283 549 745 238 868 304 499 617 566 693
944 919 911 283 836 959 774 864 354 304 716 897 289 255 263 910 251 769 0 780 285 221 160 144 327 345 931 242 303 334 888 248 308 780 174 321 109 371 290 609 260 244 884 174 51 103 866 337 857 806 340 890 826 352 913 106 201 336 211 183 227 785 130 261 230 313 304 80 335 377 856 251 41 803 137 877 298 341 317 183
344 365 302 610 227 350 219 132 462 913 108 288 913 638 621 301 773 55 780 0 807 722 865 873 615 866 322 783 505 883 279 570 830 226 844 843 872 893 603 1017 782 766 275 627 814 865 105 625 303 252 478 280 272 873 359 869 722 477 732 705 748 1194 892 885 717 835 825 843 856 896 246 560 756 249 879 268 510 628 577 704
971 947 938 310 863 987 801 891 382 241 743 925 225 282 290 937 146 796 285 807 0 248 177 185 355 87 959 95 330 259 916 276 203 807 156 64 345 114 317 447 156 78 911 201 288 304 894 365 884 833 367 917 853 183 940 228 228 363 238 127 122 624 366 197 257 208 199 244 77 273 883 278 261 831 191 904 325 368 345 210
886 862 854 246 779 902 716 807 318 370 659 840 354 218 226 853 214 712 221 722 248 0 306 314 278 308 874 224 266 348 831 212 271 722 285 284 313 335 253 482 223 207 827 137 256 307 809 288 800 748 303 832 769 315 855 310 50 299 44 146 190 659 334 326 38 276 267 284 298 361 798 214 197 746 320 819 261 291 240 72
1029 1004 996 368 921 1044 859 949 439 176 801 982 160 340 348 995 204 854 160 865 177 306 0 43 412 236 1016 113 388 205 973 333 261 865 59 213 199 263 375 480 213 136 969 259 142 158 951 422 942 891 425 975 911 305 998 82 286 421 296 185 180 657 220 132 315 266 257 98 226 248 941 336 184 888 45 962 383 426 402 268
1036 1012 1004 376 929 1052 866 957 447 183 809 990 168 347 356 1003 212 862 144 873 185 314 43 0 420 244 1024 121 396 213 981 341 269 873 57 220 184 271 383 488 221 144 977 267 127 142 959 430 950 899 433 982 919 313 1005 67 293 429 303 192 187 665 205 140 323 274 264 83 234 256 948 344 168 896 30 969 390 433 410 275
779 755 746 78 671 794 609 699 220 468 551 732 461 107 89 745 320 604 327 615 355 278 412 420 0 414 767 330 248 438 723 194 377 615 391 390 419 441 71 573 330 314 719 174 362 413 701 93 692 641 236 725 661 421 748 416 270 234 280 252 296 749 440 433 273 382 373 390 404 452 691 196 303 638 426 712 243 56 73 252
1030 1006 997 369 922 1046 860 951 441 229 803 984 245 341 349 997 206 855 345 866 87 308 236 244 414 0 1018 154 390 199 975 335 169 866 215 67 404 54 376 387 215 130 970 261 347 363 953 424 943 892 426 976 913 123 999 287 287 422 297 186 181 563 425 256 317 164 174 303 53 212 942 338 321 890 250 963 384 427 404 269
80 126 86 761 151 86 274 217 614 1065 314 93 1065 790 773 85 924 359 931 322 959 874 1016 1024 767 1018 0 935 657 1035 102 721 981 268 995 994 1023 1045 755 1169 934 918 107 779 966 1017 240 776 200 240 630 89 222 1025 124 1020 874 628 884 856 900 1345 1044 1037 869 986 977 994 1008 1048 132 711 908 256 1031 105 662 780 729 856
947 923 914 286 839 962 777 867 357 177 719 900 162 258 266 913 122 772 242 783 95 224 113 121 330 154 935 0 306 207 891 251 179 783 92 131 282 181 293 482 131 54 887 177 225 240 869 340 860 809 343 893 829 223 916 164 204 339 214 103 98 658 302 134 233 184 175 180 144 250 859 254 237 806 127 880 301 344 320 186
669 645 636 204 561 685 499 589 81 452 441 623 436 175 184 635 296 494 303 505 330 266 388 396 248 390 657 306 0 482 614 93 353 505 367 366 395 416 211 665 305 289 609 150 338 389 592 258 582 531 97 615 551 397 638 392 246 96 256 228 272 842 416 408 275 358 349 366 380 525 581 83 279 528 402 602 59 261 225 228
1047 1023 1014 433 939 1063 877 967 488 85 819 1001 76 433 441 1013 271 872 334 883 259 348 205 213 438 199 1035 207 482 0 992 427 215 883 184 223 374 172 427 300 262 229 987 352 317 332 970 448 960 909 504 993 929 169 1016 256 368 502 362 278 273 477 394 99 343 210 220 272 209 68 959 429 358 907 219 980 476 452 401 361
124 170 82 718 107 130 257 174 571 1022 271 84 1022 747 730 81 881 315 888 279 916 831 973 981 723 975 102 891 614 992 0 678 938 263 952 951 980 1002 712 1126 891 875 87 735 923 974 197 733 245 285 586 80 267 982 168 977 831 585 841 813 857 1302 1001 994 826 943 934 951 965 1005 89 668 864 286 987 80 619 737 686 813
733 709 701 149 626 749 563 654 144 397 506 687 382 121 129 700 241 559 248 570 276 212 333 341 194 335 721 251 93 427 678 0 298 570 312 311 340 362 156 665 251 235 674 95 283 334 656 204 647 596 130 679 616 342 702 337 191 126 201 173 217 841 361 354 220 303 294 311 325 470 645 41 225 593 348 666 87 207 184 173
994 969 961 333 886 1009 823 914 404 245 766 947 261 304 313 960 84 819 308 830 203 271 261 269 377 169 981 179 353 215 938 298 0 830 240 193 400 142 340 403 75 162 934 224 343 388 916 387 907 856 390 940 876 86 963 312 251 386 260 150 111 580 421 281 280 109 100 328 179 228 906 301 284 853 275 927 348 391 367 233
216 192 267 610 210 237 76 239 462 913 162 272 913 638 621 285 773 215 780 226 807 722 865 873 615 866 268 783 505 883 263 570 830 0 843 843 872 893 603 1017 782 766 258 627 814 865 261 625 129 78 478 264 98 873 185 869 722 477 732 705 748 1194 892 885 717 835 825 843 856 896 230 560 756 75 879 251 510 628 577 704
1007 983 975 347 900 1023 837 928 418 154 780 961 139 318 327 974 183 833 174 844 156 285 59 57 391 215 995 92 367 184 952 312 240 843 0 191 214 242 354 459 192 114 948 238 157 173 930 401 921 870 404 953 890 284 976 97 264 400 274 163 158 635 235 111 294 245 235 113 205 227 919 315 199 867 60 940 361 404 381 246
1006 982 974 346 899 1022 836 927 417 253 779 960 261 317 326 973 182 832 321 843 64 284 213 220 390 67 994 131 366 223 951 311 193 843 191 0 381 78 353 411 191 106 947 237 324 339 929 400 920 869 403 953 889 147 976 263 264 399 273 163 158 588 402 233 293 188 198 280 59 236 919 314 297 866 227 940 360 403 380 246
1035 1011 1003 375 928 1051 865 956 446 344 808 989 328 346 355 1002 343 861 109 872 345 313 199 184 419 404 1023 282 395 374 980 340 400 872 214 381 0 431 382 649 352 304 976 266 92 119 958 429 949 898 432 981 918 444 1005 146 292 428 302 275 318 825 57 300 322 405 395 120 394 417 947 343 133 895 177 969 389 432 409 274
1057 1033 1024 396 949 1073 887 977 468 202 829 1011 218 368 376 1024 198 882 371 893 114 335 263 271 441 54 1045 181 416 172 1002 362 142 893 242 78 431 0 403 360 189 156 997 287 374 390 980 451 970 919 453 1003 939 96 1026 314 314 449 324 213 208 537 452 247 343 137 147 330 64 185 969 364 348 917 277 990 411 454 431 296
767 743 734 48 659 783 597 687 208 439 540 721 423 69 52 734 283 592 290 603 317 253 375 383 71 376 755 293 211 427 712 156 340 603 354 353 382 403 0 561 292 276 707 137 324 375 690 81 680 629 224 713 650 383 736 379 232 223 242 215 258 738 403 395 261 345 335 353 366 440 679 159 266 627 389 700 205 85 61 214
1181 1157 1148 568 1073 1197 1011 1102 622 330 954 1135 346 596 579 1148 459 1006 609 1017 447 482 480 488 573 387 1169 482 665 300 1126 665 403 1017 459 411 649 360 561 0 450 490 1121 590 592 607 1104 583 1094 1043 638 1127 1064 357 1150 531 502 637 496 525 487 213 669 375 477 398 408 547 397 313 1093 667 633 1041 494 1114 670 586 535 524
946 922 913 285 838 962 776 866 357 277 718 900 262 257 265 912 55 771 260 782 156 223 213 221 330 215 934 131 305 262 891 251 75 782 192 191 352 189 292 450 0 115 886 176 295 340 868 339 859 808 342 892 828 119 915 264 203 338 213 102 64 627 373 234 232 80 70 280 205 275 858 253 236 805 227 879 300 343 320 185
930 906 897 269 822 946 760 850 341 200 702 884 184 241 249 896 105 755 244 766 78 207 136 144 314 130 918 54 289 229 875 235 162 766 114 106 304 156 276 490 115 0 870 160 247 263 853 324 843 792 326 876 812 206 899 187 187 322 197 86 81 666 325 156 216 167 158 203 119 272 842 237 220 790 150 863 284 327 304 169
129 175 87 714 103 135 252 170 566 1017 266 89 1017 743 725 86 877 311 884 275 911 827 969 977 719 970 107 887 609 987 87 674 934 258 948 947 976 997 707 1121 886 870 0 731 918 970 192 729 250 284 582 85 272 978 173 973 826 581 836 809 852 1298 997 989 821 939 929 947 960 1000 85 664 860 282 983 75 614 732 681 808
791 766 758 130 683 806 621 711 201 323 563 744 307 102 110 757 167 616 174 627 201 137 259 267 174 261 779 177 150 352 735 95 224 627 238 237 266 287 137 590 176 160 731 0 209 260 713 184 704 653 187 737 673 268 760 263 117 183 127 99 143 767 287 279 146 229 220 237 251 396 703 98 150 650 273 724 145 188 164 99
978 954 945 317 870 994 808 899 389 287 751 932 272 289 297 945 286 803 51 814 288 256 142 127 362 347 966 225 338 317 923 283 343 814 157 324 92 374 324 592 295 247 918 209 0 85 901 372 891 840 374 924 861 386 947 89 235 370 245 218 261 768 112 244 265 348 338 63 337 360 890 286 76 838 120 911 332 375 352 217
1029 1005 997 369 922 1045 859 950 440 303 802 983 287 340 348 996 331 854 103 865 304 307 158 142 413 363 1017 240 389 332 974 334 388 865 173 339 119 390 375 607 340 263 970 260 85 0 952 423 943 891 425 975 912 432 998 104 286 421 296 269 306 784 98 259 316 393 383 78 353 375 941 337 127 889 136 962 383 426 403 268
262 308 219 696 144 268 255 50 549 1000 195 206 1000 725 708 219 859 141 866 105 894 809 951 959 701 953 240 869 592 970 197 656 916 261 930 929 958 980 690 1104 868 853 192 713 901 952 0 711 338 287 564 198 307 960 306 955 809 563 819 791 835 1280 979 972 804 921 912 929 943 983 164 646 842 285 965 185 597 715 664 791
789 764 756 88 681 804 619 709 230 478 561 742 471 117 99 755 330 614 337 625 365 288 422 430 93 424 776 340 258 448 733 204 387 625 401 400 429 451 81 583 339 324 729 184 372 423 711 0 702 651 245 735 671 431 758 426 280 244 290 262 306 759 450 443 283 392 383 400 414 462 701 206 313 648 436 722 253 106 83 262
148 124 200 687 287 169 135 316 539 990 239 235 990 716 698 223 850 292 857 303 884 800 942 950 692 943 200 860 582 960 245 647 907 129 921 920 949 970 680 1094 859 843 250 704 891 943 338 702 0 101 555 231 83 951 117 946 799 554 809 782 825 1271 970 962 794 912 902 920 933 973 275 637 833 117 956 248 587 705 654 781
188 164 240 636 236 209 84 265 488 939 188 275 939 665 647 263 799 241 806 252 833 748 891 899 641 892 240 809 531 909 285 596 856 78 870 869 898 919 629 1043 808 792 284 653 840 891 287 651 101 0 504 271 70 899 157 895 748 503 758 731 774 1220 918 911 743 861 851 869 882 922 256 586 782 68 905 277 536 654 603 730
642 618 609 230 534 657 472 562 54 489 414 595 473 212 220 608 333 467 340 478 367 303 425 433 236 426 630 343 97 504 586 130 390 478 404 403 432 453 224 638 342 326 582 187 374 425 564 245 555 504 0 588 524 433 611 429 282 69 292 265 308 815 453 445 312 395 385 403 416 517 554 120 316 501 439 575 96 249 198 264
111 157 68 719 109 117 258 176 572 1023 272 70 1023 748 731 67 882 317 890 280 917 832 975 982 725 976 89 893 615 993 80 679 940 264 953 953 981 1003 713 1127 892 876 85 737 924 975 198 735 231 271 588 0 253 983 154 979 832 586 842 815 858 1304 1002 995 827 945 935 953 966 1006 90 670 866 287 989 81 620 738 687 814
170 146 222 656 257 191 105 285 509 959 208 257 959 685 668 245 819 261 826 272 853 769 911 919 661 913 222 829 551 929 267 616 876 98 890 889 918 939 650 1064 828 812 272 673 861 912 307 671 83 70 524 253 0 920 139 915 769 523 779 751 795 1240 939 931 764 881 872 889 903 943 276 606 802 86 925 270 557 674 623 751
1037 1013 1004 377 930 1053 867 958 448 199 810 991 215 348 356 1004 128 862 352 873 183 315 305 313 421 123 1025 223 397 169 982 342 86 873 284 147 444 96 383 357 119 206 978 268 386 432 960 431 951 899 433 983 920 0 1006 356 294 429 304 193 155 534 464 244 324 81 91 372 133 183 949 345 328 897 319 970 391 434 411 276
71 52 123 743 216 93 191 283 595 1046 295 158 1046 771 754 146 906 348 913 359 940 855 998 1005 748 999 124 916 638 1016 168 702 963 185 976 976 1005 1026 736 1150 915 899 173 760 947 998 306 758 117 157 611 154 139 1006 0 1002 855 609 865 838 881 1327 1025 1018 850 968 958 976 989 1029 198 693 889 172 1012 171 643 761 710 837
1032 1008 1000 372 925 1048 862 953 443 227 805 986 211 343 352 999 255 858 106 869 228 310 82 67 416 287 1020 164 392 256 977 337 312 869 97 263 146 314 379 531 264 187 973 263 89 104 955 426 946 895 429 979 915 356 1002 0 290 425 299 236 231 708 166 183 319 317 308 44 277 299 945 340 130 892 60 966 387 429 406 272
886 862 853 225 778 902 716 807 297 349 659 840 334 197 205 853 193 711 201 722 228 50 286 293 270 287 874 204 246 368 831 191 251 722 264 264 292 314 232 502 203 187 826 117 235 286 809 280 799 748 282 832 769 294 855 290 0 278 64 126 169 678 313 306 58 256 246 264 277 381 798 194 177 746 300 819 240 283 259 92
640 616 608 229 533 656 470 561 53 485 413 594 469 208 216 607 329 466 336 477 363 299 421 429 234 422 628 339 96 502 585 126 386 477 400 399 428 449 223 637 338 322 581 183 370 421 563 244 554 503 69 586 523 429 609 425 278 0 288 261 304 813 448 441 308 391 381 399 412 516 552 116 312 500 435 573 92 247 196 260
896 872 863 235 788 912 726 816 307 359 669 850 344 207 215 863 203 721 211 732 238 44 296 303 280 297 884 214 256 362 841 201 260 732 274 273 302 324 242 496 213 197 836 127 245 296 819 290 809 758 292 842 779 304 865 299 64 288 0 135 179 673 323 316 52 265 256 274 287 375 808 203 187 756 310 829 250 293 254 86
868 844 836 208 761 884 698 789 279 248 641 822 233 179 188 835 93 694 183 705 127 146 185 192 252 186 856 103 228 278 813 173 150 705 163 163 275 213 215 525 102 86 809 99 218 269 791 262 782 731 265 815 751 193 838 236 126 261 135 0 68 701 296 205 155 155 145 246 176 321 781 176 159 728 199 802 222 265 242 108
912 888 879 251 804 928 742 832 323 243 685 866 228 223 231 879 54 737 227 748 122 190 180 187 296 181 900 98 272 273 857 217 111 748 158 158 318 208 258 487 64 81 852 143 261 306 835 306 825 774 308 858 795 155 881 231 169 304 179 68 0 663 339 200 199 116 107 247 171 312 824 219 203 772 194 845 266 309 286 151
1358 1333 1325 744 1250 1373 1188 1278 799 507 1130 1311 523 773 756 1324 636 1183 785 1194 624 659 657 665 749 563 1345 658 842 477 1302 841 580 1194 635 588 825 537 738 213 627 666 1298 767 768 784 1280 759 1271 1220 815 1304 1240 534 1327 708 678 813 673 701 663 0 846 551 654 575 584 724 574 490 1270 844 810 1217 671 1291 847 762 711 701
1056 1032 1024 396 949 1072 886 977 467 365 829 1010 349 367 375 1023 364 882 130 892 366 334 220 205 440 425 1044 302 416 394 1001 361 421 892 235 402 57 452 403 669 373 325 997 287 112 98 979 450 970 918 453 1002 939 464 1025 166 313 448 323 296 339 846 0 321 343 426 416 141 415 437 968 364 154 916 198 989 410 453 430 295
1049 1025 1016 388 941 1065 879 969 460 70 821 1003 54 360 368 1015 224 874 261 885 197 326 132 140 433 256 1037 134 408 99 994 354 281 885 111 233 300 247 395 375 234 156 989 279 244 259 972 443 962 911 445 995 931 244 1018 183 306 441 316 205 200 551 321 0 335 284 277 199 246 143 961 356 285 909 146 982 403 446 423 288
881 857 848 255 773 897 711 801 322 373 654 835 363 227 235 848 223 706 230 717 257 38 315 323 273 317 869 233 275 343 826 220 280 717 294 293 322 343 261 477 232 216 821 146 265 316 804 283 794 743 312 827 764 324 850 319 58 308 52 155 199 654 343 335 0 285 276 293 307 356 793 223 206 741 329 814 270 286 235 80
999 974 966 338 891 1014 828 919 409 240 771 952 256 309 318 965 89 824 313 835 208 276 266 274 382 164 986 184 358 210 943 303 109 835 245 188 405 137 345 398 80 167 939 229 348 393 921 392 912 861 395 945 881 81 968 317 256 391 265 155 116 575 426 284 285 0 105 333 174 223 911 306 289 858 280 932 353 395 372 238
989 965 956 328 881 1005 819 910 400 250 762 943 266 300 308 956 79 814 304 825 199 267 257 264 373 174 977 175 349 220 934 294 100 825 235 198 395 147 335 408 70 158 929 220 338 383 912 383 902 851 385 935 872 91 958 308 246 381 256 145 107 584 416 277 276 105 0 324 184 233 901 296 280 849 271 922 343 386 363 228
1007 982 974 346 899 1022 837 927 417 243 779 960 227 318 326 973 271 832 80 843 244 284 98 83 390 303 994 180 366 272 951 311 328 843 113 280 120 330 353 547 280 203 947 237 63 78 929 400 920 869 403 953 889 372 976 44 264 399 274 246 247 724 141 199 293 333 324 0 293 315 919 314 104 866 76 940 361 404 380 246
1020 996 987 359 912 1036 850 940 431 239 793 974 255 331 339 987 195 845 335 856 77 298 226 234 404 53 1008 144 380 209 965 325 179 856 205 59 394 64 366 397 205 119 960 251 337 353 943 414 933 882 416 966 903 133 989 277 277 412 287 176 171 574 415 246 307 174 184 293 0 222 932 327 311 880 240 953 374 417 394 259
1060 1036 1027 446 952 1076 890 981 501 98 833 1014 114 475 458 1027 284 885 377 896 273 361 248 256 452 212 1048 250 525 68 1005 470 228 896 227 236 417 185 440 313 275 272 1000 396 360 375 983 462 973 922 517 1006 943 183 1029 299 381 516 375 321 312 490 437 143 356 223 233 315 222 0 972 472 401 920 262 993 519 465 414 403
154 201 112 685 85 160 224 142 538 989 238 98 989 714 697 111 848 283 856 246 883 798 941 948 691 942 132 859 581 959 89 645 906 230 919 919 947 969 679 1093 858 842 85 703 890 941 164 701 275 256 554 90 276 949 198 945 798 552 808 781 824 1270 968 961 793 911 901 919 932 972 0 636 832 254 955 78 586 704 653 780
723 699 691 152 616 739 553 644 134 400 496 677 384 123 132 690 244 549 251 560 278 214 336 344 196 338 711 254 83 429 668 41 301 560 315 314 343 364 159 667 253 237 664 98 286 337 646 206 637 586 120 670 606 345 693 340 194 116 203 176 219 844 364 356 223 306 296 314 327 472 636 0 227 583 350 657 77 209 186 176
920 896 887 259 812 936 750 840 331 328 692 873 313 231 239 886 227 745 41 756 261 197 184 168 303 321 908 237 279 358 864 225 284 756 199 297 133 348 266 633 236 220 860 150 76 127 842 313 833 782 316 866 802 328 889 130 177 312 187 159 203 810 154 285 206 289 280 104 311 401 832 227 0 779 161 853 274 317 293 159
203 179 255 633 234 225 82 262 486 937 186 291 937 662 645 278 796 238 803 249 831 746 888 896 638 890 256 806 528 907 286 593 853 75 867 866 895 917 627 1041 805 790 282 650 838 889 285 648 117 68 501 287 86 897 172 892 746 500 756 728 772 1217 916 909 741 858 849 866 880 920 254 583 779 0 902 275 534 652 601 728
1043 1019 1010 382 935 1059 873 963 454 190 815 996 174 354 362 1009 218 868 137 879 191 320 45 30 426 250 1031 127 402 219 987 348 275 879 60 227 177 277 389 494 227 150 983 273 120 136 965 436 956 905 439 989 925 319 1012 60 300 435 310 199 194 671 198 146 329 280 271 76 240 262 955 350 161 902 0 976 397 440 416 282
127 174 85 707 96 133 245 163 559 1010 259 87 1010 735 718 84 870 304 877 268 904 819 962 969 712 963 105 880 602 980 80 666 927 251 940 940 969 990 700 1114 879 863 75 724 911 962 185 722 248 277 575 81 270 970 171 966 819 573 829 802 845 1291 989 982 814 932 922 940 953 993 78 657 853 275 976 0 607 725 674 801
674 650 641 198 566 690 504 595 87 446 447 628 431 170 178 641 290 499 298 510 325 261 383 390 243 384 662 301 59 476 619 87 348 510 361 360 389 411 205 670 300 284 614 145 332 383 597 253 587 536 96 620 557 391 643 387 240 92 250 222 266 847 410 403 270 353 343 361 374 519 586 77 274 534 397 607 0 256 230 222
792 768 759 91 684 808 622 712 233 482 564 746 474 120 103 758 333 617 341 628 368 291 426 433 56 427 780 344 261 452 737 207 391 628 404 403 432 454 85 586 343 327 732 188 375 426 715 106 705 654 249 738 674 434 761 429 283 247 293 265 309 762 453 446 286 395 386 404 417 465 704 209 317 652 440 725 256 0 86 265
741 717 708 68 633 757 571 661 182 431 513 695 447 97 79 707 310 566 317 577 345 240 402 410 73 404 729 320 225 401 686 184 367 577 381 380 409 431 61 535 320 304 681 164 352 403 664 83 654 603 198 687 623 411 710 406 259 196 254 242 286 711 430 423 235 372 363 380 394 414 653 186 293 601 416 674 230 86 0 242
868 844 835 207 760 884 698 789 279 331 641 822 316 179 187 835 175 693 183 704 210 72 268 275 252 269 856 186 228 361 813 173 233 704 246 246 274 296 214 524 185 169 808 99 217 268 791 262 781 730 264 814 751 276 837 272 92 260 86 108 151 701 295 288 80 238 228 246 259 403 780 176 159 728 282 801 222 265 242 0
EOF