NAME : tsp_problem
TYPE : TSP
DIMENSION : 66
EDGE_WEIGHT_TYPE : EXPLICIT
EDGE_WEIGHT_FORMAT : FULL_MATRIX
EDGE_WEIGHT_SECTION
0 50 556 1240 1077 965 947 928 562 938 919 281 800 1278 954 626 651 953 789 712 963 196 785 717 663 132 977 840 924 815 584 777 180 659 963 322 728 656 811 280 124 86 936 179 619 706 270 668 977 910 331 867 161 704 784 974 283 933 991 970 590 833 44 51 687 219
50 0 559 1242 1079 968 950 930 564 941 921 303 802 1280 956 629 653 955 791 714 965 219 787 719 666 155 979 842 926 817 587 779 153 662 965 344 730 659 814 303 97 59 938 202 621 708 293 670 980 912 354 869 184 706 786 976 306 936 993 972 592 835 66 73 690 242
556 559 0 770 607 444 426 406 64 417 397 598 312 809 485 105 129 431 267 190 441 602 315 221 194 539 455 319 402 300 86 255 450 190 441 555 206 187 290 514 501 530 414 586 97 232 504 198 456 388 565 345 567 182 262 452 605 412 498 448 91 311 533 536 218 453
1240 1242 770 0 192 655 536 597 776 686 536 1281 614 75 425 828 799 669 663 758 513 1286 598 729 675 1222 506 771 532 629 798 725 1133 671 566 1239 712 668 760 1197 1185 1213 541 1269 829 717 1187 680 498 546 1248 620 1251 736 664 503 1288 764 462 652 804 778 1216 1220 699 1136
1077 1079 607 192 0 492 373 434 613 523 373 1118 451 230 262 665 636 506 500 595 350 1123 436 566 512 1059 343 608 369 466 635 562 970 508 403 1076 549 505 597 1034 1022 1051 378 1106 666 554 1024 517 335 383 1085 457 1088 573 501 340 1125 601 299 489 641 615 1053 1057 536 973
965 968 444 655 492 0 147 83 441 58 303 1007 329 694 316 375 346 41 222 331 285 1011 347 362 429 948 176 142 308 317 410 213 859 421 163 964 259 423 170 923 910 939 258 995 376 373 913 424 300 294 974 150 976 283 279 296 1014 136 219 31 412 150 942 945 391 862
947 950 426 536 373 147 0 89 423 178 265 989 311 575 197 357 328 161 183 313 247 994 329 344 411 930 94 263 269 299 392 254 841 403 87 946 241 405 289 905 892 921 220 977 358 355 895 406 261 255 956 112 959 265 262 258 996 256 100 143 394 270 924 927 373 844
928 930 406 597 434 83 89 0 404 114 245 969 292 635 258 338 308 97 163 294 227 974 309 324 392 910 118 199 250 279 372 234 821 383 104 927 221 386 226 885 873 902 200 957 338 336 875 387 242 235 936 92 939 245 242 238 976 192 161 79 375 206 904 908 354 824
562 564 64 776 613 441 423 404 0 414 395 603 310 815 490 102 127 429 265 188 439 608 321 218 200 544 452 316 400 298 92 252 456 196 439 561 204 193 287 519 507 536 412 592 94 230 510 204 453 385 570 343 573 180 260 450 611 409 495 446 97 309 539 542 224 459
938 941 417 686 523 58 178 114 414 0 334 980 302 725 347 348 319 45 253 304 316 985 320 335 402 921 207 116 339 290 383 186 832 394 194 937 232 396 143 896 883 912 289 968 349 346 886 397 331 324 947 181 950 256 253 327 987 109 250 62 386 123 915 918 364 835
919 921 397 536 373 303 265 245 395 334 0 960 283 575 139 329 299 317 155 285 151 965 300 315 383 901 278 289 117 271 364 226 813 374 280 918 213 377 260 876 864 893 179 948 329 327 867 378 137 105 927 184 930 237 233 141 968 382 233 299 366 282 896 899 345 816
281 303 598 1281 1118 1007 989 969 603 980 960 0 841 1319 995 667 692 994 830 753 1004 143 826 758 704 205 1018 881 965 856 625 818 329 701 1004 94 769 697 853 136 377 339 977 160 660 747 146 709 1019 951 84 908 180 745 825 1015 47 975 1032 1011 631 874 257 260 729 197
800 802 312 614 451 329 311 292 310 302 283 841 0 652 328 244 214 317 153 200 327 846 59 230 235 782 341 204 288 45 279 141 694 231 327 799 128 228 175 757 745 774 300 830 244 242 748 240 341 273 808 231 811 152 80 338 849 297 365 334 281 197 777 780 260 697
1278 1280 809 75 230 694 575 635 815 725 575 1319 652 0 463 867 837 708 701 796 551 1324 637 767 713 1260 544 810 570 667 837 763 1172 709 604 1277 750 706 798 1235 1223 1252 579 1308 867 756 1226 718 537 584 1286 658 1289 774 703 541 1327 803 500 690 842 817 1255 1258 738 1175
954 956 485 425 262 316 197 258 490 347 139 995 328 463 0 440 410 330 266 396 115 1000 313 426 389 936 166 400 134 343 474 336 848 385 227 953 323 382 371 911 899 928 143 983 440 432 902 394 101 148 962 255 965 347 344 105 1003 425 122 312 477 393 930 934 413 850
626 629 105 828 665 375 357 338 102 348 329 667 244 867 440 0 61 363 199 122 373 672 261 152 220 609 387 250 334 232 71 187 520 211 373 625 138 214 221 584 571 600 346 656 37 164 574 215 387 319 634 277 637 114 194 384 675 343 429 380 73 243 603 606 182 523
651 653 129 799 636 346 328 308 127 319 299 692 214 837 410 61 0 333 169 92 343 697 232 123 190 633 357 221 304 202 96 157 545 182 343 650 108 184 192 608 596 625 316 681 62 134 599 185 358 290 659 248 662 84 165 354 700 314 400 350 98 213 628 631 152 548
953 955 431 669 506 41 161 97 429 45 317 994 317 708 330 363 333 0 236 319 299 999 334 349 417 935 190 130 322 305 398 201 847 408 177 952 247 411 158 910 898 927 272 982 363 361 901 412 314 308 961 164 964 271 267 310 1002 123 233 45 400 137 929 933 379 850
789 791 267 663 500 222 183 163 265 253 155 830 153 701 266 199 169 236 0 155 198 835 170 185 253 771 212 159 159 141 234 96 683 244 199 788 82 247 130 746 734 763 171 818 199 197 737 248 213 145 797 103 800 107 103 209 838 252 255 218 236 152 765 769 215 686
712 714 190 758 595 331 313 294 188 304 285 753 200 796 396 122 92 319 155 0 329 758 217 63 130 694 343 206 290 188 156 143 605 122 329 711 94 124 177 669 657 686 302 741 122 74 659 125 343 275 720 233 723 70 150 340 760 299 385 336 159 199 688 692 92 608
963 965 441 513 350 285 247 227 439 316 151 1004 327 551 115 373 343 299 198 329 0 1009 344 359 427 945 254 333 147 314 407 269 856 418 262 962 256 421 304 920 908 937 54 992 373 371 910 422 41 161 971 166 974 280 277 43 1011 394 210 281 410 326 939 943 389 859
196 219 602 1286 1123 1011 994 974 608 985 965 143 846 1324 1000 672 697 999 835 758 1009 0 831 763 709 121 1023 886 970 861 630 823 334 705 1009 207 774 702 858 249 292 255 982 76 665 752 259 714 1024 956 197 913 96 750 830 1020 146 980 1037 1016 636 879 173 176 734 265
785 787 315 598 436 347 329 309 321 320 300 826 59 637 313 261 232 334 170 217 344 831 0 248 220 767 358 222 305 62 296 158 678 216 344 784 145 213 193 742 729 758 317 814 262 259 732 224 359 291 793 249 796 169 97 355 833 315 349 351 298 214 761 764 244 681
717 719 221 729 566 362 344 324 218 335 315 758 230 767 426 152 123 349 185 63 359 763 248 0 101 699 373 237 320 218 187 173 610 93 359 716 124 95 208 674 662 691 332 746 153 45 664 96 374 306 725 264 728 100 181 370 765 330 416 366 189 229 693 697 63 613
663 666 194 675 512 429 411 392 200 402 383 704 235 713 389 220 190 417 253 130 427 709 220 101 0 646 441 304 388 250 222 241 557 68 427 662 192 65 275 621 608 637 400 693 220 90 611 77 441 373 671 331 674 168 248 438 712 397 426 434 227 297 640 643 72 560
132 155 539 1222 1059 948 930 910 544 921 901 205 782 1260 936 609 633 935 771 694 945 121 767 699 646 0 959 822 906 797 566 759 270 642 945 268 710 638 794 262 229 191 918 104 601 688 253 650 960 892 259 849 86 686 766 956 208 916 973 952 572 815 109 112 670 202
977 979 455 506 343 176 94 118 452 207 278 1018 341 544 166 387 357 190 212 343 254 1023 358 373 441 959 0 292 273 328 421 283 870 432 116 976 270 434 318 934 921 950 249 1006 387 385 924 436 240 284 985 141 988 294 291 244 1025 285 70 173 424 299 953 956 402 873
840 842 319 771 608 142 263 199 316 116 289 881 204 810 400 250 221 130 159 206 333 886 222 237 304 822 292 0 294 192 285 88 734 295 278 839 134 298 45 797 785 814 306 870 251 248 788 299 348 280 848 237 851 158 154 344 889 111 335 147 287 37 817 820 266 737
924 926 402 532 369 308 269 250 400 339 117 965 288 570 134 334 304 322 159 290 147 970 305 320 388 906 273 294 0 275 368 230 817 379 285 923 217 382 265 881 869 897 175 953 334 332 871 383 132 110 932 189 935 241 238 137 972 387 229 304 371 287 900 904 350 820
815 817 300 629 466 317 299 279 298 290 271 856 45 667 343 232 202 305 141 188 314 861 62 218 250 797 328 192 275 0 266 128 709 246 315 814 115 243 163 772 760 789 287 845 232 230 763 255 329 261 823 219 826 139 83 325 864 285 371 322 269 185 792 795 248 712
584 587 86 798 635 410 392 372 92 383 364 625 279 837 474 71 96 398 234 156 407 630 296 187 222 566 421 285 368 266 0 221 478 218 407 583 173 215 256 541 529 558 380 614 63 199 532 226 422 354 592 312 595 149 229 418 633 378 464 415 78 278 561 564 216 481
777 779 255 725 562 213 254 234 252 186 226 818 141 763 336 187 157 201 96 143 269 823 158 173 241 759 283 88 230 128 221 0 670 232 269 776 70 234 59 734 721 750 242 806 187 185 724 236 284 216 785 174 788 94 91 280 825 181 326 217 224 81 753 756 202 673
180 153 450 1133 970 859 841 821 456 832 813 329 694 1172 848 520 545 847 683 605 856 334 678 610 557 270 870 734 817 709 478 670 0 553 857 287 622 550 705 245 95 124 829 317 512 599 236 561 871 803 296 761 299 598 678 867 337 827 884 864 483 727 196 203 581 184
659 662 190 671 508 421 403 383 196 394 374 701 231 709 385 211 182 408 244 122 418 705 216 93 68 642 432 295 379 246 218 232 553 0 418 658 183 61 267 617 604 633 391 689 212 81 607 71 433 365 668 322 670 159 239 429 708 389 422 425 223 288 636 639 63 556
963 965 441 566 403 163 87 104 439 194 280 1004 327 604 227 373 343 177 199 329 262 1009 344 359 427 945 116 278 285 315 407 269 857 418 0 962 256 421 304 920 908 937 235 992 373 371 910 422 277 270 971 127 974 280 277 273 1011 272 130 159 410 286 939 943 389 859
322 344 555 1239 1076 964 946 927 561 937 918 94 799 1277 953 625 650 952 788 711 962 207 784 716 662 268 976 839 923 814 583 776 287 658 962 0 727 655 810 94 338 367 935 224 618 705 104 667 976 909 74 866 243 703 783 973 101 932 990 969 589 832 298 302 686 155
728 730 206 712 549 259 241 221 204 232 213 769 128 750 323 138 108 247 82 94 256 774 145 124 192 710 270 134 217 115 173 70 622 183 256 727 0 186 105 685 673 702 229 757 138 136 676 187 271 203 736 161 739 46 78 267 777 227 313 263 175 127 705 708 154 625
656 659 187 668 505 423 405 386 193 396 377 697 228 706 382 214 184 411 247 124 421 702 213 95 65 638 434 298 382 243 215 234 550 61 421 655 186 0 269 613 601 630 394 686 214 84 604 70 435 367 664 325 667 162 242 432 705 391 419 428 220 291 633 636 66 553
811 814 290 760 597 170 289 226 287 143 260 853 175 798 371 221 192 158 130 177 304 858 193 208 275 794 318 45 265 163 256 59 705 267 304 810 105 269 0 769 756 785 277 841 222 219 759 270 319 251 820 209 823 129 125 315 860 138 361 174 258 38 788 791 237 708
280 303 514 1197 1034 923 905 885 519 896 876 136 757 1235 911 584 608 910 746 669 920 249 742 674 621 262 934 797 881 772 541 734 245 617 920 94 685 613 769 0 296 325 893 266 576 663 69 625 935 867 103 824 286 661 741 931 143 891 948 927 547 790 257 260 645 113
124 97 501 1185 1022 910 892 873 507 883 864 377 745 1223 899 571 596 898 734 657 908 292 729 662 608 229 921 785 869 760 529 721 95 604 908 338 673 601 756 296 0 68 881 276 563 650 287 613 922 854 347 812 257 649 729 919 380 878 935 915 534 778 140 147 632 236
86 59 530 1213 1051 939 921 902 536 912 893 339 774 1252 928 600 625 927 763 686 937 255 758 691 637 191 950 814 897 789 558 750 124 633 937 367 702 630 785 325 68 0 909 238 592 679 316 641 951 883 376 841 220 678 758 947 342 907 964 944 563 807 102 110 661 265
936 938 414 541 378 258 220 200 412 289 179 977 300 579 143 346 316 272 171 302 54 982 317 332 400 918 249 306 175 287 380 242 829 391 235 935 229 394 277 893 881 909 0 965 346 344 883 395 69 189 944 139 947 253 250 65 984 367 238 254 383 299 912 916 362 832
179 202 586 1269 1106 995 977 957 592 968 948 160 830 1308 983 656 681 982 818 741 992 76 814 746 693 104 1006 870 953 845 614 806 317 689 992 224 757 686 841 266 276 238 965 0 648 735 276 697 1007 939 214 897 83 733 814 1003 163 963 1020 999 619 862 156 159 717 249
619 621 97 829 666 376 358 338 94 349 329 660 244 867 440 37 62 363 199 122 373 665 262 153 220 601 387 251 334 232 63 187 512 212 373 618 138 214 222 576 563 592 346 648 0 164 566 215 388 320 627 278 630 114 195 384 667 344 430 380 66 243 595 598 182 515
706 708 232 717 554 373 355 336 230 346 327 747 242 756 432 164 134 361 197 74 371 752 259 45 90 688 385 248 332 230 199 185 599 81 371 705 136 84 219 663 650 679 344 735 164 0 653 85 385 318 714 275 717 112 192 382 754 341 427 378 201 241 682 685 52 602
270 293 504 1187 1024 913 895 875 510 886 867 146 748 1226 902 574 599 901 737 659 910 259 732 664 611 253 924 788 871 763 532 724 236 607 910 104 676 604 759 69 287 316 883 276 566 653 0 615 925 857 113 815 281 651 732 921 153 881 938 917 537 781 247 250 635 104
668 670 198 680 517 424 406 387 204 397 378 709 240 718 394 215 185 412 248 125 422 714 224 96 77 650 436 299 383 255 226 236 561 71 422 667 187 70 270 625 613 641 395 697 215 85 615 0 436 368 676 326 679 163 243 433 716 392 430 429 232 292 644 648 67 564
977 980 456 498 335 300 261 242 453 331 137 1019 341 537 101 387 358 314 213 343 41 1024 359 374 441 960 240 348 132 329 422 284 871 433 277 976 271 435 319 935 922 951 69 1007 388 385 925 436 0 147 986 181 988 295 291 31 1026 409 195 296 424 340 954 957 403 874
910 912 388 546 383 294 255 235 385 324 105 951 273 584 148 319 290 308 145 275 161 956 291 306 373 892 284 280 110 261 354 216 803 365 270 909 203 367 251 867 854 883 189 939 320 318 857 368 147 0 918 175 921 227 224 151 958 373 243 290 357 272 886 889 335 806
331 354 565 1248 1085 974 956 936 570 947 927 84 808 1286 962 634 659 961 797 720 971 197 793 725 671 259 985 848 932 823 592 785 296 668 971 74 736 664 820 103 347 376 944 214 627 714 113 676 986 918 0 875 234 712 792 982 91 942 999 978 598 841 308 311 696 164
867 869 345 620 457 150 112 92 343 181 184 908 231 658 255 277 248 164 103 233 166 913 249 264 331 849 141 237 189 219 312 174 761 322 127 866 161 325 209 824 812 841 139 897 278 275 815 326 181 175 875 0 878 185 181 177 916 259 184 146 314 230 844 847 293 764
161 184 567 1251 1088 976 959 939 573 950 930 180 811 1289 965 637 662 964 800 723 974 96 796 728 674 86 988 851 935 826 595 788 299 670 974 243 739 667 823 286 257 220 947 83 630 717 281 679 988 921 234 878 0 715 795 985 183 945 1002 981 601 844 138 141 699 230
704 706 182 736 573 283 265 245 180 256 237 745 152 774 347 114 84 271 107 70 280 750 169 100 168 686 294 158 241 139 149 94 598 159 280 703 46 162 129 661 649 678 253 733 114 112 651 163 295 227 712 185 715 0 102 291 753 251 337 287 151 151 680 684 130 600
784 786 262 664 501 279 262 242 260 253 233 825 80 703 344 194 165 267 103 150 277 830 97 181 248 766 291 154 238 83 229 91 678 239 277 783 78 242 125 741 729 758 250 814 195 192 732 243 291 224 792 181 795 102 0 288 833 248 333 284 231 147 761 764 210 681
974 976 452 503 340 296 258 238 450 327 141 1015 338 541 105 384 354 310 209 340 43 1020 355 370 438 956 244 344 137 325 418 280 867 429 273 973 267 432 315 931 919 947 65 1003 384 382 921 433 31 151 982 177 985 291 288 0 1022 405 200 292 421 337 950 954 400 870
283 306 605 1288 1125 1014 996 976 611 987 968 47 849 1327 1003 675 700 1002 838 760 1011 146 833 765 712 208 1025 889 972 864 633 825 337 708 1011 101 777 705 860 143 380 342 984 163 667 754 153 716 1026 958 91 916 183 753 833 1022 0 982 1039 1019 638 882 260 263 736 205
933 936 412 764 601 136 256 192 409 109 382 975 297 803 425 343 314 123 252 299 394 980 315 330 397 916 285 111 387 285 378 181 827 389 272 932 227 391 138 891 878 907 367 963 344 341 881 392 409 373 942 259 945 251 248 405 982 0 328 140 381 118 910 913 359 830
991 993 498 462 299 219 100 161 495 250 233 1032 365 500 122 429 400 233 255 385 210 1037 349 416 426 973 70 335 229 371 464 326 884 422 130 990 313 419 361 948 935 964 238 1020 430 427 938 430 195 243 999 184 1002 337 333 200 1039 328 0 215 466 342 967 970 445 887
970 972 448 652 489 31 143 79 446 62 299 1011 334 690 312 380 350 45 218 336 281 1016 351 366 434 952 173 147 304 322 415 217 864 425 159 969 263 428 174 927 915 944 254 999 380 378 917 429 296 290 978 146 981 287 284 292 1019 140 215 0 417 154 946 950 396 866
590 592 91 804 641 412 394 375 97 386 366 631 281 842 477 73 98 400 236 159 410 636 298 189 227 572 424 287 371 269 78 224 483 223 410 589 175 220 258 547 534 563 383 619 66 201 537 232 424 357 598 314 601 151 231 421 638 381 466 417 0 280 566 569 219 486
833 835 311 778 615 150 270 206 309 123 282 874 197 817 393 243 213 137 152 199 326 879 214 229 297 815 299 37 287 185 278 81 727 288 286 832 127 291 38 790 778 807 299 862 243 241 781 292 340 272 841 230 844 151 147 337 882 118 342 154 280 0 810 813 259 730
44 66 533 1216 1053 942 924 904 539 915 896 257 777 1255 930 603 628 929 765 688 939 173 761 693 640 109 953 817 900 792 561 753 196 636 939 298 705 633 788 257 140 102 912 156 595 682 247 644 954 886 308 844 138 680 761 950 260 910 967 946 566 810 0 33 664 196
51 73 536 1220 1057 945 927 908 542 918 899 260 780 1258 934 606 631 933 769 692 943 176 764 697 643 112 956 820 904 795 564 756 203 639 943 302 708 636 791 260 147 110 916 159 598 685 250 648 957 889 311 847 141 684 764 954 263 913 970 950 569 813 33 0 667 199
687 690 218 699 536 391 373 354 224 364 345 729 260 738 413 182 152 379 215 92 389 734 244 63 72 670 402 266 350 248 216 202 581 63 389 686 154 66 237 645 632 661 362 717 182 52 635 67 403 335 696 293 699 130 210 400 736 359 445 396 219 259 664 667 0 584
219 242 453 1136 973 862 844 824 459 835 816 197 697 1175 850 523 548 850 686 608 859 265 681 613 560 202 873 737 820 712 481 673 184 556 859 155 625 553 708 113 236 265 832 249 515 602 104 564 874 806 164 764 230 600 681 870 205 830 887 866 486 730 196 199 584 0
EOF