NAME : tsp_problem
TYPE : TSP
DIMENSION : 60
EDGE_WEIGHT_TYPE : EXPLICIT
EDGE_WEIGHT_FORMAT : FULL_MATRIX
EDGE_WEIGHT_SECTION
0 905 847 394 917 239 857 283 360 125 256 894 825 360 98 920 773 335 384 892 339 894 735 311 272 244 958 381 253 328 578 341 865 219 368 392 367 812 958 919 921 230 383 364 241 286 376 252 804 379 284 365 295 385 320 314 319 135 383 368
905 0 305 694 277 774 97 660 574 796 857 71 284 962 825 266 231 875 684 66 679 353 1244 851 800 778 220 982 788 690 1086 943 324 754 908 545 574 147 236 90 308 696 923 904 776 696 644 976 263 652 785 569 960 550 753 916 920 920 945 930
847 305 0 635 274 715 257 602 515 738 799 294 65 904 766 278 118 817 625 292 620 99 1185 792 741 719 315 924 729 632 1028 884 70 695 850 487 516 212 315 319 155 637 864 845 717 638 585 917 86 594 726 510 901 492 694 857 862 862 887 871
394 694 635 0 706 262 646 182 258 285 346 682 614 451 313 709 561 364 93 681 88 683 740 339 295 267 746 471 276 99 583 431 654 242 397 244 266 601 747 708 710 184 411 392 264 140 85 465 593 89 281 264 456 249 249 404 409 409 442 426
917 277 274 706 0 786 256 672 586 808 870 288 288 974 837 68 243 887 696 284 691 206 1256 863 812 790 98 995 800 702 1099 955 243 766 921 558 586 211 99 255 148 708 935 916 788 709 656 988 275 665 797 581 972 563 765 928 933 933 957 942
239 774 715 262 786 0 726 152 228 130 108 762 694 213 159 789 641 126 252 761 208 763 682 102 141 112 826 234 122 197 525 194 734 88 159 261 236 681 827 788 790 99 174 155 110 155 244 227 673 248 153 234 270 253 189 167 171 171 260 273
857 97 257 646 256 726 0 612 526 748 809 86 236 914 777 260 183 827 636 85 631 305 1196 803 752 730 258 935 740 642 1038 895 276 706 861 498 526 99 274 112 260 648 875 856 728 649 596 928 215 605 737 521 912 503 705 868 873 873 897 882
283 660 602 182 672 152 612 0 115 174 235 649 580 340 203 676 528 253 172 648 127 649 800 229 184 156 713 361 166 117 643 321 620 132 286 147 123 567 714 674 676 74 301 282 154 74 164 354 559 168 197 120 397 140 232 294 298 298 387 400
360 574 515 258 586 228 526 115 0 251 312 562 494 416 279 589 441 330 248 561 204 563 823 305 261 232 627 437 242 193 665 397 534 208 363 96 73 481 627 588 590 150 377 358 230 151 223 430 473 231 273 70 474 90 309 370 375 375 463 477
125 796 738 285 808 130 748 174 251 0 214 785 716 319 45 811 663 232 275 783 230 785 779 208 163 135 849 339 144 219 622 299 756 110 265 283 258 703 849 810 812 121 279 260 132 177 267 333 695 270 175 256 376 276 211 272 277 217 365 379
256 857 799 346 870 108 809 235 312 214 0 846 777 133 243 873 725 161 336 845 291 846 624 137 224 196 910 154 205 281 467 114 817 172 194 344 320 764 911 872 873 183 209 190 193 239 328 200 756 332 237 317 244 337 272 87 92 145 201 215
894 71 294 682 288 762 86 649 562 785 846 0 272 950 813 278 220 864 672 61 667 341 1232 839 788 766 231 971 776 679 1075 931 312 742 897 534 563 136 248 85 297 684 911 892 764 685 632 964 251 641 773 557 948 539 741 904 909 909 934 918
825 284 65 614 288 694 236 580 494 716 777 272 0 882 745 291 111 795 604 271 599 113 1164 771 720 698 329 903 708 610 1006 863 84 674 829 466 494 191 329 298 169 616 843 824 696 617 564 896 79 573 705 489 880 471 673 836 841 841 865 850
360 962 904 451 974 213 914 340 416 319 133 950 882 0 348 977 829 166 441 949 396 951 518 189 329 301 1015 50 310 385 360 46 922 276 132 449 424 869 1015 976 978 287 115 137 298 343 433 224 861 436 341 422 180 442 369 74 69 249 95 109
98 825 766 313 837 159 777 203 279 45 243 813 745 348 0 840 692 261 303 812 259 814 791 236 192 163 878 368 173 248 633 328 785 139 294 312 287 732 878 839 841 150 308 289 161 206 295 307 724 299 204 285 350 305 240 301 306 190 394 408
920 266 278 709 68 789 260 676 589 811 873 278 291 977 840 0 246 891 699 273 694 209 1259 866 815 793 87 998 803 706 1102 958 246 769 924 561 590 215 88 244 151 711 938 919 791 712 659 991 278 668 800 584 975 566 768 931 936 936 961 945
773 231 118 561 243 641 183 528 441 663 725 220 111 829 692 246 0 743 551 218 546 166 1111 718 667 645 284 850 655 558 954 810 137 621 776 413 442 138 284 245 222 563 790 771 643 564 511 843 130 520 652 436 827 418 620 783 788 788 813 797
335 875 817 364 887 126 827 253 330 232 161 864 795 166 261 891 743 0 354 863 309 864 584 51 242 214 928 145 223 299 427 185 835 190 91 362 338 782 929 890 891 201 105 86 211 257 346 280 774 350 255 335 246 355 290 212 208 224 161 175
384 684 625 93 696 252 636 172 248 275 336 672 604 441 303 699 551 354 0 671 78 673 730 330 285 257 737 461 266 90 573 421 644 232 387 234 256 591 737 698 700 174 401 382 254 130 75 455 583 79 271 254 446 239 239 394 399 399 432 416
892 66 292 681 284 761 85 648 561 783 845 61 271 949 812 273 218 863 671 0 666 340 1231 838 787 765 226 970 775 678 1074 930 311 741 896 533 562 135 243 80 296 683 910 891 763 684 631 963 250 640 772 556 947 538 740 903 908 908 933 917
339 679 620 88 691 208 631 127 204 230 291 667 599 396 259 694 546 309 78 666 0 668 725 285 241 212 731 417 222 45 568 377 639 188 343 229 212 586 732 693 695 130 357 338 210 85 70 410 578 73 253 209 441 229 234 350 355 355 426 411
894 353 99 683 206 763 305 649 563 785 846 341 113 951 814 209 166 864 673 340 668 0 1233 840 789 767 246 972 777 679 1075 932 68 743 897 535 563 260 247 367 87 685 912 893 765 686 633 965 134 641 774 558 949 539 742 905 909 909 934 919
735 1244 1185 740 1256 682 1196 800 823 779 624 1232 1164 518 791 1259 1111 584 730 1231 725 1233 0 608 648 677 1296 497 667 737 194 537 1204 705 551 794 823 1151 1297 1258 1260 748 534 556 678 777 690 509 1143 699 633 818 466 799 601 565 560 624 451 436
311 851 792 339 863 102 803 229 305 208 137 839 771 189 236 866 718 51 330 838 285 840 608 0 218 189 904 169 199 274 450 208 811 165 85 338 313 758 904 865 867 176 99 80 187 232 321 256 750 325 230 311 270 331 266 195 200 200 185 199
272 800 741 295 812 141 752 184 261 163 224 788 720 329 192 815 667 242 285 787 241 789 648 218 0 76 853 350 66 230 491 310 760 103 275 293 269 707 853 814 816 132 290 271 77 188 246 343 699 255 45 266 364 286 80 283 287 287 350 334
244 778 719 267 790 112 730 156 232 135 196 766 698 301 163 793 645 214 257 765 212 767 677 189 76 0 831 321 94 201 519 281 738 75 247 265 240 685 831 792 794 103 261 242 97 159 249 315 677 252 73 238 358 258 109 254 259 259 347 361
958 220 315 746 98 826 258 713 627 849 910 231 329 1015 878 87 284 928 737 226 731 246 1296 904 853 831 0 1035 840 743 1139 995 284 806 961 598 627 252 58 197 188 748 975 956 828 749 697 1029 316 705 837 622 1013 603 805 968 973 973 998 983
381 982 924 471 995 234 935 361 437 339 154 971 903 50 368 998 850 145 461 970 417 972 497 169 350 321 1035 0 331 406 340 66 943 297 112 470 445 890 1036 997 999 308 95 117 319 364 438 203 882 446 362 442 159 462 349 94 89 270 74 88
253 788 729 276 800 122 740 166 242 144 205 776 708 310 173 803 655 223 266 775 222 777 667 199 66 94 840 331 0 211 509 291 748 85 257 275 250 695 841 802 804 113 271 252 95 169 258 324 687 262 63 247 368 267 99 264 269 269 357 353
328 690 632 99 702 197 642 117 193 219 281 679 610 385 248 706 558 299 90 678 45 679 737 274 230 201 743 406 211 0 579 366 650 177 332 226 201 597 744 705 706 119 346 327 199 74 81 399 589 85 242 199 443 218 246 339 344 344 432 423
578 1086 1028 583 1099 525 1038 643 665 622 467 1075 1006 360 633 1102 954 427 573 1074 568 1075 194 450 491 519 1139 340 509 579 0 379 1046 547 393 637 665 993 1140 1101 1102 590 376 398 520 619 533 352 985 541 476 660 308 642 444 407 402 467 293 278
341 943 884 431 955 194 895 321 397 299 114 931 863 46 328 958 810 185 421 930 377 932 537 208 310 281 995 66 291 366 379 0 903 257 152 430 405 850 996 957 959 268 134 156 279 324 413 243 842 417 322 403 199 422 358 56 51 230 114 128
865 324 70 654 243 734 276 620 534 756 817 312 84 922 785 246 137 835 644 311 639 68 1204 811 760 738 284 943 748 650 1046 903 0 714 869 506 534 231 284 338 124 656 883 864 736 657 604 936 105 613 745 529 920 511 713 876 881 880 905 890
219 754 695 242 766 88 706 132 208 110 172 742 674 276 139 769 621 190 232 741 188 743 705 165 103 75 806 297 85 177 547 257 714 0 223 241 216 661 807 768 770 79 237 218 73 135 224 290 653 228 101 214 334 233 137 230 235 235 323 337
368 908 850 397 921 159 861 286 363 265 194 897 829 132 294 924 776 91 387 896 343 897 551 85 275 247 961 112 257 332 393 152 869 223 0 396 371 816 962 923 924 234 96 117 245 290 379 257 808 383 288 368 213 388 323 179 175 258 128 142
392 545 487 244 558 261 498 147 96 283 344 534 466 449 312 561 413 362 234 533 229 535 794 338 293 265 598 470 275 226 637 430 506 241 396 0 96 453 599 560 562 183 410 391 263 184 194 463 445 203 306 91 506 72 303 403 407 407 496 480
367 574 516 266 586 236 526 123 73 258 320 563 494 424 287 590 442 338 256 562 212 563 823 313 269 240 627 445 250 201 665 405 534 216 371 96 0 481 628 589 590 158 385 366 238 159 223 438 473 232 281 78 482 98 317 378 383 383 471 485
812 147 212 601 211 681 99 567 481 703 764 136 191 869 732 215 138 782 591 135 586 260 1151 758 707 685 252 890 695 597 993 850 231 661 816 453 481 0 253 162 215 603 830 811 683 604 551 883 170 559 692 476 867 457 660 823 827 827 852 837
958 236 315 747 99 827 274 714 627 849 911 248 329 1015 878 88 284 929 737 243 732 247 1297 904 853 831 58 1036 841 744 1140 996 284 807 962 599 628 253 0 214 189 749 976 957 829 750 697 1029 316 706 838 622 1013 604 806 969 974 974 999 983
919 90 319 708 255 788 112 674 588 810 872 85 298 976 839 244 245 890 698 80 693 367 1258 865 814 792 197 997 802 705 1101 957 338 768 923 560 589 162 214 0 322 710 937 918 790 711 658 990 277 667 799 583 974 565 767 930 935 935 960 944
921 308 155 710 148 790 260 676 590 812 873 297 169 978 841 151 222 891 700 296 695 87 1260 867 816 794 188 999 804 706 1102 959 124 770 924 562 590 215 189 322 0 712 939 920 792 713 660 992 190 668 801 585 976 566 769 932 936 936 961 946
230 696 637 184 708 99 648 74 150 121 183 684 616 287 150 711 563 201 174 683 130 685 748 176 132 103 748 308 113 119 590 268 656 79 234 183 158 603 749 710 712 0 248 229 101 77 166 301 595 170 144 156 345 176 180 241 246 246 334 348
383 923 864 411 935 174 875 301 377 279 209 911 843 115 308 938 790 105 401 910 357 912 534 99 290 261 975 95 271 346 376 134 883 237 96 410 385 830 976 937 939 248 0 100 259 304 393 240 822 397 302 383 196 403 338 162 157 272 111 125
364 904 845 392 916 155 856 282 358 260 190 892 824 137 289 919 771 86 382 891 338 893 556 80 271 242 956 117 252 327 398 156 864 218 117 391 366 811 957 918 920 229 100 0 240 285 374 262 803 378 283 364 218 384 319 184 179 253 133 147
241 776 717 264 788 110 728 154 230 132 193 764 696 298 161 791 643 211 254 763 210 765 678 187 77 97 828 319 95 199 520 279 736 73 245 263 238 683 829 790 792 101 259 240 0 157 246 312 675 250 74 235 356 255 110 252 257 257 345 359
286 696 638 140 709 155 649 74 151 177 239 685 617 343 206 712 564 257 130 684 85 686 777 232 188 159 749 364 169 74 619 324 657 135 290 184 159 604 750 711 713 77 304 285 157 0 122 357 596 125 200 156 401 176 236 297 302 302 390 404
376 644 585 85 656 244 596 164 223 267 328 632 564 433 295 659 511 346 75 631 70 633 690 321 246 249 697 438 258 81 533 413 604 224 379 194 223 551 697 658 660 166 393 374 246 122 0 447 543 71 231 218 406 199 199 386 391 391 392 376
252 976 917 465 988 227 928 354 430 333 200 964 896 224 307 991 843 280 455 963 410 965 509 256 343 315 1029 203 324 399 352 243 936 290 257 463 438 883 1029 990 992 301 240 262 312 357 447 0 875 450 355 436 69 456 361 259 264 141 157 142
804 263 86 593 275 673 215 559 473 695 756 251 79 861 724 278 130 774 583 250 578 134 1143 750 699 677 316 882 687 589 985 842 105 653 808 445 473 170 316 277 190 595 822 803 675 596 543 875 0 552 684 468 859 450 652 815 820 820 844 829
379 652 594 89 665 248 605 168 231 270 332 641 573 436 299 668 520 350 79 640 73 641 699 325 255 252 705 446 262 85 541 417 613 228 383 203 232 559 706 667 668 170 397 378 250 125 71 450 552 0 240 226 415 208 208 390 395 395 400 385
284 785 726 281 797 153 737 197 273 175 237 773 705 341 204 800 652 255 271 772 253 774 633 230 45 73 837 362 63 242 476 322 745 101 288 306 281 692 838 799 801 144 302 283 74 200 231 355 684 240 0 279 349 299 77 295 300 300 335 319
365 569 510 264 581 234 521 120 70 256 317 557 489 422 285 584 436 335 254 556 209 558 818 311 266 238 622 442 247 199 660 403 529 214 368 91 78 476 622 583 585 156 383 364 235 156 218 436 468 226 279 0 479 96 314 376 380 380 468 482
295 960 901 456 972 270 912 397 474 376 244 948 880 180 350 975 827 246 446 947 441 949 466 270 364 358 1013 159 368 443 308 199 920 334 213 506 482 867 1013 974 976 345 196 218 356 401 406 69 859 415 349 479 0 499 317 227 222 184 113 98
385 550 492 249 563 253 503 140 90 276 337 539 471 442 305 566 418 355 239 538 229 539 799 331 286 258 603 462 267 218 642 422 511 233 388 72 98 457 604 565 566 176 403 384 255 176 199 456 450 208 299 96 499 0 308 396 400 400 488 485
320 753 694 249 765 189 705 232 309 211 272 741 673 369 240 768 620 290 239 740 234 742 601 266 80 109 805 349 99 246 444 358 713 137 323 303 317 660 806 767 769 180 338 319 110 236 199 361 652 208 77 314 317 308 0 331 335 335 303 287
314 916 857 404 928 167 868 294 370 272 87 904 836 74 301 931 783 212 394 903 350 905 565 195 283 254 968 94 264 339 407 56 876 230 179 403 378 823 969 930 932 241 162 184 252 297 386 259 815 390 295 376 227 396 331 0 58 203 142 155
319 920 862 409 933 171 873 298 375 277 92 909 841 69 306 936 788 208 399 908 355 909 560 200 287 259 973 89 269 344 402 51 881 235 175 407 383 827 974 935 936 246 157 179 257 302 391 264 820 395 300 380 222 400 335 58 0 208 137 151
135 920 862 409 933 171 873 298 375 217 145 909 841 249 190 936 788 224 399 908 355 909 624 200 287 259 973 270 269 344 467 230 880 235 258 407 383 827 974 935 936 246 272 253 257 302 391 141 820 395 300 380 184 400 335 203 208 0 272 257
383 945 887 442 957 260 897 387 463 365 201 934 865 95 394 961 813 161 432 933 426 934 451 185 350 347 998 74 357 432 293 114 905 323 128 496 471 852 999 960 961 334 111 133 345 390 392 157 844 400 335 468 113 488 303 142 137 272 0 83
368 930 871 426 942 273 882 400 477 379 215 918 850 109 408 945 797 175 416 917 411 919 436 199 334 361 983 88 353 423 278 128 890 337 142 480 485 837 983 944 946 348 125 147 359 404 376 142 829 385 319 482 98 485 287 155 151 257 83 0
EOF