NAME : tsp_problem
TYPE : TSP
DIMENSION : 26
EDGE_WEIGHT_TYPE : EXPLICIT
EDGE_WEIGHT_FORMAT : FULL_MATRIX
EDGE_WEIGHT_SECTION
0 1291 546 1286 701 1286 832 809 711 860 1262 1280 818 1263 1279 1208 796 837 783 652 625 825 866 640 1278 645
1291 0 981 56 802 330 976 569 674 621 78 228 579 88 323 133 725 597 895 813 786 969 626 801 322 890
546 981 0 976 286 976 429 446 421 389 951 969 432 952 969 897 334 412 379 332 363 422 385 348 968 181
1286 56 976 0 797 339 971 565 670 616 87 240 574 96 332 128 720 592 890 808 781 964 622 796 331 885
701 802 286 797 0 797 281 267 242 210 772 790 253 773 789 718 155 233 200 78 109 274 206 94 789 195
1286 330 976 339 797 0 971 564 669 616 314 160 574 315 36 261 720 592 890 808 781 964 621 796 36 885
832 976 429 971 281 971 0 441 416 384 946 964 427 948 964 893 329 407 114 327 358 71 380 343 963 275
809 569 446 565 267 564 441 0 192 86 540 558 68 541 557 486 190 86 360 312 303 434 92 318 556 355
711 674 421 670 242 669 416 192 0 221 645 663 201 646 662 591 120 220 335 233 206 409 216 221 661 330
860 621 389 616 210 616 384 86 221 0 591 609 73 592 608 537 133 53 303 255 286 377 35 271 608 298
1262 78 951 87 772 314 946 540 645 591 0 263 549 74 307 104 695 568 865 784 756 939 597 771 306 860
1280 228 969 240 790 160 964 558 663 609 263 0 567 272 152 254 713 586 883 802 774 957 615 789 152 878
818 579 432 574 253 574 427 68 201 73 549 567 0 550 566 495 176 96 346 299 313 420 78 314 566 341
1263 88 952 96 773 315 948 541 646 592 74 272 550 0 308 105 696 569 866 785 757 941 598 772 307 861
1279 323 969 332 789 36 964 557 662 608 307 152 566 308 0 253 713 585 882 801 773 957 614 788 41 877
1208 133 897 128 718 261 893 486 591 537 104 254 495 105 253 0 641 514 811 730 702 886 543 717 252 806
796 725 334 720 155 720 329 190 120 133 695 713 176 696 713 641 0 156 247 200 231 322 129 216 712 242
837 597 412 592 233 592 407 86 220 53 568 586 96 569 585 514 156 0 326 279 309 401 58 295 584 321
783 895 379 890 200 890 114 360 335 303 865 883 346 866 882 811 247 326 0 246 276 107 299 261 882 227
652 813 332 808 78 808 327 312 233 255 784 802 299 785 801 730 200 279 246 0 73 320 251 58 800 240
625 786 363 781 109 781 358 303 206 286 756 774 313 757 773 702 231 309 276 73 0 351 282 88 773 271
825 969 422 964 274 964 71 434 409 377 939 957 420 941 957 886 322 401 107 320 351 0 373 336 956 269
866 626 385 622 206 621 380 92 216 35 597 615 78 598 614 543 129 58 299 251 282 373 0 267 613 294
640 801 348 796 94 796 343 318 221 271 771 789 314 772 788 717 216 295 261 58 88 336 267 0 788 256
1278 322 968 331 789 36 963 556 661 608 306 152 566 307 41 252 712 584 882 800 773 956 613 788 0 877
645 890 181 885 195 885 275 355 330 298 860 878 341 861 877 806 242 321 227 240 271 269 294 256 877 0
EOF