NAME : tsp_problem
TYPE : TSP
DIMENSION : 60
EDGE_WEIGHT_TYPE : EXPLICIT
EDGE_WEIGHT_FORMAT : FULL_MATRIX
EDGE_WEIGHT_SECTION
0 1019 379 280 1280 119 1011 831 853 347 1185 1706 322 835 924 270 572 505 374 878 316 1030 1220 860 1968 953 943 889 1076 385 821 1555 844 906 1013 239 133 845 1180 840 1311 1607 322 1603 920 1439 1819 650 723 773 1020 948 361 279 114 225 838 890 634 443
1019 0 937 812 329 999 59 1172 255 878 234 755 942 236 750 897 1219 665 939 806 1196 257 269 262 1314 903 211 817 319 1200 682 604 246 834 244 1055 1012 743 229 963 360 656 853 652 951 488 1165 918 912 892 50 269 892 874 933 891 240 818 1209 929
379 937 0 283 1198 448 929 1159 772 235 1103 1624 153 753 1026 443 900 302 40 1082 644 949 1139 778 2183 1179 861 1093 995 353 958 1473 762 1110 931 207 461 1019 1098 1169 1229 1526 259 1521 1227 1357 2035 979 1051 1101 939 866 225 453 329 399 756 1094 962 102
280 812 283 0 1073 260 804 971 646 104 978 1499 167 628 901 197 713 298 277 957 457 823 1013 653 2058 1054 736 968 869 426 832 1348 637 985 806 280 274 894 973 981 1104 1400 79 1396 1061 1232 1909 791 863 914 813 741 118 207 194 153 631 969 775 335
1280 329 1198 1073 0 1260 302 1414 516 1139 128 463 1203 497 991 1158 1460 926 1200 1048 1457 441 81 523 1022 1145 395 1059 347 1462 923 311 507 1076 428 1316 1274 985 134 1205 67 364 1114 360 1193 195 873 1160 1154 1134 330 489 1154 1135 1194 1152 501 1060 1451 1190
119 999 448 260 1260 0 991 746 833 327 1165 1686 390 815 839 250 487 485 442 794 232 1010 1200 840 1883 869 923 804 1056 453 736 1535 824 821 993 308 69 761 1160 756 1291 1587 302 1583 836 1419 1734 566 638 689 1000 928 341 259 170 205 818 805 550 512
1011 59 929 804 302 991 0 1164 247 870 207 728 934 228 742 889 1211 656 931 798 1187 231 243 254 1287 895 184 809 292 1192 674 577 237 826 217 1047 1004 735 202 955 333 630 845 625 943 461 1139 910 904 884 61 261 884 866 925 883 231 810 1201 921
831 1172 1159 971 1414 746 1164 0 1007 1038 1320 1764 1102 988 526 961 400 1176 1153 398 611 1068 1355 1014 2003 362 1097 499 1099 1164 552 1613 998 515 1051 1019 731 600 1314 249 1445 1665 1013 1661 329 1497 1855 668 714 695 1174 1102 1052 971 881 917 992 410 277 1223
853 255 772 646 516 833 247 1007 0 713 421 942 777 61 584 731 1053 499 774 641 1030 299 457 69 1501 737 179 652 396 1035 516 791 53 669 285 890 847 578 416 798 547 844 688 839 786 675 1353 753 747 727 257 229 727 709 768 726 54 653 1044 764
347 878 235 104 1139 327 870 1038 713 0 1045 1566 119 694 967 264 779 365 229 1024 524 890 1080 720 2125 1120 802 1035 936 377 899 1414 704 1051 872 232 341 960 1039 1048 1170 1467 79 1463 1128 1298 1976 858 930 981 880 807 69 273 261 219 698 1036 842 299
1185 234 1103 978 128 1165 207 1320 421 1045 0 554 1108 402 897 1063 1366 831 1105 953 1362 347 69 428 1113 1050 300 964 252 1367 829 403 412 981 333 1221 1179 890 71 1111 159 456 1020 451 1098 287 965 1065 1059 1039 236 394 1059 1041 1099 1057 406 965 1356 1095
1706 755 1624 1499 463 1686 728 1764 942 1566 554 0 1629 923 1341 1584 1726 1352 1626 1398 1589 868 508 949 739 1494 821 1408 742 1888 1273 350 933 1425 854 1743 1700 1334 560 1555 435 321 1541 141 1542 338 590 1509 1503 1484 757 915 1580 1562 1620 1579 927 1409 1716 1616
322 942 153 167 1203 390 934 1102 777 119 1108 1629 0 758 1031 327 843 417 147 1087 587 954 1144 783 2188 1184 866 1098 1000 295 963 1478 767 1115 936 150 404 1024 1103 1111 1234 1531 143 1526 1191 1362 2040 921 993 1044 944 871 109 337 272 283 761 1099 905 217
835 236 753 628 497 815 228 988 61 694 402 923 758 0 565 712 1035 480 755 622 1011 280 438 68 1482 719 160 633 377 1016 497 772 52 650 266 871 828 559 397 779 528 825 669 820 767 656 1334 734 728 708 238 210 708 690 749 707 53 634 1025 745
924 750 1026 901 991 839 742 526 584 967 897 1341 1031 565 0 985 682 753 1028 189 704 645 932 591 1900 289 674 281 676 1257 145 1190 575 297 628 1112 824 207 891 317 1022 1242 942 1238 304 1074 1751 382 375 356 751 679 981 963 974 980 569 201 563 1018
270 897 443 197 1158 250 889 961 731 264 1063 1584 327 712 985 0 702 383 437 1008 447 908 1098 738 2098 1083 821 1019 954 490 917 1433 722 1036 891 345 263 976 1058 971 1189 1485 238 1481 1050 1317 1949 781 853 903 898 826 278 52 184 73 716 1020 764 458
572 1219 900 713 1460 487 1211 400 1053 779 1366 1732 843 1035 682 702 0 938 894 559 353 1114 1401 1060 1885 523 1143 648 1145 905 580 1659 1044 664 1097 760 473 604 1360 410 1491 1711 754 1707 490 1543 1736 409 481 532 1220 1148 794 712 623 658 1038 570 204 964
505 665 302 298 926 485 656 1176 499 365 831 1352 417 480 753 383 938 0 305 810 682 676 866 506 1911 906 589 821 722 617 685 1201 490 838 659 472 499 747 826 967 957 1253 340 1249 955 1085 1762 922 916 896 666 594 379 361 420 378 484 822 1000 294
374 939 40 277 1200 442 931 1153 774 229 1105 1626 147 755 1028 437 894 305 0 1085 639 951 1141 780 2185 1181 863 1095 997 347 960 1475 764 1112 933 201 456 1021 1100 1163 1231 1528 253 1523 1229 1359 2037 973 1045 1096 941 868 219 447 323 393 758 1096 957 104
878 806 1082 957 1048 794 798 398 641 1024 953 1398 1087 622 189 1008 559 810 1085 0 659 702 989 648 1957 161 730 114 733 1211 167 1246 632 131 685 1066 779 216 948 189 1079 1299 999 1295 177 1130 1808 336 330 310 808 736 1038 1018 929 964 626 25 435 1074
316 1196 644 457 1457 232 1187 611 1030 524 1362 1595 587 1011 704 447 353 682 639 659 0 1136 1397 1037 1748 734 1120 670 1167 650 602 1681 1021 686 1119 504 217 626 1357 621 1488 1645 499 1697 701 1565 1600 431 503 554 1197 1125 538 456 367 402 1015 671 415 708
1030 257 949 823 441 1010 231 1068 299 890 347 868 954 280 645 908 1114 676 951 702 1136 0 382 305 1427 799 149 713 165 1212 577 716 289 730 102 1067 1024 639 341 859 472 769 865 765 847 600 1278 814 808 788 259 170 904 886 945 903 283 714 1105 940
1220 269 1139 1013 81 1200 243 1355 457 1080 69 508 1144 438 932 1098 1401 866 1141 989 1397 382 0 463 1067 1085 336 1000 288 1402 864 356 447 1016 369 1257 1214 925 75 1146 112 409 1055 405 1133 240 918 1100 1094 1075 271 429 1094 1076 1135 1093 441 1001 1392 1131
860 262 778 653 523 840 254 1014 69 720 428 949 783 68 591 738 1060 506 780 648 1037 305 463 0 1508 744 186 659 403 1042 523 798 60 675 292 897 854 584 423 805 554 850 695 846 792 682 1359 759 753 734 263 236 734 716 774 733 61 660 1051 770
1961 1314 2183 2058 1022 1877 1287 1997 1501 2125 1113 739 2188 1482 1900 2091 1879 1911 2185 1957 1742 1427 1067 1508 0 2053 1380 1967 1301 2295 1832 1013 1492 1984 1413 2149 1862 1893 1119 2007 994 789 2100 841 2087 897 239 1957 2029 2043 1316 1474 2139 2101 2012 2047 1486 1968 1869 2175
953 903 1179 1054 1145 869 895 362 737 1120 1050 1494 1184 719 289 1083 523 906 1181 161 734 799 1085 744 2053 0 827 261 829 1286 315 1343 728 278 781 1141 854 363 1044 153 1176 1395 1095 1391 140 1227 1904 484 477 458 904 832 1134 1093 1004 1039 722 173 399 1171
943 211 861 736 395 923 184 1097 179 802 300 821 866 160 674 821 1143 589 863 730 1120 149 336 186 1380 827 0 741 246 1124 606 670 170 758 135 979 936 667 295 888 426 723 777 718 875 554 1232 842 836 816 213 123 817 798 857 815 164 742 1133 853
889 817 1093 968 1059 804 809 499 652 1035 964 1408 1098 633 281 1019 648 821 1095 114 670 713 1000 659 1967 261 741 0 744 1222 178 1257 643 46 695 1077 790 226 959 290 1090 1310 1009 1305 277 1141 1819 347 341 321 819 746 1049 1029 940 975 637 126 535 1085
1076 319 995 869 347 1056 292 1099 396 936 252 742 1000 377 676 954 1145 722 997 733 1167 165 288 403 1301 829 246 744 0 1258 608 591 387 761 148 1113 1070 670 247 890 378 643 911 639 878 475 1152 845 839 819 321 216 950 932 991 949 381 745 1136 987
385 1200 353 426 1462 453 1192 1164 1035 377 1367 1888 295 1016 1257 490 905 617 347 1211 650 1212 1402 1042 2301 1286 1124 1222 1258 0 1154 1737 1026 1239 1195 175 467 1179 1361 1174 1493 1789 402 1785 1254 1621 2152 984 1056 1107 1202 1130 368 500 334 446 1020 1223 968 417
821 682 958 832 923 736 674 552 516 899 829 1273 963 497 145 917 580 685 960 167 602 577 864 523 1832 315 606 178 608 1154 0 1122 507 195 560 1009 722 104 823 343 954 1174 874 1170 330 1006 1683 279 273 253 683 611 913 895 872 907 501 179 589 950
1555 604 1473 1348 311 1535 577 1613 791 1414 403 350 1478 772 1190 1433 1659 1201 1475 1246 1681 716 356 798 1013 1343 670 1257 591 1737 1122 0 782 1274 703 1591 1549 1183 409 1404 284 442 1389 247 1391 151 865 1358 1352 1332 605 764 1429 1410 1469 1427 776 1258 1650 1465
844 246 762 637 507 824 237 998 53 704 412 933 767 52 575 722 1044 490 764 632 1021 289 447 60 1492 728 170 643 387 1026 507 782 0 659 276 881 838 568 407 789 538 834 679 830 776 666 1343 743 737 718 247 220 718 700 758 717 45 644 1035 754
906 834 1110 985 1076 821 826 515 669 1051 981 1425 1115 650 297 1036 664 838 1112 131 686 730 1016 675 1984 278 758 46 761 1239 195 1274 659 0 712 1094 806 243 976 306 1107 1327 1026 1322 294 1158 1836 364 357 338 836 763 1066 1046 957 992 653 143 552 1102
1013 244 931 806 428 993 217 1051 285 872 333 854 936 266 628 891 1097 659 933 685 1119 102 369 292 1413 781 135 695 148 1195 560 703 276 712 0 1049 1007 621 328 842 459 756 847 751 829 587 1265 796 790 771 245 153 887 868 927 885 270 696 1088 923
239 1055 207 280 1316 308 1047 1019 890 232 1221 1743 150 871 1112 345 760 472 201 1066 504 1067 1257 897 2156 1141 979 1077 1113 175 1009 1591 881 1094 1049 0 321 1034 1216 1029 1347 1644 256 1639 1108 1475 2007 839 911 961 1057 984 222 354 189 300 875 1078 822 271
133 1012 461 274 1274 69 1004 731 847 341 1179 1700 404 828 824 263 473 499 456 779 217 1024 1214 854 1868 854 936 790 1070 467 722 1549 838 806 1007 321 0 746 1174 741 1305 1601 316 1597 821 1433 1720 551 623 674 1014 942 355 273 184 219 832 791 535 525
845 743 1019 894 985 761 735 600 578 960 890 1334 1024 559 207 976 604 747 1021 216 626 639 925 584 1893 363 667 226 670 1179 104 1183 568 243 621 1034 746 0 885 391 1016 1236 935 1231 378 1067 1745 303 261 215 745 672 975 956 896 931 562 227 637 1011
1180 229 1098 973 134 1160 202 1314 416 1039 71 560 1103 397 891 1058 1360 826 1100 948 1357 341 75 423 1119 1044 295 959 247 1361 823 409 407 976 328 1216 1174 885 0 1105 165 462 1014 457 1093 293 971 1060 1053 1034 230 389 1054 1035 1094 1052 401 960 1351 1090
840 963 1169 981 1205 756 955 249 798 1048 1111 1555 1111 779 317 971 410 967 1163 189 621 859 1146 805 2013 153 888 290 890 1174 343 1404 789 306 842 1029 741 391 1105 0 1236 1456 1023 1452 120 1288 1864 512 505 486 965 893 1062 980 891 926 783 201 286 1231
1311 360 1229 1104 67 1291 333 1445 547 1170 159 435 1234 528 1022 1189 1491 957 1231 1079 1488 472 112 554 994 1176 426 1090 378 1493 954 284 538 1107 459 1347 1305 1016 165 1236 0 336 1145 332 1224 168 846 1191 1185 1165 361 520 1185 1166 1225 1183 532 1091 1482 1221
1607 656 1526 1400 364 1587 630 1665 844 1467 456 321 1531 825 1242 1485 1711 1253 1528 1299 1639 769 409 850 789 1395 723 1310 643 1789 1174 442 834 1327 756 1644 1601 1236 462 1456 336 0 1442 424 1443 327 641 1411 1404 1385 658 816 1481 1463 1522 1480 828 1311 1702 1517
322 853 259 79 1114 302 845 1013 688 79 1020 1541 143 669 942 238 754 340 253 999 499 865 1055 695 2100 1095 777 1009 911 402 874 1389 679 1026 847 256 316 935 1014 1023 1145 1442 0 1438 1103 1273 1951 833 905 956 855 782 94 248 236 194 673 1011 817 323
1603 652 1521 1396 360 1583 625 1661 839 1463 451 141 1526 820 1238 1481 1707 1249 1523 1295 1691 765 405 846 841 1391 718 1305 639 1785 1170 247 830 1322 751 1639 1597 1231 457 1452 332 424 1438 0 1439 235 693 1406 1400 1381 654 812 1477 1459 1517 1475 824 1306 1698 1513
920 951 1227 1061 1193 836 943 329 786 1128 1098 1542 1191 767 304 1050 490 955 1229 177 701 847 1133 792 2093 140 875 277 878 1254 330 1391 776 294 829 1108 821 378 1093 120 1224 1443 1103 1439 0 1275 1944 499 493 473 953 880 1142 1060 971 1006 770 188 366 1219
1439 488 1357 1232 195 1419 461 1497 675 1298 287 338 1362 656 1074 1317 1543 1085 1359 1130 1565 600 240 682 897 1227 554 1141 475 1621 1006 151 666 1158 587 1475 1433 1067 293 1288 168 327 1273 235 1275 0 749 1242 1236 1216 489 648 1313 1294 1353 1311 660 1142 1534 1349
1813 1165 2035 1909 873 1728 1139 1848 1353 1976 965 590 2040 1334 1751 1943 1730 1762 2037 1808 1593 1278 918 1359 239 1904 1232 1819 1152 2146 1683 865 1343 1836 1265 2001 1713 1745 971 1858 846 641 1951 693 1938 749 0 1809 1881 1894 1167 1325 1990 1953 1863 1899 1337 1820 1721 2027
650 918 979 791 1160 566 910 668 753 858 1065 1509 921 734 382 781 409 922 973 336 431 814 1100 759 1964 484 842 347 845 984 279 1358 743 364 796 839 551 303 1060 512 1191 1411 833 1406 499 1242 1815 0 181 231 920 847 872 790 701 736 737 348 471 1043
723 912 1051 863 1154 638 904 714 747 930 1059 1503 993 728 375 853 481 916 1045 330 503 808 1094 753 2036 477 836 341 839 1056 273 1352 737 357 790 911 623 261 1053 505 1185 1404 905 1400 493 1236 1887 181 0 77 913 841 944 863 773 809 731 342 544 1115
773 892 1101 914 1134 689 884 695 727 981 1039 1484 1044 708 356 903 532 896 1096 310 554 788 1075 734 2043 458 816 321 819 1107 253 1332 718 338 771 961 674 215 1034 486 1165 1385 956 1381 473 1216 1894 231 77 0 894 821 995 913 824 859 712 322 594 1160
1020 50 939 813 330 1000 61 1174 257 880 236 757 944 238 751 898 1220 666 941 808 1197 259 271 263 1316 904 213 819 321 1202 683 605 247 836 245 1057 1014 745 230 965 361 658 855 654 953 489 1167 920 913 894 0 271 894 876 935 893 241 820 1211 930
948 269 866 741 489 928 261 1102 229 807 394 915 871 210 679 826 1148 594 868 736 1125 170 429 236 1474 832 123 746 216 1130 611 764 220 763 153 984 942 672 389 893 520 816 782 812 880 648 1325 847 841 821 271 0 822 803 862 820 214 747 1139 858
361 892 225 118 1154 341 884 1052 727 69 1059 1580 109 708 981 278 794 379 219 1038 538 904 1094 734 2139 1134 817 1049 950 368 913 1429 718 1066 887 222 355 975 1054 1062 1185 1481 94 1477 1142 1313 1990 872 944 995 894 822 0 288 275 234 712 1050 856 289
279 874 453 207 1135 259 866 971 709 273 1041 1562 337 690 963 52 712 361 447 1018 456 886 1076 716 2108 1093 798 1029 932 500 895 1410 700 1046 868 354 273 956 1035 980 1166 1463 248 1459 1060 1294 1959 790 863 913 876 803 288 0 194 83 694 1030 774 468
114 933 329 194 1194 170 925 881 768 261 1099 1620 272 749 974 184 623 420 323 929 367 945 1135 774 2018 1004 857 940 991 334 872 1469 758 957 927 189 184 896 1094 891 1225 1522 236 1517 971 1353 1870 701 773 824 935 862 275 194 0 140 752 941 685 393
225 891 399 153 1152 205 883 917 726 219 1057 1579 283 707 980 73 658 378 393 964 402 903 1093 733 2054 1039 815 975 949 446 907 1427 717 992 885 300 219 931 1052 926 1183 1480 194 1475 1006 1311 1905 736 809 859 893 820 234 83 140 0 711 976 720 414
838 240 756 631 501 818 231 992 54 698 406 927 761 53 569 716 1038 484 758 626 1015 283 441 61 1486 722 164 637 381 1020 501 776 45 653 270 875 832 562 401 783 532 828 673 824 770 660 1337 737 731 712 241 214 712 694 752 711 0 638 1029 748
890 818 1094 969 1060 805 810 410 653 1036 965 1409 1099 634 201 1020 570 822 1096 25 671 714 1001 660 1968 173 742 126 745 1223 179 1258 644 143 696 1078 791 227 960 201 1091 1311 1011 1306 188 1142 1820 348 342 322 820 747 1050 1030 941 976 638 0 447 1086
634 1209 962 775 1451 550 1201 277 1044 842 1356 1722 905 1025 563 764 204 1000 957 435 415 1105 1392 1051 1876 399 1133 535 1136 968 589 1650 1035 552 1088 822 535 637 1351 286 1482 1702 817 1698 366 1534 1727 471 544 594 1211 1139 856 774 685 720 1029 447 0 1026
443 929 102 335 1190 512 921 1223 764 299 1095 1616 217 745 1018 458 964 294 104 1074 708 940 1131 770 2175 1171 853 1085 987 417 950 1465 754 1102 923 271 525 1011 1090 1231 1221 1517 323 1513 1219 1349 2027 1043 1115 1160 930 858 289 468 393 414 748 1086 1026 0
EOF