NAME : tsp_problem
TYPE : TSP
DIMENSION : 88
EDGE_WEIGHT_TYPE : EXPLICIT
EDGE_WEIGHT_FORMAT : FULL_MATRIX
EDGE_WEIGHT_SECTION
0 858 936 812 101 1573 713 772 917 817 841 418 189 872 202 958 488 107 88 417 761 855 1039 863 892 363 152 197 587 192 937 399 425 735 1046 810 1012 465 808 863 993 698 976 886 371 208 1186 904 452 1003 762 772 991 171 845 757 890 929 184 856 757 782 1096 430 879 409 873 1412 665 199 137 736 869 1414 804 1058 888 1021 191 871 789 654 772 226 305 288 427 863
858 0 1644 95 801 1843 959 535 1624 101 1548 1125 729 113 696 600 589 843 809 1142 953 40 860 759 310 1070 737 716 1294 858 220 1124 1133 813 547 1517 861 1175 598 1046 562 1005 260 1018 1095 947 1074 1611 470 546 546 953 853 729 263 175 308 347 923 1563 992 1489 917 483 670 510 1580 2035 1372 935 803 930 442 1274 339 574 863 343 715 1579 324 264 1479 673 1044 1026 1135 893
936 1644 0 1597 966 840 1402 1558 60 1603 341 549 966 1657 1068 1626 1273 859 895 766 1450 1640 1728 1552 1677 591 930 975 429 816 1722 748 561 1424 1574 331 1701 564 1593 1552 1588 1387 1761 1575 739 810 1875 221 1237 1572 1547 1461 1680 1036 1630 1542 1676 1715 839 284 1446 283 1785 1216 1665 1194 301 680 306 767 878 1425 1654 681 1589 1600 1577 1806 1056 227 1575 1439 289 1004 739 752 622 1552
812 95 1597 0 754 1787 903 488 1578 54 1501 1078 682 147 649 544 543 797 762 1095 897 92 804 702 263 1023 690 669 1247 811 164 1077 1086 756 491 1470 805 1128 551 990 505 958 204 962 1049 900 1018 1565 424 489 500 897 797 683 216 128 262 301 876 1516 935 1442 861 436 623 463 1534 1979 1325 889 756 874 396 1218 292 518 806 287 669 1532 278 241 1433 626 997 980 1088 837
101 801 966 754 0 1603 655 715 947 760 870 479 260 814 145 901 430 182 163 398 703 797 981 805 834 424 227 247 616 267 879 380 483 677 988 839 955 447 750 805 935 640 918 828 352 189 1128 934 394 945 704 714 933 113 787 699 833 872 165 886 699 812 1039 373 822 351 903 1442 694 273 212 678 811 1443 746 1000 831 963 133 901 732 596 802 203 286 269 501 806
1573 1837 840 1781 1603 0 1925 2171 838 1774 1114 1185 1603 1889 1704 1566 1909 1495 1531 1402 1920 1834 1686 1725 1991 1228 1566 1611 1065 1453 1815 1384 1197 1779 1514 1103 1687 1201 2230 1872 1528 2001 1854 1844 1376 1446 1852 828 1873 1512 2182 1919 1679 1672 1958 1870 2003 1961 1476 892 1958 1055 1743 1852 2301 1830 909 296 942 1403 1515 1896 2116 974 2034 1540 1829 1937 1692 834 2019 1983 896 1640 1375 1388 1258 1860
713 959 1402 903 655 1932 0 934 1382 896 1306 960 583 1011 550 404 649 697 663 781 108 955 544 309 1053 905 591 570 1052 712 936 764 961 181 492 1275 517 925 969 370 439 234 976 391 735 670 812 1370 613 449 923 120 495 584 1006 918 1052 1083 646 1321 243 1247 601 592 1041 570 1339 1878 1130 769 657 83 1030 1363 966 503 236 1059 570 1337 951 816 1238 527 767 750 989 211
772 535 1558 488 715 2178 934 0 1538 494 1462 1039 643 576 610 934 503 757 722 1055 982 532 1194 1084 258 984 651 630 1208 772 437 1038 1046 956 882 1431 1195 1089 163 1084 896 919 413 1107 1009 861 1407 1525 384 880 110 993 1188 643 315 397 312 251 837 1477 978 1403 1251 397 234 424 1494 2033 1286 849 717 957 139 1609 241 908 1109 342 629 1493 272 358 1393 587 957 940 1048 1084
917 1624 60 1578 947 838 1382 1538 0 1583 322 529 947 1637 1048 1624 1254 840 875 746 1430 1621 1709 1533 1658 572 910 955 409 797 1702 728 541 1405 1571 311 1682 545 1574 1533 1585 1367 1742 1556 720 791 1855 218 1217 1570 1527 1442 1660 1017 1611 1523 1656 1695 820 282 1427 263 1766 1196 1645 1174 299 677 286 747 859 1405 1635 679 1570 1598 1558 1786 1036 224 1555 1420 286 985 720 732 602 1533
817 101 1603 54 760 1781 896 494 1583 0 1507 1084 688 153 655 537 548 802 767 1100 890 98 797 696 269 1029 696 675 1253 817 157 1082 1091 750 485 1476 798 1134 557 983 499 964 197 956 1054 906 1011 1570 429 483 505 890 791 688 222 134 267 304 882 1522 929 1448 855 442 628 469 1539 1973 1331 894 762 867 401 1212 298 511 800 280 674 1538 283 247 1438 632 1002 985 1093 831
841 1548 341 1501 870 1114 1306 1462 322 1507 0 453 871 1561 972 1552 1177 763 799 670 1354 1544 1632 1456 1581 496 834 879 333 720 1626 652 465 1328 1639 68 1606 468 1497 1456 1586 1291 1666 1479 644 714 1779 454 1141 1596 1451 1365 1584 940 1534 1446 1580 1619 743 518 1350 92 1690 1120 1569 1098 535 953 210 671 783 1329 1558 955 1493 1651 1482 1710 960 460 1479 1344 313 908 643 656 526 1457
418 1125 549 1078 479 1185 960 1039 529 1084 453 0 448 1138 551 1205 754 340 376 320 1008 1121 1286 1110 1158 73 411 456 199 298 1203 302 76 982 1293 422 1259 119 1074 1110 1240 945 1243 1133 303 323 1433 517 718 1250 1028 1019 1238 549 1111 1023 1157 1196 352 468 1004 394 1343 697 1146 675 485 1025 277 248 360 983 1135 1026 1071 1305 1135 1287 569 484 1056 921 385 485 239 264 206 1110
189 729 966 682 260 1603 583 643 947 688 871 448 0 742 155 829 359 166 131 558 631 726 910 734 763 393 60 60 616 181 807 540 455 606 917 840 883 498 679 734 864 568 847 757 516 353 1056 934 322 874 632 643 861 188 716 628 761 800 329 886 628 812 967 301 750 279 903 1442 695 258 126 606 740 1443 675 928 759 891 174 901 660 525 802 89 429 432 457 734
872 113 1657 147 814 1895 1011 576 1637 153 1561 1138 742 0 709 652 603 856 822 1155 1005 109 912 811 362 1083 750 729 1307 871 272 1137 1146 865 599 1530 913 1188 611 1098 614 1018 312 1070 1109 960 1126 1625 484 598 565 1005 905 743 315 227 360 399 936 1576 1044 1502 969 496 683 523 1594 2087 1385 948 816 982 494 1326 391 626 915 395 729 1592 376 253 1493 686 1057 1040 1148 945
202 696 1068 649 145 1704 550 610 1048 655 972 551 155 709 0 796 325 269 234 500 598 692 877 701 729 496 163 142 718 284 774 482 558 572 883 941 850 548 645 700 830 535 813 724 454 291 1023 1035 289 840 599 610 828 73 682 594 728 767 267 987 594 913 934 268 717 246 1004 1543 796 361 229 573 706 1545 641 895 726 858 75 1003 627 491 903 98 387 370 560 701
958 600 1632 544 901 1573 404 934 1628 537 1552 1205 829 652 796 0 895 943 909 1027 398 596 431 204 754 1151 837 816 1298 958 577 1009 1207 258 133 1521 432 1170 1055 564 80 480 617 584 981 916 759 1615 859 89 945 398 424 829 721 633 766 724 892 1567 437 1493 488 838 1126 816 1584 1765 1376 1014 903 375 879 1004 797 144 308 700 815 1582 782 746 1483 773 1012 995 1235 338
488 589 1273 543 430 1909 649 503 1254 548 1177 754 359 603 325 895 0 473 438 771 697 586 976 800 623 699 367 346 923 487 667 753 762 672 983 1146 949 805 539 800 930 635 707 823 725 576 1123 1241 195 940 492 709 927 359 576 488 621 660 552 1193 694 1119 1033 133 610 97 1210 1749 1001 565 432 672 600 1722 535 994 825 752 345 1208 520 385 1109 302 673 656 764 800
107 843 859 797 182 1495 697 757 840 802 763 340 166 856 269 943 473 0 65 426 746 840 1024 848 877 285 129 174 509 169 921 408 348 720 1031 732 997 391 793 848 978 683 961 871 380 217 1171 827 436 988 746 757 975 251 830 742 875 914 193 779 742 705 1081 415 864 393 796 1335 587 122 114 720 854 1336 789 1042 873 1005 271 794 774 639 695 204 313 296 350 848
88 809 895 762 163 1531 663 722 875 767 799 376 131 822 234 909 438 65 0 461 711 805 989 813 842 321 95 140 545 135 887 444 384 685 996 768 962 426 758 813 943 648 926 836 415 253 1136 863 402 953 712 722 941 233 795 707 841 880 228 814 707 740 1046 381 830 359 832 1371 623 157 80 686 819 1372 754 1008 838 971 252 830 739 604 731 169 349 332 386 813
417 1142 766 1095 398 1402 781 1055 746 1100 670 320 558 1155 500 1027 771 426 461 0 829 1138 1108 932 1175 313 521 566 416 407 1220 40 282 804 1115 639 1081 246 1091 932 1062 767 1259 955 86 246 1255 733 735 1072 1045 841 1059 468 1128 1040 1174 1213 275 685 826 611 1165 714 1163 692 702 1241 494 358 470 804 1152 1243 1087 1126 957 1304 488 701 1072 937 601 558 175 187 415 932
761 953 1450 897 703 1926 108 982 1430 890 1354 1008 631 1005 598 398 697 746 711 829 0 950 540 303 1101 953 639 618 1100 760 931 812 1009 177 486 1323 513 973 1017 366 433 282 970 387 783 718 860 1418 661 443 971 80 491 632 1054 966 1100 1077 694 1369 239 1295 597 640 1089 618 1387 1926 1178 817 705 50 1078 1357 1014 497 154 1053 618 1385 999 864 1286 575 815 798 1037 129
855 40 1640 92 797 1840 955 532 1621 98 1544 1121 726 109 692 596 586 840 805 1138 950 0 857 755 306 1066 734 713 1290 854 217 1120 1129 809 544 1513 858 1172 595 1043 558 1002 256 1015 1092 943 1071 1608 467 542 543 950 850 726 259 171 305 344 919 1560 988 1486 914 479 666 506 1577 2032 1368 932 799 926 439 1271 336 570 859 340 712 1575 321 260 1476 669 1040 1023 1131 890
1039 860 1728 804 981 1692 544 1194 1709 797 1632 1286 910 912 877 431 976 1024 989 1108 540 857 0 589 1014 1231 918 897 1378 1039 838 1090 1288 514 393 1601 84 1251 1296 269 392 450 877 241 1062 997 575 1696 940 376 1205 551 76 910 981 893 1026 984 972 1648 415 1574 115 918 1367 897 1665 1884 1456 1095 984 515 1139 1123 1057 326 667 961 896 1663 1042 1006 1564 854 1093 1076 1315 642
863 759 1552 702 805 1731 309 1084 1533 696 1456 1110 734 811 701 204 800 848 813 932 303 755 589 0 912 1055 742 721 1202 863 736 914 1112 163 291 1425 590 1075 1120 469 238 384 776 489 886 821 917 1520 764 248 1074 303 583 734 879 791 925 883 796 1472 342 1398 646 742 1191 721 1489 1923 1280 919 808 280 1038 1162 956 303 213 859 720 1487 941 905 1388 678 917 900 1139 243
892 310 1677 263 834 1997 1053 258 1658 269 1581 1158 763 362 729 754 623 877 842 1175 1101 306 1014 912 0 1103 771 750 1327 891 257 1157 1166 966 701 1550 1015 1209 378 1200 715 1038 233 1172 1129 980 1228 1645 504 699 269 1107 1007 763 90 172 86 70 956 1597 1098 1523 1071 516 450 543 1614 2153 1405 969 836 1076 202 1428 305 728 1016 161 749 1612 336 322 1513 706 1077 1060 1168 1047
363 1070 591 1023 424 1228 905 984 572 1029 496 73 393 1083 496 1151 699 285 321 313 953 1066 1231 1055 1103 0 356 401 242 243 1148 295 80 927 1238 465 1204 123 1019 1055 1185 890 1188 1078 296 268 1378 559 663 1195 973 964 1183 494 1056 968 1102 1141 297 511 949 437 1288 642 1091 620 528 1067 320 193 305 928 1080 1069 1016 1250 1080 1232 514 526 1001 866 427 430 184 209 249 1055
152 737 930 690 227 1566 591 651 910 696 834 411 60 750 163 837 367 129 95 521 639 734 918 742 771 356 0 68 580 144 815 503 419 614 925 803 891 461 687 742 872 577 855 765 479 317 1065 898 330 882 640 651 869 196 724 636 769 808 292 849 636 775 975 309 758 287 867 1406 658 221 89 614 748 1407 683 936 767 899 182 865 668 533 766 98 392 396 421 742
197 716 975 669 247 1611 570 630 955 675 879 456 60 729 142 816 346 174 140 566 618 713 897 721 750 401 68 0 625 189 794 548 464 593 904 848 870 506 666 721 851 555 834 744 524 362 1043 943 309 861 619 630 848 175 703 615 748 787 337 894 615 820 954 288 737 266 912 1451 703 267 134 593 727 1452 662 915 746 878 161 910 647 512 811 76 437 441 466 721
587 1294 429 1247 616 1065 1052 1208 409 1253 333 199 616 1307 718 1298 923 509 545 416 1100 1290 1378 1202 1327 242 580 625 0 466 1372 398 211 1074 1385 302 1351 214 1243 1202 1332 1037 1411 1225 389 460 1525 375 887 1342 1197 1111 1330 686 1280 1192 1326 1365 489 327 1096 274 1435 866 1315 844 344 904 157 417 528 1075 1304 906 1239 1397 1227 1456 706 342 1225 1089 264 654 389 402 272 1202
192 858 816 811 267 1453 712 772 797 817 720 298 181 871 284 958 487 169 135 407 760 854 1039 863 891 243 144 189 466 0 936 390 305 734 1045 689 1012 348 807 863 993 697 976 886 390 349 1185 784 451 1002 761 772 990 317 844 756 890 929 325 736 757 662 1096 430 879 408 753 1292 544 131 93 735 868 1293 804 1057 888 1020 303 751 789 654 652 218 279 304 307 863
937 220 1722 164 879 1821 936 437 1702 157 1626 1203 807 272 774 577 667 921 887 1220 931 217 838 736 257 1148 815 794 1372 936 0 1202 1211 790 525 1595 839 1253 558 1024 539 1012 120 996 1174 1025 1052 1690 549 523 448 931 831 807 314 253 311 227 1001 1641 969 1567 895 561 629 588 1658 2013 1450 1013 881 907 382 1252 417 551 840 203 794 1657 402 366 1558 751 1122 1104 1213 871
399 1124 748 1077 380 1384 764 1038 728 1082 652 302 540 1137 482 1009 753 408 444 40 812 1120 1090 914 1157 295 503 548 398 390 1202 0 264 786 1097 621 1063 228 1073 914 1044 749 1241 937 68 228 1237 716 717 1054 1027 823 1041 450 1110 1022 1156 1195 257 667 808 593 1147 696 1145 674 684 1223 476 340 452 786 1134 1225 1069 1108 939 1286 470 683 1054 919 583 541 157 169 397 914
425 1133 561 1086 483 1197 961 1046 541 1091 465 76 455 1146 558 1207 762 348 384 282 1009 1129 1288 1112 1166 80 419 464 211 305 1211 264 0 983 1294 434 1261 81 1082 1112 1242 946 1250 1135 265 327 1434 529 726 1251 1036 1021 1239 553 1119 1031 1165 1204 356 480 1006 406 1345 705 1154 683 498 1037 289 256 367 984 1143 1038 1078 1306 1137 1295 573 496 1063 928 397 493 247 268 253 1112
735 813 1424 756 677 1785 181 956 1405 750 1328 982 606 865 572 258 672 720 685 804 177 809 514 163 966 927 614 593 1074 734 790 786 983 0 345 1297 487 947 992 340 292 256 830 361 758 692 834 1392 635 302 945 188 465 606 933 845 979 937 668 1344 213 1270 571 614 1063 592 1361 1900 1152 791 679 152 1053 1216 988 357 188 913 592 1359 973 838 1260 549 789 772 1011 219
1046 547 1580 491 988 1520 492 882 1578 485 1639 1293 917 599 883 133 983 1031 996 1115 486 544 393 291 701 1238 925 904 1385 1045 525 1097 1294 345 0 1608 394 1258 1002 579 94 567 564 551 1069 1003 721 1568 876 78 893 486 386 917 668 580 714 671 979 1631 524 1580 450 888 1074 903 1649 1712 1463 1102 990 463 826 951 744 106 395 648 903 1574 729 693 1571 860 1100 1083 1322 426
810 1517 331 1470 839 1103 1275 1431 311 1476 68 422 840 1530 941 1521 1146 732 768 639 1323 1513 1601 1425 1550 465 803 848 302 689 1595 621 434 1297 1608 0 1575 437 1466 1425 1555 1260 1635 1448 613 683 1748 443 1110 1565 1420 1334 1553 909 1503 1415 1549 1588 712 507 1319 81 1659 1089 1538 1067 524 942 199 640 752 1298 1527 944 1462 1620 1451 1679 929 449 1448 1313 303 877 612 625 495 1426
1012 861 1701 805 955 1693 517 1195 1682 798 1606 1259 883 913 850 432 949 997 962 1081 513 858 84 590 1015 1204 891 870 1351 1012 839 1063 1261 487 394 1575 0 1224 1269 242 393 423 878 214 1035 970 576 1669 913 377 1206 524 77 883 982 894 1027 985 946 1621 388 1547 141 891 1340 870 1638 1885 1430 1068 957 488 1140 1124 1058 327 640 961 869 1636 1043 1007 1537 827 1066 1049 1288 615
465 1175 564 1128 447 1201 925 1089 545 1134 468 119 498 1188 548 1170 805 391 426 246 973 1172 1251 1075 1209 123 461 506 214 348 1253 228 81 947 1258 437 1224 0 1125 1075 1205 910 1293 1098 229 290 1398 532 768 1215 1078 984 1203 516 1162 1074 1207 1246 320 484 969 410 1308 747 1196 725 501 1040 292 298 410 948 1186 1041 1121 1270 1100 1337 536 499 1106 971 400 535 219 232 295 1075
808 598 1593 551 750 2230 969 163 1574 557 1497 1074 679 611 645 1055 539 793 758 1091 1017 595 1296 1120 378 1019 687 666 1243 807 558 1073 1082 992 1002 1466 1269 1125 0 1120 1016 955 534 1143 1045 896 1443 1561 420 1001 152 1029 1247 679 436 497 432 371 872 1513 1014 1439 1353 432 101 459 1530 2069 1321 885 752 992 259 1729 361 1029 1145 462 665 1528 393 394 1429 622 993 976 1084 1120
863 1046 1552 990 805 1878 370 1084 1533 983 1456 1110 734 1098 700 564 800 848 813 932 366 1043 269 469 1200 1055 742 721 1202 863 1024 914 1112 340 579 1425 242 1075 1120 0 578 277 1063 116 886 821 573 1520 763 563 1073 378 220 734 1157 1069 1202 1170 796 1472 241 1398 326 742 1191 720 1489 2028 1280 919 807 341 1181 1309 1116 512 494 1147 720 1487 1101 966 1388 677 917 900 1139 469
993 562 1594 505 935 1534 439 896 1592 499 1586 1240 864 614 830 80 930 978 943 1062 433 558 392 238 715 1185 872 851 1332 993 539 1044 1242 292 94 1555 393 1205 1016 578 0 514 579 551 1016 951 720 1582 890 51 907 433 386 864 682 594 728 686 926 1602 471 1528 449 872 1088 850 1619 1726 1410 1049 937 410 840 965 759 106 342 662 850 1588 744 708 1518 807 1047 1030 1269 373
698 1005 1387 958 640 2007 234 919 1367 964 1291 945 568 1018 535 480 635 683 648 767 282 1002 450 384 1038 890 577 555 1037 697 1012 749 946 256 567 1260 423 910 955 277 514 0 1052 297 721 655 786 1355 598 524 908 293 402 569 992 903 1037 1076 631 1306 278 1232 507 577 1026 555 1324 1863 1115 754 642 257 1015 1438 951 579 410 1135 555 1322 936 801 1223 512 752 735 974 385
976 260 1761 204 918 1860 976 413 1742 197 1666 1243 847 312 813 617 707 961 926 1259 970 256 877 776 233 1188 855 834 1411 976 120 1241 1250 830 564 1635 878 1293 534 1063 579 1052 0 1036 1213 1065 1091 1729 588 563 424 970 871 847 290 293 287 203 1040 1681 1009 1607 934 600 605 628 1698 2053 1490 1053 921 947 358 1292 457 591 880 179 833 1696 442 406 1597 791 1161 1144 1252 910
886 1018 1575 962 828 1851 391 1107 1556 956 1479 1133 757 1070 724 584 823 871 836 955 387 1015 241 489 1172 1078 765 744 1225 886 996 937 1135 361 551 1448 214 1098 1143 116 551 297 1036 0 909 844 625 1543 787 535 1097 398 192 757 1139 1051 1185 1142 819 1495 262 1421 298 765 1214 744 1512 2043 1303 942 831 362 1204 1282 1139 485 514 1119 743 1510 1124 989 1411 701 940 923 1162 489
371 1095 739 1049 352 1376 735 1009 720 1054 644 303 516 1109 454 981 725 380 415 86 783 1092 1062 886 1129 296 479 524 389 390 1174 68 265 758 1069 613 1035 229 1045 886 1016 721 1213 909 0 229 1209 707 689 1026 999 795 1013 422 1082 994 1127 1167 258 659 780 585 1119 668 1116 646 676 1215 468 341 452 758 1106 1216 1041 1080 911 1258 442 674 1026 891 575 512 158 170 398 886
208 947 810 900 189 1446 670 861 791 906 714 323 353 960 291 916 576 217 253 246 718 943 997 821 980 268 317 362 460 349 1025 228 327 692 1003 683 970 290 896 821 951 655 1065 844 229 0 1143 778 540 960 850 730 948 259 933 845 979 1018 63 730 715 656 1054 519 968 497 747 1286 538 247 301 693 957 1287 893 1015 846 1109 279 745 878 743 646 350 130 113 370 821
1192 1078 1881 1021 1134 1850 818 1412 1861 1015 1785 1439 1062 1130 1029 762 1128 1176 1142 1260 866 1074 579 921 1231 1384 1070 1049 1531 1191 1055 1242 1440 840 724 1754 580 1404 1448 578 724 792 1095 631 1214 1149 0 1849 1092 708 1402 877 572 1063 1198 1110 1244 1202 1125 1800 757 1726 636 1071 1520 1049 1817 2043 1609 1248 1136 841 1357 1282 1275 658 993 1178 1049 1816 1260 1224 1717 1006 1246 1229 1468 968
904 1611 221 1565 934 828 1370 1525 218 1570 454 517 934 1625 1035 1614 1241 827 863 733 1418 1608 1696 1520 1645 559 898 943 375 784 1690 716 529 1392 1562 443 1669 532 1561 1520 1576 1355 1729 1543 707 778 1843 0 1205 1560 1515 1429 1648 1004 1598 1510 1644 1683 807 116 1414 395 1753 1184 1633 1162 134 668 282 735 846 1393 1622 669 1557 1588 1545 1774 1024 59 1542 1407 236 972 707 719 589 1520
452 470 1237 424 394 1873 613 384 1217 429 1141 718 322 484 289 859 195 436 402 735 661 467 940 764 504 663 330 309 887 451 549 717 726 635 876 1110 913 768 420 763 890 598 588 787 689 540 1086 1205 0 874 374 673 891 322 457 369 502 542 516 1156 657 1082 997 89 491 116 1174 1713 965 528 396 636 481 1603 416 902 789 633 309 1172 401 266 1073 266 637 619 728 764
1003 546 1578 489 945 1518 449 880 1576 483 1596 1250 874 598 840 89 940 988 953 1072 443 542 376 248 699 1195 882 861 1342 1002 523 1054 1251 302 78 1565 377 1215 1001 563 51 524 563 535 1026 960 704 1566 874 0 891 443 370 874 666 578 712 670 936 1611 481 1537 434 882 1072 860 1629 1711 1420 1059 947 420 825 950 743 90 352 646 860 1572 728 692 1528 817 1057 1040 1279 383
762 546 1547 500 704 2183 923 110 1527 505 1451 1028 632 565 599 945 492 746 712 1045 971 543 1205 1074 269 973 640 619 1197 761 448 1027 1036 945 893 1420 1206 1078 152 1073 907 908 424 1097 999 850 1396 1515 374 891 0 983 1199 632 326 408 323 262 826 1466 967 1392 1263 386 223 413 1484 2023 1275 838 706 946 150 1620 252 919 1099 353 619 1482 283 347 1383 576 947 929 1038 1074
772 953 1461 897 714 1926 120 993 1442 890 1365 1019 643 1005 610 398 709 757 722 841 80 950 551 303 1107 964 651 630 1111 772 931 823 1021 188 486 1334 524 984 1029 378 433 293 970 398 795 730 871 1429 673 443 983 0 503 643 1066 978 1111 1077 705 1381 251 1307 608 651 1100 630 1398 1937 1189 828 717 62 1090 1357 1025 497 154 1053 629 1396 1010 875 1297 587 826 809 1048 129
991 853 1680 797 933 1686 495 1188 1660 791 1584 1238 861 905 828 424 927 975 941 1059 491 850 76 583 1007 1183 869 848 1330 990 831 1041 1239 465 386 1553 77 1203 1247 220 386 402 871 192 1013 948 568 1648 891 370 1199 503 0 862 974 886 1020 977 924 1599 366 1525 133 870 1319 848 1616 1878 1408 1047 935 466 1132 1117 1050 320 619 954 848 1615 1036 999 1516 805 1045 1028 1267 594
171 729 1036 683 113 1672 584 643 1017 688 940 549 188 743 73 829 359 251 233 468 632 726 910 734 763 494 196 175 686 317 807 450 553 606 917 909 883 516 679 734 864 569 847 757 422 259 1057 1004 322 874 632 643 862 0 716 628 761 800 235 956 628 882 967 301 750 279 973 1512 764 343 262 606 740 1513 675 929 759 892 61 971 660 525 872 132 356 339 571 734
845 263 1630 216 787 1964 1006 315 1611 222 1534 1111 716 315 682 721 576 830 795 1128 1054 259 981 879 90 1056 724 703 1280 844 314 1110 1119 933 668 1503 982 1162 436 1157 682 992 290 1139 1082 933 1195 1598 457 666 326 1066 974 716 0 125 88 127 909 1550 1051 1476 1038 469 507 496 1567 2106 1358 922 789 1029 260 1395 326 695 983 218 702 1565 311 275 1466 659 1030 1013 1121 1014
757 175 1542 128 699 1876 918 397 1523 134 1446 1023 628 227 594 633 488 742 707 1040 966 171 893 791 172 968 636 615 1192 756 253 1022 1031 845 580 1415 894 1074 497 1069 594 903 293 1051 994 845 1107 1510 369 578 408 978 886 628 125 0 171 210 821 1462 963 1388 950 381 568 408 1479 2018 1270 834 701 941 341 1307 238 607 895 301 614 1477 223 187 1378 571 942 925 1033 926
890 308 1676 262 833 2010 1052 312 1656 267 1580 1157 761 360 728 766 621 875 841 1174 1100 305 1026 925 86 1102 769 748 1326 890 311 1156 1165 979 714 1549 1027 1207 432 1202 728 1037 287 1185 1127 979 1240 1644 502 712 323 1111 1020 761 88 171 0 124 955 1595 1096 1521 1084 515 504 542 1612 2151 1404 967 835 1075 256 1441 359 740 1029 215 748 1611 356 320 1511 705 1076 1058 1167 1060
929 347 1715 301 872 1967 1083 251 1695 304 1619 1196 800 399 767 724 660 914 880 1213 1077 344 984 883 70 1141 808 787 1365 929 227 1195 1204 937 671 1588 985 1246 371 1170 686 1076 203 1142 1167 1018 1198 1683 542 670 262 1077 977 800 127 210 124 0 994 1634 1116 1560 1041 554 443 581 1651 2160 1443 1006 874 1054 195 1398 297 698 987 132 787 1650 329 359 1550 744 1115 1097 1206 1017
184 923 839 876 165 1476 646 837 820 882 743 352 329 936 267 892 552 193 228 275 694 919 972 796 956 297 292 337 489 325 1001 257 356 668 979 712 946 320 872 796 926 631 1040 819 258 63 1119 807 516 936 826 705 924 235 909 821 955 994 0 759 690 685 1030 495 944 473 776 1315 567 222 277 669 933 1316 868 991 822 1085 255 774 854 718 675 325 159 142 399 797
856 1563 284 1516 886 892 1321 1477 282 1522 518 468 886 1576 987 1567 1193 779 814 685 1369 1560 1648 1472 1597 511 849 894 327 736 1641 667 480 1344 1625 507 1621 484 1513 1472 1602 1306 1681 1495 659 730 1794 116 1156 1611 1466 1381 1599 956 1550 1462 1595 1634 759 0 1366 459 1705 1135 1584 1113 42 731 346 686 798 1344 1574 732 1509 1652 1497 1725 975 83 1494 1359 300 924 659 671 541 1472
757 992 1446 935 699 1964 243 978 1427 929 1350 1004 628 1044 594 437 694 742 707 826 239 988 415 342 1098 949 636 615 1096 757 969 808 1006 213 524 1319 388 969 1014 241 471 278 1009 262 780 715 751 1414 657 481 967 251 366 628 1051 963 1096 1116 690 1366 0 1292 472 636 1085 614 1383 1922 1174 813 701 214 1075 1396 1010 536 367 1092 614 1381 995 860 1282 571 811 794 1033 342
782 1489 283 1442 812 1055 1247 1403 263 1448 92 394 812 1502 913 1493 1119 705 740 611 1295 1486 1574 1398 1523 437 775 820 274 662 1567 593 406 1270 1580 81 1547 410 1439 1398 1528 1232 1607 1421 585 656 1720 395 1082 1537 1392 1307 1525 882 1476 1388 1521 1560 685 459 1292 0 1631 1061 1510 1039 476 895 151 612 724 1270 1500 896 1435 1592 1423 1651 901 401 1420 1285 255 850 585 597 467 1398
1096 917 1785 861 1039 1749 601 1251 1766 855 1690 1343 967 969 934 488 1033 1081 1046 1165 597 914 115 646 1071 1288 975 954 1435 1096 895 1147 1345 571 450 1659 141 1308 1353 326 449 507 934 298 1119 1054 632 1753 997 434 1263 608 133 967 1038 950 1084 1041 1030 1705 472 1631 0 975 1424 954 1722 1942 1514 1152 1041 572 1196 1181 1114 383 724 1018 953 1720 1099 1063 1621 911 1150 1133 1372 699
430 483 1216 436 373 1852 592 397 1196 442 1120 697 301 496 268 838 133 415 381 714 640 479 918 742 516 642 309 288 866 430 561 696 705 614 888 1089 891 747 432 742 872 577 600 765 668 519 1065 1184 89 882 386 651 870 301 469 381 515 554 495 1135 636 1061 975 0 504 54 1152 1691 944 507 375 615 493 1615 428 915 767 645 288 1151 414 278 1051 245 616 598 707 742
879 670 1665 623 822 2301 1041 234 1645 628 1569 1146 750 683 717 1126 610 864 830 1163 1089 666 1367 1191 450 1091 758 737 1315 879 629 1145 1154 1063 1074 1538 1340 1196 101 1191 1088 1026 605 1214 1116 968 1514 1633 491 1072 223 1100 1319 750 507 568 504 443 944 1584 1085 1510 1424 504 0 531 1601 2140 1393 956 824 1064 331 1801 433 1100 1216 534 736 1600 464 465 1500 694 1065 1047 1156 1191
409 510 1194 463 351 1830 570 424 1174 469 1098 675 279 523 246 816 97 393 359 692 618 506 897 721 543 620 287 266 844 408 588 674 683 592 903 1067 870 725 459 720 850 555 628 744 646 497 1043 1162 116 860 413 630 848 279 496 408 542 581 473 1113 614 1039 954 54 531 0 1131 1670 922 485 353 593 520 1642 456 915 746 672 266 1129 441 306 1030 223 594 576 685 721
873 1580 301 1534 903 909 1339 1494 299 1539 535 485 903 1594 1004 1584 1210 796 832 702 1387 1577 1665 1489 1614 528 867 912 344 753 1658 684 498 1361 1642 524 1638 501 1530 1489 1619 1324 1698 1512 676 747 1812 134 1174 1629 1484 1398 1616 973 1567 1479 1612 1651 776 42 1383 476 1722 1152 1601 1131 0 748 363 703 815 1361 1591 750 1526 1669 1514 1743 993 101 1511 1376 317 941 676 688 558 1489
1412 2029 680 1973 1442 296 1878 2033 677 1966 953 1025 1442 2081 1543 1758 1749 1335 1371 1241 1926 2026 1878 1917 2153 1067 1406 1451 904 1292 2007 1223 1037 1900 1706 942 1879 1040 2069 2028 1720 1863 2046 2037 1215 1286 2044 668 1713 1704 2023 1937 1872 1512 2106 2018 2151 2153 1315 731 1922 895 1935 1691 2140 1670 748 0 782 1242 1354 1901 2130 813 2065 1732 2021 2129 1532 673 2050 1915 736 1480 1215 1227 1097 2028
665 1372 306 1325 694 942 1130 1286 286 1331 210 277 695 1385 796 1376 1001 587 623 494 1178 1368 1456 1280 1405 320 658 703 157 544 1450 476 289 1152 1463 199 1430 292 1321 1280 1410 1115 1490 1303 468 538 1603 282 965 1420 1275 1189 1408 764 1358 1270 1404 1443 567 346 1174 151 1514 944 1393 922 363 782 0 495 607 1153 1382 783 1318 1475 1306 1534 784 288 1303 1168 142 732 467 480 350 1281
199 935 767 889 273 1403 769 849 747 894 671 248 258 948 361 1014 565 122 157 358 817 932 1095 919 969 193 221 267 417 131 1013 340 256 791 1102 640 1068 298 885 919 1049 754 1053 942 341 247 1242 735 528 1059 838 828 1047 343 922 834 967 1006 222 686 813 612 1152 507 956 485 703 1242 495 0 193 792 946 1244 881 1114 944 1098 362 702 866 731 602 296 229 254 258 919
137 803 878 756 212 1515 657 717 859 762 783 360 126 816 229 903 432 114 80 470 705 799 984 808 836 305 89 134 528 93 881 452 367 679 990 752 957 410 752 807 937 642 921 831 452 301 1130 846 396 947 706 717 935 262 789 701 835 874 277 798 701 724 1041 375 824 353 815 1354 607 193 0 680 813 1355 749 1002 833 965 248 813 734 599 714 163 341 366 369 808
736 930 1425 874 678 1903 83 957 1405 867 1329 983 606 982 573 375 672 720 686 804 50 926 515 280 1076 928 614 593 1075 735 907 786 984 152 463 1298 488 948 992 341 410 257 947 362 758 693 835 1393 636 420 946 62 466 606 1029 941 1075 1054 669 1344 214 1270 572 615 1064 593 1361 1901 1153 792 680 0 1053 1334 988 474 178 1030 593 1360 974 838 1261 550 790 772 1012 153
869 442 1654 396 811 2122 1030 139 1635 401 1558 1135 740 494 706 879 600 854 819 1152 1078 439 1139 1038 202 1080 748 727 1304 868 382 1134 1143 1053 826 1527 1140 1186 259 1181 840 1015 358 1204 1106 957 1353 1622 481 825 150 1090 1132 740 260 341 256 195 933 1574 1075 1500 1196 493 331 520 1591 2130 1382 946 813 1053 0 1553 134 853 1142 287 726 1589 165 337 1490 683 1054 1037 1145 1172
1414 1268 681 1212 1443 974 1356 1602 679 1205 955 1026 1443 1320 1545 997 1715 1336 1372 1243 1351 1265 1117 1156 1422 1069 1407 1452 906 1293 1246 1225 1038 1210 945 944 1118 1041 1723 1303 959 1432 1285 1276 1216 1287 1283 669 1596 943 1613 1351 1111 1513 1389 1301 1434 1392 1316 732 1389 896 1174 1609 1794 1636 750 813 783 1244 1355 1327 1547 0 1465 971 1260 1368 1533 675 1450 1414 737 1481 1216 1229 1099 1291
804 339 1589 292 746 2040 966 241 1570 298 1493 1071 675 391 641 797 535 789 754 1087 1014 336 1057 956 305 1016 683 662 1239 804 417 1069 1078 988 744 1462 1058 1121 361 1116 759 951 457 1139 1041 893 1271 1557 416 743 252 1025 1050 675 326 238 359 297 868 1509 1010 1435 1114 428 433 456 1526 2065 1318 881 749 988 134 1471 0 771 1060 389 661 1524 61 234 1425 618 989 972 1080 1090
1058 574 1606 518 1000 1547 503 908 1604 511 1651 1305 928 626 895 144 994 1042 1008 1126 497 570 326 303 728 1250 936 915 1397 1057 551 1108 1306 357 106 1620 327 1270 1029 512 106 579 591 485 1080 1015 654 1594 902 90 919 497 320 929 695 607 740 698 991 1658 536 1592 383 915 1100 915 1675 1739 1475 1114 1002 474 853 978 771 0 407 674 915 1600 756 720 1583 872 1112 1095 1334 438
888 863 1577 806 831 1835 236 1109 1558 800 1482 1135 759 915 726 308 825 873 838 957 154 859 667 213 1016 1080 767 746 1227 888 840 939 1137 188 395 1451 640 1100 1145 494 342 410 880 514 911 846 987 1545 789 352 1099 154 619 759 983 895 1029 987 822 1497 367 1423 724 767 1216 746 1514 2028 1306 944 833 178 1142 1267 1060 407 0 963 745 1512 1045 991 1413 703 942 925 1164 94
1021 343 1806 287 963 1944 1059 342 1786 280 1710 1287 891 395 858 700 752 1005 971 1304 1053 340 961 859 161 1232 899 878 1456 1020 203 1286 1295 913 648 1679 961 1337 462 1147 662 1135 179 1119 1258 1109 1174 1774 633 646 353 1053 954 892 218 301 215 132 1085 1725 1092 1651 1018 645 534 672 1743 2136 1534 1098 965 1030 287 1375 389 674 963 0 878 1741 420 450 1642 835 1206 1189 1297 994
191 715 1056 669 133 1692 570 629 1036 674 960 569 174 729 75 815 345 271 252 488 618 712 896 720 749 514 182 161 706 303 794 470 573 592 903 929 869 536 665 720 850 555 833 743 442 279 1043 1024 309 860 619 629 848 61 702 614 748 787 255 975 614 901 953 288 736 266 993 1532 784 362 248 593 726 1533 661 915 745 878 0 991 646 511 892 118 376 358 580 720
871 1579 227 1532 901 834 1337 1493 224 1538 460 484 901 1592 1003 1582 1208 794 830 701 1385 1575 1663 1487 1612 526 865 910 342 751 1657 683 496 1359 1567 449 1636 499 1528 1487 1582 1322 1696 1510 674 745 1810 59 1172 1566 1482 1396 1615 971 1565 1477 1611 1650 774 83 1381 401 1720 1151 1600 1129 101 673 288 702 813 1360 1589 675 1524 1594 1512 1741 991 0 1509 1374 242 939 674 686 557 1487
789 324 1575 278 732 2025 951 272 1555 283 1479 1056 660 376 627 782 520 774 739 1072 999 321 1042 941 336 1001 668 647 1225 789 402 1054 1063 973 729 1448 1043 1106 393 1101 744 936 442 1124 1026 878 1256 1542 401 728 283 1010 1036 660 311 223 356 329 854 1494 995 1420 1099 414 464 441 1511 2050 1303 866 734 974 165 1457 61 756 1045 420 646 1509 0 219 1410 604 974 957 1065 1076
654 264 1439 241 596 1989 816 358 1420 247 1344 921 525 253 491 746 385 639 604 937 864 260 1006 905 322 866 533 512 1089 654 366 919 928 838 693 1313 1007 971 394 966 708 801 406 989 891 743 1220 1407 266 692 347 875 999 525 275 187 320 359 718 1359 860 1285 1063 278 465 306 1376 1915 1168 731 599 838 337 1420 234 720 991 450 511 1374 219 0 1275 469 839 822 930 966
772 1479 289 1433 802 896 1238 1393 286 1438 313 385 802 1493 903 1483 1109 695 731 601 1286 1476 1564 1388 1513 427 766 811 264 652 1558 583 397 1260 1571 303 1537 400 1429 1388 1518 1223 1597 1411 575 646 1711 236 1073 1528 1383 1297 1516 872 1466 1378 1511 1550 675 300 1282 255 1621 1051 1500 1030 317 736 142 602 714 1261 1490 737 1425 1583 1413 1642 892 242 1410 1275 0 840 575 587 457 1388
226 673 1004 626 203 1640 527 587 985 632 908 485 89 686 98 773 302 204 169 558 575 669 854 678 706 430 98 76 654 218 751 541 493 549 860 877 827 535 622 677 807 512 791 701 512 350 1000 972 266 817 576 587 805 132 659 571 705 744 325 924 571 850 911 245 694 223 941 1480 732 296 163 550 683 1481 618 872 703 835 118 939 604 469 840 0 446 429 495 678
305 1044 739 997 286 1375 767 957 720 1002 643 239 429 1057 387 1012 673 313 349 175 815 1040 1093 917 1077 184 392 437 389 279 1122 157 247 789 1100 612 1066 219 993 917 1047 752 1161 940 158 130 1240 707 637 1057 947 826 1045 356 1030 942 1076 1115 159 659 811 585 1150 616 1065 594 676 1215 467 229 341 790 1054 1216 989 1112 942 1206 376 674 974 839 575 446 0 71 286 917
288 1026 752 980 269 1388 750 940 732 985 656 264 432 1040 370 995 656 296 332 187 798 1023 1076 900 1060 209 396 441 402 304 1104 169 268 772 1083 625 1049 232 976 900 1030 735 1144 923 170 113 1223 719 619 1040 929 809 1028 339 1013 925 1058 1097 142 671 794 597 1133 598 1047 576 688 1227 480 254 366 772 1037 1229 972 1095 925 1189 358 686 957 822 587 429 71 0 312 900
427 1135 622 1088 501 1258 989 1048 602 1093 526 206 457 1148 560 1235 764 350 386 415 1037 1131 1315 1139 1168 249 421 466 272 307 1213 397 253 1011 1322 495 1288 295 1084 1139 1269 974 1252 1162 398 370 1462 589 728 1279 1038 1048 1267 571 1121 1033 1167 1206 399 541 1033 467 1372 707 1156 685 558 1097 350 258 369 1012 1145 1099 1080 1334 1164 1297 580 557 1065 930 457 495 286 312 0 1139
863 893 1552 837 806 1866 211 1084 1533 831 1457 1110 734 945 701 338 800 848 813 932 129 890 642 243 1047 1055 742 721 1202 863 871 914 1112 219 426 1426 615 1075 1120 469 373 385 910 489 886 821 962 1520 764 383 1074 129 594 734 1014 926 1060 1017 797 1472 342 1398 699 742 1191 721 1489 2028 1281 919 808 153 1172 1297 1090 438 94 994 720 1487 1076 966 1388 678 917 900 1139 0
EOF