NAME : tsp_problem
TYPE : TSP
DIMENSION : 34
EDGE_WEIGHT_TYPE : EXPLICIT
EDGE_WEIGHT_FORMAT : FULL_MATRIX
EDGE_WEIGHT_SECTION
0 703 1115 282 359 356 904 573 375 877 551 530 1523 465 371 894 788 718 697 213 510 612 475 878 477 712 690 524 600 940 579 984 709 372
703 0 550 724 906 637 1391 211 907 267 1080 1059 2010 906 917 284 554 70 1084 759 1039 1054 1004 267 911 477 984 1053 1042 1427 345 374 192 918
1120 544 0 966 1324 1055 1577 630 1325 637 1498 1477 1585 881 1335 343 389 529 646 1177 1457 656 1422 638 1329 583 546 1471 761 1643 576 269 611 1336
282 724 960 0 506 431 1066 594 618 898 724 772 1685 237 497 915 809 739 469 339 752 384 717 899 705 733 462 740 372 1103 600 1006 730 497
359 906 1318 506 0 331 615 776 203 1080 273 387 1233 689 75 1097 992 921 921 301 302 836 325 1081 346 915 914 288 824 651 782 1188 912 123
356 637 1049 431 331 0 816 507 332 812 506 485 1435 614 381 829 723 652 846 466 464 761 430 812 336 646 839 479 749 852 514 919 644 428
904 1391 1577 1066 615 816 0 1261 591 1565 388 513 798 1249 620 1582 1476 1406 1482 861 428 1396 450 1566 614 1400 1475 414 1385 103 1267 1673 1397 667
573 211 635 594 776 507 1261 0 777 352 950 930 1880 777 788 369 373 196 976 629 909 924 875 353 781 296 875 924 912 1297 164 460 184 788
375 907 1319 618 203 332 591 777 0 1082 245 224 1210 800 208 1099 993 922 1033 449 204 947 169 1082 174 916 1026 218 936 628 784 1189 913 255
877 267 643 898 1080 812 1565 352 1082 0 1255 1234 2176 1081 1092 377 695 252 1177 934 1213 1187 1179 51 1085 619 1077 1228 1216 1601 486 467 334 1092
551 1080 1492 724 273 506 388 950 245 1255 0 159 1007 907 278 1272 1166 1095 1140 519 75 1054 97 1255 260 1089 1133 61 1043 424 957 1362 1087 325
530 1059 1471 772 387 485 513 930 224 1234 159 0 1131 955 392 1251 1145 1075 1188 633 118 1102 105 1234 240 1068 1181 132 1090 549 936 1341 1066 439
1523 2010 1584 1685 1233 1435 798 1880 1210 2169 1007 1131 0 1868 1239 1875 1792 2025 2049 1480 1046 2015 1069 2170 1232 1986 1949 1033 2003 864 1886 1801 2016 1286
465 906 875 237 689 614 1249 777 800 1081 907 955 1868 0 679 1098 894 922 384 521 934 298 900 1081 887 916 377 922 287 1285 783 1038 913 680
371 917 1329 497 75 381 620 788 208 1092 278 392 1239 679 0 1109 1003 932 912 291 307 826 330 1092 351 926 905 293 815 656 794 1199 924 98
894 284 349 915 1097 829 1582 369 1099 377 1272 1251 1881 1098 1109 0 467 269 883 951 1230 893 1196 378 1102 636 783 1245 998 1618 503 173 351 1109
788 554 383 809 992 723 1476 373 993 695 1166 1145 1798 894 1003 467 0 539 659 845 1124 669 1090 696 996 251 559 1139 775 1513 243 387 527 1004
718 70 535 739 921 652 1406 196 922 252 1095 1075 2025 922 932 269 539 0 1069 774 1054 1069 1020 252 926 462 969 1069 1057 1442 330 359 177 933
697 1084 640 469 921 846 1482 976 1033 1177 1140 1188 2055 384 912 883 659 1069 0 754 1167 198 1133 1178 1120 853 142 1155 303 1518 846 803 1130 913
213 759 1171 339 301 466 861 629 449 934 519 633 1480 521 291 951 845 774 754 0 548 668 571 934 592 768 747 534 657 897 636 1041 765 292
510 1039 1451 752 302 464 428 909 204 1213 75 118 1046 934 307 1230 1124 1054 1167 548 0 1081 56 1214 219 1048 1160 64 1070 464 915 1321 1045 354
612 1054 650 384 836 761 1396 924 947 1187 1054 1102 2015 298 826 893 669 1069 198 668 1081 0 1047 1188 1034 863 152 1069 179 1432 856 813 1060 827
475 1004 1416 717 325 430 450 875 169 1179 97 105 1069 900 330 1196 1090 1020 1133 571 56 1047 0 1179 185 1014 1126 70 1036 487 881 1286 1011 377
878 267 644 899 1081 812 1566 353 1082 51 1255 1234 2176 1081 1092 378 696 252 1178 934 1214 1188 1179 0 1086 620 1078 1228 1217 1602 487 468 334 1093
477 911 1323 705 346 336 614 781 174 1085 260 240 1232 887 351 1102 996 926 1120 592 219 1034 185 1086 0 920 1113 234 1023 650 787 1192 917 399
712 477 577 733 915 646 1400 296 916 619 1089 1068 1992 916 926 636 251 462 853 768 1048 863 1014 620 920 0 753 1063 969 1436 167 581 451 927
690 984 540 462 914 839 1475 875 1026 1077 1133 1181 1955 377 905 783 559 969 142 747 1160 152 1126 1078 1113 753 0 1148 257 1511 746 703 1030 906
524 1053 1465 740 288 479 414 924 218 1228 61 132 1033 922 293 1245 1139 1069 1155 534 64 1069 70 1228 234 1063 1148 0 1058 450 930 1335 1060 341
600 1042 755 372 824 749 1385 912 936 1216 1043 1090 2003 287 815 998 775 1057 303 657 1070 179 1036 1217 1023 969 257 1058 0 1421 918 918 1048 816
940 1427 1643 1103 651 852 103 1297 628 1601 424 549 864 1285 656 1618 1513 1442 1518 897 464 1432 487 1602 650 1436 1511 450 1421 0 1303 1709 1433 703
579 345 570 600 782 514 1267 164 784 486 957 936 1886 783 794 503 243 330 846 636 915 856 881 487 787 167 746 930 918 1303 0 574 318 794
984 374 275 1006 1188 919 1673 460 1189 467 1362 1341 1807 1038 1199 173 387 359 803 1041 1321 813 1286 468 1192 581 703 1335 918 1709 574 0 441 1200
709 192 617 730 912 644 1397 184 913 334 1087 1066 2016 913 924 351 527 177 1130 765 1045 1060 1011 334 917 451 1030 1060 1048 1433 318 441 0 924
372 918 1330 497 123 428 667 788 255 1092 325 439 1286 680 98 1109 1004 933 913 292 354 827 377 1093 399 927 906 341 816 703 794 1200 924 0
EOF