NAME : tsp_problem
TYPE : TSP
DIMENSION : 22
EDGE_WEIGHT_TYPE : EXPLICIT
EDGE_WEIGHT_FORMAT : FULL_MATRIX
EDGE_WEIGHT_SECTION
0 644 1352 1397 317 272 1287 987 757 788 584 207 342 408 655 429 1063 1339 228 309 306 632
644 0 805 1326 856 875 740 983 279 1186 196 810 945 1011 546 252 998 792 551 912 534 140
1352 805 0 703 1564 1584 153 1700 674 1453 907 1518 1653 1694 1289 1041 1741 218 1259 1621 1242 838
1391 1326 703 0 1536 1149 628 1025 1195 778 1428 1365 1500 1019 1281 1562 1101 693 1577 1140 1655 1359
317 856 1564 1542 0 477 1499 1133 968 933 796 290 222 553 866 641 1208 1551 439 449 517 844
272 875 1584 1155 477 0 1519 746 988 546 816 247 382 166 860 661 821 1571 459 68 537 864
1287 740 153 628 1499 1519 0 1625 609 1378 842 1453 1588 1619 1224 975 1676 107 1194 1556 1177 773
987 983 1706 1032 1133 746 1632 0 1227 305 1054 962 1097 616 493 899 132 1696 999 736 981 1037
757 279 674 1195 968 988 609 1227 0 1430 311 923 1058 1124 790 460 1241 661 664 1025 646 243
794 1192 1453 779 939 552 1378 300 1436 0 1263 768 904 422 684 1108 375 1443 980 543 1058 1246
584 196 907 1428 796 816 842 1054 311 1257 0 750 885 951 617 214 1069 894 491 853 474 158
207 810 1518 1371 290 247 1453 962 923 762 750 0 181 383 821 595 1038 1505 394 284 472 798
342 945 1653 1507 222 382 1588 1097 1058 898 885 181 0 518 956 730 1173 1640 529 419 607 933
408 1011 1700 1025 553 166 1625 616 1124 416 951 383 518 0 731 796 692 1690 595 157 673 999
655 546 1289 1287 866 860 1224 493 790 678 617 821 956 731 0 462 508 1276 562 851 544 600
429 252 1041 1562 641 661 975 899 460 1103 214 595 730 796 462 0 914 1028 336 698 319 291
1063 998 1741 1107 1208 821 1676 132 1241 381 1069 1038 1173 692 508 914 0 1728 1014 812 996 1052
1339 792 218 693 1551 1571 107 1690 661 1443 894 1505 1640 1684 1276 1028 1728 0 1246 1608 1229 825
228 551 1259 1584 439 459 1194 999 664 974 491 394 529 595 562 336 1014 1246 0 496 186 539
309 912 1621 1146 449 68 1556 736 1025 537 853 284 419 157 851 698 812 1608 496 0 574 901
306 534 1242 1662 517 537 1177 981 646 1053 474 472 607 673 544 319 996 1229 186 574 0 522
632 140 838 1359 844 864 773 1037 243 1240 158 798 933 999 600 291 1052 825 539 901 522 0
EOF