NAME : tsp_problem
TYPE : TSP
DIMENSION : 30
EDGE_WEIGHT_TYPE : EXPLICIT
EDGE_WEIGHT_FORMAT : FULL_MATRIX
EDGE_WEIGHT_SECTION
0 436 943 1013 1098 1522 1203 1725 1175 1064 1072 415 981 123 968 1062 871 952 1277 1711 1386 906 995 774 895 1234 360 964 1062 814
424 0 607 1057 1143 1567 867 1710 839 1108 984 681 1026 379 1012 974 535 616 1321 1494 1050 570 1039 438 559 898 626 628 974 478
943 607 0 832 757 1277 480 1480 505 723 525 1200 640 898 627 515 344 209 955 1466 592 98 653 359 183 439 1145 436 515 266
1013 1057 832 0 153 605 824 808 849 393 558 874 240 977 245 548 1027 969 314 794 936 859 228 1043 817 783 819 1081 548 949
1098 1143 757 153 0 678 749 881 775 291 483 960 165 1062 170 473 953 894 357 868 861 784 154 968 742 708 905 1006 473 874
1522 1567 1277 605 678 0 1269 239 1295 755 1004 1384 765 1487 771 994 1473 1414 349 309 1382 1304 754 1489 1262 1228 1329 1527 994 1395
1203 867 480 824 749 1269 0 1472 95 715 517 1199 633 1157 619 507 414 617 947 1459 235 506 646 531 398 93 1144 360 507 457
1725 1703 1480 808 881 239 1472 0 1498 958 1207 1587 968 1690 973 1197 1676 1617 552 258 1585 1507 957 1692 1465 1431 1532 1730 1196 1598
1175 839 505 849 775 1295 95 1498 0 740 543 1225 658 1130 644 533 387 615 973 1484 260 532 671 503 371 118 1170 333 532 430
1064 1108 723 393 291 755 715 958 740 0 449 925 254 1028 240 439 918 860 433 944 827 749 267 934 708 674 870 972 439 840
1072 984 525 558 483 1004 517 1207 543 449 0 934 367 1036 353 44 721 662 681 1193 629 552 380 736 510 476 879 774 66 642
415 692 1200 874 960 1384 1199 1587 1225 925 934 0 843 380 830 924 1128 1208 1139 1573 1312 1162 856 1030 1152 1158 88 1220 924 1070
981 1026 640 240 165 765 633 968 658 254 367 843 0 946 77 357 836 778 474 954 745 667 61 852 625 592 788 890 357 758
123 391 898 977 1062 1487 1157 1690 1130 1028 1036 380 946 0 932 1026 826 907 1241 1676 1340 860 959 729 850 1188 325 918 1026 768
968 1012 627 245 170 771 619 973 644 240 353 830 77 932 0 343 822 764 473 960 731 653 67 838 612 578 775 876 343 744
1062 974 515 548 473 994 507 1197 533 439 44 924 357 1026 343 0 711 652 672 1183 619 542 370 726 500 466 869 765 75 633
871 535 344 1027 953 1473 414 1676 387 918 721 1128 836 826 822 711 0 352 1151 1662 597 306 849 199 296 456 1073 175 710 126
952 616 209 969 894 1414 617 1617 615 860 662 1208 778 907 764 652 352 0 1092 1604 729 142 791 368 276 576 1153 445 652 274
1277 1321 955 314 357 349 947 552 973 433 681 1139 474 1241 473 672 1151 1092 0 538 1059 982 463 1166 940 906 1084 1205 671 1073
1711 1488 1466 794 868 309 1459 258 1484 944 1193 1573 954 1676 960 1183 1662 1604 538 0 1571 1493 943 1678 1451 1418 1518 1716 1183 1584
1386 1050 592 936 861 1382 235 1585 260 827 629 1312 745 1340 731 619 597 729 1059 1571 0 618 758 714 577 205 1257 543 619 641
906 570 98 859 784 1304 506 1507 532 749 552 1162 667 860 653 542 306 142 982 1493 618 0 680 322 210 465 1107 399 542 228
995 1039 653 228 154 754 646 957 671 267 380 856 61 959 67 370 849 791 463 943 758 680 0 865 638 605 801 903 370 771
774 438 359 1043 968 1489 531 1692 503 934 736 1030 852 729 838 726 199 368 1166 1678 714 322 865 0 311 572 975 292 726 142
895 559 183 817 742 1262 398 1465 371 708 510 1152 625 850 612 500 296 276 940 1451 577 210 638 311 0 424 1097 297 500 218
1234 898 439 783 708 1228 93 1431 118 674 476 1158 592 1188 578 466 456 576 906 1418 205 465 605 572 424 0 1103 402 466 499
360 637 1145 819 905 1329 1144 1532 1170 870 879 88 788 325 775 869 1073 1153 1084 1518 1257 1107 801 975 1097 1103 0 1165 869 1015
964 628 436 1081 1006 1527 360 1730 333 972 774 1220 890 918 876 765 175 445 1205 1716 543 399 903 292 297 402 1165 0 764 219
1062 974 515 548 473 994 507 1196 532 439 66 924 357 1026 343 75 710 652 671 1183 619 542 370 726 500 466 869 764 0 632
814 478 266 949 874 1395 457 1598 430 840 642 1070 758 768 744 633 126 274 1073 1584 641 228 771 142 218 499 1015 219 632 0
EOF