NAME : tsp_problem
TYPE : TSP
DIMENSION : 76
EDGE_WEIGHT_TYPE : EXPLICIT
EDGE_WEIGHT_FORMAT : FULL_MATRIX
EDGE_WEIGHT_SECTION
0 1101 1258 1746 1588 467 1079 504 422 349 1240 850 661 419 1191 924 949 202 234 59 650 512 391 322 498 225 354 391 1659 649 324 650 674 400 62 1676 363 894 275 536 448 1514 71 304 1114 1309 484 1668 709 378 732 1197 843 408 631 458 637 1036 603 928 662 611 746 847 571 364 478 413 1635 1068 1204 467 794 880 484 563
1101 0 324 742 667 921 64 673 972 880 157 934 830 874 236 332 189 940 1100 1083 508 850 790 870 1149 1027 1062 845 745 1051 862 836 1076 854 1077 765 817 324 982 648 1042 748 1060 994 114 375 757 665 480 1085 725 113 934 771 565 1109 666 180 941 336 640 948 732 938 918 914 806 1085 721 164 270 1009 1482 258 998 965
1258 324 0 563 488 1079 361 961 1130 1168 207 1091 987 1031 125 406 470 1097 1389 1240 665 1007 947 1159 1307 1185 1350 1003 566 1340 1151 1125 1365 1012 1235 586 975 398 1270 936 1330 569 1218 1151 334 87 914 486 638 1374 1013 266 1222 929 854 1266 955 283 1098 410 928 1106 1021 1226 1207 1072 1095 1373 542 243 90 1297 1303 498 1155 1253
1746 742 563 0 333 1566 789 1353 1617 1560 657 1579 1475 1519 592 894 914 1585 1685 1728 1153 1495 1435 1550 1794 1672 1741 1490 531 1731 1542 1516 1756 1500 1722 295 1462 886 1662 1328 1722 414 1705 1639 822 529 1402 536 1125 1765 1405 684 1614 1417 1245 1754 1346 771 1586 898 1320 1593 1412 1618 1598 1559 1486 1765 508 731 618 1689 1148 984 1643 1645
1582 667 488 333 0 1491 714 1278 1542 1485 582 1504 1400 1444 517 819 839 1510 1380 1611 1078 1420 1360 1475 1719 1597 1660 1415 227 1656 1467 1441 1681 1425 1614 284 1387 811 1580 1253 1640 110 1623 1564 747 454 1327 284 1050 1683 1330 609 1539 1342 1170 1679 1271 696 1511 823 1245 1518 1337 1543 1523 1484 1411 1683 203 656 543 1614 843 909 1568 1570
467 921 1079 1566 1491 0 899 941 377 786 1061 489 300 101 1012 745 769 306 671 449 471 333 262 759 274 361 791 132 1569 1086 761 1087 1111 118 443 1589 135 715 711 973 884 1573 426 299 934 1130 339 1489 530 815 1111 1017 1279 278 951 234 1053 856 267 749 1026 349 1118 1283 1008 319 915 849 1546 889 1025 904 1231 700 123 999
1079 64 361 789 714 899 0 650 951 857 204 912 808 852 283 311 167 918 1078 1061 486 828 768 848 1127 1005 1039 824 793 1029 840 814 1054 833 1056 813 796 302 960 626 1019 796 1039 972 92 412 735 712 459 1063 703 160 911 750 543 1087 644 158 919 314 618 926 710 916 896 893 784 1062 769 142 307 987 1529 237 976 943
504 673 961 1353 1278 941 650 0 896 241 813 1072 967 893 892 627 652 677 462 533 645 986 865 232 972 699 423 865 1356 611 224 396 636 874 537 1376 837 598 343 66 516 1359 545 779 701 1012 894 1275 618 447 285 769 494 882 161 932 167 739 1078 631 192 1085 292 498 478 838 167 481 1332 750 907 536 1022 583 959 525
422 972 1130 1617 1542 377 951 896 0 742 1112 723 619 330 1063 796 820 261 626 404 522 423 214 714 509 349 747 301 1621 1041 717 1043 1066 310 399 1641 273 766 667 928 840 1624 382 315 985 1181 306 1540 581 770 1125 1069 1235 230 1002 469 1030 908 514 800 1054 521 1138 1239 963 85 870 805 1597 940 1076 860 1187 752 454 955
349 880 1168 1560 1485 786 857 241 742 0 1019 1170 980 739 1099 834 859 522 307 378 852 831 710 109 818 544 268 710 1563 563 101 564 588 719 382 1583 682 805 189 273 362 1566 391 624 908 1219 803 1482 825 292 492 976 700 727 368 777 374 946 923 838 399 930 499 705 485 684 215 327 1539 957 1114 381 867 790 804 476
1240 157 207 657 582 1061 204 813 1112 1019 0 1074 969 1014 119 421 328 1079 1240 1222 647 990 930 1010 1289 1167 1201 985 660 1191 1002 976 1216 994 1217 680 957 413 1122 788 1182 663 1200 1134 254 258 896 580 620 1225 865 99 1073 911 705 1248 806 298 1081 425 780 1088 872 1078 1058 1054 946 1224 636 258 153 1149 1397 398 1138 1105
850 934 1091 1579 1504 489 912 1072 723 1170 1074 0 231 544 1024 758 782 691 1055 832 484 441 541 1143 602 689 1175 575 1582 1450 1145 1235 1475 561 827 1602 568 728 1095 1047 1268 1586 810 627 947 1143 508 1502 543 1199 1124 1030 1333 523 964 562 1065 869 351 761 1039 433 1131 1337 1317 665 1205 1233 1558 901 1038 1288 1615 713 406 1364
661 830 987 1475 1400 300 808 967 619 980 969 231 0 355 920 653 678 524 865 643 379 252 436 953 413 499 986 385 1478 1280 955 1131 1305 371 638 1498 389 624 906 943 1079 1481 621 437 843 1038 403 1397 438 1009 1020 926 1228 418 860 372 961 765 162 657 935 243 1027 1233 1202 561 1101 1044 1454 797 933 1098 1425 609 217 1194
419 874 1031 1519 1444 101 852 893 330 739 1014 544 355 0 964 698 722 258 623 401 424 285 214 711 329 346 744 85 1522 1038 714 1040 1063 71 396 1542 88 668 664 925 837 1525 379 313 887 1082 291 1442 482 767 1064 970 1232 231 904 289 1005 809 322 701 979 384 1071 1236 961 272 867 802 1498 841 977 857 1184 653 178 952
1191 236 125 592 517 1012 283 892 1063 1099 119 1024 920 964 0 339 403 1030 1319 1173 598 940 880 1089 1239 1117 1281 936 595 1270 1081 1055 1295 945 1168 615 908 331 1201 867 1261 599 1151 1084 267 176 847 515 571 1304 944 178 1153 862 784 1199 885 216 1031 343 859 1039 951 1157 1138 1005 1025 1304 572 176 71 1228 1332 431 1088 1184
924 332 406 894 819 745 311 627 796 834 421 758 653 698 339 0 233 763 1055 906 331 673 613 825 973 851 1016 669 897 1006 817 791 1031 678 901 917 641 64 937 603 996 901 884 818 284 458 580 817 304 1040 680 429 888 595 520 932 621 184 765 49 595 772 687 893 873 738 761 1039 873 216 353 964 1615 164 821 920
949 189 470 914 839 769 167 652 820 859 328 782 678 722 403 233 0 788 1079 931 356 698 638 849 997 875 1041 693 917 1031 841 815 1055 703 925 937 665 203 961 627 1021 920 908 842 202 521 605 836 328 1064 704 285 913 620 544 957 645 220 789 237 619 796 711 917 898 762 785 1064 893 251 416 988 1639 106 846 944
202 940 1097 1585 1510 306 918 677 261 522 1079 691 524 258 1030 763 788 0 407 184 489 351 230 494 361 148 527 230 1588 822 497 823 846 239 179 1608 202 733 447 709 620 1591 162 167 953 1148 323 1507 548 551 905 1036 1015 247 803 321 810 875 442 767 834 450 919 1019 744 203 651 585 1564 907 1043 640 967 719 347 735
234 1100 1389 1691 1386 671 1078 462 626 307 1240 1055 865 623 1319 1055 1079 407 0 263 854 716 595 279 702 429 312 595 1457 495 282 496 520 604 266 1474 567 1025 232 494 321 1312 275 509 1128 1440 688 1514 913 336 578 1196 688 612 588 662 595 1166 807 1059 619 815 592 693 417 568 435 364 1433 1178 1335 313 592 1010 688 408
59 1083 1240 1728 1617 449 1061 533 404 378 1222 832 643 401 1173 906 931 184 263 0 632 494 373 351 480 207 383 373 1687 678 353 679 703 382 44 1705 345 876 304 565 477 1543 53 286 1096 1291 466 1650 691 407 761 1179 872 390 660 440 666 1018 585 910 690 593 775 876 600 346 507 442 1664 1050 1186 496 823 862 466 591
650 508 665 1153 1078 471 486 645 522 852 647 484 379 424 598 331 356 489 854 632 0 399 339 843 699 577 975 395 1156 1024 835 809 1049 404 627 1176 367 302 895 621 1014 1159 610 544 521 716 306 1075 88 998 698 604 906 321 538 658 639 443 491 335 613 498 705 911 891 464 779 1033 1132 475 611 982 1415 287 547 938
512 850 1007 1495 1420 333 828 986 423 831 990 441 252 285 940 673 698 351 716 494 399 0 300 804 471 439 837 257 1498 1131 806 1133 1156 266 489 1518 229 644 757 963 930 1501 472 405 863 1058 267 1418 458 860 1040 946 1248 282 880 431 981 785 121 677 955 128 1047 1253 1053 365 960 895 1474 817 953 949 1276 629 275 1045
391 790 947 1435 1360 262 768 865 214 710 930 541 436 214 880 613 638 230 595 373 339 300 0 683 478 318 716 186 1438 1010 685 1012 1035 195 368 1458 158 584 636 897 809 1441 351 284 803 998 123 1358 398 739 980 886 1188 70 820 438 921 725 392 617 895 399 987 1193 932 156 839 774 1414 757 893 828 1155 569 338 924
322 870 1159 1550 1475 759 848 232 714 109 1010 1143 953 711 1089 825 849 494 279 351 843 804 683 0 790 517 241 683 1553 536 60 537 561 692 354 1573 655 795 161 264 334 1557 363 597 898 1210 776 1473 816 265 482 966 691 700 358 750 365 936 895 829 389 903 489 695 458 656 206 299 1530 948 1105 354 840 780 776 449
498 1149 1307 1794 1719 274 1127 972 509 818 1289 602 413 329 1239 973 997 361 702 480 699 471 478 790 0 337 823 360 1797 1117 793 1119 1142 346 475 1817 363 943 743 1004 916 1801 458 274 1162 1358 566 1717 758 846 1201 1245 1311 495 1099 72 1106 1084 380 976 1130 462 1214 1315 1039 451 946 881 1774 1116 1253 936 1263 928 236 1031
225 1027 1185 1672 1597 361 1005 699 349 544 1167 689 499 346 1117 851 875 148 429 207 577 439 318 517 337 0 549 317 1675 844 519 845 869 326 201 1695 289 821 469 731 642 1679 184 143 1040 1236 410 1595 636 573 927 1123 1037 334 826 296 832 962 467 854 856 537 941 1042 766 291 673 607 1652 995 1131 662 989 806 323 757
354 1062 1350 1741 1666 791 1039 423 747 268 1201 1175 986 744 1281 1016 1041 527 312 383 975 837 716 241 823 549 0 715 1736 321 243 322 346 724 387 1753 687 986 115 455 120 1592 396 629 1090 1401 808 1664 1007 108 404 1158 515 732 550 782 556 1128 928 1020 580 935 418 519 243 689 397 85 1713 1139 1296 139 872 972 809 235
391 845 1003 1490 1415 132 824 865 301 710 985 575 385 85 936 669 693 230 595 373 395 257 186 683 360 317 715 0 1493 1010 685 1011 1035 65 367 1514 59 639 635 897 808 1497 350 284 858 1054 263 1413 454 739 1035 941 1203 202 875 320 977 780 348 673 950 355 1042 1207 932 243 839 773 1470 813 949 828 1155 624 209 923
1652 745 566 531 227 1569 793 1356 1621 1563 660 1582 1478 1522 595 897 917 1588 1450 1681 1156 1498 1438 1553 1797 1675 1730 1493 0 1734 1545 1519 1759 1503 1685 354 1465 889 1650 1331 1710 180 1694 1642 825 532 1405 127 1129 1754 1408 687 1617 1420 1248 1757 1349 774 1589 901 1323 1596 1415 1621 1602 1563 1489 1753 46 734 621 1692 913 987 1646 1648
649 1051 1340 1731 1656 1086 1029 611 1041 563 1191 1450 1280 1038 1270 1006 1031 822 507 678 1024 1131 1010 536 1117 844 321 1010 1734 0 538 256 63 1019 681 1755 982 976 410 586 245 1738 690 924 1080 1391 1103 1654 997 402 338 1148 448 1027 540 1077 605 1118 1222 1010 629 1230 351 452 176 983 692 288 1711 1129 1286 212 1026 962 1103 143
324 862 1151 1542 1467 761 840 224 717 101 1002 1145 955 714 1081 817 841 497 282 353 835 806 685 60 793 519 243 685 1545 538 0 539 563 694 357 1566 657 787 164 256 337 1549 366 599 890 1202 778 1465 808 267 474 959 683 702 351 752 357 929 898 821 381 905 482 687 460 659 198 302 1522 940 1097 356 842 773 779 451
650 836 1125 1516 1441 1087 814 396 1043 564 976 1235 1131 1040 1055 791 815 823 508 679 809 1133 1012 537 1119 845 322 1011 1519 256 539 0 280 1020 683 1539 983 761 411 371 246 1523 692 925 864 1176 1058 1439 782 404 122 932 233 1028 325 1078 390 902 1224 795 414 1231 136 237 123 985 529 289 1496 914 1071 213 1027 746 1105 169
674 1076 1365 1756 1681 1111 1054 636 1066 588 1216 1475 1305 1063 1295 1031 1055 846 531 703 1049 1156 1035 561 1142 869 346 1035 1759 63 563 280 0 1044 706 1780 1007 1001 435 611 270 1763 715 949 1105 1416 1128 1679 1022 427 363 1173 473 1052 565 1102 630 1143 1247 1035 654 1255 376 477 201 1008 717 313 1736 1154 1311 237 1051 987 1128 168
400 854 1012 1500 1425 118 833 874 310 719 994 561 371 71 945 678 703 239 604 382 404 266 195 692 346 326 724 65 1503 1019 694 1020 1044 0 377 1523 69 648 645 906 818 1506 360 293 868 1063 272 1422 463 748 1044 951 1213 211 885 305 986 790 339 682 959 365 1052 1217 941 252 848 783 1479 822 958 837 1164 634 194 932
62 1077 1235 1722 1621 443 1056 537 399 382 1217 827 638 396 1168 901 925 179 266 44 627 489 368 354 475 201 387 367 1691 681 357 683 706 377 0 1708 339 871 307 568 480 1546 52 281 1090 1286 460 1645 686 410 765 1174 875 384 663 435 670 1013 580 905 694 587 779 879 604 341 510 445 1667 1045 1181 500 827 857 461 595
1669 765 586 295 284 1589 813 1376 1641 1583 680 1602 1498 1542 615 917 937 1608 1467 1698 1176 1518 1458 1573 1817 1695 1747 1514 354 1755 1566 1539 1780 1523 1702 0 1486 909 1667 1351 1727 210 1711 1662 845 552 1425 412 1149 1771 1428 708 1637 1440 1268 1777 1370 794 1609 921 1343 1617 1435 1641 1622 1583 1509 1770 331 754 641 1712 930 1007 1666 1668
363 817 975 1462 1387 135 796 837 273 682 957 568 389 88 908 641 665 202 567 345 367 229 158 655 363 289 687 59 1465 982 657 983 1007 69 339 1486 0 611 607 869 780 1469 322 256 830 1026 235 1385 426 711 1007 913 1175 174 847 323 949 752 320 645 922 327 1015 1180 904 215 811 745 1442 785 921 800 1127 597 212 895
894 324 398 886 811 715 302 598 766 805 413 728 624 668 331 64 203 733 1025 876 302 644 584 795 943 821 986 639 889 976 787 761 1001 648 871 909 611 0 907 573 967 892 854 788 276 449 550 808 274 1010 650 420 859 565 490 903 591 176 735 68 565 742 657 863 843 708 731 1010 865 208 344 934 1585 135 792 890
275 982 1270 1662 1586 711 960 343 667 189 1122 1095 906 664 1201 937 961 447 232 304 895 757 636 161 743 469 115 635 1657 410 164 411 435 645 307 1674 607 907 0 375 209 1512 316 549 1010 1322 728 1585 927 139 493 1078 604 652 470 703 477 1048 848 940 501 855 507 608 332 609 317 174 1633 1060 1217 228 792 892 729 324
536 648 936 1328 1253 973 626 66 928 273 788 1047 943 925 867 603 627 709 494 565 621 963 897 264 1004 731 455 897 1331 586 256 371 611 906 568 1351 869 573 375 0 548 1334 577 811 676 987 870 1251 593 479 260 744 469 884 136 964 143 714 1054 606 167 1061 267 473 453 870 199 513 1307 725 883 544 1054 558 990 500
448 1042 1330 1722 1646 884 1019 516 840 362 1182 1268 1079 837 1261 996 1021 620 332 477 1014 930 809 334 916 642 120 808 1716 245 337 246 270 818 480 1733 780 967 209 548 0 1572 489 722 1070 1381 901 1644 987 201 328 1138 438 825 531 876 595 1108 1021 1000 619 1028 342 442 167 782 490 86 1693 1119 1276 63 852 952 902 158
1508 748 569 414 110 1573 796 1359 1624 1566 663 1586 1481 1525 599 901 920 1591 1306 1536 1159 1501 1441 1553 1801 1679 1585 1497 180 1738 1549 1523 1763 1506 1540 210 1469 892 1506 1334 1565 0 1549 1645 828 535 1408 237 1132 1609 1411 691 1620 1423 1252 1760 1353 777 1592 904 1326 1600 1419 1624 1605 1566 1492 1608 156 737 624 1558 769 990 1649 1651
71 1060 1218 1705 1630 426 1039 545 382 391 1200 810 621 379 1151 884 908 162 275 53 610 472 351 363 458 184 396 350 1700 690 366 692 715 360 52 1717 322 854 316 577 489 1555 0 264 1073 1269 443 1628 669 419 774 1156 884 367 672 418 679 995 563 888 703 570 788 888 613 324 519 454 1676 1028 1164 509 836 840 444 604
304 994 1151 1639 1564 299 972 779 315 624 1134 627 437 313 1084 818 842 167 509 286 544 405 284 597 274 143 629 284 1642 924 599 925 949 293 281 1662 256 788 549 811 722 1645 264 0 1007 1202 377 1562 602 653 1007 1090 1117 301 905 234 912 929 405 821 936 487 1021 1121 846 257 753 687 1618 961 1097 742 1069 773 260 837
1114 114 334 822 747 934 92 701 985 908 254 947 843 887 267 284 202 953 1128 1096 521 863 803 898 1162 1040 1090 858 825 1080 890 864 1105 868 1090 845 830 276 1010 676 1070 828 1073 1007 0 385 770 745 493 1113 753 210 962 785 593 1122 695 132 954 288 668 961 760 966 947 927 834 1113 801 115 280 1037 1562 271 1011 993
1309 375 87 529 454 1130 412 1012 1181 1219 258 1143 1038 1082 176 458 521 1148 1440 1291 716 1058 998 1210 1358 1236 1401 1054 532 1391 1202 1176 1416 1063 1286 552 1026 449 1322 987 1381 535 1269 1202 385 0 965 451 689 1425 1064 317 1273 980 905 1317 1006 334 1149 461 979 1157 1072 1277 1258 1123 1146 1424 508 294 141 1349 1269 549 1206 1304
484 757 914 1402 1327 339 735 894 306 803 896 508 403 291 847 580 605 323 688 466 306 267 123 776 566 410 808 263 1405 1103 778 1058 1128 272 460 1425 235 550 728 870 901 1408 443 377 770 965 0 1324 365 832 947 853 1155 105 787 526 888 692 358 584 861 366 954 1160 1025 248 932 866 1381 724 860 921 1248 536 415 1016
1668 665 486 536 284 1489 712 1275 1540 1482 580 1502 1397 1442 515 817 836 1507 1508 1650 1075 1418 1358 1473 1717 1595 1664 1413 127 1654 1465 1439 1679 1422 1645 412 1385 808 1585 1251 1644 237 1628 1562 745 451 1324 0 1048 1688 1328 607 1536 1339 1168 1676 1269 693 1509 820 1243 1516 1335 1541 1521 1482 1409 1687 103 654 540 1612 971 906 1566 1568
709 480 638 1125 1050 530 459 618 581 825 620 543 438 482 571 304 328 548 913 691 88 458 398 816 758 636 1007 454 1129 997 808 782 1022 463 686 1149 426 274 927 593 987 1132 669 602 493 689 365 1048 0 1031 670 577 879 380 511 717 612 416 549 308 585 557 678 883 864 523 751 1030 1105 448 584 954 1473 260 606 910
378 1085 1374 1765 1690 815 1063 447 770 292 1225 1199 1009 767 1304 1040 1064 551 336 407 998 860 739 265 846 573 108 739 1760 402 267 404 427 748 410 1777 711 1010 139 479 201 1615 419 653 1113 1425 832 1688 1031 0 486 1182 596 756 574 806 580 1152 952 1044 604 959 500 600 325 712 421 166 1736 1163 1320 221 896 996 832 316
732 725 1013 1405 1330 1111 703 285 1125 492 865 1124 1020 1064 944 680 704 905 590 761 698 1040 980 482 1201 927 404 1035 1408 338 474 122 363 1044 765 1428 1007 650 493 260 328 1411 774 1007 753 1064 947 1328 670 486 0 821 220 961 214 1160 278 791 1131 683 303 1138 48 224 205 1067 418 371 1384 803 960 295 1109 635 1187 251
1197 113 266 684 609 1017 160 769 1069 976 99 1030 926 970 178 429 285 1036 1196 1179 604 946 886 966 1245 1123 1158 941 687 1148 959 932 1173 951 1174 708 913 420 1078 744 1138 691 1156 1090 210 317 853 607 577 1182 821 0 1030 868 661 1205 763 276 1037 432 736 1044 828 1034 1015 1011 902 1181 664 260 212 1105 1424 355 1094 1061
843 934 1222 1614 1539 1279 911 494 1235 700 1073 1333 1228 1232 1153 888 913 1015 700 872 906 1248 1188 691 1311 1037 515 1203 1617 448 683 233 473 1213 875 1637 1175 859 604 469 438 1620 884 1117 962 1273 1155 1536 879 596 220 1030 0 1170 423 1271 487 1000 1340 892 511 1347 234 64 315 1177 627 481 1593 1011 1168 405 1220 844 1297 361
408 771 929 1417 1342 278 750 882 230 727 911 523 418 231 862 595 620 247 612 390 321 282 70 700 495 334 732 202 1420 1027 702 1028 1052 211 384 1440 174 565 652 884 825 1423 367 301 785 980 105 1339 380 756 961 868 1170 0 802 454 903 707 373 599 876 381 969 1174 949 172 856 790 1396 739 875 845 1172 551 355 940
631 565 854 1245 1170 951 543 161 1002 368 705 964 860 904 784 520 544 803 588 660 538 880 820 358 1099 826 550 875 1248 540 351 325 565 885 663 1268 847 490 470 136 531 1252 672 905 593 905 787 1168 511 574 214 661 423 802 0 1059 155 631 971 523 128 978 221 427 408 944 294 574 1224 643 800 498 1149 475 1028 454
458 1109 1266 1754 1679 234 1087 932 469 777 1248 562 372 289 1199 932 957 321 662 440 658 431 438 750 72 296 782 320 1757 1077 752 1078 1102 305 435 1777 323 903 703 964 876 1760 418 234 1122 1317 526 1676 717 806 1160 1205 1271 454 1059 0 1065 1044 340 936 1089 422 1174 1275 999 411 906 841 1733 1076 1212 895 1222 888 196 990
637 666 955 1346 1271 1053 644 167 1030 374 806 1065 961 1005 885 621 645 810 595 666 639 981 921 365 1106 832 556 977 1349 605 357 390 630 986 670 1370 949 591 477 143 595 1353 679 912 695 1006 888 1269 612 580 278 763 487 903 155 1065 0 733 1072 625 87 1080 286 491 472 972 301 615 1326 744 901 562 1155 577 1092 518
1036 180 283 771 696 856 158 739 908 946 298 869 765 809 216 184 220 875 1166 1018 443 785 725 936 1084 962 1128 780 774 1118 929 902 1143 790 1013 794 752 176 1048 714 1108 777 995 929 132 334 692 693 416 1152 791 276 1000 707 631 1044 733 0 876 188 706 883 798 1004 985 850 872 1151 750 64 229 1075 1511 276 933 1031
603 941 1098 1586 1511 267 919 1078 514 923 1081 351 162 322 1031 765 789 442 807 585 491 121 392 895 380 467 928 348 1589 1222 898 1224 1247 339 580 1609 320 735 848 1054 1021 1592 563 405 954 1149 358 1509 549 952 1131 1037 1340 373 971 340 1072 876 0 768 1046 112 1138 1344 1145 456 1051 986 1565 908 1045 1041 1368 720 184 1136
928 336 410 898 823 749 314 631 800 838 425 761 657 701 343 49 237 767 1059 910 335 677 617 829 976 854 1020 673 901 1010 821 795 1035 682 905 921 645 68 940 606 1000 904 888 821 288 461 584 820 308 1044 683 432 892 599 523 936 625 188 768 0 598 776 691 896 877 742 764 1043 877 220 356 967 1619 168 825 923
662 640 928 1320 1245 1026 618 192 1054 399 780 1039 935 979 859 595 619 834 619 690 613 955 895 389 1130 856 580 950 1323 629 381 414 654 959 694 1343 922 565 501 167 619 1326 703 936 668 979 861 1243 585 604 303 736 511 876 128 1089 87 706 1046 598 0 1053 310 516 496 996 325 639 1299 717 874 587 1179 550 1103 543
611 948 1106 1593 1518 349 926 1085 521 930 1088 433 243 384 1039 772 796 450 815 593 498 128 399 903 462 537 935 355 1596 1230 905 1231 1255 365 587 1617 327 742 855 1061 1028 1600 570 487 961 1157 366 1516 557 959 1138 1044 1347 381 978 422 1080 883 112 776 1053 0 1145 1351 1152 463 1059 993 1573 916 1052 1048 1375 727 266 1143
746 732 1021 1412 1337 1118 710 292 1138 499 872 1131 1027 1071 951 687 711 919 604 775 705 1047 987 489 1214 941 418 1042 1415 351 482 136 376 1052 779 1435 1015 657 507 267 342 1419 788 1021 760 1072 954 1335 678 500 48 828 234 969 221 1174 286 798 1138 691 310 1145 0 238 219 1080 425 385 1392 810 967 309 1123 643 1195 265
847 938 1226 1618 1543 1283 916 498 1239 705 1078 1337 1233 1236 1157 893 917 1019 704 876 911 1253 1193 695 1315 1042 519 1207 1621 452 687 237 477 1217 879 1641 1180 863 608 473 442 1624 888 1121 966 1277 1160 1541 883 600 224 1034 64 1174 427 1275 491 1004 1344 896 516 1351 238 0 319 1181 631 485 1597 1016 1173 410 1224 848 1301 366
571 918 1207 1598 1523 1008 896 478 963 485 1058 1317 1202 961 1138 873 898 744 429 600 891 1053 932 458 1039 766 243 932 1602 176 460 123 201 941 604 1622 904 843 332 453 167 1605 613 846 947 1258 1025 1521 864 325 205 1015 315 949 408 999 472 985 1145 877 496 1152 219 319 0 905 612 210 1578 996 1153 134 948 829 1026 90
364 914 1072 1559 1484 319 893 838 85 684 1054 665 561 272 1005 738 762 203 568 346 464 365 156 656 451 291 689 243 1563 983 659 985 1008 252 341 1583 215 708 609 870 782 1566 324 257 927 1123 248 1482 523 712 1067 1011 1177 172 944 411 972 850 456 742 996 463 1080 1181 905 0 812 747 1539 882 1018 802 1129 694 396 897
478 806 1095 1486 1411 915 784 167 870 215 946 1205 1101 867 1025 761 785 651 435 507 779 960 839 206 946 673 397 839 1489 692 198 529 717 848 510 1509 811 731 317 199 490 1492 519 753 834 1146 932 1409 751 421 418 902 627 856 294 906 301 872 1051 764 325 1059 425 631 612 812 0 455 1465 884 1041 510 996 716 932 605
413 1085 1373 1765 1689 849 1062 481 805 327 1224 1233 1044 802 1304 1039 1064 585 370 442 1033 895 774 299 881 607 85 773 1759 288 302 289 313 783 445 1776 745 1010 174 513 86 1614 454 687 1113 1424 866 1687 1030 166 371 1181 481 790 574 841 615 1151 986 1043 639 993 385 485 210 747 455 0 1735 1162 1319 106 895 995 867 201
1629 721 542 508 203 1546 769 1332 1597 1539 636 1558 1454 1498 572 873 893 1564 1427 1657 1132 1474 1414 1530 1774 1652 1706 1470 46 1711 1522 1496 1736 1479 1661 331 1442 865 1627 1307 1686 156 1670 1618 801 508 1381 103 1105 1730 1384 664 1593 1396 1224 1733 1326 750 1565 877 1299 1573 1392 1597 1578 1539 1465 1729 0 710 597 1668 890 963 1622 1624
1068 164 243 731 656 889 142 750 940 957 258 901 797 841 176 216 251 907 1178 1050 475 817 757 948 1116 995 1139 813 734 1129 940 914 1154 822 1045 754 785 208 1060 725 1119 737 1028 961 115 294 724 654 448 1163 803 260 1011 739 643 1076 744 64 908 220 717 916 810 1016 996 882 884 1162 710 0 189 1087 1471 308 965 1042
1204 270 90 618 543 1025 307 907 1076 1114 153 1038 933 977 71 353 416 1043 1335 1186 611 953 893 1105 1253 1131 1296 949 621 1286 1097 1071 1311 958 1181 641 921 344 1217 883 1276 624 1164 1097 280 141 860 540 584 1320 960 212 1168 875 800 1212 901 229 1045 356 874 1052 967 1173 1153 1018 1041 1319 597 189 0 1244 1358 444 1101 1199
467 1009 1297 1689 1614 904 987 536 860 381 1149 1288 1098 857 1228 964 988 640 325 496 982 949 828 354 936 662 139 828 1692 212 356 213 237 837 500 1712 800 934 228 544 63 1564 509 742 1037 1349 921 1612 954 221 295 1105 405 845 498 895 562 1075 1041 967 587 1048 309 410 134 802 510 106 1668 1087 1244 0 844 919 922 125
788 1482 1303 1148 843 1225 1529 1015 1180 861 1397 1608 1419 1177 1332 1609 1633 960 586 817 1408 1270 1149 833 1256 983 866 1149 913 1020 836 1021 1045 1158 820 930 1121 1579 786 1047 846 769 829 1062 1562 1269 1242 971 1467 889 1103 1424 1214 1166 1142 1216 1149 1511 1361 1612 1173 1369 1117 1218 942 1122 989 889 890 1471 1358 838 0 1564 1242 933
880 258 498 984 909 700 237 583 752 790 398 713 609 653 431 164 106 719 1010 862 287 629 569 780 928 806 972 624 987 962 773 746 987 634 857 1007 597 135 892 558 952 990 840 773 271 549 536 906 260 996 635 355 844 551 475 888 577 276 720 168 550 727 643 848 829 694 716 995 963 308 444 919 1571 0 777 875
484 998 1155 1643 1568 123 976 959 454 804 1138 406 217 178 1088 821 846 347 688 466 547 275 338 776 236 323 809 209 1646 1103 779 1105 1128 194 461 1666 212 792 729 990 902 1649 444 260 1011 1206 415 1566 606 832 1187 1094 1297 355 1028 196 1092 933 184 825 1103 266 1195 1301 1026 396 932 867 1622 965 1101 922 1249 777 0 1017
563 965 1253 1645 1570 999 943 525 955 476 1105 1364 1194 952 1184 920 944 735 420 591 938 1045 924 449 1031 757 235 923 1648 143 451 169 168 932 595 1668 895 890 324 500 158 1651 604 837 993 1304 1016 1568 910 316 251 1061 361 940 454 990 518 1031 1136 923 543 1143 265 366 90 897 605 201 1624 1042 1199 125 940 875 1017 0
EOF