NAME : tsp_problem
TYPE : TSP
DIMENSION : 66
EDGE_WEIGHT_TYPE : EXPLICIT
EDGE_WEIGHT_FORMAT : FULL_MATRIX
EDGE_WEIGHT_SECTION
0 369 375 1076 821 668 993 1080 776 847 1092 344 814 1017 1743 823 732 818 1091 659 245 573 310 802 126 527 387 181 872 1183 359 55 1436 1001 690 251 1128 793 661 112 668 469 1316 180 1117 969 694 1132 961 707 727 650 401 950 316 849 60 540 1001 817 912 167 965 906 852 319
369 0 80 857 602 579 773 861 557 758 1003 487 726 929 1874 604 906 729 1002 833 349 353 132 582 413 701 62 361 783 963 97 390 1610 913 601 529 1039 704 572 315 448 250 1490 234 1028 750 475 1044 742 618 507 561 523 861 463 629 384 320 782 728 692 246 877 817 763 134
375 80 0 809 554 532 726 813 509 711 956 500 678 881 1826 556 919 681 955 847 363 306 145 535 427 714 97 375 736 915 49 395 1623 865 554 542 992 657 525 320 401 202 1503 247 981 702 427 996 694 570 460 514 536 814 476 582 390 272 734 681 645 259 829 770 715 86
1076 857 809 0 379 799 219 173 399 773 536 1277 822 615 1114 332 1696 825 401 1624 1140 697 922 326 1170 1491 874 1152 719 129 793 1097 1604 287 719 1295 458 840 792 1022 481 654 1836 1024 732 410 419 462 306 735 392 709 1314 637 1253 306 1091 596 442 506 300 1037 326 689 620 788
821 602 554 379 0 874 296 383 178 1053 892 1022 1020 971 1470 225 1442 1024 757 1369 885 442 667 105 915 1236 619 897 1075 485 538 842 1960 643 896 1040 814 999 867 767 226 399 2025 770 1088 272 164 818 303 913 137 856 1059 993 998 218 836 341 304 862 297 782 682 1045 976 533
668 579 532 799 874 0 995 949 829 225 470 980 225 395 1503 876 1323 228 583 1250 862 625 645 854 762 1117 597 817 250 760 515 688 1993 559 152 884 506 171 47 580 720 522 1906 681 495 1022 747 510 1014 203 779 208 1036 328 950 901 683 592 1054 375 964 668 523 283 410 510
993 773 726 219 296 995 0 135 315 970 733 1193 1018 812 1310 249 1613 1021 597 1540 1056 614 839 243 1087 1408 791 1068 916 326 710 1014 1800 484 915 1212 654 1036 988 938 397 571 2033 941 929 312 335 659 223 932 308 906 1230 833 1170 222 1008 512 328 703 217 953 523 886 817 705
1080 861 813 173 383 949 135 0 403 924 686 1281 972 766 1264 336 1701 975 551 1628 1144 701 926 330 1174 1495 878 1156 869 280 797 1101 1754 437 869 1299 608 990 942 1026 485 659 1986 1029 882 379 423 612 310 886 396 860 1318 787 1257 310 1095 600 395 657 304 1041 477 839 770 792
776 557 509 399 178 829 315 403 0 1008 912 977 975 991 1489 97 1396 979 777 1324 840 397 622 159 870 1191 574 852 1033 505 493 797 1980 663 851 995 834 954 822 722 181 354 1980 724 1108 326 119 838 234 868 92 811 1014 1012 953 122 791 296 358 882 185 737 702 1065 996 488
847 758 711 773 1053 225 970 924 1008 0 321 1159 125 247 1355 1055 1502 128 435 1429 1042 805 824 1034 941 1297 776 997 102 734 695 868 1845 534 188 1064 357 164 196 759 899 701 2077 861 346 1160 926 362 1057 239 959 358 1215 179 1129 1056 862 771 1192 471 1051 848 549 135 505 690
1092 1003 956 536 892 470 733 686 912 321 0 1404 370 163 1124 845 1738 373 197 1657 1286 1050 1069 839 1186 1542 1021 1241 267 497 940 1113 1614 297 433 1308 120 409 441 1004 994 946 1846 1106 280 923 932 124 819 484 905 603 1460 185 1374 819 1107 1016 955 492 813 1093 312 237 606 935
344 487 500 1277 1022 980 1193 1281 977 1159 1404 0 1127 1329 1463 1024 452 1130 1403 380 222 774 381 1002 248 247 504 196 1184 1383 517 324 1156 1314 1002 174 1440 1105 973 424 868 670 1036 371 1429 1170 895 1444 1162 1019 927 962 89 1262 108 1050 329 740 1202 1129 1112 383 1278 1218 1164 554
814 726 678 822 1020 225 1018 972 975 125 370 1127 0 295 1403 1023 1470 54 483 1397 1009 772 792 1001 908 1264 744 964 150 783 662 835 1893 583 188 1031 406 164 196 727 867 669 2053 828 395 1168 894 410 1105 239 926 358 1183 228 1096 1048 829 739 1200 471 1099 815 598 184 505 657
1017 929 881 615 971 395 812 766 991 247 163 1329 295 0 1197 924 1672 298 277 1600 1212 975 994 919 1111 1467 946 1167 192 576 865 1038 1687 376 358 1234 199 334 366 930 1070 871 1919 1031 180 1002 1011 204 899 409 984 528 1386 110 1299 898 1032 942 1034 571 893 1018 391 163 676 860
1743 1867 1820 1107 1463 1497 1304 1258 1483 1349 1118 1463 1397 1191 0 1416 1211 1400 1117 1129 1643 1781 1811 1411 1678 1346 1885 1626 1294 1068 1804 1722 557 1003 1434 1531 1154 1436 1468 1822 1565 1739 936 1801 1307 1494 1503 1158 1391 1451 1476 1425 1477 1212 1504 1390 1728 1680 1526 1222 1385 1813 1042 1264 1336 1799
823 604 556 332 225 876 249 336 97 1055 845 1024 1023 924 1423 0 1444 1026 710 1371 887 444 670 191 917 1238 622 899 1028 438 540 844 1913 596 898 1043 767 1001 869 769 228 402 2027 772 1041 275 166 771 168 915 139 858 1061 946 1000 55 839 343 307 815 118 784 635 998 929 535
732 906 919 1696 1442 1323 1613 1701 1396 1502 1732 452 1470 1672 1211 1444 0 1473 1731 239 633 1193 801 1422 668 229 924 616 1527 1683 936 712 905 1617 1345 521 1768 1448 1316 812 1288 1090 784 790 1772 1590 1315 1772 1581 1362 1347 1305 466 1605 493 1469 717 1160 1621 1472 1532 803 1620 1561 1507 974
818 729 681 825 1024 228 1021 975 979 128 373 1130 54 298 1406 1026 1473 0 486 1400 1012 775 795 1004 912 1267 747 967 153 786 665 838 1897 586 191 1034 409 167 199 730 870 672 2056 831 398 1172 897 413 1108 242 929 361 1186 231 1100 1051 833 742 1204 474 1102 818 601 187 509 660
1091 1002 955 401 757 583 597 551 777 435 197 1403 483 277 1123 710 1737 486 0 1656 1285 1048 1068 704 1185 1540 1020 1240 380 362 939 1112 1613 162 546 1307 119 522 554 1003 859 945 1845 1104 393 788 797 123 684 586 769 560 1459 298 1373 684 1106 974 820 357 678 1091 177 350 470 933
659 833 847 1624 1369 1250 1540 1628 1324 1429 1650 380 1397 1600 1129 1371 239 1400 1649 0 560 1120 728 1349 595 365 851 543 1454 1601 864 639 823 1535 1272 448 1686 1375 1243 739 1215 1017 702 718 1699 1517 1242 1691 1509 1289 1274 1232 394 1532 421 1397 645 1087 1549 1399 1459 730 1548 1488 1434 901
245 349 363 1140 885 862 1056 1144 840 1042 1286 222 1009 1212 1643 887 633 1012 1285 560 0 636 244 865 148 427 367 97 1067 1246 380 224 1337 1196 884 264 1322 987 855 314 731 533 1216 234 1311 1033 758 1327 1025 901 790 844 210 1144 198 913 230 603 1065 1011 975 246 1160 1100 1046 417
573 353 306 697 442 625 614 701 397 805 1050 774 772 975 1788 444 1193 775 1048 1120 636 0 419 423 667 988 371 648 830 803 290 594 1897 959 648 792 1086 751 619 519 288 151 1777 521 1075 590 315 1090 582 664 348 608 810 908 750 470 588 132 622 775 533 533 923 863 809 285
310 132 145 922 667 645 839 926 622 824 1069 381 792 994 1811 670 801 795 1068 728 244 419 0 648 308 595 150 256 849 1029 162 330 1505 978 667 424 1105 770 638 255 514 315 1384 174 1094 815 540 1109 807 684 573 627 418 927 357 695 325 386 847 794 758 187 942 883 829 199
802 582 535 326 105 854 243 330 159 1034 839 1002 1001 919 1417 191 1422 1004 704 1349 865 423 648 0 896 1217 600 877 1022 433 519 823 1907 590 876 1021 761 979 848 747 206 380 2006 750 1035 219 144 765 250 893 117 837 1039 940 979 165 817 321 251 810 244 762 630 992 923 514
126 413 427 1170 915 762 1087 1174 870 941 1186 248 908 1111 1678 917 668 912 1185 595 148 667 308 896 0 462 431 85 966 1277 443 106 1371 1095 784 197 1222 887 755 206 762 563 1251 274 1211 1063 788 1226 1055 801 821 744 305 1044 224 943 111 634 1095 911 1006 261 1059 1000 946 413
527 701 714 1491 1236 1117 1408 1495 1191 1297 1542 247 1264 1467 1346 1238 229 1267 1540 365 427 988 595 1217 462 0 718 410 1322 1597 731 506 1039 1451 1139 315 1578 1242 1111 607 1082 884 919 585 1567 1384 1109 1582 1376 1156 1141 1099 261 1400 288 1264 512 954 1416 1266 1326 597 1415 1355 1301 768
387 62 97 874 619 597 791 878 574 776 1021 504 744 946 1891 622 924 747 1020 851 367 371 150 600 431 718 0 379 801 981 114 408 1628 930 619 547 1057 722 590 333 466 268 1507 252 1046 767 492 1061 759 636 525 579 541 879 480 647 402 338 799 746 710 264 894 835 781 151
181 361 375 1152 897 817 1068 1156 852 997 1241 196 964 1167 1626 899 616 967 1240 543 97 648 256 877 85 410 379 0 1022 1258 392 161 1319 1151 839 238 1278 942 811 261 743 545 1199 246 1266 1045 770 1282 1037 856 802 799 253 1100 172 925 167 615 1077 966 987 258 1115 1055 1001 429
872 783 736 719 1075 250 916 869 1033 102 267 1184 150 192 1300 1028 1527 153 380 1454 1067 830 849 1022 966 1322 801 1022 0 680 720 893 1791 480 213 1089 303 189 221 784 924 726 2023 886 292 1106 951 307 1002 264 984 383 1240 125 1154 1002 887 796 1138 496 996 873 495 81 530 715
1183 963 915 129 485 760 326 280 505 734 497 1383 783 576 1075 438 1689 786 362 1607 1246 803 1029 433 1277 1597 981 1258 680 0 899 1203 1565 248 680 1402 419 801 753 1114 587 761 1797 1131 693 516 525 423 413 696 498 670 1420 598 1359 412 1198 702 548 467 407 1143 287 650 581 894
359 97 49 793 538 515 710 797 493 695 940 517 662 865 1810 540 936 665 939 864 380 290 162 519 443 731 114 392 720 899 0 379 1640 849 538 559 976 641 509 304 384 186 1520 264 965 686 411 980 678 554 444 498 553 798 493 566 374 256 718 665 629 276 813 754 699 70
55 390 395 1097 842 688 1014 1101 797 868 1113 324 835 1038 1722 844 712 838 1112 639 224 594 330 823 106 506 408 161 893 1203 379 0 1416 1022 711 231 1149 814 682 133 688 490 1295 201 1138 990 715 1153 982 727 748 671 381 971 296 870 40 560 1022 838 932 188 986 926 872 340
1436 1610 1623 1598 1954 1987 1794 1748 1973 1839 1608 1156 1887 1681 557 1907 905 1890 1607 823 1337 1897 1505 1901 1371 1039 1628 1319 1784 1559 1640 1416 0 1493 1924 1224 1644 1926 1958 1516 1992 1793 453 1494 1797 1985 1993 1648 1881 1941 1966 1915 1170 1702 1197 1880 1421 1864 2016 1712 1875 1506 1532 1755 1826 1677
1001 913 865 287 643 559 484 437 663 534 297 1314 583 376 1009 596 1624 586 162 1542 1196 959 978 590 1095 1451 930 1151 480 248 849 1022 1499 0 480 1218 219 601 553 914 745 856 1732 1015 493 674 683 223 570 496 656 470 1370 398 1283 570 1016 860 706 267 564 1002 87 450 381 844
690 601 554 719 896 152 915 869 851 188 433 1002 188 358 1441 898 1345 191 546 1272 884 648 667 876 784 1139 619 839 213 680 538 711 1931 480 0 906 469 133 123 602 742 544 1928 703 458 1044 769 473 1002 63 801 183 1058 291 972 924 705 614 1076 295 986 691 444 246 330 532
251 529 542 1295 1040 884 1212 1299 995 1064 1308 174 1031 1234 1531 1043 521 1034 1307 448 264 792 424 1021 197 315 547 238 1089 1402 559 231 1224 1218 906 0 1345 1009 878 331 887 688 1104 399 1333 1188 913 1349 1180 923 946 866 231 1166 105 1068 236 759 1220 1033 1131 386 1182 1122 1068 539
1128 1039 992 458 814 506 654 608 834 357 120 1440 406 199 1160 767 1774 409 119 1693 1322 1086 1105 761 1222 1578 1057 1278 303 419 976 1149 1650 219 469 1345 0 445 477 1040 916 982 1882 1142 316 845 854 41 741 520 827 617 1496 221 1410 741 1143 1031 877 414 735 1129 234 273 527 971
793 704 657 840 999 171 1036 990 954 164 409 1105 164 334 1442 1001 1448 167 522 1375 987 751 770 979 887 1242 722 942 189 801 641 814 1933 601 133 1009 445 0 141 705 845 647 2031 806 434 1147 872 449 1123 185 904 304 1161 267 1075 1027 808 717 1179 416 1089 794 565 223 451 635
661 572 525 792 867 47 988 942 822 196 441 973 196 366 1474 869 1316 199 554 1243 855 619 638 848 755 1111 590 811 221 753 509 682 1964 553 123 878 477 141 0 573 713 515 1900 675 466 1015 740 481 1007 174 773 201 1029 299 943 895 676 585 1047 368 957 662 517 254 403 504
112 315 320 1022 767 580 938 1026 722 759 1004 424 727 930 1822 769 812 730 1003 739 314 519 255 747 206 607 333 261 784 1114 304 133 1516 914 602 331 1040 705 573 0 613 415 1396 125 1029 915 640 1045 907 619 672 562 481 862 396 795 127 485 947 729 857 112 878 818 764 265
668 448 401 481 226 720 397 485 181 899 994 868 867 1070 1571 228 1288 870 859 1215 731 288 514 206 762 1082 466 743 924 587 384 688 1992 745 742 887 916 845 713 613 0 246 1871 616 1169 374 99 920 366 759 131 702 905 1002 844 253 683 187 406 869 316 628 784 958 904 379
469 250 202 654 399 522 571 659 354 701 946 670 669 871 1745 402 1090 672 945 1017 533 151 315 380 563 884 268 545 726 761 186 490 1793 856 544 688 982 647 515 415 246 0 1673 418 971 548 273 986 539 561 305 504 707 804 646 427 484 118 579 671 490 430 820 760 706 181
1316 1490 1503 1830 2025 1906 2026 1980 1980 2071 1840 1036 2053 1913 936 2027 784 2056 1839 702 1216 1777 1384 2006 1251 919 1507 1199 2017 1791 1520 1295 453 1725 1928 1104 1876 2031 1900 1396 1871 1673 0 1374 2030 2173 1898 1880 2113 1945 1930 1888 1050 1934 1077 2053 1301 1743 2205 1945 2107 1386 1765 1987 2058 1557
180 234 247 1024 770 681 941 1029 724 861 1106 371 828 1031 1801 772 790 831 1104 718 234 521 174 750 274 585 252 246 886 1131 264 201 1494 1015 703 399 1142 806 675 125 616 418 1374 0 1131 918 643 1146 909 720 675 664 408 964 347 797 195 488 949 831 860 57 979 919 865 302
1117 1028 981 732 1088 495 929 882 1108 346 280 1429 395 180 1313 1041 1772 398 393 1699 1311 1075 1094 1035 1211 1567 1046 1266 292 693 965 1138 1804 493 458 1333 316 434 466 1029 1169 971 2036 1131 0 1119 1128 320 1015 509 1101 628 1485 210 1399 1015 1132 1041 1151 688 1009 1118 508 262 775 960
969 750 702 410 272 1022 312 379 326 1160 923 1170 1168 1002 1501 275 1590 1172 788 1517 1033 590 815 219 1063 1384 767 1045 1106 516 686 990 1991 674 1044 1188 845 1147 1015 915 374 548 2173 918 1119 0 312 849 334 1061 285 1004 1207 1024 1146 249 984 489 91 893 328 930 713 1076 1007 681
694 475 427 419 164 747 335 423 119 926 932 895 894 1011 1510 166 1315 897 797 1242 758 315 540 144 788 1109 492 770 951 525 411 715 2000 683 769 913 854 872 740 640 99 273 1898 643 1128 312 0 858 304 786 69 729 932 1029 871 192 709 214 344 896 254 655 722 985 931 406
1132 1044 996 462 818 510 659 612 838 362 124 1444 410 204 1164 771 1779 413 123 1697 1327 1090 1109 765 1226 1582 1061 1282 307 423 980 1153 1654 223 473 1349 41 449 481 1045 920 986 1887 1146 320 849 858 0 746 524 831 621 1501 225 1414 745 1147 1035 881 418 739 1133 238 278 532 975
961 742 694 306 303 1014 223 310 234 1057 819 1162 1105 899 1397 168 1581 1108 684 1509 1025 582 807 250 1055 1376 759 1037 1002 413 678 982 1887 570 1002 1180 741 1123 1007 907 366 539 2120 909 1015 334 304 746 0 1019 276 993 1198 920 1138 158 976 481 366 790 80 922 610 973 903 673
707 618 570 735 913 203 932 886 868 239 484 1019 239 409 1457 915 1362 242 586 1289 901 664 684 893 801 1156 636 856 264 696 554 727 1947 496 63 923 520 185 174 619 759 561 1945 720 509 1061 786 524 1019 0 818 199 1075 342 989 940 722 631 1092 312 1003 707 460 298 346 549
727 507 460 392 137 779 308 396 92 959 905 927 926 984 1482 139 1347 929 769 1274 790 348 573 117 821 1141 525 802 984 498 444 748 1972 656 801 946 827 904 773 672 131 305 1930 675 1101 285 69 831 276 818 0 761 964 1005 903 164 742 246 316 875 227 687 695 1017 963 438
650 561 514 709 856 208 906 860 811 358 603 962 358 528 1431 858 1305 361 560 1232 844 608 627 837 744 1099 579 799 383 670 498 671 1922 470 183 866 617 304 201 562 702 504 1888 664 628 1004 729 621 993 199 761 0 1018 461 932 884 665 574 1036 286 946 651 434 417 244 493
401 523 536 1314 1059 1036 1230 1318 1014 1215 1460 89 1183 1386 1477 1061 466 1186 1459 394 210 810 418 1039 305 261 541 253 1240 1420 553 381 1170 1370 1058 231 1496 1161 1029 481 905 707 1050 408 1485 1207 932 1501 1198 1075 964 1018 0 1318 165 1086 386 777 1238 1185 1149 420 1334 1274 1220 591
950 861 814 637 993 328 833 787 1012 179 185 1262 228 110 1218 946 1605 231 298 1532 1144 908 927 940 1044 1400 879 1100 125 598 798 971 1708 398 291 1166 221 267 299 862 1002 804 1940 964 210 1024 1029 225 920 342 1005 461 1318 0 1232 919 965 874 1056 574 914 951 412 95 608 793
316 463 476 1253 998 950 1170 1257 953 1129 1374 108 1096 1299 1504 1000 493 1100 1373 421 198 750 357 979 224 288 480 172 1154 1359 493 296 1197 1283 972 105 1410 1075 943 396 844 646 1077 347 1399 1146 871 1414 1138 989 903 932 165 1232 0 1026 302 716 1178 1099 1088 359 1247 1188 1134 530
849 629 582 306 218 901 222 310 122 1056 819 1050 1048 898 1396 55 1469 1051 684 1397 913 470 695 165 943 1264 647 925 1002 412 566 870 1887 570 924 1068 741 1027 895 795 253 427 2053 797 1015 249 192 745 158 940 164 884 1086 919 1026 0 864 369 280 789 109 809 609 972 903 561
60 384 390 1091 836 683 1008 1095 791 862 1107 329 829 1032 1728 839 717 833 1106 645 230 588 325 817 111 512 402 167 887 1198 374 40 1421 1016 705 236 1143 808 676 127 683 484 1301 195 1132 984 709 1147 976 722 742 665 386 965 302 864 0 555 1016 832 927 182 980 921 867 334
540 320 272 596 341 592 512 600 296 771 1016 740 739 942 1686 343 1160 742 974 1087 603 132 386 321 634 954 338 615 796 702 256 560 1864 860 614 759 1031 717 585 485 187 118 1743 488 1041 489 214 1035 481 631 246 574 777 874 716 369 555 0 521 741 431 500 890 830 776 251
1001 782 734 442 304 1054 328 395 358 1192 955 1202 1200 1034 1533 307 1621 1204 820 1549 1065 622 847 251 1095 1416 799 1077 1138 548 718 1022 2023 706 1076 1220 877 1179 1047 947 406 579 2205 949 1151 91 344 881 366 1092 316 1036 1238 1056 1178 280 1016 521 0 925 359 962 745 1108 1039 713
817 728 681 506 862 375 703 657 882 471 492 1129 471 571 1228 815 1472 474 357 1399 1011 775 794 810 911 1266 746 966 496 467 665 838 1719 267 295 1033 414 416 368 729 869 671 1951 831 688 893 896 418 790 312 875 286 1185 574 1099 789 832 741 925 0 784 818 231 529 197 660
912 692 645 300 297 964 217 304 185 1051 813 1112 1099 893 1391 118 1532 1102 678 1459 975 533 758 244 1006 1326 710 987 996 407 629 932 1881 564 986 1131 735 1089 957 857 316 490 2113 860 1009 328 254 739 80 1003 227 946 1149 914 1088 109 927 431 359 784 0 872 604 966 897 623
167 246 259 1037 782 668 953 1041 737 848 1093 383 815 1018 1813 784 803 818 1091 730 246 533 187 762 261 597 264 258 873 1143 276 188 1506 1002 691 386 1129 794 662 112 628 430 1386 57 1118 930 655 1133 922 707 687 651 420 951 359 809 182 500 962 818 872 0 966 906 852 305
965 877 829 326 682 523 523 477 702 549 312 1278 598 391 1048 635 1620 601 177 1548 1160 923 942 630 1059 1415 894 1115 495 287 813 986 1539 87 444 1182 234 565 517 878 784 820 1771 979 508 713 722 238 610 460 695 434 1334 412 1247 609 980 890 745 231 604 966 0 465 345 808
906 817 770 689 1045 283 886 839 1065 135 237 1218 184 163 1271 998 1561 187 350 1488 1100 863 883 992 1000 1355 835 1055 81 650 754 926 1761 450 246 1122 273 223 254 818 958 760 1993 919 262 1076 985 278 973 298 1017 417 1274 95 1188 972 921 830 1108 529 966 906 465 0 564 748
852 763 715 620 976 410 817 770 996 505 606 1164 505 676 1342 929 1507 509 470 1434 1046 809 829 923 946 1301 781 1001 530 581 699 872 1832 381 330 1068 527 451 403 764 904 706 2065 865 775 1007 931 532 903 346 963 244 1220 608 1134 903 867 776 1039 197 897 852 345 564 0 694
319 134 86 788 533 510 705 792 488 690 935 554 657 860 1805 535 974 660 933 901 417 285 199 514 413 768 151 429 715 894 70 340 1677 844 532 539 971 635 504 265 379 181 1557 302 960 681 406 975 673 549 438 493 591 793 530 561 334 251 713 660 623 305 808 748 694 0
EOF