NAME : tsp_problem
TYPE : TSP
DIMENSION : 24
EDGE_WEIGHT_TYPE : EXPLICIT
EDGE_WEIGHT_FORMAT : FULL_MATRIX
EDGE_WEIGHT_SECTION
0 1064 459 890 655 150 1154 1028 1362 393 1092 1331 691 679 868 1157 857 170 592 1230 490 87 263 220
1064 0 677 329 468 1056 259 368 973 851 242 1228 502 585 228 1288 239 928 1623 1127 707 1085 861 926
459 677 0 502 267 417 766 640 993 212 704 962 303 291 480 788 469 324 1018 862 68 480 256 321
890 329 502 0 293 881 398 214 827 676 336 1081 327 411 132 1114 121 754 1448 981 532 911 686 751
655 468 267 293 0 646 557 431 1036 441 495 1053 66 148 271 879 260 519 1213 952 297 676 451 516
150 1056 417 881 646 0 1145 1019 1241 298 1083 1211 682 670 859 1036 848 195 708 1110 386 171 287 245
1154 259 766 398 557 1145 0 303 808 940 94 1062 591 675 317 1199 328 1018 1712 962 796 1175 950 1016
1028 368 640 214 431 1019 303 0 686 814 279 940 465 549 191 1077 202 892 1586 839 670 1049 824 889
1362 973 993 827 1036 1241 808 686 0 1167 870 335 1071 1108 797 472 807 1245 1722 234 1023 1382 1177 1243
393 851 212 676 441 298 940 814 1167 0 879 1137 477 465 654 962 643 281 945 1036 182 414 160 296
1092 242 704 336 495 1083 94 279 870 879 0 1125 530 613 256 1262 266 956 1650 1024 735 1113 889 954
1331 1228 962 1081 1053 1211 1062 940 335 1137 1125 0 1089 1077 1051 441 1062 1214 1812 141 993 1352 1147 1212
691 502 303 327 66 682 591 465 1071 477 530 1089 0 185 305 915 294 555 1249 988 333 711 487 552
679 585 291 411 148 670 675 549 1108 465 613 1077 185 0 389 903 378 543 1237 977 321 700 475 540
868 228 480 132 271 859 317 191 797 654 256 1051 305 389 0 1092 42 732 1426 951 510 889 664 729
1157 1288 788 1114 879 1036 1199 1077 472 962 1262 441 915 903 1092 0 1081 1040 1638 341 819 1177 972 1038
857 239 469 121 260 848 328 202 807 643 266 1062 294 378 42 1081 0 721 1415 961 499 877 653 718
170 928 324 754 519 195 1018 892 1245 281 956 1214 555 543 732 1040 721 0 728 1114 354 191 151 84
592 1623 1018 1448 1213 708 1712 1586 1716 945 1650 1812 1249 1237 1426 1638 1415 728 0 1712 1033 571 821 778
1230 1127 862 981 952 1110 962 839 234 1036 1024 141 988 977 951 341 961 1114 1712 0 892 1251 1046 1111
490 707 68 532 297 386 796 670 1023 182 735 993 333 321 510 819 499 354 1033 892 0 511 286 351
87 1085 480 911 676 171 1175 1049 1382 414 1113 1352 711 700 889 1177 877 191 571 1251 511 0 283 241
263 861 256 686 451 287 950 824 1177 160 889 1147 487 475 664 972 653 151 821 1046 286 283 0 201
220 926 321 751 516 245 1016 889 1243 296 954 1212 552 540 729 1038 718 84 778 1111 351 241 201 0
EOF