NAME : tsp_problem
TYPE : TSP
DIMENSION : 26
EDGE_WEIGHT_TYPE : EXPLICIT
EDGE_WEIGHT_FORMAT : FULL_MATRIX
EDGE_WEIGHT_SECTION
0 970 733 834 1724 995 1008 502 1609 883 232 990 950 1064 341 1670 1019 344 782 1199 1515 1711 116 1291 424 364
970 0 455 175 889 615 233 550 774 714 779 778 960 219 942 835 711 946 217 313 679 876 1057 390 614 849
733 455 0 320 1210 585 493 314 1094 683 542 748 929 549 706 1156 680 710 267 685 1000 1197 821 777 377 613
834 175 320 0 1001 480 284 415 885 578 644 643 824 340 807 947 575 811 82 433 791 988 922 510 478 714
1724 889 1210 1001 0 1274 747 1305 302 1372 1534 1437 1618 714 1697 482 1369 1701 971 644 233 196 1812 708 1368 1604
995 615 585 480 1274 0 653 679 1158 146 908 211 434 689 689 1220 129 674 427 743 1064 1261 1083 722 743 978
1008 233 493 284 747 653 0 588 631 752 817 816 998 136 981 693 749 984 255 222 537 734 1096 407 652 887
502 550 314 415 1305 679 588 0 1189 778 326 842 1024 644 490 1251 775 493 362 780 1095 1292 590 871 161 396
1609 774 1094 885 302 1158 631 1189 0 1257 1418 1321 1502 598 1581 277 1253 1585 856 528 327 169 1696 592 1252 1488
883 714 683 578 1372 146 752 778 1257 0 889 222 478 787 577 1318 171 562 526 841 1162 1359 971 821 841 1076
232 779 542 644 1534 908 817 326 1418 889 0 995 956 873 346 1480 1004 350 591 1009 1324 1521 320 1100 233 370
990 778 748 643 1437 211 816 842 1321 222 995 0 543 852 683 1383 137 668 590 906 1227 1424 1077 885 906 1141
950 960 929 824 1618 434 998 1024 1502 478 956 543 0 1033 644 1564 475 629 771 1087 1408 1605 1038 1066 1006 1143
1064 219 549 340 714 689 136 644 598 787 873 852 1033 0 1037 660 784 1040 311 189 504 701 1152 374 708 943
341 942 706 807 1697 689 981 490 1581 577 346 683 644 1037 0 1643 713 58 754 1172 1487 1586 428 1264 397 533
1670 835 1156 947 482 1220 693 1251 277 1318 1480 1383 1564 660 1643 0 1315 1647 918 590 388 321 1758 654 1314 1550
1019 711 680 575 1369 129 749 775 1253 171 1004 137 475 784 713 1315 0 698 522 838 1159 1356 1107 817 838 1074
344 946 710 811 1701 674 984 493 1585 562 350 668 629 1040 58 1647 698 0 758 1176 1491 1571 432 1267 400 537
782 217 267 82 971 427 255 362 856 526 591 590 771 311 754 918 522 758 0 447 762 958 869 552 425 661
1199 313 685 433 644 743 222 780 528 841 1009 906 1087 189 1172 590 838 1176 447 0 434 631 1287 221 843 1079
1515 679 1000 791 233 1064 537 1095 327 1162 1324 1227 1408 504 1487 388 1159 1491 762 434 0 327 1602 498 1158 1394
1711 876 1197 988 196 1261 734 1292 169 1359 1521 1424 1605 701 1580 321 1356 1565 958 631 327 0 1799 695 1355 1591
116 1057 821 922 1812 1083 1096 590 1696 971 320 1077 1038 1152 428 1758 1107 432 869 1287 1602 1799 0 1379 512 452
1291 390 777 510 708 722 407 871 592 821 1100 885 1066 374 1264 654 817 1267 552 221 498 695 1379 0 935 1170
424 614 377 478 1368 743 652 161 1252 841 233 906 1006 708 397 1314 838 400 425 843 1158 1355 512 935 0 303
364 849 613 714 1604 978 887 396 1488 1076 370 1141 1143 943 533 1550 1074 537 661 1079 1394 1591 452 1170 303 0
EOF