NAME : tsp_problem
TYPE : TSP
DIMENSION : 80
EDGE_WEIGHT_TYPE : EXPLICIT
EDGE_WEIGHT_FORMAT : FULL_MATRIX
EDGE_WEIGHT_SECTION
0 820 1160 310 818 990 1336 1427 1088 713 393 1081 1474 1130 896 541 485 565 1377 926 810 875 1151 891 1244 362 854 660 267 380 740 334 568 1066 1463 712 1644 337 882 808 1506 695 1103 1219 1509 691 1108 454 564 790 1060 1002 281 385 658 882 289 886 1047 1072 1532 786 514 1370 988 1185 501 638 1138 819 732 766 1047 682 461 952 828 1961 724 906
794 0 389 693 1124 476 1553 1742 362 1030 493 467 1554 413 1213 550 569 351 1517 515 1127 1181 381 1208 1561 745 643 227 650 560 1046 696 354 600 1414 1029 1158 596 1199 1114 1020 278 1420 1536 1547 997 525 392 350 1107 1377 536 664 768 965 1199 672 1203 1364 737 1732 1103 365 1658 777 609 572 290 1455 1125 1049 1072 464 988 433 1269 1134 1475 1030 547
1134 389 0 1033 920 273 1534 1625 158 981 833 263 1673 209 1129 890 909 691 1575 311 1043 977 80 1014 1443 1084 439 566 990 899 843 1036 694 396 1662 997 1498 935 1116 910 1360 618 1224 1417 1708 793 303 732 690 988 1228 332 1004 1108 761 1116 1012 1009 1168 382 1730 1019 704 1569 465 255 912 630 1260 922 966 868 260 784 773 1188 930 1815 827 343
310 693 1033 0 919 1091 1437 1528 1005 814 257 1110 1575 1056 997 468 412 428 1478 1027 911 976 1024 992 1345 80 955 523 83 344 841 246 431 1167 1564 813 1577 249 983 909 1438 622 1204 1320 1610 791 1168 318 427 891 1161 1103 71 103 759 983 59 987 1148 1173 1633 887 400 1471 1089 1253 364 501 1239 920 833 867 1107 783 324 1053 928 1893 825 1007
818 1124 920 919 0 704 774 865 802 161 1002 795 912 844 309 790 733 1173 815 639 222 258 912 225 682 971 567 1069 876 629 116 718 1177 779 901 177 1280 719 295 80 1480 943 464 657 947 176 821 1063 1173 188 467 715 890 994 228 295 898 220 408 786 970 199 1146 808 701 898 1110 1133 500 63 146 274 760 212 1070 367 211 1591 233 619
990 476 273 1091 704 0 1318 1409 154 765 920 230 1456 196 913 962 906 778 1359 94 826 761 264 797 1226 1143 222 654 1048 801 626 890 781 179 1445 780 1585 892 899 693 1447 705 1008 1200 1491 576 173 819 777 771 1011 115 1062 1166 544 899 1071 793 952 389 1513 802 792 1352 357 317 999 717 1043 705 749 651 112 567 860 971 713 1902 610 126
1336 1547 1534 1437 774 1318 0 302 1416 706 1520 1409 270 1458 518 1307 1251 1691 87 1253 604 609 1526 574 324 1489 1181 1587 1394 1147 810 1236 1695 1393 168 722 547 1237 558 728 746 1461 333 152 223 870 1435 1581 1691 688 353 1329 1408 1512 806 558 1416 580 401 1400 407 635 1589 333 1315 1512 1627 1651 328 795 691 852 1374 790 1588 458 635 858 811 1233
1427 1736 1625 1528 865 1409 302 0 1507 797 1611 1500 226 1548 609 1398 1342 1782 343 1344 695 700 1617 665 415 1580 1272 1678 1485 1238 901 1327 1786 1484 357 813 736 1328 649 819 935 1552 424 243 452 961 1526 1672 1782 779 444 1420 1499 1603 897 649 1507 671 492 1490 284 725 1755 541 1406 1603 1718 1742 419 886 782 943 1465 881 1679 549 726 1047 902 1324
1088 362 158 1005 802 154 1416 1507 0 863 805 144 1554 91 1011 862 881 663 1457 193 924 859 149 895 1324 1057 321 539 962 872 724 988 666 278 1543 879 1470 908 997 792 1332 590 1106 1299 1589 674 202 704 662 869 1109 213 976 1080 642 997 984 891 1050 473 1611 901 677 1450 455 346 884 603 1142 803 847 749 141 666 745 1069 811 1787 708 225
713 1030 981 814 161 765 706 797 863 0 897 856 844 905 221 684 628 1068 747 700 135 285 973 216 614 866 628 964 771 524 177 613 1072 840 834 74 1213 614 207 206 1412 838 428 589 880 237 882 958 1068 115 388 776 785 889 328 208 793 211 372 846 902 111 1041 741 762 959 1004 1028 464 162 57 383 821 320 965 280 311 1524 341 680
393 493 833 257 1002 920 1520 1611 805 897 0 910 1658 856 1080 552 495 228 1561 958 994 1059 824 1075 1428 308 1038 323 214 428 924 329 231 1043 1632 897 1377 332 1066 992 1238 478 1287 1403 1694 875 968 117 227 974 1245 979 228 332 843 1067 236 1070 1231 1180 1716 970 200 1554 1172 1053 164 301 1323 1003 916 950 907 866 124 1136 1012 1693 909 990
1081 467 263 1110 795 230 1409 1500 144 856 910 0 1547 107 1004 967 986 768 1450 229 917 852 255 888 1317 1162 313 644 1067 892 717 981 772 353 1536 871 1576 983 990 784 1437 695 1099 1291 1582 667 278 809 768 862 1102 289 1081 1185 635 990 1089 884 1043 532 1604 893 782 1443 448 421 989 708 1134 796 840 742 217 658 851 1062 804 1892 701 217
1474 1548 1673 1575 912 1456 270 226 1554 844 1658 1547 0 1596 656 1446 1389 1745 235 1391 742 747 1664 712 451 1627 1319 1641 1532 1285 948 1374 1748 1531 169 860 548 1375 696 866 748 1599 471 290 264 1008 1573 1665 1744 826 491 1467 1546 1650 944 696 1554 718 539 1538 216 773 1590 375 1453 1650 1766 1704 466 933 829 990 1512 928 1707 596 773 859 949 1371
1130 413 209 1056 844 196 1458 1548 91 905 856 107 1596 0 1052 914 933 714 1499 234 966 901 201 937 1366 1108 362 590 1014 923 766 1030 718 319 1585 920 1522 959 1039 833 1383 641 1147 1340 1631 716 244 755 714 911 1151 255 1027 1131 684 1039 1036 932 1092 515 1653 942 728 1492 497 387 936 654 1183 845 889 791 183 707 797 1111 853 1838 750 266
896 1213 1129 997 309 913 518 609 1011 221 1080 1004 656 1052 0 868 811 1251 559 848 119 279 1121 245 426 1049 776 1147 954 707 325 796 1255 988 645 237 1024 797 73 354 1223 1021 281 400 691 385 1030 1141 1251 263 200 924 968 1072 476 73 976 250 237 994 713 149 1224 552 910 1107 1187 1211 317 310 206 523 969 460 1148 91 305 1335 481 828
541 550 890 468 790 962 1307 1398 862 684 552 967 1446 914 868 0 126 608 1348 898 781 847 881 862 1216 520 825 484 425 214 712 351 612 1038 1435 684 1574 250 854 779 1436 358 1074 1190 1481 662 1025 612 608 761 1032 973 439 543 630 854 448 858 1018 1044 1503 757 695 1342 960 1110 659 548 1110 791 704 737 964 653 619 923 799 1891 696 878
485 569 909 412 733 906 1251 1342 881 628 495 986 1389 933 811 126 0 627 1292 841 725 790 900 806 1159 464 769 503 369 158 655 294 631 981 1379 628 1594 194 797 723 1455 377 1018 1134 1425 606 1023 556 627 705 976 917 383 487 574 798 391 801 962 987 1447 701 639 1285 903 1100 602 567 1054 734 647 681 962 597 563 867 743 1910 639 821
565 351 691 428 1173 778 1691 1782 663 1068 228 768 1751 714 1251 608 627 0 1715 816 1165 1230 682 1246 1599 480 945 181 385 599 1096 500 34 901 1611 1068 1355 503 1238 1163 1217 336 1458 1574 1744 1046 826 127 85 1145 1416 837 399 503 1014 1238 407 1242 1402 1038 1887 1141 179 1726 1079 911 307 160 1494 1175 1087 1121 765 1037 168 1307 1183 1672 1080 848
1377 1511 1575 1478 815 1359 87 343 1457 747 1561 1450 235 1499 559 1348 1292 1708 0 1294 645 650 1567 615 365 1530 1222 1604 1435 1188 851 1277 1712 1434 133 763 512 1278 599 769 711 1502 374 193 187 911 1476 1622 1708 729 394 1370 1449 1553 847 599 1457 621 442 1440 412 676 1554 298 1356 1553 1668 1668 369 836 732 893 1415 831 1629 499 676 823 852 1274
926 515 311 1027 639 94 1253 1344 193 700 958 229 1391 234 848 898 841 816 1294 0 762 696 303 733 1162 1079 158 692 984 737 562 826 820 170 1381 716 1624 827 834 629 1485 743 943 1136 1427 512 212 857 816 706 946 106 998 1102 480 835 1006 728 887 377 1449 738 830 1288 292 355 1038 756 979 641 685 587 151 503 899 907 649 1940 546 62
810 1127 1043 911 222 826 604 695 924 135 994 917 742 966 119 781 725 1165 645 762 0 311 1034 276 512 962 690 1060 868 620 238 709 1168 902 731 151 1110 711 105 268 1309 935 325 486 777 298 943 1055 1164 177 285 838 882 986 390 105 890 273 269 908 799 63 1137 638 824 1020 1101 1124 361 224 119 444 883 382 1061 177 337 1421 403 742
875 1181 977 976 258 761 609 700 859 285 1059 852 747 901 279 847 790 1230 650 696 311 0 969 94 517 1028 624 1126 933 686 339 775 1234 836 736 301 1115 776 253 212 1315 1000 299 492 782 356 878 1120 1230 208 302 772 947 1051 249 237 955 100 243 842 805 323 1203 643 758 955 1166 1190 335 286 270 295 817 233 1127 338 78 1427 254 676
1125 381 80 1024 912 264 1526 1617 149 973 824 255 1664 201 1121 881 900 682 1567 303 1034 969 0 1006 1434 1076 431 558 981 891 834 1027 686 388 1653 989 1490 927 1107 902 1351 609 1216 1409 1699 784 312 723 682 979 1219 323 995 1099 752 1107 1003 1001 1160 428 1722 1011 696 1560 511 300 903 622 1252 913 958 860 251 776 765 1179 921 1806 818 335
891 1208 1014 992 225 797 574 665 895 216 1075 888 712 937 245 862 806 1246 615 733 276 94 1006 0 482 1044 661 1142 949 702 304 791 1250 873 702 232 1081 792 218 178 1280 1016 264 457 748 364 915 1136 1246 139 267 809 963 1067 285 203 971 36 208 879 770 254 1218 608 795 992 1182 1206 300 252 201 332 854 270 1143 303 120 1392 291 713
1244 1561 1443 1345 682 1226 324 415 1324 614 1428 1317 451 1366 426 1216 1159 1599 365 1162 512 517 1434 482 0 1397 1089 1495 1302 1055 718 1144 1603 1301 349 630 728 1145 466 636 928 1369 241 207 289 778 1343 1489 1599 596 261 1237 1316 1420 714 466 1324 488 309 1308 520 543 1572 149 1223 1420 1536 1559 236 703 599 760 1282 698 1496 366 543 1039 719 1141
362 745 1084 80 971 1143 1489 1580 1057 866 308 1162 1627 1108 1049 520 464 480 1530 1079 962 1028 1076 1044 1397 0 1007 575 134 396 893 298 483 1219 1616 865 1628 300 1035 961 1490 674 1255 1371 1662 843 1220 369 479 943 1213 1154 123 64 811 1035 111 1039 1199 1225 1684 939 452 1523 1141 1304 416 553 1291 972 885 918 1159 835 376 1105 980 1945 877 1059
854 643 439 955 567 222 1181 1272 321 628 1038 313 1319 362 776 825 769 945 1222 158 690 624 431 661 1089 1007 0 820 912 665 489 754 948 298 1309 644 1688 755 762 557 1614 871 871 1064 1355 440 340 986 944 634 874 234 926 1030 408 763 934 656 815 249 1377 666 958 1215 165 361 1145 884 907 568 613 515 279 431 1027 835 577 1999 473 138
660 227 566 523 1069 654 1587 1678 539 964 323 644 1647 590 1147 484 503 181 1610 692 1060 1126 558 1142 1495 575 820 0 481 494 991 596 185 777 1507 963 1251 530 1133 1059 1113 212 1353 1470 1640 941 702 222 181 1041 1311 713 494 599 909 1133 503 1137 1298 914 1782 1037 274 1621 954 786 403 121 1389 1070 983 1017 641 933 264 1203 1078 1568 975 724
267 650 990 83 876 1048 1394 1485 962 771 214 1067 1532 1014 954 425 369 385 1435 984 868 933 981 949 1302 134 912 481 0 302 798 203 389 1124 1522 771 1534 206 940 866 1396 579 1161 1277 1568 749 1125 275 384 848 1119 1060 54 158 717 941 62 944 1105 1130 1590 844 357 1428 1046 1210 321 459 1197 877 790 824 1064 740 281 1010 886 1851 782 964
380 560 899 344 629 801 1147 1238 872 524 428 892 1285 923 707 214 158 599 1188 737 620 686 891 702 1055 396 665 494 302 0 551 190 602 877 1274 523 1584 126 693 619 1446 368 913 1029 1320 501 918 489 598 601 871 813 315 420 469 693 324 697 857 883 1342 597 571 1181 799 995 535 557 949 630 543 576 858 493 495 763 638 1901 535 717
740 1046 843 841 116 626 810 901 724 177 924 717 948 766 325 712 655 1096 851 562 238 339 834 304 718 893 489 991 798 551 0 640 1099 702 937 192 1316 642 311 161 1515 866 531 692 983 98 743 985 1095 203 492 637 812 916 189 311 820 300 475 708 1005 214 1068 844 624 820 1032 1055 567 117 161 297 682 213 992 383 291 1627 255 542
334 696 1036 246 718 890 1236 1327 988 613 329 981 1374 1030 796 351 294 500 1277 826 709 775 1027 791 1144 298 754 596 203 190 640 0 504 966 1363 612 1649 137 782 708 1511 505 1002 1118 1409 590 1007 390 500 690 960 902 217 321 558 782 225 786 946 972 1431 686 473 1270 888 1084 436 574 1038 719 632 665 947 582 397 852 727 1966 624 806
568 354 694 431 1177 781 1695 1786 666 1072 231 772 1755 718 1255 612 631 34 1718 820 1168 1234 686 1250 1603 483 948 185 389 602 1099 504 0 905 1614 1071 1359 507 1241 1167 1220 340 1461 1577 1748 1049 829 130 89 1149 1419 841 402 506 1017 1241 411 1245 1406 1041 1890 1145 182 1729 1082 914 311 163 1497 1178 1091 1125 769 1041 172 1311 1186 1675 1083 852
1066 600 396 1167 779 179 1393 1484 278 840 1043 353 1531 319 988 1038 981 901 1434 170 902 836 388 873 1301 1219 298 777 1124 877 702 966 905 0 1521 856 1709 967 974 769 1570 828 1083 1276 1567 652 297 942 901 846 1086 105 1138 1242 620 975 1146 868 1027 257 1589 878 915 1428 340 256 1123 841 1119 781 825 727 236 643 984 1047 789 2025 686 202
1463 1408 1662 1564 901 1445 168 357 1543 834 1626 1536 169 1585 645 1435 1379 1605 133 1381 731 736 1653 702 349 1616 1309 1500 1522 1274 937 1363 1608 1521 0 850 408 1365 685 855 607 1552 460 279 162 997 1562 1525 1604 816 481 1457 1535 1640 933 686 1544 707 528 1527 347 762 1450 273 1443 1639 1705 1564 455 923 818 980 1502 917 1567 585 763 719 938 1361
712 1029 997 813 177 780 722 813 879 74 897 871 860 920 237 684 628 1068 763 716 151 301 989 232 630 865 644 963 771 523 192 612 1071 856 850 0 1229 614 223 222 1428 838 444 605 896 252 898 958 1067 131 404 792 784 889 344 223 793 227 388 862 918 127 1040 756 778 975 1004 1027 479 178 73 398 837 336 964 295 327 1540 357 696
1624 1152 1492 1571 1280 1579 547 736 1464 1213 1370 1569 548 1515 1024 1568 1587 1349 512 1617 1110 1115 1483 1081 728 1622 1688 1245 1528 1578 1316 1643 1353 1702 408 1229 0 1614 1064 1234 352 1296 839 658 541 1376 1627 1270 1349 1195 860 1638 1542 1646 1312 1065 1550 1086 907 1839 726 1141 1195 652 1822 1712 1450 1309 834 1302 1197 1359 1566 1296 1311 964 1141 822 1317 1649
337 596 935 249 719 892 1237 1328 908 614 332 983 1375 959 797 250 194 503 1278 827 711 776 927 792 1145 300 755 530 206 126 642 137 507 967 1365 614 1620 0 783 709 1482 404 1004 1120 1411 592 1009 393 503 691 962 903 220 324 560 784 228 787 948 973 1433 687 475 1271 889 1086 439 577 1040 721 633 667 948 583 400 853 729 1937 626 807
882 1199 1116 983 295 899 558 649 997 207 1066 990 696 1039 73 854 797 1238 599 834 105 253 1107 218 466 1035 762 1133 940 693 311 782 1241 974 685 223 1064 783 0 340 1264 1007 266 441 731 371 1016 1127 1237 249 240 910 954 1058 449 46 962 223 211 981 754 136 1210 592 896 1093 1174 1197 302 296 192 496 955 433 1134 131 279 1375 454 814
808 1114 910 909 80 693 728 819 792 206 992 784 866 833 354 779 723 1163 769 629 268 212 902 178 636 961 557 1059 866 619 161 708 1167 769 855 222 1234 709 340 0 1433 933 418 610 901 221 811 1053 1163 152 421 705 880 984 181 340 888 174 362 775 923 244 1135 762 691 888 1099 1123 453 108 191 228 750 166 1060 413 164 1545 187 609
1486 1014 1353 1432 1480 1441 746 935 1326 1412 1232 1431 748 1377 1223 1430 1449 1211 711 1479 1309 1315 1345 1280 928 1484 1607 1106 1389 1439 1515 1505 1214 1564 607 1428 352 1475 1264 1433 0 1158 1038 857 741 1575 1489 1131 1210 1394 1059 1500 1403 1507 1511 1264 1411 1285 1107 1701 925 1340 1056 851 1741 1573 1311 1170 1033 1501 1397 1558 1428 1496 1173 1163 1341 1021 1517 1511
695 278 618 622 943 705 1461 1552 590 838 478 695 1599 641 1021 358 377 336 1502 743 935 1000 609 1016 1369 674 871 212 579 368 866 505 340 828 1558 838 1302 404 1007 933 1164 0 1228 1344 1635 816 753 377 335 915 1186 764 593 697 784 1008 601 1011 1172 965 1657 911 429 1495 1006 838 557 276 1264 945 857 891 692 807 419 1077 953 1619 850 775
1103 1420 1224 1204 464 1008 333 424 1106 428 1287 1099 471 1147 281 1074 1018 1458 374 943 325 299 1216 264 241 1255 871 1353 1161 913 531 1002 1461 1083 460 444 839 1004 266 418 1038 1228 0 215 506 591 1125 1348 1457 378 127 1019 1175 1279 496 251 1183 270 91 1089 528 356 1430 367 1005 1202 1394 1417 59 492 412 542 1064 480 1354 221 325 1150 501 923
1219 1536 1417 1320 657 1200 152 243 1299 589 1403 1291 290 1340 400 1190 1134 1574 193 1136 486 492 1409 457 207 1371 1064 1470 1277 1029 692 1118 1577 1276 279 605 658 1120 441 610 857 1344 215 0 334 752 1318 1464 1573 571 236 1212 1291 1395 688 441 1299 462 284 1282 347 517 1546 333 1198 1395 1510 1533 210 678 574 735 1257 673 1470 340 518 969 694 1116
1509 1541 1708 1610 947 1491 223 452 1589 880 1694 1582 264 1631 691 1481 1425 1738 187 1427 777 782 1699 748 289 1662 1355 1634 1568 1320 983 1409 1741 1567 162 896 541 1411 731 901 741 1635 506 334 0 1043 1608 1659 1737 862 527 1503 1581 1686 979 732 1590 753 574 1573 442 808 1583 212 1489 1685 1801 1697 501 969 864 1026 1548 963 1700 631 809 852 984 1407
691 997 793 791 176 576 870 961 674 237 875 667 1008 716 385 662 606 1046 911 512 298 356 784 364 778 843 440 941 749 501 98 590 1049 652 997 252 1376 592 371 221 1575 816 591 752 1043 0 693 936 1045 263 552 588 763 867 140 371 771 360 535 658 1065 274 1018 904 574 770 982 1005 627 177 221 247 633 163 942 443 309 1687 205 492
1108 525 303 1168 821 173 1435 1526 202 882 968 278 1573 244 1030 1025 1023 826 1476 212 943 878 312 915 1343 1220 340 702 1125 918 743 1007 829 297 1562 898 1633 1009 1016 811 1495 753 1125 1318 1608 693 0 867 825 888 1128 232 1139 1243 661 1016 1147 910 1069 328 1631 920 840 1469 411 201 1047 766 1161 822 867 769 102 685 908 1088 830 1950 727 244
454 392 732 318 1063 819 1581 1672 704 958 117 809 1672 755 1141 612 556 127 1622 857 1055 1120 723 1136 1489 369 986 222 275 489 985 390 130 942 1531 958 1276 393 1127 1053 1137 377 1348 1464 1665 936 867 0 126 1035 1306 878 289 393 903 1127 297 1131 1292 1079 1777 1031 99 1615 1120 952 197 201 1384 1064 977 1011 806 927 68 1197 1073 1592 969 889
564 350 690 427 1173 777 1691 1782 662 1068 227 768 1750 714 1251 608 627 85 1714 816 1164 1230 682 1246 1599 479 944 181 384 598 1095 500 89 901 1610 1067 1355 503 1237 1163 1216 335 1457 1573 1744 1045 825 126 0 1145 1415 837 398 502 1013 1237 406 1241 1401 1037 1886 1141 178 1725 1078 910 306 159 1493 1174 1087 1120 765 1037 168 1307 1182 1671 1079 848
790 1107 988 891 188 771 688 779 869 115 974 862 826 911 263 761 705 1145 729 706 177 208 979 139 596 943 634 1041 848 601 203 690 1149 846 816 131 1195 691 249 152 1394 915 378 571 862 263 888 1035 1145 0 381 782 862 966 259 249 870 134 322 853 884 153 1118 722 768 965 1081 1105 414 189 100 305 827 243 1042 322 234 1506 264 686
1060 1377 1228 1161 467 1011 353 444 1109 388 1245 1102 491 1151 200 1032 976 1416 394 946 285 302 1219 267 261 1213 874 1311 1119 871 492 960 1419 1086 481 404 860 962 240 421 1059 1186 127 236 527 552 1128 1306 1415 381 0 1022 1132 1237 499 240 1141 273 94 1093 549 316 1388 387 1008 1205 1352 1375 163 477 373 545 1067 483 1312 139 328 1171 504 926
1002 536 332 1103 715 115 1329 1420 213 776 979 289 1467 255 924 973 917 837 1370 106 838 772 323 809 1237 1154 234 713 1060 813 637 902 841 105 1457 792 1645 903 910 705 1506 764 1019 1212 1503 588 232 878 837 782 1022 0 1074 1178 555 910 1082 804 963 315 1525 814 851 1363 368 314 1058 777 1055 716 761 663 172 579 920 982 725 1961 621 138
281 664 1004 71 890 1062 1408 1499 976 785 228 1081 1546 1027 968 439 383 399 1449 998 882 947 995 963 1316 123 926 494 54 315 812 217 402 1138 1535 784 1548 220 954 880 1409 593 1175 1291 1581 763 1139 289 398 862 1132 1074 0 147 730 954 51 958 1119 1144 1604 858 371 1442 1060 1224 335 472 1210 891 804 838 1078 754 295 1024 900 1864 796 978
385 768 1108 103 994 1166 1512 1603 1080 889 332 1185 1650 1131 1072 543 487 503 1553 1102 986 1051 1099 1067 1420 64 1030 599 158 420 916 321 506 1242 1640 889 1652 324 1058 984 1514 697 1279 1395 1686 867 1243 393 502 966 1237 1178 147 0 835 1059 135 1062 1223 1248 1708 962 475 1546 1164 1328 439 577 1315 995 908 942 1182 858 399 1128 1004 1969 900 1082
658 965 761 759 228 544 806 897 642 328 843 635 944 684 476 630 574 1014 847 480 390 249 752 285 714 811 408 909 717 469 189 558 1017 620 933 344 1312 560 449 181 1511 784 496 688 979 140 661 903 1013 259 499 555 730 835 0 434 739 281 440 626 1001 366 986 840 542 738 950 973 531 256 313 139 600 55 910 535 201 1623 98 460
882 1199 1116 983 295 899 558 649 997 208 1067 990 696 1039 73 854 798 1238 599 835 105 237 1107 203 466 1035 763 1133 941 693 311 782 1241 975 686 223 1065 784 46 340 1264 1008 251 441 732 371 1016 1127 1237 249 240 910 954 1059 434 0 963 208 196 981 754 136 1210 592 897 1093 1174 1197 287 296 192 481 955 418 1134 132 264 1376 439 815
289 672 1012 59 898 1071 1416 1507 984 793 236 1089 1554 1036 976 448 391 407 1457 1006 890 955 1003 971 1324 111 934 503 62 324 820 225 411 1146 1544 793 1556 228 962 888 1418 601 1183 1299 1590 771 1147 297 406 870 1141 1082 51 135 739 963 0 966 1127 1152 1612 866 379 1450 1068 1232 343 481 1219 899 812 846 1086 762 304 1032 908 1873 804 986
886 1203 1009 987 220 793 580 671 891 211 1070 884 718 932 250 858 801 1242 621 728 273 100 1001 36 488 1039 656 1137 944 697 300 786 1245 868 707 227 1086 787 223 174 1285 1011 270 462 753 360 910 1131 1241 134 273 804 958 1062 281 208 966 0 214 874 775 249 1214 614 790 987 1178 1201 305 248 196 327 849 265 1138 308 126 1397 286 708
1047 1364 1168 1148 408 952 401 492 1050 372 1231 1043 539 1092 237 1018 962 1402 442 887 269 243 1160 208 309 1199 815 1298 1105 857 475 946 1406 1027 528 388 907 948 211 362 1107 1172 91 284 574 535 1069 1292 1401 322 94 963 1119 1223 440 196 1127 214 0 1034 597 300 1374 435 949 1146 1338 1361 127 436 357 486 1008 424 1299 188 269 1218 445 867
1072 737 382 1173 786 389 1400 1490 473 846 1180 532 1538 515 994 1044 987 1038 1440 377 908 842 428 879 1308 1225 249 914 1130 883 708 972 1041 257 1527 862 1845 973 981 775 1707 965 1089 1282 1573 658 328 1079 1037 853 1093 315 1144 1248 626 981 1152 874 1034 0 1595 884 1052 1434 133 162 1259 978 1125 787 831 733 372 649 1120 1053 795 2162 692 357
1532 1725 1730 1633 970 1513 407 284 1611 902 1716 1604 216 1653 713 1503 1447 1887 412 1449 799 805 1722 770 520 1684 1377 1782 1590 1342 1005 1431 1890 1589 347 918 726 1433 754 923 925 1657 528 347 442 1065 1631 1777 1886 884 549 1525 1604 1708 1001 754 1612 775 597 1595 0 830 1768 553 1511 1708 1823 1846 523 991 887 1048 1570 986 1783 653 831 1037 1007 1429
786 1103 1019 887 199 802 635 725 901 111 970 893 773 942 149 757 701 1141 676 738 63 323 1011 254 543 939 666 1037 844 597 214 686 1145 878 762 127 1141 687 136 244 1340 911 356 517 808 274 920 1031 1141 153 316 814 858 962 366 136 866 249 300 884 830 0 1114 669 800 997 1077 1101 392 200 96 421 859 358 1038 208 349 1452 379 718
488 376 716 400 1146 803 1595 1755 688 1041 200 794 1597 740 1224 695 639 179 1560 842 1137 1203 708 1218 1572 452 970 274 357 571 1068 473 182 927 1456 1040 1201 475 1210 1135 1062 429 1430 1546 1590 1018 851 99 178 1118 1388 863 371 475 986 1210 379 1214 1374 1063 1774 1114 0 1698 1104 936 279 252 1466 1147 1060 1093 791 1009 141 1280 1155 1517 1052 874
1370 1651 1569 1471 808 1352 333 541 1450 741 1554 1443 375 1492 552 1342 1285 1726 298 1288 638 643 1560 608 149 1523 1215 1621 1428 1181 844 1270 1729 1428 273 756 652 1271 592 762 851 1495 367 333 212 904 1469 1615 1725 722 387 1363 1442 1546 840 592 1450 614 435 1434 553 669 1694 0 1350 1546 1662 1685 362 829 725 887 1408 824 1622 492 669 963 845 1268
988 777 465 1089 701 357 1315 1406 455 762 1172 448 1453 497 910 960 903 1079 1356 292 824 758 511 795 1223 1141 165 954 1046 799 624 888 1082 340 1443 778 1822 889 896 691 1748 1006 1005 1198 1489 574 411 1120 1078 768 1008 368 1060 1164 542 897 1068 790 949 133 1511 800 1092 1350 0 245 1279 1018 1041 702 747 649 413 565 1161 969 711 2133 608 272
1185 609 255 1253 898 317 1512 1603 346 959 1053 421 1650 387 1107 1110 1100 911 1553 355 1020 955 300 992 1420 1304 361 786 1210 995 820 1084 914 256 1639 975 1718 1086 1093 888 1580 838 1202 1395 1685 770 201 952 910 965 1205 314 1224 1328 738 1093 1232 987 1146 162 1708 997 924 1546 245 0 1132 850 1238 899 943 846 245 762 993 1165 907 2035 804 387
501 572 912 364 1110 999 1627 1718 884 1004 164 989 1766 936 1187 659 602 307 1668 1038 1101 1166 903 1182 1536 416 1145 403 321 535 1032 436 311 1123 1712 1004 1456 439 1174 1099 1318 557 1394 1510 1801 982 1047 197 306 1081 1352 1058 335 439 950 1174 343 1178 1338 1259 1823 1077 279 1662 1279 1132 0 381 1430 1111 1024 1057 986 973 204 1243 1119 1773 1016 1070
638 290 630 501 1133 717 1651 1742 603 1028 301 708 1711 654 1211 548 567 160 1674 756 1124 1190 622 1206 1559 553 884 121 459 557 1055 574 163 841 1571 1027 1315 577 1197 1123 1177 276 1417 1533 1704 1005 766 201 159 1105 1375 777 472 577 973 1197 481 1201 1361 978 1846 1101 252 1685 1018 850 381 0 1453 1134 1047 1080 705 997 242 1267 1142 1632 1039 788
1138 1455 1260 1239 500 1043 328 419 1142 464 1323 1134 466 1183 317 1110 1054 1494 369 979 361 335 1252 300 236 1291 907 1389 1197 949 567 1038 1497 1119 455 479 834 1040 302 453 1033 1264 59 210 501 627 1161 1384 1493 414 163 1055 1210 1315 531 287 1219 305 127 1125 523 392 1466 362 1041 1238 1430 1453 0 528 448 578 1100 516 1390 257 361 1145 537 959
819 1125 922 920 63 705 795 886 803 162 1003 796 933 845 310 791 734 1175 836 641 224 286 913 252 703 972 568 1070 877 630 117 719 1178 781 923 178 1302 721 296 108 1501 945 492 678 969 177 822 1064 1174 189 477 716 891 995 256 296 899 248 436 787 991 200 1147 829 702 899 1111 1134 528 0 147 302 761 240 1071 369 239 1613 261 620
732 1049 966 833 146 749 691 782 847 57 916 840 829 889 206 704 647 1087 732 685 119 270 958 201 599 885 613 983 790 543 161 632 1091 825 818 73 1197 633 192 191 1397 857 412 574 864 221 867 977 1087 100 373 761 804 908 313 192 812 196 357 831 887 96 1060 725 747 943 1024 1047 448 147 0 367 806 305 984 264 296 1508 326 665
766 1072 868 867 274 651 852 943 749 383 950 742 990 791 523 737 681 1121 893 587 444 295 860 332 760 918 515 1017 824 576 297 665 1125 727 980 398 1359 667 496 228 1558 891 542 735 1026 247 769 1011 1120 305 545 663 838 942 139 481 846 327 486 733 1048 421 1093 887 649 846 1057 1080 578 302 367 0 708 124 1018 581 248 1670 82 567
1047 464 260 1107 760 112 1374 1465 141 821 907 217 1512 183 969 964 962 765 1415 151 883 817 251 854 1282 1159 279 641 1064 858 682 947 769 236 1502 837 1573 948 955 750 1434 692 1064 1257 1548 633 102 806 765 827 1067 172 1078 1182 600 955 1086 849 1008 372 1570 859 779 1408 413 245 986 705 1100 761 806 708 0 624 848 1028 770 1889 666 183
682 988 784 783 212 567 790 881 666 320 866 658 928 707 460 653 597 1037 831 503 382 233 776 270 698 835 431 933 740 493 213 582 1041 643 917 336 1296 583 433 166 1496 807 480 673 963 163 685 927 1037 243 483 579 754 858 55 418 762 265 424 649 986 358 1009 824 565 762 973 997 516 240 305 124 624 0 934 519 185 1607 82 483
461 433 773 324 1070 860 1588 1679 745 965 124 851 1713 797 1148 619 563 168 1629 899 1061 1127 765 1143 1496 376 1027 264 281 495 992 397 172 984 1573 964 1317 400 1134 1060 1179 419 1354 1470 1706 942 908 68 168 1042 1312 920 295 399 910 1134 304 1138 1299 1120 1783 1038 141 1622 1161 993 204 242 1390 1071 984 1018 848 934 0 1204 1079 1634 976 931
952 1269 1188 1053 367 971 458 549 1069 280 1136 1062 596 1111 91 923 867 1307 499 907 177 338 1179 303 366 1105 835 1203 1010 763 383 852 1311 1047 585 295 964 853 131 413 1163 1077 221 340 631 443 1088 1197 1307 322 139 982 1024 1128 535 132 1032 308 188 1053 653 208 1280 492 969 1165 1243 1267 257 369 264 581 1028 519 1204 0 364 1275 540 887
828 1134 930 928 211 713 635 726 811 311 1012 804 773 853 305 799 743 1183 676 649 337 78 921 120 543 980 577 1078 886 638 291 727 1186 789 763 327 1141 729 279 164 1341 953 325 518 809 309 830 1073 1182 234 328 725 900 1004 201 264 908 126 269 795 831 349 1155 669 711 907 1119 1142 361 239 296 248 770 185 1079 364 0 1453 206 629
1941 1469 1808 1887 1591 1895 858 1047 1781 1524 1687 1886 859 1832 1335 1885 1904 1666 823 1934 1421 1427 1800 1392 1039 1939 1999 1561 1844 1894 1627 1960 1669 2019 719 1540 822 1930 1375 1545 1021 1613 1150 969 852 1687 1944 1586 1665 1506 1171 1955 1858 1962 1623 1376 1866 1397 1218 2156 1037 1452 1511 963 2133 2028 1766 1625 1145 1613 1508 1670 1883 1607 1628 1275 1453 0 1628 1966
724 1030 827 825 233 610 811 902 708 341 909 701 949 750 481 696 639 1080 852 546 403 254 818 291 719 877 473 975 782 535 255 624 1083 686 938 357 1317 626 454 187 1517 850 501 694 984 205 727 969 1079 264 504 621 796 900 98 439 804 286 445 692 1007 379 1052 845 608 804 1016 1039 537 261 326 82 666 82 976 540 206 1628 0 526
906 547 343 1007 619 126 1233 1324 225 680 990 217 1371 266 828 878 821 848 1274 62 742 676 335 713 1141 1059 138 724 964 717 542 806 852 202 1361 696 1656 807 814 609 1517 775 923 1116 1407 492 244 889 848 686 926 138 978 1082 460 815 986 708 867 357 1429 718 862 1268 272 387 1070 788 959 620 665 567 183 483 931 887 629 1972 526 0
EOF