NAME : tsp_problem
TYPE : TSP
DIMENSION : 72
EDGE_WEIGHT_TYPE : EXPLICIT
EDGE_WEIGHT_FORMAT : FULL_MATRIX
EDGE_WEIGHT_SECTION
0 799 689 1002 284 880 966 388 755 1004 1021 1093 903 473 944 1390 377 892 689 348 885 316 672 834 49 654 703 840 1005 964 100 853 353 847 342 277 1666 602 1387 1051 748 1001 71 719 1424 927 60 1059 1016 704 46 751 828 808 324 431 753 968 916 338 1450 638 706 865 668 347 1065 865 1006 534 687 1013
799 0 391 238 740 150 201 982 222 240 957 953 973 1067 804 1721 815 125 298 942 219 754 531 981 811 1114 406 987 865 824 729 169 707 707 936 733 944 1039 666 1183 607 253 766 421 702 1098 771 1054 919 295 791 294 61 236 678 869 613 828 776 932 729 1075 1144 98 310 701 1021 199 909 972 547 246
689 391 0 515 629 501 344 872 269 581 716 712 731 957 563 1874 704 476 203 832 570 644 290 739 700 1003 59 745 623 582 619 520 596 465 826 623 1140 929 861 942 366 379 655 74 897 857 661 812 678 218 680 128 419 185 567 758 372 587 534 822 924 965 1033 432 182 591 780 550 668 861 305 410
1002 238 515 0 943 161 228 1185 427 99 1162 1158 1178 1270 1009 1517 1017 152 503 1145 230 957 737 1186 1013 1316 529 1192 1070 1029 932 179 909 912 1139 936 740 1242 461 1388 812 279 969 545 498 1303 974 1259 1124 500 993 446 221 388 880 1072 818 1033 981 1135 524 1278 1346 198 515 904 1226 210 1114 1175 752 138
284 740 629 943 0 820 907 467 696 945 1038 1034 981 552 885 1439 107 833 630 427 826 46 612 912 295 406 644 918 946 905 214 793 212 788 421 96 1606 331 1328 1130 688 942 250 659 1364 1006 255 1135 1000 645 275 692 768 748 183 161 694 909 856 417 1391 367 436 806 609 114 1102 805 990 264 628 953
880 150 501 161 820 0 214 1063 340 163 1075 1071 1091 1148 922 1645 895 64 415 1023 108 835 649 1099 891 1194 516 1105 983 942 810 57 787 825 1017 814 868 1120 589 1301 725 266 846 531 626 1216 852 1172 1037 413 871 412 134 354 758 949 731 946 894 1013 652 1156 1224 111 428 782 1139 88 1027 1052 665 259
966 201 344 228 907 214 0 1149 382 294 993 989 1009 1234 840 1630 981 189 457 1109 284 921 567 1017 977 1281 358 1022 901 860 896 233 873 743 1103 900 853 1206 574 1219 643 108 933 374 611 1134 938 1089 955 454 957 275 185 217 844 1036 649 864 811 1099 637 1242 1310 146 459 868 1057 263 945 1139 582 123
388 982 872 1185 467 1063 1149 0 938 1187 657 1024 538 109 876 1026 560 1075 872 90 1068 499 854 470 378 289 886 475 682 607 416 1035 535 779 121 460 1398 337 1521 687 930 1184 428 902 1484 563 417 695 652 887 403 934 1010 990 506 527 901 608 634 99 1564 339 490 1048 851 530 701 1048 642 630 870 1195
755 222 269 427 696 340 382 938 0 429 782 778 798 1023 629 1911 770 315 122 898 406 710 356 806 766 1070 283 811 690 649 685 358 662 532 892 689 1134 995 855 1008 432 417 722 299 892 923 727 878 744 119 746 175 250 195 633 825 438 653 600 888 918 1031 1099 288 135 657 846 385 734 928 371 436
1004 240 581 99 945 163 294 1187 429 0 1164 1160 1180 1272 1011 1583 1019 154 505 1147 232 959 739 1188 1015 1318 595 1194 1072 1031 934 181 911 914 1141 938 806 1244 527 1390 814 345 971 611 564 1305 976 1261 1126 502 995 501 223 443 882 1074 820 1035 983 1137 590 1280 1348 200 517 906 1228 212 1116 1177 754 205
1021 957 716 1162 1038 1075 993 657 782 1164 0 486 251 709 454 1467 1113 1050 716 724 1126 1052 493 259 1011 889 730 264 260 185 1027 1093 1005 357 754 1031 1789 937 1510 286 569 1028 1061 746 1547 324 1050 156 280 731 1036 778 985 834 976 1126 479 186 212 733 1573 938 1090 1023 695 999 124 1106 270 1229 465 1059
1093 953 712 1158 1034 1071 989 1024 778 1160 486 0 619 1076 395 1834 1109 1046 712 1091 1122 1048 489 606 1105 1256 726 601 450 470 1024 1089 1001 278 1122 1027 1785 1304 1506 531 565 1024 1060 742 1543 569 1065 370 565 727 1085 774 981 830 972 1163 475 474 422 1100 1569 1305 1438 1019 691 995 408 1102 555 1266 461 1055
903 973 731 1178 981 1091 1009 538 798 1180 251 619 0 590 470 1348 1074 1066 732 605 1142 1014 508 140 892 771 746 146 275 201 930 1109 1020 373 636 975 1721 818 1526 381 584 1044 943 761 1562 258 932 347 196 747 918 793 1001 850 991 1008 495 202 228 614 1589 820 971 1039 711 1015 315 1122 186 1111 480 1075
473 1067 957 1270 552 1148 1234 109 1023 1272 709 1076 590 0 928 1078 563 1160 957 176 1153 529 940 521 463 238 971 527 733 659 501 1121 621 831 207 545 1450 285 1573 738 1016 1269 513 987 1535 615 502 746 703 972 488 1019 1096 1076 592 475 952 660 686 185 1615 287 438 1133 936 612 753 1133 694 578 938 1281
935 795 554 1000 876 913 831 867 620 1002 445 386 461 919 0 1677 951 888 554 934 964 890 331 469 947 1099 568 475 353 312 865 931 843 140 965 869 1627 1147 1348 667 406 866 902 583 1385 586 907 506 407 569 927 616 823 672 814 1005 317 316 264 943 1411 1149 1280 861 533 837 509 944 397 1108 303 897
1384 1721 1867 1517 1433 1645 1630 1020 1911 1583 1460 1827 1342 1071 1680 0 1436 1635 1868 1086 1714 1403 1718 1273 1374 1118 1882 1279 1485 1411 1412 1663 1531 1582 1117 1456 969 1159 1092 1490 1794 1616 1424 1897 1054 1367 1413 1498 1455 1883 1399 1848 1705 1790 1502 1349 1704 1412 1438 1095 1134 1161 1312 1682 1847 1485 1505 1694 1445 1452 1690 1540
377 815 704 1017 107 895 981 560 770 1019 1113 1109 1074 563 960 1442 0 907 704 520 901 77 687 1006 388 409 719 1011 1020 979 307 868 258 863 514 190 1681 334 1403 1223 763 1017 344 734 1439 1099 349 1209 1075 720 368 766 843 823 229 164 769 984 931 510 1466 371 439 880 683 159 1177 880 1065 267 702 1028
892 125 476 152 833 64 189 1075 315 154 1050 1046 1066 1160 897 1635 907 0 390 1035 133 847 624 1074 903 1207 490 1079 958 917 822 83 799 800 1029 826 858 1132 580 1276 700 240 859 506 616 1191 864 1146 1012 387 883 386 109 329 770 962 706 921 868 1025 643 1168 1236 86 403 794 1114 113 1002 1065 639 234
689 298 203 503 630 415 457 872 122 505 716 712 732 957 563 1874 704 390 0 832 481 644 290 740 700 1004 217 745 624 583 619 434 596 466 826 623 1209 929 931 942 366 492 656 233 967 857 661 812 678 71 680 250 326 271 567 759 372 587 534 822 994 965 1034 363 69 591 780 461 668 862 305 511
348 942 832 1145 427 1023 1109 90 898 1147 724 1091 605 176 943 1093 520 1035 832 0 1028 459 815 536 338 356 846 542 748 674 376 996 496 846 56 420 1465 404 1530 753 891 1144 388 862 1550 630 377 761 718 847 363 894 971 951 467 574 896 675 701 74 1593 405 557 1008 811 490 768 1008 709 677 830 1156
885 219 570 230 826 108 284 1068 406 232 1126 1122 1142 1153 973 1714 901 133 481 1028 0 840 701 1150 896 1200 585 1156 1034 993 815 81 792 876 1022 819 937 1125 658 1352 777 335 852 600 695 1267 857 1223 1088 478 877 477 203 420 763 955 782 997 945 1018 721 1161 1230 180 493 787 1191 49 1079 1058 716 328
316 754 644 957 46 835 921 499 710 959 1052 1048 1014 529 899 1409 77 847 644 459 840 0 626 945 328 376 658 951 960 919 247 807 197 802 453 129 1621 301 1342 1162 702 956 283 674 1378 1039 288 1149 1014 659 308 706 782 762 168 131 708 923 871 449 1405 337 406 820 623 98 1116 820 1004 234 642 967
672 531 290 737 612 649 567 854 356 739 493 489 508 940 340 1724 687 624 290 815 701 626 0 517 683 986 304 522 400 359 602 668 579 242 809 606 1363 912 1085 719 105 602 638 320 1121 634 643 589 455 305 663 352 560 409 550 741 122 364 311 805 1148 948 1016 597 269 574 557 680 445 844 54 633
834 981 739 1186 912 1099 1017 470 806 1188 259 606 140 521 478 1279 1006 1074 740 536 1150 945 517 0 824 702 754 47 284 209 862 1117 981 381 567 906 1652 749 1534 269 592 1052 874 769 1570 146 863 277 254 755 849 802 1009 858 952 939 503 210 236 545 1597 751 903 1047 719 976 284 1130 244 1042 488 1083
49 811 700 1013 295 891 977 378 766 1015 1011 1105 892 463 955 1380 388 903 700 338 896 328 683 824 0 643 714 829 1016 961 111 864 364 858 332 288 1677 613 1399 1041 759 1012 82 730 1435 917 71 1049 1006 715 57 762 839 819 335 442 765 962 927 328 1462 649 717 876 679 358 1055 876 996 545 698 1024
654 1114 1003 1316 406 1194 1281 289 1070 1318 889 1256 771 238 1108 1124 409 1207 1004 356 1200 376 986 702 643 0 1018 707 914 839 606 1167 557 1011 387 489 1496 132 1619 919 1062 1316 643 1033 1582 795 648 927 884 1019 667 1065 1142 1122 528 321 1068 840 866 365 1662 133 285 1179 983 458 933 1179 874 424 1001 1327
703 406 59 529 644 516 358 886 283 595 730 726 746 971 577 1888 719 490 217 846 585 658 304 754 714 1018 0 759 638 597 633 534 610 480 840 637 1154 943 875 956 380 393 670 69 912 871 675 826 692 232 694 143 434 199 581 773 386 601 548 836 938 979 1048 447 196 605 794 564 682 876 319 424
840 987 745 1192 918 1105 1022 475 811 1194 264 601 146 527 484 1285 1011 1079 745 542 1156 951 522 47 829 707 759 0 289 215 867 1123 987 386 573 911 1657 755 1540 263 598 1058 880 775 1576 140 869 271 259 761 854 807 1015 864 958 945 508 216 242 551 1603 757 908 1052 724 981 278 1135 250 1048 494 1088
1005 865 623 1070 946 983 901 682 690 1072 260 450 275 733 362 1491 1020 958 624 748 1034 960 400 284 1016 914 638 289 0 126 935 1001 912 265 779 939 1696 961 1418 486 476 936 972 653 1454 401 977 332 304 639 996 685 893 742 883 1075 387 131 120 757 1481 963 1115 930 603 907 324 1014 295 1178 372 967
964 824 582 1029 905 942 860 607 649 1031 185 470 201 659 321 1417 979 917 583 674 993 919 359 209 961 839 597 215 126 0 894 960 871 224 705 898 1655 887 1377 411 435 895 931 612 1413 326 936 282 230 598 955 644 852 701 842 1034 345 61 79 683 1440 889 1040 889 561 866 249 973 220 1137 331 926
100 729 619 932 214 810 896 416 685 934 1027 1024 930 501 874 1418 307 822 619 376 815 247 602 862 111 606 633 867 935 894 0 783 283 777 370 207 1596 532 1317 1079 678 931 66 649 1354 955 71 1087 989 634 91 681 758 738 254 361 683 898 846 366 1380 568 636 795 598 277 1092 795 980 464 617 943
853 169 520 179 793 57 233 1035 358 181 1093 1089 1109 1121 940 1663 868 83 434 996 81 807 668 1117 864 1167 534 1123 1001 960 783 0 760 843 990 787 886 1092 608 1319 744 284 819 549 644 1234 824 1190 1055 431 844 430 152 372 731 922 749 964 912 986 671 1129 1197 129 446 754 1158 61 1046 1025 683 277
353 707 596 909 212 787 873 535 662 911 1005 1001 1020 621 852 1538 258 799 596 496 792 197 579 981 364 557 610 987 912 871 283 760 0 754 490 287 1573 482 1295 1198 655 909 319 626 1331 1075 324 1101 967 612 344 658 735 715 68 312 661 876 823 485 1358 518 587 772 575 144 1069 772 957 415 594 920
847 707 465 912 788 825 743 779 532 914 357 278 373 831 149 1589 863 800 466 846 876 802 242 381 858 1011 480 386 265 224 777 843 754 0 876 781 1539 1059 1260 560 318 778 814 495 1296 498 819 398 319 481 838 527 735 584 725 917 229 228 175 855 1323 1060 1192 772 445 749 421 856 309 1020 214 809
342 936 826 1139 421 1017 1103 121 892 1141 754 1122 636 207 974 1123 514 1029 826 56 1022 453 809 567 332 387 840 573 779 705 370 990 490 876 0 414 1496 435 1524 784 885 1138 382 856 1561 661 371 792 749 841 357 888 965 945 461 568 890 706 732 103 1587 436 588 1002 805 484 799 1002 740 671 824 1150
277 733 623 936 96 814 900 460 689 938 1031 1027 975 545 878 1462 190 826 623 420 819 129 606 906 288 489 637 911 939 898 207 787 287 781 414 0 1600 414 1321 1123 682 935 244 653 1358 999 249 1128 993 638 269 685 761 742 258 244 687 902 850 410 1384 450 519 799 602 197 1096 799 984 347 621 947
1666 944 1140 740 1606 868 853 1392 1134 806 1789 1785 1714 1444 1636 969 1681 858 1209 1459 937 1621 1363 1645 1677 1490 1154 1651 1696 1655 1596 886 1573 1539 1489 1600 0 1531 315 1863 1439 839 1632 1169 277 1739 1638 1870 1751 1206 1657 1071 928 1013 1544 1721 1445 1660 1607 1468 357 1533 1685 905 1222 1568 1853 917 1741 1824 1378 763
602 1039 929 1242 331 1120 1206 337 995 1244 937 1304 818 285 1156 1165 334 1132 929 404 1125 301 912 749 613 132 943 755 961 887 532 1092 482 1059 435 414 1537 0 1627 966 987 1241 568 959 1623 843 573 974 932 944 593 991 1067 1047 453 247 993 888 914 413 1690 100 210 1105 908 383 981 1105 922 350 927 1253
1387 666 861 461 1328 589 574 1515 855 527 1510 1506 1526 1567 1357 1092 1403 580 931 1530 658 1342 1085 1534 1399 1613 875 1540 1418 1377 1317 608 1295 1260 1524 1321 315 1627 0 1736 1160 560 1354 891 73 1651 1359 1607 1472 928 1379 792 649 735 1266 1457 1166 1381 1329 1520 126 1656 1732 626 943 1289 1574 638 1462 1560 1100 485
1051 1183 942 1388 1130 1301 1219 687 1008 1390 286 531 381 738 676 1497 1223 1276 942 753 1352 1162 719 269 1041 919 956 263 486 411 1079 1319 1198 560 784 1123 1869 966 1736 0 795 1254 1091 972 1773 232 1080 202 494 957 1066 1004 1211 1060 1169 1156 705 412 438 762 1799 968 1120 1249 921 1193 208 1332 485 1259 691 1285
748 607 366 812 688 725 643 930 432 814 569 565 584 1016 415 1800 763 700 366 891 777 702 105 592 759 1062 380 598 476 435 678 744 655 318 885 682 1439 987 1160 795 0 678 714 396 1197 710 719 665 530 381 739 428 636 485 626 817 197 439 387 880 1223 1024 1092 673 345 649 633 756 521 920 130 709
1001 253 379 279 942 266 108 1184 417 345 1028 1024 1044 1269 875 1616 1017 240 492 1144 335 956 602 1052 1012 1316 393 1058 936 895 931 284 909 778 1138 935 839 1241 560 1254 678 0 968 409 597 1169 973 1125 990 490 993 310 236 253 879 1071 684 899 846 1134 623 1277 1346 197 494 903 1092 314 980 1174 618 174
71 766 655 969 250 846 933 428 722 971 1061 1060 943 513 911 1430 344 859 656 388 852 283 638 874 82 643 670 880 972 931 66 819 319 814 382 244 1632 568 1354 1091 714 968 0 685 1390 968 93 1099 1026 671 79 718 794 774 290 398 720 935 882 378 1417 604 673 832 635 314 1106 831 1016 501 654 979
719 421 74 545 659 531 374 902 299 611 746 742 761 987 592 1904 734 506 233 862 600 674 320 769 730 1033 69 775 653 612 649 549 626 495 856 653 1169 959 891 972 396 409 685 0 927 887 690 842 708 248 710 158 449 215 597 788 402 616 564 852 954 995 1063 462 212 621 810 580 698 891 335 440
1424 702 897 498 1364 626 611 1477 892 564 1547 1543 1562 1529 1394 1054 1439 616 967 1544 695 1378 1121 1570 1435 1575 912 1576 1454 1413 1354 644 1331 1296 1561 1358 277 1617 73 1773 1197 597 1390 927 0 1688 1395 1643 1509 964 1415 829 685 771 1302 1493 1203 1418 1365 1553 115 1618 1768 663 980 1326 1611 674 1499 1596 1136 521
927 1098 857 1303 1006 1216 1134 563 923 1305 324 569 258 615 595 1373 1099 1191 857 630 1267 1039 634 146 917 795 871 140 401 326 955 1234 1075 498 661 999 1745 843 1651 232 710 1169 968 887 1688 0 956 240 371 872 942 919 1126 975 1046 1033 620 327 353 639 1714 845 996 1164 836 1069 246 1247 361 1136 606 1200
60 771 661 974 255 852 938 417 727 976 1050 1065 932 502 916 1419 349 864 661 377 857 288 643 863 71 648 675 869 977 936 71 824 324 819 371 249 1638 573 1359 1080 719 973 93 690 1395 956 0 1088 1031 676 68 723 799 779 295 403 725 940 888 367 1422 609 678 837 640 319 1094 836 1021 506 659 984
1059 1054 812 1259 1135 1172 1089 695 878 1261 156 370 347 746 515 1504 1209 1146 812 761 1223 1149 589 277 1049 927 826 271 332 282 1087 1190 1101 398 792 1128 1877 974 1607 202 665 1125 1099 842 1643 240 1088 0 376 828 1074 874 1082 931 1072 1164 575 283 309 770 1670 976 1128 1119 791 1096 79 1202 366 1267 561 1155
1016 919 678 1124 1000 1037 955 652 744 1126 280 565 196 703 416 1462 1075 1012 678 718 1088 1014 455 254 1006 884 692 259 304 230 989 1055 967 319 749 993 1751 932 1472 494 530 990 1026 708 1509 371 1031 376 0 693 1031 740 947 796 938 1121 441 231 231 727 1535 933 1085 985 657 961 344 1068 57 1224 427 1021
704 295 218 500 645 413 454 887 119 502 731 727 747 972 578 1889 720 387 71 847 478 659 305 755 715 1019 232 761 639 598 634 431 612 481 841 638 1206 944 928 957 381 490 671 248 964 872 676 828 693 0 696 247 323 268 582 774 387 602 550 837 991 980 1049 360 84 606 795 458 683 877 321 508
46 791 680 993 275 871 957 403 746 995 1036 1085 918 488 936 1405 368 883 680 363 877 308 663 849 57 667 694 854 996 955 91 844 344 838 357 269 1657 593 1379 1066 739 993 79 710 1415 942 68 1074 1031 696 0 742 819 799 315 423 745 960 907 353 1442 629 697 856 659 338 1080 856 1021 526 678 1004
751 294 128 446 692 412 275 934 175 501 778 774 793 1019 625 1848 766 386 250 894 477 706 352 802 762 1065 143 807 685 644 681 430 658 527 888 685 1071 991 792 1004 428 310 718 158 829 919 723 874 740 247 742 0 322 87 629 821 434 649 596 884 855 1027 1095 359 244 653 842 457 730 924 367 341
828 61 419 221 768 134 185 1010 250 223 985 981 1001 1096 832 1705 843 109 326 971 203 782 560 1009 839 1142 434 1015 893 852 758 152 735 735 965 761 928 1067 649 1211 636 236 794 449 685 1126 799 1082 947 323 819 322 0 264 706 897 641 856 804 960 712 1104 1172 81 338 729 1050 183 938 1000 575 229
808 236 185 388 748 354 217 990 195 443 834 830 850 1076 681 1790 823 329 271 951 420 762 409 858 819 1122 199 864 742 701 738 372 715 584 945 742 1013 1047 735 1060 485 253 774 215 771 975 779 931 796 268 799 87 264 0 686 877 490 705 653 940 798 1084 1152 302 283 709 899 399 787 980 424 283
324 678 567 880 183 758 844 506 633 882 976 972 991 592 823 1508 229 770 567 467 763 168 550 952 335 528 581 958 883 842 254 731 68 725 461 258 1544 453 1266 1169 626 879 290 597 1302 1046 295 1072 938 582 315 629 706 686 0 283 632 847 794 456 1329 489 558 743 546 115 1040 743 928 386 565 891
431 869 758 1072 161 949 1036 527 825 1074 1126 1163 1008 475 1014 1355 164 962 759 574 955 131 741 939 442 321 773 945 1075 1034 361 922 312 917 568 244 1727 247 1457 1156 817 1071 398 788 1493 1033 403 1164 1121 774 423 821 897 877 283 0 823 1038 985 564 1520 283 351 935 738 213 1171 934 1111 143 757 1082
753 613 372 818 694 731 649 901 438 820 479 475 495 952 326 1711 769 706 372 896 782 708 122 503 765 1068 386 508 387 345 683 749 661 229 890 687 1445 993 1166 705 197 684 720 402 1203 620 725 575 441 387 745 434 641 490 632 823 0 350 297 886 1229 1029 1098 679 351 655 543 762 431 926 93 715
968 828 587 1033 909 946 864 608 653 1035 186 474 202 660 325 1418 984 921 587 675 997 923 364 210 962 840 601 216 131 61 898 964 876 228 706 902 1660 888 1381 412 439 899 935 616 1418 327 940 283 231 602 960 649 856 705 847 1038 350 0 83 684 1444 890 1041 894 566 870 250 977 221 1141 336 930
916 776 534 981 856 894 811 634 600 983 212 422 228 686 273 1444 931 868 534 701 945 871 311 236 927 866 548 242 120 79 846 912 823 175 732 850 1607 914 1329 438 387 846 882 564 1365 353 888 309 231 550 907 596 804 653 794 985 297 83 0 710 1392 916 1067 841 513 818 276 924 222 1088 283 877
338 932 822 1135 417 1013 1099 99 888 1137 733 1100 614 185 952 1102 510 1025 822 74 1018 449 805 545 328 365 836 551 757 683 366 986 485 855 103 410 1474 413 1520 762 880 1134 378 852 1557 639 367 770 727 837 353 884 960 940 456 564 886 684 710 0 1583 414 566 998 801 480 777 998 718 667 820 1146
1450 729 924 524 1391 652 637 1557 918 590 1573 1569 1589 1609 1420 1134 1466 643 994 1593 721 1405 1148 1597 1462 1655 938 1603 1481 1440 1380 671 1358 1323 1587 1384 357 1690 126 1799 1223 623 1417 954 115 1714 1422 1670 1535 991 1442 855 712 798 1329 1520 1229 1444 1392 1583 0 1698 1795 689 1006 1352 1638 701 1525 1623 1163 548
638 1075 965 1278 367 1156 1242 339 1031 1280 938 1305 820 287 1158 1167 371 1168 965 405 1161 337 948 751 649 133 979 757 963 889 568 1129 518 1060 436 450 1539 100 1662 968 1024 1277 604 995 1624 845 609 976 933 980 629 1027 1104 1084 489 283 1029 890 916 414 1705 0 221 1141 944 420 983 1141 924 386 963 1289
706 1144 1033 1346 436 1224 1310 490 1099 1348 1090 1438 971 438 1289 1318 439 1236 1034 557 1230 406 1016 903 717 285 1048 908 1115 1040 636 1197 587 1192 588 519 1691 210 1732 1120 1092 1346 673 1063 1768 996 678 1128 1085 1049 697 1095 1172 1152 558 351 1098 1041 1067 566 1795 221 0 1209 1012 488 1134 1209 1075 454 1031 1357
865 98 432 198 806 111 146 1048 288 200 1023 1019 1039 1133 870 1682 880 86 363 1008 180 820 597 1047 876 1179 447 1052 930 889 795 129 772 772 1002 799 905 1105 626 1249 673 197 832 462 663 1164 837 1119 985 360 856 359 81 302 743 935 679 894 841 998 689 1141 1209 0 376 767 1087 160 975 1038 612 190
668 310 182 515 609 428 459 851 135 517 695 691 711 936 542 1853 683 403 69 811 493 623 269 719 679 983 196 724 603 561 598 446 575 445 805 602 1222 908 943 921 345 494 635 212 980 836 640 791 657 84 659 244 338 283 546 738 351 566 513 801 1006 944 1012 376 0 570 759 473 647 841 284 523
347 701 591 904 114 782 868 530 657 906 999 995 1015 612 846 1492 159 794 591 490 787 98 574 976 358 458 605 981 907 866 277 754 144 749 484 197 1568 383 1289 1193 649 903 314 621 1326 1069 319 1096 961 606 338 653 729 709 115 213 655 870 818 480 1352 420 488 767 570 0 1063 767 951 316 589 915
1065 1021 780 1226 1102 1139 1057 701 846 1228 124 408 315 753 518 1511 1177 1114 780 768 1191 1116 557 284 1055 933 794 278 324 249 1092 1158 1069 421 799 1096 1853 981 1574 208 633 1092 1106 810 1611 246 1094 79 344 795 1080 842 1050 899 1040 1171 543 250 276 777 1638 983 1134 1087 759 1063 0 1170 334 1274 529 1123
865 199 550 210 805 88 263 1048 385 212 1106 1102 1122 1133 953 1694 880 113 461 1008 49 820 680 1130 876 1179 564 1135 1014 973 795 61 772 856 1002 799 917 1105 638 1332 756 314 831 580 674 1247 836 1202 1068 458 856 457 183 399 743 934 762 977 924 998 701 1141 1209 160 473 767 1170 0 1058 1037 695 308
1006 909 668 1114 990 1027 945 642 734 1116 270 555 186 694 406 1452 1065 1002 668 709 1079 1004 445 244 996 874 682 250 295 220 980 1046 957 309 740 984 1741 922 1462 485 521 980 1016 698 1499 361 1021 366 57 683 1021 730 938 787 928 1111 431 221 222 718 1525 924 1075 975 647 951 334 1058 0 1214 417 1011
534 972 861 1175 264 1052 1139 630 928 1177 1229 1266 1111 578 1117 1458 267 1065 862 677 1058 234 844 1042 545 424 876 1048 1178 1137 464 1025 415 1020 671 347 1830 350 1560 1259 920 1174 501 891 1596 1136 506 1267 1224 877 526 924 1000 980 386 143 926 1141 1088 667 1623 386 454 1038 841 316 1274 1037 1214 0 860 1185
687 547 305 752 628 665 582 870 371 754 465 461 480 938 312 1696 702 639 305 830 716 642 54 488 698 1001 319 494 372 331 617 683 594 214 824 621 1378 927 1100 691 130 618 654 335 1136 606 659 561 427 321 678 367 575 424 565 757 93 336 283 820 1163 963 1031 612 284 589 529 695 417 860 0 648
1013 246 410 138 953 259 123 1195 436 205 1059 1055 1075 1281 906 1540 1028 234 511 1156 328 967 633 1083 1024 1327 424 1088 967 926 943 277 920 809 1150 947 763 1253 485 1285 709 174 979 440 521 1200 984 1155 1021 508 1004 341 229 283 891 1082 715 930 877 1146 548 1289 1357 190 523 915 1123 308 1011 1185 648 0
EOF