NAME : tsp_problem
TYPE : TSP
DIMENSION : 32
EDGE_WEIGHT_TYPE : EXPLICIT
EDGE_WEIGHT_FORMAT : FULL_MATRIX
EDGE_WEIGHT_SECTION
0 853 1674 560 616 785 1593 1041 1416 1429 1575 1540 726 334 981 808 1280 60 680 292 1721 1450 1407 1606 451 1703 705 1499 1762 1719 1595 1538
853 0 881 381 339 235 1205 248 720 733 783 844 284 984 188 210 487 834 253 780 1053 753 711 1056 614 1153 315 707 969 927 803 746
1674 881 0 1201 1159 1001 708 698 781 888 135 779 1091 1804 774 954 626 1655 1073 1601 789 907 1008 533 1434 678 1081 253 329 267 376 477
560 381 1201 0 285 259 1418 561 933 946 1102 1057 230 690 508 336 807 541 260 487 1266 966 924 1269 320 1366 179 1027 1289 1247 1123 1065
616 339 1159 285 0 339 1483 527 998 1011 1061 1122 249 747 466 294 765 597 125 543 1331 1031 989 1334 376 1431 301 985 1247 1205 1081 1024
785 235 1001 259 339 0 1194 334 709 722 903 833 122 915 391 329 607 765 253 712 1042 742 700 1045 545 1142 112 827 1089 1047 923 866
1593 1211 714 1424 1489 1200 0 1028 673 698 723 671 1290 1622 1103 1284 1162 1591 1403 1653 237 719 650 347 1668 219 1280 841 918 912 964 1121
1041 248 698 561 527 334 1021 0 536 549 599 661 424 1172 141 321 304 1022 440 968 870 570 527 872 801 970 414 523 786 743 619 562
1416 720 781 933 998 709 667 536 0 148 789 165 799 1547 612 792 671 1397 912 1343 528 169 269 377 1176 522 789 890 984 979 986 929
1429 733 888 946 1011 722 692 549 148 0 896 176 811 1560 625 805 683 1410 925 1356 541 48 282 484 1189 629 802 903 1091 1086 999 942
1575 783 135 1102 1061 903 717 599 789 896 0 787 992 1706 675 855 528 1556 975 1502 797 915 957 541 1335 686 983 154 261 284 277 475
1540 844 779 1057 1122 833 664 661 165 176 787 0 923 1671 736 917 795 1521 1036 1468 631 154 393 375 1301 520 913 906 982 976 1028 1053
726 284 1091 230 249 122 1284 424 799 811 992 923 0 856 411 239 697 706 163 653 1132 832 790 1135 486 1232 84 917 1179 1137 1013 955
334 984 1804 690 747 915 1621 1172 1547 1560 1706 1671 856 0 1111 939 1410 332 810 393 1749 1580 1538 1634 582 1731 836 1630 1892 1850 1726 1669
981 188 774 508 466 391 1097 141 612 625 675 736 411 1111 0 261 379 961 380 908 946 645 603 948 741 1045 463 599 861 819 695 638
808 210 954 336 294 329 1278 321 792 805 855 917 239 939 261 0 560 789 208 736 1126 826 783 1128 569 1226 291 779 1042 1000 875 818
1280 487 626 807 765 607 1156 304 671 683 528 795 697 1410 379 560 0 1260 679 1207 1004 704 662 1007 1040 1104 687 452 714 672 548 491
60 834 1655 541 597 765 1591 1022 1397 1410 1556 1521 706 332 961 789 1260 0 660 289 1719 1430 1388 1603 431 1701 686 1480 1742 1700 1576 1519
680 253 1073 260 125 253 1397 440 912 925 975 1036 163 810 380 208 679 660 0 607 1245 945 903 1248 440 1345 215 899 1161 1119 995 938
292 780 1601 487 543 712 1652 968 1343 1356 1502 1468 653 393 908 736 1207 289 607 0 1677 1377 1334 1665 466 1762 633 1426 1689 1647 1523 1465
1727 1053 789 1266 1331 1042 231 870 528 541 797 631 1132 1756 946 1126 1004 1725 1245 1677 0 561 492 307 1510 179 1122 916 992 987 1038 1196
1450 753 907 966 1031 742 713 570 169 48 915 154 832 1580 645 826 704 1430 945 1377 561 0 302 503 1210 648 822 924 1110 1104 1020 963
1407 711 1008 924 989 700 644 527 269 282 957 393 790 1538 603 783 662 1388 903 1334 492 302 0 605 1167 592 780 881 1144 1101 977 920
1612 1056 533 1269 1334 1045 340 872 377 484 541 375 1135 1640 948 1128 1007 1610 1248 1671 307 503 605 0 1512 196 1125 660 736 731 782 940
451 614 1434 320 376 545 1662 801 1176 1189 1335 1301 486 582 741 569 1040 431 440 466 1510 1210 1167 1512 0 1610 466 1260 1522 1480 1356 1298
1709 1153 678 1366 1431 1142 213 970 522 629 686 520 1232 1737 1045 1226 1104 1707 1345 1768 179 648 592 196 1610 0 1222 805 881 876 927 1085
705 315 1081 179 301 112 1274 414 789 802 983 913 84 836 463 291 687 686 215 633 1122 822 780 1125 466 1222 0 907 1169 1127 1003 946
1499 707 253 1027 985 827 835 523 890 903 154 906 917 1630 599 779 452 1480 899 1426 916 924 881 660 1260 805 907 0 292 348 300 399
1762 969 329 1289 1247 1089 912 786 984 1091 261 982 1179 1892 861 1042 714 1742 1161 1689 992 1110 1144 736 1522 881 1169 292 0 509 502 661
1719 927 267 1247 1205 1047 906 743 979 1086 284 976 1137 1850 819 1000 672 1700 1119 1647 987 1104 1101 731 1480 876 1127 348 509 0 265 250
1595 803 376 1123 1081 923 958 619 986 999 277 1028 1013 1726 695 875 548 1576 995 1523 1038 1020 977 782 1356 927 1003 300 502 265 0 262
1538 746 477 1065 1024 866 1115 562 929 942 475 1053 955 1669 638 818 491 1519 938 1465 1196 963 920 940 1298 1085 946 399 661 250 262 0
EOF