NAME : tsp_problem
TYPE : TSP
DIMENSION : 26
EDGE_WEIGHT_TYPE : EXPLICIT
EDGE_WEIGHT_FORMAT : FULL_MATRIX
EDGE_WEIGHT_SECTION
0 773 1115 1181 654 742 1725 1049 1059 1396 160 1074 1009 663 1321 544 538 1096 529 1703 1330 381 523 1067 123 975
773 0 848 913 204 242 1562 782 791 1148 871 807 923 213 1072 1254 279 828 284 1532 1169 1092 983 594 723 303
1115 848 0 296 772 635 897 290 174 489 1158 135 178 765 414 981 854 53 859 866 450 1129 668 485 1065 764
1181 913 296 0 837 701 720 292 156 306 1223 192 311 830 230 1046 920 280 925 690 327 1195 734 551 1131 829
654 204 772 837 0 173 1486 706 715 1072 752 731 848 45 997 1136 160 753 166 1456 1093 973 907 518 604 464
742 242 635 701 173 0 1350 569 579 936 840 594 711 182 860 1082 248 616 253 1319 957 1061 770 381 692 348
1719 1562 897 720 1486 1350 0 941 805 443 1761 815 824 1479 524 1599 1569 877 1574 472 480 1748 1287 1200 1669 1478
1049 782 290 292 706 569 941 0 170 527 1092 186 386 699 452 915 788 274 793 911 548 1063 602 419 999 697
1059 791 174 156 715 579 805 170 0 391 1101 70 270 709 315 924 798 158 803 774 412 1073 612 429 1009 707
1396 1148 489 306 1072 936 443 527 391 0 1439 401 441 1065 110 1262 1155 474 1160 413 140 1410 949 786 1346 1064
160 871 1158 1223 752 840 1767 1092 1101 1439 0 1117 1051 761 1363 472 637 1138 627 1746 1372 309 539 1110 221 1073
1074 807 135 192 731 594 815 186 70 401 1117 0 231 724 326 940 813 119 818 785 422 1088 627 444 1024 722
1009 923 178 311 848 711 824 386 270 441 1051 231 0 841 365 874 930 158 935 793 377 1023 562 561 959 839
663 213 765 830 45 182 1479 699 709 1065 761 724 841 0 990 1144 169 746 174 1449 1086 982 900 511 613 473
1321 1072 414 230 997 860 524 452 315 110 1363 326 365 990 0 1186 1079 398 1084 493 131 1335 874 710 1271 988
544 1254 981 1046 1136 1082 1599 915 924 1262 472 940 874 1144 1186 0 1020 961 1011 1569 1195 443 362 933 604 1211
538 279 854 920 160 248 1569 788 798 1155 637 813 930 169 1079 1020 0 835 59 1538 1175 857 810 600 488 505
1096 828 53 280 753 616 877 274 158 474 1138 119 158 746 398 961 835 0 840 847 431 1110 649 466 1046 744
529 284 859 925 166 253 1574 793 803 1160 627 818 935 174 1084 1011 59 840 0 1543 1181 848 801 605 479 510
1703 1532 866 690 1456 1319 472 911 774 413 1746 785 793 1449 493 1569 1538 847 1543 0 450 1717 1256 1170 1653 1448
1330 1169 450 327 1093 957 480 548 412 140 1372 422 377 1086 131 1195 1175 431 1181 450 0 1344 883 807 1280 1085
381 1092 1129 1195 973 1061 1748 1063 1073 1410 309 1088 1023 982 1335 443 857 1110 848 1717 1344 0 511 1081 442 1293
523 983 668 734 907 770 1287 602 612 949 539 627 562 900 874 362 810 649 801 1256 883 511 0 620 473 898
1067 594 485 551 518 381 1200 419 429 786 1110 444 561 511 710 933 600 466 605 1170 807 1081 620 0 1017 509
123 723 1065 1131 604 692 1675 999 1009 1346 221 1024 959 613 1271 604 488 1046 479 1653 1280 442 473 1017 0 925
975 303 764 829 464 348 1478 697 707 1064 1073 722 839 473 988 1211 505 744 510 1448 1085 1293 898 509 925 0
EOF