NAME : tsp_problem
TYPE : TSP
DIMENSION : 60
EDGE_WEIGHT_TYPE : EXPLICIT
EDGE_WEIGHT_FORMAT : FULL_MATRIX
EDGE_WEIGHT_SECTION
0 259 864 918 388 241 869 93 1343 1417 878 221 73 911 654 64 1261 1020 1219 898 557 1306 876 969 1922 194 780 840 926 274 850 899 312 906 366 520 1272 572 186 101 225 277 1289 176 829 867 718 747 398 551 761 838 297 956 881 853 758 432 254 321
259 0 911 839 171 63 652 210 1517 1592 925 395 276 1086 437 230 1435 870 1393 1073 731 1480 870 752 1958 151 563 741 1101 233 632 854 95 972 149 695 1446 354 144 276 183 452 1464 350 875 650 893 897 573 725 935 1013 80 1130 865 861 836 607 114 396
864 911 0 283 862 926 297 859 1340 1414 122 831 902 790 520 892 1258 209 1215 777 650 1303 241 390 1919 1020 387 205 1019 1040 457 264 942 95 784 613 1268 611 952 800 991 887 1286 785 234 490 716 192 697 644 853 912 927 915 246 219 178 1042 984 1087
918 839 283 0 790 854 225 913 1394 1468 297 885 956 844 448 946 1312 458 1269 831 704 1357 73 639 1973 948 315 219 1073 1030 597 57 870 344 712 667 1323 539 942 854 980 941 1340 839 149 614 770 269 751 698 907 966 855 969 68 98 208 1096 912 1141
388 171 862 790 0 186 603 339 1647 1721 876 525 405 1215 388 359 1565 821 1522 1202 860 1610 821 702 1909 280 514 691 1230 362 583 805 125 923 100 824 1576 305 274 405 312 581 1593 479 826 600 1022 848 702 854 1064 1142 124 1260 816 811 787 651 244 525
241 63 926 854 186 0 666 192 1499 1574 940 377 258 1068 451 211 1417 885 1375 1054 713 1462 885 766 1973 133 577 755 1083 215 647 868 110 986 164 677 1428 369 126 257 165 434 1445 332 890 664 875 903 555 707 917 995 94 1112 880 875 851 589 96 378
869 652 297 225 603 666 0 820 1408 1482 312 899 886 858 261 840 1326 472 1284 845 718 1371 256 529 1894 761 128 127 1088 843 409 240 683 358 525 682 1337 352 754 868 793 955 1354 854 261 426 784 283 765 712 922 980 667 983 251 247 222 1111 724 1006
93 210 859 913 339 192 820 0 1338 1412 873 216 131 906 605 121 1256 1015 1214 893 552 1301 871 920 1917 251 731 835 922 212 801 894 263 901 317 516 1267 523 124 96 162 273 1284 171 824 818 713 742 393 546 756 833 248 951 876 848 753 428 228 259
1343 1517 1340 1394 1647 1499 1408 1338 0 415 1354 1310 1381 623 1569 1371 237 1496 298 636 888 204 1352 1677 708 1501 1497 1315 507 1520 1729 1374 1571 1382 1625 862 218 1548 1431 1279 1470 1366 517 1265 1305 1762 766 1223 1176 882 739 531 1555 499 1357 1329 1234 1522 1535 1566
1417 1592 1414 1468 1721 1574 1482 1412 415 0 1428 1384 1456 697 1694 1446 359 1570 317 710 963 369 1426 1751 833 1576 1572 1390 582 1594 1818 1449 1645 1456 1699 937 370 1673 1506 1353 1544 1441 335 1339 1380 1851 840 1298 1251 956 814 606 1630 574 1431 1404 1308 1596 1610 1640
878 925 122 297 876 940 312 873 1354 1428 0 845 916 804 535 906 1272 296 1229 791 664 1317 255 478 1933 1035 401 219 1033 1055 545 278 956 183 799 627 1283 625 966 814 1005 901 1300 799 248 577 730 229 711 658 868 926 941 929 261 233 192 1056 998 1101
221 395 831 885 525 377 899 216 1310 1384 845 0 259 878 790 249 1228 987 1186 865 524 1273 843 1105 1889 379 916 807 894 398 986 866 449 873 503 488 1239 708 309 157 348 189 1256 77 796 1003 685 714 365 518 728 805 433 923 848 820 725 241 413 368
73 276 902 956 405 258 886 131 1381 1456 916 259 0 949 671 81 1299 1058 1257 936 595 1344 914 986 1960 210 797 878 965 313 866 937 329 944 383 559 1310 588 224 139 263 316 1327 214 867 883 756 785 437 589 799 877 314 994 919 892 796 471 271 359
911 1086 790 844 1215 1068 858 906 623 697 804 878 949 0 1081 940 541 946 498 53 543 586 802 1127 1202 1070 948 766 365 1088 1194 825 1139 832 1193 518 552 1172 1000 847 1038 935 569 833 755 1227 326 673 745 537 394 239 1124 156 807 779 684 1090 1104 1134
654 437 520 448 388 451 261 605 1575 1700 535 790 671 1081 0 624 1549 479 1507 1068 941 1529 480 361 1679 546 172 350 1311 628 242 463 467 581 310 905 1544 137 539 670 578 847 1577 745 485 259 1007 506 968 935 1145 1203 452 1206 474 470 445 1001 509 791
64 230 892 946 359 211 840 121 1371 1446 906 249 81 940 624 0 1289 1048 1247 926 585 1334 904 939 1950 164 751 868 955 282 820 927 283 934 337 549 1300 542 193 130 232 306 1318 204 858 837 747 776 427 579 789 867 268 984 909 882 786 461 225 349
1261 1435 1258 1312 1565 1417 1326 1256 237 359 1272 1228 1299 541 1549 1289 0 1414 95 554 806 82 1270 1595 696 1419 1415 1233 425 1438 1662 1292 1489 1300 1543 780 48 1536 1349 1197 1388 1284 314 1183 1223 1695 684 1141 1094 800 657 449 1473 417 1275 1247 1152 1440 1453 1484
1020 870 209 458 821 885 472 1015 1496 1570 296 987 1058 946 479 1048 1414 0 1371 932 805 1459 416 222 1972 979 558 379 1175 1061 289 438 901 163 743 769 1424 570 972 955 1011 1043 1442 941 408 321 872 302 853 799 1009 1068 885 1071 421 393 352 1198 942 1224
1219 1393 1215 1269 1522 1375 1284 1214 298 317 1229 1186 1257 498 1507 1247 95 1371 0 512 764 140 1227 1552 756 1377 1373 1191 383 1395 1620 1250 1446 1258 1500 738 106 1596 1307 1154 1345 1242 272 1140 1181 1652 642 1099 1052 758 615 407 1431 375 1233 1205 1109 1397 1411 1442
898 1073 777 831 1202 1054 845 893 636 710 791 865 936 53 1068 926 554 932 512 0 541 599 789 1114 1215 1056 934 752 387 1075 1181 811 1126 819 1180 515 565 1159 986 834 1025 922 582 820 742 1214 315 660 731 535 417 262 1110 178 794 766 671 1077 1091 1121
557 731 650 704 860 713 718 552 888 963 664 524 595 543 941 585 806 805 764 541 0 851 662 987 1467 715 807 625 472 733 1054 684 784 692 838 76 817 1032 645 492 683 580 834 478 615 1086 263 533 390 69 306 383 769 561 667 639 544 735 749 780
1306 1480 1303 1357 1610 1462 1371 1301 204 369 1317 1273 1344 586 1523 1334 82 1459 140 599 851 0 1315 1640 662 1464 1461 1279 471 1483 1683 1338 1534 1345 1588 826 93 1502 1394 1242 1433 1330 360 1228 1268 1716 729 1186 1139 845 702 494 1518 462 1320 1292 1197 1485 1499 1529
876 870 241 73 821 885 256 871 1352 1426 255 843 914 802 480 904 1270 416 1227 789 662 1315 0 597 1931 980 346 177 1031 1053 628 88 901 302 744 625 1281 570 964 812 1003 899 1298 797 107 645 728 227 709 656 866 924 886 927 85 57 166 1054 943 1099
969 752 390 639 702 766 529 920 1677 1751 478 1105 986 1127 361 939 1595 222 1552 1114 987 1640 597 0 1853 861 440 561 1356 942 170 620 782 345 625 950 1606 452 854 985 893 1162 1623 1060 589 203 1053 483 1034 981 1191 1249 767 1252 602 574 533 1315 824 1106
1922 1952 1919 1973 1903 1966 1888 1917 708 833 1933 1889 1960 1202 1673 1950 696 1965 756 1215 1467 662 1931 1847 0 2061 1799 1895 1087 2099 1833 1954 1983 1961 1825 1442 677 1652 2010 1858 2049 1946 976 1844 1884 1865 1345 1802 1755 1461 1318 1110 1967 1078 1936 1908 1813 2101 2024 2145
194 151 1020 948 280 133 761 251 1501 1576 1035 379 210 1070 546 164 1419 979 1377 1056 715 1464 980 861 2067 0 672 850 1085 288 742 963 204 1064 258 679 1430 464 199 259 238 436 1447 334 985 759 877 905 557 709 919 997 189 1114 974 970 916 591 90 451
780 563 387 315 514 577 128 731 1497 1572 401 916 797 948 172 751 1415 558 1373 934 807 1461 346 440 1805 672 0 216 1177 754 320 330 594 448 436 771 1426 263 665 797 704 973 1444 871 351 338 874 373 855 801 1011 1070 578 1073 341 336 312 1127 635 917
840 741 205 219 691 755 127 835 1315 1390 219 807 878 766 350 868 1233 379 1191 752 625 1279 177 561 1895 850 216 0 995 931 498 199 771 266 614 589 1244 441 843 775 882 863 1262 761 169 515 692 191 673 619 829 888 756 891 182 154 130 1018 813 1063
926 1101 1019 1073 1230 1083 1088 922 507 582 1033 894 965 365 1311 955 425 1175 383 387 472 471 1031 1356 1087 1085 1177 995 0 1103 1424 1054 1154 1062 1208 446 436 1401 1015 862 1053 950 454 848 985 1456 350 903 760 466 323 205 1139 323 1037 1009 913 1105 1119 1149
274 233 1040 1030 362 215 843 212 1520 1594 1055 398 313 1088 628 282 1438 1061 1395 1075 733 1483 1053 942 2099 288 754 931 1103 0 823 1045 286 1083 340 697 1448 545 114 278 106 454 1466 352 1006 840 895 924 575 727 937 1015 271 1133 1056 1030 934 492 251 382
850 632 457 597 583 647 409 801 1735 1818 545 986 866 1194 242 820 1662 289 1620 1181 1054 1689 628 170 1839 742 320 498 1424 823 0 612 663 412 506 1018 1673 332 735 866 773 1042 1690 940 633 84 1120 551 1101 1048 1258 1316 648 1320 623 618 594 1196 705 987
899 854 264 57 805 868 240 894 1374 1449 278 866 937 825 463 927 1292 438 1250 811 684 1338 88 620 1954 963 330 199 1054 1045 612 0 885 325 727 648 1303 554 956 834 995 922 1321 820 130 629 751 250 732 678 888 947 869 950 83 80 189 1077 926 1122
312 95 942 870 125 110 683 263 1571 1645 956 449 329 1139 467 283 1489 901 1446 1126 784 1534 901 782 1989 204 594 771 1154 286 663 885 0 1003 180 748 1499 385 198 329 236 505 1517 403 906 680 946 928 626 778 988 1066 63 1184 896 891 867 603 168 449
906 972 95 344 923 986 358 901 1382 1456 183 873 944 832 581 934 1300 163 1258 819 692 1345 302 345 1961 1064 448 266 1062 1083 412 325 1003 0 845 656 1311 672 994 842 1033 930 1328 828 294 444 758 188 739 686 896 954 987 957 307 279 238 1085 1044 1129
366 149 784 712 100 164 525 317 1625 1699 799 503 383 1193 310 337 1543 743 1500 1180 838 1588 744 625 1831 258 436 614 1208 340 506 727 180 845 0 802 1553 228 252 383 290 559 1571 457 749 523 1000 770 680 832 1042 1120 165 1238 738 734 709 713 221 503
520 695 613 667 824 677 682 516 862 937 627 488 559 518 905 549 780 769 738 515 76 826 625 950 1442 679 771 589 446 697 1018 648 748 656 802 0 791 995 609 456 647 544 809 442 579 1050 238 497 354 70 280 358 733 536 631 603 507 699 713 743
1272 1446 1268 1323 1576 1428 1337 1267 218 370 1283 1239 1310 552 1537 1300 48 1424 106 565 817 93 1281 1606 677 1430 1426 1244 436 1448 1673 1303 1499 1311 1553 791 0 1517 1360 1208 1399 1295 325 1193 1234 1705 695 1152 1105 811 668 460 1484 428 1286 1258 1163 1450 1464 1495
572 354 611 539 305 369 352 523 1555 1680 625 708 588 1172 137 542 1542 570 1597 1159 1032 1509 570 452 1658 464 263 441 1401 545 332 554 385 672 228 995 1523 0 457 588 495 764 1668 662 575 350 1098 597 885 1026 1236 1294 370 1297 565 561 536 918 427 709
186 144 952 942 274 126 754 124 1431 1506 966 309 224 1000 539 193 1349 972 1307 986 645 1394 964 854 2010 199 665 843 1015 114 735 956 198 994 252 609 1360 457 0 189 64 366 1377 264 918 752 807 835 487 639 849 927 182 1044 968 942 846 521 162 310
101 276 800 854 405 257 868 96 1279 1353 814 157 139 847 670 130 1197 955 1154 834 492 1242 812 985 1858 259 797 775 862 278 866 834 329 842 383 456 1208 588 189 0 228 213 1225 111 765 883 654 683 334 486 696 774 313 892 817 789 694 368 294 324
225 183 991 980 312 165 793 162 1470 1544 1005 348 263 1038 578 232 1388 1011 1345 1025 683 1433 1003 893 2049 238 704 882 1053 106 773 995 236 1033 290 647 1399 495 64 228 0 404 1416 302 956 790 845 874 525 677 887 965 221 1083 1006 980 885 538 201 348
268 443 878 932 572 425 947 264 1358 1432 892 180 307 926 838 297 1275 1034 1233 913 571 1321 890 1153 1937 427 964 854 941 445 1033 913 496 921 550 535 1286 755 357 204 395 0 1304 135 844 1050 733 762 413 565 775 853 481 970 896 868 772 392 461 491
1289 1464 1286 1340 1593 1445 1354 1284 517 335 1300 1256 1327 569 1577 1318 314 1442 272 582 834 360 1298 1623 976 1447 1444 1262 454 1466 1690 1321 1517 1328 1571 809 325 1668 1377 1225 1416 1313 0 1211 1251 1723 712 1169 1122 828 686 477 1501 446 1303 1275 1180 1468 1482 1512
176 350 785 839 479 332 854 171 1265 1339 799 77 214 833 745 204 1183 941 1140 820 478 1228 797 1060 1844 334 871 761 848 352 940 820 403 828 457 442 1193 662 264 111 302 144 1211 0 751 958 640 669 320 472 682 760 388 878 803 775 679 288 368 399
829 875 234 149 826 890 261 824 1305 1380 248 796 867 755 485 858 1223 408 1181 742 615 1268 107 589 1884 985 351 169 985 1006 633 130 906 294 749 579 1234 575 918 765 956 853 1251 751 0 650 681 180 663 609 819 877 891 881 113 85 104 1008 948 1052
867 650 490 614 600 664 426 818 1768 1851 577 1003 883 1227 259 837 1695 321 1652 1214 1086 1722 645 203 1872 759 338 515 1456 840 84 629 680 444 523 1050 1705 350 752 883 790 1059 1723 958 650 0 1153 583 1134 1080 1290 1349 665 1352 640 635 611 1213 722 1004
718 893 716 770 1022 875 784 713 766 840 730 685 756 326 1007 747 684 872 642 315 263 729 728 1053 1345 877 874 692 350 895 1120 751 946 758 1000 238 695 1098 807 654 845 742 712 640 681 1153 0 599 552 257 261 261 931 359 733 705 610 897 911 941
747 897 192 269 848 903 283 742 1223 1298 229 714 785 673 506 776 1141 302 1099 660 533 1186 227 483 1802 905 373 191 903 924 551 250 928 188 770 497 1152 597 835 683 874 771 1169 669 180 583 599 0 581 527 737 795 912 799 232 204 109 926 940 970
398 573 697 751 702 555 765 393 1176 1251 711 365 437 745 968 427 1094 853 1052 731 390 1139 709 1034 1755 557 855 673 760 575 1101 732 626 739 680 354 1105 885 487 334 525 422 1122 320 663 1134 552 581 0 384 594 672 611 789 714 687 591 577 591 621
551 725 644 698 854 707 712 546 882 956 658 518 589 537 935 579 800 799 758 535 69 845 656 981 1461 709 801 619 466 727 1048 678 778 686 832 70 811 1026 639 486 677 574 828 472 609 1080 257 527 384 0 300 377 763 555 661 633 538 729 743 774
761 935 853 907 1064 917 922 756 739 814 868 728 799 394 1145 789 657 1009 615 417 306 702 866 1191 1318 919 1011 829 323 937 1258 888 988 896 1042 280 668 1236 849 696 887 784 686 682 819 1290 261 737 594 300 0 235 973 412 871 843 747 939 953 984
838 1013 912 966 1142 995 980 833 531 606 926 805 877 239 1203 867 449 1068 407 262 383 494 924 1249 1110 997 1070 888 205 1015 1316 947 1066 954 1120 358 460 1294 927 774 965 862 477 760 877 1349 261 795 672 377 235 0 1051 204 929 901 806 1017 1031 1061
297 80 927 855 124 94 667 248 1555 1630 941 433 314 1124 452 268 1473 885 1431 1110 769 1518 886 767 1974 189 578 756 1139 271 648 869 63 987 165 733 1484 370 182 313 221 490 1501 388 891 665 931 912 611 763 973 1051 0 1168 881 876 851 601 152 434
956 1130 915 969 1260 1112 983 951 499 574 929 923 994 156 1206 984 417 1071 375 178 561 462 927 1252 1078 1114 1073 891 323 1133 1320 950 1184 957 1238 536 428 1297 1044 892 1083 979 446 878 881 1352 359 799 789 555 412 204 1168 0 932 905 809 1134 1148 1179
881 865 246 68 816 880 251 876 1357 1431 261 848 919 807 474 909 1275 421 1233 794 667 1320 85 602 1936 974 341 182 1037 1056 623 83 896 307 738 631 1286 565 968 817 1006 905 1303 803 113 640 733 232 714 661 871 929 881 932 0 62 171 1060 937 1104
853 861 219 98 811 875 247 848 1329 1404 233 820 892 779 470 882 1247 393 1205 766 639 1292 57 574 1908 970 336 154 1009 1030 618 80 891 279 734 603 1258 561 942 789 980 877 1275 775 85 635 705 204 687 633 843 901 876 905 62 0 144 1032 933 1076
758 836 178 208 787 851 222 753 1234 1308 192 725 796 684 445 786 1152 352 1109 671 544 1197 166 533 1813 916 312 130 913 934 594 189 867 238 709 507 1163 536 846 694 885 781 1180 679 104 611 610 109 591 538 747 806 851 809 171 144 0 936 908 981
432 607 1042 1096 651 589 1111 428 1522 1596 1056 241 471 1090 1001 461 1440 1198 1397 1077 735 1485 1054 1315 2101 591 1127 1018 1105 492 1196 1077 603 1085 713 699 1450 918 521 368 538 401 1468 288 1008 1213 897 926 577 729 939 1017 601 1134 1060 1032 936 0 625 389
254 114 984 912 244 96 724 228 1535 1610 998 413 271 1104 509 225 1453 942 1411 1091 749 1499 943 824 2031 90 635 813 1119 251 705 926 168 1044 221 713 1464 427 162 294 201 470 1482 368 948 722 911 940 591 743 953 1031 152 1148 937 933 908 625 0 414
321 396 1087 1141 525 378 1006 259 1566 1640 1101 368 359 1134 791 349 1484 1224 1442 1121 780 1529 1099 1106 2145 451 917 1063 1149 382 987 1122 449 1129 503 743 1495 709 310 324 348 500 1512 399 1052 1004 941 970 621 774 984 1061 434 1179 1104 1076 981 389 414 0
EOF