NAME : tsp_problem
TYPE : TSP
DIMENSION : 44
EDGE_WEIGHT_TYPE : EXPLICIT
EDGE_WEIGHT_FORMAT : FULL_MATRIX
EDGE_WEIGHT_SECTION
0 787 724 597 745 680 808 861 791 1049 582 247 639 1044 1394 1289 994 827 1385 627 640 1082 1125 1192 826 831 335 462 918 1235 790 1003 637 664 116 672 1348 1112 715 1710 611 86 1414 889
787 0 491 1167 931 447 373 813 206 816 1058 741 1097 812 864 759 761 294 854 1103 1117 895 594 1782 593 598 728 1052 954 704 155 784 1156 160 719 177 817 879 182 1762 208 762 884 655
724 491 0 1104 662 191 727 545 495 547 995 679 828 543 1194 1090 492 662 1185 1040 1054 627 925 1587 324 329 665 957 685 1035 515 516 1093 368 656 376 1148 610 550 2093 315 699 1215 387
597 1167 1104 0 523 1024 1188 638 1171 1163 166 524 416 821 1766 1669 854 1207 1765 188 94 859 1505 949 941 858 605 239 696 1615 1170 781 91 1044 584 1052 1728 972 1095 1467 991 625 1745 848
745 931 662 523 0 536 1167 150 935 675 638 796 201 333 1635 1530 366 1103 1625 661 566 371 1365 959 453 370 884 330 208 1475 955 293 563 809 733 817 1588 484 990 1477 756 774 1655 360
680 447 191 1024 536 0 683 418 451 420 951 634 702 417 1150 1045 365 618 1141 996 1010 500 881 1461 198 203 621 831 559 991 470 389 1049 324 612 332 1104 484 506 1979 271 655 1171 260
808 373 727 1188 1167 683 0 1049 384 1051 1079 763 1251 1048 659 554 996 165 649 1124 1138 1131 389 1715 829 834 749 1073 1190 500 358 1020 1177 479 741 427 613 1114 250 1557 458 783 679 891
861 813 545 638 150 418 1049 0 817 558 753 911 316 215 1517 1412 248 985 1507 776 681 265 1247 1075 335 252 987 445 173 1357 837 175 679 691 849 699 1470 366 872 1593 638 890 1537 242
791 206 495 1171 935 451 384 817 0 820 1062 746 1101 816 730 625 765 293 720 1107 1121 899 460 1786 597 602 732 1056 958 571 173 788 1160 150 723 339 684 883 315 1628 278 766 750 660
1049 816 547 1163 675 420 1051 558 820 0 1278 1003 841 557 1519 1414 416 987 1509 1301 1206 388 1250 1599 260 343 989 970 488 1360 839 529 1204 693 981 701 1473 295 875 2118 640 1024 1539 400
582 1058 995 166 638 951 1079 753 1062 1278 0 415 532 936 1665 1560 969 1098 1655 108 115 974 1396 944 1056 973 496 354 811 1506 1060 896 155 935 514 943 1619 1087 986 1462 882 557 1685 963
247 741 679 524 796 634 763 911 746 1003 415 0 690 999 1349 1244 948 782 1339 460 474 1083 1079 1242 781 786 290 512 969 1189 744 972 513 619 179 627 1302 1066 670 1761 566 222 1369 843
639 1097 828 416 201 702 1251 316 1101 841 532 690 0 499 1670 1634 532 1269 1791 554 460 537 1531 853 619 536 778 223 373 1641 1121 459 457 975 627 983 1754 650 1156 1371 922 668 1649 526
1044 812 543 821 333 417 1048 215 816 557 936 999 499 0 1515 1410 329 983 1505 959 864 347 1246 1257 334 251 985 628 356 1356 835 110 862 689 977 697 1469 447 871 1776 636 1020 1535 192
1394 864 1194 1759 1635 1150 659 1517 730 1519 1665 1349 1663 1515 0 260 1464 666 491 1710 1709 1599 327 1231 1296 1302 1335 1586 1658 458 733 1488 1748 849 1327 961 507 1582 751 1073 977 1369 315 1359
1289 759 1090 1669 1530 1045 554 1412 625 1414 1560 1244 1628 1410 260 0 1359 561 298 1605 1619 1494 243 1195 1192 1197 1230 1551 1553 266 628 1383 1658 745 1222 856 281 1477 646 1038 872 1264 279 1254
994 761 492 854 366 365 996 248 765 416 969 948 532 329 1464 1359 0 932 1454 992 897 330 1194 1290 283 199 934 661 389 1305 784 302 894 638 926 646 1418 151 820 1808 585 969 1484 189
827 294 662 1207 1103 618 165 985 293 987 1098 782 1269 983 666 561 932 0 656 1143 1157 1067 396 1722 764 770 768 1092 1126 506 279 956 1196 401 760 348 619 1050 139 1564 380 802 686 827
1385 854 1185 1765 1625 1141 649 1507 720 1509 1655 1339 1791 1505 491 298 1454 656 0 1701 1714 1589 338 1386 1287 1292 1325 1649 1648 361 723 1478 1754 840 1317 951 240 1572 741 1229 967 1360 209 1349
627 1103 1040 188 661 996 1124 776 1107 1301 108 460 554 959 1710 1605 992 1143 1701 0 138 997 1441 967 1079 996 541 377 834 1551 1106 919 177 980 560 988 1664 1110 1031 1485 928 602 1731 986
640 1117 1054 94 566 1010 1138 681 1121 1206 115 474 460 864 1715 1619 897 1157 1714 138 0 902 1455 899 984 901 555 282 739 1565 1119 824 83 994 573 1002 1678 1015 1045 1417 941 616 1695 891
1082 895 627 859 371 500 1131 265 899 388 974 1083 537 347 1599 1494 330 1067 1589 997 902 0 1329 1295 417 334 1069 666 183 1439 919 319 900 773 1061 781 1552 235 955 1814 720 1103 1619 324
1125 594 925 1505 1365 881 389 1247 460 1250 1396 1079 1531 1246 327 243 1194 396 338 1441 1455 1329 0 1404 1027 1032 1065 1390 1388 189 464 1218 1494 580 1057 691 302 1313 481 1246 708 1100 368 1089
948 1538 1343 705 715 1216 1559 830 1542 1355 700 998 609 1013 1118 1082 1046 1578 1273 723 655 1051 1291 0 1134 1050 1086 532 888 1314 1541 973 694 1415 936 1423 1329 1164 1466 819 1362 976 1097 1040
826 593 324 941 453 198 829 335 597 260 1056 781 619 334 1296 1192 283 764 1287 1079 984 417 1027 1378 0 120 767 748 476 1137 617 306 982 470 758 478 1250 344 652 1896 417 801 1317 178
831 598 329 858 370 203 834 252 602 343 973 786 536 251 1302 1197 199 770 1292 996 901 334 1032 1295 120 0 772 665 393 1142 622 223 899 476 764 484 1255 318 657 1813 423 806 1322 94
335 728 665 605 884 621 749 987 732 989 496 290 778 985 1335 1230 934 768 1325 541 555 1069 1065 1331 767 772 0 600 1057 1175 730 958 594 605 268 613 1288 1052 656 1849 552 310 1355 829
462 1052 957 239 330 831 1073 445 1056 970 354 512 223 628 1593 1554 661 1092 1649 377 282 666 1390 776 748 665 600 0 502 1500 1054 587 280 929 449 937 1613 779 980 1294 876 490 1572 655
918 954 685 696 208 559 1190 173 958 488 811 969 373 356 1658 1553 389 1126 1648 834 739 183 1388 1132 476 393 1057 502 0 1498 978 316 736 832 906 840 1611 334 1013 1650 779 947 1678 383
1235 704 1035 1615 1475 991 500 1357 571 1360 1506 1189 1641 1356 458 266 1305 506 361 1551 1565 1439 189 1427 1137 1142 1175 1500 1498 0 574 1328 1604 690 1167 801 154 1423 592 1270 818 1210 391 1200
790 155 515 1170 955 470 358 837 173 839 1060 744 1121 835 733 628 784 279 723 1106 1119 919 464 1785 617 622 730 1054 978 574 0 808 1159 170 722 296 687 902 167 1632 297 765 753 679
1003 784 516 781 293 389 1020 175 788 529 896 972 459 110 1488 1383 302 956 1478 919 824 319 1218 1217 306 223 958 587 316 1328 808 0 821 662 950 670 1441 420 844 1735 609 992 1508 164
637 1156 1093 91 563 1049 1177 679 1160 1204 155 513 457 862 1755 1658 894 1196 1754 177 83 900 1494 938 982 899 594 280 736 1604 1159 821 0 1033 612 1041 1717 1013 1084 1456 980 655 1734 888
664 160 368 1044 809 324 479 691 150 693 935 619 975 689 849 745 638 401 840 980 994 773 580 1660 470 476 605 929 832 690 170 662 1033 0 597 212 803 756 289 1748 151 639 870 533
116 719 656 584 733 612 741 849 723 981 514 179 627 977 1327 1222 926 760 1317 560 573 1061 1057 1180 758 764 268 449 906 1167 722 950 612 597 0 605 1280 1044 648 1698 544 92 1347 821
672 177 376 1052 817 332 427 699 339 701 943 627 983 697 961 856 646 348 951 988 1002 781 691 1668 478 484 613 937 840 801 296 670 1041 212 605 0 914 764 236 1859 94 647 981 541
1348 817 1148 1728 1588 1104 613 1470 684 1473 1619 1302 1754 1469 507 281 1418 619 240 1664 1678 1552 302 1442 1250 1255 1288 1613 1611 154 687 1441 1717 803 1280 914 0 1536 705 1285 931 1323 270 1313
1112 879 610 972 484 484 1114 366 883 295 1087 1066 650 447 1582 1477 151 1050 1572 1110 1015 235 1313 1408 344 318 1052 779 334 1423 902 420 1013 756 1044 764 1536 0 938 1927 703 1087 1602 307
715 182 550 1095 990 506 250 872 315 875 986 670 1156 871 751 646 820 139 741 1031 1045 955 481 1710 652 657 656 980 1013 592 167 844 1084 289 648 236 705 938 0 1649 267 690 771 715
1704 1762 2093 1461 1471 1972 1557 1586 1628 2111 1456 1754 1365 1769 1073 1038 1802 1564 1229 1479 1411 1807 1246 932 1890 1806 1842 1288 1644 1270 1632 1729 1450 1748 1692 1859 1285 1920 1649 0 1876 1733 1052 1796
611 208 315 991 756 271 458 638 278 640 882 566 922 636 977 872 585 380 967 928 941 720 708 1607 417 423 552 876 779 818 297 609 980 151 544 94 931 703 267 1876 0 586 997 480
86 762 699 625 774 655 783 890 766 1024 557 222 668 1020 1369 1264 969 802 1360 602 616 1103 1100 1221 801 806 310 490 947 1210 765 992 655 639 92 647 1323 1087 690 1739 586 0 1389 864
1414 884 1215 1739 1655 1171 679 1537 750 1539 1685 1369 1642 1535 315 279 1484 686 209 1731 1688 1619 368 1210 1317 1322 1355 1565 1678 391 753 1508 1728 870 1347 981 270 1602 771 1052 997 1389 0 1379
889 655 387 848 360 260 891 242 660 400 963 843 526 192 1359 1254 189 827 1349 986 891 324 1089 1284 178 94 829 655 383 1200 679 164 888 533 821 541 1313 307 715 1802 480 864 1379 0
EOF