NAME : tsp_problem
TYPE : TSP
DIMENSION : 20
EDGE_WEIGHT_TYPE : EXPLICIT
EDGE_WEIGHT_FORMAT : FULL_MATRIX
EDGE_WEIGHT_SECTION
0 224 228 227 284 223 226 225 224 348 835 224 227 226 704 495 348 348 348 440
224 0 59 60 314 58 61 61 62 378 799 58 60 61 734 459 378 378 378 470
228 59 0 57 318 55 58 58 59 382 803 56 58 58 738 463 382 382 382 474
227 60 57 0 317 56 59 59 60 381 802 56 58 59 737 462 381 381 381 473
284 314 318 317 0 313 316 315 314 302 925 314 317 316 577 585 301 302 301 314
223 58 55 56 313 0 57 57 59 377 798 55 57 57 733 459 377 377 377 470
226 61 58 59 316 57 0 60 61 380 801 57 59 60 736 461 379 380 380 472
225 61 58 59 315 57 60 0 61 379 800 57 59 60 735 461 379 379 379 472
224 62 59 60 314 59 61 61 0 378 799 59 61 61 733 459 377 378 377 470
348 378 382 381 302 377 380 379 378 0 988 378 380 380 721 649 71 71 71 458
551 515 519 518 628 514 517 517 515 705 0 515 518 517 1060 304 704 705 704 797
224 58 56 56 314 55 57 57 59 378 799 0 57 57 733 459 377 378 377 470
227 60 58 58 317 57 59 59 61 380 801 57 0 59 736 462 380 380 380 473
226 61 58 59 316 57 60 60 61 380 801 57 59 0 735 461 379 380 379 472
707 737 741 740 583 736 738 738 736 724 1347 736 739 738 0 1007 724 724 724 478
493 458 462 461 583 457 460 459 457 647 596 457 460 459 1003 0 647 647 647 740
348 378 382 381 301 377 379 379 377 71 988 377 380 379 721 648 0 71 71 458
348 378 382 381 302 377 380 379 378 71 988 378 380 380 721 649 71 0 71 458
348 378 382 381 301 377 380 379 377 71 988 377 380 379 721 649 71 71 0 458
440 470 474 473 317 470 472 472 470 458 1081 470 473 472 478 741 458 458 458 0
EOF