NAME : tsp_problem
TYPE : TSP
DIMENSION : 82
EDGE_WEIGHT_TYPE : EXPLICIT
EDGE_WEIGHT_FORMAT : FULL_MATRIX
EDGE_WEIGHT_SECTION
0 215 904 543 283 210 209 182 410 807 490 424 254 400 536 353 534 174 468 649 316 486 654 222 239 397 220 228 221 348 327 326 317 625 601 170 212 158 911 230 132 252 245 181 242 189 471 320 421 385 501 313 879 601 441 337 589 332 106 367 146 197 457 109 144 276 566 140 582 355 371 227 371 368 192 352 235 559 166 663 259 170
215 0 1056 382 130 205 296 370 597 995 678 611 441 587 688 540 721 332 307 801 504 325 806 309 427 585 307 27 69 536 514 165 156 777 788 73 399 85 1063 418 319 168 93 61 429 180 310 507 608 572 340 152 1066 753 629 176 776 515 293 206 333 215 645 259 274 237 405 327 553 543 559 414 210 555 380 191 422 746 202 851 106 257
904 1056 0 708 1035 960 960 789 852 386 613 866 861 842 493 660 657 925 780 606 923 773 611 973 792 540 971 1069 1071 791 769 1040 1031 583 727 1046 819 1034 45 838 883 1003 1087 1058 849 940 830 911 864 827 802 933 313 558 884 1051 729 629 856 1049 897 948 580 860 895 1027 682 795 539 585 814 773 1070 811 799 917 842 682 917 693 1068 921
543 382 708 0 458 491 406 600 698 956 459 712 672 689 340 506 503 603 106 452 734 98 457 393 638 386 394 395 396 637 615 365 356 429 573 400 630 412 714 648 561 496 420 389 659 507 217 737 710 674 246 258 883 404 730 376 575 422 506 374 575 479 426 539 469 565 150 569 204 431 660 619 395 657 610 242 652 528 530 539 434 447
283 130 1035 458 0 159 192 312 540 938 620 554 384 530 666 483 664 304 383 779 446 401 784 205 369 527 203 143 102 478 457 242 233 756 731 140 342 152 1041 361 262 122 79 129 372 247 386 450 551 515 416 228 1009 731 572 252 719 463 207 282 276 169 587 240 170 305 481 270 629 486 501 357 287 498 322 267 365 689 270 793 59 152
210 205 960 491 159 0 118 238 466 863 546 480 310 456 592 409 590 230 417 705 372 435 710 131 295 453 128 219 177 404 383 317 308 682 657 216 268 227 967 287 188 160 154 204 298 245 420 376 477 441 449 304 935 657 497 328 645 388 133 357 202 106 513 166 96 332 514 196 638 412 427 283 362 424 248 284 291 615 222 719 135 78
209 296 960 406 192 118 0 238 465 863 546 479 310 455 592 408 589 229 332 704 372 350 709 76 295 453 77 309 267 404 382 338 329 681 656 306 268 318 967 286 187 160 245 295 297 244 335 375 477 440 364 232 934 657 497 349 644 388 132 379 201 105 513 165 95 331 429 195 578 411 427 282 383 424 248 198 290 614 222 719 225 78
182 370 789 600 312 238 238 0 256 692 337 270 139 247 421 199 380 202 525 534 163 543 539 251 86 282 248 383 376 195 174 481 472 510 447 324 59 312 796 115 160 280 365 336 88 217 418 205 268 232 390 437 764 486 288 492 435 217 134 521 174 225 304 138 173 304 610 72 467 240 218 74 526 215 77 403 120 405 195 510 345 198
410 597 852 698 540 466 465 256 0 920 333 238 367 255 448 246 290 430 753 334 340 763 323 479 205 371 476 610 603 93 182 709 700 353 216 552 236 540 859 343 388 508 593 563 265 445 646 432 169 205 618 665 991 378 57 719 204 445 362 749 402 453 337 366 401 532 673 300 530 416 218 301 754 70 305 631 347 264 423 278 573 426
807 995 386 956 938 863 863 692 920 0 862 934 586 910 742 863 905 828 1029 854 826 1021 859 876 749 789 874 1008 1001 858 837 1106 1097 831 975 949 722 937 393 609 786 905 990 961 752 843 1043 569 931 895 1015 1062 115 807 952 1117 977 843 759 1146 799 851 829 763 798 930 931 698 788 833 881 737 1151 878 650 1029 608 930 820 941 971 823
490 678 613 459 620 546 546 337 333 862 0 384 447 360 245 177 83 511 529 342 445 524 331 559 310 132 556 691 684 308 287 681 672 334 223 632 340 620 620 423 468 588 673 644 370 525 422 513 381 345 394 574 788 310 339 691 212 221 442 690 482 533 98 446 481 612 434 381 291 177 331 290 711 328 385 558 428 97 503 286 654 506
424 611 866 712 554 480 479 270 238 934 384 0 381 74 498 260 427 444 767 521 199 777 511 493 219 385 490 624 617 217 132 723 714 541 403 566 250 554 873 357 402 522 607 577 249 459 660 446 146 109 632 679 1005 563 207 733 391 459 376 763 416 467 351 380 415 546 687 314 544 430 96 315 768 237 319 645 361 452 437 466 587 440
254 441 861 672 384 310 310 139 367 586 447 381 0 357 493 310 491 274 597 606 273 615 611 323 196 354 320 455 448 305 284 553 544 582 557 396 169 384 868 73 232 352 437 408 199 289 490 98 378 342 462 509 657 558 398 564 546 289 206 593 246 297 414 210 245 376 682 144 539 312 328 184 598 325 115 475 72 516 267 620 417 270
400 587 842 689 530 456 455 247 255 910 360 74 357 0 474 236 403 420 743 549 152 753 539 469 195 361 466 600 593 194 108 699 690 564 431 542 226 530 849 333 378 498 583 553 202 435 636 422 122 85 608 655 981 539 235 710 419 435 352 739 392 443 327 356 391 522 663 290 520 406 72 291 744 213 295 621 337 428 413 493 563 416
536 688 493 340 666 592 592 421 448 742 245 498 493 474 0 292 289 557 412 149 555 405 154 605 424 172 602 701 703 423 401 672 663 126 270 678 451 666 500 470 515 634 719 690 481 572 461 559 495 459 433 565 669 140 454 682 272 261 488 681 528 580 212 492 527 659 314 427 171 216 446 405 702 442 431 549 474 314 549 236 700 552
353 540 660 506 483 409 408 199 246 863 177 260 310 236 292 0 221 373 576 404 321 571 410 422 186 179 419 553 546 184 163 651 642 381 333 495 216 483 667 286 331 451 536 506 246 388 468 375 257 221 440 608 835 357 277 662 321 268 305 692 345 396 144 309 344 475 481 243 338 223 207 153 696 204 248 574 290 246 366 396 516 369
534 721 657 503 664 590 589 380 290 905 83 427 491 403 289 221 0 554 573 299 488 568 289 603 353 176 600 734 727 352 330 724 715 319 181 676 384 664 664 467 512 632 717 687 414 569 465 556 409 388 437 618 832 343 296 735 169 264 486 733 526 577 115 490 525 656 478 424 335 220 375 334 754 335 429 602 471 55 547 244 697 550
174 332 925 603 304 230 229 202 430 828 511 444 274 420 557 373 554 0 529 669 337 547 674 243 260 417 240 345 338 369 347 443 434 646 621 286 232 275 931 251 70 272 357 298 262 209 532 340 441 405 525 429 899 621 462 454 609 353 126 484 56 217 478 130 165 150 626 160 602 376 392 247 488 388 213 395 255 579 187 683 337 190
468 307 780 106 383 417 332 525 753 1029 529 767 597 743 412 576 573 529 0 525 660 49 530 319 583 430 320 320 322 692 670 291 282 501 645 326 555 338 787 574 487 422 346 314 585 433 142 663 764 728 172 184 955 477 785 302 647 347 431 300 500 404 496 464 394 490 129 495 277 388 715 570 321 711 536 168 578 598 456 612 359 372
649 801 606 452 779 705 704 534 334 854 342 521 606 549 149 404 299 669 525 0 649 517 93 718 514 285 715 814 815 402 491 784 775 64 156 791 545 779 613 582 627 747 832 802 575 684 574 671 453 488 546 677 781 79 340 795 158 373 601 793 641 692 325 605 640 771 427 539 284 329 501 517 814 379 544 661 586 274 662 122 812 665
316 504 923 734 446 372 372 163 340 826 445 199 273 152 555 321 488 337 660 649 0 677 638 385 169 416 382 517 510 278 232 615 606 645 531 458 142 446 930 249 294 414 499 470 134 351 552 339 246 210 524 571 898 620 359 626 519 351 268 655 308 360 412 272 307 438 744 207 601 375 196 207 660 298 211 537 254 513 329 593 480 332
486 325 773 98 401 435 350 543 763 1021 524 777 615 753 405 571 568 547 49 517 677 0 522 336 600 448 338 338 340 702 680 309 300 494 638 344 573 356 779 592 505 439 364 332 603 451 160 681 775 738 189 202 948 469 795 319 640 365 449 318 518 422 491 482 412 508 121 512 269 406 725 588 339 722 553 186 596 593 473 604 377 390
654 806 611 457 784 710 709 539 323 859 331 511 611 539 154 410 289 674 530 93 638 522 0 723 503 290 720 819 820 391 480 789 780 69 145 796 534 784 618 587 632 752 837 807 564 689 579 676 442 477 551 683 786 84 329 800 147 378 606 798 646 697 330 610 645 776 432 544 289 334 490 522 819 368 549 667 591 263 667 111 817 670
222 309 973 393 205 131 76 251 479 876 559 493 323 469 605 422 603 243 319 718 385 336 723 0 308 466 64 323 281 417 396 325 316 694 670 320 281 331 980 299 201 173 258 308 311 258 322 389 490 454 351 219 948 670 510 336 658 401 146 366 215 118 526 178 108 345 416 209 564 424 440 296 370 437 261 185 304 628 235 732 239 91
239 427 792 638 369 295 295 86 205 749 310 219 196 195 424 186 353 260 583 514 169 600 503 308 0 311 305 440 433 143 122 538 529 513 396 381 65 369 799 172 217 337 422 393 95 274 475 262 216 180 447 494 821 489 236 549 384 274 191 578 231 283 277 195 230 361 613 130 470 298 166 130 583 163 134 461 177 378 252 458 403 255
397 585 540 386 527 453 453 282 371 789 132 385 354 361 172 179 176 417 430 285 416 448 290 466 311 0 463 598 591 310 288 581 572 261 327 539 312 527 547 330 375 495 580 551 342 432 322 420 383 346 294 475 715 237 403 592 315 122 349 590 389 440 99 353 388 519 361 288 218 77 333 292 611 330 292 459 335 201 410 372 561 413
220 307 971 394 203 128 77 248 476 874 556 490 320 466 602 419 600 240 320 715 382 338 720 64 305 463 0 320 278 414 393 327 318 692 667 317 278 329 977 297 198 170 255 305 308 255 323 386 487 451 353 220 945 667 508 338 655 399 143 367 212 116 523 176 106 342 418 206 566 422 437 293 372 434 258 187 301 625 233 729 236 88
228 27 1069 395 143 219 309 383 610 1008 691 624 455 600 701 553 734 345 320 814 517 338 819 323 440 598 320 0 82 549 527 179 170 791 801 86 413 98 1076 431 332 182 106 74 442 193 324 520 622 585 353 165 1079 766 642 189 789 529 306 219 346 228 658 272 287 250 418 340 566 556 572 428 224 569 393 205 435 759 215 864 119 270
221 69 1071 396 102 177 267 376 603 1001 684 617 448 593 703 546 727 338 322 815 510 340 820 281 433 591 278 82 0 542 520 180 171 792 794 79 406 91 1078 424 325 140 97 67 435 186 325 513 615 578 354 167 1072 768 635 191 782 526 282 220 339 187 651 265 245 243 419 333 568 549 565 420 225 562 386 206 428 752 208 857 78 228
348 536 791 637 478 404 404 195 93 858 308 217 305 194 423 184 352 369 692 402 278 702 391 417 143 310 414 549 542 0 120 647 638 422 284 490 174 478 798 282 327 446 531 502 204 384 584 371 215 179 556 603 930 446 125 658 272 383 300 687 340 392 275 304 339 471 612 239 468 354 165 239 692 51 243 570 286 333 361 346 512 364
327 514 769 615 457 383 382 174 182 837 287 132 284 108 401 163 330 347 670 491 232 680 480 396 122 288 393 527 520 120 0 626 617 490 373 469 153 457 776 260 305 425 510 480 182 362 563 349 129 93 535 582 908 466 214 637 361 362 279 666 319 370 254 283 318 449 590 217 447 333 79 218 671 140 222 548 264 355 340 435 490 343
326 165 1040 365 242 317 338 481 709 1106 681 723 553 699 672 651 724 443 291 784 615 309 789 325 538 581 327 179 180 647 626 0 30 761 875 184 511 196 1046 529 431 280 204 173 541 291 294 619 720 684 323 136 1177 736 740 22 863 499 404 114 444 327 648 371 385 349 388 439 536 540 670 526 57 667 491 175 533 749 314 871 217 368
317 156 1031 356 233 308 329 472 700 1097 672 714 544 690 663 642 715 434 282 775 606 300 780 316 529 572 318 170 171 638 617 30 0 752 866 175 502 187 1037 520 422 271 195 164 532 282 285 610 711 675 314 127 1168 727 731 41 854 490 395 105 435 318 639 362 376 340 379 430 527 531 661 517 75 658 482 166 524 740 305 862 209 359
625 777 583 429 756 682 681 510 353 831 334 541 582 564 126 381 319 646 501 64 645 494 69 694 513 261 692 791 792 422 490 761 752 0 175 767 540 756 589 559 604 724 808 779 570 661 551 648 472 508 523 654 758 55 359 772 177 350 578 770 618 669 301 581 616 748 403 516 260 306 520 494 791 398 521 638 563 293 638 141 789 642
601 788 727 573 731 657 656 447 216 975 223 403 557 431 270 333 181 621 645 156 531 638 145 670 396 327 667 801 794 284 373 875 866 175 0 742 426 731 733 534 579 699 783 754 456 636 616 623 334 370 588 769 902 199 222 886 95 415 553 884 593 644 255 557 591 723 547 491 404 371 383 446 905 260 496 753 538 155 614 100 764 617
170 73 1046 400 140 216 306 324 552 949 632 566 396 542 678 495 676 286 326 791 458 344 796 320 381 539 317 86 79 490 469 184 175 767 742 0 354 49 1053 372 274 179 103 72 384 134 329 462 563 527 358 171 1020 743 583 195 731 474 247 225 288 226 599 214 284 192 423 282 572 497 513 369 229 510 334 210 377 701 157 805 116 267
212 399 819 630 342 268 268 59 236 722 340 250 169 226 451 216 384 232 555 545 142 573 534 281 65 312 278 413 406 174 153 511 502 540 426 354 0 342 826 145 190 310 395 366 68 247 448 235 247 211 420 467 793 516 267 522 415 247 164 551 204 255 307 168 203 334 640 102 497 270 197 103 556 194 107 433 149 409 225 489 375 228
158 85 1034 412 152 227 318 312 540 937 620 554 384 530 666 483 664 275 338 779 446 356 784 331 369 527 329 98 91 478 457 196 187 756 731 49 342 0 1041 361 262 190 115 61 372 123 341 450 551 515 370 183 1009 731 571 207 719 462 236 236 276 237 587 202 274 180 435 270 584 486 501 357 241 498 322 222 365 689 145 793 128 278
911 1063 45 714 1041 967 967 796 859 393 620 873 868 849 500 667 664 931 787 613 930 779 618 980 799 547 977 1076 1078 798 776 1046 1037 589 733 1053 826 1041 0 844 889 1009 1094 1065 856 946 836 918 870 834 808 940 319 565 891 1057 735 636 863 1055 903 954 587 867 902 1033 689 802 546 591 821 779 1077 817 806 924 849 689 924 700 1075 927
230 418 838 648 361 287 286 115 343 609 423 357 73 333 470 286 467 251 574 582 249 592 587 299 172 330 297 431 424 282 260 529 520 559 534 372 145 361 844 0 209 329 413 384 175 266 466 122 354 318 438 485 680 534 375 540 522 266 183 570 223 274 390 186 221 353 658 121 515 289 305 160 574 301 125 452 95 492 243 596 394 247
132 319 883 561 262 188 187 160 388 786 468 402 232 378 515 331 512 70 487 627 294 505 632 201 217 375 198 332 325 327 305 431 422 604 579 274 190 262 889 209 0 230 315 285 220 167 490 298 399 363 483 387 857 579 420 441 567 311 84 471 60 175 436 88 123 172 584 118 560 334 350 205 476 346 171 353 213 537 145 641 295 148
252 168 1003 496 122 160 160 280 508 905 588 522 352 498 634 451 632 272 422 747 414 439 752 173 337 495 170 182 140 446 425 280 271 724 699 179 310 190 1009 329 230 0 117 167 340 286 425 418 519 483 454 267 977 699 539 291 687 430 175 320 244 148 555 208 138 343 519 238 667 454 469 325 325 466 290 306 333 657 265 761 98 120
245 93 1087 420 79 154 245 365 593 990 673 607 437 583 719 536 717 357 346 832 499 364 837 258 422 580 255 106 97 531 510 204 195 808 783 103 395 115 1094 413 315 117 0 92 425 210 349 503 604 568 379 191 1061 784 624 215 772 515 259 245 328 164 640 290 222 268 444 323 592 538 554 410 249 551 375 230 417 742 233 846 55 205
181 61 1058 389 129 204 295 336 563 961 644 577 408 553 690 506 687 298 314 802 470 332 807 308 393 551 305 74 67 502 480 173 164 779 754 72 366 61 1065 384 285 167 92 0 395 146 317 473 575 538 347 159 1032 755 595 183 742 486 259 213 299 214 611 225 272 203 412 293 560 509 525 381 218 522 346 198 388 712 168 817 105 255
242 429 849 659 372 298 297 88 265 752 370 249 199 202 481 246 414 262 585 575 134 603 564 311 95 342 308 442 435 204 182 541 532 570 456 384 68 372 856 175 220 340 425 395 0 277 478 264 277 240 450 497 823 546 297 551 444 277 194 581 234 285 337 198 233 364 670 132 527 300 227 133 586 224 137 463 179 439 255 519 405 258
189 180 940 507 247 245 244 217 445 843 525 459 289 435 572 388 569 209 433 684 351 451 689 258 274 432 255 193 186 384 362 291 282 661 636 134 247 123 946 266 167 286 210 146 277 0 436 355 456 420 466 278 914 636 477 302 624 368 141 332 181 232 492 145 180 248 530 175 617 391 407 262 336 403 227 317 270 594 202 698 223 205
471 310 830 217 386 420 335 418 646 1043 422 660 490 636 461 468 465 532 142 574 552 160 579 322 475 322 323 324 325 584 563 294 285 551 616 329 448 341 836 466 490 425 349 317 478 436 0 556 657 621 175 187 1005 526 677 305 604 240 435 303 504 407 389 467 397 493 240 423 388 281 607 463 324 604 428 171 471 490 459 661 362 375
320 507 911 737 450 376 375 205 432 569 513 446 98 422 559 375 556 340 663 671 339 681 676 389 262 420 386 520 513 371 349 619 610 648 623 462 235 450 918 122 298 418 503 473 264 355 556 0 444 407 528 575 640 624 464 629 611 355 272 659 312 363 480 276 311 442 748 210 605 378 394 250 664 391 163 541 120 581 333 686 483 336
421 608 864 710 551 477 477 268 169 931 381 146 378 122 495 257 409 441 764 453 246 775 442 490 216 383 487 622 615 215 129 720 711 472 334 563 247 551 870 354 399 519 604 575 277 456 657 444 0 61 629 676 1002 496 138 731 322 456 373 760 413 464 348 377 412 543 684 311 541 427 73 312 765 214 316 642 358 383 434 397 584 437
385 572 827 674 515 441 440 232 205 895 345 109 342 85 459 221 388 405 728 488 210 738 477 454 180 346 451 585 578 179 93 684 675 508 370 527 211 515 834 318 363 483 568 538 240 420 621 407 61 0 593 640 966 524 174 695 358 420 337 724 377 428 312 341 376 507 648 275 505 391 57 276 729 198 280 606 322 413 398 432 548 401
501 340 802 246 416 449 364 390 618 1015 394 632 462 608 433 440 437 525 172 546 524 189 551 351 447 294 353 353 354 556 535 323 314 523 588 358 420 370 808 438 483 454 379 347 450 466 175 528 629 593 0 216 977 498 649 334 576 212 457 332 497 437 361 461 427 523 269 396 417 253 579 435 353 576 400 200 443 462 488 633 392 405
313 152 933 258 228 304 232 437 665 1062 574 679 509 655 565 608 618 429 184 677 571 202 683 219 494 475 220 165 167 603 582 136 127 654 769 171 467 183 940 485 387 267 191 159 497 278 187 575 676 640 216 0 1108 630 696 147 757 392 332 176 401 304 541 357 294 335 281 395 430 433 626 482 181 623 447 68 490 643 301 764 204 272
879 1066 313 883 1009 935 934 764 991 115 788 1005 657 981 669 835 832 899 955 781 898 948 786 948 821 715 945 1079 1072 930 908 1177 1168 758 902 1020 793 1009 319 680 857 977 1061 1032 823 914 1005 640 1002 966 977 1108 0 733 1023 1188 904 804 831 1218 871 922 755 835 869 1001 857 769 714 760 953 808 1222 949 722 1092 679 857 892 868 1042 895
601 753 558 404 731 657 657 486 378 807 310 563 558 539 140 357 343 621 477 79 620 469 84 670 489 237 667 766 768 446 466 736 727 55 199 743 516 731 565 534 579 699 784 755 546 636 526 624 496 524 498 630 733 0 384 747 201 325 553 745 593 644 277 557 592 723 379 491 236 281 510 469 766 422 496 614 539 317 614 166 764 617
441 629 884 730 572 497 497 288 57 952 339 207 398 235 454 277 296 462 785 340 359 795 329 510 236 403 508 642 635 125 214 740 731 359 222 583 267 571 891 375 420 539 624 595 297 477 677 464 138 174 649 696 1023 384 0 751 210 476 393 780 433 485 368 397 432 564 705 332 562 447 187 332 785 101 336 663 379 270 454 284 605 457
337 176 1051 376 252 328 349 492 719 1117 691 733 564 710 682 662 735 454 302 795 626 319 800 336 549 592 338 189 191 658 637 22 41 772 886 195 522 207 1057 540 441 291 215 183 551 302 305 629 731 695 334 147 1188 747 751 0 874 510 415 125 455 338 659 381 396 359 399 449 547 551 681 537 52 678 502 186 544 760 325 882 228 379
589 776 729 575 719 645 644 435 204 977 212 391 546 419 272 321 169 609 647 158 519 640 147 658 384 315 655 789 782 272 361 863 854 177 95 731 415 719 735 522 567 687 772 742 444 624 604 611 322 358 576 757 904 201 210 874 0 404 541 872 581 632 243 545 580 711 549 479 406 359 371 434 894 249 484 741 526 143 602 102 752 605
332 515 629 422 463 388 388 217 445 843 221 459 289 435 261 268 264 353 347 373 351 365 378 401 274 122 399 529 526 383 362 499 490 350 415 474 247 462 636 266 311 430 515 486 277 368 240 355 456 420 212 392 804 325 476 510 404 0 284 508 324 376 188 288 323 455 445 223 306 80 406 262 529 403 227 376 270 289 345 460 496 348
106 293 856 506 207 133 132 134 362 759 442 376 206 352 488 305 486 126 431 601 268 449 606 146 191 349 143 306 282 300 279 404 395 578 553 247 164 236 863 183 84 175 259 259 194 141 435 272 373 337 457 332 831 553 393 415 541 284 0 445 98 120 409 62 81 228 529 92 534 308 323 179 449 320 144 298 187 511 119 615 240 93
367 206 1049 374 282 357 379 521 749 1146 690 763 593 739 681 692 733 484 300 793 655 318 798 366 578 590 367 219 220 687 666 114 105 770 884 225 551 236 1055 570 471 320 245 213 581 332 303 659 760 724 332 176 1218 745 780 125 872 508 445 0 485 367 657 411 425 389 397 479 545 549 710 566 159 707 531 215 574 758 354 880 258 408
146 333 897 575 276 202 201 174 402 799 482 416 246 392 528 345 526 56 500 641 308 518 646 215 231 389 212 346 339 340 319 444 435 618 593 288 204 276 903 223 60 244 328 299 234 181 504 312 413 377 497 401 871 593 433 455 581 324 98 485 0 189 449 102 137 158 598 132 574 348 363 219 489 360 184 367 227 551 159 655 309 162
197 215 948 479 169 106 105 225 453 851 533 467 297 443 580 396 577 217 404 692 360 422 697 118 283 440 116 228 187 392 370 327 318 669 644 226 255 237 954 274 175 148 164 214 285 232 407 363 464 428 437 304 922 644 485 338 632 376 120 367 189 0 501 153 83 319 502 183 625 399 415 270 372 411 236 271 278 602 210 706 145 66
457 645 580 426 587 513 513 304 337 829 98 351 414 327 212 144 115 478 496 325 412 491 330 526 277 99 523 658 651 275 254 648 639 301 255 599 307 587 587 390 436 555 640 611 337 492 389 480 348 312 361 541 755 277 368 659 243 188 409 657 449 501 0 413 448 579 401 348 258 144 298 257 678 295 352 525 395 129 470 318 621 473
109 259 860 539 240 166 165 138 366 763 446 380 210 356 492 309 490 130 464 605 272 482 610 178 195 353 176 272 265 304 283 371 362 581 557 214 168 202 867 186 88 208 290 225 198 145 467 276 377 341 461 357 835 557 397 381 545 288 62 411 102 153 413 0 100 232 562 96 538 311 327 183 416 324 148 331 191 515 122 619 273 126
144 274 895 469 170 96 95 173 401 798 481 415 245 391 527 344 525 165 394 640 307 412 645 108 230 388 106 287 245 339 318 385 376 616 591 284 203 274 902 221 123 138 222 272 233 180 397 311 412 376 427 294 869 592 432 396 580 323 81 425 137 83 448 100 0 267 492 131 573 346 362 218 430 359 183 261 226 550 157 654 203 56
276 237 1027 565 305 332 331 304 532 930 612 546 376 522 659 475 656 150 490 771 438 508 776 345 361 519 342 250 243 471 449 349 340 748 723 192 334 180 1033 353 172 343 268 203 364 248 493 442 543 507 523 335 1001 723 564 359 711 455 228 389 158 319 579 232 267 0 588 262 704 478 494 349 394 490 314 375 357 681 270 785 281 292
566 405 682 150 481 514 429 610 673 931 434 687 682 663 314 481 478 626 129 427 744 121 432 416 613 361 418 418 419 612 590 388 379 403 547 423 640 435 689 658 584 519 444 412 670 530 240 748 684 648 269 281 857 379 705 399 549 445 529 397 598 502 401 562 492 588 0 592 179 405 635 593 418 631 620 265 663 503 553 514 457 470
140 327 795 569 270 196 195 72 300 698 381 314 144 290 427 243 424 160 495 539 207 512 544 209 130 288 206 340 333 239 217 439 430 516 491 282 102 270 802 121 118 238 323 293 132 175 423 210 311 275 396 395 769 491 332 449 479 223 92 479 132 183 348 96 131 262 592 0 472 246 262 117 484 258 83 361 125 449 153 553 303 156
582 553 539 204 629 638 578 467 530 788 291 544 539 520 171 338 335 602 277 284 601 269 289 564 470 218 566 566 568 468 447 536 527 260 404 572 497 584 546 515 560 667 592 560 527 617 388 605 541 505 417 430 714 236 562 547 406 306 534 545 574 625 258 538 573 704 179 472 0 262 491 450 567 488 477 414 520 359 595 371 605 598
355 543 585 431 486 412 411 240 416 833 177 430 312 406 216 223 220 376 388 329 375 406 334 424 298 77 422 556 549 354 333 540 531 306 371 497 270 486 591 289 334 454 538 509 300 391 281 378 427 391 253 433 760 281 447 551 359 80 308 549 348 399 144 311 346 478 405 246 262 0 377 285 570 374 251 417 293 245 368 416 519 372
371 559 814 660 501 427 427 218 218 881 331 96 328 72 446 207 375 392 715 501 196 725 490 440 166 333 437 572 565 165 79 670 661 520 383 513 197 501 821 305 350 469 554 525 227 407 607 394 73 57 579 626 953 510 187 681 371 406 323 710 363 415 298 327 362 494 635 262 491 377 0 262 715 185 266 593 309 400 384 445 535 387
227 414 773 619 357 283 282 74 301 737 290 315 184 291 405 153 334 247 570 517 207 588 522 296 130 292 293 428 420 239 218 526 517 494 446 369 103 357 779 160 205 325 410 381 133 262 463 250 312 276 435 482 808 469 332 537 434 262 179 566 219 270 257 183 218 349 593 117 450 285 262 0 571 259 122 448 164 359 240 508 390 243
371 210 1070 395 287 362 383 526 754 1151 711 768 598 744 702 696 754 488 321 814 660 339 819 370 583 611 372 224 225 692 671 57 75 791 905 229 556 241 1077 574 476 325 249 218 586 336 324 664 765 729 353 181 1222 766 785 52 894 529 449 159 489 372 678 416 430 394 418 484 567 570 715 571 0 712 536 220 578 779 359 901 262 413
368 555 811 657 498 424 424 215 70 878 328 237 325 213 442 204 335 388 711 379 298 722 368 437 163 330 434 569 562 51 140 667 658 398 260 510 194 498 817 301 346 466 551 522 224 403 604 391 214 198 576 623 949 422 101 678 249 403 320 707 360 411 295 324 359 490 631 258 488 374 185 259 712 0 263 589 306 309 381 323 531 384
192 380 799 610 322 248 248 77 305 650 385 319 115 295 431 248 429 213 536 544 211 553 549 261 134 292 258 393 386 243 222 491 482 521 496 334 107 322 806 125 171 290 375 346 137 227 428 163 316 280 400 447 722 496 336 502 484 227 144 531 184 236 352 148 183 314 620 83 477 251 266 122 536 263 0 414 130 454 205 558 356 208
352 191 917 242 267 284 198 403 631 1029 558 645 475 621 549 574 602 395 168 661 537 186 667 185 461 459 187 205 206 570 548 175 166 638 753 210 433 222 924 452 353 306 230 198 463 317 171 541 642 606 200 68 1092 614 663 186 741 376 298 215 367 271 525 331 261 375 265 361 414 417 593 448 220 589 414 0 456 627 340 748 243 239
235 422 842 652 365 291 290 120 347 608 428 361 72 337 474 290 471 255 578 586 254 596 591 304 177 335 301 435 428 286 264 533 524 563 538 377 149 365 849 95 213 333 417 388 179 270 471 120 358 322 443 490 679 539 379 544 526 270 187 574 227 278 395 191 226 357 663 125 520 293 309 164 578 306 130 456 0 496 248 601 398 251
559 746 682 528 689 615 614 405 264 930 97 452 516 428 314 246 55 579 598 274 513 593 263 628 378 201 625 759 752 333 355 749 740 293 155 701 409 689 689 492 537 657 742 712 439 594 490 581 383 413 462 643 857 317 270 760 143 289 511 758 551 602 129 515 550 681 503 449 359 245 400 359 779 309 454 627 496 0 572 218 722 575
166 202 917 530 270 222 222 195 423 820 503 437 267 413 549 366 547 187 456 662 329 473 667 235 252 410 233 215 208 361 340 314 305 638 614 157 225 145 924 243 145 265 233 168 255 202 459 333 434 398 488 301 892 614 454 325 602 345 119 354 159 210 470 122 157 270 553 153 595 368 384 240 359 381 205 340 248 572 0 676 246 183
663 851 693 539 793 719 719 510 278 941 286 466 620 493 236 396 244 683 612 122 593 604 111 732 458 372 729 864 857 346 435 871 862 141 100 805 489 793 700 596 641 761 846 817 519 698 661 686 397 432 633 764 868 166 284 882 102 460 615 880 655 706 318 619 654 785 514 553 371 416 445 508 901 323 558 748 601 218 676 0 826 679
259 106 1068 434 59 135 225 345 573 971 654 587 417 563 700 516 697 337 359 812 480 377 817 239 403 561 236 119 78 512 490 217 209 789 764 116 375 128 1075 394 295 98 55 105 405 223 362 483 584 548 392 204 1042 764 605 228 752 496 240 258 309 145 621 273 203 281 457 303 605 519 535 390 262 531 356 243 398 722 246 826 0 186
170 257 921 447 152 78 78 198 426 823 506 440 270 416 552 369 550 190 372 665 332 390 670 91 255 413 88 270 228 364 343 368 359 642 617 267 228 278 927 247 148 120 205 255 258 205 375 336 437 401 405 272 895 617 457 379 605 348 93 408 162 66 473 126 56 292 470 156 598 372 387 243 413 384 208 239 251 575 183 679 186 0
EOF