NAME : tsp_problem
TYPE : TSP
DIMENSION : 80
EDGE_WEIGHT_TYPE : EXPLICIT
EDGE_WEIGHT_FORMAT : FULL_MATRIX
EDGE_WEIGHT_SECTION
0 293 195 349 313 1043 470 804 437 396 599 313 295 1043 368 1007 393 614 205 749 690 146 492 344 518 468 816 164 65 530 552 1043 533 133 356 203 246 604 627 558 181 669 538 541 350 193 596 521 976 549 109 545 177 508 197 371 360 220 292 335 402 76 1050 754 369 409 63 235 641 574 189 428 1043 664 217 576 418 308 417 181
293 0 156 181 439 780 207 541 174 133 336 146 245 780 493 744 130 351 183 486 427 218 229 81 255 205 553 289 318 267 289 780 593 224 481 118 303 566 551 295 161 508 275 278 183 318 333 258 713 286 248 340 187 245 322 496 97 345 125 72 139 288 787 491 106 289 301 153 378 311 132 454 780 401 104 313 155 238 275 160
195 156 0 211 468 905 333 666 299 258 462 176 275 906 523 869 255 476 213 612 553 120 355 207 381 330 679 319 231 393 415 906 622 126 511 66 333 673 676 420 63 633 401 404 213 348 459 384 839 412 150 466 89 370 351 526 222 374 155 198 265 190 912 617 232 319 203 182 503 437 52 497 906 527 80 439 280 268 305 62
349 181 211 0 352 931 359 692 325 284 487 71 153 931 406 895 281 502 238 637 578 273 381 233 407 356 705 289 374 418 440 931 443 280 394 174 211 493 517 446 216 558 426 429 91 273 485 410 865 437 303 434 242 396 277 409 248 300 87 224 290 344 938 642 258 140 357 208 529 463 187 318 931 553 160 464 306 146 125 216
313 439 468 352 0 1025 616 949 582 541 745 375 267 1025 66 989 538 759 283 786 727 393 638 490 664 515 871 180 272 453 697 1025 236 379 54 431 217 439 462 666 450 504 683 683 327 157 627 667 1122 694 355 380 424 653 144 131 505 125 391 481 547 322 1032 875 515 244 309 314 786 720 444 263 1025 810 417 721 563 280 253 443
1043 780 905 931 1025 0 663 523 876 835 873 896 995 31 1021 71 777 888 932 704 645 968 672 783 831 613 678 1039 1068 658 826 31 971 974 1030 868 1053 617 603 584 911 560 812 601 933 1033 488 796 347 844 998 731 937 782 1020 1015 799 1001 875 774 841 1038 115 712 709 972 1051 902 915 849 882 845 31 797 854 701 857 988 980 910
470 207 333 359 616 663 0 670 264 223 300 323 422 663 670 627 204 315 360 301 242 395 99 172 385 285 414 467 496 330 253 663 692 402 659 295 481 449 434 110 338 391 239 93 360 496 217 222 843 271 425 403 364 209 499 674 226 522 302 164 269 466 670 351 236 467 479 330 342 275 309 517 663 223 282 128 245 415 452 337
804 541 666 692 949 523 670 0 636 595 799 657 756 523 1003 472 592 813 693 949 890 729 692 544 347 667 1016 800 829 730 752 523 1092 735 992 629 814 1028 1014 757 671 971 738 741 694 829 796 721 212 749 759 803 697 707 832 1007 479 855 636 535 433 799 436 954 569 800 812 663 840 774 642 917 523 864 615 776 617 748 786 671
437 174 299 325 582 876 264 636 0 132 270 290 389 876 636 839 136 285 326 510 458 362 236 123 351 300 560 433 462 363 223 876 725 368 625 262 447 661 647 326 304 604 282 309 327 462 429 265 809 132 392 436 330 200 465 640 192 488 269 130 235 432 883 498 202 433 445 296 319 246 275 550 876 408 248 344 116 381 419 304
396 133 258 284 541 835 223 595 132 0 302 249 348 835 595 798 95 316 285 469 417 321 195 82 310 259 519 392 421 322 255 835 684 327 584 221 406 620 606 285 263 563 241 268 286 421 388 224 768 181 351 395 289 210 424 599 151 447 228 89 194 391 842 457 161 392 404 255 343 277 234 509 835 367 207 303 120 340 378 263
599 336 462 487 745 873 300 799 270 302 0 452 551 873 799 837 241 70 489 322 381 524 230 285 514 463 373 595 624 525 72 873 887 530 787 424 609 659 644 320 467 601 173 303 489 624 427 190 971 163 554 599 493 122 628 802 355 651 431 292 397 594 880 310 365 595 607 459 74 84 438 713 873 221 410 324 303 544 581 466
313 146 176 71 375 896 323 657 290 249 452 0 135 896 429 859 245 467 203 602 543 238 345 197 371 321 669 270 338 383 405 896 482 244 418 138 193 533 556 411 181 598 391 394 73 255 449 374 829 402 268 456 207 361 258 433 213 281 52 188 255 308 903 607 222 179 321 173 494 427 152 357 896 517 124 429 271 128 165 180
295 245 275 153 267 995 422 756 389 348 551 135 0 995 321 959 345 566 265 701 642 337 444 296 470 420 768 162 254 482 504 995 487 344 310 237 85 557 581 510 280 623 490 493 155 147 548 473 928 501 337 498 306 460 150 325 312 173 151 287 354 304 1002 706 321 261 291 272 593 526 251 382 995 616 223 528 370 147 247 279
1043 780 906 931 1025 31 663 523 876 835 873 896 995 0 1021 71 777 888 932 704 645 968 672 783 832 613 678 1039 1068 658 826 31 971 974 1030 868 1053 618 603 584 911 560 812 601 933 1033 488 796 347 844 998 731 937 782 1020 1015 799 1001 875 774 841 1038 115 712 709 972 1051 902 915 849 882 845 31 797 854 701 857 988 980 910
368 493 523 406 66 1021 670 1003 636 595 799 429 321 1021 0 985 592 813 338 782 723 447 692 544 718 511 867 235 326 450 752 1021 185 433 47 485 272 435 459 663 504 500 738 679 381 211 623 721 1176 748 409 376 478 707 199 117 559 179 445 535 602 377 1028 871 569 298 363 368 840 774 499 259 1021 864 471 775 617 334 307 498
1007 744 869 895 989 71 627 472 839 798 837 859 959 71 985 0 741 852 896 668 609 932 636 747 780 576 642 1003 1032 622 790 71 935 938 994 832 1017 581 566 548 874 523 776 565 897 996 452 759 295 808 961 695 900 746 984 979 762 965 838 738 805 1002 63 675 673 935 1015 866 879 812 845 809 72 761 818 665 820 951 944 874
393 130 255 281 538 777 204 592 136 95 241 245 345 777 592 741 0 255 282 408 356 317 134 79 307 256 458 389 418 319 194 777 681 324 581 217 403 563 548 224 260 505 180 207 283 418 331 163 765 212 347 392 286 149 421 596 148 444 224 86 191 388 784 396 158 389 401 252 282 216 231 506 777 306 204 242 117 337 375 260
614 351 476 502 759 888 315 813 285 316 70 467 566 888 813 852 255 0 503 306 365 539 245 300 528 477 357 610 639 540 87 888 902 545 802 439 624 674 659 334 481 616 157 318 504 639 441 174 986 178 569 613 507 136 642 817 369 665 446 307 412 609 895 294 379 610 622 473 58 94 452 727 888 205 425 308 317 558 596 481
205 183 213 238 283 932 360 693 326 285 489 203 265 932 338 896 282 503 0 639 580 275 382 234 408 357 706 134 163 420 442 932 503 270 326 175 216 574 597 447 218 639 428 431 240 163 486 411 866 438 247 493 244 397 167 341 249 190 182 225 292 214 939 644 259 346 201 205 530 464 189 398 933 554 161 466 307 278 332 217
749 486 612 637 786 704 301 949 510 469 322 602 701 704 782 668 408 306 639 0 88 674 310 450 663 325 181 745 774 371 369 704 732 680 791 574 759 490 475 222 617 432 256 239 639 774 257 272 943 460 704 444 643 412 778 776 505 762 581 442 547 744 711 118 422 733 757 609 280 346 588 558 704 169 560 272 491 694 731 616
690 427 553 578 727 645 242 890 458 417 381 543 642 645 723 609 356 365 580 88 0 615 251 391 604 266 239 686 715 312 405 645 673 621 732 515 700 431 416 163 558 373 314 180 580 715 198 331 884 423 645 385 584 361 719 717 446 703 522 383 488 685 652 177 363 674 698 550 338 405 529 499 645 227 501 280 439 635 672 557
146 218 120 273 393 968 395 729 362 321 524 238 337 968 447 932 317 539 275 674 615 0 417 269 443 393 741 243 144 455 477 968 612 170 435 128 325 683 706 483 106 696 463 466 275 272 521 446 901 474 188 528 132 433 276 450 285 299 217 260 327 155 975 679 294 381 142 245 566 499 114 507 968 589 142 501 343 330 367 106
492 229 355 381 638 672 99 692 236 195 230 345 444 672 692 636 134 245 382 310 251 417 0 178 407 293 422 489 517 339 183 672 700 424 680 317 502 458 443 118 360 400 169 102 382 518 225 152 865 201 447 412 386 139 521 695 248 544 324 186 290 487 679 360 258 488 500 352 272 205 331 526 672 232 303 137 217 437 474 359
344 81 207 233 490 783 172 544 123 82 285 197 296 783 544 747 79 300 234 450 391 269 178 0 259 208 502 341 369 270 238 783 632 275 532 169 354 569 554 259 212 511 224 242 234 369 337 207 716 235 299 344 238 194 373 547 100 396 176 38 142 339 790 440 110 340 352 204 327 260 183 458 783 350 155 277 104 289 326 211
518 255 381 407 664 831 385 347 351 310 514 371 470 832 718 780 307 528 408 663 604 443 407 259 0 382 731 515 543 444 466 832 806 450 706 343 528 743 728 472 386 685 452 456 408 544 511 436 520 463 473 518 412 422 547 721 194 570 350 250 148 513 744 668 284 514 526 378 555 489 357 632 832 579 329 490 332 463 500 385
468 205 330 356 515 613 285 667 300 259 463 321 420 613 511 576 256 477 357 325 266 393 293 208 382 0 459 464 493 100 416 613 462 399 521 293 478 398 384 205 335 341 402 222 358 493 166 385 840 413 423 173 361 372 496 505 223 491 300 199 266 463 620 414 134 462 476 327 504 438 306 287 613 418 279 323 281 412 450 335
816 553 679 705 871 678 414 1016 560 519 373 669 768 678 867 642 458 357 706 181 239 741 422 502 731 459 0 813 841 505 419 678 817 748 876 641 826 464 449 374 684 406 306 390 706 842 335 323 917 510 771 578 710 463 845 861 572 847 648 510 615 812 685 100 555 813 825 676 330 397 655 692 678 219 628 322 541 761 798 683
164 289 319 289 180 1039 467 800 433 392 595 270 162 1039 235 1003 389 610 134 745 686 243 489 341 515 464 813 0 123 485 548 1039 400 230 223 282 113 471 494 554 301 536 534 537 222 60 593 518 973 545 206 412 275 504 63 238 356 86 286 332 398 173 1046 750 366 276 160 165 637 571 295 295 1039 661 268 572 414 175 284 294
65 318 231 374 272 1068 496 829 462 421 624 338 254 1068 326 1032 418 639 163 774 715 144 517 369 543 493 841 123 0 555 577 1068 491 130 315 239 204 562 585 583 201 627 563 566 313 152 621 546 1001 574 107 503 175 533 155 330 385 178 317 360 427 74 1075 779 395 367 61 193 666 599 225 386 1068 689 253 601 443 266 376 195
530 267 393 418 453 658 330 730 363 322 525 383 482 658 450 622 319 540 420 371 312 455 339 270 444 100 505 485 555 0 478 658 400 461 459 355 522 444 429 251 398 386 464 268 420 461 212 448 898 475 485 111 424 434 449 443 286 430 362 262 328 525 665 460 196 400 538 390 567 501 369 225 658 464 341 368 344 475 409 397
552 289 415 440 697 826 253 752 223 255 72 405 504 826 752 790 194 87 442 369 405 477 183 238 466 416 419 548 577 478 0 826 840 483 740 377 562 612 597 273 420 554 220 256 442 577 380 212 924 116 507 551 446 75 580 755 308 603 384 245 350 547 833 357 317 548 560 411 121 48 391 665 826 267 363 291 256 497 534 419
1043 780 906 931 1025 31 663 523 876 835 873 896 995 31 1021 71 777 888 932 704 645 968 672 783 832 613 678 1039 1068 658 826 0 971 974 1030 868 1053 618 603 584 911 560 812 601 933 1033 488 796 347 844 998 731 937 782 1020 1015 799 1001 875 774 841 1038 115 712 709 972 1051 902 915 849 882 845 31 797 854 701 857 988 980 910
533 593 622 443 236 971 692 1092 725 684 887 482 487 971 185 935 681 902 503 732 673 612 700 632 806 462 817 400 491 400 840 971 0 599 194 585 437 386 409 613 627 451 826 630 502 376 574 809 1211 837 575 326 643 796 364 179 648 344 498 623 690 542 978 822 558 336 529 533 929 862 598 210 971 825 571 730 706 499 344 627
133 224 126 280 379 974 402 735 368 327 530 244 344 974 433 938 324 545 270 680 621 170 424 275 450 399 748 230 130 461 483 974 599 0 422 134 311 669 693 489 113 702 469 472 281 259 528 453 907 480 175 535 139 439 262 437 291 285 223 267 333 142 981 685 301 388 129 251 572 506 121 493 974 596 148 507 349 336 373 112
356 481 511 394 54 1030 659 992 625 584 787 418 310 1030 47 994 581 802 326 791 732 435 680 532 706 521 876 223 315 459 740 1030 194 422 0 473 260 444 468 672 492 510 726 689 369 199 633 710 1164 737 398 385 466 696 187 126 548 168 434 524 590 365 1037 881 558 287 352 356 829 763 487 269 1030 853 460 764 606 322 295 486
203 118 66 174 431 868 295 629 262 221 424 138 237 868 485 832 217 439 175 574 515 128 317 169 343 293 641 282 239 355 377 868 585 134 473 0 295 635 639 383 71 596 363 366 175 310 421 346 801 374 158 428 97 333 314 488 185 337 117 160 227 198 875 579 194 281 211 145 466 399 60 459 868 489 88 401 243 230 267 70
246 303 333 211 217 1053 481 814 447 406 609 193 85 1053 272 1017 403 624 216 759 700 325 502 354 528 478 826 113 204 522 562 1053 437 311 260 295 0 508 531 568 338 573 548 551 145 97 606 531 986 559 288 449 356 518 101 275 370 124 209 345 412 255 1060 764 380 313 242 246 651 584 309 332 1053 674 281 586 428 98 305 337
604 566 673 493 439 617 449 1028 661 620 659 533 557 618 435 581 563 674 574 490 431 683 458 569 743 398 464 471 562 444 612 618 386 669 444 635 508 0 158 370 678 115 598 387 553 447 274 581 857 630 646 377 704 568 435 429 584 415 549 560 627 613 624 497 495 386 600 604 701 634 649 260 618 583 621 487 642 570 394 677
627 551 676 517 462 603 434 1014 647 606 644 556 581 603 459 566 548 659 597 475 416 706 443 554 728 384 449 494 585 429 597 603 409 693 468 639 531 158 0 355 682 100 583 372 576 470 259 567 842 615 669 400 708 553 458 452 570 438 572 545 612 636 610 483 480 409 623 627 686 620 653 284 603 568 625 472 627 593 418 681
558 295 420 446 666 584 110 757 326 285 320 411 510 584 663 548 224 334 447 222 163 483 118 259 472 205 374 554 583 251 273 584 613 489 672 383 568 370 355 0 425 312 259 113 448 583 138 242 824 291 513 324 451 228 586 656 313 609 390 251 356 553 591 311 302 554 566 417 361 295 396 438 584 243 369 148 307 502 540 425
181 161 63 216 450 911 338 671 304 263 467 181 280 911 504 874 260 481 218 617 558 106 360 212 386 335 684 301 201 398 420 911 627 113 492 71 338 678 682 425 0 639 406 409 218 329 464 389 844 417 136 471 75 375 333 507 227 356 160 203 270 176 918 622 237 324 190 188 508 442 57 502 911 532 85 444 285 273 310 48
669 508 633 558 504 560 391 971 604 563 601 598 623 560 500 523 505 616 639 432 373 696 400 511 685 341 406 536 627 386 554 560 451 702 510 596 573 115 100 312 639 0 540 329 618 512 216 524 799 572 711 442 665 510 500 494 527 480 603 502 569 678 567 440 437 451 665 630 643 577 610 325 560 525 582 429 584 635 459 638
538 275 401 426 683 812 239 738 282 241 173 391 490 812 738 776 180 157 428 256 314 463 169 224 452 402 306 534 563 464 220 812 826 469 726 363 548 598 583 259 406 540 0 242 428 563 366 45 910 247 493 537 432 184 567 741 294 590 370 231 336 533 819 244 304 534 546 398 130 197 377 651 812 154 349 257 263 483 520 405
541 278 404 429 683 601 93 741 309 268 303 394 493 601 679 565 207 318 431 239 180 466 102 242 456 222 390 537 566 268 256 601 630 472 689 366 551 387 372 113 409 329 242 0 431 566 155 226 840 274 496 341 435 212 570 673 297 593 373 234 339 536 608 328 307 537 549 401 345 279 380 455 601 227 352 131 290 486 523 408
350 183 213 91 327 933 360 694 327 286 489 73 155 933 381 897 283 504 240 639 580 275 382 234 408 358 706 222 313 420 442 933 502 281 369 175 145 553 576 448 218 618 428 431 0 207 486 411 866 439 305 493 244 398 210 384 250 233 89 225 292 345 940 644 259 199 351 210 531 464 189 377 933 554 161 466 308 148 185 217
193 318 348 273 157 1033 496 829 462 421 624 255 147 1033 211 996 418 639 163 774 715 272 518 369 544 493 842 60 152 461 577 1033 376 259 199 310 97 447 470 583 329 512 563 566 207 0 622 547 1001 574 235 388 303 533 40 214 385 63 271 361 427 202 1040 779 395 252 189 194 666 600 324 271 1033 690 297 601 443 160 260 323
596 333 459 485 627 488 217 796 429 388 427 449 548 488 623 452 331 441 486 257 198 521 225 337 511 166 335 593 621 212 380 488 574 528 633 421 606 274 259 138 464 216 366 155 486 622 0 349 728 398 551 285 490 336 623 617 352 603 428 328 395 591 495 347 263 574 605 456 468 402 435 399 488 350 407 255 410 541 578 463
521 258 384 410 667 796 222 721 265 224 190 374 473 796 721 759 163 174 411 272 331 446 152 207 436 385 323 518 546 448 212 796 809 453 710 346 531 581 567 242 389 524 45 226 411 547 349 0 894 230 476 521 415 168 550 725 277 573 353 215 320 516 803 260 287 518 530 381 147 214 360 635 796 171 332 260 246 466 503 388
976 713 839 865 1122 347 843 212 809 768 971 829 928 347 1176 295 765 986 866 943 884 901 865 716 520 840 917 973 1001 898 924 347 1211 907 1164 801 986 857 842 824 844 799 910 840 866 1001 728 894 0 921 931 971 870 880 1005 1179 652 1028 808 708 606 971 259 951 742 972 984 836 1013 947 815 1085 347 1036 787 941 790 921 958 843
549 286 412 437 694 844 271 749 132 181 163 402 501 844 748 808 212 178 438 460 423 474 201 235 463 413 510 545 574 475 116 844 837 480 737 374 559 630 615 291 417 572 247 274 439 574 398 230 921 0 504 548 443 93 577 752 305 600 381 242 347 544 851 448 314 545 557 408 212 138 388 662 844 358 360 309 164 494 531 416
109 248 150 303 355 998 425 759 392 351 554 268 337 998 409 961 347 569 247 704 645 188 447 299 473 423 771 206 107 485 507 998 575 175 398 158 288 646 669 513 136 711 493 496 305 235 551 476 931 504 0 558 162 463 238 413 315 261 247 290 357 118 1005 709 324 411 105 275 596 529 144 470 998 619 172 531 373 350 397 136
545 340 466 434 380 731 403 803 436 395 599 456 498 731 376 695 392 613 493 444 385 528 412 344 518 173 578 412 503 111 551 731 326 535 385 428 449 377 400 324 471 442 537 341 493 388 285 521 971 548 558 0 497 507 376 370 359 356 435 335 401 554 738 533 270 327 541 463 640 574 442 201 732 537 414 441 417 511 335 470
177 187 89 242 424 937 364 697 330 289 493 207 306 937 478 900 286 507 244 643 584 132 386 238 412 361 710 275 175 424 446 937 643 139 466 97 356 704 708 451 75 665 432 435 244 303 490 415 870 443 162 497 0 402 307 481 253 330 186 229 296 186 944 648 263 350 173 214 534 468 83 528 937 558 111 470 311 299 336 74
508 245 370 396 653 782 209 707 200 210 122 361 460 782 707 746 149 136 397 412 361 433 139 194 422 372 463 504 533 434 75 782 796 439 696 333 518 568 553 228 375 510 184 212 398 533 336 168 880 93 463 507 402 0 536 711 263 559 340 201 306 503 789 400 273 504 516 367 170 97 346 621 782 311 319 247 232 452 490 375
197 322 351 277 144 1020 499 832 465 424 628 258 150 1020 199 984 421 642 167 778 719 276 521 373 547 496 845 63 155 449 580 1020 364 262 187 314 101 435 458 586 333 500 567 570 210 40 623 550 1005 577 238 376 307 536 0 202 388 66 274 364 431 205 1027 782 398 240 192 197 669 603 328 259 1020 693 300 604 446 163 248 326
371 496 526 409 131 1015 674 1007 640 599 802 433 325 1015 117 979 596 817 341 776 717 450 695 547 721 505 861 238 330 443 755 1015 179 437 126 488 275 429 452 656 507 494 741 673 384 214 617 725 1179 752 413 370 481 711 202 0 563 183 449 539 605 380 1022 865 573 302 367 371 844 777 502 253 1015 867 474 774 621 337 310 501
360 97 222 248 505 799 226 479 192 151 355 213 312 799 559 762 148 369 249 505 446 285 248 100 194 223 572 356 385 286 308 799 648 291 548 185 370 584 570 313 227 527 294 297 250 385 352 277 652 305 315 359 253 263 388 563 0 411 192 91 105 355 806 510 125 356 368 219 396 330 198 473 799 420 171 332 173 304 342 227
220 345 374 300 125 1001 522 855 488 447 651 281 173 1001 179 965 444 665 190 762 703 299 544 396 570 491 847 86 178 430 603 1001 344 285 168 337 124 415 438 609 356 480 590 593 233 63 603 573 1028 600 261 356 330 559 66 183 411 0 297 387 454 228 1008 805 421 220 215 220 692 626 351 239 1001 716 323 627 469 186 229 349
292 125 155 87 391 875 302 636 269 228 431 52 151 875 445 838 224 446 182 581 522 217 324 176 350 300 648 286 317 362 384 875 498 223 434 117 209 549 572 390 160 603 370 373 89 271 428 353 808 381 247 435 186 340 274 449 192 297 0 167 234 287 882 586 201 195 300 152 473 406 131 373 875 496 103 408 250 143 181 159
335 72 198 224 481 774 164 535 130 89 292 188 287 774 535 738 86 307 225 442 383 260 186 38 250 199 510 332 360 262 245 774 623 267 524 160 345 560 545 251 203 502 231 234 225 361 328 215 708 242 290 335 229 201 364 539 91 387 167 0 134 331 781 447 101 332 344 195 334 268 174 449 774 358 147 269 111 280 317 202
402 139 265 290 547 841 269 433 235 194 397 255 354 841 602 805 191 412 292 547 488 327 290 142 148 266 615 398 427 328 350 841 690 333 590 227 412 627 612 356 270 569 336 339 292 427 395 320 606 347 357 401 296 306 431 605 105 454 234 134 0 397 830 552 168 398 410 262 439 372 241 515 841 462 213 374 216 347 384 269
76 288 190 344 322 1038 466 799 432 391 594 308 304 1038 377 1002 388 609 214 744 685 155 487 339 513 463 812 173 74 525 547 1038 542 142 365 198 255 613 636 553 176 678 533 536 345 202 591 516 971 544 118 554 186 503 205 380 355 228 287 331 397 0 1045 749 365 418 72 244 636 569 184 437 1038 659 212 571 413 317 426 176
1050 787 912 938 1032 115 670 436 883 842 880 903 1002 115 1028 63 784 895 939 711 652 975 679 790 744 620 685 1046 1075 665 833 115 978 981 1037 875 1060 624 610 591 918 567 819 608 940 1040 495 803 259 851 1005 738 944 789 1027 1022 806 1008 882 781 830 1045 0 719 716 979 1058 909 922 856 889 852 115 804 861 708 864 995 987 917
754 491 617 642 875 712 351 954 498 457 310 607 706 712 871 675 396 294 644 118 177 679 360 440 668 414 100 750 779 460 357 712 822 685 881 579 764 497 483 311 622 440 244 328 644 779 347 260 951 448 709 533 648 400 782 865 510 805 586 447 552 749 719 0 511 750 762 614 268 334 593 647 712 157 565 260 479 699 736 621
369 106 232 258 515 709 236 569 202 161 365 222 321 709 569 673 158 379 259 422 363 294 258 110 284 134 555 366 395 196 317 709 558 301 558 194 380 495 480 302 237 437 304 307 259 395 263 287 742 314 324 270 263 273 398 573 125 421 201 101 168 365 716 511 0 366 378 229 406 340 208 384 709 430 181 341 183 314 351 236
409 289 319 140 244 972 467 800 433 392 595 179 261 972 298 935 389 610 346 733 674 381 488 340 514 462 813 276 367 400 548 972 336 388 287 281 313 386 409 554 324 451 534 537 199 252 574 518 972 545 411 327 350 504 240 302 356 220 195 332 398 418 979 750 366 0 405 316 637 571 295 210 972 660 268 572 414 254 125 323
63 301 203 357 309 1051 479 812 445 404 607 321 291 1051 363 1015 401 622 201 757 698 142 500 352 526 476 825 160 61 538 560 1051 529 129 352 211 242 600 623 566 190 665 546 549 351 189 605 530 984 557 105 541 173 516 192 367 368 215 300 344 410 72 1058 762 378 405 0 231 649 583 197 424 1051 672 225 584 426 304 413 189
235 153 182 208 314 902 330 663 296 255 459 173 272 902 368 866 252 473 205 609 550 245 352 204 378 327 676 165 193 390 411 902 533 251 356 145 246 604 627 417 188 630 398 401 210 194 456 381 836 408 275 463 214 367 197 371 219 220 152 195 262 244 909 614 229 316 231 0 500 434 159 428 902 524 131 435 277 265 302 187
641 378 503 529 786 915 342 840 319 343 74 494 593 915 840 879 282 58 530 280 338 566 272 327 555 504 330 637 666 567 121 915 929 572 829 466 651 701 686 361 508 643 130 345 531 666 468 147 1013 212 596 640 534 170 669 844 396 692 473 334 439 636 922 268 406 637 649 500 0 98 479 754 915 178 452 281 352 585 623 508
574 311 437 463 720 849 275 774 246 277 84 427 526 849 774 812 216 94 464 346 405 499 205 260 489 438 397 571 599 501 48 849 862 506 763 399 584 634 620 295 442 577 197 279 464 600 402 214 947 138 529 574 468 97 603 777 330 626 406 268 372 569 856 334 340 571 583 434 98 0 413 688 849 245 385 313 278 519 556 441
189 132 52 187 444 882 309 642 275 234 438 152 251 882 499 845 231 452 189 588 529 114 331 183 357 306 655 295 225 369 391 882 598 121 487 60 309 649 653 396 57 610 377 380 189 324 435 360 815 388 144 442 83 346 328 502 198 351 131 174 241 184 889 593 208 295 197 159 479 413 0 473 882 503 74 415 256 244 281 56
428 454 497 318 263 845 517 917 550 509 713 357 382 845 259 809 506 727 398 558 499 507 526 458 632 287 692 295 386 225 665 845 210 493 269 459 332 260 284 438 502 325 651 455 377 271 399 635 1085 662 470 201 528 621 259 253 473 239 373 449 515 437 852 647 384 210 424 428 754 688 473 0 846 651 445 555 531 394 219 501
1043 780 906 931 1025 31 663 523 876 835 873 896 995 31 1021 72 777 888 933 704 645 968 672 783 832 613 678 1039 1068 658 826 31 971 974 1030 868 1053 618 603 584 911 560 812 601 933 1033 488 796 347 844 998 732 937 782 1020 1015 799 1001 875 774 841 1038 115 712 709 972 1051 902 915 849 882 846 0 797 854 702 857 988 980 910
664 401 527 553 810 797 223 864 408 367 221 517 616 797 864 761 306 205 554 169 227 589 232 350 579 418 219 661 689 464 267 797 825 596 853 489 674 583 568 243 532 525 154 227 554 690 350 171 1036 358 619 537 558 311 693 867 420 716 496 358 462 659 804 157 430 660 672 524 178 245 503 651 797 0 475 132 389 609 646 531
217 104 80 160 417 854 282 615 248 207 410 124 223 854 471 818 204 425 161 560 501 142 303 155 329 279 628 268 253 341 363 854 571 148 460 88 281 621 625 369 85 582 349 352 161 297 407 332 787 360 172 414 111 319 300 474 171 323 103 147 213 212 861 565 181 268 225 131 452 385 74 445 854 475 0 387 229 216 253 84
576 313 439 464 721 701 128 776 344 303 324 429 528 701 775 665 242 308 466 272 280 501 137 277 490 323 322 572 601 368 291 701 730 507 764 401 586 487 472 148 444 429 257 131 466 601 255 260 941 309 531 441 470 247 604 774 332 627 408 269 374 571 708 260 341 572 584 435 281 313 415 555 702 132 387 0 325 521 558 443
418 155 280 306 563 857 245 617 116 120 303 271 370 857 617 820 117 317 307 491 439 343 217 104 332 281 541 414 443 344 256 857 706 349 606 243 428 642 627 307 285 584 263 290 308 443 410 246 790 164 373 417 311 232 446 621 173 469 250 111 216 413 864 479 183 414 426 277 352 278 256 531 857 389 229 325 0 362 400 285
308 238 268 146 280 988 415 748 381 340 544 128 147 988 334 951 337 558 278 694 635 330 437 289 463 412 761 175 266 475 497 988 499 336 322 230 98 570 593 502 273 635 483 486 148 160 541 466 921 494 350 511 299 452 163 337 304 186 143 280 347 317 995 699 314 254 304 265 585 519 244 394 988 609 216 521 362 0 240 272
417 275 305 125 253 980 452 786 419 378 581 165 247 980 307 944 375 596 332 731 672 367 474 326 500 450 798 284 376 409 534 980 344 373 295 267 305 394 418 540 310 459 520 523 185 260 578 503 958 531 397 335 336 490 248 310 342 229 181 317 384 426 987 736 351 125 413 302 623 556 281 219 980 646 253 558 400 240 0 309
181 160 62 216 443 910 337 671 304 263 466 180 279 910 498 874 260 481 217 616 557 106 359 211 385 335 683 294 195 397 419 910 627 112 486 70 337 677 681 425 48 638 405 408 217 323 463 388 843 416 136 470 74 375 326 501 227 349 159 202 269 176 917 621 236 323 189 187 508 441 56 501 910 531 84 443 285 272 309 0
EOF