NAME : tsp_problem
TYPE : TSP
DIMENSION : 30
EDGE_WEIGHT_TYPE : EXPLICIT
EDGE_WEIGHT_FORMAT : FULL_MATRIX
EDGE_WEIGHT_SECTION
0 1444 1228 350 1236 671 576 1266 999 345 605 717 862 1026 1163 351 626 631 956 165 802 689 646 374 343 387 870 1179 1153 680
1429 0 548 1629 522 1686 1671 212 531 1624 1676 1577 1418 1468 483 1630 1097 1785 1353 1381 1662 1208 966 1653 1515 1467 1622 499 473 1783
1246 547 0 1446 339 1503 1488 369 348 1441 1493 1394 1235 1285 100 1447 913 1601 1169 1198 1478 1025 783 1469 1332 1284 1439 195 169 1600
350 1644 1428 0 1436 516 422 1466 1199 54 451 563 707 871 1363 48 826 594 1065 280 647 889 846 52 151 194 716 1379 1353 613
1046 592 376 1246 0 1303 1288 414 147 1241 1293 1194 1035 1085 310 1246 713 1401 969 998 1278 825 582 1269 1131 1083 1238 326 301 1399
671 1701 1485 516 1493 0 128 1523 1257 518 133 190 334 499 1420 513 739 160 692 600 274 920 810 490 626 670 343 1436 1410 120
576 1686 1470 422 1478 128 0 1508 1241 424 62 175 319 483 1405 418 723 265 677 506 259 905 795 396 532 575 328 1421 1395 224
1251 212 370 1451 344 1509 1493 0 353 1446 1498 1399 1240 1291 305 1452 919 1607 1175 1203 1484 1030 788 1475 1337 1289 1444 321 295 1605
1017 531 315 1217 323 1274 1258 353 0 1211 1264 1164 1005 1056 250 1217 684 1372 940 968 1249 795 553 1240 1102 1054 1209 266 240 1370
345 1639 1423 54 1431 518 424 1461 1194 0 453 565 709 874 1358 50 821 589 1067 275 649 883 841 54 145 189 718 1374 1348 615
605 1691 1475 451 1483 133 62 1513 1246 453 0 180 324 488 1410 447 728 270 682 535 264 910 800 425 561 604 333 1426 1400 230
717 1592 1376 563 1384 190 175 1414 1147 565 180 0 225 389 1311 559 629 288 582 647 131 811 701 537 673 716 234 1327 1301 286
862 1433 1217 707 1225 334 319 1255 988 709 324 225 0 230 1152 704 470 432 424 791 310 652 542 681 817 861 270 1168 1142 431
1026 1483 1267 871 1275 499 483 1305 1039 874 488 389 230 0 1202 868 521 597 474 956 474 702 592 845 982 1025 434 1218 1192 595
1181 481 100 1381 273 1438 1423 303 282 1376 1428 1329 1170 1220 0 1381 848 1536 1104 1133 1413 960 717 1404 1267 1218 1374 130 104 1534
351 1645 1429 48 1437 513 418 1467 1200 50 447 559 704 868 1363 0 826 595 1061 281 644 889 847 49 151 195 712 1379 1354 609
626 1111 895 826 903 739 723 933 667 821 728 629 470 521 830 826 0 837 359 578 714 211 220 849 712 663 674 846 820 835
631 1799 1583 594 1591 160 265 1622 1355 589 270 288 432 597 1518 595 837 0 790 561 372 1018 908 600 587 630 441 1534 1508 72
956 1367 1151 1065 1159 692 677 1189 923 1067 682 582 424 474 1086 1061 359 790 0 908 667 540 476 1039 1041 993 627 1102 1076 788
165 1396 1180 280 1188 600 506 1218 951 275 535 647 791 956 1115 281 578 561 908 0 731 640 598 303 273 316 800 1131 1105 610
802 1676 1460 647 1468 274 259 1499 1232 649 264 131 310 474 1395 644 714 372 667 731 0 895 785 621 757 801 318 1411 1386 371
689 1223 1007 889 1015 920 905 1045 778 883 910 811 652 702 942 889 211 1018 540 640 895 0 331 912 774 726 855 958 932 1016
646 981 764 846 772 810 795 803 536 841 800 701 542 592 699 847 220 908 476 598 785 331 0 869 732 684 745 715 690 906
374 1667 1451 52 1459 490 396 1490 1223 54 425 537 681 845 1386 49 849 600 1039 303 621 912 869 0 174 217 690 1402 1376 586
343 1530 1314 151 1322 626 532 1352 1085 145 561 673 817 982 1248 151 712 587 1041 273 757 774 732 174 0 72 826 1265 1239 636
387 1482 1265 194 1273 670 575 1304 1037 189 604 716 861 1025 1200 195 663 630 993 316 801 726 684 217 72 0 870 1216 1191 679
870 1637 1421 716 1429 343 328 1459 1192 718 333 234 270 434 1355 712 674 441 627 800 318 855 745 690 826 870 0 1371 1346 439
1197 497 195 1397 289 1454 1439 319 298 1392 1444 1345 1186 1236 130 1397 864 1552 1120 1149 1429 976 733 1420 1283 1234 1390 0 64 1550
1171 472 169 1371 264 1428 1413 294 273 1366 1418 1319 1160 1210 104 1372 838 1527 1094 1123 1404 950 708 1395 1257 1209 1364 64 0 1525
680 1798 1581 613 1589 120 224 1620 1353 615 230 286 431 595 1516 609 835 72 788 610 371 1016 906 586 636 679 439 1532 1507 0
EOF