NAME : tsp_problem
TYPE : TSP
DIMENSION : 34
EDGE_WEIGHT_TYPE : EXPLICIT
EDGE_WEIGHT_FORMAT : FULL_MATRIX
EDGE_WEIGHT_SECTION
0 1595 1281 1822 1282 1547 1882 1665 1669 1927 725 1969 1825 98 153 1756 1740 1794 1747 657 1852 1283 1756 690 1967 570 48 1413 1407 1733 1573 1250 550 1527
1579 0 644 812 638 222 556 339 1042 601 1095 644 499 1537 1473 430 414 469 421 1238 526 645 430 1060 641 1186 1584 819 957 745 909 516 1132 1077
1265 644 0 807 163 597 931 714 654 976 782 954 874 1223 1159 805 789 844 796 924 901 32 805 746 969 872 1270 254 392 718 559 394 818 512
1806 812 807 0 891 645 471 517 433 385 1322 499 414 1764 1700 753 736 595 501 1465 497 808 753 1287 338 1413 1811 567 439 322 277 1060 1359 324
1266 638 163 891 0 591 925 709 738 970 783 1013 868 1225 1160 800 783 838 790 926 895 165 800 747 1011 873 1272 338 476 802 643 389 819 596
1532 222 597 645 591 0 389 172 875 434 1048 476 332 1490 1425 263 247 302 254 1191 359 598 263 1012 474 1138 1537 772 904 577 742 469 1084 922
1866 556 931 471 925 389 0 260 700 259 1382 302 89 1824 1760 496 480 338 244 1525 240 932 496 1347 300 1473 1871 835 729 403 568 803 1419 747
1649 339 714 517 709 172 260 0 746 305 1166 348 204 1608 1543 280 263 173 125 1309 231 716 280 1130 346 1256 1655 881 776 449 614 587 1202 794
1653 1042 654 433 738 875 700 746 0 617 1170 579 643 1611 1547 982 966 824 730 1313 726 656 982 1134 594 1260 1658 414 310 343 298 957 1206 476
1911 601 976 385 970 434 259 305 617 0 1427 288 202 1869 1805 541 525 383 289 1570 285 977 541 1392 214 1518 1916 752 646 319 484 848 1464 664
695 1112 799 1340 800 1065 1399 1183 1187 1444 0 1487 1343 653 589 1274 1257 1312 1264 354 1370 801 1274 96 1485 302 700 931 924 1250 1091 767 248 1045
1953 644 954 499 1013 476 302 348 579 288 1470 0 245 1911 1847 584 567 426 268 1613 209 956 584 1434 328 1560 1958 714 609 282 447 891 1506 627
1809 499 874 414 868 332 89 204 643 202 1326 245 0 1767 1703 439 423 282 187 1468 183 876 440 1290 243 1416 1814 778 673 346 511 746 1362 691
98 1553 1239 1780 1240 1506 1840 1623 1627 1885 683 1927 1783 0 92 1714 1698 1753 1705 615 1810 1241 1714 648 1925 528 93 1371 1365 1691 1532 1208 509 1485
153 1488 1175 1716 1176 1441 1776 1559 1563 1820 619 1863 1719 92 0 1650 1633 1688 1641 551 1746 1177 1650 584 1861 464 148 1307 1300 1626 1467 1143 444 1421
1740 430 805 753 800 263 496 280 982 541 1257 584 439 1698 1634 0 97 409 361 1399 466 807 37 1221 582 1347 1745 980 1011 685 849 677 1293 1029
1724 414 789 736 783 247 480 263 966 525 1240 567 423 1682 1618 97 0 392 345 1383 450 790 103 1205 565 1331 1729 964 995 668 833 661 1277 1013
1779 469 844 595 838 302 338 173 824 383 1295 426 282 1737 1672 409 392 0 203 1438 309 845 409 1259 424 1385 1784 959 853 527 692 716 1331 872
1731 421 796 501 790 254 244 125 730 289 1247 268 187 1689 1625 361 345 203 0 1390 214 797 361 1212 330 1338 1736 865 759 433 597 668 1284 777
625 1256 943 1483 944 1209 1543 1327 1331 1588 387 1631 1486 583 518 1417 1401 1456 1408 0 1513 944 1418 351 1629 231 630 1075 1068 1394 1235 911 134 1188
1836 526 901 497 895 359 240 231 726 285 1353 209 183 1794 1730 466 450 309 214 1495 0 903 466 1317 326 1443 1841 861 755 429 593 773 1389 773
1267 645 32 808 165 598 932 716 656 977 784 956 876 1225 1161 807 790 845 797 926 903 0 807 748 971 874 1272 256 393 719 560 396 820 514
1740 430 805 753 800 263 496 280 982 541 1257 584 440 1698 1634 37 103 409 361 1400 466 807 0 1221 582 1347 1745 980 1011 685 850 678 1293 1030
659 1077 763 1304 764 1030 1364 1147 1151 1409 96 1451 1307 618 553 1238 1222 1277 1229 319 1334 765 1238 0 1449 266 665 895 889 1215 1055 732 212 1009
1951 641 969 338 1011 474 300 346 594 214 1468 328 243 1909 1845 582 565 424 330 1611 326 971 582 1432 0 1558 1956 729 624 297 462 889 1504 626
723 1109 796 1336 797 1062 1396 1180 1184 1441 240 1484 1339 681 617 1270 1254 1309 1261 382 1366 797 1271 204 1482 0 728 928 921 1247 1088 764 276 1041
48 1600 1286 1827 1287 1553 1887 1670 1674 1932 730 1974 1830 93 148 1761 1745 1800 1752 662 1857 1288 1761 695 1972 575 0 1418 1412 1738 1579 1255 556 1532
1397 819 254 567 338 772 835 881 414 752 914 714 778 1355 1291 980 964 959 865 1056 861 256 980 878 729 1004 1402 0 152 477 318 556 950 272
1391 957 392 439 476 904 729 776 310 646 907 609 673 1349 1285 1011 995 853 759 1050 755 393 1011 872 624 998 1396 152 0 349 190 694 944 188
1717 745 718 322 802 577 403 449 343 319 1233 282 346 1675 1611 685 668 527 433 1376 429 719 685 1198 297 1324 1722 477 349 0 188 992 1269 367
1558 909 559 277 643 742 568 614 298 484 1074 447 511 1516 1451 849 833 692 597 1217 593 560 850 1038 462 1164 1563 318 190 188 0 861 1110 322
1234 516 394 1060 389 469 803 587 957 848 750 891 746 1192 1128 677 661 716 668 893 773 396 678 715 889 841 1239 556 694 992 861 0 787 815
518 1150 836 1377 837 1103 1437 1220 1224 1482 280 1524 1380 476 412 1311 1295 1349 1302 134 1407 838 1311 245 1522 125 523 968 962 1288 1128 805 0 1082
1511 1077 512 324 596 922 747 794 476 664 1028 627 691 1469 1405 1029 1013 872 777 1170 773 514 1030 992 626 1118 1516 272 188 367 322 815 1064 0
EOF