NAME : tsp_problem
TYPE : TSP
DIMENSION : 42
EDGE_WEIGHT_TYPE : EXPLICIT
EDGE_WEIGHT_FORMAT : FULL_MATRIX
EDGE_WEIGHT_SECTION
0 489 1622 66 947 1665 414 674 48 770 457 782 1463 1291 1537 835 311 1006 1704 474 557 781 567 652 855 478 163 893 1412 847 164 717 702 520 446 521 970 527 536 1612 1245 842
489 0 1289 522 674 1331 268 341 491 906 312 748 1129 958 1204 832 474 673 1371 140 411 894 234 318 920 862 620 648 1079 787 620 383 975 905 300 188 709 911 390 1279 912 836
1590 1256 0 1623 1396 157 1368 1249 1592 1628 1412 1469 505 614 580 1553 1575 711 197 1148 1511 1615 1144 1227 1642 1963 1720 1370 468 1509 1721 1249 1696 2006 1401 1218 1430 1765 1490 105 602 1557
66 522 1655 0 980 1698 447 707 52 803 490 815 1496 1324 1570 868 344 1039 1737 507 590 814 600 685 888 511 159 926 1445 880 159 750 735 554 479 554 1003 560 569 1645 1278 875
947 674 1428 980 0 1471 786 416 949 252 785 188 1269 1098 1343 177 993 812 1510 571 884 239 497 394 384 701 1077 87 1218 251 1078 315 328 674 819 517 54 484 863 1418 1052 182
1558 1224 386 1591 1364 0 1336 1218 1560 1596 1380 1437 474 582 548 1521 1543 679 165 1116 1479 1583 1113 1195 1610 1931 1688 1338 436 1477 1689 1217 1664 1974 1369 1186 1398 1733 1459 376 571 1525
414 268 1401 447 786 1443 0 452 415 1018 236 860 1241 1070 1316 944 399 785 1483 252 335 1006 346 430 1032 787 544 760 1191 899 545 495 1011 830 224 300 821 836 314 1391 1024 948
674 341 1282 707 416 1325 452 0 676 648 451 489 1122 951 1197 573 659 666 1364 237 550 635 163 45 662 1000 804 390 1072 529 805 125 716 1043 485 183 450 785 529 1272 905 577
48 491 1624 52 949 1667 415 676 0 772 459 784 1465 1293 1539 837 313 1008 1706 476 558 783 569 653 857 480 150 895 1414 849 151 718 704 522 448 523 972 529 538 1614 1247 844
770 906 1660 803 252 1703 1018 648 772 0 1017 262 1501 1329 1575 94 977 1044 1742 803 1116 75 729 626 358 479 901 319 1450 350 902 547 106 451 1051 749 230 307 1095 1650 1284 102
457 312 1445 490 785 1487 236 451 459 1017 0 858 1285 1114 1359 942 443 829 1527 296 126 1004 390 429 1031 831 588 759 1235 898 589 494 1055 873 137 298 819 880 121 1435 1068 946
782 748 1502 815 188 1544 860 489 784 262 858 0 1342 1171 1417 327 989 886 1584 644 957 273 571 467 307 557 913 135 1292 174 913 388 250 595 892 590 222 319 936 1492 1125 334
1448 1115 556 1481 1254 598 1227 1108 1450 1486 1270 1328 0 472 147 1411 1433 569 638 1006 1370 1473 1003 1085 1500 1821 1578 1228 326 1367 1579 1107 1554 1864 1259 1076 1288 1623 1349 546 461 1416
1086 752 686 1119 892 729 864 745 1087 1124 908 965 527 0 601 1049 1071 207 768 644 1007 1111 640 723 1138 1459 1216 866 476 1005 1217 745 1192 1502 897 714 926 1261 986 676 309 1053
1522 1189 630 1555 1328 673 1301 1182 1524 1560 1345 1402 147 546 0 1485 1508 644 712 1080 1444 1548 1077 1160 1574 1895 1653 1302 400 1441 1653 1181 1628 1938 1333 1150 1363 1697 1423 620 535 1490
835 832 1586 868 177 1628 944 573 837 94 942 327 1426 1255 1500 0 1042 969 1668 728 1041 82 655 551 423 544 966 244 1376 408 966 472 171 516 976 674 155 372 1020 1576 1209 47
311 474 1608 344 993 1650 399 659 313 977 443 989 1448 1277 1522 1042 0 991 1690 459 542 988 553 637 1062 685 442 967 1398 1054 443 702 909 727 431 507 1028 734 521 1598 1231 1049
1092 758 661 1125 898 703 870 751 1093 1130 914 971 501 330 576 1055 1077 0 743 650 1013 1117 646 729 1144 1465 1222 872 451 1011 1223 751 1198 1508 903 720 932 1267 992 651 284 1059
1444 1111 273 1477 1250 315 1223 1104 1446 1482 1267 1324 360 468 434 1408 1430 566 0 1002 1366 1470 999 1082 1496 1818 1575 1224 322 1363 1576 1104 1551 1860 1255 1072 1285 1620 1345 263 457 1412
474 140 1180 507 571 1223 252 237 476 803 296 644 1021 849 1095 728 459 564 1262 0 396 790 125 215 817 847 604 545 970 684 605 280 871 890 285 154 605 896 375 1170 804 732
557 411 1544 590 884 1586 335 550 558 1116 126 957 1384 1213 1459 1041 542 928 1626 396 0 1103 489 528 1130 930 687 858 1334 997 688 593 1154 973 236 398 918 979 77 1534 1167 1045
781 894 1648 814 239 1690 1006 635 783 75 1004 273 1488 1317 1562 82 988 1031 1730 790 1103 0 717 613 369 490 912 306 1438 361 913 534 117 462 1038 736 217 318 1082 1638 1271 89
567 234 1177 600 497 1219 346 163 569 729 390 571 1017 846 1092 655 553 561 1259 125 489 717 0 141 743 941 698 471 967 610 699 206 797 983 378 125 532 866 468 1167 800 659
652 318 1260 685 394 1302 430 45 653 626 429 467 1100 929 1174 551 637 643 1342 215 528 613 141 0 640 978 782 368 1050 507 783 103 694 1021 463 161 428 763 507 1250 883 555
855 920 1674 888 384 1717 1032 662 857 358 1031 307 1515 1344 1589 423 1062 1058 1756 817 1130 369 743 640 0 630 986 331 1464 166 986 561 346 672 1065 763 419 415 1109 1664 1298 430
478 862 1995 511 701 2038 787 1000 480 479 831 557 1836 1665 1910 544 685 1379 2077 847 930 490 941 978 630 0 608 668 1786 622 609 899 399 218 819 895 679 301 909 1986 1619 551
163 620 1753 159 1077 1795 544 804 150 901 588 913 1593 1422 1667 966 442 1137 1835 604 687 912 698 782 986 608 0 1024 1543 978 36 847 832 651 576 652 1101 658 666 1743 1376 973
893 648 1402 926 87 1445 760 390 895 319 759 135 1243 1071 1317 244 967 786 1484 545 858 306 471 368 331 668 1024 0 1192 198 1025 289 361 707 793 491 121 430 837 1392 1026 248
1186 852 575 1219 992 618 964 845 1187 1224 1008 1065 416 210 490 1149 1171 307 657 744 1107 1211 740 823 1238 1559 1316 966 0 1105 1317 845 1292 1602 997 814 1026 1361 1086 565 198 1153
847 787 1541 880 251 1584 899 529 849 350 898 174 1382 1210 1456 408 1054 925 1623 684 997 361 610 507 166 622 978 198 1331 0 979 428 339 664 931 630 286 408 976 1531 1164 413
164 620 1754 159 1078 1796 545 805 151 902 589 913 1594 1423 1668 966 443 1137 1835 605 688 913 699 783 986 609 36 1025 1544 979 0 848 833 652 577 653 1102 658 667 1744 1377 973
717 383 1282 750 315 1324 495 125 718 547 494 388 1122 951 1196 472 702 665 1363 280 593 534 206 103 561 899 847 289 1072 428 848 0 615 941 528 226 349 684 572 1272 905 476
702 975 1729 735 328 1771 1011 716 704 106 1055 250 1569 1398 1643 171 909 1112 1810 871 1154 117 797 694 346 399 832 361 1519 339 833 615 0 371 1043 817 306 295 1133 1719 1352 178
520 905 2038 554 674 2081 830 1043 522 451 873 595 1879 1707 1953 516 727 1422 2120 890 973 462 983 1021 672 218 651 707 1828 664 652 941 371 0 862 937 651 344 952 2028 1661 523
446 300 1433 479 819 1476 224 485 448 1051 137 892 1274 1102 1348 976 431 817 1515 285 236 1038 378 463 1065 819 576 793 1223 931 577 528 1043 862 0 332 853 868 215 1423 1056 980
521 188 1250 554 517 1293 300 183 523 749 298 590 1091 919 1165 674 507 634 1332 154 398 736 125 161 763 895 652 491 1040 630 653 226 817 937 332 0 551 886 377 1240 874 678
970 709 1463 1003 54 1505 821 450 972 230 819 222 1303 1132 1377 155 1028 846 1545 605 918 217 532 428 419 679 1101 121 1253 286 1102 349 306 651 853 551 0 507 897 1453 1086 159
527 911 1798 560 484 1840 836 785 529 307 880 319 1638 1467 1712 372 734 1181 1879 896 979 318 866 763 415 301 658 430 1588 408 658 684 295 344 868 886 507 0 958 1788 1421 379
536 390 1523 569 863 1566 314 529 538 1095 121 936 1364 1192 1438 1020 521 907 1605 375 77 1082 468 507 1109 909 666 837 1313 976 667 572 1133 952 215 377 897 958 0 1513 1146 1025
1551 1217 379 1584 1357 119 1329 1210 1553 1589 1373 1430 466 575 541 1514 1536 672 158 1109 1472 1576 1105 1188 1603 1924 1681 1331 429 1470 1682 1210 1657 1967 1362 1179 1391 1726 1452 0 563 1518
1263 930 618 1296 1070 661 1042 923 1265 1302 1086 1143 459 288 533 1227 1249 385 700 822 1185 1289 818 901 1316 1637 1394 1044 409 1183 1395 923 1370 1679 1074 892 1104 1439 1164 609 0 1231
842 836 1590 875 182 1632 948 577 844 102 946 334 1430 1259 1505 47 1049 974 1672 732 1045 89 659 555 430 551 973 248 1380 413 973 476 178 523 980 678 159 379 1025 1580 1213 0
EOF