NAME : tsp_problem
TYPE : TSP
DIMENSION : 40
EDGE_WEIGHT_TYPE : EXPLICIT
EDGE_WEIGHT_FORMAT : FULL_MATRIX
EDGE_WEIGHT_SECTION
0 1348 721 138 1025 883 786 1371 592 559 1256 1296 1344 672 903 593 395 600 1390 1219 1420 296 886 703 864 605 1024 755 665 737 1397 902 844 494 991 645 1327 1282 780 783
1348 0 1115 1415 734 1672 1720 646 978 1304 608 719 47 697 469 929 984 1455 652 414 296 1178 1641 1750 1263 1300 732 1194 1426 1007 605 1023 1743 1377 464 1294 624 691 1725 1136
721 1115 0 659 791 1280 1219 1205 190 297 1167 821 1111 439 670 206 415 896 915 986 1187 592 1413 1184 381 778 790 208 905 615 1164 668 1157 791 758 382 1093 1250 1213 258
138 1415 659 0 1092 950 853 1438 660 498 1323 1244 1411 740 970 661 462 667 1338 1286 1487 363 953 770 802 672 1091 694 732 805 1465 969 911 561 1058 583 1394 1349 847 743
1025 734 791 1092 0 1543 1482 824 655 981 786 910 730 374 288 606 661 1132 843 604 806 855 1620 1447 1018 976 117 871 1103 684 783 700 1420 1054 377 1067 712 869 1476 813
883 1716 1280 950 1543 0 127 1238 1111 1136 1123 1815 1712 1191 1421 1112 913 555 1909 1737 1788 708 175 213 1441 674 1542 1332 568 951 1318 1420 156 545 1509 1222 1845 1149 132 1302
786 1765 1219 853 1482 127 0 1286 1050 1076 1171 1754 1761 1130 1360 1051 852 497 1848 1676 1837 647 223 116 1380 616 1481 1271 510 890 1366 1359 209 487 1448 1161 1784 1197 58 1241
1329 646 1205 1396 824 1194 1242 0 1068 1395 130 1314 642 788 702 1020 1075 1113 1248 1009 718 1053 1163 1272 1431 958 823 1285 1084 787 143 1113 1314 1053 551 1480 1126 181 1247 1227
592 978 190 660 655 1111 1050 1068 0 346 1031 855 974 302 533 69 279 727 949 849 1050 423 1243 1015 416 642 654 269 768 478 1027 532 987 621 621 432 957 1113 1043 211
559 1304 297 498 981 1136 1076 1395 346 0 1357 795 1301 629 859 395 448 753 889 1175 1376 448 1269 1040 354 758 980 332 817 805 1354 707 1013 647 947 135 1215 1434 1069 381
1214 608 1167 1281 786 1079 1127 130 1031 1357 0 1277 605 750 664 982 1004 998 1210 971 680 938 1048 1157 1394 843 785 1247 969 672 210 1076 1199 938 513 1442 1088 98 1132 1189
1296 719 821 1244 910 1815 1754 1314 855 795 1277 0 715 742 645 872 933 1403 215 590 964 1127 1892 1719 665 1248 908 652 1375 956 1273 444 1691 1325 876 697 541 1359 1747 675
1344 47 1111 1411 730 1668 1717 642 974 1301 605 715 0 694 465 926 981 1451 649 410 292 1175 1637 1747 1259 1296 729 1191 1422 1003 601 1019 1739 1373 461 1291 620 687 1721 1133
672 697 439 740 374 1191 1130 788 302 629 750 742 694 0 252 254 309 779 807 568 769 503 1268 1095 665 624 373 519 750 332 747 348 1067 701 340 714 676 833 1123 461
903 469 670 970 288 1421 1360 702 533 859 664 645 465 252 0 484 539 1010 578 340 684 733 1498 1325 896 854 287 749 981 562 661 578 1298 932 255 945 447 747 1354 691
593 929 206 661 606 1112 1051 1020 69 395 982 872 926 254 484 0 230 728 965 800 1001 424 1244 1016 432 593 605 285 720 430 979 483 988 622 572 481 908 1065 1044 227
395 984 415 462 661 913 852 1075 279 448 1037 933 981 309 539 230 0 529 1027 855 1056 225 1046 817 641 521 660 495 594 485 1034 538 790 424 627 533 963 1072 846 437
600 1455 896 667 1132 555 497 1155 727 753 1040 1403 1451 779 1010 728 529 0 1497 1326 1527 324 690 461 1057 222 1131 948 116 521 1235 1009 431 225 1098 838 1434 1066 490 918
1390 652 915 1338 843 1909 1848 1248 949 889 1210 215 649 807 578 965 1027 1497 0 523 898 1221 1986 1813 759 1342 842 746 1469 1050 1207 538 1785 1419 809 791 475 1293 1841 769
1219 414 986 1286 604 1737 1676 1009 849 1175 971 590 410 568 340 800 855 1326 523 0 659 1049 1814 1641 1133 1170 603 1065 1297 878 968 894 1614 1248 571 1165 495 1054 1670 1007
1424 296 1190 1491 809 1744 1792 718 1054 1380 680 964 292 773 687 1005 1060 1531 898 659 0 1254 1713 1822 1417 1375 808 1270 1502 1083 677 1099 1819 1453 536 1466 869 763 1797 1212
296 1178 592 363 855 708 647 1095 423 448 980 1127 1175 503 733 424 225 324 1221 1049 1250 0 841 612 753 329 854 644 389 462 1175 732 585 219 821 534 1157 1006 641 614
883 1685 1413 950 1663 175 223 1207 1243 1269 1092 1934 1681 1310 1541 1244 1046 690 2028 1857 1757 841 0 292 1574 810 1661 1465 704 1052 1287 1540 295 681 1590 1354 1965 1118 228 1434
703 1770 1184 770 1447 213 116 1313 1015 1040 1199 1719 1766 1095 1325 1016 817 461 1813 1641 1842 612 295 0 1345 581 1446 1236 475 855 1393 1324 174 452 1413 1126 1749 1224 109 1206
864 1263 381 802 1018 1441 1380 1431 416 354 1394 665 1259 665 896 432 641 1057 759 1133 1413 753 1574 1345 0 1005 1017 212 1122 841 1390 577 1318 952 984 255 1085 1476 1374 235
605 1300 778 672 976 674 616 1000 642 758 885 1248 1296 624 854 593 521 222 1342 1170 1372 329 810 581 1005 0 975 858 193 366 1080 853 551 329 943 843 1278 910 610 800
1024 732 790 1091 117 1542 1481 823 654 980 785 908 729 373 287 605 660 1131 842 603 804 854 1619 1446 1017 975 0 870 1102 683 782 699 1418 1052 375 1065 711 868 1474 812
755 1194 208 694 871 1332 1271 1285 269 332 1247 652 1191 519 749 285 495 948 746 1065 1266 644 1465 1236 212 858 870 0 984 694 1244 564 1209 843 837 417 1072 1330 1265 89
665 1426 905 732 1103 568 510 1126 768 817 1011 1375 1422 750 981 720 594 116 1469 1297 1498 389 704 475 1122 193 1102 984 0 492 1206 980 445 290 1069 903 1405 1037 504 926
737 1007 615 805 684 951 890 829 478 805 714 956 1003 332 562 430 485 521 1050 878 1079 462 1010 855 841 366 683 694 492 0 909 561 828 461 650 890 986 740 884 636
1397 605 1164 1465 783 1274 1322 143 1027 1354 210 1273 601 747 661 979 1034 1193 1207 968 677 1133 1243 1352 1390 1038 782 1244 1164 867 0 1073 1394 1133 510 1439 1085 195 1327 1186
902 1023 668 969 700 1420 1359 1113 532 707 1076 444 1019 348 578 483 538 1009 538 894 1095 732 1497 1324 577 853 699 564 980 561 1073 0 1297 930 666 609 864 1159 1353 587
844 1743 1157 911 1420 156 209 1358 987 1013 1243 1691 1739 1067 1298 988 790 431 1785 1614 1815 585 295 174 1318 551 1418 1209 445 828 1438 1297 0 422 1386 1098 1722 1269 203 1178
494 1377 791 561 1054 545 487 1095 621 647 980 1325 1373 701 932 622 424 225 1419 1248 1449 219 681 452 952 329 1052 843 290 461 1175 930 422 0 1020 732 1355 1006 481 812
1347 380 1114 1414 733 1667 1715 641 977 1303 603 1049 377 696 611 928 983 1454 982 744 452 1177 1636 1746 1340 1299 731 1193 1425 1006 600 1022 1742 1376 0 1389 953 686 1720 1135
645 1294 382 583 1067 1222 1161 1480 432 135 1442 697 1291 714 945 481 533 838 791 1165 1462 534 1354 1126 255 843 1065 417 903 890 1439 609 1098 732 1033 0 1117 1520 1154 457
1327 624 1093 1394 712 1845 1784 1126 957 1215 1088 541 620 676 447 908 963 1434 475 495 869 1157 1922 1749 1085 1278 711 1072 1405 986 1085 864 1722 1355 679 1117 0 1171 1778 1095
1240 691 1239 1307 869 1104 1153 181 1102 1392 98 1359 687 833 747 1054 1030 1024 1293 1054 763 964 1073 1183 1465 868 868 1319 995 698 195 1159 1224 964 596 1478 1171 0 1158 1261
780 1769 1213 847 1476 132 58 1291 1043 1069 1176 1747 1766 1123 1354 1044 846 490 1841 1670 1841 641 228 109 1374 610 1474 1265 504 884 1371 1353 203 481 1442 1154 1778 1202 0 1234
783 1136 258 743 813 1302 1241 1227 211 381 1189 675 1133 461 691 227 437 918 769 1007 1208 614 1434 1206 235 800 812 89 926 636 1186 587 1178 812 779 457 1095 1272 1234 0
EOF