NAME : tsp_problem
TYPE : TSP
DIMENSION : 86
EDGE_WEIGHT_TYPE : EXPLICIT
EDGE_WEIGHT_FORMAT : FULL_MATRIX
EDGE_WEIGHT_SECTION
0 696 514 736 803 485 1138 111 366 707 1673 795 1052 739 829 1242 1237 1061 452 87 283 662 1280 696 598 1055 927 1214 688 919 347 1266 749 1815 1342 1117 1545 1301 837 1776 427 1381 528 824 527 372 913 1558 1196 873 753 1162 652 885 94 1059 956 995 260 494 1212 738 84 442 1054 673 1748 931 1561 655 1480 669 776 864 441 1006 1453 490 1426 1425 1301 1057 697 784 795 1716
696 0 1083 708 737 1060 478 686 940 1282 1080 135 459 711 586 837 914 400 1027 689 858 248 620 51 1001 698 1085 553 900 1076 921 605 721 1222 749 638 953 641 1411 1183 1001 788 1103 1398 440 946 1071 965 670 1030 1327 501 262 1042 763 683 890 334 835 1069 1378 1313 752 638 1551 172 1155 1088 968 1229 887 451 814 445 1016 1504 1597 1064 833 832 1467 955 1272 941 135 1123
514 1083 0 423 547 52 1205 434 492 326 1418 997 797 426 573 986 982 1176 206 507 284 1031 1292 1083 115 799 445 1138 205 436 249 1277 436 1559 1087 862 1290 1095 456 1521 163 1126 307 443 919 257 430 1303 941 390 372 1277 1021 402 580 804 700 1110 387 273 738 357 570 834 673 1065 1492 448 1306 274 1225 836 293 680 195 625 979 269 1170 1169 827 801 316 301 997 1461
736 708 423 0 172 444 830 726 884 718 1043 622 422 19 198 612 607 801 620 729 676 656 917 708 341 424 425 763 240 416 642 902 29 1184 712 487 915 720 848 1146 576 751 699 835 702 649 411 928 566 370 764 902 646 383 803 429 326 736 779 665 719 708 793 678 892 741 1117 428 931 666 850 461 154 305 609 844 959 661 795 794 807 426 708 281 622 1086
803 737 547 172 0 567 859 792 1008 842 934 651 451 175 227 485 480 830 743 796 800 684 945 737 464 453 548 792 364 540 765 931 185 1076 740 502 806 749 971 1037 700 780 823 958 731 773 534 819 452 494 887 931 674 506 869 458 199 764 902 789 842 831 859 745 1015 769 1009 552 822 790 741 490 278 333 732 968 941 784 687 686 931 300 832 405 651 977
485 1060 52 444 567 0 1225 405 463 297 1438 1017 817 446 593 1007 1002 1197 248 478 255 1025 1312 1060 136 819 465 1159 226 456 220 1298 457 1580 1107 882 1310 1115 426 1541 205 1146 278 414 890 228 451 1323 961 410 342 1298 1015 423 551 824 721 1131 357 244 759 328 541 805 644 1036 1512 468 1326 245 1245 856 314 700 237 596 999 239 1191 1189 847 822 287 321 1018 1481
1138 478 1205 830 859 1225 0 1128 1382 1500 912 392 443 833 658 763 840 131 1401 1131 1300 690 171 478 1123 624 1207 105 1022 1198 1363 157 843 1047 427 564 775 192 1629 1091 1358 466 1481 1616 804 1388 1192 891 595 1152 1545 151 704 1164 1205 609 901 192 1277 1447 1500 1489 1195 1081 1673 614 944 1210 894 1448 813 632 936 616 1390 1626 1522 1442 759 758 1522 881 1490 1063 392 912
111 686 434 726 792 405 1128 0 285 627 1663 785 1042 729 818 1232 1227 1050 372 104 203 651 1270 686 518 1044 847 1203 608 838 266 1255 739 1804 1332 1107 1535 1291 756 1766 346 1371 448 743 517 291 833 1548 1186 792 672 1151 641 805 178 1049 946 984 180 414 1132 658 168 432 973 663 1737 850 1551 574 1470 659 696 854 361 926 1373 409 1415 1414 1220 1046 617 703 785 1706
366 940 492 884 1008 463 1382 285 0 685 1878 1039 1258 887 1034 1447 1443 1304 430 359 261 906 1524 940 576 1260 905 1457 666 896 325 1510 897 2020 1548 1322 1751 1545 814 1981 405 1587 506 802 771 349 891 1764 1402 850 730 1405 896 863 432 1265 1161 1239 152 472 1190 716 422 686 1032 917 1953 909 1767 633 1685 913 754 1108 419 984 1431 467 1631 1630 1279 1262 675 761 1039 1921
707 1282 326 718 842 297 1500 627 685 0 1713 1292 1092 721 868 1281 1277 1471 523 700 477 1247 1587 1282 410 1094 740 1433 500 731 443 1572 731 1854 1382 1157 1585 1390 300 1816 479 1421 500 287 1113 450 725 1598 1236 685 216 1572 1237 697 774 1099 995 1405 580 466 797 323 764 1028 639 1258 1787 618 1601 118 1520 1131 588 975 512 591 1038 462 1465 1464 885 1096 81 596 1292 1756
1673 1080 1418 1043 934 1438 912 1663 1878 1713 0 994 656 1045 870 546 495 966 1614 1666 1671 1292 998 1080 1335 692 1419 845 1234 1410 1636 984 1056 210 506 633 202 802 1842 210 1570 467 1693 1829 1406 1644 1405 148 560 1364 1758 893 1306 1377 1739 678 809 1027 1773 1660 1378 1702 1729 1615 1886 1216 106 1422 312 1660 224 1166 1148 982 1603 1838 1346 1655 349 301 1346 788 1703 1275 994 75
795 135 997 622 651 1017 392 785 1039 1292 994 0 373 625 500 751 828 314 1126 788 957 347 534 135 915 612 998 467 814 990 1020 519 635 1136 663 552 866 555 1421 1097 1100 702 1202 1408 539 1045 984 879 583 944 1337 415 361 956 861 597 804 248 933 1168 1292 1281 851 737 1465 271 1069 1002 882 1240 801 375 728 359 1115 1418 1511 1163 747 746 1381 869 1282 855 49 1037
1052 459 797 422 451 817 443 1042 1258 1092 656 373 0 425 249 412 490 486 993 1045 1050 672 530 459 714 273 798 377 614 789 1015 515 435 798 325 214 528 333 1221 759 950 364 1073 1208 785 1023 784 541 245 743 1137 565 686 756 1119 259 551 420 1152 1039 1092 1081 1108 994 1265 596 730 802 544 1039 463 546 527 361 982 1218 1172 1034 409 407 1171 530 1082 654 374 699
739 711 426 19 175 446 833 729 887 721 1045 625 425 0 201 614 610 804 622 732 679 658 919 711 343 427 427 766 243 419 644 905 21 1187 714 489 918 723 850 1148 579 754 702 837 705 652 413 931 569 372 766 905 648 385 805 432 328 738 781 668 721 710 795 681 894 743 1120 431 934 668 852 464 156 307 611 847 962 663 798 797 809 429 711 284 625 1088
829 586 573 198 227 593 658 818 1034 868 870 500 249 201 0 487 482 659 769 822 826 534 744 586 491 252 574 591 390 566 791 730 211 1012 539 314 742 548 997 973 726 578 849 984 580 799 560 755 393 520 913 760 524 532 895 256 380 593 928 815 868 857 885 771 1041 619 944 578 758 816 677 339 304 183 758 994 1109 810 623 622 957 479 858 431 500 913
1242 837 986 612 485 1007 763 1232 1447 1281 546 751 412 614 487 0 102 863 1183 1235 1239 995 849 837 904 277 988 696 803 979 1205 835 624 688 644 279 543 653 1411 649 1139 683 1262 1398 1041 1212 974 457 188 933 1327 884 985 946 1308 262 360 798 1342 1228 1012 1271 1298 1184 1455 973 624 991 428 1229 478 800 717 644 1172 1407 981 1224 381 349 980 339 1271 844 751 592
1237 914 982 607 480 1002 840 1227 1443 1277 495 828 490 610 482 102 0 941 1178 1230 1235 990 927 914 899 313 983 773 799 974 1200 912 620 637 722 354 620 730 1406 598 1135 761 1258 1393 1037 1208 969 406 265 928 1322 961 980 941 1304 318 355 875 1337 1224 1008 1266 1294 1180 1450 1050 573 987 377 1224 482 796 712 639 1167 1403 976 1219 330 298 975 334 1267 840 828 541
1061 400 1176 801 830 1197 131 1050 1304 1471 966 314 486 804 659 863 941 0 1372 1053 1222 612 273 400 1094 724 1178 206 993 1169 1286 258 814 1101 528 664 829 294 1601 1145 1329 567 1452 1588 726 1310 1164 992 696 1123 1517 154 626 1135 1127 709 983 114 1199 1418 1471 1460 1117 1003 1645 536 997 1181 995 1419 914 554 907 538 1361 1597 1623 1414 859 858 1560 981 1461 1034 314 966
452 1027 206 620 743 248 1401 372 430 523 1614 1126 993 622 769 1183 1178 1372 0 445 222 992 1488 1027 311 995 641 1334 402 632 151 1473 633 1756 1283 1058 1486 1291 652 1717 72 1322 369 639 857 212 627 1499 1137 586 568 1473 982 598 518 1000 897 1307 324 335 934 554 508 772 869 1003 1688 644 1502 470 1421 1000 489 876 58 822 1175 330 1366 1365 1023 997 513 497 1126 1657
87 689 507 729 796 478 1131 104 359 700 1666 788 1045 732 822 1235 1230 1053 445 0 276 655 1273 689 591 1048 920 1207 681 912 340 1259 742 1808 1335 1110 1538 1294 830 1769 420 1374 521 817 520 365 906 1551 1189 865 746 1155 645 878 153 1052 949 988 253 487 1205 731 143 435 1047 666 1740 924 1554 648 1473 662 769 857 434 999 1446 483 1419 1418 1294 1050 690 777 788 1709
283 858 284 676 800 255 1300 203 261 477 1671 957 1050 679 826 1239 1235 1222 222 276 0 823 1442 858 368 1052 698 1375 458 689 117 1427 689 1812 1340 1115 1543 1348 607 1774 197 1379 298 594 688 142 683 1556 1194 643 523 1323 813 655 349 1057 953 1156 156 264 983 508 339 603 824 834 1745 701 1559 425 1478 831 546 933 211 776 1223 260 1423 1422 1071 1054 467 554 957 1714
662 248 1031 656 684 1025 690 651 906 1247 1292 347 672 658 534 995 990 612 992 655 823 0 832 248 948 760 1032 765 848 1023 887 817 669 1434 961 822 1165 853 1377 1395 967 1001 1068 1364 265 912 1018 1178 882 977 1293 713 38 990 728 764 838 546 800 1034 1326 1278 718 604 1499 109 1367 1035 1181 1195 1099 226 761 421 981 1451 1567 1030 1045 1044 1414 939 1237 888 347 1335
1280 620 1292 917 945 1312 171 1270 1524 1587 998 534 530 919 744 849 927 273 1488 1273 1442 832 0 620 1209 710 1293 191 1109 1284 1505 47 930 1134 514 650 861 279 1716 1177 1445 553 1567 1703 946 1518 1279 978 682 1238 1632 293 846 1251 1346 695 988 334 1419 1534 1587 1576 1336 1222 1760 756 1030 1296 981 1534 900 774 1022 757 1477 1712 1609 1529 845 844 1608 967 1577 1149 534 999
696 51 1083 708 737 1060 478 686 940 1282 1080 135 459 711 586 837 914 400 1027 689 858 248 620 0 1001 698 1085 553 900 1076 921 605 721 1222 749 638 953 641 1411 1183 1001 788 1103 1398 440 946 1070 965 669 1030 1327 501 262 1042 763 683 890 334 835 1069 1378 1313 753 639 1551 172 1155 1088 968 1229 887 451 814 445 1016 1504 1597 1064 833 832 1467 955 1272 941 135 1123
598 1001 115 341 464 136 1123 518 576 410 1335 915 714 343 491 904 899 1094 311 591 368 948 1209 1001 0 717 362 1056 123 353 333 1195 354 1477 1004 779 1207 1013 539 1438 268 1043 391 527 994 341 348 1220 858 307 455 1195 938 320 664 721 618 1028 470 357 656 441 654 918 757 1033 1409 365 1223 358 1142 753 211 597 300 709 897 352 1088 1087 744 719 400 218 915 1378
1055 698 799 424 453 819 624 1044 1260 1094 692 612 273 427 252 277 313 724 995 1048 1052 760 710 698 717 0 800 557 616 792 1017 696 437 834 505 95 565 514 1223 796 952 544 1075 1210 806 1025 786 578 174 746 1139 745 750 758 1121 78 330 658 1154 1041 983 1083 1111 997 1267 834 767 804 581 1042 500 565 530 409 984 1220 951 1036 445 444 950 309 1084 657 612 735
927 1085 445 425 548 465 1207 847 905 740 1419 998 798 427 574 988 983 1178 641 920 698 1032 1293 1085 362 800 0 1140 261 139 663 1279 438 1561 1088 863 1291 1096 869 1522 597 1127 720 856 1078 671 139 1304 942 170 785 1279 1022 111 994 805 702 1112 800 687 740 729 984 1055 913 1117 1493 449 1307 687 1226 837 295 681 630 865 981 682 1172 1171 828 803 730 302 999 1462
1214 553 1138 763 792 1159 105 1203 1457 1433 845 467 377 766 591 696 773 206 1334 1207 1375 765 191 553 1056 557 1140 0 955 1131 1356 177 776 980 360 497 708 126 1563 1024 1291 399 1414 1550 879 1364 1126 824 529 1085 1479 226 779 1097 1280 542 834 268 1352 1380 1433 1423 1270 1156 1607 689 877 1143 827 1381 746 707 869 691 1323 1559 1456 1376 692 691 1455 814 1423 996 467 845
688 900 205 240 364 226 1022 608 666 500 1234 814 614 243 390 803 799 993 402 681 458 848 1109 900 123 616 261 955 0 253 424 1094 253 1376 904 678 1107 912 630 1338 358 943 481 617 894 432 247 1120 758 207 546 1094 838 219 755 621 517 927 561 447 555 531 745 870 728 933 1309 265 1123 448 1042 653 110 497 391 681 796 443 987 986 644 618 490 118 814 1278
919 1076 436 416 540 456 1198 838 896 731 1410 990 789 419 566 979 974 1169 632 912 689 1023 1284 1076 353 792 139 1131 253 0 654 1270 429 1552 1079 854 1283 1088 860 1513 589 1118 712 847 1070 662 130 1295 933 162 776 1270 1013 102 985 797 693 1103 791 678 731 720 975 1046 904 1108 1485 440 1298 678 1217 829 286 672 621 856 972 673 1163 1162 819 794 721 293 990 1453
347 921 249 642 765 220 1363 266 325 443 1636 1020 1015 644 791 1205 1200 1286 151 340 117 887 1505 921 333 1017 663 1356 424 654 0 1491 654 1777 1305 1080 1508 1313 572 1739 125 1344 263 559 752 107 649 1521 1159 608 488 1387 877 620 413 1022 919 1220 219 230 948 474 403 667 789 898 1710 666 1524 390 1443 894 511 898 140 742 1189 225 1388 1387 1036 1019 433 519 1020 1679
1266 605 1277 902 931 1298 157 1255 1510 1572 984 519 515 905 730 835 912 258 1473 1259 1427 817 47 605 1195 696 1279 177 1094 1270 1491 0 915 1119 499 636 847 264 1701 1163 1430 538 1553 1689 931 1503 1265 963 667 1224 1617 278 832 1236 1332 681 973 320 1404 1519 1572 1561 1322 1208 1745 741 1016 1282 966 1520 885 759 1008 743 1462 1698 1595 1515 831 830 1594 953 1562 1135 519 984
749 721 436 29 185 457 843 739 897 731 1056 635 435 21 211 624 620 814 633 742 689 669 930 721 354 437 438 776 253 429 654 915 0 1197 725 500 928 733 861 1159 589 764 712 848 715 662 424 941 579 383 777 915 659 396 816 442 338 749 792 678 731 721 805 691 905 754 1130 441 944 679 863 474 167 318 622 857 972 674 808 807 820 439 721 294 635 1099
1815 1222 1559 1184 1076 1580 1047 1804 2020 1854 210 1136 798 1187 1012 688 637 1101 1756 1808 1812 1434 1134 1222 1477 834 1561 980 1376 1552 1777 1119 1197 0 642 774 338 937 1984 80 1712 602 1835 1971 1548 1785 1547 290 702 1506 1900 1028 1448 1519 1881 819 951 1163 1915 1801 1257 1694 1871 1757 1878 1358 132 1521 454 1802 366 1308 1290 1123 1745 1830 1225 1797 491 442 1224 930 1844 1417 1136 166
1342 749 1087 712 740 1107 427 1332 1548 1382 506 663 325 714 539 644 722 528 1283 1335 1340 961 514 749 1004 505 1088 360 904 1079 1305 499 725 642 0 446 369 317 1511 685 1240 60 1363 1498 1075 1313 1074 593 477 1033 1427 548 976 1046 1408 491 783 590 1442 1329 1382 1371 1398 1284 1555 886 538 1091 776 1329 514 836 817 651 1272 1507 1404 1324 640 639 1403 762 1372 944 663 507
1117 638 862 487 502 882 564 1107 1322 1157 633 552 214 489 314 279 354 664 1058 1110 1115 822 650 638 779 95 863 497 678 854 1080 636 500 774 446 0 505 454 1286 736 1014 485 1137 1273 868 1088 849 518 115 808 1202 685 812 821 1183 80 377 599 1217 1104 1030 1146 1173 1059 1330 774 707 866 521 1104 440 627 592 471 1047 1282 998 1099 385 384 997 356 1147 719 552 676
1545 953 1290 915 806 1310 775 1535 1751 1585 202 866 528 918 742 543 620 829 1486 1538 1543 1165 861 953 1207 565 1291 708 1107 1283 1508 847 928 338 369 505 0 665 1714 350 1443 329 1566 1701 1279 1516 1277 256 432 1236 1630 755 1179 1249 1612 550 681 890 1645 1532 1334 1574 1602 1488 1758 1089 234 1295 449 1532 177 1039 1020 854 1475 1711 1303 1527 486 438 1302 661 1575 1148 867 203
1301 641 1095 720 749 1115 192 1291 1545 1390 802 555 333 723 548 653 730 294 1291 1294 1348 853 279 641 1013 514 1096 126 912 1088 1313 264 733 937 317 454 665 0 1519 981 1248 356 1371 1506 967 1321 1082 781 485 1042 1435 314 867 1054 1368 499 791 355 1440 1337 1390 1379 1358 1243 1563 777 834 1100 784 1338 703 795 826 659 1280 1516 1412 1332 649 648 1412 771 1380 953 555 802
837 1411 456 848 971 426 1629 756 814 300 1842 1421 1221 850 997 1411 1406 1601 652 830 607 1377 1716 1411 539 1223 869 1563 630 860 572 1701 861 1984 1511 1286 1714 1519 0 1945 608 1550 629 215 1242 580 855 1727 1365 814 151 1702 1367 827 903 1228 1125 1535 709 596 926 452 893 1157 768 1388 1916 747 1730 229 1649 1260 718 1104 641 720 1167 591 1595 1593 1015 1226 290 725 1422 1885
1776 1183 1521 1146 1037 1541 1091 1766 1981 1816 210 1097 759 1148 973 649 598 1145 1717 1769 1774 1395 1177 1183 1438 796 1522 1024 1338 1513 1739 1163 1159 80 685 736 350 981 1945 0 1674 645 1797 1932 1509 1747 1508 251 663 1467 1861 1071 1410 1480 1842 781 912 1144 1876 1763 1300 1737 1832 1718 1921 1320 175 1525 415 1763 327 1270 1251 1085 1706 1873 1269 1758 452 404 1268 891 1806 1378 1097 209
427 1001 163 576 700 205 1358 346 405 479 1570 1100 950 579 726 1139 1135 1329 72 420 197 967 1445 1001 268 952 597 1291 358 589 125 1430 589 1712 1240 1014 1443 1248 608 1674 0 1279 343 596 832 187 583 1456 1094 542 524 1430 957 555 493 957 853 1263 299 310 891 510 483 747 826 978 1645 601 1459 427 1378 974 446 833 61 778 1132 305 1323 1322 980 954 469 454 1100 1614
1381 788 1126 751 780 1146 466 1371 1587 1421 467 702 364 754 578 683 761 567 1322 1374 1379 1001 553 788 1043 544 1127 399 943 1118 1344 538 764 602 60 485 329 356 1550 645 1279 0 1402 1537 1114 1352 1113 553 516 1072 1466 587 1015 1085 1448 530 822 629 1481 1368 1421 1410 1437 1323 1594 925 498 1131 747 1368 475 875 856 690 1311 1547 1443 1363 679 678 1442 801 1411 983 703 467
528 1103 307 699 823 278 1481 448 506 500 1693 1202 1073 702 849 1262 1258 1452 369 521 298 1068 1567 1103 391 1075 720 1414 481 712 263 1553 712 1835 1363 1137 1566 1371 629 1797 343 1402 0 617 933 271 706 1579 1217 665 545 1553 1058 678 594 1080 976 1386 400 56 1005 531 584 848 847 1079 1768 724 1582 448 1501 1076 569 956 358 799 1246 60 1446 1445 1094 1077 490 577 1202 1736
824 1398 443 835 958 414 1616 743 802 287 1829 1408 1208 837 984 1398 1393 1588 639 817 594 1364 1703 1398 527 1210 856 1550 617 847 559 1689 848 1971 1498 1273 1701 1506 215 1932 596 1537 617 0 1229 567 842 1714 1352 801 138 1689 1354 814 890 1215 1112 1522 696 583 914 439 880 1144 755 1375 1903 734 1717 216 1636 1247 705 1091 628 707 1154 578 1582 1581 1002 1213 277 712 1409 1872
527 440 919 702 731 890 804 517 771 1113 1406 539 785 705 580 1041 1037 726 857 520 688 265 946 440 994 806 1078 879 894 1070 752 931 715 1548 1075 868 1279 967 1242 1509 832 1114 933 1229 0 777 1064 1291 947 1023 1158 827 255 1036 593 811 884 660 665 900 1372 1144 583 469 1459 350 1481 1082 1294 1060 1213 272 807 467 846 1412 1613 895 1159 1158 1460 985 1103 935 539 1449
372 946 257 649 773 228 1388 291 349 450 1644 1045 1023 652 799 1212 1208 1310 212 365 142 912 1518 946 341 1025 671 1364 432 662 107 1503 662 1785 1313 1088 1516 1321 580 1747 187 1352 271 567 777 0 657 1529 1167 616 496 1411 902 628 438 1030 926 1245 244 238 956 481 428 692 797 923 1718 674 1532 398 1451 919 519 906 201 749 1196 233 1396 1395 1044 1027 441 527 1045 1687
913 1071 430 411 534 451 1192 833 891 725 1405 984 784 413 560 974 969 1164 627 906 683 1018 1279 1070 348 786 139 1126 247 130 649 1265 424 1547 1074 849 1277 1082 855 1508 583 1113 706 842 1064 657 0 1290 928 156 771 1265 1008 97 980 791 688 1098 786 672 726 715 970 1041 899 1103 1479 435 1293 673 1212 823 281 667 616 851 966 668 1158 1156 814 789 715 288 985 1448
1558 965 1303 928 819 1323 891 1548 1764 1598 148 879 541 931 755 457 406 992 1499 1551 1556 1178 978 965 1220 578 1304 824 1120 1295 1521 963 941 290 593 518 256 781 1727 251 1456 553 1579 1714 1291 1529 1290 0 445 1249 1643 979 1192 1262 1625 563 694 926 1658 1545 1347 1587 1614 1500 1771 1102 225 1308 222 1545 106 1052 1033 867 1488 1724 1315 1540 260 211 1315 673 1588 1160 880 194
1196 670 941 566 452 961 595 1186 1402 1236 560 583 245 569 393 188 265 696 1137 1189 1194 882 682 669 858 174 942 529 758 933 1159 667 579 702 477 115 432 485 1365 663 1094 516 1217 1352 947 1167 928 445 0 887 1281 717 891 900 1263 159 327 630 1296 1183 979 1225 1252 1138 1409 806 634 945 448 1183 367 707 671 550 1126 1362 948 1178 313 311 947 306 1226 798 584 603
873 1030 390 370 494 410 1152 792 850 685 1364 944 743 372 520 933 928 1123 586 865 643 977 1238 1030 307 746 170 1085 207 162 608 1224 383 1506 1033 808 1236 1042 814 1467 542 1072 665 801 1023 616 156 1249 887 0 730 1224 967 74 939 750 647 1057 745 632 685 674 929 1000 858 1062 1438 394 1252 632 1171 782 240 626 575 810 926 627 1117 1116 773 748 675 247 944 1407
753 1327 372 764 887 342 1545 672 730 216 1758 1337 1137 766 913 1327 1322 1517 568 746 523 1293 1632 1327 455 1139 785 1479 546 776 488 1617 777 1900 1427 1202 1630 1435 151 1861 524 1466 545 138 1158 496 771 1643 1281 730 0 1618 1283 743 819 1144 1041 1451 625 512 842 368 809 1073 684 1304 1832 663 1646 145 1565 1176 634 1020 557 636 1083 507 1511 1509 931 1142 206 641 1338 1801
1162 501 1277 902 931 1298 151 1151 1405 1572 893 415 565 905 760 884 961 154 1473 1155 1323 713 293 501 1195 745 1279 226 1094 1270 1387 278 915 1028 548 685 755 314 1702 1071 1430 587 1553 1689 827 1411 1265 979 717 1224 1618 0 727 1236 1228 730 1023 215 1300 1519 1572 1562 1218 1104 1746 637 924 1282 1016 1520 901 655 1008 639 1462 1698 1644 1515 880 879 1643 1002 1562 1135 415 893
652 262 1021 646 674 1015 704 641 896 1237 1306 361 686 648 524 985 980 626 982 645 813 38 846 262 938 750 1022 779 838 1013 877 832 659 1448 976 812 1179 867 1367 1410 957 1015 1058 1354 255 902 1008 1192 891 967 1283 727 0 980 718 754 828 561 790 1024 1316 1268 708 594 1489 123 1381 1025 1195 1185 1114 216 751 411 971 1441 1557 1020 1059 1058 1404 929 1227 878 361 1350
885 1042 402 383 506 423 1164 805 863 697 1377 956 756 385 532 946 941 1135 598 878 655 990 1251 1042 320 758 111 1097 219 102 620 1236 396 1519 1046 821 1249 1054 827 1480 555 1085 678 814 1036 628 97 1262 900 74 743 1236 980 0 951 763 660 1070 758 644 697 687 941 1013 871 1075 1451 407 1265 645 1184 795 252 639 587 823 938 640 1129 1128 786 760 687 260 956 1420
94 763 580 803 869 551 1205 178 432 774 1739 861 1119 805 895 1308 1304 1127 518 153 349 728 1346 763 664 1121 994 1280 755 985 413 1332 816 1881 1408 1183 1612 1368 903 1842 493 1448 594 890 593 438 980 1625 1263 939 819 1228 718 951 0 1126 1022 1061 326 561 1279 805 97 508 1120 739 1814 997 1628 721 1546 735 842 930 507 1073 1520 556 1492 1491 1367 1123 764 850 862 1782
1059 683 804 429 458 824 609 1049 1265 1099 678 597 259 432 256 262 318 709 1000 1052 1057 764 695 683 721 78 805 542 621 797 1022 681 442 819 491 80 550 499 1228 781 957 530 1080 1215 811 1030 791 563 159 750 1144 730 754 763 1126 0 335 644 1159 1046 988 1088 1116 1002 1272 819 752 809 566 1046 485 570 534 413 989 1225 956 1041 430 429 955 314 1089 662 597 721
956 890 700 326 199 721 901 946 1161 995 809 804 551 328 380 360 355 983 897 949 953 838 988 890 618 330 702 834 517 693 919 973 338 951 783 377 681 791 1125 912 853 822 976 1112 884 926 688 694 327 647 1041 1023 828 660 1022 335 0 917 1056 942 848 985 1012 898 1169 923 883 705 697 943 616 643 431 487 886 1121 816 938 562 561 815 174 985 558 804 852
995 334 1110 736 764 1131 192 984 1239 1405 1027 248 420 738 593 798 875 114 1307 988 1156 546 334 334 1028 658 1112 268 927 1103 1220 320 749 1163 590 599 890 355 1535 1144 1263 629 1386 1522 660 1245 1098 926 630 1057 1451 215 561 1070 1061 644 917 0 1133 1353 1406 1395 1051 937 1579 470 1059 1115 929 1353 848 488 841 472 1296 1531 1557 1348 794 792 1494 915 1396 968 248 1028
260 835 387 779 902 357 1277 180 152 580 1773 933 1152 781 928 1342 1337 1199 324 253 156 800 1419 835 470 1154 800 1352 561 791 219 1404 792 1915 1442 1217 1645 1440 709 1876 299 1481 400 696 665 244 786 1658 1296 745 625 1300 790 758 326 1159 1056 1133 0 367 1085 611 316 580 926 811 1847 803 1661 527 1580 808 649 1002 313 879 1326 362 1526 1524 1173 1157 570 656 934 1816
494 1069 273 665 789 244 1447 414 472 466 1660 1168 1039 668 815 1228 1224 1418 335 487 264 1034 1534 1069 357 1041 687 1380 447 678 230 1519 678 1801 1329 1104 1532 1337 596 1763 310 1368 56 583 900 238 672 1545 1183 632 512 1519 1024 644 561 1046 942 1353 367 0 972 497 551 815 813 1046 1734 690 1548 414 1467 1042 535 922 324 765 1212 38 1412 1411 1060 1043 457 543 1168 1703
1212 1378 738 719 842 759 1500 1132 1190 797 1337 1292 1092 721 868 970 966 1471 934 1205 983 1326 1587 1378 656 941 740 1433 555 731 948 1572 731 1213 1382 987 1292 1390 926 1256 891 1421 1005 914 1372 956 726 1305 937 685 842 1572 1316 697 1279 946 806 1406 1085 972 0 521 1269 1348 705 1411 1266 349 1308 745 1227 1131 588 975 923 658 325 967 1172 1171 173 664 787 465 1292 1300
738 1313 357 711 835 328 1493 658 716 323 1706 1285 1085 714 861 1274 1270 1464 554 731 508 1278 1580 1313 441 1087 733 1426 531 724 474 1565 724 1649 1375 1150 1578 1383 452 1693 510 1414 531 439 1144 481 718 1591 1229 678 368 1565 1268 690 805 1092 988 1398 611 497 521 0 795 1059 363 1289 1702 342 1594 271 1513 1124 581 968 543 315 762 493 1458 1457 610 1089 313 458 1285 1736
84 752 570 793 859 541 1195 168 422 764 1729 851 1108 795 885 1298 1294 1117 508 143 339 718 1336 753 654 1111 984 1270 745 975 403 1322 805 1871 1398 1173 1602 1358 893 1832 483 1437 584 880 583 428 970 1614 1252 929 809 1218 708 941 97 1116 1012 1051 316 551 1269 795 0 498 1110 729 1804 987 1618 711 1536 725 832 920 497 1062 1509 546 1482 1481 1357 1113 754 840 851 1772
442 638 834 678 745 805 1081 432 686 1028 1615 737 994 681 771 1184 1180 1003 772 435 603 604 1222 639 918 997 1055 1156 870 1046 667 1208 691 1757 1284 1059 1488 1243 1157 1718 747 1323 848 1144 469 692 1041 1500 1138 1000 1073 1104 594 1013 508 1002 898 937 580 815 1348 1059 498 0 1374 615 1690 1058 1503 975 1422 611 784 806 761 1327 1589 810 1368 1367 1437 999 1018 911 737 1658
1054 1555 673 895 1019 644 1677 973 1032 639 1890 1469 1269 898 1045 1458 1454 1648 869 1047 824 1503 1764 1555 757 1271 917 1610 732 908 789 1749 908 1833 1559 1334 1762 1567 768 1877 826 1598 847 755 1459 797 902 1775 1413 862 684 1749 1493 874 1120 1276 1172 1582 926 813 705 363 1110 1374 0 1588 1886 526 1778 586 1697 1308 765 1152 858 263 946 808 1642 1641 794 1273 629 642 1469 1920
673 172 1065 741 769 1036 614 663 917 1258 1216 271 596 743 619 973 1050 536 1003 666 834 109 756 172 1033 834 1117 689 933 1108 898 741 754 1358 886 774 1089 777 1388 1320 978 925 1079 1375 350 923 1103 1102 806 1062 1304 637 123 1075 739 819 923 470 811 1046 1411 1289 729 615 1584 0 1291 1120 1105 1206 1024 311 846 506 992 1536 1652 1041 969 968 1499 1024 1249 973 271 1259
1748 1155 1492 1117 1009 1512 944 1737 1953 1787 106 1069 730 1120 944 624 573 997 1688 1740 1745 1367 1030 1155 1409 767 1493 877 1309 1485 1710 1016 1130 132 538 707 234 834 1916 175 1645 498 1768 1903 1481 1718 1479 225 634 1438 1832 924 1381 1451 1814 752 883 1059 1847 1734 1310 1747 1804 1690 1931 1291 0 1497 389 1735 302 1241 1223 1056 1677 1883 1278 1729 427 378 1278 863 1777 1350 1069 62
931 1088 448 428 552 468 1210 850 909 618 1422 1002 802 431 578 991 987 1181 644 924 701 1035 1296 1088 365 804 449 1143 265 440 666 1282 441 1477 1091 866 1295 1100 747 1520 601 1131 724 734 1082 674 435 1308 945 394 663 1282 1025 407 997 809 705 1115 803 690 349 342 987 1058 526 1120 1497 0 1311 565 1229 841 298 684 633 478 590 685 1175 1174 437 806 608 175 1002 1465
1561 968 1306 931 822 1326 894 1551 1767 1601 312 882 544 934 758 428 377 995 1502 1554 1559 1181 981 968 1223 581 1307 827 1123 1298 1524 966 944 454 776 521 449 784 1730 415 1459 747 1582 1717 1294 1532 1293 222 448 1252 1646 1016 1195 1265 1628 566 697 929 1661 1548 1350 1590 1618 1503 1774 1105 389 1311 0 1548 299 1055 1036 870 1491 1727 1318 1543 231 182 1318 677 1591 1163 883 358
655 1229 274 666 790 245 1448 574 633 118 1660 1240 1039 668 816 1229 1224 1419 470 648 425 1195 1534 1229 358 1042 687 1381 448 678 390 1520 679 1802 1329 1104 1532 1338 229 1763 427 1368 448 216 1060 398 673 1545 1183 632 145 1520 1185 645 721 1046 943 1353 527 414 745 271 711 975 586 1206 1735 565 1548 0 1467 1078 536 922 459 538 985 409 1413 1412 833 1044 108 543 1240 1703
1480 887 1225 850 741 1245 813 1470 1685 1520 224 801 463 852 677 478 482 914 1421 1473 1478 1099 900 887 1142 500 1226 746 1042 1217 1443 885 863 366 514 440 177 703 1649 327 1378 475 1501 1636 1213 1451 1212 106 367 1171 1565 901 1114 1184 1546 485 616 848 1580 1467 1269 1509 1536 1422 1693 1024 302 1229 299 1467 0 974 955 789 1410 1645 1237 1462 336 288 1236 595 1510 1082 801 270
669 451 836 461 490 856 632 659 913 1131 1166 375 546 464 339 800 796 554 1000 662 831 226 774 451 753 565 837 707 653 829 894 759 474 1308 836 627 1039 795 1260 1270 974 875 1076 1247 272 919 823 1052 707 782 1176 655 216 795 735 570 643 488 808 1042 1131 1120 725 611 1304 311 1241 841 1055 1078 974 0 567 226 989 1257 1372 1037 919 918 1219 744 1121 694 375 1210
776 814 293 154 278 314 936 696 754 588 1148 728 527 156 304 717 712 907 489 769 546 761 1022 814 211 530 295 869 110 286 511 1008 167 1290 817 592 1020 826 718 1251 446 856 569 705 807 519 281 1033 671 240 634 1008 751 252 842 534 431 841 649 535 588 578 832 784 762 846 1223 298 1036 536 955 567 0 410 478 714 829 531 901 900 677 532 578 151 728 1191
864 445 680 305 333 700 616 854 1108 975 982 359 361 307 183 644 639 538 876 857 933 421 757 445 597 409 681 691 497 672 898 743 318 1123 651 471 854 659 1104 1085 833 690 956 1091 467 906 667 867 550 626 1020 639 411 639 930 413 487 472 1002 922 975 964 920 806 1148 506 1056 684 870 922 789 226 410 0 865 1100 1216 917 734 733 1063 588 965 537 359 1025
441 1016 195 609 732 237 1390 361 419 512 1603 1115 982 611 758 1172 1167 1361 58 434 211 981 1477 1016 300 984 630 1323 391 621 140 1462 622 1745 1272 1047 1475 1280 641 1706 61 1311 358 628 846 201 616 1488 1126 575 557 1462 971 587 507 989 886 1296 313 324 923 543 497 761 858 992 1677 633 1491 459 1410 989 478 865 0 811 1164 319 1355 1354 1012 986 502 486 1115 1646
1006 1508 625 848 972 596 1630 926 984 591 1842 1422 1221 850 998 1411 1406 1601 822 999 776 1455 1716 1508 709 1224 869 1563 685 860 742 1702 861 1786 1511 1286 1714 1520 720 1829 778 1550 799 707 1412 749 855 1727 1365 814 636 1702 1445 827 1073 1228 1125 1535 879 765 658 315 1062 1327 263 1540 1839 478 1730 538 1649 1260 718 1104 811 0 899 761 1595 1594 746 1226 581 595 1422 1873
1453 1554 979 959 899 999 1480 1373 1431 1038 1305 1468 1130 962 1078 939 934 1581 1175 1446 1223 1538 1567 1554 897 909 981 1413 796 972 1189 1552 972 1181 1362 956 1260 1370 1167 1224 1132 1401 1246 1154 1585 1196 966 1273 906 926 1083 1602 1528 938 1520 914 774 1515 1326 1212 325 762 1509 1589 946 1623 1234 590 1276 985 1195 1344 829 1187 1164 899 0 1208 1141 1140 293 632 1028 706 1468 1268
490 1064 269 661 784 239 1442 409 467 462 1655 1163 1034 663 810 1224 1219 1414 330 483 260 1030 1529 1064 352 1036 682 1376 443 673 225 1515 674 1797 1324 1099 1527 1332 591 1758 305 1363 60 578 895 233 668 1540 1178 627 507 1515 1020 640 556 1041 938 1348 362 38 967 493 546 810 808 1041 1729 685 1543 409 1462 1037 531 917 319 761 1208 0 1408 1406 1055 1039 452 538 1163 1698
1426 833 1170 795 687 1191 759 1415 1631 1465 349 747 409 798 623 381 330 859 1366 1419 1423 1045 845 833 1088 445 1172 692 987 1163 1388 831 808 491 640 385 486 649 1595 452 1323 679 1446 1582 1159 1396 1158 260 313 1117 1511 880 1059 1129 1492 430 562 794 1526 1412 1214 1455 1482 1368 1639 969 427 1175 231 1413 336 919 901 734 1355 1591 1183 1408 0 94 1182 541 1455 1028 747 395
1425 832 1169 794 686 1189 758 1414 1630 1464 301 746 407 797 622 349 298 858 1365 1418 1422 1044 844 832 1087 444 1171 691 986 1162 1387 830 807 442 639 384 438 648 1593 404 1322 678 1445 1581 1158 1395 1156 211 311 1116 1509 879 1058 1128 1491 429 561 792 1524 1411 1213 1453 1481 1367 1637 968 378 1174 182 1412 288 918 900 733 1354 1590 1182 1406 94 0 1181 540 1454 1027 746 347
1301 1467 827 807 898 847 1479 1220 1279 885 1304 1381 1129 809 957 938 933 1560 1023 1294 1071 1414 1566 1467 744 908 828 1412 644 819 1036 1551 820 1180 1361 955 1259 1369 1015 1223 980 1400 1094 1002 1460 1044 814 1272 905 773 931 1601 1404 786 1367 913 773 1494 1173 1060 173 610 1357 1437 794 1499 1233 437 1275 833 1194 1219 677 1063 1012 746 293 1055 1140 1139 0 631 876 554 1381 1267
1057 955 801 426 300 822 881 1046 1262 1096 788 869 530 429 479 339 334 981 997 1050 1054 939 967 955 719 309 803 814 618 794 1019 953 439 899 762 356 661 771 1226 891 954 801 1077 1213 985 1027 789 673 306 748 1142 1002 929 760 1123 314 174 915 1157 1043 706 1086 1113 999 1270 1024 863 806 677 1044 595 744 532 588 986 1222 674 1039 541 540 673 0 1086 659 869 831
697 1272 316 708 832 287 1490 617 675 81 1703 1282 1082 711 858 1271 1267 1461 513 690 467 1237 1577 1272 400 1084 730 1423 490 721 433 1562 721 1844 1372 1147 1575 1380 290 1806 469 1411 490 277 1103 441 715 1588 1226 675 206 1562 1227 687 764 1089 985 1396 570 457 787 313 754 1018 629 1249 1777 608 1591 108 1510 1121 578 965 502 581 1028 452 1455 1454 876 1086 0 586 1282 1746
784 941 301 281 405 321 1063 703 761 596 1275 855 654 284 431 844 840 1034 497 777 554 888 1149 941 218 657 302 996 118 293 519 1135 294 1417 944 719 1148 953 725 1378 454 983 577 712 935 527 288 1160 798 247 641 1135 878 260 850 662 558 968 656 543 465 455 840 911 639 973 1350 175 1163 543 1082 694 151 537 486 591 706 538 1028 1027 554 659 586 0 855 1318
795 135 997 622 651 1018 392 785 1039 1292 994 49 374 625 500 751 828 314 1126 788 957 347 534 135 915 612 999 467 814 990 1020 519 635 1136 663 552 867 555 1422 1097 1100 703 1202 1409 539 1045 985 880 584 944 1338 415 361 956 862 597 804 248 934 1168 1292 1282 851 737 1466 271 1069 1002 883 1240 801 375 728 359 1115 1418 1511 1163 747 746 1381 869 1282 855 0 1037
1716 1123 1461 1086 977 1481 912 1706 1921 1756 75 1037 699 1088 913 592 541 966 1657 1709 1714 1335 999 1123 1378 735 1462 845 1278 1453 1679 984 1099 166 507 676 203 802 1885 209 1614 467 1736 1872 1449 1687 1448 194 603 1407 1801 893 1350 1420 1782 721 852 1028 1816 1703 1344 1745 1772 1658 1929 1259 62 1465 358 1703 270 1210 1191 1025 1646 1881 1312 1698 395 347 1311 831 1746 1318 1037 0
EOF