NAME : tsp_problem
TYPE : TSP
DIMENSION : 44
EDGE_WEIGHT_TYPE : EXPLICIT
EDGE_WEIGHT_FORMAT : FULL_MATRIX
EDGE_WEIGHT_SECTION
0 346 1230 1141 546 1051 740 1333 740 405 1030 499 638 872 540 606 1017 1146 113 241 363 173 264 1334 731 1194 1082 694 462 330 1223 1000 1190 900 707 1384 419 624 642 526 1267 477 1053 1054
346 0 1067 978 382 888 696 1170 577 242 867 547 475 708 311 443 854 983 438 566 667 498 260 1170 567 1030 919 530 233 167 1060 837 1027 737 544 1221 108 460 478 511 1104 473 889 890
1230 1067 0 440 888 486 1393 205 1083 857 635 1243 981 394 1313 677 247 113 1323 1450 1363 1383 1232 292 541 322 224 1036 1235 935 112 538 65 358 963 169 1140 966 712 1208 71 1445 576 497
1141 978 440 0 799 397 1304 582 993 767 545 1154 891 305 1223 588 266 395 1233 1361 1274 1293 1143 583 452 303 331 947 1146 846 472 449 400 269 873 594 1051 877 623 1119 496 1355 486 408
546 382 888 799 0 709 708 991 227 172 537 559 125 530 628 264 675 804 638 766 679 698 548 992 389 852 741 181 551 251 881 658 848 558 194 1042 456 111 300 524 925 760 711 712
1051 888 486 397 709 0 1214 589 903 678 301 1064 693 215 1134 498 273 402 1143 1271 1184 1204 1053 590 362 450 338 856 1056 756 479 77 446 179 629 640 961 706 533 1029 523 1265 115 36
740 696 1393 1304 708 1214 0 1496 903 568 1193 280 801 1034 942 769 1180 1309 656 519 400 584 861 1496 893 1356 1245 856 864 564 1386 1163 1353 1063 870 1547 769 786 804 245 1430 1074 1215 1216
1333 1170 205 582 991 589 1496 0 1186 960 737 1346 1084 497 1416 780 350 302 1425 1553 1466 1486 1335 307 644 512 326 1139 1338 1038 127 641 255 461 1065 283 1243 1069 815 1311 154 1547 678 600
740 577 1083 993 227 903 903 1186 0 367 647 753 236 724 823 459 870 999 832 960 873 892 742 1186 583 1046 935 76 745 445 1076 849 1042 753 305 1237 650 221 494 718 1120 954 901 902
405 242 857 767 172 678 568 960 367 0 657 418 265 498 488 233 644 773 497 625 538 557 407 960 357 820 709 320 410 110 850 627 816 527 334 1011 315 250 268 383 894 619 679 680
1030 867 635 545 537 301 1193 737 647 657 0 1043 437 276 1113 477 421 550 1123 1250 1163 1183 1032 738 341 598 487 600 1035 735 627 247 594 305 373 789 940 450 512 1008 672 1245 299 300
499 547 1243 1154 559 1064 280 1346 753 418 1043 0 651 885 792 619 1030 1159 415 278 159 343 712 1347 744 1207 1096 707 715 415 1236 1013 1203 913 720 1397 620 637 655 66 1280 924 1066 1067
638 475 981 891 125 693 801 1084 236 265 437 651 0 622 721 357 768 897 730 858 771 791 640 1084 481 944 833 189 643 343 974 639 941 651 95 1135 548 39 392 616 1018 852 691 692
872 708 394 305 530 215 1034 497 724 498 276 885 622 0 954 318 181 310 964 1092 1005 1024 874 498 183 358 246 678 877 577 387 246 354 87 604 548 782 608 354 850 431 1086 298 226
540 311 1313 1223 628 1134 942 1416 823 488 1113 792 721 954 0 689 1100 1229 632 760 882 693 363 1416 813 1276 1165 776 105 413 1306 1083 1273 983 790 1467 384 706 724 757 1350 201 1135 1136
606 443 677 588 264 498 769 780 459 233 477 619 357 318 689 0 464 593 699 826 739 759 608 780 177 640 529 412 611 311 670 447 637 347 426 831 516 342 65 584 714 821 499 500
1017 854 247 266 675 273 1180 350 870 644 421 1030 768 181 1100 464 0 163 1109 1237 1150 1170 1019 350 328 319 112 823 1022 722 239 325 206 145 750 401 927 753 499 995 284 1232 362 284
1146 983 113 395 804 402 1309 302 999 773 550 1159 897 310 1229 593 163 0 1238 1366 1279 1299 1148 303 457 280 139 952 1151 851 192 454 72 274 878 267 1056 882 628 1124 169 1360 491 413
113 438 1323 1233 638 1143 656 1425 832 497 1123 415 730 964 632 699 1109 1238 0 158 279 90 357 1426 823 1286 1175 786 555 422 1315 1092 1282 993 800 1477 511 716 734 442 1360 569 1145 1146
241 566 1450 1361 766 1271 519 1553 960 625 1250 278 858 1092 760 826 1237 1366 158 0 142 85 484 1554 951 1414 1303 914 683 550 1443 1220 1410 1120 927 1604 639 844 862 305 1487 697 1273 1274
363 667 1363 1274 679 1184 400 1466 873 538 1163 159 771 1005 882 739 1150 1279 279 142 0 207 606 1467 864 1327 1216 827 804 535 1356 1133 1323 1033 840 1517 740 757 775 186 1400 819 1186 1187
173 498 1383 1293 698 1204 584 1486 892 557 1183 343 791 1024 693 759 1170 1299 90 85 207 0 417 1486 883 1346 1235 846 615 482 1376 1153 1342 1053 860 1537 571 776 794 370 1420 629 1205 1206
264 260 1232 1143 548 1053 861 1335 742 407 1032 712 640 874 363 608 1019 1148 357 484 606 417 0 1336 733 1196 1084 695 285 332 1225 1002 1192 902 709 1386 334 625 643 676 1269 242 1055 1056
1334 1170 292 583 992 590 1496 307 1186 960 738 1347 1084 498 1416 780 350 303 1426 1554 1467 1486 1336 0 645 553 327 1140 1339 1039 197 642 342 462 1066 370 1244 1070 816 1312 241 1548 679 601
731 567 541 452 389 362 893 644 583 357 341 744 481 183 813 177 328 457 823 951 864 883 733 645 0 505 393 537 736 436 534 311 501 211 550 695 641 467 213 709 578 945 364 365
1194 1030 322 303 852 450 1356 512 1046 820 598 1207 944 358 1276 640 319 280 1286 1414 1327 1346 1196 553 505 0 384 1000 1199 899 418 502 282 322 926 476 1104 930 676 1172 378 1408 539 461
1082 919 224 331 741 338 1245 326 935 709 487 1096 833 246 1165 529 112 139 1175 1303 1216 1235 1084 327 393 384 0 888 1087 787 216 390 183 210 815 378 993 818 564 1060 261 1297 428 350
694 530 1036 947 181 856 856 1139 76 320 600 707 189 678 776 412 823 952 786 914 827 846 695 1140 537 1000 888 0 698 398 1029 802 996 706 258 1190 604 174 447 671 1073 908 855 856
462 233 1235 1146 551 1056 864 1338 745 410 1035 715 643 877 105 611 1022 1151 555 683 804 615 285 1339 736 1199 1087 698 0 335 1228 1005 1195 905 712 1389 306 628 646 680 1272 272 1058 1059
330 167 935 846 251 756 564 1038 445 110 735 415 343 577 413 311 722 851 422 550 535 482 332 1039 436 899 787 398 335 0 928 705 895 605 412 1089 240 328 346 380 972 544 758 759
1223 1060 112 472 881 479 1386 127 1076 850 627 1236 974 387 1306 670 239 192 1315 1443 1356 1376 1225 197 534 418 216 1029 1228 928 0 531 162 351 955 190 1133 959 705 1201 61 1437 568 490
1000 837 538 449 658 77 1163 641 849 627 247 1013 639 246 1083 447 325 454 1092 1220 1133 1153 1002 642 311 502 390 802 1005 705 531 0 498 231 575 692 910 652 482 978 575 1214 76 77
1190 1027 65 400 848 446 1353 255 1042 816 594 1203 941 354 1273 637 206 72 1282 1410 1323 1342 1192 342 501 282 183 996 1195 895 162 498 0 318 922 219 1100 926 672 1168 121 1404 535 457
900 737 358 269 558 179 1063 461 753 527 305 913 651 87 983 347 145 274 993 1120 1033 1053 902 462 211 322 210 706 905 605 351 231 318 0 633 512 810 636 382 878 395 1115 268 190
707 544 963 873 194 629 870 1065 305 334 373 720 95 604 790 426 750 878 800 927 840 860 709 1066 550 926 815 258 712 412 955 575 922 633 0 1117 617 108 461 685 1000 922 628 629
1384 1221 169 594 1042 640 1547 283 1237 1011 789 1397 1135 548 1467 831 401 267 1477 1604 1517 1537 1386 370 695 476 378 1190 1389 1089 190 692 219 512 1117 0 1294 1120 866 1362 149 1599 730 651
419 108 1140 1051 456 961 769 1243 650 315 940 620 548 782 384 516 927 1056 511 639 740 571 334 1244 641 1104 993 604 306 240 1133 910 1100 810 617 1294 0 534 552 585 1177 546 963 964
624 460 966 877 111 706 786 1069 221 250 450 637 39 608 706 342 753 882 716 844 757 776 625 1070 467 930 818 174 628 328 959 652 926 636 108 1120 534 0 377 601 1003 838 705 706
642 478 712 623 300 533 804 815 494 268 512 655 392 354 724 65 499 628 734 862 775 794 643 816 213 676 564 447 646 346 705 482 672 382 461 866 552 377 0 619 749 856 535 536
526 511 1208 1119 524 1029 245 1311 718 383 1008 66 616 850 757 584 995 1124 442 305 186 370 676 1312 709 1172 1060 671 680 380 1201 978 1168 878 685 1362 585 601 619 0 1245 889 1031 1032
1267 1104 71 496 925 523 1430 154 1120 894 672 1280 1018 431 1350 714 284 169 1360 1487 1400 1420 1269 241 578 378 261 1073 1272 972 61 575 121 395 1000 149 1177 1003 749 1245 0 1482 613 534
477 473 1445 1355 760 1265 1074 1547 954 619 1245 924 852 1086 201 821 1232 1360 569 697 819 629 242 1548 945 1408 1297 908 272 544 1437 1214 1404 1115 922 1599 546 838 856 889 1482 0 1267 1268
1053 889 576 486 711 115 1215 678 901 679 299 1066 691 298 1135 499 362 491 1145 1273 1186 1205 1055 679 364 539 428 855 1058 758 568 76 535 268 628 730 963 705 535 1031 613 1267 0 114
1054 890 497 408 712 36 1216 600 902 680 300 1067 692 226 1136 500 284 413 1146 1274 1187 1206 1056 601 365 461 350 856 1059 759 490 77 457 190 629 651 964 706 536 1032 534 1268 114 0
EOF