NAME : tsp_problem
TYPE : TSP
DIMENSION : 52
EDGE_WEIGHT_TYPE : EXPLICIT
EDGE_WEIGHT_FORMAT : FULL_MATRIX
EDGE_WEIGHT_SECTION
0 633 938 291 610 1019 987 1014 143 369 346 344 773 606 675 322 306 229 995 943 321 618 186 432 358 690 191 918 628 786 468 387 548 477 936 240 684 531 682 383 616 947 608 548 957 669 356 465 803 246 304 159
633 0 1540 893 538 1621 1589 1616 662 297 948 946 1375 193 1276 924 908 830 1597 1545 841 1220 706 952 959 1292 793 1519 1229 1388 186 469 1150 1079 1537 842 77 292 1284 903 544 1548 1210 1068 1559 62 957 1067 1405 848 824 505
938 1540 0 1089 1517 344 112 339 1049 1275 1043 738 566 1513 565 760 1104 825 331 268 1227 508 1092 1338 1155 483 988 242 345 185 1374 1294 689 489 49 1038 1590 1437 572 1290 1523 456 401 1454 282 1575 1153 1001 168 1043 1210 1065
291 893 1089 0 870 1170 1138 1165 402 629 242 495 924 866 826 473 44 380 1146 1094 581 769 446 692 95 841 131 1069 779 937 728 647 699 628 1086 136 944 791 830 643 876 1098 759 808 1108 929 251 361 954 142 564 419
610 538 1517 870 0 1598 1566 1593 639 274 925 923 1352 511 1253 901 885 807 1574 1522 783 1196 682 648 936 1269 770 1496 1206 1365 372 446 1127 1056 1514 819 588 435 1261 618 118 1525 1187 764 1536 573 934 1044 1382 825 766 482
1019 1621 344 1170 1598 0 393 61 1130 1356 1124 819 609 1594 646 841 1185 906 145 263 1308 589 1173 1419 1236 450 1069 117 426 266 1455 1375 770 570 341 1119 1672 1519 653 1371 1604 409 482 1535 84 1656 1234 1082 249 1124 1291 1146
987 1589 112 1138 1566 393 0 388 1099 1325 1092 788 616 1562 614 810 1153 874 381 317 1277 557 1142 1388 1204 532 1038 292 394 234 1424 1343 739 539 110 1087 1640 1487 621 1339 1572 505 450 1504 331 1625 1203 1050 217 1093 1260 1115
1014 1616 339 1165 1593 61 388 0 1125 1351 1119 814 604 1589 640 836 1180 901 111 258 1303 584 1168 1414 1231 445 1064 112 421 261 1450 1370 765 565 336 1114 1666 1513 648 1365 1599 404 477 1530 79 1651 1229 1076 244 1119 1286 1141
143 662 1049 402 639 1130 1099 1125 0 398 457 455 884 635 786 433 417 340 1106 1054 215 729 119 326 469 801 302 1029 739 897 497 417 659 588 1047 351 713 560 793 277 579 1058 719 442 1068 698 467 576 914 357 198 188
369 297 1275 629 274 1356 1325 1351 398 0 684 681 1111 270 1012 660 644 566 1332 1281 577 955 441 687 695 1027 528 1255 965 1124 132 205 886 815 1273 578 348 195 1019 639 280 1284 945 803 1294 333 693 803 1141 583 559 241
346 948 1043 242 925 1124 1092 1119 457 684 0 550 878 921 635 528 257 434 1100 1048 636 723 500 747 308 795 186 1023 733 891 783 702 735 582 1040 191 999 846 630 698 931 1051 713 863 1062 984 140 162 908 197 618 474
344 946 738 495 923 819 788 814 455 681 550 0 573 919 475 46 510 231 795 743 633 418 498 744 561 490 394 718 428 586 780 700 348 277 736 444 996 843 482 696 929 747 408 860 757 981 559 669 603 449 616 471
773 1375 566 924 1352 609 616 604 884 1111 878 573 0 1348 400 596 939 660 585 571 1063 343 927 1173 990 179 824 508 256 414 1210 1129 525 325 564 873 1426 1273 407 1125 1358 435 187 1290 547 1411 988 836 431 879 1045 901
606 193 1513 866 511 1594 1562 1589 635 270 921 919 1348 0 1249 897 881 803 1570 1518 814 1193 679 925 932 1265 766 1492 1202 1361 159 442 1123 1052 1510 815 244 134 1257 876 517 1521 1183 1041 1532 229 930 1040 1378 821 797 478
675 1276 565 826 1253 646 614 640 786 1012 635 475 400 1249 0 497 840 561 622 570 964 152 829 1075 892 317 725 544 254 413 1111 1030 426 226 562 774 1327 1174 46 1026 1260 573 235 1191 584 1312 746 592 430 780 947 802
322 924 760 473 901 841 810 836 433 660 528 46 596 897 497 0 488 209 817 766 612 440 477 723 539 512 373 740 450 609 759 678 371 300 758 422 975 822 504 674 907 769 431 839 779 960 537 647 626 428 595 450
306 908 1104 44 885 1185 1153 1180 417 644 257 510 939 881 840 488 0 394 1161 1109 596 784 460 706 74 856 146 1083 793 952 743 662 714 643 1101 151 959 806 845 658 891 1112 774 823 1123 944 266 376 969 157 578 434
229 830 825 380 807 906 874 901 340 566 434 231 660 803 561 209 394 0 882 830 518 505 383 629 446 577 279 805 515 673 665 584 435 364 822 328 881 728 569 580 814 833 495 745 844 866 444 554 690 334 501 356
995 1597 331 1146 1574 145 381 111 1106 1332 1100 795 585 1570 622 817 1161 882 0 251 1284 565 1149 1395 1212 426 1045 139 402 253 1431 1351 746 546 329 1095 1647 1494 629 1346 1580 385 458 1511 163 1632 1210 1058 236 1100 1267 1122
943 1545 268 1094 1522 263 317 258 1054 1281 1048 743 571 1518 570 766 1109 830 251 0 1233 513 1097 1343 1160 461 993 162 350 190 1379 1299 694 494 266 1043 1596 1443 577 1295 1528 420 406 1460 201 1580 1158 1006 173 1048 1215 1070
321 841 1227 581 783 1308 1277 1303 215 577 636 633 1063 814 964 612 596 518 1284 1233 0 907 297 364 647 979 480 1207 917 1076 675 595 838 767 1225 530 892 739 971 285 704 1236 898 481 1246 876 645 755 1093 535 42 366
618 1220 508 769 1196 589 557 584 729 955 723 418 343 1193 152 440 784 505 565 513 907 0 772 1018 835 260 668 487 197 356 1054 974 369 169 505 718 1270 1117 159 969 1203 516 178 1134 527 1255 833 680 373 723 890 745
186 706 1092 446 682 1173 1142 1168 119 441 500 498 927 679 829 477 460 383 1149 1097 297 772 0 408 512 844 345 1072 782 940 540 460 702 631 1090 394 756 603 836 359 661 1101 762 524 1111 741 510 620 957 400 280 231
432 952 1338 692 648 1419 1388 1414 326 687 747 744 1173 925 1075 723 706 629 1395 1343 364 1018 408 0 758 1090 591 1318 1028 1186 786 706 948 878 1336 640 1002 849 1082 108 569 1347 1008 142 1357 987 756 866 1203 646 347 477
358 959 1155 95 936 1236 1204 1231 469 695 308 561 990 932 892 539 74 446 1212 1160 647 835 512 758 0 907 197 1135 845 1003 794 713 765 694 1153 202 1010 857 896 709 942 1164 825 874 1174 995 318 427 1020 208 630 485
690 1292 483 841 1269 450 532 445 801 1027 795 490 179 1265 317 512 856 577 426 461 979 260 844 1090 907 0 740 349 173 331 1126 1046 441 241 480 790 1342 1189 324 1041 1275 277 104 1206 388 1327 905 753 348 795 962 817
191 793 988 131 770 1069 1038 1064 302 528 186 394 824 766 725 373 146 279 1045 993 480 668 345 591 197 740 0 968 678 836 627 547 599 528 986 80 843 690 732 542 776 997 658 707 1007 828 195 305 854 85 463 318
918 1519 242 1069 1496 117 292 112 1029 1255 1023 718 508 1492 544 740 1083 805 139 162 1207 487 1072 1318 1135 349 968 0 325 164 1354 1273 669 469 240 1017 1570 1417 552 1269 1503 308 381 1434 55 1555 1133 980 147 1023 1190 1045
628 1229 345 779 1206 426 394 421 739 965 733 428 256 1202 254 450 793 515 402 350 917 197 782 1028 845 173 678 325 0 193 1064 983 379 179 343 727 1280 1127 262 979 1213 355 91 1144 364 1265 843 690 210 733 900 755
786 1388 185 937 1365 266 234 261 897 1124 891 586 414 1361 413 609 952 673 253 190 1076 356 940 1186 1003 331 836 164 193 0 1222 1142 537 337 182 886 1439 1286 420 1138 1371 304 249 1303 204 1423 1001 849 90 891 1058 913
468 186 1374 728 372 1455 1424 1450 497 132 783 780 1210 159 1111 759 743 665 1431 1379 675 1054 540 786 794 1126 627 1354 1064 1222 0 304 985 914 1372 677 237 133 1118 738 378 1383 1044 902 1393 222 792 902 1240 682 658 339
387 469 1294 647 446 1375 1343 1370 417 205 702 700 1129 442 1030 678 662 584 1351 1299 595 974 460 706 713 1046 547 1273 983 1142 304 0 904 833 1291 596 520 367 1038 657 452 1302 964 822 1313 505 711 821 1159 602 578 259
548 1150 689 699 1127 770 739 765 659 886 735 348 525 1123 426 371 714 435 746 694 838 369 702 948 765 441 599 669 379 537 985 904 0 229 687 648 1201 1048 433 900 1133 698 359 1065 708 1186 763 693 555 654 820 676
477 1079 489 628 1056 570 539 565 588 815 582 277 325 1052 226 300 643 364 546 494 767 169 631 878 694 241 528 469 179 337 914 833 229 0 487 577 1130 977 233 829 1062 498 159 994 508 1115 692 540 355 583 749 605
936 1537 49 1086 1514 341 110 336 1047 1273 1040 736 564 1510 562 758 1101 822 329 266 1225 505 1090 1336 1153 480 986 240 343 182 1372 1291 687 487 0 1035 1588 1435 569 1287 1520 454 399 1452 279 1573 1151 998 165 1041 1208 1063
240 842 1038 136 819 1119 1087 1114 351 578 191 444 873 815 774 422 151 328 1095 1043 530 718 394 640 202 790 80 1017 727 886 677 596 648 577 1035 0 893 740 779 592 825 1046 708 757 1057 878 200 310 903 38 512 368
684 77 1590 944 588 1672 1640 1666 713 348 999 996 1426 244 1327 975 959 881 1647 1596 892 1270 756 1002 1010 1342 843 1570 1280 1439 237 520 1201 1130 1588 893 0 343 1334 954 595 1599 1261 1119 1609 61 1008 1118 1456 898 874 556
531 292 1437 791 435 1519 1487 1513 560 195 846 843 1273 134 1174 822 806 728 1494 1443 739 1117 603 849 857 1189 690 1417 1127 1286 133 367 1048 977 1435 740 343 0 1182 801 442 1446 1108 966 1456 328 855 965 1303 745 721 403
682 1284 572 830 1261 653 621 648 793 1019 630 482 407 1257 46 504 845 569 629 577 971 159 836 1082 896 324 732 552 262 420 1118 1038 433 233 569 779 1334 1182 0 1034 1267 581 242 1198 591 1319 742 588 437 784 954 809
383 903 1290 643 618 1371 1339 1365 277 639 698 696 1125 876 1026 674 658 580 1346 1295 285 969 359 108 709 1041 542 1269 979 1138 738 657 900 829 1287 592 954 801 1034 0 539 1298 960 224 1309 939 707 817 1155 597 268 429
616 544 1523 876 118 1604 1572 1599 579 280 931 929 1358 517 1260 907 891 814 1580 1528 704 1203 661 569 942 1275 776 1503 1213 1371 378 452 1133 1062 1520 825 595 442 1267 539 0 1532 1193 685 1542 579 940 1050 1388 831 687 488
947 1548 456 1098 1525 409 505 404 1058 1284 1051 747 435 1521 573 769 1112 833 385 420 1236 516 1101 1347 1164 277 997 308 355 304 1383 1302 698 498 454 1046 1599 1446 581 1298 1532 0 361 1463 347 1584 1162 1009 321 1052 1219 1074
608 1210 401 759 1187 482 450 477 719 945 713 408 187 1183 235 431 774 495 458 406 898 178 762 1008 825 104 658 381 91 249 1044 964 359 159 399 708 1261 1108 242 960 1193 361 0 1125 420 1245 823 671 266 713 880 735
548 1068 1454 808 764 1535 1504 1530 442 803 863 860 1290 1041 1191 839 823 745 1511 1460 481 1134 524 142 874 1206 707 1434 1144 1303 902 822 1065 994 1452 757 1119 966 1198 224 685 1463 1125 0 1473 1103 872 982 1320 762 463 593
957 1559 282 1108 1536 84 331 79 1068 1294 1062 757 547 1532 584 779 1123 844 163 201 1246 527 1111 1357 1174 388 1007 55 364 204 1393 1313 708 508 279 1057 1609 1456 591 1309 1542 347 420 1473 0 1594 1172 1020 187 1062 1229 1084
669 62 1575 929 573 1656 1625 1651 698 333 984 981 1411 229 1312 960 944 866 1632 1580 876 1255 741 987 995 1327 828 1555 1265 1423 222 505 1186 1115 1573 878 61 328 1319 939 579 1584 1245 1103 1594 0 993 1103 1441 883 859 540
356 957 1153 251 934 1234 1203 1229 467 693 140 559 988 930 746 537 266 444 1210 1158 645 833 510 756 318 905 195 1133 843 1001 792 711 763 692 1151 200 1008 855 742 707 940 1162 823 872 1172 993 0 273 1018 206 628 483
465 1067 1001 361 1044 1082 1050 1076 576 803 162 669 836 1040 592 647 376 554 1058 1006 755 680 620 866 427 753 305 980 690 849 902 821 693 540 998 310 1118 965 588 817 1050 1009 671 982 1020 1103 273 0 866 316 738 593
803 1405 168 954 1382 249 217 244 914 1141 908 603 431 1378 430 626 969 690 236 173 1093 373 957 1203 1020 348 854 147 210 90 1240 1159 555 355 165 903 1456 1303 437 1155 1388 321 266 1320 187 1441 1018 866 0 909 1075 931
246 848 1043 142 825 1124 1093 1119 357 583 197 449 879 821 780 428 157 334 1100 1048 535 723 400 646 208 795 85 1023 733 891 682 602 654 583 1041 38 898 745 784 597 831 1052 713 762 1062 883 206 316 909 0 518 373
304 824 1210 564 766 1291 1260 1286 198 559 618 616 1045 797 947 595 578 501 1267 1215 42 890 280 347 630 962 463 1190 900 1058 658 578 820 749 1208 512 874 721 954 268 687 1219 880 463 1229 859 628 738 1075 518 0 349
159 505 1065 419 482 1146 1115 1141 188 241 474 471 901 478 802 450 434 356 1122 1070 366 745 231 477 485 817 318 1045 755 913 339 259 676 605 1063 368 556 403 809 429 488 1074 735 593 1084 540 483 593 931 373 349 0
EOF