NAME : tsp_problem
TYPE : TSP
DIMENSION : 64
EDGE_WEIGHT_TYPE : EXPLICIT
EDGE_WEIGHT_FORMAT : FULL_MATRIX
EDGE_WEIGHT_SECTION
0 501 1326 839 629 885 960 690 855 1389 650 740 591 752 959 667 705 737 612 452 941 704 1451 1382 1045 735 1246 376 910 612 506 595 612 151 957 339 76 692 732 682 199 621 696 496 252 339 1261 476 1260 869 1436 536 1132 463 494 669 172 457 689 416 1196 1426 393 863
501 0 1556 1070 860 1115 1191 921 1086 1619 881 971 821 983 1189 898 935 968 843 188 1172 935 1681 1613 1276 966 1477 452 1141 843 30 826 843 382 1188 188 491 923 963 912 430 852 927 727 274 314 1492 552 1491 1100 1667 767 1363 213 570 899 366 193 920 244 1427 1656 624 1094
1326 1556 0 1456 783 1502 391 1117 1472 85 804 1167 1208 1077 646 1284 1322 1062 766 1507 460 774 404 336 740 1161 174 1431 1527 1229 1561 1212 1229 1206 825 1395 1316 1309 1349 796 1186 1238 1313 1113 1307 1394 215 1531 87 557 389 962 230 1518 1549 1095 1228 1512 679 1471 155 122 964 1480
839 1070 1456 0 760 111 1091 821 253 1519 781 871 290 883 1089 298 165 868 743 1021 1072 835 1581 1513 1175 866 1377 788 188 285 1075 438 286 720 1088 908 829 177 152 812 699 449 174 531 821 908 1392 679 1391 1000 1567 667 1263 1032 806 799 741 1026 820 984 1327 1556 523 242
629 860 783 760 0 805 418 420 775 846 52 470 511 482 416 588 625 467 70 810 399 96 908 840 510 465 704 734 831 532 865 516 533 510 595 698 619 612 653 73 489 542 616 417 611 698 719 834 718 326 893 265 590 822 852 398 531 816 147 774 653 883 267 784
885 1115 1502 111 805 0 1136 866 169 1564 826 916 349 928 1135 343 210 913 788 1066 1117 880 1627 1558 1221 911 1422 834 103 368 1120 496 332 765 1133 954 875 223 235 858 745 494 220 576 866 953 1437 724 1436 1045 1612 712 1308 1077 851 845 787 1071 865 1030 1372 1602 569 157
960 1191 391 1091 418 1136 0 751 1107 454 439 801 842 712 281 919 956 697 401 1142 95 409 516 448 375 796 312 1066 1162 864 1196 847 864 841 460 1029 950 944 984 431 820 873 948 748 942 1029 327 1166 326 191 502 597 198 1153 1184 729 862 1147 314 1106 262 491 598 1115
690 921 1117 821 420 866 751 0 837 1179 441 160 572 288 652 649 686 273 403 872 732 495 1242 1173 581 271 1037 796 892 594 926 577 594 571 493 759 680 674 714 473 550 603 678 478 672 759 1052 896 1051 660 1227 188 923 883 914 49 592 877 480 836 987 1216 329 845
855 1086 1472 253 775 169 1107 837 0 1535 796 887 289 899 1105 485 352 883 758 1036 1088 850 1597 1529 1191 881 1393 960 91 283 1091 436 310 736 1103 924 845 365 172 828 715 580 362 547 837 924 1408 866 1407 1015 1582 682 1279 1048 993 815 757 1042 836 1000 1342 1572 539 44
1389 1619 85 1519 846 1564 454 1179 1535 0 867 1229 1270 1140 709 1347 1384 1125 829 1570 523 837 467 399 803 1224 237 1494 1590 1292 1624 1275 1292 1269 888 1457 1378 1372 1412 859 1248 1301 1376 1176 1370 1457 278 1594 150 619 452 1025 293 1581 1612 1158 1290 1575 742 1534 218 61 1027 1543
650 881 804 781 52 826 439 441 796 867 0 491 532 503 437 609 646 488 70 831 420 84 929 861 531 486 725 755 852 553 886 537 554 531 616 719 640 633 674 62 510 563 637 437 632 718 740 855 739 347 914 286 611 843 873 419 552 837 168 795 674 904 288 805
740 971 1167 871 470 916 801 160 887 1229 491 0 622 338 702 699 736 323 453 922 782 545 1291 1223 631 321 1087 846 942 644 976 627 644 621 543 809 730 724 764 523 600 653 728 528 722 809 1102 946 1101 710 1277 238 973 933 964 138 642 927 530 886 1037 1266 378 895
591 821 1208 290 511 349 842 572 289 1270 532 622 0 634 841 244 169 619 494 772 823 586 1333 1264 927 617 1128 696 344 46 826 172 46 471 839 659 581 156 166 564 450 316 160 282 572 659 1143 625 1142 751 1318 418 1014 783 752 550 493 777 571 736 1078 1307 275 297
752 983 1077 883 482 928 712 288 899 1140 503 338 634 0 459 711 748 51 465 934 693 557 1202 1134 388 107 998 857 954 656 988 639 656 633 300 821 742 736 776 534 612 665 739 540 734 821 1013 958 1012 560 1188 250 884 945 976 266 654 939 542 897 948 1177 390 907
959 1189 646 1089 416 1135 281 652 1105 709 437 702 841 459 0 917 954 444 399 1140 262 407 771 703 122 544 567 1064 1160 862 1194 845 862 839 207 1027 949 942 982 429 818 871 946 746 940 1027 582 1164 581 129 756 595 453 1151 1182 630 861 1145 312 1104 517 746 597 1113
667 898 1284 298 588 343 919 649 485 1347 609 699 244 711 917 0 163 696 571 849 900 663 1409 1341 1004 694 1205 616 419 265 903 366 227 548 916 736 657 150 386 640 527 277 154 359 649 736 1220 507 1219 828 1395 495 1091 860 634 627 569 854 648 813 1155 1384 352 474
705 935 1322 165 625 210 956 686 352 1384 646 736 169 748 954 163 0 733 608 886 937 700 1446 1378 1041 731 1242 653 286 190 940 316 151 585 953 773 694 42 288 677 564 314 40 396 686 773 1257 544 1256 865 1432 532 1128 897 671 664 606 891 685 850 1192 1421 389 341
737 968 1062 868 467 913 697 273 883 1125 488 323 619 51 444 696 733 0 450 918 678 541 1187 1119 373 122 983 842 939 640 973 624 641 618 285 806 727 721 761 519 597 650 724 525 719 806 998 942 997 545 1172 235 869 930 960 251 639 924 527 882 933 1162 375 892
612 843 766 743 70 788 401 403 758 829 70 453 494 465 399 571 608 450 0 793 382 114 891 823 493 448 687 717 814 515 848 499 516 493 578 681 602 595 636 91 472 525 599 400 594 681 702 817 701 309 876 249 573 805 835 381 514 799 130 757 636 866 250 767
452 188 1507 1021 810 1066 1142 872 1036 1570 831 922 772 934 1140 849 886 918 793 0 1123 885 1632 1564 1226 916 1428 403 1092 793 193 777 794 333 1138 138 442 873 914 863 380 803 877 678 224 265 1443 503 1442 1050 1617 717 1314 54 521 850 316 38 871 85 1377 1607 574 1045
941 1172 460 1072 399 1117 95 732 1088 523 420 782 823 693 262 900 937 678 382 1123 0 390 585 517 356 777 381 1047 1143 845 1177 828 845 822 441 1010 931 925 965 412 801 854 929 729 923 1010 396 1147 395 172 570 578 267 1134 1165 711 843 1128 295 1087 330 560 580 1096
704 935 774 835 96 880 409 495 850 837 84 545 586 557 407 663 700 541 114 885 390 0 899 831 501 540 695 809 906 607 940 591 607 585 586 773 694 687 728 82 564 617 691 491 686 772 710 909 709 317 884 340 580 897 927 473 606 891 138 849 644 874 342 859
1451 1681 404 1581 908 1627 516 1242 1597 467 929 1291 1333 1202 771 1409 1446 1187 891 1632 585 899 0 142 865 1286 471 1556 1652 1354 1686 1337 1354 1331 950 1519 1440 1434 1474 921 1310 1363 1438 1238 1432 1519 229 1656 339 681 40 1087 355 1643 1674 1220 1352 1637 804 1596 452 504 1089 1605
1382 1613 336 1513 840 1558 448 1173 1529 399 861 1223 1264 1134 703 1341 1378 1119 823 1564 517 831 142 0 797 1218 403 1488 1584 1286 1618 1269 1286 1263 882 1451 1372 1366 1406 853 1242 1295 1370 1170 1364 1451 161 1588 271 613 158 1019 287 1575 1606 1151 1284 1569 736 1528 384 436 1020 1537
1045 1276 740 1175 510 1221 375 581 1191 803 531 631 927 388 122 1004 1041 373 493 1226 356 501 865 797 0 473 661 1150 1246 948 1281 931 948 925 118 1114 1035 1028 1068 523 905 958 1032 832 1026 1113 676 1250 675 223 851 542 547 1238 1268 559 947 1232 406 1190 611 840 683 1200
735 966 1161 866 465 911 796 271 881 1224 486 321 617 107 544 694 731 122 448 916 777 540 1286 1218 473 0 1082 840 937 638 971 622 639 616 385 804 725 719 759 517 595 648 722 523 717 804 1097 940 1096 646 1271 233 968 928 958 249 637 922 525 880 1032 1261 373 890
1246 1477 174 1377 704 1422 312 1037 1393 237 725 1087 1128 998 567 1205 1242 983 687 1428 381 695 471 403 661 1082 0 1352 1448 1150 1482 1133 1150 1127 746 1315 1236 1230 1270 717 1106 1159 1234 1034 1228 1315 282 1452 154 477 456 883 189 1439 1470 1015 1148 1433 600 1392 76 274 885 1401
376 452 1431 788 734 834 1066 796 960 1494 755 846 696 857 1064 616 653 842 717 403 1047 809 1556 1488 1150 840 1352 0 910 717 457 700 717 256 1062 290 366 641 837 787 304 701 645 601 203 290 1367 148 1366 974 1541 641 1237 414 166 774 240 408 795 367 1301 1531 498 964
910 1141 1527 188 831 103 1162 892 91 1590 852 942 344 954 1160 419 286 939 814 1092 1143 906 1652 1584 1246 937 1448 910 0 338 1146 491 365 791 1159 979 900 299 227 883 770 570 296 602 892 979 1463 800 1462 1070 1637 738 1334 1103 928 870 812 1097 891 1055 1398 1627 594 79
612 843 1229 285 532 368 864 594 283 1292 553 644 46 656 862 265 190 640 515 793 845 607 1354 1286 948 638 1150 717 338 0 848 193 67 493 860 681 602 177 160 585 472 337 181 304 594 681 1165 646 1164 772 1339 439 1036 805 774 572 514 799 593 757 1099 1329 296 291
506 30 1561 1075 865 1120 1196 926 1091 1624 886 976 826 988 1194 903 940 973 848 193 1177 940 1686 1618 1281 971 1482 457 1146 848 0 831 848 387 1193 193 496 928 968 917 435 857 932 732 279 319 1497 557 1496 1105 1672 772 1368 218 575 904 371 198 925 249 1432 1661 629 1099
595 826 1212 438 516 496 847 577 436 1275 537 627 172 639 845 366 316 624 499 777 828 591 1337 1269 931 622 1133 700 491 193 831 0 193 476 844 664 585 304 314 568 455 320 307 287 577 664 1148 681 1147 756 1323 423 1019 788 808 555 497 782 576 740 1083 1312 279 445
612 843 1229 286 533 332 864 594 310 1292 554 644 46 656 862 227 151 641 516 794 845 607 1354 1286 948 639 1150 717 365 67 848 193 0 493 860 681 602 139 188 585 472 337 143 304 594 681 1165 608 1164 772 1339 440 1036 805 735 572 514 799 593 757 1100 1329 296 319
151 382 1206 720 510 765 841 571 736 1269 531 621 471 633 839 548 585 618 493 333 822 585 1331 1263 925 616 1127 256 791 493 387 476 493 0 837 220 141 573 613 562 80 502 576 377 133 220 1142 357 1141 749 1316 417 1013 344 375 549 53 338 570 296 1077 1306 273 744
957 1188 825 1088 595 1133 460 493 1103 888 616 543 839 300 207 916 953 285 578 1138 441 586 950 882 118 385 746 1062 1159 860 1193 844 860 837 0 1026 947 940 981 608 817 870 944 744 939 1025 761 1162 760 308 935 455 631 1150 1180 471 859 1144 491 1102 695 925 595 1112
339 188 1395 908 698 954 1029 759 924 1457 719 809 659 821 1027 736 773 806 681 138 1010 773 1519 1451 1114 804 1315 290 979 681 193 664 681 220 1026 0 329 761 801 751 268 690 765 565 112 152 1330 391 1329 938 1505 605 1201 163 408 737 204 144 758 170 1265 1494 462 932
76 491 1316 829 619 875 950 680 845 1378 640 730 581 742 949 657 694 727 602 442 931 694 1440 1372 1035 725 1236 366 900 602 496 585 602 141 947 329 0 682 722 672 189 611 686 486 242 329 1251 466 1250 859 1426 526 1122 453 484 658 162 447 679 406 1186 1415 383 853
692 923 1309 177 612 223 944 674 365 1372 633 724 156 736 942 150 42 721 595 873 925 687 1434 1366 1028 719 1230 641 299 177 928 304 139 573 940 761 682 0 298 665 552 301 34 384 674 761 1245 531 1244 852 1419 519 1116 885 659 652 594 879 673 837 1179 1409 376 353
732 963 1349 152 653 235 984 714 172 1412 674 764 166 776 982 386 288 761 636 914 965 728 1474 1406 1068 759 1270 837 227 160 968 314 188 613 981 801 722 298 0 705 592 457 298 424 714 801 1285 767 1284 892 1459 560 1156 925 894 692 634 919 713 877 1220 1449 416 181
682 912 796 812 73 858 431 473 828 859 62 523 564 534 429 640 677 519 91 863 412 82 921 853 523 517 717 787 883 585 917 568 585 562 608 751 672 665 705 0 542 594 669 469 663 750 732 887 731 339 906 318 603 874 905 451 584 868 160 827 666 896 320 836
199 430 1186 699 489 745 820 550 715 1248 510 600 450 612 818 527 564 597 472 380 801 564 1310 1242 905 595 1106 304 770 472 435 455 472 80 817 268 189 552 592 542 0 481 556 356 181 267 1121 404 1120 729 1296 396 992 392 422 528 101 386 549 344 1056 1285 253 723
621 852 1238 449 542 494 873 603 580 1301 563 653 316 665 871 277 314 650 525 803 854 617 1363 1295 958 648 1159 701 570 337 857 320 337 502 870 690 611 301 457 594 481 0 305 313 603 690 1174 591 1173 782 1349 449 1045 814 719 581 523 808 602 767 1109 1338 306 588
696 927 1313 174 616 220 948 678 362 1376 637 728 160 739 946 154 40 724 599 877 929 691 1438 1370 1032 722 1234 645 296 181 932 307 143 576 944 765 686 34 298 669 556 305 0 387 678 764 1249 535 1248 856 1423 523 1119 889 662 656 598 883 677 841 1183 1413 380 350
496 727 1113 531 417 576 748 478 547 1176 437 528 282 540 746 359 396 525 400 678 729 491 1238 1170 832 523 1034 601 602 304 732 287 304 377 744 565 486 384 424 469 356 313 387 0 478 565 1049 674 1048 656 1223 324 920 689 719 456 398 683 477 641 983 1213 180 555
252 274 1307 821 611 866 942 672 837 1370 632 722 572 734 940 649 686 719 594 224 923 686 1432 1364 1026 717 1228 203 892 594 279 577 594 133 939 112 242 674 714 663 181 603 678 478 0 111 1243 303 1242 851 1418 518 1114 236 321 650 116 230 671 188 1178 1407 374 845
339 314 1394 908 698 953 1029 759 924 1457 718 809 659 821 1027 736 773 806 681 265 1010 772 1519 1451 1113 804 1315 290 979 681 319 664 681 220 1025 152 329 761 801 750 267 690 764 565 111 0 1330 390 1329 937 1504 605 1201 276 408 737 203 270 758 228 1264 1494 461 932
1261 1492 215 1392 719 1437 327 1052 1408 278 740 1102 1143 1013 582 1220 1257 998 702 1443 396 710 229 161 676 1097 282 1367 1463 1165 1497 1148 1165 1142 761 1330 1251 1245 1285 732 1121 1174 1249 1049 1243 1330 0 1467 150 492 214 898 166 1454 1485 1030 1163 1448 615 1407 263 315 899 1416
476 552 1531 679 834 724 1166 896 866 1594 855 946 625 958 1164 507 544 942 817 503 1147 909 1656 1588 1250 940 1452 148 800 646 557 681 608 357 1162 391 466 531 767 887 404 591 535 674 303 390 1467 0 1466 1074 1641 741 1338 514 166 874 340 508 895 467 1401 1631 598 855
1260 1491 87 1391 718 1436 326 1051 1407 150 739 1101 1142 1012 581 1219 1256 997 701 1442 395 709 339 271 675 1096 154 1366 1462 1164 1496 1147 1164 1141 760 1329 1250 1244 1284 731 1120 1173 1248 1048 1242 1329 150 1466 0 491 324 897 165 1453 1484 1030 1162 1447 614 1406 135 187 899 1415
869 1100 557 1000 326 1045 191 660 1015 619 347 710 751 560 129 828 865 545 309 1050 172 317 681 613 223 646 477 974 1070 772 1105 756 772 749 308 938 859 852 892 339 729 782 856 656 851 937 492 1074 491 0 667 505 363 1062 1092 638 771 1056 222 1014 427 656 507 1024
1436 1667 389 1567 893 1612 502 1227 1582 452 914 1277 1318 1188 756 1395 1432 1172 876 1617 570 884 40 158 851 1271 456 1541 1637 1339 1672 1323 1339 1316 935 1505 1426 1419 1459 906 1296 1349 1423 1223 1418 1504 214 1641 324 667 0 1072 341 1629 1659 1205 1338 1623 789 1581 438 489 1074 1591
536 767 962 667 265 712 597 188 682 1025 286 238 418 250 595 495 532 235 249 717 578 340 1087 1019 542 233 883 641 738 439 772 423 440 417 455 605 526 519 560 318 396 449 523 324 518 605 898 741 897 505 1072 0 769 729 759 166 438 723 326 681 832 1062 174 691
1132 1363 230 1263 590 1308 198 923 1279 293 611 973 1014 884 453 1091 1128 869 573 1314 267 580 355 287 547 968 189 1237 1334 1036 1368 1019 1036 1013 631 1201 1122 1116 1156 603 992 1045 1119 920 1114 1201 166 1338 165 363 341 769 0 1325 1355 901 1034 1319 486 1277 139 330 770 1287
463 213 1518 1032 822 1077 1153 883 1048 1581 843 933 783 945 1151 860 897 930 805 54 1134 897 1643 1575 1238 928 1439 414 1103 805 218 788 805 344 1150 163 453 885 925 874 392 814 889 689 236 276 1454 514 1453 1062 1629 729 1325 0 532 861 328 48 882 70 1389 1618 586 1056
494 570 1549 806 852 851 1184 914 993 1612 873 964 752 976 1182 634 671 960 835 521 1165 927 1674 1606 1268 958 1470 166 928 774 575 808 735 375 1180 408 484 659 894 905 422 719 662 719 321 408 1485 166 1484 1092 1659 759 1355 532 0 892 358 526 913 485 1419 1649 616 982
669 899 1095 799 398 845 729 49 815 1158 419 138 550 266 630 627 664 251 381 850 711 473 1220 1151 559 249 1015 774 870 572 904 555 572 549 471 737 658 652 692 451 528 581 656 456 650 737 1030 874 1030 638 1205 166 901 861 892 0 570 855 458 814 965 1195 307 823
172 366 1228 741 531 787 862 592 757 1290 552 642 493 654 861 569 606 639 514 316 843 606 1352 1284 947 637 1148 240 812 514 371 497 514 53 859 204 162 594 634 584 101 523 598 398 116 203 1163 340 1162 771 1338 438 1034 328 358 570 0 321 591 280 1098 1327 295 765
457 193 1512 1026 816 1071 1147 877 1042 1575 837 927 777 939 1145 854 891 924 799 38 1128 891 1637 1569 1232 922 1433 408 1097 799 198 782 799 338 1144 144 447 879 919 868 386 808 883 683 230 270 1448 508 1447 1056 1623 723 1319 48 526 855 321 0 876 79 1383 1612 580 1050
689 920 679 820 147 865 314 480 836 742 168 530 571 542 312 648 685 527 130 871 295 138 804 736 406 525 600 795 891 593 925 576 593 570 491 758 679 673 713 160 549 602 677 477 671 758 615 895 614 222 789 326 486 882 913 458 591 876 0 834 550 779 327 844
416 244 1471 984 774 1030 1106 836 1000 1534 795 886 736 897 1104 813 850 882 757 85 1087 849 1596 1528 1190 880 1392 367 1055 757 249 740 757 296 1102 170 406 837 877 827 344 767 841 641 188 228 1407 467 1406 1014 1581 681 1277 70 485 814 280 79 834 0 1341 1571 538 1009
1196 1427 155 1327 653 1372 262 987 1342 218 674 1037 1078 948 517 1155 1192 933 636 1377 330 644 452 384 611 1032 76 1301 1398 1099 1432 1083 1100 1077 695 1265 1186 1179 1220 666 1056 1109 1183 983 1178 1264 263 1401 135 427 438 832 139 1389 1419 965 1098 1383 550 1341 0 255 834 1351
1426 1656 122 1556 883 1602 491 1216 1572 61 904 1266 1307 1177 746 1384 1421 1162 866 1607 560 874 504 436 840 1261 274 1531 1627 1329 1661 1312 1329 1306 925 1494 1415 1409 1449 896 1285 1338 1413 1213 1407 1494 315 1631 187 656 489 1062 330 1618 1649 1195 1327 1612 779 1571 255 0 1064 1580
393 624 964 523 267 569 598 329 539 1027 288 378 275 390 597 352 389 375 250 574 580 342 1089 1020 683 373 885 498 594 296 629 279 296 273 595 462 383 376 416 320 253 306 380 180 374 461 899 598 899 507 1074 174 770 586 616 307 295 580 327 538 834 1064 0 548
863 1094 1480 242 784 157 1115 845 44 1543 805 895 297 907 1113 474 341 892 767 1045 1096 859 1605 1537 1200 890 1401 964 79 291 1099 445 319 744 1112 932 853 353 181 836 723 588 350 555 845 932 1416 855 1415 1024 1591 691 1287 1056 982 823 765 1050 844 1009 1351 1580 548 0
EOF