NAME : tsp_problem
TYPE : TSP
DIMENSION : 74
EDGE_WEIGHT_TYPE : EXPLICIT
EDGE_WEIGHT_FORMAT : FULL_MATRIX
EDGE_WEIGHT_SECTION
0 1258 684 1169 593 1175 1123 1194 687 831 511 1318 572 142 508 1204 561 894 680 790 1160 645 956 1144 342 621 1087 980 669 787 562 1059 550 1263 883 1180 955 796 985 278 954 545 213 483 597 297 1225 193 705 878 1276 1199 632 994 612 1280 1021 1155 649 1369 489 343 802 505 1323 360 584 251 446 879 673 801 938 621
1258 0 1155 224 793 243 190 378 1350 1041 1174 374 1235 1372 980 305 1224 400 1343 1262 227 1307 520 327 1005 689 263 713 892 514 1225 283 1213 447 698 235 612 1459 293 1508 687 1207 1442 1146 703 1526 132 1294 986 694 65 383 700 284 1084 336 349 128 1312 425 1152 955 1464 1168 379 1589 1247 1480 1108 444 896 659 351 1284
684 1155 0 1066 490 1072 1020 1091 775 473 599 1215 660 797 206 1101 649 791 768 133 1057 733 853 1041 430 518 984 873 566 684 650 956 638 1160 780 1077 848 884 882 933 649 633 867 571 494 951 1122 719 347 776 1173 1096 529 891 254 1177 918 1052 737 1266 577 380 890 593 1220 1014 672 906 534 776 570 698 835 709
1169 224 1066 0 704 254 202 250 1260 951 1084 201 1146 1282 890 133 1135 310 1254 1172 239 1218 430 204 915 599 275 624 802 424 1136 294 1124 319 609 63 522 1370 304 1418 598 1118 1352 1056 613 1436 191 1205 896 604 242 255 610 296 995 163 360 139 1222 252 1063 865 1375 1078 206 1500 1157 1391 1019 354 806 570 260 1194
593 793 490 704 0 710 658 729 685 638 509 853 570 707 315 739 559 429 678 597 695 643 491 679 340 153 622 515 227 322 560 594 548 798 418 715 490 794 520 843 489 543 777 481 132 861 760 629 512 413 811 734 142 529 419 815 556 690 647 904 487 290 799 503 858 924 582 815 443 414 231 336 473 619
1175 243 1072 254 710 0 77 407 1267 958 1091 403 1152 1289 897 335 1141 317 1260 1179 58 1225 437 357 922 606 180 631 809 431 1142 200 1130 476 615 265 529 1376 210 1425 604 1125 1359 1063 620 1443 209 1211 903 611 260 413 617 201 1001 365 266 139 1229 454 1069 872 1381 1085 408 1506 1164 1397 1025 361 813 576 323 1201
1123 190 1020 202 658 77 0 355 1215 906 1038 351 1100 1236 844 282 1089 264 1208 1126 62 1172 385 304 870 554 128 578 757 378 1090 148 1078 424 563 212 476 1324 158 1372 552 1072 1307 1010 568 1391 157 1159 850 559 208 360 564 149 949 313 213 87 1177 402 1017 820 1329 1033 356 1454 1112 1345 973 308 761 524 270 1148
1194 378 1091 250 729 407 355 0 1286 976 1109 264 1171 1307 915 139 1160 335 1279 1197 392 1243 455 83 941 624 428 649 828 449 1161 448 1149 127 634 202 547 1395 388 1443 623 1143 1378 1081 638 1462 344 1230 921 629 395 63 635 397 1020 214 424 292 1247 304 1088 890 1400 1104 270 1525 1182 1416 1044 379 831 595 285 1219
687 1350 775 1260 685 1267 1215 1286 0 923 215 1409 359 801 599 1296 156 985 65 881 1252 70 1047 1235 383 713 1179 1072 761 879 349 1150 454 1355 974 1271 1047 144 1077 937 1045 331 840 269 689 955 1316 723 797 970 1368 1291 723 1086 704 1371 1112 1246 435 1461 393 434 187 291 1415 1018 328 909 441 971 765 893 1030 264
831 1041 473 951 638 958 906 976 923 0 746 1100 808 944 354 986 797 676 916 579 943 880 678 926 578 666 870 605 714 570 798 841 786 1046 747 962 580 1032 767 1081 381 780 1015 718 642 1099 1007 867 150 743 1058 982 676 777 269 1062 803 937 885 1151 725 528 1037 741 1106 1162 820 1053 681 662 718 708 721 857
511 1174 599 1084 509 1091 1038 1109 215 746 0 1233 182 624 423 1119 89 809 208 705 1076 173 871 1059 207 536 1003 895 584 703 172 974 278 1179 798 1095 870 329 900 760 869 155 695 93 512 779 1140 547 621 794 1191 1115 547 910 528 1195 936 1070 320 1284 217 258 330 115 1239 842 212 733 265 795 588 716 853 149
1318 374 1215 201 853 403 351 264 1409 1100 1233 0 1295 1431 1039 148 1284 459 1403 1321 388 1367 579 219 1065 748 424 773 952 573 1285 444 1273 334 758 154 671 1519 453 1567 747 1267 1502 1205 762 1586 340 1354 1045 753 391 270 759 445 1144 167 509 288 1371 75 1212 1014 1524 1228 50 1649 1306 1540 1168 503 955 719 409 1343
572 1235 660 1146 570 1152 1100 1171 359 808 182 1295 0 686 485 1181 233 870 352 767 1137 316 932 1120 268 598 1064 957 646 764 38 1036 339 1240 860 1156 932 472 962 822 931 53 756 124 574 840 1201 608 682 855 1253 1176 609 971 589 1256 997 1132 438 1346 278 319 473 126 1300 903 356 794 326 856 650 778 915 292
142 1372 797 1282 707 1289 1236 1307 801 944 624 1431 686 0 621 1317 675 1007 794 903 1274 758 1069 1257 456 734 1201 1093 783 901 676 1172 664 1377 996 1293 1068 910 1098 170 1067 658 300 596 710 175 1338 306 819 992 1389 1313 745 1108 726 1393 1134 1268 762 1482 603 456 915 619 1437 238 697 178 559 993 786 914 1051 734
508 980 206 890 315 897 844 915 599 354 423 1039 485 621 0 925 473 615 593 312 882 557 677 865 254 342 809 701 391 509 475 780 463 985 604 901 676 709 706 757 530 457 691 395 318 775 946 543 228 600 997 921 353 716 135 1001 742 876 561 1090 401 204 714 417 1045 839 496 730 358 601 394 522 659 533
1204 305 1101 133 739 335 282 139 1296 986 1119 148 1181 1317 925 0 1170 345 1289 1207 320 1253 466 93 951 634 356 659 838 459 1171 375 1159 208 644 85 557 1405 385 1453 633 1153 1388 1091 648 1472 272 1240 931 640 323 144 645 377 1030 97 434 220 1257 188 1098 901 1410 1114 153 1535 1192 1426 1054 389 841 605 295 1229
561 1224 649 1135 559 1141 1089 1160 156 797 89 1284 233 675 473 1170 0 859 149 756 1126 113 921 1109 257 587 1053 946 635 753 223 1025 328 1229 848 1145 921 270 951 811 919 205 715 143 563 829 1190 597 671 844 1242 1165 597 960 578 1245 986 1121 309 1335 267 308 270 166 1289 892 202 783 315 845 639 767 904 138
894 400 791 310 429 317 264 335 985 676 809 459 870 1007 615 345 859 0 978 897 302 943 155 285 640 324 229 349 527 149 860 200 848 405 333 321 247 1094 126 1143 322 843 1077 781 338 1161 366 929 621 329 417 341 335 136 719 421 162 296 947 510 787 590 1100 803 465 1224 882 1116 744 79 531 294 80 919
680 1343 768 1254 678 1260 1208 1279 65 916 208 1403 352 794 593 1289 149 978 0 875 1245 64 1040 1228 376 706 1172 1065 754 872 342 1144 447 1348 968 1264 1040 179 1070 930 1039 324 834 262 682 948 1309 716 790 963 1361 1284 717 1079 697 1364 1105 1240 428 1454 386 427 143 285 1408 1011 321 902 434 964 758 886 1023 257
790 1262 133 1172 597 1179 1126 1197 881 579 705 1321 767 903 312 1207 756 897 875 0 1164 839 959 1147 536 624 1091 979 673 791 757 1062 745 1267 886 1183 954 991 988 1039 756 739 973 677 600 1057 1228 826 454 882 1279 1203 635 998 361 1283 1024 1158 843 1372 684 486 996 699 1327 1121 778 1012 640 883 676 804 941 815
1160 227 1057 239 695 58 62 392 1252 943 1076 388 1137 1274 882 320 1126 302 1245 1164 0 1209 422 342 907 591 165 615 794 416 1127 185 1115 461 600 250 514 1361 195 1410 589 1109 1344 1048 605 1428 194 1196 888 596 245 397 602 186 986 350 251 124 1214 439 1054 857 1366 1070 393 1491 1149 1382 1010 346 798 561 307 1186
645 1307 733 1218 643 1225 1172 1243 70 880 173 1367 316 758 557 1253 113 943 64 839 1209 0 1005 1193 341 670 1136 1029 718 836 306 1108 412 1312 932 1229 1004 184 1034 894 1003 288 798 227 646 912 1274 680 754 928 1325 1248 681 1043 661 1329 1070 1204 393 1418 351 392 185 249 1372 976 285 867 399 928 722 850 987 222
956 520 853 430 491 437 385 455 1047 678 871 579 932 1069 677 466 921 155 1040 959 422 1005 0 405 702 386 349 240 589 211 922 320 910 525 395 441 122 1156 247 1205 325 905 1139 843 400 1223 486 991 623 391 538 461 397 256 743 541 282 416 1009 630 849 652 1162 865 585 1286 944 1178 806 102 593 356 200 981
1144 327 1041 204 679 357 304 83 1235 926 1059 219 1120 1257 865 93 1109 285 1228 1147 342 1193 405 0 890 574 378 599 777 399 1110 397 1098 153 584 157 497 1344 338 1393 572 1093 1327 1031 588 1411 294 1179 871 579 345 89 585 347 969 169 373 242 1197 259 1037 840 1350 1053 225 1475 1132 1366 994 329 781 544 235 1169
342 1005 430 915 340 922 870 941 383 578 207 1065 268 456 254 951 257 640 376 536 907 341 702 890 0 368 834 727 416 534 258 805 246 1010 629 926 702 492 732 592 700 241 526 179 344 610 971 378 452 625 1023 946 378 741 359 1026 767 902 345 1116 185 89 498 201 1070 673 280 564 142 626 420 548 685 317
621 689 518 599 153 606 554 624 713 666 536 748 598 734 342 634 587 324 706 624 591 670 386 574 368 0 518 411 255 218 588 489 576 694 313 610 386 822 415 870 384 570 805 508 65 889 655 657 540 309 707 630 62 425 447 710 451 585 674 799 515 318 827 531 754 952 609 843 471 310 258 232 369 646
1087 263 984 275 622 180 128 428 1179 870 1003 424 1064 1201 809 356 1053 229 1172 1091 165 1136 349 378 834 518 0 543 721 343 1054 112 1042 497 527 286 441 1288 122 1337 516 1037 1271 975 532 1355 230 1123 815 523 281 433 529 113 913 386 178 160 1141 475 981 784 1293 997 429 1418 1076 1309 937 273 725 488 234 1113
980 713 873 624 515 631 578 649 1072 605 895 773 957 1093 701 659 946 349 1065 979 615 1029 240 599 727 411 543 0 614 242 947 514 935 718 420 635 142 1181 440 1229 251 929 1164 867 425 1248 680 1016 550 416 731 655 421 450 669 735 476 610 1034 824 874 677 1186 890 779 1311 969 1202 830 312 618 381 393 1005
669 892 566 802 227 809 757 828 761 714 584 952 646 783 391 838 635 527 754 673 794 718 589 777 416 255 721 614 0 421 636 692 624 897 516 813 589 870 619 919 587 618 853 556 231 937 858 705 588 512 910 833 265 628 495 913 654 789 723 1003 563 366 875 579 957 1000 658 891 519 513 53 435 572 695
787 514 684 424 322 431 378 449 879 570 703 573 764 901 509 459 753 149 872 791 416 836 211 399 534 218 343 242 421 0 754 314 742 519 227 435 217 988 240 1037 216 736 971 675 232 1055 480 823 515 223 531 455 229 250 613 535 276 410 841 624 681 484 993 697 579 1118 776 1009 637 135 425 188 193 813
562 1225 650 1136 560 1142 1090 1161 349 798 172 1285 38 676 475 1171 223 860 342 757 1127 306 922 1110 258 588 1054 947 636 754 0 1026 329 1230 850 1147 922 462 952 812 921 43 746 114 564 830 1191 598 672 845 1243 1166 599 961 579 1246 988 1122 428 1336 268 310 463 116 1290 893 346 784 316 846 640 768 905 282
1059 283 956 294 594 200 148 448 1150 841 974 444 1036 1172 780 375 1025 200 1144 1062 185 1108 320 397 805 489 112 514 692 314 1026 0 1014 517 499 305 412 1260 93 1308 488 1008 1242 946 503 1326 250 1095 786 494 301 453 500 85 885 406 149 180 1112 495 953 755 1265 968 449 1390 1047 1281 909 244 696 460 206 1084
550 1213 638 1124 548 1130 1078 1149 454 786 278 1273 339 664 463 1159 328 848 447 745 1115 412 910 1098 246 576 1042 935 624 742 329 1014 0 1218 838 1134 910 448 940 800 909 312 639 250 552 818 1179 586 660 833 1231 1154 587 949 567 1234 975 1110 300 1324 140 297 569 272 1278 881 235 772 304 834 628 756 893 302
1263 447 1160 319 798 476 424 127 1355 1046 1179 334 1240 1377 985 208 1229 405 1348 1267 461 1312 525 153 1010 694 497 718 897 519 1230 517 1218 0 703 272 617 1464 457 1513 692 1212 1447 1151 708 1531 413 1299 991 699 465 93 705 467 1089 284 493 361 1317 374 1157 960 1469 1173 339 1594 1252 1485 1113 449 901 664 355 1289
883 698 780 609 418 615 563 634 974 747 798 758 860 996 604 644 848 333 968 886 600 932 395 584 629 313 527 420 516 227 850 499 838 703 0 620 395 1084 425 1132 394 832 1066 770 327 1150 664 918 692 77 716 639 324 434 709 720 461 595 936 809 776 579 1089 792 763 1214 871 1105 733 319 520 284 378 908
1180 235 1077 63 715 265 212 202 1271 962 1095 154 1156 1293 901 85 1145 321 1264 1183 250 1229 441 157 926 610 286 635 813 435 1147 305 1134 272 620 0 533 1381 315 1429 609 1129 1363 1067 624 1447 202 1215 907 615 253 208 621 307 1006 116 371 150 1233 205 1073 876 1386 1089 159 1511 1168 1402 1030 365 817 581 271 1205
955 612 848 522 490 529 476 547 1047 580 870 671 932 1068 676 557 921 247 1040 954 514 1004 122 497 702 386 441 142 589 217 922 412 910 617 395 533 0 1156 338 1204 226 904 1139 842 400 1223 578 991 525 391 629 553 396 348 644 633 374 508 1009 722 849 652 1161 865 677 1286 944 1177 805 193 593 356 291 980
796 1459 884 1370 794 1376 1324 1395 144 1032 329 1519 472 910 709 1405 270 1094 179 991 1361 184 1156 1344 492 822 1288 1181 870 988 462 1260 448 1464 1084 1381 1156 0 1186 1046 1155 445 755 383 798 1064 1425 832 906 1079 1477 1400 833 1195 813 1480 1222 1356 349 1570 345 543 262 405 1524 1127 242 1018 550 1080 874 1002 1139 239
985 293 882 304 520 210 158 388 1077 767 900 453 962 1098 706 385 951 126 1070 988 195 1034 247 338 732 415 122 440 619 240 952 93 940 457 425 315 338 1186 0 1234 414 934 1169 872 429 1253 259 1021 712 421 310 393 426 29 811 415 75 189 1039 504 879 682 1191 895 459 1316 973 1207 835 170 622 386 132 1010
278 1508 933 1418 843 1425 1372 1443 937 1081 760 1567 822 170 757 1453 811 1143 930 1039 1410 894 1205 1393 592 870 1337 1229 919 1037 812 1308 800 1513 1132 1429 1204 1046 1234 0 1203 794 436 732 846 193 1474 442 955 1128 1525 1449 881 1244 862 1529 1270 1404 898 1618 739 592 1051 755 1573 256 833 62 695 1129 922 1050 1187 870
954 687 649 598 489 604 552 623 1045 381 869 747 931 1067 530 633 919 322 1039 756 589 1003 325 572 700 384 516 251 587 216 921 488 909 692 394 609 226 1155 414 1203 0 903 1137 841 398 1221 653 989 326 389 705 628 395 423 445 708 450 584 1007 798 847 650 1160 863 752 1285 942 1176 804 308 591 355 367 979
545 1207 633 1118 543 1125 1072 1143 331 780 155 1267 53 658 457 1153 205 843 324 739 1109 288 905 1093 241 570 1037 929 618 736 43 1008 312 1212 832 1129 904 445 934 794 903 0 728 96 546 812 1174 581 654 828 1225 1149 581 944 561 1229 970 1104 410 1318 251 292 445 99 1273 876 328 767 299 828 622 750 887 265
213 1442 867 1352 777 1359 1307 1378 840 1015 695 1502 756 300 691 1388 715 1077 834 973 1344 798 1139 1327 526 805 1271 1164 853 971 746 1242 639 1447 1066 1363 1139 755 1169 436 1137 728 0 667 781 455 1408 377 889 1062 1460 1383 815 1178 796 1463 1204 1339 607 1553 537 526 924 689 1507 518 542 409 629 1063 857 985 1122 609
483 1146 571 1056 481 1063 1010 1081 269 718 93 1205 124 596 395 1091 143 781 262 677 1048 227 843 1031 179 508 975 867 556 675 114 946 250 1151 770 1067 842 383 872 732 841 96 667 0 484 751 1112 519 593 766 1163 1087 519 882 500 1167 908 1042 349 1256 189 230 384 57 1211 814 266 705 237 767 560 688 825 203
597 703 494 613 132 620 568 638 689 642 512 762 574 710 318 648 563 338 682 600 605 646 400 588 344 65 532 425 231 232 564 503 552 708 327 624 400 798 429 846 398 546 781 484 0 865 669 633 516 323 720 644 76 439 423 724 465 599 650 813 491 293 803 507 768 928 585 819 447 324 234 245 383 622
297 1526 951 1436 861 1443 1391 1462 955 1099 779 1586 840 175 775 1472 829 1161 948 1057 1428 912 1223 1411 610 889 1355 1248 937 1055 830 1326 818 1531 1150 1447 1223 1064 1253 193 1221 812 455 751 865 0 1492 461 973 1146 1544 1467 899 1262 880 1547 1288 1423 917 1637 757 610 1069 773 1591 89 852 217 713 1147 941 1069 1206 889
1225 132 1122 191 760 209 157 344 1316 1007 1140 340 1201 1338 946 272 1190 366 1309 1228 194 1274 486 294 971 655 230 680 858 480 1191 250 1179 413 664 202 578 1425 259 1474 653 1174 1408 1112 669 1492 0 1260 952 660 149 349 666 251 1050 302 315 94 1278 391 1118 921 1431 1134 345 1555 1213 1447 1075 410 862 625 318 1250
193 1294 719 1205 629 1211 1159 1230 723 867 547 1354 608 306 543 1240 597 929 716 826 1196 680 991 1179 378 657 1123 1016 705 823 598 1095 586 1299 918 1215 991 832 1021 442 989 581 377 519 633 461 1260 0 741 914 1312 1235 667 1030 648 1315 1056 1191 685 1405 525 378 837 541 1359 524 620 415 481 915 709 837 974 657
705 986 347 896 512 903 850 921 797 150 621 1045 682 819 228 931 671 621 790 454 888 754 623 871 452 540 815 550 588 515 672 786 660 991 692 907 525 906 712 955 326 654 889 593 516 973 952 741 0 688 1003 927 551 722 143 1007 748 882 759 1096 599 402 911 615 1051 1036 694 927 555 607 592 653 665 731
878 694 776 604 413 611 559 629 970 743 794 753 855 992 600 640 844 329 963 882 596 928 391 579 625 309 523 416 512 223 845 494 833 699 77 615 391 1079 421 1128 389 828 1062 766 323 1146 660 914 688 0 712 635 320 430 704 715 456 590 932 804 772 575 1085 788 759 1209 867 1100 728 315 516 279 374 904
1276 65 1173 242 811 260 208 395 1368 1058 1191 391 1253 1389 997 323 1242 417 1361 1279 245 1325 538 345 1023 707 281 731 910 531 1243 301 1231 465 716 253 629 1477 310 1525 705 1225 1460 1163 720 1544 149 1312 1003 712 0 401 717 302 1102 353 366 145 1330 442 1170 973 1482 1186 397 1607 1264 1498 1126 461 913 677 369 1301
1199 383 1096 255 734 413 360 63 1291 982 1115 270 1176 1313 921 144 1165 341 1284 1203 397 1248 461 89 946 630 433 655 833 455 1166 453 1154 93 639 208 553 1400 393 1449 628 1149 1383 1087 644 1467 349 1235 927 635 401 0 641 403 1025 220 429 298 1253 310 1093 896 1405 1109 275 1530 1188 1421 1049 385 837 600 291 1225
632 700 529 610 142 617 564 635 723 676 547 759 609 745 353 645 597 335 717 635 602 681 397 585 378 62 529 421 265 229 599 500 587 705 324 621 396 833 426 881 395 581 815 519 76 899 666 667 551 320 717 641 0 436 458 721 462 596 685 810 525 328 838 541 765 963 620 854 482 321 269 242 379 657
994 284 891 296 529 201 149 397 1086 777 910 445 971 1108 716 377 960 136 1079 998 186 1043 256 347 741 425 113 450 628 250 961 85 949 467 434 307 348 1195 29 1244 423 944 1178 882 439 1262 251 1030 722 430 302 403 436 0 820 407 85 181 1048 496 888 691 1200 904 450 1325 983 1216 844 180 632 395 141 1020
612 1084 254 995 419 1001 949 1020 704 269 528 1144 589 726 135 1030 578 719 697 361 986 661 743 969 359 447 913 669 495 613 579 885 567 1089 709 1006 644 813 811 862 445 561 796 500 423 880 1050 648 143 704 1102 1025 458 820 0 1105 847 981 666 1195 506 309 818 522 1149 943 601 834 462 705 499 627 764 638
1280 336 1177 163 815 365 313 214 1371 1062 1195 167 1256 1393 1001 97 1245 421 1364 1283 350 1329 541 169 1026 710 386 735 913 535 1246 406 1234 284 720 116 633 1480 415 1529 708 1229 1463 1167 724 1547 302 1315 1007 715 353 220 721 407 1105 0 471 250 1333 115 1173 976 1486 1189 162 1610 1268 1502 1130 465 917 680 371 1305
1021 349 918 360 556 266 213 424 1112 803 936 509 997 1134 742 434 986 162 1105 1024 251 1070 282 373 767 451 178 476 654 276 988 149 975 493 461 371 374 1222 75 1270 450 970 1204 908 465 1288 315 1056 748 456 366 429 462 85 847 471 0 245 1074 560 914 717 1227 930 514 1352 1009 1243 871 206 658 422 168 1046
1155 128 1052 139 690 139 87 292 1246 937 1070 288 1132 1268 876 220 1121 296 1240 1158 124 1204 416 242 902 585 160 610 789 410 1122 180 1110 361 595 150 508 1356 189 1404 584 1104 1339 1042 599 1423 94 1191 882 590 145 298 596 181 981 250 245 0 1208 339 1049 851 1361 1065 293 1486 1143 1377 1005 340 792 556 266 1180
649 1312 737 1222 647 1229 1177 1247 435 885 320 1371 438 762 561 1257 309 947 428 843 1214 393 1009 1197 345 674 1141 1034 723 841 428 1112 300 1317 936 1233 1009 349 1039 898 1007 410 607 349 650 917 1278 685 759 932 1330 1253 685 1048 666 1333 1074 1208 0 1422 198 396 519 371 1377 980 137 871 403 933 727 855 992 204
1369 425 1266 252 904 454 402 304 1461 1151 1284 75 1346 1482 1090 188 1335 510 1454 1372 439 1418 630 259 1116 799 475 824 1003 624 1336 495 1324 374 809 205 722 1570 504 1618 798 1318 1553 1256 813 1637 391 1405 1096 804 442 310 810 496 1195 115 560 339 1422 0 1263 1065 1575 1279 70 1700 1357 1591 1219 554 1006 770 460 1394
489 1152 577 1063 487 1069 1017 1088 393 725 217 1212 278 603 401 1098 267 787 386 684 1054 351 849 1037 185 515 981 874 563 681 268 953 140 1157 776 1073 849 345 879 739 847 251 537 189 491 757 1118 525 599 772 1170 1093 525 888 506 1173 914 1049 198 1263 0 236 508 211 1217 820 133 711 243 773 567 695 832 200
343 955 380 865 290 872 820 890 434 528 258 1014 319 456 204 901 308 590 427 486 857 392 652 840 89 318 784 677 366 484 310 755 297 960 579 876 652 543 682 592 650 292 526 230 293 610 921 378 402 575 973 896 328 691 309 976 717 851 396 1065 236 0 549 252 1020 674 331 565 193 576 370 498 635 368
802 1464 890 1375 799 1381 1329 1400 187 1037 330 1524 473 915 714 1410 270 1100 143 996 1366 185 1162 1350 498 827 1293 1186 875 993 463 1265 569 1469 1089 1386 1161 262 1191 1051 1160 445 924 384 803 1069 1431 837 911 1085 1482 1405 838 1200 818 1486 1227 1361 519 1575 508 549 0 406 1529 1133 411 1024 556 1085 879 1007 1144 379
505 1168 593 1078 503 1085 1033 1104 291 741 115 1228 126 619 417 1114 166 803 285 699 1070 249 865 1053 201 531 997 890 579 697 116 968 272 1173 792 1089 865 405 895 755 863 99 689 57 507 773 1134 541 615 788 1186 1109 541 904 522 1189 930 1065 371 1279 211 252 406 0 1233 836 289 727 259 789 583 711 848 225
1323 379 1220 206 858 408 356 270 1415 1106 1239 50 1300 1437 1045 153 1289 465 1408 1327 393 1372 585 225 1070 754 429 779 957 579 1290 449 1278 339 763 159 677 1524 459 1573 752 1273 1507 1211 768 1591 345 1359 1051 759 397 275 765 450 1149 162 514 293 1377 70 1217 1020 1529 1233 0 1654 1312 1545 1173 509 961 724 415 1349
360 1589 1014 1500 924 1506 1454 1525 1018 1162 842 1649 903 238 839 1535 892 1224 1011 1121 1491 976 1286 1475 673 952 1418 1311 1000 1118 893 1390 881 1594 1214 1511 1286 1127 1316 256 1285 876 518 814 928 89 1555 524 1036 1209 1607 1530 963 1325 943 1610 1352 1486 980 1700 820 674 1133 836 1654 0 915 280 776 1210 1004 1132 1269 952
584 1247 672 1157 582 1164 1112 1182 328 820 212 1306 356 697 496 1192 202 882 321 778 1149 285 944 1132 280 609 1076 969 658 776 346 1047 235 1252 871 1168 944 242 973 833 942 328 542 266 585 852 1213 620 694 867 1264 1188 620 983 601 1268 1009 1143 137 1357 133 331 411 289 1312 915 0 806 338 868 661 789 927 96
251 1480 906 1391 815 1397 1345 1416 909 1053 733 1540 794 178 730 1426 783 1116 902 1012 1382 867 1178 1366 564 843 1309 1202 891 1009 784 1281 772 1485 1105 1402 1177 1018 1207 62 1176 767 409 705 819 217 1447 415 927 1100 1498 1421 854 1216 834 1502 1243 1377 871 1591 711 565 1024 727 1545 280 806 0 668 1101 895 1023 1160 843
446 1108 534 1019 443 1025 973 1044 441 681 265 1168 326 559 358 1054 315 744 434 640 1010 399 806 994 142 471 937 830 519 637 316 909 304 1113 733 1030 805 550 835 695 804 299 629 237 447 713 1075 481 555 728 1126 1049 482 844 462 1130 871 1005 403 1219 243 193 556 259 1173 776 338 668 0 729 523 651 788 375
879 444 776 354 414 361 308 379 971 662 795 503 856 993 601 389 845 79 964 883 346 928 102 329 626 310 273 312 513 135 846 244 834 449 319 365 193 1080 170 1129 308 828 1063 767 324 1147 410 915 607 315 461 385 321 180 705 465 206 340 933 554 773 576 1085 789 509 1210 868 1101 729 0 517 280 123 905
673 896 570 806 231 813 761 831 765 718 588 955 650 786 394 841 639 531 758 676 798 722 593 781 420 258 725 618 53 425 640 696 628 901 520 817 593 874 622 922 591 622 857 560 234 941 862 709 592 516 913 837 269 632 499 917 658 792 727 1006 567 370 879 583 961 1004 661 895 523 517 0 439 576 698
801 659 698 570 336 576 524 595 893 708 716 719 778 914 522 605 767 294 886 804 561 850 356 544 548 232 488 381 435 188 768 460 756 664 284 581 356 1002 386 1050 355 750 985 688 245 1069 625 837 653 279 677 600 242 395 627 680 422 556 855 770 695 498 1007 711 724 1132 789 1023 651 280 439 0 339 826
938 351 835 260 473 323 270 285 1030 721 853 409 915 1051 659 295 904 80 1023 941 307 987 200 235 685 369 234 393 572 193 905 206 893 355 378 271 291 1139 132 1187 367 887 1122 825 383 1206 318 974 665 374 369 291 379 141 764 371 168 266 992 460 832 635 1144 848 415 1269 927 1160 788 123 576 339 0 963
621 1284 709 1194 619 1201 1148 1219 264 857 149 1343 292 734 533 1229 138 919 257 815 1186 222 981 1169 317 646 1113 1005 695 813 282 1084 302 1289 908 1205 980 239 1010 870 979 265 609 203 622 889 1250 657 731 904 1301 1225 657 1020 638 1305 1046 1180 204 1394 200 368 379 225 1349 952 96 843 375 905 698 826 963 0
EOF