NAME : tsp_problem
TYPE : TSP
DIMENSION : 38
EDGE_WEIGHT_TYPE : EXPLICIT
EDGE_WEIGHT_FORMAT : FULL_MATRIX
EDGE_WEIGHT_SECTION
0 1187 548 642 742 833 1037 1015 742 875 498 545 828 1217 903 638 769 987 439 918 997 662 1144 894 1076 1098 967 958 957 522 531 999 308 1160 1270 76 1188 588
1187 0 780 1520 484 821 591 415 476 480 753 1422 815 576 508 1515 466 974 1029 499 602 645 596 882 630 327 955 469 562 1400 1409 553 1186 560 629 1164 742 1466
548 780 0 881 335 430 631 608 335 468 114 783 425 811 497 876 363 584 639 512 590 255 738 491 670 691 565 551 550 761 770 593 547 753 864 525 782 827
642 1520 881 0 1075 1170 1371 1348 1075 1208 831 356 1165 1551 1237 40 1103 1324 930 1251 1330 995 1478 1231 1410 1431 1305 1291 1290 334 343 1333 363 1493 1603 694 1522 80
742 484 335 1075 0 375 385 311 75 172 308 977 370 514 200 1070 66 529 584 266 293 200 441 436 373 445 509 305 254 955 964 296 741 507 567 719 485 1021
833 821 430 1170 375 0 671 648 376 509 403 1073 48 851 537 1166 403 206 424 552 630 205 778 88 710 731 161 592 591 1050 1059 633 836 794 904 810 822 1116
1037 591 631 1371 385 671 0 657 385 518 604 1273 666 860 546 1366 412 824 880 150 640 495 787 732 719 302 805 163 600 1250 1259 642 1036 365 913 1015 831 1316
1015 415 608 1348 311 648 657 0 303 169 581 1250 643 266 218 1343 293 801 857 538 311 472 286 709 248 711 782 578 272 1227 1236 171 1013 780 319 992 360 1293
742 476 335 1075 75 376 385 303 0 164 308 977 370 506 192 1070 58 529 584 266 285 200 433 437 365 445 510 306 246 955 964 288 741 508 559 719 477 1021
875 480 468 1208 172 509 518 169 164 0 441 1110 503 402 78 1203 154 662 717 399 172 333 299 569 231 578 643 439 132 1088 1097 154 874 641 455 852 343 1154
498 753 114 831 308 403 604 581 308 441 0 733 398 784 470 826 336 557 612 485 563 228 711 464 643 664 538 524 523 711 720 566 497 726 837 475 755 777
545 1422 783 356 977 1073 1273 1250 977 1110 733 0 1067 1453 1139 351 1005 1226 832 1154 1232 897 1380 1133 1312 1333 1207 1193 1192 47 96 1235 267 1395 1506 596 1424 302
828 815 425 1165 370 48 666 643 370 503 398 1067 0 846 532 1160 398 211 419 546 625 199 773 93 705 726 166 586 585 1045 1054 627 831 788 898 805 817 1111
1217 576 811 1551 514 851 860 266 506 402 784 1453 846 0 451 1546 496 1004 1059 741 545 675 156 912 248 872 985 781 505 1430 1439 301 1216 983 83 1195 198 1496
903 508 497 1237 200 537 546 218 192 78 470 1139 532 451 0 1232 182 690 745 427 150 361 348 598 280 606 671 467 110 1116 1125 203 902 669 504 881 392 1182
638 1515 876 40 1070 1166 1366 1343 1070 1203 826 351 1160 1546 1232 0 1098 1319 925 1247 1325 990 1473 1226 1405 1426 1300 1286 1285 329 338 1328 358 1488 1599 689 1517 75
769 466 363 1103 66 403 412 293 58 154 336 1005 398 496 182 1098 0 556 612 293 276 227 423 464 355 472 537 333 236 982 991 278 768 535 549 747 467 1048
987 974 584 1324 529 206 824 801 529 662 557 1226 211 1004 690 1319 556 0 578 705 784 358 931 145 863 884 75 745 744 1204 1213 786 990 947 1057 964 975 1270
439 1029 639 930 584 424 880 857 584 717 612 832 419 1059 745 925 612 578 0 760 839 413 986 485 918 940 558 800 799 810 819 841 596 1002 1112 416 1031 876
918 499 512 1251 266 552 150 538 266 399 485 1154 546 741 427 1247 293 705 760 0 521 376 668 613 600 210 686 71 481 1131 1140 523 917 273 794 896 712 1197
997 602 590 1330 293 630 640 311 285 172 563 1232 625 545 150 1325 276 784 839 521 0 455 441 691 373 700 765 560 68 1210 1219 296 996 762 598 974 485 1276
662 645 255 995 200 205 495 472 200 333 228 897 199 675 361 990 227 358 413 376 455 0 602 266 534 555 339 416 415 875 884 457 661 618 728 639 646 941
1144 596 738 1478 441 778 787 286 433 299 711 1380 773 156 348 1473 423 931 986 668 441 602 0 839 120 847 912 708 402 1357 1366 173 1143 910 209 1122 232 1423
894 882 491 1231 436 88 732 709 437 569 464 1133 93 912 598 1226 464 145 485 613 691 266 839 0 771 792 100 652 652 1111 1120 694 897 855 965 871 883 1177
1076 630 670 1410 373 710 719 248 365 231 643 1312 705 248 280 1405 355 863 918 600 373 534 120 771 0 779 844 640 334 1289 1298 105 1075 842 293 1054 148 1355
1098 327 691 1431 445 731 302 711 445 578 664 1333 726 872 606 1426 472 884 940 210 700 555 847 792 779 0 865 180 660 1310 1319 702 1096 271 925 1075 891 1376
967 955 565 1305 509 161 805 782 510 643 538 1207 166 985 671 1300 537 75 558 686 765 339 912 100 844 865 0 726 725 1184 1193 767 970 928 1038 945 956 1250
958 469 551 1291 305 592 163 578 306 439 524 1193 586 781 467 1286 333 745 800 71 560 416 708 652 640 180 726 0 521 1171 1180 563 957 242 834 935 752 1237
957 562 550 1290 254 591 600 272 246 132 523 1192 585 505 110 1285 236 744 799 481 68 415 402 652 334 660 725 521 0 1170 1179 256 956 723 558 934 446 1236
522 1400 761 334 955 1050 1250 1227 955 1088 711 47 1045 1430 1116 329 982 1204 810 1131 1210 875 1357 1111 1289 1310 1184 1171 1170 0 74 1212 245 1373 1483 574 1401 279
531 1409 770 343 964 1059 1259 1236 964 1097 720 96 1054 1439 1125 338 991 1213 819 1140 1219 884 1366 1120 1298 1319 1193 1180 1179 74 0 1221 254 1382 1492 583 1410 288
999 553 593 1333 296 633 642 171 288 154 566 1235 627 301 203 1328 278 786 841 523 296 457 173 694 105 702 767 563 256 1212 1221 0 998 765 354 977 217 1278
308 1186 547 363 741 836 1036 1013 741 874 497 267 831 1216 902 358 768 990 596 917 996 661 1143 897 1075 1096 970 957 956 245 254 998 0 1159 1269 360 1187 309
1160 560 753 1493 507 794 365 780 508 641 726 1395 788 983 669 1488 535 947 1002 273 762 618 910 855 842 271 928 242 723 1373 1382 765 1159 0 1036 1137 954 1439
1270 629 864 1603 567 904 913 319 559 455 837 1506 898 83 504 1599 549 1057 1112 794 598 728 209 965 293 925 1038 834 558 1483 1492 354 1269 1036 0 1248 187 1549
76 1164 525 694 719 810 1015 992 719 852 475 596 805 1195 881 689 747 964 416 896 974 639 1122 871 1054 1075 945 935 934 574 583 977 360 1137 1248 0 1166 640
1188 742 782 1522 485 822 831 360 477 343 755 1424 817 198 392 1517 467 975 1031 712 485 646 232 883 148 891 956 752 446 1401 1410 217 1187 954 187 1166 0 1467
588 1466 827 80 1021 1116 1316 1293 1021 1154 777 302 1111 1496 1182 75 1048 1270 876 1197 1276 941 1423 1177 1355 1376 1250 1237 1236 279 288 1278 309 1439 1549 640 1467 0
EOF