NAME : tsp_problem
TYPE : TSP
DIMENSION : 50
EDGE_WEIGHT_TYPE : EXPLICIT
EDGE_WEIGHT_FORMAT : FULL_MATRIX
EDGE_WEIGHT_SECTION
0 335 1318 827 695 555 670 791 677 270 1134 348 585 263 1174 702 898 641 735 1190 1099 1077 947 882 903 1223 807 632 707 388 749 634 658 930 650 1085 1063 1366 786 1338 231 380 242 274 1218 697 501 812 563 604
335 0 1014 569 390 251 365 532 372 380 829 458 327 497 870 398 639 383 430 885 795 773 643 577 645 918 549 327 402 552 445 329 400 626 346 781 759 1061 481 1033 276 346 130 241 913 392 197 508 259 299
1318 1014 0 1552 1127 840 954 1515 1080 1363 378 1441 1310 1479 532 653 1622 1366 655 556 628 544 742 759 1628 123 1532 729 1240 1534 627 1167 1383 695 1184 266 307 427 1320 399 1259 1329 1113 1224 425 659 1035 538 825 1137
827 569 1552 0 928 789 903 60 910 871 1367 949 380 988 1408 936 198 436 968 1423 1333 1311 1181 1115 204 1456 93 865 940 1043 983 867 299 1164 883 1318 1296 1599 1019 1571 768 838 622 732 1451 930 734 1045 797 837
695 390 1127 928 0 466 580 892 77 739 943 817 686 856 984 613 999 742 645 999 908 887 599 773 1004 1032 908 542 362 911 641 289 759 582 305 894 872 1175 441 1147 636 706 489 600 1027 607 226 621 473 259
555 251 840 789 466 0 135 752 448 600 656 678 547 717 696 224 860 603 257 711 621 599 469 404 865 744 769 154 477 772 271 405 620 452 421 607 585 888 557 860 497 566 350 461 739 218 272 334 85 375
670 365 954 903 580 135 0 867 562 714 770 792 661 831 811 338 974 717 371 826 735 713 583 518 979 859 883 268 592 886 385 519 734 567 535 721 699 1002 671 974 611 681 464 575 854 333 386 448 199 489
791 532 1515 60 892 752 867 0 874 835 1331 913 344 952 1371 899 162 400 932 1387 1296 1274 1144 1079 167 1420 123 829 904 1007 946 831 263 1127 847 1282 1260 1563 983 1535 732 802 585 696 1415 894 698 1009 760 801
677 372 1080 910 77 448 562 874 0 721 895 799 668 838 936 595 981 724 621 951 861 839 551 725 987 984 890 524 344 893 593 271 741 534 287 847 825 1127 423 1099 618 688 471 582 979 589 208 573 455 241
270 380 1363 871 739 600 714 835 721 0 1178 105 630 144 1219 747 942 685 779 1234 1144 1122 992 926 948 1267 852 676 751 199 794 678 703 975 694 1129 1107 1410 830 1382 391 344 286 238 1262 741 545 856 608 648
1134 829 378 1367 943 656 770 1331 895 1178 0 1256 1125 1295 183 469 1438 1181 471 206 368 195 558 575 1444 282 1348 545 1056 1350 442 983 1199 511 999 145 96 298 1135 270 1075 1145 928 1039 149 475 850 354 641 953
348 458 1441 949 817 678 792 913 799 105 1256 0 708 171 1297 825 1020 763 857 1312 1222 1200 1070 1004 1026 1345 930 754 829 127 872 756 781 1053 772 1207 1185 1488 908 1460 469 421 364 316 1340 819 623 934 686 726
585 327 1310 380 686 547 661 344 668 630 1125 708 0 746 1166 694 451 116 726 1181 1091 1069 939 873 457 1214 361 623 698 801 741 625 212 922 642 1077 1055 1357 777 1329 526 596 380 490 1209 688 493 804 555 595
263 497 1479 988 856 717 831 952 838 144 1295 171 746 0 1336 864 1059 802 896 1351 1260 1239 1108 1043 1065 1384 969 793 868 265 911 795 820 1092 811 1246 1224 1527 947 1499 463 460 403 355 1379 858 662 973 724 765
1174 870 532 1408 984 696 811 1371 936 1219 183 1297 1166 1336 0 509 1479 1222 511 96 345 171 599 615 1484 437 1388 586 1096 1391 483 1024 1239 551 1040 299 251 452 1176 424 1116 1185 969 1080 304 515 891 394 681 994
702 398 653 936 613 224 338 899 595 747 469 825 694 864 509 0 1007 750 70 525 434 412 282 217 1012 557 916 113 624 919 84 552 767 265 568 420 398 701 704 673 644 713 497 608 553 74 419 147 209 521
898 639 1622 198 999 860 974 162 981 942 1438 1020 451 1059 1479 1007 0 507 1039 1494 1403 1381 1251 1186 54 1527 262 936 1011 1114 1053 938 370 1235 954 1389 1367 1670 1090 1642 839 909 692 803 1522 1001 805 1116 867 908
641 383 1366 436 742 603 717 400 724 685 1181 763 116 802 1222 750 507 0 782 1237 1147 1125 995 929 513 1270 417 679 754 857 797 681 268 978 697 1132 1110 1413 833 1385 582 652 436 546 1265 744 548 859 611 651
735 430 655 968 645 257 371 932 621 779 471 857 726 896 511 70 1039 782 0 526 436 414 284 218 1045 559 949 146 657 951 86 584 800 267 600 422 400 702 736 674 676 746 529 640 554 76 451 149 242 554
1190 885 556 1423 999 711 826 1387 951 1234 206 1312 1181 1351 96 525 1494 1237 526 0 360 155 614 630 1499 460 1403 601 1112 1406 498 1039 1254 566 1055 322 274 475 1191 447 1131 1200 984 1095 327 530 906 409 696 1009
1099 795 628 1333 908 621 735 1296 861 1144 368 1222 1091 1260 345 434 1403 1147 436 360 0 248 523 540 1409 533 1313 510 1021 1315 408 948 1164 476 965 395 373 638 1101 610 1040 1110 894 1004 489 440 816 319 606 918
1077 773 544 1311 887 599 713 1274 839 1122 195 1200 1069 1239 171 412 1381 1125 414 155 248 0 502 518 1387 448 1291 488 999 1294 386 927 1142 454 943 311 262 464 1079 436 1018 1088 872 983 315 418 794 297 584 896
947 643 742 1181 599 469 583 1144 551 992 558 1070 939 1108 599 282 1251 995 284 614 523 502 0 388 1257 647 1161 358 865 1163 256 792 1012 86 809 509 487 790 945 762 888 958 742 853 642 288 664 236 454 762
882 577 759 1115 773 404 518 1079 725 926 575 1004 873 1043 615 217 1186 929 218 630 540 518 388 0 1192 663 1095 293 804 1098 162 731 946 371 747 526 504 807 883 779 823 893 676 787 659 222 598 253 389 701
903 645 1628 204 1004 865 979 167 987 948 1444 1026 457 1065 1484 1012 54 513 1045 1499 1409 1387 1257 1192 0 1532 267 942 1016 1120 1059 943 376 1240 960 1395 1373 1675 1096 1647 844 914 698 809 1527 1006 811 1122 873 913
1223 918 123 1456 1032 744 859 1420 984 1267 282 1345 1214 1384 437 557 1527 1270 559 460 533 448 647 663 1532 0 1436 634 1144 1439 531 1072 1287 599 1088 170 211 331 1224 303 1164 1233 1017 1128 329 563 939 442 729 1042
807 549 1532 93 908 769 883 123 890 852 1348 930 361 969 1388 916 262 417 949 1403 1313 1291 1161 1095 267 1436 0 846 920 1024 963 847 280 1144 864 1299 1277 1579 1000 1551 748 818 602 713 1431 910 715 1026 777 817
632 327 729 865 542 154 268 829 524 676 545 754 623 793 586 113 936 679 146 601 510 488 358 293 942 634 846 0 554 848 160 481 697 341 497 496 474 777 633 749 573 643 426 537 629 108 348 223 139 451
707 402 1240 940 362 477 592 904 344 751 1056 829 698 868 1096 624 1011 754 657 1112 1021 999 865 804 1016 1144 920 554 0 923 671 99 771 848 200 1007 985 1288 125 1260 648 717 501 612 1140 619 238 734 485 271
388 552 1534 1043 911 772 886 1007 893 199 1350 127 801 265 1391 919 1114 857 951 1406 1315 1294 1163 1098 1120 1439 1024 848 923 0 966 850 875 1147 866 1301 1279 1582 1002 1554 563 515 458 410 1434 913 717 1028 780 820
749 445 627 983 641 271 385 946 593 794 442 872 741 911 483 84 1053 797 86 498 408 386 256 162 1059 531 963 160 671 966 0 598 814 239 615 393 371 674 751 646 690 760 544 655 526 90 466 120 256 568
634 329 1167 867 289 405 519 831 271 678 983 756 625 795 1024 552 938 681 584 1039 948 927 792 731 943 1072 847 481 99 850 598 0 698 776 127 934 912 1215 196 1187 575 645 428 539 1067 546 165 661 412 198
658 400 1383 299 759 620 734 263 741 703 1199 781 212 820 1239 767 370 268 800 1254 1164 1142 1012 946 376 1287 280 697 771 875 814 698 0 995 715 1150 1128 1430 851 1402 599 669 453 564 1282 761 566 877 628 668
930 626 695 1164 582 452 567 1127 534 975 511 1053 922 1092 551 265 1235 978 267 566 476 454 86 371 1240 599 1144 341 848 1147 239 776 995 0 792 462 440 743 928 715 872 941 725 836 594 271 647 219 437 746
650 346 1184 883 305 421 535 847 287 694 999 772 642 811 1040 568 954 697 600 1055 965 943 809 747 960 1088 864 497 200 866 615 127 715 792 0 951 929 1231 163 1203 591 661 445 555 1083 562 182 677 429 214
1085 781 266 1318 894 607 721 1282 847 1129 145 1207 1077 1246 299 420 1389 1132 422 322 395 311 509 526 1395 170 1299 496 1007 1301 393 934 1150 462 951 0 74 313 1086 285 1026 1096 880 990 228 426 802 305 592 904
1063 759 307 1296 872 585 699 1260 825 1107 96 1185 1055 1224 251 398 1367 1110 400 274 373 262 487 504 1373 211 1277 474 985 1279 371 912 1128 440 929 74 0 328 1064 300 1004 1074 858 968 180 404 780 283 570 882
1366 1061 427 1599 1175 888 1002 1563 1127 1410 298 1488 1357 1527 452 701 1670 1413 702 475 638 464 790 807 1675 331 1579 777 1288 1582 674 1215 1430 743 1231 313 328 0 1367 87 1307 1377 1160 1271 300 706 1082 585 873 1185
786 481 1320 1019 441 557 671 983 423 830 1135 908 777 947 1176 704 1090 833 736 1191 1101 1079 945 883 1096 1224 1000 633 125 1002 751 196 851 928 163 1086 1064 1367 0 1339 727 797 580 691 1219 698 318 813 565 350
1338 1033 399 1571 1147 860 974 1535 1099 1382 270 1460 1329 1499 424 673 1642 1385 674 447 610 436 762 779 1647 303 1551 749 1260 1554 646 1187 1402 715 1203 285 300 87 1339 0 1279 1349 1132 1243 272 678 1054 557 844 1157
231 276 1259 768 636 497 611 732 618 391 1075 469 526 463 1116 644 839 582 676 1131 1040 1018 888 823 844 1164 748 573 648 563 690 575 599 872 591 1026 1004 1307 727 1279 0 358 183 252 1159 638 442 753 504 545
380 346 1329 838 706 566 681 802 688 344 1145 421 596 460 1185 713 909 652 746 1200 1110 1088 958 893 914 1233 818 643 717 515 760 645 669 941 661 1096 1074 1377 797 1349 358 0 253 154 1228 707 512 823 574 614
242 130 1113 622 489 350 464 585 471 286 928 364 380 403 969 497 692 436 529 984 894 872 742 676 698 1017 602 426 501 458 544 428 453 725 445 880 858 1160 580 1132 183 253 0 147 1012 491 296 607 358 398
274 241 1224 732 600 461 575 696 582 238 1039 316 490 355 1080 608 803 546 640 1095 1004 983 853 787 809 1128 713 537 612 410 655 539 564 836 555 990 968 1271 691 1243 252 154 147 0 1123 602 406 717 469 509
1218 913 425 1451 1027 739 854 1415 979 1262 149 1340 1209 1379 304 553 1522 1265 554 327 489 315 642 659 1527 329 1431 629 1140 1434 526 1067 1282 594 1083 228 180 300 1219 272 1159 1228 1012 1123 0 558 934 437 724 1037
697 392 659 930 607 218 333 894 589 741 475 819 688 858 515 74 1001 744 76 530 440 418 288 222 1006 563 910 108 619 913 90 546 761 271 562 426 404 706 698 678 638 707 491 602 558 0 413 153 203 516
501 197 1035 734 226 272 386 698 208 545 850 623 493 662 891 419 805 548 451 906 816 794 664 598 811 939 715 348 238 717 466 165 566 647 182 802 780 1082 318 1054 442 512 296 406 934 413 0 528 280 135
812 508 538 1045 621 334 448 1009 573 856 354 934 804 973 394 147 1116 859 149 409 319 297 236 253 1122 442 1026 223 734 1028 120 661 877 219 677 305 283 585 813 557 753 823 607 717 437 153 528 0 319 631
563 259 825 797 473 85 199 760 455 608 641 686 555 724 681 209 867 611 242 696 606 584 454 389 873 729 777 139 485 780 256 412 628 437 429 592 570 873 565 844 504 574 358 469 724 203 280 319 0 382
604 299 1137 837 259 375 489 801 241 648 953 726 595 765 994 521 908 651 554 1009 918 896 762 701 913 1042 817 451 271 820 568 198 668 746 214 904 882 1185 350 1157 545 614 398 509 1037 516 135 631 382 0
EOF