NAME : tsp_problem
TYPE : TSP
DIMENSION : 58
EDGE_WEIGHT_TYPE : EXPLICIT
EDGE_WEIGHT_FORMAT : FULL_MATRIX
EDGE_WEIGHT_SECTION
0 225 362 678 666 675 565 501 662 399 132 253 816 375 194 277 1040 601 654 283 664 982 345 900 525 99 431 890 415 573 712 328 432 476 373 412 1232 968 217 358 595 138 144 317 302 881 332 203 296 562 499 511 1361 298 361 195 727 468
225 0 455 771 725 768 625 320 755 217 324 310 908 193 386 175 1133 694 746 376 757 1075 405 992 343 292 523 983 312 632 772 421 525 295 191 505 1325 1061 244 176 655 230 127 410 120 974 392 100 193 655 317 329 1179 116 179 93 789 286
362 455 0 440 522 369 422 731 356 629 462 418 512 605 523 507 737 363 416 448 426 679 644 596 755 429 291 587 633 410 477 189 126 706 603 273 929 664 446 588 431 303 374 178 531 578 662 433 526 324 728 740 1591 527 590 425 489 698
678 771 440 0 177 396 267 1047 383 944 700 733 821 920 680 822 1046 123 84 763 84 988 489 905 1070 735 607 896 949 255 132 391 375 1019 919 588 1238 973 762 903 276 618 690 401 847 887 531 748 841 160 1044 1056 1907 843 906 741 144 1013
666 725 522 177 0 478 237 985 465 899 558 815 903 875 539 777 1128 231 192 845 192 1070 427 987 1009 593 689 978 915 337 69 473 457 877 873 670 1320 1055 844 858 267 700 730 482 752 968 413 669 796 268 999 1011 1845 753 861 695 86 952
675 768 369 396 478 0 378 1044 49 941 774 730 751 917 791 819 975 319 372 760 382 917 600 835 1067 741 580 825 946 366 433 431 304 1019 916 585 1167 903 759 900 387 615 687 441 844 816 642 745 838 280 1041 1053 1904 840 903 738 445 1010
565 625 422 267 237 378 0 885 365 799 457 716 803 775 438 677 1028 261 282 745 283 970 326 887 908 492 589 878 814 237 283 373 357 776 773 570 1220 956 744 757 85 600 629 383 651 869 313 568 695 222 898 910 1744 652 760 595 300 851
940 759 1170 1486 1424 1483 1323 0 1470 811 1040 1012 1624 788 1101 890 1848 1409 1462 1078 1472 1790 1104 1707 583 1007 1239 1698 912 1331 1470 1136 1240 888 786 1220 2040 1776 959 770 1354 945 842 1125 713 1689 1091 815 909 1370 911 923 911 709 773 808 1487 673
662 755 356 383 465 49 365 1031 0 928 761 717 738 904 778 807 962 306 359 747 369 904 587 822 1054 728 567 812 933 353 420 418 291 1006 903 572 1154 890 746 887 374 602 674 428 831 803 629 732 825 268 1028 1040 1891 827 890 725 432 998
399 217 629 944 899 941 799 373 928 0 498 392 1082 112 560 287 1307 867 920 458 931 1249 579 1166 396 465 697 1157 292 806 945 595 698 370 166 678 1499 1234 360 150 829 404 301 584 195 1147 566 274 295 829 152 164 1232 191 153 266 962 339
132 324 462 700 558 774 457 601 761 498 0 352 915 474 86 376 1140 693 715 382 715 1081 238 999 624 78 530 989 514 465 604 428 531 576 472 511 1332 1067 316 457 487 237 243 417 401 980 224 302 395 655 598 610 1460 397 460 294 621 567
253 310 418 733 815 730 716 573 717 392 352 0 871 368 414 150 1096 656 709 95 720 1038 565 955 596 319 486 946 256 703 770 384 487 561 260 467 1288 1023 92 276 724 140 229 373 387 936 552 288 159 618 492 503 1433 383 301 235 782 540
816 908 512 821 903 751 803 1185 738 1082 915 871 0 1058 977 960 262 744 797 901 807 204 1025 121 1208 882 463 172 1087 791 858 642 508 1160 1056 482 454 236 900 1041 812 756 828 632 985 103 1067 886 979 706 1182 1194 2044 981 1044 878 870 1151
375 193 605 920 875 917 775 349 904 112 474 368 1058 0 536 263 1283 843 896 434 907 1225 555 1142 372 441 673 1133 268 782 921 571 674 346 142 655 1475 1210 336 126 805 380 277 560 171 1124 542 250 271 805 179 191 1208 167 129 243 938 315
194 386 523 680 539 791 438 662 778 560 86 414 977 536 0 438 1201 674 695 444 696 1143 218 1061 686 121 592 1051 576 445 585 489 593 574 534 573 1393 1129 378 519 468 299 305 478 449 1042 205 364 457 635 660 671 1522 450 522 356 602 629
277 175 507 822 777 819 677 451 807 287 376 150 960 263 438 0 1185 745 798 216 809 1127 457 1044 474 343 575 1035 152 684 823 473 577 426 155 557 1377 1112 119 171 707 261 179 462 251 1026 444 152 54 707 387 399 1311 247 197 115 840 417
1040 1133 737 1046 1128 975 1028 1409 962 1307 1140 1096 262 1283 1201 1185 0 969 1022 1126 1032 81 1249 165 1433 1107 687 185 1311 1016 1083 867 732 1384 1281 706 510 92 1124 1266 1036 981 1052 856 1209 228 1292 1111 1204 930 1407 1418 2269 1206 1268 1103 1095 1376
601 694 363 123 231 319 261 970 306 867 693 656 744 843 674 745 969 0 91 686 102 911 482 828 993 667 530 819 872 249 186 314 298 945 842 511 1161 896 685 826 269 541 613 324 770 810 524 671 764 119 967 979 1830 766 829 664 198 936
654 746 416 84 192 372 282 1023 359 920 715 709 797 896 695 798 1022 91 0 739 99 963 504 881 1046 720 583 872 925 270 147 367 350 998 894 564 1214 949 738 879 291 594 666 376 823 862 546 724 817 129 1020 1032 1882 819 882 716 159 989
283 376 448 763 845 760 745 639 747 458 382 95 901 434 444 216 1126 686 739 0 749 1067 595 985 662 349 516 975 218 733 800 414 517 627 326 497 1318 1053 158 342 754 169 295 403 452 966 582 353 224 648 557 569 1499 448 367 300 812 605
664 757 426 84 192 382 283 1033 369 931 715 720 807 907 696 809 1032 102 99 749 0 974 504 891 1056 730 593 882 935 271 148 377 361 1008 905 574 1224 960 748 889 291 604 676 387 833 873 546 734 828 139 1030 1042 1893 829 892 727 159 1000
982 1075 679 988 1070 917 970 1351 904 1249 1081 1038 204 1225 1143 1127 81 911 963 1067 974 0 1191 107 1374 1048 629 147 1253 958 1025 809 674 1326 1223 648 553 54 1066 1207 978 922 994 798 1151 202 1233 1052 1146 872 1348 1360 2211 1147 1210 1045 1037 1318
345 405 644 489 427 600 326 665 587 579 238 565 1025 555 218 457 1249 482 504 595 504 1191 0 1109 688 272 743 1099 595 318 473 594 578 557 553 725 1442 1177 527 538 356 450 410 604 432 1090 93 348 476 444 679 690 1525 432 541 375 490 631
900 992 596 905 987 835 887 1269 822 1166 999 955 121 1142 1061 1044 165 828 881 985 891 107 1109 0 1292 966 546 231 1170 875 942 726 592 1243 1140 565 470 138 984 1125 896 840 911 715 1069 119 1151 970 1063 790 1266 1278 2128 1065 1128 962 954 1235
919 737 1148 1464 1402 1461 1302 538 1448 790 1018 990 1602 766 1079 868 1826 1387 1440 1056 1450 1768 1082 1686 0 985 1217 1676 890 1309 1449 1114 1218 866 764 1198 2019 1754 938 749 1332 924 821 1104 692 1667 1069 794 887 1348 890 901 889 688 751 786 1466 651
99 292 429 735 593 741 492 568 728 465 78 319 882 441 121 343 1107 667 720 349 730 1048 272 966 591 0 497 957 481 500 639 395 498 543 440 478 1299 1034 283 424 522 204 211 384 368 947 259 269 362 629 565 577 1427 364 427 262 656 534
431 523 291 607 689 580 589 800 567 697 530 486 463 673 592 575 687 530 583 516 593 629 743 546 823 497 0 537 702 577 644 257 337 775 671 74 879 615 515 656 598 371 443 247 600 528 730 501 594 491 797 809 1659 596 659 493 656 766
890 983 587 896 978 825 878 1259 812 1157 989 946 172 1133 1051 1035 185 819 872 975 882 147 1099 231 1283 957 537 0 1161 866 933 717 582 1234 1131 556 589 108 974 1116 886 830 902 706 1059 237 1141 961 1054 780 1256 1268 2119 1055 1118 953 945 1226
415 312 633 949 915 946 814 473 933 292 514 256 1087 268 576 152 1311 872 925 218 935 1253 595 1170 496 481 702 1161 0 822 961 599 703 470 160 683 1503 1239 225 176 845 365 317 588 296 1152 582 290 160 833 392 403 1333 292 201 236 978 440
573 632 410 255 337 366 237 892 353 806 465 703 791 782 445 684 1016 249 270 733 271 958 318 875 916 500 577 866 822 0 292 361 345 784 780 558 1208 943 732 765 246 588 637 371 659 857 320 576 703 210 906 918 1752 660 768 602 304 859
712 772 477 132 69 433 283 1031 420 945 604 770 858 921 585 823 1083 186 147 800 148 1025 473 942 1055 639 644 933 961 292 0 428 412 923 920 625 1275 1011 799 904 313 655 727 438 798 924 460 715 842 223 1045 1057 1891 799 907 742 70 998
328 421 189 391 473 431 373 697 418 595 428 384 642 571 489 473 867 314 367 414 377 809 594 726 721 395 257 717 599 361 428 0 259 672 569 239 1059 795 413 554 381 269 340 63 497 708 628 399 492 275 695 706 1557 494 557 391 440 664
432 525 126 375 457 304 357 801 291 698 531 487 508 674 593 577 732 298 350 517 361 674 578 592 824 498 337 582 703 345 412 259 0 776 673 342 924 660 516 657 365 372 444 248 601 573 620 502 595 259 798 810 1661 597 660 495 423 768
476 295 706 1019 877 1019 776 449 1006 370 576 561 1160 346 574 426 1384 945 998 627 1008 1326 557 1243 473 543 775 1234 470 784 923 672 776 0 344 756 1576 1312 495 329 807 482 378 661 216 1225 544 352 445 906 470 482 1309 217 332 344 940 416
373 191 603 919 873 916 773 347 903 166 472 260 1056 142 534 155 1281 842 894 326 905 1223 553 1140 370 440 671 1131 160 780 920 569 673 344 0 653 1473 1209 228 57 803 371 275 558 169 1122 540 248 163 803 265 277 1207 166 75 239 937 313
412 505 273 588 670 585 570 781 572 678 511 467 482 655 573 557 706 511 564 497 574 648 725 565 804 478 74 556 683 558 625 239 342 756 653 0 898 634 496 637 579 352 424 228 581 547 711 482 575 473 778 790 1641 577 640 475 637 748
1232 1325 929 1238 1320 1167 1220 1601 1154 1499 1332 1288 454 1475 1393 1377 510 1161 1214 1318 1224 553 1442 470 1625 1299 879 589 1503 1208 1275 1059 924 1576 1473 898 0 581 1317 1458 1229 1173 1244 1048 1401 389 1484 1303 1396 1122 1599 1610 2461 1398 1461 1295 1287 1568
968 1061 664 973 1055 903 956 1337 890 1234 1067 1023 236 1210 1129 1112 92 896 949 1053 960 54 1177 138 1360 1034 615 108 1239 943 1011 795 660 1312 1209 634 581 0 1052 1193 964 908 980 784 1137 233 1219 1038 1131 858 1334 1346 2197 1133 1196 1031 1022 1303
217 244 446 762 844 759 744 521 746 360 316 92 900 336 378 119 1124 685 738 158 748 1066 527 984 544 283 515 974 225 732 799 413 516 495 228 496 1317 1052 0 244 753 203 163 402 321 965 513 222 127 647 460 472 1380 317 270 203 811 487
358 176 588 903 858 900 757 332 887 150 457 276 1041 126 519 171 1266 826 879 342 889 1207 538 1125 355 424 656 1116 176 765 904 554 657 329 57 637 1458 1193 244 0 788 363 260 543 154 1106 525 233 179 788 250 262 1191 150 60 225 921 298
595 655 431 276 267 387 85 915 374 829 487 724 812 805 468 707 1036 269 291 754 291 978 356 896 938 522 598 886 845 246 313 381 365 807 803 579 1229 964 753 788 0 609 660 391 681 877 343 598 726 231 928 940 1775 682 790 625 325 881
138 230 303 618 700 615 600 507 602 404 237 140 756 380 299 261 981 541 594 169 604 922 450 840 530 204 371 830 365 588 655 269 372 482 371 352 1173 908 203 363 609 0 149 258 307 821 437 208 269 503 504 516 1366 303 366 200 667 473
144 127 374 690 730 687 629 404 674 301 243 229 828 277 305 179 1052 613 666 295 676 994 410 911 427 211 443 902 317 637 727 340 444 378 275 424 1244 980 163 260 660 149 0 329 204 893 396 105 198 574 401 413 1263 200 263 97 739 370
317 410 178 401 482 441 383 686 428 584 417 373 632 560 478 462 856 324 376 403 387 798 604 715 710 384 247 706 588 371 438 63 248 661 558 228 1048 784 402 543 391 258 329 0 486 697 617 388 481 285 684 695 1546 483 546 380 449 653
302 120 531 847 752 844 651 274 831 195 401 387 985 171 449 251 1209 770 823 452 833 1151 432 1069 298 368 600 1059 296 659 798 497 601 216 169 581 1401 1137 321 154 681 307 204 486 0 1050 418 177 270 731 295 307 1134 71 157 169 815 241
881 974 578 887 968 816 869 1250 803 1147 980 936 103 1124 1042 1026 228 810 862 966 873 202 1090 119 1273 947 528 237 1152 857 924 708 573 1225 1122 547 389 233 965 1106 877 821 893 697 1050 0 1132 951 1044 771 1247 1259 2110 1046 1109 944 935 1217
332 392 662 531 413 642 313 652 629 566 224 552 1067 542 205 444 1292 524 546 582 546 1233 93 1151 675 259 730 1141 582 320 460 628 620 544 540 711 1484 1219 513 525 343 437 396 617 418 1132 0 335 463 486 665 677 1511 419 527 362 477 618
203 100 433 748 669 745 568 377 732 274 302 288 886 250 364 152 1111 671 724 353 734 1052 348 970 400 269 501 961 290 576 715 399 502 352 248 482 1303 1038 222 233 598 208 105 388 177 951 335 0 171 633 374 386 1236 173 236 70 732 343
296 193 526 841 796 838 695 470 825 295 395 159 979 271 457 54 1204 764 817 224 828 1146 476 1063 493 362 594 1054 160 703 842 492 595 445 163 575 1396 1131 127 179 726 269 198 481 270 1044 463 171 0 726 395 407 1329 266 205 134 859 436
562 655 324 160 268 280 222 931 268 829 655 618 706 805 635 707 930 119 129 648 139 872 444 790 955 629 491 780 833 210 223 275 259 906 803 473 1122 858 647 788 231 503 574 285 731 771 486 633 726 0 929 940 1791 728 791 625 235 898
499 317 728 1044 999 1041 898 472 1028 152 598 492 1182 179 660 387 1407 967 1020 557 1030 1348 679 1266 496 565 797 1256 392 906 1045 695 798 470 265 778 1599 1334 460 250 928 504 401 684 295 1247 665 374 395 929 0 108 1332 291 253 366 1062 439
511 329 740 1056 1011 1053 910 484 1040 164 610 503 1194 191 671 399 1418 979 1032 569 1042 1360 690 1278 508 577 809 1268 403 918 1057 706 810 482 277 790 1610 1346 472 262 940 516 413 695 307 1259 677 386 407 940 108 0 1344 303 265 378 1074 451
1378 1197 1608 1924 1862 1921 1762 997 1908 1250 1478 1450 2062 1226 1539 1328 2286 1847 1900 1516 1910 2228 1542 2145 1021 1445 1677 2136 1350 1769 1908 1574 1678 1326 1224 1658 2478 2214 1397 1208 1792 1384 1280 1563 1151 2127 1529 1254 1347 1808 1349 1361 0 1148 1211 1246 1925 1111
298 116 527 843 753 840 652 271 827 191 397 383 981 167 450 247 1206 766 819 448 829 1147 432 1065 294 364 596 1055 292 660 799 494 597 217 166 577 1398 1133 317 150 682 303 200 483 71 1046 419 173 266 728 291 303 1130 0 153 165 816 237
361 179 590 906 861 903 760 334 890 153 460 301 1044 129 522 197 1268 829 882 367 892 1210 541 1128 358 427 659 1118 201 768 907 557 660 332 75 640 1461 1196 270 60 790 366 263 546 157 1109 527 236 205 791 253 265 1194 153 0 228 924 301
195 93 425 741 695 738 595 369 725 266 294 235 878 243 356 115 1103 664 716 300 727 1045 375 962 392 262 493 953 236 602 742 391 495 344 239 475 1295 1031 203 225 625 200 97 380 169 944 362 70 134 625 366 378 1229 165 228 0 759 336
727 789 489 144 86 445 300 1048 432 962 621 782 870 938 602 840 1095 198 159 812 159 1037 490 954 1072 656 656 945 978 304 70 440 423 940 937 637 1287 1022 811 921 325 667 739 449 815 935 477 732 859 235 1062 1074 1908 816 924 759 0 1015
468 286 698 1013 952 1010 851 234 998 339 567 540 1151 315 629 417 1376 936 989 605 1000 1318 631 1235 257 534 766 1226 440 859 998 664 768 416 313 748 1568 1303 487 298 881 473 370 653 241 1217 618 343 436 898 439 451 1093 237 301 336 1015 0
EOF