NAME : tsp_problem
TYPE : TSP
DIMENSION : 56
EDGE_WEIGHT_TYPE : EXPLICIT
EDGE_WEIGHT_FORMAT : FULL_MATRIX
EDGE_WEIGHT_SECTION
0 721 388 203 593 517 758 382 565 203 583 451 715 672 663 371 618 637 667 561 484 729 312 325 295 386 356 841 653 648 374 310 813 482 636 813 414 314 667 923 344 662 443 489 394 342 905 364 236 557 483 701 395 479 453 779
721 0 1025 761 443 762 1316 890 197 761 377 1009 1273 144 457 935 133 223 140 355 1042 48 668 1003 853 886 609 1399 1211 132 498 947 1371 476 144 606 1051 503 461 1481 468 248 835 795 952 979 1463 1045 642 209 500 287 1032 813 817 1337
388 1025 0 476 897 488 824 354 869 471 887 528 781 976 967 343 922 941 971 865 548 1033 616 297 201 358 660 907 719 952 678 96 878 786 940 1117 59 618 971 989 648 966 414 460 458 70 971 336 540 861 787 1005 45 450 424 845
203 761 476 0 633 679 607 545 605 98 623 302 564 711 703 533 658 677 707 601 355 769 352 488 305 549 395 690 502 687 414 399 661 522 675 853 502 354 707 772 384 702 605 651 265 431 753 526 276 596 523 741 484 641 615 627
593 443 897 633 0 650 1188 778 287 633 226 881 1145 394 306 823 340 359 389 226 914 451 310 878 725 774 275 1271 1083 370 241 819 1243 129 358 557 923 375 311 1353 302 384 723 684 824 851 1335 917 401 279 142 423 904 701 705 1209
517 762 488 679 650 0 1064 254 606 680 640 768 1021 713 720 299 659 678 708 619 788 770 682 356 442 250 611 1147 959 689 562 411 1119 540 677 771 514 441 725 1229 531 703 199 159 698 443 1211 425 643 598 578 742 495 177 85 1085
758 1316 824 607 1188 1064 0 930 1160 601 1178 549 91 1267 1258 918 1213 1233 1262 1157 295 1324 907 873 652 934 951 404 216 1243 970 746 117 1078 1231 1408 850 910 1263 208 939 1258 990 1036 502 778 347 911 832 1152 1078 1297 831 1026 1000 152
382 890 354 545 778 254 930 0 734 545 768 634 886 840 848 94 787 806 836 746 653 897 654 138 307 103 698 1013 825 816 689 276 984 668 804 898 380 569 853 1095 659 831 192 131 563 308 1076 291 578 725 706 870 361 121 309 950
565 197 869 605 287 606 1160 734 0 605 221 853 1117 148 301 779 94 113 143 199 886 205 512 847 697 730 454 1243 1056 124 342 791 1215 320 112 450 895 347 305 1326 312 138 679 640 796 824 1307 889 486 56 344 177 876 657 661 1181
203 761 471 98 633 680 601 545 605 0 623 296 558 712 703 534 658 677 707 602 349 769 352 488 299 549 396 684 496 688 414 393 655 523 676 853 497 355 708 766 384 703 606 652 259 425 748 527 276 597 523 741 478 642 615 622
583 377 887 623 226 640 1178 768 221 623 0 871 1135 327 141 813 274 293 323 160 904 384 451 868 715 764 417 1261 1074 303 360 809 1233 271 291 491 913 365 145 1344 330 318 713 674 814 842 1325 907 504 212 284 357 894 691 695 1199
451 1009 528 302 881 768 549 634 853 296 871 0 506 960 951 623 906 925 955 849 390 1017 600 577 356 638 644 632 444 936 662 451 604 771 924 1101 554 603 956 714 632 950 694 740 317 483 696 616 524 845 771 989 535 730 704 570
715 1273 781 564 1145 1021 91 886 1117 558 1135 506 0 1224 1215 875 1170 1189 1219 1114 252 1281 864 830 609 891 908 361 173 1200 926 703 147 1035 1188 1365 807 867 1220 238 896 1214 947 993 459 735 377 868 788 1109 1035 1253 788 983 957 182
672 144 976 711 394 713 1267 840 148 712 327 960 1224 0 407 885 84 174 41 306 993 152 619 954 804 836 560 1350 1162 82 449 898 1321 427 94 556 1002 454 412 1432 418 199 785 746 903 930 1414 995 593 159 451 238 983 763 768 1288
663 457 967 703 306 720 1258 848 301 703 141 951 1215 407 0 893 354 373 403 240 984 465 532 948 795 844 497 1341 1154 383 440 889 1313 351 371 571 993 445 58 1424 410 398 793 754 894 922 1405 987 584 292 364 437 974 771 775 1279
371 935 343 533 823 299 918 94 779 534 813 623 875 885 893 0 832 851 881 792 642 943 643 126 296 98 686 1001 813 861 705 265 973 713 849 943 369 614 898 1084 675 876 237 176 552 297 1065 280 567 770 751 915 350 166 337 939
618 133 922 658 340 659 1213 787 94 658 274 906 1170 84 354 832 0 120 79 252 939 141 565 900 750 783 506 1296 1108 71 395 844 1268 373 83 503 948 400 358 1378 365 145 732 692 849 876 1360 942 539 106 397 184 929 710 714 1234
637 223 941 677 359 678 1233 806 113 677 293 925 1189 174 373 851 120 0 169 271 958 231 584 919 769 802 526 1316 1128 150 414 864 1287 392 138 522 967 420 377 1398 384 115 751 712 868 896 1379 961 558 125 416 198 948 729 733 1253
667 140 971 707 389 708 1262 836 143 707 323 955 1219 41 403 881 79 169 0 301 988 148 614 949 799 832 556 1345 1158 78 444 893 1317 422 90 552 997 449 407 1428 414 194 781 742 898 926 1409 991 588 155 446 233 978 759 763 1283
561 355 865 601 226 619 1157 746 199 602 160 849 1114 306 240 792 252 271 301 0 882 363 451 847 693 742 417 1240 1052 282 338 788 1211 271 270 469 891 344 244 1322 308 296 691 652 792 820 1303 885 482 191 284 335 873 670 674 1177
484 1042 548 355 914 788 295 653 886 349 904 390 252 993 984 642 939 958 988 882 0 1050 633 597 376 657 677 378 190 969 695 470 349 804 957 1134 574 636 989 460 665 983 714 760 226 502 441 635 557 878 804 1022 555 750 724 316
729 48 1033 769 451 770 1324 897 205 769 384 1017 1281 152 465 943 141 231 148 363 1050 0 676 1011 861 893 617 1407 1219 140 506 955 1379 484 151 613 1059 511 469 1489 475 256 842 803 960 987 1471 1053 650 217 508 295 1040 821 825 1345
312 668 616 352 310 682 907 654 512 352 451 600 864 619 532 643 565 584 614 451 633 676 0 597 444 658 109 990 802 595 205 538 962 225 583 773 642 275 536 1072 267 609 714 716 543 570 1054 636 120 504 199 648 623 733 724 928
325 1003 297 488 878 356 873 138 847 488 868 577 830 954 948 126 900 919 949 847 597 1011 597 0 250 142 641 956 768 930 659 219 927 768 918 1012 323 600 953 1038 629 944 282 244 506 251 1019 234 521 839 768 983 304 234 291 894
295 853 201 305 725 442 652 307 697 299 715 356 609 804 795 296 750 769 799 693 376 861 444 250 0 311 488 735 547 780 506 124 707 615 768 945 227 447 800 817 476 794 368 414 286 156 799 289 368 689 615 833 209 403 377 673
386 886 358 549 774 250 934 103 730 549 764 638 891 836 844 98 783 802 832 742 657 893 658 142 311 0 702 1017 829 812 685 280 988 664 800 894 384 565 849 1099 655 827 188 127 567 312 1080 295 582 721 702 866 365 117 304 954
356 609 660 395 275 611 951 698 454 396 417 644 908 560 497 686 506 526 556 417 677 617 109 641 488 702 0 1034 846 536 170 582 1005 190 524 701 686 203 501 1116 232 551 683 644 587 614 1098 679 200 445 165 590 667 661 666 972
841 1399 907 690 1271 1147 404 1013 1243 684 1261 632 361 1350 1341 1001 1296 1316 1345 1240 378 1407 990 956 735 1017 1034 0 213 1326 1053 829 331 1161 1314 1491 933 993 1346 229 1022 1341 1073 1119 585 862 162 994 915 1235 1161 1380 914 1109 1083 297
653 1211 719 502 1083 959 216 825 1056 496 1074 444 173 1162 1154 813 1108 1128 1158 1052 190 1219 802 768 547 829 846 213 0 1138 865 641 184 973 1126 1303 745 805 1158 295 834 1153 885 931 397 674 276 807 727 1047 973 1192 726 921 895 150
648 132 952 687 370 689 1243 816 124 688 303 936 1200 82 383 861 71 150 78 282 969 140 595 930 780 812 536 1326 1138 0 425 874 1298 403 82 532 978 430 388 1408 394 175 761 722 879 906 1390 972 569 136 427 214 959 739 744 1264
374 498 678 414 241 562 970 689 342 414 360 662 926 449 440 705 395 414 444 338 695 506 205 659 506 685 170 1053 865 425 0 600 1024 156 413 590 704 157 444 1135 91 439 634 595 605 633 1116 698 295 334 130 478 685 612 617 990
310 947 96 399 819 411 746 276 791 393 809 451 703 898 889 265 844 864 893 788 470 955 538 219 124 280 582 829 641 874 600 0 801 709 862 1039 122 541 894 912 570 889 337 383 380 50 893 258 463 783 709 928 103 373 346 767
813 1371 878 661 1243 1119 117 984 1215 655 1233 604 147 1321 1313 973 1268 1287 1317 1211 349 1379 962 927 707 988 1005 331 184 1298 1024 801 0 1132 1285 1463 904 964 1317 133 994 1312 1045 1090 557 833 273 966 886 1206 1133 1351 886 1080 1054 78
482 476 786 522 129 540 1078 668 320 523 271 771 1035 427 351 713 373 392 422 271 804 484 225 768 615 664 190 1161 973 403 156 709 1132 0 391 568 813 265 355 1243 217 418 613 573 713 741 1225 806 316 312 57 457 794 591 595 1099
636 144 940 675 358 677 1231 804 112 676 291 924 1188 94 371 849 83 138 90 270 957 151 583 918 768 800 524 1314 1126 82 413 862 1285 391 0 520 966 418 376 1396 382 163 749 710 867 894 1378 960 557 124 415 202 947 727 732 1252
813 606 1117 853 557 771 1408 898 450 853 491 1101 1365 556 571 943 503 522 552 469 1134 613 773 1012 945 894 701 1491 1303 532 590 1039 1463 568 520 0 1143 595 575 1573 559 547 843 804 1044 1071 1555 1137 734 441 606 586 1124 821 826 1429
414 1051 59 502 923 514 850 380 895 497 913 554 807 1002 993 369 948 967 997 891 574 1059 642 323 227 384 686 933 745 978 704 122 904 813 966 1143 0 644 997 1015 674 992 440 486 484 96 997 362 566 887 813 1031 55 476 450 871
314 503 618 354 375 441 910 569 347 355 365 603 867 454 445 614 400 420 449 344 636 511 275 600 447 565 203 993 805 430 157 541 964 265 418 595 644 0 450 1075 126 445 514 474 545 573 1056 638 235 339 265 484 626 492 496 931
667 461 971 707 311 725 1263 853 305 708 145 956 1220 412 58 898 358 377 407 244 989 469 536 953 800 849 501 1346 1158 388 444 894 1317 355 376 575 997 450 0 1428 414 402 798 758 898 926 1410 991 588 297 368 441 979 776 780 1284
923 1481 989 772 1353 1229 208 1095 1326 766 1344 714 238 1432 1424 1084 1378 1398 1428 1322 460 1489 1072 1038 817 1099 1116 229 295 1408 1135 912 133 1243 1396 1573 1015 1075 1428 0 1104 1423 1155 1201 667 944 154 1077 997 1317 1243 1462 996 1191 1165 169
344 468 648 384 302 531 939 659 312 384 330 632 896 418 410 675 365 384 414 308 665 475 267 629 476 655 232 1022 834 394 91 570 994 217 382 559 674 126 414 1104 0 409 604 565 575 602 1086 668 265 303 192 448 655 582 586 960
662 248 966 702 384 703 1258 831 138 703 318 950 1214 199 398 876 145 115 194 296 983 256 609 944 794 827 551 1341 1153 175 439 889 1312 418 163 547 992 445 402 1423 409 0 776 737 893 921 1404 986 583 150 442 223 973 754 758 1278
443 835 414 605 723 199 990 192 679 606 713 694 947 785 793 237 732 751 781 691 714 842 714 282 368 188 683 1073 885 761 634 337 1045 613 749 843 440 514 798 1155 604 776 0 98 624 369 1137 351 639 670 651 815 421 115 254 1011
489 795 460 651 684 159 1036 131 640 652 674 740 993 746 754 176 692 712 742 652 760 803 716 244 414 127 644 1119 931 722 595 383 1090 573 710 804 486 474 758 1201 565 737 98 0 670 415 1183 397 677 631 612 776 467 76 214 1057
394 952 458 265 824 698 502 563 796 259 814 317 459 903 894 552 849 868 898 792 226 960 543 506 286 567 587 585 397 879 605 380 557 713 867 1044 484 545 898 667 575 893 624 670 0 412 649 545 467 788 714 932 465 660 633 523
342 979 70 431 851 443 778 308 824 425 842 483 735 930 922 297 876 896 926 820 502 987 570 251 156 312 614 862 674 906 633 50 833 741 894 1071 96 573 926 944 602 921 369 415 412 0 925 290 495 815 741 960 77 405 379 799
905 1463 971 753 1335 1211 347 1076 1307 748 1325 696 377 1414 1405 1065 1360 1379 1409 1303 441 1471 1054 1019 799 1080 1098 162 276 1390 1116 893 273 1225 1378 1555 997 1056 1410 154 1086 1404 1137 1183 649 925 0 1058 978 1299 1225 1443 978 1173 1147 308
364 1045 336 526 917 425 911 291 889 527 907 616 868 995 987 280 942 961 991 885 635 1053 636 234 289 295 679 994 807 972 698 258 966 806 960 1137 362 638 991 1077 668 986 351 397 545 290 1058 0 560 881 807 1025 343 387 361 932
236 642 540 276 401 643 832 578 486 276 504 524 788 593 584 567 539 558 588 482 557 650 120 521 368 582 200 915 727 569 295 463 886 316 557 734 566 235 588 997 265 583 639 677 467 495 978 560 0 478 291 622 547 675 649 852
557 209 861 596 279 598 1152 725 56 597 212 845 1109 159 292 770 106 125 155 191 878 217 504 839 689 721 445 1235 1047 136 334 783 1206 312 124 441 887 339 297 1317 303 150 670 631 788 815 1299 881 478 0 336 189 868 648 653 1173
483 500 787 523 142 578 1078 706 344 523 284 771 1035 451 364 751 397 416 446 284 804 508 199 768 615 702 165 1161 973 427 130 709 1133 57 415 606 813 265 368 1243 192 442 651 612 714 741 1225 807 291 336 0 480 794 629 633 1099
1140 726 1444 1180 862 1181 1735 1309 616 1180 796 1428 1692 676 876 1354 623 637 672 774 1461 734 1087 1422 1272 1305 1028 1818 1631 652 917 1366 1790 895 640 1025 1470 922 880 1901 887 662 1254 1215 1371 1399 1882 1464 1061 628 919 0 1451 1232 1236 1756
395 1032 45 484 904 495 831 361 876 478 894 535 788 983 974 350 929 948 978 873 555 1040 623 304 209 365 667 914 726 959 685 103 886 794 947 1124 55 626 979 996 655 973 421 467 465 77 978 343 547 868 794 1012 0 457 431 852
479 813 450 641 701 177 1026 121 657 642 691 730 983 763 771 166 710 729 759 670 750 821 733 234 403 117 661 1109 921 739 612 373 1080 591 727 821 476 492 776 1191 582 754 115 76 660 405 1173 387 675 648 629 793 457 0 232 1047
453 817 424 615 705 85 1000 309 661 615 695 704 957 768 775 337 714 733 763 674 724 825 724 291 377 304 666 1083 895 744 617 346 1054 595 732 826 450 496 780 1165 586 758 254 214 633 379 1147 361 649 653 633 797 431 232 0 1021
779 1337 845 627 1209 1085 152 950 1181 622 1199 570 182 1288 1279 939 1234 1253 1283 1177 316 1345 928 894 673 954 972 297 150 1264 990 767 78 1099 1252 1429 871 931 1284 169 960 1278 1011 1057 523 799 308 932 852 1173 1099 1317 852 1047 1021 0
EOF