NAME : tsp_problem
TYPE : TSP
DIMENSION : 64
EDGE_WEIGHT_TYPE : EXPLICIT
EDGE_WEIGHT_FORMAT : FULL_MATRIX
EDGE_WEIGHT_SECTION
0 1294 1103 635 802 1045 830 1054 1215 932 897 1139 994 388 1091 1291 1305 537 1066 1291 207 1146 1115 913 756 1028 923 1215 1382 865 1193 805 1375 1311 1216 779 529 641 1510 757 983 753 681 1176 1196 515 834 1112 1212 339 980 621 378 1069 823 66 831 1101 935 1269 466 982 973 1011
1743 0 1010 1166 1423 864 1452 1189 626 1313 1360 971 943 1388 709 910 924 1953 1046 910 1712 765 920 1130 1378 847 937 626 1000 1487 811 1427 993 575 627 1162 1945 1154 754 1141 933 1136 1117 795 872 1307 1276 1163 849 1490 1263 1173 1819 1179 1378 1762 1453 720 884 680 1299 1490 922 830
1103 561 0 526 784 327 812 668 482 792 812 70 233 749 372 479 493 1314 54 479 1072 357 119 234 738 310 373 482 663 847 381 788 657 578 483 523 1305 514 778 501 244 496 478 249 170 668 636 643 494 851 742 533 1180 658 738 1122 813 333 304 536 659 897 257 293
635 717 526 0 313 468 342 566 638 444 409 562 417 279 514 714 728 845 489 714 604 570 538 336 268 451 346 638 805 377 616 317 798 734 639 202 837 69 933 180 406 176 102 599 619 299 315 624 635 381 492 88 712 581 335 654 343 524 358 692 189 494 396 434
802 974 784 313 0 726 60 451 896 329 293 819 675 445 771 971 985 1012 747 971 771 827 796 594 70 709 603 896 1062 105 873 38 1056 992 897 327 1004 320 1191 367 664 376 360 857 877 466 231 509 812 547 376 300 878 466 220 821 61 782 616 949 356 379 653 692
1045 415 327 468 726 0 755 370 337 494 541 288 246 691 212 412 426 1256 363 412 1014 268 237 445 680 120 239 337 503 790 314 730 497 433 338 465 1247 457 632 443 235 438 420 298 318 610 578 344 195 793 444 476 1122 360 605 1065 755 223 187 390 602 671 224 103
830 1003 812 342 60 755 0 479 924 357 322 848 704 474 800 1000 1014 1041 776 1000 799 856 824 623 99 738 632 924 1091 103 902 57 1084 1020 925 355 1032 348 1219 396 693 404 389 885 906 495 259 537 841 576 405 329 907 494 248 850 59 811 645 978 385 407 682 720
1054 740 668 566 451 370 479 0 662 257 224 629 587 698 513 754 768 1265 704 754 1024 609 578 724 405 385 428 661 745 514 655 454 738 758 663 469 1256 573 957 509 576 518 600 639 659 719 373 108 384 800 95 553 1131 258 257 1074 480 564 528 715 609 434 565 404
1215 177 482 638 896 337 924 662 0 786 832 444 416 861 181 382 396 1426 518 382 1184 238 392 602 850 320 409 90 472 959 284 899 466 194 78 635 1417 626 394 613 405 608 590 267 344 780 748 636 321 963 735 645 1292 651 850 1234 925 193 357 89 771 962 394 303
932 864 792 444 329 494 357 257 786 0 243 753 711 576 637 878 892 1143 810 878 902 733 702 657 283 509 552 785 869 392 779 332 862 882 787 347 1134 450 1081 387 700 396 478 763 783 597 251 232 508 678 326 431 1009 382 169 952 358 688 652 839 487 284 689 528
897 911 812 409 293 541 322 224 832 243 0 800 703 541 684 924 938 1108 775 924 866 780 749 622 248 556 599 832 916 357 826 297 909 928 833 311 1099 415 1127 352 692 361 443 810 830 561 215 278 555 643 150 396 974 239 100 917 323 735 644 886 452 293 681 574
1139 522 70 562 819 288 848 629 444 753 800 0 194 785 333 440 454 1349 89 440 1108 318 80 270 774 271 361 443 625 883 342 823 618 540 445 558 1341 550 739 537 205 532 514 210 131 704 672 604 455 887 703 569 1215 619 774 1158 849 294 265 497 695 930 218 254
994 494 233 417 675 246 704 587 416 711 703 194 0 640 291 470 484 1205 234 470 963 347 143 221 629 229 188 416 582 739 372 679 576 512 417 414 1196 406 711 392 103 387 369 239 224 559 527 561 413 742 661 425 1071 577 629 1014 704 302 106 469 550 788 116 212
388 939 749 279 445 691 474 698 861 576 541 785 640 0 736 936 950 598 712 936 357 792 761 559 400 674 568 861 1027 509 838 449 1021 957 862 425 590 285 1156 403 629 398 325 822 842 292 478 756 858 134 624 265 465 713 467 407 475 747 581 914 110 626 618 657
1091 260 372 514 771 212 800 513 181 637 684 333 291 736 0 280 294 1301 408 280 1060 136 282 491 726 195 285 181 324 835 182 775 317 277 182 510 1292 502 476 488 280 484 465 166 242 655 624 487 172 838 587 521 1167 503 725 1110 801 91 232 235 647 814 270 178
1291 460 479 714 971 412 1000 754 382 878 924 440 470 936 280 0 178 1501 515 84 1260 256 389 599 926 395 485 382 571 1035 185 975 565 478 383 710 1493 702 677 689 481 684 665 264 341 855 824 728 420 1038 827 721 1367 743 926 1310 1001 232 432 436 847 1054 470 378
1305 474 493 728 985 426 1014 768 396 892 938 454 484 950 294 178 0 1515 529 178 1274 270 403 613 940 409 499 396 585 1049 199 989 579 492 397 724 1507 716 691 703 494 698 679 278 355 869 838 742 434 1052 841 735 1381 757 940 1324 1015 246 446 450 861 1068 484 392
537 1504 1314 845 1012 1256 1041 1265 1426 1143 1108 1349 1205 598 1301 1501 1515 0 1277 1501 379 1357 1326 1124 967 1239 1133 1425 1592 1076 1403 1016 1586 1522 1427 989 53 852 1721 968 1194 963 892 1387 1407 725 1045 1323 1422 550 1190 832 225 1280 1034 551 1042 1312 1146 1479 677 1193 1183 1222
1066 596 54 489 747 363 776 704 518 810 775 89 234 712 408 515 529 1277 0 515 1035 392 155 197 701 345 336 518 699 811 417 751 692 614 519 486 1268 478 813 464 245 459 441 284 206 631 599 678 529 814 778 497 1143 694 701 1086 776 368 305 572 622 860 258 328
1291 461 479 714 971 412 1000 754 382 878 924 440 470 936 280 84 178 1501 515 0 1260 256 389 599 926 395 485 382 571 1035 185 975 565 478 383 710 1493 702 677 689 481 684 665 264 341 855 824 728 420 1038 827 721 1367 743 926 1310 1001 232 432 436 847 1054 470 378
207 1263 1072 604 771 1014 799 1024 1184 902 866 1108 963 357 1060 1260 1274 379 1035 1260 0 1116 1084 882 725 997 892 1184 1351 835 1162 775 1344 1280 1185 748 370 610 1479 726 953 722 650 1145 1165 484 804 1082 1181 308 949 590 245 1038 793 200 800 1070 904 1238 435 952 942 980
1146 316 357 570 827 268 856 609 238 733 780 318 347 792 136 256 270 1357 392 256 1116 0 266 476 782 251 341 238 427 891 158 831 420 334 239 566 1348 558 533 544 336 540 521 142 219 711 680 584 276 894 683 577 1223 599 781 1166 857 88 288 291 703 910 325 234
1115 471 119 538 796 237 824 578 392 702 749 80 143 761 282 389 403 1326 155 389 1084 266 0 272 750 220 309 392 573 859 291 800 567 488 393 535 1317 526 687 513 154 508 490 158 143 680 648 552 403 863 652 545 1192 568 750 1134 825 243 213 446 671 879 166 203
913 681 234 336 594 445 623 724 602 657 622 270 221 559 491 599 613 1124 197 599 882 476 272 0 548 428 323 602 782 658 501 598 775 698 603 333 1115 325 897 311 232 307 288 368 353 478 446 698 612 661 705 344 990 714 548 933 624 452 292 656 470 707 245 411
756 929 738 268 70 680 99 405 850 283 248 774 629 400 726 926 940 967 701 926 725 782 750 548 0 663 558 850 1017 134 828 74 1010 946 851 281 958 274 1145 322 618 330 314 811 831 420 185 463 767 502 331 254 833 420 174 775 100 736 570 904 310 333 608 646
1028 398 310 451 709 120 738 385 320 509 556 271 229 674 195 395 409 1239 345 395 997 251 220 428 663 0 222 320 486 773 297 713 480 416 321 448 1230 440 615 426 218 421 403 281 301 593 561 360 211 776 459 459 1105 375 620 1048 738 206 170 373 584 686 207 86
923 488 373 346 603 239 632 428 409 552 599 361 188 568 285 485 499 1133 336 485 892 341 309 323 558 222 0 409 576 667 387 607 569 505 410 342 1125 334 704 320 178 316 297 370 390 487 456 403 406 670 502 353 999 418 557 942 633 295 129 463 479 716 167 205
1215 177 482 638 896 337 924 661 90 785 832 443 416 861 181 382 396 1425 518 382 1184 238 392 602 850 320 409 0 472 959 284 899 466 194 84 635 1417 626 393 613 405 608 590 267 344 780 748 636 321 963 735 645 1292 651 850 1234 925 193 357 94 771 962 394 303
1382 551 663 805 1062 503 1091 745 472 869 916 625 582 1027 324 571 585 1592 699 571 1351 427 573 782 1017 486 576 472 0 1126 473 1066 39 568 473 801 1584 793 767 780 572 775 756 457 533 946 915 719 405 1130 819 812 1458 735 980 1401 1092 382 523 526 938 1046 561 469
865 1038 847 377 105 790 103 514 959 392 357 883 739 509 835 1035 1049 1076 811 1035 835 891 859 658 134 773 667 959 1126 0 937 102 1120 1055 960 390 1067 383 1255 431 728 440 424 921 941 530 294 572 876 611 440 364 942 529 283 885 80 846 680 1013 420 442 717 756
1193 362 381 616 873 314 902 655 284 779 826 342 372 838 182 185 199 1403 417 185 1162 158 291 501 828 297 387 284 473 937 0 877 466 380 285 612 1394 604 579 590 382 586 567 166 243 757 726 630 322 940 729 623 1269 645 827 1212 903 134 334 338 749 956 371 280
805 978 788 317 38 730 57 454 899 332 297 823 679 449 775 975 989 1016 751 975 775 831 800 598 74 713 607 899 1066 102 877 0 1060 996 901 330 1007 323 1195 371 668 380 364 861 881 470 234 512 816 551 380 304 882 469 223 825 58 786 620 953 360 382 657 696
1375 544 657 798 1056 497 1084 738 466 862 909 618 576 1021 317 565 579 1586 692 565 1344 420 567 775 1010 480 569 466 39 1120 466 1060 0 562 467 795 1577 786 761 773 565 768 750 450 527 940 908 713 398 1123 812 806 1452 728 974 1394 1085 375 517 519 931 1039 554 463
1721 536 988 1144 1401 842 1430 1167 604 1291 1338 949 921 1367 687 888 902 1931 1024 888 1690 744 898 1108 1356 825 915 604 978 1465 790 1405 971 0 605 1140 1923 1132 732 1119 911 1114 1096 773 850 1286 1254 1142 827 1469 1241 1151 1797 1157 1356 1740 1431 698 862 658 1277 1468 900 808
1216 178 483 639 897 338 925 663 78 787 833 445 417 862 182 383 397 1427 519 383 1185 239 393 603 851 321 410 84 473 960 285 901 467 195 0 636 1418 627 395 614 406 609 591 269 345 781 749 637 322 964 736 646 1293 653 851 1235 926 194 358 83 772 963 395 304
779 713 523 202 327 465 355 469 635 347 311 558 414 425 510 710 724 989 486 710 748 566 535 333 281 448 342 635 801 390 612 330 795 731 636 0 981 190 930 63 403 71 153 596 616 344 136 526 632 527 394 209 855 483 238 798 356 521 355 688 335 397 392 431
529 1495 1305 837 1004 1247 1032 1256 1417 1134 1099 1341 1196 590 1292 1493 1507 53 1268 1493 370 1348 1317 1115 958 1230 1125 1417 1584 1067 1394 1007 1577 1513 1418 981 0 843 1712 959 1185 954 883 1378 1398 717 1036 1314 1414 541 1182 823 216 1271 1025 542 1033 1303 1137 1471 668 1184 1174 1213
641 705 514 69 320 457 348 573 626 450 415 550 406 285 502 702 716 852 478 702 610 558 526 325 274 440 334 626 793 383 604 323 786 722 627 190 843 0 921 168 395 164 91 587 608 305 304 630 623 387 498 77 718 587 342 660 349 513 347 680 195 501 384 422
1348 164 616 772 1029 470 1058 795 232 919 966 577 549 994 314 515 529 1559 651 515 1318 371 526 735 983 453 543 232 606 1093 417 1033 599 181 233 768 1550 760 0 746 538 742 723 401 478 913 882 769 454 1096 869 779 1425 785 983 1368 1059 326 490 286 905 1096 527 436
757 691 501 180 367 443 396 509 613 387 352 537 392 403 488 689 703 968 464 689 726 544 513 311 322 426 320 613 780 431 590 371 773 709 614 63 959 168 908 0 381 62 132 574 594 322 176 567 610 505 435 187 834 524 278 776 397 499 333 667 313 437 370 409
983 483 244 406 664 235 693 576 405 700 692 205 103 629 280 481 494 1194 245 481 953 336 154 232 618 218 178 405 572 728 382 668 565 501 406 403 1185 395 700 381 0 377 358 250 235 548 517 551 402 731 650 414 1060 566 618 1003 694 291 95 459 540 777 126 201
753 687 496 176 376 438 404 518 608 396 361 532 387 398 484 684 698 963 459 684 722 540 508 307 330 421 316 608 775 440 586 380 768 704 609 71 954 164 903 62 377 0 127 569 590 317 185 576 605 500 443 183 829 533 287 772 405 495 328 662 309 446 366 404
681 668 478 102 360 420 389 600 590 478 443 514 369 325 465 665 679 892 441 665 650 521 490 288 314 403 297 590 756 424 567 364 750 686 591 153 883 91 885 132 358 127 0 551 571 299 267 658 587 427 525 110 758 615 369 701 390 476 310 643 236 528 347 386
1176 346 249 599 857 298 885 639 267 763 810 210 239 822 166 264 278 1387 284 264 1145 142 158 368 811 281 370 267 457 921 166 861 450 364 269 596 1378 587 563 574 250 569 551 0 110 741 709 613 305 924 713 607 1253 629 811 1195 886 118 309 321 732 940 263 264
1196 423 170 619 877 318 906 659 344 783 830 131 224 842 242 341 355 1407 206 341 1165 219 143 353 831 301 390 344 533 941 243 881 527 440 345 616 1398 608 639 594 235 590 571 110 0 761 729 634 382 944 733 627 1273 649 831 1216 907 195 294 398 753 960 248 284
515 858 668 299 466 610 495 719 780 597 561 704 559 292 655 855 869 725 631 855 484 711 680 478 420 593 487 780 946 530 757 470 940 876 781 344 717 305 1075 322 548 317 299 741 761 0 457 777 777 394 644 286 591 734 488 534 495 666 500 834 203 647 537 576
834 827 636 315 231 578 259 373 748 251 215 672 527 478 624 824 838 1045 599 824 804 680 648 446 185 561 456 748 915 294 726 234 908 844 749 136 1036 304 1043 176 517 185 267 709 729 457 0 431 734 580 298 323 911 387 142 854 260 634 468 802 389 301 506 544
1112 714 643 624 509 344 537 108 636 232 278 604 561 756 487 728 742 1323 678 728 1082 584 552 698 463 360 403 636 719 572 630 512 713 732 637 526 1314 630 931 567 551 576 658 613 634 777 431 0 358 858 153 611 1189 232 315 1132 538 538 502 690 667 409 540 378
1212 400 494 635 812 195 841 384 321 508 555 455 413 858 172 420 434 1422 529 420 1181 276 403 612 767 211 406 321 405 876 322 816 398 417 322 632 1414 623 616 610 402 605 587 305 382 777 734 358 0 960 458 642 1289 374 619 1231 842 231 354 375 768 685 391 229
339 1041 851 381 547 793 576 800 963 678 643 887 742 134 838 1038 1052 550 814 1038 308 894 863 661 502 776 670 963 1130 611 940 551 1123 1059 964 527 541 387 1258 505 731 500 427 924 944 394 580 858 960 0 726 367 416 815 569 358 577 849 683 1017 212 728 720 759
980 814 742 492 376 444 405 95 735 326 150 703 661 624 587 827 841 1190 778 827 949 683 652 705 331 459 502 735 819 440 729 380 812 831 736 394 1182 498 1030 435 650 443 525 713 733 644 298 153 458 726 0 478 1057 186 183 999 406 638 602 789 534 376 639 477
621 724 533 88 300 476 329 553 645 431 396 569 425 265 521 721 735 832 497 721 590 577 545 344 254 459 353 645 812 364 623 304 806 741 646 209 823 77 941 187 414 183 110 607 627 286 323 611 642 367 478 0 698 568 322 641 330 532 366 699 176 481 403 442
378 1370 1180 712 878 1122 907 1131 1292 1009 974 1215 1071 465 1167 1367 1381 225 1143 1367 245 1223 1192 990 833 1105 999 1292 1458 942 1269 882 1452 1388 1293 855 216 718 1587 834 1060 829 758 1253 1273 591 911 1189 1289 416 1057 698 0 1146 900 370 908 1178 1012 1345 543 1059 1049 1088
1069 730 658 581 466 360 494 258 651 382 239 619 577 713 503 743 757 1280 694 743 1038 599 568 714 420 375 418 651 735 529 645 469 728 748 653 483 1271 587 947 524 566 533 615 629 649 734 387 232 374 815 186 568 1146 0 272 1089 495 554 518 705 624 465 555 394
823 928 738 335 220 605 248 257 850 169 100 774 629 467 725 926 940 1034 701 926 793 781 750 548 174 620 557 850 980 283 827 223 974 946 851 238 1025 342 1145 278 618 287 369 811 831 488 142 315 619 569 183 322 900 272 0 843 249 736 570 904 378 219 607 639
66 1313 1122 654 821 1065 850 1074 1234 952 917 1158 1014 407 1110 1310 1324 551 1086 1310 200 1166 1134 933 775 1048 942 1234 1401 885 1212 825 1394 1330 1235 798 542 660 1530 776 1003 772 701 1195 1216 534 854 1132 1231 358 999 641 370 1089 843 0 851 1121 955 1288 486 1002 992 1031
831 1004 813 343 61 755 59 480 925 358 323 849 704 475 801 1001 1015 1042 776 1001 800 857 825 624 100 738 633 925 1092 80 903 58 1085 1021 926 356 1033 349 1220 397 694 405 390 886 907 495 260 538 842 577 406 330 908 495 249 851 0 811 645 979 385 408 683 721
1101 271 333 524 782 223 811 564 193 688 735 294 302 747 91 232 246 1312 368 232 1070 88 243 452 736 206 295 193 382 846 134 786 375 289 194 521 1303 513 488 499 291 495 476 118 195 666 634 538 231 849 638 532 1178 554 736 1121 811 0 243 246 658 865 280 189
935 435 304 358 616 187 645 528 357 652 644 265 106 581 232 432 446 1146 305 432 904 288 213 292 570 170 129 357 523 680 334 620 517 453 358 355 1137 347 652 333 95 328 310 309 294 500 468 502 354 683 602 366 1012 518 570 955 645 243 0 410 491 729 84 153
1269 231 536 692 949 390 978 715 89 839 886 497 469 914 235 436 450 1479 572 436 1238 291 446 656 904 373 463 94 526 1013 338 953 519 248 83 688 1471 680 447 667 459 662 643 321 398 834 802 690 375 1017 789 699 1345 705 904 1288 979 246 410 0 825 1016 448 356
466 850 659 189 356 602 385 609 771 487 452 695 550 110 647 847 861 677 622 847 435 703 671 470 310 584 479 771 938 420 749 360 931 867 772 335 668 195 1066 313 540 309 236 732 753 203 389 667 768 212 534 176 543 624 378 486 385 658 491 825 0 537 529 567
982 1041 897 494 379 671 407 434 962 284 293 930 788 626 814 1054 1068 1193 860 1054 952 910 879 707 333 686 716 962 1046 442 956 382 1039 1058 963 397 1184 501 1258 437 777 446 528 940 960 647 301 409 685 728 376 481 1059 465 219 1002 408 865 729 1016 537 0 766 705
973 473 257 396 653 224 682 565 394 689 681 218 116 618 270 470 484 1183 258 470 942 325 166 245 608 207 167 394 561 717 371 657 554 490 395 392 1174 384 689 370 126 366 347 263 248 537 506 540 391 720 639 403 1049 555 607 992 683 280 84 448 529 766 0 190
1011 381 293 434 692 103 720 404 303 528 574 254 212 657 178 378 392 1222 328 378 980 234 203 411 646 86 205 303 469 756 280 696 463 399 304 431 1213 422 598 409 201 404 386 264 284 576 544 378 229 759 477 442 1088 394 639 1031 721 189 153 356 567 705 190 0
EOF