NAME : tsp_problem
TYPE : TSP
DIMENSION : 52
EDGE_WEIGHT_TYPE : EXPLICIT
EDGE_WEIGHT_FORMAT : FULL_MATRIX
EDGE_WEIGHT_SECTION
0 699 420 994 317 698 724 503 429 388 49 661 708 667 723 506 724 457 583 614 710 935 126 703 1147 612 328 689 397 663 732 662 663 509 1142 590 762 114 999 329 325 647 829 403 95 1156 662 282 562 828 755 539
699 0 573 919 794 621 922 775 524 535 700 859 235 866 109 667 922 723 877 908 91 861 695 626 1072 906 779 329 760 304 655 303 765 660 1067 884 864 784 924 648 772 284 356 407 723 1081 861 831 761 355 82 641
420 573 0 1018 261 723 406 242 453 251 417 343 562 350 544 174 406 190 344 375 563 960 320 727 1171 373 246 713 227 688 756 687 332 178 1166 351 430 323 1023 116 239 330 670 427 347 1180 345 298 245 566 510 208
994 919 1018 0 1192 316 1336 1172 617 987 995 1273 928 1280 943 1104 1336 1120 1274 1305 929 291 990 427 499 1303 1176 841 1158 816 354 814 1262 1108 494 1281 1361 1079 50 1046 1169 1176 1049 636 1017 270 1275 1229 1175 1048 975 1138
317 794 261 1192 0 896 436 215 627 425 314 373 783 380 765 226 436 169 295 326 784 1133 250 901 1344 324 46 886 109 861 930 860 384 230 1340 302 483 219 1197 170 39 551 891 601 278 1354 374 88 274 787 731 260
698 621 723 316 896 0 1041 876 344 691 700 978 631 984 645 809 1041 825 979 1010 632 258 694 130 469 1008 881 543 862 518 57 517 966 812 464 986 1065 783 321 750 874 879 752 338 722 478 979 933 879 751 677 842
724 922 406 1336 436 1041 0 360 771 570 721 253 911 147 893 291 47 308 462 493 912 1278 625 1045 1489 491 421 1031 345 1006 1074 1005 449 295 1485 469 547 627 1341 434 414 680 1019 745 652 1498 142 473 219 915 859 325
503 775 242 1172 215 876 360 0 607 405 500 296 763 303 745 150 360 93 241 271 764 1114 403 881 1325 269 199 867 124 842 910 840 308 154 1320 248 407 405 1177 269 192 532 871 581 431 1334 298 252 198 767 711 184
429 524 453 617 627 344 771 607 0 422 430 708 534 715 548 539 771 556 709 740 535 559 425 349 770 738 611 473 593 448 378 447 697 543 766 716 796 514 623 481 604 681 655 228 452 780 710 664 610 654 581 573
388 535 251 987 425 691 570 405 422 0 386 506 523 513 505 337 570 354 508 538 524 928 288 696 1139 536 410 681 391 656 725 655 495 341 1135 515 594 387 992 279 403 292 632 396 316 1149 508 462 408 528 471 371
49 700 417 995 314 700 721 500 430 386 0 658 710 665 724 503 721 454 581 612 711 937 124 704 1148 609 326 690 395 665 733 664 661 507 1143 588 760 111 1000 326 322 645 831 404 92 1157 660 280 560 830 757 537
661 859 343 1273 373 978 253 296 708 506 658 0 848 196 830 228 253 245 399 430 849 1215 562 982 1426 428 357 968 282 943 1011 942 386 232 1421 406 484 564 1278 370 351 616 956 682 589 1435 191 410 156 852 796 262
708 235 562 928 783 631 911 763 534 523 710 848 0 855 259 655 911 712 865 896 246 870 704 635 1081 894 767 339 749 313 664 312 753 648 1076 872 852 793 933 637 761 272 248 416 732 1090 850 820 750 144 291 630
667 866 350 1280 380 984 147 303 715 513 665 196 855 0 837 235 147 252 406 436 855 1222 568 989 1433 434 364 975 289 950 1018 948 392 238 1428 413 491 570 1285 377 357 623 963 689 596 1442 36 417 162 859 802 268
723 109 544 943 765 645 893 745 548 505 724 830 259 837 0 637 893 694 848 878 120 884 719 650 1095 876 750 353 731 328 679 327 736 630 1091 855 834 808 948 619 743 254 371 431 747 1105 832 802 732 267 165 612
506 667 174 1104 226 809 291 150 539 337 503 228 655 235 637 0 291 99 253 283 656 1046 406 813 1257 281 211 799 136 774 842 773 193 63 1253 260 292 409 1109 202 204 424 764 513 433 1266 230 263 130 660 603 69
724 922 406 1336 436 1041 47 360 771 570 721 253 911 147 893 291 0 308 462 493 912 1278 625 1045 1489 491 421 1031 345 1006 1074 1005 449 295 1485 469 547 627 1341 434 414 680 1019 745 652 1498 142 473 219 915 859 325
457 723 190 1120 169 825 308 93 556 354 454 245 712 252 694 99 308 0 195 226 712 1062 358 830 1273 224 154 815 78 790 859 789 256 102 1269 202 355 360 1126 218 147 480 820 530 385 1283 247 206 147 716 659 132
583 877 344 1274 295 979 462 241 709 508 581 399 865 406 848 253 462 195 0 138 866 1216 484 983 1427 136 280 969 205 944 1013 943 410 256 1423 100 509 486 1280 372 273 634 974 683 512 1436 401 332 301 870 813 286
614 908 375 1305 326 1010 493 271 740 538 612 430 896 436 878 283 493 226 138 0 897 1247 515 1014 1458 50 311 1000 235 975 1043 974 441 287 1453 145 540 517 1310 402 304 665 1005 714 543 1467 431 363 331 900 844 317
710 91 563 929 784 632 912 764 535 524 711 849 246 855 120 656 912 712 866 897 0 871 706 636 1082 895 768 340 750 315 666 313 754 649 1078 873 853 795 935 638 761 273 367 417 733 1091 850 821 750 366 71 630
935 861 960 291 1133 258 1278 1114 559 928 937 1215 870 1222 884 1046 1278 1062 1216 1247 871 0 932 369 237 1245 1118 783 1099 757 296 756 1204 1050 232 1223 1302 1020 296 988 1111 1118 991 578 959 246 1217 1170 1117 990 917 1080
126 695 320 990 250 694 625 403 425 288 124 562 704 568 719 406 625 358 484 515 706 932 0 699 1143 513 235 685 298 660 728 658 563 409 1138 491 662 125 995 230 228 547 826 399 75 1152 563 287 463 783 726 439
703 626 727 427 901 130 1045 881 349 696 704 982 635 989 650 813 1045 830 983 1014 636 369 699 0 580 1012 885 548 867 523 163 521 971 817 575 990 1070 788 432 755 878 883 756 343 726 589 984 938 884 755 682 847
1147 1072 1171 499 1344 469 1489 1325 770 1139 1148 1426 1081 1433 1095 1257 1489 1273 1427 1458 1082 237 1143 580 0 1456 1329 994 1310 968 507 967 1415 1261 71 1434 1513 1232 504 1199 1322 1329 1202 789 1170 278 1428 1382 1328 1201 1128 1291
612 906 373 1303 324 1008 491 269 738 536 609 428 894 434 876 281 491 224 136 50 895 1245 513 1012 1456 0 309 998 233 973 1041 972 439 285 1451 143 538 515 1308 400 302 663 1003 712 541 1465 429 361 329 898 842 315
328 779 246 1176 46 881 421 199 611 410 326 357 767 364 750 211 421 154 280 311 768 1118 235 885 1329 309 0 871 94 846 915 845 369 215 1325 287 467 231 1182 155 24 536 876 585 262 1338 359 83 259 772 715 245
689 329 713 841 886 543 1031 867 473 681 690 968 339 975 353 799 1031 815 969 1000 340 783 685 548 994 998 871 0 852 52 577 49 957 803 989 976 1056 774 846 741 864 587 460 329 712 1003 970 924 870 459 385 833
397 760 227 1158 109 862 345 124 593 391 395 282 749 289 731 136 345 78 205 235 750 1099 298 867 1310 233 94 852 0 827 896 826 293 139 1306 212 392 300 1163 218 87 517 857 567 326 1320 284 146 184 753 697 169
663 304 688 816 861 518 1006 842 448 656 665 943 313 950 328 774 1006 790 944 975 315 757 660 523 968 973 846 52 827 0 552 26 932 778 964 951 1030 748 821 716 839 562 435 304 687 978 945 898 845 433 360 808
732 655 756 354 930 57 1074 910 378 725 733 1011 664 1018 679 842 1074 859 1013 1043 666 296 728 163 507 1041 915 577 896 552 0 551 1000 846 503 1020 1099 817 360 784 908 912 785 372 756 516 1013 967 913 784 711 876
662 303 687 814 860 517 1005 840 447 655 664 942 312 948 327 773 1005 789 943 974 313 756 658 521 967 972 845 49 826 26 551 0 930 776 963 950 1029 747 820 714 838 560 433 302 686 976 943 897 843 432 359 806
663 765 332 1262 384 966 449 308 697 495 661 386 753 392 736 193 449 256 410 441 754 1204 563 971 1415 439 369 957 293 932 1000 930 0 186 1410 417 238 567 1267 359 362 522 862 671 591 1424 387 421 287 758 701 144
509 660 178 1108 230 812 295 154 543 341 507 232 648 238 630 63 295 102 256 287 649 1050 409 817 1261 285 215 803 139 778 846 776 186 0 1256 263 285 413 1113 205 208 417 757 517 437 1270 233 267 133 653 596 62
1142 1067 1166 494 1340 464 1485 1320 766 1135 1143 1421 1076 1428 1091 1253 1485 1269 1423 1453 1078 232 1138 575 71 1451 1325 989 1306 964 503 963 1410 1256 0 1430 1509 1227 499 1194 1318 1324 1198 784 1166 273 1423 1377 1323 1196 1123 1286
590 884 351 1281 302 986 469 248 716 515 588 406 872 413 855 260 469 202 100 145 873 1223 491 990 1434 143 287 976 212 951 1020 950 417 263 1430 0 516 493 1287 379 280 641 981 690 519 1443 408 339 308 877 820 293
762 864 430 1361 483 1065 547 407 796 594 760 484 852 491 834 292 547 355 509 540 853 1302 662 1070 1513 538 467 1056 392 1030 1099 1029 238 285 1509 516 0 665 1366 458 461 621 961 770 690 1523 486 520 386 856 800 243
114 784 323 1079 219 783 627 405 514 387 111 564 793 570 808 409 627 360 486 517 795 1020 125 788 1232 515 231 774 300 748 817 747 567 413 1227 493 665 0 1084 232 228 613 914 488 94 1241 565 185 465 849 792 443
999 924 1023 50 1197 321 1341 1177 623 992 1000 1278 933 1285 948 1109 1341 1126 1280 1310 935 296 995 432 504 1308 1182 846 1163 821 360 820 1267 1113 499 1287 1366 1084 0 1051 1175 1181 1054 641 1023 275 1280 1234 1180 1053 980 1143
329 648 116 1046 170 750 434 269 481 279 326 370 637 377 619 202 434 218 372 402 638 988 230 755 1199 400 155 741 218 716 784 714 359 205 1194 379 458 232 1051 0 148 406 745 455 258 1208 372 207 272 641 585 235
325 772 239 1169 39 874 414 192 604 403 322 351 761 357 743 204 414 147 273 304 761 1111 228 878 1322 302 24 864 87 839 908 838 362 208 1318 280 461 228 1175 148 0 529 869 579 255 1332 352 76 252 765 708 238
647 284 330 1176 551 879 680 532 681 292 645 616 272 623 254 424 680 480 634 665 273 1118 547 883 1329 663 536 587 517 562 912 560 522 417 1324 641 621 613 1181 406 529 0 381 655 575 1338 618 588 518 277 220 398
829 356 670 1049 891 752 1019 871 655 632 831 956 248 963 371 764 1019 820 974 1005 367 991 826 756 1202 1003 876 460 857 435 785 433 862 757 1198 981 961 914 1054 745 869 381 0 537 853 1211 958 928 858 136 412 738
403 407 427 636 601 338 745 581 228 396 404 682 416 689 431 513 745 530 683 714 417 578 399 343 789 712 585 329 567 304 372 302 671 517 784 690 770 488 641 455 579 655 537 0 427 798 684 638 584 536 463 547
95 723 347 1017 278 722 652 431 452 316 92 589 732 596 747 433 652 385 512 543 733 959 75 726 1170 541 262 712 326 687 756 686 591 437 1166 519 690 94 1023 258 255 575 853 427 0 1180 591 263 491 810 754 467
1156 1081 1180 270 1354 478 1498 1334 780 1149 1157 1435 1090 1442 1105 1266 1498 1283 1436 1467 1091 246 1152 589 278 1465 1338 1003 1320 978 516 976 1424 1270 273 1443 1523 1241 275 1208 1332 1338 1211 798 1180 0 1437 1391 1337 1210 1137 1300
662 861 345 1275 374 979 142 298 710 508 660 191 850 36 832 230 142 247 401 431 850 1217 563 984 1428 429 359 970 284 945 1013 943 387 233 1423 408 486 565 1280 372 352 618 958 684 591 1437 0 412 157 854 797 263
282 831 298 1229 88 933 473 252 664 462 280 410 820 417 802 263 473 206 332 363 821 1170 287 938 1382 361 83 924 146 898 967 897 421 267 1377 339 520 185 1234 207 76 588 928 638 263 1391 412 0 312 824 768 297
562 761 245 1175 274 879 219 198 610 408 560 156 750 162 732 130 219 147 301 331 750 1117 463 884 1328 329 259 870 184 845 913 843 287 133 1323 308 386 465 1180 272 252 518 858 584 491 1337 157 312 0 754 697 163
828 355 566 1048 787 751 915 767 654 528 830 852 144 859 267 660 915 716 870 900 366 990 783 755 1201 898 772 459 753 433 784 432 758 653 1196 877 856 849 1053 641 765 277 136 536 810 1210 854 824 754 0 367 634
755 82 510 975 731 677 859 711 581 471 757 796 291 802 165 603 859 659 813 844 71 917 726 682 1128 842 715 385 697 360 711 359 701 596 1123 820 800 792 980 585 708 220 412 463 754 1137 797 768 697 367 0 577
539 641 208 1138 260 842 325 184 573 371 537 262 630 268 612 69 325 132 286 317 630 1080 439 847 1291 315 245 833 169 808 876 806 144 62 1286 293 243 443 1143 235 238 398 738 547 467 1300 263 297 163 634 577 0
EOF