NAME : tsp_problem
TYPE : TSP
DIMENSION : 76
EDGE_WEIGHT_TYPE : EXPLICIT
EDGE_WEIGHT_FORMAT : FULL_MATRIX
EDGE_WEIGHT_SECTION
0 408 288 222 796 1266 819 632 337 501 639 407 772 1149 1026 383 603 795 734 201 179 336 830 774 308 550 442 943 779 540 1159 1001 896 821 799 698 628 515 738 580 976 830 663 268 742 675 608 892 770 338 223 687 486 789 328 196 75 650 305 382 701 779 655 680 653 720 676 1023 488 185 737 785 1141 344 735 156
408 0 675 498 417 1353 439 252 708 494 259 582 392 1236 1113 754 519 416 371 343 567 723 467 410 353 638 159 1029 416 628 1246 1088 983 458 420 319 717 478 359 669 1051 451 426 655 362 763 372 979 407 565 438 451 496 409 574 338 462 286 218 753 418 416 292 317 289 403 313 660 508 462 373 860 1228 690 819 432
288 675 0 349 896 1097 919 731 168 332 738 238 704 980 857 214 434 895 850 362 134 157 946 890 350 380 672 773 895 370 990 832 727 937 899 798 459 345 826 411 807 930 494 98 841 505 439 723 887 169 265 518 316 889 159 368 241 766 572 213 901 895 771 796 769 575 792 1139 318 237 853 615 972 191 565 282
222 498 349 0 887 1327 910 722 398 562 729 468 862 1210 1087 444 664 886 824 292 294 279 921 864 436 611 533 1004 870 600 1220 1062 957 912 890 789 689 576 829 641 1037 921 724 329 832 736 669 953 861 399 424 748 547 880 389 286 276 740 395 443 792 870 745 771 743 805 767 1113 548 135 827 846 1202 233 795 106
796 417 896 887 0 1547 140 205 902 688 202 777 493 1430 1307 948 713 79 365 732 912 1015 461 405 741 832 388 1223 410 822 1440 1282 1177 452 50 160 911 672 361 863 1245 152 599 876 299 957 566 1173 401 759 826 574 691 110 769 727 851 281 606 947 438 410 286 311 284 505 307 654 702 850 368 1054 1422 1023 1013 821
1266 1353 1097 1327 1547 0 1570 1382 1036 917 1389 910 1355 183 556 1082 880 1546 1501 1341 1113 1216 1597 1541 1328 741 1323 563 1546 767 423 494 516 1588 1550 1449 663 931 1477 725 495 1581 1145 1034 1492 624 1090 512 1538 1130 1243 1169 902 1540 1138 1347 1220 1417 1379 1081 1552 1546 1422 1447 1420 1226 1443 1790 904 1216 1504 849 372 1224 563 1261
819 439 919 910 140 1570 0 228 925 711 224 799 516 1453 1329 971 736 139 387 755 935 1037 484 427 764 855 410 1246 433 845 1463 1304 1199 475 143 182 934 695 383 886 1268 94 621 899 322 980 589 1195 424 781 849 597 713 77 791 749 873 303 629 970 461 433 308 334 306 528 330 676 725 873 390 1077 1445 1046 1036 843
632 252 731 722 205 1382 228 0 737 523 53 612 366 1265 1142 783 548 204 200 567 748 850 296 240 577 668 223 1059 245 657 1275 1117 1012 287 208 107 746 508 233 698 1081 239 456 711 150 792 401 1008 237 594 661 447 526 198 604 562 686 116 441 782 273 246 121 146 119 378 142 489 537 685 203 889 1257 859 848 656
337 708 168 398 902 1036 925 737 0 270 745 177 710 918 795 78 397 901 856 412 184 286 952 896 399 319 679 712 901 309 929 770 665 943 905 804 398 284 833 350 745 936 500 105 847 444 445 661 893 218 314 524 255 895 208 417 291 772 621 76 907 902 777 802 775 581 798 1145 257 287 859 554 911 295 504 332
501 494 332 562 688 917 711 523 270 0 530 145 495 800 677 316 226 687 642 576 348 451 738 681 563 200 464 594 687 190 810 652 547 729 691 590 279 70 618 231 627 722 285 269 633 325 231 543 678 271 478 310 79 680 281 581 455 557 520 315 692 687 563 588 560 367 584 931 90 451 644 436 792 459 385 496
639 259 738 729 202 1389 224 53 745 530 0 619 363 1272 1149 791 556 200 207 574 755 857 303 247 584 675 230 1066 252 665 1282 1124 1019 295 204 104 754 515 230 705 1088 236 463 719 147 800 408 1015 244 601 669 444 533 194 611 569 693 123 449 790 280 253 128 154 126 375 149 496 544 693 210 896 1265 866 856 663
407 582 238 468 777 910 799 612 177 145 619 0 584 793 670 223 271 775 730 482 254 357 827 770 469 193 553 586 776 183 803 645 540 818 779 679 272 158 707 224 620 810 374 176 722 318 320 536 767 289 385 399 129 769 279 488 361 646 608 222 781 776 651 677 649 455 672 1019 131 357 733 428 785 365 378 402
772 392 704 862 493 1355 516 366 710 495 363 584 0 1237 1114 756 521 492 526 707 720 822 622 566 717 640 363 1031 571 630 1248 1089 984 613 496 395 719 480 150 670 1053 527 254 684 460 765 338 980 563 566 802 230 498 486 576 702 826 442 521 755 591 572 447 472 445 171 468 815 509 823 529 861 1230 831 821 796
1149 1236 980 1210 1430 183 1453 1265 918 800 1272 793 1237 0 439 964 763 1429 1384 1224 996 1099 1480 1424 1211 623 1206 445 1429 650 306 376 399 1471 1433 1332 546 814 1360 607 643 1464 1027 917 1375 507 973 395 1420 1013 1126 1052 785 1423 1021 1229 1103 1300 1262 963 1434 1429 1305 1330 1303 1109 1326 1673 786 1099 1387 811 255 1107 446 1144
1026 1113 857 1087 1307 556 1329 1142 795 677 1149 670 1114 439 0 841 640 1306 1261 1101 873 975 1357 1300 1088 500 1083 120 1306 527 153 87 155 1348 1309 1209 423 691 1237 484 880 1341 904 794 1252 384 850 156 1297 890 1003 929 661 1299 897 1106 980 1176 1139 840 1311 1306 1182 1207 1179 986 1203 1550 663 976 1263 688 248 984 323 1021
383 754 214 444 948 1082 971 783 78 316 791 223 756 964 841 0 443 947 902 458 230 333 998 942 445 365 725 758 947 355 975 816 711 989 951 850 444 330 879 396 791 982 546 151 893 490 491 707 939 264 360 570 301 941 254 463 337 818 667 23 953 948 823 848 821 627 844 1191 303 333 905 600 957 341 550 378
603 519 434 664 713 880 736 548 397 226 556 271 521 763 640 443 0 712 667 678 450 552 763 707 665 188 490 557 712 178 773 615 510 754 716 615 267 210 644 219 581 747 311 395 658 313 256 506 704 297 580 335 228 706 306 683 557 583 545 441 718 713 588 613 586 392 609 956 240 553 670 390 755 561 346 598
795 416 895 886 79 1546 139 204 901 687 200 775 492 1429 1306 947 712 0 363 731 911 1014 460 403 740 831 386 1222 409 821 1439 1281 1176 451 82 158 910 671 359 862 1244 150 597 875 298 956 565 1172 400 758 825 573 689 109 767 725 849 279 605 946 437 409 284 310 282 504 306 653 701 849 366 1053 1421 1022 1012 819
734 371 850 824 365 1501 387 200 856 642 207 730 526 1384 1261 902 667 363 0 669 866 969 137 81 679 786 341 1177 87 776 1394 1236 1131 198 367 267 865 626 393 817 1199 399 574 830 310 911 520 1127 147 713 764 599 644 357 722 664 788 130 543 901 368 87 117 101 111 538 99 400 656 788 92 1008 1376 977 967 758
201 343 362 292 732 1341 755 567 412 576 574 482 707 1224 1101 458 678 731 669 0 254 411 765 709 247 624 378 1018 715 614 1234 1076 971 757 735 634 703 590 674 655 1051 766 679 342 677 749 624 967 706 413 162 703 560 725 403 92 255 585 240 457 637 715 590 616 588 655 611 958 562 255 672 860 1216 419 809 225
179 567 134 294 912 1113 935 748 184 348 755 254 720 996 873 230 450 911 866 254 0 183 962 906 241 396 601 790 911 386 1006 848 743 953 915 814 475 362 843 427 823 946 510 114 857 521 455 739 903 185 156 534 332 905 175 259 133 782 463 229 860 912 787 812 785 591 808 1155 334 183 869 632 988 191 581 228
336 723 157 279 1015 1216 1037 850 286 451 857 357 822 1099 975 333 552 1014 969 411 183 0 1065 1008 398 499 757 892 1014 489 1109 951 846 1056 1017 917 578 464 945 530 926 1049 612 217 960 624 558 841 1005 288 313 637 435 1007 278 416 289 884 620 331 1016 1014 890 915 887 694 911 1258 437 286 971 734 1091 104 684 330
830 467 946 921 461 1597 484 296 952 738 303 827 622 1480 1357 998 763 460 137 765 962 1065 0 134 775 882 437 1273 139 872 1490 1332 1227 294 464 363 961 722 489 913 1295 495 671 926 406 1007 616 1223 243 809 860 695 741 454 819 760 884 227 640 997 465 140 213 197 207 634 195 496 752 884 144 1104 1472 1073 1063 854
774 410 890 864 405 1541 427 240 896 681 247 770 566 1424 1300 942 707 403 81 709 906 1008 134 0 719 826 381 1217 33 816 1434 1275 1170 238 407 307 905 666 433 857 1239 438 614 870 350 951 560 1166 187 752 803 639 684 397 762 704 828 170 583 941 408 34 156 141 151 577 139 439 696 827 88 1048 1416 1017 1007 798
308 353 350 436 741 1328 764 577 399 563 584 469 717 1211 1088 445 665 740 679 247 241 398 775 719 0 612 387 1005 724 601 1221 1063 958 766 744 643 690 577 683 642 1038 775 688 330 687 737 634 954 715 400 111 713 548 734 390 253 261 595 250 444 646 724 600 625 598 665 621 968 549 398 682 847 1203 406 796 370
550 638 380 611 832 741 855 668 319 200 675 193 640 623 500 365 188 831 786 624 396 499 882 826 612 0 609 417 831 74 634 475 370 873 835 734 103 214 763 55 537 866 430 318 778 149 375 366 823 416 527 454 185 825 421 630 503 702 664 364 837 832 707 732 705 511 728 1075 187 499 789 346 616 507 285 544
442 159 672 533 388 1323 410 223 679 464 230 553 363 1206 1083 725 490 386 341 378 601 757 437 381 387 609 0 1000 387 599 1216 1058 953 429 390 290 688 449 329 639 1022 421 397 653 333 734 343 949 378 535 472 421 467 380 545 372 497 257 252 724 392 387 262 288 260 373 283 630 478 496 344 830 1199 724 790 466
943 1029 773 1004 1223 563 1246 1059 712 594 1066 586 1031 445 120 758 557 1222 1177 1018 790 892 1273 1217 1005 417 1000 0 1222 444 258 192 72 1265 1226 1125 339 607 1154 401 796 1257 821 711 1169 301 766 73 1214 807 920 845 578 1216 814 1023 896 1093 1055 757 1228 1223 1098 1124 1096 902 1119 1466 580 893 1180 605 353 901 239 937
779 416 895 870 410 1546 433 245 901 687 252 776 571 1429 1306 947 712 409 87 715 911 1014 139 33 724 831 387 1222 0 821 1439 1281 1176 243 413 312 910 671 438 862 1244 444 620 875 355 956 565 1172 193 758 809 644 690 403 768 709 833 176 589 946 414 39 162 147 157 583 144 445 701 833 93 1053 1421 1022 1012 803
540 628 370 600 822 767 845 657 309 190 665 183 630 650 527 355 178 821 776 614 386 489 872 816 601 74 599 444 821 0 660 502 397 863 825 724 129 204 753 81 527 856 420 308 767 175 365 393 813 406 517 444 175 815 411 620 493 692 654 354 827 822 697 722 695 501 718 1065 177 489 779 336 642 497 285 534
1159 1246 990 1220 1440 423 1463 1275 929 810 1282 803 1248 306 153 975 773 1439 1394 1234 1006 1109 1490 1434 1221 634 1216 258 1439 660 0 179 293 1481 1443 1342 556 824 1370 618 884 1474 1038 927 1385 517 983 295 1431 1023 1136 1062 795 1433 1031 1240 1113 1310 1272 974 1445 1439 1315 1340 1313 1119 1336 1683 797 1109 1397 821 115 1117 456 1154
1001 1088 832 1062 1282 494 1304 1117 770 652 1124 645 1089 376 87 816 615 1281 1236 1076 848 951 1332 1275 1063 475 1058 192 1281 502 179 0 227 1323 1285 1184 398 666 1212 459 855 1316 879 769 1227 359 825 229 1272 865 978 904 636 1274 872 1081 955 1151 1114 815 1286 1281 1157 1182 1154 961 1178 1525 638 951 1238 663 274 959 298 996
896 983 727 957 1177 516 1199 1012 665 547 1019 540 984 399 155 711 510 1176 1131 971 743 846 1227 1170 958 370 953 72 1176 397 293 227 0 1218 1180 1079 293 561 1107 354 750 1211 774 664 1122 254 720 73 1167 760 873 799 531 1169 767 976 850 1046 1009 710 1181 1176 1052 1077 1049 856 1073 1420 533 846 1133 558 388 854 193 891
1239 876 1355 1329 870 2006 892 705 1361 1147 712 1235 1031 1889 1766 1407 1172 868 616 1174 1371 1474 712 655 1184 1291 846 1682 661 1281 1899 1741 1636 0 872 772 1370 1131 898 1322 1704 904 1079 1335 815 1416 1025 1632 647 1218 1269 1104 1149 862 1227 1169 1293 635 1048 1406 873 661 622 606 616 1043 604 737 1161 1293 618 1513 1881 1482 1472 1263
799 420 899 890 50 1550 143 208 905 691 204 779 496 1433 1309 951 716 82 367 735 915 1017 464 407 744 835 390 1226 413 825 1443 1285 1180 455 0 162 914 675 363 866 1248 154 601 879 302 960 569 1175 404 762 829 577 693 113 771 729 853 283 609 950 441 413 288 314 286 508 310 656 705 853 370 1057 1425 1026 1016 823
698 319 798 789 160 1449 182 107 804 590 104 679 395 1332 1209 850 615 158 267 634 814 917 363 307 643 734 290 1125 312 724 1342 1184 1079 354 162 0 813 574 263 765 1147 194 501 778 201 859 468 1075 304 661 728 476 593 152 671 629 753 183 508 849 340 312 188 213 186 407 209 556 604 752 270 956 1324 925 915 723
628 717 459 689 911 663 934 746 398 279 754 272 719 546 423 444 267 910 865 703 475 578 961 905 690 103 688 339 910 129 556 398 293 952 914 813 0 293 842 87 616 945 509 397 856 71 454 289 902 495 606 533 264 904 500 709 582 781 743 443 916 911 786 811 784 590 807 1154 266 578 868 424 538 586 207 623
515 478 345 576 672 931 695 508 284 70 515 158 480 814 691 330 210 671 626 590 362 464 722 666 577 214 449 607 671 204 824 666 561 713 675 574 293 0 603 245 641 706 270 283 618 339 215 557 663 256 492 294 72 665 266 595 468 542 504 329 677 672 547 573 545 351 568 915 84 465 629 449 806 473 399 509
738 359 826 829 361 1477 383 233 833 618 230 707 150 1360 1237 879 644 359 393 674 843 945 489 433 683 763 329 1154 438 753 1370 1212 1107 480 363 263 842 603 0 793 1176 394 377 807 327 888 461 1103 430 689 768 353 621 353 699 668 793 309 548 878 466 439 314 339 312 294 335 682 632 792 396 984 1352 954 944 763
580 669 411 641 863 725 886 698 350 231 705 224 670 607 484 396 219 862 817 655 427 530 913 857 642 55 639 401 862 81 618 459 354 904 866 765 87 245 793 0 568 897 460 348 808 133 406 350 853 446 557 485 216 856 452 661 534 733 695 394 867 862 738 763 736 542 759 1106 217 530 820 376 600 538 269 575
976 1051 807 1037 1245 495 1268 1081 745 627 1088 620 1053 643 880 791 581 1244 1199 1051 823 926 1295 1239 1038 537 1022 796 1244 527 884 855 750 1286 1248 1147 616 641 1176 568 0 1279 843 744 1191 662 788 746 1236 829 953 867 611 1238 839 1056 930 1115 1077 790 1250 1245 1120 1145 1118 924 1141 1488 613 926 1202 404 833 934 586 971
830 451 930 921 152 1581 94 239 936 722 236 810 527 1464 1341 982 747 150 399 766 946 1049 495 438 775 866 421 1257 444 856 1474 1316 1211 486 154 194 945 706 394 897 1279 0 633 910 333 991 600 1207 435 793 860 608 725 89 803 760 885 315 640 981 472 444 320 345 317 539 341 688 736 884 401 1088 1456 1057 1047 855
663 426 494 724 599 1145 621 456 500 285 463 374 254 1027 904 546 311 597 574 679 510 612 671 614 688 430 397 821 620 420 1038 879 774 662 601 501 509 270 377 460 843 633 0 474 565 555 128 770 611 356 640 91 288 591 366 674 617 490 452 545 625 620 495 521 493 126 517 863 299 613 577 652 1020 621 611 657
268 655 98 329 876 1034 899 711 105 269 719 176 684 917 794 151 395 875 830 342 114 217 926 870 330 318 653 711 875 308 927 769 664 917 879 778 397 283 807 348 744 910 474 0 821 443 419 660 867 149 245 498 254 869 139 348 221 746 552 150 881 876 751 776 749 555 772 1119 256 217 833 553 910 225 503 262
742 362 841 832 299 1492 322 150 847 633 147 722 460 1375 1252 893 658 298 310 677 857 960 406 350 687 778 333 1169 355 767 1385 1227 1122 397 302 201 856 618 327 808 1191 333 565 821 0 902 511 1118 347 704 771 541 636 292 714 672 796 226 551 892 383 356 231 256 229 472 252 599 647 795 313 999 1367 969 958 766
675 763 505 736 957 624 980 792 444 325 800 318 765 507 384 490 313 956 911 749 521 624 1007 951 737 149 734 301 956 175 517 359 254 998 960 859 71 339 888 133 662 991 555 443 902 0 500 250 948 541 652 579 310 950 546 755 628 827 789 489 962 957 832 857 830 636 853 1200 312 624 914 471 499 632 169 669
608 372 439 669 566 1090 589 401 445 231 408 320 338 973 850 491 256 565 520 624 455 558 616 560 634 375 343 766 565 365 983 825 720 607 569 468 454 215 461 406 788 600 128 419 511 500 0 716 557 302 586 153 234 559 312 619 562 436 398 490 571 566 441 466 439 210 462 809 245 558 523 597 965 566 556 603
892 979 723 953 1173 512 1195 1008 661 543 1015 536 980 395 156 707 506 1172 1127 967 739 841 1223 1166 954 366 949 73 1172 393 295 229 73 1214 1175 1075 289 557 1103 350 746 1207 770 660 1118 250 716 0 1163 756 869 795 527 1165 763 972 846 1042 1005 706 1177 1172 1048 1073 1045 852 1069 1416 529 842 1129 554 387 850 189 887
770 407 887 861 401 1538 424 237 893 678 244 767 563 1420 1297 939 704 400 147 706 903 1005 243 187 715 823 378 1214 193 813 1431 1272 1167 230 404 304 902 663 430 853 1236 435 611 867 347 948 557 1163 0 749 800 636 681 394 759 701 825 167 580 938 405 193 153 138 148 574 136 431 692 824 150 1044 1413 1014 1004 795
338 565 169 399 759 1130 781 594 218 271 601 289 566 1013 890 264 297 758 713 413 185 288 809 752 400 416 535 807 758 406 1023 865 760 800 762 661 495 256 689 446 829 793 356 149 704 541 302 756 749 0 315 381 274 751 41 418 292 628 591 263 763 758 634 659 631 438 655 1002 285 288 715 637 1005 296 597 333
223 438 265 424 826 1243 849 661 314 478 669 385 802 1126 1003 360 580 825 764 162 156 313 860 803 111 527 472 920 809 517 1136 978 873 851 829 728 606 492 768 557 953 860 640 245 771 652 586 869 800 315 0 665 463 819 305 168 177 679 335 359 731 809 685 710 682 721 706 1053 465 313 766 762 1119 321 712 357
687 451 518 748 574 1169 597 447 524 310 444 399 230 1052 929 570 335 573 599 703 534 637 695 639 713 454 421 845 644 444 1062 904 799 686 577 476 533 294 353 485 867 608 91 498 541 579 153 795 636 381 665 0 313 567 391 698 641 515 477 569 650 644 520 545 518 101 541 888 324 637 602 676 1044 645 635 682
486 496 316 547 691 902 713 526 255 79 533 129 498 785 661 301 228 689 644 560 332 435 741 684 548 185 467 578 690 175 795 636 531 732 693 593 264 72 621 216 611 725 288 254 636 310 234 527 681 274 463 313 0 683 284 566 439 560 522 300 695 690 565 591 563 370 587 933 93 435 647 420 777 443 370 480
789 409 889 880 110 1540 77 198 895 680 194 769 486 1423 1299 941 706 109 357 725 905 1007 454 397 734 825 380 1216 403 815 1433 1274 1169 445 113 152 904 665 353 856 1238 89 591 869 292 950 559 1165 394 751 819 567 683 0 761 719 843 273 599 940 431 403 278 304 276 498 300 646 695 843 360 1047 1415 1016 1006 813
328 574 159 389 769 1138 791 604 208 281 611 279 576 1021 897 254 306 767 722 403 175 278 819 762 390 421 545 814 768 411 1031 872 767 810 771 671 500 266 699 452 839 803 366 139 714 546 312 763 759 41 305 391 284 761 0 408 282 638 600 253 773 768 643 669 641 447 665 1011 295 278 725 647 1013 286 606 323
196 338 368 286 727 1347 749 562 417 581 569 488 702 1229 1106 463 683 725 664 92 259 416 760 704 253 630 372 1023 709 620 1240 1081 976 751 729 629 709 595 668 661 1056 760 674 348 672 755 619 972 701 418 168 698 566 719 408 0 250 580 235 462 631 710 585 610 583 650 606 953 568 250 667 865 1222 425 815 220
75 462 241 276 851 1220 873 686 291 455 693 361 826 1103 980 337 557 849 788 255 133 289 884 828 261 503 497 896 833 493 1113 955 850 875 853 753 582 468 793 534 930 885 617 221 796 628 562 846 825 292 177 641 439 843 282 250 0 704 359 336 756 834 709 734 707 698 730 1077 441 239 791 739 1095 298 688 210
650 286 766 740 281 1417 303 116 772 557 123 646 442 1300 1176 818 583 279 130 585 782 884 227 170 595 702 257 1093 176 692 1310 1151 1046 218 283 183 781 542 309 733 1115 315 490 746 226 827 436 1042 167 628 679 515 560 273 638 580 704 0 459 817 284 176 93 78 88 453 75 419 572 703 133 924 1292 893 883 674
305 218 572 395 606 1379 629 441 621 520 449 608 521 1262 1139 667 545 605 543 240 463 620 640 583 250 664 252 1055 589 654 1272 1114 1009 631 609 508 743 504 548 695 1077 640 452 552 551 789 398 1005 580 591 335 477 522 599 600 235 359 459 0 666 511 589 465 490 462 429 486 833 534 358 546 886 1254 586 845 329
382 753 213 443 947 1081 970 782 76 315 790 222 755 963 840 23 441 946 901 457 229 331 997 941 444 364 724 757 946 354 974 815 710 988 950 849 443 329 878 394 790 981 545 150 892 489 490 706 938 263 359 569 300 940 253 462 336 817 666 0 952 947 822 847 820 626 843 1190 302 332 904 599 956 340 549 377
701 418 901 792 438 1552 461 273 907 692 280 781 591 1434 1311 953 718 437 368 637 860 1016 465 408 646 837 392 1228 414 827 1445 1286 1181 456 441 340 916 677 466 867 1250 472 625 881 383 962 571 1177 405 763 731 650 695 431 773 631 756 284 511 952 0 414 289 315 287 601 311 657 706 755 371 1058 1427 983 1018 726
779 416 895 870 410 1546 433 246 902 687 253 776 572 1429 1306 948 713 409 87 715 912 1014 140 34 724 832 387 1223 39 822 1439 1281 1176 244 413 312 911 672 439 862 1245 444 620 876 356 957 566 1172 193 758 809 644 690 403 768 710 834 176 589 947 414 0 162 147 157 583 145 445 701 833 94 1053 1422 1023 1013 804
655 292 771 745 286 1422 308 121 777 563 128 651 447 1305 1182 823 588 284 117 590 787 890 213 156 600 707 262 1098 162 697 1315 1157 1052 204 288 188 786 547 314 738 1120 320 495 751 231 832 441 1048 153 634 685 520 565 278 643 585 709 93 465 822 289 162 0 64 74 459 62 406 577 709 119 929 1297 898 888 679
680 317 796 771 311 1447 334 146 802 588 154 677 472 1330 1207 848 613 310 101 616 812 915 197 141 625 732 288 1124 147 722 1340 1182 1077 189 314 213 811 573 339 763 1145 345 521 776 256 857 466 1073 138 659 710 545 591 304 669 610 734 78 490 847 315 147 64 0 59 484 46 390 602 734 104 954 1322 923 913 704
653 289 769 743 284 1420 306 119 775 560 126 649 445 1303 1179 821 586 282 111 588 785 887 207 151 598 705 260 1096 157 695 1313 1154 1049 199 286 186 784 545 312 736 1118 317 493 749 229 830 439 1045 148 631 682 518 563 276 641 583 707 88 462 820 287 157 74 59 0 456 56 400 575 706 114 927 1295 896 886 677
720 403 575 805 505 1226 528 378 581 367 375 455 171 1109 986 627 392 504 538 655 591 694 634 577 665 511 373 902 583 501 1119 961 856 625 508 407 590 351 294 542 924 539 126 555 472 636 210 852 574 438 721 101 370 498 447 650 698 453 429 626 601 583 459 484 456 0 480 827 381 694 540 733 1101 702 692 739
676 313 792 767 307 1443 330 142 798 584 149 672 468 1326 1203 844 609 306 99 611 808 911 195 139 621 728 283 1119 144 718 1336 1178 1073 186 310 209 807 568 335 759 1141 341 517 772 252 853 462 1069 136 655 706 541 587 300 665 606 730 75 486 843 311 145 62 46 56 480 0 388 598 730 102 950 1318 919 909 700
861 498 977 952 492 1628 515 327 983 769 335 858 653 1511 1388 1029 794 491 238 797 993 1096 334 278 806 913 469 1305 283 903 1521 1363 1258 179 495 394 992 753 520 944 1326 526 702 957 437 1038 647 1254 269 840 891 726 772 485 850 791 915 258 671 1028 496 284 244 229 239 665 226 0 783 915 241 1135 1503 1104 1094 885
488 508 318 548 702 904 725 537 257 90 544 131 509 786 663 303 240 701 656 562 334 437 752 696 549 187 478 580 701 177 797 638 533 743 705 604 266 84 632 217 613 736 299 256 647 312 245 529 692 285 465 324 93 695 295 568 441 572 534 302 706 701 577 602 575 381 598 945 0 437 659 422 779 445 372 482
185 462 237 135 850 1216 873 685 287 451 693 357 823 1099 976 333 553 849 788 255 183 286 884 827 398 499 496 893 833 489 1109 951 846 875 853 752 578 465 792 530 926 884 613 217 795 624 558 842 824 288 313 637 435 843 278 250 239 703 358 332 755 833 709 734 706 694 730 1077 437 0 790 735 1091 294 684 69
737 373 853 827 368 1504 390 203 859 644 210 733 529 1387 1263 905 670 366 92 672 869 971 144 88 682 789 344 1180 93 779 1397 1238 1133 201 370 270 868 629 396 820 1202 401 577 833 313 914 523 1129 150 715 766 602 647 360 725 667 791 133 546 904 371 94 119 104 114 540 102 402 659 790 0 1011 1379 980 970 761
785 860 615 846 1054 849 1077 889 554 436 896 428 861 811 688 600 390 1053 1008 860 632 734 1104 1048 847 346 830 605 1053 336 821 663 558 1095 1057 956 424 449 984 376 404 1088 652 553 999 471 597 554 1044 637 762 676 420 1047 647 865 739 924 886 599 1058 1053 929 954 927 733 950 1297 422 735 1011 0 803 743 395 779
1141 1228 972 1202 1422 372 1445 1257 911 792 1265 785 1230 255 248 957 755 1421 1376 1216 988 1091 1472 1416 1203 616 1199 353 1421 642 115 274 388 1463 1425 1324 538 806 1352 600 833 1456 1020 910 1367 499 965 387 1413 1005 1119 1044 777 1415 1013 1222 1095 1292 1254 956 1427 1422 1297 1322 1295 1101 1318 1665 779 1091 1379 803 0 1099 438 1136
344 690 191 233 1023 1224 1046 859 295 459 866 365 831 1107 984 341 561 1022 977 419 191 104 1073 1017 406 507 724 901 1022 497 1117 959 854 1064 1026 925 586 473 954 538 934 1057 621 225 969 632 566 850 1014 296 321 645 443 1016 286 425 298 893 586 340 983 1023 898 923 896 702 919 1266 445 294 980 743 1099 0 692 295
735 819 565 795 1013 563 1036 848 504 385 856 378 821 446 323 550 346 1012 967 809 581 684 1063 1007 796 285 790 239 1012 285 456 298 193 1054 1016 915 207 399 944 269 586 1047 611 503 958 169 556 189 1004 597 712 635 370 1006 606 815 688 883 845 549 1018 1013 888 913 886 692 909 1256 372 684 970 395 438 692 0 729
156 432 282 106 821 1261 843 656 332 496 663 402 796 1144 1021 378 598 819 758 225 228 330 854 798 370 544 466 937 803 534 1154 996 891 845 823 723 623 509 763 575 971 855 657 262 766 669 603 887 795 333 357 682 480 813 323 220 210 674 329 377 726 804 679 704 677 739 700 1047 482 69 761 779 1136 295 729 0
EOF