NAME : tsp_problem
TYPE : TSP
DIMENSION : 80
EDGE_WEIGHT_TYPE : EXPLICIT
EDGE_WEIGHT_FORMAT : FULL_MATRIX
EDGE_WEIGHT_SECTION
0 960 447 1043 1455 765 951 1863 387 787 619 943 995 510 549 797 1025 622 585 1460 1554 1096 479 558 589 1027 525 585 1053 1458 385 959 1114 536 947 1109 1583 798 516 1178 639 582 915 556 759 637 623 1129 949 1612 779 966 676 857 769 688 587 529 972 844 687 602 448 1089 1179 847 765 748 1468 443 1168 1043 588 610 495 952 539 545 619 609
960 0 716 502 915 470 346 1324 664 722 684 339 454 780 819 502 90 891 861 920 1015 229 756 771 754 228 794 855 516 918 661 331 301 628 563 285 1055 733 785 354 908 858 116 832 787 906 892 305 348 1073 563 167 548 198 788 780 864 799 430 362 537 872 555 548 355 144 792 453 928 536 261 244 653 886 765 336 816 637 684 879
447 716 0 700 1112 485 609 1520 92 390 276 601 652 104 143 517 782 215 242 1117 1211 753 137 151 182 784 118 179 710 1115 94 616 871 193 604 766 1241 401 109 835 232 240 671 214 361 230 216 786 607 1270 437 722 333 614 371 290 245 123 629 502 345 196 212 746 836 604 366 468 1125 207 825 800 245 268 89 609 197 202 276 203
1043 502 700 0 438 709 223 846 688 603 564 215 67 764 803 741 492 875 861 443 537 435 756 755 738 678 778 838 190 441 691 230 578 551 238 380 730 613 769 449 892 859 592 832 667 890 876 400 221 596 443 643 557 609 668 736 864 783 135 356 568 856 808 70 450 621 673 692 451 803 507 619 534 887 749 223 816 542 564 862
1455 915 1112 438 0 1121 636 626 1100 1014 976 628 481 1176 1214 1153 906 1287 1273 67 317 849 1168 1166 1150 1092 1190 1250 433 189 1102 644 991 963 586 794 780 1025 1181 863 1304 1270 1006 1244 1079 1302 1288 814 634 219 855 1057 968 1023 1080 1148 1276 1195 549 768 980 1267 1220 393 864 1035 1084 1103 231 1215 920 1033 945 1298 1160 637 1228 953 976 1274
765 470 485 709 1121 0 617 1529 469 453 350 609 661 549 588 63 535 660 646 1126 1220 674 541 540 523 538 563 624 719 1124 467 624 624 336 613 730 1249 464 554 799 677 644 425 618 527 675 661 750 615 1278 445 476 184 367 529 549 649 568 637 510 174 641 361 755 800 358 533 86 1134 341 707 554 319 672 534 618 601 327 350 648
951 346 609 223 636 617 0 1045 597 511 473 91 175 672 711 649 337 784 770 642 736 280 664 663 646 523 687 747 237 639 599 106 422 460 284 225 777 522 678 294 800 767 437 741 575 799 785 245 97 794 352 488 465 453 577 645 772 691 151 264 477 764 716 269 295 466 581 600 649 712 351 464 442 795 657 99 724 450 473 771
1863 1324 1520 846 626 1529 1045 0 1508 1423 1384 1037 889 1584 1622 1561 1314 1695 1681 631 456 1257 1576 1575 1558 1500 1598 1658 841 751 1511 1052 1399 1371 990 1202 373 1433 1589 1271 1712 1678 1414 1652 1487 1710 1696 1222 1043 568 1263 1465 1377 1431 1488 1556 1684 1603 957 1176 1388 1675 1628 801 1272 1443 1492 1512 421 1623 1328 1441 1354 1706 1569 1045 1636 1361 1384 1682
387 664 92 688 1100 469 597 1508 0 432 264 589 640 156 194 501 729 267 230 1105 1199 741 124 203 234 732 170 230 698 1103 59 604 818 181 592 754 1229 443 161 823 284 227 619 201 405 282 268 774 595 1258 425 670 321 561 415 333 232 175 617 490 333 247 152 734 824 552 410 452 1113 148 813 747 233 255 140 597 184 191 264 254
787 722 390 603 1014 453 511 1423 432 0 192 503 555 320 455 485 713 527 592 1020 1114 656 487 255 239 884 430 491 613 1017 435 518 798 295 507 669 1143 64 421 738 544 590 771 563 97 542 528 689 509 1172 202 822 301 714 98 167 595 435 531 404 312 508 552 649 738 704 103 436 1027 547 727 840 229 617 423 511 547 285 190 515
619 684 276 564 976 350 473 1384 264 192 0 465 516 279 378 382 675 451 437 981 1075 618 331 214 197 778 354 414 574 979 266 480 760 127 469 630 1105 203 345 699 468 434 666 408 266 466 452 650 471 1134 291 717 197 608 268 224 439 358 493 366 209 431 384 611 700 598 272 332 989 379 689 794 79 462 324 473 392 117 110 438
943 339 601 215 628 609 91 1037 589 503 465 0 167 664 703 641 329 776 762 634 728 272 656 655 638 515 679 739 229 631 591 98 415 452 276 217 769 514 670 286 792 759 430 733 567 791 777 237 89 786 344 480 457 446 569 637 764 683 143 256 469 756 708 261 287 458 573 592 641 704 344 456 434 787 649 91 716 442 465 763
995 454 652 67 481 661 175 889 640 555 516 167 0 716 754 693 444 827 813 486 580 387 708 707 690 630 730 790 142 484 643 182 530 503 190 332 682 565 721 401 844 811 544 784 619 842 828 352 173 639 395 595 509 561 620 688 816 735 87 308 520 807 760 113 402 573 624 644 494 755 458 571 486 838 701 175 768 494 516 814
510 780 104 764 1176 549 672 1584 156 320 279 664 716 0 169 581 845 241 306 1181 1275 817 201 81 112 848 144 205 774 1179 158 679 934 256 668 830 1304 331 135 899 258 303 735 277 291 256 242 850 670 1333 419 786 397 677 301 220 309 149 692 565 408 222 275 810 899 668 296 532 1189 271 888 864 309 331 136 672 261 266 277 228
549 819 143 803 1214 588 711 1622 194 455 378 703 754 169 0 620 884 144 345 1219 1313 856 239 216 247 886 130 107 813 1217 197 718 973 295 707 868 1343 466 121 937 160 342 774 316 426 159 145 888 709 1372 539 825 435 716 436 355 347 125 731 604 447 124 314 849 938 706 431 570 1227 309 927 902 347 370 175 711 300 305 378 131
797 502 517 741 1153 63 649 1561 501 485 382 641 693 581 620 0 567 692 678 1158 1252 706 573 572 555 570 595 656 751 1156 499 656 656 368 645 762 1281 496 586 831 709 676 457 650 559 707 693 782 647 1310 477 508 216 399 561 581 681 600 669 542 206 673 393 787 832 390 565 68 1166 373 739 586 351 704 566 650 633 359 382 680
1025 90 782 492 906 535 337 1314 729 713 675 329 444 845 884 567 0 957 926 911 1005 220 821 836 820 294 860 920 506 909 726 322 292 662 554 276 1046 724 851 345 973 924 181 897 777 972 958 296 339 1064 554 232 613 264 779 846 929 864 421 353 602 937 621 538 345 210 783 518 919 601 252 309 644 952 830 326 881 652 675 944
622 891 215 875 1287 660 784 1695 267 527 451 776 827 241 144 692 957 0 417 1292 1386 928 312 289 320 959 168 99 885 1290 269 791 1045 368 779 941 1415 538 158 1010 155 415 846 388 498 153 139 961 782 1445 612 897 508 789 508 427 420 162 804 677 520 97 387 921 1011 779 504 643 1300 382 1000 975 420 443 248 784 372 377 451 125
585 861 242 861 1273 646 770 1681 230 592 437 762 813 306 345 678 926 417 0 1278 1372 914 156 354 385 929 320 381 871 1276 232 777 1015 354 766 927 1402 603 311 996 434 193 816 99 563 432 418 947 768 1431 598 867 494 758 573 492 198 325 790 663 506 398 349 907 997 749 568 629 1286 345 986 945 406 216 291 770 150 364 437 405
1460 920 1117 443 67 1126 642 631 1105 1020 981 634 486 1181 1219 1158 911 1292 1278 0 322 854 1173 1172 1155 1097 1195 1255 438 144 1107 649 996 968 591 799 785 1030 1186 868 1309 1275 1011 1249 1084 1307 1293 819 640 173 860 1062 973 1028 1085 1153 1281 1200 554 773 985 1272 1225 398 869 1040 1089 1108 236 1220 925 1038 951 1303 1165 642 1233 958 981 1279
1554 1015 1211 537 317 1220 736 456 1199 1114 1075 728 580 1275 1313 1252 1005 1386 1372 322 0 948 1267 1266 1249 1191 1289 1349 532 442 1201 743 1090 1062 685 893 610 1124 1280 962 1403 1369 1105 1343 1178 1401 1387 913 734 259 954 1156 1068 1122 1179 1247 1375 1294 648 867 1079 1366 1319 492 963 1134 1183 1202 112 1314 1019 1132 1045 1397 1260 736 1327 1052 1075 1373
1096 229 753 435 849 674 280 1257 741 656 618 272 387 817 856 706 220 928 914 854 948 0 809 808 791 314 831 892 449 852 744 265 214 604 497 218 989 667 822 287 945 912 320 885 720 943 929 238 281 1006 496 351 610 336 721 790 917 836 363 296 621 909 760 481 288 348 726 657 862 740 109 255 587 940 802 269 869 595 618 916
479 756 137 756 1168 541 664 1576 124 487 331 656 708 201 239 573 821 312 156 1173 1267 809 0 248 279 823 215 275 766 1171 127 671 910 248 660 822 1296 498 206 891 329 154 711 127 458 327 313 842 662 1325 492 761 389 653 468 387 159 220 684 557 400 292 244 802 891 643 463 524 1181 239 880 839 301 182 185 664 111 258 331 299
558 771 151 755 1166 540 663 1575 203 255 214 655 707 81 216 572 836 289 354 1172 1266 808 248 0 48 838 192 252 765 1169 205 670 925 247 659 821 1295 266 183 890 305 351 726 325 224 304 290 841 661 1324 354 777 388 668 234 153 356 196 683 556 399 269 323 801 890 658 229 523 1179 318 879 854 251 379 184 663 308 257 212 276
589 754 182 738 1150 523 646 1558 234 239 197 638 690 112 247 555 820 320 385 1155 1249 791 279 48 0 822 223 283 748 1153 236 654 908 231 642 804 1278 250 214 873 337 382 709 356 210 335 321 824 644 1307 337 760 371 652 220 139 387 227 667 539 382 300 354 784 874 642 215 506 1163 349 863 838 234 410 215 647 339 240 196 307
1027 228 784 678 1092 538 523 1500 732 884 778 515 630 848 886 570 294 959 929 1097 1191 314 823 838 822 0 862 922 692 1095 729 508 153 695 740 462 1232 895 853 530 976 926 150 900 919 974 960 481 524 1249 739 103 615 266 929 848 931 867 607 539 605 939 623 724 531 212 924 520 1105 604 248 82 748 954 832 512 883 705 778 946
525 794 118 778 1190 563 687 1598 170 430 354 679 730 144 130 595 860 168 320 1195 1289 831 215 192 223 862 0 131 788 1193 172 694 948 271 682 844 1318 441 96 913 185 318 749 291 401 183 169 864 685 1348 515 800 411 692 411 330 323 110 707 580 423 148 290 824 914 682 407 546 1203 285 903 878 323 346 151 687 275 280 354 155
585 855 179 838 1250 624 747 1658 230 491 414 739 790 205 107 656 920 99 381 1255 1349 892 275 252 283 922 131 0 848 1253 233 754 1009 331 743 904 1379 501 121 973 118 378 810 352 462 116 102 924 745 1408 575 860 471 752 472 391 383 126 767 640 483 81 350 885 974 742 467 606 1263 345 963 938 383 406 211 747 335 341 414 89
1053 516 710 190 433 719 237 841 698 613 574 229 142 774 813 751 506 885 871 438 532 449 766 765 748 692 788 848 0 436 701 244 591 561 184 394 608 623 779 463 902 869 606 842 677 900 886 414 235 590 453 657 567 623 678 746 874 793 149 366 578 865 818 236 464 635 682 702 446 813 520 633 544 896 759 237 826 552 574 872
1458 918 1115 441 189 1124 639 751 1103 1017 979 631 484 1179 1217 1156 909 1290 1276 144 442 852 1171 1169 1153 1095 1193 1253 436 0 1105 647 994 966 589 797 904 1028 1184 866 1307 1273 1009 1247 1082 1305 1291 817 637 204 858 1060 971 1026 1083 1151 1279 1198 552 771 983 1270 1223 396 867 1038 1087 1106 357 1218 923 1036 948 1301 1163 640 1231 956 979 1277
385 661 94 691 1102 467 599 1511 59 435 266 591 643 158 197 499 726 269 232 1107 1201 744 127 205 236 729 172 233 701 1105 0 606 815 183 595 757 1231 445 163 825 286 229 616 203 407 284 270 776 597 1260 427 667 324 558 417 336 235 177 619 492 335 250 149 737 826 549 412 449 1115 145 815 745 235 257 143 599 187 193 266 257
959 331 616 230 644 624 106 1052 604 518 480 98 182 679 718 656 322 791 777 649 743 265 671 670 654 508 694 754 244 647 606 0 407 467 292 210 784 529 685 279 807 774 422 748 582 806 792 230 104 801 359 473 472 438 584 652 779 698 158 271 484 771 723 276 279 451 588 607 657 719 336 448 449 802 664 106 732 457 480 778
1114 301 871 578 991 624 422 1399 818 798 760 415 530 934 973 656 292 1045 1015 996 1090 214 910 925 908 153 948 1009 591 994 815 407 0 747 639 361 1131 809 940 430 1062 1013 237 986 862 1061 1047 381 424 1149 639 190 702 352 864 932 1018 953 506 438 691 1026 710 624 431 298 868 607 1004 690 147 93 729 1040 919 412 970 737 760 1033
536 628 193 551 963 336 460 1371 181 295 127 452 503 256 295 368 662 368 354 968 1062 604 248 247 231 695 271 331 561 966 183 467 747 0 456 617 1092 306 262 686 385 351 583 325 328 383 369 637 458 1121 288 634 184 525 338 257 356 275 480 353 196 348 301 597 687 515 333 319 976 296 676 711 96 379 241 460 309 85 127 355
947 563 604 238 586 613 284 990 592 507 469 276 190 668 707 645 554 779 766 591 685 497 660 659 642 740 682 743 184 589 595 292 639 456 0 442 657 518 673 511 796 763 654 737 571 794 780 462 283 743 348 705 461 671 572 641 768 687 197 260 472 760 712 284 512 683 577 596 599 708 568 681 438 791 653 285 720 446 469 767
1109 285 766 380 794 730 225 1202 754 669 630 217 332 830 868 762 276 941 927 799 893 218 822 821 804 462 844 904 394 797 757 210 361 617 442 0 934 679 835 100 958 925 376 898 733 956 942 51 227 952 509 427 623 392 734 802 930 849 309 352 634 921 816 426 101 405 738 713 807 796 290 402 600 952 815 214 882 607 630 928
1583 1055 1241 730 780 1249 777 373 1229 1143 1105 769 682 1304 1343 1281 1046 1415 1402 785 610 989 1296 1295 1278 1232 1318 1379 608 904 1231 784 1131 1092 657 934 0 1154 1309 1003 1432 1399 1146 1373 1207 1431 1417 954 775 722 984 1197 1097 1163 1208 1277 1404 1323 689 896 1108 1396 1348 776 1004 1175 1213 1232 574 1344 1060 1173 1074 1427 1289 777 1356 1082 1105 1403
798 733 401 613 1025 464 522 1433 443 64 203 514 565 331 466 496 724 538 603 1030 1124 667 498 266 250 895 441 501 623 1028 445 529 809 306 518 679 1154 0 432 748 555 600 782 574 86 553 539 699 520 1183 212 833 311 725 88 156 606 446 542 415 323 519 563 660 749 715 92 446 1038 558 738 850 240 628 433 522 558 296 201 525
516 785 109 769 1181 554 678 1589 161 421 345 670 721 135 121 586 851 158 311 1186 1280 822 206 183 214 853 96 121 779 1184 163 685 940 262 673 835 1309 432 0 904 175 309 740 282 392 173 159 855 676 1339 506 791 402 683 403 321 314 101 698 571 414 138 281 815 905 673 398 537 1194 276 894 869 314 337 142 678 266 271 345 145
1178 354 835 449 863 799 294 1271 823 738 699 286 401 899 937 831 345 1010 996 868 962 287 891 890 873 530 913 973 463 866 825 279 430 686 511 100 1003 748 904 0 1027 993 445 967 802 1025 1011 77 296 1021 578 496 692 461 803 871 999 918 378 421 703 990 885 495 52 473 807 782 876 865 359 471 669 1021 884 283 951 676 699 997
639 908 232 892 1304 677 800 1712 284 544 468 792 844 258 160 709 973 155 434 1309 1403 945 329 305 337 976 185 118 902 1307 286 807 1062 385 796 958 1432 555 175 1027 0 432 863 405 515 90 76 978 798 1461 628 914 525 806 525 444 437 179 820 693 536 135 403 938 1028 796 520 660 1317 399 1017 992 437 459 265 800 389 394 468 88
582 858 240 859 1270 644 767 1678 227 590 434 759 811 303 342 676 924 415 193 1275 1369 912 154 351 382 926 318 378 869 1273 229 774 1013 351 763 925 1399 600 309 993 432 0 813 164 561 430 416 944 765 1428 595 864 491 756 571 489 33 322 787 660 503 395 347 905 994 746 566 626 1283 342 983 942 403 218 288 767 78 361 434 402
915 116 671 592 1006 425 437 1414 619 771 666 430 544 735 774 457 181 846 816 1011 1105 320 711 726 709 150 749 810 606 1009 616 422 237 583 654 376 1146 782 740 445 863 813 0 787 806 861 847 396 439 1164 654 121 503 153 816 735 819 754 521 453 492 827 510 638 446 99 812 408 1019 491 332 166 635 841 720 426 771 592 666 834
556 832 214 832 1244 618 741 1652 201 563 408 733 784 277 316 650 897 388 99 1249 1343 885 127 325 356 900 291 352 842 1247 203 748 986 325 737 898 1373 574 282 967 405 164 787 0 534 404 390 918 739 1402 569 838 465 730 544 463 169 296 761 634 477 369 320 878 968 720 539 600 1257 316 957 916 377 187 262 741 121 335 408 376
759 787 361 667 1079 527 575 1487 405 97 266 567 619 291 426 559 777 498 563 1084 1178 720 458 224 210 919 401 462 677 1082 407 582 862 328 571 733 1207 86 392 802 515 561 806 534 0 514 500 753 573 1236 266 857 375 749 53 86 566 406 595 468 386 479 524 713 802 739 48 510 1092 520 791 904 303 588 394 575 518 338 265 486
637 906 230 890 1302 675 799 1710 282 542 466 791 842 256 159 707 972 153 432 1307 1401 943 327 304 335 974 183 116 900 1305 284 806 1061 383 794 956 1431 553 173 1025 90 430 861 404 514 0 74 976 797 1460 627 912 523 804 524 442 435 177 819 692 535 133 402 936 1026 794 519 658 1315 397 1015 990 435 458 263 799 387 392 466 86
623 892 216 876 1288 661 785 1696 268 528 452 777 828 242 145 693 958 139 418 1293 1387 929 313 290 321 960 169 102 886 1291 270 792 1047 369 780 942 1417 539 159 1011 76 416 847 390 500 74 0 962 783 1446 613 898 509 790 510 428 421 163 805 678 521 119 388 922 1012 780 505 644 1301 383 1001 976 421 444 249 785 373 379 452 72
1129 305 786 400 814 750 245 1222 774 689 650 237 352 850 888 782 296 961 947 819 913 238 842 841 824 481 864 924 414 817 776 230 381 637 462 51 954 699 855 77 978 944 396 918 753 976 962 0 247 972 529 447 642 412 754 822 950 869 329 372 654 941 836 446 78 424 758 733 827 816 310 422 620 972 834 234 902 627 650 948
949 348 607 221 634 615 97 1043 595 509 471 89 173 670 709 647 339 782 768 640 734 281 662 661 644 524 685 745 235 637 597 104 424 458 283 227 775 520 676 296 798 765 439 739 573 797 783 247 0 792 350 490 463 455 575 643 770 689 149 262 475 762 714 267 296 467 579 598 647 710 353 465 440 793 655 97 722 448 471 769
1612 1073 1270 596 219 1278 794 568 1258 1172 1134 786 639 1333 1372 1310 1064 1445 1431 173 259 1006 1325 1324 1307 1249 1348 1408 590 204 1260 801 1149 1121 743 952 722 1183 1339 1021 1461 1428 1164 1402 1236 1460 1446 972 792 0 1013 1215 1126 1180 1238 1306 1433 1352 706 925 1138 1425 1377 550 1021 1192 1242 1261 216 1373 1078 1190 1103 1456 1318 794 1385 1111 1134 1432
779 563 437 443 855 445 352 1263 425 202 291 344 395 419 539 477 554 612 598 860 954 496 492 354 337 739 515 575 453 858 427 359 639 288 348 509 984 212 506 578 628 595 654 569 266 627 613 529 350 1013 0 705 293 670 267 335 600 519 372 245 305 592 544 489 579 683 271 428 868 540 568 680 270 623 485 352 552 278 289 599
966 167 722 643 1057 476 488 1465 670 822 717 480 595 786 825 508 232 897 867 1062 1156 351 761 777 760 103 800 860 657 1060 667 473 190 634 705 427 1197 833 791 496 914 864 121 838 857 912 898 447 490 1215 705 0 554 204 867 786 869 805 572 504 543 878 561 689 496 150 862 459 1070 542 285 119 686 892 771 477 822 643 717 884
676 548 333 557 968 184 465 1377 321 301 197 457 509 397 435 216 613 508 494 973 1068 610 389 388 371 615 411 471 567 971 324 472 702 184 461 623 1097 311 402 692 525 491 503 465 375 523 509 642 463 1126 293 554 0 445 376 397 497 416 485 358 84 488 439 603 692 435 381 167 981 419 681 631 167 519 382 465 449 174 197 495
857 198 614 609 1023 367 453 1431 561 714 608 446 561 677 716 399 264 789 758 1028 1122 336 653 668 652 266 692 752 623 1026 558 438 352 525 671 392 1163 725 683 461 806 756 153 730 749 804 790 412 455 1180 670 204 445 0 759 678 761 696 537 469 435 769 453 655 462 86 754 350 1036 433 369 282 577 784 662 443 713 535 608 776
769 788 371 668 1080 529 577 1488 415 98 268 569 620 301 436 561 779 508 573 1085 1179 721 468 234 220 929 411 472 678 1083 417 584 864 338 572 734 1208 88 403 803 525 571 816 544 53 524 510 754 575 1238 267 867 376 759 0 96 576 416 597 470 388 489 534 714 804 749 58 511 1093 530 793 905 305 599 404 577 528 348 266 496
688 780 290 736 1148 549 645 1556 333 167 224 637 688 220 355 581 846 427 492 1153 1247 790 387 153 139 848 330 391 746 1151 336 652 932 257 641 802 1277 156 321 871 444 489 735 463 86 442 428 822 643 1306 335 786 397 678 96 0 495 335 665 538 409 408 453 783 872 668 91 532 1161 449 861 864 260 517 322 645 447 266 222 415
587 864 245 864 1276 649 772 1684 232 595 439 764 816 309 347 681 929 420 198 1281 1375 917 159 356 387 931 323 383 874 1279 235 779 1018 356 768 930 1404 606 314 999 437 33 819 169 566 435 421 950 770 1433 600 869 497 761 576 495 0 328 792 665 508 400 352 910 999 751 571 632 1289 347 988 947 409 223 293 772 83 366 439 407
529 799 123 783 1195 568 691 1603 175 435 358 683 735 149 125 600 864 162 325 1200 1294 836 220 196 227 867 110 126 793 1198 177 698 953 275 687 849 1323 446 101 918 179 322 754 296 406 177 163 869 689 1352 519 805 416 696 416 335 328 0 711 584 427 143 294 829 918 687 411 551 1208 290 907 883 328 350 155 691 280 285 358 150
972 430 629 135 549 637 151 957 617 531 493 143 87 692 731 669 421 804 790 554 648 363 684 683 667 607 707 767 149 552 619 158 506 480 197 309 689 542 698 378 820 787 521 761 595 819 805 329 149 706 372 572 485 537 597 665 792 711 0 284 497 784 736 181 378 550 601 620 562 732 435 547 462 815 677 151 745 470 493 791
844 362 502 356 768 510 264 1176 490 404 366 256 308 565 604 542 353 677 663 773 867 296 557 556 539 539 580 640 366 771 492 271 438 353 260 352 896 415 571 421 693 660 453 634 468 692 678 372 262 925 245 504 358 469 470 538 665 584 284 0 370 657 609 402 421 482 474 493 781 605 367 480 335 688 550 264 617 343 366 664
687 537 345 568 980 174 477 1388 333 312 209 469 520 408 447 206 602 520 506 985 1079 621 400 399 382 605 423 483 578 983 335 484 691 196 472 634 1108 323 414 703 536 503 492 477 386 535 521 654 475 1138 305 543 84 435 388 409 508 427 497 370 0 500 428 614 704 425 392 156 993 409 693 621 178 531 393 477 460 186 209 507
602 872 196 856 1267 641 764 1675 247 508 431 756 807 222 124 673 937 97 398 1272 1366 909 292 269 300 939 148 81 865 1270 250 771 1026 348 760 921 1396 519 138 990 135 395 827 369 479 133 119 941 762 1425 592 878 488 769 489 408 400 143 784 657 500 0 367 902 991 759 484 623 1280 362 980 955 400 423 228 764 353 358 431 106
448 555 212 808 1220 361 716 1628 152 552 384 708 760 275 314 393 621 387 349 1225 1319 760 244 323 354 623 290 350 818 1223 149 723 710 301 712 816 1348 563 281 885 403 347 510 320 524 402 388 836 714 1377 544 561 439 453 534 453 352 294 736 609 428 367 0 854 885 443 529 344 1233 78 792 639 353 375 260 716 304 310 384 374
1089 548 746 70 393 755 269 801 734 649 611 261 113 810 849 787 538 921 907 398 492 481 802 801 784 724 824 885 236 396 737 276 624 597 284 426 776 660 815 495 938 905 638 878 713 936 922 446 267 550 489 689 603 655 714 783 910 829 181 402 614 902 854 0 496 667 719 738 406 850 553 665 580 933 795 269 862 588 611 909
1179 355 836 450 864 800 295 1272 824 738 700 287 402 899 938 832 345 1011 997 869 963 288 891 890 874 531 914 974 464 867 826 279 431 687 512 101 1004 749 905 52 1028 994 446 968 802 1026 1012 78 296 1021 579 496 692 462 804 872 999 918 378 421 704 991 885 496 0 474 808 783 877 866 360 472 669 1022 884 284 952 677 700 998
847 144 604 621 1035 358 466 1443 552 704 598 458 573 668 706 390 210 779 749 1040 1134 348 643 658 642 212 682 742 635 1038 549 451 298 515 683 405 1175 715 673 473 796 746 99 720 739 794 780 424 467 1192 683 150 435 86 749 668 751 687 550 482 425 759 443 667 474 0 744 340 1048 424 381 228 568 774 652 455 704 525 598 766
765 792 366 673 1084 533 581 1492 410 103 272 573 624 296 431 565 783 504 568 1089 1183 726 463 229 215 924 407 467 682 1087 412 588 868 333 577 738 1213 92 398 807 520 566 812 539 48 519 505 758 579 1242 271 862 381 754 58 91 571 411 601 474 392 484 529 719 808 744 0 516 1097 525 797 910 309 594 399 581 523 343 270 491
748 453 468 692 1103 86 600 1512 452 436 332 592 644 532 570 68 518 643 629 1108 1202 657 524 523 506 520 546 606 702 1106 449 607 607 319 596 713 1232 446 537 782 660 626 408 600 510 658 644 733 598 1261 428 459 167 350 511 532 632 551 620 493 156 623 344 738 783 340 516 0 1116 324 689 536 302 654 516 600 584 309 332 630
1468 928 1125 451 231 1134 649 421 1113 1027 989 641 494 1189 1227 1166 919 1300 1286 236 112 862 1181 1179 1163 1105 1203 1263 446 357 1115 657 1004 976 599 807 574 1038 1194 876 1317 1283 1019 1257 1092 1315 1301 827 647 216 868 1070 981 1036 1093 1161 1289 1208 562 781 993 1280 1233 406 877 1048 1097 1116 0 1228 933 1046 959 1311 1173 650 1241 966 989 1287
443 536 207 803 1215 341 712 1623 148 547 379 704 755 271 309 373 601 382 345 1220 1314 740 239 318 349 604 285 345 813 1218 145 719 690 296 708 796 1344 558 276 865 399 342 491 316 520 397 383 816 710 1373 540 542 419 433 530 449 347 290 732 605 409 362 78 850 866 424 525 324 1228 0 773 620 348 370 256 712 300 306 379 369
1168 261 825 507 920 707 351 1328 813 727 689 344 458 888 927 739 252 1000 986 925 1019 109 880 879 863 248 903 963 520 923 815 336 147 676 568 290 1060 738 894 359 1017 983 332 957 791 1015 1001 310 353 1078 568 285 681 369 793 861 988 907 435 367 693 980 792 553 360 381 797 689 933 773 0 189 658 1011 873 340 941 666 689 987
1043 244 800 619 1033 554 464 1441 747 840 794 456 571 864 902 586 309 975 945 1038 1132 255 839 854 838 82 878 938 633 1036 745 448 93 711 681 402 1173 850 869 471 992 942 166 916 904 990 976 422 465 1190 680 119 631 282 905 864 947 883 547 480 621 955 639 665 472 228 910 536 1046 620 189 0 764 970 848 453 899 721 794 962
588 653 245 534 945 319 442 1354 233 229 79 434 486 309 347 351 644 420 406 951 1045 587 301 251 234 748 323 383 544 948 235 449 729 96 438 600 1074 240 314 669 437 403 635 377 303 435 421 620 440 1103 270 686 167 577 305 260 409 328 462 335 178 400 353 580 669 568 309 302 959 348 658 764 0 431 294 442 361 86 79 407
1069 1346 727 1346 1757 1131 1254 2166 714 1077 921 1246 1298 790 829 1163 1411 902 675 1763 1857 1399 641 838 869 1413 805 865 1356 1760 716 1261 1500 838 1250 1412 1886 1087 796 1481 919 677 1300 646 1048 917 903 1432 1252 1915 1082 1351 979 1243 1058 976 683 810 1274 1147 990 882 834 1392 1481 1233 1053 1114 1770 829 1470 1429 891 0 775 1254 635 848 921 889
495 765 89 749 1160 534 657 1569 140 423 324 649 701 136 175 566 830 248 291 1165 1260 802 185 184 215 832 151 211 759 1163 143 664 919 241 653 815 1289 433 142 884 265 288 720 262 394 263 249 834 655 1318 485 771 382 662 404 322 293 155 677 550 393 228 260 795 884 652 399 516 1173 256 873 848 294 316 0 657 246 251 324 235
952 336 609 223 637 618 99 1045 597 511 473 91 175 672 711 650 326 784 770 642 736 269 664 663 647 512 687 747 237 640 599 106 412 460 285 214 777 522 678 283 800 767 426 741 575 799 785 234 97 794 352 477 465 443 577 645 772 691 151 264 477 764 716 269 284 455 581 600 650 712 340 453 442 795 657 0 725 450 473 771
539 816 197 816 1228 601 724 1636 184 547 392 716 768 261 300 633 881 372 150 1233 1327 869 111 308 339 883 275 335 826 1231 187 732 970 309 720 882 1356 558 266 951 389 78 771 121 518 387 373 902 722 1385 552 822 449 713 528 447 83 280 745 617 460 353 304 862 952 704 523 584 1241 300 941 899 361 176 246 725 0 318 392 359
545 637 202 542 953 327 450 1361 191 285 117 442 494 266 305 359 652 377 364 958 1052 595 258 257 240 705 280 341 552 956 193 457 737 85 446 607 1082 296 271 676 394 361 592 335 338 392 379 627 448 1111 278 643 174 535 348 266 366 285 470 343 186 358 310 588 677 525 343 309 966 306 666 721 86 389 251 450 318 0 117 365
619 684 276 564 976 350 473 1384 264 190 110 465 516 277 378 382 675 451 437 981 1075 618 331 212 196 778 354 414 574 979 266 480 760 127 469 630 1105 201 345 699 468 434 666 408 265 466 452 650 471 1134 289 717 197 608 266 222 439 358 493 366 209 431 384 611 700 598 270 332 989 379 689 794 79 462 324 473 392 117 0 438
609 879 203 862 1274 648 771 1682 254 515 438 763 814 228 131 680 944 125 405 1279 1373 916 299 276 307 946 155 89 872 1277 257 778 1033 355 767 928 1403 525 145 997 88 402 834 376 486 86 72 948 769 1432 599 884 495 776 496 415 407 150 791 664 507 106 374 909 998 766 491 630 1287 369 987 962 407 430 235 771 359 365 438 0
EOF