NAME : tsp_problem
TYPE : TSP
DIMENSION : 32
EDGE_WEIGHT_TYPE : EXPLICIT
EDGE_WEIGHT_FORMAT : FULL_MATRIX
EDGE_WEIGHT_SECTION
0 242 677 959 1543 523 857 760 1484 426 423 555 1150 655 1521 377 1083 1080 772 370 1056 432 292 165 239 384 1060 1077 248 1377 991 634
397 0 541 823 1407 388 721 624 1348 291 287 420 1014 520 1386 242 948 945 636 235 920 297 79 176 104 395 925 942 112 1241 855 499
832 541 0 397 1288 631 601 505 1229 534 331 365 894 413 1266 319 631 629 209 365 493 340 591 611 487 830 692 631 476 1122 623 379
1114 823 397 0 1081 914 318 347 1022 816 613 698 699 681 1059 601 253 251 243 648 338 623 874 893 769 1112 314 253 758 915 245 495
1698 1407 1288 1081 0 1481 812 953 256 1384 1180 1183 846 1166 194 1336 1106 1103 1266 1215 1221 1190 1458 1477 1353 1696 1015 1100 1342 192 946 980
678 388 631 914 1481 0 795 698 1422 146 361 472 1088 515 1459 339 1022 1018 726 308 1010 371 438 458 334 677 998 1015 323 1315 929 573
1012 721 601 318 812 795 0 267 753 698 494 497 430 480 790 650 343 339 503 529 458 504 771 791 667 1010 252 336 656 646 183 294
915 624 505 347 953 698 267 0 894 601 397 400 560 383 932 553 372 369 532 432 487 407 675 694 570 913 392 366 559 787 323 197
1639 1348 1229 1022 256 1422 753 894 0 1325 1121 1124 787 1107 273 1277 1047 1044 1207 1156 1162 1131 1399 1418 1294 1637 956 1041 1283 133 887 921
581 291 534 816 1384 146 698 601 1325 0 264 375 991 418 1362 242 924 921 629 211 913 273 341 361 236 580 901 918 226 1218 832 475
578 287 331 613 1180 361 494 397 1121 264 0 192 787 262 1159 216 721 717 426 95 709 40 337 357 233 576 698 714 222 1014 628 272
710 420 365 698 1183 472 497 400 1124 375 192 0 789 135 1161 348 723 720 558 227 838 202 470 489 365 709 700 717 354 1017 631 274
1305 1014 894 699 846 1088 430 560 787 991 787 789 0 773 824 943 724 721 884 822 839 797 1064 1084 960 1303 633 718 949 680 564 587
810 520 413 681 1166 515 480 383 1107 418 262 135 773 0 1144 461 706 703 609 341 821 263 570 590 466 809 683 700 455 1000 614 227
1676 1386 1266 1059 194 1459 790 932 273 1362 1159 1161 824 1144 0 1314 1084 1081 1244 1193 1199 1168 1436 1456 1332 1675 994 1078 1321 209 924 958
532 242 319 601 1336 339 650 553 1277 242 216 348 943 461 1314 0 836 834 414 163 698 225 292 312 188 531 853 836 177 1170 784 427
1238 948 631 253 1106 1022 343 372 1047 924 721 723 724 706 1084 836 0 89 438 756 203 731 998 1018 894 1237 339 91 883 940 270 520
1235 945 629 251 1103 1018 339 369 1044 921 717 720 721 703 1081 834 89 0 436 752 201 727 995 1014 890 1234 336 89 879 937 266 517
927 636 209 243 1266 726 503 532 1207 629 426 558 884 609 1244 414 438 436 0 460 359 435 686 706 582 925 499 438 571 1100 430 575
525 235 365 648 1215 308 529 432 1156 211 95 227 822 341 1193 163 756 752 460 0 744 105 285 305 180 524 732 749 170 1049 663 307
1211 920 493 338 1221 1010 458 487 1162 913 709 838 839 821 1199 698 203 201 359 744 0 719 970 990 866 1209 454 203 855 1055 385 635
587 297 340 623 1190 371 504 407 1131 273 40 202 797 263 1168 225 731 727 435 105 719 0 347 367 243 586 707 724 232 1024 638 282
447 79 591 874 1458 438 771 675 1399 341 337 470 1064 570 1436 292 998 995 686 285 970 347 0 226 154 445 975 992 163 1292 906 549
758 635 1070 1353 1937 917 1250 1154 1878 820 816 949 1543 1049 1915 771 1477 1474 1165 764 1449 826 685 0 633 757 1454 1471 642 1770 1385 1028
395 104 487 769 1353 334 667 570 1294 236 233 365 960 466 1332 188 894 890 582 180 866 243 154 174 0 393 871 887 67 1187 801 445
382 239 674 956 1540 520 854 757 1481 423 419 552 1146 652 1518 374 1080 1077 769 367 1052 429 289 162 236 0 1057 1074 245 1374 988 631
1215 925 692 314 1015 998 252 392 956 901 698 700 633 683 994 853 339 336 499 732 454 707 975 995 871 1214 0 333 860 849 100 497
1232 942 631 253 1100 1015 336 366 1041 918 714 717 718 700 1078 836 91 89 438 749 203 724 992 1011 887 1230 333 0 876 934 263 514
403 112 476 758 1342 323 656 559 1283 226 222 354 949 455 1321 177 883 879 571 170 855 232 163 182 67 401 860 876 0 1176 790 434
1532 1241 1122 915 192 1315 646 787 133 1218 1014 1017 680 1000 209 1170 940 937 1100 1049 1055 1024 1292 1311 1187 1530 849 934 1176 0 780 814
1146 855 623 245 946 929 183 323 887 832 628 631 564 614 924 784 270 266 430 663 385 638 906 925 801 1144 100 263 790 780 0 428
789 499 379 495 980 573 294 197 921 475 272 274 587 227 958 427 520 517 575 307 635 282 549 569 445 788 497 514 434 814 428 0
EOF