NAME : tsp_problem
TYPE : TSP
DIMENSION : 58
EDGE_WEIGHT_TYPE : EXPLICIT
EDGE_WEIGHT_FORMAT : FULL_MATRIX
EDGE_WEIGHT_SECTION
0 1356 1396 1465 306 500 427 1070 310 597 801 1023 284 983 534 375 1313 521 874 997 463 481 1418 584 802 138 441 1297 1119 97 798 727 1383 1273 87 307 976 433 683 263 1397 718 610 1314 399 405 88 1465 350 804 870 943 803 941 126 1466 410 725
1356 0 91 166 1244 1381 1308 1049 1249 1083 633 1099 1243 402 955 1278 82 1033 557 1080 1344 967 113 1442 680 1313 992 358 739 1352 1090 686 208 230 1327 1212 1144 1314 800 1201 81 689 1040 271 1001 1286 1331 161 1253 683 999 440 1080 436 1300 171 1091 676
1396 91 0 242 1284 1421 1348 1089 1288 1122 673 1138 1283 442 994 1318 122 1073 596 1120 1384 1006 145 1482 720 1352 1031 421 778 1391 1129 726 248 270 1367 1251 1183 1354 839 1241 132 729 1079 310 1040 1326 1371 192 1293 722 1038 479 1120 475 1340 247 1131 715
1465 166 242 0 1353 1490 1417 1158 1357 1191 742 1207 1352 511 1063 1387 233 1142 665 1188 1453 1075 265 1551 789 1421 1100 207 847 1460 1198 795 106 222 1436 1320 1252 1423 908 1309 130 798 1148 172 1109 1395 1439 312 1362 791 1107 548 1188 544 1409 55 1200 784
306 1244 1284 1353 0 388 315 958 71 485 689 911 193 871 422 285 1201 430 762 885 351 369 1306 472 690 263 329 1185 1007 302 686 615 1271 1161 277 217 864 321 571 78 1285 606 520 1202 287 293 281 1353 259 692 758 831 691 829 250 1354 298 613
893 1774 1814 1883 781 0 633 1472 786 1015 1220 1425 781 1401 952 872 1731 1018 1293 1399 527 899 1837 979 1220 850 859 1716 1538 889 1200 1146 1801 1692 865 804 1378 639 1102 738 1816 1136 1107 1732 818 616 868 1884 847 1223 1272 1362 1205 1360 837 1885 829 1144
427 1308 1348 1417 315 239 0 1006 320 549 754 959 315 935 486 406 1265 552 827 933 203 433 1371 513 754 384 393 1250 1072 423 734 680 1335 1226 399 338 912 37 636 272 1350 670 641 1266 352 150 402 1418 381 757 806 896 739 894 371 1419 363 678
1070 1049 1089 1158 958 1079 1006 0 963 624 650 115 957 678 702 992 1006 781 642 96 1042 714 1112 1057 418 1027 739 991 824 1066 439 499 1076 967 1042 926 160 1012 454 915 1091 502 787 1007 748 984 1045 1159 967 415 275 634 299 633 1014 1160 693 488
310 1249 1288 1357 71 393 320 963 0 489 694 915 198 876 426 289 1206 435 767 889 356 374 1311 476 694 267 334 1190 1012 306 691 620 1275 1166 282 221 869 326 576 83 1290 610 524 1206 292 298 285 1358 264 697 763 836 695 834 255 1359 303 618
597 1083 1122 1191 485 622 549 624 489 0 528 577 484 710 260 519 1040 339 601 550 585 157 1145 683 528 554 233 1024 846 593 352 454 1110 1000 568 453 530 555 410 442 1124 444 429 1040 241 527 572 1192 494 531 424 670 356 668 541 1193 332 452
801 633 673 742 689 826 754 650 694 528 0 700 688 260 400 723 590 478 94 681 789 412 695 887 281 758 437 574 339 797 691 287 660 550 773 657 745 760 245 646 674 280 485 591 446 732 776 742 698 284 600 284 681 282 745 743 536 276
1023 1099 1138 1207 911 1032 959 115 915 577 700 0 910 728 751 945 1056 830 692 76 995 715 1161 1009 467 979 789 1040 873 1018 488 548 1126 1016 994 879 113 965 503 868 1140 552 836 1057 747 937 998 1208 920 464 227 684 252 682 967 1209 646 538
284 1243 1283 1352 193 387 315 957 198 484 688 910 0 870 329 125 1200 271 761 884 350 368 1306 471 689 240 299 1185 1006 279 686 615 1270 1161 255 58 864 321 570 150 1285 605 360 1201 287 293 258 1353 100 692 758 830 690 829 228 1354 297 613
983 402 442 511 871 1008 935 678 876 710 260 728 870 0 582 905 359 660 184 709 971 594 465 1069 309 940 619 344 366 979 719 315 429 320 954 839 773 941 427 828 444 318 667 360 628 913 958 512 880 312 628 269 709 265 927 513 718 304
534 955 994 1063 422 559 486 702 426 260 400 751 329 582 0 350 912 105 473 733 522 144 1017 620 400 490 170 896 718 529 595 326 981 872 505 284 773 492 282 379 996 316 195 912 178 464 509 1064 325 403 652 542 599 540 478 1065 269 324
375 1278 1318 1387 285 479 406 992 289 519 723 945 125 905 350 0 1235 279 796 919 442 403 1341 562 724 332 320 1220 1041 371 721 650 1305 1196 347 79 899 412 605 242 1320 640 266 1236 321 384 350 1388 69 727 793 865 725 864 319 1389 332 647
1313 82 122 233 1201 1338 1265 1006 1206 1040 590 1056 1200 359 912 1235 0 990 514 1037 1301 924 144 1399 637 1270 949 339 696 1309 1047 643 165 187 1284 1169 1101 1271 757 1158 123 646 997 227 958 1243 1288 191 1210 640 956 397 1037 393 1257 238 1048 632
521 1033 1073 1142 430 625 552 781 435 339 478 830 271 660 105 279 990 0 551 811 588 223 1096 699 479 477 205 975 796 516 673 405 1060 951 492 225 851 558 360 387 1075 395 106 991 257 530 496 1143 266 482 730 620 677 619 465 1144 348 403
874 557 596 665 762 899 827 642 767 601 94 692 761 184 473 796 514 551 0 673 862 485 619 960 273 831 510 498 263 870 683 279 584 474 846 730 737 833 318 719 598 282 558 515 519 805 849 666 771 276 592 276 673 274 818 667 609 268
997 1080 1120 1188 885 1005 933 96 889 550 681 76 884 709 733 919 1037 811 673 0 969 689 1142 983 448 953 763 1021 855 992 470 530 1107 997 968 853 87 939 484 842 1121 533 818 1038 721 911 972 1189 894 445 201 665 226 663 941 1190 620 519
922 1803 1843 1912 810 593 662 1501 815 1044 1248 1454 809 1430 981 901 1760 1047 1321 1428 0 928 1866 1008 1249 879 888 1745 1566 918 1229 1175 1830 1721 894 833 1407 667 1130 767 1845 1165 1136 1761 846 645 897 1913 876 1252 1301 1390 1233 1389 866 1914 857 1172
481 967 1006 1075 369 506 433 714 374 157 412 715 368 594 144 403 924 223 485 689 469 0 1029 567 412 438 117 908 730 477 491 338 994 884 453 337 669 439 294 326 1008 329 313 925 126 411 456 1076 378 415 563 554 495 552 425 1077 216 336
1418 113 145 265 1306 1444 1371 1112 1311 1145 695 1161 1306 465 1017 1341 144 1096 619 1142 1407 1029 0 1505 742 1375 1054 444 799 1414 1152 748 270 292 1390 1274 1206 1377 862 1263 155 751 1102 333 1063 1349 1393 77 1315 745 1061 502 1142 498 1362 270 1153 738
584 1442 1482 1551 472 585 513 1057 476 683 887 1009 471 1069 620 562 1399 699 960 983 549 567 1505 0 888 540 527 1384 1205 579 785 814 1469 1360 555 495 963 519 769 429 1484 804 789 1400 485 491 559 1552 537 891 857 1029 789 1028 528 1553 496 811
802 680 720 789 690 827 754 418 694 528 281 467 689 309 400 724 637 479 273 448 790 412 742 888 0 758 438 621 455 797 458 130 707 597 773 658 512 760 245 647 721 133 485 638 446 732 777 789 699 94 367 265 448 263 746 790 537 119
138 1313 1352 1421 263 457 384 1027 267 554 758 979 240 940 490 332 1270 477 831 953 420 438 1375 540 758 0 398 1254 1076 134 755 684 1340 1230 110 264 933 390 640 219 1354 674 567 1271 356 362 113 1422 306 761 827 900 759 898 83 1423 367 682
441 992 1031 1100 329 466 393 739 334 233 437 789 299 619 170 320 949 205 510 763 429 117 1054 527 438 398 0 933 755 437 564 363 1019 909 412 253 742 399 319 286 1033 354 295 950 86 371 416 1101 294 440 636 579 569 577 385 1102 176 361
1297 358 421 207 1185 1323 1250 991 1190 1024 574 1040 1185 344 896 1220 339 975 498 1021 1286 908 444 1384 621 1254 933 0 680 1293 1031 627 213 199 1269 1153 1085 1256 741 1142 322 630 981 148 942 1228 1272 491 1194 624 940 381 1021 377 1241 209 1032 617
1119 739 778 847 1007 1144 1072 824 1012 846 339 873 1006 366 718 1041 696 796 263 855 1107 730 799 1205 455 1076 755 680 0 1115 865 461 765 656 1091 975 919 1078 563 964 780 464 803 696 764 1050 1094 749 1016 458 774 458 855 456 1063 849 854 450
97 1352 1391 1460 302 496 423 1066 306 593 797 1018 279 979 529 371 1309 516 870 992 459 477 1414 579 797 134 437 1293 1115 0 794 723 1379 1269 82 303 972 429 679 258 1393 713 606 1310 395 401 84 1461 345 800 866 939 798 937 122 1462 406 721
798 1090 1129 1198 686 807 734 439 691 352 691 488 686 719 595 721 1047 673 683 470 770 491 1152 785 458 755 564 1031 865 794 0 539 1117 1007 770 654 519 740 494 643 1131 543 763 1048 523 712 773 1199 695 455 389 675 345 673 742 1200 421 529
727 686 726 795 615 753 680 499 620 454 287 548 615 315 326 650 643 405 279 530 716 338 748 814 130 684 363 627 461 723 539 0 713 603 699 583 594 686 171 572 727 81 411 644 372 658 702 795 624 132 449 271 530 269 671 796 462 89
1383 208 248 106 1271 1408 1335 1076 1275 1110 660 1126 1270 429 981 1305 165 1060 584 1107 1371 994 270 1469 707 1340 1019 213 765 1379 1117 713 0 228 1354 1239 1171 1341 827 1228 222 716 1066 177 1027 1313 1358 317 1280 710 1026 467 1107 463 1327 108 1118 702
1273 230 270 222 1161 1299 1226 967 1166 1000 550 1016 1161 320 872 1196 187 951 474 997 1262 884 292 1360 597 1230 909 199 656 1269 1007 603 228 0 1245 1129 1061 1232 717 1118 271 607 957 71 918 1204 1248 340 1170 600 916 357 997 353 1218 224 1009 593
87 1327 1367 1436 277 472 399 1042 282 568 773 994 255 954 505 347 1284 492 846 968 435 453 1390 555 773 110 412 1269 1091 82 770 699 1354 1245 0 279 948 405 655 234 1369 689 581 1285 371 377 73 1437 321 776 842 915 774 913 97 1438 382 697
307 1212 1251 1320 217 411 338 926 221 453 657 879 58 839 284 79 1169 225 730 853 374 337 1274 495 658 264 253 1153 975 303 654 583 1239 1129 279 0 832 344 539 174 1253 574 314 1170 255 316 282 1321 54 660 726 799 658 797 251 1322 266 581
976 1144 1183 1252 864 985 912 160 869 530 745 113 864 773 773 899 1101 851 737 87 948 669 1206 963 512 933 742 1085 919 972 519 594 1171 1061 948 832 0 918 548 821 1185 597 882 1102 701 890 951 1253 873 509 181 729 205 727 920 1254 599 583
433 1314 1354 1423 321 245 37 1012 326 555 760 965 321 941 492 412 1271 558 833 939 208 439 1377 519 760 390 399 1256 1078 429 740 686 1341 1232 405 344 918 0 641 278 1356 676 647 1272 358 156 408 1424 387 763 812 901 745 900 377 1425 368 684
683 800 839 908 571 708 636 454 576 410 245 503 570 427 282 605 757 360 318 484 671 294 862 769 245 640 319 741 563 679 494 171 827 717 655 539 548 641 0 528 841 161 367 758 328 614 658 909 580 248 403 387 484 385 627 910 418 169
263 1201 1241 1309 78 345 272 915 83 442 646 868 150 828 379 242 1158 387 719 842 308 326 1263 429 647 219 286 1142 964 258 643 572 1228 1118 234 174 821 278 528 0 1242 563 477 1159 244 250 238 1310 216 649 715 788 647 786 207 1311 255 570
1397 81 132 130 1285 1422 1350 1091 1290 1124 674 1140 1285 444 996 1320 123 1075 598 1121 1386 1008 155 1484 721 1354 1033 322 780 1393 1131 727 222 271 1369 1253 1185 1356 841 1242 0 730 1081 287 1042 1328 1372 202 1294 724 1040 481 1121 477 1341 135 1132 717
718 689 729 798 606 743 670 502 610 444 280 552 605 318 316 640 646 395 282 533 706 329 751 804 133 674 354 630 464 713 543 81 716 607 689 574 597 676 161 563 730 0 401 647 362 648 693 799 615 136 452 274 533 273 662 799 453 79
610 1040 1079 1148 520 714 641 787 524 429 485 836 360 667 195 266 997 106 558 818 677 313 1102 789 485 567 295 981 803 606 763 411 1066 957 581 314 882 647 367 477 1081 401 0 997 347 619 585 1149 292 488 737 627 768 625 554 1150 438 409
1314 271 310 172 1202 1339 1266 1007 1206 1040 591 1057 1201 360 912 1236 227 991 515 1038 1302 925 333 1400 638 1271 950 148 696 1310 1048 644 177 71 1285 1170 1102 1272 758 1159 287 647 997 0 958 1244 1289 380 1211 641 957 398 1038 394 1258 173 1049 633
399 1001 1040 1109 287 424 352 748 292 241 446 747 287 628 178 321 958 257 519 721 388 126 1063 485 446 356 86 942 764 395 523 372 1027 918 371 255 701 358 328 244 1042 362 347 958 0 330 374 1110 296 449 595 588 527 586 343 1111 134 370
405 1286 1326 1395 293 223 150 984 298 527 732 937 293 913 464 384 1243 530 805 911 186 411 1349 491 732 362 371 1228 1050 401 712 658 1313 1204 377 316 890 156 614 250 1328 648 619 1244 330 0 380 1396 359 735 784 874 717 872 349 1397 341 656
88 1331 1371 1439 281 475 402 1045 285 572 776 998 258 958 509 350 1288 496 849 972 438 456 1393 559 777 113 416 1272 1094 84 773 702 1358 1248 73 282 951 408 658 238 1372 693 585 1289 374 380 0 1440 325 779 845 918 777 916 101 1441 385 700
1465 161 192 312 1353 1491 1418 1159 1358 1192 742 1208 1353 512 1064 1388 191 1143 666 1189 1454 1076 77 1552 789 1422 1101 491 749 1461 1199 795 317 340 1437 1321 1253 1424 909 1310 202 799 1149 380 1110 1396 1440 0 1362 792 1108 549 1189 545 1410 317 1201 785
350 1253 1293 1362 259 454 381 967 264 494 698 920 100 880 325 69 1210 266 771 894 417 378 1315 537 699 306 294 1194 1016 345 695 624 1280 1170 321 54 873 387 580 216 1294 615 292 1211 296 359 325 1362 0 701 767 840 700 838 294 1363 307 622
804 683 722 791 692 830 757 415 697 531 284 464 692 312 403 727 640 482 276 445 793 415 745 891 94 761 440 624 458 800 455 132 710 600 776 660 509 763 248 649 724 136 488 641 449 735 779 792 701 0 364 268 445 266 749 793 540 122
870 999 1038 1107 758 879 806 275 763 424 600 227 758 628 652 793 956 730 592 201 842 563 1061 857 367 827 636 940 774 866 389 449 1026 916 842 726 181 812 403 715 1040 452 737 957 595 784 845 1108 767 364 0 584 99 582 814 1109 493 438
943 440 479 548 831 968 896 634 836 670 284 684 830 269 542 865 397 620 276 665 931 554 502 1029 265 900 579 381 458 939 675 271 467 357 915 799 729 901 387 788 481 274 627 398 588 874 918 549 840 268 584 0 665 67 887 550 678 261
803 1080 1120 1188 691 811 739 299 695 356 681 252 690 709 599 725 1037 677 673 226 774 495 1142 789 448 759 569 1021 855 798 345 530 1107 997 774 658 205 745 484 647 1121 533 768 1038 527 717 777 1189 700 445 99 665 0 663 747 1190 426 519
941 436 475 544 829 967 894 633 834 668 282 682 829 265 540 864 393 619 274 663 930 552 498 1028 263 898 577 377 456 937 673 269 463 353 913 797 727 900 385 786 477 273 625 394 586 872 916 545 838 266 582 67 663 0 886 546 677 259
126 1300 1340 1409 250 444 371 1014 255 541 745 967 228 927 478 319 1257 465 818 941 407 425 1362 528 746 83 385 1241 1063 122 742 671 1327 1218 97 251 920 377 627 207 1341 662 554 1258 343 349 101 1410 294 749 814 887 747 886 0 1410 354 669
1466 171 247 55 1354 1492 1419 1160 1359 1193 743 1209 1354 513 1065 1389 238 1144 667 1190 1455 1077 270 1553 790 1423 1102 209 849 1462 1200 796 108 224 1438 1322 1254 1425 910 1311 135 799 1150 173 1111 1397 1441 317 1363 793 1109 550 1190 546 1410 0 1201 786
410 1091 1131 1200 298 435 363 693 303 332 536 646 297 718 269 332 1048 348 609 620 398 216 1153 496 537 367 176 1032 854 406 421 462 1118 1009 382 266 599 368 418 255 1132 453 438 1049 134 341 385 1201 307 540 493 678 426 677 354 1201 0 460
725 676 715 784 613 750 678 488 618 452 276 538 613 304 324 647 632 403 268 519 714 336 738 811 119 682 361 617 450 721 529 89 702 593 697 581 583 684 169 570 717 79 409 633 370 656 700 785 622 122 438 261 519 259 669 786 460 0
EOF