NAME : tsp_problem
TYPE : TSP
DIMENSION : 32
EDGE_WEIGHT_TYPE : EXPLICIT
EDGE_WEIGHT_FORMAT : FULL_MATRIX
EDGE_WEIGHT_SECTION
0 2472 2813 2655 2363 2722 469 715 300 2591 629 2599 588 2881 1714 2949 811 1790 1922 2597 2657 1690 2564 3558 1922 2709 2303 2388 206 1026 1154 3089
2472 0 374 1013 483 317 2731 2157 2561 186 2071 957 2294 475 1339 544 1712 1489 1548 191 1015 1401 159 1916 1548 304 661 746 2605 2469 2014 683
2813 374 0 1354 824 658 3072 2498 2902 527 2412 1298 2635 816 1680 885 2053 1830 1889 532 1356 1742 500 2257 1889 645 1002 1087 2946 2810 2355 1024
2655 1013 1354 0 904 1263 2512 2340 2463 1133 2254 496 2477 1422 1522 1490 1895 1673 1731 1138 227 1052 1106 1198 1731 1250 630 715 2788 2652 2197 1386
2363 483 824 904 0 734 2621 2048 2452 603 1962 848 2185 892 1230 961 1603 1380 1438 608 906 1292 576 1807 1438 721 552 637 2496 2359 1905 1100
2722 317 658 1263 734 0 2981 2407 2811 166 2321 1207 2544 274 1589 264 1962 1740 1798 328 1265 1651 189 2153 1798 301 912 996 2855 2719 2264 403
469 2731 3072 2512 2621 2981 0 973 239 2850 887 2456 846 3139 1972 3208 1070 2048 2181 2855 2514 1497 2823 3415 2181 2968 2478 2563 602 1285 1413 3347
715 2157 2498 2340 2048 2407 973 0 804 2276 159 2284 537 2566 1399 2634 496 1475 1607 2282 2342 2195 2250 3243 1607 2394 1988 2073 847 391 840 2774
300 2561 2902 2463 2452 2811 239 804 0 2680 718 2406 677 2970 1803 3038 900 1879 2011 2686 2464 1447 2654 3366 2011 2798 2392 2477 433 1115 1244 3178
2591 186 527 1133 603 166 2850 2276 2680 0 2191 1076 2413 405 1459 396 1831 1609 1667 197 1134 1520 165 2022 1667 310 781 866 2724 2588 2133 535
629 2071 2412 2254 1962 2321 887 159 718 2191 0 2198 451 2480 1313 2548 411 1389 1521 2196 2256 2109 2164 3157 1521 2308 1903 1987 762 482 754 2688
2599 957 1298 496 848 1207 2456 2284 2406 1076 2198 0 2421 1366 1466 1434 1839 1616 1675 1082 497 996 1050 1399 1675 1194 574 659 2732 2596 2141 1574
588 2294 2635 2477 2185 2544 846 537 677 2413 451 2421 0 2703 1536 2771 633 1612 1744 2419 2479 2068 2387 3380 1744 2531 2125 2210 721 848 977 2911
2881 475 816 1422 892 274 3139 2566 2970 405 2480 1366 2703 0 1748 104 2121 1898 1956 367 1424 1810 428 2004 1956 288 1070 1155 3014 2877 2423 244
1595 1295 1636 1478 1186 1545 1854 1280 1684 1414 1195 1422 1417 1704 0 1772 835 613 323 1420 1480 1866 1388 2381 323 1532 1126 1211 1728 1592 1137 1912
2949 544 885 1490 961 264 3208 2634 3038 396 2549 1434 2771 104 1817 0 2189 1967 2025 436 1492 1878 419 1949 2025 278 1139 1223 3082 2946 2491 171
811 1716 2057 1900 1607 1967 1070 496 900 1836 411 1843 633 2125 958 2194 0 1034 1166 1841 1901 2287 1809 2802 1167 1954 1548 1633 944 808 399 2333
1835 1460 1801 1644 1351 1711 2094 1520 1924 1580 1434 1587 1657 1869 702 1938 1075 0 911 1585 1645 2031 1553 2547 911 1698 1292 1377 1968 1832 1377 2077
1629 1329 1670 1512 1219 1579 1887 1314 1718 1448 1228 1456 1451 1737 496 1806 869 646 0 1453 1513 1899 1421 2415 336 1566 1160 1245 1762 1625 1171 1945
2597 191 532 1138 608 328 2855 2282 2686 197 2196 1082 2419 367 1464 436 1837 1614 1672 0 1140 1526 171 1908 1673 196 786 871 2730 2593 2139 575
2657 1015 1356 227 906 1265 2514 2342 2464 1134 2256 497 2479 1424 1524 1492 1897 1674 1732 1140 0 1054 1108 1199 1732 1252 632 717 2790 2653 2199 1387
1690 1401 1742 1052 1292 1651 1497 2195 1447 1520 2109 996 2068 1810 1910 1878 2283 2060 2118 1526 1054 0 1494 1955 2118 1638 1018 1103 1823 2506 2585 2018
2565 159 500 1106 576 189 2823 2250 2654 165 2164 1050 2387 428 1432 419 1804 1582 1640 171 1108 1494 0 1995 1640 283 754 839 2697 2561 2107 558
3606 1964 2305 1246 1855 2215 3464 3291 3414 2084 3206 1447 3428 2085 2474 2029 2846 2624 2682 1988 1247 2003 2057 0 2682 2072 1582 1666 3739 3603 3148 1890
1629 1329 1670 1512 1219 1579 1887 1314 1718 1448 1228 1456 1451 1737 496 1806 869 646 336 1454 1513 1899 1421 2415 0 1566 1160 1245 1762 1626 1171 1945
2709 304 645 1250 721 301 2968 2394 2798 310 2308 1194 2531 288 1576 278 1949 1727 1785 196 1252 1638 283 1991 1785 0 899 983 2842 2706 2251 417
2303 661 1002 630 552 912 2478 1988 2392 781 1903 574 2125 1070 1171 1139 1543 1321 1379 786 632 1018 754 1533 1379 899 0 301 2436 2300 1845 1278
2388 746 1087 715 637 996 2563 2073 2477 866 1987 659 2210 1155 1255 1223 1628 1406 1464 871 717 1103 839 1618 1464 983 301 0 2521 2385 1930 1363
206 2605 2946 2788 2496 2855 602 847 433 2724 762 2732 721 3014 1847 3082 944 1923 2055 2730 2790 1823 2697 3691 2055 2842 2436 2521 0 1159 1287 3222
1026 2469 2810 2652 2359 2719 1285 391 1115 2588 482 2596 848 2877 1710 2946 808 1786 1919 2593 2653 2506 2561 3555 1919 2706 2300 2385 1159 0 1151 3085
1159 2008 2349 2191 1899 2258 1418 844 1248 2127 759 2135 981 2417 1250 2485 399 1326 1458 2133 2193 2579 2101 3094 1458 2245 1839 1924 1292 1156 0 2625
3089 683 1024 1427 1100 403 3347 2774 3178 535 2688 1574 2911 244 1956 171 2328 2106 2164 575 1428 2018 558 1809 2164 417 1278 1363 3222 3085 2631 0
EOF