NAME : tsp_problem
TYPE : TSP
DIMENSION : 36
EDGE_WEIGHT_TYPE : EXPLICIT
EDGE_WEIGHT_FORMAT : FULL_MATRIX
EDGE_WEIGHT_SECTION
0 204 63 462 168 83 80 1148 1259 898 59 40 77 581 133 151 790 1588 898 1637 1296 1871 91 567 1621 1672 84 80 1135 959 1315 518 514 91 1138 1794
204 0 207 383 77 271 231 1069 1180 819 163 178 236 502 134 151 711 1509 819 1558 1217 1792 222 488 1543 1593 227 231 1056 880 1236 439 435 221 1059 1716
63 207 0 465 171 80 76 1151 1262 901 62 43 74 584 136 154 793 1591 901 1640 1298 1874 88 570 1624 1675 80 77 1138 962 1318 521 517 87 1141 1797
469 390 472 0 354 536 496 883 994 633 428 443 501 159 399 417 525 1166 633 1215 1030 1449 487 302 1199 1250 493 496 870 694 1049 253 249 486 873 1529
168 77 171 347 0 235 195 1033 1144 783 127 142 200 466 98 116 675 1473 784 1523 1181 1756 186 452 1507 1558 191 195 1020 844 1200 403 399 185 1023 1680
83 271 80 528 235 0 52 1215 1326 964 132 112 50 647 200 218 857 1655 965 1704 1362 1938 64 634 1688 1739 56 53 1202 1026 1381 585 581 63 1205 1861
80 231 76 489 195 52 0 1175 1286 925 121 108 38 608 160 178 817 1615 925 1664 1323 1898 52 594 1648 1699 44 41 1162 986 1342 545 541 51 1165 1821
1148 1069 1151 876 1033 1215 1175 0 1057 301 1107 1122 1180 995 1078 1096 605 1916 302 2037 1094 2044 1166 743 2022 2072 1172 1175 228 258 218 694 756 1165 216 1593
1252 1173 1255 979 1137 1319 1279 1067 0 816 1210 1226 1284 1098 1182 1199 708 1374 817 1496 552 1503 1270 847 1480 1531 1275 1279 1053 877 1233 798 859 1268 1056 1051
898 819 901 625 783 964 925 301 806 0 856 872 929 744 827 845 354 1665 51 1787 843 1794 915 492 1771 1822 921 925 288 112 468 444 505 914 291 1342
59 163 62 420 127 132 121 1107 1217 856 0 33 126 539 92 110 749 1546 857 1596 1254 1829 112 526 1580 1631 118 121 1094 917 1273 477 472 111 1097 1753
40 178 43 436 142 112 108 1122 1233 872 33 0 106 555 107 125 764 1562 872 1612 1270 1845 120 541 1596 1647 112 108 1109 933 1289 492 488 119 1112 1769
77 236 74 493 200 50 38 1180 1290 929 126 106 0 612 165 183 822 1619 930 1669 1327 1902 49 599 1653 1704 42 38 1167 990 1346 550 545 49 1170 1826
581 502 584 176 466 647 608 995 1105 744 539 555 612 0 510 528 636 1021 745 1071 1142 1304 598 413 1055 1106 604 608 982 805 1161 365 360 597 984 1641
133 134 136 392 98 200 160 1078 1189 827 92 107 165 510 0 69 720 1518 828 1567 1225 1801 151 497 1551 1602 157 160 1065 889 1244 448 444 150 1068 1724
151 151 154 409 116 218 178 1096 1206 845 110 125 183 528 69 0 737 1535 846 1585 1243 1818 169 514 1569 1620 174 178 1083 906 1262 466 461 167 1085 1742
798 719 801 526 684 865 825 596 707 346 757 772 830 645 728 746 0 1566 346 1688 744 1694 816 393 1672 1722 822 825 583 407 763 344 406 815 586 1243
1588 1509 1591 1183 1473 1655 1615 1925 1374 1675 1547 1562 1620 1021 1518 1535 1567 0 1675 791 990 383 1606 1421 775 826 1611 1615 1912 1736 2092 1372 1368 1604 1915 1299
898 819 901 626 784 965 925 302 807 51 857 872 930 745 828 846 355 1666 0 1788 844 1794 916 493 1772 1822 922 925 289 113 468 444 506 915 292 1343
1637 1559 1640 1232 1523 1704 1664 2047 1496 1796 1596 1612 1669 1071 1567 1585 1689 791 1797 0 1112 1074 1655 1470 62 106 1661 1664 2034 1858 2213 1421 1417 1654 2037 1458
1289 1210 1292 1016 1174 1355 1316 1103 552 853 1247 1263 1320 1135 1218 1236 745 990 853 1112 0 1119 1306 883 1096 1147 1312 1316 1090 914 1270 835 896 1305 1093 667
1871 1792 1874 1466 1756 1938 1898 2054 1503 1803 1829 1845 1903 1304 1801 1818 1696 383 1804 1074 1119 0 1889 1704 1058 1109 1894 1898 2041 1865 2220 1655 1651 1887 2044 1428
91 222 88 479 186 64 52 1166 1276 915 112 120 49 598 151 169 808 1606 916 1655 1313 1889 0 585 1639 1690 56 52 1153 977 1332 536 532 63 1156 1812
567 488 570 294 452 634 594 743 854 492 526 541 599 413 497 514 385 1421 493 1470 890 1704 585 0 1454 1505 590 594 730 554 909 61 104 583 733 1389
1621 1543 1624 1216 1507 1688 1648 2031 1480 1781 1580 1596 1653 1055 1551 1569 1673 775 1781 62 1096 1058 1639 1454 0 97 1645 1648 2018 1842 2197 1405 1401 1638 2021 1442
1672 1594 1675 1267 1558 1739 1699 2082 1531 1831 1631 1647 1704 1106 1602 1620 1724 826 1832 106 1147 1109 1690 1505 97 0 1696 1699 2069 1893 2248 1456 1452 1689 2072 1493
84 227 80 485 191 56 44 1172 1282 921 118 112 42 604 157 174 813 1611 922 1661 1319 1894 56 590 1645 1696 0 45 1159 982 1338 542 537 55 1161 1818
80 231 77 489 195 53 41 1175 1286 925 121 108 38 608 160 178 817 1615 925 1664 1322 1898 52 594 1648 1699 45 0 1162 986 1341 545 541 52 1165 1821
1135 1056 1138 863 1020 1202 1162 228 1044 288 1094 1109 1167 982 1065 1083 592 1903 289 2024 1081 2031 1153 730 2009 2059 1159 1162 0 245 246 681 743 1152 244 1580
959 880 962 686 844 1026 986 258 868 112 917 933 990 805 889 906 415 1726 113 1848 904 1855 977 554 1832 1883 982 986 245 0 425 505 566 975 248 1403
1315 1236 1318 1042 1200 1381 1342 218 1223 468 1273 1289 1346 1161 1244 1262 771 2082 468 2204 1260 2211 1332 909 2188 2239 1338 1341 246 425 0 861 922 1331 234 1759
518 439 521 246 403 585 545 694 805 444 477 492 550 365 448 466 336 1372 444 1421 842 1655 536 61 1405 1456 542 545 681 505 861 0 126 535 684 1340
514 435 517 241 399 581 541 756 866 505 472 488 545 360 444 461 397 1367 506 1417 903 1650 532 104 1401 1452 537 541 743 566 922 126 0 530 745 1402
91 221 87 478 185 63 51 1165 1275 914 111 119 49 597 150 167 806 1604 915 1654 1312 1887 63 583 1638 1689 55 52 1152 975 1331 535 530 0 1155 1811
1138 1059 1141 865 1023 1205 1165 216 1047 291 1097 1112 1170 984 1068 1085 594 1905 292 2027 1083 2034 1156 733 2011 2062 1161 1165 244 248 234 684 745 1155 0 1582
1788 1709 1790 1515 1673 1854 1815 1602 1051 1352 1746 1762 1819 1634 1717 1735 1244 1299 1352 1458 667 1428 1805 1382 1442 1493 1811 1814 1589 1413 1769 1334 1395 1804 1592 0
EOF