NAME : tsp_problem
TYPE : TSP
DIMENSION : 24
EDGE_WEIGHT_TYPE : EXPLICIT
EDGE_WEIGHT_FORMAT : FULL_MATRIX
EDGE_WEIGHT_SECTION
0 2278 2188 957 2215 1045 3079 2526 637 1067 3123 2979 2316 2195 865 2170 1828 2239 2249 628 3109 1052 1365 2197
2278 0 108 1352 81 1269 1682 1115 1659 1293 1726 1655 905 96 1450 132 589 52 42 1677 1712 1300 964 93
2188 108 0 1262 45 1179 1591 1024 1568 1203 1635 1564 815 95 1360 35 499 104 94 1586 1621 1209 874 98
957 1352 1262 0 1289 119 2153 1599 338 140 2196 2053 1390 1268 129 1244 902 1312 1323 356 2182 125 439 1271
2215 81 45 1289 0 1206 1619 1052 1596 1230 1663 1592 842 121 1387 63 526 77 67 1614 1649 1237 901 119
1045 1269 1179 119 1206 0 2070 1516 426 82 2113 1970 1307 1185 217 1161 819 1230 1240 444 2100 67 356 1188
3088 1682 1591 2162 1619 2079 0 597 2469 2103 70 768 1614 1598 2260 1574 1404 1642 1653 2487 57 2110 1774 1601
2526 1115 1024 1599 1052 1516 597 0 1906 1540 641 570 1046 1031 1697 1007 836 1075 1086 1924 627 1547 1212 1034
637 1659 1568 338 1596 426 2459 1906 0 447 2503 2360 1696 1575 245 1551 1208 1619 1630 35 2489 432 745 1578
1067 1293 1203 140 1230 82 2094 1540 447 0 2138 1994 1331 1210 238 1185 843 1254 1264 465 2124 88 380 1212
3132 1726 1635 2206 1663 2123 70 641 2513 2147 0 812 1657 1642 2304 1618 1447 1686 1696 2531 100 2154 1818 1645
2989 1655 1564 2062 1592 1979 768 570 2369 2004 812 0 1586 1571 2161 1547 1376 1615 1625 2387 798 2010 1675 1574
2316 905 815 1390 842 1307 1614 1046 1696 1331 1657 1586 0 821 1488 797 627 866 876 1714 1644 1337 1002 824
2195 96 95 1268 121 1185 1598 1031 1575 1210 1642 1571 821 0 1366 77 506 81 74 1593 1628 1216 881 40
865 1450 1360 129 1387 217 2251 1697 245 238 2294 2151 1488 1366 0 1342 1000 1411 1421 263 2281 224 537 1369
2170 132 35 1244 63 1161 1574 1007 1551 1185 1618 1546 797 77 1342 0 481 121 118 1569 1604 1192 856 80
1828 589 499 902 526 819 1404 836 1208 843 1447 1376 627 506 1000 481 0 550 560 1226 1434 849 514 508
2239 52 104 1312 77 1230 1642 1075 1619 1254 1686 1615 866 81 1411 121 550 0 30 1637 1672 1260 925 81
2249 42 94 1323 67 1240 1653 1085 1630 1264 1696 1625 876 74 1421 118 560 30 0 1647 1683 1271 935 71
628 1677 1586 356 1614 444 2477 1924 35 465 2521 2378 1714 1593 263 1569 1226 1637 1647 0 2507 450 763 1596
3118 1712 1621 2192 1649 2109 57 627 2499 2133 100 798 1644 1628 2290 1604 1434 1672 1683 2517 0 2140 1804 1631
1052 1300 1209 125 1237 67 2100 1547 432 88 2144 2001 1337 1216 224 1192 849 1260 1271 450 2130 0 386 1219
1365 964 874 439 901 356 1765 1211 745 380 1809 1665 1002 881 537 856 514 925 935 763 1795 386 0 883
2197 93 98 1271 119 1188 1601 1034 1578 1212 1645 1574 824 40 1369 80 508 81 71 1596 1631 1219 883 0
EOF