NAME : tsp_problem
TYPE : TSP
DIMENSION : 28
EDGE_WEIGHT_TYPE : EXPLICIT
EDGE_WEIGHT_FORMAT : FULL_MATRIX
EDGE_WEIGHT_SECTION
0 2095 1510 1126 322 687 1434 2394 1510 698 1499 2361 159 2384 211 651 328 1481 1107 1477 790 1436 1518 1477 349 346 1514 435
2104 0 1959 1575 1838 1506 1883 1624 1959 1559 1794 1592 1997 1614 1984 2584 1812 1930 1556 1927 1352 1886 1967 1927 1818 1857 1964 1700
1510 1966 0 554 1244 999 159 1663 167 964 755 1631 1403 1653 1389 1989 1218 138 535 98 757 240 139 134 1223 1262 135 1105
1126 1582 554 0 860 615 478 1452 554 581 543 1419 1019 1442 1006 1606 834 525 33 521 374 480 562 521 839 879 558 722
322 1828 1244 860 0 421 1168 2128 1244 432 1233 2095 215 2118 202 801 62 1214 841 1211 524 1170 1252 1211 83 80 1248 169
687 1504 999 615 421 0 923 1804 999 188 988 1771 580 1794 567 1166 395 970 596 966 279 925 1007 966 400 440 1003 283
1434 1890 159 478 1168 923 0 1587 159 888 679 1555 1327 1577 1313 1913 1142 129 459 126 681 164 167 126 1147 1186 163 1029
2404 1624 1663 1452 2137 1805 1587 0 1664 1858 1050 84 2297 107 2283 2883 2112 1634 1433 1631 1651 1590 1672 1631 2117 2156 1668 1999
1510 1966 167 554 1244 999 159 1664 0 964 755 1631 1403 1654 1389 1989 1218 66 535 109 757 241 69 64 1223 1262 72 1105
698 1549 964 581 432 188 888 1849 964 0 954 1816 592 1839 578 1178 407 935 561 932 244 891 972 932 412 451 969 294
1499 1794 755 543 1233 988 679 1050 755 954 0 1018 1392 1040 1379 1979 1207 726 524 722 747 681 763 722 1212 1252 759 1095
2371 1592 1631 1419 2105 1773 1555 84 1631 1825 1018 0 2264 49 2251 2850 2079 1602 1400 1598 1618 1557 1639 1598 2084 2123 1635 1967
159 1988 1403 1019 215 580 1327 2287 1403 592 1392 2255 0 2277 104 639 221 1374 1000 1370 683 1329 1411 1370 243 240 1407 328
2394 1614 1653 1442 2127 1795 1577 107 1654 1848 1040 49 2287 0 2273 2873 2102 1624 1423 1621 1641 1580 1662 1621 2107 2146 1658 1989
211 1974 1389 1006 202 567 1313 2274 1389 578 1379 2241 104 2264 0 691 207 1360 986 1357 670 1316 1397 1357 229 226 1394 315
651 2574 1989 1606 801 1166 1913 2873 1989 1178 1979 2841 639 2864 691 0 807 1960 1586 1957 1269 1916 1997 1957 829 826 1994 914
328 1803 1218 834 62 395 1142 2102 1218 407 1207 2070 221 2092 207 807 0 1189 815 1185 498 1145 1226 1186 82 80 1222 168
1481 1937 138 525 1214 970 129 1634 66 935 726 1602 1374 1624 1360 1960 1189 0 505 105 728 211 97 35 1194 1233 100 1076
1107 1563 535 33 841 596 459 1433 535 561 524 1400 1000 1423 986 1586 815 505 0 502 354 461 543 502 820 859 539 702
1477 1933 98 521 1211 966 126 1631 109 932 722 1598 1370 1621 1357 1957 1185 105 502 0 725 208 77 102 1190 1230 74 1073
790 1342 757 374 524 279 681 1642 757 244 747 1609 683 1632 670 1269 498 728 354 725 0 684 765 725 503 542 762 386
1436 1893 240 480 1170 925 164 1590 241 891 681 1557 1329 1580 1316 1916 1145 211 461 208 684 0 249 208 1150 1189 245 1032
1518 1974 139 562 1252 1007 167 1671 69 972 763 1639 1411 1661 1397 1997 1226 97 543 77 765 249 0 102 1231 1270 50 1113
1477 1934 134 521 1211 966 126 1631 64 932 722 1598 1370 1621 1357 1957 1186 35 502 102 725 208 102 0 1191 1230 106 1073
349 1808 1223 839 83 400 1147 2107 1223 412 1212 2075 243 2097 229 829 82 1194 820 1190 503 1150 1231 1191 0 102 1228 189
346 1847 1262 879 80 440 1186 2147 1262 451 1252 2114 240 2137 226 826 80 1233 859 1230 542 1189 1270 1230 102 0 1267 188
1514 1970 135 558 1248 1003 163 1668 72 969 759 1635 1407 1658 1394 1994 1222 100 539 74 762 245 50 106 1228 1267 0 1110
435 1690 1105 722 169 283 1029 1990 1105 294 1095 1957 328 1980 315 914 168 1076 702 1073 386 1032 1113 1073 189 188 1110 0
EOF