NAME : tsp_problem
TYPE : TSP
DIMENSION : 62
EDGE_WEIGHT_TYPE : EXPLICIT
EDGE_WEIGHT_FORMAT : FULL_MATRIX
EDGE_WEIGHT_SECTION
0 506 82 491 953 551 506 503 836 1819 743 1402 435 62 990 907 1399 524 491 972 566 618 82 933 569 968 408 539 445 2482 349 488 136 507 488 483 1115 1277 1425 815 545 1304 82 210 497 427 528 863 88 441 1431 802 472 494 544 815 523 541 421 428 1425 399
506 0 516 876 499 936 890 887 383 1366 289 1343 820 525 537 453 1770 908 875 518 113 1003 481 1318 954 1353 166 923 166 2028 307 872 455 892 872 867 1056 1647 1796 361 930 850 466 594 881 811 913 410 515 158 1802 349 857 879 929 382 908 925 113 812 1796 784
82 516 0 531 963 591 546 543 847 1830 753 1412 475 38 1001 917 1439 564 531 982 577 658 78 974 609 1009 418 579 456 2492 360 528 73 547 528 523 1126 1317 1465 825 586 1314 89 250 537 467 568 874 65 451 1471 813 513 534 584 826 564 581 432 468 1465 439
491 876 531 0 1323 95 35 102 1206 2189 1112 1772 181 510 1360 1276 1596 52 158 1342 936 816 466 1131 154 1166 778 110 815 2852 719 87 506 106 87 150 1485 1474 1623 1185 102 1674 451 316 26 173 121 1233 537 811 1628 1172 36 161 101 1185 122 105 791 174 1622 145
953 499 963 1323 0 1383 1337 1334 175 900 277 1790 1267 972 72 117 2217 1355 1322 53 456 1450 928 1765 1401 1800 613 1370 613 1563 754 1319 902 1339 1319 1314 1503 2094 2243 201 1377 385 913 1041 1329 1258 1360 143 963 605 2249 750 1304 1326 1376 783 1355 1373 560 1259 2243 1231
551 936 591 95 1383 0 80 68 1266 2249 1173 1832 241 571 1420 1337 1657 61 218 1402 996 876 526 1191 88 1226 838 35 875 2912 779 82 566 66 82 210 1545 1534 1683 1245 28 1734 512 376 89 233 46 1293 597 871 1689 1232 118 221 27 1245 47 30 851 234 1683 205
506 890 546 35 1337 80 0 116 1221 2204 1127 1786 196 525 1375 1291 1611 67 172 1356 951 830 481 1146 139 1181 792 95 830 2866 734 101 521 121 101 164 1500 1489 1637 1199 87 1688 466 330 40 188 105 1248 551 825 1643 1187 51 176 86 1200 107 90 806 189 1637 160
503 887 543 102 1334 68 116 0 1218 2201 1124 1783 193 522 1372 1288 1608 109 169 1353 948 827 477 1143 136 1178 789 83 827 2863 731 34 518 53 34 161 1497 1486 1634 1196 76 1685 463 327 108 184 74 1245 548 822 1640 1184 83 173 75 1197 69 78 803 186 1634 157
836 383 847 1206 175 1266 1221 1218 0 1041 161 1673 1150 856 212 128 2100 1239 1206 193 339 1333 811 1649 1284 1684 496 1254 496 1703 637 1203 786 1222 1203 1198 1387 1978 2126 84 1261 525 797 925 1212 1142 1243 91 846 488 2132 633 1188 1209 1259 666 1238 1256 444 1143 2126 1114
1819 1366 1830 2189 900 2249 2204 2201 1041 0 1143 2656 2133 1839 938 983 3083 2221 2189 875 1322 2316 1794 2631 2267 2666 1479 2237 1479 1562 1620 2186 1768 2205 2186 2181 2369 2961 3109 1067 2243 588 1779 1907 2195 2124 2226 1009 1829 1471 3115 1616 2170 2192 2242 1649 2221 2239 1427 2126 3109 2097
743 289 753 1112 277 1173 1127 1124 161 1143 0 1580 1056 762 315 231 2006 1145 1112 296 245 1239 717 1555 1191 1590 402 1160 402 1806 544 1109 692 1129 1109 1104 1293 1884 2033 180 1167 628 703 831 1118 1048 1150 188 752 394 2038 540 1094 1116 1166 572 1145 1162 350 1049 2032 1020
1395 1352 1405 1765 1799 1825 1779 1776 1683 2666 1589 0 1709 1414 1837 1753 1440 1797 1764 1818 1413 1892 1370 1142 1843 1260 1254 1812 1292 3328 1196 1761 1344 1781 1761 1756 726 1317 1466 1661 1819 2150 1355 1483 1771 1700 1802 1710 1405 1287 1471 1179 1746 1768 1818 1114 1797 1815 1268 1701 1466 1673
435 820 475 181 1267 241 196 193 1150 2133 1056 1716 0 454 1304 1220 1540 214 181 1286 880 760 410 1075 259 1110 722 229 759 2796 663 178 450 197 178 173 1429 1418 1567 1129 236 1618 395 260 187 104 218 1177 481 755 1572 1116 163 184 234 1129 214 231 735 105 1566 77
62 525 38 510 972 571 525 522 856 1839 762 1421 454 0 1010 926 1418 543 510 991 586 637 57 953 589 988 427 558 465 2501 369 507 95 527 507 502 1135 1296 1444 834 565 1323 69 229 516 446 548 883 44 460 1450 822 492 514 564 835 543 560 441 447 1444 419
990 537 1001 1360 72 1420 1375 1372 212 938 315 1827 1304 1010 0 155 2254 1393 1360 91 493 1487 965 1803 1438 1838 650 1408 650 1601 791 1357 940 1376 1357 1352 1541 2132 2280 238 1415 423 951 1079 1366 1296 1397 181 1000 642 2286 787 1342 1363 1413 820 1393 1410 598 1297 2280 1268
907 453 917 1276 117 1337 1291 1288 128 983 231 1743 1220 926 155 0 2170 1309 1276 136 409 1403 881 1719 1355 1754 566 1324 566 1646 708 1273 856 1293 1273 1268 1457 2048 2197 154 1331 468 867 995 1282 1212 1314 97 916 558 2202 704 1258 1280 1330 736 1309 1326 514 1213 2196 1184
1399 1779 1439 1597 2226 1657 1611 1608 2110 3092 2016 1440 1540 1418 2264 2180 0 1629 1596 2245 1840 1618 1374 506 1675 812 1681 1644 1719 3755 1623 1593 1414 1613 1593 1588 949 682 61 2088 1651 2577 1359 1315 1602 1532 1634 2137 1445 1714 67 1606 1578 1600 1650 1540 1629 1646 1695 1533 61 1505
524 908 564 52 1355 61 67 109 1239 2221 1145 1804 214 543 1393 1309 1629 0 190 1374 969 848 498 1164 120 1199 810 77 848 2884 752 119 538 107 119 182 1518 1507 1655 1217 69 1706 484 348 58 205 87 1266 569 843 1661 1205 68 194 68 1217 89 71 824 206 1655 178
491 875 531 158 1322 218 172 169 1206 2189 1112 1771 181 510 1360 1276 1596 190 0 1341 936 815 466 1131 236 1166 777 205 815 2851 719 154 506 174 154 51 1485 1474 1622 1185 212 1673 451 315 164 173 195 1233 537 811 1628 1172 139 39 211 1185 190 208 791 174 1622 145
972 518 982 1342 53 1402 1356 1353 193 875 296 1809 1286 991 91 136 2236 1374 1341 0 474 1469 947 1784 1420 1819 632 1389 632 1538 773 1338 921 1358 1338 1333 1522 2113 2262 220 1396 360 932 1060 1348 1277 1379 162 981 624 2268 769 1323 1345 1395 801 1374 1392 579 1278 2262 1250
566 113 577 936 456 996 951 948 339 1322 245 1403 880 586 493 409 1830 969 936 474 0 1063 541 1378 1014 1413 226 984 226 1984 367 933 516 952 933 928 1117 1708 1856 318 991 806 527 655 942 872 973 366 576 218 1862 363 917 939 989 396 968 986 174 873 1856 844
618 1003 658 816 1450 876 830 827 1333 2316 1239 1899 760 637 1487 1403 1618 848 815 1469 1063 0 593 1152 894 1187 905 863 942 2979 846 812 633 832 812 807 1612 1495 1644 1312 870 1801 578 534 822 751 853 1360 664 938 1650 1299 797 819 869 1312 848 866 918 752 1644 724
82 481 78 466 928 526 481 477 811 1794 717 1377 410 57 965 881 1374 498 466 947 541 593 0 908 544 943 383 514 420 2457 324 463 111 482 463 457 1090 1251 1400 790 520 1279 56 184 472 401 503 838 84 416 1405 777 447 469 519 790 498 516 396 403 1400 374
933 1318 974 1131 1765 1191 1146 1143 1649 2631 1555 1142 1075 953 1803 1719 506 1164 1131 1784 1379 1152 908 0 1209 346 1220 1179 1258 3294 1162 1128 948 1147 1128 1123 651 384 532 1627 1185 2116 894 850 1137 1067 1168 1676 979 1253 538 1308 1112 1134 1184 1243 1163 1181 1234 1068 532 1039
569 954 609 154 1401 88 139 136 1284 2267 1191 1850 259 589 1438 1355 1675 120 236 1420 1014 894 544 1209 0 1244 856 103 893 2930 797 129 584 133 129 228 1563 1552 1701 1263 95 1752 530 394 148 251 113 1311 615 889 1707 1250 150 239 94 1263 115 97 869 252 1701 223
968 1353 1009 1166 1800 1226 1181 1178 1684 2666 1590 1260 1110 988 1838 1754 812 1199 1166 1819 1414 1187 943 346 1244 0 1255 1214 1293 3329 1197 1163 983 1182 1163 1158 770 689 838 1662 1220 2151 929 885 1172 1102 1203 1711 1014 1288 843 1426 1147 1169 1219 1361 1198 1216 1269 1103 837 1074
408 166 418 778 613 838 792 789 496 1479 402 1245 722 427 650 566 1672 810 777 632 226 905 383 1220 856 1255 0 825 109 2142 209 774 357 794 774 769 958 1549 1698 475 832 964 368 496 784 713 815 523 417 101 1704 462 759 781 831 495 810 828 81 714 1698 686
539 923 579 110 1370 35 95 83 1254 2237 1160 1819 229 558 1408 1324 1644 77 205 1389 984 863 514 1179 103 1214 825 0 863 2899 767 70 554 81 70 197 1533 1522 1670 1232 43 1721 499 363 104 221 61 1281 585 859 1676 1220 119 209 42 1233 63 45 839 222 1670 193
445 166 456 815 613 875 830 827 496 1479 402 1282 759 465 650 566 1709 848 815 632 226 942 420 1258 893 1293 109 863 0 2142 246 812 395 831 812 807 996 1587 1735 475 870 964 406 534 821 751 852 523 455 101 1741 462 797 818 868 495 847 865 81 752 1735 723
2482 2028 2492 2852 1563 2912 2866 2863 1703 1562 1806 3319 2796 2501 1601 1646 3746 2884 2851 1538 1984 2979 2457 3294 2930 3329 2142 2899 2142 0 2283 2848 2431 2868 2848 2843 3032 3623 3772 1730 2906 1251 2442 2570 2857 2787 2889 1672 2491 2134 3777 2279 2833 2855 2905 2311 2884 2901 2089 2788 3772 2760
358 299 368 728 746 788 742 739 629 1612 535 1195 672 377 783 699 1622 760 727 765 359 855 332 1170 806 1205 201 775 238 2275 0 724 307 744 724 719 908 1499 1648 608 782 1097 318 446 733 663 765 656 367 234 1653 595 709 731 781 608 760 777 214 664 1647 636
488 872 528 87 1319 82 101 34 1203 2186 1109 1768 178 507 1357 1273 1593 119 154 1338 933 812 463 1128 129 1163 774 70 812 2848 716 0 503 38 19 146 1482 1471 1619 1181 76 1670 448 312 93 170 59 1230 534 808 1625 1169 68 158 75 1182 54 72 788 171 1619 142
136 455 73 506 902 566 521 518 786 1768 692 1351 450 95 940 856 1414 538 506 921 516 633 111 948 584 983 357 554 395 2431 299 503 0 522 503 498 1064 1291 1440 764 560 1253 97 225 512 442 543 813 73 390 1446 752 487 509 559 764 538 556 371 443 1440 414
507 892 547 106 1339 66 121 53 1222 2205 1129 1788 197 527 1376 1293 1613 107 174 1358 952 832 482 1147 133 1182 794 81 831 2868 735 38 522 0 38 166 1501 1490 1639 1201 73 1690 468 332 112 189 79 1249 553 827 1645 1188 88 177 72 1201 74 76 807 190 1639 162
488 872 528 87 1319 82 101 34 1203 2186 1109 1768 178 507 1357 1273 1593 119 154 1338 933 812 463 1128 129 1163 774 70 812 2848 716 19 503 38 0 146 1482 1471 1619 1181 76 1670 448 312 93 170 59 1230 534 808 1625 1169 68 158 75 1182 54 72 788 171 1619 142
483 867 523 150 1314 210 164 161 1198 2181 1104 1763 173 502 1352 1268 1588 182 51 1333 928 807 457 1123 228 1158 769 197 807 2843 711 146 498 166 146 0 1477 1466 1614 1176 204 1665 443 307 155 164 187 1225 528 802 1620 1164 131 48 203 1177 182 199 783 166 1614 137
1108 1066 1119 1478 1513 1538 1493 1490 1396 2379 1303 726 1422 1128 1550 1466 949 1511 1478 1532 1126 1605 1083 651 1556 770 968 1526 1005 3042 909 1475 1058 1494 1475 1470 0 827 976 1375 1533 1864 1069 1197 1484 1414 1515 1423 1118 1001 981 892 1460 1481 1531 827 1510 1528 981 1415 975 1386
1277 1657 1317 1474 2104 1534 1489 1486 1987 2970 1894 1317 1418 1296 2142 2058 682 1507 1474 2123 1717 1495 1251 384 1552 689 1559 1522 1596 3633 1501 1471 1292 1490 1471 1466 827 0 708 1966 1529 2455 1237 1193 1480 1410 1511 2014 1322 1592 714 1483 1456 1477 1528 1418 1507 1524 1573 1411 708 1382
1425 1805 1465 1623 2253 1683 1637 1634 2136 3119 2042 1466 1567 1445 2290 2206 61 1655 1622 2271 1866 1644 1400 532 1701 838 1707 1670 1745 3781 1649 1619 1440 1639 1619 1614 976 708 0 2115 1677 2603 1385 1341 1629 1558 1660 2163 1471 1741 75 1632 1604 1626 1676 1567 1655 1673 1721 1559 87 1531
815 361 825 1185 201 1245 1199 1196 84 1067 180 1652 1129 834 238 154 2079 1217 1185 220 318 1312 790 1627 1263 1662 475 1232 475 1730 616 1181 764 1201 1181 1176 1365 1956 2105 0 1239 552 775 903 1191 1120 1222 111 825 467 2111 612 1166 1188 1238 645 1217 1235 422 1122 2105 1093
545 930 586 102 1377 28 87 76 1261 2243 1167 1826 236 565 1415 1331 1651 69 212 1396 991 870 520 1185 95 1220 832 43 870 2906 774 76 560 73 76 204 1539 1529 1677 1239 0 1728 506 370 96 227 54 1288 591 865 1683 1227 126 215 34 1239 55 38 846 228 1677 200
1304 850 1314 1674 385 1734 1688 1685 525 588 628 2141 1618 1323 423 468 2568 1706 1673 360 806 1801 1279 2116 1752 2151 964 1721 964 1251 1105 1670 1253 1690 1670 1665 1854 2445 2594 552 1728 0 1264 1392 1679 1609 1711 494 1313 956 2599 1101 1655 1677 1727 1133 1706 1723 911 1610 2594 1582
82 466 89 451 913 512 466 463 797 1779 703 1362 395 69 951 867 1359 484 451 932 527 578 56 894 530 929 368 499 406 2442 310 448 97 468 448 443 1076 1237 1385 775 506 1264 0 170 457 387 489 824 95 401 1391 763 433 455 505 776 484 501 382 388 1385 360
210 594 250 316 1041 376 330 327 925 1907 831 1490 260 229 1079 995 1315 348 315 1060 655 534 184 850 394 885 496 363 534 2570 438 312 225 332 312 307 1204 1193 1341 903 370 1392 170 0 322 251 353 952 255 529 1347 891 297 319 369 904 348 366 510 252 1341 224
497 881 537 26 1329 89 40 108 1212 2195 1118 1777 187 516 1366 1282 1602 58 164 1348 942 822 472 1137 148 1172 784 104 821 2857 725 93 512 112 93 155 1491 1480 1629 1191 96 1679 457 322 0 179 115 1239 543 817 1634 1178 42 167 95 1191 116 99 797 180 1628 151
427 811 467 173 1258 233 188 184 1142 2124 1048 1707 104 446 1296 1212 1532 205 173 1277 872 751 401 1067 251 1102 713 221 751 2787 655 170 442 189 170 164 1421 1410 1558 1120 227 1609 387 251 179 0 210 1169 472 746 1564 1108 154 176 226 1121 205 223 727 97 1558 68
528 913 568 121 1360 46 105 74 1243 2226 1150 1809 218 548 1397 1314 1634 87 195 1379 973 853 503 1168 113 1203 815 61 852 2889 756 59 543 79 59 187 1522 1511 1660 1222 54 1711 489 353 115 210 0 1270 574 848 1666 1209 109 198 52 1222 73 56 828 211 1660 183
863 410 874 1233 143 1293 1248 1245 91 1009 188 1700 1177 883 181 97 2127 1266 1233 162 366 1360 838 1676 1311 1711 523 1281 523 1672 664 1230 813 1249 1230 1225 1414 2005 2153 111 1288 494 824 952 1239 1169 1270 0 873 515 2159 660 1215 1236 1286 693 1266 1283 471 1170 2153 1141
88 515 65 537 963 597 551 548 846 1829 752 1411 481 44 1000 916 1445 569 537 981 576 664 84 979 615 1014 417 585 455 2491 359 534 73 553 534 528 1125 1322 1471 825 591 1313 95 255 543 472 574 873 0 451 1476 812 518 540 590 825 569 587 431 474 1471 445
441 158 451 811 605 871 825 822 488 1471 394 1278 755 460 642 558 1705 843 811 624 218 938 416 1253 889 1288 101 859 101 2134 242 808 390 827 808 802 991 1583 1731 467 865 956 401 529 817 746 848 515 451 0 1737 454 792 814 864 487 843 861 73 748 1731 719
1431 1811 1471 1628 2258 1689 1643 1640 2142 3124 2048 1471 1572 1450 2296 2212 67 1661 1628 2277 1872 1650 1406 538 1707 843 1713 1676 1751 3787 1655 1625 1446 1645 1625 1620 981 714 75 2120 1683 2609 1391 1347 1634 1564 1666 2169 1477 1746 0 1638 1610 1632 1682 1572 1661 1678 1727 1565 93 1536
802 349 813 1172 750 1232 1187 1184 633 1616 540 1178 1116 822 787 704 1605 1205 1172 769 363 1299 777 1307 1250 1425 462 1220 462 2279 603 1169 752 1188 1169 1164 892 1483 1631 612 1227 1101 763 891 1178 1108 1209 660 812 454 1637 0 1154 1175 1225 82 1205 1222 410 1109 1631 1080
472 857 513 36 1304 118 51 83 1188 2170 1094 1753 163 492 1342 1258 1578 68 139 1323 917 797 447 1112 150 1147 759 119 797 2833 701 68 487 88 68 131 1466 1456 1604 1166 126 1655 433 297 42 154 109 1215 518 792 1610 1154 0 142 125 1166 104 121 773 155 1604 127
494 879 534 161 1326 221 176 173 1209 2192 1116 1775 184 514 1363 1280 1600 194 39 1345 939 819 469 1134 239 1169 781 209 818 2855 722 158 509 177 158 48 1488 1477 1626 1188 215 1677 455 319 167 176 198 1236 540 814 1632 1175 142 0 214 1188 193 211 794 177 1626 148
544 929 584 101 1376 27 86 75 1259 2242 1166 1825 234 564 1413 1330 1650 68 211 1395 989 869 519 1184 94 1219 831 42 868 2905 772 75 559 72 75 203 1538 1527 1676 1238 34 1727 505 369 95 226 52 1286 590 864 1682 1225 125 214 0 1238 54 37 844 227 1676 199
807 382 817 1176 783 1237 1191 1188 666 1649 572 1112 1120 826 820 736 1539 1209 1176 801 396 1304 781 1241 1255 1359 495 1224 495 2311 608 1173 756 1193 1173 1168 825 1417 1565 645 1231 1133 767 895 1182 1112 1214 693 816 487 1571 82 1158 1180 1230 0 1209 1226 442 1113 1565 1085
523 908 564 122 1355 47 107 69 1238 2221 1145 1804 214 543 1393 1309 1629 89 190 1374 968 848 498 1163 115 1198 810 63 847 2884 752 54 538 74 54 182 1517 1507 1655 1217 55 1706 484 348 116 205 73 1266 569 843 1661 1205 104 193 54 1217 0 57 824 206 1655 178
541 925 581 105 1373 30 90 78 1256 2239 1162 1821 231 560 1410 1326 1646 71 208 1392 986 866 516 1181 97 1216 828 45 865 2901 769 72 556 76 72 199 1535 1524 1673 1235 38 1723 501 366 99 223 56 1283 587 861 1678 1222 121 211 37 1235 57 0 841 224 1672 195
421 113 432 791 560 851 806 803 444 1427 350 1258 735 441 598 514 1685 824 791 579 174 918 396 1234 869 1269 81 839 81 2089 222 788 371 807 788 783 972 1563 1711 422 846 911 382 510 797 727 828 471 431 73 1717 410 773 794 844 442 824 841 0 728 1711 699
428 812 468 174 1259 234 189 186 1143 2126 1049 1708 105 447 1297 1213 1533 206 174 1278 873 752 403 1068 252 1103 714 222 752 2788 656 171 443 190 171 166 1422 1411 1559 1122 228 1610 388 252 180 97 211 1170 474 748 1565 1109 155 177 227 1122 206 224 728 0 1559 69
1425 1805 1465 1622 2252 1683 1637 1634 2136 3118 2042 1466 1566 1444 2290 2206 61 1655 1622 2271 1866 1644 1400 532 1701 837 1707 1670 1745 3781 1649 1619 1440 1639 1619 1614 975 708 87 2114 1677 2603 1385 1341 1628 1558 1660 2163 1471 1740 93 1632 1604 1626 1676 1566 1655 1672 1721 1559 0 1531
399 784 439 145 1231 205 160 157 1114 2097 1020 1680 77 419 1268 1184 1505 178 145 1250 844 724 374 1039 223 1074 686 193 723 2760 627 142 414 162 142 137 1393 1382 1531 1093 200 1582 360 224 151 68 183 1141 445 719 1536 1080 127 148 199 1093 178 195 699 69 1530 0
EOF