NAME : tsp_problem
TYPE : TSP
DIMENSION : 24
EDGE_WEIGHT_TYPE : EXPLICIT
EDGE_WEIGHT_FORMAT : FULL_MATRIX
EDGE_WEIGHT_SECTION
0 746 1311 1528 1697 1214 1743 1968 823 2300 2182 2036 1750 1479 973 1577 977 1754 1466 1973 1730 1885 1476 1812
325 0 987 1203 1373 890 1419 1644 499 1976 1858 1712 1426 1154 649 1253 653 1430 1142 1648 1405 1561 1152 1488
452 548 0 1330 1500 1017 1546 1771 626 2103 1985 1839 1553 1281 776 1380 780 1557 1269 1775 1532 1688 1279 1615
1506 1203 1769 0 231 529 789 805 887 2223 1235 873 796 978 1431 1073 615 1334 1203 810 905 870 1115 969
1671 1368 1933 231 0 683 701 717 1041 2377 1147 785 708 890 1595 985 769 1246 1357 721 817 781 1269 881
1188 885 1450 529 683 0 995 1077 558 1895 1441 1145 1002 802 1112 901 286 1078 888 1082 1053 1136 800 1136
1721 1418 1983 789 701 995 0 740 1091 1869 514 808 133 315 1646 352 966 613 942 301 184 209 652 248
1945 1643 2208 805 717 1077 740 0 1315 2525 1060 115 707 929 1870 1010 1163 1255 1552 593 842 653 1308 906
939 636 1201 748 902 419 948 1172 0 1740 1387 1241 955 683 863 782 390 959 768 1177 934 1089 680 1016
1201 898 1038 1961 2131 1648 1883 2401 1257 0 1999 2470 1933 1642 557 1570 1410 1419 1360 2018 1722 1927 1379 1805
2067 1874 2440 1259 1171 1506 750 1042 1547 1984 0 1111 721 819 2102 747 1478 624 1246 473 732 579 944 667
2014 1711 2276 873 785 1139 808 115 1384 2594 1129 0 776 997 1939 1079 1231 1324 1621 662 911 722 1377 975
1728 1425 1990 796 708 1002 133 707 1098 1918 579 776 0 322 1653 417 973 678 949 272 249 274 701 313
1473 1171 1736 978 890 802 315 929 843 1627 761 997 322 0 1398 214 774 391 658 546 366 456 410 448
673 371 572 1434 1604 1121 1650 1874 730 2206 2089 1943 1657 1385 0 1483 883 1660 1372 1879 1636 1791 1382 1718
1496 1269 1834 1073 985 901 352 1010 942 1555 700 1079 417 214 1497 0 873 319 640 487 191 395 338 273
958 656 1221 615 769 286 966 1163 467 1867 1412 1231 973 774 883 873 0 1050 859 1167 1025 1108 771 1107
1487 1446 2011 1334 1246 1078 613 1255 1119 1404 624 1324 678 391 1674 319 1050 0 705 732 452 656 403 434
1182 1154 1719 1203 1357 888 942 1552 804 1346 1246 1621 949 658 1381 640 859 705 0 1088 793 997 345 875
1944 1647 2213 810 721 1082 301 593 1320 2003 500 662 272 546 1875 487 1167 732 1088 0 319 130 786 382
1648 1422 1987 905 817 1053 184 842 1094 1708 532 911 249 366 1649 191 1025 452 793 319 0 227 491 106
1852 1560 2125 870 781 1136 209 653 1233 1912 557 722 274 456 1787 395 1108 656 997 130 227 0 695 291
1201 1168 1733 1115 1269 800 652 1308 823 1364 944 1377 701 410 1395 338 771 403 345 786 491 695 0 573
1731 1504 2069 969 881 1136 248 906 1177 1790 486 975 313 448 1731 273 1107 434 875 382 106 291 573 0
EOF