NAME : tsp_problem
TYPE : TSP
DIMENSION : 84
EDGE_WEIGHT_TYPE : EXPLICIT
EDGE_WEIGHT_FORMAT : FULL_MATRIX
EDGE_WEIGHT_SECTION
0 358 1091 1981 3336 1587 4623 3114 1703 1602 2563 1680 3918 3810 2129 2627 2645 2080 903 1471 2057 1715 501 529 371 512 334 856 2422 3267 623 2100 359 2887 2226 2622 1401 3467 3843 1942 1013 973 3515 2629 1709 2436 3783 795 3232 497 49 923 2509 299 1863 1869 1697 1045 2951 1422 1839 859 1142 359 1705 2604 486 2044 2234 2806 1342 1749 1939 1880 3336 892 1981 1855 3113 2164 2733 468 1085 2087
358 0 1005 1746 3249 1267 4303 3028 1617 1516 2243 1594 3598 3490 2043 2541 2559 1994 816 1385 1971 1395 828 208 97 426 247 769 2335 2946 537 1979 273 2801 1905 2536 1315 3146 3523 1812 692 652 3429 2543 1389 2115 3696 1122 2912 411 365 837 2423 625 1543 1783 1377 724 2865 1101 1753 773 821 273 1384 2518 812 1723 1914 2720 1255 1663 1852 1560 3249 806 1894 1534 2793 1843 2413 795 999 2000
1091 1005 0 937 2291 1699 4735 2070 659 557 2674 1812 3184 3477 1997 2759 2777 1035 442 1602 1013 1827 1353 1176 1018 643 811 987 2553 3378 538 1055 777 3018 2337 2754 1532 3578 3444 898 1660 1620 2470 2761 1820 2547 2738 1647 3343 629 1098 463 2640 1298 1174 825 1809 1692 3082 2069 1707 991 1789 777 1816 2736 1338 2155 2346 2938 1473 704 894 1295 2291 432 1494 1204 3225 2275 2844 1121 1217 1955
1981 1746 937 0 2450 785 3821 2229 301 415 1761 2023 3116 3008 2157 3649 3667 1195 1333 2186 1172 913 2243 1629 1753 1534 1701 1877 3443 2464 1428 256 1668 3909 1423 3644 2423 2665 3041 98 1084 1629 2630 3651 907 1633 2897 2537 2430 1519 1988 1353 3531 2188 260 346 895 1823 3973 1311 1867 1881 1395 1667 903 3626 2228 1241 1432 3828 2363 293 1053 381 2450 1322 1653 291 2311 1361 1931 2011 2107 2114
3336 3249 2291 2450 0 3213 3635 250 2173 2071 2277 1854 919 1212 1988 3964 3982 1367 2687 2018 1379 3114 3312 3420 3263 2888 3055 2882 3758 1564 2783 2569 3022 4223 2570 3958 2788 1370 1179 2412 3511 3864 813 3966 3101 2379 473 3606 1633 2873 3342 2708 3845 3257 2687 2338 3131 3936 4287 3738 1698 2633 3822 3022 3106 3941 3297 2816 2755 4143 2663 2218 1779 2809 61 2676 1484 2718 1695 2684 3254 3080 2584 1946
1587 1267 1699 785 3213 0 3086 2991 1063 1178 1025 2785 2381 2273 2919 3771 3789 1957 2046 2614 1934 178 2058 1150 1274 1655 1477 1999 3565 1729 1766 1018 1502 4030 688 3765 2544 1929 2306 851 605 1151 3392 3773 171 898 2800 2351 1694 1641 1594 2067 3652 1855 582 1108 160 1344 4094 832 2629 2003 916 1502 167 3748 2042 506 697 3950 2485 1056 1816 599 3213 2035 2415 574 1576 626 1195 2024 2229 2877
4623 4303 4735 3821 3635 3086 0 3858 4099 4214 2131 5463 2784 2676 5597 6807 6825 4976 5082 5626 4970 2968 5093 4186 4310 4691 4513 5035 6601 2132 4802 4054 4538 7066 2424 6801 5580 2333 2709 3887 3641 4187 4422 6809 2955 2233 3203 5387 2098 4677 4630 5103 6688 4891 3618 4144 2985 4380 7130 3868 5307 5039 3952 4538 2960 6784 5078 2670 2610 6986 5521 4091 4852 3635 3651 5071 5093 3609 1979 2539 3108 5060 5265 5554
3114 3028 2070 2229 250 2991 3858 0 1951 1850 2501 1633 1142 1435 1767 3742 3761 1146 2466 1796 1158 3120 3091 3199 3042 2667 2834 2661 3537 1787 2561 2348 2801 4002 2793 3737 2567 1594 1402 2190 3290 3643 592 3745 3113 2602 697 3385 1857 2652 3121 2487 3624 3036 2466 2117 3102 3715 4066 3517 1477 2412 3601 2801 3109 3719 3076 3039 2979 3921 2442 1997 1558 2588 250 2455 1263 2497 1919 2908 3478 2859 2362 1725
1703 1617 659 301 2173 1063 4099 1951 0 138 2039 1745 3065 3286 1879 3371 3389 917 1055 1908 894 1191 1966 1788 1631 1256 1423 1600 3166 2743 1150 420 1390 3631 1702 3366 2145 2943 3319 262 1362 1908 2352 3374 1185 1912 2620 2259 2708 1241 1710 1076 3253 1911 538 189 1173 2101 3695 1589 1589 1603 1673 1389 1181 3348 1950 1520 1710 3550 2086 69 776 659 2173 1044 1375 569 2589 1640 2209 1733 1829 1837
1602 1516 557 415 2071 1178 4214 1850 138 0 2153 1643 2964 3257 1777 3270 3288 815 953 1807 793 1306 1864 1686 1529 1154 1322 1498 3064 2857 1049 534 1288 3529 1816 3264 2043 3057 3224 377 1476 2022 2250 3272 1299 2026 2518 2158 2822 1140 1609 974 3151 1809 652 304 1288 2203 3593 1703 1487 1502 1787 1288 1295 3247 1848 1634 1825 3449 1984 183 674 774 2071 943 1274 683 2704 1754 2323 1632 1728 1735
2563 2243 2674 1761 2277 1025 2131 2501 2039 2153 0 3760 1426 1318 3895 4746 4764 2933 3022 3590 2910 908 3033 2126 2250 2631 2453 2975 4541 775 2742 1994 2478 5006 363 4741 3520 975 1351 1827 1581 2126 3064 4749 895 172 1846 3327 740 2616 2570 3042 4628 2831 1558 2084 925 2320 5070 1808 3605 2978 1892 2478 900 4723 3018 610 549 4925 3461 2031 2791 1575 2293 3011 3391 1549 621 478 1048 3000 3204 3852
1680 1594 1812 2023 1854 2785 5463 1633 1745 1643 3760 0 2747 3039 543 2223 2241 940 1624 258 951 2913 1553 1765 1608 1205 1400 1123 2017 3392 1344 2141 1367 2483 3423 2218 1028 3198 3006 1984 2249 2209 2033 2225 2906 3633 2301 1847 3461 1202 1687 1644 2105 1498 2260 1911 2895 2281 2547 2658 253 874 2378 1366 2902 2200 1538 3241 3432 2402 923 1790 1351 2381 1854 1613 395 2290 3523 3361 3931 1321 824 501
3918 3598 3184 3116 919 2381 2784 1142 3065 2964 1426 2747 0 361 2881 4856 4874 2260 3580 2910 2271 2263 4205 3481 3605 3781 3808 3775 4651 713 3675 3349 3833 5116 1718 4851 3680 519 328 3182 2936 3481 1706 4858 2250 1528 487 4499 782 3766 3925 3600 4738 4150 2913 3231 2280 3675 5180 3163 2591 3526 3247 3833 2255 4833 4190 1965 1904 5035 3556 3111 2672 2930 935 3569 2377 2904 844 1833 2403 3973 3476 2838
3810 3490 3477 3008 1212 2273 2676 1435 3286 3257 1318 3039 361 0 3174 5149 5167 2553 3873 3203 2564 2155 4280 3373 3497 3878 3700 4067 4943 605 3968 3241 3725 5409 1611 5144 3973 411 292 3074 2828 3373 1999 5151 2142 1420 780 4574 674 3864 3817 3893 5031 4078 2805 3331 2172 3567 5473 3055 2884 3819 3139 3725 2147 5126 4265 1857 1796 5328 3849 3278 2965 2822 1228 3862 2670 2796 736 1725 2295 4247 3769 3131
2129 2043 1997 2157 1988 2919 5597 1767 1879 1777 3895 543 2881 3174 0 2672 2690 1074 2072 707 1085 3047 2002 2214 2056 1654 1849 1571 2466 3526 1793 2276 1815 2931 3557 2667 1477 3332 3141 2118 2698 2658 2168 2674 3041 3768 2435 2296 3595 1651 2136 2093 2554 1947 2394 2045 3029 2730 2995 3107 345 1323 2827 1815 3037 2649 1986 3375 3566 2851 1372 1925 1486 2515 1988 2062 529 2425 3657 3495 4065 1769 1273 112
2645 2559 2776 3667 3989 3788 6824 3768 3389 3287 4764 2243 4882 5175 2692 0 84 3088 2588 2034 3099 3916 2518 2730 2572 2170 2365 2087 646 5468 2309 3785 2331 550 4427 93 1275 5333 5142 3628 3214 3174 4063 100 3910 4637 4436 2812 5433 2166 2652 2609 162 2463 3904 3555 3898 3246 686 3623 2402 1839 3343 2331 3906 75 2502 4245 4435 220 1858 3435 3500 4025 3989 2578 2544 3935 5314 4365 4934 2285 1598 2649
2663 2577 2795 3685 4007 3806 6842 3786 3407 3305 4782 2261 4900 5193 2710 84 0 3106 2606 2052 3118 3935 2536 2748 2590 2188 2383 2105 664 5486 2327 3803 2349 516 4445 111 1293 5351 5160 3646 3232 3192 4081 118 3928 4655 4454 2830 5451 2185 2670 2627 180 2481 3922 3573 3917 3264 704 3641 2420 1857 3361 2349 3924 93 2520 4263 4454 187 1876 3453 3518 4043 4007 2596 2562 3953 5332 4383 4952 2303 1616 2667
2080 1994 1035 1195 1367 1957 4976 1146 917 815 2933 940 2260 2553 1074 3068 3086 0 1431 1103 123 2085 2342 2165 2007 1632 1800 1968 2863 2905 1527 1313 1766 3328 2595 3063 1873 2711 2520 1156 2256 2609 1547 3070 2079 2805 1814 2636 2974 1618 2087 1452 2950 2287 1432 1083 2067 2681 3392 2482 784 1719 2567 1766 2074 3045 2327 2413 2604 3247 1768 963 523 1553 1367 1421 570 1463 3036 2533 3103 2110 1669 1031
903 816 442 1333 2687 2046 5082 2466 1055 953 3022 1624 3580 3873 2072 2571 2589 1431 0 1414 1409 2174 1165 987 830 455 623 799 2365 3725 350 1451 589 2830 2684 2565 1344 3926 3840 1294 1472 1431 2867 2573 2168 2895 3134 1459 3691 441 910 48 2452 1110 1570 1221 2156 1503 2894 1880 1782 803 1601 589 2164 2548 1149 2502 2693 2750 1285 1101 1290 1691 2687 49 1890 1601 3572 2622 3192 933 1029 2030
1471 1385 1602 2186 2018 2614 5626 1796 1908 1807 3590 258 2910 3203 707 2014 2032 1103 1414 0 1115 2742 1344 1556 1398 996 1191 913 1808 3555 1135 2305 1157 2273 3253 2009 819 3361 3170 2147 2040 2000 2197 2016 2736 3463 2465 1638 3625 992 1478 1435 1895 1289 2423 2074 2724 2072 2337 2449 417 665 2169 1157 2732 1991 1328 3071 3261 2193 714 1954 1515 2545 2018 1404 559 2454 3687 3191 3760 1111 615 664
2057 1971 1013 1172 1379 1934 4970 1158 894 793 2910 951 2271 2564 1085 3079 3098 123 1409 1115 0 2063 2320 2142 1985 1610 1777 1954 2874 2916 1505 1291 1744 3339 2573 3074 1885 2722 2531 1133 2233 2586 1558 3082 2056 2783 1826 2614 2986 1595 2064 1430 2961 2265 1409 1060 2045 2658 3403 2460 795 1730 2544 1744 2052 3056 2304 2391 2582 3259 1779 940 501 1531 1379 1398 581 1440 3048 2511 3080 2087 1681 1043
1715 1395 1827 913 3114 178 2968 3120 1191 1306 908 2913 2263 2155 3047 3899 3917 2085 2174 2742 2063 0 2186 1278 1402 1783 1605 2127 3693 1612 1895 1146 1631 4158 571 3894 2672 1812 2188 979 733 1279 3520 3901 55 781 2683 2480 1577 1769 1722 2195 3780 1983 711 1236 86 1473 4222 960 2757 2131 1044 1630 60 3876 2170 389 580 4078 2613 1184 1944 727 3130 2164 2544 702 1458 509 1078 2152 2357 3005
501 828 1353 2243 3312 2058 5093 3091 1966 1864 3033 1553 4205 4280 2002 2500 2518 2342 1165 1344 2320 2186 0 999 841 746 804 728 2294 3737 885 2362 829 2760 2696 2495 1273 3937 4313 2204 1483 1443 3459 2502 2179 2906 3759 379 3702 743 493 1185 2382 269 2334 2131 2168 1515 2824 1892 1712 732 1612 829 2175 2477 96 2514 2705 2679 1214 2011 2201 2350 3312 1154 1853 2325 3583 2634 3203 291 958 1959
529 208 1176 1629 3420 1150 4186 3199 1788 1686 2126 1765 3481 3373 2214 2712 2730 2165 987 1556 2142 1278 999 0 215 597 418 940 2506 2829 708 1862 444 2971 1788 2707 1485 3029 3406 1695 575 535 3600 2714 1272 1998 3867 1293 2795 582 536 1008 2594 796 1426 1951 1260 607 3035 984 1924 944 704 444 1267 2689 983 1606 1797 2891 1426 1834 2023 1443 3420 977 2065 1417 2676 1726 2296 966 1170 2171
371 97 1018 1753 3263 1274 4310 3042 1631 1529 2250 1608 3605 3497 2056 2555 2573 2007 830 1398 1985 1402 841 215 0 439 261 783 2349 2953 550 1986 286 2814 1912 2549 1328 3153 3530 1819 699 659 3442 2557 1396 2122 3710 1135 2919 425 378 851 2436 639 1550 1797 1384 731 2878 1108 1766 787 828 286 1391 2532 826 1730 1921 2734 1269 1676 1866 1567 3263 819 1908 1541 2800 1850 2420 808 1013 2014
512 426 643 1534 2888 1655 4691 2667 1256 1154 2631 1205 3781 3878 1654 2152 2170 1632 455 996 1610 1783 746 597 439 0 232 380 1946 3334 176 1652 198 2411 2294 2147 925 3535 3911 1495 1081 1041 3068 2154 1777 2504 3335 1040 3300 33 519 476 2034 691 1771 1422 1765 1113 2475 1490 1364 384 1210 198 1773 2129 731 2111 2302 2331 866 1302 1491 1892 2888 444 1505 1802 3181 2231 2801 514 610 1611
334 247 811 1701 3055 1477 4513 2834 1423 1322 2453 1400 3808 3700 1849 2347 2365 1800 623 1191 1777 1605 804 418 261 232 0 576 2142 3156 343 1820 186 2607 2115 2342 1121 3357 3733 1662 903 862 3235 2349 1599 2325 3503 1098 3122 217 341 643 2229 601 1753 1589 1587 934 2671 1311 1559 579 1032 186 1595 2324 788 1933 2124 2526 1062 1469 1659 1770 3056 612 1701 1744 3003 2053 2623 709 805 1807
856 769 987 1877 2882 1999 5035 2661 1600 1498 2975 1123 3775 4067 1571 2069 2088 1968 799 913 1954 2127 728 940 783 380 576 0 1864 3678 519 1996 542 2329 2637 2064 843 3879 4034 1839 1424 1384 3028 2072 2121 2847 3329 1022 3644 377 863 820 1951 673 2114 1765 2109 1456 2393 1833 1281 302 1554 542 2117 2047 713 2455 2646 2249 784 1645 1835 2236 2882 788 1423 2145 3525 2575 3145 496 528 1529
2419 2333 2550 3441 3763 3562 6598 3542 3163 3061 4538 2017 4656 4949 2466 596 614 2862 2362 1808 2873 3690 2291 2503 2346 1943 2139 1861 0 5241 2082 3559 2105 856 4200 591 1049 5107 4916 3402 2988 2948 3836 599 3684 4411 4210 2585 5207 1940 2426 2383 478 2236 3678 3329 3672 3020 920 3396 2176 1612 3117 2105 3680 573 2276 4018 4209 775 1632 3208 3274 3799 3763 2351 2317 3708 5088 4138 4708 2059 1372 2423
3267 2946 3378 2464 1564 1729 2132 1787 2743 2857 775 3392 713 605 3526 5450 5468 2905 3725 3555 2916 1612 3737 2829 2953 3334 3156 3678 5244 0 3446 2697 3182 5709 1067 5445 4223 262 638 2530 2284 2830 2351 5452 1598 876 1132 4031 131 3320 3274 3746 5332 3534 2262 2787 1628 3024 5773 2511 3236 3682 2595 3181 1603 5427 3721 1313 1253 5629 4164 2735 3317 2278 1580 3715 3022 2253 193 1182 1751 3704 3908 3483
623 537 538 1428 2783 1766 4802 2561 1150 1049 2742 1344 3675 3968 1793 2291 2309 1527 350 1135 1505 1895 885 708 550 176 343 519 2085 3446 0 1547 309 2550 2405 2286 1064 3646 3935 1389 1192 1152 2962 2293 1888 2615 3230 1179 3411 161 630 370 2173 830 1665 1316 1877 1224 2615 1601 1503 523 1321 309 1884 2268 870 2223 2414 2470 1005 1196 1386 1786 2783 339 1644 1696 3292 2343 2912 653 749 1750
2100 1979 1055 256 2569 1018 4054 2348 420 534 1994 2141 3349 3241 2276 3768 3786 1313 1451 2305 1291 1146 2362 1862 1986 1652 1820 1996 3562 2697 1547 0 1786 4027 1656 3763 2541 2898 3274 217 1317 1862 2749 3770 1140 1867 3016 2656 2663 1638 2107 1472 3649 2307 493 464 1128 2056 4091 1544 1986 2000 1628 1786 1136 3745 2347 1474 1665 3947 2482 412 1172 614 2569 1441 1772 524 2544 1594 2164 2130 2226 2233
359 273 777 1668 3022 1502 4538 2801 1390 1288 2478 1367 3833 3725 1815 2314 2332 1766 589 1157 1744 1631 829 444 286 198 186 542 2108 3182 309 1786 0 2573 2141 2308 1087 3382 3758 1629 928 888 3201 2316 1624 2351 3469 1123 3147 184 366 610 2195 627 1779 1556 1613 960 2637 1337 1525 546 1057 211 1620 2291 814 1959 2150 2493 1028 1435 1625 1795 3022 578 1667 1770 3028 2079 2648 676 772 1773
2905 2818 3036 3927 4249 4048 7084 4028 3649 3547 5024 2503 5142 5435 2952 550 516 3348 2848 2294 3359 4176 2777 2989 2832 2429 2625 2347 905 5727 2568 4045 2591 0 4686 602 1535 5593 5402 3888 3474 3434 4322 609 4170 4897 4696 3071 5693 2426 2912 2869 488 2722 4163 3815 4158 3506 452 3882 2662 2098 3603 2591 4166 584 2762 4504 4695 348 2118 3694 3760 4285 4249 2837 2803 4194 5574 4624 5194 2545 1858 2909
2226 1905 2337 1423 2570 688 2424 2793 1702 1816 363 3423 1718 1611 3557 4409 4427 2595 2684 3253 2573 571 2696 1788 1912 2294 2115 2637 4203 1067 2405 1656 2141 4668 0 4404 3182 1267 1644 1489 1243 1789 3357 4411 557 236 2138 2990 1032 2279 2233 2705 4291 2493 1221 1746 587 1983 4732 1470 3267 2641 1554 2141 562 4386 2680 272 212 4588 3123 1694 2454 1237 2586 2674 3054 1212 914 141 710 2663 2867 3515
2640 2554 2771 3662 3984 3783 6819 3763 3384 3282 4759 2238 4877 5170 2687 93 111 3083 2583 2029 3094 3911 2512 2724 2567 2164 2360 2082 640 5462 2303 3780 2326 602 4421 0 1270 5328 5137 3623 3209 3169 4057 42 3905 4632 4431 2806 5428 2161 2647 2604 157 2457 3899 3550 3893 3241 681 3617 2397 1833 3338 2326 3901 70 2497 4239 4430 272 1853 3429 3495 4020 3984 2572 2538 3929 5309 4359 4929 2280 1593 2644
1401 1315 1532 2423 2788 2544 5580 2567 2145 2043 3520 1028 3680 3973 1477 1257 1275 1873 1344 819 1885 2672 1273 1485 1328 925 1121 843 1052 4223 1064 2541 1087 1517 3182 1252 0 4132 3940 2384 1970 1930 2934 1260 2666 3393 3235 1567 4189 922 1408 1365 1139 1218 2660 2311 2654 2002 1581 2378 1187 594 2099 1087 2662 1234 1258 3000 3191 1436 690 2190 2285 2781 2788 1333 1329 2690 4070 3120 3690 1041 354 1435
3467 3146 3578 2665 1370 1929 2333 1594 2943 3057 975 3198 519 411 3332 5307 5325 2711 3926 3361 2722 1812 3937 3029 3153 3535 3357 3879 5102 262 3646 2898 3382 5567 1267 5302 4132 0 444 2731 2485 3030 2157 5310 1798 1076 939 4231 331 3520 3474 3946 5189 3735 2462 2987 1828 3224 5631 2711 3042 3882 2796 3382 1803 5284 3922 1513 1453 5486 4007 2935 3123 2479 1386 3915 2828 2453 393 1382 1952 3904 3927 3289
3843 3523 3444 3041 1179 2306 2709 1402 3319 3224 1351 3006 328 292 3141 5116 5134 2520 3840 3170 2531 2188 4313 3406 3530 3911 3733 4034 4910 638 3935 3274 3758 5376 1644 5111 3940 444 0 3107 2861 3406 1966 5118 2175 1453 747 4607 707 3897 3850 3860 4998 4111 2838 3364 2205 3600 5440 3088 2851 3786 3172 3758 2180 5093 4298 1890 1829 5295 3816 3311 2932 2855 1195 3829 2637 2829 769 1758 2328 4233 3736 3098
1942 1812 898 98 2412 851 3887 2190 262 377 1827 1984 3182 3074 2118 3610 3628 1156 1294 2147 1133 979 2204 1695 1819 1495 1662 1839 3405 2530 1389 217 1629 3870 1489 3605 2384 2731 3107 0 1150 1695 2591 3612 973 1700 2859 2498 2496 1480 1949 1315 3492 2149 326 307 961 1889 3934 1377 1828 1842 1461 1628 969 3587 2189 1307 1498 3789 2325 255 1015 447 2412 1283 1614 357 2377 1427 1997 1972 2068 2076
1013 692 1660 1084 3511 605 3641 3290 1362 1476 1581 2249 2936 2828 2698 3196 3214 2256 1472 2040 2233 733 1483 575 699 1081 903 1424 2990 2284 1192 1317 928 3456 1243 3191 1970 2485 2861 1150 0 576 3691 3198 727 1453 3355 1777 2250 1066 1020 1492 3078 1281 881 1407 715 770 3520 439 2408 1428 342 928 723 3173 1468 1061 1252 3375 1910 1354 2114 898 3511 1461 2550 872 2131 1181 1751 1450 1654 2655
973 652 1620 1629 3864 1151 4187 3643 1908 2022 2126 2209 3481 3373 2658 3156 3174 2609 1431 2000 2586 1279 1443 535 659 1041 862 1384 2950 2830 1152 1862 888 3416 1789 3151 1930 3030 3406 1695 576 0 4044 3158 1272 1999 3901 1737 2795 1026 980 1452 3038 1240 1427 1952 1261 730 3480 985 2368 1388 705 888 1268 3133 1427 1607 1798 3335 1870 1900 2467 1443 3864 1421 2510 1418 2676 1727 2296 1410 1614 2615
4299 4213 3254 3414 1597 4176 4409 1376 3136 3034 3848 2817 2490 2783 2952 4857 4875 2331 3651 2981 2342 4304 4234 4384 4226 3851 4019 3803 4652 3135 3746 3532 3985 5117 4141 4852 3709 2941 2750 3375 4475 4828 0 4860 4298 3950 2044 4528 3204 3837 4306 3671 4739 4179 3651 3302 4286 4900 5181 4702 2662 3555 4786 3985 4294 4834 4218 4387 4327 5036 3557 3182 2743 3772 1597 3640 2448 3682 3266 4256 4825 4002 3505 2909
2647 2561 2779 3669 3991 3791 6826 3770 3391 3290 4766 2245 4884 5177 2694 100 118 3090 2591 2036 3102 3919 2520 2732 2574 2172 2367 2089 648 5470 2311 3788 2334 609 4429 42 1277 5335 5144 3630 3216 3176 4065 0 3912 4639 4438 2814 5435 2169 2654 2611 164 2465 3906 3557 3901 3248 688 3625 2404 1841 3345 2333 3908 48 2504 4247 4438 279 1860 3437 3502 4027 3991 2580 2546 3937 5316 4367 4936 2288 1600 2652
1709 1389 1820 907 3101 171 2955 3113 1185 1299 895 2906 2250 2142 3041 3892 3910 2079 2168 2736 2056 55 2179 1272 1396 1777 1599 2121 3687 1598 1888 1140 1624 4152 557 3887 2666 1798 2175 973 727 1272 3514 3895 0 767 2669 2473 1564 1762 1716 2188 3774 1977 704 1230 72 1466 4216 954 2751 2124 1038 1624 47 3869 2164 375 566 4071 2607 1177 1937 721 3117 2157 2537 695 1445 495 1065 2146 2350 2998
2436 2115 2547 1633 2379 898 2233 2602 1912 2026 172 3633 1528 1420 3768 4619 4637 2805 2895 3463 2783 781 2906 1998 2122 2504 2325 2847 4413 876 2615 1867 2351 4879 236 4614 3393 1076 1453 1700 1453 1999 3166 4621 767 0 1947 3200 842 2489 2443 2915 4501 2703 1431 1956 797 2193 4943 1680 3477 2851 1765 2351 772 4596 2891 482 422 4798 3333 1904 2664 1448 2395 2884 3264 1422 723 351 921 2873 3077 3725
3783 3696 2738 2897 473 2800 3203 697 2620 2518 1846 2301 487 780 2435 4411 4429 1814 3134 2465 1826 2683 3759 3867 3710 3335 3503 3329 4205 1132 3230 3016 3469 4670 2138 4405 3235 939 747 2859 3355 3901 1261 4413 2669 1947 0 4053 1202 3321 3790 3155 4292 3704 3134 2785 2699 4095 4734 3582 2145 3080 3666 3469 2674 4388 3744 2384 2324 4590 3110 2665 2226 3256 489 3123 1931 3165 1264 2253 2822 3527 3031 2393
795 1122 1647 2537 3606 2351 5387 3385 2259 2158 3327 1847 4499 4574 2296 2794 2812 2636 1459 1638 2614 2480 379 1293 1135 1040 1098 1022 2588 4031 1179 2656 1123 3053 2990 2789 1567 4231 4607 2498 1777 1737 3753 2796 2473 3200 4053 0 3996 1037 786 1479 2676 563 2628 2425 2462 1809 3117 2186 2006 1026 1906 1123 2469 2771 347 2808 2999 2973 1508 2305 2495 2644 3606 1448 2147 2619 3877 2928 3497 585 1252 2253
3232 2912 3343 2430 1633 1694 2098 1857 2708 2822 740 3461 782 674 3595 5415 5433 2974 3691 3625 2986 1577 3702 2795 2919 3300 3122 3644 5210 131 3411 2663 3147 5675 1032 5410 4189 331 707 2496 2250 2795 2421 5418 1564 842 1202 3996 0 3285 3239 3711 5297 3500 2227 2753 1594 2989 5739 2477 3305 3647 2561 3147 1569 5392 3687 1279 1218 5594 4130 2700 3386 2244 1649 3680 3091 2218 158 1147 1717 3669 3873 3553
497 411 629 1519 2873 1641 4677 2652 1241 1140 2616 1202 3766 3864 1651 2149 2167 1618 441 992 1595 1769 743 582 425 33 217 377 1943 3320 161 1638 184 2408 2279 2144 922 3520 3897 1480 1066 1026 3053 2151 1762 2489 3321 1037 3285 0 504 461 2030 688 1756 1407 1751 1098 2472 1475 1361 381 1195 183 1758 2126 728 2097 2288 2328 863 1287 1477 1877 2874 430 1502 1787 3167 2217 2786 511 607 1608
49 365 1098 1988 3342 1594 4630 3121 1710 1609 2570 1687 3925 3817 2136 2634 2652 2087 910 1478 2064 1722 493 536 378 519 341 863 2428 3274 630 2107 366 2894 2233 2629 1408 3474 3850 1949 1020 980 3522 2636 1716 2443 3790 786 3239 504 0 930 2516 290 1870 1876 1704 1052 2958 1429 1846 866 1149 366 1712 2611 477 2050 2241 2813 1349 1756 1946 1887 3343 899 1988 1861 3120 2170 2740 459 1092 2093
923 837 463 1353 2708 2067 5103 2487 1076 974 3042 1644 3600 3893 2093 2591 2609 1452 48 1435 1430 2195 1185 1008 851 476 643 820 2386 3746 370 1472 610 2851 2705 2586 1365 3946 3860 1315 1492 1452 2887 2593 2188 2915 3155 1479 3711 461 930 0 2473 1130 1590 1241 2177 1524 2915 1901 1803 823 1621 609 2184 2568 1170 2523 2714 2770 1306 1121 1311 1712 2708 41 1911 1621 3593 2643 3212 953 1049 2051
2527 2441 2658 3549 3871 3670 6706 3650 3271 3169 4646 2125 4764 5057 2574 162 180 2970 2470 1916 2981 3798 2400 2612 2454 2051 2247 1969 528 5350 2191 3667 2213 488 4309 157 1157 5215 5024 3510 3096 3056 3945 164 3792 4519 4318 2694 5315 2048 2534 2491 0 2345 3786 3437 3780 3128 552 3505 2284 1720 3225 2213 3788 139 2384 4126 4317 341 1740 3317 3382 3907 3871 2459 2425 3817 5196 4246 4816 2167 1480 2531
299 625 1298 2188 3257 1855 4891 3036 1911 1809 2831 1498 4150 4078 1947 2445 2463 2287 1110 1289 2265 1983 269 796 639 691 601 673 2239 3534 830 2307 627 2704 2493 2440 1218 3735 4111 2149 1281 1240 3404 2447 1977 2703 3704 563 3500 688 290 1130 2327 0 2131 2076 1965 1312 2769 1689 1657 677 1410 627 1973 2422 253 2311 2502 2624 1159 1956 2146 2148 3257 1099 1798 2122 3381 2431 3001 236 903 1904
1863 1543 1174 260 2687 582 3618 2466 538 652 1558 2260 2913 2805 2394 3886 3904 1432 1570 2423 1409 711 2334 1426 1550 1771 1753 2114 3680 2262 1665 493 1779 4146 1221 3881 2660 2462 2838 326 881 1427 2867 3888 704 1431 3134 2628 2227 1756 1870 1590 3768 2131 0 583 693 1621 4210 1108 2104 2118 1192 1778 700 3863 2318 1039 1230 4065 2600 530 1290 179 2687 1559 1890 88 2108 1159 1728 2248 2344 2351
1869 1783 825 346 2338 1108 4144 2117 189 304 2084 1911 3231 3331 2045 3537 3555 1083 1221 2074 1060 1236 2131 1951 1797 1422 1589 1765 3331 2787 1316 464 1556 3797 1746 3532 2311 2987 3364 307 1407 1952 2518 3539 1230 1956 2785 2425 2753 1407 1876 1241 3419 2076 583 0 1218 2146 3861 1634 1755 1769 1718 1555 1226 3514 2116 1564 1755 3716 2251 181 942 704 2338 1210 1541 614 2634 1684 2254 1899 1995 2002
1697 1377 1809 895 3131 160 2985 3102 1173 1288 925 2895 2280 2172 3029 3881 3899 2067 2156 2724 2045 86 2168 1260 1384 1765 1587 2109 3675 1628 1877 1128 1613 4140 587 3876 2654 1828 2205 961 715 1261 3502 3883 72 797 2699 2462 1594 1751 1704 2177 3762 1965 693 1218 0 1455 4204 942 2739 2113 1026 1612 77 3858 2152 405 596 4060 2595 1166 1926 709 3147 2146 2526 684 1475 525 1095 2134 2339 2987
1045 724 1692 1823 3936 1344 4380 3715 2101 2203 2320 2281 3675 3567 2730 3228 3246 2681 1503 2072 2658 1473 1515 607 731 1113 934 1456 3022 3024 1224 2056 960 3488 1983 3223 2002 3224 3600 1889 770 730 4116 3230 1466 2193 4095 1809 2989 1098 1052 1524 3110 1312 1621 2146 1455 0 3552 1179 2440 1460 899 960 1462 3205 1499 1801 1992 3407 1942 2094 2539 1637 3936 1493 2582 1612 2870 1921 2490 1482 1686 2687
2969 2883 3100 3991 4313 4112 7148 4092 3713 3611 5088 2567 5206 5499 3016 686 704 3412 2912 2358 3423 4240 2841 3053 2896 2493 2689 2411 969 5791 2632 4109 2655 452 4750 681 1599 5657 5466 3952 3538 3498 4386 688 4234 4961 4760 3135 5757 2490 2976 2933 552 2786 4228 3879 4222 3570 0 3946 2726 2162 3667 2655 4230 663 2826 4568 4759 774 2182 3758 3824 4349 4313 2901 2867 4258 5638 4688 5258 2609 1922 2973
1422 1101 2069 1311 3738 832 3868 3517 1589 1703 1808 2658 3163 3055 3107 3605 3623 2482 1880 2449 2460 960 1892 984 1108 1490 1311 1833 3399 2511 1601 1544 1337 3864 1470 3600 2378 2711 3088 1377 439 985 3918 3607 954 1680 3582 2186 2477 1475 1429 1901 3487 1689 1108 1634 942 1179 3928 0 2817 1837 750 1337 950 3582 1876 1288 1479 3784 2319 1581 2341 1125 3738 1870 2941 1099 2358 1408 1978 1859 2063 3064
1839 1753 1707 1867 1698 2629 5307 1477 1589 1487 3605 253 2591 2884 345 2382 2400 784 1782 417 795 2757 1712 1924 1766 1364 1559 1281 2176 3236 1503 1986 1525 2641 3267 2377 1187 3042 2851 1828 2408 2368 1878 2384 2751 3477 2145 2006 3305 1361 1846 1803 2264 1657 2104 1755 2739 2440 2705 2817 0 1033 2537 1525 2747 2359 1696 3085 3276 2561 1082 1635 1196 2225 1698 1772 239 2135 3367 3205 3775 1479 983 303
859 773 991 1881 2633 2003 5039 2412 1603 1502 2978 874 3526 3819 1323 1821 1839 1719 803 665 1730 2131 732 944 787 384 579 302 1615 3682 523 2000 546 2080 2641 1816 594 3882 3786 1842 1428 1388 2780 1823 2124 2851 3080 1026 3647 381 866 823 1703 677 2118 1769 2113 1460 2144 1837 1033 0 1557 545 2120 1798 717 2459 2650 2000 535 1649 1839 2239 2633 792 1174 2149 3529 2579 3148 500 279 1280
1142 821 1789 1395 3822 916 3952 3601 1673 1787 1892 2378 3247 3139 2827 3325 3343 2567 1601 2169 2544 1044 1612 704 828 1210 1032 1554 3120 2595 1321 1628 1057 3585 1554 3320 2099 2796 3172 1461 342 705 4002 3327 1038 1765 3666 1906 2561 1195 1149 1621 3207 1410 1192 1718 1026 899 3649 750 2537 1557 0 1057 1034 3302 1597 1372 1563 3504 2040 1665 2425 1209 3822 1590 2679 1183 2442 1492 2062 1579 1783 2785
359 273 777 1667 3022 1502 4538 2801 1389 1288 2478 1366 3833 3725 1815 2313 2331 1766 589 1157 1744 1630 829 444 286 198 186 542 2108 3181 309 1786 211 2573 2141 2308 1087 3382 3758 1628 928 888 3201 2316 1624 2351 3469 1123 3147 183 366 609 2195 627 1778 1555 1612 960 2637 1337 1525 545 1057 0 1620 2290 814 1958 2149 2492 1028 1435 1625 1795 3022 578 1667 1769 3028 2078 2648 675 771 1773
1705 1384 1816 903 3106 167 2960 3109 1181 1295 900 2902 2255 2147 3037 3888 3906 2074 2164 2732 2052 60 2175 1267 1391 1773 1595 2117 3683 1603 1884 1136 1620 4148 562 3883 2662 1803 2180 969 723 1268 3510 3890 47 772 2674 2469 1569 1758 1712 2184 3770 1973 700 1226 77 1462 4212 950 2747 2120 1034 1620 0 3865 2160 380 571 4067 2603 1173 1933 717 3122 2153 2533 691 1450 500 1070 2142 2346 2994
2622 2536 2753 3644 3966 3765 6801 3745 3366 3264 4741 2220 4859 5152 2669 75 93 3065 2565 2011 3076 3893 2495 2707 2549 2147 2342 2064 623 5445 2286 3762 2308 584 4404 70 1252 5310 5119 3605 3191 3151 4040 48 3887 4614 4413 2789 5410 2143 2629 2586 139 2440 3881 3532 3875 3223 663 3600 2379 1816 3320 2308 3883 0 2479 4222 4412 254 1835 3412 3477 4002 3966 2555 2521 3912 5291 4342 4911 2262 1575 2626
486 812 1338 2228 3297 2042 5078 3076 1950 1848 3018 1538 4190 4265 1986 2484 2503 2327 1149 1328 2304 2170 96 983 826 731 788 713 2279 3721 870 2347 814 2744 2680 2479 1258 3922 4298 2189 1468 1427 3443 2487 2164 2891 3744 347 3687 728 477 1170 2366 253 2318 2116 2152 1499 2808 1876 1696 717 1597 814 2160 2461 0 2498 2689 2664 1199 1996 2185 2335 3297 1139 1838 2309 3568 2618 3188 275 943 1944
2044 1723 2155 1241 2816 506 2670 3039 1520 1634 610 3241 1965 1857 3375 4227 4245 2413 2502 3071 2391 389 2514 1606 1730 2111 1933 2455 4021 1313 2223 1474 1959 4486 272 4222 3000 1513 1890 1307 1061 1607 3603 4229 375 482 2384 2808 1279 2097 2050 2523 4109 2311 1039 1564 405 1801 4550 1288 3085 2459 1372 1958 380 4204 2498 0 281 4406 2941 1512 2272 1055 2832 2492 2872 1030 1160 210 780 2481 2685 3333
2234 1914 2346 1432 2755 697 2610 2979 1710 1825 549 3432 1904 1796 3566 4418 4436 2604 2693 3261 2582 580 2705 1797 1921 2302 2124 2646 4212 1253 2414 1665 2150 4677 212 4413 3191 1453 1829 1498 1252 1798 3543 4420 566 422 2324 2999 1218 2288 2241 2714 4299 2502 1230 1755 596 1992 4741 1479 3276 2650 1563 2149 571 4395 2689 281 0 4597 3132 1703 2463 1246 2772 2683 3063 1221 1099 131 543 2672 2876 3524
2824 2738 2956 3846 4168 3967 7003 3947 3568 3466 4943 2422 5061 5354 2871 220 187 3267 2767 2213 3278 4096 2697 2909 2751 2349 2544 2266 825 5647 2488 3964 2510 348 4606 272 1454 5512 5321 3807 3393 3353 4242 279 4089 4816 4615 2991 5612 2345 2831 2788 341 2642 4083 3734 4077 3425 774 3802 2581 2018 3522 2510 4085 254 2681 4424 4615 0 2037 3614 3679 4204 4168 2757 2723 4114 5493 4544 5113 2464 1777 2828
2216 2129 2347 3237 3602 3359 6395 3381 2960 2858 4335 1843 4495 4788 2292 1327 1346 2688 2159 1634 2699 3487 2088 2300 2143 1740 1936 1658 1122 5038 1879 3356 1902 1587 3997 1322 846 4946 4755 3199 2784 2744 3679 1330 3481 4207 4050 2382 5004 1737 2223 2180 1209 2033 3474 3125 3469 2816 1651 3193 2002 1409 2914 1902 3477 1304 2073 3815 4006 1507 0 3005 3100 3596 3603 2148 2144 3505 4885 3935 4505 1856 1168 2249
1749 1663 704 293 2218 1056 4091 1997 69 183 2031 1790 3111 3278 1925 3417 3435 963 1101 1954 940 1184 2011 1834 1676 1302 1469 1645 3211 2735 1196 412 1435 3676 1694 3412 2190 2935 3311 255 1354 1900 2398 3419 1177 1904 2665 2305 2700 1287 1756 1121 3299 1956 530 181 1166 2094 3740 1581 1635 1649 1665 1435 1173 3394 1996 1512 1703 3596 2131 0 821 652 2218 1090 1421 561 2581 1632 2201 1779 1875 1882
1939 1852 894 1053 1779 1816 4852 1558 776 674 2791 1351 2672 2965 1486 3480 3498 523 1290 1515 501 1944 2201 2023 1866 1491 1659 1835 3274 3317 1386 1172 1625 3740 2454 3475 2285 3123 2932 1015 2114 2467 1959 3482 1937 2664 2226 2495 3386 1477 1946 1311 3362 2146 1290 942 1926 2539 3804 2341 1196 1839 2425 1625 1933 3457 2185 2272 2463 3659 2180 821 0 1412 1779 1280 982 1321 3342 2392 2961 1968 2065 1443
1880 1560 1295 381 2809 599 3635 2588 659 774 1575 2381 2930 2822 2515 4007 4025 1553 1691 2545 1531 727 2350 1443 1567 1892 1770 2236 3802 2278 1786 614 1795 4267 1237 4002 2781 2479 2855 447 898 1443 2988 4010 721 1448 3256 2644 2244 1877 1887 1712 3889 2148 179 704 709 1637 4331 1125 2225 2239 1209 1795 717 3984 2335 1055 1246 4186 2722 652 1412 0 2809 1680 2011 170 2125 1175 1745 2317 2465 2473
3336 3249 2291 2450 61 3213 3651 250 2173 2071 2293 1854 935 1228 1988 3964 3982 1367 2687 2018 1379 3130 3312 3420 3263 2888 3056 2882 3758 1580 2783 2569 3022 4223 2586 3958 2788 1386 1195 2412 3511 3864 814 3966 3117 2395 489 3606 1649 2874 3343 2708 3845 3257 2687 2338 3147 3936 4287 3738 1698 2633 3822 3022 3122 3941 3297 2832 2772 4143 2663 2218 1779 2809 0 2676 1484 2718 1711 2701 3270 3080 2584 1946
892 806 432 1322 2676 2035 5071 2455 1044 943 3011 1613 3569 3862 2062 2560 2578 1421 49 1404 1398 2164 1154 977 819 444 612 788 2354 3715 339 1441 578 2819 2674 2555 1333 3915 3829 1283 1461 1421 2856 2562 2157 2884 3123 1448 3680 430 899 41 2442 1099 1559 1210 2146 1493 2883 1870 1772 792 1590 578 2153 2537 1139 2492 2683 2739 1274 1090 1280 1680 2676 0 1879 1590 3561 2612 3181 922 1018 2019
1981 1894 1494 1653 1484 2415 5093 1263 1375 1274 3391 395 2377 2670 529 2524 2542 570 1890 559 581 2544 1853 2065 1908 1505 1701 1423 2318 3022 1644 1772 1667 2783 3054 2518 1329 2828 2637 1614 2550 2510 1664 2526 2537 3264 1931 2147 3091 1502 1988 1911 2405 1798 1890 1541 2526 2582 2847 2941 239 1174 2679 1667 2533 2501 1838 2872 3063 2703 1223 1421 982 2011 1484 1879 0 1921 3153 2992 3561 1621 1125 487
1855 1534 1204 291 2718 574 3609 2497 569 683 1549 2290 2904 2796 2425 3917 3935 1463 1601 2454 1440 702 2325 1417 1541 1802 1744 2145 3711 2253 1696 524 1770 4176 1212 3912 2690 2453 2829 357 872 1418 2898 3919 695 1422 3165 2619 2218 1787 1861 1621 3799 2122 88 614 684 1612 4240 1099 2135 2149 1183 1769 691 3894 2309 1030 1221 4096 2631 561 1321 170 2718 1590 1921 0 2099 1150 1719 2279 2375 2382
3113 2793 3225 2311 1695 1576 1979 1919 2589 2704 621 3523 844 736 3657 5296 5315 3036 3572 3687 3048 1458 3583 2676 2800 3181 3003 3525 5091 193 3292 2544 3028 5556 914 5291 4070 393 769 2377 2131 2676 2482 5299 1445 723 1264 3877 158 3167 3120 3593 5178 3381 2108 2634 1475 2870 5620 2358 3367 3529 2442 3028 1450 5274 3568 1160 1099 5476 4011 2581 3342 2125 1711 3561 3153 2099 0 1028 1598 3550 3755 3615
2164 1843 2275 1361 2684 626 2539 2908 1640 1754 478 3361 1833 1725 3495 4347 4365 2533 2622 3191 2511 509 2634 1726 1850 2231 2053 2575 4141 1182 2343 1594 2079 4606 141 4342 3120 1382 1758 1427 1181 1727 3472 4349 495 351 2253 2928 1147 2217 2170 2643 4229 2431 1159 1684 525 1921 4670 1408 3205 2579 1492 2078 500 4324 2618 210 131 4526 3061 1632 2392 1175 2701 2612 2992 1150 1028 0 616 2601 2805 3453
2733 2413 2844 1931 3254 1195 3108 3478 2209 2323 1048 3931 2403 2295 4065 4916 4934 3103 3192 3760 3080 1078 3203 2296 2420 2801 2623 3145 4711 1751 2912 2164 2648 5176 710 4911 3690 1952 2328 1997 1751 2296 4041 4919 1065 921 2822 3497 1717 2786 2740 3212 4798 3001 1728 2254 1095 2490 5240 1978 3775 3148 2062 2648 1070 4893 3188 780 543 5095 3631 2201 2961 1745 3270 3181 3561 1719 1598 616 0 3170 3374 4022
468 795 1121 2011 3080 2024 5060 2859 1733 1632 3000 1321 3973 4247 1769 2268 2286 2110 933 1111 2087 2152 291 966 808 514 709 496 2062 3704 653 2130 676 2527 2663 2262 1041 3904 4233 1972 1450 1410 3226 2270 2146 2873 3527 585 3669 511 459 953 2149 236 2248 1899 2134 1482 2591 1859 1479 500 1579 675 2142 2245 275 2481 2672 2447 982 1779 1968 2317 3080 922 1621 2279 3550 2601 3170 0 726 1727
1085 999 1217 2107 2584 2229 5265 2362 1829 1728 3204 824 3476 3769 1273 1580 1598 1669 1029 615 1681 2357 958 1170 1013 610 805 528 1374 3908 749 2226 772 1840 2867 1575 354 3927 3736 2068 1654 1614 2730 1582 2350 3077 3031 1252 3873 607 1092 1049 1462 903 2344 1995 2339 1686 1904 2063 983 279 1783 771 2346 1557 943 2685 2876 1759 486 1875 2065 2465 2584 1018 1125 2375 3755 2805 3374 726 0 1230
2087 2000 1955 2114 1946 2877 5554 1725 1837 1735 3852 501 2838 3131 112 2629 2647 1031 2030 664 1043 3005 1959 2171 2014 1611 1807 1529 2424 3483 1750 2233 1773 2889 3515 2624 1435 3289 3098 2076 2655 2615 2125 2632 2998 3725 2393 2253 3553 1608 2093 2051 2511 1904 2351 2002 2987 2687 2953 3064 303 1280 2785 1773 2994 2606 1944 3333 3524 2808 1329 1882 1443 2473 1946 2019 487 2382 3615 3453 4022 1727 1230 0
EOF