NAME : tsp_problem
TYPE : TSP
DIMENSION : 86
EDGE_WEIGHT_TYPE : EXPLICIT
EDGE_WEIGHT_FORMAT : FULL_MATRIX
EDGE_WEIGHT_SECTION
0 2273 2255 2994 1336 1815 3215 2184 799 3973 2960 2657 2164 1620 2171 1049 967 903 1680 1601 3088 3075 1384 3894 3894 2052 1973 3683 2191 3174 2747 2357 1772 3109 1706 3704 918 1188 4067 1654 3012 1878 1816 1950 3770 952 1569 763 1095 2380 1139 2202 1795 509 1856 1979 1242 2795 2176 1034 2490 1603 4270 1773 3037 1038 2795 1967 3675 1875 1173 969 1610 1843 4186 1835 4212 817 1233 1295 3883 2140 2364 503 3888 2120
2273 0 149 2785 2854 4046 974 3547 3030 4887 2802 2499 3526 3851 4148 1382 3198 3134 3911 729 1115 835 3616 4808 4808 2218 4096 4597 3701 933 2537 3408 568 1089 3938 1847 3149 3419 4982 3813 3977 3723 3752 3653 4684 3183 800 2994 3326 3386 3107 3358 3749 2741 755 3598 2593 2794 3399 3265 4466 731 5185 3727 2827 1318 2585 4069 4589 3691 3057 3200 712 2908 5101 3733 5126 1572 2585 2910 4797 2087 3401 1854 4803 1962
2255 149 0 2838 2907 4028 1028 3600 3012 4941 2784 2481 3580 3833 4201 1364 3180 3116 3893 711 1169 889 3598 4861 4862 2271 4150 4651 3755 987 2591 3461 550 1142 3919 1901 3131 3401 5035 3867 4031 3776 3806 3707 4738 3165 782 2976 3308 3439 3160 3411 3803 2723 737 3651 2575 2848 3453 3247 4520 713 5238 3781 2881 1300 2639 4123 4643 3744 3111 3182 694 2961 5154 3787 5180 1554 2567 2964 4851 2140 3455 1836 4856 1944
2994 2785 2838 0 1679 2016 1862 2051 3449 2714 5554 5251 2030 1773 1955 4002 2580 2114 2061 3482 1703 1996 2000 2635 2635 1043 1904 2424 1509 1885 303 1215 3321 1725 2088 2320 2457 2196 2808 1725 1785 1531 1560 1461 2511 3016 3553 2616 2818 1193 1932 1165 1588 2538 3507 1405 4195 602 1207 2785 2274 3483 3011 1611 112 3990 263 1877 2416 1498 1882 2076 3464 1733 2927 1541 2953 3769 4186 1735 2624 912 1209 3455 2629 4715
1336 2854 2907 1679 0 1655 1931 918 1791 3298 4255 3952 897 1232 1804 2344 1761 457 1520 2896 1772 2065 1459 3219 3219 737 1753 3008 1517 1955 1431 1682 3067 1794 1547 2389 1713 1655 3393 1184 2337 1204 1141 1276 3095 1747 2863 1558 1890 1705 274 1527 1120 880 3151 1304 2537 1688 1501 1829 2122 2898 3595 1098 1721 2332 1480 1726 3000 1200 224 418 2905 527 3512 1160 3537 2112 2528 77 3208 824 1689 1797 3213 3415
1815 4046 4028 2016 1655 0 3286 1033 2270 2642 4733 4430 1013 469 377 2822 1048 2091 161 3375 3127 3420 468 2562 2563 2167 179 2351 860 3309 1769 1026 3545 3148 129 3744 925 663 2736 503 1681 723 665 653 2439 1483 3342 1084 1285 1049 1908 871 644 1783 3629 648 3015 1464 845 1252 696 3376 2939 622 2059 2811 1817 173 2344 691 1859 2052 3383 1958 2855 684 2881 2590 3007 1712 2552 2255 1033 2276 2557 3893
3215 974 1028 1862 1931 3286 0 2624 3701 3965 3744 3441 2604 2938 3225 2324 3672 2367 3227 1671 193 185 3166 3885 3886 1295 3174 3674 2779 75 1615 2485 1510 166 3253 924 3623 3362 4059 2890 3055 2800 2830 2731 3762 3657 1742 3468 3800 2463 2184 2435 2827 2790 1697 2675 3535 1871 2476 3739 3543 1673 4262 2804 1905 2260 1663 3147 3666 2768 2135 2328 1653 1985 4178 2811 4204 2514 3526 1987 3875 1164 2479 2796 3880 2904
2184 3547 3600 2051 918 1033 2624 0 2639 2676 5103 4800 48 609 1182 3192 1417 1353 898 3744 2465 2758 837 2596 2597 1430 1130 2386 894 2648 1803 1060 3915 2487 925 3082 1294 1033 2770 562 1715 581 519 653 2473 1853 3711 1453 1655 1083 1171 905 498 1777 3999 682 3385 1498 879 1621 1500 3746 2973 476 2093 3180 1851 1104 2378 578 1121 1315 3753 1220 2889 538 2915 2960 3376 974 2586 1517 1067 2645 2591 4263
799 3030 3012 3449 1791 2270 3701 2639 0 4428 3717 3414 2618 2075 2626 1806 1421 1357 2135 2358 3543 3832 1839 4348 4349 2507 2427 4137 2646 3725 3201 2812 2529 3564 2161 4159 1373 1643 4522 2108 3467 2333 2271 2405 4225 1407 2326 1218 1550 2834 1593 2657 2250 964 2613 2433 1999 3249 2631 1489 2945 2360 4725 2228 3491 1795 3250 2422 4129 2329 1628 1423 2367 2298 4641 2290 4667 1574 1990 1750 4338 2594 2818 1260 4343 2877
3899 4821 4875 2643 3224 2568 3899 2602 4354 0 6817 6514 2581 2324 2507 4907 3132 3660 2613 5459 3740 4033 2552 821 821 3093 2456 490 2061 3922 2395 1576 5357 3761 2639 4352 3009 2748 995 2276 1509 2082 2112 2013 697 3568 5426 3168 3370 1554 3477 1717 2139 3867 5544 1957 5100 2090 1758 3336 2825 5461 1198 2163 2685 4895 2443 2429 482 2050 3428 3621 5467 3527 1114 2093 1139 4674 5091 3281 810 2962 1570 4360 816 5978
2960 2802 2784 5554 4255 4733 3744 5103 3717 6891 0 351 5082 4538 5090 2069 3885 3821 4598 2131 3885 3605 4303 6812 6812 4970 4891 6601 5110 3703 5307 5275 2301 3858 4625 3714 3836 4106 6986 4572 5931 4797 4734 4869 6688 3870 2098 3681 4013 5298 4057 5120 4713 3428 2385 4897 3280 5564 5095 3952 5408 2132 7189 4691 5597 2005 5355 4885 6593 4793 4091 3887 2139 4761 7105 4753 7130 2259 3272 4214 6801 4856 5282 2541 6807 1210
2657 2499 2481 5251 3952 4430 3441 4800 3414 6588 351 0 4779 4235 4787 1766 3582 3518 4295 1828 3582 3302 4000 6509 6509 4667 4588 6298 4807 3400 5004 4972 1998 3556 4322 3411 3533 3804 6683 4269 5628 4494 4431 4566 6385 3567 1795 3379 3710 4995 3754 4817 4411 3125 2082 4594 2977 5261 4792 3649 5105 1829 6886 4388 5294 1702 5052 4582 6290 4490 3789 3584 1836 4458 6802 4451 6827 1956 2969 3911 6498 4553 4979 2238 6504 907
2164 3526 3580 2030 897 1013 2604 48 2618 2655 5082 4779 0 589 1161 3171 1397 1333 878 3724 2445 2737 816 2576 2576 1409 1110 2365 874 2627 1782 1039 3894 2466 904 3061 1273 1012 2750 541 1695 561 498 633 2452 1832 3691 1433 1634 1062 1150 884 478 1756 3978 661 3364 1477 859 1601 1479 3725 2953 455 2072 3160 1831 1083 2357 557 1101 1294 3732 1200 2869 518 2894 2939 3355 953 2565 1497 1046 2625 2571 4242
1620 3851 3833 1773 1232 469 2938 609 2075 2398 4538 4235 589 0 825 2627 853 1667 334 3180 2779 3072 273 2319 2319 1744 627 2108 617 2962 1525 782 3350 2801 360 3396 730 468 2492 193 1437 304 241 375 2195 1289 3147 889 1090 805 1485 627 220 1588 3434 404 2820 1220 601 1057 1144 3181 2695 198 1815 2616 1573 621 2100 300 1435 1628 3188 1534 2611 260 2637 2395 2812 1288 2308 1831 789 2081 2313 3698
2171 4148 4201 1955 1804 377 3225 1182 2626 2581 5090 4787 1161 825 0 3179 1404 2239 517 3731 3066 3359 824 2501 2502 2316 265 2290 799 3248 1708 965 3902 3087 485 3683 1281 1020 2675 856 1620 662 691 592 2378 1840 3698 1440 1642 987 2057 810 719 2139 3986 587 3372 1403 784 1608 357 3733 2878 742 1998 3167 1756 238 2283 630 2007 2201 3740 2107 2794 672 2820 2947 3363 1860 2491 2275 971 2632 2496 4250
1049 1382 1364 4002 2344 2822 2324 3192 1806 4980 2069 1766 3171 2627 3179 0 1974 1910 2687 711 2465 2184 2392 4901 4901 3060 2980 4690 3199 2283 3754 3364 881 2438 2714 3197 1926 2196 5075 2661 4020 2886 2823 2958 4777 1960 678 1771 2102 3387 2146 3210 2803 1517 965 2986 1370 3802 3184 2041 3497 712 5278 2780 4044 147 3803 2974 4682 2882 2181 1976 719 2850 5194 2843 5219 348 1361 2303 4891 3147 3371 630 4896 1229
967 3198 3180 2580 1761 1048 3672 1417 1421 3206 3885 3582 1397 853 1404 1974 0 1328 913 2527 3513 3805 617 3126 3127 2477 1206 2915 1424 3695 2333 1590 2697 3534 939 4129 151 421 3300 887 2245 1111 1049 1183 3003 635 2494 236 437 1613 1564 1435 1028 934 2781 1212 2167 2028 1409 404 1723 2528 3503 1006 2623 1963 2381 1200 2908 1108 1598 1394 2535 2268 3419 1068 3445 1742 2158 1720 3116 2565 1597 1428 3121 3045
903 3134 3116 2114 457 2091 2367 1353 1357 3734 3821 3518 1333 1667 2239 1910 1328 0 1956 2463 2208 2501 1746 3654 3655 1172 2188 3443 1952 2390 1867 2118 2633 2229 1982 2824 1279 1549 3828 1620 2773 1639 1577 1711 3531 1313 2430 1124 1456 2140 259 1963 1556 446 2717 1740 2103 2124 1937 1395 2558 2464 4031 1534 2157 1899 1915 2161 3436 1635 293 98 2471 963 3947 1596 3973 1678 2094 415 3644 1260 2124 1364 3649 2981
1680 3911 3893 2061 1520 161 3227 898 2135 2687 4598 4295 878 334 517 2687 913 1956 0 3240 3068 3361 333 2607 2608 2032 319 2396 905 3250 1814 1071 3410 3089 52 3684 790 528 2781 367 1726 592 530 664 2484 1348 3207 949 1150 1093 1773 916 509 1648 3494 693 2880 1508 890 1117 836 3241 2984 487 2104 2676 1862 313 2389 588 1724 1917 3248 1823 2900 549 2926 2455 2872 1577 2597 2120 1077 2141 2602 3758
1601 729 711 3482 2896 3375 1671 3744 2358 5533 2131 1828 3724 3180 3731 711 2527 2463 3240 0 1812 1532 2944 5453 5454 2915 3533 5242 3751 1630 3234 3917 228 1786 3266 2544 2478 2748 5627 3214 4572 3438 3376 3510 5330 2512 129 2323 2655 3940 2699 3762 3355 2069 312 3539 1922 3491 3736 2594 4050 29 5830 3333 3524 647 3282 3527 5235 3435 2733 2529 66 3403 5746 3395 5772 900 1913 2855 5443 2784 3924 1183 5448 1291
3088 1115 1169 1703 1772 3127 193 2465 3543 3806 3885 3582 2445 2779 3066 2465 3513 2208 3068 1812 0 326 3007 3726 3727 1136 3015 3516 2620 216 1456 2326 1651 55 3095 766 3464 3203 3900 2732 2896 2642 2671 2572 3603 3498 1883 3309 3641 2304 2025 2276 2668 2631 1838 2516 3676 1713 2318 3580 3385 1814 4103 2646 1746 2401 1504 2988 3508 2609 1976 2169 1794 1826 4019 2652 4045 2655 3667 1829 3716 1005 2320 2937 3721 3045
3075 835 889 1996 2065 3420 185 2758 3832 4098 3605 3302 2737 3072 3359 2184 3805 2501 3361 1532 326 0 3299 4019 4019 1429 3308 3808 2913 145 1748 2619 1371 300 3387 1058 3757 3495 4193 3024 3188 2934 2964 2864 3895 3791 1603 3602 3934 2597 2318 2569 2961 2924 1558 2809 3396 2005 2610 3873 3677 1534 4396 2938 2038 2121 1797 3281 3800 2902 2268 2462 1514 2119 4312 2945 4337 2374 3387 2121 4009 1298 2613 2657 4014 2765
1384 3616 3598 2000 1459 468 3166 837 1839 2626 4303 4000 816 273 824 2392 617 1746 333 2944 3007 3299 0 2546 2547 1971 625 2335 844 3189 1753 1010 3115 3028 359 3623 494 233 2720 306 1665 531 469 603 2423 1053 2912 653 855 1032 1712 855 448 1352 3199 631 2585 1447 829 821 1142 2946 2923 426 2043 2380 1801 620 2327 527 1663 1812 2953 1762 2839 488 2865 2160 2576 1516 2536 2059 1016 1845 2541 3463
3911 4833 4887 2655 3236 2580 3911 2614 4366 941 6829 6527 2594 2336 2519 4919 3144 3672 2625 5471 3752 4045 2564 0 52 3105 2468 651 2073 3934 2407 1588 5369 3773 2651 4364 3021 2760 282 2289 1521 2094 2124 2025 167 3580 5438 3180 3382 1566 3489 1729 2151 3879 5556 1969 5112 2102 1770 3348 2837 5473 490 2175 2697 4907 2455 2441 643 2062 3440 3633 5480 3539 574 2105 692 4686 5103 3293 71 2974 1582 4372 103 5990
3911 4834 4887 2655 3237 2580 3911 2614 4366 942 6830 6527 2594 2337 2519 4919 3144 3672 2625 5471 3752 4045 2564 52 0 3105 2468 651 2073 3935 2407 1588 5370 3774 2652 4365 3021 2760 283 2289 1522 2095 2124 2025 168 3580 5439 3180 3382 1566 3490 1729 2152 3879 5556 1969 5112 2102 1771 3348 2838 5473 490 2175 2697 4908 2456 2441 643 2062 3440 3633 5480 3539 574 2105 692 4687 5103 3293 48 2974 1582 4372 104 5990
2052 2218 2271 1043 737 2167 1295 1430 2507 3164 4970 4667 1409 1744 2316 3060 2477 1172 2032 2915 1136 1429 1971 3085 3085 0 2265 2874 1959 1318 795 1665 2754 1158 2059 1753 2428 2167 3259 1696 2235 1716 1653 1787 2961 2463 2986 2274 2605 1644 990 1616 1632 1595 2940 1816 3253 1052 1657 2544 2634 2916 3461 1610 1085 3048 843 2238 2866 1712 940 1133 2897 791 3378 1672 3403 2827 3244 793 3074 188 1659 2513 3079 4131
1973 4096 4150 1904 1753 179 3174 1130 2427 2530 4891 4588 1110 627 265 2980 1206 2188 319 3533 3015 3308 625 2450 2450 2265 0 2239 748 3197 1657 914 3703 3036 287 3631 1082 821 2624 660 1569 611 640 541 2327 1641 3500 1242 1443 936 2006 759 668 1940 3787 535 3173 1351 733 1410 583 3534 2827 691 1947 2969 1705 127 2231 578 1956 2149 3541 2055 2743 621 2769 2748 3164 1809 2440 2223 920 2434 2445 4051
3680 4602 4656 2423 3005 2349 3679 2383 4135 710 6598 6295 2362 2105 2288 4687 2913 3441 2394 5240 3521 3813 2333 602 602 2873 2236 0 1842 3703 2176 1357 5138 3542 2420 4133 2790 2528 775 2057 1290 1863 1893 1793 478 3348 5207 2949 3150 1335 3258 1498 1920 3648 5325 1738 4880 1870 1539 3117 2606 5241 978 1943 2466 4676 2224 2210 121 1831 3208 3402 5248 3308 894 1873 920 4455 4872 3061 591 2742 1350 4141 596 5758
2191 3701 3755 1509 1517 860 2779 894 2646 2135 5110 4807 874 617 799 3199 1424 1952 905 3751 2620 2913 844 2055 2056 1959 748 1844 0 2802 1262 519 3922 2641 932 3236 1301 1040 2229 569 1174 375 404 305 1932 1860 3719 1460 1662 541 1770 364 432 2159 4006 249 3392 956 338 1628 1118 3753 2432 455 1552 3188 1310 721 1836 342 1720 1913 3760 1819 2348 385 2374 2967 3383 1573 2045 1828 525 2652 2050 4270
3174 933 987 1885 1955 3309 75 2648 3725 3988 3703 3400 2627 2962 3248 2283 3695 2390 3250 1630 216 145 3189 3909 3909 1318 3197 3698 2802 0 1638 2508 1469 190 3277 948 3646 3385 4082 2914 3078 2824 2853 2754 3785 3681 1701 3492 3823 2486 2208 2458 2850 2813 1656 2698 3494 1895 2500 3762 3567 1632 4285 2828 1928 2219 1686 3170 3690 2791 2158 2351 1613 2009 4202 2834 4227 2473 3486 2011 3898 1188 2502 2755 3903 2863
2747 2537 2591 303 1431 1769 1615 1803 3201 2467 5307 5004 1782 1525 1708 3754 2333 1867 1814 3234 1456 1748 1753 2387 2387 795 1657 2176 1262 1638 0 968 3073 1477 1840 2072 2210 1949 2561 1477 1537 1283 1313 1214 2264 2769 3305 2369 2571 946 1684 918 1340 2290 3260 1158 3947 354 959 2537 2026 3236 2764 1364 345 3743 104 1630 2168 1251 1635 1828 3216 1485 2680 1294 2705 3522 3938 1487 2377 664 962 3208 2382 4467
2357 3408 3461 1215 1682 1026 2485 1060 2812 1650 5275 4972 1039 782 965 3364 1590 2118 1071 3917 2326 2619 1010 1570 1571 1665 914 1359 519 2508 968 0 3944 2347 1097 2943 1467 1206 1744 734 689 540 570 471 1447 2026 3884 1626 1828 56 1935 175 597 2325 4130 415 3557 663 216 1794 1283 3919 1947 621 1258 3353 1016 887 1352 508 1886 2079 3925 1985 1863 551 1889 3132 3549 1738 1560 1535 44 2818 1565 4435
1772 568 550 3321 3067 3545 1510 3915 2529 5423 2301 1998 3894 3350 3902 881 2697 2633 3410 228 1651 1371 3115 5344 5344 2754 3703 5133 3922 1469 3073 3944 0 1625 3437 2383 2648 2919 5518 3384 4513 3609 3546 3681 5220 2682 299 2494 2825 3922 2869 3894 3526 2240 254 3709 2092 3330 3907 2764 4220 230 5721 3503 3363 817 3121 3697 5125 3605 2904 2699 211 3444 5637 3566 5662 1071 2084 3026 5333 2623 3937 1353 5339 1461
3109 1089 1142 1725 1794 3148 166 2487 3564 3827 3858 3556 2466 2801 3087 2438 3534 2229 3089 1786 55 300 3028 3748 3748 1158 3036 3537 2641 190 1477 2347 1625 0 3116 787 3485 3224 3921 2753 2917 2663 2692 2593 3624 3520 1857 3331 3662 2325 2047 2297 2689 2652 1812 2537 3650 1734 2339 3601 3406 1787 4124 2667 1767 2375 1525 3009 3529 2630 1997 2190 1768 1848 4041 2673 4066 2628 3641 1850 3737 1027 2341 2910 3742 3019
1706 3938 3919 2088 1547 129 3253 925 2161 2713 4625 4322 904 360 485 2714 939 1982 52 3266 3095 3387 359 2634 2634 2059 287 2423 932 3277 1840 1097 3437 3116 0 3711 816 555 2808 394 1752 619 556 691 2510 1375 3233 975 1177 1120 1800 942 535 1674 3521 719 2907 1535 916 1143 804 3268 3010 513 2130 2702 1889 281 2415 615 1750 1944 3275 1850 2927 575 2952 2482 2898 1603 2623 2146 1104 2167 2629 3785
3704 1847 1901 2320 2389 3744 924 3082 4159 4420 3714 3411 3061 3396 3683 3197 4129 2824 3684 2544 766 1058 3623 4341 4341 1753 3631 4130 3236 948 2072 2943 2383 787 3711 0 4080 3819 4515 3348 3512 3258 3288 3188 4217 4115 2615 3926 4258 2921 2642 2893 3284 3248 2570 3133 4408 2329 2934 4196 4001 2546 4718 3262 2362 3133 2121 3605 4122 3226 2592 2786 2526 2443 4634 3268 4659 3387 4399 2445 4331 1622 2936 3669 4336 2565
918 3149 3131 2457 1713 925 3623 1294 1373 3083 3836 3533 1273 730 1281 1926 151 1279 790 2478 3464 3757 494 3003 3004 2428 1082 2792 1301 3646 2210 1467 2648 3485 816 4080 0 298 3177 763 2122 988 926 1060 2880 587 2445 187 389 1489 1515 1312 905 886 2732 1088 2118 1904 1286 355 1599 2480 3380 883 2500 1914 2258 1077 2784 984 1550 1345 2486 2219 3296 945 3322 1693 2110 1672 2993 2516 1473 1379 2998 2997
1188 3419 3401 2196 1655 663 3362 1033 1643 2822 4106 3804 1012 468 1020 2196 421 1549 528 2748 3203 3495 233 2742 2742 2167 821 2531 1040 3385 1949 1206 2919 3224 555 3819 298 0 2916 502 1861 727 665 799 2619 857 2715 457 659 1228 1785 1051 644 1156 3002 827 2389 1643 1025 625 1338 2750 3119 621 2239 2184 1997 815 2523 723 1820 1615 2757 1958 3035 684 3060 1963 2380 1711 2732 2255 1212 1649 2737 3267
4085 5007 5061 2828 3410 2754 4085 2788 4540 1115 7003 6700 2767 2510 2693 5092 3318 3846 2799 5645 3926 4218 2738 282 283 3278 2642 825 2247 4108 2581 1762 5543 3947 2825 4538 3195 2934 0 2462 1695 2268 2298 2199 341 3754 5612 3354 3556 1740 3663 1903 2325 4053 5730 2143 5285 2276 1944 3522 3011 5647 226 2349 2871 5081 2629 2615 817 2236 3614 3807 5653 3713 309 2279 774 4860 5277 3466 272 3148 1756 4546 220 6164
1654 3813 3867 1725 1184 503 2890 562 2108 2350 4572 4269 541 193 856 2661 887 1620 367 3214 2732 3024 306 2271 2271 1696 660 2060 569 2914 1477 734 3384 2753 394 3348 763 502 2445 0 1390 256 193 328 2147 1322 3181 923 1124 757 1437 579 173 1622 3468 356 2854 1172 554 1091 1174 3215 2648 150 1767 2650 1526 655 2052 252 1387 1581 3222 1487 2564 213 2589 2429 2845 1240 2260 1783 741 2115 2266 3732
3012 3977 4031 1785 2337 1681 3055 1715 3467 1583 5931 5628 1695 1437 1620 4020 2245 2773 1726 4572 2896 3188 1665 1504 1504 2235 1569 1293 1174 3078 1537 689 4513 2917 1752 3512 2122 1861 1677 1390 0 1195 1225 1126 1380 2681 4539 2281 2483 667 2590 830 1252 2980 4700 1070 4213 1232 871 2449 1938 4574 1880 1276 1828 4008 1586 1542 1285 1163 2541 2734 4581 2640 1797 1206 1822 3788 4204 2394 1493 2104 683 3473 1498 5091
1878 3723 3776 1531 1204 723 2800 581 2333 2156 4797 4494 561 304 662 2886 1111 1639 592 3438 2642 2934 531 2077 2077 1716 611 1866 375 2824 1283 540 3609 2663 619 3258 988 727 2250 256 1195 0 91 134 1953 1547 3406 1147 1349 563 1457 385 118 1846 3693 162 3079 978 359 1315 980 3440 2453 142 1573 2874 1332 584 1858 58 1407 1600 3447 1506 2370 72 2395 2654 3070 1260 2066 1803 547 2339 2071 3957
1816 3752 3806 1560 1141 665 2830 519 2271 2186 4734 4431 498 241 691 2823 1049 1577 530 3376 2671 2964 469 2106 2107 1653 640 1895 404 2853 1313 570 3546 2692 556 3288 926 665 2280 193 1225 91 0 163 1983 1485 3343 1085 1287 592 1394 415 56 1784 3630 192 3016 1007 389 1253 1010 3378 2483 80 1603 2812 1361 613 1888 87 1345 1538 3384 1444 2399 89 2425 2591 3008 1197 2096 1741 576 2277 2101 3894
1950 3653 3707 1461 1276 653 2731 653 2405 2087 4869 4566 633 375 592 2958 1183 1711 664 3510 2572 2864 603 2007 2007 1787 541 1796 305 2754 1214 471 3681 2593 691 3188 1060 799 2181 328 1126 134 163 0 1884 1619 3477 1219 1421 493 1529 316 190 1918 3765 92 3151 908 290 1387 911 3512 2384 214 1504 2946 1262 514 1788 130 1479 1672 3519 1578 2300 144 2325 2726 3142 1332 1997 1780 477 2411 2002 4029
3788 4710 4764 2531 3113 2457 3788 2491 4243 818 6706 6403 2470 2213 2396 4795 3021 3549 2502 5348 3629 3921 2441 167 168 2981 2345 528 1950 3811 2284 1465 5246 3650 2528 4241 2898 2636 341 2165 1398 1971 2001 1901 0 3457 5315 3057 3259 1443 3366 1606 2028 3756 5433 1846 4988 1978 1647 3225 2714 5350 549 2051 2574 4784 2332 2318 520 1939 3317 3510 5356 3416 527 1982 552 4563 4980 3169 157 2850 1459 4249 162 5866
952 3183 3165 3016 1747 1483 3657 1853 1407 3642 3870 3567 1832 1289 1840 1960 635 1313 1348 2512 3498 3791 1053 3562 3562 2463 1641 3351 1860 3681 2769 2026 2682 3520 1375 4115 587 857 3736 1322 2681 1547 1485 1619 3439 0 2479 432 764 2048 1549 1871 1464 920 2766 1647 2153 2463 1845 702 2158 2514 3939 1441 3059 1948 2817 1635 3343 1543 1584 1379 2520 2253 3855 1504 3880 1727 2144 1706 3552 2550 2032 1413 3557 3031
1569 800 782 3553 2863 3342 1742 3711 2326 5500 2098 1795 3691 3147 3698 678 2494 2430 3207 129 1883 1603 2912 5421 5421 2986 3500 5210 3719 1701 3305 3884 299 1857 3233 2615 2445 2715 5594 3181 4539 3406 3343 3477 5297 2479 0 2290 2622 3907 2666 3729 3322 2036 383 3506 1889 3562 3703 2561 4017 131 5797 3300 3595 614 3354 3494 5202 3402 2700 2496 137 3370 5713 3362 5739 868 1880 2822 5410 2855 3891 1150 5415 1258
763 2994 2976 2616 1558 1084 3468 1453 1218 3242 3681 3379 1433 889 1440 1771 236 1124 949 2323 3309 3602 653 3162 3163 2274 1242 2951 1460 3492 2369 1626 2494 3331 975 3926 187 457 3336 923 2281 1147 1085 1219 3039 432 2290 0 364 1649 1360 1471 1064 731 2577 1248 1964 2064 1445 303 1759 2325 3539 1042 2659 1759 2417 1236 2944 1144 1395 1190 2332 2064 3455 1104 3481 1538 1955 1517 3152 2361 1632 1224 3157 2842
1095 3326 3308 2818 1890 1285 3800 1655 1550 3444 4013 3710 1634 1090 1642 2102 437 1456 1150 2655 3641 3934 855 3364 3364 2605 1443 3153 1662 3823 2571 1828 2825 3662 1177 4258 389 659 3538 1124 2483 1349 1287 1421 3241 764 2622 364 0 1850 1692 1673 1266 1063 2909 1449 2295 2265 1647 585 1960 2657 3741 1243 2861 2091 2619 1437 3145 1345 1727 1522 2663 2396 3657 1306 3682 1870 2287 1849 3354 2693 1834 1556 3359 3173
2380 3386 3439 1193 1705 1049 2463 1083 2834 1628 5298 4995 1062 805 987 3387 1613 2140 1093 3940 2304 2597 1032 1548 1549 1644 936 1337 541 2486 946 56 3922 2325 1120 2921 1489 1228 1722 757 667 563 592 493 1425 2048 3907 1649 1850 0 1958 198 620 2347 4108 438 3580 641 239 1817 1306 3941 1925 643 1236 3376 994 909 1330 531 1908 2102 3948 2008 1841 573 1867 3155 3571 1761 1538 1513 50 2841 1543 4458
1139 3107 3160 1932 274 1908 2184 1171 1593 3551 4057 3754 1150 1485 2057 2146 1564 259 1773 2699 2025 2318 1712 3472 3472 990 2006 3261 1770 2208 1684 1935 2869 2047 1800 2642 1515 1785 3646 1437 2590 1457 1394 1529 3348 1549 2666 1360 1692 1958 0 1780 1373 682 2953 1557 2339 1941 1754 1631 2375 2700 3848 1351 1974 2135 1733 1979 3253 1453 111 220 2707 780 3765 1413 3790 1914 2330 233 3461 1077 1942 1600 3466 3217
2202 3358 3411 1165 1527 871 2435 905 2657 1791 5120 4817 884 627 810 3210 1435 1963 916 3762 2276 2569 855 1711 1712 1616 759 1500 364 2458 918 175 3894 2297 942 2893 1312 1051 1885 579 830 385 415 316 1588 1871 3729 1471 1673 198 1780 0 442 2170 4016 260 3403 613 61 1639 1128 3764 2088 466 1208 3198 966 732 1493 353 1731 1924 3771 1830 2004 396 2030 2977 3394 1584 1701 1485 181 2663 1706 4281
1795 3749 3803 1588 1120 644 2827 498 2250 2213 4713 4411 478 220 719 2803 1028 1556 509 3355 2668 2961 448 2134 2134 1632 668 1923 432 2850 1340 597 3526 2689 535 3284 905 644 2307 173 1252 118 56 190 2010 1464 3322 1064 1266 620 1373 442 0 1763 3609 219 2996 1035 416 1232 1037 3357 2510 59 1630 2791 1388 641 1915 115 1324 1517 3364 1423 2426 75 2452 2570 2987 1177 2123 1720 604 2256 2128 3874
509 2741 2723 2538 880 1783 2790 1777 964 3941 3428 3125 1756 1588 2139 1517 934 446 1648 2069 2631 2924 1352 3861 3862 1595 1940 3650 2159 2813 2290 2325 2240 2652 1674 3248 886 1156 4035 1622 2980 1846 1784 1918 3738 920 2036 731 1063 2347 682 2170 1763 0 2324 1947 1710 2547 2144 1002 2458 2071 4238 1741 2580 1505 2338 1935 3643 1842 717 512 2078 1386 4154 1803 4180 1285 1701 839 3851 1683 2331 970 3856 2588
1856 755 737 3507 3151 3629 1697 3999 2613 5610 2385 2082 3978 3434 3986 965 2781 2717 3494 312 1838 1558 3199 5531 5531 2940 3787 5320 4006 1656 3260 4130 254 1812 3521 2570 2732 3002 5704 3468 4700 3693 3630 3765 5407 2766 383 2577 2909 4108 2953 4016 3609 2324 0 3793 2176 3517 3991 2848 4304 314 5907 3587 3550 901 3308 3781 5312 3689 2988 2783 295 3630 5823 3649 5849 1155 2168 3110 5520 2809 4124 1437 5525 1545
1979 3598 3651 1405 1304 648 2675 682 2433 2031 4897 4594 661 404 587 2986 1212 1740 693 3539 2516 2809 631 1951 1952 1816 535 1740 249 2698 1158 415 3709 2537 719 3133 1088 827 2125 356 1070 162 192 92 1828 1647 3506 1248 1449 438 1557 260 219 1947 3793 0 3179 853 234 1416 905 3540 2328 242 1448 2975 1206 509 1733 130 1507 1701 3547 1607 2244 172 2270 2754 3170 1360 1941 1725 422 2440 1946 4057
1242 2593 2575 4195 2537 3015 3535 3385 1999 5173 3280 2977 3364 2820 3372 1370 2167 2103 2880 1922 3676 3396 2585 5094 5094 3253 3173 4883 3392 3494 3947 3557 2092 3650 2907 4408 2118 2389 5268 2854 4213 3079 3016 3151 4970 2153 1889 1964 2295 3580 2339 3403 2996 1710 2176 3179 0 3995 3377 2234 3690 1924 5471 2973 4237 1358 3995 3167 4875 3075 2374 2169 1930 3043 5387 3036 5412 1137 109 2496 5084 3340 3564 792 5089 2441
2795 2794 2848 602 1688 1464 1871 1498 3249 2161 5564 5261 1477 1220 1403 3802 2028 2124 1508 3491 1713 2005 1447 2082 2082 1052 1351 1871 956 1895 354 663 3330 1734 1535 2329 1904 1643 2256 1172 1232 978 1007 908 1958 2463 3562 2064 2265 641 1941 613 1035 2547 3517 853 3995 0 654 2232 1721 3493 2458 1058 644 3791 403 1325 1863 946 1891 2085 3473 1742 2375 988 2400 3570 3986 1744 2071 921 656 3256 2076 4724
2176 3399 3453 1207 1501 845 2476 879 2631 1832 5095 4792 859 601 784 3184 1409 1937 890 3736 2318 2610 829 1753 1753 1657 733 1542 338 2500 959 216 3907 2339 916 2934 1286 1025 1927 554 871 359 389 290 1629 1845 3703 1445 1647 239 1754 61 416 2144 3991 234 3377 654 0 1613 1102 3738 2129 440 1249 3172 1008 706 1534 327 1705 1898 3745 1804 2046 370 2071 2952 3368 1558 1742 1526 223 2637 1748 4255
1034 3265 3247 2785 1829 1252 3739 1621 1489 3410 3952 3649 1601 1057 1608 2041 404 1395 1117 2594 3580 3873 821 3330 3331 2544 1410 3120 1628 3762 2537 1794 2764 3601 1143 4196 355 625 3504 1091 2449 1315 1253 1387 3207 702 2561 303 585 1817 1631 1639 1232 1002 2848 1416 2234 2232 1613 0 1927 2595 3707 1210 2827 2030 2585 1404 3112 1312 1665 1461 2602 2335 3623 1272 3649 1809 2225 1787 3320 2632 1801 1495 3325 3112
2490 4466 4520 2274 2122 696 3543 1500 2945 2899 5408 5105 1479 1144 357 3497 1723 2558 836 4050 3385 3677 1142 2820 2820 2634 583 2609 1118 3567 2026 1283 4220 3406 804 4001 1599 1338 2994 1174 1938 980 1010 911 2696 2158 4017 1759 1960 1306 2375 1128 1037 2458 4304 905 3690 1721 1102 1927 0 4051 3196 1061 2316 3486 2075 557 2601 948 2326 2519 4058 2425 3113 991 3138 3265 3681 2178 2809 2593 1290 2951 2815 4568
1603 731 713 3483 2898 3376 1673 3746 2360 5535 2132 1829 3725 3181 3733 712 2528 2464 3241 29 1814 1534 2946 5455 5455 2916 3534 5244 3753 1632 3236 3919 230 1787 3268 2546 2480 2750 5629 3215 4574 3440 3378 3512 5332 2514 131 2325 2657 3941 2700 3764 3357 2071 314 3540 1924 3493 3738 2595 4051 0 5832 3334 3526 648 3284 3528 5236 3436 2735 2530 68 3404 5748 3397 5773 902 1915 2857 5445 2785 3925 1184 5450 1293
4288 5210 5264 3032 3613 2957 4288 2991 4743 1318 7206 6903 2971 2713 2896 5296 3521 4049 3002 5848 4129 4422 2941 490 490 3482 2845 1028 2450 4311 2784 1965 5746 4150 3028 4741 3398 3137 226 2666 1898 2471 2501 2402 549 3957 5815 3557 3759 1943 3866 2106 2528 4256 5933 2346 5489 2479 2147 3725 3214 5850 0 2552 3074 5284 2832 2818 1020 2439 3817 4010 5857 3916 110 2482 575 5063 5480 3670 480 3351 1959 4749 428 6367
1773 3727 3781 1611 1098 622 2804 476 2228 2237 4691 4388 455 198 742 2780 1006 1534 487 3333 2646 2938 426 2157 2157 1610 691 1946 455 2828 1364 621 3503 2667 513 3262 883 621 2331 150 1276 142 80 214 2034 1441 3300 1042 1243 643 1351 466 59 1741 3587 242 2973 1058 440 1210 1061 3334 2534 0 1654 2769 1412 664 1938 138 1302 1495 3341 1401 2450 99 2475 2548 2965 1154 2147 1697 627 2234 2152 3851
3037 2827 2881 112 1721 2059 1905 2093 3491 2757 5597 5294 2072 1815 1998 4044 2623 2157 2104 3524 1746 2038 2043 2677 2677 1085 1947 2466 1552 1928 345 1258 3363 1767 2130 2362 2500 2239 2851 1767 1828 1573 1603 1504 2554 3059 3595 2659 2861 1236 1974 1208 1630 2580 3550 1448 4237 644 1249 2827 2316 3526 3054 1654 0 4033 305 1920 2458 1541 1925 2118 3506 1775 2970 1584 2995 3812 4228 1777 2667 954 1252 3498 2672 4757
1038 1318 1300 3990 2332 2811 2260 3180 1795 4969 2005 1702 3160 2616 3167 147 1963 1899 2676 647 2401 2121 2380 4890 4890 3048 2969 4679 3188 2219 3743 3353 817 2375 2702 3133 1914 2184 5063 2650 4008 2874 2812 2946 4766 1948 614 1759 2091 3376 2135 3198 2791 1505 901 2975 1358 3791 3172 2030 3486 648 5266 2769 4033 0 3791 2963 4671 2871 2169 1965 655 2839 5182 2831 5208 337 1349 2291 4879 3136 3360 619 4884 1165
2795 2585 2639 263 1480 1817 1663 1851 3250 2515 5355 5052 1831 1573 1756 3803 2381 1915 1862 3282 1504 1797 1801 2435 2436 843 1705 2225 1310 1686 104 1016 3121 1525 1889 2121 2258 1997 2609 1526 1586 1332 1361 1262 2312 2817 3354 2417 2619 994 1733 966 1388 2338 3308 1206 3995 403 1008 2585 2075 3284 2812 1412 305 3791 0 1678 2217 1299 1683 1876 3265 1534 2728 1342 2754 3570 3987 1536 2425 713 1010 3256 2430 4515
1967 4069 4123 1877 1726 173 3147 1104 2422 2503 4885 4582 1083 621 238 2974 1200 2161 313 3527 2988 3281 620 2423 2424 2238 127 2212 721 3170 1630 887 3697 3009 281 3605 1077 815 2597 655 1542 584 613 514 2300 1635 3494 1236 1437 909 1979 732 641 1935 3781 509 3167 1325 706 1404 557 3528 2800 664 1920 2963 1678 0 2205 552 1929 2123 3535 2029 2716 594 2742 2742 3159 1782 2413 2197 893 2428 2418 4045
3672 4594 4648 2415 2997 2341 3672 2375 4127 702 6590 6287 2354 2097 2280 4679 2905 3433 2386 5232 3513 3805 2325 594 594 2865 2229 121 1834 3695 2168 1349 5130 3534 2412 4125 2782 2521 768 2049 1282 1855 1885 1785 470 3341 5199 2941 3143 1327 3250 1490 1912 3640 5317 1730 4872 1862 1531 3109 2598 5234 970 1936 2458 4668 2216 2202 0 1823 3201 3394 5240 3300 887 1866 912 4447 4864 3053 583 2734 1343 4133 588 5750
1875 3691 3744 1498 1200 691 2768 578 2329 2124 4793 4490 557 300 630 2882 1108 1635 588 3435 2609 2902 527 2044 2045 1712 578 1833 342 2791 1251 508 3605 2630 615 3226 984 723 2218 252 1163 58 87 130 1921 1543 3402 1144 1345 531 1453 353 115 1842 3689 130 3075 946 327 1312 948 3436 2421 138 1541 2871 1299 552 1826 0 1403 1597 3443 1503 2337 68 2363 2650 3066 1256 2034 1799 515 2336 2039 3953
1173 3057 3111 1882 224 1859 2135 1121 1628 3502 4091 3789 1101 1435 2007 2181 1598 293 1724 2733 1976 2268 1663 3422 3422 940 1956 3211 1720 2158 1635 1886 2904 1997 1750 2592 1550 1820 3596 1387 2541 1407 1345 1479 3299 1584 2700 1395 1727 1908 111 1731 1324 717 2988 1507 2374 1891 1705 1665 2326 2735 3799 1302 1925 2169 1683 1929 3203 1403 0 255 2742 731 3715 1364 3740 1948 2365 183 3412 1028 1892 1634 3417 3252
969 3200 3182 2076 418 2052 2328 1315 1423 3695 3887 3584 1294 1628 2201 1976 1394 98 1917 2529 2169 2462 1812 3615 3616 1133 2149 3405 1913 2351 1828 2079 2699 2190 1944 2786 1345 1615 3789 1581 2734 1600 1538 1672 3492 1379 2496 1190 1522 2102 220 1924 1517 512 2783 1701 2169 2085 1898 1461 2519 2530 3992 1495 2118 1965 1876 2123 3397 1597 255 0 2537 924 3908 1557 3934 1744 2160 377 3605 1221 2086 1430 3610 3047
1610 712 694 3464 2905 3383 1653 3753 2367 5541 2139 1836 3732 3188 3740 719 2535 2471 3248 66 1794 1514 2953 5462 5462 2897 3541 5251 3760 1613 3216 3925 211 1768 3275 2526 2486 2757 5636 3222 4581 3447 3384 3519 5338 2520 137 2332 2663 3948 2707 3771 3364 2078 295 3547 1930 3473 3745 2602 4058 68 5839 3341 3506 655 3265 3535 5243 3443 2742 2537 0 3411 5755 3404 5780 909 1922 2864 5451 2766 3932 1191 5457 1299
1843 2908 2961 1733 527 1958 1985 1220 2298 3601 4761 4458 1200 1534 2107 2850 2268 963 1823 3403 1826 2119 1762 3521 3522 791 2055 3310 1819 2009 1485 1985 3444 1848 1850 2443 2219 1958 3695 1487 2640 1506 1444 1578 3398 2253 3370 2064 2396 2008 780 1830 1423 1386 3630 1607 3043 1742 1804 2335 2425 3404 3898 1401 1775 2839 1534 2029 3303 1503 731 924 3411 0 3814 1463 3840 2618 3035 584 3511 878 1991 2304 3516 3921
4204 5127 5180 2948 3530 2873 4204 2907 4659 1234 7123 6820 2887 2629 2812 5212 3437 3965 2918 5764 4045 4338 2857 574 574 3398 2761 944 2366 4227 2700 1881 5663 4066 2945 4657 3314 3053 309 2582 1814 2387 2417 2318 527 3873 5731 3473 3675 1859 3783 2022 2444 4172 5849 2262 5405 2395 2064 3641 3131 5766 110 2468 2990 5200 2749 2734 936 2355 3733 3926 5773 3832 0 2398 491 4980 5396 3586 563 3267 1875 4665 511 6283
1835 3733 3787 1541 1160 684 2811 538 2290 2167 4753 4451 518 260 672 2843 1068 1596 549 3395 2652 2945 488 2087 2087 1672 621 1876 385 2834 1294 551 3566 2673 575 3268 945 684 2261 213 1206 72 89 144 1964 1504 3362 1104 1306 573 1413 396 75 1803 3649 172 3036 988 370 1272 991 3397 2464 99 1584 2831 1342 594 1868 68 1364 1557 3404 1463 2380 0 2405 2610 3027 1217 2077 1760 557 2296 2082 3914
4230 5152 5206 2973 3555 2899 4229 2933 4685 1260 7148 6845 2912 2655 2838 5237 3463 3991 2944 5790 4071 4363 2883 692 692 3423 2786 969 2391 4253 2726 1907 5688 4092 2970 4683 3340 3078 774 2607 1840 2413 2443 2343 552 3898 5757 3499 3700 1885 3808 2048 2470 4198 5875 2288 5430 2420 2089 3667 3156 5791 575 2493 3016 5226 2774 2760 962 2381 3758 3952 5798 3858 491 2423 0 5005 5422 3611 681 3292 1900 4691 686 6308
817 1572 1554 3769 2112 2590 2514 2960 1574 4748 2259 1956 2939 2395 2947 348 1742 1678 2455 900 2655 2374 2160 4669 4669 2827 2748 4458 2967 2473 3522 3132 1071 2628 2482 3387 1693 1963 4843 2429 3788 2654 2591 2726 4545 1727 868 1538 1870 3155 1914 2977 2570 1285 1155 2754 1137 3570 2952 1809 3265 902 5046 2548 3812 337 3570 2742 4450 2650 1948 1744 909 2618 4962 2610 4987 0 1129 2071 4658 2915 3139 398 4664 1419
1233 2585 2567 4186 2528 3007 3526 3376 1990 5165 3272 2969 3355 2812 3363 1361 2158 2094 2872 1913 3667 3387 2576 5085 5086 3244 3164 4874 3383 3486 3938 3549 2084 3641 2898 4399 2110 2380 5259 2845 4204 3070 3008 3142 4962 2144 1880 1955 2287 3571 2330 3394 2987 1701 2168 3170 109 3986 3368 2225 3681 1915 5462 2965 4228 1349 3987 3159 4866 3066 2365 2160 1922 3035 5378 3027 5404 1129 0 2487 5075 3331 3555 784 5080 2432
1295 2910 2964 1735 77 1712 1987 974 1750 3354 4214 3911 953 1288 1860 2303 1720 415 1577 2855 1829 2121 1516 3275 3275 793 1809 3064 1573 2011 1487 1738 3026 1850 1603 2445 1672 1711 3449 1240 2394 1260 1197 1332 3151 1706 2822 1517 1849 1761 233 1584 1177 839 3110 1360 2496 1744 1558 1787 2178 2857 3652 1154 1777 2291 1536 1782 3056 1256 183 377 2864 584 3568 1217 3593 2071 2487 0 3264 880 1745 1756 3270 3374
3901 4823 4877 2644 3226 2570 3900 2604 4356 931 6819 6516 2583 2326 2509 4908 3134 3662 2615 5461 3742 4034 2554 71 48 3094 2457 640 2063 3924 2397 1578 5359 3763 2641 4354 3011 2749 272 2278 1511 2084 2114 2014 157 3569 5428 3170 3371 1556 3479 1719 2141 3869 5546 1959 5101 2091 1760 3338 2827 5462 480 2164 2687 4897 2445 2431 633 2052 3429 3623 5469 3529 563 2094 681 4676 5093 3282 0 2963 1571 4362 93 5979
2140 2087 2140 912 824 2255 1164 1517 2594 3033 4856 4553 1497 1831 2275 3147 2565 1260 2120 2784 1005 1298 2059 2954 2954 188 2223 2743 1828 1188 664 1535 2623 1027 2146 1622 2516 2255 3128 1783 2104 1803 1741 1780 2830 2550 2855 2361 2693 1513 1077 1485 1720 1683 2809 1725 3340 921 1526 2632 2593 2785 3330 1697 954 3136 713 2197 2735 1799 1028 1221 2766 878 3247 1760 3272 2915 3331 880 2943 0 1528 2601 2949 4017
2364 3401 3455 1209 1689 1033 2479 1067 2818 1644 5282 4979 1046 789 971 3371 1597 2124 1077 3924 2320 2613 1016 1564 1564 1659 920 1353 525 2502 962 44 3937 2341 1104 2936 1473 1212 1738 741 683 547 576 477 1441 2032 3891 1632 1834 50 1942 181 604 2331 4124 422 3564 656 223 1801 1290 3925 1941 627 1252 3360 1010 893 1345 515 1892 2086 3932 1991 1857 557 1883 3139 3555 1745 1554 1528 0 2825 1559 4442
503 1854 1836 3455 1797 2276 2796 2645 1260 4434 2541 2238 2625 2081 2632 630 1428 1364 2141 1183 2937 2657 1845 4355 4355 2513 2434 4144 2652 2755 3208 2818 1353 2910 2167 3669 1379 1649 4528 2115 3473 2339 2277 2411 4231 1413 1150 1224 1556 2841 1600 2663 2256 970 1437 2440 792 3256 2637 1495 2951 1184 4731 2234 3498 619 3256 2428 4136 2336 1634 1430 1191 2304 4647 2296 4673 398 784 1756 4344 2601 2825 0 4349 1701
3906 4828 4882 2649 3231 2575 3906 2609 4361 936 6824 6521 2588 2331 2514 4913 3139 3667 2620 5466 3747 4039 2559 103 104 3099 2463 646 2068 3929 2402 1583 5364 3768 2646 4359 3016 2755 220 2283 1516 2089 2119 2020 162 3575 5433 3175 3377 1561 3484 1724 2146 3874 5551 1964 5106 2096 1765 3343 2832 5468 428 2170 2692 4902 2450 2436 638 2057 3435 3628 5474 3534 511 2100 686 4681 5098 3287 93 2968 1577 4367 0 5984
2120 1962 1944 4715 3415 3893 2904 4263 2877 6051 1210 907 4242 3698 4250 1229 3045 2981 3758 1291 3045 2765 3463 5972 5972 4131 4051 5761 4270 2863 4467 4435 1461 3019 3785 2565 2997 3267 6146 3732 5091 3957 3894 4029 5848 3031 1258 2842 3173 4458 3217 4281 3874 2588 1545 4057 2441 4724 4255 3112 4568 1293 6349 3851 4757 1165 4515 4045 5753 3953 3252 3047 1299 3921 6265 3914 6290 1419 2432 3374 5962 4017 4442 1701 5967 0
EOF