NAME : tsp_problem
TYPE : TSP
DIMENSION : 70
EDGE_WEIGHT_TYPE : EXPLICIT
EDGE_WEIGHT_FORMAT : FULL_MATRIX
EDGE_WEIGHT_SECTION
0 2694 3078 3340 2582 2025 3040 862 658 2339 1644 1800 833 2093 4812 3219 2995 2422 799 256 3642 3155 1067 570 1446 1623 467 4461 2019 1092 1088 732 3191 3069 1034 4505 2081 1548 1099 602 3146 1084 130 1713 2560 2375 1829 3702 684 1492 1423 3258 2418 3378 278 3525 828 230 2571 743 2549 1637 1739 2075 1277 872 1902 461 1494 1612
2712 0 4313 5627 405 4691 5706 1885 2089 5005 2788 3423 3499 4759 6043 4454 4229 5088 1970 2496 6308 4390 3135 2786 3713 3889 2520 7127 4685 3759 3156 2609 5784 5735 3700 5735 4747 3814 2196 2162 5812 2182 2689 4258 5226 692 2973 5466 2048 3758 2567 4386 734 5875 2944 4760 1922 2896 5237 3409 774 3762 4349 4741 1623 3538 4568 2288 1840 3879
3078 4287 0 1357 4176 2703 3969 2547 2560 2421 2075 1379 3552 2772 2368 183 135 2293 2578 2889 2811 119 3606 3257 2173 2349 2991 3630 3785 3315 3627 3080 1514 1628 3884 2060 3304 2274 2678 2633 1601 2663 3056 2718 2167 3969 1946 1195 2519 2218 1854 814 4011 1604 3310 489 2584 3263 2231 3702 4143 1718 2809 2593 2921 3511 2832 2759 3138 2338
3340 5602 1357 0 5490 1399 2665 3861 3874 1116 3389 2693 2539 1467 2686 1208 1450 989 3892 3550 1507 1310 4245 3749 2957 2887 3761 2326 2574 2302 4266 3918 209 323 2871 2985 2000 2900 3993 3896 296 3978 3371 2467 863 5283 3260 415 3833 2949 3168 2128 5326 300 3456 909 3898 3167 926 2689 5457 3032 2493 1288 4236 2499 1527 3755 4453 3001
2600 405 4202 5516 0 4580 5595 1773 1978 4894 2676 3312 3387 4648 5932 4343 4118 4977 1858 2385 6197 4279 3024 2675 3602 3778 2409 7016 4573 3647 3045 2498 5673 5624 3589 5624 4636 3703 2085 2051 5701 2070 2578 4147 5115 580 2862 5354 1936 3647 2456 4275 553 5763 2832 4649 1810 2785 5126 3298 394 3651 4238 4630 1512 3426 4457 2176 1729 3767
2025 4673 2703 1399 4562 0 1350 2841 2637 398 3584 2513 1224 134 2880 2555 2796 481 2778 2235 1701 2656 2930 2434 1642 1572 2447 2520 1260 987 2951 2603 1250 1128 1556 3180 685 1585 3078 2581 1205 3064 2056 1152 619 4355 3455 1761 2663 1634 3363 3474 4397 1437 2141 2255 2807 1852 630 1374 4528 2350 1178 134 3256 1184 213 2440 3473 1687
3040 5688 3969 2665 5577 1350 0 3856 3652 1664 4599 3528 2239 1419 4146 3821 4062 1747 3793 3250 2968 3922 3945 3449 2657 2587 3462 3787 2275 2002 3966 3618 2516 2395 2571 4446 1700 2600 4093 3596 2471 4079 3071 2167 1885 5370 4470 3027 3678 2649 4378 4740 5412 2703 3156 3522 3822 2867 1897 2389 5543 3365 2193 1400 4271 2199 1181 3455 4488 2702
862 1867 2547 3861 1756 2841 3856 0 239 3155 1008 1644 1649 2909 4281 2688 2463 3238 119 646 4458 2623 1285 936 1863 2039 670 5277 2834 1908 1306 759 4007 3885 1850 3973 2897 1964 463 312 3962 449 839 2408 3376 1548 1193 3699 198 1908 787 2693 1591 4108 1093 2994 72 1046 3387 1559 1722 1983 2499 2891 450 1688 2718 438 667 2028
658 2071 2560 3874 1960 2637 3652 239 0 2952 1021 1657 1445 2706 4294 2701 2476 3034 176 443 4255 2637 1082 733 1659 1836 466 5074 2631 1705 1102 556 3804 3682 1647 3986 2694 1761 477 109 3758 462 635 2205 3172 1753 1207 3713 61 1705 801 2706 1795 3991 890 3007 206 843 3184 1355 1927 1850 2295 2687 654 1484 2515 234 871 1825
2339 4987 2421 1116 4876 398 1664 3155 2952 0 3898 2827 1538 467 2598 2272 2514 199 3092 2549 1419 2374 3244 2748 1956 1886 2761 2238 1574 1302 3265 2917 968 846 1870 2898 999 1899 3393 2896 923 3378 2370 1466 337 4669 3769 1479 2977 1948 3678 3192 4711 1155 2455 1973 3122 2167 348 1688 4843 2664 1492 288 3571 1498 527 2754 3788 2001
1644 2767 2075 3389 2656 3584 4599 1008 1021 3898 0 1171 2431 3653 3809 2215 1991 3981 1039 1429 4843 2151 2068 1719 1965 2142 1452 5663 3578 2691 2088 1541 3546 3660 2633 3501 3641 2067 1158 1095 3633 1144 1621 2511 4119 2449 721 3227 980 2011 277 2254 2492 3636 1876 2522 1045 1828 4131 2341 2623 1510 2602 3634 1382 2470 3462 1220 1599 2131
1800 3403 1379 2693 3292 2513 3528 1644 1657 2827 1171 0 2274 2582 3113 1520 1295 2910 1675 1611 4131 1455 2614 2265 894 1071 1823 4950 2507 2037 2634 2087 2850 2964 2605 2805 2570 996 1794 1730 2937 1779 1777 1440 3048 3085 1043 2531 1616 940 951 1558 3127 2940 2032 1826 1681 1985 3060 2423 3259 440 1531 2563 2018 2233 2391 1816 2235 1060
833 3481 3552 2539 3369 1224 2239 1649 1445 1538 2431 2274 0 1293 4021 3693 3468 1621 1586 1043 2842 3629 1738 1242 1403 1333 1254 3661 1218 292 1759 1411 2391 2269 364 4320 1281 1346 1886 1389 2345 1871 864 913 1759 3162 2616 2901 1471 1395 2210 3731 3205 2577 949 3396 1615 660 1771 182 3336 2110 938 1274 2064 71 1102 1248 2281 1447
2093 4741 2772 1467 4630 134 1419 2909 2706 467 3653 2582 1293 0 2949 2623 2864 549 2847 2303 1770 2724 2999 2502 1710 1641 2515 2589 1328 1056 3019 2672 1319 1197 1624 3248 753 1654 3147 2650 1273 3132 2124 1221 687 4423 3524 1829 2732 1703 3432 3543 4466 1506 2209 2324 2876 1921 699 1442 4597 2418 1246 202 3325 1252 281 2508 3542 1755
4812 6019 2368 2686 5908 2880 4146 4281 4294 2598 3809 3113 4021 2949 0 2509 2284 2470 4312 4623 1240 2445 5340 4991 3907 4083 4725 2368 4056 3784 5361 4814 2537 2415 4352 356 3481 4008 4410 4367 2492 4396 4790 3949 2344 5701 3680 3048 4253 3952 3588 2227 5744 2724 4937 2815 4318 4649 2408 4170 5875 3452 3974 2770 4655 3980 3009 4493 4872 4072
3219 4428 183 1208 4317 2555 3821 2688 2701 2272 2215 1520 3693 2623 2509 0 276 2145 2718 3030 2663 136 3747 3398 2313 2490 3132 3482 3730 3456 3768 3221 1365 1479 4024 2201 3156 2415 2819 2774 1452 2804 3196 2859 2019 4110 2087 1046 2659 2359 1995 954 4152 1456 3451 341 2724 3404 2082 3842 4284 1859 2950 2444 3062 3652 2683 2899 3279 2479
2995 4204 135 1450 4092 2796 4062 2463 2476 2514 1991 1295 3468 2864 2284 276 0 2386 2494 2806 2904 212 3523 3174 2089 2266 2907 3723 3701 3231 3543 2996 1606 1721 3800 1977 3397 2191 2595 2550 1693 2580 2972 2635 2260 3885 1862 1288 2435 2135 1770 730 3928 1697 3227 582 2500 3179 2324 3618 4059 1634 2725 2686 2838 3428 2925 2675 3055 2255
2422 5070 2293 989 4959 481 1747 3238 3034 199 3981 2910 1621 549 2470 2145 2386 0 3175 2632 1291 2246 3327 2831 2039 1969 2844 2111 1657 1384 3348 3000 840 718 1953 2770 1082 1982 3475 2978 795 3461 2453 1549 209 4752 3852 1351 3060 2031 3760 3064 4794 1027 2538 1846 3204 2250 220 1771 4925 2747 1575 371 3653 1581 610 2837 3870 2084
799 1952 2578 3892 1840 2778 3793 119 176 3092 1039 1675 1586 2847 4312 2718 2494 3175 0 584 4396 2654 1223 874 1800 1977 607 5215 2772 1846 1243 697 3944 3823 1788 4004 2835 1902 494 250 3899 479 776 2346 3313 1633 1224 3730 135 1846 818 2724 1676 4131 1031 3025 86 983 3325 1496 1807 1991 2436 2828 535 1625 2656 375 752 1966
256 2478 2889 3550 2367 2235 3250 646 443 2549 1429 1611 1043 2303 4623 3030 2806 2632 584 0 3852 2966 1043 694 1257 1433 252 4672 2229 1303 1064 517 3401 3279 1245 4315 2291 1359 884 387 3356 869 233 1803 2770 2160 1614 3912 469 1303 1208 3069 2203 3588 488 3336 613 440 2781 953 2334 1448 1893 2285 1062 1082 2113 245 1279 1423
3642 6290 2811 1507 6179 1701 2968 4458 4255 1419 4843 4131 2842 1770 1240 2663 2904 1291 4396 3852 0 2764 4548 4051 3259 3190 4064 1189 2877 2605 4568 4220 1358 1237 3173 1540 2302 3203 4696 4199 1313 4681 3673 2770 1165 5972 4715 1869 4281 3252 4623 3410 6015 1545 3758 2364 4425 3470 1229 2991 6146 3967 2795 1591 4874 2801 1830 4057 5091 3304
3155 4364 119 1310 4253 2656 3922 2623 2637 2374 2151 1455 3629 2724 2445 136 212 2246 2654 2966 2764 0 3683 3334 2249 2426 3068 3583 3832 3392 3704 3157 1467 1581 3960 2137 3257 2351 2755 2710 1553 2740 3132 2795 2120 4046 2022 1148 2595 2295 1931 890 4088 1557 3387 442 2660 3340 2184 3778 4219 1794 2885 2546 2998 3588 2785 2835 3215 2415
1067 3117 3606 4245 3006 2930 3945 1285 1082 3244 2068 2614 1738 2999 5340 3747 3523 3327 1223 1043 4548 3683 0 563 2259 2436 1067 5367 2924 1998 306 585 4096 3975 1940 5033 2987 2361 1523 1026 4051 1508 1098 2619 3465 2799 2253 4607 1108 2305 1847 3753 2842 4283 815 4053 1252 1135 3477 1648 2973 2450 2644 2980 1701 1777 2808 884 1918 2425
570 2769 3257 3749 2657 2434 3449 936 733 2748 1719 2265 1242 2502 4991 3398 3174 2831 874 694 4051 3334 563 0 1911 2087 718 4870 2427 1501 583 236 3600 3478 1443 4684 2490 2012 1174 677 3555 1159 601 2122 2969 2450 1904 4111 759 1956 1498 3404 2493 3787 319 3704 903 639 2980 1152 2624 2101 2148 2484 1352 1281 2311 535 1569 2076
1446 3695 2173 2957 3584 1642 2657 1863 1659 1956 1965 894 1403 1710 3907 2313 2089 2039 1800 1257 3259 2249 2259 1911 0 200 1469 4079 1636 1166 2280 1733 2808 2686 1734 3599 1698 125 2100 1603 2763 2086 1423 569 2177 3377 1837 3319 1685 69 1745 2352 3419 2995 1678 2620 1829 1631 2188 1552 3550 731 659 1692 2278 1362 1520 1462 2495 189
1623 3871 2349 2887 3760 1572 2587 2039 1836 1886 2142 1071 1333 1641 4083 2490 2266 1969 1977 1433 3190 2426 2436 2087 200 0 1645 4009 1566 1096 2457 1910 2739 2617 1664 3775 1629 143 2277 1780 2693 2262 1600 499 2107 3553 2013 3249 1862 192 1921 2529 3596 2925 1855 2796 2006 1807 2119 1482 3727 908 590 1622 2455 1292 1450 1638 2672 244
467 2502 2991 3761 2391 2447 3462 670 466 2761 1452 1823 1254 2515 4725 3132 2907 2844 607 252 4064 3068 1067 718 1469 1645 0 4883 2440 1514 1087 540 3613 3491 1456 4417 2503 1570 908 411 3568 893 445 2014 2982 2184 1638 4124 492 1514 1232 3137 2226 3800 699 3438 637 652 2993 1165 2358 1659 2105 2497 1085 1293 2324 269 1302 1634
4461 7109 3630 2326 6998 2520 3787 5277 5074 2238 5663 4950 3661 2589 2368 3482 3723 2111 5215 4672 1189 3583 5367 4870 4079 4009 4883 0 3696 3424 5387 5040 2177 2056 3993 2667 3121 4022 5515 5018 2132 5500 4492 3589 1984 6791 5534 2688 5100 4071 5442 4401 6834 2364 4577 3183 5244 4289 2048 3811 6965 4786 3614 2410 5693 3620 2649 4876 5910 4123
2019 4667 3785 2574 4555 1260 2275 2834 2631 1574 3578 2507 1218 1328 4056 3730 3701 1657 2772 2229 2877 3832 2924 2427 1636 1566 2440 3696 0 981 2945 2597 2426 2304 1550 4355 1316 1579 3072 2575 2381 3057 2049 1146 1795 4348 3449 2937 2657 1628 3357 3964 4391 2613 2135 3431 2801 1846 1806 1368 4522 2344 1172 1310 3250 1177 1137 2433 3467 1680
1092 3741 3315 2302 3629 987 2002 1908 1705 1302 2691 2037 292 1056 3784 3456 3231 1384 1846 1303 2605 3392 1998 1501 1166 1096 1514 3424 981 0 2018 1671 2154 2032 624 4083 1044 1109 2146 1649 2108 2131 1123 676 1522 3422 2876 2664 1731 1158 2470 3494 3465 2341 1209 3159 1875 920 1534 442 3596 1873 701 1037 2324 251 865 1507 2541 1210
1088 3138 3627 4266 3027 2951 3966 1306 1102 3265 2088 2634 1759 3019 5361 3768 3543 3348 1243 1064 4568 3704 306 583 2280 2457 1087 5387 2945 2018 0 605 4117 3995 1960 5053 3007 2382 1544 1047 4072 1529 1118 2639 3486 2820 2274 4628 1128 2326 1868 3773 2862 4304 836 4074 1273 1156 3497 1669 2994 2471 2665 3001 1721 1798 2828 905 1938 2446
732 2591 3080 3918 2480 2603 3618 759 556 2917 1541 2087 1411 2672 4814 3221 2996 3000 697 517 4220 3157 585 236 1733 1910 540 5040 2597 1671 605 0 3769 3648 1613 4506 2659 1835 997 500 3724 982 709 2279 3138 2273 1727 4233 581 1779 1321 3226 2315 3956 488 3527 726 808 3149 1321 2447 1924 2317 2653 1175 1450 2481 358 1392 1899
3191 5758 1514 209 5647 1250 2516 4007 3804 968 3546 2850 2391 1319 2537 1365 1606 840 3944 3401 1358 1467 4096 3600 2808 2739 3613 2177 2426 2154 4117 3769 0 175 2722 2837 1851 2751 4149 3748 148 4135 3222 2319 714 5440 3417 572 3829 2801 3325 2285 5483 248 3307 1066 3974 3019 778 2540 5614 3189 2344 1140 4392 2350 1379 3606 4609 2853
3069 5717 1628 323 5606 1128 2395 3885 3682 846 3660 2964 2269 1197 2415 1479 1721 718 3823 3279 1237 1581 3975 3478 2686 2617 3491 2056 2304 2032 3995 3648 175 0 2600 2715 1729 2630 4123 3626 130 4108 3100 2197 592 5399 3531 686 3708 2679 3439 2399 5442 362 3185 1180 3852 2897 656 2418 5573 3303 2222 1018 4301 2228 1257 3484 4518 2731
1034 3682 3884 2871 3571 1556 2571 1850 1647 1870 2633 2605 364 1624 4352 4024 3800 1953 1788 1245 3173 3960 1940 1443 1734 1664 1456 3993 1550 624 1960 1613 2722 2600 0 4652 1612 1677 2088 1591 2677 2073 1065 1245 2091 3364 2818 3233 1673 1727 2412 4063 3407 2909 1150 3728 1817 862 2102 383 3538 2442 1270 1606 2266 403 1433 1449 2483 1779
4505 5712 2060 2985 5600 3180 4446 3973 3986 2898 3501 2805 4320 3248 356 2201 1977 2770 4004 4315 1540 2137 5033 4684 3599 3775 4417 2667 4355 4083 5053 4506 2837 2715 4652 0 3781 3700 4103 4060 2792 4088 4482 4145 2644 5393 3372 3213 3945 3645 3280 1919 5436 3024 4737 2507 4010 4689 2708 4470 5567 3144 4235 3070 4347 4280 3309 4185 4564 3765
2081 4729 3304 2000 4618 685 1700 2897 2694 999 3641 2570 1281 753 3481 3156 3397 1082 2835 2291 2302 3257 2987 2490 1698 1629 2503 3121 1316 1044 3007 2659 1851 1729 1612 3781 0 1642 3135 2638 1806 3120 2112 1209 1220 4411 3512 2362 2720 1691 3420 4027 4454 2038 2197 2856 2864 1909 1231 1430 4585 2406 1234 735 3313 1240 562 2496 3530 1743
1548 3796 2274 2900 3685 1585 2600 1964 1761 1899 2067 996 1346 1654 4008 2415 2191 1982 1902 1359 3203 2351 2361 2012 125 143 1570 4022 1579 1109 2382 1835 2751 2630 1677 3700 1642 0 2202 1705 2706 2187 1525 512 2120 3478 1938 3262 1787 117 1846 2454 3521 2938 1780 2721 1931 1732 2132 1495 3652 833 603 1635 2380 1305 1463 1563 2597 183
1948 1641 3592 4906 1529 3927 4942 1121 1325 4241 2053 2689 2735 3996 5324 3733 3508 4324 1206 1733 5545 3669 2372 2023 2949 3126 1756 6364 3921 2995 2392 1845 5063 4972 2937 5017 3984 3051 0 1399 5048 1463 1925 3495 4462 1322 2239 4745 1284 2995 1833 3668 1365 5154 2180 4039 1158 2132 4474 2645 1496 3028 3585 3977 859 2774 3805 1524 1076 3115
602 2144 2633 3896 2033 2581 3596 312 109 2896 1095 1730 1389 2650 4367 2774 2550 2978 250 387 4199 2710 1026 677 1603 1780 411 5018 2575 1649 1047 500 3748 3626 1591 4060 2638 1705 550 0 3702 535 579 2149 3116 1826 1280 3786 135 1649 874 2780 1869 3935 834 3080 279 787 3128 1299 2000 1794 2239 2631 728 1428 2459 178 945 1769
3146 5794 1601 296 5683 1205 2471 3962 3758 923 3633 2937 2345 1273 2492 1452 1693 795 3899 3356 1313 1553 4051 3555 2763 2693 3568 2132 2381 2108 4072 3724 148 130 2677 2792 1806 2706 4199 3702 0 4185 3177 2273 669 5476 3504 658 3784 2755 3412 2372 5518 335 3262 1153 3928 2974 733 2495 5649 3276 2299 1095 4377 2305 1334 3561 4594 2808
1958 1651 3603 4917 1540 3938 4953 1131 1336 4252 2064 2699 2745 4006 5335 3743 3519 4335 1216 1743 5555 3679 2382 2033 2960 3136 1767 6374 3931 3005 2403 1856 5074 4982 2947 5027 3994 3061 30 1409 5059 0 1936 3505 4473 1333 2249 4755 1294 3005 1843 3679 1375 5164 2190 4050 1168 2143 4484 2656 1507 3038 3596 3988 870 2784 3815 1534 1087 3125
130 2671 3056 3371 2560 2056 3071 839 635 2370 1621 1777 864 2124 4790 3196 2972 2453 776 233 3673 3132 1098 601 1423 1600 445 4492 2049 1123 1118 709 3222 3100 1065 4482 2112 1525 1076 579 3177 1062 0 1744 2591 2352 1807 3733 661 1469 1400 3235 2395 3409 308 3503 805 261 2602 774 2526 1614 1770 2106 1254 903 1933 438 1471 1589
1713 4240 2718 2467 4129 1152 2167 2408 2205 1466 2511 1440 913 1221 3949 2859 2635 1549 2346 1803 2770 2795 2619 2122 569 499 2014 3589 1146 676 2639 2279 2319 2197 1245 4145 1209 512 2646 2149 2273 2631 1744 0 1687 3922 2382 2829 2231 561 2290 2898 3965 2505 1829 3165 2375 1541 1699 1062 4096 1277 170 1202 2824 872 1030 2007 3041 614
2560 5208 2167 863 5097 619 1885 3376 3172 337 4119 3048 1759 687 2344 2019 2260 209 3313 2770 1165 2120 3465 2969 2177 2107 2982 1984 1795 1522 3486 3138 714 592 2091 2644 1220 2120 3613 3116 669 3599 2591 1687 0 4890 3990 1225 3198 2169 3898 2938 4932 901 2676 1719 3342 2387 147 1909 5063 2885 1713 509 3791 1719 748 2975 4008 2222
2393 692 3994 5309 580 4372 5387 1566 1770 4686 2469 3105 3180 4441 5724 4135 3911 4769 1651 2178 5990 4071 2817 2468 3394 3571 2201 6809 4366 3440 2837 2291 5466 5417 3382 5417 4429 3496 1878 1844 5493 1863 2370 3940 4907 0 2655 5147 1729 3440 2248 4068 151 5556 2625 4441 1603 2577 4919 3090 282 3444 4030 4422 1304 3219 4250 1969 1521 3560
1829 2953 1946 3260 2842 3455 4470 1193 1207 3769 721 1043 2616 3524 3680 2087 1862 3852 1224 1614 4715 2022 2253 1904 1837 2013 1638 5534 3449 2876 2274 1727 3417 3531 2818 3372 3512 1938 1344 1280 3504 1329 1807 2382 3990 2635 0 3098 1165 1882 501 2125 2677 3507 2061 2393 1230 2014 4002 2527 2808 1382 2473 3505 1568 2655 3333 1405 1785 2002
3702 5440 1195 415 5328 1761 3027 3699 3713 1479 3227 2531 2901 1829 3048 1046 1288 1351 3730 3912 1869 1148 4607 4111 3319 3249 4124 2688 2937 2664 4628 4233 572 686 3233 3213 2362 3262 3831 3786 658 3816 3733 2829 1225 5121 3098 0 3671 3311 3006 1966 5164 662 3818 747 3736 3530 1289 3051 5295 2870 2855 1651 4074 2861 1890 3911 4291 3364
684 2030 2519 3833 1918 2663 3678 198 61 2977 980 1616 1471 2732 4253 2659 2435 3060 135 469 4281 2595 1108 759 1685 1862 492 5100 2657 1731 1128 581 3829 3708 1673 3945 2720 1787 435 135 3784 420 661 2231 3198 1711 1165 3671 0 1731 759 2665 1754 4016 916 2966 164 868 3210 1381 1885 1876 2321 2713 613 1510 2541 260 830 1851
1492 3740 2218 2949 3629 1634 2649 1908 1705 1948 2011 940 1395 1703 3952 2359 2135 2031 1846 1303 3252 2295 2305 1956 69 192 1514 4071 1628 1158 2326 1779 2801 2679 1727 3645 1691 117 2146 1649 2755 2131 1469 561 2169 3422 1882 3311 1731 0 1790 2398 3465 2988 1724 2665 1875 1676 2181 1545 3596 777 652 1684 2324 1354 1512 1507 2541 181
1423 2547 1854 3168 2435 3363 4378 787 801 3678 277 951 2210 3432 3588 1995 1770 3760 818 1208 4623 1931 1847 1498 1745 1921 1232 5442 3357 2470 1868 1321 3325 3439 2412 3280 3420 1846 938 874 3412 923 1400 2290 3898 2228 501 3006 759 1790 0 2033 2271 3416 1655 2301 824 1608 3910 2120 2402 1290 2381 3413 1162 2249 3241 999 1379 1911
4042 5181 1597 2912 5070 4258 5524 3468 3481 3976 3038 2342 4515 4327 2077 1738 1514 3848 3499 3853 3260 1674 4528 4179 3136 3313 3912 4388 4748 4278 4548 4002 3069 3183 4847 1769 4811 3238 3572 3555 3156 3557 4019 3682 3722 4863 2909 2750 3440 3182 2817 0 4905 3159 4274 2044 3505 4226 3786 4665 5036 2681 3772 4148 3843 4475 4387 3680 4060 3302
2436 734 4037 5352 553 4415 5430 1609 1813 4729 2512 3147 3223 4483 5767 4178 3953 4812 1694 2220 6032 4114 2859 2511 3437 3613 2244 6851 4409 3483 2880 2333 5508 5459 3424 5459 4471 3538 1920 1886 5536 1906 2413 3982 4950 151 2697 5190 1772 3482 2291 4111 0 5599 2668 4484 1646 2620 4961 3133 177 3486 4073 4465 1347 3262 4292 2012 1564 3603
3378 5849 1604 300 5738 1437 2703 4108 3991 1155 3636 2940 2577 1506 2724 1456 1697 1027 4131 3588 1545 1557 4283 3787 2995 2925 3800 2364 2613 2341 4304 3956 248 362 2909 3024 2038 2938 4240 3935 335 4225 3409 2505 901 5531 3507 662 4016 2988 3416 2375 5573 0 3494 1156 4145 3206 965 2727 5704 3279 2531 1327 4483 2537 1566 3793 4700 3040
278 2926 3310 3456 2814 2141 3156 1093 890 2455 1876 2032 949 2209 4937 3451 3227 2538 1031 488 3758 3387 815 319 1678 1855 699 4577 2135 1209 836 488 3307 3185 1150 4737 2197 1780 1331 834 3262 1316 308 1829 2676 2607 2061 3818 916 1724 1655 3490 2650 3494 0 3757 1060 346 2687 859 2781 1869 1855 2191 1509 988 2018 693 1726 1844
3525 4734 489 909 4623 2255 3522 2994 3007 1973 2522 1826 3396 2324 2815 341 582 1846 3025 3336 2364 442 4053 3704 2620 2796 3438 3183 3431 3159 4074 3527 1066 1180 3728 2507 2856 2721 3125 3080 1153 3110 3503 3165 1719 4416 2393 747 2966 2665 2301 1261 4458 1156 3757 0 3031 3710 1783 3545 4590 2165 3256 2145 3368 3355 2384 3206 3585 2785
828 1904 2584 3898 1792 2807 3822 72 206 3122 1045 1681 1615 2876 4318 2724 2500 3204 86 613 4425 2660 1252 903 1829 2006 637 5244 2801 1875 1273 726 3974 3852 1817 4010 2864 1931 500 279 3928 486 805 2375 3342 1585 1230 3736 164 1875 824 2730 1628 4145 1060 3031 0 1013 3354 1525 1759 2020 2465 2857 487 1654 2685 404 704 1995
230 2878 3263 3167 2767 1852 2867 1046 843 2167 1828 1985 660 1921 4649 3404 3179 2250 983 440 3470 3340 1135 639 1631 1807 652 4289 1846 920 1156 808 3019 2897 862 4689 1909 1732 1284 787 2974 1269 261 1541 2387 2560 2014 3530 868 1676 1608 3442 2602 3206 346 3710 1013 0 2399 571 2734 1821 1567 1902 1462 699 1730 645 1679 1797
2571 5219 2231 926 5108 630 1897 3387 3184 348 4131 3060 1771 699 2408 2082 2324 220 3325 2781 1229 2184 3477 2980 2188 2119 2993 2048 1806 1534 3497 3149 778 656 2102 2708 1231 2132 3625 3128 733 3610 2602 1699 147 4901 4002 1289 3210 2181 3910 3002 4944 965 2687 1783 3354 2399 0 1920 5075 2896 1724 520 3803 1730 759 2986 4020 2233
743 3391 3702 2689 3280 1374 2389 1559 1355 1688 2341 2423 182 1442 4170 3842 3618 1771 1496 953 2991 3778 1648 1152 1552 1482 1165 3811 1368 442 1669 1321 2540 2418 383 4470 1430 1495 1796 1299 2495 1782 774 1062 1909 3073 2527 3051 1381 1545 2120 3881 3115 2727 859 3545 1525 571 1920 0 3246 2260 1088 1424 1974 221 1251 1158 2191 1597
2567 774 4168 5483 394 4546 5561 1740 1944 4860 2643 3278 3354 4615 5898 4309 4085 4943 1825 2352 6164 4245 2991 2642 3568 3745 2375 6983 4540 3614 3011 2464 5639 5591 3556 5590 4603 3670 2051 2018 5667 2037 2544 4114 5081 282 2828 5321 1903 3614 2422 4242 177 5730 2799 4615 1777 2751 5092 3264 0 3617 4204 4596 1478 3393 4424 2143 1695 3734
1637 3742 1718 3032 3631 2350 3365 1983 1850 2664 1510 440 2110 2418 3452 1859 1634 2747 1991 1448 3967 1794 2450 2101 731 908 1659 4786 2344 1873 2471 1924 3189 3303 2442 3144 2406 833 2133 1794 3276 2118 1614 1277 2885 3424 1382 2870 1876 777 1290 1897 3466 3279 1869 2165 2020 1821 2896 2260 3598 0 1367 2400 2357 2070 2227 1653 2574 897
1739 4331 2809 2493 4220 1178 2193 2499 2295 1492 2602 1531 938 1246 3974 2950 2725 1575 2436 1893 2795 2885 2644 2148 659 590 2105 3614 1172 701 2665 2317 2344 2222 1270 4235 1234 603 2736 2239 2299 2722 1770 170 1713 4013 2473 2855 2321 652 2381 2988 4055 2531 1855 3256 2465 1567 1724 1088 4186 1367 0 1228 2914 898 1055 2098 3131 704
2075 4723 2593 1288 4612 134 1400 2891 2687 288 3634 2563 1274 202 2770 2444 2686 371 2828 2285 1591 2546 2980 2484 1692 1622 2497 2410 1310 1037 3001 2653 1140 1018 1606 3070 735 1635 3128 2631 1095 3114 2106 1202 509 4404 3505 1651 2713 1684 3413 3364 4447 1327 2191 2145 2857 1902 520 1424 4578 2400 1228 0 3306 1234 263 2490 3523 1737
1277 1605 2921 4236 1494 3256 4271 450 654 3571 1382 2018 2064 3325 4655 3062 2838 3653 535 1062 4874 2998 1701 1352 2278 2455 1085 5693 3250 2324 1721 1175 4392 4301 2266 4347 3313 2380 838 728 4377 823 1254 2824 3791 1287 1568 4074 613 2324 1162 3068 1329 4483 1509 3368 487 1462 3803 1974 1460 2357 2914 3306 0 2103 3134 853 261 2444
872 3520 3511 2499 3408 1184 2199 1688 1484 1498 2470 2233 71 1252 3980 3652 3428 1581 1625 1082 2801 3588 1777 1281 1362 1292 1293 3620 1177 251 1798 1450 2350 2228 403 4280 1240 1305 1925 1428 2305 1910 903 872 1719 3201 2655 2861 1510 1354 2249 3691 3244 2537 988 3355 1654 699 1730 221 3375 2070 898 1234 2103 0 1061 1287 2320 1407
1902 4550 2832 1527 4439 213 1181 2718 2515 527 3462 2391 1102 281 3009 2683 2925 610 2656 2113 1830 2785 2808 2311 1520 1450 2324 2649 1137 865 2828 2481 1379 1257 1433 3309 562 1463 2956 2459 1334 2941 1933 1030 748 4232 3333 1890 2541 1512 3241 3603 4275 1566 2018 2384 2685 1730 759 1251 4406 2227 1055 263 3134 1061 0 2317 3351 1564
461 2270 2759 3755 2158 2440 3455 438 234 2754 1220 1816 1248 2508 4493 2899 2675 2837 375 245 4057 2835 884 535 1462 1638 269 4876 2433 1507 905 358 3606 3484 1449 4185 2496 1563 675 178 3561 661 438 2007 2975 1951 1405 3911 260 1507 999 2905 1994 3793 693 3206 404 645 2986 1158 2125 1653 2098 2490 853 1287 2317 0 1070 1628
1494 1822 3138 4453 1711 3473 4488 667 871 3788 1599 2235 2281 3542 4872 3279 3055 3870 752 1279 5091 3215 1918 1569 2495 2672 1302 5910 3467 2541 1938 1392 4609 4518 2483 4564 3530 2597 1055 945 4594 1040 1471 3041 4008 1504 1785 4291 830 2541 1379 3285 1546 4700 1726 3585 704 1679 4020 2191 1677 2574 3131 3523 261 2320 3351 1070 0 2661
1612 3861 2338 3001 3749 1687 2702 2028 1825 2001 2131 1060 1447 1755 4072 2479 2255 2084 1966 1423 3304 2415 2425 2076 189 244 1634 4123 1680 1210 2446 1899 2853 2731 1779 3765 1743 183 2266 1769 2808 2251 1589 614 2222 3542 2002 3364 1851 181 1911 2518 3585 3040 1844 2785 1995 1797 2233 1597 3716 897 704 1737 2444 1407 1564 1628 2661 0
EOF