NAME : tsp_problem
TYPE : TSP
DIMENSION : 58
EDGE_WEIGHT_TYPE : EXPLICIT
EDGE_WEIGHT_FORMAT : FULL_MATRIX
EDGE_WEIGHT_SECTION
0 1149 4034 3277 5164 2822 3671 4521 3225 3764 3933 662 4310 3911 1195 3064 3860 1644 2531 3073 4612 5093 3964 4105 3721 3495 328 3736 3758 3933 3311 3758 1453 2637 3725 3786 3598 3730 3027 5376 1966 3084 2829 1329 2838 2492 2205 1061 3249 3911 3873 3840 5122 5029 3523 638 3935 3953
1149 0 2932 2318 4062 3523 2569 3570 2122 3059 2961 1558 3359 2809 93 1962 2758 2539 1429 3774 3661 3991 3407 3281 2619 3881 889 2634 3072 3051 2268 3072 2348 1535 2622 2683 3984 2628 3923 4273 864 1981 2768 227 2738 3387 3100 123 2399 2938 2771 2737 4019 3927 3299 1534 2833 3420
4034 2932 0 1695 2117 1521 383 936 885 528 357 3931 724 215 2882 1180 820 2637 1954 1318 1027 2047 773 646 538 1351 3775 528 542 521 1645 542 2847 1423 344 302 1454 498 3593 2329 3028 1358 2145 2731 2114 3308 2109 3009 1776 380 942 799 2075 1982 769 3678 519 786
3277 2318 1695 0 3514 1281 1780 2268 2058 1471 1373 2953 2057 1557 2268 1898 1171 1659 990 1532 2360 3443 1919 1979 1935 1954 3160 1924 1485 1464 111 1485 1869 1471 1741 1699 2057 1895 2615 3726 2447 366 527 2117 496 2330 1131 2395 158 1351 1184 1150 3472 3379 1712 2700 1246 1908
5190 4087 2135 3532 0 3358 1772 2773 2054 2366 2194 5599 2562 2012 4037 2349 2657 4474 3147 3155 2864 123 2610 2484 1631 3188 4930 1646 2379 2358 3482 2379 4685 2591 1825 1886 3292 1694 5430 506 4111 3195 3982 3886 3952 5146 3946 4164 3613 2217 2779 2636 152 324 2607 5515 2357 2623
2822 3523 1521 1281 3340 0 1606 1786 2108 1030 1199 2499 1575 1383 3473 2403 1588 1205 2195 339 1878 3269 1230 1371 1761 761 2897 1750 1024 1198 1316 1024 1415 2646 1566 1524 864 1721 2160 3552 3652 1571 834 3322 843 1876 677 3600 1254 1177 1711 1568 3298 3205 788 2246 1288 1219
3671 2569 383 1780 1754 1606 0 1021 522 614 442 4016 810 260 2519 817 905 2723 1616 1403 1113 1683 859 732 175 1437 3411 164 627 607 1731 627 2933 1060 73 135 1540 135 3678 1966 2665 1444 2231 2367 2200 3394 2195 2645 1862 466 1028 884 1712 1619 855 3764 605 871
4521 3570 936 2268 2755 1786 1021 0 1523 1042 930 4197 250 798 3520 1818 1393 2903 2527 1584 203 2684 576 449 1176 1617 4412 1165 1036 1094 2218 1037 3113 2061 982 939 1720 1136 3859 2967 3666 1931 2532 3369 2541 3574 2375 3646 2349 953 1515 1372 2713 2620 1035 3944 1093 588
3225 2122 885 2058 2034 2108 522 1523 0 1116 944 3634 1312 762 2072 371 1407 3225 1169 1905 1615 1963 1361 1234 572 1938 2965 587 1129 1109 2009 1129 3435 613 575 637 2042 581 4180 2245 2252 1722 2509 1921 2478 3896 2697 2199 2140 968 1530 1386 1991 1899 1357 3610 1107 1373
3764 3059 528 1471 2348 1030 614 1042 1116 0 207 3440 831 391 3008 1411 596 2147 1730 827 1134 2277 486 627 769 860 3839 758 217 206 1422 217 2357 1654 574 532 964 729 3102 2560 3188 1135 1775 2857 1784 2818 1618 3135 1553 185 719 576 2306 2213 279 3187 296 475
3933 2961 357 1373 2176 1199 442 930 944 207 0 3609 719 219 2910 1239 498 2316 1632 996 1021 2105 655 641 597 1030 3803 586 220 200 1324 220 2526 1482 403 360 1133 557 3271 2388 3087 1037 1824 2759 1793 2987 1788 3037 1455 59 621 478 2134 2041 448 3357 198 644
662 1558 3931 2953 5573 2499 4016 4197 3634 3440 3609 0 3986 3793 1604 3473 3999 1320 2940 2749 4288 5502 3640 3781 4130 3171 737 4145 3434 3609 2988 3434 1129 3046 3977 3935 3274 4131 2703 5785 2375 3243 2505 1738 2514 2168 1881 1470 2925 3587 4060 3978 5531 5438 3199 314 3698 3629
4310 3359 724 2057 2544 1575 810 250 1312 831 719 3986 0 587 3309 1607 1182 2692 2316 1373 341 2473 365 238 965 1406 4201 954 825 883 2007 825 2902 1850 770 728 1509 925 3647 2756 3455 1720 2321 3157 2330 3363 2164 3435 2138 742 1304 1161 2502 2409 824 3733 881 377
3911 2809 215 1557 1994 1383 260 798 762 391 219 3793 587 0 2759 1057 682 2499 1816 1180 889 1923 635 509 415 1213 3651 404 404 383 1507 404 2710 1300 220 178 1316 375 3455 2206 2905 1220 2007 2607 1976 3170 1971 2885 1638 242 804 661 1952 1859 631 3540 381 648
1195 93 2882 2268 4011 3473 2519 3520 2072 3008 2910 1604 3309 2759 0 1912 2708 2586 1379 3724 3611 3941 3357 3231 2569 3831 935 2584 3022 3001 2218 3022 2395 1484 2572 2633 3934 2578 3969 4223 814 1931 2718 177 2687 3434 3147 169 2349 2888 2721 2687 3969 3877 3249 1580 2783 3370
3064 1962 1180 1898 2329 2403 817 1818 371 1411 1239 3473 1607 1057 1912 0 1702 3481 1008 2200 1909 2258 1655 1529 867 2233 2804 882 1424 1403 1848 1424 3691 453 870 932 2337 876 4436 2540 2091 1561 2348 1760 2317 4152 2953 2038 1979 1263 1825 1681 2286 2194 1652 3449 1402 1668
3860 2758 820 1171 2639 1588 905 1393 1407 596 498 3999 1182 682 2708 1702 0 2705 1430 1386 1484 2568 1044 1104 1060 1419 3600 1049 609 589 1121 610 2915 1911 865 823 1522 1020 3660 2851 2887 834 1621 2557 1590 3376 2177 2834 1252 476 418 48 2597 2504 837 3746 370 1033
1644 2539 2637 1659 4457 1205 2723 2903 3225 2147 2316 1320 2692 2499 2586 3481 2705 0 2573 1456 2995 4386 2346 2487 2878 1877 1718 2867 2141 2315 1694 2141 236 3054 2683 2641 1981 2838 1410 4668 3357 1949 1212 2720 1221 874 587 2451 1632 2294 2767 2684 4414 4322 1905 1067 2405 2335
2531 1429 1954 990 3127 2195 1616 2527 1169 1730 1632 2940 2316 1816 1379 1008 1430 2573 0 2446 2618 3056 2178 2238 1665 2553 2271 1681 1744 1723 940 1744 2783 581 1669 1730 2656 1675 3528 3339 1558 653 1440 1228 1409 3244 2045 1505 1071 1610 1443 1409 3085 2992 1971 2916 1505 2167
3073 3774 1318 1532 3137 339 1403 1584 1905 827 996 2749 1373 1180 3724 2200 1386 1456 2446 0 1675 3066 1027 1168 1558 558 3148 1547 821 996 1567 821 1666 2443 1364 1322 661 1518 2411 3349 3903 1822 1085 3573 1093 2127 928 3850 1505 974 1508 1365 3095 3002 586 2497 1085 1016
4612 3661 1027 2360 2847 1878 1113 203 1615 1134 1021 4288 341 889 3611 1909 1484 2995 2618 1675 0 2776 668 541 1267 1708 4504 1257 1128 1186 2310 1128 3205 2152 1073 1031 1812 1228 3950 3058 3758 2023 2624 3460 2632 3666 2466 3738 2441 1045 1607 1464 2804 2712 1127 4036 1184 680
5119 4016 2064 3461 123 3287 1701 2702 1983 2295 2123 5528 2491 1941 3966 2278 2586 4404 3076 3084 2793 0 2539 2413 1560 3117 4859 1575 2308 2287 3412 2308 4614 2521 1754 1816 3221 1623 5359 584 4040 3124 3912 3815 3881 5075 3875 4093 3542 2147 2709 2565 53 253 2536 5445 2286 2552
3964 3407 773 1919 2593 1230 859 576 1361 486 655 3640 365 635 3357 1655 1044 2346 2178 1027 668 2522 0 160 1013 1060 4039 1003 480 654 1870 480 2557 1898 819 777 1163 974 3302 2804 3504 1583 1975 3206 1984 3018 1818 3484 2001 633 1167 1024 2550 2458 479 3387 744 52
4105 3281 646 1979 2466 1371 732 449 1234 627 641 3781 238 509 3231 1529 1104 2487 2238 1168 541 2395 160 0 887 1201 4123 876 621 795 1929 621 2698 1772 692 650 1305 847 3443 2678 3377 1642 2116 3079 2125 3159 1959 3357 2060 664 1226 1083 2424 2331 620 3528 803 173
3721 2619 538 1935 1613 1761 175 1176 572 769 597 4130 965 415 2569 867 1060 2878 1665 1558 1267 1542 1013 887 0 1591 3461 49 782 761 1886 782 3088 1110 228 290 1695 97 3833 1825 2715 1598 2386 2417 2355 3549 2349 2695 2016 621 1183 1039 1571 1478 1010 3919 760 1026
3495 3881 1351 1954 3171 761 1437 1617 1938 860 1030 3171 1406 1213 3831 2233 1419 1877 2553 558 1708 3100 1060 1201 1591 0 3570 1581 854 1029 1988 854 2088 2476 1397 1355 138 1552 2833 3382 4010 1957 1506 3680 1515 2548 1349 3958 1926 1007 1541 1398 3128 3036 619 2918 1118 1049
328 889 3775 3160 4904 2897 3411 4412 2965 3839 3803 737 4201 3651 935 2804 3600 1718 2271 3148 4504 4833 4039 4123 3461 3570 0 3476 3833 3894 3111 3833 1528 2377 3465 3526 3673 3470 3102 5116 1706 2824 2904 1069 2913 2567 2280 801 3242 3781 3613 3580 4862 4769 3598 713 3675 4028
3736 2634 528 1924 1628 1750 164 1165 587 758 586 4145 954 404 2584 882 1049 2867 1681 1547 1257 1557 1003 876 49 1581 3476 0 771 751 1875 772 3077 1125 218 279 1684 86 3822 1840 2730 1588 2375 2432 2344 3538 2339 2710 2006 610 1172 1029 1586 1493 999 3908 749 1015
3758 3072 542 1485 2361 1024 627 1036 1129 217 220 3434 825 404 3022 1424 609 2141 1744 821 1128 2290 480 621 782 854 3833 771 0 220 1435 211 2351 1667 588 545 958 742 3096 2573 3201 1148 1769 2871 1778 2812 1612 3148 1566 198 732 589 2319 2226 273 3181 309 469
3933 3051 521 1464 2341 1198 607 1094 1109 206 200 3609 883 383 3001 1403 589 2315 1723 996 1186 2270 654 795 761 1029 3894 751 220 0 1415 220 2525 1646 567 525 1132 722 3271 2552 3181 1127 1915 2850 1884 2986 1787 3128 1545 177 712 568 2298 2206 447 3356 289 643
3311 2268 1645 111 3465 1316 1731 2218 2009 1422 1324 2988 2007 1507 2218 1848 1121 1694 940 1567 2310 3394 1870 1929 1886 1988 3111 1875 1435 1415 0 1435 1904 1421 1691 1649 2092 1846 2649 3676 2398 316 561 2067 530 2365 1166 2345 192 1302 1134 1101 3422 3330 1663 2735 1196 1859
3758 3072 542 1485 2361 1024 627 1037 1129 217 220 3434 825 404 3022 1424 610 2141 1744 821 1128 2291 480 621 782 854 3833 772 211 220 1435 0 2351 1667 588 546 958 742 3096 2573 3201 1148 1770 2871 1779 2812 1613 3149 1566 198 732 589 2319 2227 273 3182 309 469
1453 2348 2847 1869 4667 1415 2933 3113 3435 2357 2526 1129 2902 2710 2395 3691 2915 236 2783 1666 3205 4596 2557 2698 3088 2088 1528 3077 2351 2525 1904 2351 0 3264 2893 2851 2191 3048 1620 4879 3166 2159 1422 2529 1431 1084 797 2260 1842 2504 2977 2895 4625 4532 2115 876 2615 2546
2637 1535 1423 1471 2571 2646 1060 2061 613 1654 1482 3046 1850 1300 1484 453 1911 3054 581 2443 2152 2501 1898 1772 1110 2476 2377 1125 1667 1646 1421 1667 3264 0 1113 1174 2579 1119 4009 2783 1664 1134 1921 1333 1890 3725 2526 1611 1552 1505 1923 1890 2529 2436 1894 3022 1644 1911
3725 2622 344 1741 1807 1566 73 982 575 574 403 3977 770 220 2572 870 865 2683 1669 1364 1073 1737 819 692 228 1397 3465 218 588 567 1691 588 2893 1113 0 95 1500 189 3639 2019 2718 1404 2191 2421 2160 3354 2155 2699 1822 426 988 845 1765 1673 815 3724 565 831
3786 2683 302 1699 1869 1524 135 939 637 532 360 3935 728 178 2633 932 823 2641 1730 1322 1031 1798 777 650 290 1355 3526 279 545 525 1649 546 2851 1174 95 0 1458 250 3596 2080 2780 1362 2149 2482 2118 3312 2113 2760 1780 384 946 803 1826 1734 773 3682 523 789
3598 3984 1454 2057 3274 864 1540 1720 2042 964 1133 3274 1509 1316 3934 2337 1522 1981 2656 661 1812 3203 1163 1305 1695 138 3673 1684 958 1132 2092 958 2191 2579 1500 1458 0 1655 2936 3486 4114 2061 1610 3783 1619 2652 1453 4061 2030 1111 1645 1501 3232 3139 722 3022 1222 1153
3730 2628 498 1895 1676 1721 135 1136 581 729 557 4131 925 375 2578 876 1020 2838 1675 1518 1228 1605 974 847 97 1552 3470 86 742 722 1846 742 3048 1119 189 250 1655 0 3793 1888 2724 1559 2346 2426 2315 3509 2310 2704 1977 581 1143 1000 1634 1541 970 3879 720 986
3027 3923 3593 2615 5412 2160 3678 3859 4180 3102 3271 2703 3647 3455 3969 4436 3660 1410 3528 2411 3950 5341 3302 3443 3833 2833 3102 3822 3096 3271 2649 3096 1620 4009 3639 3596 2936 3793 0 5624 4740 2904 2167 4103 2176 2081 1543 3835 2587 3249 3722 3640 5370 5277 2861 2451 3360 3291
5402 4299 2347 3744 506 3570 1984 2985 2266 2578 2406 5811 2774 2224 4249 2561 2869 4686 3359 3367 3076 584 2822 2696 1843 3400 5142 1858 2591 2570 3694 2591 4897 2803 2037 2098 3503 1906 5642 0 4322 3407 4194 4098 4163 5357 4158 4376 3825 2429 2991 2848 612 459 2818 5727 2568 2835
2750 1648 3803 3231 4905 4436 3440 4441 3036 3972 3862 3159 4230 3680 1597 2875 3671 4141 2342 4687 4533 4834 4279 4152 3490 4794 2490 3505 3985 3965 3182 3985 3950 2448 3494 3555 4898 3499 5524 5117 0 2894 3682 1446 3651 4989 4286 1724 3313 3851 3684 3651 4863 4770 4213 3135 3746 4291
3084 1981 1358 366 3178 1571 1444 1931 1722 1135 1037 3243 1720 1220 1931 1561 834 1949 653 1822 2023 3107 1583 1642 1598 1957 2824 1588 1148 1127 316 1148 2159 1134 1404 1362 2061 1559 2904 3389 2110 0 816 1780 785 2620 1421 2058 447 1014 847 813 3135 3043 1376 2990 909 1572
2829 2768 2145 527 3965 834 2231 2532 2509 1775 1824 2505 2321 2007 2718 2348 1621 1212 1440 1085 2624 3894 1975 2116 2386 1506 2904 2375 1769 1915 561 1770 1422 1921 2191 2149 1610 2346 2167 4176 2898 816 0 2567 88 1883 684 2845 499 1802 1634 1601 3922 3830 1534 2253 1696 1964
1329 227 2731 2117 3860 3322 2367 3369 1921 2857 2759 1738 3157 2607 177 1760 2557 2720 1228 3573 3460 3789 3206 3079 2417 3680 1069 2432 2871 2850 2067 2871 2529 1333 2421 2482 3783 2426 4103 4072 662 1780 2567 0 2536 3568 3172 303 2198 2737 2570 2536 3818 3725 3098 1714 2632 3218
2838 2738 2114 496 3934 843 2200 2541 2478 1784 1793 2514 2330 1976 2687 2317 1590 1221 1409 1093 2632 3863 1984 2125 2355 1515 2913 2344 1778 1884 530 1779 1431 1890 2160 2118 1619 2315 2176 4146 2867 785 88 2536 0 1892 693 2814 468 1771 1603 1570 3892 3799 1543 2262 1665 1973
2492 3387 3308 2330 5128 1876 3394 3574 3896 2818 2987 2168 3363 3170 3434 4152 3376 874 3244 2127 3666 5057 3018 3159 3549 2548 2567 3538 2812 2986 2365 2812 1084 3725 3354 3312 2652 3509 2081 5340 4205 2620 1883 3568 1892 0 1258 3299 2303 2965 3438 3355 5086 4993 2576 1915 3076 3007
2205 3100 2109 1131 3929 677 2195 2375 2697 1618 1788 1881 2164 1971 3147 2953 2177 587 2045 928 2466 3858 1818 1959 2349 1349 2280 2339 1612 1787 1166 1613 797 2526 2155 2113 1453 2310 1543 4140 3502 1421 684 3172 693 1258 0 3012 1104 1765 2239 2156 3886 3794 1377 1628 1877 1807
1061 123 3009 2395 4138 3600 2645 3646 2199 3135 3037 1470 3435 2885 169 2038 2834 2451 1505 3850 3738 4067 3484 3357 2695 3958 801 2710 3148 3128 2345 3149 2260 1611 2699 2760 4061 2704 3835 4350 940 2058 2845 303 2814 3299 3012 0 2476 3015 2847 2814 4096 4003 3376 1446 2909 3496
3249 2399 1776 158 3596 1254 1862 2349 2140 1553 1455 2925 2138 1638 2349 1979 1252 1632 1071 1505 2441 3525 2001 2060 2016 1926 3242 2006 1566 1545 192 1566 1842 1552 1822 1780 2030 1977 2587 3807 2529 447 499 2198 468 2303 1104 2476 0 1432 1265 1231 3553 3461 1794 2673 1327 1990
3911 2938 380 1351 2200 1177 466 953 968 185 59 3587 742 242 2888 1263 476 2294 1610 974 1045 2129 633 664 621 1007 3781 610 198 177 1302 198 2504 1505 426 384 1111 581 3249 2411 3068 1014 1802 2737 1771 2965 1765 3015 1432 0 598 455 2157 2065 426 3334 176 622
3873 2771 942 1184 2762 1711 1028 1515 1530 719 621 4060 1304 804 2721 1825 418 2767 1443 1508 1607 2691 1167 1226 1183 1541 3613 1172 732 712 1134 732 2977 1923 988 946 1645 1143 3722 2973 2900 847 1634 2570 1603 3438 2239 2847 1265 598 0 398 2719 2627 960 3808 493 1156
3840 2737 799 1150 2618 1568 884 1372 1386 576 478 3978 1161 661 2687 1681 48 2684 1409 1365 1464 2548 1024 1083 1039 1398 3580 1029 589 568 1101 589 2895 1890 845 803 1501 1000 3640 2830 2867 813 1601 2536 1570 3355 2156 2814 1231 455 398 0 2576 2484 816 3725 350 1013
5147 4045 2093 3490 152 3315 1729 2730 2011 2323 2152 5556 2519 1969 3995 2306 2614 4432 3105 3113 2822 53 2568 2441 1588 3146 4887 1603 2337 2316 3440 2337 4642 2549 1783 1844 3249 1651 5388 612 4068 3153 3940 3844 3909 5103 3904 4121 3571 2175 2737 2594 0 281 2564 5473 2314 2580
5055 3953 2000 3397 324 3223 1637 2638 1919 2231 2059 5464 2427 1877 3902 2214 2522 4340 3013 3020 2730 253 2476 2349 1496 3054 4795 1511 2244 2224 3348 2244 4550 2457 1690 1752 3157 1559 5295 459 3976 3061 3848 3751 3817 5011 3812 4029 3479 2083 2645 2501 281 0 2472 5381 2222 2488
3523 3299 769 1712 2589 788 855 1035 1357 279 448 3199 824 631 3249 1652 837 1905 1971 586 1127 2518 479 620 1010 619 3598 999 273 447 1663 273 2115 1894 815 773 722 970 2861 2801 3429 1376 1534 3098 1543 2576 1377 3376 1794 426 960 816 2547 2454 0 2946 537 468
638 1534 3678 2700 5498 2246 3764 3944 3610 3187 3357 314 3733 3540 1580 3449 3746 1067 2916 2497 4036 5427 3387 3528 3919 2918 713 3908 3181 3356 2735 3182 876 3022 3724 3682 3022 3879 2451 5709 2351 2990 2253 1714 2262 1915 1628 1446 2673 3334 3808 3725 5455 5363 2946 0 3446 3376
3935 2833 519 1246 2339 1288 605 1093 1107 296 198 3698 881 381 2783 1402 370 2405 1505 1085 1184 2268 744 803 760 1118 3675 749 309 289 1196 309 2615 1644 565 523 1222 720 3360 2550 2962 909 1696 2632 1665 3076 1877 2909 1327 176 493 350 2296 2204 537 3446 0 733
3953 3420 786 1908 2605 1219 871 588 1373 475 644 3629 377 648 3370 1668 1033 2335 2167 1016 680 2534 52 173 1026 1049 4028 1015 469 643 1859 469 2546 1911 831 789 1153 986 3291 2817 3516 1572 1964 3218 1973 3007 1807 3496 1990 622 1156 1013 2563 2470 468 3376 733 0
EOF