NAME : tsp_problem
TYPE : TSP
DIMENSION : 78
EDGE_WEIGHT_TYPE : EXPLICIT
EDGE_WEIGHT_FORMAT : FULL_MATRIX
EDGE_WEIGHT_SECTION
0 1631 541 3167 1909 826 371 678 713 492 2897 593 215 4310 1156 2953 1732 1049 3586 1269 3112 1333 4649 559 1274 1030 787 1852 3206 286 2867 2919 240 3442 2042 320 731 2878 255 1766 2639 2555 1406 1108 1328 3633 1679 1912 501 1359 1600 1135 3021 292 1821 1985 828 3122 2602 1265 2592 1921 3340 819 3313 3039 1529 3605 3153 1797 645 3263 3522 1807 4689 1384 3042 868
1631 0 1358 2957 1698 1950 1703 1850 1529 1824 2686 1574 1788 4099 2280 2743 125 2173 3074 2086 2021 1998 3907 1375 1063 1847 1603 1642 2995 1390 2657 2708 1813 2352 1831 1342 2101 3695 1418 1589 3456 3371 315 1589 2145 2542 2495 1702 1557 724 479 2259 1930 1376 731 894 1673 2911 3419 2065 2381 1710 2249 1044 2223 1948 138 3065 2942 189 1462 2173 2431 200 3599 1173 1951 1685
541 1358 0 3651 2392 618 614 518 197 678 3380 1076 698 4793 948 3436 1459 841 3753 754 2700 818 4586 72 1757 515 271 2336 3689 300 3351 3402 723 2998 2525 252 1214 2363 329 1251 2124 2039 1133 1591 813 3221 1163 2395 984 1842 1814 927 2609 287 1548 1712 1312 3605 2087 750 3075 2404 2928 546 2902 2627 1256 3744 3636 1524 130 2852 3110 1534 4278 1867 2630 353
3167 2957 3651 0 2000 3936 3481 3788 3822 3602 323 2711 3043 2347 4266 276 2900 4158 471 3978 1491 3422 2686 3668 1943 3877 3896 1399 300 3396 2665 345 2964 2128 1171 3430 3238 5602 3365 3013 5363 5278 3229 2725 4102 2318 4453 1281 2694 2285 2526 4245 1591 3402 3032 2693 2810 113 5326 3489 2138 1467 1310 3929 1310 1642 3071 490 247 3001 3755 1357 1138 2887 2985 1842 1564 3833
1909 1698 2392 2000 0 2677 2222 2530 2564 2343 1729 1453 1785 3142 3007 1785 1642 2900 2419 3120 3438 3184 3481 2410 685 2881 2638 685 2038 2138 1700 1751 1706 4027 874 2171 1980 4729 2107 3264 4490 4406 1990 1467 3179 4218 3530 744 1436 1027 1268 2987 3538 2143 2406 2570 1551 1954 4454 3116 1424 753 3257 2671 3258 3589 1813 2437 1985 1743 2496 3304 3085 1629 3781 584 3511 2720
826 1950 618 3936 2677 0 486 193 643 353 3665 1361 983 5078 368 3721 2052 260 4199 1199 3146 1263 5031 617 2042 960 717 2621 3974 814 3636 3687 1008 3443 2810 844 1499 2808 783 1696 2569 2484 1725 1876 1258 3667 1608 2680 1269 2127 2369 347 3055 820 2141 2304 1597 3890 2532 1195 3360 2689 3374 1139 3347 3073 1848 4190 3921 2116 575 3297 3556 2127 4723 2152 3076 798
371 1703 614 3481 2222 486 0 338 785 152 3210 906 529 4623 816 3267 1805 709 3900 1342 3184 1406 4962 631 1587 1103 859 2166 3519 359 3181 3232 554 3515 2355 393 1045 2951 328 1839 2712 2627 1478 1422 1401 3705 1751 2226 815 1673 1914 795 3093 365 1894 2057 1142 3435 2675 1338 2905 2234 3412 892 3386 3111 1602 3918 3466 1869 718 3336 3594 1880 4762 1697 3114 941
678 1850 518 3788 2530 193 338 0 543 206 3518 1213 836 4930 523 3574 1952 416 4099 1099 3046 1163 4931 517 1894 860 617 2473 3826 666 3488 3539 861 3343 2663 700 1352 2708 635 1596 2469 2385 1625 1729 1158 3567 1509 2533 1122 1980 2221 502 2955 672 2041 2204 1449 3742 2432 1095 3212 2542 3274 1039 3247 2973 1748 4090 3773 2016 475 3197 3456 2027 4623 2005 2976 698
713 1529 197 3822 2564 643 785 543 0 703 3552 1248 870 4965 973 3608 1631 865 3596 596 2543 660 4428 196 1929 357 114 2507 3861 472 3522 3573 895 2841 2697 424 1386 2205 500 1094 1966 1882 1304 1763 655 3064 1006 2567 1156 2014 1985 952 2452 458 1720 1791 1483 3777 1930 592 3247 2576 2771 718 2744 2470 1428 3587 3808 1695 104 2694 2953 1706 4120 2039 2473 196
492 1824 678 3602 2343 353 152 206 703 0 3331 1027 649 4744 683 3387 1926 576 4021 1259 3206 1323 5083 677 1708 1020 777 2287 3640 480 3302 3353 674 3504 2476 513 1166 2868 449 1757 2629 2545 1599 1542 1318 3727 1669 2346 936 1794 2035 663 3115 486 2015 2178 1263 3556 2593 1255 3026 2355 3434 1013 3407 3133 1723 4039 3587 1990 635 3357 3616 2001 4784 1818 3136 859
2897 2686 3380 323 1729 3665 3210 3518 3552 3331 0 2441 2773 2076 3995 109 2630 3888 742 4108 1762 3693 2415 3398 1673 3869 3626 1128 362 3126 2395 75 2694 2399 900 3159 2968 5717 3095 3284 5478 5394 2978 2455 4167 2589 4518 1011 2424 2015 2256 3975 1862 3131 3303 2964 2539 278 5442 3760 1868 1197 1581 3659 1581 1913 2801 761 309 2731 3484 1628 1409 2617 2715 1572 1835 3708
593 1574 1076 2711 1453 1361 906 1213 1248 1027 2441 0 469 3853 1691 2497 1518 1584 3130 1804 3573 1868 4192 1094 817 1565 1322 1396 2749 821 2411 2462 389 3903 1586 855 663 3413 790 2301 3174 3089 1866 652 1863 4093 2213 1456 119 903 1144 1670 3481 827 2282 2446 372 2665 3137 1800 2135 1465 3800 1354 3774 3499 1689 3148 2696 1619 1180 3724 3796 1505 4492 928 3503 1403
215 1788 698 3043 1785 983 529 836 870 649 2773 469 0 4186 1313 2829 1850 1206 3462 1426 3269 1491 4525 716 1150 1187 944 1728 3082 444 2744 2795 138 3600 1918 477 607 3035 413 1924 2797 2712 1563 984 1485 3790 1836 1788 377 1235 1476 1293 3178 450 1979 2142 704 2998 2760 1423 2468 1797 3497 977 3470 3196 1686 3481 3029 1951 802 3420 3679 1837 4824 1260 3199 1026
4310 4099 4793 2347 3142 5078 4623 4930 4965 4744 2076 3853 4186 0 5408 2132 4042 5301 2766 5521 3785 5585 2389 4811 3086 5282 5039 2541 2385 4538 3807 2098 4106 4422 2313 4572 4380 7130 4507 5307 6891 6807 4391 3868 5580 3724 5931 2424 3836 3428 3669 5387 3885 4544 4807 4970 3952 2301 6854 5517 3280 2610 3604 5071 3605 3936 4214 2784 2332 4144 4897 3651 3432 4029 2688 2985 3858 5120
1156 2280 948 4266 3007 368 816 523 973 683 3995 1691 1313 5408 0 4051 2382 161 4529 1529 3476 1593 5361 947 2372 1290 1047 2951 4304 1144 3966 4017 1338 3773 3140 1174 1830 3138 1113 2026 2899 2815 2055 2206 1588 3997 1938 3010 1599 2458 2699 306 3385 1150 2471 2634 1927 4220 2862 1525 3690 3019 3704 1469 3677 3403 2178 4520 4251 2446 905 3627 3886 2457 5053 2482 3406 1128
2953 2743 3436 276 1785 3721 3267 3574 3608 3387 109 2497 2829 2132 4051 0 2686 3944 695 4164 1714 3645 2471 3454 1729 3925 3682 1184 314 3182 2451 131 2750 2351 956 3215 3024 5773 3151 3236 5535 5450 3034 2511 4223 2541 4574 1067 2480 2071 2312 4031 1814 3187 3255 2916 2595 230 5498 3712 1924 1253 1533 3715 1534 1865 2857 713 261 2787 3540 1580 1361 2673 2771 1628 1787 3764
1732 125 1459 2900 1642 2052 1805 1952 1631 1926 2630 1518 1850 4042 2382 2686 0 2274 3176 2187 2123 2100 4008 1477 1006 1948 1705 1585 2938 1491 2600 2651 1771 2454 1775 1443 2045 3796 1520 1691 3558 3473 417 1532 2246 2644 2597 1645 1501 667 423 2361 2032 1478 833 996 1616 2854 3521 2167 2325 1654 2351 1146 2324 2050 239 3167 2885 183 1563 2274 2533 143 3700 1117 2053 1787
1049 2173 841 4158 2900 260 709 416 865 576 3888 1584 1206 5301 161 3944 2274 0 4421 1422 3369 1486 5254 840 2265 1183 939 2844 4197 1037 3859 3910 1231 3666 3033 1067 1722 3031 1006 1919 2792 2707 1948 2099 1481 3889 1831 2903 1492 2350 2591 198 3277 1042 2364 2527 1819 4113 2755 1418 3583 2912 3597 1361 3570 3295 2071 4412 4144 2339 798 3520 3778 2349 4946 2375 3299 1021
3586 3074 3753 471 2419 4199 3900 4099 3596 4021 742 3130 3462 2766 4529 695 3176 4421 0 3565 1078 3009 3105 3753 2362 3464 3535 1818 719 3815 3084 764 3383 1715 1590 3849 3657 5189 3784 2600 4950 4865 2817 3144 3689 1906 4040 1700 3113 2704 2945 4508 1178 3821 2619 2280 3229 532 4913 3076 2557 1886 897 3578 898 1229 2973 202 666 3240 3660 944 725 3251 2962 2261 1152 3420
2143 2960 1627 4917 3994 2073 2216 1973 1470 2133 4982 2678 2300 6395 2403 5038 3061 2296 4504 0 3451 1569 5335 1627 3359 1147 1409 3938 5164 1902 4953 5004 2325 3679 4127 1854 2816 1651 1931 2002 1412 1327 2734 3193 846 3971 1087 3997 2586 3444 3416 2382 3360 1888 3038 2699 2914 4978 1375 1501 4677 4006 3679 2148 3653 3378 2858 4495 5111 3125 1534 3603 3861 3136 5027 3469 3381 1294
3112 2021 2700 1491 3438 3146 3184 3046 2543 3206 1762 3573 3269 3785 3476 1714 2123 3369 1078 2512 0 1956 2217 2700 3061 2411 2482 2837 1738 2871 4103 1784 3294 662 2609 2823 3785 4136 2900 1547 3897 3812 1764 3587 2637 853 2987 2720 3555 2722 2478 3455 125 2857 1567 1228 3671 1552 3860 2023 3577 2906 253 2525 227 176 1920 1069 1685 2187 2607 177 435 2198 1909 3172 99 2367
1333 1998 818 3422 3184 1263 1406 1163 660 1323 3693 1868 1491 5585 1593 3645 2100 1486 3009 649 1956 0 3841 817 2549 529 600 3128 3669 1092 4143 3714 1516 2287 3317 1044 2007 2272 1121 507 2033 1949 1741 2384 754 2477 1104 3188 1777 2635 2454 1573 1865 1079 1543 1204 2104 3482 1997 141 3867 3197 2184 1339 2157 1883 1897 3000 3616 2164 725 2107 2366 2175 3534 2659 1886 485
4649 3907 4586 2686 3481 5031 4962 4931 4428 5083 2415 4192 4525 2389 5361 2471 4008 5254 3105 4396 2217 3841 0 4585 3425 4296 4367 2880 2724 4756 4146 2437 4446 2227 2652 4708 4720 6019 4785 3432 5780 5696 3649 4207 4522 1391 4872 2763 4175 3767 4008 5340 2126 4742 3452 3113 4291 2640 5744 3909 3620 2949 2445 4410 2418 2144 3805 3123 2671 4072 4493 2368 2627 4083 356 3324 2147 4253
559 1375 72 3668 2410 617 631 517 196 677 3398 1094 716 4811 947 3454 1477 840 3753 753 2700 817 4585 0 1775 514 270 2353 3707 318 3368 3419 741 2997 2543 270 1232 2362 346 1250 2123 2038 1150 1609 812 3221 1162 2413 1002 1860 1831 927 2608 304 1566 1729 1329 3623 2086 749 3093 2422 2928 564 2901 2626 1274 3743 3654 1541 129 2851 3110 1552 4277 1885 2630 352
1274 1063 1757 1943 685 2042 1587 1894 1929 1708 1673 817 1150 3086 2372 1729 1006 2265 2362 2485 3061 2549 3425 1775 0 2246 2003 628 1982 1502 1643 1694 1071 3392 818 1536 1344 4094 1471 2629 3855 3771 1355 832 2544 3582 2895 688 800 392 633 2351 2970 1508 1771 1934 916 1898 3819 2481 1368 697 3201 2035 3201 2988 1178 2381 1929 1108 1861 3213 3029 994 3724 160 2991 2085
1030 1847 515 3877 2881 960 1103 860 357 1020 3869 1565 1187 5282 1290 3925 1948 1183 3464 464 2411 529 4296 514 2246 0 296 2825 4124 789 3840 3891 1212 2709 3014 741 1703 1883 818 962 1644 1559 1621 2080 332 2932 683 2884 1473 2331 2303 1269 2320 775 1998 1659 1801 3937 1607 461 3564 2893 2639 1035 2613 2338 1745 3455 4071 2012 422 2562 2821 2023 3989 2356 2341 181
787 1603 271 3896 2638 717 859 617 114 777 3626 1322 944 5039 1047 3682 1705 939 3535 535 2482 600 4367 270 2003 296 0 2581 3935 546 3596 3647 969 2780 2771 498 1460 2144 574 1033 1906 1821 1378 1837 594 3003 945 2641 1230 2088 2059 1026 2391 532 1794 1730 1557 3851 1869 531 3321 2650 2710 792 2683 2409 1502 3526 3882 1769 178 2633 2892 1780 4060 2113 2412 135
1852 1642 2336 1399 685 2621 2166 2473 2507 2287 1128 1396 1728 2541 2951 1184 1585 2844 1818 3064 2837 3128 2880 2353 628 2825 2581 0 1437 2081 1350 1150 1649 3474 273 2115 1923 4673 2050 3208 4434 4349 1934 1411 3123 3664 3473 143 1379 970 1212 2930 2937 2087 2350 2513 1495 1353 4397 3060 792 134 2656 2614 2657 2988 1756 1836 1384 1687 2440 2703 2484 1572 3180 528 2910 2663
3206 2995 3689 300 2038 3974 3519 3826 3861 3640 362 2749 3082 2385 4304 314 2938 4197 719 4225 1738 3669 2724 3707 1982 4124 3935 1437 0 3434 2703 383 3002 2375 1209 3468 3276 5849 3403 3260 5610 5525 3287 2764 4349 2565 4700 1320 2732 2324 2565 4283 1838 3440 3279 2940 2848 254 5573 3736 2176 1506 1557 3967 1558 1889 3110 737 82 3040 3793 1604 1385 2925 3024 1881 1812 4016
286 1390 300 3396 2138 814 359 666 472 480 3126 821 444 4538 1144 3182 1491 1037 3815 1028 2871 1092 4756 318 1502 789 546 2081 3434 0 3096 3147 469 3201 2271 193 960 2637 180 1525 2398 2314 1165 1337 1087 3392 1438 2141 730 1588 1829 1123 2780 217 1581 1744 1057 3350 2361 1024 2821 2150 3099 578 3072 2798 1288 3833 3381 1556 404 3022 3281 1566 4448 1613 2801 627
2867 2657 3351 2665 1700 3636 3181 3488 3522 3302 2395 2411 2744 3807 3966 2451 2600 3859 3084 4079 4103 4143 4146 3368 1643 3840 3596 1350 2703 3096 0 2416 2664 4740 1540 3130 2938 5688 3065 4223 5449 5364 2949 2426 4138 4931 4488 1410 2394 1985 2227 3945 4203 3102 3365 3528 2510 2619 5412 4075 2089 1419 3922 3629 3923 4254 2771 3102 2650 2702 3455 3969 3750 2587 4446 1543 4177 3678
2919 2708 3402 345 1751 3687 3232 3539 3573 3353 75 2462 2795 2098 4017 131 2651 3910 764 4130 1784 3714 2437 3419 1694 3891 3647 1150 383 3147 2416 0 2715 2421 922 3181 2989 5739 3116 3305 5500 5415 3000 2477 4189 2611 4539 1032 2445 2036 2278 3996 1883 3153 3325 2986 2561 299 5463 3782 1889 1218 1602 3680 1603 1935 2822 782 330 2753 3506 1649 1430 2638 2736 1594 1857 3729
240 1813 723 2964 1706 1008 554 861 895 674 2694 389 138 4106 1338 2750 1771 1231 3383 1451 3294 1516 4446 741 1071 1212 969 1649 3002 469 2664 2715 0 3625 1839 502 528 3060 438 1949 2822 2737 1588 905 1510 3815 1861 1709 298 1156 1397 1318 3203 474 2004 2167 625 2919 2785 1448 2389 1718 3522 1002 3495 3221 1711 3401 2950 1872 827 3445 3704 1758 4745 1181 3224 1051
4226 3136 3773 2912 4811 4218 4299 4118 3616 4279 3183 4687 4384 4409 4548 3135 3238 4441 2499 3557 1446 3071 2077 3772 4176 3484 3555 4258 3159 3985 5524 3204 4409 0 4030 3937 4900 5181 4014 2662 4942 4857 2878 4702 3709 1222 4060 4141 4670 3837 3592 4528 1355 3972 2681 2342 4786 2972 4905 3138 4997 4327 1674 3640 1648 1373 3034 2490 3106 3302 3680 1597 1856 3313 1769 4286 1376 3440
2042 1831 2525 1171 874 2810 2355 2663 2697 2476 900 1586 1918 2313 3140 956 1775 3033 1590 3253 2609 3317 2652 2543 818 3014 2771 273 1209 2271 1540 922 1839 3246 0 2304 2113 4862 2239 3397 4623 4539 2123 1600 3312 3436 3663 156 1569 1160 1401 3120 2709 2276 2539 2703 1684 1125 4587 3249 1013 342 2428 2804 2429 2760 1946 1608 1156 1876 2629 2475 2256 1762 2952 717 2682 2853
320 1342 252 3430 2171 844 393 700 424 513 3159 855 477 4572 1174 3215 1443 1067 3849 980 2823 1044 4708 270 1536 741 498 2115 3468 193 3130 3181 502 3153 2304 0 993 2589 214 1477 2350 2266 1117 1370 1039 3344 1390 2174 763 1622 1798 1154 2732 179 1533 1696 1091 3384 2313 976 2854 2183 3051 530 3024 2750 1240 3867 3415 1508 356 2974 3233 1518 4400 1646 2753 579
731 2101 1214 3238 1980 1499 1045 1352 1386 1166 2968 663 607 4380 1830 3024 2045 1722 3657 1942 3785 2007 4720 1232 1344 1703 1460 1923 3276 960 2938 2989 528 4116 2113 993 0 3552 929 2440 3313 3228 2079 1179 2002 4306 2352 1983 572 1430 1671 1809 3694 966 2495 2658 899 3192 3276 1939 2663 1992 4013 1493 3987 3712 2203 3675 3223 2146 1319 3936 4195 2032 5019 1455 3715 1542
2896 3713 2381 5627 4747 2826 2969 2726 2223 2886 5735 3431 3053 7148 3156 5791 3814 3049 5215 2182 4162 2293 6043 2380 4112 1900 2162 4691 5875 2655 5706 5757 3078 4386 4880 2607 3570 0 2684 2726 1260 686 3488 3946 1599 4679 1840 4750 3340 4198 4169 3135 4071 2642 3762 3423 3667 5688 734 2224 5430 4759 4390 2901 4363 4089 3611 5206 5822 3879 2288 4313 4572 3889 5735 4222 4092 2048
255 1418 329 3365 2107 783 328 635 500 449 3095 790 413 4507 1113 3151 1520 1006 3784 1057 2900 1121 4785 346 1471 818 574 2050 3403 180 3065 3116 438 3230 2239 214 929 2666 0 1554 2427 2342 1193 1306 1116 3420 1466 2110 699 1557 1798 1092 2808 186 1609 1773 1026 3319 2390 1053 2789 2119 3127 607 3101 2826 1317 3802 3350 1584 433 3051 3309 1595 4477 1581 2829 656
1766 1589 1251 3013 3264 1696 1839 1596 1094 1757 3284 2301 1924 5307 2026 3236 1691 1919 2600 1082 1547 507 3432 1250 2629 962 1033 3208 3260 1525 4223 3305 1949 1878 3397 1477 2440 2705 1554 0 2467 2382 1331 2817 1187 2068 1537 3267 2210 2290 2045 2006 1456 1512 1134 795 2537 3073 2430 574 3947 3276 1775 1772 1748 1474 1487 2591 3207 1755 1158 1698 1957 1766 3124 2739 1477 918
2565 3382 2050 5297 4417 2495 2638 2395 1893 2556 5405 3100 2723 6817 2825 5461 3484 2718 4884 1851 3831 1962 5712 2049 3781 1570 1832 4360 5544 2324 5375 5426 2748 4056 4550 2276 3239 1139 2353 2395 0 816 3157 3616 1268 4348 1509 4420 3009 3867 3838 2805 3740 2311 3432 3093 3336 5357 864 1894 5100 4429 4059 2571 4033 3758 3281 4875 5491 3548 1957 3982 4241 3559 5404 3892 3761 1717
2572 3389 2057 5304 4423 2502 2645 2402 1899 2562 5411 3107 2730 6824 2832 5468 3491 2725 4891 1858 3838 1969 5719 2056 3788 1577 1839 4367 5551 2331 5382 5433 2755 4063 4556 2283 3246 686 2360 2402 936 0 3164 3623 1275 4355 1516 4427 3016 3874 3845 2812 3747 2318 3438 3099 3343 5364 91 1901 5106 4435 4066 2578 4039 3765 3287 4882 5498 3555 1964 3989 4248 3565 5411 3898 3768 1724
1406 315 1133 3229 1990 1725 1478 1625 1304 1599 2978 1866 1563 4391 2055 3034 417 1948 2817 1860 1764 1741 3649 1150 1355 1621 1378 1934 3287 1165 2949 3000 1588 2095 2123 1117 2079 3470 1193 1331 3231 3146 0 1881 1920 2285 2270 1994 1849 1016 771 2034 1673 1151 474 637 1965 3203 3194 1808 2673 2002 1992 819 1965 1691 214 2808 3234 481 1237 1915 2174 492 3341 1465 1694 1460
1108 1589 1591 2725 1467 1876 1422 1729 1763 1542 2455 652 984 3868 2206 2511 1532 2099 3144 2319 3587 2384 4207 1609 832 2080 1837 1411 2764 1337 2426 2477 905 3918 1600 1370 1179 3928 1306 2817 3690 3605 1881 0 2378 4108 2729 1470 635 917 1159 2186 3496 1342 2297 2460 750 2680 3653 2316 2150 1479 3815 1870 3788 3514 1703 3163 2711 1634 1695 3738 3811 1519 4507 942 3517 1919
1328 2145 813 4102 3179 1258 1401 1158 655 1318 4167 1863 1485 5580 1588 4223 2246 1481 3689 690 2637 754 4522 812 2544 332 594 3123 4349 1087 4138 4189 1510 2934 3312 1039 2002 1581 1116 1187 1342 1257 1920 2378 0 3157 381 3182 1772 2630 2601 1567 2545 1074 2224 1885 2099 4163 1305 686 3862 3191 2865 1333 2838 2563 2043 3680 4296 2311 720 2788 3046 2321 4214 2654 2567 480
3633 2542 3221 2318 4218 3667 3705 3567 3064 3727 2589 4093 3790 3724 3997 2541 2644 3889 1906 3031 853 2477 1391 3221 3582 2932 3003 3664 2565 3392 4931 2611 3815 862 3436 3344 4306 4655 3420 2068 4416 4332 2285 4108 3157 0 3508 3547 4076 3243 2998 3976 761 3378 2087 1748 4192 2379 4379 2544 4404 3733 1081 3046 1054 779 2441 1896 2513 2708 3128 1004 1263 2719 1084 3692 783 2888
1679 2495 1163 4453 3530 1608 1751 1509 1006 1669 4518 2213 1836 5931 1938 4574 2597 1831 4040 1040 2987 1104 4872 1162 2895 683 945 3473 4700 1438 4488 4539 1861 3285 3663 1390 2352 1822 1466 1537 1583 1498 2270 2729 381 3508 0 3533 2122 2980 2951 1918 2896 1424 2574 2235 2449 4513 1546 1036 4213 3542 3215 1684 3188 2914 2394 4031 4647 2661 1070 3138 3397 2672 4564 3005 2917 830
1912 1702 2395 1281 744 2680 2226 2533 2567 2346 1011 1456 1788 2424 3010 1067 1645 2903 1700 3123 2720 3188 2763 2413 688 2884 2641 143 1320 2141 1410 1032 1709 3357 156 2174 1983 4732 2110 3267 4494 4409 1994 1470 3182 3547 3533 0 1439 1030 1271 2990 2819 2147 2409 2573 1554 1236 4457 3120 883 212 2539 2674 2539 2871 1816 1718 1267 1746 2499 2586 2367 1632 3062 587 2793 2723
501 1557 984 2694 1436 1269 815 1122 1156 936 2424 119 377 3836 1599 2480 1501 1492 3113 1712 3555 1777 4175 1002 800 1473 1230 1379 2732 730 2394 2445 298 3886 1569 763 572 3322 699 2210 3083 2998 1849 635 1772 4076 2122 1439 0 886 1127 1579 3464 736 2265 2428 355 2648 3046 1709 2118 1448 3783 1263 3757 3482 1672 3131 2679 1602 1088 3706 3779 1488 4475 911 3485 1312
1359 724 1842 2285 1027 2127 1673 1980 2014 1794 2015 903 1235 3428 2458 2071 667 2350 2704 2570 2722 2635 3767 1860 392 2331 2088 970 2324 1588 1985 2036 1156 3053 1160 1622 1430 4180 1557 2290 3941 3856 1016 917 2630 3243 2980 1030 886 0 294 2437 2631 1594 1432 1595 1002 2240 3904 2567 1710 1039 2950 1745 2924 2649 839 2723 2271 769 1947 2874 3132 655 4066 502 2652 2170
1600 479 1814 2526 1268 2369 1914 2221 1985 2035 2256 1144 1476 3669 2699 2312 423 2591 2945 2542 2478 2454 4008 1831 633 2303 2059 1212 2565 1829 2227 2278 1397 2808 1401 1798 1671 4151 1798 2045 3912 3827 771 1159 2601 2998 2951 1271 1127 294 0 2678 2386 1832 1187 1350 1243 2481 3875 2521 1951 1280 2705 1500 2679 2404 594 2964 2512 524 1918 2629 2887 410 4055 743 2407 2141
1135 2259 927 4245 2987 347 795 502 952 663 3975 1670 1293 5387 306 4031 2361 198 4508 1508 3455 1573 5340 927 2351 1269 1026 2930 4283 1123 3945 3996 1318 3753 3120 1154 1809 3117 1092 2006 2879 2794 2034 2186 1567 3976 1918 2990 1579 2437 2678 0 3364 1129 2450 2614 1906 4199 2842 1505 3670 2999 3683 1448 3657 3382 2158 4499 4230 2425 884 3606 3865 2436 5033 2462 3385 1108
3021 1930 2609 1591 3538 3055 3093 2955 2452 3115 1862 3481 3178 3885 3385 1814 2032 3277 1178 2421 125 1865 2126 2608 2970 2320 2391 2937 1838 2780 4203 1883 3203 571 2709 2732 3694 4045 2808 1456 3806 3721 1673 3496 2545 761 2896 2819 3464 2631 2386 3364 0 2766 1475 1136 3580 1651 3769 1932 3676 3005 353 2434 326 85 1829 1169 1785 2096 2516 276 535 2107 1818 3080 55 2276
292 1376 287 3402 2143 820 365 672 458 486 3131 827 450 4544 1150 3187 1478 1042 3821 1014 2857 1079 4742 304 1508 775 532 2087 3440 217 3102 3153 474 3188 2276 179 966 2624 186 1512 2385 2300 1151 1342 1074 3378 1424 2147 736 1594 1832 1129 2766 0 1567 1730 1063 3356 2348 1011 2826 2155 3085 565 3059 2784 1275 3839 3387 1542 391 3008 3267 1553 4435 1618 2787 614
1821 731 1548 3032 2406 2141 1894 2041 1720 2015 3303 2282 1979 4807 2471 3255 833 2364 2619 2118 1567 1543 3452 1566 1771 1998 1794 2350 3279 1581 3365 3325 2004 1897 2539 1533 2495 3742 1609 1134 3503 3418 474 2297 2224 2087 2574 2409 2265 1432 1187 2450 1475 1567 0 440 2381 3093 3466 1611 3089 2418 1794 1235 1768 1493 630 2610 3226 897 1653 1718 1976 908 3144 1881 1497 1876
1985 894 1712 2693 2570 2304 2057 2204 1791 2178 2964 2446 2142 4970 2634 2916 996 2527 2280 1779 1228 1204 3113 1729 1934 1659 1730 2513 2940 1744 3528 2986 2167 1558 2703 1696 2658 3403 1773 795 3164 3079 637 2460 1885 1748 2235 2573 2428 1595 1350 2614 1136 1730 440 0 2544 2754 3127 1272 3253 2582 1455 1398 1429 1154 793 2271 2887 1060 1816 1379 1637 1071 2805 2045 1158 1616
828 1673 1312 2810 1551 1597 1142 1449 1483 1263 2539 372 704 3952 1927 2595 1616 1819 3229 2040 3671 2104 4291 1329 916 1801 1557 1495 2848 1057 2510 2561 625 4002 1684 1091 899 3649 1026 2537 3410 3325 1965 750 2099 4192 2449 1554 355 1002 1243 1906 3580 1063 2381 2544 0 2764 3373 2036 2234 1563 3899 1590 3873 3598 1787 3247 2795 1718 1416 3822 3895 1603 4591 1026 3601 1639
3122 2911 3605 113 1954 3890 3435 3742 3777 3556 278 2665 2998 2301 4220 230 2854 4113 532 4038 1552 3482 2640 3623 1898 3937 3851 1353 254 3350 2619 299 2919 2188 1125 3384 3192 5662 3319 3073 5423 5339 3203 2680 4163 2379 4513 1236 2648 2240 2481 4199 1651 3356 3093 2754 2764 0 5386 3550 2092 1422 1370 3883 1371 1703 3026 550 201 2956 3709 1417 1198 2842 2940 1797 1625 3894
2620 3437 2105 5352 4471 2550 2693 2450 1947 2610 5459 3155 2777 6872 2880 5515 3538 2773 4939 1906 3886 2017 5767 2104 3836 1625 1886 4415 5599 2379 5430 5481 2802 4111 4604 2331 3294 734 2408 2450 984 91 3212 3670 1323 4403 1564 4474 3064 3922 3893 2859 3795 2366 3486 3147 3391 5412 0 1949 5154 4483 4114 2625 4087 3813 3335 4930 5546 3603 2012 4037 4296 3613 5459 3946 3816 1772
1265 2065 750 3489 3116 1195 1338 1095 592 1255 3760 1800 1423 5517 1525 3712 2167 1418 3076 581 2023 141 3909 749 2481 461 531 3060 3736 1024 4075 3782 1448 2354 3249 976 1939 2204 1053 574 1965 1881 1808 2316 686 2544 1036 3120 1709 2567 2521 1505 1932 1011 1611 1272 2036 3550 1929 0 3799 3128 2251 1271 2225 1950 1964 3067 3683 2231 657 2175 2433 2242 3601 2591 1953 417
2592 2381 3075 2138 1424 3360 2905 3212 3247 3026 1868 2135 2468 3280 3690 1924 2325 3583 2557 3803 3577 3867 3620 3093 1368 3564 3321 792 2176 2821 2089 1889 2389 4214 1013 2854 2663 5412 2789 3947 5173 5089 2673 2150 3862 4404 4213 883 2118 1710 1951 3670 3676 2826 3089 3253 2234 2092 5137 3799 0 716 3395 3353 3396 3728 2496 2575 2123 2426 3179 3442 3223 2312 3919 1267 3650 3403
1921 1710 2404 1467 753 2689 2234 2542 2576 2355 1197 1465 1797 2610 3019 1253 1654 2912 1886 3132 2906 3197 2949 2422 697 2893 2650 134 1506 2150 1419 1218 1718 3543 342 2183 1992 4741 2119 3276 4502 4418 2002 1479 3191 3733 3542 212 1448 1039 1280 2999 3005 2155 2418 2582 1563 1422 4466 3128 716 0 2724 2683 2725 3057 1825 1904 1453 1755 2508 2772 2552 1641 3248 596 2979 2732
3340 2249 2928 1310 3257 3374 3412 3274 2771 3434 1581 3800 3497 3604 3704 1533 2351 3597 897 2740 253 2184 2445 2928 3201 2639 2710 2656 1557 3099 3922 1602 3522 890 2428 3051 4013 4364 3127 1775 4125 4040 1992 3815 2865 1081 3215 2539 3783 2950 2705 3683 353 3085 1794 1455 3899 1370 4088 2251 3395 2724 0 2753 73 404 2148 888 1504 2415 2835 119 254 2426 2137 3100 327 2595
819 1044 546 3929 2671 1139 892 1039 718 1013 3659 1354 977 5071 1469 3715 1146 1361 3578 1274 2525 1339 4410 564 2035 1035 792 2614 3967 578 3629 3680 1002 2856 2804 530 1493 2883 607 1772 2645 2560 819 1870 1333 3046 1684 2674 1263 1745 1500 1448 2434 565 1235 1398 1590 3883 2608 1271 3353 2683 2753 0 2727 2452 943 3569 3914 1210 650 2676 2935 1221 4103 2146 2455 874
3313 2223 2902 1310 3258 3347 3386 3247 2744 3407 1581 3774 3470 3605 3677 1534 2324 3570 898 2714 227 2157 2418 2901 3201 2613 2683 2657 1558 3072 3923 1603 3495 864 2429 3024 3987 4337 3101 1748 4098 4014 1965 3788 2838 1054 3188 2539 3757 2924 2679 3657 326 3059 1768 1429 3873 1371 4062 2225 3396 2725 73 2727 0 378 2121 889 1505 2389 2809 93 255 2399 2110 3100 300 2569
3039 1948 2627 1642 3589 3073 3111 2973 2470 3133 1913 3499 3196 3936 3403 1865 2050 3295 1229 2439 176 1883 2144 2626 2988 2338 2409 2988 1889 2798 4254 1935 3221 589 2760 2750 3712 4063 2826 1474 3824 3739 1691 3514 2563 779 2914 2871 3482 2649 2404 3382 85 2784 1493 1154 3598 1703 3787 1950 3728 3057 404 2452 378 0 1847 1220 1836 2114 2534 328 586 2125 1836 3098 106 2294
1529 138 1256 3071 1813 1848 1602 1748 1428 1723 2801 1689 1686 4214 2178 2857 239 2071 2973 1984 1920 1897 3805 1274 1178 1745 1502 1756 3110 1288 2771 2822 1711 2250 1946 1240 2203 3593 1317 1487 3354 3270 214 1703 2043 2441 2394 1816 1672 839 594 2158 1829 1275 630 793 1787 3026 3318 1964 2496 1825 2148 943 2121 1847 0 2964 3057 304 1360 2071 2330 314 3497 1288 1850 1584
3605 3065 3744 490 2437 4190 3918 4090 3587 4039 761 3148 3481 2784 4520 713 3167 4412 202 3556 1069 3000 3123 3743 2381 3455 3526 1836 737 3833 3102 782 3401 1706 1608 3867 3675 5180 3802 2591 4941 4856 2808 3163 3680 1896 4031 1718 3131 2723 2964 4499 1169 3839 2610 2271 3247 550 4904 3067 2575 1904 888 3569 889 1220 2964 0 684 3231 3651 935 716 3242 2953 2280 1142 3411
3153 2942 3636 247 1985 3921 3466 3773 3808 3587 309 2696 3029 2332 4251 261 2885 4144 666 4172 1685 3616 2671 3654 1929 4071 3882 1384 82 3381 2650 330 2950 2322 1156 3415 3223 5796 3350 3207 5557 5472 3234 2711 4296 2513 4647 1267 2679 2271 2512 4230 1785 3387 3226 2887 2795 201 5520 3683 2123 1453 1504 3914 1505 1836 3057 684 0 2987 3740 1551 1332 2873 2971 1828 1759 3964
1797 189 1524 3001 1743 2116 1869 2016 1695 1990 2731 1619 1951 4144 2446 2787 183 2339 3240 2251 2187 2164 4072 1541 1108 2012 1769 1687 3040 1556 2702 2753 1872 2518 1876 1508 2146 3861 1584 1755 3622 3537 481 1634 2311 2708 2661 1746 1602 769 524 2425 2096 1542 897 1060 1718 2956 3585 2231 2426 1755 2415 1210 2389 2114 304 3231 2987 0 1628 2338 2597 244 3765 1218 2117 1851
645 1462 130 3755 2496 575 718 475 104 635 3484 1180 802 4897 905 3540 1563 798 3660 661 2607 725 4493 129 1861 422 178 2440 3793 404 3455 3506 827 2905 2629 356 1319 2270 433 1158 2031 1946 1237 1695 720 3128 1070 2499 1088 1947 1918 884 2516 391 1653 1816 1416 3709 1994 657 3179 2508 2835 650 2809 2534 1360 3651 3740 1628 0 2759 3017 1638 4185 1971 2537 260
3263 2173 2852 1357 3304 3297 3336 3197 2694 3357 1628 3724 3420 3651 3627 1580 2274 3520 944 2663 177 2107 2368 2851 3213 2562 2633 2703 1604 3022 3969 1649 3445 814 2475 2974 3936 4287 3051 1698 4048 3964 1915 3738 2788 1004 3138 2586 3706 2874 2629 3606 276 3008 1718 1379 3822 1417 4011 2175 3442 2772 119 2676 93 328 2071 935 1551 2338 2759 0 301 2349 2060 3147 250 2519
3522 2431 3110 1138 3085 3556 3594 3456 2953 3616 1409 3796 3679 3432 3886 1361 2533 3778 725 2922 435 2366 2627 3110 3029 2821 2892 2484 1385 3281 3750 1430 3704 1072 2256 3233 4195 4546 3309 1957 4307 4222 2174 3811 3046 1263 3397 2367 3779 3132 2887 3865 535 3267 1976 1637 3895 1198 4270 2433 3223 2552 254 2935 255 586 2330 716 1332 2597 3017 301 0 2608 2319 2928 509 2777
1807 200 1534 2887 1629 2127 1880 2027 1706 2001 2617 1505 1837 4029 2457 2673 143 2349 3251 2262 2198 2175 4083 1552 994 2023 1780 1572 2925 1566 2587 2638 1758 2529 1762 1518 2032 3871 1595 1766 3632 3548 492 1519 2321 2719 2672 1632 1488 655 410 2436 2107 1553 908 1071 1603 2842 3596 2242 2312 1641 2426 1221 2399 2125 314 3242 2873 244 1638 2349 2608 0 3775 1104 2128 1862
4689 3599 4278 2985 3781 4723 4762 4623 4120 4784 2715 4492 4824 2688 5053 2771 3700 4946 2962 4088 1909 3534 356 4277 3724 3989 4060 3180 3024 4448 4446 2736 4745 1919 2952 4400 5019 5712 4477 3124 5473 5388 3341 4507 4214 1084 4564 3062 4475 4066 4055 5033 1818 4435 3144 2805 4591 2940 5436 3601 3919 3248 2137 4103 2110 1836 3497 2953 2971 3765 4185 2060 2319 3775 0 3624 1839 3945
1384 1173 1867 1842 584 2152 1697 2005 2039 1818 1572 928 1260 2985 2482 1628 1117 2375 2261 2595 3172 2659 3324 1885 160 2356 2113 528 1881 1613 1543 1594 1181 3502 717 1646 1455 4204 1581 2739 3965 3881 1465 942 2654 3692 3005 587 911 502 743 2462 3080 1618 1881 2045 1026 1797 3929 2591 1267 596 3100 2146 3100 3098 1288 2280 1828 1218 1971 3147 2928 1104 3624 0 3102 2195
3042 1951 2630 1564 3511 3076 3114 2976 2473 3136 1835 3503 3199 3858 3406 1787 2053 3299 1152 2442 99 1886 2147 2630 2991 2341 2412 2910 1812 2801 4177 1857 3224 592 2682 2753 3715 4066 2829 1477 3827 3742 1694 3517 2567 783 2917 2793 3485 2652 2407 3385 55 2787 1497 1158 3601 1625 3790 1953 3650 2979 327 2455 300 106 1850 1142 1759 2117 2537 250 509 2128 1839 3102 0 2297
868 1685 353 3833 2720 798 941 698 196 859 3708 1403 1026 5120 1128 3764 1787 1021 3420 420 2367 485 4253 352 2085 181 135 2663 4016 627 3678 3729 1051 2665 2853 579 1542 2030 656 918 1791 1706 1460 1919 480 2888 830 2723 1312 2170 2141 1108 2276 614 1876 1616 1639 3894 1754 417 3403 2732 2595 874 2569 2294 1584 3411 3964 1851 260 2519 2777 1862 3945 2195 2297 0
EOF