NAME : tsp_problem
TYPE : TSP
DIMENSION : 24
EDGE_WEIGHT_TYPE : EXPLICIT
EDGE_WEIGHT_FORMAT : FULL_MATRIX
EDGE_WEIGHT_SECTION
0 3591 1962 1694 1699 791 1828 1684 1742 675 1574 3584 1358 3079 2175 1499 1365 2156 2069 1805 1775 951 2200 1600
3609 0 2224 3340 2625 3423 4741 3053 2420 4228 2944 509 2288 5657 5088 3538 2520 3135 4313 2358 3016 2912 3570 2969
1962 2204 0 1709 473 1272 3110 1423 269 2580 1313 2197 657 3518 3457 1907 889 1505 2175 206 864 1281 1939 1338
1694 3322 1709 0 2109 2428 1429 377 1904 1076 790 3315 1088 2680 1776 226 1095 1579 3706 1842 2500 1273 572 815
1699 2604 473 2109 0 1008 3471 1823 253 2317 1713 2597 1057 3255 3818 2307 1289 1905 1911 316 601 1681 2339 1738
791 3403 1272 2428 1008 0 2563 2142 1052 1409 2032 3396 1816 2722 2910 2233 1823 2614 1379 1115 1085 1409 2658 2057
1828 4723 3110 1429 3471 2563 0 1778 3306 1211 2191 4716 2490 1274 371 1234 2497 2980 2577 3243 3548 2675 1973 2216
1684 3035 1423 377 1823 2142 1778 0 1618 1426 503 3028 802 3029 2126 575 809 1293 3420 1556 2214 987 607 529
1742 2400 269 1904 253 1052 3306 1618 0 2361 1508 2393 853 3299 3653 2103 1085 1700 1955 161 644 1477 2134 1534
675 4210 2580 1076 2317 1409 1211 1426 2361 0 1838 4202 1976 2462 1558 881 1983 2628 2687 2423 2394 1570 1621 1863
1574 2926 1313 790 1713 2032 2191 503 1508 1838 0 2919 693 3442 2538 988 699 815 3310 1446 2104 878 1020 51
3602 509 2217 3332 2617 3416 4734 3046 2413 4220 2936 0 2281 5650 5081 3531 2513 3128 4306 2350 3009 2905 3562 2962
1358 2270 657 1088 1057 1816 2490 802 853 1976 693 2263 0 3741 2837 1287 269 884 2759 790 1448 661 1319 718
3079 5631 3518 2680 3255 2722 1274 3029 3299 2462 3442 5624 3741 0 975 2485 3747 4231 1370 3361 3332 3926 3224 3467
2175 5070 3457 1776 3818 2910 371 2126 3653 1558 2538 5063 2837 975 0 1581 2844 3327 2277 3590 3895 3022 2320 2563
1499 3520 1907 226 2307 2233 1234 575 2103 881 988 3513 1287 2485 1581 0 1293 1777 3511 2040 2698 1472 770 1013
1365 2502 889 1095 1289 1823 2497 809 1085 1983 699 2495 269 3747 2844 1293 0 1067 2991 1022 1680 668 1325 725
2156 3117 1505 1579 1905 2614 2980 1293 1700 2628 815 3110 884 4231 3327 1777 1067 0 3606 1638 2296 1459 1809 795
2069 4287 2175 3706 1911 1379 2577 3420 1955 2687 3310 4280 2759 1370 2277 3511 2991 3606 0 2018 1988 2687 3936 3336
1805 2337 206 1842 316 1115 3243 1556 161 2423 1446 2330 790 3361 3590 2040 1022 1638 2018 0 707 1414 2072 1471
1775 2995 864 2500 601 1085 3548 2214 644 2394 2104 2988 1448 3332 3895 2698 1680 2296 1988 707 0 2072 2730 2129
951 2894 1281 1273 1681 1409 2675 987 1477 1570 878 2887 661 3926 3022 1472 668 1459 2687 1414 2072 0 1503 903
2200 3552 1939 572 2339 2658 1973 607 2134 1621 1020 3545 1319 3224 2320 770 1325 1809 3936 2072 2730 1503 0 1045
1600 2951 1338 815 1738 2057 2216 529 1534 1863 51 2944 718 3467 2563 1013 725 795 3336 1471 2129 903 1045 0
EOF