NAME : tsp_problem
TYPE : TSP
DIMENSION : 36
EDGE_WEIGHT_TYPE : EXPLICIT
EDGE_WEIGHT_FORMAT : FULL_MATRIX
EDGE_WEIGHT_SECTION
0 258 379 507 326 52 135 348 450 62 423 348 352 336 81 420 379 54 145 496 398 419 508 357 336 371 264 428 509 150 88 361 479 313 417 410
258 0 151 279 98 247 166 231 222 258 195 231 178 108 277 192 151 249 145 268 170 191 280 129 108 143 35 200 281 181 284 244 251 85 189 292
379 151 0 165 169 369 287 352 197 379 221 353 248 178 398 221 221 370 266 153 87 107 166 55 179 59 146 85 167 302 405 365 137 98 227 414
507 279 165 0 297 496 415 480 113 507 136 481 266 212 526 137 177 498 394 173 214 235 21 183 306 187 274 102 38 430 533 493 157 226 143 432
326 98 169 297 0 315 234 299 239 326 212 299 195 125 345 209 168 317 213 285 188 208 297 146 42 160 93 217 298 249 352 312 268 103 206 360
52 247 369 496 315 0 125 337 439 51 412 338 341 325 70 409 368 43 134 485 388 408 497 346 325 360 253 417 498 139 77 350 468 303 406 399
135 166 287 415 234 125 0 256 358 135 331 256 260 244 154 328 287 126 53 404 306 327 416 265 244 279 172 336 417 46 161 269 387 221 325 318
348 231 352 480 299 337 256 0 422 347 395 80 270 308 366 392 351 339 234 468 371 391 481 330 309 344 236 400 481 270 373 44 451 286 390 327
450 222 197 113 239 439 358 422 0 449 60 423 189 135 468 60 101 441 337 218 247 267 114 215 249 219 217 135 130 372 475 436 201 226 66 356
62 258 379 507 326 51 135 347 449 0 422 348 351 335 81 419 378 53 144 495 398 418 507 357 336 371 263 427 508 149 88 360 478 313 417 409
423 195 221 136 212 412 331 395 60 422 0 396 162 108 441 37 73 414 309 241 270 291 137 239 222 243 189 158 154 345 448 408 225 199 39 328
348 231 353 481 299 338 256 80 423 348 396 0 271 309 367 393 352 340 235 469 372 392 481 330 309 344 237 401 482 271 374 93 452 287 390 328
352 178 248 266 195 341 260 270 189 351 162 271 0 91 371 159 119 343 239 364 267 288 267 226 205 240 172 288 284 275 378 283 348 182 157 202
336 108 178 212 125 325 244 308 135 335 108 309 91 0 354 105 64 327 223 294 197 218 213 156 135 170 102 226 230 258 361 322 278 112 103 258
81 277 398 526 345 70 154 366 468 81 441 367 371 354 0 438 398 72 163 514 417 437 527 376 355 390 282 446 527 169 29 380 498 332 436 428
420 192 221 137 209 409 328 392 60 419 37 393 159 105 438 0 71 411 307 241 270 291 137 239 219 243 187 158 154 342 445 406 225 196 36 326
379 151 221 177 168 368 287 351 101 378 73 352 119 64 398 71 0 370 266 282 240 261 178 199 178 213 146 199 195 302 404 365 266 155 72 285
54 249 370 498 317 43 126 339 441 53 414 340 343 327 72 411 370 0 136 487 389 410 499 348 327 362 255 419 500 141 79 352 470 304 408 401
145 145 266 394 213 134 53 234 337 144 309 235 239 223 163 307 266 136 0 382 285 306 395 244 223 258 150 314 396 67 170 248 366 200 304 296
496 268 153 173 285 485 404 468 218 495 241 469 364 294 514 241 282 487 382 0 203 223 175 171 295 176 262 106 175 418 521 481 35 214 247 530
398 170 87 214 188 388 306 371 247 398 270 372 267 197 417 270 240 389 285 203 0 71 215 74 198 54 165 135 216 321 424 384 186 117 276 433
419 191 107 235 208 408 327 391 267 418 291 392 288 218 437 291 261 410 306 223 71 0 236 95 218 74 186 155 236 341 444 405 207 137 297 453
508 280 166 21 297 497 416 481 114 507 137 481 267 213 527 137 178 499 395 175 215 236 0 184 307 188 275 103 39 431 534 494 158 227 143 433
357 129 55 183 146 346 265 330 215 357 239 330 226 156 376 239 199 348 244 171 74 95 184 0 156 47 124 103 184 280 383 343 155 76 237 391
336 108 179 306 42 325 244 309 249 336 222 309 205 135 355 219 178 327 223 295 198 218 307 156 0 170 103 227 308 259 362 322 278 113 216 370
371 143 59 187 160 360 279 344 219 371 243 344 240 170 390 243 213 362 258 176 54 74 188 47 170 0 138 108 189 294 397 357 159 90 249 405
264 35 146 274 93 253 172 236 217 263 189 237 172 102 282 187 146 255 150 262 165 186 275 124 103 138 0 194 275 186 289 249 246 80 184 298
428 200 85 102 217 417 336 400 135 427 158 401 288 226 446 158 199 419 314 106 135 155 103 103 227 108 194 0 119 350 453 413 89 146 164 454
509 281 167 38 298 498 417 481 130 508 154 482 284 230 527 154 195 500 396 175 216 236 39 184 308 189 275 119 0 431 534 495 158 227 160 450
150 181 302 430 249 139 46 270 372 149 345 271 275 258 169 342 302 141 67 418 321 341 431 280 259 294 186 350 431 0 176 284 402 236 340 332
88 284 405 533 352 77 161 373 475 88 448 374 378 361 29 445 404 79 170 521 424 444 534 383 362 397 289 453 534 176 0 387 505 339 443 435
361 244 365 493 312 350 269 44 436 360 408 93 283 322 380 406 365 352 248 481 384 405 494 343 322 357 249 413 495 284 387 0 465 299 403 341
479 251 137 157 268 468 387 451 201 478 225 452 348 278 498 225 266 470 366 35 186 207 158 155 278 159 246 89 158 402 505 465 0 197 231 513
313 85 98 226 103 303 221 286 226 313 199 287 182 112 332 196 155 304 200 214 117 137 227 76 113 90 80 146 227 236 339 299 197 0 194 348
417 189 227 143 206 406 325 390 66 417 39 390 157 103 436 36 72 408 304 247 276 297 143 237 216 249 184 164 160 340 443 403 231 194 0 323
410 292 414 432 360 399 318 327 356 409 328 328 202 258 428 326 285 401 296 530 433 453 433 391 370 405 298 454 450 332 435 341 513 348 323 0
EOF