NAME : tsp_problem
TYPE : TSP
DIMENSION : 46
EDGE_WEIGHT_TYPE : EXPLICIT
EDGE_WEIGHT_FORMAT : FULL_MATRIX
EDGE_WEIGHT_SECTION
0 99 217 154 216 201 233 400 204 458 230 218 125 125 252 323 124 207 134 203 322 110 239 155 113 225 234 189 98 203 210 232 87 138 227 95 217 149 92 301 369 240 117 189 354 263
99 0 202 152 201 200 231 398 189 457 215 217 123 110 237 321 123 206 132 188 320 108 224 153 98 224 219 187 96 201 195 217 85 123 225 79 201 134 77 300 367 225 116 187 352 261
217 202 0 295 76 369 222 568 145 537 183 386 293 131 205 490 292 375 302 144 490 278 181 323 192 393 175 356 266 370 70 173 255 218 227 174 76 228 186 469 537 182 285 357 522 430
154 152 295 0 294 111 109 439 213 497 166 257 51 230 188 361 163 117 173 226 232 149 200 194 217 264 202 220 137 242 287 209 86 243 103 199 294 254 168 340 279 201 56 99 393 173
216 201 76 294 0 368 221 567 144 536 182 385 292 130 204 489 291 374 301 143 489 277 180 322 191 392 174 355 265 369 25 172 254 217 227 173 19 227 185 468 536 181 284 356 521 429
201 200 369 111 368 0 190 421 294 479 247 239 98 277 269 344 211 43 220 307 158 196 281 241 265 192 283 145 184 224 362 290 134 290 184 247 369 301 215 268 205 282 103 47 375 99
233 231 222 109 221 190 0 518 140 576 93 336 129 182 115 440 242 196 252 153 311 228 127 273 243 343 129 298 216 320 214 136 165 269 63 225 221 280 237 419 358 128 135 177 472 252
400 398 568 439 567 421 518 0 538 138 574 212 410 475 597 298 314 407 419 537 445 395 574 440 463 348 568 312 332 255 560 566 372 489 512 445 567 499 414 424 492 575 402 431 329 385
204 189 145 213 144 294 140 538 0 473 101 373 233 118 124 477 279 300 289 65 415 265 50 310 179 380 52 343 253 357 138 59 242 204 146 161 144 215 173 456 462 51 239 281 509 356
458 457 537 497 536 479 576 138 473 0 560 271 468 510 583 356 372 465 477 472 503 453 509 498 522 407 503 370 390 313 530 501 430 547 570 503 536 558 472 483 550 510 460 489 387 444
230 215 183 166 182 247 93 574 101 560 0 393 186 144 77 497 299 253 308 115 368 285 88 329 205 400 90 355 273 377 176 97 222 230 99 187 182 241 198 476 415 89 192 234 529 309
218 217 386 257 385 239 336 212 373 271 393 0 228 294 415 135 132 225 237 372 263 213 408 258 281 166 403 130 150 73 379 401 190 307 330 263 385 318 232 243 310 409 220 249 167 204
125 123 293 51 292 98 129 410 233 468 186 228 0 200 209 332 134 104 144 247 219 120 220 165 188 235 223 198 108 212 285 230 60 214 123 170 292 224 139 311 266 221 30 85 364 160
125 110 131 230 130 277 182 475 118 510 144 294 200 0 166 398 200 283 209 117 397 186 152 230 100 301 148 264 174 278 123 146 163 125 188 82 130 136 93 377 444 154 193 264 429 338
252 237 205 188 204 269 115 597 124 583 77 415 209 166 0 520 321 275 331 137 391 307 111 352 227 422 113 378 295 400 198 120 244 253 121 209 205 263 221 498 438 112 214 257 551 331
323 321 490 361 489 344 440 298 477 356 497 135 332 398 520 0 237 329 341 476 368 317 512 362 386 271 507 234 255 177 483 505 294 411 434 368 490 422 336 347 415 513 325 353 87 308
124 123 292 163 291 211 242 314 279 372 299 132 134 200 321 237 0 198 143 278 236 119 314 164 188 139 309 103 56 117 285 307 96 213 236 169 291 224 138 216 283 315 126 198 268 177
207 206 375 117 374 43 196 407 300 465 253 225 104 283 275 329 198 0 226 313 144 202 287 247 271 177 289 131 190 209 368 296 140 296 190 253 375 307 221 253 191 288 109 53 361 85
134 132 302 173 301 220 252 419 289 477 308 237 144 209 331 341 143 226 0 287 341 80 323 54 197 244 318 207 117 221 294 317 106 223 246 179 301 233 148 320 388 324 136 208 373 281
203 188 144 226 143 307 153 537 65 472 115 372 247 117 137 476 278 313 287 0 429 264 63 308 178 379 65 342 252 356 136 72 241 203 159 160 143 214 171 455 476 64 252 295 508 369
322 320 490 232 489 158 311 445 415 503 368 263 219 397 391 368 236 144 341 429 0 317 402 362 385 216 404 169 254 248 482 411 255 411 305 367 489 421 336 292 71 403 224 168 399 111
110 108 278 149 277 196 228 395 265 453 285 213 120 186 307 317 119 202 80 264 317 0 300 101 173 220 295 184 93 198 271 293 82 199 222 155 277 210 124 296 364 301 112 184 349 257
239 224 181 200 180 281 127 574 50 509 88 408 220 152 111 512 314 287 323 63 402 300 0 344 214 415 39 378 287 392 173 46 256 239 133 196 180 250 207 491 449 38 226 268 543 343
155 153 323 194 322 241 273 440 310 498 329 258 165 230 352 362 164 247 54 308 362 101 344 0 218 265 340 228 138 242 315 338 127 244 267 200 322 254 169 341 409 345 157 229 394 302
113 98 192 217 191 265 243 463 179 522 205 281 188 100 227 386 188 271 197 178 385 173 214 218 0 289 209 252 161 266 185 207 150 57 249 45 191 68 81 365 432 215 181 252 417 326
225 224 393 264 392 192 343 348 380 407 400 166 235 301 422 271 139 177 244 379 216 220 415 265 289 0 410 82 157 151 386 408 197 314 337 270 392 325 239 105 263 416 227 201 302 156
234 219 175 202 174 283 129 568 52 503 90 403 223 148 113 507 309 289 318 65 404 295 39 340 209 410 0 373 283 387 168 48 258 234 135 191 174 245 203 486 451 40 228 271 539 345
189 187 356 220 355 145 298 312 343 370 355 130 198 264 378 234 103 131 207 342 169 184 378 228 252 82 373 0 121 114 349 371 161 278 292 234 356 288 202 158 216 379 191 155 266 110
98 96 266 137 265 184 216 332 253 390 273 150 108 174 295 255 56 190 117 252 254 93 287 138 161 157 283 121 0 135 258 281 70 187 210 143 265 198 112 233 301 289 100 172 286 195
203 201 370 242 369 224 320 255 357 313 377 73 212 278 400 177 117 209 221 356 248 198 392 242 266 151 387 114 135 0 363 385 175 292 314 248 370 302 216 227 295 393 205 234 209 188
210 195 70 287 25 362 214 560 138 530 176 379 285 123 198 483 285 368 294 136 482 271 173 315 185 386 168 349 258 363 0 166 247 210 220 166 28 221 178 462 529 174 278 349 514 423
232 217 173 209 172 290 136 566 59 501 97 401 230 146 120 505 307 296 317 72 411 293 46 338 207 408 48 371 281 385 166 0 265 233 142 189 172 243 201 484 458 47 235 278 537 352
87 85 255 86 254 134 165 372 242 430 222 190 60 163 244 294 96 140 106 241 255 82 256 127 150 197 258 161 70 175 247 265 0 176 159 132 254 187 101 273 302 257 65 121 326 195
138 123 218 243 217 290 269 489 204 547 230 307 214 125 253 411 213 296 223 203 411 199 239 244 57 314 234 278 187 292 210 233 176 0 275 70 217 39 107 390 458 240 206 278 443 351
227 225 227 103 227 184 63 512 146 570 99 330 123 188 121 434 236 190 246 159 305 222 133 267 249 337 135 292 210 314 220 142 159 275 0 231 227 285 241 413 352 134 129 171 466 246
95 79 174 199 173 247 225 445 161 503 187 263 170 82 209 368 169 253 179 160 367 155 196 200 45 270 191 234 143 248 166 189 132 70 231 0 173 81 63 347 414 197 162 234 399 308
217 201 76 294 19 369 221 567 144 536 182 385 292 130 205 490 291 375 301 143 489 277 180 322 191 392 174 356 265 370 28 172 254 217 227 173 0 228 185 469 536 181 284 356 521 430
149 134 228 254 227 301 280 499 215 558 241 318 224 136 263 422 224 307 233 214 421 210 250 254 68 325 245 288 198 302 221 243 187 39 285 81 228 0 117 401 468 251 217 288 453 362
92 77 186 168 185 215 237 414 173 472 198 232 139 93 221 336 138 221 148 171 336 124 207 169 81 239 203 202 112 216 178 201 101 107 241 63 185 117 0 315 383 208 131 203 368 276
301 300 469 340 468 268 419 424 456 483 476 243 311 377 498 347 216 253 320 455 292 296 491 341 365 105 486 158 233 227 462 484 273 390 413 347 469 401 315 0 339 492 304 278 378 232
369 367 537 279 536 205 358 492 462 550 415 310 266 444 438 415 283 191 388 476 71 364 449 409 432 263 451 216 301 295 529 458 302 458 352 414 536 468 383 339 0 450 271 215 446 158
240 225 182 201 181 282 128 575 51 510 89 409 221 154 112 513 315 288 324 64 403 301 38 345 215 416 40 379 289 393 174 47 257 240 134 197 181 251 208 492 450 0 227 269 545 344
117 116 285 56 284 103 135 402 239 460 192 220 30 193 214 325 126 109 136 252 224 112 226 157 181 227 228 191 100 205 278 235 65 206 129 162 284 217 131 304 271 227 0 91 356 165
189 187 357 99 356 47 177 431 281 489 234 249 85 264 257 353 198 53 208 295 168 184 268 229 252 201 271 155 172 234 349 278 121 278 171 234 356 288 203 278 215 269 91 0 385 109
354 352 522 393 521 375 472 329 509 387 529 167 364 429 551 87 268 361 373 508 399 349 543 394 417 302 539 266 286 209 514 537 326 443 466 399 521 453 368 378 446 545 356 385 0 340
263 261 430 173 429 99 252 385 356 444 309 204 160 338 331 308 177 85 281 369 111 257 343 302 326 156 345 110 195 188 423 352 195 351 246 308 430 362 276 232 158 344 165 109 340 0
EOF