NAME : tsp_problem
TYPE : TSP
DIMENSION : 66
EDGE_WEIGHT_TYPE : EXPLICIT
EDGE_WEIGHT_FORMAT : FULL_MATRIX
EDGE_WEIGHT_SECTION
0 287 289 90 106 59 121 326 89 312 214 106 132 276 146 250 118 82 279 238 261 117 229 279 199 303 200 138 191 205 111 69 275 100 312 162 150 335 75 114 129 272 352 196 119 69 212 194 202 282 291 55 305 217 207 96 355 322 129 142 403 256 260 256 308 282
287 0 80 352 212 295 227 490 266 476 224 369 227 538 310 414 381 345 541 173 523 281 393 70 209 467 210 180 400 215 246 255 537 363 476 160 314 500 338 239 293 534 516 121 283 285 222 358 145 72 40 318 469 205 371 260 519 486 293 306 568 154 148 134 472 544
289 80 0 355 215 298 230 493 268 479 227 372 230 541 313 417 384 348 544 176 526 284 396 29 211 470 213 183 403 218 248 258 540 366 479 163 317 502 341 242 296 537 519 124 286 288 224 361 148 26 85 321 472 208 374 263 522 489 296 309 571 157 151 137 475 547
90 352 355 0 172 95 187 353 124 285 280 47 167 217 212 222 58 40 219 274 202 183 201 345 265 275 266 204 131 271 147 117 215 50 285 227 216 363 45 149 195 212 379 262 185 104 278 221 237 348 357 66 277 253 234 162 382 349 195 208 431 291 296 292 280 222
106 212 215 172 0 141 90 309 171 296 140 189 214 358 130 233 200 165 361 227 343 101 213 205 124 287 126 82 219 131 194 74 356 182 296 87 134 319 158 196 113 354 335 122 103 151 137 177 187 208 217 138 289 247 190 80 338 306 113 126 387 208 202 188 291 363
59 295 298 95 141 0 156 361 81 348 250 111 103 281 181 285 123 87 284 209 266 153 264 287 234 338 235 173 196 240 87 86 279 105 348 197 186 371 80 85 164 277 387 232 154 61 247 229 173 290 300 60 340 188 242 132 390 357 164 177 439 227 231 227 343 287
121 227 230 187 90 156 0 324 186 311 155 204 229 373 145 248 215 179 375 242 358 116 227 219 139 301 140 96 234 145 208 89 371 197 311 102 149 334 172 211 127 368 350 137 117 166 152 192 202 222 231 152 303 262 205 95 353 320 127 140 402 222 217 203 306 378
326 490 493 353 309 361 324 0 391 354 418 343 434 416 349 291 334 362 418 505 401 242 270 482 402 344 403 341 277 408 413 294 414 348 354 365 354 64 368 416 332 411 72 400 322 371 415 159 465 485 495 357 347 519 194 259 75 51 332 345 297 486 480 466 349 421
89 266 268 124 171 81 186 391 0 377 280 141 74 311 211 315 153 117 314 180 296 182 294 258 264 368 265 203 225 270 57 116 309 134 377 227 215 401 110 56 194 306 417 216 184 90 277 259 144 261 270 90 370 159 272 161 420 387 194 207 469 198 202 198 373 316
312 476 479 285 296 348 311 354 377 0 404 275 420 348 336 95 266 294 350 491 332 228 112 469 388 90 390 327 209 395 400 280 346 280 45 351 340 363 300 402 319 343 380 386 309 357 401 222 451 472 481 321 92 506 235 246 383 350 319 332 431 472 466 452 94 353
214 224 227 280 140 250 155 418 280 404 0 297 282 466 238 342 309 273 469 239 451 209 321 217 47 395 46 108 328 41 300 183 465 291 404 99 242 427 266 294 221 462 444 134 211 259 33 286 199 220 229 246 397 260 299 188 447 414 221 234 495 220 214 200 400 472
106 369 372 47 189 111 204 343 141 275 297 0 184 207 229 212 49 56 210 290 192 200 192 362 281 266 283 220 121 288 163 134 205 42 275 244 233 353 62 166 212 202 369 279 202 121 294 211 254 364 374 83 268 269 224 179 372 339 212 225 421 308 312 308 270 212
132 227 230 167 214 103 229 434 74 420 282 184 0 354 254 358 196 160 357 142 339 225 337 220 266 411 267 238 268 272 54 159 352 177 420 217 258 444 153 48 237 349 460 178 227 93 279 302 106 223 232 133 413 121 315 204 463 430 237 250 512 160 164 160 416 359
276 538 541 217 358 281 373 416 311 348 466 207 354 0 398 285 198 226 48 460 79 290 264 531 450 338 452 389 194 457 333 304 92 212 348 413 402 425 232 336 381 51 442 448 371 291 463 284 424 534 543 253 340 439 297 308 445 412 381 394 494 478 482 478 343 51
146 310 313 212 130 181 145 349 211 336 238 229 254 398 0 273 240 205 401 325 383 141 253 303 222 327 224 161 259 229 234 114 396 222 336 185 35 359 198 236 53 393 375 220 59 191 235 217 285 306 315 178 329 340 230 120 378 346 69 40 427 306 300 286 331 403
250 414 417 222 233 285 248 291 315 95 342 212 358 285 273 0 204 232 288 429 270 166 49 406 326 90 327 265 146 332 337 218 283 217 95 289 277 301 237 340 256 280 317 324 246 295 339 159 389 409 419 258 92 443 172 183 320 287 256 269 369 410 404 390 94 290
118 381 384 58 200 123 215 334 153 266 309 49 196 198 240 204 0 68 201 302 183 209 183 373 293 257 294 232 113 299 175 145 197 54 266 256 245 344 74 178 223 194 360 291 213 132 306 202 266 376 386 94 259 281 215 191 363 331 223 236 412 320 324 320 261 204
82 345 348 40 165 87 179 362 117 294 273 56 160 226 205 232 68 0 229 266 211 176 211 338 257 285 259 196 141 263 139 109 225 50 294 220 209 372 45 142 187 222 389 255 177 97 270 230 230 340 350 66 287 245 244 155 391 359 187 200 440 284 288 284 290 232
279 541 544 219 361 284 375 418 314 350 469 210 357 48 401 288 201 229 0 463 82 293 267 534 453 341 455 392 197 460 336 306 95 215 350 416 405 428 235 339 383 54 445 451 373 294 466 286 427 536 546 255 343 442 300 311 447 415 383 396 496 481 485 481 346 54
238 173 176 274 227 209 242 505 180 491 239 290 142 460 325 429 302 266 463 0 445 296 408 166 223 482 225 195 375 230 160 265 458 284 491 175 329 514 259 154 308 456 531 136 298 200 236 373 80 168 178 239 484 120 386 275 534 501 308 321 566 73 77 73 487 466
261 523 526 202 343 266 358 401 296 332 451 192 339 79 383 270 183 211 82 445 0 275 249 516 435 323 437 374 179 442 318 288 53 197 333 398 387 410 217 321 366 75 427 433 356 276 448 269 409 519 528 238 325 424 282 293 430 397 366 379 478 463 467 463 328 84
117 281 284 183 101 153 116 242 182 228 209 200 225 290 141 166 209 176 293 296 275 0 145 274 193 219 195 133 152 200 205 86 289 193 228 156 145 252 169 207 124 286 268 191 114 162 206 110 257 277 286 149 221 311 123 51 271 238 124 137 320 277 271 257 224 296
229 393 396 201 213 264 227 270 294 112 321 192 337 264 253 49 183 211 267 408 249 145 0 386 305 102 307 244 126 311 316 197 263 197 112 268 257 280 217 319 235 260 296 303 225 274 318 138 368 388 398 237 105 422 151 163 299 267 235 248 348 389 383 369 107 270
279 70 29 345 205 287 219 482 258 469 217 362 220 531 303 406 373 338 534 166 516 274 386 0 201 460 203 173 392 208 238 247 529 355 469 152 307 492 331 232 286 527 509 113 276 278 214 350 138 32 75 311 462 198 364 253 511 479 286 299 560 147 141 127 464 536
199 209 211 265 124 234 139 402 264 388 47 281 266 450 222 326 293 257 453 223 435 193 305 201 0 379 50 93 312 51 284 167 449 275 388 83 226 412 250 278 205 446 428 118 195 244 44 270 184 204 213 230 381 244 283 173 431 398 205 218 480 204 199 185 384 456
303 467 470 275 287 338 301 344 368 90 395 266 411 338 327 90 257 285 341 482 323 219 102 460 379 0 381 318 200 385 390 271 337 271 90 342 331 354 291 393 309 334 371 377 299 348 392 212 442 462 472 311 53 496 226 237 373 341 309 322 422 463 457 443 56 344
200 210 213 266 126 235 140 403 265 390 46 283 267 452 224 327 294 259 455 225 437 195 307 203 50 381 0 94 313 51 285 168 450 276 390 85 228 413 252 279 207 447 429 120 197 245 43 271 185 205 215 232 383 245 284 174 432 400 207 220 481 206 200 186 385 457
138 180 183 204 82 173 96 341 203 327 108 220 238 389 161 265 232 196 392 195 374 133 244 173 93 318 94 0 251 99 225 106 388 214 328 55 166 351 189 228 144 385 367 90 134 183 105 209 156 176 185 169 320 216 222 112 370 337 144 157 419 176 170 157 323 395
191 400 403 131 219 196 234 277 225 209 328 121 268 194 259 146 113 141 197 375 179 152 126 392 312 200 313 251 0 318 248 204 192 126 209 275 264 287 147 251 242 190 303 310 232 205 325 145 339 395 405 167 202 354 158 169 306 274 242 255 355 392 390 376 204 200
205 215 218 271 131 240 145 408 270 395 41 288 272 457 229 332 299 263 460 230 442 200 311 208 51 385 51 99 318 0 290 173 455 281 395 90 233 418 256 284 211 452 434 125 202 250 38 276 190 210 220 237 388 250 289 179 437 405 211 225 486 211 205 191 390 462
111 246 248 147 194 87 208 413 57 400 300 163 54 333 234 337 175 139 336 160 318 205 316 238 284 390 285 225 248 290 0 139 332 157 400 235 238 423 132 36 216 329 439 196 206 77 297 281 124 241 250 112 393 139 294 184 442 410 216 229 491 178 182 178 395 339
69 255 258 117 74 86 89 294 116 280 183 134 159 304 114 218 145 109 306 265 288 86 197 247 167 271 168 106 204 173 139 0 302 127 281 130 119 304 103 141 97 299 320 165 87 96 180 162 229 250 260 83 273 244 175 65 323 290 97 110 372 251 245 231 276 309
275 537 540 215 356 279 371 414 309 346 465 205 352 92 396 283 197 225 95 458 53 289 263 529 449 337 450 388 192 455 332 302 0 210 346 412 400 424 230 334 379 88 440 447 369 289 462 282 422 532 542 251 339 438 295 306 443 410 379 392 492 476 481 477 341 98
100 363 366 50 182 105 197 348 134 280 291 42 177 212 222 217 54 50 215 284 197 193 197 355 275 271 276 214 126 281 157 127 210 0 280 238 226 358 56 159 205 207 374 273 195 114 288 216 248 358 367 76 273 263 229 172 377 344 205 218 426 301 306 302 275 217
312 476 479 285 296 348 311 354 377 45 404 275 420 348 336 95 266 294 350 491 333 228 112 469 388 90 390 328 209 395 400 281 346 280 0 351 340 364 300 402 319 343 380 386 309 357 401 222 452 472 481 321 92 506 235 246 383 350 319 332 432 472 466 452 94 353
162 160 163 227 87 197 102 365 227 351 99 244 217 413 185 289 256 220 416 175 398 156 268 152 83 342 85 55 275 90 235 130 412 238 351 0 189 375 213 229 168 409 391 72 158 207 96 233 135 155 165 193 344 195 246 135 394 361 168 181 443 156 150 136 347 419
150 314 317 216 134 186 149 354 215 340 242 233 258 402 35 277 245 209 405 329 387 145 257 307 226 331 228 166 264 233 238 119 400 226 340 189 0 363 202 240 53 398 380 224 63 195 239 222 290 310 319 182 333 344 235 124 383 350 73 40 431 310 304 291 335 408
335 500 502 363 319 371 334 64 401 363 427 353 444 425 359 301 344 372 428 514 410 252 280 492 412 354 413 351 287 418 423 304 424 358 364 375 363 0 378 426 342 421 90 409 332 380 425 169 475 495 504 367 356 529 204 269 93 53 342 355 307 495 490 476 359 431
75 338 341 45 158 80 172 368 110 300 266 62 153 232 198 237 74 45 235 259 217 169 217 331 250 291 252 189 147 256 132 103 230 56 300 213 202 378 0 135 180 228 394 248 170 90 263 236 223 333 343 61 293 238 249 148 397 365 180 193 446 277 281 277 295 238
114 239 242 149 196 85 211 416 56 402 294 166 48 336 236 340 178 142 339 154 321 207 319 232 278 393 279 228 251 284 36 141 334 159 402 229 240 426 135 0 219 332 442 190 209 75 291 284 118 235 244 115 395 133 297 187 445 412 219 232 494 172 176 172 398 341
129 293 296 195 113 164 127 332 194 319 221 212 237 381 53 256 223 187 383 308 366 124 235 286 205 309 207 144 242 211 216 97 379 205 319 168 53 342 180 219 0 376 358 203 42 174 218 200 268 288 298 160 311 322 213 103 361 328 51 50 410 289 283 269 314 386
272 534 537 212 354 277 368 411 306 343 462 202 349 51 393 280 194 222 54 456 75 286 260 527 446 334 447 385 190 452 329 299 88 207 343 409 398 421 228 332 376 0 437 444 366 286 459 279 420 529 539 248 336 435 292 304 440 408 376 389 489 473 478 474 338 57
352 516 519 379 335 387 350 72 417 380 444 369 460 442 375 317 360 389 445 531 427 268 296 509 428 371 429 367 303 434 439 320 440 374 380 391 380 90 394 442 358 437 0 426 348 397 441 185 491 511 521 383 373 545 220 286 30 77 358 371 323 512 506 492 375 447
196 121 124 262 122 232 137 400 216 386 134 279 178 448 220 324 291 255 451 136 433 191 303 113 118 377 120 90 310 125 196 165 447 273 386 72 224 409 248 190 203 444 426 0 193 236 131 268 96 116 126 228 379 156 281 170 429 396 203 216 478 117 111 97 382 454
119 283 286 185 103 154 117 322 184 309 211 202 227 371 59 246 213 177 373 298 356 114 225 276 195 299 197 134 232 202 206 87 369 195 309 158 63 332 170 209 42 366 348 193 0 164 208 190 258 278 288 151 302 312 203 93 351 319 50 55 400 279 273 259 304 376
69 285 288 104 151 61 166 371 90 357 259 121 93 291 191 295 132 97 294 200 276 162 274 278 244 348 245 183 205 250 77 96 289 114 357 207 195 380 90 75 174 286 397 236 164 0 257 239 163 280 290 70 350 179 252 141 400 367 174 187 448 217 222 218 353 296
212 222 224 278 137 247 152 415 277 401 33 294 279 463 235 339 306 270 466 236 448 206 318 214 44 392 43 105 325 38 297 180 462 288 401 96 239 425 263 291 218 459 441 131 208 257 0 283 197 217 226 243 394 257 296 186 444 411 218 231 493 217 212 198 397 469
194 358 361 221 177 229 192 159 259 222 286 211 302 284 217 159 202 230 286 373 269 110 138 350 270 212 271 209 145 276 281 162 282 216 222 233 222 169 236 284 200 279 185 268 190 239 283 0 333 353 363 225 215 387 64 127 188 156 200 213 237 354 348 334 217 289
202 145 148 237 187 173 202 465 144 451 199 254 106 424 285 389 266 230 427 80 409 257 368 138 184 442 185 156 339 190 124 229 422 248 452 135 290 475 223 118 268 420 491 96 258 163 197 333 0 141 150 203 444 84 346 236 494 461 268 281 543 97 102 98 447 430
282 72 26 348 208 290 222 485 261 472 220 364 223 534 306 409 376 340 536 168 519 277 388 32 204 462 205 176 395 210 241 250 532 358 472 155 310 495 333 235 288 529 511 116 278 280 217 353 141 0 77 313 464 201 366 256 514 481 288 301 563 149 143 129 467 539
291 40 85 357 217 300 231 495 270 481 229 374 232 543 315 419 386 350 546 178 528 286 398 75 213 472 215 185 405 220 250 260 542 367 481 165 319 504 343 244 298 539 521 126 288 290 226 363 150 77 0 323 474 210 376 265 524 491 298 311 572 159 153 139 476 549
55 318 321 66 138 60 152 357 90 321 246 83 133 253 178 258 94 66 255 239 238 149 237 311 230 311 232 169 167 237 112 83 251 76 321 193 182 367 61 115 160 248 383 228 151 70 243 225 203 313 323 0 314 218 238 128 386 354 160 174 435 257 261 257 316 258
305 469 472 277 289 340 303 347 370 92 397 268 413 340 329 92 259 287 343 484 325 221 105 462 381 53 383 320 202 388 393 273 339 273 92 344 333 356 293 395 311 336 373 379 302 350 394 215 444 464 474 314 0 498 228 239 375 343 311 325 424 465 459 445 62 346
217 205 208 253 247 188 262 519 159 506 260 269 121 439 340 443 281 245 442 120 424 311 422 198 244 496 245 216 354 250 139 244 438 263 506 195 344 529 238 133 322 435 545 156 312 179 257 387 84 201 210 218 498 0 400 290 548 515 322 335 597 138 142 138 501 445
207 371 374 234 190 242 205 194 272 235 299 224 315 297 230 172 215 244 300 386 282 123 151 364 283 226 284 222 158 289 294 175 295 229 235 246 235 204 249 297 213 292 220 281 203 252 296 64 346 366 376 238 228 400 0 141 223 190 213 226 272 367 361 347 230 302
96 260 263 162 80 132 95 259 161 246 188 179 204 308 120 183 191 155 311 275 293 51 163 253 173 237 174 112 169 179 184 65 306 172 246 135 124 269 148 187 103 304 286 170 93 141 186 127 236 256 265 128 239 290 141 0 288 256 103 116 337 256 250 237 241 314
355 519 522 382 338 390 353 75 420 383 447 372 463 445 378 320 363 391 447 534 430 271 299 511 431 373 432 370 306 437 442 323 443 377 383 394 383 93 397 445 361 440 30 429 351 400 444 188 494 514 524 386 375 548 223 288 0 80 361 374 326 515 509 495 378 450
322 486 489 349 306 357 320 51 387 350 414 339 430 412 346 287 331 359 415 501 397 238 267 479 398 341 400 337 274 405 410 290 410 344 350 361 350 53 365 412 328 408 77 396 319 367 411 156 461 481 491 354 343 515 190 256 80 0 328 342 293 482 476 462 345 418
129 293 296 195 113 164 127 332 194 319 221 212 237 381 69 256 223 187 383 308 366 124 235 286 205 309 207 144 242 211 216 97 379 205 319 168 73 342 180 219 51 376 358 203 50 174 218 200 268 288 298 160 311 322 213 103 361 328 0 64 410 289 283 269 314 386
142 306 309 208 126 177 140 345 207 332 234 225 250 394 40 269 236 200 396 321 379 137 248 299 218 322 220 157 255 225 229 110 392 218 332 181 40 355 193 232 50 389 371 216 55 187 231 213 281 301 311 174 325 335 226 116 374 342 64 0 423 302 296 282 327 399
403 568 571 431 387 439 402 297 469 431 495 421 512 494 427 369 412 440 496 566 478 320 348 560 480 422 481 419 355 486 491 372 492 426 432 443 431 307 446 494 410 489 323 478 400 448 493 237 543 563 572 435 424 597 272 337 326 293 410 423 0 547 541 527 427 499
256 154 157 291 208 227 222 486 198 472 220 308 160 478 306 410 320 284 481 73 463 277 389 147 204 463 206 176 392 211 178 251 476 301 472 156 310 495 277 172 289 473 512 117 279 217 217 354 97 149 159 257 465 138 367 256 515 482 289 302 547 0 78 64 467 483
260 148 151 296 202 231 217 480 202 466 214 312 164 482 300 404 324 288 485 77 467 271 383 141 199 457 200 170 390 205 182 245 481 306 466 150 304 490 281 176 283 478 506 111 273 222 212 348 102 143 153 261 459 142 361 250 509 476 283 296 541 78 0 59 462 488
256 134 137 292 188 227 203 466 198 452 200 308 160 478 286 390 320 284 481 73 463 257 369 127 185 443 186 157 376 191 178 231 477 302 452 136 291 476 277 172 269 474 492 97 259 218 198 334 98 129 139 257 445 138 347 237 495 462 269 282 527 64 59 0 448 484
308 472 475 280 291 343 306 349 373 94 400 270 416 343 331 94 261 290 346 487 328 224 107 464 384 56 385 323 204 390 395 276 341 275 94 347 335 359 295 398 314 338 375 382 304 353 397 217 447 467 476 316 62 501 230 241 378 345 314 327 427 467 462 448 0 348
282 544 547 222 363 287 378 421 316 353 472 212 359 51 403 290 204 232 54 466 84 296 270 536 456 344 457 395 200 462 339 309 98 217 353 419 408 431 238 341 386 57 447 454 376 296 469 289 430 539 549 258 346 445 302 314 450 418 386 399 499 483 488 484 348 0
EOF