NAME : tsp_problem
TYPE : TSP
DIMENSION : 60
EDGE_WEIGHT_TYPE : EXPLICIT
EDGE_WEIGHT_FORMAT : FULL_MATRIX
EDGE_WEIGHT_SECTION
0 429 515 290 38 179 200 363 355 296 172 259 210 212 426 469 478 375 191 130 204 189 337 466 305 535 489 475 215 292 296 219 223 223 32 270 498 410 453 164 520 489 220 238 417 230 437 262 441 395 374 33 32 148 305 522 219 170 484 466
429 0 334 176 423 343 267 182 109 166 352 209 263 347 245 92 243 139 326 338 331 281 124 230 157 158 308 240 258 273 170 354 358 258 433 189 317 229 273 349 340 308 252 231 181 240 60 243 261 214 85 434 434 363 286 145 354 333 303 230
515 334 0 390 508 538 481 187 379 363 531 423 478 432 130 374 383 279 411 424 545 495 394 371 371 440 78 380 472 358 384 439 444 344 519 275 90 167 102 523 33 81 466 445 322 454 342 329 114 152 355 520 519 507 371 427 440 528 76 371
290 176 390 0 284 197 121 238 101 59 206 89 117 241 301 216 354 250 220 232 185 135 83 341 50 282 364 350 112 167 50 248 253 152 294 145 373 285 329 203 396 364 106 84 292 94 184 138 317 270 120 295 295 217 180 269 248 187 359 341
38 423 508 284 0 173 193 357 349 290 165 253 203 205 420 463 472 368 184 123 198 183 330 460 299 529 482 469 208 285 289 212 217 217 38 263 492 404 447 158 514 483 214 232 411 224 431 256 435 389 368 39 39 142 298 516 213 164 477 459
179 343 538 197 173 0 106 386 268 226 46 166 116 235 449 383 501 398 214 152 111 96 250 489 218 449 512 498 121 315 202 242 246 246 184 293 521 433 476 43 543 512 127 145 440 137 351 285 464 418 287 185 184 57 328 436 242 27 507 489
200 267 481 121 193 106 0 330 193 151 115 90 96 244 393 307 445 341 223 161 94 80 174 433 142 374 455 442 91 258 127 251 255 244 204 236 465 377 420 113 487 456 85 69 384 73 276 229 408 362 211 205 204 127 272 360 251 97 450 433
363 182 187 238 357 386 330 0 228 211 379 271 326 281 98 222 232 128 260 272 394 344 243 219 220 289 161 228 320 207 232 288 292 192 367 124 170 82 126 372 193 161 314 293 170 303 190 177 114 67 203 368 368 356 220 275 288 377 156 219
355 109 379 101 349 268 193 228 0 91 278 134 189 273 291 149 288 184 252 264 257 207 50 276 83 215 353 285 183 199 95 280 285 184 359 177 363 275 318 275 385 353 177 156 227 166 117 170 306 260 53 360 360 289 212 202 280 259 348 276
296 166 363 59 290 226 151 211 91 0 236 92 147 214 275 206 327 223 193 205 215 164 73 314 41 272 337 323 141 140 53 221 226 126 301 118 347 258 302 233 369 337 135 114 265 124 174 111 290 244 110 302 301 247 153 259 222 217 332 314
172 352 531 206 165 46 115 379 278 236 0 175 125 228 442 392 495 391 207 146 120 105 259 482 227 458 505 491 130 308 212 235 239 239 176 286 514 426 470 52 537 505 136 154 433 146 360 279 458 411 296 177 176 67 321 445 235 37 500 482
259 209 423 89 253 166 90 271 134 92 175 0 86 274 334 249 386 283 253 221 154 104 116 374 83 315 397 383 81 200 83 281 285 185 263 178 406 318 361 172 428 397 75 54 325 63 217 170 349 303 153 264 264 186 213 302 281 156 392 374
210 263 478 117 203 116 96 326 189 147 125 86 0 254 389 304 441 338 233 171 104 90 171 429 138 370 452 438 87 255 123 261 265 240 214 233 461 373 416 123 483 452 81 65 380 69 272 225 404 358 208 215 214 137 268 356 261 107 447 429
212 347 432 241 205 235 244 281 273 214 228 274 254 0 344 387 396 292 53 121 248 233 254 384 223 453 406 393 259 209 235 37 41 141 216 187 416 328 371 220 438 407 264 282 335 274 355 180 359 313 292 217 216 204 222 440 37 225 401 383
426 245 130 301 420 449 393 98 291 275 442 334 389 344 0 285 295 191 323 335 457 407 306 282 283 352 104 291 384 270 296 351 356 255 430 187 113 79 109 435 136 104 378 356 233 366 254 241 97 64 267 431 431 419 283 338 351 440 99 282
469 92 374 216 463 383 307 222 149 206 392 249 304 387 285 0 283 179 366 378 371 321 164 270 197 111 348 280 298 313 210 394 398 298 473 229 357 269 313 389 380 348 292 271 222 280 57 283 301 254 125 474 474 403 326 97 394 374 343 270
478 243 383 354 472 501 445 232 288 327 495 386 441 396 295 283 0 131 375 387 509 459 303 93 335 349 357 48 436 322 348 403 408 308 483 239 367 279 322 487 389 357 430 408 107 418 251 293 310 264 264 484 483 471 335 336 404 492 352 93
375 139 279 250 368 398 341 128 184 223 391 283 338 292 191 179 131 0 271 284 405 355 200 119 231 245 253 128 332 218 244 299 304 204 379 135 263 175 218 383 285 254 326 305 70 314 147 189 206 160 160 380 379 367 231 232 300 388 248 119
191 326 411 220 184 214 223 260 252 193 207 253 233 53 323 366 375 271 0 100 227 213 234 363 202 432 385 372 238 189 214 60 64 120 195 167 395 307 350 200 417 386 243 261 314 253 334 159 338 292 271 196 196 184 202 419 60 204 380 363
130 338 424 232 123 152 161 272 264 205 146 221 171 121 335 378 387 284 100 0 166 151 246 375 214 444 398 384 176 201 226 128 132 132 134 179 407 319 362 138 429 398 182 200 326 192 346 172 350 304 283 135 134 122 214 431 128 143 393 375
204 331 545 185 198 111 94 394 257 215 120 154 104 248 457 371 509 405 227 166 0 84 238 497 206 438 519 506 109 322 191 255 260 260 208 300 529 441 484 117 551 520 115 133 448 125 339 293 472 426 275 209 209 131 335 424 256 101 514 496
189 281 495 135 183 96 80 344 207 164 105 104 90 233 407 321 459 355 213 151 84 0 188 446 156 387 469 456 95 272 140 241 245 245 194 250 479 391 434 102 501 469 98 83 398 87 289 243 422 376 225 195 194 117 285 374 241 87 464 446
337 124 394 83 330 250 174 243 50 73 259 116 171 254 306 164 303 200 234 246 238 188 0 291 64 230 368 300 165 180 77 262 266 166 341 158 378 290 333 256 400 369 159 138 242 147 132 151 321 275 68 342 342 270 193 217 262 241 363 291
466 230 371 341 460 489 433 219 276 314 482 374 429 384 282 270 93 119 363 375 497 446 291 0 323 337 345 90 423 310 335 391 395 295 470 226 354 266 310 475 377 345 417 396 83 406 239 280 298 251 252 471 471 459 323 323 391 480 340 50
305 157 371 50 299 218 142 220 83 41 227 83 138 223 283 197 335 231 202 214 206 156 64 323 0 264 345 332 133 148 45 230 234 134 309 127 355 267 310 224 377 346 127 105 274 115 166 119 298 252 102 310 310 238 162 250 230 208 340 323
535 158 440 282 529 449 374 289 215 272 458 315 370 453 352 111 349 245 432 444 438 387 230 337 264 0 414 346 364 379 276 460 465 365 540 296 424 336 379 456 446 415 358 337 288 347 123 350 367 321 191 541 540 470 392 53 461 440 409 337
489 308 78 364 482 512 455 161 353 337 505 397 452 406 104 348 357 253 385 398 519 469 368 345 345 414 0 354 446 332 358 413 418 318 493 249 64 141 76 497 84 55 440 419 296 428 316 303 88 126 329 494 493 481 345 401 414 502 50 344
475 240 380 350 469 498 442 228 285 323 491 383 438 393 291 280 48 128 372 384 506 456 300 90 332 346 354 0 432 319 344 400 404 304 479 236 364 275 319 484 386 354 426 405 104 415 248 289 307 261 261 480 480 468 332 333 400 489 349 90
215 258 472 112 208 121 91 320 183 141 130 81 87 259 384 298 436 332 238 176 109 95 165 423 133 364 446 432 0 249 117 266 270 235 219 227 456 367 411 128 478 446 75 60 374 64 266 220 399 353 202 220 219 142 262 351 266 112 441 423
292 273 358 167 285 315 258 207 199 140 308 200 255 209 270 313 322 218 189 201 322 272 180 310 148 379 332 319 249 0 161 216 221 121 296 113 342 254 297 300 364 333 243 222 261 231 281 56 285 239 217 297 296 284 64 366 217 305 327 309
296 170 384 50 289 202 127 232 95 53 212 83 123 235 296 210 348 244 214 226 191 140 77 335 45 276 358 344 117 161 0 242 247 147 300 139 368 279 323 209 390 358 111 90 286 100 178 132 311 265 114 301 301 223 174 263 243 193 353 335
219 354 439 248 212 242 251 288 280 221 235 281 261 37 351 394 403 299 60 128 255 241 262 391 230 460 413 400 266 216 242 0 32 148 223 195 423 335 378 227 445 414 271 289 342 281 362 187 366 320 299 224 224 212 230 447 27 232 408 391
223 358 444 253 217 246 255 292 285 226 239 285 265 41 356 398 408 304 64 132 260 245 266 395 234 465 418 404 270 221 247 32 0 153 227 199 428 339 383 232 450 418 276 294 346 286 367 192 371 325 303 228 228 216 234 451 32 237 413 395
223 258 344 152 217 246 244 192 184 126 239 185 240 141 255 298 308 204 120 132 260 245 166 295 134 365 318 304 235 121 147 148 153 0 227 99 327 239 283 232 350 318 229 207 246 217 266 92 271 225 203 229 228 216 134 351 148 237 313 295
32 433 519 294 38 184 204 367 359 301 176 263 214 216 430 473 483 379 195 134 208 194 341 470 309 540 493 479 219 296 300 223 227 227 0 274 502 414 458 168 525 493 225 242 421 234 441 267 446 400 378 24 24 152 309 526 223 174 488 470
270 189 275 145 263 293 236 124 177 118 286 178 233 187 187 229 239 135 167 179 300 250 158 226 127 296 249 236 227 113 139 195 199 99 274 0 259 171 214 279 281 249 221 200 177 209 198 84 202 156 196 275 275 263 126 282 195 283 244 226
498 317 90 373 492 521 465 170 363 347 514 406 461 416 113 357 367 263 395 407 529 479 378 354 355 424 64 364 456 342 368 423 428 327 502 259 0 151 86 507 96 54 450 428 305 438 326 313 98 136 339 503 503 491 355 410 423 512 59 354
410 229 167 285 404 433 377 82 275 258 426 318 373 328 79 269 279 175 307 319 441 391 290 266 267 336 141 275 367 254 279 335 339 239 414 171 151 0 106 419 173 141 361 340 217 350 237 224 94 46 250 415 415 403 267 322 335 424 136 266
453 273 102 329 447 476 420 126 318 302 470 361 416 371 109 313 322 218 350 362 484 434 333 310 310 379 76 319 411 297 323 378 383 283 458 214 86 106 0 462 108 77 405 383 261 393 281 268 110 91 294 459 458 446 310 366 379 467 71 309
164 349 523 203 158 43 113 372 275 233 52 172 123 220 435 389 487 383 200 138 117 102 256 475 224 456 497 484 128 300 209 227 232 232 168 279 507 419 462 0 529 498 133 151 426 143 357 271 450 404 293 169 169 64 314 442 228 34 492 475
520 340 33 396 514 543 487 193 385 369 537 428 483 438 136 380 389 285 417 429 551 501 400 377 377 446 84 386 478 364 390 445 450 350 525 281 96 173 108 529 0 87 472 451 328 460 348 335 120 158 361 526 525 513 377 433 446 534 82 376
489 308 81 364 483 512 456 161 353 337 505 397 452 407 104 348 357 254 386 398 520 469 369 345 346 415 55 354 446 333 358 414 418 318 493 249 54 141 77 498 87 0 440 419 296 429 316 303 89 127 329 494 494 482 346 401 414 503 50 345
220 252 466 106 214 127 85 314 177 135 136 75 81 264 378 292 430 326 243 182 115 98 159 417 127 358 440 426 75 243 111 271 276 229 225 221 450 361 405 133 472 440 0 54 368 58 260 214 393 347 196 226 225 147 256 345 272 118 435 417
238 231 445 84 232 145 69 293 156 114 154 54 65 282 356 271 408 305 261 200 133 83 138 396 105 337 419 405 60 222 90 289 294 207 242 200 428 340 383 151 451 419 54 0 347 42 239 193 372 325 175 243 243 165 235 324 289 135 414 396
417 181 322 292 411 440 384 170 227 265 433 325 380 335 233 222 107 70 314 326 448 398 242 83 274 288 296 104 374 261 286 342 346 246 421 177 305 217 261 426 328 296 368 347 0 357 190 231 249 202 203 422 422 410 274 274 342 431 291 82
230 240 454 94 224 137 73 303 166 124 146 63 69 274 366 280 418 314 253 192 125 87 147 406 115 347 428 415 64 231 100 281 286 217 234 209 438 350 393 143 460 429 58 42 357 0 248 202 381 335 184 235 235 157 245 333 281 127 423 405
437 60 342 184 431 351 276 190 117 174 360 217 272 355 254 57 251 147 334 346 339 289 132 239 166 123 316 248 266 281 178 362 367 266 441 198 326 237 281 357 348 316 260 239 190 248 0 252 269 223 93 442 442 372 294 110 362 342 311 238
262 243 329 138 256 285 229 177 170 111 279 170 225 180 241 283 293 189 159 172 293 243 151 280 119 350 303 289 220 56 132 187 192 92 267 84 313 224 268 271 335 303 214 193 231 202 252 0 256 210 188 268 267 255 69 336 188 276 298 280
441 261 114 317 435 464 408 114 306 290 458 349 404 359 97 301 310 206 338 350 472 422 321 298 298 367 88 307 399 285 311 366 371 271 446 202 98 94 110 450 120 89 393 372 249 381 269 256 0 79 282 447 446 434 298 354 367 455 83 297
395 214 152 270 389 418 362 67 260 244 411 303 358 313 64 254 264 160 292 304 426 376 275 251 252 321 126 261 353 239 265 320 325 225 400 156 136 46 91 404 158 127 347 325 202 335 223 210 79 0 236 401 400 388 252 307 320 409 121 251
374 85 355 120 368 287 211 203 53 110 296 153 208 292 267 125 264 160 271 283 275 225 68 252 102 191 329 261 202 217 114 299 303 203 378 196 339 250 294 293 361 329 196 175 203 184 93 188 282 236 0 379 379 307 231 178 299 278 324 251
33 434 520 295 39 185 205 368 360 302 177 264 215 217 431 474 484 380 196 135 209 195 342 471 310 541 494 480 220 297 301 224 228 229 24 275 503 415 459 169 526 494 226 243 422 235 442 268 447 401 379 0 25 153 310 527 224 175 489 471
32 434 519 295 39 184 204 368 360 301 176 264 214 216 431 474 483 379 196 134 209 194 342 471 310 540 493 480 219 296 301 224 228 228 24 275 503 415 458 169 525 494 225 243 422 235 442 267 446 400 379 25 0 153 310 527 224 175 488 471
148 363 507 217 142 57 127 356 289 247 67 186 137 204 419 403 471 367 184 122 131 117 270 459 238 470 481 468 142 284 223 212 216 216 152 263 491 403 446 64 513 482 147 165 410 157 372 255 434 388 307 153 153 0 298 456 212 48 476 459
305 286 371 180 298 328 272 220 212 153 321 213 268 222 283 326 335 231 202 214 335 285 193 323 162 392 345 332 262 64 174 230 234 134 309 126 355 267 310 314 377 346 256 235 274 245 294 69 298 252 231 310 310 298 0 379 230 318 340 322
522 145 427 269 516 436 360 275 202 259 445 302 356 440 338 97 336 232 419 431 424 374 217 323 250 53 401 333 351 366 263 447 451 351 526 282 410 322 366 442 433 401 345 324 274 333 110 336 354 307 178 527 527 456 379 0 447 426 396 323
219 354 440 248 213 242 251 288 280 222 235 281 261 37 351 394 404 300 60 128 256 241 262 391 230 461 414 400 266 217 243 27 32 148 223 195 423 335 379 228 446 414 272 289 342 281 362 188 367 320 299 224 224 212 230 447 0 233 409 391
170 333 528 187 164 27 97 377 259 217 37 156 107 225 440 374 492 388 204 143 101 87 241 480 208 440 502 489 112 305 193 232 237 237 174 283 512 424 467 34 534 503 118 135 431 127 342 276 455 409 278 175 175 48 318 426 233 0 497 479
484 303 76 359 477 507 450 156 348 332 500 392 447 401 99 343 352 248 380 393 514 464 363 340 340 409 50 349 441 327 353 408 413 313 488 244 59 136 71 492 82 50 435 414 291 423 311 298 83 121 324 489 488 476 340 396 409 497 0 340
466 230 371 341 459 489 433 219 276 314 482 374 429 383 282 270 93 119 363 375 496 446 291 50 323 337 344 90 423 309 335 391 395 295 470 226 354 266 309 475 376 345 417 396 82 405 238 280 297 251 251 471 471 459 322 323 391 479 340 0
EOF