NAME : tsp_problem
TYPE : TSP
DIMENSION : 60
EDGE_WEIGHT_TYPE : EXPLICIT
EDGE_WEIGHT_FORMAT : FULL_MATRIX
EDGE_WEIGHT_SECTION
0 112 483 499 59 175 318 286 159 459 179 106 261 496 434 48 320 183 159 173 189 442 332 274 401 141 343 55 188 195 220 127 234 463 62 536 143 343 133 271 493 181 116 32 119 64 113 122 349 290 190 280 320 179 458 246 338 169 196 468
112 0 500 517 147 193 288 304 122 477 143 58 279 514 452 136 337 201 177 137 207 413 350 244 419 72 313 143 206 212 238 80 198 480 150 537 58 313 81 288 464 199 68 99 70 152 65 66 366 308 207 298 291 197 476 264 356 187 214 485
483 500 0 45 518 339 383 382 494 58 476 494 357 41 368 507 254 433 355 544 440 377 266 370 125 530 354 514 438 349 316 516 413 84 520 322 531 364 522 367 427 431 505 470 508 523 501 511 166 386 440 376 378 352 80 342 202 419 446 89
499 517 45 0 534 355 399 399 510 71 493 511 373 54 385 523 270 449 371 560 456 393 283 386 141 546 370 530 454 365 332 532 430 97 537 338 547 380 538 383 444 447 521 486 524 539 518 527 182 402 456 392 394 369 96 358 218 435 463 106
59 147 518 534 0 210 353 321 194 494 214 141 296 531 469 38 355 218 194 208 224 477 367 309 436 176 378 23 223 230 255 162 269 498 26 571 178 378 168 306 528 216 151 67 154 28 148 157 384 325 224 315 355 214 493 281 373 204 231 502
175 193 339 355 210 0 175 143 228 315 237 187 117 352 291 200 176 126 87 242 132 299 189 131 257 222 200 207 131 95 77 209 174 319 213 392 223 199 214 127 350 124 197 163 201 215 194 204 205 146 132 136 177 98 315 102 195 112 139 324
318 288 383 399 353 175 0 218 200 359 183 280 192 396 280 343 165 269 191 250 275 158 178 77 301 271 58 350 274 184 121 285 120 363 356 436 256 57 280 202 209 267 293 306 269 358 275 265 249 221 275 211 38 188 358 177 239 255 282 368
286 304 382 399 321 143 218 0 298 359 280 298 57 395 334 311 219 237 159 348 243 342 232 174 300 333 243 318 242 153 120 320 217 362 324 435 335 242 325 46 393 235 308 274 312 327 305 315 248 46 243 36 220 156 358 97 238 223 250 367
159 122 494 510 194 228 200 298 0 470 90 114 272 507 445 183 331 235 211 84 242 325 343 156 412 105 225 190 241 247 200 119 110 474 197 547 91 225 114 282 376 233 127 146 103 199 109 99 360 301 242 291 202 232 469 257 350 222 249 479
459 477 58 71 494 315 359 359 470 0 453 471 333 68 345 483 230 409 331 520 416 353 243 347 101 506 330 490 415 325 293 492 390 61 497 298 507 340 498 343 404 407 481 446 484 499 478 487 142 362 416 352 354 329 56 318 178 396 423 66
179 143 476 493 214 237 183 280 90 453 0 134 255 489 428 203 313 256 231 104 262 308 326 138 394 125 208 210 261 247 183 139 92 456 217 529 111 207 134 264 359 254 148 166 123 219 129 119 342 284 262 274 185 250 452 240 332 242 269 461
106 58 494 511 141 187 280 298 114 471 134 0 273 508 446 130 331 195 171 129 201 405 344 236 413 64 305 137 200 206 232 74 190 474 144 531 49 305 73 282 456 193 62 93 62 146 59 58 360 302 201 292 282 191 470 258 350 181 208 479
261 279 357 373 296 117 192 57 272 333 255 273 0 370 309 285 194 211 133 322 218 317 207 149 275 308 217 292 217 127 95 294 192 337 299 410 309 217 300 46 368 209 283 248 286 301 280 289 223 60 218 50 195 131 333 71 213 198 225 342
496 514 41 54 531 352 396 395 507 68 489 508 370 0 382 520 267 446 368 557 453 390 280 383 138 543 367 527 451 362 329 529 426 94 534 335 544 377 535 380 441 444 518 483 521 536 515 524 179 399 453 389 391 365 93 355 215 432 460 102
434 452 368 385 469 291 280 334 445 345 428 446 309 382 0 459 151 385 307 496 391 274 127 322 287 481 251 466 390 301 268 468 365 348 472 421 482 261 473 318 324 383 456 422 460 474 453 463 234 338 391 328 275 304 344 293 224 371 398 353
48 136 507 523 38 200 343 311 183 483 203 130 285 520 459 0 344 207 183 198 214 467 357 299 425 165 368 38 212 219 245 152 259 487 41 560 168 367 157 295 518 205 140 56 144 43 137 147 373 314 214 304 345 203 483 270 363 193 221 492
320 337 254 270 355 176 165 219 331 230 313 331 194 267 151 344 0 270 192 381 277 158 49 207 172 367 135 351 275 186 153 353 250 234 357 307 368 146 359 204 209 268 342 307 345 360 339 348 120 223 277 213 159 189 230 179 110 256 283 239
183 201 433 449 218 126 269 237 235 409 256 195 211 446 385 207 270 0 109 250 38 393 283 225 351 230 294 214 36 145 171 216 268 413 221 486 231 293 222 221 444 46 205 170 208 223 202 211 299 240 38 230 271 129 409 196 289 64 44 418
159 177 355 371 194 87 191 159 211 331 231 171 133 368 307 183 192 109 0 226 116 315 205 147 273 206 216 190 114 107 93 192 190 335 197 408 207 215 198 143 366 107 181 146 184 199 178 187 221 162 116 152 193 91 331 118 211 95 123 340
173 137 544 560 208 242 250 348 84 520 104 129 322 557 496 198 381 250 226 0 257 375 394 206 462 120 275 205 255 262 251 133 160 524 211 597 105 275 129 332 426 248 142 161 118 214 124 114 410 351 257 341 253 246 520 307 400 236 263 529
189 207 440 456 224 132 275 243 242 416 262 201 218 453 391 214 277 38 116 257 0 399 289 231 358 236 300 221 29 152 177 223 274 420 227 493 238 300 228 228 450 38 212 177 215 230 208 218 306 247 30 237 278 136 415 203 295 71 37 425
442 413 377 393 477 299 158 342 325 353 308 405 317 390 274 467 158 393 315 375 399 0 172 202 295 396 129 474 398 309 246 410 245 357 480 430 381 139 405 326 95 391 418 430 394 483 400 390 243 346 400 336 153 312 352 302 232 379 406 362
332 350 266 283 367 189 178 232 343 243 326 344 207 280 127 357 49 283 205 394 289 172 0 220 185 379 149 364 288 199 166 366 263 246 370 319 380 159 371 216 222 281 354 320 358 372 351 361 132 236 289 226 173 202 242 192 122 269 296 251
274 244 370 386 309 131 77 174 156 347 138 236 149 383 322 299 207 225 147 206 231 202 220 0 288 227 102 306 230 141 77 240 75 350 312 423 212 101 236 158 252 223 249 262 225 314 230 221 236 178 231 168 79 144 346 133 226 211 238 355
401 419 125 141 436 257 301 300 412 101 394 413 275 138 287 425 172 351 273 462 358 295 185 288 0 448 272 432 356 267 234 434 331 105 439 240 449 282 440 285 346 349 423 388 426 441 420 429 84 304 358 294 296 270 100 260 120 337 365 110
141 72 530 546 176 222 271 333 105 506 125 64 308 543 481 165 367 230 206 120 236 396 379 227 448 0 296 172 235 242 267 69 181 509 179 566 41 296 64 317 447 228 77 128 53 181 59 49 396 337 236 327 274 226 505 293 385 216 243 514
343 313 354 370 378 200 58 243 225 330 208 305 217 367 251 368 135 294 216 275 300 129 149 102 272 296 0 375 299 209 146 310 145 334 381 407 281 49 305 227 180 292 318 331 294 383 300 290 220 246 300 236 53 213 329 202 209 280 307 339
55 143 514 530 23 207 350 318 190 490 210 137 292 527 466 38 351 214 190 205 221 474 364 306 432 172 375 0 219 226 252 159 266 494 25 567 175 374 164 302 525 212 147 63 151 28 144 154 380 321 221 311 352 210 490 277 370 200 228 499
188 206 438 454 223 131 274 242 241 415 261 200 217 451 390 212 275 36 114 255 29 398 288 230 356 235 299 219 0 150 176 221 273 418 226 491 236 298 227 226 449 37 210 175 213 228 207 216 304 246 29 236 276 135 414 201 294 69 35 423
195 212 349 365 230 95 184 153 247 325 247 206 127 362 301 219 186 145 107 262 152 309 199 141 267 242 209 226 150 0 87 228 184 329 232 402 243 209 234 137 360 143 217 182 220 235 213 223 215 156 152 146 187 108 325 112 205 131 158 334
220 238 316 332 255 77 121 120 200 293 183 232 95 329 268 245 153 171 93 251 177 246 166 77 234 267 146 252 176 87 0 254 120 296 258 369 257 145 259 104 297 169 242 208 246 260 239 249 182 124 177 114 123 90 292 79 172 157 184 301
127 80 516 532 162 209 285 320 119 492 139 74 294 529 468 152 353 216 192 133 223 410 366 240 434 69 310 159 221 228 254 0 194 496 165 552 54 309 77 304 460 214 84 115 66 168 72 62 382 323 223 313 287 212 492 279 372 202 230 501
234 198 413 430 269 174 120 217 110 390 92 190 192 426 365 259 250 268 190 160 274 245 263 75 331 181 145 266 273 184 120 194 0 393 272 466 166 144 190 201 295 266 203 222 179 275 185 175 279 221 274 211 122 187 389 177 269 254 281 398
463 480 84 97 498 319 363 362 474 61 456 474 337 94 348 487 234 413 335 524 420 357 246 350 105 509 334 494 418 329 296 496 393 0 500 302 511 344 501 347 407 411 485 450 488 503 481 491 146 366 420 356 358 332 60 322 182 399 426 69
62 150 520 537 26 213 356 324 197 497 217 144 299 534 472 41 357 221 197 211 227 480 370 312 439 179 381 25 226 232 258 165 272 500 0 573 181 381 171 308 531 219 154 70 157 31 151 160 386 328 227 318 358 217 496 284 376 207 234 505
536 537 322 338 571 392 436 435 547 298 529 531 410 335 421 560 307 486 408 597 493 430 319 423 240 566 407 567 491 402 369 552 466 302 573 0 568 417 558 420 480 484 541 523 544 576 538 548 219 439 493 429 431 405 298 395 255 472 499 307
143 58 531 547 178 223 256 335 91 507 111 49 309 544 482 168 368 231 207 105 238 381 380 212 449 41 281 175 236 243 257 54 166 511 181 568 0 281 49 319 432 229 63 131 38 183 44 34 397 338 238 328 259 227 506 294 387 217 244 516
343 313 364 380 378 199 57 242 225 340 207 305 217 377 261 367 146 293 215 275 300 139 159 101 282 296 49 374 298 209 145 309 144 344 381 417 281 0 305 227 190 291 318 330 294 383 300 290 230 246 300 236 52 212 339 202 220 279 307 349
133 81 522 538 168 214 280 325 114 498 134 73 300 535 473 157 359 222 198 129 228 405 371 236 440 64 305 164 227 234 259 77 190 501 171 558 49 305 0 310 456 220 86 120 62 173 68 58 388 329 228 319 282 218 497 285 377 208 235 506
271 288 367 383 306 127 202 46 282 343 264 282 46 380 318 295 204 221 143 332 228 326 216 158 285 317 227 302 226 137 104 304 201 347 308 420 319 227 310 0 377 219 293 258 296 311 289 299 233 49 228 39 204 140 342 81 222 207 234 351
493 464 427 444 528 350 209 393 376 404 359 456 368 441 324 518 209 444 366 426 450 95 222 252 346 447 180 525 449 360 297 460 295 407 531 480 432 190 456 377 0 442 469 481 445 534 451 441 294 397 450 387 204 363 403 353 283 430 457 412
181 199 431 447 216 124 267 235 233 407 254 193 209 444 383 205 268 46 107 248 38 391 281 223 349 228 292 212 37 143 169 214 266 411 219 484 229 291 220 219 442 0 203 168 206 221 200 209 297 238 38 228 269 127 407 194 287 62 45 416
116 68 505 521 151 197 293 308 127 481 148 62 283 518 456 140 342 205 181 142 212 418 354 249 423 77 318 147 210 217 242 84 203 485 154 541 63 318 86 293 469 203 0 104 75 156 69 71 371 312 212 302 296 201 480 268 360 191 218 490
32 99 470 486 67 163 306 274 146 446 166 93 248 483 422 56 307 170 146 161 177 430 320 262 388 128 331 63 175 182 208 115 222 450 70 523 131 330 120 258 481 168 104 0 107 72 100 110 336 277 177 267 308 166 446 233 326 156 184 455
119 70 508 524 154 201 269 312 103 484 123 62 286 521 460 144 345 208 184 118 215 394 358 225 426 53 294 151 213 220 246 66 179 488 157 544 38 294 62 296 445 206 75 107 0 160 57 47 374 315 215 305 271 204 484 271 364 194 222 493
64 152 523 539 28 215 358 327 199 499 219 146 301 536 474 43 360 223 199 214 230 483 372 314 441 181 383 28 228 235 260 168 275 503 31 576 183 383 173 311 534 221 156 72 160 0 153 163 389 330 230 320 361 219 498 286 379 209 236 508
113 65 501 518 148 194 275 305 109 478 129 59 280 515 453 137 339 202 178 124 208 400 351 230 420 59 300 144 207 213 239 72 185 481 151 538 44 300 68 289 451 200 69 100 57 153 0 53 368 309 208 299 277 198 477 265 357 188 215 486
122 66 511 527 157 204 265 315 99 487 119 58 289 524 463 147 348 211 187 114 218 390 361 221 429 49 290 154 216 223 249 62 175 491 160 548 34 290 58 299 441 209 71 110 47 163 53 0 377 318 218 308 267 207 487 274 367 197 225 496
349 366 166 182 384 205 249 248 360 142 342 360 223 179 234 373 120 299 221 410 306 243 132 236 84 396 220 380 304 215 182 382 279 146 386 219 397 230 388 233 294 297 371 336 374 389 368 377 0 252 306 242 244 218 141 208 68 285 312 151
290 308 386 402 325 146 221 46 301 362 284 302 60 399 338 314 223 240 162 351 247 346 236 178 304 337 246 321 246 156 124 323 221 366 328 439 338 246 329 49 397 238 312 277 315 330 309 318 252 0 247 39 224 160 362 100 242 227 254 371
190 207 440 456 224 132 275 243 242 416 262 201 218 453 391 214 277 38 116 257 30 400 289 231 358 236 300 221 29 152 177 223 274 420 227 493 238 300 228 228 450 38 212 177 215 230 208 218 306 247 0 237 278 136 415 203 295 71 37 425
280 298 376 392 315 136 211 36 291 352 274 292 50 389 328 304 213 230 152 341 237 336 226 168 294 327 236 311 236 146 114 313 211 356 318 429 328 236 319 39 387 228 302 267 305 320 299 308 242 39 237 0 214 150 352 90 232 217 244 361
320 291 378 394 355 177 38 220 202 354 185 282 195 391 275 345 159 271 193 253 278 153 173 79 296 274 53 352 276 187 123 287 122 358 358 431 259 52 282 204 204 269 296 308 271 361 277 267 244 224 278 214 0 190 353 180 233 257 284 363
179 197 352 369 214 98 188 156 232 329 250 191 131 365 304 203 189 129 91 246 136 312 202 144 270 226 213 210 135 108 90 212 187 332 217 405 227 212 218 140 363 127 201 166 204 219 198 207 218 160 136 150 190 0 328 116 208 116 143 337
458 476 80 96 493 315 358 358 469 56 452 470 333 93 344 483 230 409 331 520 415 352 242 346 100 505 329 490 414 325 292 492 389 60 496 298 506 339 497 342 403 407 480 446 484 498 477 487 141 362 415 352 353 328 0 317 177 395 422 54
246 264 342 358 281 102 177 97 257 318 240 258 71 355 293 270 179 196 118 307 203 302 192 133 260 293 202 277 201 112 79 279 177 322 284 395 294 202 285 81 353 194 268 233 271 286 265 274 208 100 203 90 180 116 317 0 198 182 210 327
338 356 202 218 373 195 239 238 350 178 332 350 213 215 224 363 110 289 211 400 295 232 122 226 120 385 209 370 294 205 172 372 269 182 376 255 387 220 377 222 283 287 360 326 364 379 357 367 68 242 295 232 233 208 177 198 0 275 302 187
169 187 419 435 204 112 255 223 222 396 242 181 198 432 371 193 256 64 95 236 71 379 269 211 337 216 280 200 69 131 157 202 254 399 207 472 217 279 208 207 430 62 191 156 194 209 188 197 285 227 71 217 257 116 395 182 275 0 78 404
196 214 446 463 231 139 282 250 249 423 269 208 225 460 398 221 283 44 123 263 37 406 296 238 365 243 307 228 35 158 184 230 281 426 234 499 244 307 235 234 457 45 218 184 222 236 215 225 312 254 37 244 284 143 422 210 302 78 0 431
468 485 89 106 502 324 368 367 479 66 461 479 342 102 353 492 239 418 340 529 425 362 251 355 110 514 339 499 423 334 301 501 398 69 505 307 516 349 506 351 412 416 490 455 493 508 486 496 151 371 425 361 363 337 54 327 187 404 431 0
EOF