NAME : tsp_problem
TYPE : TSP
DIMENSION : 44
EDGE_WEIGHT_TYPE : EXPLICIT
EDGE_WEIGHT_FORMAT : FULL_MATRIX
EDGE_WEIGHT_SECTION
0 253 361 203 357 360 68 371 256 326 350 287 288 171 283 220 216 205 130 215 237 271 343 244 380 73 332 272 182 384 383 222 73 228 404 120 260 159 293 215 195 333 330 312
253 0 139 274 136 138 269 155 68 105 156 109 109 373 104 64 192 80 332 191 374 93 163 219 159 275 179 84 319 162 161 359 256 204 188 322 82 135 212 70 332 111 173 192
361 139 0 300 47 55 376 91 153 117 91 216 217 480 211 171 299 187 439 298 400 200 99 194 34 382 115 127 346 37 38 386 363 311 124 429 189 242 148 177 439 77 109 128
203 274 300 0 304 312 219 262 276 347 241 308 309 323 303 241 237 225 282 236 139 292 235 135 291 225 223 292 84 294 295 124 206 249 295 272 281 162 184 236 227 273 221 203
357 136 47 304 0 59 373 95 150 113 95 213 214 477 208 168 296 184 436 295 404 197 103 198 38 379 119 124 350 41 42 390 360 308 128 426 186 239 152 174 436 81 113 132
360 138 55 312 59 0 376 104 152 116 104 215 216 479 211 170 298 186 438 297 413 199 112 207 47 382 128 126 359 50 51 399 363 310 137 428 188 241 160 176 438 89 122 140
68 269 376 219 373 376 0 387 271 342 366 303 304 129 298 236 232 220 88 231 252 287 359 260 396 32 348 288 198 399 399 238 75 244 420 78 276 175 309 231 210 349 345 328
371 155 91 262 95 104 387 0 169 145 54 232 233 490 228 187 309 203 450 308 363 216 62 157 83 393 78 144 309 86 87 349 374 321 83 440 205 235 110 193 450 65 72 91
256 68 153 276 150 152 271 169 0 118 169 111 112 375 106 66 194 82 334 193 376 95 177 222 173 277 193 87 322 176 175 362 258 206 202 324 84 137 225 72 334 125 187 205
326 105 117 347 113 116 342 145 118 0 145 181 182 446 177 137 265 153 405 264 447 165 153 248 137 348 169 93 392 141 139 432 329 277 178 395 155 208 201 143 405 101 163 181
350 156 91 241 95 104 366 54 169 145 0 232 233 470 228 188 288 204 429 287 342 216 62 136 83 372 78 144 288 86 87 328 353 300 87 419 205 214 90 193 429 65 72 91
287 109 216 308 213 215 303 232 111 181 232 0 31 407 40 98 225 114 366 225 408 51 240 253 236 309 256 127 353 239 238 393 290 237 265 356 65 169 289 103 366 188 250 269
288 109 217 309 214 216 304 233 112 182 233 31 0 408 37 99 226 115 367 226 409 48 241 254 237 310 257 128 354 240 239 394 291 238 266 357 66 169 289 104 367 189 251 270
171 373 480 323 477 479 129 490 375 446 470 407 408 0 402 340 336 324 82 335 356 391 463 363 500 129 451 391 302 503 502 342 179 347 523 94 380 279 412 335 314 452 449 431
283 104 211 303 208 211 298 228 106 177 228 40 37 402 0 93 221 109 361 220 403 50 235 249 231 304 251 123 349 234 234 389 285 233 261 351 60 164 284 99 361 183 246 264
220 64 171 241 168 170 236 187 66 137 188 98 99 340 93 0 158 55 299 158 341 82 195 186 191 242 211 82 286 194 193 326 223 170 220 289 71 101 235 44 299 143 205 224
216 192 299 237 296 298 232 309 194 265 288 225 226 336 221 158 0 143 295 53 337 210 282 182 319 238 270 210 282 322 321 322 219 42 342 285 199 98 231 154 295 271 268 250
205 80 187 225 184 186 220 203 82 153 204 114 115 324 109 55 143 0 283 142 325 98 211 171 207 226 227 99 271 210 209 311 207 155 236 273 87 86 220 61 283 159 221 239
130 332 439 282 436 438 88 450 334 405 429 366 367 82 361 299 295 283 0 294 315 350 422 322 459 88 410 350 261 462 461 301 138 307 483 102 339 238 372 294 273 411 408 391
215 191 298 236 295 297 231 308 193 264 287 225 226 335 220 158 53 142 294 0 336 209 281 181 318 237 269 209 281 321 320 321 218 46 341 284 198 97 230 153 294 270 267 249
237 374 400 139 404 413 252 363 376 447 342 408 409 356 403 341 337 325 315 336 0 392 336 236 392 258 324 393 106 395 396 59 239 349 396 305 381 263 285 336 261 374 322 304
271 93 200 292 197 199 287 216 95 165 216 51 48 391 50 82 210 98 350 209 392 0 224 237 220 293 240 111 337 223 222 377 274 221 249 340 49 153 273 87 350 172 234 253
343 163 99 235 103 112 359 62 177 153 62 240 241 463 235 195 282 211 422 281 336 224 0 130 91 365 86 151 281 94 95 321 346 294 95 412 213 207 83 201 422 73 80 96
244 219 194 135 198 207 260 157 222 248 136 253 254 363 249 186 182 171 322 181 236 237 130 0 186 265 118 238 181 189 190 221 246 194 190 312 226 107 79 181 322 168 116 98
380 159 34 291 38 47 396 83 173 137 83 236 237 500 231 191 319 207 459 318 392 220 91 186 0 402 107 147 337 29 30 377 383 331 116 449 209 262 139 197 459 68 101 119
73 275 382 225 379 382 32 393 277 348 372 309 310 129 304 242 238 226 88 237 258 293 365 265 402 0 353 294 204 405 405 244 81 250 426 78 282 181 315 237 216 354 351 334
332 179 115 223 119 128 348 78 193 169 78 256 257 451 251 211 270 227 410 269 324 240 86 118 107 353 0 167 269 110 111 309 334 282 111 400 229 195 71 217 410 89 96 85
272 84 127 292 124 126 288 144 87 93 144 127 128 391 123 82 210 99 350 209 393 111 151 238 147 294 167 0 338 150 150 378 275 222 177 341 100 153 200 88 351 99 161 180
182 319 346 84 350 359 198 309 322 392 288 353 354 302 349 286 282 271 261 281 106 337 281 181 337 204 269 338 0 341 341 92 185 294 342 251 326 208 231 281 206 319 267 250
384 162 37 294 41 50 399 86 176 141 86 239 240 503 234 194 322 210 462 321 395 223 94 189 29 405 110 150 341 0 33 381 386 334 119 452 212 265 142 200 462 71 104 122
383 161 38 295 42 51 399 87 175 139 87 238 239 502 234 193 321 209 461 320 396 222 95 190 30 405 111 150 341 33 0 381 386 333 120 451 211 264 143 199 461 72 105 123
222 359 386 124 390 399 238 349 362 432 328 393 394 342 389 326 322 311 301 321 59 377 321 221 377 244 309 378 92 381 381 0 225 334 382 291 366 248 271 321 246 359 307 290
73 256 363 206 360 363 75 374 258 329 353 290 291 179 285 223 219 207 138 218 239 274 346 246 383 81 334 275 185 386 386 225 0 231 407 128 263 162 296 218 197 335 332 315
228 204 311 249 308 310 244 321 206 277 300 237 238 347 233 170 42 155 307 46 349 221 294 194 331 250 282 222 294 334 333 334 231 0 354 297 210 109 243 166 307 283 280 262
404 188 124 295 128 137 420 83 202 178 87 265 266 523 261 220 342 236 483 341 396 249 95 190 116 426 111 177 342 119 120 382 407 354 0 473 238 268 143 226 483 98 105 124
120 322 429 272 426 428 78 440 324 395 419 356 357 94 351 289 285 273 102 284 305 340 412 312 449 78 400 341 251 452 451 291 128 297 473 0 329 228 362 284 263 401 398 381
260 82 189 281 186 188 276 205 84 155 205 65 66 380 60 71 199 87 339 198 381 49 213 226 209 282 229 100 326 212 211 366 263 210 238 329 0 142 262 76 339 161 223 242
159 135 242 162 239 241 175 235 137 208 214 169 169 279 164 101 98 86 238 97 263 153 207 107 262 181 195 153 208 265 264 248 162 109 268 228 142 0 157 97 238 214 193 176
293 212 148 184 152 160 309 110 225 201 90 289 289 412 284 235 231 220 372 230 285 273 83 79 139 315 71 200 231 142 143 271 296 243 143 362 262 157 0 231 372 121 69 51
215 70 177 236 174 176 231 193 72 143 193 103 104 335 99 44 154 61 294 153 336 87 201 181 197 237 217 88 281 200 199 321 218 166 226 284 76 97 231 0 294 149 211 230
195 332 439 227 436 438 210 450 334 405 429 366 367 314 361 299 295 283 273 294 261 350 422 322 459 216 410 351 206 462 461 246 197 307 483 263 339 238 372 294 0 411 408 391
333 111 77 273 81 89 349 65 125 101 65 188 189 452 183 143 271 159 411 270 374 172 73 168 68 354 89 99 319 71 72 359 335 283 98 401 161 214 121 149 411 0 83 101
330 173 109 221 113 122 345 72 187 163 72 250 251 449 246 205 268 221 408 267 322 234 80 116 101 351 96 161 267 104 105 307 332 280 105 398 223 193 69 211 408 83 0 82
312 192 128 203 132 140 328 91 205 181 91 269 270 431 264 224 250 239 391 249 304 253 96 98 119 334 85 180 250 122 123 290 315 262 124 381 242 176 51 230 391 101 82 0
EOF