NAME : tsp_problem
TYPE : TSP
DIMENSION : 70
EDGE_WEIGHT_TYPE : EXPLICIT
EDGE_WEIGHT_FORMAT : FULL_MATRIX
EDGE_WEIGHT_SECTION
0 213 65 117 220 329 119 216 219 210 365 105 108 146 83 301 220 248 300 136 289 148 350 149 280 288 287 122 141 352 329 210 325 209 173 320 244 229 195 132 266 224 109 250 246 160 189 72 227 116 200 125 227 231 205 232 87 225 40 70 199 109 178 354 251 279 267 117 224 42
213 0 183 145 413 423 213 237 158 33 459 140 159 265 277 394 240 342 393 108 228 98 444 242 473 227 226 215 103 446 423 304 418 32 67 414 204 221 134 226 459 244 135 344 216 99 129 180 321 130 140 119 247 325 144 277 281 270 234 264 46 303 118 447 344 472 361 211 243 207
65 183 0 87 250 299 89 247 189 180 335 74 77 177 114 270 250 218 269 106 259 118 320 119 310 258 257 92 111 322 299 180 294 178 143 290 235 251 165 102 297 254 79 220 246 130 159 42 197 85 170 95 257 201 175 262 117 255 71 100 168 140 148 324 221 309 237 87 255 69
117 145 87 0 317 327 117 230 151 142 363 88 91 245 182 299 233 246 298 87 221 81 348 147 377 220 219 120 81 350 327 208 323 141 106 318 197 214 127 130 364 237 93 248 209 92 121 84 225 99 132 97 240 229 137 270 185 263 138 168 131 207 111 352 249 376 265 115 236 111
220 413 250 317 0 367 319 388 411 410 403 305 308 318 255 284 391 231 338 336 489 348 388 349 115 488 487 233 341 390 367 194 363 408 373 359 416 400 395 332 102 395 309 288 418 360 389 256 211 316 400 325 399 269 405 404 163 396 212 242 398 139 378 392 289 92 305 317 396 227
329 423 299 327 367 0 329 507 428 420 97 314 317 456 393 348 510 296 70 346 499 358 82 358 427 498 496 242 350 84 64 258 60 418 383 56 474 491 405 342 413 514 319 120 486 370 399 296 275 325 410 335 517 131 414 542 358 534 350 380 408 334 388 86 151 426 105 327 513 323
119 213 89 117 319 329 0 297 219 210 365 104 107 246 183 300 300 248 299 136 289 148 350 69 379 288 287 121 141 352 329 210 324 208 173 320 264 281 195 53 365 304 109 250 276 160 189 86 227 115 200 125 308 231 204 332 187 325 140 170 198 209 178 353 250 378 267 47 303 113
216 237 247 230 388 507 297 0 101 234 543 225 244 107 162 479 21 426 478 193 175 182 528 327 448 174 173 300 187 530 507 388 503 232 197 498 46 30 133 310 435 25 220 428 48 172 139 253 405 214 128 203 29 409 121 119 255 112 208 176 222 278 150 532 429 447 445 295 26 223
219 158 189 151 411 428 219 101 0 155 465 146 165 130 185 400 105 348 399 114 108 103 450 248 471 107 106 221 108 451 428 310 424 154 119 420 84 100 55 232 457 108 141 349 96 94 60 186 327 136 49 125 112 330 43 142 278 135 231 199 144 300 71 453 350 470 367 217 109 213
210 33 180 142 410 420 210 234 155 0 456 137 157 262 274 391 237 339 390 105 225 95 441 239 470 224 223 212 100 443 420 301 415 29 64 411 201 218 131 223 456 241 132 341 213 96 126 177 318 127 137 116 244 322 141 274 278 267 231 261 43 300 115 444 341 469 358 208 240 204
365 459 335 363 403 97 365 543 465 456 0 351 354 493 430 385 547 332 107 382 535 394 42 395 463 534 533 279 387 44 100 294 96 454 419 92 511 527 441 378 450 550 355 156 522 406 435 332 311 362 446 371 554 167 451 578 394 571 386 416 444 370 424 45 187 462 141 363 550 359
105 140 74 88 305 314 104 225 146 137 351 0 79 232 169 286 228 233 285 82 216 76 335 134 364 215 214 107 76 337 314 196 310 136 101 306 192 209 122 117 351 232 80 235 204 87 116 72 213 87 127 92 235 216 132 265 172 258 126 155 126 195 106 339 236 363 252 103 231 99
108 159 77 91 308 317 107 244 165 157 354 79 0 235 172 289 247 236 288 101 235 95 339 137 367 234 233 110 96 340 317 199 313 155 120 309 211 228 141 120 354 251 83 238 223 106 136 75 216 90 147 99 254 219 151 284 175 277 129 158 145 198 125 342 239 367 255 106 250 102
146 265 177 245 318 456 246 107 130 262 493 232 235 0 92 428 110 375 427 221 215 210 478 276 378 214 213 249 215 479 456 338 452 261 225 448 134 119 161 259 365 114 237 377 137 200 167 183 355 243 156 231 117 358 150 122 185 115 138 106 251 208 178 481 378 377 394 245 115 153
83 277 114 182 255 393 183 162 185 274 430 169 172 92 0 365 166 312 364 200 270 213 415 213 315 269 268 186 205 416 393 275 389 273 238 385 190 175 217 196 302 170 174 314 192 224 223 120 292 180 211 190 173 295 205 178 122 170 75 92 263 145 234 418 315 314 331 182 170 90
301 394 270 299 284 348 300 479 400 391 385 286 289 428 365 0 482 85 319 317 470 330 370 330 344 469 468 214 322 371 348 118 344 390 355 340 446 463 376 313 330 486 291 269 458 341 370 268 102 297 381 307 489 250 386 513 275 506 322 351 380 251 360 373 270 343 287 299 485 295
220 240 250 233 391 510 300 21 105 237 547 228 247 110 166 482 0 429 481 196 179 185 532 330 451 178 177 303 190 533 510 392 506 236 200 502 49 34 136 313 438 29 223 431 51 175 142 256 409 218 131 206 32 412 125 122 258 115 212 180 226 281 153 535 432 450 448 299 29 226
248 342 218 246 231 296 248 426 348 339 332 233 236 375 312 85 429 0 267 265 418 277 317 277 291 417 416 162 270 319 296 65 292 337 302 287 393 410 324 261 278 433 238 217 405 289 318 215 49 244 329 254 436 198 333 461 222 453 269 299 327 198 307 321 218 290 234 246 432 242
300 393 269 298 338 70 299 478 399 390 107 285 288 427 364 319 481 267 0 316 469 329 92 329 398 468 467 213 321 93 70 229 66 389 354 62 445 462 375 312 384 485 290 108 457 340 369 267 246 296 380 306 488 102 385 512 328 505 321 350 379 304 359 95 121 397 111 298 484 294
136 108 106 87 336 346 136 193 114 105 382 82 101 221 200 317 196 265 316 0 184 44 367 166 396 183 182 138 44 369 346 227 341 104 69 337 160 177 90 149 382 200 77 267 172 55 85 103 244 72 96 61 203 248 100 233 204 226 157 187 94 226 74 370 268 395 284 134 199 130
289 228 259 221 489 499 289 175 108 225 535 216 235 215 270 470 179 418 469 184 0 174 520 318 549 24 23 291 179 522 498 380 494 224 189 490 142 158 125 302 535 183 211 420 153 164 130 256 397 206 119 195 186 401 113 227 356 220 310 284 214 379 141 523 420 548 437 287 181 283
148 98 118 81 348 358 148 182 103 95 394 76 95 210 213 330 185 277 329 44 174 0 379 178 408 173 171 151 38 381 358 239 354 93 58 349 149 166 80 161 395 189 71 279 161 45 74 116 256 65 85 54 192 260 89 223 216 215 170 199 83 238 63 383 280 407 296 146 188 142
350 444 320 348 388 82 350 528 450 441 42 335 339 478 415 370 532 317 92 367 520 379 0 380 448 519 518 264 372 29 85 279 81 439 404 77 496 512 426 363 435 535 340 141 507 391 420 317 296 346 431 356 539 152 436 563 379 556 371 401 429 355 409 30 172 447 126 348 535 344
149 242 119 147 349 358 69 327 248 239 395 134 137 276 213 330 330 277 329 166 318 178 380 0 408 317 316 151 170 381 358 240 354 238 203 350 294 311 224 48 395 334 139 279 306 189 219 116 257 145 230 155 337 260 234 362 216 354 170 199 228 239 208 383 280 408 297 63 333 143
280 473 310 377 115 427 379 448 471 470 463 364 367 378 315 344 451 291 398 396 549 408 448 408 0 548 547 293 401 450 427 254 423 468 433 418 475 460 455 392 62 455 369 348 478 420 449 316 271 375 460 385 458 329 464 463 223 456 272 301 458 199 438 452 349 106 365 377 456 286
288 227 258 220 488 498 288 174 107 224 534 215 234 214 269 469 178 417 468 183 24 173 519 317 548 0 22 290 178 521 497 379 493 223 188 489 141 157 124 301 534 182 210 419 152 163 129 255 396 205 118 194 185 400 112 226 355 219 309 283 213 378 140 522 419 547 436 286 180 282
287 226 257 219 487 496 287 173 106 223 533 214 233 213 268 468 177 416 467 182 23 171 518 316 547 22 0 289 176 519 496 378 492 222 187 488 140 156 123 300 533 180 209 417 151 162 128 254 395 204 117 193 184 398 111 225 354 218 308 282 212 377 139 521 418 546 435 285 179 281
122 215 92 120 233 242 121 300 221 212 279 107 110 249 186 214 303 162 213 138 291 151 264 151 293 290 289 0 143 265 242 124 238 211 176 234 267 284 197 134 279 307 112 164 279 162 192 89 141 118 203 128 310 144 207 334 189 327 143 172 201 199 181 267 164 292 181 120 306 116
141 103 111 81 341 350 141 187 108 100 387 76 96 215 205 322 190 270 321 44 179 38 372 170 401 178 176 143 0 373 350 232 346 98 63 342 154 171 85 154 387 194 71 272 166 50 79 108 249 66 90 55 197 252 94 228 208 220 162 192 88 231 68 375 272 400 289 139 193 135
352 446 322 350 390 84 352 530 451 443 44 337 340 479 416 371 533 319 93 369 522 381 29 381 450 521 519 265 373 0 87 281 83 441 406 79 497 514 428 365 436 537 342 143 509 393 422 319 298 348 433 358 540 154 437 565 381 557 373 403 431 357 411 32 174 449 128 350 536 346
329 423 299 327 367 64 329 507 428 420 100 314 317 456 393 348 510 296 70 346 498 358 85 358 427 497 496 242 350 87 0 258 53 418 383 52 474 491 404 342 413 514 319 120 486 369 399 296 275 325 410 335 517 131 414 542 357 534 350 380 408 333 388 89 151 426 104 327 513 323
210 304 180 208 194 258 210 388 310 301 294 196 199 338 275 118 392 65 229 227 380 239 279 240 254 379 378 124 232 281 258 0 254 299 264 250 356 372 286 223 240 395 200 179 367 251 280 177 78 207 291 216 399 160 296 423 184 416 231 261 289 160 269 283 180 253 196 208 395 204
325 418 294 323 363 60 324 503 424 415 96 310 313 452 389 344 506 292 66 341 494 354 81 354 423 493 492 238 346 83 53 254 0 414 379 49 470 487 400 337 409 510 315 116 482 365 394 292 271 321 405 331 513 127 410 537 353 530 346 375 404 329 384 85 146 422 100 323 509 319
209 32 178 141 408 418 208 232 154 29 454 136 155 261 273 390 236 337 389 104 224 93 439 238 468 223 222 211 98 441 418 299 414 0 63 410 200 216 130 221 455 240 131 339 212 95 124 176 317 126 135 114 243 320 140 273 276 266 230 259 42 299 113 443 340 467 356 207 239 203
173 67 143 106 373 383 173 197 119 64 419 101 120 225 238 355 200 302 354 69 189 58 404 203 433 188 187 176 63 406 383 264 379 63 0 374 165 181 95 186 420 204 96 304 176 60 89 141 281 90 100 79 208 285 105 238 241 230 195 224 53 263 78 408 305 432 321 171 203 167
320 414 290 318 359 56 320 498 420 411 92 306 309 448 385 340 502 287 62 337 490 349 77 350 418 489 488 234 342 79 52 250 49 410 374 0 466 483 396 333 405 506 311 112 478 361 390 288 267 317 401 327 509 122 406 533 349 526 342 371 400 325 380 81 142 418 96 319 505 315
244 204 235 197 416 474 264 46 84 201 511 192 211 134 190 446 49 393 445 160 142 149 496 294 475 141 140 267 154 497 474 356 470 200 165 466 0 58 101 277 462 53 187 395 64 139 106 232 373 182 95 171 56 376 89 147 282 139 236 204 190 305 117 499 396 475 413 263 53 251
229 221 251 214 400 491 281 30 100 218 527 209 228 119 175 463 34 410 462 177 158 166 512 311 460 157 156 284 171 514 491 372 487 216 181 483 58 0 117 294 447 38 204 412 60 156 123 249 389 198 112 187 41 393 105 131 267 124 221 189 206 290 134 516 413 459 429 279 38 236
195 134 165 127 395 405 195 133 55 131 441 122 141 161 217 376 136 324 375 90 125 80 426 224 455 124 123 197 85 428 404 286 400 130 95 396 101 117 0 208 441 140 117 326 112 72 63 162 303 112 52 101 144 307 46 174 262 167 216 231 120 285 74 429 326 454 343 193 140 189
132 226 102 130 332 342 53 310 232 223 378 117 120 259 196 313 313 261 312 149 302 161 363 48 392 301 300 134 154 365 342 223 337 221 186 333 277 294 208 0 378 317 122 263 289 173 202 99 240 128 213 138 321 244 217 345 200 338 153 183 211 222 191 366 263 391 280 47 316 126
266 459 297 364 102 413 365 435 457 456 450 351 354 365 302 330 438 278 384 382 535 395 435 395 62 534 533 279 387 436 413 240 409 455 420 405 462 447 441 378 0 442 356 335 464 406 435 303 257 362 446 372 445 315 451 450 210 443 258 288 445 186 425 438 335 93 352 364 442 273
224 244 254 237 395 514 304 25 108 241 550 232 251 114 170 486 29 433 485 200 183 189 535 334 455 182 180 307 194 537 514 395 510 240 204 506 53 38 140 317 442 0 227 435 55 179 146 260 412 221 135 210 36 416 128 126 262 119 215 184 230 285 157 539 436 454 452 303 33 230
109 135 79 93 309 319 109 220 141 132 355 80 83 237 174 291 223 238 290 77 211 71 340 139 369 210 209 112 71 342 319 200 315 131 96 311 187 204 117 122 356 227 0 240 199 82 111 77 217 91 122 87 230 221 127 260 177 253 131 160 121 200 101 344 241 368 257 107 226 103
250 344 220 248 288 120 250 428 349 341 156 235 238 377 314 269 431 217 108 267 420 279 141 279 348 419 417 164 272 143 120 179 116 339 304 112 395 412 326 263 335 435 240 0 407 291 320 217 196 246 331 256 438 52 335 463 279 455 271 301 329 255 309 145 72 347 75 248 434 244
246 216 246 209 418 486 276 48 96 213 522 204 223 137 192 458 51 405 457 172 153 161 507 306 478 152 151 279 166 509 486 367 482 212 176 478 64 60 112 289 464 55 199 407 0 151 118 244 384 193 107 182 58 388 100 149 285 142 238 206 202 307 129 511 408 477 424 275 56 253
160 99 130 92 360 370 160 172 94 96 406 87 106 200 224 341 175 289 340 55 164 45 391 189 420 163 162 162 50 393 369 251 365 95 60 361 139 156 72 173 406 179 82 291 151 0 66 127 268 77 77 66 182 272 82 213 227 205 181 211 85 250 56 394 291 419 308 158 178 154
189 129 159 121 389 399 189 139 60 126 435 116 136 167 223 370 142 318 369 85 130 74 420 219 449 129 128 192 79 422 399 280 394 124 89 390 106 123 63 202 435 146 111 320 118 66 0 156 297 106 58 95 149 301 52 180 257 172 210 237 114 279 80 424 321 448 337 187 145 183
72 180 42 84 256 296 86 253 186 177 332 72 75 183 120 268 256 215 267 103 256 116 317 116 316 255 254 89 108 319 296 177 292 176 141 288 232 249 162 99 303 260 77 217 244 127 156 0 195 83 167 93 263 198 172 268 123 261 77 106 166 146 146 321 218 315 234 85 261 66
227 321 197 225 211 275 227 405 327 318 311 213 216 355 292 102 409 49 246 244 397 256 296 257 271 396 395 141 249 298 275 78 271 317 281 267 373 389 303 240 257 412 217 196 384 268 297 195 0 224 308 233 416 177 313 440 201 433 249 278 307 177 286 300 197 270 213 225 412 221
116 130 85 99 316 325 115 214 136 127 362 87 90 243 180 297 218 244 296 72 206 65 346 145 375 205 204 118 66 348 325 207 321 126 90 317 182 198 112 128 362 221 91 246 193 77 106 83 224 0 117 82 225 227 122 255 183 248 137 166 116 206 95 350 247 374 263 114 221 110
200 140 170 132 400 410 200 128 49 137 446 127 147 156 211 381 131 329 380 96 119 85 431 230 460 118 117 203 90 433 410 291 405 135 100 401 95 112 52 213 446 135 122 331 107 77 58 167 308 117 0 106 138 312 40 168 268 161 221 225 125 290 69 435 332 459 348 198 134 194
125 119 95 97 325 335 125 203 125 116 371 92 99 231 190 307 206 254 306 61 195 54 356 155 385 194 193 128 55 358 335 216 331 114 79 327 171 187 101 138 372 210 87 256 182 66 95 93 233 82 106 0 214 237 111 244 193 236 147 176 104 216 84 360 257 384 273 124 209 120
227 247 257 240 399 517 308 29 112 244 554 235 254 117 173 489 32 436 488 203 186 192 539 337 458 185 184 310 197 540 517 399 513 243 208 509 56 41 144 321 445 36 230 438 58 182 149 263 416 225 138 214 0 419 132 130 265 122 219 187 233 288 160 542 439 458 456 306 36 234
231 325 201 229 269 131 231 409 330 322 167 216 219 358 295 250 412 198 102 248 401 260 152 260 329 400 398 144 252 154 131 160 127 320 285 122 376 393 307 244 315 416 221 52 388 272 301 198 177 227 312 237 419 0 316 444 260 436 252 282 310 236 290 156 51 328 69 229 415 225
205 144 175 137 405 414 204 121 43 141 451 132 151 150 205 386 125 333 385 100 113 89 436 234 464 112 111 207 94 437 414 296 410 140 105 406 89 105 46 217 451 128 127 335 100 82 52 172 313 122 40 111 132 316 0 162 272 155 226 219 130 295 62 439 336 464 353 203 128 199
232 277 262 270 404 542 332 119 142 274 578 265 284 122 178 513 122 461 512 233 227 223 563 362 463 226 225 334 228 565 542 423 537 273 238 533 147 131 174 345 450 126 260 463 149 213 180 268 440 255 168 244 130 444 162 0 270 37 224 192 263 293 190 566 464 463 480 330 127 239
87 281 117 185 163 358 187 255 278 278 394 172 175 185 122 275 258 222 328 204 356 216 379 216 223 355 354 189 208 381 357 184 353 276 241 349 282 267 262 200 210 262 177 279 285 227 257 123 201 183 268 193 265 260 272 270 0 263 79 108 266 53 246 382 279 222 296 185 263 93
225 270 255 263 396 534 325 112 135 267 571 258 277 115 170 506 115 453 505 226 220 215 556 354 456 219 218 327 220 557 534 416 530 266 230 526 139 124 167 338 443 119 253 455 142 205 172 261 433 248 161 236 122 436 155 37 263 0 216 185 256 286 183 559 456 455 473 323 120 231
40 234 71 138 212 350 140 208 231 231 386 126 129 138 75 322 212 269 321 157 310 170 371 170 272 309 308 143 162 373 350 231 346 230 195 342 236 221 216 153 258 215 131 271 238 181 210 77 249 137 221 147 219 252 226 224 79 216 0 62 220 102 200 375 272 271 288 139 216 47
70 264 100 168 242 380 170 176 199 261 416 155 158 106 92 351 180 299 350 187 284 199 401 199 301 283 282 172 192 403 380 261 375 259 224 371 204 189 231 183 288 184 160 301 206 211 237 106 278 166 225 176 187 282 219 192 108 185 62 0 249 131 229 404 302 300 318 168 184 77
199 46 168 131 398 408 198 222 144 43 444 126 145 251 263 380 226 327 379 94 214 83 429 228 458 213 212 201 88 431 408 289 404 42 53 400 190 206 120 211 445 230 121 329 202 85 114 166 307 116 125 104 233 310 130 263 266 256 220 249 0 289 103 433 330 457 346 197 229 193
109 303 140 207 139 334 209 278 300 300 370 195 198 208 145 251 281 198 304 226 379 238 355 239 199 378 377 199 231 357 333 160 329 299 263 325 305 290 285 222 186 285 200 255 307 250 279 146 177 206 290 216 288 236 295 293 53 286 102 131 289 0 269 358 255 198 272 208 286 116
178 118 148 111 378 388 178 150 71 115 424 106 125 178 234 360 153 307 359 74 141 63 409 208 438 140 139 181 68 411 388 269 384 113 78 380 117 134 74 191 425 157 101 309 129 56 80 146 286 95 69 84 160 290 62 190 246 183 200 229 103 269 0 413 310 437 326 176 156 172
354 447 324 352 392 86 353 532 453 444 45 339 342 481 418 373 535 321 95 370 523 383 30 383 452 522 521 267 375 32 89 283 85 443 408 81 499 516 429 366 438 539 344 145 511 394 424 321 300 350 435 360 542 156 439 566 382 559 375 404 433 358 413 0 176 451 129 352 538 348
251 344 221 249 289 151 250 429 350 341 187 236 239 378 315 270 432 218 121 268 420 280 172 280 349 419 418 164 272 174 151 180 146 340 305 142 396 413 326 263 335 436 241 72 408 291 321 218 197 247 332 257 439 51 336 464 279 456 272 302 330 255 310 176 0 348 89 249 435 245
279 472 309 376 92 426 378 447 470 469 462 363 367 377 314 343 450 290 397 395 548 407 447 408 106 547 546 292 400 449 426 253 422 467 432 418 475 459 454 391 93 454 368 347 477 419 448 315 270 374 459 384 458 328 464 463 222 455 271 300 457 198 437 451 348 0 364 376 455 285
267 361 237 265 305 105 267 445 367 358 141 252 255 394 331 287 448 234 111 284 437 296 126 297 365 436 435 181 289 128 104 196 100 356 321 96 413 429 343 280 352 452 257 75 424 308 337 234 213 263 348 273 456 69 353 480 296 473 288 318 346 272 326 129 89 364 0 265 451 261
117 211 87 115 317 327 47 295 217 208 363 103 106 245 182 299 299 246 298 134 287 146 348 63 377 286 285 120 139 350 327 208 323 207 171 319 263 279 193 47 364 303 107 248 275 158 187 85 225 114 198 124 306 229 203 330 185 323 139 168 197 208 176 352 249 376 265 0 302 111
224 243 255 236 396 513 303 26 109 240 550 231 250 115 170 485 29 432 484 199 181 188 535 333 456 180 179 306 193 536 513 395 509 239 203 505 53 38 140 316 442 33 226 434 56 178 145 261 412 221 134 209 36 415 128 127 263 120 216 184 229 286 156 538 435 455 451 302 0 231
42 207 69 111 227 323 113 223 213 204 359 99 102 153 90 295 226 242 294 130 283 142 344 143 286 282 281 116 135 346 323 204 319 203 167 315 251 236 189 126 273 230 103 244 253 154 183 66 221 110 194 120 234 225 199 239 93 231 47 77 193 116 172 348 245 285 261 111 231 0
EOF