NAME : tsp_problem
TYPE : TSP
DIMENSION : 62
EDGE_WEIGHT_TYPE : EXPLICIT
EDGE_WEIGHT_FORMAT : FULL_MATRIX
EDGE_WEIGHT_SECTION
0 268 388 433 62 527 98 365 275 363 327 323 343 279 468 289 254 385 483 433 517 358 365 378 429 436 432 463 412 529 445 285 263 270 523 438 454 350 362 193 528 532 211 450 345 419 383 277 237 362 304 381 416 93 410 452 523 461 403 188 388 307
268 0 178 195 278 296 195 318 282 153 334 89 296 56 229 296 261 147 436 223 286 311 127 169 220 226 384 225 202 298 207 144 53 60 292 229 216 111 153 114 297 301 89 212 135 210 174 229 244 153 311 333 207 210 362 242 292 223 194 120 178 259
388 178 0 325 398 310 316 310 274 145 326 234 287 190 306 288 253 296 427 215 300 303 276 65 212 218 376 289 194 312 330 136 158 139 305 220 244 261 65 235 311 314 210 325 82 202 36 221 236 145 303 325 199 330 354 234 306 302 185 241 31 251
433 195 325 0 443 173 361 464 428 210 481 143 442 184 56 442 407 81 566 215 162 457 99 315 212 145 530 52 194 174 34 290 219 225 168 135 103 120 299 279 174 177 255 39 282 171 320 375 390 241 457 480 199 375 508 234 169 50 174 285 325 405
62 278 398 443 0 538 108 376 285 373 338 333 353 289 478 299 264 396 494 443 528 369 375 388 440 446 442 473 422 539 456 295 274 280 533 448 464 360 372 203 539 542 222 460 355 430 394 287 247 373 314 391 427 103 420 462 534 471 413 198 398 317
527 296 310 173 538 0 455 449 413 195 466 245 427 286 153 427 392 183 567 200 32 442 200 300 197 130 515 136 179 28 177 275 297 278 34 120 103 221 284 374 36 23 350 172 267 156 305 361 375 226 442 465 184 470 493 219 25 149 159 380 310 390
98 195 316 361 108 455 0 293 202 291 255 251 271 207 395 217 182 313 411 360 445 286 293 306 357 364 359 391 339 457 373 213 191 198 451 366 382 277 290 120 456 459 139 378 273 347 311 205 165 290 232 309 344 40 337 379 451 389 331 116 315 234
365 318 310 464 376 449 293 0 251 285 304 373 104 329 446 265 230 436 257 354 439 115 415 300 351 357 107 428 333 451 469 207 297 278 444 360 384 400 284 299 450 453 318 465 266 341 305 128 213 284 280 92 338 308 85 373 445 441 325 294 309 90
275 282 274 428 285 413 202 251 0 248 85 337 229 293 410 50 49 400 369 318 403 244 379 264 315 321 317 392 297 415 433 170 261 242 408 324 348 364 248 208 414 417 227 429 230 305 269 162 65 248 65 267 302 217 295 337 409 405 289 204 273 192
363 153 145 210 373 195 291 285 248 0 301 209 262 165 192 263 228 209 402 100 185 278 226 135 97 104 351 174 79 197 216 111 132 114 191 106 130 235 119 210 196 199 185 211 102 87 141 196 211 105 278 300 84 305 329 119 191 187 71 216 145 226
327 334 326 481 338 466 255 304 85 301 0 390 281 346 462 68 102 452 421 371 455 297 432 316 368 374 370 445 350 467 486 223 313 295 461 376 400 416 300 261 467 470 280 481 283 358 322 215 118 301 52 319 355 269 348 390 462 458 341 256 326 245
323 89 234 143 333 245 251 373 337 209 390 0 351 78 178 351 316 96 491 276 235 366 75 224 273 206 439 173 255 247 156 199 109 115 240 196 164 60 208 169 246 249 144 160 191 232 229 285 299 208 366 389 260 265 417 295 241 171 235 175 234 314
343 296 287 442 353 427 271 104 229 262 281 351 0 307 423 243 208 413 235 332 417 97 393 277 329 335 130 406 311 429 447 184 275 256 422 337 361 378 262 277 428 431 296 442 244 319 283 106 191 262 258 115 316 285 108 351 423 419 303 272 287 68
279 56 190 184 289 286 207 329 293 165 346 78 307 0 218 307 273 136 447 235 275 322 116 180 232 238 395 214 214 287 196 156 65 71 281 237 205 100 164 125 286 290 100 201 147 222 186 241 255 165 322 345 219 221 373 254 281 212 205 131 190 270
468 229 306 56 478 153 395 446 410 192 462 178 423 218 0 424 389 115 547 197 143 439 133 296 194 127 512 67 176 155 69 272 253 260 149 117 100 154 281 314 154 157 289 73 263 152 302 357 372 222 439 461 181 410 490 216 149 80 156 320 306 387
289 296 288 442 299 427 217 265 50 263 68 351 243 307 424 0 63 414 383 332 417 258 393 278 329 336 331 406 311 429 448 185 275 256 422 338 362 378 262 222 428 431 241 443 244 319 283 177 79 262 57 281 316 231 309 351 423 419 303 218 287 206
254 261 253 407 264 392 182 230 49 228 102 316 208 273 389 63 0 379 348 298 382 223 358 243 294 301 296 371 277 394 413 150 240 221 388 303 327 343 227 187 393 396 206 408 210 284 248 142 78 227 78 246 281 196 274 317 388 384 268 183 253 171
385 147 296 81 396 183 313 436 400 209 452 96 413 136 115 414 379 0 553 214 172 429 72 286 211 144 502 111 193 184 93 262 171 177 178 134 102 93 271 231 183 187 207 98 253 169 292 347 362 240 429 451 198 328 480 233 178 109 173 237 296 377
483 436 427 566 494 567 411 257 369 402 421 491 235 447 547 383 348 553 0 472 557 250 533 418 469 475 323 530 451 569 571 324 415 396 562 478 501 518 402 417 568 571 436 566 384 459 423 246 331 402 398 273 456 425 301 491 563 543 443 412 427 208
433 223 215 215 443 200 360 354 318 100 371 276 332 235 197 332 298 214 472 0 190 347 232 205 47 109 420 179 57 202 221 181 202 184 196 111 135 252 189 279 201 205 255 216 172 92 211 266 280 131 347 370 54 375 398 69 196 193 76 285 215 295
517 286 300 162 528 32 445 439 403 185 455 235 417 275 143 417 382 172 557 190 0 432 190 290 187 120 505 126 169 37 167 265 287 268 31 110 93 211 274 364 37 33 339 162 257 145 295 350 365 216 432 454 174 459 483 209 32 139 149 370 299 380
358 311 303 457 369 442 286 115 244 278 297 366 97 322 439 258 223 429 250 347 432 0 408 293 344 350 114 421 326 444 462 200 290 271 437 353 377 393 277 292 443 446 311 458 259 334 298 121 206 277 273 99 331 301 92 366 438 434 318 287 302 83
365 127 276 99 375 200 293 415 379 226 432 75 393 116 133 393 358 72 533 232 190 408 0 266 228 161 481 128 211 202 111 241 151 157 196 151 120 85 250 211 201 204 186 115 233 187 272 327 341 250 408 431 215 307 459 251 196 127 190 217 276 356
378 169 65 315 388 300 306 300 264 135 316 224 277 180 296 278 243 286 418 205 290 293 266 0 202 208 366 279 184 302 320 126 148 129 295 211 234 251 56 225 301 304 200 315 72 192 61 211 226 135 293 315 189 320 344 224 296 292 176 231 65 241
429 220 212 212 440 197 357 351 315 97 368 273 329 232 194 329 294 211 469 47 187 344 228 202 0 106 417 176 48 199 218 177 199 180 193 108 132 249 186 276 198 201 251 213 169 89 207 263 277 128 344 367 41 372 395 54 193 189 73 282 212 292
436 226 218 145 446 130 364 357 321 104 374 206 335 238 127 336 301 144 475 109 120 350 161 208 106 0 424 109 88 132 151 184 205 187 126 68 65 182 192 283 131 134 258 146 175 87 214 269 284 134 351 373 93 378 402 128 126 122 70 289 218 299
432 384 376 530 442 515 359 107 317 351 370 439 130 395 512 331 296 502 323 420 505 114 481 366 417 424 0 494 399 517 536 273 363 344 511 426 450 466 350 365 516 519 384 531 333 407 371 194 279 350 346 92 404 374 85 439 511 507 391 360 375 156
463 225 289 52 473 136 391 428 392 174 445 173 406 214 67 406 371 111 530 179 126 421 128 279 176 109 494 0 159 138 64 254 249 255 131 99 82 149 263 309 137 140 284 68 246 135 285 340 354 205 421 444 163 405 472 198 132 63 138 315 289 369
412 202 194 194 422 179 339 333 297 79 350 255 311 214 176 311 277 193 451 57 169 326 211 184 48 88 399 159 0 181 200 160 181 163 175 90 114 231 168 258 180 184 234 195 151 71 190 245 260 110 326 349 41 354 377 71 175 172 55 264 194 274
529 298 312 174 539 28 457 451 415 197 467 247 429 287 155 429 394 184 569 202 37 444 202 302 199 132 517 138 181 0 179 277 299 280 40 122 105 223 286 376 42 29 351 174 268 157 307 362 377 228 444 466 186 471 495 221 31 151 161 382 311 392
445 207 330 34 456 177 373 469 433 216 486 156 447 196 69 448 413 93 571 221 167 462 111 320 218 151 536 64 200 179 0 296 231 237 172 141 115 132 304 291 178 181 267 51 287 176 326 381 396 246 463 485 205 388 514 240 173 62 179 297 330 411
285 144 136 290 295 275 213 207 170 111 223 199 184 156 272 185 150 262 324 181 265 200 241 126 177 184 273 254 160 277 296 0 123 104 271 186 210 226 110 200 276 280 175 291 93 167 131 118 133 110 200 222 164 227 251 200 271 267 151 206 136 148
263 53 158 219 274 297 191 297 261 132 313 109 275 65 253 275 240 171 415 202 287 290 151 148 199 205 363 249 181 299 231 123 0 42 292 208 232 135 132 109 298 301 85 236 114 189 153 208 223 132 290 312 186 206 341 221 293 247 173 115 157 238
270 60 139 225 280 278 198 278 242 114 295 115 256 71 260 256 221 177 396 184 268 271 157 129 180 187 344 255 163 280 237 104 42 0 274 189 213 142 113 116 279 283 91 242 96 170 134 190 204 113 271 294 167 212 322 203 274 253 154 122 139 219
523 292 305 168 533 34 451 444 408 191 461 240 422 281 149 422 388 178 562 196 31 437 196 295 193 126 511 131 175 40 172 271 292 274 0 116 99 216 279 370 42 35 345 168 262 151 301 356 371 221 438 460 180 465 489 215 37 144 154 375 305 386
438 229 220 135 448 120 366 360 324 106 376 196 337 237 117 338 303 134 478 111 110 353 151 211 108 68 426 99 90 122 141 186 208 189 116 0 55 172 195 285 121 124 260 136 177 89 216 271 286 137 353 375 95 380 404 130 116 112 72 291 220 301
454 216 244 103 464 103 382 384 348 130 400 164 361 205 100 362 327 102 501 135 93 377 120 234 132 65 450 82 114 105 115 210 232 213 99 55 0 140 219 300 104 108 275 119 201 90 240 295 310 160 377 399 119 396 428 154 99 96 94 306 244 325
350 111 261 120 360 221 277 400 364 235 416 60 378 100 154 378 343 93 518 252 211 393 85 251 249 182 466 149 231 223 132 226 135 142 216 172 140 0 235 196 222 225 171 136 217 208 256 311 326 235 393 415 236 292 444 271 217 147 211 202 260 341
362 153 65 299 372 284 290 284 248 119 300 208 262 164 281 262 227 271 402 189 274 277 250 56 186 192 350 263 168 286 304 110 132 113 279 195 219 235 0 209 285 288 184 300 56 176 61 195 210 119 277 299 173 304 328 208 280 276 160 215 65 225
193 114 235 279 203 374 120 299 208 210 261 169 277 125 314 222 187 231 417 279 364 292 211 225 276 283 365 309 258 376 291 200 109 116 370 285 300 196 209 0 375 378 57 296 191 266 230 210 170 209 237 315 263 135 343 298 370 307 250 54 234 240
528 297 311 174 539 36 456 450 414 196 467 246 428 286 154 428 393 183 568 201 37 443 201 301 198 131 516 137 180 42 178 276 298 279 42 121 104 222 285 375 0 37 350 173 268 157 306 361 376 227 443 466 185 471 494 220 39 150 160 381 311 391
532 301 314 177 542 23 459 453 417 199 470 249 431 290 157 431 396 187 571 205 33 446 204 304 201 134 519 140 184 29 181 280 301 283 35 124 108 225 288 378 37 0 354 176 271 160 310 365 379 230 446 469 188 474 497 224 26 153 163 384 314 394
211 89 210 255 222 350 139 318 227 185 280 144 296 100 289 241 206 207 436 255 339 311 186 200 251 258 384 284 234 351 267 175 85 91 345 260 275 171 184 57 350 354 0 271 167 241 206 229 189 184 256 333 238 154 362 274 345 282 225 63 210 259
450 212 325 39 460 172 378 465 429 211 481 160 442 201 73 443 408 98 566 216 162 458 115 315 213 146 531 68 195 174 51 291 236 242 168 136 119 136 300 296 173 176 271 0 282 171 321 376 391 242 458 480 200 392 509 235 168 67 175 302 325 406
345 135 82 282 355 267 273 266 230 102 283 191 244 147 263 244 210 253 384 172 257 259 233 72 169 175 333 246 151 268 287 93 114 96 262 177 201 217 56 191 268 271 167 282 0 159 77 178 193 102 259 282 156 287 311 191 263 259 142 197 81 208
419 210 202 171 430 156 347 341 305 87 358 232 319 222 152 319 284 169 459 92 145 334 187 192 89 87 407 135 71 157 176 167 189 170 151 89 90 208 176 266 157 160 241 171 159 0 197 253 267 118 334 357 76 362 385 111 152 148 54 272 202 282
383 174 36 320 394 305 311 305 269 141 322 229 283 186 302 283 248 292 423 211 295 298 272 61 207 214 371 285 190 307 326 131 153 134 301 216 240 256 61 230 306 310 206 321 77 197 0 217 231 140 298 321 194 326 349 230 301 298 181 236 40 246
277 229 221 375 287 361 205 128 162 196 215 285 106 241 357 177 142 347 246 266 350 121 327 211 263 269 194 340 245 362 381 118 208 190 356 271 295 311 195 210 361 365 229 376 178 253 217 0 125 196 192 144 250 219 172 285 356 353 236 206 221 69
237 244 236 390 247 375 165 213 65 211 118 299 191 255 372 79 78 362 331 280 365 206 341 226 277 284 279 354 260 377 396 133 223 204 371 286 310 326 210 170 376 379 189 391 193 267 231 125 0 210 94 229 264 179 257 299 371 367 251 166 236 154
362 153 145 241 373 226 290 284 248 105 301 208 262 165 222 262 227 240 402 131 216 277 250 135 128 134 350 205 110 228 246 110 132 113 221 137 160 235 119 209 227 230 184 242 102 118 140 196 210 0 277 300 115 305 328 150 222 218 102 215 145 225
304 311 303 457 314 442 232 280 65 278 52 366 258 322 439 57 78 429 398 347 432 273 408 293 344 351 346 421 326 444 463 200 290 271 438 353 377 393 277 237 443 446 256 458 259 334 298 192 94 277 0 296 331 246 324 366 438 434 318 233 302 221
381 333 325 480 391 465 309 92 267 300 319 389 115 345 461 281 246 451 273 370 454 99 431 315 367 373 92 444 349 466 485 222 312 294 460 375 399 415 299 315 466 469 333 480 282 357 321 144 229 300 296 0 354 323 70 389 461 457 340 310 325 106
416 207 199 199 427 184 344 338 302 84 355 260 316 219 181 316 281 198 456 54 174 331 215 189 41 93 404 163 41 186 205 164 186 167 180 95 119 236 173 263 185 188 238 200 156 76 194 250 264 115 331 354 0 359 382 63 180 176 60 269 199 279
93 210 330 375 103 470 40 308 217 305 269 265 285 221 410 231 196 328 425 375 459 301 307 320 372 378 374 405 354 471 388 227 206 212 465 380 396 292 304 135 471 474 154 392 287 362 326 219 179 305 246 323 359 0 352 394 466 403 345 130 330 249
410 362 354 508 420 493 337 85 295 329 348 417 108 373 490 309 274 480 301 398 483 92 459 344 395 402 85 472 377 495 514 251 341 322 489 404 428 444 328 343 494 497 362 509 311 385 349 172 257 328 324 70 382 352 0 417 489 485 369 338 353 134
452 242 234 234 462 219 379 373 337 119 390 295 351 254 216 351 317 233 491 69 209 366 251 224 54 128 439 198 71 221 240 200 221 203 215 130 154 271 208 298 220 224 274 235 191 111 230 285 299 150 366 389 63 394 417 0 215 212 95 304 234 314
523 292 306 169 534 25 451 445 409 191 462 241 423 281 149 423 388 178 563 196 32 438 196 296 193 126 511 132 175 31 173 271 293 274 37 116 99 217 280 370 39 26 345 168 263 152 301 356 371 222 438 461 180 466 489 215 0 145 155 376 306 386
461 223 302 50 471 149 389 441 405 187 458 171 419 212 80 419 384 109 543 193 139 434 127 292 189 122 507 63 172 151 62 267 247 253 144 112 96 147 276 307 150 153 282 67 259 148 298 353 367 218 434 457 176 403 485 212 145 0 151 313 302 382
403 194 185 174 413 159 331 325 289 71 341 235 303 205 156 303 268 173 443 76 149 318 190 176 73 70 391 138 55 161 179 151 173 154 154 72 94 211 160 250 160 163 225 175 142 54 181 236 251 102 318 340 60 345 369 95 155 151 0 256 185 266
188 120 241 285 198 380 116 294 204 216 256 175 272 131 320 218 183 237 412 285 370 287 217 231 282 289 360 315 264 382 297 206 115 122 375 291 306 202 215 54 381 384 63 302 197 272 236 206 166 215 233 310 269 130 338 304 376 313 256 0 240 235
388 178 31 325 398 310 315 309 273 145 326 234 287 190 306 287 253 296 427 215 299 302 276 65 212 218 375 289 194 311 330 136 157 139 305 220 244 260 65 234 311 314 210 325 81 202 40 221 236 145 302 325 199 330 353 234 306 302 185 240 0 250
307 259 251 405 317 390 234 90 192 226 245 314 68 270 387 206 171 377 208 295 380 83 356 241 292 299 156 369 274 392 411 148 238 219 386 301 325 341 225 240 391 394 259 406 208 282 246 69 154 225 221 106 279 249 134 314 386 382 266 235 250 0
EOF