NAME : tsp_problem
TYPE : TSP
DIMENSION : 52
EDGE_WEIGHT_TYPE : EXPLICIT
EDGE_WEIGHT_FORMAT : FULL_MATRIX
EDGE_WEIGHT_SECTION
0 441 817 735 1263 514 963 610 710 738 930 469 819 360 1258 699 1038 800 449 922 595 862 762 474 200 738 418 1228 425 329 535 439 944 762 943 265 387 1096 196 861 439 717 1105 945 762 597 2569 495 66 212 487 469
441 0 726 576 970 475 670 248 417 445 637 395 743 321 965 406 836 507 290 629 449 611 469 51 298 445 259 935 473 290 376 647 651 469 650 362 94 803 293 612 647 424 859 652 469 359 2399 336 399 430 534 516
817 726 0 217 768 450 591 946 553 960 620 938 61 491 763 542 537 1022 460 623 1033 1127 605 759 643 961 575 733 1015 666 431 492 592 605 606 738 672 634 669 1127 492 560 604 608 605 429 2068 543 775 836 1077 1059
735 576 217 0 942 569 657 797 404 811 624 832 235 611 937 393 711 873 311 615 905 977 456 610 592 811 425 907 910 585 282 666 638 455 637 657 523 789 588 978 666 411 778 639 455 279 2242 394 694 755 971 953
1263 970 768 942 0 953 369 1201 764 1171 398 1348 740 1025 66 665 311 1233 849 401 1402 1337 551 1003 1120 1171 964 176 1425 1112 820 914 370 551 384 1184 904 219 1115 1338 915 771 205 386 551 705 1892 932 1221 1282 1487 1469
514 475 450 569 953 0 777 666 744 772 806 635 456 188 949 734 722 834 484 809 730 939 796 509 340 773 453 919 713 363 570 192 778 796 792 435 422 819 366 939 192 751 790 793 796 631 2254 530 472 533 774 756
963 670 591 657 369 777 0 901 464 872 136 1048 564 844 364 366 235 933 549 128 1102 1038 252 704 820 872 664 334 1126 812 521 738 121 252 135 885 604 202 816 1038 738 471 258 137 252 406 1905 633 921 982 1187 1169
610 248 946 797 1201 666 901 0 648 676 868 384 964 512 1196 637 1067 738 511 860 230 842 700 214 473 676 480 1166 462 318 597 837 882 700 881 378 325 1034 443 843 837 655 1090 883 700 589 2630 557 569 418 523 505
631 339 631 482 842 666 542 569 0 540 509 716 649 512 837 278 708 602 374 501 771 706 341 372 488 540 450 807 794 480 345 837 523 340 522 553 272 674 484 707 837 38 731 524 341 230 2271 457 590 650 856 838
738 445 960 811 1171 772 872 676 618 0 838 823 978 618 1166 608 1037 119 587 830 877 223 670 478 595 83 556 1136 781 587 674 944 852 670 851 659 379 1004 590 224 944 625 1060 853 670 560 2601 634 696 757 887 869
930 637 620 624 398 806 136 868 431 838 0 1015 593 811 393 332 264 900 516 95 1069 1005 219 671 787 839 631 363 1093 779 487 767 117 219 116 851 571 231 782 1005 767 438 287 118 219 373 1934 600 888 949 1154 1136
469 395 938 832 1348 635 1048 384 795 823 1015 0 956 481 1343 784 1214 858 546 1007 196 757 847 361 331 823 515 1313 320 287 632 715 1029 847 1028 237 472 1181 302 756 714 802 1237 1030 847 693 2772 592 427 277 382 364
819 743 61 235 740 456 564 964 571 978 593 956 0 509 736 560 509 1040 478 596 1050 1144 623 777 661 978 592 706 998 683 449 465 565 622 579 756 690 606 687 1145 465 578 577 581 622 446 2041 561 777 838 1059 1041
360 321 491 611 1025 188 844 512 590 618 811 481 509 0 1020 580 794 680 330 802 576 785 642 355 186 619 299 990 559 209 416 360 824 642 823 282 268 891 213 785 360 598 861 826 642 477 2325 376 318 379 620 602
1258 965 763 937 66 949 364 1196 759 1166 393 1343 736 1020 0 661 306 1228 844 396 1397 1333 547 999 1115 1167 959 172 1421 1107 816 910 365 547 379 1180 899 214 1111 1333 910 766 200 381 547 701 1888 928 1216 1277 1482 1464
699 406 542 393 665 734 366 637 200 608 332 784 560 580 661 0 532 669 285 324 838 774 164 440 556 608 400 631 862 548 257 905 346 164 345 621 340 498 552 775 905 207 554 348 164 142 2095 369 657 718 923 906
1038 836 537 711 311 722 235 1067 630 1037 264 1214 509 794 306 532 0 1099 715 267 1268 1204 418 870 946 1038 830 276 1217 969 687 683 236 418 250 1041 770 144 972 1204 684 637 200 252 418 572 1733 799 996 1057 1278 1260
800 507 1022 873 1233 834 933 738 680 119 900 858 1040 680 1228 669 1099 0 649 892 939 155 732 540 657 119 618 1198 713 649 735 1006 914 732 913 721 441 1066 652 156 1006 687 1122 915 732 622 2662 695 758 771 819 801
449 290 460 311 849 484 549 511 296 587 516 546 478 330 844 285 715 649 0 508 619 754 348 323 306 588 139 814 623 298 111 655 530 348 529 371 237 682 302 754 655 303 738 531 348 172 2278 108 407 468 685 667
922 629 623 615 401 809 128 860 423 830 95 1007 596 802 396 324 267 892 508 0 1061 996 210 662 779 830 622 367 1084 771 479 770 109 210 108 843 562 234 774 997 770 430 290 110 210 364 1937 591 880 941 1146 1128
595 449 1033 905 1402 730 1102 230 849 877 1069 196 1050 576 1397 838 1268 939 619 1061 0 883 901 415 512 877 588 1367 446 382 705 841 1083 901 1082 417 527 1235 482 882 840 856 1291 1084 901 766 2831 665 553 403 508 490
862 611 1127 977 1337 939 1038 842 785 223 1005 757 1144 785 1333 774 1204 155 754 996 882 0 836 645 761 223 723 1303 611 753 840 1054 1019 836 1017 751 545 1170 757 71 1054 792 1227 1020 836 726 2767 800 820 670 717 699
762 469 605 456 551 796 252 700 263 670 219 847 623 642 547 164 418 732 348 210 901 836 0 502 619 670 463 517 924 611 319 814 232 78 231 683 403 384 614 837 814 270 440 234 78 204 1981 431 720 781 986 968
474 51 759 610 1003 509 704 214 450 478 671 361 777 355 999 440 870 540 323 662 415 645 502 0 331 479 292 969 438 294 410 680 684 502 683 355 128 836 326 645 680 458 892 686 502 392 2433 370 432 395 500 482
200 298 643 592 1120 340 820 473 567 595 787 331 661 186 1115 556 946 657 306 779 512 761 619 331 0 595 275 1085 409 186 392 446 801 619 800 122 244 953 53 762 446 574 1009 802 619 454 2477 352 159 220 471 453
738 445 961 811 1171 773 872 676 618 83 839 823 978 619 1167 608 1038 119 588 830 877 223 670 479 595 0 557 1137 781 587 674 944 852 670 851 660 379 1004 591 224 944 626 1060 854 670 560 2601 634 696 757 887 869
418 259 575 425 964 453 664 480 411 556 631 515 592 299 959 400 830 618 139 622 588 723 463 292 275 557 0 929 592 267 225 624 645 462 643 340 206 796 271 723 624 418 853 646 462 286 2393 98 376 437 654 636
1228 935 733 907 176 919 334 1166 729 1136 363 1313 706 990 172 631 276 1198 814 367 1367 1303 517 969 1085 1137 929 0 1391 1077 786 880 335 517 349 1150 869 184 1081 1303 880 736 170 351 517 671 1858 898 1186 1247 1452 1434
425 473 1015 910 1425 713 1126 462 872 787 1093 320 998 559 1421 862 1217 719 623 1084 446 618 924 438 409 787 592 1391 0 365 710 618 1106 924 1105 315 550 1258 379 617 618 880 1284 1108 924 771 2748 670 383 233 281 263
329 290 666 585 1112 363 812 318 559 587 779 287 683 209 1107 548 969 649 298 771 382 753 611 294 186 587 267 1077 365 0 385 535 793 611 792 250 236 945 181 754 535 566 1001 794 611 446 2500 345 287 322 426 408
535 376 431 282 820 570 521 597 267 674 487 632 449 416 816 257 687 735 111 479 705 840 319 410 392 674 225 786 710 385 0 741 501 319 500 457 323 653 388 840 742 274 709 503 319 143 2250 194 494 555 771 753
439 647 492 666 914 192 738 837 916 944 767 714 465 360 910 905 683 1006 655 770 840 1054 814 680 446 944 624 880 617 535 741 0 739 814 753 511 593 780 441 1054 93 923 751 755 814 803 2215 702 397 458 679 661
944 651 592 638 370 778 121 882 445 852 117 1029 565 824 365 346 236 914 530 109 1083 1019 232 684 801 852 645 335 1106 793 501 739 0 233 130 865 585 203 796 1019 739 452 259 132 232 386 1906 613 902 963 1168 1150
762 469 605 455 551 796 252 700 263 670 219 847 622 642 547 164 418 732 348 210 901 836 78 502 619 670 462 517 924 611 319 814 233 0 231 683 402 384 614 837 814 270 441 234 77 204 1981 431 720 781 986 968
943 650 606 637 384 792 135 881 444 851 116 1028 579 823 379 345 250 913 529 108 1082 1017 231 683 800 851 643 349 1105 792 500 753 130 231 0 864 584 217 795 1018 753 451 273 131 231 385 1920 612 901 962 1167 1149
265 362 738 657 1184 435 885 378 631 659 851 237 756 282 1180 621 1041 721 371 843 417 751 683 355 122 660 340 1150 315 250 457 511 865 683 864 0 309 1017 105 751 511 638 1073 867 683 518 2572 417 223 272 376 358
387 94 672 523 904 422 604 325 351 379 571 472 690 268 899 340 770 441 237 562 527 545 403 128 244 379 206 869 550 236 323 593 585 402 584 309 0 736 240 546 593 358 793 586 403 292 2333 283 346 406 612 594
1096 803 634 789 219 819 202 1034 597 1004 231 1181 606 891 214 498 144 1066 682 234 1235 1170 384 836 953 1004 796 184 1258 945 653 780 203 384 217 1017 736 0 948 1171 780 604 108 219 384 538 1795 765 1054 1115 1320 1302
196 293 669 588 1115 366 816 443 562 590 782 302 687 213 1111 552 972 652 302 774 482 757 614 326 53 591 271 1081 379 181 388 442 796 614 795 105 240 948 0 757 441 569 1004 798 614 449 2503 348 154 215 441 423
861 612 1127 978 1338 939 1038 843 785 224 1005 756 1145 785 1333 775 1204 156 754 997 882 71 837 645 762 224 723 1303 611 754 840 1054 1019 837 1018 751 546 1171 757 0 1054 792 1227 1020 837 727 2768 801 819 669 717 699
439 647 492 666 915 192 738 837 916 944 767 714 465 360 910 905 684 1006 655 770 840 1054 814 680 446 944 624 880 617 535 742 93 739 814 753 510 593 780 441 1053 0 923 751 755 814 803 2215 702 397 458 679 661
638 346 638 489 849 673 549 576 38 547 516 724 656 519 844 285 715 609 381 508 778 713 348 379 495 547 457 814 801 488 352 845 530 348 529 560 279 682 491 714 845 0 738 531 348 237 2278 464 597 658 863 845
1105 859 604 778 205 790 258 1090 653 1060 287 1237 577 861 200 554 200 1122 738 290 1291 1227 440 892 1009 1060 853 170 1284 1001 709 751 259 441 273 1073 793 108 1004 1227 751 660 0 275 441 594 1729 821 1063 1124 1346 1328
945 652 608 639 386 793 137 883 446 853 118 1030 581 826 381 348 252 915 531 110 1084 1020 234 686 802 854 646 351 1108 794 503 755 132 234 131 867 586 219 798 1020 755 453 275 0 234 388 1922 615 903 964 1169 1151
762 469 605 455 551 796 252 700 263 670 219 847 622 642 547 164 418 732 348 210 901 836 78 502 619 670 462 517 924 611 319 814 232 77 231 683 403 384 614 837 814 270 441 234 0 204 1981 431 720 781 986 968
597 359 429 279 705 631 406 589 152 560 373 693 446 477 701 142 572 622 172 364 766 726 204 392 454 560 286 671 771 446 143 803 386 204 385 518 292 538 449 727 803 160 594 388 204 0 2135 255 555 616 832 814
2365 2195 1864 2038 1688 2049 1701 2426 1989 2396 1730 2568 1837 2121 1684 1890 1529 2458 2074 1733 2627 2563 1776 2228 2273 2397 2189 1654 2544 2296 2045 2011 1702 1777 1716 2368 2129 1591 2299 2563 2011 1996 1524 1718 1777 1931 0 2157 2323 2384 2605 2587
495 336 543 394 932 530 633 557 379 634 600 592 561 376 928 369 799 695 108 591 665 800 431 370 352 634 98 898 670 345 194 702 613 431 612 417 283 765 348 801 702 387 821 615 431 255 2362 0 454 515 731 713
66 399 775 694 1221 472 921 569 668 696 888 427 778 318 1216 657 996 758 407 880 553 820 720 432 159 696 376 1186 383 287 494 397 902 720 901 223 346 1054 154 820 397 675 1064 903 720 555 2528 454 0 171 445 427
212 430 836 755 1282 533 982 418 729 757 949 277 838 379 1277 718 1057 771 468 941 403 670 781 395 220 757 437 1247 233 322 555 458 963 781 962 272 406 1115 215 670 458 736 1125 964 781 616 2589 515 171 0 295 277
487 534 1077 971 1487 774 1187 523 934 887 1154 382 1060 620 1482 923 1278 819 685 1146 508 718 986 500 471 887 654 1452 281 426 771 679 1168 986 1167 376 612 1320 441 717 679 941 1346 1169 986 832 2810 731 445 295 0 99
469 516 1059 953 1469 756 1169 505 916 869 1136 364 1042 602 1464 906 1260 801 667 1128 490 700 968 482 453 869 636 1434 263 408 753 661 1150 968 1149 358 594 1302 423 699 661 923 1328 1151 968 814 2792 713 427 277 99 0
EOF