NAME : tsp_problem
TYPE : TSP
DIMENSION : 60
EDGE_WEIGHT_TYPE : EXPLICIT
EDGE_WEIGHT_FORMAT : FULL_MATRIX
EDGE_WEIGHT_SECTION
0 164 749 357 681 177 261 1880 358 1842 561 301 403 739 418 538 415 323 523 670 356 574 542 538 359 717 427 316 37 539 641 105 548 459 647 791 328 525 81 1674 746 851 479 233 411 612 362 442 549 2082 216 342 210 579 615 647 579 632 647 395
164 0 614 355 821 317 400 1745 355 1706 664 165 542 604 557 403 554 463 388 664 221 543 406 570 452 582 371 259 175 679 638 112 688 403 786 656 272 665 119 1538 743 715 618 304 355 751 501 582 413 1946 140 435 134 576 754 786 576 771 786 534
749 614 0 841 1348 891 892 1320 842 1282 1151 564 1105 237 1120 262 1077 989 289 598 443 596 263 623 939 196 641 752 761 1241 1125 698 1251 606 749 142 785 1195 704 1113 1230 201 793 790 661 1278 1076 830 265 1522 725 922 719 1063 1282 749 1063 1273 749 1057
357 355 841 0 745 253 337 1973 108 1934 513 393 466 832 482 631 490 399 615 745 449 649 634 614 301 810 697 586 348 603 342 438 612 730 723 884 599 589 414 1766 447 943 554 152 681 676 438 518 641 2174 466 284 460 280 679 723 280 635 723 471
681 821 1348 745 0 545 565 2408 746 2370 586 935 308 1267 399 1173 347 501 1157 823 990 877 1176 842 463 1278 1066 972 672 388 824 762 397 1072 684 1425 985 253 737 2201 722 1485 782 621 1068 209 381 746 1183 2609 872 479 867 892 285 684 892 534 684 367
177 317 891 253 545 0 157 2022 254 1984 424 443 266 881 282 680 310 219 665 565 498 469 683 434 254 859 580 469 168 403 536 258 412 612 543 933 481 389 233 1816 641 992 374 129 564 475 258 338 691 2224 369 238 363 474 479 543 475 496 543 290
261 400 892 337 565 157 0 1951 337 1913 510 526 286 810 323 764 274 137 749 415 582 319 767 284 338 821 508 552 252 423 620 341 432 514 393 991 565 391 317 1744 725 1051 224 213 528 495 221 188 775 2153 452 321 446 558 498 393 558 537 393 254
1695 1559 1135 1787 2222 1837 1766 0 1788 81 2097 1510 2045 1125 2066 1314 1951 1864 1341 1473 1389 1471 1315 1497 1885 1136 1515 1626 1707 2182 2070 1644 2191 1481 1623 1235 1660 2069 1650 285 2176 1294 1667 1736 1535 2153 1981 1705 1317 238 1671 1868 1665 2009 2156 1623 2009 2219 1623 1932
358 355 842 108 746 254 337 1973 0 1935 514 394 467 832 483 631 491 400 616 746 449 650 635 615 302 810 698 587 349 604 341 439 613 730 723 884 600 590 414 1767 446 944 555 153 682 676 439 519 642 2175 467 285 461 279 680 723 279 635 724 471
1657 1521 1096 1749 2184 1799 1728 81 1750 0 2058 1471 2007 1087 2028 1276 1913 1825 1303 1434 1351 1432 1277 1459 1847 1097 1477 1588 1668 2144 2032 1605 2153 1443 1585 1196 1621 2031 1612 247 2137 1255 1629 1698 1497 2114 1942 1666 1279 282 1632 1830 1627 1970 2118 1585 1971 2180 1585 1893
561 664 1151 513 586 424 510 2282 514 2244 0 702 307 1141 323 940 524 557 925 919 758 822 943 787 231 1119 963 852 552 329 796 641 321 995 896 1193 865 430 617 2075 901 1252 728 389 947 517 437 691 951 2484 752 247 746 734 520 896 735 142 896 544
301 165 564 393 935 443 526 1695 394 1657 702 0 656 554 672 353 680 589 338 784 171 680 356 707 490 532 508 396 312 793 676 249 802 540 912 606 409 779 256 1488 781 665 744 342 492 865 628 708 364 1896 276 474 271 614 869 912 615 824 912 660
403 542 1105 466 308 266 286 2231 467 2192 307 656 0 1090 121 894 247 279 879 695 712 598 897 563 185 1073 787 694 393 166 750 483 175 794 636 1147 706 152 459 2024 678 1206 504 342 789 239 159 467 905 2432 594 200 588 688 242 636 688 335 636 266
739 604 237 832 1267 881 810 1310 832 1272 1141 554 1090 0 1110 271 996 908 297 517 433 515 271 541 929 58 560 670 751 1226 1115 688 1235 525 667 279 704 1113 695 1104 1220 338 711 780 580 1197 1025 749 273 1512 715 912 709 1053 1200 667 1053 1263 668 976
418 557 1120 482 399 282 323 2251 483 2213 323 672 121 1110 0 909 338 370 894 732 727 636 912 601 200 1088 820 709 409 203 765 498 195 831 709 1162 722 244 474 2045 770 1221 541 358 804 330 250 505 920 2453 609 216 603 703 333 709 704 235 710 358
538 403 262 631 1173 680 764 1500 631 1461 940 353 894 271 909 0 918 826 116 589 232 587 123 613 728 230 631 634 550 1031 914 487 1040 597 739 304 647 1017 494 1293 1019 363 783 580 651 1103 865 820 125 1701 514 711 508 852 1106 739 852 1062 739 898
415 554 1077 490 347 310 274 2137 491 2099 524 680 247 996 338 918 0 200 902 552 736 586 921 551 402 1007 775 706 406 326 774 495 336 781 413 1171 719 141 471 1930 717 1230 491 366 795 278 239 455 928 2338 606 417 600 712 281 413 712 472 413 43
323 463 989 399 501 219 137 2049 400 2011 557 589 279 908 370 826 200 0 811 513 644 417 830 382 401 919 606 615 314 359 682 404 368 612 472 1079 627 318 380 1842 787 1139 322 275 626 431 148 286 837 2250 515 384 509 621 435 472 621 559 472 180
523 388 289 615 1157 665 749 1526 616 1488 925 338 879 297 894 116 902 811 0 615 217 613 119 640 713 257 658 619 535 1015 899 472 1024 623 766 331 632 1001 478 1320 1004 390 810 564 678 1088 850 847 126 1728 499 696 493 837 1091 766 837 1047 766 883
670 664 598 745 823 565 415 1658 746 1620 919 784 695 517 732 589 552 513 615 0 663 289 589 315 747 528 333 444 661 831 1029 641 840 299 224 698 478 669 675 1451 1134 757 221 621 353 753 630 257 591 1860 572 730 567 967 756 223 967 946 224 532
356 221 443 449 990 498 582 1574 449 1536 758 171 712 433 727 232 736 644 217 663 0 661 236 688 546 411 563 452 368 848 732 305 858 596 814 485 465 835 312 1368 837 545 800 397 547 921 683 763 243 1776 332 529 326 670 924 814 670 880 814 716
574 543 596 649 877 469 319 1656 650 1618 822 680 598 515 636 587 586 417 613 289 661 0 587 67 651 526 213 324 564 735 932 521 744 219 389 696 357 704 555 1449 1037 755 220 525 233 808 534 288 589 1858 452 634 446 871 811 389 871 850 389 566
542 406 263 634 1176 683 767 1500 635 1462 943 356 897 271 912 123 921 830 119 589 236 587 0 614 731 231 632 637 553 1034 917 490 1043 597 740 305 650 1020 497 1294 1022 364 784 583 652 1106 868 821 125 1702 517 715 511 855 1109 740 856 1065 740 901
538 570 623 614 842 434 284 1683 615 1644 787 707 563 541 601 613 551 382 640 315 688 67 614 0 616 552 239 350 529 700 897 547 709 246 353 723 384 669 581 1476 1002 782 185 490 260 773 499 253 616 1884 478 599 473 836 776 353 836 815 354 531
359 452 939 301 463 254 338 2070 302 2032 231 490 185 929 200 728 402 401 713 747 546 651 731 616 0 907 761 650 350 321 584 439 330 794 724 981 663 307 415 1863 689 1040 556 177 745 394 314 520 739 2272 550 98 544 522 397 724 523 353 724 421
717 582 196 810 1277 859 821 1321 810 1283 1119 532 1073 58 1088 230 1006 919 257 528 411 526 231 552 907 0 570 681 729 1210 1093 666 1219 536 678 238 715 1124 673 1114 1198 298 722 759 591 1208 1036 760 233 1523 693 890 687 1031 1211 678 1031 1241 678 987
427 371 641 697 1066 580 508 1701 698 1662 963 508 787 560 820 631 775 606 658 333 563 213 632 239 761 570 0 151 439 924 980 348 933 73 531 741 185 893 382 1494 1085 800 409 636 60 997 723 477 634 1902 279 744 274 919 1000 531 919 1034 531 756
316 259 752 586 972 469 552 1812 587 1773 852 396 694 670 709 634 706 615 619 444 452 324 637 350 650 681 151 0 327 830 869 237 840 184 642 852 73 817 271 1605 974 911 520 525 135 903 653 588 645 2013 168 633 162 807 906 642 808 923 642 686
37 175 761 348 672 168 252 1892 349 1854 552 312 393 751 409 550 406 314 535 661 368 564 553 529 350 729 439 327 0 530 632 117 539 471 638 803 340 516 92 1685 737 862 470 224 423 603 353 433 561 2093 227 333 222 570 606 638 570 623 638 386
539 679 1241 603 388 403 423 2367 604 2329 329 793 166 1226 203 1031 326 359 1015 831 848 735 1034 700 321 1210 924 830 530 0 860 620 53 930 716 1284 843 232 595 2161 758 1343 640 479 926 318 239 604 1041 2569 731 337 725 825 322 716 825 215 716 346
641 638 1125 342 824 536 620 2256 341 2218 796 676 750 1115 765 914 774 682 899 1029 732 932 917 897 584 1093 980 869 632 860 0 721 869 1013 1006 1167 882 725 697 2049 156 1226 838 435 964 754 721 801 925 2457 749 567 743 119 713 1006 119 918 1006 754
105 112 698 438 762 258 341 1829 439 1791 641 249 483 688 498 487 495 404 472 641 305 521 490 547 439 666 348 237 117 620 721 0 629 380 727 740 249 606 60 1622 826 799 559 314 332 692 443 523 498 2030 164 423 158 659 695 727 660 713 728 475
548 688 1251 612 397 412 432 2377 613 2338 321 802 175 1235 195 1040 336 368 1024 840 858 744 1043 709 330 1219 933 840 539 53 869 629 0 939 725 1293 852 241 605 2170 767 1352 649 488 935 328 248 613 1050 2578 740 346 734 834 331 725 834 208 725 355
459 403 606 730 1072 612 514 1666 730 1628 995 540 794 525 831 597 781 612 623 299 596 219 597 246 794 536 73 184 471 930 1013 380 939 0 497 706 217 899 415 1459 1118 765 415 668 93 1003 729 483 599 1868 312 777 306 951 1006 497 951 1045 497 762
647 786 749 723 683 543 393 1809 723 1770 896 912 636 667 709 739 412 471 766 224 814 389 740 353 724 678 531 642 638 716 1006 727 725 497 0 849 676 530 703 1602 1054 908 198 599 551 614 510 235 742 2010 770 707 765 944 617 93 944 862 93 393
791 656 142 884 1425 933 991 1420 884 1382 1193 606 1147 279 1162 304 1171 1079 331 698 485 696 305 723 981 238 741 852 803 1284 1167 740 1293 706 849 0 885 1270 747 1213 1272 170 893 832 761 1356 1118 930 307 1621 767 964 761 1105 1359 849 1105 1315 849 1151
328 272 785 599 985 481 565 1845 600 1807 865 409 706 704 722 647 719 627 632 478 465 357 650 384 663 715 185 73 340 843 882 249 852 217 676 885 0 829 284 1638 987 944 554 537 169 916 666 621 658 2046 181 646 175 820 919 676 821 936 676 699
525 665 1195 589 253 389 391 2255 590 2216 430 779 152 1114 244 1017 141 318 1001 670 835 704 1020 669 307 1124 893 817 516 232 725 606 241 899 530 1270 829 0 581 2048 623 1329 609 465 912 183 225 573 1027 2456 717 323 711 793 187 530 793 378 530 160
81 119 704 414 737 233 317 1836 414 1797 617 256 459 695 474 494 471 380 478 675 312 555 497 581 415 673 382 271 92 595 697 60 605 415 703 747 284 581 0 1629 802 806 535 290 366 668 418 499 504 2037 171 398 165 635 671 703 635 688 703 451
1488 1352 928 1580 2015 1630 1559 285 1581 247 1890 1303 1838 918 1859 1107 1744 1657 1134 1266 1182 1264 1108 1290 1678 929 1308 1419 1500 1975 1864 1437 1984 1274 1416 1028 1453 1862 1443 0 1969 1087 1460 1529 1329 1946 1774 1498 1110 486 1464 1661 1458 1802 1949 1416 1802 2012 1416 1725
746 743 1230 447 722 641 725 2361 446 2323 901 781 678 1220 769 1019 717 787 1004 1134 837 1037 1022 1002 689 1198 1085 974 737 758 156 826 767 1118 1054 1272 987 623 802 2154 0 1331 943 540 1069 652 751 906 1030 2562 854 672 849 224 611 1054 224 904 1053 737
851 715 201 943 1485 992 1051 1479 944 1441 1252 665 1206 338 1221 363 1230 1139 390 757 545 755 364 782 1040 298 800 911 862 1343 1226 799 1352 765 908 170 944 1329 806 1272 1331 0 952 892 820 1415 1177 989 366 1680 826 1024 820 1164 1418 908 1165 1374 908 1210
479 618 793 554 782 374 224 1852 555 1814 728 744 504 711 541 783 491 322 810 221 800 220 784 185 556 722 409 520 470 640 838 559 649 415 198 893 554 609 535 1646 943 952 0 430 429 713 439 97 786 2054 648 539 643 776 716 198 776 755 198 472
233 304 790 152 621 129 213 1922 153 1883 389 342 342 780 358 580 366 275 564 621 397 525 583 490 177 759 636 525 224 479 435 314 488 668 599 832 537 465 290 1715 540 892 430 0 620 552 314 394 590 2123 415 160 409 374 555 599 374 511 599 347
411 355 661 681 1068 564 528 1721 682 1683 947 492 789 580 804 651 795 626 678 353 547 233 652 260 745 591 60 135 423 926 964 332 935 93 551 761 169 912 366 1514 1069 820 429 620 0 998 743 497 654 1922 263 729 258 903 1001 551 903 1019 552 776
612 751 1279 676 209 475 495 2338 676 2300 517 865 239 1197 330 1103 278 431 1088 753 921 808 1106 773 394 1208 997 903 603 318 754 692 328 1003 614 1356 916 183 668 2132 652 1415 713 552 998 0 311 677 1114 2540 803 410 797 822 216 614 822 464 614 297
362 501 1076 438 381 258 221 2166 439 2128 437 628 159 1025 250 865 239 148 850 630 683 534 868 499 314 1036 723 653 353 239 721 443 248 729 511 1118 666 225 418 1959 751 1177 439 314 743 311 0 403 876 2367 553 330 548 659 315 510 660 439 510 219
442 582 830 518 746 338 188 1890 519 1852 691 708 467 749 505 820 455 286 847 257 763 288 821 253 520 760 477 588 433 604 801 523 613 483 235 930 621 573 499 1683 906 989 97 394 497 677 403 0 823 2091 634 503 628 740 680 235 740 719 235 435
549 413 265 641 1183 691 775 1502 642 1464 951 364 905 273 920 125 928 837 126 591 243 589 125 616 739 233 634 645 561 1041 925 498 1050 599 742 307 658 1027 504 1295 1030 366 786 590 654 1114 876 823 0 1704 525 722 519 863 1117 742 863 1073 742 909
1896 1761 1336 1989 2424 2038 1967 238 1989 282 2298 1711 2247 1326 2267 1516 2153 2065 1542 1674 1590 1672 1516 1698 2086 1337 1717 1827 1908 2383 2272 1845 2392 1682 1824 1436 1861 2270 1852 486 2377 1495 1868 1937 1737 2354 2182 1906 1518 0 1872 2069 1866 2210 2357 1824 2210 2420 1825 2133
216 140 725 466 872 369 452 1856 467 1818 752 276 594 715 609 514 606 515 499 572 332 452 517 478 550 693 279 168 227 731 749 164 740 312 770 767 181 717 171 1649 854 826 648 415 263 803 553 634 525 2058 0 533 49 688 806 770 688 823 770 586
342 435 922 284 479 238 321 2053 285 2015 247 474 200 912 216 711 417 384 696 730 529 634 715 599 98 890 744 633 333 337 567 423 346 777 707 964 646 323 398 1847 672 1024 539 160 729 410 330 503 722 2255 533 0 528 506 413 707 506 369 708 437
210 134 719 460 867 363 446 1850 461 1812 746 271 588 709 603 508 600 509 493 567 326 446 511 473 544 687 274 162 222 725 743 158 734 306 765 761 175 711 165 1644 849 820 643 409 258 797 548 628 519 2052 49 528 0 682 800 765 682 818 765 580
579 576 1063 280 892 474 558 2194 279 2156 734 614 688 1053 703 852 712 621 837 967 670 871 855 836 522 1031 919 807 570 825 119 659 834 951 944 1105 820 793 635 1987 224 1164 776 374 903 822 659 740 863 2395 688 506 682 0 781 944 83 856 944 692
615 754 1282 679 285 479 498 2342 680 2303 520 869 242 1201 333 1106 281 435 1091 757 924 811 1109 776 397 1211 1000 906 606 322 719 695 331 1006 617 1359 919 187 671 2135 617 1418 716 555 1001 216 315 680 1117 2543 806 413 800 787 0 617 787 468 617 301
647 786 749 723 683 543 393 1809 723 1770 896 912 636 667 709 739 412 471 766 223 814 389 740 353 724 678 531 642 638 716 1006 727 725 497 93 849 676 530 703 1602 1053 908 198 599 551 614 510 235 742 2010 770 707 765 944 617 0 944 862 93 393
579 576 1063 280 892 475 558 2194 279 2156 735 615 688 1053 704 852 712 621 837 967 670 871 856 836 523 1031 919 808 570 825 119 660 834 951 944 1105 821 793 635 1988 224 1165 776 374 903 822 660 740 863 2396 688 506 682 83 781 944 0 856 945 692
632 771 1273 635 534 496 537 2404 635 2366 142 824 335 1263 235 1062 472 559 1047 946 880 850 1065 815 353 1241 1034 923 623 215 918 713 208 1045 862 1315 936 378 688 2197 904 1374 755 511 1019 464 439 719 1073 2605 823 369 818 856 468 862 856 0 862 492
647 786 749 723 683 543 393 1809 724 1770 896 912 636 668 710 739 412 471 766 224 814 389 740 354 724 678 531 642 638 716 1006 728 725 497 93 849 676 530 703 1602 1053 908 198 599 552 614 510 235 742 2010 770 708 765 944 617 93 945 862 0 393
395 534 1057 471 367 290 254 2117 471 2079 544 660 266 976 358 898 43 180 883 532 716 566 901 531 421 987 756 686 386 346 754 475 355 762 393 1151 699 160 451 1910 737 1210 472 347 776 297 219 435 909 2319 586 437 580 692 301 393 692 492 393 0
EOF