NAME : tsp_problem
TYPE : TSP
DIMENSION : 54
EDGE_WEIGHT_TYPE : EXPLICIT
EDGE_WEIGHT_FORMAT : FULL_MATRIX
EDGE_WEIGHT_SECTION
0 650 411 396 972 1104 1112 423 903 1034 916 1400 597 2262 841 447 202 682 991 1405 1090 1370 1370 701 549 647 897 665 1076 587 260 776 599 315 221 362 559 599 748 288 247 973 1405 736 814 261 1077 1017 68 673 301 974 817 382
650 0 674 579 526 844 700 613 754 778 767 1010 253 1850 691 709 496 154 545 1015 857 980 980 792 388 182 484 504 870 426 732 614 897 399 458 533 397 897 301 471 661 527 1015 289 416 420 866 790 670 213 361 825 358 281
411 674 0 116 996 1106 1121 82 905 1036 918 1402 827 2370 843 86 281 750 1015 1407 1091 1372 1372 944 551 778 1022 667 1078 589 494 777 868 491 299 364 560 868 772 290 186 996 1407 760 1044 371 1079 1019 432 847 325 976 992 406
396 579 116 0 901 1011 1026 55 811 942 824 1307 793 2276 748 152 220 655 920 1312 997 1277 1277 849 456 683 927 572 983 494 478 683 853 476 204 269 466 853 677 195 194 902 1312 665 955 301 984 924 417 752 230 882 897 311
972 526 996 901 0 628 484 935 566 563 579 795 524 1634 504 1032 818 433 71 799 642 765 765 984 513 458 269 512 655 551 1055 305 1088 721 780 787 523 1088 236 755 984 47 800 326 388 742 651 575 993 385 684 637 243 604
1104 844 1106 1011 628 0 196 1045 251 201 261 370 743 1445 365 1080 950 760 600 374 144 340 340 932 640 725 409 639 140 678 1186 522 1037 889 912 769 650 1037 621 843 1116 630 375 711 599 910 140 184 1125 652 852 148 510 772
1112 700 1121 1026 484 196 0 1060 266 130 276 395 599 1301 380 1095 965 615 456 399 209 365 365 947 655 581 264 654 222 693 1194 538 1052 880 927 784 665 1052 477 858 1131 485 400 567 454 925 218 142 1132 508 867 222 366 787
423 613 82 55 935 1045 1060 0 844 975 857 1341 826 2309 782 118 238 689 954 1345 1030 1311 1311 883 490 717 961 606 1017 528 505 716 880 502 238 303 499 880 710 229 212 935 1346 699 989 327 1017 958 443 786 264 915 931 345
903 754 905 811 566 251 266 844 0 181 90 547 814 1515 164 880 749 830 601 552 236 517 517 732 440 796 479 438 223 478 986 322 836 688 711 568 449 836 692 642 915 560 552 781 669 709 223 164 924 723 651 121 580 571
1034 778 1036 942 563 201 130 975 181 0 192 411 677 1379 295 1011 881 694 534 415 187 381 381 863 571 659 343 569 173 609 1117 453 967 820 843 700 580 968 555 773 1046 564 415 645 533 841 174 100 1055 586 782 137 444 702
916 767 918 824 579 261 276 857 90 192 0 557 824 1526 177 893 763 840 614 562 247 527 527 745 453 806 489 451 233 491 999 335 849 702 725 582 462 850 702 655 928 574 562 792 679 723 234 174 937 733 664 132 591 584
1400 1010 1402 1307 795 370 395 1341 547 411 557 0 910 1422 661 1376 1246 926 767 66 383 172 172 1228 936 892 575 935 396 974 1482 818 1333 1185 1208 1065 946 1333 788 1139 1412 796 66 877 765 1206 392 423 1421 819 1147 473 676 1068
597 253 826 793 524 743 599 826 814 677 824 910 0 1749 905 862 617 169 495 914 757 880 880 1006 602 135 384 718 770 640 679 793 1054 366 636 747 611 1054 346 684 662 525 915 334 302 537 765 689 617 160 575 769 305 495
2076 1664 2185 2090 1449 1259 1115 2124 1330 1193 1340 1237 1564 0 1443 2159 2024 1580 1420 1241 1272 1207 1207 2011 1719 1545 1229 1718 1286 1757 2158 1601 2116 1845 1986 1848 1728 2116 1441 1922 2141 1450 1241 1531 1419 1948 1281 1205 2097 1472 1889 1285 1330 1809
841 691 843 748 504 365 380 782 164 295 177 661 905 1629 0 817 687 768 539 665 350 631 631 669 377 796 593 376 337 415 923 259 774 626 649 506 387 774 704 580 853 498 665 777 783 647 337 277 862 836 589 235 694 509
447 709 86 152 1032 1080 1095 118 880 1011 893 1376 862 2345 817 0 317 786 1051 1381 1066 1346 1346 918 587 814 1057 703 1052 625 529 813 904 527 335 338 596 904 807 326 222 1032 1381 795 1080 406 1053 993 468 883 360 951 1027 442
202 496 281 220 818 950 965 238 749 881 763 1246 618 2209 687 317 0 572 837 1251 936 1216 1216 761 395 600 844 511 922 433 285 622 660 282 67 208 405 659 594 134 214 819 1251 582 835 107 923 863 223 669 147 821 814 228
682 154 750 655 433 760 615 689 830 694 840 926 169 1765 768 786 572 0 452 931 773 896 896 868 464 60 400 580 786 502 764 690 973 451 534 609 473 973 208 547 738 434 931 196 331 496 782 706 702 129 437 786 273 358
991 545 1015 920 71 600 456 954 601 534 614 767 495 1606 539 1051 837 452 0 771 613 737 737 1019 549 430 241 547 626 587 1074 340 1123 740 799 822 558 1124 255 790 1003 72 771 345 359 761 622 546 1012 357 703 626 214 623
1405 1015 1407 1312 799 374 399 1345 552 415 562 66 914 1427 665 1381 1251 931 771 0 388 176 176 1233 941 896 580 939 401 979 1487 823 1338 1190 1213 1070 950 1338 792 1143 1416 801 79 882 770 1211 397 427 1425 823 1152 478 681 1072
1090 857 1091 997 642 144 209 1030 236 187 247 383 757 1458 350 1066 936 773 613 388 0 353 353 918 626 738 422 624 125 664 1172 508 1022 875 898 755 635 1023 634 828 1101 643 388 724 612 896 125 169 1110 665 837 133 523 757
1370 980 1372 1277 765 340 365 1311 517 381 527 172 880 1392 631 1346 1216 896 737 176 353 0 39 1198 906 862 545 905 366 944 1452 788 1303 1155 1178 1035 916 1303 758 1109 1382 766 176 847 735 1176 362 393 1391 789 1117 443 646 1038
1370 980 1372 1277 765 340 365 1311 517 381 527 172 880 1392 631 1346 1216 896 737 176 353 39 0 1198 906 862 545 905 366 944 1452 788 1303 1155 1178 1035 916 1303 758 1109 1382 766 176 847 735 1176 362 393 1391 789 1117 443 646 1038
695 792 944 849 984 932 947 883 732 863 745 1228 1006 2197 669 918 761 868 1019 1233 918 1198 1198 0 595 896 1140 712 904 633 819 739 155 727 750 607 605 155 890 681 805 978 1233 878 1168 748 905 845 713 965 689 803 1110 609
549 388 551 456 513 640 655 490 440 571 453 936 602 1905 377 587 395 464 549 941 626 906 906 595 0 492 736 136 612 89 631 289 700 323 357 336 72 700 486 304 561 508 941 474 764 344 613 553 570 561 285 511 706 205
647 182 778 683 458 725 581 717 796 659 806 892 135 1731 796 814 600 60 430 896 738 862 862 896 492 0 365 608 751 530 729 719 1001 416 562 637 502 1001 236 575 712 459 896 225 297 524 747 671 668 94 466 751 239 386
896 484 1022 927 269 409 264 961 479 343 489 575 384 1414 593 1057 844 400 241 580 422 545 545 1140 736 365 0 745 435 774 979 538 1245 665 806 881 745 1245 262 819 961 270 580 351 239 768 431 355 917 293 709 435 150 630
665 504 667 572 512 639 654 606 438 569 451 935 718 1903 376 703 511 580 547 939 624 905 905 712 136 608 745 0 611 107 748 288 816 439 473 452 135 816 602 420 677 507 940 590 864 460 611 552 686 677 401 509 719 321
1076 870 1078 983 655 140 222 1017 223 173 233 396 770 1471 337 1052 922 786 626 401 125 366 366 904 612 751 435 611 0 650 1158 494 1009 861 884 741 622 1009 648 815 1088 656 401 737 625 882 112 156 1097 679 824 120 536 744
587 426 589 494 551 678 693 528 478 609 491 974 640 1943 415 625 433 502 587 979 664 944 944 633 89 530 774 107 650 0 669 327 738 361 395 374 89 738 524 342 599 546 979 512 802 382 651 591 608 599 323 549 744 243
260 732 494 478 1055 1186 1194 505 986 1117 999 1482 679 2344 923 529 285 764 1074 1487 1172 1452 1452 819 631 730 979 748 1158 669 0 858 717 397 304 444 641 717 830 370 329 1056 1487 818 897 344 1159 1099 281 755 383 1057 900 464
776 614 777 683 305 522 538 716 322 453 335 818 793 1787 259 813 622 690 340 823 508 788 788 739 289 719 538 288 494 327 858 0 844 549 584 563 298 844 505 530 787 300 823 595 657 570 495 435 796 654 511 393 512 431
593 897 868 853 1088 1037 1052 880 836 967 849 1333 1054 2301 774 904 659 973 1123 1338 1022 1303 1303 155 700 1001 1245 816 1009 738 717 844 0 772 678 711 710 71 995 745 704 1083 1338 983 1271 718 1009 950 611 1070 758 907 1215 714
315 399 491 476 721 889 881 502 688 820 702 1185 366 2031 626 527 282 451 740 1190 875 1155 1155 727 323 416 665 439 861 361 397 549 772 0 301 442 332 772 497 368 327 722 1190 485 583 219 862 802 335 442 296 760 586 216
221 458 299 204 780 912 927 238 711 843 725 1208 637 2171 649 335 67 534 799 1213 898 1178 1178 750 357 562 806 473 884 395 304 584 679 301 0 170 367 678 556 96 233 781 1213 544 834 126 885 825 242 631 109 783 776 190
362 533 364 269 787 769 784 303 568 700 582 1065 747 2033 506 338 208 609 822 1070 755 1035 1035 607 336 637 881 452 741 374 444 563 711 442 170 0 346 712 631 101 374 781 1070 619 909 267 742 682 382 706 195 640 851 277
559 397 560 466 523 650 665 499 449 580 462 946 611 1914 387 596 405 473 558 950 635 916 916 605 72 502 745 135 622 89 641 298 710 332 367 346 0 710 495 313 570 517 950 483 773 353 622 562 579 570 294 520 715 214
593 897 868 853 1088 1037 1052 879 836 968 850 1333 1054 2301 774 904 659 973 1124 1338 1023 1303 1303 155 700 1001 1245 816 1009 738 717 844 71 772 678 712 710 0 995 745 704 1083 1338 983 1271 718 1010 950 611 1070 758 908 1215 714
748 301 772 677 236 621 477 710 692 555 702 788 346 1627 704 807 594 208 255 792 634 758 758 890 486 236 262 602 648 524 830 505 995 497 556 631 495 995 0 569 759 237 792 138 380 518 643 567 768 305 459 647 236 379
288 471 290 195 755 843 858 229 642 773 655 1139 684 2107 580 326 134 547 790 1143 828 1109 1109 681 304 575 819 420 815 342 370 530 745 368 96 101 313 745 569 0 300 749 1144 557 847 193 815 756 309 644 122 713 789 203
247 661 186 194 984 1116 1131 212 915 1046 928 1412 662 2327 853 222 214 738 1003 1416 1101 1382 1382 806 561 712 961 677 1088 599 329 787 704 327 233 374 570 704 759 300 0 985 1416 747 879 273 1088 1029 267 738 313 986 882 394
973 527 996 902 47 630 485 935 560 564 574 796 525 1635 498 1032 819 434 72 801 643 766 766 978 508 459 270 507 656 546 1056 300 1083 722 781 781 517 1083 237 749 985 0 801 327 389 743 652 576 994 386 685 632 244 605
1405 1015 1407 1312 800 375 400 1346 552 415 562 66 915 1427 665 1381 1251 931 771 79 388 176 176 1233 941 896 580 940 401 979 1487 823 1338 1190 1213 1070 950 1338 792 1144 1416 801 0 882 770 1211 397 427 1425 823 1152 478 681 1072
736 289 760 665 326 711 567 699 781 645 792 877 334 1717 777 795 582 196 345 882 724 847 847 878 474 225 351 590 737 512 818 595 983 485 544 619 483 983 138 557 747 327 882 0 470 506 733 657 756 293 447 737 325 367
814 416 1044 955 388 599 454 989 669 533 679 765 302 1604 783 1079 835 331 359 770 612 735 735 1168 764 297 239 864 625 802 896 657 1271 583 834 909 773 1271 380 847 879 389 770 470 0 754 621 545 835 322 737 625 269 657
261 420 371 301 742 910 925 327 709 841 723 1206 537 2133 647 406 107 496 761 1211 896 1176 1176 748 344 524 768 460 882 382 344 570 719 219 126 267 353 718 518 193 273 743 1211 506 755 0 883 823 282 593 206 781 738 237
1077 866 1079 984 651 140 218 1017 223 174 234 392 765 1467 337 1053 923 782 622 397 125 362 362 905 613 747 431 611 112 651 1159 495 1009 862 885 742 622 1010 643 815 1088 652 397 733 621 883 0 156 1097 674 824 120 532 744
1017 790 1019 924 575 184 142 958 164 100 174 423 689 1391 277 993 863 706 546 427 169 393 393 845 553 671 355 552 156 591 1099 435 950 802 825 682 562 950 567 756 1029 576 427 657 545 823 156 0 1037 598 764 119 456 684
68 670 432 417 993 1125 1132 443 924 1055 937 1421 618 2282 862 468 223 702 1012 1425 1110 1391 1391 719 570 668 917 686 1097 608 281 796 617 335 242 382 579 617 768 309 267 994 1425 756 835 282 1097 1037 0 693 321 995 838 403
673 213 847 752 385 652 508 786 723 586 733 819 160 1658 836 883 669 129 357 823 665 789 789 965 561 94 293 677 679 599 755 654 1070 442 631 706 570 1070 305 644 737 386 823 293 322 593 674 598 693 0 535 678 166 455
301 361 325 230 684 852 867 264 651 782 664 1147 575 2074 589 360 147 437 703 1152 837 1117 1117 689 285 466 709 401 824 323 383 511 758 296 109 195 294 758 459 122 313 685 1152 447 737 206 824 764 321 535 0 722 679 93
974 825 976 882 637 148 222 915 121 137 132 473 769 1471 235 951 821 786 626 478 133 443 443 803 511 751 435 509 120 549 1057 393 907 760 783 640 520 908 647 713 986 632 478 737 625 781 120 119 995 678 722 0 536 642
817 358 992 897 243 510 366 931 580 444 591 676 305 1516 694 1027 814 273 214 681 523 646 646 1110 706 239 150 719 536 744 899 512 1215 586 776 851 715 1215 236 789 882 244 681 325 269 738 532 456 838 166 679 536 0 599
382 281 406 311 604 772 787 345 571 702 584 1068 495 1995 509 442 228 358 623 1072 757 1038 1038 609 205 386 630 321 744 243 464 431 714 216 190 277 214 714 379 203 394 605 1072 367 657 237 744 684 403 455 93 642 599 0
EOF