NAME : tsp_problem
TYPE : TSP
DIMENSION : 34
EDGE_WEIGHT_TYPE : EXPLICIT
EDGE_WEIGHT_FORMAT : FULL_MATRIX
EDGE_WEIGHT_SECTION
0 856 761 617 284 1325 1169 124 935 339 317 829 653 1011 780 115 318 787 1222 243 586 767 856 787 299 1219 860 1026 617 280 668 766 1115 543
856 0 130 1179 921 636 513 758 132 641 581 540 338 465 659 942 650 1012 475 899 648 646 44 1012 838 477 48 469 1179 955 1172 646 350 594
761 130 0 1083 825 722 599 696 208 545 485 626 407 551 652 847 554 916 561 803 641 638 130 916 742 564 134 555 1083 860 1076 638 436 587
617 1179 1083 0 872 1333 1177 655 1142 672 732 837 975 1019 788 703 681 224 1230 817 813 775 1179 224 830 1227 1183 1034 71 868 122 774 1176 769
284 921 825 872 0 1367 1211 379 999 381 474 871 717 1053 822 190 360 847 1264 104 629 809 921 847 105 1261 925 1068 872 54 923 808 1210 585
1325 636 722 1333 1367 0 219 1297 749 1025 1086 547 930 365 762 1412 1034 1167 203 1346 929 661 636 1167 1285 200 640 369 1333 1402 1327 660 352 875
1169 513 599 1177 1211 219 0 1140 625 869 929 390 807 209 606 1256 878 1010 115 1190 773 504 513 1010 1129 112 517 213 1177 1246 1171 504 195 719
124 758 696 655 379 1297 1140 0 870 377 242 800 566 982 751 210 356 776 1142 324 546 738 758 777 337 1144 762 998 655 374 706 737 1016 502
935 132 208 1142 999 749 625 870 0 667 659 620 450 578 571 1021 676 975 587 977 560 557 132 975 916 590 128 581 1142 1034 1136 557 462 506
339 641 545 672 381 1025 869 377 667 0 195 529 437 711 480 425 63 505 922 359 275 466 641 505 298 919 645 726 672 416 665 466 868 231
317 581 485 732 474 1086 929 242 659 195 0 589 377 771 540 403 204 566 982 396 335 527 581 566 392 980 585 787 732 501 726 527 887 292
829 540 626 837 871 547 390 800 620 529 589 0 832 232 265 915 538 670 443 849 433 164 540 670 788 441 544 248 837 906 830 164 389 379
653 338 407 975 717 930 807 566 450 437 377 832 0 759 783 739 446 808 769 695 578 769 338 808 634 771 342 763 975 752 968 769 644 534
1011 465 551 1019 1053 365 209 982 578 711 771 232 759 0 448 1097 720 852 262 1032 615 346 465 852 971 259 469 126 1019 1088 1013 346 282 561
701 737 729 709 743 840 683 673 649 401 462 343 704 525 0 788 410 543 736 722 461 281 737 543 661 734 733 541 709 778 703 281 682 407
115 943 847 704 190 1412 1256 210 1021 425 403 915 739 1097 866 0 405 874 1308 150 673 853 943 874 217 1306 947 1113 704 186 754 853 1201 629
318 650 554 681 360 1034 878 356 676 63 204 538 446 720 489 405 0 514 931 339 284 476 650 514 278 928 654 735 681 395 675 475 877 240
787 1012 916 224 847 1167 1010 776 975 505 566 670 808 852 621 874 514 0 1063 826 646 608 1012 83 765 1060 1016 868 224 882 217 607 1009 602
1222 475 561 1230 1264 203 115 1142 587 922 982 443 769 262 658 1308 931 1063 0 1242 826 557 475 1063 1181 76 479 266 1230 1299 1223 557 207 772
243 899 803 817 104 1346 1190 324 977 359 396 849 695 1032 800 150 339 826 1242 0 607 787 899 826 83 1240 903 1047 817 139 868 787 1188 563
586 648 641 813 629 929 773 546 560 275 335 433 578 615 383 673 284 646 826 607 0 370 648 646 546 823 644 630 812 663 806 370 772 79
767 646 638 775 809 661 504 738 557 466 527 164 769 346 203 853 476 608 557 787 370 0 646 608 726 554 642 362 775 843 768 28 503 316
856 44 130 1179 921 636 513 758 132 641 581 540 338 465 659 942 650 1012 475 899 648 646 0 1012 838 477 48 469 1179 955 1172 646 350 594
787 1012 916 224 847 1167 1010 777 975 505 566 670 808 852 621 874 514 83 1063 826 646 608 1012 0 765 1060 1016 868 224 882 217 608 1009 602
299 838 742 831 105 1285 1129 337 916 298 392 788 634 971 739 217 278 765 1181 83 546 726 838 765 0 1179 842 986 831 139 881 726 1127 502
1219 477 564 1227 1261 200 112 1144 590 919 980 441 771 259 656 1306 928 1060 76 1240 823 554 477 1060 1179 0 481 263 1227 1296 1221 554 209 769
860 48 134 1183 925 640 517 762 128 645 585 544 342 469 655 946 654 1016 479 903 644 642 48 1016 842 481 0 473 1183 959 1176 642 354 590
1026 469 555 1034 1068 369 213 998 581 726 787 248 763 126 463 1113 735 868 266 1047 630 362 469 868 986 263 473 0 1034 1103 1028 361 286 576
617 1179 1083 71 872 1333 1177 655 1142 672 732 837 975 1019 788 703 681 224 1230 817 812 775 1179 224 830 1227 1183 1034 0 868 122 774 1176 769
280 955 860 868 54 1402 1246 374 1034 416 501 906 752 1088 856 186 395 882 1299 139 663 843 955 882 139 1296 959 1103 868 0 919 843 1245 620
668 1172 1076 122 923 1327 1171 706 1136 665 726 830 968 1013 781 754 675 217 1223 868 806 768 1172 217 881 1221 1176 1028 122 919 0 768 1169 763
766 646 638 774 808 660 504 737 557 466 527 164 769 346 203 853 475 607 557 787 370 28 646 608 726 554 642 361 774 843 768 0 503 316
1114 350 436 1176 1210 352 195 1016 462 868 887 389 644 282 604 1201 877 1009 207 1188 772 503 350 1009 1127 209 354 286 1176 1245 1169 503 0 718
543 594 587 769 585 875 719 502 506 231 292 379 534 561 329 629 240 602 772 563 79 316 594 602 502 769 590 576 769 620 763 316 718 0
EOF