NAME : tsp_problem
TYPE : TSP
DIMENSION : 80
EDGE_WEIGHT_TYPE : EXPLICIT
EDGE_WEIGHT_FORMAT : FULL_MATRIX
EDGE_WEIGHT_SECTION
0 145 762 510 841 929 557 238 886 150 158 214 900 388 921 707 558 234 1568 684 849 746 683 772 891 123 480 689 447 792 698 568 783 264 795 502 467 537 237 475 235 664 377 437 628 663 463 1044 453 899 1042 799 152 468 542 524 585 42 433 47 468 114 473 806 731 513 512 450 892 342 595 140 480 765 894 592 642 578 162 900
145 0 741 489 969 1057 536 366 1014 128 179 102 1028 325 1049 835 686 362 1547 812 977 874 811 752 1019 185 368 817 575 771 826 696 911 392 923 630 355 516 365 454 363 643 505 565 632 791 591 1172 581 1027 1170 778 190 596 521 652 662 147 561 142 356 242 601 934 859 641 640 338 1020 470 574 142 368 744 1022 571 770 665 124 1028
762 741 0 319 915 733 434 916 690 742 647 717 1053 674 725 685 663 912 1854 448 923 510 707 260 695 683 910 670 658 214 693 492 858 807 408 575 898 293 854 335 913 361 737 665 530 644 732 674 722 1054 671 190 659 696 419 654 560 761 765 766 898 814 702 570 592 724 723 880 575 932 472 757 910 156 1104 469 460 562 738 1054
510 489 319 0 1005 916 135 687 873 491 396 465 1201 422 908 775 753 683 1602 615 1013 697 797 350 877 431 658 760 747 332 783 581 947 640 643 665 646 72 641 108 683 241 576 636 231 733 432 909 422 1200 906 309 407 667 119 355 260 509 466 514 646 562 672 756 682 814 813 628 810 719 172 505 658 274 1194 169 593 263 487 1201
841 969 915 1005 0 294 1052 726 337 973 937 1037 921 1167 302 274 596 722 2347 553 30 455 235 685 330 901 1274 287 467 733 249 482 84 616 658 508 1262 1007 663 1026 722 814 670 598 984 317 757 596 770 920 593 745 930 630 1037 880 941 839 725 845 1262 777 635 392 338 534 532 1244 409 742 1045 963 1274 792 914 1046 526 934 986 920
929 1057 734 916 294 0 963 815 73 1062 1026 1126 776 1250 38 251 573 811 2430 353 286 255 273 596 66 990 1363 264 556 644 259 426 358 705 458 485 1350 918 752 937 811 725 647 575 941 294 734 396 747 776 393 656 1019 606 948 857 918 928 702 933 1350 866 612 192 249 622 621 1333 232 831 978 1052 1363 702 827 979 365 911 1075 776
557 536 434 135 1052 963 0 595 919 537 442 511 1170 469 954 809 650 591 1648 662 1060 744 844 397 924 478 705 791 716 416 829 628 994 533 758 594 693 161 533 155 592 288 469 528 123 765 325 1024 315 1169 1021 424 454 559 43 247 153 556 358 561 693 609 564 803 728 782 781 675 925 612 65 552 705 389 1163 62 639 155 533 1169
238 366 916 687 726 815 595 0 771 371 334 435 785 564 806 592 444 18 1744 569 734 631 568 686 776 299 671 575 332 734 583 453 668 149 680 387 659 713 122 651 18 738 262 322 513 548 348 929 338 785 927 746 328 353 611 409 470 237 318 242 659 175 358 691 616 398 397 641 777 227 574 361 671 792 779 575 527 463 383 785
886 1014 690 873 337 73 919 771 0 1018 982 1082 732 1207 67 208 530 767 2386 310 330 212 229 552 37 946 1319 220 512 600 215 382 380 661 414 441 1307 875 708 893 767 681 603 532 897 250 690 353 703 733 350 613 975 563 904 813 875 884 658 890 1307 822 568 149 205 578 577 1289 201 787 935 1008 1319 659 783 935 321 867 1031 732
150 128 742 491 973 1062 537 371 1018 0 180 103 1033 326 1053 840 691 367 1548 817 981 879 816 753 1023 190 369 822 579 772 830 701 916 396 927 635 356 517 369 455 367 644 510 569 633 795 595 1177 585 1032 1174 780 191 601 522 657 663 151 565 146 357 246 606 938 864 646 645 339 1025 475 575 143 369 745 1026 572 775 666 125 1033
158 179 647 396 937 1026 442 334 982 180 0 154 997 274 1017 803 655 330 1453 781 945 843 779 658 987 87 380 786 543 677 794 664 879 360 891 599 368 422 333 360 331 549 474 533 538 759 559 1140 549 996 1138 685 63 564 427 620 568 157 529 162 368 210 570 902 827 609 608 351 988 439 480 194 380 650 990 477 738 571 176 996
214 102 717 465 1037 1126 511 435 1082 103 154 0 1097 301 1118 904 755 431 1522 881 1045 943 880 727 1087 189 343 886 643 746 894 765 980 460 991 699 330 491 433 429 431 618 574 634 607 859 659 1241 649 1096 1238 754 165 665 496 721 637 215 629 211 331 311 670 1002 928 710 709 313 1089 539 549 117 343 719 1090 546 839 640 99 1097
900 1028 1053 1201 921 775 1170 785 732 1033 997 1097 0 1227 767 745 762 781 2406 764 929 749 763 880 737 961 1333 758 491 928 753 648 863 676 831 674 1321 1203 723 1222 782 1010 836 764 1087 742 922 712 912 71 709 941 990 795 1185 983 1045 899 891 904 1321 837 801 686 743 446 447 1304 617 802 1148 1023 1333 987 122 1149 722 1037 1046 71
388 325 674 422 1167 1250 469 564 1207 326 274 301 1227 0 1242 1033 885 560 1290 950 1175 1031 1009 684 1212 309 264 1016 773 703 1024 894 1109 590 998 829 252 449 563 386 561 575 704 763 565 989 767 1264 757 1226 1261 711 285 794 454 689 594 387 759 392 252 440 800 1091 1016 839 838 234 1165 669 507 341 264 676 1220 504 927 597 322 1226
921 1049 725 908 302 38 954 806 67 1053 1017 1118 767 1242 0 243 565 802 2421 345 294 247 264 587 72 981 1354 255 547 635 250 417 365 696 449 476 1342 910 744 928 802 716 638 567 932 285 725 388 738 768 385 648 1011 598 939 848 910 919 693 925 1342 857 603 184 240 614 612 1324 236 822 970 1043 1354 694 818 970 356 903 1066 767
707 835 685 775 274 251 809 592 208 840 803 904 746 1033 243 0 339 588 2213 323 282 225 66 455 213 768 1140 57 333 503 52 225 217 483 428 251 1128 777 530 796 589 584 412 341 726 87 500 366 513 746 363 515 797 372 807 623 684 706 468 711 1128 643 378 162 108 400 399 1110 214 608 788 830 1140 562 780 789 296 677 852 746
558 686 663 753 596 573 650 444 530 691 655 755 762 885 565 339 0 440 2064 316 604 378 388 433 535 619 992 322 309 481 374 200 539 381 427 124 979 755 381 774 440 562 253 143 567 295 340 688 353 761 685 493 648 115 665 463 525 557 308 562 980 495 110 438 363 375 374 962 536 460 628 681 992 539 755 629 274 517 704 762
234 362 912 683 722 811 591 18 767 367 330 431 781 560 802 588 440 0 1740 566 730 628 564 682 772 295 667 571 328 730 579 449 664 145 676 384 655 709 118 647 16 734 259 318 509 544 344 925 334 781 923 742 324 349 607 405 467 233 314 238 655 171 354 687 612 394 393 637 773 223 570 357 667 788 775 571 523 459 379 781
1382 1361 1668 1416 2161 2245 1463 1559 2201 1363 1268 1337 2221 1105 2236 2027 1879 1555 0 1944 2169 2025 2004 1678 2206 1303 1341 2010 1767 1698 2018 1889 2103 1584 1992 1823 1328 1443 1557 1381 1555 1569 1698 1757 1559 1983 1761 2258 1751 2220 2255 1705 1279 1788 1448 1683 1589 1381 1753 1386 1329 1434 1794 2085 2010 1833 1832 1311 2159 1663 1501 1377 1341 1671 2214 1498 1921 1591 1359 2220
684 812 448 615 553 353 662 569 310 817 781 881 764 950 345 323 316 566 2129 0 561 124 345 295 315 745 1118 324 311 343 331 145 495 460 173 228 1105 617 507 636 566 424 390 319 640 297 477 468 490 763 465 355 774 350 647 600 661 683 445 688 1105 621 355 184 245 377 376 1088 316 586 677 807 1118 402 758 678 74 654 830 764
849 977 923 1013 30 286 1060 734 330 981 945 1045 929 1175 294 282 604 730 2355 561 0 463 243 693 322 909 1282 295 475 741 257 490 92 624 666 516 1270 1015 671 1034 730 822 678 606 992 325 765 604 778 928 601 753 938 637 1045 888 949 847 733 853 1270 785 643 400 346 541 540 1252 402 750 1053 971 1282 799 922 1054 534 942 994 928
746 874 510 697 455 255 744 631 212 879 843 943 749 1031 247 225 378 628 2211 124 463 0 247 377 217 807 1180 238 373 425 233 207 397 522 235 290 1167 699 569 718 628 506 452 381 722 267 539 370 552 750 367 437 836 412 728 662 723 745 507 750 1167 683 417 86 222 439 438 1150 218 648 759 869 1180 483 801 760 136 716 892 750
683 811 707 797 235 273 844 568 229 816 779 880 763 1009 264 66 388 564 2189 345 243 247 0 477 234 744 1116 79 310 524 74 274 177 459 450 300 1104 799 506 818 565 606 462 390 775 109 549 388 562 762 385 537 773 421 828 672 733 682 517 687 1104 620 427 184 129 376 375 1086 236 584 837 806 1116 583 756 838 318 726 828 763
772 752 260 350 685 596 397 686 552 753 658 727 880 684 587 455 433 682 1864 295 693 377 477 0 557 693 920 440 427 78 462 261 627 576 425 344 908 352 623 371 682 159 506 435 375 413 576 711 566 880 708 115 669 466 381 499 404 771 561 776 908 737 471 436 361 493 492 890 559 702 412 767 920 136 874 413 272 407 749 880
891 1019 695 877 330 66 924 776 37 1023 987 1087 737 1212 72 213 535 772 2391 315 322 217 234 557 0 951 1324 225 517 605 220 387 385 666 419 446 1311 880 713 898 772 686 608 537 902 255 695 358 708 738 355 618 980 568 909 818 880 889 663 895 1312 827 573 154 210 583 582 1294 206 792 940 1013 1324 664 788 940 326 872 1036 737
123 185 683 431 901 990 478 299 946 190 87 189 961 309 981 768 619 295 1488 745 909 807 744 693 951 0 416 750 507 712 758 629 844 324 855 563 403 458 297 395 295 584 438 498 574 723 523 1105 513 960 1102 720 98 529 462 585 603 121 493 126 404 175 534 866 792 574 573 386 953 403 515 180 416 685 954 512 703 606 202 961
480 368 910 658 1274 1363 705 671 1319 369 380 343 1333 264 1354 1140 992 667 1526 1118 1282 1180 1116 920 1324 416 0 1123 880 940 1131 1001 1216 697 1228 936 102 685 670 623 668 811 811 870 801 1096 896 1477 886 1333 1475 947 392 901 690 925 831 481 866 476 103 547 906 1239 1164 946 945 172 1325 775 743 383 52 913 1327 740 1075 833 365 1333
689 817 670 760 287 264 791 575 220 822 786 886 758 1016 255 57 322 571 2195 324 295 238 79 440 225 750 1123 0 316 488 64 207 229 465 434 233 1110 763 512 781 571 569 395 324 709 99 482 379 495 759 376 500 779 355 792 605 667 688 450 693 1110 626 360 175 120 382 381 1093 227 591 770 812 1123 547 763 771 281 659 835 758
447 575 658 747 467 556 716 332 512 579 543 643 491 773 547 333 309 328 1953 311 475 373 310 427 517 507 880 316 0 475 324 195 410 222 421 220 868 750 269 768 328 556 382 311 633 289 468 671 458 490 668 488 536 342 732 530 591 445 437 451 868 383 347 432 357 123 122 850 519 348 695 569 880 534 485 695 268 584 592 491
792 771 214 332 733 644 416 734 600 772 677 746 928 703 635 503 481 730 1883 343 741 425 524 78 605 712 940 488 475 0 510 309 675 624 473 392 927 306 671 390 730 178 554 483 394 461 596 758 585 928 756 69 688 514 401 518 423 790 609 795 927 785 519 484 409 541 540 910 606 750 431 786 940 90 922 432 320 426 768 928
698 826 693 783 249 259 829 583 215 830 794 894 753 1024 250 52 374 579 2203 331 257 233 74 462 220 758 1131 64 324 510 0 260 192 473 435 285 1118 785 520 803 579 591 447 376 761 94 534 374 548 754 371 523 787 407 814 658 719 696 503 701 1119 634 412 170 115 390 389 1101 222 599 823 820 1131 569 771 823 304 712 843 753
568 696 492 581 482 426 628 453 382 701 664 765 648 894 417 225 200 449 2074 145 490 207 274 261 387 629 1001 207 195 309 260 0 425 344 255 112 989 584 391 602 450 390 274 202 588 181 361 541 374 647 538 322 658 233 613 484 545 567 329 572 989 505 239 266 191 261 260 971 389 469 644 691 1001 368 641 644 103 538 713 648
783 911 858 947 84 358 994 668 380 916 879 980 863 1109 365 217 539 664 2289 495 92 397 177 627 385 844 1216 229 410 675 192 425 0 559 600 450 1204 950 606 968 665 756 612 541 926 259 699 538 712 862 536 688 873 572 979 822 884 782 667 787 1204 719 577 334 280 476 475 1186 386 684 987 906 1216 734 856 988 468 876 928 863
264 392 807 640 616 705 533 149 661 396 360 460 676 590 696 483 381 145 1769 460 624 522 459 576 666 324 697 465 222 624 473 344 559 0 570 325 684 667 86 661 145 675 200 259 450 438 285 820 275 675 817 637 353 290 549 346 408 262 255 267 685 200 296 581 507 289 288 667 668 165 512 386 697 683 669 512 418 401 409 676
795 923 408 643 658 458 758 680 414 927 891 991 831 998 449 428 427 676 2178 173 666 235 450 425 419 855 1228 434 421 473 435 255 600 570 0 338 1215 617 617 659 676 554 500 429 770 407 587 451 600 832 449 485 884 460 743 710 772 793 555 798 1216 731 465 294 355 487 486 1198 299 696 796 917 1228 480 868 793 184 765 940 831
502 630 575 665 508 485 594 387 441 635 599 699 674 829 476 251 124 384 2008 228 516 290 300 344 446 563 936 233 220 392 285 112 450 325 338 0 923 667 325 685 384 473 197 126 511 206 284 600 297 673 597 405 592 157 609 407 469 501 252 506 923 439 162 349 275 286 285 906 448 404 572 625 936 451 667 573 186 461 648 673
467 355 898 646 1262 1350 693 659 1307 356 368 330 1321 252 1342 1128 979 655 1514 1105 1270 1167 1104 908 1311 403 102 1110 868 927 1118 989 1204 684 1215 923 0 673 658 610 655 799 798 858 789 1083 883 1465 873 1320 1462 935 379 889 677 913 818 469 853 464 25 535 894 1227 1152 934 933 159 1313 763 730 371 102 900 1314 727 1063 821 352 1321
537 516 293 72 1007 918 161 713 875 517 422 491 1203 449 910 777 755 709 1628 617 1015 699 799 352 880 458 685 763 750 306 785 584 950 667 617 667 673 0 667 135 710 268 603 662 257 736 459 883 449 1202 880 283 434 694 146 381 287 536 493 541 673 589 699 759 684 816 815 655 784 746 199 532 685 248 1196 196 595 290 513 1203
237 365 854 641 663 752 533 122 708 369 333 433 723 563 744 530 381 118 1743 507 671 569 506 623 713 297 670 512 269 671 520 391 606 86 617 325 658 667 0 649 118 676 200 260 450 485 285 867 275 722 864 684 326 291 549 347 408 235 255 241 658 173 296 628 554 336 335 640 715 165 512 359 670 730 716 512 465 401 382 723
475 454 335 108 1026 937 155 651 893 455 360 429 1222 386 928 796 774 647 1566 636 1034 718 818 371 898 395 623 781 768 390 803 602 968 661 659 685 610 135 649 0 647 262 597 656 251 754 453 924 443 1221 922 385 371 687 140 375 281 473 486 478 610 527 693 777 702 834 833 593 825 740 193 469 623 351 1215 190 613 284 451 1221
235 363 913 683 722 811 592 18 767 367 331 431 782 561 802 589 440 16 1740 566 730 628 565 682 772 295 668 571 328 730 579 450 665 145 676 384 655 710 118 647 0 735 259 318 509 544 344 926 334 781 923 743 324 350 608 406 467 233 314 238 656 171 355 687 613 395 393 638 774 224 571 357 668 789 775 571 524 460 380 782
664 643 361 241 814 725 288 738 681 644 549 618 1010 575 716 584 562 734 1755 424 822 506 606 159 686 584 811 569 556 178 591 390 756 675 554 473 799 268 676 262 735 0 611 564 266 542 468 840 457 1009 837 216 560 595 272 390 295 662 501 667 799 715 600 565 490 622 621 781 688 754 303 658 811 237 1003 304 401 298 640 1009
377 505 737 576 670 647 469 262 603 510 474 574 836 704 638 412 253 259 1883 390 678 452 462 506 608 438 811 395 382 554 447 274 612 200 500 197 798 603 200 597 259 611 0 131 386 368 159 761 172 835 759 567 467 163 484 282 344 376 127 381 798 314 168 511 436 448 447 781 609 279 447 500 811 613 829 448 347 336 523 835
437 565 665 636 598 575 528 322 532 569 533 634 764 763 567 341 143 318 1943 319 606 381 390 435 537 498 870 324 311 483 376 202 541 259 429 126 858 662 260 656 318 564 131 0 445 297 219 690 232 763 687 495 527 91 544 342 403 436 187 441 858 373 97 440 365 377 376 840 538 338 507 559 870 541 757 508 276 396 582 764
628 632 530 231 984 941 123 513 897 633 538 607 1087 565 932 726 567 509 1745 640 992 722 775 375 902 574 801 709 633 394 761 588 926 450 770 511 789 257 450 251 509 266 386 445 0 682 242 1056 232 1086 1053 432 550 476 139 164 70 626 275 631 789 564 482 781 706 700 698 771 904 529 102 648 801 453 1080 103 617 73 629 1086
663 791 644 733 317 294 765 548 250 795 759 859 742 989 285 87 295 544 2168 297 325 267 109 413 255 723 1096 99 289 461 94 181 259 438 407 206 1083 736 485 754 544 542 368 297 682 0 455 408 468 742 406 474 752 328 765 578 640 661 423 666 1084 599 333 205 150 355 354 1066 256 564 743 785 1096 520 736 744 254 632 808 742
463 591 732 432 757 734 325 348 690 595 559 659 922 767 725 500 340 344 1946 477 765 539 549 576 695 523 896 482 468 596 534 361 699 285 587 284 883 459 285 453 344 468 159 219 242 455 0 848 29 921 846 633 552 250 341 139 200 461 49 467 884 399 255 598 524 535 534 866 697 364 304 585 896 654 915 304 435 193 608 922
1044 1172 674 909 596 396 1024 929 353 1177 1140 1241 712 1264 388 366 688 925 2443 468 604 370 388 711 358 1105 1477 379 671 758 374 541 538 820 451 600 1465 883 867 925 926 840 761 690 1056 408 848 0 862 713 91 771 1134 721 1008 972 1033 1043 817 1048 1465 981 727 307 363 737 736 1447 238 945 1062 1167 1477 746 763 1059 479 1026 1189 712
453 581 722 422 770 747 315 338 703 585 549 649 912 757 738 513 353 334 1936 490 778 552 562 566 708 513 886 495 458 585 548 374 712 275 600 297 873 449 275 443 334 457 172 232 232 468 29 862 0 911 859 623 542 263 330 128 190 451 62 456 874 389 268 612 537 524 523 856 710 354 293 575 886 644 905 294 448 182 598 911
899 1027 1054 1200 920 776 1169 785 733 1032 996 1096 71 1226 768 746 761 781 2405 763 928 750 762 880 738 960 1333 759 490 928 754 647 862 675 832 673 1320 1202 722 1221 781 1009 835 763 1086 742 921 713 911 0 710 940 989 794 1184 982 1044 898 890 903 1320 836 800 687 743 445 446 1303 618 801 1147 1022 1333 986 123 1148 721 1036 1045 72
1042 1170 671 906 593 393 1021 927 350 1174 1138 1238 709 1261 385 363 685 923 2441 465 601 367 385 708 355 1102 1475 376 668 756 371 538 536 817 449 597 1462 880 864 922 923 837 759 687 1053 406 846 91 859 710 0 768 1131 718 1006 969 1030 1040 814 1045 1463 978 724 304 361 734 733 1445 235 943 1059 1164 1475 743 760 1056 477 1023 1187 710
799 778 190 309 745 656 424 746 613 780 685 754 941 711 648 515 493 742 1891 355 753 437 537 115 618 720 947 500 488 69 523 322 688 637 485 405 935 283 684 385 743 216 567 495 432 474 633 771 623 940 768 0 696 526 408 556 461 798 622 803 935 798 532 497 422 554 553 917 619 762 461 794 947 67 934 458 333 464 776 941
152 190 659 407 930 1019 454 328 975 191 63 165 990 285 1011 797 648 324 1464 774 938 836 773 669 980 98 392 779 536 688 787 658 873 353 884 592 379 434 326 371 324 560 467 527 550 752 552 1134 542 989 1131 696 0 558 438 614 579 150 522 155 380 204 563 895 821 603 602 362 982 432 491 205 392 661 983 488 732 582 187 990
468 596 696 667 630 606 559 353 563 601 564 665 795 794 598 372 115 349 1974 350 637 412 421 466 568 529 901 355 342 514 407 233 572 290 460 157 889 694 291 687 350 595 163 91 476 328 250 721 263 794 718 526 558 0 575 373 434 467 218 472 889 404 71 471 396 408 407 871 569 369 538 591 901 573 789 539 307 427 613 795
542 521 419 119 1037 948 43 611 904 522 427 496 1185 454 939 807 665 607 1633 647 1045 728 828 381 909 462 690 792 732 401 814 613 979 549 743 609 677 146 549 140 608 272 484 544 139 765 341 1008 330 1184 1005 408 438 575 0 263 168 540 374 545 678 594 580 788 713 798 797 660 909 627 80 536 690 374 1178 77 624 171 518 1185
524 652 654 355 880 857 247 409 813 657 620 721 983 689 848 623 463 405 1868 600 888 662 672 499 818 585 925 605 530 518 658 484 822 346 710 407 913 381 347 375 406 390 282 342 164 578 139 972 128 982 969 556 614 373 263 0 122 523 172 528 913 460 378 722 647 596 595 895 820 425 226 647 925 577 976 226 558 115 669 983
585 662 560 260 941 918 153 470 875 663 568 637 1045 594 910 684 525 467 1774 661 949 723 733 404 880 603 831 667 591 423 719 545 884 408 772 469 818 287 408 281 467 295 344 403 70 640 200 1033 190 1044 1030 461 579 434 168 122 0 584 233 589 818 522 440 783 708 657 656 801 881 487 131 677 831 482 1038 132 619 35 659 1044
42 147 761 509 839 928 556 237 884 151 157 215 899 387 919 706 557 233 1566 683 847 745 682 771 889 121 481 688 445 790 696 567 782 262 793 501 469 536 235 473 233 662 376 436 626 661 461 1043 451 898 1040 798 150 467 540 523 584 0 431 45 469 112 472 804 730 512 511 451 891 341 593 141 481 763 892 590 641 577 164 899
433 561 765 466 725 702 358 318 658 565 529 629 891 759 693 468 308 314 1938 445 733 507 517 561 663 493 866 450 437 609 503 329 667 255 555 252 853 493 255 486 314 501 127 187 275 423 49 817 62 890 814 622 522 218 374 172 233 431 0 436 854 369 223 567 492 504 502 836 665 334 337 555 866 668 884 338 403 226 578 890
47 142 766 514 845 933 561 242 890 146 162 211 904 392 925 711 562 238 1571 688 853 750 687 776 895 126 476 693 451 795 701 572 787 267 798 506 464 541 241 478 238 667 381 441 631 666 467 1048 456 903 1045 803 155 472 545 528 589 45 436 0 464 118 477 810 735 517 516 446 896 346 599 136 476 768 897 596 646 582 159 904
468 356 898 646 1262 1350 693 659 1307 357 368 331 1321 252 1342 1128 980 655 1514 1105 1270 1167 1104 908 1312 404 103 1110 868 927 1119 989 1204 685 1216 923 25 673 658 610 656 799 798 858 789 1084 884 1465 874 1320 1463 935 380 889 678 913 818 469 854 464 0 535 894 1227 1152 934 933 160 1313 763 731 371 103 900 1315 728 1063 821 353 1321
114 242 814 562 777 866 609 175 822 246 210 311 837 440 857 643 495 171 1620 621 785 683 620 737 827 175 547 626 383 785 634 505 719 200 731 439 535 589 173 527 171 715 314 373 564 599 399 981 389 836 978 798 204 404 594 460 522 112 369 118 535 0 410 742 667 449 448 517 829 279 625 236 547 817 830 626 578 515 259 836
473 601 702 672 635 612 564 358 568 606 570 670 801 800 603 378 110 354 1979 355 643 417 427 471 573 534 906 360 347 519 412 239 577 296 465 162 894 699 296 693 355 600 168 97 482 333 255 727 268 800 724 532 563 71 580 378 440 472 223 477 894 410 0 476 402 413 412 877 575 375 543 596 906 578 794 544 313 432 619 800
806 934 570 756 392 192 803 691 149 938 902 1002 687 1091 184 162 438 687 2270 184 400 86 184 436 154 866 1239 175 432 484 170 266 334 581 294 349 1227 759 628 777 687 565 511 440 781 205 598 307 612 687 304 497 895 471 788 722 783 804 567 810 1227 742 476 0 159 498 497 1209 155 707 819 928 1239 543 738 819 195 776 951 687
731 859 592 682 338 249 728 616 205 864 827 928 743 1016 240 108 363 612 2195 245 346 222 129 361 210 792 1164 120 357 409 115 191 280 507 355 275 1152 684 554 702 613 490 436 365 706 150 524 363 537 744 361 422 821 396 713 647 708 730 492 735 1152 667 402 159 0 424 423 1134 211 632 744 854 1164 468 794 744 203 701 876 743
513 641 724 814 534 622 782 398 578 646 609 710 446 839 614 400 375 394 2019 377 541 439 376 493 583 574 946 382 123 541 390 261 476 289 487 286 934 816 336 834 395 622 448 377 700 355 535 737 524 445 734 554 603 408 798 596 657 512 504 517 934 449 413 498 424 0 107 916 585 414 761 636 946 600 439 762 335 650 658 445
512 640 723 813 532 621 781 397 577 645 608 709 447 838 612 399 374 393 2018 376 540 438 375 492 582 573 945 381 122 540 389 260 475 288 486 285 933 815 335 833 393 621 447 376 698 354 534 736 523 446 733 553 602 407 797 595 656 511 502 516 933 448 412 497 423 107 0 915 584 413 760 635 945 599 440 761 334 649 657 446
450 338 880 628 1244 1333 675 641 1289 339 351 313 1304 234 1324 1110 962 637 1496 1088 1252 1150 1086 890 1294 386 172 1093 850 910 1101 971 1186 667 1198 906 159 655 640 593 638 781 781 840 771 1066 866 1447 856 1303 1445 917 362 871 660 895 801 451 836 446 160 517 877 1209 1134 916 915 0 1295 746 713 353 172 883 1297 710 1045 803 335 1303
892 1020 575 810 409 232 925 777 201 1025 988 1089 617 1165 236 214 536 773 2345 316 402 218 236 559 206 953 1325 227 519 606 222 389 386 668 299 448 1313 784 715 826 774 688 609 538 904 256 697 238 710 618 235 619 982 569 910 820 881 891 665 896 1313 829 575 155 211 585 584 1295 0 793 941 1015 1325 647 668 942 327 874 1037 618
420 548 854 797 664 752 689 305 709 553 516 617 723 746 744 530 505 301 1926 507 672 569 506 623 713 481 853 512 269 671 520 391 606 196 617 416 841 824 243 818 302 752 356 416 607 485 442 867 432 722 864 684 510 447 705 503 564 419 412 424 841 357 452 629 554 336 335 823 715 0 668 543 853 730 716 669 465 557 565 723
595 574 472 172 1045 978 65 574 935 575 480 549 1148 507 970 788 628 570 1686 677 1053 759 837 412 940 515 743 770 695 431 823 644 987 512 796 572 730 199 512 193 571 303 447 507 102 743 304 1061 293 1147 1059 461 491 538 80 226 131 593 337 599 731 625 543 819 744 761 760 713 941 590 0 589 743 427 1141 44 655 134 571 1148
140 142 757 505 963 1052 552 361 1008 143 194 117 1023 341 1043 830 681 357 1562 807 971 869 806 767 1013 180 383 812 569 786 820 691 906 386 917 625 371 532 359 469 357 658 500 559 648 785 585 1167 575 1022 1164 794 205 591 536 647 677 141 555 136 371 236 596 928 854 636 635 353 1015 465 589 0 383 759 1016 586 765 680 139 1023
480 368 910 658 1274 1363 705 671 1319 369 380 343 1333 264 1354 1140 992 667 1526 1118 1282 1180 1116 920 1324 416 52 1123 880 940 1131 1001 1216 697 1228 936 102 685 670 623 668 811 811 870 801 1096 896 1477 886 1333 1475 947 392 901 690 925 831 481 866 476 103 547 906 1239 1164 946 945 172 1325 775 743 383 0 913 1327 740 1075 833 365 1333
765 744 156 274 792 702 389 792 659 745 650 719 987 676 694 562 539 788 1856 402 799 483 583 136 664 685 913 547 534 90 569 368 734 683 480 451 900 248 730 351 789 237 613 541 453 520 654 745 644 986 743 67 661 573 374 577 482 763 668 768 900 817 578 543 468 600 599 883 647 809 427 759 913 0 980 424 379 485 741 987
894 1022 1104 1194 914 826 1163 779 783 1026 990 1090 122 1220 818 780 755 775 2399 758 922 800 756 874 788 954 1327 763 485 922 771 641 856 669 868 667 1314 1196 716 1215 775 1003 829 757 1080 736 915 763 905 123 760 934 983 789 1178 976 1038 892 884 897 1315 830 794 737 794 439 440 1297 668 795 1141 1016 1327 980 0 1142 715 1031 1039 122
592 571 469 169 1046 979 62 575 935 572 477 546 1149 504 970 789 629 571 1683 678 1054 760 838 413 940 512 740 771 695 432 823 644 988 512 793 573 727 196 512 190 571 304 448 508 103 744 304 1058 294 1148 1056 458 488 539 77 226 132 590 338 596 728 626 544 819 744 762 761 710 942 591 44 586 740 424 1142 0 655 135 568 1149
642 770 460 593 526 365 639 527 321 775 738 839 722 927 356 296 274 523 2107 74 534 136 318 272 326 703 1075 281 268 320 304 103 468 418 184 186 1063 595 465 613 524 401 347 276 617 254 435 479 448 721 477 333 732 307 624 558 619 641 403 646 1063 578 313 195 203 335 334 1045 327 543 655 765 1075 379 715 655 0 612 787 722
578 665 562 263 934 911 155 463 867 666 571 640 1037 597 903 677 517 459 1777 654 942 716 726 407 872 606 833 659 584 426 712 538 876 401 765 461 821 290 401 284 460 298 336 396 73 632 193 1026 182 1036 1023 464 582 427 171 115 35 577 226 582 821 515 432 776 701 650 649 803 874 479 134 680 833 485 1031 135 612 0 662 1037
162 124 738 487 986 1075 533 383 1031 125 176 99 1046 322 1066 852 704 379 1544 830 994 892 828 749 1036 202 365 835 592 768 843 713 928 409 940 648 352 513 382 451 380 640 523 582 629 808 608 1189 598 1045 1187 776 187 613 518 669 659 164 578 159 353 259 619 951 876 658 657 335 1037 488 571 139 365 741 1039 568 787 662 0 1045
900 1028 1054 1201 920 776 1169 785 732 1033 996 1097 71 1226 767 746 762 781 2406 764 928 750 763 880 737 961 1333 758 491 928 753 648 863 676 831 673 1321 1203 723 1221 782 1009 835 764 1086 742 922 712 911 72 709 941 990 795 1185 983 1044 899 890 904 1321 836 800 687 743 445 446 1303 617 801 1148 1023 1333 987 122 1149 722 1037 1045 0
EOF