NAME : tsp_problem
TYPE : TSP
DIMENSION : 84
EDGE_WEIGHT_TYPE : EXPLICIT
EDGE_WEIGHT_FORMAT : FULL_MATRIX
EDGE_WEIGHT_SECTION
0 621 417 483 486 450 204 621 64 604 634 622 167 600 560 691 97 622 420 683 48 577 404 271 204 419 339 739 454 802 603 688 305 261 456 727 597 180 840 162 1535 602 155 142 560 402 650 339 300 662 262 534 1710 149 618 710 620 645 639 385 621 522 339 600 152 631 617 650 803 628 598 803 726 77 380 389 727 597 568 560 459 175 224 643
621 0 393 472 463 311 722 893 594 592 209 893 547 667 536 297 688 893 277 229 610 554 293 674 723 280 305 308 431 803 318 806 689 462 286 998 657 534 840 755 1524 602 748 734 831 651 67 610 424 662 605 178 1699 741 753 687 166 191 757 279 893 499 611 667 745 206 594 651 349 621 621 349 997 669 681 648 998 657 265 831 184 539 579 644
417 393 0 819 190 659 582 620 390 228 337 620 274 977 263 394 415 620 123 386 406 248 107 649 582 627 615 465 115 426 306 1066 682 189 159 725 975 261 464 540 1872 226 533 519 558 779 353 337 151 286 332 525 2047 526 376 414 323 348 1017 626 620 119 338 977 530 334 321 274 506 968 244 506 724 454 757 767 725 975 272 558 531 266 306 267
483 472 819 0 864 393 329 1010 510 1018 605 1010 621 223 963 558 486 1010 703 562 494 980 719 281 329 417 486 472 857 1127 654 362 296 716 712 1115 214 635 1165 551 1080 1028 544 442 949 258 504 728 755 1040 717 323 1255 449 1007 971 592 598 313 460 1010 925 728 223 453 602 938 1077 563 177 1030 563 1115 465 287 255 1115 213 661 949 391 629 678 1070
486 463 190 864 0 728 651 689 460 252 407 689 344 1047 197 450 484 689 192 453 476 214 176 719 651 697 685 462 227 403 376 1135 752 259 200 794 1044 331 441 609 1917 273 603 589 628 849 423 407 221 263 401 595 2092 596 534 254 393 417 1086 696 689 295 407 1047 600 404 161 321 385 1014 402 386 794 524 827 837 795 1044 341 628 601 336 375 314
450 311 659 393 728 0 626 1044 424 858 463 1044 476 588 802 416 519 1044 542 420 440 819 559 596 626 65 135 330 696 1033 512 727 610 571 552 1149 579 490 1071 584 1445 868 578 564 982 572 343 761 610 928 572 181 1620 571 996 877 432 456 678 108 1044 764 761 588 575 460 844 917 469 542 886 469 1148 499 602 569 1149 578 519 982 150 485 534 909
204 722 582 329 651 626 0 732 231 757 799 732 343 446 725 809 207 732 585 813 215 742 569 117 77 595 515 722 620 956 768 534 151 437 621 837 443 356 993 272 1382 755 266 164 670 248 755 449 476 815 438 574 1556 171 728 876 785 810 485 561 732 687 449 446 175 796 782 804 814 474 752 814 836 187 226 236 837 443 734 670 636 351 400 797
621 893 620 1010 689 1044 732 0 649 769 837 76 654 1127 763 894 564 76 623 886 633 780 607 799 732 1012 932 965 658 789 806 1216 832 569 659 156 1125 641 827 690 2063 767 683 669 119 929 853 341 531 705 711 1025 2238 676 766 839 823 848 1167 978 75 725 341 1127 680 834 820 815 1006 1155 790 1006 155 604 907 917 156 1125 772 119 1031 646 685 808
64 594 390 510 460 424 231 649 0 578 607 649 140 627 534 664 124 649 393 656 75 551 377 299 231 393 312 712 428 776 576 716 332 235 430 754 624 154 813 189 1563 575 183 169 587 429 623 366 274 635 236 508 1738 176 645 684 594 618 667 359 649 496 366 627 180 604 591 624 776 655 572 776 753 104 407 417 754 625 542 587 433 148 197 617
604 592 228 1018 252 858 757 769 578 0 536 769 462 1153 85 593 590 769 322 585 594 61 306 825 757 826 802 664 186 262 505 1242 858 376 330 667 1150 448 300 715 2071 62 709 695 734 955 552 513 338 122 519 724 2246 702 323 313 522 547 1193 825 769 129 513 1153 706 533 383 110 608 1167 191 608 668 630 933 943 667 1151 471 734 730 454 493 103
634 209 337 605 407 463 799 837 607 536 0 837 491 800 481 143 632 837 221 75 624 498 237 808 799 443 469 155 375 747 133 940 822 406 230 942 791 478 785 757 1658 547 750 736 775 785 169 555 368 606 549 341 1832 743 697 603 74 48 891 442 837 443 555 800 747 52 538 595 195 754 565 195 941 671 814 782 942 791 79 775 347 484 523 588
622 893 620 1010 689 1044 732 76 649 769 837 0 654 1127 763 894 565 76 623 886 633 781 607 799 732 1012 932 965 658 789 806 1216 832 569 659 155 1125 641 826 690 2063 766 683 669 119 929 853 341 531 705 712 1025 2238 676 766 839 823 848 1167 978 76 725 341 1127 680 834 820 815 1006 1155 790 1006 155 604 907 917 156 1125 772 119 1031 646 685 808
167 547 274 621 344 476 343 654 140 462 491 654 0 738 418 548 235 654 277 540 156 435 261 410 342 445 365 620 312 660 460 827 443 119 314 759 736 38 697 301 1674 459 294 280 593 540 508 372 158 519 120 560 1849 287 544 568 478 502 778 411 654 380 372 738 291 489 475 508 660 766 456 660 758 215 518 528 759 736 426 593 486 42 81 501
600 667 977 223 1047 588 446 1127 627 1153 800 1127 738 0 1121 754 602 1127 898 757 611 1138 915 375 446 612 682 667 1015 1323 849 193 338 833 908 1232 81 752 1360 668 1137 1150 661 559 1066 268 699 845 872 1210 834 519 1312 566 1123 1166 788 793 144 655 1127 1083 845 84 570 797 1134 1199 759 105 1147 758 1232 582 297 265 1232 81 857 1066 586 746 795 1192
560 536 263 963 197 802 725 763 534 85 481 763 418 1121 0 538 558 763 266 529 550 95 250 792 725 771 759 609 229 306 449 1209 826 333 274 711 1118 404 343 683 2015 105 676 663 702 923 497 481 295 165 475 669 2190 670 367 356 467 491 1160 770 763 172 481 1121 673 478 328 154 552 1112 235 553 711 598 901 911 710 1118 415 702 675 410 449 147
691 297 394 558 450 416 809 894 664 593 143 894 548 754 538 0 689 894 278 100 680 555 294 761 809 441 510 108 432 713 115 893 776 463 287 999 744 535 750 814 1611 604 807 793 832 738 257 612 425 625 606 347 1786 800 754 556 161 136 844 483 894 500 612 754 804 140 524 652 149 707 622 148 998 728 767 735 999 744 156 832 415 541 580 645
97 688 415 486 484 519 207 564 124 590 632 565 235 602 558 689 0 565 417 681 108 575 402 274 207 488 408 760 452 788 601 691 307 330 454 670 600 249 826 165 1538 588 158 144 503 405 648 282 326 648 331 603 1713 152 561 708 618 643 642 454 564 520 282 603 155 629 615 637 801 631 585 800 669 79 383 392 670 600 566 503 528 243 292 629
622 893 620 1010 689 1044 732 76 649 769 837 76 654 1127 763 894 565 0 623 886 633 781 607 799 732 1012 932 965 658 789 806 1216 832 569 659 156 1125 641 826 690 2063 767 683 669 119 929 853 341 531 705 712 1025 2238 676 766 839 823 848 1167 978 75 725 341 1127 680 834 820 815 1006 1155 790 1006 155 604 907 917 156 1125 772 119 1031 646 685 808
420 277 123 703 192 542 585 623 393 322 221 623 277 898 266 278 417 623 0 270 409 283 39 652 584 511 536 349 161 533 190 1037 685 192 43 728 889 264 570 543 1755 332 536 522 561 782 237 340 154 392 335 409 1930 529 483 417 207 232 988 510 623 228 340 898 533 218 323 381 390 852 351 389 727 457 760 770 728 889 155 561 415 269 308 374
683 229 386 562 453 420 813 886 656 585 75 886 540 757 529 100 681 886 270 0 672 547 286 765 813 444 489 111 424 716 185 896 779 455 279 991 748 527 754 806 1614 595 799 785 824 742 189 603 417 629 598 350 1789 792 746 560 94 68 847 462 886 491 603 757 796 72 527 644 152 711 614 152 990 720 771 738 991 748 131 824 367 532 571 637
48 610 406 494 476 440 215 633 75 594 624 633 156 611 550 680 108 633 409 672 0 567 393 282 215 409 328 729 444 792 592 699 316 251 446 738 608 170 829 173 1547 591 166 153 571 413 640 350 290 651 252 524 1721 160 629 700 610 634 650 375 633 512 350 611 163 621 607 640 792 639 588 792 737 88 391 401 738 608 558 571 449 164 213 633
577 554 248 980 214 819 742 780 551 61 498 781 435 1138 95 555 575 781 283 547 567 0 268 810 742 788 776 626 206 282 467 1227 843 350 292 687 1136 422 319 700 2032 81 694 680 719 940 514 498 312 141 492 686 2207 687 343 332 484 509 1178 787 780 148 498 1138 691 495 345 130 570 1129 211 570 687 615 918 928 687 1136 432 719 692 427 466 123
404 293 107 719 176 559 569 607 377 306 237 607 261 915 250 294 402 607 39 286 393 268 0 636 569 527 553 365 145 517 206 1053 669 176 59 712 905 248 554 527 1772 316 520 506 545 766 253 324 138 376 319 425 1947 513 467 401 223 248 1004 526 607 212 324 915 517 234 307 365 406 868 335 406 711 441 744 754 712 905 172 545 431 253 292 358
271 674 649 281 719 596 117 799 299 825 808 799 410 375 792 761 274 799 652 765 282 810 636 0 118 620 582 674 687 1023 835 464 51 504 688 904 373 423 1060 340 1334 822 333 231 737 148 707 516 543 882 506 526 1509 238 795 943 795 801 415 628 799 754 516 375 242 805 850 871 766 404 819 766 903 254 126 136 904 373 801 737 594 418 467 864
204 723 582 329 651 626 77 732 231 757 799 732 342 446 725 809 207 732 584 813 215 742 569 118 0 595 515 723 619 956 768 535 151 437 621 837 443 356 993 272 1382 755 265 164 670 248 755 449 476 815 438 574 1557 171 728 875 785 810 486 561 732 687 449 446 174 796 782 804 814 474 752 814 836 187 226 236 837 444 733 670 635 351 400 796
419 280 627 417 697 65 595 1012 393 826 443 1012 445 612 771 441 488 1012 511 444 409 788 527 620 595 0 103 354 665 1037 536 752 634 540 520 1117 603 459 1075 553 1470 837 546 532 951 597 312 730 579 897 541 193 1644 540 965 901 401 425 703 77 1012 733 730 612 543 440 828 885 493 566 855 493 1117 467 626 594 1118 603 499 951 118 453 502 878
339 305 615 486 685 135 515 932 312 802 469 932 365 682 759 510 408 932 536 489 328 776 553 582 515 103 0 423 653 1001 578 821 615 460 546 1037 672 379 1038 473 1539 800 466 452 871 666 337 650 499 860 461 219 1714 459 885 909 426 451 772 70 932 721 650 682 463 466 816 849 562 636 797 562 1037 387 690 663 1037 672 525 871 144 373 422 842
739 308 465 472 461 330 722 965 712 664 155 965 620 667 609 108 760 965 349 111 729 626 365 674 723 354 423 0 503 725 203 806 689 535 358 1070 657 606 762 873 1524 675 866 836 904 651 269 683 497 637 677 260 1699 843 825 568 173 147 757 397 965 571 683 667 847 151 535 723 160 621 693 160 1070 787 681 648 1070 657 211 904 328 612 651 716
454 431 115 857 227 696 620 658 428 186 375 658 312 1015 229 432 452 658 161 424 444 206 145 687 619 665 653 503 0 384 344 1104 720 227 197 763 1013 299 422 578 1910 184 571 557 596 817 391 375 189 244 370 563 2084 564 334 435 361 386 1055 664 658 92 375 1015 568 372 358 232 544 1006 202 544 762 492 795 805 763 1013 309 596 569 304 343 225
802 803 426 1128 403 1033 956 789 776 262 747 789 660 1323 306 713 788 789 533 717 792 282 517 1023 956 1037 1001 725 384 0 716 1440 1056 575 551 687 1313 647 96 914 2180 260 907 893 857 1153 763 711 537 199 717 935 2355 900 521 333 733 753 1391 1036 789 327 711 1323 904 744 477 309 649 1277 389 649 688 828 1131 1141 687 1313 682 857 941 652 691 301
603 318 306 654 376 512 768 806 576 505 133 806 460 849 449 115 601 806 190 185 592 467 206 835 768 536 578 203 344 716 0 988 868 375 199 911 840 447 753 726 1706 515 719 705 744 834 279 523 337 575 518 442 1881 712 666 600 184 158 939 552 806 412 524 849 716 131 507 564 244 803 534 244 910 640 863 831 911 840 68 744 457 452 492 557
688 806 1066 362 1135 727 534 1216 716 1242 940 1216 827 193 1209 893 691 1216 1037 896 699 1227 1053 464 535 752 821 806 1104 1440 988 0 427 921 1047 1321 190 840 1477 757 1276 1239 750 648 1154 357 838 933 960 1299 923 658 1451 655 1212 1306 927 932 160 794 1216 1171 933 193 659 936 1266 1288 898 221 1236 897 1320 671 386 354 1321 191 996 1154 726 835 884 1281
305 689 682 296 752 610 151 832 332 858 822 832 443 338 826 776 307 832 685 779 316 843 669 51 151 634 615 689 720 1056 868 427 0 538 721 937 336 457 1094 373 1348 855 366 264 771 111 721 550 577 915 539 541 1523 271 828 976 810 815 378 661 832 788 550 338 275 819 883 904 780 367 852 780 936 287 89 99 937 336 834 771 608 451 500 897
261 462 189 716 259 571 437 569 235 376 406 569 119 833 333 463 330 569 192 455 251 350 176 504 437 540 460 535 227 575 375 921 538 0 228 674 830 106 612 395 1769 374 389 375 507 635 422 286 73 434 176 595 1943 382 459 483 392 417 872 506 569 295 286 833 386 403 390 423 575 861 371 575 673 310 613 623 674 830 341 507 580 111 150 416
456 286 159 712 200 552 621 659 430 330 230 659 314 908 274 287 454 659 43 279 446 292 59 688 621 520 546 358 197 551 199 1047 721 228 0 764 898 300 588 579 1765 350 572 559 598 819 246 377 190 410 371 418 1940 566 519 425 216 241 998 519 659 265 377 908 569 227 331 399 399 861 387 399 764 493 797 806 764 898 165 598 424 306 345 391
727 998 725 1115 794 1149 837 156 754 667 942 155 759 1232 710 999 670 156 728 991 738 687 712 904 837 1117 1037 1070 763 687 911 1321 937 674 764 0 1230 746 724 795 2168 665 788 774 224 1034 958 446 636 603 817 1130 2343 781 871 737 928 953 1272 1083 156 732 446 1232 785 939 882 713 1053 1260 794 1054 72 709 1012 1022 71 1230 877 224 1136 751 790 706
597 657 975 214 1044 579 443 1125 624 1150 791 1125 736 81 1118 744 600 1125 889 748 608 1136 905 373 443 603 672 657 1013 1313 840 190 336 830 898 1230 0 749 1351 665 1127 1148 659 557 1063 266 690 842 869 1208 831 509 1302 564 1121 1157 778 784 141 645 1125 1080 842 81 568 788 1124 1197 749 95 1145 749 1229 580 295 263 1230 79 847 1063 577 744 793 1190
180 534 261 635 331 490 356 641 154 448 478 641 38 752 404 535 249 641 264 527 170 422 248 423 356 459 379 606 299 647 447 840 457 106 300 746 749 0 684 314 1688 446 307 294 579 554 494 358 145 506 108 574 1862 301 531 555 464 489 791 425 641 367 358 752 304 475 462 495 647 780 443 647 745 229 532 542 746 749 413 579 499 30 69 487
840 840 464 1165 441 1071 993 827 813 300 785 826 697 1361 343 751 826 826 570 754 829 319 554 1060 993 1075 1038 762 422 96 753 1477 1094 612 588 725 1351 684 0 951 2218 298 944 931 895 1191 801 749 574 236 755 973 2393 938 559 370 771 790 1428 1074 827 365 749 1361 941 782 515 346 686 1314 427 686 725 866 1169 1178 724 1351 719 895 979 689 729 339
240 734 461 629 531 662 350 611 267 637 678 611 378 746 605 735 183 611 464 727 251 622 448 417 350 631 551 807 499 835 647 834 451 410 501 716 743 392 873 0 1682 635 44 288 550 548 695 329 372 695 474 746 1856 295 608 755 665 689 785 597 611 567 329 746 298 676 662 683 847 774 631 847 716 223 526 536 716 743 613 550 671 387 436 676
1350 1339 1686 895 1731 1260 1196 1878 1377 1885 1472 1878 1488 952 1830 1425 1353 1878 1570 1429 1361 1847 1586 1148 1196 1284 1354 1339 1724 1995 1521 1091 1163 1583 1579 1983 942 1502 2032 1418 0 1896 1411 1310 1816 1125 1371 1595 1622 1907 1584 1190 201 1317 1874 1838 1460 1465 1042 1327 1878 1792 1595 952 1320 1469 1805 1944 1430 905 1898 1430 1982 1333 1154 1122 1983 942 1528 1816 1258 1497 1546 1937
602 602 226 1028 273 868 755 767 575 62 547 767 459 1150 105 604 588 767 332 595 591 81 316 822 755 837 800 675 184 260 515 1239 855 374 350 665 1148 446 298 713 2081 0 706 692 732 953 563 511 336 119 517 735 2256 700 321 310 533 557 1190 836 767 127 511 1151 703 544 398 81 623 1178 189 623 665 627 931 940 665 1148 481 732 741 451 490 74
233 728 455 622 524 655 344 604 261 630 672 605 372 739 598 729 176 604 457 721 244 615 441 411 343 624 544 800 492 828 641 828 444 403 494 709 737 385 866 44 1675 628 0 281 543 541 688 322 365 688 467 739 1850 288 601 748 658 683 779 590 604 560 322 739 292 669 655 677 841 767 624 840 709 216 519 529 710 737 606 543 665 380 429 669
142 734 519 442 589 564 164 669 169 695 736 669 280 559 663 793 144 669 522 785 153 680 506 231 164 532 452 836 557 893 705 648 264 375 559 774 557 294 931 210 1495 692 203 0 608 361 752 387 414 752 376 648 1670 23 665 813 723 747 599 498 669 625 387 559 25 733 720 741 905 587 689 905 774 124 339 349 774 557 671 608 573 288 337 734
560 831 558 949 628 982 670 119 587 734 775 119 593 1066 702 832 503 119 561 824 571 719 545 737 670 951 871 904 596 857 744 1154 771 507 598 224 1063 579 894 628 2001 732 621 608 0 868 792 279 469 773 650 964 2176 615 705 852 762 786 1105 917 119 664 279 1066 618 773 759 780 944 1094 728 944 223 543 846 855 224 1063 710 83 970 585 624 773
402 651 779 258 849 572 248 929 429 955 785 929 540 268 923 738 405 929 782 742 413 940 766 148 248 597 666 651 817 1153 834 357 111 635 819 1034 266 554 1191 470 1311 953 463 361 868 0 684 647 674 1013 636 503 1485 368 926 1073 772 777 308 639 929 885 647 268 372 782 980 1001 743 296 949 743 1034 384 139 127 1034 266 841 868 571 548 597 994
650 67 353 504 423 343 755 853 623 552 169 853 508 699 497 257 648 853 237 189 640 514 253 707 755 312 337 269 391 763 279 838 721 422 246 958 690 494 801 773 1556 563 766 752 792 684 0 571 384 623 565 210 1731 760 713 647 127 151 789 311 853 459 571 699 763 166 554 611 309 653 581 309 958 687 713 680 958 690 225 792 216 500 539 604
339 610 337 728 407 761 449 341 366 513 555 341 372 845 481 612 282 341 340 603 350 498 324 516 449 730 650 683 375 711 523 933 550 286 377 446 842 358 749 407 1781 511 400 387 279 647 571 0 248 571 429 743 1955 394 484 631 541 565 884 696 341 443 107 845 397 552 538 559 723 873 507 723 445 322 625 635 446 842 489 279 749 364 403 552
300 424 151 755 221 610 476 531 274 338 368 531 158 872 295 425 326 531 154 417 290 312 138 543 476 579 499 497 189 537 337 960 577 73 190 636 869 145 574 434 1808 336 428 414 469 674 384 248 0 396 215 557 1982 421 421 445 354 379 911 545 531 257 248 872 425 365 352 385 537 900 333 537 635 349 652 662 636 869 303 469 563 150 189 378
662 662 286 1040 263 928 815 706 635 122 606 705 519 1210 165 626 648 705 392 629 651 141 376 882 815 897 860 637 244 199 575 1299 915 434 410 604 1208 506 236 773 2093 119 766 752 774 1013 623 571 396 0 577 795 2268 760 381 249 593 617 1250 895 706 186 571 1210 763 604 337 168 561 1189 249 561 604 687 991 1000 603 1208 541 774 801 511 550 161
262 605 332 717 401 572 438 711 236 519 549 712 120 834 475 606 331 712 335 598 252 492 319 506 438 541 461 677 370 717 518 923 539 176 371 817 831 108 755 396 1770 517 390 376 650 636 565 429 215 577 0 656 1945 383 602 626 535 560 873 507 711 437 429 834 387 546 532 565 718 862 513 718 816 311 614 624 817 831 484 650 581 112 62 558
534 178 525 323 595 181 574 1025 508 724 341 1025 560 519 669 347 603 1025 409 350 524 686 425 526 574 193 219 260 563 935 442 658 541 595 418 1130 509 574 973 668 1376 735 661 648 964 503 210 743 557 795 656 0 1551 655 885 807 299 323 609 192 1025 631 743 519 658 338 726 783 399 472 753 399 1130 583 532 500 1130 509 398 964 97 569 617 776
1525 1514 1861 1070 1906 1435 1371 2052 1552 2060 1647 2053 1663 1126 2005 1600 1528 2052 1745 1604 1536 2022 1761 1323 1371 1459 1528 1514 1899 2169 1696 1266 1338 1758 1754 2157 1117 1677 2207 1593 201 2071 1586 1484 1991 1300 1546 1770 1797 2082 1759 1365 0 1492 2049 2013 1635 1640 1217 1502 2052 1967 1770 1126 1495 1644 1980 2119 1605 1080 2072 1605 2157 1507 1329 1297 2158 1117 1703 1991 1433 1671 1720 2112
149 741 526 449 596 571 171 676 176 702 743 676 287 566 670 800 152 676 529 792 160 687 513 238 171 540 459 843 564 900 712 655 271 382 566 781 564 301 938 217 1502 700 210 23 615 368 760 394 421 760 383 655 1677 0 673 820 730 754 606 506 676 632 394 566 17 741 727 748 912 595 696 912 781 131 346 356 781 564 678 615 580 295 344 741
618 753 376 1007 534 996 728 766 645 323 697 766 544 1123 367 754 561 766 483 746 629 343 467 795 728 965 885 825 334 521 666 1212 828 459 519 871 1121 531 559 686 2059 321 679 665 705 926 713 484 421 381 602 885 2234 673 0 572 683 708 1163 931 766 277 484 1124 676 694 660 370 866 1152 318 866 871 600 904 913 871 1121 632 705 891 536 575 362
710 687 414 971 254 877 876 840 684 313 603 839 568 1167 356 557 708 839 417 560 700 332 401 943 875 901 909 568 435 333 600 1306 976 483 425 737 1157 555 370 834 2024 310 827 813 852 1073 647 631 445 249 626 807 2199 820 572 0 617 596 1257 920 840 378 631 1167 824 600 328 359 492 1120 440 492 738 748 1051 1061 737 1157 565 852 825 560 599 352
620 166 323 592 393 432 785 823 594 522 74 823 478 788 467 161 618 823 207 94 610 484 223 795 785 401 426 173 361 733 184 927 810 392 216 928 778 464 771 743 1645 533 736 723 762 772 127 541 354 593 535 299 1820 730 683 617 0 66 878 399 823 429 541 788 733 71 524 581 214 742 551 214 928 657 802 769 928 778 130 762 305 470 509 574
645 191 348 598 417 456 810 848 618 547 48 848 502 793 491 136 643 848 232 68 634 509 248 801 810 425 451 147 386 752 158 932 815 417 241 953 784 489 790 768 1650 557 761 747 786 777 151 565 379 617 560 323 1825 754 708 596 66 0 883 424 848 453 565 793 758 45 548 606 188 747 576 188 952 682 807 774 953 783 104 786 329 494 533 599
639 757 1017 313 1086 678 485 1167 667 1193 891 1167 778 144 1160 844 642 1167 988 847 650 1178 1004 415 486 703 772 757 1055 1391 939 160 378 872 998 1272 141 791 1428 708 1227 1190 701 599 1105 308 789 884 911 1250 873 609 1402 606 1163 1257 878 883 0 745 1167 1122 884 144 610 887 1217 1239 849 172 1187 848 1271 622 337 305 1272 142 947 1105 677 786 835 1232
385 279 626 460 696 108 561 978 359 825 442 978 411 655 770 483 454 978 510 462 375 787 526 628 561 77 70 397 664 1036 552 794 661 506 519 1083 645 425 1074 519 1512 836 512 498 917 639 311 696 545 895 507 192 1687 506 931 920 399 424 745 0 978 732 696 655 509 439 827 884 536 609 843 536 1083 433 669 636 1084 645 498 917 117 419 468 877
621 893 620 1010 689 1044 732 75 649 769 837 76 654 1127 763 894 564 75 623 886 633 780 607 799 732 1012 932 965 658 789 806 1216 832 569 659 156 1125 641 827 690 2063 767 683 669 119 929 853 341 531 706 711 1025 2238 676 766 840 823 848 1167 978 0 725 341 1127 680 834 820 816 1006 1155 790 1006 155 604 907 917 156 1125 772 119 1031 646 685 808
522 499 119 925 295 764 687 725 496 129 443 725 380 1083 172 500 520 725 228 491 512 148 212 754 687 733 721 571 92 327 412 1171 788 295 265 732 1080 367 365 645 1977 127 639 625 664 885 459 443 257 186 437 631 2152 632 277 378 429 453 1122 732 725 0 443 1083 636 440 426 175 612 1074 145 611 733 560 863 873 732 1080 377 664 637 372 411 168
339 611 338 728 407 761 449 341 366 513 555 341 372 845 481 612 282 341 340 603 350 498 324 516 449 730 650 683 375 711 524 933 550 286 377 446 842 358 749 407 1781 511 401 387 279 647 571 107 248 571 429 743 1956 394 484 631 541 565 884 696 341 443 0 845 398 552 538 559 724 873 507 723 445 322 625 635 446 842 489 279 749 364 403 552
600 667 977 223 1047 588 446 1127 627 1153 800 1127 738 84 1121 754 603 1127 898 757 611 1138 915 375 446 612 682 667 1015 1323 849 193 338 833 908 1232 81 752 1360 668 1137 1151 661 559 1066 268 699 845 872 1210 834 519 1312 566 1124 1166 788 793 144 655 1127 1083 845 0 570 797 1133 1199 759 105 1147 758 1232 582 297 265 1232 81 857 1066 586 746 795 1192
152 745 530 453 600 575 175 680 180 706 747 680 291 570 673 804 155 680 533 796 163 691 517 242 174 543 463 847 568 904 716 659 275 386 569 785 568 304 941 221 1506 703 214 25 618 372 763 397 425 763 387 658 1681 17 676 824 733 758 610 509 680 636 398 570 0 744 731 752 916 598 700 916 784 135 350 360 785 568 682 618 584 299 348 745
631 206 334 602 404 460 796 834 604 533 52 834 489 797 478 140 629 834 218 72 621 495 234 805 796 440 466 151 372 744 131 936 819 403 227 939 788 475 782 754 1654 544 747 733 773 782 166 552 365 604 546 338 1829 741 694 600 71 45 887 439 834 440 552 797 744 0 535 592 192 751 562 192 939 668 811 779 939 788 76 773 344 481 520 585
617 594 321 938 161 844 782 820 591 383 538 820 475 1134 328 524 615 820 323 527 607 345 307 850 782 828 816 535 358 477 507 1266 883 390 331 882 1124 462 515 740 1991 398 734 720 759 980 554 538 352 337 532 726 2166 727 660 328 524 548 1217 827 820 426 538 1134 731 535 0 447 459 1087 527 459 883 655 958 968 882 1124 472 759 732 467 506 440
650 651 274 1077 321 917 804 816 624 110 595 815 508 1199 154 652 637 815 381 644 640 130 365 871 804 885 849 723 232 309 564 1288 904 423 399 714 1197 495 346 762 2130 81 755 741 780 1001 611 559 385 168 565 783 2305 748 370 359 581 606 1239 884 816 175 559 1199 752 592 447 0 671 1226 220 671 714 676 979 989 713 1197 530 780 789 500 539 26
803 349 506 563 385 469 814 1006 776 608 195 1006 660 759 552 149 801 1006 390 152 792 569 406 766 814 493 562 160 544 648 244 898 780 575 399 1053 749 647 686 926 1616 622 919 905 944 743 309 723 537 561 718 399 1791 912 866 492 214 188 849 536 1006 612 724 759 916 192 459 671 0 712 734 93 1054 840 772 740 1053 749 251 944 467 652 692 664
628 621 968 177 1013 542 474 1155 655 1167 754 1155 766 105 1112 707 631 1155 852 711 639 1129 868 404 474 566 636 621 1006 1277 803 221 367 861 861 1260 95 780 1314 696 1091 1178 689 587 1094 296 653 873 900 1189 862 472 1266 595 1152 1120 742 747 172 609 1155 1074 873 105 598 751 1087 1226 712 0 1175 712 1260 610 326 293 1261 95 810 1094 540 774 823 1219
598 621 244 1030 402 886 752 790 572 191 565 790 456 1147 235 622 585 790 351 614 588 211 335 819 752 855 797 693 202 389 534 1236 852 371 387 794 1145 443 427 710 2083 189 703 689 728 949 581 507 333 249 513 753 2258 696 318 440 551 576 1187 843 790 145 507 1147 700 562 527 220 734 1175 0 734 795 624 927 937 794 1145 500 728 759 448 487 230
803 349 506 563 385 469 814 1006 776 608 195 1006 660 758 552 148 800 1006 389 152 792 570 406 766 814 493 562 160 544 649 244 897 780 575 399 1053 749 647 686 926 1615 623 919 905 944 743 309 723 537 561 718 399 1790 912 866 492 214 188 848 536 1006 611 723 758 916 192 459 671 93 712 734 0 1054 840 772 740 1053 749 251 944 467 652 691 664
726 997 724 1115 794 1148 836 155 753 668 941 155 758 1232 711 998 669 155 727 990 737 687 711 903 836 1117 1037 1070 762 687 910 1320 936 673 764 72 1229 745 725 794 2167 665 787 774 223 1034 958 445 635 604 816 1130 2342 781 871 738 928 952 1271 1083 155 732 445 1232 784 939 883 714 1054 1260 795 1054 0 708 1012 1021 72 1229 876 223 1136 751 790 707
274 768 495 662 565 696 384 645 301 671 712 645 412 779 638 769 217 645 498 761 285 656 482 451 384 665 584 840 533 869 681 868 484 444 534 750 777 426 906 100 1715 668 93 321 583 581 728 362 406 728 508 780 1890 328 641 789 698 723 819 631 645 601 363 779 332 709 696 717 881 808 665 881 749 0 559 569 750 777 647 583 705 420 469 710
380 681 757 287 827 602 226 907 407 933 814 907 518 297 901 767 383 907 760 771 391 918 744 126 226 626 690 681 795 1131 863 386 89 613 797 1012 295 532 1169 448 1340 931 441 339 846 139 713 625 652 991 614 532 1515 346 904 1051 802 807 337 669 907 863 625 297 350 811 958 979 772 326 927 772 1012 362 0 127 1012 295 870 846 600 526 575 972
389 648 767 255 837 569 236 917 417 943 782 917 528 265 911 735 392 917 770 738 401 928 754 136 236 594 663 648 805 1141 831 354 99 623 806 1022 263 542 1178 458 1308 940 451 349 855 127 680 635 662 1000 624 500 1482 356 913 1061 769 774 305 636 917 873 635 265 360 779 968 989 740 293 937 740 1021 372 127 0 1022 263 838 855 568 536 585 982
727 998 725 1115 795 1149 837 156 754 667 942 156 759 1232 710 999 670 156 728 991 738 686 712 904 837 1118 1037 1070 763 687 911 1321 937 674 764 71 1230 746 724 795 2168 665 788 774 224 1034 958 446 636 603 817 1130 2343 781 871 737 928 953 1272 1084 156 732 446 1232 785 939 882 713 1053 1261 794 1053 72 709 1012 1022 0 1230 877 224 1136 751 790 706
597 657 975 213 1044 578 443 1125 625 1151 791 1125 736 81 1118 744 600 1125 889 748 608 1136 905 373 444 603 672 657 1013 1313 840 191 336 830 898 1230 79 749 1351 665 1127 1148 659 557 1063 266 690 842 869 1208 831 509 1302 564 1121 1157 778 783 142 645 1125 1080 842 81 568 788 1124 1197 749 95 1145 749 1229 580 295 263 1230 0 847 1063 577 744 793 1190
568 265 272 661 341 519 734 772 542 471 79 772 426 857 415 156 566 772 155 131 558 432 172 801 733 499 525 211 309 682 68 996 834 341 165 877 847 413 719 692 1714 481 685 671 710 841 225 489 303 541 484 398 1889 678 632 565 130 104 947 498 772 377 489 857 682 76 472 530 251 810 500 251 876 606 870 838 877 847 0 710 403 418 457 523
560 831 558 949 628 982 670 119 587 734 775 119 593 1066 702 832 503 119 561 824 571 719 545 737 670 951 871 904 596 857 744 1154 771 507 598 224 1063 579 894 628 2001 732 621 608 83 868 792 279 469 773 650 964 2176 615 705 852 762 786 1105 917 119 664 279 1066 618 773 759 780 944 1094 728 944 223 543 846 855 224 1063 710 0 970 585 624 773
459 184 531 391 601 150 636 1031 433 730 347 1031 486 586 675 415 528 1031 415 367 449 692 431 594 635 118 144 328 569 941 457 726 608 580 424 1136 577 499 979 593 1444 741 587 573 970 571 216 749 563 801 581 97 1618 580 891 825 305 329 677 117 1031 637 749 586 584 344 732 789 467 540 759 467 1136 508 600 568 1136 577 403 970 0 494 543 782
175 539 266 629 336 485 351 646 148 454 484 646 42 746 410 541 243 646 269 532 164 427 253 418 351 453 373 612 304 652 452 835 451 111 306 751 744 30 689 309 1682 451 302 288 585 548 500 364 150 511 112 569 1857 295 536 560 470 494 786 419 646 372 364 746 299 481 467 500 652 774 448 652 751 223 526 536 751 744 418 585 494 0 73 493
224 579 306 678 375 534 400 685 197 493 523 685 81 795 449 580 292 685 308 571 213 466 292 467 400 502 422 651 343 691 492 884 500 150 345 790 793 69 729 358 1731 490 351 337 624 597 539 403 189 550 62 617 1906 344 575 599 509 533 835 468 685 411 403 795 348 520 506 539 692 823 487 691 790 272 575 585 790 793 457 624 543 73 0 532
643 644 267 1070 314 909 797 808 617 103 588 808 501 1192 147 645 629 808 374 637 633 123 358 864 796 878 842 716 225 301 557 1281 897 416 391 706 1190 487 339 755 2123 74 748 734 773 994 604 552 378 161 558 776 2298 741 362 352 574 599 1232 877 809 168 552 1192 745 585 440 26 664 1219 230 664 707 669 972 982 706 1190 523 773 782 493 532 0
EOF