NAME : tsp_problem
TYPE : TSP
DIMENSION : 62
EDGE_WEIGHT_TYPE : EXPLICIT
EDGE_WEIGHT_FORMAT : FULL_MATRIX
EDGE_WEIGHT_SECTION
0 1023 923 678 279 825 1107 1523 1212 1281 1241 1153 730 354 1107 660 947 1014 520 967 278 1234 660 815 1212 497 279 1071 419 454 373 1108 288 375 1046 261 641 1051 741 576 894 922 583 390 466 381 597 927 134 824 509 781 926 1093 707 289 1212 960 308 1253 1043 923
838 0 1678 1433 1076 1580 1862 1132 1967 2036 1997 1908 1485 1110 1862 1415 1702 1769 1275 1722 1075 287 1415 1570 1967 1252 1076 1826 1174 1209 1128 1863 1085 1132 1801 1016 1396 1806 1496 1331 1649 1677 1338 1145 1221 1137 1352 1682 779 1579 1264 1536 1681 1848 1463 1086 1967 1715 1063 2009 1798 1678
923 1864 0 535 1032 303 586 2364 690 385 350 257 537 745 586 726 452 118 663 402 1032 2075 725 198 691 812 1032 266 776 541 609 246 1042 734 524 707 616 617 521 604 262 376 745 797 729 720 652 102 974 302 666 392 372 196 552 1042 691 465 666 464 176 279
642 1583 343 0 751 245 528 2083 632 701 667 573 575 464 528 764 490 434 700 440 751 1794 764 236 633 564 751 533 693 260 329 562 761 453 466 426 654 655 559 642 314 415 783 657 622 439 690 347 693 244 690 430 410 513 284 761 633 504 386 781 493 385
279 1261 1032 787 0 934 1216 1762 1321 1390 1356 1262 968 357 1216 898 1179 1123 758 1128 25 1472 898 924 1321 735 25 1221 657 563 469 1251 101 379 1155 370 879 1289 979 814 1003 1103 821 628 704 384 835 1036 372 933 747 1019 1099 1202 816 101 1321 1192 417 1469 1182 1073
825 1765 303 437 934 0 341 2266 445 661 627 533 535 647 341 724 450 394 661 400 934 1977 723 196 446 747 934 492 774 442 511 522 944 636 279 609 614 615 519 602 274 374 743 795 727 622 650 307 876 108 664 390 370 473 467 944 446 463 568 741 453 344
1107 2048 586 720 1216 341 0 2548 155 944 883 815 817 929 76 1006 733 676 944 682 1216 2259 1006 478 156 1029 1216 775 1056 725 794 778 1226 918 119 891 896 897 801 884 556 657 1025 1078 1009 904 932 589 1158 342 946 672 652 755 749 1226 156 746 851 650 735 627
1626 881 2467 2221 1864 2369 2651 0 2756 2825 2785 2696 2273 1898 2651 2204 2491 2557 2063 2511 1864 638 2203 2359 2756 2041 1864 2615 1963 1998 1916 2652 1874 1920 2590 1805 2185 2595 2285 2120 2438 2466 2127 1934 2009 1926 2141 2471 1567 2368 2053 2325 2470 2636 2251 1874 2756 2504 1852 2797 2587 2466
1212 2152 690 824 1321 445 155 2653 0 868 781 920 922 1034 155 1054 766 781 1049 787 1321 2364 1054 583 71 1134 1321 697 1161 830 898 676 1331 1023 223 996 1001 875 906 989 661 761 1129 1182 1114 1009 1037 694 1263 446 1051 777 757 760 854 1331 71 808 955 548 718 731
1281 2222 385 893 1390 661 944 2722 869 0 154 164 699 1103 944 826 485 297 826 523 1390 2433 826 506 868 1026 1390 349 938 899 967 328 1400 1092 882 1065 778 651 683 766 414 498 901 959 891 1078 814 373 1332 660 828 554 493 210 788 1400 868 527 1024 493 285 388
1241 2182 350 859 1356 627 883 2682 781 154 0 290 643 1069 883 739 398 347 769 381 1355 2393 739 472 781 969 1355 207 882 864 933 187 1365 1058 848 1031 722 564 627 710 379 356 814 903 835 1044 757 339 1293 626 772 497 351 187 753 1365 781 439 990 405 228 331
1153 2093 257 765 1262 533 815 2594 920 164 290 0 727 975 815 915 592 159 853 576 1261 2304 915 427 920 1031 1261 402 965 770 839 381 1271 964 754 937 806 758 711 794 397 550 934 987 918 950 841 245 1204 532 856 581 546 332 771 1272 920 634 896 600 312 415
730 1670 537 767 968 535 817 2171 922 699 643 727 0 813 818 223 430 588 288 380 968 1881 223 368 922 488 968 472 400 772 831 510 978 834 756 719 114 595 58 228 374 324 242 391 353 840 149 541 781 534 290 183 328 511 650 978 923 443 766 757 445 324
354 1295 745 500 357 647 929 1796 1034 1103 1069 975 813 0 929 743 892 836 603 842 357 1506 743 637 1034 580 357 934 502 276 153 964 367 151 868 182 724 1056 824 659 716 816 666 473 549 137 680 749 406 646 592 831 812 915 529 367 1034 905 186 1182 895 786
1107 2048 586 720 1216 341 76 2548 155 944 882 815 818 929 0 1006 733 676 944 682 1216 2259 1006 478 155 1029 1216 775 1056 725 794 778 1226 918 119 891 896 897 801 885 556 657 1025 1078 1009 904 932 590 1158 342 946 672 652 755 749 1226 156 746 851 649 735 627
660 1600 726 956 898 724 1006 2101 1054 826 738 915 223 743 1006 0 371 776 400 391 898 1812 93 557 1053 476 898 564 398 842 761 601 908 765 945 649 135 475 235 341 563 446 159 369 445 770 127 730 711 723 403 371 441 699 770 908 1053 384 697 678 633 513
947 1888 452 682 1179 450 733 2388 766 485 398 592 430 892 733 372 0 453 557 79 1179 2099 372 283 766 757 1179 251 669 688 756 289 1189 881 671 854 422 223 414 497 289 133 447 657 622 867 414 445 998 449 559 285 129 376 565 1189 766 72 813 390 334 239
1014 1954 118 626 1123 394 676 2455 781 297 347 159 588 836 676 776 453 0 714 437 1122 2165 776 288 781 892 1122 263 826 631 700 242 1132 825 615 798 667 619 572 655 258 411 795 848 779 811 702 106 1065 393 717 442 407 193 632 1133 781 495 757 461 173 276
520 1460 663 736 758 661 944 1961 1049 826 769 853 288 603 944 400 557 714 0 506 758 1671 400 495 1049 248 758 599 160 702 621 636 768 624 882 509 290 721 299 94 501 450 419 182 113 630 326 667 571 660 40 309 454 637 464 768 1049 570 556 883 571 451
967 1908 402 632 1128 400 682 2408 787 523 381 576 380 842 682 392 79 437 506 0 1128 2119 392 233 787 706 1128 201 618 637 706 238 1138 831 621 804 442 243 364 447 239 83 467 640 571 817 434 406 1018 399 509 234 79 360 514 1138 787 92 763 439 309 189
278 1261 1032 786 25 934 1216 1761 1321 1390 1355 1261 968 357 1216 898 1179 1122 758 1128 0 1472 898 924 1321 735 25 1221 657 563 469 1251 100 379 1155 370 879 1289 979 814 1003 1103 821 628 704 384 835 1036 372 933 747 1019 1098 1201 816 100 1321 1192 417 1469 1181 1073
1049 287 1889 1644 1287 1791 2073 888 2178 2247 2208 2119 1696 1321 2073 1626 1913 1980 1486 1933 1287 0 1626 1781 2178 1463 1287 2037 1385 1420 1339 2074 1297 1343 2012 1227 1608 2017 1708 1542 1860 1888 1549 1356 1432 1348 1563 1893 990 1790 1475 1747 1893 2059 1674 1297 2178 1926 1275 2220 2009 1889
660 1600 725 956 898 723 1006 2101 1054 826 739 915 223 743 1006 93 371 776 400 392 898 1811 0 557 1054 476 898 564 398 842 761 601 908 764 944 649 135 476 235 341 563 446 159 369 445 770 127 729 711 722 402 371 441 699 770 908 1054 385 696 678 633 513
815 1756 198 428 924 196 478 2256 583 506 472 427 368 637 478 557 283 288 495 233 924 1967 557 0 583 643 924 326 607 433 502 363 934 626 417 600 447 448 352 435 107 207 576 628 560 612 483 202 866 195 497 223 203 318 383 934 583 297 559 585 298 177
1212 2153 691 825 1321 446 156 2653 71 868 781 920 922 1034 155 1053 766 781 1049 787 1321 2364 1054 583 0 1134 1321 697 1161 830 899 676 1331 1023 224 996 1001 874 906 990 661 762 1128 1183 1114 1009 1037 695 1263 447 1051 777 757 759 854 1331 71 807 956 548 717 732
497 1438 812 600 735 747 1029 1938 1134 1026 969 1031 488 580 1029 476 757 892 248 706 735 1649 476 643 1134 0 735 799 188 605 598 836 745 602 968 487 410 868 500 304 649 650 408 127 170 607 366 816 548 746 237 509 654 837 328 745 1134 770 534 1070 771 651
279 1261 1032 787 25 934 1216 1761 1321 1390 1355 1261 968 357 1216 898 1179 1122 758 1128 25 1472 898 924 1321 735 0 1221 657 563 469 1251 100 379 1155 370 879 1289 979 814 1003 1103 821 628 704 384 835 1036 372 933 747 1019 1098 1201 816 100 1321 1192 417 1469 1181 1073
1071 2011 266 724 1221 492 775 2512 697 349 207 402 472 934 775 564 251 263 599 201 1221 2222 564 326 697 799 1221 0 711 730 799 71 1231 923 713 896 551 416 456 539 295 176 639 733 664 909 587 255 1122 491 601 327 171 186 607 1231 697 265 856 321 144 247
419 1359 776 729 657 774 1056 1860 1161 938 882 965 400 502 1056 398 669 826 160 618 657 1571 398 607 1161 188 657 711 0 601 520 748 667 524 995 408 332 789 412 216 613 562 330 81 106 529 288 780 470 773 149 421 567 750 457 667 1161 682 455 992 683 563
454 1395 541 295 563 442 725 1895 830 899 864 770 772 276 725 842 688 631 702 637 563 1606 842 433 830 605 563 730 601 0 140 759 573 265 663 238 824 852 756 758 511 612 765 572 648 251 779 545 505 441 691 627 607 710 325 573 830 701 197 978 690 582
373 1313 609 364 469 511 794 1814 898 967 933 839 831 153 794 761 756 700 621 706 469 1524 761 502 899 598 469 799 520 140 0 828 479 142 732 157 742 921 825 677 580 681 684 491 567 128 698 613 424 510 610 696 676 779 394 479 899 770 116 1047 759 651
1108 2049 246 754 1251 522 778 2549 676 328 187 381 510 964 778 601 289 242 636 238 1251 2260 601 363 676 836 1251 71 748 759 828 0 1261 953 743 926 589 453 494 577 274 213 676 770 701 939 624 234 1159 521 639 364 208 165 644 1261 676 302 885 300 123 226
288 1271 1042 796 101 944 1226 1771 1331 1400 1365 1271 978 367 1226 908 1189 1132 768 1138 100 1482 908 934 1331 745 100 1231 667 573 479 1261 0 389 1165 380 889 1299 989 824 1013 1113 831 638 714 394 845 1046 382 943 757 1029 1108 1211 826 59 1331 1202 427 1479 1191 1083
375 1317 734 489 379 636 918 1817 1023 1092 1058 964 834 151 918 765 881 825 624 831 379 1528 764 626 1023 602 379 923 524 265 142 953 389 0 857 204 746 1045 846 681 705 805 688 495 570 126 702 738 428 635 614 821 801 904 519 389 1023 894 175 1171 884 775
1046 1986 524 658 1155 279 119 2487 223 882 848 754 756 868 119 945 671 615 882 621 1155 2197 944 417 224 968 1155 713 995 663 732 743 1165 857 0 830 835 836 740 823 495 595 964 1016 948 843 871 528 1097 280 885 611 591 694 688 1165 224 684 789 717 674 565
261 1202 707 462 370 609 891 1702 996 1065 1031 937 719 182 891 649 854 798 509 804 370 1413 649 600 996 487 370 896 408 238 157 926 380 204 830 0 631 1019 731 566 678 778 572 379 455 202 586 711 312 608 498 770 774 877 492 380 996 867 102 1145 857 748
641 1582 616 846 879 614 896 2082 1001 778 722 806 114 724 896 135 422 667 290 442 879 1793 135 447 1001 410 879 551 332 824 742 589 889 746 835 631 0 526 125 231 453 402 154 303 356 751 61 620 693 613 293 262 407 590 704 889 1001 435 678 728 524 403
1051 1992 617 847 1289 615 897 2492 875 651 564 758 595 1056 897 476 223 619 721 243 1289 2203 476 448 875 868 1289 416 789 852 921 453 1299 1045 836 1019 526 0 578 662 454 298 551 761 786 1031 518 611 1102 614 723 449 293 542 729 1299 875 237 978 499 500 404
741 1682 521 751 979 519 801 2182 906 683 627 711 58 824 801 235 414 572 299 364 979 1893 235 352 906 500 979 456 412 756 825 494 989 846 740 731 125 578 0 240 358 307 254 403 365 851 161 525 792 518 302 167 312 495 634 989 906 427 778 741 429 308
576 1517 604 792 814 602 884 2017 989 766 710 794 228 659 885 341 497 655 94 447 814 1728 341 435 990 304 814 539 216 758 677 577 824 681 823 566 231 662 240 0 441 391 360 238 169 686 267 608 627 601 96 250 395 578 521 824 990 510 613 824 512 391
894 1834 262 506 1003 274 556 2335 661 414 379 397 374 716 556 563 289 258 501 239 1003 2046 563 107 661 649 1003 295 613 511 580 274 1013 705 495 678 453 454 358 441 0 214 582 635 566 691 489 250 945 273 503 229 209 225 389 1013 662 303 637 493 205 184
922 1863 376 606 1103 374 657 2363 761 498 356 550 324 816 657 446 133 411 450 83 1103 2074 446 207 762 650 1103 176 562 612 681 213 1113 805 595 778 402 298 307 391 214 0 521 584 515 791 438 380 973 373 452 178 53 335 489 1113 762 147 737 470 284 163
583 1523 745 974 821 743 1025 2024 1129 901 813 934 242 666 1025 159 446 795 419 466 821 1734 159 576 1128 408 821 639 330 765 684 676 831 688 964 572 154 550 254 360 582 521 0 301 377 693 146 749 634 742 420 390 516 719 702 831 1128 459 619 753 652 532
390 1331 797 692 628 795 1078 1831 1182 959 903 987 391 473 1078 369 656 848 182 640 628 1542 369 628 1183 127 628 733 81 572 491 770 638 495 1016 379 303 760 403 238 635 584 301 0 127 500 259 801 441 794 171 443 588 771 421 638 1183 669 427 963 705 585
466 1406 729 658 704 727 1009 1907 1114 891 835 918 353 549 1009 445 622 779 113 571 704 1617 445 560 1114 170 704 664 106 648 567 701 714 570 948 455 356 786 365 169 566 515 377 127 0 576 335 733 517 726 102 374 520 703 386 714 1114 635 502 948 636 516
381 1322 720 475 384 622 904 1823 1009 1078 1044 950 840 137 904 770 867 811 630 817 384 1534 770 612 1009 607 384 909 529 251 128 939 394 126 843 202 751 1031 851 686 691 791 693 500 576 0 707 724 433 621 619 807 787 890 505 394 1009 880 161 1157 870 761
597 1538 652 882 835 650 932 2038 1037 814 757 841 149 680 932 127 414 702 326 434 835 1749 127 483 1037 366 835 587 288 779 698 624 845 702 871 586 61 518 161 267 489 438 146 259 335 707 0 656 648 649 329 297 442 625 660 845 1037 427 634 720 559 439
927 1867 102 539 1036 307 589 2368 694 373 339 245 541 749 590 730 445 106 667 406 1036 2079 729 202 695 816 1036 255 780 545 613 234 1046 738 528 711 620 611 525 608 250 380 749 801 733 724 656 0 978 306 670 396 376 185 556 1046 695 469 670 453 165 268
134 964 974 729 372 876 1158 1464 1263 1332 1293 1204 781 406 1158 711 998 1065 571 1018 372 1175 711 866 1263 548 372 1122 470 505 424 1159 382 428 1097 312 693 1102 792 627 945 973 634 441 517 433 648 978 0 875 560 832 977 1144 759 382 1263 1011 360 1305 1094 974
824 1764 302 436 933 108 342 2265 446 660 626 532 534 646 342 723 449 393 660 399 933 1976 722 195 447 746 933 491 773 441 510 521 943 635 280 608 613 614 518 601 273 373 742 794 726 621 649 306 875 0 663 389 369 472 466 943 447 462 567 740 452 343
509 1449 666 725 747 664 946 1950 1051 828 772 856 290 592 946 403 559 717 40 509 747 1661 402 497 1051 237 747 601 149 691 610 639 757 614 885 498 293 723 302 96 503 452 420 171 102 619 329 670 560 663 0 312 457 640 453 757 1051 572 545 886 574 453
781 1722 392 622 1019 390 672 2222 777 554 497 581 183 831 672 371 285 442 309 234 1019 1933 371 223 777 509 1019 327 421 627 696 364 1029 821 611 770 262 449 167 250 229 178 390 443 374 807 297 396 832 389 312 0 182 365 504 1029 777 298 753 611 299 179
926 1867 372 602 1099 370 652 2367 757 493 351 546 328 812 652 441 129 407 454 79 1098 2078 442 203 757 654 1098 171 567 607 676 208 1108 801 591 774 407 293 312 395 209 53 516 588 520 787 442 376 977 369 457 182 0 330 485 1109 757 142 733 465 280 159
1093 2033 196 705 1202 473 755 2534 760 210 187 332 511 915 755 699 376 193 637 360 1201 2244 699 318 760 837 1201 186 750 710 779 165 1211 904 694 877 590 542 495 578 225 335 719 771 703 890 625 185 1144 472 640 365 330 0 599 1211 760 418 836 384 96 199
707 1648 552 320 816 467 749 2148 854 788 753 771 650 529 749 770 565 632 464 514 816 1859 770 383 854 328 816 607 457 325 394 644 826 519 688 492 704 729 634 521 389 489 702 421 386 505 660 556 759 466 453 504 485 599 0 826 854 578 451 867 579 459
289 1271 1042 797 101 944 1226 1771 1331 1400 1365 1272 978 367 1226 908 1189 1133 768 1138 100 1482 908 934 1331 745 100 1231 667 573 479 1261 59 389 1165 380 889 1299 989 824 1013 1113 831 638 714 394 845 1046 382 943 757 1029 1109 1211 826 0 1331 1202 427 1479 1191 1083
1212 2153 691 825 1321 446 156 2653 71 868 781 920 923 1034 156 1053 766 781 1049 787 1321 2364 1054 583 71 1134 1321 697 1161 830 899 676 1331 1023 224 996 1001 874 906 990 662 762 1128 1183 1114 1009 1037 695 1263 447 1051 777 757 759 854 1331 0 807 956 548 717 732
960 1901 465 696 1192 463 746 2401 808 527 439 634 443 905 746 385 72 495 570 92 1192 2112 385 297 808 770 1192 265 682 701 770 302 1202 894 684 867 435 237 427 510 303 147 460 670 635 880 427 469 1012 462 572 298 142 418 578 1202 808 0 827 432 373 253
308 1249 666 421 417 568 851 1749 955 1024 990 896 766 186 851 697 813 757 556 763 417 1460 696 559 956 534 417 856 455 197 116 885 427 175 789 102 678 978 778 613 637 737 619 427 502 161 634 670 360 567 545 753 733 836 451 427 956 827 0 1104 816 707
1254 2194 464 973 1469 741 656 2695 554 493 405 600 757 1182 655 678 390 461 883 439 1469 2405 678 585 554 1070 1469 321 992 978 1047 300 1479 1171 724 1145 729 499 741 824 493 470 753 963 948 1157 721 453 1305 740 886 611 465 384 867 1479 554 432 1104 0 342 445
1043 1984 176 685 1182 453 735 2484 718 285 228 312 445 895 735 633 334 173 571 309 1181 2195 633 298 718 771 1181 144 683 690 759 123 1191 884 674 857 524 500 429 512 205 284 652 705 636 870 559 165 1094 452 574 299 280 96 579 1191 718 373 816 342 0 133
923 1863 279 576 1073 344 627 2364 731 388 331 415 324 786 627 513 239 276 451 189 1073 2074 513 177 732 651 1073 247 563 582 651 226 1083 775 565 748 403 404 308 391 184 163 532 585 516 761 439 268 974 343 453 179 159 199 459 1083 732 253 707 445 133 0
EOF