NAME : tsp_problem
TYPE : TSP
DIMENSION : 46
EDGE_WEIGHT_TYPE : EXPLICIT
EDGE_WEIGHT_FORMAT : FULL_MATRIX
EDGE_WEIGHT_SECTION
0 683 372 378 89 578 292 732 719 683 308 390 466 209 289 602 295 314 578 606 718 485 581 741 405 540 92 713 709 819 578 378 577 741 535 235 453 805 707 438 422 683 656 366 540 317
683 0 764 782 612 156 718 1125 1054 71 700 783 719 874 954 898 447 833 155 999 1053 795 911 1071 798 837 756 1009 1005 1149 155 688 970 1037 788 777 763 1198 1003 748 815 71 1049 759 837 709
372 764 0 609 300 659 273 680 666 764 83 106 697 552 632 534 376 545 659 553 665 273 369 529 352 473 434 645 641 607 659 460 524 673 624 332 401 752 640 402 71 764 603 154 473 264
378 782 609 0 448 884 377 877 740 782 545 627 410 308 227 961 654 81 884 751 740 723 819 978 458 900 351 1072 1068 1016 884 321 722 1100 478 320 396 944 1066 382 660 782 801 604 900 413
89 612 300 448 0 507 254 661 647 612 236 319 537 279 360 530 224 384 507 535 647 414 510 669 334 469 162 641 637 747 507 441 505 669 605 305 382 734 636 383 351 612 585 295 469 245
578 156 659 884 507 0 613 1020 1006 156 595 678 821 769 849 793 342 873 76 894 1006 690 806 966 693 732 651 904 900 1044 76 790 865 932 890 673 741 1093 898 742 710 156 944 654 732 604
292 718 273 377 254 613 0 514 500 718 209 291 462 382 462 637 330 331 613 387 499 387 483 628 186 575 265 748 744 652 613 294 358 776 457 123 234 586 742 236 324 718 437 268 575 98
732 1125 680 877 661 1020 514 0 404 1125 616 605 962 883 963 525 737 831 1020 341 404 442 357 195 447 579 765 535 542 186 1020 700 169 509 862 573 641 137 541 642 638 1125 90 556 579 505
719 1053 666 740 647 1006 500 404 0 1053 602 684 681 869 927 760 723 790 1006 138 93 779 706 544 433 814 751 770 777 469 1006 439 321 744 542 559 380 288 776 381 716 1054 400 660 814 471
683 71 764 782 612 156 718 1125 1053 0 700 783 719 874 954 898 447 833 155 999 1053 795 911 1071 798 837 756 1009 1005 1149 156 688 970 1037 788 777 763 1198 1004 748 815 71 1049 759 837 709
308 700 83 545 236 595 209 616 602 700 0 145 634 488 568 501 312 481 595 490 601 240 336 496 289 440 371 612 608 574 595 396 460 640 560 269 337 689 607 338 134 700 540 121 440 200
390 783 106 627 319 678 291 605 684 783 145 0 716 570 651 454 394 563 678 572 684 193 289 448 371 392 453 565 561 526 678 478 543 593 642 351 419 686 559 420 67 783 614 74 392 282
466 719 697 410 537 821 462 962 681 719 634 716 0 556 597 1049 743 460 821 735 681 811 907 1066 543 988 439 1161 1156 1066 821 316 807 1188 415 405 390 885 1155 376 748 719 886 692 988 498
209 874 552 308 279 769 382 883 869 874 488 570 556 0 107 792 485 307 769 756 868 665 761 921 555 730 155 903 899 999 769 468 727 931 625 325 543 955 897 528 602 873 806 546 731 467
289 954 632 227 360 849 462 963 928 954 568 651 597 107 0 873 566 226 849 837 928 746 842 1001 636 811 236 984 980 1079 849 509 808 1012 666 406 584 1036 978 569 683 954 887 627 811 547
602 898 534 961 530 793 637 525 760 898 501 454 1049 792 873 0 510 897 793 745 760 335 450 610 716 112 675 128 124 590 793 823 666 156 987 696 764 540 122 766 488 898 586 405 112 628
295 447 376 654 224 342 330 737 723 447 312 394 743 485 566 510 0 590 342 611 722 407 523 682 410 448 368 621 617 761 342 517 581 649 681 390 458 810 615 459 427 447 661 371 449 321
314 833 545 81 384 873 331 831 791 833 481 563 460 307 226 897 590 0 873 705 791 658 754 914 478 835 286 1008 1004 970 873 372 676 1036 529 274 447 904 1002 432 595 833 755 539 835 416
578 155 659 884 507 76 613 1020 1006 155 595 678 821 769 849 793 342 873 0 894 1006 690 806 966 693 732 651 904 900 1044 76 790 865 932 889 673 741 1093 899 742 710 155 944 654 732 604
606 999 553 751 535 894 387 341 138 999 490 572 734 756 837 745 611 705 894 0 137 667 641 479 320 798 639 754 762 406 894 492 209 728 596 447 433 225 760 434 604 999 288 548 798 378
718 1053 665 740 647 1006 499 404 93 1053 601 684 681 868 927 760 722 790 1006 137 0 779 706 544 432 814 751 770 777 468 1006 439 320 743 542 559 380 288 776 381 716 1053 400 660 814 471
485 795 273 723 414 690 387 442 779 795 240 193 811 665 746 335 407 658 690 667 779 0 126 285 466 273 548 446 442 364 690 573 531 474 737 446 514 524 440 515 227 795 451 144 273 378
581 911 369 819 510 806 483 357 706 911 336 289 907 761 842 450 523 754 806 641 706 126 0 200 562 389 644 561 557 279 806 669 446 589 833 542 610 439 556 611 322 911 366 240 389 474
741 1071 529 978 669 966 628 195 544 1071 496 448 1066 921 1001 610 682 914 966 479 544 285 200 0 561 548 803 675 682 117 966 815 284 649 979 688 756 277 681 757 482 1070 204 399 548 619
405 798 352 458 334 693 186 447 433 798 289 371 543 555 636 716 410 478 693 320 432 466 562 561 0 655 438 827 823 585 693 271 291 855 435 246 212 519 822 214 403 798 371 347 655 154
540 837 473 900 469 732 575 579 814 837 440 392 988 730 811 112 448 835 732 798 814 273 389 548 655 0 613 223 219 626 732 762 719 251 926 635 703 594 217 704 426 837 640 343 77 566
92 756 434 351 162 651 265 765 751 756 371 453 439 155 236 675 368 286 651 639 751 548 644 803 438 613 0 786 782 882 651 351 610 814 507 208 425 838 780 411 485 756 689 429 613 350
713 1009 645 1072 641 904 748 535 770 1009 612 565 1161 903 984 128 621 1008 904 754 770 446 561 675 827 223 786 0 108 600 904 935 675 140 1098 807 875 550 106 877 599 1009 596 516 223 739
709 1005 641 1068 637 900 744 542 777 1005 608 561 1156 899 980 124 617 1004 900 762 777 442 557 682 823 219 782 108 0 607 900 930 682 136 1094 803 871 557 102 873 595 1005 603 512 219 735
819 1149 607 1016 747 1044 652 186 469 1149 574 526 1065 999 1079 590 761 970 1044 406 468 364 279 117 585 626 882 600 607 0 1044 823 308 573 927 712 764 201 605 765 560 1149 228 477 626 643
578 155 659 884 507 76 613 1020 1006 156 595 678 821 769 849 793 342 873 76 894 1006 690 806 966 693 732 651 904 900 1044 0 790 865 932 889 673 741 1093 899 742 710 155 944 654 732 604
378 688 460 321 441 790 294 700 439 688 396 478 316 468 509 823 517 372 790 492 439 573 669 815 271 762 351 935 930 824 790 0 545 962 358 317 95 643 929 81 510 688 624 454 762 226
577 970 524 722 505 865 358 169 321 970 460 543 807 727 808 666 581 676 865 209 320 531 446 284 291 719 610 675 682 308 865 545 0 649 709 418 486 277 681 487 575 969 93 519 719 349
741 1037 673 1100 669 932 776 509 744 1037 640 593 1188 931 1012 156 649 1036 932 728 743 474 589 649 855 251 814 140 136 573 932 962 649 0 1126 835 903 524 134 905 627 1037 569 544 251 767
535 788 624 478 605 890 457 863 543 788 560 642 415 625 666 987 681 529 890 596 543 737 833 979 435 926 507 1098 1094 927 890 358 709 1126 0 473 299 746 1093 300 674 788 788 618 926 390
235 777 332 320 305 673 123 573 559 777 269 351 405 325 406 696 390 274 673 447 559 446 542 688 246 635 208 807 803 712 673 317 418 835 473 0 294 646 802 295 383 777 497 327 635 157
453 763 401 396 382 741 234 641 380 763 337 419 390 543 584 764 458 447 741 433 380 514 610 756 212 703 425 875 871 764 741 95 486 903 299 294 0 584 870 38 451 763 565 395 703 167
805 1198 752 943 734 1093 586 137 288 1198 689 686 884 955 1036 540 810 904 1093 225 288 524 439 277 519 594 838 550 557 201 1093 642 277 524 746 646 583 0 556 584 720 1198 197 637 594 577
707 1003 640 1066 636 898 742 541 776 1004 607 559 1155 897 978 122 615 1002 899 760 776 440 556 681 822 217 780 106 102 605 899 929 681 134 1093 802 870 556 0 871 593 1003 601 510 217 733
438 749 402 382 383 742 236 642 381 749 338 420 376 528 569 766 459 432 742 435 381 515 611 757 214 704 411 877 873 766 742 81 487 905 300 295 38 585 871 0 452 749 566 396 704 169
422 815 71 660 351 710 324 638 716 815 134 67 748 602 683 488 427 595 710 604 716 227 322 482 403 426 485 599 595 560 710 510 575 627 674 383 451 720 593 452 0 815 648 108 426 315
683 71 764 782 612 156 718 1125 1054 71 700 783 719 873 954 898 447 833 155 999 1053 795 911 1070 798 837 756 1009 1005 1149 155 688 969 1037 788 777 763 1198 1003 748 815 0 1049 759 837 709
656 1049 603 801 585 944 437 90 400 1049 540 614 886 806 887 586 661 755 944 288 400 451 366 204 371 640 689 596 603 228 944 624 93 569 788 497 565 197 601 566 648 1049 0 565 640 428
366 759 154 604 295 654 268 556 660 759 121 74 692 546 627 405 371 539 654 548 660 144 240 399 347 343 429 516 512 477 654 454 519 544 618 327 395 637 510 396 108 759 565 0 343 259
540 837 473 900 469 732 575 579 814 837 440 392 988 731 811 112 449 835 732 798 814 273 389 548 655 77 613 223 219 626 732 762 719 251 926 635 703 594 217 704 426 837 640 343 0 566
317 709 264 413 245 604 98 505 472 709 200 282 498 467 547 628 321 416 604 378 471 378 474 619 154 566 350 739 735 643 604 226 349 767 390 157 167 577 733 169 315 709 428 259 566 0
EOF