NAME : tsp_problem
TYPE : TSP
DIMENSION : 46
EDGE_WEIGHT_TYPE : EXPLICIT
EDGE_WEIGHT_FORMAT : FULL_MATRIX
EDGE_WEIGHT_SECTION
0 337 195 588 700 348 419 241 543 599 288 137 376 630 148 192 92 377 342 665 269 92 127 516 606 695 267 353 338 405 636 236 132 111 619 689 320 257 80 100 445 377 152 601 344 245
337 0 511 314 398 284 116 192 268 368 108 369 190 356 419 318 324 191 296 391 198 324 443 242 304 458 157 279 168 245 334 536 377 343 317 432 271 186 313 321 374 305 469 370 290 188
218 518 0 711 881 462 600 355 666 696 464 197 543 753 120 232 285 544 421 788 450 285 112 637 754 792 381 467 452 519 817 139 190 266 757 787 434 438 273 223 606 558 89 699 458 359
588 314 708 0 217 273 417 436 62 155 333 620 245 81 611 510 575 244 369 99 448 574 640 88 176 166 402 269 329 204 244 720 628 594 180 140 297 436 563 518 624 556 665 145 280 432
817 580 928 288 0 494 683 663 328 250 587 872 497 240 815 731 830 496 511 258 703 829 861 355 355 134 656 489 582 424 423 861 866 848 359 170 518 691 818 738 879 810 882 241 500 667
348 284 459 273 448 0 387 193 228 275 215 403 124 316 362 261 425 123 162 351 330 424 391 200 316 371 219 29 155 82 384 473 397 444 320 366 48 318 413 269 506 438 417 278 31 197
827 553 947 372 320 513 0 676 327 503 572 859 484 323 851 750 814 483 608 359 688 814 879 327 226 425 641 508 569 443 257 959 867 833 240 399 537 676 802 757 864 795 905 494 519 671
241 192 352 436 576 193 295 0 391 444 136 296 225 479 256 155 318 226 187 514 232 318 285 364 479 540 53 198 183 251 512 373 290 337 483 534 165 220 306 162 408 339 310 447 189 32
543 268 663 62 257 228 372 391 0 195 287 575 199 121 566 465 530 199 324 139 403 529 595 43 131 206 356 223 284 158 199 674 583 548 134 180 252 391 518 473 579 510 620 186 235 387
599 368 710 155 327 275 471 444 195 0 369 654 278 191 597 512 611 278 293 209 485 611 642 190 306 127 438 270 363 206 374 643 647 630 310 122 299 473 599 520 661 592 664 58 282 448
288 108 461 333 492 215 211 136 287 369 0 320 121 375 364 263 275 122 227 410 148 274 393 261 375 465 102 210 99 176 428 481 328 294 379 451 202 136 263 271 324 256 418 372 221 132
137 369 165 620 732 403 451 296 575 654 320 0 408 662 195 247 102 409 396 697 301 102 97 548 638 749 322 408 386 460 668 214 78 84 651 738 375 289 90 154 423 409 122 656 399 300
376 190 540 245 419 124 293 225 199 278 121 408 0 287 444 343 363 64 220 322 237 363 473 173 287 374 190 119 115 85 356 554 416 382 291 363 148 225 351 350 413 344 498 281 130 221
630 356 750 81 164 316 459 479 121 191 375 662 287 0 653 553 617 286 411 47 490 617 682 130 127 117 444 311 372 246 195 762 670 636 130 88 339 478 605 560 666 598 708 182 322 474
148 419 251 611 781 362 500 256 566 597 364 195 444 653 0 132 224 445 322 689 351 224 111 537 654 693 281 367 352 420 718 138 189 243 658 687 334 339 213 123 527 458 87 600 358 260
192 318 303 510 681 261 399 155 465 512 263 247 343 553 132 0 269 344 255 588 250 268 222 437 553 608 180 266 251 319 617 249 241 288 557 603 233 238 257 113 426 357 199 515 258 159
92 324 253 575 687 425 406 318 530 611 275 102 363 617 224 269 0 364 418 653 256 20 185 503 593 707 324 430 341 418 623 303 111 76 606 693 397 244 16 176 416 364 211 614 421 322
377 191 541 244 419 123 294 226 199 278 122 409 64 286 445 344 364 0 219 322 238 364 474 172 287 374 191 119 116 84 355 555 417 383 291 362 147 226 352 351 414 345 499 280 130 221
342 296 453 369 544 162 399 187 324 293 227 396 220 411 322 255 418 219 0 447 343 418 385 295 412 388 213 167 152 178 480 368 390 437 416 383 134 331 407 262 519 450 389 295 158 191
713 439 833 147 127 399 542 562 187 257 458 745 370 95 737 636 700 370 495 0 574 700 766 214 210 183 527 394 455 329 278 845 753 719 214 154 423 562 688 643 750 681 791 248 406 558
269 198 443 448 461 330 180 232 403 485 148 301 237 464 351 250 256 238 343 500 0 256 375 376 367 566 198 325 214 291 398 468 309 275 381 540 317 91 245 253 207 138 401 487 337 228
92 324 253 574 686 424 405 318 529 611 274 102 363 617 224 268 20 364 418 652 256 0 185 502 592 707 324 429 340 417 623 302 110 76 606 693 396 244 19 176 415 363 210 613 420 322
127 443 153 640 806 391 525 285 595 642 393 97 473 682 111 222 185 474 385 718 375 185 0 566 683 738 310 396 381 449 742 130 91 167 687 733 363 363 174 143 506 483 80 645 387 289
516 242 634 88 263 200 345 364 43 190 261 548 173 130 537 437 503 172 295 166 376 502 566 0 131 232 330 195 258 130 199 646 556 522 135 206 224 364 491 444 552 484 592 192 206 360
630 356 751 176 148 316 459 479 131 306 375 663 287 127 654 553 618 287 412 162 491 617 683 131 0 232 444 311 372 246 84 762 671 636 131 203 340 479 606 561 667 598 708 297 323 475
695 458 806 166 252 371 561 540 206 127 465 749 374 117 693 608 707 374 388 135 580 707 738 232 232 0 534 366 459 301 301 739 743 726 236 48 395 568 695 616 757 688 760 118 378 544
267 157 378 402 541 219 260 53 356 438 102 322 190 444 281 180 324 191 213 479 198 324 310 330 444 534 0 224 168 245 478 398 316 343 448 520 191 186 312 188 374 305 336 441 215 49
353 279 464 269 443 29 382 198 223 270 210 408 119 311 367 266 430 119 167 346 325 429 396 195 311 366 224 0 159 77 380 477 402 448 315 361 53 313 418 274 502 433 421 273 36 202
338 168 449 329 504 155 271 183 284 363 99 386 115 372 352 251 341 116 152 407 214 340 381 258 372 459 168 159 0 170 441 462 386 360 376 448 126 202 329 259 390 322 406 366 151 187
405 245 516 204 378 82 348 251 158 206 176 460 85 246 420 319 418 84 178 281 291 417 449 130 246 301 245 77 170 0 315 528 454 437 250 296 106 279 406 326 467 399 474 208 89 255
758 484 878 192 97 444 587 607 232 302 503 790 415 140 782 681 745 415 540 136 619 745 811 259 255 202 572 439 500 374 0 890 798 764 259 199 468 607 733 688 795 726 836 293 451 603
236 536 270 720 894 473 617 373 674 643 481 214 554 762 138 249 303 555 368 797 468 302 130 646 762 739 398 477 462 528 831 0 208 284 766 733 444 456 291 240 623 575 106 646 469 377
132 377 159 628 740 397 459 290 583 647 328 78 416 670 189 241 111 417 390 706 309 110 91 556 646 743 316 402 386 454 676 208 0 92 659 738 368 297 99 148 432 417 116 650 393 294
111 343 235 594 678 444 397 337 548 630 294 84 382 636 243 288 76 383 437 671 275 76 167 522 584 726 343 448 360 437 614 284 92 0 597 712 415 263 64 195 355 355 192 633 440 341
634 360 755 180 231 320 463 483 134 310 379 666 291 130 658 557 622 291 416 166 495 621 687 135 131 236 448 315 376 250 167 766 675 640 0 207 344 483 610 564 671 602 712 301 327 479
689 432 800 140 223 366 535 534 180 122 451 738 363 88 687 603 693 362 383 106 566 693 733 206 203 48 520 361 448 296 271 733 738 712 207 0 390 554 681 610 743 674 754 113 372 539
320 271 431 297 472 48 374 165 252 299 202 375 148 339 334 233 397 147 134 375 317 396 363 224 340 395 191 53 126 106 408 444 368 415 344 390 0 305 385 241 493 424 388 302 45 169
257 186 431 436 474 318 193 220 391 473 136 289 225 476 339 238 244 226 331 512 91 244 363 364 380 568 186 313 202 279 410 456 297 263 393 553 305 0 233 241 220 151 389 475 325 216
80 313 241 563 675 413 394 306 518 599 263 90 351 605 213 257 16 352 407 641 245 19 174 491 581 695 312 418 329 406 611 291 99 64 594 681 385 233 0 165 404 352 199 602 409 310
100 321 211 518 683 269 402 162 473 520 271 154 350 560 123 113 176 351 262 595 253 176 143 444 561 616 188 274 259 326 620 240 148 195 564 610 241 241 165 0 429 360 168 522 265 166
445 305 574 593 541 506 260 408 547 659 324 423 413 543 527 426 416 414 519 579 207 415 506 533 447 646 374 502 390 467 477 623 432 355 460 620 493 220 404 429 0 218 532 662 513 404
441 117 615 405 353 387 72 295 360 471 211 473 294 356 522 422 428 295 400 391 301 428 547 345 259 458 261 383 271 348 289 640 481 447 272 432 374 289 416 424 477 0 572 474 394 291
152 469 179 665 831 417 550 310 620 664 418 122 498 708 87 199 211 499 389 743 401 210 80 592 708 760 336 421 406 474 767 106 116 192 712 754 388 389 199 168 532 508 0 667 413 314
601 370 713 145 318 278 473 447 186 58 372 656 281 182 600 515 614 280 295 200 487 613 645 192 297 118 441 273 366 208 366 646 650 633 301 113 302 475 602 522 663 595 667 0 285 451
344 290 455 280 455 31 394 189 235 282 221 399 130 322 358 258 421 130 158 358 337 420 387 206 323 378 215 36 151 89 391 469 393 440 327 372 45 325 409 265 513 444 413 285 0 193
245 188 356 432 572 197 291 32 387 448 132 300 221 474 260 159 322 221 191 510 228 322 289 360 475 544 49 202 187 255 508 377 294 341 479 539 169 216 310 166 404 335 314 451 193 0
EOF