NAME : tsp_problem
TYPE : TSP
DIMENSION : 48
EDGE_WEIGHT_TYPE : EXPLICIT
EDGE_WEIGHT_FORMAT : FULL_MATRIX
EDGE_WEIGHT_SECTION
0 1853 1830 3058 926 969 1212 1165 595 1816 204 1357 2037 1556 2133 2248 1607 256 1566 3060 1918 2348 2223 1332 1843 1629 359 1829 1799 2129 1002 2046 2338 740 1667 1819 1298 2108 589 2152 1829 1642 2062 86 2486 1200 2132 2257
1925 0 890 1414 997 1116 1077 960 2413 876 2093 989 1097 455 1193 1308 557 2145 353 1415 212 1407 1282 712 903 259 2248 63 142 1189 1083 1106 1398 2557 727 878 679 1168 2407 1212 116 526 1121 1917 1546 995 1191 1316
1902 890 0 1962 975 1093 1054 937 2391 82 2070 967 346 650 685 606 492 2123 710 1964 898 900 532 536 239 789 2225 852 957 438 1060 355 890 2535 328 284 567 411 2385 704 852 403 613 1894 1038 972 434 809
3131 1414 1962 0 2203 2322 2282 2165 3619 1948 3299 2195 2169 1594 2265 2380 1629 3351 1521 475 1334 2480 2354 1907 1975 1469 3453 1376 1452 2261 2288 2178 2470 3763 1799 1951 1884 2240 3613 2284 1326 1598 2194 3123 2618 2200 2264 2389
999 997 975 2203 0 263 402 268 1487 961 1167 547 1182 700 1278 1393 751 1219 711 2204 1062 1492 1367 477 988 773 1322 974 944 1274 297 1191 1483 1631 812 963 443 1253 1481 1297 974 786 1206 991 1631 345 1276 1401
1041 1116 1093 2322 263 0 282 236 1529 1079 1209 426 1301 819 1396 1512 870 1261 829 2323 1181 1611 1486 596 1107 892 1364 1093 1063 1392 54 1310 1601 1674 930 1082 562 1372 1524 1415 1093 905 1325 1033 1750 464 1395 1520
1285 1077 1054 2282 402 282 0 213 1773 1040 1453 199 1261 780 1357 1472 831 1505 790 2284 1142 1572 1447 557 1068 853 1607 1054 1024 1353 248 1270 1562 1917 891 1043 523 1332 1767 1376 1053 866 1286 1277 1710 442 1356 1481
1237 960 937 2165 268 236 213 0 1725 923 1405 358 1144 663 1240 1355 714 1457 673 2167 1025 1455 1330 439 950 736 1560 936 906 1236 202 1153 1445 1870 774 926 406 1215 1719 1259 936 749 1169 1229 1593 308 1239 1364
595 2341 2318 3546 1415 1457 1701 1653 0 2304 742 1845 2525 2044 2621 2736 2095 634 2054 3548 2406 2836 2711 1821 2332 2117 897 2318 2288 2617 1491 2534 2826 208 2155 2307 1787 2596 152 2640 2317 2130 2550 587 2974 1688 2620 2745
1888 876 82 1948 961 1079 1040 923 2377 0 2056 953 338 636 677 598 478 2109 696 1950 884 891 524 522 231 775 2211 838 943 430 1046 347 882 2521 314 270 553 402 2371 696 838 389 605 1880 1030 958 426 800
204 2021 1998 3226 1094 1137 1380 1333 742 1984 0 1525 2205 1724 2301 2416 1775 197 1734 3228 2086 2516 2391 1500 2011 1797 272 1997 1967 2297 1170 2214 2506 886 1835 1987 1467 2276 736 2320 1997 1810 2230 211 2654 1368 2300 2425
1429 989 967 2195 547 426 199 358 1917 953 1597 0 1174 693 1270 1385 744 1649 703 2197 1055 1485 1360 469 980 766 1752 966 936 1266 393 1183 1475 2062 804 956 435 1245 1911 1289 966 779 1199 1421 1623 586 1269 1394
2110 1097 346 2169 1182 1301 1261 1144 2598 338 2278 1174 0 857 680 470 700 2330 917 2171 1105 743 291 743 235 996 2432 1059 1164 197 1267 200 733 2742 409 285 774 264 2592 547 1059 610 609 2102 882 1179 246 652
1628 455 650 1594 700 819 780 663 2116 636 1796 693 857 0 953 1068 248 1848 168 1596 520 1167 1042 403 663 231 1951 431 401 949 786 866 1158 2261 487 638 381 928 2110 972 431 286 881 1620 1306 698 951 1076
2205 1193 685 2265 1278 1396 1357 1240 2694 677 2373 1270 680 953 0 533 795 2426 1013 2266 1201 633 736 839 486 1092 2528 1155 1260 619 1363 689 623 2838 504 494 870 751 2688 437 1155 706 246 2197 771 1275 765 542
2321 1308 606 2380 1393 1512 1472 1355 2809 598 2489 1385 470 1068 533 0 911 2541 1128 2382 1316 507 464 954 495 1207 2643 1270 1375 346 1478 478 497 2953 620 545 985 510 2803 311 1270 821 427 2313 645 1390 492 416
1679 557 492 1629 751 870 831 714 2167 478 1847 744 700 248 795 911 0 1899 353 1631 565 1010 885 312 506 416 2002 519 586 791 837 709 1000 2312 329 481 344 771 2161 814 519 198 724 1671 1149 749 794 919
256 2073 2050 3278 1147 1189 1432 1385 634 2036 197 1577 2257 1776 2353 2468 1827 0 1786 3280 2138 2568 2443 1553 2064 1849 352 2050 2020 2349 1223 2266 2558 778 1887 2039 1519 2328 628 2372 2049 1862 2282 263 2706 1420 2352 2477
1638 353 710 1521 711 829 790 673 2127 696 1806 703 917 168 1013 1128 353 1859 0 1523 418 1227 1102 426 723 129 1961 329 299 1009 796 926 1218 2271 547 698 392 988 2121 1032 329 346 941 1630 1366 708 1012 1136
3132 1415 1964 475 2204 2323 2284 2167 3621 1950 3300 2197 2171 1596 2266 2382 1631 3353 1523 0 1336 2481 2356 1908 1977 1471 3455 1378 1453 2263 2290 2180 2472 3765 1801 1952 1886 2242 3615 2286 1328 1600 2195 3124 2620 2202 2265 2390
1990 212 898 1334 1062 1181 1142 1025 2478 884 2158 1055 1105 520 1201 1316 565 2210 418 1336 0 1416 1290 778 911 317 2313 174 150 1197 1148 1114 1406 2623 735 887 744 1176 2473 1220 124 534 1130 1982 1554 1060 1200 1325
2420 1407 900 2480 1492 1611 1572 1455 2908 891 2588 1485 743 1167 633 507 1010 2640 1227 2481 1416 0 710 1053 701 1306 2743 1370 1475 592 1578 727 516 3053 719 709 1085 755 2902 330 1370 921 526 2412 173 1490 738 435
2295 1282 532 2354 1367 1486 1447 1330 2783 524 2463 1360 291 1042 736 464 885 2515 1102 2356 1290 710 0 928 420 1181 2618 1245 1350 164 1453 275 700 2928 594 470 960 303 2777 514 1245 796 630 2287 848 1365 286 619
1405 712 536 1907 477 596 557 439 1893 522 1573 469 743 403 839 954 312 1625 426 1908 778 1053 928 0 549 489 1728 689 659 835 562 752 1044 2037 373 524 57 814 1887 858 689 348 767 1397 1192 475 837 962
1916 903 239 1975 988 1107 1068 950 2404 231 2084 980 235 663 486 495 506 2136 723 1977 911 701 420 549 0 802 2239 866 970 327 1073 244 691 2548 215 91 581 306 2398 505 865 416 415 1908 840 986 329 610
1701 259 789 1469 773 892 853 736 2189 775 1869 766 996 231 1092 1207 416 1921 129 1471 317 1306 1181 489 802 0 2024 221 218 1088 859 1005 1297 2334 626 777 455 1067 2184 1111 221 425 1020 1693 1445 771 1091 1215
359 2175 2153 3381 1249 1292 1535 1487 897 2139 272 1679 2360 1878 2456 2571 1929 352 1889 3383 2241 2670 2545 1655 2166 1952 0 2152 2122 2452 1325 2369 2661 1041 1990 2142 1621 2431 891 2475 2152 1965 2384 366 2809 1523 2455 2579
1902 63 852 1376 974 1093 1054 936 2390 838 2070 966 1059 431 1155 1270 519 2122 329 1378 174 1370 1245 689 866 221 2225 0 131 1151 1059 1068 1360 2534 689 841 655 1130 2384 1174 79 489 1084 1894 1508 972 1154 1279
1872 142 957 1452 944 1063 1024 906 2360 943 2040 936 1164 401 1260 1375 586 2092 299 1453 150 1475 1350 659 970 218 2194 131 0 1256 1029 1173 1465 2504 794 946 625 1235 2354 1279 183 594 1189 1864 1613 942 1259 1384
2201 1189 438 2261 1274 1392 1353 1236 2690 430 2369 1266 197 949 619 346 791 2422 1009 2263 1197 592 164 835 327 1088 2524 1151 1256 0 1359 182 582 2834 501 377 866 210 2684 396 1151 702 512 2193 731 1271 192 501
1075 1083 1060 2288 297 54 248 202 1563 1046 1243 393 1267 786 1363 1478 837 1295 796 2290 1148 1578 1453 562 1073 859 1397 1059 1029 1359 0 1276 1568 1707 897 1049 529 1338 1557 1382 1059 872 1292 1067 1716 431 1362 1487
2118 1106 355 2178 1191 1310 1270 1153 2607 347 2286 1183 200 866 689 478 709 2339 926 2180 1114 727 275 752 244 1005 2441 1068 1173 182 1276 0 718 2751 418 294 783 248 2601 532 1068 619 618 2110 866 1188 231 636
2410 1398 890 2470 1483 1601 1562 1445 2899 882 2578 1475 733 1158 623 497 1000 2631 1218 2472 1406 516 700 1044 691 1297 2733 1360 1465 582 1568 718 0 3043 710 699 1075 746 2893 321 1360 911 517 2402 644 1480 729 276
740 2485 2462 3691 1559 1601 1845 1797 208 2448 886 1989 2670 2188 2765 2881 2239 778 2198 3692 2550 2980 2855 1965 2476 2261 1041 2462 2432 2761 1635 2679 2971 0 2299 2451 1931 2741 222 2784 2462 2274 2694 732 3119 1832 2764 2889
1739 727 328 1799 812 930 891 774 2228 314 1907 804 409 487 504 620 329 1960 547 1801 735 719 594 373 215 626 2062 689 794 501 897 418 710 2372 0 223 404 480 2222 524 689 240 433 1731 858 809 503 628
1891 878 284 1951 963 1082 1043 926 2379 270 2059 956 285 638 494 545 481 2111 698 1952 887 709 470 524 91 777 2214 841 946 377 1049 294 699 2524 223 0 556 356 2374 513 841 392 423 1883 847 961 380 618
1371 679 567 1884 443 562 523 406 1859 553 1539 435 774 381 870 985 344 1591 392 1886 744 1085 960 57 581 455 1694 655 625 866 529 783 1075 2003 404 556 0 846 1853 889 655 379 799 1363 1223 441 869 994
2181 1168 411 2240 1253 1372 1332 1215 2669 402 2349 1245 264 928 751 510 771 2401 988 2242 1176 755 303 814 306 1067 2503 1130 1235 210 1338 248 746 2813 480 356 846 0 2663 560 1130 681 675 2173 894 1251 99 664
589 2335 2312 3541 1409 1451 1695 1647 152 2298 736 1839 2519 2038 2615 2730 2089 628 2048 3542 2400 2830 2705 1815 2326 2111 891 2312 2282 2611 1485 2528 2820 222 2149 2301 1781 2591 0 2634 2311 2124 2544 581 2968 1682 2614 2739
2224 1212 704 2284 1297 1415 1376 1259 2713 696 2392 1289 547 972 437 311 814 2445 1032 2286 1220 330 514 858 505 1111 2547 1174 1279 396 1382 532 321 2857 524 513 889 560 2707 0 1174 725 331 2216 448 1294 542 239
1902 116 852 1326 974 1093 1053 936 2390 838 2070 966 1059 431 1155 1270 519 2122 329 1328 124 1370 1245 689 865 221 2224 79 183 1151 1059 1068 1360 2534 689 841 655 1130 2384 1174 0 488 1084 1894 1508 971 1154 1279
1714 526 403 1598 786 905 866 749 2203 389 1882 779 610 286 706 821 198 1935 346 1600 534 921 796 348 416 425 2037 489 594 702 872 619 911 2347 240 392 379 681 2197 725 488 0 635 1706 1059 784 705 830
2134 1121 613 2194 1206 1325 1286 1169 2622 605 2302 1199 609 881 246 427 724 2354 941 2195 1130 526 630 767 415 1020 2457 1084 1189 512 1292 618 517 2767 433 423 799 675 2616 331 1084 635 0 2126 665 1204 658 435
86 1845 1822 3050 918 961 1204 1157 587 1808 211 1349 2029 1548 2125 2240 1599 263 1558 3052 1910 2340 2215 1324 1835 1621 366 1821 1791 2121 994 2038 2330 732 1659 1811 1291 2100 581 2144 1821 1634 2054 0 2478 1192 2124 2249
2559 1546 1038 2618 1631 1750 1710 1593 3047 1030 2727 1623 882 1306 771 645 1149 2779 1366 2620 1554 173 848 1192 840 1445 2881 1508 1613 731 1716 866 644 3191 858 847 1223 894 3041 448 1508 1059 665 2551 0 1628 877 536
1272 995 972 2200 345 464 442 308 1760 958 1440 586 1179 698 1275 1390 749 1492 708 2202 1060 1490 1365 475 986 771 1595 972 942 1271 431 1188 1480 1905 809 961 441 1251 1755 1294 971 784 1204 1264 1628 0 1274 1399
2204 1191 434 2264 1276 1395 1356 1239 2692 426 2372 1269 246 951 765 492 794 2424 1012 2265 1200 738 286 837 329 1091 2527 1154 1259 192 1362 231 729 2837 503 380 869 99 2687 542 1154 705 658 2196 877 1274 0 647
2329 1316 809 2389 1401 1520 1481 1364 2817 800 2497 1394 652 1076 542 416 919 2549 1136 2390 1325 435 619 962 610 1215 2652 1279 1384 501 1487 636 276 2962 628 618 994 664 2811 239 1279 830 435 2321 536 1399 647 0
EOF