NAME : tsp_problem
TYPE : TSP
DIMENSION : 38
EDGE_WEIGHT_TYPE : EXPLICIT
EDGE_WEIGHT_FORMAT : FULL_MATRIX
EDGE_WEIGHT_SECTION
0 1386 1446 1728 212 912 1712 1753 227 860 2262 1897 540 1356 268 1302 1387 1764 1263 1125 660 910 1297 1393 1433 1596 949 1687 160 1592 1490 223 736 1260 1514 1310 1405 1064
1314 0 2396 2677 1339 1862 877 2703 1164 1809 3212 2847 1488 185 1081 489 2337 2713 286 2074 1609 1859 483 2342 2383 2546 1898 2637 1381 758 2439 1160 1686 2209 2463 2259 2355 2014
1446 2468 0 521 1314 1143 2794 546 1488 961 2215 690 1361 2438 1420 2384 482 557 2345 514 1481 909 2379 89 359 389 1080 480 1323 2674 282 1482 980 554 535 507 99 1271
1728 2750 521 0 1595 1424 3075 86 1770 1243 2497 186 1642 2719 1701 2665 760 76 2626 796 1762 1191 2660 568 638 588 1361 132 1604 2955 481 1764 1261 833 814 785 578 1553
212 1411 1314 1595 0 780 1737 1621 220 727 2130 1765 407 1381 293 1327 1255 1631 1288 992 528 777 1322 1260 1301 1464 816 1555 88 1617 1357 214 604 1128 1381 1177 1273 932
912 1934 1143 1424 780 0 2259 1450 954 251 1416 1594 827 1904 886 1850 1084 1460 1811 821 947 301 1844 1089 1130 1293 83 1384 789 2140 1186 948 609 956 1210 1006 1102 180
1639 877 2721 3002 1664 2187 0 3028 1489 2135 3537 3172 1814 847 1406 490 2662 3039 614 2400 1934 2184 490 2667 2708 2871 2223 2962 1707 260 2764 1485 2011 2535 2788 2584 2680 2339
1753 2775 546 86 1621 1450 3100 0 1795 1268 2522 228 1668 2745 1727 2691 786 93 2652 821 1788 1216 2685 593 663 613 1387 82 1630 2981 506 1789 1287 858 840 811 604 1578
227 1236 1488 1770 220 954 1561 1795 0 902 2304 1939 582 1206 118 1152 1429 1806 1113 1167 702 952 1146 1435 1475 1638 991 1729 262 1442 1531 56 778 1302 1556 1351 1447 1106
860 1882 961 1243 727 251 2207 1268 902 0 1494 1412 774 1851 833 1798 902 1279 1758 640 894 83 1792 908 948 1111 288 1202 736 2088 1005 896 535 775 1029 825 920 403
2262 3284 2215 2497 2130 1416 3610 2522 2304 1494 0 2666 2177 3254 2236 3200 2156 2533 3161 1894 2297 1442 3195 2162 2202 2365 1348 2456 2139 3490 2259 2298 1939 2029 2283 2079 2174 1383
1897 2919 690 186 1765 1594 3244 228 1939 1412 2666 0 1812 2889 1871 2835 930 217 2796 965 1932 1360 2829 737 807 757 1531 274 1774 3125 650 1933 1431 1002 984 955 748 1722
540 1561 1361 1642 407 827 1886 1668 582 774 2177 1812 0 1530 512 1477 1302 1678 1437 1039 428 824 1471 1307 1348 1511 863 1602 416 1767 1404 576 651 1174 1428 1224 1320 979
1283 185 2365 2647 1309 1831 847 2672 1133 1779 3181 2816 1458 0 1051 458 2306 2683 255 2044 1578 1829 453 2312 2352 2515 1868 2606 1351 727 2409 1129 1655 2179 2433 2229 2324 1983
268 1154 1420 1701 293 886 1479 1727 118 833 2236 1871 512 1123 0 1069 1361 1737 1030 1098 633 883 1064 1366 1407 1570 922 1661 336 1359 1463 114 710 1234 1487 1283 1379 1038
1230 489 2312 2593 1255 1778 490 2619 1080 1725 3128 2763 1404 458 997 0 2252 2629 239 1990 1524 1775 89 2258 2299 2462 1814 2553 1297 371 2355 1075 1602 2125 2379 2175 2271 1929
1387 2409 482 760 1255 1084 2734 786 1429 902 2156 930 1302 2379 1361 2325 0 797 2286 301 1422 850 2319 529 389 629 1021 720 1264 2615 522 1423 921 216 219 118 539 1212
1764 2786 557 76 1631 1460 3111 93 1806 1279 2533 217 1678 2755 1737 2702 797 0 2662 832 1799 1227 2696 604 674 624 1397 93 1640 2992 517 1800 1298 869 850 822 614 1589
1191 286 2273 2554 1216 1738 614 2579 1040 1686 3089 2723 1365 255 958 239 2213 2590 0 1951 1485 1736 238 2219 2259 2423 1775 2513 1258 494 2316 1036 1563 2086 2340 2136 2232 1890
1125 2147 514 796 992 821 2472 821 1167 640 1894 965 1039 2116 1098 2063 301 832 2023 0 1160 588 2057 461 348 664 758 755 1001 2353 557 1161 659 174 428 224 473 950
660 1681 1481 1762 528 947 2006 1788 702 894 2297 1932 428 1651 633 1597 1422 1799 1558 1160 0 944 1591 1427 1468 1631 983 1722 537 1887 1524 696 771 1295 1548 1344 1440 1099
910 1932 909 1191 777 301 2257 1216 952 83 1442 1360 824 1901 883 1847 850 1227 1808 588 944 0 1842 856 896 1059 306 1150 786 2137 952 946 585 723 977 773 868 453
1224 483 2306 2587 1249 1772 490 2613 1074 1720 3122 2757 1399 453 991 89 2247 2624 238 1985 1519 1769 0 2252 2293 2456 1808 2547 1292 370 2349 1070 1596 2120 2373 2169 2265 1924
1393 2415 89 568 1260 1089 2740 593 1435 908 2162 737 1307 2384 1366 2330 529 604 2291 461 1427 856 2325 0 406 436 1026 527 1269 2620 329 1429 927 596 582 554 71 1218
1433 2455 359 638 1301 1130 2780 663 1475 948 2202 807 1348 2425 1407 2371 389 674 2332 348 1468 896 2365 406 0 506 1067 597 1310 2661 400 1469 967 262 506 311 417 1258
1596 2618 389 588 1464 1293 2943 613 1638 1111 2365 757 1511 2588 1570 2534 629 624 2495 664 1631 1059 2528 436 506 0 1230 547 1473 2824 200 1632 1130 701 683 654 447 1421
949 1971 1080 1361 816 83 2296 1387 991 288 1348 1531 863 1940 922 1886 1021 1397 1847 758 983 306 1881 1026 1067 1230 0 1321 825 2176 1123 985 645 893 1147 943 1039 235
1687 2709 480 132 1555 1384 3034 82 1729 1202 2456 274 1602 2679 1661 2625 720 93 2586 755 1722 1150 2619 527 597 547 1321 0 1564 2915 440 1723 1221 792 774 745 538 1512
160 1454 1323 1604 88 789 1779 1630 262 736 2139 1774 416 1423 336 1370 1264 1640 1331 1001 537 786 1364 1269 1310 1473 825 1564 0 1660 1366 257 613 1136 1390 1186 1282 941
1520 758 2602 2883 1545 2067 260 2908 1370 2015 3418 3053 1694 727 1287 371 2542 2919 494 2280 1814 2065 370 2548 2589 2752 2104 2842 1587 0 2645 1365 1892 2415 2669 2465 2561 2219
1490 2511 282 481 1357 1186 2837 506 1531 1005 2259 650 1404 2481 1463 2427 522 517 2388 557 1524 952 2422 329 400 200 1123 440 1366 2717 0 1526 1023 594 576 547 340 1314
223 1232 1482 1764 214 948 1557 1789 56 896 2298 1933 576 1202 114 1148 1423 1800 1109 1161 696 946 1142 1429 1469 1632 985 1723 257 1438 1526 0 772 1296 1550 1346 1441 1100
736 1758 980 1261 604 609 2083 1287 778 535 1939 1431 651 1728 710 1674 921 1298 1635 659 771 585 1668 927 967 1130 645 1221 613 1964 1023 772 0 794 1048 843 939 761
1260 2282 554 833 1128 956 2607 858 1302 775 2029 1002 1174 2251 1234 2198 216 869 2159 174 1295 723 2192 596 262 701 893 792 1136 2488 594 1296 794 0 342 138 608 1085
1514 2536 535 814 1381 1210 2861 840 1556 1029 2283 984 1428 2505 1487 2451 219 850 2412 428 1548 977 2446 582 506 683 1147 774 1390 2741 576 1550 1048 342 0 244 593 1339
1310 2331 507 785 1177 1006 2657 811 1351 825 2079 955 1224 2301 1283 2247 118 822 2208 224 1344 773 2242 554 311 654 943 745 1186 2537 547 1346 843 138 244 0 564 1135
1405 2427 99 578 1273 1102 2753 604 1447 920 2174 748 1320 2397 1379 2343 539 614 2304 473 1440 868 2338 71 417 447 1039 538 1282 2633 340 1441 939 608 593 564 0 1230
1064 2086 1271 1553 932 180 2411 1578 1106 403 1383 1722 979 2056 1038 2002 1212 1589 1963 950 1099 453 1996 1218 1258 1421 235 1512 941 2292 1314 1100 761 1085 1339 1135 1230 0
EOF