NAME : tsp_problem
TYPE : TSP
DIMENSION : 22
EDGE_WEIGHT_TYPE : EXPLICIT
EDGE_WEIGHT_FORMAT : FULL_MATRIX
EDGE_WEIGHT_SECTION
0 606 364 416 420 355 420 417 606 462 606 206 419 46 166 356 417 388 202 325 606 962
782 0 849 376 380 279 381 378 71 221 70 648 380 746 609 279 377 958 645 810 70 721
364 669 0 680 684 583 684 682 669 468 669 542 683 328 524 583 681 326 538 477 669 917
591 376 659 0 57 126 56 58 376 232 376 458 57 555 419 126 59 768 454 619 376 732
595 380 663 57 0 129 58 60 380 236 380 462 59 559 423 130 60 771 458 623 380 736
531 279 598 126 129 0 130 127 279 135 279 398 129 495 358 56 127 707 394 559 279 635
595 381 663 56 58 130 0 60 381 237 381 462 59 560 423 130 60 772 459 624 380 737
592 378 660 58 60 127 60 0 378 234 378 459 61 557 420 127 62 769 456 621 378 734
782 71 849 376 380 279 381 378 0 221 70 648 380 746 609 279 377 958 645 810 70 721
637 221 705 232 236 135 237 234 221 0 221 504 235 602 465 135 233 814 501 666 221 520
781 70 849 376 380 279 381 378 70 221 0 648 379 746 609 279 377 958 645 810 70 721
390 647 457 457 460 396 461 458 647 503 647 0 460 354 62 396 458 566 68 418 647 1003
594 380 662 57 59 129 59 61 380 235 379 461 0 558 422 129 61 771 457 622 379 735
46 647 328 456 460 396 461 458 647 494 647 246 460 0 207 396 457 352 242 289 647 944
372 608 440 417 421 357 421 419 608 464 607 62 420 336 0 357 418 549 58 400 607 963
531 279 599 126 130 56 130 127 279 135 279 398 129 495 358 0 127 707 394 559 279 635
592 377 660 59 60 127 60 62 377 233 377 459 61 556 420 127 0 769 455 620 377 733
184 742 542 552 556 492 556 553 742 598 742 342 555 224 302 492 553 0 338 503 742 1098
386 643 454 453 457 392 457 454 643 499 643 68 456 350 58 393 454 563 0 414 643 999
449 754 104 766 770 668 770 767 754 553 754 628 769 414 610 668 767 411 624 0 754 1003
781 70 849 376 380 279 380 378 70 221 70 648 379 746 609 279 377 958 645 810 0 721
1140 724 1208 735 739 638 740 737 724 523 724 1007 738 1105 968 638 736 1317 1004 1169 724 0
EOF