NAME : tsp_problem
TYPE : TSP
DIMENSION : 40
EDGE_WEIGHT_TYPE : EXPLICIT
EDGE_WEIGHT_FORMAT : FULL_MATRIX
EDGE_WEIGHT_SECTION
0 231 460 509 499 278 522 272 517 363 506 307 262 191 491 345 95 832 402 170 493 435 346 357 357 193 521 358 330 423 273 346 506 305 343 524 491 514 513 87
139 0 306 356 346 87 368 81 364 209 353 153 226 156 337 192 146 634 190 90 281 282 182 204 259 158 367 204 176 269 60 133 352 114 190 370 337 361 360 138
421 344 0 515 505 306 527 309 523 369 512 280 463 475 497 296 429 400 180 416 101 152 279 363 355 477 527 232 336 428 307 239 512 276 294 530 497 520 519 421
371 356 415 0 104 424 44 419 122 184 31 262 505 434 56 301 378 787 361 369 452 391 520 187 597 436 125 313 210 139 319 305 110 452 299 46 96 36 118 370
361 346 405 104 0 414 116 408 86 174 101 252 495 424 86 291 368 777 351 359 442 381 510 177 587 426 82 303 200 129 309 294 73 442 289 118 77 109 82 360
186 87 374 424 414 0 436 30 432 278 421 222 273 203 406 260 193 596 221 137 243 250 123 272 200 205 436 272 245 337 128 202 421 59 258 439 406 429 428 185
383 368 427 44 116 436 0 431 134 197 43 274 517 446 68 313 390 800 373 381 464 403 532 199 609 448 137 325 222 152 331 317 123 464 311 58 108 49 130 382
180 81 369 419 408 30 431 0 426 272 416 216 268 197 400 255 188 600 224 131 246 253 126 267 203 199 430 267 239 332 123 196 415 58 252 433 400 424 422 180
379 364 423 122 86 432 134 426 0 192 119 270 513 442 104 309 386 795 369 377 460 399 528 195 605 444 75 321 218 147 327 312 66 460 307 136 70 127 75 378
224 209 268 184 174 278 197 272 192 0 181 116 358 288 166 154 232 641 215 222 306 244 374 57 450 290 196 166 63 98 173 158 181 305 152 199 166 189 188 223
368 353 412 31 101 421 43 416 119 181 0 259 502 431 55 298 375 784 358 366 449 388 517 184 594 433 122 310 207 136 316 302 108 449 296 45 93 36 115 367
168 153 177 262 252 222 274 216 270 116 259 0 303 232 244 63 176 550 159 167 217 153 318 110 394 234 274 75 83 175 117 102 259 249 61 277 244 267 266 168
262 226 455 505 495 273 517 268 513 358 502 303 0 106 487 341 270 753 378 165 400 407 223 353 139 108 516 353 325 418 268 341 502 277 339 519 487 510 509 261
191 156 384 434 424 203 446 197 442 288 431 232 106 0 416 270 199 757 327 95 412 360 235 282 217 43 446 282 255 347 198 271 431 230 268 449 416 439 438 191
352 337 396 56 86 406 68 400 104 166 55 244 487 416 0 282 360 769 343 351 434 372 502 168 578 418 107 294 191 121 301 286 92 433 280 70 77 61 99 352
207 192 142 301 291 260 313 255 309 154 298 63 341 270 282 0 214 515 197 205 215 169 356 149 433 272 312 91 121 214 155 141 297 288 47 315 282 306 305 206
243 207 436 486 476 254 498 249 494 339 483 284 239 168 468 322 0 809 379 146 470 412 323 334 334 170 497 334 306 399 249 322 482 282 320 500 468 491 490 242
279 264 189 373 363 333 385 327 381 227 370 136 413 343 355 101 287 0 270 277 262 241 429 221 505 345 384 164 194 286 228 213 370 360 103 387 355 378 377 279
267 190 311 361 351 221 373 224 369 215 358 159 378 327 343 197 275 471 0 262 117 124 193 209 270 329 372 204 182 274 153 85 358 191 195 375 343 366 365 267
126 90 319 369 359 137 381 131 377 222 366 167 165 95 351 205 133 692 262 0 353 295 233 217 261 97 380 217 189 282 132 205 365 164 203 383 351 374 373 125
358 281 347 452 442 243 464 246 460 306 449 217 400 412 434 233 366 391 117 353 0 89 216 300 292 414 464 169 273 365 244 176 449 213 231 467 434 457 456 358
296 282 283 391 381 250 403 253 399 244 388 153 407 360 372 169 304 443 124 295 89 0 223 239 299 362 402 105 211 304 245 183 387 220 167 405 372 396 395 296
282 182 470 520 510 123 532 126 528 374 517 318 223 235 502 356 289 569 193 233 216 223 0 368 115 237 531 302 341 433 224 252 517 93 354 534 502 525 524 281
219 204 263 187 177 272 199 267 195 57 184 110 353 282 168 149 226 636 209 217 300 239 368 0 445 284 198 161 58 100 167 153 183 300 147 201 168 192 191 218
357 259 547 597 587 200 609 203 605 450 594 394 139 217 578 433 365 645 270 261 292 299 115 445 0 219 608 379 417 510 301 328 593 169 431 611 578 602 601 357
193 158 386 436 426 205 448 199 444 290 433 234 108 43 418 272 201 759 329 97 414 362 237 284 219 0 448 284 257 349 200 273 433 232 270 451 418 441 440 193
382 367 426 125 82 436 137 430 75 196 122 274 516 446 107 312 390 799 372 380 464 402 531 198 608 448 0 324 221 151 331 316 62 463 310 140 66 130 71 381
219 204 205 313 303 272 325 267 321 166 310 75 353 282 294 91 226 522 204 217 169 105 302 161 379 284 324 0 133 226 167 153 309 299 89 327 294 318 317 218
191 176 235 210 200 245 222 239 218 63 207 83 325 255 191 121 199 608 182 189 273 211 341 58 417 257 221 133 0 123 140 125 206 272 119 224 191 215 214 190
284 269 328 139 129 337 152 332 147 98 136 175 418 347 121 214 291 701 274 282 365 304 433 100 510 349 151 226 123 0 232 218 136 365 212 154 121 144 143 283
181 60 269 319 309 128 331 123 327 173 316 117 268 198 301 155 188 598 153 132 244 245 224 167 301 200 331 167 140 232 0 97 316 156 153 334 301 324 323 180
210 133 255 305 294 202 317 196 312 158 302 102 341 271 286 141 218 529 85 205 176 183 252 153 328 273 316 153 125 218 97 0 301 229 138 319 286 310 308 210
367 352 411 110 73 421 123 415 66 181 108 259 502 431 92 297 375 784 358 365 449 387 517 183 593 433 62 309 206 136 316 301 0 448 295 125 57 116 62 367
213 114 402 452 442 59 464 58 460 305 449 249 277 230 433 288 221 566 191 164 213 220 93 300 169 232 463 299 272 365 156 229 448 0 285 466 433 457 455 213
204 190 144 299 289 258 311 252 307 152 296 61 339 268 280 47 212 517 195 203 217 167 354 147 431 270 310 89 119 212 153 138 295 285 0 313 280 304 303 204
385 370 429 46 118 439 58 433 136 199 45 277 519 449 70 315 393 802 375 383 467 405 534 201 611 451 140 327 224 154 334 319 125 466 313 0 110 51 132 384
352 337 396 96 77 406 108 400 70 166 93 244 487 416 77 282 360 769 343 351 434 372 502 168 578 418 66 294 191 121 301 286 57 433 280 110 0 101 66 352
376 361 420 36 109 429 49 424 127 189 36 267 510 439 61 306 383 792 366 374 457 396 525 192 602 441 130 318 215 144 324 310 116 457 304 51 101 0 123 375
374 360 419 118 82 428 130 422 75 188 115 266 509 438 99 305 382 791 365 373 456 395 524 191 601 440 71 317 214 143 323 308 62 455 303 132 66 123 0 374
242 207 436 486 476 254 498 248 494 339 483 283 238 168 467 322 250 808 379 146 470 411 323 334 333 170 497 334 306 399 249 322 482 281 319 500 467 491 489 0
EOF