NAME : tsp_problem
TYPE : TSP
DIMENSION : 22
EDGE_WEIGHT_TYPE : EXPLICIT
EDGE_WEIGHT_FORMAT : FULL_MATRIX
EDGE_WEIGHT_SECTION
0 517 530 521 478 527 244 456 482 521 307 102 413 404 371 314 183 248 534 508 189 537
407 0 117 108 86 114 304 514 488 48 307 452 553 416 309 314 363 299 121 95 357 60
420 117 0 46 99 44 318 527 501 121 320 465 566 429 322 328 376 312 52 50 370 137
411 108 46 0 89 43 308 518 491 111 310 456 556 420 312 318 366 303 50 49 361 128
367 86 99 89 0 95 265 475 448 89 267 413 513 377 269 275 323 260 103 76 318 106
417 114 44 43 95 0 314 524 497 118 316 462 563 426 318 324 372 309 48 47 367 134
199 304 318 308 265 314 0 364 337 308 156 179 402 208 158 164 87 149 322 295 81 324
466 514 527 518 475 524 364 0 91 518 292 390 65 475 269 282 416 355 531 505 416 534
440 488 501 491 448 497 337 91 0 491 265 417 92 449 243 256 396 329 505 479 390 508
411 48 121 111 89 118 308 518 491 0 310 456 557 420 312 318 366 303 125 99 361 70
259 307 320 310 267 316 156 292 265 310 0 242 331 268 160 33 215 89 324 298 209 327
349 452 465 456 413 462 179 390 417 456 242 0 348 358 306 249 118 182 469 443 124 472
505 553 566 556 513 563 402 65 92 557 331 348 0 514 308 321 374 381 570 544 380 573
392 514 527 518 475 524 241 453 479 518 304 99 410 0 368 311 180 245 531 505 186 534
261 309 322 312 269 318 158 269 243 312 160 306 308 270 0 168 216 153 326 299 211 329
267 314 328 318 275 324 164 282 256 318 33 249 321 276 168 0 222 96 332 305 217 334
257 363 376 366 323 372 87 416 396 366 215 118 374 266 216 222 0 207 380 354 96 383
251 299 312 303 260 309 149 355 329 303 89 182 381 260 153 96 207 0 316 290 201 319
424 121 52 50 103 48 322 531 505 125 324 469 570 433 326 332 380 316 0 54 374 141
398 95 50 49 76 47 295 505 479 99 298 443 544 407 299 305 354 290 54 0 348 115
252 357 370 361 318 367 81 416 390 361 209 124 380 261 211 217 96 201 374 348 0 377
427 60 137 128 106 134 324 534 508 70 327 472 573 436 329 334 383 319 141 115 377 0
EOF