NAME : tsp_problem
TYPE : TSP
DIMENSION : 44
EDGE_WEIGHT_TYPE : EXPLICIT
EDGE_WEIGHT_FORMAT : FULL_MATRIX
EDGE_WEIGHT_SECTION
0 539 1020 664 854 1148 584 819 207 830 887 561 1251 1175 257 892 391 796 856 83 714 267 1264 1163 683 968 553 744 845 557 1382 848 701 1122 176 1213 802 1048 1098 979 774 83 493 1145
539 0 792 436 1169 919 89 1133 422 1009 658 875 1023 946 343 1155 802 1111 1171 544 1029 322 1088 935 997 1282 868 515 1022 131 1154 620 1015 893 490 984 1117 819 870 1247 545 469 808 917
1020 792 0 409 863 155 744 827 904 683 513 1253 697 621 824 830 1261 1051 992 1026 969 804 762 609 912 1003 995 488 696 688 621 475 1164 360 972 451 1046 55 336 921 518 951 1005 383
664 436 409 0 806 536 388 770 548 626 251 1001 639 563 468 772 928 993 935 670 912 448 705 552 854 946 937 108 638 332 771 213 1107 510 616 601 989 436 486 864 138 595 934 533
855 1170 863 806 0 991 1141 98 1012 370 910 493 507 512 962 65 644 244 223 860 392 904 436 526 243 234 415 885 236 1085 723 872 357 965 700 1056 239 891 941 152 915 786 425 988
1148 919 155 536 991 0 871 955 1031 811 439 1380 824 748 952 957 1388 1178 1120 1153 1096 931 889 736 1039 1131 1122 504 823 815 748 401 1292 487 1100 578 1173 135 464 1049 484 1078 1132 510
584 89 744 388 1141 871 0 1105 468 961 611 921 975 899 388 1108 848 1157 1216 590 1075 368 1040 887 1043 1281 913 467 974 83 1106 572 1061 845 536 936 1162 772 822 1199 497 515 854 869
819 1133 827 770 98 955 1105 0 976 297 874 498 575 583 926 135 608 248 234 824 319 867 507 597 170 305 341 849 163 1049 793 836 361 929 664 1020 243 855 905 223 879 749 352 952
207 422 904 548 1011 1031 468 976 0 988 770 718 1134 1058 109 1049 530 954 1013 200 872 119 1200 1047 840 1125 710 627 1002 440 1266 732 858 1005 333 1096 959 931 982 1137 657 266 650 1028
830 1009 683 626 370 811 961 297 988 0 730 611 504 607 938 408 619 520 507 836 327 879 748 595 296 577 353 705 300 905 936 692 634 785 675 876 516 711 761 495 735 761 363 808
887 658 513 251 910 433 611 874 770 730 0 1223 744 667 691 876 1150 1098 1039 892 1016 671 809 656 959 1050 1042 168 743 554 875 66 1211 614 839 705 1093 540 591 968 148 818 1052 638
673 988 1365 1114 605 1492 1034 609 831 723 1336 0 1085 1090 781 643 463 547 607 679 607 722 1015 1104 576 719 446 1193 738 1006 1301 1298 451 1467 518 1557 553 1393 1443 730 1223 604 386 1490
1251 1023 697 639 507 824 975 575 1134 504 744 973 0 368 1055 473 1046 723 636 1256 754 1035 510 357 660 647 779 719 444 918 698 705 837 798 1101 889 719 724 775 565 749 1182 790 822
1175 946 621 563 512 748 899 583 1058 607 667 978 368 0 979 478 1129 688 597 1180 856 959 189 62 728 545 882 642 546 842 377 629 842 645 1127 767 683 648 696 457 672 1106 892 643
257 343 824 468 961 952 388 926 109 938 691 668 1055 979 0 999 580 904 963 250 822 115 1120 967 790 1075 660 548 952 361 1186 652 808 926 283 1017 909 852 902 1087 578 262 601 949
893 1155 830 772 65 957 1108 135 1050 408 876 531 473 478 1000 0 682 281 194 898 430 942 403 493 281 205 452 851 274 1051 689 838 395 931 738 1022 277 857 908 123 881 824 463 954
391 802 1261 928 643 1388 848 608 530 619 1150 350 1046 1128 580 681 0 586 645 397 503 536 1053 1137 472 757 342 1007 634 820 1339 1112 490 1363 332 1454 591 1289 1339 769 1037 361 282 1386
797 1112 1051 993 244 1178 1158 248 954 520 1098 436 723 688 905 281 586 0 112 803 542 846 612 702 393 223 565 1073 387 1130 898 1059 216 1152 642 1243 47 1078 1129 250 1103 728 510 1164
857 1172 992 935 223 1120 1217 234 1014 507 1039 495 636 597 964 194 646 112 0 862 529 906 522 612 380 209 551 1014 373 1189 808 1001 306 1075 702 1185 107 1020 1070 160 1044 788 561 1073
83 544 1026 670 860 1153 590 824 200 836 892 566 1256 1180 250 897 397 802 861 0 720 260 1269 1169 688 973 559 749 850 562 1388 854 706 1127 181 1218 807 1053 1104 985 779 88 499 1150
714 1029 969 912 392 1096 1075 319 872 327 1016 495 754 856 822 430 503 542 529 720 0 763 801 845 180 599 237 991 342 1047 1088 978 635 1071 559 1162 538 997 1047 517 1021 645 247 1094
267 322 804 448 903 931 368 867 119 879 671 609 1035 959 115 941 536 845 905 260 763 0 1100 947 731 1016 602 527 893 340 1166 632 749 905 225 996 851 832 882 1028 557 204 542 929
1264 1088 762 705 436 889 1040 507 1200 748 809 903 510 189 1120 403 1054 612 522 1270 801 1100 0 204 653 469 824 784 646 984 400 771 766 667 1109 789 608 790 719 381 814 1195 834 665
1163 935 609 552 526 736 887 597 1047 595 656 993 357 62 967 493 1137 702 612 1169 845 947 204 0 743 559 870 631 535 831 392 618 856 659 1115 781 698 637 687 471 661 1094 881 657
683 997 912 854 243 1039 1043 170 840 296 959 463 660 728 790 281 472 393 380 688 180 731 653 743 0 450 206 934 248 1015 939 921 507 1013 528 1104 389 940 990 368 964 614 216 1037
968 1283 1003 946 234 1131 1281 305 1126 577 1050 607 647 545 1076 205 758 223 209 974 599 1017 469 559 450 0 622 1025 443 1225 755 1012 417 1022 813 1145 219 1031 1074 171 1055 899 632 1020
553 868 995 937 415 1122 913 341 710 353 1042 334 779 882 660 452 342 565 551 559 237 602 824 870 206 622 0 1017 367 886 1110 1003 473 1096 398 1187 560 1022 1073 540 1047 484 86 1119
744 515 488 108 885 497 467 849 627 705 168 1080 719 642 548 851 1007 1073 1014 749 991 527 784 631 934 1025 1017 0 718 411 850 130 1186 589 696 680 1068 515 566 943 55 675 1013 613
845 1022 696 638 236 823 974 163 1002 300 743 625 444 546 952 274 634 387 373 850 342 893 646 535 248 443 367 718 0 918 876 704 500 797 690 888 382 723 774 361 748 775 378 821
557 131 688 332 1085 815 83 1049 440 905 554 893 918 842 361 1051 820 1129 1189 562 1047 340 984 831 1015 1225 886 411 918 0 1050 516 1033 789 508 880 1134 715 766 1143 441 487 826 812
1382 1154 621 771 723 748 1106 793 1266 936 875 1189 698 377 1186 689 1340 898 808 1388 1088 1166 400 392 939 755 1110 850 876 1050 0 837 1053 405 1334 528 894 648 457 667 880 1313 1121 403
848 620 475 213 872 394 572 836 732 692 66 1185 705 629 652 838 1112 1059 1001 854 978 632 771 618 921 1012 1003 130 704 516 837 0 1173 576 800 667 1055 502 553 930 110 779 1014 599
701 1015 1164 1107 357 1292 1061 361 858 634 1211 339 837 842 808 395 490 216 306 706 635 749 766 856 507 417 473 1186 500 1033 1053 1173 0 1266 545 1357 222 1192 1242 444 1216 631 414 1289
1122 893 360 510 965 487 845 929 1005 785 614 1354 798 645 926 931 1363 1152 1075 1127 1071 905 667 659 1013 1022 1096 589 797 789 405 576 1266 0 1074 312 1148 387 242 935 619 1053 1106 101
176 490 972 616 699 1100 536 664 333 675 839 406 1101 1127 283 737 332 641 701 181 559 225 1109 1115 528 813 398 696 690 508 1334 800 545 1074 0 1165 647 1000 1050 824 725 107 338 1097
1213 984 451 601 1056 578 936 1020 1096 876 705 1445 889 767 1017 1022 1454 1243 1185 1218 1162 996 789 781 1104 1145 1187 680 888 880 528 667 1357 312 1165 0 1238 478 175 1057 710 1144 1197 288
803 1117 1046 989 239 1173 1163 243 960 516 1093 441 719 683 910 277 592 47 107 808 538 852 608 698 389 219 560 1068 382 1135 894 1055 222 1148 648 1238 0 1074 1124 246 1098 734 516 1159
1048 819 55 436 891 135 772 855 931 711 540 1280 724 648 852 857 1289 1078 1020 1053 997 832 790 637 940 1031 1022 515 723 715 648 502 1192 387 1000 478 1074 0 364 949 545 979 1033 411
1098 870 336 486 941 464 822 905 982 761 591 1330 775 696 902 908 1339 1129 1070 1104 1047 882 719 687 990 1074 1073 566 774 766 457 553 1242 242 1050 175 1124 364 0 986 596 1029 1083 218
980 1247 921 864 152 1049 1199 223 1137 495 968 619 565 457 1087 123 769 250 160 986 517 1029 381 471 368 171 540 943 361 1143 667 930 444 935 825 1057 246 949 986 0 973 911 550 932
774 545 518 138 915 477 497 879 657 735 148 1110 749 672 578 881 1037 1103 1044 779 1021 557 814 661 964 1055 1047 55 748 441 880 110 1216 619 725 710 1098 545 596 973 0 704 1043 643
83 469 951 595 785 1078 515 749 266 761 818 492 1182 1106 262 823 361 727 787 88 645 204 1194 1094 614 898 484 675 775 487 1313 779 631 1053 107 1144 733 979 1029 910 704 0 424 1076
493 808 1005 934 425 1132 854 352 650 363 1052 274 790 892 601 463 282 509 561 499 247 542 834 881 216 632 86 1013 378 826 1121 1014 414 1106 338 1197 515 1033 1083 550 1043 424 0 1130
1145 917 383 533 988 510 869 952 1028 808 638 1377 822 643 949 954 1386 1164 1073 1150 1094 929 665 657 1037 1020 1119 613 821 812 403 599 1289 101 1097 288 1159 411 218 932 643 1076 1130 0
EOF