NAME : tsp_problem
TYPE : TSP
DIMENSION : 68
EDGE_WEIGHT_TYPE : EXPLICIT
EDGE_WEIGHT_FORMAT : FULL_MATRIX
EDGE_WEIGHT_SECTION
0 881 549 900 738 848 1262 539 1172 1049 929 1088 811 179 586 890 1016 141 229 783 1062 667 310 732 145 1119 664 816 896 825 734 825 156 71 709 749 666 1269 1044 535 704 578 1323 1277 712 865 1287 702 776 85 1360 988 244 933 1217 1029 733 725 689 802 1257 1149 795 699 1007 1016 1066 537
881 0 497 364 307 337 963 743 540 853 925 1031 219 1029 790 297 1012 766 928 346 1000 474 830 288 870 509 471 812 137 231 730 821 968 920 204 337 473 846 230 739 491 385 790 1061 916 414 1070 906 773 935 716 134 973 353 780 449 367 334 476 941 969 932 109 354 248 912 1062 486
549 497 0 730 354 464 1353 899 789 1201 1081 1240 549 697 946 628 1168 434 696 613 1214 284 790 348 539 735 280 968 513 563 886 977 636 588 325 366 283 1237 661 895 647 194 1181 1429 1071 695 1439 1062 929 603 1106 608 641 550 1171 645 634 601 632 1097 1360 1301 412 621 624 1168 1218 48
900 364 730 0 605 635 1112 611 690 914 794 953 258 1009 659 273 881 877 796 138 927 707 699 585 976 807 704 680 435 243 599 690 840 939 502 394 706 996 379 607 507 618 939 1142 784 67 1151 775 641 935 865 474 847 651 929 746 236 203 533 810 1118 1014 407 223 482 881 931 718
738 307 354 605 0 187 1163 923 599 1054 1105 1231 462 885 970 541 1192 623 884 526 1201 254 979 80 727 468 250 992 323 476 910 1001 825 777 135 279 253 1047 471 919 567 196 990 1261 1095 608 1271 1086 952 792 916 418 830 282 980 377 547 514 552 1121 1170 1133 222 534 434 1112 1242 342
848 337 464 635 187 0 1059 1057 494 950 1158 1127 533 995 1104 611 1256 733 995 660 1097 364 1089 203 837 348 360 1126 353 546 1044 1136 935 887 282 440 363 943 501 1053 728 307 886 1157 1230 685 1166 1221 1087 902 812 448 940 162 876 258 681 648 713 1255 1065 1029 252 668 464 1008 1185 452
1262 963 1352 1112 1162 1058 0 973 713 249 457 427 1060 1371 1020 1135 555 1333 1158 1009 396 1329 1061 1114 1337 998 1326 862 912 1074 662 495 1202 1301 1059 1188 1328 214 840 969 1124 1240 194 261 1128 1091 271 1137 776 1297 266 1073 1209 981 367 953 960 951 1190 1066 48 141 1002 925 809 308 485 1341
539 743 899 611 923 1057 973 0 1223 761 641 799 545 648 152 624 727 610 435 494 774 987 338 903 615 1229 983 527 857 559 445 536 479 578 837 673 985 981 913 101 609 897 1035 989 206 576 998 268 488 574 1072 795 486 1073 929 1168 445 436 675 343 968 860 829 410 968 727 777 887
1336 705 953 854 763 658 878 1388 0 769 977 946 863 1484 1436 878 1075 1221 1483 976 916 930 1476 715 1326 598 927 1381 654 848 1181 1014 1423 1376 660 821 929 762 582 1384 1109 841 705 884 1561 905 893 1552 1295 1391 631 816 1429 581 695 553 1012 979 1094 1585 885 848 630 999 551 827 1004 941
1049 853 1201 914 1053 949 249 761 604 0 245 214 848 1159 808 927 343 1121 946 797 184 1220 848 1005 1125 888 1217 649 803 862 449 282 990 1088 950 976 1219 257 731 757 912 1131 311 265 915 879 274 924 563 1084 348 964 996 872 205 844 748 739 978 853 244 137 893 713 699 95 272 1190
929 925 1081 794 1105 1157 457 641 812 245 0 197 728 1039 688 807 222 1001 826 677 166 1169 728 1086 1005 1097 1166 529 1011 742 329 142 870 968 1020 856 1168 465 939 637 792 1080 519 473 795 759 483 804 443 964 556 978 876 1080 413 1052 628 619 857 733 453 345 1012 593 908 192 255 1070
1088 1031 1240 953 1230 1126 427 799 781 214 197 0 887 1197 847 966 184 1160 984 836 83 1328 887 1183 1164 1066 1325 688 980 901 488 301 1028 1127 1128 1015 1327 434 908 795 951 1239 488 442 954 918 452 963 602 1123 525 1137 1035 1049 383 1021 786 778 1016 892 422 314 1070 751 877 161 114 1228
811 219 549 258 462 533 1060 545 698 848 728 887 0 943 593 99 815 696 730 149 861 526 633 443 801 705 523 614 333 34 532 624 774 850 376 213 525 1004 388 541 367 437 948 1076 718 231 1085 709 575 865 873 271 781 549 938 644 170 137 352 743 1055 948 305 156 444 815 864 537
179 1029 697 1009 885 995 1371 648 1320 1159 1039 1197 943 0 696 1022 1125 288 377 892 1172 815 346 879 292 1266 812 925 1044 957 843 934 304 139 857 897 814 1379 1192 644 851 726 1433 1387 821 974 1396 812 886 125 1470 1135 392 1081 1327 1176 843 834 836 822 1366 1258 943 808 1155 1125 1175 685
586 790 946 659 970 1104 1020 152 1271 808 688 847 593 696 0 672 775 658 483 542 821 1034 385 951 662 1277 1031 574 904 607 493 584 527 626 884 721 1033 1028 960 81 657 945 1082 1036 278 624 1045 183 535 621 1119 843 533 1120 976 1216 492 484 722 344 1015 908 876 457 1015 775 825 934
890 297 628 273 541 611 1135 624 713 927 807 966 99 1022 672 0 894 775 810 228 940 605 712 522 880 783 602 694 411 85 612 703 853 930 456 292 604 1019 402 621 446 516 962 1155 797 310 1165 788 654 945 888 349 860 627 952 722 249 216 432 823 1135 1027 383 236 505 894 944 616
1016 1012 1168 881 1192 1255 555 727 910 343 222 184 815 1125 775 894 0 1088 913 764 196 1256 815 1173 1092 1194 1253 616 1109 829 416 229 957 1055 1106 943 1255 563 1037 724 879 1167 617 571 882 846 580 891 530 1051 654 1065 963 1178 511 1149 714 706 944 820 550 443 1099 680 1005 290 123 1156
141 766 434 877 623 733 1333 610 1058 1121 1001 1160 696 288 658 775 1088 0 287 760 1134 552 381 617 130 1004 549 887 782 710 805 897 227 180 594 634 551 1341 929 607 589 463 1395 1349 783 842 1358 774 848 195 1375 873 233 818 1289 914 742 734 574 911 1328 1221 681 708 892 1088 1137 422
229 928 696 796 884 995 1158 435 1319 946 826 984 730 377 483 810 913 287 0 679 959 814 206 878 305 1266 811 712 1042 744 630 721 167 269 856 858 813 1166 1098 431 794 725 1220 1174 608 761 1183 599 673 283 1257 980 75 1080 1114 1175 630 621 835 745 1153 1045 942 595 1153 912 962 684
783 346 613 138 526 660 1009 494 811 797 677 836 149 892 542 228 764 760 679 0 810 590 582 507 859 833 587 563 460 163 481 573 723 822 440 277 589 1017 501 490 390 501 1061 1025 667 103 1034 658 524 818 986 398 730 676 965 772 119 86 416 692 1004 897 432 105 571 764 813 601
1062 1000 1214 927 1200 1096 396 774 751 184 166 83 861 1172 821 940 196 1134 959 810 0 1302 861 1152 1138 1035 1299 662 950 875 462 275 1003 1101 1097 989 1301 404 878 770 925 1213 458 412 928 892 421 937 576 1097 495 1111 1009 1019 352 990 761 752 991 866 391 284 1040 726 846 131 126 1203
667 474 284 707 254 364 1330 987 766 1221 1169 1328 526 815 1034 605 1256 552 814 590 1302 0 908 248 657 635 45 1056 490 540 974 1065 754 707 302 343 49 1214 638 983 631 126 1158 1428 1159 672 1438 1150 1016 721 1083 585 759 449 1148 545 611 578 616 1185 1337 1300 389 598 601 1256 1306 272
310 830 790 699 979 1089 1061 338 1311 848 728 887 633 346 385 712 815 381 206 582 861 908 0 972 386 1317 905 615 945 647 533 624 250 287 925 761 907 1068 1001 334 697 819 1122 1076 511 664 1086 502 575 272 1159 883 257 1161 1017 1256 532 524 762 648 1056 948 917 498 1055 815 865 778
732 288 348 585 80 203 1115 903 551 1006 1086 1184 443 879 951 522 1173 617 878 507 1153 248 972 0 721 404 244 972 304 457 891 982 818 771 116 260 246 999 451 900 548 190 943 1213 1076 589 1223 1067 933 786 868 399 824 219 933 314 528 495 533 1102 1122 1085 203 515 414 1065 1223 336
145 870 539 976 727 837 1337 615 1162 1125 1005 1164 801 292 662 880 1092 130 305 859 1138 657 386 721 0 1108 653 891 886 815 810 901 232 184 698 739 656 1345 1034 611 693 568 1399 1353 787 941 1362 778 852 199 1436 977 317 923 1293 1018 809 801 678 915 1332 1225 785 774 997 1092 1142 527
1119 509 735 807 468 348 998 1229 433 888 1097 1066 705 1266 1277 783 1194 1004 1266 833 1035 635 1317 404 1108 0 632 1298 525 718 1216 1134 1206 1158 454 615 634 881 673 1225 903 578 825 1096 1402 857 1105 1393 1259 1173 750 620 1211 206 815 105 854 821 888 1427 1004 967 424 840 636 947 1124 724
664 471 280 704 250 360 1327 983 763 1218 1166 1325 523 812 1031 602 1253 549 811 587 1299 45 905 244 653 632 0 1052 487 537 970 1062 751 703 299 340 41 1211 634 979 628 123 1154 1425 1156 669 1435 1147 1013 718 1080 582 756 446 1144 541 608 575 613 1181 1334 1297 386 594 597 1253 1302 269
816 812 968 680 992 1126 862 527 1216 649 529 688 614 925 574 694 616 887 712 563 662 1056 615 972 891 1298 1052 0 926 628 223 425 756 855 906 742 1055 869 982 523 678 966 923 877 406 645 887 420 101 851 960 864 763 1142 818 1237 514 505 744 344 857 749 898 479 1037 616 666 956
896 137 513 435 323 353 912 857 490 803 1011 980 333 1044 904 411 1109 782 1042 460 950 490 945 304 886 525 487 926 0 346 844 935 983 936 220 381 489 796 182 853 606 401 739 1010 1030 485 1019 1021 887 951 665 248 989 369 729 464 481 448 591 1055 918 882 125 468 145 861 1038 501
825 231 563 243 476 546 1074 559 683 862 742 901 34 957 607 85 829 710 744 163 875 540 647 457 815 718 537 628 346 0 547 638 788 865 390 227 539 989 373 555 381 451 933 1090 732 245 1099 723 589 879 858 284 795 562 923 657 184 151 366 758 1069 962 318 171 456 829 879 551
734 730 886 599 910 1044 662 445 1017 449 329 488 532 843 493 612 416 805 630 481 462 974 533 891 810 1216 970 223 844 547 0 225 674 773 824 660 973 669 900 441 596 885 724 677 489 564 687 503 137 769 760 782 681 1060 618 1156 432 423 662 427 657 549 816 397 955 416 466 874
825 821 977 690 1001 1136 495 536 850 282 142 301 624 934 584 703 229 897 721 573 275 1065 624 982 901 1134 1062 425 935 638 225 0 765 864 915 752 1064 502 976 533 688 976 557 510 691 655 520 700 339 860 593 874 772 1117 451 1089 523 515 753 629 490 382 907 488 945 249 279 965
156 968 636 840 825 935 1202 479 1259 990 870 1028 774 304 527 853 957 227 167 723 1003 754 250 818 232 1206 751 756 983 788 674 765 0 195 796 836 753 1210 1131 475 790 665 1264 1218 652 805 1227 643 717 210 1301 1024 113 1020 1158 1116 674 665 776 789 1197 1089 882 639 1094 956 1006 624
71 920 588 939 777 887 1301 578 1212 1088 968 1127 850 139 626 930 1055 180 269 822 1101 707 287 771 184 1158 703 855 936 865 773 864 195 0 748 789 705 1308 1083 574 743 617 1363 1316 751 904 1326 742 816 65 1399 1027 284 973 1257 1068 773 764 728 762 1296 1188 835 738 1046 1055 1105 577
709 204 325 502 135 282 1060 837 496 951 1020 1129 376 857 884 456 1106 594 856 440 1098 302 925 116 698 454 299 906 220 390 824 915 796 748 0 193 301 944 368 833 481 213 888 1158 1010 522 1168 1000 867 763 813 315 801 298 878 393 461 428 466 1035 1067 1030 119 448 331 1010 1156 314
749 337 366 394 279 440 1188 673 657 976 856 1015 213 897 721 292 943 634 858 277 989 343 761 260 739 615 340 742 381 227 660 752 836 789 193 0 342 1105 528 669 318 254 1048 1204 846 359 1213 837 703 804 974 389 842 458 1038 554 297 265 303 871 1183 1076 280 284 492 943 992 354
666 473 283 706 253 363 1329 985 765 1220 1168 1327 525 814 1033 604 1255 551 813 589 1301 49 907 246 656 634 41 1055 489 539 973 1064 753 705 301 342 0 1213 637 982 630 125 1157 1427 1158 671 1437 1149 1015 720 1082 584 758 448 1147 544 610 577 615 1184 1336 1299 388 597 600 1255 1305 271
1269 846 1236 996 1046 942 214 981 597 257 465 434 1004 1379 1028 1019 563 1341 1166 1017 404 1213 1068 998 1345 881 1210 869 796 989 669 502 1210 1308 943 1104 1212 0 724 977 1132 1124 77 269 1135 1046 278 1144 783 1304 150 957 1216 865 290 836 967 959 1197 1073 209 149 886 933 692 315 492 1224
1044 230 661 379 471 501 840 913 418 731 939 908 388 1192 960 402 1037 929 1098 501 878 638 1001 451 1034 673 634 982 182 373 900 976 1131 1083 368 528 637 724 0 909 698 548 667 938 1086 430 947 1077 943 1098 593 341 1136 517 657 612 537 504 684 1111 846 810 273 524 210 789 966 649
535 739 895 607 919 1053 969 101 1219 757 637 795 541 644 81 621 724 607 431 490 770 983 334 900 611 1225 979 523 853 555 441 533 475 574 833 669 982 977 909 0 605 893 1031 985 273 573 994 197 484 570 1068 791 482 1069 925 1165 441 432 671 358 964 857 825 406 964 724 773 883
704 491 647 507 567 728 1124 609 945 912 792 951 367 851 657 446 879 589 794 390 925 631 697 548 693 903 628 678 606 381 596 688 790 743 481 318 630 1132 698 605 0 542 1186 1140 782 472 1149 773 639 758 1184 544 796 746 1080 842 341 332 245 807 1119 1012 568 306 716 879 928 636
578 385 194 618 196 307 1241 897 677 1132 1080 1239 437 726 945 516 1167 463 725 501 1213 126 819 190 568 578 123 966 401 451 885 976 665 617 213 254 125 1125 548 893 542 0 1068 1339 1070 583 1349 1061 927 632 994 496 670 392 1058 488 522 489 527 1096 1248 1211 300 509 512 1167 1217 183
1323 790 1180 939 990 885 194 1035 540 311 519 488 948 1433 1082 962 617 1395 1220 1061 458 1157 1122 942 1399 825 1153 923 739 933 724 557 1264 1363 887 1047 1156 77 667 1031 1186 1067 0 323 1189 990 333 1198 837 1359 93 901 1270 808 303 780 1022 1013 1243 1127 200 203 829 987 636 369 547 1168
1277 1061 1429 1142 1260 1156 261 989 811 265 473 442 1076 1387 1036 1155 571 1349 1174 1025 412 1427 1076 1213 1353 1096 1424 877 1010 1090 677 510 1218 1316 1158 1204 1426 269 938 985 1140 1338 323 0 1143 1107 93 1152 791 1312 395 1171 1224 1079 412 1051 975 967 1205 1081 256 157 1100 941 907 323 500 1418
712 916 1071 784 1095 1230 1134 206 1396 922 802 961 718 821 278 797 889 783 608 667 935 1159 511 1076 787 1402 1156 413 1030 732 495 698 652 751 1010 846 1158 1142 1086 273 782 1070 1196 1150 0 749 1159 118 374 747 1233 968 659 1246 1090 1341 618 609 848 170 1129 1022 1002 583 1141 889 939 1060
865 414 695 67 608 685 1091 576 740 879 759 918 231 974 624 310 846 842 761 103 892 672 664 589 941 857 669 645 485 245 564 655 805 904 522 359 671 1046 430 573 472 583 990 1107 749 0 1117 740 606 900 915 481 812 701 980 797 201 168 498 775 1087 979 457 188 533 846 896 683
1287 1070 1439 1151 1270 1165 271 998 821 274 483 452 1085 1396 1045 1165 580 1358 1183 1034 421 1437 1086 1222 1362 1105 1434 887 1019 1099 687 520 1227 1326 1167 1213 1436 278 947 994 1149 1348 333 93 1153 1117 0 1162 801 1322 405 1181 1234 1088 422 1060 985 976 1215 1091 266 166 1110 950 916 333 510 1427
702 906 1062 775 1086 1221 1137 268 1387 924 804 963 709 812 183 788 891 774 599 658 937 1150 502 1067 778 1393 1147 427 1021 723 510 700 643 742 1000 837 1149 1144 1077 197 773 1061 1198 1152 118 740 1162 0 388 738 1235 959 650 1237 1093 1332 608 600 838 184 1132 1024 993 574 1131 891 941 1050
776 773 929 641 952 1087 776 488 1130 563 443 602 575 886 535 654 530 848 673 524 576 1016 575 933 852 1259 1013 101 887 589 137 339 717 816 867 703 1015 783 943 484 639 927 837 791 367 606 801 381 0 812 874 825 723 1103 731 1198 475 466 705 305 771 663 859 440 998 530 580 917
85 935 603 935 792 902 1297 574 1227 1084 964 1123 865 125 621 945 1051 195 283 818 1097 721 272 786 199 1173 718 851 951 879 769 860 210 65 763 804 720 1304 1098 570 758 632 1359 1312 747 900 1322 738 812 0 1395 1042 298 987 1253 1083 769 760 743 747 1292 1184 850 734 1061 1051 1101 591
1360 716 1105 865 915 811 266 1072 466 348 556 525 873 1470 1119 888 654 1374 1257 986 495 1082 1159 867 1436 750 1079 960 665 858 760 593 1301 1399 812 973 1081 150 593 1068 1184 993 93 395 1226 915 405 1235 874 1395 0 826 1307 734 274 706 1023 990 1169 1164 273 275 755 1010 562 406 583 1094
988 134 608 474 418 448 1073 795 651 964 978 1137 271 1135 843 349 1065 873 980 398 1111 585 883 399 977 620 582 864 248 284 782 874 1024 1027 315 389 584 957 341 791 544 496 901 1171 968 481 1181 959 825 1042 826 0 1031 464 891 559 419 386 529 993 1080 1043 220 406 359 1023 1114 596
244 973 641 847 830 940 1209 486 1265 996 876 1035 781 392 533 860 963 233 75 730 1009 759 257 824 317 1211 756 763 989 795 681 772 113 284 801 842 758 1216 1136 482 796 670 1270 1224 659 812 1234 650 723 298 1307 1031 0 1025 1165 1121 681 672 781 796 1204 1096 888 646 1099 963 1013 629
933 353 550 651 282 162 982 1073 417 873 1081 1050 549 1081 1120 627 1178 818 1080 676 1019 449 1161 219 923 206 446 1142 369 562 1060 1118 1020 973 298 458 448 865 517 1069 746 392 809 1080 1246 701 1089 1237 1103 987 735 464 1025 0 799 116 697 664 732 1271 988 951 268 684 480 931 1108 538
1217 780 1170 929 980 875 367 929 531 205 413 383 938 1327 976 952 511 1289 1114 965 352 1147 1017 932 1293 815 1143 818 729 923 618 451 1158 1257 877 1038 1146 290 657 925 1080 1058 303 412 1084 980 422 1093 731 1253 274 891 1165 798 0 770 916 907 1146 1022 363 284 819 881 626 264 441 1158
1029 449 645 746 377 258 953 1168 388 844 1052 1021 644 1176 1216 722 1149 914 1175 772 990 545 1256 314 1018 105 541 1237 464 657 1156 1089 1116 1068 393 554 544 836 612 1165 842 488 780 1051 1341 797 1060 1332 1198 1083 706 559 1121 116 770 0 793 760 827 1367 959 922 363 780 575 902 1079 633
733 367 634 236 547 681 960 445 848 748 628 786 170 843 492 249 714 742 630 119 761 611 532 528 809 854 608 514 481 184 432 523 674 773 461 297 610 967 537 441 341 522 1022 975 618 201 985 608 475 769 1023 419 681 697 916 793 0 61 437 643 955 847 453 56 592 714 764 622
725 334 601 203 514 648 951 436 815 739 619 778 137 834 484 216 706 734 621 86 752 578 524 495 801 821 575 505 448 151 423 515 665 764 428 265 577 959 504 432 332 489 1013 967 609 168 976 600 466 760 990 386 672 664 907 760 61 0 404 635 946 839 420 48 559 706 756 589
689 476 632 533 552 713 1190 675 930 978 857 1016 352 836 722 432 944 574 835 416 991 616 762 533 678 888 613 744 591 366 662 753 776 728 466 303 615 1197 684 671 245 527 1243 1205 848 498 1215 838 705 743 1169 529 781 732 1146 827 437 404 0 873 1185 1077 553 411 701 944 994 621
802 948 1104 816 1128 1262 1072 343 1427 860 740 899 750 822 344 829 827 911 745 699 873 1191 648 1108 915 1434 1188 351 1062 764 433 636 789 762 1042 878 1190 1080 1118 358 814 1102 1134 1088 170 781 1097 184 312 747 1171 1000 796 1278 1028 1373 650 641 880 0 1067 960 1034 615 1173 827 877 1092
1257 969 1359 1118 1169 1065 48 968 720 244 453 422 1055 1366 1015 1135 550 1328 1153 1004 391 1336 1056 1121 1332 1004 1333 857 918 1069 657 490 1197 1296 1066 1183 1335 209 846 964 1119 1247 200 256 1123 1087 266 1132 771 1292 273 1080 1204 987 363 959 955 946 1185 1061 0 136 1009 920 815 303 480 1347
1149 932 1301 1014 1132 1028 141 860 683 137 345 314 948 1258 908 1027 443 1221 1045 897 284 1299 948 1084 1225 967 1296 749 882 962 549 382 1089 1188 1029 1076 1298 149 810 857 1012 1210 203 157 1015 979 166 1024 663 1184 275 1043 1096 951 284 922 847 839 1077 953 136 0 972 812 778 195 372 1289
795 109 412 407 222 252 1002 829 466 893 1012 1070 305 943 876 383 1099 681 942 432 1040 389 917 203 785 424 386 898 125 318 816 907 882 835 119 280 388 886 273 825 568 300 829 1100 1002 457 1110 993 859 850 755 220 888 268 819 363 453 420 553 1027 1009 972 0 440 236 951 1128 400
699 354 621 223 534 668 925 410 835 713 593 751 156 808 457 236 680 708 595 105 726 598 498 515 774 840 594 479 468 171 397 488 639 738 448 284 597 933 524 406 306 509 987 941 583 188 950 574 440 734 1010 406 646 684 881 780 56 48 411 608 920 812 440 0 579 680 729 609
1007 248 624 482 434 464 809 968 386 699 908 877 444 1155 1015 505 1005 892 1153 571 846 601 1055 414 997 636 597 1037 145 456 955 945 1094 1046 331 492 600 692 210 964 716 512 636 907 1141 533 916 1131 998 1061 562 359 1099 480 626 575 592 559 701 1166 815 778 236 579 0 758 935 612
1016 912 1168 881 1111 1007 308 727 662 95 192 161 815 1125 775 894 290 1088 912 764 131 1256 815 1064 1092 947 1253 616 861 829 416 249 956 1055 1009 943 1255 315 789 724 879 1167 369 323 882 846 333 891 530 1051 406 1023 963 930 264 902 714 706 944 820 303 195 951 680 758 0 219 1156
1066 1062 1218 931 1242 1184 485 777 840 272 255 114 864 1175 825 944 123 1137 962 813 126 1306 865 1223 1142 1124 1302 666 1038 879 466 279 1006 1105 1156 992 1305 492 966 773 928 1217 547 500 932 896 510 941 580 1101 583 1114 1013 1107 441 1079 764 756 994 870 480 372 1128 729 935 219 0 1206
537 486 48 718 342 452 1342 887 777 1190 1070 1228 537 685 934 616 1156 422 684 601 1203 272 778 336 527 724 269 956 501 551 874 965 624 577 314 354 271 1225 649 883 636 183 1169 1418 1060 683 1427 1050 917 591 1095 596 629 538 1159 633 622 589 621 1085 1348 1289 400 609 612 1156 1206 0
EOF