NAME : tsp_problem
TYPE : TSP
DIMENSION : 58
EDGE_WEIGHT_TYPE : EXPLICIT
EDGE_WEIGHT_FORMAT : FULL_MATRIX
EDGE_WEIGHT_SECTION
0 879 569 871 584 765 343 820 820 354 536 611 100 248 784 791 424 482 538 633 215 562 613 761 697 283 533 921 802 743 900 806 1462 366 215 601 441 325 755 228 908 844 475 937 1143 924 911 699 221 630 443 397 371 460 638 630 256 967
879 0 697 266 1099 1025 566 108 771 651 1021 479 952 942 123 310 797 433 488 1189 1005 1023 1169 744 679 809 1018 1182 752 1004 1270 1067 716 841 1023 470 957 713 1016 888 312 369 730 512 398 450 305 780 894 545 572 597 1042 1041 588 887 950 429
698 648 0 641 617 1325 385 589 300 470 539 380 689 809 553 561 316 239 210 708 824 542 688 1259 1194 446 537 1286 281 1304 1096 1324 1231 359 677 371 855 532 1315 559 677 613 249 1027 913 694 680 1260 565 1060 391 416 783 872 265 406 817 945
871 266 690 0 1091 1153 558 207 763 643 1013 441 945 1068 171 153 790 425 481 1182 997 1016 1162 871 806 801 1011 1310 745 1132 1397 1194 649 833 1023 449 1085 705 1143 881 63 251 723 640 330 240 148 907 886 673 565 590 1170 1168 581 880 1058 557
584 1100 489 1092 0 901 601 1040 729 506 119 832 503 558 1005 1012 344 690 661 237 622 118 140 1072 1007 362 104 815 711 923 625 853 1683 285 397 822 576 468 911 475 1128 1065 394 1247 1364 1145 1132 1009 481 941 700 654 504 592 716 431 566 1277
765 1025 1197 1153 901 0 1081 1107 1454 1076 996 1349 684 624 1071 1203 1052 1221 1276 809 688 995 931 705 640 910 936 465 1436 53 420 72 1446 994 706 1340 639 1038 52 784 1118 1262 1102 880 1127 1317 1104 642 777 574 1181 1135 724 723 1376 1258 632 910
343 566 434 558 601 1081 0 506 507 115 523 298 417 539 471 478 411 169 224 691 469 549 671 1078 1014 273 520 1238 488 1060 1079 1123 1149 353 495 288 724 177 1071 353 594 531 462 945 830 611 598 1016 358 947 130 83 652 740 325 617 530 862
820 108 638 207 1040 1107 506 0 712 592 962 420 893 1016 64 251 738 373 429 1130 945 964 1110 825 760 749 959 1263 693 1085 1351 1148 797 782 972 411 1038 653 1097 829 253 310 671 593 479 391 246 861 835 626 513 538 1123 1122 529 828 1006 510
820 771 349 763 729 1454 507 712 0 592 651 503 818 938 676 683 445 361 332 837 946 638 800 1381 1317 575 649 1415 55 1433 1225 1453 1354 489 806 493 985 654 1444 689 800 736 378 1150 1035 816 803 1389 694 1183 514 539 913 1001 388 458 946 1067
354 651 461 643 506 1076 115 592 592 0 428 383 428 550 556 563 316 254 310 597 480 454 577 1072 1008 196 425 1175 574 1054 984 1117 1234 258 452 373 681 101 1066 310 680 616 367 1030 915 696 683 1010 315 941 215 169 609 697 410 522 541 947
536 1022 411 1014 119 996 523 962 651 428 0 754 487 542 927 934 266 612 583 332 606 52 235 1056 992 284 120 910 633 1018 720 948 1605 208 382 744 560 390 1006 397 1050 987 316 1231 1286 1067 1054 994 403 925 622 576 488 576 638 353 550 1261
611 479 430 441 831 1349 298 420 503 383 753 0 685 807 385 321 529 165 220 921 737 755 902 1090 1025 541 750 1499 484 1328 1309 1391 1023 573 763 55 992 445 1339 620 437 254 462 859 704 334 480 1126 626 891 304 329 920 1008 320 619 798 776
100 952 560 945 503 684 417 893 818 428 487 685 0 168 858 865 415 556 611 553 232 514 533 681 617 274 485 841 799 663 819 726 1422 357 134 675 361 399 674 148 981 917 466 856 1103 998 985 619 141 550 516 470 291 379 712 621 176 887
248 942 680 1068 558 624 539 1016 938 550 542 807 168 0 980 988 535 678 734 608 85 569 588 621 557 393 540 781 919 603 868 666 1362 477 189 798 301 521 614 267 1035 1040 586 796 1043 1121 1021 559 261 490 639 593 346 384 834 741 44 827
784 123 603 171 1004 1071 471 64 676 556 926 385 858 980 0 216 702 338 393 1095 910 928 1075 789 724 714 923 1228 657 1049 1315 1112 762 746 936 375 1003 618 1061 794 217 274 635 558 443 355 211 825 799 590 477 503 1087 1086 494 793 971 475
791 310 610 153 1011 1203 478 251 683 563 933 321 865 988 216 0 709 345 400 1102 917 935 1082 921 856 721 930 1360 665 1181 1447 1244 725 753 943 329 1135 625 1193 801 139 131 642 690 406 212 224 957 806 722 484 510 1100 1188 501 800 978 607
424 798 187 791 344 1052 411 739 445 316 266 530 415 535 703 710 0 388 359 434 550 291 414 1048 984 172 263 1012 426 1030 822 1050 1381 86 403 520 582 278 1042 286 827 763 93 1177 1062 843 830 986 291 918 511 465 510 598 415 248 543 1094
482 433 288 425 689 1221 169 373 361 254 611 165 556 678 338 345 387 0 91 780 608 613 760 1043 978 412 608 1358 342 1199 1167 1262 1016 431 634 155 863 316 1211 492 461 398 320 812 697 478 465 1079 497 845 175 201 791 879 179 478 669 729
538 488 259 481 660 1276 224 429 332 310 582 220 611 734 393 400 358 91 0 751 663 585 731 1099 1034 467 579 1329 314 1255 1139 1317 1071 402 690 211 898 371 1266 547 517 453 292 867 753 534 520 1135 553 900 231 256 826 915 150 449 724 784
633 1190 579 1183 237 809 691 1131 837 597 332 922 553 608 1096 1103 434 781 752 0 672 331 267 1010 946 452 272 723 818 832 533 761 1751 376 447 913 619 559 819 566 1219 1155 485 1186 1433 1236 1222 948 572 879 791 745 547 635 807 599 616 1216
215 1005 695 997 622 688 469 945 946 480 606 737 232 85 910 917 550 608 663 672 0 633 652 685 621 409 604 845 927 667 932 729 1426 492 253 727 365 451 678 331 1033 970 601 860 1107 1050 1037 623 325 554 569 523 410 448 764 756 75 891
562 1024 413 1017 118 995 549 965 638 454 52 756 514 569 929 936 291 614 585 331 633 0 234 1082 1018 310 146 909 620 1018 719 947 1607 234 408 747 586 416 1005 424 1053 989 319 1258 1289 1070 1056 1020 429 951 649 603 515 603 641 340 577 1288
613 1170 559 1163 140 931 671 1111 800 577 235 903 533 588 1076 1083 414 761 732 267 652 234 0 1101 1037 433 175 845 782 953 655 883 1754 356 427 893 606 539 941 546 1199 1135 465 1277 1435 1216 1203 1039 552 970 771 725 534 622 787 502 596 1307
761 744 1194 871 1072 705 1078 825 1381 1072 1056 1090 681 621 789 921 1048 1043 1099 1010 685 1082 1101 0 181 907 1053 861 1363 683 949 746 1164 990 702 1081 636 1034 695 781 837 980 1099 598 845 1035 822 95 774 292 1178 1132 721 720 1199 1254 629 628
697 679 1129 806 1007 640 1014 760 1317 1008 992 1025 617 557 724 856 984 978 1034 946 621 1018 1037 181 0 843 989 797 1298 619 885 682 1099 926 638 1016 572 970 630 717 772 915 1035 533 780 970 757 119 710 227 1114 1068 657 656 1134 1190 565 564
283 809 317 801 362 910 273 749 575 196 284 541 274 393 714 721 172 412 467 452 409 310 433 907 843 0 281 1030 556 888 840 951 1392 114 287 531 515 158 900 144 837 774 223 1082 1073 854 841 845 150 776 373 326 443 532 545 378 401 1105
533 1019 408 1012 104 936 520 960 649 425 120 751 485 540 924 931 263 609 580 272 604 146 175 1053 989 281 0 850 630 958 660 888 1602 205 379 742 557 387 946 395 1048 984 314 1228 1284 1065 1051 991 400 922 620 574 486 574 636 351 548 1259
921 1182 1157 1310 815 465 1238 1263 1415 1175 910 1500 841 781 1228 1360 1012 1359 1330 723 845 909 845 861 797 1030 850 0 1397 444 414 448 1602 954 862 1491 796 1137 455 941 1275 1418 1063 1037 1284 1474 1261 799 934 730 1338 1292 798 880 1385 1177 789 1067
802 752 331 745 711 1436 488 693 55 574 633 484 799 919 657 665 426 342 314 818 927 620 782 1363 1298 556 630 1397 0 1414 1206 1434 1335 470 788 475 966 635 1426 670 781 717 359 1131 1017 798 784 1371 675 1164 495 520 894 982 369 454 927 1048
743 1004 1175 1132 923 53 1060 1085 1433 1054 1018 1328 663 603 1049 1181 1030 1199 1255 832 667 1018 953 683 619 888 958 444 1414 0 442 94 1424 972 684 1318 618 1016 43 762 1097 1240 1081 858 1105 1295 1083 621 756 552 1160 1114 703 701 1355 1236 611 889
900 1270 967 1397 625 420 1079 1351 1225 984 720 1310 819 868 1315 1447 822 1168 1139 533 932 719 655 949 885 840 660 414 1206 442 0 372 1690 764 714 1301 679 946 430 846 1363 1506 873 1124 1371 1561 1348 887 839 818 1179 1133 607 696 1195 987 876 1154
806 1067 1195 1194 853 72 1123 1148 1453 1117 948 1391 726 666 1112 1244 1050 1262 1317 761 729 947 883 746 682 951 888 448 1434 94 372 0 1487 992 747 1381 681 1079 82 825 1160 1303 1101 921 1168 1358 1145 684 819 615 1223 1177 766 764 1418 1215 673 952
1462 716 1281 649 1682 1446 1149 797 1354 1234 1604 1023 1422 1362 762 725 1380 1016 1071 1751 1426 1606 1753 1164 1099 1392 1601 1602 1335 1424 1690 1487 0 1424 1443 1032 1377 1296 1436 1472 614 833 1313 932 359 812 600 1200 1477 965 1155 1180 1462 1461 1172 1470 1370 849
366 842 231 834 285 994 353 783 489 258 208 574 357 477 747 754 86 432 403 376 492 234 356 990 926 114 205 954 470 972 764 992 1425 0 345 564 524 220 984 228 871 807 137 1166 1106 887 874 928 233 859 453 407 452 540 459 292 485 1138
215 1023 548 1023 397 706 495 972 806 452 382 763 134 189 936 943 403 634 690 447 253 408 427 702 638 287 379 862 788 684 714 747 1443 345 0 753 257 414 696 160 1060 996 454 878 1125 1076 1063 640 154 571 595 549 185 273 776 609 197 908
601 470 420 449 821 1340 288 411 493 373 743 55 675 798 375 329 520 155 211 912 727 746 892 1081 1016 531 741 1490 475 1318 1300 1381 1032 563 753 0 982 435 1330 611 446 263 453 849 713 343 489 1117 616 882 295 320 910 998 311 610 788 766
441 957 727 1085 576 639 724 1038 985 681 560 992 361 301 1003 1135 582 863 899 619 365 586 606 636 572 515 557 796 966 618 679 681 1377 524 257 982 0 643 630 389 1050 1193 633 812 1059 1249 1036 574 383 505 824 777 151 110 955 788 309 842
325 713 423 705 468 1038 177 653 654 101 390 445 399 521 618 625 278 316 371 559 451 416 539 1034 970 158 387 1137 635 1016 946 1079 1296 220 414 435 643 0 1028 272 741 678 329 1092 977 758 745 972 277 903 277 230 571 659 472 484 512 1009
755 1016 1187 1143 911 52 1071 1097 1444 1066 1006 1339 674 614 1061 1193 1042 1211 1266 819 678 1005 941 695 630 900 946 455 1426 43 430 82 1436 984 696 1330 630 1028 0 774 1108 1252 1092 870 1117 1307 1094 632 767 564 1171 1125 714 713 1366 1248 622 900
228 888 431 881 475 784 353 829 689 310 397 620 148 267 794 801 286 492 547 566 331 424 546 781 717 144 395 941 670 762 846 825 1472 228 160 611 389 272 774 0 917 853 337 956 1153 934 921 719 52 650 452 406 317 406 647 492 275 986
908 312 726 63 1127 1118 594 253 800 680 1050 437 981 1035 217 139 826 461 517 1218 1033 1052 1198 837 772 837 1047 1275 781 1097 1363 1160 614 870 1060 446 1050 741 1108 917 0 248 759 605 295 227 113 873 923 638 601 626 1135 1134 617 916 1043 522
844 369 662 251 1064 1262 531 310 736 616 986 254 917 1040 274 131 762 398 453 1154 970 988 1134 980 915 774 983 1418 717 1240 1506 1303 833 806 996 263 1193 678 1252 853 248 0 695 748 515 103 291 1016 859 781 537 562 1153 1241 553 852 1031 665
475 731 120 724 394 1102 462 672 378 367 316 463 466 586 636 643 93 321 292 485 601 319 465 1099 1035 223 314 1063 359 1081 873 1101 1314 137 454 454 633 329 1092 337 760 696 0 1110 996 777 763 1037 342 968 474 499 561 649 348 276 594 1027
937 512 1077 640 1247 880 945 593 1150 1030 1231 859 856 796 558 690 1176 812 867 1186 860 1258 1277 598 533 1082 1228 1037 1131 858 1124 921 932 1166 878 849 812 1092 870 956 605 748 1109 0 614 804 591 634 950 399 951 977 896 895 968 1267 804 131
1143 398 962 330 1363 1127 830 479 1035 915 1285 704 1103 1043 443 406 1062 697 753 1433 1107 1288 1434 845 780 1073 1283 1284 1017 1105 1371 1168 359 1105 1125 713 1059 977 1117 1153 295 515 995 614 0 494 281 881 1158 646 837 862 1143 1142 853 1152 1051 531
924 450 743 240 1144 1317 611 391 816 696 1066 334 998 1121 355 212 843 478 534 1235 1050 1069 1215 1035 970 854 1064 1474 798 1295 1561 1358 812 886 1076 343 1249 758 1307 934 227 103 776 804 494 0 312 1071 939 836 618 643 1233 1321 634 933 1111 721
911 305 730 148 1131 1104 598 246 803 683 1053 480 985 1021 211 224 829 465 520 1222 1037 1055 1202 822 757 841 1050 1261 784 1083 1348 1145 600 873 1063 489 1036 745 1094 921 113 291 762 591 281 312 0 859 926 624 604 630 1121 1119 621 920 1029 508
699 780 1131 907 1009 642 1016 861 1389 1010 994 1126 619 559 825 957 986 1079 1135 948 623 1020 1039 95 119 845 991 799 1371 621 887 684 1200 928 640 1117 574 972 632 719 873 1016 1037 634 881 1071 859 0 712 328 1116 1070 659 658 1235 1192 567 665
221 894 436 886 481 777 358 835 694 315 403 626 141 261 799 806 291 497 553 572 325 429 552 774 710 150 400 934 675 756 839 819 1477 233 154 616 383 277 767 52 923 859 342 950 1158 939 926 712 0 643 458 412 311 399 653 497 269 980
630 545 1063 673 941 574 947 626 1183 941 925 891 550 490 590 722 918 845 900 879 554 951 970 292 227 776 922 730 1164 552 818 615 965 859 571 882 505 903 564 650 638 781 968 399 646 836 624 328 643 0 984 1001 590 589 1000 1123 498 430
443 572 440 565 700 1181 130 513 514 215 622 304 516 639 477 484 511 175 231 791 569 649 771 1178 1114 373 620 1338 495 1160 1179 1223 1155 453 595 295 824 277 1171 452 601 537 473 951 837 618 604 1116 458 984 0 87 752 840 331 630 630 868
397 597 466 590 654 1135 83 538 539 169 576 329 470 593 503 510 465 201 256 745 523 603 725 1132 1068 326 574 1292 520 1114 1133 1177 1180 407 549 320 777 230 1125 406 626 562 498 977 862 643 630 1070 412 1001 87 0 706 794 356 655 583 894
371 1042 655 1170 504 724 652 1123 913 609 488 920 291 346 1087 1100 510 791 827 547 410 515 534 721 657 443 486 798 894 703 607 766 1462 452 185 910 151 571 714 317 1135 1153 561 896 1143 1233 1121 659 311 590 752 706 0 167 883 716 354 927
460 1041 743 1168 592 723 740 1122 1001 697 576 1008 379 384 1086 1188 598 879 916 635 448 603 622 720 656 532 574 880 982 701 696 764 1461 540 273 998 110 659 713 406 1134 1241 649 895 1142 1321 1119 658 399 589 840 794 167 0 971 804 392 926
750 701 427 694 828 1489 437 642 500 522 750 433 824 947 606 613 526 291 262 919 876 753 899 1312 1247 657 748 1497 482 1467 1307 1530 1192 570 888 424 1066 584 1479 760 730 666 460 1080 873 747 733 1348 766 1113 444 469 994 1083 0 617 937 997
630 888 277 881 431 1258 617 829 458 522 353 620 621 741 793 801 248 478 450 599 756 340 502 1254 1190 378 351 1177 454 1236 987 1215 1471 292 609 611 788 484 1248 492 917 853 276 1267 1153 934 920 1192 497 1123 631 656 716 804 505 0 749 1185
256 950 688 1058 566 632 530 1006 946 541 550 798 176 44 971 978 543 669 724 616 75 577 596 629 565 401 548 789 927 611 876 673 1370 485 197 788 309 512 622 275 1043 1031 594 804 1051 1111 1029 567 269 498 630 583 354 392 825 749 0 835
967 429 994 557 1277 910 862 510 1067 947 1261 776 887 827 475 607 1093 729 784 1216 891 1288 1307 628 564 1105 1259 1067 1048 889 1154 952 849 1137 908 766 842 1009 900 986 522 665 1026 131 531 721 508 665 980 430 868 894 927 926 885 1184 835 0
EOF