NAME : tsp_problem
TYPE : TSP
DIMENSION : 54
EDGE_WEIGHT_TYPE : EXPLICIT
EDGE_WEIGHT_FORMAT : FULL_MATRIX
EDGE_WEIGHT_SECTION
0 675 244 677 824 1068 888 1220 1367 243 1369 1135 704 183 1038 1541 621 1020 961 804 1350 1148 807 1047 301 1175 1057 1454 514 1041 1151 288 842 1283 1246 1186 143 1220 240 860 1355 732 317 237 1426 1143 861 700 1290 683 694 987 1299 366
675 0 517 817 844 1203 786 1355 1029 589 1031 797 726 520 1173 1202 854 681 732 1076 1011 1235 468 952 682 1083 718 1245 494 1216 1059 444 504 944 1154 847 669 1127 513 257 1016 247 530 743 1087 1278 631 362 952 344 858 830 960 404
244 517 0 752 899 1143 963 1295 1209 231 1211 977 778 89 1113 1383 696 862 912 879 1192 1223 649 1122 289 1250 899 1426 483 1115 1226 130 684 1125 1321 1028 238 1294 63 702 1197 574 305 312 1268 1217 812 542 1132 525 769 1011 1141 208
677 817 752 0 222 466 286 618 1130 751 1024 1070 411 691 436 1411 88 521 457 310 809 546 741 445 809 573 991 852 975 479 549 796 777 989 644 1120 671 618 748 983 1142 874 825 467 868 541 356 635 1096 533 92 389 1139 874
824 844 899 222 0 377 81 528 962 898 856 959 542 838 346 1243 235 357 284 324 641 457 768 240 956 368 1018 684 1002 390 345 943 804 821 439 1093 818 413 895 1010 974 901 972 614 700 451 318 662 927 560 163 184 971 911
1068 1203 1143 466 377 0 440 177 866 1142 760 863 826 1081 61 1147 479 716 643 400 545 282 1127 578 1200 376 974 588 1361 156 398 1187 1162 725 413 997 1062 439 1138 1369 878 1260 1215 857 604 100 677 1020 831 918 406 543 875 1265
888 786 963 286 81 440 0 592 951 961 844 948 484 901 410 1231 298 342 269 387 630 509 710 226 1019 357 960 673 944 453 333 893 745 810 428 1082 882 402 958 952 963 843 979 677 688 515 260 603 916 501 226 126 960 853
1220 1355 1295 618 528 177 592 0 894 1293 788 891 978 1233 212 1175 630 861 788 552 573 310 1189 606 1351 404 1002 616 1513 308 426 1338 1314 753 441 1025 1214 467 1290 1521 906 1411 1367 1009 632 192 829 1172 860 1070 558 695 903 1417
1367 1029 1209 1129 962 866 951 894 0 1281 207 356 1210 1212 820 444 1142 1078 1005 1096 374 670 654 823 1374 622 467 402 1187 932 644 1136 822 352 659 490 1361 685 1205 1089 47 1085 1222 1279 287 897 1086 693 154 828 1069 1053 81 1096
243 589 231 751 898 1142 961 1293 1281 0 1283 1049 777 170 1111 1455 694 933 984 878 1264 1222 721 1120 123 1249 970 1497 300 1114 1225 256 756 1196 1320 1099 237 1293 227 773 1268 645 103 311 1340 1216 883 614 1204 596 767 1060 1213 280
1369 1031 1211 1023 856 760 844 788 207 1283 0 358 1212 1214 714 446 1035 972 899 989 245 563 656 717 1376 515 469 319 1189 825 537 1138 824 318 552 492 1363 578 1207 1091 219 1087 1224 1281 181 790 980 695 100 830 963 947 165 1098
1135 797 977 1070 959 863 948 891 356 1049 358 0 978 980 817 530 1106 934 984 1093 339 667 422 821 1142 619 143 573 955 929 641 904 590 271 656 166 1129 682 973 857 344 853 990 1047 415 894 883 461 279 597 1066 1051 288 864
704 726 778 411 542 826 484 978 1210 777 1212 978 0 717 796 1384 448 568 503 670 1091 906 650 687 835 818 900 1134 884 840 794 822 685 1125 889 1028 697 863 774 892 1198 782 851 493 1150 901 403 543 1133 430 452 529 1142 793
183 520 89 691 838 1081 901 1233 1212 170 1214 980 717 0 1051 1386 634 865 915 818 1195 1161 652 1060 228 1188 902 1429 441 1054 1165 133 687 1127 1259 1030 176 1233 84 705 1200 577 244 250 1271 1156 814 545 1135 528 707 1000 1144 211
1038 1173 1113 436 346 61 410 212 820 1111 714 817 796 1051 0 1100 448 686 613 370 499 236 1097 532 1169 330 928 542 1331 126 352 1156 1132 679 367 951 1032 393 1108 1339 832 1229 1185 827 558 135 647 990 785 888 376 513 829 1235
1541 1202 1383 1410 1243 1147 1231 1175 444 1455 446 530 1384 1386 1100 0 1422 1339 1286 1376 622 950 828 1104 1548 902 641 737 1360 1212 924 1309 996 555 939 664 1535 965 1379 1263 432 1259 1395 1452 599 1177 1289 867 367 1002 1350 1334 376 1270
621 854 696 88 235 479 298 630 1142 694 1036 1106 448 634 448 1423 0 558 493 322 822 559 778 457 752 586 1028 865 965 492 562 739 813 1001 656 1156 615 630 691 1020 1154 910 768 410 880 553 393 671 1108 569 104 401 1152 818
1020 681 862 521 357 716 342 861 1078 933 972 934 568 865 686 1339 558 0 96 663 757 636 605 353 1027 485 855 800 839 729 461 788 641 937 555 984 1014 529 858 847 1090 738 874 815 816 790 214 499 1044 397 502 445 1087 748
961 732 912 457 284 643 269 788 1005 984 899 984 503 915 613 1286 493 96 0 590 685 564 656 280 1077 412 905 727 890 656 388 839 691 864 482 1034 955 456 908 898 1017 788 925 751 743 718 141 549 971 447 429 372 1015 799
804 1076 879 310 324 400 387 552 1097 878 990 1094 670 818 370 1377 322 663 590 0 776 513 1000 546 936 607 1205 819 1149 312 629 923 1035 956 644 1228 798 670 875 1242 1109 1133 952 594 834 475 615 893 1062 791 250 490 1106 1001
1350 1011 1192 808 641 545 630 573 374 1264 245 339 1091 1195 499 622 821 757 685 775 0 349 637 503 1357 301 450 269 1169 611 323 1118 805 200 338 473 1344 364 1188 1072 386 1068 1204 1200 111 576 766 676 311 811 749 733 351 1078
1147 1235 1222 545 456 282 509 310 670 1221 563 667 905 1160 236 950 558 636 564 512 349 0 965 382 1279 180 778 392 1393 348 202 1266 1133 529 217 801 1141 243 1218 1400 682 1292 1294 937 408 313 645 1004 635 950 485 612 679 1302
807 468 649 741 768 1127 710 1189 654 721 656 422 650 652 1097 828 778 605 656 1000 637 965 0 876 814 917 344 871 626 1141 939 576 190 570 954 473 801 980 645 457 642 525 661 719 713 1192 555 133 577 268 782 754 586 536
1047 952 1122 445 240 578 226 606 823 1120 717 821 687 1060 532 1104 457 353 280 546 503 382 876 0 1178 230 932 545 1110 612 206 1059 911 682 301 955 1041 274 1117 1118 835 1008 1145 836 561 609 361 769 789 667 385 328 833 1019
301 682 289 809 956 1200 1019 1351 1374 123 1376 1142 835 228 1169 1548 752 1027 1077 936 1357 1280 814 1178 0 1307 1064 1586 394 1172 1283 333 849 1290 1378 1193 295 1351 285 867 1362 739 196 369 1433 1274 977 708 1297 690 825 1118 1306 373
1175 1083 1250 573 368 376 357 404 622 1249 515 619 818 1188 330 902 586 485 412 606 301 180 917 230 1307 0 730 344 1241 442 50 1190 1043 480 169 753 1169 195 1246 1249 634 1140 1276 965 359 407 493 901 587 799 513 460 631 1150
1057 718 899 991 1018 974 960 1002 467 970 469 143 900 902 928 641 1028 855 905 1204 450 778 344 932 1064 730 0 684 876 1040 752 825 512 382 767 245 1051 793 894 778 455 775 911 968 526 1005 805 382 390 518 1032 1004 399 785
1453 1245 1426 851 684 588 673 616 402 1497 319 573 1134 1429 542 737 864 800 727 818 269 392 871 545 1585 344 684 0 1403 654 366 1352 1039 434 381 707 1447 407 1421 1305 414 1302 1438 1242 182 619 808 909 390 1045 791 775 456 1312
514 494 483 975 1002 1361 944 1513 1187 300 1189 955 884 441 1331 1360 965 839 890 1149 1169 1393 626 1110 394 1241 876 1403 0 1374 1217 410 662 1102 1312 1005 508 1285 479 528 1174 551 227 581 1245 1435 789 520 1109 502 1016 988 1118 370
1041 1216 1115 479 390 156 453 308 932 1114 825 929 840 1054 126 1212 492 729 656 312 611 348 1141 612 1172 442 1040 654 1374 0 464 1159 1176 791 479 1063 1034 505 1111 1382 944 1273 1188 830 669 231 690 1034 897 932 420 556 941 1237
1151 1059 1226 549 345 398 333 426 644 1225 537 641 794 1165 352 924 562 461 388 628 323 202 939 206 1283 50 752 366 1217 464 0 1166 1019 503 191 775 1145 195 1222 1225 656 1116 1252 941 381 429 469 877 609 775 490 436 653 1126
288 444 130 796 943 1187 893 1338 1136 256 1138 904 822 133 1156 1309 739 788 839 923 1118 1267 576 1059 333 1190 825 1352 410 1159 1166 0 611 1051 1261 954 282 1235 126 628 1123 500 239 356 1195 1261 738 469 1059 451 812 937 1068 134
842 504 684 777 804 1162 745 1314 822 756 824 590 685 687 1132 996 813 641 691 1035 805 1133 190 911 849 1043 512 1039 662 1176 1019 611 0 738 1113 641 836 1087 680 289 810 404 697 754 881 1237 590 226 745 304 817 790 754 571
1283 944 1125 988 821 725 810 753 352 1196 318 271 1125 1127 679 555 1000 937 864 955 200 529 570 682 1290 480 382 434 1102 791 503 1051 738 0 518 405 1276 544 1120 1004 339 1000 1137 1194 277 756 945 608 275 744 928 912 283 1011
1246 1154 1321 644 439 413 428 441 659 1320 552 656 889 1259 367 939 656 555 482 643 338 217 954 301 1378 169 767 381 1312 479 191 1261 1113 518 0 790 1240 52 1316 1320 671 1210 1347 1035 396 444 564 971 624 869 584 531 668 1221
1186 847 1028 1120 1093 997 1082 1025 490 1099 492 166 1028 1030 951 664 1156 984 1034 1227 473 801 473 955 1193 753 245 707 1005 1063 775 954 641 405 790 0 1180 816 1023 907 478 904 1040 1097 549 1028 934 511 413 647 1161 1133 422 914
143 669 238 671 818 1062 882 1214 1361 237 1363 1129 697 176 1032 1535 615 1014 955 798 1344 1142 801 1041 295 1169 1051 1448 508 1034 1145 282 836 1276 1240 1180 0 1214 234 854 1349 726 310 231 1420 1136 855 694 1284 677 688 981 1293 360
1220 1127 1294 618 413 439 402 467 685 1293 578 682 863 1233 393 965 630 529 456 669 364 243 980 274 1351 195 793 407 1285 505 195 1235 1087 544 52 816 1214 0 1290 1294 697 1184 1321 1009 423 470 537 945 650 843 558 504 694 1195
240 513 63 748 895 1138 958 1290 1205 227 1207 973 774 84 1108 1379 691 858 908 875 1188 1218 645 1117 285 1246 894 1421 479 1111 1222 126 680 1120 1316 1023 234 1290 0 697 1192 570 301 307 1264 1213 807 538 1128 520 764 1007 1137 204
860 257 702 990 1017 1376 959 1528 1096 773 1098 864 898 705 1346 1269 1026 854 904 1249 1078 1407 463 1124 867 1256 785 1312 528 1389 1232 628 295 1011 1326 914 854 1300 697 0 1083 152 714 927 1155 1450 804 440 1019 517 1031 1003 1028 588
1355 1016 1197 1141 974 878 963 906 47 1268 219 344 1198 1200 832 432 1153 1090 1017 1108 386 682 642 835 1362 634 455 414 1174 944 656 1123 810 339 671 478 1349 697 1192 1077 0 1073 1209 1266 299 909 1098 681 142 816 1081 1065 69 1083
732 247 574 874 901 1260 843 1411 1085 645 1087 853 782 577 1229 1259 910 738 788 1133 1068 1292 525 1008 739 1140 775 1302 551 1273 1116 500 411 1000 1210 904 726 1184 570 152 1073 0 586 800 1144 1334 688 418 1008 401 914 887 1017 460
317 530 305 825 972 1215 979 1367 1222 103 1224 990 851 244 1185 1395 768 874 925 952 1204 1295 661 1145 196 1276 911 1438 227 1188 1252 239 697 1137 1347 1040 310 1321 301 714 1209 586 0 384 1281 1290 824 555 1145 537 841 1023 1153 262
237 743 312 467 614 857 677 1009 1279 311 1281 1047 493 250 827 1452 410 815 751 594 1201 937 719 836 369 965 968 1243 581 830 941 356 754 1194 1035 1097 231 1009 307 927 1266 800 384 0 1259 932 650 612 1202 499 483 776 1210 434
1426 1087 1268 867 700 604 688 632 287 1340 181 415 1150 1271 558 599 879 816 743 834 111 408 713 561 1433 359 526 182 1245 669 381 1195 881 277 396 549 1420 423 1264 1148 299 1144 1281 1258 0 634 824 752 253 887 807 791 318 1155
1143 1278 1217 541 451 100 515 192 897 1216 790 894 901 1156 135 1177 553 790 718 475 576 313 1192 609 1274 407 1005 619 1435 231 429 1261 1237 756 444 1028 1136 470 1213 1444 909 1334 1290 932 634 0 751 1095 862 993 481 617 906 1339
861 631 812 356 318 677 260 829 1086 883 980 883 403 814 647 1289 393 214 141 615 766 645 555 361 977 493 805 808 789 690 469 738 590 945 564 934 855 537 807 797 1098 688 824 650 824 751 0 448 1038 346 397 304 1047 698
700 362 542 635 662 1020 603 1172 693 614 695 461 543 545 990 867 671 499 549 893 676 1004 133 769 708 901 382 909 520 1034 877 469 226 608 971 511 694 945 538 433 681 418 555 612 752 1095 448 0 616 162 675 648 625 429
1290 952 1132 1095 927 831 916 860 154 1204 100 279 1133 1135 785 367 1107 1044 971 1061 311 635 577 789 1297 587 390 390 1109 897 609 1059 745 275 624 413 1284 650 1128 1012 142 1008 1145 1202 253 862 1038 616 0 751 1035 1019 86 1019
683 344 525 533 560 918 501 1070 828 596 830 597 430 528 888 1002 569 397 447 791 811 950 268 667 690 799 518 1045 502 932 775 451 304 744 869 647 677 843 520 510 816 401 537 499 887 993 346 162 751 0 573 546 760 411
694 858 769 92 163 406 226 558 1070 767 964 1067 452 707 376 1351 104 502 429 250 749 486 782 385 825 513 1032 792 1016 420 490 812 817 929 584 1161 688 558 764 1024 1082 914 841 483 808 481 397 675 1036 573 0 329 1080 891
987 830 1011 389 184 543 126 695 1053 1060 947 1051 529 1000 513 1334 401 445 372 490 733 612 754 328 1118 460 1004 775 988 556 436 937 790 912 531 1133 981 504 1007 996 1065 887 1023 776 791 617 304 648 1019 546 329 0 1063 897
1299 960 1141 1138 971 875 960 903 81 1213 165 288 1142 1144 829 376 1151 1087 1015 1105 351 679 586 833 1306 631 399 456 1118 941 653 1068 754 283 668 422 1293 694 1137 1021 69 1017 1153 1210 318 906 1047 625 86 760 1079 1063 0 1028
366 404 208 874 911 1265 853 1417 1096 280 1098 864 793 211 1235 1270 818 748 799 1001 1078 1302 536 1019 373 1150 785 1312 370 1237 1126 134 571 1011 1221 914 360 1195 204 588 1083 460 262 434 1155 1339 698 429 1019 411 891 897 1028 0
EOF