NAME : tsp_problem
TYPE : TSP
DIMENSION : 62
EDGE_WEIGHT_TYPE : EXPLICIT
EDGE_WEIGHT_FORMAT : FULL_MATRIX
EDGE_WEIGHT_SECTION
0 623 444 1184 714 519 668 623 1255 1372 499 448 1170 1066 738 1077 1162 221 772 685 606 868 698 1158 768 342 1171 1176 573 1112 253 510 557 599 1249 143 1182 276 1138 979 549 366 1231 492 1084 1111 466 991 1190 1061 1278 582 1073 971 658 911 701 143 461 710 660 306
543 0 805 993 128 732 146 909 1041 1176 712 482 974 571 805 881 966 545 822 1047 832 1246 945 1102 1050 856 1068 980 1087 915 740 406 175 923 1053 656 986 790 643 388 1062 880 1034 527 887 914 501 1208 994 470 1035 1018 1130 380 261 320 868 657 822 319 1157 820
544 805 0 820 896 304 850 255 886 1003 284 380 802 697 370 709 794 556 404 392 237 791 405 930 475 321 896 808 552 743 573 692 739 230 881 326 814 390 770 1024 528 480 862 328 715 742 439 914 821 697 909 289 957 1049 840 1093 332 339 92 892 639 419
1284 993 820 0 1004 813 1047 588 530 455 900 1088 445 548 484 352 437 1296 500 726 701 341 624 257 729 879 162 259 723 109 1301 1366 1135 611 332 1066 457 1022 621 875 698 989 506 1036 136 194 1148 302 465 548 553 733 224 900 1172 1046 547 1079 791 1280 580 1001
634 128 896 1004 0 823 66 920 1052 1187 803 573 985 582 816 892 977 636 833 1058 923 1257 956 1113 1061 947 1079 991 1178 926 831 497 266 943 1064 747 997 881 654 399 1153 971 1046 618 899 926 592 1219 1005 481 1046 1065 1141 392 352 332 879 748 913 410 1168 911
618 732 304 813 823 0 777 247 879 996 118 306 794 690 362 702 786 619 397 458 132 857 471 922 541 396 888 800 627 736 648 618 666 223 873 401 806 465 762 1016 603 554 855 255 708 735 366 980 814 689 902 355 950 1042 767 1020 325 414 320 819 713 494
589 146 850 1047 66 777 0 963 1095 1230 757 527 1028 625 859 935 1020 590 876 1101 877 1300 999 1156 1104 901 1122 1034 1132 969 786 451 220 968 1107 702 1040 835 697 442 1108 925 1088 572 941 969 546 1262 1048 524 1089 1064 1184 434 306 374 922 702 867 365 1211 865
723 909 255 588 920 247 963 0 654 770 334 522 569 464 137 476 561 735 171 298 135 698 311 697 381 347 663 575 524 510 752 834 882 45 648 505 581 535 537 791 499 565 629 470 482 509 582 802 588 464 676 195 724 816 982 962 99 519 225 1034 587 513
1355 1047 886 530 1058 879 1101 654 0 540 966 1154 194 512 550 272 227 1367 566 792 767 783 690 639 795 979 605 517 1045 452 1384 1421 1190 677 590 1137 181 1167 439 929 1020 1197 144 1102 425 452 1214 745 114 602 98 799 667 955 1227 1101 613 1151 857 1334 902 1145
1472 1176 1003 455 1187 996 1230 770 540 0 1083 1271 628 731 667 535 620 1484 683 909 884 691 806 406 912 1096 515 280 1073 378 1501 1549 1318 794 228 1254 617 1284 747 1057 1049 1314 581 1219 350 293 1331 670 622 731 535 916 592 1083 1355 1229 730 1267 974 1463 930 1262
598 712 284 900 803 118 757 334 966 1083 0 287 881 777 449 788 873 600 483 545 219 903 558 1009 628 376 975 887 607 823 628 599 646 310 960 382 893 445 849 1068 583 535 942 235 795 822 347 1025 901 776 989 442 1037 1060 747 1000 412 395 301 799 694 475
368 482 380 1088 573 306 527 522 1154 1271 287 0 1069 965 637 976 1061 370 671 696 407 994 709 1197 779 468 1163 1075 699 1010 565 369 416 498 1148 473 1081 537 1037 838 675 627 1130 101 983 1010 95 1117 1089 920 1177 593 1199 830 517 770 599 482 397 569 786 567
1270 974 802 445 985 794 1028 569 194 628 881 1069 0 529 465 126 56 1282 481 707 682 698 605 554 710 894 520 432 960 368 1299 1347 1116 592 505 1053 36 1082 529 856 936 1112 84 1017 340 367 1129 660 275 529 131 714 582 881 1153 1028 528 1066 772 1261 817 1060
1082 571 697 548 582 690 625 464 505 731 777 965 529 0 361 437 521 1084 377 603 578 802 500 658 606 790 623 536 856 471 1195 945 713 488 608 948 541 977 108 453 831 1008 545 913 443 470 1025 763 549 126 499 610 685 479 750 625 423 961 668 858 713 956
838 805 370 484 816 362 859 137 550 667 449 637 465 361 0 372 457 850 67 322 250 674 335 593 286 462 559 471 639 406 867 949 947 160 544 621 477 650 433 687 614 680 525 585 378 405 697 699 485 360 573 310 621 713 984 859 96 634 340 1092 564 628
1177 881 709 352 892 702 935 476 272 535 788 976 126 437 372 0 118 1190 389 614 590 606 512 462 617 801 427 339 867 275 1206 1255 1023 499 412 960 138 989 509 763 843 1019 187 925 247 274 1036 567 207 436 234 621 489 789 1060 935 435 973 679 1168 724 968
1262 966 794 437 977 786 1020 561 227 620 873 1061 56 521 457 118 0 1274 473 699 674 690 597 546 702 886 512 424 952 359 1291 1339 1108 584 497 1044 68 1074 561 848 928 1104 117 1009 332 359 1121 652 292 521 164 706 574 873 1145 1019 520 1058 764 1253 809 1052
141 545 555 1295 636 619 590 734 1366 1483 600 370 1282 1084 850 1189 1273 0 884 796 717 980 809 1269 880 454 1283 1288 685 1223 228 431 479 710 1361 254 1294 357 1156 901 660 447 1342 414 1195 1222 388 1102 1301 983 1389 694 1184 893 580 833 812 255 572 632 771 387
872 822 404 500 833 397 876 171 566 683 483 671 481 377 67 389 473 885 0 349 285 691 362 610 312 497 576 488 673 423 901 983 964 194 561 655 494 684 449 703 649 714 542 620 395 422 731 715 501 377 589 345 637 729 1001 875 130 668 374 1109 580 663
785 1047 392 726 1058 458 1101 298 792 909 545 696 707 603 322 614 699 797 349 0 346 518 131 808 202 380 801 713 550 648 814 1008 1056 274 786 567 719 568 675 929 526 598 768 644 621 648 756 640 727 602 815 125 722 955 1156 1101 376 581 362 1209 407 546
706 832 237 701 923 132 877 135 767 884 219 407 682 578 250 590 674 718 285 346 0 746 359 811 429 395 776 689 572 624 735 719 766 111 761 488 694 552 650 904 547 613 743 355 596 623 467 868 702 578 790 243 838 930 867 1076 213 502 208 919 635 561
968 1246 791 341 1257 857 1300 698 783 691 903 994 698 802 674 606 690 981 691 518 746 0 416 315 601 563 329 438 408 363 986 1270 1317 673 568 751 710 707 874 1128 383 673 759 913 390 447 1054 148 718 801 806 525 230 1154 1418 1300 737 764 762 1470 265 686
798 945 405 624 956 471 999 311 690 806 558 709 605 500 335 512 597 810 362 131 359 416 0 705 215 393 699 611 448 546 827 1021 1069 287 684 580 617 581 573 827 424 611 665 657 518 545 769 538 624 500 712 138 620 852 1124 999 389 594 375 1222 305 559
1258 1102 930 257 1113 922 1156 697 639 406 1009 1197 554 658 593 462 546 1270 610 808 811 315 705 0 838 853 139 153 697 219 1275 1476 1244 720 283 1040 566 997 730 984 673 963 615 1146 246 224 1257 417 574 657 662 815 345 1010 1281 1156 656 1053 900 1389 554 975
868 1050 475 729 1061 541 1104 381 795 912 628 779 710 606 286 617 702 881 312 202 429 601 215 838 0 464 804 716 634 651 897 1091 1139 357 789 651 722 651 678 932 609 681 770 728 623 650 839 724 730 605 817 209 806 957 1229 1104 348 664 445 1292 491 630
442 857 321 879 948 396 902 347 979 1096 376 468 894 790 462 801 886 455 497 380 395 563 393 853 464 0 867 900 268 836 471 743 791 323 973 225 906 225 862 1116 244 255 955 387 808 835 528 686 914 789 1002 277 768 1142 892 1145 425 238 338 944 355 203
1271 1068 896 162 1079 888 1122 663 605 515 975 1163 520 623 559 427 512 1284 576 801 776 329 699 139 804 867 0 262 711 184 1289 1441 1210 686 393 1054 532 1010 696 950 686 977 581 1111 211 269 1223 314 540 623 628 808 236 975 1247 1122 622 1067 866 1355 568 989
1276 980 808 259 991 800 1034 575 517 280 887 1075 432 536 471 339 424 1289 488 713 689 438 611 153 716 900 262 0 820 182 1305 1353 1122 598 157 1059 444 1088 608 862 795 1086 493 1023 154 98 1135 474 452 535 540 720 396 888 1159 1034 534 1072 778 1267 677 1066
673 1088 552 723 1179 627 1133 524 1045 1073 607 699 960 856 639 867 952 686 673 550 572 408 448 697 634 268 711 820 0 745 691 974 1022 500 950 456 972 412 928 1182 49 378 1021 618 772 829 759 530 980 855 1068 454 612 1208 1123 1354 601 469 569 1175 199 390
1212 915 743 109 926 736 969 510 452 378 823 1010 368 471 406 275 359 1224 423 648 624 363 546 219 651 836 184 182 745 0 1241 1289 1058 533 255 994 380 1023 543 797 720 1011 428 959 70 116 1070 324 387 470 475 656 246 823 1095 969 469 1007 713 1202 602 1002
337 740 573 1301 831 648 786 752 1384 1501 628 565 1299 1195 867 1206 1291 228 901 814 735 986 827 1275 897 471 1289 1305 691 1241 0 627 675 728 1378 272 1311 301 1267 1096 666 391 1360 610 1213 1240 584 1108 1319 1178 1407 711 1190 1089 775 1029 830 272 590 828 777 331
430 406 692 1366 497 618 451 834 1414 1549 599 369 1347 945 949 1255 1339 431 983 1008 719 1269 1021 1476 1091 742 1441 1353 973 1289 627 0 258 810 1426 543 1359 677 1017 762 949 766 1408 413 1261 1288 388 1391 1367 844 1408 905 1473 754 290 575 911 543 709 223 1060 706
478 175 739 1135 266 666 220 882 1183 1318 646 416 1116 713 947 1023 1108 479 964 1056 766 1316 1069 1244 1139 790 1210 1122 1021 1058 675 258 0 857 1195 591 1128 724 786 531 997 814 1177 461 1030 1057 435 1350 1136 613 1177 953 1272 523 113 398 959 591 756 171 1108 754
699 923 230 611 943 223 968 45 677 794 310 498 592 488 160 499 584 711 194 274 111 673 287 720 357 323 686 598 500 533 728 810 857 0 671 481 604 510 560 814 475 540 652 446 505 533 557 796 612 487 700 171 748 840 958 986 122 494 201 1010 563 489
1349 1053 881 332 1064 873 1107 648 590 228 960 1148 505 608 544 412 497 1361 561 786 761 568 684 283 789 973 393 157 950 255 1378 1426 1195 671 0 1132 517 1161 681 935 926 1191 566 1096 227 171 1208 547 525 608 613 793 469 960 1232 1107 607 1145 851 1340 807 1139
243 657 326 1066 748 401 702 505 1137 1254 382 473 1053 948 621 960 1044 255 655 567 488 751 580 1040 651 225 1054 1059 456 994 272 544 592 481 1132 0 1065 159 1020 1013 431 248 1113 392 966 993 501 873 1072 948 1160 465 955 1005 692 945 583 53 343 744 542 188
1282 986 814 457 997 806 1040 581 181 617 893 1081 36 541 477 138 68 1294 494 719 694 710 617 566 722 906 532 444 972 380 1311 1359 1128 604 517 1065 0 1094 516 868 948 1124 71 1029 352 379 1141 672 263 541 118 726 594 893 1165 1040 540 1078 784 1273 829 1072
376 791 390 1022 882 465 836 535 1167 1284 445 537 1082 977 650 989 1074 357 684 568 552 707 581 997 651 225 1010 1088 412 1023 301 677 725 510 1161 159 1094 0 1050 1147 387 178 1142 456 995 1022 597 829 1102 977 1189 465 912 1139 826 1079 612 172 407 878 498 52
1154 643 770 621 654 762 697 537 432 741 849 1037 522 108 433 509 554 1156 449 675 650 874 573 730 678 862 696 608 928 543 1267 1017 786 560 681 1020 509 1050 0 525 904 1080 472 985 515 542 1097 836 513 198 426 682 757 551 823 697 496 1034 740 930 785 1028
899 388 1024 875 399 1016 442 791 922 1057 1068 838 856 453 687 763 848 901 703 929 904 1128 827 984 932 1116 950 862 1182 797 1096 762 531 814 935 1012 868 1146 525 0 1158 1236 916 883 769 796 857 1090 875 352 917 936 1011 99 568 442 750 1013 994 675 1039 1176
649 1063 528 698 1154 603 1109 499 1020 1049 583 675 936 831 614 843 928 661 649 526 547 383 424 673 609 244 686 795 49 720 666 950 998 475 926 431 948 387 904 1158 0 354 996 594 747 805 735 506 955 831 1043 430 588 1183 1098 1329 577 444 545 1151 174 366
466 881 480 989 972 554 926 565 1197 1314 535 627 1112 1008 680 1019 1104 447 714 598 613 673 611 963 681 255 977 1086 378 1011 391 767 815 540 1191 248 1124 178 1080 1237 354 0 1172 545 1025 1052 686 796 1132 1007 1220 495 878 1229 916 1169 642 262 497 968 465 208
1331 1034 862 506 1046 855 1088 629 144 581 942 1130 84 552 525 187 117 1343 542 768 743 759 665 615 770 955 581 493 1021 428 1360 1408 1177 652 566 1113 71 1142 479 916 996 1172 0 1078 400 427 1189 720 226 590 82 775 642 942 1214 1088 588 1126 832 1322 878 1121
413 527 328 1036 618 255 572 470 1102 1219 235 101 1017 913 585 925 1009 414 620 644 355 913 657 1146 728 387 1111 1023 618 959 610 413 461 446 1096 392 1029 456 985 883 594 545 1078 0 931 958 161 1036 1037 913 1125 541 1118 875 562 815 548 405 345 614 704 485
1184 887 715 136 899 708 941 482 425 350 795 983 340 443 378 247 332 1196 395 621 596 390 518 246 623 808 211 154 772 70 1213 1261 1030 505 227 966 352 995 515 769 747 1025 400 931 0 89 1042 351 360 443 447 628 273 795 1067 941 441 979 685 1175 629 974
1211 914 742 194 926 735 969 509 452 293 822 1010 367 470 405 274 359 1223 422 648 623 447 545 224 650 835 269 98 829 116 1240 1288 1057 533 171 993 379 1022 542 796 805 1052 427 958 89 0 1069 409 387 470 474 655 331 822 1094 968 468 1006 713 1202 686 1001
387 501 439 1148 592 366 546 582 1214 1331 347 95 1129 1025 697 1036 1121 388 731 756 467 1054 769 1257 839 528 1223 1135 759 1070 584 388 435 557 1208 500 1141 597 1097 857 735 686 1189 161 1042 1069 0 1177 1149 939 1236 653 1259 849 536 789 659 500 456 588 845 626
1091 1208 914 302 1219 980 1262 802 745 670 1025 1117 660 763 699 567 652 1103 715 640 868 148 538 417 724 686 314 474 530 324 1108 1392 1350 796 547 873 672 829 836 1090 506 796 720 1036 351 409 1177 0 680 763 768 647 103 1115 1387 1261 762 886 884 1495 387 808
1290 994 821 465 1005 814 1048 588 114 622 901 1089 275 549 485 207 292 1302 501 727 702 718 624 574 730 914 540 452 980 387 1319 1367 1136 612 525 1072 263 1102 520 875 955 1132 226 1037 360 387 1149 680 0 549 180 734 602 901 1173 1047 548 1085 792 1281 837 1080
981 470 697 548 481 689 524 464 596 731 776 920 529 126 360 436 521 983 377 602 578 801 500 657 605 789 623 535 855 470 1178 844 613 487 608 948 541 977 198 352 831 1007 590 913 443 470 939 763 549 0 590 609 685 378 650 524 423 961 667 757 712 956
1378 1041 909 553 1053 902 1096 676 98 535 989 1177 131 506 573 234 164 1390 589 815 790 806 712 662 817 1002 628 540 1068 475 1407 1415 1184 700 613 1160 118 1189 433 923 1043 1220 82 1125 447 474 1236 768 180 597 0 822 690 949 1221 1095 635 1173 880 1329 925 1168
682 1018 289 733 1065 355 1064 195 799 916 442 593 714 610 310 621 706 695 345 125 243 525 138 815 209 277 808 720 454 656 711 905 953 171 793 465 726 465 682 936 430 495 775 541 628 655 653 647 734 609 822 0 730 962 1053 1108 273 478 259 1106 414 443
1173 1130 957 224 1141 950 1184 724 667 592 1037 1199 582 685 621 489 574 1185 637 722 838 230 620 345 806 768 236 396 612 246 1190 1474 1272 748 469 955 594 912 757 1011 588 878 642 1118 273 331 1259 103 602 685 690 730 0 1037 1309 1183 683 968 928 1417 469 890
891 380 1049 900 392 1042 434 816 948 1083 1060 830 881 479 713 789 873 893 729 955 930 1154 852 1010 957 1142 975 888 1208 823 1089 754 523 840 960 1004 893 1138 551 99 1183 1228 942 875 795 822 849 1115 901 378 942 962 1037 0 560 434 775 1005 1020 668 1065 1168
578 261 840 1172 352 767 306 982 1220 1355 747 517 1153 750 984 1060 1145 580 1001 1156 867 1417 1124 1281 1229 891 1247 1159 1122 1095 775 290 113 958 1232 691 1165 825 823 568 1097 915 1214 562 1067 1094 536 1387 1173 650 1214 1053 1309 560 0 305 1047 692 857 204 1208 855
831 320 1093 1046 332 1020 374 962 1094 1229 1000 770 1028 625 859 935 1019 833 875 1101 1076 1300 999 1156 1104 1144 1122 1034 1354 969 1029 575 398 986 1107 944 1040 1078 697 442 1329 1168 1088 815 941 968 789 1261 1047 524 1089 1108 1183 434 305 0 922 945 1110 467 1211 1108
801 868 332 547 879 325 922 99 613 730 412 599 528 423 96 435 520 813 130 376 213 737 389 656 348 425 622 534 601 469 830 911 959 122 607 583 540 612 496 750 577 642 588 548 441 468 659 762 548 423 635 273 683 775 1047 922 0 596 302 1112 627 591
243 658 339 1079 749 414 703 519 1151 1267 395 483 1066 961 634 973 1058 256 668 581 502 764 594 1053 664 238 1067 1072 469 1007 272 544 592 494 1145 53 1078 172 1034 1014 444 262 1126 405 979 1006 501 886 1085 961 1173 478 968 1006 693 946 596 0 356 745 555 202
561 822 92 791 913 320 867 225 857 974 301 397 772 668 340 679 764 573 374 362 208 762 375 900 445 338 866 778 569 713 590 709 756 201 851 343 784 407 740 994 545 497 832 345 685 713 456 884 792 667 880 259 928 1020 857 1110 302 356 0 909 651 437
630 319 892 1280 410 819 365 1034 1328 1463 799 569 1261 858 1092 1168 1253 632 1109 1209 919 1469 1222 1389 1292 943 1355 1267 1174 1202 828 223 171 1010 1340 743 1273 877 930 675 1150 967 1322 614 1175 1202 588 1495 1281 757 1322 1106 1417 668 204 467 1112 744 909 0 1260 907
760 1157 639 580 1168 713 1211 587 902 930 694 786 817 713 564 724 809 772 580 407 635 265 305 554 491 355 568 677 199 602 777 1061 1109 563 807 542 829 498 785 1039 174 465 878 704 629 686 845 387 837 712 925 414 469 1065 1209 1211 627 555 651 1261 0 477
406 821 419 1001 912 494 866 513 1145 1262 475 567 1060 956 628 968 1052 387 663 546 561 686 559 975 630 203 989 1066 390 1002 331 707 755 489 1139 188 1072 52 1028 1177 366 208 1121 485 974 1001 626 808 1080 956 1168 443 890 1169 856 1109 591 202 437 908 477 0
EOF