NAME : tsp_problem
TYPE : TSP
DIMENSION : 26
EDGE_WEIGHT_TYPE : EXPLICIT
EDGE_WEIGHT_FORMAT : FULL_MATRIX
EDGE_WEIGHT_SECTION
0 403 2374 1309 453 111 576 536 1842 1460 197 368 838 463 382 361 354 1052 1117 532 592 1285 709 481 1308 731
403 0 2048 1432 576 396 944 271 1517 1541 228 339 1098 192 462 346 251 1132 1376 207 672 1545 887 349 983 419
2374 2048 0 3143 2287 2367 2889 1878 967 3246 2199 2045 2809 2204 2167 2052 2222 2837 3088 1864 2378 3256 2598 2055 1371 1971
1088 1211 2922 0 653 1081 1176 1066 2390 1595 1050 895 741 1316 813 888 1207 1205 535 1327 985 694 804 1008 1857 1552
453 576 2287 939 0 446 720 430 1755 1201 414 259 605 680 178 253 571 792 884 692 383 1052 394 372 1221 917
111 396 2367 1302 446 0 580 529 1835 1453 190 361 842 456 375 355 347 1045 1120 525 585 1289 712 474 1302 724
576 944 2889 1157 720 580 0 1033 2357 1775 737 862 543 1004 814 855 894 1366 822 1073 1071 990 414 975 1824 1271
536 271 1878 1286 430 529 1033 0 1346 1390 421 188 953 437 311 195 445 981 1231 283 521 1399 742 198 812 555
1842 1517 967 2611 1755 1835 2357 1346 0 2714 1667 1513 2278 1672 1636 1520 1690 2306 2556 1332 1846 2724 2066 1523 839 1439
1460 1541 3246 1595 1201 1453 1793 1390 2714 0 1422 1219 1619 1688 1147 1212 1579 575 1897 1651 1175 2065 1408 1331 2181 1882
197 228 2199 1270 414 190 737 421 1667 1422 0 329 937 288 343 323 179 1013 1215 357 553 1383 725 442 1133 556
368 339 2045 1116 259 361 862 188 1513 1219 329 0 782 505 140 54 486 810 1060 449 350 1229 571 130 979 681
856 1098 2809 741 605 860 562 953 2278 1619 937 782 0 1203 700 776 1094 1210 340 1214 957 573 258 895 1744 1440
463 192 2204 1536 680 456 1004 437 1672 1688 288 505 1203 0 609 512 311 1279 1481 362 819 1649 991 515 1139 296
382 462 2167 1129 273 375 875 311 1636 1147 343 140 796 609 0 134 500 739 1074 572 279 1242 584 253 1102 804
361 346 2052 1109 253 355 855 195 1520 1212 323 54 776 512 134 0 480 804 1054 456 344 1222 564 137 986 688
354 251 2222 1427 571 347 894 445 1690 1579 179 486 1094 311 500 480 0 1170 1372 380 710 1540 882 523 1157 579
1052 1132 2837 1205 792 1045 1384 981 2306 575 1013 810 1210 1279 739 804 1170 0 1489 1242 766 1657 999 923 1772 1474
1135 1376 3088 535 884 1138 840 1231 2556 1897 1215 1060 340 1481 978 1054 1372 1489 0 1492 1235 524 536 1173 2022 1718
532 207 1864 1548 692 525 1073 283 1332 1651 357 449 1214 362 572 456 380 1242 1492 0 783 1661 1003 459 798 408
592 672 2378 1258 383 585 1085 521 1846 1175 553 350 971 819 279 344 710 766 1249 783 0 1417 760 463 1312 1014
1303 1545 3256 694 1052 1307 1008 1399 2724 2065 1383 1229 573 1649 1147 1222 1540 1657 524 1661 1403 0 704 1341 2190 1886
727 887 2598 804 394 731 432 742 2066 1408 725 571 258 991 489 564 882 999 536 1003 745 704 0 683 1533 1228
481 349 2055 1228 372 474 975 198 1523 1331 442 130 895 515 253 137 523 923 1173 459 463 1341 683 0 989 691
1308 983 1371 2077 1221 1302 1824 812 839 2181 1133 979 1744 1139 1102 986 1157 1772 2022 798 1312 2190 1533 989 0 905
731 419 1971 1773 917 724 1271 555 1439 1882 556 681 1440 296 804 688 579 1474 1718 408 1014 1886 1228 691 905 0
EOF