NAME : tsp_problem
TYPE : TSP
DIMENSION : 26
EDGE_WEIGHT_TYPE : EXPLICIT
EDGE_WEIGHT_FORMAT : FULL_MATRIX
EDGE_WEIGHT_SECTION
0 77 1098 1212 983 1010 637 349 970 1074 426 163 1233 881 219 1386 1080 343 1159 382 997 116 392 1395 282 572
77 0 1038 1152 923 950 577 388 909 1014 466 202 1173 934 159 1326 1020 384 1099 421 937 56 389 1335 335 611
1098 1038 0 449 385 766 1020 1369 371 831 1481 1217 634 1956 930 714 837 1400 560 1259 399 1002 1113 796 1357 1626
1212 1152 449 0 499 880 1134 1483 485 945 1595 1332 438 2070 1044 343 951 1514 364 1373 513 1116 1227 596 1471 1740
983 923 385 499 0 651 905 1254 112 716 1366 1102 485 1841 815 528 721 1285 445 1144 140 887 998 439 1242 1511
1010 950 748 862 633 0 1007 1001 619 94 1121 959 883 1867 843 1036 99 1077 809 891 647 913 745 1045 1268 1290
637 577 1020 1134 905 1025 0 948 891 1090 1025 762 1154 1494 433 1308 1096 944 1080 845 918 540 700 1316 895 1170
349 388 1369 1483 1254 1001 948 0 1240 1066 163 214 1504 1128 530 1657 1072 312 1429 138 1268 427 279 1666 529 332
970 909 371 485 112 638 891 1240 0 702 1352 1089 418 1827 801 461 708 1271 431 1130 126 873 984 505 1228 1497
1074 1014 813 927 698 94 1072 1066 684 0 1186 1023 947 1932 907 1101 44 1141 873 956 711 978 810 1109 1333 1354
426 466 1481 1595 1366 1121 1025 163 1352 1186 0 291 1616 1064 608 1769 1191 248 1542 258 1380 504 399 1778 465 196
163 202 1217 1332 1102 959 762 214 1089 1023 291 0 1352 1020 344 1506 1029 210 1278 247 1116 241 257 1514 421 436
1233 1173 634 438 485 901 1154 1504 418 965 1616 1352 0 2091 1064 188 971 1534 209 1393 471 1136 1248 241 1492 1761
881 934 1956 2070 1841 1867 1494 1128 1827 1932 1064 1020 2091 0 1077 2244 1938 841 2016 1160 1855 973 1170 2253 720 931
219 159 931 1046 816 843 433 530 803 907 608 344 1066 1077 0 1220 913 526 992 427 830 122 282 1228 478 753
1386 1326 714 343 528 1054 1308 1657 461 1119 1769 1506 188 2244 1218 0 1125 1688 271 1547 514 1290 1401 284 1645 1914
1080 1020 818 932 703 99 1077 1072 690 44 1191 1029 953 1938 913 1107 0 1147 879 961 717 983 816 1115 1339 1360
343 384 1400 1514 1285 1077 944 312 1271 1141 248 210 1534 841 526 1688 1147 0 1460 345 1298 423 354 1696 242 393
1159 1099 560 364 445 827 1080 1429 431 891 1542 1278 209 2016 990 271 897 1460 0 1319 459 1062 1173 324 1417 1687
382 421 1259 1373 1144 891 845 138 1130 956 258 247 1393 1160 427 1547 961 345 1319 0 1157 460 169 1555 561 426
997 937 399 513 140 665 918 1268 126 729 1380 1116 471 1855 829 514 735 1298 459 1157 0 900 1012 426 1256 1525
116 56 1002 1116 887 913 540 427 873 978 504 241 1136 973 122 1290 983 423 1062 460 900 0 352 1298 374 649
392 389 1113 1227 998 745 700 279 984 810 399 257 1248 1170 282 1401 816 354 1173 169 1012 352 0 1410 571 567
1395 1335 796 596 439 1063 1316 1666 505 1127 1778 1514 241 2253 1226 284 1133 1696 324 1555 426 1298 1410 0 1654 1923
282 335 1357 1471 1242 1268 895 529 1228 1333 465 421 1492 720 478 1645 1339 242 1417 561 1256 374 571 1654 0 437
572 611 1626 1740 1511 1290 1170 332 1497 1354 196 436 1761 931 753 1914 1360 393 1687 426 1525 649 567 1923 437 0
EOF