NAME : tsp_problem
TYPE : TSP
DIMENSION : 44
EDGE_WEIGHT_TYPE : EXPLICIT
EDGE_WEIGHT_FORMAT : FULL_MATRIX
EDGE_WEIGHT_SECTION
0 1135 1226 1084 533 260 1163 760 650 226 572 184 767 607 370 280 633 536 1336 532 397 364 647 948 772 325 523 945 301 474 559 676 1076 965 913 310 271 1007 280 875 787 580 407 391
1098 0 1416 1274 804 946 1353 1302 1277 1102 1198 1060 525 1446 1103 1014 541 807 1060 1357 825 896 1486 1139 1314 864 1399 1135 1177 763 620 1502 1266 1525 1103 901 1005 1197 1013 1065 545 1206 1135 884
1244 1416 0 233 1288 1118 294 1568 1016 1357 937 1315 1317 1707 1358 1268 1332 1291 1025 1618 996 1169 1746 450 1580 1130 1653 614 1431 895 1278 1762 322 1792 391 1073 1259 453 1268 544 1336 945 1395 1055
1102 1274 233 0 1146 975 229 1426 874 1215 795 1173 1175 1564 1216 1126 1190 1149 960 1476 854 1026 1604 331 1438 988 1511 472 1289 753 1136 1620 407 1650 202 931 1117 389 1126 402 1194 803 1253 913
533 804 1303 1161 0 415 1240 700 1103 537 1025 495 437 844 538 449 303 107 1239 756 486 295 884 1025 712 262 834 1022 612 424 228 900 1152 924 989 465 439 1083 448 952 456 1033 533 545
260 1017 1118 975 415 0 1055 645 701 264 623 222 650 614 265 176 516 418 1101 525 149 246 654 840 658 208 561 837 339 239 441 670 967 869 804 62 167 898 176 767 669 631 303 143
1181 1353 294 229 1225 1055 0 1505 953 1294 875 1252 1254 1644 1295 1206 1269 1228 815 1555 933 1106 1683 532 1517 1067 1590 551 1369 832 1215 1699 467 1729 403 1010 1196 194 1205 481 1273 883 1332 992
760 1302 1568 1426 700 645 1505 0 1334 632 1256 676 934 658 488 505 800 703 1551 569 751 531 698 1290 54 456 662 1287 630 690 726 569 1418 583 1254 695 572 1349 506 1217 954 1264 415 776
650 1259 998 856 1089 701 935 1334 0 844 107 802 1159 1225 954 865 1154 1092 1276 1150 645 935 1265 720 1347 897 1141 717 919 735 1079 1294 848 1558 684 656 856 779 865 647 1179 176 991 573
226 1139 1357 1215 537 264 1294 632 844 0 766 158 772 418 353 285 638 540 1340 343 401 368 458 1079 644 330 334 1076 112 479 563 487 1207 776 1043 314 276 1138 284 1006 791 774 241 395
572 1180 919 777 1010 623 856 1256 107 766 0 724 1081 1146 875 786 1075 1013 1197 1071 567 856 1186 642 1268 818 1062 638 840 657 1000 1216 769 1479 606 578 777 700 786 568 1100 98 913 494
184 1097 1315 1173 495 222 1252 676 802 158 724 0 730 462 332 243 596 498 1298 387 359 326 502 1037 688 288 378 1034 156 437 521 531 1165 820 1001 272 234 1096 242 964 749 732 285 353
767 525 1317 1175 437 650 1254 934 1177 772 1099 730 0 1079 772 683 173 440 961 990 670 529 1119 1039 947 497 1068 1036 846 608 253 1135 1167 1158 1003 699 674 1098 683 966 156 1107 767 729
607 1446 1707 1564 844 614 1644 658 1225 418 1146 462 1079 0 447 463 945 847 1690 135 751 675 128 1429 670 601 112 1426 341 828 870 279 1556 669 1393 664 530 1487 465 1356 1098 1154 335 745
370 1140 1358 1216 538 265 1295 488 954 353 875 332 772 447 0 114 639 541 1341 358 402 369 487 1080 501 330 452 1077 350 479 564 503 1207 712 1044 315 182 1138 116 1007 792 883 136 396
280 1050 1268 1126 449 176 1206 505 865 285 786 243 683 463 114 0 549 452 1251 375 313 279 503 991 517 241 468 987 359 390 474 519 1118 728 955 226 187 1049 132 917 703 794 152 306
633 541 1332 1190 303 516 1269 800 1154 638 1075 596 173 945 639 549 0 306 976 856 536 395 985 1054 813 363 934 1051 712 475 119 1001 1182 1024 1018 566 540 1113 549 981 193 1083 634 595
536 807 1306 1163 107 418 1243 703 1106 540 1028 498 440 847 541 452 306 0 1242 759 489 298 887 1028 715 265 837 1025 615 427 231 903 1155 927 992 468 442 1086 451 955 459 1036 536 548
1115 1060 1025 960 967 963 815 1330 1294 1119 1215 1077 961 1469 1120 1031 976 969 0 1380 841 931 1509 911 1343 892 1416 742 1194 780 942 1524 1038 1554 875 918 1021 658 1030 772 980 1223 1157 901
532 1357 1618 1476 756 525 1555 569 1150 343 1071 387 990 135 358 375 856 759 1601 0 662 586 174 1340 582 512 139 1337 341 740 781 167 1467 624 1304 575 442 1399 376 1267 1010 1079 247 656
397 962 996 854 471 149 933 751 645 401 567 359 670 751 402 313 536 474 979 662 0 352 791 718 763 313 698 715 476 118 461 807 846 975 682 104 304 777 312 645 689 575 439 87
364 896 1169 1026 295 246 1106 531 935 368 856 326 529 675 369 279 395 298 1152 586 352 0 715 891 543 93 664 887 443 290 320 731 1018 754 855 296 270 949 279 818 549 864 364 377
647 1486 1746 1604 884 654 1683 698 1265 458 1186 502 1119 128 487 503 985 887 1729 174 791 715 0 1469 710 640 151 1465 381 868 910 288 1596 640 1433 704 570 1527 505 1395 1138 1194 375 784
967 1139 450 331 1011 840 532 1290 738 1079 660 1037 1039 1429 1080 991 1054 1013 911 1340 718 891 1469 0 1303 853 1376 336 1154 618 1000 1485 176 1514 160 795 982 398 990 266 1059 668 1117 778
772 1314 1580 1438 712 658 1517 54 1347 644 1268 688 947 670 501 517 813 715 1563 582 763 543 710 1303 0 468 675 1299 642 702 738 581 1430 596 1267 707 584 1361 519 1229 966 1276 427 788
325 864 1130 988 262 208 1067 456 897 330 818 288 497 601 330 241 363 265 1113 512 313 93 640 853 468 0 605 849 404 252 288 656 980 680 817 257 232 911 241 779 516 826 289 338
523 1435 1653 1511 834 561 1590 662 1141 334 1062 378 1068 112 452 468 934 837 1636 139 698 664 151 1376 675 605 0 1372 257 775 859 283 1503 735 1340 611 535 1434 469 1302 1088 1070 340 691
963 1135 614 472 1007 837 551 1287 735 1076 656 1034 1036 1426 1077 987 1051 1010 742 1337 715 887 1465 336 1299 849 1372 0 1150 614 997 1481 463 1511 300 792 978 394 987 104 1055 664 1114 774
301 1213 1431 1289 612 339 1369 630 919 112 840 156 846 341 350 359 712 615 1415 341 476 443 381 1154 642 404 257 1150 0 553 638 485 1281 774 1118 389 350 1212 359 1081 866 848 239 470
474 861 895 753 410 239 832 690 735 479 657 437 608 828 479 390 475 413 878 740 118 290 868 618 702 252 775 614 553 0 400 884 745 913 582 194 381 676 390 544 628 665 517 177
559 620 1278 1136 228 441 1215 726 1079 563 1000 521 253 870 564 474 119 231 1055 781 461 320 910 1000 738 288 859 997 638 400 0 926 1128 949 964 491 465 1059 474 927 272 1008 559 520
676 1502 1762 1620 900 670 1699 569 1294 487 1216 531 1135 279 503 519 1001 903 1745 167 807 731 288 1485 581 656 283 1481 485 884 926 0 1612 476 1449 719 586 1543 520 1411 1154 1224 391 800
1094 1266 322 407 1138 967 467 1418 866 1207 787 1165 1167 1556 1207 1118 1182 1141 1038 1467 846 1018 1596 176 1430 980 1503 463 1281 745 1128 1612 0 1641 287 922 1109 525 1118 393 1186 795 1245 905
965 1525 1792 1650 924 869 1729 583 1558 776 1479 820 1158 669 712 728 1024 927 1775 624 975 754 640 1514 596 680 735 1511 774 913 949 476 1641 0 1478 919 796 1572 730 1441 1178 1487 639 1000
931 1103 391 202 975 804 403 1254 703 1043 624 1001 1003 1393 1044 955 1018 978 875 1304 682 855 1433 160 1267 817 1340 300 1118 582 964 1449 287 1478 0 759 946 362 955 230 1023 632 1081 742
310 1039 1073 931 465 62 1010 695 656 314 578 272 699 664 315 226 566 468 1056 575 104 296 704 795 707 257 611 792 389 194 491 719 922 919 759 0 216 853 225 722 719 586 352 98
271 1041 1259 1117 439 167 1196 572 856 276 777 234 674 530 182 187 540 442 1242 442 304 270 570 982 584 232 535 978 350 381 465 586 1109 796 946 216 0 1040 187 908 693 785 219 297
1025 1197 453 389 1069 898 194 1349 797 1138 718 1096 1098 1487 1138 1049 1113 1072 658 1399 777 949 1527 398 1361 911 1434 394 1212 676 1059 1543 525 1572 362 853 1040 0 1049 325 1117 726 1176 836
280 1050 1268 1126 448 176 1205 506 865 284 786 242 683 465 116 132 549 451 1251 376 312 279 505 990 519 241 469 987 359 390 474 520 1118 730 955 225 187 1049 0 917 702 794 153 306
893 1065 544 402 937 767 481 1217 665 1006 587 964 966 1356 1007 917 981 940 772 1267 645 818 1395 266 1229 779 1302 104 1081 544 927 1411 393 1441 230 722 908 325 917 0 985 595 1044 704
787 545 1336 1194 456 669 1273 954 1197 791 1118 749 156 1098 792 703 193 459 980 1010 689 549 1138 1059 966 516 1088 1055 866 628 272 1154 1186 1178 1023 719 693 1117 702 985 0 1126 787 748
580 1188 927 785 1018 631 864 1264 176 774 98 732 1089 1154 883 794 1083 1021 1205 1079 575 864 1194 650 1276 826 1070 646 848 665 1008 1224 777 1487 614 586 785 708 794 576 1108 0 921 502
407 1135 1395 1253 533 303 1332 415 991 241 913 285 767 335 136 152 634 536 1378 247 439 364 375 1117 427 289 340 1114 239 517 559 391 1245 639 1081 352 219 1176 153 1044 787 921 0 433
391 1021 1055 913 531 143 992 776 573 395 494 353 729 745 396 306 595 534 1038 656 87 377 784 778 788 338 691 774 470 177 520 800 905 1000 742 98 297 836 306 704 748 502 433 0
EOF