NAME : tsp_problem
TYPE : TSP
DIMENSION : 20
EDGE_WEIGHT_TYPE : EXPLICIT
EDGE_WEIGHT_FORMAT : FULL_MATRIX
EDGE_WEIGHT_SECTION
0 1685 561 487 268 279 1170 667 680 1471 1585 627 1450 237 200 1598 407 1737 597 528
1685 0 1226 1319 1525 1561 557 1457 1469 1239 459 1114 293 1472 1513 585 1396 724 1386 1184
561 1226 0 115 321 461 710 252 265 1005 1125 401 990 372 413 1138 296 1278 182 248
487 1319 115 0 248 443 803 222 234 1098 1219 494 1083 354 395 1231 390 1371 151 342
268 1525 321 248 0 266 1009 428 440 1304 1425 700 1289 353 347 1437 516 1577 357 548
279 1561 461 443 266 0 1045 623 636 1346 1461 516 1325 112 106 1473 293 1613 553 404
1170 557 710 803 1009 1045 0 941 954 724 457 598 322 956 997 470 881 609 871 668
667 1457 252 222 428 623 941 0 54 1236 1356 632 1221 534 575 1369 527 1509 139 479
680 1469 265 234 440 636 954 54 0 1248 1369 645 1234 547 588 1382 540 1521 126 492
1471 1239 1005 1098 1304 1346 724 1236 1248 0 1139 904 1004 1257 1298 1152 1181 1291 1165 974
1585 459 1125 1219 1425 1461 457 1356 1369 1139 0 1013 336 1371 1412 174 1296 319 1286 1083
627 1114 401 494 700 516 598 632 645 941 1013 0 878 427 468 1026 352 1166 562 179
1450 293 990 1083 1289 1325 322 1221 1234 1004 336 878 0 1236 1277 349 1161 489 1151 948
237 1472 372 354 353 112 956 534 547 1257 1371 427 1236 0 64 1384 204 1524 464 314
200 1513 413 395 347 106 997 575 588 1298 1412 468 1277 64 0 1425 245 1565 505 355
1598 585 1138 1231 1437 1473 470 1369 1382 1152 174 1026 349 1384 1425 0 1309 179 1298 1096
407 1396 296 390 516 293 881 527 540 1181 1296 352 1161 204 245 1309 0 1448 457 239
1737 724 1278 1371 1577 1613 609 1509 1521 1291 319 1166 489 1524 1565 179 1448 0 1438 1236
597 1386 182 151 357 553 871 139 126 1165 1286 562 1151 464 505 1298 457 1438 0 409
528 1184 248 342 548 404 668 479 492 1011 1083 179 948 314 355 1096 239 1236 409 0
EOF