NAME : tsp_problem
TYPE : TSP
DIMENSION : 48
EDGE_WEIGHT_TYPE : EXPLICIT
EDGE_WEIGHT_FORMAT : FULL_MATRIX
EDGE_WEIGHT_SECTION
0 835 933 1331 1107 91 1429 1121 208 170 790 840 736 1184 512 1128 860 468 1088 491 1635 1288 303 309 803 1146 810 176 358 1418 182 1338 588 222 1319 953 1231 820 214 330 1513 1285 2550 142 573 1220 1242 1213
835 0 336 832 608 812 930 314 830 725 304 856 753 686 789 630 877 485 505 769 1136 789 919 561 186 647 826 944 831 919 716 839 910 990 820 454 423 277 711 803 1014 478 2051 910 1093 722 743 714
933 590 0 701 429 910 756 648 928 823 177 895 791 554 887 498 915 583 191 867 963 657 1017 659 623 468 864 1042 929 739 814 659 1008 1088 646 323 757 715 809 901 843 427 1871 1008 1191 548 569 582
1331 1053 701 0 542 1308 388 1155 1326 1221 575 979 875 413 1285 225 999 952 648 1264 581 202 1414 1057 1021 577 949 1440 1327 716 1212 636 1405 1485 278 394 1264 1112 1207 1299 427 934 1768 1406 1589 312 279 163
1107 825 429 542 0 1084 461 883 1102 997 351 1034 930 328 1061 415 1055 757 376 1041 668 363 1191 833 797 173 1004 1216 1104 445 988 364 1182 1262 351 240 992 889 983 1075 548 662 1576 1182 1365 253 274 459
91 812 910 1308 1084 0 1406 1098 148 110 767 817 713 1161 489 1105 837 445 1065 468 1612 1265 243 286 780 1123 787 231 298 1395 123 1315 609 277 1296 930 1207 872 154 270 1490 1262 2527 197 628 1197 1219 1189
1429 1151 756 388 461 1406 0 1210 1424 1318 673 1121 1018 333 1383 367 1142 1078 703 1362 374 210 1512 1155 1119 497 1091 1538 1425 426 1310 346 1503 1583 198 492 1320 1210 1305 1397 254 989 1406 1504 1687 232 199 305
1121 314 622 1118 883 1098 1210 0 1116 1011 591 1143 1039 972 1075 916 1163 771 646 1055 1417 1075 1205 848 472 922 1113 1230 1118 1194 1002 1114 1196 1276 1100 741 135 564 997 1089 1297 536 2326 1196 1379 1002 1024 1000
208 830 928 1326 1102 148 1424 1116 0 128 785 835 731 1179 507 1124 855 463 1083 486 1630 1283 132 304 799 1141 805 348 316 1413 141 1333 627 394 1314 948 1226 890 172 288 1508 1280 2545 314 745 1216 1237 1208
170 725 823 1221 997 110 1318 1011 128 0 680 729 626 1074 401 1018 750 358 977 381 1525 1177 223 199 693 1036 699 310 278 1308 76 1227 522 356 1208 843 1120 784 134 250 1402 1175 2439 276 705 1110 1132 1102
790 512 177 575 351 767 673 798 785 680 0 752 648 429 744 373 772 440 332 724 879 532 874 517 481 390 722 899 787 662 671 582 865 945 563 197 908 572 666 758 757 582 1794 865 1048 465 486 457
822 838 895 979 1034 799 1121 1124 817 711 752 0 144 941 776 776 202 379 1049 755 1314 936 905 548 807 1073 201 930 818 1345 702 1265 896 976 1011 811 1234 898 698 790 1161 1288 2477 896 1080 977 999 861
718 734 791 875 930 695 1018 1021 713 608 648 144 0 838 672 673 164 276 946 651 1211 832 801 444 703 969 114 827 714 1241 599 1161 792 873 908 707 1130 794 594 686 1057 1185 2373 793 976 874 895 757
1184 906 554 413 328 1161 333 1008 1179 1074 429 941 838 0 1138 309 962 834 501 1118 540 235 1268 911 875 363 911 1293 1181 502 1065 422 1259 1339 223 248 1118 966 1060 1152 420 787 1634 1259 1442 125 146 331
512 789 887 1285 1061 489 1383 1075 507 401 744 794 690 1138 0 1082 814 422 1042 302 1589 1242 595 263 757 1100 764 621 508 1372 393 1292 285 548 1273 907 1185 849 388 480 1467 1239 2504 587 398 1174 1196 1167
1128 850 498 225 415 1105 367 953 1124 1018 373 776 673 309 1082 0 797 749 445 1062 560 182 1212 855 819 454 746 1237 1125 695 1009 615 1203 1283 257 192 1062 910 1005 1097 407 731 1748 1203 1386 292 259 142
842 858 915 999 1055 819 1142 1145 837 732 772 202 164 962 796 797 0 400 1070 776 1335 956 925 568 827 1094 77 951 838 1365 723 1285 917 997 1032 831 1254 918 718 810 1181 1309 2497 917 1100 998 1019 881
468 485 583 970 757 445 1078 771 463 358 440 398 294 834 422 768 418 0 737 402 1285 927 552 194 453 796 368 577 465 1067 349 987 543 623 968 603 880 544 344 436 1152 935 2199 543 726 870 891 852
1102 587 191 648 376 1079 703 646 1097 992 346 1064 960 501 1056 445 1084 752 0 1036 910 605 1186 829 746 415 1034 1211 1099 686 983 606 1177 1257 593 270 755 837 978 1070 790 424 1818 1177 1360 495 516 529
491 769 867 1264 1041 468 1362 1055 486 381 724 773 670 1118 302 1062 794 402 1021 0 1569 1221 575 243 737 1080 743 600 488 1351 372 1271 306 646 1252 887 1164 828 367 459 1446 1219 2483 566 489 1154 1176 1146
1635 1357 963 581 668 1612 374 1417 1630 1525 879 1314 1211 540 1589 560 1335 1285 910 1569 0 416 1719 1362 1326 703 1284 1744 1632 693 1516 613 1710 1790 404 699 1526 1417 1511 1603 182 1196 1508 1710 1893 439 406 498
1288 1010 657 202 363 1265 210 1112 1283 1177 532 936 832 235 1242 182 956 909 605 1221 416 0 1371 1014 978 399 906 1396 1284 538 1169 458 1362 1442 100 351 1221 1069 1164 1256 297 890 1590 1362 1546 134 101 120
303 919 1017 1414 1191 243 1512 1205 132 223 874 923 820 1268 595 1212 944 552 1171 575 1719 1371 0 393 887 1230 893 389 313 1501 236 1421 716 489 1402 1037 1314 978 260 272 1596 1369 2633 410 841 1304 1325 1296
309 561 659 1057 833 286 1155 848 304 199 517 566 462 911 263 855 586 194 814 243 1362 1014 393 0 530 872 536 418 305 1144 190 1064 384 464 1045 679 957 621 185 277 1239 1012 2276 384 567 947 968 939
803 186 304 800 577 780 898 472 799 693 273 825 721 654 757 598 845 453 473 737 1105 757 887 530 0 616 795 853 800 887 684 807 878 899 788 423 582 119 680 772 982 636 2019 819 1061 690 711 682
1146 864 468 577 173 1123 497 922 1141 1036 390 1073 969 363 1100 454 1094 796 415 1080 703 399 1230 872 836 0 1043 1255 1143 480 1027 400 1221 1301 387 279 1031 928 1022 1114 583 701 1612 1221 1404 288 310 494
792 808 864 949 1004 768 1091 1094 787 681 722 201 114 911 746 746 77 349 1019 725 1284 906 875 518 776 1043 0 900 788 1315 672 1235 866 946 981 781 1204 868 668 760 1131 1258 2447 866 1050 947 969 831
176 944 1042 1440 1216 231 1538 1230 348 310 899 949 845 1293 621 1237 969 577 1197 600 1744 1396 389 418 853 1255 919 0 498 1527 323 1447 648 171 1427 1062 1339 769 354 470 1622 1394 2658 91 633 1329 1351 1321
358 831 929 1327 1104 298 1425 1118 316 278 787 836 732 1181 508 1125 856 465 1084 488 1632 1284 313 305 800 1143 806 498 0 1414 291 1334 629 544 1315 949 1227 891 173 120 1509 1282 2546 464 812 1217 1238 1209
1418 1136 739 716 445 1395 426 1194 1413 1308 662 1345 1241 502 1372 695 1365 1067 686 1351 693 538 1501 1144 1108 480 1315 1527 1414 0 1299 107 1492 1572 526 551 1303 1199 1294 1386 654 972 1528 1493 1676 427 449 633
182 716 814 1212 988 123 1310 1002 141 76 671 721 617 1065 393 1009 741 349 969 372 1516 1169 236 190 684 1027 691 323 291 1299 0 1219 513 369 1199 834 1111 776 147 262 1394 1166 2431 289 697 1101 1123 1093
1338 1056 659 636 364 1315 346 1114 1333 1227 582 1265 1161 422 1292 615 1285 987 606 1271 613 458 1421 1064 1028 400 1235 1447 1334 107 1219 0 1412 1492 446 470 1223 1119 1214 1306 574 892 1448 1413 1596 347 369 553
588 910 1008 1405 1182 609 1503 1196 627 522 865 914 811 1259 285 1203 935 543 1162 306 1710 1362 716 384 878 1221 884 648 629 1492 513 1412 0 513 1393 1028 1305 969 508 600 1587 1360 2624 594 214 1295 1317 1287
222 990 1088 1485 1262 277 1583 1276 394 356 945 994 891 1339 548 1283 1015 623 1242 646 1790 1442 489 464 899 1301 964 171 544 1572 369 1492 513 0 1473 1108 1385 815 400 516 1667 1440 2704 118 498 1375 1397 1367
1319 1041 646 278 351 1296 198 1100 1314 1208 563 1011 908 223 1273 257 1032 968 593 1252 404 100 1402 1045 1009 387 981 1427 1315 526 1199 446 1393 1473 0 382 1210 1100 1195 1287 281 879 1578 1393 1577 122 89 195
953 675 323 394 240 930 492 777 948 843 197 811 707 248 907 192 831 603 270 887 699 351 1037 679 643 279 781 1062 949 551 834 470 1028 1108 382 0 886 735 829 921 576 556 1682 1028 1211 284 305 276
1231 423 731 1228 992 1207 1320 135 1226 1120 700 1252 1148 1081 1185 1025 1272 880 755 1164 1526 1184 1314 957 582 1031 1222 1339 1227 1303 1111 1223 1305 1385 1210 850 0 673 1107 1199 1406 645 2435 1305 1489 1111 1133 1109
820 277 395 892 668 872 990 564 890 784 364 916 812 745 849 689 936 544 565 828 1196 848 978 621 119 707 886 769 891 979 776 899 969 815 879 514 673 0 771 863 1074 727 2110 735 1153 781 803 773
214 711 809 1207 983 154 1305 997 172 134 666 716 612 1060 388 1005 736 344 964 367 1511 1164 260 185 680 1022 686 354 173 1294 147 1214 508 400 1195 829 1107 771 0 144 1389 1161 2426 320 692 1097 1118 1089
330 803 901 1299 1075 270 1397 1089 288 250 758 808 704 1152 480 1097 828 436 1056 459 1603 1256 272 277 772 1114 778 470 120 1386 262 1306 600 516 1287 921 1199 863 144 0 1481 1253 2518 436 784 1189 1210 1181
1513 1235 843 427 548 1490 254 1297 1508 1402 757 1161 1057 420 1467 407 1181 1134 790 1446 182 297 1596 1239 1203 583 1131 1622 1509 654 1394 574 1587 1667 281 576 1406 1294 1389 1481 0 1076 1634 1588 1771 319 286 345
1285 478 427 934 662 1262 989 536 1280 1175 582 1299 1195 787 1239 731 1319 935 424 1219 1196 890 1369 1012 636 701 1269 1394 1282 972 1166 892 1360 1440 879 556 645 727 1161 1253 1076 0 2104 1360 1543 781 802 815
2550 2267 1871 1768 1576 2527 1406 2326 2545 2439 1794 2477 2373 1634 2504 1748 2497 2199 1818 2483 1508 1590 2633 2276 2240 1612 2447 2658 2546 1528 2431 1448 2624 2704 1578 1682 2435 2331 2426 2518 1634 2104 0 2624 2808 1559 1579 1686
142 910 1008 1406 1182 197 1504 1196 314 276 865 915 811 1259 587 1203 935 543 1163 566 1710 1362 410 384 819 1221 885 91 464 1493 289 1413 594 118 1393 1028 1305 735 320 436 1588 1360 2624 0 580 1295 1317 1287
573 1093 1191 1589 1365 628 1687 1379 745 705 1048 1098 994 1442 398 1386 1118 726 1346 489 1893 1546 841 567 1061 1404 1068 633 812 1676 697 1596 214 498 1577 1211 1489 1153 692 784 1771 1543 2808 580 0 1478 1500 1471
1220 942 548 312 253 1197 232 1002 1216 1110 465 977 874 125 1174 292 998 870 495 1154 439 134 1304 947 911 288 947 1329 1217 427 1101 347 1295 1375 122 284 1111 1002 1097 1189 319 781 1559 1295 1478 0 45 230
1242 964 569 279 274 1219 199 1024 1237 1132 486 999 895 146 1196 259 1019 891 516 1176 406 101 1325 968 932 310 969 1351 1238 449 1123 369 1317 1397 89 305 1133 1023 1118 1210 286 802 1579 1317 1500 45 0 197
1213 935 582 163 459 1189 305 1037 1208 1102 457 861 757 331 1167 142 881 834 529 1146 498 120 1296 939 903 494 831 1321 1209 633 1093 553 1287 1367 195 276 1146 994 1089 1181 345 815 1686 1287 1471 230 197 0
EOF