NAME : tsp_problem
TYPE : TSP
DIMENSION : 54
EDGE_WEIGHT_TYPE : EXPLICIT
EDGE_WEIGHT_FORMAT : FULL_MATRIX
EDGE_WEIGHT_SECTION
0 197 1088 1272 925 1022 962 331 159 197 376 714 672 775 1181 756 218 703 179 2489 733 516 1080 1350 1499 224 490 242 983 759 1091 683 894 273 362 1297 1803 620 3289 305 454 1074 850 1191 1231 1098 960 854 364 1248 739 986 432 1165
197 0 1092 1276 929 1025 966 163 306 201 207 718 676 779 1185 760 78 805 183 2492 737 520 1084 1354 1503 84 615 285 987 763 1095 687 898 349 465 1301 1807 624 3293 348 580 1078 854 1195 1235 1102 964 858 368 1252 842 990 534 1169
1088 1092 0 1111 812 909 801 1226 1197 923 1270 830 689 608 1026 782 1112 1031 941 2327 584 1150 59 1195 669 1118 1506 1175 604 915 936 597 515 1240 1355 1136 1641 1253 3128 1238 1470 961 689 1036 1069 985 847 741 757 1086 1082 825 1425 1004
1272 1276 1111 0 510 474 324 1410 1381 1107 1454 685 618 542 364 637 1296 1554 1126 1534 598 1102 1103 392 1522 1302 1690 1359 800 821 306 760 711 1424 1539 343 848 1205 2334 1422 1654 435 440 374 294 341 476 577 941 130 1606 307 1609 140
925 929 812 510 0 307 427 1063 1034 760 1107 241 271 243 323 194 949 1207 778 1890 299 613 804 492 1223 955 1342 1012 501 378 265 413 412 1077 1192 698 1204 717 2690 1075 1307 171 318 333 650 195 103 89 594 402 1259 452 1261 496
1022 1025 909 474 307 0 248 1159 1130 856 1204 338 368 340 287 290 1046 1304 875 1774 396 819 901 456 1320 1052 1439 1109 598 474 197 509 509 1173 1289 583 1088 923 2575 1172 1404 357 306 297 516 263 342 236 690 366 1355 272 1358 451
962 966 801 324 427 248 0 1100 1071 797 1144 448 308 232 297 401 986 1244 816 1541 288 930 793 465 1212 992 1380 1049 490 585 207 450 401 1114 1229 350 855 1033 2341 1112 1344 367 130 307 283 273 409 356 631 300 1296 39 1299 218
331 163 1226 1410 1063 1159 1100 0 440 335 222 852 810 913 1319 894 144 939 317 2626 871 654 1218 1488 1637 218 749 419 1121 897 1229 821 1032 483 599 1435 1941 758 3427 482 714 1212 988 1329 1369 1236 1098 992 502 1386 976 1124 668 1303
159 306 1197 1381 1034 1130 1071 440 0 306 484 823 781 883 1290 865 327 620 287 2597 842 625 1189 1459 1608 332 407 277 1092 868 1200 792 1003 190 280 1406 1912 728 3398 216 371 1182 959 1300 1340 1206 1069 963 473 1356 657 1095 349 1274
197 201 923 1107 760 856 797 335 306 0 379 549 507 609 1016 591 221 805 78 2323 568 351 915 1185 1334 227 615 284 818 594 926 518 729 349 464 1132 1638 454 3124 347 579 908 685 1026 1066 932 795 689 199 1082 841 821 534 1000
376 207 1270 1454 1107 1204 1144 222 484 379 0 896 854 957 1363 938 189 954 361 2671 915 698 1262 1532 1681 262 793 463 1165 941 1273 865 1076 527 613 1479 1985 802 3471 526 758 1256 1032 1373 1413 1280 1142 1036 546 1430 990 1168 502 1347
714 718 830 685 241 338 448 852 823 549 896 0 275 261 498 60 739 996 568 1975 317 499 822 666 1241 744 1132 802 519 155 408 285 430 866 982 783 1289 603 2775 864 1096 390 336 508 717 414 276 170 383 577 1048 473 1051 652
672 676 680 618 271 368 308 810 781 507 854 275 0 121 527 241 697 954 526 1835 120 674 672 696 1092 702 1090 760 370 329 437 160 281 824 940 643 1149 778 2635 822 1054 420 196 537 577 444 306 200 341 594 1006 332 1009 511
775 779 608 542 243 340 232 913 883 609 957 261 121 0 457 214 799 1057 628 1759 95 742 600 626 1019 805 1192 862 297 397 367 263 208 926 1042 567 1073 846 2559 925 1157 392 120 467 501 416 278 172 444 518 1108 256 1111 436
1181 1185 1026 364 323 287 297 1319 1290 1016 1363 498 527 457 0 450 1206 1463 1035 1744 513 915 1018 346 1438 1212 1599 1269 716 634 119 669 627 1333 1449 553 1058 1018 2545 1332 1564 248 355 187 504 154 289 390 850 257 1515 321 1518 350
756 760 782 637 194 290 401 894 865 591 938 60 241 214 450 0 781 1038 610 1927 269 541 774 619 1194 786 1174 844 472 196 360 327 383 908 1023 736 1242 645 2728 906 1138 343 289 460 670 367 229 123 425 530 1090 425 1093 604
218 78 1112 1296 949 1046 986 144 327 221 189 739 697 799 1206 781 0 826 203 2513 758 541 1104 1374 1524 104 636 305 1008 784 1116 707 919 370 485 1322 1827 644 3314 368 600 1098 874 1216 1255 1122 984 878 389 1272 862 1011 555 1190
703 805 1031 1333 986 1083 1023 939 620 805 954 859 734 836 1243 901 826 0 787 2550 795 1093 1023 1411 1442 832 642 869 961 913 1153 646 872 489 419 1358 1864 1196 3350 808 661 1135 911 1253 1292 1159 1021 915 700 1309 72 1048 488 1227
179 183 941 1126 778 875 816 317 287 78 361 568 526 628 1035 610 203 787 0 2342 587 370 934 1204 1353 209 596 266 837 613 945 536 748 330 446 1151 1656 473 3143 329 561 927 703 1045 1084 951 813 707 218 1101 823 840 515 1019
2489 2492 2327 1534 1890 1774 1541 2626 2597 2323 2671 1975 1835 1759 1744 1927 2513 2771 2342 0 1814 2456 2319 1589 2739 2519 2906 2576 2017 2111 1686 1976 1928 2640 2756 1394 723 2560 1740 2639 2871 1814 1656 1754 1451 1720 1856 1883 2157 1510 2822 1524 2825 1427
830 834 584 598 299 396 288 968 939 665 1012 317 176 95 513 269 855 1112 684 1814 0 798 576 682 996 860 1248 918 274 453 423 317 185 982 1098 623 1129 901 2615 980 1212 448 176 523 557 472 334 228 499 573 1164 312 1167 491
498 502 1132 1102 613 819 930 636 607 333 680 499 674 742 915 541 523 1075 352 2456 735 0 1124 1083 1543 528 916 585 985 367 857 685 896 650 765 1265 1770 135 3257 648 880 762 818 925 1198 786 648 635 408 994 1126 954 835 1087
1080 1084 59 1103 804 901 793 1218 1189 915 1262 822 681 600 1018 774 1104 1023 934 2319 576 1142 0 1187 678 1110 1498 1167 596 907 928 589 507 1232 1347 1128 1634 1245 3120 1230 1462 953 681 1028 1062 977 839 733 749 1078 1074 817 1417 996
1350 1354 1195 392 492 456 465 1488 1459 1185 1532 666 696 626 346 619 1374 1632 1204 1589 682 1083 1187 0 1606 1380 1768 1437 884 803 288 838 795 1502 1617 233 904 1187 2390 1500 1732 416 524 356 455 322 458 559 1019 284 1684 490 1687 378
1499 1503 669 1522 1223 1320 1212 1637 1608 1334 1681 1241 1101 1019 1438 1194 1524 1442 1353 2739 996 1561 678 1606 0 1530 1917 1587 1015 1326 1348 1008 926 1651 1767 1547 2053 1665 3539 1650 1882 1372 1100 1447 1481 1396 1258 1152 1168 1498 1494 1237 1836 1416
224 84 1118 1302 955 1052 992 218 332 227 262 744 702 805 1212 786 104 832 209 2519 763 546 1110 1380 1530 0 641 311 1013 789 1122 713 924 375 491 1327 1833 650 3319 374 606 1104 880 1221 1261 1128 990 884 395 1278 868 1016 560 1196
490 615 1506 1690 1342 1439 1380 749 407 615 793 1132 1090 1192 1599 1174 636 642 596 2906 1151 934 1498 1768 1917 641 0 571 1401 1177 1509 1100 1312 372 254 1715 2220 1037 3707 510 86 1491 1267 1609 1648 1515 1378 1271 782 1665 678 1404 371 1583
242 285 1175 1359 1012 1109 1049 419 277 284 463 802 760 862 1269 844 305 869 266 2576 821 604 1167 1437 1587 311 571 0 1071 847 1179 770 982 433 528 1385 1890 707 3376 85 535 1161 937 1279 1318 1185 1047 941 452 1335 905 1074 598 1253
998 1002 604 800 501 598 490 1136 1106 832 1180 519 379 297 716 472 1022 1233 851 2017 274 1000 596 884 1015 1028 1415 1085 0 655 626 337 125 1149 1265 825 1331 1103 2817 1148 1380 650 378 725 759 674 536 430 667 776 1285 515 1334 694
741 745 915 821 378 474 585 879 850 576 923 155 329 397 634 196 766 1051 595 2111 391 367 907 803 1326 771 1159 828 640 0 544 340 551 893 1008 920 1426 470 2912 891 1123 526 473 644 854 550 413 307 438 714 1103 609 1078 788
1091 1095 936 306 265 197 207 1229 1200 926 1273 408 437 367 119 360 1116 1373 945 1686 423 857 928 288 1348 1122 1509 1179 626 544 0 579 537 1243 1359 494 1000 960 2486 1242 1473 189 265 129 446 95 231 306 760 198 1425 231 1428 292
683 687 597 760 413 509 450 821 792 518 865 285 160 263 669 327 707 965 536 1976 221 685 589 838 1008 713 1100 770 337 340 579 0 248 835 950 785 1291 788 2777 833 1065 562 338 679 719 586 448 342 352 736 1016 474 1019 653
909 913 515 711 412 509 401 1047 1017 743 1091 430 290 208 627 383 933 1144 762 1928 185 911 507 795 926 939 1326 996 125 566 537 248 0 1061 1176 736 1242 1014 2728 1059 1291 561 289 636 670 585 447 341 578 687 1196 426 1245 605
273 349 1240 1424 1077 1173 1114 483 190 349 527 866 824 926 1333 908 370 489 330 2640 885 668 1232 1502 1651 375 372 433 1135 911 1243 835 1046 0 149 1449 1955 771 3441 378 354 1225 1002 1343 1383 1249 1112 1006 516 1399 525 1138 218 1317
362 465 1355 1539 1192 1289 1229 599 280 464 613 982 940 1042 1449 1023 485 419 446 2756 1001 783 1347 1617 1767 491 254 528 1251 1027 1359 950 1162 149 0 1565 2070 887 3556 467 274 1341 1117 1459 1498 1365 1227 1121 632 1515 455 1254 148 1433
1297 1301 1136 343 698 583 350 1435 1406 1132 1479 783 643 567 553 736 1322 1579 1151 1394 623 1265 1128 233 1547 1327 1715 1385 825 920 494 785 736 1449 1565 0 708 1368 2194 1447 1679 623 465 562 260 529 665 691 966 318 1631 332 1634 236
1803 1807 1641 848 1204 1088 855 1941 1912 1638 1985 1289 1149 1073 1058 1242 1827 2085 1656 723 1129 1770 1634 904 2053 1833 2220 1890 1331 1426 1000 1291 1242 1955 2070 708 0 1874 1925 1953 2185 1129 971 1068 765 1035 1170 1197 1472 824 2137 838 2139 742
601 605 1235 1205 717 923 1033 739 710 436 783 603 778 846 1018 645 626 1178 455 2560 839 135 1227 1187 1647 632 1019 689 1089 470 960 788 1000 753 869 1368 1874 0 3360 752 984 866 921 1028 1302 890 752 738 512 1098 1230 1057 938 1191
3281 3285 3120 2327 2683 2567 2334 3419 3390 3116 3463 2768 2627 2551 2537 2720 3306 3563 3135 1740 2607 3249 3112 2382 3532 3311 3699 3369 2809 2904 2478 2769 2721 3433 3549 2187 1925 3352 0 3431 3663 2607 2449 2547 2244 2513 2649 2676 2950 2302 3615 2316 3618 2220
305 348 1238 1422 1075 1172 1112 482 216 347 526 864 822 925 1332 906 368 808 329 2639 883 666 1230 1500 1650 374 510 85 1133 909 1242 833 1044 378 467 1447 1953 770 3439 0 475 1224 1000 1341 1381 1248 1110 1004 515 1398 844 1136 537 1316
454 580 1470 1654 1307 1404 1344 714 371 579 758 1096 1054 1157 1564 1138 600 661 561 2871 1115 898 1462 1732 1882 606 86 535 1365 1141 1473 1065 1276 354 274 1679 2185 1002 3671 475 0 1456 1232 1573 1613 1480 1342 1236 747 1630 698 1368 390 1548
1074 1078 961 435 171 357 367 1212 1182 908 1256 390 420 392 248 343 1098 1356 927 1814 448 762 953 416 1372 1104 1491 1161 650 526 189 562 561 1225 1341 623 1129 866 2615 1224 1456 0 425 257 575 119 137 238 743 327 1407 391 1410 420
850 854 689 440 318 306 130 988 959 685 1032 336 196 120 355 289 874 1132 703 1656 176 818 681 524 1100 880 1267 937 378 473 265 338 289 1002 1117 465 971 921 2457 1000 1232 425 0 365 398 331 353 247 519 415 1184 154 1187 333
1191 1195 1036 374 333 297 307 1329 1300 1026 1373 508 537 467 187 460 1216 1473 1045 1754 523 925 1028 356 1447 1221 1609 1279 725 644 129 679 636 1343 1459 562 1068 1028 2554 1341 1573 257 365 0 514 164 299 400 860 266 1525 331 1528 360
1231 1235 1069 294 650 516 283 1369 1340 1066 1413 717 577 501 504 670 1255 1513 1084 1451 557 1198 1062 455 1481 1261 1648 1318 759 854 446 719 670 1383 1498 260 765 1302 2252 1381 1613 575 398 514 0 481 616 625 900 270 1564 266 1567 188
1098 1102 985 341 195 263 273 1236 1206 932 1280 414 444 416 154 367 1122 1380 951 1720 472 786 977 322 1396 1128 1515 1185 674 550 95 586 585 1249 1365 529 1035 890 2521 1248 1480 119 331 164 481 0 161 262 767 233 1431 297 1434 326
960 964 847 476 103 342 409 1098 1069 795 1142 276 306 278 289 229 984 1242 813 1856 334 648 839 458 1258 990 1378 1047 536 413 231 448 447 1112 1227 665 1170 752 2656 1110 1342 137 353 299 616 161 0 124 629 369 1294 433 1297 462
854 858 741 577 89 236 356 992 963 689 1036 170 200 172 390 123 878 1136 707 1883 228 635 733 559 1152 884 1271 941 430 307 306 342 341 1006 1121 691 1197 738 2683 1004 1236 238 247 400 625 262 124 0 523 470 1187 381 1190 560
364 368 757 941 594 690 631 502 473 199 546 383 341 444 850 425 389 700 218 2157 402 426 749 1019 1168 395 782 452 652 438 760 352 563 516 632 966 1472 530 2958 515 747 743 519 860 900 767 629 523 0 917 752 655 701 834
1248 1252 1086 130 402 366 300 1386 1356 1082 1430 577 594 518 257 530 1272 1530 1101 1510 573 994 1078 284 1498 1278 1665 1335 776 714 198 736 687 1399 1515 318 824 1098 2310 1398 1630 327 415 266 270 233 369 470 917 0 1581 283 1584 115
739 842 1082 1385 1038 1135 1075 976 657 841 990 911 785 888 1294 952 862 72 823 2602 846 1144 1074 1463 1494 868 678 905 1012 965 1204 697 923 525 455 1410 1916 1248 3402 844 698 1187 963 1304 1344 1211 1073 967 752 1361 0 1099 524 1278
986 990 825 307 452 272 39 1124 1095 821 1168 473 332 256 321 425 1011 1268 840 1524 312 954 817 490 1237 1016 1404 1074 515 609 231 474 426 1138 1254 332 838 1057 2324 1136 1368 391 154 331 266 297 433 381 655 283 1320 0 1323 201
432 534 1425 1609 1261 1358 1299 668 349 534 502 1051 1009 1111 1518 1093 555 488 515 2825 1070 853 1417 1687 1836 560 371 598 1320 1096 1428 1019 1231 218 148 1634 2139 956 3626 537 390 1410 1187 1528 1567 1434 1297 1190 701 1584 524 1323 0 1502
1165 1169 1004 140 496 451 218 1303 1274 1000 1347 652 511 436 350 604 1190 1447 1019 1427 491 1087 996 378 1416 1196 1583 1253 694 788 292 653 605 1317 1433 236 742 1191 2228 1316 1548 420 333 360 188 326 462 560 834 115 1499 201 1502 0
EOF