NAME : tsp_problem
TYPE : TSP
DIMENSION : 26
EDGE_WEIGHT_TYPE : EXPLICIT
EDGE_WEIGHT_FORMAT : FULL_MATRIX
EDGE_WEIGHT_SECTION
0 493 1259 870 1282 1520 1155 832 946 804 687 694 844 1531 809 940 329 895 923 848 486 935 529 529 629 785
493 0 996 471 1138 1257 755 433 546 404 425 294 481 1274 488 541 210 496 523 449 93 535 279 136 401 385
1252 1003 0 1379 1129 305 1647 1341 1221 934 797 1049 1390 1264 919 1449 969 1405 1432 1062 995 1148 1038 1038 1243 998
870 471 1373 0 1515 1634 348 209 322 573 692 472 257 1651 657 317 587 272 300 446 460 380 656 397 474 511
1282 1145 1129 1522 0 1390 1789 1484 1363 1076 939 1191 1532 1124 1061 1592 1111 1547 1574 1204 1138 1290 1180 1181 1385 1140
1514 1264 305 1641 1390 0 1908 1603 1482 1195 1059 1311 1651 1526 1180 1711 1230 1666 1694 1323 1257 1410 1299 1300 1504 1259
1155 755 1647 348 1789 1908 0 493 483 782 901 757 542 1925 866 278 871 279 269 655 745 589 940 681 759 720
832 433 1335 209 1477 1596 493 0 284 535 654 434 108 1613 619 279 549 234 262 408 422 342 618 359 325 473
946 546 1221 322 1363 1482 483 284 0 356 475 388 333 1499 440 392 662 348 375 229 536 163 731 472 550 294
804 404 934 573 1076 1195 782 535 356 0 188 184 583 1212 212 643 520 598 625 196 394 283 589 330 513 133
681 431 797 692 939 1059 901 654 475 188 0 303 702 1075 173 762 398 717 744 315 424 402 466 449 632 252
694 294 1049 472 1191 1311 757 434 388 184 303 0 483 1327 268 542 410 498 525 229 284 315 479 220 403 165
844 481 1383 257 1525 1644 542 108 333 583 702 483 0 1661 667 327 597 282 310 457 471 390 666 407 280 522
1510 1261 1244 1637 1104 1506 1905 1599 1479 1192 1055 1307 1648 0 1177 1707 1227 1663 1690 1320 1253 1406 1296 1296 1501 1256
803 488 919 657 1061 1180 866 619 440 212 173 268 667 1197 0 727 519 682 709 280 478 367 588 414 597 217
940 541 1443 317 1585 1704 278 279 392 643 762 542 327 1721 727 0 657 274 264 516 530 450 726 467 544 581
329 210 975 587 1118 1237 871 549 662 520 404 410 597 1253 526 657 0 612 640 565 203 651 245 246 450 501
895 496 1398 272 1540 1659 279 234 348 598 717 498 282 1676 682 274 612 0 265 472 486 405 681 422 500 537
923 523 1426 300 1568 1687 269 262 375 625 744 525 310 1703 709 264 640 265 0 499 513 433 708 449 527 564
848 449 1062 446 1204 1323 655 408 229 196 315 229 457 1339 280 516 565 472 499 0 439 157 634 375 557 178
486 93 989 460 1131 1250 745 422 536 394 417 284 471 1267 478 530 203 486 513 439 0 525 272 128 391 375
935 535 1148 380 1290 1410 589 342 163 283 402 315 390 1426 367 450 651 405 433 157 525 0 720 461 608 222
535 272 1038 649 1180 1299 934 533 725 583 466 473 488 1315 588 719 252 674 702 627 265 714 0 308 273 564
529 136 1032 397 1174 1293 681 359 472 330 449 220 407 1309 414 467 246 422 449 375 128 461 314 0 327 311
629 401 1303 474 1445 1564 759 325 550 513 632 403 280 1581 597 544 517 500 527 557 391 608 463 327 0 494
785 385 998 511 1140 1259 720 473 294 133 252 165 522 1276 217 581 501 537 564 178 375 222 570 311 494 0
EOF