NAME : tsp_problem
TYPE : TSP
DIMENSION : 48
EDGE_WEIGHT_TYPE : EXPLICIT
EDGE_WEIGHT_FORMAT : FULL_MATRIX
EDGE_WEIGHT_SECTION
0 800 536 924 798 1061 1060 899 1066 1081 1038 923 911 822 519 1403 1548 828 1129 994 1719 338 1879 680 730 412 890 398 1982 1600 1451 480 565 826 906 400 1376 2144 119 970 695 759 1083 794 753 947 928 1767
800 0 387 329 313 467 574 414 471 486 553 438 425 227 474 906 1051 342 641 400 1222 586 1382 635 113 524 405 646 1485 1102 954 435 369 340 409 547 879 1646 816 484 251 92 488 177 211 462 442 1270
536 387 0 614 386 742 647 487 747 761 626 511 498 512 417 1191 1336 415 926 675 1507 321 1667 578 318 395 478 381 1770 1387 1239 171 312 413 693 383 1164 1931 552 557 387 347 763 437 445 535 515 1555
924 329 614 0 311 180 756 248 184 199 735 659 390 264 511 694 1088 276 678 113 1010 640 1170 672 340 561 223 770 1273 916 991 495 406 567 445 584 667 1434 940 449 288 318 201 236 248 427 201 1058
798 313 386 311 0 408 530 153 413 428 509 433 165 438 680 922 1261 81 851 341 1239 584 1398 841 243 658 144 644 1501 1145 1164 433 575 339 619 646 895 1663 815 224 462 272 430 363 421 201 182 1286
1061 467 742 180 408 0 853 346 52 62 832 756 488 401 648 556 960 374 678 153 872 777 1032 809 477 698 320 907 1135 779 991 632 543 695 445 721 529 1297 1078 546 426 456 122 374 385 524 298 920
1060 574 647 756 530 853 0 598 858 872 82 186 442 699 941 1367 1522 526 1112 786 1683 845 1843 1102 504 919 589 905 1946 1574 1425 694 836 283 880 907 1340 2108 1076 377 723 534 874 624 683 396 626 1731
899 414 487 248 153 346 598 0 350 365 577 501 232 470 717 859 1264 123 884 278 1176 685 1336 878 344 759 81 745 1438 1082 1197 534 612 440 651 747 832 1600 916 291 494 373 367 442 454 269 119 1224
1066 471 747 184 413 52 858 350 0 65 837 761 492 406 653 560 964 378 681 157 876 782 1036 814 482 703 325 912 1139 782 994 637 548 699 449 726 533 1300 1082 551 430 460 126 378 390 529 303 924
1081 486 761 199 428 62 872 365 65 0 851 775 507 421 668 543 947 393 664 166 859 796 1019 799 496 717 339 926 1122 766 977 651 562 714 432 740 516 1283 1097 566 445 475 135 393 405 543 317 907
1038 553 626 735 509 832 82 577 837 851 0 164 421 678 920 1346 1501 505 1091 765 1662 824 1822 1081 483 898 568 884 1925 1553 1404 673 815 262 859 886 1319 2086 1055 356 702 512 853 603 662 375 605 1710
923 438 511 659 433 756 186 501 761 775 164 0 345 563 805 1241 1386 429 976 689 1557 709 1717 966 368 783 492 769 1820 1438 1289 558 700 168 744 771 1214 1982 940 280 587 397 777 488 547 299 529 1605
911 425 498 390 165 488 442 232 492 507 421 345 0 550 792 1001 1374 161 964 420 1318 696 1477 953 356 770 223 756 1580 1224 1277 546 687 442 731 758 974 1742 927 178 574 385 509 475 534 197 261 1366
822 227 512 264 438 401 699 470 406 421 678 563 550 0 409 732 877 467 467 334 1048 538 1208 570 238 459 445 668 1311 928 780 393 304 465 235 482 705 1472 838 609 186 216 423 134 146 587 423 1096
519 474 417 511 680 648 941 717 653 668 920 805 792 409 0 952 1097 709 678 581 1268 235 1428 229 485 156 691 365 1531 1149 1000 295 152 707 455 179 925 1693 536 851 282 463 670 381 340 829 670 1316
1403 912 1133 694 922 556 1367 859 560 543 1346 1248 1001 738 952 0 813 887 912 661 725 1119 544 1046 923 1040 834 1249 647 631 883 1011 922 1150 680 1063 382 1149 1419 1060 871 901 630 819 831 1038 812 773
1541 1051 1271 1088 1261 960 1522 1264 964 947 1501 1386 1374 877 1090 813 0 1290 755 1065 785 1257 1289 1079 1061 1178 1238 1387 1392 414 443 1149 1060 1289 688 1201 466 1271 1558 1433 1010 1040 1034 958 969 1410 1216 833
828 342 415 276 81 374 526 123 378 393 505 429 161 467 709 887 1290 0 880 307 1204 613 1364 870 272 687 109 673 1466 1110 1193 462 604 368 648 675 861 1628 844 219 491 302 395 392 451 197 147 1252
1129 641 861 678 851 684 1112 884 687 671 1091 976 964 467 678 919 755 880 0 748 1168 844 1395 563 651 765 858 974 1498 807 658 739 650 879 278 788 849 1654 1145 1023 600 630 758 548 559 1000 836 1216
994 400 675 113 341 153 786 278 157 166 765 689 420 334 581 661 1065 307 748 0 977 710 1137 742 410 631 253 840 1240 884 1061 565 476 628 516 654 634 1401 1011 479 359 389 227 306 318 457 231 1025
1719 1229 1449 1010 1239 872 1683 1176 876 859 1662 1564 1318 1055 1268 725 777 1204 1168 977 0 1435 1201 1363 1239 1356 1150 1565 1304 556 855 1327 1238 1467 997 1379 378 1183 1736 1377 1188 1218 946 1136 1147 1354 1128 251
338 586 321 640 584 777 845 685 782 796 824 709 696 538 235 1119 1264 613 844 710 1435 0 1595 396 516 128 676 184 1698 1315 1167 266 280 611 622 116 1092 1859 355 755 411 545 798 510 468 733 713 1483
1879 1389 1609 1170 1398 1032 1843 1336 1036 1019 1822 1724 1477 1215 1428 544 1289 1364 1389 1137 1201 1595 0 1523 1399 1516 1310 1725 294 1108 1360 1487 1398 1626 1156 1539 858 1626 1896 1536 1348 1378 1106 1295 1307 1514 1288 1249
680 635 578 672 841 809 1102 878 814 798 1081 966 953 570 229 1046 1079 870 563 742 1363 396 1523 0 646 317 852 526 1625 1131 982 456 313 868 549 340 1020 1787 697 1012 443 624 831 542 501 990 831 1411
730 113 318 340 243 477 504 344 482 496 483 368 356 238 485 916 1061 272 651 410 1233 516 1392 646 0 534 335 576 1495 1113 964 365 379 270 419 558 889 1657 746 415 262 78 499 163 222 392 372 1280
412 524 395 561 658 698 919 759 703 717 898 783 770 459 156 1040 1185 687 765 631 1356 128 1516 317 534 0 741 258 1619 1236 1088 340 201 685 543 188 1013 1780 429 829 332 513 719 431 389 807 719 1404
890 405 478 223 144 320 589 81 325 339 568 492 223 445 691 834 1238 109 858 253 1150 676 1310 852 335 741 0 736 1413 1056 1171 525 586 430 626 738 807 1574 906 282 469 364 341 417 428 260 105 1198
398 646 381 770 644 907 905 745 912 926 884 769 756 668 365 1249 1394 673 974 840 1565 184 1725 526 576 258 736 0 1828 1445 1297 326 410 671 752 246 1222 1989 415 815 541 605 928 640 598 793 773 1613
1982 1491 1712 1273 1501 1135 1946 1438 1139 1122 1925 1827 1580 1317 1531 647 1392 1466 1491 1240 1304 1698 294 1625 1502 1619 1413 1828 0 1210 1462 1590 1501 1729 1259 1642 961 1728 1998 1639 1450 1480 1209 1398 1410 1617 1391 1352
1593 1102 1323 916 1145 779 1574 1082 782 766 1553 1438 1224 928 1142 631 411 1110 807 884 556 1309 1108 1131 1113 1230 1056 1439 1210 0 495 1201 1112 1340 740 1253 285 1090 1609 1283 1061 1091 853 1009 1021 1260 1035 499
1444 954 1174 991 1164 997 1425 1197 1000 984 1404 1289 1277 780 993 883 443 1193 658 1061 855 1160 1360 982 964 1081 1171 1290 1462 495 0 1052 963 1192 591 1104 537 1341 1461 1336 913 943 1071 861 872 1313 1149 903
480 435 171 495 433 632 694 534 637 651 673 558 546 393 295 1071 1216 462 806 565 1387 266 1547 456 365 340 525 326 1650 1268 1119 0 190 461 574 328 1044 1812 497 605 266 394 653 365 323 582 562 1435
565 369 312 406 575 543 836 612 548 562 815 700 687 304 152 982 1127 604 717 476 1298 280 1458 313 379 201 586 410 1561 1179 1030 190 0 602 485 224 955 1723 581 746 177 358 564 276 234 724 564 1346
826 340 413 567 339 695 283 440 699 714 262 168 442 465 707 1143 1289 368 879 628 1460 611 1620 868 270 685 430 671 1722 1340 1192 461 602 0 646 673 1117 1884 842 378 489 300 716 390 449 397 468 1508
899 409 629 445 619 452 880 651 455 439 859 744 731 235 448 686 688 648 278 516 1003 615 1163 543 419 536 626 745 1265 740 591 507 418 646 0 559 660 1427 916 790 368 398 526 315 327 768 604 1051
400 547 383 584 646 721 907 747 726 740 886 771 758 482 179 1063 1208 675 788 654 1379 116 1539 340 558 188 738 246 1642 1259 1111 328 224 673 566 0 1036 1803 417 817 355 536 742 454 412 795 742 1427
1376 885 1106 667 895 529 1340 832 533 516 1319 1221 974 711 925 382 466 861 849 634 378 1092 858 1020 896 1013 807 1222 961 285 537 984 895 1123 653 1036 0 840 1393 1033 844 874 603 792 804 1011 785 426
2107 1616 1837 1397 1626 1260 2071 1563 1263 1247 2050 1952 1705 1442 1656 1113 1234 1591 1616 1365 1146 1822 1589 1750 1627 1743 1538 1953 1692 1053 1305 1715 1626 1854 1384 1767 803 0 2123 1764 1575 1605 1334 1523 1535 1742 1516 1194
119 816 552 940 815 1078 1076 916 1082 1097 1055 940 927 838 536 1419 1564 844 1145 1011 1736 355 1896 697 746 429 906 415 1998 1616 1467 497 581 842 922 417 1392 2160 0 986 711 776 1099 810 769 964 944 1784
970 484 557 449 224 546 377 291 551 566 356 280 178 609 851 1060 1433 219 1023 479 1377 755 1536 1012 415 829 282 815 1639 1283 1336 605 746 378 790 817 1033 1801 986 0 633 444 568 534 593 132 320 1424
695 251 387 288 462 426 723 494 430 445 702 587 574 186 282 865 1010 491 600 359 1181 411 1341 443 262 332 469 541 1444 1061 913 266 177 489 368 355 838 1605 711 633 0 240 447 158 170 611 447 1229
759 92 347 318 272 456 534 373 460 475 512 397 385 216 463 895 1040 302 630 389 1211 545 1371 624 78 513 364 605 1474 1091 943 394 358 300 398 536 868 1635 776 444 240 0 477 141 200 421 402 1259
1083 488 763 201 430 122 874 367 126 135 853 777 509 423 670 630 1034 395 752 227 946 798 1106 831 499 719 341 928 1209 853 1064 653 564 716 519 742 603 1371 1099 568 447 477 0 395 407 545 320 994
794 177 437 236 363 374 624 442 378 393 603 488 475 134 381 813 958 392 548 306 1129 510 1289 542 163 431 417 640 1392 1009 861 365 276 390 315 454 786 1553 810 534 158 141 395 0 118 512 395 1177
753 211 445 248 421 385 683 454 390 405 662 547 534 146 340 824 969 451 559 318 1141 468 1301 501 222 389 428 598 1403 1021 872 323 234 449 327 412 797 1565 769 593 170 200 407 118 0 571 407 1189
947 462 535 427 201 524 396 269 529 543 375 299 197 587 829 1038 1410 197 1000 457 1354 733 1514 990 392 807 260 793 1617 1260 1313 582 724 397 768 795 1011 1778 964 132 611 421 545 512 571 0 297 1402
928 442 515 201 182 298 626 119 303 317 605 529 261 423 670 812 1216 147 836 231 1128 713 1288 831 372 719 105 773 1391 1035 1149 562 564 468 604 742 785 1553 944 320 447 402 320 395 407 297 0 1176
1767 1277 1497 1058 1286 920 1731 1224 924 907 1710 1612 1366 1103 1316 773 671 1252 1216 1025 251 1483 1249 1411 1287 1404 1198 1613 1352 499 903 1375 1286 1514 1044 1427 426 1231 1784 1424 1236 1266 994 1183 1195 1402 1176 0
EOF