NAME : tsp_problem
TYPE : TSP
DIMENSION : 48
EDGE_WEIGHT_TYPE : EXPLICIT
EDGE_WEIGHT_FORMAT : FULL_MATRIX
EDGE_WEIGHT_SECTION
0 494 1942 1325 1309 2118 1320 1341 1111 2243 1357 944 367 243 1203 390 1120 1318 587 1147 2017 951 697 996 570 1261 542 2084 2320 1053 1011 2186 1276 1119 1201 739 895 464 1072 1109 1292 787 607 1237 2170 1000 1592 1249
494 0 1762 1144 1128 1937 1139 1160 930 2062 1176 763 428 544 1023 168 939 1137 612 967 1836 770 516 815 636 1080 624 1903 2139 872 830 2005 1095 938 1020 558 714 283 891 928 1111 607 426 1056 1989 819 1412 1069
1956 1775 0 909 1691 345 905 979 1493 1099 1739 1169 1889 2005 1138 1671 1503 1700 1701 1109 1155 1166 1349 1378 1725 1643 1713 311 1459 1136 1147 1042 942 1300 1584 1327 1257 1565 1454 1132 1674 1442 1422 1106 1308 1328 411 1632
1325 1144 909 0 849 1084 52 126 726 1183 897 863 1258 1374 280 1039 736 858 1048 251 957 618 696 611 1072 800 1060 1050 1260 378 390 1126 89 441 790 637 814 912 687 274 831 752 769 248 1110 470 533 789
1309 1128 1691 849 0 1867 844 866 288 1982 133 1142 1243 1359 635 1024 293 94 1033 757 1755 1040 936 392 1056 111 1045 1833 2059 615 674 1925 800 469 206 686 1093 896 310 719 137 644 846 668 1908 506 1331 142
2132 1951 345 1084 1867 0 1081 1155 1669 1274 1915 1344 2065 2181 1314 1846 1678 1876 1877 1285 1331 1341 1525 1554 1901 1819 1889 65 1634 1311 1323 1218 1118 1475 1759 1503 1433 1741 1630 1307 1849 1618 1598 1282 1484 1504 587 1807
1320 1139 905 52 844 1081 0 122 721 1180 892 859 1253 1369 275 1035 731 853 1043 247 953 615 691 606 1067 796 1055 1047 1257 374 385 1123 86 437 785 632 809 907 683 269 827 747 764 243 1106 466 529 784
1341 1160 979 126 866 1155 122 0 743 1254 913 880 1275 1391 297 1056 752 874 1065 268 1027 688 712 628 1088 817 1077 1121 1331 395 407 1197 160 458 806 653 831 928 704 290 848 768 786 265 1180 487 603 806
1111 930 1493 726 288 1669 721 743 0 1793 336 944 1044 1160 512 825 298 297 834 558 1567 842 738 304 858 240 846 1635 1871 417 475 1737 677 427 211 487 895 698 315 520 271 446 647 545 1720 308 1143 229
2214 2033 1049 1134 1932 1225 1130 1204 1750 0 1980 1670 2147 2263 1363 1928 1760 1941 1959 1334 1380 1423 1607 1636 1982 1883 1971 1191 1683 1393 1405 204 1167 1525 1841 1585 1620 1823 1712 1357 1914 1700 1680 1331 1533 1553 673 1872
1357 1176 1739 897 133 1915 892 913 336 2029 0 1190 1290 1406 682 1072 340 142 1080 804 1803 1088 984 439 1104 159 1092 1881 2106 663 722 1972 848 516 253 733 1141 944 357 766 185 692 894 716 1956 554 1379 190
964 783 1169 863 1142 1344 859 880 944 1719 1190 0 897 1014 857 679 954 1151 711 686 1493 427 359 829 735 1094 723 1310 1796 591 550 1662 814 952 1035 506 164 575 905 648 1125 621 432 825 1646 833 1069 1083
367 428 1876 1258 1243 2051 1253 1275 1044 2176 1290 877 0 292 1137 323 1054 1251 636 1081 1950 884 630 929 619 1194 591 2017 2253 986 944 2119 1209 1052 1135 672 828 397 1005 1042 1225 721 540 1170 2103 933 1526 1183
243 544 1992 1374 1359 2167 1369 1391 1160 2292 1406 993 292 0 1253 439 1170 1367 511 1197 2066 1000 746 1045 494 1310 467 2134 2369 1102 1060 2235 1325 1168 1251 788 944 513 1121 1159 1341 837 656 1286 2219 1049 1642 1299
1203 1023 1138 280 635 1314 275 297 512 1413 682 857 1137 1253 0 918 521 644 927 245 1186 750 690 397 950 586 939 1280 1490 372 384 1356 231 227 576 580 808 791 473 267 617 539 740 210 1339 256 762 575
390 168 1657 1039 1024 1833 1035 1056 825 1957 1072 658 323 439 918 0 835 1033 508 862 1731 665 412 710 531 975 520 1799 2035 767 726 1901 990 833 916 453 609 178 787 824 1006 502 321 951 1884 714 1307 964
1120 939 1503 736 293 1678 731 752 298 1803 340 954 1054 1170 521 835 0 301 844 568 1577 852 747 314 867 244 856 1644 1880 426 485 1746 687 436 215 497 904 707 319 530 275 456 657 555 1730 317 1153 233
1318 1137 1700 858 94 1876 853 874 297 1990 142 1151 1251 1367 644 1033 301 0 1042 766 1764 1049 945 401 1065 120 1053 1842 2068 624 683 1934 809 478 215 694 1102 905 318 727 146 653 855 677 1917 515 1340 151
587 612 1708 1048 1033 1884 1043 1065 834 2009 1080 711 636 511 927 508 844 1042 0 871 1782 717 420 719 125 984 98 1850 2086 776 735 1952 999 842 925 462 662 380 796 833 1015 511 330 960 1935 723 1358 973
1147 967 1109 251 757 1285 247 268 558 1384 804 686 1081 1197 245 862 568 766 871 0 1158 579 519 443 894 708 883 1251 1461 201 213 1327 202 406 649 459 637 734 520 239 739 574 592 213 1311 435 733 697
2037 1856 1155 957 1755 1331 953 1027 1574 1430 1803 1493 1970 2086 1186 1752 1583 1764 1782 1158 0 1247 1430 1459 1806 1707 1794 1297 351 1216 1228 1373 991 1348 1664 1408 1444 1646 1535 1180 1738 1523 1503 1155 200 1377 779 1696
898 717 1300 542 826 1475 538 559 628 1600 874 436 831 947 536 612 637 835 621 365 1374 0 269 513 645 778 633 1441 1677 270 229 1543 493 636 718 210 387 485 589 327 808 325 342 504 1527 516 950 766
697 516 1356 696 936 1531 691 712 738 1656 984 359 630 746 690 412 747 945 420 519 1430 364 0 623 444 888 432 1498 1734 424 382 1599 647 746 828 338 310 284 699 480 919 414 161 658 1583 627 1006 876
996 815 1378 611 392 1554 606 628 304 1679 439 829 929 1045 397 710 314 401 719 443 1452 727 623 0 743 343 731 1520 1756 302 360 1622 562 312 314 372 780 583 265 405 374 331 532 430 1605 193 1028 332
570 636 1732 1072 1056 1907 1067 1088 858 2032 1104 735 619 494 950 531 867 1065 125 894 1806 740 444 743 0 1008 80 1873 2109 800 758 1975 1023 866 948 486 686 404 819 856 1038 534 353 984 1959 746 1382 996
1261 1080 1643 800 111 1819 796 817 240 1933 159 1094 1194 1310 586 975 244 120 984 708 1707 992 888 343 1008 0 996 1785 2010 567 625 1876 752 420 157 637 1045 848 261 670 94 596 797 620 1860 458 1283 94
542 624 1720 1060 1045 1896 1055 1077 846 2020 1092 723 591 467 939 520 856 1053 98 883 1794 728 432 731 80 996 0 1862 2098 788 746 1964 1011 854 937 474 674 392 807 845 1027 523 342 972 1947 735 1370 985
2098 1917 311 1050 1833 65 1047 1121 1635 1241 1881 1310 2031 2147 1280 1812 1644 1842 1843 1251 1297 1307 1491 1520 1867 1785 1855 0 1600 1277 1289 1184 1084 1441 1725 1469 1399 1707 1596 1274 1816 1584 1564 1248 1450 1470 553 1773
2341 2160 1459 1260 2059 1634 1257 1331 1877 1733 2106 1796 2274 2390 1490 2055 1887 2068 2086 1461 351 1550 1734 1762 2109 2010 2098 1600 0 1520 1532 1676 1294 1651 1968 1712 1747 1949 1839 1484 2041 1827 1807 1458 194 1680 1083 1999
1053 872 1136 378 615 1311 374 395 417 1436 663 591 986 1102 372 767 426 624 776 201 1210 485 424 302 800 567 788 1277 1513 0 118 1379 329 425 507 365 542 640 378 163 597 444 497 340 1363 305 786 555
1011 830 1147 390 674 1323 385 407 475 1448 722 550 944 1060 384 726 485 683 735 213 1222 496 382 360 758 625 746 1289 1525 118 0 1391 341 483 566 323 501 598 437 175 656 438 456 352 1375 364 797 614
2187 2006 1022 1106 1905 1198 1103 1177 1723 234 1953 1642 2120 2236 1336 1901 1733 1914 1932 1307 1353 1396 1580 1609 1955 1856 1944 1164 1656 1366 1378 0 1140 1497 1814 1558 1593 1796 1685 1330 1887 1673 1653 1304 1506 1526 646 1845
1276 1095 942 89 800 1118 86 160 677 1217 848 814 1209 1325 231 990 687 809 999 202 991 652 647 562 1023 752 1011 1084 1294 329 341 1160 0 393 741 588 765 863 639 225 782 703 720 199 1144 421 566 740
1119 938 1300 441 469 1475 437 458 427 1574 516 952 1052 1168 227 833 436 478 842 406 1348 850 746 312 866 420 854 1441 1651 425 483 1517 393 0 410 495 903 706 388 429 451 454 655 261 1501 171 924 409
1201 1020 1584 790 206 1759 785 806 211 1884 253 1035 1135 1251 576 916 215 215 925 649 1658 933 828 314 948 157 937 1725 1961 507 566 1827 741 410 0 578 985 788 232 611 188 536 738 609 1811 398 1234 146
739 558 1394 637 686 1570 632 653 487 1695 733 506 672 788 580 453 497 694 462 459 1468 511 338 372 486 637 474 1536 1772 365 323 1638 588 495 578 0 456 326 448 421 668 164 276 599 1621 376 1044 626
915 734 1257 814 1093 1433 809 831 895 1670 1141 164 848 964 808 630 904 1102 662 637 1444 378 310 780 686 1045 674 1399 1747 542 501 1613 765 903 985 456 0 526 856 599 1076 571 383 776 1597 784 1020 1034
464 283 1572 912 896 1747 907 928 698 1872 944 575 397 513 791 178 707 905 380 734 1646 580 284 583 404 848 392 1713 1949 640 598 1815 863 706 788 326 526 0 659 696 879 374 194 824 1799 587 1222 836
1072 891 1454 687 310 1630 683 704 315 1755 357 905 1005 1121 473 787 319 318 796 520 1529 803 699 265 819 261 807 1596 1832 378 437 1698 639 388 232 448 856 659 0 481 292 407 609 506 1682 269 1104 250
1109 928 1132 274 719 1307 269 290 520 1406 766 648 1042 1159 267 824 530 727 833 239 1180 541 480 405 856 670 845 1274 1484 163 175 1349 225 429 611 421 599 696 481 0 701 536 554 236 1333 409 756 659
1292 1111 1674 831 137 1849 827 848 271 1964 185 1125 1225 1341 617 1006 275 146 1015 739 1738 1023 919 374 1038 94 1027 1816 2041 597 656 1907 782 451 188 668 1076 879 292 701 0 627 828 650 1891 489 1313 124
787 607 1509 752 644 1685 747 768 446 1810 692 621 721 837 539 502 456 653 511 574 1583 626 414 331 534 596 523 1651 1887 444 438 1753 703 454 536 164 571 374 407 536 627 0 324 572 1736 335 1159 585
607 426 1429 769 846 1605 764 786 647 1730 894 432 540 656 740 321 657 855 330 592 1503 438 161 532 353 797 342 1571 1807 497 456 1673 720 655 738 276 383 194 609 554 828 324 0 731 1656 536 1079 786
1237 1056 1106 248 668 1282 243 265 545 1381 716 825 1170 1286 210 951 555 677 960 213 1155 718 658 430 984 620 972 1248 1458 340 352 1324 199 261 609 599 776 824 506 236 650 572 731 0 1308 289 730 608
2190 2009 1308 1110 1908 1484 1106 1180 1727 1583 1956 1646 2123 2239 1339 1905 1736 1917 1935 1311 200 1400 1583 1612 1959 1860 1947 1450 194 1369 1381 1526 1144 1501 1817 1561 1597 1799 1688 1333 1891 1676 1656 1308 0 1530 932 1849
1000 819 1328 470 506 1504 466 487 308 1603 554 833 933 1049 256 714 317 515 723 435 1377 731 627 193 746 458 735 1470 1680 305 364 1546 421 171 398 376 784 587 269 409 489 335 536 289 1530 0 953 446
1613 1432 411 533 1331 587 529 603 1150 723 1379 1069 1546 1662 762 1327 1159 1340 1358 733 779 822 1006 1035 1382 1283 1370 553 1083 792 804 666 566 924 1240 984 1020 1222 1111 756 1313 1099 1079 730 932 953 0 1271
1249 1069 1632 789 142 1807 784 806 229 1922 190 1083 1183 1299 575 964 233 151 973 697 1696 981 876 332 996 94 985 1773 1999 555 614 1865 740 409 146 626 1034 836 250 659 124 585 786 608 1849 446 1271 0
EOF