NAME : tsp_problem
TYPE : TSP
DIMENSION : 24
EDGE_WEIGHT_TYPE : EXPLICIT
EDGE_WEIGHT_FORMAT : FULL_MATRIX
EDGE_WEIGHT_SECTION
0 1911 724 1540 1760 288 2214 2138 1460 221 1776 1047 835 647 204 1075 584 803 875 738 684 891 2036 1877
1904 0 1250 423 1281 1899 1453 1376 797 1877 226 1855 1642 1402 1901 1084 1434 1311 1683 1344 1364 1497 1274 65
724 1257 0 885 1105 719 1560 1483 806 697 1122 905 693 205 720 527 254 362 733 408 243 749 1381 1223
1540 423 885 0 884 1535 1056 979 667 1512 253 1473 1278 1037 1536 687 1069 947 1318 1214 1000 1100 877 463
1760 1281 1105 884 0 1755 1558 1482 1231 1733 1120 1693 1498 1257 1756 907 1289 1167 1538 1443 1220 1320 1380 1247
288 1906 719 1535 1755 0 2209 2132 1455 209 1771 1042 830 642 192 1070 579 798 870 733 679 886 2031 1872
2192 1431 1538 1034 1536 2187 0 109 1381 2165 1270 2126 1930 1690 2188 1340 1722 1599 1970 1876 1652 1753 275 1397
2116 1354 1461 957 1460 2111 109 0 1304 2089 1194 2049 1854 1613 2112 1263 1645 1523 1894 1799 1576 1676 198 1321
1454 797 799 667 1231 1449 1403 1326 0 1426 903 1404 1192 951 1450 1000 983 861 1232 894 914 1248 1224 763
221 1884 697 1512 1733 209 2187 2110 1433 0 1749 1020 808 620 125 1048 557 776 848 711 657 864 2009 1850
1776 226 1122 253 1120 1771 1292 1216 903 1749 0 1710 1514 1274 1773 924 1306 1183 1555 1451 1237 1337 1114 239
1047 1855 937 1473 1693 1042 2148 2071 1404 1020 1710 0 262 740 1044 837 976 603 386 1130 703 425 1969 1821
835 1642 724 1271 1491 830 1945 1869 1192 808 1508 262 0 527 831 699 763 390 389 918 490 422 1767 1608
647 1402 421 1030 1250 642 1705 1628 951 620 1267 740 527 0 643 469 281 197 568 435 150 584 1526 1368
204 1907 720 1536 1756 192 2210 2134 1457 125 1773 1044 831 643 0 1072 581 800 872 735 681 888 2032 1873
1075 1084 527 687 907 1070 1361 1285 994 1048 924 837 699 469 1072 0 709 378 740 863 431 463 1183 1050
584 1440 254 1069 1289 579 1743 1667 990 557 1306 976 763 281 581 709 0 437 804 198 318 820 1565 1406
803 1311 393 940 1160 798 1614 1538 861 776 1177 603 390 197 800 378 437 0 431 591 159 447 1436 1277
875 1683 764 1311 1531 870 1986 1909 1232 848 1548 386 389 568 872 740 804 431 0 958 531 463 1807 1649
738 1344 408 1214 1443 733 1897 1821 894 711 1451 1130 918 435 735 863 198 591 958 0 472 974 1719 1310
684 1364 446 993 1213 679 1668 1591 914 657 1230 703 490 150 681 431 318 159 531 472 0 547 1489 1331
891 1497 780 1100 1320 886 1774 1698 1248 864 1337 425 422 584 888 463 820 447 463 974 547 0 1596 1463
1986 1225 1332 828 1330 1981 321 244 1175 1959 1064 1920 1724 1483 1982 1134 1515 1393 1764 1670 1446 1546 0 1191
1870 65 1216 463 1247 1865 1419 1342 763 1843 239 1821 1608 1368 1867 1050 1400 1277 1649 1310 1331 1463 1241 0
EOF