NAME : tsp_problem
TYPE : TSP
DIMENSION : 42
EDGE_WEIGHT_TYPE : EXPLICIT
EDGE_WEIGHT_FORMAT : FULL_MATRIX
EDGE_WEIGHT_SECTION
0 933 1480 1661 775 1107 1786 951 964 1862 282 1408 941 280 1209 1188 1724 507 136 565 550 546 972 227 672 386 603 1890 1761 1315 938 540 392 609 309 378 517 358 674 1419 871 992
933 0 1786 1967 321 1413 2092 582 84 2168 853 1714 91 886 1515 1494 2030 826 890 1043 1028 1025 178 805 601 807 1081 2196 2067 1621 484 813 831 785 954 789 995 929 850 1497 502 144
1480 1786 0 1429 1518 408 1272 1267 1817 1348 1254 1176 1795 1668 311 309 1210 1171 1437 1025 1036 976 1825 1352 1329 1588 928 1376 1529 1084 1769 1204 1612 1158 1718 1570 1001 1193 1134 571 1392 1845
1661 1967 1429 0 1699 1056 1735 1448 1997 1811 1434 307 1975 1848 1158 1137 1673 1352 1618 1206 1217 1157 2006 1533 1510 1769 1109 1839 141 396 1950 1384 1792 1339 1899 1751 1181 1373 1314 1399 1572 2025
775 321 1518 1699 0 1145 1824 314 352 1900 695 1446 329 728 1247 1226 1762 558 732 776 760 757 360 647 333 649 813 1928 1799 1353 326 545 672 518 796 631 727 739 583 1230 235 380
1107 1413 408 1056 1145 0 898 894 1444 975 881 803 1421 1295 137 116 837 798 1064 652 663 603 1452 979 956 1215 555 1003 1156 710 1396 831 1239 785 1345 1197 628 820 761 501 1019 1472
1764 2070 1250 1713 1802 877 0 1551 2100 109 1537 1460 2078 1951 978 957 98 1455 1721 1309 1320 1260 2109 1636 1613 1872 1212 365 1813 1367 2053 1487 1895 1442 2002 1854 1284 1476 1417 1220 1675 2128
876 582 1267 1448 314 894 1572 0 613 1649 711 1195 590 829 995 975 1511 469 833 662 671 612 621 748 244 750 565 1677 1548 1102 565 456 773 395 897 732 637 650 371 978 188 641
964 84 1817 1997 352 1444 2122 613 0 2199 884 1744 59 917 1545 1524 2061 856 921 1074 1058 1055 146 836 632 838 1112 2227 2098 1652 515 843 861 816 985 820 1026 959 881 1528 533 112
1840 2146 1326 1789 1879 953 109 1627 2177 0 1614 1536 2155 2028 1055 1034 175 1531 1797 1385 1396 1336 2185 1712 1690 1948 1288 442 1889 1444 2129 1564 1972 1518 2078 1930 1361 1553 1494 1296 1752 2205
282 853 1254 1434 695 881 1559 791 884 1636 0 1181 862 492 982 961 1498 280 239 339 323 320 892 154 507 449 376 1664 1535 1089 858 313 472 445 520 430 290 143 510 1224 711 912
1408 1714 1176 307 1446 803 1482 1195 1744 1558 1181 0 1722 1595 905 884 1420 1099 1365 953 964 904 1753 1280 1257 1516 856 1586 407 143 1697 1131 1539 1086 1646 1498 928 1120 1061 1146 1319 1772
941 91 1794 1975 329 1421 2100 590 59 2176 862 1722 0 895 1523 1502 2038 834 898 1052 1036 1033 153 813 609 815 1089 2204 2075 1629 492 821 839 794 962 797 1003 937 859 1506 511 119
280 886 1661 1842 728 1288 1966 905 917 2043 492 1589 895 0 1389 1369 1905 603 304 775 759 756 926 394 625 176 812 2071 1942 1496 891 590 182 563 117 168 726 567 628 1372 825 945
1209 1515 311 1158 1247 137 1000 995 1545 1077 982 905 1523 1396 0 54 938 899 1166 754 765 704 1554 1081 1058 1317 657 1105 1258 812 1497 932 1340 887 1447 1299 729 921 862 603 1120 1573
1188 1494 309 1137 1226 116 979 975 1524 1056 961 884 1502 1375 54 0 918 879 1145 733 744 684 1533 1060 1037 1296 636 1084 1237 791 1477 911 1319 866 1426 1278 708 900 841 582 1099 1552
1702 2008 1188 1651 1740 815 98 1489 2039 175 1476 1398 2016 1890 917 896 0 1393 1659 1247 1258 1198 2047 1574 1551 1810 1150 304 1751 1306 1991 1426 1834 1380 1940 1792 1223 1415 1356 1158 1614 2067
507 826 1171 1352 558 798 1476 549 856 1553 280 1099 834 603 899 879 1415 0 464 256 240 237 865 379 265 524 294 1581 1452 1006 830 230 547 202 671 505 208 219 268 1012 469 884
136 890 1437 1618 732 1064 1742 908 921 1819 239 1365 898 304 1166 1145 1681 464 0 522 506 503 929 191 628 410 560 1847 1718 1272 895 496 415 566 332 401 474 314 631 1375 828 948
565 1043 1025 1206 776 652 1331 662 1074 1407 339 953 1052 775 754 733 1269 256 522 0 158 98 1082 437 483 732 148 1435 1306 860 1048 289 755 420 803 714 123 278 485 995 687 1102
550 1028 1036 1217 760 663 1342 672 1058 1418 323 964 1036 759 765 744 1280 240 506 158 0 109 1067 422 467 716 159 1446 1317 871 1033 273 740 405 788 698 134 262 470 1006 672 1086
546 1025 976 1157 757 603 1281 612 1055 1358 320 904 1033 756 704 684 1220 237 503 98 109 0 1064 418 464 713 99 1386 1257 811 1029 270 737 401 784 695 73 259 467 946 668 1083
972 178 1825 2006 360 1452 2131 621 146 2207 892 1753 153 926 1554 1533 2069 865 929 1082 1067 1064 0 844 640 846 1120 2235 2106 1660 523 852 870 824 993 828 1034 968 889 1536 541 206
227 805 1352 1533 647 979 1658 823 836 1734 154 1280 813 394 1081 1060 1596 379 191 437 422 418 844 0 543 400 475 1762 1633 1187 810 411 424 481 423 382 389 229 546 1290 743 863
672 601 1323 1503 333 950 1628 324 632 1705 507 1250 609 625 1051 1030 1567 265 628 483 467 464 640 543 0 546 520 1733 1604 1158 606 252 569 225 693 527 434 446 290 1034 245 660
386 807 1582 1762 649 1209 1887 825 838 1964 449 1509 815 176 1310 1289 1825 524 410 732 716 713 846 400 546 0 769 1992 1862 1417 812 511 288 483 223 274 683 524 548 1293 746 866
603 1081 928 1109 813 555 1234 565 1112 1310 376 856 1089 812 657 636 1172 294 560 148 159 99 1120 475 520 769 0 1338 1209 763 1067 326 793 456 841 751 124 315 431 899 690 1140
1853 2159 1339 1802 1892 966 384 1640 2190 461 1627 1549 2168 2041 1068 1047 323 1544 1810 1398 1409 1349 2198 1725 1703 1961 1301 0 1903 1457 2142 1577 1985 1531 2091 1943 1374 1566 1507 1310 1765 2218
1761 2067 1529 141 1799 1156 1835 1548 2098 1911 1535 407 2075 1948 1258 1237 1773 1452 1718 1306 1317 1257 2106 1633 1610 1869 1209 1939 0 497 2050 1485 1893 1439 1999 1851 1282 1474 1415 1500 1673 2126
1315 1621 1084 396 1353 710 1389 1102 1652 1465 1089 143 1629 1503 812 791 1327 1006 1272 860 871 811 1660 1187 1164 1423 763 1493 497 0 1604 1039 1447 993 1553 1405 836 1028 969 1054 1227 1680
938 484 1749 1929 326 1376 2054 544 515 2131 858 1676 492 891 1477 1456 1992 830 895 1048 1033 1029 523 810 606 812 1046 2159 2029 1584 0 817 835 790 959 794 1000 934 852 1460 478 542
540 813 1204 1384 545 831 1509 536 843 1586 313 1131 821 590 932 911 1448 230 496 289 273 270 852 411 252 511 326 1614 1485 1039 817 0 534 189 658 492 240 252 254 999 456 871
392 831 1605 1786 672 1232 1911 849 861 1987 472 1533 839 182 1334 1313 1849 547 415 755 740 737 870 424 569 288 793 2015 1886 1440 835 534 0 507 228 279 707 548 572 1316 769 889
609 785 1152 1332 518 779 1457 401 816 1534 445 1079 794 563 880 859 1395 202 566 420 405 401 824 481 225 483 449 1562 1432 987 790 189 507 0 630 465 372 384 124 863 429 844
309 954 1718 1899 796 1345 2024 972 985 2100 520 1646 962 117 1447 1426 1962 671 332 803 788 784 993 423 693 223 841 2128 1999 1553 959 658 228 630 0 214 755 596 695 1440 892 1013
378 789 1563 1744 631 1190 1869 807 820 1945 430 1491 797 168 1292 1271 1807 505 401 714 698 695 828 382 527 274 751 1973 1844 1398 794 492 279 465 214 0 665 506 530 1274 727 847
517 995 1001 1181 727 628 1306 637 1026 1383 290 928 1003 726 729 708 1245 208 474 123 134 73 1034 389 434 683 124 1411 1282 836 1000 240 707 372 755 665 0 229 437 971 639 1053
358 929 1193 1373 739 820 1498 730 959 1575 143 1120 937 567 921 900 1437 219 314 278 262 259 968 229 446 524 315 1603 1474 1028 934 252 548 384 596 506 229 0 449 1163 651 987
674 850 1127 1308 583 754 1433 377 881 1509 510 1055 859 628 856 835 1371 268 631 485 470 467 889 546 290 548 425 1537 1408 962 855 254 572 124 695 530 437 449 0 838 494 909
1419 1491 874 1399 1223 501 1242 971 1521 1318 1224 1146 1499 1372 603 582 1180 1012 1375 995 1006 946 1530 1290 1034 1293 899 1346 1500 1054 1473 999 1316 863 1440 1274 971 1163 838 0 1096 1549
871 502 1392 1572 235 1019 1697 188 533 1774 711 1319 511 825 1120 1099 1636 469 828 687 672 668 541 743 245 746 689 1802 1673 1227 498 456 769 429 892 727 639 651 494 1103 0 561
992 144 1845 2025 380 1472 2150 641 112 2227 912 1772 119 945 1573 1552 2089 884 948 1102 1086 1083 206 863 660 866 1140 2255 2126 1680 542 871 889 844 1013 847 1053 987 909 1556 561 0
EOF