NAME : tsp_problem
TYPE : TSP
DIMENSION : 30
EDGE_WEIGHT_TYPE : EXPLICIT
EDGE_WEIGHT_FORMAT : FULL_MATRIX
EDGE_WEIGHT_SECTION
0 1149 1199 833 1150 610 1006 911 982 1080 224 1199 1210 560 515 328 375 354 1210 1227 584 656 1211 1149 481 551 638 630 190 163
1235 0 78 548 29 569 825 626 800 290 1047 78 90 921 1177 1151 864 927 90 160 796 717 90 29 1214 888 645 618 974 986
1285 78 0 597 79 619 875 675 850 340 1097 42 61 971 1226 1201 913 977 61 210 846 767 61 78 1263 938 694 668 1023 1036
919 548 597 0 548 252 508 154 483 478 730 597 609 604 860 834 547 610 608 625 479 400 609 547 897 571 328 301 657 669
1236 29 79 548 0 569 825 626 800 290 1047 78 90 921 1177 1151 864 927 90 160 796 717 90 29 1214 888 645 618 974 986
696 569 619 252 569 0 426 331 401 499 508 619 630 382 637 612 324 388 630 647 257 178 630 569 674 349 105 79 434 447
1092 825 875 508 825 426 0 586 108 755 904 875 886 778 1034 1008 721 784 886 903 653 574 886 825 1070 745 502 475 830 843
997 626 675 154 626 331 586 0 562 556 808 675 687 683 938 913 625 689 687 704 557 479 687 626 975 649 406 380 735 747
1068 800 850 483 800 401 108 562 0 730 879 850 861 753 1009 983 696 760 861 878 628 550 862 800 1046 720 477 451 806 818
1166 290 340 478 290 499 755 556 730 0 977 340 351 851 1107 1081 794 857 351 368 726 647 351 290 1144 818 575 548 904 916
221 1298 1348 981 1298 759 1155 1059 1130 1228 0 1348 1359 708 663 137 523 503 1359 1376 733 805 1359 1298 629 700 787 779 339 312
1285 78 42 597 78 619 875 675 850 340 1097 0 61 971 1226 1201 913 977 61 209 846 767 61 78 1263 938 694 668 1023 1036
1296 90 61 609 90 630 886 687 861 351 1108 61 0 982 1238 1212 925 988 80 221 857 778 80 90 1275 949 706 679 1035 1047
687 784 834 467 784 245 641 546 616 714 499 834 845 0 750 603 315 506 845 862 370 169 845 784 787 466 291 265 547 438
788 1180 1230 864 1181 641 1037 942 1013 1111 600 1230 1241 891 0 704 751 385 1241 1258 615 687 1242 1180 75 582 669 661 348 539
112 1189 1239 873 1189 650 1046 951 1022 1119 264 1239 1250 600 555 0 415 394 1250 1267 624 696 1251 1189 521 591 678 670 230 203
409 1263 1313 946 1263 724 1120 1024 1095 1193 221 1312 1324 557 628 325 0 467 1324 1341 697 695 1324 1263 594 665 752 744 304 160
628 927 977 610 927 388 784 689 760 857 439 977 988 643 385 543 585 0 988 1005 378 439 989 927 422 234 321 393 182 378
1296 90 61 608 90 630 886 687 861 351 1108 61 80 982 1237 1212 925 988 0 221 857 778 80 90 1274 949 706 679 1034 1047
1313 160 210 625 160 647 903 704 878 368 1125 209 221 999 1254 1229 942 1005 221 0 874 795 221 160 1291 966 723 696 1051 1064
656 887 937 570 887 348 744 648 719 817 468 936 948 598 414 572 540 177 948 965 0 394 948 887 451 374 394 368 211 407
609 1049 1098 732 1049 510 906 810 881 979 421 1098 1110 295 828 525 237 667 1110 1127 634 0 1110 1049 794 731 556 530 503 360
1297 90 61 609 90 630 886 687 862 351 1108 61 80 982 1238 1212 925 989 80 221 857 779 0 90 1275 949 706 680 1035 1047
1235 29 78 547 29 569 825 626 800 290 1047 78 90 921 1176 1151 864 927 90 160 796 717 90 0 1213 888 645 618 973 986
754 1217 1267 901 1217 678 1074 979 1050 1147 566 1267 1278 902 75 670 717 422 1278 1295 652 724 1279 1217 0 619 706 698 341 505
825 888 938 571 888 349 745 649 720 818 637 938 949 603 582 741 546 234 949 966 414 399 949 888 619 0 281 354 379 576
743 645 694 328 645 105 502 406 477 575 554 694 706 428 669 658 371 321 706 723 303 224 706 645 706 281 0 111 466 493
716 618 668 301 618 79 475 380 451 548 528 668 679 402 657 632 344 393 679 696 277 198 680 618 694 354 111 0 454 467
464 977 1027 661 977 438 834 739 810 907 275 1027 1038 611 348 379 426 182 1038 1055 412 484 1039 977 341 379 466 458 0 214
277 1178 1228 861 1178 639 1035 940 1010 1108 88 1228 1239 424 719 193 239 559 1239 1256 764 563 1239 1178 685 756 685 659 395 0
EOF