NAME : tsp_problem
TYPE : TSP
DIMENSION : 38
EDGE_WEIGHT_TYPE : EXPLICIT
EDGE_WEIGHT_FORMAT : FULL_MATRIX
EDGE_WEIGHT_SECTION
0 834 834 669 451 426 756 451 180 522 331 847 537 439 791 237 496 796 603 965 493 502 886 180 73 72 493 900 161 708 401 867 490 834 866 273 849 440
834 0 42 958 637 716 160 637 842 811 621 1136 827 625 1080 691 786 111 893 1254 679 688 1176 843 834 834 679 1190 903 998 690 1157 779 42 1156 663 1139 625
834 42 0 958 637 715 160 637 842 811 621 1136 827 625 1080 691 786 111 892 1254 679 688 1176 842 834 834 678 1190 903 998 690 1156 779 42 1156 663 1139 625
669 958 958 0 575 366 880 575 677 181 367 457 161 563 401 525 209 920 90 575 617 626 496 677 669 669 617 510 737 246 302 477 213 958 476 497 459 564
451 637 637 575 0 332 559 26 459 428 238 753 444 87 697 308 403 599 510 871 65 77 793 460 451 451 65 807 520 615 307 773 396 637 773 280 756 88
426 716 715 366 332 0 638 333 434 234 124 559 234 320 503 283 208 677 300 677 374 383 598 434 426 426 374 612 495 420 98 579 187 716 578 255 561 321
756 160 160 880 559 638 0 559 765 734 543 1059 749 547 1002 613 708 121 815 1177 601 610 1098 765 756 757 601 1112 825 920 612 1079 701 160 1078 585 1061 548
451 637 637 575 26 333 559 0 460 428 238 753 444 87 697 308 403 599 510 872 65 77 793 460 451 451 65 807 520 615 307 774 396 637 773 280 756 88
180 842 842 677 459 434 765 460 0 530 339 855 545 447 799 245 505 804 611 973 501 510 895 34 180 180 501 908 152 717 409 875 498 842 874 282 858 448
522 811 811 181 428 234 734 428 530 0 220 458 49 416 402 379 93 773 115 576 470 479 498 530 522 522 470 512 590 247 185 478 96 811 477 350 461 417
331 621 621 367 238 124 543 238 339 220 0 545 235 226 489 188 195 583 301 663 280 289 585 340 331 331 279 599 400 407 99 565 188 621 564 160 548 226
851 1140 1140 457 757 563 1062 757 859 458 549 0 438 745 240 707 486 1102 391 428 799 808 195 859 851 851 799 209 919 248 537 176 490 1140 175 679 158 746
537 827 827 161 444 234 749 444 545 49 235 438 0 432 382 394 77 788 95 556 485 495 478 546 537 537 485 492 606 228 170 458 81 827 458 366 441 432
439 625 625 563 87 320 547 87 447 416 226 741 432 0 685 296 391 587 498 859 129 138 781 448 439 439 129 795 508 603 295 761 384 625 761 268 744 54
795 1084 1084 401 701 507 1006 701 803 402 493 240 382 689 0 651 430 1046 335 239 743 752 280 803 795 795 743 293 863 191 481 260 434 1084 259 623 243 690
237 691 691 525 308 283 613 308 245 379 188 704 394 296 648 0 353 653 460 822 350 359 743 245 237 237 350 757 305 565 258 724 347 691 723 130 706 297
496 786 786 209 403 208 708 403 505 93 195 486 77 391 430 353 0 748 143 604 445 454 526 505 496 496 445 540 565 276 183 506 125 786 506 325 489 391
796 111 111 920 599 677 121 599 804 773 583 1098 788 587 1042 653 748 0 854 1216 640 650 1138 804 796 796 640 1152 864 960 652 1118 741 111 1117 625 1101 587
603 893 892 90 510 300 815 510 611 115 301 391 95 498 335 460 143 854 0 509 551 560 431 611 603 603 551 445 672 181 236 411 147 893 411 432 394 498
969 1258 1258 575 875 681 1181 876 977 576 667 428 556 863 239 826 604 1220 509 0 917 926 332 977 969 969 917 260 1037 366 655 313 608 1258 312 798 305 864
493 679 679 617 65 374 601 65 501 470 280 795 485 129 739 350 445 640 551 913 0 118 835 501 493 493 42 849 561 657 349 815 438 679 814 322 798 129
502 688 688 626 77 383 610 77 510 479 289 804 495 138 748 359 454 650 560 922 118 0 844 511 502 502 118 858 571 666 358 824 447 688 824 331 807 139
890 1180 1180 496 797 602 1102 797 898 498 589 195 478 785 280 747 526 1142 431 332 839 848 0 899 890 890 838 114 959 287 577 80 530 1180 80 719 72 785
180 843 842 677 460 434 765 460 34 530 340 855 546 448 799 245 505 804 611 973 501 511 895 0 180 180 501 909 152 717 409 875 498 843 875 282 858 448
73 834 834 669 451 426 756 451 180 522 331 847 537 439 791 237 496 796 603 965 493 502 886 180 0 72 493 900 161 708 401 867 490 834 866 273 849 440
72 834 834 669 451 426 757 451 180 522 331 847 537 439 791 237 496 796 603 965 493 502 886 180 72 0 493 900 161 709 401 867 490 834 866 274 849 440
493 679 678 617 65 374 601 65 501 470 279 795 485 129 739 350 445 640 551 913 42 118 835 501 493 493 0 848 561 657 349 815 438 679 814 322 798 129
904 1194 1194 510 811 616 1116 811 912 512 602 209 492 799 293 761 540 1155 445 260 852 862 114 913 904 904 852 0 973 301 591 94 544 1194 93 733 86 799
161 903 903 737 520 495 825 520 152 590 400 915 606 508 859 305 565 864 672 1034 561 571 955 152 161 161 561 969 0 777 469 936 558 903 935 342 918 508
712 1002 1002 246 619 424 924 619 721 247 411 248 228 607 191 569 276 964 181 366 661 670 287 721 712 712 661 301 781 0 369 268 279 1002 267 541 250 607
401 690 690 302 307 98 612 307 409 185 99 533 170 295 477 258 183 652 236 652 349 358 573 409 401 401 349 587 469 369 0 554 123 690 553 229 536 296
871 1160 1160 477 777 583 1083 778 879 478 569 176 458 765 260 728 506 1122 411 313 819 828 80 879 871 871 819 94 939 268 558 0 510 1160 60 700 53 766
490 779 779 213 396 187 701 396 498 96 188 490 81 384 434 347 125 741 147 608 438 447 530 498 490 490 438 544 558 279 123 510 0 779 510 318 493 385
834 42 42 958 637 716 160 637 842 811 621 1136 827 625 1080 691 786 111 893 1254 679 688 1176 843 834 834 679 1190 903 998 690 1157 779 0 1156 663 1139 625
870 1160 1160 476 777 582 1082 777 878 477 568 175 458 765 259 727 506 1121 411 312 818 828 80 879 870 870 818 93 939 267 557 60 510 1160 0 699 52 765
287 940 940 775 557 532 863 558 358 628 437 953 643 545 897 343 603 902 709 1071 599 608 993 359 287 287 599 1006 355 815 507 973 596 940 972 0 956 546
853 1143 1143 459 760 565 1065 760 861 461 552 158 441 748 243 710 489 1105 394 305 802 811 72 862 853 853 801 86 922 250 540 53 493 1143 52 682 0 748
440 625 625 564 88 321 548 88 448 417 226 742 432 54 686 297 391 587 498 860 129 139 781 448 440 440 129 795 508 603 296 762 385 625 761 268 744 0
EOF