NAME : tsp_problem
TYPE : TSP
DIMENSION : 24
EDGE_WEIGHT_TYPE : EXPLICIT
EDGE_WEIGHT_FORMAT : FULL_MATRIX
EDGE_WEIGHT_SECTION
0 972 1043 481 468 935 714 1182 279 676 1074 681 684 1069 671 304 698 77 1088 613 551 471 296 557
972 0 197 822 809 282 437 293 882 1031 354 582 545 349 567 879 1053 1018 368 732 640 643 887 898
1043 197 0 743 730 365 422 238 953 953 437 653 467 432 489 949 975 1088 450 654 711 713 957 819
503 739 743 0 99 793 422 842 310 247 932 658 315 927 302 512 269 549 946 244 634 418 520 188
517 726 730 99 0 780 409 829 323 260 919 645 302 914 289 499 282 562 933 231 621 405 507 175
935 282 365 793 780 0 510 461 846 1003 307 445 627 302 649 798 1025 981 320 813 560 600 806 869
714 437 422 422 409 510 0 538 624 631 648 468 145 643 167 621 653 760 661 332 444 385 629 498
1182 293 238 842 829 461 538 0 1092 1051 534 798 565 529 587 1089 1073 1228 547 752 856 853 1097 918
279 882 953 310 323 846 624 1092 0 469 984 621 588 980 575 346 491 325 998 517 593 381 338 461
662 949 953 247 260 1003 631 1051 469 0 1142 868 524 1137 511 721 137 708 1155 454 844 628 721 398
1074 354 437 932 919 307 648 534 984 1142 0 589 764 244 786 969 1164 1120 263 951 731 745 977 1008
681 582 653 658 645 445 468 798 621 868 589 0 584 680 606 412 889 668 698 701 173 329 420 734
690 545 467 315 302 627 145 565 588 524 764 584 0 759 60 599 546 735 777 225 560 501 607 391
1002 263 346 860 847 234 557 442 912 1069 307 612 673 0 695 908 1091 1047 320 860 670 673 916 936
677 567 489 302 289 649 167 587 575 511 786 606 60 781 0 586 533 722 799 212 582 493 594 378
304 879 949 409 396 798 621 1089 346 619 969 412 599 976 586 0 641 290 994 541 281 351 48 485
684 971 975 269 282 1025 653 1073 491 137 1164 889 546 1159 533 743 0 730 1177 458 866 650 743 420
77 1018 1088 527 514 981 760 1228 325 721 1120 668 729 1115 716 290 743 0 1133 659 537 516 282 603
983 244 327 841 828 216 538 424 894 1051 288 594 654 283 676 890 1073 1029 0 841 652 654 898 917
645 732 654 244 231 813 332 752 517 454 951 701 225 946 212 554 458 691 964 0 677 461 562 320
551 640 711 634 621 560 444 856 593 844 731 173 560 738 582 281 866 537 756 677 0 306 289 710
471 643 713 418 405 600 385 853 381 628 745 329 501 740 493 351 650 516 759 461 306 0 359 494
296 887 957 402 389 806 629 1097 338 611 977 420 604 984 591 48 633 282 1002 534 289 359 0 478
808 945 873 407 394 999 552 972 680 483 1138 864 445 1133 432 718 379 854 1152 250 840 624 726 0
EOF