NAME : tsp_problem
TYPE : TSP
DIMENSION : 64
EDGE_WEIGHT_TYPE : EXPLICIT
EDGE_WEIGHT_FORMAT : FULL_MATRIX
EDGE_WEIGHT_SECTION
0 983 1073 152 1060 123 389 481 332 766 971 408 599 896 949 123 1101 106 477 598 504 542 1122 860 466 413 497 560 229 379 671 999 505 871 455 609 516 168 472 1022 768 689 500 912 504 390 511 496 373 514 746 446 920 280 978 531 565 695 509 926 554 138 756 530
983 0 538 1093 602 945 1145 1099 1089 731 436 1165 480 167 531 1059 566 1047 880 839 1068 624 592 300 788 1169 1253 805 954 821 773 213 1050 148 782 466 893 1121 1101 195 399 791 1045 303 1187 785 1068 522 650 698 653 849 562 1102 256 776 519 602 1079 556 707 883 412 487
1073 538 0 1076 131 1035 1008 918 1039 447 154 1115 681 402 243 1009 96 1022 827 658 888 575 94 601 735 1120 1136 653 905 1020 539 550 870 449 729 525 816 1178 920 573 348 522 865 385 1007 983 888 814 848 648 563 796 274 1192 452 686 578 512 899 267 618 973 361 780
152 1093 1076 0 1033 232 292 384 235 739 974 311 709 990 922 96 1097 79 450 571 407 546 1095 970 439 316 400 533 202 488 644 1109 437 981 429 712 489 258 375 1132 771 662 439 975 407 500 414 605 483 513 719 419 894 390 1041 504 668 668 412 899 527 248 759 640
1060 602 131 1033 0 1030 915 826 971 354 244 1069 678 466 151 966 102 979 735 566 795 570 100 666 643 1073 1044 561 861 1017 447 614 778 513 637 522 724 1135 828 637 345 430 772 449 915 980 795 811 845 623 470 703 181 1187 516 594 575 420 806 175 525 968 358 777
123 945 1035 232 1030 0 469 561 413 787 932 489 560 857 918 204 1062 186 498 618 544 504 1089 822 487 493 577 581 310 340 691 960 526 832 476 570 537 260 552 984 729 709 521 873 585 352 544 457 334 476 752 467 890 197 940 552 526 702 555 895 560 99 717 491
402 1123 1008 292 915 475 0 131 94 595 971 192 732 987 804 335 979 329 447 384 154 542 977 1018 436 196 280 422 222 606 500 1135 183 1028 425 709 339 387 122 1158 768 518 186 971 154 617 161 722 600 510 691 416 775 632 1038 455 665 641 159 781 524 413 756 757
405 1099 918 379 826 451 131 0 186 506 947 284 707 962 715 311 890 325 396 295 65 518 888 993 360 289 259 333 207 582 410 1110 95 1004 349 684 250 479 43 1134 744 428 97 947 130 593 72 698 576 433 602 365 686 608 1014 365 641 551 70 692 447 389 731 733
346 1089 1039 235 971 426 94 186 0 651 937 135 698 952 860 290 1035 273 413 440 210 508 1033 983 402 140 224 477 165 571 555 1101 239 994 391 674 395 330 177 1124 734 573 241 937 210 583 216 688 566 476 681 382 831 583 1004 467 631 631 215 836 489 379 722 723
766 731 447 739 354 787 595 506 651 0 560 749 554 594 243 672 418 685 441 246 475 431 416 625 349 753 724 241 567 828 127 742 458 636 343 398 404 841 508 766 376 110 452 579 595 829 476 688 695 346 347 410 214 944 646 274 452 297 486 220 254 725 363 653
971 436 154 974 244 932 993 947 937 560 0 1013 579 299 357 907 181 920 728 687 916 472 208 499 636 1017 1101 653 802 917 621 448 898 347 630 423 741 1076 949 471 246 636 893 282 1035 881 916 712 746 546 501 697 387 1090 349 624 476 450 927 381 555 871 258 678
422 1165 1115 311 1069 502 192 284 135 749 1013 0 774 1028 957 366 1132 349 489 538 307 584 1131 1059 478 42 120 572 241 647 653 1177 337 1070 467 750 492 406 275 1200 810 671 339 1013 307 659 314 764 642 552 758 458 929 659 1080 543 707 707 312 934 566 455 798 799
622 480 681 732 678 584 754 707 698 554 579 774 0 410 566 668 708 681 488 452 677 245 735 353 397 778 862 414 563 460 525 492 659 364 391 279 502 759 709 515 377 543 654 501 796 424 677 254 289 307 476 457 538 741 500 385 247 426 688 543 391 522 365 219
917 167 402 989 466 879 1009 962 952 594 299 1028 410 0 395 922 429 936 743 702 931 488 456 230 651 1033 1117 669 818 756 636 179 914 78 645 329 756 1055 964 202 263 654 908 166 1051 719 932 452 584 561 516 712 426 1036 187 640 383 466 942 419 571 817 275 417
949 531 243 922 151 918 804 715 860 243 357 957 566 395 0 855 214 868 623 455 684 458 212 595 532 962 933 450 750 905 335 543 666 443 525 411 613 1024 717 566 275 319 661 378 803 869 684 700 734 512 359 592 77 1076 445 482 464 309 695 70 414 857 287 666
123 1030 1009 96 966 204 295 387 238 672 907 314 645 923 855 0 1030 44 383 504 410 478 1028 907 372 319 403 466 135 425 577 1046 411 917 361 645 422 260 378 1069 704 595 406 907 410 437 417 542 420 446 652 352 826 361 974 437 601 601 415 832 460 219 692 577
1101 566 96 1097 102 1062 979 890 1035 418 181 1132 708 429 214 1030 0 1043 798 630 859 602 66 629 707 1137 1108 625 925 1047 511 577 841 477 701 552 788 1199 892 601 375 494 836 412 978 1011 859 842 876 676 534 767 245 1219 479 658 606 484 870 239 589 1000 388 807
106 1043 1023 79 980 186 308 400 252 686 920 328 659 936 868 44 1043 0 397 517 424 492 1041 920 386 332 416 479 149 439 590 1059 425 931 375 658 435 243 391 1082 718 608 419 921 424 450 430 555 433 459 665 365 840 344 988 450 614 615 429 845 473 201 705 590
477 880 827 450 735 498 470 396 413 441 728 489 488 743 623 383 798 396 0 272 365 299 797 774 141 493 578 234 278 539 345 892 348 785 130 465 190 552 398 915 525 363 342 728 485 551 366 593 508 214 420 86 595 655 795 205 422 370 376 600 228 436 512 628
597 839 658 571 566 618 384 295 440 246 687 538 452 702 455 503 630 517 272 0 264 262 628 733 180 542 513 73 399 660 150 851 247 744 174 428 193 673 297 874 484 169 241 687 384 661 265 556 526 177 342 241 426 776 754 105 385 291 275 432 191 557 471 591
429 1068 888 402 795 475 154 65 210 475 916 307 677 931 684 335 859 348 365 264 0 487 857 962 329 312 283 302 230 585 380 1080 87 973 318 653 219 502 67 1103 713 398 82 916 153 597 95 676 554 402 571 334 655 632 983 334 610 521 94 661 416 413 701 711
542 624 575 545 570 504 565 518 508 431 472 584 245 488 458 478 602 492 299 262 487 0 629 519 207 589 673 225 374 491 335 636 470 529 201 222 312 647 520 659 269 353 464 473 607 454 488 350 319 117 295 268 430 661 539 196 178 244 498 435 202 442 257 384
1122 592 94 1095 100 1089 977 888 1033 416 208 1131 735 456 212 1028 66 1041 797 628 857 629 0 656 705 1135 1106 623 923 1074 509 604 839 503 699 579 786 1197 890 627 402 492 834 439 977 1037 857 868 902 685 532 765 243 1246 506 656 633 482 868 237 587 1027 415 834
860 300 601 970 666 822 1040 993 983 625 499 1059 353 230 595 941 629 924 774 733 962 519 656 0 682 1064 1148 700 849 698 667 312 945 183 676 351 787 998 995 335 448 685 939 366 1082 662 963 395 527 592 547 743 609 979 320 671 405 497 973 614 602 760 436 360
466 788 735 439 643 487 449 360 402 349 636 478 397 651 532 372 707 385 141 180 329 207 705 682 0 483 567 143 267 528 253 800 311 693 58 373 154 541 362 823 433 271 306 636 448 540 329 502 471 123 328 110 503 644 703 114 330 278 340 509 136 425 421 536
426 1169 1120 316 1073 507 196 289 140 753 1017 42 778 1033 962 370 1137 353 493 542 312 589 1135 1064 483 0 110 576 246 652 658 1181 341 1074 472 755 497 411 280 1205 814 676 344 1018 312 664 318 769 646 556 762 462 933 664 1085 547 711 712 317 939 570 460 802 803
510 1253 1136 400 1044 591 280 259 224 724 1101 120 862 1117 933 454 1108 437 578 513 283 673 1106 1148 567 110 0 550 330 736 628 1265 312 1158 556 839 468 495 250 1289 898 646 314 1102 347 748 289 853 730 640 820 546 904 748 1169 583 795 769 288 909 654 544 886 887
560 805 653 533 561 581 422 333 477 241 653 572 414 669 450 466 625 479 234 73 302 225 623 700 143 576 550 0 361 622 146 817 284 710 137 391 230 635 334 840 450 164 279 654 421 623 302 519 488 140 337 203 421 738 720 69 347 287 313 427 154 519 438 553
261 954 905 209 861 306 222 314 165 567 802 241 563 818 750 167 925 180 278 399 324 374 923 849 267 246 330 361 0 437 472 966 307 859 257 540 317 304 305 989 599 490 301 803 337 448 325 554 431 341 547 247 722 464 869 332 496 496 335 727 355 245 587 588
379 821 1020 488 1017 340 660 616 603 828 917 679 460 756 905 460 1047 442 539 660 585 491 1074 698 528 684 768 622 469 0 733 837 567 709 517 537 578 516 618 860 716 751 562 840 704 137 585 334 211 517 742 508 877 470 845 593 493 691 596 882 601 278 704 368
670 773 539 643 447 691 500 410 555 127 621 653 525 636 335 576 511 590 345 150 380 335 509 667 253 658 628 146 472 733 0 784 362 678 247 440 308 746 412 808 418 91 357 621 499 734 380 629 599 250 276 314 307 849 688 178 458 225 391 312 159 630 405 664
999 213 550 1109 614 960 1157 1110 1101 742 448 1177 492 179 543 1071 577 1063 892 851 1080 636 604 312 800 1181 1265 817 966 837 784 0 1062 160 794 478 905 1136 1112 53 411 802 1057 197 1199 801 1080 533 666 710 665 860 574 1118 140 788 531 614 1091 568 719 899 424 499
458 1050 870 431 778 504 183 95 239 458 898 337 659 914 666 364 841 377 348 247 87 470 839 945 311 341 312 284 260 567 362 1062 0 955 300 636 201 532 96 1085 695 380 64 899 183 579 88 659 536 385 553 317 638 661 965 317 592 503 98 643 399 442 683 693
871 148 449 981 513 832 1050 1004 994 636 347 1070 364 78 443 952 477 934 785 744 973 529 503 183 693 1074 1158 710 859 709 678 160 955 0 687 362 798 1008 1006 183 311 696 950 214 1092 672 973 405 538 603 558 754 473 989 167 681 415 507 984 467 612 770 323 371
455 782 729 428 637 476 438 349 391 343 630 467 391 645 525 361 701 375 130 174 318 201 699 676 58 472 556 137 257 517 247 794 300 687 0 367 143 530 351 817 427 265 295 630 437 529 318 495 465 116 322 99 497 633 697 107 324 272 329 502 130 414 415 530
699 466 525 712 522 660 731 684 674 398 423 750 279 329 411 644 552 658 465 428 653 222 579 351 373 755 839 391 540 537 440 478 636 362 367 0 478 814 686 501 221 458 630 345 773 500 654 396 365 283 320 434 382 817 412 362 177 270 664 387 368 598 209 379
516 893 816 489 724 537 339 250 395 404 741 492 502 756 613 422 788 435 190 193 219 312 786 787 154 497 468 230 317 578 308 905 201 798 143 478 0 591 252 928 538 326 196 741 338 590 219 606 547 227 433 159 584 694 808 219 435 383 230 589 241 475 526 641
168 1121 1178 258 1135 260 387 479 330 841 1076 406 736 1033 1024 260 1199 243 552 673 502 647 1197 998 541 411 495 635 304 516 746 1136 532 1008 530 746 591 0 470 1160 873 764 534 1049 502 528 509 633 510 615 821 521 995 417 1116 606 702 770 507 1001 629 275 861 667
407 1101 920 375 828 453 122 43 177 508 949 275 709 964 717 313 892 326 398 297 67 520 890 995 362 280 250 334 208 583 412 1112 96 1006 351 686 252 470 0 1136 746 430 99 949 132 595 73 700 577 435 604 367 688 610 1016 367 643 553 72 694 449 391 733 734
1022 195 573 1132 637 984 1181 1134 1124 766 471 1200 515 202 566 1094 601 1086 915 874 1103 659 627 335 823 1205 1289 840 989 860 808 53 1085 183 817 501 928 1160 1136 0 435 826 1080 220 1222 824 1103 557 689 733 688 884 597 1141 163 811 554 637 1114 591 743 922 447 522
768 399 348 771 345 729 790 744 734 376 246 810 377 263 275 704 375 717 525 484 713 269 402 448 433 814 898 450 599 716 418 411 695 311 427 221 538 873 746 435 0 436 690 246 832 679 713 511 545 343 298 494 306 887 313 421 275 247 724 299 352 668 155 476
688 791 522 661 430 709 518 428 573 110 636 671 543 654 319 594 494 608 363 169 398 353 492 685 271 676 646 164 490 751 91 802 380 696 265 458 326 764 430 826 436 0 375 639 517 752 398 647 617 268 294 332 290 867 706 196 476 243 409 296 177 648 423 682
461 1045 865 434 772 506 186 97 241 452 893 339 654 908 661 367 836 380 342 241 82 464 834 939 306 344 314 279 262 562 357 1057 64 950 295 630 196 534 99 1080 690 375 0 893 185 574 82 653 531 379 548 311 632 664 960 311 587 498 93 638 393 445 678 688
971 303 385 974 449 933 994 947 937 579 282 1013 501 166 378 907 412 921 728 687 916 473 439 366 636 1018 1102 654 803 840 621 197 899 214 630 345 741 1076 949 220 246 639 893 0 1036 803 916 582 668 546 501 697 409 1090 95 625 398 451 927 402 556 871 259 548
321 1014 965 294 921 366 313 405 257 628 862 333 623 878 810 227 985 240 339 459 384 434 983 909 328 337 421 421 122 497 532 1026 367 919 317 600 377 396 396 1050 659 550 361 863 0 509 385 614 491 401 607 307 782 524 930 392 556 557 395 787 415 305 647 648
390 785 983 500 980 352 671 627 615 829 881 691 424 719 869 471 1011 454 551 661 597 454 1037 662 540 695 779 623 480 137 734 801 579 672 529 500 590 528 629 824 679 752 574 803 716 0 597 297 175 516 705 520 840 509 809 594 456 655 608 846 600 290 667 332
435 1068 888 408 795 481 161 72 216 476 916 314 677 932 684 341 859 355 366 265 95 488 857 963 329 318 289 302 237 585 380 1080 88 973 318 654 219 509 73 1103 713 398 82 916 160 597 0 676 554 403 571 335 656 638 983 335 610 521 100 661 417 419 701 711
496 522 814 605 811 457 751 707 694 688 712 770 254 452 700 576 842 559 593 556 676 350 868 395 502 775 859 519 560 334 629 533 659 405 495 396 606 633 709 557 511 647 653 582 796 297 676 0 162 411 601 562 672 614 541 490 352 550 687 677 496 395 498 64
373 650 848 483 845 334 628 584 572 695 746 648 289 584 734 454 876 437 508 526 554 319 902 527 471 652 736 488 437 211 599 666 536 538 465 365 547 510 586 689 545 617 531 668 673 175 554 162 0 381 570 477 705 492 674 459 322 520 565 711 465 273 532 197
514 698 648 513 623 476 523 433 476 346 546 552 307 561 512 446 676 459 214 177 402 117 685 592 123 556 640 140 341 517 250 710 385 603 116 283 227 615 435 733 343 268 379 546 522 516 403 411 381 0 309 183 483 633 613 111 240 258 413 489 117 414 331 446
745 653 563 719 470 752 691 602 681 347 501 758 476 516 359 651 534 665 420 342 571 295 532 547 328 762 820 337 547 742 276 665 553 558 322 320 433 821 604 688 298 294 548 501 691 705 571 601 570 309 0 389 331 909 568 317 374 72 582 336 211 690 285 576
446 849 796 419 703 467 438 365 382 410 697 458 457 712 592 352 767 365 86 241 334 268 765 743 110 462 546 203 247 508 314 860 317 754 99 434 159 521 367 884 494 332 311 697 454 520 335 562 477 183 389 0 564 624 764 174 391 339 345 569 197 405 481 597
920 562 274 893 181 890 775 686 831 214 387 929 538 426 77 826 245 840 595 426 655 430 243 609 503 933 904 421 722 877 307 574 638 473 497 382 584 995 688 597 306 290 632 409 775 840 656 672 705 483 331 564 0 1047 476 454 436 280 666 101 385 828 318 637
280 1102 1192 390 1187 197 627 719 570 944 1090 646 718 1014 1076 361 1219 344 655 776 701 661 1246 979 644 651 735 738 467 470 849 1118 683 989 633 727 694 417 710 1141 887 867 678 1030 742 509 701 614 492 633 909 624 1047 0 1097 709 684 859 712 1053 717 256 874 649
1007 256 452 1041 516 968 1061 1014 1004 646 349 1080 500 187 445 974 479 987 795 754 983 539 506 320 703 1085 1169 720 869 845 688 140 965 167 697 412 808 1143 1016 163 313 706 960 95 1102 809 983 541 674 613 568 764 476 1126 0 691 465 517 994 469 623 907 325 507
531 776 686 504 594 552 455 365 467 274 624 543 385 640 482 437 658 450 205 105 334 196 656 671 114 547 583 69 332 593 178 788 317 681 107 362 219 606 367 811 421 196 311 625 454 594 335 490 459 111 317 174 454 709 691 0 318 266 345 459 125 490 409 524
655 519 578 668 575 616 687 641 631 452 476 707 247 383 464 601 606 614 422 385 610 178 633 405 330 711 795 347 496 493 458 531 592 415 324 177 435 770 643 554 275 476 587 398 729 456 610 352 322 240 374 391 436 774 465 318 0 324 621 441 324 555 262 387
695 602 512 668 420 702 641 551 631 297 450 707 426 466 309 601 484 614 370 291 521 244 482 497 278 712 769 287 496 691 225 614 503 507 272 270 383 770 553 637 247 243 498 451 640 655 521 550 520 258 72 339 280 859 517 266 324 0 532 286 160 640 235 525
434 1079 899 407 806 479 159 70 215 486 927 312 688 942 695 340 870 353 376 275 94 498 868 973 340 317 288 313 235 596 391 1091 98 984 329 664 230 507 72 1114 724 409 93 927 158 608 100 687 565 413 582 345 666 637 994 345 621 532 0 672 427 418 712 722
926 556 267 899 175 895 781 692 836 220 381 934 543 419 70 832 239 845 600 432 661 435 237 614 509 939 909 427 727 882 312 568 643 467 502 387 589 1001 694 591 299 296 638 402 780 846 661 677 711 489 336 569 101 1053 469 459 441 286 672 0 391 834 312 643
553 707 618 527 525 560 536 447 489 254 555 566 391 571 414 459 589 473 228 191 416 202 587 602 136 570 654 154 355 601 159 719 399 612 130 368 241 629 449 743 352 177 393 556 536 600 417 496 465 117 211 197 385 717 623 125 324 160 427 391 0 498 340 530
138 883 973 248 968 99 484 513 428 725 871 504 499 795 857 219 1000 201 436 557 482 442 1027 760 425 508 592 519 325 278 630 899 464 770 414 508 475 275 515 922 668 648 459 811 600 290 482 395 273 414 690 405 828 256 878 490 465 640 493 834 498 0 655 430
756 412 361 759 358 717 778 731 722 363 258 798 365 275 287 692 388 705 512 471 701 257 415 436 421 802 886 438 587 704 405 424 683 323 415 209 526 861 733 447 155 423 678 259 820 667 701 498 532 331 285 481 318 874 325 409 262 235 712 312 340 655 0 464
530 487 780 640 777 491 785 741 729 653 678 805 219 417 666 611 807 594 628 591 711 384 834 360 536 809 893 553 594 368 664 499 693 371 530 379 641 667 743 522 476 682 688 548 830 332 711 64 197 446 576 597 637 649 507 524 387 525 722 643 530 430 464 0
EOF