NAME : tsp_problem
TYPE : TSP
DIMENSION : 32
EDGE_WEIGHT_TYPE : EXPLICIT
EDGE_WEIGHT_FORMAT : FULL_MATRIX
EDGE_WEIGHT_SECTION
0 392 473 711 487 363 881 305 824 362 370 818 124 573 367 340 217 851 337 669 444 598 943 311 396 787 346 988 372 267 623 512
808 0 319 581 448 675 560 608 575 286 685 568 509 408 679 801 678 572 649 347 522 390 650 615 700 538 658 684 676 727 492 190
725 363 0 656 523 592 520 332 650 361 601 643 423 483 596 714 580 536 565 380 246 167 610 339 424 613 574 603 400 641 567 158
774 801 656 0 271 641 588 835 437 452 651 431 654 190 645 907 824 466 615 377 859 617 556 842 927 400 624 602 903 726 120 527
640 613 523 271 0 507 529 647 472 227 516 466 430 132 511 722 599 500 480 318 698 559 591 654 739 435 489 636 715 592 182 395
170 504 592 641 507 0 991 437 934 420 54 927 257 593 56 303 348 961 86 779 577 717 1053 444 529 896 91 1097 504 122 626 622
1124 840 520 588 529 991 0 809 377 601 1000 370 824 416 995 1116 993 211 964 301 723 383 285 816 901 340 973 322 877 1043 500 463
898 536 483 1062 874 765 960 0 1077 677 774 1070 595 890 769 887 727 976 738 821 267 607 1050 486 544 1039 747 1044 547 814 973 598
1067 875 650 437 472 934 377 909 0 544 943 59 767 359 938 1059 936 178 907 371 854 559 147 916 1001 85 916 314 977 986 442 522
553 417 361 452 227 420 601 451 544 0 429 538 305 298 424 597 474 572 393 390 501 432 663 457 542 507 402 708 518 505 363 233
165 513 600 651 516 54 1000 432 943 429 0 936 251 602 50 297 342 970 81 788 571 725 1062 438 523 906 86 1106 499 117 635 631
1060 869 643 431 466 927 370 903 59 538 936 0 761 352 931 1052 930 172 901 364 847 553 158 910 995 96 909 308 970 979 436 515
439 335 423 654 430 306 824 324 767 305 316 761 0 516 310 359 237 794 280 612 419 547 886 331 416 730 289 931 392 286 566 455
726 629 483 190 132 593 416 663 359 298 602 352 516 0 597 807 685 386 566 204 687 445 478 670 755 321 575 522 731 678 101 355
166 508 596 645 511 56 995 433 938 424 50 931 253 597 0 299 344 965 82 783 573 721 1057 440 525 900 87 1101 500 118 630 626
384 627 708 907 722 303 1116 540 1059 597 297 1052 359 807 299 0 312 1086 329 904 679 833 1178 531 616 1022 334 1222 592 230 858 747
393 504 580 824 599 348 993 411 936 474 342 930 237 685 344 312 0 964 374 781 550 704 1055 292 377 899 379 1100 353 239 735 624
1094 856 536 466 500 961 211 826 178 572 970 172 794 386 965 1086 964 0 934 317 740 399 111 832 917 141 943 148 893 1013 470 479
196 478 565 615 480 86 964 463 907 393 81 901 280 566 82 329 374 934 0 752 562 690 1026 470 555 870 96 1071 531 148 599 595
912 701 380 377 318 779 301 670 371 390 788 364 612 204 783 904 781 317 752 0 584 264 391 677 762 334 761 428 737 831 288 252
722 359 246 859 698 589 723 303 854 501 598 847 419 687 593 711 550 740 562 584 0 371 814 310 395 816 571 807 370 638 771 361
850 487 167 617 559 717 383 457 559 432 726 553 547 445 721 839 704 399 690 264 371 0 473 463 548 522 699 484 524 766 529 229
1186 930 610 556 591 1053 285 900 147 663 1062 158 886 478 1057 1178 1055 111 1026 391 814 473 0 906 991 184 1035 222 967 1105 561 553
599 316 339 842 654 545 816 170 857 457 548 850 366 670 549 518 292 832 518 629 310 463 906 0 118 819 527 900 93 445 753 454
684 401 424 927 739 630 901 255 942 542 634 935 451 755 634 603 377 917 603 714 395 548 991 118 0 904 612 985 82 530 838 539
1029 838 613 400 435 896 340 872 85 507 906 96 730 321 900 1022 899 141 870 334 816 522 184 879 964 0 879 277 940 948 405 484
201 486 574 624 489 91 973 468 916 402 86 909 288 575 87 334 379 943 96 761 571 699 1035 475 560 879 0 1080 536 153 608 604
1230 924 603 602 636 1097 322 893 314 708 1106 308 931 522 1101 1222 1100 148 1071 428 807 484 222 900 985 277 1080 0 960 1149 606 564
660 376 400 903 715 606 877 231 917 518 609 911 426 731 610 579 353 893 579 690 370 524 967 93 82 880 588 960 0 506 814 515
168 521 603 726 592 122 1011 434 954 492 117 947 254 678 118 230 239 981 148 799 574 728 1073 441 526 916 153 1117 502 0 711 642
759 712 567 120 182 626 500 747 442 363 635 436 566 101 630 858 735 470 599 288 771 529 561 753 838 405 608 606 814 711 0 439
755 478 158 527 395 622 463 447 522 233 631 515 455 355 626 747 624 479 595 252 361 229 553 454 539 484 604 564 515 674 439 0
EOF