NAME : tsp_problem
TYPE : TSP
DIMENSION : 32
EDGE_WEIGHT_TYPE : EXPLICIT
EDGE_WEIGHT_FORMAT : FULL_MATRIX
EDGE_WEIGHT_SECTION
0 318 258 487 575 640 609 658 720 202 454 563 647 761 280 899 429 455 789 421 867 324 350 611 275 423 329 324 385 563 117 652
325 0 439 516 387 505 421 598 614 352 490 428 511 574 496 838 646 319 684 638 807 294 403 424 430 452 66 136 602 503 298 549
258 439 0 682 771 836 805 854 916 352 604 759 843 957 429 1095 325 651 985 315 1063 369 203 807 117 618 450 520 450 759 184 848
533 516 682 0 515 452 549 363 425 367 207 501 395 702 390 487 643 393 494 712 455 748 774 552 699 169 535 488 578 268 541 357
656 387 771 515 0 411 80 543 521 608 641 333 418 223 769 784 977 260 589 969 752 486 644 83 762 603 406 300 933 448 630 456
722 505 837 452 443 0 416 374 191 648 578 144 88 450 761 568 1014 253 261 1035 536 757 890 420 854 540 524 418 948 228 696 126
690 421 805 549 80 385 0 517 494 642 675 306 391 196 803 758 1011 276 563 1003 726 519 678 102 795 637 440 334 967 422 664 429
829 703 959 350 658 568 691 0 541 664 518 643 511 844 701 278 954 535 611 1022 246 969 1051 694 976 480 722 630 888 384 818 473
786 615 916 425 555 191 570 347 0 620 550 304 134 603 733 541 987 363 105 1054 509 866 999 573 933 513 634 527 921 201 775 99
202 352 352 367 608 674 642 648 710 0 340 597 680 795 256 815 428 488 780 471 783 417 444 644 369 303 371 357 363 553 211 642
454 490 604 207 641 578 675 488 550 340 0 627 520 828 213 654 466 518 620 534 623 669 696 677 621 76 509 495 401 393 463 482
645 428 759 495 333 144 306 417 304 597 620 0 207 340 758 658 966 176 290 957 626 680 813 310 776 583 447 340 922 322 618 246
729 511 843 395 452 88 467 317 134 591 520 207 0 500 704 511 957 260 204 1025 479 763 896 470 860 483 531 424 891 171 702 69
586 369 700 436 309 226 343 358 335 537 561 149 232 0 699 598 907 117 405 898 567 621 753 345 717 524 388 281 863 263 559 270
280 496 429 390 769 761 803 671 733 256 213 758 704 956 0 838 289 649 803 357 806 495 521 806 446 259 507 519 223 576 288 665
966 840 1096 487 794 568 828 604 541 801 654 687 511 980 838 0 1091 672 610 1159 68 1106 1188 831 1113 617 859 767 1025 459 955 473
429 646 325 643 977 1014 1011 925 987 428 466 966 957 1164 289 1091 0 857 1056 182 1059 644 483 1014 342 512 656 726 238 830 392 919
537 319 651 393 260 253 293 385 362 488 518 176 259 446 649 626 857 0 432 849 594 571 704 296 668 481 338 232 813 290 510 297
855 684 985 494 589 261 563 416 105 690 620 290 204 596 803 610 1056 432 0 1124 579 936 1069 566 1002 582 703 597 991 271 844 168
421 638 315 712 969 1035 1003 993 1055 471 534 957 1025 1156 357 1159 182 849 1124 0 1127 636 473 1005 332 581 648 718 307 898 382 987
935 808 1065 455 763 536 797 573 509 769 623 656 479 948 806 68 1059 640 579 1127 0 1074 1156 799 1081 585 827 735 994 427 923 441
324 294 369 748 486 757 519 864 866 417 669 680 763 672 495 1105 644 571 936 636 1073 0 208 522 352 684 304 388 600 769 297 801
350 403 203 774 644 890 678 946 999 444 696 813 896 831 521 1186 483 704 1068 473 1155 208 0 681 186 710 414 521 608 851 323 934
693 424 807 552 83 389 102 520 498 644 677 310 395 200 806 761 1014 279 566 1005 729 522 681 0 798 640 443 336 970 425 666 433
275 430 117 699 762 853 795 871 933 369 621 776 860 948 446 1111 342 668 1002 332 1080 352 186 798 0 635 440 537 467 776 201 865
468 452 618 169 603 540 637 451 513 303 76 589 483 790 259 617 512 481 582 581 585 684 710 640 635 0 471 458 447 356 477 445
335 66 450 535 406 524 440 617 633 371 509 447 530 593 507 857 656 338 703 648 826 304 414 443 440 471 0 155 612 522 309 568
406 136 520 488 300 418 334 525 527 357 495 340 424 486 519 765 726 232 596 718 734 388 521 336 537 458 155 0 682 430 379 462
385 602 450 578 933 948 967 859 921 363 401 922 891 1120 223 1025 238 813 991 307 994 600 608 970 467 447 612 682 0 764 394 853
629 503 759 268 457 228 491 190 201 463 393 348 171 640 576 431 830 335 271 897 399 769 851 494 776 356 522 430 764 0 618 133
117 298 184 541 630 695 664 713 775 211 463 618 702 816 288 954 392 510 844 382 922 297 323 666 201 477 309 379 394 618 0 707
718 550 848 357 490 126 505 279 99 553 482 246 69 538 665 473 919 298 168 987 441 802 935 509 865 445 569 462 853 133 707 0
EOF