NAME : tsp_problem
TYPE : TSP
DIMENSION : 20
EDGE_WEIGHT_TYPE : EXPLICIT
EDGE_WEIGHT_FORMAT : FULL_MATRIX
EDGE_WEIGHT_SECTION
0 303 450 513 406 530 364 413 498 758 370 642 489 607 711 375 463 516 1138 679
873 0 564 505 706 370 395 701 720 492 514 634 652 448 445 616 427 357 1361 413
679 471 0 90 321 231 261 315 335 389 143 330 136 186 470 231 236 241 826 439
743 535 90 0 385 171 320 379 399 329 207 394 200 126 411 295 230 181 890 379
636 428 321 385 0 403 331 104 124 628 242 492 356 480 731 142 335 411 988 699
760 552 231 171 403 0 186 397 417 318 182 460 318 114 395 313 96 47 1030 363
594 386 261 320 331 186 0 326 345 467 181 490 300 263 420 241 243 172 986 388
642 434 315 379 104 397 326 0 118 622 236 487 350 475 725 136 329 405 982 694
727 519 335 399 124 417 345 118 0 642 255 506 370 494 745 156 349 425 1002 713
1007 741 389 329 628 318 467 622 642 0 464 165 353 234 272 557 377 328 900 241
600 392 143 207 242 182 181 236 255 464 0 373 182 260 538 151 114 190 869 507
872 664 330 394 492 460 490 487 506 165 373 0 247 375 414 422 467 470 765 382
718 510 136 200 356 318 300 350 370 353 182 247 0 234 434 270 275 328 743 403
837 629 186 126 480 114 263 475 494 234 260 375 234 0 315 390 173 124 948 284
993 694 470 411 731 395 420 725 745 272 538 414 434 315 0 641 452 381 1148 60
605 397 231 295 142 313 241 136 156 557 151 422 270 390 641 0 244 320 918 609
693 485 236 230 335 96 243 329 349 377 114 467 275 173 452 244 0 103 962 420
746 538 241 181 411 47 172 405 425 328 190 470 328 124 381 320 103 0 1038 349
919 1193 986 1050 1148 1190 1145 1142 1162 1060 1029 925 903 1108 1308 1077 1122 1198 0 1276
962 662 439 379 699 363 388 694 713 241 507 382 403 284 60 609 420 349 1117 0
EOF