NAME : tsp_problem
TYPE : TSP
DIMENSION : 66
EDGE_WEIGHT_TYPE : EXPLICIT
EDGE_WEIGHT_FORMAT : FULL_MATRIX
EDGE_WEIGHT_SECTION
0 527 949 111 616 752 464 223 297 712 417 366 425 450 229 244 227 323 340 316 766 450 707 306 417 238 204 1210 638 220 741 356 398 773 388 146 179 205 1047 637 220 337 646 92 219 164 252 79 539 220 368 273 403 605 899 672 287 544 294 276 69 638 324 634 415 606
527 0 1117 521 168 304 323 354 664 338 594 190 304 108 639 654 636 289 208 232 401 505 259 260 472 593 349 1379 190 397 293 192 575 325 465 556 467 350 1216 189 397 394 201 502 334 452 579 479 439 356 192 683 452 157 534 224 697 314 312 686 500 192 405 188 592 158
619 713 0 649 832 968 803 529 839 1002 382 635 765 718 814 829 812 663 608 584 1065 567 923 574 534 768 473 522 853 434 956 624 363 989 732 731 579 473 252 853 434 676 763 660 487 595 754 571 900 488 636 858 747 821 1137 887 872 887 634 861 592 755 664 751 380 822
111 521 979 0 610 746 433 193 267 682 448 360 395 443 199 214 196 293 334 310 736 480 701 300 447 208 234 1209 632 250 734 349 429 767 357 115 148 235 1077 631 250 306 673 62 235 134 221 109 508 250 362 243 372 599 868 665 256 514 264 246 99 664 293 660 445 600
616 168 1214 610 0 172 412 443 668 335 683 279 393 197 728 743 726 378 297 321 399 624 152 349 591 597 439 1430 82 486 185 281 664 193 464 645 556 440 1313 81 486 483 320 591 423 541 584 568 437 445 281 772 451 179 431 116 760 311 401 775 589 311 494 308 681 51
752 304 1350 746 172 0 396 579 652 319 819 415 410 333 727 742 725 514 433 457 382 760 129 485 727 581 574 1414 150 622 95 417 800 51 448 781 692 575 1448 156 622 500 456 727 559 677 567 704 420 581 417 760 434 176 312 115 744 295 537 762 725 447 511 444 817 174
464 323 1133 433 412 396 0 302 396 302 602 275 63 246 410 425 407 252 293 317 365 635 495 345 602 325 358 1157 391 405 461 277 583 417 192 468 379 359 1232 396 405 153 475 414 343 365 311 486 403 364 277 454 178 287 498 356 467 134 275 456 484 466 164 463 600 402
223 354 859 193 443 579 302 0 336 555 328 193 264 277 311 326 309 162 167 143 618 360 534 133 327 265 83 1098 465 131 568 183 309 600 230 228 139 84 957 464 131 175 506 174 68 124 251 213 397 90 195 355 245 432 751 499 369 386 132 358 234 497 162 493 326 433
297 664 1169 267 668 652 396 336 0 558 638 503 389 587 188 173 185 409 477 453 497 670 751 443 638 133 393 970 647 441 717 493 619 673 233 302 334 394 1267 652 441 300 816 248 378 320 147 347 270 400 505 158 248 543 630 612 141 390 380 160 317 807 287 803 636 670
924 476 1481 918 368 249 615 751 871 0 991 587 629 504 946 961 943 686 605 628 447 869 251 657 836 799 746 1632 369 794 218 589 972 235 667 953 863 747 1579 374 794 719 628 899 731 849 786 876 639 753 588 978 653 395 307 334 962 513 709 981 897 619 730 615 988 358
417 535 888 448 654 790 602 328 638 824 0 434 564 517 613 628 611 462 407 383 888 389 746 373 356 567 272 1149 676 233 779 423 56 811 531 530 378 272 986 675 233 475 586 458 286 394 553 370 699 287 435 657 546 644 959 710 671 686 433 660 390 577 463 574 66 644
366 190 965 360 279 415 275 193 503 449 434 0 256 113 478 493 476 241 160 184 512 466 370 202 433 432 189 1226 301 236 404 144 415 436 359 395 306 190 1063 300 236 304 342 341 174 292 419 318 551 195 144 523 374 268 645 335 536 282 262 525 339 333 292 329 431 269
425 304 1095 395 393 410 63 264 389 316 564 256 0 226 371 386 369 233 274 298 380 596 484 326 564 317 320 1150 405 367 475 258 545 431 206 430 341 321 1193 410 367 115 456 376 304 326 304 448 418 326 258 415 192 302 512 370 429 148 256 418 445 447 126 443 562 383
450 108 1048 443 197 333 246 277 587 367 517 113 226 0 562 577 559 212 131 154 430 549 288 183 516 515 272 1309 218 320 321 115 498 354 388 478 389 273 1146 218 320 316 259 425 257 375 502 402 468 279 114 606 374 186 563 252 619 252 235 609 423 251 327 247 514 187
229 639 1144 199 728 727 410 311 188 633 613 478 371 562 0 36 32 392 452 428 657 645 820 418 613 159 368 1131 722 416 792 468 594 748 308 234 267 369 1242 727 416 283 791 180 353 252 172 279 430 375 480 65 323 619 790 687 79 465 363 68 249 782 270 779 611 718
244 654 1159 214 743 742 425 326 173 648 628 493 386 577 36 0 34 407 467 443 642 660 835 433 628 174 384 1116 737 431 807 483 609 763 323 249 282 385 1257 742 431 298 806 195 368 267 187 295 415 390 495 53 338 634 775 702 64 480 378 55 264 797 285 794 626 734
227 636 1142 196 726 725 407 309 185 631 611 476 369 559 32 34 0 390 449 426 655 643 817 415 610 156 366 1128 719 413 790 465 592 746 306 231 264 367 1240 725 413 280 788 177 351 250 170 277 427 372 477 63 321 616 787 685 76 462 360 65 247 779 267 776 608 716
323 289 993 293 378 514 252 162 409 427 462 241 233 212 392 407 390 0 260 241 490 494 470 231 462 338 218 1171 400 265 503 244 443 535 264 328 239 219 1091 399 265 209 441 274 202 224 325 346 470 224 243 436 279 368 623 434 450 259 68 439 344 432 196 429 460 369
340 208 938 334 297 433 293 167 477 468 407 160 274 131 452 467 449 260 0 186 531 439 389 176 407 406 162 1200 319 210 422 163 388 454 333 369 280 163 1036 318 210 278 360 315 147 265 392 292 538 169 162 496 348 287 664 353 510 300 235 499 313 351 265 348 405 288
316 232 914 310 321 457 317 143 453 491 383 184 298 154 428 443 426 241 186 0 554 415 412 152 383 382 139 1176 342 186 445 186 364 478 309 345 256 140 1013 342 186 254 384 291 123 241 368 268 514 145 185 472 324 310 687 376 486 323 211 475 289 375 241 371 381 311
766 401 1448 736 399 382 365 618 497 288 917 512 380 430 657 642 655 490 531 554 0 858 461 582 825 550 672 1259 377 719 427 515 898 403 417 771 695 673 1546 383 719 469 553 717 657 681 537 802 265 679 514 627 404 274 170 342 611 264 513 629 786 545 480 541 914 401
660 182 1149 654 301 437 456 487 797 471 659 323 437 241 772 787 770 422 341 365 535 0 393 393 504 726 483 1411 323 530 426 325 640 458 598 689 600 484 1248 322 530 527 233 635 467 585 712 612 573 489 325 816 585 291 616 357 830 447 445 819 633 224 538 221 657 291
707 259 1306 701 152 129 495 534 751 418 775 370 484 288 820 835 817 470 389 412 455 716 0 440 683 679 530 1512 174 577 82 373 756 115 547 736 647 531 1404 173 577 574 411 683 515 633 666 660 519 537 372 858 533 271 314 208 842 393 493 861 680 402 585 399 772 142
306 260 904 300 349 485 345 133 443 519 373 202 326 183 418 433 415 231 176 152 582 405 440 0 373 372 128 1166 371 176 473 191 354 506 299 335 246 129 1002 370 176 244 412 281 113 231 358 258 504 135 203 462 314 338 715 405 476 352 201 465 279 403 231 399 371 339
692 214 1182 686 334 469 489 519 829 504 692 355 469 273 805 820 802 455 374 397 567 66 425 425 0 758 515 1443 355 562 458 358 673 491 631 721 632 516 1280 354 562 559 265 668 500 618 745 645 605 522 357 849 617 323 649 389 862 480 478 852 665 256 570 253 689 324
238 593 1098 208 597 581 325 265 133 487 567 432 317 515 159 174 156 338 406 382 550 599 679 372 566 0 322 1026 575 370 646 422 548 602 162 243 276 323 1196 581 370 229 745 189 307 261 25 289 325 329 434 190 177 472 683 541 174 318 309 193 258 736 216 732 564 599
204 349 803 234 439 574 358 83 393 609 272 189 320 272 368 384 366 218 162 139 672 304 530 128 271 322 0 1064 460 74 563 178 253 596 286 285 165 59 901 459 74 231 500 231 64 181 309 156 454 74 190 413 301 428 805 494 426 441 188 415 177 492 218 488 269 429
1009 1103 414 1039 1222 1358 1194 920 1130 1392 773 1025 1156 1108 1205 1220 1202 1054 999 975 1419 957 1314 965 925 1158 863 0 1244 825 1347 1015 754 1379 1122 1121 970 864 353 1243 825 1067 1154 1050 878 986 1145 961 1191 879 1027 1249 1137 1212 1527 1278 1244 1277 1024 1252 982 1145 1054 1142 770 1213
638 190 1236 632 82 150 391 465 647 314 705 301 405 218 722 737 719 400 319 342 377 646 174 371 613 575 460 1408 0 508 207 303 686 171 443 667 577 461 1334 103 508 495 342 613 445 563 562 590 415 467 302 754 429 171 432 110 738 289 423 757 611 333 506 329 703 72
220 397 764 250 486 622 405 131 441 656 233 236 367 320 416 431 413 265 210 186 719 265 577 176 233 370 74 1026 508 0 611 226 214 643 333 333 181 75 862 507 45 278 462 261 89 197 356 172 502 90 238 460 348 475 836 542 474 489 235 463 193 453 265 450 231 476
741 293 1339 734 185 95 461 568 717 384 808 404 475 321 792 807 790 503 422 445 421 749 82 473 716 646 563 1479 207 611 0 406 789 82 513 769 680 564 1437 206 610 565 444 716 548 666 633 693 486 570 405 825 500 241 281 181 809 360 526 828 714 436 576 432 805 175
356 192 954 349 281 417 277 183 493 452 423 144 258 115 468 483 465 244 163 186 515 455 373 191 422 422 178 1215 303 226 406 0 404 438 349 385 295 179 1052 302 226 294 344 331 163 281 408 308 553 185 146 512 364 271 648 337 525 284 251 515 329 335 281 332 421 272
398 516 869 429 635 771 583 309 619 805 56 415 545 498 594 609 592 443 388 364 869 370 727 354 337 548 253 1130 657 214 760 404 0 792 512 511 359 253 967 656 214 456 567 439 267 375 534 351 680 268 416 638 527 625 940 691 652 667 414 641 371 558 444 555 45 625
773 325 1371 767 193 51 417 600 673 340 840 436 431 354 748 763 746 535 454 478 403 781 115 506 748 602 596 1435 171 643 82 438 821 0 469 802 713 597 1470 177 643 521 477 748 580 698 588 725 441 602 438 781 456 197 298 137 765 316 558 784 746 468 532 465 838 195
388 465 1062 357 464 448 192 230 233 354 531 359 206 388 308 323 306 264 333 309 417 563 547 299 530 162 286 995 443 333 513 349 512 469 0 392 307 287 1160 448 333 152 617 339 271 293 149 414 294 292 361 341 44 339 550 408 325 186 235 344 408 608 140 605 528 466
146 556 1061 115 645 781 468 228 302 717 530 395 430 478 234 249 231 328 369 345 771 562 736 335 529 243 285 1244 667 333 769 385 511 802 392 0 183 286 1159 666 333 341 708 97 270 169 256 196 543 292 397 278 407 634 903 700 291 549 299 281 166 699 328 695 527 635
179 467 909 148 556 692 379 139 334 632 378 306 341 389 267 282 264 239 280 256 695 410 647 246 378 276 165 1171 577 181 680 295 359 713 307 183 0 166 1008 577 181 252 607 130 180 80 289 137 474 180 308 311 322 545 828 611 324 463 209 313 157 598 239 595 376 546
205 350 803 235 440 575 359 84 394 610 272 190 321 273 369 385 367 219 163 140 673 305 531 129 272 323 59 1065 461 75 564 179 253 597 287 286 166 0 902 460 75 232 501 232 65 182 310 157 455 75 191 414 302 429 806 495 427 442 189 416 178 492 219 489 270 430
768 862 172 798 981 1117 952 678 988 1151 531 784 914 867 963 978 961 812 757 733 1214 716 1072 723 683 917 622 341 1002 583 1105 773 512 1138 881 880 728 622 0 1002 583 825 912 809 636 744 903 720 1049 637 785 1007 896 970 1286 1036 1021 1036 783 1010 741 904 813 900 529 971
637 189 1235 631 81 156 396 464 652 319 704 300 410 218 727 742 725 399 318 342 383 645 173 370 612 581 459 1414 103 507 206 302 685 177 448 666 577 460 1333 0 507 500 341 612 444 562 568 589 421 466 302 760 435 176 437 116 744 295 422 763 610 332 511 328 702 72
220 397 764 250 486 622 405 131 441 656 233 236 367 320 416 431 413 265 210 186 719 265 577 176 233 370 74 1026 508 45 610 226 214 643 333 333 181 75 863 507 0 278 462 261 89 197 356 172 502 90 238 460 348 475 836 542 473 489 235 463 193 453 265 450 231 476
337 394 1006 306 483 500 153 175 300 406 475 304 115 316 283 298 280 209 278 254 469 508 574 244 475 229 231 1062 495 278 565 294 456 521 152 341 252 232 1105 500 278 0 545 287 216 238 215 359 361 237 306 327 167 391 602 460 340 238 180 329 357 537 84 533 473 473
763 408 1193 793 527 561 682 673 983 697 702 549 663 466 958 973 956 648 567 590 678 580 564 619 548 912 617 1454 548 578 530 551 683 547 824 875 724 618 1291 548 579 752 0 804 632 739 899 715 798 632 550 1002 810 516 538 582 1016 673 671 1005 736 48 763 51 700 517
92 502 990 62 591 727 414 174 248 663 458 341 376 425 180 195 177 274 315 291 717 491 683 281 458 189 231 1190 613 261 716 331 439 748 339 97 130 232 1088 612 261 287 654 0 216 115 203 120 489 238 343 224 354 581 850 647 238 495 245 227 110 645 275 642 456 581
219 334 817 235 423 559 343 68 378 594 286 174 304 257 353 368 351 202 147 123 657 319 515 113 286 307 64 1079 445 89 548 163 267 580 271 270 180 65 916 444 89 216 486 216 0 166 294 171 439 70 175 397 286 413 790 479 411 426 173 400 192 477 203 474 284 414
164 452 925 134 541 677 365 124 320 617 394 292 326 375 252 267 250 224 265 241 681 426 633 231 394 261 181 1160 563 197 666 281 375 698 293 169 80 182 1023 562 197 238 604 115 166 0 275 152 460 188 293 296 308 531 813 597 310 449 195 299 173 595 225 592 392 532
252 579 1084 221 584 567 311 251 147 473 553 419 304 502 172 187 170 325 392 368 537 586 666 358 553 25 309 1012 562 356 633 408 534 588 149 256 289 310 1183 568 356 215 731 203 294 275 0 302 312 315 420 203 163 459 669 527 187 305 295 206 272 722 202 719 551 586
79 479 901 109 568 704 486 213 347 738 370 318 448 402 279 295 277 346 292 268 802 402 660 258 369 289 156 1162 590 172 693 308 351 725 414 196 137 157 999 589 172 359 599 120 171 152 302 0 581 172 320 324 429 558 934 624 337 570 316 326 52 590 346 586 367 558
539 439 1230 508 437 420 403 397 270 326 699 551 418 468 430 415 427 470 538 514 265 731 519 504 698 325 454 1031 415 502 486 553 680 441 294 543 474 455 1328 421 502 361 591 489 439 460 312 581 0 461 552 399 309 312 397 380 383 302 441 402 559 583 348 579 696 439
220 356 818 250 445 581 364 90 400 615 287 195 326 279 375 390 372 224 169 145 679 319 537 135 287 329 74 1079 467 90 570 185 268 602 292 292 180 75 916 466 90 237 508 238 70 188 315 172 461 0 197 419 307 435 811 501 433 448 195 422 193 499 225 496 285 435
368 192 966 362 281 417 277 195 505 451 435 144 258 114 480 495 477 243 162 185 514 467 372 203 435 434 190 1227 302 238 405 146 416 438 361 397 308 191 1064 302 238 306 343 343 175 293 420 320 552 197 0 524 376 270 647 336 538 283 263 527 341 335 293 331 433 271
273 683 1188 243 772 760 454 355 158 666 657 523 415 606 65 53 63 436 496 472 627 689 858 462 657 190 413 1100 754 460 825 512 638 781 341 278 311 414 1286 760 460 327 835 224 397 296 203 324 399 419 524 0 356 651 759 720 48 497 407 40 293 826 314 823 655 763
403 452 1077 372 451 434 178 245 248 340 546 374 192 374 323 338 321 279 348 324 404 578 533 314 545 177 301 1010 429 348 500 364 527 456 44 407 322 302 1175 435 348 167 603 354 286 308 163 429 309 307 376 356 0 326 536 395 340 172 250 359 423 595 155 591 543 453
605 157 1204 599 179 176 287 432 543 210 673 268 302 186 619 634 616 368 287 310 274 614 271 338 581 472 428 1305 171 475 241 271 654 197 339 634 545 429 1302 176 475 391 309 581 413 531 459 558 312 435 270 651 326 0 406 136 635 186 391 654 578 300 403 297 670 170
899 534 1468 868 438 318 498 751 630 421 978 645 512 563 790 775 787 623 664 687 170 856 321 715 823 683 805 1392 438 852 287 648 959 304 550 903 828 806 1567 444 852 602 686 850 790 813 669 934 397 811 647 759 536 406 0 403 743 397 646 762 919 677 613 674 976 428
672 224 1270 665 116 115 356 499 612 279 739 335 370 252 687 702 685 434 353 376 342 680 208 405 647 541 494 1374 110 542 181 337 720 137 408 700 611 495 1368 116 542 460 375 647 479 597 527 624 380 501 336 720 395 136 397 0 704 255 457 723 645 367 471 363 736 106
287 697 1202 256 760 744 467 369 141 650 671 536 429 619 79 64 76 450 510 486 611 703 842 476 670 174 426 1084 738 474 809 525 652 765 325 291 324 427 1300 744 473 340 849 238 411 310 187 337 383 433 538 48 340 635 743 704 0 481 420 51 307 840 327 836 668 762
544 314 1217 514 311 295 134 386 390 201 686 282 148 252 465 480 462 259 300 323 264 718 393 352 685 318 441 1151 289 489 360 284 667 316 186 549 463 442 1315 295 489 238 466 495 426 449 305 570 302 448 283 497 172 186 397 255 481 0 282 500 564 457 249 454 683 313
294 312 964 264 401 537 275 132 380 450 433 262 256 235 363 378 360 68 235 211 513 465 493 201 432 309 188 1142 423 235 526 251 414 558 235 299 209 189 1062 422 235 180 464 245 173 195 295 316 441 195 263 407 250 391 646 457 420 282 0 410 314 455 167 452 430 392
276 686 1191 246 775 762 456 358 160 668 660 525 418 609 68 55 65 439 499 475 629 692 861 465 660 193 415 1103 757 463 828 515 641 784 344 281 313 416 1289 763 463 329 838 227 400 299 206 326 402 422 527 40 359 654 762 723 51 500 410 0 296 829 317 826 658 765
69 500 922 99 589 725 484 234 317 733 390 339 445 423 249 264 247 344 313 289 786 423 680 279 390 258 177 1183 611 193 714 329 371 746 408 166 157 178 1020 610 193 357 619 110 192 173 272 52 559 193 341 293 423 578 919 645 307 564 314 296 0 611 344 607 388 579
754 399 1184 784 518 552 673 664 974 688 693 540 654 457 949 965 947 639 558 582 669 571 555 610 539 903 608 1445 540 570 522 542 674 539 815 866 715 609 1282 539 570 743 48 795 623 730 890 706 789 623 541 994 801 507 529 573 1007 664 662 996 727 0 755 52 691 508
324 405 994 293 494 511 164 162 287 417 463 292 126 327 270 285 267 196 265 241 480 495 585 231 462 216 218 1049 506 265 576 281 444 532 140 328 239 219 1092 511 265 84 557 275 203 225 202 346 348 225 293 314 155 403 613 471 327 249 167 317 344 548 0 544 460 484
750 395 1180 780 515 549 669 661 971 685 690 536 650 454 946 961 944 636 555 578 665 568 552 606 535 900 604 1442 536 566 518 539 671 535 812 863 711 605 1278 535 566 740 51 791 619 727 886 703 786 620 538 990 798 504 525 570 1004 660 659 993 723 52 751 0 687 505
415 533 886 445 652 788 600 326 636 822 66 431 562 514 611 626 608 460 405 381 885 387 743 371 354 564 269 1147 673 231 776 421 45 809 528 527 376 270 984 673 231 473 583 456 284 392 551 367 696 285 433 655 543 641 957 707 668 683 430 658 388 575 460 571 0 642
606 158 1205 600 51 174 402 433 670 337 674 269 383 187 718 734 716 369 288 311 401 614 142 339 582 599 429 1432 72 476 175 272 655 195 466 635 546 430 1303 72 476 473 310 581 414 532 586 558 439 435 271 763 453 170 422 106 762 313 392 765 579 301 484 298 671 0
EOF