NAME : tsp_problem
TYPE : TSP
DIMENSION : 38
EDGE_WEIGHT_TYPE : EXPLICIT
EDGE_WEIGHT_FORMAT : FULL_MATRIX
EDGE_WEIGHT_SECTION
0 428 213 505 358 106 503 275 345 364 880 210 232 430 508 435 229 392 311 434 215 468 899 236 1262 323 704 677 456 1172 457 383 506 272 432 289 148 329
428 0 298 165 482 500 592 669 187 449 965 295 317 45 597 420 314 193 396 419 318 305 505 321 868 718 309 283 570 778 468 385 595 667 149 242 306 521
213 298 0 374 515 263 660 407 316 177 693 51 73 300 665 276 70 260 124 275 324 328 769 48 1133 455 574 547 614 1042 291 558 664 430 300 371 189 486
505 165 374 0 560 578 670 748 266 525 1040 371 344 167 675 291 348 145 391 290 395 176 635 396 999 796 440 414 649 908 339 508 674 745 100 321 383 600
358 482 515 560 0 281 166 338 321 475 1181 512 534 484 171 732 530 541 613 731 315 617 952 537 1316 386 666 731 145 1225 758 201 170 335 544 266 450 96
106 500 263 578 281 0 427 199 340 337 929 260 282 502 432 485 278 465 361 483 211 537 971 285 1335 247 776 750 380 1244 506 332 430 196 505 284 221 252
503 592 660 670 166 427 0 483 431 621 1327 657 679 594 47 842 675 651 758 841 425 727 1062 682 1426 531 776 841 133 1335 890 311 41 480 654 376 560 206
275 669 407 748 338 199 483 0 509 268 975 410 452 671 488 600 448 635 407 599 381 697 1140 382 1504 84 854 919 436 1413 574 388 486 252 675 453 391 309
345 187 316 266 321 340 431 509 0 467 982 313 335 189 436 438 331 247 414 436 224 323 658 338 1022 557 463 437 410 931 486 269 435 506 250 175 287 361
364 449 177 525 475 337 621 268 467 0 745 180 224 451 626 370 220 411 177 369 474 467 920 152 1283 316 725 698 574 1193 344 526 624 390 451 522 340 446
1039 1097 852 1200 1341 1089 1486 1135 1142 905 0 856 900 1097 1491 1046 896 1086 852 1044 1150 1142 986 827 757 1183 1274 932 1440 885 1019 1349 1490 1256 1127 1197 1015 1312
210 295 51 371 512 260 657 410 313 180 696 0 70 297 662 273 66 257 128 272 321 325 766 52 1129 459 571 544 610 1039 295 555 661 427 297 368 186 483
232 317 73 344 534 282 679 452 335 224 740 70 0 319 684 215 26 279 171 214 343 268 788 96 1151 500 593 566 633 1061 236 577 683 449 319 390 208 505
430 45 300 167 484 502 594 671 189 451 967 297 319 0 599 422 315 195 398 421 320 307 505 322 868 719 309 283 572 778 470 385 597 668 151 244 308 523
508 597 665 675 171 432 47 488 436 626 1332 662 684 599 0 847 680 656 763 846 430 732 1067 687 1431 536 781 846 138 1340 895 316 43 485 659 381 565 211
435 420 276 291 732 485 842 600 438 370 886 273 215 422 847 0 219 260 218 19 453 214 891 293 1254 649 695 669 821 1164 67 680 846 652 300 492 319 708
229 314 70 348 530 278 675 448 331 220 736 66 26 315 680 219 0 275 168 218 339 272 784 92 1148 496 589 563 629 1057 240 574 679 445 316 386 205 501
392 193 260 145 541 465 651 635 247 411 927 257 279 195 656 260 275 0 358 259 281 145 664 282 1028 683 469 443 630 937 309 489 655 632 109 302 270 581
311 396 124 391 613 361 758 407 414 177 692 128 171 398 763 218 168 358 0 217 422 315 867 99 1230 455 672 645 711 1140 192 656 762 528 398 469 287 584
434 419 275 290 731 483 841 599 436 369 884 272 214 421 846 19 218 259 217 0 452 213 889 291 1253 647 694 668 819 1162 65 679 844 650 299 491 317 706
215 318 324 395 315 211 425 381 224 474 990 321 343 320 430 453 339 281 422 452 0 357 788 346 1152 429 593 567 403 1061 501 263 428 378 321 169 231 354
468 305 328 176 617 537 727 697 323 467 983 325 268 307 732 214 272 145 315 213 357 0 776 351 1139 745 580 554 706 1049 263 565 731 704 185 377 345 657
532 138 402 269 533 604 643 721 291 553 1069 399 421 138 648 524 417 297 500 523 422 409 0 424 845 769 314 312 622 754 572 389 647 718 253 346 410 573
236 321 48 396 537 285 682 382 338 152 667 52 96 322 687 293 92 282 99 291 346 351 791 0 1155 430 596 570 636 1064 266 581 686 452 323 393 212 508
1066 671 936 802 1067 1138 1177 1254 825 1087 693 933 955 672 1182 1058 951 831 1034 1056 955 942 561 958 0 1302 848 506 1155 404 1106 923 1180 1251 786 880 944 1106
323 718 455 796 386 247 531 84 557 316 1023 459 500 719 536 649 496 683 455 647 429 745 1188 430 1552 0 902 967 464 1461 622 436 535 301 723 501 439 357
438 485 613 563 256 387 366 443 324 581 1280 610 632 487 371 735 629 544 711 734 318 620 860 636 1210 492 0 666 344 1120 783 112 369 440 547 269 453 295
677 283 547 414 702 750 812 889 437 698 1214 544 566 283 817 669 563 443 645 668 567 554 240 570 1042 938 483 0 790 951 717 558 815 887 398 491 555 741
456 570 614 649 145 380 133 436 410 574 1280 610 633 572 138 821 629 630 711 819 403 706 1041 636 1405 458 755 820 0 1314 857 289 137 433 633 354 539 184
795 401 665 531 796 867 906 983 554 816 815 662 684 401 911 787 680 560 763 785 684 672 290 687 224 1032 577 235 884 0 835 652 909 981 515 609 673 835
457 468 291 339 758 506 890 574 486 344 859 295 236 470 895 67 240 309 192 65 501 263 939 266 1303 622 744 717 857 1212 0 728 894 673 349 541 367 729
383 430 558 508 201 332 311 388 269 526 1225 555 577 432 316 680 574 489 656 679 263 565 844 581 1195 436 522 650 289 1104 728 0 314 385 492 214 398 240
506 595 664 674 170 430 41 486 435 624 1330 661 683 597 43 846 679 655 762 844 428 731 1066 686 1430 535 780 844 137 1339 894 314 0 484 658 379 564 209
563 782 720 860 356 486 344 484 621 680 1386 717 739 783 349 942 735 841 818 940 614 917 1225 742 1575 437 902 1030 244 1484 963 500 348 0 844 565 678 338
432 149 300 100 544 505 654 675 250 451 967 297 319 151 659 300 316 109 398 299 321 185 619 323 983 723 424 398 633 892 349 492 658 672 0 305 310 584
289 242 371 321 266 284 376 453 175 522 1037 368 390 244 381 492 386 302 469 491 169 377 713 393 1076 501 518 491 354 986 541 214 379 450 305 0 304 305
148 306 189 383 450 221 560 391 287 340 856 186 208 308 565 319 205 270 287 317 231 345 777 212 1140 439 582 555 539 1050 367 398 564 388 310 304 0 444
329 521 486 600 96 252 206 309 361 446 1152 483 505 523 211 708 501 581 584 706 354 657 992 508 1356 357 705 770 184 1265 729 240 209 306 584 305 444 0
EOF