NAME : tsp_problem
TYPE : TSP
DIMENSION : 54
EDGE_WEIGHT_TYPE : EXPLICIT
EDGE_WEIGHT_FORMAT : FULL_MATRIX
EDGE_WEIGHT_SECTION
0 656 143 577 601 642 188 317 324 232 421 805 139 631 533 273 657 1267 298 419 167 205 555 886 384 315 229 58 466 676 286 240 91 320 356 100 372 340 637 522 458 1451 371 203 383 144 365 78 54 409 291 280 577 184
656 0 540 1035 76 476 526 372 363 764 738 571 722 268 170 532 459 1585 741 509 625 490 421 1344 296 612 446 678 245 240 744 437 676 852 889 720 709 589 403 601 533 966 902 662 601 716 321 663 639 581 397 524 1035 559
143 540 0 522 485 528 71 201 208 273 307 689 231 515 417 158 544 1154 250 304 112 89 471 831 268 200 113 165 350 559 231 123 163 361 397 207 278 225 521 408 343 1334 412 149 268 225 249 149 126 294 175 165 522 68
281 687 226 0 632 728 271 401 408 473 507 836 384 662 564 358 724 1213 450 504 152 289 487 790 468 400 312 303 497 706 241 323 302 561 597 345 478 425 668 608 543 1416 612 224 468 390 448 288 264 493 375 365 495 268
601 76 485 980 0 422 471 317 308 709 683 516 667 213 116 477 404 1530 686 454 570 435 366 1290 241 557 391 623 190 185 689 382 622 797 834 665 655 534 348 546 478 911 847 607 546 661 266 608 584 526 342 469 980 504
642 476 528 1024 422 0 523 426 417 635 288 320 593 275 341 465 65 1134 450 316 614 544 475 1333 350 419 500 664 299 319 733 491 577 512 488 633 386 396 152 150 282 942 474 650 350 587 375 591 625 330 451 456 1024 486
188 526 71 567 471 523 0 187 195 294 302 647 252 501 404 115 535 1148 245 261 157 75 457 876 254 157 99 210 337 546 276 110 208 363 400 252 273 182 479 403 300 1321 415 193 225 247 235 194 170 251 162 122 567 91
317 372 201 696 317 426 187 0 86 425 460 521 383 347 249 255 409 1306 402 232 286 205 303 1006 100 316 169 339 182 391 405 160 338 513 550 381 431 312 353 550 321 1166 565 323 384 377 81 324 300 369 120 247 696 220
324 363 208 704 308 417 195 86 0 432 467 512 390 338 240 247 400 1313 410 223 293 204 294 1013 91 323 160 347 173 383 413 151 345 520 557 388 438 303 344 541 313 1158 572 330 380 384 72 331 307 361 111 238 704 228
232 764 273 768 709 635 294 425 432 0 377 815 114 739 641 286 651 1260 222 433 358 313 695 1077 492 329 337 194 574 784 477 348 200 244 281 153 296 353 647 515 467 1543 296 395 392 108 473 214 245 418 399 294 768 231
421 738 307 803 683 288 302 460 467 377 0 582 335 536 603 294 303 913 229 318 392 347 729 1112 527 213 371 415 561 581 512 382 356 253 230 374 164 238 414 168 234 1205 215 429 159 329 507 370 403 185 434 301 803 265
752 268 636 1104 213 442 622 468 459 860 704 0 818 195 267 628 425 1551 740 534 721 586 517 1399 392 636 542 774 341 153 840 533 773 858 883 816 675 613 369 567 499 752 868 758 567 812 417 759 735 547 493 620 1104 655
139 722 231 680 667 593 252 383 390 114 335 773 0 697 599 244 609 1218 180 391 270 271 653 989 450 287 295 101 532 742 389 306 158 202 239 110 254 311 605 473 425 1501 254 307 350 66 431 172 152 376 357 252 680 189
631 268 515 1010 213 275 501 347 338 739 536 370 697 0 133 507 257 1383 572 366 600 465 396 1320 271 468 421 653 220 72 719 412 652 690 715 695 508 445 202 399 331 894 700 637 399 691 296 638 614 379 372 499 1010 534
533 170 417 913 116 341 404 249 240 641 603 436 599 133 0 410 324 1449 618 387 502 367 298 1222 173 489 323 556 123 177 622 314 554 729 766 597 574 466 268 465 398 965 767 539 465 593 198 540 516 446 274 401 913 437
273 532 158 654 477 465 115 255 247 286 294 560 244 507 410 0 448 1140 237 253 243 162 463 963 261 149 186 295 343 552 362 197 208 355 392 284 265 174 392 395 292 1287 407 280 217 239 241 222 256 243 248 112 654 118
657 459 544 1039 404 65 535 409 400 651 303 303 609 257 324 448 0 1150 465 299 629 527 458 1348 333 402 483 679 282 302 748 474 592 527 504 648 401 379 135 165 265 925 489 666 332 603 358 606 640 313 434 439 1039 502
1053 1459 998 798 1404 1294 1043 1172 1180 1244 1073 1588 1156 1434 1336 1130 1309 0 1221 1276 924 1060 1259 602 1240 1172 1084 1075 1269 1478 898 1095 1073 1297 1273 1117 1171 1197 1420 1174 1241 2188 1259 995 1166 1161 1220 1060 1036 1191 1147 1137 798 1040
298 741 250 745 686 450 245 402 410 222 229 617 180 572 618 237 465 1075 0 260 335 290 672 1055 469 156 314 260 552 616 454 325 266 143 180 220 195 181 449 330 270 1345 195 372 195 175 450 280 311 220 377 244 745 208
419 509 304 800 454 316 261 232 223 433 318 411 391 366 387 253 299 1164 260 0 390 308 440 1109 238 128 307 441 320 410 509 298 354 379 415 430 289 105 243 419 134 1139 430 426 201 385 218 369 402 182 258 261 800 264
167 625 112 448 570 614 157 286 293 358 392 774 270 600 502 243 629 1180 335 390 0 174 426 757 353 285 198 189 435 645 157 209 187 446 483 231 364 310 606 494 428 1355 498 109 353 275 334 173 149 379 260 251 448 153
205 490 89 584 435 544 75 205 204 313 347 639 271 465 367 162 527 1194 290 308 174 0 421 894 218 204 117 227 300 509 293 127 226 401 438 269 319 229 471 449 347 1285 453 211 272 265 199 212 188 297 179 169 584 108
671 628 616 895 573 682 661 509 501 862 897 777 774 587 505 670 665 1613 840 647 542 628 0 1191 433 750 584 693 438 546 631 575 691 950 987 735 868 727 609 806 736 1062 1002 614 804 779 459 678 654 784 535 662 895 658
527 933 472 273 878 974 517 647 654 718 753 1082 630 908 810 604 970 681 696 750 398 534 733 0 714 646 558 549 743 952 372 569 547 806 843 591 724 671 914 854 789 1662 858 469 714 635 694 534 510 739 621 611 273 514
384 296 268 764 241 350 254 100 91 492 527 445 450 271 173 261 333 1373 469 238 353 218 227 1073 0 340 174 406 106 315 472 165 405 580 617 448 498 317 277 474 327 1090 632 390 394 444 49 391 367 375 125 252 764 288
315 612 200 696 557 419 157 316 323 329 213 514 287 468 489 149 402 1060 156 128 285 204 543 1005 340 0 228 337 422 513 405 239 250 275 311 326 185 91 346 315 209 1242 326 322 134 281 321 264 298 160 290 157 696 160
229 446 113 608 391 500 99 169 160 337 371 595 295 421 323 186 483 1218 314 307 198 117 377 917 174 228 0 251 256 466 317 151 249 425 462 293 342 253 427 473 371 1241 477 235 296 289 155 236 212 321 194 193 608 132
58 678 165 599 623 664 210 339 347 194 415 827 101 653 556 295 679 1289 260 441 189 227 577 908 406 337 251 0 489 698 308 262 114 282 318 62 334 362 659 544 480 1473 333 226 405 106 387 100 71 431 314 303 599 206
466 245 350 846 190 299 337 182 173 574 561 394 532 220 123 343 282 1408 552 320 435 300 231 1155 106 422 256 489 0 265 555 247 487 662 699 530 532 399 226 424 356 1040 714 472 424 526 131 473 449 404 207 334 846 370
676 240 559 1055 185 319 546 391 383 784 581 414 742 72 177 552 302 1427 616 410 645 509 440 1364 315 513 466 698 265 0 764 457 696 735 760 740 552 490 246 443 376 852 745 681 443 736 340 682 658 424 417 543 1055 579
286 715 231 323 660 733 276 405 413 477 512 864 389 690 592 362 748 1269 454 509 157 293 515 846 472 405 317 308 525 735 0 328 306 565 602 350 483 429 696 613 547 1444 617 228 472 394 453 293 269 498 380 370 323 272
240 437 123 619 382 491 110 160 151 348 382 586 306 412 314 197 474 1228 325 298 209 127 368 928 165 239 151 262 247 457 328 0 260 436 472 304 353 264 418 483 382 1232 487 246 307 300 146 246 223 332 185 204 619 143
91 676 163 597 622 577 208 338 345 200 356 740 158 652 554 208 592 1202 266 354 187 226 575 907 405 250 249 114 487 696 306 260 0 288 324 156 327 275 572 457 393 1468 339 224 318 152 385 98 74 344 312 215 597 152
320 852 361 856 797 512 363 513 520 244 253 736 202 690 729 355 527 1137 143 379 446 401 783 1166 580 275 425 282 662 735 565 436 288 0 59 241 217 300 568 392 388 1429 73 483 313 196 561 302 333 339 487 363 856 319
356 889 397 893 834 488 400 550 557 281 230 761 239 715 766 392 504 1114 180 415 483 438 820 1202 617 311 462 318 699 760 602 472 324 59 0 278 240 336 593 369 413 1406 50 520 338 233 598 338 369 364 524 399 893 355
100 720 207 641 665 633 252 381 388 153 374 812 110 695 597 284 648 1258 220 430 231 269 619 950 448 326 293 62 530 740 350 304 156 241 278 0 293 351 644 513 465 1515 293 268 390 105 429 142 113 415 356 291 641 228
372 709 278 774 655 386 273 431 438 296 164 553 254 508 574 265 401 1011 195 289 364 319 700 1083 498 185 342 334 532 552 483 353 327 217 240 293 0 209 385 266 206 1281 225 400 131 248 478 341 375 156 405 273 774 236
340 589 225 721 534 396 182 312 303 353 238 491 311 445 466 174 379 1085 181 105 310 229 520 1030 317 91 253 362 399 490 429 264 275 300 336 351 209 0 323 340 214 1219 351 347 159 306 298 289 323 185 315 182 721 184
921 436 804 1272 381 611 791 636 628 1029 873 193 987 364 435 797 594 1719 908 702 890 754 685 1568 560 805 711 943 510 322 1008 702 941 1026 1052 985 844 782 0 735 668 920 1037 927 735 981 586 927 904 716 662 788 1272 824
522 601 408 904 546 150 403 550 541 515 168 445 473 399 465 395 165 1014 330 419 494 449 599 1213 474 315 473 544 424 443 613 483 457 392 369 513 266 340 277 0 336 1067 354 531 261 467 499 471 505 286 535 403 904 366
458 533 343 839 478 282 300 321 313 467 234 377 425 331 398 292 265 1081 270 134 428 347 530 1148 327 209 371 480 356 376 547 382 393 388 413 465 206 214 209 336 0 1105 398 465 97 420 307 407 441 109 347 300 839 302
1461 976 1344 1731 921 958 1331 1176 1168 1569 1221 1178 1527 904 975 1323 941 2068 1381 1175 1377 1294 1225 2026 1100 1277 1251 1483 1050 862 1467 1242 1481 1445 1422 1525 1316 1254 1010 1083 1140 0 1407 1449 1208 1521 1126 1467 1443 1188 1202 1314 1731 1364
371 902 412 908 847 474 415 565 572 296 215 746 254 700 767 407 489 1099 195 430 498 453 835 1217 632 326 477 333 714 745 617 487 339 73 50 293 225 351 578 354 398 1391 0 535 323 248 612 353 384 349 539 414 908 370
203 662 149 519 607 650 193 323 330 395 429 811 307 637 539 280 666 1251 372 426 109 211 497 829 390 322 235 226 472 681 228 246 224 483 520 268 400 347 643 531 465 1426 535 0 390 312 371 210 186 416 297 288 519 190
383 601 268 764 546 350 225 384 380 392 159 444 350 399 465 217 332 1006 195 201 353 272 597 1073 394 134 296 405 424 443 472 307 318 313 338 390 131 159 276 261 97 1172 323 390 0 345 375 332 366 47 358 225 764 227
144 716 225 685 661 587 247 377 384 108 329 767 66 691 593 239 603 1213 175 385 275 265 647 995 444 281 289 106 526 736 394 300 152 196 233 105 248 306 599 467 420 1495 248 312 345 0 425 166 157 370 352 246 685 183
365 321 249 744 266 375 235 81 72 473 507 470 431 296 198 241 358 1354 450 218 334 199 252 1053 49 321 155 387 131 340 453 146 385 561 598 429 478 298 302 499 307 1116 612 371 375 425 0 372 348 355 106 233 744 268
78 663 149 584 608 591 194 324 331 214 370 755 172 638 540 222 606 1216 280 369 173 212 561 893 391 264 236 100 473 682 293 246 98 302 338 142 341 289 587 471 407 1457 353 210 332 166 372 0 61 358 298 230 584 167
54 639 126 560 584 625 170 300 307 245 403 788 152 614 516 256 640 1250 311 402 149 188 538 869 367 298 212 71 449 658 269 223 74 333 369 113 375 323 620 505 441 1434 384 186 366 157 348 61 0 391 274 263 560 167
409 581 294 789 526 330 251 369 361 418 185 425 376 379 446 243 313 1031 220 182 379 297 577 1098 375 160 321 431 404 424 498 332 344 339 364 415 156 185 257 286 109 1153 349 416 47 370 355 358 391 0 384 250 789 253
291 397 175 671 342 451 162 120 111 399 434 546 357 372 274 248 434 1280 377 258 260 179 328 980 125 290 194 314 207 417 380 185 312 487 524 356 405 315 378 535 347 1192 539 297 358 352 106 298 274 384 0 256 671 195
280 524 165 661 469 456 122 247 238 294 301 551 252 499 401 112 439 1148 244 261 251 169 455 970 252 157 193 303 334 543 370 204 215 363 399 291 273 182 383 403 300 1279 414 288 225 246 233 230 263 250 256 0 661 125
281 687 226 495 632 728 271 401 408 473 507 836 384 662 564 358 724 1213 450 504 152 289 487 790 468 400 313 303 497 707 241 323 302 561 597 345 478 425 668 608 543 1416 612 224 468 390 448 288 264 493 375 365 0 268
184 559 68 564 504 486 91 220 228 231 265 650 189 534 437 118 502 1111 208 264 153 108 490 873 288 160 132 206 370 579 272 143 152 319 355 228 236 184 482 366 302 1354 370 190 227 183 268 167 167 253 195 125 564 0
EOF