NAME : tsp_problem
TYPE : TSP
DIMENSION : 46
EDGE_WEIGHT_TYPE : EXPLICIT
EDGE_WEIGHT_FORMAT : FULL_MATRIX
EDGE_WEIGHT_SECTION
0 558 641 1577 1061 892 565 485 473 705 342 486 654 454 480 628 1103 742 916 128 498 608 811 827 893 854 858 760 782 357 840 797 877 605 788 725 926 860 889 237 277 445 56 1222 520 533
558 0 178 1288 542 372 178 216 474 240 329 472 289 109 210 314 584 321 382 457 359 310 278 294 372 322 337 308 249 230 306 263 343 211 256 191 561 327 356 733 389 445 541 729 66 244
641 178 0 1234 461 291 220 261 443 160 412 556 208 264 255 234 503 363 301 540 317 248 197 214 292 241 256 350 168 313 225 182 262 90 175 110 480 246 275 817 472 455 624 649 221 286
1474 997 916 0 664 1045 1001 1079 1157 854 1248 1392 903 1083 1073 928 539 1136 877 1376 1005 942 758 736 1046 816 1010 1124 775 1203 842 936 839 949 790 834 903 821 787 1505 1296 1169 1460 590 1039 1067
1042 542 461 1226 0 590 546 624 726 399 817 960 448 628 618 473 151 681 422 945 573 487 303 281 591 361 555 669 320 748 387 481 383 494 335 379 472 366 332 1074 841 738 1029 297 584 612
892 372 291 1363 590 0 366 450 680 325 673 817 373 457 444 399 632 265 215 792 555 413 326 343 63 273 80 253 297 575 231 125 247 324 304 304 609 257 404 1078 649 692 876 778 414 420
565 178 220 1137 546 366 0 138 507 280 362 505 329 234 132 354 588 290 384 464 510 368 282 298 367 326 331 278 253 263 308 265 345 252 259 233 564 331 360 760 321 478 548 733 220 92
485 216 261 1249 624 450 138 0 401 323 256 400 371 129 99 381 667 374 464 384 410 361 360 377 451 404 415 361 332 157 388 345 426 293 338 274 643 409 439 661 316 373 468 812 195 205
467 474 443 1528 755 680 507 401 0 385 258 402 334 370 396 308 797 742 596 386 178 288 491 507 681 535 646 730 462 273 561 571 557 406 469 433 682 540 569 498 318 117 470 942 436 573
705 240 160 1172 399 325 280 323 385 0 476 620 146 326 317 172 441 416 240 604 260 186 135 152 326 179 290 403 106 378 205 216 202 192 113 78 418 184 213 799 536 397 689 587 283 347
395 751 781 1824 1092 1018 784 678 422 723 0 165 672 647 673 646 1134 1019 934 482 516 626 829 845 1019 872 983 1007 800 550 899 909 895 744 806 771 957 878 907 427 595 394 410 1253 713 850
257 613 642 1686 954 880 645 540 284 585 397 0 533 509 535 508 996 881 796 344 378 488 690 707 881 734 845 869 662 412 760 771 757 606 668 633 818 739 769 288 457 256 271 1114 575 712
654 289 208 1221 448 373 329 371 334 146 425 568 0 284 365 179 490 464 289 553 208 159 184 200 374 228 339 452 155 327 254 264 250 241 162 126 466 233 262 747 485 346 637 635 318 395
454 109 264 1345 628 457 234 129 370 326 225 369 284 0 124 258 670 406 468 353 287 238 364 380 458 407 423 394 335 127 391 348 429 234 341 277 646 413 442 630 286 342 438 815 72 301
480 210 255 1243 618 444 132 99 396 317 251 395 365 124 0 376 660 368 458 379 405 356 354 371 445 398 409 355 325 153 382 339 419 287 332 267 637 403 432 656 311 368 464 806 190 198
628 314 234 1246 473 399 354 381 308 172 399 542 179 258 376 0 515 490 314 527 182 133 209 226 400 253 364 477 180 301 279 290 276 251 187 152 492 258 287 721 459 320 611 661 292 421
1058 581 500 1214 151 629 585 664 741 438 832 976 487 667 657 512 0 720 461 960 589 526 342 321 630 400 594 708 359 787 426 520 423 533 374 418 488 405 371 1089 880 753 1045 172 624 651
742 321 363 1314 681 265 290 374 742 416 597 740 464 406 368 490 723 0 306 641 646 504 417 434 266 364 231 35 388 498 322 216 338 395 395 375 700 348 495 937 498 714 725 868 363 270
916 382 301 1195 422 215 384 464 596 240 687 830 289 468 458 314 464 306 0 815 470 328 158 175 216 103 180 294 161 589 102 165 75 334 176 220 441 87 236 1010 679 608 899 610 424 450
128 457 540 1476 974 792 464 384 386 604 241 385 553 353 379 527 1016 641 815 0 397 507 710 726 792 754 757 659 681 256 739 696 776 504 688 625 901 759 788 323 176 358 112 1161 419 432
498 359 317 1397 629 555 510 410 178 260 269 413 208 287 405 182 671 646 470 397 0 162 365 382 555 409 520 633 336 284 435 446 432 281 343 308 530 414 443 592 329 190 481 817 322 576
608 310 248 1260 487 413 368 361 288 186 379 522 159 238 356 133 529 504 328 507 162 0 223 240 414 267 378 491 194 281 293 304 290 231 201 166 506 272 301 702 439 300 591 675 272 435
811 278 197 1076 303 326 282 360 491 135 582 725 184 364 354 209 345 417 158 710 365 223 0 56 327 97 291 405 56 484 123 217 119 230 71 115 322 102 117 904 577 503 794 491 320 348
827 294 214 1054 281 343 298 377 507 152 598 742 200 380 371 226 324 434 175 726 382 240 56 0 343 113 308 421 72 500 140 234 136 246 88 132 300 119 96 902 593 519 811 469 337 364
893 372 292 1364 591 63 367 451 681 326 674 818 374 458 445 400 633 266 216 792 555 414 327 343 0 274 81 254 298 575 231 125 248 324 305 304 609 258 405 1079 650 693 877 778 415 421
854 322 241 1134 361 273 326 404 535 179 626 769 228 407 398 253 403 364 103 754 409 267 97 113 274 0 238 352 99 528 68 164 64 274 115 159 380 54 175 948 620 546 838 548 364 392
858 337 256 1328 555 80 331 415 646 290 639 782 339 423 409 364 597 231 180 757 520 378 291 308 81 238 0 219 263 540 196 90 212 289 269 269 574 223 369 1043 614 657 841 743 379 385
760 308 350 1331 669 253 278 361 730 403 585 728 452 394 355 477 711 35 294 659 633 491 405 421 254 352 219 0 376 486 309 203 326 383 382 363 687 336 483 955 516 702 743 856 351 287
782 249 168 1093 320 297 253 332 462 106 553 696 155 335 325 180 362 388 161 681 336 194 56 72 298 99 263 376 0 455 126 188 122 201 74 87 338 105 134 876 548 474 765 507 292 319
357 230 313 1373 748 575 263 157 273 378 128 271 327 127 153 301 790 498 589 256 284 281 484 500 575 528 540 486 455 0 512 469 550 277 462 398 766 533 562 533 188 245 340 935 193 329
840 306 225 1160 387 231 308 388 561 205 611 755 254 391 382 279 429 322 102 739 435 293 123 140 231 68 196 309 126 512 0 122 63 258 141 185 406 52 201 974 603 573 823 575 348 374
797 263 182 1254 481 125 265 345 571 216 568 712 264 348 339 290 523 216 165 696 446 304 217 234 125 164 90 203 188 469 122 0 159 215 195 195 500 148 295 973 560 583 780 669 305 331
877 343 262 1156 383 247 345 426 557 202 648 792 250 429 419 276 426 338 75 776 432 290 119 136 248 64 212 326 122 550 63 159 0 295 138 182 402 49 198 971 640 569 860 571 386 412
605 211 90 1267 494 324 252 293 406 192 376 519 241 234 287 251 536 395 334 504 281 231 230 246 324 274 289 383 201 277 258 215 295 0 208 143 513 279 308 780 436 418 588 681 253 319
788 256 175 1108 335 304 259 338 469 113 559 703 162 341 332 187 377 395 176 688 343 201 71 88 305 115 269 382 74 462 141 195 138 208 0 93 354 120 149 882 554 480 772 523 298 326
725 191 110 1152 379 304 233 274 433 78 496 640 126 277 267 152 421 375 220 625 308 166 115 132 304 159 269 363 87 398 185 195 182 143 93 0 398 164 193 847 527 445 709 567 233 299
610 471 429 1405 673 667 622 522 291 372 381 525 320 399 517 294 715 758 582 509 138 275 477 494 668 521 632 746 448 396 547 558 544 393 455 420 0 526 552 648 442 302 594 834 434 689
860 327 246 1139 366 257 331 409 540 184 631 774 233 413 403 258 408 348 87 759 414 272 102 119 258 54 223 336 105 533 52 148 49 279 120 164 385 0 180 953 626 552 843 554 369 397
889 356 275 1105 332 404 360 439 569 213 660 803 262 442 432 287 374 495 236 788 443 301 117 96 405 175 369 483 134 562 201 295 198 308 149 193 351 180 0 952 655 581 872 519 399 426
243 759 842 1778 1086 1094 766 686 498 799 543 687 747 656 682 721 1128 943 1009 329 592 702 904 914 1095 948 1059 961 876 558 974 985 971 806 882 847 951 953 965 0 479 470 257 1247 722 734
277 389 472 1333 841 649 321 316 318 536 173 317 485 286 311 459 883 498 679 176 329 439 577 593 650 620 614 516 548 188 603 560 640 436 554 527 833 626 655 472 0 290 261 1028 352 289
439 445 455 1540 767 692 478 373 117 397 230 373 346 342 368 320 809 714 608 358 190 300 503 519 693 546 657 702 474 245 573 583 569 418 480 445 694 552 581 470 290 0 442 954 408 545
56 541 624 1560 1058 876 548 468 470 689 326 469 637 438 464 611 1100 725 899 112 481 591 794 811 877 838 841 743 765 340 823 780 860 588 772 709 940 843 872 251 261 442 0 1236 504 516
911 434 353 1066 345 482 438 516 594 291 685 828 340 520 510 365 387 573 314 813 441 379 195 173 483 253 447 561 211 640 279 373 275 386 227 271 340 258 224 942 732 606 897 0 476 504
520 66 221 1331 584 414 220 195 436 283 291 435 318 72 190 292 626 363 424 419 322 272 320 337 415 364 379 351 292 193 348 305 386 253 298 233 603 369 399 696 352 408 504 772 0 286
533 244 286 1072 612 420 92 205 573 347 428 571 395 301 198 421 654 270 450 432 576 435 348 364 421 392 385 287 319 329 374 331 412 319 326 299 631 397 426 728 289 545 516 799 286 0
EOF