NAME : tsp_problem
TYPE : TSP
DIMENSION : 34
EDGE_WEIGHT_TYPE : EXPLICIT
EDGE_WEIGHT_FORMAT : FULL_MATRIX
EDGE_WEIGHT_SECTION
0 785 675 926 748 692 626 517 719 678 719 572 615 619 641 660 879 869 852 912 694 633 715 797 590 693 515 606 1589 573 511 878 559 712
618 0 609 156 255 626 299 545 279 138 457 804 240 240 669 151 109 256 83 341 312 508 287 326 482 315 869 274 1148 601 539 108 588 646
646 881 0 932 732 551 868 377 703 857 1026 360 671 810 379 756 975 774 948 817 678 492 700 659 896 677 302 662 1625 354 418 974 379 513
758 156 578 0 253 595 440 686 278 278 598 764 380 381 810 292 205 184 179 294 311 478 286 296 622 314 829 396 1101 605 591 204 682 606
541 255 379 253 0 396 338 469 91 300 496 575 242 279 592 192 348 189 322 232 83 279 87 176 521 86 639 248 1039 406 391 347 482 417
634 869 521 920 720 0 856 365 691 845 1014 348 659 798 367 744 962 762 936 805 666 480 688 647 884 665 290 650 1613 342 406 962 367 501
509 299 690 440 338 707 0 533 362 192 297 886 227 133 656 174 393 383 366 425 395 591 370 409 322 398 860 357 1208 588 526 392 575 728
310 545 315 686 469 332 533 0 440 521 690 456 335 474 165 420 639 556 613 599 414 274 436 440 624 413 399 326 1406 135 164 638 83 353
512 279 350 278 91 367 362 440 0 324 520 546 266 303 563 216 372 213 346 256 54 250 58 200 545 57 610 247 1063 377 362 372 453 388
561 138 654 278 300 671 192 521 324 0 349 849 215 133 645 163 231 343 205 386 357 553 332 371 374 360 879 319 1193 577 515 230 564 691
603 457 819 598 496 836 297 661 520 349 0 1011 385 291 785 332 550 540 524 583 553 748 528 567 416 556 953 515 1302 717 655 550 704 856
663 804 376 764 575 393 886 463 546 849 1030 0 688 827 465 741 884 617 858 535 520 334 542 501 901 519 106 558 1343 402 388 883 465 194
408 240 493 380 242 510 227 335 266 215 385 688 0 168 459 115 333 323 307 366 299 393 274 313 409 302 693 261 1173 391 329 332 377 530
503 240 631 381 279 649 133 474 303 133 291 827 168 0 598 115 334 324 307 367 336 532 312 351 316 340 831 298 1174 529 467 333 516 669
434 669 452 810 592 469 656 165 563 645 814 459 459 598 0 544 763 693 736 735 538 410 559 577 748 537 401 450 1543 272 288 762 207 489
493 151 545 292 192 563 174 420 216 163 332 741 115 115 544 0 245 235 218 277 249 445 224 263 357 252 778 211 1085 476 414 244 463 583
711 109 698 205 348 716 393 639 372 231 550 884 333 334 763 245 0 304 71 414 406 598 381 416 575 409 949 368 1222 694 632 69 681 726
701 256 421 184 189 438 383 556 213 343 540 617 323 324 693 235 304 0 278 149 246 321 221 138 565 249 681 331 957 448 433 303 525 459
685 83 672 179 322 689 366 613 346 205 524 858 307 307 736 218 71 278 0 388 379 572 354 389 549 382 923 341 1195 668 606 71 655 700
744 341 464 294 232 481 425 599 256 386 583 535 366 367 735 277 414 149 388 0 289 364 264 181 608 292 600 374 852 490 476 413 567 378
487 312 325 311 83 342 395 414 54 357 553 520 299 336 538 249 406 246 379 289 0 224 50 211 578 49 585 221 1096 351 337 405 428 362
426 508 139 478 279 156 591 274 250 553 748 334 393 532 410 445 598 321 572 364 224 0 246 205 740 224 399 262 1171 165 151 597 242 176
508 287 346 286 87 363 370 436 58 332 528 542 274 312 559 224 381 221 354 264 50 246 0 208 553 53 606 243 1072 373 359 380 450 384
591 326 305 296 176 322 409 440 200 371 567 501 313 351 577 263 416 138 389 181 211 205 208 0 592 210 565 320 989 332 318 415 409 343
226 592 442 733 515 459 576 285 486 568 669 637 382 521 408 467 686 676 659 718 461 401 482 565 0 460 586 373 1526 340 278 685 327 480
486 315 324 314 86 341 398 413 57 360 556 519 302 340 537 252 409 249 382 292 49 224 53 210 581 0 584 220 1100 350 336 408 427 361
674 869 440 829 639 458 879 405 610 885 972 106 699 838 407 784 949 681 923 600 585 399 606 565 843 584 0 622 1407 382 446 948 407 259
399 274 362 396 248 379 357 326 247 319 515 558 261 298 450 211 368 331 341 374 221 262 243 320 540 220 622 0 1181 382 320 367 369 400
1234 1112 1431 1253 1151 1448 953 1293 1175 1004 801 1503 1040 946 1417 987 1205 1116 1179 1012 1208 1331 1183 1148 1047 1211 1567 1170 0 1349 1287 1205 1335 1345
366 601 207 605 406 224 588 135 377 577 746 402 391 529 272 476 694 448 668 490 351 165 373 332 680 350 375 382 1298 0 91 694 104 244
304 539 193 591 391 210 526 164 362 515 684 388 329 467 288 414 632 433 606 476 337 151 359 318 618 336 439 320 1284 91 0 632 168 230
710 108 698 204 347 715 392 638 372 230 550 883 332 333 762 244 69 303 71 413 405 597 380 415 574 408 948 367 1221 694 632 0 680 725
352 588 284 682 482 301 575 83 453 564 733 459 377 516 207 463 681 525 655 567 428 242 450 409 666 427 401 369 1375 104 168 680 0 321
505 646 218 606 417 235 728 353 388 691 886 194 530 669 489 583 726 459 700 378 362 176 384 343 819 361 259 400 1185 244 230 725 321 0
EOF