NAME : tsp_problem
TYPE : TSP
DIMENSION : 20
EDGE_WEIGHT_TYPE : EXPLICIT
EDGE_WEIGHT_FORMAT : FULL_MATRIX
EDGE_WEIGHT_SECTION
0 663 432 62 498 363 618 572 1185 581 610 237 358 963 213 367 528 570 257 699
663 0 511 641 188 814 434 366 1637 398 258 518 581 1332 470 574 413 119 709 515
432 511 0 467 346 642 218 173 1340 182 282 300 126 876 373 119 129 419 536 299
62 641 467 0 476 341 653 585 1163 616 588 273 393 999 191 403 564 548 235 734
498 188 346 476 0 649 269 201 1472 233 153 352 416 1166 305 409 247 95 543 350
363 785 642 341 620 0 797 729 1209 761 732 447 568 1175 365 578 738 693 138 878
896 405 615 874 421 1048 0 470 1829 501 361 751 685 1435 704 678 516 352 942 106
572 366 173 585 201 758 96 0 1457 59 137 363 243 993 414 236 74 274 653 177
720 1119 999 698 953 539 1131 1063 0 1094 1066 804 925 699 722 935 1095 1026 595 1212
932 441 651 910 457 1083 60 506 1865 0 397 787 721 1471 740 714 552 388 978 142
610 258 282 588 153 762 205 137 1566 168 0 465 352 1102 417 345 183 165 656 286
237 518 300 273 352 447 408 363 1270 371 465 0 258 902 178 267 319 425 342 489
358 581 126 393 416 568 288 243 1242 251 352 258 0 778 299 69 199 489 462 369
1123 1491 1036 1158 1326 1108 1198 1153 674 1161 1262 1062 938 0 1102 947 1109 1399 1164 1279
213 470 373 191 305 365 482 414 1188 446 417 178 299 942 0 308 394 378 259 563
367 574 119 403 409 578 281 236 1252 244 345 267 69 788 308 0 192 482 472 362
528 413 129 564 247 738 119 74 1413 83 183 319 199 949 394 192 0 320 632 200
570 119 419 548 95 722 342 274 1544 305 165 425 489 1239 378 482 320 0 616 423
257 679 536 235 514 138 691 623 1103 655 627 342 462 1069 259 472 632 587 0 773
846 354 564 824 371 997 487 419 1779 450 310 700 634 1384 653 627 465 301 891 0
EOF