NAME : tsp_problem
TYPE : TSP
DIMENSION : 78
EDGE_WEIGHT_TYPE : EXPLICIT
EDGE_WEIGHT_FORMAT : FULL_MATRIX
EDGE_WEIGHT_SECTION
0 656 458 869 616 509 878 630 689 1000 350 1001 1123 670 996 341 556 100 272 897 267 663 582 572 881 665 1119 608 898 837 411 761 956 770 210 331 610 1056 277 187 795 883 611 825 658 419 1042 906 167 742 616 902 462 1064 652 715 583 339 328 610 935 539 945 190 364 1096 570 625 495 1186 766 958 323 275 783 726 880 848
656 0 338 337 329 434 752 499 477 468 401 468 997 582 694 412 551 627 444 364 558 575 578 119 349 432 729 627 366 304 462 229 423 238 638 517 323 929 631 491 263 350 607 484 654 299 740 374 626 610 612 369 223 763 102 626 144 525 500 478 402 610 443 545 370 564 268 621 236 654 478 425 366 492 583 438 428 316
458 338 0 559 298 404 768 476 534 690 379 690 1012 560 853 390 521 429 245 586 536 553 547 254 571 511 950 604 587 526 427 451 645 460 440 494 292 945 606 293 485 572 577 507 623 81 899 596 428 631 581 591 144 922 342 604 272 503 302 455 624 588 665 520 172 786 252 590 213 876 448 647 168 293 640 408 562 538
869 337 559 0 643 748 733 613 558 143 568 174 978 637 491 579 866 794 748 70 725 645 892 433 54 513 403 705 305 49 628 195 98 137 942 683 637 911 797 806 344 56 921 660 968 605 485 79 898 591 926 75 537 462 286 630 311 692 814 563 108 764 383 711 684 269 434 935 402 328 716 365 681 806 527 752 604 282
616 329 298 643 0 150 987 696 754 774 580 774 1232 779 1000 609 267 587 404 670 754 772 294 244 655 730 1035 824 672 610 585 535 729 544 532 714 39 1164 732 451 569 656 323 357 370 259 1046 680 521 851 328 675 183 1069 408 824 364 722 328 675 708 807 749 678 330 870 243 337 433 960 298 731 326 386 860 258 432 622
509 434 404 748 150 0 1092 801 859 879 638 880 1337 884 1106 675 146 480 461 776 647 877 172 349 760 835 1140 929 777 716 643 640 835 649 411 711 144 1270 611 411 674 762 202 462 248 364 1151 785 399 956 206 780 288 1174 513 929 469 719 207 780 813 873 854 571 356 975 348 215 538 1065 403 837 384 265 965 363 537 727
1486 1095 1317 769 1401 1506 0 918 829 796 1196 932 278 839 518 1174 1624 1410 1376 752 1341 848 1650 1191 812 880 390 907 824 808 1256 953 695 895 1539 1300 1395 210 1380 1457 1058 789 1679 1317 1667 1363 474 837 1515 794 1684 747 1295 450 1045 833 1069 1308 1572 909 866 967 812 1328 1442 677 1192 1693 1157 465 1373 842 1439 1564 730 1484 1261 840
630 499 476 613 696 801 311 0 151 741 329 745 555 103 428 340 919 555 509 641 486 96 945 595 625 127 551 147 455 581 390 505 641 514 703 445 690 488 559 590 305 627 974 831 1021 522 474 650 660 174 979 646 590 497 448 147 379 453 762 72 679 207 377 472 632 837 480 988 291 625 845 407 593 746 215 805 774 530
689 477 534 558 754 859 295 151 0 652 387 690 540 199 339 398 977 613 567 586 544 207 1003 574 570 72 462 267 366 526 448 450 552 459 762 503 748 473 617 648 250 572 1032 809 1079 581 385 595 718 153 1037 591 648 408 427 192 437 511 820 100 624 326 288 531 690 748 538 1046 349 536 865 318 651 804 126 864 753 441
1000 468 690 143 774 879 759 741 652 0 699 305 1004 663 517 710 997 925 879 126 856 671 1023 565 185 644 429 731 331 181 760 326 124 268 1073 815 768 937 929 937 475 162 1053 687 1038 736 511 210 1030 617 1057 120 669 488 418 656 442 823 945 694 239 790 409 843 816 297 565 1066 533 354 743 391 812 937 553 855 631 348
350 401 379 568 580 638 597 329 387 699 0 699 842 389 706 60 684 275 202 595 206 382 711 498 580 363 829 327 597 535 83 460 654 469 423 164 574 774 278 283 494 581 740 733 787 382 752 605 379 461 745 600 426 774 351 433 281 173 457 308 633 258 655 192 327 795 382 754 193 885 730 656 286 439 493 690 677 547
837 305 527 271 611 716 749 582 526 402 536 0 993 652 628 547 834 762 716 298 693 658 860 401 283 481 663 710 300 238 597 117 357 172 910 652 605 926 766 774 312 284 889 637 936 573 674 308 867 607 894 303 506 697 255 645 279 660 782 531 336 745 377 679 652 498 402 903 370 588 693 359 649 774 542 721 581 250
1291 900 1122 575 1206 1311 741 723 634 601 1001 737 0 644 323 979 1429 1216 1181 558 1147 653 1455 997 617 685 195 713 629 613 1062 758 500 700 1345 1105 1200 919 1185 1262 863 594 1485 1122 1473 1168 279 642 1320 599 1489 552 1101 255 850 638 874 1113 1377 714 671 772 618 1133 1248 482 997 1498 962 270 1178 647 1244 1369 535 1290 1066 645
670 582 560 637 779 884 232 103 199 663 389 799 477 0 349 358 1002 595 569 619 526 33 1028 679 679 210 473 92 377 651 450 575 562 585 724 485 773 409 565 650 388 656 1058 914 1104 606 395 704 700 95 1062 614 674 418 532 68 462 493 824 155 733 152 299 513 694 758 563 1071 374 546 929 328 653 806 136 889 858 452
996 694 853 491 1000 1106 446 428 339 517 706 653 691 349 0 684 1223 920 886 474 851 358 1249 791 533 390 152 417 400 529 766 552 416 561 1049 810 994 623 890 966 568 510 1279 1026 1325 899 74 558 1025 304 1283 468 895 97 644 343 668 818 1138 419 587 477 322 838 1009 437 791 1292 667 225 1082 352 970 1122 240 1110 970 428
341 412 390 579 609 675 566 340 398 710 60 710 811 358 684 0 722 266 240 606 197 351 748 509 591 374 807 296 607 546 120 471 665 480 414 155 603 743 269 321 505 592 777 744 824 420 730 616 370 430 782 611 464 752 362 403 292 163 495 319 644 227 633 183 365 806 393 791 204 880 759 662 324 476 471 719 688 558
556 551 521 866 267 146 1210 919 977 997 684 997 1455 1002 1223 722 0 527 508 893 693 995 44 467 877 953 1257 989 894 833 689 757 952 767 457 757 261 1387 657 458 792 879 74 559 120 482 1269 902 446 1073 78 898 406 1292 631 1046 587 766 253 898 931 920 972 617 402 1093 465 87 655 1182 520 954 431 311 1082 480 539 845
100 627 429 794 587 480 803 555 613 925 275 925 1048 595 920 266 527 0 242 821 191 588 553 543 806 590 1044 533 823 761 335 686 880 695 173 255 581 980 201 158 720 807 582 796 629 389 966 831 129 667 587 826 433 989 577 639 508 263 299 534 859 464 870 115 335 1021 541 596 419 1111 737 882 293 246 708 697 850 773
272 444 245 748 404 461 777 509 567 879 202 879 1022 569 886 240 508 242 0 775 386 562 534 359 760 544 1009 507 777 715 207 640 834 649 310 344 398 954 419 107 674 761 564 613 610 206 932 785 299 641 568 780 250 954 523 614 461 353 281 488 813 438 835 333 151 975 358 577 373 1065 553 836 110 262 673 513 667 727
897 364 586 70 670 776 716 641 586 126 595 201 961 619 474 606 893 821 775 0 752 628 919 461 82 540 386 688 288 77 656 222 81 164 970 711 664 894 825 833 371 83 949 688 995 632 468 106 926 574 953 77 565 445 314 613 338 719 841 590 135 747 366 739 712 297 461 962 430 311 744 348 708 833 510 780 631 304
267 558 536 725 754 647 734 486 544 856 206 856 979 526 851 197 693 191 386 752 0 519 720 655 737 521 975 464 754 692 266 617 811 626 340 186 748 911 195 325 651 738 749 890 796 556 897 762 296 598 754 757 600 920 508 570 438 194 466 465 790 395 801 109 502 952 539 763 350 1042 904 813 460 413 639 864 834 704
663 575 553 645 772 877 240 96 207 671 382 807 485 33 358 351 995 588 562 628 519 0 1021 671 688 203 481 85 385 657 443 582 571 591 717 478 766 418 558 643 381 665 1051 907 1097 599 404 713 693 104 1055 622 667 427 525 77 455 486 817 148 741 145 307 505 687 767 556 1064 367 555 922 336 646 799 145 882 851 460
582 578 547 892 294 172 1236 945 1003 1023 711 1023 1481 1028 1249 748 44 553 534 919 720 1021 0 493 904 979 1284 1015 921 859 716 784 978 793 484 784 288 1413 683 484 818 905 49 534 95 508 1295 929 472 1100 65 924 432 1318 657 1073 613 792 280 924 957 946 998 644 429 1093 492 62 682 1209 547 980 457 338 1109 507 514 871
572 119 254 433 244 349 848 595 574 565 498 565 1093 679 791 509 467 543 359 461 655 671 493 0 445 528 825 723 462 401 541 325 520 334 553 613 238 1026 720 407 359 447 522 434 569 214 837 470 542 706 527 466 138 859 198 723 241 621 415 574 499 707 539 633 285 660 198 536 332 750 394 522 282 407 679 354 378 412
1162 666 844 341 834 939 958 939 850 222 897 503 1202 861 642 908 1057 1123 949 324 1054 869 1049 660 0 842 515 929 529 379 958 524 322 466 1143 1013 828 1135 1127 997 673 361 1021 635 986 804 597 408 1132 816 1094 318 729 574 616 854 640 1021 1005 893 437 988 607 1041 875 244 763 1036 732 440 691 589 872 997 751 803 579 546
665 432 511 513 730 835 346 127 72 644 363 644 591 210 390 374 953 590 544 540 521 203 979 528 525 0 514 255 417 480 424 405 599 414 738 479 724 524 593 624 204 526 1009 764 1055 557 436 550 694 204 1013 545 625 459 381 243 406 487 796 76 578 314 339 507 666 740 514 1022 325 587 820 369 628 780 177 840 708 492
1119 729 950 403 1035 1140 570 551 462 429 829 565 814 473 152 807 1257 1044 1009 386 975 481 1284 825 446 514 0 541 457 441 890 586 329 529 1173 934 1029 747 1014 1090 691 423 1313 951 1301 997 107 471 1148 428 1318 380 929 84 678 466 702 942 1206 542 499 600 446 961 1076 310 826 1326 791 98 1007 475 1072 1198 363 1118 895 474
608 627 604 705 824 929 300 147 267 731 327 867 545 92 417 296 989 533 507 688 464 85 1015 723 747 255 541 0 445 709 387 633 630 642 661 422 818 477 502 587 433 724 1044 959 1091 650 463 772 637 164 1049 682 718 486 576 136 507 430 762 200 801 89 367 450 632 826 608 1058 419 614 973 396 591 743 205 933 902 520
898 366 587 305 672 777 474 455 366 331 597 463 718 377 400 607 894 823 777 288 754 385 921 462 343 417 457 445 0 299 657 223 231 232 971 712 666 651 826 834 373 325 950 697 997 634 446 368 927 332 955 282 566 469 315 370 339 720 843 446 397 504 102 740 713 463 463 963 431 382 753 84 709 835 267 781 641 100
837 304 526 49 610 716 748 581 526 181 535 181 993 651 529 546 833 761 715 77 692 657 859 401 61 480 441 709 299 0 596 162 136 144 910 651 604 925 765 773 311 63 889 636 935 572 523 86 866 606 893 82 505 500 254 645 278 659 781 531 115 744 376 679 652 276 401 902 370 366 692 359 648 773 542 720 580 249
411 462 427 628 585 643 658 390 448 760 83 760 903 450 766 120 689 335 207 656 266 443 716 541 640 424 890 387 657 596 0 520 715 529 484 225 579 835 339 288 554 642 745 794 792 387 812 665 440 521 750 661 431 835 412 494 342 233 462 369 694 318 716 253 332 855 443 759 254 945 735 717 291 444 554 695 738 608
761 229 451 195 535 640 672 505 450 326 460 326 917 575 552 471 757 686 640 222 617 582 784 325 207 405 586 633 223 162 520 0 281 96 834 575 529 850 689 698 236 208 813 561 860 497 598 231 790 530 818 227 429 621 178 569 203 584 706 455 260 669 301 603 576 422 326 827 294 511 617 283 573 698 466 644 504 174
956 423 645 98 729 835 659 641 552 124 654 260 904 562 416 665 952 880 834 81 811 571 978 520 141 599 329 630 231 136 715 281 0 223 1029 770 723 836 884 892 430 118 1008 747 1054 692 411 166 985 517 1012 75 624 387 373 556 397 778 901 631 194 690 308 798 771 334 521 1021 489 254 803 290 767 892 453 839 691 247
770 238 460 137 544 649 681 514 459 268 469 268 926 585 561 480 767 695 649 164 626 591 793 334 149 414 529 642 232 144 529 96 223 0 843 584 538 859 698 707 245 150 822 570 869 506 607 174 799 539 827 169 438 587 187 578 212 593 715 464 202 678 310 612 585 364 335 836 303 454 626 292 582 707 475 653 514 183
210 638 440 942 532 411 932 703 762 1073 423 1074 1177 724 1049 414 457 173 310 970 340 717 484 553 954 738 1173 661 971 910 484 834 1029 843 0 403 526 1109 226 225 868 956 513 807 560 400 1095 979 56 796 518 974 444 1118 717 768 656 412 230 683 1007 612 999 263 313 1169 552 527 567 1246 747 1028 342 177 837 707 861 921
331 517 494 683 714 711 693 445 503 815 164 815 938 485 810 155 757 255 344 711 186 478 784 613 695 479 934 422 712 651 225 575 770 584 403 0 708 870 259 389 610 697 813 849 860 525 856 720 360 556 818 716 568 879 467 529 397 20 530 424 749 353 759 173 470 911 498 827 309 1000 864 772 428 477 597 824 793 663
610 323 292 637 39 144 981 690 748 768 574 768 1226 773 994 603 261 581 398 664 748 766 288 238 649 724 1029 818 666 604 579 529 723 538 526 708 0 1158 726 445 563 650 317 351 364 253 1040 674 515 845 322 669 177 1063 402 818 358 716 322 669 702 801 743 672 324 864 237 331 427 954 292 725 320 380 854 252 426 616
1312 922 1144 596 1228 1333 763 745 656 622 1022 758 105 666 345 1000 1450 1237 1202 579 1168 674 1477 1018 639 707 217 734 650 634 1083 779 522 722 1366 1127 1222 0 1207 1283 885 616 1506 1144 1494 1190 300 664 1341 621 1511 573 1122 277 871 660 896 1135 1399 735 692 793 639 1154 1269 503 1019 1520 984 291 1200 668 1265 1391 556 1311 1088 667
277 631 606 797 732 611 773 559 617 929 278 929 1018 565 890 269 657 201 419 825 195 558 683 720 809 593 1014 502 826 765 339 689 884 698 226 259 726 950 0 335 723 811 713 963 759 566 936 834 256 636 717 830 610 959 581 609 511 267 430 538 863 462 840 112 511 1024 612 726 423 1087 914 869 470 377 677 874 907 777
187 491 293 806 451 411 858 590 648 937 283 937 1103 650 966 321 458 158 107 833 325 643 484 407 817 624 1090 587 834 773 288 698 892 707 225 389 445 1035 335 0 732 819 514 660 560 254 1012 842 214 721 518 838 297 1035 571 694 527 397 231 569 871 518 912 249 199 1033 405 527 454 1122 601 894 158 178 754 561 715 785
795 263 485 344 569 674 524 305 250 475 494 475 769 388 568 505 792 720 674 371 651 381 818 359 356 204 691 433 373 311 554 236 430 245 868 610 563 702 723 732 0 357 847 595 894 531 614 381 824 382 852 376 463 637 212 421 237 618 740 254 409 492 450 637 610 571 360 861 328 661 651 432 607 732 355 678 539 323
883 350 572 56 656 762 753 627 572 162 581 187 998 656 510 592 879 807 761 83 738 665 905 447 68 526 423 724 325 63 642 208 118 150 956 697 650 930 811 819 357 0 935 674 981 619 505 93 912 611 939 88 551 481 300 650 324 705 828 577 121 784 402 725 698 283 448 948 416 348 730 385 694 819 547 766 618 295
611 607 577 921 323 202 1266 974 1032 1053 740 1053 1510 1058 1279 777 74 582 564 949 749 1051 49 522 933 1009 1313 1044 950 889 745 813 1008 822 513 813 317 1443 713 514 847 935 0 507 68 537 1325 958 502 1129 94 954 461 1347 686 1102 642 821 309 953 987 975 1028 673 458 1066 521 36 711 1238 563 1010 486 367 1138 536 487 900
825 484 507 657 357 462 1084 831 809 687 733 788 1329 914 1014 744 559 796 613 684 890 907 534 434 669 764 951 959 686 624 794 503 743 558 807 849 351 1261 963 660 595 670 507 0 471 468 1033 694 795 942 580 689 392 1009 401 958 476 857 641 810 722 942 763 877 539 680 452 522 568 876 82 745 535 661 915 193 101 636
658 654 623 968 370 248 1312 1021 1079 1038 787 1099 1557 1104 1325 824 120 629 610 995 796 1097 95 569 980 1055 1301 1091 997 935 792 853 1054 869 560 860 364 1489 759 560 894 981 68 471 0 584 1371 1005 548 1176 141 1000 508 1360 733 1148 689 868 356 1000 1033 1022 1074 720 505 1030 568 83 758 1226 527 1056 533 414 1185 583 451 947
419 299 81 605 259 364 814 522 581 736 382 736 1059 606 899 420 482 389 206 632 556 599 508 214 617 557 997 650 634 572 387 497 692 506 400 525 253 991 566 254 531 619 537 468 584 0 945 642 389 677 542 637 105 968 378 650 319 533 262 502 670 618 711 480 132 832 213 551 259 922 408 694 129 254 686 368 522 584
1042 740 899 485 1046 1151 492 474 385 511 752 648 737 395 74 730 1269 966 932 468 897 404 1295 837 528 436 107 463 446 523 812 598 411 607 1095 856 1040 669 936 1012 614 505 1325 1033 1371 945 0 553 1071 350 1329 462 941 136 690 389 714 864 1184 465 582 523 368 884 1055 392 837 1338 713 180 1089 398 1016 1168 286 1156 977 474
1140 644 822 319 812 917 936 917 828 200 875 481 1180 839 620 886 1035 1101 927 302 1032 847 1027 638 362 820 493 907 507 357 936 502 300 444 1121 991 806 1113 1105 975 651 339 999 613 964 782 575 0 1110 794 1072 296 707 552 594 832 618 999 983 871 415 966 585 1019 854 222 741 1014 710 418 669 567 850 975 729 781 557 524
167 626 428 898 521 399 908 660 718 1030 379 1030 1152 700 1025 370 446 129 299 926 296 693 472 542 910 694 1148 637 927 866 440 790 985 799 56 360 515 1085 256 214 824 912 502 795 548 389 1071 935 0 771 506 931 432 1094 681 744 612 368 219 639 964 568 974 220 302 1125 540 515 524 1215 736 987 330 166 812 696 850 877
742 610 631 591 851 956 192 174 153 617 461 754 437 95 304 430 1073 667 641 574 598 104 1100 706 634 204 428 164 332 606 521 530 517 539 796 556 845 369 636 721 382 611 1129 942 1176 677 350 659 771 0 1134 569 745 373 560 89 534 564 896 226 688 223 254 584 766 713 634 1143 445 501 998 283 725 877 91 960 886 407
616 612 581 926 328 206 1270 979 1037 1057 745 1057 1515 1062 1283 782 78 587 568 953 754 1055 65 527 938 1013 1318 1049 955 893 750 818 1012 827 518 818 322 1447 717 518 852 939 94 580 141 542 1329 963 506 1134 0 958 466 1352 691 1107 647 826 314 958 991 980 1032 678 463 1139 526 108 716 1243 581 1014 491 372 1143 541 560 905
902 369 591 75 675 780 711 646 591 120 600 206 955 614 468 611 898 826 780 77 757 622 924 466 86 545 380 682 282 82 661 227 75 169 974 716 669 888 830 838 376 88 954 693 1000 637 462 111 931 569 958 0 570 439 319 607 343 724 846 595 140 741 360 744 717 302 466 967 435 305 748 342 713 838 504 785 636 299
462 223 144 537 183 288 882 590 648 669 426 669 1126 674 895 464 406 433 250 565 600 667 432 138 549 625 929 718 566 505 431 429 624 438 444 568 177 1059 610 297 463 551 461 392 508 105 941 574 432 745 466 570 0 964 302 718 258 576 306 569 603 662 644 524 176 764 137 475 327 854 333 626 172 298 754 293 446 516
1064 763 922 462 1069 1174 515 497 408 488 774 624 760 418 97 752 1292 989 954 445 920 427 1318 859 504 459 84 486 469 500 835 621 387 587 1118 879 1063 692 959 1035 637 481 1347 1009 1360 968 136 529 1094 373 1352 439 964 0 713 412 737 887 1207 487 558 546 391 907 1077 369 860 1361 736 157 1065 420 1039 1191 309 1177 953 497
652 102 342 286 408 513 702 448 427 418 351 418 947 532 644 362 631 577 523 314 508 525 657 198 298 381 678 576 315 254 412 178 373 187 717 467 402 879 581 571 212 300 686 401 733 378 690 323 681 560 691 319 302 713 0 576 94 475 579 428 352 560 393 494 449 513 217 700 185 603 457 375 446 571 532 517 345 266
715 626 604 630 824 929 226 147 192 656 433 793 470 68 343 403 1046 639 614 613 570 77 1073 723 673 243 466 136 370 645 494 569 556 578 768 529 818 403 609 694 421 650 1102 958 1148 650 389 698 744 89 1107 607 718 412 576 0 507 537 868 199 727 196 292 557 739 752 607 1115 418 540 973 322 698 850 130 933 902 445
583 144 272 311 364 469 670 379 437 442 281 442 915 462 668 292 587 508 461 338 438 455 613 241 323 406 702 507 339 278 342 203 397 212 656 397 358 847 511 527 237 324 642 476 689 319 714 348 612 534 647 343 258 737 94 507 0 405 535 358 376 490 417 425 405 538 148 656 116 628 513 399 402 527 543 473 420 290
339 525 503 692 722 719 701 453 511 823 173 823 946 493 818 163 766 263 353 719 194 486 792 621 703 487 942 430 720 659 233 584 778 593 412 20 716 878 267 397 618 705 821 857 868 533 864 728 368 564 826 724 576 887 475 537 405 0 538 432 757 361 768 181 478 919 506 835 317 1008 872 780 437 485 605 832 801 671
328 500 302 814 328 207 1032 762 820 945 457 945 1277 824 1138 495 253 299 281 841 466 817 280 415 826 796 1206 762 843 781 462 706 901 715 230 530 322 1209 430 231 740 828 309 641 356 262 1184 851 219 896 314 846 306 1207 579 868 535 538 0 741 879 693 920 390 175 1041 414 323 499 1131 581 903 204 84 926 541 715 793
610 478 455 563 675 780 363 72 100 694 308 695 608 155 419 319 898 534 488 590 465 148 924 574 575 76 542 200 446 531 369 455 631 464 683 424 669 540 538 569 254 577 953 810 1000 502 465 600 639 226 958 595 569 487 428 199 358 432 741 0 628 259 368 452 611 790 459 967 270 615 825 397 572 725 206 785 754 521
891 359 581 325 665 770 803 636 580 456 590 77 1048 706 682 601 888 816 770 352 747 712 914 455 337 535 717 764 354 292 651 171 412 226 964 706 659 980 820 828 366 339 944 691 990 627 728 362 921 661 948 357 560 751 309 700 333 714 836 585 0 799 431 734 707 552 456 957 424 642 747 414 703 828 596 775 635 304
539 610 588 764 807 873 360 207 326 790 258 908 604 152 477 227 920 464 438 747 395 145 946 707 789 314 600 89 504 744 318 669 690 678 612 353 801 537 462 518 492 784 975 942 1022 618 523 814 568 223 980 741 662 546 560 196 490 361 693 259 842 0 426 381 563 886 591 989 402 674 957 456 522 674 264 917 886 579
945 443 665 383 749 854 396 377 288 409 655 540 640 299 322 633 972 870 835 366 801 307 998 539 421 339 446 367 102 376 716 301 308 310 999 759 743 573 840 912 450 402 1028 775 1074 711 368 446 974 254 1032 360 644 391 393 292 417 768 920 368 474 426 0 787 790 541 540 1041 508 460 831 53 787 912 189 859 719 177
190 545 520 711 678 571 720 472 531 843 192 843 965 513 838 183 617 115 333 739 109 505 644 633 723 507 961 450 740 679 253 603 798 612 263 173 672 898 112 249 637 725 673 877 720 480 884 748 220 584 678 744 524 907 494 557 425 181 390 452 777 381 787 0 425 938 526 686 337 1028 828 800 384 337 625 787 820 690
364 370 172 684 330 356 902 632 690 816 327 816 1147 694 1009 365 402 335 151 712 502 687 429 285 696 666 1076 632 713 652 332 576 771 585 313 470 324 1080 511 199 610 698 458 539 505 132 1055 721 302 766 463 717 176 1077 449 739 405 478 175 611 750 563 790 425 0 911 284 471 369 1001 480 773 74 167 796 439 593 663
1207 734 889 409 879 984 855 837 748 297 965 571 1100 758 437 976 1102 1177 994 392 1122 767 1093 705 452 799 310 826 463 447 1026 592 334 535 1188 1081 873 1032 1195 1042 741 429 1066 680 1030 849 392 477 1177 713 1139 386 773 369 672 752 708 1089 1050 827 505 886 541 1109 920 0 832 1081 800 235 736 523 917 1042 649 847 624 480
570 268 252 434 243 348 771 480 538 565 382 565 1016 563 791 393 465 541 358 461 539 556 492 198 446 514 826 608 463 401 443 326 521 335 552 498 237 948 612 405 360 448 521 452 568 213 837 471 540 634 526 466 137 860 217 607 148 506 414 459 499 591 540 526 284 661 0 535 216 751 392 522 281 406 643 352 506 413
625 621 590 935 337 215 1279 988 1046 1066 754 1066 1524 1071 1292 791 87 596 577 962 763 1064 62 536 947 1022 1326 1058 963 902 759 827 1021 836 527 827 331 1456 726 527 861 948 36 522 83 551 1338 972 515 1143 108 967 475 1361 700 1115 656 835 323 967 1000 989 1041 686 471 1081 535 0 725 1252 578 1023 500 380 1152 549 502 914
495 236 213 402 433 538 582 291 349 533 193 534 827 374 667 204 655 419 373 430 350 367 682 332 414 325 791 419 431 370 254 294 489 303 567 309 427 759 423 454 328 416 711 568 758 259 713 439 524 445 716 435 327 736 185 418 116 317 499 270 468 402 508 337 369 629 216 725 0 719 582 491 365 491 454 542 511 381
1186 654 876 328 960 1065 643 625 536 354 885 491 888 546 225 880 1182 1111 1065 311 1042 555 1209 750 371 587 98 614 382 366 945 511 254 454 1246 1000 954 820 1087 1122 661 348 1238 876 1226 922 180 396 1215 501 1243 305 854 157 603 540 628 1008 1131 615 424 674 460 1028 1001 235 751 1252 719 0 932 442 997 1123 437 1043 820 399
766 478 448 713 298 403 1137 845 865 743 730 844 1382 929 1070 759 520 737 553 740 904 922 547 394 725 820 1007 973 741 680 735 559 799 614 747 864 292 1314 914 601 651 726 563 82 527 408 1089 750 736 998 581 745 333 1065 457 973 513 872 581 825 778 957 819 828 480 736 392 578 582 932 0 801 476 601 971 134 157 692
958 425 647 365 731 837 425 407 318 391 656 523 670 328 352 662 954 882 836 348 813 336 980 522 403 369 475 396 84 359 717 283 290 292 1028 772 725 602 869 894 432 385 1010 757 1056 694 398 428 987 283 1014 342 626 420 375 322 399 780 903 397 457 456 53 800 773 523 522 1023 491 442 813 0 769 894 218 841 701 159
323 366 168 681 326 384 861 593 651 812 286 812 1106 653 970 324 431 293 110 708 460 646 457 282 693 628 1072 591 709 648 291 573 767 582 342 428 320 1038 470 158 607 694 486 535 533 129 1016 717 330 725 491 713 172 1039 446 698 402 437 204 572 746 522 787 384 74 908 281 500 365 997 476 769 0 195 757 436 590 660
275 492 293 806 386 265 1014 746 804 937 439 937 1259 806 1122 476 311 246 262 833 413 799 338 407 818 780 1198 743 835 773 444 698 892 707 177 477 380 1191 377 178 732 819 367 661 414 254 1168 843 166 877 372 838 298 1191 571 850 527 485 84 725 871 674 912 337 167 1033 406 380 491 1123 601 894 195 0 909 561 715 785
783 583 640 527 860 965 233 215 126 553 493 689 478 136 240 471 1082 708 673 510 639 145 1109 679 570 177 363 205 267 542 554 466 453 475 837 597 854 411 677 754 355 547 1138 915 1185 686 286 595 812 91 1143 504 754 309 532 130 543 605 926 206 623 264 189 625 796 649 643 1152 454 437 971 218 757 909 0 969 859 342
726 438 408 752 258 363 1097 805 864 855 690 884 1342 889 1110 719 480 697 513 780 864 882 507 354 764 840 1118 933 781 720 695 644 839 653 707 824 252 1274 874 561 678 766 536 193 583 368 1156 789 696 960 541 785 293 1177 517 933 473 832 541 785 818 917 859 787 439 847 352 549 542 1043 134 841 436 561 969 0 268 731
880 428 562 601 432 537 1028 774 753 631 677 732 1273 858 958 688 539 850 667 628 834 851 514 378 613 708 895 902 629 568 738 447 687 502 861 793 426 1205 907 715 539 614 487 101 451 522 977 637 850 886 560 633 446 953 345 902 420 801 715 754 666 886 707 820 593 624 506 502 511 820 157 689 590 715 859 268 0 580
848 316 538 282 622 727 549 530 441 348 547 413 793 452 428 558 845 773 727 304 704 460 871 412 294 492 474 520 100 249 608 174 247 183 921 663 616 726 777 785 323 295 900 648 947 584 474 319 877 407 905 299 516 497 266 445 290 671 793 521 347 579 177 690 663 480 413 914 381 399 704 159 660 785 342 731 592 0
EOF