NAME : tsp_problem
TYPE : TSP
DIMENSION : 54
EDGE_WEIGHT_TYPE : EXPLICIT
EDGE_WEIGHT_FORMAT : FULL_MATRIX
EDGE_WEIGHT_SECTION
0 702 407 521 646 642 767 573 101 705 652 968 719 434 468 744 953 786 239 702 448 915 143 378 762 443 942 649 531 338 270 603 830 574 419 471 994 584 454 809 1026 559 779 279 601 883 571 695 727 222 521 1009 477 415
758 0 551 264 195 926 341 1259 722 1259 671 1294 657 578 1089 762 1350 336 569 870 1069 972 764 522 929 778 1218 1197 1143 632 891 623 594 1186 754 1094 1210 995 1066 573 1084 878 1055 717 620 1160 859 1106 895 691 598 1259 452 853
407 551 0 315 439 522 391 908 371 855 256 890 333 58 738 359 947 448 218 466 718 678 413 50 525 426 814 793 792 281 540 207 455 835 403 743 866 591 715 434 790 474 652 366 205 756 455 702 491 340 125 881 271 501
521 264 315 0 152 779 297 1023 485 1079 513 1147 590 342 853 615 1203 293 332 723 833 929 527 286 782 541 1071 1017 907 396 655 464 551 950 518 858 1123 785 830 530 1041 730 908 481 462 1013 712 896 748 455 429 1138 216 616
646 195 439 152 0 755 170 1148 610 1088 500 1123 486 466 977 591 1180 165 457 699 957 802 652 410 758 666 1047 1026 1031 520 779 452 423 1075 643 983 1039 825 955 402 913 707 885 605 450 989 688 935 724 580 427 1088 340 741
642 926 522 779 755 0 619 607 588 364 295 399 294 501 471 320 455 675 593 227 451 337 528 561 266 797 323 302 404 480 436 349 548 360 774 477 375 236 437 527 550 118 160 396 372 264 99 290 252 458 422 390 590 264
767 341 391 297 170 619 0 1094 731 952 364 987 350 370 924 455 1043 90 578 563 904 727 773 430 622 786 911 890 966 641 888 315 287 948 763 929 963 688 890 266 838 570 748 726 313 853 552 799 588 700 291 978 316 717
573 1204 908 1023 1148 607 1094 0 576 354 770 522 770 936 344 795 507 1150 741 656 324 672 516 879 600 944 658 349 279 671 424 824 1023 274 921 244 710 571 361 1002 927 558 495 587 847 599 570 457 633 649 897 725 979 455
101 667 371 485 610 588 731 576 0 642 616 924 683 398 406 708 910 751 203 648 385 860 80 342 707 407 887 587 468 302 208 567 794 511 384 411 940 529 391 773 972 505 725 244 565 829 516 640 673 186 485 955 442 379
705 1259 855 1079 1088 364 952 354 642 0 628 313 627 834 526 653 298 1008 808 412 506 429 582 894 357 1011 414 105 201 715 491 682 881 157 988 472 466 327 283 860 683 447 252 631 705 356 440 213 390 693 755 481 923 500
652 671 256 513 500 295 364 770 616 628 0 664 106 235 600 132 720 420 463 239 580 451 656 295 298 672 587 567 642 444 565 83 360 624 648 605 640 365 566 339 563 247 425 499 106 529 228 476 264 535 156 654 324 393
968 1294 890 1147 1123 399 987 522 924 313 664 0 663 869 739 689 111 1044 969 447 719 464 864 929 392 1173 309 387 483 856 773 717 917 439 1149 639 361 531 565 896 623 494 256 772 741 230 475 417 425 834 790 376 958 640
719 657 333 590 486 294 350 770 683 627 106 663 0 312 600 131 719 406 540 238 580 451 656 372 298 749 587 566 642 443 564 160 279 624 726 605 639 364 565 258 562 246 424 498 183 528 228 475 263 534 233 654 401 392
434 578 58 342 466 501 370 936 398 834 235 869 312 0 765 337 925 427 245 445 745 657 440 77 504 454 793 772 819 308 567 186 434 830 431 771 845 570 743 413 768 452 630 393 184 734 434 681 470 368 104 860 298 529
468 1034 738 853 977 471 924 344 406 526 600 739 600 765 0 625 724 980 571 532 32 744 346 709 591 774 771 470 352 501 254 654 853 395 751 179 823 413 275 832 856 388 609 417 677 713 400 524 557 479 727 838 809 285
744 763 359 615 592 320 455 795 708 653 132 689 131 337 625 0 745 512 565 264 605 476 681 398 323 774 612 592 667 469 590 185 385 649 751 630 665 390 591 364 588 272 450 524 209 554 253 501 289 560 258 679 426 418
953 1350 947 1203 1180 455 1043 507 910 298 720 111 719 925 724 745 0 1100 1025 504 704 520 850 985 448 1229 365 372 469 912 758 773 973 425 1206 624 418 587 550 952 670 550 312 828 797 286 532 473 481 890 846 432 1014 696
786 336 448 293 165 675 90 1150 751 1008 420 1044 406 427 980 511 1100 0 597 619 960 714 792 487 678 806 967 947 1023 661 920 372 343 1005 783 985 951 745 946 322 825 627 805 746 370 909 608 856 644 720 348 1000 372 773
239 519 218 332 457 593 578 741 203 808 463 969 540 245 571 565 1025 597 0 610 551 823 245 189 670 259 893 752 633 182 373 414 641 677 236 576 945 535 557 620 934 510 730 231 412 835 522 646 635 173 332 960 288 366
702 870 466 723 699 227 563 656 648 412 239 447 238 445 532 264 504 619 610 0 512 256 588 505 82 819 371 350 452 461 496 293 492 408 796 537 423 296 498 471 476 178 209 456 316 313 160 338 48 518 366 438 533 325
448 1014 718 833 957 451 904 324 385 506 580 719 580 745 32 605 704 960 551 512 0 724 325 689 571 754 751 450 332 481 234 634 833 375 731 159 803 393 255 812 835 368 588 397 657 693 380 504 537 459 707 818 789 265
915 972 666 923 802 337 727 672 860 429 439 464 439 645 744 325 520 714 823 256 724 0 800 705 201 1031 388 367 469 673 709 493 542 425 1008 749 408 469 551 568 282 391 225 669 517 329 372 355 234 731 566 455 734 537
143 708 413 527 652 528 773 516 80 582 656 864 656 440 346 681 850 792 245 588 325 800 0 383 647 449 827 527 408 344 148 609 836 451 425 351 880 469 331 815 912 445 665 285 607 769 456 580 613 228 526 895 483 341
378 522 50 286 410 561 430 879 342 894 295 929 372 77 709 398 985 487 189 505 689 717 383 0 564 397 853 832 763 252 511 246 494 806 374 714 905 630 686 473 829 513 690 337 244 795 494 741 530 311 164 920 242 472
762 929 525 782 758 266 622 600 707 357 298 392 298 504 591 323 448 678 670 82 571 201 647 564 0 878 316 295 397 520 556 352 551 353 855 596 368 356 479 530 456 238 153 516 375 258 219 283 75 578 425 383 593 384
915 292 708 421 353 1083 498 1417 879 1416 828 1452 814 736 1247 919 1508 493 726 1027 1227 1130 921 679 1086 0 1375 1355 1300 789 1049 780 751 1344 912 1252 1367 1153 1224 730 1241 1035 1213 874 778 1317 1016 1264 1052 849 756 1416 610 1010
942 1218 814 1071 1047 323 911 658 887 414 587 309 587 793 771 605 365 967 893 371 751 388 827 853 316 1096 0 353 455 780 736 641 822 411 1073 775 72 455 536 819 334 418 179 696 664 174 399 340 349 758 714 92 882 564
649 1197 793 1017 1026 302 890 349 587 105 567 387 566 772 470 592 372 947 752 350 450 367 527 832 295 955 353 0 146 654 435 620 820 102 932 466 405 266 227 798 622 385 190 570 644 294 378 152 328 632 693 420 861 438
531 1096 792 907 1031 404 966 279 468 201 642 483 642 819 352 667 469 1023 633 452 332 469 408 763 397 837 455 146 0 543 316 696 895 70 813 357 507 368 109 874 724 431 292 459 720 396 442 254 430 521 769 522 863 327
338 632 281 396 520 480 641 671 302 715 444 856 443 308 501 469 912 661 182 461 481 673 344 252 520 391 780 654 543 0 466 478 697 587 368 506 832 422 467 676 785 397 617 117 475 721 408 533 486 154 395 847 352 253
270 836 540 655 779 436 888 424 208 491 565 773 564 567 254 590 758 920 373 496 234 709 148 511 556 576 736 435 316 466 0 618 818 360 553 259 788 377 240 797 820 353 573 381 642 677 364 488 521 355 654 803 611 250
603 623 207 464 452 349 315 824 567 682 83 717 160 186 654 185 773 372 414 293 634 505 609 246 352 623 641 620 696 478 618 0 379 678 600 659 693 418 620 358 616 300 478 552 58 582 282 529 318 537 107 708 275 447
830 594 455 551 423 548 287 1023 794 881 360 917 279 434 853 384 973 343 641 492 833 542 836 494 551 850 822 820 895 697 818 379 0 877 827 858 780 618 819 48 654 500 678 752 377 782 481 729 517 764 355 829 379 646
574 1140 835 950 1075 360 948 274 511 157 624 439 624 830 395 649 425 1005 677 408 375 425 451 806 353 880 411 102 70 587 360 678 877 0 857 391 463 324 152 856 680 443 248 502 702 352 436 210 386 565 751 478 906 371
938 315 732 445 376 1106 521 1440 902 1439 852 1475 838 759 1270 943 1531 516 749 1050 1250 1153 944 703 1110 958 1399 1378 1324 813 1072 803 774 1367 0 1275 1390 1176 1247 753 1265 1058 1236 898 801 1340 1040 1287 1075 872 779 1440 633 1033
471 1039 743 858 983 477 929 244 411 472 605 639 605 771 179 630 624 985 576 537 159 749 351 714 596 779 775 466 357 506 259 659 858 391 756 0 827 418 280 837 861 394 612 422 682 717 405 529 562 484 732 842 814 290
994 1210 866 1123 1039 375 963 710 940 466 640 361 639 845 823 562 418 951 945 423 803 408 880 905 368 1149 72 405 507 832 788 693 780 463 1125 827 0 507 589 806 291 470 232 748 717 227 451 393 401 810 766 79 934 616
584 995 591 785 825 236 688 571 529 327 365 531 364 570 413 390 587 745 535 296 393 469 469 630 356 738 455 266 368 422 377 418 618 324 715 418 507 0 379 597 620 153 292 337 442 396 164 145 321 400 491 522 659 206
454 1020 715 830 955 437 890 361 391 283 566 565 565 743 275 591 550 946 557 498 255 551 331 686 479 760 536 227 109 467 240 620 819 152 737 280 589 379 0 798 805 354 374 383 643 478 366 335 512 445 693 603 786 251
809 573 434 530 402 527 266 1002 773 860 339 896 258 413 832 363 952 322 620 471 812 568 815 473 530 829 819 798 874 676 797 358 48 856 806 837 806 597 798 0 680 479 657 731 356 761 460 707 496 743 334 855 358 625
1026 1084 778 1035 913 550 838 927 972 683 551 623 550 757 856 436 670 825 934 476 835 282 912 817 456 1143 334 622 724 785 820 605 654 680 1120 861 291 620 805 680 0 502 480 780 628 488 484 610 489 842 678 340 846 648
559 878 474 730 707 118 570 558 505 447 247 494 246 452 388 272 550 627 510 178 368 391 445 513 238 714 418 385 431 397 353 300 500 443 690 394 470 153 354 479 502 0 255 313 324 359 46 264 203 375 373 485 541 181
779 1055 652 908 885 160 748 495 725 252 425 256 424 630 609 450 312 805 730 209 588 225 665 690 153 934 179 190 292 617 573 478 678 248 911 612 232 292 374 657 480 255 0 533 502 121 237 178 186 595 551 246 719 401
279 694 366 481 605 396 726 587 244 631 499 772 498 393 417 524 828 746 231 456 397 669 285 337 516 434 696 570 459 117 381 552 752 502 411 422 748 337 383 731 780 313 533 0 560 637 324 448 481 95 480 763 437 169
601 620 205 462 450 372 313 847 565 705 106 741 183 184 677 209 797 370 412 316 657 528 607 244 375 621 664 644 720 475 642 58 377 702 598 682 717 442 643 356 640 324 502 560 0 606 305 553 341 535 105 731 273 470
883 1160 756 1013 989 264 853 599 829 356 529 230 528 734 713 554 286 909 835 313 693 329 769 795 258 1038 174 294 396 721 677 582 782 352 1015 717 227 396 478 761 488 359 121 637 606 0 341 282 290 699 655 241 823 505
571 859 455 712 688 99 552 570 516 440 228 475 228 434 400 253 532 608 522 160 380 372 456 494 219 725 399 378 442 408 364 282 481 436 702 405 451 164 366 460 484 46 237 324 305 341 0 275 185 386 355 466 523 193
695 1106 702 896 935 290 799 457 640 213 476 417 475 681 524 501 473 856 646 338 504 355 580 741 283 849 340 152 254 533 488 529 729 210 826 529 393 145 335 707 610 264 178 448 553 282 275 0 316 511 602 408 770 317
727 895 491 748 724 252 588 633 673 390 264 425 263 470 557 289 481 644 635 48 537 234 613 530 75 844 349 328 430 486 521 318 517 386 821 562 401 321 512 496 489 203 186 481 341 290 185 316 0 543 391 416 558 350
222 636 340 455 580 458 700 649 186 693 535 834 534 368 479 560 890 720 173 518 459 731 228 311 578 376 758 632 521 154 355 537 764 565 353 484 810 400 445 743 842 375 595 95 535 699 386 511 543 0 454 825 411 231
521 598 125 429 427 422 291 897 485 755 156 790 233 104 727 258 846 348 332 366 707 578 526 164 425 540 714 693 769 395 654 107 355 751 517 732 766 491 693 334 689 373 551 480 105 655 355 602 391 454 0 781 251 520
1009 1259 881 1138 1088 390 978 725 955 481 654 376 654 860 838 611 432 1000 960 438 818 455 895 920 383 1164 92 420 522 847 803 708 829 478 1140 842 79 522 603 855 340 485 246 763 731 241 466 408 416 825 781 0 949 631
477 452 271 216 340 590 316 979 442 923 324 958 401 298 809 426 1014 372 288 533 789 746 483 242 593 497 882 861 863 352 611 275 379 906 474 814 934 659 786 358 857 541 719 437 273 823 523 770 558 411 251 949 0 572
415 829 501 616 741 264 717 455 379 500 393 640 392 529 285 418 696 773 366 325 265 537 341 472 384 570 564 438 327 253 250 447 646 371 546 290 616 206 251 625 648 181 401 169 470 505 193 317 350 231 520 631 572 0
EOF