NAME : tsp_problem
TYPE : TSP
DIMENSION : 68
EDGE_WEIGHT_TYPE : EXPLICIT
EDGE_WEIGHT_FORMAT : FULL_MATRIX
EDGE_WEIGHT_SECTION
0 578 431 430 755 448 631 381 528 408 614 382 251 526 500 585 420 764 370 615 312 555 577 468 651 550 731 727 311 319 309 73 536 568 561 721 378 631 342 559 133 737 928 127 276 617 577 334 589 569 451 250 510 704 913 407 712 256 553 555 441 413 654 528 533 234 526 573
578 0 317 717 641 735 793 667 200 410 299 678 407 81 684 580 313 759 666 493 316 240 505 755 646 712 617 290 291 606 605 549 422 729 723 716 264 444 294 554 551 623 923 507 563 717 463 621 689 669 582 376 396 590 908 410 363 376 548 842 443 700 293 213 218 384 662 673
431 317 0 570 476 442 993 520 462 263 353 549 607 343 389 286 575 465 537 744 578 294 756 608 351 912 451 541 144 459 588 473 128 929 923 421 99 695 232 259 404 458 628 360 416 423 168 474 394 374 295 229 101 425 614 263 614 576 253 648 252 553 393 267 272 323 367 378
430 717 570 0 894 292 986 201 862 546 753 345 606 743 319 595 807 500 332 1002 700 694 965 121 661 906 869 941 450 275 384 472 607 923 917 731 517 1018 632 569 403 876 654 359 232 371 607 290 407 390 437 389 608 842 640 546 1014 624 563 143 562 129 792 666 671 633 345 394
755 629 476 894 0 714 1317 844 774 554 665 873 931 655 660 461 887 640 860 958 890 402 971 932 368 1236 140 853 468 783 912 797 440 1253 1247 323 401 910 556 454 728 147 648 684 740 694 380 798 666 646 566 553 441 103 568 560 828 900 460 920 524 877 705 579 430 647 639 650
448 735 442 292 714 0 1024 354 880 357 771 383 645 761 83 359 837 429 371 1031 729 712 994 395 425 944 674 959 468 147 422 490 371 961 955 494 519 1048 650 333 421 680 583 377 189 202 371 132 174 154 201 407 372 662 569 362 1032 662 327 262 326 387 811 685 690 651 109 158
767 645 896 1154 1110 1183 0 1104 547 989 573 863 592 602 1235 1159 439 1338 851 178 475 762 220 1105 1225 897 1085 388 870 1054 790 734 1001 914 908 1268 843 224 872 1133 794 1092 1501 840 1011 1296 1041 1069 1267 1247 1160 955 974 1058 1487 988 305 561 1126 1278 1022 1137 539 663 760 782 1241 1252
381 667 520 201 844 354 936 0 812 497 703 295 557 693 406 674 758 683 283 952 650 644 915 239 740 856 819 891 400 225 334 422 625 873 867 809 467 969 582 648 353 826 837 309 182 525 666 240 497 477 524 339 599 792 823 496 964 574 642 326 530 184 743 617 622 583 432 481
528 200 462 862 786 880 739 812 0 555 262 625 354 158 829 725 136 904 612 395 237 385 358 867 791 658 762 223 436 751 551 495 567 676 669 861 409 378 439 699 555 768 1068 601 708 862 608 766 834 814 727 521 541 735 1053 555 297 323 693 987 588 845 227 351 363 529 807 818
408 410 263 546 554 357 1007 497 555 0 446 525 627 436 303 200 668 379 513 837 671 387 849 584 265 926 514 634 143 435 564 449 212 944 937 335 210 788 325 173 381 520 542 336 392 337 211 451 308 288 209 206 213 503 528 44 707 632 167 562 78 529 485 359 364 415 282 292
614 299 353 753 668 771 977 703 262 446 0 732 591 286 719 616 374 795 719 421 475 219 434 790 682 896 644 218 327 642 771 604 458 914 907 751 300 373 329 590 587 650 958 542 598 753 498 657 724 704 617 412 431 617 944 445 292 561 583 877 479 736 88 120 217 420 698 709
382 678 549 345 873 383 696 295 625 525 732 0 316 623 435 703 517 781 23 712 409 673 674 383 769 615 848 824 429 254 93 335 654 632 626 838 496 728 611 677 382 855 935 338 211 554 695 269 526 506 553 368 627 821 921 525 809 333 671 470 558 328 772 646 651 511 461 510
251 407 607 606 931 645 430 557 354 627 591 316 0 352 696 805 246 984 303 440 138 593 403 558 870 349 906 553 531 515 242 203 712 367 360 940 554 457 410 778 278 913 1147 324 472 816 753 531 787 767 670 469 686 879 1133 627 538 62 772 731 660 589 557 565 570 303 723 771
526 81 343 743 667 761 737 693 158 436 286 623 352 0 710 606 270 785 610 451 260 266 463 781 672 656 643 247 317 632 549 494 448 674 668 742 290 402 320 580 553 649 949 533 589 743 489 647 715 695 608 402 422 616 934 436 321 321 574 868 469 726 251 239 244 410 688 699
500 684 389 319 660 83 1076 406 829 303 719 435 696 710 0 306 889 375 423 1083 781 660 1046 422 371 996 620 907 424 199 474 542 318 1013 1007 441 466 1062 598 279 473 626 530 429 241 149 317 184 120 100 147 385 319 609 515 309 980 714 273 289 272 430 759 633 638 689 71 104
585 580 286 595 461 359 1185 674 725 200 616 703 805 606 306 0 838 201 691 1007 841 557 1019 698 128 1104 376 804 321 475 742 627 215 1121 1115 197 362 958 495 55 558 383 364 514 517 340 214 460 311 291 212 383 216 409 350 206 877 810 61 565 169 706 656 530 535 586 284 295
420 313 575 807 899 837 631 758 136 668 374 517 246 270 889 838 0 1017 504 287 129 498 250 759 904 550 874 336 549 708 443 388 680 568 562 973 522 303 543 812 447 880 1181 493 664 975 720 723 946 926 839 634 653 847 1166 667 384 215 806 932 701 790 340 463 476 435 915 931
764 759 465 500 640 429 1364 683 904 379 795 781 984 785 375 201 1017 0 768 1186 1020 736 1198 602 307 1283 555 983 500 544 820 806 393 1300 1294 376 541 1137 674 234 737 561 191 693 587 262 393 530 298 320 391 562 394 588 177 385 1056 989 240 469 348 610 835 709 714 765 354 317
370 666 537 332 860 371 683 283 612 513 719 23 303 610 423 691 504 768 0 699 397 660 662 370 756 602 836 812 417 242 81 322 641 620 614 826 484 715 598 664 370 842 923 325 198 542 682 257 513 493 540 355 615 809 908 512 796 321 658 457 546 316 759 633 638 498 449 497
615 493 744 1002 958 1031 826 952 395 837 421 712 440 451 1083 1007 287 1186 699 0 323 610 68 953 1073 745 933 236 718 902 638 582 849 762 756 1116 691 72 720 981 642 940 1349 688 859 1144 889 917 1115 1095 1008 803 822 907 1335 836 153 409 974 1126 870 985 387 511 608 630 1089 1100
312 316 578 700 902 729 523 650 237 671 475 409 138 260 781 841 129 1020 397 323 0 501 286 651 907 443 877 436 552 600 336 280 683 460 454 976 525 340 435 815 339 884 1184 386 557 898 724 615 870 850 732 531 656 850 1169 670 421 107 809 824 704 683 440 474 479 328 807 854
555 240 294 694 618 712 978 644 385 387 276 673 593 266 660 557 498 736 660 667 501 0 679 731 623 897 593 464 268 583 712 545 399 915 909 692 241 618 270 531 528 600 900 484 539 694 439 598 666 646 558 353 372 566 885 386 537 562 525 818 420 677 316 190 76 361 639 650
577 505 756 965 971 994 789 915 358 849 434 674 403 463 1046 1019 250 1198 662 68 286 623 0 916 1085 708 946 248 730 865 601 545 861 725 719 1128 703 84 700 993 605 952 1362 651 822 1156 902 880 1128 1108 997 796 835 919 1347 849 165 372 987 1089 882 948 399 523 621 593 1072 1112
468 755 608 121 932 395 937 239 867 584 790 383 558 781 422 698 759 602 370 953 651 731 916 0 764 857 907 978 488 313 364 510 710 874 868 833 555 970 669 672 441 913 757 397 269 474 710 328 510 492 539 426 686 880 742 584 1051 575 665 245 617 166 830 704 709 671 448 497
651 646 351 661 368 425 1250 740 791 265 682 769 870 672 371 128 904 307 756 1073 907 605 1085 764 0 1170 283 870 386 541 808 693 280 1187 1181 104 428 1024 561 120 624 290 470 580 583 405 280 526 377 357 277 449 281 316 456 271 943 876 126 631 235 771 721 595 600 651 350 361
860 738 990 1248 1204 1277 168 1198 640 1082 667 957 686 696 1329 1253 532 1432 945 272 569 856 314 1199 1318 0 1179 481 964 1148 884 828 1095 105 21 1362 937 318 966 1226 887 1186 1595 933 1105 1390 1135 1163 1361 1341 1254 1049 1068 1152 1581 1082 399 655 1220 1372 1115 1231 632 756 854 876 1334 1345
731 605 451 869 140 674 1292 819 750 514 640 848 906 631 620 376 862 555 836 933 865 378 946 907 283 1211 0 828 443 758 887 772 415 1229 1222 238 376 885 531 369 703 62 535 659 715 654 355 773 625 605 526 528 416 89 455 520 804 876 375 879 483 852 680 554 405 622 599 609
727 290 541 941 856 959 939 891 223 634 218 824 553 247 907 804 336 983 812 236 436 407 248 978 870 858 832 0 515 830 751 695 646 875 869 939 488 187 517 778 755 838 1146 730 786 941 686 845 912 892 805 600 619 805 1132 633 106 522 771 1065 667 924 184 308 405 608 886 897
311 291 144 450 468 468 911 400 436 143 327 429 531 317 424 321 549 500 417 718 552 268 730 488 386 830 443 515 0 339 468 353 249 847 841 456 91 669 206 294 284 450 663 240 296 458 290 354 429 409 315 109 223 417 649 143 588 536 288 575 176 433 367 241 246 297 403 413
319 606 459 275 783 147 895 225 751 435 642 254 515 632 199 475 708 544 242 902 600 583 865 313 541 815 758 830 339 0 293 361 487 832 826 610 406 919 521 449 292 765 699 248 60 318 487 107 289 270 316 277 488 731 685 435 903 533 443 378 442 258 681 555 560 522 225 274
309 605 588 384 912 422 622 334 551 564 771 93 242 549 474 742 443 820 81 638 336 712 601 364 808 542 887 751 468 293 0 261 693 559 553 877 535 654 545 716 336 893 974 377 250 593 733 308 565 545 591 406 666 860 960 564 735 260 709 508 597 367 755 684 689 437 500 549
73 549 473 472 797 490 583 422 495 449 604 335 203 494 542 627 388 806 322 582 280 545 545 510 693 503 772 695 353 361 261 0 578 520 514 762 420 598 310 601 100 778 969 146 317 659 618 376 630 610 493 291 551 745 955 449 680 221 594 596 482 455 644 518 523 202 568 614
536 422 128 607 440 371 1098 625 567 212 458 654 712 448 318 215 680 393 641 849 683 399 861 710 280 1017 415 646 249 487 693 578 0 1034 1028 350 204 800 337 188 509 421 557 465 520 351 97 472 323 303 224 334 76 388 542 218 719 681 182 577 181 658 498 372 377 428 296 307
792 670 922 1180 1136 1209 100 1130 572 1014 599 889 618 628 1261 1185 464 1364 877 204 501 788 246 1131 1250 923 1111 413 896 1080 816 760 1027 0 934 1294 869 250 898 1158 819 1117 1527 865 1037 1322 1067 1095 1293 1273 1186 981 1000 1084 1513 1014 331 587 1152 1304 1047 1163 564 688 786 808 1266 1277
872 750 1001 1259 1215 1288 180 1209 652 1094 678 968 697 707 1340 1264 544 1443 956 283 580 867 325 1210 1329 21 1190 493 975 1159 895 839 1106 116 0 1373 948 329 977 1238 899 1197 1606 945 1116 1401 1146 1174 1372 1352 1265 1060 1079 1163 1592 1093 410 666 1231 1383 1127 1242 644 768 865 887 1346 1357
721 716 421 731 323 494 1320 809 861 335 751 838 940 742 441 197 973 376 826 1116 976 560 1128 833 104 1239 238 939 456 610 877 762 350 1257 1250 0 498 1067 630 190 693 244 540 649 653 475 349 595 446 426 347 518 351 271 525 341 986 945 196 700 304 841 791 665 587 721 419 430
378 264 99 517 401 519 940 467 409 210 300 496 554 290 466 362 522 541 484 691 525 236 703 555 428 859 376 488 91 406 535 420 204 876 870 498 0 642 179 336 351 382 705 307 363 499 245 421 471 451 372 176 178 349 690 210 561 524 330 642 243 500 340 214 219 270 444 455
631 444 695 1018 910 1048 842 969 378 788 373 728 457 402 1062 958 303 1137 715 72 340 562 84 970 1024 761 885 187 669 919 654 598 800 779 772 1067 642 0 671 932 658 891 1301 704 875 1095 841 934 1067 1047 960 754 774 858 1286 788 105 426 926 1143 821 1001 338 462 560 646 1040 1051
342 294 232 632 556 650 796 582 439 325 329 611 410 320 598 495 543 674 598 720 435 270 700 669 561 715 531 517 206 521 545 310 337 732 726 630 179 671 0 469 369 538 838 415 477 632 377 536 603 584 496 291 310 504 823 324 590 379 463 756 358 615 369 243 248 126 577 588
559 554 259 569 454 333 1158 648 699 173 590 677 778 580 279 55 812 234 664 981 815 531 993 672 120 1078 369 778 294 449 716 601 188 1095 1089 190 336 932 469 0 532 375 397 488 491 313 188 434 285 265 185 357 189 402 383 179 851 784 46 539 143 679 629 503 508 559 258 269
133 551 404 403 728 421 658 353 555 381 587 382 278 553 473 558 447 737 370 642 339 528 605 441 624 577 703 755 284 292 336 100 509 595 588 693 351 658 369 532 0 710 901 100 249 590 550 307 562 542 424 223 483 676 886 380 739 283 526 528 414 386 627 501 506 261 499 546
737 611 458 876 147 680 1298 826 756 520 647 855 913 637 626 383 869 561 842 940 872 384 952 913 290 1217 62 835 450 765 893 778 421 1235 1229 244 382 891 538 375 710 0 544 665 721 660 362 780 632 612 532 535 422 95 465 526 810 882 381 886 490 859 686 560 411 628 605 616
928 923 628 654 648 583 1527 837 1068 542 958 935 1147 949 530 364 1181 191 923 1349 1184 886 1362 757 470 1446 535 1146 663 699 974 969 557 1464 1458 540 705 1301 838 397 901 544 0 856 741 417 557 684 453 475 554 726 558 597 117 548 1220 1153 403 624 512 765 998 872 877 928 508 471
127 507 360 359 684 377 704 309 601 336 542 338 324 533 429 514 493 693 325 688 386 484 651 397 580 623 659 730 240 248 377 146 465 641 634 649 307 704 415 488 100 665 856 0 204 546 505 263 517 497 380 178 438 632 842 336 785 329 481 483 369 342 582 456 461 308 455 501
276 563 416 232 740 189 852 182 708 392 598 211 472 589 241 517 664 587 198 859 557 539 822 269 583 771 715 786 296 60 250 317 520 789 782 653 363 875 477 491 249 721 741 204 0 360 529 75 332 312 359 234 494 688 727 391 859 490 485 356 425 215 638 512 517 479 267 316
617 717 423 371 694 202 1195 525 862 337 753 554 816 743 149 340 975 262 542 1144 898 694 1156 474 405 1115 654 941 458 318 593 659 351 1132 1126 475 499 1095 632 313 590 660 417 546 360 0 351 303 72 95 181 419 353 642 402 343 1014 833 307 341 306 482 793 667 672 723 127 91
577 463 168 607 380 371 1138 666 608 211 498 695 753 489 317 214 720 393 682 889 724 389 902 710 280 1057 355 686 290 487 733 618 97 1075 1069 349 245 841 377 188 550 362 557 505 529 351 0 472 323 303 223 375 98 328 542 217 760 722 182 577 181 698 538 412 416 468 296 307
334 621 474 290 798 132 911 240 766 451 657 269 531 647 184 460 723 530 257 917 615 598 880 328 526 830 773 845 354 107 308 376 472 847 841 595 421 934 536 434 307 780 684 263 75 303 472 0 275 255 302 293 473 746 670 450 918 548 428 363 427 273 697 571 576 537 210 259
589 689 394 407 666 174 1167 497 834 308 724 526 787 715 120 311 946 298 513 1115 870 666 1128 510 377 1086 625 912 429 289 565 630 323 1104 1097 446 471 1067 603 285 562 632 453 517 332 72 323 275 0 106 152 391 324 614 438 314 986 805 279 377 278 518 764 638 643 694 99 110
569 669 374 390 646 154 1147 477 814 288 704 506 767 695 100 291 926 320 493 1095 850 646 1108 492 357 1066 605 892 409 270 545 610 303 1084 1078 426 451 1047 584 265 542 612 475 497 312 95 303 255 106 0 132 371 304 594 461 294 966 785 259 360 258 500 744 618 623 674 79 90
451 582 295 437 566 201 1050 524 727 209 617 553 670 608 147 212 839 391 540 1008 732 558 997 539 277 970 526 805 315 316 591 493 224 987 981 347 372 960 496 185 424 532 554 380 359 181 223 302 152 132 0 253 225 515 540 215 878 676 179 406 178 547 657 531 536 587 126 136
250 376 229 389 553 407 849 339 521 206 412 368 469 402 385 383 634 562 355 803 531 353 796 426 449 768 528 600 109 277 406 291 334 786 780 518 176 754 291 357 223 535 726 178 234 419 375 293 391 371 253 0 308 502 711 205 673 475 351 513 239 372 452 326 331 382 364 375
510 396 101 608 441 372 1071 599 541 213 431 627 686 422 319 216 653 394 615 822 656 372 835 686 281 990 416 619 223 488 666 551 76 1008 1002 351 178 774 310 189 483 422 558 438 494 353 98 473 324 304 225 308 0 389 544 219 692 655 183 578 182 631 471 345 350 401 297 308
704 578 425 842 103 662 1265 792 723 503 613 821 879 604 609 409 835 588 809 907 838 351 919 880 316 1184 89 801 417 731 860 745 388 1202 1195 271 349 858 504 402 676 95 597 632 688 642 328 746 614 594 515 502 389 0 517 508 777 849 408 868 472 825 653 527 378 595 587 598
913 908 614 640 568 569 1513 823 1053 528 944 921 1133 934 515 350 1166 177 908 1335 1169 806 1347 742 456 1432 455 1132 649 685 960 955 542 1449 1443 525 690 1286 823 383 886 465 117 842 727 402 542 670 438 461 540 711 544 517 0 534 1205 1138 389 610 497 750 984 858 833 914 494 457
407 410 263 546 560 362 1007 496 555 44 445 525 627 436 309 206 667 385 512 836 670 386 849 584 271 926 520 633 143 435 564 449 218 943 937 341 210 788 324 179 380 526 548 336 391 343 217 450 314 294 215 205 219 508 534 0 706 632 173 568 77 529 485 359 364 415 287 298
712 363 614 1014 828 1032 923 964 297 707 292 809 538 321 980 877 384 1056 796 153 421 481 165 1051 943 842 804 106 588 903 735 680 719 860 854 986 561 105 590 851 739 810 1220 785 859 1014 760 918 986 966 878 673 692 777 1205 706 0 507 845 1138 740 997 257 381 479 681 959 970
256 376 576 624 900 662 447 574 323 632 561 333 62 321 714 810 215 989 321 409 107 562 372 575 876 367 876 522 536 533 260 221 681 384 378 945 524 426 379 784 283 882 1153 329 490 833 722 548 805 785 676 475 655 849 1138 632 507 0 778 748 666 607 526 535 540 272 740 789
553 548 253 563 460 327 1152 642 693 167 583 671 772 574 273 61 806 240 658 974 809 525 987 665 126 1071 375 771 288 443 709 594 182 1089 1083 196 330 926 463 46 526 381 403 481 485 307 182 428 279 259 179 351 183 408 389 173 845 778 0 533 137 673 623 497 502 553 252 263
555 842 648 143 920 262 1111 326 987 562 877 470 731 868 289 565 932 469 457 1126 824 818 1089 245 631 1030 879 1065 575 378 508 596 577 1047 1041 700 642 1143 756 539 528 886 624 483 356 341 577 363 377 360 406 513 578 868 610 568 1138 748 533 0 532 253 917 791 796 758 315 364
441 443 252 562 524 326 1040 530 588 78 479 558 660 469 272 169 701 348 546 870 704 420 882 617 235 959 483 667 176 442 597 482 181 977 971 304 243 821 358 143 414 490 512 369 425 306 181 427 278 258 178 239 182 472 497 77 740 666 137 532 0 562 519 393 398 448 251 262
413 700 553 129 877 387 969 184 845 529 736 328 589 726 430 706 790 610 316 985 683 677 948 166 771 889 852 924 433 258 367 455 658 906 900 841 500 1001 615 679 386 859 765 342 215 482 698 273 518 500 547 372 631 825 750 529 997 607 673 253 562 0 775 650 654 616 456 504
654 293 393 792 708 811 942 743 227 485 88 772 557 251 759 656 340 835 759 387 440 259 399 830 721 862 683 184 367 681 755 644 498 879 873 791 340 338 369 629 627 690 998 582 638 793 538 697 764 744 657 452 471 657 984 485 257 526 623 917 519 775 0 159 257 460 737 748
528 213 267 666 591 685 951 617 351 359 120 646 565 239 633 530 463 709 633 511 474 190 523 704 595 870 566 308 241 555 684 518 372 888 881 665 214 462 243 503 501 572 872 456 512 667 412 571 638 618 531 326 345 539 858 359 381 535 497 791 393 650 159 0 168 334 612 622
533 218 272 671 596 690 956 622 363 364 254 651 570 244 638 535 476 714 638 645 479 76 657 709 600 875 571 442 246 560 689 523 377 893 886 670 219 596 248 508 506 577 877 461 517 672 417 576 643 623 536 331 350 544 863 364 515 540 502 796 398 654 294 168 0 339 617 627
234 384 323 633 647 651 688 583 529 415 420 511 303 410 689 586 435 765 498 630 328 361 593 671 651 607 622 608 297 522 437 202 428 625 619 721 270 646 126 559 261 628 928 308 479 723 468 537 694 674 587 382 401 595 914 415 681 272 553 758 448 616 460 334 339 0 667 678
526 662 367 345 639 109 1103 432 807 282 698 461 723 688 71 284 915 354 449 1089 807 639 1072 448 350 1022 599 886 403 225 500 568 296 1039 1033 419 444 1040 577 258 499 605 508 455 267 127 296 210 99 79 126 364 297 587 494 287 959 740 252 315 251 456 737 612 617 667 0 83
573 673 378 394 650 158 1151 481 818 292 709 510 771 699 104 295 931 317 497 1100 854 650 1112 497 361 1070 609 897 413 274 549 614 307 1088 1082 430 455 1051 588 269 546 616 471 501 316 91 307 259 110 90 136 375 308 598 457 298 970 789 263 364 262 504 748 622 627 678 83 0
EOF