NAME : tsp_problem
TYPE : TSP
DIMENSION : 30
EDGE_WEIGHT_TYPE : EXPLICIT
EDGE_WEIGHT_FORMAT : FULL_MATRIX
EDGE_WEIGHT_SECTION
0 1067 1100 1199 600 551 1042 488 1502 910 481 989 1053 962 580 489 1171 595 132 549 984 428 780 1216 435 711 1223 1133 1001 838
1067 0 287 303 678 629 460 835 713 217 1052 96 399 446 510 837 126 861 1095 945 240 852 781 319 782 533 474 339 464 657
1100 287 0 479 711 662 299 869 552 250 943 258 237 285 543 870 186 737 1128 844 416 885 646 475 816 565 651 178 303 496
1199 303 479 0 739 762 704 968 958 361 1184 239 643 691 642 969 407 993 1227 1077 250 985 914 79 915 666 226 583 709 902
600 678 711 739 0 145 835 369 1185 521 585 600 774 675 191 370 783 454 628 478 596 386 679 763 316 431 747 810 721 669
551 629 662 762 145 0 786 320 1136 472 536 551 724 626 142 321 734 405 579 429 547 337 630 778 267 382 798 761 672 620
1042 460 299 704 835 786 0 883 535 533 669 534 86 207 666 885 360 472 1071 579 678 652 372 648 830 445 876 166 151 223
488 835 869 968 369 320 883 0 1271 678 613 758 822 731 348 50 940 482 516 506 753 414 728 984 106 480 981 902 770 717
1476 521 529 340 1024 1039 702 1245 0 638 1346 517 641 688 919 1247 420 1140 1505 1247 528 1262 1049 284 1192 943 511 581 707 900
910 217 250 361 521 472 533 678 786 0 894 139 471 519 352 680 322 704 938 788 298 695 624 377 625 376 532 411 537 614
481 1052 943 1184 585 536 669 613 1179 894 0 974 730 682 564 615 1004 295 509 215 969 237 361 1200 560 573 1290 810 721 466
989 96 258 239 600 551 534 758 787 139 974 0 473 520 432 759 200 783 1017 867 176 774 704 256 705 455 411 413 538 693
1053 399 237 643 774 724 86 822 473 471 730 473 0 145 605 823 298 532 1081 639 617 712 433 587 769 384 815 104 90 283
962 446 285 691 675 626 207 731 594 519 682 520 145 0 506 733 346 465 991 572 609 643 385 635 678 293 862 220 93 375
580 510 543 642 191 142 666 348 1016 352 564 432 605 506 0 350 614 433 608 457 427 365 511 659 295 263 748 642 553 501
489 837 870 969 370 321 885 50 1272 680 615 759 823 733 350 0 942 483 517 508 755 415 729 986 107 481 1008 903 771 719
1171 126 186 407 783 734 360 940 613 322 1004 200 298 346 614 942 0 797 1199 904 344 957 707 367 887 626 579 238 364 557
595 861 737 993 454 405 472 482 981 704 295 783 532 465 433 483 797 0 623 131 778 204 278 1010 429 370 1099 612 503 268
132 1095 1128 1227 628 579 1071 516 1530 938 509 1017 1081 991 608 517 1199 623 0 577 1012 456 808 1244 463 739 1319 1161 1029 867
549 945 844 1077 478 429 579 506 1088 788 215 867 639 572 457 508 904 131 577 0 862 229 360 1094 453 466 1183 719 610 375
984 240 416 250 596 547 678 753 931 298 969 176 617 609 427 755 344 778 1012 862 0 770 699 267 700 451 422 557 682 689
428 852 885 985 386 337 652 414 1161 695 237 774 712 643 365 415 957 204 456 229 770 0 459 1001 361 373 1091 793 681 448
780 781 646 914 679 630 372 728 882 624 361 704 433 385 511 729 707 278 808 360 699 459 0 930 675 290 1020 513 424 169
1216 319 475 79 763 778 648 984 902 377 1200 256 587 635 659 986 367 1010 1244 1094 267 1001 930 0 931 682 251 527 653 846
435 782 816 915 316 267 830 106 1218 625 560 705 769 678 295 107 887 429 463 453 700 361 675 931 0 427 1021 849 717 665
711 533 565 666 431 382 445 480 833 376 573 455 384 293 263 481 626 370 739 466 451 373 290 682 427 0 772 464 332 280
1146 398 574 149 670 721 799 904 1052 455 1222 334 738 785 737 931 502 1088 1242 1115 345 1023 1009 174 953 761 0 678 804 997
1133 339 178 583 810 761 166 902 419 411 810 413 104 220 642 903 238 612 1161 719 557 793 513 527 849 464 755 0 170 363
1001 464 303 709 721 672 151 770 539 537 721 538 90 93 553 771 364 503 1029 610 682 681 424 653 717 332 880 170 0 348
838 657 496 902 669 620 223 717 732 614 466 693 283 375 501 719 557 268 867 375 689 448 169 846 665 280 1010 363 348 0
EOF