NAME : tsp_problem
TYPE : TSP
DIMENSION : 82
EDGE_WEIGHT_TYPE : EXPLICIT
EDGE_WEIGHT_FORMAT : FULL_MATRIX
EDGE_WEIGHT_SECTION
0 600 710 401 458 235 570 722 581 321 626 774 483 219 805 234 744 197 697 624 520 597 255 214 364 753 681 673 274 1076 259 409 659 538 640 598 287 572 578 388 488 524 330 609 560 623 366 899 298 384 787 252 207 882 733 215 241 398 316 614 729 612 231 709 379 760 599 300 405 425 244 618 860 706 426 408 213 631 939 778 634 555
600 0 295 579 784 700 605 757 63 342 928 359 691 546 840 737 483 707 277 974 112 182 765 724 691 492 267 708 444 1111 769 629 694 573 942 615 614 899 904 715 523 289 313 645 595 658 407 934 625 314 379 672 534 918 768 542 695 725 826 649 984 1114 740 900 706 795 635 486 817 344 754 895 1083 764 750 628 540 216 975 813 670 591
710 295 0 746 894 817 679 831 277 451 1001 88 776 655 913 853 211 816 510 1083 222 145 875 834 801 221 103 781 554 980 878 745 767 647 1015 594 724 981 1014 824 609 398 422 718 668 731 516 910 735 424 107 788 643 787 785 652 811 835 936 722 1058 1224 850 973 816 869 708 595 927 453 863 968 1058 837 835 744 650 113 950 750 743 676
401 579 746 0 692 193 805 957 581 357 850 810 718 454 1040 229 888 296 517 838 556 633 470 314 599 898 717 907 508 1310 474 130 893 773 864 833 522 795 801 622 723 598 366 844 794 857 548 1134 533 619 829 164 442 1117 968 450 187 633 531 849 953 699 445 932 614 995 834 183 620 486 458 842 1083 929 660 129 448 667 1174 1013 869 790
458 784 894 692 0 527 513 413 766 695 190 838 144 274 555 526 773 488 999 253 704 781 411 506 107 782 866 332 382 854 415 700 343 481 204 627 201 136 142 162 325 553 666 431 503 398 474 570 188 493 816 543 282 705 617 268 533 173 316 433 294 528 408 273 154 374 417 675 231 534 385 183 424 270 87 700 281 815 530 662 370 240
235 700 817 193 527 0 639 791 688 428 684 878 552 288 874 63 813 131 639 673 627 704 304 148 433 823 788 742 343 1145 308 201 728 607 698 667 357 630 635 457 557 593 437 679 629 692 435 968 367 454 856 44 276 952 802 285 47 468 365 683 787 559 280 767 449 829 669 254 454 495 293 676 917 764 495 200 283 738 1009 847 703 625
570 605 690 805 513 639 0 303 586 621 513 629 390 440 264 638 564 601 820 692 525 602 659 618 501 574 687 292 338 535 663 813 278 157 508 418 508 492 530 557 223 344 592 229 150 243 430 358 519 321 607 656 428 342 193 437 645 568 720 234 530 956 635 446 549 341 219 765 659 490 648 479 507 348 450 812 434 636 399 237 254 290
722 757 843 957 413 791 303 0 739 773 251 782 536 592 168 791 716 753 972 499 677 754 657 770 498 726 839 168 491 504 661 965 154 310 231 571 592 299 337 513 375 496 744 167 324 134 583 262 579 473 759 808 580 355 230 589 798 511 561 169 253 773 654 169 530 64 153 917 476 643 631 312 383 223 478 964 587 788 302 275 129 442
581 63 277 581 766 688 586 739 0 323 909 341 672 527 821 724 464 688 278 955 94 164 746 705 672 474 248 689 426 1092 750 616 675 555 923 596 596 880 886 696 505 270 294 626 576 639 388 915 606 296 360 659 515 899 750 524 682 707 807 630 965 1095 722 881 688 777 616 467 798 325 735 876 1064 745 731 616 522 198 956 794 651 572
321 342 451 357 695 428 621 773 323 0 864 515 706 456 856 465 594 436 418 863 262 338 495 454 601 604 423 723 337 1126 498 357 709 589 878 631 525 809 815 625 539 304 72 660 610 673 254 950 535 330 535 400 444 933 784 453 423 636 556 665 967 852 470 915 617 811 650 207 645 191 483 856 1097 779 663 356 451 372 990 829 685 606
626 928 1013 850 190 684 513 251 909 864 0 952 313 443 392 683 887 646 1143 276 848 925 435 663 275 897 1010 238 551 692 438 858 249 481 74 741 370 76 115 290 493 667 835 338 503 305 643 407 356 644 930 701 451 543 455 436 690 288 339 340 131 551 431 110 307 211 324 844 254 703 408 89 261 177 255 857 450 959 367 499 276 408
774 359 88 810 838 878 618 770 341 515 941 0 715 679 853 878 150 840 568 1069 286 209 898 857 824 160 167 720 578 920 902 809 706 586 955 533 748 920 958 848 548 462 486 657 607 670 580 849 758 488 46 852 667 726 724 676 875 859 959 662 997 1247 874 912 840 808 647 660 950 518 887 907 997 776 774 808 674 177 889 689 682 615
483 691 776 718 144 552 390 536 672 706 313 715 0 299 625 552 649 514 906 375 610 687 471 531 132 659 772 454 408 896 475 726 465 358 327 504 226 259 264 188 201 429 677 430 380 443 500 693 213 407 693 569 307 703 553 293 558 198 375 434 416 587 468 395 179 496 420 701 290 560 445 305 546 393 81 725 307 721 652 598 455 116
219 546 655 454 274 288 440 592 527 456 443 679 299 0 675 287 614 250 761 463 466 542 308 267 180 623 627 543 143 946 312 461 529 408 457 468 104 388 394 204 358 394 427 479 430 493 235 769 114 254 657 305 77 752 603 68 294 215 369 484 546 603 283 525 196 626 469 437 306 295 297 435 676 522 242 461 82 576 782 648 504 395
805 840 917 1040 555 874 264 168 821 856 392 856 625 675 0 873 790 836 1055 640 760 837 799 853 640 800 922 261 573 368 803 1048 247 292 372 653 734 440 479 654 458 579 827 261 285 228 665 126 721 556 834 891 663 219 191 671 880 652 703 263 395 915 795 310 672 206 247 1000 618 725 772 448 274 317 620 1047 669 871 166 236 223 525
234 737 853 229 526 63 638 791 724 465 683 878 552 287 873 0 812 130 675 672 663 740 304 148 433 822 825 741 342 1144 307 237 727 607 697 666 356 629 635 456 557 592 473 678 628 691 434 967 367 453 855 80 276 951 802 284 69 467 365 682 787 595 279 766 448 829 668 290 454 494 292 676 917 763 494 236 282 774 1008 846 703 624
744 483 211 888 773 813 552 704 464 594 875 150 649 614 787 812 0 775 562 1004 409 333 833 792 759 94 291 655 512 854 837 888 641 520 889 467 682 855 893 782 482 412 565 592 542 605 604 783 693 495 128 830 602 661 658 610 819 793 894 596 931 1182 808 847 774 742 582 738 885 596 821 842 932 711 709 887 608 301 824 624 617 550
197 707 816 296 488 131 601 753 688 436 646 840 514 250 836 130 775 0 742 634 627 703 266 52 395 784 788 704 304 1106 270 304 690 569 660 629 318 591 597 419 519 554 445 640 591 654 396 930 329 415 818 148 238 913 764 246 137 429 327 645 749 623 241 728 410 791 630 358 416 456 254 638 879 726 456 304 244 737 970 809 665 586
697 277 510 517 999 639 820 972 278 418 1143 568 906 761 1055 675 562 742 0 1189 327 397 870 760 906 572 482 923 659 1326 874 567 909 788 1157 830 829 1114 1119 930 738 504 447 860 810 873 622 1149 840 529 545 610 749 1133 983 757 633 940 931 864 1199 1145 845 1115 921 1010 850 512 1020 559 858 1110 1298 979 965 566 755 431 1190 1028 885 806
1288 1453 1429 1511 852 1345 877 781 1434 1469 689 1368 974 1104 645 1345 1302 1307 1668 0 1373 1450 1096 1325 937 1312 1508 875 1186 827 1100 1519 861 905 669 1266 1031 738 776 951 1071 1192 1440 874 898 841 1278 543 1018 1169 1346 1362 1112 678 804 1098 1352 949 1000 876 587 1212 1093 671 969 772 860 1506 915 1338 1069 750 454 838 917 1518 1111 1484 502 849 836 1070
520 112 222 556 704 627 525 677 94 262 848 286 610 466 760 663 409 627 327 894 0 109 685 644 611 419 194 628 364 1031 689 555 614 493 862 535 534 819 824 634 443 208 233 565 515 578 326 854 545 234 305 598 454 838 688 462 621 645 746 569 904 1034 660 820 626 715 554 406 737 264 673 815 1003 684 670 554 460 143 895 733 589 510
597 182 145 633 781 704 602 754 164 338 925 209 687 542 837 740 333 703 397 971 109 0 762 721 688 342 117 705 441 1102 766 632 691 570 939 612 611 896 901 711 520 285 310 641 592 655 403 931 622 311 228 675 531 909 765 539 698 722 823 646 981 1111 737 897 703 792 631 483 814 341 750 891 1080 760 747 631 537 66 971 810 666 587
255 765 875 470 411 304 659 657 746 495 435 898 471 308 799 304 833 266 870 423 685 762 0 283 352 843 846 576 363 1009 14 478 587 627 448 687 377 380 386 302 577 613 503 675 649 642 455 814 387 474 876 321 296 949 822 305 310 300 116 677 538 412 51 517 320 618 661 473 205 515 43 427 668 514 413 477 303 796 774 867 614 566
214 724 834 314 506 148 618 770 705 454 663 857 531 267 853 148 792 52 760 652 644 721 283 0 412 802 806 721 322 1124 287 322 707 586 677 646 336 609 614 436 536 572 463 658 608 671 414 947 346 433 835 165 255 931 781 264 154 447 344 662 766 640 259 746 428 808 648 375 434 474 272 655 896 743 474 321 262 755 988 826 683 604
364 691 801 599 107 433 501 498 672 601 275 824 132 180 640 433 759 395 906 328 611 688 352 412 0 769 772 417 289 913 356 607 428 469 289 613 107 221 227 69 313 539 572 516 491 483 381 655 94 400 802 450 188 790 665 174 439 79 256 518 378 468 348 358 60 459 502 582 171 441 325 268 509 355 75 606 188 722 615 709 455 228
753 492 221 898 782 823 562 714 474 604 885 160 659 623 797 822 94 784 572 1013 419 342 843 802 769 0 301 665 522 864 846 897 651 530 899 477 692 864 902 792 492 422 575 601 552 615 614 793 703 505 138 839 612 671 668 620 829 803 904 606 941 1192 818 857 784 752 591 748 895 606 831 852 942 721 719 897 618 310 834 633 626 559
681 267 103 717 866 788 687 839 248 423 1010 167 772 627 922 825 291 788 482 1055 194 117 846 806 772 301 0 789 526 1060 850 717 775 655 1024 673 696 980 986 796 605 370 394 726 676 739 488 989 706 396 187 760 615 867 850 624 783 807 908 731 1066 1195 822 981 788 877 716 567 898 425 835 976 1138 845 832 716 622 90 1030 830 751 672
673 708 793 907 332 742 292 168 689 723 238 732 454 543 261 741 667 704 923 417 628 705 576 721 417 677 789 0 441 598 580 915 81 261 252 521 511 218 256 431 326 447 694 118 282 84 533 355 498 424 710 759 531 449 324 539 748 429 480 119 341 692 573 310 449 206 103 868 395 593 550 205 472 74 397 915 537 739 396 369 56 393
274 444 554 508 382 343 338 491 426 337 551 578 408 143 573 342 512 304 659 572 364 441 363 322 289 522 526 441 0 844 367 516 427 306 565 366 212 497 502 312 257 292 308 378 328 391 116 667 223 153 555 359 132 651 502 140 349 323 424 382 654 712 338 633 304 529 368 481 415 176 351 543 784 497 350 516 138 475 708 546 403 324
1185 1417 1278 1400 875 1234 898 802 1399 1425 898 1217 997 1025 666 1234 1152 1196 1629 886 1337 1399 985 1213 889 1161 1358 895 1133 0 988 1408 881 926 912 1287 952 844 849 840 1092 1213 1404 895 919 862 1225 605 938 1190 1195 1251 1033 527 825 1019 1240 838 889 897 887 1101 981 944 857 840 881 1403 804 1285 958 890 754 951 940 1407 1032 1367 646 801 857 1093
259 769 878 474 415 308 663 661 750 498 438 902 475 312 803 307 837 270 874 427 689 766 14 287 356 846 850 580 367 1012 0 482 591 631 452 691 380 384 390 306 581 617 507 679 653 646 459 818 391 477 880 325 300 953 826 308 314 304 120 681 541 416 55 521 324 622 665 477 209 518 47 431 672 518 417 481 306 800 778 871 618 570
409 629 745 130 700 201 813 965 616 357 858 809 726 461 1048 237 888 304 567 846 555 632 478 322 607 897 717 915 516 1318 482 0 901 781 872 841 530 803 809 630 731 598 365 852 802 865 548 1142 541 623 828 172 450 1125 976 458 195 641 539 857 961 707 453 940 622 1003 842 182 628 485 466 850 1091 937 668 14 456 666 1182 1021 877 798
659 694 779 893 343 728 278 154 675 709 249 718 465 529 247 727 653 690 909 428 614 691 587 707 428 663 775 81 427 584 591 901 0 247 263 507 522 229 267 442 312 433 680 104 268 70 519 341 509 410 696 745 517 435 310 525 734 440 491 105 352 703 584 296 460 192 89 854 406 579 561 216 483 85 408 901 523 725 382 355 42 379
538 573 658 773 481 607 157 310 555 589 481 598 358 408 292 607 532 569 788 660 493 570 627 586 469 542 655 261 306 563 631 781 247 0 495 386 477 460 499 525 191 312 560 197 148 211 398 386 487 289 575 624 396 369 220 405 613 536 688 202 537 924 603 452 517 348 187 733 627 458 616 447 534 316 418 780 403 604 426 265 222 258
640 942 1027 864 204 698 508 231 923 878 74 966 327 457 372 697 901 660 1157 290 862 939 448 677 289 911 1024 252 565 672 452 872 263 495 0 755 384 90 129 304 507 681 849 352 516 319 657 387 370 658 944 715 465 523 435 450 704 302 353 354 111 565 445 90 321 191 338 858 268 717 422 103 241 191 269 871 464 973 347 479 290 422
486 504 460 721 515 556 307 459 485 519 630 399 392 356 542 555 333 517 719 747 423 500 576 535 502 343 539 410 255 813 579 729 396 275 644 0 425 609 635 525 225 242 490 346 297 360 347 636 436 238 376 572 345 619 470 353 562 536 637 351 686 925 551 602 517 497 336 663 628 407 564 596 784 465 452 729 351 534 676 515 371 292
287 614 724 522 201 357 508 592 596 525 370 748 226 104 734 356 682 318 829 390 534 611 377 336 107 692 696 511 212 976 380 530 522 477 384 537 0 315 321 131 407 462 496 548 498 561 304 749 144 323 725 373 112 821 672 98 363 142 318 552 473 530 352 452 123 553 538 505 233 364 365 362 603 449 169 530 111 645 709 716 549 322
572 899 993 795 136 630 492 299 880 809 76 932 259 388 440 629 866 591 1114 222 819 896 380 609 221 876 980 218 497 740 384 803 229 460 90 721 315 0 60 236 439 646 780 317 482 284 589 456 302 607 910 646 396 591 503 382 636 233 284 319 179 496 377 159 253 259 303 790 199 649 354 68 310 156 201 803 396 930 415 548 256 354
578 904 1014 801 142 635 530 337 886 815 115 958 264 394 479 635 893 597 1119 227 824 901 386 614 227 902 986 256 502 779 390 809 267 499 129 747 321 60 0 241 445 673 786 356 520 322 594 494 308 613 936 652 402 630 541 388 642 239 290 357 218 502 382 197 259 298 341 795 205 654 359 107 348 194 207 808 401 935 454 586 294 360
388 715 824 622 162 457 557 513 696 625 290 848 188 204 654 456 782 419 930 279 634 711 302 436 69 792 796 431 312 864 306 630 442 525 304 637 131 236 241 0 368 562 596 531 547 498 404 669 118 423 826 474 212 805 717 198 463 69 207 533 393 419 299 372 84 473 517 606 122 464 276 282 523 370 130 630 211 745 629 761 469 283
488 523 609 723 325 557 223 375 505 539 493 548 201 358 458 557 482 519 738 556 443 520 577 536 313 492 605 326 257 729 581 731 312 191 507 336 407 439 445 368 0 262 510 263 213 276 349 552 393 239 525 574 346 535 386 355 563 379 556 267 596 768 553 518 360 413 252 683 471 409 566 485 701 382 261 730 353 554 593 431 287 102
524 289 398 598 553 593 344 496 270 304 667 462 429 394 579 592 412 554 504 784 208 285 613 572 539 422 370 447 292 850 617 598 433 312 681 354 462 646 673 562 262 0 275 384 334 397 369 673 473 275 455 610 382 657 507 390 599 573 674 388 723 962 588 639 554 534 373 448 665 306 601 634 822 503 489 597 388 319 714 552 408 329
330 313 422 366 666 437 592 744 294 72 835 486 677 427 827 473 565 445 447 855 233 310 503 463 572 575 394 694 308 1097 507 365 680 560 849 602 496 780 786 596 510 275 0 631 582 644 225 921 506 301 506 408 415 904 755 424 431 607 565 636 938 861 479 886 588 782 621 216 654 163 492 827 1068 750 634 365 422 344 961 800 656 577
609 645 730 844 431 679 229 167 626 660 338 669 430 479 261 678 604 640 860 517 565 641 675 658 516 613 726 118 378 597 679 852 104 197 352 458 548 317 356 531 263 384 631 0 219 68 470 355 559 361 647 695 468 448 323 476 685 529 580 68 394 792 672 310 548 205 53 804 495 530 649 305 504 173 489 852 474 675 396 368 79 330
560 595 680 794 503 629 150 324 576 610 503 619 380 430 285 628 554 591 810 682 515 592 649 608 491 564 676 282 328 556 653 802 268 148 516 408 498 482 520 547 213 334 582 219 0 232 420 379 509 311 597 646 418 363 213 426 635 557 710 224 551 946 624 467 538 362 209 755 649 480 637 469 528 338 440 802 424 626 420 258 244 280
623 658 743 857 398 692 243 134 639 673 305 682 443 493 228 691 617 654 873 484 578 655 642 671 483 627 739 84 391 564 646 865 70 211 319 471 561 284 322 498 276 397 644 68 232 0 483 322 564 374 660 709 481 415 290 489 698 496 547 69 361 759 639 276 515 172 53 818 462 543 616 271 471 140 463 865 487 689 363 335 46 343
366 407 516 548 474 435 430 583 388 254 643 580 500 235 665 434 604 396 622 664 326 403 455 414 381 614 488 533 116 936 459 548 519 398 657 458 304 589 594 404 349 369 225 470 420 483 0 759 315 245 600 451 224 743 594 232 441 415 516 474 746 804 430 725 396 621 460 398 507 94 443 635 876 589 442 547 230 437 800 638 495 416
899 934 910 1134 570 968 358 262 915 950 407 849 693 769 126 967 783 930 1149 656 854 931 814 947 655 793 989 355 667 308 818 1142 341 386 387 747 749 456 494 669 552 673 921 355 379 322 759 0 736 650 826 985 757 159 285 765 974 667 718 357 306 930 811 389 687 300 341 1094 633 819 788 469 172 411 635 1141 763 965 64 330 317 619
298 625 735 533 188 367 519 579 606 535 356 758 213 114 721 367 693 329 840 377 545 622 387 346 94 703 706 498 223 962 391 541 509 487 370 547 144 302 308 118 393 473 506 559 509 564 315 736 0 334 736 384 122 832 682 108 373 128 305 563 459 517 363 439 109 539 549 516 220 375 374 348 590 436 156 540 122 656 696 727 536 309
384 314 424 619 493 454 321 473 296 330 644 488 407 254 556 453 495 415 529 682 234 311 474 433 400 505 396 424 153 827 477 623 410 289 658 349 323 607 613 423 239 275 301 361 311 374 245 650 334 0 507 470 243 634 484 251 460 434 535 365 700 823 449 616 415 511 351 474 526 305 462 611 799 480 461 623 249 345 691 529 386 307
787 379 107 829 816 856 595 748 360 535 918 46 693 657 830 855 128 818 545 1047 305 228 876 835 802 138 187 698 555 897 880 828 684 563 932 510 725 898 936 826 525 455 506 635 585 648 600 826 736 507 0 871 645 704 701 653 862 836 937 639 974 1225 851 890 817 785 625 679 928 537 865 885 975 754 752 827 651 196 867 667 660 593
252 672 788 164 543 44 656 808 659 400 701 852 569 305 891 80 830 148 610 689 598 675 321 165 450 839 760 759 359 1162 325 172 745 624 715 684 373 646 652 474 574 610 408 695 646 709 451 985 384 470 871 0 293 968 819 301 38 484 382 700 804 550 296 783 465 846 685 225 471 511 309 693 934 781 511 171 299 709 1025 864 720 641
207 534 643 442 282 276 428 580 515 444 451 667 307 77 663 276 602 238 749 471 454 531 296 255 188 612 615 531 132 934 300 450 517 396 465 456 112 396 402 212 346 382 415 468 418 481 224 757 122 243 645 293 0 741 591 74 282 223 357 472 554 611 272 533 204 618 457 425 314 284 285 443 684 530 250 449 71 565 790 636 492 403
992 927 787 1227 705 1061 452 355 908 942 543 726 812 862 219 1061 661 1023 1139 791 847 909 949 1040 790 671 867 449 761 230 953 1235 435 479 523 815 885 591 630 805 645 760 913 448 472 415 853 159 871 743 704 1078 850 0 345 859 1067 803 854 450 441 1066 946 497 822 393 434 1086 769 913 923 604 308 505 770 1234 857 877 200 310 410 712
733 768 785 968 617 802 193 230 750 784 455 724 553 603 191 802 658 764 983 703 688 765 822 781 665 668 850 324 502 527 826 976 310 220 435 582 672 503 541 717 386 507 755 323 213 290 594 285 682 484 701 819 591 345 0 600 809 715 766 325 457 977 798 373 712 268 309 928 680 654 811 511 434 380 613 975 598 799 326 63 286 454
215 542 652 450 268 285 437 589 524 453 436 676 293 68 671 284 610 246 757 457 462 539 305 264 174 620 624 539 140 942 308 458 525 405 450 465 98 382 388 198 355 390 424 476 426 489 232 765 108 251 653 301 74 749 600 0 291 209 366 480 540 597 280 519 190 620 466 433 300 292 293 429 670 516 236 458 76 573 776 644 501 389
241 695 811 187 533 47 645 798 682 423 690 875 558 294 880 69 819 137 633 679 621 698 310 154 439 829 783 748 349 1151 314 195 734 613 704 673 363 636 642 463 563 599 431 685 635 698 441 974 373 460 862 38 282 958 809 291 0 474 372 689 793 553 286 773 455 835 675 248 461 501 299 682 924 770 501 194 289 732 1015 853 710 631
398 725 835 633 173 468 568 511 707 636 288 859 198 215 652 467 793 429 940 276 645 722 300 447 79 803 807 429 323 862 304 641 440 536 302 648 142 233 239 69 379 573 607 529 557 496 415 667 128 434 836 484 223 803 715 209 474 0 205 531 391 417 297 370 86 471 515 616 120 475 274 280 521 368 141 640 222 756 627 759 467 294
316 826 936 531 316 365 720 561 807 556 339 959 375 369 703 365 894 327 931 327 746 823 116 344 256 904 908 480 424 913 120 539 491 688 353 748 318 284 290 207 556 674 565 580 710 547 516 718 305 535 937 382 357 854 766 366 372 205 0 581 442 316 112 421 224 522 566 534 109 576 89 331 572 419 318 538 364 857 678 810 518 471
614 649 734 849 433 683 234 169 630 665 340 673 434 484 263 682 608 645 864 519 569 646 677 662 518 618 731 119 382 599 681 857 105 202 354 462 552 319 357 533 267 388 636 68 224 69 474 357 563 365 651 700 472 450 325 480 689 531 581 0 396 793 674 311 550 207 58 809 496 534 651 306 505 175 494 856 478 680 397 370 81 334
729 984 1069 953 294 787 530 253 965 967 131 1009 416 546 395 787 943 749 1199 379 904 981 538 766 378 953 1066 341 654 590 541 961 352 537 111 797 473 179 218 393 596 723 938 394 551 361 746 306 459 700 986 804 554 441 457 540 793 391 442 396 0 654 534 113 410 214 380 947 357 806 511 192 159 280 359 960 553 1015 265 502 356 511
612 1114 1224 699 528 559 956 773 1095 852 551 1247 587 603 915 595 1182 623 1145 539 1034 1111 412 640 468 1192 1195 692 712 1125 416 707 703 924 565 1036 530 496 502 419 768 962 861 792 946 759 804 930 517 823 1225 550 611 1066 977 597 553 417 316 793 654 0 408 633 436 734 777 760 321 864 385 543 784 631 530 706 611 1145 890 1022 730 683
231 740 850 445 408 280 635 654 722 470 431 874 468 283 795 279 808 241 845 420 660 737 51 259 348 818 822 573 338 1005 55 453 584 603 445 663 352 377 382 299 553 588 479 672 624 639 430 811 363 449 851 296 272 946 798 280 286 297 112 674 534 408 0 514 316 614 658 449 202 490 40 423 664 511 410 453 278 771 770 843 611 563
709 900 985 932 273 767 446 169 881 915 110 924 395 525 310 766 859 728 1115 358 820 897 517 746 358 868 981 310 633 647 521 940 296 452 90 713 452 159 197 372 518 639 886 310 467 276 725 389 439 616 902 783 533 497 373 519 773 370 421 311 113 633 514 0 390 129 295 927 336 785 491 171 243 259 338 939 532 931 349 417 272 491
379 706 816 614 154 449 549 530 688 617 307 840 179 196 672 448 774 410 921 296 626 703 320 428 60 784 788 449 304 881 324 622 460 517 321 628 123 253 259 84 360 554 588 548 538 515 396 687 109 415 817 465 204 822 712 190 455 86 224 550 410 436 316 390 0 490 534 597 139 456 293 299 541 387 122 621 203 737 647 756 487 275
760 795 881 995 374 829 341 64 777 811 211 820 496 626 206 829 754 791 1010 459 715 792 618 808 459 764 877 206 529 542 622 1003 192 348 191 608 553 259 298 473 413 534 782 205 362 172 621 300 539 511 797 846 618 393 268 620 835 471 522 207 214 734 614 129 490 0 191 955 437 681 591 272 344 261 439 1002 625 826 340 313 167 480
599 635 720 834 417 669 219 153 616 650 324 659 420 469 247 668 594 630 850 503 554 631 661 648 502 603 716 103 368 583 665 842 89 187 338 448 538 303 341 517 252 373 621 53 209 53 460 341 549 351 637 685 457 434 309 466 675 515 566 58 380 777 658 295 534 191 0 794 480 520 635 290 489 159 479 841 464 665 381 354 65 320
300 486 595 183 675 254 765 917 467 207 844 660 701 437 1000 290 738 358 512 842 406 483 473 375 582 748 567 868 481 1271 477 182 854 733 858 775 505 790 795 606 683 448 216 804 755 818 398 1094 516 474 679 225 425 1077 928 433 248 616 534 809 947 760 449 927 597 955 794 0 623 336 462 836 1078 923 644 182 431 517 1134 973 829 750
405 817 927 620 231 454 659 476 798 645 254 950 290 306 618 454 885 416 1020 242 737 814 205 434 171 895 898 395 415 828 209 628 406 627 268 739 233 199 205 122 471 665 654 495 649 462 507 633 220 526 928 471 314 769 680 300 461 120 109 496 357 321 202 336 139 437 480 623 0 567 178 246 487 333 233 627 314 848 593 725 433 386
425 344 453 486 534 495 490 643 325 191 703 518 560 295 725 494 596 456 559 724 264 341 515 474 441 606 425 593 176 996 518 485 579 458 717 518 364 649 654 464 409 306 163 530 480 543 94 819 375 305 537 511 284 803 654 292 501 475 576 534 806 864 490 785 456 681 520 336 567 0 503 695 936 649 502 484 290 375 860 698 555 476
244 754 863 458 385 293 648 631 735 483 408 887 445 297 772 292 821 254 858 397 673 750 43 272 325 831 835 550 351 982 47 466 561 616 422 676 365 354 359 276 566 601 492 649 637 616 443 788 374 462 865 309 285 923 811 293 299 274 89 651 511 385 40 491 293 591 635 462 178 503 0 400 641 488 387 466 291 784 747 856 588 540
618 895 980 842 183 676 479 312 876 856 89 919 305 435 448 676 854 638 1110 268 815 891 427 655 268 863 976 205 543 753 431 850 216 447 103 708 362 68 107 282 485 634 827 305 469 271 635 469 348 611 897 693 443 604 511 429 682 280 331 306 192 543 423 171 299 272 290 836 246 695 400 0 322 143 248 849 442 926 428 556 243 401
860 1083 1058 1083 424 917 507 383 1064 1097 261 997 546 676 274 917 932 879 1298 509 1003 1080 668 896 509 942 1138 472 784 457 672 1091 483 534 241 896 603 310 348 523 701 822 1068 504 528 471 876 172 590 799 975 934 684 308 434 670 924 521 572 505 159 784 664 243 541 344 489 1078 487 936 641 322 0 410 489 1090 683 1114 132 479 466 642
706 764 849 929 270 764 348 223 745 779 177 788 393 522 317 763 723 726 979 356 684 760 514 743 355 732 845 74 497 654 518 937 85 316 191 577 449 156 194 370 382 503 750 173 338 140 589 411 436 480 766 781 530 505 380 516 770 368 419 175 280 631 511 259 387 261 159 923 333 649 488 143 410 0 335 937 530 794 452 425 112 449
426 750 835 660 87 495 450 478 731 663 255 774 81 242 620 494 709 456 965 318 670 747 413 474 75 719 832 397 350 919 417 668 408 418 269 563 169 201 207 130 261 489 634 489 440 463 442 635 156 461 752 511 250 762 613 236 501 141 318 494 359 530 410 338 122 439 479 644 233 502 387 248 489 335 0 668 249 781 595 658 435 176
408 628 744 129 700 200 812 964 616 356 857 808 725 461 1047 236 887 304 566 846 554 631 477 321 606 897 716 915 516 1318 481 14 901 780 871 840 530 803 808 630 730 597 365 852 802 865 547 1141 540 623 827 171 449 1125 975 458 194 640 538 856 960 706 453 939 621 1002 841 182 627 484 466 849 1090 937 668 0 455 665 1182 1020 876 797
213 540 650 448 281 283 434 587 522 451 450 674 307 82 669 282 608 244 755 471 460 537 303 262 188 618 622 537 138 940 306 456 523 403 464 462 111 396 401 211 353 388 422 474 424 487 230 763 122 249 651 299 71 747 598 76 289 222 364 478 553 611 278 532 203 625 464 431 314 290 291 442 683 530 249 455 0 571 789 642 499 402
631 216 113 667 815 738 636 788 198 372 959 177 721 576 871 774 301 737 431 1005 143 66 796 755 722 310 90 739 475 1070 800 666 725 604 973 646 645 930 935 745 554 319 344 675 626 689 437 965 656 345 196 709 565 877 799 573 732 756 857 680 1015 1145 771 931 737 826 665 517 848 375 784 926 1114 794 781 665 571 0 1005 840 700 621
939 975 950 1174 530 1009 399 302 956 990 367 889 652 782 166 1008 824 970 1190 615 895 971 774 988 615 834 1030 396 708 349 778 1182 382 426 347 788 709 415 454 629 593 714 961 396 420 363 800 64 696 691 867 1025 790 200 326 776 1015 627 678 397 265 890 770 349 647 340 381 1134 593 860 747 428 132 452 595 1182 789 1005 0 370 358 660
778 813 750 1013 662 847 237 275 794 829 499 689 598 648 236 846 624 809 1028 747 733 810 867 826 709 633 830 369 546 503 871 1021 355 265 479 626 716 548 586 761 431 552 800 368 258 335 638 330 727 529 667 864 636 310 63 644 853 759 810 370 502 1022 843 417 756 313 354 973 725 698 856 556 479 425 658 1020 642 840 370 0 330 498
634 670 755 869 370 703 254 129 651 685 276 694 455 504 223 703 628 665 885 456 589 666 614 683 455 638 751 56 403 559 618 877 42 222 290 483 549 256 294 469 287 408 656 79 244 46 495 317 536 386 672 720 492 410 286 501 710 467 518 81 356 730 611 272 487 167 65 829 433 555 588 243 466 112 435 876 499 700 358 330 0 355
555 591 676 790 240 625 290 442 572 606 408 615 116 395 525 624 550 586 806 471 510 587 566 604 228 559 672 393 324 796 570 798 379 258 422 404 322 354 360 283 102 329 577 330 280 343 416 619 309 307 593 641 403 603 454 389 631 294 471 334 511 683 563 491 275 480 320 750 386 476 540 401 642 449 176 797 402 621 660 498 355 0
EOF