NAME : tsp_problem
TYPE : TSP
DIMENSION : 72
EDGE_WEIGHT_TYPE : EXPLICIT
EDGE_WEIGHT_FORMAT : FULL_MATRIX
EDGE_WEIGHT_SECTION
0 742 405 524 395 406 566 571 230 411 440 743 750 695 550 425 605 393 309 358 954 683 371 542 289 390 497 700 687 761 454 520 825 413 386 392 303 706 388 466 402 135 581 360 754 353 703 500 373 871 552 272 307 360 631 455 545 467 754 409 611 255 824 320 669 584 519 322 538 660 737 355
742 0 494 963 835 520 337 662 654 850 880 13 341 1155 456 557 292 615 749 797 632 570 896 981 669 829 546 330 315 722 791 960 241 852 619 918 471 180 622 992 927 764 542 886 138 878 664 939 899 549 323 798 747 403 886 934 636 907 138 601 1136 694 327 846 284 313 506 713 360 1186 769 445
405 494 0 566 437 122 318 528 316 452 482 495 492 757 397 511 357 233 351 400 802 531 571 584 375 432 209 442 429 608 410 562 577 455 342 592 133 458 228 650 601 427 428 560 506 553 550 542 573 718 304 472 349 112 587 536 502 509 506 249 811 297 567 520 421 336 359 419 290 792 655 83
524 963 566 0 165 491 787 657 496 175 134 965 835 277 635 594 826 478 280 321 1039 769 217 237 433 169 583 785 772 846 539 216 967 178 471 257 603 905 473 110 178 499 666 280 952 289 788 169 219 956 774 303 236 581 716 187 631 199 954 494 400 301 910 309 809 806 605 428 760 311 823 553
395 835 437 165 0 363 659 528 512 52 81 836 707 368 506 610 698 350 151 200 911 640 356 328 449 45 454 657 644 717 410 307 838 54 342 205 474 776 345 249 316 371 538 228 824 237 660 260 358 827 645 319 108 453 588 135 502 290 826 366 491 172 781 271 680 677 476 444 631 402 694 424
406 520 122 491 363 0 344 454 342 378 408 521 422 683 323 537 383 159 277 326 727 456 596 510 401 357 139 372 359 534 336 488 553 380 268 531 159 484 154 576 627 382 354 555 532 564 476 467 599 644 330 498 275 138 513 462 427 435 532 175 806 222 496 545 396 362 285 445 316 718 580 109
566 337 318 787 659 344 0 749 478 674 704 339 533 979 571 478 335 455 573 622 844 752 721 805 493 653 431 446 430 830 632 784 450 676 564 742 295 392 450 816 751 588 650 710 350 703 772 763 723 760 26 622 571 227 809 758 723 731 350 471 960 518 538 670 399 315 581 537 269 1010 876 269
571 662 528 649 520 454 749 0 748 535 565 664 433 742 232 943 473 337 393 483 637 366 839 667 807 515 435 383 370 444 162 620 564 538 211 688 565 502 343 733 800 547 264 712 550 721 386 624 842 554 736 803 432 544 257 619 79 592 552 323 866 388 507 755 406 494 227 851 541 777 364 515
230 654 316 496 512 342 478 748 0 522 477 655 712 637 617 222 517 453 520 568 1022 751 314 707 86 516 429 627 612 828 630 685 737 525 562 335 215 618 448 409 344 253 648 303 666 296 770 638 316 938 464 215 517 272 807 398 722 669 666 469 554 465 787 263 581 496 580 130 450 603 875 267
411 850 452 175 52 378 674 544 522 0 91 852 722 377 522 620 713 365 166 215 926 655 365 338 459 56 469 672 659 733 426 317 854 65 358 214 490 791 360 259 326 386 553 238 839 247 675 269 368 843 660 329 123 468 603 145 517 300 841 381 501 188 796 281 696 692 492 453 646 412 709 440
440 880 482 134 81 408 704 573 477 91 0 881 752 336 551 575 743 395 196 245 956 685 324 297 415 85 499 702 689 763 456 276 883 94 387 170 519 821 390 218 285 416 583 193 869 202 705 228 327 873 690 284 153 498 633 100 547 259 871 411 460 217 826 237 725 722 521 409 676 371 739 469
743 13 495 965 836 521 339 664 655 852 881 0 343 1156 457 559 294 617 750 799 634 572 898 983 671 831 548 332 316 724 793 961 242 854 620 919 472 182 623 993 929 766 544 887 140 880 666 941 900 550 325 799 748 404 888 935 638 908 140 603 1138 696 328 847 285 314 508 715 362 1187 770 446
750 341 492 835 707 422 533 433 712 722 752 343 0 1027 226 735 228 386 621 669 412 350 966 853 750 701 317 138 125 493 562 832 164 724 389 875 529 240 392 919 987 725 313 899 293 907 435 811 969 329 519 868 619 463 657 806 407 778 292 372 1150 566 107 916 162 249 276 794 297 1061 539 479
695 1155 757 277 368 683 979 742 637 377 336 1156 1027 0 826 735 1018 670 471 391 1231 960 358 307 575 372 774 977 964 1012 703 286 1158 381 663 460 792 1096 665 361 363 691 858 483 1144 483 980 238 361 1148 965 444 439 773 798 390 768 269 1146 686 146 493 1101 451 1001 997 796 569 951 57 905 744
550 456 397 635 506 323 571 232 617 522 551 457 226 826 0 773 267 186 420 469 486 215 826 653 676 501 229 176 163 292 361 631 358 524 189 675 434 296 192 719 786 525 113 698 343 707 234 611 828 402 558 773 418 413 456 605 206 578 346 172 950 366 301 741 200 287 76 720 335 861 339 384
425 557 511 594 610 537 478 943 222 620 575 559 735 735 773 0 537 648 714 763 1064 946 412 805 184 614 624 647 632 1023 825 783 643 623 757 433 410 612 643 507 442 448 843 401 570 394 965 736 414 980 464 313 681 428 1002 496 917 767 570 664 652 660 758 361 601 516 774 228 470 701 1070 462
605 292 357 826 698 383 335 473 517 713 743 294 228 1018 267 537 0 427 612 660 608 456 771 844 552 692 357 141 126 533 602 823 251 715 430 792 334 132 433 866 802 627 354 760 180 753 475 802 773 525 322 672 610 266 697 797 447 770 182 413 1011 557 303 720 95 73 317 596 99 1052 580 308
393 615 233 478 350 159 455 337 453 365 395 617 386 670 186 648 427 0 264 313 590 319 669 496 512 344 250 336 323 397 323 475 518 367 255 518 270 455 35 563 630 369 217 542 503 550 339 454 671 507 441 609 262 249 500 449 311 422 505 38 793 209 460 585 360 447 148 556 427 704 443 220
309 749 351 280 151 277 573 442 520 166 196 750 621 471 420 714 612 264 0 114 825 554 470 298 564 146 368 571 558 632 325 276 752 169 257 319 388 690 259 364 431 285 452 343 738 352 574 256 473 742 559 434 63 367 502 250 416 223 740 280 595 87 695 386 595 591 390 559 545 506 608 338
358 797 400 321 200 326 622 491 568 215 245 799 669 391 469 763 660 313 114 0 874 603 512 217 613 194 417 620 607 680 373 196 801 217 305 368 437 739 308 405 473 334 501 392 787 400 622 175 514 790 608 483 112 416 551 299 465 143 789 329 514 135 744 435 643 640 439 607 594 425 657 387
954 632 802 1039 911 727 844 637 1022 926 956 634 412 1231 486 1064 608 590 825 874 0 287 1230 1058 1081 905 689 518 505 556 687 1036 455 928 593 1079 839 531 597 1124 1191 930 402 1103 584 1112 499 1015 1233 103 830 1177 823 817 554 1010 611 983 583 576 1354 770 332 1146 541 629 481 1124 676 1266 600 789
683 570 531 769 640 456 752 366 751 655 685 572 350 960 215 946 456 319 554 603 287 0 959 787 810 635 418 365 352 286 495 765 393 658 323 808 568 469 326 853 920 659 131 832 522 841 228 744 962 204 739 906 552 546 494 739 340 712 521 305 1083 499 270 875 389 476 210 854 524 995 332 518
371 896 571 217 356 596 721 847 314 365 324 898 966 358 826 412 771 669 470 512 1230 959 0 428 251 359 683 881 866 1037 730 406 991 368 662 199 469 872 664 130 65 393 857 167 909 160 979 359 37 1147 707 121 427 526 907 262 821 390 909 685 275 492 1041 127 835 750 795 245 704 324 1013 521
542 981 584 237 328 510 805 670 707 338 297 983 853 307 653 805 844 496 298 217 1058 787 428 0 644 332 601 803 790 864 557 112 985 341 489 420 621 923 491 321 389 517 684 444 970 453 806 91 430 974 792 514 296 600 726 351 649 96 973 512 430 319 928 487 827 824 623 639 778 342 832 571
289 669 375 433 449 401 493 807 86 459 415 671 750 575 676 184 552 512 564 613 1081 810 251 644 0 453 488 663 647 887 689 623 773 462 621 272 274 654 507 346 282 312 707 240 682 233 829 576 253 997 480 152 521 331 866 335 781 606 682 528 491 524 825 200 616 532 638 68 486 540 934 326
390 829 432 169 45 357 653 523 516 56 85 831 701 372 501 614 692 344 146 194 905 635 359 332 453 0 449 651 638 712 405 311 833 58 337 208 469 771 339 253 320 365 532 232 818 241 654 264 362 822 640 323 102 447 582 139 497 294 820 360 495 167 776 275 675 672 471 448 626 406 689 419
497 546 209 583 454 139 431 435 429 469 499 548 317 774 229 624 357 250 368 417 689 418 683 601 488 449 0 267 254 495 427 579 448 472 359 622 246 386 245 667 714 473 316 646 434 655 437 558 686 605 417 585 366 225 604 553 409 526 436 266 897 313 391 633 290 378 279 532 403 809 542 196
700 330 442 785 657 372 446 383 627 672 702 332 138 977 176 647 141 336 571 620 518 365 881 803 663 651 267 0 53 443 512 782 270 674 339 825 444 170 342 869 912 675 263 849 218 857 385 761 884 434 432 783 569 376 607 756 357 729 220 322 1100 516 213 830 80 162 227 707 209 1011 489 418
687 315 429 772 644 359 430 370 612 659 689 316 125 964 163 632 126 323 558 607 505 352 866 790 647 638 254 53 0 430 499 769 257 661 326 812 429 155 329 856 897 662 250 836 202 844 372 748 868 421 417 767 556 361 594 743 344 716 205 309 1087 503 199 815 65 146 214 691 194 998 476 403
761 722 608 846 717 534 830 444 828 733 763 724 493 1012 292 1023 533 397 632 680 556 286 1037 864 887 712 495 443 430 0 431 843 624 735 400 886 645 562 403 930 998 736 208 909 610 918 97 822 1039 473 816 984 630 624 298 816 417 789 612 383 1135 577 539 953 467 554 287 931 601 1046 136 595
454 791 410 527 399 336 632 162 630 414 444 793 562 703 361 825 602 323 271 361 687 495 718 545 689 393 427 512 499 431 0 524 693 416 297 567 447 631 318 611 679 429 393 591 679 599 434 503 720 682 618 681 311 426 218 498 188 470 681 339 826 270 636 634 535 623 356 733 604 738 324 397
520 960 562 216 307 488 784 620 685 317 276 961 832 286 631 783 823 475 276 196 1036 765 406 112 623 311 579 782 769 843 536 0 963 320 467 399 599 901 470 300 367 496 663 422 949 431 785 70 409 953 770 493 274 578 675 329 627 74 951 491 409 297 906 466 806 802 601 617 756 320 782 549
825 241 577 967 838 553 450 564 737 854 883 242 164 1158 358 643 251 518 752 801 455 393 991 985 773 833 448 270 257 624 693 963 0 856 521 1006 554 140 524 1051 1022 848 445 981 192 973 566 943 994 371 436 893 750 486 788 937 538 910 192 503 1231 698 149 941 243 272 408 817 319 1193 671 528
413 852 455 178 54 380 676 546 525 65 94 854 724 381 524 623 715 367 169 217 928 658 368 341 462 58 472 674 661 735 428 320 856 0 360 217 492 794 362 262 329 388 555 241 841 250 677 273 371 845 663 332 125 470 605 148 520 303 843 383 504 190 799 284 698 695 494 457 649 415 712 442
386 619 342 471 342 268 564 211 562 358 387 620 389 663 189 757 430 255 257 305 593 323 662 489 621 337 359 339 326 400 297 467 521 360 0 511 379 459 250 555 622 361 220 534 506 543 342 447 664 510 550 625 254 358 435 441 185 414 508 271 786 202 464 578 363 450 184 665 498 697 447 329
392 918 592 257 205 531 742 696 335 214 170 919 875 460 675 433 792 518 319 368 1079 808 199 420 272 208 622 825 812 886 579 399 1006 217 511 0 490 894 513 294 230 415 706 51 931 60 828 352 202 996 728 142 276 547 756 91 670 382 930 534 439 341 949 95 849 772 644 267 726 488 862 543
303 471 133 603 474 159 295 565 215 490 519 472 529 792 434 410 334 270 388 437 839 568 469 621 274 469 246 444 429 645 447 599 554 492 379 490 0 435 265 564 500 325 465 458 483 451 587 579 471 755 281 370 386 89 624 553 539 546 483 286 709 334 604 418 398 313 397 317 267 758 692 84
706 180 458 905 776 484 392 502 618 791 821 182 240 1096 296 612 132 455 690 739 531 469 872 923 654 771 386 170 155 562 631 901 140 794 459 894 435 0 462 968 903 729 382 861 104 854 504 880 875 448 378 774 688 367 726 875 476 848 106 441 1112 635 226 821 124 153 346 698 200 1131 609 409
388 622 228 473 345 154 450 343 448 360 390 623 392 665 192 643 433 35 259 308 597 326 664 491 507 339 245 342 329 403 318 470 524 362 250 513 265 462 0 558 625 364 223 537 509 545 345 449 666 513 436 604 257 244 495 444 317 417 512 44 788 204 467 580 366 453 155 551 422 699 450 215
466 992 650 110 249 576 816 741 409 259 218 993 919 361 719 507 866 563 364 405 1124 853 130 321 346 253 667 869 856 930 623 300 1051 262 555 294 564 968 558 0 91 489 750 262 1005 255 872 253 132 1040 802 216 320 621 800 272 715 283 1004 579 343 385 994 222 893 846 689 341 800 393 907 617
402 927 601 178 316 627 751 808 344 326 285 929 987 363 786 442 802 630 431 473 1191 920 65 389 282 320 714 912 897 998 691 367 1022 329 622 230 500 903 625 91 0 424 818 198 940 191 940 320 68 1108 738 152 388 557 868 293 782 351 940 646 279 452 1061 158 866 781 756 276 735 328 974 552
135 764 427 499 371 382 588 547 253 386 416 766 725 691 525 448 627 369 285 334 930 659 393 517 312 365 473 675 662 736 429 496 848 388 361 415 325 729 364 489 424 0 556 383 776 375 678 475 396 846 575 295 283 382 606 470 521 443 777 384 633 230 800 343 691 607 495 344 561 683 713 378
581 542 428 666 538 354 650 264 648 553 583 544 313 858 113 843 354 217 452 501 402 131 857 684 707 532 316 263 250 208 393 663 445 555 220 706 465 382 223 750 818 556 0 730 430 738 151 642 859 318 636 804 450 444 417 637 238 610 432 203 981 397 385 773 287 374 108 751 422 892 255 415
360 886 560 280 228 555 710 720 303 238 193 887 899 483 698 401 760 542 343 392 1103 832 167 444 240 232 646 849 836 909 602 422 981 241 534 51 458 861 537 262 198 383 730 0 899 40 852 375 169 1019 696 110 299 515 780 114 694 406 898 558 407 364 973 75 824 739 668 235 693 456 886 511
754 138 506 952 824 532 350 550 666 839 869 140 293 1144 343 570 180 503 738 787 584 522 909 970 682 818 434 218 202 610 679 949 192 841 506 931 483 104 509 1005 940 776 430 899 0 891 552 928 912 500 336 811 736 415 774 923 524 896 22 489 1149 683 278 859 171 200 394 726 248 1178 656 457
353 878 553 289 237 564 703 729 296 247 202 880 907 483 707 394 753 550 352 400 1112 841 160 453 233 241 655 857 844 918 611 431 973 250 543 60 451 854 545 255 191 375 738 40 891 0 860 384 162 1028 689 103 308 508 788 123 703 415 891 566 400 373 982 80 817 732 677 227 686 449 895 503
703 664 550 788 660 476 772 386 770 675 705 666 435 980 234 965 475 339 574 622 499 228 979 806 829 654 437 385 372 97 434 785 566 677 342 828 587 504 345 872 940 678 151 852 552 860 0 764 981 415 758 926 572 566 301 758 360 731 554 325 1103 519 481 895 409 496 229 873 543 1014 139 537
500 939 542 169 260 467 763 628 638 269 228 941 811 238 611 736 802 454 256 175 1015 744 359 91 576 264 558 761 748 822 515 70 943 273 447 352 579 880 449 253 320 475 642 375 928 384 764 0 362 932 750 445 253 557 684 282 607 53 930 470 362 277 886 418 785 781 581 570 736 273 790 529
373 899 573 219 358 599 723 850 316 368 327 900 969 361 828 414 773 671 473 514 1233 962 37 430 253 362 686 884 868 1039 732 409 994 371 664 202 471 875 666 132 68 396 859 169 912 162 981 362 0 1149 709 123 429 528 909 265 824 392 911 687 277 494 1043 129 837 753 798 248 707 326 1016 524
871 549 718 956 827 644 760 554 938 843 873 550 329 1148 402 980 525 507 742 790 103 204 1147 974 997 822 605 434 421 473 682 953 371 845 510 996 755 448 513 1040 1108 846 318 1019 500 1028 415 932 1149 0 747 1094 740 734 578 926 527 899 500 493 1271 687 248 1063 458 545 397 1041 593 1182 520 705
552 323 304 774 645 330 26 736 464 660 690 325 519 965 558 464 322 441 559 608 830 739 707 792 480 640 417 432 417 816 618 770 436 663 550 728 281 378 436 802 738 575 636 696 336 689 758 750 709 747 0 608 557 213 795 744 710 717 336 457 947 505 525 656 386 301 567 524 255 996 863 255
272 798 472 303 319 498 622 811 215 329 284 799 868 444 773 313 672 609 434 483 1177 906 121 514 152 323 585 783 767 984 693 493 893 332 625 142 370 774 604 216 152 295 804 110 811 103 926 445 123 1094 608 0 390 427 870 205 785 476 810 625 361 455 942 70 736 652 735 147 606 410 977 423
307 747 349 236 108 275 571 440 517 123 153 748 619 439 418 681 610 262 63 112 823 552 427 296 521 102 366 569 556 630 322 274 750 125 254 276 386 688 257 320 388 283 450 299 736 308 572 253 429 740 557 390 0 365 500 206 414 221 738 278 562 84 693 343 592 589 388 515 543 473 606 336
360 403 112 581 453 138 227 544 272 468 498 404 463 773 413 428 266 249 367 416 817 546 526 600 331 447 225 376 361 624 426 578 486 470 358 547 89 367 244 621 557 382 444 515 415 508 566 557 528 734 213 427 365 0 603 552 517 525 415 265 766 312 538 475 330 245 375 375 199 808 670 63
631 886 587 704 576 513 809 257 807 591 621 888 657 798 456 1002 697 500 449 539 554 494 895 722 866 570 604 607 594 298 218 675 788 593 435 744 624 726 495 789 856 606 417 768 774 776 301 680 897 578 795 859 488 603 0 675 283 648 776 516 921 447 731 811 630 718 451 910 765 833 191 574
455 934 536 187 135 462 758 627 398 145 100 935 806 390 605 496 797 449 250 299 1010 739 262 351 335 139 553 756 743 816 509 329 937 148 441 91 553 875 444 272 293 470 637 114 923 123 758 282 265 926 744 205 206 552 687 0 601 313 925 465 502 271 880 158 779 776 575 330 730 425 793 523
545 636 502 631 502 427 723 79 722 517 547 638 407 768 206 917 447 311 416 465 611 340 821 649 781 497 409 357 344 417 188 627 538 520 185 670 539 476 317 715 782 521 238 694 524 703 360 607 824 527 710 785 414 517 283 601 0 574 526 297 892 362 481 737 380 468 201 825 515 803 389 489
467 907 509 199 290 435 731 595 669 300 259 908 778 269 578 767 770 422 223 143 983 712 390 96 606 294 526 729 716 789 482 74 910 303 414 382 546 848 417 283 351 443 610 406 896 415 731 53 392 899 717 476 221 525 651 313 574 0 898 438 392 244 853 449 752 749 548 601 703 304 757 496
754 138 506 954 826 532 350 552 666 841 871 140 292 1146 346 570 182 505 740 789 583 521 909 973 682 820 436 220 205 612 681 951 192 843 508 930 483 106 512 1004 940 777 432 898 22 891 554 930 911 500 336 810 738 415 776 925 526 898 0 491 1149 685 278 858 173 203 396 726 250 1181 659 457
409 601 249 494 366 175 471 323 469 381 411 603 372 686 172 664 413 38 280 329 576 305 685 512 528 360 266 322 309 383 339 491 503 383 271 534 286 441 44 579 646 384 203 558 489 566 325 470 687 493 457 625 278 265 516 465 297 438 491 0 809 225 446 601 346 433 134 572 443 720 429 236
611 1136 811 400 491 806 960 866 554 501 460 1138 1150 146 950 652 1011 793 595 514 1354 1083 275 430 491 495 897 1100 1087 1135 826 409 1231 504 786 439 709 1112 788 343 279 633 981 407 1149 400 1103 362 277 1271 947 361 562 766 921 502 892 392 1149 809 0 616 1225 367 1075 990 920 485 944 112 1028 761
255 694 297 301 172 222 518 388 465 188 217 696 566 493 366 660 557 209 87 135 770 499 492 319 524 167 313 516 503 577 270 297 698 190 202 341 334 635 204 385 452 230 397 364 683 373 519 277 494 687 505 455 84 312 447 271 362 244 685 225 616 0 641 408 540 536 336 557 491 527 554 284
824 327 567 910 781 496 538 507 787 796 826 328 107 1101 301 758 303 460 695 744 332 270 1041 928 825 776 391 213 199 539 636 906 149 799 464 949 604 226 467 994 1061 800 385 973 278 982 481 886 1043 248 525 942 693 538 731 880 481 853 278 446 1225 641 0 990 236 324 351 868 371 1136 586 554
320 846 520 309 271 545 670 763 263 281 237 847 916 451 741 361 720 585 386 435 1146 875 127 487 200 275 633 830 815 953 646 466 941 284 578 95 418 821 580 222 158 343 773 75 859 80 895 418 129 1063 656 70 343 475 823 158 737 449 858 601 367 408 990 0 784 699 711 195 653 416 929 471
669 284 421 809 680 396 399 406 581 696 725 285 162 1001 200 601 95 360 595 643 541 389 835 827 616 675 290 80 65 467 535 806 243 698 363 849 398 124 366 893 866 691 287 824 171 817 409 785 837 458 386 736 592 330 630 779 380 752 173 346 1075 540 236 784 0 115 250 660 163 1035 513 372
584 313 336 806 677 362 315 494 496 692 722 314 249 997 287 516 73 447 591 640 629 476 750 824 532 672 378 162 146 554 623 802 272 695 450 772 313 153 453 846 781 607 374 739 200 732 496 781 753 545 301 652 589 245 718 776 468 749 203 433 990 536 324 699 115 0 338 576 78 1032 600 287
519 506 359 605 476 285 581 227 580 492 521 508 276 796 76 774 317 148 390 439 481 210 795 623 638 471 279 227 214 287 356 601 408 494 184 644 397 346 155 689 756 495 108 668 394 677 229 581 798 397 567 735 388 375 451 575 201 548 396 134 920 336 351 711 250 338 0 682 385 831 334 347
322 713 419 428 444 445 537 851 130 453 409 715 794 569 720 228 596 556 559 607 1124 854 245 639 68 448 532 707 691 931 733 617 817 457 665 267 317 698 551 341 276 344 751 235 726 227 873 570 248 1041 524 147 515 375 910 330 825 601 726 572 485 557 868 195 660 576 682 0 530 535 978 370
538 360 290 760 631 316 269 541 450 646 676 362 297 951 335 470 99 427 545 594 676 524 704 778 486 626 403 209 194 601 604 756 319 649 498 726 267 200 422 800 735 561 422 693 248 686 543 736 707 593 255 606 543 199 765 730 515 703 250 443 944 491 371 653 163 78 385 530 0 986 648 241
660 1186 792 311 402 718 1010 777 603 412 371 1187 1061 57 861 701 1052 704 506 425 1266 995 324 342 540 406 809 1011 998 1046 738 320 1193 415 697 488 758 1131 699 393 328 683 892 456 1178 449 1014 273 326 1182 996 410 473 808 833 425 803 304 1181 720 112 527 1136 416 1035 1032 831 535 986 0 939 779
737 769 655 811 682 580 876 364 875 697 727 770 539 905 339 1070 580 443 555 645 600 332 1001 829 934 677 542 489 476 136 324 782 671 700 447 850 692 609 450 895 962 713 255 874 656 883 139 787 1004 520 863 965 594 670 191 781 389 754 659 429 1028 554 586 917 513 600 334 978 648 939 0 642
355 445 83 553 424 109 269 515 267 440 469 446 479 744 384 462 308 220 338 387 789 518 521 571 326 419 196 418 403 595 397 549 528 442 329 543 84 409 215 617 552 378 415 511 457 503 537 529 524 705 255 423 336 63 574 523 489 496 457 236 761 284 554 471 372 287 347 370 241 779 642 0
EOF