NAME : tsp_problem
TYPE : TSP
DIMENSION : 28
EDGE_WEIGHT_TYPE : EXPLICIT
EDGE_WEIGHT_FORMAT : FULL_MATRIX
EDGE_WEIGHT_SECTION
0 2020 1732 1973 1984 2081 2043 98 2085 2032 1580 2006 1989 303 2087 1759 2082 2027 2073 2024 2010 1853 1831 2037 2065 1994 2125 69
2018 0 636 124 135 169 194 1971 174 183 696 51 67 2249 176 604 170 116 162 112 34 444 466 126 154 146 214 2013
1729 636 0 589 600 696 659 1682 701 647 407 622 605 1960 703 157 697 643 689 639 626 215 193 653 681 610 741 1724
1970 124 589 0 57 184 141 1923 189 130 648 110 93 2201 191 557 185 131 177 127 114 396 418 141 169 68 229 1965
1981 135 600 57 0 195 152 1934 200 140 659 121 103 2212 202 567 196 142 188 138 124 407 429 151 179 78 239 1976
2078 169 696 184 195 0 255 2031 77 243 756 155 138 2309 78 664 73 63 65 132 159 504 526 59 56 206 116 2073
2041 194 659 141 152 255 0 1993 259 118 718 180 163 2271 261 627 255 201 247 198 184 467 488 211 239 162 299 2036
98 1973 1684 1926 1936 2033 1996 0 2038 1984 1533 1959 1942 329 2040 1712 2034 1980 2026 1976 1962 1805 1783 1990 2017 1947 2077 93
2083 174 701 189 200 77 259 2036 0 248 761 160 143 2314 83 669 78 68 69 136 164 509 531 63 61 211 85 2078
2029 183 647 130 140 243 118 1982 248 0 707 169 151 2260 250 615 244 190 236 186 172 455 477 199 227 151 287 2024
1580 696 407 648 659 756 718 1533 761 707 0 682 664 1811 762 435 757 703 749 699 685 528 506 712 740 670 800 1575
2004 51 622 110 121 155 180 1957 160 169 682 0 64 2235 162 590 156 102 148 98 64 430 452 112 140 132 200 1999
1986 67 605 93 103 138 163 1939 143 151 664 64 0 2217 144 572 139 85 131 81 67 412 434 94 122 114 182 1981
303 2251 1963 2204 2215 2311 2274 329 2316 2262 1811 2237 2220 0 2318 1990 2312 2258 2304 2254 2241 2083 2062 2268 2296 2225 2356 293
2084 176 703 191 202 78 261 2037 83 250 762 162 144 2315 0 671 79 70 71 138 165 510 532 65 63 212 86 2079
1757 604 157 557 567 664 627 1709 669 615 435 590 572 1987 671 0 665 611 657 607 593 182 161 620 648 578 708 1752
2079 170 697 185 196 73 255 2032 78 244 757 156 139 2310 79 665 0 64 66 133 160 505 527 60 57 207 94 2074
2025 116 643 131 142 63 201 1977 68 190 703 102 85 2256 70 611 64 0 56 78 106 451 473 50 48 152 108 2020
2071 162 689 177 188 65 247 2023 69 236 749 148 131 2302 71 657 66 56 0 124 152 497 519 51 49 199 99 2066
2021 112 639 127 138 132 198 1974 136 186 699 98 81 2252 138 607 133 78 124 0 102 447 469 88 116 149 176 2016
2007 34 626 114 124 159 184 1960 164 172 685 64 67 2238 165 593 160 106 152 102 0 433 455 115 143 135 203 2002
1850 444 215 396 407 504 467 1803 509 455 528 430 412 2081 510 182 505 451 497 447 433 0 110 460 488 418 548 1845
1828 466 193 418 429 526 488 1781 531 477 506 452 434 2059 532 161 527 473 519 469 455 110 0 482 510 440 570 1823
2034 126 653 141 151 59 211 1987 63 199 712 112 94 2265 65 620 60 50 51 88 115 460 482 0 43 162 103 2029
2062 154 681 169 179 56 239 2015 61 227 740 140 122 2293 63 648 57 48 49 116 143 488 510 43 0 190 100 2057
1992 146 610 68 78 206 162 1944 211 151 670 132 114 2223 212 578 207 152 199 149 135 418 440 162 190 0 250 1987
2122 214 741 229 239 116 299 2075 85 287 800 200 182 2353 86 708 94 108 99 176 203 548 570 103 100 250 0 2117
69 2015 1727 1968 1979 2076 2038 93 2080 2027 1575 2001 1984 293 2082 1754 2077 2022 2068 2019 2005 1848 1826 2032 2060 1989 2120 0
EOF