NAME : tsp_problem
TYPE : TSP
DIMENSION : 30
EDGE_WEIGHT_TYPE : EXPLICIT
EDGE_WEIGHT_FORMAT : FULL_MATRIX
EDGE_WEIGHT_SECTION
0 591 153 145 248 222 178 128 1852 111 677 583 138 156 447 165 220 133 698 243 1952 1685 101 112 153 107 521 167 149 206
591 0 610 602 705 678 635 585 1604 573 429 100 595 613 167 622 677 590 450 700 1704 1437 646 656 673 570 769 624 669 663
153 610 0 14 163 137 46 84 1871 135 696 601 94 25 466 81 135 89 717 158 1970 1703 207 218 234 131 539 124 231 121
145 602 14 0 155 129 39 76 1863 127 688 593 86 17 458 73 127 81 709 150 1963 1696 200 210 226 123 531 116 223 113
248 705 163 155 0 61 188 179 1966 230 791 696 189 166 561 109 65 184 812 47 2065 1798 303 313 329 226 634 219 326 78
222 678 137 129 61 0 161 153 1939 203 764 670 163 140 534 83 84 158 785 66 2039 1772 276 286 303 200 608 192 299 73
178 635 46 39 188 161 0 109 1896 160 721 626 119 50 490 105 160 114 742 183 1995 1728 232 243 259 156 564 148 256 146
128 585 84 76 179 153 109 0 1846 110 671 577 63 88 441 97 151 65 692 174 1946 1679 183 193 209 107 515 71 206 137
1855 1607 1873 1865 1968 1942 1898 1849 0 1837 1448 1533 1859 1877 1684 1886 1940 1854 1427 1963 147 227 1909 1920 1936 1833 2032 1888 1933 1926
111 573 135 127 230 203 160 110 1834 0 659 565 120 138 429 147 202 115 680 225 1934 1667 165 175 192 64 503 149 188 188
677 429 696 688 791 764 721 671 1448 659 0 356 681 699 506 708 762 676 187 786 1548 1281 732 742 758 656 855 710 755 749
583 100 601 593 696 670 626 577 1531 565 356 0 587 605 158 614 668 582 377 691 1630 1363 637 648 664 561 760 616 661 654
138 595 94 86 189 163 119 63 1856 120 681 587 0 98 451 107 161 59 702 184 1956 1689 193 203 219 117 525 63 216 147
156 613 25 17 166 140 50 88 1874 138 699 605 98 0 469 84 138 93 720 161 1974 1707 211 221 237 135 543 127 234 124
447 167 466 458 561 534 490 441 1681 429 506 158 451 469 0 478 532 446 527 556 1781 1514 502 512 528 425 625 480 525 519
165 622 81 73 109 83 105 97 1883 147 708 614 107 84 478 0 81 102 729 104 1983 1716 220 230 247 144 552 136 243 67
220 677 135 127 65 84 160 151 1937 202 762 668 161 138 532 81 0 156 784 70 2037 1770 274 284 301 198 606 190 298 71
133 590 89 81 184 158 114 65 1851 115 676 582 59 93 446 102 156 0 697 179 1951 1684 188 198 214 112 520 67 211 142
698 450 717 709 812 785 742 692 1427 680 187 377 702 720 527 729 784 697 0 807 1527 1260 753 763 780 677 876 731 776 770
243 700 158 150 47 66 183 174 1961 225 786 691 184 161 556 104 70 179 807 0 2060 1793 297 308 324 221 629 214 321 83
1954 1707 1973 1965 2068 2042 1998 1948 147 1936 1548 1633 1958 1976 1783 1986 2040 1953 1527 2063 0 327 2009 2019 2036 1933 2132 1987 2032 2026
1687 1440 1706 1698 1801 1775 1731 1681 227 1669 1281 1366 1691 1709 1516 1718 1773 1686 1260 1796 327 0 1742 1752 1769 1666 1865 1720 1765 1759
101 646 207 200 303 276 232 183 1907 165 732 637 193 211 502 220 274 188 753 297 2006 1739 0 136 207 162 575 222 204 261
112 656 218 210 313 286 243 193 1917 175 742 648 203 221 512 230 284 198 763 308 2017 1750 136 0 217 172 586 232 214 271
153 673 234 226 329 303 259 209 1933 192 758 664 219 237 528 247 301 214 780 324 2033 1766 207 217 0 188 602 249 110 287
107 570 131 123 226 200 156 107 1831 64 656 561 117 135 425 144 198 112 677 221 1930 1663 162 172 188 0 499 146 185 184
521 748 540 532 635 609 565 515 2009 503 834 740 525 543 604 553 607 520 855 630 2109 1842 576 586 603 500 0 554 599 593
167 624 124 116 219 192 148 71 1885 149 710 616 63 127 480 136 190 67 731 214 1985 1718 222 232 249 146 554 0 245 177
149 669 231 223 326 299 256 206 1930 188 755 661 216 234 525 243 298 211 776 321 2030 1763 204 214 110 185 599 245 0 284
206 663 121 113 78 73 146 137 1924 188 749 654 147 124 519 67 71 142 770 83 2023 1756 261 271 287 184 592 177 284 0
EOF