NAME : tsp_problem
TYPE : TSP
DIMENSION : 56
EDGE_WEIGHT_TYPE : EXPLICIT
EDGE_WEIGHT_FORMAT : FULL_MATRIX
EDGE_WEIGHT_SECTION
0 576 647 682 646 408 672 637 603 1719 144 620 696 635 671 614 650 701 623 613 168 605 644 1726 174 658 695 673 623 694 130 794 696 100 696 653 697 669 681 650 648 627 672 626 587 692 1416 623 706 609 695 640 737 137 682 1584
576 0 125 161 124 637 144 115 82 1948 478 98 175 113 143 93 128 180 101 842 533 83 122 1954 527 131 173 151 95 173 578 481 174 521 168 132 170 147 153 122 127 105 144 105 35 171 1645 102 178 56 173 118 215 570 160 1812
647 125 0 61 74 708 221 124 90 2019 549 107 76 122 220 101 62 81 69 913 604 92 131 2025 598 208 74 52 172 74 649 552 75 592 245 140 247 115 230 199 135 73 221 113 137 72 1716 110 255 158 74 127 116 641 66 1883
682 161 61 0 59 743 256 159 125 2054 584 142 61 157 255 136 47 66 69 948 639 127 166 2060 633 243 59 37 207 59 684 587 60 627 280 175 282 150 265 234 170 108 256 148 172 57 1751 145 290 193 59 162 101 676 51 1918
646 124 74 59 0 707 220 122 89 2017 548 105 73 120 219 100 59 78 67 911 603 90 129 2024 596 206 72 50 171 71 647 550 73 591 244 139 245 114 229 198 134 71 220 112 135 69 1714 109 254 157 72 126 113 639 63 1882
408 637 708 743 707 0 733 698 664 1584 421 681 757 696 732 676 711 763 684 635 445 666 705 1590 450 719 756 734 684 755 407 855 757 377 757 714 758 730 742 711 709 688 733 687 648 754 1281 685 767 670 756 701 798 414 743 1448
672 144 221 256 220 733 0 211 177 2043 574 194 270 209 127 188 224 275 197 937 628 179 217 2050 622 117 269 247 109 268 673 576 270 617 207 227 208 243 97 133 222 201 88 200 155 266 1740 197 216 177 269 214 310 665 256 1908
637 115 124 159 122 698 211 0 73 2008 539 44 173 28 210 58 127 178 100 903 594 57 36 2015 588 197 172 150 162 171 638 542 173 582 235 49 236 146 220 189 39 103 211 53 126 169 1706 50 245 148 172 31 213 631 159 1873
603 82 90 125 89 664 177 73 0 1975 505 63 139 67 176 57 93 145 66 869 560 48 75 1981 554 164 138 116 128 137 605 508 139 548 201 88 203 112 186 155 79 70 177 69 93 135 1672 66 211 114 138 70 180 597 125 1839
1721 1950 2021 2056 2020 1584 2046 2011 1977 0 1734 1994 2070 2009 2045 1989 2024 2076 1997 1777 1758 1979 2018 459 1763 2032 2069 2047 1997 2068 1720 2168 2070 1690 2070 2027 2071 2043 2055 2024 2022 2001 2046 2000 1961 2067 363 1998 2080 1983 2069 2014 2111 1727 2056 317
144 478 549 584 548 421 574 539 505 1731 0 522 598 537 573 516 552 604 525 625 101 507 546 1738 95 560 597 575 525 596 143 696 598 90 598 555 599 571 583 552 550 529 574 528 489 595 1429 526 608 511 597 542 639 138 584 1596
620 98 107 142 105 681 194 44 63 1991 522 0 156 38 193 69 110 161 83 886 577 64 46 1998 571 180 155 133 145 154 621 525 156 565 218 59 219 129 203 172 50 86 194 63 109 152 1689 60 228 131 155 41 196 614 141 1856
696 175 76 61 73 757 270 173 139 2068 598 156 0 171 269 151 61 80 84 962 653 141 180 2074 647 257 74 51 221 73 698 601 74 642 294 189 296 164 279 248 184 122 270 162 186 71 1765 160 304 207 74 176 90 690 65 1932
635 113 122 157 120 696 209 28 67 2006 537 38 171 0 208 52 125 176 97 900 592 51 29 2013 585 195 170 148 160 169 636 539 170 580 233 43 234 144 218 187 33 101 209 46 124 167 1704 43 243 146 170 25 211 629 156 1871
671 143 220 255 219 732 127 210 176 2042 573 193 269 208 0 187 223 274 196 936 628 178 217 2049 621 143 268 246 108 267 672 575 269 616 206 226 207 242 136 135 221 200 127 199 154 265 1739 196 216 176 268 213 310 664 255 1907
614 93 101 136 100 676 188 58 57 1986 516 69 151 52 187 0 104 156 77 880 571 59 60 1993 565 175 149 127 139 149 616 519 150 560 213 74 214 123 198 166 64 81 188 77 104 147 1683 74 222 125 149 55 191 608 136 1851
650 128 62 47 59 711 224 127 93 2022 552 110 61 125 223 104 0 66 70 916 607 95 134 2028 601 211 60 38 175 59 652 555 60 595 248 143 250 118 233 202 138 76 224 116 140 57 1719 113 258 161 60 130 101 644 51 1886
701 180 81 66 78 763 275 178 145 2073 604 161 80 176 274 156 66 0 89 967 658 146 185 2080 652 262 77 57 226 78 703 606 79 647 300 195 301 169 285 253 190 127 276 168 191 76 1770 165 310 212 79 181 82 695 70 1938
623 101 69 69 67 684 197 100 66 1994 525 83 84 97 196 77 70 89 0 889 580 67 106 2001 574 183 82 60 148 81 624 528 83 568 221 116 222 91 206 175 111 49 197 89 112 80 1692 86 231 134 82 103 124 617 73 1859
613 842 913 948 911 635 937 903 869 1774 625 886 962 900 936 880 916 967 889 0 650 870 909 1781 655 924 961 939 888 960 612 1059 961 581 962 919 963 935 947 915 914 892 937 892 853 958 1472 889 971 874 961 906 1002 618 947 1639
168 533 604 639 603 445 628 594 560 1756 101 577 653 592 628 571 607 658 580 650 0 562 601 1762 150 615 652 630 579 651 167 751 653 137 653 610 654 626 638 607 605 584 629 583 544 649 1453 580 663 566 652 597 694 174 639 1620
605 83 92 127 90 666 179 57 48 1976 507 64 141 51 178 59 95 146 67 870 562 0 59 1983 555 165 140 118 130 139 606 509 140 550 203 73 204 114 188 157 63 71 179 71 94 137 1674 68 213 116 140 54 181 599 126 1841
644 122 131 166 129 705 217 36 75 2015 546 46 180 29 217 60 134 185 106 909 601 59 0 2022 594 204 179 156 169 178 645 548 179 589 242 51 243 153 227 196 41 110 218 55 133 176 1712 51 252 155 179 33 220 637 165 1880
1728 1957 2028 2063 2026 1590 2052 2018 1984 459 1741 2001 2077 2015 2051 1995 2031 2082 2004 1783 1765 1985 2024 0 1770 2039 2076 2054 2003 2075 1727 2174 2077 1697 2077 2034 2078 2050 2062 2030 2029 2007 2052 2007 1968 2073 369 2004 2086 1989 2076 2021 2117 1733 2062 189
174 527 598 633 596 450 622 588 554 1761 95 571 647 585 621 565 601 652 574 655 150 555 594 1767 0 609 646 624 573 645 172 744 646 138 647 604 648 620 632 600 599 577 622 577 538 643 1458 574 656 559 646 591 687 179 632 1625
658 131 208 243 206 719 117 197 164 2030 560 180 257 195 143 175 211 262 183 924 615 165 204 2036 609 0 256 233 95 255 660 563 256 603 193 214 195 230 126 123 209 187 117 187 142 253 1727 184 203 163 256 201 297 652 242 1894
695 173 74 59 72 756 269 172 138 2067 597 155 74 170 268 149 60 77 82 961 652 140 179 2073 646 256 0 50 220 71 697 600 73 640 293 188 295 163 278 247 183 121 269 161 185 70 1764 158 303 206 72 175 83 689 63 1931
673 151 52 37 50 734 247 150 116 2045 575 133 51 148 246 127 38 57 60 939 630 118 156 2051 624 233 50 0 198 49 674 578 51 618 271 166 273 141 256 225 161 99 247 139 163 48 1742 136 281 184 50 153 92 667 41 1909
623 95 172 207 171 684 109 162 128 1994 525 145 221 160 108 139 175 226 148 888 579 130 169 2001 573 95 220 198 0 219 624 527 221 568 158 178 159 194 118 87 173 152 109 151 106 217 1691 148 167 128 220 165 262 616 207 1859
694 173 74 59 71 755 268 171 137 2066 596 154 73 169 267 149 59 78 81 960 651 139 178 2072 645 255 71 49 219 0 696 599 72 639 292 187 294 162 277 246 182 120 268 160 184 69 1763 158 302 205 72 174 95 688 63 1930
130 578 649 684 647 407 673 638 605 1718 143 621 698 636 672 616 652 703 624 612 167 606 645 1724 172 660 697 674 624 696 0 795 697 99 697 655 699 671 682 651 650 628 673 628 589 694 1415 625 707 610 697 642 738 136 683 1582
773 481 553 588 551 834 577 542 509 2144 675 525 602 540 576 520 555 607 528 1038 730 510 549 2151 723 564 600 578 528 600 774 0 601 718 601 559 603 574 586 555 554 532 577 532 493 598 1842 529 611 514 600 545 642 767 587 2009
696 174 75 60 73 757 270 173 139 2067 598 156 74 170 269 150 60 79 83 961 653 140 179 2074 646 256 73 51 221 72 697 601 0 641 294 189 295 164 279 248 184 121 270 162 185 70 1765 159 304 207 73 176 96 690 64 1932
100 521 592 627 591 377 617 582 548 1687 90 565 642 580 616 560 595 647 568 581 137 550 589 1694 138 603 640 618 568 639 99 739 641 0 641 598 643 614 626 595 593 572 617 571 533 638 1385 569 651 554 640 585 682 106 627 1552
696 168 245 280 244 757 207 235 201 2067 598 218 294 233 206 213 248 300 221 962 653 203 242 2074 647 193 293 271 158 292 697 601 294 641 0 251 111 267 216 185 246 225 207 224 180 291 1765 222 103 201 293 238 335 690 280 1932
653 132 140 175 139 714 227 49 88 2025 555 59 189 43 226 74 143 195 116 919 610 73 51 2031 604 214 188 166 178 187 655 558 189 598 251 0 253 162 236 205 55 120 227 68 143 186 1722 65 261 164 188 46 230 647 175 1889
697 170 247 282 245 758 208 236 203 2069 599 219 296 234 207 214 250 301 222 963 654 204 243 2075 648 195 295 273 159 294 699 602 295 643 111 253 0 269 217 186 248 226 208 226 181 292 1766 223 119 202 295 240 336 691 281 1933
669 147 115 150 114 730 243 146 112 2041 571 129 164 144 242 123 118 169 91 935 626 114 153 2047 620 230 163 141 194 162 671 574 164 614 267 162 269 0 252 221 157 48 243 135 159 160 1738 132 277 180 163 149 205 663 150 1905
681 153 230 265 229 742 97 220 186 2052 583 203 279 218 136 198 233 285 206 947 638 188 227 2059 632 126 278 256 118 277 682 586 279 626 216 236 217 252 0 142 231 210 97 209 165 276 1750 207 226 186 278 223 320 675 265 1917
650 122 199 234 198 711 133 189 155 2021 552 172 248 187 135 166 202 253 175 915 607 157 196 2028 600 123 247 225 87 246 651 554 248 595 185 205 186 221 142 0 200 179 133 178 133 244 1718 175 195 155 247 192 289 643 234 1886
648 127 135 170 134 709 222 39 79 2020 550 50 184 33 221 64 138 190 111 914 605 63 41 2026 599 209 183 161 173 182 650 553 184 593 246 55 248 157 231 200 0 115 222 58 138 181 1717 55 256 159 183 36 225 642 170 1884
627 105 73 108 71 688 201 103 70 1998 529 86 122 101 200 81 76 127 49 892 584 71 110 2005 577 187 121 99 152 120 628 531 121 572 225 120 226 48 210 179 115 0 201 93 116 118 1696 90 235 138 121 107 162 621 107 1863
672 144 221 256 220 733 88 211 177 2043 574 194 270 209 127 188 224 276 197 937 629 179 218 2050 622 117 269 247 109 268 673 576 270 617 207 227 208 243 97 133 222 201 0 200 155 266 1741 197 217 177 269 214 311 666 256 1908
626 105 113 148 112 687 200 53 69 1998 528 63 162 46 199 77 116 168 89 892 583 71 55 2004 577 187 161 139 151 160 628 531 162 571 224 68 226 135 209 178 58 93 200 0 116 159 1695 68 234 137 161 50 203 620 148 1862
587 35 137 172 135 648 155 126 93 1959 489 109 186 124 154 104 140 191 112 853 544 94 133 1965 538 142 185 163 106 184 589 492 185 533 180 143 181 159 165 133 138 116 155 116 0 182 1656 113 190 68 185 130 226 581 171 1823
692 171 72 57 69 754 266 169 135 2064 595 152 71 167 265 147 57 76 80 958 649 137 176 2071 643 253 70 48 217 69 694 597 70 638 291 186 292 160 276 244 181 118 266 159 182 0 1761 156 300 203 70 172 94 686 61 1929
1419 1647 1718 1753 1717 1281 1743 1708 1674 363 1431 1691 1768 1706 1742 1686 1721 1773 1694 1474 1455 1676 1715 369 1461 1730 1766 1744 1694 1766 1417 1865 1767 1387 1767 1725 1769 1740 1752 1721 1720 1698 1743 1698 1659 1764 0 1695 1777 1680 1766 1711 1808 1424 1753 227
623 102 110 145 109 685 197 50 66 1995 526 60 160 43 196 74 113 165 86 889 580 68 51 2002 574 184 158 136 148 158 625 528 159 569 222 65 223 132 207 175 55 90 197 68 113 156 1692 0 231 134 158 47 200 617 145 1860
706 178 255 290 254 767 216 245 211 2077 608 228 304 243 216 222 258 310 231 971 663 213 252 2084 656 203 303 281 167 302 707 611 304 651 103 261 119 277 226 195 256 235 217 234 190 300 1775 231 0 211 303 248 345 700 290 1942
609 56 158 193 157 670 177 148 114 1980 511 131 207 146 176 125 161 212 134 874 566 116 155 1987 559 163 206 184 128 205 610 513 207 554 201 164 202 180 186 155 159 138 177 137 68 203 1677 134 211 0 206 151 248 602 193 1845
695 173 74 59 72 756 269 172 138 2067 597 155 74 170 268 149 60 79 82 961 652 140 179 2073 646 256 72 50 220 72 697 600 73 640 293 188 295 163 278 247 183 121 269 161 185 70 1764 158 303 206 0 175 114 689 64 1931
640 118 127 162 126 701 214 31 70 2012 542 41 176 25 213 55 130 181 103 906 597 54 33 2018 591 201 175 153 165 174 642 545 176 585 238 46 240 149 223 192 36 107 214 50 130 172 1709 47 248 151 175 0 217 634 162 1876
737 215 116 101 113 798 310 213 180 2108 639 196 90 211 310 191 101 82 124 1002 694 181 220 2115 687 297 83 92 262 95 738 641 96 682 335 230 336 205 320 289 225 162 311 203 226 94 1805 200 345 248 114 217 0 730 105 1973
137 570 641 676 639 414 665 631 597 1724 138 614 690 629 664 608 644 695 617 618 174 599 637 1731 179 652 689 667 616 688 136 787 690 106 690 647 691 663 675 643 642 621 666 620 581 686 1421 617 700 602 689 634 730 0 676 1589
682 160 66 51 63 743 256 159 125 2053 584 141 65 156 255 136 51 70 73 947 639 126 165 2060 632 242 63 41 207 63 683 587 64 627 280 175 281 150 265 234 170 107 256 148 171 61 1751 145 290 193 64 162 105 676 0 1918
1586 1815 1886 1921 1884 1448 1910 1876 1842 317 1599 1859 1935 1873 1909 1853 1889 1940 1862 1641 1623 1843 1882 189 1628 1897 1934 1912 1861 1933 1585 2032 1935 1555 1935 1892 1936 1908 1920 1888 1887 1865 1910 1865 1826 1931 227 1862 1944 1847 1934 1879 1975 1591 1920 0
EOF