NAME : tsp_problem
TYPE : TSP
DIMENSION : 28
EDGE_WEIGHT_TYPE : EXPLICIT
EDGE_WEIGHT_FORMAT : FULL_MATRIX
EDGE_WEIGHT_SECTION
0 1100 1082 148 1101 1153 997 977 910 1195 918 1148 1168 894 775 900 1053 1136 1030 1148 1097 1184 1150 871 1145 1195 1151 1143
958 0 469 951 891 943 787 766 699 908 707 937 957 684 580 636 440 925 820 937 887 973 940 675 935 908 940 932
606 552 0 599 539 591 435 415 347 633 355 585 605 332 228 337 505 573 468 585 535 621 588 323 583 633 588 580
148 1092 1074 0 1094 1146 990 970 902 1188 910 1140 1160 887 768 892 1045 1129 1023 1140 1090 1176 1143 863 1138 1188 1144 1135
954 900 882 947 0 268 370 171 482 500 474 230 249 471 576 477 853 149 104 230 168 228 232 671 227 500 266 225
1006 952 934 999 268 0 422 223 319 337 311 172 192 340 628 421 905 160 218 172 304 208 174 723 169 337 87 167
850 796 778 843 370 422 0 246 383 654 390 416 436 367 472 373 749 404 299 416 366 452 419 567 414 654 420 411
830 776 758 822 171 223 246 0 362 455 370 218 238 347 451 353 729 206 100 218 167 254 220 547 216 455 221 213
771 716 699 763 478 319 374 354 0 321 100 385 405 162 392 131 669 373 407 385 474 421 388 487 383 321 316 380
1056 908 930 1049 500 337 654 455 321 0 313 404 424 373 678 401 901 392 450 404 536 440 406 773 401 155 335 399
778 724 706 771 474 311 382 361 100 313 0 377 397 170 400 139 677 365 414 377 481 413 380 495 375 313 309 372
1001 947 929 993 230 172 416 218 385 404 377 0 71 406 622 487 900 121 180 51 292 87 53 718 48 404 170 46
1021 966 948 1013 249 192 436 238 405 424 397 71 0 426 642 507 919 141 199 70 312 106 73 737 68 424 189 66
755 701 683 747 462 340 358 338 162 373 170 406 426 0 376 152 654 394 391 406 458 442 409 472 404 373 337 401
912 441 423 905 845 896 741 720 653 902 661 891 911 637 0 630 394 879 773 891 841 927 894 212 889 902 894 886
761 636 659 753 468 421 364 344 131 401 139 487 507 152 382 0 630 475 397 487 464 523 489 478 485 401 418 482
620 566 131 613 553 604 449 428 361 647 369 599 619 345 242 351 0 587 481 599 549 635 601 337 597 647 602 594
989 935 917 981 149 160 404 206 373 392 365 121 141 394 610 475 888 0 150 121 262 154 124 706 119 392 158 116
883 829 811 875 104 218 299 100 415 450 423 180 199 400 504 406 782 150 0 180 146 215 182 600 177 450 216 175
1001 946 929 993 230 172 416 218 385 404 377 51 70 406 622 487 900 121 180 0 292 87 53 718 48 404 170 46
950 896 878 943 168 304 366 167 483 536 490 292 312 467 572 473 849 262 146 292 0 328 294 667 289 536 302 287
1037 982 965 1029 228 208 452 254 421 440 413 87 106 442 658 523 935 154 215 87 328 0 89 753 84 440 205 82
1003 949 931 996 232 174 419 220 388 406 380 53 73 409 625 489 902 124 182 53 294 89 0 720 51 406 172 48
795 324 306 788 727 779 624 603 536 785 544 774 794 520 417 513 277 762 656 774 723 810 776 0 772 785 777 769
998 944 926 991 227 169 414 216 383 401 375 48 68 404 620 485 897 119 177 48 289 84 51 715 0 401 167 43
1056 908 930 1049 500 337 654 455 321 155 313 404 424 373 678 401 901 392 450 404 536 440 406 773 401 0 335 399
1004 950 932 996 266 87 420 221 316 335 309 170 189 337 625 418 903 158 216 170 302 205 172 721 167 335 0 165
996 941 924 988 225 167 411 213 380 399 372 46 66 401 617 482 895 116 175 46 287 82 48 713 43 399 165 0
EOF