NAME : tsp_problem
TYPE : TSP
DIMENSION : 20
EDGE_WEIGHT_TYPE : EXPLICIT
EDGE_WEIGHT_FORMAT : FULL_MATRIX
EDGE_WEIGHT_SECTION
0 682 803 421 592 314 984 1077 310 193 325 372 1026 1032 856 933 806 854 773 872
682 0 1390 1003 210 901 704 751 614 780 676 959 746 707 1443 1520 481 1441 315 1459
803 1390 0 429 1267 675 1414 1506 837 663 999 503 1456 1461 140 283 1236 115 1480 308
421 1003 429 0 868 302 1266 1359 437 402 688 471 1308 1314 482 625 1089 480 1118 610
592 210 1267 868 0 811 878 926 498 715 612 894 920 881 1320 1455 655 1318 489 1395
314 901 675 302 811 0 1039 1131 381 174 510 244 1081 1086 728 805 861 726 991 744
1060 725 1682 1405 899 1278 0 940 1095 1157 1053 1250 506 895 1735 1812 670 1732 452 1751
1077 751 1506 1359 926 1131 712 0 1121 1120 1079 1075 754 112 1559 1636 318 1557 694 1575
310 614 837 437 498 381 1073 1121 0 444 524 550 1115 1076 889 1033 851 887 808 1018
193 780 663 402 715 174 1027 1120 444 0 389 232 1069 1075 716 793 849 714 870 732
325 676 999 688 612 510 1016 1079 524 389 0 567 1058 1035 1052 1129 809 1049 766 1068
372 959 503 471 894 244 982 1075 550 232 567 0 1025 1030 556 631 805 553 1049 570
1044 709 1666 1388 883 1262 448 924 1078 1141 1037 1234 0 879 1718 1796 654 1716 436 1735
1032 707 1461 1314 881 1086 667 112 1076 1075 1035 1030 709 0 1514 1592 273 1512 649 1531
856 1443 140 482 1320 728 1467 1559 889 716 1052 556 1509 1514 0 181 1289 190 1533 357
933 1520 283 625 1455 805 1544 1636 1033 793 1129 631 1586 1592 181 0 1366 334 1610 200
806 481 1236 1089 655 861 441 318 851 849 809 805 483 273 1289 1366 0 1287 424 1305
854 1441 115 480 1318 726 1464 1557 887 714 1049 553 1506 1512 190 334 1287 0 1531 358
773 315 1480 1118 489 991 473 694 808 870 766 1049 515 649 1533 1610 424 1531 0 1549
872 1459 308 610 1395 744 1483 1575 1018 732 1068 570 1525 1531 357 200 1305 358 1549 0
EOF