NAME : tsp_problem
TYPE : TSP
DIMENSION : 30
EDGE_WEIGHT_TYPE : EXPLICIT
EDGE_WEIGHT_FORMAT : FULL_MATRIX
EDGE_WEIGHT_SECTION
0 1138 1295 1100 730 526 958 589 1242 237 825 505 464 1481 301 1313 1302 541 962 966 405 490 1210 1264 1308 1150 1352 1027 440 296
1013 0 303 172 443 1423 1855 753 432 986 661 691 950 589 1055 369 412 705 239 221 1302 912 355 320 342 388 497 498 1035 1192
1195 303 0 234 625 1563 1994 935 273 1169 844 873 1090 347 1237 411 170 888 385 367 1442 1052 500 502 143 229 643 680 1175 1332
1135 172 234 0 565 1375 1806 875 300 1109 784 813 901 539 1177 487 321 827 191 173 1253 864 306 442 328 256 448 620 987 1144
605 443 625 565 0 1095 1526 384 825 579 370 283 623 860 648 640 683 336 633 615 974 585 748 591 613 781 890 428 708 864
624 1423 1569 1375 1095 0 807 863 1516 548 1190 870 492 1755 666 1663 1576 815 1236 1240 230 588 1484 1613 1616 1424 1626 1392 468 323
1051 1851 1996 1802 1523 781 0 1290 1943 976 1617 1297 1118 2182 1094 2090 2003 1242 1664 1668 856 1191 1911 2041 2043 1852 2054 1820 1094 949
511 753 935 875 384 863 1294 0 1047 484 547 266 389 1170 553 950 993 94 768 772 741 352 1015 901 923 956 1157 738 475 632
1441 600 358 553 871 1808 2240 1181 0 1414 1089 1119 1335 263 1483 641 252 1133 704 686 1687 1297 819 748 279 423 961 926 1420 1577
238 986 1169 1109 579 548 979 484 1252 0 674 354 486 1404 280 1162 1227 437 972 976 427 500 1220 1113 1157 1160 1362 876 462 317
700 661 844 784 370 1190 1621 547 1044 674 0 446 786 1079 742 597 902 499 851 833 1068 748 967 547 832 999 1109 246 871 959
380 691 873 813 283 870 1301 266 1036 354 446 0 505 1108 422 888 931 218 757 761 748 467 996 838 861 945 1138 649 590 639
562 950 1096 901 623 492 1144 389 1042 486 786 505 0 1281 604 1189 1103 342 763 767 371 113 1010 1140 1142 951 1153 977 102 261
1459 618 377 593 889 1850 2281 1199 509 1433 929 1137 1377 0 1501 415 325 1151 744 725 1729 1339 859 587 298 465 1001 765 1462 1619
151 1055 1237 1177 648 653 1084 553 1320 280 742 422 590 1472 0 1231 1295 505 1041 1045 531 568 1288 1181 1225 1229 1431 945 566 422
1188 369 411 487 640 1663 2094 950 647 1162 597 888 1189 640 1231 0 463 903 559 541 1541 1152 674 255 399 603 817 433 1275 1432
1253 412 170 321 683 1576 2007 993 235 1227 902 931 1103 242 1295 463 0 945 471 453 1454 1065 587 560 91 191 729 738 1188 1345
463 705 888 827 336 815 1246 94 999 437 499 218 342 1122 505 903 945 0 720 724 693 304 967 853 875 908 1110 690 427 584
998 239 385 191 633 1236 1668 768 451 972 851 757 763 690 1041 559 471 720 0 138 1115 725 300 510 478 361 442 688 848 1005
1003 221 367 173 615 1240 1672 772 433 976 833 761 767 672 1045 541 453 724 138 0 1119 729 282 492 460 366 424 670 853 1010
502 1302 1447 1253 974 230 882 741 1394 427 1068 748 371 1633 545 1541 1454 693 1115 1119 0 467 1362 1492 1494 1303 1505 1271 346 202
526 912 1058 864 585 588 1195 352 1005 500 748 467 113 1244 568 1152 1065 304 725 729 467 0 973 1102 1105 913 1115 939 198 358
1246 355 500 306 748 1484 1915 1015 566 1220 967 996 1010 805 1288 674 587 967 300 282 1362 973 0 625 594 522 408 803 1096 1253
1139 320 502 442 591 1613 2045 901 702 1113 547 838 1140 737 1181 255 560 853 510 492 1492 1102 625 0 490 658 767 384 1225 1383
1183 342 143 328 613 1616 2047 923 275 1157 832 861 1142 268 1225 399 91 875 478 460 1494 1105 594 490 0 231 736 668 1228 1385
1187 388 229 256 781 1424 1856 956 131 1160 999 945 951 370 1229 603 191 908 325 329 1303 913 522 658 231 0 664 836 1036 1194
1388 497 643 448 890 1626 2057 1157 708 1362 1109 1138 1153 947 1431 817 729 1110 442 424 1505 1115 408 767 736 664 0 945 1238 1395
902 498 680 620 428 1392 1823 738 880 876 246 649 977 915 945 433 738 690 688 670 1271 939 803 384 668 836 945 0 1062 1161
537 1035 1181 987 708 468 1120 475 1128 462 871 590 102 1367 580 1275 1188 427 848 853 346 198 1096 1225 1228 1036 1238 1062 0 237
393 1192 1338 1144 864 323 976 632 1285 317 959 639 261 1524 435 1432 1345 584 1005 1010 202 358 1253 1383 1385 1194 1395 1161 237 0
EOF