NAME : tsp_problem
TYPE : TSP
DIMENSION : 78
EDGE_WEIGHT_TYPE : EXPLICIT
EDGE_WEIGHT_FORMAT : FULL_MATRIX
EDGE_WEIGHT_SECTION
0 357 904 593 1089 853 631 316 699 717 776 640 92 571 432 774 527 567 776 699 497 839 1271 994 718 784 630 267 810 410 436 892 322 693 915 712 438 992 714 659 317 400 594 866 205 499 875 626 624 476 491 679 856 446 1128 968 450 672 345 920 744 676 527 734 331 589 732 307 136 732 1003 708 919 1043 739 1002 794 526
357 0 697 723 1146 793 651 449 756 737 760 770 396 730 411 757 595 278 754 640 437 749 1328 934 658 784 760 348 867 121 304 801 455 676 779 769 417 1049 424 370 156 560 662 801 206 439 793 660 680 416 650 619 912 425 1069 1024 318 740 324 829 533 387 595 864 445 646 672 567 470 788 943 776 975 984 534 911 773 685
904 697 0 618 550 1217 1075 835 276 1161 190 594 904 747 911 187 1144 480 1178 1065 862 498 755 1359 1082 1208 655 736 269 639 933 551 841 237 105 393 917 453 323 381 786 926 1090 127 790 863 119 336 496 840 886 1043 368 924 1494 362 947 1289 892 578 309 365 1143 654 1072 461 1097 1114 948 261 1367 1325 313 1408 310 661 1197 792
593 723 618 0 625 1383 1177 437 414 1263 490 166 566 248 963 489 1073 726 1322 1230 1028 554 805 1524 1248 1331 109 403 493 776 784 607 431 408 629 354 968 528 569 627 664 427 1140 581 553 1029 590 341 186 1006 387 1209 389 976 1659 682 797 1218 875 635 458 611 1073 259 873 221 1262 781 595 446 1533 1254 633 1574 454 717 1341 292
1006 1062 466 541 0 1660 1519 860 396 1605 475 475 989 670 1302 478 1434 923 1621 1508 1305 828 561 1802 1525 1652 578 825 224 1083 1123 881 854 568 477 323 1307 259 766 825 1003 849 1501 387 892 1306 396 666 488 1284 809 1486 175 1315 1937 488 1137 1579 1214 909 733 808 1434 461 1238 521 1540 1204 1017 418 1811 1615 439 1852 729 991 1640 715
853 793 1217 1383 1744 0 398 1108 1369 484 1280 1430 892 1390 594 1277 473 798 500 310 407 1269 1949 195 241 531 1420 1008 1463 735 964 1322 1115 1196 1299 1429 600 1647 944 890 816 1220 413 1321 865 432 1313 1180 1340 425 1310 192 1562 608 566 1556 978 633 575 1349 1053 907 465 1524 724 1305 138 847 966 1351 204 708 1507 477 1054 1432 519 1345
586 655 1204 1133 1577 598 0 856 1187 338 1264 1180 626 1066 355 1262 278 784 409 333 532 1255 1759 739 651 406 1170 780 1298 708 787 1308 862 1181 1286 1200 361 1480 931 877 639 895 321 1308 688 533 1299 1114 1112 510 986 612 1344 369 762 1456 801 294 447 1336 1040 894 278 1274 345 1077 666 468 676 1220 747 329 1407 676 1041 1418 417 1022
316 449 835 437 943 1108 900 0 631 986 707 484 289 306 688 705 796 659 1045 956 753 771 1123 1250 973 1054 474 126 741 502 509 824 139 625 846 644 694 846 786 751 390 135 863 798 278 754 807 557 505 732 226 934 707 701 1385 899 523 941 600 851 675 768 796 578 596 520 988 504 303 663 1259 977 850 1300 671 934 1064 261
699 756 276 414 480 1363 1221 631 0 1307 106 348 700 543 995 109 1127 625 1324 1210 1008 460 662 1504 1228 1354 450 532 201 785 816 512 637 199 287 147 1001 383 468 527 697 722 1195 257 585 1009 261 297 249 986 682 1189 246 1009 1639 358 830 1273 907 540 364 511 1127 414 932 214 1242 910 743 49 1513 1308 310 1554 360 622 1343 587
493 561 1110 1039 1484 504 159 762 1093 0 1170 1086 532 973 262 1168 185 690 315 239 438 1161 1666 645 557 312 1076 686 1204 614 693 1214 768 1087 1192 1106 267 1386 837 783 545 802 227 1214 594 439 1205 1020 1018 417 892 519 1250 275 668 1362 707 200 354 1242 946 800 185 1180 252 983 572 374 582 1126 653 236 1313 582 947 1324 323 928
776 754 190 490 559 1274 1132 707 106 1218 0 438 776 619 968 60 1201 536 1235 1121 918 370 752 1415 1139 1265 527 608 278 696 893 423 713 110 201 236 973 462 379 438 773 798 1147 184 662 920 175 208 339 897 758 1100 336 981 1550 436 907 1346 948 451 275 422 1199 504 1008 304 1153 986 820 88 1424 1381 387 1465 271 533 1254 664
640 770 594 166 559 1430 1224 484 348 1310 438 0 613 295 1010 440 1120 773 1369 1277 1075 601 738 1571 1295 1378 202 450 426 823 831 654 478 443 605 287 1015 461 616 674 711 474 1187 515 600 1076 524 388 120 1053 434 1256 322 1023 1706 616 844 1265 922 682 505 658 1120 193 920 155 1309 828 642 380 1580 1301 567 1621 501 764 1388 339
92 396 904 566 1072 892 670 289 700 756 776 613 0 545 472 775 566 606 815 738 537 840 1252 1033 757 823 603 241 811 449 475 893 295 694 915 713 477 975 753 698 356 373 633 867 245 538 876 627 624 515 464 718 836 485 1167 968 489 711 384 921 744 716 566 707 370 589 771 280 109 732 1042 747 919 1082 740 1003 834 500
571 730 747 248 754 1390 1111 306 543 1197 619 295 545 0 945 618 1007 855 1256 1179 1035 683 934 1531 1255 1264 285 407 622 783 791 736 300 537 758 483 950 657 698 756 671 296 1074 710 560 1036 719 470 316 1013 256 1216 518 958 1608 811 805 1152 882 764 587 740 1007 389 806 351 1270 715 464 575 1540 1188 762 1523 583 846 1274 161
432 411 911 963 1385 594 400 688 995 486 974 1010 472 945 0 971 296 492 545 442 239 963 1567 736 459 553 999 588 1106 429 544 1016 694 891 993 1008 22 1288 639 584 396 774 363 1015 445 240 1007 874 920 218 864 421 1152 30 871 1250 557 441 155 1044 747 601 296 1103 224 885 474 346 545 1028 745 477 1201 786 748 1126 563 900
774 751 187 489 561 1271 1130 705 109 1216 60 440 775 618 965 0 1198 534 1232 1119 916 368 754 1413 1136 1263 525 607 280 694 891 421 712 108 198 239 971 464 377 436 772 797 1145 181 660 917 173 206 341 895 757 1097 338 979 1548 438 905 1343 946 449 273 419 1197 506 1007 306 1151 985 818 90 1422 1379 389 1463 268 531 1251 662
527 595 1144 1073 1518 473 181 796 1127 267 1204 1120 566 1007 296 1202 0 724 284 207 472 1195 1700 613 526 314 1110 720 1238 648 727 1248 802 1121 1226 1140 301 1420 871 817 579 836 102 1248 628 473 1239 1054 1052 451 926 487 1284 309 636 1396 741 364 388 1276 980 834 96 1214 286 1017 541 408 616 1160 622 400 1347 551 981 1358 302 962
567 278 480 726 1007 798 656 659 631 742 542 773 606 855 492 540 724 0 759 645 442 531 1212 939 663 789 762 558 726 220 514 584 665 459 562 726 497 909 207 153 366 770 671 584 415 444 575 443 683 421 860 624 825 505 1074 819 528 870 472 612 316 170 723 866 653 648 677 775 680 613 948 905 770 989 317 694 778 895
776 754 1178 1322 1705 500 209 1045 1330 294 1241 1369 815 1256 545 1238 284 759 0 235 506 1230 1910 641 553 212 1359 969 1424 696 925 1283 1051 1158 1260 1389 550 1608 906 851 777 1085 223 1282 826 507 1274 1141 1301 485 1175 515 1523 558 664 1517 939 314 536 1311 1014 868 276 1463 535 1266 568 657 865 1312 650 519 1468 578 1015 1393 200 1211
699 640 1065 1230 1592 310 132 956 1216 218 1127 1277 738 1179 442 1125 207 645 235 0 393 1116 1797 450 363 265 1267 856 1311 583 811 1169 962 1044 1147 1276 448 1494 792 738 664 1008 147 1169 713 394 1160 1028 1188 371 1099 324 1410 455 477 1403 825 367 423 1197 901 755 199 1371 458 1153 377 581 789 1198 459 443 1355 388 902 1279 254 1134
497 437 862 1028 1389 407 404 753 1013 490 924 1075 537 1035 239 922 472 442 506 393 0 913 1594 548 272 537 1064 653 1108 380 608 966 759 841 944 1073 245 1291 589 535 461 864 419 966 510 77 957 825 985 70 954 233 1207 253 690 1201 622 617 220 994 698 552 471 1168 400 950 286 523 610 995 557 653 1152 600 699 1076 525 990
839 749 498 554 912 1269 1127 771 460 1213 370 601 840 683 963 368 1195 531 1230 1116 913 0 1105 1410 1134 1260 590 672 631 691 956 77 777 287 509 554 968 815 374 433 837 862 1142 491 725 915 483 271 511 892 822 1095 689 976 1545 766 970 1341 943 291 264 416 1194 694 1072 476 1148 1050 883 441 1419 1376 717 1460 260 373 1249 727
1271 1328 755 805 510 1949 1804 1123 662 1890 752 738 1252 934 1567 754 1700 1212 1910 1797 1594 1105 0 2091 1814 1940 842 1089 513 1371 1388 1158 1117 845 766 588 1573 336 1055 1113 1269 1113 1767 676 1158 1595 684 943 751 1572 1073 1775 463 1581 2226 777 1402 1845 1480 1186 1010 1097 1700 724 1504 786 1829 1467 1281 694 2099 1881 728 2140 1005 1268 1929 978
994 934 1359 1524 1886 195 538 1250 1510 624 1421 1571 1033 1531 736 1419 613 939 641 450 548 1410 2091 0 382 671 1561 1150 1605 877 1105 1463 1256 1338 1441 1570 742 1788 1086 1032 958 1361 553 1463 1007 574 1454 1322 1482 566 1451 333 1704 749 505 1697 1119 773 717 1491 1195 1049 605 1665 864 1447 280 987 1107 1492 81 849 1649 416 1196 1573 660 1487
718 658 1082 1248 1609 241 451 973 1234 537 1145 1295 757 1255 459 1142 526 663 553 363 272 1134 1814 382 0 584 1284 873 1328 600 829 1186 980 1061 1164 1293 465 1512 809 755 681 1085 466 1186 730 297 1178 1045 1205 290 1174 107 1427 473 627 1421 843 686 440 1214 918 772 518 1388 620 1170 121 743 831 1216 391 761 1372 537 919 1296 572 1210
784 784 1208 1331 1735 531 239 1054 1360 325 1271 1378 823 1264 553 1269 314 789 212 265 537 1260 1940 671 584 0 1367 978 1455 726 955 1313 1060 1188 1290 1398 559 1638 936 881 807 1093 254 1313 857 538 1304 1172 1310 515 1184 545 1541 566 694 1547 969 132 566 1341 1044 898 306 1471 543 1275 598 666 874 1342 680 387 1498 609 1046 1423 98 1219
630 760 655 109 662 1420 1214 474 450 1300 527 202 603 285 999 525 1110 762 1359 1267 1064 590 842 1561 1284 1367 0 439 530 813 820 643 468 444 666 390 1005 564 605 664 701 463 1177 617 589 1065 626 377 223 1043 423 1246 426 1013 1696 719 834 1255 911 671 495 648 1110 296 909 258 1299 818 631 483 1570 1291 670 1611 491 753 1378 329
267 348 736 403 909 1008 824 126 532 910 608 450 241 407 588 607 720 558 969 856 653 672 1089 1150 873 978 439 0 643 401 409 725 132 526 747 545 593 812 687 651 289 237 787 699 178 654 708 459 456 631 327 834 673 601 1285 800 423 865 500 753 576 668 720 543 524 422 888 456 284 564 1158 901 751 1199 572 835 988 362
810 867 269 493 308 1463 1322 741 201 1408 278 426 811 622 1106 280 1238 726 1424 1311 1108 631 513 1605 1328 1455 530 643 0 886 927 684 748 371 280 207 1112 210 569 627 808 801 1305 190 696 1109 199 469 360 1087 761 1289 126 1119 1740 291 941 1383 1018 712 536 611 1238 412 1042 325 1343 1021 854 221 1614 1419 242 1654 531 794 1443 666
410 121 639 776 1166 735 593 502 791 679 702 823 449 783 429 700 648 220 696 583 380 691 1371 877 600 726 813 401 886 0 357 744 508 619 721 822 435 1069 367 312 209 613 608 744 258 381 735 603 733 358 703 561 965 442 1012 978 371 793 376 772 475 329 648 917 497 698 615 620 523 773 885 829 929 926 477 854 715 738
436 304 933 784 1206 964 822 509 816 908 893 831 475 791 544 891 727 514 925 811 608 956 1388 1105 829 955 820 409 927 357 0 1009 516 810 1015 829 549 1109 661 606 245 620 794 983 266 610 992 743 741 587 710 790 973 557 1240 1085 341 872 456 1037 769 623 727 924 577 706 843 647 542 849 1114 908 1036 1155 771 1119 944 746
892 801 551 607 965 1322 1180 824 512 1266 423 654 893 736 1016 421 1248 584 1283 1169 966 77 1158 1463 1186 1313 643 725 684 744 1009 0 830 340 562 607 1021 868 427 486 890 915 1195 544 778 967 536 324 564 945 875 1148 742 1029 1598 818 1023 1394 996 343 317 469 1247 747 1125 529 1201 1103 936 494 1472 1429 770 1513 312 426 1301 780
322 455 841 431 937 1115 907 139 637 992 713 478 295 300 694 712 802 665 1051 962 759 777 1117 1256 980 1060 468 132 748 508 516 830 0 631 852 650 700 840 792 757 396 129 870 804 285 761 813 564 499 738 219 941 701 708 1391 905 529 948 607 858 682 774 802 572 602 527 994 510 297 669 1265 983 856 1306 677 940 1070 255
693 676 237 408 652 1196 1055 625 199 1141 110 443 694 537 891 108 1121 459 1158 1044 841 287 845 1338 1061 1188 444 526 371 619 810 340 631 0 248 294 896 554 302 361 691 716 1070 231 579 842 222 125 344 820 676 1023 429 904 1473 505 824 1267 871 368 192 344 1121 513 926 309 1076 904 737 181 1347 1302 456 1388 187 450 1176 581
1017 1073 454 731 611 1648 1506 948 407 1592 485 665 1017 860 1313 487 1445 910 1609 1495 1292 818 816 1789 1512 1639 768 849 340 1070 1134 870 954 557 0 464 1318 514 753 812 1014 1039 1512 343 903 1293 352 655 566 1271 999 1474 429 1326 1924 278 1147 1590 1225 898 722 795 1445 716 1249 531 1527 1227 1061 427 1798 1626 229 1839 718 980 1627 905
712 769 393 354 406 1429 1245 644 147 1330 236 287 713 483 1008 239 1140 720 1389 1276 1073 554 588 1570 1293 1398 390 545 207 822 829 607 650 294 404 0 1014 309 563 622 710 662 1208 314 598 1074 323 386 227 1052 622 1255 172 1022 1705 415 843 1286 920 635 459 605 1140 293 945 227 1308 923 756 179 1579 1321 366 1620 454 717 1408 527
438 417 917 968 1391 600 405 694 1001 491 979 1015 477 950 22 977 301 497 550 448 245 968 1573 742 465 559 1005 593 1112 435 549 1021 700 896 999 1014 0 1294 644 590 401 779 368 1021 451 246 1012 880 925 223 870 426 1157 35 877 1256 563 446 160 1049 753 607 301 1109 229 891 480 352 551 1033 750 482 1207 791 754 1131 569 905
992 1049 453 528 214 1647 1505 846 383 1591 462 461 975 657 1288 464 1420 909 1608 1494 1291 815 336 1788 1512 1638 564 812 210 1069 1109 868 840 554 464 309 1294 0 752 811 990 836 1488 373 878 1293 382 653 474 1270 796 1473 161 1301 1923 475 1123 1566 1200 896 719 795 1420 447 1224 507 1526 1190 1004 404 1797 1601 426 1838 715 978 1627 701
714 424 323 569 850 944 803 786 474 889 385 616 753 698 639 383 871 207 906 792 589 374 1055 1086 809 936 605 687 569 367 661 427 792 302 405 569 644 752 0 109 513 877 818 427 562 590 418 286 526 568 837 771 668 652 1221 662 675 1017 619 455 159 92 870 709 799 491 824 922 827 456 1095 1052 613 1136 160 537 924 742
659 370 381 627 908 890 748 751 533 834 444 674 698 756 584 441 817 153 851 738 535 433 1113 1032 755 881 664 651 627 312 606 486 757 361 463 628 590 811 109 0 459 862 763 486 508 536 477 344 584 513 895 716 726 597 1167 720 620 962 565 514 217 72 816 768 745 550 770 868 772 515 1040 998 671 1081 218 596 870 801
317 156 786 664 1087 816 675 390 697 760 773 711 356 671 396 772 579 366 777 664 461 837 1269 958 681 807 701 289 808 209 245 890 396 691 868 710 401 990 513 459 0 501 646 864 147 462 873 624 621 439 591 642 853 409 1093 965 259 725 308 918 622 476 579 805 429 586 696 527 422 729 966 760 916 1007 623 1000 796 626
400 560 926 427 933 1220 940 135 722 1026 798 474 373 296 774 797 836 770 1085 1008 864 862 1113 1361 1085 1093 463 237 801 613 620 915 129 716 937 662 779 836 877 862 501 0 903 889 390 866 898 649 494 843 215 1046 697 787 1437 990 634 981 712 943 766 879 836 567 635 529 1099 544 293 754 1370 1017 941 1352 762 1025 1103 251
594 662 1090 1140 1585 413 121 863 1195 207 1153 1187 633 1074 363 1151 102 671 223 147 419 1142 1767 553 466 254 1177 787 1305 608 794 1195 870 1070 1172 1208 368 1488 818 763 646 903 0 1195 696 420 1186 1054 1119 397 994 427 1351 376 576 1429 808 356 448 1223 926 780 94 1281 353 1084 480 476 683 1224 562 431 1380 491 928 1305 242 1029
866 801 127 581 471 1321 1180 798 257 1266 184 515 867 710 1015 181 1248 584 1282 1169 966 491 676 1463 1186 1313 617 699 190 744 983 544 804 231 138 314 1021 373 427 486 864 889 1195 0 752 967 94 329 416 945 849 1147 289 1029 1598 294 997 1393 996 572 396 469 1247 575 1099 381 1201 1077 910 254 1472 1429 245 1513 392 654 1301 754
205 206 790 553 976 865 724 278 585 810 662 600 245 560 445 660 628 415 826 713 510 725 1158 1007 730 857 589 178 696 258 266 778 285 579 801 598 451 878 562 508 147 390 696 752 0 511 761 512 510 489 479 691 742 458 1142 854 280 774 357 806 630 525 628 693 438 475 745 416 311 618 1016 809 805 1057 626 888 845 515
499 439 863 1029 1390 432 405 754 1015 491 926 1076 538 1036 240 923 473 444 507 394 77 915 1595 574 297 538 1065 654 1109 381 610 967 761 842 945 1074 246 1293 590 536 462 866 420 967 511 0 959 826 986 81 955 258 1208 254 715 1202 624 618 221 995 699 553 472 1169 401 951 312 524 612 997 582 654 1153 626 700 1077 526 991
875 793 119 590 480 1313 1171 807 261 1257 175 524 876 719 1007 173 1239 575 1274 1160 957 483 684 1454 1178 1304 626 708 199 735 992 536 813 222 130 323 1012 382 418 477 873 898 1186 94 761 959 0 321 425 936 858 1139 298 1020 1589 303 1006 1385 987 564 387 461 1238 584 1108 390 1192 1086 919 246 1463 1420 254 1504 383 646 1293 763
626 660 336 341 750 1180 1039 557 297 1125 208 388 627 470 874 206 1054 443 1141 1028 825 271 943 1322 1045 1172 377 459 469 603 743 324 564 125 347 386 880 653 286 344 624 649 1054 329 512 826 321 0 298 804 609 1006 527 888 1457 603 757 1200 834 352 176 328 1054 481 859 263 1060 837 670 279 1331 1235 555 1372 171 434 1160 514
624 680 496 186 571 1340 1156 505 249 1242 339 120 624 316 920 341 1052 683 1301 1188 985 511 751 1482 1205 1310 223 456 360 733 741 564 499 344 507 227 925 474 526 584 621 494 1119 416 510 986 425 298 0 963 454 1166 335 933 1617 517 755 1197 832 592 416 568 1052 206 856 94 1220 835 662 281 1490 1233 469 1531 411 674 1320 360
476 416 840 1006 1367 425 382 732 992 468 903 1053 515 1013 218 901 451 421 485 371 70 892 1572 566 290 515 1043 631 1087 358 587 945 738 820 922 1052 223 1270 568 513 439 843 397 945 489 81 936 804 963 0 933 251 1186 231 708 1179 601 596 198 973 676 530 449 1147 379 929 305 501 589 974 575 632 1130 618 678 1055 504 968
491 650 886 387 893 1310 1030 226 682 1116 758 434 464 256 864 757 926 860 1175 1099 954 822 1073 1451 1174 1184 423 327 761 703 710 875 219 676 897 622 870 796 837 895 591 215 994 849 479 955 858 609 454 933 0 1136 657 878 1528 950 724 1072 801 903 726 879 926 527 726 489 1189 634 383 714 1460 1107 901 1443 722 985 1194 154
679 619 1043 1209 1570 192 412 934 1195 498 1106 1256 718 1216 421 1103 487 624 515 324 233 1095 1775 333 107 545 1246 834 1289 561 790 1148 941 1023 1125 1255 426 1473 771 716 642 1046 427 1147 691 258 1139 1006 1166 251 1136 0 1388 434 588 1382 804 647 401 1176 879 733 479 1350 581 1131 71 704 792 1177 342 722 1333 498 880 1258 533 1171
856 912 368 389 258 1562 1388 707 246 1474 336 322 836 518 1152 338 1284 825 1523 1410 1207 689 463 1704 1427 1541 426 673 126 965 973 742 701 429 379 172 1157 161 668 726 853 697 1351 289 742 1208 298 527 335 1186 657 1388 0 1165 1839 390 986 1429 1064 770 594 710 1284 308 1088 370 1442 1051 865 279 1713 1465 341 1754 589 852 1542 563
446 425 924 976 1399 608 413 701 1009 499 987 1023 485 958 30 985 309 505 558 455 253 976 1581 749 473 566 1013 601 1119 442 557 1029 708 904 1006 1022 35 1301 652 597 409 787 376 1029 458 254 1020 888 933 231 878 434 1165 0 884 1263 571 454 168 1057 760 614 309 1117 237 898 487 360 559 1041 758 490 1214 799 762 1139 577 913
1095 1036 1461 1627 1988 566 528 1352 1613 614 1523 1674 1135 1575 838 1521 603 1041 631 477 690 1512 2193 505 627 661 1663 1252 1707 979 1207 1565 1358 1440 1543 1672 844 1891 1188 1134 1060 1404 543 1565 1109 715 1556 1424 1584 708 1495 588 1806 852 0 1800 1221 763 819 1593 1297 1151 595 1767 854 1549 642 977 1185 1594 514 839 1751 176 1298 1675 650 1531
1053 1110 514 589 404 1708 1566 907 444 1652 523 522 1036 718 1349 525 1481 971 1669 1555 1353 876 609 1849 1573 1699 626 873 272 1130 1170 929 901 615 525 370 1355 306 814 872 1051 897 1549 434 939 1354 443 714 535 1331 857 1534 222 1363 1984 0 1184 1627 1261 957 780 856 1481 508 1286 568 1588 1251 1065 465 1858 1662 487 1899 776 1039 1688 762
450 318 947 797 1220 978 836 523 830 922 907 844 489 805 557 905 741 528 939 825 622 970 1402 1119 843 969 834 423 941 371 341 1023 529 824 1029 843 563 1123 675 620 259 634 808 997 280 624 1006 757 755 601 724 804 986 571 1254 1099 0 886 470 1051 783 637 741 938 590 720 857 661 555 862 1128 922 1050 1169 784 1133 957 760
672 740 1289 1218 1663 633 313 941 1273 399 1349 1265 711 1152 441 1348 364 870 314 367 617 1341 1845 773 686 132 1255 865 1383 793 872 1394 948 1267 1371 1286 446 1566 1017 962 725 981 356 1393 774 618 1385 1200 1197 596 1072 647 1429 454 796 1541 886 0 533 1422 1125 979 364 1359 431 1162 700 554 761 1305 782 274 1492 711 1126 1504 143 1107
345 324 892 875 1298 575 433 600 907 519 954 922 384 882 155 952 388 472 536 423 220 943 1480 717 440 566 911 500 1018 376 456 996 607 871 974 920 160 1200 619 565 308 712 448 996 357 221 987 834 832 198 801 401 1064 168 852 1176 470 533 0 1024 728 582 388 1015 316 797 455 438 458 940 725 569 1127 766 729 1106 555 837
920 829 578 635 993 1349 1208 851 540 1294 451 682 921 764 1044 449 1276 612 1311 1197 994 291 1186 1491 1214 1341 671 753 712 772 1037 343 858 368 590 635 1049 896 455 514 918 943 1223 572 806 995 564 352 592 973 903 1176 770 1057 1626 846 1051 1422 1024 0 345 497 1275 775 1153 557 1229 1131 964 522 1500 1457 798 1541 340 132 1329 808
744 533 345 458 817 1053 912 675 364 997 275 505 744 587 747 273 980 316 1014 901 698 264 1010 1195 918 1044 495 576 536 475 769 317 682 192 413 459 753 719 159 217 622 766 926 396 630 699 387 176 416 676 726 879 594 760 1330 670 783 1125 728 345 0 201 979 599 908 381 933 955 788 346 1203 1161 621 1244 143 427 1033 632
676 387 365 611 892 907 766 768 517 851 427 658 716 740 601 425 834 170 868 755 552 416 1097 1049 772 898 648 668 611 329 623 469 774 344 447 611 607 795 92 72 476 879 780 469 525 553 461 328 568 530 879 733 710 614 1184 704 637 979 582 497 201 0 833 752 762 533 787 885 789 498 1057 1015 655 1098 202 579 887 784
527 595 1143 1073 1518 465 173 796 1127 259 1204 1120 566 1007 296 1202 96 723 276 199 471 1194 1700 605 518 306 1110 720 1238 648 727 1247 802 1121 1225 1140 301 1420 870 816 579 836 94 1247 628 472 1238 1054 1052 449 926 479 1284 309 628 1396 741 364 388 1275 979 833 0 1214 286 1017 533 408 616 1160 614 400 1347 543 980 1357 294 962
734 864 654 259 544 1524 1318 578 414 1404 504 193 707 389 1103 506 1214 866 1463 1371 1168 694 724 1665 1388 1471 296 543 412 917 924 747 572 513 665 293 1109 447 709 768 805 567 1281 575 693 1169 584 481 206 1147 527 1350 308 1117 1800 676 938 1359 1015 775 599 752 1214 0 1013 241 1403 922 735 446 1674 1395 627 1715 595 857 1482 433
331 445 1072 873 1322 724 390 596 932 476 1008 920 370 806 224 1007 286 653 535 458 400 1072 1504 864 620 543 909 524 1042 497 577 1125 602 926 1147 945 229 1224 799 745 429 635 353 1099 438 401 1108 859 856 379 726 581 1088 237 887 1200 590 431 316 1153 908 762 286 1013 0 821 635 208 416 964 873 467 1151 802 909 1235 553 761
589 646 461 221 604 1305 1121 520 214 1207 304 155 589 351 885 306 1017 648 1266 1153 950 476 786 1447 1170 1275 258 422 325 698 706 529 527 309 472 227 891 507 491 550 586 529 1084 381 475 951 390 263 94 929 489 1131 370 898 1582 483 720 1162 797 557 381 533 1017 241 821 0 1185 800 633 246 1456 1198 434 1496 376 639 1285 395
732 672 1097 1262 1624 138 466 988 1248 551 1159 1309 771 1270 474 1157 541 677 568 377 286 1148 1829 280 121 598 1299 888 1343 615 843 1201 994 1076 1179 1308 480 1526 824 770 696 1099 480 1201 745 312 1192 1060 1220 305 1189 71 1442 487 642 1436 857 700 455 1229 933 787 533 1403 635 1185 0 758 845 1230 288 776 1387 552 934 1311 587 1225
307 567 1114 781 1287 847 512 504 910 598 986 828 280 715 346 985 408 775 657 581 523 1050 1467 987 743 666 818 456 1021 620 647 1103 510 904 1125 923 352 1190 922 868 527 544 476 1077 416 524 1086 837 835 501 634 704 1051 360 1010 1178 661 554 438 1131 955 885 408 922 208 800 758 0 324 942 996 589 1130 925 950 1213 676 670
136 470 948 595 1101 966 720 303 743 806 820 642 109 464 545 818 616 680 865 789 610 883 1281 1107 831 874 631 284 854 523 542 936 297 737 959 756 551 1004 827 772 422 293 683 910 311 612 919 670 662 589 383 792 865 559 1218 1012 555 761 458 964 788 789 616 735 416 633 845 324 0 776 1116 797 963 1132 783 1046 884 419
732 788 261 446 501 1345 1203 663 49 1289 88 380 732 575 1028 90 1160 607 1306 1192 989 441 694 1486 1210 1336 483 564 221 767 849 494 669 181 272 179 1033 404 450 509 729 754 1218 254 618 991 246 279 281 968 714 1171 279 1041 1621 378 862 1305 940 522 346 492 1160 446 964 246 1224 942 776 0 1495 1341 329 1536 341 604 1325 620
1003 943 1367 1533 1894 204 547 1259 1519 633 1430 1580 1042 1540 745 1428 622 948 650 459 557 1419 2099 81 391 680 1570 1158 1614 885 1114 1472 1265 1347 1449 1579 750 1797 1095 1040 966 1370 562 1472 1016 582 1463 1331 1490 575 1460 342 1713 758 514 1706 1128 782 725 1500 1203 1057 614 1674 873 1456 288 996 1116 1501 0 857 1657 424 1205 1582 668 1495
708 776 1325 1254 1699 695 349 977 1308 435 1385 1301 747 1188 477 1383 400 905 505 429 653 1376 1881 835 748 387 1291 901 1419 829 908 1429 983 1302 1407 1321 482 1601 1052 998 760 1017 418 1429 809 654 1420 1235 1233 632 1107 709 1465 490 858 1577 922 274 569 1457 1161 1015 400 1395 467 1198 762 589 797 1341 844 0 1528 773 1162 1539 398 1143
1053 1109 513 588 403 1707 1566 907 443 1652 522 522 1036 717 1349 525 1481 970 1668 1555 1352 875 608 1849 1572 1699 625 872 271 1130 1170 928 901 615 524 370 1354 306 813 872 1050 896 1548 434 939 1353 443 713 535 1331 856 1533 222 1362 1984 535 1184 1626 1261 956 780 855 1481 508 1285 568 1587 1251 1064 465 1858 1662 0 1899 776 1038 1687 762
1043 984 1408 1574 1935 477 476 1300 1560 562 1471 1621 1082 1523 786 1469 551 989 578 388 600 1460 2140 416 537 609 1611 1199 1654 926 1155 1513 1306 1388 1490 1620 791 1838 1136 1081 1007 1352 491 1513 1057 626 1504 1372 1531 618 1443 498 1754 799 176 1747 1169 711 766 1541 1244 1098 543 1715 802 1496 552 925 1132 1542 424 786 1698 0 1246 1623 597 1478
739 534 347 454 812 1054 913 671 360 999 271 501 740 583 748 268 981 317 1015 902 699 260 1005 1196 919 1046 491 572 531 477 771 312 677 187 409 454 754 715 160 218 623 762 928 392 626 700 383 171 411 678 722 880 589 762 1331 666 784 1126 729 340 143 202 980 595 909 376 934 950 783 341 1205 1162 617 1246 0 422 1034 627
1002 911 661 717 1075 1432 1290 934 622 1376 533 764 1003 846 1126 531 1358 694 1393 1279 1076 373 1268 1573 1296 1423 753 835 794 854 1119 426 940 450 672 717 1131 978 537 596 1000 1025 1305 654 888 1077 646 434 674 1055 985 1258 852 1139 1708 928 1133 1504 1106 132 427 579 1357 857 1235 639 1311 1213 1046 604 1582 1539 880 1623 422 0 1411 890
794 773 1197 1341 1724 519 227 1064 1349 313 1260 1388 834 1274 563 1257 302 778 200 254 525 1249 1929 660 572 98 1378 988 1443 715 944 1301 1070 1176 1279 1408 569 1627 924 870 796 1103 242 1301 845 526 1293 1160 1320 504 1194 533 1542 577 683 1536 957 143 555 1329 1033 887 294 1482 553 1285 587 676 884 1330 668 398 1487 597 1034 1411 0 1230
526 685 792 292 799 1345 1066 261 587 1152 664 339 500 161 900 662 962 895 1211 1134 990 727 978 1487 1210 1219 329 362 666 738 746 780 255 581 803 527 905 701 742 801 626 251 1029 754 515 991 763 514 360 968 154 1171 563 913 1563 856 760 1107 837 808 632 784 962 433 761 395 1225 670 419 620 1495 1143 807 1478 627 890 1230 0
EOF