NAME : tsp_problem
TYPE : TSP
DIMENSION : 32
EDGE_WEIGHT_TYPE : EXPLICIT
EDGE_WEIGHT_FORMAT : FULL_MATRIX
EDGE_WEIGHT_SECTION
0 339 258 632 865 773 782 1249 648 828 908 1133 618 182 1852 1118 754 1234 1227 823 409 201 540 740 361 245 183 822 411 434 549 666
339 0 448 473 1048 721 962 1429 596 1007 1088 1316 799 365 2032 1301 936 1414 1409 665 589 254 381 920 544 436 236 1002 594 363 729 614
258 448 0 742 770 989 759 1167 864 779 885 1038 569 249 1770 1023 659 1211 1132 933 386 418 650 717 338 94 399 773 362 631 526 882
632 473 742 0 1279 440 1161 1577 273 1217 1236 1547 1009 658 2180 1532 1168 1562 1579 248 799 542 156 1130 837 729 530 1212 887 292 939 759
865 1048 770 1279 0 1091 320 503 1207 254 446 374 304 712 1106 359 189 601 468 1473 519 856 1162 464 534 758 874 248 513 1009 586 1169
730 678 946 672 1026 0 754 1171 449 863 830 1185 836 747 1774 1279 969 1155 1173 877 824 568 566 905 881 896 586 858 930 421 786 489
782 962 759 1161 320 820 0 515 936 157 174 530 312 629 1118 573 263 499 517 1365 450 749 1055 256 488 689 767 152 447 902 427 897
1249 1429 1167 1577 503 1236 515 0 1352 624 359 472 701 1096 1035 626 585 197 459 1794 916 1216 1522 723 930 1155 1234 619 910 1369 894 1313
648 596 864 273 1207 215 936 1352 0 1045 1011 1367 952 665 1955 1460 1111 1337 1354 489 742 486 328 1073 798 814 504 1039 848 275 883 536
828 1007 779 1217 254 929 157 624 1045 0 283 522 313 675 1227 507 197 609 615 1411 495 794 1100 301 533 734 812 39 493 947 472 1006
908 1088 885 1236 446 895 174 359 1011 283 0 605 439 755 1183 699 389 341 593 1453 576 875 1181 382 614 815 893 278 574 1028 553 972
1133 1316 1038 1547 374 1251 530 472 1367 522 605 0 572 980 1075 357 456 570 175 1741 787 1124 1430 732 802 1026 1142 516 781 1277 854 1328
618 799 569 1009 304 901 312 701 952 313 439 572 0 466 1304 557 193 764 666 1202 249 586 892 270 287 525 604 307 246 739 315 970
182 365 249 658 712 790 629 1096 665 675 755 980 466 0 1699 965 601 1081 1074 849 256 218 566 587 208 178 199 669 258 451 396 683
1848 2028 1766 2176 1102 1836 1114 1008 1951 1223 1157 1071 1300 1695 0 1226 1184 1099 1059 2393 1515 1815 2121 1322 1530 1754 1833 1218 1509 1968 1493 1913
1118 1301 1023 1532 359 1344 573 613 1460 507 699 357 557 965 1216 0 441 710 494 1726 772 1109 1415 717 787 1011 1127 501 766 1262 839 1422
754 936 659 1168 189 1035 263 585 1111 197 389 456 193 601 1188 441 0 683 550 1361 408 745 1051 407 422 647 763 191 402 897 474 1112
1234 1414 1211 1562 601 1221 499 197 1337 609 341 570 764 1081 1125 724 683 0 557 1778 901 1200 1507 707 940 1140 1218 603 899 1353 879 1298
1227 1409 1132 1579 468 1239 517 459 1354 615 593 175 666 1074 1062 494 550 557 0 1796 881 1218 1524 725 895 1120 1236 610 875 1371 896 1316
854 695 963 297 1501 662 1383 1799 494 1439 1458 1769 1231 880 2402 1754 1389 1784 1801 0 1020 764 378 1352 1059 951 751 1434 1109 514 1161 981
409 589 386 799 519 867 450 916 742 495 576 787 249 256 1519 772 408 901 881 992 0 376 682 408 220 316 394 490 193 528 243 760
201 254 418 542 856 611 749 1216 486 794 875 1124 586 218 1819 1109 745 1200 1218 736 376 0 426 707 397 367 89 789 447 272 516 504
540 381 650 156 1162 495 1055 1522 328 1100 1181 1430 892 566 2125 1415 1051 1507 1524 347 682 426 0 1013 738 637 438 1095 788 176 822 653
740 920 717 1130 464 971 256 723 1073 301 382 732 270 587 1326 717 407 707 725 1323 408 707 1013 0 446 647 725 296 405 860 385 1048
361 544 338 837 534 924 488 930 798 533 614 802 287 208 1533 787 422 940 895 1028 220 397 738 446 0 268 379 528 80 585 360 816
245 436 94 729 758 939 689 1155 814 734 815 1026 525 178 1758 1011 647 1140 1120 921 316 367 637 647 268 0 349 729 318 600 456 832
183 236 399 530 874 629 767 1234 504 812 893 1142 604 199 1837 1127 763 1218 1236 721 394 89 438 725 379 349 0 807 429 290 534 522
822 1002 773 1212 248 924 152 619 1039 39 278 516 307 669 1222 501 191 603 610 1405 490 789 1095 296 528 729 807 0 487 942 467 1001
411 594 362 887 513 974 447 910 848 493 574 781 246 258 1513 766 402 899 875 1078 193 447 788 405 80 318 429 487 0 635 397 866
434 363 631 292 1009 442 902 1369 275 947 1028 1277 739 451 1972 1262 897 1353 1371 483 528 272 176 860 585 600 290 942 635 0 669 508
549 729 526 939 586 852 427 894 883 472 553 854 315 396 1497 839 474 879 896 1132 243 516 822 385 360 456 534 467 397 669 0 900
666 614 882 759 1169 594 897 1313 536 1006 972 1328 970 683 1916 1422 1112 1298 1316 963 760 504 653 1048 816 832 522 1001 866 508 900 0
EOF