NAME : tsp_problem
TYPE : TSP
DIMENSION : 56
EDGE_WEIGHT_TYPE : EXPLICIT
EDGE_WEIGHT_FORMAT : FULL_MATRIX
EDGE_WEIGHT_SECTION
0 530 525 541 182 345 345 234 512 516 522 654 115 507 520 316 618 242 508 654 525 551 1111 546 492 547 265 490 141 536 651 345 565 658 515 551 489 654 687 251 502 532 1050 556 543 208 238 517 352 539 654 539 501 314 480 507
530 0 40 55 617 819 818 708 71 30 81 829 550 152 112 353 295 613 67 829 899 227 1497 60 85 133 739 135 575 910 328 819 109 523 107 129 57 829 480 622 61 91 1437 943 102 682 711 76 320 97 829 132 93 358 711 66
525 40 0 50 612 814 813 703 66 25 76 824 545 147 107 348 290 608 62 824 894 222 1492 55 80 134 734 130 570 905 323 813 115 518 102 134 51 824 475 617 56 86 1432 938 97 677 706 71 315 92 824 127 88 353 706 61
541 55 50 0 627 829 829 718 81 40 91 839 560 162 122 363 305 623 77 839 909 237 1508 71 95 123 749 145 586 921 338 829 100 533 117 119 67 839 490 632 71 101 1447 954 112 692 722 86 330 108 839 131 103 368 722 76
182 617 612 627 0 471 471 360 599 602 609 780 171 594 607 403 705 150 595 780 650 637 1019 632 579 634 391 577 227 662 738 471 652 784 602 638 576 780 813 160 589 619 959 465 630 334 363 604 439 625 780 626 588 401 605 594
345 819 814 829 471 0 251 318 800 804 810 452 403 795 808 605 785 530 796 452 323 711 1399 834 781 835 349 778 303 334 643 251 853 456 803 840 777 452 485 539 790 821 1338 845 831 292 321 805 640 827 452 828 789 603 277 795
345 818 813 829 471 251 0 318 800 804 810 452 403 795 808 604 785 530 796 452 323 711 1399 834 781 835 349 778 303 334 643 251 853 456 803 840 777 452 485 539 790 820 1338 845 831 292 321 805 640 827 452 828 789 602 277 795
234 708 703 718 360 318 318 0 689 693 699 627 292 684 697 494 796 419 685 627 497 728 1288 723 670 725 58 667 192 509 818 318 742 631 692 729 666 627 660 428 679 710 1227 734 720 73 211 694 529 716 627 717 678 492 452 685
512 71 66 81 599 800 800 689 0 56 62 810 531 134 94 335 276 632 48 810 880 209 1517 86 66 115 720 117 557 892 309 800 92 504 88 111 38 810 461 642 42 73 1456 963 83 663 693 57 301 79 810 113 75 339 693 48
516 30 25 40 602 804 804 693 56 0 66 814 535 137 97 338 280 598 52 814 884 212 1483 45 70 125 724 120 560 896 313 804 109 508 92 129 42 814 465 607 46 76 1422 928 87 667 697 61 305 83 814 117 78 343 697 51
522 81 76 91 609 810 810 699 62 66 0 820 541 144 104 345 286 642 58 820 890 219 1527 96 76 105 730 127 567 902 319 810 82 514 98 101 48 820 471 652 52 83 1466 973 93 673 703 67 311 89 820 113 85 349 703 58
654 829 824 839 780 452 452 627 810 814 820 0 712 805 818 914 787 839 807 215 236 713 1708 844 791 846 658 789 612 265 645 452 863 384 813 850 787 216 487 849 800 831 1648 1154 841 601 551 815 942 837 215 838 799 912 479 806
115 550 545 560 171 403 403 292 531 535 541 712 0 526 539 336 637 222 527 712 583 570 1090 565 512 566 323 509 160 594 670 403 584 716 534 571 508 712 745 231 521 552 1030 536 562 266 296 536 371 558 712 559 520 334 538 527
509 186 181 196 596 746 746 686 167 171 177 749 528 0 175 332 215 655 163 748 818 147 1524 201 148 202 717 83 554 830 247 746 220 442 170 207 144 749 399 665 157 188 1464 970 198 660 690 172 298 194 749 195 156 337 631 162
520 112 107 122 607 808 808 697 94 97 104 818 539 142 0 343 284 666 90 818 888 217 1535 127 66 71 728 125 565 900 317 808 93 512 88 67 71 818 469 676 84 114 1475 981 111 671 701 99 309 119 818 79 74 348 701 89
316 353 348 363 403 605 604 494 335 338 345 914 336 330 343 0 441 463 331 914 784 373 1331 368 315 370 525 313 361 796 474 604 387 669 337 374 312 914 626 472 325 355 1271 777 366 468 497 340 381 361 914 362 324 419 739 330
618 295 290 305 705 785 785 796 276 280 286 787 637 271 284 441 0 765 273 787 857 227 1633 310 257 312 827 255 663 869 286 785 329 481 279 316 253 787 438 774 266 297 1573 1079 307 770 799 281 408 303 787 304 265 446 670 272
193 627 622 638 101 481 481 370 609 613 619 790 172 604 617 413 715 0 605 790 660 648 1020 643 589 644 401 587 238 672 748 481 662 794 612 648 586 790 823 161 599 629 960 466 640 344 374 614 449 636 790 636 598 411 615 604
508 67 62 77 595 796 796 685 48 52 58 807 527 130 90 331 273 629 0 807 876 205 1513 82 62 117 716 113 553 888 305 796 100 500 85 119 34 807 457 638 38 69 1453 959 80 660 689 53 298 75 807 109 71 336 689 44
654 829 824 839 780 452 452 627 810 814 820 215 712 805 818 914 787 839 807 0 236 713 1708 844 791 846 658 789 612 265 645 452 863 384 813 850 787 215 487 849 800 831 1648 1154 841 601 551 815 942 837 215 838 799 912 479 806
525 899 894 909 650 323 323 497 880 884 890 236 583 875 888 784 857 710 876 236 0 783 1578 914 861 916 528 858 482 242 715 323 933 507 883 920 857 236 557 719 870 901 1518 1024 911 472 421 885 820 907 236 908 869 782 349 876
551 227 222 237 637 711 711 728 209 212 219 713 570 204 217 373 227 697 205 713 783 0 1565 242 189 244 759 187 596 795 212 711 262 407 211 248 186 713 364 706 199 229 1505 1011 240 702 732 214 340 235 713 236 198 378 596 204
1118 1528 1523 1538 1027 1406 1406 1296 1535 1513 1545 1716 1098 1530 1543 1339 1641 962 1531 1716 1586 1573 0 1543 1515 1570 1327 1513 1163 1598 1674 1406 1587 1720 1537 1574 1512 1716 1749 971 1525 1555 153 613 1566 1270 1299 1540 1375 1561 1716 1562 1524 1337 1541 1530
546 60 55 71 632 834 834 723 86 45 96 844 565 167 127 368 310 628 82 844 914 242 1513 0 100 118 754 150 591 926 343 834 94 538 122 114 72 844 495 637 76 106 1452 959 112 697 727 91 335 113 844 125 108 373 727 81
492 85 80 95 579 781 781 670 66 70 76 791 512 114 66 315 257 639 62 791 861 189 1507 100 0 93 701 97 537 872 290 781 119 485 60 94 43 791 442 648 56 87 1447 953 97 644 673 71 282 93 791 85 47 320 673 62
547 133 134 123 634 835 835 725 115 125 105 846 566 169 71 370 312 694 117 846 916 244 1562 118 93 0 756 152 592 927 345 835 67 539 76 41 98 846 497 703 111 95 1502 1008 84 699 728 110 337 92 846 52 90 375 728 116
265 739 734 749 391 349 349 58 720 724 730 658 323 715 728 525 827 450 716 658 528 759 1319 754 701 756 0 698 223 540 849 349 773 662 723 760 697 658 691 459 710 741 1258 765 751 104 242 725 560 747 658 748 709 523 483 716
526 203 198 213 613 763 763 703 184 188 194 766 545 83 192 349 231 672 180 765 835 164 1541 218 165 219 734 0 571 847 264 763 237 459 187 224 161 766 416 682 174 205 1481 987 215 677 707 189 315 211 766 212 173 354 648 179
141 575 570 586 227 303 303 192 557 560 567 612 160 552 565 361 663 287 553 612 482 596 1155 591 537 592 223 535 0 494 696 303 610 616 560 596 534 612 645 296 547 577 1095 601 588 166 196 562 397 583 612 584 546 359 437 552
536 910 905 921 662 334 334 509 892 896 902 265 594 887 900 796 869 721 888 265 242 795 1590 926 872 927 540 870 494 0 727 334 945 536 895 931 869 265 569 731 882 912 1530 1036 923 483 433 897 832 919 265 919 881 794 361 887
651 328 323 338 738 643 643 818 309 313 319 645 670 304 317 474 286 797 305 645 715 212 1666 343 290 345 849 287 696 727 0 643 362 339 312 349 286 645 296 807 299 330 1606 1112 340 792 741 314 440 336 645 337 298 479 528 305
345 819 813 829 471 251 251 318 800 804 810 452 403 795 808 604 785 530 796 452 323 711 1399 834 781 835 349 778 303 334 643 0 853 456 803 840 777 452 485 539 790 820 1338 845 831 292 321 805 640 827 452 828 789 603 277 795
565 109 115 100 652 853 853 742 92 109 82 863 584 186 93 387 329 685 100 863 933 262 1570 94 119 67 773 170 610 945 362 853 0 557 98 63 91 863 514 695 95 72 1509 1016 61 716 746 86 354 69 863 74 112 392 746 97
658 523 518 533 784 456 456 631 504 508 514 384 716 499 512 669 481 843 500 384 507 407 1712 538 485 539 662 482 616 536 339 456 557 0 507 544 481 384 181 853 494 525 1652 1158 535 605 555 509 635 531 384 532 493 674 341 500
515 107 102 117 602 803 803 692 88 92 98 813 534 136 88 337 279 661 85 813 883 211 1530 122 60 76 723 120 560 895 312 803 98 507 0 72 65 813 464 670 78 109 1469 976 116 666 696 93 304 115 813 84 69 342 696 84
551 129 134 119 638 840 840 729 111 129 101 850 571 173 67 374 316 698 119 850 920 248 1566 114 94 41 760 156 596 931 349 840 63 544 72 0 102 850 501 707 115 91 1506 1012 80 703 732 106 341 88 850 48 86 379 732 116
489 57 51 67 576 777 777 666 38 42 48 787 508 110 71 312 253 618 34 787 857 186 1503 72 43 98 697 94 534 869 286 777 91 481 65 102 0 787 438 627 28 58 1442 949 69 640 670 43 278 65 787 90 51 316 670 33
654 829 824 839 780 452 452 627 810 814 820 216 712 805 818 914 787 840 807 215 236 713 1708 844 791 846 658 789 612 265 645 452 863 384 813 850 787 0 487 849 800 831 1648 1154 841 601 551 815 942 837 216 838 799 912 479 806
687 480 475 490 813 485 485 660 461 465 471 487 745 456 469 626 438 872 457 487 557 364 1741 495 442 497 691 439 645 569 296 485 514 181 464 501 438 487 0 882 451 482 1681 1187 492 634 584 466 593 488 487 489 450 631 370 457
207 641 636 651 115 495 495 384 623 626 633 804 186 618 631 427 729 165 619 804 674 661 1034 657 603 658 415 601 251 686 762 495 676 808 626 662 600 804 837 0 613 643 974 480 654 358 387 628 463 649 804 650 612 425 629 618
502 61 56 71 589 790 790 679 42 46 52 800 521 124 84 325 266 622 38 800 870 199 1507 76 56 111 710 107 547 882 299 790 95 494 78 115 28 800 451 632 0 63 1446 953 73 653 683 47 291 69 800 103 65 329 683 38
532 91 86 101 619 821 820 710 73 76 83 831 552 154 114 355 297 653 69 831 901 229 1537 106 87 95 741 137 577 912 330 820 72 525 109 91 58 831 482 662 63 0 1477 983 89 684 713 78 322 97 831 102 95 360 713 68
1058 1468 1463 1478 966 1346 1346 1235 1474 1453 1484 1656 1038 1469 1482 1279 1581 902 1470 1655 1526 1513 153 1483 1455 1510 1266 1452 1103 1538 1613 1346 1527 1659 1477 1514 1451 1656 1688 911 1464 1495 0 552 1505 1209 1239 1479 1314 1501 1656 1502 1463 1277 1481 1470
564 974 969 984 473 852 852 742 980 959 990 1162 544 976 989 785 1087 408 977 1162 1032 1019 613 989 961 1016 773 959 609 1044 1120 852 1033 1166 983 1020 957 1162 1195 417 970 1001 552 0 1012 716 745 985 820 1007 1162 1008 969 783 987 976
543 102 97 112 630 831 831 720 83 87 93 841 562 165 111 366 307 663 80 841 911 240 1548 112 97 84 751 148 588 923 340 831 61 535 116 80 69 841 492 673 73 89 1488 994 0 694 724 88 332 86 841 92 106 370 724 79
208 682 677 692 334 292 292 73 663 667 673 601 266 658 671 468 770 393 660 601 472 702 1262 697 644 699 104 642 166 483 792 292 716 605 666 703 640 601 634 403 653 684 1202 708 694 0 185 668 503 690 601 691 652 466 426 659
238 711 706 722 363 321 321 211 693 697 703 551 296 688 701 497 799 423 689 551 421 732 1292 727 673 728 242 671 196 433 741 321 746 555 696 732 670 551 584 432 683 713 1231 737 724 185 0 698 533 720 551 720 682 495 376 688
517 76 71 86 604 805 805 694 57 61 67 815 536 139 99 340 281 637 53 815 885 214 1522 91 71 110 725 122 562 897 314 805 86 509 93 106 43 815 466 647 47 78 1461 968 88 668 698 0 306 84 815 117 80 344 698 53
352 320 315 330 439 640 640 529 301 305 311 942 371 296 309 381 408 498 298 942 820 340 1367 335 282 337 560 280 397 832 440 640 354 635 304 341 278 942 593 507 291 322 1306 813 332 503 533 306 0 328 942 329 290 385 775 297
539 97 92 108 625 827 827 716 79 83 89 837 558 160 119 361 303 659 75 837 907 235 1544 113 93 92 747 143 583 919 336 827 69 531 115 88 65 837 488 668 69 97 1483 989 86 690 720 84 328 0 837 100 101 366 720 74
654 829 824 839 780 452 452 627 810 814 820 215 712 805 818 914 787 840 807 215 236 713 1708 844 791 846 658 789 612 265 645 452 863 384 813 850 787 216 487 849 800 831 1648 1154 841 601 551 815 942 837 0 838 799 912 479 806
539 132 127 131 626 828 828 717 113 117 113 838 559 161 79 362 304 686 109 838 908 236 1554 125 85 52 748 144 584 919 337 828 74 532 84 48 90 838 489 695 103 102 1494 1000 92 691 720 117 329 100 838 0 94 367 720 108
501 93 88 103 588 789 789 678 75 78 85 799 520 123 74 324 265 647 71 799 869 198 1516 108 47 90 709 106 546 881 298 789 112 493 69 86 51 799 450 656 65 95 1455 962 106 652 682 80 290 101 799 94 0 328 682 70
314 358 353 368 401 603 602 492 339 343 349 912 334 335 348 419 446 461 336 912 782 378 1329 373 320 375 523 318 359 794 479 603 392 674 342 379 316 912 631 470 329 360 1269 775 370 466 495 344 385 366 912 367 328 0 737 335
480 711 706 722 605 277 277 452 693 697 703 479 538 688 701 739 670 665 689 479 349 596 1533 727 673 728 483 671 437 361 528 277 746 341 696 732 670 479 370 674 683 713 1473 979 724 426 376 698 775 720 479 720 682 737 0 688
507 66 61 76 594 795 795 685 48 51 58 806 527 129 89 330 272 628 44 806 876 204 1512 81 62 116 716 112 552 887 305 795 97 500 84 116 33 806 457 637 38 68 1452 958 79 659 688 53 297 74 806 108 70 335 688 0
EOF