NAME : tsp_problem
TYPE : TSP
DIMENSION : 66
EDGE_WEIGHT_TYPE : EXPLICIT
EDGE_WEIGHT_FORMAT : FULL_MATRIX
EDGE_WEIGHT_SECTION
0 72 117 696 278 88 337 333 211 100 696 105 102 113 803 107 98 96 717 328 100 104 701 342 692 337 464 114 507 95 602 602 666 337 84 74 813 304 507 115 670 1316 337 76 84 2491 506 134 337 1530 223 118 93 813 813 119 600 72 136 65 127 124 110 79 312 582
72 0 119 732 314 67 374 369 248 65 732 98 134 77 840 129 63 60 754 365 104 96 737 379 729 374 501 86 544 109 638 639 703 374 116 81 850 341 544 88 707 1353 374 41 48 2527 543 98 374 1566 260 83 58 850 850 84 637 36 173 102 108 161 93 76 349 619
117 119 0 722 303 122 363 358 237 102 722 98 50 70 829 55 100 97 743 354 93 96 727 368 718 363 490 107 533 87 627 628 692 363 76 109 839 330 533 108 632 1294 363 123 131 2469 532 86 363 1508 249 76 132 839 839 112 626 103 162 67 75 79 102 113 338 608
696 732 722 0 798 701 497 498 732 740 376 710 706 762 321 711 746 745 236 498 704 708 219 495 211 497 584 718 555 699 363 650 185 497 688 687 551 533 555 720 432 1078 497 728 720 2253 554 742 497 1292 775 757 711 551 551 724 197 754 688 670 732 656 714 692 741 477
278 314 303 798 0 283 439 434 223 322 665 291 288 344 780 293 328 327 819 430 286 290 803 444 794 439 433 300 476 281 704 571 768 439 270 269 782 406 476 301 772 1418 439 310 302 2593 475 324 439 1632 357 339 293 782 782 306 702 336 270 252 313 283 296 274 281 551
88 67 122 701 283 0 343 338 217 95 701 110 107 108 808 112 93 91 722 333 105 109 706 348 697 343 469 116 512 100 607 608 671 343 89 80 818 309 512 119 676 1322 343 71 79 2496 511 129 343 1535 229 113 88 818 818 114 605 67 142 71 132 130 115 84 317 587
337 374 363 497 439 343 0 409 373 382 739 351 348 404 604 353 387 386 519 404 346 350 502 419 494 414 626 360 669 341 403 764 468 414 330 329 914 381 669 361 472 1118 414 370 362 2292 668 384 414 1331 417 399 353 914 914 366 402 396 330 312 373 297 356 334 474 744
333 369 358 498 434 338 409 0 368 377 740 346 343 399 605 348 383 382 519 399 341 345 503 414 494 409 621 355 664 336 404 759 468 409 325 324 914 376 664 356 472 1118 409 365 357 2293 663 379 409 1332 412 394 348 914 914 361 402 391 325 307 368 292 351 329 469 739
211 248 237 732 223 217 373 368 0 256 596 225 222 278 711 227 262 260 753 364 220 224 736 378 728 373 364 234 407 215 637 502 702 373 204 203 713 340 407 235 706 1352 373 244 236 2527 406 258 373 1565 291 273 227 713 713 240 636 270 204 186 247 217 230 208 212 482
100 65 102 740 322 95 382 377 256 0 740 81 113 60 847 111 45 43 761 372 86 78 745 386 736 381 508 68 551 91 646 646 710 381 95 109 857 348 551 71 689 1350 381 69 76 2525 550 81 381 1564 267 65 86 857 857 66 644 49 180 85 91 135 76 104 356 626
696 732 722 376 665 701 739 740 596 740 0 710 706 762 277 711 746 745 477 740 704 708 461 737 452 739 370 718 341 699 605 436 426 739 688 687 479 775 341 720 674 1320 739 728 720 2494 340 742 739 1533 775 757 711 479 479 724 439 754 688 670 732 701 714 692 528 373
105 98 98 710 291 110 351 346 225 81 710 0 82 93 817 87 79 76 731 342 81 84 715 356 706 351 478 95 521 75 615 616 680 351 64 97 827 318 521 96 658 1320 351 102 110 2495 520 115 351 1534 237 99 119 827 827 100 614 83 150 55 108 105 90 101 326 596
102 134 50 706 288 107 348 343 222 113 706 82 0 85 813 40 115 112 728 338 77 81 711 353 703 348 475 91 518 72 612 613 677 348 61 93 824 315 518 92 617 1279 348 134 127 2453 517 71 348 1492 234 86 117 824 824 97 611 118 147 51 60 64 87 98 323 593
113 77 70 762 344 108 404 399 278 60 762 93 85 0 869 80 58 55 784 394 99 91 767 409 759 404 531 81 573 104 668 669 733 404 111 121 880 371 573 83 673 1335 404 81 89 2509 572 49 404 1548 290 34 98 880 880 79 667 61 203 107 60 119 88 116 378 648
803 840 829 321 780 808 604 605 711 847 277 817 813 869 0 819 853 852 343 605 812 815 326 602 318 604 485 826 456 806 471 552 292 605 795 794 452 640 456 827 539 1185 605 835 828 2360 455 849 604 1399 882 864 818 452 452 831 304 861 795 777 839 763 821 799 643 379
107 129 55 711 293 112 353 348 227 111 711 87 40 80 819 0 109 107 733 344 82 86 716 358 708 353 480 96 523 77 617 618 682 353 66 99 829 320 523 97 622 1284 353 133 132 2458 522 76 353 1497 239 86 122 829 829 102 616 113 152 57 65 69 92 103 328 598
98 63 100 746 328 93 387 383 262 45 746 79 115 58 853 109 0 41 767 378 84 76 751 392 742 387 514 66 557 89 652 652 716 387 97 107 863 354 557 69 695 1356 387 67 74 2531 556 79 387 1570 273 63 84 863 863 64 650 47 186 91 89 141 74 102 362 632
96 60 97 745 327 91 386 382 260 43 745 76 112 55 852 107 41 0 766 377 82 74 750 391 741 386 513 64 556 87 651 651 715 386 94 104 862 353 556 66 694 1355 386 64 72 2530 555 76 386 1569 272 61 81 862 862 62 649 44 185 90 87 140 71 99 361 631
717 754 743 236 819 722 519 519 753 761 477 731 728 784 343 733 767 766 0 520 726 729 58 517 64 519 685 740 656 720 385 751 98 519 710 709 652 554 656 741 453 1100 519 750 742 2274 655 763 519 1313 796 779 732 652 652 746 218 775 709 691 753 677 736 713 843 579
328 365 354 498 430 333 404 399 364 372 740 342 338 394 605 344 378 377 520 0 337 340 503 409 495 404 616 351 659 331 404 754 469 404 320 319 915 371 659 352 473 1119 404 360 353 2293 658 374 404 1332 407 389 343 915 915 356 403 386 320 302 364 288 346 324 464 734
100 104 93 704 286 105 346 341 220 86 704 81 77 99 812 82 84 82 726 337 0 79 709 351 701 346 473 89 516 70 610 611 675 346 59 92 822 313 516 90 653 1315 346 108 115 2490 515 113 346 1528 232 104 115 822 822 95 609 88 145 50 102 100 85 96 321 591
104 96 96 708 290 109 350 345 224 78 708 84 81 91 815 86 76 74 729 340 79 0 713 355 704 350 476 93 519 74 614 615 679 350 63 95 826 317 519 94 657 1319 350 100 107 2493 518 112 350 1532 236 96 117 826 826 97 613 80 149 53 106 103 89 100 324 594
701 737 727 219 803 706 502 503 736 745 461 715 711 767 326 716 751 750 58 503 709 713 0 500 48 502 669 723 640 704 368 735 82 502 693 692 636 538 640 724 437 1083 502 733 725 2258 639 747 502 1296 780 762 716 636 636 729 202 759 693 675 736 661 719 697 826 562
342 379 368 495 444 348 419 414 378 386 737 356 353 409 602 358 392 391 517 409 351 355 500 0 492 419 631 365 674 346 401 769 466 419 335 334 912 385 674 366 470 1116 419 375 367 2290 673 388 419 1329 421 404 357 912 912 371 400 400 335 316 378 302 361 339 479 749
692 729 718 211 794 697 494 494 728 736 452 706 703 759 318 708 742 741 64 495 701 704 48 492 0 494 660 715 631 695 360 726 73 494 685 684 627 529 631 716 428 1075 494 725 717 2249 630 738 494 1288 771 754 707 627 627 721 193 750 684 666 728 652 711 688 818 554
337 374 363 497 439 343 414 409 373 381 739 351 348 404 604 353 387 386 519 404 346 350 502 419 494 0 626 360 669 341 403 764 468 414 330 329 914 381 669 361 472 1118 414 370 362 2292 668 384 414 1331 417 399 353 914 914 366 402 396 330 312 373 297 356 334 474 744
464 501 490 584 433 469 626 621 364 508 370 478 475 531 485 480 514 513 685 616 473 476 669 631 660 626 0 487 181 467 813 277 634 626 457 456 487 593 181 488 882 1528 626 497 489 2702 180 510 626 1741 543 526 479 487 487 493 647 522 456 438 500 469 483 460 296 256
114 86 107 718 300 116 360 355 234 68 718 95 91 81 826 96 66 64 740 351 89 93 723 365 715 360 487 0 530 84 624 625 689 360 73 106 836 327 530 92 667 1329 360 90 97 2504 529 102 360 1542 246 86 107 836 836 87 623 70 159 64 112 114 97 110 335 605
507 544 533 555 476 512 669 664 407 551 341 521 518 573 456 523 557 556 656 659 516 519 640 674 631 669 181 530 0 510 784 173 605 669 500 499 384 635 152 531 853 1499 669 540 532 2673 150 553 669 1712 586 569 522 384 384 535 618 565 499 481 543 512 526 503 339 227
95 109 87 699 281 100 341 336 215 91 699 75 72 104 806 77 89 87 720 331 70 74 704 346 695 341 467 84 510 0 605 606 670 341 54 86 817 307 510 85 648 1310 341 113 119 2484 509 107 341 1523 227 109 110 817 817 90 603 93 140 44 97 94 80 91 315 585
602 638 627 363 704 607 403 404 637 646 605 615 612 668 471 617 652 651 385 404 610 614 368 401 360 403 813 624 784 605 0 879 334 403 594 593 780 439 784 625 160 806 403 634 626 1980 783 648 403 1019 681 663 617 780 780 630 268 660 594 576 637 561 620 598 738 707
602 639 628 650 571 608 764 759 502 646 436 616 613 669 552 618 652 651 751 754 611 615 735 769 726 764 277 625 173 606 879 0 701 764 595 594 278 731 173 626 948 1594 764 635 627 2768 167 648 764 1807 681 664 617 278 278 631 713 660 595 576 638 608 621 599 434 323
666 703 692 185 768 671 468 468 702 710 426 680 677 733 292 682 716 715 98 469 675 679 82 466 73 468 634 689 605 670 334 701 0 468 659 658 601 503 605 690 403 1049 468 699 691 2223 604 712 468 1262 745 728 681 601 601 695 167 724 658 640 702 626 685 663 792 528
337 374 363 497 439 343 414 409 373 381 739 351 348 404 605 353 387 386 519 404 346 350 502 419 494 414 626 360 669 341 403 764 468 0 330 329 914 381 669 361 472 1118 414 370 362 2292 668 384 414 1331 417 399 352 914 914 366 402 396 330 312 373 297 356 334 474 744
84 116 76 688 270 89 330 325 204 95 688 64 61 111 795 66 97 94 710 320 59 63 693 335 685 330 457 73 500 54 594 595 659 330 0 75 806 297 500 74 637 1299 330 116 108 2473 499 97 330 1512 216 112 99 806 806 79 593 101 129 33 86 83 69 80 305 575
74 81 109 687 269 80 329 324 203 109 687 97 93 121 794 99 107 104 709 319 92 95 692 334 684 329 456 106 499 86 593 594 658 329 75 0 805 296 499 107 662 1308 329 85 92 2482 498 129 329 1521 215 127 89 805 805 111 592 80 128 57 119 116 101 71 304 574
813 850 839 551 782 818 914 914 713 857 479 827 824 880 452 829 863 862 652 915 822 826 636 912 627 914 487 836 384 817 780 278 601 914 806 805 0 942 384 837 849 1495 914 846 838 2669 378 859 914 1708 892 875 828 215 215 842 614 871 805 787 849 818 832 810 645 533
304 341 330 533 406 309 381 376 340 348 775 318 315 371 640 320 354 353 554 371 313 317 538 385 529 381 593 327 635 307 439 731 503 381 297 296 942 0 635 328 507 1154 381 337 329 2328 634 350 381 1367 383 366 319 942 942 333 437 362 296 278 340 264 323 300 440 710
507 544 533 555 476 512 669 664 407 551 341 521 518 573 456 523 557 556 656 659 516 519 640 674 631 669 181 530 152 510 784 173 605 669 500 499 384 635 0 531 853 1499 669 540 532 2673 150 553 669 1712 586 568 522 384 384 535 618 565 499 481 543 512 526 503 339 227
115 88 108 720 301 119 361 356 235 71 720 96 92 83 827 97 69 66 741 352 90 94 724 366 716 361 488 92 531 85 625 626 690 361 74 107 837 328 531 0 668 1330 361 92 100 2505 530 105 361 1544 247 89 109 837 837 90 624 73 160 65 115 115 99 111 336 606
626 662 651 387 728 631 427 428 661 670 629 639 636 692 495 641 676 675 409 428 634 638 392 425 384 427 837 648 808 629 115 903 358 427 618 617 804 463 808 649 0 821 427 658 650 1995 807 672 427 1034 705 687 641 804 804 654 292 684 618 600 661 586 644 622 762 731
1324 1361 1325 1086 1426 1329 1126 1126 1360 1368 1328 1338 1310 1365 1193 1315 1374 1373 1107 1127 1333 1337 1091 1124 1082 1126 1536 1347 1507 1327 814 1602 1056 1126 1317 1316 1503 1161 1507 1348 758 0 1126 1357 1349 1266 1506 1345 1126 305 1403 1361 1339 1503 1503 1353 990 1382 1316 1298 1335 1284 1343 1320 1460 1429
337 374 363 497 439 343 414 409 373 381 739 351 348 404 605 353 387 386 519 404 346 350 502 419 494 414 626 360 669 341 403 764 468 414 330 329 914 381 669 361 472 1118 0 370 362 2292 668 384 414 1331 416 399 352 914 914 366 402 396 330 311 373 297 356 334 474 744
76 41 123 728 310 71 370 365 244 69 728 102 134 81 835 133 67 64 750 360 108 100 733 375 725 370 497 90 540 113 634 635 699 370 116 85 846 337 540 92 703 1349 370 0 52 2523 539 102 370 1562 256 87 62 846 846 88 633 41 169 98 113 157 97 80 345 615
84 48 131 720 302 79 362 357 236 76 720 110 127 89 828 132 74 72 742 353 115 107 725 367 717 362 489 97 532 119 626 627 691 362 108 92 838 329 532 100 695 1341 362 52 0 2515 531 110 362 1554 248 94 69 838 838 95 625 48 161 90 120 149 105 87 337 607
2499 2535 2499 2260 2600 2504 2300 2301 2534 2543 2502 2512 2484 2540 2367 2489 2549 2548 2282 2301 2507 2511 2265 2298 2257 2300 2710 2521 2681 2502 1988 2776 2231 2300 2491 2490 2677 2336 2681 2522 1932 1266 2300 2531 2523 0 2680 2520 2300 1031 2578 2535 2514 2677 2677 2527 2165 2557 2491 2473 2509 2458 2517 2495 2635 2604
506 543 532 554 475 511 668 663 406 550 340 520 517 572 455 522 556 555 655 658 515 518 639 673 630 668 180 529 150 509 783 167 604 668 499 498 378 634 150 530 852 1498 668 539 531 2672 0 552 668 1711 585 567 521 378 378 534 617 564 498 480 542 511 525 502 338 226
134 98 86 742 324 129 384 379 258 81 742 115 71 49 849 76 79 76 763 374 113 112 747 388 738 384 510 102 553 107 648 648 712 384 97 129 859 350 553 105 653 1315 384 102 110 2489 552 0 384 1528 269 55 119 859 859 100 646 83 183 87 81 99 109 134 358 628
337 374 363 497 439 343 414 409 373 381 739 351 348 404 604 353 387 386 519 404 346 350 502 419 494 414 626 360 669 341 403 764 468 414 330 329 914 381 669 361 472 1118 414 370 362 2292 668 384 0 1331 417 399 353 914 914 366 402 396 330 312 373 297 356 334 474 744
1537 1574 1538 1299 1639 1543 1339 1339 1573 1581 1541 1551 1523 1579 1406 1528 1587 1586 1321 1340 1546 1550 1304 1337 1296 1339 1749 1560 1720 1541 1027 1815 1270 1339 1530 1529 1716 1375 1720 1561 971 305 1339 1570 1562 1031 1719 1559 1339 0 1617 1574 1553 1716 1716 1566 1204 1596 1530 1512 1548 1497 1556 1534 1674 1642
248 285 274 768 291 254 410 405 225 292 710 262 259 315 825 264 298 297 790 401 257 261 773 415 765 410 478 271 521 252 674 616 739 410 241 240 827 377 521 272 743 1389 410 281 273 2564 520 295 410 1602 0 310 264 827 827 277 673 307 154 223 284 254 267 245 326 596
118 83 76 757 339 113 399 394 273 65 757 99 86 34 864 86 63 61 779 389 104 96 762 404 754 399 526 86 569 109 663 664 728 399 112 127 875 366 568 89 668 1330 399 87 94 2504 567 55 399 1543 285 0 104 875 875 84 662 67 198 102 65 114 94 121 373 643
93 58 132 711 293 88 353 348 227 86 711 119 117 98 818 122 84 81 732 343 115 117 716 357 707 353 479 107 522 110 617 617 681 352 99 89 828 319 522 109 685 1331 352 62 69 2506 521 119 353 1545 238 104 0 828 828 105 615 58 151 80 129 139 114 94 327 597
813 850 839 551 782 818 914 914 713 857 479 827 824 880 452 829 863 862 652 915 822 826 636 912 627 914 487 836 384 817 780 278 601 914 806 805 215 942 384 837 849 1495 914 846 838 2669 378 859 914 1708 892 875 828 0 215 842 614 871 805 787 849 818 832 810 645 533
813 850 839 551 782 818 914 914 713 857 479 827 824 880 452 829 863 862 652 915 822 826 636 912 627 914 487 836 384 817 780 278 601 914 806 805 215 942 384 837 849 1495 914 846 838 2669 378 859 914 1708 892 875 828 215 0 842 614 871 805 787 849 818 832 810 645 533
119 84 112 724 306 114 366 361 240 66 724 100 97 79 831 102 64 62 746 356 95 97 729 371 721 366 493 87 535 90 630 631 695 366 79 111 842 333 535 90 673 1335 366 88 95 2509 534 100 366 1548 252 84 105 842 842 0 629 68 165 69 110 119 95 116 340 610
600 637 626 197 702 605 402 402 636 644 439 614 611 667 304 616 650 649 218 403 609 613 202 400 193 402 647 623 618 603 268 713 167 402 593 592 614 437 618 624 337 983 402 633 625 2157 617 646 402 1196 679 662 615 614 614 629 0 658 592 574 636 560 619 596 736 540
72 36 103 754 336 67 396 391 270 49 754 83 118 61 861 113 47 44 775 386 88 80 759 400 750 396 522 70 565 93 660 660 724 396 101 80 871 362 565 73 726 1375 396 41 48 2549 564 83 396 1588 281 67 58 871 871 68 658 0 195 123 93 173 77 75 370 640
170 207 196 690 213 175 332 327 147 214 631 184 181 236 746 186 220 219 711 322 179 182 695 337 686 332 399 193 442 173 596 538 660 332 162 162 749 298 442 194 665 1311 332 202 195 2485 441 216 332 1524 187 231 185 749 749 198 594 228 0 144 206 175 189 166 247 517
65 102 67 670 252 71 312 307 186 85 670 55 51 107 777 57 91 90 691 302 50 53 675 316 666 312 438 64 481 44 576 576 640 312 33 57 787 278 481 65 627 1289 311 98 90 2464 480 87 312 1503 197 102 80 787 787 69 574 123 110 0 77 74 59 62 286 556
127 108 75 732 313 132 373 368 247 91 732 108 60 60 839 65 89 87 753 364 102 106 736 378 728 373 500 112 543 97 637 638 702 373 86 119 849 340 543 115 642 1304 373 113 120 2479 542 81 373 1518 259 65 129 849 849 110 636 93 172 77 0 89 112 123 348 618
124 161 79 656 283 130 297 292 217 135 701 105 64 119 763 69 141 140 677 288 100 103 661 302 652 297 469 114 512 94 561 608 626 297 83 116 818 264 512 115 610 1272 297 157 149 2446 511 99 297 1485 228 114 139 818 818 119 560 173 142 74 89 0 110 121 317 587
110 93 102 714 296 115 356 351 230 76 714 90 87 88 821 92 74 71 736 346 85 89 719 361 711 356 483 97 526 80 620 621 685 356 69 101 832 323 526 99 663 1325 356 97 105 2499 525 109 356 1538 242 94 114 832 832 95 619 77 155 59 112 110 0 106 331 601
79 76 113 692 274 84 334 329 208 104 692 101 98 116 799 103 102 99 713 324 96 100 697 339 688 334 460 110 503 91 598 599 663 334 80 71 810 300 503 111 667 1313 334 80 87 2487 502 134 334 1526 220 121 94 810 810 116 596 75 133 62 123 121 106 0 308 578
312 349 338 741 281 317 474 469 212 356 528 326 323 378 643 328 362 361 843 464 321 324 826 479 818 474 296 335 339 315 738 434 792 474 305 304 645 440 339 336 807 1453 474 345 337 2627 338 358 474 1666 391 373 327 645 645 340 736 370 304 286 348 317 331 308 0 414
582 619 608 477 551 587 744 739 482 626 373 596 593 648 379 598 632 631 579 734 591 594 562 749 554 744 256 605 227 585 707 323 528 744 575 574 533 710 227 606 775 1421 744 615 607 2596 226 628 744 1635 661 643 597 533 533 610 540 640 574 556 618 587 601 578 414 0
EOF