NAME : tsp_problem
TYPE : TSP
DIMENSION : 68
EDGE_WEIGHT_TYPE : EXPLICIT
EDGE_WEIGHT_FORMAT : FULL_MATRIX
EDGE_WEIGHT_SECTION
0 93 521 346 615 548 616 2495 86 293 344 110 1069 78 108 614 92 95 1320 351 897 574 99 100 90 102 701 909 827 521 620 351 419 348 76 58 356 87 342 109 649 827 75 817 521 680 95 81 780 326 79 827 1607 81 101 827 710 83 115 85 110 293 150 73 737 291 103 69
93 0 573 399 668 600 669 2509 131 346 397 89 1083 86 60 667 70 73 1335 404 949 626 34 79 68 81 753 961 880 573 672 404 472 401 55 95 409 80 394 44 664 880 104 869 573 733 81 99 832 378 58 880 1622 60 116 880 762 61 93 64 108 346 203 81 789 344 65 106
521 573 0 664 784 716 173 2673 488 481 662 532 1247 513 543 618 540 542 1499 669 507 616 569 536 547 540 626 536 384 152 789 669 150 220 556 493 674 523 659 558 843 384 510 456 152 605 530 516 465 339 557 384 1786 551 503 384 555 565 527 552 512 481 499 508 662 476 538 504
346 399 664 0 404 336 759 2293 314 436 402 357 867 338 368 402 366 367 1118 409 785 362 394 361 372 365 489 796 914 664 408 409 562 491 382 319 414 348 399 383 463 914 336 605 664 468 355 341 568 469 383 914 1406 377 329 914 498 391 352 377 338 436 325 333 525 434 363 330
615 668 784 404 0 171 879 1980 583 705 404 626 554 607 637 268 635 636 806 403 650 227 663 630 641 634 355 662 780 784 120 403 782 761 651 588 401 617 404 652 150 780 605 471 784 334 624 610 434 738 652 780 1093 646 598 780 363 660 622 646 607 705 594 602 391 704 632 599
548 600 716 336 171 0 812 2051 515 637 336 559 626 540 570 200 567 569 877 336 583 160 595 562 574 566 287 594 712 716 191 336 714 693 583 520 334 550 336 585 222 712 537 403 716 266 557 543 366 670 584 712 1164 578 530 712 296 592 554 579 539 637 526 535 323 636 565 531
616 669 173 759 879 812 0 2768 584 576 757 627 1343 608 638 713 635 637 1594 764 400 711 664 631 642 635 721 429 278 173 884 764 245 315 651 589 769 618 754 653 939 278 606 552 173 701 625 611 560 434 652 278 1881 646 599 278 650 660 622 647 608 576 595 603 757 571 633 599
2512 2540 2681 2301 1988 2059 2776 0 2480 2602 2301 2523 1602 2479 2509 2165 2532 2533 1266 2300 2547 2124 2535 2527 2538 2531 2252 2559 2677 2681 2008 2300 2679 2657 2548 2482 2298 2489 2301 2524 1923 2677 2502 2368 2681 2231 2521 2507 2331 2635 2549 2677 1001 2543 2495 2677 2260 2557 2518 2543 2504 2602 2491 2474 2288 2600 2504 2496
86 131 488 314 583 515 584 2472 0 261 312 89 1046 78 108 582 106 107 1298 319 864 541 134 101 113 94 668 876 795 488 587 319 387 316 114 59 324 88 309 123 642 795 76 784 488 648 95 81 747 293 116 795 1585 117 60 795 677 90 84 117 69 261 118 73 704 259 104 70
293 346 481 436 705 637 576 2594 261 0 434 304 1168 285 315 704 312 314 1420 441 857 663 341 308 319 312 790 869 787 481 710 441 380 309 328 265 446 295 431 330 764 787 282 785 481 770 302 288 794 286 329 787 1707 323 275 787 799 337 299 324 284 90 271 280 827 88 310 276
344 397 662 402 404 336 757 2293 312 434 0 355 867 336 366 402 363 365 1119 407 785 362 392 359 370 363 489 797 915 662 408 407 560 489 379 316 411 346 397 381 463 915 334 605 662 468 353 339 568 467 380 915 1406 374 327 915 498 388 350 375 335 434 322 331 525 432 361 327
110 89 532 357 626 559 627 2515 89 304 355 0 1090 122 120 625 87 90 1341 362 908 584 94 95 85 52 712 919 838 532 631 362 430 359 72 102 367 132 353 104 686 838 119 828 532 691 97 115 791 337 74 838 1628 76 87 838 720 48 65 80 79 304 161 117 748 302 125 113
1087 1114 1255 875 562 633 1350 1602 1054 1176 875 1097 0 1053 1083 739 1106 1107 428 874 1121 698 1109 1101 1113 1105 826 1133 1251 1255 582 874 1253 1232 1122 1056 872 1063 875 1098 497 1251 1076 942 1255 805 1095 1081 905 1209 1123 1251 715 1117 1069 1251 835 1131 1093 1117 1078 1176 1065 1048 862 1175 1078 1070
78 86 513 338 607 540 608 2449 78 285 336 122 1023 0 55 606 97 98 1274 343 889 565 81 92 104 130 693 901 819 513 612 343 411 340 113 34 348 35 334 70 603 819 67 809 513 672 86 72 772 318 114 819 1561 108 93 819 701 124 117 108 102 285 142 20 729 283 50 61
108 60 543 368 637 570 638 2479 108 315 366 120 1053 55 0 636 102 105 1304 373 919 595 65 110 100 113 723 931 849 543 642 373 441 370 87 64 378 65 364 75 633 849 97 839 543 702 112 102 802 348 89 849 1591 91 123 849 732 93 125 95 132 315 172 50 759 313 80 91
614 667 618 402 268 200 713 2157 582 704 402 625 731 606 636 0 633 635 983 402 484 154 662 629 640 633 188 496 614 618 272 402 615 685 649 586 400 616 403 651 327 614 603 304 618 167 623 609 267 736 650 614 1270 644 596 614 197 658 620 645 605 704 592 601 224 702 631 597
92 70 540 366 635 567 635 2514 106 312 363 87 1088 97 102 633 0 72 1340 371 916 593 76 77 66 79 720 928 846 540 639 371 439 368 53 77 375 107 361 86 668 846 94 836 540 699 79 97 799 345 56 846 1627 58 114 846 729 60 91 62 106 312 170 92 756 311 107 88
95 73 542 367 636 569 637 2515 107 314 365 90 1089 98 105 635 72 0 1341 372 918 594 79 80 70 82 722 929 848 542 641 372 440 369 56 79 377 108 362 89 670 848 96 837 542 701 82 100 801 347 59 848 1628 61 117 848 730 63 95 65 109 314 171 93 758 312 110 90
1338 1365 1507 1126 814 885 1602 1266 1306 1428 1126 1349 428 1305 1335 990 1357 1359 0 1126 1373 950 1361 1353 1364 1357 1077 1385 1503 1507 834 1126 1504 1483 1373 1307 1124 1315 1127 1350 749 1503 1327 1193 1507 1056 1347 1333 1156 1460 1374 1503 379 1368 1320 1503 1086 1382 1344 1369 1329 1428 1316 1300 1113 1426 1330 1321
351 404 669 409 403 336 764 2292 319 441 407 362 867 343 373 402 371 372 1118 0 784 361 399 366 377 370 489 796 914 669 408 414 567 496 386 324 419 353 404 388 463 914 341 605 669 468 360 346 568 474 387 914 1405 381 334 914 497 396 357 382 343 441 330 338 525 439 368 335
897 949 507 785 650 583 400 2539 864 857 785 908 1114 889 919 484 916 918 1365 784 0 482 944 911 923 916 492 242 236 507 655 784 526 596 932 869 782 899 785 934 710 236 886 323 507 472 906 892 331 715 933 236 1652 927 879 236 421 941 903 928 888 857 875 884 528 852 914 880
574 626 616 362 227 160 711 2117 541 663 362 584 691 565 595 154 593 594 942 361 482 0 621 588 600 592 187 494 612 616 232 361 614 683 609 546 359 575 362 611 287 612 563 303 616 166 582 568 266 696 610 612 1229 604 556 612 196 618 580 604 565 663 552 560 223 662 591 557
99 34 569 394 663 595 664 2504 134 341 392 94 1078 81 65 662 76 79 1330 399 944 621 0 84 74 87 748 956 875 568 668 399 467 396 61 90 404 86 389 50 659 875 109 864 569 728 86 104 827 373 63 875 1617 65 121 875 757 67 99 69 113 341 198 76 785 339 70 112
100 79 536 361 630 562 631 2509 101 308 359 95 1083 92 110 629 77 80 1335 366 911 588 84 0 75 88 715 923 842 535 635 366 434 363 62 73 371 102 356 95 664 842 90 831 535 695 87 95 794 340 64 842 1622 66 116 842 724 68 100 70 114 308 165 87 752 306 115 84
90 68 547 372 641 574 642 2521 113 319 370 85 1095 104 100 640 66 70 1346 377 923 600 74 75 0 77 727 935 853 547 646 377 445 375 51 84 382 114 368 84 675 853 100 843 547 706 77 95 806 352 54 853 1634 56 112 853 736 58 90 60 104 319 176 99 763 318 105 95
102 81 540 365 634 566 635 2523 94 312 363 52 1097 130 113 633 79 82 1349 370 916 592 87 88 77 0 720 927 846 540 639 370 438 367 64 110 375 133 360 97 694 846 113 835 540 699 90 108 799 345 67 846 1636 69 80 846 728 41 57 73 71 312 169 125 756 310 118 115
701 753 626 489 355 287 721 2244 668 790 489 712 818 693 723 188 720 722 1070 489 492 187 748 715 727 720 0 504 622 626 359 489 624 693 736 673 487 703 490 738 414 622 690 313 626 68 710 696 276 813 737 622 1357 731 683 622 205 745 707 732 692 791 679 688 65 789 718 684
909 961 536 796 662 594 429 2551 876 869 797 919 1125 901 931 496 928 929 1377 796 242 494 956 923 935 927 504 0 265 536 667 796 538 607 944 881 794 910 797 946 721 265 898 334 536 483 917 903 343 727 945 265 1664 939 891 265 433 953 915 939 900 869 887 896 540 864 926 892
827 880 384 914 780 712 278 2669 795 787 915 838 1243 819 849 614 846 848 1495 914 236 612 875 842 853 846 622 265 0 384 784 914 456 526 862 799 912 829 915 864 839 215 817 452 384 601 836 822 461 645 863 215 1782 857 810 215 551 871 833 858 818 787 805 814 658 782 844 810
521 573 152 664 784 716 173 2673 488 481 662 532 1247 513 543 618 540 542 1499 669 507 616 568 535 547 540 626 536 384 0 788 669 150 220 556 493 674 523 659 558 843 384 510 456 152 605 530 516 465 339 557 384 1786 551 503 384 555 565 527 552 512 481 499 508 662 476 538 504
620 672 789 408 120 191 884 2000 587 710 408 631 574 612 642 272 639 641 826 408 655 232 668 635 646 639 359 667 784 788 0 408 786 765 655 592 406 622 409 657 171 785 609 475 789 338 629 615 438 742 656 785 1113 650 602 785 368 664 626 651 611 710 598 607 395 708 637 603
351 404 669 409 403 336 764 2292 319 441 407 362 866 343 373 402 371 372 1118 414 784 361 399 366 377 370 489 796 914 669 408 0 567 496 386 324 419 353 404 388 463 914 341 604 669 468 360 346 568 474 387 914 1405 382 334 914 497 396 357 382 343 441 330 338 525 439 368 335
419 472 150 562 782 714 245 2671 387 380 560 430 1245 411 441 615 439 440 1497 567 526 614 467 434 445 438 624 538 456 150 786 567 0 129 454 392 572 421 557 456 841 456 409 454 150 603 428 414 463 237 455 456 1784 449 402 456 552 464 425 450 411 380 398 406 660 374 436 402
348 401 220 491 761 693 315 2650 316 309 489 359 1224 340 370 685 368 369 1475 496 596 683 396 363 375 367 693 607 526 220 765 496 129 0 384 321 501 350 487 386 820 526 338 524 220 673 357 343 532 166 385 526 1763 379 331 526 622 393 355 379 340 309 327 335 729 304 366 332
76 55 556 382 651 583 651 2530 114 328 379 72 1104 113 87 649 53 56 1355 386 932 609 61 62 51 64 736 944 862 556 655 386 454 384 0 93 391 107 377 71 684 862 87 852 556 715 64 82 815 361 41 862 1643 43 99 862 745 44 76 47 91 328 185 108 772 327 92 89
58 95 493 319 588 520 589 2451 59 265 316 102 1025 34 64 586 77 79 1277 324 869 546 90 73 84 110 673 881 799 493 592 324 392 321 93 0 329 44 314 79 606 799 48 789 493 653 67 53 752 298 94 800 1564 88 74 799 682 126 97 89 83 265 123 29 709 264 59 41
356 409 674 414 401 334 769 2290 324 446 411 367 865 348 378 400 375 377 1116 419 782 359 404 371 382 375 487 794 912 674 406 419 572 501 391 329 0 358 409 393 461 912 346 603 674 466 365 351 566 479 392 912 1403 386 339 912 495 400 362 387 348 446 335 343 523 444 373 339
87 80 523 348 617 550 618 2458 88 295 346 132 1033 35 65 616 107 108 1284 353 899 575 86 102 114 133 703 910 829 523 622 353 421 350 107 44 358 0 344 80 613 829 77 819 523 682 96 82 782 328 109 829 1571 111 103 829 711 113 127 115 112 295 152 30 739 293 60 71
342 394 659 399 404 336 754 2293 309 431 397 353 867 334 364 403 361 362 1119 404 785 362 389 356 368 360 490 797 915 659 409 404 557 487 377 314 409 344 0 379 464 915 331 605 659 469 351 337 569 464 378 915 1406 372 324 915 498 386 348 372 333 431 320 329 526 430 359 325
109 44 558 383 652 585 653 2494 123 330 381 104 1068 70 75 651 86 89 1319 388 934 611 50 95 84 97 738 946 864 558 657 388 456 386 71 79 393 80 379 0 648 864 112 854 558 717 97 115 817 363 74 864 1606 76 132 864 747 77 109 79 123 330 187 65 774 329 81 106
626 678 794 414 101 172 889 1981 593 715 414 636 556 618 648 278 645 646 807 413 660 238 673 640 652 644 365 672 790 794 121 413 792 771 661 598 411 627 414 663 0 790 615 481 794 344 634 620 444 748 662 790 1094 656 608 790 374 670 632 656 617 715 604 613 401 714 643 609
827 880 384 914 780 712 278 2669 795 787 915 838 1243 819 849 614 846 848 1495 914 236 612 875 842 853 846 622 265 215 384 785 914 456 526 862 799 912 829 915 864 839 0 817 452 384 601 836 822 461 645 863 216 1782 857 810 215 551 871 833 858 818 787 805 814 658 782 844 810
75 104 510 336 605 537 606 2484 76 282 334 119 1058 67 97 603 94 96 1310 341 886 563 109 90 100 113 690 898 817 510 609 341 409 338 87 48 346 77 331 112 639 817 0 806 510 670 84 70 769 315 89 817 1597 91 91 817 699 93 115 95 100 283 140 62 726 281 92 58
817 869 456 605 471 403 552 2360 784 785 605 828 934 809 839 304 836 837 1185 605 323 303 864 831 843 835 313 334 452 456 475 604 454 524 852 789 603 819 605 854 530 452 806 0 456 292 826 812 259 643 853 452 1473 847 799 452 321 861 823 847 808 785 795 804 349 780 834 800
521 573 152 664 784 716 173 2673 488 481 662 532 1247 513 543 618 540 542 1499 669 507 616 569 535 547 540 626 536 384 152 789 669 150 220 556 493 674 523 659 558 843 384 510 456 0 605 530 516 465 339 557 384 1786 551 503 384 555 565 527 552 512 481 499 508 662 476 538 504
680 733 605 468 334 266 701 2223 648 770 468 691 797 672 702 167 699 701 1049 468 472 166 728 695 706 699 68 483 601 605 338 468 603 673 715 653 466 682 469 717 393 601 670 292 605 0 689 675 255 792 716 601 1336 710 663 601 185 724 686 711 671 770 658 667 104 768 697 663
95 81 530 355 624 557 625 2504 95 302 353 97 1078 86 112 623 79 82 1329 360 906 582 86 87 77 90 710 917 836 530 629 360 428 357 64 67 365 96 351 97 658 836 84 826 530 689 0 89 789 335 66 836 1616 68 110 836 718 70 102 72 116 302 159 81 746 300 112 78
81 99 516 341 610 543 611 2490 81 288 339 115 1064 72 102 609 97 100 1315 346 892 568 104 95 95 108 696 903 822 516 615 346 414 343 82 53 351 82 337 115 644 822 70 812 516 675 89 0 775 321 84 822 1602 86 96 822 704 88 120 90 105 288 145 67 732 286 98 64
780 832 465 568 434 366 560 2323 747 794 568 791 897 772 802 267 799 801 1149 568 331 266 827 794 806 799 276 343 461 465 438 568 463 532 815 752 566 782 569 817 493 461 769 259 465 255 789 775 0 651 816 461 1436 810 762 461 284 824 786 811 771 794 758 767 312 789 797 763
326 378 339 469 738 670 434 2627 293 286 467 337 1201 318 348 736 345 347 1453 474 715 696 373 340 352 345 813 727 645 339 742 474 237 166 361 298 479 328 464 363 797 645 315 643 339 792 335 321 651 0 362 645 1740 356 308 645 741 370 332 357 317 286 304 313 849 281 343 309
79 58 557 383 652 584 652 2531 116 329 380 74 1105 114 89 650 56 59 1356 387 933 610 63 64 54 67 737 945 863 557 656 387 455 385 41 94 392 109 378 74 685 863 89 853 557 716 66 84 816 362 0 863 1644 45 102 863 746 47 79 49 93 329 186 109 773 328 94 92
827 880 384 914 780 712 278 2669 795 787 915 838 1243 819 849 614 846 848 1495 914 236 612 875 842 853 846 622 265 215 384 785 914 456 526 862 800 912 829 915 864 840 216 817 452 384 601 836 822 461 645 863 0 1782 857 810 215 551 871 833 858 818 787 805 814 658 782 844 810
1625 1653 1794 1413 1101 1172 1889 1001 1593 1715 1414 1636 715 1592 1622 1278 1644 1646 379 1413 1660 1237 1648 1640 1651 1644 1364 1672 1790 1794 1121 1413 1791 1770 1660 1595 1411 1602 1414 1637 1036 1790 1615 1480 1794 1344 1634 1620 1443 1748 1661 1790 0 1655 1608 1790 1373 1669 1631 1656 1617 1715 1604 1587 1400 1713 1617 1608
81 60 551 377 646 578 646 2525 117 323 374 76 1099 108 91 644 58 61 1350 381 927 604 65 66 56 69 731 939 857 551 650 382 449 379 43 88 386 111 372 76 679 857 91 847 551 710 68 86 810 356 45 857 1638 0 104 857 740 49 81 51 95 323 180 103 767 322 96 94
101 116 503 329 598 530 599 2487 60 275 327 87 1061 93 123 596 114 117 1313 334 879 556 121 116 112 80 683 891 810 503 602 334 402 331 99 74 339 103 324 132 657 810 91 799 503 663 110 96 762 308 102 810 1600 104 0 810 692 75 92 107 84 276 133 88 719 274 119 85
827 880 384 914 780 712 278 2669 795 787 915 838 1243 819 849 614 846 848 1495 914 236 612 875 842 853 846 622 265 215 384 785 914 456 526 862 799 912 829 915 864 839 215 817 452 384 601 836 822 461 645 863 215 1782 857 810 0 551 871 833 858 818 787 805 814 658 782 844 810
710 762 555 498 363 296 650 2253 677 799 498 720 827 701 732 197 729 730 1078 497 421 196 757 724 736 728 205 433 551 555 368 497 552 622 745 682 495 711 498 747 423 551 699 321 555 185 718 704 284 741 746 551 1365 740 692 551 0 754 716 740 701 799 688 697 242 798 727 693
83 61 565 391 660 592 660 2549 90 337 388 48 1123 124 93 658 60 63 1375 396 941 618 67 68 58 41 745 953 871 565 664 396 464 393 44 126 400 113 386 77 717 871 93 861 565 724 70 88 824 370 47 871 1662 49 75 871 754 0 53 53 67 337 195 128 781 336 98 96
115 93 527 352 622 554 622 2511 84 299 350 65 1085 117 125 620 91 95 1336 357 903 580 99 100 90 57 707 915 833 527 626 357 425 355 76 97 362 127 348 109 681 833 115 823 527 686 102 120 786 332 79 833 1623 81 92 833 716 53 0 85 83 299 156 112 743 298 130 108
85 64 552 377 646 579 647 2525 117 324 375 80 1100 108 95 645 62 65 1351 382 928 604 69 70 60 73 732 939 858 552 651 382 450 379 47 89 387 115 372 79 680 858 95 847 552 711 72 90 811 357 49 858 1638 51 107 858 740 53 85 0 99 324 181 103 768 322 100 98
110 108 512 338 607 539 608 2496 69 284 335 79 1070 102 132 605 106 109 1322 343 888 565 113 114 104 71 692 900 818 512 611 343 411 340 91 83 348 112 333 123 666 818 100 808 512 671 116 105 771 317 93 818 1609 95 84 818 701 67 83 99 0 284 142 97 728 283 127 94
293 346 481 436 705 637 576 2594 261 90 434 304 1168 285 315 704 312 314 1420 441 857 663 341 308 319 312 791 869 787 481 710 441 380 309 328 265 446 295 431 330 765 787 283 785 481 770 302 288 794 286 329 787 1707 323 276 787 799 337 299 324 284 0 271 280 827 88 310 276
184 236 442 327 596 528 538 2485 151 214 324 195 1059 176 206 594 203 204 1311 332 818 554 231 198 210 202 681 830 748 442 600 332 341 270 219 156 337 186 322 221 655 749 173 746 442 660 193 179 755 247 220 749 1598 214 166 749 690 228 190 215 175 215 0 171 717 213 201 167
73 81 508 333 602 535 603 2444 73 280 331 117 1018 20 50 601 92 93 1269 338 884 560 76 87 99 125 688 896 814 508 607 338 406 335 108 29 343 30 329 65 598 814 62 804 508 667 81 67 767 313 109 814 1556 103 88 814 697 128 112 103 97 280 137 0 724 278 45 56
737 789 662 525 391 323 757 2280 704 827 525 748 854 729 759 224 756 758 1106 525 528 223 785 752 763 756 65 540 658 662 395 525 660 729 772 709 523 739 526 774 450 658 726 349 662 104 746 732 312 849 773 658 1393 767 719 658 242 781 743 768 728 827 715 724 0 825 754 720
291 344 476 434 704 636 571 2593 259 88 432 302 1167 283 313 702 311 312 1418 439 852 662 339 306 318 310 789 864 782 476 708 439 374 304 327 264 444 293 430 329 763 782 281 780 476 768 300 286 789 281 328 782 1706 322 274 782 798 336 298 322 283 88 270 278 825 0 309 275
103 65 538 363 632 565 633 2474 104 310 361 125 1048 50 80 631 107 110 1299 368 914 591 70 115 105 118 718 926 844 538 637 368 436 366 92 59 373 60 359 81 628 844 92 834 538 697 112 98 797 343 94 844 1587 96 119 844 727 98 130 100 127 310 167 45 754 309 0 86
69 106 504 330 599 531 599 2478 70 276 327 113 1052 61 91 597 88 90 1304 335 880 557 112 84 95 115 684 892 810 504 603 335 402 332 89 41 339 71 325 106 632 810 58 800 504 663 78 64 763 309 92 810 1591 94 85 810 693 96 108 98 94 276 134 56 720 275 86 0
EOF