NAME : tsp_problem
TYPE : TSP
DIMENSION : 80
EDGE_WEIGHT_TYPE : EXPLICIT
EDGE_WEIGHT_FORMAT : FULL_MATRIX
EDGE_WEIGHT_SECTION
0 659 379 109 65 91 80 854 393 115 946 774 86 89 355 557 134 102 92 864 118 747 1533 388 50 101 106 70 329 104 388 864 85 44 759 274 97 111 70 81 104 558 768 2494 864 854 854 747 752 109 114 120 95 65 76 187 388 100 633 55 77 99 657 651 104 1068 558 363 864 123 648 101 325 93 652 79 854 611 558 107
659 0 410 622 609 636 624 278 408 617 470 199 634 642 445 591 599 626 582 588 618 413 1204 410 669 600 605 614 710 633 409 588 628 674 184 687 631 610 649 639 627 592 193 2165 588 278 278 171 176 628 623 586 636 654 652 600 410 574 514 664 666 632 280 130 568 739 592 744 588 589 335 636 706 645 276 652 278 128 592 606
379 410 0 342 329 356 344 605 409 337 797 526 354 362 371 658 319 345 302 915 338 740 1332 404 389 320 325 334 430 353 404 915 348 394 511 407 351 330 369 359 346 659 520 2293 915 605 605 498 503 348 343 306 356 374 372 320 404 294 734 384 386 352 409 403 288 867 659 464 915 309 464 356 426 365 404 372 605 362 659 326
109 622 342 0 73 96 87 817 356 81 909 737 98 95 318 520 97 89 55 827 115 710 1534 351 99 64 69 78 291 110 351 827 92 93 722 237 95 74 113 103 90 521 731 2495 827 817 817 710 715 115 119 83 100 115 81 150 351 63 596 104 83 96 620 614 105 1069 521 326 827 86 649 106 288 98 615 85 817 574 521 70
65 609 329 73 0 87 30 804 343 67 896 724 40 93 305 507 84 76 42 814 102 697 1483 338 76 51 56 20 278 117 338 814 35 81 709 224 81 61 55 45 77 508 718 2444 814 804 804 697 701 112 107 70 87 61 103 137 338 50 583 70 128 83 607 601 54 1018 508 313 814 73 598 121 275 129 602 103 804 560 508 57
91 636 356 96 87 0 102 831 370 95 923 751 112 76 332 534 111 89 69 841 106 724 1548 366 81 79 83 92 306 92 366 841 106 75 736 251 84 88 101 112 91 535 745 2509 841 831 831 724 729 96 101 97 82 96 63 165 366 77 610 86 64 86 634 628 119 1083 535 340 841 101 663 88 302 80 630 67 831 588 535 85
80 624 344 87 30 102 0 819 358 82 910 739 55 108 320 522 99 91 57 829 117 711 1497 353 86 66 71 35 293 132 353 829 50 80 724 239 96 76 70 60 92 523 733 2458 829 818 819 711 716 127 122 85 102 76 111 152 353 65 598 85 113 97 622 616 69 1033 523 328 829 88 613 135 289 129 617 115 819 575 523 72
854 278 605 817 804 831 819 0 602 812 334 349 829 837 640 455 794 820 777 452 813 277 1399 604 864 795 800 809 780 828 604 452 823 869 334 882 826 805 844 834 821 456 343 2360 452 251 251 321 326 823 818 781 831 849 847 795 604 769 379 859 861 827 475 304 763 934 456 643 452 784 530 831 690 840 471 847 251 303 456 801
393 408 409 356 343 370 358 602 0 351 794 523 368 377 385 673 334 360 316 912 352 737 1329 419 404 335 339 348 444 367 419 912 363 409 508 421 365 344 383 373 361 674 517 2290 912 602 603 495 500 362 357 320 371 388 386 335 419 308 749 398 400 366 406 400 302 865 674 479 912 324 461 371 440 379 401 387 603 359 674 341
115 617 337 81 67 95 82 812 351 0 903 732 93 100 313 515 92 84 50 822 110 704 1528 346 104 59 64 72 286 115 346 822 87 99 717 232 89 69 108 98 85 516 726 2490 822 812 812 704 709 120 115 78 95 113 86 145 346 58 591 110 88 90 615 609 100 1064 516 321 822 81 644 112 282 104 610 90 812 568 516 65
946 470 797 909 896 923 910 334 794 903 0 540 921 929 832 529 886 912 869 265 905 361 1590 796 956 887 892 901 864 919 796 265 915 961 525 974 917 897 936 926 913 536 534 2551 265 334 334 433 518 915 910 872 923 941 939 887 796 861 463 951 953 919 667 496 900 1125 536 727 265 876 721 923 774 931 662 939 334 494 536 893
774 199 526 737 724 751 739 349 523 732 540 0 749 758 560 661 715 741 697 658 733 483 1319 525 785 716 720 729 825 748 525 658 743 789 44 802 746 725 764 754 742 662 36 2280 658 349 349 242 51 743 738 701 752 769 767 715 525 689 585 779 781 747 395 224 683 854 662 849 658 704 450 752 821 760 391 768 349 223 662 722
86 634 354 98 40 112 55 829 368 93 921 749 0 115 330 532 109 101 67 839 127 722 1508 363 76 76 81 45 303 131 363 839 60 70 734 249 107 86 81 71 102 533 743 2469 839 829 829 722 727 135 132 95 112 86 102 162 363 75 608 81 103 108 632 626 79 1043 533 338 839 98 623 127 300 119 627 106 829 586 533 82
89 642 362 95 93 76 108 837 377 100 929 758 115 0 339 541 117 87 75 848 104 730 1554 372 79 85 90 98 312 90 372 848 113 73 743 258 82 95 100 110 89 542 752 2515 848 837 837 730 735 95 99 104 80 95 61 171 372 84 617 84 63 85 641 635 125 1089 542 347 848 107 670 86 308 78 636 65 837 594 542 91
355 445 371 318 305 332 320 640 385 313 832 560 330 339 0 634 296 322 278 942 314 775 1367 381 366 297 301 310 406 329 381 942 324 371 545 383 327 306 345 335 323 636 554 2328 942 640 640 533 538 324 319 282 333 350 348 296 381 270 710 360 362 328 443 437 264 902 635 440 942 285 498 333 402 341 439 349 640 397 635 303
557 591 658 520 507 534 522 455 673 515 529 661 532 541 634 0 498 524 480 378 516 340 1711 668 567 499 503 512 475 531 668 378 526 572 646 585 529 508 547 537 525 150 655 2672 378 455 455 554 639 526 521 484 534 552 550 498 668 472 226 562 564 530 787 617 511 1246 150 338 378 487 842 534 385 543 783 551 455 615 150 504
134 599 319 97 84 111 99 794 334 92 886 715 109 117 296 498 0 100 57 805 85 687 1521 329 127 75 80 89 269 92 329 805 103 121 700 215 106 85 124 114 101 499 709 2482 805 794 794 687 692 94 89 52 111 129 109 128 329 49 574 132 80 107 598 592 116 1056 499 304 805 56 653 89 265 81 593 112 794 551 499 81
102 626 345 89 76 89 91 820 360 84 912 741 101 87 322 524 100 0 58 831 116 713 1537 355 92 68 73 81 295 102 355 831 96 86 726 241 95 78 112 106 94 525 735 2498 831 820 821 713 718 107 112 87 93 107 74 154 355 67 600 97 75 97 624 618 109 1073 525 330 831 90 653 99 291 91 619 77 820 577 525 74
92 582 302 55 42 69 57 777 316 50 869 697 67 75 278 480 57 58 0 787 76 670 1503 312 102 33 38 47 252 90 312 787 61 107 682 197 64 43 82 72 59 481 691 2464 787 777 777 670 675 85 80 43 69 87 85 110 312 31 556 97 123 65 580 574 74 1038 481 286 787 47 618 94 248 102 576 85 777 534 481 39
864 588 915 827 814 841 829 452 912 822 265 658 839 848 942 378 805 831 787 0 823 479 1708 914 875 806 810 819 782 838 914 216 834 880 643 892 836 815 854 844 832 384 652 2669 215 452 452 551 636 833 828 791 842 859 857 805 914 779 533 869 871 837 785 614 818 1243 384 645 215 795 839 842 692 850 780 858 452 612 384 812
118 618 338 115 102 106 117 813 352 110 905 733 127 104 314 516 85 116 76 823 0 706 1540 348 108 94 99 107 288 74 348 823 122 103 718 233 111 104 129 132 119 517 727 2501 823 813 813 706 711 78 83 71 109 124 90 147 348 68 592 114 62 114 616 610 134 1075 517 322 823 74 671 70 284 62 612 94 813 570 517 100
747 413 740 710 697 724 711 277 737 704 361 483 722 730 775 340 687 713 670 479 706 0 1533 739 757 688 693 702 665 720 739 479 716 762 468 775 718 698 737 727 714 341 477 2494 479 277 277 376 461 716 711 673 724 742 740 688 739 662 373 752 754 720 610 439 701 1068 341 528 479 677 665 724 575 732 605 740 277 437 341 694
1563 1211 1340 1551 1513 1566 1528 1406 1337 1546 1598 1327 1538 1572 1375 1719 1529 1555 1512 1716 1548 1541 0 1339 1574 1530 1535 1518 1639 1562 1339 1716 1533 1579 1312 1617 1560 1540 1553 1543 1556 1720 1321 1031 1716 1406 1406 1299 1304 1557 1553 1515 1566 1559 1581 1530 1339 1504 1642 1568 1596 1561 1047 1204 1497 641 1720 1674 1716 1519 962 1566 1636 1574 1027 1582 1406 1163 1720 1536
388 410 404 351 338 366 353 604 419 346 796 525 363 372 381 668 329 355 312 914 348 739 1331 0 399 330 335 343 439 362 414 914 358 404 510 417 360 340 378 368 356 669 519 2292 914 604 605 497 502 357 353 315 366 384 381 330 414 304 744 393 396 361 408 402 297 867 669 474 914 319 463 366 436 374 403 382 605 361 669 336
50 669 389 99 76 81 86 864 404 104 956 785 76 79 366 567 127 92 102 875 108 757 1543 399 0 112 112 81 339 94 399 875 80 34 770 285 86 106 60 70 94 569 779 2504 875 864 864 757 762 99 104 130 84 55 65 198 399 111 643 45 67 89 668 662 114 1078 569 373 875 134 659 91 335 83 663 69 864 621 568 114
101 600 320 64 51 79 66 795 335 59 887 716 76 85 297 499 75 68 33 806 94 688 1512 330 112 0 48 56 270 108 330 806 71 111 701 216 73 53 91 81 69 500 710 2473 806 795 795 688 693 104 99 62 79 97 95 129 330 42 575 106 101 74 599 593 83 1047 500 305 806 65 628 112 266 116 594 95 795 552 500 49
106 605 325 69 56 83 71 800 339 64 892 720 81 90 301 503 80 73 38 810 99 693 1517 335 112 48 0 61 275 113 335 810 75 106 705 220 78 57 96 86 74 504 714 2478 810 800 800 693 698 108 103 66 84 101 94 134 335 46 579 111 96 79 603 597 88 1052 504 309 810 70 632 117 271 111 599 98 800 557 504 54
70 614 334 78 20 92 35 809 348 72 901 729 45 98 310 512 89 81 47 819 107 702 1487 343 81 56 61 0 283 122 343 819 40 86 714 229 86 66 60 50 82 513 723 2449 819 809 809 701 706 117 112 75 92 66 108 142 343 55 588 75 124 87 612 606 59 1023 513 318 819 78 603 125 280 134 607 108 809 565 513 62
329 710 430 291 278 306 293 780 444 286 864 825 303 312 406 475 269 295 252 782 288 665 1632 439 339 270 275 283 0 302 439 782 298 344 810 357 300 280 319 309 296 476 819 2593 782 780 780 798 803 298 293 255 306 324 322 270 439 244 551 334 336 301 708 702 283 1167 476 281 782 259 763 306 243 314 704 322 780 662 476 276
104 633 353 110 117 92 132 828 367 115 919 748 131 90 329 531 92 102 90 838 74 720 1554 362 94 108 113 122 302 0 362 838 135 89 733 248 97 117 115 125 105 532 742 2515 838 828 828 720 725 65 69 85 95 110 76 161 362 82 607 100 48 100 631 625 149 1090 532 337 838 89 686 56 298 48 626 80 828 584 532 114
388 409 404 351 338 366 353 604 419 346 796 525 363 372 381 668 329 355 312 914 348 739 1331 414 399 330 335 343 439 362 0 914 358 404 510 417 360 340 378 368 356 669 519 2292 914 604 604 497 502 357 353 315 366 384 382 330 414 304 744 393 396 361 408 402 297 866 669 474 914 319 463 366 436 374 403 382 604 361 669 336
864 588 915 827 814 841 829 452 912 822 265 658 839 848 942 378 805 831 787 216 823 479 1708 914 875 806 810 819 782 838 914 0 834 880 643 892 836 815 854 844 832 384 652 2669 215 452 452 551 636 833 828 791 842 859 857 805 914 779 533 869 871 837 785 614 818 1243 384 645 215 795 840 842 692 850 780 858 452 612 384 812
85 628 348 92 35 106 50 823 363 87 915 743 60 113 324 526 103 96 61 834 122 716 1502 358 80 71 75 40 298 135 358 834 0 75 728 244 101 80 75 65 97 527 737 2463 834 823 823 716 721 132 127 89 107 80 106 157 358 69 602 86 108 102 626 620 73 1037 527 332 834 93 618 132 294 123 622 110 823 580 527 77
44 674 394 93 81 75 80 869 409 99 961 789 70 73 371 572 121 86 107 880 103 762 1548 404 34 111 106 86 344 89 404 880 75 0 775 290 81 101 54 65 88 573 784 2509 880 869 869 762 767 93 98 134 79 49 60 203 404 116 648 39 61 83 672 667 119 1083 573 378 880 131 664 85 340 77 668 64 869 626 573 109
759 184 511 722 709 736 724 334 508 717 525 44 734 743 545 646 700 726 682 643 718 468 1304 510 770 701 705 714 810 733 510 643 728 775 0 787 731 710 749 739 727 647 50 2265 643 334 334 227 64 728 723 686 737 754 752 700 510 674 570 764 766 732 380 209 668 839 647 834 643 689 435 737 806 745 376 753 334 208 647 707
299 681 401 262 249 277 264 825 415 257 909 796 274 283 377 520 240 266 223 827 259 710 1602 410 310 241 246 254 291 273 410 827 269 315 781 0 271 251 289 279 267 521 790 2564 827 825 825 768 773 268 264 226 277 295 292 154 410 215 596 304 307 272 679 673 254 1138 521 326 827 230 734 277 288 285 674 293 825 632 521 247
97 631 351 95 81 84 96 826 365 89 917 746 107 82 327 529 106 95 64 836 111 718 1542 360 86 73 78 86 300 97 360 836 101 81 731 246 0 83 107 112 97 530 740 2504 836 826 826 718 723 102 107 92 87 102 68 159 360 72 605 92 70 92 629 623 114 1078 530 335 836 95 658 94 296 86 624 72 826 582 530 79
111 610 330 74 61 88 76 805 344 69 897 725 86 95 306 508 85 78 43 815 104 698 1522 340 106 53 57 66 280 117 340 815 80 101 710 225 83 0 101 91 79 509 719 2483 815 805 805 698 703 113 108 71 89 106 88 139 340 51 584 112 90 84 608 602 93 1057 509 314 815 75 637 114 276 106 604 92 805 562 509 59
70 649 369 113 55 101 70 844 383 108 936 764 81 100 345 547 124 112 82 854 129 737 1523 378 60 91 96 60 319 115 378 854 75 54 749 264 107 101 0 86 114 548 758 2484 854 844 844 737 742 120 124 110 105 76 86 177 378 90 623 65 88 110 647 641 94 1058 548 353 854 114 638 111 315 103 642 90 844 601 548 97
81 639 359 103 45 112 60 834 373 98 926 754 71 110 335 537 114 106 72 844 132 727 1513 368 70 81 86 50 309 125 368 844 65 65 739 254 112 91 86 0 107 538 748 2474 844 834 834 727 732 130 135 100 115 86 96 167 368 80 613 76 98 113 637 631 84 1048 538 343 844 104 628 122 305 114 632 100 834 591 538 87
104 627 346 90 77 91 92 821 361 85 913 742 102 89 323 525 101 94 59 832 119 714 1538 356 94 69 74 82 296 105 356 832 97 88 727 242 97 79 114 107 0 526 736 2499 832 821 822 714 719 109 114 88 95 109 76 155 356 68 601 99 77 99 625 619 110 1074 526 331 832 91 654 101 292 93 620 80 821 578 526 75
558 592 659 521 508 535 523 456 674 516 536 662 533 542 636 150 499 525 481 384 517 341 1712 669 569 500 504 513 476 532 669 384 527 573 647 586 530 509 548 538 526 0 656 2673 384 456 456 555 640 527 522 485 536 553 551 499 669 473 227 563 565 531 789 618 512 1247 152 339 384 488 843 536 386 544 784 552 456 616 152 505
768 193 520 731 718 745 733 343 517 726 534 36 743 752 554 655 709 735 691 652 727 477 1313 519 779 710 714 723 819 742 519 652 737 784 50 796 740 719 758 748 736 656 0 2274 652 343 343 236 58 737 732 695 746 763 761 709 519 683 579 773 775 741 389 218 677 848 656 843 652 698 444 746 815 754 385 762 343 217 656 716
2524 2173 2301 2512 2474 2527 2489 2367 2298 2507 2559 2288 2499 2533 2336 2680 2490 2516 2473 2677 2509 2502 1031 2300 2535 2491 2496 2479 2600 2523 2300 2677 2494 2540 2273 2578 2521 2501 2514 2504 2517 2681 2282 0 2677 2367 2368 2260 2265 2518 2514 2476 2527 2520 2543 2491 2300 2465 2604 2529 2557 2522 2008 2165 2458 1602 2681 2635 2677 2480 1923 2527 2597 2535 1988 2543 2368 2124 2681 2497
864 588 915 827 814 841 829 452 912 822 265 658 839 848 942 378 805 831 787 215 823 479 1708 914 875 806 810 819 782 838 914 215 834 880 643 892 836 815 854 844 832 384 652 2669 0 452 452 551 636 833 828 791 842 859 857 805 914 779 533 869 871 837 784 614 818 1243 384 645 215 795 839 842 692 850 780 858 452 612 384 812
854 278 605 817 804 831 818 251 602 812 334 349 829 837 640 455 794 820 777 452 813 277 1399 604 864 795 800 809 780 828 604 452 823 869 334 882 826 805 844 834 821 456 343 2360 452 0 251 321 326 823 818 781 831 849 847 795 604 769 379 859 861 827 475 304 763 934 456 643 452 784 530 831 690 840 471 847 251 303 456 801
854 278 605 817 804 831 819 251 603 812 334 349 829 837 640 455 794 821 777 452 813 277 1399 605 864 795 800 809 780 828 604 452 823 869 334 882 826 805 844 834 822 456 343 2360 452 251 0 321 326 823 818 781 831 849 847 795 605 769 379 859 861 827 475 304 763 934 456 643 452 784 530 831 690 840 471 847 251 303 456 801
747 171 498 710 697 724 711 321 495 704 433 242 722 730 533 554 687 713 670 551 706 376 1292 497 757 688 693 701 798 720 497 551 716 762 227 775 718 698 737 727 714 555 236 2253 551 321 321 0 219 716 711 673 724 742 740 688 497 662 477 752 754 720 368 197 656 827 555 741 551 677 423 724 789 732 363 740 321 196 555 694
752 176 503 715 701 729 716 326 500 709 518 51 727 735 538 639 692 718 675 636 711 461 1296 502 762 693 698 706 803 725 502 636 721 767 64 780 723 703 742 732 719 640 58 2258 636 326 326 219 0 721 716 678 729 747 745 693 502 667 562 757 759 724 373 202 661 832 640 826 636 682 428 729 799 737 368 745 326 201 640 699
109 628 348 115 112 96 127 823 362 120 915 743 135 95 324 526 94 107 85 833 78 716 1550 357 99 104 108 117 298 65 357 833 132 93 728 243 102 113 120 130 109 527 737 2511 833 823 823 716 721 0 74 80 100 115 81 156 357 77 602 104 53 105 626 620 144 1085 527 332 833 84 681 61 294 53 622 85 823 580 527 110
114 623 343 119 107 101 122 818 357 115 910 738 132 99 319 521 89 112 80 828 83 711 1545 353 104 99 103 112 293 69 353 828 127 98 723 238 107 108 124 135 114 522 732 2506 828 818 818 711 716 74 0 76 105 119 86 151 353 72 597 109 58 109 621 615 139 1080 522 327 828 79 676 66 289 58 617 90 818 575 522 105
120 586 306 83 70 97 85 781 320 78 872 701 95 104 282 484 52 87 43 791 71 673 1507 315 130 62 66 75 255 85 315 791 89 134 686 201 92 71 110 100 88 485 695 2468 791 781 781 673 678 80 76 0 97 115 113 114 315 35 560 125 94 93 584 578 102 1043 485 290 791 42 639 89 251 94 579 114 781 537 485 67
95 636 356 100 87 82 102 831 371 95 923 752 112 80 333 534 111 93 69 842 109 724 1548 366 84 79 84 92 306 95 366 842 107 79 737 252 87 89 105 115 95 536 746 2509 842 831 831 724 729 100 105 97 0 100 66 165 366 78 610 90 68 90 635 629 119 1083 535 340 842 101 664 92 302 84 630 70 831 588 535 85
65 654 374 115 61 96 76 849 388 113 941 769 86 95 350 552 129 107 87 859 124 742 1528 384 55 97 101 66 324 110 384 859 80 49 754 269 102 106 76 86 109 553 763 2489 859 849 849 742 747 115 119 115 100 0 81 183 384 95 628 60 83 105 652 646 99 1063 553 358 859 119 644 106 320 98 648 85 849 606 553 103
76 652 372 81 103 63 111 847 386 86 939 767 102 61 348 550 109 74 85 857 90 740 1564 381 65 95 94 108 322 76 382 857 106 60 752 267 68 88 86 96 76 551 761 2525 857 847 847 740 745 81 86 113 66 81 0 180 381 93 626 71 49 71 650 644 135 1099 551 356 857 117 679 73 318 65 646 51 847 604 551 96
221 602 322 184 171 198 186 746 337 179 830 717 196 204 298 441 162 188 144 749 180 631 1524 332 231 162 167 176 213 195 332 749 190 236 702 187 193 172 211 201 189 442 711 2485 748 746 746 690 695 190 185 148 198 216 214 0 332 136 517 226 228 194 600 594 175 1059 442 247 749 151 655 198 209 207 596 215 746 554 442 168
388 410 404 351 338 366 353 604 419 346 796 525 363 372 381 668 329 355 312 914 348 739 1331 414 399 330 335 343 439 362 414 914 358 404 510 417 360 340 378 368 356 669 519 2292 914 604 605 497 502 357 353 315 366 384 381 330 0 304 744 393 396 361 408 402 297 867 669 474 914 319 463 366 436 374 403 382 604 361 669 336
100 574 294 63 50 77 65 769 308 58 861 689 75 84 270 472 49 67 31 779 68 662 1496 304 111 42 46 55 244 82 304 779 69 116 674 189 72 51 90 80 68 473 683 2457 779 769 769 662 667 77 72 35 78 95 93 103 304 0 548 105 116 73 572 566 82 1031 473 278 779 39 626 86 240 94 568 94 769 526 473 48
633 514 734 596 583 610 598 379 749 591 463 585 608 617 710 226 574 600 556 533 592 373 1635 744 643 575 579 588 551 607 744 533 602 648 570 661 605 584 623 613 601 227 579 2596 533 379 379 477 562 602 597 560 610 628 626 574 744 548 0 638 640 606 711 540 587 1170 227 414 533 563 766 610 461 619 707 627 379 539 227 580
55 664 384 104 70 86 85 859 398 110 951 779 81 84 360 562 132 97 97 869 114 752 1538 393 45 106 111 75 334 100 393 869 86 39 764 279 92 112 65 76 99 563 773 2499 869 859 859 752 757 104 109 125 90 60 71 192 393 105 638 0 72 94 662 656 109 1073 563 368 869 129 653 96 330 88 657 75 859 616 563 112
77 666 386 83 128 64 113 861 400 88 953 781 103 63 362 564 80 75 123 871 62 754 1588 396 67 101 96 124 336 48 396 871 108 61 766 281 70 90 88 98 77 565 775 2549 871 861 861 754 759 53 58 94 68 83 49 195 396 116 640 72 0 73 664 658 173 1123 565 370 871 90 717 45 332 36 660 53 861 618 565 98
99 632 352 96 83 86 97 827 366 90 919 747 108 85 328 530 107 97 65 837 114 720 1544 361 89 74 79 87 301 100 361 837 102 83 732 247 92 84 110 113 99 531 741 2505 837 827 827 720 724 105 109 93 90 105 71 160 361 73 606 94 73 0 630 624 115 1079 531 336 837 96 659 96 298 88 625 75 827 583 531 80
657 280 409 620 607 634 622 475 406 615 667 395 632 641 443 787 598 624 580 785 616 610 1039 408 668 599 603 612 708 631 408 785 626 672 380 685 629 608 647 637 625 789 389 2000 784 475 475 368 373 626 621 584 635 652 650 598 408 572 711 662 664 630 0 272 566 574 789 742 785 587 171 635 704 643 120 651 475 232 788 605
651 130 403 614 601 628 616 304 400 609 496 224 626 635 437 617 592 618 574 614 610 439 1196 402 662 593 597 606 702 625 402 614 620 667 209 679 623 602 641 631 619 618 218 2157 614 304 304 197 202 620 615 578 629 646 644 592 402 566 540 656 658 624 272 0 560 731 618 736 614 582 327 629 698 637 268 645 304 154 618 599
104 568 288 105 54 119 69 763 302 100 900 683 79 125 264 511 116 109 74 818 134 701 1485 297 114 83 88 59 283 149 297 818 73 119 668 228 114 93 94 84 110 512 677 2446 818 763 763 656 661 144 139 102 119 99 135 142 297 82 587 109 173 115 566 560 0 1020 512 317 818 106 601 153 279 161 561 136 763 520 512 89
1098 747 875 1087 1048 1101 1063 942 872 1081 1133 862 1073 1107 910 1254 1064 1090 1047 1251 1083 1076 641 874 1109 1065 1070 1053 1175 1097 874 1251 1068 1114 847 1152 1095 1075 1088 1078 1091 1255 856 1602 1251 942 942 835 839 1093 1088 1050 1101 1094 1117 1065 874 1039 1178 1103 1131 1096 582 739 1033 0 1255 1209 1251 1054 497 1101 1171 1109 562 1117 942 698 1255 1071
558 592 659 521 508 535 523 456 674 516 536 662 533 542 635 150 499 525 481 384 517 341 1712 669 569 500 504 513 476 532 669 384 527 573 647 586 530 509 548 538 526 152 656 2673 384 456 456 555 640 527 522 485 535 553 551 499 669 473 227 563 565 531 789 618 512 1247 0 339 384 488 843 535 386 544 784 552 456 616 152 505
363 744 464 326 313 340 328 643 479 321 727 849 338 347 440 338 304 330 286 645 322 528 1666 474 373 305 309 318 281 337 474 645 332 378 834 391 335 314 353 343 331 339 843 2627 645 643 643 741 826 332 327 290 340 358 356 304 474 278 414 368 370 336 742 736 317 1201 339 0 645 293 797 340 191 349 738 357 643 696 339 310
864 588 915 827 814 841 829 452 912 822 265 658 839 848 942 378 805 831 787 215 823 479 1708 914 875 806 810 819 782 838 914 215 834 880 643 892 836 815 854 844 832 384 652 2669 215 452 452 551 636 833 828 791 842 859 857 805 914 779 533 869 871 837 785 614 818 1243 384 645 0 795 839 842 692 850 780 858 452 612 384 812
123 589 309 86 73 101 88 784 324 81 876 704 98 107 285 487 56 90 47 795 74 677 1511 319 134 65 70 78 259 89 319 795 93 131 689 205 95 75 114 104 91 488 698 2472 795 784 784 677 682 84 79 42 101 119 117 118 319 39 563 129 90 96 587 582 106 1046 488 293 795 0 642 93 255 90 583 117 784 541 488 71
663 286 414 626 613 640 627 481 411 620 672 401 638 646 449 793 603 629 586 790 622 615 1020 413 673 604 609 618 714 636 413 790 632 678 386 691 634 614 653 643 630 794 395 1981 790 481 481 374 379 632 627 589 640 658 656 604 413 578 717 668 670 636 121 278 572 556 794 748 790 593 0 640 710 648 101 656 481 238 794 610
101 636 356 106 121 88 135 831 371 112 923 752 127 86 333 534 89 99 94 842 70 724 1558 366 91 112 117 125 306 56 366 842 132 85 737 252 94 114 111 122 101 536 746 2519 842 831 831 724 729 61 66 89 92 106 73 165 366 86 610 96 45 96 635 629 153 1093 535 340 842 93 689 0 302 45 630 77 831 588 535 118
528 909 629 491 478 505 493 803 644 486 886 1008 503 512 606 498 469 495 451 805 487 687 1831 639 539 470 474 483 446 502 639 805 497 544 993 556 500 479 518 508 496 499 1002 2792 805 803 803 901 986 497 492 455 506 523 521 469 639 443 574 533 535 501 908 902 482 1366 499 309 805 458 962 506 0 514 903 522 803 861 499 476
93 645 365 98 129 80 129 840 379 104 931 760 119 78 341 543 81 91 102 850 62 732 1566 374 83 116 111 134 314 48 374 850 123 77 745 260 86 106 103 114 93 544 754 2527 850 840 840 732 737 53 58 94 84 98 65 173 374 94 619 88 36 88 643 637 161 1102 544 349 850 90 698 45 310 0 638 69 840 596 544 114
652 276 404 615 602 630 617 471 401 610 662 391 627 636 439 783 593 619 576 780 612 605 1019 403 663 594 599 607 704 626 403 780 622 668 376 681 624 604 642 632 620 784 385 1980 780 471 471 363 368 622 617 579 630 648 646 594 403 568 707 657 660 625 120 268 561 554 784 738 780 583 150 630 700 638 0 646 471 227 784 600
79 652 372 85 103 67 115 847 387 90 939 768 106 65 349 551 112 77 85 858 94 740 1564 382 69 95 98 108 322 80 382 858 110 64 753 268 72 92 90 100 80 552 762 2525 858 847 847 740 745 85 90 114 70 85 51 181 382 94 627 75 53 75 651 645 136 1100 552 357 858 117 680 77 318 69 646 0 847 604 552 100
854 278 605 817 804 831 819 251 603 812 334 349 829 837 640 455 794 820 777 452 813 277 1399 605 864 795 800 809 780 828 604 452 823 869 334 882 826 805 844 834 821 456 343 2360 452 251 251 321 326 823 818 781 831 849 847 795 604 769 379 859 861 827 475 304 763 934 456 643 452 784 530 831 690 840 471 847 0 303 456 801
611 128 362 574 560 588 575 303 359 568 494 223 586 594 397 615 551 577 534 612 570 437 1155 361 621 552 557 565 662 584 361 612 580 626 208 639 582 562 601 591 578 616 217 2117 612 303 303 196 201 580 575 537 588 606 604 552 361 526 539 616 618 583 232 154 520 691 616 696 612 541 287 588 658 596 227 604 303 0 616 558
558 592 659 521 508 535 523 456 674 516 536 662 533 542 635 150 499 525 481 384 517 341 1712 669 568 500 504 513 476 532 669 384 527 573 647 586 530 509 548 538 526 152 656 2673 384 456 456 555 640 527 522 485 535 553 551 499 669 473 227 563 565 531 788 618 512 1247 152 339 384 488 843 535 386 544 784 552 456 616 0 505
107 606 326 70 57 85 72 801 341 65 893 722 82 91 303 504 81 74 39 812 100 694 1518 336 114 49 54 62 276 114 336 812 77 109 707 222 79 59 97 87 75 505 716 2479 812 801 801 694 699 110 105 67 85 103 96 135 336 48 580 112 98 80 605 599 89 1053 505 310 812 71 634 118 272 114 600 100 801 558 505 0
EOF