NAME : tsp_problem
TYPE : TSP
DIMENSION : 70
EDGE_WEIGHT_TYPE : EXPLICIT
EDGE_WEIGHT_FORMAT : FULL_MATRIX
EDGE_WEIGHT_SECTION
0 1545 1479 1153 1076 1605 1962 217 915 483 1307 88 1407 758 1661 709 1933 1345 1378 693 1690 1389 250 1588 1627 1382 710 841 1852 1467 1761 2517 1700 1279 427 1553 1084 1283 1653 1356 1070 766 1503 1699 1186 1725 840 1869 1240 1367 476 1572 236 1700 862 697 1529 623 303 798 1457 1374 2256 460 1855 1777 1135 1694 126 1517
1545 0 132 1937 857 2388 1270 1482 695 1180 2090 1529 185 851 2445 865 1241 653 2162 1038 2473 470 1558 2372 2411 2165 899 829 2636 2250 2544 1825 2484 365 1460 2336 1138 2067 2436 940 527 921 2286 2482 770 2508 1134 2653 2024 448 1373 2356 1635 2483 744 1042 2312 950 1314 868 2240 2158 1564 1357 2638 2561 915 2477 1546 60
1479 132 0 1872 792 2323 1205 1417 630 1115 2025 1463 120 786 2379 800 1176 588 2097 973 2408 405 1493 2307 2345 2100 834 764 2570 2185 2479 1760 2419 300 1395 2271 1073 2002 2371 875 462 856 2221 2417 705 2443 1068 2588 1959 383 1308 2291 1570 2418 679 977 2247 885 1249 803 2175 2092 1499 1292 2573 2496 850 2412 1481 105
1153 1937 1872 0 1469 873 2354 1238 1307 1501 633 1137 1799 1338 1089 1187 2325 1738 806 1472 958 1781 1318 856 1055 810 1290 1339 1280 895 1189 2909 1128 1671 858 821 1426 161 1081 1744 1462 1431 771 1127 1578 1153 1022 1297 422 1759 772 840 1126 1128 1254 1476 957 1272 1324 1139 725 802 2648 755 1283 1171 1527 1122 1238 1910
1076 857 792 1469 0 1920 1274 1014 227 711 1622 1060 719 383 1976 397 1245 658 1694 570 2005 701 1090 1904 1942 1697 431 361 2167 1782 2076 1829 2016 591 992 1868 670 1599 1968 668 382 453 1818 2014 498 2040 665 2185 1556 679 905 1888 1167 2015 276 574 1844 482 846 400 1772 1689 1568 889 2170 2093 186 2009 1078 829
1605 2388 2323 873 1920 0 2806 1689 1759 1953 540 1589 2250 1789 935 1638 2777 2189 1222 1923 292 2232 1770 341 874 1121 1741 1790 967 1099 1107 3360 873 2122 1309 475 1877 747 826 2196 1914 1883 143 872 2029 898 1473 947 611 2211 1223 88 1577 718 1706 1927 1060 1723 1775 1590 275 1127 3100 1206 995 678 1979 834 1690 2361
1962 1270 1205 2354 1274 2806 0 1899 1112 1597 2508 1946 1132 1268 2862 1282 51 1071 2579 1455 2890 1114 1975 2789 2828 2583 1317 1246 3053 2668 2962 771 2901 1004 1877 2754 1555 2484 2854 1358 944 1339 2703 2900 1187 2926 1551 3070 2441 1092 1791 2773 2052 2901 1161 1459 2729 1368 1732 1285 2658 2575 510 1774 3056 2978 1332 2895 1963 1242
217 1482 1417 1238 1014 1689 1899 0 852 393 1391 201 1344 695 1745 646 1870 1283 1462 630 1774 1326 290 1673 1711 1466 647 778 1936 1551 1845 2454 1785 1216 511 1637 1021 1368 1737 1293 1007 703 1587 1783 1123 1809 924 1954 1325 1304 560 1657 348 1784 799 634 1613 560 240 735 1541 1458 2193 544 1939 1861 1072 1778 278 1454
915 695 630 1307 227 1759 1112 852 0 550 1461 899 557 222 1815 235 1084 496 1532 408 1844 539 928 1742 1781 1536 270 199 2006 1621 1915 1667 1854 429 830 1707 508 1437 1807 464 220 292 1657 1853 294 1879 504 2023 1394 518 744 1726 1005 1854 114 412 1683 321 685 239 1611 1528 1407 727 2009 1931 286 1848 916 668
483 1180 1115 1501 711 1953 1597 393 550 0 1655 473 1042 393 2009 344 1568 981 1726 328 2038 1024 403 1936 1975 1730 345 476 2200 1815 2109 2152 2048 914 783 1901 719 1632 2001 991 705 401 1851 2047 821 2073 698 2217 1588 1002 832 1920 480 2048 497 332 1877 258 221 433 1805 1722 1891 816 2203 2125 770 2042 391 1152
1307 2090 2025 633 1622 540 2508 1391 1461 1655 0 1291 1952 1491 1095 1340 2479 1891 989 1625 625 1934 1472 523 1034 993 1443 1492 1127 1078 1267 3062 1033 1824 1011 488 1579 523 986 1898 1616 1585 437 1032 1731 1058 1175 1107 387 1913 925 507 1279 878 1408 1629 1140 1425 1477 1292 392 985 2802 908 1155 838 1681 994 1392 2063
88 1529 1463 1137 1060 1589 1946 201 899 473 1291 0 1391 742 1645 693 1917 1329 1362 677 1674 1373 264 1572 1611 1366 694 825 1836 1451 1745 2501 1684 1263 411 1537 1068 1267 1637 1340 1054 750 1487 1683 1170 1709 824 1853 1224 1351 460 1556 247 1684 846 681 1513 607 287 782 1441 1358 2240 444 1839 1761 1119 1678 141 1501
1407 185 120 1799 719 2250 1132 1344 557 1042 1952 1391 0 713 2307 727 1103 515 2024 900 2335 332 1420 2234 2273 2027 762 691 2498 2112 2407 1687 2346 228 1322 2198 1000 1929 2298 802 389 783 2148 2344 632 2370 996 2515 1886 310 1235 2218 1497 2345 606 904 2174 812 1177 730 2102 2020 1426 1219 2500 2423 777 2339 1408 158
758 851 786 1338 383 1789 1268 695 222 393 1491 742 713 0 1845 180 1240 652 1563 320 1874 695 772 1773 1812 1566 112 111 2036 1651 1945 1823 1885 585 861 1737 556 1468 1837 663 376 204 1687 1883 492 1909 534 2054 1425 674 774 1757 848 1884 139 325 1713 164 528 269 1641 1558 1563 758 2039 1962 442 1878 760 824
1653 2437 2371 1081 1968 935 2854 1737 1807 2001 1095 1637 2299 1837 0 1686 2825 2237 386 1971 1191 2280 1818 1133 301 314 1790 1839 483 419 534 3409 91 2170 1358 758 1925 1211 139 2244 1962 1931 1041 330 2078 325 1521 500 1166 2259 1271 986 1626 331 1754 1976 381 1772 1824 1639 840 319 3148 1255 486 429 2027 325 1738 2409
709 865 800 1187 397 1638 1282 646 235 344 1340 693 727 180 1694 0 1254 666 1412 314 1723 709 722 1622 1661 1415 133 263 1885 1500 1794 1837 1734 599 710 1586 405 1317 1686 677 390 355 1536 1732 506 1758 383 1903 1274 688 623 1606 799 1733 182 319 1562 115 479 118 1490 1408 1576 607 1888 1811 455 1727 710 838
1933 1241 1176 2325 1245 2777 51 1870 1084 1568 2479 1917 1103 1240 2833 1254 0 1042 2550 1426 2862 1085 1946 2760 2799 2554 1288 1217 3024 2639 2933 742 2872 975 1848 2725 1526 2455 2825 1329 915 1310 2675 2871 1158 2897 1522 3041 2412 1064 1762 2744 2023 2872 1133 1430 2701 1339 1703 1257 2629 2546 481 1745 3027 2949 1304 2866 1934 1214
1345 653 588 1738 658 2189 1071 1283 496 981 1891 1329 515 652 2245 666 1042 0 1963 839 2274 497 1359 2173 2211 1966 700 630 2436 2051 2345 1626 2285 387 1261 2137 939 1868 2237 741 328 722 2087 2283 571 2309 934 2454 1825 476 1174 2157 1436 2284 545 843 2113 751 1115 669 2041 1958 1365 1158 2439 2362 716 2278 1347 626
1370 2154 2089 798 1686 1222 2571 1454 1524 1718 981 1354 2016 1555 386 1404 2542 1955 0 1689 1364 1998 1535 1263 381 135 1507 1556 770 339 562 3126 444 1888 1075 1045 1643 928 492 1961 1679 1648 1177 617 1795 483 1238 787 915 1976 988 1247 1343 618 1471 1693 368 1489 1541 1356 1127 128 2865 972 773 716 1744 612 1455 2126
693 1038 973 1472 570 1923 1455 630 408 328 1625 677 900 320 1979 314 1426 839 1697 0 2008 882 707 1907 1946 1700 316 241 2170 1785 2079 2010 2019 772 987 1871 690 1602 1971 849 563 166 1821 2017 679 2043 668 2188 1559 860 908 1891 783 2018 326 53 1847 229 463 403 1775 1692 1749 892 2173 2096 628 2012 695 1011
1690 2473 2408 958 2005 292 2890 1774 1844 2038 625 1674 2335 1874 1191 1723 2862 2274 1372 2008 0 2317 1855 148 1130 1376 1826 1875 1223 1355 1363 3445 1130 2207 1394 627 1962 832 1082 2281 1998 1968 227 1128 2114 1154 1558 1203 695 2296 1308 260 1662 974 1791 2012 1316 1808 1860 1675 415 1368 3185 1291 1251 934 2064 1091 1775 2446
1389 470 405 1781 701 2232 1114 1326 539 1024 1934 1373 332 695 2288 709 1085 497 2006 882 2317 0 1402 2216 2255 2009 743 673 2479 2094 2388 1669 2328 139 1304 2180 982 1911 2280 784 371 765 2130 2326 614 2352 977 2497 1868 105 1217 2200 1479 2327 588 886 2156 794 1158 712 2084 2002 1408 1201 2482 2405 759 2321 1390 442
250 1558 1493 1318 1090 1770 1975 290 928 403 1472 264 1420 772 1826 722 1946 1359 1543 707 1855 1402 0 1753 1792 1547 724 854 2017 1632 1926 2530 1865 1292 592 1718 1098 1448 1818 1370 1083 779 1668 1864 1199 1890 1005 2034 1405 1381 641 1737 246 1865 875 711 1694 637 493 811 1622 1539 2269 625 2020 1942 1148 1859 158 1531
1588 2372 2307 856 1904 341 2789 1673 1742 1936 523 1572 2234 1773 1133 1622 2760 2173 1271 1907 148 2216 1753 0 1072 1274 1725 1774 1165 1297 1305 3344 1072 2106 1293 526 1861 730 1024 2179 1897 1866 238 1070 2013 1096 1457 1146 594 2194 1207 308 1561 916 1689 1911 1259 1707 1759 1574 313 1267 3083 1190 1194 876 1962 1033 1673 2345
1619 2403 2337 1047 1934 874 2820 1703 1773 1967 1034 1603 2265 1803 301 1653 2791 2203 381 1937 1130 2247 1784 1072 0 280 1756 1805 422 258 320 3375 239 2137 1324 697 1891 1177 192 2210 1928 1897 980 269 2044 193 1487 439 1105 2225 1237 925 1592 270 1720 1942 219 1738 1790 1605 779 285 3114 1221 424 368 1993 264 1704 2375
1374 2157 2092 802 1689 1121 2575 1458 1528 1722 985 1358 2019 1558 314 1407 2546 1958 135 1692 1368 2001 1539 1266 280 0 1510 1559 669 306 461 3129 372 1891 1078 944 1646 932 420 1965 1683 1652 1181 516 1798 382 1242 686 918 1980 992 1172 1346 517 1475 1696 267 1492 1544 1359 1026 40 2869 975 672 615 1748 511 1459 2130
710 899 834 1290 431 1741 1317 647 270 345 1443 694 762 112 1798 133 1288 700 1515 316 1826 743 724 1725 1764 1518 0 160 1989 1603 1898 1872 1837 633 813 1690 508 1420 1789 711 425 252 1639 1835 541 1861 487 2006 1377 722 727 1709 800 1836 187 320 1665 116 480 221 1593 1511 1611 710 1991 1914 490 1831 712 872
841 829 764 1339 361 1790 1246 778 199 476 1492 825 691 111 1847 263 1217 630 1564 241 1875 673 854 1774 1813 1567 160 0 2038 1652 1947 1801 1886 563 862 1738 557 1469 1838 640 354 124 1688 1884 470 1910 536 2055 1426 651 775 1758 931 1885 117 245 1714 246 611 270 1642 1560 1540 759 2040 1963 419 1879 842 801
1852 2636 2570 1280 2167 967 3053 1936 2006 2200 1127 1836 2498 2036 483 1885 3024 2436 770 2170 1223 2479 2017 1165 422 669 1989 2038 0 647 655 3608 422 2369 1557 790 2124 1334 374 2443 2161 2130 1073 420 2277 446 1720 93 1198 2458 1470 1018 1825 326 1953 2175 608 1971 2023 1838 872 675 3347 1454 168 326 2226 200 1937 2608
1467 2251 2186 895 1783 1099 2668 1552 1621 1815 1078 1451 2113 1652 419 1501 2639 2052 339 1786 1355 2095 1632 1297 258 306 1604 1653 647 0 439 3223 464 1985 1172 922 1740 1025 417 2058 1776 1745 1205 494 1892 360 1336 664 1012 2073 1086 1150 1440 495 1568 1790 96 1586 1638 1453 1004 312 2962 1069 650 593 1841 489 1552 2224
1762 2545 2480 1190 2077 1107 2962 1846 1916 2110 1267 1746 2407 1946 534 1795 2934 2346 562 2080 1363 2389 1927 1305 320 461 1898 1947 655 439 0 3517 472 2279 1466 930 2034 1320 425 2352 2070 2040 1213 502 2186 299 1630 672 1306 2368 1380 1158 1734 503 1862 2084 400 1880 1932 1747 1012 467 3257 1363 658 601 2136 497 1846 2518
2517 1825 1760 2909 1829 3360 771 2454 1667 2152 3062 2501 1687 1823 3417 1837 742 1626 3134 2010 3445 1669 2530 3344 3383 3137 1872 1801 3608 3222 3517 0 3456 1559 2432 3309 2110 3039 3408 1912 1499 1893 3258 3455 1742 3480 2106 3625 2996 1647 2346 3328 2607 3456 1716 2014 3284 1922 2287 1840 3212 3130 320 2329 3610 3533 1887 3450 2518 1797
1700 2484 2419 1128 2016 873 2901 1785 1854 2048 1033 1684 2346 1885 91 1734 2872 2285 444 2019 1130 2328 1865 1072 239 372 1837 1886 422 464 472 3456 0 2218 1405 696 1973 1240 78 2291 2009 1978 980 268 2125 263 1569 439 1104 2306 1319 925 1673 269 1801 2023 426 1819 1871 1686 779 377 3195 1302 424 368 2074 263 1785 2457
1279 365 300 1671 591 2122 1004 1216 429 914 1824 1263 228 585 2179 599 975 387 1896 772 2207 139 1292 2106 2145 1899 633 563 2369 1984 2278 1559 2218 0 1194 2070 872 1801 2170 674 261 655 2020 2216 504 2242 867 2387 1758 117 1107 2090 1369 2217 478 776 2046 684 1048 602 1974 1892 1298 1091 2372 2295 649 2211 1280 338
427 1460 1395 858 992 1309 1877 511 830 783 1011 411 1322 861 1366 710 1848 1261 1083 987 1394 1304 592 1293 1332 1086 813 862 1557 1171 1466 2432 1405 1194 0 1258 949 988 1357 1267 985 954 1207 1403 1101 1429 545 1574 945 1282 181 1277 400 1404 777 992 1233 795 597 662 1161 1079 2171 164 1559 1482 1050 1399 512 1433
1553 2336 2271 821 1868 475 2754 1637 1707 1901 488 1537 2198 1737 758 1586 2725 2137 1045 1871 627 2180 1718 526 697 944 1690 1738 790 922 930 3309 696 2070 1258 0 1825 695 649 2144 1862 1831 440 695 1978 721 1421 770 559 2159 1171 425 1526 541 1654 1875 883 1672 1724 1539 233 950 3048 1155 818 501 1927 657 1638 2309
1084 1138 1073 1426 670 1877 1555 1021 508 719 1579 1068 1000 556 1933 405 1526 939 1651 690 1962 982 1098 1861 1900 1654 508 557 2124 1739 2033 2110 1973 872 949 1825 0 1556 1925 363 663 649 1775 1971 576 1997 622 2142 1513 960 862 1845 1174 1972 472 694 1801 490 854 333 1729 1646 1849 846 2127 2050 728 1966 1086 1111
1283 2067 2002 161 1599 747 2484 1368 1437 1632 523 1267 1929 1468 1219 1317 2455 1868 936 1602 832 1911 1448 730 1185 940 1420 1469 1334 1025 1319 3039 1240 1801 988 695 1556 0 1193 1874 1592 1562 644 1239 1708 1265 1152 1314 296 1890 902 714 1256 1085 1384 1606 1087 1402 1454 1269 599 932 2778 885 1362 1045 1657 1201 1368 2040
1653 2436 2371 1081 1968 826 2854 1737 1807 2001 986 1637 2298 1837 139 1686 2825 2237 492 1971 1082 2280 1818 1024 192 420 1789 1838 374 417 425 3408 78 2170 1357 649 1925 1193 0 2244 1962 1931 932 221 2078 216 1521 391 1057 2259 1271 877 1626 222 1754 1975 378 1771 1823 1639 731 425 3148 1254 377 320 2027 216 1738 2409
1356 940 875 1744 668 2196 1358 1293 464 991 1898 1340 802 663 2252 677 1329 741 1969 849 2281 784 1370 2179 2218 1973 711 640 2443 2058 2352 1912 2291 674 1267 2144 363 1874 2244 0 466 733 2093 2290 314 2316 941 2460 1831 763 1181 2163 1446 2291 556 854 2119 762 1126 651 2048 1965 1652 1164 2446 2368 727 2285 1358 913
1070 527 462 1462 382 1914 944 1007 220 705 1616 1054 389 376 1970 390 915 328 1687 563 1998 371 1083 1897 1936 1691 425 354 2161 1776 2070 1499 2009 261 985 1862 663 1592 1962 466 0 447 1811 2008 295 2034 659 2178 1549 349 899 1881 1160 2009 269 567 1837 476 840 394 1766 1683 1238 882 2164 2086 441 2003 1071 499
766 921 856 1431 453 1883 1339 703 292 401 1585 750 783 204 1939 355 1310 722 1656 166 1968 765 779 1866 1905 1660 252 124 2130 1745 2039 1893 1978 655 954 1831 649 1562 1931 733 447 0 1781 1977 562 2003 628 2147 1518 744 868 1850 856 1978 209 170 1807 302 536 363 1735 1652 1633 851 2133 2055 512 1972 767 894
1503 2286 2221 771 1818 143 2703 1587 1657 1851 437 1487 2148 1687 1041 1536 2675 2087 1185 1821 227 2130 1668 238 980 1189 1639 1688 1073 1205 1213 3258 980 2020 1207 440 1775 644 932 2093 1811 1781 0 978 1927 1004 1371 1053 508 2109 1121 110 1475 824 1603 1825 1166 1621 1673 1488 228 1181 2998 1104 1102 784 1877 941 1587 2259
1699 2482 2417 1127 2014 872 2900 1783 1853 2047 1032 1683 2344 1883 330 1732 2871 2283 617 2017 1128 2326 1864 1070 269 516 1835 1884 420 494 502 3455 268 2216 1403 695 1971 1239 221 2290 2008 1977 978 0 2124 293 1567 437 1103 2305 1317 923 1672 268 1800 2021 455 1818 1869 1685 777 522 3194 1300 423 366 2073 262 1784 2455
1186 770 705 1578 498 2029 1187 1123 294 821 1731 1170 632 492 2086 506 1158 571 1803 679 2114 614 1199 2013 2052 1806 541 470 2277 1892 2186 1742 2125 504 1101 1978 576 1708 2078 314 295 562 1927 2124 0 2149 775 2294 1665 592 1015 1997 1276 2125 385 683 1953 591 956 509 1882 1799 1481 998 2280 2202 556 2119 1187 743
1721 2505 2440 1149 2037 898 2922 1806 1875 2069 1058 1705 2367 1906 325 1755 2893 2306 483 2040 1154 2349 1886 1096 193 382 1858 1907 446 360 299 3477 263 2239 1426 721 1994 1265 216 2312 2030 1999 1004 293 2146 0 1589 463 1129 2327 1339 949 1694 294 1822 2044 321 1840 1892 1707 803 388 3216 1323 449 392 2095 288 1806 2477
840 1134 1068 1022 665 1473 1551 924 504 698 1175 824 996 534 1529 383 1522 934 1246 668 1558 977 1005 1457 1495 1250 487 536 1720 1335 1629 2106 1569 867 545 1421 622 1152 1521 941 659 628 1371 1567 775 1593 0 1737 1109 956 458 1441 813 1568 451 673 1397 469 833 336 1325 1242 1845 441 1723 1645 724 1562 925 1106
1869 2653 2588 1297 2185 947 3070 1954 2023 2217 1107 1853 2515 2054 500 1903 3041 2454 787 2188 1203 2497 2034 1146 439 686 2006 2055 93 664 672 3625 439 2387 1574 770 2142 1314 391 2460 2178 2147 1053 437 2294 463 1737 0 1178 2475 1487 999 1842 307 1970 2192 626 1988 2040 1855 853 692 3364 1471 185 306 2243 218 1954 2625
1240 2024 1959 422 1556 611 2441 1325 1394 1588 387 1224 1886 1425 1166 1274 2412 1825 923 1559 695 1868 1405 594 1105 926 1377 1426 1198 1011 1306 2996 1104 1758 945 559 1513 296 1057 1831 1549 1518 508 1103 1665 1129 1109 1178 0 1846 859 578 1213 949 1341 1563 1073 1359 1411 1226 463 919 2735 842 1226 909 1614 1065 1325 1997
1367 448 383 1759 679 2211 1092 1304 518 1002 1913 1351 310 674 2267 688 1064 476 1984 860 2296 105 1381 2194 2233 1988 722 651 2458 2073 2367 1647 2306 117 1282 2159 960 1890 2259 763 349 744 2109 2305 592 2331 956 2475 1846 0 1196 2178 1457 2306 567 864 2135 773 1137 691 2063 1980 1387 1179 2461 2383 738 2300 1368 421
476 1373 1308 772 905 1223 1791 560 744 832 925 460 1235 774 1279 623 1762 1174 996 908 1308 1217 641 1207 1245 1000 727 775 1470 1085 1379 2346 1319 1107 181 1171 862 902 1271 1181 899 868 1121 1317 1015 1343 458 1487 859 1196 0 1191 449 1318 691 912 1147 709 647 576 1075 992 2085 36 1473 1395 964 1312 561 1346
1572 2356 2291 840 1888 88 2773 1657 1726 1920 507 1556 2218 1757 986 1606 2744 2157 1255 1891 260 2200 1737 308 925 1172 1709 1758 1018 1150 1158 3328 925 2090 1277 425 1845 714 877 2163 1881 1850 110 923 1997 949 1441 999 578 2178 1191 0 1545 769 1673 1895 1112 1691 1743 1558 212 1178 3067 1174 1047 729 1946 886 1657 2329
236 1635 1570 1126 1167 1577 2052 348 1005 480 1279 247 1497 848 1634 799 2023 1436 1351 783 1662 1479 246 1561 1600 1355 800 931 1825 1440 1734 2607 1673 1369 400 1526 1174 1256 1626 1446 1160 856 1475 1672 1276 1697 813 1842 1213 1457 449 1545 0 1673 952 787 1501 713 434 888 1430 1347 2346 432 1828 1750 1225 1667 144 1607
1700 2483 2418 1128 2015 718 2901 1784 1854 2048 878 1684 2345 1884 331 1733 2872 2284 618 2018 974 2327 1865 916 270 517 1836 1885 326 495 503 3456 269 2217 1404 541 1972 1085 222 2291 2009 1978 824 268 2125 294 1568 307 949 2306 1318 769 1673 0 1801 2022 456 1818 1870 1686 623 523 3195 1301 353 133 2074 192 1785 2456
862 744 679 1254 276 1706 1161 799 114 497 1408 846 606 139 1762 182 1133 545 1479 326 1791 588 875 1689 1728 1483 187 117 1953 1568 1862 1716 1801 478 777 1654 472 1384 1754 556 269 209 1603 1800 385 1826 451 1970 1341 567 691 1673 952 1801 0 330 1629 268 632 186 1558 1475 1456 674 1956 1878 334 1795 863 717
697 1042 977 1476 574 1927 1459 634 412 332 1629 681 904 325 1984 319 1430 843 1701 53 2012 886 711 1911 1950 1704 320 245 2175 1789 2083 2014 2023 776 992 1875 694 1606 1975 854 567 170 1825 2021 683 2047 673 2192 1563 864 912 1895 787 2022 330 0 1851 233 467 407 1779 1697 1753 896 2177 2100 632 2016 699 1015
1529 2313 2248 957 1845 1060 2730 1613 1683 1877 1140 1513 2175 1714 381 1563 2701 2114 368 1848 1316 2157 1694 1259 219 267 1666 1715 608 96 400 3285 426 2047 1234 883 1802 1087 378 2120 1838 1807 1166 455 1954 321 1397 626 1074 2135 1147 1112 1502 456 1630 1852 0 1648 1700 1515 966 273 3024 1131 611 555 1903 450 1614 2285
623 950 885 1272 482 1723 1368 560 321 258 1425 607 812 164 1780 115 1339 751 1497 229 1808 794 637 1707 1746 1500 116 246 1971 1585 1880 1922 1819 684 795 1672 490 1402 1771 762 476 302 1621 1818 591 1843 469 1988 1359 773 709 1691 713 1818 268 233 1647 0 393 203 1575 1493 1662 692 1973 1896 541 1813 625 923
303 1314 1249 1324 846 1775 1732 240 685 221 1477 287 1177 528 1832 479 1703 1115 1549 463 1860 1158 493 1759 1798 1552 480 611 2023 1637 1932 2287 1871 1048 597 1724 854 1454 1823 1126 840 536 1673 1869 956 1895 833 2040 1411 1137 647 1743 434 1870 632 467 1699 393 0 568 1627 1545 2026 630 2025 1948 905 1864 394 1287
798 868 803 1139 400 1590 1285 735 239 433 1292 782 730 269 1647 118 1257 669 1364 403 1675 712 811 1574 1613 1368 221 270 1838 1453 1747 1840 1686 602 662 1539 333 1269 1639 651 394 363 1488 1685 509 1710 336 1855 1226 691 576 1558 888 1686 186 407 1514 203 568 0 1443 1360 1580 559 1841 1763 459 1680 799 841
1457 2240 2175 725 1772 275 2658 1541 1611 1805 392 1441 2102 1641 840 1490 2629 2041 1127 1775 415 2084 1622 313 779 1026 1593 1642 872 1004 1012 3212 779 1974 1161 233 1729 599 731 2048 1766 1735 228 777 1882 803 1325 853 463 2063 1075 212 1430 623 1558 1779 966 1575 1627 1443 0 1032 2952 1058 901 583 1831 740 1542 2213
1366 2150 2084 794 1681 1127 2567 1450 1520 1714 977 1350 2012 1550 319 1399 2538 1950 128 1684 1360 1993 1531 1259 285 40 1503 1552 675 312 467 3122 377 1883 1071 950 1638 924 425 1957 1675 1644 1173 522 1791 388 1234 692 911 1972 984 1178 1339 523 1467 1689 273 1485 1537 1352 1032 0 2861 968 678 621 1740 517 1451 2122
2256 1564 1499 2648 1568 3100 510 2193 1407 1891 2802 2240 1426 1563 3156 1576 481 1365 2873 1749 3185 1408 2269 3083 3122 2877 1611 1540 3347 2962 3256 320 3195 1298 2171 3048 1849 2778 3148 1652 1238 1633 2998 3194 1481 3220 1845 3364 2735 1387 2085 3067 2346 3195 1456 1753 3024 1662 2026 1580 2952 2869 0 2068 3350 3272 1627 3189 2257 1537
460 1357 1292 755 889 1206 1774 544 727 816 908 444 1219 758 1263 607 1745 1158 980 892 1291 1201 625 1190 1229 983 710 759 1454 1068 1363 2329 1302 1091 164 1155 846 885 1254 1164 882 851 1104 1300 998 1326 441 1471 842 1179 36 1174 432 1301 674 896 1130 692 630 559 1058 976 2068 0 1456 1379 947 1296 545 1330
1855 2638 2573 1283 2170 995 3056 1939 2009 2203 1155 1839 2500 2039 486 1888 3027 2439 773 2173 1251 2482 2020 1194 424 672 1991 2040 168 650 658 3610 424 2372 1559 818 2127 1362 377 2446 2164 2133 1102 423 2280 449 1723 185 1226 2461 1473 1047 1828 353 1956 2177 611 1973 2025 1841 901 678 3350 1456 0 417 2229 203 1940 2611
1777 2561 2496 1171 2093 678 2978 1861 1931 2125 838 1761 2423 1962 429 1811 2949 2362 716 2096 934 2405 1942 876 368 615 1914 1963 326 593 601 3533 368 2295 1482 501 2050 1045 320 2368 2086 2055 784 366 2202 392 1645 306 909 2383 1395 729 1750 133 1878 2100 555 1896 1948 1763 583 621 3272 1379 417 0 2151 291 1862 2533
1135 915 850 1527 186 1979 1332 1072 286 770 1681 1119 777 442 2035 455 1304 716 1752 628 2064 759 1148 1962 2001 1756 490 419 2226 1841 2135 1887 2074 649 1050 1927 728 1657 2027 727 441 512 1877 2073 556 2099 724 2243 1614 738 964 1946 1225 2074 334 632 1903 541 905 459 1831 1748 1627 947 2229 2151 0 2068 1136 888
1694 2477 2412 1122 2009 834 2895 1778 1848 2042 994 1678 2339 1878 325 1727 2866 2278 612 2012 1091 2321 1859 1033 264 511 1831 1879 200 489 497 3450 263 2211 1399 657 1966 1201 216 2285 2003 1972 941 262 2119 288 1562 218 1065 2300 1312 886 1667 192 1795 2016 450 1813 1864 1680 740 517 3189 1296 203 291 2068 0 1779 2450
126 1546 1481 1238 1078 1690 1963 278 916 391 1392 141 1408 760 1746 710 1934 1347 1463 695 1775 1390 158 1673 1712 1467 712 842 1937 1552 1846 2518 1785 1280 512 1638 1086 1368 1738 1358 1071 767 1587 1784 1187 1810 925 1954 1325 1368 561 1657 144 1785 863 699 1613 625 394 799 1542 1459 2257 545 1940 1862 1136 1779 0 1519
1517 60 105 1910 829 2361 1242 1454 668 1152 2063 1501 158 824 2417 838 1214 626 2134 1011 2446 442 1531 2345 2383 2138 872 801 2608 2223 2517 1797 2457 338 1433 2309 1111 2040 2409 913 499 894 2259 2455 743 2481 1106 2625 1997 421 1346 2329 1607 2456 717 1015 2285 923 1287 841 2213 2130 1537 1330 2611 2533 888 2450 1519 0
EOF