NAME : tsp_problem
TYPE : TSP
DIMENSION : 32
EDGE_WEIGHT_TYPE : EXPLICIT
EDGE_WEIGHT_FORMAT : FULL_MATRIX
EDGE_WEIGHT_SECTION
0 542 2054 2146 2028 1964 494 1957 686 1213 449 502 1957 1951 1635 1249 1677 1686 2141 708 538 1461 2093 1199 997 1052 853 780 1172 1354 1043 2036
542 0 2160 2252 2134 2070 600 2063 792 1319 555 608 2063 2057 1742 1355 1783 1792 2247 350 448 1568 2199 1305 1103 1158 959 887 1278 1460 1149 2142
2054 2160 0 177 1264 850 1605 1295 1447 891 1965 1594 718 1077 613 1653 1357 566 1102 2321 2156 635 979 1602 1401 1841 1296 1975 1628 829 1061 253
2146 2252 177 0 1313 899 1697 1344 1540 984 2057 1687 682 1126 706 1745 1449 658 1151 2413 2248 728 1028 1695 1493 1933 1388 2067 1721 921 1153 139
2019 2126 1264 1313 0 554 1571 103 1413 1013 1931 1560 680 247 1063 1619 455 890 437 2287 2122 1085 468 1568 1367 1807 1262 1941 1594 1111 1106 1202
1964 2070 850 899 554 0 1515 585 1357 927 1875 1504 267 367 649 1563 850 476 290 2231 2066 671 269 1512 1311 1751 1206 1885 1538 865 1050 788
494 600 1605 1697 1579 1515 0 1508 237 765 405 106 1509 1502 1187 800 1228 1237 1692 761 596 1013 1644 750 549 819 405 548 776 905 594 1587
1949 2055 1295 1344 103 585 1500 0 1343 943 1860 1490 712 278 1095 1548 385 922 469 2216 2051 1037 500 1498 1296 1736 1192 1870 1524 1040 1035 1234
686 792 1447 1540 1421 1357 237 1351 0 607 598 227 1351 1344 1029 643 1070 1079 1535 954 788 855 1487 592 391 831 247 740 618 748 436 1429
1213 1319 891 984 1021 927 765 951 607 0 1125 754 795 944 473 812 671 523 1135 1481 1315 299 1057 762 561 1001 456 1134 788 230 220 873
449 555 1965 2057 1939 1875 405 1868 598 1125 0 414 1869 1862 1547 1056 1588 1597 2052 721 551 1373 2004 1006 909 776 765 505 896 1265 954 1947
502 608 1594 1687 1568 1504 106 1498 227 754 414 0 1498 1491 1176 790 1217 1226 1682 770 604 1002 1634 739 538 828 394 556 765 895 583 1576
1957 2063 718 682 680 267 1509 712 1351 795 1869 1498 0 493 517 1557 976 344 519 2225 2059 539 396 1506 1305 1745 1200 1878 1532 733 964 572
1951 2057 1077 1126 247 367 1502 278 1344 944 1862 1491 493 0 876 1550 543 703 232 2218 2053 898 263 1499 1298 1738 1193 1872 1525 1042 1037 1015
1635 1742 613 706 1063 649 1187 1095 1029 473 1547 1176 517 876 0 1235 938 246 901 1903 1738 266 779 1184 983 1423 878 1557 1210 411 642 595
1249 1355 1653 1745 1627 1563 800 1556 643 812 1056 790 1557 1550 1235 0 1276 1285 1740 1516 1351 1061 1692 83 347 461 492 625 278 953 642 1635
1669 1775 1349 1441 455 850 1220 385 1062 663 1580 1209 976 543 930 1268 0 981 733 1936 1771 756 764 1218 1016 1456 911 1590 1244 760 755 1330
1686 1792 566 658 890 476 1237 922 1079 523 1597 1226 344 703 246 1285 989 0 728 1953 1788 268 606 1235 1033 1473 928 1607 1260 461 693 548
2141 2247 1102 1151 437 290 1692 469 1535 1135 2052 1682 519 232 901 1740 733 728 0 2408 2243 923 170 1690 1488 1929 1384 2062 1716 1117 1228 1040
708 350 2321 2413 2295 2231 761 2224 954 1481 721 770 2225 2218 1903 1516 1944 1953 2408 0 614 1729 2360 1466 1265 1323 1121 1052 1444 1621 1310 2303
538 448 2156 2248 2130 2066 596 2059 788 1315 551 604 2059 2053 1738 1351 1779 1788 2243 614 0 1564 2195 1301 1099 1154 955 883 1274 1456 1145 2138
1461 1568 635 728 1085 671 1013 1045 855 299 1373 1002 539 898 266 1061 764 268 923 1729 1564 0 801 1010 809 1249 704 1383 1036 237 468 617
2093 2199 979 1028 468 269 1644 500 1487 1057 2004 1634 396 263 779 1692 764 606 170 2360 2195 801 0 1642 1440 1880 1335 2014 1668 994 1179 918
1199 1305 1602 1695 1576 1512 750 1506 592 762 1006 739 1506 1499 1184 83 1226 1235 1690 1466 1301 1010 1642 0 297 440 441 574 228 903 592 1584
997 1103 1401 1493 1375 1311 549 1304 391 561 909 538 1305 1298 983 347 1024 1033 1488 1265 1099 809 1440 297 0 535 240 669 323 701 390 1383
1052 1158 1841 1933 1815 1751 819 1745 831 1001 776 828 1745 1738 1423 461 1464 1473 1929 1323 1154 1249 1880 440 535 0 680 372 331 1141 830 1823
853 959 1296 1388 1270 1206 405 1200 247 456 765 394 1200 1193 878 492 919 928 1384 1121 955 704 1335 441 240 680 0 814 467 596 285 1278
780 887 1975 2067 1949 1885 548 1878 740 1134 505 556 1878 1872 1557 625 1598 1607 2062 1052 883 1383 2014 574 669 372 814 0 465 1275 964 1957
1172 1278 1628 1721 1602 1538 776 1532 618 788 896 765 1532 1525 1210 278 1252 1260 1716 1444 1274 1036 1668 228 323 331 467 465 0 929 618 1610
1354 1460 829 921 1119 865 905 1048 748 230 1265 895 733 1042 411 953 768 461 1117 1621 1456 237 994 903 701 1141 596 1275 929 0 361 811
1043 1149 1061 1153 1114 1050 594 1043 436 220 954 583 964 1037 642 642 763 693 1228 1310 1145 468 1179 592 390 830 285 964 618 361 0 1043
2036 2142 253 139 1202 788 1587 1234 1429 873 1947 1576 572 1015 595 1635 1338 548 1040 2303 2138 617 918 1584 1383 1823 1278 1957 1610 811 1043 0
EOF