NAME : tsp_problem
TYPE : TSP
DIMENSION : 40
EDGE_WEIGHT_TYPE : EXPLICIT
EDGE_WEIGHT_FORMAT : FULL_MATRIX
EDGE_WEIGHT_SECTION
0 2117 1028 934 2114 1321 1048 1155 519 2058 1132 1010 412 1422 1788 845 1547 1901 1990 967 474 940 1795 1055 636 2000 403 1768 359 1870 1072 679 1692 1880 439 2063 1566 1671 499 1774
2125 0 1520 1426 75 2246 2095 1063 2359 683 2058 2003 2251 1457 990 2258 1371 722 814 1726 2415 1282 502 1814 2476 801 2306 589 2301 300 1831 2446 465 305 2279 737 595 1322 2338 1168
1036 1520 0 129 1517 876 724 558 1189 1460 687 633 1162 825 1191 888 949 1304 1393 356 1326 268 1198 444 1329 1403 1217 1171 1211 1272 460 1201 1094 1282 1189 1465 969 1074 1249 1177
942 1426 129 0 1423 907 755 463 1175 1366 718 663 1068 731 1097 919 855 1210 1299 387 1232 174 1103 475 1292 1309 1123 1077 1117 1178 491 1232 1000 1188 1095 1371 875 979 1155 1083
2122 75 1517 1423 0 2243 2091 1060 2356 679 2055 2000 2248 1454 987 2255 1368 719 811 1723 2412 1278 499 1811 2473 798 2303 586 2298 297 1827 2442 462 302 2276 733 592 1319 2335 1164
1321 2246 876 907 2243 0 428 1284 1009 2186 271 337 1100 1551 1917 577 1675 2030 2119 564 1264 994 1924 681 1149 2129 1382 1897 1149 1998 662 1022 1820 2008 1127 2191 1695 1800 1187 1903
1048 2095 724 755 2091 428 0 1132 737 2035 240 118 827 1400 1766 436 1524 1878 1967 413 991 843 1772 530 876 1977 1109 1745 876 1847 510 749 1669 1857 854 2040 1544 1648 914 1751
1163 1063 558 463 1060 1284 1132 0 1396 1003 1095 1040 1289 495 824 1296 619 846 936 764 1453 319 740 852 1513 946 1344 713 1338 815 868 1483 637 825 1316 1008 512 743 1376 847
519 2359 1189 1175 2356 1009 737 1396 0 2299 821 699 298 1664 2030 534 1788 2142 2232 877 462 1181 2036 994 167 2242 581 2009 348 2111 975 186 1933 2121 326 2304 1808 1912 386 2016
2066 683 1460 1366 679 2186 2035 1003 2299 0 1998 1943 2192 1398 930 2198 1311 662 231 1666 2355 1222 302 1754 2416 219 2246 529 2241 435 1771 2386 405 445 2219 154 535 1262 2279 1108
1132 2058 687 718 2055 271 240 1095 821 1998 0 148 911 1363 1729 425 1487 1841 1931 376 1075 806 1735 493 961 1941 1194 1708 961 1810 473 834 1632 1820 939 2003 1507 1611 999 1715
1010 2003 633 663 2000 337 118 1040 699 1943 148 0 789 1308 1674 398 1432 1786 1876 321 953 751 1680 438 839 1886 1071 1653 839 1755 418 711 1577 1765 817 1948 1452 1556 876 1660
412 2251 1162 1068 2248 1100 827 1289 298 2192 911 789 0 1556 1922 625 1681 2035 2124 968 355 1074 1929 1085 416 2134 473 1902 240 2004 1065 458 1826 2014 53 2197 1700 1805 113 1908
1430 1457 825 731 1454 1551 1400 495 1664 1398 1363 1308 1556 0 583 1563 341 1241 1330 1031 1720 587 1135 1119 1781 1340 1611 1108 1606 1210 1136 1751 1032 1220 1584 1403 906 357 1643 508
1796 990 1191 1097 987 1917 1766 824 2030 930 1729 1674 1922 583 0 1929 414 774 914 1397 2086 953 668 1485 2147 924 1977 641 1972 742 1502 2117 565 753 1950 985 439 541 2010 394
845 2258 888 919 2255 577 436 1296 534 2198 425 398 625 1563 1929 0 1687 2042 2131 576 789 1006 1936 693 674 2141 907 1909 674 2010 674 547 1832 2020 652 2203 1707 1812 712 1915
1555 1371 949 855 1368 1675 1524 619 1788 1311 1487 1432 1681 341 414 1687 0 1155 1295 1155 1844 711 1049 1244 1905 1305 1735 1022 1730 1123 1260 1875 945 1133 1708 1365 820 186 1768 289
1909 722 1304 1210 719 2030 1878 846 2142 662 1841 1786 2035 1241 774 2042 1155 0 753 1510 2199 1065 399 1598 2259 763 2090 238 2084 474 1614 2229 296 484 2062 716 379 1106 2122 951
1998 814 1393 1299 811 2119 1967 936 2232 231 1931 1876 2124 1330 914 2131 1295 753 0 1599 2288 1154 433 1687 2349 88 2179 620 2174 566 1704 2318 537 576 2152 112 591 1246 2211 1091
975 1726 356 387 1723 564 413 764 877 1666 376 321 968 1031 1397 576 1155 1510 1599 0 1131 474 1404 211 1017 1609 1156 1377 1017 1478 191 890 1300 1488 995 1671 1175 1280 1055 1383
474 2415 1326 1232 2412 1264 991 1453 462 2355 1075 953 355 1720 2086 789 1844 2199 2288 1131 0 1238 2093 1248 579 2298 189 2066 190 2167 1229 622 1989 2178 382 2360 1864 1969 442 2072
948 1282 268 174 1278 994 843 319 1181 1222 806 751 1074 587 953 1006 711 1065 1154 474 1238 0 959 562 1298 1164 1129 932 1123 1034 579 1268 856 1044 1101 1227 731 835 1161 938
1803 502 1198 1103 499 1924 1772 740 2036 302 1735 1680 1929 1135 668 1936 1049 399 433 1404 2093 959 0 1492 2153 421 1984 266 1978 254 1508 2123 190 264 1956 356 273 999 2016 845
1063 1814 444 475 1811 681 530 852 994 1754 493 438 1085 1119 1485 693 1244 1598 1687 211 1248 562 1492 0 1134 1697 1244 1465 1134 1566 87 1007 1388 1577 1112 1759 1263 1368 1172 1471
636 2476 1329 1292 2473 1149 876 1513 167 2416 961 839 416 1781 2147 674 1905 2259 2349 1017 579 1298 2153 1134 0 2359 698 2126 465 2228 1114 197 2050 2238 443 2421 1925 2029 503 2133
2008 801 1403 1309 798 2129 1977 946 2242 219 1941 1886 2134 1340 924 2141 1305 763 88 1609 2298 1164 421 1697 2359 0 2189 630 2184 554 1714 2328 524 564 2162 100 601 1256 2221 1101
403 2307 1217 1123 2304 1382 1109 1344 581 2247 1194 1071 473 1612 1978 907 1736 2090 2180 1157 189 1129 1984 1245 698 2190 0 1957 268 2059 1261 741 1881 2069 501 2252 1756 1860 560 1964
1776 589 1171 1077 586 1897 1745 713 2009 529 1708 1653 1902 1108 641 1909 1022 238 620 1377 2066 932 266 1465 2126 630 1957 0 1951 341 1481 2096 163 351 1929 583 246 972 1989 818
359 2301 1211 1117 2298 1149 876 1338 348 2241 961 839 240 1606 1972 674 1730 2084 2174 1017 190 1123 1978 1134 465 2184 268 1951 0 2053 1114 508 1875 2063 268 2246 1750 1854 328 1958
1878 300 1272 1178 297 1998 1847 815 2111 435 1810 1755 2004 1210 742 2010 1123 474 566 1478 2167 1034 254 1566 2228 554 2058 341 2053 0 1583 2198 217 139 2031 489 347 1074 2091 920
1080 1831 460 491 1827 662 510 868 975 1771 473 418 1065 1136 1502 674 1260 1614 1704 191 1229 579 1508 87 1114 1714 1261 1481 1114 1583 0 987 1405 1593 1092 1776 1280 1384 1152 1488
679 2446 1201 1232 2442 1022 749 1483 186 2386 834 711 458 1751 2117 547 1875 2229 2318 890 622 1268 2123 1007 197 2328 741 2096 508 2198 987 0 2020 2208 486 2391 1895 1999 546 2102
1700 465 1094 1000 462 1820 1669 637 1933 405 1632 1577 1826 1032 565 1832 945 296 537 1300 1989 856 190 1388 2050 524 1880 163 1875 217 1405 2020 0 227 1853 459 169 896 1913 742
1888 305 1282 1188 302 2008 1857 825 2121 445 1820 1765 2014 1220 753 2020 1133 484 576 1488 2178 1044 264 1577 2238 564 2069 351 2063 139 1593 2208 227 0 2041 499 358 1084 2101 930
439 2279 1189 1095 2276 1127 854 1316 326 2219 939 817 53 1584 1950 652 1708 2062 2152 995 382 1101 1956 1112 443 2162 501 1929 268 2031 1092 486 1853 2041 0 2224 1728 1832 87 1936
2071 737 1465 1371 733 2191 2040 1008 2304 154 2003 1948 2197 1403 985 2203 1365 716 112 1671 2360 1227 356 1759 2421 100 2251 583 2246 489 1776 2391 459 499 2224 0 590 1316 2284 1162
1574 595 969 875 592 1695 1544 512 1808 535 1507 1452 1700 906 439 1707 820 379 591 1175 1864 731 273 1263 1925 601 1755 246 1750 347 1280 1895 169 358 1728 590 0 771 1788 617
1679 1322 1074 979 1319 1800 1648 743 1912 1262 1611 1556 1805 357 541 1812 186 1106 1246 1280 1969 835 999 1368 2029 1256 1860 972 1854 1074 1384 1999 896 1084 1832 1316 771 0 1892 187
499 2338 1249 1155 2335 1187 914 1376 386 2279 999 876 113 1643 2010 712 1768 2122 2211 1055 442 1161 2016 1172 503 2221 560 1989 328 2091 1152 546 1913 2101 87 2284 1788 1892 0 1995
1782 1168 1177 1083 1164 1903 1751 847 2016 1108 1715 1660 1908 508 394 1915 289 951 1091 1383 2072 938 845 1471 2133 1101 1963 818 1958 920 1488 2102 742 930 1936 1162 617 187 1995 0
EOF