NAME : tsp_problem
TYPE : TSP
DIMENSION : 84
EDGE_WEIGHT_TYPE : EXPLICIT
EDGE_WEIGHT_FORMAT : FULL_MATRIX
EDGE_WEIGHT_SECTION
0 778 1224 1390 1306 1434 1603 1386 1516 1291 767 1029 1099 1264 837 771 81 194 1397 1599 1333 1332 1530 1645 1555 1275 1408 1454 803 1391 1483 1459 1471 238 1634 61 1323 1309 1450 1028 1208 812 205 1133 1570 248 597 1099 1229 1210 1474 648 1304 1228 1680 1422 1669 1092 1312 1261 1598 1136 1431 1028 215 1325 1481 1532 1099 1283 1690 194 1213 1473 249 1481 501 1681 1548 1642 1485 1477 1045 1217
778 0 699 865 781 909 1078 861 991 766 63 504 574 739 203 68 741 629 872 1074 808 808 1005 1120 1030 750 884 930 363 866 959 935 946 779 1109 768 798 785 926 503 683 372 746 609 1045 576 232 574 704 685 950 182 780 703 1155 897 1144 567 787 737 1073 612 906 503 757 800 956 1007 574 758 1166 629 688 948 583 957 343 1156 1023 1117 960 952 521 692
1224 699 0 832 748 877 911 828 958 734 688 353 423 706 758 693 1187 1075 840 1042 775 775 912 870 423 717 851 897 798 833 926 902 913 1225 1076 1214 191 177 893 352 58 807 1192 576 1012 1022 733 423 76 60 917 683 266 75 1122 864 1111 417 755 704 1040 175 873 352 1203 767 923 974 423 244 1133 1075 60 915 1029 924 819 1123 990 1084 927 920 239 64
1390 865 832 0 207 573 892 674 655 580 854 637 707 552 924 859 1353 1241 686 291 621 471 818 934 1163 414 60 593 964 679 772 748 223 1391 333 1380 931 918 203 636 816 973 1358 422 222 1188 899 707 837 818 227 849 913 836 432 561 421 701 109 550 350 745 720 636 1369 613 770 288 707 891 347 1241 821 761 1195 234 985 333 200 517 237 676 654 825
1306 781 748 207 0 489 808 591 571 496 770 553 623 469 840 775 1269 1158 602 416 538 387 735 850 1079 330 225 510 880 595 688 664 288 1307 451 1296 847 834 268 552 732 889 1274 338 387 1104 815 623 753 735 291 765 829 752 497 477 486 617 129 466 415 661 636 552 1285 529 686 249 623 808 508 1158 738 678 1111 299 901 498 365 582 302 682 570 742
1434 909 877 573 489 0 671 719 147 511 898 682 752 483 969 903 1397 1286 472 783 408 131 460 631 1064 317 592 54 1008 610 414 726 654 1436 817 1425 976 962 634 681 861 1018 1403 467 754 1233 944 752 882 863 658 893 957 881 785 70 762 745 496 595 781 789 361 681 1413 658 411 715 752 936 874 1286 866 700 1240 665 1030 865 732 572 669 408 698 870
1603 1078 881 892 808 671 0 253 592 391 1067 850 920 526 1137 1072 1566 1455 366 1101 434 627 243 98 634 777 910 669 1177 292 294 164 973 1604 1136 1594 852 838 952 850 862 1186 1571 635 1072 1401 1112 920 886 864 976 1062 1075 885 910 658 886 914 814 374 973 958 341 849 1582 315 293 1033 920 1054 1055 1455 870 197 1409 983 1199 1118 1050 697 987 532 867 874
1386 861 828 674 591 719 253 0 670 318 850 633 703 405 920 855 1349 1238 364 884 432 617 378 295 828 560 693 739 960 218 429 110 756 1387 919 1376 927 914 735 633 812 969 1354 418 855 1184 895 703 833 815 759 845 909 832 965 707 954 697 597 157 883 741 476 632 1365 98 428 816 703 888 975 1238 818 123 1192 766 982 966 833 783 770 619 650 822
1516 991 958 655 571 147 592 670 0 432 980 763 833 405 1050 985 1479 1368 394 864 329 213 381 552 985 398 674 113 1090 531 335 648 736 1517 899 1506 1057 1044 716 763 942 1099 1484 548 835 1314 1025 833 963 945 740 975 1039 962 707 163 683 827 577 546 770 871 283 762 1495 609 333 797 833 1018 852 1368 948 621 1322 747 1112 914 813 493 750 329 780 952
1291 766 734 580 496 511 391 318 432 0 755 539 609 167 826 760 1254 1143 300 789 236 466 401 417 850 465 599 508 865 131 386 248 661 1293 824 1282 833 819 641 538 718 874 1260 324 760 1090 801 609 738 720 665 750 814 738 758 498 734 602 502 308 788 646 334 538 1270 371 384 722 609 793 881 1143 723 222 1097 672 887 871 738 545 675 380 555 727
767 63 688 854 770 898 1067 850 980 755 0 493 563 728 192 57 730 618 861 1063 797 797 994 1109 1019 739 873 919 352 855 948 924 935 768 1098 757 787 774 915 492 672 361 735 598 1034 565 221 563 693 674 939 171 769 692 1144 886 1133 556 776 726 1062 601 895 492 746 789 945 996 563 747 1155 618 677 937 572 946 332 1145 1012 1106 949 941 510 681
1029 504 353 637 553 682 850 633 763 539 493 0 110 511 563 498 992 881 645 847 580 580 777 893 684 523 656 702 603 638 731 707 718 1030 881 1019 452 439 698 107 337 612 997 381 818 827 538 110 358 340 722 488 434 357 927 669 917 103 560 509 845 266 679 52 1008 572 729 779 110 413 938 881 343 720 834 729 624 929 796 889 733 725 175 347
1099 574 423 707 623 752 920 703 833 609 563 110 0 581 633 568 1062 951 715 917 650 650 847 963 754 592 726 772 673 708 801 777 788 1100 951 1089 522 509 768 177 407 682 1067 451 888 897 608 28 428 410 792 558 504 427 997 739 987 33 630 579 915 336 749 110 1078 642 799 849 28 483 1008 951 413 790 904 799 694 999 866 959 802 795 245 417
1264 739 706 552 469 483 526 405 405 167 728 511 581 0 798 733 1227 1116 273 762 209 439 406 552 985 438 571 481 838 266 359 383 634 1265 797 1254 805 792 613 511 690 847 1232 296 733 1062 773 581 711 693 637 723 787 710 731 471 707 575 475 281 761 619 307 510 1243 344 357 694 581 766 853 1116 696 356 1070 644 860 844 711 517 648 353 528 700
837 203 758 924 840 969 1137 920 1050 826 192 563 633 798 0 197 800 689 932 1134 867 867 1064 1180 1089 809 943 989 422 925 1018 994 1005 838 1168 827 857 844 985 562 742 432 805 668 1105 635 291 633 763 744 1009 241 839 762 1214 956 1203 627 847 796 1132 671 966 562 816 859 1016 1066 633 818 1225 689 748 1007 643 1016 402 1216 1083 1176 1019 1012 580 751
771 68 693 859 775 903 1072 855 985 760 57 498 568 733 197 0 735 623 866 1068 802 801 999 1114 1024 744 877 924 357 860 952 929 940 773 1103 762 792 778 920 497 677 366 740 602 1039 570 226 568 698 679 944 176 774 697 1149 891 1138 561 781 730 1067 606 900 497 751 794 950 1001 568 752 1160 623 682 942 577 951 337 1150 1017 1111 954 946 515 686
81 741 1187 1353 1269 1397 1566 1349 1479 1254 730 992 1062 1227 800 735 0 157 1360 1562 1296 1295 1493 1608 1518 1238 1371 1418 766 1354 1446 1422 1434 201 1597 71 1286 1272 1413 991 1171 775 168 1096 1533 211 560 1062 1192 1173 1437 611 1267 1191 1643 1385 1632 1055 1275 1224 1561 1099 1394 991 178 1288 1444 1495 1062 1246 1653 157 1176 1436 212 1444 464 1644 1511 1605 1448 1440 1008 1180
194 629 1075 1241 1158 1286 1455 1238 1368 1143 618 881 951 1116 689 623 157 0 1249 1451 1185 1184 1382 1497 1406 1127 1260 1306 655 1242 1335 1311 1323 196 1486 185 1174 1161 1302 880 1059 664 163 985 1422 100 449 951 1080 1062 1326 500 1156 1080 1532 1274 1521 944 1164 1113 1449 988 1283 879 173 1176 1333 1383 951 1135 1542 77 1065 1325 101 1333 353 1533 1400 1493 1337 1329 897 1069
1397 872 840 686 602 472 366 364 394 300 861 645 715 273 932 866 1360 1249 0 895 105 428 309 326 759 571 705 470 971 287 348 294 767 1399 930 1388 939 925 747 644 824 981 1366 430 866 1196 907 715 845 826 771 856 920 844 720 460 696 708 609 414 783 752 296 644 1376 426 346 828 715 899 865 1249 829 268 1203 778 993 928 844 507 781 342 661 833
1599 1074 1042 291 416 783 1101 884 864 789 1063 847 917 762 1134 1068 1562 1451 895 0 831 681 918 1080 1373 623 270 803 1173 889 871 958 343 1601 392 1590 1141 1127 365 846 1026 1182 1568 632 281 1398 1109 917 1047 1028 183 1058 1122 1046 386 770 263 910 319 759 194 954 819 846 1578 823 869 407 917 1101 179 1451 1031 971 1405 268 1195 245 141 461 159 620 863 1035
1333 808 775 621 538 408 434 432 329 236 797 580 650 209 867 802 1296 1185 105 831 0 364 330 394 827 507 640 406 907 335 284 362 703 1334 866 1323 874 861 682 579 759 916 1301 365 802 1131 842 650 780 762 706 792 856 779 656 396 632 644 544 350 718 688 231 579 1312 413 281 763 650 835 801 1185 765 336 1138 713 928 863 780 442 717 278 597 769
1332 808 775 471 387 131 627 617 213 466 797 580 650 439 867 801 1295 1184 428 681 364 0 416 586 1019 215 490 151 907 566 369 682 553 1334 716 1323 874 860 532 579 759 916 1301 365 652 1131 842 650 780 761 556 792 856 779 741 119 717 643 394 493 679 688 317 579 1311 556 367 613 650 834 772 1184 764 656 1138 563 928 763 630 528 567 363 597 768
1530 1005 882 818 735 460 243 378 381 401 994 777 847 406 1064 999 1493 1382 309 918 330 416 0 203 636 602 837 458 1104 302 84 308 900 1531 1063 1521 853 840 879 777 863 1113 1498 562 999 1328 1039 847 887 866 884 989 1053 886 708 448 684 841 741 499 771 885 130 776 1509 440 83 960 847 1032 853 1382 872 282 1336 798 1126 915 935 494 895 330 794 876
1645 1120 840 934 850 631 98 295 552 417 1109 893 963 552 1180 1114 1608 1497 326 1080 394 586 203 0 594 772 952 628 1219 318 254 206 1015 1647 1178 1636 811 798 995 892 822 1228 1614 677 1114 1444 1154 963 845 824 1018 1104 1035 845 870 618 846 956 856 416 933 944 301 891 1624 357 253 1076 963 1014 1015 1497 830 239 1451 961 1241 1078 1092 657 1029 492 909 834
1532 1007 400 1141 1057 1071 642 835 992 858 997 662 732 993 1067 1001 1495 1384 766 1350 835 1027 643 601 0 1026 1159 1069 1106 759 695 750 1222 1534 1385 1523 371 358 1201 661 382 1116 1501 884 1321 1331 1042 732 405 384 1225 991 595 404 1176 1059 1152 725 1063 956 1239 504 741 661 1511 897 694 1283 732 574 1321 1384 390 739 1338 1233 1128 1383 1299 962 1236 798 568 394
1275 750 717 414 330 317 777 560 398 465 739 523 592 438 809 744 1238 1127 571 623 507 215 602 772 1048 0 433 337 849 565 555 633 495 1277 658 1266 816 803 475 522 701 858 1243 307 594 1073 784 592 722 704 499 734 798 722 704 304 693 586 337 435 622 630 503 521 1254 499 553 556 592 777 715 1127 707 647 1081 506 871 705 572 713 509 549 539 711
1408 884 851 60 225 592 910 693 674 599 873 656 726 571 943 877 1371 1260 705 270 640 490 837 952 1182 433 0 612 983 698 791 767 242 1410 311 1399 950 936 222 655 835 992 1377 441 200 1207 918 726 856 837 246 867 932 855 451 580 409 719 128 569 340 764 738 655 1387 632 788 307 726 910 325 1260 840 780 1214 253 1004 311 178 536 256 695 673 844
1454 930 897 593 510 54 669 739 113 508 919 702 772 481 989 924 1418 1306 470 803 406 151 458 628 1061 337 612 0 1029 608 411 724 675 1456 838 1445 996 983 654 701 881 1038 1423 487 774 1253 964 772 902 883 678 914 978 901 783 70 759 766 516 615 801 810 359 701 1434 678 409 735 772 956 894 1306 886 698 1260 685 1050 885 752 570 689 405 719 890
803 363 798 964 880 1008 1177 960 1090 865 352 603 673 838 422 357 766 655 971 1173 907 907 1104 1219 1129 849 983 1029 0 965 1057 1034 1045 804 1208 793 897 884 1025 602 782 43 771 708 1144 601 397 673 803 784 1049 347 879 802 1254 996 1243 666 886 836 1172 711 1005 602 782 899 1055 1106 673 857 1265 655 787 1047 609 1056 399 1255 1122 1216 1059 1051 620 791
1391 866 833 679 595 610 292 218 531 131 855 638 708 266 925 860 1354 1242 287 889 335 566 302 318 751 565 698 608 965 0 353 148 761 1392 924 1381 932 919 740 637 817 974 1359 423 860 1189 900 708 838 819 764 850 914 837 858 598 834 702 602 339 887 746 399 637 1370 280 352 821 708 892 980 1242 823 122 1196 771 986 971 838 644 775 480 655 826
1483 959 926 772 688 414 294 429 335 386 948 731 801 359 1018 952 1446 1335 348 871 284 369 84 254 687 555 791 411 1057 353 0 360 853 1485 1016 1474 905 891 833 730 910 1067 1452 516 952 1282 993 801 931 912 837 942 1006 930 661 401 637 794 695 500 724 838 87 730 1462 491 40 914 801 985 807 1335 915 333 1289 752 1079 869 888 448 848 283 748 919
1459 935 902 748 664 726 164 110 648 248 924 707 777 383 994 929 1422 1311 294 958 362 682 308 206 742 633 767 724 1034 148 360 0 829 1461 992 1450 960 947 809 706 886 1043 1428 492 929 1258 969 777 907 888 833 919 983 906 974 714 950 770 671 230 956 815 406 706 1439 172 359 890 777 961 1049 1311 891 53 1265 840 1055 1040 907 760 843 596 724 895
1471 946 913 223 288 654 973 756 736 661 935 718 788 634 1005 940 1434 1323 767 343 703 553 900 1015 1244 495 242 675 1045 761 853 829 0 1472 185 1461 1012 999 44 718 897 1054 1439 503 198 1269 980 788 918 900 308 930 994 917 514 642 483 782 191 631 414 826 801 717 1450 695 851 87 788 973 399 1323 903 843 1277 315 1067 385 252 599 319 758 735 907
238 779 1225 1391 1307 1436 1604 1387 1517 1293 768 1030 1100 1265 838 773 201 196 1399 1601 1334 1334 1531 1647 1556 1277 1410 1456 804 1392 1485 1461 1472 0 1635 228 1324 1311 1452 1029 1209 813 76 1135 1572 250 599 1100 1230 1212 1476 650 1306 1229 1681 1423 1671 1094 1314 1263 1599 1138 1433 1029 51 1326 1483 1533 1100 1285 1692 196 1215 1474 251 1483 503 1683 1550 1643 1487 1479 1047 1219
1634 1109 1076 333 451 817 1136 919 899 824 1098 881 951 797 1168 1103 1597 1486 930 392 866 716 1063 1178 1407 658 311 838 1208 924 1016 992 185 1635 0 1624 1175 1162 207 881 1060 1217 1602 666 141 1432 1143 951 1081 1063 471 1093 1157 1080 654 805 532 945 354 794 463 989 964 880 1613 857 1014 249 951 1136 374 1486 1066 1006 1439 478 1230 300 301 729 482 888 898 1070
61 768 1214 1380 1296 1425 1594 1376 1506 1282 757 1019 1089 1254 827 762 71 185 1388 1590 1323 1323 1521 1636 1545 1266 1399 1445 793 1381 1474 1450 1461 228 1624 0 1313 1300 1441 1019 1198 803 195 1124 1561 239 588 1089 1219 1201 1465 639 1295 1218 1670 1412 1660 1083 1303 1252 1588 1127 1422 1018 206 1315 1472 1522 1089 1274 1681 185 1204 1463 240 1472 492 1672 1539 1632 1476 1468 1036 1208
1229 705 97 838 754 882 896 834 964 739 694 359 429 712 764 698 1192 1081 845 1047 781 780 898 856 408 723 856 903 804 839 931 908 919 1231 1082 1220 0 163 899 358 79 813 1198 581 1018 1028 739 429 102 81 923 688 292 101 1128 870 1117 422 760 709 1046 201 879 358 1208 773 929 980 429 271 1139 1081 87 921 1035 930 825 1129 996 1090 933 925 265 91
1221 697 89 830 746 874 888 826 956 731 686 351 421 704 756 691 1184 1073 837 1039 773 773 890 848 400 715 849 895 796 831 923 900 911 1223 1074 1212 168 0 891 350 71 805 1190 574 1010 1020 731 421 94 73 915 681 284 93 1120 862 1109 414 752 702 1038 193 871 350 1201 765 921 972 421 263 1131 1073 79 913 1027 922 817 1121 988 1082 925 917 257 83
1450 926 893 203 268 634 952 735 716 641 915 698 768 613 985 920 1413 1302 747 365 682 532 879 995 1224 475 222 654 1025 740 833 809 44 1452 207 1441 992 979 0 697 877 1034 1419 483 220 1249 960 768 898 879 288 910 974 897 493 622 482 761 170 611 411 806 781 697 1430 674 831 109 768 952 421 1302 882 822 1256 295 1046 407 274 578 298 737 715 886
1028 503 352 636 552 681 850 633 763 538 492 107 177 511 562 497 991 880 644 846 579 579 777 892 683 522 655 701 602 637 730 706 718 1029 881 1019 451 438 697 0 336 611 996 380 817 826 537 177 357 339 721 487 433 356 926 669 916 171 559 508 844 265 678 106 1007 571 728 778 177 412 937 880 342 720 834 728 624 928 795 888 732 724 174 346
1208 683 58 816 732 861 892 812 942 718 672 337 407 690 742 677 1171 1059 824 1026 759 759 893 852 404 701 835 881 782 817 910 886 897 1209 1060 1198 172 159 877 336 0 791 1176 560 997 1006 717 407 63 42 901 667 253 62 1106 848 1095 401 739 688 1024 162 858 336 1187 751 907 958 407 232 1117 1059 48 899 1013 908 803 1108 975 1068 911 904 226 52
812 372 807 973 889 1018 1186 969 1099 874 361 612 682 847 432 366 775 664 981 1182 916 916 1113 1228 1138 858 992 1038 43 974 1067 1043 1054 813 1217 803 906 893 1034 611 791 0 780 717 1153 610 406 682 812 793 1058 356 888 811 1263 1005 1252 675 896 845 1181 720 1014 611 791 908 1064 1115 682 866 1274 664 796 1056 618 1065 408 1264 1131 1225 1068 1061 629 800
205 746 1192 1358 1274 1403 1571 1354 1484 1260 735 997 1067 1232 805 740 168 163 1366 1568 1301 1301 1498 1614 1523 1243 1377 1423 771 1359 1452 1428 1439 76 1602 195 1291 1278 1419 996 1176 780 0 1102 1539 217 566 1067 1197 1179 1443 616 1273 1196 1648 1390 1638 1061 1281 1230 1566 1105 1400 996 54 1293 1450 1500 1067 1252 1659 163 1182 1441 218 1450 470 1650 1517 1610 1453 1446 1014 1186
1133 609 576 422 338 467 635 418 548 324 598 381 451 296 668 602 1096 985 430 632 365 365 562 677 907 307 441 487 708 423 516 492 503 1135 666 1124 675 661 483 380 560 717 1102 0 603 932 643 451 581 562 507 593 657 580 712 454 701 444 345 294 630 489 463 380 1113 357 513 564 451 635 723 985 565 505 939 514 729 713 581 674 517 510 398 569
1570 1045 1012 222 387 754 1072 855 835 760 1034 818 888 733 1105 1039 1533 1422 866 281 802 652 999 1114 1344 594 200 774 1144 860 952 929 198 1572 141 1561 1112 1098 220 817 997 1153 1539 603 0 1369 1079 888 1017 999 406 1029 1093 1017 543 741 421 881 290 730 352 925 900 817 1549 794 950 262 888 1072 292 1422 1002 942 1376 415 1166 217 190 618 382 777 834 1006
248 576 1022 1188 1104 1233 1401 1184 1314 1090 565 827 897 1062 635 570 211 100 1196 1398 1131 1131 1328 1444 1353 1073 1207 1253 601 1189 1282 1258 1269 250 1432 239 1121 1108 1249 826 1006 610 217 932 1369 0 395 897 1027 1008 1273 446 1103 1026 1478 1220 1467 891 1111 1060 1396 935 1230 826 228 1123 1280 1330 897 1082 1489 100 1012 1271 88 1280 299 1480 1347 1440 1283 1276 844 1015
597 232 733 899 815 944 1112 895 1025 801 221 538 608 773 291 226 560 449 907 1109 842 842 1039 1154 1064 784 918 964 397 900 993 969 980 599 1143 588 832 819 960 537 717 406 566 643 1079 395 0 608 738 719 984 102 814 737 1189 931 1178 602 822 771 1107 646 940 537 576 834 990 1041 608 792 1200 449 722 982 403 991 162 1190 1058 1151 994 987 555 726
1099 574 423 707 623 752 920 703 833 609 563 110 28 581 633 568 1062 951 715 917 650 650 847 963 754 592 726 772 673 708 801 777 788 1100 951 1089 522 509 768 177 407 682 1067 451 888 897 608 0 428 410 792 558 504 427 997 739 987 32 630 579 915 336 749 110 1078 642 799 849 28 483 1008 951 413 790 904 799 694 999 866 959 802 795 245 417
1229 704 76 837 753 882 916 833 963 738 693 358 428 711 763 698 1192 1080 845 1047 780 780 917 875 428 722 856 902 803 838 931 907 918 1230 1081 1219 196 182 898 357 63 812 1197 581 1017 1027 738 428 0 65 922 688 271 80 1127 869 1116 422 760 709 1045 180 878 357 1208 772 928 979 428 249 1138 1080 65 920 1034 929 824 1128 995 1089 932 925 244 69
1210 685 60 818 735 863 894 815 945 720 674 340 410 693 744 679 1173 1062 826 1028 762 761 896 854 406 704 837 883 784 819 912 888 900 1212 1063 1201 174 161 879 339 42 793 1179 562 999 1008 719 410 65 0 903 669 255 64 1109 851 1098 403 741 690 1026 164 860 338 1189 753 910 960 410 233 1119 1062 50 902 1016 910 806 1110 977 1070 914 906 228 53
1474 950 917 227 291 658 976 759 740 665 939 722 792 637 1009 944 1437 1326 771 183 706 556 884 1018 1248 499 246 678 1049 764 837 833 308 1476 471 1465 1016 1003 288 721 901 1058 1443 507 406 1273 984 792 922 903 0 934 998 921 342 646 331 785 194 635 259 830 785 721 1454 698 835 373 792 976 304 1326 906 846 1280 143 1070 369 265 427 77 586 739 910
648 182 683 849 765 893 1062 845 975 750 171 488 558 723 241 176 611 500 856 1058 792 792 989 1104 1014 734 867 914 347 850 942 919 930 650 1093 639 782 769 910 487 667 356 616 593 1029 446 102 558 688 669 934 0 764 687 1139 881 1128 551 771 720 1057 596 890 487 627 784 940 991 558 742 1150 500 672 932 454 941 213 1140 1007 1101 944 936 505 676
1304 780 266 913 829 957 1105 909 1039 814 769 434 504 787 839 774 1267 1156 920 1122 856 856 1053 1065 617 798 932 978 879 914 1006 983 994 1306 1157 1295 385 372 974 433 253 888 1273 657 1093 1103 814 504 271 255 998 764 0 270 1203 945 1192 497 835 784 1121 256 954 433 1284 848 1004 1055 504 115 1214 1156 255 996 1110 1005 900 1204 1071 1165 1008 1000 319 259
1228 703 75 836 752 881 915 832 962 738 692 357 427 710 762 697 1191 1080 844 1046 779 779 916 874 427 722 855 901 802 837 930 906 917 1229 1080 1218 195 181 897 356 62 811 1196 580 1017 1026 737 427 80 64 921 687 270 0 1126 868 1116 421 759 708 1044 179 878 356 1207 771 928 978 427 249 1137 1080 65 919 1033 928 823 1128 995 1088 932 924 243 69
1680 1155 1122 432 497 785 910 965 707 758 1144 927 997 731 1214 1149 1643 1532 720 386 656 741 708 870 1168 704 451 783 1254 858 661 974 514 1681 654 1670 1221 1208 493 926 1106 1263 1648 712 543 1478 1189 997 1127 1109 342 1139 1203 1126 0 773 155 991 399 840 228 1035 609 926 1659 903 659 578 997 1182 321 1532 1112 948 1485 256 1275 386 403 250 352 410 944 1116
1422 897 864 561 477 70 658 707 163 498 886 669 739 471 956 891 1385 1274 460 770 396 119 448 618 1051 304 580 70 996 598 401 714 642 1423 805 1412 963 950 622 669 848 1005 1390 454 741 1220 931 739 869 851 646 881 945 868 773 0 749 733 483 582 769 777 349 668 1401 645 399 703 739 924 862 1274 854 688 1228 653 1018 852 719 560 656 395 686 858
1669 1144 1111 421 486 762 886 954 683 734 1133 917 987 707 1203 1138 1632 1521 696 263 632 717 684 846 1144 693 409 759 1243 834 637 950 483 1671 532 1660 1210 1197 482 916 1095 1252 1638 701 421 1467 1178 987 1116 1098 331 1128 1192 1116 155 749 0 980 389 829 214 1024 585 915 1648 893 635 547 987 1171 198 1521 1101 924 1475 245 1265 262 280 227 341 386 933 1105
1092 567 417 701 617 745 914 697 827 602 556 103 33 575 627 561 1055 944 708 910 644 643 841 956 748 586 719 766 666 702 794 770 782 1094 945 1083 516 502 761 171 401 675 1061 444 881 891 602 32 422 403 785 551 497 421 991 733 980 0 623 572 909 329 742 103 1071 636 792 843 33 476 1001 944 406 784 898 792 688 992 859 953 796 788 238 410
1312 787 755 109 129 496 814 597 577 502 776 560 630 475 847 781 1275 1164 609 319 544 394 741 856 1086 337 128 516 886 602 695 671 191 1314 354 1303 854 840 170 559 739 896 1281 345 290 1111 822 630 760 741 194 771 835 759 399 483 389 623 0 473 317 667 642 559 1291 536 692 255 630 814 410 1164 744 684 1118 201 908 401 268 485 205 644 576 748
1261 737 704 550 466 595 374 157 546 308 726 509 579 281 796 730 1224 1113 414 759 350 493 499 416 948 435 569 615 836 339 500 230 631 1263 794 1252 803 789 611 508 688 845 1230 294 730 1060 771 579 709 690 635 720 784 708 840 582 829 572 473 0 758 616 448 508 1240 95 498 692 579 763 851 1113 693 244 1067 642 857 841 708 658 645 494 526 697
1598 1073 1040 350 415 781 973 883 770 788 1062 845 915 761 1132 1067 1561 1449 783 194 718 679 771 933 1231 622 340 801 1172 887 724 956 414 1599 463 1588 1139 1126 411 844 1024 1181 1566 630 352 1396 1107 915 1045 1026 259 1057 1121 1044 228 769 214 909 317 758 0 953 672 844 1577 821 722 478 915 1099 130 1449 1030 969 1403 174 1193 195 212 313 270 472 862 1033
1136 612 175 745 661 789 958 741 871 646 601 266 336 619 671 606 1099 988 752 954 688 688 885 974 527 630 764 810 711 746 838 815 826 1138 989 1127 295 281 806 265 162 720 1105 489 925 935 646 336 180 164 830 596 256 179 1035 777 1024 329 667 616 953 0 786 265 1116 680 836 887 336 234 1046 988 164 828 942 837 732 1036 903 997 840 832 151 168
1431 906 873 720 636 361 341 476 283 334 895 679 749 307 966 900 1394 1283 296 819 231 317 130 301 734 503 738 359 1005 399 87 406 801 1433 964 1422 951 938 781 678 858 1014 1400 463 900 1230 940 749 878 860 785 890 954 878 609 349 585 742 642 448 672 786 0 677 1410 511 87 862 749 933 754 1283 863 380 1237 700 1027 817 836 396 796 231 695 867
1028 503 352 636 552 681 849 632 762 538 492 52 110 510 562 497 991 879 644 846 579 579 776 891 683 521 655 701 602 637 730 706 717 1029 880 1018 451 438 697 106 336 611 996 380 817 826 537 110 357 338 721 487 433 356 926 668 915 103 559 508 844 265 677 0 1007 571 727 778 110 411 937 879 342 719 833 728 623 927 795 888 731 724 174 345
215 757 1203 1369 1285 1413 1582 1365 1495 1270 746 1008 1078 1243 816 751 178 173 1376 1578 1312 1311 1509 1624 1534 1254 1387 1434 782 1370 1462 1439 1450 51 1613 206 1302 1289 1430 1007 1187 791 54 1113 1549 228 576 1078 1208 1189 1454 627 1284 1207 1659 1401 1648 1071 1291 1240 1577 1116 1410 1007 0 1304 1460 1511 1078 1262 1670 173 1192 1452 228 1461 480 1660 1527 1621 1464 1456 1025 1196
1325 800 767 613 529 658 315 98 609 371 789 572 642 344 859 794 1288 1176 426 823 413 556 440 357 890 499 632 678 899 280 491 172 695 1326 857 1315 866 853 674 571 751 908 1293 357 794 1123 834 642 772 753 698 784 848 771 903 645 893 636 536 95 821 680 511 571 1304 0 491 755 642 826 914 1176 757 185 1130 705 920 905 772 722 709 557 589 760
1481 956 923 770 686 411 293 428 333 384 945 729 799 357 1016 950 1444 1333 346 869 281 367 83 253 686 553 788 409 1055 352 40 359 851 1483 1014 1472 904 890 831 728 907 1064 1450 513 950 1280 990 799 928 910 835 940 1004 928 659 399 635 792 692 498 722 836 87 727 1460 491 0 912 799 983 804 1333 913 332 1287 750 1077 867 886 445 846 281 745 917
1532 1007 974 288 249 715 1033 816 797 722 996 779 849 694 1066 1001 1495 1383 828 407 763 613 960 1076 1305 556 307 735 1106 821 914 890 87 1533 249 1522 1073 1060 109 778 958 1115 1500 564 262 1330 1041 849 979 960 373 991 1055 978 578 703 547 843 255 692 478 887 862 778 1511 755 912 0 849 1033 463 1383 963 903 1337 380 1127 449 316 664 384 823 796 967
1099 574 423 707 623 752 920 703 833 609 563 110 28 581 633 568 1062 951 715 917 650 650 847 963 754 592 726 772 673 708 801 777 788 1100 951 1089 522 509 768 177 407 682 1067 451 888 897 608 28 428 410 792 558 504 427 997 739 987 33 630 579 915 336 749 110 1078 642 799 849 0 483 1008 951 413 790 904 799 694 999 866 959 802 795 245 417
1283 758 244 891 808 936 1084 888 1018 793 747 413 483 766 818 752 1246 1135 899 1101 835 834 1032 1044 596 777 910 956 857 892 985 961 973 1285 1136 1274 364 351 952 412 232 866 1252 635 1072 1082 792 483 249 233 976 742 115 249 1182 924 1171 476 814 763 1099 234 933 411 1262 826 983 1033 483 0 1192 1135 234 975 1089 983 879 1183 1050 1144 987 979 298 238
1690 1166 1133 347 508 874 1055 975 852 881 1155 938 1008 853 1225 1160 1653 1542 865 179 801 772 853 1015 1314 715 325 894 1265 980 807 1049 399 1692 374 1681 1232 1219 421 937 1117 1274 1659 723 292 1489 1200 1008 1138 1119 304 1150 1214 1137 321 862 198 1001 410 851 130 1046 754 937 1670 914 804 463 1008 1192 0 1542 1122 1062 1496 267 1286 102 196 396 280 555 955 1126
194 629 1075 1241 1158 1286 1455 1238 1368 1143 618 881 951 1116 689 623 157 77 1249 1451 1185 1184 1382 1497 1406 1127 1260 1306 655 1242 1335 1311 1323 196 1486 185 1174 1161 1302 880 1059 664 163 985 1422 100 449 951 1080 1062 1326 500 1156 1080 1532 1274 1521 944 1164 1113 1449 988 1283 879 173 1176 1333 1383 951 1135 1542 0 1065 1325 101 1333 353 1533 1400 1493 1337 1329 897 1069
1213 688 60 821 738 866 900 818 948 723 677 343 413 696 748 682 1176 1065 829 1031 765 764 902 860 412 707 840 886 787 823 915 891 903 1215 1066 1204 180 167 882 342 48 796 1182 565 1002 1012 722 413 65 50 906 672 255 65 1112 854 1101 406 744 693 1030 164 863 342 1192 757 913 963 413 234 1122 1065 0 905 1019 913 809 1113 980 1074 917 909 228 54
1473 948 915 761 678 700 197 123 621 222 937 720 790 356 1007 942 1436 1325 268 971 336 656 282 239 731 647 780 698 1047 122 333 53 843 1474 1006 1463 949 936 822 720 899 1056 1441 505 942 1271 982 790 920 902 846 932 996 919 948 688 924 784 684 244 969 828 380 719 1452 185 332 903 790 975 1062 1325 905 0 1278 853 1069 1053 920 734 857 570 737 909
249 583 1029 1195 1111 1240 1409 1192 1322 1097 572 834 904 1070 643 577 212 101 1203 1405 1138 1138 1336 1451 1360 1081 1214 1260 609 1196 1289 1265 1277 251 1439 240 1128 1115 1256 834 1013 618 218 939 1376 88 403 904 1034 1016 1280 454 1110 1033 1485 1228 1475 898 1118 1067 1403 942 1237 833 228 1130 1287 1337 904 1089 1496 101 1019 1278 0 1287 307 1487 1354 1447 1291 1283 851 1023
1481 957 924 234 299 665 983 766 747 672 946 729 799 644 1016 951 1444 1333 778 268 713 563 798 961 1255 506 253 685 1056 771 752 840 315 1483 478 1472 1023 1010 295 728 908 1065 1450 514 415 1280 991 799 929 910 143 941 1005 928 256 653 245 792 201 642 174 837 700 728 1461 705 750 380 799 983 267 1333 913 853 1287 0 1077 332 349 341 154 500 746 917
501 343 819 985 901 1030 1199 982 1112 887 332 624 694 860 402 337 464 353 993 1195 928 928 1126 1241 1150 871 1004 1050 399 986 1079 1055 1067 503 1230 492 918 905 1046 624 803 408 470 729 1166 299 162 694 824 806 1070 213 900 823 1275 1018 1265 688 908 857 1193 732 1027 623 480 920 1077 1127 694 879 1286 353 809 1069 307 1077 0 1277 1144 1237 1081 1073 641 813
1681 1156 1123 333 498 865 1118 966 914 871 1145 929 999 844 1216 1150 1644 1533 928 245 863 763 915 1078 1376 705 311 885 1255 971 869 1040 385 1683 300 1672 1223 1209 407 928 1108 1264 1650 713 217 1480 1190 999 1128 1110 369 1140 1204 1128 386 852 262 992 401 841 195 1036 817 927 1660 905 867 449 999 1183 102 1533 1113 1053 1487 332 1277 0 262 458 345 617 945 1117
1548 1023 990 200 365 732 1050 833 813 738 1012 796 866 711 1083 1017 1511 1400 844 141 780 630 935 1092 1322 572 178 752 1122 838 888 907 252 1550 301 1539 1090 1076 274 795 975 1131 1517 581 190 1347 1058 866 995 977 265 1007 1071 995 403 719 280 859 268 708 212 903 836 795 1527 772 886 316 866 1050 196 1400 980 920 1354 349 1144 262 0 478 241 637 812 984
1642 1117 1084 517 582 572 697 783 493 545 1106 889 959 517 1176 1111 1605 1493 507 461 442 528 494 657 955 713 536 570 1216 644 448 760 599 1643 729 1632 1172 1159 578 888 1068 1225 1610 674 618 1440 1151 959 1089 1070 427 1101 1165 1088 250 560 227 953 485 658 313 997 396 888 1621 722 445 664 959 1144 396 1493 1074 734 1447 341 1237 458 478 0 437 196 906 1077
1485 960 927 237 302 669 987 770 750 675 949 733 802 648 1019 954 1448 1337 781 159 717 567 895 1029 1258 509 256 689 1059 775 848 843 319 1487 482 1476 1026 1013 298 732 911 1068 1453 517 382 1283 994 802 932 914 77 944 1008 932 352 656 341 796 205 645 270 840 796 731 1464 709 846 384 802 987 280 1337 917 857 1291 154 1081 345 241 437 0 596 749 921
1477 952 920 676 682 408 532 619 329 380 941 725 795 353 1012 946 1440 1329 342 620 278 363 330 492 790 549 695 405 1051 480 283 596 758 1479 888 1468 1008 995 737 724 904 1061 1446 510 777 1276 987 795 925 906 586 936 1000 924 410 395 386 788 644 494 472 832 231 724 1456 557 281 823 795 979 555 1329 909 570 1283 500 1073 617 637 196 596 0 741 913
1045 521 239 654 570 698 867 650 780 555 510 175 245 528 580 515 1008 897 661 863 597 597 794 909 590 539 673 719 620 655 748 724 735 1047 898 1036 358 345 715 174 226 629 1014 398 834 844 555 245 244 228 739 505 319 243 944 686 933 238 576 526 862 151 695 174 1025 589 745 796 245 298 955 897 228 737 851 746 641 945 812 906 749 741 0 232
1217 692 64 825 742 870 904 822 952 727 681 347 417 700 751 686 1180 1069 833 1035 769 768 906 864 416 711 844 890 791 826 919 895 907 1219 1070 1208 184 171 886 346 52 800 1186 569 1006 1015 726 417 69 53 910 676 259 69 1116 858 1105 410 748 697 1033 168 867 345 1196 760 917 967 417 238 1126 1069 54 909 1023 917 813 1117 984 1077 921 913 232 0
EOF