NAME : tsp_problem
TYPE : TSP
DIMENSION : 22
EDGE_WEIGHT_TYPE : EXPLICIT
EDGE_WEIGHT_FORMAT : FULL_MATRIX
EDGE_WEIGHT_SECTION
0 705 375 363 1146 667 931 1512 225 1191 1685 1019 697 996 1251 996 802 299 1682 1102 634 933
705 0 538 580 652 329 437 1018 587 697 1191 413 359 502 757 502 319 609 1188 608 446 438
375 538 0 181 909 611 694 1275 187 954 1448 868 699 759 1014 759 822 190 1445 865 834 696
363 580 181 0 952 654 737 1317 175 997 1491 910 741 801 1057 801 864 197 1487 908 821 738
1146 652 909 952 0 875 489 477 958 101 650 982 963 553 809 553 936 980 647 101 1062 490
667 329 611 654 875 0 660 1241 660 920 1414 650 119 725 980 725 426 682 1411 831 407 661
931 437 694 737 489 660 0 854 743 533 1027 767 748 103 476 103 721 765 1024 445 847 52
1512 1018 1275 1317 477 1241 854 0 1324 422 220 1348 1328 919 1174 919 1301 1346 217 521 1427 856
225 587 187 175 958 660 743 1324 0 1003 1497 917 747 808 1063 808 852 110 1494 914 683 744
1191 697 954 997 101 920 533 422 1003 0 595 1027 1007 598 854 598 980 1025 592 145 1107 535
1685 1191 1448 1491 650 1414 1027 220 1497 595 0 1521 1501 1092 1348 1092 1474 1519 233 694 1601 1029
1019 413 868 910 982 650 767 1348 917 1027 1521 0 681 832 1087 832 277 939 1518 938 418 768
697 359 699 741 963 119 748 1328 747 1007 1501 681 0 812 1068 812 456 770 1498 919 438 749
996 502 759 801 553 725 103 919 808 598 1092 832 812 0 541 36 785 830 1089 509 912 103
1251 757 1014 1057 809 980 476 1174 1063 854 1348 1087 1068 541 0 540 1041 1085 1344 765 1087 477
996 502 759 801 553 725 103 919 808 598 1092 832 812 36 540 0 785 830 1089 509 911 103
802 319 822 864 936 426 721 1301 852 980 1474 277 456 785 1041 785 0 892 1471 892 327 722
299 609 190 197 980 682 765 1346 110 1025 1519 939 770 830 1085 830 892 0 1516 936 757 766
1682 1188 1445 1487 647 1411 1024 217 1494 592 233 1518 1498 1089 1344 1089 1471 1516 0 691 1597 1026
1102 608 865 908 101 831 445 521 914 145 694 938 919 509 765 509 892 936 691 0 1018 446
634 446 834 821 1062 407 847 1427 683 1107 1601 418 438 912 1057 911 327 757 1597 1018 0 848
933 438 696 738 490 661 52 856 744 535 1029 768 749 103 477 103 722 766 1026 446 848 0
EOF