NAME : tsp_problem
TYPE : TSP
DIMENSION : 48
EDGE_WEIGHT_TYPE : EXPLICIT
EDGE_WEIGHT_FORMAT : FULL_MATRIX
EDGE_WEIGHT_SECTION
0 507 1528 1175 1702 1475 772 681 522 1475 1681 1031 1309 177 1032 1208 1226 1031 597 696 1676 1123 1199 676 154 551 1418 1434 1395 1030 1196 1094 1175 680 1445 601 704 1310 1528 597 1175 839 1792 54 1640 68 1094 1032
507 0 1126 773 1299 1072 339 279 89 1072 1279 629 906 358 630 806 823 629 164 263 1273 720 796 244 506 118 1016 1032 993 628 793 692 773 247 1042 168 271 908 1126 164 773 406 1389 499 1238 514 692 630
1528 1126 0 378 724 748 994 977 1108 85 541 774 582 1380 775 951 969 774 1032 944 711 458 379 1219 1527 1094 157 141 669 773 619 837 385 1223 130 1043 946 459 748 1032 468 1061 808 1521 676 1535 837 775
1175 773 378 0 622 395 641 624 755 325 649 421 229 1026 422 598 616 421 679 591 596 104 269 866 1174 741 268 284 316 420 266 484 31 870 295 689 593 380 448 679 245 708 712 1168 561 1182 484 422
1702 1299 724 622 0 415 1167 1150 1282 671 219 948 443 1553 948 1125 1142 948 1206 1117 179 631 702 1393 1701 1267 774 790 604 946 793 1011 622 1396 801 1216 1119 782 216 1205 772 1234 186 1694 144 1708 1011 948
1475 1072 748 395 415 0 940 923 1054 695 441 720 216 1326 721 898 915 721 979 890 389 404 568 1166 1474 1040 638 654 377 719 565 784 395 1169 665 989 892 680 241 978 545 1007 504 1467 353 1481 784 721
772 339 994 641 1167 940 0 232 322 940 1147 497 774 623 498 674 691 497 221 133 1141 588 664 410 771 285 884 900 861 496 661 560 641 414 910 231 135 776 994 221 641 196 1257 765 1106 779 560 498
681 279 977 624 1150 923 232 0 261 923 1130 480 757 533 481 657 674 480 270 182 1124 571 647 372 680 247 867 883 844 479 644 543 624 376 893 281 184 759 977 270 624 299 1240 674 1089 688 543 481
522 89 1108 755 1282 1054 322 261 0 1055 1261 611 888 373 612 788 805 611 146 245 1256 703 778 226 521 101 998 1014 975 610 776 674 755 229 1025 151 253 890 1108 147 755 388 1371 514 1220 528 674 612
1475 1072 85 325 671 695 940 923 1055 0 488 721 529 1326 721 898 915 721 979 890 658 404 325 1166 1474 1040 195 190 615 719 566 784 331 1169 179 989 892 406 694 978 414 1007 754 1467 622 1481 784 721
1681 1279 541 649 219 441 1147 1130 1261 488 0 927 470 1532 928 1104 1122 927 1185 1097 206 658 519 1372 1680 1247 591 607 631 926 772 990 649 1376 618 1195 1099 599 243 1185 608 1214 303 1674 170 1688 990 928
1031 629 774 421 948 720 497 480 611 721 927 0 554 882 110 336 353 109 535 447 922 369 445 722 1030 597 664 680 641 108 442 103 421 725 691 545 449 556 774 534 421 564 1037 1023 886 1038 103 110
1309 906 582 229 443 216 774 757 888 529 470 554 0 1160 555 732 749 555 813 724 417 238 402 1000 1308 874 472 488 211 553 399 618 229 1003 499 823 726 514 269 812 379 841 533 1301 381 1315 618 555
177 358 1380 1026 1553 1326 623 533 373 1326 1532 882 1160 0 883 1059 1077 883 448 547 1527 974 1050 527 176 402 1269 1285 1246 881 1047 945 1026 531 1296 452 555 1161 1379 448 1026 690 1643 169 1491 183 945 883
1032 630 775 422 948 721 498 481 612 721 928 110 555 883 0 337 354 56 536 448 922 369 445 723 1031 598 665 681 642 56 442 173 422 726 692 546 449 557 775 535 422 565 1038 1024 887 1039 173 56
1208 806 951 598 1125 898 674 657 788 898 1104 336 732 1059 337 0 61 336 712 624 1099 546 622 899 1207 774 841 857 818 335 619 399 598 903 868 722 626 733 951 712 598 741 1215 1201 1063 1215 399 337
1226 823 969 616 1142 915 691 674 805 915 1122 353 749 1077 354 61 0 354 729 641 1116 563 639 916 1225 791 858 874 835 352 636 416 616 920 885 740 643 751 968 729 615 758 1232 1218 1081 1232 416 354
1031 629 774 421 948 721 497 480 611 721 927 109 555 883 56 336 354 0 535 447 922 369 445 722 1030 597 664 680 641 56 442 172 421 726 691 546 449 556 774 535 421 564 1038 1024 886 1038 172 56
597 164 1032 679 1206 979 221 270 146 979 1185 535 813 448 536 712 729 535 0 145 1180 627 703 235 596 110 922 938 899 534 700 598 679 239 949 63 153 814 1032 59 679 288 1295 589 1144 604 598 536
696 263 944 591 1117 890 133 182 245 890 1097 447 724 547 448 624 641 447 145 0 1091 538 614 334 695 209 834 850 811 446 611 510 591 338 861 155 65 726 944 145 591 200 1207 688 1056 703 510 448
1676 1273 711 596 179 389 1141 1124 1256 658 206 922 417 1527 922 1099 1116 922 1180 1091 0 605 689 1367 1675 1241 761 777 578 920 767 985 596 1370 788 1190 1093 769 190 1179 746 1208 341 1668 79 1682 985 922
1123 720 458 104 631 404 588 571 703 404 658 369 238 974 369 546 563 369 627 538 605 0 216 814 1122 688 347 363 324 367 214 432 104 817 374 637 540 328 457 626 193 655 721 1115 569 1129 432 369
1199 796 379 269 702 568 664 647 778 325 519 445 402 1050 445 622 639 445 703 614 689 216 0 890 1198 764 429 445 489 443 289 508 269 893 456 713 616 148 622 702 125 731 786 1191 653 1205 508 445
676 244 1219 866 1393 1166 410 372 226 1166 1372 722 1000 527 723 899 916 722 235 334 1367 814 890 0 675 135 1109 1125 1086 721 887 785 866 37 1136 239 342 1001 1219 235 866 477 1482 669 1331 683 785 723
154 506 1527 1174 1701 1474 771 680 521 1474 1680 1030 1308 176 1031 1207 1225 1030 596 695 1675 1122 1198 675 0 550 1417 1433 1394 1029 1195 1093 1174 679 1444 600 703 1309 1527 596 1174 838 1791 146 1639 160 1093 1031
551 118 1094 741 1267 1040 285 247 101 1040 1247 597 874 402 598 774 791 597 110 209 1241 688 764 135 550 0 984 1000 961 596 761 660 741 139 1010 114 217 876 1094 110 741 352 1357 544 1206 558 660 598
1418 1016 157 268 774 638 884 867 998 195 591 664 472 1269 665 841 858 664 922 834 761 347 429 1109 1417 984 0 79 558 663 509 727 274 1112 68 932 836 509 691 921 488 951 858 1410 726 1425 727 665
1434 1032 141 284 790 654 900 883 1014 190 607 680 488 1285 681 857 874 680 938 850 777 363 445 1125 1433 1000 79 0 574 679 525 743 290 1128 52 948 851 525 707 937 504 967 874 1426 742 1441 743 681
1395 993 669 316 604 377 861 844 975 615 631 641 211 1246 642 818 835 641 899 811 578 324 489 1086 1394 961 558 574 0 640 486 704 316 1089 585 909 813 600 430 898 465 928 694 1387 543 1402 704 642
1030 628 773 420 946 719 496 479 610 719 926 108 553 881 56 335 352 56 534 446 920 367 443 721 1029 596 663 679 640 0 440 171 420 724 689 544 447 555 773 533 420 563 1036 1022 885 1037 171 56
1196 793 619 266 793 565 661 644 776 566 772 442 399 1047 442 619 636 442 700 611 767 214 289 887 1195 761 509 525 486 440 0 505 266 890 536 710 613 401 619 699 266 728 882 1188 731 1202 505 442
1094 692 837 484 1011 784 560 543 674 784 990 103 618 945 173 399 416 172 598 510 985 432 508 785 1093 660 727 743 704 171 505 0 484 789 754 608 512 619 837 598 484 627 1100 1087 949 1101 36 173
1175 773 385 31 622 395 641 624 755 331 649 421 229 1026 422 598 616 421 679 591 596 104 269 866 1174 741 274 290 316 420 266 484 0 870 301 689 593 380 448 679 245 708 712 1168 561 1182 484 422
680 247 1223 870 1396 1169 414 376 229 1169 1376 725 1003 531 726 903 920 726 239 338 1370 817 893 37 679 139 1112 1128 1089 724 890 789 870 0 1139 243 346 1005 1222 239 869 481 1486 672 1335 686 789 726
1445 1042 130 295 801 665 910 893 1025 179 618 691 499 1296 692 868 885 691 949 861 788 374 456 1136 1444 1010 68 52 585 689 536 754 301 1139 0 959 862 536 718 948 515 977 885 1437 752 1451 754 691
601 168 1043 689 1216 989 231 281 151 989 1195 545 823 452 546 722 740 546 63 155 1190 637 713 239 600 114 932 948 909 544 710 608 689 243 959 0 163 824 1042 63 689 298 1306 594 1154 608 608 546
704 271 946 593 1119 892 135 184 253 892 1099 449 726 555 449 626 643 449 153 65 1093 540 616 342 703 217 836 851 813 447 613 512 593 346 862 163 0 728 945 153 593 202 1209 696 1058 711 512 449
1310 908 459 380 782 680 776 759 890 406 599 556 514 1161 557 733 751 556 814 726 769 328 148 1001 1309 876 509 525 600 555 401 619 380 1005 536 824 728 0 733 814 237 843 866 1303 734 1317 619 557
1528 1126 748 448 216 241 994 977 1108 694 243 774 269 1379 775 951 968 774 1032 944 190 457 622 1219 1527 1094 691 707 430 773 619 837 448 1222 718 1042 945 733 0 1031 598 1060 306 1520 154 1535 837 775
597 164 1032 679 1205 978 221 270 147 978 1185 534 812 448 535 712 729 535 59 145 1179 626 702 235 596 110 921 937 898 533 699 598 679 239 948 63 153 814 1031 0 678 288 1295 590 1144 604 598 535
1175 773 468 245 772 545 641 624 755 414 608 421 379 1026 422 598 615 421 679 591 746 193 125 866 1174 741 488 504 465 420 266 484 245 869 515 689 593 237 598 678 0 708 862 1167 710 1182 484 422
839 406 1061 708 1234 1007 196 299 388 1007 1214 564 841 690 565 741 758 564 288 200 1208 655 731 477 838 352 951 967 928 563 728 627 708 481 977 298 202 843 1060 288 708 0 1324 831 1173 846 627 565
1792 1389 808 712 186 504 1257 1240 1371 754 303 1037 533 1643 1038 1215 1232 1038 1295 1207 341 721 786 1482 1791 1357 858 874 694 1036 882 1100 712 1486 885 1306 1209 866 306 1295 862 1324 0 1784 305 1798 1100 1038
54 499 1521 1168 1694 1467 765 674 514 1467 1674 1023 1301 169 1024 1201 1218 1024 589 688 1668 1115 1191 669 146 544 1410 1426 1387 1022 1188 1087 1168 672 1437 594 696 1303 1520 590 1167 831 1784 0 1633 60 1087 1024
1640 1238 676 561 144 353 1106 1089 1220 622 170 886 381 1491 887 1063 1081 886 1144 1056 79 569 653 1331 1639 1206 726 742 543 885 731 949 561 1335 752 1154 1058 734 154 1144 710 1173 305 1633 0 1647 949 887
68 514 1535 1182 1708 1481 779 688 528 1481 1688 1038 1315 183 1039 1215 1232 1038 604 703 1682 1129 1205 683 160 558 1425 1441 1402 1037 1202 1101 1182 686 1451 608 711 1317 1535 604 1182 846 1798 60 1647 0 1101 1039
1094 692 837 484 1011 784 560 543 674 784 990 103 618 945 173 399 416 172 598 510 985 432 508 785 1093 660 727 743 704 171 505 36 484 789 754 608 512 619 837 598 484 627 1100 1087 949 1101 0 173
1032 630 775 422 948 721 498 481 612 721 928 110 555 883 56 337 354 56 536 448 922 369 445 723 1031 598 665 681 642 56 442 173 422 726 691 546 449 557 775 535 422 565 1038 1024 887 1039 173 0
EOF