NAME : tsp_problem
TYPE : TSP
DIMENSION : 30
EDGE_WEIGHT_TYPE : EXPLICIT
EDGE_WEIGHT_FORMAT : FULL_MATRIX
EDGE_WEIGHT_SECTION
0 1023 1694 1718 1661 1706 1677 1170 1572 1512 954 1119 1181 1132 981 709 953 833 874 1123 315 1064 52 1273 953 1250 295 1028 1694 645
1023 0 1087 1111 1054 1099 1071 563 965 905 179 512 575 845 693 571 178 799 853 516 851 777 1041 666 110 525 956 741 1087 412
1694 1087 0 151 94 224 196 755 165 237 1018 675 766 1515 1364 1242 1017 1470 1524 634 1521 1448 1711 537 1017 1313 1626 1412 127 1083
1718 1111 151 0 102 248 220 779 189 261 1041 699 790 1539 1388 1266 1040 1493 1548 658 1545 1472 1735 560 1041 1337 1650 1435 70 1106
1661 1054 94 102 0 192 163 722 133 205 985 643 734 1483 1332 1209 984 1437 1491 602 1489 1415 1679 504 984 1281 1594 1379 78 1050
1706 1099 224 248 192 0 82 767 177 249 1029 687 778 1527 1376 1254 1029 1481 1536 646 1533 1460 1723 548 1029 1325 1638 1423 225 1094
1677 1071 196 220 163 82 0 739 149 221 1001 659 750 1499 1348 1226 1000 1453 1508 618 1505 1431 1695 520 1001 1297 1610 1395 196 1066
1170 563 755 779 722 767 739 0 633 573 494 125 64 991 840 718 493 946 1000 196 997 924 1188 281 493 789 1103 888 755 559
1572 965 165 189 133 177 149 633 0 115 895 553 644 1393 1242 1120 895 1347 1402 512 1399 1326 1589 415 895 1191 1504 1290 166 960
1512 905 237 261 205 249 221 573 115 0 835 493 584 1333 1182 1060 835 1287 1342 452 1339 1266 1529 354 835 1131 1444 1229 238 900
954 179 1018 1041 985 1029 1001 494 895 835 0 443 505 775 624 502 56 730 784 447 781 708 971 597 109 455 886 672 1018 343
1119 512 675 699 643 687 659 125 553 493 443 0 137 941 789 667 442 895 949 145 947 873 1137 201 442 739 1052 837 676 508
1181 575 766 790 734 778 750 64 644 584 505 137 0 1003 852 730 504 957 1012 207 1009 936 1199 293 505 801 1114 899 767 570
1132 845 1515 1539 1483 1527 1499 991 1393 1333 775 941 1003 0 232 680 774 667 353 945 959 80 1149 1094 775 1071 978 168 1516 521
981 693 1364 1388 1332 1376 1348 840 1242 1182 624 789 852 232 0 529 623 482 318 793 808 165 995 943 624 920 801 81 1365 369
709 571 1242 1266 1209 1254 1226 718 1120 1060 502 667 730 680 529 0 501 343 586 671 536 613 726 821 501 798 641 576 1242 193
953 178 1017 1040 984 1029 1000 493 895 835 56 442 504 774 623 501 0 729 783 446 781 707 971 596 108 454 886 671 1017 342
833 799 1470 1493 1437 1481 1453 946 1347 1287 730 895 957 667 482 343 729 0 353 899 764 613 825 1049 729 1025 631 530 1470 421
874 853 1524 1548 1491 1536 1508 1000 1402 1342 784 949 1012 353 318 586 783 353 0 953 968 309 866 1103 783 1080 672 254 1524 529
1123 516 634 658 602 646 618 196 512 452 447 145 207 945 793 671 446 899 953 0 951 877 1141 213 446 743 1056 841 635 512
315 851 1521 1545 1489 1533 1505 997 1399 1339 781 947 1009 959 808 536 781 764 968 951 0 892 316 1100 781 1077 465 856 1522 472
1064 777 1448 1472 1415 1460 1431 924 1326 1266 708 873 936 80 165 613 707 613 309 877 892 0 1082 1027 707 1004 933 100 1448 453
52 1041 1711 1735 1679 1723 1695 1188 1589 1529 971 1137 1199 1149 995 726 971 825 866 1141 316 1082 0 1290 971 1267 290 1043 1712 662
1273 666 537 560 504 548 520 281 415 354 597 201 293 1094 943 821 596 1049 1103 213 1100 1027 1290 0 596 892 1205 991 537 662
953 110 1017 1041 984 1029 1001 493 895 835 109 442 505 775 624 501 108 729 783 446 781 707 971 596 0 455 886 671 1017 342
1250 525 1313 1337 1281 1325 1297 789 1191 1131 455 739 801 1071 920 798 454 1025 1080 743 1077 1004 1267 892 455 0 1182 967 1314 638
295 956 1626 1650 1594 1638 1610 1103 1504 1444 886 1052 1114 978 801 641 886 631 672 1056 465 933 290 1205 886 1182 0 849 1627 577
1028 741 1412 1435 1379 1423 1395 888 1290 1229 672 837 899 168 81 576 671 530 254 841 856 100 1043 991 671 967 849 0 1412 417
1694 1087 127 70 78 225 196 755 166 238 1018 676 767 1516 1365 1242 1017 1470 1524 635 1522 1448 1712 537 1017 1314 1627 1412 0 1083
645 412 1083 1106 1050 1094 1066 559 960 900 343 508 570 521 369 193 342 421 529 512 472 453 662 662 342 638 577 417 1083 0
EOF