NAME : tsp_problem
TYPE : TSP
DIMENSION : 84
EDGE_WEIGHT_TYPE : EXPLICIT
EDGE_WEIGHT_FORMAT : FULL_MATRIX
EDGE_WEIGHT_SECTION
0 151 1635 1525 996 90 75 1157 1462 461 1068 1411 564 1172 194 566 1452 1537 997 1422 521 1440 1092 153 740 1391 1152 1482 1481 1418 1186 1176 1752 1066 1499 1560 1214 1274 615 694 1503 1501 995 619 78 1183 158 997 1066 161 1163 1369 1059 666 669 1662 562 1280 622 1595 654 1456 1014 995 1524 798 1593 1066 1264 996 1282 1448 789 610 1618 1468 1382 1451 564 1647 1148 1618 1707 1136
151 0 1523 1412 883 157 190 1045 1349 348 956 1298 451 1059 175 454 1340 1424 884 1309 408 1327 979 134 627 1278 1039 1369 1368 1305 1073 1063 1640 953 1386 1447 1101 1161 503 581 1390 1388 882 507 145 1070 64 884 953 80 1051 1257 946 553 556 1549 449 1167 509 1482 541 1343 901 883 1411 686 1480 953 1151 883 1170 1335 676 498 1505 1356 1270 1338 451 1534 1035 1505 1595 1023
1635 1523 0 321 916 1641 1674 608 674 1257 605 475 1178 773 1659 1181 220 532 917 958 1241 784 692 1618 1139 590 1072 546 476 906 1106 1096 332 986 403 366 703 762 1127 1093 299 963 915 1132 1629 1103 1504 917 986 1520 764 569 979 1087 1088 62 1174 1200 1134 645 1082 231 934 916 322 917 245 986 714 916 627 648 1188 1123 833 681 538 795 1178 154 1068 125 215 736
1525 1412 321 0 805 1530 1563 498 802 1146 494 364 1067 662 1549 1071 138 491 806 912 1130 930 582 1507 1028 769 962 436 434 908 995 986 438 875 436 399 704 763 1016 982 59 991 805 1021 1519 992 1393 806 875 1409 653 747 869 976 977 347 1063 1089 1024 823 971 141 823 805 500 807 279 875 604 805 772 826 1078 1012 1011 808 428 941 1068 332 957 303 393 626
996 883 916 805 0 1002 1034 438 743 618 349 691 538 453 1020 542 733 818 56 703 601 720 372 978 499 672 315 763 761 698 349 339 1033 178 780 841 495 554 488 454 784 782 56 492 990 345 864 56 178 881 444 650 172 448 448 942 534 443 495 875 442 736 152 56 804 236 874 178 544 56 563 729 549 483 898 749 663 732 539 927 310 898 988 417
90 157 1641 1530 1002 0 129 1163 1468 467 1074 1416 570 1178 200 572 1458 1543 1003 1428 526 1446 1098 159 745 1397 1158 1488 1487 1424 1192 1182 1758 1072 1505 1566 1220 1279 621 700 1509 1507 1001 625 84 1189 164 1003 1072 167 1169 1375 1065 672 675 1668 568 1286 628 1601 660 1462 1020 1001 1530 804 1599 1072 1270 1002 1288 1454 795 616 1624 1474 1388 1457 570 1653 1154 1624 1713 1142
75 190 1674 1563 1034 129 0 1196 1500 499 1107 1449 602 1211 233 605 1491 1575 1035 1460 559 1478 1130 191 778 1429 1190 1521 1519 1456 1224 1215 1791 1104 1538 1598 1253 1312 654 732 1541 1539 1033 658 87 1221 197 1035 1104 200 1202 1408 1098 704 707 1700 601 1318 660 1633 692 1494 1052 1034 1562 837 1632 1104 1302 1034 1321 1486 828 649 1656 1507 1421 1489 602 1685 1186 1656 1746 1175
1157 1045 608 498 438 1163 1196 0 331 779 127 384 700 295 1182 704 425 510 439 545 763 562 214 1140 661 313 594 455 454 540 628 618 725 508 472 533 337 396 649 615 476 624 437 654 1151 625 1026 439 508 1042 286 428 501 609 610 635 696 722 657 653 604 429 456 438 582 439 566 508 133 438 405 506 710 645 700 337 355 574 700 620 590 591 680 259
1462 1349 674 802 743 1468 1500 331 0 1084 432 688 1004 599 1486 1008 730 814 744 622 1067 448 519 1445 965 118 899 759 758 571 933 923 790 813 777 837 367 426 954 920 780 635 742 959 1456 930 1330 744 813 1347 460 233 806 914 914 701 1001 1027 961 458 909 733 761 742 387 744 777 813 399 743 291 312 1015 950 505 39 660 460 1005 673 895 644 606 433
461 348 1257 1146 618 467 499 779 1084 0 690 1032 155 794 485 158 1074 1159 618 1044 112 1062 714 444 331 1013 774 1104 1102 1040 808 798 1374 687 1121 1182 836 895 207 285 1125 1123 617 211 455 804 329 619 687 346 785 991 681 257 260 1283 153 902 213 1216 245 1078 636 617 1145 420 1215 687 886 618 904 1070 381 202 1240 1090 1004 1073 155 1268 769 1239 1329 758
1068 956 605 494 349 1074 1107 127 432 690 0 380 611 206 1093 615 422 507 350 456 674 473 125 1051 572 414 505 452 450 451 539 530 722 419 469 529 248 307 560 526 473 535 348 565 1063 536 937 350 419 953 197 403 412 520 521 631 607 633 568 628 515 425 367 349 557 351 563 419 233 349 316 482 621 556 651 438 352 485 611 616 501 587 677 170
1411 1298 475 364 691 1416 1449 384 688 1032 380 0 953 548 1435 957 292 242 692 798 1016 816 468 1393 914 670 848 110 261 794 881 872 538 761 280 341 590 649 902 868 343 877 691 907 1405 878 1279 692 761 1295 539 745 755 862 863 501 949 975 910 970 857 295 709 691 654 693 428 761 490 691 658 824 964 898 994 694 203 827 954 486 843 457 547 512
564 451 1178 1067 538 570 602 700 1004 155 611 953 0 715 588 65 995 1080 539 965 116 982 634 546 227 933 694 1025 1023 960 728 719 1295 608 1042 1102 757 816 103 182 1045 1043 538 107 558 725 432 539 608 449 706 912 602 153 157 1204 61 822 110 1137 142 998 556 538 1066 341 1136 608 806 538 825 990 277 98 1160 1011 925 993 62 1189 690 1160 1250 679
1172 1059 773 662 453 1178 1211 295 599 794 206 548 715 0 1196 718 590 674 454 559 777 577 116 1155 675 528 609 619 618 555 643 633 890 523 636 697 351 411 664 630 640 638 452 669 1166 640 1041 454 523 1057 301 507 516 624 625 799 711 737 671 732 619 593 471 452 661 454 731 523 401 453 420 585 725 660 755 606 520 588 715 784 605 755 845 273
194 175 1659 1549 1020 200 233 1182 1486 485 1093 1435 588 1196 0 590 1476 1561 1021 1446 545 1464 1116 91 764 1415 1176 1506 1505 1442 1210 1200 1777 1090 1523 1584 1238 1298 640 718 1527 1525 1019 644 188 1207 182 1021 1090 185 1188 1393 1083 690 693 1686 586 1304 646 1619 678 1480 1038 1020 1548 823 1617 1090 1288 1020 1306 1472 813 635 1642 1492 1406 1475 588 1671 1172 1642 1732 1160
566 454 1181 1071 542 572 605 704 1008 158 615 957 65 718 590 0 998 1083 543 968 119 986 638 549 231 937 698 1028 1027 964 732 722 1299 612 1045 1106 760 820 107 185 1049 1047 541 111 560 729 435 543 612 451 710 915 605 157 160 1208 63 826 113 1141 145 1002 560 542 1070 345 1139 612 810 542 828 994 280 102 1164 1014 928 997 65 1193 694 1164 1254 682
1452 1340 220 138 733 1458 1491 425 730 1074 422 292 995 590 1476 998 0 418 734 839 1058 857 509 1435 956 668 889 363 362 835 923 913 337 803 336 299 632 691 944 910 116 918 732 949 1446 920 1321 734 803 1337 581 647 796 904 905 247 991 1017 951 722 899 56 751 733 399 734 178 803 532 733 700 725 1005 940 910 736 355 868 995 232 885 203 292 554
1537 1424 532 491 818 1543 1575 510 814 1159 507 242 1080 674 1561 1083 418 0 819 924 1142 942 594 1520 1040 797 974 154 120 920 1008 998 332 888 174 235 716 776 1029 995 469 1003 817 1034 1531 1005 1405 819 888 1422 666 872 881 989 990 558 1076 1102 1036 1024 984 422 836 817 701 819 322 888 616 818 784 950 1090 1025 1120 821 386 953 1080 410 970 436 485 638
997 884 917 806 56 1003 1035 439 744 618 350 692 539 454 1021 543 734 819 0 704 602 721 373 979 500 673 316 764 762 699 349 340 1034 179 781 841 496 555 488 454 785 783 56 493 991 346 865 56 179 881 445 651 173 448 449 943 535 443 496 876 443 737 153 56 805 237 875 179 545 56 564 730 550 484 899 750 664 733 540 928 311 899 989 418
1422 1309 958 912 703 1428 1460 545 622 1044 456 798 965 559 1446 968 839 924 704 0 1027 209 479 1405 925 538 859 869 868 82 893 883 1074 773 886 947 286 233 914 880 890 89 702 919 1416 890 1290 704 773 1307 278 424 766 874 875 985 961 944 921 375 869 843 721 702 671 704 980 773 651 703 355 354 975 910 229 629 769 198 965 956 855 928 889 318
521 408 1241 1130 601 526 559 763 1067 112 674 1016 116 777 545 119 1058 1142 602 1027 0 1045 697 503 292 996 757 1087 1086 1023 791 781 1358 671 1104 1165 819 879 168 247 1108 1106 600 172 515 788 389 602 671 405 769 975 664 218 221 1267 115 885 174 1200 206 1061 619 601 1129 404 1198 671 869 601 888 1053 342 163 1223 1074 988 1056 116 1252 753 1223 1313 741
1440 1327 784 930 720 1446 1478 562 448 1062 473 816 982 577 1464 986 857 942 721 209 1045 0 497 1422 943 364 877 887 886 157 911 901 900 790 904 965 332 295 932 898 908 288 720 936 1434 907 1308 722 790 1325 425 343 784 891 892 811 978 886 939 299 886 861 739 720 497 722 887 790 669 720 177 279 993 927 219 455 787 48 983 783 872 754 715 397
1092 979 692 582 372 1098 1130 214 519 714 125 468 634 116 1116 638 509 594 373 479 697 497 0 1074 595 448 529 539 538 475 563 553 809 442 556 617 271 331 584 550 560 558 372 588 1086 559 960 374 442 977 220 426 436 544 544 719 631 657 591 652 538 513 391 372 581 374 650 442 321 372 339 505 645 579 675 525 439 508 635 704 524 675 764 193
153 134 1618 1507 978 159 191 1140 1445 444 1051 1393 546 1155 91 549 1435 1520 979 1405 503 1422 1074 0 722 1374 1135 1465 1463 1401 1169 1159 1735 1048 1482 1543 1197 1256 598 677 1486 1484 978 602 147 1165 141 980 1048 144 1146 1352 1042 648 652 1644 545 1263 605 1577 637 1438 997 978 1506 781 1576 1048 1247 978 1265 1431 772 593 1600 1451 1365 1434 546 1629 1130 1600 1690 1119
740 627 1139 1028 499 745 778 661 965 331 572 914 227 675 764 231 956 1040 500 925 292 943 595 722 0 894 655 985 984 921 689 679 1256 569 1002 1063 717 777 177 88 1006 1004 498 181 734 686 608 500 569 624 667 873 562 136 137 1165 223 783 184 1098 131 959 517 499 1027 302 1096 569 767 499 786 951 184 172 1121 972 886 954 228 1150 651 1121 1211 639
1391 1278 590 769 672 1397 1429 313 118 1013 414 670 933 528 1415 937 668 797 673 538 996 364 448 1374 894 0 828 742 740 487 862 852 706 742 759 804 283 343 883 849 747 551 671 888 1385 859 1259 673 742 1276 376 149 735 843 844 617 930 956 890 374 838 679 690 671 303 673 693 742 381 672 207 228 944 879 421 125 642 376 934 589 824 560 522 349
1152 1039 1072 962 315 1158 1190 594 899 774 505 848 694 609 1176 698 889 974 316 859 757 877 529 1135 655 828 0 919 918 855 92 277 1189 385 936 997 651 710 644 610 940 938 314 649 1146 87 1020 316 385 1037 600 806 378 604 605 1099 691 177 651 819 599 893 333 314 961 392 1030 385 701 315 719 885 705 640 841 905 819 888 695 1084 138 1055 1144 573
1482 1369 546 436 763 1488 1521 455 759 1104 452 110 1025 619 1506 1028 363 154 764 869 1087 887 539 1465 985 742 919 0 173 865 953 943 449 833 191 252 661 721 974 940 414 948 762 979 1476 950 1351 764 833 1367 611 817 826 934 935 573 1021 1047 981 1041 929 367 781 762 718 764 340 833 561 763 729 895 1035 970 1065 766 254 898 1025 428 915 453 502 583
1481 1368 476 434 761 1487 1519 454 758 1102 450 261 1023 618 1505 1027 362 120 762 868 1086 886 538 1463 984 740 918 173 0 864 952 942 317 831 118 178 660 719 973 939 413 947 761 977 1475 948 1349 762 831 1366 609 815 825 932 933 502 1019 1046 980 968 927 366 780 761 645 763 266 831 560 761 728 894 1034 968 1064 765 384 897 1024 354 913 380 428 582
1418 1305 906 908 698 1424 1456 540 571 1040 451 794 960 555 1442 964 835 920 699 82 1023 157 475 1401 921 487 855 865 864 0 889 879 1022 768 882 943 234 181 910 876 886 161 698 915 1412 885 1286 700 768 1303 329 372 762 870 870 933 957 910 917 323 864 839 717 698 619 700 976 768 647 698 303 303 971 906 243 577 765 146 961 905 850 876 838 370
1186 1073 1106 995 349 1192 1224 628 933 808 539 881 728 643 1210 732 923 1008 349 893 791 911 563 1169 689 862 92 953 952 889 0 289 1223 418 970 1031 685 744 678 644 974 970 348 683 1180 59 1054 350 418 1071 634 840 412 638 638 1133 725 176 685 818 632 927 367 348 994 426 1064 418 735 349 753 919 739 674 840 939 853 922 729 1117 173 1088 1178 607
1029 916 949 839 192 1035 1068 471 776 651 382 725 572 486 1053 575 766 851 193 736 634 754 406 1012 532 705 325 796 795 732 337 0 1067 262 813 874 528 588 521 487 817 815 191 526 1023 334 898 193 262 914 478 683 255 481 482 976 568 451 528 909 476 770 210 191 838 270 907 262 578 192 596 762 582 517 932 782 696 765 572 961 320 932 1022 450
1752 1640 332 438 1033 1758 1791 725 790 1374 722 538 1295 890 1777 1299 337 332 1034 1074 1358 900 809 1735 1256 706 1189 449 317 1022 1223 1214 0 1103 303 266 819 878 1244 1210 416 1078 1033 1249 1747 1220 1621 1034 1103 1637 881 685 1097 1204 1205 358 1291 1317 1252 760 1199 348 1051 1033 438 1035 195 1103 832 1033 742 763 1305 1240 948 797 656 911 1295 207 1185 233 221 854
1066 953 986 875 178 1072 1104 508 813 687 419 761 608 523 1090 612 803 888 179 773 671 790 442 1048 569 742 385 833 831 768 418 409 1103 0 850 910 565 624 557 523 854 852 178 562 1060 415 934 179 28 951 514 720 32 517 518 1012 604 513 565 945 512 806 83 178 874 306 944 29 614 178 633 799 619 553 968 819 733 802 609 997 380 968 1058 487
1499 1386 403 436 780 1505 1538 472 777 1121 469 280 1042 636 1523 1045 336 174 781 886 1104 904 556 1482 1002 759 936 191 118 882 970 960 303 850 0 106 678 738 991 957 415 965 779 996 1493 967 1368 781 850 1384 628 819 843 951 952 430 1038 1064 998 895 946 347 798 779 572 781 194 850 578 780 746 898 1052 987 1082 783 402 915 1042 282 932 307 356 600
1560 1447 366 399 841 1566 1598 533 837 1182 529 341 1102 697 1584 1106 299 235 841 947 1165 965 617 1543 1063 804 997 252 178 943 1031 1021 266 910 106 0 739 799 1052 1018 378 1026 840 1057 1554 1027 1428 842 910 1445 689 782 904 1012 1012 393 1099 1125 1059 858 1006 310 859 840 535 842 157 910 639 841 807 861 1113 1048 1046 844 463 976 1103 244 992 270 319 661
1214 1101 703 704 495 1220 1253 337 367 836 248 590 757 351 1238 760 632 716 496 286 819 332 271 1197 717 283 651 661 660 234 685 675 819 565 678 739 0 90 706 672 682 365 494 711 1208 682 1083 496 565 1099 199 261 558 666 667 729 753 779 713 487 661 635 513 494 416 496 772 565 443 495 174 340 767 702 434 373 562 337 757 701 647 672 634 172
1274 1161 762 763 554 1279 1312 396 426 895 307 649 816 411 1298 820 691 776 555 233 879 295 331 1256 777 343 710 721 719 181 744 735 878 624 738 799 90 0 765 731 742 312 554 770 1268 741 1142 555 624 1158 259 321 618 725 726 789 812 838 773 462 720 695 572 554 475 556 832 624 503 554 234 400 826 761 381 433 621 284 816 761 706 732 694 231
615 503 1127 1016 488 621 654 649 954 207 560 902 103 664 640 107 944 1029 488 914 168 932 584 598 177 883 644 974 973 910 678 668 1244 557 991 1052 706 765 0 131 995 993 487 74 610 674 484 489 557 500 655 861 551 103 106 1154 99 772 77 1086 91 948 506 487 1015 290 1085 557 756 488 774 940 226 65 1110 960 874 943 103 1138 639 1109 1199 628
694 581 1093 982 454 700 732 615 920 285 526 868 182 630 718 185 910 995 454 880 247 898 550 677 88 849 610 940 939 876 644 634 1210 523 957 1018 672 731 131 0 961 959 453 136 688 640 562 455 523 579 621 827 517 91 92 1120 178 738 138 1052 86 914 472 453 981 256 1051 523 722 454 740 906 115 127 1076 926 840 909 182 1104 605 1075 1165 594
1503 1390 299 59 784 1509 1541 476 780 1125 473 343 1045 640 1527 1049 116 469 785 890 1108 908 560 1486 1006 747 940 414 413 886 974 964 416 854 415 378 682 742 995 961 0 969 783 1000 1497 971 1371 785 854 1388 632 725 847 955 955 326 1042 1068 1002 801 950 120 802 783 478 785 257 854 582 784 750 804 1056 991 989 787 406 919 1046 310 936 281 371 604
1501 1388 963 991 782 1507 1539 624 635 1123 535 877 1043 638 1525 1047 918 1003 783 89 1106 288 558 1484 1004 551 938 948 947 161 940 962 1078 852 965 1026 365 312 993 959 969 0 781 998 1495 935 1369 783 852 1386 357 427 845 953 954 989 1040 906 1000 352 948 922 800 781 676 783 1059 852 730 782 434 357 1054 989 191 642 848 277 1044 961 934 932 894 397
995 882 915 805 56 1001 1033 437 742 617 348 691 538 452 1019 541 732 817 56 702 600 720 372 978 498 671 314 762 761 698 348 338 1033 178 779 840 494 554 487 453 783 781 0 492 989 345 864 56 178 880 444 649 171 447 448 942 534 442 494 875 442 736 151 56 804 236 873 178 544 56 562 728 548 483 898 748 662 731 538 927 310 898 988 416
619 507 1132 1021 492 625 658 654 959 211 565 907 107 669 644 111 949 1034 493 919 172 936 588 602 181 888 649 979 977 915 683 673 1249 562 996 1057 711 770 74 136 1000 998 492 0 614 679 488 494 562 504 660 866 556 108 111 1158 103 777 80 1091 96 952 511 492 1020 295 1090 562 760 492 779 945 231 69 1114 965 879 948 107 1143 644 1114 1204 633
78 145 1629 1519 990 84 87 1151 1456 455 1063 1405 558 1166 188 560 1446 1531 991 1416 515 1434 1086 147 734 1385 1146 1476 1475 1412 1180 1170 1747 1060 1493 1554 1208 1268 610 688 1497 1495 989 614 0 1177 152 991 1060 155 1158 1363 1053 660 663 1656 556 1274 616 1589 648 1450 1008 989 1518 793 1587 1060 1258 990 1276 1442 783 604 1612 1462 1376 1445 558 1641 1142 1612 1702 1130
1183 1070 1103 992 345 1189 1221 625 930 804 536 878 725 640 1207 729 920 1005 346 890 788 907 559 1165 686 859 87 950 948 885 59 286 1220 415 967 1027 682 741 674 640 971 965 345 679 1177 0 1051 346 415 1068 631 837 409 634 635 1129 721 171 682 813 629 923 364 345 991 423 1061 415 731 345 750 916 736 670 835 936 850 919 726 1114 169 1085 1175 604
158 64 1504 1393 864 164 197 1026 1330 329 937 1279 432 1041 182 435 1321 1405 865 1290 389 1308 960 141 608 1259 1020 1351 1349 1286 1054 1045 1621 934 1368 1428 1083 1142 484 562 1371 1369 864 488 152 1051 0 865 934 61 1032 1238 928 534 537 1530 431 1148 490 1463 522 1324 882 864 1392 667 1462 934 1132 864 1151 1316 658 479 1486 1337 1251 1319 432 1515 1016 1486 1576 1005
997 884 917 806 56 1003 1035 439 744 619 350 692 539 454 1021 543 734 819 56 704 602 722 374 980 500 673 316 764 762 700 350 340 1034 179 781 842 496 555 489 455 785 783 56 494 991 346 865 0 179 882 445 651 173 449 449 943 536 444 496 876 443 737 153 56 805 237 875 179 546 56 564 730 550 485 900 750 664 733 540 928 311 899 989 418
1066 953 986 875 178 1072 1104 508 813 687 419 761 608 523 1090 612 803 888 179 773 671 790 442 1048 569 742 385 833 831 768 418 409 1103 28 850 910 565 624 557 523 854 852 178 562 1060 415 934 179 0 951 514 720 32 517 518 1012 604 512 565 945 512 806 83 178 874 306 944 29 614 178 633 799 619 553 968 819 733 802 609 997 380 968 1058 487
161 80 1520 1409 881 167 200 1042 1347 346 953 1295 449 1057 185 451 1337 1422 881 1307 405 1325 977 144 624 1276 1037 1367 1366 1303 1071 1061 1637 951 1384 1445 1099 1158 500 579 1388 1386 880 504 155 1068 61 882 951 0 1048 1254 944 551 554 1547 447 1165 507 1479 539 1341 899 880 1408 683 1478 950 1149 881 1167 1333 674 495 1503 1353 1267 1336 449 1531 1033 1503 1592 1021
1163 1051 764 653 444 1169 1202 286 460 785 197 539 706 301 1188 710 581 666 445 278 769 425 220 1146 667 376 600 611 609 329 634 625 881 514 628 689 199 259 655 621 632 357 444 660 1158 631 1032 445 514 1048 0 354 508 615 616 790 702 728 663 580 610 584 462 444 509 446 722 514 393 444 267 433 716 651 498 466 511 436 706 775 596 746 727 60
1369 1257 569 747 650 1375 1408 428 233 991 403 745 912 507 1393 915 647 872 651 424 975 343 426 1352 873 149 806 817 815 372 840 830 685 720 819 782 261 321 861 827 725 427 649 866 1363 837 1238 651 720 1254 354 0 713 821 822 595 908 934 869 353 816 657 668 650 282 651 672 720 496 650 185 103 922 857 297 239 717 337 912 567 802 538 500 327
1059 946 979 869 172 1065 1098 501 806 681 412 755 602 516 1083 605 796 881 173 766 664 784 436 1042 562 735 378 826 825 762 412 402 1097 32 843 904 558 618 551 517 847 845 171 556 1053 409 928 173 32 944 508 713 0 511 512 1006 598 506 558 939 506 800 87 171 868 300 937 33 608 172 626 792 612 547 962 812 726 795 602 991 374 962 1052 480
666 553 1087 976 448 672 704 609 914 257 520 862 153 624 690 157 904 989 448 874 218 891 544 648 136 843 604 934 932 870 638 628 1204 517 951 1012 666 725 103 91 955 953 447 108 660 634 534 449 517 551 615 821 511 0 66 1113 150 732 110 1046 57 907 466 447 975 250 1045 517 716 447 734 900 186 99 1070 920 834 903 154 1098 599 1069 1159 588
669 556 1088 977 448 675 707 610 914 260 521 863 157 625 693 160 905 990 449 875 221 892 544 652 137 844 605 935 933 870 638 629 1205 518 952 1012 667 726 106 92 955 954 448 111 663 635 537 449 518 554 616 822 512 66 0 1114 153 732 113 1047 61 908 466 448 976 251 1046 518 716 448 735 901 187 102 1070 921 835 904 157 1099 600 1070 1160 589
1662 1549 62 347 942 1668 1700 635 701 1283 631 501 1204 799 1686 1208 247 558 943 985 1267 811 719 1644 1165 617 1099 573 502 933 1133 1123 358 1012 430 393 729 789 1154 1120 326 989 942 1158 1656 1129 1530 943 1012 1547 790 595 1006 1113 1114 0 1200 1227 1161 671 1108 257 961 942 348 944 272 1012 741 942 653 674 1215 1149 859 707 565 822 1205 180 1094 151 241 763
562 449 1174 1063 534 568 601 696 1001 153 607 949 61 711 586 63 991 1076 535 961 115 978 631 545 223 930 691 1021 1019 957 725 715 1291 604 1038 1099 753 812 99 178 1042 1040 534 103 556 721 431 536 604 447 702 908 598 150 153 1200 0 819 106 1133 138 994 553 534 1062 337 1132 604 803 534 821 987 273 94 1156 1007 921 990 61 1185 686 1156 1246 675
1189 1077 1109 999 352 1195 1228 632 936 811 543 885 732 646 1213 735 926 1011 353 896 795 914 566 1172 693 865 86 956 955 892 86 313 1227 422 973 1034 688 748 681 647 977 953 351 686 1183 81 1058 353 422 1074 638 843 415 641 642 1136 728 0 688 802 636 930 370 352 998 430 1067 422 738 352 756 922 742 677 823 943 856 922 732 1121 175 1092 1182 610
622 509 1134 1024 495 628 660 657 961 213 568 910 110 671 646 113 951 1036 496 921 174 939 591 605 184 890 651 981 980 917 685 675 1252 565 998 1059 713 773 77 138 1002 1000 494 80 616 682 490 496 565 507 663 869 558 110 113 1161 106 779 0 1094 98 955 513 495 1023 298 1092 565 763 495 781 947 234 71 1117 968 881 950 110 1146 647 1117 1207 635
1595 1482 645 823 875 1601 1633 653 458 1216 628 970 1137 732 1619 1141 722 1024 876 375 1200 299 652 1577 1098 374 789 1041 968 323 788 1016 760 945 895 858 487 462 1086 1052 801 352 875 1091 1589 783 1463 876 945 1479 580 353 939 1046 1047 671 1133 754 1094 0 1041 733 893 875 358 877 748 945 721 875 411 308 1148 1082 222 465 942 288 1138 643 878 614 576 552
654 541 1082 971 442 660 692 604 909 245 515 857 142 619 678 145 899 984 443 869 206 886 538 637 131 838 599 929 927 864 632 623 1199 512 946 1006 661 720 91 86 950 948 442 96 648 629 522 443 512 539 610 816 506 57 61 1108 138 726 98 1041 0 902 460 442 970 245 1040 512 710 442 729 895 181 87 1064 915 829 898 142 1093 594 1064 1154 583
1456 1343 231 141 736 1462 1494 429 733 1078 425 295 998 593 1480 1002 56 422 737 843 1061 861 513 1438 959 679 893 367 366 839 927 917 348 806 347 310 635 695 948 914 120 922 736 952 1450 923 1324 737 806 1341 584 657 800 907 908 257 994 1021 955 733 902 0 755 736 410 738 189 806 535 736 703 736 1009 943 921 740 359 872 999 242 888 213 303 557
1014 901 934 823 152 1020 1052 456 761 636 367 709 556 471 1038 560 751 836 153 721 619 739 391 997 517 690 333 781 780 717 367 357 1051 83 798 859 513 572 506 472 802 800 151 511 1008 364 882 153 83 899 462 668 87 466 466 961 553 461 513 893 460 755 0 152 822 254 892 84 563 152 581 747 567 502 917 767 681 750 557 945 328 916 1006 435
995 883 916 805 56 1001 1034 438 742 617 349 691 538 452 1020 542 733 817 56 702 601 720 372 978 499 671 314 762 761 698 348 338 1033 178 779 840 494 554 487 453 783 781 56 492 989 345 864 56 178 880 444 650 171 447 448 942 534 442 495 875 442 736 152 0 804 236 873 178 544 56 563 728 548 483 898 749 663 731 538 927 310 898 988 416
1524 1411 322 500 804 1530 1562 582 387 1145 557 654 1066 661 1548 1070 399 701 805 671 1129 497 581 1506 1027 303 961 718 645 619 994 985 438 874 572 535 416 475 1015 981 478 676 804 1020 1518 991 1392 805 874 1408 509 282 868 975 976 348 1062 1078 1023 358 970 410 822 804 0 806 425 874 650 804 340 361 1077 1011 546 394 718 508 1067 320 956 291 253 481
798 686 917 807 236 804 837 439 744 420 351 693 341 454 823 345 734 819 237 704 404 722 374 781 302 673 392 764 763 700 426 417 1035 306 781 842 496 556 290 256 785 783 236 295 793 423 667 237 306 683 446 651 300 250 251 944 337 520 298 877 245 738 254 236 806 0 875 306 546 236 564 730 351 286 900 750 664 733 341 929 388 900 990 418
1593 1480 245 279 874 1599 1632 566 777 1215 563 428 1136 731 1617 1139 178 322 875 980 1198 887 650 1576 1096 693 1030 340 266 976 1064 1054 195 944 194 157 772 832 1085 1051 257 1059 873 1090 1587 1061 1462 875 944 1478 722 672 937 1045 1046 272 1132 1158 1092 748 1040 189 892 873 425 875 0 944 672 874 730 750 1146 1081 936 784 496 898 1136 174 1026 199 248 694
1066 953 986 875 178 1072 1104 508 813 687 419 761 608 523 1090 612 803 888 179 773 671 790 442 1048 569 742 385 833 831 768 418 409 1103 29 850 910 565 624 557 523 854 852 178 562 1060 415 934 179 29 950 514 720 33 517 518 1012 604 512 565 945 512 806 84 178 874 306 944 0 614 178 633 799 619 553 968 819 733 802 609 997 380 968 1058 487
1264 1151 714 604 544 1270 1302 133 399 886 233 490 806 401 1288 810 532 616 545 651 869 669 321 1247 767 381 701 561 560 647 735 725 832 614 578 639 443 503 756 722 582 730 544 760 1258 731 1132 546 614 1149 393 496 608 716 716 741 803 829 763 721 710 535 563 544 650 546 672 614 0 544 511 575 817 751 768 406 462 680 807 726 696 697 787 365
996 883 916 805 56 1002 1034 438 743 618 349 691 538 453 1020 542 733 818 56 703 601 720 372 978 499 672 315 763 761 698 349 339 1033 178 780 841 495 554 488 454 784 782 56 492 990 345 864 56 178 881 444 650 172 447 448 942 534 443 495 875 442 736 152 56 804 236 874 178 544 0 563 729 549 483 898 749 663 732 539 927 310 898 988 417
1282 1170 627 772 563 1288 1321 405 291 904 316 658 825 420 1306 828 700 784 564 355 888 177 339 1265 786 207 719 729 728 303 753 743 742 633 746 807 174 234 774 740 750 434 562 779 1276 750 1151 564 633 1167 267 185 626 734 735 653 821 847 781 411 729 703 581 563 340 564 730 633 511 563 0 264 835 770 365 297 630 189 825 625 715 596 558 240
1448 1335 648 826 729 1454 1486 506 312 1070 482 824 990 585 1472 994 725 950 730 354 1053 279 505 1431 951 228 885 895 894 303 919 909 763 799 898 861 340 400 940 906 804 357 728 945 1442 916 1316 730 799 1333 433 103 792 900 901 674 987 894 947 308 895 736 747 728 361 730 750 799 575 729 264 0 1001 936 227 318 795 268 991 646 881 617 579 406
789 676 1188 1078 549 795 828 710 1015 381 621 964 277 725 813 280 1005 1090 550 975 342 993 645 772 184 944 705 1035 1034 971 739 729 1305 619 1052 1113 767 826 226 115 1056 1054 548 231 783 736 658 550 619 674 716 922 612 186 187 1215 273 833 234 1148 181 1009 567 548 1077 351 1146 619 817 549 835 1001 0 222 1171 1021 935 1004 277 1200 701 1171 1260 689
610 498 1123 1012 483 616 649 645 950 202 556 898 98 660 635 102 940 1025 484 910 163 927 579 593 172 879 640 970 968 906 674 664 1240 553 987 1048 702 761 65 127 991 989 483 69 604 670 479 485 553 495 651 857 547 99 102 1149 94 768 71 1082 87 943 502 483 1011 286 1081 553 751 483 770 936 222 0 1105 956 870 939 98 1134 635 1105 1195 624
1618 1505 833 1011 898 1624 1656 700 505 1240 651 994 1160 755 1642 1164 910 1120 899 229 1223 219 675 1600 1121 421 811 1065 1064 243 810 1038 948 968 1082 1046 434 381 1110 1076 989 191 898 1114 1612 805 1486 900 968 1503 498 297 962 1070 1070 859 1156 776 1117 222 1064 921 917 898 546 900 936 968 768 898 365 227 1171 1105 0 512 965 208 1161 831 900 802 764 538
1468 1356 681 808 749 1474 1507 337 39 1090 438 694 1011 606 1492 1014 736 821 750 629 1074 455 525 1451 972 125 905 766 765 577 939 929 797 819 783 844 373 433 960 926 787 642 748 965 1462 936 1337 750 819 1353 466 239 812 920 921 707 1007 1033 968 465 915 740 767 749 394 750 784 819 406 749 297 318 1021 956 512 0 666 466 1011 679 901 650 612 439
1382 1270 538 428 663 1388 1421 355 660 1004 352 203 925 520 1406 928 355 386 664 769 988 787 439 1365 886 642 819 254 384 765 853 843 656 733 402 463 562 621 874 840 406 848 662 879 1376 850 1251 664 733 1267 511 717 726 834 835 565 921 947 881 942 829 359 681 663 718 664 496 733 462 663 630 795 935 870 965 666 0 798 925 550 815 521 611 484
1451 1338 795 941 732 1457 1489 574 460 1073 485 827 993 588 1475 997 868 953 733 198 1056 48 508 1434 954 376 888 898 897 146 909 912 911 802 915 976 337 284 943 909 919 277 731 948 1445 904 1319 733 802 1336 436 337 795 903 904 822 990 875 950 288 898 872 750 731 508 733 898 802 680 732 189 268 1004 939 208 466 798 0 994 794 884 765 727 409
564 451 1178 1068 539 570 602 700 1005 155 611 954 62 715 588 65 995 1080 540 965 116 983 635 546 228 934 695 1025 1024 961 729 719 1295 609 1042 1103 757 816 103 182 1046 1044 538 107 558 726 432 540 609 449 706 912 602 154 157 1205 61 823 110 1138 142 999 557 538 1067 341 1136 609 807 539 825 991 277 98 1161 1011 925 994 0 1190 691 1161 1250 679
1647 1534 154 332 927 1653 1685 620 673 1268 616 486 1189 784 1671 1193 232 410 928 956 1252 783 704 1629 1150 589 1084 428 354 905 1117 1108 207 997 282 244 701 761 1138 1104 310 961 927 1143 1641 1114 1515 928 997 1531 775 567 991 1098 1099 180 1185 1211 1146 643 1093 242 945 927 320 929 174 997 726 927 625 646 1200 1134 831 679 550 794 1190 0 1079 55 203 748
1148 1035 1068 957 310 1154 1186 590 895 769 501 843 690 605 1172 694 885 970 311 855 753 872 524 1130 651 824 138 915 913 850 173 273 1185 380 932 992 647 706 639 605 936 934 310 644 1142 169 1016 311 380 1033 596 802 374 599 600 1094 686 266 647 908 594 888 328 310 956 388 1026 380 696 310 715 881 701 635 930 901 815 884 691 1079 0 1050 1140 569
1618 1505 125 303 898 1624 1656 591 644 1239 587 457 1160 755 1642 1164 203 436 899 928 1223 754 675 1600 1121 560 1055 453 380 876 1088 1079 233 968 307 270 672 732 1109 1075 281 932 898 1114 1612 1085 1486 899 968 1503 746 538 962 1069 1070 151 1156 1183 1117 614 1064 213 916 898 291 900 199 968 697 898 596 617 1171 1105 802 650 521 765 1161 55 1050 0 184 719
1707 1595 215 393 988 1713 1746 680 606 1329 677 547 1250 845 1732 1254 292 485 989 889 1313 715 764 1690 1211 522 1144 502 428 838 1178 1169 221 1058 356 319 634 694 1199 1165 371 894 988 1204 1702 1175 1576 989 1058 1592 727 500 1052 1159 1160 241 1246 1272 1207 576 1154 303 1006 988 253 990 248 1058 787 988 558 579 1260 1195 764 612 611 727 1250 203 1140 184 0 700
1136 1023 736 626 417 1142 1175 259 433 758 170 512 679 273 1160 682 554 638 418 318 741 397 193 1119 639 349 573 583 582 370 607 597 854 487 600 661 172 231 628 594 604 397 416 633 1130 604 1005 418 487 1021 60 327 480 588 589 763 675 701 635 552 583 557 435 416 481 418 694 487 365 417 240 406 689 624 538 439 484 409 679 748 569 719 700 0
EOF