NAME : tsp_problem
TYPE : TSP
DIMENSION : 82
EDGE_WEIGHT_TYPE : EXPLICIT
EDGE_WEIGHT_FORMAT : FULL_MATRIX
EDGE_WEIGHT_SECTION
0 360 48 659 1196 1021 688 753 1207 344 634 511 328 637 341 1217 569 530 708 689 695 756 753 91 876 269 999 812 715 688 711 458 233 638 494 725 149 467 1219 471 536 617 369 1163 427 528 669 489 1209 466 726 1044 683 79 487 680 466 737 742 466 1186 521 786 692 321 467 465 269 349 651 298 637 729 528 475 201 727 380 1232 678 478 467
360 0 363 826 1363 1188 855 920 1373 225 800 534 495 804 318 1384 592 696 875 856 862 923 795 328 984 128 764 854 882 855 878 481 183 805 517 892 246 634 1386 638 703 783 292 1330 385 694 836 512 1376 632 893 810 850 348 510 846 633 903 765 633 1353 286 953 859 488 634 632 293 76 818 95 803 895 694 277 368 894 281 1399 844 645 634
48 363 0 662 1200 1024 691 757 1210 337 637 514 331 641 345 1221 573 533 711 692 699 759 756 84 880 272 992 816 719 691 715 462 226 641 497 729 153 470 1222 474 540 620 372 1166 431 531 673 492 1213 469 729 1037 687 82 490 683 470 740 746 470 1189 514 789 696 325 470 469 273 342 654 301 640 732 531 468 205 731 383 1236 681 481 471
659 826 662 0 1519 1343 1010 1076 1529 971 956 501 650 960 807 1540 444 852 1030 1011 1018 1078 271 716 395 735 1322 331 233 1011 1034 704 859 960 797 512 615 790 1541 644 859 939 835 1485 782 850 992 792 1532 788 244 1368 1006 693 527 1002 789 255 273 789 1508 883 1108 1015 371 789 788 735 869 973 764 959 1051 850 973 483 246 846 1555 1000 413 790
1196 1363 1200 1519 0 225 749 814 116 1508 1174 1514 1188 676 1344 212 1572 1069 769 750 756 817 1613 1253 1736 1272 1540 1672 1575 749 772 1391 1396 676 1484 1585 1153 1007 214 1331 1076 1157 1372 157 1431 1067 1209 1479 204 1005 1586 1585 744 1231 1490 628 1006 1596 1615 1006 181 1532 526 543 1181 1007 1005 1273 1407 1191 1301 671 574 1067 1607 1061 1587 1383 141 626 1338 1007
1021 1188 1024 1343 225 0 574 639 236 1332 998 1338 1012 501 1169 247 1397 894 593 575 581 641 1437 1078 1561 1096 1364 1497 1399 574 597 1216 1221 501 1309 1410 977 831 248 1155 901 981 1196 192 1255 892 1034 1303 238 830 1410 1409 569 1055 1314 452 831 1421 1439 831 215 1357 351 368 1006 831 830 1097 1231 1015 1126 496 399 892 1431 885 1411 1208 261 450 1162 832
688 855 691 1010 749 574 0 197 759 999 665 1006 679 135 836 770 1064 561 152 63 69 200 1104 745 1228 764 1031 1164 1066 62 155 883 888 136 976 1077 644 499 772 822 568 648 863 715 922 559 701 971 762 497 1077 1077 57 722 982 178 498 1088 1106 498 739 1024 286 256 673 498 497 764 898 682 793 135 226 559 1099 552 1079 875 785 176 829 499
753 920 757 1076 814 639 197 0 825 1065 731 1071 745 200 902 836 1129 627 133 198 205 105 1170 811 1293 829 1097 1229 1132 197 137 948 953 201 1041 1142 710 564 837 888 633 714 929 781 988 624 766 1036 827 563 1143 1142 193 788 1047 243 563 1153 1172 563 804 1089 351 322 738 564 562 830 964 748 858 200 292 624 1164 618 1144 940 850 241 895 564
1207 1373 1210 1529 116 236 759 825 0 1518 1184 1524 1198 687 1355 223 1583 1080 779 760 767 827 1623 1264 1746 1282 1550 1682 1585 759 783 1401 1407 687 1494 1595 1163 1017 224 1341 1087 1167 1382 168 1441 1078 1219 1489 214 1016 1596 1595 755 1241 1500 638 1016 1607 1625 1017 191 1542 536 554 1191 1017 1015 1283 1417 1201 1311 682 585 1078 1617 1071 1597 1393 70 636 1348 1018
344 225 337 971 1508 1332 999 1065 1518 0 945 704 639 949 389 1529 763 841 1019 1000 1007 1067 965 285 1155 320 754 1025 1027 1000 1023 660 140 949 696 1037 438 779 1530 782 848 928 364 1474 433 839 981 690 1521 777 1037 800 995 305 680 991 778 1048 936 778 1497 334 1097 1004 633 778 777 485 186 962 287 948 1040 839 226 513 1039 353 1544 989 789 779
634 800 637 956 1174 998 665 731 1184 945 0 951 625 615 782 1195 1010 389 685 666 673 733 1050 691 1173 709 449 1109 1012 665 689 829 834 615 922 1022 590 326 1196 768 396 113 809 1140 868 387 98 916 1187 325 1023 494 661 668 927 657 325 1034 1052 326 1163 910 763 670 618 326 325 710 844 82 738 614 706 387 842 498 1024 821 1210 655 775 327
511 534 514 501 1514 1338 1006 1071 1524 704 951 0 646 955 371 1535 90 847 1025 1007 1013 1073 293 568 482 443 857 352 413 1006 1029 343 684 956 379 755 397 785 1536 529 854 934 398 1480 312 845 987 374 1527 783 424 902 1001 545 57 997 784 434 263 784 1503 414 1104 1010 639 785 783 299 578 969 472 954 1046 845 504 519 425 410 1550 995 736 785
328 495 331 650 1188 1012 679 745 1198 639 625 646 0 628 476 1209 704 521 699 680 687 747 744 385 868 404 991 804 706 679 703 523 528 629 616 717 284 458 1210 462 528 608 503 1154 562 519 661 610 1200 457 717 1036 675 362 621 671 457 728 746 458 1177 664 777 684 313 458 457 404 538 642 433 628 720 519 739 192 719 515 1223 669 469 459
637 804 641 960 676 501 135 200 687 949 615 955 628 0 785 698 1013 510 155 136 143 203 1054 694 1177 713 980 1113 1016 135 158 832 837 65 925 1026 593 448 699 772 517 597 813 643 872 508 650 920 689 446 1027 1026 130 672 931 105 447 1037 1055 447 666 973 213 206 622 448 446 714 848 632 742 62 154 508 1048 502 1028 824 712 103 779 448
341 318 345 807 1344 1169 836 902 1355 389 782 371 476 785 0 1366 430 678 856 837 844 904 632 399 822 273 791 692 752 836 859 318 348 786 354 874 228 615 1367 504 685 765 81 1311 288 676 817 349 1357 614 763 836 832 376 347 828 614 774 603 615 1334 313 934 841 470 615 613 130 279 799 302 785 877 676 303 349 764 74 1380 826 626 616
1217 1384 1221 1540 212 247 770 836 223 1529 1195 1535 1209 698 1366 0 1594 1091 790 771 778 838 1634 1275 1757 1293 1561 1693 1596 770 794 1412 1418 698 1505 1606 1174 1028 41 1352 1097 1178 1393 105 1452 1089 1230 1500 51 1027 1607 1606 766 1252 1511 649 1027 1618 1636 1028 81 1553 547 565 1202 1028 1026 1294 1428 1212 1322 693 595 1089 1628 1082 1608 1404 248 647 1359 1029
569 592 573 444 1572 1397 1064 1129 1583 763 1010 90 704 1013 430 1594 0 906 1084 1065 1072 1132 236 627 425 501 916 295 356 1064 1087 402 743 1014 437 699 456 843 1595 587 913 993 457 1539 371 904 1045 432 1585 842 367 961 1060 604 116 1056 842 378 206 843 1562 472 1162 1069 638 843 841 358 636 1027 530 1013 1105 904 563 577 368 468 1608 1054 680 844
530 696 533 852 1069 894 561 627 1080 841 389 847 521 510 678 1091 906 0 581 562 569 629 946 587 1069 605 755 1005 908 561 584 725 730 511 817 918 486 172 1092 664 32 372 705 1036 764 32 424 812 1082 171 919 800 557 564 823 553 103 930 948 103 1059 865 659 566 514 172 103 606 740 406 634 510 602 32 940 394 920 717 1105 551 671 173
708 875 711 1030 769 593 152 133 779 1019 685 1025 699 155 856 790 1084 581 0 153 159 136 1124 765 1248 783 1051 1184 1086 152 131 903 908 156 996 1097 664 518 791 842 588 668 883 735 942 579 721 990 782 517 1097 1096 147 742 1001 197 518 1108 1126 518 758 1044 306 276 692 518 517 784 918 702 813 154 246 579 1118 572 1098 895 805 195 849 519
689 856 692 1011 750 575 63 198 760 1000 666 1007 680 136 837 771 1065 562 153 0 70 201 1105 746 1229 765 1032 1165 1068 63 156 884 889 137 977 1078 645 500 773 823 569 649 865 717 923 560 702 972 763 498 1078 1078 58 723 983 179 499 1089 1107 499 740 1025 287 257 674 500 498 765 899 683 794 136 228 560 1100 554 1080 876 786 177 830 500
695 862 699 1018 756 581 69 205 767 1007 673 1013 687 143 844 778 1072 569 159 70 0 207 1112 753 1235 771 1039 1171 1074 69 163 890 896 143 983 1084 652 506 779 830 575 656 871 723 930 567 708 978 769 505 1085 1084 65 730 989 185 505 1096 1114 505 746 1031 293 264 680 506 504 772 906 690 800 142 234 567 1106 560 1086 882 792 183 837 506
756 923 759 1078 817 641 200 105 827 1067 733 1073 747 203 904 838 1132 629 136 201 207 0 1172 813 1296 831 1099 1232 1134 200 140 951 956 204 1044 1144 712 566 839 890 636 716 931 783 990 627 769 1038 830 565 1145 1144 195 790 1049 245 566 1156 1174 566 806 1092 354 324 740 566 565 832 966 750 860 202 294 627 1166 620 1146 943 853 243 897 567
753 795 756 271 1613 1437 1104 1170 1623 965 1050 293 744 1054 632 1634 236 946 1124 1105 1112 1172 0 810 230 704 1118 94 183 1104 1128 604 945 1054 640 498 658 884 1635 738 953 1033 660 1579 574 944 1086 635 1626 882 194 1164 1100 787 319 1096 883 205 65 883 1602 675 1202 1109 465 883 882 560 839 1067 733 1053 1145 944 765 577 196 671 1649 1094 507 884
91 328 84 716 1253 1078 745 811 1264 285 691 568 385 694 399 1275 627 587 765 746 753 813 810 0 934 326 939 870 772 745 768 515 173 695 551 783 207 524 1276 528 594 674 426 1220 485 585 726 546 1266 523 783 984 741 51 544 737 523 794 799 524 1243 461 843 750 379 524 523 327 289 708 355 694 786 585 415 258 785 437 1289 735 535 525
876 984 880 395 1736 1561 1228 1293 1746 1155 1173 482 868 1177 822 1757 425 1069 1248 1229 1235 1296 230 934 0 893 1307 161 307 1228 1251 793 1077 1178 829 314 833 1007 1759 861 1076 1156 849 1703 763 1067 1209 824 1749 1005 317 1353 1223 911 508 1219 1006 328 260 1006 1726 864 1326 1232 588 1007 1005 750 1028 1191 922 1176 1268 1067 955 701 319 860 1772 1217 630 1007
269 128 272 735 1272 1096 764 829 1282 320 709 443 404 713 273 1293 501 605 783 765 771 831 704 326 893 0 859 763 791 764 787 390 278 713 426 801 155 543 1294 547 612 692 301 1238 360 603 745 421 1285 541 802 905 759 303 419 755 542 812 674 542 1261 381 862 768 397 543 541 201 172 726 82 712 804 603 372 277 803 312 1308 753 554 543
977 772 981 1300 1517 1342 1009 1074 1528 762 426 865 969 958 798 1538 923 733 1029 1010 1016 1077 1126 947 1315 867 0 1185 1246 1009 1032 955 802 959 991 1366 934 670 1540 1112 739 441 773 1484 728 730 416 985 1530 669 1257 94 1004 967 841 1001 669 1267 1096 669 1507 629 1107 1013 962 670 668 897 733 395 834 958 1050 731 562 842 1258 762 1553 999 1119 670
812 854 816 331 1672 1497 1164 1229 1682 1025 1109 352 804 1113 692 1693 295 1005 1184 1165 1171 1232 94 870 161 763 1178 0 243 1164 1187 664 1005 1114 699 429 718 943 1695 797 1012 1092 719 1639 633 1003 1145 694 1685 941 253 1223 1159 847 378 1155 942 264 125 942 1662 734 1262 1168 524 943 941 620 898 1127 792 1112 1204 1003 825 637 255 730 1708 1153 566 943
715 882 719 233 1575 1399 1066 1132 1585 1027 1012 413 706 1016 752 1596 356 908 1086 1068 1074 1134 183 772 307 791 1238 243 0 1067 1090 724 915 1016 760 498 671 846 1597 700 915 995 780 1541 694 906 1048 755 1588 844 59 1284 1062 750 439 1058 845 59 185 845 1564 795 1165 1071 427 845 844 680 926 1029 820 1015 1107 906 885 540 56 791 1611 1056 469 846
688 855 691 1011 749 574 62 197 759 1000 665 1006 679 135 836 770 1064 561 152 63 69 200 1104 745 1228 764 1031 1164 1067 0 155 883 888 136 976 1077 644 499 772 822 568 648 864 716 922 559 701 971 762 497 1077 1077 57 722 982 178 498 1088 1106 498 739 1024 286 257 673 499 497 764 898 683 793 135 227 559 1099 553 1079 875 785 176 829 499
711 878 715 1034 772 597 155 137 783 1023 689 1029 703 158 859 794 1087 584 131 156 163 140 1128 768 1251 787 1055 1187 1090 155 0 906 911 159 999 1100 668 522 795 846 591 672 887 739 946 582 724 994 785 520 1101 1100 150 746 1005 201 521 1111 1130 521 762 1047 309 280 696 522 520 788 922 706 816 158 250 582 1122 576 1102 898 808 199 853 522
458 481 462 704 1391 1216 883 948 1401 660 829 343 523 832 318 1412 402 725 903 884 890 951 604 515 793 390 947 664 724 883 906 0 632 833 124 771 345 662 1414 217 731 812 346 1358 260 722 864 119 1404 661 735 993 878 493 319 875 661 746 575 661 1381 361 981 887 367 662 660 247 525 846 419 832 924 722 460 356 736 357 1427 873 523 662
233 183 226 859 1396 1221 888 953 1407 140 834 684 528 837 348 1418 743 730 908 889 896 956 945 173 1077 278 794 1005 915 888 911 632 0 838 667 925 350 667 1419 671 736 817 322 1363 415 728 869 662 1409 666 926 839 883 193 660 880 666 937 916 667 1386 316 986 892 521 667 665 443 144 851 245 837 929 728 270 401 927 311 1432 878 678 668
638 805 641 960 676 501 136 201 687 949 615 956 629 65 786 698 1014 511 156 137 143 204 1054 695 1178 713 981 1114 1016 136 159 833 838 0 926 1027 594 449 699 772 518 598 813 643 872 509 651 920 689 447 1027 1027 131 672 931 105 448 1038 1056 448 666 974 213 206 623 448 447 714 848 632 743 62 154 509 1049 502 1029 825 712 103 779 449
494 517 497 797 1484 1309 976 1041 1494 696 922 379 616 925 354 1505 437 817 996 977 983 1044 640 551 829 426 983 699 760 976 999 124 667 926 0 863 380 755 1507 309 824 904 381 1451 295 815 957 38 1497 753 771 1028 971 528 355 967 754 782 610 754 1474 397 1074 980 459 755 753 282 561 939 455 924 1016 815 495 449 772 393 1520 965 616 755
725 892 729 512 1585 1410 1077 1142 1595 1037 1022 755 717 1026 874 1606 699 918 1097 1078 1084 1144 498 783 314 801 1388 429 498 1077 1100 771 925 1027 863 0 682 856 1607 710 925 1005 901 1551 960 916 1058 858 1598 854 509 1434 1072 760 781 1068 855 520 528 855 1575 1061 1175 1081 437 856 854 802 936 1040 830 1025 1117 916 1136 550 511 912 1621 1066 453 856
149 246 153 615 1153 977 644 710 1163 438 590 397 284 593 228 1174 456 486 664 645 652 712 658 207 833 155 956 718 671 644 668 345 350 594 380 682 0 423 1175 427 493 573 255 1119 314 484 626 375 1165 422 682 1001 640 184 373 636 422 693 629 423 1142 415 742 649 278 423 422 156 290 607 184 593 685 484 490 157 684 266 1188 634 434 424
467 634 470 790 1007 831 499 564 1017 779 326 785 458 448 615 1028 843 172 518 500 506 566 884 524 1007 543 692 943 846 499 522 662 667 449 755 856 423 0 1029 601 179 309 643 973 701 195 362 750 1020 56 856 738 494 501 761 490 109 867 885 109 996 803 597 503 452 56 108 543 677 344 572 447 539 195 878 332 858 654 1043 488 608 56
1219 1386 1222 1541 214 248 772 837 224 1530 1196 1536 1210 699 1367 41 1595 1092 791 773 779 839 1635 1276 1759 1294 1562 1695 1597 772 795 1414 1419 699 1507 1607 1175 1029 0 1353 1099 1179 1394 106 1453 1090 1232 1501 52 1028 1608 1607 767 1253 1512 650 1029 1619 1637 1029 82 1555 549 566 1203 1029 1028 1295 1429 1213 1323 694 597 1090 1629 1083 1609 1406 249 648 1360 1030
471 638 474 644 1331 1155 822 888 1341 782 768 529 462 772 504 1352 587 664 842 823 830 890 738 528 861 547 1133 797 700 822 846 217 671 772 309 710 427 601 1353 0 671 751 532 1297 446 662 804 304 1343 600 711 1178 818 505 505 814 600 721 740 601 1320 547 920 827 306 601 600 432 681 785 576 771 863 662 646 295 712 543 1366 812 463 602
536 703 540 859 1076 901 568 633 1087 848 396 854 528 517 685 1097 913 32 588 569 575 636 953 594 1076 612 762 1012 915 568 591 731 736 518 824 925 493 179 1099 671 0 379 712 1043 771 30 431 819 1089 177 926 807 563 571 830 560 110 936 955 110 1066 872 666 572 521 179 110 613 747 413 641 517 609 30 947 401 927 723 1112 558 678 179
617 783 620 939 1157 981 648 714 1167 928 113 934 608 597 765 1178 993 372 668 649 656 716 1033 674 1156 692 463 1092 995 648 672 812 817 598 904 1005 573 309 1179 751 379 0 792 1123 851 370 112 899 1169 308 1006 508 644 651 910 640 308 1017 1035 309 1146 924 746 653 601 309 308 693 827 97 721 597 689 370 856 481 1007 804 1192 638 758 310
369 292 372 835 1372 1196 863 929 1382 364 809 398 503 813 81 1393 457 705 883 865 871 931 660 426 849 301 765 719 780 864 887 346 322 813 381 901 255 643 1394 532 712 792 0 1338 315 703 845 376 1385 641 790 810 859 403 374 855 642 801 630 642 1361 287 962 868 497 642 641 157 253 826 330 812 904 703 277 377 792 49 1408 853 654 643
1163 1330 1166 1485 157 192 715 781 168 1474 1140 1480 1154 643 1311 105 1539 1036 735 717 723 783 1579 1220 1703 1238 1506 1639 1541 716 739 1358 1363 643 1451 1551 1119 973 106 1297 1043 1123 1338 0 1397 1034 1176 1445 97 972 1552 1551 711 1197 1456 594 973 1563 1581 973 88 1499 493 510 1147 973 972 1239 1373 1157 1267 638 541 1034 1573 1027 1553 1350 193 592 1304 974
427 385 431 782 1431 1255 922 988 1441 433 868 312 562 872 288 1452 371 764 942 923 930 990 574 485 763 360 721 633 694 922 946 260 415 872 295 960 314 701 1453 446 771 851 315 1397 0 762 904 290 1444 700 704 766 918 462 288 914 701 715 544 701 1420 135 1020 927 556 701 700 216 346 885 389 871 963 762 233 436 706 327 1467 912 712 702
528 694 531 850 1067 892 559 624 1078 839 387 845 519 508 676 1089 904 32 579 560 567 627 944 585 1067 603 753 1003 906 559 582 722 728 509 815 916 484 195 1090 662 30 370 703 1034 762 0 422 810 1080 194 917 798 555 562 821 551 126 928 946 126 1057 863 657 564 512 195 126 604 738 404 632 508 600 29 938 392 918 714 1103 549 669 195
669 836 673 992 1209 1034 701 766 1219 981 98 987 661 650 817 1230 1045 424 721 702 708 769 1086 726 1209 745 438 1145 1048 701 724 864 869 651 957 1058 626 362 1232 804 431 112 845 1176 904 422 0 952 1222 360 1059 484 696 704 963 693 361 1069 1088 361 1199 899 799 705 654 362 360 746 880 72 774 650 741 422 831 534 1060 856 1245 691 811 362
489 512 492 792 1479 1303 971 1036 1489 690 916 374 610 920 349 1500 432 812 990 972 978 1038 635 546 824 421 978 694 755 971 994 119 662 920 38 858 375 750 1501 304 819 899 376 1445 290 810 952 0 1492 748 766 1023 966 523 349 962 749 776 605 749 1468 392 1069 975 454 750 748 277 555 933 450 919 1011 810 490 444 767 388 1515 960 611 750
1209 1376 1213 1532 204 238 762 827 214 1521 1187 1527 1200 689 1357 51 1585 1082 782 763 769 830 1626 1266 1749 1285 1552 1685 1588 762 785 1404 1409 689 1497 1598 1165 1020 52 1343 1089 1169 1385 97 1444 1080 1222 1492 0 1018 1598 1598 757 1244 1503 641 1019 1609 1627 1019 73 1545 539 556 1194 1020 1018 1285 1419 1204 1314 684 587 1080 1620 1074 1600 1396 240 639 1351 1020
466 632 469 788 1005 830 497 563 1016 777 325 783 457 446 614 1027 842 171 517 498 505 565 882 523 1005 541 691 941 844 497 520 661 666 447 753 854 422 56 1028 600 177 308 641 972 700 194 360 748 1018 0 855 736 493 500 759 489 107 866 884 108 995 801 595 502 450 56 106 542 676 342 570 446 538 193 876 330 856 653 1041 487 607 56
726 893 729 244 1586 1410 1077 1143 1596 1037 1023 424 717 1027 763 1607 367 919 1097 1078 1085 1145 194 783 317 802 1249 253 59 1077 1101 735 926 1027 771 509 682 856 1608 711 926 1006 790 1552 704 917 1059 766 1598 855 0 1294 1073 760 449 1069 855 48 196 856 1575 806 1175 1082 438 856 855 691 936 1040 831 1026 1118 917 896 550 45 802 1621 1067 480 857
1023 817 1026 1345 1563 1387 1054 1120 1573 807 472 910 1014 1003 844 1584 968 778 1074 1055 1062 1122 1171 992 1360 912 94 1230 1291 1054 1078 1000 847 1004 1036 1411 979 715 1585 1157 785 486 818 1529 774 776 461 1031 1575 714 1302 0 1050 1012 886 1046 714 1313 1141 715 1552 675 1152 1059 1007 715 714 943 778 440 879 1003 1095 776 607 887 1303 807 1598 1044 1164 716
683 850 687 1006 744 569 57 193 755 995 661 1001 675 130 832 766 1060 557 147 58 65 195 1100 741 1223 759 1027 1159 1062 57 150 878 883 131 971 1072 640 494 767 818 563 644 859 711 918 555 696 966 757 493 1073 1072 0 718 977 173 493 1083 1102 493 734 1019 281 252 668 494 492 760 894 678 788 130 222 555 1094 548 1074 870 780 171 825 494
79 348 82 693 1231 1055 722 788 1241 305 668 545 362 672 376 1252 604 564 742 723 730 790 787 51 911 303 959 847 750 722 746 493 193 672 528 760 184 501 1253 505 571 651 403 1197 462 562 704 523 1244 500 760 1005 718 0 521 714 501 771 777 501 1220 481 820 727 356 501 500 304 309 685 332 671 763 562 435 236 762 414 1267 712 512 502
487 510 490 527 1490 1314 982 1047 1500 680 927 57 621 931 347 1511 116 823 1001 983 989 1049 319 544 508 419 833 378 439 982 1005 319 660 931 355 781 373 761 1512 505 830 910 374 1456 288 821 963 349 1503 759 449 878 977 521 0 973 760 460 289 760 1479 390 1080 986 615 761 759 275 553 944 448 930 1022 821 480 495 451 386 1526 971 762 761
680 846 683 1002 628 452 178 243 638 991 657 997 671 105 828 649 1056 553 197 179 185 245 1096 737 1219 755 1023 1155 1058 178 201 875 880 105 967 1068 636 490 650 814 560 640 855 594 914 551 693 962 641 489 1069 1068 173 714 973 0 489 1080 1098 490 617 1015 165 235 664 490 489 756 890 674 784 100 105 551 1090 544 1070 867 664 72 821 491
466 633 470 789 1006 831 498 563 1016 778 325 784 457 447 614 1027 842 103 518 499 505 566 883 523 1006 542 691 942 845 498 521 661 666 448 754 855 422 109 1029 600 110 308 642 973 701 126 361 749 1019 107 855 737 493 501 760 489 0 866 884 52 996 802 596 502 451 109 52 542 676 343 571 446 538 125 877 331 857 653 1042 487 608 109
737 903 740 255 1596 1421 1088 1153 1607 1048 1034 434 728 1037 774 1618 378 930 1108 1089 1096 1156 205 794 328 812 1260 264 59 1088 1111 746 937 1038 782 520 693 867 1619 721 936 1017 801 1563 715 928 1069 776 1609 866 48 1305 1083 771 460 1080 866 0 207 867 1586 817 1186 1092 449 867 865 702 947 1051 841 1037 1129 928 907 561 45 813 1632 1078 490 868
742 765 746 273 1615 1439 1106 1172 1625 936 1052 263 746 1055 603 1636 206 948 1126 1107 1114 1174 65 799 260 674 1089 125 185 1106 1130 575 916 1056 610 528 629 885 1637 740 955 1035 630 1581 544 946 1088 605 1627 884 196 1134 1102 777 289 1098 884 207 0 885 1604 645 1204 1111 467 885 884 531 809 1069 703 1055 1147 946 736 579 197 641 1650 1096 509 886
466 633 470 789 1006 831 498 563 1017 778 326 784 458 447 615 1028 843 103 518 499 505 566 883 524 1006 542 692 942 845 498 521 661 667 448 754 855 423 109 1029 601 110 309 642 973 701 126 361 749 1019 108 856 737 493 501 760 490 52 867 885 0 996 802 596 502 451 109 52 543 677 343 571 447 539 125 877 331 857 653 1042 488 608 109
1186 1353 1189 1508 181 215 739 804 191 1497 1163 1503 1177 666 1334 81 1562 1059 758 740 746 806 1602 1243 1726 1261 1529 1662 1564 739 762 1381 1386 666 1474 1575 1142 996 82 1320 1066 1146 1361 88 1420 1057 1199 1468 73 995 1575 1574 734 1220 1479 617 996 1586 1604 996 0 1522 516 533 1170 996 995 1262 1396 1180 1291 661 564 1057 1596 1050 1576 1373 216 615 1327 997
521 286 514 883 1532 1357 1024 1089 1542 334 880 414 664 973 313 1553 472 865 1044 1025 1031 1092 675 461 864 381 622 734 795 1024 1047 361 316 974 397 1061 415 803 1555 547 872 894 287 1499 135 863 869 392 1545 801 806 667 1019 481 390 1015 802 817 645 802 1522 0 1122 1028 657 803 801 317 247 848 348 972 1064 863 134 537 807 276 1568 1013 814 803
786 953 789 1108 526 351 286 351 536 1097 763 1104 777 213 934 547 1162 659 306 287 293 354 1202 843 1326 862 1129 1262 1165 286 309 981 986 213 1074 1175 742 597 549 920 666 746 962 493 1020 657 799 1069 539 595 1175 1175 281 820 1080 165 596 1186 1204 596 516 1122 0 133 771 597 595 862 996 780 891 208 111 657 1197 651 1177 973 562 163 927 597
692 859 696 1015 543 368 256 322 554 1004 670 1010 684 206 841 565 1069 566 276 257 264 324 1109 750 1232 768 1036 1168 1071 257 280 887 892 206 980 1081 649 503 566 827 572 653 868 510 927 564 705 975 556 502 1082 1081 252 727 986 235 502 1092 1111 502 533 1028 133 0 677 503 501 769 903 687 797 205 181 564 1103 557 1083 879 579 233 834 503
321 488 325 371 1181 1006 673 738 1191 633 618 639 313 622 470 1202 638 514 692 674 680 740 465 379 588 397 984 524 427 673 696 367 521 623 459 437 278 452 1203 306 521 601 497 1147 556 512 654 454 1194 450 438 1030 668 356 615 664 451 449 467 451 1170 657 771 677 0 452 450 398 532 636 426 621 713 512 732 146 439 508 1217 662 190 452
467 634 470 789 1007 831 498 564 1017 778 326 785 458 448 615 1028 843 172 518 500 506 566 883 524 1007 543 692 943 845 499 522 662 667 448 755 856 423 56 1029 601 179 309 642 973 701 195 362 750 1020 56 856 738 494 501 761 490 109 867 885 109 996 803 597 503 452 0 108 543 677 343 572 447 539 195 878 331 858 654 1043 488 608 56
465 632 469 788 1005 830 497 562 1015 777 325 783 457 446 613 1026 841 103 517 498 504 565 882 523 1005 541 691 941 844 497 520 660 665 447 753 854 422 108 1028 600 110 308 641 972 700 126 360 748 1018 106 855 736 492 500 759 489 52 865 884 52 995 801 595 501 450 108 0 542 676 342 570 446 537 125 876 330 856 652 1041 487 607 108
269 293 273 735 1273 1097 764 830 1283 485 710 299 404 714 130 1294 358 606 784 765 772 832 560 327 750 201 890 620 680 764 788 247 443 714 282 802 156 543 1295 432 613 693 157 1239 216 604 746 277 1285 542 691 935 760 304 275 756 542 702 531 543 1262 317 862 769 398 543 542 0 336 727 231 713 805 604 402 278 693 168 1308 754 554 544
349 76 342 869 1407 1231 898 964 1417 186 844 578 538 848 279 1428 636 740 918 899 906 966 839 289 1028 172 725 898 926 898 922 525 144 848 561 936 290 677 1429 681 747 827 253 1373 346 738 880 555 1419 676 936 770 894 309 553 890 676 947 809 677 1396 247 996 903 532 677 676 336 0 861 138 847 939 738 237 412 938 242 1442 888 688 678
651 818 654 973 1191 1015 682 748 1201 962 82 969 642 632 799 1212 1027 406 702 683 690 750 1067 708 1191 726 417 1127 1029 683 706 846 851 632 939 1040 607 344 1213 785 413 97 826 1157 885 404 72 933 1204 342 1040 462 678 685 944 674 343 1051 1069 343 1180 878 780 687 636 343 342 727 861 0 756 631 723 404 810 515 1042 838 1227 672 792 344
298 95 301 764 1301 1126 793 858 1311 287 738 472 433 742 302 1322 530 634 813 794 800 860 733 355 922 82 826 792 820 793 816 419 245 743 455 830 184 572 1323 576 641 721 330 1267 389 632 774 450 1314 570 831 872 788 332 448 784 571 841 703 571 1291 348 891 797 426 572 570 231 138 756 0 741 833 632 339 306 832 341 1337 782 583 572
637 803 640 959 671 496 135 200 682 948 614 954 628 62 785 693 1013 510 154 136 142 202 1053 694 1176 712 980 1112 1015 135 158 832 837 62 924 1025 593 447 694 771 517 597 812 638 871 508 650 919 684 446 1026 1025 130 671 930 100 446 1037 1055 447 661 972 208 205 621 447 446 713 847 631 741 0 149 508 1047 501 1027 824 707 98 778 448
729 895 732 1051 574 399 226 292 585 1040 706 1046 720 154 877 595 1105 602 246 228 234 294 1145 786 1268 804 1072 1204 1107 227 250 924 929 154 1016 1117 685 539 597 863 609 689 904 541 963 600 741 1011 587 538 1118 1117 222 763 1022 105 538 1129 1147 539 564 1064 111 181 713 539 537 805 939 723 833 149 0 600 1139 593 1119 916 610 103 870 540
528 694 531 850 1067 892 559 624 1078 839 387 845 519 508 676 1089 904 32 579 560 567 627 944 585 1067 603 753 1003 906 559 582 722 728 509 815 916 484 195 1090 662 30 370 703 1034 762 29 422 810 1080 193 917 798 555 562 821 551 125 928 946 125 1057 863 657 564 512 195 125 604 738 404 632 508 600 0 938 392 918 715 1103 549 669 195
475 277 468 973 1607 1431 1099 1164 1617 226 812 504 739 1048 303 1628 563 940 1118 1100 1106 1166 765 415 955 372 554 825 885 1099 1122 460 270 1049 495 1136 490 878 1629 646 947 826 277 1573 233 938 801 490 1620 876 896 600 1094 435 480 1090 877 907 736 877 1596 134 1197 1103 732 878 876 402 237 780 339 1047 1139 938 0 612 898 267 1643 1088 889 878
201 368 205 483 1061 885 552 618 1071 513 498 519 192 502 349 1082 577 394 572 554 560 620 577 258 701 277 864 637 540 553 576 356 401 502 449 550 157 332 1083 295 401 481 377 1027 436 392 534 444 1074 330 550 910 548 236 495 544 331 561 579 331 1050 537 651 557 146 331 330 278 412 515 306 501 593 392 612 0 552 388 1097 542 302 332
727 894 731 246 1587 1411 1079 1144 1597 1039 1024 425 719 1028 764 1608 368 920 1098 1080 1086 1146 196 785 319 803 1250 255 56 1079 1102 736 927 1029 772 511 684 858 1609 712 927 1007 792 1553 706 918 1060 767 1600 856 45 1296 1074 762 451 1070 857 45 197 857 1576 807 1177 1083 439 858 856 693 938 1042 832 1027 1119 918 898 552 0 803 1623 1068 481 858
380 281 383 846 1383 1208 875 940 1393 353 821 410 515 824 74 1404 468 717 895 876 882 943 671 437 860 312 754 730 791 875 898 357 311 825 393 912 266 654 1406 543 723 804 49 1350 327 714 856 388 1396 653 802 800 870 414 386 867 653 813 641 653 1373 276 973 879 508 654 652 168 242 838 341 824 916 715 267 388 803 0 1419 865 665 654
1232 1399 1236 1555 141 261 785 850 70 1544 1210 1550 1223 712 1380 248 1608 1105 805 786 792 853 1649 1289 1772 1308 1575 1708 1611 785 808 1427 1432 712 1520 1621 1188 1043 249 1366 1112 1192 1408 193 1467 1103 1245 1515 240 1041 1621 1621 780 1267 1526 664 1042 1632 1650 1042 216 1568 562 579 1217 1043 1041 1308 1442 1227 1337 707 610 1103 1643 1097 1623 1419 0 662 1374 1043
678 844 681 1000 626 450 176 241 636 989 655 995 669 103 826 647 1054 551 195 177 183 243 1094 735 1217 753 1021 1153 1056 176 199 873 878 103 965 1066 634 488 648 812 558 638 853 592 912 549 691 960 639 487 1067 1066 171 712 971 72 487 1078 1096 488 615 1013 163 233 662 488 487 754 888 672 782 98 103 549 1088 542 1068 865 662 0 819 489
478 645 481 413 1338 1162 829 895 1348 789 775 736 469 779 626 1359 680 671 849 830 837 897 507 535 630 554 1141 566 469 829 853 523 678 779 616 453 434 608 1360 463 678 758 654 1304 712 669 811 611 1351 607 480 1186 825 512 762 821 608 490 509 608 1327 814 927 834 190 608 607 554 688 792 583 778 870 669 889 302 481 665 1374 819 0 609
467 634 471 790 1007 832 499 564 1018 779 327 785 459 448 616 1029 844 173 519 500 506 567 884 525 1007 543 693 943 846 499 522 662 668 449 755 856 424 56 1030 602 179 310 643 974 702 195 362 750 1020 56 857 738 494 502 761 491 109 868 886 109 997 803 597 503 452 56 108 544 678 344 572 448 540 195 878 332 858 654 1043 489 609 0
EOF