NAME : tsp_problem
TYPE : TSP
DIMENSION : 46
EDGE_WEIGHT_TYPE : EXPLICIT
EDGE_WEIGHT_FORMAT : FULL_MATRIX
EDGE_WEIGHT_SECTION
0 301 850 255 160 760 1038 950 998 1093 234 924 599 872 618 107 616 486 556 776 637 749 628 680 680 683 160 944 485 1272 806 606 1100 802 72 1064 985 1098 549 104 549 822 953 645 983 169
301 0 1102 421 151 1011 1289 1201 1250 1344 488 1176 851 1124 662 255 660 737 807 1027 681 1001 673 932 931 934 150 1195 736 1523 1057 858 1352 1054 309 1316 1237 1350 800 357 800 1074 1205 897 1235 423
850 1102 0 878 961 482 471 636 684 550 923 357 435 305 1366 910 1364 641 711 281 1385 435 1376 836 836 839 961 630 640 819 384 442 696 524 857 751 418 531 705 813 704 544 640 481 178 859
255 421 878 0 280 787 1065 977 1026 1120 328 952 627 900 685 314 684 513 583 803 704 777 696 708 707 710 280 971 512 1299 833 634 1128 830 262 1092 1013 1126 576 218 576 850 981 673 1011 263
160 151 961 280 0 870 1148 1060 1108 1203 346 1035 710 982 521 113 519 596 666 886 540 860 531 791 790 793 63 1054 595 1382 916 717 1211 912 168 1175 1096 1209 659 216 659 933 1064 756 1093 282
760 1011 482 787 870 0 496 695 743 365 833 382 345 330 1275 819 1274 551 621 234 1294 494 1286 745 745 748 871 689 550 845 264 208 721 74 767 810 443 557 614 723 614 94 699 391 454 768
1038 1289 471 1065 1148 496 0 409 458 555 1111 371 623 319 1553 1097 1552 829 899 295 1572 567 1564 1023 1023 1026 1149 679 828 382 398 486 258 538 1045 712 283 94 892 1001 892 558 681 669 443 1046
950 1201 636 977 1060 695 409 0 81 932 1023 747 534 695 1465 1009 1464 741 810 671 1484 238 1476 935 935 938 1060 350 740 403 741 541 231 737 957 463 659 352 804 912 804 757 352 580 769 958
998 1250 684 1026 1108 743 458 81 0 980 1071 796 583 744 1514 1058 1512 789 859 720 1533 287 1524 984 983 986 1109 398 788 451 789 590 280 786 1005 512 707 401 852 961 852 806 401 629 817 1006
1093 1344 550 1120 1203 365 555 932 980 0 1166 228 678 269 1609 1152 1607 884 954 374 1628 828 1619 804 800 803 1204 1022 883 904 334 541 780 330 1100 1143 316 616 947 1056 947 303 1032 724 522 1101
234 488 923 328 346 833 1111 1023 1071 1166 0 997 672 945 805 294 803 559 628 849 823 822 815 753 753 756 347 1017 558 1345 879 679 1173 875 241 1137 1058 1171 622 197 622 895 1026 718 1056 188
924 1176 357 952 1035 382 371 747 796 228 997 0 509 76 1440 984 1438 715 785 182 1459 659 1450 910 909 912 1035 853 714 720 284 372 596 420 931 974 319 432 778 887 778 393 863 555 329 932
599 851 435 627 710 345 623 534 583 678 672 509 0 457 1115 659 1113 390 460 361 1134 334 1125 585 584 587 710 528 389 856 391 191 685 387 606 649 570 683 453 562 453 407 538 82 568 607
872 1124 305 900 982 330 319 695 744 269 945 76 457 0 1388 932 1386 663 733 130 1407 607 1398 858 857 860 983 801 662 668 232 320 544 372 879 922 267 380 726 835 726 393 811 503 277 880
618 662 1366 685 521 1275 1553 1465 1514 1609 805 1440 1115 1388 0 571 179 1001 1071 1292 46 1265 48 1196 1196 1198 521 1459 1000 1787 1322 1122 1616 1318 626 1580 1501 1614 1065 674 1064 1338 1469 1161 1499 740
107 255 910 314 113 819 1097 1009 1058 1152 294 984 659 932 571 0 570 545 615 835 590 809 582 740 739 742 114 1003 544 1331 865 666 1160 861 115 1124 1045 1158 608 163 608 882 1013 705 1043 229
616 660 1364 684 519 1274 1552 1464 1512 1607 803 1438 1113 1386 179 570 0 1000 1069 1290 198 1263 190 1194 1194 1197 520 1458 999 1786 1320 1120 1614 1316 624 1578 1499 1612 1063 673 1063 1336 1467 1159 1497 738
486 737 641 513 596 551 829 741 789 884 559 715 390 663 1001 545 1000 0 179 567 1020 540 1012 353 353 356 596 735 56 1063 597 397 891 593 493 855 776 890 172 449 172 613 745 436 774 494
556 807 711 583 666 621 899 810 859 954 628 785 460 733 1071 615 1069 179 0 637 1090 610 1082 423 423 426 666 804 177 1132 667 467 961 663 563 925 846 959 32 518 31 683 814 506 844 564
776 1027 281 803 886 234 295 671 720 374 849 182 361 130 1292 835 1290 567 637 0 1311 511 1302 762 761 764 887 705 566 644 136 224 520 276 783 826 243 356 630 739 630 296 715 407 254 784
637 681 1385 704 540 1294 1572 1484 1533 1628 823 1459 1134 1407 46 590 198 1020 1090 1311 0 1284 53 1215 1214 1217 540 1478 1019 1806 1341 1141 1635 1337 645 1599 1520 1633 1083 693 1083 1357 1488 1180 1518 759
749 1001 435 777 860 494 567 238 287 828 822 659 334 607 1265 809 1263 540 610 511 1284 0 1275 735 734 737 860 239 539 560 541 341 389 537 756 353 720 510 603 712 603 557 242 380 568 757
628 673 1376 696 531 1286 1564 1476 1524 1619 815 1450 1125 1398 48 582 190 1012 1082 1302 53 1275 0 1206 1206 1209 532 1470 1011 1798 1332 1132 1626 1328 636 1590 1511 1625 1075 685 1075 1348 1480 1171 1509 750
680 932 836 708 791 745 1023 935 984 834 753 910 585 858 1196 740 1194 353 423 762 1215 735 1206 0 74 77 791 929 352 1257 792 592 1086 788 687 1050 935 1084 416 643 416 808 939 631 969 689
680 931 836 707 790 745 1023 935 983 830 753 909 584 857 1196 739 1194 353 423 761 1214 734 1206 74 0 73 791 929 352 1257 791 591 1085 787 687 1049 930 1084 416 643 416 807 939 630 968 688
683 934 839 710 793 748 1026 938 986 832 756 912 587 860 1198 742 1197 356 426 764 1217 737 1209 77 73 0 793 932 355 1260 794 594 1088 790 690 1052 933 1087 419 646 419 810 942 633 971 691
160 150 961 280 63 871 1149 1060 1109 1204 347 1035 710 983 521 114 520 596 666 887 540 860 532 791 791 793 0 1054 595 1382 917 717 1211 913 168 1175 1096 1209 660 217 659 933 1064 756 1094 282
944 1195 630 971 1054 689 679 350 398 1022 1017 853 528 801 1459 1003 1458 735 804 705 1478 239 1470 929 929 932 1054 0 734 641 735 535 500 731 951 307 914 622 798 906 798 751 119 574 763 952
485 736 640 512 595 550 828 740 788 883 558 714 389 662 1000 544 999 56 177 566 1019 539 1011 352 352 355 595 734 0 1062 596 396 890 592 492 854 775 888 171 447 171 612 743 435 773 493
1272 1523 819 1299 1382 845 382 403 451 904 1345 720 856 668 1787 1331 1786 1063 1132 644 1806 560 1798 1257 1257 1260 1382 641 1062 0 747 835 278 887 1279 370 631 325 1126 1234 1126 907 548 903 792 1280
806 1057 384 833 916 264 398 741 789 334 879 284 391 232 1322 865 1320 597 667 136 1341 541 1332 792 791 794 917 735 596 747 0 254 623 306 813 856 345 458 660 769 660 326 745 437 356 814
606 858 442 634 717 208 486 541 590 541 679 372 191 320 1122 666 1120 397 467 224 1141 341 1132 592 591 594 717 535 396 835 254 0 692 250 613 656 433 547 460 569 460 270 545 237 444 614
1100 1352 696 1128 1211 721 258 231 280 780 1173 596 685 544 1616 1160 1614 891 961 520 1635 389 1626 1086 1085 1088 1211 500 890 278 623 692 0 763 1107 489 508 201 954 1063 954 783 503 731 668 1108
802 1054 524 830 912 74 538 737 786 330 875 420 387 372 1318 861 1316 593 663 276 1337 537 1328 788 787 790 913 731 592 887 306 250 763 0 809 852 486 599 656 765 656 59 741 433 496 810
72 309 857 262 168 767 1045 957 1005 1100 241 931 606 879 626 115 624 493 563 783 645 756 636 687 687 690 168 951 492 1279 813 613 1107 809 0 1071 992 1105 556 111 556 829 961 652 990 176
1064 1316 751 1092 1175 810 712 463 512 1143 1137 974 649 922 1580 1124 1578 855 925 826 1599 353 1590 1050 1049 1052 1175 307 854 370 856 656 489 852 1071 0 962 656 918 1027 918 872 214 695 883 1072
985 1237 418 1013 1096 443 283 659 707 316 1058 319 570 267 1501 1045 1499 776 846 243 1520 720 1511 905 900 903 1096 914 775 631 345 433 508 486 992 962 0 343 839 948 839 506 924 616 391 993
1098 1350 531 1126 1209 557 94 352 401 616 1171 432 683 380 1614 1158 1612 890 959 356 1633 510 1625 1084 1084 1087 1209 622 888 325 458 547 201 599 1105 656 343 0 953 1061 952 619 624 729 504 1107
549 800 705 576 659 614 892 804 852 947 622 778 453 726 1065 608 1063 172 32 630 1083 603 1075 416 416 419 660 798 171 1126 660 460 954 656 556 918 839 953 0 512 35 676 808 499 837 557
104 357 813 218 216 723 1001 912 961 1056 197 887 562 835 674 163 673 449 518 739 693 712 685 643 643 646 217 906 447 1234 769 569 1063 765 111 1027 948 1061 512 0 512 785 916 608 946 132
549 800 704 576 659 614 892 804 852 947 622 778 453 726 1064 608 1063 172 31 630 1083 603 1075 416 416 419 659 798 171 1126 660 460 954 656 556 918 839 952 35 512 0 676 807 499 837 557
822 1074 544 850 933 94 558 757 806 303 895 393 407 393 1338 882 1336 613 683 296 1357 557 1348 808 807 810 933 751 612 907 326 270 783 59 829 872 506 619 676 785 676 0 761 453 517 830
953 1205 640 981 1064 699 681 352 401 1032 1026 863 538 811 1469 1013 1467 745 814 715 1488 242 1480 939 939 942 1064 119 743 548 745 545 503 741 961 214 924 624 808 916 807 761 0 584 772 962
645 897 481 673 756 391 669 580 629 724 718 555 82 503 1161 705 1159 436 506 407 1180 380 1171 631 630 633 756 574 435 903 437 237 731 433 652 695 616 729 499 608 499 453 584 0 614 654
983 1235 178 1011 1093 454 443 769 817 522 1056 329 568 277 1499 1043 1497 774 844 254 1518 568 1509 969 968 971 1094 763 773 792 356 444 668 496 990 883 391 504 837 946 837 517 772 614 0 991
169 423 859 263 282 768 1046 958 1006 1101 188 932 607 880 740 229 738 494 564 784 759 757 750 689 688 691 282 952 493 1280 814 614 1108 810 176 1072 993 1107 557 132 557 830 962 654 991 0
EOF