NAME : tsp_problem
TYPE : TSP
DIMENSION : 56
EDGE_WEIGHT_TYPE : EXPLICIT
EDGE_WEIGHT_FORMAT : FULL_MATRIX
EDGE_WEIGHT_SECTION
0 714 444 512 695 861 882 342 103 810 1059 554 888 52 522 494 830 948 926 943 775 1028 52 489 108 992 714 788 721 1028 830 108 897 555 357 305 107 507 557 108 446 1022 1037 849 548 600 560 533 881 355 658 352 600 358 103 849
714 0 1002 482 815 450 1322 899 779 401 643 994 1008 714 641 464 1269 533 517 524 895 1467 715 928 716 1432 684 908 312 1467 1270 716 488 675 915 862 714 626 180 715 885 1462 1477 969 667 1039 999 973 308 912 778 910 1040 916 778 1289
341 899 0 697 879 1046 1067 67 405 995 1243 739 778 341 706 678 1014 1133 1111 1128 948 1212 342 673 343 1177 899 973 905 1212 1015 343 1082 739 84 270 341 691 742 342 630 1207 1222 766 732 784 744 718 1065 83 843 85 785 86 405 1034
512 482 799 0 510 629 1120 697 576 578 827 792 703 512 439 57 1067 716 694 711 693 1265 513 726 514 1230 340 706 489 1265 1067 514 665 473 713 660 512 424 325 513 683 1260 1275 688 465 837 797 771 649 710 576 708 838 713 576 1087
695 815 929 510 0 820 1302 880 759 655 697 974 327 695 335 492 1250 782 613 892 395 1448 696 909 697 1412 251 451 802 1448 1250 696 584 512 895 843 695 224 658 696 866 1443 1457 212 361 1020 980 954 981 893 327 890 1020 896 759 1270
861 450 1149 629 820 0 1469 1046 925 213 284 1141 863 861 788 611 1416 174 237 286 1042 1614 862 1075 863 1579 831 1055 185 1614 1416 863 262 822 1062 1009 861 773 436 862 1032 1609 1624 989 814 1186 1146 1120 376 1059 925 1057 1187 1063 925 1436
882 1322 1170 1120 1302 1469 0 1067 946 1418 1666 683 1495 882 1129 1101 102 1556 1534 1551 1383 184 883 504 884 149 1322 1396 1328 184 102 884 1505 1162 1083 1030 882 1114 1165 883 548 179 194 1456 1155 655 688 449 1488 1080 1266 1078 408 1084 946 68
342 899 170 697 880 1046 1067 0 406 995 1244 739 796 342 707 679 1015 1133 1112 1129 960 1213 343 674 344 1177 899 974 906 1213 1015 343 1083 740 67 253 342 692 742 343 631 1208 1222 784 733 785 745 719 1066 66 843 68 785 69 406 1035
103 779 508 576 759 925 946 406 0 874 1123 618 952 103 586 558 894 1012 991 1008 839 1092 103 553 173 1056 779 853 785 1092 894 172 962 619 421 369 171 571 621 172 510 1087 1101 913 612 664 624 598 945 419 722 417 664 422 36 914
810 401 1098 578 655 213 1418 995 874 0 286 1090 698 810 737 560 1365 175 194 288 991 1563 811 1024 812 1528 687 1004 225 1563 1365 812 165 771 1011 958 810 660 385 811 981 1558 1573 824 763 1135 1095 1069 498 1008 763 1006 1136 1012 874 1385
1059 643 1346 827 697 284 1666 1244 1123 286 0 1338 740 1059 813 808 1614 147 233 226 1050 1812 1060 1273 1060 1776 729 1105 412 1812 1614 1060 259 990 1259 1207 1059 702 634 1060 1230 1806 1821 866 839 1384 1343 1317 440 1257 805 1254 1384 1260 1123 1633
554 994 842 792 974 1141 683 739 618 1090 1338 0 1167 554 801 773 630 1228 1206 1223 1055 829 555 235 556 793 994 1068 1000 829 631 556 1177 834 755 702 554 786 837 555 192 823 838 1128 827 412 116 279 1160 752 938 750 348 756 618 650
888 1008 743 703 327 863 1495 766 952 698 740 1167 0 888 528 685 1443 826 656 935 344 1641 889 1102 890 1605 444 399 845 1641 1443 889 627 514 783 969 888 417 850 889 1059 1635 1650 160 453 1213 1173 1146 1148 782 352 784 1213 785 952 1463
52 714 444 512 695 861 882 342 103 810 1059 554 888 0 522 494 830 948 927 944 775 1028 52 489 109 992 714 789 721 1028 830 108 898 555 357 305 107 507 557 108 446 1022 1037 849 548 600 560 533 881 355 658 352 600 358 103 850
522 641 809 439 335 788 1129 707 586 737 813 801 528 522 0 421 1077 875 729 871 463 1275 523 736 523 1239 367 476 648 1275 1077 523 700 338 722 670 522 147 484 523 693 1269 1284 489 188 847 807 780 808 720 298 717 847 723 586 1096
494 464 781 57 492 611 1101 679 558 560 808 773 685 494 421 0 1049 698 676 693 675 1247 495 708 496 1211 322 688 470 1247 1049 495 647 454 694 642 494 406 307 495 665 1242 1256 670 447 819 779 753 630 692 557 689 819 695 558 1069
830 1269 1117 1067 1250 1416 102 1015 894 1365 1614 630 1443 830 1077 1049 0 1503 1482 1499 1330 248 831 452 832 212 1269 1344 1276 248 86 831 1453 1110 1030 978 830 1062 1112 831 496 242 257 1404 1103 602 636 397 1436 1028 1213 1025 355 1031 894 70
948 533 1235 716 782 174 1556 1133 1012 175 147 1228 826 948 875 698 1503 0 199 149 1129 1701 949 1162 950 1666 815 1142 301 1701 1503 950 225 909 1149 1096 948 788 523 949 1119 1696 1711 952 901 1273 1233 1207 363 1146 890 1144 1274 1150 1012 1523
926 517 1214 694 613 237 1534 1112 991 194 233 1206 656 927 729 676 1482 199 0 309 966 1680 927 1141 928 1644 645 1021 341 1680 1482 928 55 887 1127 1074 926 618 502 927 1097 1674 1689 782 755 1252 1211 1185 521 1125 721 1122 1252 1128 991 1501
943 524 1231 711 892 286 1551 1129 1008 288 226 1223 935 944 871 693 1499 149 309 0 1124 1697 944 1158 945 1661 914 1138 414 1697 1499 945 335 904 1144 1091 944 856 519 944 1115 1691 1706 1061 897 1269 1228 1202 315 1142 1000 1139 1269 1145 1008 1518
775 895 913 693 395 1042 1383 936 839 991 1050 1055 344 775 463 675 1330 1129 966 1124 0 1528 776 989 777 1493 613 106 902 1528 1330 777 937 257 952 923 775 448 738 776 946 1523 1538 196 311 1100 1060 1034 1061 952 348 953 1101 955 839 1350
1028 1467 1315 1265 1448 1614 184 1213 1092 1563 1812 829 1641 1028 1275 1247 248 1701 1680 1697 1528 0 1029 650 1030 89 1467 1542 1474 43 248 1029 1651 1308 1228 1176 1028 1260 1310 1029 694 230 245 1602 1301 800 834 595 1634 1226 1411 1224 554 1229 1092 214
52 715 445 513 696 862 883 343 103 811 1060 555 889 52 523 495 831 949 927 944 776 1029 0 490 109 993 715 789 722 1029 831 109 898 556 358 306 108 508 558 109 447 1023 1038 850 549 601 561 534 882 356 659 353 601 359 103 850
489 928 776 726 909 1075 504 674 553 1024 1273 235 1102 489 736 708 452 1162 1141 1158 989 650 490 0 491 614 928 1003 935 650 452 490 1112 769 689 637 489 721 771 490 100 645 659 1063 762 346 240 101 1095 687 872 684 170 690 553 472
108 716 446 514 697 863 884 344 173 812 1060 556 890 109 523 496 832 950 928 945 777 1030 109 491 0 994 716 790 723 1030 832 56 899 557 359 306 56 508 559 56 448 1024 1039 851 549 602 561 535 882 357 660 354 602 360 173 851
992 1432 1280 1230 1412 1579 149 1177 1056 1528 1776 793 1605 992 1239 1211 212 1666 1644 1661 1493 89 993 614 994 0 1432 1506 1438 89 212 994 1615 1272 1193 1140 992 1224 1275 993 658 195 210 1566 1265 765 798 559 1598 1190 1376 1188 518 1194 1056 178
714 684 1002 340 251 831 1322 899 779 687 729 994 444 714 367 322 1269 815 645 914 613 1467 715 928 716 1432 0 668 691 1467 1270 716 616 544 915 862 714 257 527 715 885 1462 1477 429 393 1039 999 973 851 912 359 910 1040 916 778 1289
788 908 969 706 451 1055 1396 974 853 1004 1105 1068 399 789 476 688 1344 1142 1021 1138 106 1542 789 1003 790 1506 668 0 915 1542 1344 790 992 271 989 936 789 461 751 789 960 1536 1551 252 325 1114 1073 1047 1075 987 361 984 1114 990 853 1363
721 312 1008 489 802 185 1328 906 785 225 412 1000 845 721 648 470 1276 301 341 414 902 1474 722 935 723 1438 691 915 0 1474 1276 722 312 681 921 869 721 633 296 722 892 1469 1483 971 674 1046 1006 980 471 919 784 916 1046 922 785 1296
1028 1467 1315 1265 1448 1614 184 1213 1092 1563 1812 829 1641 1028 1275 1247 248 1701 1680 1697 1528 43 1029 650 1030 89 1467 1542 1474 0 248 1029 1651 1308 1228 1176 1028 1260 1310 1029 694 230 245 1602 1301 800 834 595 1634 1226 1411 1224 554 1229 1092 214
830 1270 1117 1067 1250 1416 102 1015 894 1365 1614 631 1443 830 1077 1049 86 1503 1482 1499 1330 248 831 452 832 212 1270 1344 1276 248 0 831 1453 1110 1030 978 830 1062 1112 831 496 242 257 1404 1103 602 636 397 1436 1028 1213 1026 356 1031 894 69
108 716 446 514 696 863 884 343 172 812 1060 556 889 108 523 495 831 950 928 945 777 1029 109 490 56 994 716 790 722 1029 831 0 899 556 359 306 56 508 559 56 447 1024 1039 850 549 601 561 535 882 356 660 354 602 360 172 851
897 488 1185 665 584 262 1505 1083 962 165 259 1177 627 898 700 647 1453 225 55 335 937 1651 898 1112 899 1615 616 992 312 1651 1453 899 0 858 1098 1045 898 589 473 898 1069 1645 1660 753 726 1223 1182 1156 547 1096 692 1093 1223 1099 962 1472
555 675 842 473 512 822 1162 740 619 771 990 834 514 555 338 454 1110 909 887 904 257 1308 556 769 557 1272 544 271 681 1308 1110 556 858 0 755 703 555 323 518 556 726 1303 1317 399 365 880 840 814 841 753 428 750 880 756 619 1130
357 915 186 713 895 1062 1083 67 421 1011 1259 755 813 357 722 694 1030 1149 1127 1144 976 1228 358 689 359 1193 915 989 921 1228 1030 359 1098 755 0 265 357 707 758 358 646 1223 1238 800 748 800 760 734 1081 78 858 80 801 81 421 1050
229 787 492 585 767 934 955 372 293 883 1131 627 960 229 594 566 902 1021 999 1016 848 1100 230 561 231 1065 787 861 793 1100 902 231 970 627 384 0 229 579 630 230 518 1095 1110 921 620 672 632 606 953 382 731 380 673 385 293 922
107 714 444 512 695 861 882 342 171 810 1059 554 888 107 522 494 830 948 926 944 775 1028 108 489 56 992 714 789 721 1028 830 56 898 555 357 305 0 507 557 56 446 1022 1037 849 548 600 560 533 881 355 658 352 600 358 171 850
507 626 794 424 224 773 1114 692 571 660 702 786 417 507 147 406 1062 788 618 856 448 1260 508 721 508 1224 257 461 633 1260 1062 508 589 323 707 654 507 0 469 508 678 1254 1269 388 173 832 791 765 793 705 187 702 832 708 571 1081
557 180 845 325 658 436 1165 742 621 385 634 837 850 557 484 307 1112 523 502 519 738 1310 558 771 559 1275 527 751 296 1310 1112 559 473 518 758 705 557 469 0 558 728 1305 1320 812 510 882 842 816 456 755 621 753 883 759 621 1132
108 715 445 513 696 862 883 343 172 811 1060 555 889 108 523 495 831 949 927 944 776 1029 109 490 56 993 715 789 722 1029 831 56 898 556 358 306 56 508 558 0 447 1023 1038 850 549 601 561 534 882 356 659 353 601 359 172 850
446 885 733 683 866 1032 548 631 510 981 1230 192 1059 446 693 665 496 1119 1097 1115 946 694 447 100 448 658 885 960 892 694 496 447 1069 726 646 594 446 678 728 447 0 688 703 1020 719 303 197 145 1052 644 829 641 213 647 510 516
1022 1462 1310 1260 1443 1609 179 1208 1087 1558 1806 823 1635 1022 1269 1242 242 1696 1674 1691 1523 230 1023 645 1024 195 1462 1536 1469 230 242 1024 1645 1303 1223 1170 1022 1254 1305 1023 688 0 154 1596 1295 795 829 590 1628 1221 1406 1218 548 1224 1087 208
1037 1477 1325 1275 1457 1624 194 1222 1101 1573 1821 838 1650 1037 1284 1256 257 1711 1689 1706 1538 245 1038 659 1039 210 1477 1551 1483 245 257 1039 1660 1317 1238 1185 1037 1269 1320 1038 703 154 0 1611 1310 810 843 604 1643 1235 1421 1233 563 1239 1101 223
849 969 731 688 212 989 1456 754 913 824 866 1128 160 849 489 670 1404 952 782 1061 196 1602 850 1063 851 1566 429 252 971 1602 1404 850 753 399 770 957 849 388 812 850 1020 1596 1611 0 338 1174 1134 1107 1135 769 236 771 1174 773 913 1424
548 667 835 465 361 814 1155 733 612 763 839 827 453 548 188 447 1103 901 755 897 311 1301 549 762 549 1265 393 325 674 1301 1103 549 726 365 748 696 548 173 510 549 719 1295 1310 338 0 873 833 806 834 746 324 743 873 749 612 1122
600 1039 887 837 1020 1186 655 785 664 1135 1384 412 1213 600 847 819 602 1273 1252 1269 1100 800 601 346 602 765 1039 1114 1046 800 602 601 1223 880 800 748 600 832 882 601 303 795 810 1174 873 0 417 391 1206 798 983 795 373 801 664 622
560 999 847 797 980 1146 688 745 624 1095 1343 116 1173 560 807 779 636 1233 1211 1228 1060 834 561 240 561 798 999 1073 1006 834 636 561 1182 840 760 708 560 791 842 561 197 829 843 1134 833 417 0 285 1165 758 943 755 354 761 624 656
533 973 821 771 954 1120 449 719 598 1069 1317 279 1146 533 780 753 397 1207 1185 1202 1034 595 534 101 535 559 973 1047 980 595 397 535 1156 814 734 681 533 765 816 534 145 590 604 1107 806 391 285 0 1139 732 917 729 115 735 598 417
881 308 1168 649 981 376 1488 1066 945 498 440 1160 1148 881 808 630 1436 363 521 315 1061 1634 882 1095 882 1598 851 1075 471 1634 1436 882 547 841 1081 1028 881 793 456 882 1052 1628 1643 1135 834 1206 1165 1139 0 1079 944 1076 1206 1082 945 1455
355 912 186 710 893 1059 1080 66 419 1008 1257 752 812 355 720 692 1028 1146 1125 1142 973 1226 356 687 357 1190 912 987 919 1226 1028 356 1096 753 78 263 355 705 755 356 644 1221 1235 799 746 798 758 732 1079 0 856 77 798 79 419 1048
658 778 945 576 327 925 1266 843 722 763 805 938 352 658 298 557 1213 890 721 1000 348 1411 659 872 660 1376 359 361 784 1411 1213 660 692 428 858 806 658 187 621 659 829 1406 1421 236 324 983 943 917 944 856 0 854 984 859 722 1233
352 910 187 708 890 1057 1078 68 417 1006 1254 750 814 352 717 689 1025 1144 1122 1139 971 1224 353 684 354 1188 910 984 916 1224 1026 354 1093 750 80 261 352 702 753 353 641 1218 1233 801 743 795 755 729 1076 77 854 0 796 81 416 1045
600 1040 888 838 1020 1187 408 785 664 1136 1384 348 1213 600 847 819 355 1274 1252 1269 1101 554 601 170 602 518 1040 1114 1046 554 356 602 1223 880 801 748 600 832 883 601 213 548 563 1174 873 373 354 115 1206 798 984 796 0 802 664 375
358 916 189 713 896 1063 1084 69 422 1012 1260 756 815 358 723 695 1031 1150 1128 1145 977 1229 359 690 360 1194 916 990 922 1229 1031 360 1099 756 81 266 358 708 759 359 647 1224 1239 803 749 801 761 735 1082 79 859 81 802 0 422 1051
103 778 508 576 759 925 946 406 36 874 1123 618 952 103 586 558 894 1012 991 1008 839 1092 103 553 173 1056 778 853 785 1092 894 172 962 619 421 369 171 571 621 172 510 1087 1101 913 612 664 624 598 945 419 722 416 664 422 0 914
849 1289 1137 1087 1270 1436 68 1035 914 1385 1633 650 1463 850 1096 1069 70 1523 1501 1518 1350 214 850 472 851 178 1289 1363 1296 214 69 851 1472 1130 1050 997 850 1081 1132 850 516 208 223 1424 1122 622 656 417 1455 1048 1233 1045 375 1051 914 0
EOF