NAME : tsp_problem
TYPE : TSP
DIMENSION : 48
EDGE_WEIGHT_TYPE : EXPLICIT
EDGE_WEIGHT_FORMAT : FULL_MATRIX
EDGE_WEIGHT_SECTION
0 610 799 823 547 745 617 815 801 608 981 1132 819 814 669 547 610 1177 776 182 832 742 617 546 820 942 1191 720 1073 610 762 1197 847 812 799 987 608 771 184 1070 1035 617 924 98 820 176 617 744
610 0 1070 616 172 538 32 1087 1073 32 774 925 1091 606 343 103 35 969 1048 563 624 417 32 103 1091 734 984 512 748 36 1034 989 639 1083 591 779 32 563 511 863 828 32 717 622 613 556 32 418
799 1070 0 1283 1007 1205 1077 123 28 1068 1441 1592 213 1273 1129 1007 1070 1636 170 751 1291 1202 1077 1005 213 1402 1651 1179 1533 1070 156 1656 1306 205 1259 1447 1068 1230 677 1530 1495 1077 1384 810 1280 745 1077 1203
823 616 1283 0 552 431 622 1299 1285 613 667 347 1303 59 674 552 616 391 1260 775 367 747 622 551 1304 627 877 255 1078 616 1246 411 382 1296 484 672 613 456 723 756 257 622 139 835 356 769 622 749
547 172 1007 552 0 474 178 1023 1010 194 711 862 1028 543 280 108 172 906 985 500 561 354 178 107 1028 671 921 449 684 172 971 926 576 1020 528 716 194 500 448 800 764 178 654 559 550 493 178 355
745 538 1205 431 474 0 544 1221 1207 536 302 740 1226 421 596 474 538 673 1182 697 439 669 544 473 1226 262 512 327 948 538 1168 693 408 1218 119 307 536 91 645 438 643 544 532 757 428 691 544 671
617 32 1077 622 178 544 0 1093 1079 29 780 932 1097 613 350 110 32 976 1054 569 631 423 29 110 1098 741 991 519 754 33 1040 996 646 1090 598 786 29 570 517 870 834 29 724 629 620 563 29 425
815 1087 123 1299 1023 1221 1093 0 126 1084 1457 1609 229 1290 1145 1023 1087 1653 186 768 1308 1218 1093 1022 230 1418 1668 1196 1549 1087 172 1673 1323 222 1275 1463 1084 1247 693 1546 1511 1093 1400 827 1296 761 1093 1220
801 1073 28 1285 1010 1207 1079 126 0 1071 1444 1595 215 1276 1131 1010 1073 1639 172 754 1294 1205 1079 1008 216 1404 1654 1182 1535 1073 158 1659 1309 208 1261 1449 1071 1233 679 1533 1497 1079 1387 813 1283 747 1079 1206
608 32 1068 613 194 536 29 1084 1071 0 772 923 1089 604 341 126 33 967 1046 561 622 415 29 126 1089 732 982 510 745 33 1032 987 637 1081 589 777 29 561 509 861 826 29 715 620 611 554 29 416
981 774 1441 667 711 302 780 1457 1444 772 0 720 1462 657 832 711 774 620 1419 934 415 906 780 709 1462 321 291 485 703 774 1405 639 355 1454 355 66 772 327 882 362 879 780 768 993 558 927 780 907
1132 925 1592 347 862 740 932 1609 1595 923 720 0 1613 368 983 862 925 192 1570 1085 677 1057 932 860 1613 937 781 565 1248 925 1556 169 692 1605 794 726 923 765 1033 1041 501 932 383 1144 665 1078 932 1058
819 1091 213 1303 1028 1226 1097 229 215 1089 1462 1613 0 1294 1149 1028 1091 1657 94 772 1312 1223 1097 1026 69 1422 1672 1200 1553 1091 96 1677 1327 61 1279 1467 1089 1251 698 1551 1516 1097 1405 831 1301 766 1097 1224
814 606 1273 59 543 421 613 1290 1276 604 657 368 1294 0 665 543 606 413 1251 766 358 738 613 542 1294 618 868 246 1069 606 1237 433 373 1286 475 663 604 447 714 746 278 613 160 825 347 760 613 740
638 312 1098 643 249 565 319 1114 1100 310 801 952 1118 634 0 249 312 997 1075 590 652 400 319 248 1119 762 1012 540 750 312 1061 1017 667 1111 619 807 310 591 538 890 855 319 744 650 640 584 319 401
547 103 1007 552 108 474 110 1023 1010 126 711 862 1028 543 280 0 103 906 985 500 561 354 110 52 1028 671 921 449 684 103 971 926 576 1020 528 716 126 500 448 800 764 110 654 559 550 493 110 355
610 35 1070 616 172 538 32 1087 1073 33 774 925 1091 606 343 103 0 969 1048 563 624 417 32 103 1091 734 984 512 748 36 1034 989 639 1083 591 779 32 563 511 863 828 32 717 622 613 556 32 418
1177 969 1636 391 906 673 976 1653 1639 967 620 192 1657 413 1028 906 969 0 1614 1129 721 1101 976 905 1658 869 680 609 1147 969 1600 62 726 1650 726 625 967 698 1077 940 545 976 427 1188 710 1123 976 1103
776 1048 170 1260 985 1182 1054 186 172 1046 1419 1570 94 1251 1106 985 1048 1614 0 729 1269 1180 1054 983 94 1379 1629 1157 1510 1048 74 1634 1284 86 1236 1424 1046 1208 654 1508 1472 1054 1362 788 1258 722 1054 1181
182 563 751 775 500 697 569 768 754 561 934 1085 772 766 621 500 563 1129 729 0 784 695 569 498 772 894 1144 672 1025 563 715 1149 799 764 751 939 561 723 137 1023 987 569 877 194 773 58 569 696
832 624 1291 367 561 439 631 1308 1294 622 415 677 1312 358 683 561 624 721 1269 784 0 756 631 560 1312 636 626 146 1086 624 1255 741 91 1304 493 421 622 465 732 744 580 631 469 843 179 778 631 758
742 417 1202 747 354 669 423 1218 1205 415 906 1057 1223 738 237 354 417 1101 1180 695 756 0 423 352 1223 866 786 644 420 417 1166 1121 771 1215 723 911 415 695 643 959 959 423 849 754 745 688 423 74
617 32 1077 622 178 544 29 1093 1079 29 780 932 1097 613 350 110 32 976 1054 569 631 423 0 110 1098 741 991 519 754 33 1040 996 646 1090 598 786 29 570 517 870 834 29 724 629 620 563 28 425
546 103 1005 551 107 473 110 1022 1008 126 709 860 1026 542 279 52 103 905 983 498 560 352 110 0 1026 670 919 448 683 103 969 925 575 1018 527 715 126 499 446 798 763 110 652 557 548 492 110 354
820 1091 213 1304 1028 1226 1098 230 216 1089 1462 1613 69 1294 1150 1028 1091 1658 94 772 1312 1223 1098 1026 0 1423 1672 1200 1554 1091 96 1677 1327 27 1280 1468 1089 1251 698 1551 1516 1098 1405 831 1301 766 1098 1224
942 734 1402 627 671 262 741 1418 1404 732 321 937 1422 618 793 671 734 869 1379 894 636 866 741 670 1423 0 290 524 703 734 1365 889 604 1415 173 314 732 201 842 193 839 741 729 954 625 888 741 868
1191 984 1651 877 921 512 991 1668 1654 982 291 781 1672 868 923 921 984 680 1629 1144 626 756 991 919 1672 290 0 695 512 984 1615 700 565 1664 446 283 982 474 1092 305 1089 991 978 1203 768 1138 991 758
720 512 1179 255 449 327 519 1196 1182 510 485 565 1200 246 571 449 512 609 1157 672 146 644 519 448 1200 524 695 0 975 512 1143 629 161 1192 381 490 510 353 620 653 468 519 357 731 134 666 519 646
1050 725 1510 1056 662 956 732 1527 1513 723 711 1255 1531 1046 565 662 725 1155 1488 1003 1064 398 732 660 1531 710 520 952 0 725 1474 1175 1033 1523 866 704 723 895 951 693 1268 732 1157 1062 1053 997 732 399
610 36 1070 616 172 538 33 1087 1073 33 774 925 1091 606 344 103 36 969 1048 563 624 417 33 103 1091 734 984 512 748 0 1034 989 639 1083 592 780 33 563 511 863 828 33 717 622 613 557 32 418
762 1034 156 1246 971 1168 1040 172 158 1032 1405 1556 96 1237 1092 971 1034 1600 74 715 1255 1166 1040 969 96 1365 1615 1143 1496 1034 0 1620 1270 88 1222 1410 1032 1194 640 1494 1458 1040 1348 774 1244 708 1040 1167
1197 989 1656 411 926 693 996 1673 1659 987 639 169 1677 433 1048 926 989 62 1634 1149 741 1121 996 925 1677 889 700 629 1167 989 1620 0 745 1670 746 645 987 718 1097 960 565 996 447 1208 730 1143 996 1123
847 639 1306 382 576 408 646 1323 1309 637 355 692 1327 373 698 576 639 726 1284 799 91 771 646 575 1327 604 565 161 1025 639 1270 745 0 1319 461 360 637 433 747 683 594 646 484 858 234 793 646 773
812 1083 205 1296 1020 1218 1090 222 208 1081 1454 1605 61 1286 1142 1020 1083 1650 86 764 1304 1215 1090 1018 27 1415 1664 1192 1546 1083 88 1670 1319 0 1272 1460 1081 1243 690 1543 1508 1090 1397 823 1293 758 1090 1216
799 591 1259 484 528 119 598 1275 1261 589 355 794 1279 475 650 528 591 726 1236 751 493 723 598 527 1280 173 446 381 859 592 1222 746 461 1272 0 361 589 58 699 349 696 598 586 811 482 745 598 725
987 779 1447 672 716 307 786 1463 1449 777 66 726 1467 663 838 716 779 625 1424 939 421 911 786 715 1468 314 283 490 696 780 1410 645 360 1460 361 0 777 333 887 354 884 786 774 999 563 933 786 913
608 32 1068 613 194 536 29 1084 1071 29 772 923 1089 604 341 126 32 967 1046 561 622 415 29 126 1089 732 982 510 745 33 1032 987 637 1081 589 777 0 561 509 861 826 29 715 620 611 554 29 416
771 563 1230 456 500 91 570 1247 1233 561 327 765 1251 447 622 500 563 698 1208 723 465 695 570 499 1251 201 474 353 887 563 1194 718 433 1243 58 333 561 0 671 377 668 570 557 782 453 717 570 697
184 511 677 723 448 645 517 693 679 509 882 1033 698 714 569 448 511 1077 654 137 732 643 517 446 698 842 1092 620 973 511 640 1097 747 690 699 887 509 671 0 971 935 517 825 196 721 131 517 644
1070 863 1530 756 800 438 870 1546 1533 861 362 1041 1551 746 921 800 863 940 1508 1023 744 929 870 798 1551 193 305 653 685 863 1494 960 683 1543 349 354 861 377 971 0 968 870 857 1082 753 1016 870 931
1035 828 1495 257 764 643 834 1511 1497 826 879 501 1516 278 886 764 828 545 1472 987 580 959 834 763 1516 839 1089 468 1290 828 1458 565 594 1508 696 884 826 668 935 968 0 834 147 1047 568 981 834 961
617 32 1077 622 178 544 29 1093 1079 29 780 932 1097 613 350 110 32 976 1054 569 631 423 29 110 1098 741 991 519 754 33 1040 996 646 1090 598 786 29 570 517 870 834 0 724 629 620 563 29 425
924 717 1384 139 654 532 724 1400 1387 715 768 383 1405 160 775 654 717 427 1362 877 469 849 724 652 1405 729 978 357 1179 717 1348 447 484 1397 586 774 715 557 825 857 147 724 0 936 457 870 724 850
98 622 810 835 559 757 629 827 813 620 993 1144 831 825 681 559 622 1188 788 194 843 754 629 557 831 954 1203 731 1085 622 774 1208 858 823 811 999 620 782 196 1082 1047 629 936 0 832 188 629 755
820 613 1280 356 550 428 620 1296 1283 611 558 665 1301 347 671 550 613 710 1258 773 179 745 620 548 1301 625 768 134 1075 613 1244 730 234 1293 482 563 611 453 721 753 568 620 457 832 0 766 620 746
176 556 745 769 493 691 563 761 747 554 927 1078 766 760 615 493 556 1123 722 58 778 688 563 492 766 888 1138 666 1019 557 708 1143 793 758 745 933 554 717 131 1016 981 563 870 188 766 0 563 690
617 32 1077 622 178 544 29 1093 1079 29 780 932 1097 613 350 110 32 976 1054 569 631 423 28 110 1098 741 991 519 754 32 1040 996 646 1090 598 786 29 570 517 870 834 29 724 629 620 563 0 425
744 418 1203 749 355 671 425 1220 1206 416 907 1058 1224 740 237 355 418 1103 1181 696 758 74 425 354 1224 868 788 646 422 418 1167 1123 773 1216 725 913 416 697 644 961 961 425 850 755 746 690 425 0
EOF