NAME : tsp_problem
TYPE : TSP
DIMENSION : 28
EDGE_WEIGHT_TYPE : EXPLICIT
EDGE_WEIGHT_FORMAT : FULL_MATRIX
EDGE_WEIGHT_SECTION
0 171 393 773 967 1140 926 940 367 247 527 1222 354 786 836 643 261 1075 117 930 1061 1096 883 430 1200 226 310 314
171 0 381 761 955 1128 914 928 355 389 516 1211 493 774 824 632 249 1063 105 919 1050 1084 872 572 1189 214 450 302
393 381 0 695 1026 1199 985 999 269 611 587 1282 716 845 891 703 320 1134 322 989 1120 1155 943 794 1260 225 672 136
773 761 695 0 650 822 609 622 454 991 411 905 1095 469 264 163 549 757 684 613 744 778 566 1174 883 608 1052 629
967 955 1026 650 0 233 612 626 982 1185 605 316 1289 472 713 520 743 168 878 616 125 189 569 1367 294 841 1246 960
1140 1128 1199 822 233 0 785 798 1155 1358 778 108 1462 645 886 693 916 91 1051 789 328 202 742 1540 86 1014 1419 1133
926 914 985 609 612 785 0 137 942 1144 565 868 1249 335 672 480 703 720 838 32 706 741 80 1327 846 800 1205 919
940 928 999 622 626 798 137 0 955 1157 578 881 1262 349 686 493 716 733 851 141 701 754 81 1340 859 814 1219 933
367 355 269 454 982 1155 942 955 0 585 543 1238 690 801 650 550 276 1090 279 946 1077 1111 899 768 1216 181 646 203
247 389 611 991 1185 1358 1144 1157 585 0 745 1440 342 1004 1054 861 479 1293 335 1148 1279 1313 1101 219 1418 443 299 532
527 516 587 411 605 778 565 578 543 745 0 861 850 425 475 282 304 713 439 569 700 734 522 928 839 401 806 520
1222 1211 1282 905 316 108 868 881 1238 1440 861 0 1545 728 969 776 999 174 1134 872 410 284 825 1623 56 1097 1501 1216
354 493 716 1095 1289 1462 1249 1262 690 342 850 1545 0 1108 1159 966 583 1397 439 1253 1384 1418 1206 397 1523 548 126 637
786 774 845 469 472 645 335 349 801 1004 425 728 1108 0 532 339 563 580 697 339 566 601 293 1187 706 660 1065 779
836 824 891 264 713 886 672 686 650 1054 475 969 1159 532 0 227 613 821 748 676 807 842 630 1237 947 710 1115 825
643 632 703 163 520 693 480 493 550 861 282 776 966 339 227 0 420 628 555 484 615 649 437 1044 754 517 922 637
261 249 320 549 743 916 703 716 276 479 304 999 583 563 613 420 0 851 172 707 838 872 660 662 977 135 540 254
1075 1063 1134 757 168 91 720 733 1090 1293 713 174 1397 580 821 628 851 0 986 724 263 137 677 1475 152 949 1354 1068
117 105 322 684 878 1051 838 851 279 335 439 1134 439 697 748 555 172 986 0 842 973 1007 795 518 1112 137 396 248
930 919 989 613 616 789 32 141 946 1148 569 872 1253 339 676 484 707 724 842 0 710 745 84 1331 850 804 1209 923
1061 1050 1120 744 125 328 706 701 1077 1279 700 410 1384 566 807 615 838 263 973 710 0 284 664 1462 388 935 1340 1054
1096 1084 1155 778 189 202 741 754 1111 1313 734 284 1418 601 842 649 872 137 1007 745 284 0 698 1496 262 970 1375 1089
883 872 943 566 569 742 80 81 899 1101 522 825 1206 293 630 437 660 677 795 84 664 698 0 1284 803 758 1162 877
430 572 794 1174 1367 1540 1327 1340 768 219 928 1623 397 1187 1237 1044 662 1475 518 1331 1462 1496 1284 0 1601 626 353 715
1200 1189 1260 883 294 86 846 859 1216 1418 839 56 1523 706 947 754 977 152 1112 850 388 262 803 1601 0 1075 1479 1194
226 214 225 608 841 1014 800 814 181 443 401 1097 548 660 710 517 135 949 137 804 935 970 758 626 1075 0 505 159
310 450 672 1052 1246 1419 1205 1219 646 299 806 1501 126 1065 1115 922 540 1354 396 1209 1340 1375 1162 353 1479 505 0 593
314 302 136 629 960 1133 919 933 203 532 520 1216 637 779 825 637 254 1068 248 923 1054 1089 877 715 1194 159 593 0
EOF