NAME : tsp_problem
TYPE : TSP
DIMENSION : 52
EDGE_WEIGHT_TYPE : EXPLICIT
EDGE_WEIGHT_FORMAT : FULL_MATRIX
EDGE_WEIGHT_SECTION
0 290 981 989 592 460 957 503 475 176 380 472 264 514 478 499 894 357 1102 468 393 627 327 647 1028 414 756 930 811 431 458 492 397 770 1151 934 584 331 663 564 1016 434 425 1003 939 1057 487 618 986 61 927 269
290 0 1122 1130 526 510 1099 645 617 318 522 614 313 656 620 641 1036 499 1243 506 535 769 261 788 1170 348 897 1071 953 481 600 483 539 912 1293 1075 725 265 805 706 1158 576 475 1145 1081 1199 629 759 1127 275 1068 319
981 1122 0 244 1424 1292 213 1239 771 841 653 1017 1096 1059 1214 523 123 1093 145 1300 938 1363 1159 1383 72 1246 296 408 494 1263 1004 1324 943 249 195 80 1320 1163 1399 1300 60 1170 1257 49 466 113 629 1354 355 965 405 1101
989 1130 244 0 1432 1301 57 1247 779 849 661 1025 1104 1067 1222 531 158 1101 324 1308 946 1371 1167 1391 210 1254 257 189 502 1271 1012 1333 951 257 287 197 1328 1171 1407 1308 238 1179 1265 238 247 193 637 1362 136 973 186 1109
592 526 1424 1432 0 680 1400 402 918 619 823 915 561 957 304 943 1338 578 1545 677 836 526 293 546 1472 519 1199 1373 1254 713 902 654 841 1213 1594 1377 483 436 562 463 1459 334 717 1446 1382 1500 931 516 1429 576 1370 557
460 510 1292 1301 680 0 1269 815 787 488 692 784 223 826 790 811 1206 669 1414 52 705 939 415 958 1340 189 1067 1242 1123 57 770 56 709 1082 1463 1245 896 276 975 876 1328 746 61 1315 1251 1369 799 929 1298 445 1238 229
957 1099 213 57 1400 1269 0 1216 748 817 630 994 1072 1036 1191 500 127 1070 292 1277 915 1339 1135 1359 178 1223 273 221 471 1240 980 1301 919 226 256 166 1296 1140 1376 1277 207 1147 1234 206 279 161 605 1330 168 941 218 1078
503 645 1239 1247 402 815 1216 0 734 435 639 730 618 773 144 758 1153 346 1360 823 652 161 665 181 1287 769 1014 1188 1070 786 717 847 656 1029 1410 1192 148 686 198 99 1274 102 780 1262 1198 1316 746 152 1244 487 1185 624
475 617 771 779 918 787 748 734 0 335 171 511 590 554 708 290 685 587 892 794 433 857 653 877 819 741 546 720 602 758 498 819 437 561 942 724 814 657 894 795 806 665 751 794 730 848 278 848 776 459 717 596
176 318 841 849 619 488 817 435 335 0 240 332 291 374 409 360 755 288 962 495 253 558 354 578 889 442 616 790 671 459 319 520 258 630 1011 794 515 358 595 496 876 366 452 863 799 917 348 549 846 160 787 297
380 522 653 661 823 692 630 639 171 240 0 417 495 459 613 172 567 493 774 700 338 762 558 782 701 646 428 602 484 663 403 724 342 443 824 606 719 563 799 700 689 570 657 676 612 730 134 753 658 364 599 501
472 614 1017 1025 915 784 994 730 511 332 417 0 587 295 705 536 931 584 1138 791 174 854 650 874 1065 738 792 966 711 754 240 816 99 806 1188 970 811 654 891 791 1052 662 748 1039 975 1093 524 845 1022 456 963 593
264 313 1096 1104 561 223 1072 618 590 291 495 587 0 629 593 614 1010 472 1217 231 508 742 296 762 1143 205 871 1045 926 194 573 255 512 885 1266 1049 699 157 778 679 1131 550 188 1118 1054 1172 602 733 1101 248 1042 32
514 656 1059 1067 957 826 1036 773 554 374 459 295 629 0 747 578 973 626 1180 833 147 896 692 916 1107 780 834 1008 886 797 165 858 221 849 1230 1012 853 696 933 834 1094 704 790 1082 1018 1136 566 887 1064 498 1005 635
478 620 1214 1222 304 790 1191 144 708 409 613 705 593 747 0 733 1128 320 1335 797 626 268 567 287 1262 744 989 1163 1044 761 692 822 631 1003 1385 1167 225 660 304 205 1249 76 754 1236 1172 1290 721 258 1219 462 1160 599
499 641 523 531 943 811 500 758 290 360 172 536 614 578 733 0 437 612 644 819 457 882 678 901 571 765 298 472 354 782 522 843 461 312 694 476 839 682 918 819 558 689 776 545 481 599 148 872 528 484 469 620
894 1036 123 158 1338 1206 127 1153 685 755 567 931 1010 973 1128 437 0 1007 244 1214 852 1277 1073 1297 171 1160 210 322 408 1177 917 1238 857 163 294 86 1234 1077 1313 1214 158 1084 1171 145 380 211 543 1267 269 879 319 1015
357 499 1093 1101 578 669 1070 346 587 288 493 584 472 626 320 612 1007 0 1214 676 506 469 535 489 1141 623 868 1042 924 640 571 701 510 882 1264 1046 426 539 506 406 1128 277 633 1115 1051 1170 600 460 1098 341 1039 478
1102 1243 145 324 1545 1414 292 1360 892 962 774 1138 1217 1180 1335 644 244 1214 0 1421 1059 1484 1280 1504 136 1367 417 488 615 1384 1125 1446 1064 370 259 201 1441 1284 1520 1421 101 1292 1378 123 545 177 750 1475 435 1086 484 1222
468 506 1300 1308 677 52 1277 823 794 495 700 791 231 833 797 819 1214 676 1421 0 713 946 412 966 1348 185 1075 1249 1131 65 778 53 717 1089 1471 1253 903 273 983 884 1335 754 68 1322 1258 1377 807 937 1305 452 1246 236
393 535 938 946 836 705 915 652 433 253 338 174 508 147 626 457 852 506 1059 713 0 775 571 795 986 659 713 887 765 676 91 737 100 728 1109 891 732 576 812 713 973 583 669 961 897 1015 445 766 943 377 884 514
627 769 1363 1371 526 939 1339 161 857 558 762 854 742 896 268 882 1277 469 1484 946 775 0 789 43 1411 893 1138 1312 1193 909 841 971 780 1152 1534 1316 272 809 60 170 1398 225 903 1385 1321 1439 870 67 1368 611 1309 748
327 261 1159 1167 293 415 1135 665 653 354 558 650 296 692 567 678 1073 535 1280 412 571 789 0 808 1207 254 934 1108 989 448 637 389 576 948 1330 1112 745 171 825 726 1194 597 452 1181 1117 1235 666 779 1164 311 1105 292
647 788 1383 1391 546 958 1359 181 877 578 782 874 762 916 287 901 1297 489 1504 966 795 43 808 0 1430 912 1158 1332 1213 929 860 990 799 1172 1553 1336 292 829 40 146 1418 245 923 1405 1341 1459 889 86 1388 631 1329 767
1028 1170 72 210 1472 1340 178 1287 819 889 701 1065 1143 1107 1262 571 171 1141 136 1348 986 1411 1207 1430 0 1294 344 373 542 1311 1051 1372 990 297 145 128 1368 1211 1447 1348 50 1218 1305 50 431 62 676 1401 321 1013 370 1149
414 348 1246 1254 519 189 1223 769 741 442 646 738 205 780 744 765 1160 623 1367 185 659 893 254 912 1294 0 1021 1195 1077 222 724 162 663 1036 1417 1199 849 115 929 830 1282 700 225 1269 1205 1323 753 883 1251 399 1192 201
756 897 296 257 1199 1067 273 1014 546 616 428 792 871 834 989 298 210 868 417 1075 713 1138 934 1158 344 1021 0 196 269 1038 779 1099 718 86 467 249 1095 938 1174 1075 331 945 1032 319 206 373 404 1129 252 740 193 876
930 1071 408 189 1373 1242 221 1188 720 790 602 966 1045 1008 1163 472 322 1042 488 1249 887 1312 1108 1332 373 1195 196 0 443 1212 953 1274 892 260 451 361 1269 1112 1348 1249 402 1120 1206 401 186 356 578 1303 155 914 27 1050
811 953 494 502 1254 1123 471 1070 602 671 484 711 926 886 1044 354 408 924 615 1131 765 1193 989 1213 542 1077 269 443 0 1094 830 1155 689 283 665 447 1150 994 1230 1131 529 1001 1088 516 452 570 459 1184 499 795 440 932
431 481 1263 1271 713 57 1240 786 758 459 663 754 194 797 761 782 1177 640 1384 65 676 909 448 929 1311 222 1038 1212 1094 0 741 89 680 1053 1434 1216 866 309 946 847 1298 717 35 1286 1222 1340 770 900 1268 415 1209 200
458 600 1004 1012 902 770 980 717 498 319 403 240 573 165 692 522 917 571 1125 778 91 841 637 860 1051 724 779 953 830 741 0 802 165 793 1174 957 798 641 877 778 1039 648 735 1026 962 1080 510 831 1009 443 950 579
492 483 1324 1333 654 56 1301 847 819 520 724 816 255 858 822 843 1238 701 1446 53 737 971 389 990 1372 162 1099 1274 1155 89 802 0 741 1114 1495 1277 928 250 1007 908 1360 778 93 1347 1283 1401 831 961 1330 477 1270 261
397 539 943 951 841 709 919 656 437 258 342 99 512 221 631 461 857 510 1064 717 100 780 576 799 990 663 718 892 689 680 165 741 0 732 1113 896 737 580 816 717 978 587 674 965 901 1019 449 770 948 382 889 518
770 912 249 257 1213 1082 226 1029 561 630 443 806 885 849 1003 312 163 882 370 1089 728 1152 948 1172 297 1036 86 260 283 1053 793 1114 732 0 420 202 1109 952 1189 1090 284 960 1046 271 269 326 418 1143 316 754 257 891
1151 1293 195 287 1594 1463 256 1410 942 1011 824 1188 1266 1230 1385 694 294 1264 259 1471 1109 1534 1330 1553 145 1417 467 451 665 1434 1174 1495 1113 420 0 251 1490 1334 1570 1471 173 1341 1428 173 509 140 799 1524 398 1136 448 1272
934 1075 80 197 1377 1245 166 1192 724 794 606 970 1049 1012 1167 476 86 1046 201 1253 891 1316 1112 1336 128 1199 249 361 447 1216 957 1277 896 202 251 0 1273 1116 1352 1253 115 1124 1210 102 419 168 582 1307 308 918 358 1054
584 725 1320 1328 483 896 1296 148 814 515 719 811 699 853 225 839 1234 426 1441 903 732 272 745 292 1368 849 1095 1269 1150 866 798 928 737 1109 1490 1273 0 766 309 209 1355 182 860 1342 1278 1396 827 263 1325 568 1266 704
331 265 1163 1171 436 276 1140 686 657 358 563 654 157 696 660 682 1077 539 1284 273 576 809 171 829 1211 115 938 1112 994 309 641 250 580 952 1334 1116 766 0 846 747 1198 617 313 1185 1121 1240 670 800 1168 315 1109 153
663 805 1399 1407 562 975 1376 198 894 595 799 891 778 933 304 918 1313 506 1520 983 812 60 825 40 1447 929 1174 1348 1230 946 877 1007 816 1189 1570 1352 309 846 0 139 1435 262 940 1422 1358 1476 906 103 1404 648 1345 784
564 706 1300 1308 463 876 1277 99 795 496 700 791 679 834 205 819 1214 406 1421 884 713 170 726 146 1348 830 1075 1249 1131 847 778 908 717 1090 1471 1253 209 747 139 0 1335 162 841 1323 1259 1377 807 184 1305 548 1246 685
1016 1158 60 238 1459 1328 207 1274 806 876 689 1052 1131 1094 1249 558 158 1128 101 1335 973 1398 1194 1418 50 1282 331 402 529 1298 1039 1360 978 284 173 115 1355 1198 1435 1335 0 1206 1292 37 460 91 664 1389 349 1000 399 1137
434 576 1170 1179 334 746 1147 102 665 366 570 662 550 704 76 689 1084 277 1292 754 583 225 597 245 1218 700 945 1120 1001 717 648 778 587 960 1341 1124 182 617 262 162 1206 0 711 1193 1129 1247 677 216 1176 419 1116 555
425 475 1257 1265 717 61 1234 780 751 452 657 748 188 790 754 776 1171 633 1378 68 669 903 452 923 1305 225 1032 1206 1088 35 735 93 674 1046 1428 1210 860 313 940 841 1292 711 0 1279 1215 1333 764 894 1262 409 1203 193
1003 1145 49 238 1446 1315 206 1262 794 863 676 1039 1118 1082 1236 545 145 1115 123 1322 961 1385 1181 1405 50 1269 319 401 516 1286 1026 1347 965 271 173 102 1342 1185 1422 1323 37 1193 1279 0 459 90 651 1376 349 987 398 1124
939 1081 466 247 1382 1251 279 1198 730 799 612 975 1054 1018 1172 481 380 1051 545 1258 897 1321 1117 1341 431 1205 206 186 452 1222 962 1283 901 269 509 419 1278 1121 1358 1259 460 1129 1215 459 0 414 587 1312 242 923 183 1060
1057 1199 113 193 1500 1369 161 1316 848 917 730 1093 1172 1136 1290 599 211 1170 177 1377 1015 1439 1235 1459 62 1323 373 356 570 1340 1080 1401 1019 326 140 168 1396 1240 1476 1377 91 1247 1333 90 414 0 705 1430 303 1041 353 1178
487 629 629 637 931 799 605 746 278 348 134 524 602 566 721 148 543 600 750 807 445 870 666 889 676 753 404 578 459 770 510 831 449 418 799 582 827 670 906 807 664 677 764 651 587 705 0 860 634 472 575 608
618 759 1354 1362 516 929 1330 152 848 549 753 845 733 887 258 872 1267 460 1475 937 766 67 779 86 1401 883 1129 1303 1184 900 831 961 770 1143 1524 1307 263 800 103 184 1389 216 894 1376 1312 1430 860 0 1359 602 1300 738
986 1127 355 136 1429 1298 168 1244 776 846 658 1022 1101 1064 1219 528 269 1098 435 1305 943 1368 1164 1388 321 1251 252 155 499 1268 1009 1330 948 316 398 308 1325 1168 1404 1305 349 1176 1262 349 242 303 634 1359 0 970 158 1106
61 275 965 973 576 445 941 487 459 160 364 456 248 498 462 484 879 341 1086 452 377 611 311 631 1013 399 740 914 795 415 443 477 382 754 1136 918 568 315 648 548 1000 419 409 987 923 1041 472 602 970 0 911 254
927 1068 405 186 1370 1238 218 1185 717 787 599 963 1042 1005 1160 469 319 1039 484 1246 884 1309 1105 1329 370 1192 193 27 440 1209 950 1270 889 257 448 358 1266 1109 1345 1246 399 1116 1203 398 183 353 575 1300 158 911 0 1047
269 319 1101 1109 557 229 1078 624 596 297 501 593 32 635 599 620 1015 478 1222 236 514 748 292 767 1149 201 876 1050 932 200 579 261 518 891 1272 1054 704 153 784 685 1137 555 193 1124 1060 1178 608 738 1106 254 1047 0
EOF