NAME : tsp_problem
TYPE : TSP
DIMENSION : 60
EDGE_WEIGHT_TYPE : EXPLICIT
EDGE_WEIGHT_FORMAT : FULL_MATRIX
EDGE_WEIGHT_SECTION
0 719 717 207 934 268 771 950 1332 1227 804 1401 247 1320 1050 651 948 680 909 1000 1385 991 1082 981 784 1006 1292 1157 1279 1221 1045 1169 627 690 707 1355 386 870 1270 1029 1042 1243 752 718 1056 106 1115 1160 1046 622 314 228 410 883 999 645 627 1153 243 346
719 0 717 577 339 916 771 355 737 632 804 806 758 725 463 106 353 489 909 405 791 991 487 386 593 411 697 563 684 626 450 574 827 690 516 760 482 870 675 434 447 648 561 718 461 677 520 565 451 879 879 926 340 288 404 645 187 558 513 441
717 717 0 575 932 913 330 948 1330 1225 364 1399 756 1317 1048 649 946 678 469 998 1383 551 1080 979 782 1003 1290 1155 1276 1218 1042 1167 386 47 705 1353 480 430 1268 1026 1040 1241 750 278 1054 675 1112 1158 1044 438 877 924 408 881 997 205 625 1151 511 439
207 577 575 0 792 373 628 808 1190 1085 662 1258 215 1177 908 509 806 538 767 858 1243 849 940 839 641 863 1150 1015 1136 1078 902 1027 684 548 564 1212 244 727 1128 886 900 1100 609 576 913 134 972 1018 904 723 337 413 268 741 856 503 484 1011 183 203
934 339 932 792 0 1130 985 236 617 512 1019 686 973 605 156 403 68 670 1124 285 671 1206 210 109 773 291 578 443 564 506 142 455 1041 905 564 640 697 1085 556 314 170 528 741 933 341 892 400 445 332 1093 1094 1141 555 168 284 860 401 439 728 656
268 916 913 373 1130 0 967 1146 1528 1423 1000 1597 248 1516 1246 847 1144 876 1105 1196 1582 1188 1278 1177 980 1202 1489 1354 1475 1417 1241 1366 874 887 903 1551 582 1066 1467 1225 1239 1439 948 915 1252 353 1311 1356 1242 869 71 103 606 1079 1195 842 823 1350 490 542
771 771 330 628 985 967 0 1002 1384 1278 103 1452 810 1371 1102 703 999 732 159 1051 1437 241 1133 1032 835 1057 1344 1209 1330 1272 1096 1221 286 304 758 1406 533 120 1322 1080 1094 1294 803 177 1107 728 1166 1212 1098 338 931 977 461 935 1050 155 678 1205 565 493
950 355 948 808 236 1146 1002 0 419 314 1035 488 989 407 360 419 250 720 1140 87 473 1222 302 276 824 93 380 245 366 308 346 257 1058 921 747 442 713 1101 358 116 344 330 792 949 143 908 202 247 133 1110 1110 1157 571 103 131 876 418 241 744 672
1332 737 1330 1190 617 1528 1384 419 0 293 1417 94 1371 453 742 801 631 1102 1522 362 347 1604 684 658 1206 363 426 290 228 170 728 196 1440 1303 1129 304 1095 1483 366 337 726 377 1174 1331 305 1290 532 292 464 1492 1492 1539 953 485 513 1258 800 557 1126 1054
1227 632 1225 1085 512 1423 1278 314 293 0 1312 361 1266 220 636 696 526 997 1417 256 173 1499 579 553 1100 257 193 98 85 144 623 196 1334 1198 1023 143 990 1378 88 232 621 143 1068 1226 200 1185 388 105 304 1386 1387 1434 848 380 408 1153 694 324 1021 949
804 804 364 662 1019 1000 103 1035 1417 1312 0 1486 843 1404 1135 736 1033 765 241 1085 1470 323 1167 1066 868 1090 1377 1242 1363 1305 1129 1254 319 337 791 1439 567 171 1355 1113 1127 1328 836 211 1141 762 1199 1245 1131 371 964 1011 495 968 1084 189 711 1238 598 526
1401 806 1399 1258 686 1597 1452 488 94 361 1486 0 1440 522 810 870 700 1171 1590 430 415 1673 753 727 1274 431 495 358 297 239 797 264 1508 1372 1197 373 1163 1551 434 406 795 445 1242 1400 374 1358 601 361 532 1560 1561 1607 1022 553 582 1327 868 625 1195 1123
247 758 756 215 973 248 810 989 1371 1266 843 1440 0 1359 1089 690 987 719 948 1039 1424 1030 1121 1020 823 1044 1331 1196 1318 1259 1083 1208 853 729 746 1394 425 909 1309 1067 1081 1282 791 757 1095 267 1154 1199 1085 848 212 248 449 922 1038 684 666 1192 365 384
1320 725 1317 1177 605 1516 1371 407 453 220 1404 522 1359 0 729 788 619 1090 1509 351 379 1592 671 645 1193 352 54 192 291 342 715 291 1427 1291 1116 348 1082 1470 264 326 713 95 1161 1319 294 1277 380 199 295 1479 1480 1526 941 472 501 1245 787 315 1114 1042
1050 463 1048 908 156 1246 1102 360 742 636 1135 810 1089 729 0 527 152 565 1240 409 795 1322 334 233 668 415 702 567 688 630 43 579 1158 1021 459 764 813 1201 680 438 294 652 636 1049 465 1008 524 570 456 1210 1210 1257 671 292 408 976 525 563 844 772
651 106 649 509 403 847 703 419 801 696 736 870 690 788 527 0 417 421 841 469 854 923 551 450 525 474 761 626 748 689 513 638 759 622 448 824 414 802 739 497 511 712 493 650 525 609 584 629 515 811 811 858 272 352 468 577 119 622 445 373
948 353 946 806 68 1144 999 250 631 526 1033 700 987 619 152 417 0 666 1138 299 685 1220 224 123 769 305 592 457 578 520 138 469 1055 919 560 654 711 1099 570 328 184 542 737 947 355 905 414 459 346 1107 1108 1155 569 182 298 874 415 453 742 670
680 489 678 538 670 876 732 720 1102 997 765 1171 719 1090 565 421 666 0 870 770 1155 952 848 747 182 775 1062 927 1049 991 574 939 788 651 222 1125 443 831 1040 798 808 1013 100 679 826 638 885 930 816 840 840 887 301 653 769 606 397 923 474 402
909 909 469 767 1124 1105 159 1140 1522 1417 241 1590 948 1509 1240 841 1138 870 0 1190 1575 109 1272 1171 973 1195 1482 1347 1468 1410 1234 1359 424 442 896 1544 672 126 1460 1218 1232 1432 941 316 1245 866 1304 1350 1236 476 1069 1115 600 1073 1188 293 816 1343 703 631
1000 405 998 858 285 1196 1051 87 362 256 1085 430 1039 351 409 469 299 770 1190 0 415 1272 352 326 873 41 323 187 308 250 396 199 1107 971 796 384 763 1151 300 58 394 274 841 999 85 957 200 190 131 1159 1160 1207 621 153 181 926 467 239 794 722
1385 791 1383 1243 671 1582 1437 473 347 173 1470 415 1424 379 795 854 685 1155 1575 415 0 1657 737 711 1259 416 351 257 139 198 781 261 1493 1356 1182 197 1148 1536 246 390 779 302 1227 1385 359 1343 547 264 462 1545 1545 1592 1007 538 566 1311 853 482 1180 1108
991 991 551 849 1206 1188 241 1222 1604 1499 323 1673 1030 1592 1322 923 1220 952 109 1272 1657 0 1354 1253 1056 1278 1564 1429 1551 1493 1317 1441 506 524 979 1627 754 209 1542 1301 1314 1515 1024 398 1328 949 1387 1432 1318 558 1151 1198 682 1155 1271 376 899 1425 785 714
1082 487 1080 940 210 1278 1133 302 684 579 1167 753 1121 671 334 551 224 848 1272 352 737 1354 0 123 951 357 644 509 630 572 320 521 1189 1053 742 706 845 1233 622 380 114 595 919 1081 408 1039 466 512 398 1241 1242 1288 703 316 258 1008 549 505 876 804
981 386 979 839 109 1177 1032 276 658 553 1066 727 1020 645 233 450 123 747 1171 326 711 1253 123 0 850 331 618 483 604 546 219 495 1088 952 641 680 744 1132 596 354 106 569 818 980 382 939 440 486 372 1140 1141 1188 602 215 232 907 448 479 775 703
784 593 782 641 773 980 835 824 1206 1100 868 1274 823 1193 668 525 769 182 973 873 1259 1056 951 850 0 879 1166 1031 1152 1094 678 1043 891 755 325 1228 546 934 1144 902 912 1116 197 783 929 741 988 1034 920 943 944 990 405 757 872 710 500 1027 578 506
1006 411 1003 863 291 1202 1057 93 363 257 1090 431 1044 352 415 474 305 775 1195 41 416 1278 357 331 879 0 324 188 309 251 401 200 1113 976 802 385 768 1156 301 59 399 275 847 1005 86 963 205 191 137 1165 1165 1212 627 158 187 931 473 244 800 728
1292 697 1290 1150 578 1489 1344 380 426 193 1377 495 1331 54 702 761 592 1062 1482 323 351 1564 644 618 1166 324 0 165 263 315 688 263 1400 1263 1089 321 1055 1443 236 299 686 68 1134 1291 267 1250 353 172 268 1452 1452 1499 913 445 473 1218 760 288 1086 1014
1157 563 1155 1015 443 1354 1209 245 290 98 1242 358 1196 192 567 626 457 927 1347 187 257 1429 509 483 1031 188 165 0 169 178 553 127 1265 1128 954 226 920 1308 141 163 551 116 999 1157 131 1115 357 48 276 1317 1317 1364 779 310 338 1083 625 296 952 880
1279 684 1276 1136 564 1475 1330 366 228 85 1363 297 1318 291 688 748 578 1049 1468 308 139 1551 630 604 1152 309 263 169 0 79 674 142 1386 1250 1075 96 1041 1429 158 284 672 214 1120 1278 252 1236 459 176 374 1438 1439 1485 900 431 460 1205 746 394 1073 1001
1221 626 1218 1078 506 1417 1272 308 170 144 1305 239 1259 342 630 689 520 991 1410 250 198 1493 572 546 1094 251 315 178 79 0 616 84 1328 1191 1017 155 983 1371 217 226 614 265 1062 1220 194 1178 420 181 352 1380 1381 1427 842 373 402 1146 688 445 1015 943
1045 450 1042 902 142 1241 1096 346 728 623 1129 797 1083 715 43 513 138 574 1234 396 781 1317 320 219 678 401 688 553 674 616 0 565 1152 1016 468 751 807 1195 666 424 281 639 645 1044 452 1002 510 556 442 1204 1205 1251 666 279 395 970 512 549 839 767
1169 574 1167 1027 455 1366 1221 257 196 196 1254 264 1208 291 579 638 469 939 1359 199 261 1441 521 495 1043 200 263 127 142 84 565 0 1277 1140 966 218 932 1320 240 174 563 214 1011 1168 143 1127 369 130 301 1329 1329 1376 790 322 350 1095 637 394 963 891
627 827 386 684 1041 874 286 1058 1440 1334 319 1508 853 1427 1158 759 1055 788 424 1107 1493 506 1189 1088 891 1113 1400 1265 1386 1328 1152 1277 0 360 814 1462 589 385 1378 1136 1150 1350 859 147 1163 626 1222 1268 1154 72 920 834 518 991 1106 211 734 1261 584 549
690 690 47 548 905 887 304 921 1303 1198 337 1372 729 1291 1021 622 919 651 442 971 1356 524 1053 952 755 976 1263 1128 1250 1191 1016 1140 360 0 678 1326 453 403 1241 999 1013 1214 723 251 1027 648 1086 1131 1017 412 850 897 381 854 970 178 598 1124 484 412
707 516 705 564 564 903 758 747 1129 1023 791 1197 746 1116 459 448 560 222 896 796 1182 979 742 641 325 802 1089 954 1075 1017 468 966 814 678 0 1151 469 857 1067 825 702 1039 293 706 852 664 911 957 843 866 867 913 328 680 795 633 423 950 501 429
1355 760 1353 1212 640 1551 1406 442 304 143 1439 373 1394 348 764 824 654 1125 1544 384 197 1627 706 680 1228 385 321 226 96 155 751 218 1462 1326 1151 0 1117 1505 216 360 748 272 1196 1354 328 1312 516 233 432 1514 1515 1561 976 507 536 1281 822 452 1149 1077
386 482 480 244 697 582 533 713 1095 990 567 1163 425 1082 813 414 711 443 672 763 1148 754 845 744 546 768 1055 920 1041 983 807 932 589 453 469 1117 0 632 1033 791 805 1005 514 481 818 343 877 923 809 641 546 593 173 646 761 408 389 916 180 75
870 870 430 727 1085 1066 120 1101 1483 1378 171 1551 909 1470 1201 802 1099 831 126 1151 1536 209 1233 1132 934 1156 1443 1308 1429 1371 1195 1320 385 403 857 1505 632 0 1421 1179 1193 1393 902 277 1206 827 1265 1311 1197 437 1030 1076 561 1034 1149 254 777 1304 664 592
1270 675 1268 1128 556 1467 1322 358 366 88 1355 434 1309 264 680 739 570 1040 1460 300 246 1542 622 596 1144 301 236 141 158 217 666 240 1378 1241 1067 216 1033 1421 0 275 664 187 1112 1269 244 1228 432 149 347 1430 1430 1477 891 423 451 1196 738 367 1064 992
1029 434 1026 886 314 1225 1080 116 337 232 1113 406 1067 326 438 497 328 798 1218 58 390 1301 380 354 902 59 299 163 284 226 424 174 1136 999 825 360 791 1179 275 0 422 250 870 1028 74 986 228 165 160 1188 1189 1235 650 181 210 954 496 267 823 751
1042 447 1040 900 170 1239 1094 344 726 621 1127 795 1081 713 294 511 184 808 1232 394 779 1314 114 106 912 399 686 551 672 614 281 563 1150 1013 702 748 805 1193 664 422 0 637 880 1041 450 1000 508 554 440 1202 1202 1249 663 277 317 968 510 547 836 764
1243 648 1241 1100 528 1439 1294 330 377 143 1328 445 1282 95 652 712 542 1013 1432 274 302 1515 595 569 1116 275 68 116 214 265 639 214 1350 1214 1039 272 1005 1393 187 250 637 0 1084 1242 218 1200 303 123 219 1402 1403 1449 864 395 424 1169 710 239 1037 965
752 561 750 609 741 948 803 792 1174 1068 836 1242 791 1161 636 493 737 100 941 841 1227 1024 919 818 197 847 1134 999 1120 1062 645 1011 859 723 293 1196 514 902 1112 870 880 1084 0 751 897 709 956 1002 888 911 912 958 373 725 840 678 468 995 546 474
718 718 278 576 933 915 177 949 1331 1226 211 1400 757 1319 1049 650 947 679 316 999 1385 398 1081 980 783 1005 1291 1157 1278 1220 1044 1168 147 251 706 1354 481 277 1269 1028 1041 1242 751 0 1055 676 1114 1159 1045 199 878 925 409 882 998 103 626 1152 512 441
1056 461 1054 913 341 1252 1107 143 305 200 1141 374 1095 294 465 525 355 826 1245 85 359 1328 408 382 929 86 267 131 252 194 452 143 1163 1027 852 328 818 1206 244 74 450 218 897 1055 0 1013 256 133 187 1215 1216 1262 677 208 237 982 523 294 850 778
106 677 675 134 892 353 728 908 1290 1185 762 1358 267 1277 1008 609 905 638 866 957 1343 949 1039 939 741 963 1250 1115 1236 1178 1002 1127 626 648 664 1312 343 827 1228 986 1000 1200 709 676 1013 0 1072 1118 1004 621 389 312 368 841 956 603 584 1111 242 303
1115 520 1112 972 400 1311 1166 202 532 388 1199 601 1154 380 524 584 414 885 1304 200 547 1387 466 440 988 205 353 357 459 420 510 369 1222 1086 911 516 877 1265 432 228 508 303 956 1114 256 1072 0 360 107 1274 1275 1321 736 267 296 1041 582 214 909 837
1160 565 1158 1018 445 1356 1212 247 292 105 1245 361 1199 199 570 629 459 930 1350 190 264 1432 512 486 1034 191 172 48 176 181 556 130 1268 1131 957 233 923 1311 149 165 554 123 1002 1159 133 1118 360 0 283 1320 1320 1367 781 313 341 1086 628 303 954 882
1046 451 1044 904 332 1242 1098 133 464 304 1131 532 1085 295 456 515 346 816 1236 131 462 1318 398 372 920 137 268 276 374 352 442 301 1154 1017 843 432 809 1197 347 160 440 219 888 1045 187 1004 107 283 0 1206 1206 1253 667 199 227 972 514 129 840 768
622 879 438 723 1093 869 338 1110 1492 1386 371 1560 848 1479 1210 811 1107 840 476 1159 1545 558 1241 1140 943 1165 1452 1317 1438 1380 1204 1329 72 412 866 1514 641 437 1430 1188 1202 1402 911 199 1215 621 1274 1320 1206 0 915 829 569 1043 1158 263 786 1313 580 601
314 879 877 337 1094 71 931 1110 1492 1387 964 1561 212 1480 1210 811 1108 840 1069 1160 1545 1151 1242 1141 944 1165 1452 1317 1439 1381 1205 1329 920 850 867 1515 546 1030 1430 1189 1202 1403 912 878 1216 389 1275 1320 1206 915 0 149 570 1043 1159 805 787 1313 486 506
228 926 924 413 1141 103 977 1157 1539 1434 1011 1607 248 1526 1257 858 1155 887 1115 1207 1592 1198 1288 1188 990 1212 1499 1364 1485 1427 1251 1376 834 897 913 1561 593 1076 1477 1235 1249 1449 958 925 1262 312 1321 1367 1253 829 149 0 617 1090 1205 852 833 1360 449 552
410 340 408 268 555 606 461 571 953 848 495 1022 449 941 671 272 569 301 600 621 1007 682 703 602 405 627 913 779 900 842 666 790 518 381 328 976 173 561 891 650 663 864 373 409 677 368 736 781 667 569 570 617 0 504 620 336 248 774 204 132
883 288 881 741 168 1079 935 103 485 380 968 553 922 472 292 352 182 653 1073 153 538 1155 316 215 757 158 445 310 431 373 279 322 991 854 680 507 646 1034 423 181 277 395 725 882 208 841 267 313 199 1043 1043 1090 504 0 151 809 350 306 677 605
999 404 997 856 284 1195 1050 131 513 408 1084 582 1038 501 408 468 298 769 1188 181 566 1271 258 232 872 187 473 338 460 402 395 350 1106 970 795 536 761 1149 451 210 317 424 840 998 237 956 296 341 227 1158 1159 1205 620 151 0 925 466 334 793 721
645 645 205 503 860 842 155 876 1258 1153 189 1327 684 1245 976 577 874 606 293 926 1311 376 1008 907 710 931 1218 1083 1205 1146 970 1095 211 178 633 1281 408 254 1196 954 968 1169 678 103 982 603 1041 1086 972 263 805 852 336 809 925 0 553 1079 439 367
627 187 625 484 401 823 678 418 800 694 711 868 666 787 525 119 415 397 816 467 853 899 549 448 500 473 760 625 746 688 512 637 734 598 423 822 389 777 738 496 510 710 468 626 523 584 582 628 514 786 787 833 248 350 466 553 0 621 421 349
1153 558 1151 1011 439 1350 1205 241 557 324 1238 625 1192 315 563 622 453 923 1343 239 482 1425 505 479 1027 244 288 296 394 445 549 394 1261 1124 950 452 916 1304 367 267 547 239 995 1152 294 1111 214 303 129 1313 1313 1360 774 306 334 1079 621 0 947 875
243 513 511 183 728 490 565 744 1126 1021 598 1195 365 1114 844 445 742 474 703 794 1180 785 876 775 578 800 1086 952 1073 1015 839 963 584 484 501 1149 180 664 1064 823 836 1037 546 512 850 242 909 954 840 580 486 449 204 677 793 439 421 947 0 140
346 441 439 203 656 542 493 672 1054 949 526 1123 384 1042 772 373 670 402 631 722 1108 714 804 703 506 728 1014 880 1001 943 767 891 549 412 429 1077 75 592 992 751 764 965 474 441 778 303 837 882 768 601 506 552 132 605 721 367 349 875 140 0
EOF