NAME : tsp_problem
TYPE : TSP
DIMENSION : 56
EDGE_WEIGHT_TYPE : EXPLICIT
EDGE_WEIGHT_FORMAT : FULL_MATRIX
EDGE_WEIGHT_SECTION
0 751 809 853 328 293 1220 161 873 903 1028 1165 464 1173 181 783 1182 361 943 494 1219 849 376 366 779 327 300 421 210 381 197 362 1130 351 792 290 397 1294 328 210 1281 1017 328 1175 608 1232 299 305 1153 674 1160 240 1164 285 672 907
751 0 413 474 670 1009 537 769 190 220 441 482 340 490 605 386 595 579 547 409 536 166 593 1083 402 1042 1017 778 722 1098 914 580 543 569 396 1008 615 707 1044 721 694 430 1045 492 461 645 907 1022 566 511 477 848 577 1001 276 224
809 413 0 277 676 1067 882 827 535 565 690 827 398 835 663 73 844 637 161 467 881 511 652 1141 205 1100 1075 832 780 1156 972 638 792 627 56 1066 673 956 1102 779 943 679 1103 837 519 894 965 1080 815 314 822 906 826 1059 171 569
853 474 277 0 567 1111 943 871 596 626 751 888 459 896 708 251 905 698 411 528 942 572 713 1185 133 1145 1119 722 799 1201 1016 699 853 688 260 1110 734 1017 1146 823 1004 740 1148 899 580 955 1009 1124 877 205 883 950 887 1103 232 630
328 670 676 567 0 586 1139 346 792 822 947 1085 383 1092 182 650 1101 281 810 413 1139 769 295 660 493 619 594 197 273 675 491 282 1049 271 659 585 316 1214 621 298 1200 937 622 1095 528 1152 484 599 1073 388 1080 425 1084 578 591 826
293 1009 1067 1111 586 0 1478 259 1131 1161 1286 1423 722 1431 439 1041 1440 619 1201 752 1477 1107 634 449 1037 132 255 679 468 464 152 620 1388 609 1050 374 655 1552 133 467 1539 1275 370 1433 866 1490 157 260 1411 932 1418 358 1422 90 930 1165
1220 537 882 943 1139 1478 0 1238 416 482 910 158 809 141 1075 856 1064 1048 1016 878 667 456 1063 1552 871 1512 1486 1247 1191 1567 1383 1049 1012 1038 865 1477 1084 1176 1513 1190 1163 899 1515 77 930 834 1376 1491 1036 980 86 1317 1046 1470 745 485
161 769 827 871 346 259 1238 0 891 921 1046 1183 482 1191 199 801 1200 379 961 512 1238 868 394 493 798 293 368 440 229 508 265 380 1148 369 810 417 415 1312 294 228 1299 1035 455 1194 626 1251 158 374 1172 692 1178 118 1182 251 690 925
873 190 535 596 792 1131 416 891 0 250 563 330 461 338 727 508 717 701 669 531 566 79 715 1205 524 1164 1139 900 844 1220 1036 702 665 691 518 1129 736 829 1166 843 816 552 1167 371 583 733 1029 1144 688 633 356 970 699 1123 398 254
903 220 565 626 822 1161 482 921 250 0 593 441 492 550 758 539 747 731 699 561 481 227 746 1235 554 1195 1169 930 874 1250 1066 732 695 721 548 1160 767 859 1196 873 846 582 1198 437 613 647 1059 1174 719 663 422 1000 729 1153 428 66
1028 441 690 751 947 1286 910 1046 563 593 0 855 616 863 882 663 279 856 824 686 298 539 870 1360 679 1319 1294 1055 999 1375 1191 857 227 846 673 1284 891 392 1321 998 378 269 1322 865 738 243 1184 1299 251 788 850 1125 262 1278 553 597
1165 482 827 888 1085 1423 158 1183 330 441 855 0 754 274 1020 801 1009 993 961 824 627 371 1008 1497 816 1457 1431 1192 1136 1513 1328 994 957 983 810 1422 1029 1121 1458 1135 1108 844 1460 113 875 793 1321 1436 981 925 98 1262 991 1415 690 445
464 340 398 459 383 722 809 482 461 492 616 754 0 762 318 371 771 292 532 91 808 438 306 796 387 755 730 491 435 811 627 293 718 282 381 721 328 883 757 434 870 606 758 764 197 821 620 735 742 496 749 561 753 714 261 496
1173 490 835 896 1092 1431 141 1191 338 550 863 274 762 0 1027 808 1017 1001 969 831 784 379 1015 1505 824 1464 1439 1200 1144 1520 1336 1002 965 991 818 1430 1037 1129 1466 1143 1116 852 1467 194 883 950 1329 1444 988 933 202 1270 999 1423 698 554
181 605 663 708 182 439 1075 199 727 758 882 1020 318 1027 0 637 1036 216 798 348 1074 704 230 513 634 473 447 290 152 529 344 217 984 206 647 438 252 1149 474 151 1136 872 476 1030 463 1087 338 452 1008 528 1015 278 1019 431 526 761
783 386 73 251 650 1041 856 801 508 539 663 801 371 808 637 0 817 611 207 441 855 485 625 1115 179 1074 1049 805 754 1130 946 612 765 601 56 1039 646 930 1076 753 917 653 1077 811 493 868 939 1054 789 288 796 880 800 1033 145 543
1182 595 844 905 1101 1440 1064 1200 717 747 279 1009 771 1017 1036 817 0 1010 978 840 539 693 1024 1514 833 1473 1448 1209 1153 1529 1345 1011 158 1000 827 1439 1046 205 1475 1152 192 423 1476 1019 892 484 1338 1453 64 942 1004 1279 75 1432 707 751
361 579 637 698 281 619 1048 379 701 731 856 993 292 1001 216 611 1010 0 771 322 1047 677 74 694 626 653 627 388 332 709 524 60 958 35 620 618 95 1122 654 331 1109 845 656 1003 436 1060 518 632 982 627 988 458 992 611 500 735
943 547 161 411 810 1201 1016 961 669 699 824 961 532 969 798 207 978 771 0 601 1015 645 786 1275 339 1235 1209 966 914 1290 1106 772 926 761 174 1200 807 1090 1236 913 1077 813 1238 972 653 1028 1099 1214 950 448 956 1040 960 1193 305 703
494 409 467 528 413 752 878 512 531 561 686 824 91 831 348 441 840 322 601 0 878 508 336 826 456 785 760 521 465 841 657 323 788 312 450 750 357 953 787 464 939 675 788 834 267 891 650 765 812 566 819 591 823 744 330 565
1219 536 881 942 1139 1477 667 1238 566 481 298 627 808 784 1074 855 539 1047 1015 878 0 543 1062 1552 870 1511 1485 1246 1190 1567 1382 1048 487 1037 864 1476 1083 651 1512 1189 638 529 1514 623 930 187 1376 1490 511 980 607 1317 521 1469 744 485
849 166 511 572 769 1107 456 868 79 227 539 371 438 379 704 485 693 677 645 508 543 0 692 1182 500 1141 1115 876 820 1197 1012 678 641 667 494 1106 713 806 1142 819 792 529 1144 412 560 709 1006 1120 665 610 397 946 676 1099 374 230
376 593 652 713 295 634 1063 394 715 746 870 1008 306 1015 230 625 1024 74 786 336 1062 692 0 708 641 668 642 403 347 723 539 45 972 64 635 633 46 1137 669 346 1124 860 671 1018 451 1075 532 647 996 641 1003 473 1007 626 515 750
366 1083 1141 1185 660 449 1552 493 1205 1235 1360 1497 796 1505 513 1115 1514 694 1275 826 1552 1182 708 0 1112 483 284 754 543 154 353 694 1462 683 1124 103 729 1627 484 542 1613 1349 301 1508 941 1565 460 278 1486 1006 1493 572 1497 441 1004 1239
779 402 205 133 493 1037 871 798 524 554 679 816 387 824 634 179 833 626 339 456 870 500 641 1112 0 1071 1045 649 725 1127 942 627 781 616 188 1036 662 945 1072 750 932 668 1074 827 508 883 936 1051 805 131 811 877 815 1029 160 558
327 1042 1100 1145 619 132 1512 293 1164 1195 1319 1457 755 1464 473 1074 1473 653 1235 785 1511 1141 668 483 1071 0 288 713 502 498 185 654 1421 643 1084 407 689 1586 40 501 1573 1309 404 1467 900 1524 190 294 1445 965 1452 392 1456 62 963 1198
300 1017 1075 1119 594 255 1486 368 1139 1169 1294 1431 730 1439 447 1049 1448 627 1209 760 1485 1115 642 284 1045 288 0 687 476 299 130 628 1396 617 1058 209 663 1560 290 476 1547 1283 161 1441 874 1498 265 51 1419 940 1426 467 1430 247 938 1173
421 778 832 722 197 679 1247 440 900 930 1055 1192 491 1200 290 805 1209 388 966 521 1246 876 403 754 649 713 687 0 240 769 584 389 1157 378 815 678 424 1321 714 299 1308 1044 716 1202 635 1259 578 692 1180 543 1187 518 1191 671 699 934
210 722 780 799 273 468 1191 229 844 874 999 1136 435 1144 152 754 1153 332 914 465 1190 820 347 543 725 502 476 240 0 558 373 333 1101 322 763 467 368 1265 503 88 1252 988 505 1147 579 1203 367 482 1125 619 1131 308 1135 460 643 878
381 1098 1156 1201 675 464 1567 508 1220 1250 1375 1513 811 1520 529 1130 1529 709 1290 841 1567 1197 723 154 1127 498 299 769 558 0 368 710 1477 699 1139 118 744 1642 499 557 1628 1364 316 1523 956 1580 475 293 1501 1021 1508 587 1512 456 1019 1254
197 914 972 1016 491 152 1383 265 1036 1066 1191 1328 627 1336 344 946 1345 524 1106 657 1382 1012 539 353 942 185 130 584 373 368 0 525 1293 514 955 277 560 1457 187 373 1444 1180 245 1338 771 1395 162 135 1317 837 1323 364 1327 144 835 1070
362 580 638 699 282 620 1049 380 702 732 857 994 293 1002 217 612 1011 60 772 323 1048 678 45 694 627 654 628 389 333 710 525 0 959 50 621 619 66 1123 655 332 1110 846 657 1004 437 1061 519 633 982 627 989 459 993 612 501 736
1130 543 792 853 1049 1388 1012 1148 665 695 227 957 718 965 984 765 158 958 926 788 487 641 972 1462 781 1421 1396 1157 1101 1477 1293 959 0 948 775 1386 994 333 1423 1100 320 371 1424 967 840 432 1286 1401 193 890 952 1227 203 1380 655 699
351 569 627 688 271 609 1038 369 691 721 846 983 282 991 206 601 1000 35 761 312 1037 667 64 683 616 643 617 378 322 699 514 50 948 0 610 608 85 1112 644 321 1099 835 646 993 426 1050 508 622 971 616 978 448 982 601 490 725
792 396 56 260 659 1050 865 810 518 548 673 810 381 818 647 56 827 620 174 450 864 494 635 1124 188 1084 1058 815 763 1139 955 621 775 610 0 1049 656 939 1085 762 926 662 1087 821 502 877 948 1063 799 297 805 889 809 1042 154 552
290 1008 1066 1110 585 374 1477 417 1129 1160 1284 1422 721 1430 438 1039 1439 618 1200 750 1476 1106 633 103 1036 407 209 678 467 118 277 619 1386 608 1049 0 654 1551 409 466 1538 1274 226 1432 865 1489 384 202 1410 931 1417 496 1421 366 929 1164
397 615 673 734 316 655 1084 415 736 767 891 1029 328 1037 252 646 1046 95 807 357 1083 713 46 729 662 689 663 424 368 744 560 66 994 85 656 654 0 1158 690 367 1145 881 692 1039 472 1096 553 668 1017 662 1024 494 1028 647 536 771
1294 707 956 1017 1214 1552 1176 1312 829 859 392 1121 883 1129 1149 930 205 1122 1090 953 651 806 1137 1627 945 1586 1560 1321 1265 1642 1457 1123 333 1112 939 1551 1158 0 1587 1264 59 535 1589 1132 1004 596 1451 1565 167 1054 1117 1391 155 1544 819 863
328 1044 1102 1146 621 133 1513 294 1166 1196 1321 1458 757 1466 474 1076 1475 654 1236 787 1512 1142 669 484 1072 40 290 714 503 499 187 655 1423 644 1085 409 690 1587 0 503 1574 1310 405 1468 901 1525 192 295 1446 967 1453 393 1457 63 965 1200
210 721 779 823 298 467 1190 228 843 873 998 1135 434 1143 151 753 1152 331 913 464 1189 819 346 542 750 501 476 299 88 557 373 332 1100 321 762 466 367 1264 503 0 1251 987 504 1146 578 1202 366 481 1124 644 1130 307 1134 460 642 877
1281 694 943 1004 1200 1539 1163 1299 816 846 378 1108 870 1116 1136 917 192 1109 1077 939 638 792 1124 1613 932 1573 1547 1308 1252 1628 1444 1110 320 1099 926 1538 1145 59 1574 1251 0 522 1576 1119 991 583 1437 1552 154 1041 1103 1378 142 1531 806 850
1017 430 679 740 937 1275 899 1035 552 582 269 844 606 852 872 653 423 845 813 675 529 529 860 1349 668 1309 1283 1044 988 1364 1180 846 371 835 662 1274 881 535 1310 987 522 0 1312 855 727 473 1173 1288 395 777 839 1114 405 1267 542 586
328 1045 1103 1148 622 370 1515 455 1167 1198 1322 1460 758 1467 476 1077 1476 656 1238 788 1514 1144 671 301 1074 404 161 716 505 316 245 657 1424 646 1087 226 692 1589 405 504 1576 1312 0 1470 903 1527 381 154 1448 968 1455 534 1459 362 966 1201
1175 492 837 899 1095 1433 77 1194 371 437 865 113 764 194 1030 811 1019 1003 972 834 623 412 1018 1508 827 1467 1441 1202 1147 1523 1338 1004 967 993 821 1432 1039 1132 1468 1146 1119 855 1470 0 886 789 1332 1447 991 936 41 1273 1002 1425 700 441
608 461 519 580 528 866 930 626 583 613 738 875 197 883 463 493 892 436 653 267 930 560 451 941 508 900 874 635 579 956 771 437 840 426 502 865 472 1004 901 578 991 727 903 886 0 943 765 879 864 617 870 705 874 858 382 617
1232 645 894 955 1152 1490 834 1251 733 647 243 793 821 950 1087 868 484 1060 1028 891 187 709 1075 1565 883 1524 1498 1259 1203 1580 1395 1061 432 1050 877 1489 1096 596 1525 1202 583 473 1527 789 943 0 1389 1503 456 993 774 1329 466 1482 757 651
299 907 965 1009 484 157 1376 158 1029 1059 1184 1321 620 1329 338 939 1338 518 1099 650 1376 1006 532 460 936 190 265 578 367 475 162 519 1286 508 948 384 553 1451 192 366 1437 1173 381 1332 765 1389 0 271 1310 830 1317 257 1321 149 828 1063
305 1022 1080 1124 599 260 1491 374 1144 1174 1299 1436 735 1444 452 1054 1453 632 1214 765 1490 1120 647 278 1051 294 51 692 482 293 135 633 1401 622 1063 202 668 1565 295 481 1552 1288 154 1447 879 1503 271 0 1425 945 1431 473 1435 252 943 1178
1153 566 815 877 1073 1411 1036 1172 688 719 251 981 742 988 1008 789 64 982 950 812 511 665 996 1486 805 1445 1419 1180 1125 1501 1317 982 193 971 799 1410 1017 167 1446 1124 154 395 1448 991 864 456 1310 1425 0 914 976 1251 44 1404 678 723
674 511 314 205 388 932 980 692 633 663 788 925 496 933 528 288 942 627 448 566 980 610 641 1006 131 965 940 543 619 1021 837 627 890 616 297 931 662 1054 967 644 1041 777 968 936 617 993 830 945 914 0 920 771 924 924 269 667
1160 477 822 883 1080 1418 86 1178 356 422 850 98 749 202 1015 796 1004 988 956 819 607 397 1003 1493 811 1452 1426 1187 1131 1508 1323 989 952 978 805 1417 1024 1117 1453 1130 1103 839 1455 41 870 774 1317 1431 976 920 0 1257 987 1410 685 426
240 848 906 950 425 358 1317 118 970 1000 1125 1262 561 1270 278 880 1279 458 1040 591 1317 946 473 572 877 392 467 518 308 587 364 459 1227 448 889 496 494 1391 393 307 1378 1114 534 1273 705 1329 257 473 1251 771 1257 0 1261 350 769 1004
1164 577 826 887 1084 1422 1046 1182 699 729 262 991 753 999 1019 800 75 992 960 823 521 676 1007 1497 815 1456 1430 1191 1135 1512 1327 993 203 982 809 1421 1028 155 1457 1134 142 405 1459 1002 874 466 1321 1435 44 924 987 1261 0 1414 689 733
285 1001 1059 1103 578 90 1470 251 1123 1153 1278 1415 714 1423 431 1033 1432 611 1193 744 1469 1099 626 441 1029 62 247 671 460 456 144 612 1380 601 1042 366 647 1544 63 460 1531 1267 362 1425 858 1482 149 252 1404 924 1410 350 1414 0 922 1157
672 276 171 232 591 930 745 690 398 428 553 690 261 698 526 145 707 500 305 330 744 374 515 1004 160 963 938 699 643 1019 835 501 655 490 154 929 536 819 965 642 806 542 966 700 382 757 828 943 678 269 685 769 689 922 0 432
907 224 569 630 826 1165 485 925 254 66 597 445 496 554 761 543 751 735 703 565 485 230 750 1239 558 1198 1173 934 878 1254 1070 736 699 725 552 1164 771 863 1200 877 850 586 1201 441 617 651 1063 1178 723 667 426 1004 733 1157 432 0
EOF