NAME : tsp_problem
TYPE : TSP
DIMENSION : 34
EDGE_WEIGHT_TYPE : EXPLICIT
EDGE_WEIGHT_FORMAT : FULL_MATRIX
EDGE_WEIGHT_SECTION
0 456 591 419 1010 752 681 446 1049 749 262 285 1110 353 1135 911 102 621 755 397 543 964 850 202 755 415 413 1113 1041 1002 409 231 361 925
456 0 899 528 1318 1061 255 754 1357 1057 667 689 1418 182 1443 1219 506 930 1063 801 157 1272 1159 607 1064 723 526 1421 1349 1310 717 635 669 1234
591 899 0 957 523 190 1123 698 562 187 801 824 623 796 649 425 640 64 193 936 986 477 364 741 269 612 951 626 554 515 606 770 613 439
419 528 957 0 1377 1119 752 812 1415 1116 421 509 1477 537 1502 1278 376 988 1122 621 614 1330 1217 361 1122 782 100 1479 1407 1368 775 506 728 1292
1010 1318 523 1377 0 685 1542 1117 432 577 1220 1243 320 1215 333 292 1059 554 688 1355 1405 347 232 1160 422 1086 1370 311 424 346 1080 1189 1032 421
752 1061 190 1119 685 0 1285 631 724 266 963 986 785 958 810 586 802 171 273 1097 1147 639 525 903 430 468 1113 788 716 677 462 931 547 600
681 255 1123 752 1542 1285 0 978 1581 1282 891 914 1642 406 1668 1444 730 1154 1288 1026 381 1496 1383 831 1288 948 750 1645 1573 1534 941 859 894 1458
446 754 698 812 1117 631 978 0 1155 852 656 679 1217 651 1242 1018 495 728 858 791 841 1070 957 596 862 267 806 1219 1148 1109 261 625 213 1032
1049 1357 562 1415 432 724 1581 1155 0 616 1259 1282 404 1254 429 168 1098 593 727 1394 1444 114 225 1199 315 1125 1409 407 32 295 1119 1228 1071 230
749 1057 187 1116 577 266 1282 852 616 0 959 982 678 954 703 479 799 168 159 1094 1144 531 418 899 323 688 1110 680 608 569 682 928 767 493
262 667 801 421 1220 963 891 656 1259 959 0 404 1320 564 1345 1121 220 832 966 516 753 1174 1061 98 966 625 415 1323 1251 1212 619 349 572 1136
285 689 824 509 1243 986 914 679 1282 982 404 0 1343 587 1368 1144 214 855 988 140 776 1197 1084 344 989 648 503 1346 1274 1235 642 255 594 1159
1110 1418 623 1477 320 785 1642 1217 404 678 1320 1343 0 1315 78 264 1160 654 788 1455 1505 319 284 1260 477 1186 1470 132 396 274 1180 1289 1132 393
353 182 796 537 1215 958 406 651 1254 954 564 587 1315 0 1340 1116 403 827 961 698 268 1169 1056 504 961 620 535 1318 1246 1207 614 532 566 1131
1135 1443 649 1502 333 810 1668 1242 429 703 1345 1368 78 1340 0 290 1185 679 813 1480 1530 344 310 1285 503 1211 1496 77 421 299 1205 1314 1157 418
911 1219 425 1278 292 586 1444 1018 168 479 1121 1144 264 1116 290 0 961 455 589 1256 1306 83 86 1061 241 987 1272 267 160 156 981 1090 933 157
102 506 640 376 1059 802 730 495 1098 799 220 214 1160 403 1185 961 0 671 805 326 592 1013 900 160 805 465 370 1162 1090 1051 458 160 411 975
621 930 64 988 554 171 1154 728 593 168 832 855 654 827 679 455 671 0 174 967 1016 508 395 772 299 593 982 657 585 546 587 800 644 469
755 1063 193 1122 688 273 1288 858 727 159 966 988 788 961 813 589 805 174 0 1100 1150 642 528 906 433 695 1116 790 719 680 689 934 774 603
397 801 936 621 1355 1097 1026 791 1394 1094 516 140 1455 698 1480 1256 326 967 1100 0 888 1309 1196 456 1100 760 615 1458 1386 1347 754 367 706 1271
543 157 986 614 1405 1147 381 841 1444 1144 753 776 1505 268 1530 1306 592 1016 1150 888 0 1359 1245 693 1150 810 612 1507 1436 1397 804 722 756 1320
964 1272 477 1330 347 639 1496 1070 114 531 1174 1197 319 1169 344 83 1013 508 642 1309 1359 0 140 1114 230 1040 1324 322 106 210 1034 1143 986 145
850 1159 364 1217 232 525 1383 957 225 418 1061 1084 284 1056 310 86 900 395 528 1196 1245 140 0 1001 262 927 1211 288 217 176 920 1029 873 214
202 607 741 361 1160 903 831 596 1199 899 98 344 1260 504 1285 1061 160 772 906 456 693 1114 1001 0 906 565 355 1263 1191 1152 559 289 512 1076
755 1064 269 1122 422 430 1288 862 315 323 966 989 477 961 503 241 805 299 433 1100 1150 230 262 906 0 831 1116 480 307 369 825 934 778 192
415 723 612 782 1086 468 948 267 1125 688 625 648 1186 620 1211 987 465 593 695 760 810 1040 927 565 831 0 776 1189 1117 1078 90 594 182 1002
413 526 951 100 1370 1113 750 806 1409 1110 415 503 1470 535 1496 1272 370 982 1116 615 612 1324 1211 355 1116 776 0 1473 1401 1362 769 500 722 1286
1113 1421 626 1479 311 788 1645 1219 407 680 1323 1346 132 1318 77 267 1162 657 790 1458 1507 322 288 1263 480 1189 1473 0 399 277 1183 1291 1135 396
1041 1349 554 1407 424 716 1573 1148 32 608 1251 1274 396 1246 421 160 1090 585 719 1386 1436 106 217 1191 307 1117 1401 399 0 288 1111 1220 1063 223
1002 1310 515 1368 346 677 1534 1109 295 569 1212 1235 274 1207 299 156 1051 546 680 1347 1397 210 176 1152 369 1078 1362 277 288 0 1072 1181 1024 284
409 717 606 775 1080 462 941 261 1119 682 619 642 1180 614 1205 981 458 587 689 754 804 1034 920 559 825 90 769 1183 1111 1072 0 588 176 995
231 635 770 506 1189 931 859 625 1228 928 349 255 1289 532 1314 1090 160 800 934 367 722 1143 1029 289 934 594 500 1291 1220 1181 588 0 540 1104
361 669 613 728 1032 547 894 213 1071 767 572 594 1132 566 1157 933 411 644 774 706 756 986 873 512 778 182 722 1135 1063 1024 176 540 0 948
925 1234 439 1292 421 600 1458 1032 230 493 1136 1159 393 1131 418 157 975 469 603 1271 1320 145 214 1076 192 1002 1286 396 223 284 995 1104 948 0
EOF