NAME : tsp_problem
TYPE : TSP
DIMENSION : 48
EDGE_WEIGHT_TYPE : EXPLICIT
EDGE_WEIGHT_FORMAT : FULL_MATRIX
EDGE_WEIGHT_SECTION
0 395 954 544 688 1040 1076 440 196 813 713 783 747 1066 525 228 280 488 857 356 978 501 275 728 796 704 1065 104 404 509 1073 113 826 874 366 730 729 545 1063 98 562 825 799 1016 521 762 570 988
395 0 1093 806 827 1179 1216 200 557 762 662 732 887 1205 167 590 420 249 806 110 1117 862 637 867 615 346 1205 465 543 270 1213 474 965 1013 506 679 678 684 1203 459 701 965 938 1155 470 502 212 1127
954 1093 0 627 580 322 359 1138 1116 1512 1412 1482 226 476 1224 1149 777 1187 1555 1054 260 691 1196 518 1494 1402 347 1024 853 1207 356 1033 277 156 661 1429 1427 587 345 1018 420 152 250 426 1219 1460 1269 270
544 806 627 0 203 713 749 851 673 1225 1125 1195 420 739 937 706 490 900 1268 767 651 94 753 265 1207 1115 738 581 566 920 746 457 499 547 374 1142 1140 300 736 575 235 498 472 689 932 1173 982 661
688 827 580 203 0 666 703 872 846 1246 1146 1216 374 692 958 879 512 921 1289 788 604 267 926 91 1228 1137 692 754 587 941 700 630 452 500 395 1163 1162 321 690 748 256 452 425 642 953 1194 1003 614
1040 1179 322 713 666 0 157 1224 1202 1598 1498 1568 413 389 1310 1235 864 1273 1641 1140 88 777 1282 604 1580 1489 53 1110 939 1293 57 1119 464 191 747 1515 1514 673 64 1104 506 339 437 340 1305 1546 1355 78
1076 1216 359 749 703 157 0 1261 1239 1634 1534 1604 450 414 1346 1271 900 1309 1678 1177 166 813 1318 641 1617 1525 132 1147 976 1330 130 1155 501 228 783 1551 1550 709 143 1140 543 376 474 364 1342 1583 1392 176
440 200 1138 851 872 1224 1261 0 602 807 707 777 932 1250 261 635 465 176 851 161 1162 907 682 912 775 327 1250 510 588 102 1258 519 1010 1058 551 724 723 729 1247 504 746 1009 983 1200 514 354 373 1172
196 557 1116 673 846 1202 1239 602 0 976 876 946 910 1228 688 76 443 651 1020 518 1140 630 167 890 958 867 1228 233 566 671 1236 242 989 1036 529 893 892 707 1226 227 724 988 961 1179 684 924 733 1150
813 762 1512 1225 1246 1598 1634 807 976 0 126 56 1305 1624 892 1008 838 855 79 723 1536 1281 1055 1285 570 1071 1623 884 962 876 1631 892 1384 1432 924 164 163 1103 1621 877 1120 1383 1357 1574 321 1129 825 1546
713 662 1412 1125 1146 1498 1534 707 876 126 0 96 1205 1524 792 908 738 755 170 623 1436 1180 955 1185 470 971 1523 784 862 776 1531 792 1284 1332 824 64 63 1003 1521 777 1020 1283 1257 1474 221 1029 725 1446
783 732 1482 1195 1216 1568 1604 777 946 56 96 0 1275 1594 862 978 808 825 100 693 1506 1251 1025 1255 540 1041 1593 854 932 846 1601 862 1354 1402 894 134 133 1073 1591 847 1090 1353 1327 1544 291 1099 795 1516
747 887 226 420 374 413 450 932 910 1305 1205 1275 0 553 1017 942 571 980 1349 847 351 484 989 312 1288 1196 439 818 647 1001 447 826 98 247 454 1222 1221 380 436 811 214 98 71 503 1013 1254 1062 361
1066 1205 476 739 692 389 414 1250 1228 1624 1524 1594 553 0 1336 1261 889 1299 1667 1166 327 803 1308 630 1606 1514 415 1136 965 1319 423 1145 618 390 773 1541 1540 699 413 1130 532 493 591 75 1331 1572 1381 337
525 167 1224 937 958 1310 1346 261 688 892 792 862 1017 1336 0 720 550 379 936 241 1248 993 767 997 618 283 1335 596 674 282 1343 604 1096 1144 636 809 808 815 1333 589 832 1095 1069 1286 600 438 215 1258
228 590 1149 706 879 1235 1271 635 76 1008 908 978 942 1261 720 0 475 683 1052 550 1173 662 131 922 991 899 1260 266 599 704 1268 274 1021 1069 561 925 924 740 1258 259 757 1020 994 1211 716 957 765 1183
280 420 777 490 512 864 900 465 443 838 738 808 571 889 550 475 0 513 882 381 801 554 522 551 821 729 889 351 227 534 897 359 650 698 190 755 754 369 887 344 385 649 623 840 546 787 596 812
488 249 1187 900 921 1273 1309 176 651 855 755 825 980 1299 379 683 513 0 899 210 1211 956 730 960 827 471 1298 559 637 245 1306 567 1059 1107 599 772 771 778 1296 552 795 1058 1032 1249 563 498 425 1221
857 806 1555 1268 1289 1641 1678 851 1020 79 170 100 1349 1667 936 1052 882 899 0 766 1579 1324 1099 1329 614 1115 1667 928 1005 920 1675 936 1428 1476 968 208 207 1147 1665 921 1163 1427 1401 1618 365 1172 869 1590
356 110 1054 767 788 1140 1177 161 518 723 623 693 847 1166 241 550 381 210 766 0 1078 823 597 828 689 419 1165 426 504 230 1174 435 926 974 466 640 638 645 1163 420 662 925 899 1116 430 483 286 1088
978 1117 260 651 604 88 166 1162 1140 1536 1436 1506 351 327 1248 1173 801 1211 1579 1078 0 715 1220 542 1518 1426 114 1048 877 1231 122 1057 402 129 685 1453 1451 611 112 1042 444 277 375 277 1243 1484 1293 47
501 862 691 94 267 777 813 907 630 1281 1180 1251 484 803 993 662 554 956 1324 823 715 0 709 329 1263 1171 802 538 630 976 810 414 563 611 438 1198 1196 364 800 532 299 562 536 753 988 1229 1038 725
275 637 1196 753 926 1282 1318 682 167 1055 955 1025 989 1308 767 131 522 730 1099 597 1220 709 0 969 1038 946 1307 313 646 751 1315 321 1068 1116 608 972 971 787 1305 306 804 1067 1041 1258 763 1003 812 1230
728 867 518 265 91 604 641 912 890 1285 1185 1255 312 630 997 922 551 960 1329 828 542 329 969 0 1268 1176 630 798 627 981 638 692 391 439 434 1203 1201 361 628 792 194 390 364 581 993 1234 1043 553
796 615 1494 1207 1228 1580 1617 775 958 570 470 540 1288 1606 618 991 821 827 614 689 1518 1263 1038 1268 0 797 1606 866 944 797 1614 875 1366 1414 907 487 486 1085 1603 860 1102 1366 1339 1556 304 953 429 1528
704 346 1402 1115 1137 1489 1525 327 867 1071 971 1041 1196 1514 283 899 729 471 1115 419 1426 1171 946 1176 797 0 1514 775 852 278 1522 783 1275 1323 815 988 987 994 1512 768 1010 1274 1248 1465 779 183 394 1437
1065 1205 347 738 692 53 132 1250 1228 1623 1523 1593 439 415 1335 1260 889 1298 1667 1165 114 802 1307 630 1606 1514 0 1136 965 1319 32 1144 489 216 772 1540 1539 698 39 1129 532 365 462 365 1331 1572 1380 104
104 465 1024 581 754 1110 1147 510 233 884 784 854 818 1136 596 266 351 559 928 426 1048 538 313 798 866 775 1136 0 474 579 1144 150 896 944 437 801 800 615 1134 55 632 896 869 1086 591 832 641 1058
404 543 853 566 587 939 976 588 566 962 862 932 647 965 674 599 227 637 1005 504 877 630 646 627 944 852 965 474 0 657 973 483 725 773 265 879 877 444 962 468 461 724 698 915 669 910 719 887
509 270 1207 920 941 1293 1330 102 671 876 776 846 1001 1319 282 704 534 245 920 230 1231 976 751 981 797 278 1319 579 657 0 1327 588 1079 1127 620 793 792 798 1316 573 815 1079 1052 1269 583 281 394 1241
1073 1213 356 746 700 57 130 1258 1236 1631 1531 1601 447 423 1343 1268 897 1306 1675 1174 122 810 1315 638 1614 1522 32 1144 973 1327 0 1152 497 225 780 1548 1547 706 43 1137 540 373 470 373 1339 1580 1389 112
113 474 1033 457 630 1119 1155 519 242 892 792 862 826 1145 604 274 359 567 936 435 1057 414 321 692 875 783 1144 150 483 588 1152 0 905 953 445 809 808 624 1142 143 641 904 878 1095 600 841 649 1067
826 965 277 499 452 464 501 1010 989 1384 1284 1354 98 618 1096 1021 650 1059 1428 926 402 563 1068 391 1366 1275 489 896 725 1079 497 905 0 298 533 1301 1300 459 487 890 293 148 49 568 1091 1332 1141 412
874 1013 156 547 500 191 228 1058 1036 1432 1332 1402 247 390 1144 1069 698 1107 1476 974 129 611 1116 439 1414 1323 216 944 773 1127 225 953 298 0 581 1349 1348 507 214 938 340 173 271 340 1139 1380 1189 139
366 506 661 374 395 747 783 551 529 924 824 894 454 773 636 561 190 599 968 466 685 438 608 434 907 815 772 437 265 620 780 445 533 581 0 841 840 252 770 430 269 532 506 723 632 872 681 695
730 679 1429 1142 1163 1515 1551 724 893 164 64 134 1222 1541 809 925 755 772 208 640 1453 1198 972 1203 487 988 1540 801 879 793 1548 809 1301 1349 841 0 46 1020 1538 794 1037 1300 1274 1491 238 1046 742 1463
729 678 1427 1140 1162 1514 1550 723 892 163 63 133 1221 1540 808 924 754 771 207 638 1451 1196 971 1201 486 987 1539 800 877 792 1547 808 1300 1348 840 46 0 1019 1537 793 1035 1299 1273 1490 237 1045 741 1462
545 684 587 300 321 673 709 729 707 1103 1003 1073 380 699 815 740 369 778 1147 645 611 364 787 361 1085 994 698 615 444 798 706 624 459 507 252 1020 1019 0 696 609 195 458 432 649 810 1051 860 621
1063 1203 345 736 690 64 143 1247 1226 1621 1521 1591 436 413 1333 1258 887 1296 1665 1163 112 800 1305 628 1603 1512 39 1134 962 1316 43 1142 487 214 770 1538 1537 696 0 1127 530 362 460 363 1329 1569 1378 101
98 459 1018 575 748 1104 1140 504 227 877 777 847 811 1130 589 259 344 552 921 420 1042 532 306 792 860 768 1129 55 468 573 1137 143 890 938 430 794 793 609 1127 0 626 889 863 1080 585 826 635 1052
562 701 420 235 256 506 543 746 724 1120 1020 1090 214 532 832 757 385 795 1163 662 444 299 804 194 1102 1010 532 632 461 815 540 641 293 340 269 1037 1035 195 530 626 0 292 265 483 827 1068 877 454
825 965 152 498 452 339 376 1009 988 1383 1283 1353 98 493 1095 1020 649 1058 1427 925 277 562 1067 390 1366 1274 365 896 724 1079 373 904 148 173 532 1300 1299 458 362 889 292 0 121 443 1091 1331 1140 287
799 938 250 472 425 437 474 983 961 1357 1257 1327 71 591 1069 994 623 1032 1401 899 375 536 1041 364 1339 1248 462 869 698 1052 470 878 49 271 506 1274 1273 432 460 863 265 121 0 541 1064 1305 1114 385
1016 1155 426 689 642 340 364 1200 1179 1574 1474 1544 503 75 1286 1211 840 1249 1618 1116 277 753 1258 581 1556 1465 365 1086 915 1269 373 1095 568 340 723 1491 1490 649 363 1080 483 443 541 0 1282 1522 1331 288
521 470 1219 932 953 1305 1342 514 684 321 221 291 1013 1331 600 716 546 563 365 430 1243 988 763 993 304 779 1331 591 669 583 1339 600 1091 1139 632 238 237 810 1329 585 827 1091 1064 1282 0 836 558 1253
762 502 1460 1173 1194 1546 1583 354 924 1129 1029 1099 1254 1572 438 957 787 498 1172 483 1484 1229 1003 1234 953 183 1572 832 910 281 1580 841 1332 1380 872 1046 1045 1051 1569 826 1068 1331 1305 1522 836 0 550 1494
570 212 1269 982 1003 1355 1392 373 733 825 725 795 1062 1381 215 765 596 425 869 286 1293 1038 812 1043 429 394 1380 641 719 394 1389 649 1141 1189 681 742 741 860 1378 635 877 1140 1114 1331 558 550 0 1303
988 1127 270 661 614 78 176 1172 1150 1546 1446 1516 361 337 1258 1183 812 1221 1590 1088 47 725 1230 553 1528 1437 104 1058 887 1241 112 1067 412 139 695 1463 1462 621 101 1052 454 287 385 288 1253 1494 1303 0
EOF