NAME : tsp_problem
TYPE : TSP
DIMENSION : 46
EDGE_WEIGHT_TYPE : EXPLICIT
EDGE_WEIGHT_FORMAT : FULL_MATRIX
EDGE_WEIGHT_SECTION
0 451 500 617 835 606 419 526 416 442 898 619 717 662 685 468 885 487 853 703 607 611 655 479 581 682 548 766 744 674 619 888 738 456 458 862 525 521 208 177 356 684 681 602 446 144
451 0 833 619 837 940 461 116 261 332 1232 953 1051 996 1018 471 1219 821 1187 705 941 614 989 482 406 1016 627 1099 1078 1008 953 1222 740 458 132 1196 859 855 292 312 358 687 1015 935 448 345
500 833 0 1002 1220 396 400 753 801 828 592 314 411 357 475 854 675 181 548 1088 302 996 350 865 563 472 530 460 438 369 313 582 1123 841 835 652 220 215 593 562 741 1069 375 296 831 530
617 619 1002 0 631 1109 922 694 584 441 1401 1122 1219 1165 1187 360 1387 990 1356 371 1110 89 1158 242 983 1184 1051 1268 1247 1177 1121 1390 305 358 626 1364 1028 1023 458 477 289 251 1184 1104 348 510
835 837 1220 631 0 1326 1140 912 802 659 1618 1340 1437 1383 1405 399 1605 1207 1574 354 1328 560 1376 599 1201 1402 1269 1486 1464 1395 1339 1608 574 408 844 1582 1246 1241 675 695 507 520 1401 1322 418 728
606 940 396 1109 1326 0 507 859 908 934 443 516 614 559 107 960 307 384 750 1194 504 1103 552 971 669 141 636 663 641 571 516 419 1230 948 942 284 422 418 699 668 847 1176 578 498 938 636
419 461 400 922 1140 507 0 380 680 747 799 520 618 563 585 773 786 388 754 1007 508 916 556 784 190 583 194 667 645 575 520 789 1043 761 463 763 426 422 512 482 661 989 582 502 751 449
526 116 753 694 912 859 380 0 335 407 1151 873 970 916 938 545 1138 740 1107 779 861 688 909 556 325 935 547 1019 997 928 872 1141 815 533 206 1115 779 774 366 386 432 761 934 855 523 419
416 261 801 584 802 908 680 335 0 186 1200 921 1019 964 986 436 1186 789 1155 670 909 578 957 447 625 984 846 1067 1046 976 921 1190 705 423 268 1164 827 822 257 277 323 651 983 903 413 310
442 332 828 441 659 934 747 407 186 0 1226 947 1045 990 1013 293 1213 815 1181 527 935 436 983 304 696 1010 877 1094 1072 1003 947 1216 563 281 339 1190 854 849 283 303 180 509 1009 930 270 336
898 1232 592 1401 1618 443 799 1151 1200 1226 0 620 667 663 404 1252 604 482 608 1486 492 1395 656 1263 961 556 928 715 694 249 620 51 1522 1240 1234 581 526 414 991 961 1139 1468 455 327 1230 928
619 953 314 1122 1340 516 520 873 921 947 620 0 322 106 595 973 795 209 462 1208 329 1116 99 984 682 592 649 370 349 397 28 610 1243 961 955 772 130 243 712 682 861 1189 286 324 951 649
717 1051 411 1219 1437 614 618 970 1019 1045 667 322 0 365 692 1071 892 307 173 1305 427 1214 358 1082 780 690 747 81 60 443 321 656 1340 1058 1053 869 216 341 810 779 958 1287 240 370 1048 747
662 996 357 1165 1383 559 563 916 964 990 663 106 365 0 638 1016 838 252 505 1251 372 1159 45 1027 725 635 692 413 392 440 106 653 1286 1004 998 815 173 286 755 725 904 1232 329 367 994 692
685 1018 475 1187 1405 107 585 938 986 1013 404 595 692 638 0 1039 221 462 829 1273 583 1181 631 1050 748 219 715 741 719 591 594 380 1308 1026 1020 198 501 496 778 747 926 1254 656 577 1016 715
468 471 854 360 399 960 773 545 436 293 1252 973 1071 1016 1039 0 1239 841 1207 267 961 289 1009 233 834 1036 902 1120 1098 1028 973 1242 304 114 478 1216 879 875 309 329 141 250 1035 956 104 362
885 1219 675 1387 1605 307 786 1138 1186 1213 604 795 892 838 221 1239 0 663 1029 1473 783 1382 831 1250 948 419 915 941 920 792 794 580 1508 1226 1221 88 701 696 978 947 1126 1455 857 777 1216 915
487 821 181 990 1207 384 388 740 789 815 482 209 307 252 462 841 663 0 437 1075 191 984 245 852 550 460 517 356 334 258 209 472 1111 829 823 640 115 104 580 549 728 1057 271 185 819 517
853 1187 548 1356 1574 750 754 1107 1155 1181 608 462 173 505 829 1207 1029 437 0 1441 448 1350 498 1218 916 826 883 208 144 384 462 598 1477 1195 1189 1006 356 369 946 916 1095 1423 231 311 1185 883
703 705 1088 371 354 1194 1007 779 670 527 1486 1208 1305 1251 1273 267 1473 1075 1441 0 1195 300 1244 429 1069 1270 1137 1354 1332 1263 1207 1476 314 276 712 1450 1114 1109 543 563 375 261 1269 1190 286 596
607 941 302 1110 1328 504 508 861 909 935 492 329 427 372 583 961 783 191 448 1195 0 1104 365 972 670 580 637 476 454 269 329 482 1231 949 943 760 236 123 700 670 848 1177 294 196 939 637
611 614 996 89 560 1103 916 688 578 436 1395 1116 1214 1159 1181 289 1382 984 1350 300 1104 0 1152 236 977 1179 1045 1262 1241 1171 1116 1385 234 298 620 1359 1022 1017 452 472 283 180 1178 1098 308 505
655 989 350 1158 1376 552 556 909 957 983 656 99 358 45 631 1009 831 245 498 1244 365 1152 0 1020 718 628 685 406 385 433 99 646 1279 997 991 808 166 279 748 718 897 1225 322 360 987 685
479 482 865 242 599 971 784 556 447 304 1263 984 1082 1027 1050 233 1250 852 1218 429 972 236 1020 0 845 1047 913 1131 1109 1039 984 1253 363 220 489 1227 890 886 320 340 152 309 1046 967 210 373
581 406 563 983 1201 669 190 325 625 696 961 682 780 725 748 834 948 550 916 1069 670 977 718 845 0 745 356 829 807 737 682 951 1104 822 408 925 589 584 656 644 722 1050 744 665 812 611
682 1016 472 1184 1402 141 583 935 984 1010 556 592 690 635 219 1036 419 460 826 1270 580 1179 628 1047 745 0 712 738 717 647 592 531 1305 1023 1018 396 498 493 775 744 923 1252 654 574 1013 712
548 627 530 1051 1269 636 194 547 846 877 928 649 747 692 715 902 915 517 883 1137 637 1045 685 913 356 712 0 796 774 705 649 918 1172 890 629 892 556 551 642 611 790 1118 711 632 880 578
766 1099 460 1268 1486 663 667 1019 1067 1094 715 370 81 413 741 1120 941 356 208 1354 476 1262 406 1131 829 738 796 0 94 492 370 705 1389 1107 1101 918 264 389 859 828 1007 1335 289 419 1097 796
744 1078 438 1247 1464 641 645 997 1046 1072 694 349 60 392 719 1098 920 334 144 1332 454 1241 385 1109 807 717 774 94 0 470 348 684 1368 1086 1080 897 243 368 837 806 985 1314 268 397 1076 774
674 1008 369 1177 1395 571 575 928 976 1003 249 397 443 440 591 1028 792 258 384 1263 269 1171 433 1039 737 647 705 492 470 0 396 238 1298 1016 1010 769 303 190 768 737 916 1244 231 104 1006 704
619 953 313 1121 1339 516 520 872 921 947 620 28 321 106 594 973 794 209 462 1207 329 1116 99 984 682 592 649 370 348 396 0 610 1243 961 955 772 130 243 712 681 860 1189 285 323 950 649
888 1222 582 1390 1608 419 789 1141 1190 1216 51 610 656 653 380 1242 580 472 598 1476 482 1385 646 1253 951 531 918 705 684 238 610 0 1511 1229 1224 557 516 404 981 950 1129 1458 445 317 1219 918
738 740 1123 305 574 1230 1043 815 705 563 1522 1243 1340 1286 1308 304 1508 1111 1477 314 1231 234 1279 363 1104 1305 1172 1389 1368 1298 1243 1511 0 313 747 1485 1149 1144 579 599 410 74 1305 1225 323 631
456 458 841 358 408 948 761 533 423 281 1240 961 1058 1004 1026 114 1226 829 1195 276 949 298 997 220 822 1023 890 1107 1086 1016 961 1229 313 0 465 1203 867 862 297 317 128 259 1023 943 92 349
458 132 835 626 844 942 463 206 268 339 1234 955 1053 998 1020 478 1221 823 1189 712 943 620 991 489 408 1018 629 1101 1080 1010 955 1224 747 465 0 1198 861 857 299 319 365 693 1017 937 455 352
862 1196 652 1364 1582 284 763 1115 1164 1190 581 772 869 815 198 1216 88 640 1006 1450 760 1359 808 1227 925 396 892 918 897 769 772 557 1485 1203 1198 0 678 673 955 924 1103 1432 834 754 1193 892
525 859 220 1028 1246 422 426 779 827 854 526 130 216 173 501 879 701 115 356 1114 236 1022 166 890 589 498 556 264 243 303 130 516 1149 867 861 678 0 149 619 588 767 1095 180 230 857 555
521 855 215 1023 1241 418 422 774 822 849 414 243 341 286 496 875 696 104 369 1109 123 1017 279 886 584 493 551 389 368 190 243 404 1144 862 857 673 149 0 614 583 762 1090 216 118 852 551
208 292 593 458 675 699 512 366 257 283 991 712 810 755 778 309 978 580 946 543 700 452 748 320 656 775 642 859 837 768 712 981 579 297 299 955 619 614 0 68 196 525 774 695 287 101
177 312 562 477 695 668 482 386 277 303 961 682 779 725 747 329 947 549 916 563 670 472 718 340 644 744 611 828 806 737 681 950 599 317 319 924 588 583 68 0 216 545 743 664 306 78
356 358 741 289 507 847 661 432 323 180 1139 861 958 904 926 141 1126 728 1095 375 848 283 897 152 722 923 790 1007 985 916 860 1129 410 128 365 1103 767 762 196 216 0 356 922 843 118 249
684 687 1069 251 520 1176 989 761 651 509 1468 1189 1287 1232 1254 250 1455 1057 1423 261 1177 180 1225 309 1050 1252 1118 1335 1314 1244 1189 1458 74 259 693 1432 1095 1090 525 545 356 0 1251 1171 269 578
681 1015 375 1184 1401 578 582 934 983 1009 455 286 240 329 656 1035 857 271 231 1269 294 1178 322 1046 744 654 711 289 268 231 285 445 1305 1023 1017 834 180 216 774 743 922 1251 0 158 1013 711
602 935 296 1104 1322 498 502 855 903 930 327 324 370 367 577 956 777 185 311 1190 196 1098 360 967 665 574 632 419 397 104 323 317 1225 943 937 754 230 118 695 664 843 1171 158 0 933 632
446 448 831 348 418 938 751 523 413 270 1230 951 1048 994 1016 104 1216 819 1185 286 939 308 987 210 812 1013 880 1097 1076 1006 950 1219 323 92 455 1193 857 852 287 306 118 269 1013 933 0 339
144 345 530 510 728 636 449 419 310 336 928 649 747 692 715 362 915 517 883 596 637 505 685 373 611 712 578 796 774 704 649 918 631 349 352 892 555 551 101 78 249 578 711 632 339 0
EOF