NAME : tsp_problem
TYPE : TSP
DIMENSION : 78
EDGE_WEIGHT_TYPE : EXPLICIT
EDGE_WEIGHT_FORMAT : FULL_MATRIX
EDGE_WEIGHT_SECTION
0 1492 1372 186 889 433 247 993 1249 701 1434 1498 1266 1397 467 769 1178 1527 720 1528 1136 443 412 1376 133 367 1144 1402 1624 599 1641 293 1614 604 1691 1174 816 590 1490 1532 1471 575 1230 776 1646 1559 1051 287 1303 1144 563 726 683 824 1410 1332 1255 214 402 1338 669 870 1464 1252 1295 1322 1049 378 267 191 257 1542 1390 347 1199 960 1270 584
1492 0 280 1340 716 1404 1270 797 804 828 214 51 630 762 1318 981 733 585 1080 61 404 1084 1109 435 1405 1338 699 248 988 1062 1005 1347 826 1202 1055 729 1124 1052 854 64 129 948 406 945 1010 923 472 1341 350 800 1265 1020 1134 1117 402 248 431 1297 1418 893 881 697 122 403 221 381 604 1350 1259 1323 1312 75 754 1318 467 764 329 946
1372 280 0 1220 596 1284 1150 677 684 708 94 273 510 642 1198 861 613 337 960 253 284 964 989 374 1285 1218 579 62 868 942 885 1227 578 1082 935 609 1004 932 734 243 326 828 179 825 890 803 352 1221 102 680 1145 900 1014 997 154 129 195 1177 1298 773 761 577 319 155 160 320 484 1230 1139 1203 1192 232 634 1198 347 644 268 826
186 1340 1220 0 736 316 130 841 1097 549 1282 1346 1114 1245 349 617 1025 1375 568 1376 984 291 260 1224 87 250 992 1249 1472 447 1488 175 1462 486 1538 1022 664 437 1337 1379 1318 423 1078 624 1494 1407 899 170 1151 991 446 574 531 671 1258 1179 1102 97 238 1186 517 718 1312 1100 1143 1170 896 261 150 74 140 1390 1238 229 1047 808 1118 432
889 716 596 736 0 801 666 217 473 225 658 722 490 621 714 377 401 751 477 752 360 480 506 600 802 735 368 625 848 458 864 744 838 599 914 398 521 449 713 755 694 345 454 342 870 783 275 738 527 468 661 417 531 514 634 555 478 693 815 562 277 59 688 476 519 546 272 746 656 720 708 766 614 714 423 184 494 343
433 1404 1284 316 801 0 211 905 1161 613 1346 1410 1178 1309 278 681 1090 1439 632 1440 1048 357 326 1288 346 90 1056 1314 1536 511 1553 288 1526 415 1603 1086 728 502 1402 1444 1383 487 1142 689 1558 1471 963 282 1215 1056 374 638 595 736 1322 1244 1167 238 487 1250 581 782 1376 1164 1207 1234 961 142 200 264 253 1454 1302 116 1111 872 1182 496
247 1270 1150 130 666 211 0 771 1027 479 1212 1276 1044 1175 244 547 955 1305 498 1306 914 221 190 1154 161 145 922 1179 1402 377 1418 102 1392 381 1468 952 594 367 1267 1309 1248 353 1008 554 1424 1337 829 97 1081 921 341 504 461 601 1188 1109 1032 52 346 1116 447 648 1242 1030 1073 1100 826 156 45 78 67 1320 1168 124 977 738 1048 362
993 797 677 841 217 905 771 0 555 329 739 803 571 703 819 482 483 833 581 833 441 585 610 681 906 840 449 707 929 563 946 848 920 703 996 479 625 553 795 837 776 450 535 446 951 864 356 843 609 550 766 521 636 618 716 637 560 798 919 643 382 198 769 558 601 628 354 851 760 824 813 848 696 819 504 133 575 448
1249 804 684 1097 473 1161 1027 555 0 585 746 810 578 710 1075 738 118 840 833 840 448 841 866 688 1162 1096 201 714 936 819 953 1104 927 959 1003 100 877 809 802 844 783 705 542 702 958 871 363 1098 616 302 1022 708 888 627 723 644 567 1054 1175 182 638 454 776 565 608 635 234 1107 1016 1080 1069 855 702 1075 511 521 582 704
701 828 708 549 225 613 479 329 585 0 770 834 602 733 527 190 513 863 289 864 472 293 318 712 614 548 480 738 960 271 976 556 950 411 1027 510 333 262 825 867 807 158 566 155 982 895 387 551 639 580 474 229 344 327 746 667 591 506 627 674 90 206 800 588 631 658 385 559 468 533 521 878 726 527 535 296 606 156
1434 214 94 1282 658 1346 1212 739 746 770 0 207 572 703 1259 922 675 399 1022 186 346 1025 1051 407 1347 1280 641 62 930 1003 947 1289 640 1144 997 671 1066 994 796 177 317 890 241 887 952 865 414 1283 164 741 1206 962 1076 1059 216 162 257 1239 1360 835 822 639 311 217 193 353 546 1291 1201 1265 1254 166 696 1260 409 706 301 888
1498 51 273 1346 722 1410 1276 803 810 834 207 0 636 768 1324 987 739 578 1086 54 410 1090 1115 441 1411 1344 705 241 994 1068 1011 1353 819 1208 1061 735 1130 1058 860 58 135 954 412 951 1016 929 478 1347 343 806 1271 1026 1140 1123 395 254 436 1303 1424 899 887 703 128 396 227 387 610 1356 1265 1329 1318 68 760 1324 473 770 335 952
1266 630 510 1114 490 1178 1044 571 578 602 572 636 0 171 1092 754 507 557 854 666 274 858 883 514 1179 1112 473 540 398 836 414 1121 388 976 465 503 898 826 263 670 609 722 368 719 420 333 246 1115 441 574 1039 794 908 891 549 470 393 1071 1192 667 655 471 602 391 433 461 378 1124 1033 1097 1086 680 164 1092 337 538 408 720
1397 762 642 1245 621 1309 1175 703 710 733 703 768 171 0 1223 886 638 614 985 798 406 989 1014 646 1310 1244 605 671 455 967 472 1252 446 1107 522 635 1029 958 321 801 740 854 500 851 477 390 378 1247 573 705 1170 925 1040 1023 680 601 524 1202 1323 798 786 603 734 522 565 592 509 1255 1164 1229 1217 812 222 1223 469 670 540 852
467 1318 1198 349 714 278 244 819 1075 527 1259 1324 1092 1223 0 595 1003 1353 546 1354 962 350 360 1202 380 212 970 1227 1450 425 1466 322 1440 328 1516 1000 642 415 1315 1357 1296 401 1056 602 1472 1385 877 316 1129 969 288 552 509 649 1236 1157 1080 271 521 1164 495 696 1290 1078 1121 1148 874 224 234 298 286 1368 1216 192 1025 786 1096 410
769 981 861 617 377 681 547 482 738 190 922 987 754 886 595 0 666 1016 357 1016 625 361 386 864 682 615 633 890 1113 339 1129 624 1103 479 1179 663 401 329 978 1020 959 225 719 265 1134 1047 539 618 792 714 542 297 411 394 899 820 743 574 695 826 130 359 953 741 784 811 537 627 536 600 589 1031 879 595 688 449 758 223
1178 733 613 1025 401 1090 955 483 118 513 675 739 507 638 1003 666 0 768 761 769 377 769 795 617 1090 1024 130 642 865 747 881 1033 855 887 931 43 805 738 730 772 711 634 471 631 887 800 292 1027 544 230 950 637 816 555 651 572 495 982 1104 190 566 383 705 493 536 563 162 1035 945 1009 997 783 631 1003 440 450 511 632
1527 585 337 1375 751 1439 1305 833 840 863 399 578 557 614 1353 1016 768 0 1115 558 440 1119 1144 588 1440 1374 735 367 687 1097 703 1382 274 1237 753 764 1159 1088 552 549 631 984 334 981 708 621 508 1377 269 835 1300 1055 1170 1152 376 434 351 1332 1453 928 916 733 625 310 466 534 639 1385 1294 1359 1347 537 423 1353 503 800 482 982
720 1080 960 568 477 632 498 581 833 289 1022 1086 854 985 546 357 761 1115 0 1116 724 312 337 964 633 567 728 990 1212 290 1228 575 1202 430 1279 758 135 188 1077 1119 1059 243 818 364 1234 1147 639 570 891 574 493 157 78 254 998 919 843 525 646 922 257 458 1052 840 883 910 637 578 487 551 540 1130 978 546 787 548 858 241
1528 61 253 1376 752 1440 1306 833 840 864 186 54 666 798 1354 1016 769 558 1116 0 440 1120 1145 471 1441 1374 735 221 1024 1098 1041 1383 798 1238 1091 765 1160 1088 890 37 164 984 399 981 1046 959 508 1377 323 836 1301 1056 1170 1153 375 284 416 1333 1454 929 917 733 158 376 257 417 640 1386 1295 1359 1348 48 790 1354 503 800 365 982
1136 404 284 984 360 1048 914 441 448 472 346 410 274 406 962 625 377 440 724 440 0 728 753 288 1049 982 343 314 632 706 649 991 623 846 699 373 768 696 498 444 383 592 142 589 654 567 116 985 215 444 909 664 778 761 323 244 167 941 1062 537 525 341 376 165 208 235 248 994 903 967 956 455 398 962 78 408 182 590
443 1084 964 291 480 357 221 585 841 293 1025 1090 858 989 350 361 769 1119 312 1120 728 0 60 968 356 291 736 993 1216 191 1232 298 1206 234 1282 766 408 181 1081 1123 1062 167 822 368 1237 1150 643 292 895 735 297 318 275 415 1002 923 846 248 369 929 261 462 1056 844 887 914 640 302 210 274 263 1134 982 270 791 552 862 176
412 1109 989 260 506 326 190 610 866 318 1051 1115 883 1014 360 386 795 1144 337 1145 753 60 0 993 325 260 761 1019 1241 216 1258 267 1231 259 1308 791 433 207 1107 1149 1088 192 847 394 1263 1176 668 261 920 761 322 343 300 441 1027 949 872 217 338 955 286 487 1081 869 912 939 666 271 179 243 232 1159 1007 239 816 577 887 201
1376 435 374 1224 600 1288 1154 681 688 712 407 441 514 646 1202 864 617 588 964 471 288 968 993 0 1289 1222 583 375 872 946 889 1231 828 1086 939 613 1008 936 738 474 414 832 290 829 894 807 356 1225 364 684 1149 904 1018 1001 471 274 315 1181 1302 777 765 581 407 313 238 114 488 1234 1143 1207 1196 485 638 1202 351 648 162 830
133 1405 1285 87 802 346 161 906 1162 614 1347 1411 1179 1310 380 682 1090 1440 633 1441 1049 356 325 1289 0 280 1057 1314 1537 512 1553 206 1527 517 1603 1087 729 502 1402 1444 1384 488 1143 689 1559 1472 964 200 1216 1056 476 639 596 736 1323 1244 1168 127 303 1251 582 783 1377 1165 1208 1235 962 292 180 104 171 1455 1303 260 1112 873 1183 497
367 1338 1218 250 735 90 145 840 1096 548 1280 1344 1112 1244 212 615 1024 1374 567 1374 982 291 260 1222 280 0 990 1248 1470 445 1487 222 1461 349 1537 1020 663 436 1336 1378 1317 422 1076 623 1492 1405 897 216 1150 990 309 573 530 670 1257 1178 1101 172 421 1184 515 717 1310 1099 1142 1169 895 76 134 198 187 1389 1237 50 1046 807 1116 431
1144 699 579 992 368 1056 922 449 201 480 641 705 473 605 970 633 130 735 728 735 343 736 761 583 1057 990 0 609 831 714 848 999 822 854 898 126 772 704 697 739 678 600 437 597 853 766 258 993 510 197 917 603 782 522 618 539 462 949 1070 290 533 349 671 459 502 529 129 1002 911 975 964 749 597 970 406 416 477 598
1402 248 62 1249 625 1314 1179 707 714 738 62 241 540 671 1227 890 642 367 990 221 314 993 1019 375 1314 1248 609 0 898 971 914 1257 607 1111 965 639 1034 962 763 212 327 858 208 855 920 833 382 1251 132 709 1174 930 1044 1027 184 129 225 1206 1328 803 790 607 320 185 161 321 513 1259 1169 1233 1221 200 664 1227 377 674 269 856
1624 988 868 1472 848 1536 1402 929 936 960 930 994 398 455 1450 1113 865 687 1212 1024 632 1216 1241 872 1537 1470 831 898 0 1194 61 1479 518 1334 93 861 1256 1184 233 1028 967 1080 726 1077 56 122 604 1473 799 932 1397 1152 1266 1249 907 828 751 1429 1550 1025 1013 829 960 749 791 819 736 1482 1391 1455 1444 1038 294 1450 695 896 766 1078
599 1062 942 447 458 511 377 563 819 271 1003 1068 836 967 425 339 747 1097 290 1098 706 191 216 946 512 445 714 971 1194 0 1210 454 1184 309 1260 744 386 159 1059 1101 1040 145 800 346 1216 1128 621 448 873 713 372 296 253 393 980 901 824 404 525 907 239 440 1034 822 865 892 618 457 366 430 419 1112 960 425 769 530 840 154
1641 1005 885 1488 864 1553 1418 946 953 976 947 1011 414 472 1466 1129 881 703 1228 1041 649 1232 1258 889 1553 1487 848 914 61 1210 0 1495 535 1350 76 878 1272 1201 249 1044 983 1097 743 1094 40 139 621 1490 816 948 1413 1168 1283 1266 923 844 767 1445 1567 1041 1029 846 977 765 808 835 752 1498 1408 1472 1460 1055 310 1466 712 913 783 1095
293 1347 1227 175 744 288 102 848 1104 556 1289 1353 1121 1252 322 624 1033 1382 575 1383 991 298 267 1231 206 222 999 1257 1479 454 1495 0 1469 459 1546 1029 671 445 1345 1387 1326 430 1085 631 1501 1414 906 42 1158 999 418 581 538 679 1265 1187 1110 97 391 1193 524 725 1319 1107 1150 1177 904 233 122 124 53 1397 1245 201 1054 815 1125 439
1614 826 578 1462 838 1526 1392 920 927 950 640 819 388 446 1440 1103 855 274 1202 798 623 1206 1231 828 1527 1461 822 607 518 1184 535 1469 0 1324 585 851 1246 1175 384 789 872 1071 575 1068 540 453 595 1464 509 922 1387 1142 1257 1239 616 674 591 1419 1540 1015 1003 820 865 551 706 775 726 1472 1381 1446 1434 778 255 1440 686 887 722 1069
604 1202 1082 486 599 415 381 703 959 411 1144 1208 976 1107 328 479 887 1237 430 1238 846 234 259 1086 517 349 854 1111 1334 309 1350 459 1324 0 1400 884 526 299 1199 1241 1181 285 940 486 1356 1269 761 453 1013 853 275 436 393 533 1120 1041 965 408 568 1048 379 580 1174 962 1005 1032 759 360 371 435 423 1252 1100 329 909 670 980 294
1691 1055 935 1538 914 1603 1468 996 1003 1027 997 1061 465 522 1516 1179 931 753 1279 1091 699 1282 1308 939 1603 1537 898 965 93 1260 76 1546 585 1400 0 928 1323 1251 300 1094 1034 1147 793 1144 71 189 671 1540 866 998 1463 1219 1333 1316 973 894 818 1495 1617 1092 1079 896 1027 815 858 885 802 1548 1458 1522 1510 1105 361 1516 762 963 833 1145
1174 729 609 1022 398 1086 952 479 100 510 671 735 503 635 1000 663 43 764 758 765 373 766 791 613 1087 1020 126 639 861 744 878 1029 851 884 928 0 802 734 727 769 708 630 467 627 883 796 288 1023 540 227 947 633 812 552 648 569 492 979 1100 203 563 379 701 489 532 559 159 1032 941 1005 994 779 627 1000 436 446 507 628
816 1124 1004 664 521 728 594 625 877 333 1066 1130 898 1029 642 401 805 1159 135 1160 768 408 433 1008 729 663 772 1034 1256 386 1272 671 1246 526 1323 802 0 284 1121 1163 1103 287 862 408 1278 1191 683 666 935 618 589 201 174 298 1042 963 887 621 742 966 301 502 1096 884 927 954 681 674 583 647 636 1174 1022 642 831 592 902 285
590 1052 932 437 449 502 367 553 809 262 994 1058 826 958 415 329 738 1088 188 1088 696 181 207 936 502 436 704 962 1184 159 1201 445 1175 299 1251 734 284 0 1050 1092 1031 136 790 337 1206 1119 611 439 863 704 362 287 151 384 971 892 815 394 516 898 229 430 1024 813 855 883 609 447 357 421 409 1102 950 415 759 520 830 144
1490 854 734 1337 713 1402 1267 795 802 825 796 860 263 321 1315 978 730 552 1077 890 498 1081 1107 738 1402 1336 697 763 233 1059 249 1345 384 1199 300 727 1121 1050 0 893 832 946 592 943 255 168 470 1339 665 797 1262 1017 1132 1115 772 693 616 1294 1416 891 878 695 826 614 657 684 601 1347 1257 1321 1309 904 160 1315 561 762 632 944
1532 64 243 1379 755 1444 1309 837 844 867 177 58 670 801 1357 1020 772 549 1119 37 444 1123 1149 474 1444 1378 739 212 1028 1101 1044 1387 789 1241 1094 769 1163 1092 893 0 168 988 390 985 1050 963 512 1381 314 839 1304 1059 1174 1157 366 287 407 1336 1458 933 920 737 161 366 261 421 643 1389 1299 1363 1351 43 794 1357 507 804 368 986
1471 129 326 1318 694 1383 1248 776 783 807 317 135 609 740 1296 959 711 631 1059 164 383 1062 1088 414 1384 1317 678 327 967 1040 983 1326 872 1181 1034 708 1103 1031 832 168 0 927 385 924 989 902 451 1320 396 778 1243 999 1113 1096 448 226 410 1275 1397 872 859 676 39 407 200 360 583 1328 1238 1302 1290 179 733 1296 446 743 308 925
575 948 828 423 345 487 353 450 705 158 890 954 722 854 401 225 634 984 243 984 592 167 192 832 488 422 600 858 1080 145 1097 430 1071 285 1147 630 287 136 946 988 927 0 686 233 1102 1015 507 425 759 600 348 183 229 280 867 788 711 380 501 794 125 326 920 709 752 779 505 433 342 407 395 999 846 401 655 416 726 90
1230 406 179 1078 454 1142 1008 535 542 566 241 412 368 500 1056 719 471 334 818 399 142 822 847 290 1143 1076 437 208 726 800 743 1085 575 940 793 467 862 790 592 390 385 686 0 683 748 661 210 1079 110 538 1003 758 872 855 217 246 61 1035 1156 631 619 435 378 59 210 237 342 1088 997 1061 1050 379 492 1056 205 502 184 684
776 945 825 624 342 689 554 446 702 155 887 951 719 851 602 265 631 981 364 981 589 368 394 829 689 623 597 855 1077 346 1094 631 1068 486 1144 627 408 337 943 985 924 233 683 0 1099 1012 504 626 756 698 549 304 419 402 864 785 708 581 702 791 165 323 917 706 748 776 502 634 543 608 596 995 843 602 652 413 723 231
1646 1010 890 1494 870 1558 1424 951 958 982 952 1016 420 477 1472 1134 887 708 1234 1046 654 1237 1263 894 1559 1492 853 920 56 1216 40 1501 540 1356 71 883 1278 1206 255 1050 989 1102 748 1099 0 144 626 1495 821 954 1419 1174 1288 1271 929 850 773 1451 1572 1047 1034 851 982 770 813 841 758 1503 1413 1477 1466 1060 316 1472 717 918 788 1100
1559 923 803 1407 783 1471 1337 864 871 895 865 929 333 390 1385 1047 800 621 1147 959 567 1150 1176 807 1472 1405 766 833 122 1128 139 1414 453 1269 189 796 1191 1119 168 963 902 1015 661 1012 144 0 539 1408 734 866 1331 1087 1201 1184 842 763 686 1364 1485 960 947 764 895 683 726 753 671 1416 1326 1390 1379 973 229 1385 630 831 701 1013
1051 472 352 899 275 963 829 356 363 387 414 478 246 378 877 539 292 508 639 508 116 643 668 356 964 897 258 382 604 621 621 906 595 761 671 288 683 611 470 512 451 507 210 504 626 539 0 900 283 359 824 579 693 676 391 312 235 856 977 452 440 256 444 232 275 303 163 909 818 882 871 522 370 877 179 323 250 505
287 1341 1221 170 738 282 97 843 1098 551 1283 1347 1115 1247 316 618 1027 1377 570 1377 985 292 261 1225 200 216 993 1251 1473 448 1490 42 1464 453 1540 1023 666 439 1339 1381 1320 425 1079 626 1495 1408 900 0 1152 993 412 576 533 673 1260 1181 1104 92 386 1187 518 719 1313 1102 1144 1172 898 228 116 118 47 1392 1239 196 1048 809 1119 433
1303 350 102 1151 527 1215 1081 609 616 639 164 343 441 573 1129 792 544 269 891 323 215 895 920 364 1216 1150 510 132 799 873 816 1158 509 1013 866 540 935 863 665 314 396 759 110 756 821 734 283 1152 0 611 1076 831 946 928 141 199 127 1108 1229 704 692 508 390 86 231 310 415 1161 1070 1134 1123 302 566 1129 279 575 258 758
1144 800 680 991 468 1056 921 550 302 580 741 806 574 705 969 714 230 835 574 836 444 735 761 684 1056 990 197 709 932 713 948 999 922 853 998 227 618 704 797 839 778 600 538 698 954 866 359 993 611 0 916 449 628 368 718 639 562 948 1070 390 614 450 772 560 603 630 229 1001 911 975 963 850 698 969 507 517 578 598
563 1265 1145 446 661 374 341 766 1022 474 1206 1271 1039 1170 288 542 950 1300 493 1301 909 297 322 1149 476 309 917 1174 1397 372 1413 418 1387 275 1463 947 589 362 1262 1304 1243 348 1003 549 1419 1331 824 412 1076 916 0 499 456 596 1183 1104 1027 368 617 1111 442 643 1237 1025 1068 1095 821 320 330 394 383 1315 1163 288 972 733 1043 357
726 1020 900 574 417 638 504 521 708 229 962 1026 794 925 552 297 637 1055 157 1056 664 318 343 904 639 573 603 930 1152 296 1168 581 1142 436 1219 633 201 287 1017 1059 999 183 758 304 1174 1087 579 576 831 449 499 0 211 129 938 859 783 531 652 797 197 398 992 780 823 850 577 584 493 558 546 1070 918 552 727 488 798 181
683 1134 1014 531 531 595 461 636 888 344 1076 1140 908 1040 509 411 816 1170 78 1170 778 275 300 1018 596 530 782 1044 1266 253 1283 538 1257 393 1333 812 174 151 1132 1174 1113 229 872 419 1288 1201 693 533 946 628 456 211 0 308 1053 974 897 488 609 976 311 513 1106 895 938 965 691 541 450 515 503 1185 1033 509 841 603 912 238
824 1117 997 671 514 736 601 618 627 327 1059 1123 891 1023 649 394 555 1152 254 1153 761 415 441 1001 736 670 522 1027 1249 393 1266 679 1239 533 1316 552 298 384 1115 1157 1096 280 855 402 1271 1184 676 673 928 368 596 129 308 0 1036 957 880 628 750 716 294 495 1089 877 920 947 554 681 591 655 643 1167 1015 649 824 585 895 278
1410 402 154 1258 634 1322 1188 716 723 746 216 395 549 680 1236 899 651 376 998 375 323 1002 1027 471 1323 1257 618 184 907 980 923 1265 616 1120 973 648 1042 971 772 366 448 867 217 864 929 842 391 1260 141 718 1183 938 1053 1036 0 251 234 1215 1336 811 799 616 441 193 282 417 522 1268 1177 1242 1230 354 673 1236 386 683 365 865
1332 248 129 1179 555 1244 1109 637 644 667 162 254 470 601 1157 820 572 434 919 284 244 923 949 274 1244 1178 539 129 828 901 844 1187 674 1041 894 569 963 892 693 287 226 788 246 785 850 763 312 1181 199 639 1104 859 974 957 251 0 271 1136 1258 733 720 537 220 252 61 221 443 1189 1099 1163 1151 298 594 1157 307 604 168 786
1255 431 195 1102 478 1167 1032 560 567 591 257 436 393 524 1080 743 495 351 843 416 167 846 872 315 1168 1101 462 225 751 824 767 1110 591 965 818 492 887 815 616 407 410 711 61 708 773 686 235 1104 127 562 1027 783 897 880 234 271 0 1059 1181 656 643 460 403 76 234 261 367 1112 1022 1086 1074 395 517 1080 230 527 209 709
214 1297 1177 97 693 238 52 798 1054 506 1239 1303 1071 1202 271 574 982 1332 525 1333 941 248 217 1181 127 172 949 1206 1429 404 1445 97 1419 408 1495 979 621 394 1294 1336 1275 380 1035 581 1451 1364 856 92 1108 948 368 531 488 628 1215 1136 1059 0 313 1143 474 675 1269 1057 1100 1127 853 183 72 45 62 1347 1195 151 1004 765 1075 389
402 1418 1298 238 815 487 346 919 1175 627 1360 1424 1192 1323 521 695 1104 1453 646 1454 1062 369 338 1302 303 421 1070 1328 1550 525 1567 391 1540 568 1617 1100 742 516 1416 1458 1397 501 1156 702 1572 1485 977 386 1229 1070 617 652 609 750 1336 1258 1181 313 0 1264 595 796 1390 1178 1221 1248 975 432 340 290 356 1468 1316 401 1125 886 1196 510
1338 893 773 1186 562 1250 1116 643 182 674 835 899 667 798 1164 826 190 928 922 929 537 929 955 777 1251 1184 290 803 1025 907 1041 1193 1015 1048 1092 203 966 898 891 933 872 794 631 791 1047 960 452 1187 704 390 1111 797 976 716 811 733 656 1143 1264 0 726 543 865 653 696 723 323 1195 1105 1169 1158 943 791 1164 600 610 671 792
669 881 761 517 277 581 447 382 638 90 822 887 655 786 495 130 566 916 257 917 525 261 286 765 582 515 533 790 1013 239 1029 524 1003 379 1079 563 301 229 878 920 859 125 619 165 1034 947 440 518 692 614 442 197 311 294 799 720 643 474 595 726 0 259 853 641 684 711 437 527 436 500 489 931 779 495 588 349 659 123
870 697 577 718 59 782 648 198 454 206 639 703 471 603 696 359 383 733 458 733 341 462 487 581 783 717 349 607 829 440 846 725 820 580 896 379 502 430 695 737 676 326 435 323 851 764 256 719 508 450 643 398 513 495 616 537 460 675 796 543 259 0 669 458 500 528 254 728 637 701 690 747 595 696 404 165 475 325
1464 122 319 1312 688 1376 1242 769 776 800 311 128 602 734 1290 953 705 625 1052 158 376 1056 1081 407 1377 1310 671 320 960 1034 977 1319 865 1174 1027 701 1096 1024 826 161 39 920 378 917 982 895 444 1313 390 772 1237 992 1106 1089 441 220 403 1269 1390 865 853 669 0 401 193 353 576 1322 1231 1295 1284 172 726 1290 439 736 301 918
1252 403 155 1100 476 1164 1030 558 565 588 217 396 391 522 1078 741 493 310 840 376 165 844 869 313 1165 1099 459 185 749 822 765 1107 551 962 815 489 884 813 614 366 407 709 59 706 770 683 232 1102 86 560 1025 780 895 877 193 252 76 1057 1178 653 641 458 401 0 232 259 364 1110 1019 1083 1072 355 515 1078 228 525 207 707
1295 221 160 1143 519 1207 1073 601 608 631 193 227 433 565 1121 784 536 466 883 257 208 887 912 238 1208 1142 502 161 791 865 808 1150 706 1005 858 532 927 855 657 261 200 752 210 748 813 726 275 1144 231 603 1068 823 938 920 282 61 234 1100 1221 696 684 500 193 232 0 184 407 1153 1062 1126 1115 271 558 1121 271 568 132 750
1322 381 320 1170 546 1234 1100 628 635 658 353 387 461 592 1148 811 563 534 910 417 235 914 939 114 1235 1169 529 321 819 892 835 1177 775 1032 885 559 954 883 684 421 360 779 237 776 841 753 303 1172 310 630 1095 850 965 947 417 221 261 1127 1248 723 711 528 353 259 184 0 434 1180 1089 1154 1142 431 585 1148 298 595 109 777
1049 604 484 896 272 961 826 354 234 385 546 610 378 509 874 537 162 639 637 640 248 640 666 488 962 895 129 513 736 618 752 904 726 759 802 159 681 609 601 643 583 505 342 502 758 671 163 898 415 229 821 577 691 554 522 443 367 853 975 323 437 254 576 364 407 434 0 906 816 880 868 654 502 874 311 321 382 503
378 1350 1230 261 746 142 156 851 1107 559 1291 1356 1124 1255 224 627 1035 1385 578 1386 994 302 271 1234 292 76 1002 1259 1482 457 1498 233 1472 360 1548 1032 674 447 1347 1389 1328 433 1088 634 1503 1416 909 228 1161 1001 320 584 541 681 1268 1189 1112 183 432 1195 527 728 1322 1110 1153 1180 906 0 145 210 198 1400 1248 61 1057 818 1128 442
267 1259 1139 150 656 200 45 760 1016 468 1201 1265 1033 1164 234 536 945 1294 487 1295 903 210 179 1143 180 134 911 1169 1391 366 1408 122 1381 371 1458 941 583 357 1257 1299 1238 342 997 543 1413 1326 818 116 1070 911 330 493 450 591 1177 1099 1022 72 340 1105 436 637 1231 1019 1062 1089 816 145 0 98 87 1309 1157 114 966 727 1037 351
191 1323 1203 74 720 264 78 824 1080 533 1265 1329 1097 1229 298 600 1009 1359 551 1359 967 274 243 1207 104 198 975 1233 1455 430 1472 124 1446 435 1522 1005 647 421 1321 1363 1302 407 1061 608 1477 1390 882 118 1134 975 394 558 515 655 1242 1163 1086 45 290 1169 500 701 1295 1083 1126 1154 880 210 98 0 89 1373 1221 178 1030 791 1101 415
257 1312 1192 140 708 253 67 813 1069 521 1254 1318 1086 1217 286 589 997 1347 540 1348 956 263 232 1196 171 187 964 1221 1444 419 1460 53 1434 423 1510 994 636 409 1309 1351 1290 395 1050 596 1466 1379 871 47 1123 963 383 546 503 643 1230 1151 1074 62 356 1158 489 690 1284 1072 1115 1142 868 198 87 89 0 1362 1210 166 1019 780 1090 404
1542 75 232 1390 766 1454 1320 848 855 878 166 68 680 812 1368 1031 783 537 1130 48 455 1134 1159 485 1455 1389 749 200 1038 1112 1055 1397 778 1252 1105 779 1174 1102 904 43 179 999 379 995 1060 973 522 1392 302 850 1315 1070 1185 1167 354 298 395 1347 1468 943 931 747 172 355 271 431 654 1400 1309 1373 1362 0 805 1368 518 815 379 997
1390 754 634 1238 614 1302 1168 696 702 726 696 760 164 222 1216 879 631 423 978 790 398 982 1007 638 1303 1237 597 664 294 960 310 1245 255 1100 361 627 1022 950 160 794 733 846 492 843 316 229 370 1239 566 698 1163 918 1033 1015 673 594 517 1195 1316 791 779 595 726 515 558 585 502 1248 1157 1221 1210 805 0 1216 461 662 532 845
347 1318 1198 229 714 116 124 819 1075 527 1260 1324 1092 1223 192 595 1003 1353 546 1354 962 270 239 1202 260 50 970 1227 1450 425 1466 201 1440 329 1516 1000 642 415 1315 1357 1296 401 1056 602 1472 1385 877 196 1129 969 288 552 509 649 1236 1157 1080 151 401 1164 495 696 1290 1078 1121 1148 874 61 114 178 166 1368 1216 0 1025 786 1096 410
1199 467 347 1047 423 1111 977 504 511 535 409 473 337 469 1025 688 440 503 787 503 78 791 816 351 1112 1046 406 377 695 769 712 1054 686 909 762 436 831 759 561 507 446 655 205 652 717 630 179 1048 279 507 972 727 841 824 386 307 230 1004 1125 600 588 404 439 228 271 298 311 1057 966 1030 1019 518 461 1025 0 471 245 653
960 764 644 808 184 872 738 133 521 296 706 770 538 670 786 449 450 800 548 800 408 552 577 648 873 807 416 674 896 530 913 815 887 670 963 446 592 520 762 804 743 416 502 413 918 831 323 809 575 517 733 488 603 585 683 604 527 765 886 610 349 165 736 525 568 595 321 818 727 791 780 815 662 786 471 0 542 415
1270 329 268 1118 494 1182 1048 575 582 606 301 335 408 540 1096 758 511 482 858 365 182 862 887 162 1183 1116 477 269 766 840 783 1125 722 980 833 507 902 830 632 368 308 726 184 723 788 701 250 1119 258 578 1043 798 912 895 365 168 209 1075 1196 671 659 475 301 207 132 109 382 1128 1037 1101 1090 379 532 1096 245 542 0 724
584 946 826 432 343 496 362 448 704 156 888 952 720 852 410 223 632 982 241 982 590 176 201 830 497 431 598 856 1078 154 1095 439 1069 294 1145 628 285 144 944 986 925 90 684 231 1100 1013 505 433 758 598 357 181 238 278 865 786 709 389 510 792 123 325 918 707 750 777 503 442 351 415 404 997 845 410 653 415 724 0
EOF