NAME : tsp_problem
TYPE : TSP
DIMENSION : 28
EDGE_WEIGHT_TYPE : EXPLICIT
EDGE_WEIGHT_FORMAT : FULL_MATRIX
EDGE_WEIGHT_SECTION
0 269 428 584 191 476 203 496 418 205 190 383 216 571 568 308 273 381 226 342 522 421 567 299 186 308 289 141
269 0 652 386 146 700 158 720 643 266 346 608 171 373 370 333 272 605 382 430 556 645 370 387 316 395 278 296
428 652 0 967 574 358 586 112 41 588 573 182 599 953 951 476 655 91 609 725 905 131 950 682 569 690 671 523
584 386 967 0 422 1015 409 1035 957 440 592 922 396 104 101 589 420 920 628 557 422 959 101 514 489 480 401 543
191 146 574 422 0 622 80 642 564 150 267 529 93 409 406 261 155 527 303 313 494 567 406 270 199 279 161 218
476 700 358 1015 622 0 634 426 349 636 621 313 647 1001 999 524 703 311 657 773 953 351 998 730 617 738 719 571
203 158 586 409 80 634 0 654 577 137 280 542 94 396 394 273 143 539 316 301 481 579 393 258 187 266 149 230
496 720 112 1035 642 426 654 0 109 656 641 250 667 1021 1019 544 723 159 677 793 973 199 1018 750 637 758 739 591
418 643 41 957 564 349 577 109 0 579 563 172 589 944 941 467 646 82 599 716 896 121 940 672 560 681 662 514
205 266 588 440 150 636 137 656 579 0 183 544 124 427 424 381 97 541 219 194 374 581 423 151 80 159 114 133
190 346 573 592 267 621 280 641 563 183 0 528 277 579 576 453 250 526 72 320 500 566 576 277 164 285 266 78
383 608 182 922 529 313 542 250 172 544 528 0 554 909 906 432 611 135 564 680 861 174 905 637 524 646 627 479
216 171 599 396 93 647 94 667 589 124 277 554 0 383 380 286 130 552 313 288 468 592 380 245 174 253 136 227
571 373 953 104 409 1001 396 1021 944 427 579 909 383 0 41 576 407 907 615 544 409 946 50 500 476 467 388 530
568 370 951 101 406 999 394 1019 941 424 576 906 380 41 0 573 404 904 612 541 406 943 48 498 473 464 386 527
308 333 476 589 261 524 273 544 467 381 453 432 286 576 573 0 386 429 489 544 725 469 572 501 430 510 392 403
273 272 655 420 155 703 143 723 646 97 250 611 130 407 404 386 0 608 286 261 441 648 404 218 147 226 51 200
381 605 91 920 527 311 539 159 82 541 526 135 552 907 904 429 608 0 562 678 858 55 903 635 522 643 625 476
226 382 609 628 303 657 316 677 599 219 72 564 313 615 612 489 286 562 0 356 536 602 612 313 200 321 302 114
342 430 725 557 313 773 301 793 716 194 320 680 288 544 541 544 261 678 356 0 324 718 540 76 217 109 277 270
522 556 905 422 494 953 481 973 896 374 500 861 468 409 406 725 441 858 536 324 0 898 406 280 397 247 457 450
421 645 131 959 567 351 579 199 121 581 566 174 592 946 943 469 648 55 602 718 898 0 943 675 562 683 664 516
567 370 950 101 406 998 393 1018 940 423 576 905 380 50 48 572 404 903 612 540 406 943 0 497 473 464 385 526
299 387 682 514 270 730 258 750 672 151 277 637 245 500 498 501 218 635 313 76 280 675 497 0 174 66 234 227
186 316 569 489 199 617 187 637 560 80 164 524 174 476 473 430 147 522 200 217 397 562 473 174 0 182 163 114
308 395 690 480 279 738 266 758 681 159 285 646 253 467 464 510 226 643 321 109 247 683 464 66 182 0 243 236
289 278 671 401 161 719 149 739 662 114 266 627 136 388 386 392 51 625 302 277 457 664 385 234 163 243 0 217
141 296 523 543 218 571 230 591 514 133 78 479 227 530 527 403 200 476 114 270 450 516 526 227 114 236 217 0
EOF