NAME : tsp_problem
TYPE : TSP
DIMENSION : 82
EDGE_WEIGHT_TYPE : EXPLICIT
EDGE_WEIGHT_FORMAT : FULL_MATRIX
EDGE_WEIGHT_SECTION
0 512 214 262 333 71 600 749 222 737 196 89 649 172 243 273 425 228 200 600 88 745 76 333 770 321 388 113 367 349 196 190 323 256 467 667 310 177 510 302 196 209 673 205 457 180 214 232 241 439 172 293 104 678 93 420 235 71 517 264 167 213 62 102 732 721 214 196 225 146 638 267 725 65 628 323 490 634 231 152 233 366
512 0 531 416 651 473 886 1035 539 1023 468 457 935 415 396 464 170 545 472 887 546 1031 471 650 1056 475 380 486 653 502 468 463 640 410 87 953 627 449 32 456 391 400 959 477 743 453 408 550 322 345 489 507 507 965 456 361 311 551 51 318 577 418 542 494 1018 1007 531 468 497 563 924 411 1011 483 914 640 95 920 548 569 402 520
214 531 0 234 264 230 530 679 28 667 355 249 579 144 215 433 397 26 359 531 247 675 235 263 700 293 360 140 297 321 355 350 253 228 485 597 240 336 529 274 168 369 603 364 387 340 186 163 401 411 66 223 162 608 253 393 394 252 536 236 232 185 244 149 662 651 34 355 384 305 568 427 655 225 558 253 509 564 161 311 205 338
262 416 234 0 332 279 500 648 242 637 404 297 549 118 99 481 282 248 408 500 296 644 284 332 670 88 155 189 267 116 404 399 321 86 370 567 308 385 414 69 95 417 572 413 357 389 146 231 449 206 193 121 211 578 301 187 443 301 420 121 281 145 292 198 632 621 235 404 433 354 538 475 625 273 528 321 394 533 196 360 155 133
333 651 264 332 0 350 551 699 272 688 475 368 599 264 335 552 517 278 479 551 367 695 355 38 721 340 407 260 318 367 475 470 90 338 605 618 49 456 649 321 287 488 623 484 408 460 305 129 520 458 222 244 282 629 372 439 514 372 655 356 352 304 363 269 683 672 264 475 504 425 589 546 676 344 578 98 629 584 181 431 324 385
71 473 230 279 350 0 617 765 238 754 157 65 666 189 260 234 390 244 161 617 104 761 51 350 787 338 405 130 384 365 157 151 339 273 427 684 326 138 471 319 212 170 689 166 474 141 230 249 202 456 189 310 121 695 69 437 196 110 477 280 183 229 101 119 749 738 231 157 185 122 655 228 742 42 645 340 451 650 247 127 249 383
600 886 530 500 551 617 0 192 538 286 742 635 198 530 518 819 753 544 746 150 633 294 621 550 319 444 575 527 267 423 742 736 540 506 841 216 527 723 884 468 554 755 222 751 191 726 572 450 787 606 489 412 548 228 639 607 781 639 891 591 618 571 630 536 281 270 530 742 770 692 187 813 275 611 177 540 864 183 415 698 591 429
749 1035 679 648 699 765 192 0 687 435 890 784 347 679 667 968 901 693 894 298 782 442 770 699 468 593 723 675 415 572 890 885 688 654 989 365 675 871 1033 616 703 903 370 899 339 875 720 598 935 755 637 560 697 376 787 755 929 787 1039 740 767 720 778 684 430 419 679 890 919 840 336 961 423 760 326 689 1013 331 563 846 739 578
222 539 28 242 272 238 538 687 0 675 363 257 587 152 223 441 405 32 367 539 255 683 243 271 708 301 368 149 305 329 363 358 261 236 493 605 248 344 537 282 176 377 611 373 395 348 194 171 409 419 74 231 170 617 261 401 402 260 544 244 240 193 252 157 670 659 39 363 392 314 576 435 663 233 566 261 517 572 169 320 213 346
737 1023 667 637 688 754 286 435 675 0 879 772 115 667 656 956 890 681 883 174 771 52 758 687 191 581 712 664 404 560 879 873 677 643 978 102 664 860 1022 605 691 892 187 888 328 863 709 587 924 744 626 549 685 100 776 744 918 776 1028 728 755 708 767 673 69 142 667 879 907 829 241 950 73 748 230 677 1002 148 552 835 728 566
196 468 355 404 475 157 742 890 363 879 0 141 791 314 385 229 385 369 101 742 229 886 155 475 912 463 530 255 509 491 84 79 464 398 423 809 451 65 466 444 337 165 814 99 599 69 355 374 197 560 314 435 246 820 140 562 191 235 473 406 308 354 226 244 874 863 356 87 181 247 780 223 867 167 770 465 446 775 372 253 374 508
89 457 249 297 368 65 635 784 257 772 141 0 684 207 278 218 374 263 144 635 123 780 69 368 805 356 423 148 402 384 140 135 358 291 411 702 345 121 455 337 231 154 708 150 492 125 249 267 186 474 207 328 139 713 74 455 179 128 461 299 202 248 119 137 767 756 249 141 169 140 673 212 760 60 663 358 435 669 266 146 268 401
649 935 579 549 599 666 198 347 587 115 791 684 0 579 567 868 801 593 795 85 682 122 670 599 148 493 623 576 316 472 791 785 589 555 890 45 576 772 933 517 603 804 99 800 240 775 621 498 836 655 537 461 597 56 688 656 830 688 940 640 667 620 679 584 110 99 579 791 819 741 152 862 103 660 142 589 913 60 464 747 640 478
172 415 144 118 264 189 530 679 152 667 314 207 579 0 99 391 281 158 317 531 205 675 193 263 700 177 244 99 297 205 314 308 253 112 369 597 240 295 413 158 52 327 603 323 387 298 69 163 359 295 102 209 120 609 211 276 353 210 419 120 190 69 202 107 662 651 144 314 342 264 568 385 655 183 558 253 393 564 161 270 88 222
243 396 215 99 335 260 518 667 223 656 385 278 567 99 0 462 263 229 389 519 277 663 264 334 689 107 174 170 286 134 385 379 324 94 351 585 311 366 395 88 75 398 591 394 376 369 127 234 430 225 174 139 191 597 282 206 424 282 401 101 261 126 273 179 651 640 215 385 413 335 557 456 644 254 546 324 375 552 215 341 136 152
273 464 433 481 552 234 819 968 441 956 229 218 868 391 462 0 381 447 233 819 307 964 232 552 989 540 591 332 586 568 229 224 542 475 419 886 529 210 462 521 415 100 892 238 676 214 433 451 193 556 391 512 323 897 217 572 187 312 469 483 386 432 303 321 951 940 433 229 258 324 857 219 944 244 847 542 442 853 450 330 452 585
425 170 397 282 517 390 753 901 405 890 385 374 801 281 263 381 0 411 389 753 459 897 388 517 923 341 246 352 520 369 385 380 506 276 124 820 493 366 168 322 257 317 825 394 610 370 274 416 239 211 356 373 374 831 373 227 228 464 174 185 443 284 455 361 885 874 397 385 414 480 791 328 878 400 780 506 148 786 414 486 268 386
228 545 26 248 278 244 544 693 32 681 369 263 593 158 229 447 411 0 373 545 261 689 249 277 714 307 374 155 311 335 369 364 267 242 499 611 254 350 543 288 182 383 617 379 401 354 200 177 415 425 80 237 176 623 267 407 408 266 550 250 246 199 258 163 676 665 37 369 398 320 582 441 669 239 572 267 523 578 175 326 219 352
200 472 359 408 479 161 746 894 367 883 101 144 795 317 389 233 389 373 0 746 233 890 159 479 916 467 534 259 513 494 83 77 468 402 426 813 455 64 470 448 341 169 818 98 603 67 359 378 201 564 318 439 250 824 144 566 195 239 477 409 312 358 230 248 878 867 360 86 184 250 784 227 871 171 774 469 450 779 376 256 378 512
600 887 531 500 551 617 150 298 539 174 742 635 85 531 519 819 753 545 746 0 634 181 622 551 206 444 575 527 267 424 742 737 540 506 841 103 527 723 885 468 555 755 109 751 191 727 572 450 787 607 489 412 549 115 639 607 781 639 891 592 619 572 630 536 168 158 531 742 771 692 104 813 162 612 94 541 865 70 415 698 591 430
88 546 247 296 367 104 633 782 255 771 229 123 682 205 277 307 459 261 233 634 0 778 109 366 804 355 422 146 401 382 229 224 356 290 500 700 343 210 544 336 229 243 706 238 491 214 247 266 275 473 206 327 137 712 127 454 268 82 550 297 200 246 74 136 766 755 247 229 258 179 672 301 759 99 661 356 524 667 264 185 266 400
745 1031 675 644 695 761 294 442 683 52 886 780 122 675 663 964 897 689 890 181 778 0 766 695 198 589 719 671 411 568 886 881 684 650 985 110 671 867 1029 612 699 899 195 895 335 871 717 594 932 751 633 556 693 108 783 751 925 783 1035 736 763 716 775 680 58 149 675 886 915 836 248 958 62 756 238 685 1009 155 559 842 736 574
76 471 235 284 355 51 621 770 243 758 155 69 670 193 264 232 388 249 159 622 109 766 0 354 791 343 410 134 388 370 155 149 344 277 425 688 331 136 469 324 217 168 694 164 479 139 235 254 200 460 193 314 125 700 73 442 194 114 475 285 188 234 105 123 753 742 235 155 183 126 659 226 747 46 649 344 449 655 252 132 254 388
333 650 263 332 38 350 550 699 271 687 475 368 599 263 334 552 517 277 479 551 366 695 354 0 720 339 406 260 317 367 475 469 90 338 605 617 43 456 648 320 287 488 623 484 408 459 305 129 520 457 222 243 281 629 372 439 514 372 655 355 351 304 363 269 682 671 263 475 503 425 588 546 676 344 578 98 629 584 181 431 324 384
770 1056 700 670 721 787 319 468 708 191 912 805 148 700 689 989 923 714 916 206 804 198 791 720 0 614 745 697 437 593 912 906 710 676 1011 135 697 893 1054 638 724 925 220 921 361 896 742 620 957 776 659 582 718 133 809 777 951 809 1061 761 788 741 800 706 186 106 700 912 940 862 274 983 179 781 263 710 1035 181 585 868 761 599
321 475 293 88 340 338 444 593 301 581 463 356 493 177 107 540 341 307 467 444 355 589 343 339 614 0 163 248 275 67 463 457 329 94 429 511 316 444 473 77 154 476 517 472 301 447 205 239 508 214 252 128 270 522 360 195 502 360 479 180 340 204 351 257 576 565 293 463 492 413 482 534 569 332 472 329 453 478 204 419 214 73
388 380 360 155 407 405 575 723 368 712 530 423 623 244 174 591 246 374 534 575 422 719 410 406 745 163 0 315 342 191 530 524 396 161 334 642 383 511 378 144 220 527 647 539 432 514 272 306 449 83 319 195 337 653 427 99 438 427 384 246 406 271 418 324 707 696 360 530 559 480 613 537 700 399 602 396 358 608 271 486 281 208
113 486 140 189 260 130 527 675 149 664 255 148 576 99 170 332 352 155 259 527 146 671 134 260 697 248 315 0 294 276 255 249 249 183 440 594 236 236 484 229 123 268 599 264 384 239 140 159 300 366 99 220 68 605 152 347 294 151 490 191 131 140 143 61 659 648 141 255 283 205 565 326 652 124 555 250 464 560 157 211 159 293
367 653 297 267 318 384 267 415 305 404 509 402 316 297 286 586 520 311 513 267 401 411 388 317 437 275 342 294 0 254 509 503 307 273 608 334 294 490 652 256 321 522 339 518 124 493 339 217 554 393 256 179 316 345 406 374 548 406 658 358 385 338 397 303 399 388 298 509 538 459 305 580 392 378 295 307 632 300 182 465 358 260
349 502 321 116 367 365 423 572 329 560 491 384 472 205 134 568 369 335 494 424 382 568 370 367 593 67 191 276 254 0 490 485 357 122 457 490 343 471 500 91 181 504 496 500 281 475 232 266 536 241 279 156 297 502 388 223 529 387 507 207 367 232 379 284 555 544 321 491 519 441 461 562 549 360 451 357 480 457 231 447 241 52
196 468 355 404 475 157 742 890 363 879 84 140 791 314 385 229 385 369 83 742 229 886 155 475 912 463 530 255 509 490 0 60 464 398 423 809 451 47 466 444 337 165 814 81 599 50 355 374 197 560 314 435 246 820 140 562 191 235 473 405 308 354 226 244 874 863 356 69 181 246 780 223 867 167 770 465 446 775 372 252 374 508
190 463 350 399 470 151 736 885 358 873 79 135 785 308 379 224 380 364 77 737 224 881 149 469 906 457 524 249 503 485 60 0 459 392 417 803 446 41 461 438 332 160 809 75 593 45 350 369 192 555 308 429 240 815 134 557 185 229 467 400 303 349 220 238 868 857 350 63 175 241 774 218 861 161 764 459 441 770 367 247 369 502
323 640 253 321 90 339 540 688 261 677 464 358 589 253 324 542 506 267 468 540 356 684 344 90 710 329 396 249 307 357 464 459 0 327 594 607 66 445 638 310 277 477 612 473 397 449 294 118 510 447 211 233 271 618 361 428 503 361 644 345 341 294 353 258 672 661 253 464 493 414 578 536 665 334 568 43 618 573 170 420 314 374
256 410 228 86 338 273 506 654 236 643 398 291 555 112 94 475 276 242 402 506 290 650 277 338 676 94 161 183 273 122 398 392 327 0 364 573 314 379 408 75 88 411 578 407 363 382 140 237 443 212 187 127 204 584 295 193 437 295 414 114 274 139 286 192 638 627 228 398 426 348 544 469 631 267 534 327 388 539 202 354 149 139
467 87 485 370 605 427 841 989 493 978 423 411 890 369 351 419 124 499 426 841 500 985 425 605 1011 429 334 440 608 457 423 417 594 364 0 908 581 404 85 410 346 355 913 432 698 407 362 504 277 299 444 462 462 919 410 315 266 505 92 273 532 372 496 449 973 962 486 423 451 517 879 365 966 438 869 595 66 874 502 523 356 474
667 953 597 567 618 684 216 365 605 102 809 702 45 597 585 886 820 611 813 103 700 110 688 617 135 511 642 594 334 490 809 803 607 573 908 0 594 790 951 535 621 822 117 818 258 793 639 517 854 673 556 479 615 44 706 674 848 706 958 658 685 638 697 603 97 86 597 809 837 759 171 880 90 678 160 607 931 78 482 765 658 496
310 627 240 308 49 326 527 675 248 664 451 345 576 240 311 529 493 254 455 527 343 671 331 43 697 316 383 236 294 343 451 446 66 314 581 594 0 432 625 297 264 464 599 460 384 436 281 105 497 434 198 220 258 605 348 415 490 348 631 332 328 281 339 245 659 648 240 451 480 401 565 522 652 321 555 74 605 560 157 407 301 361
177 449 336 385 456 138 723 871 344 860 65 121 772 295 366 210 366 350 64 723 210 867 136 456 893 444 511 236 490 471 47 41 445 379 404 790 432 0 447 425 318 146 795 62 580 31 336 355 178 541 295 416 227 801 121 543 172 216 454 386 289 335 207 225 855 844 337 50 162 228 761 204 848 148 751 446 427 756 353 233 355 489
510 32 529 414 649 471 884 1033 537 1022 466 455 933 413 395 462 168 543 470 885 544 1029 469 648 1054 473 378 484 652 500 466 461 638 408 85 951 625 447 0 454 389 398 957 475 742 451 406 548 320 343 488 505 505 963 454 359 309 549 49 317 575 416 540 493 1016 1005 529 466 495 561 923 409 1010 481 912 638 94 918 546 567 400 518
302 456 274 69 321 319 468 616 282 605 444 337 517 158 88 521 322 288 448 468 336 612 324 320 638 77 144 229 256 91 444 438 310 75 410 535 297 425 454 0 134 457 540 453 325 428 186 220 489 195 233 109 251 546 341 176 483 341 460 160 320 185 332 238 600 589 274 444 473 394 506 515 593 313 496 310 434 501 185 400 195 97
196 391 168 95 287 212 554 703 176 691 337 231 603 52 75 415 257 182 341 555 229 699 217 287 724 154 220 123 321 181 337 332 277 88 346 621 264 318 389 134 0 351 627 346 411 322 79 186 383 271 126 186 144 632 235 253 376 234 396 96 214 79 226 131 686 675 168 337 366 287 592 409 679 207 582 277 369 588 185 293 98 198
209 400 369 417 488 170 755 903 377 892 165 154 804 327 398 100 317 383 169 755 243 899 168 488 925 476 527 268 522 504 165 160 477 411 355 822 464 146 398 457 351 0 828 174 612 150 368 387 129 492 327 448 259 833 153 508 123 248 405 419 321 368 239 257 887 876 369 165 194 260 793 155 880 180 783 478 378 788 385 266 387 521
673 959 603 572 623 689 222 370 611 187 814 708 99 603 591 892 825 617 818 109 706 195 694 623 220 517 647 599 339 496 814 809 612 578 913 117 599 795 957 540 627 828 0 823 263 799 645 522 860 679 561 484 621 128 712 679 853 711 963 664 691 644 703 608 182 171 603 814 843 764 176 886 175 684 166 613 937 55 487 770 664 502
205 477 364 413 484 166 751 899 373 888 99 150 800 323 394 238 394 379 98 751 238 895 164 484 921 472 539 264 518 500 81 75 473 407 432 818 460 62 475 453 346 174 823 0 608 65 364 383 206 569 323 444 255 829 149 571 200 244 482 415 317 364 235 253 883 872 365 84 190 256 789 232 876 176 779 474 455 784 381 262 383 517
457 743 387 357 408 474 191 339 395 328 599 492 240 387 376 676 610 401 603 191 491 335 479 408 361 301 432 384 124 281 599 593 397 363 698 258 384 580 742 325 411 612 263 608 0 583 429 307 644 464 346 269 406 269 496 464 638 496 748 448 476 428 487 393 323 312 388 599 628 549 229 670 316 468 219 397 722 224 272 555 448 286
180 453 340 389 460 141 726 875 348 863 69 125 775 298 369 214 370 354 67 727 214 871 139 459 896 447 514 239 493 475 50 45 449 382 407 793 436 31 451 428 322 150 799 65 583 0 340 359 182 545 298 419 230 805 124 547 175 219 457 390 293 339 210 228 858 847 340 53 165 231 764 208 852 151 754 449 431 760 357 237 359 492
214 408 186 146 305 230 572 720 194 709 355 249 621 69 127 433 274 200 359 572 247 717 235 305 742 205 272 140 339 232 355 350 294 140 362 639 281 336 406 186 79 368 645 364 429 340 0 204 401 323 144 237 162 650 252 304 394 252 412 113 232 30 243 149 704 693 186 355 384 305 610 426 697 225 600 295 386 605 202 311 38 250
232 550 163 231 129 249 450 598 171 587 374 267 498 163 234 451 416 177 378 450 266 594 254 129 620 239 306 159 217 266 374 369 118 237 504 517 105 355 548 220 186 387 522 383 307 359 204 0 419 357 121 143 181 528 271 338 413 271 554 255 251 203 262 168 582 571 163 374 403 324 488 445 575 243 477 119 528 483 80 330 223 284
241 322 401 449 520 202 787 935 409 924 197 186 836 359 430 193 239 415 201 787 275 932 200 520 957 508 449 300 554 536 197 192 510 443 277 854 497 178 320 489 383 129 860 206 644 182 401 419 0 414 359 480 291 865 185 430 45 280 327 388 354 400 271 289 919 908 401 197 226 292 825 140 912 212 815 510 300 821 418 298 420 553
439 345 411 206 458 456 606 755 419 744 560 474 655 295 225 556 211 425 564 607 473 751 460 457 776 214 83 366 393 241 560 555 447 212 299 673 434 541 343 195 271 492 679 569 464 545 323 357 414 0 370 246 387 685 478 64 403 478 349 278 457 322 469 375 738 727 411 560 589 531 645 503 732 450 634 447 323 640 322 537 332 259
172 489 66 193 222 189 489 637 74 626 314 207 537 102 174 391 356 80 318 489 206 633 193 222 659 252 319 99 256 279 314 308 211 187 444 556 198 295 488 233 126 327 561 323 346 298 144 121 359 370 0 182 120 567 211 351 353 211 494 194 190 143 202 108 621 610 66 314 342 264 527 385 614 183 516 211 468 522 119 270 163 297
293 507 223 121 244 310 412 560 231 549 435 328 461 209 139 512 373 237 439 412 327 556 314 243 582 128 195 220 179 156 435 429 233 127 462 479 220 416 505 109 186 448 484 444 269 419 237 143 480 246 182 0 242 490 332 228 474 332 512 212 311 237 323 229 544 533 223 435 464 385 450 506 537 304 440 233 485 445 108 391 246 173
104 507 162 211 282 121 548 697 170 685 246 139 597 120 191 323 374 176 250 549 137 693 125 281 718 270 337 68 316 297 246 240 271 204 462 615 258 227 505 251 144 259 621 255 406 230 162 181 291 387 120 242 0 627 143 369 285 143 512 212 122 161 134 58 680 669 162 246 274 196 587 317 674 115 576 271 485 582 179 202 181 315
678 965 608 578 629 695 228 376 617 100 820 713 56 609 597 897 831 623 824 115 712 108 700 629 133 522 653 605 345 502 820 815 618 584 919 44 605 801 963 546 632 833 128 829 269 805 650 528 865 685 567 490 627 0 717 685 859 717 969 669 697 649 708 614 95 84 609 820 849 770 182 891 88 689 172 618 943 89 493 776 669 507
93 456 253 301 372 69 639 787 261 776 140 74 688 211 282 217 373 267 144 639 127 783 73 372 809 360 427 152 406 388 140 134 361 295 410 706 348 121 454 341 235 153 712 149 496 124 252 271 185 478 211 332 143 717 0 459 179 132 461 303 205 252 123 141 771 760 253 140 168 144 677 211 764 64 667 362 434 672 269 150 271 405
420 361 393 187 439 437 607 755 401 744 562 455 656 276 206 572 227 407 566 607 454 751 442 439 777 195 99 347 374 223 562 557 428 193 315 674 415 543 359 176 253 508 679 571 464 547 304 338 430 64 351 228 369 685 459 0 419 459 365 279 439 303 450 356 739 728 393 562 591 512 645 519 732 432 635 428 339 640 303 518 313 240
235 311 394 443 514 196 781 929 402 918 191 179 830 353 424 187 228 408 195 781 268 925 194 514 951 502 438 294 548 529 191 185 503 437 266 848 490 172 309 483 376 123 853 200 638 175 394 413 45 403 353 474 285 859 179 419 0 274 316 377 347 393 265 283 913 902 395 191 220 285 819 133 906 206 809 504 290 814 411 291 413 547
71 551 252 301 372 110 639 787 260 776 235 128 688 210 282 312 464 266 239 639 82 783 114 372 809 360 427 151 406 387 235 229 361 295 505 706 348 216 549 341 234 248 711 244 496 219 252 271 280 478 211 332 143 717 132 459 274 0 555 302 205 251 42 141 771 760 252 235 263 185 677 306 764 104 667 361 529 672 269 191 271 405
517 51 536 420 655 477 891 1039 544 1028 473 461 940 419 401 469 174 550 477 891 550 1035 475 655 1061 479 384 490 658 507 473 467 644 414 92 958 631 454 49 460 396 405 963 482 748 457 412 554 327 349 494 512 512 969 461 365 316 555 0 323 582 423 547 499 1023 1012 536 473 501 567 929 415 1016 488 919 645 100 924 552 573 406 524
264 318 236 121 356 280 591 740 244 728 406 299 640 120 101 483 185 250 409 592 297 736 285 355 761 180 246 191 358 207 405 400 345 114 273 658 332 386 317 160 96 419 664 415 448 390 113 255 388 278 194 212 212 669 303 279 377 302 323 0 282 123 294 199 723 712 236 406 434 356 629 476 716 275 619 345 297 625 253 362 106 225
167 577 232 281 352 183 618 767 240 755 308 202 667 190 261 386 443 246 312 619 200 763 188 351 788 340 406 131 385 367 308 303 341 274 532 685 328 289 575 320 214 321 691 317 476 293 232 251 354 457 190 311 122 697 205 439 347 205 582 282 0 231 197 120 750 739 232 308 337 258 656 379 744 178 646 341 555 652 249 264 251 384
213 418 185 145 304 229 571 720 193 708 354 248 620 69 126 432 284 199 358 572 246 716 234 304 741 204 271 140 338 232 354 349 294 139 372 638 281 335 416 185 79 368 644 364 428 339 30 203 400 322 143 237 161 649 252 303 393 251 423 123 231 0 243 148 703 692 185 354 383 305 609 426 696 224 599 294 396 605 202 310 49 249
62 542 244 292 363 101 630 778 252 767 226 119 679 202 273 303 455 258 230 630 74 775 105 363 800 351 418 143 397 379 226 220 353 286 496 697 339 207 540 332 226 239 703 235 487 210 243 262 271 469 202 323 134 708 123 450 265 42 547 294 197 243 0 132 762 751 244 226 254 176 668 297 755 95 658 353 520 663 260 182 263 396
102 494 149 198 269 119 536 684 157 673 244 137 584 107 179 321 361 163 248 536 136 680 123 269 706 257 324 61 303 284 244 238 258 192 449 603 245 225 493 238 131 257 608 253 393 228 149 168 289 375 108 229 58 614 141 356 283 141 499 199 120 148 132 0 668 657 149 244 272 194 574 315 661 113 563 258 473 569 166 200 168 302
732 1018 662 632 683 749 281 430 670 69 874 767 110 662 651 951 885 676 878 168 766 58 753 682 186 576 707 659 399 555 874 868 672 638 973 97 659 855 1016 600 686 887 182 883 323 858 704 582 919 738 621 544 680 95 771 739 913 771 1023 723 750 703 762 668 0 137 662 874 902 824 236 945 70 743 225 672 997 143 547 830 723 561
721 1007 651 621 672 738 270 419 659 142 863 756 99 651 640 940 874 665 867 158 755 149 742 671 106 565 696 648 388 544 863 857 661 627 962 86 648 844 1005 589 675 876 171 872 312 847 693 571 908 727 610 533 669 84 760 728 902 760 1012 712 739 692 751 657 137 0 651 863 891 813 225 934 130 732 214 661 986 132 536 819 712 550
214 531 34 235 264 231 530 679 39 667 356 249 579 144 215 433 397 37 360 531 247 675 235 263 700 293 360 141 298 321 356 350 253 228 486 597 240 337 529 274 168 369 603 365 388 340 186 163 401 411 66 223 162 609 253 393 395 252 536 236 232 185 244 149 662 651 0 356 384 306 568 427 656 225 558 253 509 564 161 312 205 338
196 468 355 404 475 157 742 890 363 879 87 141 791 314 385 229 385 369 86 742 229 886 155 475 912 463 530 255 509 491 69 63 464 398 423 809 451 50 466 444 337 165 814 84 599 53 355 374 197 560 314 435 246 820 140 562 191 235 473 406 308 354 226 244 874 863 356 0 181 247 780 223 867 167 770 465 446 775 372 253 374 508
225 497 384 433 504 185 770 919 392 907 181 169 819 342 413 258 414 398 184 771 258 915 183 503 940 492 559 283 538 519 181 175 493 426 451 837 480 162 495 473 366 194 843 190 628 165 384 403 226 589 342 464 274 849 168 591 220 263 501 434 337 383 254 272 902 891 384 181 0 275 808 252 896 196 798 493 475 804 401 281 403 537
146 563 305 354 425 122 692 840 314 829 247 140 741 264 335 324 480 320 250 692 179 836 126 425 862 413 480 205 459 441 246 241 414 348 517 759 401 228 561 394 287 260 764 256 549 231 305 324 292 531 264 385 196 770 144 512 285 185 567 356 258 305 176 194 824 813 306 247 275 0 730 318 817 117 720 415 541 725 322 26 324 458
638 924 568 538 589 655 187 336 576 241 780 673 152 568 557 857 791 582 784 104 672 248 659 588 274 482 613 565 305 461 780 774 578 544 879 171 565 761 923 506 592 793 176 789 229 764 610 488 825 645 527 450 587 182 677 645 819 677 929 629 656 609 668 574 236 225 568 780 808 730 0 851 229 649 51 578 903 137 453 736 629 467
267 411 427 475 546 228 813 961 435 950 223 212 862 385 456 219 328 441 227 813 301 958 226 546 983 534 537 326 580 562 223 218 536 469 365 880 522 204 409 515 409 155 886 232 670 208 426 445 140 503 385 506 317 891 211 519 133 306 415 476 379 426 297 315 945 934 427 223 252 318 851 0 938 238 841 536 389 846 443 324 446 579
725 1011 655 625 676 742 275 423 663 73 867 760 103 655 644 944 878 669 871 162 759 62 747 676 179 569 700 652 392 549 867 861 665 631 966 90 652 848 1010 593 679 880 175 876 316 852 697 575 912 732 614 537 674 88 764 732 906 764 1016 716 744 696 755 661 70 130 656 867 896 817 229 938 0 736 219 665 990 136 540 823 716 554
65 483 225 273 344 42 611 760 233 748 167 60 660 183 254 244 400 239 171 612 99 756 46 344 781 332 399 124 378 360 167 161 334 267 438 678 321 148 481 313 207 180 684 176 468 151 225 243 212 450 183 304 115 689 64 432 206 104 488 275 178 224 95 113 743 732 225 167 196 117 649 238 736 0 639 334 461 645 242 123 244 377
628 914 558 528 578 645 177 326 566 230 770 663 142 558 546 847 780 572 774 94 661 238 649 578 263 472 602 555 295 451 770 764 568 534 869 160 555 751 912 496 582 783 166 779 219 754 600 477 815 634 516 440 576 172 667 635 809 667 919 619 646 599 658 563 225 214 558 770 798 720 51 841 219 639 0 568 892 127 443 726 619 457
323 640 253 321 98 340 540 689 261 677 465 358 589 253 324 542 506 267 469 541 356 685 344 98 710 329 396 250 307 357 465 459 43 327 595 607 74 446 638 310 277 478 613 474 397 449 295 119 510 447 211 233 271 618 362 428 504 361 645 345 341 294 353 258 672 661 253 465 493 415 578 536 665 334 568 0 618 574 171 421 314 374
490 95 509 394 629 451 864 1013 517 1002 446 435 913 393 375 442 148 523 450 865 524 1009 449 629 1035 453 358 464 632 480 446 441 618 388 66 931 605 427 94 434 369 378 937 455 722 431 386 528 300 323 468 485 485 943 434 339 290 529 100 297 555 396 520 473 997 986 509 446 475 541 903 389 990 461 892 618 0 898 526 547 380 498
634 920 564 533 584 650 183 331 572 148 775 669 60 564 552 853 786 578 779 70 667 155 655 584 181 478 608 560 300 457 775 770 573 539 874 78 560 756 918 501 588 788 55 784 224 760 605 483 821 640 522 445 582 89 672 640 814 672 924 625 652 605 663 569 143 132 564 775 804 725 137 846 136 645 127 574 898 0 448 731 625 463
231 548 161 196 181 247 415 563 169 552 372 266 464 161 215 450 414 175 376 415 264 559 252 181 585 204 271 157 182 231 372 367 170 202 502 482 157 353 546 185 185 385 487 381 272 357 202 80 418 322 119 108 179 493 269 303 411 269 552 253 249 202 260 166 547 536 161 372 401 322 453 443 540 242 443 171 526 448 0 328 222 249
152 569 311 360 431 127 698 846 320 835 253 146 747 270 341 330 486 326 256 698 185 842 132 431 868 419 486 211 465 447 252 247 420 354 523 765 407 233 567 400 293 266 770 262 555 237 311 330 298 537 270 391 202 776 150 518 291 191 573 362 264 310 182 200 830 819 312 253 281 26 736 324 823 123 726 421 547 731 328 0 330 464
233 402 205 155 324 249 591 739 213 728 374 268 640 88 136 452 268 219 378 591 266 736 254 324 761 214 281 159 358 241 374 369 314 149 356 658 301 355 400 195 98 387 664 383 448 359 38 223 420 332 163 246 181 669 271 313 413 271 406 106 251 49 263 168 723 712 205 374 403 324 629 446 716 244 619 314 380 625 222 330 0 259
366 520 338 133 385 383 429 578 346 566 508 401 478 222 152 585 386 352 512 430 400 574 388 384 599 73 208 293 260 52 508 502 374 139 474 496 361 489 518 97 198 521 502 517 286 492 250 284 553 259 297 173 315 507 405 240 547 405 524 225 384 249 396 302 561 550 338 508 537 458 467 579 554 377 457 374 498 463 249 464 259 0
EOF