NAME : tsp_problem
TYPE : TSP
DIMENSION : 36
EDGE_WEIGHT_TYPE : EXPLICIT
EDGE_WEIGHT_FORMAT : FULL_MATRIX
EDGE_WEIGHT_SECTION
0 795 789 365 789 609 379 260 145 180 177 105 93 575 868 185 390 552 556 236 491 499 192 834 549 93 685 473 55 271 527 586 547 130 552 376
795 0 23 466 142 508 478 570 920 955 952 880 817 474 101 960 449 267 301 1011 479 445 967 68 364 868 398 381 793 563 343 532 315 905 350 496
789 23 0 460 136 502 472 564 914 949 946 874 811 468 95 954 443 260 295 1005 473 439 961 62 358 862 392 375 787 557 337 526 308 899 344 490
365 466 460 0 459 412 250 267 489 525 521 450 387 379 538 529 166 223 227 580 336 302 536 505 264 437 488 238 362 278 307 389 217 475 257 247
789 142 136 459 0 401 472 563 913 949 945 874 811 368 215 953 443 260 294 1004 473 406 960 181 357 861 292 374 786 557 337 472 308 899 343 489
609 508 502 412 401 0 261 383 733 769 765 694 631 92 581 773 358 312 457 824 262 155 780 547 278 681 226 201 607 377 537 221 447 719 281 278
379 478 472 250 472 261 0 154 504 539 535 464 401 227 551 543 129 235 295 595 143 151 550 517 201 452 337 125 377 147 376 238 285 489 204 49
260 570 564 267 563 383 154 0 384 420 416 345 282 350 642 424 164 327 331 475 266 273 431 609 324 332 459 247 257 95 411 360 321 370 327 150
145 920 914 489 913 733 504 384 0 71 63 109 218 700 992 94 514 677 681 122 616 623 101 959 674 96 809 597 157 396 651 710 671 46 676 500
180 955 949 525 949 769 539 420 71 0 53 144 253 735 1028 130 550 712 716 112 651 659 137 994 710 132 845 633 192 431 687 746 707 82 712 536
177 952 946 521 945 765 535 416 63 53 0 141 249 731 1024 126 546 708 713 101 647 655 133 990 706 128 841 629 188 427 683 742 703 78 708 532
105 880 874 450 874 694 464 345 109 144 141 0 178 660 953 149 475 637 641 200 576 584 156 919 634 52 770 558 117 356 612 671 632 94 637 461
93 817 811 387 811 631 401 282 218 253 249 178 0 597 890 257 412 574 578 309 513 521 264 856 571 166 707 495 91 293 549 608 568 203 574 398
575 474 468 379 368 92 227 350 700 735 731 660 597 0 547 740 325 278 423 791 228 121 747 513 244 648 192 167 573 343 504 187 413 685 247 245
868 101 95 538 215 581 551 642 992 1028 1024 953 890 547 0 1032 522 339 373 1083 551 517 1039 125 436 940 471 453 865 636 416 604 387 978 422 568
185 960 954 529 953 773 543 424 94 130 126 149 257 740 1032 0 554 716 721 185 655 663 83 998 714 136 849 637 197 435 691 750 711 86 716 540
390 449 443 166 443 358 129 164 514 550 546 475 412 325 522 554 0 206 210 605 241 248 561 488 248 462 434 221 388 158 291 335 200 500 240 125
552 267 260 223 260 312 235 327 677 712 708 637 574 278 339 716 206 0 267 767 236 201 723 305 121 625 388 137 550 320 329 289 257 662 106 253
556 301 295 227 294 457 295 331 681 716 713 641 578 423 373 721 210 267 0 772 381 347 728 339 309 629 533 283 554 324 106 434 77 666 302 291
236 1011 1005 580 1004 824 595 475 122 112 101 200 309 791 1083 185 605 767 772 0 707 714 192 1049 765 187 900 688 248 486 742 801 762 137 767 591
491 479 473 336 473 262 143 266 616 651 647 576 513 228 551 655 241 236 381 707 0 151 662 518 202 564 338 125 489 259 462 238 371 601 205 161
499 445 439 302 406 155 151 273 623 659 655 584 521 121 517 663 248 201 347 714 151 0 670 483 168 571 231 91 496 267 427 132 337 609 170 168
192 967 961 536 960 780 550 431 101 137 133 156 264 747 1039 83 561 723 728 192 662 670 0 1005 721 143 856 644 204 442 698 757 718 93 723 547
834 68 62 505 181 547 517 609 959 994 990 919 856 513 125 998 488 305 339 1049 518 483 1005 0 403 907 437 419 832 602 382 571 353 944 388 535
549 364 358 264 357 278 201 324 674 710 706 634 571 244 436 714 248 121 309 765 202 168 721 403 0 622 354 104 547 317 390 255 299 659 47 219
93 868 862 437 861 681 452 332 96 132 128 52 166 648 940 136 462 625 629 187 564 571 143 907 622 0 757 545 105 344 599 658 619 82 625 448
685 398 392 488 292 226 337 459 809 845 841 770 707 192 471 849 434 388 533 900 338 231 856 437 354 757 0 277 682 453 593 297 523 795 356 354
473 381 375 238 374 201 125 247 597 633 629 558 495 167 453 637 221 137 283 688 125 91 644 419 104 545 277 0 470 240 363 178 273 583 106 142
55 793 787 362 786 607 377 257 157 192 188 117 91 573 865 197 388 550 554 248 489 496 204 832 547 105 682 470 0 269 525 583 544 142 550 373
271 563 557 278 557 377 147 95 396 431 427 356 293 343 636 435 158 320 324 486 259 267 442 602 317 344 453 240 269 0 405 354 314 381 320 143
527 343 337 307 337 537 376 411 651 687 683 612 549 504 416 691 291 329 106 742 462 427 698 382 390 599 593 363 525 405 0 514 120 637 382 372
586 532 526 389 472 221 238 360 710 746 742 671 608 187 604 750 335 289 434 801 238 132 757 571 255 658 297 178 583 354 514 0 424 696 257 255
547 315 308 217 308 447 285 321 671 707 703 632 568 413 387 711 200 257 77 762 371 337 718 353 299 619 523 273 544 314 120 424 0 656 292 282
130 905 899 475 899 719 489 370 46 82 78 94 203 685 978 86 500 662 666 137 601 609 93 944 659 82 795 583 142 381 637 696 656 0 662 486
552 350 344 257 343 281 204 327 676 712 708 637 574 247 422 716 240 106 302 767 205 170 723 388 47 625 356 106 550 320 382 257 292 662 0 222
376 496 490 247 489 278 49 150 500 536 532 461 398 245 568 540 125 253 291 591 161 168 547 535 219 448 354 142 373 143 372 255 282 486 222 0
EOF