NAME : tsp_problem
TYPE : TSP
DIMENSION : 40
EDGE_WEIGHT_TYPE : EXPLICIT
EDGE_WEIGHT_FORMAT : FULL_MATRIX
EDGE_WEIGHT_SECTION
0 139 722 916 637 892 749 106 687 506 161 402 452 457 238 176 93 171 397 634 415 1000 530 841 795 257 398 310 649 242 327 578 916 43 516 619 319 632 576 824
139 0 740 934 655 910 767 72 705 524 50 420 470 475 168 64 72 59 415 652 433 1018 548 859 813 187 416 328 667 172 345 596 934 142 535 638 337 650 594 842
722 740 0 218 376 194 411 707 127 240 762 353 323 327 839 777 694 771 434 176 363 397 277 143 296 858 369 444 96 842 430 359 218 725 297 209 438 176 315 357
916 934 218 0 570 97 450 901 297 434 956 547 517 521 1033 971 888 965 606 347 557 435 454 181 334 1052 563 638 290 1036 624 553 38 919 491 403 632 346 509 395
637 655 376 570 0 546 279 622 478 288 677 400 370 375 754 691 608 686 482 448 267 529 324 472 324 773 284 359 302 757 345 242 570 640 181 242 352 427 113 353
892 910 194 97 546 0 426 877 273 410 933 523 493 498 1009 947 864 942 582 323 533 412 431 157 311 1028 540 614 267 1013 600 529 98 895 468 380 608 323 485 371
749 767 411 450 279 426 0 734 490 400 790 513 483 488 866 804 721 799 594 540 379 362 437 305 157 885 397 471 415 870 457 355 450 752 294 355 465 539 225 186
106 72 707 901 622 877 734 0 672 490 94 387 437 442 171 109 73 104 382 619 400 984 515 825 780 190 383 295 634 175 311 563 901 109 501 604 303 617 561 808
687 705 127 297 478 273 490 672 0 218 728 318 288 293 804 742 659 737 341 82 328 476 189 222 375 823 335 409 199 808 395 461 297 690 400 312 403 81 418 436
506 524 240 434 288 410 400 490 218 0 546 136 106 111 622 560 477 555 218 184 147 613 60 359 446 642 153 228 167 626 213 271 434 508 209 171 221 163 227 474
161 50 762 956 677 933 790 94 728 546 0 442 492 497 190 63 94 58 437 675 456 1040 570 881 835 209 438 350 689 194 367 618 957 164 557 660 359 672 617 864
402 420 353 547 400 523 513 387 318 136 442 0 79 83 519 457 374 451 110 284 247 726 160 471 559 538 253 220 279 522 237 383 547 405 322 284 229 263 340 587
452 470 323 517 370 493 483 437 288 106 492 79 0 51 569 507 424 502 160 254 217 696 130 441 529 588 223 270 249 573 283 353 517 455 292 254 279 233 310 557
457 475 327 521 375 498 488 442 293 111 497 83 51 0 574 512 429 506 165 259 221 701 135 446 533 593 228 275 254 577 288 358 522 460 297 259 284 238 315 562
238 168 839 1033 754 1009 866 171 804 622 190 519 569 574 0 204 170 199 514 751 532 1116 646 957 912 192 515 426 765 45 443 695 1033 241 633 736 435 749 693 940
176 64 777 971 691 947 804 109 742 560 63 457 507 512 204 0 108 72 451 689 470 1054 584 895 850 224 453 364 703 208 381 632 971 179 571 674 373 687 631 878
93 72 694 888 608 864 721 73 659 477 94 374 424 429 170 108 0 103 368 606 387 971 501 812 767 190 370 281 620 174 298 549 888 96 488 591 290 604 548 795
171 59 771 965 686 942 799 104 737 555 58 451 502 506 199 72 103 0 446 684 465 1049 579 890 845 219 448 359 698 203 376 627 966 173 566 669 368 682 626 873
397 415 434 606 482 582 594 382 341 218 437 110 160 165 514 451 368 446 0 286 321 785 242 531 640 533 303 215 361 517 232 465 606 400 403 366 224 307 421 669
634 652 176 347 448 323 540 619 82 184 675 284 254 259 751 689 606 684 286 0 294 526 155 271 424 770 301 376 248 755 361 431 347 637 370 332 369 48 387 485
415 433 363 557 267 533 379 400 328 147 456 247 217 221 532 470 387 465 321 294 0 629 171 482 425 551 63 137 290 536 123 207 557 418 146 249 131 273 206 453
1000 1018 397 435 529 412 362 984 476 613 1040 726 696 701 1116 1054 971 1049 785 526 629 0 633 291 276 1136 647 722 469 1120 707 605 436 1002 544 583 715 526 476 228
530 548 277 454 324 431 437 515 189 60 570 160 130 135 646 584 501 579 242 155 171 633 0 379 483 666 177 252 203 650 237 307 454 532 246 208 245 134 264 511
841 859 143 181 472 157 305 825 222 359 881 471 441 446 957 895 812 890 531 271 482 291 379 0 189 977 488 563 215 961 548 477 181 843 416 328 556 271 419 250
795 813 296 334 324 311 157 780 375 446 835 559 529 533 912 850 767 845 640 424 425 276 483 189 0 931 443 517 368 916 503 401 334 798 339 400 511 424 271 103
257 187 858 1052 773 1028 885 190 823 642 209 538 588 593 192 224 190 219 533 770 551 1136 666 977 931 0 534 446 785 196 463 714 1052 260 653 756 455 768 712 960
398 416 369 563 284 540 397 383 335 153 438 253 223 228 515 453 370 448 303 301 63 647 177 488 443 534 0 120 296 519 106 225 564 401 164 267 114 279 224 471
310 328 444 638 359 614 471 295 409 228 350 220 270 275 426 364 281 359 215 376 137 722 252 563 517 446 120 0 371 430 117 300 638 312 239 342 124 354 298 546
649 667 96 290 302 267 415 634 199 167 689 279 249 254 765 703 620 698 361 248 290 469 203 215 368 785 296 371 0 769 356 285 291 652 224 136 364 248 242 429
242 172 842 1036 757 1013 870 175 808 626 194 522 573 577 45 208 174 203 517 755 536 1120 650 961 916 196 519 430 769 0 447 698 1037 244 637 740 439 752 697 944
327 345 430 624 345 600 457 311 395 213 367 237 283 288 443 381 298 376 232 361 123 707 237 548 503 463 106 117 356 447 0 286 624 329 224 327 110 340 284 531
578 596 359 553 242 529 355 563 461 271 618 383 353 358 695 632 549 627 465 431 207 605 307 477 401 714 225 300 285 698 286 0 553 581 86 225 293 410 182 429
916 934 218 38 570 98 450 901 297 434 957 547 517 522 1033 971 888 966 606 347 557 436 454 181 334 1052 564 638 291 1037 624 553 0 919 491 404 632 347 509 395
43 142 725 919 640 895 752 109 690 508 164 405 455 460 241 179 96 173 400 637 418 1002 532 843 798 260 401 312 652 244 329 581 919 0 519 622 321 635 579 826
516 535 297 491 181 468 294 501 400 209 557 322 292 297 633 571 488 566 403 370 146 544 246 416 339 653 164 239 224 637 224 86 491 519 0 164 232 348 120 368
619 638 209 403 242 380 355 604 312 171 660 284 254 259 736 674 591 669 366 332 249 583 208 328 400 756 267 342 136 740 327 225 404 622 164 0 335 310 182 429
319 337 438 632 352 608 465 303 403 221 359 229 279 284 435 373 290 368 224 369 131 715 245 556 511 455 114 124 364 439 110 293 632 321 232 335 0 348 292 539
632 650 176 346 427 323 539 617 81 163 672 263 233 238 749 687 604 682 307 48 273 526 134 271 424 768 279 354 248 752 340 410 347 635 348 310 348 0 366 485
576 594 315 509 113 485 225 561 418 227 617 340 310 315 693 631 548 626 421 387 206 476 264 419 271 712 224 298 242 697 284 182 509 579 120 182 292 366 0 300
824 842 357 395 353 371 186 808 436 474 864 587 557 562 940 878 795 873 669 485 453 228 511 250 103 960 471 546 429 944 531 429 395 826 368 429 539 485 300 0
EOF