NAME : tsp_problem
TYPE : TSP
DIMENSION : 60
EDGE_WEIGHT_TYPE : EXPLICIT
EDGE_WEIGHT_FORMAT : FULL_MATRIX
EDGE_WEIGHT_SECTION
0 301 393 217 597 337 402 490 474 151 477 886 242 529 479 570 769 524 243 167 752 321 155 532 56 464 554 462 470 461 466 342 403 291 781 424 231 668 401 237 859 249 476 373 446 842 219 508 566 153 241 473 892 489 473 461 175 251 877 206
301 0 496 320 330 386 384 583 208 254 210 979 217 374 213 530 862 379 347 190 845 425 258 370 267 198 354 195 563 421 559 152 379 395 874 341 334 761 372 340 953 352 569 477 179 935 322 396 338 257 344 207 985 222 433 473 278 354 970 145
393 496 0 267 439 158 596 270 528 275 531 665 437 351 533 391 548 346 252 362 532 236 349 353 358 518 376 516 249 282 246 477 225 206 560 246 240 447 223 188 639 258 255 43 499 622 228 329 387 348 250 527 671 543 294 241 369 301 656 401
217 320 267 0 492 211 421 364 493 100 496 760 261 404 498 444 643 399 118 186 627 196 174 406 183 483 429 481 344 335 341 361 278 166 655 299 105 542 276 111 734 123 350 248 465 717 93 382 440 172 115 492 766 508 347 336 194 54 751 225
597 330 439 492 0 309 679 364 342 500 344 718 512 119 347 311 601 124 477 485 584 461 553 115 563 332 99 329 344 202 341 290 351 431 612 313 465 500 345 413 691 483 350 420 313 674 453 141 83 552 475 341 724 356 214 255 574 526 709 440
337 386 158 211 309 0 541 256 398 220 400 651 381 220 403 261 534 215 196 306 518 180 293 223 302 388 245 386 235 152 232 347 95 150 546 115 184 433 92 132 625 202 241 139 369 608 172 199 257 292 194 397 657 413 164 204 314 245 642 345
402 384 596 421 679 541 0 694 557 355 559 1090 334 723 562 774 973 728 447 269 956 525 359 719 368 546 703 544 674 665 670 425 607 495 985 628 435 872 605 441 1063 453 680 577 528 1046 423 712 687 357 445 556 1096 571 677 665 379 455 1081 329
490 583 270 364 364 256 694 0 595 373 597 426 534 276 600 316 310 271 349 459 293 333 447 279 456 585 301 583 62 188 66 543 322 303 321 318 337 208 320 285 400 355 67 250 566 383 325 255 313 445 347 594 432 609 219 140 467 398 417 498
474 208 528 493 342 398 557 595 0 427 49 990 390 386 52 541 874 391 520 363 857 550 431 382 440 46 366 35 575 433 571 168 390 520 885 352 507 773 384 502 964 525 580 509 71 947 495 407 349 430 517 46 997 98 445 485 451 527 981 318
151 254 275 100 500 220 355 373 427 0 430 769 195 412 432 453 652 407 126 120 635 204 107 415 117 417 437 415 353 344 349 295 286 174 664 307 114 551 284 120 742 132 359 256 398 725 102 391 449 106 124 426 775 442 356 344 128 134 760 159
477 210 531 496 344 400 559 597 49 430 0 993 392 388 44 544 876 393 522 365 859 553 434 384 443 38 368 27 577 435 573 170 393 523 888 355 510 775 386 505 967 528 583 511 73 949 498 410 352 432 520 38 999 101 447 487 454 529 984 320
886 979 665 760 718 651 1090 426 990 769 993 0 930 672 995 588 141 667 745 855 174 729 842 674 851 980 697 978 457 584 461 939 718 699 155 714 733 263 716 681 54 751 445 646 961 175 721 650 708 841 743 989 132 1005 579 536 863 794 51 894
242 217 437 261 512 381 334 534 390 195 392 930 0 556 395 614 813 561 287 130 796 365 199 552 208 380 536 377 514 505 510 258 448 335 825 468 275 712 445 281 903 293 520 417 361 886 263 552 520 197 285 389 936 404 517 506 219 295 921 122
529 374 351 404 119 220 723 276 386 412 388 672 556 0 391 223 555 87 389 499 538 373 486 95 495 376 117 374 256 114 252 334 263 343 567 225 377 454 256 325 646 395 262 331 357 628 365 71 127 484 387 385 678 400 126 167 506 437 663 484
479 213 533 498 347 403 562 600 52 432 44 995 395 391 0 546 879 396 525 367 862 555 436 387 445 41 370 30 579 438 576 173 395 525 890 357 512 778 389 507 969 530 585 514 76 952 500 412 354 434 522 41 1002 103 449 490 456 532 986 323
570 530 391 444 311 261 774 316 541 453 544 588 614 223 546 0 472 218 429 539 455 413 526 226 535 531 248 529 296 154 293 490 303 383 483 265 417 371 297 365 562 435 302 372 513 545 405 201 259 525 427 540 595 556 126 207 546 478 579 578
769 862 548 643 601 534 973 310 874 652 876 141 813 555 879 472 0 550 628 738 57 612 726 558 735 864 580 861 341 467 345 822 601 582 78 597 616 146 599 564 115 634 328 529 845 98 604 534 592 724 626 873 148 888 462 419 746 677 132 777
524 379 346 399 124 215 728 271 391 407 393 667 561 87 396 218 550 0 384 494 533 368 481 90 490 381 112 379 251 109 247 339 258 338 562 220 372 449 251 320 641 390 257 326 362 623 360 66 124 479 382 390 673 405 121 161 501 432 658 489
243 347 252 118 477 196 447 349 520 126 522 745 287 389 525 429 628 384 0 212 612 181 200 391 209 509 414 507 329 320 326 388 263 151 640 284 54 527 261 96 719 40 335 233 491 702 68 367 425 198 58 519 751 534 332 321 220 151 736 251
167 190 362 186 485 306 269 459 363 120 365 855 130 499 367 539 738 494 212 0 721 290 124 501 133 352 509 350 439 430 435 231 373 260 750 393 200 637 371 206 829 218 445 342 334 811 188 477 493 122 210 362 861 377 442 431 144 220 846 94
752 845 532 627 584 518 956 293 857 635 859 174 796 538 862 455 57 533 612 721 0 596 709 541 718 847 563 845 324 450 328 805 584 565 69 580 599 129 582 547 147 617 312 512 828 130 587 517 575 707 609 856 180 871 445 402 729 660 165 760
321 425 236 196 461 180 525 333 550 204 553 729 365 373 555 413 612 368 181 290 596 0 278 375 287 540 398 538 313 304 310 466 247 50 624 268 169 511 245 117 703 186 319 217 521 686 156 351 409 276 178 549 735 565 316 305 298 229 720 329
155 258 349 174 553 293 359 447 431 107 434 842 199 486 436 526 726 481 200 124 709 278 0 489 120 421 511 419 426 417 423 299 360 248 737 381 188 625 358 194 816 206 432 330 402 799 176 465 522 56 198 430 849 446 429 418 93 207 833 163
532 370 353 406 115 223 719 279 382 415 384 674 552 95 387 226 558 90 391 501 541 375 489 0 498 372 120 370 259 117 255 331 265 345 569 227 379 457 259 327 648 397 264 334 353 631 367 73 123 487 389 381 681 396 129 169 509 440 665 480
56 267 358 183 563 302 368 456 440 117 443 851 208 495 445 535 735 490 209 133 718 287 120 498 0 430 520 428 435 427 432 308 369 257 746 390 197 634 367 203 825 215 441 339 411 808 185 474 531 119 207 439 858 455 438 427 141 216 842 172
464 198 518 483 332 388 546 585 46 417 38 980 380 376 41 531 864 381 509 352 847 540 421 372 430 0 355 24 564 423 561 158 380 510 875 342 497 762 374 492 954 515 570 499 60 937 485 397 339 419 507 35 986 88 434 475 441 517 971 308
554 354 376 429 99 245 703 301 366 437 368 697 536 117 370 248 580 112 414 509 563 398 511 120 520 355 0 353 281 139 277 314 288 368 592 250 402 479 281 350 671 419 287 356 337 653 390 96 106 509 411 365 703 380 151 191 531 462 688 464
462 195 516 481 329 386 544 583 35 415 27 978 377 374 30 529 861 379 507 350 845 538 419 370 428 24 353 0 562 420 559 156 378 508 873 340 495 760 372 490 952 513 568 497 58 935 483 395 337 417 505 24 984 86 432 473 439 515 969 306
470 563 249 344 344 235 674 62 575 353 577 457 514 256 579 296 341 251 329 439 324 313 426 259 435 564 281 562 0 168 46 523 302 283 352 298 317 240 300 265 431 335 47 230 546 414 305 234 292 425 327 574 464 589 199 120 447 378 448 478
461 421 282 335 202 152 665 188 433 344 435 584 505 114 438 154 467 109 320 430 450 304 417 117 427 423 139 420 168 0 164 381 194 274 479 156 308 366 188 256 558 326 174 263 404 540 296 93 151 416 318 432 590 447 57 79 438 369 575 469
466 559 246 341 341 232 670 66 571 349 573 461 510 252 576 293 345 247 326 435 328 310 423 255 432 561 277 559 46 164 0 520 298 279 356 294 313 244 296 261 435 331 51 226 542 418 301 231 289 421 323 570 468 585 196 117 443 374 452 474
342 152 477 361 290 347 425 543 168 295 170 939 258 334 173 490 822 339 388 231 805 466 299 331 308 158 314 156 523 381 520 0 339 436 834 301 375 721 333 381 913 393 529 458 139 895 363 356 298 298 385 167 945 182 393 434 319 395 930 186
403 379 225 278 351 95 607 322 390 286 393 718 448 263 395 303 601 258 263 373 584 247 360 265 369 380 288 378 302 194 298 339 0 217 613 65 251 500 42 199 692 269 308 206 362 674 239 241 299 359 261 389 724 405 206 246 380 312 709 412
291 395 206 166 431 150 495 303 520 174 523 699 335 343 525 383 582 338 151 260 565 50 248 345 257 510 368 508 283 274 279 436 217 0 594 238 138 481 215 86 673 156 289 187 491 655 126 321 379 246 148 519 705 535 286 275 268 199 690 299
781 874 560 655 612 546 985 321 885 664 888 155 825 567 890 483 78 562 640 750 69 624 737 569 746 875 592 873 352 479 356 834 613 594 0 609 628 158 611 576 129 646 340 541 856 112 616 545 603 736 638 884 162 900 474 431 758 689 146 789
424 341 246 299 313 115 628 318 352 307 355 714 468 225 357 265 597 220 284 393 580 268 381 227 390 342 250 340 298 156 294 301 65 238 609 0 272 496 58 220 687 289 304 226 323 670 260 203 261 379 281 351 720 367 168 208 401 332 705 432
231 334 240 105 465 184 435 337 507 114 510 733 275 377 512 417 616 372 54 200 599 169 188 379 197 497 402 495 317 308 313 375 251 138 628 272 0 515 249 84 707 48 323 221 479 689 66 355 413 186 66 506 739 522 320 309 208 139 724 239
668 761 447 542 500 433 872 208 773 551 775 263 712 454 778 371 146 449 527 637 129 511 625 457 634 762 479 760 240 366 244 721 500 481 158 496 515 0 498 463 237 533 227 428 744 219 503 433 491 623 525 772 269 787 361 318 645 576 254 676
401 372 223 276 345 92 605 320 384 284 386 716 445 256 389 297 599 251 261 371 582 245 358 259 367 374 281 372 300 188 296 333 42 215 611 58 249 498 0 197 690 267 306 203 355 672 237 235 293 356 259 383 722 399 200 240 378 309 707 410
237 340 188 111 413 132 441 285 502 120 505 681 281 325 507 365 564 320 96 206 547 117 194 327 203 492 350 490 265 256 261 381 199 86 576 220 84 463 197 0 655 102 271 169 473 637 72 303 361 192 94 501 687 517 268 257 214 145 672 245
859 953 639 734 691 625 1063 400 964 742 967 54 903 646 969 562 115 641 719 829 147 703 816 648 825 954 671 952 431 558 435 913 692 673 129 687 707 237 690 655 0 725 419 620 935 149 695 624 682 814 717 963 105 979 553 510 836 767 48 868
249 352 258 123 483 202 453 355 525 132 528 751 293 395 530 435 634 390 40 218 617 186 206 397 215 515 419 513 335 326 331 393 269 156 646 289 48 533 267 102 725 0 341 238 496 707 62 373 431 204 52 524 757 540 338 327 226 157 742 257
476 569 255 350 350 241 680 67 580 359 583 445 520 262 585 302 328 257 335 445 312 319 432 264 441 570 287 568 47 174 51 529 308 289 340 304 323 227 306 271 419 341 0 236 551 402 311 240 298 431 333 579 451 595 205 126 453 384 436 484
373 477 43 248 420 139 577 250 509 256 511 646 417 331 514 372 529 326 233 342 512 217 330 334 339 499 356 497 230 263 226 458 206 187 541 226 221 428 203 169 620 238 236 0 480 602 208 310 368 328 230 508 652 524 275 222 350 281 637 381
446 179 499 465 313 369 528 566 71 398 73 961 361 357 76 513 845 362 491 334 828 521 402 353 411 60 337 58 546 404 542 139 362 491 856 323 479 744 355 473 935 496 551 480 0 918 467 379 320 401 488 70 968 85 416 456 423 498 953 289
842 935 622 717 674 608 1046 383 947 725 949 175 886 628 952 545 98 623 702 811 130 686 799 631 808 937 653 935 414 540 418 895 674 655 112 670 689 219 672 637 149 707 402 602 918 0 677 607 665 797 699 946 182 961 535 492 819 750 167 850
219 322 228 93 453 172 423 325 495 102 498 721 263 365 500 405 604 360 68 188 587 156 176 367 185 485 390 483 305 296 301 363 239 126 616 260 66 503 237 72 695 62 311 208 467 677 0 343 401 174 76 494 727 510 308 297 196 127 712 227
508 396 329 382 141 199 712 255 407 391 410 650 552 71 412 201 534 66 367 477 517 351 465 73 474 397 96 395 234 93 231 356 241 321 545 203 355 433 235 303 624 373 240 310 379 607 343 0 107 463 365 406 657 422 104 145 485 416 641 506
566 338 387 440 83 257 687 313 349 449 352 708 520 127 354 259 592 124 425 493 575 409 522 123 531 339 106 337 292 151 289 298 299 379 603 261 413 491 293 361 682 431 298 368 320 665 401 107 0 521 423 348 714 364 162 203 543 474 699 448
153 257 348 172 552 292 357 445 430 106 432 841 197 484 434 525 724 479 198 122 707 276 56 487 119 419 509 417 425 416 421 298 359 246 736 379 186 623 356 192 814 204 431 328 401 797 174 463 521 0 196 429 847 444 428 417 62 206 832 161
241 344 250 115 475 194 445 347 517 124 520 743 285 387 522 427 626 382 58 210 609 178 198 389 207 507 411 505 327 318 323 385 261 148 638 281 66 525 259 94 717 52 333 230 488 699 76 365 423 196 0 516 749 532 330 319 218 149 734 249
473 207 527 492 341 397 556 594 46 426 38 989 389 385 41 540 873 390 519 362 856 549 430 381 439 35 365 24 574 432 570 167 389 519 884 351 506 772 383 501 963 524 579 508 70 946 494 406 348 429 516 0 996 97 444 484 450 526 980 317
892 985 671 766 724 657 1096 432 997 775 999 132 936 678 1002 595 148 673 751 861 180 735 849 681 858 986 703 984 464 590 468 945 724 705 162 720 739 269 722 687 105 757 451 652 968 182 727 657 714 847 749 996 0 1011 585 542 869 800 123 900
489 222 543 508 356 413 571 609 98 442 101 1005 404 400 103 556 888 405 534 377 871 565 446 396 455 88 380 86 589 447 585 182 405 535 900 367 522 787 399 517 979 540 595 524 85 961 510 422 364 444 532 97 1011 0 459 500 466 542 996 332
473 433 294 347 214 164 677 219 445 356 447 579 517 126 449 126 462 121 332 442 445 316 429 129 438 434 151 432 199 57 196 393 206 286 474 168 320 361 200 268 553 338 205 275 416 535 308 104 162 428 330 444 585 459 0 110 450 381 570 481
461 473 241 336 255 204 665 140 485 344 487 536 506 167 490 207 419 161 321 431 402 305 418 169 427 475 191 473 120 79 117 434 246 275 431 208 309 318 240 257 510 327 126 222 456 492 297 145 203 417 319 484 542 500 110 0 438 369 527 470
175 278 369 194 574 314 379 467 451 128 454 863 219 506 456 546 746 501 220 144 729 298 93 509 141 441 531 439 447 438 443 319 380 268 758 401 208 645 378 214 836 226 453 350 423 819 196 485 543 62 218 450 869 466 450 438 0 228 854 183
251 354 301 54 526 245 455 398 527 134 529 794 295 437 532 478 677 432 151 220 660 229 207 440 216 517 462 515 378 369 374 395 312 199 689 332 139 576 309 145 767 157 384 281 498 750 127 416 474 206 149 526 800 542 381 369 228 0 785 259
877 970 656 751 709 642 1081 417 981 760 984 51 921 663 986 579 132 658 736 846 165 720 833 665 842 971 688 969 448 575 452 930 709 690 146 705 724 254 707 672 48 742 436 637 953 167 712 641 699 832 734 980 123 996 570 527 854 785 0 885
206 145 401 225 440 345 329 498 318 159 320 894 122 484 323 578 777 489 251 94 760 329 163 480 172 308 464 306 478 469 474 186 412 299 789 432 239 676 410 245 868 257 484 381 289 850 227 506 448 161 249 317 900 332 481 470 183 259 885 0
EOF