NAME : tsp_problem
TYPE : TSP
DIMENSION : 80
EDGE_WEIGHT_TYPE : EXPLICIT
EDGE_WEIGHT_FORMAT : FULL_MATRIX
EDGE_WEIGHT_SECTION
0 701 401 599 180 96 622 96 798 572 151 784 614 549 160 156 587 507 438 54 655 203 455 481 856 738 501 755 447 734 873 609 525 630 453 539 636 401 559 312 841 622 452 453 919 585 586 735 508 750 646 565 548 414 105 638 642 712 615 472 605 769 66 878 100 163 465 38 96 633 847 57 561 390 564 502 211 741 659 503
701 0 471 345 858 648 244 773 456 429 828 271 142 190 837 833 334 356 449 692 141 880 282 390 384 224 388 242 403 221 532 496 241 117 310 296 164 345 416 423 400 510 408 420 405 208 301 482 266 237 174 452 436 325 782 261 170 199 143 395 351 255 694 537 777 688 270 715 773 255 505 705 319 349 421 260 736 228 62 459
401 471 0 236 557 347 392 473 435 410 528 553 383 319 537 533 224 144 71 392 424 580 293 114 493 507 138 525 180 504 510 246 261 400 291 350 405 239 397 250 478 259 194 86 688 355 267 372 320 520 416 202 185 251 482 408 412 482 385 104 242 538 393 515 477 387 302 415 473 403 484 405 373 231 402 314 435 511 429 246
599 345 236 0 755 545 266 671 221 358 726 404 258 193 735 731 49 121 214 589 299 778 210 155 280 382 153 400 196 378 297 261 135 275 239 225 280 254 345 321 265 274 210 185 563 230 107 159 194 394 291 217 201 253 680 283 287 357 259 160 66 413 591 302 675 585 199 613 671 278 271 603 247 246 349 188 633 385 303 261
180 858 557 755 0 253 778 114 954 729 195 940 770 706 203 63 744 664 594 191 811 83 612 638 1013 894 657 912 604 891 1029 765 682 787 610 695 792 557 716 469 998 779 609 609 1075 742 742 892 665 906 803 721 705 570 148 795 799 869 772 628 761 925 203 1035 143 319 621 175 233 790 1003 194 718 546 720 659 367 897 816 660
96 648 347 545 253 0 568 168 744 519 223 730 560 496 232 228 534 454 384 87 601 275 402 428 803 684 447 702 394 681 819 555 472 577 400 485 582 347 506 259 788 569 399 399 865 532 532 682 455 696 593 511 495 360 177 585 589 659 562 418 551 715 89 825 172 109 411 110 168 580 793 100 508 336 510 449 157 687 606 450
622 244 392 266 778 568 0 694 465 350 749 327 156 110 757 753 254 277 370 612 197 801 202 310 440 280 309 298 323 277 540 417 161 173 231 217 178 266 336 344 456 430 328 341 461 56 222 402 186 293 189 373 356 245 703 32 185 255 158 316 272 311 614 545 697 608 191 636 694 35 514 626 239 269 341 180 656 284 202 380
96 773 473 671 114 168 694 0 869 644 110 856 686 621 118 89 659 579 510 106 726 137 527 553 928 809 573 827 519 806 945 681 597 702 525 610 707 473 631 384 913 694 524 525 990 657 657 807 580 822 718 636 620 486 64 710 714 784 687 544 677 840 118 950 58 235 536 91 148 705 919 110 633 461 636 574 283 813 731 575
798 456 435 221 954 744 465 869 0 556 925 231 410 392 933 929 234 320 413 788 382 977 409 353 107 348 352 366 394 345 101 250 334 371 437 423 432 453 543 519 92 244 408 384 448 428 305 118 393 360 442 300 321 452 879 481 438 323 411 359 216 298 790 106 873 784 398 812 870 476 74 801 446 445 548 387 832 351 414 460
572 429 410 358 729 519 350 644 556 0 700 512 341 277 708 704 346 334 388 563 382 751 183 329 615 465 327 483 274 462 632 436 253 358 155 266 363 216 60 294 600 449 279 359 646 313 313 494 236 478 374 391 375 196 653 366 370 440 343 334 364 496 565 637 648 559 192 587 644 361 606 576 289 220 30 230 607 469 387 330
151 828 528 726 195 223 749 110 925 700 0 911 741 676 42 170 714 634 565 161 782 217 582 608 984 865 628 883 574 861 1000 736 652 758 580 666 763 528 686 439 969 749 579 580 1046 713 713 862 635 877 774 692 675 541 73 766 770 839 742 599 732 896 173 1005 91 290 592 146 204 760 974 165 688 517 691 629 338 868 786 631
784 271 553 404 940 730 327 856 231 512 911 0 224 272 919 915 416 439 531 774 197 963 364 472 159 162 471 180 485 159 307 433 323 185 392 379 246 428 498 506 175 427 490 503 262 290 384 301 348 175 257 483 504 407 865 343 253 137 226 478 399 112 776 312 859 770 353 798 856 338 280 787 401 431 503 342 818 166 229 541
614 142 383 258 770 560 156 686 410 341 741 224 0 102 749 745 246 269 361 604 95 793 194 302 338 178 301 196 315 175 485 409 153 71 222 208 76 258 328 336 353 422 320 333 359 120 214 394 178 190 72 365 348 237 695 173 83 153 56 308 264 209 606 490 689 600 183 628 686 168 459 617 231 261 333 172 648 182 100 371
549 190 319 193 706 496 110 621 392 277 676 272 102 0 685 681 182 204 297 540 143 728 130 238 386 226 236 244 251 223 468 344 89 119 158 144 124 193 264 271 401 358 256 268 407 74 149 330 114 238 135 300 284 173 630 127 131 201 104 243 199 257 542 473 625 536 118 563 621 122 441 553 167 197 269 108 584 229 148 307
160 837 537 735 203 232 757 118 933 708 42 919 749 685 0 178 723 643 573 170 790 226 591 617 992 873 636 891 583 870 1009 745 661 766 589 674 771 537 695 448 977 758 588 589 1054 721 721 871 644 885 782 700 684 549 81 774 778 848 751 607 740 904 182 1014 99 299 600 154 212 769 982 173 697 525 700 638 347 877 795 639
156 833 533 731 63 228 753 89 929 704 170 915 745 681 178 0 719 639 570 166 786 86 587 613 988 869 632 887 579 866 1005 741 657 762 585 670 767 533 691 444 973 754 584 585 1050 717 717 867 640 882 778 696 680 545 124 770 774 844 747 603 736 900 178 1010 118 295 596 150 208 765 978 169 693 521 696 634 343 873 791 635
587 334 224 49 744 534 254 659 234 346 714 416 246 182 723 719 0 110 202 578 287 766 199 143 292 370 142 388 184 367 309 250 123 263 227 213 268 242 333 309 277 263 198 174 551 218 95 171 183 383 279 205 189 242 668 271 275 345 248 149 55 401 580 314 663 574 188 601 659 266 283 591 236 235 338 177 622 374 292 249
507 356 144 121 664 454 277 579 320 334 634 439 269 204 643 639 110 0 122 498 310 686 217 63 379 393 61 411 104 389 395 170 146 286 215 236 291 162 320 229 364 183 118 93 574 241 152 257 205 405 302 125 109 175 588 294 298 367 270 68 127 424 500 400 583 493 210 521 579 288 369 511 258 155 325 199 542 396 314 169
438 449 71 214 594 384 370 510 413 388 565 531 361 297 573 570 202 122 0 428 402 617 271 92 471 485 116 503 158 482 488 224 239 378 269 328 383 217 375 283 456 237 172 64 666 333 245 350 298 498 394 180 163 229 519 386 390 460 363 82 220 516 430 493 513 424 280 452 510 381 462 442 351 209 380 292 472 489 407 224
54 692 392 589 191 87 612 106 788 563 161 774 604 540 170 166 578 498 428 0 645 213 446 472 847 728 491 746 438 725 864 600 516 621 444 529 626 392 550 303 832 613 443 443 909 576 576 726 499 740 637 555 539 404 115 629 633 703 606 462 595 759 71 869 110 153 455 48 106 624 837 67 552 380 554 493 202 732 650 494
655 141 424 299 811 601 197 726 382 382 782 197 95 143 790 786 287 310 402 645 0 834 235 343 311 151 342 169 356 147 458 450 194 71 263 249 117 298 369 377 326 463 361 374 332 161 254 435 219 163 128 406 389 278 736 214 124 125 97 349 305 182 647 463 730 641 224 669 727 209 432 658 272 302 374 213 689 154 99 412
203 880 580 778 83 275 801 137 977 751 217 963 793 728 226 86 766 686 617 213 834 0 634 660 1036 917 680 935 626 913 1052 788 704 810 632 718 815 580 738 491 1021 801 631 632 1098 765 765 914 687 929 826 744 727 593 171 818 822 891 794 651 784 948 225 1057 166 342 644 198 256 812 1026 217 740 569 743 681 390 920 838 683
455 282 293 210 612 402 202 527 409 183 582 364 194 130 591 587 199 217 271 446 235 634 0 212 468 318 210 336 157 315 485 318 106 211 64 119 216 99 170 177 453 331 162 242 499 166 166 347 89 330 227 274 258 79 536 219 223 293 196 217 216 349 448 490 531 442 45 469 527 214 458 459 142 103 175 83 490 322 240 213
481 390 114 155 638 428 310 553 353 329 608 472 302 238 617 613 143 63 92 472 343 660 212 0 412 426 57 444 99 423 429 165 179 319 210 269 324 157 316 224 397 178 113 89 607 274 186 291 239 438 335 120 104 170 562 327 331 401 304 64 160 457 474 434 557 468 221 496 553 322 402 485 292 150 320 233 516 430 348 164
856 384 493 280 1013 803 440 928 107 615 984 159 338 386 992 988 292 379 471 847 311 1036 468 412 0 276 411 294 453 273 182 309 393 299 496 482 360 512 602 578 151 303 467 443 376 404 364 177 452 289 371 359 380 511 937 457 367 251 339 418 275 226 849 187 932 843 457 871 928 452 156 860 505 504 607 446 891 280 342 519
738 224 507 382 894 684 280 809 348 465 865 162 178 226 873 869 370 393 485 728 151 917 318 426 276 0 425 95 439 58 423 533 277 139 346 332 200 381 452 459 292 544 444 457 297 244 337 418 302 74 211 488 472 361 818 297 207 91 180 432 388 147 730 428 813 724 307 752 809 292 397 741 355 385 457 296 772 65 182 495
501 388 138 153 657 447 309 573 352 327 628 471 301 236 636 632 142 61 116 491 342 680 210 57 411 425 0 443 98 421 427 133 178 318 208 268 323 156 314 223 396 146 112 87 606 273 184 276 237 437 334 88 72 169 582 326 329 399 302 62 159 456 493 432 576 487 220 515 573 320 401 505 290 148 319 231 535 428 346 163
755 242 525 400 912 702 298 827 366 483 883 180 196 244 891 887 388 411 503 746 169 935 336 444 294 95 443 0 457 63 441 551 295 157 364 350 218 399 470 477 309 562 462 475 315 262 355 435 320 79 229 506 490 379 836 315 225 109 197 450 406 165 748 446 831 742 325 770 827 310 415 759 373 403 475 314 790 70 200 513
447 403 180 196 604 394 323 519 394 274 574 485 315 251 583 579 184 104 158 438 356 626 157 99 453 439 98 457 0 436 470 206 220 332 155 240 337 102 261 169 438 219 58 130 620 287 227 332 210 451 348 162 145 115 528 340 344 414 317 105 202 470 440 475 523 434 166 461 519 335 444 451 263 95 265 204 482 442 361 109
734 221 504 378 891 681 277 806 345 462 861 159 175 223 870 866 367 389 482 725 147 913 315 423 273 58 421 63 436 0 420 529 274 135 343 329 197 378 449 456 288 541 441 453 294 241 334 414 299 39 207 485 469 358 815 294 203 88 176 428 384 144 727 425 810 721 303 748 806 288 394 738 352 382 454 293 769 30 179 492
873 532 510 297 1029 819 540 945 101 632 1000 307 485 468 1009 1005 309 395 488 864 458 1052 485 429 182 423 427 441 470 420 0 326 409 446 513 499 507 528 619 595 167 320 484 459 523 504 381 193 469 436 518 376 397 527 954 557 514 398 487 434 292 373 866 44 949 859 473 887 945 552 53 877 521 521 623 463 908 427 489 535
609 496 246 261 765 555 417 681 250 436 736 433 409 344 745 741 250 170 224 600 450 788 318 165 309 533 133 551 206 529 326 0 286 426 317 376 431 264 422 331 294 57 220 195 650 381 293 168 346 545 442 113 120 277 690 434 438 508 410 170 267 500 602 331 685 595 328 623 681 429 299 613 398 257 427 339 644 536 454 271
525 241 261 135 682 472 161 597 334 253 652 323 153 89 661 657 123 146 239 516 194 704 106 179 393 277 178 295 220 274 409 286 0 170 134 120 175 169 240 247 378 299 231 210 458 125 91 271 90 289 186 242 225 148 606 178 182 252 154 185 141 308 518 414 601 511 94 539 597 173 383 529 142 173 244 84 560 280 198 283
630 117 400 275 787 577 173 702 371 358 758 185 71 119 766 762 263 286 378 621 71 810 211 319 299 139 318 157 332 135 446 426 170 0 239 225 93 274 345 352 314 439 337 350 320 137 230 411 195 151 104 381 365 254 711 190 100 114 72 324 280 170 623 451 706 617 200 645 702 185 420 634 248 278 350 189 665 142 75 388
453 310 291 239 610 400 231 525 437 155 580 392 222 158 589 585 227 215 269 444 263 632 64 210 496 346 208 364 155 343 513 317 134 239 0 147 244 97 142 175 481 330 160 240 527 194 194 375 117 359 255 272 256 77 534 247 251 321 224 215 245 377 446 518 529 440 73 468 525 242 487 457 170 101 146 111 488 350 268 211
539 296 350 225 695 485 217 610 423 266 666 379 208 144 674 670 213 236 328 529 249 718 119 269 482 332 268 350 240 329 499 376 120 225 147 0 230 182 253 260 467 389 245 300 513 180 180 361 55 345 241 331 315 162 620 233 237 307 210 275 231 363 531 504 614 525 108 553 611 228 473 542 49 186 258 61 573 336 254 296
636 164 405 280 792 582 178 707 432 363 763 246 76 124 771 767 268 291 383 626 117 815 216 324 360 200 323 218 337 197 507 431 175 93 244 230 0 279 350 358 375 444 342 355 381 142 235 416 200 212 62 387 370 259 717 195 76 175 78 330 286 231 628 512 711 622 205 650 708 190 481 639 253 283 355 194 670 203 122 393
401 345 239 254 557 347 266 473 453 216 528 428 258 193 537 533 242 162 217 392 298 580 99 157 512 381 156 399 102 378 528 264 169 274 97 182 279 0 203 123 497 277 107 188 562 229 229 390 152 394 290 220 204 69 482 282 286 356 259 163 260 412 394 533 477 387 108 415 473 277 502 405 205 49 208 146 436 385 303 159
559 416 397 345 716 506 336 631 543 60 686 498 328 264 695 691 333 320 375 550 369 738 170 316 602 452 314 470 261 449 619 422 240 345 142 253 350 203 0 281 587 435 266 346 633 300 300 481 223 465 361 378 362 183 640 353 357 427 330 321 350 483 552 624 635 546 179 573 631 348 592 563 276 207 49 217 594 456 374 317
312 423 250 321 469 259 344 384 519 294 439 506 336 271 448 444 309 229 283 303 377 491 177 224 578 459 223 477 169 456 595 331 247 352 175 260 358 123 281 0 563 344 174 255 640 307 307 457 230 472 368 287 270 136 393 360 364 434 337 230 327 490 305 600 388 299 186 326 384 355 569 316 283 112 286 224 347 463 381 225
841 400 478 265 998 788 456 913 92 600 969 175 353 401 977 973 277 364 456 832 326 1021 453 397 151 292 396 309 438 288 167 294 378 314 481 467 375 497 587 563 0 288 452 428 391 419 349 162 437 304 386 344 365 496 922 472 382 266 355 403 260 241 834 172 917 828 442 856 913 467 141 845 490 489 592 431 876 295 358 504
622 510 259 274 779 569 430 694 244 449 749 427 422 358 758 754 263 183 237 613 463 801 331 178 303 544 146 562 219 541 320 57 299 439 330 389 444 277 435 344 288 0 233 208 644 394 306 162 359 556 455 107 128 290 703 447 451 519 424 183 280 494 615 325 698 608 341 636 694 442 293 626 411 270 440 353 657 547 467 284
452 408 194 210 609 399 328 524 408 279 579 490 320 256 588 584 198 118 172 443 361 631 162 113 467 444 112 462 58 441 484 220 231 337 160 245 342 107 266 174 452 233 0 144 625 292 241 346 215 456 353 175 159 120 533 345 349 419 321 119 216 475 445 489 528 438 171 466 524 340 458 456 268 100 270 209 487 447 365 89
453 420 86 185 609 399 341 525 384 359 580 503 333 268 589 585 174 93 64 443 374 632 242 89 443 457 87 475 130 453 459 195 210 350 240 300 355 188 346 255 428 208 144 0 638 305 216 321 269 469 366 151 135 201 534 358 362 431 334 94 191 488 445 464 529 439 252 467 525 352 433 457 322 180 351 263 487 460 378 195
919 405 688 563 1075 865 461 990 448 646 1046 262 359 407 1054 1050 551 574 666 909 332 1098 499 607 376 297 606 315 620 294 523 650 458 320 527 513 381 562 633 640 391 644 625 638 0 425 518 518 483 310 392 669 653 542 999 478 388 272 361 613 569 186 911 528 994 905 488 933 991 473 497 922 536 566 638 477 953 301 363 676
585 208 355 230 742 532 56 657 428 313 713 290 120 74 721 717 218 241 333 576 161 765 166 274 404 244 273 262 287 241 504 381 125 137 194 180 142 229 300 307 419 394 292 305 425 0 185 366 150 256 153 336 320 209 666 73 149 219 122 280 236 275 578 509 661 572 155 600 657 68 478 589 203 233 305 144 620 247 166 343
586 301 267 107 742 532 222 657 305 313 713 384 214 149 721 717 95 152 245 576 254 765 166 186 364 337 184 355 227 334 381 293 91 230 194 180 235 229 300 307 349 306 241 216 518 185 0 243 150 350 246 248 232 209 667 238 242 312 215 191 113 368 578 386 661 572 155 600 658 233 355 589 203 233 305 144 620 341 259 292
735 482 372 159 892 682 402 807 118 494 862 301 394 330 871 867 171 257 350 726 435 914 347 291 177 418 276 435 332 414 193 168 271 411 375 361 416 390 481 457 162 162 346 321 518 366 243 0 331 430 427 218 239 390 816 419 423 392 396 296 154 368 728 198 811 721 335 749 807 414 167 739 384 383 486 325 770 421 440 397
508 266 320 194 665 455 186 580 393 236 635 348 178 114 644 640 183 205 298 499 219 687 89 239 452 302 237 320 210 299 469 346 90 195 117 55 200 152 223 230 437 359 215 269 483 150 150 331 0 314 211 301 285 132 589 203 207 277 180 244 200 333 501 474 584 495 78 523 580 198 442 512 77 156 228 67 543 306 224 266
750 237 520 394 906 696 293 822 360 478 877 175 190 238 885 882 383 405 498 740 163 929 330 438 289 74 437 79 451 39 436 545 289 151 359 345 212 394 465 472 304 556 456 469 310 256 350 430 314 0 223 501 485 373 831 309 219 103 192 444 400 160 742 441 826 736 319 764 822 304 409 754 367 397 469 308 784 46 195 508
646 174 416 291 803 593 189 718 442 374 774 257 72 135 782 778 279 302 394 637 128 826 227 335 371 211 334 229 348 207 518 442 186 104 255 241 62 290 361 368 386 455 353 366 392 153 246 427 211 223 0 397 381 270 727 206 68 186 70 340 296 242 639 523 722 633 216 661 718 201 492 650 264 294 366 205 681 214 132 404
565 452 202 217 721 511 373 636 300 391 692 483 365 300 700 696 205 125 180 555 406 744 274 120 359 488 88 506 162 485 376 113 242 381 272 331 387 220 378 287 344 107 175 151 669 336 248 218 301 501 397 0 76 233 646 389 393 463 366 126 223 520 557 381 640 551 283 579 637 384 349 568 354 212 383 295 599 492 410 227
548 436 185 201 705 495 356 620 321 375 675 504 348 284 684 680 189 109 163 539 389 727 258 104 380 472 72 490 145 469 397 120 225 365 256 315 370 204 362 270 365 128 159 135 653 320 232 239 285 485 381 76 0 216 629 373 377 447 350 110 207 503 541 402 624 535 267 563 620 368 370 552 338 196 366 279 583 476 394 210
414 325 251 253 570 360 245 486 452 196 541 407 237 173 549 545 242 175 229 404 278 593 79 170 511 361 169 379 115 358 527 277 148 254 77 162 259 69 183 136 496 290 120 201 542 209 209 390 132 373 270 233 216 0 495 262 266 336 239 176 259 392 406 533 489 400 88 428 486 257 501 418 185 61 187 126 448 364 282 172
105 782 482 680 148 177 703 64 879 653 73 865 695 630 81 124 668 588 519 115 736 171 536 562 937 818 582 836 528 815 954 690 606 711 534 620 717 482 640 393 922 703 533 534 999 666 667 816 589 831 727 646 629 495 0 719 723 793 696 553 686 850 127 959 50 244 545 100 158 714 928 119 642 471 645 583 292 822 740 584
638 261 408 283 795 585 32 710 481 366 766 343 173 127 774 770 271 294 386 629 214 818 219 327 457 297 326 315 340 294 557 434 178 190 247 233 195 282 353 360 472 447 345 358 478 73 238 419 203 309 206 389 373 262 719 0 202 272 175 333 289 328 631 562 714 625 208 653 710 20 531 642 256 286 358 197 673 300 219 396
642 170 412 287 799 589 185 714 438 370 770 253 83 131 778 774 275 298 390 633 124 822 223 331 367 207 329 225 344 203 514 438 182 100 251 237 76 286 357 364 382 451 349 362 388 149 242 423 207 219 68 393 377 266 723 202 0 182 84 336 292 238 635 519 718 629 212 657 714 197 488 646 260 290 362 201 677 210 128 400
712 199 482 357 869 659 255 784 323 440 839 137 153 201 848 844 345 367 460 703 125 891 293 401 251 91 399 109 414 88 398 508 252 114 321 307 175 356 427 434 266 519 419 431 272 219 312 392 277 103 186 463 447 336 793 272 182 0 154 406 362 122 705 403 788 699 281 726 784 267 372 716 330 360 432 271 747 94 157 470
615 143 385 259 772 562 158 687 411 343 742 226 56 104 751 747 248 270 363 606 97 794 196 304 339 180 302 197 317 176 487 410 154 72 224 210 78 259 330 337 355 424 321 334 361 122 215 396 180 192 70 366 350 239 696 175 84 154 0 309 265 211 608 492 691 602 184 629 687 169 460 619 233 263 334 174 650 183 101 373
472 395 104 160 628 418 316 544 359 334 599 478 308 243 607 603 149 68 82 462 349 651 217 64 418 432 62 450 105 428 434 170 185 324 215 275 330 163 321 230 403 183 119 94 613 280 191 296 244 444 340 126 110 176 553 333 336 406 309 0 166 463 464 439 547 458 227 486 544 327 408 476 297 155 326 238 506 435 353 170
605 351 242 66 761 551 272 677 216 364 732 399 264 199 740 736 55 127 220 595 305 784 216 160 275 388 159 406 202 384 292 267 141 280 245 231 286 260 350 327 260 280 216 191 569 236 113 154 200 400 296 223 207 259 686 289 292 362 265 166 0 419 597 297 680 591 205 619 677 283 265 608 253 252 355 194 639 391 309 267
769 255 538 413 925 715 311 840 298 496 896 112 209 257 904 900 401 424 516 759 182 948 349 457 226 147 456 165 470 144 373 500 308 170 377 363 231 412 483 490 241 494 475 488 186 275 368 368 333 160 242 520 503 392 850 328 238 122 211 463 419 0 761 378 844 755 338 783 841 323 347 772 386 416 488 327 803 151 213 526
66 694 393 591 203 89 614 118 790 565 173 776 606 542 182 178 580 500 430 71 647 225 448 474 849 730 493 748 440 727 866 602 518 623 446 531 628 394 552 305 834 615 445 445 911 578 578 728 501 742 639 557 541 406 127 631 635 705 608 464 597 761 0 871 122 155 457 60 118 626 839 79 554 382 556 495 204 734 652 496
878 537 515 302 1035 825 545 950 106 637 1005 312 490 473 1014 1010 314 400 493 869 463 1057 490 434 187 428 432 446 475 425 44 331 414 451 518 504 512 533 624 600 172 325 489 464 528 509 386 198 474 441 523 381 402 533 959 562 519 403 492 439 297 378 871 0 954 864 478 892 950 557 58 882 527 526 629 468 913 432 495 540
100 777 477 675 143 172 697 58 873 648 91 859 689 625 99 118 663 583 513 110 730 166 531 557 932 813 576 831 523 810 949 685 601 706 529 614 711 477 635 388 917 698 528 529 994 661 661 811 584 826 722 640 624 489 50 714 718 788 691 547 680 844 122 954 0 239 540 94 152 709 922 113 637 465 640 578 287 817 735 579
163 688 387 585 319 109 608 235 784 559 290 770 600 536 299 295 574 493 424 153 641 342 442 468 843 724 487 742 434 721 859 595 511 617 440 525 622 387 546 299 828 608 438 439 905 572 572 721 495 736 633 551 535 400 244 625 629 699 602 458 591 755 155 864 239 0 451 177 235 620 833 167 548 376 550 489 197 727 645 490
465 270 302 199 621 411 191 536 398 192 592 353 183 118 600 596 188 210 280 455 224 644 45 221 457 307 220 325 166 303 473 328 94 200 73 108 205 108 179 186 442 341 171 252 488 155 155 335 78 319 216 283 267 88 545 208 212 281 184 227 205 338 457 478 540 451 0 479 537 203 447 468 130 112 184 71 499 310 228 222
38 715 415 613 175 110 636 91 812 587 146 798 628 563 154 150 601 521 452 48 669 198 469 496 871 752 515 770 461 748 887 623 539 645 468 553 650 415 573 326 856 636 466 467 933 600 600 749 523 764 661 579 563 428 100 653 657 726 629 486 619 783 60 892 94 177 479 0 74 648 861 52 575 404 578 516 225 755 673 518
96 773 473 671 233 168 694 148 870 644 204 856 686 621 212 208 659 579 510 106 727 256 527 553 928 809 573 827 519 806 945 681 597 702 525 611 708 473 631 384 913 694 524 525 991 657 658 807 580 822 718 637 620 486 158 710 714 784 687 544 677 841 118 950 152 235 537 74 0 705 919 110 633 462 636 574 283 813 731 575
633 255 403 278 790 580 35 705 476 361 760 338 168 122 769 765 266 288 381 624 209 812 214 322 452 292 320 310 335 288 552 429 173 185 242 228 190 277 348 355 467 442 340 352 473 68 233 414 198 304 201 384 368 257 714 20 197 267 169 327 283 323 626 557 709 620 203 648 705 0 525 637 251 281 353 192 668 295 213 391
847 505 484 271 1003 793 514 919 74 606 974 280 459 441 982 978 283 369 462 837 432 1026 458 402 156 397 401 415 444 394 53 299 383 420 487 473 481 502 592 569 141 293 458 433 497 478 355 167 442 409 492 349 370 501 928 531 488 372 460 408 265 347 839 58 922 833 447 861 919 525 0 850 495 494 597 436 881 401 463 509
57 705 405 603 194 100 626 110 801 576 165 787 617 553 173 169 591 511 442 67 658 217 459 485 860 741 505 759 451 738 877 613 529 634 457 542 639 405 563 316 845 626 456 457 922 589 589 739 512 754 650 568 552 418 119 642 646 716 619 476 608 772 79 882 113 167 468 52 110 637 850 0 565 393 568 506 215 745 663 507
561 319 373 247 718 508 239 633 446 289 688 401 231 167 697 693 236 258 351 552 272 740 142 292 505 355 290 373 263 352 521 398 142 248 170 49 253 205 276 283 490 411 268 322 536 203 203 384 77 367 264 354 338 185 642 256 260 330 233 297 253 386 554 527 637 548 130 575 633 251 495 565 0 209 281 84 596 358 277 319
390 349 231 246 546 336 269 461 445 220 517 431 261 197 525 521 235 155 209 380 302 569 103 150 504 385 148 403 95 382 521 257 173 278 101 186 283 49 207 112 489 270 100 180 566 233 233 383 156 397 294 212 196 61 471 286 290 360 263 155 252 416 382 526 465 376 112 404 462 281 494 393 209 0 211 150 424 389 307 151
564 421 402 349 720 510 341 636 548 30 691 503 333 269 700 696 338 325 380 554 374 743 175 320 607 457 319 475 265 454 623 427 244 350 146 258 355 208 49 286 592 440 270 351 638 305 305 486 228 469 366 383 366 187 645 358 362 432 334 326 355 488 556 629 640 550 184 578 636 353 597 568 281 211 0 222 598 460 378 322
502 260 314 188 659 449 180 574 387 230 629 342 172 108 638 634 177 199 292 493 213 681 83 233 446 296 231 314 204 293 463 339 84 189 111 61 194 146 217 224 431 353 209 263 477 144 144 325 67 308 205 295 279 126 583 197 201 271 174 238 194 327 495 468 578 489 71 516 574 192 436 506 84 150 222 0 537 299 218 260
211 736 435 633 367 157 656 283 832 607 338 818 648 584 347 343 622 542 472 202 689 390 490 516 891 772 535 790 482 769 908 644 560 665 488 573 670 436 594 347 876 657 487 487 953 620 620 770 543 784 681 599 583 448 292 673 677 747 650 506 639 803 204 913 287 197 499 225 283 668 881 215 596 424 598 537 0 776 694 538
741 228 511 385 897 687 284 813 351 469 868 166 182 229 877 873 374 396 489 732 154 920 322 430 280 65 428 70 442 30 427 536 280 142 350 336 203 385 456 463 295 547 447 460 301 247 341 421 306 46 214 492 476 364 822 300 210 94 183 435 391 151 734 432 817 727 310 755 813 295 401 745 358 389 460 299 776 0 186 499
659 62 429 303 816 606 202 731 414 387 786 229 100 148 795 791 292 314 407 650 99 838 240 348 342 182 346 200 361 179 489 454 198 75 268 254 122 303 374 381 358 467 365 378 363 166 259 440 224 195 132 410 394 282 740 219 128 157 101 353 309 213 652 495 735 645 228 673 731 213 463 663 277 307 378 218 694 186 0 417
503 459 246 261 660 450 380 575 460 330 631 541 371 307 639 635 249 169 224 494 412 683 213 164 519 495 163 513 109 492 535 271 283 388 211 296 393 159 317 225 504 284 89 195 676 343 292 397 266 508 404 227 210 172 584 396 400 470 373 170 267 526 496 540 579 490 222 518 575 391 509 507 319 151 322 260 538 499 417 0
EOF