NAME : tsp_problem
TYPE : TSP
DIMENSION : 48
EDGE_WEIGHT_TYPE : EXPLICIT
EDGE_WEIGHT_FORMAT : FULL_MATRIX
EDGE_WEIGHT_SECTION
0 278 675 363 195 93 563 238 684 304 686 235 316 159 148 180 262 232 528 235 208 292 159 581 82 253 199 157 209 238 231 165 157 160 350 374 273 346 189 100 681 583 165 205 547 419 679 618
278 0 655 599 126 215 544 310 665 81 667 308 388 232 210 253 242 304 509 307 99 97 153 691 318 325 381 338 285 218 304 147 233 341 587 447 254 582 262 336 662 563 346 386 527 492 659 599
675 655 0 1014 560 661 322 756 177 681 179 753 834 677 557 698 452 750 183 753 585 669 599 1137 733 771 727 561 632 479 749 593 580 688 1001 893 434 997 707 751 440 130 693 609 152 938 39 111
363 599 1014 0 516 414 903 559 1023 625 1025 509 404 480 487 501 601 553 867 469 529 613 480 442 304 452 352 496 548 577 471 486 496 393 38 463 612 49 510 286 1020 922 388 544 886 427 1018 957
195 126 560 516 0 132 449 227 570 152 572 224 305 149 115 170 147 221 413 224 56 140 70 608 235 242 285 243 190 123 221 64 138 246 503 364 158 499 178 253 567 468 251 291 432 409 564 504
93 215 661 414 132 0 550 174 670 241 672 172 253 96 216 117 248 169 514 172 145 228 96 555 133 190 269 226 278 224 168 102 227 229 401 311 259 397 126 151 667 569 234 274 533 356 665 604
563 544 322 903 449 550 0 645 331 570 333 642 723 566 446 587 341 639 175 642 473 557 488 1025 622 660 616 450 520 367 638 481 469 577 890 781 323 885 596 640 169 230 582 498 193 826 325 265
238 310 756 559 227 174 645 0 765 336 767 174 254 116 311 119 343 30 609 173 240 323 191 557 278 191 413 371 385 319 170 197 334 374 546 313 354 541 69 296 762 664 379 419 628 358 760 699
684 665 177 1023 570 670 331 765 0 691 31 763 844 687 567 708 462 760 193 763 594 678 608 1146 743 780 737 571 641 488 759 602 590 697 1011 902 444 1006 717 760 449 140 702 619 162 947 181 97
304 81 681 625 152 241 570 336 691 0 693 334 414 258 236 279 268 330 535 333 125 57 179 717 344 351 407 364 311 244 330 173 259 367 613 473 280 608 288 362 688 589 372 412 553 518 685 625
686 667 179 1025 572 672 333 767 31 693 0 765 846 689 569 710 464 762 195 765 596 680 611 1148 745 783 739 573 643 490 761 604 592 699 1013 904 446 1008 719 763 451 142 704 621 164 949 183 99
235 308 753 509 224 172 642 174 763 334 765 0 158 113 308 95 340 168 606 77 237 321 189 460 275 95 410 368 383 316 73 194 331 371 497 216 352 492 125 293 760 661 376 416 625 261 757 697
316 388 834 404 305 253 723 254 844 414 846 158 0 194 389 176 421 249 687 117 318 402 270 355 356 101 491 449 464 397 119 275 412 452 392 111 432 387 206 374 841 742 457 497 706 156 838 778
159 232 677 480 149 96 566 116 687 258 689 113 194 0 232 59 264 110 531 113 161 245 113 497 199 131 335 292 307 241 110 118 256 295 468 253 276 463 67 217 684 585 300 340 549 298 681 621
148 210 557 487 115 216 446 311 567 236 569 308 389 232 0 253 144 305 410 308 139 223 154 691 207 326 201 159 105 120 304 148 54 161 475 447 155 470 262 225 564 465 167 207 429 492 561 501
180 253 698 501 170 117 587 119 708 279 710 95 176 59 253 0 285 113 552 95 182 266 134 478 220 113 356 313 328 262 91 139 277 316 489 234 297 484 70 238 705 606 321 361 570 279 702 642
262 242 452 601 147 248 341 343 462 268 464 340 421 264 144 285 0 337 305 340 172 256 186 724 320 358 314 272 219 66 336 180 167 275 588 480 100 584 294 338 459 360 280 320 324 525 456 396
232 304 750 553 221 169 639 30 760 330 762 168 249 110 305 113 337 0 603 168 234 318 185 551 272 185 407 365 380 313 164 191 328 368 540 307 348 535 63 290 757 658 373 413 622 352 754 694
528 509 183 867 413 514 175 609 193 535 195 606 687 531 410 552 305 603 0 606 438 522 452 990 586 624 581 415 485 332 603 446 434 541 854 746 287 850 560 604 293 91 546 463 69 791 187 127
235 307 753 469 224 172 642 173 763 333 765 77 117 113 308 95 340 168 606 0 237 321 188 420 275 54 410 368 382 316 39 194 331 371 456 176 351 451 125 293 760 661 376 416 625 221 757 697
208 99 585 529 56 145 473 240 594 125 596 237 318 161 139 182 172 234 438 237 0 112 83 620 248 255 310 267 214 148 233 76 163 270 516 376 183 511 191 266 591 493 275 315 456 421 588 528
292 97 669 613 140 228 557 323 678 57 680 321 402 245 223 266 256 318 522 321 112 0 167 704 332 339 394 351 298 232 317 160 247 354 600 460 267 595 275 350 675 577 359 399 540 505 672 612
159 153 599 480 70 96 488 191 608 179 611 189 270 113 154 134 186 185 452 188 83 167 0 572 199 206 324 282 228 162 185 45 177 285 468 328 197 463 143 217 606 507 290 330 471 373 603 542
581 691 1137 442 608 555 1025 557 1146 717 1148 460 355 497 691 478 724 551 990 420 620 704 572 0 522 403 570 714 766 700 422 578 715 612 430 414 735 425 508 504 1143 1045 607 762 1008 328 1140 1080
82 318 733 304 235 133 622 278 743 344 745 275 356 199 207 220 320 272 586 275 248 332 199 522 0 293 257 215 267 296 271 205 216 218 292 415 331 287 229 43 740 641 223 263 605 459 737 677
253 325 771 452 242 190 660 191 780 351 783 95 101 131 326 113 358 185 624 54 255 339 206 403 293 0 428 386 400 334 56 212 349 389 440 159 369 435 143 311 778 679 394 434 643 204 775 714
199 381 727 352 285 269 616 413 737 407 739 410 491 335 201 356 314 407 581 410 310 394 324 570 257 428 0 209 261 291 407 318 210 122 340 550 326 335 364 275 734 635 127 258 599 555 731 671
157 338 561 496 243 226 450 371 571 364 573 368 449 292 159 313 272 365 415 368 267 351 282 714 215 386 209 0 219 248 364 276 168 170 483 507 276 479 322 233 568 469 175 70 433 552 565 505
209 285 632 548 190 278 520 385 641 311 643 383 464 307 105 328 219 380 485 382 214 298 228 766 267 400 261 219 0 195 379 222 89 222 535 522 230 530 337 285 638 540 227 267 503 567 635 575
238 218 479 577 123 224 367 319 488 244 490 316 397 241 120 262 66 313 332 316 148 232 162 700 296 334 291 248 195 0 313 156 143 251 564 456 77 560 270 314 485 386 256 296 350 501 482 422
231 304 749 471 221 168 638 170 759 330 761 73 119 110 304 91 336 164 603 39 233 317 185 422 271 56 407 364 379 313 0 190 328 367 458 178 348 453 121 289 756 657 372 412 621 223 753 693
165 147 593 486 64 102 481 197 602 173 604 194 275 118 148 139 180 191 446 194 76 160 45 578 205 212 318 276 222 156 190 0 171 278 473 334 191 469 148 223 599 501 283 324 465 379 597 536
157 233 580 496 138 227 469 334 590 259 592 331 412 256 54 277 167 328 434 331 163 247 177 715 216 349 210 168 89 143 328 171 0 170 484 471 179 479 285 233 587 488 175 216 452 516 584 524
160 341 688 393 246 229 577 374 697 367 699 371 452 295 161 316 275 368 541 371 270 354 285 612 218 389 122 170 222 251 367 278 170 0 381 510 286 376 325 236 694 596 87 218 560 555 692 631
350 587 1001 38 503 401 890 546 1011 613 1013 497 392 468 475 489 588 540 854 456 516 600 468 430 292 440 340 483 535 564 458 473 484 381 0 450 600 45 497 273 1008 909 376 531 873 414 1005 945
374 447 893 463 364 311 781 313 902 473 904 216 111 253 447 234 480 307 746 176 376 460 328 414 415 159 550 507 522 456 178 334 471 510 450 0 491 446 264 433 899 801 515 556 764 215 896 836
273 254 434 612 158 259 323 354 444 280 446 352 432 276 155 297 100 348 287 351 183 267 197 735 331 369 326 276 230 77 348 191 179 286 600 491 0 595 305 349 441 342 291 324 306 536 438 378
346 582 997 49 499 397 885 541 1006 608 1008 492 387 463 470 484 584 535 850 451 511 595 463 425 287 435 335 479 530 560 453 469 479 376 45 446 595 0 493 269 1003 904 371 527 868 409 1000 940
189 262 707 510 178 126 596 69 717 288 719 125 206 67 262 70 294 63 560 125 191 275 143 508 229 143 364 322 337 270 121 148 285 325 497 264 305 493 0 247 714 615 330 370 579 309 711 651
100 336 751 286 253 151 640 296 760 362 763 293 374 217 225 238 338 290 604 293 266 350 217 504 43 311 275 233 285 314 289 223 233 236 273 433 349 269 247 0 758 659 241 281 623 477 755 694
681 662 440 1020 567 667 169 762 449 688 451 760 841 684 564 705 459 757 293 760 591 675 606 1143 740 778 734 568 638 485 756 599 587 694 1008 899 441 1003 714 758 0 348 699 616 311 944 443 383
583 563 130 922 468 569 230 664 140 589 142 661 742 585 465 606 360 658 91 661 493 577 507 1045 641 679 635 469 540 386 657 501 488 596 909 801 342 904 615 659 348 0 601 517 60 846 134 74
165 346 693 388 251 234 582 379 702 372 704 376 457 300 167 321 280 373 546 376 275 359 290 607 223 394 127 175 227 256 372 283 175 87 376 515 291 371 330 241 699 601 0 223 565 560 697 636
205 386 609 544 291 274 498 419 619 412 621 416 497 340 207 361 320 413 463 416 315 399 330 762 263 434 258 70 267 296 412 324 216 218 531 556 324 527 370 281 616 517 223 0 481 600 613 553
547 527 152 886 432 533 193 628 162 553 164 625 706 549 429 570 324 622 69 625 456 540 471 1008 605 643 599 433 503 350 621 465 452 560 873 764 306 868 579 623 311 60 565 481 0 809 156 96
419 492 938 427 409 356 826 358 947 518 949 261 156 298 492 279 525 352 791 221 421 505 373 328 459 204 555 552 567 501 223 379 516 555 414 215 536 409 309 477 944 846 560 600 809 0 941 881
679 659 39 1018 564 665 325 760 181 685 183 757 838 681 561 702 456 754 187 757 588 672 603 1140 737 775 731 565 635 482 753 597 584 692 1005 896 438 1000 711 755 443 134 697 613 156 941 0 115
618 599 111 957 504 604 265 699 97 625 99 697 778 621 501 642 396 694 127 697 528 612 542 1080 677 714 671 505 575 422 693 536 524 631 945 836 378 940 651 694 383 74 636 553 96 881 115 0
EOF