NAME : tsp_problem
TYPE : TSP
DIMENSION : 52
EDGE_WEIGHT_TYPE : EXPLICIT
EDGE_WEIGHT_FORMAT : FULL_MATRIX
EDGE_WEIGHT_SECTION
0 165 671 801 267 485 258 529 563 566 350 240 829 472 183 488 771 513 544 701 355 470 231 378 818 664 346 431 408 426 108 801 571 568 723 519 518 235 729 718 727 495 852 476 400 836 458 824 578 807 352 233
165 0 558 688 153 372 393 415 450 453 237 127 716 359 318 375 658 400 431 588 454 357 118 265 705 550 233 317 295 313 206 688 458 454 610 406 405 370 616 605 614 382 739 363 287 722 345 711 465 694 239 331
671 558 0 203 435 489 898 272 134 428 352 462 231 475 824 214 173 207 185 463 959 265 496 336 220 425 363 370 411 384 712 243 433 162 485 381 247 876 327 480 129 271 254 338 373 516 278 418 440 209 356 837
801 688 203 0 566 583 1029 439 301 311 483 593 193 570 955 381 136 374 280 295 1090 360 629 467 182 257 493 501 506 515 843 101 350 257 317 356 342 1007 159 312 111 365 216 402 468 348 372 250 317 136 487 968
267 153 435 566 0 250 494 293 328 331 115 104 594 237 420 253 536 421 309 466 555 235 145 266 583 428 260 195 173 315 308 566 335 332 488 283 283 472 493 483 492 260 617 240 165 600 223 589 343 572 266 433
485 372 489 583 250 0 713 378 412 317 200 277 611 97 639 338 553 506 326 452 774 318 363 351 600 414 378 280 105 399 527 552 322 350 474 270 270 691 480 469 509 246 634 227 151 586 308 575 329 587 371 652
258 393 898 1029 494 713 0 756 790 794 578 468 1057 700 182 716 999 740 772 929 583 698 458 606 1046 891 574 658 636 654 336 1029 798 795 951 746 745 80 956 946 954 723 1079 703 628 1063 686 1052 806 1035 580 461
529 415 272 439 293 378 756 0 164 391 210 320 467 365 682 90 409 258 236 526 817 163 356 194 456 489 221 228 301 242 570 479 396 260 548 344 210 734 554 543 365 233 490 301 293 660 151 649 403 445 214 695
563 450 134 301 328 412 790 164 0 425 244 354 329 399 716 124 271 120 270 560 851 197 390 228 318 523 255 262 335 276 604 341 430 260 583 378 244 768 425 577 226 268 352 335 327 614 185 516 437 307 248 729
566 453 428 311 331 317 794 391 425 0 280 358 469 304 719 351 342 519 265 169 855 257 444 364 458 132 391 361 240 412 608 270 74 289 192 80 209 772 197 187 387 185 492 126 202 304 270 293 47 305 384 733
350 237 352 483 115 200 578 210 244 280 0 141 510 186 503 169 452 338 225 415 639 152 228 183 499 378 210 112 122 231 391 515 285 249 438 233 199 555 443 432 408 209 533 190 114 550 140 538 293 488 203 516
240 127 462 593 104 277 468 320 354 358 141 0 620 263 394 279 563 400 335 492 529 262 118 266 610 455 233 222 200 314 282 592 362 359 515 310 309 446 520 510 518 286 643 267 192 627 250 616 370 599 240 407
829 716 231 193 594 611 1057 467 329 469 510 620 0 598 982 408 163 401 308 453 1118 387 656 494 28 415 521 528 534 542 870 233 508 284 475 503 369 1034 318 470 139 393 108 460 496 506 400 408 475 199 514 995
472 359 475 570 237 97 700 365 399 304 186 263 598 0 625 324 540 493 313 439 761 304 350 338 587 401 365 267 92 386 513 539 308 336 461 256 256 677 466 456 495 233 621 213 138 573 295 562 316 574 358 639
183 318 824 955 420 639 182 682 716 719 503 394 982 625 0 641 924 666 697 854 508 624 384 531 971 817 499 584 561 579 261 954 724 721 877 672 671 159 882 871 880 648 1005 629 553 989 612 977 732 960 505 386
488 375 214 381 253 338 716 90 124 351 169 279 408 324 641 0 351 199 196 485 777 122 315 153 397 448 180 187 261 201 529 420 355 219 508 303 169 693 505 503 306 193 431 260 253 620 110 595 363 386 173 655
771 658 173 136 536 553 999 409 271 342 452 563 163 540 924 351 0 343 250 326 1060 330 598 437 152 288 463 471 476 485 813 132 381 227 348 387 312 977 190 343 81 335 186 402 438 379 342 281 347 141 457 938
513 400 207 374 421 506 740 258 120 519 338 400 401 493 666 199 343 0 356 633 801 290 336 322 390 596 308 356 429 370 554 413 523 332 656 471 338 718 498 650 299 361 424 428 421 686 278 588 531 379 315 679
544 431 185 280 309 326 772 236 270 265 225 335 308 313 697 196 250 356 0 400 833 102 371 209 297 363 236 243 249 257 585 320 270 48 423 218 84 749 404 417 206 108 331 175 210 535 115 495 278 286 229 710
701 588 463 295 466 452 929 526 560 169 415 492 453 439 854 485 326 633 400 0 990 392 579 499 442 60 526 496 375 547 742 253 209 424 36 215 344 906 181 31 370 320 476 260 336 288 405 276 175 289 519 867
355 454 959 1090 555 774 583 817 851 855 639 529 1118 761 508 777 1060 801 833 990 0 759 520 667 1107 952 635 719 697 715 291 1090 859 856 1012 807 806 560 1017 1007 1015 784 1140 764 689 1124 747 1113 867 1096 641 150
470 357 265 360 235 318 698 163 197 257 152 262 387 304 624 122 330 290 102 392 759 0 298 136 376 355 162 170 240 184 512 399 262 126 415 210 76 676 420 409 285 100 410 167 202 527 92 515 269 366 156 637
231 118 496 629 145 363 458 356 390 444 228 118 656 350 384 315 598 336 371 579 520 298 0 201 645 542 169 309 286 249 272 668 449 395 601 397 345 436 607 596 554 368 679 354 278 713 286 702 456 634 175 397
378 265 336 467 266 351 606 194 228 364 183 266 494 338 531 153 437 322 209 499 667 136 201 0 483 462 66 201 274 70 420 506 369 233 521 317 183 584 527 516 392 207 517 274 266 634 124 622 376 472 59 545
818 705 220 182 583 600 1046 456 318 458 499 610 28 587 971 397 152 390 297 442 1107 376 645 483 0 405 510 517 523 531 860 222 497 274 464 492 359 1023 307 459 128 382 98 449 485 495 389 397 464 188 504 985
664 550 425 257 428 414 891 489 523 132 378 455 415 401 817 448 288 596 363 60 952 355 542 462 405 0 488 458 337 510 705 216 171 387 83 177 307 869 144 78 333 283 438 223 299 250 367 239 138 251 482 830
346 233 363 493 260 378 574 221 255 391 210 233 521 365 499 180 463 308 236 526 635 162 169 66 510 488 0 228 301 114 387 533 395 260 548 343 210 551 553 543 419 233 544 300 293 660 150 649 403 499 86 512
431 317 370 501 195 280 658 228 262 361 112 222 528 267 584 187 471 356 243 496 719 170 309 201 517 458 228 0 203 249 472 540 366 267 518 314 217 636 524 513 426 241 551 271 195 630 158 619 373 507 221 597
408 295 411 506 173 105 636 301 335 240 122 200 534 92 561 261 476 429 249 375 697 240 286 274 523 337 301 203 0 322 450 475 244 272 397 192 192 614 402 392 432 169 557 149 74 509 231 498 252 510 294 575
426 313 384 515 315 399 654 242 276 412 231 314 542 386 579 201 485 370 257 547 715 184 249 70 531 510 114 249 322 0 468 554 417 281 570 365 231 632 575 564 440 255 565 322 314 682 172 670 424 521 107 593
108 206 712 843 308 527 336 570 604 608 391 282 870 513 261 529 813 554 585 742 291 512 272 420 860 705 387 472 450 468 0 842 612 609 765 560 559 313 770 760 768 536 893 517 442 877 500 866 620 849 394 168
801 688 243 101 566 552 1029 479 341 270 515 592 233 539 954 420 132 413 320 253 1090 399 668 506 222 216 533 540 475 554 842 0 309 296 276 315 381 1006 118 270 151 405 256 360 437 307 412 208 275 95 526 967
571 458 433 350 335 322 798 396 430 74 285 362 508 308 724 355 381 523 270 209 859 262 449 369 497 171 395 366 244 417 612 309 0 294 231 84 214 776 236 226 426 190 531 130 206 343 274 332 86 344 389 737
568 454 162 257 332 350 795 260 260 289 249 359 284 336 721 219 227 332 48 424 856 126 395 233 274 387 260 267 272 281 609 296 294 0 446 242 108 773 381 441 182 132 307 199 234 559 139 471 301 263 253 734
723 610 485 317 488 474 951 548 583 192 438 515 475 461 877 508 348 656 423 36 1012 415 601 521 464 83 548 518 397 570 765 276 231 446 0 237 367 929 203 18 393 343 498 283 359 310 427 299 198 311 542 890
519 406 381 356 283 270 746 344 378 80 233 310 503 256 672 303 387 471 218 215 807 210 397 317 492 177 343 314 192 365 560 315 84 242 237 0 162 724 242 232 401 138 526 78 154 349 222 338 92 350 337 685
518 405 247 342 283 270 745 210 244 209 199 309 369 256 671 169 312 338 84 344 806 76 345 183 359 307 210 217 192 231 559 381 214 108 367 162 0 723 372 361 267 52 392 119 154 479 89 467 221 348 203 684
235 370 876 1007 472 691 80 734 768 772 555 446 1034 677 159 693 977 718 749 906 560 676 436 584 1023 869 551 636 614 632 313 1006 776 773 929 724 723 0 934 924 932 700 1057 681 605 1041 664 1029 784 1013 558 438
729 616 327 159 493 480 956 554 425 197 443 520 318 466 882 505 190 498 404 181 1017 420 607 527 307 144 553 524 402 575 770 118 236 381 203 242 372 934 0 198 235 348 340 288 364 234 432 175 203 153 547 895
718 605 480 312 483 469 946 543 577 187 432 510 470 456 871 503 343 650 417 31 1007 409 596 516 459 78 543 513 392 564 760 270 226 441 18 232 361 924 198 0 388 337 493 278 354 305 422 294 192 306 536 885
727 614 129 111 492 509 954 365 226 387 408 518 139 495 880 306 81 299 206 370 1015 285 554 392 128 333 419 426 432 440 768 151 426 182 393 401 267 932 235 388 0 291 161 358 393 424 298 326 392 117 412 893
495 382 271 365 260 246 723 233 268 185 209 286 393 233 648 193 335 361 108 320 784 100 368 207 382 283 233 241 169 255 536 405 190 132 343 138 52 700 348 337 291 0 416 95 130 455 112 443 198 371 227 661
852 739 254 216 617 634 1079 490 352 492 533 643 108 621 1005 431 186 424 331 476 1140 410 679 517 98 438 544 551 557 565 893 256 531 307 498 526 392 1057 340 493 161 416 0 483 518 529 423 431 498 222 537 1018
476 363 338 402 240 227 703 301 335 126 190 267 460 213 629 260 402 428 175 260 764 167 354 274 449 223 300 271 149 322 517 360 130 199 283 78 119 681 288 278 358 95 483 0 111 395 179 384 138 396 294 642
400 287 373 468 165 151 628 293 327 202 114 192 496 138 553 253 438 421 210 336 689 202 278 266 485 299 293 195 74 314 442 437 206 234 359 154 154 605 364 354 393 130 518 111 0 471 215 460 214 472 286 567
836 722 516 348 600 586 1063 660 614 304 550 627 506 573 989 620 379 686 535 288 1124 527 713 634 495 250 660 630 509 682 877 307 343 559 310 349 479 1041 234 305 424 455 529 395 471 0 539 330 310 342 654 1002
458 345 278 372 223 308 686 151 185 270 140 250 400 295 612 110 342 278 115 405 747 92 286 124 389 367 150 158 231 172 500 412 274 139 427 222 89 664 432 422 298 112 423 179 215 539 0 528 282 378 144 625
824 711 418 250 589 575 1052 649 516 293 538 616 408 562 977 595 281 588 495 276 1113 515 702 622 397 239 649 619 498 670 866 208 332 471 299 338 467 1029 175 294 326 443 431 384 460 330 528 0 298 244 642 991
578 465 440 317 343 329 806 403 437 47 293 370 475 316 732 363 347 531 278 175 867 269 456 376 464 138 403 373 252 424 620 275 86 301 198 92 221 784 203 192 392 198 498 138 214 310 282 298 0 311 397 745
807 694 209 136 572 587 1035 445 307 305 488 599 199 574 960 386 141 379 286 289 1096 366 634 472 188 251 499 507 510 521 849 95 344 263 311 350 348 1013 153 306 117 371 222 396 472 342 378 244 311 0 493 974
352 239 356 487 266 371 580 214 248 384 203 240 514 358 505 173 457 315 229 519 641 156 175 59 504 482 86 221 294 107 394 526 389 253 542 337 203 558 547 536 412 227 537 294 286 654 144 642 397 493 0 519
233 331 837 968 433 652 461 695 729 733 516 407 995 639 386 655 938 679 710 867 150 637 397 545 985 830 512 597 575 593 168 967 737 734 890 685 684 438 895 885 893 661 1018 642 567 1002 625 991 745 974 519 0
EOF