NAME : tsp_problem
TYPE : TSP
DIMENSION : 82
EDGE_WEIGHT_TYPE : EXPLICIT
EDGE_WEIGHT_FORMAT : FULL_MATRIX
EDGE_WEIGHT_SECTION
0 853 486 879 422 350 858 446 902 856 398 130 165 458 482 356 140 311 236 862 833 299 344 383 195 271 910 417 127 510 278 677 177 813 562 239 442 268 251 191 171 688 546 224 387 423 504 478 495 231 361 303 811 910 421 484 870 280 511 271 352 285 454 334 938 487 320 658 564 175 412 453 423 597 866 257 277 272 433 304 197 149
853 0 409 140 468 740 53 651 163 116 640 926 780 630 416 689 917 646 1012 58 266 934 746 704 810 741 171 518 823 374 707 221 792 161 331 668 576 616 680 887 786 210 492 839 587 665 592 480 596 865 683 938 159 171 663 413 131 751 507 619 687 756 562 669 199 536 954 437 455 790 672 640 665 423 126 628 621 702 656 939 941 893
486 409 0 435 102 373 414 361 458 411 273 559 413 263 49 322 550 279 646 418 389 567 379 337 443 374 466 151 456 66 340 232 425 368 118 301 209 249 313 520 419 244 249 472 220 298 225 113 229 499 316 571 366 466 296 51 426 384 214 252 321 389 195 302 494 190 588 274 267 423 306 273 298 260 421 261 255 335 289 572 574 526
879 140 435 0 495 767 145 677 95 55 667 953 806 656 442 715 943 673 1039 149 292 960 773 730 836 767 65 544 850 400 733 247 818 188 357 695 602 642 707 914 812 237 519 865 613 692 619 506 622 892 710 964 186 103 690 439 64 777 533 645 714 782 588 696 85 562 981 464 481 816 699 666 691 450 41 655 648 728 682 965 967 919
422 468 102 495 0 354 473 341 517 471 209 505 348 243 98 289 515 215 581 478 448 534 360 317 379 310 525 87 392 125 276 292 361 428 178 237 189 185 249 456 355 303 229 407 156 234 206 93 165 465 283 538 426 525 232 100 486 320 195 188 256 324 175 238 553 170 554 333 247 358 286 253 234 280 481 197 190 271 269 538 509 462
350 740 373 767 354 0 745 128 789 743 306 255 468 140 370 186 245 435 436 749 720 262 147 104 498 530 797 403 430 397 496 564 480 700 449 457 260 405 469 494 474 575 301 527 418 305 186 293 481 194 192 266 698 797 299 372 757 539 266 408 476 544 246 458 825 241 283 354 318 478 94 136 295 351 753 417 410 490 115 267 441 452
858 53 414 145 473 745 0 656 168 121 645 931 785 635 421 694 922 651 1017 63 271 939 751 709 815 746 176 523 828 379 712 226 797 166 336 673 581 621 685 892 791 215 497 844 592 670 597 485 601 870 688 943 164 176 668 418 136 756 512 624 692 761 567 674 204 541 959 442 460 795 677 645 670 428 131 633 626 707 661 944 946 898
446 651 361 677 341 128 656 0 700 653 357 350 564 127 357 282 341 451 532 660 631 358 134 92 594 546 708 390 526 385 512 474 576 610 409 473 248 421 485 590 570 485 288 623 434 371 173 280 469 290 288 362 608 707 365 359 668 555 253 424 492 560 234 474 735 229 378 262 306 574 81 123 361 304 663 433 426 506 103 363 537 548
902 163 458 95 517 789 168 700 0 78 689 975 829 679 465 738 966 695 1061 172 315 983 795 753 859 790 126 567 872 423 756 270 841 210 380 717 625 665 729 936 835 259 541 888 636 714 641 529 645 914 732 987 208 62 712 462 63 800 556 668 736 805 611 718 154 585 1003 486 504 839 721 689 714 472 82 677 670 751 705 988 989 942
856 116 411 55 471 743 121 653 78 0 643 929 782 632 418 692 920 649 1015 126 268 937 749 707 813 744 86 521 826 376 710 224 795 164 334 671 578 619 683 890 789 213 495 841 590 668 595 483 599 868 686 941 162 86 666 415 46 753 510 622 690 758 564 672 114 539 957 440 458 792 675 643 668 426 41 631 624 704 658 941 943 896
398 640 273 667 209 306 645 357 689 643 0 379 325 259 270 142 370 192 558 649 620 387 300 333 355 286 697 204 368 297 252 464 337 600 349 214 141 161 226 433 331 475 245 384 174 45 221 237 282 319 136 391 598 697 42 272 657 296 210 164 233 301 152 214 725 186 408 357 263 335 301 269 44 296 653 174 167 247 285 392 486 438
130 926 559 953 505 255 931 350 975 929 379 0 248 362 556 260 121 395 217 935 906 204 249 287 278 354 983 501 210 583 361 750 261 886 635 322 382 351 334 275 254 761 486 307 471 379 408 479 579 135 266 208 884 983 372 558 943 364 452 355 436 369 394 417 1011 427 224 576 504 258 316 358 368 537 939 340 360 356 338 209 222 233
165 780 413 806 348 468 785 564 829 782 325 248 0 486 409 405 258 238 324 789 760 417 462 500 122 197 837 344 135 437 204 603 104 739 489 166 368 194 178 199 87 615 473 82 314 350 449 405 422 349 399 421 737 837 348 411 797 207 438 198 279 212 380 261 865 414 438 584 491 101 529 497 350 524 792 184 204 199 512 422 252 205
458 630 263 656 243 140 635 127 679 632 259 362 486 0 259 263 353 353 544 639 609 370 146 104 517 448 687 292 530 287 414 453 499 589 339 375 150 323 387 594 493 464 190 545 336 273 76 182 371 302 257 374 587 686 267 261 647 457 155 326 394 462 136 376 714 131 391 301 208 496 94 123 263 241 642 335 328 408 115 375 549 560
482 416 49 442 98 370 421 357 465 418 270 556 409 259 0 319 546 276 642 425 396 563 376 333 439 371 473 147 453 73 336 239 422 375 125 298 205 246 310 517 415 250 245 468 217 295 222 109 225 495 313 567 373 472 293 47 433 380 211 249 317 385 191 299 501 186 584 281 263 419 302 269 295 267 428 258 251 331 285 568 570 522
356 689 322 715 289 186 694 282 738 692 142 260 405 263 319 0 251 272 442 698 669 268 180 219 435 366 746 284 436 346 332 513 417 649 398 294 145 241 306 500 411 524 249 464 254 142 226 242 362 199 39 272 647 746 135 320 706 376 215 244 313 381 157 294 774 190 288 361 267 415 248 273 131 300 702 254 247 327 270 273 447 458
140 917 550 943 515 245 922 341 966 920 370 121 258 353 546 251 0 404 226 926 897 195 239 278 288 364 974 510 220 574 371 741 270 876 626 332 373 361 344 284 264 752 477 317 480 369 399 469 588 126 257 199 874 974 363 548 934 373 442 364 445 378 385 427 1002 418 215 567 495 268 307 349 359 528 929 350 370 365 328 199 231 242
311 646 279 673 215 435 651 451 695 649 192 395 238 353 276 272 404 0 471 655 626 516 429 427 268 199 703 210 281 303 165 470 250 606 355 126 235 74 138 345 244 481 339 297 180 217 316 271 289 448 266 520 604 703 215 278 664 209 305 77 61 214 247 43 731 280 537 451 357 248 396 363 216 390 659 86 79 160 379 521 399 351
236 1012 646 1039 581 436 1017 532 1061 1015 558 217 324 544 642 442 226 471 0 1022 992 386 430 469 354 430 1070 577 287 670 437 836 337 972 722 399 564 427 411 350 330 847 668 383 547 561 590 637 655 317 448 390 970 1069 554 644 1030 440 634 431 512 445 576 493 1097 609 406 758 686 334 498 540 550 719 1025 417 436 432 520 390 102 151
862 58 418 149 478 749 63 660 172 126 649 935 789 639 425 698 926 655 1022 0 275 943 755 713 819 750 180 527 832 383 716 230 801 171 340 677 585 625 689 896 795 219 502 848 596 674 601 489 605 875 692 947 169 180 672 422 140 760 516 628 697 765 571 678 208 545 964 446 464 799 682 649 674 433 136 637 630 711 665 948 950 902
833 266 389 292 448 720 271 631 315 268 620 906 760 609 396 669 897 626 992 275 0 914 726 684 790 721 323 498 803 353 687 201 772 225 311 648 556 596 660 867 766 190 472 819 567 645 572 460 576 845 663 918 223 322 643 393 283 731 487 599 667 736 542 649 351 516 934 417 435 770 652 620 645 403 278 608 601 682 636 919 920 873
299 934 567 960 534 262 939 358 983 937 387 204 417 370 563 268 195 516 386 943 914 0 256 295 448 523 991 529 380 591 530 758 430 894 643 492 390 486 504 444 423 769 494 476 499 387 416 487 607 97 274 33 892 991 380 565 951 533 459 489 558 538 402 539 1019 435 97 584 512 427 324 366 376 545 947 498 491 525 346 34 391 402
344 746 379 773 360 147 751 134 795 749 300 249 462 146 376 180 239 429 430 755 726 256 0 110 492 524 803 409 424 403 490 570 474 706 455 451 266 399 463 488 468 581 307 521 412 299 192 299 487 188 186 260 704 803 293 378 763 533 272 402 470 538 252 452 831 247 277 360 324 472 100 142 289 357 759 411 404 484 122 261 435 446
383 704 337 730 317 104 709 92 753 707 333 287 500 104 333 219 278 427 469 713 684 295 110 0 531 522 761 367 463 361 488 528 513 664 413 449 224 397 461 527 507 539 264 559 410 338 150 256 445 226 225 299 661 761 331 335 721 532 229 400 468 537 210 450 789 205 315 317 282 510 58 99 327 315 716 409 402 483 79 300 474 485
195 810 443 836 379 498 815 594 859 813 355 278 122 517 439 435 288 268 354 819 790 448 492 531 0 228 867 374 165 467 235 634 95 770 519 196 399 225 208 229 128 645 503 181 344 380 479 435 452 379 429 452 768 867 378 441 827 237 468 228 309 242 411 291 895 444 468 615 521 64 559 527 380 554 823 214 234 229 543 452 283 235
271 741 374 767 310 530 746 546 790 744 286 354 197 448 371 366 364 199 430 750 721 523 524 522 228 0 798 305 241 398 166 565 210 701 450 127 330 156 139 305 203 576 434 256 275 312 410 366 383 455 361 527 699 798 309 372 758 60 399 159 240 65 342 222 826 375 544 546 452 207 491 458 311 485 754 145 165 161 474 528 358 311
910 171 466 65 525 797 176 708 126 86 697 983 837 687 473 746 974 703 1070 180 323 991 803 761 867 798 0 575 880 431 764 278 849 219 388 725 633 673 737 944 843 267 549 896 644 722 649 537 653 923 740 995 216 134 720 470 94 808 564 676 744 813 619 726 99 593 1011 494 512 847 729 697 722 480 62 685 678 759 713 996 998 950
417 518 151 544 87 403 523 390 567 521 204 501 344 292 147 284 510 210 577 527 498 529 409 367 374 305 575 0 387 175 271 342 356 477 227 232 239 180 244 451 350 353 279 403 151 229 255 143 106 461 278 533 475 575 227 149 535 315 244 183 252 320 225 233 603 220 550 383 297 354 335 303 229 330 530 192 185 266 319 534 505 457
127 823 456 850 392 430 828 526 872 826 368 210 135 530 453 436 220 281 287 832 803 380 424 463 165 241 880 387 0 480 248 647 147 783 532 209 412 238 221 100 141 658 516 194 357 394 492 448 465 311 442 384 781 880 391 455 840 250 481 242 322 255 424 304 908 457 400 628 534 145 492 534 393 567 836 227 247 243 513 384 215 167
510 374 66 400 125 397 379 385 423 376 297 583 437 287 73 346 574 303 670 383 353 591 403 361 467 398 431 175 480 0 364 197 449 333 126 325 233 273 337 544 443 208 273 496 244 322 249 137 253 523 340 595 331 430 320 70 391 408 238 276 344 413 219 326 458 214 611 239 256 447 329 297 322 225 386 285 278 359 313 596 598 550
278 707 340 733 276 496 712 512 756 710 252 361 204 414 336 332 371 165 437 716 687 530 490 488 235 166 764 271 248 364 0 531 217 667 416 81 296 122 66 312 211 542 400 263 241 277 376 332 349 462 326 534 665 764 275 338 724 175 365 125 206 180 308 188 792 341 551 512 418 214 456 424 277 451 720 111 131 92 440 535 365 318
677 221 232 247 292 564 226 474 270 224 464 750 603 453 239 513 741 470 836 230 201 758 570 528 634 565 278 342 647 197 531 0 616 181 155 492 400 440 504 711 610 81 316 662 411 489 416 304 420 689 507 762 179 278 487 237 238 574 331 443 511 579 385 493 306 360 778 261 279 613 496 464 489 247 234 452 445 525 479 762 764 717
177 792 425 818 361 480 797 576 841 795 337 261 104 499 422 417 270 250 337 801 772 430 474 513 95 210 849 356 147 449 217 616 0 752 501 178 381 207 190 211 110 627 485 163 326 363 461 417 434 361 412 434 750 849 360 423 809 219 450 210 291 224 393 273 877 426 450 597 503 59 542 509 362 536 805 196 216 212 525 434 265 217
813 161 368 188 428 700 166 610 210 164 600 886 739 589 375 649 876 606 972 171 225 894 706 664 770 701 219 477 783 333 667 181 752 0 290 628 535 576 640 847 746 170 452 798 547 625 552 440 556 825 643 898 39 218 623 372 179 710 467 579 647 715 521 629 246 496 914 397 415 749 632 600 625 383 174 588 581 661 615 898 900 853
562 331 118 357 178 449 336 409 380 334 349 635 489 339 125 398 626 355 722 340 311 643 455 413 519 450 388 227 532 126 416 155 501 290 0 377 285 325 389 596 495 166 251 548 296 374 301 189 305 575 392 647 288 388 372 122 348 460 266 328 397 465 271 378 416 266 664 196 214 499 382 349 374 182 343 337 331 411 365 648 650 602
239 668 301 695 237 457 673 473 717 671 214 322 166 375 298 294 332 126 399 677 648 492 451 449 196 127 725 232 209 325 81 492 178 628 377 0 257 83 66 273 172 503 361 225 202 239 338 293 311 423 288 496 626 725 237 300 686 137 327 87 168 142 269 149 753 302 512 473 379 176 418 385 238 412 681 72 92 88 401 496 327 279
442 576 209 602 189 260 581 248 625 578 141 382 368 150 205 145 373 235 564 585 556 390 266 224 399 330 633 239 412 233 296 400 381 535 285 257 0 205 269 476 375 411 136 427 218 155 112 128 317 321 139 394 533 633 149 207 593 339 101 208 276 344 82 258 661 77 410 248 154 378 192 160 145 187 588 217 210 290 176 395 529 482
268 616 249 642 185 405 621 421 665 619 161 351 194 323 246 241 361 74 427 625 596 486 399 397 225 156 673 180 238 273 122 440 207 576 325 83 205 0 95 302 200 451 309 253 150 187 285 241 258 418 236 490 574 673 184 248 633 165 274 47 115 170 217 97 701 250 507 421 327 204 366 333 186 360 629 56 49 116 349 491 355 308
251 680 313 707 249 469 685 485 729 683 226 334 178 387 310 306 344 138 411 689 660 504 463 461 208 139 737 244 221 337 66 504 190 640 389 66 269 95 0 285 184 515 373 237 214 251 350 305 323 435 300 508 638 737 249 312 698 149 339 99 180 154 281 161 765 314 524 485 391 188 430 397 250 424 693 84 104 88 413 508 339 291
191 887 520 914 456 494 892 590 936 890 433 275 199 594 517 500 284 345 350 896 867 444 488 527 229 305 944 451 100 544 312 711 211 847 596 273 476 302 285 0 205 722 580 258 421 458 557 512 530 375 506 448 845 944 456 519 904 314 546 306 386 319 488 368 972 521 464 692 598 209 556 598 457 631 900 291 311 307 578 448 279 231
171 786 419 812 355 474 791 570 835 789 331 254 87 493 415 411 264 244 330 795 766 423 468 507 128 203 843 350 141 443 211 610 110 746 495 172 375 200 184 205 0 621 479 75 320 356 455 411 428 355 405 427 743 843 354 417 803 213 444 204 285 218 386 267 871 420 444 590 497 107 535 503 356 530 798 190 210 205 519 428 258 211
688 210 244 237 303 575 215 485 259 213 475 761 615 464 250 524 752 481 847 219 190 769 581 539 645 576 267 353 658 208 542 81 627 170 166 503 411 451 515 722 621 0 327 673 422 500 427 315 431 700 518 773 168 267 498 248 227 586 342 454 522 590 397 504 295 371 789 272 290 624 507 475 500 258 223 463 456 537 491 773 775 728
546 492 249 519 229 301 497 288 541 495 245 486 473 190 245 249 477 339 668 502 472 494 307 264 503 434 549 279 516 273 400 316 485 452 251 361 136 309 373 580 479 327 0 532 322 260 153 169 357 426 244 498 450 549 253 247 510 444 63 312 381 449 122 362 577 92 515 160 66 483 233 200 249 99 505 321 314 395 216 499 634 586
224 839 472 865 407 527 844 623 888 841 384 307 82 545 468 464 317 297 383 848 819 476 521 559 181 256 896 403 194 496 263 662 163 798 548 225 427 253 237 258 75 673 532 0 373 409 508 464 481 408 458 480 796 895 407 470 856 266 497 257 338 271 439 320 923 473 497 643 550 160 588 556 409 582 851 243 263 258 571 481 311 264
387 587 220 613 156 418 592 434 636 590 174 471 314 336 217 254 480 180 547 596 567 499 412 410 344 275 644 151 357 244 241 411 326 547 296 202 218 150 214 421 320 422 322 373 0 199 298 212 229 431 248 503 545 644 197 218 604 285 287 153 222 290 230 203 672 263 520 434 340 324 378 346 199 373 600 162 155 236 362 504 475 427
423 665 298 692 234 305 670 371 714 668 45 379 350 273 295 142 369 217 561 674 645 387 299 338 380 312 722 229 394 322 277 489 363 625 374 239 155 187 251 458 356 500 260 409 199 0 236 252 308 318 136 391 623 722 42 297 683 321 225 190 258 326 167 240 750 200 407 371 277 360 316 284 44 310 678 199 192 272 299 391 511 463
504 592 225 619 206 186 597 173 641 595 221 408 449 76 222 226 399 316 590 601 572 416 192 150 479 410 649 255 492 249 376 416 461 552 301 338 112 285 350 557 455 427 153 508 298 236 0 145 333 348 220 420 550 649 229 224 609 420 118 288 357 425 98 339 677 93 437 264 170 459 118 86 225 203 605 298 291 371 102 421 595 562
478 480 113 506 93 293 485 280 529 483 237 479 405 182 109 242 469 271 637 489 460 487 299 256 435 366 537 143 448 137 332 304 417 440 189 293 128 241 305 512 411 315 169 464 212 252 145 0 221 418 236 491 437 537 245 111 497 376 134 244 312 381 114 294 565 109 507 280 186 415 225 193 241 219 493 253 246 327 208 491 565 518
495 596 229 622 165 481 601 469 645 599 282 579 422 371 225 362 588 289 655 605 576 607 487 445 452 383 653 106 465 253 349 420 434 556 305 311 317 258 323 530 428 431 357 481 229 308 333 221 0 539 357 611 554 653 306 227 613 393 322 261 330 398 303 312 681 298 628 461 375 432 413 381 307 408 609 271 264 344 397 612 583 535
231 865 499 892 465 194 870 290 914 868 319 135 349 302 495 199 126 448 317 875 845 97 188 226 379 455 923 461 311 523 462 689 361 825 575 423 321 418 435 375 355 700 426 408 431 318 348 418 539 0 205 101 823 922 312 497 883 464 391 421 489 469 333 471 950 367 118 515 444 359 256 297 308 477 878 430 423 457 277 102 322 333
361 683 316 710 283 192 688 288 732 686 136 266 399 257 313 39 257 266 448 692 663 274 186 225 429 361 740 278 442 340 326 507 412 643 392 288 139 236 300 506 405 518 244 458 248 136 220 236 357 205 0 278 641 740 130 315 700 370 209 239 307 375 151 289 768 184 294 355 261 409 254 268 125 294 696 248 241 321 275 278 453 464
303 938 571 964 538 266 943 362 987 941 391 208 421 374 567 272 199 520 390 947 918 33 260 299 452 527 995 533 384 595 534 762 434 898 647 496 394 490 508 448 427 773 498 480 503 391 420 491 611 101 278 0 896 995 384 569 955 537 463 493 562 542 406 543 1023 439 101 588 516 431 328 370 380 549 951 502 495 529 349 38 395 406
811 159 366 186 426 698 164 608 208 162 598 884 737 587 373 647 874 604 970 169 223 892 704 661 768 699 216 475 781 331 665 179 750 39 288 626 533 574 638 845 743 168 450 796 545 623 550 437 554 823 641 896 0 216 621 370 177 708 465 577 645 713 519 627 244 493 912 395 413 747 630 598 623 381 172 586 579 659 613 896 898 851
910 171 466 103 525 797 176 707 62 86 697 983 837 686 472 746 974 703 1069 180 322 991 803 761 867 798 134 575 880 430 764 278 849 218 388 725 633 673 737 944 843 267 549 895 644 722 649 537 653 922 740 995 216 0 720 470 81 808 564 676 744 812 619 726 162 593 1011 494 512 846 729 697 722 480 90 685 678 759 712 995 997 950
421 663 296 690 232 299 668 365 712 666 42 372 348 267 293 135 363 215 554 672 643 380 293 331 378 309 720 227 391 320 275 487 360 623 372 237 149 184 249 456 354 498 253 407 197 42 229 245 306 312 130 384 621 720 0 295 680 319 218 187 256 324 161 238 748 194 401 365 271 358 310 277 37 304 676 197 190 270 293 385 509 461
484 413 51 439 100 372 418 359 462 415 272 558 411 261 47 320 548 278 644 422 393 565 378 335 441 372 470 149 455 70 338 237 423 372 122 300 207 248 312 519 417 248 247 470 218 297 224 111 227 497 315 569 370 470 295 0 430 382 213 250 319 387 193 301 498 188 586 278 265 421 304 271 296 264 425 260 253 333 287 570 572 524
870 131 426 64 486 757 136 668 63 46 657 943 797 647 433 706 934 664 1030 140 283 951 763 721 827 758 94 535 840 391 724 238 809 179 348 686 593 633 698 904 803 227 510 856 604 683 609 497 613 883 700 955 177 81 680 430 0 768 524 636 705 773 579 686 122 553 972 454 472 807 690 657 682 441 50 646 639 719 673 956 958 910
280 751 384 777 320 539 756 555 800 753 296 364 207 457 380 376 373 209 440 760 731 533 533 532 237 60 808 315 250 408 175 574 219 710 460 137 339 165 149 314 213 586 444 266 285 321 420 376 393 464 370 537 708 808 319 382 768 0 409 169 250 29 351 232 836 385 553 555 462 217 500 468 321 495 763 155 175 170 483 537 368 320
511 507 214 533 195 266 512 253 556 510 210 452 438 155 211 215 442 305 634 516 487 459 272 229 468 399 564 244 481 238 365 331 450 467 266 327 101 274 339 546 444 342 63 497 287 225 118 134 322 391 209 463 465 564 218 213 524 409 0 277 346 414 87 328 592 82 480 175 81 448 198 166 214 114 520 287 280 360 181 464 599 551
271 619 252 645 188 408 624 424 668 622 164 355 198 326 249 244 364 77 431 628 599 489 402 400 228 159 676 183 242 276 125 443 210 579 328 87 208 47 99 306 204 454 312 257 153 190 288 244 261 421 239 493 577 676 187 250 636 169 277 0 118 174 220 100 704 253 510 424 330 208 369 336 189 363 632 59 52 120 352 494 359 311
352 687 321 714 256 476 692 492 736 690 233 436 279 394 317 313 445 61 512 697 667 558 470 468 309 240 744 252 322 344 206 511 291 647 397 168 276 115 180 386 285 522 381 338 222 258 357 312 330 489 307 562 645 744 256 319 705 250 346 118 0 255 288 59 772 321 578 492 398 289 437 405 258 431 700 128 121 201 420 562 440 392
285 756 389 782 324 544 761 560 805 758 301 369 212 462 385 381 378 214 445 765 736 538 538 537 242 65 813 320 255 413 180 579 224 715 465 142 344 170 154 319 218 590 449 271 290 326 425 381 398 469 375 542 713 812 324 387 773 29 414 174 255 0 356 237 840 390 558 560 467 222 505 473 326 499 768 160 180 175 488 542 373 325
454 562 195 588 175 246 567 234 611 564 152 394 380 136 191 157 385 247 576 571 542 402 252 210 411 342 619 225 424 219 308 385 393 521 271 269 82 217 281 488 386 397 122 439 230 167 98 114 303 333 151 406 519 619 161 193 579 351 87 220 288 356 0 270 647 63 422 234 140 390 178 146 157 173 574 229 222 302 162 406 541 494
334 669 302 696 238 458 674 474 718 672 214 417 261 376 299 294 427 43 493 678 649 539 452 450 291 222 726 233 304 326 188 493 273 629 378 149 258 97 161 368 267 504 362 320 203 240 339 294 312 471 289 543 627 726 238 301 686 232 328 100 59 237 270 0 754 303 560 474 380 271 419 386 239 413 682 109 102 183 402 544 422 374
938 199 494 85 553 825 204 735 154 114 725 1011 865 714 501 774 1002 731 1097 208 351 1019 831 789 895 826 99 603 908 458 792 306 877 246 416 753 661 701 765 972 871 295 577 923 672 750 677 565 681 950 768 1023 244 162 748 498 122 836 592 704 772 840 647 754 0 621 1039 522 540 875 757 725 750 508 83 713 706 787 741 1023 1025 978
487 536 190 562 170 241 541 229 585 539 186 427 414 131 186 190 418 280 609 545 516 435 247 205 444 375 593 220 457 214 341 360 426 496 266 302 77 250 314 521 420 371 92 473 263 200 93 109 298 367 184 439 493 593 194 188 553 385 82 253 321 390 63 303 621 0 456 203 110 424 174 141 190 143 549 262 255 336 157 440 574 527
320 954 588 981 554 283 959 378 1003 957 408 224 438 391 584 288 215 537 406 964 934 97 277 315 468 544 1011 550 400 611 551 778 450 914 664 512 410 507 524 464 444 789 515 497 520 407 437 507 628 118 294 101 912 1011 401 586 972 553 480 510 578 558 422 560 1039 456 0 604 533 448 345 386 397 566 967 519 512 546 366 101 411 422
658 437 274 464 333 354 442 262 486 440 357 576 584 301 281 361 567 451 758 446 417 584 360 317 615 546 494 383 628 239 512 261 597 397 196 473 248 421 485 692 590 272 160 643 434 371 264 280 461 515 355 588 395 494 365 278 454 555 175 424 492 560 234 474 522 203 604 0 122 594 307 312 361 91 450 433 426 506 327 588 745 698
564 455 267 481 247 318 460 306 504 458 263 504 491 208 263 267 495 357 686 464 435 512 324 282 521 452 512 297 534 256 418 279 503 415 214 379 154 327 391 598 497 290 66 550 340 277 170 186 375 444 261 516 413 512 271 265 472 462 81 330 398 467 140 380 540 110 533 122 0 501 251 218 267 109 468 339 332 413 234 517 651 604
175 790 423 816 358 478 795 574 839 792 335 258 101 496 419 415 268 248 334 799 770 427 472 510 64 207 847 354 145 447 214 613 59 749 499 176 378 204 188 209 107 624 483 160 324 360 459 415 432 359 409 431 747 846 358 421 807 217 448 208 289 222 390 271 875 424 448 594 501 0 539 507 360 534 802 194 214 209 522 432 262 215
412 672 306 699 286 94 677 81 721 675 301 316 529 94 302 248 307 396 498 682 652 324 100 58 559 491 729 335 492 329 456 496 542 632 382 418 192 366 430 556 535 507 233 588 378 316 118 225 413 256 254 328 630 729 310 304 690 500 198 369 437 505 178 419 757 174 345 307 251 539 0 89 305 283 685 378 371 451 69 329 503 514
453 640 273 666 253 136 645 123 689 643 269 358 497 123 269 273 349 363 540 649 620 366 142 99 527 458 697 303 534 297 424 464 509 600 349 385 160 333 397 598 503 475 200 556 346 284 86 193 381 297 268 370 598 697 277 271 657 468 166 336 405 473 146 386 725 141 386 312 218 507 89 0 273 251 653 345 338 419 111 370 545 556
423 665 298 691 234 295 670 361 714 668 44 368 350 263 295 131 359 216 550 674 645 376 289 327 380 311 722 229 393 322 277 489 362 625 374 238 145 186 250 457 356 500 249 409 199 44 225 241 307 308 125 380 623 722 37 296 682 321 214 189 258 326 157 239 750 190 397 361 267 360 305 273 0 300 678 198 192 272 289 381 511 463
597 423 260 450 280 351 428 304 472 426 296 537 524 241 267 300 528 390 719 433 403 545 357 315 554 485 480 330 567 225 451 247 536 383 182 412 187 360 424 631 530 258 99 582 373 310 203 219 408 477 294 549 381 480 304 264 441 495 114 363 431 499 173 413 508 143 566 91 109 534 283 251 300 0 436 372 365 446 267 550 684 637
866 126 421 41 481 753 131 663 82 41 653 939 792 642 428 702 929 659 1025 136 278 947 759 716 823 754 62 530 836 386 720 234 805 174 343 681 588 629 693 900 798 223 505 851 600 678 605 493 609 878 696 951 172 90 676 425 50 763 520 632 700 768 574 682 83 549 967 450 468 802 685 653 678 436 0 641 634 714 668 951 953 906
257 628 261 655 197 417 633 433 677 631 174 340 184 335 258 254 350 86 417 637 608 498 411 409 214 145 685 192 227 285 111 452 196 588 337 72 217 56 84 291 190 463 321 243 162 199 298 253 271 430 248 502 586 685 197 260 646 155 287 59 128 160 229 109 713 262 519 433 339 194 378 345 198 372 641 0 61 106 361 503 345 297
277 621 255 648 190 410 626 426 670 624 167 360 204 328 251 247 370 79 436 630 601 491 404 402 234 165 678 185 247 278 131 445 216 581 331 92 210 49 104 311 210 456 314 263 155 192 291 246 264 423 241 495 579 678 190 253 639 175 280 52 121 180 222 102 706 255 512 426 332 214 371 338 192 365 634 61 0 126 354 496 364 317
272 702 335 728 271 490 707 506 751 704 247 356 199 408 331 327 365 160 432 711 682 525 484 483 229 161 759 266 243 359 92 525 212 661 411 88 290 116 88 307 205 537 395 258 236 272 371 327 344 457 321 529 659 759 270 333 719 170 360 120 201 175 302 183 787 336 546 506 413 209 451 419 272 446 714 106 126 0 434 530 360 312
433 656 289 682 269 115 661 103 705 658 285 338 512 115 285 270 328 379 520 665 636 346 122 79 543 474 713 319 513 313 440 479 525 615 365 401 176 349 413 578 519 491 216 571 362 299 102 208 397 277 275 349 613 712 293 287 673 483 181 352 420 488 162 402 741 157 366 327 234 522 69 111 289 267 668 361 354 434 0 350 525 536
304 939 572 965 538 267 944 363 988 941 392 209 422 375 568 273 199 521 390 948 919 34 261 300 452 528 996 534 384 596 535 762 434 898 648 496 395 491 508 448 428 773 499 481 504 391 421 491 612 102 278 38 896 995 385 570 956 537 464 494 562 542 406 544 1023 440 101 588 517 432 329 370 381 550 951 503 496 530 350 0 395 406
197 941 574 967 509 441 946 537 989 943 486 222 252 549 570 447 231 399 102 950 920 391 435 474 283 358 998 505 215 598 365 764 265 900 650 327 529 355 339 279 258 775 634 311 475 511 595 565 583 322 453 395 898 997 509 572 958 368 599 359 440 373 541 422 1025 574 411 745 651 262 503 545 511 684 953 345 364 360 525 395 0 79
149 893 526 919 462 452 898 548 942 896 438 233 205 560 522 458 242 351 151 902 873 402 446 485 235 311 950 457 167 550 318 717 217 853 602 279 482 308 291 231 211 728 586 264 427 463 562 518 535 333 464 406 851 950 461 524 910 320 551 311 392 325 494 374 978 527 422 698 604 215 514 556 463 637 906 297 317 312 536 406 79 0
EOF