NAME : tsp_problem
TYPE : TSP
DIMENSION : 38
EDGE_WEIGHT_TYPE : EXPLICIT
EDGE_WEIGHT_FORMAT : FULL_MATRIX
EDGE_WEIGHT_SECTION
0 848 1206 445 413 450 439 983 442 376 680 379 573 716 295 239 951 527 496 245 345 339 667 422 896 1011 358 438 304 985 414 409 917 325 1249 499 1220 312
848 0 1728 471 1051 972 516 285 469 782 680 500 525 356 933 965 253 415 753 959 728 723 924 679 76 313 522 1075 1036 287 797 1048 219 847 1771 596 1742 627
1236 1757 0 1434 1246 982 1276 1893 1432 1589 1517 1463 1410 1625 1128 1160 1861 1403 1334 1154 1183 1177 1505 1259 1806 1920 1484 1271 1232 1894 1252 1244 1826 950 368 1337 339 1149
445 471 1404 0 727 648 193 607 66 379 361 97 202 339 609 641 575 151 430 635 405 399 601 355 520 634 118 752 713 608 474 725 540 524 1447 273 1418 304
307 829 995 505 0 239 348 964 503 661 589 534 482 697 200 232 932 475 405 226 254 248 576 331 877 992 556 43 303 966 323 315 898 114 1038 408 1009 221
450 972 952 648 461 0 491 1107 646 804 732 677 625 840 343 375 1075 618 549 369 397 392 720 474 1021 1135 699 486 447 1109 466 458 1041 165 996 551 967 364
389 516 1247 193 570 491 0 652 191 504 296 222 170 384 452 484 620 163 272 478 247 241 443 198 565 680 243 594 555 653 316 567 585 366 1290 115 1261 146
983 285 1863 607 1186 1107 652 0 604 918 816 635 660 491 1068 1100 171 551 888 1094 864 858 1059 814 236 69 657 1211 1172 42 933 1183 136 982 1906 732 1877 763
442 469 1402 66 725 646 191 604 0 377 359 95 199 337 607 639 573 149 428 633 403 397 599 353 518 632 116 750 711 606 472 722 538 521 1445 271 1416 302
376 782 1560 379 766 804 504 918 377 0 672 314 513 650 649 593 886 462 741 599 699 693 912 666 831 945 293 791 658 919 768 762 851 679 1603 584 1574 615
629 680 1488 361 811 732 296 816 359 672 0 390 190 353 693 725 784 291 513 719 488 482 684 439 729 843 411 835 796 817 557 808 749 607 1531 229 1502 387
379 500 1433 97 756 677 222 635 95 314 390 0 231 368 638 597 604 180 459 602 434 428 630 384 549 663 53 781 662 637 503 754 569 553 1476 302 1447 333
523 525 1381 202 704 625 170 660 199 513 190 231 0 393 586 618 629 131 406 612 381 376 577 332 574 688 252 729 690 662 451 701 594 500 1424 200 1395 280
716 356 1596 339 919 840 384 491 337 650 353 368 393 0 801 833 459 283 621 827 596 591 792 547 404 519 390 943 904 492 665 916 424 715 1639 464 1610 495
295 933 1099 609 138 343 452 1068 607 649 693 638 586 801 0 119 1036 579 510 113 358 352 680 435 982 1096 631 163 124 1070 427 136 1002 218 1142 512 1113 325
239 965 1131 641 237 375 484 1100 639 593 725 597 618 833 119 0 1068 611 541 40 390 384 712 467 1013 1128 575 261 100 1102 459 204 1034 250 1174 544 1145 357
951 253 1831 575 1154 1075 620 171 573 886 784 604 629 459 1036 1068 0 519 857 1062 832 826 1028 782 204 198 625 1179 1140 172 901 1152 70 951 1874 700 1845 731
516 415 1374 151 697 618 163 551 149 462 291 180 131 283 579 611 519 0 399 605 374 369 570 325 464 578 201 721 682 552 443 694 484 493 1417 242 1388 273
507 890 1315 567 638 559 409 1026 565 732 650 596 544 758 520 552 994 537 0 546 215 209 192 393 939 1054 617 663 624 1027 284 636 959 435 1358 470 1329 282
245 959 1125 635 231 369 478 1094 633 599 719 602 612 827 113 40 1062 605 535 0 384 378 706 461 1007 1122 581 255 105 1096 453 210 1028 244 1168 538 1139 351
308 754 1116 431 439 360 273 890 429 596 514 460 408 622 321 353 858 400 331 347 0 174 502 257 803 917 481 463 424 891 81 436 823 235 1159 334 1130 146
314 761 1122 437 445 366 279 896 435 602 520 466 414 629 327 359 864 407 337 353 186 0 508 263 809 924 487 469 430 897 87 442 829 241 1165 340 1136 152
338 721 1146 397 469 390 240 856 395 562 481 426 374 589 351 383 825 367 298 377 46 40 0 223 770 884 448 493 454 858 115 466 790 265 1189 300 1160 113
582 965 1390 641 713 634 484 1100 639 806 725 670 618 833 595 627 1068 611 541 621 290 284 267 0 1014 1128 692 737 698 1102 359 710 1034 509 1433 544 1404 357
896 76 1776 520 1099 1021 565 236 518 831 729 549 574 404 982 1013 204 464 802 1007 777 771 973 728 0 264 570 1124 1085 238 846 1097 170 896 1820 645 1791 676
1011 313 1891 634 1214 1135 680 69 632 945 843 663 688 519 1096 1128 198 578 916 1122 891 886 1087 842 264 0 685 1239 1200 62 960 1211 164 1010 1934 759 1905 790
358 522 1454 118 749 699 243 657 116 293 411 53 252 390 631 575 625 201 480 581 455 449 651 406 570 685 0 774 640 658 524 745 590 574 1498 323 1469 354
284 806 972 482 295 216 325 941 480 638 566 511 459 674 177 209 909 452 382 203 231 225 553 308 854 969 532 0 280 943 300 292 875 91 1015 385 986 198
304 1028 1194 704 217 438 547 1163 702 658 788 662 681 896 124 100 1131 674 604 105 453 447 775 530 1076 1191 640 242 0 1165 522 125 1097 313 1237 607 1208 420
985 287 1865 608 1187 1109 653 42 606 919 817 637 662 492 1070 1102 172 552 890 1096 865 859 1061 816 238 62 658 1212 1173 0 934 1185 137 984 1908 733 1879 764
349 796 1157 472 480 401 315 931 470 637 556 501 449 664 362 394 899 442 373 388 221 216 544 298 845 959 523 505 466 933 0 478 865 277 1200 375 1171 188
409 1040 1205 716 229 450 558 1175 714 762 799 745 693 908 136 204 1143 686 616 210 465 459 787 542 1088 1203 745 254 125 1176 534 0 1108 325 1249 619 1220 432
917 219 1797 540 1119 1041 585 136 538 851 749 569 594 424 1002 1034 70 484 822 1028 797 791 993 748 170 164 590 1144 1105 137 866 1117 0 916 1840 665 1811 696
325 847 921 524 336 165 366 982 521 679 607 553 500 715 218 250 951 493 424 244 272 267 595 349 896 1010 574 361 322 984 342 334 916 0 964 426 935 239
1191 1713 280 1389 1201 937 1231 1848 1387 1544 1472 1418 1366 1580 1084 1115 1816 1359 1289 1109 1138 1132 1460 1215 1761 1876 1439 1226 1187 1849 1207 1199 1781 906 0 1292 294 1104
449 596 1307 273 630 551 115 732 271 584 229 302 200 464 512 544 700 242 332 538 308 302 503 258 645 759 323 655 616 733 377 627 665 426 1350 0 1321 207
1262 1784 40 1460 1273 1008 1303 1919 1458 1616 1544 1489 1437 1652 1155 1187 1887 1430 1360 1181 1209 1203 1531 1286 1832 1947 1510 1297 1258 1921 1278 1270 1853 977 83 1363 0 1176
312 627 1120 304 443 364 146 763 302 469 387 333 280 495 325 357 731 273 204 351 120 114 375 130 676 790 354 467 428 764 189 440 696 239 1163 207 1134 0
EOF