NAME : tsp_problem
TYPE : TSP
DIMENSION : 56
EDGE_WEIGHT_TYPE : EXPLICIT
EDGE_WEIGHT_FORMAT : FULL_MATRIX
EDGE_WEIGHT_SECTION
0 1260 792 1205 1172 543 861 912 284 1235 750 287 1034 320 978 1049 229 844 1312 1446 195 1205 1160 1486 982 1249 1325 1168 942 1198 893 1137 883 1082 1135 1285 1077 1064 1505 1203 1120 695 1076 836 1241 729 998 816 671 1207 1076 947 1177 906 1273 992
1276 0 1592 842 809 1182 865 1712 1036 871 1550 1230 921 1553 1778 1511 1462 1305 949 1083 1429 842 231 1123 420 886 961 805 1742 834 897 225 1344 719 175 2085 714 701 1142 301 757 878 712 839 877 1190 1460 819 854 98 713 1409 247 543 910 431
792 1592 0 1537 1504 1037 1193 151 891 1567 59 1037 1366 532 354 1008 617 803 1645 1779 796 1537 1492 1818 1314 1581 1657 1500 228 1530 1225 1469 842 1414 1467 661 1410 1396 1837 1535 1452 1027 1408 1168 1573 688 957 1148 1003 1539 1408 907 1509 1238 1605 1325
1221 842 1537 0 59 1127 810 1657 981 440 1495 1175 866 1498 1722 1456 1407 1250 518 652 1374 22 742 692 563 260 530 64 1687 295 841 718 1289 185 716 2030 180 181 711 784 110 823 234 784 56 1135 1405 764 799 789 179 1354 758 351 479 574
1188 809 1504 59 0 1095 777 1624 948 480 1463 1142 833 1465 1690 1423 1374 1218 557 691 1341 60 709 731 530 299 569 31 1654 334 809 686 1256 152 683 1997 148 148 750 751 77 790 202 752 95 1102 1372 731 766 756 146 1321 725 318 518 541
543 1166 1037 1111 1078 0 768 1157 303 1141 995 497 940 821 1222 956 730 750 1219 1353 696 1112 1067 1392 888 1155 1231 1075 1187 1104 800 1043 789 988 1041 1530 984 971 1412 1109 1026 601 982 742 1147 635 905 722 577 1114 982 854 1083 813 1179 899
877 865 1193 810 777 784 0 1314 637 840 1152 831 368 1155 1379 1112 1064 907 917 1051 1030 810 765 1091 586 854 929 773 1344 803 193 742 946 687 739 1686 682 669 1110 807 725 272 680 136 846 792 1061 82 315 812 681 1010 781 511 878 597
912 1712 151 1657 1624 1157 1314 0 1011 1687 179 1157 1486 652 380 1129 737 923 1765 1899 916 1658 1613 1938 1434 1701 1777 1620 169 1650 1345 1589 962 1534 1587 673 1530 1517 1958 1655 1572 1147 1528 1288 1693 808 1077 1268 1123 1660 1528 1027 1629 1359 1725 1445
284 1020 891 965 932 303 621 1011 0 995 849 238 794 561 1076 809 470 604 1073 1207 437 965 920 1246 742 1009 1085 928 1041 958 653 897 643 842 895 1384 838 824 1265 963 880 455 836 596 1001 489 758 576 431 967 836 708 937 666 1033 753
1251 871 1567 440 480 1157 840 1687 1011 0 1525 1205 896 1528 1752 1486 1437 1280 165 338 1404 442 772 338 593 244 216 484 1717 193 871 748 1319 605 746 2060 600 601 397 814 530 853 655 814 384 1165 1434 794 828 819 599 1384 788 518 125 604
750 1550 59 1495 1463 995 1152 179 849 1525 0 995 1324 490 312 967 576 761 1603 1737 755 1496 1451 1776 1272 1540 1615 1459 209 1488 1184 1427 800 1372 1425 620 1368 1355 1796 1493 1410 985 1366 1126 1531 646 916 1106 961 1498 1366 865 1467 1197 1564 1283
287 1214 1037 1159 1126 497 815 1157 238 1189 995 0 988 564 1222 1003 473 798 1266 1401 440 1159 1114 1440 936 1203 1279 1122 1187 1152 847 1091 837 1036 1089 1530 1032 1018 1459 1157 1074 649 1030 790 1195 683 952 770 625 1161 1030 902 1131 860 1227 946
868 1002 1184 946 914 775 298 1305 629 976 1143 822 0 1146 1370 1103 1055 898 1054 1188 1021 947 902 1227 723 991 1066 910 1335 939 330 878 937 824 876 1677 819 806 1247 944 862 263 817 273 982 783 1052 252 306 949 818 1001 918 648 1015 734
320 1537 532 1482 1449 821 1139 652 561 1512 490 564 1311 0 717 1003 145 797 1590 1724 324 1483 1438 1763 1259 1526 1602 1445 682 1475 1170 1414 836 1359 1412 1025 1355 1342 1783 1480 1397 972 1353 1113 1518 682 952 1093 948 1485 1353 901 1454 1184 1550 1270
978 1778 354 1722 1690 1222 1379 380 1076 1752 312 1222 1551 717 0 1194 803 988 1830 1964 982 1723 1678 2003 1499 1767 1842 1686 270 1715 1411 1654 1027 1600 1652 469 1595 1582 2023 1720 1638 1212 1593 1354 1758 873 1143 1333 1188 1725 1594 1092 1694 1424 1791 1510
1049 1511 1008 1456 1423 956 1112 1129 809 1486 967 1003 1285 1003 1194 0 1088 578 1563 1697 1202 1456 1411 1737 1233 1500 1576 1419 1159 1449 1144 1388 408 1333 1386 1501 1328 1315 1756 1454 1371 946 1327 1087 1492 463 311 1067 922 1458 1327 141 1428 1157 1524 1243
229 1446 617 1391 1358 730 1048 737 470 1421 576 473 1220 145 803 1088 0 883 1499 1633 233 1392 1347 1672 1168 1435 1511 1354 767 1384 1079 1323 922 1268 1321 1110 1264 1251 1692 1389 1306 881 1262 1022 1427 768 1037 1002 857 1394 1262 987 1363 1093 1459 1179
844 1305 803 1250 1218 750 907 923 604 1280 761 798 1079 797 988 578 883 0 1358 1492 997 1251 1206 1531 1027 1294 1370 1214 953 1243 939 1182 411 1127 1180 1296 1123 1110 1551 1248 1165 740 1121 881 1286 137 527 861 716 1253 1121 476 1222 952 1319 1038
1329 949 1645 518 557 1235 917 1765 1089 165 1603 1283 973 1606 1830 1563 1515 1358 0 416 1482 520 850 313 671 322 294 562 1795 271 949 826 1397 683 824 2138 678 678 475 892 607 930 732 892 462 1243 1512 872 906 896 677 1462 866 595 101 682
1463 1083 1779 652 691 1369 1051 1899 1223 338 1737 1417 1108 1740 1964 1697 1649 1492 416 0 1616 654 984 589 805 456 279 696 1929 405 1083 960 1531 817 958 2272 812 813 141 1026 742 1064 866 1026 596 1377 1646 1006 1040 1031 811 1596 1000 729 377 816
195 1413 796 1358 1325 696 1014 916 437 1388 755 440 1187 324 982 1202 233 997 1465 1600 0 1358 1313 1639 1135 1402 1478 1321 946 1351 1046 1290 1036 1235 1288 1289 1231 1217 1658 1356 1273 848 1229 989 1394 882 1151 969 824 1360 1229 1101 1330 1059 1426 1145
1221 842 1537 22 60 1128 810 1658 982 442 1496 1175 866 1499 1723 1456 1408 1251 520 654 1374 0 742 694 564 262 532 64 1688 297 842 719 1290 185 717 2030 181 181 713 785 110 823 235 785 58 1136 1405 765 799 789 179 1354 759 352 481 575
1176 231 1492 742 709 1083 765 1613 937 772 1451 1130 821 1454 1678 1411 1363 1206 850 984 1329 742 0 1023 298 786 862 705 1643 735 797 104 1245 619 330 1985 615 601 1042 456 657 778 613 740 778 1091 1360 720 754 253 613 1309 41 443 810 309
1502 1123 1818 692 731 1408 1091 1938 1262 338 1776 1456 1147 1779 2003 1737 1688 1531 313 589 1655 694 1023 0 844 495 467 735 1968 444 1122 999 1570 856 997 2311 852 852 648 1065 781 1104 906 1065 635 1416 1686 1045 1080 1070 850 1635 1039 769 237 855
998 420 1314 563 530 904 586 1434 758 593 1272 952 643 1275 1499 1233 1184 1027 671 805 1151 564 298 844 0 607 683 526 1464 556 618 275 1066 440 353 1807 436 423 864 421 478 599 434 561 599 912 1181 541 575 426 434 1131 315 265 631 72
1265 886 1581 260 299 1172 854 1701 1025 244 1540 1219 910 1542 1767 1500 1451 1294 322 456 1418 262 786 495 607 0 334 303 1731 99 886 763 1333 424 760 2074 420 420 515 828 349 867 474 828 203 1179 1449 808 843 833 418 1398 802 532 283 618
1341 961 1657 530 569 1247 929 1777 1101 216 1615 1295 986 1618 1842 1576 1527 1370 294 279 1494 532 862 467 683 334 0 574 1807 283 961 838 1409 695 836 2150 690 691 338 904 620 942 744 904 474 1255 1524 884 918 909 689 1474 878 608 255 694
1184 805 1500 64 31 1091 773 1620 944 484 1459 1138 829 1462 1686 1419 1370 1214 562 696 1337 64 705 735 526 303 574 0 1650 339 805 682 1252 148 679 1993 144 144 754 747 73 786 198 748 100 1098 1368 727 762 752 142 1317 722 314 522 537
942 1742 228 1687 1654 1187 1344 169 1041 1717 209 1187 1516 682 270 1159 767 953 1795 1929 946 1688 1643 1968 1464 1731 1807 1650 0 1680 1375 1619 992 1564 1617 564 1560 1547 1988 1685 1602 1177 1558 1318 1723 838 1107 1298 1153 1690 1558 1057 1659 1389 1755 1475
1214 834 1530 295 334 1120 803 1650 974 193 1488 1168 859 1491 1715 1449 1400 1243 271 405 1367 297 735 444 556 99 283 339 1680 0 834 711 1282 460 709 2023 455 455 464 777 384 816 509 777 239 1128 1397 757 792 782 454 1347 751 481 231 567
783 855 1099 800 767 690 151 1219 543 829 1058 737 358 1060 1285 1018 969 812 907 1041 936 800 755 1081 576 844 919 763 1249 792 0 732 851 677 729 1592 672 659 1100 797 715 177 670 126 836 697 967 106 220 802 671 916 771 501 868 587
1153 225 1469 718 686 1059 742 1589 913 748 1427 1107 798 1430 1654 1388 1339 1182 826 960 1306 719 104 999 275 763 838 682 1619 711 773 0 1221 596 324 1962 591 578 1019 450 633 755 589 716 754 1067 1337 696 731 247 590 1286 120 420 787 286
883 1344 842 1289 1256 789 946 962 643 1319 800 837 1118 836 1027 408 922 411 1397 1531 1036 1290 1245 1570 1066 1333 1409 1252 992 1282 977 1221 0 1166 1219 1335 1162 1148 1590 1287 1204 779 1160 920 1325 296 357 900 755 1292 1160 307 1261 990 1357 1077
1098 719 1414 185 152 1004 687 1534 858 605 1372 1052 743 1375 1600 1333 1284 1127 683 817 1251 185 619 856 440 424 695 148 1564 460 719 596 1166 0 593 1907 37 58 875 661 100 700 91 661 221 1012 1282 641 676 666 35 1231 635 228 643 451
1151 175 1467 716 683 1057 739 1587 911 746 1425 1105 796 1428 1652 1386 1337 1180 824 958 1304 717 330 997 353 760 836 679 1617 709 771 324 1219 593 0 1960 589 576 1017 175 631 752 587 714 752 1065 1334 694 728 122 587 1284 346 418 784 364
1285 2085 661 2030 1997 1530 1686 673 1384 2060 620 1530 1859 1025 469 1501 1110 1296 2138 2272 1289 2030 1985 2311 1807 2074 2150 1993 564 2023 1718 1962 1335 1907 1960 0 1903 1889 2330 2028 1945 1520 1901 1661 2066 1181 1450 1641 1496 2032 1901 1400 2002 1731 2098 1818
1094 714 1410 180 148 1000 682 1530 854 600 1368 1048 739 1371 1595 1328 1280 1123 678 812 1247 181 615 852 436 420 690 144 1560 455 714 591 1162 37 589 1903 0 53 871 657 95 695 85 657 216 1008 1277 637 671 662 31 1227 631 224 639 447
1080 701 1396 181 148 987 669 1517 840 601 1355 1034 725 1358 1582 1315 1267 1110 678 813 1233 181 601 852 423 420 691 144 1547 455 701 578 1148 58 576 1889 53 0 871 644 96 682 107 644 217 994 1264 623 658 648 52 1213 618 210 639 433
1521 1142 1837 711 750 1428 1110 1958 1282 397 1796 1475 1166 1799 2023 1756 1708 1551 475 141 1674 713 1042 648 864 515 338 754 1988 464 1142 1019 1590 875 1017 2330 871 871 0 1085 800 1123 925 1085 655 1436 1705 1065 1099 1089 869 1654 1059 788 435 875
1219 301 1535 784 751 1125 807 1655 979 814 1493 1173 864 1496 1720 1454 1405 1248 892 1026 1372 785 456 1065 421 828 904 747 1685 777 839 450 1287 661 175 2028 657 644 1085 0 699 820 655 782 820 1133 1402 762 796 248 655 1352 472 486 852 432
1136 757 1452 110 77 1042 725 1572 896 530 1410 1090 781 1413 1638 1371 1322 1165 607 742 1289 110 657 781 478 349 620 73 1602 384 756 633 1204 100 631 1945 95 96 800 699 0 738 149 699 146 1050 1320 679 714 704 94 1269 673 266 568 489
711 878 1027 823 790 617 272 1147 471 853 985 665 478 988 1212 946 897 740 930 1064 864 823 778 1104 599 867 942 786 1177 816 303 755 779 700 752 1520 695 682 1123 820 738 0 693 246 859 625 894 226 148 825 694 844 794 524 891 610
1092 712 1408 234 202 998 680 1528 852 655 1366 1046 737 1369 1593 1327 1278 1121 732 866 1245 235 613 906 434 474 744 198 1558 509 712 589 1160 91 587 1901 85 107 925 655 149 693 0 655 270 1006 1275 635 669 660 85 1225 629 222 693 445
891 963 1207 907 875 797 259 1327 651 937 1165 845 466 1168 1393 1126 1077 920 1015 1149 1044 908 863 1188 684 952 1027 871 1357 900 123 839 959 785 837 1700 780 767 1208 905 823 285 778 0 943 805 1075 213 328 910 779 1024 879 609 976 695
1257 877 1573 56 95 1163 846 1693 1017 384 1531 1211 902 1534 1758 1492 1443 1286 462 596 1410 58 778 635 599 203 474 100 1723 239 877 754 1325 221 752 2066 216 217 655 820 146 859 270 820 0 1171 1440 800 835 825 215 1390 794 387 422 610
729 1190 688 1135 1102 635 792 808 489 1165 646 683 964 682 873 463 768 137 1243 1377 882 1136 1091 1416 912 1179 1255 1098 838 1128 823 1067 296 1012 1065 1181 1008 994 1436 1133 1050 625 1006 766 1171 0 412 746 601 1138 1006 361 1107 837 1203 923
998 1460 957 1405 1372 905 1061 1077 758 1434 916 952 1233 952 1143 311 1037 527 1512 1646 1151 1405 1360 1686 1181 1449 1524 1368 1107 1397 1093 1337 357 1282 1334 1450 1277 1264 1705 1402 1320 894 1275 1036 1440 412 0 1016 870 1407 1276 257 1376 1106 1473 1192
832 819 1148 764 731 738 82 1268 592 794 1106 786 322 1109 1333 1067 1018 861 872 1006 985 765 720 1045 541 808 884 727 1298 757 147 696 900 641 694 1641 637 623 1065 762 679 226 635 90 800 746 1016 0 269 767 635 965 736 466 832 552
687 854 1003 799 766 593 315 1123 447 828 961 641 521 964 1188 922 873 716 906 1040 840 799 754 1080 575 843 918 762 1153 792 346 731 755 676 728 1496 671 658 1099 796 714 148 669 289 835 601 870 269 0 801 670 820 770 500 867 586
1223 98 1539 789 756 1130 812 1660 983 819 1498 1177 868 1501 1725 1458 1410 1253 896 1031 1376 789 253 1070 426 833 909 752 1690 782 844 247 1292 666 122 2032 662 648 1089 248 704 825 660 787 825 1138 1407 767 801 0 660 1356 269 490 857 437
1092 713 1408 179 146 998 681 1528 852 599 1366 1046 737 1369 1594 1327 1278 1121 677 811 1245 179 613 850 434 418 689 142 1558 454 713 590 1160 35 587 1901 31 52 869 655 94 694 85 655 215 1006 1276 635 670 660 0 1225 629 222 637 445
947 1409 907 1354 1321 854 1010 1027 708 1384 865 902 1183 901 1092 141 987 476 1462 1596 1101 1354 1309 1635 1131 1398 1474 1317 1057 1347 1042 1286 307 1231 1284 1400 1227 1213 1654 1352 1269 844 1225 985 1390 361 257 965 820 1356 1225 0 1326 1055 1422 1142
1193 247 1509 758 725 1099 781 1629 953 788 1467 1147 838 1470 1694 1428 1379 1222 866 1000 1346 759 41 1039 315 802 878 722 1659 751 813 120 1261 635 346 2002 631 618 1059 472 673 794 629 756 794 1107 1376 736 770 269 629 1326 0 460 826 325
922 543 1238 351 318 829 511 1359 682 518 1197 876 567 1200 1424 1157 1109 952 595 729 1075 352 443 769 265 532 608 314 1389 481 543 420 990 228 418 1731 224 210 788 486 266 524 222 486 387 837 1106 466 500 490 222 1055 460 0 556 275
1289 910 1605 479 518 1196 878 1725 1049 125 1564 1243 934 1566 1791 1524 1475 1319 101 377 1442 481 810 237 631 283 255 522 1755 231 910 787 1357 643 784 2098 639 639 435 852 568 891 693 852 422 1203 1473 832 867 857 637 1422 826 556 0 642
1009 431 1325 574 541 915 597 1445 769 604 1283 963 654 1286 1510 1243 1195 1038 682 816 1162 575 309 855 72 618 694 537 1475 567 629 286 1077 451 364 1818 447 433 875 432 489 610 445 572 610 923 1192 552 586 437 445 1142 325 275 642 0
EOF