NAME : tsp_problem
TYPE : TSP
DIMENSION : 88
EDGE_WEIGHT_TYPE : EXPLICIT
EDGE_WEIGHT_FORMAT : FULL_MATRIX
EDGE_WEIGHT_SECTION
0 1270 1507 1069 907 1240 895 1273 1399 839 1399 243 1304 1132 1182 212 1481 392 1218 1077 923 1529 1112 1481 1075 1503 931 1366 1687 1048 1036 1196 282 1393 1248 920 1393 951 1634 234 1691 1472 1403 1236 1406 1491 1462 1096 1089 1390 1159 1133 898 1406 1276 482 702 1172 1499 1124 889 1227 258 1460 1479 1066 1625 1379 900 1427 1415 1099 1156 1398 1487 1565 161 1516 1677 543 1360 1149 1311 181 888 1348 392 1614
1270 0 575 520 559 238 608 436 331 604 1053 1182 103 786 271 1262 609 1133 160 731 575 605 943 632 548 574 484 368 684 367 867 620 1013 327 293 646 1047 615 385 1063 688 223 182 178 157 636 534 456 323 354 813 606 397 157 537 842 714 510 654 778 541 225 1037 211 230 523 492 330 515 1258 287 930 987 891 558 641 1352 1010 483 1593 347 685 862 1122 541 99 1095 464
1507 575 0 881 920 546 728 262 296 719 1414 1420 643 1147 600 1499 239 1349 648 1092 936 235 1304 261 542 88 604 264 248 487 1228 981 1250 291 501 639 1409 608 223 1301 251 382 423 630 506 265 163 448 507 288 1174 564 758 506 381 1059 834 502 168 1139 661 558 1274 452 367 516 147 276 635 1619 313 1291 1348 1252 71 271 1589 1371 199 1830 257 503 1223 1359 661 513 1332 137
1069 520 881 0 385 555 552 647 773 548 589 981 554 321 514 1088 855 959 468 267 401 903 479 855 493 877 428 740 1099 422 403 251 839 767 611 590 583 560 884 862 1102 722 681 486 655 865 836 470 463 764 349 550 223 655 650 668 593 546 957 314 486 543 863 710 729 468 990 753 460 793 786 465 522 522 860 939 1151 640 982 1419 734 630 493 920 486 598 818 963
907 559 920 385 0 595 473 686 812 418 918 820 593 651 553 899 894 770 507 597 70 942 809 894 532 916 467 780 1138 461 732 485 650 806 650 498 913 529 923 701 1142 761 720 525 695 904 875 509 502 803 679 589 187 695 689 479 404 585 996 644 467 582 674 749 768 507 1030 792 478 1123 825 795 852 756 900 978 989 875 1021 1230 773 669 727 759 466 637 732 1002
1240 238 546 555 595 0 461 311 382 456 1089 1152 160 821 103 1232 519 1082 118 767 610 568 979 520 328 542 336 405 763 220 903 655 983 378 71 425 1083 394 538 1033 767 376 233 100 373 529 501 234 176 405 849 385 433 373 315 792 567 288 621 814 394 28 1007 318 383 302 645 381 368 1293 338 965 1022 927 525 603 1322 1045 636 1563 398 465 898 1092 394 316 1065 617
895 608 728 552 473 461 0 493 620 111 1086 807 551 818 403 887 702 737 509 764 488 750 976 702 340 724 152 587 946 269 899 652 638 614 469 192 1080 222 921 688 949 767 624 491 743 712 683 317 310 611 846 397 429 743 497 447 221 393 771 811 109 448 661 708 774 314 845 599 120 1290 636 962 1019 923 707 786 977 1042 897 1218 580 420 894 747 109 686 719 835
1273 436 262 647 686 311 493 0 154 484 1180 1185 455 913 366 1265 293 1115 414 858 701 289 1070 315 307 258 369 121 480 253 994 747 1016 148 266 404 1174 374 455 1066 483 460 280 395 488 319 217 213 273 145 940 364 524 488 146 825 600 267 338 905 427 323 1040 401 467 282 380 133 401 1385 170 1057 1114 1018 241 325 1355 1136 431 1596 115 444 989 1125 427 431 1097 369
1399 331 296 773 812 382 620 154 0 611 1306 1311 396 1039 416 1391 327 1241 431 984 828 323 1196 350 433 292 495 86 514 379 1120 873 1142 45 392 531 1300 500 490 1192 518 355 175 413 384 353 251 340 399 72 1066 491 650 384 273 951 726 393 372 1031 553 370 1166 297 363 408 414 48 527 1511 65 1183 1240 1144 276 359 1481 1262 466 1722 65 570 1115 1251 553 326 1224 404
839 604 719 548 418 456 111 484 611 0 1081 752 546 814 398 831 693 682 505 759 433 741 971 693 264 694 148 578 876 265 895 648 582 605 460 109 1076 139 912 633 879 762 620 487 739 702 674 302 306 602 841 321 408 739 488 392 166 378 688 806 105 444 606 704 770 254 836 590 116 1286 627 958 1015 919 698 777 922 1038 888 1162 571 337 890 691 105 681 664 826
1316 872 1233 503 738 908 905 999 1125 900 0 1229 906 448 866 1396 1207 1311 821 361 753 1255 726 1207 845 1229 780 1093 1451 774 650 277 1191 1119 963 942 678 912 1236 1110 1455 1074 1033 838 1008 1217 1188 822 815 1117 443 902 575 1008 1002 1020 945 898 1309 409 838 895 1215 1062 1081 820 1343 1105 812 1041 1138 713 770 268 1213 1291 1398 387 1334 1727 1086 982 182 1168 838 950 1066 1315
243 1182 1420 981 820 1152 807 1185 1311 752 1311 0 1217 1044 1094 323 1393 503 1131 989 835 1442 1024 1393 988 1416 844 1279 1599 961 948 1108 393 1306 1161 833 1306 863 1546 146 1603 1384 1316 1149 1318 1403 1375 1008 1002 1303 1071 1045 810 1318 1189 394 614 1084 1412 1037 801 1140 369 1372 1392 978 1537 1291 812 1339 1327 1011 1068 1310 1399 1477 201 1429 1589 654 1272 1061 1224 95 801 1260 305 1527
1304 103 643 554 593 160 551 455 396 546 1087 1217 0 820 193 1296 663 1167 194 766 609 670 977 663 472 639 426 432 766 310 901 654 1047 391 215 569 1082 538 467 1098 770 305 247 190 239 673 598 378 266 419 847 529 431 239 459 876 657 432 719 813 484 147 1071 293 313 446 574 395 458 1292 352 964 1021 925 623 706 1386 1044 565 1627 411 609 896 1156 484 181 1129 546
1401 900 1261 531 765 936 932 1027 1153 928 769 1314 934 0 894 1468 1235 1339 848 447 781 1283 811 1235 873 1257 808 1120 1479 802 735 305 1219 1147 991 970 763 940 1264 1195 1482 1102 1061 866 1035 1245 1216 850 843 1144 529 930 603 1035 1030 1048 973 926 1337 494 866 923 1243 1090 1109 848 1370 1133 840 1126 1166 798 855 296 1240 1319 1483 414 1362 1799 1114 1010 267 1253 866 978 1151 1343
1182 271 600 514 553 103 403 366 416 398 1047 1094 193 780 0 1174 574 1024 152 725 568 622 937 574 343 596 279 452 818 162 861 614 925 411 159 441 1041 410 571 975 821 409 266 133 407 584 555 288 118 439 807 401 391 407 369 734 509 342 676 772 336 91 949 351 417 318 678 414 310 1252 371 924 981 885 580 658 1264 1003 669 1505 431 480 856 1034 336 349 1007 650
212 1262 1499 1088 899 1232 887 1265 1391 831 1479 323 1296 1212 1174 0 1473 305 1210 1157 915 1521 1192 1473 1067 1495 923 1358 1679 1040 1116 1188 273 1385 1240 912 1473 942 1626 313 1683 1464 1395 1228 1397 1483 1454 1088 1081 1382 1239 1125 890 1397 1268 474 694 1164 1491 1204 880 1219 249 1452 1471 1058 1617 1371 892 1507 1407 1178 1235 1459 1479 1557 348 1578 1669 358 1352 1141 1391 261 880 1340 472 1606
1481 609 239 855 894 519 702 293 327 693 1388 1393 663 1121 574 1473 0 1323 622 1066 910 85 1278 70 515 235 577 295 456 461 1202 955 1224 321 474 613 1382 582 432 1274 460 591 453 604 662 80 98 421 481 319 1148 573 732 662 232 1033 808 475 314 1113 635 531 1248 575 576 490 356 307 609 1593 343 1265 1322 1226 218 120 1563 1344 408 1804 288 649 1197 1333 635 604 1306 346
392 1133 1349 959 770 1082 737 1115 1241 682 1492 503 1167 1225 1024 305 1323 0 1081 1170 786 1371 1236 1323 918 1345 774 1209 1529 890 1160 1059 305 1235 1090 763 1486 793 1496 485 1533 1334 1245 1099 1268 1333 1304 938 931 1233 1252 975 760 1268 1118 344 544 1014 1342 1217 731 1070 328 1322 1342 908 1467 1221 742 1551 1257 1223 1280 1330 1329 1407 528 1448 1519 636 1202 991 1301 441 731 1210 517 1456
1218 160 648 468 507 118 509 414 431 505 1001 1131 194 734 152 1210 622 1081 0 680 523 670 892 622 430 644 385 467 823 268 815 568 961 426 174 527 996 497 524 1012 826 362 282 49 296 632 603 336 225 454 762 487 345 296 417 790 615 390 724 727 442 106 985 350 369 405 630 430 417 1206 387 878 935 839 628 706 1300 958 622 1541 446 567 810 1070 442 238 1043 603
1387 943 1304 574 809 979 976 1070 1196 971 754 1300 977 519 937 1467 1278 1382 891 0 824 1326 797 1278 916 1300 851 1164 1522 845 721 348 1262 1190 1034 1013 749 983 1307 1180 1526 1145 1104 909 1079 1288 1259 893 886 1188 101 973 646 1079 1073 1091 1016 969 1380 479 909 966 1286 1133 1152 891 1414 1176 883 1112 1209 784 841 339 1284 1362 1469 458 1405 1798 1157 1053 253 1239 909 1021 1137 1386
923 575 936 401 70 610 488 701 828 433 934 835 609 667 568 915 910 786 523 612 0 958 824 910 548 932 483 795 1153 477 748 501 666 822 666 514 928 544 938 716 1157 776 735 541 710 919 891 525 518 819 694 605 202 710 705 494 419 601 1011 659 482 598 690 764 784 522 1045 807 493 1139 840 811 868 772 915 994 1005 890 1037 1246 788 685 743 775 482 652 748 1017
1529 605 235 903 942 568 750 289 323 741 1436 1442 670 1169 622 1521 85 1371 670 1114 958 0 1326 107 564 231 626 291 452 509 1250 1003 1272 317 523 661 1430 630 428 1322 456 587 449 652 658 111 94 470 529 315 1196 621 780 658 281 1081 856 523 310 1161 683 580 1296 571 572 538 352 303 657 1641 339 1313 1370 1274 214 55 1611 1393 404 1852 284 645 1245 1381 683 600 1354 342
1112 943 1304 479 809 979 976 1070 1196 971 809 1024 977 542 937 1192 1278 1236 892 487 824 1326 0 1278 916 1300 851 1164 1522 845 385 674 1117 1190 1034 1013 803 983 1307 905 1526 1145 1104 909 1079 1288 1259 893 886 1188 569 973 646 1079 1073 1026 1016 969 1380 534 909 966 1140 1133 1152 891 1414 1176 883 349 1209 48 88 808 1284 1362 1194 926 1405 1523 1157 1053 721 964 909 1021 862 1386
1481 632 261 855 894 520 702 315 350 693 1388 1393 663 1121 574 1473 70 1323 622 1066 910 107 1278 0 516 257 578 317 479 461 1202 955 1224 344 475 613 1382 582 455 1274 482 613 476 604 684 80 120 422 481 341 1148 573 732 684 232 1033 808 475 337 1113 635 532 1248 597 599 490 379 329 609 1593 366 1265 1322 1226 240 143 1563 1345 431 1804 310 653 1197 1333 635 626 1306 368
1075 548 542 493 532 328 340 307 433 264 1026 988 472 759 343 1067 515 918 430 704 548 564 916 516 0 538 216 401 740 210 840 593 818 428 283 184 1020 154 735 869 743 688 545 412 684 525 497 125 251 425 786 85 370 684 311 628 402 201 552 751 273 340 842 629 695 77 659 413 247 1231 450 903 960 864 521 599 1158 983 711 1398 394 164 835 927 273 626 900 649
1503 574 88 877 916 542 724 258 292 694 1410 1416 639 1143 596 1495 235 1345 644 1088 932 231 1300 257 538 0 600 260 289 483 1224 977 1246 287 497 635 1405 604 281 1296 292 440 419 626 564 261 159 444 503 284 1170 498 754 564 377 1055 830 498 101 1135 657 554 1270 510 425 512 205 272 631 1615 308 1287 1344 1248 37 266 1585 1367 257 1826 253 436 1219 1355 657 569 1328 195
931 484 604 428 467 336 152 369 495 148 961 844 426 694 279 923 577 774 385 639 483 626 851 578 216 600 0 463 821 145 775 528 674 490 345 229 956 259 797 725 825 642 500 367 619 587 559 193 186 487 721 273 305 619 373 484 258 269 679 686 85 324 698 584 650 190 721 475 71 1166 512 838 895 799 583 661 1013 918 773 1254 456 353 770 783 85 561 756 711
1366 368 264 740 780 405 587 121 86 578 1273 1279 432 1006 452 1358 295 1209 467 952 795 291 1164 317 401 260 463 0 481 346 1087 840 1109 80 360 498 1268 468 457 1160 485 391 212 449 420 321 219 307 367 77 1034 458 617 420 240 919 693 361 339 999 520 406 1133 333 399 376 381 65 494 1478 102 1150 1207 1111 243 326 1449 1230 433 1689 62 538 1082 1218 520 362 1191 371
1687 684 248 1099 1138 763 946 480 514 876 1632 1599 766 1365 818 1679 456 1529 823 1310 1153 452 1522 479 740 289 821 481 0 705 1446 1199 1430 508 718 856 1626 826 332 1480 26 491 640 841 615 483 381 665 725 505 1392 680 976 615 599 1239 1014 719 217 1357 879 775 1454 561 476 734 256 494 853 1837 530 1509 1566 1470 289 488 1769 1588 308 2010 475 618 1441 1539 879 622 1512 246
1048 367 487 422 461 220 269 253 379 265 955 961 310 688 162 1040 461 890 268 633 477 509 845 461 210 483 145 346 705 0 769 522 791 373 228 307 950 276 680 842 708 526 383 250 502 471 442 175 69 370 715 267 299 502 256 600 375 229 563 680 202 207 815 467 533 184 604 358 176 1160 395 832 889 793 466 545 1130 912 656 1371 339 347 764 900 202 445 873 594
1036 867 1228 403 732 903 899 994 1120 895 733 948 901 466 861 1116 1202 1160 815 411 748 1250 385 1202 840 1224 775 1087 1446 769 0 598 1040 1114 958 937 727 907 1231 829 1449 1069 1028 833 1003 1212 1183 817 810 1111 493 897 570 1003 997 950 940 893 1304 458 833 890 1064 1057 1076 815 1337 1100 807 700 1133 372 429 732 1208 1286 1118 850 1329 1447 1081 977 645 888 833 945 786 1310
1196 620 981 251 485 655 652 747 873 648 769 1108 654 517 614 1188 955 1059 568 447 501 1003 674 955 593 977 528 840 1199 522 598 0 939 867 711 690 763 660 984 989 1202 822 781 586 755 965 936 570 563 864 529 650 323 755 750 768 693 646 1057 494 586 643 963 810 829 568 1090 852 560 989 885 660 717 296 960 1039 1278 415 1082 1519 834 730 267 1048 585 698 1013 1062
282 1013 1250 839 650 983 638 1016 1142 582 1372 393 1047 1105 925 273 1224 305 961 1050 666 1272 1117 1224 818 1246 674 1109 1430 791 1040 939 0 1136 991 663 1367 693 1377 365 1434 1215 1146 979 1148 1234 1205 839 832 1133 1132 876 641 1148 1019 225 445 915 1242 1097 631 970 71 1203 1222 809 1368 1122 643 1431 1158 1103 1160 1210 1230 1308 418 1329 1420 604 1103 892 1181 331 631 1091 397 1357
1393 327 291 767 806 378 614 148 45 605 1300 1306 391 1033 411 1385 321 1235 426 978 822 317 1190 344 428 287 490 80 508 373 1114 867 1136 0 387 525 1295 494 484 1186 512 350 171 408 379 348 246 334 393 66 1060 485 644 379 267 945 720 388 366 1025 547 365 1160 292 358 402 408 42 521 1505 61 1177 1234 1138 270 353 1475 1257 460 1716 59 565 1109 1245 547 321 1218 398
1248 293 501 611 650 71 469 266 392 460 1144 1161 215 877 159 1240 474 1090 174 822 666 523 1034 475 283 497 345 360 718 228 958 711 991 387 0 380 1138 349 593 1042 722 431 289 156 429 484 456 189 232 384 904 340 488 429 270 801 575 243 576 869 402 83 1015 373 439 257 618 372 376 1349 393 1021 1078 982 480 558 1330 1101 670 1571 353 420 953 1100 402 371 1073 608
920 646 639 590 498 425 192 404 531 109 1123 833 569 856 441 912 613 763 527 801 514 661 1013 613 184 635 229 498 856 307 937 690 663 525 380 0 1118 114 832 714 860 785 642 509 781 622 594 222 348 522 883 241 467 781 408 473 247 298 673 848 186 437 687 727 792 174 756 510 197 1328 547 1000 1057 961 618 697 1002 1080 808 1243 491 321 932 772 186 723 745 746
1322 878 1239 509 744 914 911 1005 1131 906 689 1235 913 454 872 1402 1213 1317 827 367 759 1261 732 1213 851 1235 786 1099 1457 780 656 283 1197 1125 969 948 0 918 1242 1116 1461 1080 1039 845 1014 1223 1194 828 821 1123 449 908 581 1014 1008 1026 951 904 1315 415 844 901 1221 1068 1088 826 1349 1111 818 1047 1144 719 776 274 1219 1297 1404 393 1340 1733 1092 988 188 1174 844 956 1072 1321
951 615 608 560 529 394 222 374 500 139 1093 863 538 826 410 942 582 793 497 771 544 630 983 582 154 604 259 468 826 276 907 660 693 494 349 114 1087 0 802 744 830 754 612 479 751 592 563 192 317 491 853 211 437 751 377 503 277 268 678 818 216 406 717 696 762 144 726 480 227 1298 516 970 1027 931 588 666 1033 1049 778 1273 461 291 902 802 216 693 775 715
1634 385 223 884 923 538 921 455 490 912 1417 1546 467 1150 571 1626 432 1496 524 1095 938 428 1307 455 735 281 797 457 332 680 1231 984 1377 484 593 832 1411 802 0 1427 336 192 368 542 316 458 356 641 644 481 1177 757 761 316 574 1205 1027 695 361 1142 854 525 1401 262 177 710 140 469 829 1622 473 1294 1351 1255 265 464 1716 1373 207 1957 451 696 1226 1486 854 323 1458 112
234 1063 1301 862 701 1033 688 1066 1192 633 1192 146 1098 925 975 313 1274 485 1012 870 716 1322 905 1274 869 1296 725 1160 1480 842 829 989 365 1186 1042 714 1187 744 1427 0 1484 1265 1196 1030 1199 1284 1256 889 883 1184 952 926 691 1199 1070 275 495 965 1293 917 682 1021 359 1253 1273 859 1418 1172 693 1220 1208 892 949 1191 1280 1358 316 1310 1470 644 1153 942 1105 85 682 1141 186 1408
1691 688 251 1102 1142 767 949 483 518 879 1636 1603 770 1368 821 1683 460 1533 826 1314 1157 456 1526 482 743 292 825 485 26 708 1449 1202 1434 512 722 860 1630 830 336 1484 0 494 644 844 619 486 384 669 729 509 1396 683 979 619 602 1243 1017 723 221 1361 882 779 1457 565 480 738 260 497 856 1840 534 1512 1569 1473 293 492 1773 1592 312 2014 478 622 1444 1543 882 625 1515 249
1472 223 382 722 761 376 767 460 355 762 1255 1384 305 988 409 1464 591 1334 362 933 776 587 1145 613 688 440 642 391 491 526 1069 822 1215 350 431 785 1249 754 192 1265 494 0 206 380 154 617 515 594 482 378 1015 745 599 154 579 1043 873 648 520 980 700 363 1238 100 54 662 298 354 674 1460 311 1131 1188 1093 423 622 1554 1211 290 1794 370 825 1064 1324 700 160 1296 271
1403 182 423 681 720 233 624 280 175 620 1214 1316 247 947 266 1395 453 1245 282 892 735 449 1104 476 545 419 500 212 640 383 1028 781 1146 171 289 642 1208 612 368 1196 644 206 0 263 234 480 378 451 339 198 974 602 558 234 399 955 730 505 498 939 557 221 1170 147 213 520 474 174 531 1419 131 1090 1147 1052 402 485 1485 1170 466 1726 191 682 1023 1255 557 177 1228 447
1236 178 630 486 525 100 491 395 413 487 1019 1149 190 752 133 1228 604 1099 49 697 541 652 909 604 412 626 367 449 841 250 833 586 979 408 156 509 1014 479 542 1030 844 380 263 0 313 613 585 318 206 436 779 469 363 314 399 808 597 372 705 745 424 88 1003 348 387 387 648 411 398 1224 368 896 953 857 609 688 1318 976 640 1559 428 549 828 1088 424 256 1061 621
1406 157 506 655 695 373 743 488 384 739 1189 1318 239 921 407 1397 662 1268 296 867 710 658 1079 684 684 564 619 420 615 502 1003 755 1148 379 429 781 1183 751 316 1199 619 154 234 313 0 688 586 591 459 407 949 741 532 48 607 977 849 645 644 914 677 361 1172 197 162 659 423 383 651 1393 339 1065 1122 1026 548 694 1488 1145 414 1728 399 821 997 1257 676 94 1230 395
1491 636 265 865 904 529 712 319 353 702 1398 1403 673 1131 584 1483 80 1333 632 1076 919 111 1288 80 525 261 587 321 483 471 1212 965 1234 348 484 622 1392 592 458 1284 486 617 480 613 688 0 124 431 491 345 1158 582 742 688 242 1043 818 485 341 1123 645 541 1258 601 602 500 383 333 619 1603 370 1275 1332 1236 244 147 1573 1354 434 1814 314 662 1207 1343 645 630 1316 372
1462 534 163 836 875 501 683 217 251 674 1369 1375 598 1102 555 1454 98 1304 603 1047 891 94 1259 120 497 159 559 219 381 442 1183 936 1205 246 456 594 1364 563 356 1256 384 515 378 585 586 124 0 403 462 243 1129 554 713 586 294 1014 789 457 239 1094 616 513 1229 499 500 471 280 231 590 1574 268 1246 1303 1207 142 130 1544 1326 332 1785 212 574 1178 1314 616 528 1287 270
1096 456 448 470 509 234 317 213 340 302 1003 1008 378 736 288 1088 421 938 336 681 525 470 893 422 125 444 193 307 665 175 817 570 839 334 189 222 997 192 641 889 669 594 451 318 591 431 403 0 196 331 763 182 347 591 217 648 423 107 523 728 250 246 863 535 601 100 565 319 224 1208 356 880 937 841 427 505 1178 960 617 1419 300 262 812 948 250 534 921 555
1089 323 507 463 502 176 310 273 399 306 996 1002 266 729 118 1081 481 931 225 674 518 529 886 481 251 503 186 367 725 69 810 563 832 393 232 348 991 317 644 883 729 482 339 206 459 491 462 196 0 391 756 308 340 459 276 642 416 249 583 721 243 164 856 424 490 225 625 379 217 1201 415 873 930 834 487 565 1171 953 677 1412 360 388 805 941 243 401 914 614
1390 354 288 764 803 405 611 145 72 602 1297 1303 419 1030 439 1382 319 1233 454 976 819 315 1188 341 425 284 487 77 505 370 1111 864 1133 66 384 522 1292 491 481 1184 509 378 198 436 407 345 243 331 391 0 1058 482 641 407 264 943 717 385 363 1023 544 393 1157 320 386 399 405 52 518 1502 88 1174 1231 1135 267 350 1473 1254 457 1713 56 562 1106 1242 544 349 1215 395
1309 865 1226 496 730 901 897 992 1118 893 676 1221 899 441 859 1389 1200 1304 813 354 746 1248 719 1200 838 1222 773 1085 1444 767 643 270 1184 1112 956 935 670 905 1229 1102 1447 1067 1026 831 1001 1210 1181 815 808 1109 0 895 568 1001 995 1013 938 891 1302 401 831 888 1208 1055 1074 813 1335 1098 805 1034 1131 706 763 261 1206 1284 1391 380 1327 1720 1079 975 175 1161 831 943 1059 1308
1133 606 564 550 589 385 397 364 491 321 1083 1045 529 816 401 1125 573 975 487 761 605 621 973 573 85 498 273 458 680 267 897 650 876 485 340 241 1078 211 757 926 683 745 602 469 741 582 554 182 308 482 843 0 427 741 368 685 459 258 492 809 330 397 899 687 752 134 682 470 304 1288 507 960 1017 921 513 657 1215 1040 733 1455 451 104 892 984 330 683 957 671
898 397 758 223 187 433 429 524 650 408 756 810 431 489 391 890 732 760 345 434 202 780 646 732 370 754 305 617 976 299 570 323 641 644 488 467 751 437 761 691 979 599 558 363 532 742 713 347 340 641 516 427 0 532 527 469 394 423 834 482 363 420 665 587 606 345 867 630 337 961 663 633 690 594 738 816 980 713 859 1221 611 507 565 750 363 475 722 840
1406 157 506 655 695 373 743 488 384 739 1189 1318 239 921 407 1397 662 1268 296 867 710 658 1079 684 684 564 619 420 615 502 1003 755 1148 379 429 781 1183 751 316 1199 619 154 234 314 48 688 586 591 459 407 949 741 532 0 607 977 849 645 644 914 677 361 1172 197 162 659 423 383 651 1393 339 1065 1122 1026 548 694 1488 1145 414 1728 399 821 997 1257 676 94 1230 395
1276 537 381 650 689 315 497 146 273 488 1183 1189 459 916 369 1268 232 1118 417 861 705 281 1073 232 311 377 373 240 599 256 997 750 1019 267 270 408 1178 377 574 1070 602 579 399 399 607 242 294 217 276 264 943 368 527 607 0 829 603 271 457 909 430 327 1043 520 586 285 498 252 404 1388 289 1060 1117 1021 360 316 1358 1140 550 1599 233 448 992 1128 430 550 1101 488
482 842 1059 668 479 792 447 825 951 392 1201 394 876 934 734 474 1033 344 790 879 494 1081 1026 1033 628 1055 484 919 1239 600 950 768 225 945 801 473 1195 503 1205 275 1243 1043 955 808 977 1043 1014 648 642 943 961 685 469 977 829 0 254 724 1052 926 441 780 248 1031 1051 618 1177 931 452 1341 967 1013 1070 1039 1039 1117 564 1157 1229 804 912 701 1010 333 441 919 306 1167
702 714 834 593 404 567 221 600 726 166 1126 614 657 859 509 694 808 544 615 804 419 856 1016 808 402 830 258 693 1014 375 940 693 445 720 575 247 1120 277 1027 495 1017 873 730 597 849 818 789 423 416 717 886 459 394 849 603 254 0 499 826 851 215 554 469 814 880 392 951 705 226 1331 742 1003 1060 964 813 892 784 1082 1003 1025 686 475 935 554 215 792 527 941
1172 510 502 546 585 288 393 267 393 378 1079 1084 432 812 342 1164 475 1014 390 757 601 523 969 475 201 498 269 361 719 229 893 646 915 388 243 298 1073 268 695 965 723 648 505 372 645 485 457 107 249 385 839 258 423 645 271 724 499 0 577 804 326 300 939 589 655 176 619 373 300 1284 409 956 1013 917 481 559 1254 1036 671 1495 354 338 888 1024 326 587 997 609
1499 654 168 957 996 621 771 338 372 688 1490 1412 719 1223 676 1491 314 1342 724 1168 1011 310 1380 337 552 101 679 339 217 563 1304 1057 1242 366 576 673 1484 678 361 1293 221 520 498 705 644 341 239 523 583 363 1250 492 834 644 457 1052 826 577 0 1215 737 633 1266 590 505 592 285 352 711 1695 388 1367 1424 1328 117 346 1582 1446 337 1822 333 431 1299 1351 737 649 1324 275
1436 992 1353 623 857 1028 1024 1119 1245 1020 295 1348 1026 568 986 1516 1327 1431 940 481 873 1375 846 1327 965 1349 900 1212 1571 894 770 397 1311 1239 1083 1062 289 1032 1356 1229 1574 1194 1153 958 1127 1337 1308 942 935 1236 563 1022 695 1127 1122 1140 1065 1018 1429 0 958 1015 1335 1182 1201 940 1462 1225 932 1161 1258 833 890 388 1333 1411 1518 506 1454 1847 1206 1102 302 1288 958 1070 1186 1435
889 541 661 486 467 394 109 427 553 105 1019 801 484 752 336 880 635 731 442 697 482 683 909 635 273 657 85 520 879 202 833 586 631 547 402 186 1013 216 854 682 882 700 557 424 677 645 616 250 243 544 779 330 363 677 430 441 215 326 737 744 0 381 655 642 707 248 779 533 54 1224 569 895 952 857 640 719 971 975 831 1211 514 410 828 740 67 619 713 768
1227 225 558 543 582 28 448 323 370 444 1076 1140 147 809 91 1219 531 1070 106 754 598 580 966 532 340 554 324 406 775 207 890 643 970 365 83 437 1070 406 525 1021 779 363 221 88 361 541 513 246 164 393 836 397 420 361 327 780 554 300 633 801 381 0 994 305 371 314 632 369 355 1281 325 953 1010 914 537 615 1310 1033 624 1550 385 477 885 1079 381 303 1052 604
258 1037 1274 863 674 1007 661 1040 1166 606 1396 369 1071 1129 949 249 1248 328 985 1074 690 1296 1140 1248 842 1270 698 1133 1454 815 1064 963 71 1160 1015 687 1390 717 1401 359 1457 1238 1170 1003 1172 1258 1229 863 856 1157 1156 899 665 1172 1043 248 469 939 1266 1121 655 994 0 1226 1246 832 1391 1145 666 1455 1182 1127 1184 1234 1253 1332 394 1353 1443 580 1127 915 1205 307 655 1114 421 1381
1460 211 452 710 749 318 708 401 297 704 1243 1372 293 976 351 1452 575 1322 350 921 764 571 1133 597 629 510 584 333 561 467 1057 810 1203 292 373 727 1237 696 262 1253 565 100 147 348 197 601 499 535 424 320 1003 687 587 197 520 1031 814 589 590 968 642 305 1226 0 108 604 369 296 616 1448 252 1119 1176 1081 494 607 1542 1199 360 1782 312 766 1052 1312 642 203 1284 341
1479 230 367 729 768 383 774 467 363 770 1262 1392 313 995 417 1471 576 1342 369 940 784 572 1152 599 695 425 650 399 476 533 1076 829 1222 358 439 792 1257 762 177 1273 480 54 213 387 162 602 500 601 490 386 1022 752 606 162 586 1051 880 655 505 988 707 371 1246 108 0 670 284 361 682 1467 318 1139 1196 1100 409 608 1561 1219 275 1802 378 832 1071 1331 707 168 1304 256
1066 523 516 468 507 302 314 282 408 254 1001 978 446 734 318 1058 490 908 405 679 522 538 891 490 77 512 190 376 734 184 815 568 809 402 257 174 995 144 710 859 738 662 520 387 659 500 471 100 225 399 761 134 345 659 285 618 392 176 592 726 248 314 832 604 670 0 634 388 222 1206 424 878 934 839 496 574 1148 957 686 1389 369 214 810 918 248 601 890 623
1625 492 147 990 1030 645 845 380 414 836 1523 1537 574 1256 678 1617 356 1467 630 1202 1045 352 1414 379 659 205 721 381 256 604 1337 1090 1368 408 618 756 1518 726 140 1418 260 298 474 648 423 383 280 565 625 405 1284 682 867 423 498 1177 951 619 285 1249 779 632 1391 369 284 634 0 394 753 1728 430 1400 1457 1361 189 388 1707 1480 131 1948 375 620 1332 1477 779 429 1449 58
1379 330 276 753 792 381 599 133 48 590 1286 1291 395 1019 414 1371 307 1221 430 964 807 303 1176 329 413 272 475 65 494 358 1100 852 1122 42 372 510 1280 480 469 1172 497 354 174 411 383 333 231 319 379 52 1046 470 630 383 252 931 705 373 352 1011 533 369 1145 296 361 388 394 0 507 1491 64 1162 1219 1124 255 339 1461 1242 445 1701 44 550 1095 1230 532 325 1203 383
900 515 635 460 478 368 120 401 527 116 993 812 458 726 310 892 609 742 417 671 493 657 883 609 247 631 71 494 853 176 807 560 643 521 376 197 987 227 829 693 856 674 531 398 651 619 590 224 217 518 753 304 337 651 404 452 226 300 711 718 54 355 666 616 682 222 753 507 0 1198 543 870 926 831 615 693 982 949 805 1222 488 384 802 751 53 593 724 742
1427 1258 1619 793 1123 1293 1290 1385 1511 1286 1124 1339 1292 857 1252 1507 1593 1551 1206 802 1139 1641 349 1593 1231 1615 1166 1478 1837 1160 700 989 1431 1505 1349 1328 1118 1298 1622 1220 1840 1460 1419 1224 1393 1603 1574 1208 1201 1502 884 1288 961 1393 1388 1341 1331 1284 1695 849 1224 1281 1455 1448 1467 1206 1728 1491 1198 0 1524 362 304 1122 1598 1677 1509 1241 1720 1837 1472 1368 1036 1279 1223 1336 1176 1701
1415 287 313 786 825 338 636 170 65 627 1319 1327 352 1052 371 1407 343 1257 387 997 840 339 1209 366 450 308 512 102 530 395 1133 885 1158 61 393 547 1313 516 473 1208 534 311 131 368 339 370 268 356 415 88 1079 507 663 339 289 967 742 409 388 1044 569 325 1182 252 318 424 430 64 543 1524 0 1195 1252 1157 292 375 1497 1275 482 1738 81 587 1128 1267 569 282 1240 420
1099 930 1291 465 795 965 962 1057 1183 958 796 1011 964 528 924 1178 1265 1223 878 474 811 1313 48 1265 903 1287 838 1150 1509 832 372 660 1103 1177 1021 1000 790 970 1294 892 1512 1131 1090 896 1065 1275 1246 880 873 1174 556 960 633 1065 1060 1013 1003 956 1367 521 895 953 1127 1119 1139 878 1400 1162 870 362 1195 0 91 794 1270 1349 1181 913 1392 1509 1143 1040 708 950 895 1007 848 1372
1156 987 1348 522 852 1022 1019 1114 1240 1015 853 1068 1021 585 981 1235 1322 1280 935 531 868 1370 88 1322 960 1344 895 1207 1566 889 429 717 1160 1234 1078 1057 847 1027 1351 949 1569 1188 1147 953 1122 1332 1303 937 930 1231 613 1017 690 1122 1117 1070 1060 1013 1424 578 952 1010 1184 1176 1196 934 1457 1219 926 304 1252 91 0 851 1327 1406 1238 970 1449 1566 1200 1097 765 1007 952 1064 905 1429
1614 1268 1630 804 1134 1304 1301 1395 1521 1297 571 1527 1303 770 1262 1694 1603 1707 1217 715 1149 1651 1024 1603 1241 1626 1177 1489 1847 1171 948 834 1588 1516 1359 1339 566 1308 1632 1408 1851 1470 1429 1235 1404 1613 1585 1218 1212 1513 797 1299 972 1404 1399 1416 1341 1294 1705 762 1234 1291 1611 1458 1478 1216 1739 1501 1208 1339 1534 1011 1068 0 1609 1687 1696 204 1730 2025 1482 1378 739 1466 1234 1346 1364 1711
1487 558 71 860 900 525 707 241 276 698 1394 1399 623 1126 580 1479 218 1329 628 1072 915 214 1284 240 521 37 583 243 289 466 1208 960 1230 270 480 618 1388 588 265 1280 293 423 402 609 548 244 142 427 487 267 1154 513 738 548 360 1039 813 481 117 1119 640 537 1253 494 409 496 189 255 615 1598 292 1270 1327 1231 0 250 1569 1350 241 1809 237 452 1203 1338 640 553 1311 178
1565 641 271 939 978 603 786 325 359 777 1472 1477 706 1205 658 1557 120 1407 706 1150 994 55 1362 143 599 266 661 326 488 545 1286 1039 1308 353 558 697 1466 666 464 1358 492 622 485 688 694 147 130 505 565 350 1232 657 816 694 316 1117 892 559 346 1197 719 615 1332 607 608 574 388 339 693 1677 375 1349 1406 1310 250 0 1647 1428 440 1888 320 681 1281 1417 719 636 1390 378
161 1352 1589 1151 989 1322 977 1355 1481 922 1481 201 1386 1214 1264 348 1563 528 1300 1159 1005 1611 1194 1563 1158 1585 1013 1449 1769 1130 1118 1278 418 1475 1330 1002 1475 1033 1716 316 1773 1554 1485 1318 1488 1573 1544 1178 1171 1473 1241 1215 980 1488 1358 564 784 1254 1582 1206 971 1310 394 1542 1561 1148 1707 1461 982 1509 1497 1181 1238 1480 1569 1647 0 1598 1759 678 1442 1231 1393 265 970 1430 474 1696
1433 1087 1448 622 952 1122 1119 1213 1340 1115 389 1345 1121 588 1080 1512 1421 1526 1035 533 967 1470 843 1422 1060 1444 995 1307 1665 989 766 652 1406 1334 1178 1157 384 1126 1450 1226 1669 1288 1247 1053 1222 1431 1403 1037 1030 1331 615 1117 790 1222 1217 1234 1159 1113 1523 580 1052 1110 1430 1276 1296 1034 1557 1319 1026 1157 1352 829 886 643 1427 1505 1515 0 1549 1843 1300 1197 557 1284 1052 1164 1182 1529
1677 483 199 982 1021 636 897 431 466 888 1515 1589 565 1248 669 1669 408 1519 622 1193 1037 404 1405 431 711 257 773 433 308 656 1329 1082 1420 460 670 808 1509 778 207 1470 312 290 466 640 414 434 332 617 677 457 1275 733 859 414 550 1229 1003 671 337 1240 831 624 1443 360 275 686 131 445 805 1720 482 1392 1449 1353 241 440 1759 1472 0 1999 427 672 1324 1528 830 421 1501 120
543 1593 1830 1419 1230 1563 1218 1596 1722 1162 1810 654 1627 1543 1505 358 1804 636 1541 1488 1246 1852 1523 1804 1398 1826 1254 1689 2010 1371 1447 1519 604 1716 1571 1243 1804 1273 1957 644 2014 1794 1726 1559 1728 1814 1785 1419 1412 1713 1570 1455 1221 1728 1599 804 1025 1495 1822 1535 1211 1550 580 1782 1802 1389 1948 1701 1222 1837 1738 1509 1566 1790 1809 1888 678 1909 1999 0 1683 1471 1722 591 1211 1671 803 1937
1360 347 257 734 773 398 580 115 65 571 1267 1272 411 1000 431 1352 288 1202 446 945 788 284 1157 310 394 253 456 62 475 339 1081 834 1103 59 353 491 1261 461 451 1153 478 370 191 428 399 314 212 300 360 56 1027 451 611 399 233 912 686 354 333 992 514 385 1127 312 378 369 375 44 488 1472 81 1143 1200 1105 237 320 1442 1223 427 1683 0 531 1076 1212 514 341 1184 364
1149 685 503 630 669 465 420 444 570 337 1163 1061 609 896 480 1141 649 991 567 841 685 645 1053 653 164 436 353 538 618 347 977 730 892 565 420 321 1157 291 696 942 622 825 682 549 821 662 574 262 388 562 923 104 507 821 448 701 475 338 431 888 410 477 915 766 832 214 620 550 384 1368 587 1040 1097 1001 452 681 1231 1120 672 1471 531 0 972 1000 410 763 973 610
1158 812 1173 347 677 847 844 938 1065 840 525 1070 846 290 805 1237 1147 1251 760 203 692 1195 568 1147 785 1169 720 1032 1390 714 491 532 1131 1059 903 882 519 851 1175 951 1394 1013 972 778 947 1156 1128 762 755 1056 285 842 515 947 942 959 885 838 1248 250 777 835 1155 1001 1021 759 1282 1044 751 882 1077 554 611 523 1152 1231 1240 642 1274 1568 1025 922 0 1009 777 889 907 1254
181 1122 1359 920 759 1092 747 1125 1251 691 1251 95 1156 984 1034 261 1333 441 1070 929 775 1381 964 1333 927 1355 783 1218 1539 900 888 1048 331 1245 1100 772 1245 802 1486 85 1543 1324 1255 1088 1257 1343 1314 948 941 1242 1011 984 750 1257 1128 333 554 1024 1351 976 740 1079 307 1312 1331 918 1477 1230 751 1279 1267 950 1007 1250 1338 1417 265 1368 1528 591 1212 1000 1163 0 740 1200 244 1466
888 541 661 486 466 394 109 427 553 105 1019 801 484 752 336 880 635 731 442 697 482 683 909 635 273 657 85 520 879 202 833 585 631 547 402 186 1013 216 854 682 882 700 557 424 676 645 616 250 243 544 779 330 363 676 430 441 215 326 737 744 67 381 655 642 707 248 779 532 53 1223 569 895 952 857 640 719 970 975 830 1211 514 410 828 740 0 619 713 768
1348 99 513 598 637 316 686 431 326 681 1131 1260 181 864 349 1340 604 1210 238 809 652 600 1021 626 626 569 561 362 622 445 945 698 1091 321 371 723 1125 693 323 1141 625 160 177 256 94 630 528 534 401 349 891 683 475 94 550 919 792 587 649 856 619 303 1114 203 168 601 429 325 593 1336 282 1007 1064 969 553 636 1430 1087 421 1671 341 763 940 1200 619 0 1172 401
392 1095 1332 818 732 1065 719 1097 1224 664 1149 305 1129 881 1007 472 1306 517 1043 827 748 1354 862 1306 900 1328 756 1191 1512 873 786 1013 397 1218 1073 745 1143 775 1458 186 1515 1296 1228 1061 1230 1316 1287 921 914 1215 909 957 722 1230 1101 306 527 997 1324 874 713 1052 421 1284 1304 890 1449 1203 724 1176 1240 848 905 1147 1311 1390 474 1266 1501 803 1184 973 1061 244 713 1172 0 1439
1614 464 137 963 1002 617 835 369 404 826 1496 1527 546 1229 650 1606 346 1456 603 1174 1017 342 1386 368 649 195 711 371 246 594 1310 1062 1357 398 608 746 1490 715 112 1408 249 271 447 621 395 372 270 555 614 395 1256 671 840 395 488 1167 941 609 275 1221 768 604 1381 341 256 623 58 383 742 1701 420 1372 1429 1334 178 378 1696 1452 120 1937 364 610 1305 1466 768 401 1439 0
EOF