NAME : tsp_problem
TYPE : TSP
DIMENSION : 84
EDGE_WEIGHT_TYPE : EXPLICIT
EDGE_WEIGHT_FORMAT : FULL_MATRIX
EDGE_WEIGHT_SECTION
0 804 888 974 872 472 904 113 763 401 919 512 878 481 635 851 548 493 201 1069 811 409 853 996 566 813 343 480 682 566 580 349 1030 187 106 645 873 811 614 718 820 445 228 426 735 519 985 813 576 481 478 459 849 475 1199 559 355 611 746 816 834 651 827 429 817 727 600 820 342 774 637 862 776 642 771 969 690 749 571 613 61 449 426 816
804 0 296 1383 1425 476 313 720 78 602 1472 601 1308 1034 1189 272 575 710 650 1498 916 963 1283 1426 1120 222 556 767 1236 558 632 902 1584 740 727 250 1303 219 382 403 319 534 599 643 1165 614 1414 1367 345 477 475 549 1403 440 1752 1113 896 329 95 356 1263 1204 351 425 225 114 313 228 896 67 613 1291 1330 902 70 1399 949 92 377 1167 794 455 643 1246
888 296 0 1335 1509 519 77 804 338 645 1556 430 1260 1118 1272 199 502 713 733 1450 647 1047 1235 1378 1204 96 639 719 1319 485 559 986 1667 824 810 293 1255 146 425 330 246 493 682 707 1117 541 1366 1450 388 561 559 481 1486 524 1836 1196 848 372 355 283 1215 1288 278 509 152 374 356 145 979 327 345 1243 1414 854 329 1351 901 352 420 1250 877 538 707 1198
974 1383 1335 0 1427 1291 1354 959 1342 1160 1620 1047 416 1182 1190 1442 1394 789 1047 269 1055 1111 440 295 1122 1392 1050 671 868 1412 1426 822 1731 812 952 1224 557 1390 1193 1563 1489 980 952 782 419 1365 222 1514 1156 1060 1058 995 1404 1100 1900 1114 651 1303 1325 1527 459 1352 1522 1008 1396 1306 1179 1399 1043 1353 1072 432 768 608 1350 297 460 1328 1351 1314 964 1114 782 370
872 1425 1509 1427 0 1216 1526 856 1384 1144 1185 1133 1069 586 267 1484 1291 1114 945 1348 1432 813 1044 1187 346 1434 1086 1079 610 1310 1324 947 1296 785 849 1266 910 1432 1235 1461 1531 1066 850 1048 1033 1262 1264 918 1197 1102 1100 1080 167 1142 1465 362 954 1345 1367 1559 1025 756 1564 1050 1438 1348 1221 1441 745 1395 1258 1053 704 1241 1392 1298 1249 1370 1314 718 861 1156 1048 1269
472 476 519 1291 1216 0 536 382 518 177 1263 616 1216 825 979 489 186 618 297 1406 935 753 1190 1334 910 445 330 675 1026 205 244 693 1374 531 388 253 1210 442 408 356 458 549 506 551 1072 183 1322 1157 371 492 490 564 1193 327 1543 903 699 168 534 454 1171 995 465 440 448 554 340 451 686 507 742 1199 1120 809 509 1306 857 532 128 957 462 302 551 1154
904 313 77 1354 1526 536 0 821 355 662 1573 449 1279 1135 1289 215 519 732 750 1469 667 1063 1254 1397 1220 113 656 738 1336 502 576 1003 1684 841 827 310 1274 163 442 347 263 512 699 726 1136 558 1386 1467 405 578 575 500 1503 540 1853 1213 867 389 371 300 1234 1305 295 526 169 391 373 162 996 344 364 1262 1430 873 346 1370 920 369 437 1267 894 555 726 1217
113 720 804 959 856 382 821 0 679 310 903 496 863 465 619 761 458 478 111 1053 795 394 837 981 551 729 253 465 666 476 490 333 1014 171 47 561 857 727 530 627 730 429 213 411 720 429 969 798 492 465 463 444 833 384 1183 543 340 520 662 725 818 635 737 413 733 643 516 736 327 690 621 846 761 626 687 953 674 665 480 598 103 359 411 801
763 78 338 1342 1384 518 355 679 0 566 1431 560 1266 993 1147 313 617 668 608 1457 886 922 1241 1384 1079 264 514 725 1194 599 674 861 1542 699 685 292 1261 261 344 445 360 493 557 602 1123 656 1373 1325 307 436 434 508 1361 399 1711 1071 855 371 86 398 1222 1163 393 384 267 95 330 270 854 59 655 1250 1289 860 61 1357 908 84 419 1125 752 413 602 1204
401 602 645 1160 1144 177 662 310 566 0 1191 486 1085 753 907 621 333 487 237 1275 805 682 1059 1203 839 571 199 544 954 352 391 621 1302 459 317 379 1079 568 418 503 605 418 375 420 942 330 1191 1085 380 361 359 433 1121 197 1471 831 627 294 550 601 1040 923 612 310 574 531 403 577 614 577 611 1068 1049 679 575 1176 726 553 254 885 390 171 420 1023
862 1416 1499 1563 967 1206 1516 847 1374 1134 0 1123 1237 479 731 1475 1282 1105 935 1516 1423 638 1212 1355 662 1425 1077 1070 778 1300 1314 938 239 776 840 1257 1078 1423 1226 1452 1522 1056 840 1038 1200 1253 1432 346 1188 1092 1090 1071 945 1132 407 655 945 1336 1358 1550 1193 649 1554 1040 1429 1338 1211 1432 736 1385 1249 1221 872 1231 1383 1465 1279 1361 1305 612 852 1147 1038 1405
512 601 430 1047 1133 616 449 496 560 486 1180 0 972 742 896 601 773 417 489 1162 412 671 946 1090 828 499 395 431 943 791 831 610 1291 448 489 442 966 549 411 733 648 104 306 351 829 769 1078 1074 374 272 270 92 1110 318 1460 820 560 521 543 686 927 912 681 221 555 524 397 547 603 571 167 955 1038 566 568 1063 613 546 569 874 501 332 351 910
878 1308 1260 416 1069 1216 1279 863 1266 1085 1454 972 0 856 833 1367 1298 713 951 306 980 1015 112 146 764 1317 974 595 510 1316 1330 726 1566 716 856 1149 199 1315 1118 1467 1414 905 856 707 168 1269 222 1188 1080 984 982 919 1047 1024 1734 757 555 1228 1250 1451 131 1026 1446 932 1321 1230 1103 1324 948 1277 996 104 410 533 1275 256 385 1253 1276 988 868 1039 707 348
774 1328 1411 1475 978 1118 1428 759 1286 1046 619 1035 1247 0 741 1387 1194 1017 847 1526 1335 390 1222 1365 672 1337 989 982 788 1212 1226 850 730 688 752 1169 1088 1335 1138 1364 1434 968 752 950 1211 1165 1442 766 1100 1004 1002 983 955 1044 899 665 857 1248 1270 1462 1203 190 1467 953 1341 1251 1123 1344 504 1298 1161 1231 882 1143 1295 1470 1191 1273 1217 566 764 1059 950 1318
635 1189 1272 1190 267 979 1289 619 1147 907 948 896 833 349 0 1248 1055 878 708 1111 1196 576 808 951 113 1198 850 843 374 1073 1087 711 1059 549 613 1030 673 1195 998 1224 1295 829 613 811 796 1026 1027 682 961 865 863 844 244 905 1228 125 717 1109 1131 1322 788 519 1327 813 1201 1111 984 1204 509 1158 1022 816 468 1004 1155 1061 1013 1133 1077 482 625 920 811 1032
851 272 199 1442 1484 489 215 761 313 621 1531 601 1367 1093 1248 0 333 769 676 1557 819 1022 1342 1485 1179 124 615 826 1295 315 390 961 1643 799 767 269 1362 73 401 161 76 593 658 702 1224 372 1473 1426 363 536 534 608 1462 499 1811 1172 955 348 330 114 1322 1263 109 484 75 350 332 131 955 302 516 1350 1389 961 305 1458 1008 327 395 1226 841 514 702 1305
548 575 502 1394 1291 186 519 458 617 333 1339 773 1298 901 1055 333 0 774 373 1489 1092 829 1273 1416 986 428 486 831 1102 80 130 768 1450 606 464 410 1293 377 565 199 302 706 648 708 1155 69 1405 1233 528 649 647 721 1269 484 1618 979 775 325 634 298 1254 1071 309 597 371 653 496 434 762 606 819 1282 1196 966 608 1389 1014 631 285 1033 538 458 708 1236
493 710 713 789 1114 618 732 478 668 487 1162 417 713 724 878 769 774 0 470 904 433 652 688 831 809 719 376 172 925 793 832 473 1273 429 471 551 708 717 520 900 816 350 288 109 570 771 820 1056 482 386 384 365 1092 426 1441 802 302 630 652 853 669 894 848 335 723 633 505 726 585 680 449 697 919 307 677 804 355 655 678 856 483 441 109 651
201 650 733 1047 945 297 750 111 608 237 992 489 951 554 708 676 373 470 0 1142 788 482 926 1069 639 659 182 527 755 391 405 422 1103 260 117 491 946 657 460 542 645 422 301 404 808 344 1058 886 422 404 401 436 922 311 1272 632 428 435 592 640 907 724 652 352 663 573 445 666 415 620 614 935 849 662 617 1042 710 595 395 686 191 286 404 889
1069 1498 1450 269 1348 1406 1469 1053 1457 1275 1715 1162 306 1134 1111 1557 1489 904 1142 0 1171 1205 330 186 1043 1508 1165 786 789 1507 1521 916 1826 907 1047 1339 478 1505 1308 1658 1605 1095 1047 897 447 1459 112 1466 1271 1175 1173 1110 1325 1215 1994 1035 745 1418 1440 1642 350 1304 1637 1123 1511 1421 1294 1514 1138 1468 1187 322 689 723 1465 187 575 1443 1466 1267 1058 1229 898 280
815 920 652 1060 1436 940 671 800 890 809 1484 417 984 1046 1200 823 1096 437 792 1175 0 974 959 1102 1131 720 698 443 1247 1109 1154 744 1595 734 793 773 979 771 741 954 870 480 610 431 841 1093 1091 1378 704 603 601 468 1414 648 1764 1124 573 852 874 907 940 1216 902 551 777 854 727 769 907 901 388 968 1190 578 899 1075 626 876 899 1178 805 663 431 922
409 963 1047 1111 813 753 1063 394 922 682 534 671 1015 407 576 1022 829 652 482 1205 970 0 989 1133 508 972 624 617 623 847 861 485 645 323 387 804 923 970 773 999 1069 604 387 585 872 800 1121 739 735 640 637 618 790 680 814 500 492 883 905 1097 970 577 1102 588 976 886 759 979 139 933 796 998 718 778 930 1106 826 908 852 539 399 694 585 953
853 1283 1235 440 1044 1190 1254 837 1241 1059 1429 946 112 830 808 1342 1273 688 926 330 955 989 0 170 739 1292 949 570 485 1291 1305 701 1540 691 831 1124 174 1289 1092 1442 1389 879 831 682 143 1244 247 1163 1055 959 957 894 1022 999 1709 731 529 1203 1225 1426 135 1000 1421 907 1295 1205 1078 1298 922 1252 971 128 385 508 1249 280 359 1227 1250 963 843 1014 682 373
996 1426 1378 295 1187 1334 1397 981 1384 1203 1573 1090 146 974 951 1485 1416 831 1069 186 1098 1133 170 0 882 1435 1092 713 628 1434 1448 844 1684 834 974 1267 318 1433 1236 1586 1532 1023 974 825 286 1387 102 1306 1198 1102 1100 1037 1165 1142 1852 875 673 1346 1368 1569 189 1144 1564 1051 1439 1349 1221 1442 1066 1395 1114 162 528 651 1393 135 503 1371 1394 1106 986 1157 825 228
566 1120 1204 1122 346 910 1220 551 1079 839 880 828 764 281 113 1179 986 809 639 1043 1127 508 739 882 0 1129 781 774 305 1004 1018 642 991 480 544 961 605 1127 930 1156 1226 761 544 742 728 957 959 613 892 797 794 775 323 837 1159 57 649 1040 1062 1254 720 451 1259 745 1133 1043 916 1136 440 1090 953 748 399 935 1087 992 944 1065 1009 413 556 851 742 964
813 222 96 1392 1434 445 113 729 264 571 1482 499 1317 1044 1198 124 428 719 659 1508 716 972 1292 1435 1129 0 565 776 1245 410 485 911 1593 749 736 219 1312 72 351 256 171 543 608 652 1174 467 1424 1376 314 486 484 550 1412 449 1761 1122 905 298 280 209 1273 1214 204 435 78 300 282 70 905 252 413 1301 1339 911 255 1408 959 277 346 1176 803 464 652 1255
343 556 639 1050 1086 330 656 253 514 199 1133 395 974 695 850 615 486 376 182 1165 694 624 949 1092 781 565 0 433 897 504 544 563 1245 401 259 397 969 563 366 656 662 328 265 310 831 483 1081 1028 328 310 307 342 1064 272 1413 774 563 447 498 699 930 865 695 258 569 479 351 572 557 526 520 958 991 568 523 1065 616 501 407 828 333 247 310 912
480 767 719 671 1079 675 738 465 725 544 1126 431 595 688 843 826 831 172 527 786 439 617 570 713 774 776 433 0 890 850 889 328 1237 319 458 608 590 774 577 957 873 364 345 166 452 828 702 1021 539 443 441 378 1057 483 1406 766 157 687 709 910 551 858 906 392 780 690 562 783 550 737 455 579 801 189 734 686 237 712 735 821 470 498 166 533
682 1236 1319 868 610 1026 1336 666 1194 954 995 943 510 396 374 1295 1102 925 755 789 1243 623 485 628 305 1245 897 890 0 1120 1134 758 1106 596 660 1077 351 1242 1045 1271 1342 876 660 858 474 1073 705 729 1008 912 910 891 588 952 1275 297 764 1156 1178 1369 466 566 1374 860 1248 1158 1031 1251 556 1205 1069 494 145 838 1202 738 690 1180 1124 529 672 967 858 710
566 558 485 1412 1310 205 502 476 599 352 1357 791 1316 919 1073 315 80 793 391 1507 1105 847 1291 1434 1004 410 504 850 1120 0 148 787 1468 625 482 428 1311 359 583 182 284 724 666 726 1173 87 1423 1251 546 667 665 739 1287 502 1637 997 793 343 616 280 1272 1089 292 615 354 636 514 417 780 588 802 1300 1214 984 591 1407 1032 613 303 1051 556 476 726 1254
580 632 559 1426 1324 244 576 490 674 391 1371 831 1330 933 1087 390 130 832 405 1521 1150 861 1305 1448 1018 485 544 889 1134 148 0 801 1482 639 496 468 1325 434 623 257 359 764 680 765 1187 76 1437 1265 585 707 705 778 1301 542 1651 1011 807 382 691 355 1286 1103 366 655 428 710 554 492 794 663 877 1314 1228 1024 666 1421 1071 688 342 1065 570 516 765 1268
349 902 986 822 947 693 1003 333 861 621 994 610 726 556 711 961 768 473 422 916 739 485 701 844 642 911 563 328 758 787 801 0 1106 187 326 743 721 909 712 938 1008 543 327 466 583 739 832 889 675 579 577 557 925 619 1274 635 203 822 844 1036 681 726 1041 527 915 825 698 918 418 872 735 709 852 490 869 817 537 847 791 689 338 633 466 664
656 1209 1293 1357 761 1000 1310 640 1168 928 871 917 1030 273 524 1268 1075 898 729 1309 1216 597 1005 1148 456 1218 870 863 571 1093 1107 731 0 569 633 1050 871 1216 1019 1245 1315 850 633 831 994 1046 1225 605 981 886 884 864 738 926 201 448 738 1129 1151 1343 986 443 1348 834 1222 1132 1005 1225 529 1179 1042 1014 665 1025 1176 1259 1072 1154 1098 405 645 940 832 1199
187 740 824 812 785 531 841 171 699 459 832 448 716 394 549 799 606 429 260 907 730 323 691 834 480 749 401 319 596 625 639 187 944 0 164 581 711 747 550 776 846 381 165 363 573 577 823 727 513 417 415 395 763 457 1112 473 193 660 682 874 672 564 879 365 753 663 536 756 256 710 573 700 690 480 707 807 528 685 629 527 176 471 363 654
106 727 810 952 849 388 827 47 685 317 897 489 856 458 613 767 464 471 117 1047 789 387 831 974 544 736 259 458 660 482 496 326 1008 164 0 568 851 733 536 634 736 422 206 404 713 435 963 791 499 458 456 437 827 391 1176 537 333 527 669 732 811 629 743 406 739 649 522 742 320 696 615 839 754 620 693 947 667 671 487 591 96 365 404 794
645 250 293 1224 1266 253 310 561 292 379 1313 442 1149 875 1030 269 410 551 491 1339 768 804 1124 1267 961 219 397 608 1077 428 468 743 1425 581 568 0 1144 216 183 400 316 375 439 484 1006 406 1255 1208 145 318 316 390 1244 281 1593 953 737 107 309 353 1104 1045 348 266 222 328 114 225 737 281 568 1132 1171 743 284 1240 790 306 154 1008 635 296 484 1087
873 1303 1255 557 910 1210 1274 857 1261 1079 1295 966 199 696 673 1362 1293 708 946 478 975 923 174 318 605 1312 969 590 351 1311 1325 721 1406 711 851 1144 0 1309 1112 1462 1409 899 851 702 163 1264 394 1029 1075 979 977 914 887 1019 1575 597 549 1223 1245 1446 155 866 1441 927 1315 1225 1098 1318 856 1272 991 183 251 528 1269 428 379 1247 1270 829 863 1034 702 399
811 219 146 1390 1432 442 163 727 261 568 1479 549 1315 1041 1195 73 377 717 657 1505 766 970 1289 1433 1127 72 563 774 1242 359 434 909 1590 747 733 216 1309 0 349 205 120 541 605 650 1172 416 1421 1374 311 484 482 556 1409 447 1759 1119 903 296 278 158 1270 1211 153 432 27 297 280 79 903 250 464 1298 1337 909 253 1406 956 275 343 1174 801 462 650 1253
614 382 425 1193 1235 408 442 530 344 418 1282 411 1118 844 998 401 565 520 460 1308 737 773 1092 1236 930 351 366 577 1045 583 623 712 1393 550 536 183 1112 349 0 532 448 344 408 453 974 562 1224 1176 69 287 285 359 1212 250 1562 922 706 262 328 485 1073 1014 480 235 354 308 137 357 706 355 537 1101 1140 711 353 1208 759 330 310 977 603 264 453 1056
718 403 330 1563 1461 356 347 627 445 503 1508 733 1467 1070 1224 161 199 900 542 1658 950 999 1442 1586 1156 256 656 957 1271 182 257 938 1619 776 634 400 1462 205 532 0 130 725 789 834 1324 239 1574 1402 495 668 666 739 1438 631 1788 1148 945 479 462 126 1423 1240 137 616 199 481 463 262 932 434 647 1451 1366 1092 436 1558 1140 459 454 1203 707 628 834 1406
820 319 246 1489 1531 458 263 730 360 605 1579 648 1414 1140 1295 76 302 816 645 1605 866 1069 1389 1532 1226 171 662 873 1342 284 359 1008 1690 846 736 316 1409 120 448 130 0 640 705 749 1271 341 1521 1473 410 583 581 655 1509 546 1858 1219 1002 395 377 83 1370 1311 78 532 115 397 379 178 1002 349 563 1398 1436 1008 352 1505 1055 374 443 1273 810 561 749 1352
445 534 493 980 1066 549 512 429 493 418 1113 104 905 675 829 593 706 350 422 1095 475 604 879 1023 761 543 328 364 876 724 764 543 1224 381 422 375 899 541 344 725 640 0 239 284 762 702 1011 1007 307 205 203 52 1043 251 1393 753 493 454 476 678 860 845 673 153 547 457 330 550 536 504 229 888 971 498 501 995 546 479 502 807 434 265 284 843
228 599 682 952 850 506 699 213 557 375 897 306 856 459 613 658 648 288 301 1047 605 387 831 974 544 608 265 345 660 666 680 327 1008 165 206 439 851 605 408 789 705 239 0 221 713 619 963 791 371 275 273 254 827 315 1177 537 333 519 541 742 812 629 737 223 611 521 394 614 320 568 432 840 754 480 565 947 527 543 566 591 218 330 221 794
426 643 707 782 1048 551 726 411 602 420 1095 351 707 657 811 702 708 109 404 897 427 585 682 825 742 652 310 166 858 726 765 466 1206 363 404 484 702 650 453 834 749 284 221 0 564 704 814 989 415 320 317 298 1025 359 1375 735 295 563 585 787 662 827 782 268 656 566 439 659 518 613 443 690 912 301 610 798 348 588 611 789 416 374 67 645
735 1165 1117 419 1033 1072 1136 720 1123 942 1381 829 168 819 796 1224 1155 570 808 447 837 872 143 286 728 1174 831 452 474 1173 1187 583 1492 573 713 1006 163 1172 974 1324 1271 762 713 564 0 1126 363 1151 937 841 839 776 1010 881 1661 720 412 1085 1107 1308 124 989 1303 789 1177 1087 960 1180 804 1134 853 152 374 390 1132 396 242 1109 1132 952 725 896 564 261
519 614 541 1365 1262 183 558 429 656 330 1309 769 1269 871 1026 372 69 771 344 1459 1088 800 1244 1387 957 467 483 828 1073 87 76 739 1421 577 435 406 1264 416 562 239 341 702 619 704 1126 0 1375 1204 524 645 643 717 1240 480 1589 950 746 321 673 337 1224 1041 348 594 410 692 493 473 733 645 858 1252 1167 962 647 1360 1010 670 281 1004 509 455 704 1207
985 1414 1366 222 1264 1322 1386 969 1373 1191 1631 1078 222 1050 1027 1473 1405 820 1058 112 1087 1121 247 102 959 1424 1081 702 705 1423 1437 832 1742 823 963 1255 394 1421 1224 1574 1521 1011 963 814 363 1375 0 1382 1187 1091 1089 1026 1241 1131 1910 951 661 1334 1356 1558 266 1220 1553 1039 1427 1337 1210 1430 1054 1384 1103 238 605 639 1381 103 491 1359 1382 1183 974 1145 814 196
693 1246 1330 1394 896 1037 1347 677 1205 965 537 954 1166 352 659 1305 1112 935 766 1444 1253 308 1140 1284 591 1255 907 900 706 1131 1145 768 648 606 670 1087 1006 1253 1056 1282 1352 887 671 869 1129 1083 1360 0 1019 923 921 901 873 963 817 583 775 1166 1188 1380 1121 522 1385 871 1259 1169 1042 1262 422 1216 1079 1149 801 1062 1213 1389 1109 1191 1135 485 682 977 869 1236
576 345 388 1156 1197 371 405 492 307 380 1245 374 1080 807 961 363 528 482 422 1271 700 735 1055 1198 892 314 328 539 1008 546 585 675 1356 513 499 145 1075 311 69 495 410 307 371 415 937 524 1187 1139 0 250 247 321 1175 212 1525 885 668 224 290 448 1036 977 443 198 317 271 100 320 668 318 499 1064 1102 674 315 1171 722 293 272 939 566 227 415 1018
481 477 561 1060 1102 492 578 465 436 361 1149 272 984 711 865 536 649 386 404 1175 598 640 959 1102 797 486 310 443 912 667 707 579 1260 417 458 318 979 484 287 668 583 205 275 320 841 645 1091 1043 250 0 34 220 1079 194 1429 789 573 397 419 621 940 881 616 79 490 400 273 493 572 447 398 968 1007 578 444 1075 626 422 445 843 470 208 320 922
478 475 559 1058 1100 490 575 463 434 359 1147 270 982 709 863 534 647 384 401 1173 596 637 957 1100 794 484 307 441 910 665 705 577 1258 415 456 316 977 482 285 666 581 203 273 317 839 643 1089 1041 247 34 0 218 1077 192 1427 787 570 395 417 619 938 879 614 77 488 398 271 491 570 445 396 966 1004 576 442 1073 624 420 443 841 468 206 317 920
459 549 481 995 1080 564 500 444 508 433 1128 92 919 690 844 608 721 365 436 1110 463 618 894 1037 775 550 342 378 891 739 778 557 1239 395 437 390 914 556 359 739 655 52 254 298 776 717 1026 1022 321 220 218 0 1058 265 1407 768 508 469 491 693 875 860 688 168 562 472 345 565 551 519 218 903 985 513 516 1010 561 494 517 822 449 280 298 857
849 1403 1486 1404 167 1193 1503 833 1361 1121 1162 1110 1047 563 244 1462 1269 1092 922 1325 1410 790 1022 1165 323 1412 1064 1057 588 1287 1301 925 1273 763 827 1244 887 1409 1212 1438 1509 1043 827 1025 1010 1240 1241 896 1175 1079 1077 1058 0 1119 1442 339 931 1323 1345 1536 1002 733 1541 1027 1415 1325 1198 1418 723 1372 1236 1030 682 1218 1369 1275 1227 1347 1291 696 839 1134 1025 1246
475 440 524 1100 1142 327 540 384 399 197 1189 318 1024 751 905 499 484 426 311 1215 644 680 999 1142 837 449 272 483 952 502 542 619 1300 457 391 281 1019 447 250 631 546 251 315 359 881 480 1131 1083 212 194 192 265 1119 0 1469 829 612 360 382 584 980 921 579 142 453 363 236 456 612 410 443 1008 1046 618 407 1115 666 385 405 883 465 43 360 962
475 1028 1112 1176 580 819 1129 459 987 747 691 736 850 92 343 1087 895 718 548 1128 1035 416 824 968 275 1038 689 682 390 913 927 550 802 388 452 869 690 1035 838 1064 1134 669 453 651 813 865 1044 424 801 705 703 684 557 745 0 267 557 948 970 1162 805 262 1167 653 1041 951 824 1044 349 998 861 833 485 844 995 1078 891 973 917 224 464 759 651 1018
559 1113 1196 1114 362 903 1213 543 1071 831 872 820 757 273 125 1172 979 802 632 1035 1119 500 731 875 57 1122 774 766 297 997 1011 635 983 473 537 953 597 1119 922 1148 1219 753 537 735 720 950 951 606 885 789 787 768 339 829 1152 0 641 1033 1055 1246 712 443 1251 737 1125 1035 908 1128 433 1082 946 740 392 928 1079 985 937 1057 1001 406 549 844 735 956
355 896 848 651 954 699 867 340 855 627 1001 560 555 563 717 955 775 302 428 745 568 492 529 673 649 905 563 157 764 793 807 203 1112 193 333 737 549 903 706 945 1002 493 333 295 412 746 661 895 668 573 570 508 931 612 1281 641 0 816 838 1040 510 733 1035 521 909 819 692 912 425 866 585 538 760 318 863 645 366 841 798 696 345 627 295 493
611 329 372 1303 1345 168 389 520 371 294 1392 521 1228 954 1109 348 325 630 435 1418 847 883 1203 1346 1040 298 447 687 1156 343 382 822 1504 660 527 107 1223 296 262 479 395 454 519 563 1085 321 1334 1287 224 397 395 469 1323 360 1672 1033 816 0 388 432 1183 1124 427 345 301 407 193 304 816 360 647 1211 1250 822 363 1319 869 385 69 1087 600 375 563 1166
746 95 355 1325 1367 534 371 662 86 550 1414 543 1250 976 1131 330 634 652 592 1440 869 905 1225 1368 1062 280 498 709 1178 616 691 844 1526 682 669 309 1245 278 328 462 377 476 541 585 1107 673 1356 1309 290 419 417 491 1345 382 1694 1055 838 388 0 415 1205 1146 410 367 284 78 313 287 838 75 669 1233 1272 844 78 1341 891 100 435 1109 736 397 585 1188
816 356 283 1527 1559 454 300 725 398 601 1606 686 1451 1168 1322 114 298 853 640 1642 903 1097 1426 1569 1254 209 699 910 1369 280 355 1036 1717 874 732 353 1446 158 485 126 83 678 742 787 1308 337 1558 1500 448 621 619 693 1536 584 1886 1246 1040 432 415 0 1407 1338 90 569 152 434 416 215 1030 387 600 1435 1464 1045 389 1542 1093 412 480 1301 806 598 787 1389
834 1263 1215 459 1025 1171 1234 818 1222 1040 1410 927 131 811 788 1322 1254 669 907 350 936 970 135 189 720 1273 930 551 466 1272 1286 681 1521 672 811 1104 155 1270 1073 1423 1370 860 812 662 124 1224 266 1144 1036 940 938 875 1002 980 1690 712 510 1183 1205 1407 0 981 1402 888 1276 1186 1059 1279 903 1233 952 144 366 488 1230 299 340 1208 1231 944 823 994 663 360
605 1159 1242 1306 808 949 1259 589 1117 877 450 866 1078 265 572 1218 1025 848 678 1356 1166 220 1053 1196 503 1168 820 813 619 1043 1057 681 561 519 583 1000 919 1165 968 1194 1265 799 583 781 1041 996 1272 597 931 835 833 814 786 875 729 496 687 1079 1101 1292 1034 0 1297 783 1171 1081 954 1174 334 1128 992 1062 713 974 1125 1301 1022 1103 1047 397 595 890 781 1148
827 351 278 1522 1564 465 295 737 393 612 1611 681 1446 1173 1327 109 309 848 652 1637 898 1102 1421 1564 1259 204 695 906 1374 292 366 1041 1722 879 743 348 1441 153 480 137 78 673 737 782 1303 348 1553 1505 443 616 614 688 1541 579 1891 1251 1035 427 410 90 1402 1343 0 564 147 429 411 210 1034 382 595 1430 1469 1040 385 1537 1088 407 475 1305 817 593 782 1384
429 425 509 1008 1050 440 526 413 384 310 1097 221 932 659 813 484 597 335 352 1123 547 588 907 1051 745 435 258 392 860 615 655 527 1208 365 406 266 927 432 235 616 532 153 223 268 789 594 1039 991 198 79 77 168 1027 142 1377 737 521 345 367 569 888 829 564 0 438 348 221 441 521 395 346 916 955 526 392 1023 574 370 393 792 418 156 268 871
817 225 152 1396 1438 448 169 733 267 574 1485 555 1321 1047 1201 75 371 723 663 1511 772 976 1295 1439 1133 78 569 780 1248 354 428 915 1596 753 739 222 1315 27 354 199 115 547 611 656 1177 410 1427 1379 317 490 488 562 1415 453 1765 1125 909 301 284 152 1276 1217 147 438 0 303 286 85 909 256 469 1304 1343 914 259 1411 962 281 349 1180 806 467 656 1259
727 114 374 1306 1348 554 391 643 95 531 1395 524 1230 957 1111 350 653 633 573 1421 850 886 1205 1349 1043 300 479 690 1158 636 710 825 1506 663 649 328 1225 297 308 481 397 457 521 566 1087 692 1337 1289 271 400 398 472 1325 363 1675 1035 819 407 78 434 1186 1127 429 348 303 0 294 306 819 95 649 1214 1253 824 98 1321 872 81 455 1090 716 377 566 1168
600 313 356 1179 1221 340 373 516 330 403 1268 397 1103 830 984 332 496 505 445 1294 723 759 1078 1221 916 282 351 562 1031 514 554 698 1379 536 522 114 1098 280 137 463 379 330 394 439 960 493 1210 1162 100 273 271 345 1198 236 1548 908 692 193 313 416 1059 1000 411 221 286 294 0 289 691 341 522 1087 1126 697 338 1194 745 316 241 962 589 250 439 1041
820 228 145 1399 1441 451 162 736 270 577 1488 547 1324 1050 1204 131 434 726 666 1514 765 979 1298 1442 1136 70 572 783 1251 417 492 918 1599 756 742 225 1318 79 357 262 178 550 614 659 1180 473 1430 1382 320 493 491 565 1418 456 1768 1128 912 304 287 215 1279 1220 210 441 85 306 289 0 912 259 462 1307 1346 917 262 1414 965 284 352 1183 809 470 659 1262
342 896 979 1043 745 686 996 327 854 614 648 603 948 355 509 955 762 585 415 1138 903 139 922 1066 440 905 557 550 556 780 794 418 759 256 320 737 856 903 706 932 1002 536 320 518 804 733 1054 687 668 572 570 551 723 612 928 433 425 816 838 1030 903 525 1034 521 909 819 691 912 0 865 729 931 650 711 863 1038 759 841 785 487 332 627 518 886
774 67 327 1353 1395 507 344 690 59 577 1442 571 1277 1004 1158 302 606 680 620 1468 897 933 1252 1395 1090 252 526 737 1205 588 663 872 1553 710 696 281 1272 250 355 434 349 504 568 613 1134 645 1384 1336 318 447 445 519 1372 410 1722 1082 866 360 75 387 1233 1174 382 395 256 95 341 259 865 0 644 1261 1300 871 50 1368 919 73 408 1136 763 424 613 1215
637 613 345 1072 1258 742 364 621 655 611 1305 167 996 867 1022 516 819 449 614 1187 384 796 971 1114 953 413 520 455 1069 802 877 735 1417 573 615 568 991 464 537 647 563 229 432 443 853 858 1103 1200 499 398 396 218 1236 443 1585 946 585 647 669 600 952 1037 595 346 469 649 522 462 729 644 0 980 1163 590 647 1087 638 669 695 1000 627 458 443 934
862 1291 1243 432 1053 1199 1262 846 1250 1068 1438 955 104 839 816 1350 1282 697 935 322 964 998 128 162 748 1301 958 579 494 1300 1314 709 1549 700 839 1132 183 1298 1101 1451 1398 888 840 690 152 1252 238 1172 1064 968 966 903 1030 1008 1718 740 538 1211 1233 1435 144 1009 1430 916 1304 1214 1087 1307 931 1261 980 0 394 516 1258 272 368 1236 1259 972 851 1022 691 365
776 1330 1414 768 704 1120 1430 761 1289 1049 1090 1038 410 491 468 1389 1196 919 849 689 1185 718 385 528 399 1339 991 801 145 1214 1228 852 1201 690 754 1171 251 1337 1140 1366 1436 971 754 912 374 1167 605 823 1102 1007 1004 985 682 1046 1369 392 760 1250 1272 1464 366 661 1469 955 1343 1253 1126 1346 650 1300 1163 394 0 738 1297 638 590 1275 1219 623 766 1061 912 610
642 902 854 608 1241 809 873 626 860 679 1288 566 533 850 1004 961 966 307 662 723 574 778 508 651 935 911 568 189 838 984 1024 490 1399 480 620 743 528 909 711 1092 1008 498 480 301 390 962 639 1182 674 578 576 513 1218 618 1568 928 318 822 844 1045 488 1020 1040 526 914 824 697 917 711 871 590 516 738 0 869 624 174 846 869 982 632 633 301 471
771 70 329 1350 1392 509 346 687 61 575 1439 568 1275 1001 1155 305 608 677 617 1465 894 930 1249 1393 1087 255 523 734 1202 591 666 869 1550 707 693 284 1269 253 353 436 352 501 565 610 1132 647 1381 1334 315 444 442 516 1369 407 1719 1079 863 363 78 389 1230 1171 385 392 259 98 338 262 863 50 647 1258 1297 869 0 1365 916 75 410 1134 761 422 610 1213
969 1399 1351 297 1298 1306 1370 953 1357 1176 1615 1063 256 1084 1061 1458 1389 804 1042 187 1071 1106 280 135 992 1408 1065 686 738 1407 1421 817 1726 807 947 1240 428 1406 1208 1558 1505 995 947 798 396 1360 103 1416 1171 1075 1073 1010 1275 1115 1895 985 645 1319 1341 1542 299 1254 1537 1023 1411 1321 1194 1414 1038 1368 1087 272 638 624 1365 0 476 1343 1366 1216 959 1130 798 180
690 949 901 460 1249 857 920 674 908 726 1335 613 385 897 1013 1008 1014 355 710 575 621 826 359 503 944 959 616 237 690 1032 1071 537 1447 528 667 790 379 956 759 1140 1055 546 527 348 242 1010 491 1230 722 626 624 561 1227 666 1615 937 366 869 891 1093 340 1067 1088 574 962 872 745 965 759 919 638 368 590 174 916 476 0 894 917 1030 679 680 348 323
749 92 352 1328 1370 532 369 665 84 553 1417 546 1253 979 1133 327 631 655 595 1443 872 908 1227 1371 1065 277 501 712 1180 613 688 847 1528 685 671 306 1247 275 330 459 374 479 543 588 1109 670 1359 1311 293 422 420 494 1347 385 1697 1057 841 385 100 412 1208 1149 407 370 281 81 316 284 841 73 669 1236 1275 846 75 1343 894 0 433 1112 738 399 588 1191
571 377 420 1351 1314 128 437 480 419 254 1361 569 1276 923 1077 395 285 678 395 1466 895 852 1250 1394 1009 346 407 735 1124 303 342 791 1472 629 487 154 1270 343 310 454 443 502 566 611 1132 281 1382 1255 272 445 443 517 1291 405 1641 1001 798 69 435 480 1231 1093 475 393 349 455 241 352 785 408 695 1259 1219 869 410 1366 917 433 0 1056 560 379 611 1214
735 1289 1373 1437 939 1079 1389 720 1248 1008 580 997 1208 395 702 1348 1155 978 808 1487 1296 351 1183 1327 634 1298 950 943 749 1173 1187 811 691 649 713 1130 1049 1296 1099 1325 1395 930 713 911 1172 1126 1403 219 1061 966 963 944 916 1006 860 626 818 1209 1231 1423 1164 151 1428 914 1302 1212 1085 1305 465 1259 1122 1192 844 1104 1256 1432 1152 1234 1178 0 725 1020 911 1279
61 794 877 964 861 462 894 103 752 390 908 501 868 470 625 841 538 483 191 1058 801 399 843 986 556 803 333 470 672 556 570 338 1020 176 96 635 863 801 603 707 810 434 218 416 725 509 974 803 566 470 468 449 839 465 1188 549 345 600 736 806 823 640 817 418 806 716 589 809 332 763 627 851 766 632 761 959 679 738 560 603 0 439 416 806
449 455 538 1114 1156 302 555 359 413 171 1203 332 1039 765 920 514 458 441 286 1229 658 694 1014 1157 851 464 247 498 967 476 516 633 1315 471 365 296 1034 462 264 628 561 265 330 374 896 455 1145 1098 227 208 206 280 1134 43 1483 844 627 375 397 598 994 935 593 156 467 377 250 470 627 424 458 1022 1061 633 422 1130 680 399 379 898 439 0 374 977
426 643 707 782 1048 551 726 411 602 420 1095 351 707 657 811 702 708 109 404 898 427 585 682 825 742 652 310 166 858 726 765 466 1206 363 404 484 702 650 453 834 749 284 221 67 564 704 814 989 415 320 317 298 1025 360 1375 735 295 563 585 787 663 827 782 268 656 566 439 659 518 613 443 691 912 301 610 798 348 588 611 789 416 374 0 645
816 1246 1198 370 1269 1154 1217 801 1204 1023 1462 910 348 1024 1032 1305 1236 651 889 280 918 953 373 228 964 1255 912 533 710 1254 1268 664 1573 654 794 1087 399 1253 1056 1406 1352 843 794 645 261 1207 196 1356 1018 922 920 857 1246 962 1742 956 493 1166 1188 1389 360 1194 1384 871 1259 1168 1041 1262 886 1215 934 365 610 471 1213 180 323 1191 1214 1157 806 977 645 0
EOF