NAME : tsp_problem
TYPE : TSP
DIMENSION : 36
EDGE_WEIGHT_TYPE : EXPLICIT
EDGE_WEIGHT_FORMAT : FULL_MATRIX
EDGE_WEIGHT_SECTION
0 1446 1401 1403 1354 95 581 818 1112 850 1006 483 694 1881 736 634 378 1124 628 1026 351 1267 528 1228 1184 1518 1157 1235 860 1064 1025 1128 992 1446 590 991
1446 0 1635 1559 1464 1418 1297 1387 959 1419 1240 1023 786 1728 1364 846 1554 357 1589 1595 1333 1443 1510 1404 1334 1753 1435 1412 1408 912 873 1508 1226 1680 1503 1547
1401 1635 0 298 576 1373 891 633 1124 631 431 1365 1128 1732 694 1188 1248 1314 966 755 1075 531 1203 538 541 154 620 499 593 1076 1038 501 435 101 1097 635
1403 1559 298 0 304 1375 892 635 1048 633 433 1289 1052 1656 696 1112 1250 1237 969 809 1077 258 1205 266 299 419 622 226 595 1000 961 695 437 366 1098 734
1354 1464 576 304 0 1325 797 769 953 801 622 1194 957 1561 764 1017 1201 1143 1036 977 1028 352 1156 287 352 698 817 321 790 905 867 889 505 645 1003 929
95 1418 1373 1375 1325 0 553 790 1083 821 978 455 666 1853 708 605 350 1096 600 997 323 1239 500 1199 1156 1490 1128 1207 832 1036 997 1100 963 1418 562 963
581 1297 891 892 797 553 0 308 786 340 496 600 790 1394 226 751 428 975 415 516 256 757 384 718 667 1008 647 725 350 738 699 618 482 936 231 481
818 1387 633 635 769 790 308 0 876 59 238 837 880 1484 111 940 665 1066 384 235 492 565 620 526 483 750 366 534 69 828 790 337 290 678 514 200
1345 1193 1259 1183 1088 1317 921 1011 0 1043 864 922 685 884 988 746 1324 871 1213 1219 1151 1067 1280 1028 958 1376 1059 1035 1032 481 442 1131 850 1304 1127 1171
850 1419 631 633 801 821 340 59 908 0 236 869 912 1516 143 972 697 1097 415 203 524 597 652 558 515 748 358 565 67 860 821 306 322 676 546 169
1006 1240 431 433 622 978 496 238 729 236 0 970 733 1337 299 793 853 919 571 412 680 405 808 365 322 548 225 373 198 682 643 298 143 476 702 337
483 1023 1365 1289 1194 455 600 837 689 869 970 0 271 1458 755 211 592 702 647 1044 370 1173 547 1134 1064 1482 1165 1141 879 642 603 1147 956 1410 609 1010
694 786 1128 1052 957 666 790 880 452 912 733 271 0 1221 857 94 802 465 858 1088 581 936 758 897 827 1245 928 904 901 404 366 1000 719 1173 820 1040
970 818 983 906 812 942 644 735 209 766 588 548 311 0 711 371 1047 496 936 942 857 790 1003 751 681 1100 782 759 755 162 123 855 574 1028 850 894
736 1364 694 696 764 708 226 111 852 143 299 755 857 1461 0 906 583 1042 302 318 410 560 539 521 477 811 450 528 153 805 766 421 285 739 432 284
634 846 1188 1112 1017 605 751 940 512 972 793 211 94 1281 906 0 742 525 798 1148 520 996 698 957 887 1306 988 965 961 465 426 1061 779 1233 759 1100
378 1554 1248 1250 1201 350 428 665 1189 697 853 592 802 1797 583 742 0 1233 475 872 247 1114 245 1074 1031 1365 1003 1082 707 1141 1103 975 839 1293 437 838
1124 357 1314 1237 1143 1096 975 1066 637 1097 919 702 465 1407 1042 525 1233 0 1267 1273 1011 1122 1188 1082 1012 1431 1113 1090 1086 590 551 1186 905 1359 1181 1225
628 1589 966 969 1036 600 415 384 1078 415 571 647 858 1686 302 798 475 1267 0 591 302 833 310 793 750 1084 722 801 425 1030 991 694 557 1011 423 557
1026 1595 755 809 977 997 516 235 1083 203 412 1044 1088 1692 318 1148 872 1273 591 0 700 773 828 734 690 877 354 741 243 1036 997 302 498 823 721 165
351 1333 1075 1077 1028 323 256 492 998 524 680 370 581 1625 410 520 247 1011 302 700 0 941 202 902 859 1192 831 909 534 951 912 802 666 1120 264 665
1267 1443 531 258 352 1239 757 565 932 597 405 1173 936 1540 560 996 1114 1122 833 773 941 0 1069 112 145 653 593 63 567 884 846 666 301 599 963 705
528 1510 1203 1205 1156 500 384 620 1144 652 808 547 758 1753 539 698 245 1188 310 828 202 1069 0 1030 987 1320 959 1038 662 1097 1058 931 794 1248 392 793
1228 1404 538 266 287 1199 718 526 892 558 365 1134 897 1501 521 957 1074 1082 793 734 902 112 1030 0 106 660 554 80 527 845 806 627 261 607 923 666
1184 1334 541 299 352 1156 667 483 823 515 322 1064 827 1431 477 887 1031 1012 750 690 859 145 987 106 0 658 511 113 484 775 736 583 218 586 873 623
1518 1753 154 419 698 1490 1008 750 1241 748 548 1482 1245 1850 811 1306 1365 1431 1084 877 1192 653 1320 660 658 0 737 621 710 1194 1155 623 552 108 1214 757
1157 1435 620 622 817 1128 647 366 924 358 225 1165 928 1532 450 988 1003 1113 722 354 831 593 959 554 511 737 0 562 326 876 837 195 338 665 852 234
1235 1412 499 226 321 1207 725 534 900 565 373 1141 904 1509 528 965 1082 1090 801 741 909 63 1038 80 113 621 562 0 535 853 814 634 269 568 931 674
860 1408 593 595 790 832 350 69 897 67 198 879 901 1505 153 961 707 1086 425 243 534 567 662 527 484 710 326 535 0 849 810 345 311 638 556 208
1297 1145 1211 1135 1040 1269 873 963 480 995 816 875 637 836 940 698 1276 823 1165 1171 1104 1019 1232 980 910 1329 1011 988 984 0 394 1083 802 1256 1079 1123
1335 1183 1250 1173 1079 1307 911 1002 519 1033 855 913 676 874 978 736 1315 861 1203 1209 1142 1058 1270 1018 948 1367 1049 1026 1022 57 0 1122 841 1295 1117 1161
1128 1508 501 695 889 1100 618 337 996 306 298 1147 1000 1605 421 1061 975 1186 694 302 802 666 931 627 583 623 195 634 345 949 910 0 410 570 824 182
992 1226 435 437 505 963 482 290 715 322 143 956 719 1323 285 779 839 905 557 498 666 301 794 261 218 552 338 269 311 667 629 410 0 480 687 450
1446 1680 101 366 645 1418 936 678 1169 676 476 1410 1173 1777 739 1233 1293 1359 1011 823 1120 599 1248 607 586 108 665 568 638 1121 1083 570 480 0 1142 703
590 1503 1097 1098 1003 562 231 514 991 546 702 609 820 1600 432 759 437 1181 423 721 264 963 392 923 873 1214 852 931 556 944 905 824 687 1142 0 687
991 1547 635 734 929 963 481 200 1035 169 337 1010 1040 1644 284 1100 838 1225 557 165 665 705 793 666 623 757 234 674 208 988 949 182 450 703 687 0
EOF