NAME : tsp_problem
TYPE : TSP
DIMENSION : 30
EDGE_WEIGHT_TYPE : EXPLICIT
EDGE_WEIGHT_FORMAT : FULL_MATRIX
EDGE_WEIGHT_SECTION
0 573 602 1166 1148 1434 971 1238 483 1085 652 1346 1286 423 662 252 938 895 1445 616 620 279 683 1069 905 375 664 677 925 566
573 0 433 806 789 1074 426 693 368 726 410 987 926 361 497 612 393 450 900 257 75 639 137 710 360 313 380 131 380 338
602 433 0 925 907 1193 808 1098 135 844 282 1105 1045 196 109 595 798 855 1305 476 480 622 542 828 765 245 631 536 762 239
1104 745 863 0 413 445 861 1043 841 381 604 610 703 892 788 1143 1045 1167 1249 701 792 1171 855 333 1012 844 963 849 815 698
1121 761 880 446 0 461 878 1059 857 398 620 627 719 909 804 1160 1061 1184 1266 717 808 1187 871 350 1028 861 980 865 832 715
1377 1018 1136 660 643 0 1134 1217 1114 580 877 375 878 1165 1060 1416 1318 1440 1424 974 1065 1444 1127 564 1284 1117 1236 1122 1088 971
971 426 808 923 905 1191 0 547 766 842 549 1103 1043 759 732 1010 515 700 754 646 380 1027 438 826 422 711 629 332 188 643
1238 693 1098 1006 988 1435 547 0 1033 925 862 1186 949 1026 1046 1277 453 967 234 922 647 1294 705 909 359 978 896 599 385 956
483 368 135 902 885 1170 766 1033 0 821 260 1082 1022 77 220 523 733 743 1240 411 415 550 477 806 700 126 513 472 720 174
1199 840 958 582 565 540 956 1195 936 0 699 762 855 987 882 1238 1139 1262 1401 796 887 1265 949 485 1106 939 1058 943 910 793
652 410 282 665 648 933 549 862 260 585 0 845 785 321 207 691 732 832 1069 366 457 718 519 569 699 370 628 513 502 117
1282 922 1041 607 590 622 1039 1220 1018 559 781 0 880 1070 965 1321 1222 1345 1427 878 969 1348 1032 511 1189 1022 1141 1026 993 876
1286 926 1045 666 649 1095 1043 949 1022 585 785 846 0 1074 969 1325 1226 1349 1156 882 973 1352 1036 569 1154 1026 1145 1030 997 880
423 361 196 954 936 1222 759 1026 77 873 321 1134 1074 0 282 462 726 683 1233 404 408 490 471 857 693 66 452 465 713 235
662 497 109 849 832 1117 732 1046 220 768 207 1029 969 282 0 572 863 920 1252 541 544 600 607 752 830 330 716 601 686 191
252 612 595 1205 1187 1473 1010 1277 523 1124 691 1385 1325 462 572 0 977 766 1484 655 659 73 722 1108 944 414 490 716 964 605
938 393 798 1106 1089 1374 515 453 733 1025 732 1286 1226 726 863 977 0 667 659 622 347 994 405 1009 119 678 596 299 353 703
899 454 859 1233 1216 1501 704 971 748 1152 836 1413 1353 687 924 771 671 0 1178 684 408 723 466 1136 638 639 326 409 658 765
1445 900 1305 1213 1195 1641 754 234 1240 1132 1069 1393 1156 1233 1252 1484 659 1173 0 1129 853 1501 912 1116 566 1185 1103 805 592 1163
616 257 476 762 745 1030 646 922 411 682 366 943 882 404 541 655 622 679 1129 0 304 683 367 666 589 356 475 361 600 381
620 75 480 853 836 1121 380 647 415 773 457 1034 973 408 544 659 347 404 853 304 0 686 91 757 313 360 334 85 334 385
279 639 622 1232 1215 1500 1027 1294 550 1151 718 1412 1352 490 600 73 994 719 1501 683 686 0 749 1135 961 442 443 732 981 633
683 137 542 916 899 1184 438 705 477 835 519 1096 1036 471 607 722 405 462 912 367 91 749 0 819 372 423 392 143 392 448
1204 845 963 116 98 544 961 1142 940 481 703 710 802 992 887 1243 1144 1267 1349 801 892 1270 954 0 1111 944 1063 948 915 798
905 360 765 1073 1055 1341 422 359 700 992 699 1253 1154 693 830 944 119 633 566 589 313 961 372 976 0 645 563 265 260 670
375 313 245 906 888 1174 711 978 126 825 370 1086 1026 66 330 414 678 635 1185 356 360 442 423 809 645 0 404 417 665 284
664 380 631 1025 1007 1293 629 896 513 944 628 1205 1145 452 716 490 596 321 1103 475 334 443 392 928 563 404 0 335 583 556
677 131 536 910 893 1178 332 599 472 829 513 1090 1030 465 601 716 299 405 805 361 85 732 143 813 265 417 335 0 286 442
925 380 762 877 859 1145 188 385 720 796 502 1057 997 713 686 964 353 654 592 600 334 981 392 780 260 665 583 286 0 597
566 338 239 760 742 1028 643 956 174 679 117 940 880 235 191 605 703 760 1163 381 385 633 448 663 670 284 556 442 597 0
EOF