NAME : tsp_problem
TYPE : TSP
DIMENSION : 40
EDGE_WEIGHT_TYPE : EXPLICIT
EDGE_WEIGHT_FORMAT : FULL_MATRIX
EDGE_WEIGHT_SECTION
0 454 363 673 705 893 938 570 838 429 416 332 1100 1264 1222 485 980 1191 1087 999 238 619 925 687 1286 803 438 504 709 828 841 607 1030 268 431 593 1011 236 247 932
454 0 502 496 277 662 911 348 704 403 62 247 954 836 794 246 845 1176 658 865 347 756 790 410 858 375 200 641 846 452 707 472 698 405 400 459 582 248 338 906
363 502 0 891 753 1110 1155 787 1056 647 464 282 1318 1166 1124 435 1198 1072 1135 1217 188 500 1142 886 1334 851 388 385 571 929 1059 824 1174 125 649 811 1059 454 197 1150
673 496 891 0 462 265 697 303 441 422 532 682 659 1021 979 681 582 1362 844 601 763 1145 527 118 1043 560 635 1029 1235 242 443 92 403 793 268 196 768 466 772 666
705 277 753 462 0 627 913 314 669 520 313 497 919 622 580 497 811 963 445 830 598 1007 756 376 645 161 450 755 1097 418 672 438 663 655 365 425 369 498 589 895
893 662 1110 265 627 0 528 523 479 623 698 883 454 1186 1144 882 454 1527 1009 433 983 1365 510 322 1209 725 835 1249 1454 230 309 311 198 1013 488 416 933 686 974 497
938 911 1155 697 913 528 0 713 458 638 874 947 290 1472 1431 946 327 1813 1295 189 1028 1410 383 710 1495 1012 899 1294 1499 724 378 630 546 1058 677 528 1219 731 1037 64
570 348 787 303 314 523 713 0 469 319 384 569 730 873 831 568 610 1214 696 630 660 1042 555 317 895 412 522 926 1132 458 472 237 661 690 165 224 620 363 660 694
838 704 1056 441 669 479 458 469 0 461 740 847 463 1228 1186 846 167 1569 1051 362 929 1310 112 454 1251 767 800 1195 1400 579 295 374 644 959 433 272 975 632 937 427
429 403 647 422 520 623 638 319 461 0 365 438 722 1079 1037 438 603 1420 902 622 520 902 547 436 1101 618 391 786 991 577 464 356 760 550 256 293 826 223 529 633
416 62 464 532 313 698 874 384 740 365 0 209 990 872 830 208 882 1213 695 901 309 719 827 446 894 411 162 603 808 489 743 509 734 367 367 495 619 210 300 868
332 247 282 682 497 883 947 569 847 438 209 0 1109 1056 1014 180 989 1108 879 1008 127 537 934 631 1079 595 133 421 626 673 850 616 919 185 440 602 803 283 119 941
1100 954 1318 659 919 454 290 730 463 722 990 1109 0 1478 1436 1108 332 1819 1301 123 1190 1572 388 675 1501 1017 1062 1456 1662 522 384 636 285 1220 695 534 1225 893 1199 259
1264 836 1166 1021 622 1186 1472 873 1228 1079 872 1056 1478 0 240 1056 1370 1031 793 1389 1108 1159 1315 935 1050 704 1009 822 1248 977 1231 997 1222 1069 924 984 614 1057 1116 1454
1222 794 1124 979 580 1144 1431 831 1186 1037 830 1014 1436 240 0 1014 1328 989 751 1347 1066 1117 1273 893 1008 662 967 780 1206 935 1189 955 1180 1027 882 942 572 1015 1075 1412
485 246 435 681 497 882 946 568 846 438 208 180 1108 1056 1014 0 988 1260 879 1007 280 689 933 630 1078 595 72 573 779 673 849 615 918 337 440 602 803 282 271 940
980 845 1198 582 811 454 327 610 167 603 882 989 332 1370 1328 988 0 1711 1193 232 1070 1452 92 596 1392 909 942 1336 1542 651 304 516 588 1100 575 414 1117 774 1079 296
1191 1176 1072 1362 963 1527 1813 1214 1569 1420 1213 1108 1819 1031 989 1260 1711 0 1134 1730 1013 1064 1656 1276 1391 1045 1214 728 1154 1318 1572 1338 1563 974 1265 1325 955 1279 1022 1795
1061 632 1109 818 419 983 1269 670 1025 876 669 853 1275 664 622 853 1167 1005 0 1186 954 1133 1112 731 694 501 806 796 1222 774 1028 794 1019 1011 721 781 258 854 945 1251
999 865 1217 601 830 433 189 630 362 622 901 1008 123 1389 1347 1007 232 1730 1212 0 1090 1471 287 615 1412 928 961 1356 1561 616 283 535 379 1119 594 433 1136 793 1098 159
238 347 188 763 598 983 1028 660 929 520 309 127 1190 1108 1066 280 1070 1013 980 1090 0 442 1015 731 1179 696 233 327 532 774 931 697 1019 91 522 684 904 327 58 1022
619 756 500 1145 1007 1365 1410 1042 1310 902 719 537 1572 1159 1117 689 1452 1064 1262 1471 442 0 1397 1140 1519 1105 643 377 114 1183 1313 1079 1428 403 903 1065 1083 708 451 1404
925 790 1142 527 756 510 383 555 112 547 827 934 388 1315 1273 933 92 1656 1138 287 1015 1397 0 541 1337 854 886 1281 1486 666 360 461 644 1045 520 359 1062 718 1024 352
687 410 886 118 376 322 710 317 454 436 446 631 675 935 893 630 596 1276 758 615 731 1140 541 0 957 474 584 1025 1230 173 457 105 419 789 282 210 681 480 722 680
1343 914 1390 1100 701 1265 1551 951 1307 1158 951 1135 1557 945 903 1134 1449 1286 564 1468 1235 1414 1394 1013 0 724 1088 1078 1504 1056 1310 1076 1301 1293 1003 1062 595 1136 1227 1532
803 375 851 560 161 725 1012 412 767 618 411 595 1017 704 662 595 909 1045 308 928 696 1105 854 474 507 0 548 836 1195 516 770 536 761 753 463 523 451 596 687 993
438 200 388 635 450 835 899 522 800 391 162 133 1062 1009 967 72 942 1214 832 961 233 643 886 584 1031 548 0 527 732 626 803 568 871 291 393 555 756 236 224 894
504 641 385 1029 755 1249 1294 926 1195 786 603 421 1456 822 780 573 1336 728 925 1356 327 377 1281 1025 1182 836 527 0 467 1067 1197 963 1313 287 788 950 746 592 335 1288
709 846 571 1235 1097 1454 1499 1132 1400 991 808 626 1662 1248 1206 779 1542 1154 1352 1561 532 114 1486 1230 1608 1195 732 467 0 1273 1403 1169 1518 493 993 1155 1172 798 541 1494
828 452 929 242 418 230 724 458 579 577 489 673 522 977 935 673 651 1318 800 616 774 1183 666 173 999 516 626 1067 1273 0 505 247 266 831 423 351 724 622 765 694
841 707 1059 443 672 309 378 472 295 464 743 850 384 1231 1189 849 304 1572 1054 283 931 1313 360 457 1253 770 803 1197 1403 505 0 377 473 961 436 275 978 635 940 347
607 472 824 92 438 311 630 237 374 356 509 616 636 997 955 615 516 1338 820 535 697 1079 461 105 1019 536 568 963 1169 247 377 0 449 727 202 130 744 400 706 600
1030 698 1174 403 663 198 546 661 644 760 734 919 285 1222 1180 918 588 1563 1045 379 1019 1428 644 419 1245 761 871 1313 1518 266 473 449 0 1077 625 553 969 824 1010 515
268 405 125 793 655 1013 1058 690 959 550 367 185 1220 1069 1027 337 1100 974 1037 1119 91 403 1045 789 1237 753 291 287 493 831 961 727 1077 0 552 714 961 356 99 1052
431 400 649 268 365 488 677 165 433 256 367 440 695 924 882 440 575 1265 747 594 522 903 520 282 947 463 393 788 993 423 436 202 625 552 0 188 671 225 531 658
593 459 811 196 425 416 528 224 272 293 495 602 534 984 942 602 414 1325 807 433 684 1065 359 210 1006 523 555 950 1155 351 275 130 553 714 188 0 731 387 693 497
1138 710 1186 895 497 1061 1347 747 1103 953 746 931 1353 839 797 930 1245 1180 199 1264 1031 1308 1189 809 456 359 884 971 1398 851 1106 871 1097 1089 799 858 0 932 1022 1328
236 248 454 466 498 686 731 363 632 223 210 283 893 1057 1015 282 774 1279 880 793 327 708 718 480 1080 596 236 592 798 622 635 400 824 356 225 387 804 0 335 726
247 338 197 772 589 974 1037 660 937 529 300 119 1199 1116 1075 271 1079 1022 971 1098 58 451 1024 722 1170 687 224 335 541 765 940 706 1010 99 531 693 895 335 0 1031
932 906 1150 666 895 497 64 694 427 633 868 941 259 1454 1412 940 296 1795 1277 159 1022 1404 352 680 1476 993 894 1288 1494 694 347 600 515 1052 658 497 1201 726 1031 0
EOF