NAME : tsp_problem
TYPE : TSP
DIMENSION : 62
EDGE_WEIGHT_TYPE : EXPLICIT
EDGE_WEIGHT_FORMAT : FULL_MATRIX
EDGE_WEIGHT_SECTION
0 1020 660 799 957 221 446 996 823 614 112 487 411 615 329 284 295 629 165 663 549 808 934 285 293 1006 469 425 223 583 301 845 1289 375 262 122 870 851 848 220 374 675 220 453 370 305 445 485 1337 538 919 782 326 773 1013 330 666 1196 678 799 343 209
1020 0 973 1455 269 908 1273 1469 1524 1353 1023 760 1150 432 1250 1022 1033 1550 929 976 1288 1121 1069 1206 1219 270 583 989 1144 895 1227 1546 1763 871 787 997 396 376 1549 908 937 1529 908 1262 934 1226 987 1406 456 553 306 917 1252 299 1486 937 1140 1331 413 1455 1264 1058
831 1299 0 1473 1310 718 1208 548 1496 1287 914 1029 1084 968 1061 957 968 1360 863 526 1222 671 949 1016 1095 1209 822 967 954 445 1085 1518 841 916 615 924 1224 1204 1521 718 915 1406 718 1196 912 1037 458 1217 1690 1014 1272 797 1073 1126 565 785 218 1211 1155 1472 1074 869
799 1455 1302 0 1391 984 485 1638 96 237 755 722 525 1096 609 589 538 346 661 1305 302 1450 1575 658 799 1440 992 611 745 1225 617 118 1931 713 904 730 1305 1285 121 984 673 300 984 473 649 642 1086 499 1750 925 1353 1424 623 1207 1655 801 1308 1838 1066 36 613 978
957 269 1140 1391 0 845 1210 1476 1461 1289 960 697 1087 369 1187 959 970 1487 865 1143 1224 1288 1267 1143 1155 468 520 926 1080 1062 1164 1482 1769 808 724 934 202 183 1486 844 874 1466 844 1198 871 1163 924 1343 428 490 63 1116 1189 212 1492 874 1146 1530 350 1391 1201 995
221 908 548 984 845 0 599 884 970 799 304 541 596 503 450 469 480 750 356 551 734 696 821 406 484 893 356 479 344 471 475 991 1177 428 149 314 758 738 995 62 427 796 62 607 424 426 332 607 1224 549 806 670 463 661 900 296 554 1083 689 984 464 258
446 1273 1037 485 1210 599 0 1373 508 299 417 593 260 914 189 324 273 522 396 1040 234 1185 1310 222 340 1258 810 505 355 960 158 530 1666 454 639 427 1123 1104 533 599 453 475 599 40 449 206 821 417 1569 744 1171 1159 163 1026 1390 536 1043 1573 884 485 344 588
917 1229 509 1558 1396 804 1293 0 1582 1373 1000 1115 1170 1054 1146 1043 1054 1446 949 512 1308 191 879 1102 1180 1139 908 1053 1040 431 1171 1604 348 1002 701 1010 1309 1290 1607 804 1001 1492 804 1282 998 1122 688 1303 1657 1100 1358 728 1159 1212 66 870 465 1141 1240 1558 1160 954
823 1524 1326 96 1461 970 508 1662 0 275 779 792 548 1165 589 612 562 327 685 1329 326 1474 1599 639 812 1509 1061 680 725 1248 631 58 1955 742 927 753 1374 1354 51 970 741 281 970 497 718 623 1110 480 1820 995 1422 1447 619 1277 1678 825 1332 1861 1135 96 594 959
614 1353 1117 237 1289 799 299 1452 275 0 570 669 339 994 463 403 353 288 475 1120 117 1265 1390 495 614 1338 890 558 628 1039 432 297 1746 533 718 544 1203 1183 300 799 532 242 799 288 529 480 901 441 1648 823 1251 1238 437 1105 1469 615 1123 1652 964 237 555 794
112 1023 743 755 960 304 417 1079 779 570 0 443 367 664 323 239 250 669 121 747 505 892 1017 348 264 1008 552 381 252 666 272 800 1373 330 345 78 873 853 804 304 329 715 304 424 326 312 528 551 1319 494 921 865 297 776 1096 286 750 1279 634 755 426 293
487 760 859 722 697 541 593 1194 792 669 443 0 470 401 698 342 353 895 349 862 607 1007 1132 723 639 745 297 286 626 781 647 813 1488 168 460 417 610 590 817 541 234 849 541 582 231 687 643 926 1056 231 658 980 672 513 1211 357 865 1394 371 722 801 668
411 1150 914 525 1087 596 260 1250 548 339 367 470 0 791 424 201 150 562 273 917 274 1062 1187 456 504 1135 687 381 492 837 392 570 1543 330 515 341 1000 980 574 596 330 516 596 248 326 440 698 652 1446 621 1048 1036 398 903 1267 413 920 1450 761 525 579 592
615 432 798 1096 369 503 914 1134 1165 994 664 401 791 0 845 664 675 1145 570 801 929 946 1071 801 860 418 178 630 738 721 868 1187 1427 513 382 639 282 263 1190 502 579 1170 503 903 575 821 582 1001 749 328 331 920 858 185 1150 569 804 1334 231 1096 859 653
329 1250 890 609 1187 450 189 1226 589 463 323 698 424 845 0 394 437 370 376 893 398 1038 1163 73 247 1235 699 617 206 813 65 611 1519 566 492 333 1100 1080 615 450 565 416 450 197 561 57 674 252 1566 749 1148 1012 53 1003 1243 541 896 1426 889 609 195 439
284 1022 786 589 959 469 324 1122 612 403 239 342 201 664 394 0 84 626 145 789 338 934 1060 418 334 1008 559 254 322 709 342 634 1415 203 388 214 872 853 638 468 202 580 468 312 198 382 571 622 1318 493 921 908 368 775 1139 285 792 1322 634 589 518 464
295 1033 797 538 970 480 273 1133 562 353 250 353 150 675 437 84 0 575 156 800 288 945 1071 470 387 1019 570 265 375 720 396 583 1426 214 399 225 883 864 587 479 213 529 479 262 209 436 582 665 1329 504 932 919 411 786 1150 296 803 1333 645 538 571 475
629 1550 1190 346 1487 750 522 1526 327 288 669 895 562 1145 370 626 575 0 698 1193 339 1338 1463 419 593 1535 999 795 506 1113 411 348 1819 755 791 679 1400 1380 352 750 754 62 750 510 751 403 974 260 1866 1046 1448 1312 399 1303 1543 838 1196 1726 1186 346 374 739
165 929 693 661 865 356 396 1029 685 475 121 349 273 570 376 145 156 698 0 696 410 841 966 401 316 914 466 287 304 615 325 706 1322 236 294 95 779 759 710 356 235 652 356 385 232 365 477 604 1225 400 827 814 350 681 1045 192 699 1228 540 661 479 345
890 1300 556 1532 1369 777 1267 607 1555 1346 973 1088 1143 1027 1120 1016 1027 1420 922 0 1281 164 950 1075 1154 1211 881 1026 1013 447 1144 1577 900 975 674 983 1283 1263 1580 777 975 1465 777 1255 971 1096 517 1276 1728 1073 1331 799 1132 1185 624 844 277 1213 1214 1531 1133 928
549 1288 1051 302 1224 734 234 1387 326 117 505 607 274 929 398 338 288 339 410 1055 0 1200 1325 430 549 1273 825 519 563 974 367 347 1681 468 653 479 1138 1118 351 734 467 293 734 223 464 415 836 492 1583 758 1186 1173 372 1040 1404 550 1058 1587 899 302 553 729
901 1312 568 1543 1381 789 1278 619 1567 1358 985 1100 1155 1039 1131 1027 1038 1431 934 539 1293 0 962 1087 1165 1222 893 1038 1025 459 1155 1588 912 987 686 995 1294 1274 1592 789 986 1477 789 1267 983 1107 528 1287 1739 1085 1342 810 1144 1197 635 855 289 1224 1225 1543 1145 939
934 1069 623 1575 1267 821 1310 1119 1599 1390 1017 1132 1187 1071 1163 1060 1071 1463 966 626 1325 771 0 1119 1197 979 925 1070 1057 546 1188 1621 1413 1019 718 1027 1181 1161 1624 821 1018 1509 821 1299 1015 1139 705 1320 1496 1117 1229 461 1176 1083 1136 887 790 286 1198 1575 1177 971
285 1206 846 658 1143 406 222 1182 639 495 348 723 456 801 73 418 470 419 401 849 430 994 1119 0 271 1191 654 641 162 769 97 660 1475 591 447 358 1056 1036 664 406 590 465 406 229 586 49 630 294 1522 774 1104 968 86 959 1199 566 852 1382 914 658 151 395
293 1219 924 799 1155 484 340 1260 812 614 264 639 504 860 247 334 387 593 316 927 549 1072 1197 271 0 1204 733 557 222 847 195 834 1553 506 526 274 1069 1049 838 484 505 639 484 347 502 235 708 475 1514 689 1117 1046 221 971 1277 481 930 1460 830 799 394 473
1006 270 883 1440 468 893 1258 1379 1509 1338 1008 745 1135 418 1235 1008 1019 1535 914 886 1273 1031 979 1191 1204 0 568 974 1129 806 1212 1531 1673 857 773 983 381 362 1534 893 923 1514 893 1247 919 1212 965 1392 697 539 430 828 1237 284 1396 923 1050 1242 398 1440 1249 1043
469 583 652 992 520 356 810 987 1061 890 552 297 687 178 699 559 570 999 466 655 825 800 925 654 733 568 0 526 592 574 723 1083 1281 408 236 534 433 413 1086 356 474 1044 356 799 471 675 436 855 899 224 481 773 711 336 1004 423 658 1187 364 992 712 507
425 989 797 611 926 479 505 1133 680 558 381 286 381 630 617 254 265 795 287 800 519 945 1070 641 557 974 526 0 545 719 565 701 1426 147 398 356 839 819 705 479 107 749 479 493 83 605 581 845 1285 460 887 918 591 742 1149 296 803 1332 600 610 739 606
223 1144 784 745 1080 344 355 1119 725 628 252 626 492 738 206 322 375 506 304 787 563 932 1057 162 222 1129 592 545 0 706 230 747 1413 494 385 262 994 974 751 344 493 552 344 362 490 182 568 362 1460 677 1042 905 219 896 1136 469 790 1319 818 745 220 333
877 1287 543 1518 1356 764 1253 594 1542 1333 960 1075 1130 1014 1106 1003 1014 1406 909 514 1268 659 937 1062 1140 1197 868 1013 1000 0 1131 1564 887 962 661 970 1269 1250 1567 764 961 1452 764 1242 958 1082 504 1263 1715 1060 1318 786 1119 1172 611 830 264 1200 1201 1518 1120 914
301 1227 914 617 1164 475 158 1250 631 432 272 647 392 868 65 342 396 411 325 917 367 1062 1188 97 195 1212 723 565 230 837 0 652 1543 515 516 282 1077 1057 656 474 514 457 474 165 510 81 699 293 1523 698 1125 1036 39 980 1267 490 920 1450 838 617 220 463
845 1546 1347 118 1482 991 530 1683 58 297 800 813 570 1187 611 634 583 348 706 1350 347 1495 1621 660 834 1531 1083 701 747 1270 652 0 1976 764 949 775 1395 1376 26 991 763 302 991 518 740 644 1131 501 1841 1016 1444 1469 641 1298 1700 846 1353 1883 1157 118 615 980
596 909 188 1238 1076 484 973 685 1261 1052 679 794 850 734 826 722 733 1126 629 191 987 336 559 782 860 819 587 733 719 111 850 1283 0 682 380 689 989 969 1287 483 681 1172 483 961 677 802 368 982 1336 779 1037 407 839 892 701 550 355 821 920 1238 840 634
375 871 746 713 808 428 454 1082 742 533 330 168 330 513 566 203 214 755 236 749 468 894 1019 591 506 857 408 147 494 669 515 764 1375 0 347 305 721 702 767 428 95 709 428 442 91 555 530 794 1167 342 770 868 540 624 1099 245 752 1282 483 713 688 555
262 787 444 904 724 149 639 780 927 718 345 460 515 382 492 388 399 791 294 447 653 593 718 447 526 773 236 398 385 367 516 949 1073 347 0 355 637 618 952 149 346 837 149 627 343 468 229 648 1104 428 686 566 504 540 797 215 451 980 568 903 505 300
122 997 754 730 934 314 427 1089 753 544 78 417 341 639 333 214 225 679 95 757 479 902 1027 358 274 983 534 356 262 676 282 775 1383 305 355 0 847 828 778 314 304 720 314 434 300 322 538 561 1293 468 896 875 307 750 1106 260 760 1289 609 729 436 303
870 396 1053 1305 202 758 1123 1389 1374 1203 873 610 1000 282 1100 872 883 1400 779 1056 1138 1201 1181 1056 1069 381 433 839 994 976 1077 1395 1682 721 637 847 0 62 1399 758 787 1379 758 1112 784 1076 837 1256 501 403 164 1029 1102 125 1406 787 1059 1443 263 1305 1114 908
851 376 1033 1285 183 738 1104 1369 1354 1183 853 590 980 263 1080 853 864 1380 759 1036 1118 1181 1161 1036 1049 362 413 819 974 956 1057 1376 1662 702 618 828 62 0 1379 738 768 1359 738 1092 764 1057 818 1237 528 384 144 1009 1082 105 1386 768 1040 1423 244 1285 1094 889
848 1549 1351 121 1486 995 533 1687 51 300 804 817 574 1190 615 638 587 352 710 1354 351 1499 1624 664 838 1534 1086 705 751 1274 656 26 1980 767 952 778 1399 1379 0 995 766 306 995 522 743 648 1135 505 1845 1020 1447 1473 644 1302 1703 850 1357 1886 1160 121 619 984
220 908 548 984 844 62 599 883 970 799 304 541 596 502 450 468 479 750 356 551 734 696 821 406 484 893 356 479 344 470 474 991 1177 428 149 314 758 738 995 0 427 796 62 606 424 426 332 606 1224 548 806 669 463 660 900 296 554 1083 689 984 464 258
374 937 745 673 874 427 453 1081 741 532 329 234 330 579 565 202 213 754 235 748 467 893 1018 590 505 923 474 107 493 668 514 763 1374 95 346 304 787 768 766 427 0 708 427 441 51 554 529 793 1233 408 836 867 539 690 1098 244 751 1281 549 673 687 554
675 1529 1236 300 1466 796 475 1572 281 242 715 849 516 1170 416 580 529 62 652 1239 293 1384 1509 465 639 1514 1044 749 552 1159 457 302 1865 709 837 720 1379 1359 306 796 708 0 796 464 705 449 1020 306 1825 1000 1427 1358 445 1282 1588 792 1242 1772 1140 300 420 785
220 908 548 984 844 62 599 883 970 799 304 541 596 503 450 468 479 750 356 551 734 696 821 406 484 893 356 479 344 470 474 991 1177 428 149 314 758 738 995 62 427 796 0 606 424 426 332 606 1224 548 806 669 463 660 900 296 554 1083 689 984 464 258
453 1262 1026 473 1198 607 40 1361 497 288 424 582 248 903 197 312 262 510 385 1029 223 1174 1299 229 347 1247 799 493 362 948 165 518 1655 442 627 434 1112 1092 522 606 441 464 606 0 438 213 810 425 1558 732 1160 1147 171 1014 1378 525 1032 1561 873 473 352 595
370 934 741 649 871 424 449 1077 718 529 326 231 326 575 561 198 209 751 232 744 464 890 1015 586 502 919 471 83 490 664 510 740 1370 91 343 300 784 764 743 424 51 705 424 438 0 550 526 789 1230 405 832 863 535 687 1094 240 748 1277 545 649 684 550
305 1226 866 642 1163 426 206 1202 623 480 312 687 440 821 57 382 436 403 365 869 415 1014 1139 49 235 1212 675 605 182 789 81 644 1495 555 468 322 1076 1057 648 426 554 449 426 213 550 0 650 285 1543 737 1124 988 70 979 1219 530 872 1402 878 642 171 415
445 987 432 1086 924 332 821 623 1110 901 528 643 698 582 674 571 582 974 477 435 836 580 705 630 708 965 436 581 568 355 699 1131 916 530 229 538 837 818 1135 332 529 1020 332 810 526 650 0 831 1304 628 886 554 687 740 640 398 294 968 768 1086 688 482
485 1406 1046 499 1343 607 417 1382 480 441 551 926 652 1001 252 622 665 260 604 1049 492 1194 1320 294 475 1392 855 845 362 969 293 501 1675 794 648 561 1256 1237 505 606 793 306 606 425 789 285 831 0 1723 977 1305 1168 281 1159 1399 769 1052 1582 1117 499 230 595
1337 456 1400 1750 428 1224 1569 1855 1820 1648 1319 1056 1446 749 1566 1318 1329 1866 1225 1403 1583 1548 1496 1522 1514 697 899 1285 1460 1323 1523 1841 2148 1167 1104 1293 501 528 1845 1224 1233 1825 1224 1558 1230 1543 1304 1723 0 849 466 1345 1548 591 1872 1233 1526 1759 709 1750 1580 1375
538 553 844 925 490 549 744 1179 995 823 494 231 621 328 749 493 504 1046 400 847 758 992 1117 774 689 539 224 460 677 766 698 1016 1473 342 428 468 403 384 1020 548 408 1000 548 732 405 737 628 977 849 0 452 965 723 306 1196 408 850 1379 164 925 852 699
919 306 1101 1353 63 806 1171 1437 1422 1251 921 658 1048 331 1148 921 932 1448 827 1104 1186 1249 1229 1104 1117 430 481 887 1042 1024 1125 1444 1730 770 686 896 164 144 1447 806 836 1427 806 1160 832 1124 886 1305 466 452 0 1077 1150 173 1454 836 1108 1491 311 1353 1162 956
782 917 471 1424 1116 670 1159 968 1447 1238 865 980 1036 920 1012 908 919 1312 814 474 1173 619 461 968 1046 828 773 918 905 394 1036 1469 1261 868 566 875 1029 1009 1473 669 867 1358 669 1147 863 988 554 1168 1345 965 1077 0 1025 932 985 736 638 723 1046 1424 1026 820
326 1252 903 623 1189 463 163 1239 619 437 297 672 398 858 53 368 411 399 350 906 372 1051 1176 86 221 1237 711 591 219 826 39 641 1532 540 504 307 1102 1082 644 463 539 445 463 171 535 70 687 281 1548 723 1150 1025 0 1005 1255 515 909 1439 863 622 208 452
773 299 956 1207 212 661 1026 1292 1277 1105 776 513 903 185 1003 775 786 1303 681 959 1040 1104 1083 959 971 284 336 742 896 878 980 1298 1585 624 540 750 125 105 1302 660 690 1282 660 1014 687 979 740 1159 591 306 173 932 1005 0 1308 690 962 1346 166 1207 1017 811
951 1263 543 1593 1430 838 1328 66 1616 1407 1034 1149 1204 1088 1181 1077 1088 1481 983 546 1342 225 913 1137 1215 1173 942 1087 1074 466 1205 1638 382 1036 735 1044 1344 1324 1641 838 1036 1526 838 1316 1032 1157 722 1337 1691 1134 1392 762 1193 1246 0 905 499 1176 1275 1593 1194 989
330 937 614 801 874 296 536 950 825 615 286 357 413 569 541 285 296 838 192 617 550 762 887 566 481 923 423 296 469 537 490 846 1243 245 215 260 787 768 850 296 244 792 296 525 240 530 398 769 1233 408 836 736 515 690 967 0 620 1150 549 801 644 447
1219 1532 811 1861 1699 1107 1596 357 1885 1676 1303 1418 1473 1357 1449 1345 1356 1749 1252 814 1611 494 1182 1405 1483 1442 1211 1356 1343 734 1473 1906 651 1305 1004 1313 1612 1593 1910 1107 1304 1795 1107 1585 1301 1425 991 1605 1959 1403 1660 1030 1462 1515 374 1173 0 1444 1543 1861 1463 1257
1196 1331 885 1838 1530 1083 1573 1382 1861 1652 1279 1394 1450 1334 1426 1322 1333 1726 1228 888 1587 1033 286 1382 1460 1242 1187 1332 1319 808 1450 1883 1675 1282 980 1289 1443 1423 1886 1083 1281 1772 1083 1561 1277 1402 968 1582 1759 1379 1491 723 1439 1346 1399 1150 1052 0 1460 1838 1439 1234
678 413 984 1066 350 689 884 1320 1135 964 634 371 761 231 889 634 645 1186 540 987 899 1132 1198 914 830 398 364 600 818 907 838 1157 1613 483 568 609 263 244 1160 689 549 1140 689 873 545 878 768 1117 709 164 311 1046 863 166 1337 549 990 1460 0 1066 992 839
799 1455 1302 36 1391 984 485 1638 96 237 755 722 525 1096 609 589 538 346 661 1305 302 1450 1575 658 799 1440 992 610 745 1225 617 118 1931 713 903 729 1305 1285 121 984 673 300 984 473 649 642 1086 499 1750 925 1353 1424 622 1207 1655 801 1308 1838 1066 0 613 978
343 1264 904 613 1201 464 344 1240 594 555 426 801 579 859 195 518 571 374 479 907 553 1052 1177 151 394 1249 712 739 220 827 220 615 1533 688 505 436 1114 1094 619 464 687 420 464 352 684 171 688 230 1580 852 1162 1026 208 1017 1256 644 910 1439 992 613 0 453
209 1058 698 978 995 258 588 1034 959 794 293 668 592 653 439 464 475 739 345 701 729 846 971 395 473 1043 507 606 333 621 463 980 1327 555 300 303 908 889 984 258 554 785 258 595 550 415 482 595 1375 699 956 820 452 811 1051 447 704 1234 839 978 453 0
EOF