NAME : tsp_problem
TYPE : TSP
DIMENSION : 54
EDGE_WEIGHT_TYPE : EXPLICIT
EDGE_WEIGHT_FORMAT : FULL_MATRIX
EDGE_WEIGHT_SECTION
0 987 249 790 535 572 560 748 324 802 798 594 327 467 715 723 479 886 542 1054 1010 431 483 790 384 749 349 975 1003 811 991 531 489 503 573 408 678 629 671 1425 470 457 639 192 648 345 693 600 349 958 795 613 611 527
987 0 1101 1368 1387 1373 1412 493 1176 1580 474 1104 1178 1319 353 1574 1330 1375 1394 1440 1557 836 1335 1568 675 1601 711 1522 1212 1663 1538 1038 1341 1355 1308 751 1530 1481 1523 1972 875 1228 1450 869 1454 825 320 1263 1158 1505 1647 544 1227 534
249 1101 0 620 313 350 338 862 102 580 913 424 157 244 829 500 256 716 320 884 841 545 260 568 498 527 463 806 833 589 821 627 267 281 351 522 456 407 448 1255 584 234 416 306 425 460 808 378 180 788 573 727 442 641
790 1362 620 0 848 768 932 1049 695 975 1238 410 698 838 1134 1094 839 128 913 606 252 804 854 963 757 1120 722 217 708 1182 232 808 860 874 703 997 1049 1000 1042 666 843 624 845 735 849 935 1069 658 721 199 1166 1032 202 946
535 1387 313 848 0 160 487 1148 237 343 1199 652 353 198 1115 556 190 944 469 1112 1068 831 410 331 785 583 749 1034 1061 592 1049 855 416 429 222 808 605 324 598 1483 870 255 180 593 189 746 1094 399 447 1016 634 1013 669 927
572 1373 350 768 160 0 524 1135 274 318 1205 573 390 235 1101 632 227 865 506 1033 989 771 447 305 724 633 689 954 982 566 970 775 453 467 86 845 642 400 635 1404 810 213 188 629 191 783 1080 319 483 937 710 999 590 913
560 1412 338 932 487 524 0 1174 335 658 1224 736 271 312 1140 383 323 1028 51 1196 1152 856 106 646 810 409 775 1117 1145 471 1133 938 99 200 567 833 162 327 155 1567 895 467 523 618 526 771 1119 611 364 1100 279 1038 753 952
748 493 862 1054 1148 1135 1174 0 938 1341 587 790 940 1080 483 1336 1092 1062 1156 1126 1243 597 1096 1329 437 1362 472 1208 898 1424 1224 799 1102 1116 1069 513 1291 1243 1284 1658 636 990 1212 631 1215 586 200 1024 919 1191 1409 381 982 295
324 1176 102 695 237 274 335 938 0 504 988 499 200 235 904 497 227 792 317 960 916 620 257 492 574 523 538 881 909 585 897 702 263 278 275 597 453 404 445 1331 659 158 340 382 349 535 883 302 255 864 570 802 517 716
802 1580 580 975 343 318 658 1341 504 0 1412 779 620 465 1308 404 457 1072 640 1239 1196 977 581 86 931 346 896 1161 1188 279 1176 982 587 486 293 1075 599 381 602 1610 1016 419 209 860 213 1013 1287 526 714 1143 598 1206 797 1120
798 474 913 1238 1199 1205 1224 587 988 1412 0 1042 990 1131 335 1386 1142 1335 1206 1503 1459 668 1146 1400 507 1413 543 1424 1306 1475 1439 870 1153 1167 1140 434 1342 1293 1334 1873 707 1061 1282 681 1286 637 444 1095 969 1407 1459 241 1060 320
594 1104 424 410 652 573 736 790 499 779 1042 0 502 642 938 898 643 436 718 500 617 608 658 767 561 924 526 582 449 986 598 612 664 678 507 801 853 805 846 1032 647 428 649 540 653 739 810 462 525 565 971 836 232 750
327 1178 157 698 353 390 271 940 200 620 990 502 0 177 907 433 189 794 252 962 918 622 193 608 576 459 541 883 911 521 899 704 199 213 433 599 388 340 381 1333 661 333 456 384 465 537 885 476 125 866 505 805 519 719
467 1319 244 838 198 235 312 1080 235 465 1131 642 177 0 1047 474 34 934 294 1102 1059 763 234 453 716 500 681 1024 1051 562 1039 845 240 254 278 740 429 381 422 1473 802 254 302 524 311 678 1025 397 271 1006 547 945 660 859
715 353 829 1134 1115 1101 1140 483 904 1308 335 938 907 1047 0 1303 1059 1231 1122 1399 1355 564 1063 1296 403 1329 439 1320 1202 1391 1335 766 1069 1083 1036 480 1258 1209 1251 1769 603 957 1178 597 1182 553 323 991 886 1302 1375 218 956 216
723 1574 500 1094 556 632 383 1336 497 404 1386 898 433 474 1303 0 486 1190 384 1358 1314 1019 342 416 972 89 937 1280 1307 151 1295 1101 348 247 607 996 257 282 260 1729 1058 630 478 780 481 933 1281 773 527 1262 256 1201 915 1115
479 1330 256 839 190 227 323 1092 227 457 1142 643 189 34 1059 486 0 935 305 1103 1059 775 246 445 728 512 693 1024 1052 574 1040 845 252 266 270 752 441 392 434 1474 814 246 294 536 303 689 1037 389 283 1007 558 957 660 871
872 1258 703 430 931 851 1014 945 778 1058 1321 319 780 921 1217 1177 921 0 996 502 619 886 937 1046 840 1203 805 584 604 1265 600 891 943 957 786 1080 1132 1083 1125 1034 925 706 928 818 932 1017 965 741 803 567 1249 1115 510 1029
542 1394 320 913 469 506 51 1156 317 640 1206 718 252 294 1122 384 305 1010 0 1178 1134 838 87 628 792 410 757 1099 1127 472 1115 920 81 182 549 815 163 308 156 1549 877 449 505 600 508 753 1101 593 346 1082 280 1020 735 934
957 1440 787 198 1015 935 1098 1127 862 1142 1405 501 864 1005 1301 1261 1005 206 1080 0 387 970 1021 1130 924 1287 889 352 786 1349 368 975 1027 1041 870 1164 1216 1167 1209 802 1009 790 1012 902 1016 1102 1147 825 887 335 1333 1199 369 1113
1174 1560 1004 576 1232 1153 1316 1246 1080 1359 1623 620 1082 1222 1519 1478 1223 584 1298 394 0 1188 1238 1347 1141 1505 1106 731 905 1566 746 1192 1244 1259 1088 1381 1434 1385 1426 440 1227 1008 1230 1120 1233 1319 1267 1042 1105 713 1551 1417 747 1331
431 836 545 804 831 771 856 597 620 977 668 608 622 763 564 1019 775 900 838 1068 1024 0 779 965 187 1045 152 989 1017 1107 1005 436 785 799 706 525 974 925 967 1439 70 626 848 267 851 466 543 660 602 972 1091 462 625 376
483 1335 260 854 410 447 106 1096 257 581 1146 658 193 234 1063 342 246 950 87 1118 1074 779 0 569 732 369 697 1040 1067 431 1055 861 34 123 490 756 223 249 216 1489 818 390 445 540 449 693 1041 533 287 1022 341 961 675 875
790 1568 568 963 331 305 646 1329 492 86 1400 767 608 453 1296 416 445 1059 628 1227 1183 965 569 0 919 358 884 1149 1176 291 1164 970 575 474 280 1063 611 369 614 1598 1004 407 197 847 201 1001 1274 514 701 1131 609 1194 784 1108
384 675 498 757 785 724 810 437 574 931 507 561 576 716 403 972 728 853 792 1021 978 187 732 919 0 998 103 943 970 1060 958 389 738 753 659 364 928 879 920 1392 226 579 801 221 805 420 382 614 555 925 1045 301 579 215
749 1601 527 1120 583 633 409 1362 523 346 1413 924 459 500 1329 89 512 1217 410 1385 1341 1045 369 358 998 0 963 1306 1334 92 1321 1127 375 274 608 1022 284 308 287 1755 1084 656 504 806 508 960 1308 800 553 1288 282 1227 942 1141
349 711 463 722 749 689 775 472 538 896 543 526 541 681 439 937 693 818 757 986 942 152 697 884 103 963 0 908 935 1025 923 354 703 717 624 400 892 844 885 1357 191 544 766 186 770 385 417 579 520 890 1010 337 543 251
1210 1596 1041 612 1268 1189 1352 1283 1116 1396 1659 656 1118 1259 1555 1514 1259 620 1334 430 62 1224 1274 1383 1178 1541 1142 0 942 1603 42 1229 1281 1295 1124 1417 1470 1421 1462 477 1263 1044 1266 1156 1269 1355 1303 1079 1141 749 1587 1453 783 1367
1003 1212 833 713 1061 982 1145 898 909 1188 1306 449 911 1051 1202 1307 1052 721 1127 786 902 1017 1067 1176 970 1334 935 868 0 1396 883 1021 1073 1088 917 1210 1263 1214 1255 1317 1056 837 1059 949 1062 1148 919 871 934 850 1380 1100 641 1014
811 1663 589 1182 592 566 471 1424 585 279 1475 986 521 562 1391 151 574 1279 472 1447 1403 1107 431 291 1060 92 1025 1368 1396 0 1383 1189 437 335 541 1084 346 370 349 1817 1146 667 457 868 461 1022 1370 774 615 1350 344 1289 1004 1203
1190 1575 1020 592 1248 1168 1331 1262 1095 1375 1638 636 1097 1238 1534 1494 1238 600 1313 409 41 1204 1254 1363 1157 1520 1122 746 921 1582 0 1208 1260 1274 1103 1397 1449 1400 1442 456 1243 1023 1245 1135 1249 1335 1282 1058 1120 729 1566 1432 763 1346
407 914 356 538 584 505 668 676 432 711 746 342 434 574 642 830 575 634 650 802 758 312 590 699 265 857 230 723 751 918 739 0 596 611 439 505 786 737 778 1173 351 360 582 244 585 443 621 394 457 706 903 540 359 454
489 1341 267 860 416 453 99 1102 263 587 1153 664 199 240 1069 348 252 957 81 1124 1081 785 34 575 738 375 703 1046 1073 437 1061 867 0 129 496 762 217 255 210 1495 824 396 451 546 455 700 1048 539 293 1028 334 967 682 881
503 1355 281 874 429 467 200 1116 278 486 1167 678 213 254 1083 247 266 971 182 1139 1095 799 123 474 753 274 717 1060 1088 335 1075 881 129 0 480 776 318 154 311 1510 838 410 350 560 354 714 1062 554 307 1043 325 981 696 895
573 1308 351 703 222 86 567 1069 275 293 1140 507 433 278 1036 607 270 800 549 968 924 706 490 280 659 608 624 889 917 541 904 710 496 480 0 846 685 375 678 1338 745 147 163 631 166 784 1015 254 504 871 685 934 525 848
408 751 522 997 808 845 833 513 597 1075 434 801 599 740 480 996 752 1093 815 1261 1217 525 756 1063 364 1022 400 1183 1210 1084 1198 629 762 776 846 0 951 902 944 1632 564 730 912 290 921 246 458 854 579 1165 1068 350 818 292
678 1530 456 1049 605 642 162 1291 453 599 1342 853 388 429 1258 257 441 1146 163 1314 1270 974 223 611 928 284 892 1235 1263 346 1250 1056 217 318 685 951 0 361 73 1685 1013 585 557 735 561 889 1237 729 482 1218 154 1156 871 1070
629 1481 407 1000 324 400 327 1243 404 381 1293 805 340 381 1209 282 392 1097 308 1265 1221 925 249 369 879 308 844 1186 1214 370 1202 1007 255 154 375 902 361 0 364 1636 964 502 245 687 249 840 1188 608 433 1169 359 1107 822 1021
671 1523 448 1042 598 635 155 1284 445 602 1334 846 381 422 1251 260 434 1138 156 1306 1262 967 216 614 920 287 885 1228 1255 349 1243 1049 210 311 678 944 73 364 0 1677 1006 578 560 728 564 881 1229 721 475 1210 157 1149 863 1063
768 1154 599 381 827 747 910 841 674 954 1217 215 676 817 1113 1073 817 389 892 454 571 782 833 942 736 1099 701 536 500 1161 551 787 839 853 682 976 1028 979 1021 0 821 602 824 714 828 913 861 637 699 518 1145 1011 406 925
470 875 584 843 870 810 895 636 659 1016 707 647 661 802 603 1058 814 939 877 1107 1063 70 818 1004 226 1084 191 1028 1056 1146 1044 475 824 838 745 564 1013 964 1006 1478 0 665 887 306 890 505 582 699 641 1011 1130 501 664 415
457 1228 234 624 255 213 467 990 158 419 1061 428 333 254 957 630 246 720 449 888 844 626 390 407 579 656 544 809 837 667 825 630 396 410 147 730 585 502 578 1259 665 0 289 514 293 667 935 174 388 792 702 855 445 769
639 1450 416 845 180 188 523 1212 340 209 1282 649 456 302 1178 478 294 942 505 1110 1066 848 445 197 801 504 766 1031 1059 457 1047 852 451 350 163 912 557 245 560 1481 887 289 0 696 25 849 1157 396 550 1014 555 1076 667 990
192 869 306 735 593 629 618 631 382 860 681 540 384 524 597 780 536 832 600 1000 956 267 540 847 221 806 186 921 949 868 937 367 546 560 631 290 735 687 728 1371 306 514 696 0 705 228 576 592 363 904 853 495 557 409
648 1454 425 849 189 191 526 1215 349 213 1286 653 465 311 1182 481 303 945 508 1113 1069 851 449 201 805 508 770 1035 1062 461 1050 856 455 354 166 921 561 249 564 1484 890 293 25 705 0 858 1160 400 559 1017 559 1080 670 994
345 825 460 935 746 783 771 586 535 1013 637 739 537 678 553 933 689 1031 753 1199 1155 466 693 1001 420 960 385 1120 1148 1022 1136 567 700 714 784 246 889 840 881 1570 505 667 849 228 858 0 532 791 516 1103 1006 451 756 365
693 320 808 1074 1094 1080 1119 200 883 1287 444 810 885 1025 323 1281 1037 1082 1101 1147 1264 543 1041 1274 382 1308 417 1229 919 1370 1244 745 1048 1062 1015 458 1237 1188 1229 1678 582 935 1157 576 1160 532 0 970 864 1211 1354 327 934 241
600 1263 378 658 399 319 611 1024 302 526 1095 462 476 397 991 773 389 754 593 922 879 660 533 514 614 800 579 844 871 774 859 665 539 554 254 854 729 608 721 1293 699 174 396 592 400 791 970 0 531 826 846 889 480 803
349 1158 180 721 447 483 364 919 255 714 969 525 125 271 886 527 283 817 346 985 941 602 287 701 555 553 520 906 934 615 922 702 293 307 504 579 482 433 475 1356 641 388 550 363 559 516 864 531 0 889 599 784 542 698
1223 1609 1054 625 1281 1202 1365 1296 1129 1409 1672 669 1131 1272 1568 1527 1272 633 1347 443 75 1237 1287 1397 1191 1554 1156 780 955 1616 56 1242 1294 1308 1137 1431 1483 1434 1476 490 1276 1057 1279 1169 1282 1368 1316 1092 1154 0 1600 1466 796 1380
795 1647 573 1166 634 710 279 1409 570 598 1459 971 505 547 1375 256 558 1263 280 1431 1387 1091 341 609 1045 282 1010 1352 1380 344 1368 1173 334 325 685 1068 154 359 157 1802 1130 702 555 853 559 1006 1354 846 599 1335 0 1273 988 1187
613 544 727 1032 1013 999 1038 381 802 1206 241 836 805 945 218 1201 957 1129 1020 1297 1253 462 961 1194 301 1227 337 1218 1100 1289 1233 664 967 981 934 350 1156 1107 1149 1667 501 855 1076 495 1080 451 327 889 784 1200 1273 0 854 114
611 1227 442 202 669 590 753 982 517 797 1060 232 519 660 956 915 660 298 735 692 422 625 675 784 579 942 543 388 641 1004 403 630 682 696 525 818 871 822 863 837 664 445 667 557 670 756 934 480 542 370 988 854 0 768
527 534 641 946 927 913 952 295 716 1120 320 750 719 859 216 1115 871 1043 934 1211 1167 376 875 1108 215 1141 251 1132 1014 1203 1147 578 881 895 848 292 1070 1021 1063 1581 415 769 990 409 994 365 241 803 698 1114 1187 114 768 0
EOF