NAME : tsp_problem
TYPE : TSP
DIMENSION : 20
EDGE_WEIGHT_TYPE : EXPLICIT
EDGE_WEIGHT_FORMAT : FULL_MATRIX
EDGE_WEIGHT_SECTION
0 198 395 527 364 853 807 708 51 981 689 365 440 925 884 883 281 453 286 283
198 0 260 697 535 1024 932 833 222 1107 814 536 442 1050 1009 1008 452 455 420 286
395 260 0 797 732 1170 963 864 419 1137 845 599 527 1080 1039 1039 649 540 597 424
527 697 797 0 273 407 1024 926 503 1199 906 227 940 1142 588 1101 346 953 707 783
364 535 732 273 0 523 1078 979 341 1253 960 280 777 1196 705 1154 107 790 544 620
853 1024 1170 407 523 0 990 1229 829 1502 1049 599 1266 1107 508 1243 596 1279 1033 1109
807 932 963 1024 1078 990 0 759 831 1032 578 826 1183 433 596 773 995 1196 1029 1026
1118 1243 1274 1336 1389 1478 1008 0 1142 295 792 1137 1494 1125 1084 521 1307 1507 1340 1337
51 222 419 503 341 829 831 732 0 1005 713 341 464 948 907 907 258 477 310 307
902 1027 1058 1119 1173 1262 791 546 926 0 576 921 1278 909 868 305 1090 1290 1124 1121
811 936 967 1028 1082 1269 799 294 835 567 0 830 1187 916 875 214 999 1200 1033 1030
365 536 599 227 280 599 826 728 341 1001 708 0 778 944 781 902 197 791 545 621
440 442 527 940 777 1266 1183 1084 464 1357 1064 778 0 1300 1259 1259 694 68 535 214
925 1050 1080 1142 1196 1107 433 876 948 1149 696 944 1300 0 713 890 1113 1313 1146 1143
884 1009 1039 588 705 508 596 835 907 1108 655 781 1259 713 0 849 778 1272 1105 1102
774 899 929 991 1045 1232 761 257 798 530 490 793 1149 879 838 0 962 1162 996 993
281 452 649 346 107 596 995 897 258 1170 877 197 694 1113 778 1071 0 707 462 537
453 455 540 953 790 1279 1196 1097 477 1370 1077 791 68 1313 1272 1272 707 0 548 227
286 420 597 707 544 1033 1029 930 310 1203 911 545 535 1146 1105 1105 462 548 0 378
283 286 424 783 620 1109 1026 927 307 1200 908 621 214 1143 1102 1102 537 227 378 0
EOF