NAME : tsp_problem
TYPE : TSP
DIMENSION : 28
EDGE_WEIGHT_TYPE : EXPLICIT
EDGE_WEIGHT_FORMAT : FULL_MATRIX
EDGE_WEIGHT_SECTION
0 1525 1300 1072 1321 1293 1134 1336 1470 1730 952 651 1101 1374 577 1019 315 420 1391 633 986 1198 875 1453 1554 487 594 943
1526 0 351 919 983 281 754 999 1132 601 630 1319 727 687 1253 769 1474 1337 1054 1195 891 715 763 135 1112 1436 1394 617
1223 430 0 616 812 198 457 827 961 635 327 1016 424 516 950 466 1172 1034 882 893 589 544 592 358 940 1134 1091 315
1072 918 692 0 1083 686 526 1098 1231 1123 344 626 494 1023 579 412 893 731 1153 761 198 960 637 846 1316 1001 701 336
1321 983 911 1083 0 904 1125 297 222 1341 943 1274 1093 810 1048 1010 1269 1131 143 990 1055 297 536 1041 371 1231 1349 935
1294 281 118 687 882 0 527 898 1031 486 397 1087 495 586 1021 537 1242 1104 953 963 659 614 662 209 1011 1204 1161 385
1134 754 533 526 1125 526 0 1141 1274 729 237 927 148 864 861 376 1082 944 1196 803 499 892 680 682 1288 1044 1001 225
1336 999 926 1098 297 920 1141 0 183 1357 959 1290 1108 825 1063 1026 1285 1147 255 1006 1071 312 552 1057 511 1247 1365 950
1470 1132 1060 1231 222 1053 1274 183 0 1490 1092 1423 1242 959 1197 1159 1418 1280 108 1139 1204 446 685 1190 364 1380 1498 1083
1731 601 555 1124 1319 486 729 1335 1468 0 834 1524 822 1023 1458 973 1679 1541 1390 1400 1096 1051 1099 529 1448 1641 1598 822
952 629 403 344 943 397 237 959 1092 834 0 744 205 734 679 194 900 762 1013 621 317 762 498 557 1159 862 819 62
651 1318 1092 626 1274 1086 927 1290 1423 1523 744 0 894 1328 265 812 472 375 1345 660 539 1152 829 1246 1508 901 148 736
1101 726 501 494 1093 494 148 1108 1242 822 205 894 0 831 828 344 1050 912 1163 771 467 859 647 654 1256 1012 969 193
1374 687 615 1026 810 608 867 825 959 1045 737 1328 834 0 1101 876 1323 1185 880 1044 999 541 590 745 938 1285 1403 724
577 1252 1027 579 1048 1020 861 1063 1197 1457 679 265 828 1101 0 746 398 235 1118 433 492 925 602 1180 1281 674 340 670
1019 768 542 412 1010 536 376 1026 1159 973 194 812 344 873 746 0 967 829 1081 688 384 888 565 696 1244 929 886 186
315 1474 1248 893 1269 1241 1082 1285 1418 1678 900 472 1050 1323 398 967 0 241 1339 655 807 1147 824 1402 1503 749 415 891
420 1336 1110 731 1131 1104 944 1147 1280 1541 762 375 912 1185 235 829 241 0 1202 517 645 1009 686 1264 1365 758 440 754
1391 1054 981 1153 143 975 1196 255 108 1411 1013 1345 1163 880 1118 1081 1339 1202 0 1061 1125 367 607 1111 285 1302 1420 1005
633 1195 969 761 990 963 803 1006 1139 1400 621 660 771 1044 433 688 655 517 1061 0 733 868 545 1123 1224 543 735 613
986 891 665 198 1055 658 499 1071 1204 1095 317 539 467 996 492 384 807 645 1125 733 0 933 609 819 1289 974 614 308
1198 715 643 960 297 636 894 312 446 1073 765 1152 862 541 925 888 1147 1009 367 868 933 0 414 773 425 1109 1227 752
875 763 691 637 536 684 680 552 685 1121 498 829 647 590 602 565 824 686 607 545 609 414 0 821 770 786 904 489
1454 135 279 847 1041 209 682 1057 1190 529 558 1247 655 745 1181 697 1402 1265 1111 1124 819 773 821 0 1169 1364 1322 545
1554 1112 1039 1316 371 1033 1291 511 364 1470 1161 1508 1259 938 1281 1244 1503 1365 285 1224 1289 425 770 1169 0 1465 1583 1149
487 1436 1210 1001 1231 1203 1044 1247 1380 1640 862 901 1012 1285 674 929 749 758 1302 543 974 1109 786 1364 1465 0 976 853
594 1393 1167 701 1349 1161 1001 1365 1498 1598 819 148 969 1403 340 886 415 440 1420 735 614 1227 904 1321 1583 976 0 811
943 616 391 336 935 384 225 950 1083 821 62 736 193 722 670 186 891 754 1005 613 308 749 489 544 1146 853 811 0
EOF