NAME : tsp_problem
TYPE : TSP
DIMENSION : 22
EDGE_WEIGHT_TYPE : EXPLICIT
EDGE_WEIGHT_FORMAT : FULL_MATRIX
EDGE_WEIGHT_SECTION
0 244 676 1311 1222 1395 1134 504 1143 1333 954 543 692 1343 1195 1405 560 511 788 515 1313 1061
244 0 792 1265 1176 1511 1087 458 1258 1286 1070 497 808 1458 1311 1359 676 465 904 469 1429 1177
676 792 0 1292 909 932 820 815 775 1019 491 785 78 880 733 1092 282 821 432 757 850 705
1308 1262 1292 0 569 1874 617 1013 1716 415 1433 809 1307 1822 1674 365 1176 1019 1403 848 1792 1676
1244 1198 909 569 0 1365 109 1025 1208 171 924 911 925 1313 1166 244 977 1031 1127 950 1283 1200
1395 1511 932 1874 1365 0 1277 1534 593 1476 582 1504 948 454 471 1548 1001 1539 945 1476 424 659
1155 1109 820 617 109 1277 0 936 1119 219 836 822 836 1224 1077 292 889 942 1039 861 1194 1111
504 458 816 1016 1003 1534 914 0 1282 1113 1093 248 831 1482 1335 1119 700 37 927 220 1452 1200
1143 1258 775 1716 1208 593 1119 1281 0 1318 498 1252 790 248 739 1391 748 1287 454 1224 265 173
1354 1308 1019 415 171 1476 219 1135 1318 0 1035 962 1035 1423 1276 90 1088 1141 1238 1001 1393 1310
954 1070 491 1433 924 582 836 1093 498 1035 0 1063 507 603 382 1108 560 1099 710 1035 573 490
543 497 786 812 911 1505 822 248 1252 965 1064 0 802 1452 1305 915 670 254 898 83 1423 1171
692 808 78 1308 925 948 836 831 790 1035 507 801 0 896 748 1108 298 837 448 773 866 721
1343 1458 880 1822 1313 454 1224 1481 248 1423 603 1452 896 0 814 1496 948 1487 659 1424 126 313
1195 1311 733 1674 1166 471 1077 1334 739 1276 382 1304 748 814 0 1349 801 1340 951 1276 784 731
1411 1364 1092 365 244 1548 292 1116 1391 90 1108 911 1108 1496 1349 0 1160 1122 1310 951 1466 1383
560 676 282 1176 977 1001 889 699 748 1088 560 669 298 948 801 1160 0 705 394 641 918 666
511 465 822 1022 1009 1540 920 37 1288 1119 1099 254 837 1488 1340 1125 706 0 933 226 1458 1206
788 904 432 1404 1127 945 1039 927 454 1238 710 897 448 659 951 1310 394 933 0 869 676 372
515 469 758 851 945 1477 857 220 1224 1004 1036 83 774 1424 1277 954 642 226 870 0 1395 1143
1313 1429 850 1792 1283 424 1194 1451 265 1393 573 1422 866 126 784 1466 918 1457 676 1394 0 330
1061 1177 705 1677 1200 659 1111 1199 173 1310 490 1170 721 313 731 1383 666 1205 372 1142 330 0
EOF