NAME : tsp_problem
TYPE : TSP
DIMENSION : 26
EDGE_WEIGHT_TYPE : EXPLICIT
EDGE_WEIGHT_FORMAT : FULL_MATRIX
EDGE_WEIGHT_SECTION
0 1615 527 1329 529 1366 1202 886 455 583 578 1817 1596 509 512 830 814 342 489 1518 1388 880 528 1320 1480 111
1615 0 1817 1253 1566 1290 504 794 1408 1274 1469 1889 1145 1141 1571 893 891 1403 1599 1196 1313 1465 1638 1244 1552 1538
527 1817 0 1232 433 1270 1404 1088 657 785 482 1524 1464 711 416 1032 1016 544 319 1421 1292 784 337 1223 1187 523
1329 1253 1232 0 918 256 1241 1127 1386 1267 821 1053 569 1134 923 977 1060 1273 951 408 278 643 990 64 716 1252
529 1566 433 918 0 955 1333 1018 586 714 167 1406 1185 641 151 961 946 474 152 1107 978 470 191 909 1069 452
1366 1290 1270 256 955 0 1278 1164 1423 1305 858 960 447 1172 960 1014 1097 1311 989 285 185 681 1028 247 623 1289
1202 504 1404 1241 1333 1278 0 381 995 862 1383 1876 1132 729 1317 494 478 990 1293 1184 1301 1453 1332 1232 1539 1125
886 794 1088 1127 1018 1164 381 0 679 546 1067 1835 1210 413 1001 178 157 674 977 1261 1186 1339 1017 1118 1498 809
455 1408 657 1386 586 1423 995 679 0 375 635 1874 1487 302 569 623 607 243 546 1538 1445 937 585 1377 1537 378
583 1275 785 1263 714 1301 862 546 375 0 763 1971 1354 176 697 490 474 317 674 1405 1323 1065 713 1254 1634 506
578 1469 482 821 167 858 1383 1067 635 763 0 1309 1088 690 172 1010 995 523 201 1010 881 373 240 812 972 501
1833 1250 1805 819 1518 603 1238 1316 1626 1493 1421 0 438 1360 1523 1195 1278 1622 1552 489 649 1244 1591 810 844 1757
1596 1152 1464 525 1185 309 1139 1218 1528 1395 1088 840 0 1262 1190 1097 1179 1523 1219 217 355 911 1258 516 503 1519
509 1141 711 1130 641 1167 729 413 302 176 690 1838 1221 0 624 357 341 297 600 1272 1190 992 640 1121 1501 432
512 1571 416 923 151 960 1317 1001 569 697 172 1411 1190 624 0 944 929 457 135 1112 983 475 174 914 1074 435
830 896 1032 999 961 1036 494 178 623 489 1010 1707 1082 357 944 0 106 618 921 1133 1059 1211 960 990 1370 753
814 891 1016 1081 946 1119 478 157 607 474 995 1789 1164 341 929 106 0 602 905 1216 1141 1293 944 1072 1452 737
342 1403 544 1273 474 1311 990 674 243 317 523 1761 1482 297 457 618 602 0 434 1462 1333 825 473 1264 1425 265
489 1599 319 951 152 989 1293 977 546 674 201 1439 1219 600 135 921 905 434 0 1140 1011 503 77 942 1103 412
1518 1203 1421 408 1107 205 1191 1269 1575 1446 1010 960 217 1313 1112 1148 1231 1462 1140 0 251 833 1180 399 624 1441
1411 1426 1315 612 1000 396 1414 1493 1468 1596 903 801 371 1516 1005 1358 1441 1356 1033 491 0 726 1073 603 464 1334
880 1465 784 643 470 681 1453 1339 937 1065 373 1008 911 992 475 1189 1272 825 503 833 703 0 542 634 671 803
528 1638 337 990 191 1028 1332 1017 585 713 240 1479 1258 640 174 960 944 473 77 1180 1050 542 0 981 1142 451
1320 1244 1223 64 909 247 1232 1118 1377 1258 812 1044 560 1125 914 968 1050 1264 942 399 269 634 981 0 707 1243
1480 1559 1187 827 1069 654 1546 1577 1537 1665 972 504 475 1585 1074 1427 1510 1425 1103 624 700 671 1142 818 0 1403
111 1538 518 1252 452 1289 1125 809 378 506 501 1740 1519 432 435 753 737 265 412 1441 1312 803 451 1243 1403 0
EOF