NAME : tsp_problem
TYPE : TSP
DIMENSION : 36
EDGE_WEIGHT_TYPE : EXPLICIT
EDGE_WEIGHT_FORMAT : FULL_MATRIX
EDGE_WEIGHT_SECTION
0 388 1023 470 1047 569 112 605 760 652 768 1068 477 283 1004 750 938 444 1215 127 399 1119 947 332 1214 646 871 81 206 735 1178 708 119 854 766 539
388 0 1008 274 1031 553 460 590 744 636 752 1053 461 339 988 734 922 248 1200 419 64 1103 931 94 1198 630 855 337 485 719 1163 692 468 838 750 523
1023 1008 0 1090 116 520 1096 556 440 595 370 74 620 974 90 430 107 1064 408 1055 1019 192 101 952 364 444 389 973 1121 415 252 545 1103 396 510 928
470 274 1090 0 1113 636 543 672 827 719 835 1135 544 419 1071 816 1004 208 1282 502 285 1186 1014 218 1280 713 938 420 568 802 1245 775 550 921 833 606
1047 1031 116 1113 0 543 1119 575 439 525 393 161 643 998 177 453 130 1088 315 1078 1042 99 124 975 271 467 319 996 1144 438 158 475 1127 336 440 903
569 553 520 636 543 0 642 66 256 113 265 565 165 520 501 246 434 610 676 601 565 615 444 497 723 143 368 519 667 231 675 169 649 350 263 474
112 460 1096 543 1119 642 0 678 833 725 841 1141 550 356 1077 822 1010 517 1288 71 472 1192 1020 404 1286 719 944 154 273 808 1251 781 63 927 839 612
605 590 556 672 575 66 678 0 293 67 301 601 202 556 537 283 471 646 630 637 601 623 480 534 677 179 359 555 703 268 682 123 685 376 225 510
760 744 440 827 439 256 833 293 0 285 185 485 356 711 421 40 354 801 494 792 756 487 364 688 541 180 222 710 858 54 546 235 840 240 201 665
652 636 595 719 525 113 725 67 285 0 348 640 249 603 584 307 509 693 580 684 648 573 519 580 627 226 309 602 750 314 633 73 732 326 175 557
768 752 370 835 393 265 841 301 185 348 0 415 365 719 350 175 284 809 574 800 764 465 293 696 621 189 217 718 866 160 525 402 848 200 309 673
1068 1053 74 1135 161 565 1141 601 485 640 415 0 665 1020 110 475 152 1109 453 1100 1064 237 146 997 409 489 434 1018 1166 460 297 590 1148 441 555 973
477 461 620 544 643 165 550 202 356 249 365 665 0 428 601 346 534 518 812 509 473 716 544 405 859 243 468 427 575 331 775 305 557 450 363 382
283 339 974 419 998 520 356 556 711 603 719 1020 428 0 955 701 889 393 1166 315 350 1070 898 283 1165 597 822 233 384 686 1129 659 363 805 717 490
1004 988 90 1071 177 501 1077 537 421 584 350 110 601 955 0 411 168 1045 469 1036 1000 253 161 933 425 425 394 954 1102 396 312 606 1084 377 545 909
750 734 430 816 453 246 822 283 40 307 175 475 346 701 411 0 344 791 516 782 745 509 353 678 563 170 245 699 847 44 569 258 830 260 223 654
938 922 107 1004 130 434 1010 471 354 509 284 152 534 889 168 344 0 979 422 969 933 206 31 866 378 358 303 887 1035 329 266 460 1018 310 425 842
444 248 1064 208 1088 610 517 646 801 693 809 1109 518 393 1045 791 979 0 1256 476 259 1160 988 192 1254 687 912 394 542 776 1219 749 524 895 807 580
1215 1200 408 1282 315 676 1288 630 494 580 574 453 812 1166 469 516 422 1256 0 1247 1211 247 416 1144 98 606 374 1165 1313 530 187 531 1295 391 496 747
127 419 1055 502 1078 601 71 637 792 684 800 1100 509 315 1036 782 969 476 1247 0 431 1151 979 364 1245 678 903 113 237 767 1210 740 78 886 798 571
399 64 1019 285 1042 565 472 601 756 648 764 1064 473 350 1000 745 933 259 1211 431 0 1115 943 105 1209 642 867 349 497 731 1174 704 479 850 762 535
1119 1103 192 1186 99 615 1192 623 487 573 465 237 716 1070 253 509 206 1160 247 1151 1115 0 200 1047 203 539 367 1069 1217 510 91 524 1199 384 489 835
947 931 101 1014 124 444 1020 480 364 519 293 146 544 898 161 353 31 988 416 979 943 200 0 875 372 368 312 897 1045 339 259 469 1027 319 434 852
332 94 952 218 975 497 404 534 688 580 696 997 405 283 933 678 866 192 1144 364 105 1047 875 0 1142 575 800 281 429 663 1107 637 412 782 694 467
1214 1198 364 1280 271 723 1286 677 541 627 621 409 859 1165 425 563 378 1254 98 1245 1209 203 372 1142 0 653 421 1163 1311 577 143 578 1294 438 543 703
646 630 444 713 467 143 719 179 180 226 189 489 243 597 425 170 358 687 606 678 642 539 368 575 653 0 292 596 744 155 599 235 726 274 139 551
871 855 389 938 319 368 944 359 222 309 217 434 468 822 394 245 303 912 374 903 867 367 312 800 421 292 0 821 969 258 426 259 951 40 224 776
81 337 973 420 996 519 154 555 710 602 718 1018 427 233 954 699 887 394 1165 113 349 1069 897 281 1163 596 821 0 182 685 1128 658 161 804 716 489
206 485 1121 568 1144 667 273 703 858 750 866 1166 575 384 1102 847 1035 542 1313 237 497 1217 1045 429 1311 744 969 182 0 833 1276 806 265 952 864 637
735 719 415 802 438 231 808 268 54 314 160 460 331 686 396 44 329 776 530 767 731 510 339 663 577 155 258 685 833 0 570 272 815 245 237 640
1178 1163 252 1245 158 675 1251 682 546 633 525 297 775 1129 312 569 266 1219 187 1210 1174 91 259 1107 143 599 426 1128 1276 570 0 583 1258 444 548 775
708 692 545 775 475 169 781 123 235 73 402 590 305 659 606 258 460 749 531 740 704 524 469 637 578 235 259 658 806 272 583 0 788 277 125 613
119 468 1103 550 1127 649 63 685 840 732 848 1148 557 363 1084 830 1018 524 1295 78 479 1199 1027 412 1294 726 951 161 265 815 1258 788 0 934 846 619
854 838 396 921 336 350 927 376 240 326 200 441 450 805 377 260 310 895 391 886 850 384 319 782 438 274 40 804 952 245 444 277 934 0 242 759
766 750 510 833 440 263 839 225 201 175 309 555 363 717 545 223 425 807 496 798 762 489 434 694 543 139 224 716 864 237 548 125 846 242 0 671
539 523 928 606 903 474 612 510 665 557 673 973 382 490 909 654 842 580 747 571 535 835 852 467 703 551 776 489 637 640 775 613 619 759 671 0
EOF