NAME : tsp_problem
TYPE : TSP
DIMENSION : 48
EDGE_WEIGHT_TYPE : EXPLICIT
EDGE_WEIGHT_FORMAT : FULL_MATRIX
EDGE_WEIGHT_SECTION
0 561 258 781 544 860 697 443 671 490 742 400 872 915 65 654 893 404 333 394 669 677 322 312 433 807 745 647 887 538 699 761 955 730 733 564 953 353 168 168 578 911 427 470 794 120 425 535
561 0 667 637 48 421 258 852 232 307 303 217 433 477 551 758 374 813 742 211 137 238 731 721 842 369 263 115 449 159 261 322 516 291 294 185 518 822 637 637 139 472 245 287 356 589 834 945
258 667 0 947 649 966 802 318 776 596 848 505 977 1021 248 819 999 279 208 500 774 782 197 187 308 913 851 752 993 643 805 866 1060 835 838 670 1062 518 334 333 683 1016 533 575 900 285 229 342
781 637 947 0 655 646 466 1132 509 702 423 792 543 241 771 149 298 1093 1022 788 530 653 1011 1001 1122 358 490 551 282 736 464 409 203 486 446 762 200 450 630 633 666 246 772 719 478 683 1114 1225
544 48 649 655 0 404 240 834 214 289 286 199 415 459 533 776 393 795 724 194 156 220 713 703 824 351 281 134 431 141 243 304 498 273 276 167 500 804 620 619 121 454 227 269 338 571 816 927
860 421 966 646 404 0 300 1151 343 606 401 516 177 423 850 767 538 1111 1041 510 529 345 1030 1020 1141 336 443 507 395 458 298 265 462 427 280 484 464 1068 936 936 388 418 543 586 201 888 1133 1243
697 258 802 466 240 300 0 987 64 443 163 352 198 243 687 587 358 948 877 347 277 211 866 857 978 156 166 299 215 294 24 85 283 150 57 320 285 888 773 772 224 239 380 422 133 724 969 1080
443 852 318 1132 834 1151 987 0 961 781 1033 690 1162 1206 433 1004 1184 160 200 685 959 968 189 179 190 1098 1036 937 1178 828 990 1051 1245 1020 1023 855 1247 704 519 518 868 1201 718 761 1085 470 485 595
671 232 776 509 214 343 64 961 0 416 137 326 241 286 661 630 332 922 851 321 251 185 840 831 952 199 140 272 258 268 67 128 325 124 100 294 327 931 747 746 198 281 354 396 175 698 943 1054
490 307 596 702 289 606 443 781 416 0 377 109 617 550 480 823 439 742 671 114 223 423 660 650 771 442 327 244 522 284 445 507 590 377 479 310 591 751 566 566 324 545 89 36 540 518 763 873
742 303 848 423 286 401 163 1033 137 377 0 398 299 201 732 545 223 993 923 392 205 257 912 902 1023 92 94 227 172 340 165 165 240 90 199 366 242 846 818 818 270 196 425 395 234 770 1015 1125
400 217 505 792 199 516 352 690 326 109 398 0 527 571 390 913 529 651 581 32 313 332 570 560 681 463 401 302 543 193 355 416 610 385 388 220 612 661 476 475 233 566 65 89 450 427 673 783
872 433 977 543 415 177 198 1162 241 617 299 527 0 320 862 664 436 1123 1052 522 454 356 1041 1032 1153 233 343 475 292 469 196 162 360 327 178 495 361 965 948 947 399 316 555 597 121 899 1144 1255
915 477 1021 241 459 423 243 1206 286 550 201 571 320 0 905 362 292 1167 1096 565 378 430 1085 1075 1196 135 268 400 59 513 241 186 63 264 223 539 60 664 844 847 443 53 599 568 255 897 1188 1299
65 551 248 771 533 850 687 433 661 480 732 390 862 905 0 644 883 394 323 384 659 667 312 302 423 797 735 637 877 528 689 751 945 720 723 554 943 343 158 158 568 901 417 460 784 110 415 525
654 758 819 149 776 767 587 1004 630 823 545 913 664 362 644 0 419 965 894 909 651 774 883 874 995 479 612 672 403 857 585 530 324 608 567 883 321 322 502 506 787 367 893 840 599 555 986 1097
893 374 999 298 393 538 358 1184 332 439 223 529 436 292 883 419 0 1144 1074 535 267 452 1063 1053 1174 229 237 288 309 503 356 301 254 286 338 529 251 720 900 904 465 297 509 456 371 921 1166 1276
404 813 279 1093 795 1111 948 160 922 742 993 651 1123 1167 394 965 1144 0 160 646 920 928 149 139 53 1059 997 898 1139 789 951 1012 1206 981 984 815 1208 664 480 479 829 1162 679 721 1046 431 446 556
333 742 208 1022 724 1041 877 200 851 671 923 581 1052 1096 323 894 1074 160 0 575 850 858 59 48 190 988 926 827 1068 719 880 942 1135 910 914 745 1137 594 409 408 758 1091 608 651 975 361 375 486
394 211 500 788 194 510 347 685 321 114 392 32 522 565 384 909 535 646 575 0 319 327 564 554 675 457 395 297 537 188 349 411 605 380 383 214 607 655 470 470 228 561 60 94 444 422 667 777
669 137 774 530 156 529 277 959 251 223 205 313 454 378 659 651 267 920 850 319 0 346 839 829 950 270 155 52 350 266 280 341 418 205 313 292 419 929 745 744 246 374 293 240 389 696 942 1052
677 238 782 653 220 345 211 968 185 423 257 332 356 430 667 774 452 928 858 327 346 0 847 837 958 322 260 324 402 274 214 275 469 244 247 301 471 938 753 752 204 425 360 403 279 705 950 1060
322 731 197 1011 713 1030 866 189 840 660 912 570 1041 1085 312 883 1063 149 59 564 839 847 0 38 179 977 915 816 1057 708 869 931 1124 899 903 734 1126 583 398 397 747 1080 597 640 964 350 364 475
312 721 187 1001 703 1020 857 179 831 650 902 560 1032 1075 302 874 1053 139 48 554 829 837 38 0 169 967 905 807 1047 698 859 921 1115 890 893 724 1116 573 388 388 738 1071 587 630 954 340 354 465
433 842 308 1122 824 1141 978 190 952 771 1023 681 1153 1196 423 995 1174 53 190 675 950 958 179 169 0 1088 1026 928 1168 819 980 1042 1236 1011 1014 845 1237 694 509 509 859 1192 708 751 1075 461 475 586
807 369 913 358 351 336 156 1098 199 442 92 463 233 135 797 479 229 1059 988 457 270 322 977 967 1088 0 159 292 107 405 154 99 174 155 136 431 176 780 883 883 335 130 490 459 168 835 1080 1190
745 263 851 490 281 443 166 1036 140 327 94 401 343 268 735 612 237 997 926 395 155 260 915 905 1026 159 0 177 239 343 169 230 307 93 202 369 309 913 821 821 273 263 398 344 277 773 1018 1128
647 115 752 551 134 507 299 937 272 244 227 302 475 400 637 672 288 898 827 297 52 324 816 807 928 292 177 0 372 244 301 363 439 226 335 270 441 907 723 722 224 395 315 262 410 674 919 1030
887 449 993 282 431 395 215 1178 258 522 172 543 292 59 877 403 309 1139 1068 537 350 402 1057 1047 1168 107 239 372 0 485 213 158 99 235 195 511 101 704 885 888 415 55 570 539 227 915 1160 1270
538 159 643 736 141 458 294 828 268 284 340 193 469 513 528 857 503 789 719 188 266 274 708 698 819 405 343 244 485 0 297 358 552 327 330 75 554 799 614 613 175 508 221 264 392 565 811 921
699 261 805 464 243 298 24 990 67 445 165 355 196 241 689 585 356 951 880 349 280 214 869 859 980 154 169 301 213 297 0 83 280 153 55 323 282 886 776 775 227 236 383 425 130 727 972 1083
761 322 866 409 304 265 85 1051 128 507 165 416 162 186 751 530 301 1012 942 411 341 275 931 921 1042 99 230 363 158 358 83 0 225 215 65 385 227 831 837 836 288 181 444 487 97 789 1034 1144
955 516 1060 203 498 462 283 1245 325 590 240 610 360 63 945 324 254 1206 1135 605 418 469 1124 1115 1236 174 307 439 99 552 280 225 0 303 262 578 21 625 805 809 482 68 638 607 295 858 1227 1338
730 291 835 486 273 427 150 1020 124 377 90 385 327 264 720 608 286 981 910 380 205 244 899 890 1011 155 93 226 235 327 153 215 303 0 186 353 305 909 806 805 257 259 413 394 262 757 1002 1113
733 294 838 446 276 280 57 1023 100 479 199 388 178 223 723 567 338 984 914 383 313 247 903 893 1014 136 202 335 195 330 55 65 262 186 0 357 264 868 809 808 260 218 416 459 112 760 1006 1116
564 185 670 762 167 484 320 855 294 310 366 220 495 539 554 883 529 815 745 214 292 301 734 724 845 431 369 270 511 75 323 385 578 353 357 0 580 825 640 640 201 534 247 290 418 592 837 947
953 518 1062 200 500 464 285 1247 327 591 242 612 361 60 943 321 251 1208 1137 607 419 471 1126 1116 1237 176 309 441 101 554 282 227 21 305 264 580 0 622 802 805 484 65 640 609 296 855 1229 1340
353 822 518 450 804 1068 888 704 931 751 846 661 965 664 343 322 720 664 594 655 929 938 583 573 694 780 913 907 704 799 886 831 625 909 868 825 622 0 201 205 838 668 688 731 900 254 686 796
168 637 334 630 620 936 773 519 747 566 818 476 948 844 158 502 900 480 409 470 745 753 398 388 509 883 821 723 885 614 776 837 805 806 809 640 802 201 0 23 654 848 503 546 871 70 501 611
168 637 333 633 619 936 772 518 746 566 818 475 947 847 158 506 904 479 408 470 744 752 397 388 509 883 821 722 888 613 775 836 809 805 808 640 805 205 23 0 653 852 503 545 870 69 500 611
578 139 683 666 121 388 224 868 198 324 270 233 399 443 568 787 465 829 758 228 246 204 747 738 859 335 273 224 415 175 227 288 482 257 260 201 484 838 654 653 0 438 261 303 322 605 850 961
911 472 1016 246 454 418 239 1201 281 545 196 566 316 53 901 367 297 1162 1091 561 374 425 1080 1071 1192 130 263 395 55 508 236 181 68 259 218 534 65 668 848 852 438 0 594 563 250 901 1183 1294
427 245 533 772 227 543 380 718 354 89 425 65 555 599 417 893 509 679 608 60 293 360 597 587 708 490 398 315 570 221 383 444 638 413 416 247 640 688 503 503 261 594 0 69 478 455 700 811
470 287 575 719 269 586 422 761 396 36 395 89 597 568 460 840 456 721 651 94 240 403 640 630 751 459 344 262 539 264 425 487 607 394 459 290 609 731 546 545 303 563 69 0 520 498 743 853
794 356 900 478 338 201 133 1085 175 540 234 450 121 255 784 599 371 1046 975 444 389 279 964 954 1075 168 277 410 227 392 130 97 295 262 112 418 296 900 871 870 322 250 478 520 0 822 1067 1178
120 589 285 683 571 888 724 470 698 518 770 427 899 897 110 555 921 431 361 422 696 705 350 340 461 835 773 674 915 565 727 789 858 757 760 592 855 254 70 69 605 901 455 498 822 0 453 563
425 834 229 1114 816 1133 969 485 943 763 1015 673 1144 1188 415 986 1166 446 375 667 942 950 364 354 475 1080 1018 919 1160 811 972 1034 1227 1002 1006 837 1229 686 501 500 850 1183 700 743 1067 453 0 266
535 945 342 1225 927 1243 1080 595 1054 873 1125 783 1255 1299 525 1097 1276 556 486 777 1052 1060 475 465 586 1190 1128 1030 1270 921 1083 1144 1338 1113 1116 947 1340 796 611 611 961 1294 811 853 1178 563 266 0
EOF