NAME : tsp_problem
TYPE : TSP
DIMENSION : 82
EDGE_WEIGHT_TYPE : EXPLICIT
EDGE_WEIGHT_FORMAT : FULL_MATRIX
EDGE_WEIGHT_SECTION
0 906 880 752 818 718 482 989 419 942 867 391 168 294 847 335 292 486 826 283 904 965 304 357 180 972 246 344 964 515 372 167 290 773 263 794 386 22 191 414 1049 263 335 215 293 227 296 484 388 238 290 197 278 282 485 241 398 404 539 360 398 469 970 745 313 801 238 506 280 990 641 996 960 1033 422 765 76 828 948 797 545 414
906 0 577 188 515 218 1197 360 593 869 564 1095 806 1009 544 701 785 1202 753 999 243 181 823 1073 896 900 766 1060 92 1218 1088 804 927 701 979 491 1101 907 828 780 420 979 1051 931 1009 747 1012 1187 1104 758 1006 834 915 802 1201 760 1114 1120 1255 1076 1101 1185 171 672 1029 499 954 1222 799 150 568 145 186 404 1138 462 918 454 201 148 1261 1130
880 577 0 424 309 390 1172 660 568 844 47 1069 780 984 215 676 759 1177 728 973 575 637 798 1047 871 874 741 1035 636 1193 1063 778 901 675 954 285 1076 881 803 754 721 954 1025 905 984 721 986 1161 1078 732 981 809 890 776 1175 735 1088 1094 1229 1050 1076 1159 642 647 1004 280 928 1197 774 662 543 668 631 705 1112 256 892 354 620 469 1236 1104
752 188 424 0 362 64 1044 274 440 716 410 941 652 856 390 548 631 1048 600 845 189 250 670 919 743 746 613 906 246 1064 934 650 773 547 825 338 948 753 674 626 334 825 897 777 855 593 858 1033 950 604 852 681 762 648 1047 607 960 966 1101 922 947 1031 255 519 876 345 800 1069 646 275 415 281 245 318 984 309 764 301 233 80 1107 976
818 515 309 362 0 328 1110 598 506 782 296 1007 718 922 276 614 697 1115 666 911 513 575 736 985 809 812 679 973 574 1131 1001 716 839 613 892 84 1014 819 741 692 659 891 963 843 922 659 924 1099 1016 670 918 747 828 714 1113 673 1026 1032 1167 988 1014 1097 580 585 942 230 866 1135 712 600 481 605 569 643 1050 95 830 305 558 407 1174 1042
718 218 390 64 328 0 1010 304 406 682 377 907 618 822 357 514 597 1015 566 811 219 280 636 886 709 712 579 873 276 1031 901 617 739 514 792 304 914 719 641 592 364 792 863 743 822 559 824 999 916 570 819 647 728 614 1013 573 926 932 1068 889 914 998 285 485 842 311 766 1035 612 306 381 311 275 348 950 275 730 267 264 110 1074 942
482 1197 1172 1044 1110 1010 0 1280 711 826 1158 353 460 437 1139 627 583 35 949 448 1195 1257 596 291 413 804 538 172 1256 404 280 458 514 999 252 1086 146 483 483 650 1341 312 179 397 269 519 344 372 158 530 339 489 541 574 203 532 158 260 303 316 349 35 1262 1029 362 1093 470 270 571 1282 932 1288 1251 1325 182 1057 494 1120 1240 1089 309 271
989 360 660 274 598 304 1280 0 676 952 647 1177 889 1092 627 784 868 1285 836 1081 149 211 906 1156 979 982 849 1143 297 1301 1171 887 1010 784 1062 574 1184 990 911 863 124 1062 1134 1013 1092 830 1095 1270 1187 841 1089 917 998 885 1284 843 1197 1202 1338 1159 1184 1268 216 755 1112 582 1037 1305 882 236 651 242 205 108 1221 545 1001 540 194 282 1344 1213
419 593 568 440 506 406 711 676 0 629 554 608 319 523 535 215 298 716 514 512 592 653 337 586 410 660 280 574 652 732 602 317 440 461 492 482 615 420 341 293 737 492 564 444 523 260 525 700 617 271 519 348 429 315 714 274 627 633 768 589 615 698 658 433 543 489 467 736 313 678 328 684 647 721 651 453 431 516 636 485 775 643
942 869 844 716 782 682 826 952 629 0 830 723 841 829 811 737 821 831 137 840 867 929 859 732 932 45 802 757 928 612 720 840 906 187 834 758 709 943 864 816 1013 914 853 966 850 783 947 641 848 794 941 870 933 838 945 796 703 701 554 780 718 814 934 217 964 765 872 575 835 954 321 959 923 997 659 729 954 792 912 761 536 711
867 564 47 410 296 377 1158 647 554 830 0 1056 767 970 202 662 746 1163 714 960 562 623 784 1034 857 861 727 1021 622 1179 1049 765 888 662 940 271 1062 868 789 741 707 940 1012 892 970 708 973 1148 1065 719 967 795 876 763 1162 721 1075 1081 1216 1037 1062 1146 628 634 990 266 915 1183 760 648 529 654 618 691 1099 243 879 340 606 456 1222 1091
391 1095 1069 941 1007 907 353 1177 608 723 1056 0 328 128 1036 422 493 358 845 138 1093 1154 316 138 243 700 365 242 1153 144 153 342 204 895 194 983 235 393 306 341 1238 275 346 338 211 392 308 113 375 382 302 310 231 338 472 370 230 110 270 112 28 341 1159 925 325 990 171 238 329 1179 829 1185 1149 1222 186 954 403 1017 1137 986 277 117
168 806 780 652 718 618 460 889 319 841 767 328 0 251 747 235 192 465 726 261 804 865 204 336 159 872 146 323 864 452 351 40 140 673 242 694 364 170 41 314 949 242 314 193 272 127 275 421 366 138 269 47 128 182 463 141 376 382 518 339 335 448 870 645 292 701 216 485 180 890 541 896 860 933 400 665 181 728 848 697 524 393
294 1009 984 856 922 822 437 1092 523 829 970 128 251 0 951 345 395 442 929 41 1007 1069 240 196 145 807 289 300 1068 251 211 265 127 877 252 898 341 295 229 264 1153 307 379 259 268 315 340 220 432 305 334 233 154 261 529 293 337 217 377 170 134 425 1074 849 357 905 73 345 252 1094 744 1099 1063 1137 293 869 306 932 1052 901 383 224
847 544 215 390 276 357 1139 627 535 811 202 1036 747 951 0 643 726 1143 695 940 542 604 765 1014 838 841 707 1001 603 1159 1029 745 868 642 920 252 1043 848 769 721 687 920 992 872 950 688 953 1128 1045 699 947 776 857 743 1142 702 1055 1061 1196 1017 1042 1126 609 614 971 246 895 1164 741 629 510 634 598 671 1079 223 859 321 587 436 1202 1071
335 701 676 548 614 514 627 784 215 737 662 422 235 345 643 0 214 632 621 355 699 761 253 490 326 768 196 490 760 545 505 233 277 569 409 590 531 336 258 107 845 408 480 360 439 176 441 514 533 187 435 264 304 231 630 190 543 511 671 464 428 614 766 541 459 597 383 639 229 786 436 791 755 829 567 561 347 624 744 593 677 518
292 785 759 631 697 597 583 868 298 821 746 493 192 395 726 214 0 588 705 385 783 844 210 459 282 851 152 446 843 617 474 190 313 652 365 673 487 293 214 293 928 365 437 317 395 133 398 586 490 144 392 221 301 188 587 146 500 506 641 462 500 571 849 624 415 681 340 608 185 869 520 875 839 912 524 644 304 707 827 677 647 516
486 1202 1177 1048 1115 1015 35 1285 716 831 1163 358 465 442 1143 632 588 0 954 452 1200 1262 600 296 417 809 543 176 1260 408 284 463 518 1004 257 1090 150 487 487 655 1345 316 184 401 274 523 349 377 155 534 343 494 545 578 201 537 163 265 307 321 354 37 1266 1034 367 1098 475 275 576 1287 937 1292 1256 1329 187 1062 498 1125 1245 1094 314 275
826 753 728 600 666 566 949 836 514 137 714 845 726 929 695 621 705 954 0 919 752 813 744 855 816 167 686 879 812 734 843 724 847 72 899 642 831 827 748 700 897 899 971 851 929 667 932 764 971 678 926 755 836 722 1068 681 825 824 677 903 841 936 818 101 949 649 874 697 720 838 205 844 807 881 781 613 838 676 796 645 658 834
283 999 973 845 911 811 448 1081 512 840 960 138 261 41 940 355 385 452 919 0 997 1058 250 206 134 818 299 310 1057 262 221 260 138 866 262 887 352 284 240 275 1142 296 368 248 279 320 329 231 421 315 323 243 165 271 518 304 347 228 388 181 145 435 1063 838 347 894 62 355 263 1083 733 1089 1053 1126 303 858 295 921 1041 890 394 234
904 243 575 189 513 219 1195 149 592 867 562 1093 804 1007 542 699 783 1200 752 997 0 95 822 1071 894 898 764 1058 180 1216 1086 802 925 699 977 489 1100 905 826 778 210 977 1049 929 1007 745 1010 1185 1102 756 1004 833 913 800 1199 758 1112 1118 1253 1074 1099 1183 99 671 1027 497 952 1220 797 120 566 125 89 194 1136 460 916 455 78 197 1259 1128
965 181 637 250 575 280 1257 211 653 929 623 1154 865 1069 604 761 844 1262 813 1058 95 0 883 1132 956 959 826 1120 118 1278 1148 863 986 760 1038 551 1161 966 887 839 271 1038 1110 990 1069 806 1071 1246 1163 817 1065 894 975 861 1260 820 1173 1179 1314 1135 1161 1244 76 732 1089 558 1013 1282 859 96 628 102 66 255 1197 522 977 517 54 258 1321 1189
304 823 798 670 736 636 596 906 337 859 784 316 204 240 765 253 210 600 744 250 822 883 0 384 294 890 77 458 882 440 399 202 172 691 377 712 500 305 226 197 967 377 449 329 407 104 410 409 502 93 404 233 199 65 599 82 512 406 566 359 323 583 888 663 427 719 283 533 57 908 558 914 878 951 482 683 316 746 866 715 572 412
357 1073 1047 919 985 886 291 1156 586 732 1034 138 336 196 1014 490 459 296 855 206 1071 1132 384 0 288 710 414 176 1131 216 42 334 272 905 128 961 174 358 358 409 1216 208 280 272 144 394 241 185 313 405 235 365 299 406 410 408 168 73 208 75 145 279 1137 912 259 969 239 176 397 1157 808 1163 1127 1200 124 932 369 996 1115 965 215 83
180 896 871 743 809 709 413 979 410 932 857 243 159 145 838 326 282 417 816 134 894 956 294 288 0 922 237 275 955 366 303 157 242 764 194 785 317 181 181 379 1040 194 266 146 224 218 227 335 319 229 221 188 269 273 416 231 329 332 470 285 250 400 961 735 244 792 89 437 270 981 631 986 950 1024 353 756 192 819 939 788 476 339
972 900 874 746 812 712 804 982 660 45 861 700 872 807 841 768 851 809 167 818 898 959 890 710 922 0 832 734 958 590 698 870 884 218 811 788 686 973 894 846 1043 892 830 956 828 813 925 619 826 824 919 901 911 868 923 827 681 679 532 758 696 792 964 247 942 795 850 553 866 984 351 990 954 1027 637 759 984 822 942 791 514 689
246 766 741 613 679 579 538 849 280 802 727 365 146 289 707 196 152 543 686 299 764 826 77 414 237 832 0 401 825 489 429 145 221 634 320 655 442 248 169 246 910 320 392 271 350 70 353 458 444 74 347 175 248 55 541 62 454 455 596 408 372 526 831 605 370 662 294 563 53 851 501 856 820 893 478 626 259 689 809 658 602 462
344 1060 1035 906 973 873 172 1143 574 757 1021 242 323 300 1001 490 446 176 879 310 1058 1120 458 176 275 734 401 0 1118 334 191 321 376 928 115 948 76 345 345 513 1203 196 198 259 132 381 228 302 194 392 222 352 403 436 291 395 88 190 233 179 249 159 1124 899 246 956 333 200 434 1145 795 1150 1114 1187 112 920 356 983 1103 952 239 201
964 92 636 246 574 276 1256 297 652 928 622 1153 864 1068 603 760 843 1260 812 1057 180 118 882 1131 955 958 825 1118 0 1276 1146 862 985 759 1037 550 1160 965 886 838 357 1037 1109 989 1067 805 1070 1245 1162 816 1064 893 974 860 1259 819 1172 1178 1313 1134 1160 1243 108 731 1088 557 1012 1281 858 87 627 82 123 341 1196 521 976 513 138 206 1319 1188
515 1218 1193 1064 1131 1031 404 1301 732 612 1179 144 452 251 1159 545 617 408 734 262 1216 1278 440 216 366 590 489 334 1276 0 204 466 328 785 318 1106 286 516 430 465 1361 398 430 462 334 516 431 63 425 505 425 433 355 461 522 494 280 160 320 236 140 391 1282 815 448 1114 294 288 453 1303 918 1308 1272 1345 236 1078 527 1141 1261 1110 301 167
372 1088 1063 934 1001 901 280 1171 602 720 1049 153 351 211 1029 505 474 284 843 221 1086 1148 399 42 303 698 429 191 1146 204 0 349 287 893 143 976 162 373 373 424 1231 224 295 287 160 409 256 173 301 420 251 380 314 421 398 423 156 61 197 90 150 267 1152 923 274 984 254 164 412 1173 823 1178 1142 1215 112 948 384 1011 1131 980 203 72
167 804 778 650 716 617 458 887 317 840 765 342 40 265 745 233 190 463 724 260 802 863 202 334 157 870 145 321 862 466 349 0 153 671 240 692 363 168 54 312 947 240 312 192 270 125 273 434 365 136 267 61 142 180 462 139 375 381 516 337 349 446 868 643 290 700 215 483 178 888 539 894 858 931 399 663 179 727 846 696 522 391
290 927 901 773 839 739 514 1010 440 906 888 204 140 127 868 277 313 518 847 138 925 986 172 272 242 884 221 376 985 328 287 153 0 794 328 815 418 291 117 197 1070 363 435 315 345 248 396 296 488 237 390 121 42 193 585 226 413 293 454 246 211 501 991 766 413 822 170 421 185 1011 662 1017 981 1054 369 786 302 849 969 819 460 300
773 701 675 547 613 514 999 784 461 187 662 895 673 877 642 569 652 1004 72 866 699 760 691 905 764 218 634 928 759 785 893 671 794 0 846 589 881 774 695 647 844 846 918 798 877 614 879 814 971 625 873 702 783 669 1068 628 876 874 727 943 891 987 765 49 897 597 821 748 667 785 152 791 755 828 832 560 785 624 743 593 709 884
263 979 954 825 892 792 252 1062 492 834 940 194 242 252 920 409 365 257 899 262 977 1038 377 128 194 811 320 115 1037 318 143 240 328 846 0 867 156 264 264 465 1122 114 186 178 69 300 147 286 239 311 141 271 352 355 336 314 169 175 310 131 201 240 1043 818 165 875 251 277 353 1064 714 1069 1033 1106 193 839 275 902 1022 871 316 185
794 491 285 338 84 304 1086 574 482 758 271 983 694 898 252 590 673 1090 642 887 489 551 712 961 785 788 655 948 550 1106 976 692 815 589 867 0 990 795 716 668 634 867 939 819 897 635 900 1075 992 646 894 723 804 690 1089 649 1002 1008 1143 964 989 1073 556 561 918 206 842 1111 688 576 457 581 545 618 1026 71 806 281 534 383 1149 1018
386 1101 1076 948 1014 914 146 1184 615 709 1062 235 364 341 1043 531 487 150 831 352 1100 1161 500 174 317 686 442 76 1160 286 162 363 418 881 156 990 0 387 387 555 1245 237 172 301 173 423 270 254 168 434 264 393 445 478 265 437 44 143 185 220 231 133 1166 911 287 997 374 152 476 1186 836 1192 1155 1229 64 961 398 1024 1144 993 191 153
22 907 881 753 819 719 483 990 420 943 868 393 170 295 848 336 293 487 827 284 905 966 305 358 181 973 248 345 965 516 373 168 291 774 264 795 387 0 192 415 1050 264 336 216 294 228 297 485 389 239 291 198 279 283 486 242 399 405 540 361 399 470 971 746 315 802 239 508 281 991 642 997 961 1034 423 766 77 829 949 799 546 415
191 828 803 674 741 641 483 911 341 864 789 306 41 229 769 258 214 487 748 240 826 887 226 358 181 894 169 345 886 430 373 54 117 695 264 716 387 192 0 299 971 264 336 216 294 149 297 398 389 160 291 31 106 204 486 163 399 395 540 348 313 470 892 667 314 724 239 508 202 913 563 918 882 955 423 688 203 751 871 720 546 402
414 780 754 626 692 592 650 863 293 816 741 341 314 264 721 107 293 655 700 275 778 839 197 409 379 846 246 513 838 465 424 312 197 647 465 668 555 415 299 0 923 487 559 438 482 255 520 433 612 262 514 302 224 218 709 251 550 430 591 383 348 638 844 619 537 675 307 558 210 864 515 870 834 907 506 639 426 702 822 672 597 437
1049 420 721 334 659 364 1341 124 737 1013 707 1238 949 1153 687 845 928 1345 897 1142 210 271 967 1216 1040 1043 910 1203 357 1361 1231 947 1070 844 1122 634 1245 1050 971 923 0 1122 1194 1074 1152 890 1155 1330 1247 901 1149 978 1059 945 1344 904 1257 1263 1398 1219 1244 1328 276 816 1173 642 1097 1366 943 296 712 302 266 83 1281 606 1061 601 254 342 1404 1273
263 979 954 825 891 792 312 1062 492 914 940 275 242 307 920 408 365 316 899 296 977 1038 377 208 194 892 320 196 1037 398 224 240 363 846 114 867 237 264 264 487 1122 0 156 178 145 300 70 367 209 311 76 271 352 355 306 314 249 255 390 211 281 299 1043 818 79 875 251 358 353 1064 714 1069 1033 1106 273 839 275 902 1022 871 397 265
335 1051 1025 897 963 863 179 1134 564 853 1012 346 314 379 992 480 437 184 971 368 1049 1110 449 280 266 830 392 198 1109 430 295 312 435 918 186 939 172 336 336 559 1194 156 0 250 216 372 189 398 77 383 183 342 423 427 174 386 184 286 329 283 353 166 1115 890 207 946 323 296 425 1135 786 1141 1105 1178 208 910 347 973 1093 943 335 297
215 931 905 777 843 743 397 1013 444 966 892 338 193 259 872 360 317 401 851 248 929 990 329 272 146 956 271 259 989 462 287 192 315 798 178 819 301 216 216 438 1074 178 250 0 208 252 211 431 303 263 205 222 303 307 400 266 313 319 454 275 345 384 995 770 229 826 203 422 305 1015 665 1021 985 1058 337 790 227 853 973 822 460 329
293 1009 984 855 922 822 269 1092 523 850 970 211 272 268 950 439 395 274 929 279 1007 1069 407 144 224 828 350 132 1067 334 160 270 345 877 69 897 173 294 294 482 1152 145 216 208 0 330 177 303 269 341 172 301 372 385 366 344 185 191 327 147 217 257 1073 848 195 905 282 294 383 1094 744 1099 1063 1136 209 869 305 932 1052 901 333 201
227 747 721 593 659 559 519 830 260 783 708 392 127 315 688 176 133 523 667 320 745 806 104 394 218 813 70 381 805 516 409 125 248 614 300 635 423 228 149 255 890 300 372 252 330 0 333 485 425 61 327 156 237 82 522 64 435 441 576 397 399 506 811 586 351 642 275 544 80 831 482 837 801 874 459 606 239 669 789 639 582 451
296 1012 986 858 924 824 344 1095 525 947 973 308 275 340 953 441 398 349 932 329 1010 1071 410 241 227 925 353 228 1070 431 256 273 396 879 147 900 270 297 297 520 1155 70 189 211 177 333 0 400 242 344 69 304 384 388 339 347 282 288 423 244 314 332 1076 851 72 908 284 391 386 1096 747 1102 1066 1139 306 871 308 934 1054 904 429 298
484 1187 1161 1033 1099 999 372 1270 700 641 1148 113 421 220 1128 514 586 377 764 231 1185 1246 409 185 335 619 458 302 1245 63 173 434 296 814 286 1075 254 485 398 433 1330 367 398 431 303 485 400 0 394 474 394 402 323 430 491 462 249 129 289 205 109 360 1251 844 417 1083 263 257 421 1271 922 1277 1241 1314 205 1046 496 1109 1229 1079 295 136
388 1104 1078 950 1016 916 158 1187 617 848 1065 375 366 432 1045 533 490 155 971 421 1102 1163 502 313 319 826 444 194 1162 425 301 365 488 971 239 992 168 389 389 612 1247 209 77 303 269 425 242 394 0 436 236 395 476 480 120 439 180 282 325 336 371 160 1168 943 260 999 376 292 478 1188 839 1194 1158 1231 204 963 400 1026 1146 995 331 293
238 758 732 604 670 570 530 841 271 794 719 382 138 305 699 187 144 534 678 315 756 817 93 405 229 824 74 392 816 505 420 136 237 625 311 646 434 239 160 262 901 311 383 263 341 61 344 474 436 0 338 167 248 71 533 75 446 452 587 408 388 517 822 597 362 653 286 555 69 842 493 848 812 885 470 617 250 680 800 650 593 462
290 1006 981 852 918 819 339 1089 519 941 967 302 269 334 947 435 392 343 926 323 1004 1065 404 235 221 919 347 222 1064 425 251 267 390 873 141 894 264 291 291 514 1149 76 183 205 172 327 69 394 236 338 0 298 379 382 333 341 276 282 417 238 308 326 1070 845 77 902 278 385 380 1091 741 1096 1060 1133 300 865 302 929 1049 898 424 292
197 834 809 681 747 647 489 917 348 870 795 310 47 233 776 264 221 494 755 243 833 894 233 365 188 901 175 352 893 433 380 61 121 702 271 723 393 198 31 302 978 271 342 222 301 156 304 402 395 167 298 0 110 211 492 170 405 399 547 352 316 477 899 674 321 730 245 514 209 919 569 925 889 962 429 694 209 757 877 726 553 406
278 915 890 762 828 728 541 998 429 933 876 231 128 154 857 304 301 545 836 165 913 975 199 299 269 911 248 403 974 355 314 142 42 783 352 804 445 279 106 224 1059 352 423 303 372 237 384 323 476 248 379 110 0 220 573 250 440 320 481 273 238 528 980 755 402 811 197 448 212 1000 650 1006 969 1043 396 775 290 838 958 807 487 327
282 802 776 648 714 614 574 885 315 838 763 338 182 261 743 231 188 578 722 271 800 861 65 406 273 868 55 436 860 461 421 180 193 669 355 690 478 283 204 218 945 355 427 307 385 82 388 430 480 71 382 211 220 0 577 60 490 427 587 380 344 561 866 641 406 697 304 555 51 886 537 892 856 929 503 661 294 724 844 694 593 434
485 1201 1175 1047 1113 1013 203 1284 714 945 1162 472 463 529 1142 630 587 201 1068 518 1199 1260 599 410 416 923 541 291 1259 522 398 462 585 1068 336 1089 265 486 486 709 1344 306 174 400 366 522 339 491 120 533 333 492 573 577 0 536 277 379 422 433 468 206 1265 1040 357 1096 473 389 575 1285 936 1291 1255 1328 301 1060 497 1123 1243 1092 428 390
241 760 735 607 673 573 532 843 274 796 721 370 141 293 702 190 146 537 681 304 758 820 82 408 231 827 62 395 819 494 423 139 226 628 314 649 437 242 163 251 904 314 386 266 344 64 347 462 439 75 341 170 250 60 536 0 449 455 590 411 377 520 825 600 364 656 289 557 58 845 495 851 814 888 473 620 253 683 803 652 596 465
398 1114 1088 960 1026 926 158 1197 627 703 1075 230 376 337 1055 543 500 163 825 347 1112 1173 512 168 329 681 454 88 1172 280 156 375 413 876 169 1002 44 399 399 550 1257 249 184 313 185 435 282 249 180 446 276 405 440 490 277 449 0 137 179 216 226 145 1178 905 299 1009 380 147 488 1198 849 1204 1168 1241 58 973 410 1036 1156 1005 185 147
404 1120 1094 966 1032 932 260 1202 633 701 1081 110 382 217 1061 511 506 265 824 228 1118 1179 406 73 332 679 455 190 1178 160 61 381 293 874 175 1008 143 405 395 430 1263 255 286 319 191 441 288 129 282 452 282 399 320 427 379 455 137 0 177 121 106 248 1184 904 305 1015 260 145 418 1204 854 1210 1174 1247 93 979 416 1042 1162 1011 184 34
539 1255 1229 1101 1167 1068 303 1338 768 554 1216 270 518 377 1196 671 641 307 677 388 1253 1314 566 208 470 532 596 233 1313 320 197 516 454 727 310 1143 185 540 540 591 1398 390 329 454 327 576 423 289 325 587 417 547 481 587 422 590 179 177 0 257 266 290 1319 757 441 1151 420 51 579 1340 860 1345 1309 1382 135 1114 551 1178 1298 1147 62 188
360 1076 1050 922 988 889 316 1159 589 780 1037 112 339 170 1017 464 462 321 903 181 1074 1135 359 75 285 758 408 179 1134 236 90 337 246 943 131 964 220 361 348 383 1219 211 283 275 147 397 244 205 336 408 238 352 273 380 433 411 216 121 257 0 119 304 1140 915 262 972 213 224 371 1160 811 1166 1130 1203 172 935 372 999 1118 968 263 132
398 1101 1076 947 1014 914 349 1184 615 718 1062 28 335 134 1042 428 500 354 841 145 1099 1161 323 145 250 696 372 249 1160 140 150 349 211 891 201 989 231 399 313 348 1244 281 353 345 217 399 314 109 371 388 308 316 238 344 468 377 226 106 266 119 0 337 1166 921 332 997 177 234 336 1186 836 1191 1155 1228 182 961 410 1024 1144 993 272 113
469 1185 1159 1031 1097 998 35 1268 698 814 1146 341 448 425 1126 614 571 37 936 435 1183 1244 583 279 400 792 526 159 1243 391 267 446 501 987 240 1073 133 470 470 638 1328 299 166 384 257 506 332 360 160 517 326 477 528 561 206 520 145 248 290 304 337 0 1249 1016 349 1081 457 258 559 1270 920 1275 1239 1312 169 1044 481 1108 1228 1077 296 258
970 171 642 255 580 285 1262 216 658 934 628 1159 870 1074 609 766 849 1266 818 1063 99 76 888 1137 961 964 831 1124 108 1282 1152 868 991 765 1043 556 1166 971 892 844 276 1043 1115 995 1073 811 1076 1251 1168 822 1070 899 980 866 1265 825 1178 1184 1319 1140 1166 1249 0 737 1094 563 1018 1287 864 101 633 107 71 260 1202 527 982 522 59 263 1325 1194
745 672 647 519 585 485 1029 755 433 217 634 925 645 849 614 541 624 1034 101 838 671 732 663 912 735 247 605 899 731 815 923 643 766 49 818 561 911 746 667 619 816 818 890 770 848 586 851 844 943 597 845 674 755 641 1040 600 905 904 757 915 921 1016 737 0 868 568 793 778 639 757 124 763 727 800 862 532 757 595 715 564 738 914
313 1029 1004 876 942 842 362 1112 543 964 990 325 292 357 971 459 415 367 949 347 1027 1089 427 259 244 942 370 246 1088 448 274 290 413 897 165 918 287 315 314 537 1173 79 207 229 195 351 72 417 260 362 77 321 402 406 357 364 299 305 441 262 332 349 1094 868 0 925 302 408 403 1114 764 1119 1083 1157 323 889 325 952 1072 921 447 316
801 499 280 345 230 311 1093 582 489 765 266 990 701 905 246 597 681 1098 649 894 497 558 719 969 792 795 662 956 557 1114 984 700 822 597 875 206 997 802 724 675 642 875 946 826 905 642 908 1083 999 653 902 730 811 697 1096 656 1009 1015 1151 972 997 1081 563 568 925 0 849 1118 695 583 464 589 553 626 1033 177 813 104 541 390 1157 1026
238 954 928 800 866 766 470 1037 467 872 915 171 216 73 895 383 340 475 874 62 952 1013 283 239 89 850 294 333 1012 294 254 215 170 821 251 842 374 239 239 307 1097 251 323 203 282 275 284 263 376 286 278 245 197 304 473 289 380 260 420 213 177 457 1018 793 302 849 0 388 295 1038 689 1044 1008 1081 336 813 250 876 996 845 427 267
506 1222 1197 1069 1135 1035 270 1305 736 575 1183 238 485 345 1164 639 608 275 697 355 1220 1282 533 176 437 553 563 200 1281 288 164 483 421 748 277 1111 152 508 508 558 1366 358 296 422 294 544 391 257 292 555 385 514 448 555 389 557 147 145 51 224 234 258 1287 778 408 1118 388 0 546 1307 881 1312 1276 1350 103 1082 519 1145 1265 1114 58 155
280 799 774 646 712 612 571 882 313 835 760 329 180 252 741 229 185 576 720 263 797 859 57 397 270 866 53 434 858 453 412 178 185 667 353 688 476 281 202 210 943 353 425 305 383 80 386 421 478 69 380 209 212 51 575 58 488 418 579 371 336 559 864 639 403 695 295 546 0 884 534 890 853 927 494 659 292 722 842 691 585 425
990 150 662 275 600 306 1282 236 678 954 648 1179 890 1094 629 786 869 1287 838 1083 120 96 908 1157 981 984 851 1145 87 1303 1173 888 1011 785 1064 576 1186 991 913 864 296 1064 1135 1015 1094 831 1096 1271 1188 842 1091 919 1000 886 1285 845 1198 1204 1340 1160 1186 1270 101 757 1114 583 1038 1307 884 0 653 90 91 280 1222 547 1002 542 80 265 1346 1214
641 568 543 415 481 381 932 651 328 321 529 829 541 744 510 436 520 937 205 733 566 628 558 808 631 351 501 795 627 918 823 539 662 152 714 457 836 642 563 515 712 714 786 665 744 482 747 922 839 493 741 569 650 537 936 495 849 854 860 811 836 920 633 124 764 464 689 881 534 653 0 658 622 696 873 428 653 491 611 460 842 865
996 145 668 281 605 311 1288 242 684 959 654 1185 896 1099 634 791 875 1292 844 1089 125 102 914 1163 986 990 856 1150 82 1308 1178 894 1017 791 1069 581 1192 997 918 870 302 1069 1141 1021 1099 837 1102 1277 1194 848 1096 925 1006 892 1291 851 1204 1210 1345 1166 1191 1275 107 763 1119 589 1044 1312 890 90 658 0 96 286 1228 552 1008 548 85 260 1351 1220
960 186 631 245 569 275 1251 205 647 923 618 1149 860 1063 598 755 839 1256 807 1053 89 66 878 1127 950 954 820 1114 123 1272 1142 858 981 755 1033 545 1155 961 882 834 266 1033 1105 985 1063 801 1066 1241 1158 812 1060 889 969 856 1255 814 1168 1174 1309 1130 1155 1239 71 727 1083 553 1008 1276 853 91 622 96 0 250 1192 516 972 511 49 253 1315 1184
1033 404 705 318 643 348 1325 108 721 997 691 1222 933 1137 671 829 912 1329 881 1126 194 255 951 1200 1024 1027 893 1187 341 1345 1215 931 1054 828 1106 618 1229 1034 955 907 83 1106 1178 1058 1136 874 1139 1314 1231 885 1133 962 1043 929 1328 888 1241 1247 1382 1203 1228 1312 260 800 1157 626 1081 1350 927 280 696 286 250 0 1265 590 1045 585 238 326 1388 1257
422 1138 1112 984 1050 950 182 1221 651 659 1099 186 400 293 1079 567 524 187 781 303 1136 1197 482 124 353 637 478 112 1196 236 112 399 369 832 193 1026 64 423 423 506 1281 273 208 337 209 459 306 205 204 470 300 429 396 503 301 473 58 93 135 172 182 169 1202 862 323 1033 336 103 494 1222 873 1228 1192 1265 0 997 434 1060 1180 1029 142 103
765 462 256 309 95 275 1057 545 453 729 243 954 665 869 223 561 644 1062 613 858 460 522 683 932 756 759 626 920 521 1078 948 663 786 560 839 71 961 766 688 639 606 839 910 790 869 606 871 1046 963 617 865 694 775 661 1060 620 973 979 1114 935 961 1044 527 532 889 177 813 1082 659 547 428 552 516 590 997 0 777 252 505 354 1121 989
76 918 892 764 830 730 494 1001 431 954 879 403 181 306 859 347 304 498 838 295 916 977 316 369 192 984 259 356 976 527 384 179 302 785 275 806 398 77 203 426 1061 275 347 227 305 239 308 496 400 250 302 209 290 294 497 253 410 416 551 372 410 481 982 757 325 813 250 519 292 1002 653 1008 972 1045 434 777 0 840 960 810 557 426
828 454 354 301 305 267 1120 540 516 792 340 1017 728 932 321 624 707 1125 676 921 455 517 746 996 819 822 689 983 513 1141 1011 727 849 624 902 281 1024 829 751 702 601 902 973 853 932 669 934 1109 1026 680 929 757 838 724 1123 683 1036 1042 1178 999 1024 1108 522 595 952 104 876 1145 722 542 491 548 511 585 1060 252 840 0 500 346 1184 1052
948 201 620 233 558 264 1240 194 636 912 606 1137 848 1052 587 744 827 1245 796 1041 78 54 866 1115 939 942 809 1103 138 1261 1131 846 969 743 1022 534 1144 949 871 822 254 1022 1093 973 1052 789 1054 1229 1146 800 1049 877 958 844 1243 803 1156 1162 1298 1118 1144 1228 59 715 1072 541 996 1265 842 80 611 85 49 238 1180 505 960 500 0 242 1304 1172
797 148 469 80 407 110 1089 282 485 761 456 986 697 901 436 593 677 1094 645 890 197 258 715 965 788 791 658 952 206 1110 980 696 819 593 871 383 993 799 720 672 342 871 943 822 901 639 904 1079 995 650 898 726 807 694 1092 652 1005 1011 1147 968 993 1077 263 564 921 390 845 1114 691 265 460 260 253 326 1029 354 810 346 242 0 1153 1022
545 1261 1236 1107 1174 1074 309 1344 775 536 1222 277 524 383 1202 677 647 314 658 394 1259 1321 572 215 476 514 602 239 1319 301 203 522 460 709 316 1149 191 546 546 597 1404 397 335 460 333 582 429 295 331 593 424 553 487 593 428 596 185 184 62 263 272 296 1325 738 447 1157 427 58 585 1346 842 1351 1315 1388 142 1121 557 1184 1304 1153 0 194
414 1130 1104 976 1042 942 271 1213 643 711 1091 117 393 224 1071 518 516 275 834 234 1128 1189 412 83 339 689 462 201 1188 167 72 391 300 884 185 1018 153 415 402 437 1273 265 297 329 201 451 298 136 293 462 292 406 327 434 390 465 147 34 188 132 113 258 1194 914 316 1026 267 155 425 1214 865 1220 1184 1257 103 989 426 1052 1172 1022 194 0
EOF