NAME : tsp_problem
TYPE : TSP
DIMENSION : 42
EDGE_WEIGHT_TYPE : EXPLICIT
EDGE_WEIGHT_FORMAT : FULL_MATRIX
EDGE_WEIGHT_SECTION
0 420 469 306 433 611 357 403 366 291 213 356 430 381 350 305 383 120 281 305 325 394 297 297 318 357 507 465 611 424 667 576 372 305 340 308 63 428 334 375 624 236
420 0 797 500 164 604 318 65 693 297 340 387 624 307 399 152 301 326 474 328 259 588 582 580 578 474 500 458 604 541 281 190 326 244 241 570 415 622 295 492 238 351
469 797 0 341 884 808 643 780 144 742 486 807 386 832 577 681 834 571 478 654 776 350 246 246 267 489 704 662 808 435 937 922 651 756 791 257 474 383 620 472 894 687
306 500 341 0 591 512 437 483 238 577 189 642 169 667 281 385 669 279 181 385 594 133 127 125 122 258 407 365 512 218 748 656 452 463 576 115 311 166 414 255 705 522
433 164 884 591 0 731 448 196 781 179 431 270 715 295 490 256 297 417 565 445 142 679 673 671 669 565 627 585 731 632 281 189 457 169 123 661 428 713 425 583 238 233
492 609 447 230 700 0 416 593 344 741 375 827 199 852 258 494 854 465 235 364 703 131 233 231 228 167 385 343 489 113 819 765 432 572 685 221 496 197 394 150 775 707
357 318 617 437 448 406 0 301 631 538 277 624 490 591 206 291 585 263 281 86 500 422 519 517 515 281 302 260 406 348 477 462 124 369 482 507 352 488 88 299 434 504
403 65 780 483 196 587 301 0 677 328 323 419 608 338 383 135 333 309 457 312 291 572 566 564 561 458 483 441 587 524 313 222 309 227 273 554 398 605 278 475 270 362
366 693 144 238 781 705 631 677 0 639 383 704 283 729 474 578 731 468 375 578 673 247 143 143 164 385 601 559 705 332 941 850 646 653 688 154 371 280 608 369 898 584
291 297 742 577 179 859 538 328 639 0 417 123 701 148 531 297 150 323 551 485 66 665 570 569 591 606 755 713 859 672 413 322 553 210 81 581 286 699 515 623 370 87
213 340 486 189 431 494 277 323 383 417 0 482 313 507 263 225 508 119 164 225 434 278 271 269 267 241 390 348 494 307 588 496 292 303 416 259 208 311 254 258 545 362
368 327 819 654 282 894 611 359 716 135 494 0 778 64 629 396 65 400 628 584 169 742 647 646 668 704 790 748 894 771 444 352 620 313 184 658 363 776 588 722 401 164
430 624 386 169 715 563 490 608 283 701 313 766 0 791 332 509 793 403 305 438 718 102 171 169 167 240 459 417 563 187 872 780 506 587 700 159 435 54 467 224 829 646
388 307 839 673 301 873 591 338 735 155 513 134 797 0 649 415 80 420 648 601 189 762 667 666 687 724 769 727 873 791 423 332 599 332 204 677 383 795 567 741 380 183
350 399 577 281 490 377 206 383 474 531 263 617 332 642 0 284 644 256 123 154 493 264 363 361 358 123 273 231 377 190 608 555 222 362 475 351 345 330 184 141 565 497
305 152 681 385 256 606 291 135 578 297 225 383 509 409 284 0 410 210 358 239 260 473 467 465 463 359 502 460 606 426 400 308 306 128 241 455 299 507 268 377 357 263
389 301 840 675 300 868 585 333 737 156 515 136 799 80 650 417 0 421 650 595 190 763 668 667 689 725 763 721 867 792 417 326 593 334 205 679 384 797 562 743 374 185
120 326 571 279 417 584 263 309 468 323 119 388 403 413 256 210 415 0 254 210 357 368 361 359 357 331 480 438 584 397 573 482 278 288 372 349 115 401 240 348 530 268
281 474 478 181 565 354 281 457 375 551 164 616 305 642 123 358 643 254 0 228 568 241 263 261 259 100 249 207 354 167 683 630 296 436 549 251 285 303 258 118 640 496
305 328 628 385 445 417 86 312 578 485 225 572 438 597 154 239 595 210 228 0 448 370 467 465 462 229 312 270 417 296 488 473 101 317 430 455 299 436 63 247 445 452
325 259 776 594 142 822 500 291 673 66 434 157 718 182 493 260 184 357 568 448 0 683 604 603 624 568 718 676 822 635 376 284 516 172 44 614 320 716 478 586 333 120
394 588 350 133 679 495 422 572 247 665 278 730 102 755 264 473 757 368 241 370 683 0 136 134 131 173 391 349 495 119 825 745 438 551 664 124 399 100 400 156 781 610
297 582 246 127 673 594 519 566 143 570 271 635 171 660 363 467 662 361 263 467 604 136 0 60 58 274 489 447 594 221 830 738 535 545 619 50 302 169 496 257 787 515
297 580 246 125 671 592 517 564 143 569 269 634 169 659 361 465 661 359 261 465 603 134 60 0 56 272 487 445 592 219 828 736 533 543 618 48 302 167 494 256 785 514
318 578 267 122 669 589 515 561 164 591 267 655 167 681 358 463 682 357 259 462 624 131 58 56 0 270 485 443 589 216 826 734 530 541 640 46 323 165 492 253 782 536
357 474 489 258 565 354 281 458 385 606 241 692 240 717 123 359 719 331 100 229 568 173 274 272 270 0 250 208 354 98 684 630 297 437 550 262 362 238 259 62 640 572
629 747 373 368 838 156 554 731 473 879 513 965 337 990 396 632 992 603 373 502 841 269 371 369 366 305 0 481 156 251 873 858 570 710 823 359 634 335 532 288 830 845
673 791 416 411 881 199 598 774 516 922 556 1008 380 1034 440 675 1035 646 416 545 885 313 414 412 410 348 95 0 199 295 916 901 613 753 866 402 678 378 575 331 873 889
496 614 452 235 705 494 421 598 349 746 380 832 204 857 263 499 859 470 240 369 708 136 238 236 233 172 390 348 0 118 824 770 437 577 690 226 501 202 399 155 780 712
424 541 435 218 632 421 348 524 332 672 307 759 187 784 190 426 786 397 167 296 635 119 221 219 216 98 317 275 421 0 750 697 364 504 617 209 429 185 325 82 707 639
532 262 705 612 393 495 250 245 805 524 452 611 665 535 381 264 529 438 456 260 487 597 694 692 690 456 390 348 495 523 0 418 258 356 469 682 527 663 227 474 440 491
576 190 824 656 189 613 368 222 850 322 496 412 780 332 500 308 326 482 574 379 284 716 738 736 734 575 509 467 613 642 163 0 377 312 266 726 571 778 345 593 120 376
372 326 625 452 457 415 124 309 646 553 292 639 506 599 222 306 593 278 296 101 516 438 535 533 530 297 310 268 414 364 485 471 0 384 497 523 367 503 101 315 442 520
305 244 756 463 169 691 369 227 653 210 303 300 587 326 362 128 327 288 436 317 172 551 545 543 541 437 586 544 691 504 404 312 384 0 154 533 300 585 346 455 360 262
340 241 791 576 123 804 482 273 688 81 416 172 700 197 475 241 199 372 549 430 44 664 619 618 640 550 699 657 804 617 358 266 497 154 0 630 335 698 459 568 315 136
308 570 257 115 661 582 507 554 154 581 259 645 159 671 351 455 672 349 251 455 614 124 50 48 46 262 477 435 582 209 818 726 523 533 630 0 313 157 484 245 775 525
63 415 474 311 428 616 352 398 371 286 208 351 435 376 345 299 378 115 285 299 320 399 302 302 323 362 512 470 616 429 662 571 367 300 335 313 0 433 329 380 619 231
428 622 383 166 713 561 488 605 280 699 311 764 54 789 330 507 790 401 303 436 716 100 169 167 165 238 456 414 561 185 870 778 503 585 698 157 433 0 465 221 827 644
334 295 594 414 425 383 88 278 608 515 254 601 467 567 184 268 562 240 258 63 478 400 496 494 492 259 279 237 383 325 454 439 101 346 459 484 329 465 0 276 411 481
375 492 472 255 583 372 299 475 369 623 258 710 224 735 141 377 737 348 118 247 586 156 257 256 253 62 268 226 372 82 701 648 315 455 568 245 380 221 276 0 658 590
578 308 751 658 439 541 296 291 851 570 498 657 711 581 427 310 575 483 502 306 533 643 740 738 736 502 436 394 541 569 529 464 304 402 515 728 573 709 273 520 0 537
236 351 687 522 233 826 504 362 584 87 362 152 646 177 497 263 178 268 496 452 120 610 515 514 536 572 722 680 826 639 468 376 520 262 136 525 231 644 481 590 424 0
EOF