NAME : tsp_problem
TYPE : TSP
DIMENSION : 24
EDGE_WEIGHT_TYPE : EXPLICIT
EDGE_WEIGHT_FORMAT : FULL_MATRIX
EDGE_WEIGHT_SECTION
0 3647 3763 3992 4087 3207 3604 3947 3996 4336 4149 4490 3988 3591 4185 4219 4392 200 3875 3813 3386 4174 804 4436
3647 0 1709 2128 1281 570 103 1911 2132 1228 1343 2413 2124 1628 1358 1392 2315 3549 795 1483 505 1547 4438 1022
3763 1709 0 985 1054 2150 1775 940 989 867 1115 1483 981 204 916 949 1385 3949 2463 344 2085 1156 3277 967
3865 2001 858 0 755 2441 2066 204 233 1158 722 727 225 777 937 971 629 4051 2754 681 2376 542 3379 1259
4087 1281 1070 882 0 1722 1347 666 887 590 104 1167 878 989 449 483 1069 4273 2034 843 1657 288 3601 539
3207 570 2150 2569 1722 0 527 2352 2573 1669 1783 2853 2564 2069 1799 1833 2756 3108 798 1923 309 1987 3998 1462
3604 103 1775 2194 1347 527 0 1977 2198 1294 1408 2478 2189 1694 1424 1458 2381 3506 753 1548 462 1612 4395 1087
3947 1911 940 331 666 2352 1977 0 335 1069 633 829 327 859 848 882 731 4133 2665 763 2287 452 3461 1169
3992 2128 985 147 882 2568 2193 331 0 1285 849 653 38 904 1064 1098 555 4178 2881 808 2504 669 3506 1386
4336 1228 867 1286 590 1669 1294 1069 1290 0 651 1570 1281 786 516 550 1473 4522 1982 640 1604 757 3850 486
4149 1343 1132 849 104 1783 1408 633 854 651 0 1134 845 1051 511 544 1036 4335 2096 905 1718 255 3663 600
4498 2209 1491 653 964 2650 2275 837 657 1367 931 0 649 1410 1146 1180 112 4684 2963 1314 2585 750 4012 1467
3983 2120 976 138 874 2560 2185 322 38 1277 841 644 0 895 1056 1090 547 4170 2873 799 2495 661 3498 1377
3591 1628 204 904 973 2069 1694 859 908 786 1034 1402 900 0 835 868 1304 3777 2382 263 2004 1075 3105 886
4202 1517 1185 1082 337 1957 1582 865 1086 785 399 1366 1077 1104 0 233 1269 4389 2270 958 1892 553 3717 774
4124 1438 1107 1003 259 1879 1504 786 1007 707 320 1288 999 1026 486 0 1190 4310 2191 880 1814 474 3638 696
4400 2112 1393 555 866 2552 2177 739 559 1269 833 112 551 1312 1048 1082 0 4586 2865 1216 2487 653 3914 1369
200 3549 3949 4178 4273 3108 3506 4133 4182 4522 4335 4676 4174 3777 4372 4405 4578 0 3777 3999 3288 4360 991 4441
3875 795 2463 2881 2034 798 753 2665 2886 1982 2096 3166 2877 2382 2112 2145 3068 3777 0 2236 733 2300 4666 1775
3813 1483 344 808 827 1923 1548 763 812 640 889 1306 804 263 689 723 1208 3999 2236 0 1858 930 3327 740
3386 505 2085 2504 1657 309 462 2287 2508 1604 1718 2788 2500 2004 1734 1768 2691 3288 733 1858 0 1922 4177 1397
4174 1547 1156 669 288 1987 1612 452 673 757 255 954 665 1075 536 569 856 4360 2300 930 1922 0 3688 804
804 4438 3277 3506 3601 3998 4395 3461 3510 3850 3663 4004 3502 3105 3700 3733 3906 991 4666 3327 4177 3688 0 3950
4436 1022 967 1386 539 1462 1087 1169 1390 486 600 1671 1382 886 616 650 1573 4441 1775 740 1397 804 3950 0
EOF