NAME : tsp_problem
TYPE : TSP
DIMENSION : 56
EDGE_WEIGHT_TYPE : EXPLICIT
EDGE_WEIGHT_FORMAT : FULL_MATRIX
EDGE_WEIGHT_SECTION
0 578 450 375 57 470 481 655 706 639 902 727 688 602 400 2927 3565 2339 1728 632 196 658 288 1373 2782 1369 3889 1565 339 884 744 1682 523 984 1284 591 1286 568 5039 1806 3405 712 1131 367 250 357 765 1121 377 727 1492 2098 653 887 2121 193
799 0 771 899 827 791 532 364 505 726 839 526 398 1055 924 3248 3635 2660 2049 342 726 613 764 1694 3103 1323 3959 1886 863 839 1065 1752 844 1305 1239 677 1241 619 5109 1760 3475 527 1452 891 726 574 1086 1442 559 1048 1813 2419 363 1208 2442 723
450 699 0 746 477 90 348 522 573 353 907 591 556 973 771 2641 3936 2052 1441 500 568 985 659 1086 2495 1482 4260 1278 711 1211 457 2053 309 698 1398 304 1399 435 5198 2132 3777 442 845 739 622 224 479 834 244 441 1205 1811 521 600 1834 565
375 678 746 0 402 767 778 864 1003 936 958 1024 897 280 219 3224 3252 2635 2024 841 302 714 387 1669 3078 1424 3576 1861 115 940 1040 1369 820 1281 1340 888 1341 865 4726 1861 3092 1008 1428 105 350 653 1062 1417 673 1024 1788 2394 863 1184 2417 298
57 606 477 402 0 497 509 683 734 667 930 755 716 629 427 2955 3592 2366 1755 660 224 686 315 1400 2809 1396 3916 1592 367 912 771 1709 551 1012 1312 618 1313 596 5066 1833 3432 739 1159 395 278 384 793 1148 404 755 1519 2125 681 914 2148 220
470 720 90 767 497 0 369 543 594 373 927 612 576 994 792 2661 3957 2072 1461 520 588 1005 680 1107 2516 1502 4281 1298 731 1231 477 2074 329 718 1418 325 1420 456 5218 2153 3797 463 865 759 642 244 499 854 264 461 1225 1831 541 621 1854 585
765 492 600 1062 792 620 0 315 366 458 700 387 348 1220 1087 2998 3800 2410 1799 292 883 778 928 1444 2853 1275 4124 1636 1026 1003 815 1917 705 1055 1190 410 1192 116 5274 1925 3640 259 1202 1054 891 435 836 1192 420 798 1563 2169 314 958 2192 880
655 293 522 864 683 543 284 0 257 478 590 278 111 1021 889 3000 3601 2411 1800 55 692 578 729 1445 2854 1165 3925 1637 829 804 816 1718 596 1057 1081 429 1083 371 5074 1726 3441 278 1204 857 692 326 838 1193 311 800 1564 2170 76 960 2193 688
706 434 573 1003 734 594 335 257 0 527 369 108 290 1161 1028 3051 3741 2462 1851 234 825 719 870 1496 2905 944 4065 1688 967 673 867 1858 647 1108 860 478 862 422 5215 1595 3581 248 1255 995 832 377 889 1244 362 851 1615 2221 255 1011 2244 821
639 655 353 936 667 373 538 478 527 0 857 450 511 1163 961 2752 3962 2163 1552 455 758 940 849 1197 2606 1432 4286 1389 900 1161 568 2079 499 809 1348 140 1350 625 5309 2083 3802 301 956 929 812 414 590 945 433 552 1316 1922 476 711 1945 754
902 636 907 958 930 927 669 590 369 857 0 441 624 1106 983 3385 3686 2796 2185 568 829 497 867 1830 3239 879 4010 2022 922 394 1201 1803 981 1442 794 809 796 756 5160 1316 3526 579 1589 950 829 711 1223 1578 695 1185 1949 2555 589 1344 2578 826
727 455 591 1024 755 612 356 278 108 450 441 0 311 1182 1049 2990 3762 2401 1791 255 846 740 891 1436 2845 1016 4086 1628 988 745 807 1879 668 1047 932 402 934 443 5236 1667 3602 172 1194 1016 853 398 828 1184 383 790 1555 2160 276 950 2184 842
688 326 556 897 716 576 317 111 290 511 624 311 0 1054 922 3033 3634 2444 1833 72 725 612 762 1479 2888 1199 3958 1670 862 837 849 1751 629 1090 1114 462 1116 404 5108 1759 3474 312 1237 890 725 359 871 1226 344 833 1597 2203 66 993 2226 721
602 834 973 280 629 994 1005 1021 1161 1163 1106 1182 1054 0 446 3451 3261 2862 2251 998 528 862 614 1896 3305 1572 3585 2088 294 1088 1267 1378 1047 1508 1488 1114 1489 1092 4735 2009 3101 1183 1655 285 577 880 1289 1644 900 1251 2015 2621 1019 1410 2644 525
400 703 771 219 427 792 803 889 1028 961 983 1049 922 446 0 3249 3418 2660 2049 866 327 739 412 1694 3103 1449 3742 1886 184 965 1065 1535 845 1306 1365 912 1366 890 4892 1886 3258 1033 1453 212 375 678 1087 1442 698 1049 1813 2419 887 1209 2442 323
2927 3177 2641 3224 2955 2661 2826 3000 3051 2752 3385 2990 3033 3451 3249 0 5696 2585 1974 2977 3046 3462 3137 1765 223 3960 5132 1864 3188 3688 2341 4531 2787 2175 3875 2703 3877 2913 5731 4610 5925 2841 1915 3216 3099 2701 2396 1841 2721 2335 1887 1867 2998 2283 1890 3042
3565 3414 3936 3252 3592 3957 3769 3601 3741 3962 3686 3762 3634 3261 3418 5696 0 4657 3935 3578 3492 3442 3577 4201 5550 4152 577 4023 3266 3668 4230 2356 4010 4471 4068 3914 4070 3856 1727 4589 439 3763 4529 3257 3540 3810 4252 4454 3795 4214 4101 4416 3599 4374 4439 3488
2339 2588 2052 2635 2366 2072 2237 2411 2462 2163 2796 2401 2444 2862 2660 2585 4657 0 936 2388 2457 2874 2548 1091 2440 3371 4093 912 2600 3099 1752 3942 2198 1587 3286 2114 3288 2324 4693 4021 4886 2252 1418 2628 2511 2113 1807 1344 2132 1746 991 1305 2409 1694 1328 2453
1728 1977 1441 2024 1755 1461 1626 1800 1851 1552 2185 1791 1833 2251 2049 1974 3935 936 0 1777 1846 2263 1937 480 1829 2760 3371 301 1989 2488 1141 3331 1587 976 2675 1503 2677 1713 3970 3410 4163 1641 807 2017 1900 1502 1197 733 1522 1136 380 695 1799 1084 718 1842
632 270 500 841 660 520 261 55 234 455 568 255 72 998 866 2977 3578 2388 1777 0 669 556 706 1423 2832 1143 3902 1614 806 781 793 1695 573 1034 1058 406 1060 348 5052 1703 3418 256 1181 834 669 303 815 1170 288 777 1541 2147 37 937 2170 665
196 505 568 302 224 588 600 692 825 758 829 846 725 528 327 3046 3492 2457 1846 669 0 585 214 1491 2900 1296 3816 1683 266 811 862 1609 641 1103 1211 709 1213 687 4965 1733 3332 830 1250 294 177 475 884 1239 495 846 1610 2216 690 1005 2239 110
658 392 985 714 686 1005 746 578 719 940 497 740 612 862 739 3462 3442 2874 2263 556 585 0 623 1908 3317 963 3766 2100 678 479 1279 1559 1058 1519 879 891 881 833 4916 1401 3282 741 1666 706 585 788 1300 1656 773 1262 2027 2633 577 1422 2656 582
285 363 657 385 313 677 688 550 690 846 687 711 583 611 410 3134 3466 2546 1935 527 212 444 0 1580 2989 1154 3790 1772 349 669 951 1583 730 1191 1069 798 1071 775 4940 1591 3306 712 1338 377 212 564 972 1328 584 934 1699 2305 548 1094 2328 208
1373 1623 1086 1669 1400 1107 1271 1445 1496 1197 1830 1436 1479 1896 1694 1765 4201 1091 480 1423 1491 1908 1582 0 1619 2405 3638 228 1634 2134 786 2976 1232 621 2321 1149 2322 1358 4237 3055 4430 1287 361 1662 1545 1147 842 286 1167 781 155 763 1444 729 786 1488
2782 3032 2495 3078 2809 2516 2680 2854 2905 2606 3239 2845 2888 3305 3103 223 5550 2440 1829 2832 2900 3317 2991 1619 0 3814 4986 1719 3043 3543 2195 4385 2641 2030 3730 2558 3731 2767 5586 4464 5779 2696 1770 3071 2954 2556 2251 1695 2576 2190 1741 1721 2853 2138 1744 2897
1377 1110 1279 1432 1404 1299 1040 962 741 1229 813 813 995 1580 1457 3756 4161 3168 2557 939 1304 972 1341 2202 3611 0 4485 2394 1397 640 1573 2278 1352 1813 99 1180 126 1127 5634 1128 4001 951 1960 1425 1304 1082 1594 1950 1067 1556 2321 2927 960 1716 2950 1300
3889 3738 4260 3576 3916 4281 4093 3925 4065 4286 4010 4086 3958 3585 3742 5132 577 4093 3371 3902 3816 3766 3901 3638 4986 4477 0 3459 3591 3992 4299 2680 4334 4134 4392 4238 4394 4180 1163 4914 806 4087 3965 3581 3864 4135 4354 3891 4119 4293 3537 3852 3923 4241 3875 3812
1565 1814 1278 1861 1592 1298 1463 1637 1688 1389 2022 1628 1670 2088 1886 1864 4023 912 301 1614 1683 2100 1774 228 1719 2597 3459 0 1826 2325 978 3168 1424 813 2512 1340 2514 1550 4058 3247 4252 1478 556 1854 1737 1339 1034 481 1359 973 149 585 1636 921 608 1679
339 642 711 115 367 731 742 829 967 900 922 988 862 294 184 3188 3266 2600 1989 806 266 678 352 1634 3043 1389 3591 1826 0 904 1005 1383 784 1245 1304 852 1306 829 4740 1826 3107 973 1392 119 314 618 1026 1382 638 988 1753 2359 827 1148 2382 262
757 490 1083 812 784 1104 845 677 546 1034 267 618 710 960 837 3561 3541 2972 2361 654 684 352 721 2006 3415 714 3865 2198 777 0 1377 1658 1157 1618 629 985 631 932 5014 1151 3381 755 1765 805 684 887 1399 1754 872 1361 2125 2731 675 1521 2754 680
744 993 457 1040 771 477 642 816 867 568 1201 807 849 1267 1065 2341 4230 1752 1141 793 862 1279 953 786 2195 1776 4299 978 1005 1504 0 2347 603 290 1691 519 1693 729 4898 2426 4070 657 545 1033 916 518 70 534 538 112 905 1511 814 193 1534 858
1682 1531 2053 1369 1709 2074 1886 1718 1858 2079 1803 1879 1751 1378 1535 4531 2356 3942 3331 1695 1609 1559 1694 2976 4385 2269 2680 3168 1383 1785 2347 0 2127 2588 2185 2031 2187 1973 3830 2707 2196 1880 2735 1374 1657 1927 2369 2724 1912 2331 3095 3701 1716 2491 3724 1605
523 773 309 820 551 329 422 596 647 499 981 668 629 1047 845 2787 4010 2198 1587 573 641 1058 733 1232 2641 1555 4334 1424 784 1284 603 2127 0 844 1471 450 1473 509 5344 2206 3850 588 991 812 695 297 625 980 317 587 1351 1957 594 746 1980 638
984 1234 698 1281 1012 718 883 1057 1108 809 1442 1047 1090 1508 1306 2175 4471 1587 976 1034 1103 1519 1194 621 2030 2017 4134 813 1245 1745 290 2588 844 0 1932 760 1934 970 4733 2667 4311 898 380 1273 1156 758 345 369 778 286 740 1346 1055 232 1369 1099
1292 1026 1194 1348 1320 1214 956 877 656 1144 729 728 911 1496 1373 3672 4076 3083 2472 855 1219 887 1257 2117 3526 99 4400 2309 1312 555 1488 2193 1267 1729 0 1096 42 1043 5550 1043 3916 866 1876 1340 1219 998 1510 1865 982 1472 2236 2842 876 1631 2865 1216
591 606 304 888 618 325 489 429 478 140 809 402 462 1114 912 2703 3914 2114 1503 406 709 891 800 1149 2558 1384 4238 1340 852 1112 519 2031 450 760 1299 0 1301 576 5260 2034 3754 252 907 880 763 365 541 896 385 503 1267 1873 427 663 1896 706
1294 1028 1196 1350 1322 1216 957 879 658 1146 731 730 912 1498 1375 3673 4078 3085 2474 856 1221 889 1259 2119 3528 126 4402 2311 1314 557 1490 2195 1269 1730 42 1098 0 1044 5552 1045 3918 868 1877 1342 1221 999 1511 1867 984 1473 2238 2844 877 1633 2867 1217
692 420 527 989 719 547 321 242 293 385 627 314 276 1147 1014 2925 3727 2337 1726 220 810 705 856 1371 2780 1202 4051 1563 953 931 742 1844 633 982 1118 337 1119 0 5201 1852 3567 186 1129 981 818 363 763 1119 347 725 1490 2096 241 885 2119 807
5039 4888 5198 4726 5066 5218 5242 5074 5215 5309 5160 5236 5108 4735 4892 5731 1727 4693 3970 5052 4965 4916 5051 4237 5586 5626 1163 4058 4740 5142 4898 3830 5344 4733 5542 5260 5543 5329 0 6063 1956 5237 4565 4730 5013 5259 4954 4490 5269 4893 4137 4452 5073 4841 4475 4962
1796 1530 2123 1852 1824 2143 1884 1716 1585 2073 1306 1657 1749 2000 1877 4600 4580 4011 3400 1693 1723 1391 1761 3046 4455 1128 4904 3237 1816 1059 2416 2697 2196 2657 1043 2024 1045 1971 6054 0 4420 1794 2804 1844 1723 1926 2438 2793 1911 2400 3164 3770 1714 2560 3793 1719
3405 3254 3777 3092 3432 3797 3609 3441 3581 3802 3526 3602 3474 3101 3258 5925 439 4886 4163 3418 3332 3282 3417 4430 5779 3993 806 4252 3107 3508 4070 2196 3850 4311 3908 3754 3910 3696 1956 4430 0 3603 4458 3097 3380 3651 4092 4447 3635 4054 4330 4645 3439 4214 4668 3328
728 456 442 1025 755 463 357 278 248 301 579 172 312 1183 1050 2841 3763 2252 1641 256 846 741 892 1287 2696 1154 4087 1478 989 882 657 1880 588 898 1069 252 1071 444 5237 1804 3603 0 1045 1017 854 399 679 1034 383 641 1405 2011 277 801 2034 843
1131 1381 845 1428 1159 865 1030 1204 1255 956 1589 1194 1237 1655 1453 1915 4529 1418 807 1181 1250 1666 1341 361 1770 2164 3965 556 1392 1892 545 2735 991 380 2079 907 2081 1117 4565 2814 4458 1045 0 1420 1303 905 600 96 925 539 483 1091 1202 487 1114 1246
367 670 739 105 395 759 770 857 995 929 950 1016 890 285 212 3216 3257 2628 2017 834 294 706 380 1662 3071 1417 3581 1854 119 932 1033 1374 812 1273 1332 880 1334 857 4730 1854 3097 1001 1420 0 342 646 1054 1410 666 1016 1781 2387 855 1176 2410 291
332 410 704 432 359 724 735 597 737 893 734 758 630 658 456 3181 3513 2592 1982 574 259 490 71 1627 3036 1201 3837 1819 396 716 997 1630 777 1238 1116 845 1118 822 4986 1638 3353 759 1385 424 0 611 1019 1374 630 981 1745 2351 595 1141 2374 255
357 503 224 653 384 244 152 326 377 414 711 398 359 880 678 2701 3810 2113 1502 303 475 788 566 1147 2556 1286 4135 1339 618 1014 518 1927 297 758 1201 365 1203 239 5259 1936 3651 382 905 646 529 0 539 895 89 501 1266 1872 324 661 1895 472
765 1015 479 1062 793 499 664 838 889 590 1223 828 871 1289 1087 2396 4252 1807 1197 815 884 1300 975 842 2251 1798 4354 1034 1026 1526 70 2369 625 345 1713 541 1715 751 4954 2448 4092 679 600 1054 937 539 0 590 559 168 961 1566 836 248 1590 880
1121 1370 834 1417 1148 854 1019 1193 1244 945 1578 1184 1226 1644 1442 1841 4454 1344 733 1170 1239 1656 1330 286 1695 2153 3891 481 1382 1881 534 2724 980 369 2068 896 2070 1106 4490 2803 4447 1034 96 1410 1293 895 590 0 915 528 408 1016 1191 477 1039 1235
377 488 244 673 404 264 137 311 362 433 695 383 344 900 698 2721 3795 2132 1522 288 495 773 586 1167 2576 1270 4119 1359 638 999 538 1912 317 778 1186 385 1188 224 5269 1921 3635 367 925 666 549 89 559 915 0 521 1286 1892 309 681 1915 491
727 977 441 1024 755 461 626 800 851 552 1185 790 833 1251 1049 2335 4214 1746 1136 777 846 1262 937 781 2190 1760 4293 973 988 1488 112 2331 587 286 1675 503 1677 713 4893 2410 4054 641 539 1016 899 501 168 528 521 0 900 1505 798 189 1528 842
1492 1741 1205 1788 1519 1225 1390 1564 1615 1316 1949 1555 1597 2015 1813 1887 4101 991 380 1541 1610 2027 1701 155 1741 2524 3537 149 1753 2252 905 3095 1351 740 2439 1267 2441 1477 4137 3174 4330 1405 483 1781 1664 1266 961 408 1286 900 0 663 1562 848 686 1606
2098 2347 1811 2394 2125 1831 1996 2170 2221 1922 2555 2160 2203 2621 2419 1867 4416 1305 695 2147 2216 2633 2307 763 1721 3130 3852 585 2359 2858 1511 3701 1957 1346 3045 1873 3047 2083 4452 3780 4645 2011 1091 2387 2270 1872 1566 1016 1892 1505 663 0 2168 1454 107 2212
653 291 521 863 681 541 282 76 255 476 589 276 66 1019 887 2998 3599 2409 1799 37 690 577 727 1444 2853 1164 3923 1636 827 803 814 1716 594 1055 1079 427 1081 369 5073 1724 3439 277 1202 855 690 324 836 1191 309 798 1562 2168 0 958 2191 686
887 1137 600 1184 914 621 786 960 1011 711 1344 950 993 1410 1209 2283 4374 1694 1084 937 1005 1422 1097 729 2138 1919 4241 921 1148 1648 193 2491 746 232 1835 663 1837 873 4841 2570 4214 801 487 1176 1059 661 248 477 681 189 848 1454 958 0 1477 1002
2121 2370 1834 2417 2148 1854 2019 2193 2244 1945 2578 2184 2226 2644 2442 1890 4439 1328 718 2170 2239 2656 2330 786 1744 3153 3875 608 2382 2881 1534 3724 1980 1369 3068 1896 3070 2106 4475 3803 4668 2034 1114 2410 2293 1895 1590 1039 1915 1528 686 107 2191 1477 0 2235
193 501 565 298 220 585 596 688 821 754 826 842 721 525 323 3042 3488 2453 1842 665 110 582 211 1488 2897 1292 3812 1679 262 808 858 1605 638 1099 1208 706 1209 683 4962 1729 3328 827 1246 291 174 472 880 1235 491 842 1606 2212 686 1002 2235 0
EOF