NAME : tsp_problem
TYPE : TSP
DIMENSION : 40
EDGE_WEIGHT_TYPE : EXPLICIT
EDGE_WEIGHT_FORMAT : FULL_MATRIX
EDGE_WEIGHT_SECTION
0 3962 1673 1258 319 5629 1178 929 1470 263 1689 1067 1099 5736 1350 4286 2061 1711 445 1112 3800 5491 1463 773 1175 2950 2075 1041 1204 1205 1180 1218 1226 922 437 948 1485 2456 3008 3621
3953 0 4214 3418 4126 1920 3565 3432 4011 4070 4230 3589 3710 2027 3966 577 4463 4252 3672 3634 437 1783 4004 3442 3277 4323 4495 3653 3815 3592 3792 3243 3257 3912 3664 3450 4026 4061 4831 390
1774 4214 0 1049 1669 5086 727 995 588 1677 112 788 636 5193 556 4293 523 168 1492 833 4052 4948 274 1263 965 1413 537 671 673 755 649 1009 1016 790 1484 1013 264 918 1471 3874
1250 3418 1049 0 1422 5085 400 720 846 1366 1065 878 813 5192 965 3742 1437 1087 969 922 3257 4948 839 739 161 2326 1451 940 850 427 826 204 212 1182 960 739 861 1832 2384 3078
319 4134 1466 1430 0 5801 1321 1066 1263 119 1482 860 892 5908 1143 4458 1854 1504 617 905 3972 5663 1256 945 1347 2743 1868 835 997 1349 973 1390 1398 715 609 1085 1278 2249 2801 3793
5620 1920 5086 5085 5792 0 5232 5099 5539 5737 5091 5256 5377 168 5506 1356 4692 5147 5339 5301 2147 206 5224 5109 4944 4552 4723 5320 5482 5259 5459 4910 4924 5579 5330 5117 5215 4290 5060 2100
1170 3565 727 400 1342 5232 0 596 525 1286 744 644 492 5339 644 3889 1115 765 888 688 3403 5094 517 659 316 2005 1129 618 528 57 505 360 367 860 880 614 539 1510 2063 3224
1058 3569 982 858 1230 5236 733 0 780 1174 998 287 408 5343 664 3893 1370 1020 777 331 3408 5099 772 547 774 2260 1384 351 513 761 490 818 825 609 768 42 794 1765 2318 3229
1571 4011 588 846 1467 5539 525 792 0 1474 605 586 434 5646 505 4336 976 626 1290 631 3850 5402 378 1060 763 1866 990 560 470 552 447 806 814 739 1281 811 400 1372 1924 3671
263 4078 1473 1375 119 5745 1294 1045 1271 0 1490 868 899 5852 1150 4402 1861 1511 561 912 3916 5607 1263 889 1291 2751 1875 842 1004 1322 981 1335 1342 723 553 1064 1285 2257 2809 3738
1790 4230 112 1065 1686 5091 744 1011 605 1693 0 805 653 5198 572 4299 528 70 1509 849 4069 4954 290 1279 982 1418 542 688 689 771 666 1025 1033 806 1500 1030 280 924 1476 3890
1078 3589 788 878 1064 5256 644 299 586 1071 805 0 214 5363 470 3913 1176 826 797 100 3428 5119 578 567 794 2066 1190 157 319 671 296 838 845 416 789 318 600 1572 2124 3249
1199 3710 636 813 1095 5377 492 420 434 1103 653 214 0 5484 502 4034 1024 674 918 259 3549 5240 426 688 730 1914 1038 188 167 519 144 773 781 447 910 439 448 1420 1972 3370
5727 2027 5193 5192 5900 168 5339 5206 5646 5844 5198 5363 5484 0 5613 1463 4799 5254 5446 5408 2254 313 5331 5216 5051 4659 4830 5427 5589 5366 5566 5017 5031 5686 5438 5224 5322 4397 5167 2207
1451 3966 556 965 1346 5506 644 676 505 1354 572 470 502 5613 0 4290 944 594 1169 515 3805 5369 345 944 882 1833 957 335 589 671 566 925 933 454 1161 695 367 1339 1891 3626
4278 577 4293 3742 4450 1356 3889 3756 4336 4394 4299 3913 4034 1463 4290 0 3900 4354 3996 3958 804 1219 4328 3766 3601 3759 3931 3977 4139 3916 4116 3567 3581 4236 3988 3774 4350 3498 4267 757
2161 4463 523 1437 2057 4692 1115 1382 976 2065 528 1176 1024 4799 944 3900 0 584 1880 1221 4440 4555 661 1650 1353 932 56 1059 1060 1142 1037 1397 1404 1178 1872 1401 652 436 985 4261
1812 4252 168 1087 1707 5147 765 1032 626 1715 70 826 674 5254 594 4354 584 0 1530 871 4090 5009 311 1301 1003 1474 598 709 711 793 687 1047 1054 828 1522 1051 302 979 1532 3912
441 3668 1488 964 613 5334 884 635 1285 557 1504 793 914 5442 1165 3992 1876 1526 0 837 3506 5197 1277 479 881 2765 1889 856 1019 911 995 924 932 737 38 654 1299 2271 2823 3327
1123 3634 833 922 1108 5301 688 344 631 1116 849 100 259 5408 515 3958 1221 871 842 0 3472 5163 623 612 839 2111 1235 202 364 716 341 882 890 460 833 363 645 1616 2169 3294
3792 437 4052 3257 3964 2147 3403 3270 3850 3908 4069 3428 3549 2254 3805 804 4440 4090 3510 3472 0 2010 3842 3281 3115 4550 4454 3491 3654 3431 3630 3081 3095 3750 3502 3289 3864 4288 5058 228
5483 1783 4948 4948 5655 206 5094 4961 5402 5599 4954 5119 5240 313 5369 1219 4555 5009 5202 5163 2010 0 5087 4972 4806 4415 4586 5183 5345 5122 5322 4773 4786 5441 5193 4980 5077 4153 4923 1962
1563 4004 274 839 1459 5224 517 784 378 1466 290 578 426 5331 345 4328 661 311 1282 623 3842 5087 0 1052 755 1551 675 461 462 544 439 799 806 579 1273 803 85 1057 1609 3663
765 3442 1263 739 937 5109 659 410 1060 881 1279 567 688 5216 944 3766 1650 1301 483 612 3281 4972 1052 0 656 2540 1664 631 793 686 770 699 707 841 475 428 1074 2046 2598 3102
1167 3277 965 161 1339 4944 316 637 763 1283 982 794 730 5051 882 3601 1353 1003 885 839 3115 4806 755 656 0 2243 1367 856 766 344 743 116 129 1099 877 655 777 1749 2301 2936
3051 4323 1413 2326 2947 4552 2005 2272 1866 2954 1418 2066 1914 4659 1833 3759 932 1474 2770 2111 4550 4415 1551 2540 2243 0 963 1949 1950 2032 1927 2286 2294 2067 2761 2291 1542 530 872 4503
2175 4495 537 1451 2071 4723 1129 1396 990 2078 542 1190 1038 4830 957 3931 56 598 1894 1235 4454 4586 675 1664 1367 963 0 1073 1074 1156 1051 1410 1418 1191 1885 1415 666 467 1016 4275
1142 3653 671 940 1038 5320 618 363 560 1045 688 157 188 5427 335 3977 1059 709 861 202 3491 5183 461 631 856 1949 1073 0 293 645 270 900 907 281 852 382 483 1454 2007 3313
1322 3832 831 1119 1217 5499 797 542 740 1225 847 336 368 5606 495 4156 1218 869 1040 381 3671 5362 620 810 1036 2108 1232 201 0 825 46 1079 1087 440 1032 561 642 1614 2166 3492
1197 3592 755 427 1369 5259 57 623 552 1313 771 671 519 5366 671 3916 1142 793 916 716 3431 5122 544 686 344 2032 1156 645 555 0 532 387 395 888 907 642 566 1538 2090 3252
1298 3809 807 1096 1194 5476 774 519 716 1201 824 313 344 5583 472 4133 1195 845 1017 358 3647 5339 597 787 1012 2085 1209 178 46 802 0 1056 1063 417 1008 538 619 1591 2143 3469
1210 3243 1009 204 1382 4910 360 680 806 1326 1025 838 773 5017 925 3567 1397 1047 929 882 3081 4773 799 699 116 2286 1410 900 810 387 786 0 96 1142 920 699 821 1792 2344 2903
1218 3257 1016 212 1390 4924 367 688 814 1334 1033 845 781 5031 933 3581 1404 1054 936 890 3095 4786 806 707 129 2294 1418 907 817 395 794 96 0 1150 928 706 828 1800 2352 2916
1023 3912 790 1199 919 5579 877 622 739 926 806 416 447 5686 454 4236 1178 828 742 460 3750 5441 579 841 1115 2067 1191 281 552 904 529 1158 1166 0 733 641 601 1573 2125 3572
432 3659 1479 956 604 5326 875 627 1277 548 1496 784 905 5433 1156 3983 1867 1517 38 829 3498 5189 1269 470 872 2757 1881 848 1010 903 987 916 923 729 0 645 1291 2263 2815 3319
1089 3599 1013 888 1261 5266 763 42 810 1205 1029 317 438 5373 694 3924 1400 1050 807 362 3438 5129 802 577 805 2290 1414 381 543 791 520 848 856 640 799 0 824 1796 2348 3259
1585 4026 264 861 1481 5215 539 806 400 1488 280 600 448 5322 367 4350 652 302 1304 645 3864 5077 85 1074 777 1542 666 483 484 566 461 821 828 601 1296 825 0 1047 1600 3685
2557 4061 918 1832 2453 4290 1510 1778 1372 2460 924 1572 1420 4397 1339 3498 436 979 2275 1616 4288 4153 1057 2046 1749 530 467 1454 1456 1538 1432 1792 1800 1573 2267 1796 1047 0 1038 4241
3109 4831 1471 2384 3005 5060 2063 2330 1924 3012 1476 2124 1972 5167 1891 4267 985 1532 2828 2169 5058 4923 1609 2598 2301 872 1016 2007 2008 2090 1985 2344 2352 2125 2819 2349 1600 1038 0 5011
3613 390 3874 3078 3785 2100 3224 3091 3671 3729 3890 3249 3370 2207 3626 757 4261 3912 3332 3294 228 1962 3663 3102 2936 4503 4275 3313 3475 3252 3452 2903 2916 3572 3323 3110 3685 4241 5011 0
EOF