NAME : tsp_problem
TYPE : TSP
DIMENSION : 28
EDGE_WEIGHT_TYPE : EXPLICIT
EDGE_WEIGHT_FORMAT : FULL_MATRIX
EDGE_WEIGHT_SECTION
0 609 793 1027 1513 783 714 1639 867 1548 278 1398 822 299 1596 1612 1132 1605 1666 1477 1523 1569 969 1623 1589 312 1077 1191
609 0 1101 934 1482 297 620 1821 1173 1517 647 1580 1128 668 1565 1794 583 1787 1635 1659 1705 1538 600 1592 1558 681 984 1098
793 1097 0 1516 832 1271 1202 927 155 867 814 686 110 836 915 900 1066 893 985 765 811 889 903 942 908 849 1566 1680
1027 934 1520 0 1900 1108 415 2239 1591 1935 1065 1999 1546 1087 1983 2213 1479 2205 2053 2077 2123 1957 1356 2010 1977 1100 589 703
1513 1482 832 1900 0 1656 1587 1111 843 323 1551 1251 798 1572 371 1427 1451 1442 441 1329 1375 345 1287 480 364 1585 1950 2064
783 297 1275 1108 1656 0 794 1995 1347 1691 821 1754 1302 842 1739 1968 842 1961 1809 1833 1879 1712 858 1766 1732 855 1158 1272
714 620 1206 415 1587 794 0 1926 1277 1622 751 1685 1233 773 1669 1899 1165 1892 1740 1763 1810 1643 1042 1697 1663 786 465 579
1633 1821 927 2239 1111 1995 1926 0 938 820 1654 706 893 1676 982 423 1790 439 887 347 393 956 1626 829 976 1689 2289 2403
867 1171 155 1589 843 1345 1276 938 0 878 888 697 57 909 926 911 1140 904 996 776 822 900 976 953 919 922 1639 1753
1548 1517 867 1935 323 1691 1622 820 878 0 1586 1286 834 1607 195 1136 1486 1152 151 1060 1106 168 1322 190 188 1620 1986 2099
278 647 814 1065 1551 821 751 1659 888 1586 0 1419 843 51 1633 1633 1170 1626 1704 1497 1543 1607 1006 1661 1627 62 1115 1229
1393 1580 686 1999 1251 1754 1685 706 697 1286 1413 0 653 1435 1333 311 1549 304 1404 484 530 1307 1386 1361 1327 1448 2049 2163
822 1126 110 1545 798 1300 1231 893 57 834 843 653 0 864 881 867 1095 859 951 731 777 855 931 908 875 877 1595 1709
299 668 836 1087 1572 842 773 1681 909 1607 51 1440 864 0 1655 1654 1192 1647 1725 1519 1565 1629 1028 1682 1649 47 1137 1251
1596 1565 915 1983 371 1739 1669 982 926 195 1633 1333 881 1655 0 1298 1534 1314 312 1222 1268 96 1370 352 76 1668 2033 2147
1607 1794 900 2213 1427 1968 1899 423 911 1136 1627 311 867 1649 1298 0 1763 99 1203 563 609 1272 1600 1145 1292 1662 2263 2377
1132 583 1070 1479 1451 842 1165 1790 1142 1486 1170 1549 1097 1192 1534 1763 0 1756 1604 1628 1674 1507 410 1561 1527 1205 1529 1643
1600 1787 893 2205 1442 1961 1892 439 904 1152 1620 304 859 1642 1314 99 1756 0 1218 579 625 1287 1592 1160 1307 1655 2255 2369
1666 1635 985 2053 441 1809 1740 887 996 151 1704 1404 951 1725 312 1203 1604 1218 0 1126 1172 286 1440 256 306 1738 2103 2217
1471 1659 765 2077 1329 1833 1763 347 776 1060 1492 484 731 1513 1222 563 1628 579 1126 0 79 1195 1464 1068 1215 1527 2127 2241
1518 1705 811 2123 1375 1879 1810 393 822 1106 1538 530 777 1560 1268 609 1674 625 1172 79 0 1242 1510 1115 1262 1573 2173 2287
1569 1538 889 1957 345 1712 1643 956 900 168 1607 1307 855 1629 96 1272 1507 1287 286 1195 1242 0 1344 325 103 1642 2007 2121
969 600 907 1356 1287 858 1042 1626 978 1322 1006 1386 933 1028 1370 1600 410 1592 1440 1464 1510 1344 0 1397 1363 1041 1406 1520
1623 1592 942 2010 480 1766 1697 829 953 190 1661 1361 908 1682 352 1145 1561 1160 256 1068 1115 325 1397 0 345 1695 2060 2174
1589 1558 908 1977 364 1732 1663 976 919 188 1627 1327 875 1649 76 1292 1527 1307 306 1215 1262 103 1363 345 0 1662 2027 2141
312 681 849 1100 1585 855 786 1694 922 1620 62 1453 877 47 1668 1667 1205 1660 1738 1532 1578 1642 1041 1695 1662 0 1150 1264
1077 984 1570 589 1950 1158 465 2289 1641 1986 1115 2049 1596 1137 2033 2263 1529 2255 2103 2127 2173 2007 1406 2060 2027 1150 0 218
1191 1098 1684 703 2064 1272 579 2403 1755 2099 1229 2163 1710 1251 2147 2377 1643 2369 2217 2241 2287 2121 1520 2174 2141 1264 218 0
EOF