NAME : tsp_problem
TYPE : TSP
DIMENSION : 50
EDGE_WEIGHT_TYPE : EXPLICIT
EDGE_WEIGHT_FORMAT : FULL_MATRIX
EDGE_WEIGHT_SECTION
0 1024 1380 1643 1768 64 594 1505 839 1267 1571 574 954 1338 1242 563 1474 1018 396 29 924 798 1311 860 77 1449 309 68 1284 1242 1240 73 1291 1255 1108 1206 1574 1241 1769 1506 1269 1255 1469 82 797 817 48 988 1267 117
1024 0 1743 966 1847 1007 1245 1868 246 1346 1651 1225 1316 573 462 1214 1836 1150 1048 1042 607 325 531 543 994 1812 960 1003 504 462 923 998 609 573 1188 523 1653 559 952 1051 490 573 1013 990 1160 1180 1022 1350 585 955
1380 1743 0 2362 1679 1363 1320 229 1557 1741 1482 1300 1118 2057 1960 1289 198 1182 1404 1399 1642 1517 2029 1578 1351 129 1316 1359 2002 1960 1958 1354 2010 1974 1707 1924 1485 1960 2488 2225 1988 1974 2187 1346 667 687 1379 1152 1986 1311
1643 966 2362 0 1463 1627 1865 2487 1137 962 1266 1844 1700 1063 952 1834 2456 1520 1667 1662 887 1136 1021 919 1614 2431 1579 1622 994 952 521 1617 1144 1227 804 1177 1269 1167 196 568 980 1181 531 1609 1779 1799 1642 1734 1370 1574
1751 1843 1503 1463 0 1734 1696 1629 1658 725 288 1676 1494 2157 2061 1665 1597 1511 1775 1769 1407 1628 2130 1336 1721 1573 1687 1730 2103 2061 1112 1725 2111 2075 691 2025 291 2061 1629 1386 2089 2074 1348 1717 1044 1063 1749 1528 2086 1682
64 1007 1363 1627 1751 0 577 1488 822 1250 1554 557 937 1321 1225 546 1457 1001 380 46 907 782 1294 843 35 1433 292 85 1267 1225 1223 90 1275 1239 1092 1189 1557 1225 1753 1490 1253 1239 1452 39 780 800 65 971 1250 75
594 1245 1320 1865 1989 577 0 1445 1060 1488 1792 49 956 1560 1463 81 1414 1020 410 613 1145 1020 1532 1081 565 1389 390 573 1505 1463 1461 568 1513 1477 1330 1427 1795 1463 1991 1728 1491 1477 1690 560 737 757 593 991 1489 525
1505 1868 229 2487 1804 1488 1445 0 1682 1866 1607 1425 1243 2182 2085 1414 43 1307 1529 1524 1767 1642 2154 1704 1476 168 1441 1484 2127 2085 2083 1479 2135 2099 1832 2049 1610 2085 2613 2350 2113 2099 2312 1471 792 812 1504 1277 2111 1436
839 246 1557 1137 1662 822 1060 1682 0 1161 1465 1040 1131 575 464 1029 1651 965 862 857 422 140 533 358 809 1627 775 818 506 464 738 813 598 562 1003 512 1468 548 1123 1005 492 562 967 804 974 994 837 1165 574 770
1273 1346 1980 962 725 1257 1495 2105 1161 0 528 1474 1214 1660 1564 1464 2074 1034 1297 1292 906 1151 1633 859 1244 2049 1209 1252 1606 1564 611 1247 1613 1577 190 1528 531 1564 1128 885 1591 1577 847 1239 1409 1429 1272 1248 1589 1204
1554 1646 1602 1266 288 1537 1775 1727 1461 528 0 1755 1494 1960 1864 1745 1696 1314 1578 1573 1210 1432 1933 1140 1525 1671 1490 1533 1906 1864 915 1528 1914 1878 494 1828 53 1864 1432 1189 1892 1878 1151 1520 1142 1162 1553 1528 1889 1485
574 1225 1300 1844 1969 557 49 1425 1040 1468 1772 0 936 1539 1443 60 1393 1000 390 592 1125 999 1512 1061 544 1369 369 552 1485 1443 1441 547 1492 1456 1309 1406 1775 1442 1970 1707 1470 1456 1670 539 717 737 572 970 1468 504
954 1316 1118 1705 1704 937 956 1243 1131 1203 1507 936 0 1630 1534 925 1212 338 977 972 906 1091 1603 823 924 1187 890 932 1576 1534 1302 927 1584 1548 1044 1498 1510 1534 1831 1568 1562 1548 1531 919 535 555 952 62 1559 885
1338 573 2057 1063 2162 1321 1560 2182 575 1660 1965 1539 1630 0 182 1529 2150 1464 1362 1357 921 639 149 857 1309 2126 1274 1317 224 182 1237 1312 175 257 1502 208 1968 198 1049 1148 209 211 1110 1304 1474 1494 1337 1665 401 1269
1242 462 1960 952 2065 1225 1463 2085 464 1564 1868 1443 1534 182 0 1432 2054 1368 1265 1260 825 543 139 761 1212 2029 1178 1220 77 42 1141 1215 263 345 1406 295 1871 285 938 1037 62 299 999 1207 1377 1397 1240 1568 488 1172
563 1214 1289 1834 1958 546 81 1414 1029 1457 1762 60 925 1529 1432 0 1383 989 379 582 1114 989 1501 1050 534 1358 359 542 1474 1432 1430 537 1482 1446 1299 1396 1764 1432 1960 1697 1460 1446 1659 529 706 726 562 960 1458 494
1474 1836 198 2456 1773 1457 1414 43 1651 1835 1576 1393 1212 2150 2054 1383 0 1276 1498 1492 1736 1611 2123 1672 1444 136 1410 1453 2096 2054 2052 1448 2104 2068 1801 2018 1579 2054 2582 2319 2082 2068 2281 1440 761 781 1472 1246 2080 1405
1018 1150 1182 1525 1524 1001 1020 1307 965 1023 1327 1000 338 1464 1368 989 1276 0 1041 1036 726 936 1437 644 988 1251 954 996 1410 1368 1122 991 1418 1382 865 1332 1330 1368 1652 1389 1396 1382 1351 983 599 619 1016 373 1393 948
396 1048 1404 1667 1792 380 410 1529 862 1291 1595 390 977 1362 1265 379 1498 1041 0 415 948 822 1335 884 367 1473 98 375 1307 1266 1263 370 1315 1279 1132 1229 1598 1265 1793 1530 1293 1279 1492 362 821 841 395 1012 1291 327
29 1042 1399 1662 1786 46 613 1524 857 1285 1590 592 972 1357 1260 582 1492 1036 415 0 942 817 1329 878 59 1468 327 50 1302 1260 1258 55 1310 1274 1127 1224 1592 1260 1788 1525 1288 1274 1487 64 816 836 30 1007 1286 99
924 607 1642 887 1408 907 1145 1767 422 907 1211 1125 906 921 825 1114 1736 726 948 942 0 417 894 171 894 1712 860 903 867 825 483 898 875 839 748 789 1214 825 1013 750 853 839 712 889 1060 1079 922 940 850 855
799 325 1517 1136 1657 782 1020 1642 140 1156 1460 1000 1091 639 543 989 1611 938 822 817 417 0 612 353 769 1586 735 777 585 543 732 772 593 557 997 507 1463 543 1202 999 571 557 962 764 934 954 797 1125 568 730
1311 531 2029 1021 2134 1294 1532 2154 533 1633 1937 1512 1603 149 139 1501 2123 1437 1335 1329 894 612 0 830 1281 2099 1247 1290 182 140 1210 1285 230 312 1475 262 1940 252 1007 1106 167 266 1068 1276 1447 1466 1309 1637 455 1242
860 543 1578 919 1366 843 1081 1704 358 865 1169 1061 823 857 761 1050 1672 644 884 878 171 353 830 0 830 1648 796 839 803 761 515 834 811 775 707 725 1172 761 1045 782 789 775 744 826 996 1016 858 858 787 791
77 994 1351 1614 1738 35 565 1476 809 1237 1542 544 924 1309 1212 534 1444 988 367 59 894 769 1281 830 0 1420 279 98 1254 1212 1210 103 1262 1226 1079 1176 1544 1212 1740 1477 1240 1226 1439 52 768 788 78 959 1238 88
1449 1812 129 2431 1749 1433 1389 168 1627 1810 1552 1369 1187 2126 2029 1358 136 1251 1473 1468 1712 1586 2099 1648 1420 0 1385 1428 2072 2030 2028 1423 2079 2043 1777 1993 1555 2029 2557 2294 2057 2043 2257 1415 737 757 1448 1221 2055 1380
309 960 1316 1579 1704 292 390 1441 775 1203 1507 369 890 1274 1178 359 1410 954 98 327 860 734 1247 796 279 1385 0 287 1220 1178 1176 282 1227 1191 1044 1141 1510 1177 1705 1442 1205 1191 1405 274 733 753 307 924 1203 239
68 1003 1359 1622 1747 85 573 1484 818 1246 1550 552 932 1317 1220 542 1453 996 375 50 903 777 1290 839 98 1428 287 0 1263 1221 1219 94 1270 1234 1087 1184 1553 1220 1748 1485 1248 1234 1448 103 776 796 69 967 1246 126
1284 504 2002 994 2107 1267 1505 2127 506 1606 1910 1485 1576 224 77 1474 2096 1410 1307 1302 867 585 182 803 1254 2072 1220 1263 0 55 1183 1257 305 387 1448 337 1913 327 980 1079 71 341 1041 1249 1419 1439 1282 1610 530 1215
1242 462 1960 952 2065 1225 1463 2085 464 1564 1868 1443 1534 182 42 1432 2054 1368 1266 1260 825 543 140 761 1212 2030 1178 1221 55 0 1141 1216 263 345 1406 295 1871 285 938 1037 41 299 999 1208 1378 1397 1240 1568 488 1173
1240 923 1958 521 1112 1223 1461 2083 738 611 915 1441 1296 1237 1141 1430 2052 1116 1263 1258 483 732 1210 515 1210 2028 1176 1219 1183 1141 0 1213 1191 1155 452 1105 918 1141 686 462 1168 1154 424 1205 1375 1395 1238 1331 1166 1171
73 998 1354 1617 1742 90 568 1479 813 1241 1545 547 927 1312 1215 537 1448 991 370 55 898 772 1285 834 103 1423 282 94 1257 1216 1213 0 1265 1229 1082 1179 1548 1215 1743 1480 1243 1229 1442 108 771 791 74 962 1241 121
1291 609 2010 1144 2115 1275 1513 2135 598 1614 1918 1492 1584 175 263 1482 2104 1418 1315 1310 875 593 230 811 1262 2079 1227 1270 305 263 1191 1265 0 211 1455 161 1921 151 1130 1229 290 165 1191 1257 1427 1447 1290 1618 354 1222
1255 573 1974 1227 2079 1239 1477 2099 562 1578 1882 1456 1548 257 345 1446 2068 1382 1279 1274 839 557 312 775 1226 2043 1191 1234 387 345 1155 1229 211 0 1419 125 1885 161 1212 1311 373 175 1274 1221 1391 1411 1254 1582 318 1186
1115 1188 1834 804 691 1098 1337 1959 1002 190 494 1316 1055 1502 1405 1306 1927 875 1139 1134 748 993 1474 701 1086 1903 1051 1094 1447 1405 452 1089 1455 1419 0 1369 497 1405 969 726 1433 1419 689 1081 1251 1271 1114 1089 1431 1046
1206 523 1924 1177 2029 1189 1427 2049 512 1528 1832 1406 1498 208 295 1396 2018 1332 1229 1224 789 507 262 725 1176 1993 1141 1184 337 295 1105 1179 161 125 1370 0 1835 111 1162 1261 323 125 1224 1171 1341 1361 1204 1532 268 1136
1557 1649 1605 1269 291 1540 1778 1730 1464 531 53 1758 1497 1963 1867 1747 1699 1317 1581 1575 1213 1434 1936 1142 1527 1674 1493 1536 1909 1867 918 1531 1916 1880 497 1831 0 1866 1435 1192 1894 1880 1154 1523 1145 1165 1555 1531 1892 1488
1241 559 1960 1167 2065 1225 1463 2085 548 1564 1868 1442 1534 198 285 1432 2054 1368 1265 1260 825 543 252 761 1212 2029 1177 1220 327 285 1141 1215 151 161 1405 111 1871 0 1152 1251 313 78 1214 1207 1377 1397 1240 1568 304 1172
1769 952 2488 196 1629 1753 1991 2613 1123 1128 1432 1970 1826 1049 938 1960 2582 1646 1793 1788 1013 1202 1007 1045 1740 2557 1705 1748 980 938 686 1743 1130 1212 969 1162 1435 1152 0 554 965 1166 516 1735 1905 1925 1768 1860 1355 1700
1506 1051 2225 568 1386 1490 1728 2350 1005 885 1189 1707 1563 1148 1037 1697 2319 1383 1530 1525 750 999 1106 782 1477 2294 1442 1485 1079 1037 462 1480 1229 1311 726 1261 1192 1251 554 0 1065 1265 59 1472 1642 1662 1505 1597 1433 1437
1269 490 1988 980 2093 1253 1491 2113 492 1592 1896 1470 1562 209 62 1460 2082 1396 1293 1288 853 571 167 789 1240 2057 1205 1248 71 41 1168 1243 290 373 1433 323 1899 313 965 1065 0 327 1027 1235 1405 1425 1268 1596 516 1200
1255 573 1974 1181 2079 1239 1477 2099 562 1578 1882 1456 1548 211 299 1446 2068 1382 1279 1274 839 557 266 775 1226 2043 1191 1234 341 299 1154 1229 165 175 1419 125 1885 78 1166 1265 327 0 1228 1221 1391 1411 1254 1582 318 1186
1469 1013 2187 531 1348 1452 1690 2312 967 847 1151 1670 1525 1110 999 1659 2281 1345 1492 1487 712 962 1068 744 1439 2257 1405 1448 1041 999 424 1442 1191 1274 689 1224 1154 1214 516 59 1027 1228 0 1434 1604 1624 1467 1560 1395 1400
82 990 1346 1609 1734 39 560 1471 804 1232 1537 539 919 1304 1207 529 1440 983 362 64 889 764 1276 826 52 1415 274 103 1249 1208 1205 108 1257 1221 1074 1171 1540 1207 1735 1472 1235 1221 1434 0 763 783 83 954 1233 92
797 1160 667 1779 1354 780 737 792 974 1403 1157 717 535 1474 1377 706 761 599 821 816 1060 934 1447 996 768 737 733 776 1419 1378 1375 771 1427 1391 1244 1341 1160 1377 1905 1642 1405 1391 1604 763 0 64 796 569 1403 728
817 1180 687 1799 1374 800 757 812 994 1422 1177 737 555 1494 1397 726 781 619 841 836 1079 954 1466 1016 788 757 753 796 1439 1397 1395 791 1447 1411 1264 1361 1180 1397 1925 1662 1425 1411 1624 783 64 0 816 589 1423 748
48 1022 1379 1642 1766 65 593 1504 837 1265 1570 572 952 1337 1240 562 1472 1016 395 30 922 797 1309 858 78 1448 307 69 1282 1240 1238 74 1290 1254 1107 1204 1572 1240 1768 1505 1268 1254 1467 83 796 816 0 987 1266 118
988 1350 1152 1740 1738 971 991 1277 1165 1237 1541 970 62 1665 1568 960 1246 373 1012 1007 940 1125 1637 858 959 1221 924 967 1610 1568 1336 962 1618 1582 1079 1532 1544 1568 1866 1603 1596 1582 1565 954 569 589 987 0 1594 919
1267 585 1986 1370 2091 1250 1489 2111 574 1590 1894 1468 1559 401 488 1458 2080 1393 1291 1286 850 568 455 787 1238 2055 1203 1246 530 488 1166 1241 354 318 1431 268 1897 304 1355 1433 516 318 1395 1233 1403 1423 1266 1594 0 1198
117 955 1311 1574 1699 75 525 1436 770 1198 1502 504 885 1269 1172 494 1405 948 327 99 855 729 1242 791 88 1380 239 126 1215 1173 1171 121 1222 1186 1039 1136 1505 1172 1700 1437 1200 1186 1400 92 728 748 118 919 1198 0
EOF