NAME : tsp_problem
TYPE : TSP
DIMENSION : 68
EDGE_WEIGHT_TYPE : EXPLICIT
EDGE_WEIGHT_FORMAT : FULL_MATRIX
EDGE_WEIGHT_SECTION
0 1265 1391 1033 885 1243 416 735 977 836 1378 843 374 1342 325 497 1202 1314 1403 430 711 780 1380 438 415 321 1413 1379 601 722 487 1351 432 425 836 1573 861 438 399 285 362 960 1281 1222 315 1354 664 1092 408 1286 1220 993 951 716 1329 407 299 941 1334 1325 778 391 1088 1367 806 709 457 285
1265 0 154 376 1378 1075 1258 970 808 1444 141 1078 1234 151 1275 799 90 123 166 1244 945 996 2203 1248 1235 1278 177 142 1697 1174 837 159 1268 1262 1932 1405 1095 1280 1224 1314 1458 792 1112 67 1056 117 1591 195 1254 95 69 295 352 1167 138 1229 1075 943 143 134 1464 1245 1911 176 1534 944 1553 1011
1391 154 0 501 1503 1200 1383 1095 934 1569 42 1203 1359 112 1400 924 215 110 67 1369 1071 1122 2328 1374 1360 1403 76 42 1822 1299 962 108 1393 1388 2057 1530 1221 1405 1350 1439 1583 917 1237 192 1182 58 1716 321 1380 180 194 420 477 1292 104 1355 1200 1068 125 132 1589 1370 2036 90 1659 1070 1679 1136
1033 376 501 0 1145 842 1026 687 576 1212 488 731 1001 452 1043 567 313 424 513 1012 713 646 1971 1016 1003 1046 524 489 1465 942 605 461 1036 1030 1699 1173 749 1047 992 1082 1226 559 880 332 824 464 1358 203 1022 396 330 103 120 935 439 997 842 592 444 435 1232 1013 1679 478 1301 705 1321 779
885 1378 1503 1145 0 1355 849 847 1089 178 1490 955 807 1454 758 609 1314 1426 1515 862 823 892 873 871 847 754 1526 1491 370 305 599 1463 864 857 603 1686 973 870 832 718 564 1072 1393 1334 717 1466 261 1204 840 1398 1332 1105 1063 257 1441 840 735 1053 1446 1437 198 824 581 1480 253 821 470 672
1243 1075 1200 842 1355 0 1236 948 386 1422 1187 1056 1211 1151 1253 777 1011 1123 1212 1222 923 993 2181 1226 1213 1256 1223 1188 1675 1152 815 1160 1246 1240 1909 378 1073 1257 1202 1292 1436 322 195 1031 1034 1163 1568 901 1232 1095 1029 802 760 1145 1138 1207 1052 1153 1143 1134 1442 1223 1889 1177 1511 922 1531 989
416 1258 1383 1026 849 1236 0 728 970 800 1371 836 338 1335 289 489 1195 1307 1396 393 703 773 1344 402 378 285 1406 1372 564 715 480 1343 395 388 799 1566 853 401 362 249 326 953 1274 1215 308 1347 628 1085 371 1278 1213 986 944 708 1321 371 292 933 1327 1318 742 355 1052 1360 769 702 421 278
735 970 1095 688 847 948 728 0 681 914 1082 143 703 1046 744 268 907 1019 1108 714 166 80 1672 718 704 747 1118 1083 1166 644 306 1055 738 732 1401 1278 161 749 694 784 928 665 985 926 526 1058 1060 797 724 990 925 697 655 637 1033 699 544 241 1038 1029 933 714 1380 1072 1003 117 1023 480
977 808 934 576 1089 386 970 681 0 1156 921 790 945 885 986 511 745 857 946 956 657 727 1915 960 946 990 957 922 1409 886 549 894 980 974 1643 716 807 991 936 1026 1170 141 424 765 768 897 1302 635 966 829 763 536 494 879 872 941 786 887 877 868 1176 956 1622 910 1245 656 1265 723
836 1444 1569 1212 178 1422 800 914 1156 0 1557 1022 758 1521 709 675 1381 1493 1582 813 889 959 824 822 798 705 1592 1558 321 372 666 1529 815 808 554 1752 1039 821 783 669 515 1139 1459 1401 783 1533 211 1271 791 1464 1399 1171 1129 323 1507 791 802 1119 1512 1504 177 775 532 1546 204 888 421 738
1378 141 42 488 1490 1187 1371 1082 921 1557 0 1191 1346 123 1387 912 203 98 54 1357 1058 1109 2316 1361 1347 1391 64 30 1810 1287 950 118 1381 1375 2044 1517 1208 1392 1337 1427 1571 904 1225 179 1169 46 1703 308 1367 190 182 407 465 1280 92 1342 1187 1055 135 142 1577 1357 2023 100 1646 1057 1666 1124
843 1078 1203 732 955 1056 836 143 790 1022 1191 0 811 1154 852 376 1015 1127 1216 822 210 125 1781 826 812 855 1226 1192 1274 752 415 1163 846 840 1509 1386 47 857 802 892 1036 773 1093 1034 634 1166 1168 905 832 1098 1033 805 763 745 1141 807 652 285 1146 1138 1042 822 1488 1180 1111 161 1131 588
374 1234 1359 1001 807 1211 338 703 945 758 1346 811 0 1310 247 465 1170 1282 1371 351 679 748 1302 360 337 243 1382 1347 523 691 455 1319 353 347 757 1542 829 359 321 207 284 928 1249 1190 283 1322 586 1060 329 1254 1188 961 919 684 1297 329 267 909 1302 1293 700 313 1010 1336 727 677 379 253
1342 151 112 452 1454 1151 1335 1046 885 1521 123 1154 1310 0 1351 875 167 196 104 1321 1022 1073 2280 1325 1311 1354 93 118 1773 1251 914 78 1345 1339 2008 1481 1172 1356 1301 1391 1535 868 1189 143 1133 145 1667 272 1331 86 146 371 429 1244 191 1306 1151 1019 95 102 1541 1321 1987 60 1610 1021 1630 1087
325 1275 1400 1043 758 1253 289 744 986 709 1387 852 247 1351 0 506 1212 1324 1413 302 720 789 1253 311 288 194 1423 1388 474 732 497 1360 304 298 709 1583 870 310 272 158 235 970 1290 1231 324 1363 537 1102 280 1295 1230 1002 960 725 1338 280 309 950 1343 1334 651 264 961 1377 678 719 330 294
497 799 924 567 609 777 489 268 511 675 912 376 465 875 506 0 736 848 937 475 244 314 1434 479 466 509 947 913 928 405 102 884 499 493 1163 1107 394 511 455 545 689 494 814 755 288 887 822 626 485 819 754 526 484 398 862 460 306 474 867 859 695 476 1142 901 765 243 785 242
1202 90 215 313 1314 1011 1195 907 745 1381 203 1015 1170 167 1212 736 0 139 228 1181 882 933 2140 1185 1172 1215 238 204 1634 1111 774 175 1205 1199 1869 1342 1032 1217 1161 1251 1395 729 1049 82 993 179 1528 132 1191 110 85 232 289 1104 153 1166 1012 880 158 150 1401 1182 1848 192 1471 881 1490 948
1314 123 110 424 1426 1123 1307 1019 857 1493 98 1127 1282 196 1324 848 139 0 123 1293 994 1045 2252 1297 1284 1327 133 98 1746 1223 886 192 1317 1311 1980 1454 1144 1328 1273 1363 1507 840 1161 116 1105 73 1639 244 1303 143 118 343 401 1216 113 1278 1123 991 191 183 1513 1293 1960 174 1582 993 1602 1060
1403 166 67 513 1515 1212 1396 1108 946 1582 54 1216 1371 104 1413 937 228 123 0 1382 1083 1134 2341 1386 1373 1416 67 55 1835 1312 975 99 1406 1400 2069 1543 1233 1417 1362 1452 1596 929 1250 205 1194 71 1728 333 1392 171 207 432 490 1305 117 1367 1212 1080 116 123 1602 1382 2049 81 1671 1082 1691 1149
430 1244 1369 1012 862 1222 393 714 956 813 1357 822 351 1321 302 475 1181 1293 1382 0 689 759 1357 415 392 298 1392 1358 578 701 466 1329 409 402 813 1552 839 415 376 262 339 939 1259 1201 294 1333 641 1071 385 1264 1199 971 929 694 1307 384 278 919 1312 1304 756 368 1065 1346 783 688 434 264
711 945 1071 713 823 923 703 166 657 889 1058 210 679 1022 720 244 882 994 1083 689 0 147 1648 693 680 723 1094 1059 1142 619 282 1031 713 707 1377 1254 227 725 669 759 903 640 961 902 501 1034 1036 772 699 966 900 673 631 612 1009 674 520 307 1014 1005 909 690 1356 1048 979 178 999 456
780 997 1122 647 892 993 773 80 727 959 1110 125 748 1073 789 314 934 1046 1135 759 147 0 1718 763 750 793 1145 1111 1212 689 352 1082 783 777 1446 1323 142 794 739 829 973 710 1030 953 571 1086 1105 824 769 1017 952 724 700 682 1060 744 589 200 1065 1057 979 759 1425 1099 1048 98 1068 526
1683 2505 2631 2273 1175 2483 1646 1975 2217 1126 2618 2083 1604 2582 1556 1737 2442 2554 2643 1660 1951 2020 0 1668 1645 1551 2653 2619 1167 1433 1727 2590 1662 1655 986 2813 2101 1668 1629 1515 1362 2200 2521 2462 1828 2594 1058 2332 1638 2526 2460 2233 2191 1385 2569 1637 1780 2181 2574 2565 1068 1621 636 2607 1095 1949 1268 1798
438 1248 1374 1016 871 1226 402 718 960 822 1361 826 360 1325 311 479 1185 1297 1386 415 693 763 1366 0 400 307 1396 1362 586 705 470 1333 417 410 821 1556 843 423 384 271 348 943 1264 1205 298 1337 650 1075 393 1268 1203 976 934 698 1312 393 282 924 1317 1308 764 377 1074 1350 791 692 443 268
415 1235 1360 1003 847 1213 378 704 946 798 1347 812 337 1311 288 466 1172 1284 1373 392 680 750 1343 400 0 283 1383 1348 563 692 457 1320 394 387 798 1543 830 400 361 247 324 930 1250 1191 284 1323 627 1062 370 1255 1190 962 920 685 1298 370 269 910 1303 1294 741 354 1050 1337 768 679 420 255
321 1278 1403 1046 754 1256 285 747 990 705 1391 855 243 1354 194 509 1215 1327 1416 298 723 793 1249 307 283 0 1426 1392 469 735 500 1363 300 293 704 1586 873 306 267 154 231 973 1293 1234 327 1366 533 1105 276 1298 1233 1005 963 728 1341 276 312 953 1346 1337 647 260 957 1380 674 722 326 298
1413 177 76 524 1526 1223 1406 1118 957 1592 64 1226 1382 93 1423 947 238 133 67 1392 1094 1144 2351 1396 1383 1426 0 65 1845 1322 985 88 1416 1410 2080 1553 1244 1428 1372 1462 1606 940 1260 215 1204 81 1739 343 1402 160 217 443 500 1315 127 1377 1223 1091 106 112 1612 1393 2059 70 1682 1092 1702 1159
1379 142 42 489 1491 1188 1372 1083 922 1558 30 1192 1347 118 1388 913 204 98 55 1358 1059 1110 2317 1362 1348 1392 65 0 1811 1288 951 113 1382 1376 2045 1518 1209 1393 1338 1428 1572 905 1226 180 1170 47 1704 309 1368 185 183 408 466 1281 93 1343 1188 1056 131 137 1578 1358 2024 95 1647 1058 1667 1125
601 1697 1822 1465 370 1675 564 1166 1409 321 1810 1274 523 1773 474 928 1634 1746 1835 578 1142 1212 865 586 563 469 1845 1811 0 628 919 1782 580 573 320 2005 1292 586 547 434 280 1392 1712 1653 746 1785 149 1524 556 1717 1652 1424 1382 579 1760 556 698 1372 1765 1757 263 540 573 1799 290 1141 186 717
722 1174 1299 942 305 1152 715 644 886 372 1287 752 691 1251 732 405 1111 1223 1312 701 619 689 1131 705 692 735 1322 1288 628 0 396 1259 725 719 862 1482 769 737 681 771 822 869 1189 1131 513 1263 519 1001 711 1194 1129 901 859 101 1237 686 532 849 1242 1234 392 702 839 1276 462 618 728 468
487 837 962 605 599 815 480 306 549 666 950 415 455 914 497 102 774 886 975 466 282 352 1425 470 457 500 985 951 919 396 0 922 490 484 1154 1145 432 502 446 536 680 532 852 793 278 926 813 664 476 857 792 564 522 389 900 451 297 512 905 897 686 467 1133 939 755 281 775 233
1351 159 108 461 1463 1160 1343 1055 894 1529 118 1163 1319 78 1360 884 175 192 99 1329 1031 1081 2288 1333 1320 1363 88 113 1782 1259 922 0 1353 1347 2017 1490 1181 1365 1309 1399 1543 877 1197 152 1141 140 1676 280 1339 94 154 380 437 1252 186 1314 1160 1028 91 97 1549 1330 1996 55 1619 1029 1639 1096
432 1268 1393 1036 864 1246 395 738 980 815 1381 846 353 1345 304 499 1205 1317 1406 409 713 783 1359 417 394 300 1416 1382 580 725 490 1353 0 404 815 1576 863 417 378 264 341 963 1284 1225 318 1357 643 1095 387 1288 1223 996 954 718 1331 386 302 943 1336 1328 758 370 1067 1370 785 712 436 288
425 1262 1388 1030 857 1240 388 732 974 808 1375 840 347 1339 298 493 1199 1311 1400 402 707 777 1352 410 387 293 1410 1376 573 719 484 1347 404 0 808 1570 857 410 371 257 334 957 1278 1219 312 1351 636 1089 380 1282 1217 990 948 712 1325 380 296 938 1331 1322 751 364 1060 1364 778 706 430 282
836 1932 2057 1699 603 1909 799 1401 1643 554 2044 1509 757 2008 709 1163 1869 1980 2069 813 1377 1446 684 821 798 704 2080 2045 320 862 1154 2017 815 808 0 2240 1527 821 782 668 515 1627 1947 1888 981 2020 384 1759 791 1952 1886 1659 1617 813 1995 790 933 1607 2000 1991 497 774 391 2034 524 1376 421 951
1573 1405 1530 1173 1686 378 1566 1278 716 1752 1517 1386 1542 1481 1583 1107 1342 1454 1543 1552 1254 1323 2511 1556 1543 1586 1553 1518 2005 1482 1145 1490 1576 1570 2240 0 1404 1588 1532 1622 1766 652 453 1361 1364 1493 1899 1232 1562 1425 1360 1132 1090 1475 1468 1537 1383 1484 1473 1464 1772 1553 2219 1507 1842 1252 1861 1319
861 1095 1221 749 973 1073 853 161 807 1039 1208 47 829 1172 870 394 1032 1144 1233 839 227 142 1798 843 830 873 1244 1209 1292 769 432 1181 863 857 1527 1404 0 875 819 909 1053 790 1111 1052 652 1184 1186 922 849 1116 1050 823 781 762 1159 824 670 303 1164 1155 1059 840 1506 1198 1129 179 1149 606
438 1280 1405 1047 870 1257 401 749 991 821 1392 857 359 1356 310 511 1217 1328 1417 415 725 794 1365 423 400 306 1428 1393 586 737 502 1365 417 410 821 1588 875 0 384 270 347 975 1295 1236 329 1368 649 1107 393 1300 1234 1007 965 730 1343 392 314 955 1348 1339 764 376 1073 1382 791 724 442 299
399 1224 1350 992 832 1202 362 694 936 783 1337 802 321 1301 272 455 1161 1273 1362 376 669 739 1327 384 361 267 1372 1338 547 681 446 1309 378 371 782 1532 819 384 0 232 308 919 1240 1181 274 1313 611 1051 354 1244 1179 952 910 674 1287 354 258 900 1293 1284 725 338 1034 1326 752 668 404 244
285 1314 1439 1082 718 1292 249 784 1026 669 1427 892 207 1391 158 545 1251 1363 1452 262 759 829 1213 271 247 154 1462 1428 434 771 536 1399 264 257 668 1622 909 270 232 0 195 1009 1329 1271 364 1403 497 1141 240 1334 1269 1041 999 764 1377 240 348 989 1382 1374 611 224 921 1416 638 758 290 334
362 1458 1583 1226 564 1436 326 928 1170 515 1571 1036 284 1535 235 689 1395 1507 1596 339 903 973 1059 348 324 231 1606 1572 280 822 680 1543 341 334 515 1766 1053 347 308 195 0 1153 1473 1415 508 1547 343 1285 317 1478 1413 1186 1143 774 1521 317 459 1133 1526 1518 458 301 767 1560 485 902 291 478
960 792 917 559 1072 322 953 665 141 1139 904 773 928 868 970 494 729 840 929 939 640 710 1898 943 930 973 940 905 1392 869 532 877 963 957 1627 652 790 975 919 1009 1153 0 360 748 751 880 1286 619 949 812 746 519 477 862 855 924 770 871 860 851 1159 940 1606 894 1228 639 1248 706
1281 1112 1237 880 1393 195 1274 985 424 1459 1225 1093 1249 1189 1290 814 1049 1161 1250 1259 961 1030 2218 1264 1250 1293 1260 1226 1712 1189 852 1197 1284 1278 1947 453 1111 1295 1240 1329 1473 360 0 1069 1072 1201 1606 939 1270 1132 1067 840 798 1182 1175 1245 1090 1191 1181 1172 1479 1260 1926 1214 1549 960 1569 1026
1222 67 192 332 1334 1031 1215 926 765 1401 179 1034 1190 143 1231 755 82 116 205 1201 902 953 2159 1205 1191 1234 215 180 1653 1131 793 152 1225 1219 1888 1361 1052 1236 1181 1271 1415 748 1069 0 1013 155 1547 152 1211 87 62 251 309 1124 130 1186 1031 899 135 126 1420 1201 1867 169 1490 901 1510 967
315 1056 1182 824 717 1034 308 526 768 783 1169 634 283 1133 324 288 993 1105 1194 294 501 571 1526 298 284 327 1204 1170 746 513 278 1141 318 312 981 1364 652 329 274 364 508 751 1072 1013 0 1145 810 883 304 1077 1011 784 742 506 1120 279 124 732 1125 1116 803 294 1234 1158 873 500 603 76
1354 117 58 464 1466 1163 1347 1058 897 1533 46 1166 1322 145 1363 887 179 73 71 1333 1034 1085 2292 1337 1323 1366 81 47 1785 1263 926 140 1357 1351 2020 1493 1184 1368 1313 1403 1547 880 1201 155 1145 0 1679 284 1343 183 158 383 441 1256 68 1318 1163 1031 157 164 1553 1333 1999 122 1622 1033 1642 1099
664 1591 1716 1358 261 1568 628 1060 1302 211 1703 1168 586 1667 537 822 1528 1639 1728 641 1036 1105 756 650 627 533 1739 1704 149 519 813 1676 643 636 384 1899 1186 649 611 497 343 1286 1606 1547 810 1679 0 1418 619 1611 1545 1318 1276 470 1654 619 761 1266 1659 1650 154 603 463 1693 181 1035 249 780
1092 195 321 203 1204 901 1085 797 635 1271 308 905 1060 272 1102 626 132 244 333 1071 772 823 2030 1075 1062 1105 343 309 1524 1001 664 280 1095 1089 1759 1232 922 1107 1051 1141 1285 619 939 152 883 284 1418 0 1081 216 150 162 179 994 259 1056 902 770 264 255 1291 1072 1738 297 1361 771 1380 838
408 1254 1380 1022 840 1232 371 724 966 791 1367 832 329 1331 280 485 1191 1303 1392 385 699 769 1335 393 370 276 1402 1368 556 711 476 1339 387 380 791 1562 849 393 354 240 317 949 1270 1211 304 1343 619 1081 0 1275 1209 982 940 704 1318 362 288 930 1323 1314 734 346 1043 1356 761 698 412 274
1286 95 180 396 1398 1095 1278 990 829 1464 190 1098 1254 86 1295 819 110 143 171 1264 966 1016 2223 1268 1255 1298 160 185 1717 1194 857 94 1288 1282 1952 1425 1116 1300 1244 1334 1478 812 1132 87 1077 183 1611 216 1275 0 89 315 372 1187 158 1250 1095 963 78 69 1484 1265 1931 111 1554 964 1574 1031
1220 69 194 330 1332 1029 1213 925 763 1399 182 1033 1188 146 1230 754 85 118 207 1199 900 951 2158 1203 1190 1233 217 183 1652 1129 792 154 1223 1217 1886 1360 1050 1234 1179 1269 1413 746 1067 62 1011 158 1545 150 1209 89 0 249 307 1122 132 1184 1029 897 137 129 1419 1199 1865 171 1488 899 1508 966
993 295 420 103 1105 802 986 697 536 1171 407 805 961 371 1002 526 232 343 432 971 673 724 1930 976 962 1005 443 408 1424 901 564 380 996 990 1659 1132 823 1007 952 1041 1186 519 840 251 784 383 1318 162 982 315 249 0 80 895 358 957 802 670 363 354 1191 972 1638 397 1261 672 1281 738
951 352 477 120 1063 760 944 655 494 1129 465 763 919 429 960 484 289 401 490 929 631 700 1888 934 920 963 500 466 1382 859 522 437 954 948 1617 1090 781 965 910 999 1143 477 798 309 742 441 1276 179 940 372 307 80 0 852 415 915 760 687 421 412 1149 930 1596 454 1219 630 1239 696
716 1167 1292 935 257 1145 708 637 879 323 1280 745 684 1244 725 398 1104 1216 1305 694 612 682 1082 698 685 728 1315 1281 579 101 389 1252 718 712 813 1475 762 730 674 764 774 862 1182 1124 506 1256 470 994 704 1187 1122 895 852 0 1230 679 525 842 1235 1227 343 695 790 1269 413 611 680 461
1329 138 104 439 1441 1138 1321 1033 872 1507 92 1141 1297 191 1338 862 153 113 117 1307 1009 1059 2266 1312 1298 1341 127 93 1760 1237 900 186 1331 1325 1995 1468 1159 1343 1287 1377 1521 855 1175 130 1120 68 1654 259 1318 158 132 358 415 1230 0 1293 1138 1006 203 197 1527 1308 1974 168 1597 1007 1617 1074
407 1229 1355 997 840 1207 371 699 941 791 1342 807 329 1306 280 460 1166 1278 1367 384 674 744 1335 393 370 276 1377 1343 556 686 451 1314 386 380 790 1537 824 392 354 240 317 924 1245 1186 279 1318 619 1056 362 1250 1184 957 915 679 1293 0 263 905 1298 1289 733 346 1043 1331 760 673 412 249
299 1075 1200 842 735 1052 292 544 786 802 1187 652 267 1151 309 306 1012 1123 1212 278 520 589 1477 282 269 312 1223 1188 698 532 297 1160 302 296 933 1383 670 314 258 348 459 770 1090 1031 124 1163 761 902 288 1095 1029 802 760 525 1138 263 0 750 1143 1134 822 279 1185 1177 891 519 555 94
813 983 1108 633 925 1026 806 113 760 992 1096 158 781 1060 823 347 920 1032 1121 792 180 73 1751 796 783 826 1131 1097 1245 722 385 1068 816 810 1479 1356 175 827 772 862 1006 743 1063 940 604 1072 1138 810 802 1003 938 711 727 715 1046 777 622 0 1051 1043 1012 793 1459 1085 1081 131 1101 559
1334 143 125 444 1446 1143 1327 1038 877 1512 135 1146 1302 95 1343 867 158 191 116 1312 1014 1065 2271 1317 1303 1346 106 131 1765 1242 905 91 1336 1331 2000 1473 1164 1348 1293 1382 1526 860 1181 135 1125 157 1659 264 1323 78 137 363 421 1235 203 1298 1143 1011 0 99 1532 1313 1979 72 1602 1013 1622 1079
1325 134 132 435 1437 1134 1318 1029 868 1504 142 1138 1293 102 1334 859 150 183 123 1304 1005 1056 2263 1308 1294 1337 112 137 1757 1234 897 97 1328 1322 1991 1464 1155 1339 1284 1374 1518 851 1172 126 1116 164 1650 255 1314 69 129 354 412 1227 197 1289 1134 1002 99 0 1524 1304 1970 79 1593 1004 1613 1071
778 1464 1589 1232 198 1442 742 933 1176 177 1577 1042 700 1541 651 695 1401 1513 1602 756 909 979 766 764 741 647 1612 1578 263 392 686 1549 758 751 497 1772 1059 764 725 611 458 1159 1479 1420 803 1553 154 1291 734 1484 1419 1191 1149 343 1527 733 822 1139 1532 1524 0 717 474 1566 147 908 364 758
391 1245 1370 1013 824 1223 355 714 956 775 1357 822 313 1321 264 476 1182 1293 1382 368 690 759 1319 377 354 260 1393 1358 540 702 467 1330 370 364 774 1553 840 376 338 224 301 940 1260 1201 294 1333 603 1072 346 1265 1199 972 930 695 1308 346 279 920 1313 1304 717 0 1027 1347 744 689 396 264
1088 1911 2036 1679 581 1889 1052 1380 1622 532 2023 1488 1010 1987 961 1142 1848 1960 2049 1065 1356 1425 333 1074 1050 957 2059 2024 573 839 1133 1996 1067 1060 391 2219 1506 1073 1034 921 767 1606 1926 1867 1234 1999 463 1738 1043 1931 1865 1638 1596 790 1974 1043 1185 1586 1979 1970 474 1027 0 2013 501 1355 673 1204
1367 176 90 478 1480 1177 1360 1072 910 1546 100 1180 1336 60 1377 901 192 174 81 1346 1048 1098 2305 1350 1337 1380 70 95 1799 1276 939 55 1370 1364 2034 1507 1198 1382 1326 1416 1560 894 1214 169 1158 122 1693 297 1356 111 171 397 454 1269 168 1331 1177 1045 72 79 1566 1347 2013 0 1636 1046 1656 1113
806 1534 1659 1301 253 1511 769 1003 1245 204 1646 1111 727 1610 678 765 1471 1582 1671 783 979 1048 793 791 768 674 1682 1647 290 462 755 1619 785 778 524 1842 1129 791 752 638 485 1228 1549 1490 873 1622 181 1361 761 1554 1488 1261 1219 413 1597 760 891 1209 1602 1593 147 744 501 1636 0 977 391 828
709 944 1070 705 821 922 702 117 656 888 1057 161 677 1021 719 243 881 993 1082 688 178 98 1647 692 679 722 1092 1058 1141 618 281 1029 712 706 1376 1252 179 724 668 758 902 639 960 901 500 1033 1035 771 698 964 899 672 630 611 1007 673 519 259 1013 1004 908 689 1355 1046 977 0 997 455
457 1553 1679 1321 470 1531 421 1023 1265 421 1666 1131 379 1630 330 785 1490 1602 1691 434 999 1068 965 443 420 326 1702 1667 186 728 775 1639 436 430 421 1861 1149 442 404 290 291 1248 1569 1510 603 1642 249 1380 412 1574 1508 1281 1239 680 1617 412 555 1229 1622 1613 364 396 673 1656 391 997 0 573
285 1011 1136 779 672 989 278 480 723 738 1124 588 253 1087 294 242 948 1060 1149 264 456 526 1496 268 255 298 1159 1125 717 468 233 1096 288 282 951 1319 606 299 244 334 478 706 1026 967 76 1099 780 838 274 1031 966 738 696 461 1074 249 94 686 1079 1071 758 264 1204 1113 828 455 573 0
EOF