NAME : tsp_problem
TYPE : TSP
DIMENSION : 76
EDGE_WEIGHT_TYPE : EXPLICIT
EDGE_WEIGHT_FORMAT : FULL_MATRIX
EDGE_WEIGHT_SECTION
0 203 168 1494 1052 624 1455 600 1043 909 782 918 492 703 684 1051 598 145 1171 1310 1017 638 390 1091 592 1009 796 1272 772 747 1065 962 792 1057 874 992 793 1071 565 932 1126 1117 128 752 564 943 789 854 574 1326 825 890 317 780 945 895 767 1291 150 971 685 736 74 996 757 150 864 1484 1100 1300 1013 1102 819 726 977 832
203 0 74 1350 938 480 1311 702 900 795 638 803 348 560 541 908 454 281 1028 1166 873 642 247 976 449 865 652 1128 628 603 951 818 649 943 731 878 649 928 422 818 1012 1003 263 609 420 829 645 740 430 1182 711 746 173 636 831 752 623 1147 131 857 541 592 161 852 613 97 750 1340 986 1157 898 988 676 583 833 688
168 74 0 1365 953 495 1326 717 915 810 653 818 363 575 556 923 469 246 1043 1181 888 657 262 991 464 880 667 1143 643 618 966 833 664 958 746 893 664 942 437 833 1027 1018 228 624 435 844 660 755 445 1197 726 761 188 651 846 767 638 1162 123 872 556 607 154 867 628 90 765 1355 1001 1172 913 1003 691 598 848 703
1494 1350 1365 0 2040 930 2413 1803 522 1897 764 1905 1067 1662 1642 568 916 1571 471 2268 519 1744 1132 2078 977 567 749 422 835 835 2053 599 753 2045 660 1980 870 465 1004 1920 2114 2105 1554 842 973 1931 758 1842 1026 2284 1813 667 1207 852 1933 648 827 441 1421 1959 858 816 1452 1954 813 1388 1852 2442 2088 308 2000 2090 728 841 566 713
1051 938 953 2040 0 1169 1597 498 1589 173 1328 182 1037 415 539 1597 1143 1159 1717 1452 1562 439 936 168 1138 1554 1341 1818 1318 1293 191 1507 1338 203 1420 141 1338 1617 1111 168 117 145 1141 1298 1109 132 1335 244 1120 1468 269 1435 862 1325 130 1441 1313 1837 1009 124 1230 1282 1039 1138 1302 975 206 1626 169 1846 162 93 1365 1272 1522 1377
624 480 495 930 1169 0 1543 933 809 1027 653 1035 363 791 772 855 145 701 881 1398 453 874 262 1208 140 445 343 708 320 295 1183 833 340 1174 310 1109 340 507 437 1049 1244 1234 684 300 435 1061 337 972 156 1414 943 326 337 327 1062 767 315 727 551 1088 556 284 582 1084 304 518 981 1572 1218 1010 1130 1220 350 274 413 335
1455 1311 1326 2413 1597 1543 0 1361 1963 1455 1701 1463 1411 1219 1200 1971 1517 1533 2091 206 1936 1302 1310 1636 1512 1928 1715 2191 1691 1666 1610 1881 1712 1602 1794 1537 1712 1990 1485 1477 1672 1662 1515 1672 1483 1489 1708 1400 1493 188 1370 1809 1236 1699 1490 1815 1686 2210 1383 1516 1604 1655 1413 507 1676 1349 1409 54 1645 2220 1558 1647 1739 1646 1896 1751
599 702 717 1803 498 933 1361 0 1353 356 1091 364 801 179 303 1361 907 710 1481 1216 1326 85 700 537 902 1318 1105 1582 1081 1056 512 1271 1102 503 1184 439 1102 1381 875 378 573 564 692 1062 873 390 1098 301 883 1232 272 1199 626 1089 392 1205 1077 1600 715 418 994 1046 639 902 1066 715 310 1390 547 1610 459 549 1129 1036 1286 1141
1043 900 915 522 1589 809 1963 1353 0 1446 311 1455 615 1211 1192 127 795 1121 197 1817 398 1293 679 1628 856 446 628 301 714 714 1602 158 632 1594 539 1529 749 344 551 1469 1663 1654 1103 722 521 1480 637 1391 865 1834 1362 546 757 731 1482 207 706 320 971 1508 405 695 1001 1503 692 937 1401 1991 1637 327 1550 1639 607 720 445 592
909 795 810 1897 173 1027 1455 356 1446 0 1185 114 895 273 397 1454 1001 1016 1574 1309 1420 297 793 211 995 1412 1199 1675 1175 1150 186 1365 1196 178 1278 113 1196 1474 968 129 247 238 999 1156 967 104 1192 101 977 1326 126 1293 720 1183 102 1298 1170 1694 866 95 1088 1139 897 995 1160 833 63 1483 221 1704 133 223 1222 1130 1380 1235
782 638 653 764 1328 653 1701 1091 311 1185 0 1193 354 950 930 319 628 859 439 1556 640 1032 418 1366 622 687 825 543 802 777 1341 229 822 1333 781 1268 822 586 290 1208 1402 1393 842 782 259 1219 819 1130 604 1572 1101 787 495 809 1221 163 797 562 709 1247 144 766 740 1242 786 676 1140 1730 1376 568 1288 1378 849 756 686 834
917 803 818 1905 182 1035 1463 364 1455 114 1193 0 903 281 405 1463 1009 1025 1583 1318 1428 305 802 220 1004 1420 1207 1683 1183 1158 195 1373 1204 187 1286 122 1204 1483 977 137 256 247 1007 1164 975 113 1200 110 985 1334 135 1301 728 1191 111 1307 1178 1702 875 104 1096 1147 905 1004 1168 841 72 1492 230 1712 142 232 1231 1138 1388 1243
492 348 363 1067 1037 363 1411 801 615 895 354 903 0 659 640 623 337 569 743 1266 756 742 130 1076 332 748 535 847 511 486 1051 533 532 1042 614 977 532 811 305 917 1112 1102 552 492 303 929 528 840 313 1282 811 629 205 519 931 467 506 866 419 957 262 475 450 952 496 386 849 1440 1086 872 998 1088 559 466 716 571
703 560 575 1662 415 791 1219 179 1211 273 950 281 659 0 162 1219 766 781 1339 1074 1184 120 558 454 760 1176 963 1440 940 915 429 1129 960 421 1042 356 960 1239 733 296 490 481 763 920 731 307 957 218 742 1090 189 1057 484 948 309 1063 935 1459 631 335 852 904 661 760 924 597 228 1248 464 1468 376 466 987 894 1145 999
684 541 556 1642 539 772 1200 303 1192 397 930 405 640 162 0 1200 746 762 1320 1055 1165 244 539 578 741 1157 944 1421 920 895 553 1110 941 544 1023 479 941 1220 714 419 614 605 744 901 712 431 937 342 722 1071 313 1038 465 928 433 1044 916 1439 612 459 833 885 642 741 905 578 351 1229 588 1449 500 590 968 875 1125 980
1051 908 923 568 1597 855 1971 1361 127 1454 319 1463 623 1219 1200 0 841 1129 244 1825 445 1301 687 1636 891 492 674 348 761 760 1610 204 678 1602 585 1537 796 391 559 1477 1671 1662 1111 768 529 1488 683 1399 873 1842 1370 592 765 778 1490 253 753 366 979 1516 413 741 1009 1511 738 945 1409 1999 1645 373 1558 1647 654 766 491 638
598 454 469 916 1143 145 1517 907 795 1001 628 1009 337 766 746 841 0 675 867 1372 439 848 236 1182 114 431 317 694 294 269 1157 807 314 1149 297 1084 314 493 411 1024 1218 1209 658 274 409 1035 311 946 130 1388 917 312 311 302 1037 741 289 713 525 1063 530 258 556 1058 279 492 956 1546 1192 996 1104 1194 336 248 399 321
145 281 246 1571 1159 701 1533 711 1121 1016 859 1025 569 781 762 1129 675 0 1249 1387 1094 749 468 1198 670 1086 873 1350 849 824 1172 1039 870 1164 952 1099 870 1149 643 1039 1233 1224 47 830 641 1050 866 961 652 1404 932 967 394 857 1052 973 845 1369 227 1078 762 814 152 1073 834 227 971 1561 1207 1378 1119 1209 897 804 1054 909
1171 1028 1043 471 1717 881 2091 1481 197 1574 439 1583 743 1339 1320 244 867 1249 0 1945 470 1421 807 1756 928 517 700 373 786 786 1730 274 704 1722 611 1657 821 416 679 1597 1791 1782 1231 793 649 1608 708 1519 976 1962 1490 617 885 803 1610 323 778 392 1099 1636 533 767 1129 1631 764 1065 1529 2119 1765 275 1678 1767 679 792 516 664
1310 1166 1181 2268 1452 1398 206 1216 1817 1309 1556 1318 1266 1074 1055 1825 1372 1387 1945 0 1791 1156 1164 1491 1366 1783 1570 2046 1546 1521 1465 1736 1567 1457 1649 1392 1567 1845 1339 1332 1526 1517 1370 1527 1338 1343 1563 1254 1348 84 1225 1664 1091 1554 1345 1669 1541 2065 1237 1371 1459 1510 1268 362 1531 1204 1264 202 1500 2074 1412 1502 1593 1501 1751 1606
1017 873 888 519 1562 453 1936 1326 398 1420 640 1428 756 1184 1165 445 439 1094 470 1791 0 1267 655 1601 500 345 272 297 358 358 1576 475 276 1567 211 1502 393 252 830 1442 1637 1627 1077 365 828 1454 280 1365 548 1807 1336 226 730 375 1455 524 350 316 944 1481 734 339 975 1477 336 911 1374 1965 1611 599 1523 1613 251 364 313 236
638 642 657 1744 439 874 1302 85 1293 297 1032 305 742 120 244 1301 848 749 1421 1156 1267 0 640 478 842 1259 1046 1522 1022 997 452 1212 1043 444 1125 379 1043 1321 815 319 513 504 731 1003 814 330 1039 242 824 1173 212 1140 567 1030 332 1145 1017 1541 713 358 935 986 677 842 1007 680 251 1330 487 1551 400 489 1069 977 1227 1082
390 247 262 1132 936 262 1310 700 679 793 418 802 130 558 539 687 236 468 807 1164 655 640 0 975 230 647 433 910 410 385 949 598 430 941 512 876 431 709 203 816 1010 1001 450 390 202 827 427 738 212 1181 709 528 104 418 829 531 405 929 318 855 323 374 348 850 395 284 748 1338 984 936 896 986 457 364 615 470
1090 976 991 2078 168 1208 1636 537 1628 211 1366 220 1076 454 578 1636 1182 1198 1756 1491 1601 478 975 0 1177 1593 1380 1856 1356 1331 60 1546 1377 72 1459 129 1377 1656 1150 207 81 48 1180 1337 1148 171 1373 283 1158 1507 308 1474 901 1364 169 1480 1351 1875 1048 162 1269 1320 1078 1177 1341 1014 245 1665 38 1885 99 95 1404 1311 1561 1416
592 449 464 977 1138 140 1512 902 856 995 622 1004 332 760 741 891 114 670 928 1366 500 842 230 1177 0 492 312 756 288 263 1151 802 309 1143 358 1078 309 555 405 1018 1212 1203 652 269 404 1029 305 940 124 1383 911 373 306 296 1031 735 283 774 520 1057 525 252 550 1052 273 486 950 1541 1186 1057 1099 1188 335 243 460 348
1009 865 880 567 1554 445 1928 1318 446 1412 687 1420 748 1176 1157 492 431 1086 517 1783 345 1259 647 1593 492 0 264 345 350 350 1568 523 268 1559 203 1494 385 299 822 1434 1629 1619 1069 357 820 1446 272 1357 541 1799 1328 218 722 367 1448 572 342 364 936 1474 781 331 967 1469 328 903 1366 1957 1603 646 1515 1605 243 356 306 228
796 652 667 749 1341 343 1715 1105 628 1199 825 1207 535 963 944 674 317 873 700 1570 272 1046 433 1380 312 264 0 527 276 276 1354 705 194 1346 129 1281 311 326 609 1221 1416 1406 855 283 607 1233 198 1144 327 1586 1114 144 509 293 1234 754 268 546 723 1260 728 257 754 1256 254 690 1153 1744 1389 829 1302 1392 169 282 232 154
1272 1128 1143 422 1818 708 2191 1582 301 1675 543 1683 847 1440 1421 348 694 1350 373 2046 297 1522 910 1856 756 345 527 0 613 613 1831 378 531 1823 438 1758 648 243 783 1698 1892 1883 1332 621 752 1709 536 1620 804 2062 1591 445 986 631 1711 427 605 88 1200 1737 637 594 1230 1732 591 1166 1630 2220 1866 502 1778 1868 506 619 344 491
772 628 643 835 1318 320 1691 1081 714 1175 802 1183 511 940 920 761 294 849 786 1546 358 1022 410 1356 288 350 276 613 0 362 1331 791 280 1323 216 1258 398 412 585 1198 1392 1383 832 370 583 1209 285 1120 304 1562 1091 231 485 380 1211 840 355 632 699 1237 704 343 730 1232 340 666 1130 1720 1366 915 1278 1368 256 368 318 240
747 603 618 835 1293 295 1666 1056 714 1150 777 1158 486 915 895 760 269 824 786 1521 358 997 385 1331 263 350 276 613 362 0 1306 791 280 1298 216 1233 397 412 560 1173 1367 1358 807 370 558 1184 285 1095 279 1537 1066 231 460 380 1186 840 354 632 674 1212 679 343 705 1207 340 641 1105 1695 1341 915 1253 1343 255 368 318 240
1064 951 966 2053 191 1183 1610 512 1602 186 1341 195 1051 429 553 1610 1157 1172 1730 1465 1576 452 949 60 1151 1568 1354 1831 1331 1306 0 1521 1351 95 1433 103 1352 1630 1124 181 104 70 1154 1311 1123 146 1348 257 1133 1481 282 1448 875 1339 143 1454 1326 1850 1022 137 1244 1295 1053 1151 1316 989 219 1639 61 1859 73 118 1378 1285 1536 1391
962 818 833 599 1507 833 1881 1271 158 1365 229 1373 533 1129 1110 204 807 1039 274 1736 475 1212 598 1546 802 523 705 378 791 791 1521 0 709 1512 616 1447 826 421 470 1387 1582 1572 1022 798 439 1399 713 1310 783 1752 1281 623 675 808 1401 178 783 397 889 1427 323 772 920 1422 769 856 1319 1910 1556 404 1468 1558 684 797 521 669
792 649 664 753 1338 340 1712 1102 632 1196 822 1204 532 960 941 678 314 870 704 1567 276 1043 430 1377 309 268 194 531 280 280 1351 709 0 1343 134 1278 315 330 606 1218 1413 1403 852 288 604 1230 203 1141 324 1583 1111 149 506 298 1231 758 273 550 720 1257 725 261 750 1253 258 686 1150 1741 1386 833 1299 1388 173 286 236 158
1056 943 958 2045 203 1174 1602 503 1594 178 1333 187 1042 421 544 1602 1149 1164 1722 1457 1567 444 941 72 1143 1559 1346 1823 1323 1298 95 1512 1343 0 1425 95 1343 1622 1116 173 116 83 1146 1303 1114 137 1340 249 1125 1473 274 1440 867 1331 135 1446 1318 1842 1014 129 1235 1287 1044 1143 1307 980 211 1631 73 1851 65 131 1370 1277 1528 1382
874 731 746 660 1420 310 1794 1184 539 1278 781 1286 614 1042 1023 585 297 952 611 1649 211 1125 512 1459 358 203 129 438 216 216 1433 616 134 1425 0 1360 251 266 688 1300 1495 1485 934 223 686 1312 138 1223 406 1665 1193 84 588 233 1313 665 208 457 802 1339 807 196 832 1335 193 769 1232 1823 1468 740 1381 1470 109 222 171 93
991 878 893 1980 141 1109 1537 439 1529 113 1268 122 977 356 479 1537 1084 1099 1657 1392 1502 379 876 129 1078 1494 1281 1758 1258 1233 103 1447 1278 95 1360 0 1278 1557 1051 108 189 155 1081 1238 1049 72 1275 184 1060 1408 209 1375 802 1266 70 1381 1253 1777 949 64 1170 1222 979 1078 1242 915 146 1566 138 1786 51 191 1305 1212 1463 1317
793 649 664 870 1338 340 1712 1102 749 1196 822 1204 532 960 941 796 314 870 821 1567 393 1043 431 1377 309 385 311 648 398 397 1352 826 315 1343 251 1278 0 447 606 1218 1413 1403 853 405 604 1230 320 1141 324 1583 1111 266 506 415 1231 875 390 667 720 1257 725 378 751 1253 375 687 1150 1741 1387 950 1299 1389 291 403 353 275
1071 928 942 465 1617 507 1990 1381 344 1474 586 1483 811 1239 1220 391 493 1149 416 1845 252 1321 709 1656 555 299 326 243 412 412 1630 421 330 1622 266 1557 447 0 826 1497 1691 1682 1131 420 795 1508 335 1419 603 1861 1390 281 785 430 1510 470 405 262 999 1536 680 393 1029 1531 390 965 1429 2019 1665 545 1577 1667 305 418 298 290
565 422 437 1004 1111 437 1485 875 551 968 290 977 305 733 714 559 411 643 679 1339 830 815 203 1150 405 822 609 783 585 560 1124 470 606 1116 688 1051 606 826 0 991 1185 1176 625 566 314 1002 602 913 387 1356 884 703 279 593 1004 403 580 802 493 1030 198 549 523 1025 570 459 923 1514 1159 808 1072 1161 632 540 790 645
931 818 833 1920 168 1049 1477 378 1469 129 1208 137 917 296 419 1477 1024 1039 1597 1332 1442 319 816 207 1018 1434 1221 1698 1198 1173 181 1387 1218 173 1300 108 1218 1497 991 0 242 233 1021 1178 989 99 1215 124 1000 1348 149 1315 742 1206 97 1321 1193 1717 889 91 1110 1162 919 1018 1182 855 86 1506 216 1726 128 218 1245 1152 1403 1257
1126 1012 1027 2114 117 1244 1672 573 1663 247 1402 256 1112 490 614 1671 1218 1233 1791 1526 1637 513 1010 81 1212 1629 1416 1892 1392 1367 104 1582 1413 116 1495 189 1413 1691 1185 242 0 58 1216 1373 1184 207 1409 318 1194 1543 343 1510 937 1400 205 1515 1387 1911 1083 198 1305 1356 1114 1212 1377 1050 280 1700 82 1920 159 55 1439 1347 1597 1452
1116 1003 1018 2105 145 1234 1662 564 1654 238 1393 247 1102 481 605 1662 1209 1224 1782 1517 1627 504 1001 48 1203 1619 1406 1883 1383 1358 70 1572 1403 83 1485 155 1403 1682 1176 233 58 0 1206 1363 1174 197 1400 309 1185 1533 334 1500 927 1391 195 1506 1378 1902 1074 189 1296 1347 1104 1203 1367 1040 271 1691 49 1911 125 72 1430 1337 1588 1442
128 263 228 1554 1141 684 1515 693 1103 999 842 1007 552 763 744 1111 658 47 1231 1370 1077 732 450 1180 652 1069 855 1332 832 807 1154 1022 852 1146 934 1081 853 1131 625 1021 1216 1206 0 812 624 1033 849 944 634 1386 914 949 376 840 1034 955 827 1351 210 1060 745 796 134 1056 817 210 953 1544 1189 1360 1102 1192 879 786 1037 892
752 609 624 842 1298 300 1672 1062 722 1156 782 1164 492 920 901 768 274 830 793 1527 365 1003 390 1337 269 357 283 621 370 370 1311 798 288 1303 223 1238 405 420 566 1178 1373 1363 812 0 564 1190 292 1101 284 1543 1071 238 466 387 1191 847 362 639 680 1217 685 350 710 1213 347 647 1110 1701 1346 922 1259 1348 263 376 325 247
564 420 435 973 1109 435 1483 873 521 967 259 975 303 731 712 529 409 641 649 1338 828 814 202 1148 404 820 607 752 583 558 1123 439 604 1114 686 1049 604 795 314 989 1184 1174 624 564 0 1001 600 912 385 1354 883 701 277 591 1002 372 578 771 491 1028 168 547 522 1024 568 458 921 1512 1158 778 1070 1160 631 538 788 643
943 829 844 1931 132 1061 1489 390 1480 104 1219 113 929 307 431 1488 1035 1050 1608 1343 1454 330 827 171 1029 1446 1233 1709 1209 1184 146 1399 1230 137 1312 72 1230 1508 1002 99 207 197 1033 1190 1001 0 1226 135 1011 1360 160 1327 754 1217 62 1332 1204 1728 900 55 1122 1173 931 1029 1194 867 97 1517 181 1737 93 183 1256 1164 1414 1269
789 645 660 758 1335 337 1708 1098 637 1192 819 1200 528 957 937 683 311 866 708 1563 280 1039 427 1373 305 272 198 536 285 285 1348 713 203 1340 138 1275 320 335 602 1215 1409 1400 849 292 600 1226 0 1137 321 1579 1108 153 502 302 1228 763 277 555 716 1254 721 266 747 1249 263 683 1147 1737 1383 837 1295 1385 178 291 240 163
854 740 755 1842 244 972 1400 301 1391 101 1130 110 840 218 342 1399 946 961 1519 1254 1365 242 738 283 940 1357 1144 1620 1120 1095 257 1310 1141 249 1223 184 1141 1419 913 124 318 309 944 1101 912 135 1137 0 922 1271 74 1238 665 1128 137 1243 1115 1639 811 163 1033 1084 842 940 1105 778 56 1428 292 1649 205 294 1167 1075 1325 1180
574 430 445 1026 1120 156 1493 883 865 977 604 985 313 742 722 873 130 652 976 1348 548 824 212 1158 124 541 327 804 304 279 1133 783 324 1125 406 1060 324 603 387 1000 1194 1185 634 284 385 1011 321 922 0 1364 893 421 288 312 1013 717 299 823 501 1039 506 268 532 1034 289 468 932 1522 1168 1106 1080 1170 351 258 509 364
1326 1182 1197 2284 1468 1414 188 1232 1834 1326 1572 1334 1282 1090 1071 1842 1388 1404 1962 84 1807 1173 1181 1507 1383 1799 1586 2062 1562 1537 1481 1752 1583 1473 1665 1408 1583 1861 1356 1348 1543 1533 1386 1543 1354 1360 1579 1271 1364 0 1241 1680 1107 1570 1361 1686 1557 2081 1254 1387 1475 1526 1284 378 1547 1220 1280 184 1516 2091 1429 1518 1610 1517 1767 1622
824 711 726 1813 269 943 1370 272 1362 126 1101 135 811 189 313 1370 917 932 1490 1225 1336 212 709 308 911 1328 1114 1591 1091 1066 282 1281 1111 274 1193 209 1111 1390 884 149 343 334 914 1071 883 160 1108 74 893 1241 0 1208 635 1099 162 1214 1086 1610 782 188 1004 1055 812 911 1076 749 81 1399 317 1619 229 319 1138 1045 1296 1151
890 746 761 667 1435 326 1809 1199 546 1293 787 1301 629 1057 1038 592 312 967 617 1664 226 1140 528 1474 373 218 144 445 231 231 1448 623 149 1440 84 1375 266 281 703 1315 1510 1500 949 238 701 1327 153 1238 421 1680 1208 0 603 248 1328 672 223 464 817 1354 822 212 848 1350 209 784 1247 1838 1483 747 1396 1486 124 237 186 109
317 173 188 1207 862 337 1236 626 757 720 495 728 205 484 465 765 311 394 885 1091 730 567 104 901 306 722 509 986 485 460 875 675 506 867 588 802 506 785 279 742 937 927 376 466 277 754 502 665 288 1107 635 603 0 493 755 609 481 1005 244 781 398 450 275 777 470 211 674 1265 910 1014 823 913 533 440 690 545
780 636 651 852 1325 327 1699 1089 731 1183 809 1191 519 948 928 778 302 857 803 1554 375 1030 418 1364 296 367 293 631 380 380 1339 808 298 1331 233 1266 415 430 593 1206 1400 1391 840 387 591 1217 302 1128 312 1570 1099 248 493 0 1219 857 372 649 707 1245 712 360 738 1240 357 674 1138 1728 1374 932 1286 1376 273 386 335 257
944 831 846 1933 130 1062 1490 392 1482 102 1221 111 931 309 433 1490 1037 1052 1610 1345 1455 332 829 169 1031 1448 1234 1711 1211 1186 143 1401 1231 135 1313 70 1231 1510 1004 97 205 195 1034 1191 1002 62 1228 137 1013 1361 162 1328 755 1219 0 1334 1206 1730 902 53 1124 1175 932 1031 1196 869 99 1519 178 1739 91 180 1258 1165 1416 1271
895 752 767 648 1441 767 1815 1205 207 1298 163 1307 467 1063 1044 253 741 973 323 1669 524 1145 531 1480 735 572 754 427 840 840 1454 178 758 1446 665 1381 875 470 403 1321 1515 1506 955 847 372 1332 763 1243 717 1686 1214 672 609 857 1334 0 832 446 823 1360 257 821 853 1355 818 789 1253 1843 1489 453 1401 1491 733 846 571 718
767 623 638 827 1313 315 1686 1077 706 1170 797 1178 506 935 916 753 289 845 778 1541 350 1017 405 1351 283 342 268 605 355 354 1326 783 273 1318 208 1253 390 405 580 1193 1387 1378 827 362 578 1204 277 1115 299 1557 1086 223 481 372 1206 832 0 624 695 1232 700 335 725 1227 332 661 1125 1715 1361 907 1273 1363 248 360 310 232
1291 1147 1162 441 1837 727 2210 1600 320 1694 562 1702 866 1459 1439 366 713 1369 392 2065 316 1541 929 1875 774 364 546 88 632 632 1850 397 550 1842 457 1777 667 262 802 1717 1911 1902 1351 639 771 1728 555 1639 823 2081 1610 464 1005 649 1730 446 624 0 1219 1756 656 613 1249 1751 610 1185 1649 2239 1885 521 1797 1887 525 638 363 510
150 131 123 1421 1009 551 1383 715 971 866 709 875 419 631 612 979 525 227 1099 1237 944 713 318 1048 520 936 723 1200 699 674 1022 889 720 1014 802 949 720 999 493 889 1083 1074 210 680 491 900 716 811 501 1254 782 817 244 707 902 823 695 1219 0 928 612 664 156 923 684 146 821 1411 1057 1228 969 1059 747 654 904 759
970 857 872 1959 124 1088 1516 418 1508 95 1247 104 957 335 459 1516 1063 1078 1636 1371 1481 358 855 162 1057 1474 1260 1737 1237 1212 137 1427 1257 129 1339 64 1257 1536 1030 91 198 189 1060 1217 1028 55 1254 163 1039 1387 188 1354 781 1245 53 1360 1232 1756 928 0 1150 1201 958 1057 1222 895 125 1545 172 1765 84 174 1284 1191 1442 1297
685 541 556 858 1230 556 1604 994 405 1088 144 1096 262 852 833 413 530 762 533 1459 734 935 323 1269 525 781 728 637 704 679 1244 323 725 1235 807 1170 725 680 198 1110 1305 1296 745 685 168 1122 721 1033 506 1475 1004 822 398 712 1124 257 700 656 612 1150 0 668 643 1145 689 579 1042 1633 1279 662 1191 1281 752 659 780 764
736 592 607 816 1282 284 1655 1046 695 1139 766 1147 475 904 885 741 258 814 767 1510 339 986 374 1320 252 331 257 594 343 343 1295 772 261 1287 196 1222 378 393 549 1162 1356 1347 796 350 547 1173 266 1084 268 1526 1055 212 450 360 1175 821 335 613 664 1201 668 0 694 1196 321 630 1094 1684 1330 896 1242 1332 236 349 299 221
74 161 154 1452 1039 582 1413 640 1001 897 740 905 450 661 642 1009 556 152 1129 1268 975 678 348 1078 550 967 754 1230 730 705 1053 920 750 1044 832 979 751 1029 523 919 1114 1104 134 710 522 931 747 842 532 1284 812 848 275 738 932 853 725 1249 156 958 643 694 0 954 715 156 851 1442 1088 1258 1000 1090 777 684 935 790
996 852 867 1954 1138 1084 507 902 1503 995 1242 1004 952 760 741 1511 1058 1073 1631 362 1477 842 850 1177 1052 1469 1256 1732 1232 1207 1151 1422 1253 1143 1335 1078 1253 1531 1025 1018 1212 1203 1056 1213 1024 1029 1249 940 1034 378 911 1350 777 1240 1031 1355 1227 1751 923 1057 1145 1196 954 0 1217 890 950 536 1186 1761 1099 1188 1279 1187 1437 1292
757 613 628 813 1302 304 1676 1066 692 1160 786 1168 496 924 905 738 279 834 764 1531 336 1007 395 1341 273 328 254 591 340 340 1316 769 258 1307 193 1242 375 390 570 1182 1377 1367 817 347 568 1194 263 1105 289 1547 1076 209 470 357 1196 818 332 610 684 1222 689 321 715 1217 0 651 1114 1705 1351 893 1263 1353 233 346 296 218
150 97 90 1388 975 518 1349 715 937 833 676 841 386 597 578 945 492 227 1065 1204 911 680 284 1014 486 903 690 1166 666 641 989 856 686 980 769 915 687 965 459 855 1050 1040 210 647 458 867 683 778 468 1220 749 784 211 674 869 789 661 1185 146 895 579 630 156 890 651 0 787 1378 1024 1194 936 1026 713 621 871 726
863 750 765 1852 206 981 1409 310 1401 63 1140 72 849 228 351 1409 956 971 1529 1264 1374 251 748 245 950 1366 1153 1630 1130 1105 219 1319 1150 211 1232 146 1150 1429 923 86 280 271 953 1110 921 97 1147 56 932 1280 81 1247 674 1138 99 1253 1125 1649 821 125 1042 1094 851 950 1114 787 0 1438 254 1658 166 256 1177 1084 1335 1189
1484 1340 1355 2442 1626 1572 54 1390 1991 1483 1730 1492 1440 1248 1229 1999 1546 1561 2119 202 1965 1330 1338 1665 1541 1957 1744 2220 1720 1695 1639 1910 1741 1631 1823 1566 1741 2019 1514 1506 1700 1691 1544 1701 1512 1517 1737 1428 1522 184 1399 1838 1265 1728 1519 1843 1715 2239 1411 1545 1633 1684 1442 536 1705 1378 1438 0 1674 2249 1587 1676 1767 1675 1925 1780
1099 986 1001 2088 169 1218 1645 547 1637 221 1376 230 1086 464 588 1645 1192 1207 1765 1500 1611 487 984 38 1186 1603 1389 1866 1366 1341 61 1556 1386 73 1468 138 1387 1665 1159 216 82 49 1189 1346 1158 181 1383 292 1168 1516 317 1483 910 1374 178 1489 1361 1885 1057 172 1279 1330 1088 1186 1351 1024 254 1674 0 1894 108 96 1413 1320 1571 1426
1300 1157 1172 308 1846 1010 2220 1610 327 1704 568 1712 872 1468 1449 373 996 1378 275 2074 599 1551 936 1885 1057 646 829 502 915 915 1859 404 833 1851 740 1786 950 545 808 1726 1920 1911 1360 922 778 1737 837 1649 1106 2091 1619 747 1014 932 1739 453 907 521 1228 1765 662 896 1258 1761 893 1194 1658 2249 1894 0 1807 1896 808 921 645 793
1012 898 913 2000 162 1130 1558 459 1550 133 1288 142 998 376 500 1558 1104 1119 1678 1412 1523 400 896 99 1099 1515 1302 1778 1278 1253 73 1468 1299 65 1381 51 1299 1577 1072 128 159 125 1102 1259 1070 93 1295 205 1080 1429 229 1396 823 1286 91 1401 1273 1797 969 84 1191 1242 1000 1099 1263 936 166 1587 108 1807 0 173 1325 1233 1483 1338
1101 988 1003 2090 93 1220 1647 549 1639 223 1378 232 1088 466 590 1647 1194 1209 1767 1502 1613 489 986 95 1188 1605 1392 1868 1368 1343 118 1558 1388 131 1470 191 1389 1667 1161 218 55 72 1192 1348 1160 183 1385 294 1170 1518 319 1486 913 1376 180 1491 1363 1887 1059 174 1281 1332 1090 1188 1353 1026 256 1676 96 1896 173 0 1415 1322 1573 1428
819 676 691 728 1365 350 1739 1129 607 1222 849 1231 559 987 968 654 336 897 679 1593 251 1069 457 1404 335 243 169 506 256 255 1378 684 173 1370 109 1305 291 305 632 1245 1439 1430 879 263 631 1256 178 1167 351 1610 1138 124 533 273 1258 733 248 525 747 1284 752 236 777 1279 233 713 1177 1767 1413 808 1325 1415 0 261 211 133
726 583 598 841 1272 274 1646 1036 720 1130 756 1138 466 894 875 766 248 804 792 1501 364 977 364 1311 243 356 282 619 368 368 1285 797 286 1277 222 1212 403 418 540 1152 1347 1337 786 376 538 1164 291 1075 258 1517 1045 237 440 386 1165 846 360 638 654 1191 659 349 684 1187 346 621 1084 1675 1320 921 1233 1322 261 0 324 246
977 833 848 566 1522 413 1896 1286 445 1380 686 1388 716 1145 1125 491 399 1054 516 1751 313 1227 615 1561 460 306 232 344 318 318 1536 521 236 1528 171 1463 353 298 790 1403 1597 1588 1037 325 788 1414 240 1325 509 1767 1296 186 690 335 1416 571 310 363 904 1442 780 299 935 1437 296 871 1335 1925 1571 645 1483 1573 211 324 0 196
832 688 703 713 1377 335 1751 1141 592 1235 834 1243 571 999 980 638 321 909 664 1606 236 1082 470 1416 348 228 154 491 240 240 1391 669 158 1382 93 1317 275 290 645 1257 1452 1442 892 247 643 1269 163 1180 364 1622 1151 109 545 257 1271 718 232 510 759 1297 764 221 790 1292 218 726 1189 1780 1426 793 1338 1428 133 246 196 0
EOF