NAME : tsp_problem
TYPE : TSP
DIMENSION : 56
EDGE_WEIGHT_TYPE : EXPLICIT
EDGE_WEIGHT_FORMAT : FULL_MATRIX
EDGE_WEIGHT_SECTION
0 1362 1277 291 883 162 1184 237 1085 816 1116 949 269 931 609 1105 1549 319 1591 828 1300 1323 317 849 1045 241 1370 294 89 1061 1099 1208 943 254 1090 1010 782 355 876 189 1055 992 1370 1193 1484 596 124 184 1108 1401 318 1333 209 909 833 777
1362 0 456 1611 521 1482 248 1557 745 1238 744 1541 1589 1120 1607 738 257 1639 301 580 100 1915 1637 649 720 1562 127 1614 1352 706 731 546 809 1574 753 735 971 1065 524 1211 695 762 1963 539 284 1595 1444 1283 637 322 1638 404 1529 1098 1040 1370
1277 456 0 1525 769 1397 635 1471 330 1152 329 1456 1503 1034 1522 323 587 1554 355 714 475 1830 1552 736 305 1476 502 1529 1267 290 316 167 394 1489 338 320 885 979 762 1126 280 347 1877 152 249 1509 1359 1197 221 287 1553 292 1444 1012 955 1284
291 1611 1525 0 1131 152 1432 190 1333 1065 1365 1197 186 1180 858 1353 1798 113 1840 1076 1549 1571 56 1098 1294 195 1619 140 280 1309 1347 1457 1191 192 1338 1259 1031 603 1124 437 1304 1241 1619 1442 1732 845 218 376 1356 1650 118 1582 112 1158 1081 1026
883 521 769 1131 0 1002 342 1077 577 758 609 1061 1109 640 1128 597 708 1160 752 320 459 1435 1158 342 538 1082 529 1135 873 553 591 701 435 1095 582 503 491 585 287 731 547 484 1483 686 735 1115 964 803 600 773 1159 826 1049 618 561 890
162 1482 1397 152 1002 0 1304 98 1205 936 1236 1069 130 1051 729 1225 1669 180 1711 948 1420 1443 178 969 1165 103 1490 155 152 1181 1219 1328 1062 116 1210 1130 902 475 996 309 1175 1112 1490 1313 1604 716 125 248 1228 1521 179 1453 70 1029 953 897
1184 248 635 1432 342 1304 0 1378 879 1059 910 1363 1411 941 1429 899 436 1461 480 402 187 1737 1459 471 839 1383 256 1436 1174 855 893 725 736 1396 884 804 792 886 346 1033 849 786 1784 718 463 1416 1266 1104 816 501 1460 582 1351 920 862 1191
237 1557 1471 190 1077 98 1378 0 1279 1011 1311 1143 136 1125 804 1299 1744 121 1785 1022 1495 1517 198 1044 1240 141 1565 96 226 1255 1293 1403 1137 142 1284 1205 976 549 1070 383 1249 1186 1565 1388 1678 791 164 322 1302 1595 120 1528 109 1104 1027 972
1085 745 330 1333 577 1205 879 1279 0 960 423 1264 1312 842 1330 417 876 1362 644 522 764 1638 1360 544 399 1284 791 1337 1075 384 410 261 313 1297 431 381 693 787 570 934 374 363 1685 246 537 1317 1167 1005 315 454 1361 386 1252 821 763 1092
831 1084 999 1079 605 951 906 1025 807 0 839 1075 1057 185 604 827 1272 1108 1313 550 1023 1449 1106 571 768 1030 1092 1083 821 783 821 931 665 1043 812 733 191 598 598 738 777 714 1496 916 1206 591 913 751 830 1123 1107 1056 998 163 84 903
1116 744 329 1365 609 1236 910 1311 423 992 0 1295 1343 874 1362 417 875 1393 643 554 764 1669 1391 575 398 1316 791 1368 1107 384 410 261 345 1328 431 413 725 819 602 965 373 394 1717 246 536 1349 1198 1037 315 453 1392 386 1283 852 794 1124
949 1541 1456 1197 1061 1069 1363 1143 1264 1228 1295 0 1175 1110 1277 1284 1728 1226 1770 1006 1479 534 1224 1028 1224 1148 1549 1201 939 1240 1278 1387 1121 1161 1269 1189 961 651 1054 798 1234 1171 582 1372 1663 1264 1031 869 1287 1580 1225 1512 1116 1088 1030 229
269 1589 1503 186 1109 130 1411 136 1312 1043 1343 1175 0 1158 836 1331 1776 93 1818 1054 1527 1549 169 1076 1272 164 1597 68 259 1287 1325 1435 1169 113 1317 1237 1009 581 1102 415 1282 1219 1597 1420 1711 823 196 354 1335 1628 92 1560 141 1136 1059 1004
931 1120 1034 1180 640 1051 941 1125 842 339 874 1110 1158 0 708 862 1307 1208 1348 585 1058 1484 1206 607 803 1130 1128 1183 921 818 856 966 700 1143 847 768 226 633 633 780 812 750 1531 951 1241 695 1013 851 865 1158 1207 1091 1098 40 141 939
609 1607 1521 858 1127 729 1428 804 1329 589 1361 1277 836 708 0 1349 1794 886 1836 1072 1545 1651 884 1094 1290 809 1615 861 599 1305 1343 1453 1187 821 1334 1255 713 683 1120 517 1300 1237 1698 1438 1728 161 691 530 1352 1646 885 1578 776 686 606 1106
1105 738 323 1353 597 1225 899 1299 417 980 417 1284 1331 862 1350 0 869 1382 637 542 758 1658 1380 564 392 1304 785 1357 1095 378 404 255 333 1317 425 401 713 807 590 954 367 383 1705 240 530 1337 1187 1025 309 447 1381 380 1272 840 783 1112
1549 257 587 1798 708 1669 436 1744 876 1425 875 1728 1776 1307 1795 869 0 1826 432 767 276 2102 1824 836 851 1749 303 1801 1540 837 862 677 940 1762 884 866 1158 1252 711 1398 826 893 2150 670 415 1782 1631 1470 768 453 1825 534 1716 1285 1228 1557
319 1639 1554 113 1160 180 1461 121 1362 1093 1393 1226 93 1208 886 1382 1826 0 1868 1105 1578 1600 96 1126 1322 150 1647 47 309 1338 1376 1486 1220 98 1367 1287 1059 632 1153 466 1332 1269 1647 1470 1761 873 246 405 1385 1678 30 1610 191 1186 1110 1055
1591 301 355 1840 752 1711 480 1785 644 1467 643 1770 1818 1348 1836 637 432 1868 0 812 321 2144 1866 881 619 1790 348 1843 1581 605 631 445 708 1803 652 634 1200 1293 756 1440 594 661 2191 438 183 1823 1673 1511 536 221 1867 303 1758 1327 1269 1599
828 580 714 1076 320 948 402 1022 522 703 554 1006 1054 585 1073 542 767 1105 812 0 519 1380 1103 287 483 1027 588 1080 818 498 536 646 380 1040 527 448 436 530 313 676 492 430 1428 631 795 1060 909 748 545 833 1104 771 994 563 506 835
1300 100 475 1549 459 1420 187 1495 764 1176 764 1479 1527 1058 1546 758 276 1578 321 519 0 1853 1575 587 739 1500 147 1553 1291 725 751 565 828 1513 772 755 909 1003 462 1149 714 781 1901 558 303 1533 1382 1221 656 342 1577 423 1467 1036 979 1308
1323 1915 1830 1571 1435 1443 1737 1517 1638 1602 1669 534 1549 1484 1651 1658 2102 1600 2144 1380 1853 0 1598 1402 1598 1522 1923 1575 1313 1614 1652 1761 1495 1535 1643 1563 1335 1025 1428 1172 1608 1545 126 1746 2037 1638 1405 1243 1661 1954 1599 1886 1490 1462 1404 603
317 1637 1552 56 1158 178 1459 198 1360 1091 1391 1224 169 1206 884 1380 1824 96 1866 1103 1575 1598 0 1124 1320 222 1645 123 307 1336 1374 1483 1218 175 1365 1285 1057 630 1151 464 1330 1267 1645 1468 1759 871 244 403 1383 1676 101 1608 138 1184 1108 1052
849 649 736 1098 342 969 471 1044 544 725 575 1028 1076 607 1095 564 836 1126 881 287 587 1402 1124 0 505 1049 657 1101 840 520 558 668 402 1061 549 469 458 552 335 698 514 451 1450 652 863 1082 931 770 567 860 1125 792 1016 585 527 857
1045 720 305 1294 538 1165 839 1240 399 921 398 1224 1272 803 1291 392 851 1322 619 483 739 1598 1320 505 0 1245 766 1297 1036 360 386 237 274 1258 407 342 654 748 531 894 349 324 1646 222 512 1278 1127 966 291 429 1321 361 1212 781 724 1053
241 1562 1476 195 1082 103 1383 141 1284 1015 1316 1148 164 1130 809 1304 1749 150 1790 1027 1500 1522 222 1049 1245 0 1570 125 231 1260 1298 1408 1142 159 1289 1210 981 554 1075 388 1254 1191 1570 1393 1683 796 169 327 1307 1600 149 1533 114 1109 1032 977
1370 127 502 1619 529 1490 256 1565 791 1246 791 1549 1597 1128 1616 785 303 1647 348 588 147 1923 1645 657 766 1570 0 1622 1361 752 778 592 855 1582 799 782 979 1073 532 1219 741 808 1971 585 330 1603 1452 1291 683 369 1646 450 1537 1106 1048 1378
294 1614 1529 140 1135 155 1436 96 1337 1068 1368 1201 68 1183 861 1357 1801 47 1843 1080 1553 1575 123 1101 1297 125 1622 0 284 1313 1351 1461 1195 73 1342 1262 1034 607 1128 441 1307 1244 1622 1445 1736 848 221 380 1360 1653 46 1585 166 1161 1085 1029
89 1352 1267 280 873 152 1174 226 1075 806 1107 939 259 921 599 1095 1540 309 1581 818 1291 1313 307 840 1036 231 1361 284 0 1051 1089 1199 933 244 1080 1001 772 345 866 179 1045 982 1361 1184 1474 587 114 174 1098 1391 308 1324 199 900 823 768
1061 706 290 1309 553 1181 855 1255 384 936 384 1240 1287 818 1306 378 837 1338 605 498 725 1614 1336 520 360 1260 752 1313 1051 0 371 222 289 1273 392 357 669 763 546 910 335 339 1661 207 497 1293 1143 981 276 415 1337 347 1228 796 739 1068
1099 731 316 1347 591 1219 893 1293 410 974 410 1278 1325 856 1344 404 862 1376 631 536 751 1652 1374 558 386 1298 778 1351 1089 371 0 248 327 1311 418 395 707 801 584 948 360 377 1699 233 523 1331 1181 1019 302 440 1375 373 1266 835 777 1106
1208 546 167 1457 701 1328 725 1403 261 1084 261 1387 1435 966 1454 255 677 1486 445 646 565 1761 1483 668 237 1408 592 1461 1199 222 248 0 326 1421 269 252 817 911 694 1057 212 278 1809 84 338 1441 1290 1129 153 292 1485 224 1375 944 887 1216
943 809 394 1191 435 1062 736 1137 313 818 345 1121 1169 700 1188 333 940 1220 708 380 828 1495 1218 402 274 1142 855 1195 933 289 327 326 0 1155 319 239 551 645 428 791 284 221 1543 310 601 1175 1024 863 337 518 1219 450 1109 678 621 950
254 1574 1489 192 1095 116 1396 142 1297 1028 1328 1161 113 1143 821 1317 1762 98 1803 1040 1513 1535 175 1061 1258 159 1582 73 244 1273 1311 1421 1155 0 1302 1223 994 567 1088 401 1267 1204 1583 1406 1696 808 182 340 1320 1613 98 1546 126 1121 1045 990
1090 753 338 1338 582 1210 884 1284 431 965 431 1269 1317 847 1335 425 884 1367 652 527 772 1643 1365 549 407 1289 799 1342 1080 392 418 269 319 1302 0 386 698 792 575 939 382 368 1690 254 545 1322 1172 1010 323 462 1366 394 1257 826 768 1097
1010 735 320 1259 503 1130 804 1205 381 886 413 1189 1237 768 1256 401 866 1287 634 448 755 1563 1285 469 342 1210 782 1262 1001 357 395 252 239 1223 386 0 619 713 496 859 351 289 1611 237 527 1243 1092 931 306 444 1286 377 1177 746 689 1018
782 971 885 1031 491 902 792 976 693 344 725 961 1009 226 714 713 1158 1059 1200 436 909 1335 1057 458 654 981 979 1034 772 669 707 817 551 994 698 619 0 485 484 631 664 601 1383 802 1092 701 864 703 716 1010 1058 942 949 204 147 790
355 1065 979 603 585 475 886 549 787 752 819 651 581 633 683 807 1252 632 1293 530 1003 1025 630 552 748 554 1073 607 345 763 801 911 645 567 792 713 485 0 578 203 757 695 1073 896 1186 670 436 275 810 1103 631 1036 521 612 554 480
876 524 762 1124 287 996 346 1070 570 751 602 1054 1102 633 1121 590 711 1153 756 313 462 1428 1151 335 531 1075 532 1128 866 546 584 694 428 1088 575 496 484 578 0 725 541 478 1476 679 738 1108 957 796 593 777 1152 819 1042 611 554 883
189 1211 1126 437 731 309 1033 383 934 724 965 798 415 780 517 954 1398 466 1440 676 1149 1172 464 698 894 388 1219 441 179 910 948 1057 791 401 939 859 631 203 725 0 904 841 1219 1042 1333 504 271 109 957 1250 465 1182 356 758 700 626
1055 695 280 1304 547 1175 849 1249 374 931 373 1234 1282 812 1300 367 826 1332 594 492 714 1608 1330 514 349 1254 741 1307 1045 335 360 212 284 1267 382 351 664 757 541 904 0 333 1655 196 487 1287 1137 975 266 404 1331 336 1222 791 733 1062
992 762 347 1241 484 1112 786 1186 363 868 394 1171 1219 750 1237 383 893 1269 661 430 781 1545 1267 451 324 1191 808 1244 982 339 377 278 221 1204 368 289 601 695 478 841 333 0 1592 263 554 1224 1074 912 332 471 1268 403 1159 728 670 1000
1370 1963 1877 1619 1483 1490 1784 1565 1685 1650 1717 582 1597 1531 1698 1705 2150 1647 2191 1428 1901 126 1645 1450 1646 1570 1971 1622 1361 1661 1699 1809 1543 1583 1690 1611 1383 1073 1476 1219 1655 1592 0 1794 2084 1685 1452 1291 1708 2001 1646 1934 1537 1510 1452 651
1193 539 152 1442 686 1313 718 1388 246 1069 246 1372 1420 951 1439 240 670 1470 438 631 558 1746 1468 652 222 1393 585 1445 1184 207 233 84 310 1406 254 237 802 896 679 1042 196 263 1794 0 332 1426 1275 1114 138 277 1469 209 1360 929 872 1201
1484 284 249 1732 735 1604 463 1678 537 1359 536 1663 1711 1241 1729 530 415 1761 183 795 303 2037 1759 863 512 1683 330 1736 1474 497 523 338 601 1696 545 527 1092 1186 738 1333 487 554 2084 332 0 1716 1566 1404 428 115 1760 196 1651 1220 1162 1491
596 1594 1508 845 1114 716 1416 791 1316 576 1348 1264 823 695 161 1336 1781 873 1823 1059 1532 1638 871 1081 1277 796 1602 848 587 1292 1330 1440 1174 808 1322 1242 700 670 1107 504 1287 1224 1685 1425 1715 0 678 517 1340 1633 872 1565 763 673 593 1093
124 1444 1359 218 964 125 1266 164 1167 898 1198 1031 196 1013 691 1187 1631 246 1673 909 1382 1405 244 931 1127 169 1452 221 114 1143 1181 1290 1024 182 1172 1092 864 436 957 271 1137 1074 1452 1275 1566 678 0 209 1190 1483 245 1415 136 991 915 859
184 1283 1197 376 803 248 1104 322 1005 737 1037 869 354 851 530 1025 1470 405 1511 748 1221 1243 403 770 966 327 1291 380 174 981 1019 1129 863 340 1010 931 703 275 796 109 975 912 1291 1114 1404 517 209 0 1028 1321 404 1254 294 830 753 698
1108 637 221 1356 600 1228 816 1302 315 983 315 1287 1335 865 1353 309 768 1385 536 545 656 1661 1383 567 291 1307 683 1360 1098 276 302 153 337 1320 323 306 716 810 593 957 266 332 1708 138 428 1340 1190 1028 0 346 1384 278 1275 844 786 1115
1401 322 287 1650 773 1521 501 1595 454 1277 453 1580 1628 1158 1646 447 453 1678 221 833 342 1954 1676 860 429 1600 369 1653 1391 415 440 292 518 1613 462 444 1010 1103 777 1250 404 471 2001 277 115 1633 1483 1321 346 0 1677 235 1568 1137 1079 1408
318 1638 1553 118 1159 179 1460 120 1361 1092 1392 1225 92 1207 885 1381 1825 30 1867 1104 1577 1599 101 1125 1321 149 1646 46 308 1337 1375 1485 1219 98 1366 1286 1058 631 1152 465 1331 1268 1646 1469 1760 872 245 404 1384 1677 0 1609 190 1185 1109 1054
1333 404 292 1582 826 1453 582 1528 386 1209 386 1512 1560 1091 1579 380 534 1610 303 771 423 1886 1608 792 361 1533 450 1585 1324 347 373 224 450 1546 394 377 942 1036 819 1182 336 403 1934 209 196 1566 1415 1254 278 235 1609 0 1500 1069 1011 1341
209 1529 1444 112 1049 70 1351 109 1252 983 1283 1116 141 1098 776 1272 1716 191 1758 994 1467 1490 138 1016 1212 114 1537 166 199 1228 1266 1375 1109 126 1257 1177 949 521 1042 356 1222 1159 1537 1360 1651 763 136 294 1275 1568 190 1500 0 1076 1000 944
909 1098 1012 1158 618 1029 920 1104 821 317 852 1088 1136 40 686 840 1285 1186 1327 563 1036 1462 1184 585 781 1109 1106 1161 900 796 835 944 678 1121 826 746 204 612 611 758 791 728 1510 929 1220 674 991 830 844 1137 1185 1069 1076 0 119 917
833 1040 955 1082 561 953 862 1028 763 237 794 1030 1060 141 607 783 1228 1111 1269 506 979 1404 1108 527 724 1033 1048 1086 824 739 777 887 621 1046 768 689 147 554 554 700 733 670 1452 872 1162 594 915 754 786 1079 1110 1011 1000 119 0 859
777 1370 1284 1026 890 897 1191 972 1092 1057 1124 229 1004 939 1106 1112 1557 1055 1599 835 1308 603 1052 857 1053 977 1378 1029 768 1068 1106 1216 950 990 1097 1018 790 480 883 626 1062 1000 651 1201 1491 1093 859 698 1115 1408 1054 1341 944 917 859 0
EOF