NAME : tsp_problem
TYPE : TSP
DIMENSION : 62
EDGE_WEIGHT_TYPE : EXPLICIT
EDGE_WEIGHT_FORMAT : FULL_MATRIX
EDGE_WEIGHT_SECTION
0 1036 786 1202 110 794 1718 872 108 1060 779 125 80 896 670 1404 748 314 600 566 862 548 200 1025 1134 621 1145 1125 1048 1714 1011 926 888 1228 1006 952 1046 780 997 506 1135 1269 1000 793 65 915 594 1141 561 710 689 352 98 1014 1079 783 976 1030 526 865 647 1040
1036 0 1292 591 969 1301 2224 993 955 1181 1285 1099 991 1017 1177 420 1255 820 1276 1072 1368 1054 1197 1146 1255 1127 1266 1246 1555 2220 1518 1047 1009 1734 1512 1073 1167 1286 1118 1012 1256 1776 1121 1299 1039 1036 1270 1647 1067 366 1195 858 965 1520 1585 1289 1097 166 1032 986 886 1547
786 1292 0 1458 719 315 1258 1147 705 1335 819 849 741 1170 332 1661 252 502 1347 605 816 268 947 1299 1408 337 1419 1400 683 1254 278 1200 1163 768 272 1226 1320 330 1271 545 1409 536 1275 198 789 1190 1340 407 600 966 728 493 715 280 346 309 1251 1287 291 1139 1039 637
1213 591 1469 0 1146 1478 2401 1170 1132 1358 1462 1276 1168 1194 1354 434 1432 997 1453 1249 1545 1231 1374 1323 1432 1304 1443 1423 1732 2398 1695 1224 1186 1911 1689 1250 1344 1464 1295 1189 1433 1953 1298 1476 1216 1213 1447 1824 1244 904 1372 1035 1142 1697 1763 1466 1274 705 1209 1163 1063 1724
110 969 719 1135 0 728 1651 823 157 1011 712 173 129 847 603 1338 681 247 671 499 795 481 271 976 1085 554 1096 1077 981 1647 945 877 839 1161 939 903 997 713 948 439 1086 1202 952 726 113 866 665 1074 494 643 622 285 147 947 1012 716 928 964 459 816 716 973
794 1301 315 1467 728 0 1365 1155 714 1343 827 857 749 1179 394 1669 359 511 1355 614 910 276 955 1308 1417 345 1428 1408 791 1362 386 1209 1171 875 380 1234 1328 438 1280 554 1417 643 1283 306 797 1198 1349 515 609 975 737 502 724 388 453 417 1259 1295 299 1148 1047 744
2020 2526 1560 2692 1953 1668 0 2381 1939 2569 1291 2083 1975 2404 1685 2895 1604 1737 2581 1528 1228 1775 2181 2533 2642 1732 2653 2634 1095 332 1327 2434 2397 842 1369 2460 2554 1683 2505 1560 2643 1225 2509 1551 2023 2424 2574 1228 1500 2200 1433 1727 1949 1322 1246 1662 2485 2521 1798 2373 2273 1049
872 993 1147 1159 823 1155 2078 0 810 206 1140 953 845 41 1031 1362 1109 674 641 926 1223 908 818 171 279 981 291 271 1409 2075 1372 72 34 1588 1366 97 191 1141 142 866 280 1630 146 1153 863 61 635 1502 921 667 1049 712 820 1374 1440 1144 122 988 886 35 251 1401
108 955 705 1121 157 714 1637 810 0 997 698 171 127 833 589 1324 667 233 669 485 781 467 269 962 1071 540 1082 1063 967 1633 931 863 826 1147 925 889 983 699 934 425 1072 1188 938 712 111 853 662 1060 480 629 608 271 145 933 998 702 914 950 445 802 702 959
1059 1181 1335 1347 1011 1343 2266 206 997 0 1328 1141 1033 188 1219 1549 1297 862 829 1114 1411 1096 1006 166 116 1169 127 145 1597 2263 1560 182 207 1776 1554 132 113 1329 138 1054 117 1818 141 1341 1051 196 823 1689 1109 855 1237 900 1007 1562 1628 1331 126 1175 1074 223 439 1589
779 1285 819 1451 712 827 988 1140 698 1328 0 842 734 1163 703 1654 781 495 1340 287 144 580 940 1292 1401 653 1412 1393 319 985 645 1193 1156 498 687 1219 1313 813 1264 319 1402 543 1268 825 782 1183 1333 547 259 959 192 486 708 640 564 815 1244 1280 558 1132 1032 311
125 1099 849 1265 173 857 1781 953 171 1141 842 0 143 977 733 1467 811 376 685 629 925 611 285 1106 1215 684 1226 1206 1111 1777 1074 1007 969 1290 1069 1033 1127 843 1078 569 1216 1332 1081 855 128 996 679 1204 624 773 752 415 161 1077 1142 846 1057 1093 588 946 732 1103
80 991 741 1157 129 749 1672 845 127 1033 734 143 0 869 625 1359 703 268 641 520 817 503 241 998 1107 575 1118 1098 1003 1669 966 899 861 1182 961 925 1019 735 970 461 1108 1224 973 747 83 888 635 1096 515 665 644 306 117 968 1034 738 949 985 480 838 688 995
895 1017 1170 1183 847 1179 2102 41 833 188 1163 977 869 0 1054 1385 1132 698 665 950 1246 932 841 153 262 1005 273 253 1432 2098 1396 92 55 1612 1390 118 174 1164 125 890 263 1653 128 1177 887 82 658 1525 945 690 1073 736 843 1398 1463 1167 114 1011 910 59 275 1424
670 1177 332 1342 603 394 1383 1031 589 1219 703 733 625 1054 0 1545 348 387 1231 489 786 152 831 1184 1292 221 1304 1284 808 1379 403 1085 1047 893 397 1110 1204 380 1155 430 1293 661 1159 324 673 1074 1224 533 484 850 613 377 599 405 471 383 1135 1171 175 1023 923 762
1404 420 1661 434 1338 1669 2592 1362 1324 1549 1654 1467 1359 1385 1545 0 1623 1188 1644 1440 1737 1422 1565 1514 1623 1495 1634 1615 1923 2589 1886 1415 1378 2102 1880 1441 1535 1655 1486 1380 1624 2144 1490 1667 1407 1405 1638 2016 1435 734 1563 1226 1334 1888 1954 1658 1466 534 1400 1354 1254 1915
748 1255 252 1420 681 359 1302 1109 667 1297 781 811 703 1132 348 1623 0 465 1309 568 860 230 909 1262 1371 299 1382 1362 727 1299 322 1163 1125 812 317 1188 1282 374 1234 508 1371 580 1237 243 751 1152 1303 452 563 928 691 455 677 325 390 353 1213 1249 253 1101 1001 681
314 820 502 986 247 511 1434 674 233 862 495 376 268 698 387 1188 465 0 874 282 578 264 474 827 936 337 947 927 765 1431 728 728 690 944 722 754 848 497 799 222 937 986 802 509 317 717 868 857 277 494 405 102 243 730 796 499 778 814 242 667 567 757
599 1276 1346 1442 670 1354 2278 641 668 829 1339 684 640 665 1230 1644 1308 874 0 1126 1422 1108 546 794 903 1181 914 894 1608 2274 1571 695 657 1787 1566 721 815 1340 766 1066 904 1829 769 1353 591 684 154 1701 1121 950 1249 912 658 1574 1639 1343 746 1270 1086 634 416 1600
566 1072 605 1238 499 614 1225 926 485 1114 287 629 520 950 489 1440 568 282 1126 0 370 367 726 1079 1188 440 1199 1179 556 1222 831 980 942 735 825 1006 1100 599 1051 325 1189 780 1054 612 569 969 1120 784 311 746 244 273 495 833 801 602 1030 1066 345 919 819 548
862 1368 816 1534 795 910 926 1223 781 1411 144 925 817 1246 786 1737 860 578 1423 370 0 663 1023 1375 1484 736 1495 1476 256 922 582 1276 1239 436 625 1302 1396 896 1347 402 1485 480 1351 807 865 1266 1416 484 342 1042 275 569 791 577 501 899 1327 1363 641 1215 1115 248
548 1054 268 1220 481 276 1473 908 467 1096 580 611 503 932 152 1422 230 264 1108 367 663 0 708 1061 1170 102 1181 1162 850 1469 493 962 924 982 487 988 1082 262 1033 307 1171 751 1036 274 551 951 1102 622 362 728 490 255 477 495 561 264 1013 1048 53 901 801 842
73 1069 819 1235 144 827 1751 858 141 1046 812 158 113 882 703 1437 781 347 586 599 895 581 0 1011 1120 654 1131 1112 1081 1747 1045 912 874 1261 1039 938 1032 813 983 539 1121 1302 986 826 64 901 580 1174 594 743 722 385 131 1047 1112 816 963 1063 559 851 633 1073
1024 1146 1299 1312 976 1308 2231 171 962 166 1292 1106 998 153 1184 1514 1262 827 794 1079 1375 1061 971 0 153 1134 142 120 1562 2228 1525 146 172 1741 1519 97 151 1294 102 1019 153 1783 55 1306 1016 161 788 1654 1074 820 1202 865 972 1527 1592 1296 91 1140 1039 188 404 1554
1133 1255 1408 1421 1085 1417 2340 279 1071 116 1401 1215 1107 262 1292 1623 1371 936 903 1188 1484 1170 1080 153 0 1243 67 58 1671 2336 1634 255 281 1850 1628 206 122 1402 166 1128 78 1891 189 1415 1125 270 897 1763 1183 929 1311 974 1081 1636 1701 1405 200 1249 1148 297 513 1663
621 1127 337 1293 554 345 1430 981 540 1169 653 684 575 1005 221 1495 299 337 1181 440 736 102 781 1134 1243 0 1254 1234 855 1426 450 1035 997 940 445 1061 1155 331 1106 380 1244 708 1109 343 624 1024 1175 580 435 801 563 328 550 453 518 333 1085 1121 126 974 874 809
1144 1266 1419 1432 1096 1428 2351 291 1082 127 1412 1226 1118 273 1304 1634 1382 947 914 1199 1495 1181 1091 142 67 1254 0 47 1682 2347 1645 266 292 1861 1639 217 133 1413 177 1139 67 1903 178 1426 1136 281 908 1774 1194 940 1322 985 1092 1647 1712 1416 211 1260 1159 308 524 1674
1125 1246 1400 1412 1077 1408 2331 271 1063 145 1393 1206 1098 253 1284 1615 1362 927 894 1179 1476 1162 1071 120 58 1234 47 0 1662 2328 1625 247 272 1841 1619 197 151 1394 194 1120 58 1883 155 1406 1116 261 888 1755 1174 920 1302 965 1073 1627 1693 1397 192 1241 1139 288 504 1654
1048 1555 683 1721 981 791 793 1409 967 1597 319 1111 1003 1432 808 1923 727 765 1609 556 256 850 1209 1562 1671 855 1682 1662 0 790 450 1463 1425 303 492 1488 1582 806 1534 588 1671 348 1537 674 1051 1452 1603 351 529 1228 462 755 977 445 369 785 1513 1549 828 1401 1301 127
2024 2530 1564 2696 1957 1671 339 2384 1943 2572 1294 2087 1979 2408 1689 2898 1608 1740 2584 1532 1232 1779 2184 2537 2646 1736 2657 2637 1099 0 1331 2438 2400 846 1373 2464 2558 1686 2509 1564 2647 1228 2512 1555 2027 2427 2578 1232 1504 2204 1437 1731 1953 1325 1249 1665 2489 2524 1802 2377 2277 1053
1011 1518 278 1684 945 386 1025 1372 931 1560 645 1074 966 1396 403 1886 322 728 1572 831 582 493 1172 1525 1634 450 1645 1625 450 1021 0 1426 1388 534 343 1451 1546 401 1497 771 1635 303 1500 269 1014 1415 1566 217 826 1192 788 719 941 311 235 380 1476 1512 516 1365 1265 404
925 1047 1200 1213 877 1209 2132 72 863 182 1193 1007 899 92 1085 1415 1163 728 695 980 1276 962 872 146 255 1035 266 247 1463 2128 1426 0 85 1642 1420 113 167 1194 118 920 256 1683 122 1207 917 112 689 1555 975 721 1103 766 873 1428 1493 1197 107 1041 940 89 305 1455
888 1009 1163 1175 839 1171 2094 34 826 207 1156 969 861 55 1047 1378 1125 690 657 942 1239 924 834 172 281 997 292 272 1425 2091 1388 85 0 1604 1382 111 193 1157 144 882 282 1646 147 1169 879 74 651 1518 937 683 1065 728 836 1390 1456 1160 133 1004 902 51 267 1417
1228 1734 768 1900 1161 875 540 1588 1147 1776 498 1290 1182 1612 893 2102 812 944 1788 735 436 982 1388 1741 1850 940 1861 1841 303 537 534 1642 1604 0 577 1668 1762 890 1713 767 1851 432 1716 759 1230 1631 1782 436 708 1408 641 935 1157 529 453 869 1692 1728 1006 1581 1481 257
1006 1512 272 1678 939 380 1067 1366 925 1554 687 1069 961 1390 397 1880 317 722 1566 825 625 487 1166 1519 1628 445 1639 1619 492 1063 343 1420 1382 577 0 1446 1540 395 1491 765 1629 345 1494 264 1009 1409 1560 259 820 1186 830 713 935 345 277 374 1471 1506 511 1359 1259 446
951 1073 1226 1238 903 1234 2158 97 889 132 1219 1033 925 118 1110 1441 1188 754 721 1006 1302 988 897 97 206 1061 217 197 1488 2154 1451 113 111 1668 1446 0 118 1220 69 946 207 1709 72 1233 943 127 714 1581 1001 746 1129 792 899 1454 1519 1223 58 1067 966 115 330 1480
1045 1167 1320 1332 997 1328 2252 191 983 113 1313 1127 1019 174 1204 1535 1282 848 815 1100 1396 1082 991 151 122 1155 133 151 1582 2248 1546 167 193 1762 1540 118 0 1314 123 1040 123 1803 126 1327 1037 182 808 1675 1095 840 1223 886 993 1548 1613 1317 112 1161 1060 209 424 1574
780 1286 330 1452 713 438 1380 1141 699 1329 813 843 735 1164 380 1655 374 497 1341 599 896 262 941 1294 1402 331 1413 1394 806 1377 401 1194 1157 890 395 1220 1314 0 1265 540 1403 658 1269 321 783 1184 1334 530 594 960 722 487 709 403 468 432 1245 1281 285 1133 1033 759
996 1118 1271 1284 948 1280 2203 142 934 138 1264 1078 970 125 1155 1486 1234 799 766 1051 1347 1033 943 102 166 1106 177 194 1534 2199 1497 118 144 1713 1491 69 123 1265 0 991 166 1754 78 1278 988 133 760 1626 1046 792 1174 837 944 1499 1564 1268 63 1112 1011 160 376 1526
506 1012 545 1178 439 554 1258 866 425 1054 319 569 461 890 430 1380 508 222 1066 325 402 307 666 1019 1128 380 1139 1120 588 1254 771 920 882 767 765 946 1040 540 991 0 1129 812 994 552 509 909 1060 816 320 686 276 213 435 773 833 542 971 1006 285 859 759 580
1134 1256 1409 1421 1086 1417 2341 280 1072 117 1402 1216 1108 263 1293 1624 1371 937 904 1189 1485 1171 1080 153 78 1244 67 58 1671 2337 1635 256 282 1851 1629 207 123 1403 166 1129 0 1892 189 1416 1126 270 897 1764 1184 929 1312 975 1082 1637 1702 1406 201 1250 1149 298 513 1663
1269 1776 536 1941 1202 643 922 1630 1188 1818 543 1332 1224 1653 661 2144 580 986 1830 780 480 751 1430 1783 1891 708 1903 1883 348 919 303 1683 1646 432 345 1709 1803 658 1754 812 1892 0 1758 527 1272 1673 1823 204 752 1449 685 976 1198 297 221 637 1734 1770 774 1622 1522 301
1000 1121 1275 1287 952 1283 2206 146 938 141 1268 1081 973 128 1159 1490 1237 802 769 1054 1351 1036 946 55 189 1109 178 155 1537 2203 1500 122 147 1716 1494 72 126 1269 78 994 189 1758 0 1281 991 136 763 1630 1049 795 1177 840 948 1502 1568 1272 67 1116 1014 163 379 1529
793 1299 198 1465 726 306 1249 1153 712 1341 825 855 747 1177 324 1667 243 509 1353 612 807 274 953 1306 1415 343 1426 1406 674 1245 269 1207 1169 759 264 1233 1327 321 1278 552 1416 527 1281 0 796 1196 1347 399 607 973 735 500 722 272 337 300 1257 1293 298 1146 1046 628
65 1039 789 1205 113 797 1721 864 111 1052 782 128 83 887 673 1407 751 317 592 569 865 551 192 1017 1126 624 1137 1117 1051 1717 1014 918 880 1230 1009 943 1037 783 989 509 1126 1272 992 796 0 907 586 1144 564 713 692 355 101 1017 1082 786 968 1033 529 856 638 1043
915 1036 1190 1202 866 1198 2121 61 853 196 1183 996 888 82 1074 1405 1152 717 684 969 1266 951 861 161 270 1024 281 261 1452 2118 1415 112 74 1631 1409 127 182 1184 133 909 270 1673 136 1196 906 0 678 1545 964 710 1092 755 863 1417 1483 1187 122 1031 929 78 294 1444
593 1270 1340 1435 664 1348 2271 635 662 823 1333 678 634 658 1224 1638 1302 867 154 1119 1416 1101 540 788 897 1174 908 888 1602 2268 1565 689 651 1781 1559 714 808 1334 760 1059 897 1823 763 1346 585 678 0 1694 1114 943 1242 905 652 1567 1633 1336 739 1264 1079 628 409 1594
1141 1647 407 1813 1074 515 926 1502 1060 1689 547 1204 1096 1525 533 2016 452 857 1702 784 484 622 1301 1654 1763 580 1774 1755 351 922 217 1555 1518 436 259 1581 1675 530 1626 816 1764 204 1630 399 1144 1545 1695 0 756 1321 689 848 1070 212 136 509 1606 1642 646 1494 1394 305
561 1067 600 1233 494 609 1198 921 480 1109 259 624 515 945 484 1435 563 277 1121 311 342 362 721 1074 1183 435 1194 1174 529 1194 826 975 937 708 820 1001 1095 594 1046 320 1184 752 1049 607 564 964 1115 756 0 741 216 268 490 828 773 597 1025 1061 340 914 814 521
710 366 966 904 643 975 1898 667 629 855 959 773 665 690 850 734 928 494 950 746 1042 728 871 820 929 801 940 920 1228 1894 1192 721 683 1408 1186 746 840 960 792 686 929 1449 795 973 713 710 943 1321 741 0 869 532 639 1194 1259 963 771 360 706 660 559 1220
689 1195 728 1361 622 737 1131 1049 608 1237 192 752 644 1073 613 1563 691 405 1249 244 275 490 849 1202 1311 563 1322 1302 462 1127 788 1103 1065 641 830 1129 1223 722 1174 276 1312 685 1177 735 692 1092 1243 689 216 869 0 396 618 782 706 725 1154 1189 468 1042 942 454
352 858 493 1024 285 502 1425 712 271 900 486 415 306 736 377 1226 455 102 912 273 569 255 512 865 974 328 985 965 755 1421 719 766 728 935 713 792 886 487 837 213 975 976 840 500 355 755 906 848 268 532 396 0 281 721 786 490 816 852 233 705 605 747
98 965 715 1131 147 724 1647 820 145 1007 708 161 117 843 599 1334 677 243 659 495 791 477 259 972 1081 550 1092 1073 977 1643 941 873 836 1157 935 899 993 709 944 435 1082 1198 948 722 101 863 653 1070 490 639 618 281 0 943 1008 712 924 960 455 812 705 969
1014 1520 280 1686 947 388 1019 1374 933 1562 640 1077 968 1398 405 1888 325 730 1574 833 577 495 1174 1527 1636 453 1647 1627 445 1016 311 1428 1390 529 345 1454 1548 403 1499 773 1637 297 1502 272 1017 1417 1568 212 828 1194 782 721 943 0 230 382 1478 1514 519 1367 1267 398
1079 1585 346 1751 1012 453 943 1440 998 1628 564 1142 1034 1463 471 1954 390 796 1640 801 501 561 1240 1592 1701 518 1712 1693 369 940 235 1493 1456 453 277 1519 1613 468 1564 833 1702 221 1568 337 1082 1483 1633 136 773 1259 706 786 1008 230 0 447 1544 1580 584 1432 1332 322
783 1289 309 1455 716 417 1359 1144 702 1331 815 846 738 1167 383 1658 353 499 1344 602 899 264 943 1296 1405 333 1416 1397 785 1356 380 1197 1160 869 374 1223 1317 432 1268 542 1406 637 1272 300 786 1187 1337 509 597 963 725 490 712 382 447 0 1248 1284 288 1136 1036 738
976 1097 1251 1263 928 1259 2182 122 914 126 1244 1057 949 114 1135 1466 1213 778 746 1030 1327 1013 922 91 200 1085 211 192 1513 2179 1476 107 133 1692 1471 58 112 1245 63 971 201 1734 67 1257 967 122 739 1606 1025 771 1154 816 924 1478 1544 1248 0 1092 990 139 355 1505
1030 166 1287 705 964 1295 2218 988 950 1175 1280 1093 985 1011 1171 534 1249 814 1270 1066 1363 1048 1191 1140 1249 1121 1260 1241 1549 2215 1512 1041 1004 1728 1506 1067 1161 1281 1112 1006 1250 1770 1116 1293 1033 1031 1264 1642 1061 360 1189 852 960 1514 1580 1284 1092 0 1026 980 880 1541
526 1032 291 1198 459 299 1496 886 445 1074 558 588 480 910 175 1400 253 242 1086 345 641 53 686 1039 1148 126 1159 1139 828 1492 516 940 902 1006 511 966 1060 285 1011 285 1149 774 1014 298 529 929 1080 646 340 706 468 233 455 519 584 288 990 1026 0 879 779 820
864 986 1139 1152 816 1148 2071 35 802 223 1132 946 838 59 1023 1354 1101 667 634 919 1215 901 811 188 297 974 308 288 1401 2067 1365 89 51 1581 1359 115 209 1133 160 859 298 1622 163 1146 856 78 628 1494 914 660 1042 705 812 1367 1432 1136 139 980 879 0 244 1393
646 886 1039 1051 716 1047 1971 251 702 439 1032 731 687 275 923 1254 1001 567 416 819 1115 801 592 404 513 874 524 504 1301 1967 1265 305 267 1481 1259 330 424 1033 376 759 513 1522 379 1046 638 294 409 1394 814 559 942 605 705 1267 1332 1036 355 880 779 244 0 1293
1040 1547 637 1712 973 744 747 1401 959 1589 311 1103 995 1424 762 1915 681 757 1601 548 248 842 1201 1554 1663 809 1674 1654 127 743 404 1455 1417 257 446 1480 1574 759 1526 580 1663 301 1529 628 1043 1444 1595 305 521 1220 454 747 969 398 322 738 1505 1541 820 1393 1293 0
EOF