NAME : tsp_problem
TYPE : TSP
DIMENSION : 74
EDGE_WEIGHT_TYPE : EXPLICIT
EDGE_WEIGHT_FORMAT : FULL_MATRIX
EDGE_WEIGHT_SECTION
0 125 475 1007 1933 152 1051 1453 392 748 990 1031 4314 162 1013 1397 1181 1313 1240 1201 1191 56 130 62 1211 1349 67 967 1510 931 1490 864 1251 1206 1231 112 936 793 1205 1334 994 1443 1234 1416 1221 1004 869 948 1583 1222 116 137 1345 155 723 765 1217 1271 82 195 1610 1258 1062 1711 1730 894 1604 1361 1521 1165 332 1131 953 1415
125 0 436 969 1895 218 1013 1415 353 710 951 993 4276 124 975 1359 1143 1275 1202 1163 1153 122 196 127 1173 1311 133 929 1472 892 1452 826 1213 1168 1193 74 898 755 1167 1296 956 1405 1196 1378 1183 966 830 909 1545 1184 182 99 1307 221 684 727 1178 1232 120 261 1572 1220 1024 1673 1692 855 1566 1323 1483 1127 294 1092 915 1376
475 436 0 590 1515 603 633 1036 345 331 572 614 3897 355 595 979 763 896 823 784 774 498 581 473 793 932 518 550 1093 513 1073 447 834 788 814 409 752 376 787 917 577 1025 817 998 803 587 451 530 1165 804 567 384 928 607 676 347 799 853 455 646 1193 841 645 1293 1312 476 1186 944 1103 748 286 713 554 997
1007 969 590 0 1001 1136 645 831 878 746 367 1029 3383 887 390 774 558 691 1238 579 569 1030 1114 1006 588 415 1051 345 823 308 556 242 317 583 609 942 763 273 582 400 372 1440 612 793 287 341 463 325 784 599 1100 917 1343 1140 1126 763 594 648 988 1179 676 636 440 780 799 271 763 1359 801 543 819 244 566 792
1933 1895 1515 1001 0 2061 1570 524 1803 1671 973 1954 3025 1813 1026 577 827 660 2163 819 842 1956 2040 1931 835 638 1976 996 465 1067 568 1089 727 827 753 1868 1688 1198 866 648 1026 2366 749 566 764 1004 1388 1033 426 880 2025 1842 2268 2065 2052 1688 886 713 1913 2105 471 728 930 422 441 1076 405 2284 443 841 1744 906 1491 559
152 218 603 1136 2061 0 1180 1582 520 877 1118 1160 4443 291 1141 1525 1309 1442 1369 1330 1320 148 186 154 1339 1478 159 1096 1639 1059 1619 993 1380 1335 1360 229 1065 922 1333 1463 1123 1571 1363 1544 1349 1133 997 1076 1711 1351 192 266 1474 140 851 894 1345 1399 175 66 1739 1387 1191 1840 1858 1022 1732 1490 1650 1294 461 1259 1081 1543
1051 1013 633 645 1570 1180 0 1091 710 789 627 1072 3952 931 650 1034 818 951 1281 839 829 1074 1158 1049 848 987 1094 605 1148 568 1128 502 888 843 869 986 339 431 842 972 632 1484 872 1053 858 642 226 585 1220 859 1143 960 1386 1183 702 806 854 908 1031 1223 1248 896 700 1348 1367 531 1241 1402 1158 803 748 768 141 1052
1453 1415 1036 831 524 1582 1091 0 1324 1192 493 1475 2906 1333 546 292 347 209 1684 339 363 1476 1560 1451 356 519 1497 516 257 754 450 609 609 348 274 1388 1209 719 386 530 546 1886 269 311 645 828 908 771 217 401 1546 1363 1789 1585 1572 1208 406 233 1434 1625 475 249 450 303 321 597 196 1805 235 361 1265 788 1011 310
392 353 345 878 1803 520 709 1324 0 619 860 902 4185 272 883 1267 1051 1184 1111 1072 1062 415 498 390 1081 1220 435 838 1381 801 1361 735 1122 1077 1102 326 591 664 1075 1205 865 1313 1105 1286 1091 875 715 818 1453 1093 484 301 1216 524 377 636 1087 1141 372 564 1481 1129 933 1582 1600 764 1474 1232 1392 1036 85 1001 607 1285
748 710 331 746 1671 877 789 1192 619 0 728 322 4052 628 751 1135 919 1052 904 940 930 771 855 746 949 1087 792 706 1248 669 1228 603 989 944 970 683 907 532 943 1072 733 734 973 1154 959 743 607 686 1321 960 840 657 636 880 950 141 955 1009 729 920 1348 996 801 1449 1468 632 1342 652 1259 904 559 869 710 1153
990 951 572 367 973 1118 627 493 860 728 0 1011 3354 870 83 436 220 353 1220 241 231 1013 1096 988 251 709 1033 53 550 290 850 146 611 246 271 924 745 255 244 694 83 1422 274 455 580 364 445 307 622 262 1082 899 1325 1122 1108 745 256 310 970 1162 923 298 102 751 770 133 643 1341 561 205 801 490 548 454
1031 993 614 1029 1954 1160 1072 1475 902 322 1011 0 4335 911 1034 1418 1202 1335 630 1223 1213 1054 1138 1029 1232 1370 1075 989 1531 952 1511 886 1272 1227 1253 966 1190 815 1226 1355 1015 460 1256 1437 1242 1025 890 969 1604 1243 1123 940 362 1163 1233 386 1238 1292 1011 1203 1631 1279 1084 1732 1751 915 1625 378 1542 1187 842 1152 993 1436
4314 4276 3897 3383 3025 4443 3952 2906 4185 4052 3354 4335 0 4194 3407 2958 3208 3041 4544 3200 3224 4337 4421 4312 3217 3020 4358 3377 2847 3450 2951 3470 3110 3209 3134 4249 4070 3579 3247 3030 3407 4747 3130 2947 3146 3386 3769 3415 2807 3261 4406 4223 4649 4446 4433 4069 3267 3094 4294 4486 2976 3110 3311 2629 2613 3458 2786 4666 2825 3222 4125 3289 3872 2941
162 124 355 887 1813 291 931 1333 272 628 870 911 4194 0 893 1277 1061 1193 1120 1081 1071 185 269 160 1091 1229 206 847 1390 811 1370 745 1131 1086 1111 97 816 673 1085 1214 874 1323 1114 1296 1101 884 749 828 1463 1102 254 74 1225 294 603 645 1097 1151 142 334 1490 1138 943 1591 1610 774 1484 1241 1401 1045 212 1011 833 1295
1013 975 595 390 1026 1141 650 546 883 751 83 1034 3407 893 0 490 274 406 1243 294 284 1036 1120 1011 304 732 1056 76 603 313 873 169 634 299 324 948 769 278 298 717 106 1446 327 509 604 387 468 330 676 315 1105 922 1348 1145 1132 768 310 364 993 1185 976 351 156 804 823 156 697 1364 614 258 824 513 571 508
1397 1359 979 774 577 1525 1034 292 1267 1135 436 1418 2958 1277 490 0 290 152 1627 283 306 1420 1503 1395 299 572 1440 460 309 697 502 553 662 291 217 1332 1152 662 330 582 490 1830 213 255 698 771 852 714 270 344 1489 1306 1732 1529 1516 1152 350 177 1377 1569 528 192 394 355 374 540 249 1748 287 305 1208 840 955 254
1181 1143 763 558 827 1309 818 347 1051 919 220 1202 3208 1061 274 290 0 207 1411 338 361 1204 1287 1179 354 821 1224 244 404 481 752 337 802 346 272 1116 936 446 384 832 274 1614 267 309 771 555 636 498 476 399 1273 1090 1516 1313 1300 936 405 232 1161 1353 777 247 289 605 624 324 497 1532 415 360 992 681 739 308
1313 1275 896 691 660 1442 951 209 1184 1052 353 1335 3041 1193 406 152 207 0 1544 200 223 1336 1420 1312 216 655 1357 376 266 614 585 469 745 208 134 1248 1069 579 246 665 406 1746 129 171 781 688 769 631 338 261 1406 1223 1649 1445 1432 1068 266 93 1294 1485 611 109 310 438 457 457 332 1665 277 222 1125 814 872 170
1251 1213 834 1249 2174 1380 1293 1695 1122 904 1231 630 4556 1132 1255 1638 1422 1555 0 1443 1433 1274 1358 1250 1452 1591 1295 1209 1752 1172 1732 1106 1493 1448 1473 1186 1411 1035 1446 1576 1236 434 1476 1657 1462 1246 1110 1189 1824 1464 1344 1161 336 1384 1453 968 1458 1512 1232 1423 1852 1500 1304 1953 1972 1135 1845 353 1763 1407 1063 1372 1213 1656
1201 1163 784 579 819 1330 839 339 1072 940 241 1223 3200 1081 294 283 338 200 1432 0 354 1224 1308 1199 346 814 1245 264 396 502 744 357 822 338 264 1136 957 467 377 824 294 1634 260 302 792 576 656 519 469 391 1293 1111 1536 1333 1320 956 397 224 1182 1373 770 239 310 597 616 345 490 1553 407 352 1013 702 759 301
1191 1153 774 569 842 1320 829 363 1062 930 231 1213 3224 1071 284 306 361 223 1422 354 0 1214 1298 1190 370 837 1235 255 420 492 768 347 812 362 288 1126 947 457 400 847 284 1624 283 325 782 566 647 509 492 415 1284 1101 1527 1323 1310 946 420 247 1172 1363 793 263 300 621 639 335 513 1543 431 376 1003 692 750 324
56 122 498 1030 1956 148 1074 1476 415 771 1013 1054 4337 185 1036 1420 1204 1336 1263 1224 1214 0 126 58 1234 1372 63 990 1533 954 1513 887 1274 1229 1254 133 959 816 1228 1357 1017 1466 1257 1439 1244 1027 892 971 1606 1245 112 160 1368 152 746 788 1240 1293 79 192 1633 1281 1085 1734 1753 917 1627 1384 1544 1188 355 1154 976 1438
130 196 581 1114 2040 186 1158 1560 498 855 1096 1138 4421 269 1120 1503 1287 1420 1347 1308 1298 126 0 132 1318 1456 138 1074 1617 1037 1597 971 1358 1313 1338 207 1043 900 1312 1441 1101 1549 1341 1522 1328 1111 975 1054 1689 1329 113 244 1452 68 829 872 1323 1377 153 145 1717 1365 1169 1818 1837 1000 1711 1468 1628 1272 439 1237 1059 1521
62 127 473 1006 1931 154 1049 1451 390 746 988 1029 4312 160 1011 1395 1179 1312 1238 1199 1190 58 132 0 1209 1347 69 966 1508 929 1488 863 1249 1204 1230 111 934 792 1203 1332 992 1441 1233 1414 1219 1002 867 946 1581 1220 118 135 1343 158 721 763 1215 1269 85 197 1608 1256 1061 1709 1728 892 1602 1360 1519 1164 330 1129 951 1413
1211 1173 793 588 835 1339 848 356 1081 949 251 1232 3217 1091 304 299 354 216 1441 346 370 1234 1318 1209 0 830 1254 274 412 511 761 367 832 355 280 1146 966 476 393 840 304 1644 276 318 802 585 666 528 485 408 1303 1120 1546 1343 1330 966 413 240 1191 1383 786 256 320 613 632 354 506 1562 423 368 1022 711 769 317
1349 1311 932 415 638 1478 987 519 1220 1087 709 1370 3020 1229 732 572 821 655 1580 814 837 1372 1456 1347 830 0 1393 687 460 482 243 584 142 822 748 1284 1105 615 861 127 713 1782 744 560 178 418 804 447 421 875 1441 1258 1684 1481 1468 1104 881 708 1330 1521 313 723 782 417 436 613 400 1701 438 836 1160 321 907 554
67 133 518 1051 1976 159 1094 1497 435 792 1033 1075 4358 206 1056 1440 1224 1357 1284 1245 1235 63 138 69 1254 1393 0 1011 1553 974 1534 908 1294 1249 1275 144 980 837 1248 1378 1038 1486 1278 1459 1264 1048 912 991 1626 1265 123 181 1389 117 766 808 1260 1314 90 194 1654 1302 1106 1754 1773 937 1647 1405 1564 1209 376 1174 996 1458
967 929 550 345 996 1096 605 516 838 706 53 989 3377 847 76 460 244 376 1198 264 255 990 1074 966 274 687 1011 0 573 268 828 124 588 269 294 902 723 233 268 672 60 1400 298 479 558 342 423 285 646 285 1060 877 1303 1099 1086 723 280 334 948 1139 947 321 126 774 793 111 667 1319 584 229 779 468 526 478
1510 1472 1093 823 465 1639 1148 257 1381 1248 550 1531 2847 1390 603 309 404 266 1740 396 420 1533 1617 1508 412 460 1553 573 0 811 391 666 550 405 330 1445 1266 775 443 470 603 1943 326 298 586 826 965 828 158 457 1602 1419 1845 1642 1629 1265 463 290 1490 1682 416 305 507 243 262 654 137 1861 176 418 1321 728 1068 291
931 892 513 308 1067 1059 568 754 801 669 290 952 3450 811 313 697 481 614 1161 502 492 954 1037 929 511 482 974 268 811 0 623 165 384 506 532 865 686 196 505 467 295 1363 535 716 354 305 386 248 850 522 1023 840 1266 1063 1049 686 517 571 911 1102 743 559 363 847 866 194 829 1282 821 466 742 311 489 715
1490 1452 1073 556 568 1619 1128 450 1361 1228 850 1511 2951 1370 873 502 752 585 1721 744 768 1513 1597 1488 761 243 1534 828 391 623 0 725 283 753 678 1425 1246 755 791 253 854 1923 674 491 319 559 945 588 351 806 1582 1399 1825 1622 1609 1245 811 638 1471 1662 244 654 855 348 366 754 330 1842 369 766 1301 462 1048 485
864 826 447 242 1089 993 502 609 735 603 146 886 3470 745 169 553 337 469 1095 357 347 887 971 863 367 584 908 124 666 165 725 0 485 362 387 799 620 130 361 569 150 1297 391 572 455 239 320 182 739 378 957 774 1200 997 983 620 373 427 845 1036 845 414 219 867 886 128 760 1216 677 321 676 365 423 571
1251 1213 834 317 727 1380 888 609 1122 989 611 1272 3110 1131 634 662 802 745 1481 822 812 1274 1358 1249 832 142 1294 588 550 384 283 485 0 827 838 1186 1007 516 826 127 615 1684 833 650 91 320 706 349 510 843 1343 1160 1586 1383 1370 1006 838 797 1231 1423 403 813 683 507 526 515 489 1602 528 786 1062 222 809 644
1206 1168 788 583 827 1335 843 348 1077 944 246 1227 3209 1086 299 291 346 208 1436 338 362 1229 1313 1204 355 822 1249 269 405 506 753 362 827 0 273 1141 962 471 385 832 299 1639 268 310 797 580 661 524 477 400 1298 1115 1541 1338 1325 961 405 232 1186 1378 778 248 315 605 624 349 498 1557 415 360 1017 706 764 309
1231 1193 814 609 753 1360 869 274 1102 970 271 1253 3134 1111 324 217 272 134 1462 264 288 1254 1338 1230 280 748 1275 294 330 532 678 387 838 273 0 1166 987 497 311 758 324 1664 194 236 822 606 686 549 403 325 1324 1141 1567 1363 1350 986 331 158 1212 1403 704 173 340 531 550 375 424 1583 341 286 1043 732 789 235
112 74 409 942 1868 229 986 1388 326 683 924 966 4249 97 948 1332 1116 1248 1175 1136 1126 133 207 111 1146 1284 144 902 1445 865 1425 799 1186 1141 1166 0 871 728 1140 1269 929 1378 1169 1351 1156 939 803 882 1518 1157 193 72 1280 232 657 700 1151 1205 93 272 1545 1193 997 1646 1665 829 1539 1296 1456 1100 267 1065 888 1349
951 913 598 610 1535 1079 185 1056 605 754 592 1037 3916 831 615 999 783 916 1246 804 794 974 1057 949 813 951 994 570 1112 533 1092 467 853 808 834 886 0 396 807 936 597 1449 837 1018 823 607 191 550 1185 824 1043 860 1351 1083 597 771 819 873 931 1123 1212 860 665 1313 1332 496 1206 1367 1123 768 644 733 84 1017
793 755 376 273 1198 922 431 719 664 532 255 815 3579 673 278 662 446 579 1024 467 457 816 900 792 476 615 837 233 775 196 755 130 516 471 497 728 549 0 470 599 260 1226 500 681 486 270 249 213 848 487 886 703 1129 926 912 549 482 536 774 965 875 523 328 976 995 159 869 1145 786 431 605 396 352 680
1205 1167 787 582 866 1333 842 386 1075 943 244 1226 3247 1085 298 330 384 246 1435 377 400 1228 1312 1203 393 861 1248 268 443 505 791 361 826 385 311 1140 960 470 0 871 298 1638 307 349 796 579 660 522 516 438 1297 1114 1540 1337 1324 960 444 271 1185 1377 816 286 313 644 663 348 537 1556 454 399 1016 705 763 348
1334 1296 917 400 648 1463 972 530 1205 1072 694 1355 3030 1214 717 582 832 665 1564 824 847 1357 1441 1332 840 127 1378 672 470 467 253 569 127 832 758 1269 1090 599 871 0 698 1767 754 571 163 403 789 432 431 885 1426 1243 1669 1466 1453 1089 891 718 1314 1506 323 733 767 427 446 598 410 1686 448 846 1145 305 892 564
994 956 577 372 1026 1123 632 546 865 733 83 1015 3407 874 106 490 274 406 1225 294 284 1017 1101 992 304 713 1038 60 603 295 854 150 615 299 324 929 750 260 298 698 0 1427 327 509 585 368 449 312 676 315 1086 903 1329 1126 1113 749 310 363 975 1166 974 351 155 804 823 138 697 1346 614 258 805 495 552 508
1443 1405 1025 1440 2366 1571 1484 1886 1313 734 1422 460 4747 1323 1446 1830 1614 1746 434 1634 1624 1466 1549 1441 1644 1782 1486 1400 1943 1363 1923 1297 1684 1639 1664 1378 1602 1226 1638 1767 1427 0 1667 1849 1654 1437 1301 1380 2016 1655 1535 1352 166 1575 1644 798 1649 1703 1423 1615 2043 1691 1495 2144 2163 1327 2037 182 1954 1598 1254 1563 1404 1847
1234 1196 817 612 749 1363 872 269 1105 973 274 1256 3130 1114 327 213 267 129 1465 260 283 1257 1341 1233 276 744 1278 298 326 535 674 391 833 268 194 1169 990 500 307 754 327 1667 0 232 825 609 690 552 399 321 1327 1144 1570 1366 1353 990 327 154 1215 1406 700 169 343 527 546 378 420 1586 337 282 1046 735 793 231
1416 1378 998 793 566 1544 1053 311 1286 1154 455 1437 2947 1296 509 255 309 171 1646 302 325 1439 1522 1414 318 560 1459 479 298 716 491 572 650 310 236 1351 1171 681 349 571 509 1849 232 0 686 790 871 733 258 363 1508 1325 1751 1548 1535 1171 369 196 1396 1588 516 211 413 344 363 559 237 1767 276 324 1227 829 974 273
1221 1183 803 287 764 1349 858 645 1091 959 580 1242 3146 1101 604 698 771 781 1451 792 782 1244 1328 1219 802 178 1264 558 586 354 319 455 91 797 822 1156 976 486 796 163 585 1654 825 686 0 290 676 319 547 813 1313 1130 1556 1353 1340 976 807 834 1201 1393 439 849 653 543 562 484 525 1572 564 756 1032 192 779 680
1004 966 587 341 1004 1133 642 828 875 743 364 1025 3386 884 387 771 555 688 1235 576 566 1027 1111 1002 585 418 1048 342 826 305 559 239 320 580 606 939 760 270 579 403 368 1437 609 790 290 0 459 322 787 596 1096 913 1339 1136 1123 759 591 645 985 1176 679 632 437 783 802 268 765 1356 804 540 815 247 562 789
869 830 451 463 1388 997 226 908 715 607 445 890 3769 749 468 852 636 769 1099 656 647 892 975 867 666 804 912 423 965 386 945 320 706 661 686 803 344 249 660 789 449 1301 690 871 676 459 0 403 1038 677 961 778 1204 1001 707 624 672 726 849 1040 1065 713 518 1166 1185 349 1059 1220 976 621 680 586 147 870
948 909 530 325 1033 1076 585 771 818 686 307 969 3415 828 330 714 498 631 1178 519 509 971 1054 946 528 447 991 285 828 248 588 182 349 524 549 882 703 213 522 432 312 1380 552 733 319 322 403 0 816 540 1040 857 1283 1080 1066 703 534 588 928 1120 708 576 380 812 831 211 795 1299 833 483 759 276 506 732
1583 1545 1165 784 426 1711 1220 217 1453 1321 622 1604 2807 1463 676 270 476 338 1813 469 492 1606 1689 1581 485 421 1626 646 158 850 351 739 510 477 403 1518 1338 848 516 431 676 2016 399 258 547 787 1038 816 0 530 1675 1492 1918 1715 1702 1338 536 363 1563 1755 377 378 580 204 223 726 98 1934 136 491 1394 689 1141 252
1222 1184 804 599 880 1351 859 401 1093 960 262 1243 3261 1102 315 344 399 261 1452 391 415 1245 1329 1220 408 875 1265 285 457 522 806 378 843 400 325 1157 978 487 438 885 315 1655 321 363 813 596 677 540 530 0 1314 1131 1557 1354 1341 977 458 285 1202 1394 831 301 331 658 677 365 551 1573 468 413 1033 722 780 362
116 182 567 1100 2025 192 1143 1546 484 840 1082 1123 4406 254 1105 1489 1273 1406 1332 1293 1284 112 113 118 1303 1441 123 1060 1602 1023 1582 957 1343 1298 1324 193 1028 886 1297 1426 1086 1535 1327 1508 1313 1096 961 1040 1675 1314 0 229 1437 73 815 857 1309 1363 139 151 1702 1350 1155 1803 1822 986 1696 1454 1613 1258 424 1223 1045 1507
137 99 384 917 1842 266 960 1363 301 657 899 940 4223 74 922 1306 1090 1223 1149 1111 1101 160 244 135 1120 1258 181 877 1419 840 1399 774 1160 1115 1141 72 845 703 1114 1243 903 1352 1144 1325 1130 913 778 857 1492 1131 229 0 1254 269 632 674 1126 1180 117 309 1519 1167 972 1620 1639 803 1513 1271 1430 1075 242 1040 862 1324
1345 1307 928 1343 2268 1474 1386 1789 1216 636 1325 362 4649 1225 1348 1732 1516 1649 336 1536 1527 1368 1452 1343 1546 1684 1389 1303 1845 1266 1825 1200 1586 1541 1567 1280 1504 1129 1540 1669 1329 166 1570 1751 1556 1339 1204 1283 1918 1557 1437 1254 0 1477 1547 700 1552 1606 1325 1517 1945 1593 1398 2046 2065 1229 1939 84 1856 1501 1156 1466 1307 1750
155 221 607 1140 2065 140 1183 1585 524 880 1122 1163 4446 294 1145 1529 1313 1445 1372 1333 1323 152 68 158 1343 1481 117 1099 1642 1063 1622 997 1383 1338 1363 232 1068 926 1337 1466 1126 1575 1366 1548 1353 1136 1001 1080 1715 1354 73 269 1477 0 855 897 1349 1403 179 99 1742 1390 1195 1843 1862 1026 1736 1493 1653 1297 464 1263 1085 1547
723 684 676 1126 2051 851 701 1571 377 950 1108 1233 4432 603 1131 1515 1299 1431 1442 1319 1309 746 829 721 1329 1467 766 1086 1628 1049 1608 983 1369 1324 1349 657 583 912 1323 1452 1112 1644 1353 1534 1339 1122 707 1066 1701 1340 815 632 1547 855 0 966 1335 1389 703 894 1728 1376 1181 1829 1848 1012 1722 1563 1639 1283 416 1249 599 1533
765 727 347 763 1688 894 806 1208 636 141 745 386 4069 645 768 1152 936 1068 968 956 946 788 872 763 966 1104 808 723 1265 686 1245 620 1006 961 986 700 924 549 960 1089 749 798 990 1171 976 759 624 703 1338 977 857 674 700 897 966 0 972 1026 745 937 1365 1013 818 1466 1485 649 1359 716 1276 920 576 886 727 1170
1217 1178 799 594 886 1345 854 406 1087 955 256 1238 3267 1097 310 350 405 266 1447 397 420 1240 1323 1215 413 881 1260 280 463 517 811 373 838 405 331 1151 972 482 444 891 310 1649 327 369 807 591 672 534 536 458 1309 1126 1552 1349 1335 972 0 291 1197 1388 837 306 325 664 683 360 557 1568 474 419 1028 717 775 368
1271 1232 853 648 713 1399 908 233 1141 1009 310 1292 3094 1151 364 177 232 93 1501 224 247 1293 1377 1269 240 708 1314 334 290 571 638 427 797 232 158 1205 1026 536 271 718 363 1703 154 196 834 645 726 588 363 285 1363 1180 1606 1403 1389 1026 291 0 1251 1442 664 133 335 491 510 414 384 1622 301 246 1082 771 829 195
82 120 455 988 1913 175 1031 1434 372 729 970 1011 4294 142 993 1377 1161 1294 1221 1182 1172 79 153 85 1191 1330 90 948 1490 911 1471 845 1231 1186 1212 93 916 774 1185 1314 975 1423 1215 1396 1201 985 849 928 1563 1202 139 117 1325 179 703 745 1197 1251 0 218 1590 1238 1043 1691 1710 874 1584 1342 1501 1146 313 1111 933 1395
195 261 646 1179 2105 66 1223 1625 564 920 1162 1203 4486 334 1185 1569 1353 1485 1412 1373 1363 192 145 197 1383 1521 194 1139 1682 1102 1662 1036 1423 1378 1403 272 1108 965 1377 1506 1166 1615 1406 1588 1393 1176 1040 1120 1755 1394 151 309 1517 99 894 937 1388 1442 218 0 1782 1430 1234 1883 1902 1066 1776 1533 1693 1337 504 1302 1125 1587
1610 1572 1193 676 471 1739 1248 475 1481 1348 923 1631 2976 1490 976 528 777 611 1840 770 793 1633 1717 1608 786 313 1654 947 416 743 244 845 403 778 704 1545 1366 875 816 323 974 2043 700 516 439 679 1065 708 377 831 1702 1519 1945 1742 1729 1365 837 664 1590 1782 0 679 881 373 392 874 356 1962 394 792 1421 582 1168 510
1258 1220 841 636 728 1387 896 249 1129 996 298 1279 3110 1138 351 192 247 109 1488 239 263 1281 1365 1256 256 723 1302 321 305 559 654 414 813 248 173 1193 1014 523 286 733 351 1691 169 211 849 632 713 576 378 301 1350 1167 1593 1390 1377 1013 306 133 1238 1430 679 0 350 506 525 402 399 1610 316 261 1069 759 816 210
1062 1024 645 440 930 1191 700 450 933 801 102 1084 3311 943 156 394 289 310 1293 310 300 1085 1169 1061 320 782 1106 126 507 363 855 219 683 315 340 997 818 328 313 767 155 1495 343 413 653 437 518 380 580 331 1155 972 1398 1195 1181 818 325 335 1043 1234 881 350 0 708 727 206 601 1414 518 274 874 563 621 412
1711 1673 1293 780 422 1840 1348 303 1582 1449 751 1732 2629 1591 804 355 605 438 1941 597 621 1734 1818 1709 613 417 1754 774 243 847 348 867 507 605 531 1646 1467 976 644 427 804 2144 527 344 543 783 1166 812 204 658 1803 1620 2046 1843 1830 1466 664 491 1691 1883 373 506 708 0 88 854 183 2062 221 619 1522 685 1269 337
1730 1692 1312 799 441 1858 1367 321 1600 1468 770 1751 2613 1610 823 374 624 457 1960 616 639 1753 1837 1728 632 436 1773 793 262 866 366 886 526 624 550 1665 1486 995 663 446 823 2163 546 363 562 802 1185 831 223 677 1822 1639 2065 1862 1849 1485 683 510 1710 1902 392 525 727 88 0 873 202 2081 240 638 1541 704 1288 356
894 855 476 271 1076 1022 531 597 764 632 133 915 3458 774 156 540 324 457 1124 345 335 917 1000 892 354 613 937 111 654 194 754 128 515 349 375 829 649 159 348 598 138 1327 378 559 484 268 349 211 726 365 986 803 1229 1026 1012 649 360 414 874 1066 874 402 206 854 873 0 747 1245 664 309 705 394 452 558
1604 1566 1186 763 405 1732 1241 196 1474 1342 643 1625 2786 1484 697 249 497 332 1834 490 513 1627 1711 1602 506 400 1647 667 137 829 330 760 489 498 424 1539 1359 869 537 410 697 2037 420 237 525 765 1059 795 98 551 1696 1513 1939 1736 1723 1359 557 384 1584 1776 356 399 601 183 202 747 0 1955 115 512 1415 668 1162 231
1361 1323 944 1359 2284 1490 1402 1805 1232 652 1341 378 4666 1241 1364 1748 1532 1665 353 1553 1543 1384 1468 1360 1562 1701 1405 1319 1861 1282 1842 1216 1602 1557 1583 1296 1521 1145 1556 1686 1346 182 1586 1767 1572 1356 1220 1299 1934 1573 1454 1271 84 1493 1563 716 1568 1622 1342 1533 1962 1610 1414 2062 2081 1245 1955 0 1872 1517 1173 1482 1323 1766
1521 1483 1103 801 443 1650 1158 235 1392 1259 561 1542 2825 1401 614 287 415 277 1751 407 431 1544 1628 1519 423 438 1564 584 176 821 369 677 528 415 341 1456 1277 786 454 448 614 1954 337 276 564 804 976 833 136 468 1613 1430 1856 1653 1640 1276 474 301 1501 1693 394 316 518 221 240 664 115 1872 0 429 1332 706 1079 270
1165 1127 748 543 841 1294 803 361 1036 904 205 1187 3222 1045 258 305 360 222 1396 352 376 1188 1272 1164 368 836 1209 229 418 466 766 321 786 360 286 1100 921 431 399 846 258 1598 282 324 756 540 621 483 491 413 1258 1075 1501 1297 1284 920 419 246 1146 1337 792 261 274 619 638 309 512 1517 429 0 977 666 724 323
332 294 286 819 1744 461 747 1265 85 559 801 842 4125 212 824 1208 992 1125 1051 1013 1003 355 439 330 1022 1160 376 779 1321 742 1301 676 1062 1017 1043 267 629 605 1016 1145 805 1254 1046 1227 1032 815 680 759 1394 1033 424 242 1156 464 416 576 1028 1082 313 504 1421 1069 874 1522 1541 705 1415 1173 1332 977 0 942 646 1226
1131 1092 713 244 906 1259 768 788 1001 869 490 1152 3289 1011 513 840 681 814 1361 702 692 1154 1237 1129 711 321 1174 468 728 311 462 365 222 706 732 1065 886 396 705 305 495 1563 735 829 192 247 586 276 689 722 1223 1040 1466 1263 1249 886 717 771 1111 1302 582 759 563 685 704 394 668 1482 706 666 942 0 689 822
953 915 554 566 1491 1082 141 1011 608 710 548 993 3872 833 571 955 739 872 1202 759 750 976 1060 952 769 907 997 526 1068 489 1048 423 809 764 789 888 237 352 763 892 552 1404 793 974 779 562 147 506 1141 780 1046 863 1307 1086 600 727 775 829 934 1125 1168 816 621 1269 1288 452 1162 1323 1079 724 647 689 0 973
1415 1376 997 792 559 1543 1052 310 1285 1153 454 1436 2941 1295 508 254 308 170 1645 301 324 1438 1521 1413 317 554 1458 478 291 715 485 571 644 309 235 1349 1170 680 348 564 508 1847 231 273 680 789 870 732 252 362 1507 1324 1750 1547 1533 1170 368 195 1395 1587 510 210 412 337 356 558 231 1766 270 323 1226 822 973 0
EOF