NAME : tsp_problem
TYPE : TSP
DIMENSION : 32
EDGE_WEIGHT_TYPE : EXPLICIT
EDGE_WEIGHT_FORMAT : FULL_MATRIX
EDGE_WEIGHT_SECTION
0 969 203 207 194 214 207 200 233 212 246 195 193 1130 193 213 708 193 204 208 945 200 205 198 114 200 199 669 215 820 194 212
1356 0 1361 1347 1349 1353 1347 1357 1352 1351 1135 1350 1347 1537 1348 1352 282 1347 1344 1347 1817 1357 1346 1353 1370 1348 1355 1542 1354 1175 1348 1351
203 972 0 210 197 217 210 204 236 215 250 198 196 1134 197 216 711 196 207 211 949 204 209 201 117 203 202 673 219 824 197 215
207 975 210 0 200 220 213 207 239 219 236 201 199 1120 200 219 714 199 210 214 935 207 212 204 121 207 206 660 222 810 200 218
194 962 197 200 0 208 201 194 226 206 238 189 187 1122 187 207 702 187 198 202 937 194 199 192 108 194 193 662 209 812 188 205
214 982 217 220 208 0 221 214 246 226 242 209 207 1126 207 226 722 207 218 221 941 214 219 212 128 214 213 665 229 816 207 225
207 975 210 213 201 221 0 207 239 219 236 202 200 1120 200 219 714 199 211 214 935 207 212 204 121 207 206 660 222 810 200 218
200 969 204 207 194 214 207 0 233 212 246 195 193 1131 194 213 708 193 204 208 945 201 206 198 114 201 199 670 216 820 194 212
615 1347 619 605 607 611 605 615 0 609 393 608 606 1140 606 610 1086 606 603 606 1176 615 604 612 636 606 613 901 612 1051 607 609
212 981 215 219 206 226 219 212 245 0 241 207 205 1125 205 225 720 205 216 220 939 212 217 210 126 212 211 664 228 814 206 224
246 1116 250 236 238 242 236 246 387 241 0 239 237 908 237 241 855 237 234 237 835 246 235 243 267 237 244 560 243 710 238 240
195 963 198 201 189 209 202 195 227 207 239 0 188 1124 188 207 703 188 199 202 938 195 200 192 109 195 194 663 210 813 188 206
193 961 196 199 187 207 200 193 225 205 237 188 0 1121 186 206 701 186 197 200 936 193 198 191 107 193 192 660 208 811 186 204
1130 1518 1134 1120 1122 1126 1120 1131 1271 1125 908 1124 1121 0 1121 1125 1257 1121 1118 1121 647 1131 1119 1127 1151 1122 1129 816 1128 1431 1122 1124
193 962 197 200 187 207 200 194 226 205 237 188 186 1121 0 206 701 186 197 201 936 194 198 191 107 193 192 661 209 811 187 205
213 981 216 219 207 226 219 213 245 225 241 207 206 1125 206 0 720 205 216 220 940 213 218 210 127 213 212 664 228 815 206 224
1095 282 1100 1086 1088 1092 1086 1096 1091 1090 874 1089 1087 1276 1087 1091 0 1087 1084 1087 1556 1096 1085 1093 1109 1087 1094 1281 1093 914 1087 1090
193 961 196 199 187 207 199 193 225 205 237 188 186 1121 186 205 700 0 197 200 936 193 198 190 107 193 192 660 208 811 186 204
204 972 207 210 198 218 211 204 236 216 234 199 197 1118 197 216 712 197 0 211 933 204 209 202 118 204 203 657 219 808 197 215
208 976 211 214 202 221 214 208 240 220 237 202 200 1121 201 220 715 200 211 0 936 208 213 205 122 208 207 660 223 811 201 219
915 1792 919 905 907 911 905 915 1056 909 805 908 906 647 906 910 1531 906 903 906 0 915 904 912 936 906 913 340 912 956 907 909
200 969 204 207 194 214 207 201 233 212 246 195 193 1131 194 213 708 193 204 208 945 0 206 198 114 201 199 670 216 820 194 212
205 974 209 212 199 219 212 206 238 217 235 200 198 1119 198 218 713 198 209 213 934 206 0 203 119 205 204 658 221 809 199 217
198 966 201 204 192 212 204 198 230 210 243 192 191 1127 191 210 705 190 202 205 942 198 203 0 112 198 197 666 213 817 191 209
114 883 117 121 108 128 121 114 147 126 267 109 107 1151 107 127 622 107 118 122 966 114 119 112 0 114 113 691 130 841 108 126
200 969 203 207 194 214 207 201 233 212 237 195 193 1122 193 213 708 193 204 208 936 201 205 198 114 0 199 661 216 811 194 212
199 968 202 206 193 213 206 199 231 211 244 194 192 1129 192 212 707 192 203 207 943 199 204 197 113 199 0 668 214 818 193 210
639 1517 644 630 632 636 630 640 781 634 530 633 631 816 631 635 1256 631 628 631 340 640 629 637 661 631 638 0 637 680 631 634
215 984 219 222 209 229 222 216 248 228 243 210 208 1128 209 228 723 208 219 223 942 216 221 213 130 216 214 667 0 817 209 227
587 1443 591 577 579 583 577 587 728 581 477 580 578 1187 578 582 1182 578 575 578 712 587 576 584 608 578 585 436 584 0 579 581
194 962 197 200 188 207 200 194 226 206 238 188 186 1122 187 206 701 186 197 201 936 194 199 191 108 194 193 661 209 812 0 205
212 980 215 218 205 225 218 212 244 224 240 206 204 1124 205 224 719 204 215 219 939 212 217 209 126 212 210 664 227 814 205 0
EOF