NAME : tsp_problem
TYPE : TSP
DIMENSION : 20
EDGE_WEIGHT_TYPE : EXPLICIT
EDGE_WEIGHT_FORMAT : FULL_MATRIX
EDGE_WEIGHT_SECTION
0 1056 750 606 1225 683 690 681 680 685 593 1352 681 728 1500 684 680 676 693 787
1067 0 666 585 875 821 828 819 818 824 1244 1001 820 1188 1149 823 819 815 831 704
761 666 0 204 838 440 447 438 437 443 1096 964 438 881 1112 442 437 434 450 172
617 585 204 0 756 269 276 267 265 271 952 883 267 737 1031 270 266 262 279 241
1232 894 857 775 0 1012 1019 1010 1009 1014 1434 625 1010 835 302 1014 1009 1005 1022 894
694 821 406 269 625 0 198 190 189 194 1029 751 206 814 899 210 190 200 200 373
701 828 412 276 631 198 0 196 195 200 1036 757 212 821 905 216 195 206 206 379
692 819 405 267 623 190 196 0 188 192 1027 750 205 812 898 209 188 199 198 372
691 818 404 265 623 189 195 188 0 191 1026 749 204 811 897 208 187 198 198 371
696 824 408 271 627 194 200 192 191 0 1031 753 208 816 901 212 192 202 202 375
593 1244 1066 922 1415 999 1006 997 996 1001 0 1542 997 1044 1690 1001 996 992 1009 1103
2153 1815 1779 1697 1023 1933 1940 1931 1930 1936 2356 0 1932 1756 741 1935 1931 1927 1943 1816
692 820 421 267 639 206 212 205 204 208 1027 766 0 812 914 225 204 215 214 388
467 956 650 506 1105 582 590 581 579 585 802 1231 581 0 1379 584 580 576 593 687
1506 1168 1131 1050 302 1286 1293 1284 1283 1289 1709 900 1285 1109 0 1288 1284 1280 1296 1168
695 823 425 270 644 210 216 209 208 212 1030 770 225 816 918 0 208 219 219 392
691 819 404 266 623 190 195 188 187 192 1026 749 204 811 897 208 0 198 198 371
687 815 415 262 633 200 206 199 198 202 1022 760 215 807 908 219 198 0 208 382
704 831 414 279 633 200 206 198 198 202 1039 759 214 824 908 219 198 208 0 381
798 704 172 241 875 477 484 475 474 480 1133 1001 476 918 1149 479 475 471 487 0
EOF