NAME : tsp_problem
TYPE : TSP
DIMENSION : 82
EDGE_WEIGHT_TYPE : EXPLICIT
EDGE_WEIGHT_FORMAT : FULL_MATRIX
EDGE_WEIGHT_SECTION
0 213 216 217 520 761 215 204 227 211 214 1704 227 211 226 209 2105 211 205 696 216 385 1901 1035 259 216 208 223 216 212 211 225 206 205 227 541 208 214 810 214 995 206 215 782 209 222 214 216 809 222 226 216 782 208 209 217 796 221 690 951 210 1690 1116 225 219 216 214 325 1706 1845 1202 209 215 214 701 224 218 221 523 213 212 220
213 0 206 207 528 769 205 194 218 201 205 1712 218 202 216 199 2113 201 195 704 206 375 1909 1026 267 207 198 214 206 203 201 216 196 196 218 549 198 204 818 205 1003 197 206 772 199 212 204 207 817 213 216 206 772 198 200 207 804 211 698 959 200 1698 1124 216 209 207 205 333 1714 1852 1210 199 206 205 691 214 208 211 514 203 202 210
216 206 0 210 514 756 209 198 221 205 208 1699 221 205 219 202 2100 204 198 691 209 378 1896 1029 254 210 202 217 210 206 205 219 199 199 221 536 201 207 805 208 990 200 209 775 203 215 208 210 804 216 219 210 775 202 203 210 791 214 685 946 204 1685 1111 219 212 210 208 320 1701 1839 1197 202 209 208 694 217 211 214 517 207 205 213
217 207 210 0 515 756 209 198 222 205 209 1699 222 206 220 203 2101 205 199 691 210 379 1896 1030 254 211 202 218 210 207 205 219 200 200 222 536 202 208 805 209 990 201 210 776 203 216 208 211 804 217 220 210 776 202 204 211 792 215 685 947 204 1686 1112 220 213 211 209 321 1701 1840 1197 203 210 209 695 218 212 215 518 207 206 214
574 582 569 570 0 889 568 571 578 580 584 1227 578 580 577 577 1629 579 572 825 569 680 1424 1513 489 569 576 575 586 582 580 576 573 573 578 669 575 583 938 584 1123 574 568 1259 577 573 567 569 938 574 577 586 1259 576 578 569 925 573 818 1080 579 1819 640 577 571 569 584 528 1229 1368 1330 577 585 568 1013 575 570 573 1001 582 581 572
761 769 756 756 835 0 755 758 765 767 771 2019 765 767 764 764 2421 766 759 520 755 645 2216 1210 525 756 763 762 773 768 766 763 760 759 765 364 762 770 185 771 370 761 755 957 764 760 754 756 184 761 764 773 957 763 765 756 126 759 513 326 765 1065 1191 763 758 756 771 493 2021 2160 577 764 772 754 296 762 757 760 698 769 767 759
215 205 209 209 514 755 0 196 220 204 207 1698 220 204 218 201 2099 203 197 690 208 377 1895 1028 253 209 200 216 209 205 203 218 198 198 220 535 200 206 804 207 989 199 208 774 202 214 206 209 803 215 218 208 774 201 202 209 790 213 684 945 203 1684 1110 218 211 209 207 319 1700 1838 1196 201 208 207 693 216 210 213 516 205 204 212
204 194 198 198 517 758 196 0 209 192 196 1701 209 193 207 190 2102 192 186 693 197 366 1898 1017 256 198 189 205 198 194 192 207 187 187 209 538 189 195 807 196 992 188 197 763 191 203 195 198 806 204 207 197 763 190 191 198 793 202 687 948 192 1687 1113 207 200 198 196 322 1703 1842 1199 190 197 196 682 205 199 202 505 194 193 201
227 218 221 222 524 765 220 209 0 216 219 1708 232 216 230 213 2109 215 209 700 220 390 1905 1040 263 221 213 228 221 217 216 230 210 210 232 545 212 219 814 219 999 211 220 786 214 226 219 221 813 227 231 221 786 213 214 221 800 225 694 955 215 1694 1120 230 223 221 219 329 1710 1848 1206 213 220 219 705 228 223 226 528 218 216 225
211 201 205 205 525 767 204 192 216 0 203 1709 216 200 214 197 2111 199 193 702 204 373 1907 1024 264 205 196 212 205 201 199 214 194 194 216 547 196 202 815 203 1001 195 204 770 198 210 202 205 815 211 214 204 770 197 198 205 802 209 695 957 199 1696 1122 214 207 205 203 331 1712 1850 1207 197 204 203 689 212 206 209 512 201 200 208
214 205 208 209 529 771 207 196 219 203 0 1714 219 203 218 201 2115 203 196 706 207 377 1911 1027 269 208 200 215 208 204 203 217 197 197 219 551 199 206 820 206 1005 198 207 773 201 213 206 208 819 214 218 208 774 200 201 208 806 212 700 961 202 1700 1126 217 211 208 206 335 1716 1854 1212 201 207 206 692 215 210 213 515 205 203 212
1693 1701 1688 1688 1368 2008 1687 1690 1697 1698 1703 0 1697 1699 1695 1695 433 1698 1690 1943 1687 1799 383 2631 1608 1688 1695 1693 1705 1700 1698 1695 1692 1691 1697 1788 1694 1702 2057 1703 2242 1693 1687 2378 1696 1692 1686 1688 2056 1693 1695 1705 2378 1695 1696 1688 2043 1691 1937 2198 1697 2937 1693 1695 1690 1688 1702 1647 39 172 2449 1696 1704 1686 2131 1694 1689 1691 2119 1701 1699 1691
227 218 221 222 523 765 220 209 232 216 219 1708 0 216 230 213 2109 215 209 700 220 389 1905 1040 263 221 213 228 221 217 216 230 210 210 232 545 212 219 814 219 999 211 220 786 214 226 219 221 813 227 231 221 786 213 214 221 800 225 694 955 215 1694 1120 230 223 221 219 329 1710 1848 1206 213 220 219 705 228 223 226 528 218 216 225
211 202 205 206 526 767 204 193 216 200 203 1710 216 0 214 197 2111 199 193 702 204 374 1907 1024 265 205 197 212 205 201 200 214 194 194 216 547 196 203 816 203 1001 195 204 770 198 210 203 205 815 211 215 205 771 197 198 205 802 209 696 957 199 1696 1122 214 207 205 203 331 1712 1851 1208 198 204 203 689 212 207 210 512 202 200 209
226 216 219 220 522 764 218 207 230 214 218 1706 230 214 0 212 2108 214 208 699 219 388 1903 1038 261 219 211 226 219 215 214 228 209 208 230 544 211 217 812 217 998 210 218 785 212 225 217 219 812 226 229 219 785 211 213 220 799 224 692 954 213 1693 1119 229 222 219 217 328 1709 1847 1204 212 219 217 704 227 221 224 527 216 215 223
209 199 202 203 522 764 201 190 213 197 201 1706 213 197 212 0 2108 197 191 699 202 371 1904 1021 262 202 194 209 202 198 197 211 192 191 213 544 194 200 812 200 998 193 201 768 195 208 200 202 812 209 212 202 768 194 196 203 799 207 692 954 196 1693 1119 212 205 202 200 328 1709 1847 1204 195 202 200 687 210 204 207 510 199 198 206
2095 2102 2089 2090 1770 2410 2088 2092 2098 2100 2104 433 2098 2101 2097 2097 0 2100 2092 2345 2089 2200 565 3033 2010 2089 2096 2095 2106 2102 2100 2097 2093 2093 2098 2190 2096 2104 2458 2104 2644 2094 2089 2779 2098 2094 2088 2089 2458 2094 2097 2106 2779 2096 2098 2090 2445 2093 2339 2600 2099 3339 2095 2097 2091 2089 2104 2049 432 354 2850 2097 2106 2088 2533 2095 2091 2093 2521 2102 2101 2092
211 201 204 205 525 766 203 192 215 199 203 1709 215 199 214 197 2111 0 193 701 204 373 1906 1023 264 204 196 211 204 200 199 213 194 193 215 546 196 202 815 202 1000 195 203 770 197 210 202 204 814 211 214 204 770 196 198 205 801 209 695 956 198 1695 1121 214 207 204 202 330 1711 1850 1207 197 204 202 689 212 206 209 512 201 200 208
205 195 198 199 517 759 197 186 209 193 196 1701 209 193 208 191 2103 193 0 694 198 367 1898 1017 256 198 190 205 198 194 193 207 188 187 209 539 190 196 807 196 993 188 197 764 191 204 196 198 807 205 208 198 764 190 191 199 794 203 687 949 192 1688 1114 207 201 198 196 323 1704 1842 1199 191 198 196 683 206 200 203 505 195 194 202
696 704 691 691 770 520 690 693 700 702 706 1954 700 702 699 699 2356 701 694 0 691 580 2151 1145 460 691 698 697 708 703 702 698 695 695 700 300 697 705 568 706 754 696 690 892 699 695 689 691 568 696 699 708 892 698 700 691 555 695 185 710 701 1449 846 698 693 691 706 428 1956 2095 960 699 707 689 643 697 692 695 633 704 702 694
216 206 209 210 514 755 208 197 220 204 207 1698 220 204 219 202 2100 204 198 691 0 378 1895 1028 253 209 201 216 209 205 204 218 199 198 220 535 201 207 804 207 989 199 208 775 202 215 207 209 803 215 219 209 775 201 202 210 791 214 684 946 203 1685 1111 218 212 209 207 320 1700 1839 1196 202 209 207 694 217 211 214 516 206 205 213
477 485 472 473 626 645 471 474 481 483 487 1810 481 483 480 480 2211 482 475 580 472 0 2007 1271 241 472 479 478 489 484 483 479 476 476 481 425 478 486 694 487 879 477 471 1017 480 476 470 472 693 477 480 489 1017 479 481 472 680 476 574 835 482 1574 1222 479 474 472 487 209 1812 1950 1086 480 488 470 768 478 473 476 759 485 483 475
1890 1898 1885 1885 1565 2205 1884 1887 1894 1896 1900 383 1894 1896 1892 1893 565 1895 1888 2140 1884 1996 0 2779 1805 1885 1892 1891 1902 1897 1895 1892 1889 1888 1894 1985 1891 1899 2254 1900 2439 1890 1884 2526 1893 1889 1883 1885 2253 1890 1893 1902 2526 1892 1894 1885 2240 1888 2134 2395 1894 3134 1890 1892 1887 1885 1900 1844 382 237 2646 1893 1901 1883 2328 1891 1886 1889 2267 1898 1896 1888
1406 1414 1401 1401 1454 1229 1400 1403 1410 1411 1416 2638 1410 1412 1408 1408 3039 1411 1403 1164 1400 1290 2823 0 1170 1401 1408 1406 1418 1413 1411 1408 1404 1404 1410 895 1407 1415 1093 1416 1463 1406 1400 273 1409 1405 1399 1401 1093 1406 1408 1418 274 1408 1409 1401 1264 1404 1158 1419 1410 2158 1836 1408 1403 1401 1415 1138 2640 2778 1670 1408 1417 1399 954 1407 1402 1404 777 1414 1412 1404
259 267 254 254 435 525 253 256 263 264 269 1619 263 265 261 262 2021 264 256 460 253 241 1816 1151 0 254 261 259 271 266 264 261 258 257 263 305 260 268 573 269 759 259 253 897 262 258 252 254 573 259 262 271 897 261 262 254 560 257 454 715 263 1454 1031 261 256 254 269 89 1621 1760 966 262 270 252 648 260 255 257 639 267 265 257
216 207 210 211 515 756 209 198 221 205 208 1699 221 205 219 202 2100 204 198 691 209 379 1896 1029 254 0 202 217 210 206 205 219 199 199 221 536 201 208 805 208 990 200 209 775 203 215 208 210 804 216 220 210 775 202 203 210 791 214 685 946 204 1685 1111 219 212 210 208 320 1701 1839 1197 202 209 208 694 217 212 215 517 207 205 214
208 198 202 202 521 763 200 189 213 196 200 1705 213 197 211 194 2107 196 190 698 201 370 1903 1021 261 202 0 209 201 198 196 211 191 191 213 543 193 199 811 200 997 192 201 767 195 207 199 202 811 208 211 201 767 193 195 202 798 206 692 953 195 1692 1118 211 204 202 200 327 1708 1846 1203 194 201 200 686 209 203 206 509 198 197 205
223 214 217 218 520 762 216 205 228 212 215 1704 228 212 226 209 2106 211 205 697 216 386 1902 1036 259 217 209 0 217 213 212 226 206 206 228 542 208 215 810 215 996 207 216 782 210 222 215 217 810 223 227 217 782 209 210 217 797 221 690 952 211 1691 1117 226 219 217 215 326 1707 1845 1202 209 216 215 701 224 219 222 524 214 212 221
216 206 210 210 532 773 209 198 221 205 208 1716 221 205 219 202 2117 204 198 708 209 378 1913 1029 271 210 201 217 0 206 204 219 199 199 221 553 201 207 822 208 1007 200 209 775 203 215 208 210 821 216 219 209 775 202 203 210 808 214 702 963 204 1702 1128 219 212 210 208 337 1718 1856 1214 202 209 208 694 217 211 214 517 206 205 213
212 203 206 207 527 768 205 194 217 201 204 1711 217 201 215 198 2113 200 194 703 205 375 1908 1025 266 206 198 213 206 0 201 215 195 195 217 548 197 204 817 204 1002 196 205 771 199 211 204 206 816 212 216 206 772 198 199 206 804 210 697 958 200 1698 1124 215 209 206 204 333 1713 1852 1209 199 205 204 690 213 208 211 513 203 201 210
211 201 205 205 525 766 203 192 216 199 203 1709 216 200 214 197 2111 199 193 702 204 373 1906 1024 264 205 196 212 204 201 0 214 194 194 216 546 196 202 815 203 1000 195 204 770 197 210 202 205 815 211 214 204 770 196 198 205 802 209 695 957 198 1696 1122 214 207 205 203 331 1711 1850 1207 197 204 203 689 212 206 209 512 201 200 208
225 216 219 219 522 763 218 207 230 214 217 1706 230 214 228 211 2108 213 207 698 218 387 1903 1038 261 219 211 226 219 215 214 0 208 208 230 543 210 216 812 217 997 209 218 784 212 224 217 219 811 225 228 219 784 211 212 219 798 223 692 953 213 1692 1118 228 221 219 217 327 1708 1847 1204 211 218 217 703 226 220 223 526 216 214 222
206 196 199 200 518 760 198 187 210 194 197 1702 210 194 209 192 2104 194 188 695 199 368 1900 1018 258 199 191 206 199 195 194 208 0 188 210 540 190 197 808 197 994 189 198 765 192 204 197 199 808 205 209 199 765 191 192 200 795 204 689 950 193 1689 1115 208 202 199 197 324 1705 1843 1200 192 198 197 684 207 201 204 506 196 195 203
205 196 199 200 518 759 198 187 210 194 197 1702 210 194 208 191 2104 193 187 695 198 368 1899 1018 257 199 191 206 199 195 194 208 188 0 210 540 190 197 808 197 993 189 198 764 192 204 197 199 808 205 209 199 764 191 192 199 795 203 688 950 193 1689 1115 208 201 199 197 324 1705 1843 1200 191 198 197 683 206 201 204 506 196 194 203
227 218 221 222 524 765 220 209 232 216 219 1708 232 216 230 213 2109 215 209 700 220 390 1905 1040 263 221 213 228 221 217 216 230 210 210 0 545 212 219 814 219 999 211 220 786 214 226 219 221 813 227 231 221 787 213 214 221 800 225 694 955 215 1694 1120 230 223 221 219 329 1710 1848 1206 214 220 219 705 228 223 226 528 218 216 225
541 549 536 536 615 364 535 538 545 547 551 1799 545 547 544 544 2201 546 539 300 535 425 1996 876 305 536 543 542 553 548 546 543 540 540 545 0 542 550 413 551 598 541 535 622 544 540 534 536 413 541 544 553 622 543 545 536 400 539 293 555 546 1294 971 543 538 536 551 273 1801 1940 805 544 552 534 373 542 537 540 364 549 547 539
208 198 201 202 521 762 200 189 212 196 199 1705 212 196 211 194 2107 196 190 697 201 370 1902 1020 260 201 193 208 201 197 196 210 190 190 212 542 0 199 811 199 996 191 200 767 194 206 199 201 810 207 211 201 767 193 194 202 797 206 691 952 195 1691 1117 210 204 201 199 326 1707 1846 1203 194 200 199 686 209 203 206 508 198 197 205
214 204 207 208 529 770 206 195 219 202 206 1713 219 203 217 200 2115 202 196 705 207 376 1910 1027 268 208 199 215 207 204 202 216 197 197 219 550 199 0 819 206 1004 198 207 773 200 213 205 208 818 214 217 207 773 199 201 208 805 212 699 960 201 1699 1125 217 210 208 205 334 1715 1854 1211 200 207 206 692 215 209 212 515 204 203 211
810 818 805 805 884 185 804 807 814 815 820 2068 814 816 812 812 2469 815 807 568 804 694 2265 1074 573 805 811 810 822 817 815 812 808 808 814 413 811 819 0 820 419 809 804 820 813 809 803 805 159 810 812 821 821 812 813 805 220 808 562 375 814 1114 1239 812 807 805 819 542 2070 2208 626 812 821 803 150 811 806 808 562 818 816 808
214 205 208 209 529 771 207 196 219 203 206 1714 219 203 217 200 2115 202 196 706 207 377 1911 1027 269 208 200 215 208 204 203 217 197 197 219 551 199 206 820 0 1005 198 207 773 201 213 206 208 819 214 218 208 774 200 201 208 806 212 700 961 202 1700 1126 217 211 208 206 335 1716 1854 1212 201 207 206 692 215 210 213 515 205 203 212
995 1003 990 990 1069 370 989 992 999 1001 1005 2253 999 1001 998 998 2655 1000 993 754 989 879 2450 1444 759 990 997 996 1007 1002 1000 997 994 993 999 598 996 1004 419 1005 0 995 989 1191 998 994 988 990 418 995 998 1007 1191 997 999 990 405 993 747 125 999 864 1425 997 992 990 1005 727 2255 2394 294 998 1006 988 530 996 991 994 932 1003 1001 993
206 197 200 201 519 761 199 188 211 195 198 1704 211 195 210 193 2105 195 188 696 199 369 1901 1019 259 200 192 207 200 196 195 209 189 189 211 541 191 198 809 198 995 0 199 765 193 205 198 200 809 206 210 200 766 192 193 200 796 204 690 951 194 1690 1116 209 203 200 198 325 1706 1844 1202 193 199 198 684 207 202 205 507 197 195 204
215 206 209 210 514 755 208 197 220 204 207 1698 220 204 218 201 2100 203 197 690 208 378 1895 1028 253 209 201 216 209 205 204 218 198 198 220 535 200 207 804 207 989 199 0 774 202 214 207 209 803 215 219 209 775 201 202 209 790 213 684 945 203 1684 1110 218 212 209 207 319 1700 1839 1196 202 208 207 693 216 211 214 516 206 204 213
1152 1160 1147 1148 1200 976 1146 1149 1156 1158 1162 2384 1156 1158 1155 1155 2786 1157 1150 911 1147 1036 2569 273 916 1147 1154 1153 1164 1159 1158 1154 1151 1151 1156 641 1153 1161 839 1162 1210 1152 1146 0 1155 1151 1145 1147 839 1152 1155 1164 20 1154 1156 1147 1011 1151 904 1166 1157 1905 1582 1154 1149 1147 1162 884 2386 2525 1416 1155 1163 1146 701 1153 1148 1151 523 1160 1158 1150
209 199 203 203 523 764 202 191 214 198 201 1707 214 198 212 195 2109 197 191 699 202 371 1904 1022 262 203 195 210 203 199 197 212 192 192 214 544 194 200 813 201 998 193 202 768 0 208 201 203 812 209 212 203 768 195 196 203 799 207 693 954 197 1693 1119 212 205 203 201 328 1709 1848 1205 195 202 201 687 210 204 207 510 199 198 206
222 212 215 216 519 760 214 203 226 210 213 1703 226 210 225 208 2105 210 204 695 215 384 1900 1034 258 215 207 222 215 211 210 224 204 204 226 540 206 213 809 213 994 205 214 781 208 0 213 215 808 221 225 215 781 207 208 216 795 220 689 950 209 1689 1115 224 218 215 213 324 1705 1844 1201 208 214 213 700 223 217 220 522 212 211 219
214 204 208 208 513 754 206 195 219 202 206 1697 219 203 217 200 2099 202 196 689 207 376 1894 1027 252 208 199 215 208 204 202 217 197 197 219 534 199 205 803 206 988 198 207 773 201 213 0 208 802 214 217 207 773 200 201 208 789 212 683 944 202 1683 1109 217 210 208 206 318 1699 1838 1195 200 207 206 692 215 209 212 515 204 203 211
216 207 210 211 515 756 209 198 221 205 208 1699 221 205 219 202 2100 204 198 691 209 379 1896 1029 254 210 202 217 210 206 205 219 199 199 221 536 201 208 805 208 990 200 209 775 203 215 208 0 804 216 220 210 776 202 203 210 791 214 685 946 204 1685 1111 219 212 210 208 320 1701 1839 1197 203 209 208 694 217 212 215 517 207 205 214
809 817 804 804 883 184 803 806 813 815 819 2067 813 815 812 812 2469 814 807 568 803 693 2264 1074 573 804 811 810 821 816 815 811 808 808 813 413 810 818 159 819 418 809 803 820 812 808 802 804 0 809 812 821 820 811 813 804 219 808 561 374 814 1113 1239 811 806 804 819 541 2069 2208 625 812 820 802 150 810 805 808 562 817 815 807
222 213 216 217 520 761 215 204 227 211 214 1704 227 211 226 209 2105 211 205 696 215 385 1901 1035 259 216 208 223 216 212 211 225 205 205 227 541 207 214 810 214 995 206 215 781 209 221 214 216 809 0 226 216 782 208 209 216 796 220 690 951 210 1690 1116 225 219 216 214 325 1706 1844 1202 209 215 214 701 223 218 221 523 213 211 220
226 216 219 220 522 764 218 207 231 214 218 1706 231 215 229 212 2108 214 208 699 219 388 1904 1038 262 220 211 227 219 216 214 228 209 209 231 544 211 217 812 218 998 210 219 785 212 225 217 220 812 226 0 219 785 211 213 220 799 224 692 954 213 1693 1119 229 222 220 217 328 1709 1847 1204 212 219 218 704 227 221 224 527 216 215 223
216 206 210 210 531 773 208 197 221 204 208 1716 221 205 219 202 2117 204 198 708 209 378 1913 1029 271 210 201 217 209 206 204 219 199 199 221 553 201 207 821 208 1007 200 209 775 203 215 207 210 821 216 219 0 775 201 203 210 808 214 702 963 203 1702 1128 219 212 210 208 337 1718 1856 1214 202 209 208 694 217 211 214 517 206 205 213
1152 1160 1147 1148 1200 976 1146 1149 1156 1158 1162 2384 1156 1158 1155 1155 2786 1157 1150 911 1147 1036 2569 274 916 1147 1154 1153 1164 1160 1158 1154 1151 1151 1156 641 1153 1161 840 1162 1210 1152 1146 20 1155 1151 1145 1147 839 1152 1155 1164 0 1154 1156 1147 1011 1151 905 1166 1157 1905 1582 1155 1149 1147 1162 884 2386 2525 1416 1155 1163 1146 701 1153 1148 1151 524 1160 1159 1150
208 198 202 202 522 763 201 190 213 197 200 1706 213 197 211 194 2107 196 190 698 201 370 1903 1021 261 202 193 209 202 198 196 211 191 191 213 543 193 199 812 200 997 192 201 767 195 207 200 202 811 208 211 201 767 0 195 202 798 206 692 953 196 1692 1118 211 204 202 200 327 1708 1846 1204 194 201 200 686 209 203 206 509 198 197 205
209 200 203 204 523 765 202 191 214 198 201 1707 214 198 213 196 2109 198 191 700 202 372 1904 1022 262 203 195 210 203 199 198 212 192 192 214 545 194 201 813 201 999 193 202 768 196 208 201 203 813 209 213 203 769 195 0 203 800 207 693 955 197 1694 1120 212 206 203 201 329 1710 1848 1205 196 202 201 687 210 205 208 510 200 198 207
217 207 210 211 515 756 209 198 221 205 208 1699 221 205 220 203 2101 205 199 691 210 379 1896 1029 254 210 202 217 210 206 205 219 200 199 221 536 202 208 805 208 990 200 209 776 203 216 208 210 804 216 220 210 776 202 203 0 791 215 685 946 204 1685 1111 219 213 210 208 320 1701 1840 1197 203 210 208 695 218 212 215 517 207 206 214
796 804 791 792 870 126 790 793 800 802 806 2054 800 802 799 799 2456 801 794 555 791 680 2251 1245 560 791 798 797 808 804 802 798 795 795 800 400 797 805 220 806 405 796 790 992 799 795 789 791 219 796 799 808 992 798 800 791 0 795 549 362 801 1101 1226 799 793 791 806 528 2056 2195 612 799 807 790 331 797 792 795 734 804 803 794
221 211 214 215 518 759 213 202 225 209 212 1702 225 209 224 207 2104 209 203 695 214 383 1899 1033 257 214 206 221 214 210 209 223 204 203 225 539 206 212 808 212 993 204 213 780 207 220 212 214 808 220 224 214 780 206 207 215 795 0 688 950 208 1689 1115 223 217 214 212 324 1704 1843 1200 207 214 212 699 222 216 219 521 211 210 218
690 698 685 685 764 513 684 687 694 695 700 1948 694 696 692 692 2349 695 687 185 684 574 2145 1139 454 685 692 690 702 697 695 692 689 688 694 293 691 699 562 700 747 690 684 885 693 689 683 685 561 690 692 702 885 692 693 685 549 688 0 703 694 1443 848 692 687 685 699 422 1950 2089 954 693 701 683 636 691 686 688 627 698 696 688
951 959 946 947 1025 326 945 948 955 957 961 2209 955 957 954 954 2611 956 949 710 946 835 2406 1400 715 946 953 952 963 958 957 953 950 950 955 555 952 960 375 961 125 951 945 1147 954 950 944 946 374 951 954 963 1147 953 955 946 362 950 703 0 956 764 1381 954 948 946 961 683 2211 2350 396 954 962 945 486 952 947 950 889 959 957 949
210 200 204 204 524 765 203 192 215 199 202 1708 215 199 213 196 2110 198 192 701 203 372 1905 1023 263 204 195 211 204 200 198 213 193 193 215 546 195 201 814 202 999 194 203 769 197 209 202 204 814 210 213 203 769 196 197 204 801 208 694 956 0 1695 1121 213 206 204 202 330 1710 1849 1206 196 203 202 688 211 205 208 511 200 199 207
1690 1698 1685 1686 1764 1065 1684 1687 1694 1696 1700 2948 1694 1696 1693 1693 3350 1695 1688 1449 1685 1574 3145 2139 1454 1685 1692 1691 1702 1698 1696 1692 1689 1689 1694 1294 1691 1699 1114 1700 864 1690 1684 1886 1693 1689 1683 1685 1113 1690 1693 1702 1886 1692 1694 1685 1101 1689 1443 764 1695 0 2120 1693 1687 1685 1700 1422 2950 3089 1135 1693 1701 1684 1225 1691 1686 1689 1628 1698 1697 1688
1086 1094 1081 1082 762 1191 1080 1083 1090 1092 1096 1693 1090 1093 1089 1089 2095 1092 1084 846 1081 1192 1890 1817 1002 1081 1088 1087 1098 1094 1092 1089 1085 1085 1090 971 1088 1096 1239 1096 1425 1086 1081 1563 1090 1086 1080 1081 1239 1086 1089 1098 1563 1088 1090 1082 1226 1085 848 1381 1091 2120 0 1089 1083 1081 1096 1041 1695 1834 1631 1089 1098 1080 1314 1087 1083 1085 1305 1094 1093 1084
225 216 219 220 522 763 218 207 230 214 217 1706 230 214 229 212 2108 214 207 698 218 388 1903 1038 261 219 211 226 219 215 214 228 208 208 230 543 210 217 812 217 997 209 218 784 212 224 217 219 811 225 229 219 785 211 212 219 799 223 692 954 213 1693 1119 0 222 219 217 328 1708 1847 1204 212 218 217 703 226 221 224 526 216 214 223
219 209 212 213 517 758 211 200 223 207 211 1701 223 207 222 205 2102 207 201 693 212 381 1898 1031 256 212 204 219 212 209 207 221 202 201 223 538 204 210 807 211 992 203 212 778 205 218 210 212 806 219 222 212 778 204 206 213 793 217 687 948 206 1687 1113 222 0 212 210 322 1703 1841 1199 205 212 210 697 220 214 217 520 209 208 216
216 207 210 211 515 756 209 198 221 205 208 1699 221 205 219 202 2100 204 198 691 209 379 1896 1029 254 210 202 217 210 206 205 219 199 199 221 536 201 208 805 208 990 200 209 775 203 215 208 210 804 216 220 210 775 202 203 210 791 214 685 946 204 1685 1111 219 212 0 208 320 1701 1839 1197 202 209 208 694 217 212 215 517 207 205 214
214 205 208 209 529 771 207 196 219 203 206 1713 219 203 217 200 2115 202 196 706 207 376 1911 1027 269 208 200 215 208 204 203 217 197 197 219 551 199 205 819 206 1005 198 207 773 201 213 206 208 819 214 217 208 773 200 201 208 806 212 699 961 202 1700 1126 217 210 208 0 335 1716 1854 1211 200 207 206 692 215 210 213 515 205 203 212
325 333 320 321 474 493 319 322 329 331 335 1658 329 331 328 328 2059 330 323 428 320 209 1855 1119 89 320 327 326 337 333 331 327 324 324 329 273 326 334 542 335 727 325 319 865 328 324 318 320 541 325 328 337 865 327 329 320 528 324 422 683 330 1422 1070 328 322 320 335 0 1660 1799 934 328 336 319 616 326 321 324 607 333 332 323
1695 1703 1690 1690 1370 2010 1689 1692 1699 1701 1705 39 1699 1701 1698 1698 432 1700 1693 1945 1689 1801 382 2634 1610 1690 1697 1696 1707 1702 1701 1697 1694 1694 1699 1790 1696 1704 2059 1705 2244 1695 1689 2380 1698 1694 1688 1690 2058 1695 1698 1707 2380 1697 1699 1690 2046 1694 1939 2200 1700 2940 1695 1697 1692 1690 1705 1649 0 171 2451 1698 1706 1688 2133 1696 1691 1694 2122 1703 1701 1693
1834 1841 1828 1829 1509 2149 1827 1831 1837 1839 1843 172 1837 1840 1836 1836 354 1839 1831 2084 1828 1939 237 2772 1749 1829 1835 1834 1846 1841 1839 1836 1832 1832 1837 1929 1835 1843 2197 1843 2383 1833 1828 2518 1837 1833 1827 1829 2197 1833 1836 1845 2518 1835 1837 1829 2184 1832 2078 2339 1838 3078 1834 1836 1830 1829 1843 1788 171 0 2590 1836 1845 1827 2272 1834 1830 1832 2260 1842 1840 1831
1202 1210 1197 1197 1276 577 1196 1199 1206 1207 1212 2460 1206 1208 1204 1204 2861 1207 1199 960 1196 1086 2657 1651 966 1197 1203 1202 1214 1209 1207 1204 1200 1200 1206 805 1203 1211 626 1212 294 1202 1196 1397 1205 1201 1195 1197 625 1202 1204 1214 1397 1204 1205 1197 612 1200 954 396 1206 1135 1631 1204 1199 1197 1211 934 2462 2600 0 1204 1213 1195 736 1203 1198 1200 1139 1210 1208 1200
209 199 202 203 522 764 201 190 213 197 201 1706 213 198 212 195 2108 197 191 699 202 371 1904 1021 262 202 194 209 202 199 197 211 192 191 214 544 194 200 812 201 998 193 202 768 195 208 200 203 812 209 212 202 768 194 196 203 799 207 693 954 196 1693 1119 212 205 202 200 328 1709 1847 1204 0 202 200 687 210 204 207 510 199 198 206
215 206 209 210 531 772 208 197 220 204 207 1715 220 204 219 202 2117 204 198 707 209 378 1912 1028 270 209 201 216 209 205 204 218 198 198 220 552 200 207 821 207 1006 199 208 774 202 214 207 209 820 215 219 209 775 201 202 210 807 214 701 962 203 1701 1127 218 212 209 207 336 1717 1856 1213 202 0 207 694 216 211 214 516 206 205 213
214 205 208 209 513 754 207 196 219 203 206 1697 219 203 217 200 2099 202 196 689 207 377 1894 1027 252 208 200 215 208 204 203 217 197 197 219 534 199 206 803 206 988 198 207 773 201 213 206 208 802 214 218 208 773 200 201 208 790 212 683 945 202 1684 1110 217 210 208 206 319 1699 1838 1195 200 207 0 692 215 210 213 515 205 203 212
884 892 879 880 958 296 878 881 888 890 894 2142 888 890 887 887 2544 889 882 643 879 768 2339 935 648 879 886 885 896 892 890 886 883 883 888 373 885 893 150 894 530 884 878 682 887 883 877 879 150 884 887 896 682 886 888 879 331 883 636 486 889 1225 1314 887 881 879 894 616 2144 2283 736 887 895 878 0 885 880 883 423 892 891 882
224 214 217 218 520 762 216 205 228 212 215 1705 228 212 227 210 2106 212 206 697 217 386 1902 1036 260 217 209 224 217 213 212 226 207 206 228 542 209 215 811 215 996 207 216 783 210 223 215 217 810 223 227 217 783 209 210 218 797 222 691 952 211 1691 1117 226 220 217 215 326 1707 1845 1203 210 216 215 702 0 219 222 524 214 213 221
218 208 211 212 516 757 210 199 223 206 210 1700 223 207 221 204 2102 206 200 692 211 380 1897 1031 255 212 203 219 211 208 206 220 201 201 223 537 203 209 806 210 991 202 211 777 204 217 209 212 805 218 221 211 777 203 205 212 792 216 686 947 205 1686 1112 221 214 212 210 321 1702 1841 1198 204 211 210 696 219 0 216 519 208 207 215
221 211 214 215 518 760 213 202 226 209 213 1702 226 210 224 207 2104 209 203 695 214 383 1900 1034 257 215 206 222 214 211 209 223 204 204 226 540 206 212 808 213 994 205 214 780 207 220 212 215 808 221 224 214 780 206 208 215 795 219 688 950 208 1689 1115 224 217 215 213 324 1705 1843 1200 207 214 213 699 222 216 0 522 211 210 218
2168 2176 2163 2163 2216 1991 2162 2165 2172 2173 2178 3400 2172 2174 2170 2170 3801 2173 2165 1926 2162 2052 3585 859 1932 2163 2169 2168 2180 2175 2173 2170 2166 2166 2172 1657 2169 2177 1855 2178 2225 2168 2162 1109 2171 2167 2161 2163 1855 2168 2170 2180 1110 2170 2171 2163 2026 2166 1920 2181 2172 2920 2597 2170 2165 2163 2177 1900 3402 3540 2432 2170 2179 2161 1716 2169 2164 2166 0 2176 2174 2166
213 203 207 207 528 769 205 194 218 201 205 1712 218 202 216 199 2113 201 195 704 206 375 1909 1026 267 207 198 214 206 203 201 216 196 196 218 549 198 204 818 205 1003 197 206 772 199 212 204 207 817 213 216 206 772 198 200 207 804 211 698 959 200 1698 1124 216 209 207 205 333 1714 1852 1210 199 206 205 691 214 208 211 514 0 202 210
212 202 205 206 526 767 204 193 216 200 203 1710 216 200 215 198 2112 200 194 702 205 374 1907 1024 265 205 197 212 205 201 200 214 195 194 216 547 197 203 816 203 1001 195 204 771 198 211 203 205 815 211 215 205 771 197 198 206 803 210 696 957 199 1697 1123 214 208 205 203 332 1712 1851 1208 198 205 203 690 213 207 210 512 202 0 209
220 210 213 214 517 759 212 201 225 208 212 1702 225 209 223 206 2103 208 202 694 213 382 1899 1033 257 214 205 221 213 210 208 222 203 203 225 539 205 211 808 212 993 204 213 779 206 219 211 214 807 220 223 213 779 205 207 214 794 218 688 949 207 1688 1114 223 216 214 212 323 1704 1842 1200 206 213 212 698 221 215 218 521 210 209 0
EOF