NAME : tsp_problem
TYPE : TSP
DIMENSION : 60
EDGE_WEIGHT_TYPE : EXPLICIT
EDGE_WEIGHT_FORMAT : FULL_MATRIX
EDGE_WEIGHT_SECTION
0 641 212 209 223 214 214 219 210 206 223 215 221 211 205 228 213 222 204 209 214 224 1036 227 215 227 219 208 208 1038 210 206 211 216 206 578 211 225 207 214 214 214 1596 222 215 222 1612 210 215 225 208 1034 207 210 223 225 881 208 719 367
1012 0 1020 1016 1013 1022 1006 1010 1018 1013 1014 1023 1012 1018 1011 1017 1021 1012 1009 1016 1006 1014 420 1017 1023 1017 1010 1015 1015 422 1009 1013 1018 1008 1013 439 1019 1015 1014 1022 1023 1006 2137 1012 1007 1013 2141 1017 1023 1015 1015 417 1013 1018 1013 1015 1422 1015 102 914
212 632 0 199 213 204 205 209 201 197 214 205 212 201 195 218 203 212 194 200 204 214 1027 218 205 218 209 198 199 1028 200 197 201 207 197 568 201 216 198 204 205 204 1604 212 206 213 1620 200 205 216 199 1024 197 201 213 215 889 198 709 357
209 629 199 0 210 201 202 206 198 194 211 202 208 198 192 215 200 209 191 197 201 211 1023 215 202 214 206 195 196 1025 197 193 198 204 194 565 198 212 195 201 202 201 1600 209 203 210 1616 197 202 213 196 1021 194 198 210 212 885 195 706 354
223 642 213 210 0 214 215 220 211 207 224 216 222 212 206 228 214 223 205 210 215 224 1037 228 216 228 220 209 209 1039 211 207 211 217 207 579 212 226 208 215 215 215 1597 223 216 223 1613 211 216 226 209 1035 208 211 224 226 882 209 719 368
214 633 204 201 214 0 206 211 202 198 215 207 213 203 197 219 205 214 196 201 206 215 1028 219 207 219 211 200 200 1030 202 198 202 208 198 570 203 217 199 206 206 206 1606 214 207 214 1622 202 207 217 200 1026 199 202 215 217 891 200 710 359
214 634 205 202 215 206 0 212 203 199 216 208 214 203 197 220 206 214 196 202 207 216 1029 220 208 220 212 201 201 1031 203 199 203 209 199 571 204 218 200 207 207 207 1590 215 208 215 1606 203 208 218 201 1026 200 203 216 218 875 201 711 360
219 639 209 206 220 211 212 0 208 204 221 212 218 208 202 225 210 219 201 207 211 221 1033 225 212 225 216 205 206 1035 207 203 208 214 204 575 208 222 205 211 212 211 1594 219 213 220 1610 207 212 223 206 1031 204 208 220 222 879 205 716 364
210 630 201 198 211 202 203 208 0 195 212 203 210 199 193 216 201 210 192 198 203 212 1025 216 204 216 207 197 197 1026 199 195 199 205 195 566 200 214 196 203 203 202 1602 211 204 211 1618 198 203 214 197 1022 195 199 212 213 887 196 707 356
206 626 197 194 207 198 199 204 195 0 208 199 206 195 189 212 197 206 188 194 198 208 1021 212 199 212 203 192 193 1022 195 191 195 201 191 562 196 210 192 199 199 198 1597 207 200 207 1613 194 199 210 193 1018 191 195 208 209 882 192 703 351
223 643 214 211 224 215 216 221 212 208 0 217 223 212 206 229 215 223 205 211 216 225 1038 229 217 229 221 210 210 1040 212 208 212 218 208 580 213 227 209 216 216 216 1598 224 217 224 1613 212 217 227 210 1036 209 212 225 227 883 210 720 369
215 635 205 202 216 207 208 212 203 199 217 0 214 204 198 221 206 215 197 202 207 217 1029 220 208 220 212 201 201 1031 203 199 204 209 199 571 204 218 200 207 208 207 1607 215 208 216 1623 203 208 218 201 1027 200 204 216 218 892 201 712 360
221 641 212 208 222 213 214 218 210 206 223 214 0 210 204 227 212 221 203 209 213 223 1036 227 214 227 218 207 208 1037 209 206 210 216 206 577 210 225 207 213 214 213 1596 222 215 222 1612 209 214 225 208 1033 206 210 222 224 881 207 718 366
211 631 201 198 212 203 203 208 199 195 212 204 210 0 194 217 202 211 193 198 203 213 1025 216 204 216 208 197 197 1027 199 195 200 205 195 567 200 214 196 203 204 203 1602 211 204 212 1618 199 204 214 197 1023 196 200 212 214 887 197 708 356
205 625 195 192 206 197 197 202 193 189 206 198 204 194 0 211 196 205 187 192 197 207 1019 210 198 210 202 191 191 1021 193 189 194 199 189 561 194 208 190 197 198 197 1595 205 198 206 1611 193 198 208 191 1017 190 193 206 208 880 191 702 350
228 647 218 215 228 219 220 225 216 212 229 221 227 217 211 0 219 227 210 215 220 229 1042 233 221 233 225 214 214 1044 216 212 216 222 212 584 217 231 213 220 220 220 1601 228 221 228 1617 216 221 231 214 1040 213 216 229 231 886 214 724 373
213 633 203 200 214 205 206 210 201 197 215 206 212 202 196 219 0 213 195 200 205 215 1027 218 206 218 210 199 199 1029 201 197 202 207 197 569 202 216 198 205 206 205 1605 213 206 214 1621 201 206 216 199 1025 198 202 214 216 890 199 710 358
222 641 212 209 223 214 214 219 210 206 223 215 221 211 205 227 213 0 204 209 214 224 1036 227 215 227 219 208 208 1038 210 206 210 216 206 578 211 225 207 214 214 214 1596 222 215 222 1612 210 215 225 208 1034 207 210 223 225 881 208 719 367
204 624 194 191 205 196 196 201 192 188 205 197 203 193 187 210 195 204 0 191 196 206 1018 209 197 209 201 190 190 1020 192 188 193 198 188 560 193 207 189 196 197 196 1594 204 197 205 1609 192 197 207 190 1016 189 193 205 207 879 190 701 349
209 629 200 197 210 201 202 207 198 194 211 202 209 198 192 215 200 209 191 0 201 211 1024 215 202 215 206 195 196 1025 198 194 198 204 194 565 199 213 195 202 202 201 1601 210 203 210 1616 197 202 213 196 1021 194 198 211 212 886 195 706 354
214 634 204 201 215 206 207 211 203 198 216 207 213 203 197 220 205 214 196 201 0 216 1028 219 207 219 211 200 201 1030 202 198 203 208 199 570 203 217 200 206 207 206 1590 214 208 215 1606 202 207 218 200 1026 199 203 215 217 875 200 711 359
224 643 214 211 224 215 216 221 212 208 225 217 223 213 207 229 215 224 206 211 216 0 1038 229 217 229 221 210 210 1040 212 208 212 218 208 580 213 227 209 216 216 216 1598 224 217 224 1614 212 217 227 210 1036 209 212 225 227 883 210 720 369
1407 420 1415 1411 1408 1416 1401 1405 1412 1407 1408 1418 1406 1413 1405 1412 1415 1407 1404 1411 1400 1408 0 1411 1418 1411 1405 1409 1410 38 1404 1407 1413 1402 1408 833 1413 1410 1409 1417 1418 1400 2532 1407 1402 1407 2536 1412 1418 1410 1410 34 1408 1413 1408 1409 1817 1409 338 1309
227 647 218 215 228 219 220 225 216 212 229 220 227 216 210 233 218 227 209 215 219 229 1042 0 220 233 224 213 214 1043 216 212 216 222 212 583 217 231 213 220 220 219 1601 228 221 228 1617 215 220 231 214 1039 212 216 229 230 886 213 724 372
215 635 205 202 216 207 208 212 204 199 217 208 214 204 198 221 206 215 197 202 207 217 1029 220 0 220 212 201 201 1031 203 199 204 209 200 571 204 218 201 207 208 207 1608 215 209 216 1623 203 208 218 201 1027 200 204 216 218 893 201 712 360
227 647 218 214 228 219 220 225 216 212 229 220 227 216 210 233 218 227 209 215 219 229 1042 233 220 0 224 213 214 1043 215 212 216 222 212 583 216 231 213 219 220 219 1601 228 221 228 1617 215 220 231 214 1039 212 216 228 230 886 213 724 372
219 639 209 206 220 211 212 216 207 203 221 212 218 208 202 225 210 219 201 206 211 221 1033 224 212 224 0 205 205 1035 207 203 208 213 204 575 208 222 204 211 212 211 1594 219 213 220 1610 207 212 222 205 1031 204 208 220 222 879 205 716 364
208 628 198 195 209 200 201 205 197 192 210 201 207 197 191 214 199 208 190 195 200 210 1022 213 201 213 205 0 195 1024 196 192 197 202 193 564 197 211 194 200 201 200 1599 208 202 209 1615 196 201 212 194 1020 193 197 209 211 884 194 705 353
208 628 199 196 209 200 201 206 197 193 210 201 208 197 191 214 199 208 190 196 201 210 1023 214 201 214 205 195 0 1024 197 193 197 203 193 564 198 212 194 201 201 200 1599 209 202 209 1615 196 201 212 195 1020 193 197 210 211 884 194 705 354
1408 422 1416 1412 1409 1418 1403 1406 1414 1409 1410 1420 1408 1415 1407 1413 1417 1408 1406 1413 1402 1410 38 1413 1420 1413 1406 1411 1412 0 1405 1409 1414 1404 1409 835 1415 1411 1410 1419 1419 1402 2534 1409 1403 1409 2537 1413 1420 1411 1411 36 1410 1414 1410 1411 1819 1411 340 1311
210 630 200 197 211 202 203 207 199 195 212 203 209 199 193 216 201 210 192 198 202 212 1024 216 203 215 207 196 197 1026 0 194 199 205 195 566 199 213 196 202 203 202 1593 210 204 211 1609 198 203 214 197 1022 195 199 211 213 878 196 707 355
206 626 197 193 207 198 199 203 195 191 208 199 206 195 189 212 197 206 188 194 198 208 1021 212 199 212 203 192 193 1022 194 0 195 201 191 562 195 210 192 198 199 198 1597 207 200 207 1612 194 199 210 193 1018 191 195 207 209 882 192 703 351
211 630 201 198 211 202 203 208 199 195 212 204 210 200 194 216 202 210 193 198 203 212 1025 216 204 216 208 197 197 1027 199 195 0 205 195 567 200 214 196 203 203 203 1602 211 204 211 1618 199 204 214 197 1023 196 199 212 214 887 197 707 356
216 636 207 204 217 208 209 214 205 201 218 209 216 205 199 222 207 216 198 204 208 218 1031 222 209 222 213 202 203 1032 205 201 205 0 201 572 206 220 202 209 209 208 1592 217 210 217 1608 204 209 220 203 1028 201 205 218 219 877 202 713 361
206 626 197 194 207 198 199 204 195 191 208 199 206 195 189 212 197 206 188 194 199 208 1021 212 200 212 204 193 193 1023 195 191 195 201 0 563 196 210 192 199 199 199 1597 207 200 207 1613 195 199 210 193 1018 191 195 208 210 882 192 703 352
605 420 613 609 606 615 599 603 611 605 606 616 604 611 603 610 614 605 602 609 599 606 814 609 616 609 603 607 608 816 602 605 611 601 606 0 611 608 607 615 616 599 1756 605 600 606 1772 610 616 608 608 812 606 611 606 607 1041 607 497 507
211 631 201 198 212 203 204 208 200 196 213 204 210 200 194 217 202 211 193 199 203 213 1025 217 204 216 208 197 198 1027 199 195 200 206 196 567 0 214 197 203 204 203 1603 211 205 212 1618 199 204 215 198 1023 196 200 212 214 888 197 708 356
225 645 216 212 226 217 218 222 214 210 227 218 225 214 208 231 216 225 207 213 217 227 1040 231 218 231 222 211 212 1041 213 210 214 220 210 581 214 0 211 217 218 217 1599 226 219 226 1615 213 218 229 212 1037 210 214 226 228 884 211 722 370
207 627 198 195 208 199 200 205 196 192 209 200 207 196 190 213 198 207 189 195 200 209 1022 213 201 213 204 194 194 1023 196 192 196 202 192 563 197 211 0 200 200 199 1598 208 201 208 1614 195 200 211 194 1019 192 196 209 210 883 193 704 353
214 634 204 201 215 206 207 211 203 199 216 207 213 203 197 220 205 214 196 202 206 216 1028 220 207 219 211 200 201 1030 202 198 203 209 199 570 203 217 200 0 207 206 1606 214 208 215 1622 202 207 218 200 1026 199 203 215 217 891 200 711 359
214 634 205 202 215 206 207 212 203 199 216 208 214 204 198 220 206 214 197 202 207 216 1029 220 208 220 212 201 201 1031 203 199 203 209 199 571 204 218 200 207 0 207 1607 215 208 215 1623 203 208 218 201 1027 200 203 216 218 892 201 711 360
214 634 204 201 215 206 207 211 202 198 216 207 213 203 197 220 205 214 196 201 206 216 1028 219 207 219 211 200 200 1030 202 198 203 208 199 570 203 217 199 206 207 0 1590 214 208 215 1606 202 207 217 200 1026 199 203 215 217 875 200 711 359
1585 2131 1593 1589 1586 1595 1580 1583 1591 1586 1587 1597 1585 1591 1584 1590 1594 1585 1583 1590 1579 1587 2526 1590 1597 1590 1583 1588 1588 2527 1582 1586 1591 1581 1586 1745 1592 1588 1587 1596 1596 1579 0 1586 1580 1586 350 1590 1597 1588 1588 2523 1587 1591 1586 1588 758 1588 2208 1710
222 642 212 209 223 214 215 219 211 207 224 215 222 211 205 228 213 222 204 210 214 224 1037 228 215 228 219 208 209 1038 210 207 211 217 207 578 211 226 208 214 215 214 1597 0 216 223 1612 210 215 226 209 1034 207 211 223 225 882 208 719 367
215 635 206 203 216 207 208 213 204 200 217 208 215 204 198 221 206 215 197 203 208 217 1030 221 209 221 213 202 202 1032 204 200 204 210 200 572 205 219 201 208 208 208 1591 216 0 216 1607 204 208 219 202 1027 201 204 217 219 876 201 712 361
222 642 213 210 223 214 215 220 211 207 224 216 222 212 206 228 214 222 205 210 215 224 1037 228 216 228 220 209 209 1039 211 207 211 217 207 579 212 226 208 215 215 215 1597 223 216 0 1613 211 216 226 209 1035 208 211 224 226 882 209 719 368
1601 2097 1609 1605 1602 1611 1595 1599 1607 1602 1603 1612 1601 1607 1600 1606 1610 1601 1598 1605 1595 1603 2492 1606 1612 1606 1599 1604 1604 2494 1598 1601 1607 1597 1602 1761 1608 1604 1603 1611 1612 1595 350 1601 1596 1602 0 1606 1612 1604 1604 2490 1602 1607 1602 1604 774 1603 2174 1725
210 630 200 197 211 202 203 207 198 194 212 203 209 199 193 216 201 210 192 197 202 212 1024 215 203 215 207 196 196 1026 198 194 199 204 195 566 199 213 195 202 203 202 1601 210 204 211 1617 0 203 213 196 1022 195 199 211 213 886 196 707 355
215 635 205 202 216 207 208 212 203 199 217 208 214 204 198 221 206 215 197 202 207 217 1029 220 208 220 212 201 201 1031 203 199 204 209 199 571 204 218 200 207 208 207 1607 215 208 216 1623 203 0 218 201 1027 200 204 216 218 892 201 712 360
225 645 216 213 226 217 218 223 214 210 227 218 225 214 208 231 216 225 207 213 218 227 1040 231 218 231 222 212 212 1041 214 210 214 220 210 581 215 229 211 218 218 217 1599 226 219 226 1615 213 218 0 212 1037 210 214 227 228 884 211 722 371
208 628 199 196 209 200 201 206 197 193 210 201 208 197 191 214 199 208 190 196 200 210 1023 214 201 214 205 194 195 1024 197 193 197 203 193 564 198 212 194 200 201 200 1599 209 202 209 1615 196 201 212 0 1020 193 197 209 211 884 194 705 353
1404 417 1412 1408 1405 1414 1399 1402 1410 1405 1406 1416 1404 1410 1403 1409 1413 1404 1402 1409 1398 1406 34 1409 1416 1409 1402 1407 1407 36 1401 1405 1410 1400 1405 831 1411 1407 1406 1415 1415 1398 2530 1405 1399 1405 2533 1409 1416 1407 1407 0 1406 1410 1405 1407 1815 1407 336 1307
207 627 197 194 208 199 200 204 195 191 209 200 206 196 190 213 198 207 189 194 199 209 1021 212 200 212 204 193 193 1023 195 191 196 201 191 563 196 210 192 199 200 199 1597 207 201 208 1613 195 200 210 193 1019 0 196 208 210 882 193 704 352
210 630 201 198 211 202 203 208 199 195 212 204 210 200 193 216 202 210 193 198 203 212 1025 216 204 216 208 197 197 1027 199 195 199 205 195 567 200 214 196 203 203 203 1602 211 204 211 1618 199 204 214 197 1023 196 0 212 214 887 197 707 356
223 643 213 210 224 215 216 220 212 208 225 216 222 212 206 229 214 223 205 211 215 225 1037 229 216 228 220 209 210 1039 211 207 212 218 208 579 212 226 209 215 216 215 1597 223 217 224 1613 211 216 227 209 1035 208 212 0 226 882 209 720 368
225 645 215 212 226 217 218 222 213 209 227 218 224 214 208 231 216 225 207 212 217 227 1039 230 218 230 222 211 211 1041 213 209 214 219 210 581 214 228 210 217 218 217 1599 225 219 226 1615 213 218 228 211 1037 210 214 226 0 884 211 722 370
870 1416 878 874 871 880 864 868 876 871 872 882 870 876 869 875 879 870 868 875 864 872 1811 875 882 875 868 873 873 1812 867 871 876 866 871 1030 877 873 872 880 881 864 758 871 865 871 774 875 881 873 873 1808 872 876 871 873 0 873 1493 994
208 628 198 195 209 200 201 205 196 192 210 201 207 197 191 214 199 208 190 195 200 210 1022 213 201 213 205 194 194 1024 196 192 197 202 192 564 197 211 193 200 201 200 1599 208 201 209 1614 196 201 211 194 1020 193 197 209 211 884 0 705 353
1089 102 1097 1093 1090 1099 1083 1087 1095 1090 1091 1100 1089 1095 1088 1094 1098 1089 1087 1093 1083 1091 338 1094 1100 1094 1087 1092 1092 340 1086 1090 1095 1085 1090 516 1096 1092 1091 1099 1100 1083 2214 1090 1084 1090 2218 1094 1100 1092 1092 336 1090 1095 1090 1092 1499 1092 0 991
495 895 502 499 495 504 489 493 500 495 496 506 494 501 493 499 503 495 492 499 488 496 1290 499 506 499 492 497 498 1292 492 495 501 490 495 507 501 497 497 505 506 488 1720 495 490 495 1736 500 506 498 498 1288 496 501 496 497 1005 497 972 0
EOF