NAME : tsp_problem
TYPE : TSP
DIMENSION : 54
EDGE_WEIGHT_TYPE : EXPLICIT
EDGE_WEIGHT_FORMAT : FULL_MATRIX
EDGE_WEIGHT_SECTION
0 818 801 811 803 805 806 813 808 814 851 1933 811 810 805 806 695 817 810 1959 820 804 815 812 806 819 1047 1648 808 808 210 811 811 808 810 809 808 354 842 801 802 805 807 411 1933 803 1216 812 722 805 817 803 818 817
818 0 207 201 209 196 213 202 215 203 499 1581 218 217 211 212 240 206 217 1607 468 210 204 220 197 208 695 1296 206 215 798 219 201 199 217 199 199 943 773 207 207 212 198 551 1581 209 1104 202 654 211 206 209 207 206
801 207 0 201 209 196 213 202 215 203 482 1564 218 217 211 212 224 206 217 1590 451 210 204 220 197 208 679 1280 206 215 782 219 201 199 217 199 199 926 773 207 207 212 198 535 1564 209 1088 202 654 211 206 209 207 206
811 201 201 0 204 191 207 197 209 198 492 1574 213 212 206 207 234 200 212 1600 461 205 199 214 192 202 689 1290 201 209 792 213 196 193 212 194 193 936 768 202 202 206 193 544 1574 203 1098 196 649 206 201 203 202 201
803 209 209 204 0 199 215 205 217 206 485 1566 221 220 214 215 226 208 220 1592 454 212 207 222 200 210 681 1282 209 217 784 221 204 201 220 202 201 928 776 210 210 214 201 537 1566 211 1090 204 657 214 209 211 210 209
805 196 196 191 199 0 202 192 204 193 486 1568 208 207 201 202 227 195 207 1594 455 199 194 209 187 197 682 1284 196 204 785 208 191 188 207 189 188 930 763 197 197 201 188 538 1568 198 1091 191 644 201 196 198 197 196
806 213 213 207 215 202 0 209 221 210 487 1569 225 223 217 218 229 212 223 1595 456 216 210 226 203 214 684 1285 213 221 787 225 208 205 223 206 205 931 779 213 213 218 204 540 1569 215 1093 208 660 217 212 215 213 212
813 202 202 197 205 192 209 0 211 199 494 1576 214 213 207 208 235 202 213 1602 463 206 200 216 193 204 690 1291 202 211 793 215 197 194 213 195 195 937 769 203 203 207 194 546 1576 204 1099 197 650 207 202 205 203 202
808 215 215 209 217 204 221 211 0 212 489 1571 227 226 219 220 231 214 225 1597 458 218 212 228 205 216 685 1287 215 223 789 227 210 207 225 208 207 933 781 215 215 220 206 541 1571 217 1094 210 662 219 214 217 215 214
814 203 203 198 206 193 210 199 212 0 495 1577 215 214 208 209 236 203 214 1603 464 207 201 217 194 205 691 1292 203 211 794 216 198 195 214 196 196 939 770 204 204 208 195 547 1577 205 1100 198 651 208 203 206 204 203
976 624 607 617 610 611 612 619 614 620 0 1134 617 616 611 612 501 623 616 1160 227 610 621 618 612 625 248 850 615 614 956 617 617 614 616 615 614 1101 1298 607 608 611 613 709 1134 609 657 618 1179 611 623 609 624 623
1922 1570 1553 1563 1556 1557 1558 1565 1560 1566 1204 0 1563 1562 1557 1558 1447 1569 1562 309 1173 1556 1567 1564 1558 1571 1129 1057 1561 1560 1902 1563 1563 1560 1562 1561 1560 2046 2195 1553 1554 1557 1559 1655 93 1555 1538 1564 2076 1557 1569 1555 1570 1569
811 218 218 213 221 208 225 214 227 215 492 1574 0 229 223 224 234 218 229 1600 461 222 216 232 209 220 688 1290 218 226 791 231 213 210 229 211 211 936 785 219 219 223 210 544 1574 220 1097 213 666 223 218 221 219 218
810 217 217 212 220 207 223 213 226 214 491 1573 229 0 222 223 233 216 228 1599 460 221 215 231 208 219 687 1289 217 225 791 229 212 209 228 210 210 935 784 218 218 222 209 543 1573 219 1097 212 665 222 217 220 218 217
805 211 211 206 214 201 217 207 219 208 486 1568 223 222 0 217 227 210 221 1594 455 214 209 224 201 212 682 1284 211 219 785 223 206 203 222 204 203 930 777 211 212 216 202 538 1568 213 1091 206 658 215 210 213 211 210
806 212 212 207 215 202 218 208 220 209 487 1569 224 223 217 0 228 211 223 1595 456 215 210 225 203 213 683 1285 212 220 786 224 207 204 223 205 204 931 779 212 213 217 204 539 1569 214 1092 207 659 217 212 214 213 212
695 240 224 234 226 227 229 235 231 236 376 1458 234 233 227 228 0 239 232 1483 345 227 238 235 228 242 572 1173 231 231 675 234 234 230 233 231 231 819 824 224 224 228 230 428 1457 226 981 234 705 228 240 226 241 240
817 206 206 200 208 195 212 202 214 203 498 1580 218 216 210 211 239 0 216 1606 467 209 203 219 196 207 694 1295 206 214 797 218 201 198 216 199 198 941 772 206 206 211 197 550 1580 208 1103 201 653 210 205 208 206 205
810 217 217 212 220 207 223 213 225 214 491 1573 229 228 221 223 232 216 0 1599 460 220 215 230 207 218 687 1288 217 225 790 229 212 209 228 210 209 935 783 217 218 222 209 543 1573 219 1096 212 664 221 217 219 217 217
1948 1596 1579 1589 1581 1583 1584 1591 1586 1592 1230 309 1589 1588 1583 1584 1472 1595 1588 0 1199 1582 1593 1590 1584 1597 1155 1082 1586 1586 1928 1589 1589 1586 1588 1587 1586 2072 2270 1579 1580 1583 1585 1681 308 1581 1564 1590 2151 1583 1595 1581 1596 1595
809 457 440 450 443 444 445 452 447 453 73 1155 450 449 444 445 334 456 449 1181 0 443 454 451 445 458 269 871 448 447 789 450 450 447 449 448 447 933 1131 440 441 444 446 542 1155 442 679 451 1012 444 456 442 457 456
804 210 210 205 212 199 216 206 218 207 485 1567 222 221 214 215 227 209 220 1593 454 0 207 223 200 211 681 1283 210 218 785 222 205 202 220 203 202 929 776 210 210 215 201 537 1567 212 1090 205 657 214 209 212 210 209
815 204 204 199 207 194 210 200 212 201 496 1578 216 215 209 210 238 203 215 1604 465 207 0 217 195 205 692 1294 204 212 795 216 199 196 215 197 196 940 771 205 205 209 196 548 1578 206 1101 199 652 209 204 206 205 204
812 220 220 214 222 209 226 216 228 217 493 1575 232 231 224 225 235 219 230 1601 462 223 217 0 210 221 689 1291 220 228 793 232 215 212 230 213 212 937 786 220 220 225 211 545 1575 222 1099 215 667 224 219 222 220 219
806 197 197 192 200 187 203 193 205 194 487 1569 209 208 201 203 228 196 207 1595 456 200 195 210 0 198 683 1284 197 205 786 209 192 189 208 190 189 931 763 197 198 202 189 539 1569 199 1092 192 644 201 197 199 197 196
819 208 208 202 210 197 214 204 216 205 500 1582 220 219 212 213 242 207 218 1608 469 211 205 221 198 0 697 1298 208 216 800 220 203 200 218 201 200 944 774 208 208 213 199 553 1582 210 1106 203 655 212 207 210 208 207
1017 665 649 659 651 652 654 660 655 661 300 1129 658 658 652 653 542 664 657 1155 269 651 662 660 653 667 0 845 656 655 998 659 659 655 658 656 656 1142 1340 649 649 653 655 751 1129 651 472 659 1220 652 665 651 666 665
1637 1286 1269 1279 1271 1273 1274 1280 1276 1282 920 1057 1279 1278 1273 1274 1162 1284 1278 1082 889 1272 1283 1280 1274 1287 845 0 1276 1276 1618 1279 1279 1276 1278 1276 1276 1762 1960 1269 1270 1273 1275 1371 1056 1271 1254 1279 1841 1273 1285 1271 1286 1285
808 206 206 201 209 196 213 202 215 203 490 1571 218 217 211 212 231 206 217 1597 459 210 204 220 197 208 686 1287 0 214 789 219 201 198 217 199 199 933 773 207 207 211 198 542 1571 208 1095 201 654 211 206 209 207 206
808 215 215 209 217 204 221 211 223 211 489 1571 226 225 219 220 231 214 225 1597 458 218 212 228 205 216 685 1287 214 0 788 227 210 207 225 207 207 933 781 215 215 220 206 541 1571 217 1094 210 662 219 214 217 215 214
210 798 782 792 784 785 787 793 789 794 831 1913 791 791 785 786 675 797 790 1939 800 785 795 793 786 800 1028 1629 789 788 0 792 792 788 791 789 789 173 983 782 782 786 788 392 1913 784 1196 792 864 786 798 784 799 798
811 219 219 213 221 208 225 215 227 216 492 1574 231 229 223 224 234 218 229 1600 461 222 216 232 209 220 688 1290 219 227 792 0 214 211 229 211 211 936 785 219 219 224 210 544 1574 221 1098 214 666 223 218 221 219 218
811 201 201 196 204 191 208 197 210 198 492 1574 213 212 206 207 234 201 212 1600 461 205 199 215 192 203 689 1290 201 210 792 214 0 193 212 194 194 936 768 202 202 206 193 545 1574 203 1098 196 649 206 201 204 202 201
808 199 199 193 201 188 205 194 207 195 489 1571 210 209 203 204 230 198 209 1597 458 202 196 212 189 200 685 1287 198 207 788 211 193 0 209 191 191 933 765 199 199 204 190 541 1571 201 1094 194 646 203 198 201 199 198
810 217 217 212 220 207 223 213 225 214 491 1573 229 228 222 223 233 216 228 1599 460 220 215 230 208 218 687 1289 217 225 791 229 212 209 0 210 209 935 784 218 218 222 209 543 1573 219 1097 212 665 222 217 219 218 217
809 199 199 194 202 189 206 195 208 196 490 1572 211 210 204 205 231 199 210 1598 459 203 197 213 190 201 686 1287 199 207 789 211 194 191 210 0 192 933 766 200 200 204 191 542 1572 201 1095 194 647 204 199 202 200 199
808 199 199 193 201 188 205 195 207 196 489 1571 211 210 203 204 231 198 209 1597 458 202 196 212 189 200 685 1287 199 207 789 211 194 191 209 192 0 933 765 199 199 204 190 541 1571 201 1095 194 646 203 198 201 199 198
354 943 926 936 928 930 931 937 933 939 975 2057 936 935 930 931 819 941 935 2083 944 929 940 937 931 944 1172 1773 933 933 173 936 936 933 935 933 933 0 1127 926 927 930 932 536 2057 928 1340 936 1008 930 942 928 943 942
861 1162 1145 1155 1147 1149 1150 1156 1152 1158 1169 2239 1155 1154 1149 1150 1038 1160 1154 2276 1138 1148 1159 1156 1150 1163 1365 1966 1152 1152 1002 1155 1155 1152 1154 1153 1152 1146 0 1145 1146 1149 1151 640 2238 1147 1559 1155 150 1149 1161 1147 1162 1161
801 207 207 202 210 197 213 203 215 204 482 1564 219 218 211 212 224 206 217 1590 451 210 205 220 197 208 678 1280 207 215 782 219 202 199 218 200 199 926 773 0 208 212 198 534 1564 209 1088 202 654 211 206 209 207 206
802 207 207 202 210 197 213 203 215 204 483 1565 219 218 212 213 224 206 218 1591 452 210 205 220 198 208 679 1280 207 215 782 219 202 199 218 200 199 927 774 208 0 212 199 535 1565 209 1088 202 654 212 207 209 208 207
805 212 212 206 214 201 218 207 220 208 486 1568 223 222 216 217 228 211 222 1594 455 215 209 225 202 213 683 1284 211 220 786 224 206 204 222 204 204 930 778 212 212 0 203 539 1568 214 1092 207 659 216 211 214 212 211
807 198 198 193 201 188 204 194 206 195 488 1570 210 209 202 204 230 197 209 1596 457 201 196 211 189 199 684 1286 198 206 788 210 193 190 209 191 190 932 764 198 199 203 0 540 1570 200 1094 193 645 203 198 200 198 198
411 551 535 544 537 538 540 546 541 547 584 1666 544 543 538 539 428 550 543 1692 553 537 548 545 539 553 780 1382 542 541 392 544 545 541 543 542 541 536 621 534 535 539 540 0 1666 536 949 545 502 538 551 536 552 550
1922 1570 1553 1563 1556 1557 1558 1565 1560 1566 1204 93 1563 1562 1557 1558 1447 1569 1562 308 1173 1556 1567 1564 1558 1571 1129 1056 1561 1560 1902 1563 1563 1560 1562 1561 1560 2046 2195 1553 1554 1557 1559 1655 0 1555 1538 1564 2076 1557 1569 1555 1570 1569
803 209 209 203 211 198 215 204 217 205 484 1566 220 219 213 214 226 208 219 1592 453 212 206 222 199 210 680 1282 208 217 784 221 203 201 219 201 201 928 775 209 209 214 200 536 1566 0 1089 204 656 213 208 211 209 208
1216 1075 1058 1068 1060 1062 1063 1069 1065 1071 709 1538 1068 1067 1062 1063 951 1073 1067 1564 678 1061 1072 1069 1063 1076 472 1254 1065 1065 1196 1068 1068 1065 1067 1066 1065 1340 1540 1058 1059 1062 1064 949 1538 1060 0 1068 1421 1062 1074 1060 1075 1074
812 202 202 196 204 191 208 197 210 198 493 1575 213 212 206 207 234 201 212 1600 462 205 199 215 192 203 689 1290 201 210 792 214 196 194 212 194 194 936 768 202 202 207 193 545 1575 204 1098 0 649 206 201 204 202 201
741 1042 1026 1036 1028 1030 1031 1037 1033 1038 1049 2119 1036 1035 1030 1031 919 1041 1034 2157 1018 1029 1040 1037 1030 1044 1246 1847 1033 1033 883 1036 1036 1032 1035 1033 1033 1027 150 1026 1026 1030 1032 521 2119 1028 1440 1036 0 1030 1042 1028 1043 1042
805 211 211 206 214 201 217 207 219 208 486 1568 223 222 215 217 228 210 221 1594 455 214 209 224 201 212 682 1284 211 219 786 223 206 203 222 204 203 930 777 211 212 216 203 538 1568 213 1091 206 658 0 211 213 211 211
817 206 206 201 209 196 212 202 214 203 498 1580 218 217 210 212 240 205 217 1606 467 209 204 219 197 207 695 1296 206 214 798 218 201 198 217 199 198 942 773 206 207 211 198 551 1580 208 1104 201 653 211 0 208 207 206
803 209 209 203 211 198 215 205 217 206 484 1566 221 220 213 214 226 208 219 1592 453 212 206 222 199 210 680 1282 209 217 784 221 204 201 219 202 201 928 775 209 209 214 200 536 1566 211 1090 204 656 213 208 0 209 208
818 207 207 202 210 197 213 203 215 204 499 1581 219 218 211 213 241 206 217 1607 468 210 205 220 197 208 696 1297 207 215 799 219 202 199 218 200 199 943 773 207 208 212 198 552 1581 209 1105 202 654 211 207 209 0 206
817 206 206 201 209 196 212 202 214 203 498 1580 218 217 210 212 240 205 217 1606 467 209 204 219 196 207 695 1296 206 214 798 218 201 198 217 199 198 942 772 206 207 211 198 550 1580 208 1104 201 653 211 206 208 206 0
EOF