NAME : tsp_problem
TYPE : TSP
DIMENSION : 56
EDGE_WEIGHT_TYPE : EXPLICIT
EDGE_WEIGHT_FORMAT : FULL_MATRIX
EDGE_WEIGHT_SECTION
0 1441 689 143 803 754 885 1473 734 114 234 191 1344 696 826 622 1315 1384 1393 825 580 937 751 248 619 792 1252 271 270 567 615 861 1512 136 536 1470 147 502 162 573 168 784 234 758 807 1388 227 234 154 618 776 597 207 891 1290 481
1441 0 1415 1396 1529 740 1208 552 1460 1504 1487 1581 664 1422 1861 1657 636 705 72 1148 1615 546 1786 1638 1654 1115 572 1661 1195 1602 1650 1896 101 1390 1571 270 1537 1228 1415 1608 1421 1107 1487 1484 1842 93 1481 1488 1455 1653 723 1323 1597 587 610 1207
689 1415 0 644 323 728 859 1447 254 752 735 829 1318 294 1109 905 1290 1358 1367 799 863 911 1034 886 902 766 1226 909 443 850 898 1144 1486 638 819 1444 785 300 663 856 670 758 736 278 1090 1362 729 736 703 901 750 195 845 865 1264 280
143 1396 644 0 758 709 840 1428 689 205 139 283 1299 651 781 577 1271 1339 1348 780 535 892 706 340 574 747 1207 363 225 522 570 816 1467 54 491 1425 239 457 67 528 73 739 139 713 762 1343 133 140 157 573 731 552 298 846 1245 437
803 1529 323 758 0 842 973 1561 110 866 849 943 1431 581 1223 1019 1403 1472 1481 913 977 1025 1148 1000 1016 880 1340 1023 557 964 1012 1258 1599 752 933 1558 899 414 777 970 783 872 849 82 1204 1475 843 850 817 1015 863 482 959 979 1378 353
754 740 728 709 842 0 521 772 773 817 800 894 643 735 1174 970 615 683 692 461 928 236 1099 951 967 428 551 974 508 915 963 1209 811 703 884 769 850 541 728 921 734 420 800 797 1155 687 794 801 768 966 75 635 910 190 589 520
885 1208 859 840 973 521 0 1240 904 948 931 1025 1111 866 1305 1101 1083 1151 1160 371 1059 704 1230 1082 1098 339 1019 1105 639 1046 1094 1340 1279 834 1015 1238 981 672 859 1052 865 262 931 928 1286 1155 925 932 899 1097 543 766 1041 659 1057 651
1473 552 1447 1428 1561 772 1240 0 1492 1536 1519 1613 696 1453 1893 1688 668 736 504 1180 1647 578 1818 1670 1686 1147 604 1693 1227 1633 1681 1928 622 1422 1603 581 1569 1260 1447 1640 1453 1139 1519 1515 1873 498 1512 1519 1487 1685 755 1354 1629 619 642 1239
734 1460 254 689 110 773 904 1492 0 797 780 874 1362 512 1154 949 1334 1403 1412 844 908 956 1079 931 947 811 1271 954 488 895 942 1189 1530 683 864 1489 830 345 708 901 714 803 780 95 1135 1406 774 781 748 946 794 413 890 910 1309 283
114 1504 752 205 866 817 948 1536 797 0 296 114 1406 758 889 684 1378 1447 1456 887 643 999 814 180 682 855 1315 203 332 629 677 924 1574 199 599 1533 70 564 224 636 231 847 297 820 869 1450 290 297 86 681 838 659 139 954 1352 544
234 1487 735 139 849 800 931 1519 780 296 0 374 1390 742 872 668 1362 1430 1439 871 626 983 797 431 665 838 1298 454 316 613 661 907 1558 145 582 1516 330 548 122 619 115 830 44 804 853 1434 32 93 248 664 822 643 389 937 1336 528
191 1581 829 283 943 894 1025 1613 874 114 374 0 1483 836 966 761 1455 1524 1533 965 720 1077 891 152 759 932 1392 135 409 707 754 1001 1651 276 676 1610 136 642 302 713 308 924 374 898 947 1527 367 374 164 758 915 736 195 1031 1430 621
1344 664 1318 1299 1431 643 1111 696 1362 1406 1390 1483 0 1324 1763 1559 159 118 616 1051 1517 448 1688 1540 1556 1018 206 1563 1097 1504 1552 1799 734 1292 1473 693 1439 1130 1318 1510 1324 1010 1390 1386 1744 610 1383 1390 1358 1555 626 1225 1499 489 134 1110
696 1422 294 651 581 735 866 1453 512 758 742 836 1324 0 1116 911 1296 1365 1374 805 869 917 1041 893 909 772 1233 916 450 856 904 1151 1492 644 826 1451 792 307 670 863 676 765 742 536 1096 1368 735 742 710 908 756 202 851 872 1270 286
826 1861 1109 781 1223 1174 1305 1893 1154 889 872 966 1763 1116 0 270 1735 1804 1813 1245 280 1357 179 1023 271 1212 1672 1046 689 293 263 212 1931 775 330 1890 922 922 800 422 806 1204 872 1178 174 1807 866 873 840 269 1195 1016 982 1311 1710 901
622 1657 905 577 1019 970 1101 1688 949 684 668 761 1559 911 270 0 1531 1600 1608 1040 70 1152 189 818 73 1007 1468 842 485 83 35 305 1727 570 120 1686 718 717 596 222 602 1000 668 973 250 1603 661 668 636 72 991 812 777 1107 1505 697
1315 636 1290 1271 1403 615 1083 668 1334 1378 1362 1455 159 1296 1735 1531 0 200 588 1023 1489 420 1660 1512 1528 990 178 1535 1069 1476 1524 1771 706 1264 1445 665 1411 1102 1290 1482 1296 982 1362 1358 1716 582 1355 1362 1330 1527 598 1197 1471 461 106 1082
1384 705 1358 1339 1472 683 1151 736 1403 1447 1430 1524 118 1365 1804 1600 200 0 656 1091 1558 489 1729 1581 1597 1058 246 1604 1138 1545 1593 1839 775 1333 1514 734 1480 1171 1358 1551 1364 1050 1430 1427 1785 651 1424 1431 1398 1596 666 1265 1540 530 174 1150
1393 72 1367 1348 1481 692 1160 504 1412 1456 1439 1533 616 1374 1813 1608 588 656 0 1100 1567 498 1738 1590 1606 1067 524 1613 1147 1554 1601 1848 142 1342 1523 222 1489 1180 1367 1560 1373 1059 1439 1436 1794 70 1433 1440 1407 1605 675 1274 1549 539 562 1159
825 1148 799 780 913 461 371 1180 844 887 871 965 1051 805 1245 1040 1023 1091 1100 0 999 644 1170 1022 1038 97 959 1045 579 985 1033 1280 1219 774 955 1177 921 612 799 992 805 271 871 867 1225 1095 864 871 839 1037 483 706 981 598 997 591
580 1615 863 535 977 928 1059 1647 908 643 626 720 1517 869 280 70 1489 1558 1567 999 0 1111 200 777 112 966 1426 800 443 41 63 316 1685 529 79 1644 676 676 554 181 560 958 626 932 261 1561 620 626 594 111 949 770 736 1065 1463 655
937 546 911 892 1025 236 704 578 956 999 983 1077 448 917 1357 1152 420 489 498 644 1111 0 1282 1134 1150 611 357 1157 691 1097 1145 1392 616 886 1067 575 1033 724 911 1104 917 603 983 979 1337 492 976 983 951 1149 219 818 1093 83 395 703
751 1786 1034 706 1148 1099 1230 1818 1079 814 797 891 1688 1041 179 189 1660 1729 1738 1170 200 1282 0 948 212 1137 1597 971 614 212 182 214 1856 700 250 1815 847 847 725 352 731 1129 797 1103 160 1733 791 798 765 211 1120 942 907 1236 1635 826
248 1638 886 340 1000 951 1082 1670 931 180 431 152 1540 893 1023 818 1512 1581 1590 1022 777 1134 948 0 816 989 1449 55 466 764 811 1058 1708 333 733 1667 189 699 359 770 365 981 431 955 1004 1584 424 431 221 815 972 793 116 1088 1487 678
619 1654 902 574 1016 967 1098 1686 947 682 665 759 1556 909 271 73 1528 1597 1606 1038 112 1150 212 816 0 1005 1465 839 482 124 65 306 1725 568 162 1683 715 715 593 215 599 997 665 971 251 1601 659 666 633 44 989 810 775 1104 1503 694
792 1115 766 747 880 428 339 1147 811 855 838 932 1018 772 1212 1007 990 1058 1067 97 966 611 1137 989 1005 0 926 1012 546 952 1000 1247 1186 741 922 1144 888 579 766 959 772 238 838 835 1193 1062 832 838 806 1004 450 673 948 565 964 558
1252 572 1226 1207 1340 551 1019 604 1271 1315 1298 1392 206 1233 1672 1468 178 246 524 959 1426 357 1597 1449 1465 926 0 1472 1006 1413 1461 1707 643 1201 1382 602 1348 1039 1226 1419 1232 918 1298 1295 1653 519 1292 1299 1266 1464 534 1133 1408 398 152 1018
271 1661 909 363 1023 974 1105 1693 954 203 454 135 1563 916 1046 842 1535 1604 1613 1045 800 1157 971 55 839 1012 1472 0 489 787 835 1081 1731 356 756 1690 172 722 382 793 388 1004 454 978 1027 1607 447 454 244 838 995 816 99 1111 1510 701
270 1195 443 225 557 508 639 1227 488 332 316 409 1097 450 689 485 1069 1138 1147 579 443 691 614 466 482 546 1006 489 0 430 478 725 1265 218 400 1224 366 256 244 436 250 538 316 512 670 1141 309 316 284 481 529 350 425 645 1044 235
567 1602 850 522 964 915 1046 1633 895 629 613 707 1504 856 293 83 1476 1545 1554 985 41 1097 212 764 124 952 1413 787 430 0 76 328 1672 515 65 1631 663 662 541 167 547 945 613 918 274 1548 606 613 581 123 936 757 722 1052 1450 642
615 1650 898 570 1012 963 1094 1681 942 677 661 754 1552 904 263 35 1524 1593 1601 1033 63 1145 182 811 65 1000 1461 835 478 76 0 298 1720 563 113 1679 711 710 589 215 595 993 661 966 243 1596 654 661 629 64 984 805 770 1100 1498 690
861 1896 1144 816 1258 1209 1340 1928 1189 924 907 1001 1799 1151 212 305 1771 1839 1848 1280 316 1392 214 1058 306 1247 1707 1081 725 328 298 0 1967 810 365 1925 957 957 835 458 842 1239 908 1213 209 1843 901 908 876 305 1231 1052 1017 1346 1745 937
1512 101 1486 1467 1599 811 1279 622 1530 1574 1558 1651 734 1492 1931 1727 706 775 142 1219 1685 616 1856 1708 1725 1186 643 1731 1265 1672 1720 1967 0 1460 1642 341 1608 1298 1486 1678 1492 1178 1558 1554 1912 164 1551 1558 1526 1723 794 1393 1667 657 681 1278
136 1390 638 54 752 703 834 1422 683 199 145 276 1292 644 775 570 1264 1333 1342 774 529 886 700 333 568 741 1201 356 218 515 563 810 1460 0 485 1419 232 451 73 522 79 733 145 706 755 1336 138 145 151 567 724 545 292 840 1238 430
536 1571 819 491 933 884 1015 1603 864 599 582 676 1473 826 330 120 1445 1514 1523 955 79 1067 250 733 162 922 1382 756 400 65 113 365 1642 485 0 1600 632 632 510 132 516 914 582 888 311 1518 576 583 550 161 906 727 692 1021 1420 611
1470 270 1444 1425 1558 769 1238 581 1489 1533 1516 1610 693 1451 1890 1686 665 734 222 1177 1644 575 1815 1667 1683 1144 602 1690 1224 1631 1679 1925 341 1419 1600 0 1566 1257 1444 1637 1451 1137 1517 1513 1871 217 1510 1517 1485 1682 752 1352 1626 616 639 1237
147 1537 785 239 899 850 981 1569 830 70 330 136 1439 792 922 718 1411 1480 1489 921 676 1033 847 189 715 888 1348 172 366 663 711 957 1608 232 632 1566 0 598 258 669 264 880 330 854 903 1484 323 330 120 714 872 693 172 987 1386 577
502 1228 300 457 414 541 672 1260 345 564 548 642 1130 307 922 717 1102 1171 1180 612 676 724 847 699 715 579 1039 722 256 662 710 957 1298 451 632 1257 598 0 476 669 482 571 548 369 902 1174 541 548 516 714 562 208 658 678 1076 92
162 1415 663 67 777 728 859 1447 708 224 122 302 1318 670 800 596 1290 1358 1367 799 554 911 725 359 593 766 1226 382 244 541 589 835 1486 73 510 1444 258 476 0 547 60 758 122 732 781 1362 115 122 176 592 750 571 317 865 1264 456
573 1608 856 528 970 921 1052 1640 901 636 619 713 1510 863 422 222 1482 1551 1560 992 181 1104 352 770 215 959 1419 793 436 167 215 458 1678 522 132 1637 669 669 547 0 553 951 619 925 403 1554 613 620 587 214 942 763 729 1058 1457 648
168 1421 670 73 783 734 865 1453 714 231 115 308 1324 676 806 602 1296 1364 1373 805 560 917 731 365 599 772 1232 388 250 547 595 842 1492 79 516 1451 264 482 60 553 0 764 116 738 787 1368 109 116 182 598 756 577 324 872 1270 462
784 1107 758 739 872 420 262 1139 803 847 830 924 1010 765 1204 1000 982 1050 1059 271 958 603 1129 981 997 238 918 1004 538 945 993 1239 1178 733 914 1137 880 571 758 951 764 0 831 827 1185 1054 824 831 798 996 442 666 940 558 956 550
234 1487 736 139 849 800 931 1519 780 297 44 374 1390 742 872 668 1362 1430 1439 871 626 983 797 431 665 838 1298 454 316 613 661 908 1558 145 582 1517 330 548 122 619 116 831 0 804 853 1434 37 93 248 664 822 643 390 938 1336 528
758 1484 278 713 82 797 928 1515 95 820 804 898 1386 536 1178 973 1358 1427 1436 867 932 979 1103 955 971 835 1295 978 512 918 966 1213 1554 706 888 1513 854 369 732 925 738 827 804 0 1158 1430 797 804 772 970 818 437 913 934 1332 307
807 1842 1090 762 1204 1155 1286 1873 1135 869 853 947 1744 1096 174 250 1716 1785 1794 1225 261 1337 160 1004 251 1193 1653 1027 670 274 243 209 1912 755 311 1871 903 902 781 403 787 1185 853 1158 0 1788 846 853 821 250 1176 997 962 1292 1690 882
1388 93 1362 1343 1475 687 1155 498 1406 1450 1434 1527 610 1368 1807 1603 582 651 70 1095 1561 492 1733 1584 1601 1062 519 1607 1141 1548 1596 1843 164 1336 1518 217 1484 1174 1362 1554 1368 1054 1434 1430 1788 0 1427 1434 1402 1599 670 1269 1543 533 557 1154
227 1481 729 133 843 794 925 1512 774 290 32 367 1383 735 866 661 1355 1424 1433 864 620 976 791 424 659 832 1292 447 309 606 654 901 1551 138 576 1510 323 541 115 613 109 824 37 797 846 1427 0 86 241 658 815 636 383 931 1329 521
234 1488 736 140 850 801 932 1519 781 297 93 374 1390 742 873 668 1362 1431 1440 871 626 983 798 431 666 838 1299 454 316 613 661 908 1558 145 583 1517 330 548 122 620 116 831 93 804 853 1434 86 0 248 664 822 643 390 938 1336 528
154 1455 703 157 817 768 899 1487 748 86 248 164 1358 710 840 636 1330 1398 1407 839 594 951 765 221 633 806 1266 244 284 581 629 876 1526 151 550 1485 120 516 176 587 182 798 248 772 821 1402 241 248 0 632 790 611 180 906 1304 496
618 1653 901 573 1015 966 1097 1685 946 681 664 758 1555 908 269 72 1527 1596 1605 1037 111 1149 211 815 44 1004 1464 838 481 123 64 305 1723 567 161 1682 714 714 592 214 598 996 664 970 250 1599 658 664 632 0 987 808 774 1103 1502 693
776 723 750 731 863 75 543 755 794 838 822 915 626 756 1195 991 598 666 675 483 949 219 1120 972 989 450 534 995 529 936 984 1231 794 724 906 752 872 562 750 942 756 442 822 818 1176 670 815 822 790 987 0 657 931 173 572 542
597 1323 195 552 482 635 766 1354 413 659 643 736 1225 202 1016 812 1197 1265 1274 706 770 818 942 793 810 673 1133 816 350 757 805 1052 1393 545 727 1352 693 208 571 763 577 666 643 437 997 1269 636 643 611 808 657 0 752 773 1171 187
207 1597 845 298 959 910 1041 1629 890 139 389 195 1499 851 982 777 1471 1540 1549 981 736 1093 907 116 775 948 1408 99 425 722 770 1017 1667 292 692 1626 172 658 317 729 324 940 390 913 962 1543 383 390 180 774 931 752 0 1047 1445 637
891 587 865 846 979 190 659 619 910 954 937 1031 489 872 1311 1107 461 530 539 598 1065 83 1236 1088 1104 565 398 1111 645 1052 1100 1346 657 840 1021 616 987 678 865 1058 872 558 938 934 1292 533 931 938 906 1103 173 773 1047 0 436 658
1290 610 1264 1245 1378 589 1057 642 1309 1352 1336 1430 134 1270 1710 1505 106 174 562 997 1463 395 1635 1487 1503 964 152 1510 1044 1450 1498 1745 681 1238 1420 639 1386 1076 1264 1457 1270 956 1336 1332 1690 557 1329 1336 1304 1502 572 1171 1445 436 0 1056
481 1207 280 437 353 520 651 1239 283 544 528 621 1110 286 901 697 1082 1150 1159 591 655 703 826 678 694 558 1018 701 235 642 690 937 1278 430 611 1237 577 92 456 648 462 550 528 307 882 1154 521 528 496 693 542 187 637 658 1056 0
EOF