NAME : tsp_problem
TYPE : TSP
DIMENSION : 74
EDGE_WEIGHT_TYPE : EXPLICIT
EDGE_WEIGHT_FORMAT : FULL_MATRIX
EDGE_WEIGHT_SECTION
0 429 320 377 489 997 1261 390 601 320 298 387 800 948 687 1279 489 159 983 357 872 392 552 335 978 579 189 246 557 405 444 582 224 562 293 590 590 87 505 526 391 961 212 429 760 326 334 342 681 567 645 492 248 631 379 641 562 1077 138 722 277 928 362 352 547 797 592 243 716 475 446 1018 324 412
429 0 694 111 749 1371 1634 466 860 579 381 647 1060 1321 946 1653 748 533 1357 434 1245 651 811 594 1351 953 562 238 816 664 703 842 597 821 188 850 850 460 764 785 267 1335 295 689 1020 409 594 316 940 827 904 751 507 1005 456 1015 821 1451 512 1095 361 1301 735 296 806 1170 966 616 1090 734 203 1391 400 671
320 694 0 642 754 696 960 654 865 584 562 652 1065 646 951 978 754 220 682 622 571 657 817 599 677 556 151 510 821 669 708 847 126 827 557 855 855 255 770 790 656 660 477 694 1025 590 599 607 946 832 909 757 512 330 644 340 827 776 244 421 542 627 338 617 811 496 568 97 415 739 710 716 589 676
377 111 642 0 697 1319 1582 421 808 527 329 594 1008 1269 894 1601 696 481 1305 389 1193 599 759 542 1299 901 510 252 764 612 651 790 545 769 244 798 798 408 712 733 323 1282 243 636 968 357 542 371 888 774 852 699 455 953 411 963 769 1398 460 1043 309 1249 683 351 754 1118 914 564 1038 682 258 1339 355 619
489 749 754 697 0 1431 1695 709 611 228 617 179 811 1381 479 1713 44 593 1417 677 1306 184 562 176 1412 1013 623 565 567 197 454 374 658 354 612 601 382 521 297 536 711 1395 531 107 771 645 243 662 473 359 655 96 270 1065 699 1075 572 1511 572 1156 597 1361 796 671 557 1230 1026 676 1150 267 765 1451 643 204
997 1371 696 1319 1431 0 911 1331 1542 1261 1239 1329 1742 219 1628 929 1431 897 145 1299 161 1334 1493 1276 140 1233 828 1187 1498 1346 1385 1524 803 1504 1234 1532 1532 932 1447 1467 1333 233 1153 1371 1702 1267 1276 1284 1623 1509 1586 1434 1189 428 1321 392 1504 727 921 311 1219 199 1015 1294 1488 271 1245 774 367 1416 1387 103 1265 1353
1261 1634 960 1582 1695 911 0 1595 1806 1525 1503 1593 2006 861 1892 46 1694 1160 897 1563 786 1597 1757 1540 892 1496 1092 1451 1762 1610 1649 1788 1066 1767 1498 1796 1796 1196 1710 1731 1597 875 1417 1634 1966 1531 1540 1547 1886 1772 1850 1697 1453 691 1584 656 1767 213 1185 636 1483 842 1279 1557 1752 710 1509 1038 593 1680 1651 931 1529 1617
390 466 654 421 709 1331 1595 0 820 540 342 607 1020 1281 907 1613 709 493 1317 202 1206 612 772 555 1312 913 523 290 777 625 663 802 558 782 337 810 810 421 725 745 236 1295 256 649 980 370 554 186 901 787 864 712 467 965 215 975 782 1411 472 1056 321 1262 696 196 766 1131 926 576 1050 695 290 1351 168 632
601 860 865 808 611 1542 1806 820 0 441 728 509 234 1492 808 1824 611 704 1528 788 1417 514 78 456 1523 1124 734 676 72 526 240 704 769 684 723 146 712 632 627 102 822 1506 643 551 189 756 456 773 803 689 117 614 381 1176 810 1186 60 1622 683 1267 708 1473 907 783 84 1341 1137 787 1261 596 876 1562 755 533
320 579 584 527 228 1261 1525 540 441 0 447 126 641 1212 425 1543 228 423 1247 507 1136 131 393 73 1242 843 453 395 398 143 284 321 488 300 443 431 329 351 244 366 541 1225 362 168 601 476 73 492 420 306 485 231 100 895 529 905 403 1341 402 986 427 1192 626 502 388 1061 856 507 980 213 595 1282 474 150
298 381 562 329 617 1239 1503 342 728 447 0 515 928 1189 815 1521 617 401 1225 309 1114 520 680 462 1220 821 431 198 684 533 571 710 466 690 245 718 718 329 633 653 343 1203 164 557 888 81 462 294 809 695 772 620 375 873 331 883 690 1319 380 964 126 1170 604 304 674 1039 834 484 958 602 398 1259 276 540
387 647 652 594 179 1329 1593 607 509 126 515 0 709 1279 337 1611 179 491 1315 575 1204 64 460 74 1310 911 520 463 465 77 352 233 555 212 510 499 241 419 155 434 609 1293 429 119 669 543 140 559 331 217 553 182 168 963 597 973 470 1409 470 1054 495 1259 694 569 455 1128 924 574 1048 147 663 1349 541 84
800 1060 1065 1008 811 1742 2006 1020 234 641 928 709 0 1692 1008 2024 810 904 1728 988 1617 714 283 656 1723 1324 933 876 278 726 446 904 969 883 923 341 912 832 827 307 1022 1706 842 751 90 956 656 972 1002 889 197 814 581 1376 1010 1386 265 1822 883 1467 908 1672 1107 982 290 1541 1337 987 1461 796 1076 1762 954 733
948 1321 646 1269 1381 219 861 1281 1492 1212 1189 1279 1692 0 1579 880 1381 847 205 1249 111 1284 1444 1227 200 1183 778 1137 1449 1297 1335 1474 753 1454 1184 1482 1482 883 1397 1417 1283 183 1104 1321 1652 1217 1226 1234 1573 1459 1536 1384 1139 378 1271 343 1454 678 871 262 1169 149 965 1244 1439 221 1196 724 317 1367 1337 239 1216 1304
687 946 951 894 479 1628 1892 907 808 425 815 337 1008 1579 0 1910 478 790 1614 874 1503 343 760 374 1609 1211 820 763 765 333 651 148 855 169 810 798 131 718 227 733 908 1592 729 419 968 843 440 859 37 173 852 482 467 1262 896 1273 770 1708 769 1353 794 1559 993 869 755 1428 1223 874 1348 245 962 1649 841 324
1279 1653 978 1601 1713 929 46 1613 1824 1543 1521 1611 2024 880 1910 0 1713 1179 915 1581 804 1616 1775 1558 910 1515 1110 1469 1780 1628 1667 1806 1085 1785 1516 1814 1814 1214 1729 1749 1615 893 1435 1653 1984 1549 1558 1566 1905 1791 1868 1716 1471 710 1603 674 1786 232 1203 654 1501 860 1297 1576 1770 729 1527 1056 611 1698 1669 950 1547 1635
489 748 754 696 44 1431 1694 709 611 228 617 179 810 1381 478 1713 0 593 1417 677 1305 184 562 176 1411 1013 622 565 567 196 454 374 657 354 612 601 382 520 297 536 711 1394 531 107 770 645 242 661 473 359 655 96 269 1065 698 1075 572 1510 572 1155 597 1361 795 671 557 1230 1026 676 1150 266 765 1451 643 203
159 533 220 481 593 897 1160 493 704 423 401 491 904 847 790 1179 593 0 883 461 771 496 656 438 877 479 88 349 660 508 547 686 123 666 396 694 694 94 609 629 495 861 316 533 864 429 438 446 785 671 748 596 351 531 483 541 666 977 83 621 381 827 261 456 650 696 492 142 616 578 549 917 428 515
983 1357 682 1305 1417 145 897 1317 1528 1247 1225 1315 1728 205 1614 915 1417 883 0 1285 147 1320 1479 1262 42 1218 814 1173 1484 1332 1371 1510 789 1489 1220 1518 1518 918 1433 1453 1319 218 1139 1357 1688 1253 1262 1270 1609 1495 1572 1420 1175 414 1307 378 1490 713 907 297 1205 185 1001 1279 1474 257 1231 760 353 1402 1373 165 1251 1339
357 434 622 389 677 1299 1563 202 788 507 309 575 988 1249 874 1581 677 461 1285 0 1174 580 739 522 1280 881 490 257 744 592 631 770 526 749 304 778 778 389 693 713 204 1263 224 617 948 337 522 154 869 755 832 680 435 933 191 943 750 1379 440 1024 289 1229 664 164 734 1098 894 544 1018 662 258 1319 136 599
872 1245 571 1193 1306 161 786 1206 1417 1136 1114 1204 1617 111 1503 804 1305 771 147 1174 0 1209 1368 1151 142 1107 703 1062 1373 1221 1260 1399 678 1378 1109 1407 1407 807 1321 1342 1208 125 1028 1246 1577 1142 1151 1158 1497 1384 1461 1308 1064 302 1196 267 1378 602 796 186 1094 92 890 1168 1363 146 1120 649 241 1291 1262 181 1140 1228
392 651 657 599 184 1334 1597 612 514 131 520 64 714 1284 343 1616 184 496 1320 580 1209 0 465 79 1314 916 525 468 470 82 357 239 560 219 515 504 247 424 162 439 614 1298 434 124 674 548 145 564 338 224 558 187 173 968 602 978 475 1414 475 1058 500 1264 698 574 460 1133 929 579 1053 152 668 1354 546 89
552 811 817 759 562 1493 1757 772 78 393 680 460 283 1444 760 1775 562 656 1479 739 1368 465 0 408 1474 1076 685 628 34 478 192 655 720 635 675 142 663 583 578 53 773 1457 594 502 238 708 407 724 754 640 166 565 332 1128 761 1138 57 1573 635 1218 659 1424 858 734 37 1293 1088 739 1213 548 828 1514 706 485
335 594 599 542 176 1276 1540 555 456 73 462 74 656 1227 374 1558 176 438 1262 522 1151 79 408 0 1257 858 468 410 413 92 299 269 503 249 457 446 277 366 192 381 556 1240 377 116 616 490 88 507 368 254 500 179 115 910 544 920 418 1356 417 1001 442 1207 641 517 403 1076 871 521 995 162 610 1297 489 99
978 1351 677 1299 1412 140 892 1312 1523 1242 1220 1310 1723 200 1609 910 1411 877 42 1280 142 1314 1474 1257 0 1213 809 1168 1479 1327 1366 1505 783 1484 1215 1513 1513 913 1427 1448 1314 213 1134 1352 1683 1248 1257 1264 1603 1490 1567 1414 1170 408 1302 373 1484 708 902 292 1200 180 996 1274 1469 252 1226 755 347 1397 1368 160 1246 1334
579 953 556 901 1013 1233 1496 913 1124 843 821 911 1324 1183 1211 1515 1013 479 1218 881 1107 916 1076 858 1213 0 424 769 1080 928 967 1106 459 1086 816 1114 1114 514 1029 1049 915 1196 736 953 1284 849 858 866 1205 1091 1168 1016 771 867 903 877 1086 1312 503 957 801 1163 244 876 1070 1032 49 478 952 998 969 1253 848 936
189 562 151 510 623 828 1092 523 734 453 431 520 933 778 820 1110 622 88 814 490 703 525 685 468 809 424 0 379 690 538 577 716 55 695 426 724 724 124 638 659 525 792 345 562 893 459 468 475 814 700 778 625 381 462 512 472 695 908 113 553 411 758 207 485 680 627 437 73 547 608 579 848 457 545
246 238 510 252 565 1187 1451 290 676 395 198 463 876 1137 763 1469 565 349 1173 257 1062 468 628 410 1168 769 379 0 632 480 519 658 414 638 167 666 666 277 581 601 291 1151 112 505 836 226 410 242 757 643 720 568 323 821 279 831 638 1267 328 912 177 1118 552 252 622 987 782 432 906 550 346 1207 224 488
557 816 821 764 567 1498 1762 777 72 398 684 465 278 1449 765 1780 567 660 1484 744 1373 470 34 413 1479 1080 690 632 0 483 197 660 725 640 680 137 668 588 583 58 778 1462 599 507 232 713 412 729 759 645 160 570 337 1132 766 1142 51 1578 639 1223 664 1429 863 739 41 1298 1093 744 1217 553 832 1519 711 490
405 664 669 612 197 1346 1610 625 526 143 533 77 726 1297 333 1628 196 508 1332 592 1221 82 478 92 1327 928 538 480 483 0 369 229 573 208 528 516 237 436 152 451 626 1310 447 137 686 561 158 577 328 214 570 199 185 980 614 990 488 1426 487 1071 512 1277 711 587 473 1146 941 592 1066 164 680 1367 559 101
444 703 708 651 454 1385 1649 663 240 284 571 352 446 1335 651 1667 454 547 1371 631 1260 357 192 299 1366 967 577 519 197 369 0 547 612 526 566 305 555 475 470 165 665 1349 485 394 400 599 299 616 646 532 328 457 224 1019 653 1029 219 1465 526 1110 551 1315 750 626 187 1184 980 630 1104 439 719 1405 597 376
582 842 847 790 374 1524 1788 802 704 321 710 233 904 1474 148 1806 374 686 1510 770 1399 239 655 269 1505 1106 716 658 660 229 547 0 751 123 705 694 208 614 114 629 804 1488 624 314 864 738 336 755 142 185 748 377 363 1158 792 1168 665 1604 665 1249 690 1454 889 764 650 1323 1119 769 1243 141 858 1544 736 220
224 597 126 545 658 803 1066 558 769 488 466 555 969 753 855 1085 657 123 789 526 678 560 720 503 783 459 55 414 725 573 612 751 0 730 461 759 759 159 673 694 560 767 380 597 928 494 503 510 849 735 813 660 416 437 547 447 730 883 148 527 446 733 242 520 715 602 472 48 522 643 614 823 492 580
562 821 827 769 354 1504 1767 782 684 300 690 212 883 1454 169 1785 354 666 1489 749 1378 219 635 249 1484 1086 695 638 640 208 526 123 730 0 685 673 188 593 93 609 783 1467 604 294 843 718 315 734 164 165 728 357 342 1138 771 1148 645 1583 645 1228 669 1434 868 744 630 1303 1098 749 1223 120 838 1524 716 199
293 188 557 244 612 1234 1498 337 723 443 245 510 923 1184 810 1516 612 396 1220 304 1109 515 675 457 1215 816 426 167 680 528 566 705 461 685 0 713 713 324 628 648 338 1198 159 552 883 273 457 289 804 690 767 615 370 868 326 878 685 1314 375 959 224 1165 599 299 669 1034 829 479 953 597 335 1254 271 535
590 850 855 798 601 1532 1796 810 146 431 718 499 341 1482 798 1814 601 694 1518 778 1407 504 142 446 1513 1114 724 666 137 516 305 694 759 673 713 0 702 622 617 167 812 1496 632 541 306 746 446 763 793 679 185 604 371 1166 800 1176 103 1612 673 1257 698 1462 897 772 149 1331 1127 777 1251 586 866 1552 744 523
590 850 855 798 382 1532 1796 810 712 329 718 241 912 1482 131 1814 382 694 1518 778 1407 247 663 277 1513 1114 724 666 668 237 555 208 759 188 713 702 0 622 131 637 812 1496 632 322 872 746 344 763 125 76 756 385 371 1166 800 1176 674 1612 673 1257 698 1462 897 772 658 1331 1127 777 1251 149 866 1552 744 228
87 460 255 408 521 932 1196 421 632 351 329 419 832 883 718 1214 520 94 918 389 807 424 583 366 913 514 124 277 588 436 475 614 159 593 324 622 622 0 536 557 423 896 243 461 792 357 366 373 712 599 676 523 279 566 411 576 593 1012 73 657 309 863 297 383 578 732 527 177 651 506 477 953 355 443
505 764 770 712 297 1447 1710 725 627 244 633 155 827 1397 227 1729 297 609 1433 693 1321 162 578 192 1427 1029 638 581 583 152 470 114 673 93 628 617 131 536 0 552 727 1411 547 237 787 661 258 677 222 108 671 300 286 1081 715 1091 588 1527 588 1171 613 1377 811 687 573 1246 1042 692 1166 63 781 1467 659 143
526 785 790 733 536 1467 1731 745 102 366 653 434 307 1417 733 1749 536 629 1453 713 1342 439 53 381 1448 1049 659 601 58 451 165 629 694 609 648 167 637 557 552 0 747 1431 568 476 262 681 381 698 728 614 190 539 306 1101 735 1111 81 1547 608 1192 633 1397 832 708 48 1266 1062 712 1186 521 801 1487 680 458
391 267 656 323 711 1333 1597 236 822 541 343 609 1022 1283 908 1615 711 495 1319 204 1208 614 773 556 1314 915 525 291 778 626 665 804 560 783 338 812 812 423 727 747 0 1297 258 651 982 371 556 165 903 789 866 714 469 967 225 977 784 1413 474 1058 323 1263 698 175 768 1132 928 578 1052 696 222 1353 170 633
961 1335 660 1282 1395 233 875 1295 1506 1225 1203 1293 1706 183 1592 893 1394 861 218 1263 125 1298 1457 1240 213 1196 792 1151 1462 1310 1349 1488 767 1467 1198 1496 1496 896 1411 1431 1297 0 1117 1335 1666 1231 1240 1247 1586 1473 1550 1398 1153 392 1285 356 1467 691 885 275 1183 62 979 1257 1452 235 1209 738 331 1380 1351 253 1229 1317
212 295 477 243 531 1153 1417 256 643 362 164 429 842 1104 729 1435 531 316 1139 224 1028 434 594 377 1134 736 345 112 599 447 485 624 380 604 159 632 632 243 547 568 258 1117 0 471 802 170 376 208 723 609 687 534 290 788 246 798 604 1233 295 878 144 1084 518 218 589 953 748 399 873 517 312 1174 190 454
429 689 694 636 107 1371 1634 649 551 168 557 119 751 1321 419 1653 107 533 1357 617 1246 124 502 116 1352 953 562 505 507 137 394 314 597 294 552 541 322 461 237 476 651 1335 471 0 711 585 182 601 413 299 595 110 210 1005 639 1015 512 1451 512 1096 537 1301 736 611 497 1170 966 616 1090 207 705 1391 583 144
760 1020 1025 968 771 1702 1966 980 189 601 888 669 90 1652 968 1984 770 864 1688 948 1577 674 238 616 1683 1284 893 836 232 686 400 864 928 843 883 306 872 792 787 262 982 1666 802 711 0 916 616 932 962 849 174 774 541 1336 970 1346 220 1782 843 1427 868 1632 1067 942 244 1501 1297 947 1421 756 1036 1722 914 693
326 409 590 357 645 1267 1531 370 756 476 81 543 956 1217 843 1549 645 429 1253 337 1142 548 708 490 1248 849 459 226 713 561 599 738 494 718 273 746 746 357 661 681 371 1231 170 585 916 0 490 322 837 723 800 648 403 901 359 911 718 1347 408 992 104 1198 632 332 702 1067 862 512 986 630 426 1287 304 568
334 594 599 542 243 1276 1540 554 456 73 462 140 656 1226 440 1558 242 438 1262 522 1151 145 407 88 1257 858 468 410 412 158 299 336 503 315 457 446 344 366 258 381 556 1240 376 182 616 490 0 507 434 320 500 245 115 910 544 920 417 1356 417 1001 442 1206 641 516 402 1075 871 521 995 228 610 1296 488 165
342 316 607 371 662 1284 1547 186 773 492 294 559 972 1234 859 1566 661 446 1270 154 1158 564 724 507 1264 866 475 242 729 577 616 755 510 734 289 763 763 373 677 698 165 1247 208 601 932 322 507 0 853 739 817 664 420 918 176 928 734 1363 425 1008 274 1214 648 125 719 1083 879 529 1003 647 219 1304 121 584
681 940 946 888 473 1623 1886 901 803 420 809 331 1002 1573 37 1905 473 785 1609 869 1497 338 754 368 1603 1205 814 757 759 328 646 142 849 164 804 793 125 712 222 728 903 1586 723 413 962 837 434 853 0 167 847 476 461 1257 890 1267 764 1702 764 1347 789 1553 987 863 749 1422 1218 868 1342 239 957 1643 835 318
567 827 832 774 359 1509 1772 787 689 306 695 217 889 1459 173 1791 359 671 1495 755 1384 224 640 254 1490 1091 700 643 645 214 532 185 735 165 690 679 76 599 108 614 789 1473 609 299 849 723 320 739 167 0 733 362 348 1143 777 1153 650 1589 650 1234 675 1439 874 749 635 1308 1104 754 1228 126 843 1529 721 205
645 904 909 852 655 1586 1850 864 117 485 772 553 197 1536 852 1868 655 748 1572 832 1461 558 166 500 1567 1168 778 720 160 570 328 748 813 728 767 185 756 676 671 190 866 1550 687 595 174 800 500 817 847 733 0 658 425 1220 854 1230 148 1666 727 1311 752 1516 951 827 172 1385 1181 831 1305 640 920 1606 799 577
492 751 757 699 96 1434 1697 712 614 231 620 182 814 1384 482 1716 96 596 1420 680 1308 187 565 179 1414 1016 625 568 570 199 457 377 660 357 615 604 385 523 300 539 714 1398 534 110 774 648 245 664 476 362 658 0 272 1068 701 1078 575 1514 575 1158 600 1364 798 674 560 1233 1029 679 1153 269 768 1454 646 207
248 507 512 455 270 1189 1453 467 381 100 375 168 581 1139 467 1471 269 351 1175 435 1064 173 332 115 1170 771 381 323 337 185 224 363 416 342 370 371 371 279 286 306 469 1153 290 210 541 403 115 420 461 348 425 272 0 823 457 833 342 1269 330 914 355 1120 554 430 327 989 784 434 908 255 523 1209 402 192
631 1005 330 953 1065 428 691 965 1176 895 873 963 1376 378 1262 710 1065 531 414 933 302 968 1128 910 408 867 462 821 1132 980 1019 1158 437 1138 868 1166 1166 566 1081 1101 967 392 788 1005 1336 901 910 918 1257 1143 1220 1068 823 0 955 72 1138 508 555 152 853 358 649 928 1122 227 879 408 147 1050 1021 448 900 987
379 456 644 411 699 1321 1584 215 810 529 331 597 1010 1271 896 1603 698 483 1307 191 1196 602 761 544 1302 903 512 279 766 614 653 792 547 771 326 800 800 411 715 735 225 1285 246 639 970 359 544 176 890 777 854 701 457 955 0 965 771 1401 462 1046 311 1251 686 186 756 1120 916 566 1040 684 280 1341 158 621
641 1015 340 963 1075 392 656 975 1186 905 883 973 1386 343 1273 674 1075 541 378 943 267 978 1138 920 373 877 472 831 1142 990 1029 1168 447 1148 878 1176 1176 576 1091 1111 977 356 798 1015 1346 911 920 928 1267 1153 1230 1078 833 72 965 0 1148 472 565 117 863 323 659 938 1132 192 889 418 112 1060 1031 413 910 997
562 821 827 769 572 1504 1767 782 60 403 690 470 265 1454 770 1786 572 666 1490 750 1378 475 57 418 1484 1086 695 638 51 488 219 665 730 645 685 103 674 593 588 81 784 1467 604 512 220 718 417 734 764 650 148 575 342 1138 771 1148 0 1583 645 1228 670 1434 868 744 63 1303 1099 749 1223 558 838 1524 716 495
1077 1451 776 1398 1511 727 213 1411 1622 1341 1319 1409 1822 678 1708 232 1510 977 713 1379 602 1414 1573 1356 708 1312 908 1267 1578 1426 1465 1604 883 1583 1314 1612 1612 1012 1527 1547 1413 691 1233 1451 1782 1347 1356 1363 1702 1589 1666 1514 1269 508 1401 472 1583 0 1001 452 1299 658 1095 1373 1568 527 1325 854 409 1496 1467 748 1345 1433
138 512 244 460 572 921 1185 472 683 402 380 470 883 871 769 1203 572 83 907 440 796 475 635 417 902 503 113 328 639 487 526 665 148 645 375 673 673 73 588 608 474 885 295 512 843 408 417 425 764 650 727 575 330 555 462 565 645 1001 0 646 360 852 286 435 629 721 516 166 640 557 528 941 407 494
722 1095 421 1043 1156 311 636 1056 1267 986 964 1054 1467 262 1353 654 1155 621 297 1024 186 1058 1218 1001 292 957 553 912 1223 1071 1110 1249 527 1228 959 1257 1257 657 1171 1192 1058 275 878 1096 1427 992 1001 1008 1347 1234 1311 1158 914 152 1046 117 1228 452 646 0 944 242 740 1018 1213 111 970 499 91 1141 1112 332 990 1078
277 361 542 309 597 1219 1483 321 708 427 126 495 908 1169 794 1501 597 381 1205 289 1094 500 659 442 1200 801 411 177 664 512 551 690 446 669 224 698 698 309 613 633 323 1183 144 537 868 104 442 274 789 675 752 600 355 853 311 863 670 1299 360 944 0 1149 584 284 654 1018 814 464 938 582 377 1239 256 519
928 1301 627 1249 1361 199 842 1262 1473 1192 1170 1259 1672 149 1559 860 1361 827 185 1229 92 1264 1424 1207 180 1163 758 1118 1429 1277 1315 1454 733 1434 1165 1462 1462 863 1377 1397 1263 62 1084 1301 1632 1198 1206 1214 1553 1439 1516 1364 1120 358 1251 323 1434 658 852 242 1149 0 945 1224 1419 201 1176 704 297 1347 1317 219 1196 1284
362 735 338 683 796 1015 1279 696 907 626 604 694 1107 965 993 1297 795 261 1001 664 890 698 858 641 996 244 207 552 863 711 750 889 242 868 599 897 897 297 811 832 698 979 518 736 1067 632 641 648 987 874 951 798 554 649 686 659 868 1095 286 740 584 945 0 658 853 814 257 260 734 781 752 1035 630 718
352 296 617 351 671 1294 1557 196 783 502 304 569 982 1244 869 1576 671 456 1279 164 1168 574 734 517 1274 876 485 252 739 587 626 764 520 744 299 772 772 383 687 708 175 1257 218 611 942 332 516 125 863 749 827 674 430 928 186 938 744 1373 435 1018 284 1224 658 0 729 1093 888 539 1013 657 229 1314 131 594
547 806 811 754 557 1488 1752 766 84 388 674 455 290 1439 755 1770 557 650 1474 734 1363 460 37 403 1469 1070 680 622 41 473 187 650 715 630 669 149 658 578 573 48 768 1452 589 497 244 702 402 719 749 635 172 560 327 1122 756 1132 63 1568 629 1213 654 1419 853 729 0 1288 1083 733 1207 543 822 1509 701 480
797 1170 496 1118 1230 271 710 1131 1341 1061 1039 1128 1541 221 1428 729 1230 696 257 1098 146 1133 1293 1076 252 1032 627 987 1298 1146 1184 1323 602 1303 1034 1331 1331 732 1246 1266 1132 235 953 1170 1501 1067 1075 1083 1422 1308 1385 1233 989 227 1120 192 1303 527 721 111 1018 201 814 1093 1288 0 1045 573 166 1216 1186 291 1065 1153
592 966 568 914 1026 1245 1509 926 1137 856 834 924 1337 1196 1223 1527 1026 492 1231 894 1120 929 1088 871 1226 49 437 782 1093 941 980 1119 472 1098 829 1127 1127 527 1042 1062 928 1209 748 966 1297 862 871 879 1218 1104 1181 1029 784 879 916 889 1099 1325 516 970 814 1176 257 888 1083 1045 0 491 964 1011 982 1266 860 948
243 616 97 564 676 774 1038 576 787 507 484 574 987 724 874 1056 676 142 760 544 649 579 739 521 755 478 73 432 744 592 630 769 48 749 479 777 777 177 692 712 578 738 399 616 947 512 521 529 868 754 831 679 434 408 566 418 749 854 166 499 464 704 260 539 733 573 491 0 493 661 632 794 511 599
716 1090 415 1038 1150 367 593 1050 1261 980 958 1048 1461 317 1348 611 1150 616 353 1018 241 1053 1213 995 347 952 547 906 1217 1066 1104 1243 522 1223 953 1251 1251 651 1166 1186 1052 331 873 1090 1421 986 995 1003 1342 1228 1305 1153 908 147 1040 112 1223 409 640 91 938 297 734 1013 1207 166 964 493 0 1135 1106 387 985 1073
475 734 739 682 267 1416 1680 695 596 213 602 147 796 1367 245 1698 266 578 1402 662 1291 152 548 162 1397 998 608 550 553 164 439 141 643 120 597 586 149 506 63 521 696 1380 517 207 756 630 228 647 239 126 640 269 255 1050 684 1060 558 1496 557 1141 582 1347 781 657 543 1216 1011 661 1135 0 750 1437 629 160
446 203 710 258 765 1387 1651 290 876 595 398 663 1076 1337 962 1669 765 549 1373 258 1262 668 828 610 1368 969 579 346 832 680 719 858 614 838 335 866 866 477 781 801 222 1351 312 705 1036 426 610 219 957 843 920 768 523 1021 280 1031 838 1467 528 1112 377 1317 752 229 822 1186 982 632 1106 750 0 1407 224 687
1018 1391 716 1339 1451 103 931 1351 1562 1282 1259 1349 1762 239 1649 950 1451 917 165 1319 181 1354 1514 1297 160 1253 848 1207 1519 1367 1405 1544 823 1524 1254 1552 1552 953 1467 1487 1353 253 1174 1391 1722 1287 1296 1304 1643 1529 1606 1454 1209 448 1341 413 1524 748 941 332 1239 219 1035 1314 1509 291 1266 794 387 1437 1407 0 1286 1374
324 400 589 355 643 1265 1529 168 755 474 276 541 954 1216 841 1547 643 428 1251 136 1140 546 706 489 1246 848 457 224 711 559 597 736 492 716 271 744 744 355 659 680 170 1229 190 583 914 304 488 121 835 721 799 646 402 900 158 910 716 1345 407 990 256 1196 630 131 701 1065 860 511 985 629 224 1286 0 566
412 671 676 619 204 1353 1617 632 533 150 540 84 733 1304 324 1635 203 515 1339 599 1228 89 485 99 1334 936 545 488 490 101 376 220 580 199 535 523 228 443 143 458 633 1317 454 144 693 568 165 584 318 205 577 207 192 987 621 997 495 1433 494 1078 519 1284 718 594 480 1153 948 599 1073 160 687 1374 566 0
EOF