NAME : tsp_problem
TYPE : TSP
DIMENSION : 78
EDGE_WEIGHT_TYPE : EXPLICIT
EDGE_WEIGHT_FORMAT : FULL_MATRIX
EDGE_WEIGHT_SECTION
0 1040 1337 1834 297 1088 498 1209 350 206 541 609 167 1121 306 1154 516 530 36 450 552 475 1253 484 486 193 33 1610 507 512 1272 1164 1205 1546 774 1387 1810 473 486 505 363 353 1615 1318 507 1185 960 491 1173 1240 1023 1070 1742 480 505 1266 885 1249 611 484 979 1377 1264 485 1324 1179 529 291 39 573 1058 1606 477 482 471 492 805 1066
1040 0 915 1326 838 380 1305 502 777 913 1020 953 1085 414 847 447 641 1031 1033 1258 1010 1282 546 1291 1294 950 1030 903 750 1319 565 456 498 839 713 679 1302 1280 1294 1312 715 780 1164 896 1314 945 388 1299 272 533 200 363 1035 1288 1312 559 323 541 854 1291 348 670 842 1293 617 266 772 832 1036 633 235 1038 1284 1289 1278 735 744 826
1337 904 0 754 1134 764 1244 885 1073 1209 959 891 1382 798 1143 830 970 970 1329 1196 948 1221 929 1230 1232 1246 1326 802 968 1258 949 840 882 994 740 1063 730 1219 1232 1251 1011 1077 536 58 1253 671 563 1237 1036 916 887 747 934 1226 1251 943 894 925 856 1230 582 980 93 1231 1001 1043 963 1129 1333 1005 922 526 1223 1228 1217 874 690 552
1834 1326 754 0 1631 1054 1741 886 1570 1706 1456 1388 1879 955 1640 1030 1467 1467 1826 1693 1445 1718 1075 1727 1729 1743 1824 589 1465 1755 819 898 1039 781 1237 909 118 1716 1729 1748 1508 1574 380 735 1750 1168 1060 1734 1458 917 1309 991 721 1723 1748 943 1316 1070 1353 1727 1079 767 681 1728 871 1464 1460 1626 1830 1502 1343 314 1720 1725 1714 1371 1187 1049
297 838 1134 1631 0 885 673 1006 147 169 575 507 342 919 33 951 314 586 290 625 564 650 1050 659 661 206 287 1408 304 687 1070 961 1003 1344 571 1184 1607 648 661 680 161 151 1413 1115 682 983 757 666 970 1037 821 868 1540 655 680 1064 683 1046 409 659 777 1175 1061 660 1122 976 327 18 293 371 856 1403 652 657 646 290 602 864
1088 380 775 1054 885 0 1352 230 824 960 1068 1000 1133 143 894 87 689 1079 1080 1305 1057 1329 274 1339 1341 997 1078 632 797 1367 294 185 147 568 573 408 1030 1328 1341 1360 762 828 892 756 1361 805 248 1346 513 261 364 92 764 1335 1360 288 371 270 902 1338 208 399 702 1340 346 519 820 880 1084 681 398 767 1332 1336 1326 783 604 686
498 1305 1244 1741 673 1352 0 1473 726 582 323 390 428 1386 682 1419 778 312 490 95 334 78 1518 67 86 569 488 1788 694 59 1537 1428 1470 1811 1021 1651 1717 92 66 62 737 729 1522 1225 60 1092 1225 59 1437 1504 1288 1335 1921 125 72 1531 1150 1513 579 87 1244 1642 1171 93 1589 1444 688 667 494 838 1323 1513 80 223 96 599 971 974
1209 502 896 886 1006 230 1473 0 945 1081 1189 1121 1254 131 1015 206 810 1200 1201 1426 1178 1450 251 1460 1462 1118 1199 463 918 1488 125 74 215 399 694 240 862 1449 1462 1481 883 949 724 877 1483 926 369 1467 634 93 485 167 595 1456 1481 119 492 246 1023 1460 329 230 823 1461 177 640 941 1001 1205 802 519 598 1453 1457 1447 904 725 807
350 777 1073 1570 147 824 726 945 0 222 514 446 395 858 156 890 253 525 342 678 503 702 989 712 714 259 340 1346 243 740 1009 900 942 1283 510 1123 1546 701 714 733 102 35 1352 1054 735 922 696 719 909 976 760 807 1479 708 733 1003 621 985 348 712 715 1113 1000 713 1061 915 266 142 346 310 794 1342 705 710 699 229 541 803
206 913 1209 1706 169 960 582 1081 222 0 625 582 251 994 178 1026 389 614 199 534 636 559 1125 568 570 112 196 1482 379 596 1145 1036 1077 1419 646 1259 1682 557 570 589 235 226 1488 1190 591 1058 832 575 1045 1112 896 943 1615 564 589 1139 757 1121 484 568 851 1249 1136 569 1197 1051 402 164 202 446 930 1478 561 566 555 365 677 939
541 1020 959 1456 575 1068 323 1189 514 625 0 106 471 1102 584 1134 494 72 534 276 93 300 1233 309 312 612 531 1504 409 337 1253 1144 1185 1526 737 1367 1432 298 312 330 452 517 1238 940 332 808 940 317 1153 1220 1003 1051 1636 306 330 1247 865 1229 295 309 959 1357 886 311 1305 1159 404 569 537 553 1038 1228 302 307 296 314 687 689
609 953 891 1388 507 1000 390 1121 446 582 106 0 539 1034 516 1066 426 117 601 343 95 367 1165 377 379 619 599 1436 341 405 1185 1076 1118 1459 669 1299 1364 366 379 398 384 450 1170 872 400 740 872 384 1085 1152 936 983 1568 373 398 1179 797 1161 227 377 891 1289 818 378 1237 1091 336 502 605 486 970 1160 370 374 364 247 619 621
167 1085 1382 1879 342 1133 428 1254 395 251 471 539 0 1167 351 1199 562 460 160 380 482 405 1298 414 416 238 157 1655 552 442 1318 1209 1250 1591 819 1432 1855 403 416 435 408 399 1661 1363 437 1231 1005 421 1218 1285 1068 1116 1788 410 435 1312 930 1294 657 414 1024 1422 1309 415 1370 1224 575 337 163 618 1103 1651 407 412 401 538 850 1112
1121 414 809 955 919 143 1386 131 858 994 1102 1034 1167 0 928 90 723 1113 1114 1339 1091 1363 175 1372 1375 1031 1111 532 831 1401 195 86 98 469 607 309 931 1361 1375 1394 796 862 793 790 1395 839 282 1380 547 162 397 80 665 1369 1394 189 405 171 936 1372 242 299 736 1374 247 553 854 914 1118 715 432 668 1366 1370 1359 817 638 720
306 847 1143 1640 33 894 682 1015 156 178 584 516 351 928 0 960 323 595 299 634 573 659 1059 668 670 215 296 1417 313 696 1079 970 1012 1353 580 1193 1616 657 670 689 170 160 1422 1124 691 992 766 675 979 1046 830 877 1549 664 689 1073 692 1055 418 668 786 1184 1070 669 1131 985 336 27 302 380 865 1412 661 666 655 299 611 873
1154 447 841 1030 951 87 1419 206 890 1026 1134 1066 1199 90 960 0 755 1145 1146 1371 1123 1395 251 1405 1407 1063 1144 608 863 1433 270 161 71 544 639 384 1007 1394 1407 1426 828 894 868 822 1428 871 315 1412 579 237 430 155 740 1401 1426 264 437 246 968 1405 274 375 768 1406 322 585 886 946 1150 747 464 743 1398 1403 1392 849 670 752
516 641 970 1467 314 689 778 810 253 389 494 426 562 723 323 755 0 504 509 731 483 755 854 764 767 426 506 1211 226 792 874 765 806 1147 375 988 1443 753 767 786 191 257 1249 951 787 819 561 772 774 841 624 672 1344 761 786 868 486 850 327 764 580 978 897 766 926 780 249 309 513 174 659 1239 757 762 751 212 406 700
530 1031 970 1467 586 1079 312 1200 525 614 72 117 460 1113 595 1145 504 0 523 265 82 289 1244 298 301 601 520 1514 420 326 1264 1155 1196 1537 748 1378 1443 287 301 320 463 528 1249 951 321 819 951 306 1164 1231 1014 1062 1647 295 320 1258 876 1240 306 298 970 1368 897 300 1316 1170 415 580 526 564 1049 1239 291 296 285 325 697 700
36 1033 1329 1826 290 1080 490 1201 342 199 534 601 160 1114 299 1146 509 523 0 443 545 467 1246 477 479 186 26 1603 500 505 1265 1156 1198 1539 766 1379 1802 465 479 498 356 346 1608 1310 499 1178 953 484 1165 1232 1016 1063 1735 473 498 1259 878 1241 604 476 972 1370 1256 478 1317 1172 522 284 32 566 1051 1598 470 474 464 485 798 1059
450 1258 1196 1693 625 1305 95 1426 678 534 276 343 380 1339 634 1371 731 265 443 0 286 72 1470 81 83 521 440 1741 646 97 1490 1381 1423 1764 974 1604 1669 70 84 99 689 682 1475 1177 98 1045 1177 88 1390 1457 1241 1288 1873 77 102 1484 1102 1466 532 81 1196 1594 1123 82 1542 1396 641 620 446 791 1275 1465 74 175 68 552 924 926
552 1010 948 1445 564 1057 334 1178 503 636 93 95 482 1091 573 1123 483 82 545 286 0 311 1222 320 323 623 542 1493 398 348 1242 1133 1174 1516 726 1356 1421 309 323 341 441 507 1227 929 343 797 929 327 1142 1209 993 1040 1625 317 341 1236 854 1218 284 320 948 1346 875 321 1294 1148 393 559 548 542 1027 1217 313 318 307 304 676 678
475 1282 1221 1718 650 1329 78 1450 702 559 300 367 405 1363 659 1395 755 289 467 72 311 0 1495 66 85 546 465 1765 671 58 1514 1405 1447 1788 998 1628 1694 90 65 60 714 706 1499 1202 59 1069 1201 58 1414 1481 1265 1312 1898 102 71 1508 1127 1490 556 86 1221 1619 1148 92 1566 1420 665 644 471 815 1300 1490 78 200 92 576 948 951
1253 546 940 1075 1050 274 1518 251 989 1125 1233 1165 1298 175 1059 251 854 1244 1246 1470 1222 1495 0 1504 1506 1162 1243 652 963 1532 314 205 259 588 738 429 1051 1493 1506 1525 928 993 913 922 1527 970 414 1511 678 282 529 211 784 1500 1525 308 536 101 1067 1504 373 419 867 1505 366 684 985 1045 1249 846 563 787 1497 1502 1491 948 770 851
484 1291 1230 1727 659 1339 67 1460 712 568 309 377 414 1372 668 1405 764 298 477 81 320 66 1504 0 74 555 474 1774 680 47 1524 1415 1456 1797 1008 1638 1703 79 54 49 723 715 1509 1211 48 1079 1211 47 1424 1491 1274 1322 1907 111 60 1517 1136 1500 565 75 1230 1628 1157 81 1575 1430 675 653 480 824 1309 1499 67 209 83 585 957 960
486 1294 1232 1729 661 1341 86 1462 714 570 312 379 416 1375 670 1407 767 301 479 83 323 85 1506 74 0 557 476 1777 682 66 1526 1417 1459 1800 1010 1640 1706 99 73 69 725 718 1511 1213 67 1081 1213 67 1426 1493 1277 1324 1909 114 79 1520 1138 1502 568 94 1232 1630 1159 100 1578 1432 677 656 483 827 1311 1502 87 211 103 588 960 962
193 950 1246 1743 206 997 569 1118 259 112 612 619 238 1031 215 1063 426 601 186 521 623 546 1162 555 557 0 183 1519 416 583 1182 1073 1114 1456 683 1296 1719 544 557 576 272 263 1525 1227 578 1095 869 562 1082 1149 933 980 1652 551 576 1176 794 1158 521 555 888 1286 1173 556 1234 1088 439 201 189 482 967 1515 548 553 542 402 714 976
33 1030 1326 1824 287 1078 488 1199 340 196 531 599 157 1111 296 1144 506 520 26 440 542 465 1243 474 476 183 0 1600 497 502 1262 1153 1195 1536 764 1376 1800 463 476 495 353 343 1605 1308 497 1175 950 481 1163 1230 1013 1060 1732 470 495 1256 875 1238 601 474 969 1367 1253 475 1314 1169 519 281 29 563 1048 1596 467 472 461 482 795 1056
1610 903 802 589 1408 632 1788 463 1346 1482 1504 1436 1655 532 1417 608 1211 1514 1603 1741 1493 1765 652 1774 1777 1519 1600 0 1320 1802 396 475 616 358 1096 486 565 1763 1777 1796 1285 1350 427 783 1797 1215 771 1782 1035 494 886 568 154 1771 1796 521 893 648 1400 1774 731 344 729 1776 448 1041 1342 1402 1606 1203 921 302 1767 1772 1761 1305 1127 1097
507 750 968 1465 304 797 694 918 243 379 409 341 552 831 313 863 226 420 500 646 398 671 963 680 682 416 497 1320 0 708 982 873 915 1256 483 1096 1442 669 682 701 182 247 1247 949 703 817 669 687 882 949 733 780 1452 676 701 976 595 958 243 680 689 1087 895 681 1034 889 161 299 503 283 768 1237 673 678 667 124 515 698
512 1319 1258 1755 687 1367 59 1488 740 596 337 405 442 1401 696 1433 792 326 505 97 348 58 1532 47 66 583 502 1802 708 0 1552 1443 1484 1825 1036 1666 1731 72 46 42 751 743 1537 1239 40 1107 1239 39 1452 1519 1302 1350 1935 108 52 1545 1164 1528 593 67 1258 1656 1185 73 1603 1458 703 681 508 852 1337 1527 59 237 75 613 985 988
1272 565 960 819 1070 294 1537 125 1009 1145 1253 1185 1318 195 1079 270 874 1264 1265 1490 1242 1514 314 1524 1526 1182 1262 396 982 1552 0 138 279 332 758 156 795 1512 1526 1545 947 1013 657 941 1546 990 433 1531 698 156 548 231 529 1520 1545 183 556 310 1087 1523 393 163 887 1525 111 704 1005 1065 1269 866 583 531 1517 1521 1510 968 789 871
1164 456 851 898 961 185 1428 74 900 1036 1144 1076 1209 86 970 161 765 1155 1156 1381 1133 1405 205 1415 1417 1073 1153 475 873 1443 138 0 170 411 649 252 874 1403 1417 1436 838 904 736 832 1437 881 324 1422 589 105 439 122 608 1411 1436 131 447 201 978 1414 284 242 778 1416 190 595 896 956 1160 757 474 610 1408 1412 1401 859 680 762
1205 498 893 1039 1003 147 1470 215 942 1077 1185 1118 1250 98 1012 71 806 1196 1198 1423 1174 1447 259 1456 1459 1114 1195 616 915 1484 279 170 0 552 691 393 1015 1445 1459 1477 880 945 877 874 1479 923 366 1464 630 246 481 163 749 1453 1477 272 488 255 1019 1456 326 383 820 1458 331 637 937 997 1201 798 516 751 1449 1454 1443 900 722 804
1546 839 994 781 1344 568 1811 399 1283 1419 1526 1459 1591 469 1353 544 1147 1537 1539 1764 1516 1788 588 1797 1800 1456 1536 358 1256 1825 332 411 552 0 1032 423 757 1786 1800 1818 1221 1286 619 975 1820 1264 707 1805 971 430 822 504 491 1794 1818 457 829 584 1360 1797 667 280 921 1799 384 978 1278 1338 1542 1139 857 494 1790 1795 1784 1241 1063 1145
803 710 740 1237 600 571 1021 692 539 675 737 669 848 604 609 637 404 748 795 974 726 998 736 1008 1010 712 793 1093 512 1036 755 647 688 1029 0 870 1213 996 1010 1029 477 543 1019 721 1030 589 369 1015 843 723 693 553 1225 1004 1029 749 622 732 617 1007 388 860 667 1009 807 849 535 595 799 396 728 1009 1001 1005 994 498 99 470
1387 679 1074 909 1184 408 1651 240 1123 1259 1367 1299 1432 309 1193 384 988 1378 1379 1604 1356 1628 429 1638 1640 1296 1376 486 1096 1666 156 252 393 423 872 0 885 1626 1640 1659 1061 1127 747 1055 1660 1104 547 1645 812 271 662 345 619 1634 1659 297 670 424 1201 1637 507 253 1001 1639 95 818 1119 1179 1383 980 697 622 1631 1635 1624 1082 903 985
1810 1302 730 118 1607 1030 1717 862 1546 1682 1432 1364 1855 931 1616 1007 1443 1443 1802 1669 1421 1694 1051 1703 1706 1719 1800 565 1442 1731 795 874 1015 757 1213 885 0 1692 1706 1724 1484 1550 356 711 1726 1144 1036 1710 1434 893 1285 967 698 1699 1724 919 1292 1046 1329 1703 1055 743 657 1704 847 1440 1436 1602 1806 1479 1319 290 1696 1701 1690 1347 1163 1025
473 1280 1219 1716 648 1328 92 1449 701 557 298 366 403 1361 657 1394 753 287 465 70 309 90 1493 79 99 544 463 1763 669 72 1512 1403 1445 1786 996 1626 1692 0 79 74 712 704 1498 1200 73 1068 1200 72 1413 1480 1263 1310 1896 100 84 1506 1125 1488 554 99 1219 1617 1146 105 1564 1419 664 642 469 813 1298 1488 92 198 90 574 946 949
486 1294 1232 1729 661 1341 66 1462 714 570 312 379 416 1375 670 1407 767 301 479 84 323 65 1506 54 73 557 476 1777 682 46 1526 1417 1459 1800 1010 1640 1706 79 0 49 725 718 1511 1213 47 1081 1213 47 1426 1493 1277 1324 1909 114 59 1520 1139 1502 568 74 1232 1631 1159 80 1578 1432 677 656 483 827 1312 1502 67 211 83 588 960 962
505 1312 1251 1748 680 1360 62 1481 733 589 330 398 435 1394 689 1426 786 320 498 99 341 60 1525 49 69 576 495 1796 701 42 1545 1436 1477 1818 1029 1659 1724 74 49 0 744 737 1530 1232 43 1100 1232 42 1445 1512 1295 1343 1928 110 54 1539 1157 1521 587 69 1251 1649 1178 76 1597 1451 696 675 501 845 1330 1520 62 230 78 606 979 981
363 715 1011 1508 161 762 737 883 102 235 452 384 408 796 170 828 191 463 356 689 441 714 928 723 725 272 353 1285 182 751 947 838 880 1221 448 1061 1484 712 725 744 0 105 1290 992 746 860 634 730 847 914 698 745 1417 719 744 941 560 923 286 723 654 1052 938 724 999 854 204 155 359 248 733 1280 716 721 710 167 480 741
353 780 1077 1574 151 828 729 949 35 226 517 450 399 862 160 894 257 528 346 682 507 706 993 715 718 263 343 1350 247 743 1013 904 945 1286 514 1127 1550 704 718 737 105 0 1355 1058 738 925 700 723 913 980 763 811 1483 712 737 1006 625 989 351 715 719 1117 1004 717 1065 919 269 145 350 313 798 1346 708 713 702 232 545 807
1615 1164 536 380 1413 892 1522 724 1352 1488 1238 1170 1661 793 1422 868 1249 1249 1608 1475 1227 1499 913 1509 1511 1525 1605 427 1247 1537 657 736 877 619 1019 747 356 1498 1511 1530 1290 1355 0 517 1531 950 842 1516 1296 755 1147 829 559 1505 1530 781 1154 908 1135 1508 861 605 463 1510 709 1302 1242 1407 1612 1284 1181 152 1502 1506 1496 1152 969 831
1318 885 58 735 1115 745 1225 866 1054 1190 940 872 1363 779 1124 811 951 951 1310 1177 929 1202 911 1211 1213 1227 1308 783 949 1239 930 821 863 975 721 1044 711 1200 1213 1232 992 1058 517 0 1234 652 544 1218 1018 897 868 728 915 1207 1232 924 875 906 837 1211 563 961 74 1212 982 1024 944 1110 1314 986 903 507 1204 1209 1198 855 671 533
507 1314 1253 1750 682 1361 60 1483 735 591 332 400 437 1395 691 1428 787 321 499 98 343 59 1527 48 67 578 497 1797 703 40 1546 1437 1479 1820 1030 1660 1726 73 47 43 746 738 1531 1234 0 1102 1234 41 1446 1514 1297 1344 1930 109 53 1540 1159 1522 588 68 1253 1651 1180 74 1598 1453 697 676 503 847 1332 1522 61 232 77 608 980 983
1185 1128 671 1168 983 989 1092 1110 922 1058 808 740 1231 1022 992 1055 819 819 1178 1045 797 1069 1154 1079 1081 1095 1175 1215 817 1107 1173 1064 1106 1408 589 1287 1144 1068 1081 1100 860 925 950 652 1102 0 787 1086 1261 1141 1111 971 1348 1075 1100 1167 1119 1149 705 1079 806 1278 598 1080 1225 1267 812 977 1182 937 1146 940 1072 1076 1066 723 539 292
949 388 574 1071 747 248 1177 369 686 822 892 824 995 282 756 315 551 903 942 1129 881 1153 414 1163 1165 859 939 771 659 1191 433 324 366 707 372 547 1047 1152 1165 1184 624 690 853 555 1186 604 0 1170 521 400 371 231 903 1159 1184 427 378 409 764 1163 66 538 501 1164 485 527 682 741 946 543 406 843 1156 1161 1150 645 403 485
491 1299 1237 1734 666 1346 59 1467 719 575 317 384 421 1380 675 1412 772 306 484 88 327 58 1511 47 67 562 481 1782 687 39 1531 1422 1464 1805 1015 1645 1710 72 47 42 730 723 1516 1218 41 1086 1218 0 1431 1498 1282 1329 1914 108 52 1525 1143 1507 573 67 1237 1635 1164 73 1583 1437 682 661 487 832 1316 1506 60 216 76 593 965 967
1173 272 1047 1458 970 513 1437 634 909 1045 1153 1085 1218 547 979 579 774 1164 1165 1390 1142 1414 678 1424 1426 1082 1163 1035 882 1452 698 589 630 971 845 812 1434 1413 1426 1445 847 913 1296 1029 1446 1077 521 1431 0 665 242 496 1168 1420 1445 692 456 674 987 1423 480 802 974 1425 750 35 905 965 1169 766 143 1171 1417 1421 1411 868 877 959
1240 533 927 917 1037 261 1504 93 976 1112 1220 1152 1285 162 1046 237 841 1231 1232 1457 1209 1481 282 1491 1493 1149 1230 494 949 1519 156 105 246 430 725 271 893 1480 1493 1512 914 980 755 908 1514 957 400 1498 665 0 516 198 626 1487 1512 140 523 277 1054 1491 360 261 854 1492 208 671 972 1032 1236 833 550 629 1484 1488 1478 935 756 838
1023 200 898 1309 821 364 1288 485 760 896 1003 936 1068 397 830 430 624 1014 1016 1241 993 1265 529 1274 1277 933 1013 886 733 1302 548 439 481 822 696 662 1285 1263 1277 1295 698 763 1147 879 1297 928 371 1282 242 516 0 346 1018 1271 1295 542 306 524 837 1274 331 653 825 1276 600 248 755 815 1019 616 127 1021 1267 1272 1261 718 727 809
1070 363 758 991 868 92 1335 167 807 943 1051 983 1116 80 877 155 672 1062 1063 1288 1040 1312 211 1322 1324 980 1060 568 780 1350 231 122 163 504 556 345 967 1310 1324 1343 745 811 829 739 1344 788 231 1329 496 198 346 0 701 1318 1343 225 354 207 885 1321 191 335 685 1323 283 502 803 863 1067 664 381 703 1315 1319 1308 766 587 669
1742 1035 934 721 1540 764 1921 595 1479 1615 1636 1568 1788 665 1549 740 1344 1647 1735 1873 1625 1898 784 1907 1909 1652 1732 154 1452 1935 529 608 749 491 1228 619 698 1896 1909 1928 1417 1483 559 915 1930 1348 903 1914 1168 626 1018 701 0 1903 1928 653 1026 780 1533 1907 863 477 861 1908 581 1174 1475 1534 1739 1336 1053 434 1900 1905 1894 1438 1259 1229
480 1288 1226 1723 655 1335 125 1456 708 564 306 373 410 1369 664 1401 761 295 473 77 317 102 1500 111 114 551 470 1771 676 108 1520 1411 1453 1794 1004 1634 1699 100 114 110 719 712 1505 1207 109 1075 1207 108 1420 1487 1271 1318 1903 0 121 1514 1132 1496 562 111 1226 1624 1153 112 1572 1426 671 650 477 821 1305 1495 104 205 98 582 954 956
505 1312 1251 1748 680 1360 72 1481 733 589 330 398 435 1394 689 1426 786 320 498 102 341 71 1525 60 79 576 495 1796 701 52 1545 1436 1477 1818 1029 1659 1724 84 59 54 744 737 1530 1232 53 1100 1232 52 1445 1512 1295 1343 1928 121 0 1539 1157 1521 587 80 1251 1649 1178 86 1597 1451 696 675 501 845 1330 1520 72 230 88 606 979 981
1266 559 954 943 1064 288 1531 119 1003 1139 1247 1179 1312 189 1073 264 868 1258 1259 1484 1236 1508 308 1517 1520 1176 1256 521 976 1545 183 131 272 457 752 297 919 1506 1520 1539 941 1006 781 935 1540 984 427 1525 692 140 542 225 653 1514 1539 0 550 304 1081 1517 387 288 881 1519 235 698 999 1058 1263 860 577 656 1510 1515 1504 962 783 865
885 323 905 1316 683 371 1150 492 621 757 865 797 930 405 692 437 486 876 878 1102 854 1127 536 1136 1138 794 875 893 595 1164 556 447 488 829 616 670 1292 1125 1139 1157 560 625 1154 886 1159 935 378 1143 456 523 306 354 1026 1132 1157 550 0 532 699 1136 338 660 832 1137 608 462 617 677 881 478 341 1029 1129 1134 1123 580 647 816
1249 541 936 1070 1046 270 1513 246 985 1121 1229 1161 1294 171 1055 246 850 1240 1241 1466 1218 1490 101 1500 1502 1158 1238 648 958 1528 310 201 255 584 734 424 1046 1488 1502 1521 923 989 908 917 1522 966 409 1507 674 277 524 207 780 1496 1521 304 532 0 1063 1499 369 415 863 1501 362 680 981 1041 1245 842 559 783 1493 1497 1486 944 765 847
611 854 856 1353 409 902 579 1023 348 484 295 227 657 936 418 968 327 306 604 532 284 556 1067 565 568 521 601 1400 243 593 1087 978 1019 1360 588 1201 1329 554 568 587 286 351 1135 837 588 705 774 573 987 1054 837 885 1533 562 587 1081 699 1063 0 565 793 1191 783 567 1139 993 238 403 607 387 872 1125 558 563 552 148 583 586
484 1291 1230 1727 659 1338 87 1460 712 568 309 377 414 1372 668 1405 764 298 476 81 320 86 1504 75 94 555 474 1774 680 67 1523 1414 1456 1797 1007 1637 1703 99 74 69 723 715 1508 1211 68 1079 1211 67 1423 1491 1274 1321 1907 111 80 1517 1136 1499 565 0 1230 1628 1157 101 1575 1430 675 653 480 824 1309 1499 87 209 101 585 957 960
969 348 593 1090 766 208 1196 329 705 841 911 843 1014 242 775 274 570 922 961 1148 900 1173 373 1182 1184 878 958 731 678 1210 393 284 326 667 391 507 1066 1171 1184 1203 643 709 872 574 1205 623 66 1189 480 360 331 191 863 1178 1203 387 338 369 783 1182 0 498 520 1183 445 487 701 761 965 562 366 862 1175 1180 1169 664 422 504
1377 670 980 767 1175 399 1642 230 1113 1249 1357 1289 1422 299 1184 375 978 1368 1370 1594 1346 1619 419 1628 1630 1286 1367 344 1087 1656 163 242 383 280 863 253 743 1617 1631 1649 1052 1117 605 961 1651 1095 538 1635 802 261 653 335 477 1624 1649 288 660 415 1191 1628 498 0 907 1629 215 808 1109 1169 1373 970 688 479 1621 1626 1615 1072 894 976
1264 831 93 681 1061 691 1171 812 1000 1136 886 818 1309 725 1070 757 897 897 1256 1123 875 1148 856 1157 1159 1173 1253 729 895 1185 876 767 809 921 667 990 657 1146 1159 1178 938 1004 463 74 1180 598 490 1164 963 843 814 674 861 1153 1178 870 821 852 783 1157 509 907 0 1158 928 970 890 1056 1260 932 849 453 1150 1155 1144 801 617 479
485 1293 1231 1728 660 1340 93 1461 713 569 311 378 415 1374 669 1406 766 300 478 82 321 92 1505 81 100 556 475 1776 681 73 1525 1416 1458 1799 1009 1639 1704 105 80 76 724 717 1510 1212 74 1080 1212 73 1425 1492 1276 1323 1908 112 86 1519 1137 1501 567 101 1231 1629 1158 0 1577 1431 676 655 482 826 1310 1500 94 210 103 587 959 961
1324 617 1012 871 1122 346 1589 177 1061 1197 1305 1237 1370 247 1131 322 926 1316 1317 1542 1294 1566 366 1575 1578 1234 1314 448 1034 1603 111 190 331 384 810 95 847 1564 1578 1597 999 1065 709 993 1598 1042 485 1583 750 208 600 283 581 1572 1597 235 608 362 1139 1575 445 215 939 1577 0 756 1057 1116 1321 918 635 583 1568 1573 1562 1020 841 923
1179 266 1054 1464 976 519 1444 640 915 1051 1159 1091 1224 553 985 585 780 1170 1172 1396 1148 1420 684 1430 1432 1088 1169 1041 889 1458 704 595 637 978 852 818 1440 1419 1432 1451 854 919 1302 1035 1453 1084 527 1437 35 671 248 502 1174 1426 1451 698 462 680 993 1430 487 808 981 1431 756 0 911 971 1175 772 150 1177 1423 1428 1417 874 883 965
529 772 963 1460 327 820 688 941 266 402 404 336 575 854 336 886 249 415 522 641 393 665 985 675 677 439 519 1342 161 703 1005 896 937 1278 506 1119 1436 664 677 696 204 269 1242 944 697 812 692 682 905 972 755 803 1475 671 696 999 617 981 238 675 711 1109 890 676 1057 911 0 321 526 305 790 1232 668 672 662 119 537 693
291 832 1129 1626 18 880 667 1001 142 164 569 502 337 914 27 946 309 580 284 620 559 644 1045 653 656 201 281 1402 299 681 1065 956 997 1338 566 1179 1602 642 656 675 155 145 1407 1110 676 977 752 661 965 1032 815 863 1534 650 675 1058 677 1041 403 653 771 1169 1056 655 1116 971 321 0 288 365 850 1398 646 651 640 284 597 859
39 1036 1333 1830 293 1084 494 1205 346 202 537 605 163 1118 302 1150 513 526 32 446 548 471 1249 480 483 189 29 1606 503 508 1269 1160 1201 1542 770 1383 1806 469 483 501 359 350 1612 1314 503 1182 956 487 1169 1236 1019 1067 1739 477 501 1263 881 1245 607 480 975 1373 1260 482 1321 1175 526 288 0 569 1054 1602 473 478 467 489 801 1063
508 599 952 1449 306 647 773 768 245 381 488 421 554 680 315 713 109 499 501 726 478 750 812 759 762 418 498 1169 218 787 831 722 764 1105 333 945 1425 748 762 780 183 248 1230 933 782 873 519 767 732 799 582 629 1301 756 780 825 444 807 322 759 538 936 879 761 883 738 241 300 504 0 617 1221 752 757 746 203 364 754
1058 235 933 1343 856 398 1323 519 794 930 1038 970 1103 432 865 464 659 1049 1051 1275 1027 1300 563 1309 1311 967 1048 921 768 1337 583 474 516 857 731 697 1319 1298 1312 1330 733 798 1181 914 1332 963 406 1316 143 550 127 381 1053 1305 1330 577 341 559 872 1309 366 688 860 1310 635 150 790 850 1054 651 0 1056 1302 1307 1296 753 762 844
1606 1038 526 314 1403 767 1513 598 1342 1478 1228 1160 1651 668 1412 743 1239 1239 1598 1465 1217 1490 787 1499 1502 1515 1596 302 1237 1527 531 610 751 494 1009 622 290 1488 1502 1520 1280 1346 152 507 1522 940 832 1506 1171 629 1021 703 434 1495 1520 656 1029 783 1125 1499 851 479 453 1500 583 1177 1232 1398 1602 1275 1056 0 1492 1497 1486 1143 959 821
477 1284 1223 1720 652 1332 80 1453 705 561 302 370 407 1366 661 1398 757 291 470 74 313 78 1497 67 87 548 467 1767 673 59 1517 1408 1449 1790 1001 1631 1696 92 67 62 716 708 1502 1204 61 1072 1204 60 1417 1484 1267 1315 1900 104 72 1510 1129 1493 558 87 1223 1621 1150 94 1568 1423 668 646 473 817 1302 1492 0 202 94 578 950 953
482 1289 1228 1725 657 1336 223 1457 710 566 307 374 412 1370 666 1403 762 296 474 175 318 200 1502 209 211 553 472 1772 678 237 1521 1412 1454 1795 1005 1635 1701 198 211 230 721 713 1506 1209 232 1076 1209 216 1421 1488 1272 1319 1905 205 230 1515 1134 1497 563 209 1228 1626 1155 210 1573 1428 672 651 478 822 1307 1497 202 0 196 583 955 958
471 1278 1217 1714 646 1326 96 1447 699 555 296 364 401 1359 655 1392 751 285 464 68 307 92 1491 83 103 542 461 1761 667 75 1510 1401 1443 1784 994 1624 1690 90 83 78 710 702 1496 1198 77 1066 1198 76 1411 1478 1261 1308 1894 98 88 1504 1123 1486 552 101 1217 1615 1144 103 1562 1417 662 640 467 811 1296 1486 94 196 0 572 944 947
492 735 874 1371 290 783 599 904 229 365 314 247 538 817 299 849 212 325 485 552 304 576 948 585 588 402 482 1305 124 613 968 859 900 1241 469 1082 1347 574 588 606 167 232 1152 855 608 723 655 593 868 935 718 766 1438 582 606 962 580 944 148 585 674 1072 801 587 1020 874 119 284 489 268 753 1143 578 583 572 0 500 604
834 741 690 1187 631 602 971 723 570 706 687 619 879 636 640 668 435 697 827 924 676 948 767 957 960 743 824 1124 544 985 787 678 719 1060 99 901 1163 946 960 979 509 574 969 671 980 539 400 965 874 754 724 585 1257 954 979 780 653 763 583 957 420 891 617 959 839 880 566 626 830 427 759 959 950 955 944 529 0 420
1066 1009 552 1049 864 870 974 991 803 939 689 621 1112 903 873 936 700 700 1059 926 678 951 1035 960 962 976 1056 1097 698 988 1054 946 987 1289 470 1169 1025 949 962 981 741 807 831 533 983 292 668 967 1142 1022 992 852 1229 956 981 1048 1000 1031 586 960 687 1159 479 961 1106 1148 693 859 1063 818 1027 821 953 958 947 604 420 0
EOF