NAME : tsp_problem
TYPE : TSP
DIMENSION : 28
EDGE_WEIGHT_TYPE : EXPLICIT
EDGE_WEIGHT_FORMAT : FULL_MATRIX
EDGE_WEIGHT_SECTION
0 571 1348 676 1708 315 1080 492 1766 1549 1438 1628 592 830 802 651 1211 496 512 765 1344 1338 1230 1277 506 647 730 1755
571 0 814 140 1174 363 830 520 1231 1299 1188 1093 342 580 266 114 961 524 539 229 1094 1088 980 1027 534 142 193 1220
1348 814 0 845 616 1140 931 1225 674 853 873 536 1011 948 971 820 875 1230 1245 935 1009 1002 894 941 1240 836 899 663
676 140 845 0 1205 467 934 551 1262 1404 1293 1124 446 685 176 67 1066 556 571 139 1199 1193 1084 1131 565 247 104 1251
1708 1174 616 1205 0 1499 1272 1585 380 559 580 140 1371 1288 1331 1180 939 1590 1605 1294 797 1066 970 1005 1599 1196 1259 369
315 363 1140 467 1499 0 871 661 1557 1340 1229 1419 383 621 594 442 1003 665 680 557 1136 1129 1021 1068 675 438 521 1546
1080 830 942 934 1272 871 0 1315 1273 857 746 1191 667 405 1061 909 519 1319 1334 1024 653 646 538 585 1329 899 988 1262
492 520 1225 551 1585 661 1315 0 1643 1784 1673 1505 826 1065 677 526 1446 207 73 640 1579 1573 1464 1512 66 627 605 1632
1766 1231 674 1262 380 1557 1273 1643 0 560 581 299 1429 1289 1389 1237 941 1647 1662 1352 798 1067 971 1006 1657 1253 1316 218
1549 1299 853 1404 559 1340 857 1784 560 0 165 478 1136 874 1530 1378 525 1788 1803 1493 383 652 555 591 1798 1368 1457 549
1438 1188 873 1293 580 1229 746 1673 581 165 0 499 1026 763 1419 1267 414 1677 1692 1382 272 541 444 480 1687 1257 1346 570
1628 1093 536 1124 140 1419 1191 1505 299 478 499 0 1291 1208 1251 1099 859 1509 1524 1214 717 986 889 924 1519 1115 1178 288
513 263 943 367 1303 304 619 747 1361 1088 977 1223 0 369 493 342 750 752 767 457 883 877 769 816 761 332 421 1350
830 580 959 685 1288 621 405 1065 1289 874 763 1208 417 0 811 659 536 1069 1084 774 669 663 554 602 1079 649 738 1278
802 266 971 176 1331 594 1061 677 1389 1530 1419 1251 572 811 0 194 1192 682 697 87 1325 1319 1210 1258 691 373 123 1378
651 114 820 67 1180 442 909 526 1237 1378 1267 1099 421 659 194 0 1040 530 545 157 1174 1167 1059 1106 540 221 121 1226
1211 961 886 1066 939 1003 519 1446 941 525 414 859 799 536 1192 1040 0 1450 1466 1155 320 270 217 209 1460 1030 1119 930
496 524 1230 556 1590 665 1319 207 1647 1788 1677 1509 831 1069 682 530 1450 0 227 645 1584 1577 1469 1516 221 631 609 1636
512 539 1245 571 1605 680 1334 73 1662 1803 1692 1524 846 1084 697 545 1466 227 0 660 1599 1592 1484 1531 45 646 624 1651
765 229 935 139 1294 557 1024 640 1352 1493 1382 1214 536 774 87 157 1155 645 660 0 1288 1282 1174 1221 655 336 163 1341
1344 1094 1020 1199 797 1136 653 1579 798 383 272 717 932 669 1325 1174 320 1584 1599 1288 0 447 351 386 1593 1164 1253 787
1338 1088 1013 1193 1066 1129 646 1573 1067 652 541 986 926 663 1319 1167 270 1577 1592 1282 447 0 344 80 1587 1157 1246 1056
1230 980 905 1084 970 1021 538 1464 971 555 444 889 817 554 1210 1059 217 1469 1484 1174 351 344 0 283 1479 1049 1138 960
1277 1027 952 1131 1005 1068 585 1512 1006 591 480 924 864 602 1258 1106 209 1516 1531 1221 386 80 283 0 1526 1096 1185 995
506 534 1240 565 1599 675 1329 66 1657 1798 1687 1519 841 1079 691 540 1460 221 45 655 1593 1587 1479 1526 0 641 619 1646
647 142 836 247 1196 438 899 627 1253 1368 1257 1115 411 649 373 221 1030 631 646 336 1164 1157 1049 1096 641 0 300 1242
730 193 899 104 1259 521 988 605 1316 1457 1346 1178 500 738 123 121 1119 609 624 163 1253 1246 1138 1185 619 300 0 1305
1755 1220 663 1251 369 1546 1262 1632 218 549 570 288 1418 1278 1378 1226 930 1636 1651 1341 787 1056 960 995 1646 1242 1305 0
EOF