NAME : tsp_problem
TYPE : TSP
DIMENSION : 60
EDGE_WEIGHT_TYPE : EXPLICIT
EDGE_WEIGHT_FORMAT : FULL_MATRIX
EDGE_WEIGHT_SECTION
0 779 1005 1002 764 1043 1228 836 635 664 1304 925 1015 626 755 1219 1273 805 1139 658 1008 1171 1027 1154 1073 1166 1033 1337 1073 1284 1074 1052 1116 1207 345 1209 1144 1071 1057 1041 1060 832 511 961 1073 1051 1044 1066 927 1180 1056 1067 1267 1081 1198 1098 1073 1390 1072 1107
779 0 607 1094 451 646 1320 523 936 146 1396 555 618 229 357 1312 1178 493 744 959 611 774 743 1059 675 1467 1126 1638 676 1377 677 655 1209 1299 755 1114 1236 674 660 644 965 1133 672 566 676 653 647 669 557 1085 659 670 1359 683 1103 857 676 1498 675 884
1005 607 0 1319 676 76 1545 749 1161 492 1622 780 49 454 288 1537 1403 718 405 1184 41 312 968 1284 106 1693 1351 1864 107 1602 108 86 1434 1524 980 1340 1461 104 90 140 1190 1358 897 604 107 84 78 100 782 1310 155 100 1584 114 1328 1083 107 1723 106 1109
818 1094 1319 0 837 1357 270 765 794 979 346 724 1330 900 1069 262 580 796 1096 817 1322 1216 411 461 1387 423 76 675 1388 327 1389 1367 159 249 794 516 186 1385 1371 1355 367 991 656 918 1388 1365 1359 1381 726 487 1370 1381 309 1395 505 405 1388 448 1387 414
764 451 676 837 0 715 1063 108 920 336 1139 298 687 257 426 1055 921 89 605 943 680 725 486 802 744 1216 869 1468 745 1120 746 724 952 1042 739 858 979 743 728 713 708 1117 538 427 745 722 716 738 300 828 728 739 1102 752 846 601 745 1241 744 627
1043 646 76 1357 715 0 1583 787 1200 531 1660 818 87 493 327 1575 1442 756 443 1222 80 350 1006 1323 85 1731 1389 1902 62 1640 91 94 1472 1562 1018 1378 1499 78 98 179 1229 1396 935 643 90 92 86 93 820 1348 194 81 1623 83 1366 1121 78 1761 89 1147
1044 1320 1545 270 1063 1583 0 991 935 1205 561 950 1556 1126 1295 476 806 1022 1322 958 1548 1442 637 687 1613 205 290 457 1614 541 1615 1593 373 463 1020 742 400 1612 1597 1581 593 836 882 1144 1614 1591 1585 1607 952 713 1596 1607 523 1621 731 631 1614 230 1613 640
836 523 749 765 108 787 991 0 993 408 1068 226 760 330 499 983 849 67 534 1016 752 654 414 731 817 1145 797 1396 817 1048 818 796 880 970 811 786 907 815 801 785 637 1189 466 356 817 795 788 810 228 756 800 811 1031 825 774 529 818 1169 816 555
635 936 1161 783 920 1200 935 993 0 821 1085 999 1172 783 911 1001 1054 962 1296 82 1165 1328 885 935 1229 758 815 929 1230 1066 1231 1209 898 988 610 991 925 1228 1213 1197 841 424 668 1118 1230 1207 1201 1223 1002 961 1212 1223 1048 1237 979 879 1230 982 1229 889
664 146 492 979 336 531 1205 408 821 0 1281 440 503 114 242 1197 1063 378 629 844 496 659 628 944 560 1352 1011 1523 561 1262 562 540 1094 1184 640 999 1121 559 544 529 850 1018 557 451 561 538 532 554 442 970 544 554 1244 568 988 742 561 1383 560 769
1121 1396 1622 346 1139 1660 561 1068 1096 1281 0 1026 1632 1202 1371 104 882 1098 1398 1119 1625 1518 713 763 1689 714 322 966 1690 80 1691 1669 206 329 1096 819 299 1688 1674 1658 669 1293 958 1220 1690 1667 1661 1683 1029 789 1673 1684 148 1697 807 707 1690 738 1689 716
848 476 701 675 219 739 901 147 931 361 978 0 712 282 451 893 759 177 477 954 704 598 324 640 769 1055 707 1306 769 958 770 748 790 880 823 696 817 767 753 737 546 1128 376 299 769 747 740 762 29 666 752 763 941 777 684 439 770 1079 768 465
1015 618 49 1330 687 87 1556 760 1172 503 1632 791 0 465 299 1548 1414 729 416 1195 52 323 979 1295 117 1703 1362 1874 117 1613 119 97 1445 1535 991 1350 1472 115 101 151 1201 1369 908 615 118 95 89 111 793 1321 166 111 1595 125 1339 1093 118 1734 116 1120
626 229 454 900 257 493 1126 330 783 114 1202 361 465 0 204 1118 984 299 550 806 458 621 549 865 522 1279 932 1485 523 1183 524 502 1015 1105 601 921 1042 521 506 490 771 980 519 372 523 500 494 516 363 891 505 516 1165 530 909 663 523 1304 522 690
755 357 288 1069 426 327 1295 499 911 242 1371 530 299 204 0 1287 1153 468 548 934 292 455 718 1034 356 1442 1101 1613 357 1352 358 336 1184 1274 730 1090 1211 355 340 325 940 1108 647 541 357 334 328 350 532 1060 340 351 1334 364 1078 833 357 1473 356 859
1036 1312 1537 262 1055 1575 476 983 1012 1197 104 942 1548 1118 1287 0 798 1014 1314 1035 1540 1434 629 679 1605 629 238 881 1605 84 1607 1585 122 245 1011 734 214 1603 1589 1573 585 1208 874 1136 1605 1583 1577 1599 944 704 1588 1599 151 1613 722 622 1606 654 1604 632
1090 1178 1403 580 921 1442 806 849 1065 1063 882 808 1414 984 1153 798 0 880 1180 1088 1406 1300 495 147 1471 959 611 1211 1472 862 1473 1451 694 785 1065 125 722 1470 1455 1439 247 1262 927 1002 1472 1449 1443 1465 810 302 1454 1465 845 1479 113 489 1472 983 1471 498
805 493 718 796 89 756 1022 67 962 378 1098 257 729 299 468 1014 880 0 564 985 721 684 445 761 786 1175 828 1427 786 1079 788 766 911 1001 780 816 938 784 770 754 667 1159 497 386 787 764 758 780 259 787 769 780 1061 794 805 559 787 1200 785 586
1139 744 405 1096 605 443 1322 534 1296 629 1398 556 416 550 548 1314 1180 564 0 1319 408 191 744 1061 473 1475 1128 1727 473 1378 474 452 1211 1301 1114 1116 1238 471 457 441 967 1492 797 270 473 451 444 467 559 1087 456 467 1361 481 1105 859 474 1499 472 885
658 959 1184 806 943 1222 958 1016 82 844 1108 1022 1195 806 934 1024 1077 985 1319 0 1187 1351 908 958 1252 781 838 952 1253 1089 1254 1232 921 1011 633 1014 948 1251 1236 1220 864 446 691 1141 1253 1230 1224 1246 1025 984 1235 1246 1071 1260 1002 902 1253 1004 1252 911
1008 611 41 1322 680 80 1548 752 1165 496 1625 783 52 458 292 1540 1406 721 408 1187 0 315 971 1288 109 1696 1354 1867 110 1605 111 89 1437 1527 983 1343 1464 108 93 144 1194 1361 900 608 110 87 81 103 785 1313 159 103 1588 117 1331 1086 110 1726 109 1112
1171 774 312 1216 725 350 1442 654 1328 659 1518 677 323 621 455 1434 1300 684 191 1351 315 0 865 1181 380 1595 1248 1847 380 1499 381 359 1331 1421 1146 1237 1358 378 364 348 1087 1524 917 390 380 358 351 373 679 1207 363 374 1481 388 1225 980 381 1620 379 1006
921 743 968 411 486 1006 637 414 896 628 713 373 979 549 718 629 495 445 744 919 971 865 0 376 1036 790 443 1042 1036 693 1037 1015 525 616 896 431 553 1034 1020 1004 282 1093 550 567 1036 1014 1007 1030 375 402 1019 1030 676 1044 420 165 1037 814 1035 177
971 1059 1284 461 802 1323 687 731 946 944 763 689 1295 865 1034 679 147 761 1061 969 1288 1181 376 0 1352 840 493 1092 1353 743 1354 1332 575 666 946 216 603 1351 1336 1320 292 1143 808 883 1353 1330 1324 1346 691 183 1335 1346 726 1360 228 370 1353 864 1352 379
1073 675 106 1387 744 85 1613 817 1229 560 1689 848 117 522 356 1605 1471 786 473 1252 109 380 1036 1352 0 1760 1419 1931 43 1670 71 83 1502 1592 1048 1408 1529 59 79 208 1258 1426 965 672 71 87 111 73 850 1378 223 61 1652 63 1396 1151 58 1791 70 1177
1166 1467 1693 423 1216 1731 205 1145 758 1352 714 1103 1703 1279 1442 629 959 1175 1475 781 1696 1595 790 840 1760 0 443 280 1761 694 1762 1740 526 616 1142 895 553 1759 1745 1729 746 659 1035 1297 1761 1738 1732 1754 1105 866 1744 1755 677 1768 884 784 1761 252 1760 793
850 1126 1351 76 869 1389 290 797 826 1011 322 756 1362 932 1101 238 611 828 1128 849 1354 1248 443 493 1419 443 0 695 1419 303 1421 1399 135 191 825 548 162 1417 1403 1387 399 1022 688 950 1419 1397 1391 1413 758 518 1402 1413 285 1427 536 436 1420 468 1418 446
1337 1638 1864 675 1468 1902 457 1396 929 1523 966 1355 1874 1485 1613 881 1211 1427 1727 952 1867 1847 1042 1092 1931 280 695 0 1932 946 1933 1911 778 868 1313 1147 805 1930 1916 1900 998 830 1287 1549 1932 1909 1903 1925 1357 1118 1915 1926 928 1939 1136 1036 1932 504 1931 1045
1073 676 107 1388 745 62 1614 817 1230 561 1690 848 117 523 357 1605 1472 786 473 1253 110 380 1036 1353 43 1761 1419 1932 0 1670 49 61 1502 1593 1048 1408 1530 37 57 209 1259 1427 965 673 48 65 88 51 851 1379 224 39 1653 41 1397 1151 36 1791 48 1177
1101 1377 1602 327 1120 1640 541 1048 1077 1262 80 1007 1613 1183 1352 84 862 1079 1378 1100 1605 1499 693 743 1670 694 303 946 1670 0 1671 1649 186 310 1076 799 279 1668 1654 1638 650 1273 939 1201 1670 1648 1641 1664 1009 769 1653 1664 168 1678 787 687 1671 718 1669 697
1074 677 108 1389 746 91 1615 818 1231 562 1691 849 119 524 358 1607 1473 788 474 1254 111 381 1037 1354 71 1762 1421 1933 49 1671 0 90 1504 1594 1050 1409 1531 65 85 210 1260 1428 967 674 77 93 117 80 852 1380 225 67 1654 70 1398 1152 64 1792 76 1178
1052 655 86 1367 724 94 1593 796 1209 540 1669 827 97 502 336 1585 1451 766 452 1232 89 359 1015 1332 83 1740 1399 1911 61 1649 90 0 1481 1572 1027 1387 1509 77 97 188 1238 1406 945 652 89 101 95 92 830 1358 203 79 1632 82 1376 1130 77 1770 88 1156
933 1209 1434 159 952 1472 373 880 909 1094 206 839 1445 1015 1184 122 694 911 1211 932 1437 1331 525 575 1502 526 135 778 1502 186 1504 1481 0 181 908 631 114 1500 1486 1470 482 1105 771 1033 1502 1480 1473 1496 841 601 1485 1496 169 1510 619 519 1503 551 1501 529
1023 1299 1524 249 1042 1562 463 970 999 1184 329 929 1535 1105 1274 245 785 1001 1301 1022 1527 1421 616 666 1592 616 191 868 1593 310 1594 1572 181 0 999 721 87 1591 1576 1560 572 1196 861 1123 1593 1570 1564 1586 931 692 1575 1586 243 1600 710 610 1593 641 1592 619
345 755 980 977 739 1018 1203 811 610 640 1279 900 991 601 730 1195 1248 780 1114 633 983 1146 1003 1129 1048 1142 1009 1313 1048 1260 1050 1027 1092 1182 0 1185 1119 1046 1032 1016 1035 807 486 936 1048 1026 1020 1042 903 1155 1031 1042 1242 1056 1173 1073 1049 1365 1047 1083
1026 1114 1340 516 858 1378 742 786 1002 999 819 744 1350 921 1090 734 125 816 1116 1025 1343 1237 431 216 1408 895 548 1147 1408 799 1409 1387 631 721 1001 0 658 1406 1392 1376 180 1198 864 938 1408 1386 1379 1401 747 339 1391 1402 781 1416 46 425 1408 920 1407 435
960 1236 1461 186 979 1499 400 907 936 1121 299 866 1472 1042 1211 214 722 938 1238 959 1464 1358 553 603 1529 553 162 805 1530 279 1531 1509 114 87 936 658 0 1527 1513 1497 509 1133 798 1060 1530 1507 1501 1523 868 629 1512 1523 250 1537 647 547 1530 578 1529 556
1071 674 104 1385 743 78 1612 815 1228 559 1688 846 115 521 355 1603 1470 784 471 1251 108 378 1034 1351 59 1759 1417 1930 37 1668 65 77 1500 1591 1046 1406 1527 0 73 207 1257 1424 963 671 64 81 104 67 849 1377 222 55 1651 57 1394 1149 52 1789 64 1175
1057 660 90 1371 728 98 1597 801 1213 544 1674 832 101 506 340 1589 1455 770 457 1236 93 364 1020 1336 79 1745 1403 1916 57 1654 85 97 1486 1576 1032 1392 1513 73 0 192 1242 1410 949 656 85 101 100 87 834 1362 207 75 1636 77 1380 1135 72 1775 84 1161
1041 644 140 1355 713 179 1581 785 1197 529 1658 816 151 490 325 1573 1439 754 441 1220 144 348 1004 1320 208 1729 1387 1900 209 1638 210 188 1470 1560 1016 1376 1497 207 192 0 1226 1394 933 640 209 186 180 202 818 1346 72 202 1621 216 1364 1119 209 1759 208 1145
877 965 1190 367 708 1229 593 637 852 850 669 595 1201 771 940 585 247 667 967 875 1194 1087 282 292 1258 746 399 998 1259 650 1260 1238 482 572 852 180 509 1257 1242 1226 0 1049 714 789 1259 1236 1230 1252 597 318 1241 1252 632 1266 168 276 1259 770 1258 285
832 1133 1358 980 1117 1396 836 1189 424 1018 1282 1196 1369 980 1108 1197 1251 1159 1492 446 1361 1524 1082 1132 1426 659 1011 830 1427 1262 1428 1406 1094 1185 807 1187 1122 1424 1410 1394 1038 0 864 1314 1427 1404 1398 1420 1198 1158 1409 1420 1245 1434 1176 1076 1427 883 1426 1085
511 672 897 653 567 935 879 495 668 557 956 454 908 519 647 871 924 526 826 691 900 946 556 806 965 1032 685 1284 965 936 967 945 768 858 486 861 795 963 949 933 712 864 0 648 965 943 937 959 456 831 948 959 918 973 849 671 966 1057 964 697
961 566 604 918 427 643 1144 356 1118 451 1220 379 615 372 541 1136 1002 386 270 1141 608 390 567 883 672 1297 950 1549 673 1201 674 652 1033 1123 936 938 1060 671 656 640 789 1314 619 0 673 650 644 666 381 909 655 666 1183 680 927 681 673 1322 672 708
1073 676 107 1388 745 90 1614 817 1230 561 1690 848 118 523 357 1605 1472 787 473 1253 110 380 1036 1353 71 1761 1419 1932 48 1670 77 89 1502 1593 1048 1408 1530 64 85 209 1259 1427 965 673 0 93 116 79 851 1379 224 67 1653 69 1397 1151 64 1791 75 1177
1051 653 84 1365 722 92 1591 795 1207 538 1667 826 95 500 334 1583 1449 764 451 1230 87 358 1014 1330 87 1738 1397 1909 65 1648 93 101 1480 1570 1026 1386 1507 81 101 186 1236 1404 943 650 93 0 93 95 828 1356 201 83 1630 85 1374 1128 80 1769 92 1155
1044 647 78 1359 716 86 1585 788 1201 532 1661 819 89 494 328 1577 1443 758 444 1224 81 351 1007 1324 111 1732 1391 1903 88 1641 117 95 1473 1564 1020 1379 1501 104 100 180 1230 1398 937 644 116 93 0 109 822 1350 195 107 1624 109 1368 1122 104 1762 115 1148
1066 669 100 1381 738 93 1607 810 1223 554 1683 842 111 516 350 1599 1465 780 467 1246 103 373 1030 1346 73 1754 1413 1925 51 1664 80 92 1496 1586 1042 1401 1523 67 87 202 1252 1420 959 666 79 95 109 0 844 1372 217 69 1646 72 1390 1144 67 1785 78 1171
850 478 703 678 221 741 904 149 934 363 980 29 714 284 453 895 762 180 480 957 706 600 326 643 771 1057 709 1309 772 960 773 751 792 883 825 698 820 770 755 739 549 1130 379 302 772 749 743 765 0 669 754 765 943 779 687 441 772 1081 771 467
997 1085 1310 487 828 1348 713 756 972 970 789 715 1321 891 1060 704 302 787 1087 995 1313 1207 402 183 1378 866 518 1118 1379 769 1380 1358 601 692 972 339 629 1377 1362 1346 318 1169 834 909 1379 1356 1350 1372 717 0 1361 1372 752 1386 327 396 1379 890 1378 405
1056 659 155 1370 728 194 1596 800 1212 544 1673 831 166 505 340 1588 1454 769 456 1235 159 363 1019 1335 223 1744 1402 1915 224 1653 225 203 1485 1575 1031 1391 1512 222 207 72 1241 1409 948 655 224 201 195 217 833 1361 0 218 1636 231 1379 1134 224 1774 223 1160
1067 670 100 1381 739 81 1607 811 1223 554 1684 842 111 516 351 1599 1465 780 467 1246 103 374 1030 1346 61 1755 1413 1926 39 1664 67 79 1496 1586 1042 1402 1523 55 75 202 1252 1420 959 666 67 83 107 69 844 1372 218 0 1646 59 1390 1145 54 1785 66 1171
1084 1359 1584 309 1102 1623 523 1031 1059 1244 148 989 1595 1165 1334 151 845 1061 1361 1082 1588 1481 676 726 1652 677 285 928 1653 168 1654 1632 169 243 1059 781 250 1651 1636 1621 632 1256 921 1183 1653 1630 1624 1646 991 752 1636 1646 0 1660 770 670 1653 701 1652 679
1081 683 114 1395 752 83 1621 825 1237 568 1697 856 125 530 364 1613 1479 794 481 1260 117 388 1044 1360 63 1768 1427 1939 41 1678 70 82 1510 1600 1056 1416 1537 57 77 216 1266 1434 973 680 69 85 109 72 858 1386 231 59 1660 0 1404 1159 56 1799 68 1185
1015 1103 1328 505 846 1366 731 774 990 988 807 733 1339 909 1078 722 113 805 1105 1013 1331 1225 420 228 1396 884 536 1136 1397 787 1398 1376 619 710 990 46 647 1394 1380 1364 168 1187 852 927 1397 1374 1368 1390 735 327 1379 1390 770 1404 0 414 1397 908 1396 423
915 857 1083 405 601 1121 631 529 890 742 707 487 1093 663 833 622 489 559 859 913 1086 980 165 370 1151 784 436 1036 1151 687 1152 1130 519 610 890 425 547 1149 1135 1119 276 1087 664 681 1151 1128 1122 1144 490 396 1134 1145 670 1159 414 0 1151 808 1150 59
1073 676 107 1388 745 78 1614 818 1230 561 1690 849 118 523 357 1606 1472 787 474 1253 110 381 1037 1353 58 1761 1420 1932 36 1671 64 77 1503 1593 1049 1408 1530 52 72 209 1259 1427 966 673 64 80 104 67 851 1379 224 54 1653 56 1397 1151 0 1792 63 1178
1222 1498 1723 448 1241 1761 230 1169 982 1383 738 1128 1734 1304 1473 654 983 1200 1499 1004 1726 1620 814 864 1791 252 468 504 1791 718 1792 1770 551 641 1197 920 578 1789 1775 1759 770 883 1060 1322 1791 1769 1762 1785 1130 890 1774 1785 701 1799 908 808 1792 0 1790 818
1072 675 106 1387 744 89 1613 816 1229 560 1689 847 116 522 356 1604 1471 785 472 1252 109 379 1035 1352 70 1760 1418 1931 48 1669 76 88 1501 1592 1047 1407 1529 64 84 208 1258 1426 964 672 75 92 115 78 850 1378 223 66 1652 68 1396 1150 63 1790 0 1176
924 884 1109 414 627 1147 640 555 899 769 716 514 1120 690 859 631 508 586 885 922 1112 1006 177 389 1177 793 445 1045 1177 696 1178 1156 528 619 899 445 556 1175 1161 1145 295 1096 691 708 1177 1155 1148 1171 516 415 1160 1171 679 1185 433 59 1178 817 1176 0
EOF