NAME : tsp_problem
TYPE : TSP
DIMENSION : 48
EDGE_WEIGHT_TYPE : EXPLICIT
EDGE_WEIGHT_FORMAT : FULL_MATRIX
EDGE_WEIGHT_SECTION
0 728 1299 1088 1303 1512 66 1292 351 76 860 1216 1298 1285 466 385 617 1317 1228 1301 707 833 979 1032 1316 1334 967 1404 1293 1013 1101 470 943 1333 1301 1296 1284 1086 1299 1283 1259 1277 765 948 840 1419 337 1317
728 0 918 647 922 1131 776 911 971 786 479 835 916 903 1086 1004 376 936 847 920 1207 944 954 651 935 953 942 1023 912 572 1076 1090 561 952 920 915 903 645 918 902 878 896 1011 923 1185 1038 661 936
1299 918 0 830 207 582 1348 196 1542 1358 493 664 105 92 1657 1576 948 94 114 94 1729 1466 1289 665 71 76 1277 349 101 840 1598 1661 395 75 108 200 92 828 92 565 97 85 1534 1258 1707 490 1232 74
1020 570 751 0 754 606 1069 744 1263 1079 293 310 749 736 1378 1297 741 768 680 753 1036 773 596 484 768 786 584 649 745 148 905 1382 394 785 752 748 736 25 751 377 710 729 841 566 1014 513 953 769
1303 922 207 833 0 585 1351 70 1546 1361 496 668 205 192 1661 1579 951 224 136 209 1732 1469 1293 668 224 242 1280 352 201 844 1601 1664 398 241 208 74 192 831 207 568 166 185 1537 1262 1710 493 1236 225
1512 1117 582 685 585 0 1560 575 1754 1570 688 408 580 567 1870 1788 1160 600 511 584 1584 1321 1144 879 599 617 1131 369 576 695 1453 1873 732 616 584 579 567 682 582 308 541 560 1388 1113 1562 121 1445 600
66 776 1348 1136 1351 1560 0 1340 399 33 909 1265 1346 1333 515 433 665 1365 1276 1350 756 881 1027 1080 1364 1383 1015 1452 1341 1061 1149 518 991 1382 1349 1344 1332 1134 1347 1331 1307 1326 814 996 888 1468 385 1365
1292 911 196 823 70 575 1340 0 1535 1350 486 657 195 182 1650 1568 940 214 125 198 1722 1459 1282 657 213 231 1270 342 190 833 1591 1654 387 231 198 64 181 821 196 558 156 175 1526 1251 1700 483 1225 214
351 971 1542 1331 1546 1754 399 1535 0 409 1103 1459 1540 1527 351 54 860 1560 1471 1544 592 718 1203 1275 1559 1577 1190 1646 1536 1256 1048 355 1185 1576 1544 1539 1527 1329 1542 1526 1501 1520 650 1172 725 1662 580 1560
76 786 1358 1146 1361 1570 33 1350 409 0 919 1275 1356 1343 525 443 675 1375 1286 1360 766 891 1037 1090 1374 1393 1025 1462 1351 1071 1159 528 1001 1392 1359 1354 1342 1144 1357 1341 1317 1336 824 1006 898 1478 395 1375
860 479 493 372 496 688 909 486 1103 919 0 393 491 478 1219 1137 509 511 422 495 1271 1008 831 226 510 528 819 597 487 383 1140 1222 136 527 495 490 478 370 493 460 452 471 1076 801 1249 596 794 511
1216 822 664 389 668 408 1265 657 1459 1275 393 0 662 649 1575 1493 865 682 593 666 1288 1025 849 584 681 699 836 451 658 400 1157 1578 494 698 666 661 649 387 664 179 624 642 1093 818 1266 316 1149 682
1298 916 105 828 205 580 1346 195 1540 1356 491 662 0 91 1656 1574 946 98 112 97 1727 1464 1287 663 75 80 1275 347 99 839 1596 1659 393 79 107 198 90 826 96 563 95 84 1532 1257 1705 488 1231 78
1285 903 92 815 192 567 1333 182 1527 1343 478 649 91 0 1643 1561 933 89 99 88 1714 1451 1274 650 66 71 1262 334 86 826 1583 1646 380 70 94 185 77 813 87 550 82 70 1519 1244 1692 475 1218 69
466 1086 1657 1446 1661 1870 515 1650 351 525 1219 1575 1656 1643 0 385 975 1675 1586 1659 651 777 1262 1390 1674 1692 1249 1762 1651 1371 1107 83 1301 1692 1659 1654 1642 1444 1657 1641 1617 1636 709 1231 784 1778 695 1675
385 1004 1576 1365 1579 1788 433 1568 54 443 1137 1493 1574 1561 385 0 893 1593 1504 1578 625 751 1236 1308 1592 1611 1224 1680 1570 1289 1081 388 1219 1610 1577 1572 1560 1362 1575 1559 1535 1554 684 1205 758 1696 613 1593
617 376 948 819 951 1160 665 940 860 675 509 865 946 933 975 893 0 965 876 950 1216 992 1003 680 964 983 990 1052 941 744 1124 978 591 982 949 944 932 817 947 931 907 926 1060 972 1233 1068 550 965
1317 936 94 848 224 600 1365 214 1560 1375 511 682 98 89 1675 1593 965 0 131 78 1747 1483 1307 682 56 61 1294 366 92 858 1615 1679 412 60 93 218 84 845 77 582 114 103 1551 1276 1724 507 1250 59
1228 847 114 759 136 511 1276 125 1471 1286 422 593 112 99 1586 1504 876 131 0 116 1658 1395 1218 593 130 149 1205 278 107 769 1527 1590 323 148 115 129 98 756 113 494 73 92 1462 1187 1636 419 1161 131
1301 920 94 832 209 584 1350 198 1544 1360 495 666 97 88 1659 1578 950 78 116 0 1731 1468 1291 667 55 60 1279 351 92 842 1600 1663 397 59 92 202 83 830 76 567 99 87 1536 1260 1709 492 1234 58
707 1183 1729 1085 1732 1584 756 1722 592 766 1271 1288 1727 1714 651 625 1072 1747 1658 1731 0 292 776 1462 1746 1764 764 1627 1723 925 622 655 1372 1763 1730 1726 1714 1082 1729 1355 1688 1707 224 746 299 1491 936 1747
833 920 1466 822 1469 1321 881 1459 718 891 1008 1025 1464 1451 777 751 809 1483 1395 1468 292 0 513 1199 1483 1501 501 1364 1460 662 359 780 1109 1500 1467 1463 1451 819 1466 1092 1425 1444 96 482 269 1228 913 1484
990 930 1289 645 1293 1144 1038 1282 1203 1048 831 849 1287 1274 1262 1236 819 1307 1218 1291 776 513 0 1022 1306 1324 148 1188 1283 485 645 1265 933 1323 1291 1286 1274 643 1289 915 1249 1267 581 247 754 1052 923 1307
1032 651 665 563 668 879 1080 657 1275 1090 226 584 663 650 1390 1308 680 682 593 667 1462 1199 1022 0 681 700 1009 769 659 573 1331 1394 308 699 666 661 649 560 664 650 624 643 1266 991 1440 787 965 682
1316 935 71 847 224 599 1364 213 1559 1374 510 681 75 66 1674 1592 964 56 130 55 1746 1483 1306 681 0 38 1294 366 69 857 1615 1678 411 37 70 217 60 845 53 582 113 92 1550 1275 1724 507 1249 36
1334 953 76 865 242 617 1383 231 1577 1393 528 699 80 71 1692 1611 983 61 149 60 1764 1501 1324 700 38 0 1312 384 74 875 1633 1696 430 42 75 235 65 863 59 600 132 97 1569 1293 1742 525 1267 41
978 918 1277 632 1280 1131 1026 1270 1190 1036 819 836 1275 1262 1249 1224 807 1294 1205 1279 764 501 148 1009 1294 1312 0 1175 1271 472 633 1253 920 1311 1278 1273 1262 630 1276 903 1236 1255 568 222 742 1039 911 1294
1404 1023 349 728 352 369 1452 342 1646 1462 597 451 347 334 1762 1680 1052 366 278 351 1627 1364 1188 769 366 384 1175 0 343 739 1496 1765 499 383 350 346 334 726 349 352 308 327 1432 1157 1605 277 1337 366
1293 912 101 824 201 576 1341 190 1536 1351 487 658 99 86 1651 1570 941 92 107 92 1723 1460 1283 659 69 74 1271 343 0 834 1592 1655 388 73 102 194 86 822 90 559 91 79 1527 1252 1701 484 1226 72
1016 566 840 196 844 695 1064 833 1259 1074 383 400 839 826 1374 1292 737 858 769 842 925 662 485 573 857 875 472 739 834 0 794 1378 484 875 842 837 825 194 840 466 800 819 729 454 903 603 949 858
1112 1052 1598 954 1601 1453 1160 1591 1048 1170 1140 1157 1596 1583 1107 1081 941 1615 1527 1600 622 359 645 1331 1615 1633 633 1496 1592 794 0 1110 1241 1632 1599 1595 1583 951 1598 1224 1557 1576 426 614 599 1360 1045 1616
470 1090 1661 1450 1664 1873 518 1654 355 528 1222 1578 1659 1646 83 388 978 1679 1590 1663 655 780 1265 1394 1678 1696 1253 1765 1655 1375 1110 0 1304 1695 1662 1658 1646 1448 1661 1645 1620 1639 713 1234 787 1781 698 1679
943 561 395 473 398 732 991 387 1185 1001 136 494 393 380 1301 1219 591 412 323 397 1372 1109 933 308 411 430 920 499 388 484 1241 1304 0 429 396 391 379 471 394 561 354 373 1177 902 1350 640 876 412
1333 952 75 864 241 616 1382 231 1576 1392 527 698 79 70 1692 1610 982 60 148 59 1763 1500 1323 699 37 42 1311 383 73 875 1632 1695 429 0 74 234 65 862 58 599 131 97 1568 1293 1741 524 1267 40
1301 920 108 831 208 584 1349 198 1544 1359 495 666 107 94 1659 1577 949 93 115 92 1730 1467 1291 666 70 75 1278 350 102 842 1599 1662 396 74 0 202 93 829 90 566 98 87 1535 1260 1708 491 1234 73
1296 915 200 827 74 579 1344 64 1539 1354 490 661 198 185 1654 1572 944 218 129 202 1726 1463 1286 661 217 235 1273 346 194 837 1595 1658 391 234 202 0 185 824 200 562 160 178 1530 1255 1704 487 1229 218
1284 903 92 815 192 567 1332 181 1527 1342 478 649 90 77 1642 1560 932 84 98 83 1714 1451 1274 649 60 65 1262 334 86 825 1583 1646 379 65 93 185 0 813 81 550 81 70 1518 1243 1692 475 1217 64
1018 568 749 25 752 603 1066 742 1261 1076 291 308 747 734 1376 1294 739 766 677 751 1034 771 594 481 766 784 582 647 743 145 903 1380 392 783 750 745 733 0 748 375 708 727 838 563 1012 511 951 766
1299 918 92 830 207 582 1347 196 1542 1357 493 664 96 87 1657 1575 947 77 113 76 1729 1466 1289 664 53 59 1276 349 90 840 1598 1661 394 58 90 200 81 827 0 565 96 85 1533 1258 1707 490 1232 57
1283 889 565 456 568 308 1331 558 1526 1341 460 179 563 550 1641 1559 931 582 494 567 1355 1092 915 650 582 600 903 352 559 466 1224 1645 561 599 566 562 550 454 565 0 524 543 1159 884 1333 216 1216 582
1259 878 97 789 166 541 1307 156 1501 1317 452 624 95 82 1617 1535 907 114 73 99 1688 1425 1249 624 113 132 1236 308 91 800 1557 1620 354 131 98 160 81 787 96 524 0 75 1493 1218 1666 449 1192 114
1277 896 85 808 185 560 1326 175 1520 1336 471 642 84 70 1636 1554 926 103 92 87 1707 1444 1267 643 92 97 1255 327 79 819 1576 1639 373 97 87 178 70 806 85 543 75 0 1512 1237 1685 468 1211 96
765 987 1534 889 1537 1388 814 1526 650 824 1076 1093 1532 1519 709 684 876 1551 1462 1536 224 96 581 1266 1550 1569 568 1432 1527 729 426 713 1177 1568 1535 1530 1518 887 1533 1159 1493 1512 0 550 202 1296 980 1551
959 900 1258 614 1262 1113 1007 1251 1172 1017 801 818 1257 1244 1231 1205 789 1276 1187 1260 746 482 247 991 1275 1293 222 1157 1252 454 614 1234 902 1293 1260 1255 1243 612 1258 884 1218 1237 550 0 723 1021 892 1276
840 1161 1707 1063 1710 1562 888 1700 725 898 1249 1266 1705 1692 784 758 1050 1724 1636 1709 299 269 754 1440 1724 1742 742 1605 1701 903 599 787 1350 1741 1708 1704 1692 1060 1707 1333 1666 1685 202 723 0 1469 1069 1725
1419 1025 490 592 493 121 1468 483 1662 1478 596 316 488 475 1778 1696 1068 507 419 492 1491 1228 1052 787 507 525 1039 277 484 603 1360 1781 640 524 491 487 475 590 490 216 449 468 1296 1021 1469 0 1353 508
337 661 1232 1021 1236 1445 385 1225 580 395 794 1149 1231 1218 695 613 550 1250 1161 1234 936 902 912 965 1249 1267 900 1337 1226 946 1034 698 876 1267 1234 1229 1217 1019 1232 1216 1192 1211 969 881 1069 1353 0 1250
1317 936 74 848 225 600 1365 214 1560 1375 511 682 78 69 1675 1593 965 59 131 58 1747 1484 1307 682 36 41 1294 366 72 858 1616 1679 412 40 73 218 64 845 57 582 114 96 1551 1276 1725 508 1250 0
EOF