NAME : tsp_problem
TYPE : TSP
DIMENSION : 38
EDGE_WEIGHT_TYPE : EXPLICIT
EDGE_WEIGHT_FORMAT : FULL_MATRIX
EDGE_WEIGHT_SECTION
0 1706 676 1910 1516 1250 1204 1634 746 91 100 1349 1266 1250 1082 599 1850 581 973 117 69 1260 1778 1532 711 574 1414 1382 244 747 228 57 844 83 1510 848 1614 739
1706 0 1610 686 903 948 690 466 1493 1636 1643 1026 1262 1058 1223 1666 625 1892 1164 1691 1726 935 592 789 1531 1323 604 572 1499 1493 1705 1713 1035 1715 897 1039 447 1403
676 1610 0 1543 1062 796 1108 1538 196 607 613 895 812 796 629 167 1482 394 642 661 696 809 1324 1079 147 406 1318 1286 651 196 675 684 724 685 1056 728 1518 333
1910 686 1543 0 637 957 894 670 1426 1840 1847 760 995 792 957 1598 131 1825 1285 1895 1930 970 325 523 1464 1526 808 776 1703 1426 1909 1917 1239 1919 630 1243 650 1348
1516 903 1062 637 0 477 909 887 945 1446 1453 279 515 311 476 1118 576 1344 804 1501 1536 489 418 173 983 1058 1026 993 1309 945 1515 1523 870 1525 136 875 868 867
1202 1071 786 957 477 0 570 999 669 1132 1139 310 414 191 376 841 897 1068 465 1187 1222 29 739 493 707 782 779 747 995 669 1201 1209 531 1211 470 535 980 591
1204 690 1108 894 898 446 0 618 991 1135 1142 731 836 613 797 1164 834 1390 662 1189 1224 434 800 915 1029 821 398 366 998 992 1203 1212 533 1213 892 538 598 901
1634 466 1538 670 887 876 618 0 1421 1564 1571 1010 1246 1042 1208 1593 610 1820 1092 1619 1654 863 576 773 1459 1250 532 500 1427 1421 1633 1641 963 1643 881 967 273 1331
746 1493 196 1426 945 679 991 1421 0 677 683 778 695 679 512 251 1366 478 526 731 766 692 1207 962 97 289 1201 1169 539 20 745 754 608 755 939 611 1401 216
91 1636 607 1840 1446 1180 1135 1564 677 0 30 1279 1196 1180 1013 529 1780 511 903 76 111 1190 1708 1463 642 504 1344 1312 174 677 158 98 774 99 1440 779 1545 669
100 1643 613 1847 1453 1187 1142 1571 683 30 0 1286 1203 1187 1019 536 1787 518 910 85 120 1197 1715 1470 649 511 1351 1319 181 684 165 107 781 109 1447 785 1552 676
1349 1026 895 760 279 310 742 1010 778 1279 1286 0 348 144 310 951 699 1177 637 1334 1369 323 541 296 816 892 952 920 1142 779 1348 1357 703 1358 273 708 991 701
1266 1262 812 995 515 414 847 1246 695 1196 1203 348 0 249 227 868 935 1094 742 1251 1286 427 777 531 733 809 1056 1024 1059 696 1265 1274 808 1275 508 812 1226 618
1250 1058 796 792 311 191 624 1042 679 1180 1187 144 249 0 210 852 731 1078 519 1235 1270 204 573 328 717 792 833 801 1043 679 1249 1257 585 1259 305 589 1023 601
1082 1223 629 957 476 376 808 1208 512 1013 1019 310 227 210 0 684 897 911 616 1067 1102 389 739 493 550 625 1018 986 875 512 1081 1090 698 1091 470 701 1188 434
599 1666 167 1598 1118 852 1164 1593 251 529 536 951 868 852 684 0 1538 316 698 584 619 864 1380 1134 202 461 1374 1341 573 252 598 606 780 608 1111 783 1574 389
1850 625 1482 131 576 897 834 610 1366 1780 1787 699 935 731 897 1538 0 1765 1224 1834 1870 910 265 462 1403 1466 748 716 1643 1366 1848 1857 1178 1858 570 1183 590 1288
581 1892 394 1825 1344 1078 1390 1820 478 511 518 1177 1094 1078 911 316 1765 0 925 566 601 1091 1606 1361 429 688 1600 1568 555 478 580 589 1007 590 1338 1010 1800 615
973 1164 671 1282 801 462 662 1092 555 903 910 635 739 516 622 727 1222 954 0 958 993 475 1064 818 592 590 872 840 766 555 972 981 149 982 795 153 1073 477
117 1691 661 1895 1501 1235 1189 1619 731 76 85 1334 1251 1235 1067 584 1834 566 958 0 106 1245 1763 1517 696 559 1399 1367 229 732 213 95 829 121 1494 833 1599 724
69 1726 696 1930 1536 1270 1224 1654 766 111 120 1369 1286 1270 1102 619 1870 601 993 106 0 1280 1798 1552 732 594 1434 1402 264 767 248 34 864 60 1530 868 1634 759
1214 1084 798 970 489 29 582 1012 681 1145 1152 323 427 204 389 854 910 1080 477 1199 1235 0 752 506 719 795 792 760 1008 682 1213 1222 543 1223 483 548 992 604
1778 592 1324 325 418 739 800 576 1207 1708 1715 541 777 573 739 1380 265 1606 1066 1763 1798 752 0 304 1245 1321 714 682 1571 1208 1777 1786 1132 1787 412 1137 556 1130
1532 789 1079 523 173 493 926 773 962 1463 1470 296 531 328 493 1134 462 1361 821 1517 1552 506 304 0 1000 1075 912 879 1326 962 1531 1540 887 1541 166 891 754 884
711 1531 147 1464 983 717 1029 1459 97 642 649 816 733 717 550 202 1403 429 563 696 732 730 1245 1000 0 327 1239 1207 577 97 710 719 645 720 977 649 1439 254
574 1323 406 1526 1058 792 821 1250 289 504 511 892 809 792 625 461 1466 688 590 559 594 805 1321 1075 327 0 1031 998 367 289 573 581 460 583 1052 465 1231 282
1414 604 1318 808 1026 656 398 532 1201 1344 1351 941 1045 822 1007 1374 748 1600 872 1399 1434 644 714 912 1239 1031 0 77 1207 1202 1413 1422 743 1423 1019 748 513 1111
1382 572 1286 776 993 624 366 500 1169 1312 1319 909 1013 790 975 1341 716 1568 840 1367 1402 611 682 879 1207 998 77 0 1175 1169 1381 1389 711 1391 987 715 481 1079
244 1499 651 1703 1309 1043 998 1427 539 174 181 1142 1059 1043 875 573 1643 555 766 229 264 1053 1571 1326 577 367 1207 1175 0 540 243 252 637 253 1303 642 1408 532
747 1493 196 1426 945 679 992 1421 20 677 684 779 696 679 512 252 1366 478 526 732 767 692 1208 962 97 289 1202 1169 540 0 745 754 608 756 939 611 1402 217
228 1705 675 1909 1515 1249 1203 1633 745 158 165 1348 1265 1249 1081 598 1848 580 972 213 248 1259 1777 1531 710 573 1413 1381 243 745 0 235 843 237 1508 847 1613 738
57 1713 684 1917 1523 1257 1212 1641 754 98 107 1357 1274 1257 1090 606 1857 589 981 95 34 1268 1786 1540 719 581 1422 1389 252 754 235 0 851 48 1517 856 1622 746
844 1035 748 1239 883 544 533 963 631 774 781 717 821 598 704 803 1178 1030 149 829 864 557 1145 900 669 460 743 711 637 631 843 851 0 853 877 73 943 541
83 1715 685 1919 1525 1259 1213 1643 755 99 109 1358 1275 1259 1091 608 1858 590 982 121 60 1269 1787 1541 720 583 1423 1391 253 756 237 48 853 0 1518 857 1623 748
1510 897 1056 630 136 470 903 881 939 1440 1447 273 508 305 470 1111 570 1338 798 1494 1530 483 412 166 977 1052 1019 987 1303 939 1508 1517 864 1518 0 868 861 861
848 1039 752 1243 887 547 538 967 635 779 785 720 824 601 707 808 1183 1034 153 833 868 560 1149 903 673 465 748 715 642 636 847 856 73 857 880 0 948 545
1614 447 1518 650 868 857 598 273 1401 1545 1552 991 1226 1023 1188 1574 590 1800 1073 1599 1634 844 556 754 1439 1231 513 481 1408 1402 1613 1622 943 1623 861 948 0 1311
739 1403 333 1348 867 601 901 1331 216 669 676 701 618 601 434 389 1288 615 448 724 759 614 1130 884 254 282 1111 1079 532 217 738 746 530 748 861 533 1311 0
EOF