NAME : tsp_problem
TYPE : TSP
DIMENSION : 72
EDGE_WEIGHT_TYPE : EXPLICIT
EDGE_WEIGHT_FORMAT : FULL_MATRIX
EDGE_WEIGHT_SECTION
0 1404 1324 1317 972 1403 1068 1426 1012 1411 201 1562 1435 910 711 1409 809 1029 711 1397 725 1079 541 1421 1415 1434 1435 709 115 925 195 1403 1427 1440 1193 1405 1166 1406 1406 986 1404 1065 1147 1148 1532 772 1429 1437 756 1415 1216 138 815 482 568 1149 633 503 924 1599 814 1410 113 1131 1134 1431 1402 1427 1051 1166 833 990
1404 0 651 644 1161 80 1258 74 1626 195 1374 387 53 980 1184 95 1879 1405 921 84 1757 1162 1611 83 69 52 62 919 1353 1671 1367 82 65 54 1570 89 762 77 568 1599 565 579 1337 744 482 1842 76 57 1788 199 1592 1287 1025 1552 1639 663 1703 1573 1300 548 1024 90 1372 1507 648 57 185 75 1220 1543 1229 1366
1324 651 0 25 724 650 820 673 1188 658 1294 361 682 749 747 656 1528 968 842 644 1320 724 1424 668 662 681 682 839 1273 1233 1288 650 674 687 1132 652 333 653 185 1162 182 288 899 406 310 1491 676 684 1351 662 1155 1208 945 1472 1559 331 1623 1461 863 377 944 657 1292 1070 397 678 649 674 782 1105 791 929
1317 644 25 0 717 644 813 666 1181 651 1287 355 676 742 740 649 1521 961 835 638 1313 717 1417 661 655 674 676 832 1267 1226 1281 643 668 680 1125 645 326 647 178 1155 175 281 892 399 304 1484 669 678 1344 655 1148 1201 938 1465 1552 324 1616 1454 856 370 938 650 1285 1063 390 671 642 667 775 1098 784 922
983 1161 724 717 0 1161 119 1184 561 1169 953 983 1193 769 286 1167 902 341 682 1155 693 204 797 1179 1173 1192 1193 679 932 606 947 1161 1185 1198 506 1162 538 1164 806 535 804 612 198 611 932 865 1186 1195 724 1173 528 867 785 1101 1131 655 1196 835 236 999 785 1168 951 443 721 1189 1159 1185 176 479 165 302
1403 80 650 644 1161 0 1258 76 1625 194 1373 386 55 980 1184 96 1879 1405 921 84 1757 1161 1611 85 71 54 65 918 1353 1670 1367 85 67 56 1569 91 762 80 567 1599 565 578 1336 744 481 1842 78 59 1788 198 1592 1287 1024 1552 1638 662 1703 1573 1300 548 1024 92 1372 1507 648 59 185 77 1219 1542 1229 1366
1079 1258 820 813 119 1258 0 1280 658 1265 1049 1080 1290 865 383 1263 998 438 778 1252 790 301 894 1275 1269 1288 1290 775 1029 703 1043 1257 1282 1294 602 1259 635 1261 903 632 900 709 194 708 1029 961 1283 1292 821 1269 625 963 882 1197 1228 751 1292 931 333 1095 881 1264 1048 540 817 1285 1256 1281 273 575 261 399
1426 74 673 666 1184 76 1280 0 1648 217 1396 409 48 1003 1207 90 1902 1428 944 82 1780 1184 1633 78 64 47 58 941 1376 1693 1390 78 60 49 1592 84 785 73 590 1622 587 601 1359 767 504 1865 71 52 1811 221 1615 1310 1047 1574 1661 685 1725 1596 1323 571 1047 85 1395 1530 671 53 208 70 1242 1565 1251 1389
1012 1626 1188 1181 561 1625 658 1648 0 1633 982 1447 1657 1046 563 1631 603 354 959 1619 395 669 499 1643 1637 1656 1657 956 962 308 976 1625 1649 1662 506 1627 1003 1628 1271 61 1268 1076 737 1076 1396 566 1651 1659 425 1637 529 896 1062 802 833 1119 897 536 382 1463 1062 1632 981 444 1185 1653 1624 1649 640 479 442 442
1411 195 658 651 1169 194 1265 217 1633 0 1381 394 226 988 1192 200 1887 1413 929 188 1765 1169 1618 212 206 225 226 926 1361 1678 1375 194 218 231 1577 196 770 197 575 1607 572 586 1344 752 489 1850 220 228 1796 77 1600 1295 1032 1559 1646 670 1711 1581 1308 556 1032 201 1380 1515 656 222 63 218 1227 1550 1236 1374
201 1374 1294 1287 942 1373 1038 1396 982 1381 0 1532 1405 880 681 1379 779 999 681 1367 695 1049 511 1391 1385 1404 1405 679 151 895 85 1373 1397 1410 1163 1375 1136 1376 1376 956 1374 1035 1117 1118 1502 742 1399 1407 726 1385 1186 108 785 452 538 1119 603 473 894 1569 784 1380 170 1101 1104 1401 1372 1397 1021 1136 803 960
1562 387 361 355 983 386 1080 409 1447 394 1532 0 418 1008 1006 392 1787 1227 1080 380 1579 983 1683 404 398 417 418 1077 1512 1492 1526 386 410 423 1391 388 592 389 278 1421 276 548 1158 665 192 1750 412 420 1610 398 1414 1446 1183 1711 1797 590 1862 1720 1122 259 1183 393 1531 1329 656 414 385 410 1041 1364 1050 1188
1435 53 682 676 1193 55 1290 48 1657 226 1405 418 0 1012 1216 69 1911 1437 953 61 1789 1193 1643 57 43 26 37 950 1385 1702 1399 57 39 28 1602 64 794 52 599 1631 597 610 1368 776 513 1874 50 31 1820 230 1624 1319 1056 1584 1670 694 1735 1605 1332 580 1056 65 1404 1539 680 32 217 49 1251 1574 1261 1398
910 980 778 771 766 980 863 1003 1043 988 880 1037 1012 0 529 986 1383 823 428 974 1175 833 1118 997 992 1011 1012 425 860 1088 874 979 1004 1017 987 981 593 983 860 1017 858 641 942 665 986 1346 1005 1014 1206 992 1010 794 532 1059 1146 709 1210 1080 718 1053 531 986 879 925 711 1007 978 1004 845 960 627 784
745 1136 737 730 286 1136 383 1159 563 1144 715 996 1168 531 0 1142 903 343 444 1130 695 393 799 1154 1148 1167 1168 441 695 608 709 1136 1160 1173 507 1137 551 1139 819 537 817 625 461 624 945 866 1161 1170 726 1148 530 629 548 894 981 667 1045 836 238 1011 547 1143 714 445 734 1164 1135 1160 365 480 147 304
1409 95 656 649 1167 96 1263 90 1631 200 1379 392 69 986 1190 0 1885 1411 927 90 1763 1167 1616 99 85 68 79 924 1359 1676 1373 95 81 70 1575 97 768 94 573 1605 570 584 1342 750 487 1848 92 73 1794 204 1598 1293 1030 1557 1644 668 1708 1579 1306 554 1030 102 1378 1513 654 73 191 91 1225 1548 1234 1372
809 1879 1528 1521 902 1879 998 1902 603 1887 779 1787 1911 1386 903 1885 0 694 1187 1873 316 1009 295 1897 1891 1910 1911 1184 758 515 773 1878 1903 1916 847 1880 1343 1882 1611 577 1608 1416 1077 1416 1736 63 1904 1913 347 1891 869 693 1290 599 629 1459 694 333 722 1803 1290 1885 777 784 1525 1906 1877 1903 980 819 782 782
1040 1405 968 961 341 1405 438 1428 354 1413 1010 1227 1437 826 343 1411 694 0 739 1399 486 449 590 1423 1417 1436 1437 736 989 399 1004 1405 1429 1442 298 1406 783 1408 1051 328 1048 856 517 856 1176 657 1430 1439 517 1417 321 924 842 893 924 899 988 627 155 1243 842 1412 1008 236 965 1433 1404 1429 420 271 222 106
711 921 842 835 865 921 962 944 1142 929 681 1080 953 428 604 927 1187 922 0 915 1103 972 919 939 933 952 953 118 661 1187 675 921 945 958 1086 922 684 924 924 1116 921 583 1040 666 1050 1150 946 955 1134 933 1109 595 147 860 947 667 1011 881 817 1116 223 928 680 1024 652 949 920 945 944 1059 726 883
1397 84 644 638 1155 84 1252 82 1619 188 1367 380 61 974 1178 90 1873 1399 915 0 1751 1155 1605 91 77 60 71 912 1347 1664 1361 84 73 62 1563 85 756 85 561 1593 559 572 1330 738 475 1836 84 65 1782 192 1586 1281 1018 1546 1632 656 1697 1567 1294 542 1018 91 1366 1501 642 65 179 83 1213 1536 1222 1360
725 1757 1320 1313 693 1757 790 1780 395 1765 695 1579 1789 1177 695 1763 316 486 1090 1751 0 800 211 1775 1769 1788 1789 1088 674 307 689 1757 1781 1794 638 1758 1134 1760 1402 368 1400 1208 868 1207 1528 279 1782 1791 138 1769 661 608 1194 515 545 1250 610 249 513 1594 1193 1763 693 576 1317 1784 1755 1781 772 611 573 574
1090 1162 724 717 214 1161 311 1184 668 1169 1060 983 1193 827 393 1167 1008 448 788 1155 800 0 904 1179 1173 1192 1193 786 1039 713 1053 1161 1185 1198 612 1163 539 1164 807 642 804 612 390 612 932 971 1187 1195 831 1173 635 973 892 1208 1238 655 1302 941 343 999 891 1168 1058 550 721 1189 1160 1185 107 585 271 409
541 1611 1424 1417 797 1611 894 1633 499 1618 511 1683 1643 1118 799 1616 295 590 919 1605 211 904 0 1628 1622 1641 1643 916 490 411 504 1610 1635 1647 742 1612 1239 1614 1506 472 1504 1272 973 1311 1632 258 1636 1645 242 1622 765 424 1022 331 361 1355 426 67 618 1699 1022 1617 509 680 1342 1638 1609 1634 876 715 678 678
1421 83 668 661 1179 85 1275 78 1643 212 1391 404 57 997 1202 99 1897 1423 939 91 1775 1179 1628 0 73 57 67 936 1371 1688 1385 87 69 59 1587 94 780 82 585 1617 582 596 1354 762 499 1860 80 61 1806 216 1610 1305 1042 1569 1656 680 1720 1591 1318 566 1042 95 1390 1525 666 62 203 79 1237 1560 1246 1384
1415 69 662 655 1173 71 1269 64 1637 206 1385 398 43 992 1196 85 1891 1417 933 77 1769 1173 1622 73 0 42 53 930 1365 1682 1379 73 55 44 1581 79 774 68 579 1611 576 590 1348 756 493 1854 66 47 1800 210 1604 1299 1036 1563 1650 674 1715 1585 1312 560 1036 80 1384 1519 660 48 197 65 1231 1554 1240 1378
1434 52 681 674 1192 54 1288 47 1656 225 1404 417 26 1011 1215 68 1910 1436 952 60 1788 1192 1641 57 42 0 36 949 1384 1701 1398 56 38 27 1600 63 793 51 598 1630 595 609 1367 775 512 1873 49 30 1819 229 1623 1318 1055 1582 1669 693 1734 1604 1331 579 1055 64 1403 1538 679 31 216 48 1250 1573 1259 1397
1435 62 682 676 1193 65 1290 58 1657 226 1405 418 37 1012 1216 79 1911 1437 953 71 1789 1193 1643 67 53 36 0 950 1385 1702 1399 67 49 38 1601 73 794 62 599 1631 597 610 1368 776 513 1874 60 41 1820 230 1624 1319 1056 1584 1670 694 1735 1605 1332 580 1056 74 1404 1539 680 41 217 59 1251 1574 1260 1398
709 919 839 832 862 918 959 941 1139 926 679 1077 950 425 601 924 1184 919 118 912 1100 969 916 936 930 949 950 0 658 1184 672 918 942 955 1083 920 681 921 921 1113 919 580 1038 663 1047 1147 943 952 1131 930 1106 592 221 857 944 664 1008 878 814 1114 144 925 677 1021 649 946 917 942 941 1056 723 880
115 1353 1273 1267 921 1353 1018 1376 962 1361 151 1512 1385 860 661 1359 758 979 661 1347 674 1029 490 1371 1365 1384 1385 658 0 874 145 1353 1377 1390 1143 1354 1116 1356 1356 935 1353 1014 1097 1098 1482 722 1378 1387 705 1365 1165 88 764 431 518 1098 582 453 873 1548 764 1360 83 1080 1084 1380 1351 1377 1000 1116 782 939
925 1671 1233 1226 606 1670 703 1693 308 1678 895 1492 1702 1091 608 1676 515 399 1004 1664 307 714 411 1688 1682 1701 1702 1001 874 0 888 1670 1694 1707 551 1672 1048 1673 1316 282 1313 1121 782 1121 1441 479 1696 1704 338 1682 574 808 1107 715 745 1164 809 449 427 1508 1107 1677 893 489 1230 1698 1669 1694 685 524 487 487
195 1367 1288 1281 936 1367 1032 1390 976 1375 85 1526 1399 874 675 1373 773 993 675 1361 689 1043 504 1385 1379 1398 1399 672 145 888 0 1367 1391 1404 1157 1368 1130 1370 1370 950 1368 1029 1111 1112 1496 736 1392 1401 720 1379 1180 102 779 445 532 1113 597 467 888 1562 778 1374 164 1095 1098 1395 1366 1391 1015 1130 797 954
1403 82 650 643 1161 85 1257 78 1625 194 1373 386 57 979 1184 95 1878 1405 921 84 1757 1161 1610 87 73 56 67 918 1353 1670 1367 0 69 58 1569 91 762 82 567 1599 564 578 1336 744 481 1842 80 61 1788 198 1592 1287 1024 1551 1638 662 1702 1573 1300 548 1024 94 1371 1507 648 61 185 79 1219 1542 1228 1366
1427 65 674 668 1185 67 1282 60 1649 218 1397 410 39 1004 1208 81 1903 1429 945 73 1781 1185 1635 69 55 38 49 942 1377 1694 1391 69 0 40 1593 75 786 64 591 1623 589 602 1360 768 505 1866 62 43 1812 222 1616 1311 1048 1576 1662 686 1727 1597 1324 572 1048 76 1396 1531 672 43 209 61 1243 1566 1253 1390
1440 54 687 680 1198 56 1294 49 1662 231 1410 423 28 1017 1221 70 1916 1442 958 62 1794 1198 1647 59 44 27 38 955 1390 1707 1404 58 40 0 1606 65 799 53 604 1636 601 615 1373 781 518 1879 51 32 1825 235 1629 1324 1061 1588 1675 699 1740 1610 1337 585 1061 66 1409 1544 685 33 222 50 1256 1579 1265 1403
1204 1570 1132 1125 506 1569 602 1592 506 1577 1174 1391 1602 990 507 1575 847 298 903 1563 638 613 742 1587 1581 1600 1601 900 1154 551 1168 1569 1593 1606 0 1571 947 1572 1215 480 1212 1021 681 1020 1340 810 1595 1604 669 1581 221 1088 1006 1046 1076 1063 1141 780 326 1407 1006 1576 1173 83 1129 1597 1568 1593 584 217 386 386
1405 89 652 645 1162 91 1259 84 1627 196 1375 388 64 981 1185 97 1880 1406 922 85 1758 1163 1612 94 79 63 73 920 1354 1672 1368 91 75 65 1571 0 763 88 569 1600 566 580 1338 746 483 1843 86 67 1789 200 1593 1288 1026 1553 1640 664 1704 1574 1301 549 1025 98 1373 1508 649 68 186 85 1221 1544 1230 1367
1166 762 333 326 538 762 635 785 1003 770 1136 592 794 564 562 768 1343 783 684 756 1134 539 1239 780 774 793 794 681 1116 1048 1130 762 786 799 947 763 0 765 416 976 413 221 714 111 541 1306 787 796 1165 774 970 1050 787 1314 1401 264 1465 1276 678 608 787 769 1134 885 330 790 761 786 597 920 606 744
1406 77 653 647 1164 80 1261 73 1628 197 1376 389 52 983 1187 94 1882 1408 924 85 1760 1164 1614 82 68 51 62 921 1356 1673 1370 82 64 53 1572 88 765 0 570 1602 568 581 1339 747 484 1845 75 56 1791 201 1595 1290 1027 1555 1641 665 1706 1576 1303 551 1027 89 1375 1510 651 56 188 74 1222 1545 1232 1369
1406 568 185 178 806 567 903 590 1271 575 1376 278 599 831 830 573 1611 1051 924 561 1402 807 1506 585 579 598 599 921 1356 1316 1370 567 591 604 1215 569 416 570 0 1244 53 371 982 489 227 1574 593 601 1433 579 1237 1290 1028 1555 1641 413 1706 1544 945 294 1027 574 1375 1152 480 595 566 591 865 1188 874 1012
986 1599 1162 1155 535 1599 632 1622 61 1607 956 1421 1631 1019 537 1605 577 328 932 1593 368 642 472 1617 1611 1630 1631 930 935 282 950 1599 1623 1636 480 1600 976 1602 1244 0 1242 1050 711 1049 1370 540 1624 1633 399 1611 503 870 1036 776 806 1092 871 510 355 1436 1035 1605 954 418 1159 1626 1597 1623 614 453 415 416
1404 565 182 175 804 565 900 587 1268 572 1374 276 597 829 827 570 1608 1048 921 559 1400 804 1504 582 576 595 597 919 1353 1313 1368 564 589 601 1212 566 413 568 53 1242 0 368 979 486 225 1571 590 599 1430 576 1235 1287 1025 1552 1639 411 1703 1541 943 291 1024 571 1372 1150 477 592 563 588 862 1185 871 1009
1065 579 288 281 612 578 709 601 1076 586 1035 548 610 637 635 584 1416 856 583 572 1208 612 1272 596 590 609 610 580 1014 1121 1029 578 602 615 1021 580 221 581 371 1050 368 0 787 294 497 1380 604 612 1239 590 1043 949 686 1213 1300 113 1364 1234 751 563 686 585 1033 958 145 606 577 602 670 993 680 817
1158 1337 899 892 198 1336 194 1359 737 1344 1128 1158 1368 944 461 1342 1077 517 857 1330 868 380 973 1354 1348 1367 1368 854 1108 782 1122 1336 1360 1373 681 1338 714 1339 982 711 979 787 0 787 1107 1040 1362 1370 899 1348 704 1042 960 1276 1307 830 1371 1010 412 1174 960 1343 1127 619 896 1364 1335 1360 351 654 340 478
1148 744 406 399 611 744 708 767 1076 752 1118 665 776 636 635 750 1416 856 666 738 1207 612 1311 762 756 775 776 663 1098 1121 1112 744 768 781 1020 746 111 747 489 1049 486 294 787 0 614 1379 769 778 1238 756 1042 1032 769 1296 1383 337 1447 1318 750 681 769 751 1117 957 372 772 743 768 670 993 679 817
1532 482 310 304 932 481 1029 504 1396 489 1502 192 513 957 955 487 1736 1176 1050 475 1528 932 1632 499 493 512 513 1047 1482 1441 1496 481 505 518 1340 483 541 484 227 1370 225 497 1107 614 0 1699 507 515 1559 493 1363 1416 1153 1680 1767 539 1831 1670 1071 181 1153 488 1501 1278 605 509 480 505 990 1313 1000 1137
772 1842 1491 1484 865 1842 961 1865 566 1850 742 1750 1874 1349 866 1848 63 657 1150 1836 279 972 258 1860 1854 1873 1874 1147 722 479 736 1842 1866 1879 810 1843 1306 1845 1574 540 1571 1380 1040 1379 1699 0 1867 1876 310 1854 832 656 1253 562 593 1422 657 296 685 1766 1253 1848 740 747 1488 1869 1840 1866 943 782 745 745
1429 76 676 669 1186 78 1283 71 1651 220 1399 412 50 1005 1209 92 1904 1430 946 84 1782 1187 1636 80 66 49 60 943 1378 1696 1392 80 62 51 1595 86 787 75 593 1624 590 604 1362 769 507 1867 0 54 1813 224 1617 1312 1050 1577 1664 688 1728 1598 1325 573 1049 87 1397 1532 673 54 210 72 1245 1568 1254 1391
1437 57 684 678 1195 59 1292 52 1659 228 1407 420 31 1014 1218 73 1913 1439 955 65 1791 1195 1645 61 47 30 41 952 1387 1704 1401 61 43 32 1604 67 796 56 601 1633 599 612 1370 778 515 1876 54 0 1822 232 1626 1321 1058 1586 1672 696 1737 1607 1334 582 1058 68 1406 1541 682 35 219 53 1253 1576 1263 1400
756 1788 1351 1344 724 1788 821 1811 425 1796 726 1610 1820 1208 726 1794 347 517 1121 1782 138 831 242 1806 1800 1819 1820 1118 705 338 720 1788 1812 1825 669 1789 1165 1791 1433 399 1430 1239 899 1238 1559 310 1813 1822 0 1800 692 639 1225 546 576 1281 641 280 544 1625 1224 1794 724 607 1348 1815 1786 1812 803 642 604 605
1415 199 662 655 1173 198 1269 221 1637 77 1385 398 230 992 1196 204 1891 1417 933 192 1769 1173 1622 216 210 229 230 930 1365 1682 1379 198 222 235 1581 200 774 201 579 1611 576 590 1348 756 493 1854 224 232 1800 0 1604 1299 1036 1563 1650 674 1715 1585 1312 560 1036 205 1384 1519 660 226 66 222 1231 1554 1240 1378
1227 1592 1155 1148 528 1592 625 1615 529 1600 1197 1414 1624 1013 530 1598 869 321 926 1586 661 635 765 1610 1604 1623 1624 923 1176 574 1191 1592 1616 1629 221 1593 970 1595 1237 503 1235 1043 704 1042 1363 832 1617 1626 692 1604 0 1111 1029 1068 1099 1086 1163 802 349 1430 1029 1599 1195 192 1152 1620 1591 1616 607 116 409 409
138 1287 1208 1201 856 1287 952 1310 896 1295 108 1446 1319 794 595 1293 693 913 595 1281 608 963 424 1305 1299 1318 1319 592 88 808 102 1287 1311 1324 1077 1288 1050 1290 1290 870 1287 949 1031 1032 1416 656 1312 1321 639 1299 1100 0 699 365 452 1033 517 387 808 1482 698 1294 107 1014 1018 1315 1286 1311 934 1050 717 874
815 1025 945 938 968 1024 1065 1047 1245 1032 785 1183 1056 532 708 1030 1290 1025 147 1018 1206 1076 1022 1042 1036 1055 1056 221 764 1290 779 1024 1048 1061 1190 1026 787 1027 1028 1219 1025 686 1144 769 1153 1253 1050 1058 1237 1036 1212 699 0 963 1050 770 1114 984 920 1220 327 1031 783 1127 756 1052 1023 1048 1047 1162 829 986
482 1552 1472 1465 1101 1552 1197 1574 802 1559 452 1711 1584 1059 859 1557 599 893 860 1546 515 1208 331 1569 1563 1582 1584 857 431 715 445 1551 1576 1588 1046 1553 1314 1555 1555 776 1552 1213 1276 1296 1680 562 1577 1586 546 1563 1068 365 963 0 359 1297 423 293 921 1747 963 1558 450 983 1283 1579 1550 1575 1180 1019 981 981
568 1639 1559 1552 1131 1638 1228 1661 833 1646 538 1797 1670 1146 946 1644 629 924 947 1632 545 1239 361 1656 1650 1669 1670 944 518 745 532 1638 1662 1675 1076 1640 1401 1641 1641 806 1639 1300 1307 1383 1767 593 1664 1672 576 1650 1099 452 1050 359 0 1384 301 324 952 1834 1049 1645 537 1014 1369 1666 1637 1662 1210 1049 1012 1012
1149 663 331 324 655 662 751 685 1119 670 1119 590 694 680 678 668 1459 899 667 656 1250 655 1355 680 674 693 694 664 1098 1164 1113 662 686 699 1063 664 264 665 413 1092 411 113 830 337 539 1422 688 696 1281 674 1086 1033 770 1297 1384 0 1448 1319 794 606 770 669 1117 1001 222 690 661 686 713 1036 722 860
633 1703 1623 1616 1196 1703 1292 1725 897 1711 603 1862 1735 1210 1010 1708 694 988 1011 1697 610 1303 426 1720 1715 1734 1735 1008 582 809 597 1702 1727 1740 1141 1704 1465 1706 1706 871 1703 1364 1371 1447 1831 657 1728 1737 641 1715 1163 517 1114 423 301 1448 0 388 1016 1898 1114 1709 601 1078 1434 1730 1701 1727 1274 1113 1076 1076
503 1573 1461 1454 835 1573 931 1596 536 1581 473 1720 1605 1080 836 1579 333 627 881 1567 249 942 67 1591 1585 1604 1605 878 453 449 467 1573 1597 1610 780 1574 1276 1576 1544 510 1541 1234 1010 1318 1670 296 1598 1607 280 1585 802 387 984 293 324 1319 388 0 655 1736 984 1580 472 717 1304 1601 1572 1597 914 752 715 715
935 1300 863 856 236 1300 333 1323 382 1308 905 1122 1332 721 238 1306 722 155 634 1294 513 343 618 1318 1312 1331 1332 631 884 427 899 1300 1324 1337 326 1301 678 1303 945 355 943 751 412 750 1071 685 1325 1334 544 1312 349 819 737 921 952 794 1016 655 0 1138 737 1307 903 264 860 1328 1299 1324 315 299 117 92
1599 548 377 370 999 548 1095 571 1463 556 1569 259 580 1024 1022 554 1803 1243 1116 542 1594 999 1699 566 560 579 580 1114 1548 1508 1562 548 572 585 1407 549 608 551 294 1436 291 563 1174 681 181 1766 573 582 1625 560 1430 1482 1220 1747 1834 606 1898 1736 1138 0 1219 554 1567 1345 672 575 546 572 1057 1380 1066 1204
814 1024 944 938 968 1024 1065 1047 1245 1032 784 1183 1056 531 707 1030 1290 1025 223 1018 1206 1075 1022 1042 1036 1055 1056 144 764 1290 778 1024 1048 1061 1189 1025 787 1027 1027 1219 1024 686 1143 769 1153 1253 1049 1058 1237 1036 1212 698 327 963 1049 770 1114 984 920 1219 0 1031 783 1127 755 1052 1023 1048 1047 1162 829 986
1410 90 657 650 1168 92 1264 85 1632 201 1380 393 65 986 1191 102 1885 1412 928 91 1763 1168 1617 95 80 64 74 925 1360 1677 1374 94 76 66 1576 98 769 89 574 1605 571 585 1343 751 488 1848 87 68 1794 205 1599 1294 1031 1558 1645 669 1709 1580 1307 554 1031 0 1378 1514 654 69 192 86 1226 1549 1235 1373
113 1372 1292 1285 940 1372 1037 1395 981 1380 170 1531 1404 879 680 1378 777 997 680 1366 693 1048 509 1390 1384 1403 1404 677 83 893 164 1371 1396 1409 1162 1373 1134 1375 1375 954 1372 1033 1116 1117 1501 740 1397 1406 724 1384 1184 107 783 450 537 1117 601 472 892 1567 783 1378 0 1099 1103 1399 1370 1396 1019 1134 801 958
1142 1507 1070 1063 443 1507 540 1530 444 1515 1112 1329 1539 928 445 1513 784 236 841 1501 576 550 680 1525 1519 1538 1539 838 1091 489 1106 1507 1531 1544 83 1508 885 1510 1152 418 1150 958 619 957 1278 747 1532 1541 607 1519 192 1025 944 983 1014 1001 1078 717 264 1345 943 1514 1110 0 1067 1535 1506 1531 522 186 324 324
1134 648 397 390 721 648 817 671 1185 656 1104 656 680 711 744 654 1525 965 652 642 1317 721 1342 666 660 679 680 649 1084 1230 1098 648 672 685 1129 649 330 651 480 1159 477 145 896 372 605 1488 673 682 1348 660 1152 1018 756 1283 1369 222 1434 1304 860 672 755 654 1103 1067 0 675 646 672 779 1102 788 926
1431 57 678 671 1189 59 1285 53 1653 222 1401 414 32 1007 1212 73 1906 1433 949 65 1784 1189 1638 62 48 31 41 946 1380 1698 1395 61 43 33 1597 68 790 56 595 1626 592 606 1364 772 509 1869 54 35 1815 226 1620 1315 1052 1579 1666 690 1730 1601 1328 575 1052 69 1399 1535 675 0 213 53 1247 1570 1256 1394
1402 185 649 642 1159 185 1256 208 1624 63 1372 385 217 978 1183 191 1877 1404 920 179 1755 1160 1609 203 197 216 217 917 1351 1669 1366 185 209 222 1568 186 761 188 566 1597 563 577 1335 743 480 1840 210 219 1786 66 1591 1286 1023 1550 1637 661 1701 1572 1299 546 1023 192 1370 1506 646 213 0 209 1218 1541 1227 1365
1427 75 674 667 1185 77 1281 70 1649 218 1397 410 49 1004 1208 91 1903 1429 945 83 1781 1185 1634 79 65 48 59 942 1377 1694 1391 79 61 50 1593 85 786 74 591 1623 588 602 1360 768 505 1866 72 53 1812 222 1616 1311 1048 1575 1662 686 1727 1597 1324 572 1048 86 1396 1531 672 53 209 0 1243 1566 1252 1390
1037 1220 782 775 162 1219 258 1242 616 1227 1007 1041 1251 823 340 1225 956 395 736 1213 747 107 851 1237 1231 1250 1251 733 987 661 1001 1219 1243 1256 560 1221 597 1222 865 589 862 670 337 670 990 919 1245 1253 778 1231 582 921 839 1155 1185 713 1250 889 290 1057 839 1226 1005 497 779 1247 1218 1243 0 533 219 356
1177 1543 1105 1098 479 1542 575 1565 479 1550 1147 1364 1574 963 480 1548 819 271 876 1536 611 586 715 1560 1554 1573 1574 873 1127 524 1141 1542 1566 1579 217 1544 920 1545 1188 453 1185 993 654 993 1313 782 1568 1576 642 1554 116 1061 979 1019 1049 1036 1113 752 299 1380 979 1549 1145 186 1102 1570 1541 1566 557 0 359 359
844 1229 791 784 165 1229 261 1251 442 1236 814 1050 1261 630 147 1234 782 222 543 1222 573 272 678 1246 1240 1259 1260 540 793 487 808 1228 1253 1265 386 1230 606 1232 874 415 871 680 340 679 1000 745 1254 1263 604 1240 409 728 646 981 1012 722 1076 715 117 1066 646 1235 812 324 788 1256 1227 1252 244 359 0 183
1001 1366 929 922 302 1366 399 1389 442 1374 971 1188 1398 787 304 1372 782 106 700 1360 574 410 678 1384 1378 1397 1398 697 950 487 965 1366 1390 1403 386 1367 744 1369 1012 416 1009 817 478 817 1137 745 1391 1400 605 1378 409 885 803 981 1012 860 1076 715 92 1204 803 1373 969 324 926 1394 1365 1390 381 359 183 0
EOF