NAME : tsp_problem
TYPE : TSP
DIMENSION : 32
EDGE_WEIGHT_TYPE : EXPLICIT
EDGE_WEIGHT_FORMAT : FULL_MATRIX
EDGE_WEIGHT_SECTION
0 91 633 476 455 1045 1246 473 1123 463 1617 1060 444 448 1673 1739 883 210 469 1441 1538 446 330 1398 456 482 288 1092 1757 453 1131 467
91 0 663 507 486 1075 1277 504 1154 493 1647 1091 475 479 1703 1769 914 241 500 1471 1569 477 361 1429 487 513 319 1122 1787 484 1161 497
633 663 0 655 634 861 1062 652 939 642 1420 593 282 628 1476 1271 650 511 648 973 1316 625 384 1214 636 662 456 624 1289 632 947 646
476 507 655 0 63 1322 1524 35 1400 45 1807 980 721 66 1863 1658 1037 598 45 1360 1703 64 719 1675 64 32 677 1011 1676 59 1408 51
455 486 634 63 0 1301 1503 66 1379 76 1786 959 700 84 1842 1637 1016 577 76 1340 1682 82 698 1655 92 62 656 990 1655 89 1387 82
1045 1075 861 1322 1301 0 578 1319 455 1309 949 859 630 1294 1004 1270 861 923 1315 1058 870 1292 796 730 1302 1329 868 890 1288 1299 111 1313
1246 1277 1062 1524 1503 578 0 1521 274 1510 686 873 831 1496 742 1007 876 1125 1517 1072 608 1494 998 468 1504 1530 1070 904 1025 1501 664 1515
473 504 652 35 66 1319 1521 0 1397 48 1804 977 718 69 1860 1655 1034 595 48 1358 1700 67 716 1673 67 35 674 1008 1673 62 1405 54
1123 1154 939 1400 1379 455 274 1397 0 1387 645 750 708 1373 701 966 752 1001 1393 949 566 1370 874 426 1381 1407 946 781 984 1377 541 1391
463 493 642 45 76 1309 1510 48 1387 0 1794 967 708 79 1850 1645 1024 585 58 1347 1690 77 705 1662 77 45 663 998 1663 72 1395 64
1617 1647 1420 1807 1786 949 686 1804 645 1794 0 1132 1202 1780 86 535 1246 1495 1800 652 135 1777 1368 406 1788 1814 1440 1163 553 1784 1035 1798
1060 1091 593 980 959 1042 1057 977 933 967 1132 0 742 952 1187 983 502 939 973 685 1027 950 812 1208 960 987 884 227 1000 957 1128 971
444 475 282 721 700 630 831 718 708 708 1202 742 0 694 1258 1380 468 322 714 1082 1123 691 195 983 702 728 267 773 1398 698 716 712
448 479 628 66 84 1294 1496 69 1373 79 1780 952 694 0 1836 1631 1009 571 79 1333 1676 75 691 1648 85 65 649 984 1649 82 1380 84
1673 1703 1476 1863 1842 1004 742 1860 701 1850 86 1187 1258 1836 0 591 1302 1551 1856 708 191 1833 1424 462 1844 1870 1496 1219 609 1840 1090 1854
1739 1769 1271 1658 1637 1270 1007 1655 966 1645 535 983 1399 1631 591 0 1180 1617 1651 503 431 1628 1490 727 1639 1665 1562 1014 73 1635 1356 1649
912 943 650 1037 1016 859 873 1034 750 1024 1243 502 497 1009 1299 1180 0 790 1030 882 1165 1007 663 1025 1017 1044 735 533 1198 1014 945 1028
210 241 511 598 577 923 1125 595 1001 585 1495 939 322 571 1551 1617 761 0 591 1319 1416 568 209 1276 579 605 167 970 1635 575 1009 589
469 500 648 45 76 1315 1517 48 1393 58 1800 973 714 79 1856 1651 1030 591 0 1354 1696 77 712 1669 77 45 670 1004 1669 72 1401 64
1441 1471 973 1360 1340 1047 1061 1358 938 1347 652 685 1101 1333 708 503 882 1319 1354 0 548 1331 1192 844 1341 1367 1264 716 521 1338 1133 1351
1538 1569 1316 1703 1682 870 608 1700 566 1690 135 1027 1123 1676 191 431 1167 1416 1696 548 0 1673 1289 328 1683 1710 1361 1059 449 1680 956 1694
446 477 625 64 82 1292 1494 67 1370 77 1777 950 691 75 1833 1628 1007 568 77 1331 1673 0 689 1646 83 64 647 981 1646 80 1378 83
330 361 384 719 698 796 998 716 874 705 1368 812 195 691 1424 1490 634 209 712 1192 1289 689 0 1149 699 725 154 843 1508 696 882 710
1398 1429 1214 1675 1655 730 468 1673 426 1662 406 1025 983 1648 462 727 1027 1276 1669 844 328 1646 1149 0 1656 1682 1221 1056 745 1653 816 1666
456 487 636 64 92 1302 1504 67 1381 77 1788 960 702 85 1844 1639 1017 579 77 1341 1683 83 699 1656 0 63 657 991 1657 90 1388 82
482 513 662 32 62 1329 1530 35 1407 45 1814 987 728 65 1870 1665 1044 605 45 1367 1710 64 725 1682 63 0 683 1018 1683 58 1415 51
288 319 456 677 656 868 1070 674 946 663 1440 884 267 649 1496 1562 706 167 670 1264 1361 647 154 1221 657 683 0 915 1580 654 954 667
1092 1122 624 1011 990 1073 1088 1008 964 998 1163 227 773 984 1219 1014 533 970 1004 716 1059 981 843 1240 991 1018 915 0 1032 988 1159 1002
1757 1787 1289 1676 1655 1288 1025 1673 984 1663 553 1000 1417 1649 609 73 1198 1635 1669 521 449 1646 1508 745 1657 1683 1580 1032 0 1653 1374 1667
453 484 632 59 89 1299 1501 62 1377 72 1784 957 698 82 1840 1635 1014 575 72 1338 1680 80 696 1653 90 58 654 988 1653 0 1385 78
1131 1161 947 1408 1387 111 664 1405 541 1395 1035 945 716 1380 1090 1356 947 1009 1401 1144 956 1378 882 816 1388 1415 954 976 1374 1385 0 1399
467 497 646 51 82 1313 1515 54 1391 64 1798 971 712 84 1854 1649 1028 589 64 1351 1694 83 710 1666 82 51 667 1002 1667 78 1399 0
EOF