NAME : tsp_problem
TYPE : TSP
DIMENSION : 88
EDGE_WEIGHT_TYPE : EXPLICIT
EDGE_WEIGHT_FORMAT : FULL_MATRIX
EDGE_WEIGHT_SECTION
0 208 1209 1273 624 636 656 1106 643 1544 623 773 636 1309 1204 1279 486 619 612 1274 751 640 1145 1298 675 262 643 630 301 639 291 635 633 431 1099 1351 650 629 1210 846 978 143 641 659 636 863 834 941 591 1294 1255 1089 649 914 740 655 1068 1480 628 530 1530 955 1215 646 1192 1102 643 745 652 1285 650 1001 644 638 1140 298 1220 840 265 1053 251 617 1189 607 334 362 627 1199
208 0 1098 1162 450 461 481 996 468 1433 449 662 462 1198 1094 1168 375 444 437 1163 641 466 1034 1187 564 151 468 456 191 465 116 460 458 321 989 1240 475 455 1099 735 868 220 467 485 461 753 724 830 480 1183 1145 978 474 803 629 480 957 1370 453 356 1420 845 1105 471 1082 991 469 634 477 1175 539 891 470 464 1029 188 1109 729 154 943 140 443 1079 496 223 251 453 1088
1209 1098 0 390 1515 1526 1546 223 1533 747 1514 499 1526 683 115 1009 843 1509 1502 83 1282 1531 725 415 838 976 1533 1520 1046 1529 1181 1525 1523 962 680 1024 1540 1519 109 569 559 1221 1532 1550 1526 551 580 368 1122 304 372 669 1539 394 957 1545 324 684 1518 1420 734 556 105 1536 47 175 1534 963 1542 959 1181 582 1535 1528 257 945 293 1370 1066 634 993 1507 207 1137 915 1012 1517 231
1273 1162 390 0 1578 1590 1610 274 1597 536 1578 563 1590 472 385 797 907 1573 1566 455 1346 1594 789 203 902 1040 1597 1584 1110 1593 1245 1589 1587 1026 744 813 1604 1583 390 632 623 1284 1595 1614 1590 614 643 432 1185 475 160 733 1603 458 1021 1609 388 472 1582 1484 522 620 396 1600 373 282 1598 1026 1606 747 1244 645 1599 1592 308 1009 401 1434 1130 697 1057 1571 370 1201 979 1076 1581 379
624 450 1515 1578 0 213 60 1412 73 1849 95 1079 66 1614 1510 1584 791 79 189 1579 493 64 1450 1603 980 567 220 82 607 63 372 85 71 737 1405 1656 68 71 1515 1151 1284 636 57 64 68 1169 1140 1246 576 1600 1561 1394 70 1220 1045 59 1374 1786 88 204 1836 1261 1521 53 1498 1407 69 1050 67 1591 553 1307 72 62 1445 604 1525 581 570 1359 556 83 1495 559 639 667 108 1504
636 461 1526 1590 213 0 244 1424 232 1861 212 1090 225 1626 1521 1596 803 208 81 1591 504 229 1462 1615 992 579 87 219 618 228 383 223 222 749 1416 1668 239 218 1527 1163 1295 647 230 248 224 1180 1151 1258 588 1611 1572 1406 237 1231 1057 243 1385 1797 217 216 1847 1272 1532 234 1510 1419 232 1062 240 1602 564 1318 233 227 1457 615 1537 593 582 1370 568 206 1506 571 651 679 216 1516
656 481 1546 1610 60 244 0 1443 46 1881 67 1110 39 1646 1541 1616 822 52 220 1611 524 37 1481 1634 1012 598 251 55 638 36 403 58 44 768 1436 1688 41 44 1546 1182 1315 667 30 37 41 1200 1171 1277 608 1631 1592 1425 42 1251 1076 32 1405 1817 61 235 1867 1292 1552 25 1529 1438 41 1082 39 1622 584 1338 44 35 1477 635 1557 612 601 1390 587 56 1526 591 670 698 103 1535
1106 996 223 274 1412 1424 1443 0 1431 632 1411 396 1424 567 218 893 741 1407 1400 288 1179 1428 622 299 735 874 1431 1418 943 1427 1078 1422 1421 859 577 909 1438 1417 224 466 456 1118 1429 1447 1423 448 477 265 1019 308 256 566 1436 292 854 1442 221 568 1416 1318 618 454 230 1433 207 116 1431 860 1439 843 1078 479 1432 1426 141 843 234 1268 963 531 891 1405 203 1035 812 909 1415 213
643 468 1533 1597 73 232 46 1431 0 1868 80 1097 52 1633 1528 1603 810 65 208 1598 511 50 1469 1622 999 586 239 68 625 49 390 71 57 756 1423 1675 54 57 1534 1170 1302 654 43 50 54 1187 1158 1265 595 1618 1579 1413 55 1238 1064 45 1392 1804 74 223 1854 1279 1539 38 1517 1426 54 1069 52 1609 571 1325 57 48 1464 622 1544 600 589 1377 575 69 1513 578 658 686 116 1523
1544 1433 747 536 1849 1861 1881 632 1868 0 1848 920 1861 262 742 587 1153 1844 1837 812 1703 1865 1146 361 1259 1398 1868 1855 1467 1864 1516 1860 1858 1383 1101 603 1875 1854 748 990 980 1555 1866 1884 1861 972 1001 789 1543 832 494 1090 1874 816 1266 1880 745 88 1853 1755 84 978 754 1871 731 640 1868 1272 1877 537 1602 1003 1869 1863 665 1367 758 1792 1404 1055 1415 1842 727 1559 1336 1433 1852 737
623 449 1514 1578 95 212 67 1411 80 1848 0 1078 73 1613 1509 1583 790 86 188 1579 492 71 1449 1602 980 566 219 89 606 70 371 92 78 736 1404 1655 75 78 1514 1150 1283 635 64 71 75 1168 1139 1245 575 1599 1560 1393 77 1219 1044 66 1373 1785 95 203 1835 1260 1520 60 1497 1406 76 1050 74 1590 552 1306 79 69 1445 603 1524 580 569 1358 555 90 1494 558 638 666 107 1503
773 662 499 563 1079 1090 1110 396 1097 920 1078 0 1090 856 494 1182 740 1073 1066 564 846 1095 435 588 647 540 1097 1084 610 1093 745 1089 1087 526 389 1198 1104 1083 499 119 268 784 1096 1114 1090 137 123 265 685 584 545 379 1103 291 854 1109 358 857 1082 984 907 229 505 1100 482 391 1098 859 1106 1132 745 291 1099 1092 430 509 510 934 630 343 557 1071 479 701 479 576 1081 488
636 462 1526 1590 66 225 39 1424 52 1861 73 1090 0 1626 1521 1596 803 58 201 1591 504 42 1462 1615 992 579 232 60 619 41 384 64 50 749 1417 1668 47 50 1527 1163 1296 647 35 43 47 1180 1152 1258 588 1611 1573 1406 48 1231 1057 38 1385 1798 67 216 1848 1273 1533 31 1510 1419 47 1062 45 1603 565 1318 50 41 1457 616 1537 593 582 1370 568 61 1506 571 651 679 109 1516
1309 1198 683 472 1614 1626 1646 567 1633 262 1613 856 1626 0 678 352 918 1609 1602 748 1639 1630 1082 297 1107 1250 1633 1620 1289 1629 1281 1625 1623 1319 1037 368 1640 1619 684 926 916 1320 1631 1649 1626 908 937 725 1479 768 430 1026 1639 752 1031 1645 681 198 1618 1520 248 913 689 1636 667 576 1633 1037 1642 302 1538 939 1634 1628 601 1286 694 1728 1169 991 1239 1607 663 1494 1272 1350 1617 673
1204 1094 115 385 1510 1521 1541 218 1528 742 1509 494 1521 678 0 1004 839 1504 1497 93 1277 1526 720 410 833 972 1528 1516 1041 1525 1176 1520 1518 957 675 1020 1535 1515 120 564 554 1216 1527 1545 1521 546 575 363 1117 216 367 664 1534 390 952 1540 319 679 1513 1415 729 551 115 1531 132 121 1529 958 1537 954 1176 577 1530 1523 252 940 217 1365 1061 629 988 1502 112 1132 910 1007 1513 135
1279 1168 1009 797 1584 1596 1616 893 1603 587 1583 1182 1596 352 1004 0 888 1579 1572 1074 1709 1600 1408 623 1077 1220 1603 1590 1259 1599 1251 1595 1593 1390 1363 394 1610 1589 1009 1251 1242 1290 1601 1620 1596 1233 1262 962 1549 1094 756 1352 1609 936 1002 1615 1007 524 1588 1490 574 1239 1015 1606 992 901 1603 1007 1612 329 1608 1265 1604 1598 927 1256 1020 1798 1139 1317 1209 1577 989 1565 1292 1320 1587 998
486 375 958 1022 791 803 822 855 810 1153 790 776 803 918 953 888 0 786 779 1023 916 807 1081 1046 232 426 810 797 466 806 457 801 800 596 1035 960 817 796 958 848 914 497 808 826 802 866 837 616 756 1043 1004 1024 815 589 348 821 817 1089 795 697 1139 912 964 812 941 850 810 354 818 894 815 937 811 805 889 463 968 1004 346 989 415 784 938 771 498 526 794 947
619 444 1509 1573 79 208 52 1407 65 1844 86 1073 58 1609 1504 1579 786 0 184 1574 487 55 1445 1598 975 562 215 73 601 54 367 77 63 732 1399 1651 60 63 1510 1146 1279 630 48 56 60 1163 1134 1241 571 1594 1555 1389 61 1214 1040 51 1368 1781 80 199 1830 1256 1516 44 1493 1402 60 1045 58 1586 548 1301 63 54 1440 599 1520 576 565 1353 551 74 1489 554 634 662 102 1499
612 437 1502 1566 189 81 220 1400 208 1837 188 1066 201 1602 1497 1572 779 184 0 1567 480 205 1438 1591 968 555 88 195 594 204 359 199 198 725 1392 1644 215 194 1503 1139 1271 623 206 224 200 1156 1127 1234 564 1587 1548 1382 213 1207 1033 219 1361 1773 193 192 1823 1248 1508 210 1486 1395 208 1038 216 1578 540 1294 209 203 1433 591 1513 569 558 1346 544 182 1482 547 627 655 192 1492
1274 1163 83 455 1579 1591 1611 288 1598 812 1579 564 1591 748 93 1074 908 1574 1567 0 1347 1595 790 479 903 1041 1598 1585 1110 1594 1246 1590 1588 1027 744 1089 1605 1584 88 633 624 1285 1596 1615 1591 615 644 433 1186 241 437 734 1604 459 1022 1610 389 749 1583 1485 799 621 83 1601 100 196 1598 1027 1607 1024 1245 646 1599 1593 322 1010 291 1435 1131 698 1058 1572 186 1202 980 1077 1582 209
751 641 1282 1346 493 504 524 1179 511 1703 492 846 504 1639 1277 1709 916 487 480 1347 0 508 1217 1371 871 519 511 498 588 507 622 503 501 407 1172 1781 518 497 1282 918 1051 763 510 528 504 936 907 1013 233 1367 1328 1161 517 987 1170 523 1141 1640 496 454 1690 1028 1288 514 1265 1174 512 1175 520 1716 209 1074 513 506 1213 487 1293 125 614 1126 536 485 1262 216 457 554 495 1271
640 466 1531 1594 64 229 37 1428 50 1865 71 1095 42 1630 1526 1600 807 55 205 1595 508 0 1466 1619 996 583 236 58 623 39 388 62 47 753 1421 1672 44 47 1531 1167 1300 652 33 41 45 1185 1156 1262 592 1615 1577 1410 46 1236 1061 36 1390 1802 64 220 1852 1277 1537 29 1514 1423 45 1066 43 1607 569 1323 48 38 1461 620 1541 597 586 1375 572 59 1511 575 655 683 107 1520
1145 1034 725 789 1450 1462 1481 622 1469 1146 1449 435 1462 1082 720 1408 966 1445 1438 790 1217 1466 0 814 961 912 1469 1456 981 1465 1116 1461 1459 898 123 1424 1476 1455 725 504 288 1156 1467 1485 1462 486 515 491 1057 810 771 241 1474 517 1080 1480 584 1083 1454 1356 1133 492 731 1472 708 618 1469 1085 1477 1358 1116 310 1470 1464 656 881 736 1306 1001 167 929 1443 705 1073 851 948 1453 714
1298 1187 415 203 1603 1615 1634 299 1622 361 1602 588 1615 297 410 623 932 1598 1591 479 1371 1619 814 0 926 1065 1622 1609 1134 1618 1269 1614 1612 1051 768 638 1629 1608 415 657 647 1309 1620 1638 1615 639 668 457 1210 499 161 758 1627 483 1046 1633 413 298 1607 1509 348 645 421 1625 398 307 1622 1051 1630 573 1269 670 1623 1617 332 1034 425 1459 1154 722 1082 1596 395 1226 1004 1101 1606 404
675 564 835 899 980 992 1012 733 999 1257 980 653 992 1107 830 1077 232 975 968 900 900 996 958 924 0 594 999 986 655 995 647 991 989 580 913 1149 1006 985 836 726 792 686 998 1016 992 743 714 493 740 920 881 902 1005 467 538 1011 694 1193 984 886 1243 789 841 1002 819 728 1000 543 1008 1084 799 815 1001 994 766 563 846 988 535 867 605 973 815 755 533 630 983 825
262 151 976 1040 567 579 598 874 586 1398 566 540 579 1250 972 1220 426 562 555 1041 519 583 912 1065 565 0 586 573 123 582 233 578 576 199 867 1292 593 572 977 613 746 273 584 602 579 631 602 708 358 1061 1023 856 591 682 680 597 835 1334 571 473 1384 723 983 589 960 869 586 686 594 1226 417 769 587 581 907 66 987 607 124 821 72 560 957 374 101 129 570 966
643 468 1533 1597 220 87 251 1431 239 1868 219 1097 232 1633 1528 1603 810 215 88 1598 511 236 1469 1622 999 586 0 226 625 235 390 230 229 756 1423 1675 246 225 1534 1170 1302 654 237 255 231 1187 1158 1265 595 1618 1579 1413 244 1238 1064 250 1392 1804 224 223 1854 1279 1539 241 1517 1426 239 1069 247 1609 571 1325 240 234 1464 622 1544 600 589 1377 575 213 1513 578 658 686 223 1523
630 456 1520 1584 82 219 55 1418 68 1855 89 1084 60 1620 1516 1590 797 73 195 1585 498 58 1456 1609 986 573 226 0 613 57 378 79 65 743 1411 1662 62 65 1521 1157 1290 642 51 58 62 1175 1146 1252 582 1605 1567 1400 64 1226 1051 54 1380 1792 82 210 1842 1267 1527 47 1504 1413 63 1056 61 1597 559 1313 66 56 1451 610 1531 587 576 1365 562 77 1501 565 645 673 114 1510
301 191 1046 1110 607 618 638 943 625 1467 606 610 619 1289 1041 1259 466 601 594 1110 588 623 981 1134 635 123 625 613 0 622 273 617 615 268 936 1331 632 612 1046 682 815 313 624 642 618 700 671 777 427 1131 1092 925 631 751 720 637 905 1404 610 513 1453 792 1052 628 1029 938 626 725 634 1266 486 838 627 620 977 135 1056 676 164 890 112 600 1026 443 170 198 610 1035
639 465 1529 1593 63 228 36 1427 49 1864 70 1093 41 1629 1525 1599 806 54 204 1594 507 39 1465 1618 995 582 235 57 622 0 387 61 47 752 1420 1671 44 46 1530 1166 1299 651 32 40 44 1184 1155 1261 591 1614 1576 1409 45 1235 1060 35 1389 1801 63 219 1851 1276 1536 28 1513 1422 44 1065 42 1606 568 1322 47 38 1460 619 1540 596 585 1374 571 58 1510 574 654 682 106 1519
291 116 1181 1245 372 383 403 1078 390 1516 371 745 384 1281 1176 1251 457 367 359 1246 622 388 1116 1269 647 233 390 378 273 387 0 382 381 403 1071 1323 398 377 1181 817 950 302 389 407 383 835 806 912 563 1266 1227 1060 396 886 711 402 1040 1452 376 278 1502 927 1187 393 1164 1073 391 717 399 1257 622 973 392 386 1112 270 1192 711 236 1025 222 365 1161 578 305 333 375 1170
635 460 1525 1589 85 223 58 1422 71 1860 92 1089 64 1625 1520 1595 801 77 199 1590 503 62 1461 1614 991 578 230 79 617 61 382 0 69 747 1415 1667 66 69 1525 1162 1294 646 55 62 66 1179 1150 1257 587 1610 1571 1405 67 1230 1056 57 1384 1796 86 214 1846 1271 1531 50 1508 1417 66 1061 64 1601 563 1317 69 60 1456 614 1536 591 581 1369 567 81 1505 570 650 678 118 1514
633 458 1523 1587 71 222 44 1421 57 1858 78 1087 50 1623 1518 1593 800 63 198 1588 501 47 1459 1612 989 576 229 65 615 47 381 69 0 746 1413 1665 52 55 1524 1160 1293 644 41 48 52 1177 1148 1255 585 1608 1569 1403 53 1228 1054 43 1382 1795 72 213 1844 1270 1530 36 1507 1416 52 1059 50 1599 562 1315 55 46 1454 613 1534 590 579 1367 565 66 1503 568 648 676 114 1513
431 321 962 1026 737 749 768 859 756 1383 736 526 749 1319 957 1390 596 732 725 1027 407 753 898 1051 551 199 756 743 268 752 403 747 746 0 852 1461 763 742 962 599 731 443 754 772 748 616 587 694 247 1047 1008 842 761 667 850 767 821 1320 741 643 1370 708 968 758 945 854 756 856 764 1396 306 754 757 751 893 168 973 496 294 806 216 730 942 263 137 234 740 951
1099 989 680 744 1405 1416 1436 577 1423 1101 1404 389 1417 1037 675 1363 921 1399 1392 744 1172 1421 123 768 915 867 1423 1411 936 1420 1071 1415 1413 852 0 1378 1430 1410 680 459 275 1111 1422 1440 1416 441 470 445 1012 765 726 341 1429 472 1034 1435 539 1038 1408 1311 1087 446 686 1426 663 572 1424 1040 1432 1313 1071 298 1425 1418 611 835 690 1260 956 74 884 1398 660 1027 805 902 1408 669
1351 1240 1024 813 1656 1668 1688 909 1675 603 1655 1198 1668 368 1020 394 960 1651 1644 1089 1781 1672 1424 638 1149 1292 1675 1662 1331 1671 1323 1667 1665 1461 1378 0 1682 1661 1025 1267 1257 1362 1673 1692 1668 1249 1278 1034 1621 1109 771 1368 1681 1008 1073 1687 1022 540 1660 1562 589 1255 1031 1678 1008 917 1675 1079 1684 193 1680 1280 1676 1670 942 1328 1035 1870 1211 1332 1281 1649 1005 1637 1364 1392 1659 1014
650 475 1540 1604 68 239 41 1438 54 1875 75 1104 47 1640 1535 1610 817 60 215 1605 518 44 1476 1629 1006 593 246 62 632 44 398 66 52 763 1430 1682 0 52 1541 1177 1310 661 38 45 49 1194 1165 1272 602 1625 1586 1420 50 1245 1071 40 1399 1811 69 230 1861 1286 1546 33 1524 1433 49 1076 47 1616 579 1332 52 43 1471 629 1551 607 596 1384 582 63 1520 585 665 693 111 1530
629 455 1519 1583 71 218 44 1417 57 1854 78 1083 50 1619 1515 1589 796 63 194 1584 497 47 1455 1608 985 572 225 65 612 46 377 69 55 742 1410 1661 52 0 1520 1156 1289 641 40 48 52 1174 1145 1251 581 1604 1566 1399 53 1225 1050 43 1378 1791 72 209 1841 1266 1526 36 1503 1412 52 1055 50 1596 558 1312 55 46 1450 609 1530 586 575 1364 561 66 1500 564 644 672 113 1509
1210 1099 109 390 1515 1527 1546 224 1534 748 1514 499 1527 684 120 1009 844 1510 1503 88 1282 1531 725 415 838 977 1534 1521 1046 1530 1181 1525 1524 962 680 1025 1541 1520 0 569 559 1221 1532 1550 1526 551 580 368 1122 222 373 669 1539 395 957 1545 324 684 1519 1421 734 557 110 1536 126 127 1534 963 1542 959 1181 582 1535 1529 257 946 222 1371 1066 634 994 1508 117 1138 915 1012 1518 141
846 735 568 632 1151 1163 1182 465 1170 989 1150 119 1163 925 563 1251 809 1146 1139 633 918 1167 513 657 719 613 1170 1157 682 1166 817 1162 1160 599 468 1267 1177 1156 568 0 347 857 1168 1186 1163 75 61 334 758 653 614 457 1175 360 923 1181 427 926 1155 1057 976 159 574 1172 551 460 1170 928 1178 1201 817 370 1171 1165 499 582 579 1007 702 422 630 1144 548 774 551 648 1154 557
978 868 559 623 1284 1295 1315 456 1302 980 1283 268 1296 916 554 1242 800 1279 1271 624 1051 1300 288 647 794 746 1302 1290 815 1299 950 1294 1293 731 275 1257 1310 1289 559 338 0 990 1301 1319 1295 320 349 324 891 644 605 144 1308 351 914 1314 418 917 1288 1190 967 325 565 1305 542 451 1303 919 1311 1192 950 144 1304 1298 490 714 570 1140 835 229 763 1277 539 906 684 781 1287 548
143 220 1221 1284 636 647 667 1118 654 1555 635 784 647 1320 1216 1290 497 630 623 1285 763 652 1156 1309 686 273 654 642 313 651 302 646 644 443 1111 1362 661 641 1221 857 990 0 653 671 647 875 846 952 602 1305 1267 1100 660 926 751 666 1080 1492 639 541 1542 967 1227 657 1204 1113 655 756 663 1297 661 1013 656 649 1151 310 1231 851 276 1065 262 629 1201 618 345 373 639 1210
641 467 1532 1595 57 230 30 1429 43 1866 64 1096 35 1631 1527 1601 808 48 206 1596 510 33 1467 1620 998 584 237 51 624 32 389 55 41 754 1422 1673 38 40 1532 1168 1301 653 0 34 38 1186 1157 1263 593 1617 1578 1411 39 1237 1062 29 1391 1803 57 221 1853 1278 1538 22 1515 1424 38 1067 36 1608 570 1324 41 32 1462 621 1542 598 587 1376 573 52 1512 576 656 684 100 1521
659 485 1550 1614 64 248 37 1447 50 1884 71 1114 43 1649 1545 1620 826 56 224 1615 528 41 1485 1638 1016 602 255 58 642 40 407 62 48 772 1440 1692 45 48 1550 1186 1319 671 34 0 45 1204 1175 1281 611 1635 1596 1429 46 1255 1080 36 1409 1821 65 239 1871 1296 1556 29 1533 1442 45 1086 43 1626 588 1342 48 39 1481 639 1561 616 605 1394 591 59 1530 595 674 702 107 1539
636 461 1526 1590 68 224 41 1423 54 1861 75 1090 47 1626 1521 1596 802 60 200 1591 504 45 1462 1615 992 579 231 62 618 44 383 66 52 748 1416 1668 49 52 1526 1163 1295 647 38 45 0 1180 1151 1258 588 1611 1572 1406 50 1231 1056 40 1385 1797 69 215 1847 1272 1532 33 1509 1418 49 1062 47 1602 564 1318 52 43 1457 615 1537 592 582 1370 568 64 1506 571 651 679 111 1515
863 753 550 614 1169 1180 1200 447 1187 971 1168 137 1180 907 545 1233 791 1163 1156 615 936 1185 496 639 737 631 1187 1175 700 1184 835 1179 1177 616 451 1249 1194 1174 550 75 330 875 1186 1204 1180 0 78 316 776 635 596 440 1193 342 905 1199 409 908 1172 1075 958 141 556 1190 533 442 1188 910 1196 1183 835 353 1189 1182 481 599 561 1024 720 405 647 1162 530 791 569 666 1172 539
834 724 579 643 1140 1151 1171 476 1158 1000 1139 123 1152 936 574 1262 820 1134 1127 644 907 1156 517 668 708 602 1158 1146 671 1155 806 1150 1148 587 471 1278 1165 1145 579 61 350 846 1157 1175 1151 78 0 345 747 664 625 461 1164 371 934 1170 438 937 1143 1046 987 170 585 1161 562 471 1159 939 1167 1212 806 373 1160 1154 510 570 590 996 691 425 619 1133 559 762 540 637 1143 568
893 782 368 432 1198 1210 1229 265 1217 789 1197 265 1210 725 363 973 502 1193 1186 433 1003 1214 491 457 496 698 1217 1204 767 1213 864 1209 1207 683 445 1045 1224 1203 368 334 324 904 1215 1233 1209 316 345 0 843 453 414 435 1222 52 615 1228 227 726 1202 1104 776 322 374 1219 351 260 1217 621 1225 980 902 347 1218 1212 299 666 379 1091 753 399 714 1191 348 858 636 733 1201 357
591 480 1122 1185 576 588 608 1019 595 1543 575 685 588 1479 1117 1549 756 571 564 1186 233 592 1057 1210 711 358 595 582 427 591 563 587 585 247 1012 1621 602 581 1122 758 891 602 593 611 588 776 747 853 0 1206 1168 1001 601 827 1010 607 981 1479 580 538 1529 868 1128 598 1105 1014 595 1015 604 1555 128 914 596 590 1052 327 1132 321 454 966 375 569 1102 85 297 394 579 1111
1294 1183 304 475 1600 1611 1631 308 1618 832 1599 584 1611 768 216 1094 928 1594 1587 241 1367 1615 810 499 923 1061 1618 1605 1131 1614 1266 1610 1608 1047 765 1109 1625 1604 222 653 644 1305 1617 1635 1611 635 664 453 1206 0 457 754 1624 479 1042 1630 409 769 1603 1505 819 641 227 1621 321 211 1619 1047 1627 1044 1265 667 1620 1613 342 1030 263 1455 1151 719 1078 1592 123 1222 1000 1097 1602 114
1255 1145 372 160 1561 1572 1592 256 1579 494 1560 545 1573 430 367 756 890 1555 1548 437 1328 1577 771 161 884 1023 1579 1567 1092 1576 1227 1571 1569 1008 726 771 1586 1566 373 615 605 1267 1578 1596 1572 597 626 414 1168 457 0 715 1585 441 1003 1591 370 431 1564 1467 481 602 378 1582 356 265 1580 1009 1588 706 1227 628 1581 1575 290 991 383 1417 1112 680 1040 1554 352 1183 961 1058 1564 362
1089 978 669 733 1394 1406 1425 566 1413 1090 1393 379 1406 1026 664 1352 910 1389 1382 734 1161 1410 241 758 905 856 1413 1400 925 1409 1060 1405 1403 842 341 1368 1420 1399 669 448 144 1100 1411 1429 1406 430 459 435 1001 754 715 0 1418 461 1024 1424 528 1027 1398 1300 1077 436 675 1416 652 561 1413 1029 1421 1302 1060 121 1414 1408 600 825 680 1250 945 345 873 1387 649 1017 795 892 1397 658
649 474 1539 1603 70 237 42 1436 55 1874 77 1103 48 1639 1534 1609 815 61 213 1604 517 46 1474 1627 1005 591 244 64 631 45 396 67 53 761 1429 1681 50 53 1539 1175 1308 660 39 46 50 1193 1164 1270 601 1624 1585 1418 0 1244 1069 41 1398 1810 70 228 1860 1285 1545 35 1522 1431 51 1075 49 1615 577 1331 54 44 1470 628 1550 605 594 1383 580 65 1519 584 664 691 112 1528
866 755 394 458 1172 1183 1203 292 1190 816 1171 291 1183 752 390 947 475 1166 1159 459 977 1188 517 483 469 671 1190 1178 740 1187 838 1182 1180 657 472 1019 1197 1176 395 361 351 878 1189 1207 1183 343 372 52 816 479 441 461 1196 0 589 1202 253 752 1175 1077 802 348 401 1193 378 287 1191 594 1199 953 875 374 1192 1185 325 640 405 1065 727 426 688 1164 375 832 610 707 1175 384
740 629 1140 1204 1045 1057 1076 1038 1064 1266 1044 1037 1057 1031 1136 1002 348 1040 1033 1205 1170 1061 1263 1229 538 680 1064 1051 720 1060 711 1056 1054 850 1218 1073 1071 1050 1141 1107 1097 751 1062 1080 1056 1089 1118 798 1010 1225 1187 1207 1069 772 0 1075 999 1203 1049 951 1253 1094 1147 1066 1124 1033 1064 96 1072 1008 1069 1120 1065 1059 1071 717 1151 1258 600 1172 669 1038 1121 1025 752 780 1048 1130
655 480 1545 1609 59 243 32 1442 45 1880 66 1109 38 1645 1540 1615 821 51 219 1610 523 36 1480 1633 1011 597 250 54 637 35 402 57 43 767 1435 1687 40 43 1545 1181 1314 666 29 36 40 1199 1170 1276 607 1630 1591 1424 41 1250 1075 0 1404 1816 60 234 1866 1291 1551 24 1528 1437 40 1081 38 1621 583 1337 43 34 1476 634 1556 611 600 1389 586 55 1525 590 669 697 102 1534
1068 957 324 388 1374 1385 1405 221 1392 745 1373 358 1385 681 319 1007 703 1368 1361 389 1141 1390 584 413 697 835 1392 1380 905 1389 1040 1384 1382 821 539 1022 1399 1378 324 428 418 1080 1391 1409 1385 410 439 227 981 409 370 528 1398 253 816 1404 0 682 1377 1279 732 415 330 1395 307 216 1393 822 1401 957 1040 441 1394 1387 226 804 335 1229 925 493 852 1366 304 996 774 871 1377 313
1480 1370 684 472 1786 1797 1817 568 1804 88 1785 857 1798 198 679 524 1089 1781 1773 749 1640 1802 1083 298 1196 1334 1804 1792 1404 1801 1452 1796 1795 1320 1038 540 1811 1791 684 926 917 1492 1803 1821 1797 908 937 726 1479 769 431 1027 1810 752 1203 1816 682 0 1790 1692 74 914 690 1807 667 576 1805 1208 1813 474 1538 940 1806 1800 602 1303 695 1728 1341 992 1351 1779 664 1495 1273 1370 1789 673
628 453 1518 1582 88 217 61 1416 74 1853 95 1082 67 1618 1513 1588 795 80 193 1583 496 64 1454 1607 984 571 224 82 610 63 376 86 72 741 1408 1660 69 72 1519 1155 1288 639 57 65 69 1172 1143 1250 580 1603 1564 1398 70 1223 1049 60 1377 1790 0 208 1839 1264 1525 53 1502 1411 69 1054 67 1594 557 1310 72 63 1449 607 1529 585 574 1362 560 83 1498 563 643 671 111 1508
530 356 1420 1484 204 216 235 1318 223 1755 203 984 216 1520 1415 1490 697 199 192 1485 454 220 1356 1509 886 473 223 210 513 219 278 214 213 643 1311 1562 230 209 1421 1057 1190 541 221 239 215 1075 1046 1152 538 1505 1467 1300 228 1125 951 234 1279 1692 208 0 1742 1167 1427 225 1404 1313 223 956 231 1497 515 1213 224 218 1351 510 1431 543 476 1265 462 197 1401 521 545 573 207 1410
1530 1420 734 522 1836 1847 1867 618 1854 84 1835 907 1848 248 729 574 1139 1830 1823 799 1690 1852 1133 348 1246 1384 1854 1842 1453 1851 1502 1846 1844 1370 1087 589 1861 1841 734 976 967 1542 1853 1871 1847 958 987 776 1529 819 481 1077 1860 802 1253 1866 732 74 1839 1742 0 964 740 1857 717 626 1855 1258 1863 524 1588 989 1856 1849 651 1353 745 1778 1391 1041 1401 1829 714 1545 1323 1420 1839 723
955 845 531 595 1261 1272 1292 429 1279 953 1260 229 1273 889 527 1214 773 1256 1248 596 1028 1277 478 620 767 723 1279 1267 792 1276 927 1271 1270 708 432 1230 1286 1266 532 159 311 967 1278 1296 1272 141 170 297 868 616 578 421 1285 324 886 1291 390 889 1264 1167 939 0 538 1282 515 424 1280 892 1288 1164 927 334 1281 1275 462 691 542 1117 812 386 740 1254 512 883 661 758 1264 521
1215 1105 105 396 1521 1532 1552 230 1539 754 1520 505 1533 689 115 1015 850 1516 1508 83 1288 1537 731 421 844 983 1539 1527 1052 1536 1187 1531 1530 968 686 1031 1546 1526 110 575 565 1227 1538 1556 1532 557 586 374 1128 227 378 675 1545 401 963 1551 330 690 1525 1427 740 562 0 1542 122 133 1540 969 1548 965 1187 588 1541 1535 263 951 228 1377 1072 640 1000 1514 123 1143 921 1018 1524 146
646 471 1536 1600 53 234 25 1433 38 1871 60 1100 31 1636 1531 1606 812 44 210 1601 514 29 1472 1625 1002 589 241 47 628 28 393 50 36 758 1426 1678 33 36 1536 1172 1305 657 22 29 33 1190 1161 1267 598 1621 1582 1416 35 1241 1066 24 1395 1807 53 225 1857 1282 1542 0 1519 1428 34 1072 32 1612 574 1328 37 27 1467 625 1547 602 592 1380 578 48 1516 581 661 689 95 1525
1192 1082 47 373 1498 1510 1529 207 1517 731 1497 482 1510 667 132 992 827 1493 1486 100 1265 1514 708 398 821 960 1517 1504 1029 1513 1164 1508 1507 945 663 1008 1524 1503 126 552 542 1204 1515 1533 1509 534 563 351 1105 321 356 652 1522 378 940 1528 307 667 1502 1404 717 540 122 1519 0 158 1517 946 1525 942 1164 565 1518 1512 240 929 276 1354 1049 617 977 1491 224 1121 898 995 1501 248
1102 991 175 282 1407 1419 1438 116 1426 640 1406 391 1419 576 121 901 736 1402 1395 196 1174 1423 618 307 730 869 1426 1413 938 1422 1073 1417 1416 854 572 917 1433 1412 127 461 451 1113 1424 1442 1418 443 472 260 1014 211 265 561 1431 287 850 1437 216 576 1411 1313 626 449 133 1428 158 0 1426 855 1434 851 1073 474 1427 1421 149 838 185 1263 958 526 886 1400 106 1030 807 904 1410 116
643 469 1534 1598 69 232 41 1431 54 1868 76 1098 47 1633 1529 1603 810 60 208 1598 512 45 1469 1622 1000 586 239 63 626 44 391 66 52 756 1424 1675 49 52 1534 1170 1303 655 38 45 49 1188 1159 1265 595 1619 1580 1413 51 1239 1064 40 1393 1805 69 223 1855 1280 1540 34 1517 1426 0 1070 48 1610 572 1326 53 43 1465 623 1544 600 589 1378 575 64 1514 578 658 686 111 1523
745 634 1146 1210 1050 1062 1082 1043 1069 1272 1050 1043 1062 1037 1141 1007 354 1045 1038 1211 1175 1066 1269 1234 543 686 1069 1056 725 1065 717 1061 1059 856 1223 1079 1076 1055 1146 1112 1102 756 1067 1086 1062 1094 1123 804 1015 1231 1192 1213 1075 778 96 1081 1005 1208 1054 956 1258 1100 1152 1072 1129 1038 1070 0 1078 1013 1074 1125 1070 1064 1077 722 1157 1264 605 1177 675 1043 1126 1031 758 786 1053 1135
652 477 1542 1606 67 240 39 1439 52 1877 74 1106 45 1642 1537 1612 818 58 216 1607 520 43 1477 1630 1008 594 247 61 634 42 399 64 50 764 1432 1684 47 50 1542 1178 1311 663 36 43 47 1196 1167 1273 604 1627 1588 1421 49 1247 1072 38 1401 1813 67 231 1863 1288 1548 32 1525 1434 48 1078 0 1618 580 1334 51 41 1473 631 1553 608 597 1386 583 62 1522 587 666 694 110 1531
1285 1175 959 747 1591 1602 1622 843 1609 537 1590 1132 1603 302 954 329 894 1586 1578 1024 1716 1607 1358 573 1084 1226 1609 1597 1266 1606 1257 1601 1599 1396 1313 193 1616 1596 959 1202 1192 1297 1608 1626 1602 1184 1213 969 1555 1044 706 1302 1615 943 1008 1621 957 474 1594 1497 524 1189 965 1612 942 851 1610 1013 1618 0 1614 1215 1611 1605 877 1263 970 1804 1146 1267 1215 1584 939 1571 1298 1326 1594 948
650 539 1181 1244 553 564 584 1078 571 1602 552 745 565 1538 1176 1608 815 548 540 1245 209 569 1116 1269 770 417 571 559 486 568 622 563 562 306 1071 1680 579 558 1181 817 950 661 570 588 564 835 806 912 128 1265 1227 1060 577 886 1069 583 1040 1538 557 515 1588 927 1187 574 1164 1073 572 1074 580 1614 0 973 573 567 1111 386 1191 298 513 1025 434 546 1161 111 356 453 556 1170
1001 891 582 645 1307 1318 1338 479 1325 1003 1306 291 1318 939 577 1265 823 1301 1294 646 1074 1323 310 670 817 769 1325 1313 838 1322 973 1317 1315 754 298 1280 1332 1312 582 361 144 1013 1324 1342 1318 343 372 347 914 667 628 121 1331 374 936 1337 441 940 1310 1213 989 348 588 1328 565 474 1326 942 1334 1215 973 0 1327 1320 512 737 592 1162 858 252 785 1300 562 929 707 804 1310 571
644 470 1535 1599 72 233 44 1432 57 1869 79 1099 50 1634 1530 1604 811 63 209 1599 513 48 1470 1623 1001 587 240 66 627 47 392 69 55 757 1425 1676 52 55 1535 1171 1304 656 41 48 52 1189 1160 1266 596 1620 1581 1414 54 1240 1065 43 1394 1806 72 224 1856 1281 1541 37 1518 1427 53 1070 51 1611 573 1327 0 46 1466 624 1545 601 590 1379 576 67 1515 579 659 687 114 1524
638 464 1528 1592 62 227 35 1426 48 1863 69 1092 41 1628 1523 1598 805 54 203 1593 506 38 1464 1617 994 581 234 56 620 38 386 60 46 751 1418 1670 43 46 1529 1165 1298 649 32 39 43 1182 1154 1260 590 1613 1575 1408 44 1233 1059 34 1387 1800 63 218 1849 1275 1535 27 1512 1421 43 1064 41 1605 567 1320 46 0 1459 618 1539 595 584 1372 570 57 1508 573 653 681 105 1518
1140 1029 257 308 1445 1457 1477 141 1464 665 1445 430 1457 601 252 927 774 1440 1433 322 1213 1461 656 332 769 907 1464 1451 977 1460 1112 1456 1454 893 611 942 1471 1450 257 499 490 1151 1462 1481 1457 481 510 299 1052 342 290 600 1470 325 888 1476 226 602 1449 1351 651 487 263 1467 240 149 1465 893 1473 877 1111 512 1466 1459 0 876 268 1301 997 564 924 1438 237 1068 846 943 1448 246
298 188 945 1009 604 615 635 843 622 1367 603 509 616 1286 940 1256 463 599 591 1010 487 620 881 1034 534 66 622 610 135 619 270 614 613 168 835 1328 629 609 946 582 714 310 621 639 615 599 570 677 327 1030 991 825 628 650 717 634 804 1303 607 510 1353 691 951 625 929 838 623 722 631 1263 386 737 624 618 876 0 956 576 161 789 83 597 925 343 70 122 607 935
1220 1109 293 401 1525 1537 1557 234 1544 758 1524 510 1537 694 217 1020 854 1520 1513 291 1293 1541 736 425 849 987 1544 1531 1056 1540 1192 1536 1534 973 690 1035 1551 1530 222 579 570 1231 1542 1561 1537 561 590 379 1132 263 383 680 1550 405 968 1556 335 695 1529 1431 745 567 228 1547 276 185 1544 973 1553 970 1191 592 1545 1539 268 956 0 1381 1077 644 1004 1518 202 1148 926 1023 1528 167
840 729 1370 1434 581 593 612 1268 600 1792 580 934 593 1728 1365 1798 1004 576 569 1435 125 597 1306 1459 959 607 600 587 676 596 711 591 590 496 1260 1870 607 586 1371 1007 1140 851 598 616 592 1024 996 1102 321 1455 1417 1250 605 1075 1258 611 1229 1728 585 543 1778 1117 1377 602 1354 1263 600 1264 608 1804 298 1162 601 595 1301 576 1381 0 702 1214 624 574 1350 304 546 643 584 1360
265 154 1066 1130 570 582 601 963 589 1404 569 630 582 1169 1061 1139 346 565 558 1131 614 586 1001 1154 535 124 589 576 164 585 236 581 579 294 956 1211 596 575 1066 702 835 276 587 605 582 720 691 797 454 1151 1112 945 594 771 600 600 925 1341 574 476 1391 812 1072 592 1049 958 589 605 597 1146 513 858 590 584 997 161 1077 702 0 910 113 563 1046 469 197 224 573 1055
1053 943 634 697 1359 1370 1390 531 1377 1055 1358 343 1370 991 629 1317 875 1353 1346 698 1126 1375 167 722 869 821 1377 1365 890 1374 1025 1369 1367 806 74 1332 1384 1364 634 413 229 1065 1376 1394 1370 395 424 399 966 719 680 345 1383 426 988 1389 493 992 1362 1265 1041 400 640 1380 617 526 1378 994 1386 1267 1025 252 1379 1372 564 789 644 1214 910 0 837 1352 614 981 759 856 1362 623
251 140 993 1057 556 568 587 891 575 1415 555 557 568 1239 988 1209 415 551 544 1058 536 572 929 1082 582 72 575 562 112 571 222 567 565 216 884 1281 582 561 994 630 763 262 573 591 568 647 619 725 375 1078 1040 873 580 698 669 586 852 1351 560 462 1401 740 1000 578 977 886 575 675 583 1215 434 785 576 570 924 83 1004 624 113 837 0 549 973 391 118 146 559 983
617 443 1507 1571 83 206 56 1405 69 1842 90 1071 61 1607 1502 1577 784 74 182 1572 485 59 1443 1596 973 560 213 77 600 58 365 81 66 730 1398 1649 63 66 1508 1144 1277 629 52 59 64 1162 1133 1239 569 1592 1554 1387 65 1212 1038 55 1366 1779 83 197 1829 1254 1514 48 1491 1400 64 1043 62 1584 546 1300 67 57 1438 597 1518 574 563 1352 549 0 1488 552 632 660 101 1497
1189 1079 207 370 1495 1506 1526 203 1513 727 1494 479 1506 663 112 989 824 1489 1482 186 1262 1511 705 395 818 957 1513 1501 1026 1510 1161 1505 1503 942 660 1005 1520 1500 117 549 539 1201 1512 1530 1506 531 560 348 1102 123 352 649 1519 375 937 1525 304 664 1498 1401 714 536 123 1516 224 106 1514 943 1522 939 1161 562 1515 1508 237 925 202 1350 1046 614 973 1488 0 1117 895 992 1498 117
607 496 1137 1201 559 571 591 1035 578 1559 558 701 571 1494 1132 1565 771 554 547 1202 216 575 1073 1226 726 374 578 565 443 574 578 570 568 263 1027 1637 585 564 1138 774 906 618 576 595 571 791 762 869 85 1222 1183 1017 584 842 1025 590 996 1495 563 521 1545 883 1143 581 1121 1030 578 1031 587 1571 111 929 579 573 1068 343 1148 304 469 981 391 552 1117 0 312 409 562 1127
334 223 915 979 639 651 670 812 658 1336 638 479 651 1272 910 1292 498 634 627 980 457 655 851 1004 504 101 658 645 170 654 305 650 648 137 805 1364 665 644 915 551 684 345 656 674 651 569 540 646 297 1000 961 795 664 620 752 669 774 1273 643 545 1323 661 921 661 898 807 658 758 666 1298 356 707 659 653 846 70 926 546 197 759 118 632 895 312 0 137 642 904
362 251 1012 1076 667 679 698 909 686 1433 666 576 679 1350 1007 1320 526 662 655 1077 554 683 948 1101 601 129 686 673 198 682 333 678 676 234 902 1392 693 672 1012 648 781 373 684 702 679 666 637 743 394 1097 1058 892 691 717 780 697 871 1370 671 573 1420 758 1018 689 995 904 686 786 694 1326 453 804 687 681 943 122 1023 643 224 856 146 660 992 409 137 0 670 1001
627 453 1517 1581 108 216 103 1415 116 1852 107 1081 109 1617 1513 1587 794 102 192 1582 495 107 1453 1606 983 570 223 114 610 106 375 118 114 740 1408 1659 111 113 1518 1154 1287 639 100 107 111 1172 1143 1249 579 1602 1564 1397 112 1223 1048 102 1377 1789 111 207 1839 1264 1524 95 1501 1410 111 1053 110 1594 556 1310 114 105 1448 607 1528 584 573 1362 559 101 1498 562 642 670 0 1507
1199 1088 231 379 1504 1516 1535 213 1523 737 1503 488 1516 673 135 998 833 1499 1492 209 1271 1520 714 404 827 966 1523 1510 1035 1519 1170 1514 1513 951 669 1014 1530 1509 141 558 548 1210 1521 1539 1515 540 569 357 1111 114 362 658 1528 384 946 1534 313 673 1508 1410 723 546 146 1525 248 116 1523 952 1531 948 1170 571 1524 1518 246 935 167 1360 1055 623 983 1497 117 1127 904 1001 1507 0
EOF