NAME : tsp_problem
TYPE : TSP
DIMENSION : 54
EDGE_WEIGHT_TYPE : EXPLICIT
EDGE_WEIGHT_FORMAT : FULL_MATRIX
EDGE_WEIGHT_SECTION
0 600 658 1011 983 257 1510 1570 225 68 664 1576 1003 708 714 1212 1543 1577 68 195 243 1602 235 591 65 202 66 1023 178 52 1250 708 74 780 212 840 1565 691 1244 535 680 559 1048 1561 565 242 1584 555 1746 399 989 1661 678 233
600 0 319 671 643 380 1170 1230 613 590 511 1236 663 441 447 872 1203 1237 586 583 631 1262 623 251 592 590 599 683 566 583 911 441 583 440 601 500 1225 123 904 195 340 622 708 1221 578 630 1244 618 1406 746 649 1322 338 621
658 319 0 727 699 438 1227 1286 672 649 249 1292 524 178 184 692 941 975 645 642 689 1000 682 97 650 648 657 740 625 642 648 179 641 186 659 556 1281 409 961 158 132 359 446 959 315 688 981 355 1150 507 705 1378 129 679
1011 671 727 0 49 791 883 942 1024 1001 920 949 516 850 856 585 1125 1159 997 994 1042 1184 1034 660 1003 1001 1010 211 977 994 627 850 994 767 1012 353 937 762 617 606 749 1031 1007 1143 987 1041 1165 1027 1119 1157 253 1034 747 1032
983 643 699 49 0 763 855 914 996 973 892 921 488 822 828 557 1097 1131 969 966 1014 1156 1006 632 975 973 982 183 949 966 599 822 965 739 984 325 909 733 589 578 721 1003 979 1115 959 1013 1137 999 1091 1129 225 1006 719 1004
257 380 438 791 763 0 1290 1350 270 247 631 1356 783 561 567 992 1323 1357 243 240 288 1382 280 371 249 247 256 803 223 240 1030 561 240 560 258 620 1345 470 1024 315 460 564 828 1341 569 287 1364 560 1526 403 769 1441 458 278
1510 1170 1227 883 855 1290 0 122 1523 1501 1419 230 1015 1349 1355 709 609 987 1496 1494 1541 1012 1533 1159 1502 1500 1509 895 1476 1493 751 1349 1493 1266 1511 852 117 1261 551 1105 1248 1530 1188 971 1486 1540 718 1526 400 1657 861 315 1246 1531
1570 1230 1286 942 914 1350 122 0 1583 1560 1479 289 1075 1408 1414 768 668 1046 1556 1553 1601 1071 1593 1218 1561 1559 1568 955 1536 1553 810 1409 1552 1325 1570 912 158 1320 611 1165 1308 1589 1247 1030 1545 1600 777 1585 459 1716 920 374 1305 1590
225 613 672 1024 996 270 1523 1583 0 215 677 1589 1016 721 727 1225 1556 1590 211 65 43 1615 35 604 217 75 224 1036 94 208 1264 722 207 793 70 853 1578 704 1257 548 693 572 1062 1574 578 43 1597 568 1759 412 1002 1675 691 44
68 590 649 1001 973 247 1501 1560 215 0 655 1566 993 698 704 1202 1533 1568 59 185 233 1592 225 581 64 192 67 1014 168 53 1241 699 65 771 203 830 1555 681 1234 526 671 550 1039 1551 555 232 1574 546 1737 389 979 1652 668 223
664 511 249 920 892 631 1419 1479 677 655 0 1485 678 148 154 846 1094 1129 650 648 695 1153 687 290 656 654 663 932 630 647 802 149 647 340 665 724 1474 602 1153 351 310 215 600 1112 171 694 1135 211 1303 363 898 1571 321 685
1576 1236 1292 949 921 1356 230 289 1589 1566 1485 0 1081 1414 1420 775 618 996 1562 1559 1607 1021 1599 1225 1568 1566 1575 961 1542 1559 817 1415 1558 1332 1577 918 284 1326 617 1171 1314 1596 1198 980 1551 1606 727 1592 409 1722 926 173 1312 1597
1003 663 553 516 488 783 1015 1075 1016 993 707 1081 0 636 642 554 876 910 989 986 1034 935 1026 594 995 993 1002 528 969 986 510 637 985 526 1004 191 1070 753 749 598 614 817 635 894 773 1033 916 813 1085 965 494 1167 625 1024
708 441 178 850 822 561 1349 1408 721 698 148 1414 607 0 38 775 1024 1058 694 691 739 1083 731 219 700 698 707 862 674 691 731 28 690 269 708 654 1403 531 1083 280 239 259 529 1042 215 738 1064 255 1233 406 827 1500 250 729
714 447 184 856 828 567 1355 1414 727 704 154 1420 613 38 0 781 1030 1064 700 697 745 1089 737 225 706 704 713 868 680 697 737 33 696 275 714 660 1409 537 1089 286 245 265 535 1048 221 744 1070 261 1239 412 833 1506 256 735
1246 906 682 619 591 1026 937 997 1259 1237 835 1003 556 765 771 0 566 600 1232 1230 1277 625 1269 722 1238 1236 1245 631 1212 1230 60 765 1229 654 1247 588 992 997 671 784 742 946 525 584 902 1276 606 942 775 1093 597 1089 754 1267
1543 1203 941 941 913 1323 609 668 1556 1533 1094 618 878 1024 1030 566 0 407 1529 1526 1574 432 1566 982 1535 1533 1542 954 1509 1526 522 1024 1526 914 1544 910 663 1294 993 1043 1001 1205 608 391 1161 1573 138 1201 237 1352 919 704 1013 1564
1577 1237 975 976 947 1357 987 1046 1590 1568 1129 996 913 1058 1064 600 407 0 1563 1561 1608 136 1600 1016 1569 1567 1576 988 1543 1560 556 1059 1560 948 1578 945 1041 1328 1028 1077 1036 1239 642 49 1195 1607 447 1235 616 1387 953 1082 1047 1598
68 586 645 997 969 243 1496 1556 211 59 650 1562 989 694 700 1198 1529 1563 0 181 229 1588 221 577 60 188 67 1009 164 52 1237 694 60 766 198 826 1551 677 1230 521 666 545 1034 1547 551 228 1570 541 1732 385 975 1648 664 219
195 583 642 994 966 240 1494 1553 65 185 648 1559 986 691 697 1195 1526 1561 181 0 65 1585 57 574 187 88 194 1007 65 178 1234 692 177 764 92 823 1548 674 1227 519 664 543 1032 1544 548 64 1567 539 1729 382 972 1645 661 66
243 631 689 1042 1014 288 1541 1601 43 233 695 1607 1034 739 745 1243 1574 1608 229 65 0 1633 35 622 234 74 242 1054 99 226 1281 739 225 811 70 871 1596 721 1275 566 711 590 1079 1592 596 42 1615 586 1777 430 1020 1692 709 44
1602 1262 1000 1000 972 1382 1012 1071 1615 1592 1153 1021 937 1083 1089 625 432 136 1588 1585 1633 0 1625 1040 1594 1592 1601 1012 1568 1585 581 1083 1584 973 1603 969 1066 1352 1052 1102 1060 1264 667 119 1220 1632 472 1260 641 1411 978 1107 1072 1623
235 623 682 1034 1006 280 1533 1593 35 225 687 1599 1026 731 737 1235 1566 1600 221 57 35 1625 0 614 227 66 234 1046 91 218 1274 732 217 803 62 863 1588 714 1267 558 703 582 1071 1584 588 35 1607 578 1769 422 1012 1685 701 36
591 251 97 660 632 371 1159 1218 604 581 290 1225 565 219 225 733 982 1016 577 574 622 1040 614 0 583 581 590 672 557 574 689 220 573 227 591 489 1213 341 893 91 119 400 487 1000 356 621 1022 396 1191 548 638 1310 116 612
65 592 650 1003 975 249 1502 1561 217 64 656 1568 995 700 706 1204 1535 1569 60 187 234 1594 227 583 0 193 64 1015 169 50 1242 700 66 772 204 831 1556 682 1236 527 672 551 1040 1553 557 233 1575 547 1738 391 980 1653 669 224
202 590 648 1001 973 247 1500 1559 75 192 654 1566 993 698 704 1202 1533 1567 188 88 74 1592 66 581 193 0 200 1013 71 185 1240 698 184 770 101 830 1554 680 1234 525 670 549 1038 1551 555 74 1573 545 1736 389 978 1651 668 75
66 599 657 1010 982 256 1509 1568 224 67 663 1575 1002 707 713 1211 1542 1576 67 194 242 1601 234 590 64 200 0 1022 177 51 1249 707 73 779 211 839 1563 689 1243 534 679 558 1047 1560 564 241 1582 554 1745 398 988 1660 677 231
1023 683 740 211 183 803 895 955 1036 1014 932 961 528 862 868 597 1137 1171 1009 1007 1054 1196 1046 672 1015 1013 1022 0 989 1006 639 862 1006 779 1024 365 950 774 629 618 761 1043 1019 1155 999 1053 1177 1039 1131 1170 265 1046 759 1044
178 566 625 977 949 223 1476 1536 94 168 630 1542 969 674 680 1178 1509 1543 164 65 99 1568 91 557 169 71 177 989 0 161 1217 674 160 746 82 806 1531 657 1210 501 646 525 1014 1527 531 98 1550 521 1712 365 955 1628 644 99
52 583 642 994 966 240 1493 1553 208 53 647 1559 986 691 697 1195 1526 1560 52 178 226 1585 218 574 50 185 51 1006 161 0 1234 692 57 764 195 823 1548 674 1227 518 663 542 1032 1544 548 225 1567 538 1729 382 972 1645 661 216
1202 862 638 575 547 982 893 953 1216 1193 792 959 512 721 727 60 522 556 1189 1186 1233 581 1226 679 1194 1192 1201 587 1169 1186 0 722 1185 611 1203 544 948 953 627 740 699 902 481 540 858 1232 562 898 731 1049 553 1045 710 1223
708 441 179 850 822 561 1349 1409 722 699 149 1415 608 28 33 776 1024 1059 694 692 739 1083 732 220 700 698 707 862 674 692 732 0 691 270 709 654 1404 532 1083 281 240 259 530 1043 215 738 1065 255 1233 407 828 1501 251 729
74 583 641 994 965 240 1493 1552 207 65 647 1558 985 690 696 1195 1526 1560 60 177 225 1584 217 573 66 184 73 1006 160 57 1233 691 0 763 195 822 1547 673 1227 518 663 542 1031 1544 547 224 1566 538 1729 381 971 1644 660 215
780 440 186 767 739 560 1266 1325 793 771 340 1332 497 269 275 665 914 948 766 764 811 973 803 227 772 770 779 779 746 764 621 270 763 0 781 543 1320 531 1000 280 247 451 419 932 406 810 954 447 1123 598 744 1417 258 801
212 601 659 1012 984 258 1511 1570 70 203 665 1577 1004 708 714 1213 1544 1578 198 92 70 1603 62 591 204 101 211 1024 82 195 1251 709 195 781 0 840 1565 691 1245 536 681 560 1049 1562 565 69 1584 556 1747 400 989 1662 678 70
840 500 556 353 325 620 852 912 853 830 749 918 191 678 684 554 922 957 826 823 871 981 863 489 831 830 839 365 806 823 556 679 822 572 840 0 907 590 586 435 578 859 682 940 815 870 963 855 1088 986 331 1003 575 861
1565 1225 1281 937 909 1345 117 158 1578 1555 1474 284 1070 1403 1409 763 663 1041 1551 1548 1596 1066 1588 1213 1556 1554 1563 950 1531 1548 805 1404 1547 1320 1565 907 0 1315 606 1160 1303 1584 1242 1025 1540 1595 772 1580 454 1711 915 369 1300 1586
691 123 409 762 733 470 1261 1320 704 681 602 1326 753 531 537 963 1294 1328 677 674 721 1352 714 341 682 680 689 774 657 674 1001 532 673 531 691 590 1315 0 995 286 431 712 799 1312 668 720 1334 708 1497 837 739 1412 428 711
1244 904 961 617 589 1024 551 611 1257 1234 1153 617 749 1083 1089 443 982 1017 1230 1227 1275 1041 1267 893 1236 1234 1243 629 1210 1227 485 1083 1227 1000 1245 586 606 995 0 839 982 1264 941 1000 1220 1274 1023 1260 787 1391 595 703 980 1265
535 195 158 606 578 315 1105 1165 548 526 351 1171 598 280 286 794 1043 1077 521 519 566 1102 558 91 527 525 534 618 501 518 750 281 518 280 536 435 1160 286 839 0 180 462 548 1061 417 565 1084 458 1252 609 584 1257 178 556
680 340 132 749 721 460 1248 1308 693 671 310 1314 585 239 245 753 1001 1036 666 664 711 1060 703 119 672 670 679 761 646 663 709 240 663 247 681 578 1303 431 982 180 0 420 507 1020 376 710 1042 416 1210 568 727 1400 151 701
559 622 359 1031 1003 564 1530 1589 572 550 215 1596 788 259 265 956 1205 1239 545 543 590 1264 582 400 551 549 558 1043 525 542 912 259 542 451 560 835 1584 712 1264 462 420 0 710 1223 113 589 1246 36 1414 258 1008 1681 431 580
1048 708 446 900 872 828 1188 1247 1062 1039 600 1198 629 529 535 525 608 642 1034 1032 1079 667 1071 487 1040 1038 1047 912 1014 1032 481 530 1031 419 1049 675 1242 799 952 548 507 710 0 626 666 1078 648 706 817 858 878 1283 518 1069
1561 1221 959 959 931 1341 971 1030 1574 1551 1112 980 897 1042 1048 584 391 49 1547 1544 1592 119 1584 1000 1553 1551 1560 972 1527 1544 540 1043 1544 932 1562 928 1025 1312 1011 1061 1020 1223 626 0 1179 1591 431 1219 600 1370 937 1066 1031 1582
565 578 315 987 959 569 1486 1545 578 555 171 1551 744 215 221 912 1161 1195 551 548 596 1220 588 356 557 555 564 999 531 548 868 215 547 406 565 790 1540 668 1220 417 376 113 666 1179 0 595 1201 109 1370 263 964 1637 387 586
242 630 688 1041 1013 287 1540 1600 43 232 694 1606 1033 738 744 1242 1573 1607 228 64 42 1632 35 621 233 74 241 1053 98 225 1280 738 224 810 69 870 1595 720 1274 565 710 589 1078 1591 595 0 1614 585 1776 429 1019 1691 708 43
1584 1244 981 982 954 1364 718 777 1597 1574 1135 727 919 1064 1070 606 138 447 1570 1567 1615 472 1607 1022 1575 1573 1582 994 1550 1567 562 1065 1566 954 1584 951 772 1334 1034 1084 1042 1246 648 431 1201 1614 0 1242 347 1393 959 813 1053 1604
555 618 355 1027 999 560 1526 1585 568 546 211 1592 784 255 261 952 1201 1235 541 539 586 1260 578 396 547 545 554 1039 521 538 908 255 538 447 556 831 1580 708 1260 458 416 36 706 1219 109 585 1242 0 1410 254 1004 1677 427 576
1746 1406 1150 1119 1091 1526 400 459 1759 1737 1303 409 1087 1233 1239 775 237 616 1732 1729 1777 641 1769 1191 1738 1736 1745 1131 1712 1729 731 1233 1729 1123 1747 1088 454 1497 787 1252 1210 1414 817 600 1370 1776 347 1410 0 1561 1097 495 1222 1767
399 746 507 1157 1129 403 1657 1716 412 389 363 1722 935 406 412 1104 1352 1387 385 382 430 1411 422 548 391 389 398 1170 365 382 1060 407 381 598 400 982 1711 837 1391 609 568 258 858 1370 263 429 1393 254 1561 0 1135 1808 579 420
989 649 705 253 225 769 861 920 1002 979 898 926 494 827 833 563 1102 1136 975 972 1020 1161 1012 638 980 978 988 265 955 972 605 828 971 744 989 331 915 739 595 584 727 1008 984 1120 964 1019 1143 1004 1097 1135 0 1012 724 1010
1661 1322 1378 1034 1006 1441 315 374 1675 1652 1571 173 1167 1500 1506 860 704 1082 1648 1645 1692 1107 1685 1310 1653 1651 1660 1046 1628 1645 902 1501 1644 1417 1662 1003 369 1412 703 1257 1400 1681 1283 1066 1637 1691 813 1677 495 1808 1012 0 1397 1682
678 338 129 747 719 458 1246 1305 691 668 321 1312 596 250 256 764 1013 1047 664 661 709 1072 701 116 669 668 677 759 644 661 720 251 660 258 678 575 1300 428 980 178 151 431 518 1031 387 708 1053 427 1222 579 724 1397 0 699
233 621 679 1032 1004 278 1531 1590 44 223 685 1597 1024 729 735 1233 1564 1598 219 66 44 1623 36 612 224 75 231 1044 99 216 1271 729 215 801 70 861 1586 711 1265 556 701 580 1069 1582 586 43 1604 576 1767 420 1010 1682 699 0
EOF