NAME : tsp_problem
TYPE : TSP
DIMENSION : 26
EDGE_WEIGHT_TYPE : EXPLICIT
EDGE_WEIGHT_FORMAT : FULL_MATRIX
EDGE_WEIGHT_SECTION
0 2994 2161 2130 2940 3025 2345 2422 3015 2719 3111 937 3313 2109 1339 1874 1666 3029 2341 2179 2073 2330 2067 3236 1311 1337
2969 0 1286 1620 493 578 1421 789 65 354 664 2159 865 1056 1916 1154 1465 582 1601 948 1563 1659 1659 789 1725 1691
2136 1263 0 387 1355 1442 237 1181 1241 1430 1528 1326 1723 867 1083 633 572 1446 368 937 330 426 430 1612 892 866
2105 1598 387 0 1668 1753 571 1150 1575 1447 1839 1296 2040 836 1053 602 542 1757 567 906 76 625 399 1947 862 835
2916 493 1377 1668 0 122 1513 735 514 301 209 2106 410 1002 1863 1100 1411 127 1692 894 1611 1750 1605 334 1672 1638
3000 578 1464 1753 122 0 1600 820 599 385 112 2191 416 1087 1948 1185 1496 133 1779 979 1695 1837 1690 340 1757 1723
2320 1399 237 571 1490 1577 0 1365 1376 1566 1663 1511 1859 1051 1268 817 757 1582 552 1121 514 610 614 1748 1076 1050
2398 789 1181 1150 735 820 1365 0 810 514 906 1588 1108 484 1345 582 894 824 1361 377 1093 1350 1087 1031 1154 1120
2991 65 1263 1597 514 599 1399 810 0 376 685 2181 887 1077 1938 1175 1486 604 1578 969 1540 1636 1640 811 1747 1713
2694 354 1452 1447 301 385 1588 514 376 0 471 1885 673 781 1642 879 1190 390 1657 673 1389 1646 1384 597 1451 1417
3087 664 1550 1839 209 112 1686 906 685 471 0 2277 502 1173 2034 1271 1582 219 1865 1065 1781 1923 1776 426 1843 1809
920 2159 1326 1296 2106 2191 1511 1588 2181 1885 2277 0 2479 1275 462 1040 832 2195 1507 1344 1238 1495 1233 2402 477 503
3288 865 1746 2040 410 416 1881 1108 887 673 502 2479 0 1375 2236 1473 1784 317 2061 1267 1983 2119 1978 227 2044 2010
2084 1056 867 836 1002 1087 1051 484 1077 781 1173 1275 1375 0 1032 269 580 1091 1047 241 779 1036 774 1298 841 807
1322 1916 1083 1053 1863 1948 1268 1345 1938 1642 2034 462 2236 1032 0 797 589 1952 1264 1101 995 1252 990 2159 234 260
1850 1154 633 602 1100 1185 817 582 1175 879 1271 1040 1473 269 797 0 345 1189 813 339 545 802 539 1396 606 572
1641 1465 572 542 1411 1496 757 894 1486 1190 1582 832 1784 580 589 345 0 1500 753 650 485 742 479 1707 398 371
3005 582 1468 1757 127 133 1604 824 604 390 219 2195 317 1091 1952 1189 1500 0 1784 983 1700 1841 1694 241 1761 1727
2316 1579 368 567 1670 1757 552 1361 1556 1657 1843 1507 2039 1047 1264 813 753 1761 0 1117 510 104 317 1928 1072 1046
2154 948 937 906 894 979 1121 377 969 673 1065 1344 1267 241 1101 339 650 983 1117 0 849 1106 843 1190 910 876
2048 1541 330 76 1611 1695 514 1093 1518 1389 1781 1238 1983 779 995 545 485 1700 510 849 0 568 342 1890 804 778
2305 1637 426 625 1728 1815 610 1350 1614 1646 1901 1495 2097 1036 1252 802 742 1819 104 1106 568 0 293 1986 1061 1035
2043 1641 430 399 1605 1690 614 1087 1618 1384 1776 1233 1978 774 990 539 479 1694 317 843 342 293 0 1901 799 772
3212 789 1635 1964 334 340 1770 1031 811 597 426 2402 227 1298 2159 1396 1707 241 1950 1190 1907 2008 1901 0 1968 1934
1286 1725 892 862 1672 1757 1076 1154 1747 1451 1843 477 2044 841 234 606 398 1761 1072 910 804 1061 799 1968 0 69
1313 1691 866 835 1638 1723 1050 1120 1713 1417 1809 503 2010 807 260 572 371 1727 1046 876 778 1035 772 1934 69 0
EOF