NAME : tsp_problem
TYPE : TSP
DIMENSION : 44
EDGE_WEIGHT_TYPE : EXPLICIT
EDGE_WEIGHT_FORMAT : FULL_MATRIX
EDGE_WEIGHT_SECTION
0 1717 727 273 1676 1878 1108 314 1743 1189 1435 1006 1445 1167 1877 218 1020 1520 1538 1480 795 1210 1071 1064 305 1071 1415 525 537 1407 3036 328 885 352 169 329 482 1532 376 1567 149 1758 1456 994
1717 0 1143 1550 78 281 951 1683 146 719 784 849 681 705 281 1716 864 871 977 716 1033 541 914 729 1674 785 596 1893 1906 344 1370 2010 872 2009 1583 1585 1851 769 1728 258 1779 161 626 761
727 1143 0 560 1102 1304 534 693 1169 615 1214 432 1111 593 1303 726 446 1301 1406 1146 212 636 497 490 684 497 1026 903 916 833 2462 1020 311 1019 593 595 860 1198 738 993 789 1184 1055 420
273 1550 560 0 1509 1711 941 394 1576 1022 1611 839 1518 1000 1710 334 853 1696 1714 1553 628 1043 904 897 385 904 1433 604 617 1240 2869 566 718 590 248 359 561 1605 346 1400 359 1591 1462 827
1676 78 1102 1509 0 334 910 1642 199 677 743 807 640 664 333 1675 822 829 935 674 992 500 873 688 1633 743 554 1852 1865 303 1422 1969 831 1967 1542 1544 1809 727 1686 217 1738 213 584 720
1878 281 1304 1711 334 0 1112 1844 175 880 1006 1009 903 866 77 1877 1024 1092 1198 937 1194 702 1075 890 1835 945 817 2054 2067 505 1207 2171 1033 2170 1744 1746 2011 990 1889 513 1940 154 847 922
1108 951 534 941 910 1112 0 1074 977 423 1022 240 919 401 1111 1107 118 1109 1215 954 425 444 72 298 1065 244 834 1284 1297 641 2270 1401 263 1400 974 976 1242 1007 1119 801 1171 992 864 228
314 1683 693 394 1642 1844 1074 0 1709 1155 1687 972 1651 1133 1843 470 986 1772 1790 1686 761 1176 1037 1030 60 1037 1566 319 332 1373 3002 456 851 434 180 123 276 1738 628 1533 401 1723 1595 960
1743 146 1169 1576 199 175 977 1709 0 745 870 874 768 731 175 1742 889 957 1063 802 1059 567 940 755 1700 810 682 1919 1932 370 1345 2036 898 2035 1609 1611 1876 855 1753 378 1805 55 712 787
1189 719 615 1022 677 880 423 1155 745 0 790 320 687 62 879 1188 335 876 982 721 505 220 386 201 1146 256 601 1365 1378 409 2038 1482 344 1480 1055 1057 1322 774 1199 568 1251 759 631 232
1413 784 1214 1589 743 1006 1022 1665 870 790 0 920 276 776 1005 1291 934 255 361 310 1104 612 985 800 1656 855 246 1875 1888 562 2128 1706 943 1730 1520 1656 1832 363 1427 599 1295 885 287 832
1006 849 432 839 807 1009 240 972 874 320 920 0 817 298 1009 1005 152 1006 1112 851 322 341 203 195 962 202 731 1182 1194 539 2168 1299 161 1297 871 874 1139 904 1016 698 1068 889 761 126
1423 681 1111 1518 640 903 919 1651 768 687 276 817 0 673 902 1301 831 468 497 95 1001 509 882 697 1642 753 143 1861 1874 459 2025 1716 840 1740 1530 1553 1819 148 1436 496 1305 782 184 729
1167 705 593 1000 664 866 401 1133 731 62 776 298 673 0 865 1166 313 863 968 708 483 198 364 179 1123 234 588 1343 1355 395 2024 1460 322 1458 1032 1035 1300 760 1177 555 1229 746 618 210
1877 281 1303 1710 333 77 1111 1843 175 879 1005 1009 902 865 0 1876 1023 1091 1197 936 1193 701 1074 889 1834 944 816 2053 2066 504 1207 2170 1032 2169 1743 1745 2010 989 1888 513 1939 153 846 921
218 1716 726 334 1675 1877 1107 470 1742 1188 1313 1005 1323 1166 1876 0 1019 1398 1417 1358 794 1209 1070 1063 461 1070 1293 680 693 1406 3035 511 884 535 325 484 637 1410 194 1566 100 1757 1334 993
1020 864 446 853 822 1024 118 986 889 335 934 152 831 313 1023 1019 0 1021 1127 866 337 356 81 210 977 217 746 1197 1209 553 2183 1313 175 1312 886 888 1154 919 1031 713 1083 904 776 140
1497 871 1301 1673 829 1092 1109 1749 957 876 255 1006 468 863 1091 1376 1021 0 134 503 1191 699 1072 887 1740 942 383 1960 1972 648 2215 1790 1030 1814 1604 1743 1917 555 1511 686 1379 972 412 918
1516 977 1406 1692 935 1198 1215 1768 1063 982 361 1112 497 968 1197 1394 1127 134 0 531 1297 805 1178 992 1759 1048 466 1978 1991 754 2320 1809 1135 1833 1623 1782 1936 584 1530 792 1398 1077 508 1024
1457 716 1146 1553 674 937 954 1686 802 721 310 851 95 708 936 1336 866 503 531 0 1036 544 917 732 1676 787 177 1896 1908 494 2060 1750 875 1774 1564 1588 1853 72 1471 531 1339 817 219 763
795 1033 212 628 992 1194 425 761 1059 505 1104 322 1001 483 1193 794 337 1191 1297 1036 0 526 388 380 752 387 916 972 984 723 2352 1088 201 1087 661 663 929 1089 806 883 858 1074 946 310
1210 541 636 1043 500 702 444 1176 567 220 612 341 509 198 701 1209 356 699 805 544 526 0 407 222 1167 277 424 1386 1399 231 1860 1503 365 1501 1076 1078 1343 597 1220 391 1272 582 454 254
1071 914 497 904 873 1075 72 1037 940 386 985 203 882 364 1074 1070 81 1072 1178 917 388 407 0 261 1028 268 797 1247 1260 604 2233 1364 226 1363 937 939 1205 970 1082 764 1134 955 827 191
1064 729 490 897 688 890 298 1030 755 201 800 195 697 179 889 1063 210 887 992 732 380 222 261 0 1021 131 612 1240 1253 419 2048 1357 219 1355 929 932 1197 784 1074 579 1126 770 641 107
305 1674 684 385 1633 1835 1065 60 1700 1146 1678 962 1642 1123 1834 461 977 1763 1781 1676 752 1167 1028 1021 0 1028 1556 310 323 1364 2993 446 842 425 171 114 267 1729 619 1524 392 1714 1586 951
1071 785 497 904 743 945 244 1037 810 256 855 202 753 234 944 1070 217 942 1048 787 387 277 268 131 1028 0 667 1247 1260 474 2104 1364 226 1362 936 939 1204 840 1081 634 1133 825 697 114
1393 596 1026 1433 554 817 834 1566 682 601 246 731 143 588 816 1271 746 383 466 177 916 424 797 612 1556 667 0 1776 1788 374 1940 1685 755 1709 1465 1468 1733 230 1406 411 1274 697 99 643
525 1893 903 604 1852 2054 1284 319 1919 1365 1897 1182 1861 1343 2053 680 1197 1982 2001 1896 972 1386 1247 1240 310 1247 1776 0 148 1583 3212 362 1061 341 390 333 70 1949 838 1743 611 1934 1806 1170
537 1906 916 617 1865 2067 1297 332 1932 1378 1910 1194 1874 1355 2066 693 1209 1995 2013 1908 984 1399 1260 1253 323 1260 1788 148 0 1596 3225 270 1074 249 403 346 194 1961 851 1756 623 1946 1818 1183
1407 344 833 1240 303 505 641 1373 370 409 562 539 459 395 504 1406 553 648 754 494 723 231 604 419 1364 474 374 1583 1596 0 1663 1700 562 1699 1273 1275 1540 546 1418 239 1469 384 403 451
3061 1395 2487 2894 1447 1231 2295 3027 1370 2062 2153 2192 2050 2049 1231 3060 2207 2239 2345 2084 2377 1885 2258 2073 3018 2128 1964 3237 3250 1688 0 3354 2216 3352 2927 2929 3194 2137 3071 1627 3123 1349 1994 2105
328 2010 1020 566 1969 2171 1401 456 2036 1482 1728 1299 1738 1460 2170 511 1313 1813 1831 1772 1088 1503 1364 1357 446 1364 1708 362 270 1700 3329 0 1178 53 462 470 349 1825 669 1860 442 2051 1749 1287
885 872 311 718 831 1033 263 851 898 344 943 161 840 322 1032 884 175 1030 1135 875 201 365 226 219 842 226 755 1061 1074 562 2191 1178 0 1177 751 753 1018 927 896 722 947 913 784 149
352 2009 1019 590 1967 2170 1400 434 2035 1480 1752 1297 1762 1458 2169 535 1312 1836 1855 1796 1087 1501 1363 1355 425 1362 1732 341 249 1699 3328 53 1177 0 486 449 328 1849 692 1858 465 2049 1773 1286
169 1583 593 248 1542 1744 974 180 1609 1055 1542 871 1551 1032 1743 325 886 1626 1645 1585 661 1076 937 929 171 936 1465 390 403 1273 2902 462 751 486 0 194 348 1638 482 1433 255 1623 1495 860
329 1585 595 359 1544 1746 976 123 1611 1057 1656 874 1553 1035 1745 484 888 1743 1805 1588 663 1078 939 932 114 939 1468 333 346 1275 2904 470 753 449 194 0 290 1640 536 1435 415 1625 1497 862
482 1851 860 561 1809 2011 1242 276 1876 1322 1855 1139 1819 1300 2010 637 1154 1939 1958 1853 929 1343 1205 1197 267 1204 1733 70 194 1540 3170 349 1018 328 348 290 0 1906 795 1700 568 1891 1763 1128
1510 769 1198 1605 727 990 1007 1738 855 774 363 904 148 760 989 1388 919 555 584 72 1089 597 970 784 1729 840 230 1949 1961 546 2112 1803 927 1827 1617 1640 1906 0 1524 584 1392 869 271 816
376 1728 738 346 1686 1889 1119 628 1753 1199 1449 1016 1459 1177 1888 194 1031 1533 1552 1493 806 1220 1082 1074 619 1081 1428 838 851 1418 3047 669 896 692 482 536 795 1546 0 1577 257 1768 1470 1005
1567 258 993 1400 217 513 801 1533 378 568 599 698 496 555 513 1566 713 686 792 531 883 391 764 579 1524 634 411 1743 1756 239 1602 1860 722 1858 1433 1435 1700 584 1577 0 1628 393 441 610
149 1779 789 359 1738 1940 1171 401 1805 1251 1317 1068 1327 1229 1939 100 1083 1401 1420 1361 858 1272 1134 1126 392 1133 1297 611 623 1469 3098 442 947 465 255 415 568 1414 257 1629 0 1820 1338 1056
1758 161 1184 1591 213 154 992 1723 55 759 885 889 782 746 153 1757 904 972 1077 817 1074 582 955 770 1714 825 697 1934 1946 384 1324 2051 913 2049 1623 1625 1891 869 1768 393 1820 0 727 801
1434 626 1055 1462 584 847 864 1595 712 631 287 761 184 618 846 1312 776 412 508 219 946 454 827 641 1586 697 99 1806 1818 403 1969 1727 784 1751 1495 1497 1763 271 1448 441 1316 727 0 673
994 761 420 827 720 922 228 960 787 232 832 126 729 210 921 993 140 918 1024 763 310 254 191 107 951 114 643 1170 1183 451 2080 1287 149 1286 860 862 1128 816 1005 610 1056 801 673 0
EOF