NAME : tsp_problem
TYPE : TSP
DIMENSION : 42
EDGE_WEIGHT_TYPE : EXPLICIT
EDGE_WEIGHT_FORMAT : FULL_MATRIX
EDGE_WEIGHT_SECTION
0 1216 490 234 1403 406 61 567 567 1811 1315 2317 1228 204 439 194 1448 392 1404 618 1129 1852 198 2795 594 418 597 1944 1739 1703 693 849 1734 450 1155 1032 626 409 1123 1771 339 612
1216 0 1436 1013 248 1073 1231 1512 1513 841 242 1162 61 1149 1385 1060 294 1337 249 1101 199 697 1050 1640 1368 1364 1371 790 651 615 1196 1420 579 1224 275 280 1091 1183 194 683 1284 679
490 1436 0 453 1622 625 505 197 197 1910 1535 2536 1448 320 93 413 1668 203 1623 717 1349 2021 418 3014 275 223 519 2164 1837 1801 791 947 1878 548 1375 1251 731 508 1343 1870 284 831
234 1013 453 0 1199 369 249 530 530 1775 1112 2113 1025 167 402 157 1245 355 1200 461 926 1649 162 2592 557 381 560 1741 1602 1566 556 780 1530 413 952 828 451 372 920 1635 302 408
1403 248 1622 1199 0 1259 1418 1699 1699 635 301 984 260 1336 1571 1247 124 1524 182 1288 387 492 1237 1462 1555 1550 1557 620 445 409 1382 1607 373 1410 461 467 1277 1370 381 478 1471 865
406 1073 625 369 1259 0 421 553 553 1620 1172 2173 1085 339 574 248 1305 527 1260 338 986 1709 238 2652 403 553 406 1801 1548 1512 432 657 1589 259 1012 889 328 218 980 1580 474 469
61 1231 505 249 1418 421 0 581 582 1826 1330 2332 1243 219 454 209 1463 407 1419 633 1144 1867 213 2810 609 433 612 1959 1754 1718 708 864 1749 465 1170 1047 641 424 1138 1786 354 627
567 1512 197 530 1699 553 581 0 114 1827 1611 2613 1524 396 169 489 1744 279 1700 634 1425 1938 494 3091 192 306 436 2240 1755 1719 708 865 1795 465 1451 1328 648 425 1419 1787 361 908
567 1513 197 530 1699 553 582 114 0 1827 1612 2613 1525 397 170 490 1745 280 1700 634 1426 1939 495 3091 192 306 437 2241 1755 1719 709 865 1796 465 1452 1328 648 425 1420 1787 361 908
1789 841 1887 1752 635 1598 1804 1804 1805 0 894 1522 853 1722 1860 1631 717 1910 676 1402 979 237 1621 2001 1655 1937 1658 1186 398 362 1454 1515 439 1378 1054 1060 1416 1410 973 369 1857 1458
1315 242 1535 1112 301 1172 1330 1611 1612 894 0 1215 254 1249 1484 1160 347 1437 302 1200 299 750 1150 1693 1467 1463 1470 843 704 668 1295 1520 632 1323 374 380 1190 1283 293 736 1384 778
2317 1162 2536 2113 984 2173 2332 2613 2613 1522 1215 0 1174 2250 2485 2161 913 2438 1096 2202 1301 1379 2151 593 2469 2464 2471 422 1333 1297 2296 2521 1261 2324 1375 1381 2192 2284 1295 1365 2385 1779
1228 61 1448 1025 260 1085 1243 1524 1525 853 254 1174 0 1161 1397 1072 306 1349 261 1113 186 709 1062 1652 1380 1376 1383 802 663 627 1208 1432 591 1236 287 292 1103 1195 191 695 1296 691
204 1149 320 167 1336 339 219 396 397 1744 1249 2250 1161 0 269 127 1382 222 1337 551 1062 1785 132 2728 474 248 530 1878 1672 1636 626 782 1667 383 1088 965 559 342 1056 1705 169 545
439 1385 93 402 1571 574 454 169 170 1882 1484 2485 1397 269 0 362 1617 152 1572 689 1298 1994 367 2964 247 179 491 2113 1810 1774 764 920 1850 520 1324 1201 703 480 1292 1842 234 780
194 1060 413 157 1247 248 209 489 490 1653 1160 2161 1072 127 362 0 1293 315 1248 460 974 1696 112 2639 436 341 439 1789 1581 1545 535 691 1578 291 1000 876 470 251 967 1613 262 456
1448 294 1668 1245 124 1305 1463 1744 1745 717 347 913 306 1382 1617 1293 0 1569 227 1333 432 574 1282 1391 1600 1596 1603 541 527 491 1428 1652 455 1456 507 513 1323 1416 426 560 1516 911
392 1337 203 355 1524 527 407 279 280 1932 1437 2438 1349 222 152 315 1569 0 1525 739 1250 1973 320 2916 357 52 602 2066 1860 1824 814 970 1855 571 1276 1153 747 530 1244 1892 186 733
1404 249 1623 1200 182 1260 1419 1700 1700 676 302 1096 261 1337 1572 1248 227 1525 0 1288 388 533 1238 1574 1556 1551 1558 723 487 451 1383 1608 415 1411 462 468 1278 1371 381 519 1472 866
618 1101 717 461 1288 338 633 634 634 1424 1200 2202 1113 551 689 460 1333 739 1288 0 1014 1536 450 2680 484 766 487 1829 1352 1316 177 356 1393 207 1040 917 69 239 1008 1384 686 497
1129 199 1349 926 387 986 1144 1425 1426 979 299 1301 186 1062 1298 974 432 1250 388 1014 0 836 963 1779 1281 1277 1284 928 790 754 1109 1333 718 1137 188 194 1004 1097 98 822 1197 592
1852 697 1999 1649 492 1709 1867 1916 1916 237 750 1379 709 1785 1971 1696 574 1973 533 1513 836 0 1686 1857 1767 2000 1769 1043 256 270 1566 1627 401 1489 910 916 1528 1522 830 196 1920 1315
198 1050 418 162 1237 238 213 494 495 1643 1150 2151 1062 132 367 112 1282 320 1238 450 963 1686 0 2629 426 346 428 1778 1571 1535 525 681 1568 281 989 866 460 241 957 1603 267 446
2804 1649 3023 2600 1471 2660 2819 3100 3100 2009 1702 594 1661 2737 2972 2648 1400 2925 1583 2689 1788 1866 2638 0 2956 2951 2958 909 1820 1784 2783 3008 1748 2811 1862 1868 2679 2771 1782 1852 2872 2266
594 1368 275 557 1555 403 609 192 192 1677 1467 2469 1380 474 247 436 1600 357 1556 484 1281 1789 426 2947 0 384 287 2096 1605 1569 559 715 1646 315 1307 1184 499 275 1275 1637 439 764
418 1364 223 381 1550 553 433 306 306 1959 1463 2464 1376 248 179 341 1596 52 1551 766 1277 2000 346 2943 384 0 628 2092 1887 1851 841 997 1881 597 1303 1180 774 557 1271 1919 206 759
597 1371 519 560 1557 406 612 436 437 1680 1470 2471 1383 530 491 439 1603 602 1558 487 1284 1792 428 2950 287 628 0 2099 1608 1572 562 718 1648 318 1310 1187 501 278 1278 1640 665 767
1944 790 2164 1741 620 1801 1959 2240 2241 1186 843 422 802 1878 2113 1789 541 2066 723 1829 928 1043 1778 900 2096 2092 2099 0 996 960 1924 2148 924 1952 1003 1009 1819 1912 922 1029 2013 1407
1717 651 1815 1602 445 1526 1732 1732 1733 398 704 1333 663 1650 1788 1559 527 1838 487 1330 790 256 1549 1811 1583 1864 1586 996 0 75 1382 1443 249 1306 864 870 1344 1338 784 93 1785 1268
1681 615 1779 1566 409 1490 1696 1696 1697 362 668 1297 627 1614 1752 1523 491 1802 451 1294 754 270 1513 1775 1547 1828 1550 960 75 0 1346 1407 213 1270 828 834 1308 1302 748 107 1749 1232
693 1196 791 556 1382 432 708 708 709 1477 1295 2296 1208 626 764 535 1428 814 1383 177 1109 1588 525 2774 559 841 562 1924 1405 1368 0 293 1445 282 1135 1011 192 314 1103 1437 761 591
849 1420 947 780 1607 657 864 865 865 1538 1520 2521 1432 782 920 691 1652 970 1608 356 1333 1649 681 2999 715 997 718 2148 1465 1429 293 0 1506 438 1359 1236 370 470 1327 1498 917 816
1734 579 1856 1530 373 1567 1749 1773 1773 439 632 1261 591 1667 1828 1578 455 1855 415 1370 718 401 1568 1739 1623 1881 1626 924 249 213 1423 1484 0 1346 792 798 1385 1379 712 281 1802 1196
450 1224 548 413 1410 259 465 465 465 1400 1323 2324 1236 383 520 291 1456 571 1411 207 1137 1512 281 2803 315 597 318 1952 1328 1292 282 438 1369 0 1163 1040 221 71 1131 1360 518 619
1155 275 1375 952 461 1012 1170 1451 1452 1054 374 1375 287 1088 1324 1000 507 1276 462 1040 188 910 989 1853 1307 1303 1310 1003 864 828 1135 1359 792 1163 0 220 1030 1123 182 896 1223 618
1032 280 1251 828 467 889 1047 1328 1328 1060 380 1381 292 965 1201 876 513 1153 468 917 194 916 866 1859 1184 1180 1187 1009 870 834 1011 1236 798 1040 220 0 907 999 187 902 1100 494
626 1091 731 451 1277 328 641 648 648 1438 1190 2192 1103 559 703 470 1323 747 1278 69 1004 1550 460 2670 499 774 501 1819 1366 1330 192 370 1407 221 1030 907 0 254 998 1398 694 487
409 1183 508 372 1370 218 424 425 425 1432 1283 2284 1195 342 480 251 1416 530 1371 239 1097 1544 241 2762 275 557 278 1912 1360 1324 314 470 1401 71 1123 999 254 0 1090 1392 477 579
1123 194 1343 920 381 980 1138 1419 1420 973 293 1295 191 1056 1292 967 426 1244 381 1008 98 830 957 1773 1275 1271 1278 922 784 748 1103 1327 712 1131 182 187 998 1090 0 816 1191 586
1749 683 1847 1635 478 1558 1764 1765 1765 369 736 1365 695 1682 1820 1591 560 1870 519 1362 822 196 1581 1843 1615 1897 1618 1029 93 107 1414 1475 281 1338 896 902 1376 1370 816 0 1817 1301
339 1284 284 302 1471 474 354 361 361 1879 1384 2385 1296 169 234 262 1516 186 1472 686 1197 1920 267 2863 439 206 665 2013 1807 1771 761 917 1802 518 1223 1100 694 477 1191 1840 0 680
612 679 831 408 865 469 627 908 908 1458 778 1779 691 545 780 456 911 733 866 497 592 1315 446 2258 764 759 767 1407 1268 1232 591 816 1196 619 618 494 487 579 586 1301 680 0
EOF