NAME : tsp_problem
TYPE : TSP
DIMENSION : 38
EDGE_WEIGHT_TYPE : EXPLICIT
EDGE_WEIGHT_FORMAT : FULL_MATRIX
EDGE_WEIGHT_SECTION
0 246 1367 433 1039 1637 378 1786 1564 1649 1086 1288 1622 1729 2295 1884 1446 1481 1432 1488 648 1708 1591 662 972 186 1113 177 995 1311 1493 1405 733 634 1723 395 364 1488
246 0 1487 314 1031 1630 381 1906 1684 1749 1079 1408 1742 1849 2288 2004 1566 1601 1552 1608 640 1828 1711 654 964 398 1106 390 988 1303 1613 1525 725 627 1843 275 367 1608
1390 1510 0 1529 1052 594 1437 837 615 700 2076 256 674 780 3285 936 497 532 377 539 1442 759 642 1679 1269 1350 1281 1362 1163 785 544 457 1659 1683 774 1491 1423 539
433 314 1507 0 843 1441 221 1796 1704 1560 890 1428 1633 1869 2099 1895 1585 1620 1520 1554 451 1848 1730 466 776 431 917 442 799 1115 1543 1545 537 438 1862 67 207 1623
1039 1031 1052 843 0 638 789 993 1057 757 1063 856 829 1217 2272 1091 939 974 716 751 429 1195 1084 667 256 999 268 1011 150 311 740 837 647 670 1210 804 775 820
1637 1630 594 1441 638 0 1388 611 676 375 1662 475 448 835 2871 710 557 592 335 369 1027 814 702 1265 854 1598 866 1609 749 371 359 455 1245 1269 829 1403 1374 438
378 381 1415 221 789 1388 0 1742 1611 1507 837 1336 1579 1776 2046 1841 1493 1528 1466 1501 398 1755 1638 412 722 339 864 350 746 1061 1490 1452 483 385 1770 182 41 1535
1808 1928 837 1796 993 611 1742 0 454 266 2016 641 240 263 3226 138 484 443 608 333 1382 242 342 1620 1209 1769 1221 1780 1104 726 322 419 1600 1624 257 1758 1729 431
1586 1706 615 1726 1057 676 1634 454 0 502 2081 419 476 293 3290 508 158 117 563 341 1447 272 155 1684 1274 1547 1286 1558 1168 790 346 258 1664 1688 287 1687 1620 341
1671 1749 700 1560 757 375 1507 266 502 0 1781 504 103 490 2990 365 384 419 372 196 1146 469 529 1384 973 1632 986 1643 868 490 185 282 1364 1388 484 1522 1493 295
1086 1079 2076 890 1063 1662 837 2016 2081 1781 0 1880 1853 2240 1435 2115 1962 1998 1740 1775 672 2219 2108 450 996 1047 1138 1058 1020 1335 1764 1861 450 541 2234 852 823 1844
1311 1431 256 1450 856 475 1358 641 419 504 1880 0 477 584 3089 739 301 336 181 343 1246 563 446 1483 1073 1271 1085 1282 967 589 348 260 1463 1487 578 1412 1344 343
1645 1765 674 1633 829 448 1579 240 476 103 1853 477 0 464 3062 338 357 392 444 169 1219 443 502 1457 1046 1605 1058 1616 940 562 159 255 1437 1460 457 1594 1565 268
1751 1871 780 1891 1217 835 1799 263 293 490 2240 584 464 0 3450 318 323 282 728 506 1606 69 181 1844 1433 1712 1445 1723 1327 950 511 423 1824 1848 55 1852 1785 506
2320 2313 3310 2124 2297 2895 2070 3250 3315 3015 1452 3114 3087 3474 0 3349 3196 3231 2974 3009 1906 3453 3342 1684 2230 2281 2372 2292 2254 2569 2998 3094 1684 1775 3468 2086 2057 3078
1907 2027 936 1895 1091 710 1841 138 508 365 2115 739 338 318 3324 0 538 497 706 431 1481 297 396 1719 1308 1867 1320 1878 1202 824 421 517 1699 1722 311 1856 1827 530
1468 1588 497 1607 939 557 1515 484 158 384 1962 301 357 323 3172 538 0 74 444 223 1328 302 184 1566 1155 1429 1167 1440 1050 672 228 140 1546 1570 316 1569 1501 223
1503 1623 532 1643 974 592 1550 443 117 419 1998 336 392 282 3207 497 74 0 479 258 1363 261 144 1601 1190 1464 1202 1475 1085 707 263 175 1581 1605 276 1604 1536 258
1454 1574 377 1520 716 335 1466 608 563 372 1740 181 444 728 2950 706 444 479 0 366 1106 707 590 1344 933 1415 945 1426 827 450 355 376 1324 1347 721 1481 1453 280
1510 1630 539 1554 751 369 1501 333 341 196 1775 343 169 506 2984 431 223 258 366 0 1140 485 368 1378 967 1471 980 1482 862 484 52 121 1358 1382 500 1516 1487 134
648 640 1442 451 429 1027 398 1382 1447 1146 672 1246 1219 1606 1881 1481 1328 1363 1106 1140 0 1585 1474 276 362 608 503 619 386 701 1130 1226 256 279 1600 413 384 1210
1730 1850 759 1870 1195 814 1778 242 272 469 2219 563 443 69 3429 297 302 261 707 485 1585 0 160 1823 1412 1691 1424 1702 1306 929 490 402 1803 1827 75 1831 1764 485
1613 1733 642 1753 1084 702 1660 342 155 529 2108 446 502 181 3317 396 184 144 590 368 1474 160 0 1711 1300 1574 1313 1585 1195 817 373 285 1691 1715 175 1714 1647 368
662 654 1679 466 667 1265 412 1620 1684 1384 450 1483 1457 1844 1659 1719 1566 1601 1344 1378 276 1823 1711 0 600 623 741 634 623 939 1367 1464 145 157 1837 427 399 1447
972 964 1269 776 256 854 722 1209 1274 973 996 1073 1046 1433 2205 1308 1155 1190 933 967 362 1412 1300 600 0 932 216 944 213 528 957 1053 580 603 1427 737 708 1036
186 398 1328 431 999 1598 339 1746 1525 1609 1047 1249 1583 1690 2256 1845 1406 1441 1393 1449 608 1669 1552 623 932 0 1074 99 956 1272 1454 1366 693 595 1683 393 325 1449
1113 1106 1281 917 268 866 864 1221 1286 986 1138 1085 1058 1445 2347 1320 1167 1202 945 980 503 1424 1313 741 216 1074 0 1085 225 540 969 1065 721 745 1439 879 850 1049
177 390 1339 442 1011 1609 350 1758 1536 1621 1058 1260 1594 1701 2267 1856 1417 1453 1404 1460 619 1680 1563 634 944 99 1085 0 967 1283 1465 1377 705 606 1694 404 336 1460
995 988 1163 799 150 749 746 1104 1168 868 1020 967 940 1327 2229 1202 1050 1085 827 862 386 1306 1195 623 213 956 225 967 0 422 851 948 603 627 1321 761 732 931
1311 1303 785 1115 311 371 1061 726 790 490 1335 589 562 950 2545 824 672 707 450 484 701 929 817 939 528 1272 540 1283 422 0 473 570 919 943 943 1076 1048 553
1515 1635 544 1543 740 359 1490 322 346 185 1764 348 159 511 2973 421 228 263 355 52 1130 490 373 1367 957 1476 969 1487 851 473 0 126 1347 1371 505 1505 1476 139
1427 1547 457 1567 837 455 1475 419 258 282 1861 260 255 423 3070 517 140 175 376 121 1226 402 285 1464 1053 1388 1065 1399 948 570 126 0 1444 1468 417 1529 1461 121
733 725 1659 537 647 1245 483 1600 1664 1364 450 1463 1437 1824 1660 1699 1546 1581 1324 1358 256 1803 1691 145 580 693 721 705 603 919 1347 1444 0 239 1818 498 469 1427
634 627 1671 438 670 1269 385 1624 1688 1388 541 1487 1460 1848 1751 1722 1570 1605 1347 1382 279 1827 1715 157 603 595 745 606 627 943 1371 1468 239 0 1841 400 371 1451
1745 1865 774 1884 1210 829 1792 257 287 484 2234 578 457 55 3443 311 316 276 721 500 1600 75 175 1837 1427 1705 1439 1717 1321 943 505 417 1818 1841 0 1846 1778 500
395 275 1469 67 804 1403 182 1758 1665 1522 852 1389 1594 1830 2061 1856 1547 1582 1481 1516 413 1809 1692 427 737 393 879 404 761 1076 1505 1506 498 400 1824 0 169 1585
364 367 1401 207 775 1374 41 1729 1598 1493 823 1322 1565 1763 2032 1827 1479 1514 1453 1487 384 1742 1624 399 708 325 850 336 732 1048 1476 1439 469 371 1756 169 0 1521
1510 1630 539 1623 820 438 1557 431 341 295 1844 343 268 506 3053 530 223 258 280 134 1210 485 368 1447 1036 1471 1049 1482 931 553 139 121 1427 1451 500 1585 1544 0
EOF