NAME : tsp_problem
TYPE : TSP
DIMENSION : 34
EDGE_WEIGHT_TYPE : EXPLICIT
EDGE_WEIGHT_FORMAT : FULL_MATRIX
EDGE_WEIGHT_SECTION
0 625 1580 627 1434 377 736 948 370 802 705 1484 188 806 888 1673 774 656 1531 753 991 509 986 310 1821 1711 968 1811 699 608 659 285 650 714
625 0 1056 712 2002 944 821 424 938 887 790 960 755 891 973 1150 859 132 2099 229 468 186 463 539 1298 1188 445 1287 175 693 744 545 735 799
1580 1056 0 1600 2957 1899 1593 688 1893 1776 1746 521 1710 1798 1744 127 1814 1039 3054 1136 672 1166 725 1494 275 440 766 264 1082 1648 1700 1500 1690 1754
627 712 1578 0 1968 946 174 1035 904 196 361 1309 757 219 326 1671 343 743 2065 840 1078 596 1073 446 1710 1423 1055 1721 786 264 209 452 306 370
1458 2026 2982 1992 0 1117 2102 2350 1131 2168 2071 2885 1305 2172 2254 3075 2140 2057 158 2154 2393 1910 2388 1643 3223 3113 2370 3212 2100 1973 2025 1618 2015 2080
377 944 1899 946 1092 0 1056 1267 168 1122 1025 1803 254 1125 1208 1993 1093 975 1189 1072 1311 828 1306 631 2141 2031 1288 2130 1018 927 979 606 969 1033
736 821 1570 174 2077 1056 0 1145 1014 350 471 1302 867 372 270 1664 437 852 2175 949 1188 705 1183 555 1703 1416 1165 1713 895 373 319 562 415 479
948 424 688 1035 2325 1267 1145 0 1261 1211 1114 591 1078 1214 1297 781 1182 407 2422 504 99 534 66 862 929 819 135 919 450 1016 1068 868 1058 1122
370 938 1893 904 1107 168 1014 1261 0 1080 983 1797 217 1084 1166 1987 1052 969 1204 1066 1305 822 1300 555 2135 2025 1282 2124 1012 885 937 530 927 992
802 887 1754 196 2144 1122 350 1211 1080 0 268 1485 933 45 287 1847 169 918 2241 1015 1254 772 1249 621 1886 1599 1231 1897 961 317 385 628 359 348
705 790 1746 361 2047 1025 471 1114 983 268 0 1606 836 245 391 1839 213 821 2144 918 1157 675 1152 524 1987 1720 1134 1976 864 125 394 531 135 111
1484 960 521 1332 2861 1803 1324 591 1797 1507 1629 0 1614 1530 1476 615 1642 943 2958 1040 576 1070 628 1398 735 449 670 746 986 1531 1477 1404 1573 1637
188 755 1710 757 1281 254 867 1078 217 933 836 1614 0 936 1019 1804 904 786 1378 883 1122 639 1117 411 1952 1842 1099 1941 829 738 790 386 780 844
806 891 1776 219 2147 1125 372 1214 1084 45 245 1507 936 0 263 1869 146 922 2244 1019 1258 775 1252 625 1908 1621 1235 1919 965 294 408 631 336 325
888 973 1722 326 2229 1208 270 1297 1166 287 391 1454 1019 263 0 1816 292 1004 2327 1101 1340 857 1335 707 1854 1568 1317 1865 1047 440 471 714 482 471
1673 1150 127 1694 3050 1993 1686 781 1987 1869 1839 615 1804 1892 1838 0 1908 1132 3148 1229 765 1259 818 1587 174 532 859 164 1175 1741 1793 1594 1783 1848
774 859 1814 343 2115 1093 437 1182 1052 169 213 1620 904 146 292 1908 0 890 2213 987 1226 743 1220 593 2021 1734 1203 2032 933 262 462 599 304 293
656 132 1039 743 2033 975 852 407 969 918 821 943 786 922 1004 1132 890 0 2130 141 450 242 445 570 1280 1170 427 1270 87 724 775 576 766 830
1556 2124 3079 2090 158 1214 2199 2447 1229 2265 2169 2983 1403 2269 2351 3172 2237 2155 0 2252 2490 2008 2485 1741 3320 3210 2467 3310 2198 2071 2122 1716 2113 2177
753 229 1136 840 2130 1072 949 504 1066 1015 918 1040 883 1019 1101 1229 987 141 2227 0 547 339 542 667 1377 1267 524 1367 96 821 872 673 863 927
991 468 672 1078 2368 1311 1188 99 1305 1254 1157 576 1122 1258 1340 765 1226 450 2466 547 0 577 137 905 913 804 206 903 493 1059 1111 912 1101 1166
509 186 1166 596 1886 828 705 534 822 772 675 1070 639 775 857 1259 743 242 1983 339 577 0 572 423 1407 1297 554 1397 285 577 628 429 619 683
986 463 725 1073 2363 1306 1183 66 1300 1249 1152 628 1117 1252 1335 818 1220 445 2460 542 137 572 0 900 966 856 99 955 488 1054 1106 907 1096 1160
310 539 1494 446 1619 631 555 862 555 621 524 1398 411 625 707 1587 593 570 1716 667 905 423 900 0 1735 1626 883 1725 613 427 478 58 469 533
1821 1298 275 1732 3198 2141 1725 929 2135 1908 1987 735 1952 1931 1877 174 2043 1280 3296 1377 913 1407 966 1735 0 401 1007 55 1323 1889 1878 1742 1931 1995
1711 1188 440 1446 3088 2031 1438 819 2025 1621 1743 449 1842 1644 1590 532 1756 1170 3186 1267 804 1297 856 1626 401 0 898 412 1213 1645 1591 1632 1687 1751
968 445 766 1055 2345 1288 1165 135 1282 1231 1134 670 1099 1235 1317 859 1203 427 2443 524 206 554 99 883 1007 898 0 997 470 1036 1088 889 1078 1143
1811 1287 264 1743 3188 2130 1735 919 2124 1919 1976 746 1941 1941 1887 164 2045 1270 3285 1367 903 1397 955 1725 55 412 997 0 1313 1879 1888 1731 1921 1985
699 175 1082 786 2076 1018 895 450 1012 961 864 986 829 965 1047 1175 933 87 2173 96 493 285 488 613 1323 1213 470 1313 0 767 818 619 809 873
608 693 1648 264 1949 927 373 1016 885 317 125 1509 738 294 440 1741 262 724 2046 821 1059 577 1054 427 1889 1623 1036 1879 767 0 296 433 69 134
659 744 1700 209 2000 979 319 1068 937 385 394 1455 790 408 471 1793 462 775 2098 872 1111 628 1106 478 1855 1569 1088 1866 818 296 0 485 338 402
285 545 1500 452 1594 606 562 868 530 628 531 1404 386 631 714 1594 599 576 1691 673 912 429 907 58 1742 1632 889 1731 619 433 485 0 475 539
650 735 1690 306 1991 969 415 1058 927 359 135 1551 780 336 482 1783 304 766 2088 863 1101 619 1096 469 1931 1665 1078 1921 809 69 338 475 0 144
714 799 1754 370 2055 1033 479 1122 992 348 111 1615 844 325 471 1848 293 830 2152 927 1166 683 1160 533 1995 1729 1143 1985 873 134 402 539 144 0
EOF