NAME : tsp_problem
TYPE : TSP
DIMENSION : 60
EDGE_WEIGHT_TYPE : EXPLICIT
EDGE_WEIGHT_FORMAT : FULL_MATRIX
EDGE_WEIGHT_SECTION
0 360 372 246 269 127 185 161 397 158 339 252 37 211 194 179 255 285 285 158 192 326 51 290 215 191 32 259 231 166 252 172 196 39 434 160 370 244 181 275 253 198 165 321 221 222 311 269 296 146 141 160 130 252 282 112 177 285 175 86
360 0 690 564 341 445 504 480 715 477 658 571 349 283 513 498 182 603 603 476 511 645 339 609 533 509 369 186 549 484 571 490 269 378 753 479 688 562 499 168 571 516 484 145 540 294 135 174 151 464 402 478 448 571 600 284 495 603 493 405
372 690 0 333 600 274 219 324 123 321 207 150 388 542 326 341 586 152 152 320 328 149 403 158 377 353 369 590 393 483 150 334 527 376 302 242 686 331 343 606 150 205 328 652 190 553 642 600 627 308 491 322 292 150 149 443 339 152 337 403
145 463 275 0 372 46 88 96 300 93 242 155 161 314 129 114 358 188 188 92 127 229 175 193 149 125 141 362 166 255 155 106 300 148 337 63 459 178 115 378 155 101 100 425 124 325 415 372 400 80 263 95 65 155 185 215 111 188 110 175
269 341 600 473 0 354 413 389 625 386 567 480 258 125 422 407 236 512 512 385 420 554 248 518 442 418 278 241 459 394 480 399 111 287 662 388 597 471 408 256 480 425 393 303 449 136 293 251 278 373 311 387 358 480 510 193 404 512 403 314
127 445 274 162 354 0 87 78 299 75 241 154 143 296 111 96 340 186 187 75 109 228 158 192 132 108 124 345 148 237 154 89 282 131 336 62 441 161 98 360 154 100 82 407 123 307 397 354 382 63 246 77 47 154 184 198 94 187 92 158
185 504 219 221 413 87 0 137 244 134 186 99 202 355 170 155 399 131 131 133 168 173 216 137 190 166 182 403 207 296 99 147 341 189 281 55 500 219 156 419 99 57 141 466 81 366 455 413 440 121 304 135 106 99 129 256 152 131 151 216
161 480 324 145 389 78 137 0 349 58 291 204 178 331 94 78 375 236 236 57 92 278 192 242 75 51 158 379 91 272 204 71 317 165 386 112 475 143 80 395 204 149 57 442 173 342 431 389 416 52 280 59 55 204 233 232 76 236 74 192
397 715 123 358 625 299 244 349 0 346 232 175 413 567 351 366 611 177 177 345 353 174 428 183 402 378 394 615 418 508 175 359 552 401 327 267 711 356 368 631 175 230 353 677 215 578 667 625 652 333 516 347 317 175 174 468 364 177 362 428
158 477 321 99 386 75 134 58 346 0 288 201 175 328 48 33 372 233 233 23 46 275 189 239 111 87 155 376 127 269 201 26 314 162 383 109 473 97 34 392 201 146 62 439 170 339 429 386 414 49 277 28 52 201 231 229 30 233 29 189
275 593 405 145 502 177 219 218 430 172 0 286 291 444 137 179 488 318 318 178 140 360 306 323 271 247 272 493 288 386 286 171 430 279 114 194 589 143 181 508 286 231 222 555 255 455 545 502 530 209 394 184 195 286 315 346 177 318 175 306
252 571 150 243 480 154 99 204 175 201 117 0 269 422 236 222 466 63 63 200 235 104 283 68 257 233 249 470 274 363 61 214 408 256 213 122 567 242 223 486 61 85 208 533 70 433 522 480 507 188 371 202 173 61 60 323 219 63 218 283
37 349 388 262 258 143 202 178 413 175 356 269 0 200 211 196 244 301 301 174 209 343 47 307 231 207 45 248 247 182 269 188 186 56 451 177 386 260 197 264 269 214 182 311 238 211 300 258 285 162 129 176 146 269 298 101 193 301 191 103
211 283 542 415 125 296 355 331 567 328 509 422 200 0 364 349 178 454 454 327 362 496 190 460 384 360 220 183 401 336 422 341 35 229 604 330 539 413 350 198 422 367 335 245 391 29 235 193 220 315 253 329 300 422 452 135 346 454 345 256
194 513 325 64 422 97 139 94 350 48 292 206 211 364 0 55 408 238 238 54 38 279 225 243 147 123 191 412 163 305 206 47 350 198 388 114 509 63 57 428 206 151 98 475 175 375 464 422 449 85 313 59 88 205 235 265 53 238 51 225
179 498 341 106 407 96 155 78 366 33 309 222 196 349 55 0 393 254 254 39 53 296 210 260 132 108 176 397 148 290 222 33 335 183 404 130 493 104 42 413 222 167 83 459 191 360 449 407 434 70 298 44 73 222 251 250 37 254 36 210
255 182 586 459 236 340 399 375 611 372 553 466 244 178 408 393 0 498 498 371 406 540 234 504 428 404 264 24 444 379 466 385 164 273 648 374 583 457 394 74 466 411 379 120 435 189 110 68 95 359 297 373 344 466 495 179 390 498 388 300
325 643 455 194 552 227 269 268 480 222 68 336 341 494 187 229 538 0 368 228 189 409 356 373 321 297 322 543 337 435 336 221 480 329 164 244 639 193 231 558 336 281 272 605 305 505 595 552 580 259 444 234 245 335 365 395 227 368 225 356
325 643 455 194 552 226 268 268 480 222 68 336 341 494 187 229 538 368 0 228 189 409 356 373 321 297 322 543 337 435 335 221 480 329 164 244 639 192 231 558 336 281 272 605 304 505 595 552 580 259 444 233 245 335 365 395 227 368 225 355
158 476 320 105 385 75 133 57 345 23 287 200 174 327 54 39 371 232 232 0 52 274 189 238 110 86 155 375 127 268 200 32 313 161 382 108 472 103 41 391 200 146 61 438 169 338 428 385 413 48 276 34 52 200 230 228 36 232 35 188
192 511 327 67 420 99 141 92 352 46 294 208 209 362 38 53 406 240 240 52 0 282 223 245 145 121 189 410 161 303 208 45 348 196 390 116 507 65 55 426 208 153 96 473 177 373 462 420 447 83 311 57 86 208 237 263 51 240 49 223
326 645 149 287 554 228 173 278 174 275 161 104 343 496 280 296 540 106 106 274 282 0 357 112 331 307 323 544 347 437 104 288 482 330 256 196 640 285 297 560 104 159 282 607 144 507 596 554 581 262 445 276 247 105 104 397 293 106 291 357
51 339 403 276 248 158 216 192 428 189 370 283 47 190 225 210 234 316 316 189 223 357 0 321 246 222 60 238 262 197 283 203 176 70 465 191 401 275 212 254 283 229 196 301 252 201 290 248 275 177 119 191 161 283 313 91 208 316 206 117
322 640 452 192 549 224 266 265 477 219 65 333 338 491 184 226 535 365 365 225 187 407 353 0 318 294 319 540 335 432 333 218 477 326 161 241 636 190 228 555 333 278 269 602 302 502 592 549 577 256 441 231 242 333 362 393 224 365 222 353
215 533 377 198 442 132 190 75 402 111 344 257 231 384 147 132 428 290 290 110 145 331 246 295 0 45 212 433 40 325 257 125 370 219 439 165 529 196 134 448 257 203 71 495 226 395 485 442 470 105 334 113 109 257 287 285 129 290 128 245
191 509 353 174 418 108 166 51 378 87 320 233 207 360 123 108 404 266 266 86 121 307 222 271 45 0 188 408 61 301 233 100 346 195 415 141 505 172 109 424 233 179 47 471 202 371 461 418 446 81 310 89 85 233 263 261 105 266 104 221
32 369 369 242 278 124 182 158 394 155 336 249 45 220 191 176 264 282 282 155 189 323 60 287 212 188 0 268 228 163 249 169 205 36 431 157 367 241 178 284 249 195 162 330 218 231 320 278 305 143 150 157 127 249 279 121 174 282 172 83
259 186 590 463 241 345 403 379 615 376 557 470 248 183 412 397 24 503 503 375 410 544 238 508 433 408 268 0 449 384 470 390 169 277 652 378 587 461 399 78 470 416 383 125 439 194 115 72 100 364 301 378 348 470 500 183 394 503 393 304
231 549 393 214 459 148 207 91 418 127 360 274 247 401 163 148 444 306 306 127 161 347 262 311 40 61 228 449 0 342 274 141 386 235 456 182 545 213 150 464 274 219 87 511 243 411 501 459 486 121 350 129 125 273 303 302 146 306 144 262
166 484 483 356 394 237 296 272 508 269 450 363 182 336 305 290 379 395 395 268 303 437 197 401 325 301 163 384 342 0 363 282 321 170 545 271 282 354 291 399 363 308 276 446 332 346 436 394 421 256 285 271 241 363 393 237 287 395 286 164
252 571 150 243 480 154 99 204 175 201 117 61 269 422 236 222 466 63 63 200 235 104 283 68 257 233 249 470 274 363 0 214 408 256 213 122 567 242 223 486 61 85 208 533 70 433 522 480 507 188 371 202 173 61 60 323 219 63 218 283
172 490 334 98 399 89 147 71 359 26 301 214 188 341 47 33 385 247 247 32 45 288 203 252 125 100 169 390 141 282 214 0 327 176 396 122 486 96 34 405 214 160 75 452 183 352 442 399 427 62 291 37 66 214 244 243 30 247 29 203
196 269 527 401 111 282 341 317 552 314 494 408 186 35 350 335 164 440 440 313 348 482 176 445 370 346 205 169 386 321 408 327 0 215 590 316 525 399 336 184 408 353 321 231 377 39 221 178 206 301 239 315 285 408 437 121 332 440 330 241
39 378 376 249 287 131 189 165 401 162 343 256 56 229 198 183 273 289 289 161 196 330 70 294 219 195 36 277 235 170 256 176 215 0 438 164 374 248 185 293 256 202 169 340 225 240 329 287 314 150 160 164 134 256 286 130 181 289 179 90
183 502 314 53 411 85 127 126 339 81 281 194 200 353 46 88 397 226 226 87 48 268 214 232 180 155 180 401 196 294 194 80 339 187 0 102 497 51 89 417 194 139 130 463 163 364 453 411 438 117 302 92 103 194 224 254 85 226 84 214
160 479 242 196 388 62 55 112 267 109 209 122 177 330 145 130 374 154 154 108 143 196 191 160 165 141 157 378 182 271 122 122 316 164 304 0 475 194 131 394 122 68 116 441 91 341 431 388 416 96 279 111 81 122 152 231 127 154 126 191
370 688 686 560 597 441 500 475 711 473 653 567 386 539 509 493 583 599 599 472 507 640 401 604 529 505 367 587 545 282 567 486 525 374 749 475 0 558 495 603 567 512 480 650 536 550 640 597 625 460 489 474 444 567 596 440 491 599 489 367
153 472 284 23 381 55 97 105 309 102 251 164 170 323 138 123 367 196 196 101 136 238 184 202 158 134 150 371 175 264 164 115 309 157 346 72 468 0 124 387 164 110 109 434 133 334 423 381 408 89 272 103 74 164 194 224 120 196 119 184
181 499 343 108 408 98 156 80 368 34 310 223 197 350 57 42 394 256 256 41 55 297 212 261 134 109 178 399 150 291 223 34 336 185 405 131 495 106 0 414 223 169 84 461 192 361 451 408 436 71 300 46 75 223 253 251 39 256 37 212
275 168 606 479 256 360 419 395 631 392 573 486 264 198 428 413 74 518 518 391 426 560 254 524 448 424 284 78 464 399 486 405 184 293 668 394 603 477 414 0 486 431 399 85 455 209 75 88 91 379 317 393 364 486 515 199 410 518 408 320
253 571 150 243 480 154 99 204 175 201 117 61 269 422 236 222 466 63 63 200 235 104 283 68 257 233 249 470 274 363 61 214 408 256 213 122 567 242 223 486 0 86 208 533 70 433 523 480 508 188 371 203 173 61 60 323 219 63 218 283
198 516 205 234 425 100 57 149 230 146 172 85 214 367 182 167 411 118 118 146 180 159 229 123 203 179 195 416 219 308 85 160 353 202 267 68 512 232 169 431 86 0 153 478 89 378 468 425 453 134 317 148 118 85 115 269 165 118 163 229
165 484 328 149 393 82 141 57 353 62 295 208 182 335 98 83 379 240 240 61 96 282 196 246 71 47 162 383 87 276 208 75 321 169 390 116 480 147 84 399 208 153 0 446 177 346 436 393 421 56 284 63 59 208 238 236 80 240 78 196
321 145 652 526 303 407 466 442 677 439 619 533 311 245 475 459 120 565 565 438 473 607 301 570 495 471 330 125 511 446 533 452 231 340 715 441 650 524 461 85 533 478 446 0 502 256 52 91 68 426 364 440 410 533 562 246 457 565 455 366
221 540 190 257 449 123 81 173 215 170 157 70 238 391 206 191 435 102 102 169 204 144 252 108 226 202 218 439 243 332 70 183 377 225 252 91 536 255 192 455 70 89 177 502 0 402 491 449 476 157 340 171 142 70 100 292 188 102 187 252
222 294 553 426 136 307 366 342 578 339 520 433 211 29 375 360 189 465 465 338 373 507 201 471 395 371 231 194 411 346 433 352 39 240 615 341 550 424 361 209 433 378 346 256 402 0 246 203 231 326 264 340 311 433 462 146 357 465 355 267
311 135 642 516 293 397 455 431 667 429 609 522 300 235 464 449 110 555 555 428 462 596 290 560 485 461 320 115 501 436 522 442 221 329 704 431 640 514 451 75 523 468 436 52 491 246 0 81 57 416 353 430 400 522 552 235 447 555 445 356
269 174 600 473 251 354 413 389 625 386 567 480 258 193 422 407 68 512 512 385 420 554 248 518 442 418 278 72 459 394 480 399 178 287 662 388 597 471 408 88 480 425 393 91 449 203 81 0 97 373 311 387 358 480 510 193 404 512 403 314
296 151 627 501 278 382 440 416 652 414 594 507 285 220 449 434 95 540 540 413 447 581 275 545 470 446 305 100 486 421 507 427 206 314 689 416 625 499 436 91 508 453 421 68 476 231 57 97 0 401 338 415 385 507 537 220 432 540 430 341
146 464 308 136 373 63 121 52 333 49 275 188 162 315 85 70 359 221 221 48 83 262 177 226 105 81 143 364 121 256 188 62 301 150 370 96 460 134 71 379 188 134 56 426 157 326 416 373 401 0 265 50 40 188 218 217 67 221 65 177
141 402 491 364 311 246 304 280 516 277 458 371 129 253 313 298 297 404 404 276 311 445 119 409 334 310 150 301 350 285 371 291 239 160 553 279 489 363 300 317 371 317 284 364 340 264 353 311 338 265 0 279 249 371 401 154 295 404 294 205
160 478 322 111 387 77 135 59 347 28 289 202 176 329 59 44 373 235 235 34 57 276 191 240 113 89 157 378 129 271 202 37 315 164 385 111 474 109 46 393 203 148 63 440 171 340 430 387 415 50 279 0 54 202 232 231 42 235 40 191
130 448 292 139 358 47 106 55 317 52 259 173 146 300 88 73 344 205 205 52 86 247 161 210 109 85 127 348 125 241 173 66 285 134 355 81 444 138 75 364 173 118 59 410 142 311 400 358 385 40 249 54 0 173 202 201 71 205 69 161
252 571 150 243 480 154 99 204 175 201 117 61 269 422 236 222 466 63 63 200 235 105 283 68 257 233 249 470 273 363 61 214 408 256 213 122 567 242 223 486 61 85 208 533 70 433 522 480 507 188 371 202 173 0 60 323 219 63 217 283
328 646 458 197 555 230 272 271 483 225 71 339 344 497 190 232 541 371 371 231 192 412 359 376 324 300 325 546 340 438 338 224 483 332 167 247 642 195 234 561 339 284 275 608 308 508 598 555 583 262 447 236 248 338 0 398 230 371 228 358
112 284 443 316 193 198 256 232 468 229 410 323 101 135 265 250 179 355 355 228 263 397 91 361 285 261 121 183 302 237 323 243 121 130 505 231 440 314 251 199 323 269 236 246 292 146 235 193 220 217 154 231 201 323 353 0 247 355 246 157
177 495 339 104 404 94 152 76 364 30 306 219 193 346 53 37 390 251 251 36 51 293 208 257 129 105 174 394 146 287 219 30 332 181 401 127 491 102 39 410 219 165 80 457 188 357 447 404 432 67 295 42 71 219 249 247 0 251 33 207
325 643 455 194 552 227 269 268 480 222 68 336 341 494 187 229 538 368 368 228 189 409 356 373 321 297 322 543 337 435 336 221 480 329 164 244 639 193 231 558 336 281 272 605 305 505 595 552 580 259 444 233 245 335 365 395 227 0 225 356
175 493 337 102 403 92 151 74 362 29 304 218 191 345 51 36 388 250 250 35 49 291 206 255 128 104 172 393 144 286 218 29 330 179 400 126 489 100 37 408 218 163 78 455 187 355 445 403 430 65 294 40 69 217 247 246 33 250 0 206
86 405 403 276 314 158 216 192 428 189 370 283 103 256 225 210 300 315 315 188 223 357 117 321 245 221 83 304 262 164 283 203 241 90 465 191 367 274 212 320 283 229 196 366 252 267 356 314 341 177 205 191 161 283 313 157 207 315 206 0
EOF