NAME : tsp_problem
TYPE : TSP
DIMENSION : 42
EDGE_WEIGHT_TYPE : EXPLICIT
EDGE_WEIGHT_FORMAT : FULL_MATRIX
EDGE_WEIGHT_SECTION
0 389 262 399 326 197 332 249 347 119 58 394 306 107 282 100 149 131 194 307 73 107 374 423 297 32 194 123 384 68 438 330 358 150 65 93 80 87 137 327 114 34
389 0 623 52 687 558 278 609 293 311 421 47 667 468 228 463 332 491 555 668 434 469 57 369 244 393 555 317 37 430 135 691 69 290 428 455 442 449 499 687 320 395
262 623 0 633 264 135 565 187 580 353 293 628 74 186 515 335 383 170 133 246 220 342 608 656 531 266 133 356 618 303 671 269 591 384 300 327 315 322 296 85 347 268
399 52 633 0 697 568 288 619 303 321 431 49 677 478 238 473 343 502 565 678 444 479 68 379 254 403 565 327 47 440 145 701 80 301 438 465 452 459 509 697 330 405
102 463 304 473 0 239 405 290 420 193 125 468 348 149 355 167 223 172 236 349 115 173 448 496 371 106 236 196 458 101 511 372 431 224 96 159 89 97 46 368 187 108
232 593 434 603 144 0 535 66 550 323 255 598 478 279 485 297 353 303 366 125 245 303 578 626 501 236 366 326 588 232 641 148 561 354 226 289 219 227 176 498 317 238
332 278 565 288 629 500 0 552 168 254 363 283 610 410 78 405 275 434 497 610 376 411 263 244 119 335 497 259 273 372 326 634 246 233 370 397 384 392 441 630 262 338
184 545 386 555 96 321 487 0 502 275 207 550 430 231 437 249 305 255 318 77 197 255 530 578 453 188 318 278 540 184 593 100 513 306 178 241 171 179 128 451 269 190
347 293 580 303 644 515 168 567 0 269 378 298 625 425 118 420 290 449 512 625 392 426 278 131 79 350 512 274 288 387 341 649 262 248 385 412 399 407 456 645 277 353
119 311 353 321 417 288 254 339 269 0 150 316 397 198 204 193 62 221 285 398 164 199 296 345 219 123 285 39 306 160 360 421 280 51 158 185 172 179 229 417 30 125
58 421 293 431 357 228 363 280 378 150 0 426 338 138 313 64 181 162 225 338 105 71 406 454 328 54 225 154 416 48 469 362 389 181 46 56 60 68 117 358 145 51
394 47 628 49 692 563 283 614 298 316 426 0 672 473 233 468 337 496 560 673 439 474 62 374 249 398 560 322 42 435 140 696 74 295 433 460 447 454 504 692 325 400
306 667 74 677 309 180 610 232 625 397 338 672 0 230 560 380 427 215 177 290 264 386 652 700 575 310 177 401 662 347 715 314 636 428 345 372 359 366 341 109 392 312
107 468 186 478 250 121 410 172 425 198 138 473 230 0 360 181 228 89 118 231 65 187 453 501 376 111 118 201 463 148 516 254 436 229 146 173 160 167 217 250 192 113
282 228 515 238 579 450 78 502 118 204 313 233 560 360 0 355 225 384 447 560 327 361 213 194 69 285 447 209 223 322 276 584 197 183 320 347 334 342 391 580 212 288
100 463 335 473 399 270 405 322 420 193 64 468 380 181 355 0 223 204 267 380 147 47 448 496 371 96 267 196 458 90 511 404 431 224 88 37 102 110 159 400 187 93
149 332 383 343 447 318 275 369 290 62 181 337 427 228 225 223 0 252 315 428 194 229 317 366 240 153 315 67 327 190 381 451 301 72 188 215 202 209 259 448 60 155
131 491 170 502 234 105 434 157 449 221 162 496 215 89 384 204 252 0 102 215 88 210 476 525 399 134 102 225 487 171 540 239 460 252 169 196 183 191 240 235 216 137
234 595 436 605 146 371 537 68 552 325 257 600 480 281 487 299 355 305 0 127 247 305 580 628 503 238 368 328 590 233 643 150 563 356 228 291 221 229 178 500 319 240
123 483 324 494 388 259 426 311 441 213 145 488 369 170 376 187 244 193 256 0 136 194 468 517 391 126 256 217 478 122 532 393 452 244 117 179 110 118 66 389 208 129
73 434 220 444 283 154 376 206 392 164 105 439 264 65 327 147 194 88 152 265 0 153 419 467 342 77 152 167 429 114 482 288 403 195 112 139 126 133 183 284 158 79
107 469 342 479 406 277 411 328 426 199 71 474 386 187 361 47 229 210 274 387 153 0 454 502 377 102 274 202 464 97 517 410 437 230 94 43 109 116 166 406 193 99
374 57 608 68 672 543 263 594 278 296 406 62 652 453 213 448 317 476 540 653 419 454 0 354 229 378 540 302 53 415 151 676 85 275 413 440 427 434 484 672 305 380
423 369 656 379 720 591 244 643 131 345 454 374 700 501 194 496 366 525 588 701 467 502 354 0 155 426 588 350 364 463 417 724 337 324 461 488 475 483 532 721 353 428
297 244 531 254 595 466 119 517 79 219 328 249 575 376 69 371 240 399 463 576 342 377 229 155 0 301 463 225 239 338 292 599 212 198 336 363 350 357 407 595 228 303
32 393 266 403 329 200 335 252 350 123 54 398 310 111 285 96 153 134 198 311 77 102 378 426 301 0 198 126 388 63 441 334 361 154 61 88 75 83 132 330 117 38
234 595 436 605 146 371 537 68 552 325 257 600 480 281 487 299 355 305 368 127 247 305 580 628 503 238 0 328 590 233 643 150 563 356 228 291 221 229 178 500 319 240
123 317 356 327 420 291 259 343 274 39 154 322 401 201 209 196 67 225 288 401 167 202 302 350 225 126 288 0 312 163 365 425 285 57 161 188 175 183 232 421 33 129
384 37 618 47 682 553 273 604 288 306 416 42 662 463 223 458 327 487 550 663 429 464 53 364 239 388 550 312 0 425 130 686 65 285 423 450 437 444 494 682 315 390
68 430 303 440 367 238 372 289 387 160 48 435 347 148 322 90 190 171 235 348 114 97 415 463 338 63 235 163 425 0 478 371 398 191 34 82 37 44 94 367 154 60
438 135 671 145 735 606 326 658 341 360 469 140 715 516 276 511 381 540 603 716 482 517 151 417 292 441 603 365 130 478 0 739 163 339 476 503 490 498 547 736 368 443
97 457 299 468 362 233 400 285 415 187 119 462 343 144 350 162 218 167 231 344 110 168 442 491 365 100 231 191 453 96 506 0 426 218 91 154 84 92 40 363 182 103
358 69 591 80 655 526 246 578 262 280 389 74 636 436 197 431 301 460 523 636 403 437 85 337 212 361 523 285 65 398 163 660 0 259 396 423 410 418 467 656 288 364
150 290 384 301 448 318 233 370 248 51 181 295 428 229 183 224 72 252 316 429 195 230 275 324 198 154 316 57 285 191 339 452 259 0 189 216 203 210 260 448 60 156
65 428 300 438 364 235 370 287 385 158 46 433 345 146 320 88 188 169 232 345 112 94 413 461 336 61 232 161 423 34 476 369 396 189 0 80 32 39 89 365 152 58
93 455 327 465 391 262 397 314 412 185 56 460 372 173 347 37 215 196 259 372 139 43 440 488 363 88 259 188 450 82 503 396 423 216 80 0 94 102 151 392 179 85
80 442 315 452 379 249 384 301 399 172 60 447 359 160 334 102 202 183 247 360 126 109 427 475 350 75 247 175 437 37 490 383 410 203 32 94 0 33 81 379 166 72
87 449 322 459 386 257 392 309 407 179 68 454 366 167 342 110 209 191 254 367 133 116 434 483 357 83 254 183 444 44 498 390 418 210 39 102 33 0 90 387 174 80
76 437 278 447 342 213 379 264 394 167 107 442 322 123 329 149 197 147 210 323 89 156 422 470 345 80 210 170 432 117 485 346 405 198 114 142 129 136 0 342 161 82
327 687 85 697 329 200 630 252 645 417 358 692 109 250 580 400 448 235 197 310 284 406 672 721 595 330 197 421 682 367 736 334 656 448 365 392 379 387 361 0 412 332
114 320 347 330 411 282 262 334 277 30 145 325 392 192 212 187 60 216 279 392 158 193 305 353 228 117 279 33 315 154 368 416 288 60 152 179 166 174 223 412 0 120
34 395 268 405 332 203 338 254 353 125 51 400 312 113 288 93 155 137 200 313 79 99 380 428 303 38 200 129 390 60 443 336 364 156 58 85 72 80 129 332 120 0
EOF