NAME : tsp_problem
TYPE : TSP
DIMENSION : 28
EDGE_WEIGHT_TYPE : EXPLICIT
EDGE_WEIGHT_FORMAT : FULL_MATRIX
EDGE_WEIGHT_SECTION
0 249 859 1067 760 908 713 414 1047 576 548 689 868 1089 739 154 1319 1596 250 1736 1634 341 1827 1054 243 619 934 176
249 0 1086 1294 861 1135 940 641 1274 617 649 916 969 1316 840 122 1546 1823 207 1963 1861 179 2054 1281 344 771 1161 403
859 1086 0 737 1461 136 1391 477 220 530 1386 198 1706 262 1577 991 601 878 936 1019 916 1016 1109 228 1081 1296 309 773
987 1214 737 0 1589 737 1519 798 710 907 1514 903 1834 698 1705 1120 660 937 1167 1077 968 1271 1161 711 1209 1425 735 880
760 861 1461 1669 0 1510 410 1016 1649 1177 332 1291 315 1691 427 766 1921 2198 862 2338 2235 953 2429 1656 543 263 1535 777
856 1083 136 737 1458 0 1388 526 324 579 1383 247 1703 366 1574 989 705 982 985 1123 1020 1065 1213 332 1078 1294 386 749
713 940 1391 1599 410 1440 0 945 1578 1107 537 1221 689 1620 632 845 1850 2127 892 2268 2165 997 2358 1586 748 338 1465 707
414 641 477 798 1016 526 945 0 665 218 940 307 1261 707 1131 546 1022 1299 495 1440 1361 575 1554 672 635 851 664 327
1047 1274 220 710 1649 324 1578 665 0 718 1573 386 1894 95 1765 1179 574 851 1124 991 888 1204 1081 61 1268 1484 356 944
576 617 530 907 1177 579 1107 218 718 0 1061 360 1381 760 1252 534 1075 1352 430 1493 1414 510 1607 725 755 1013 773 489
548 649 1386 1594 332 1435 537 940 1573 1061 0 1216 440 1615 311 554 1846 2122 650 2263 2160 742 2353 1581 331 241 1460 702
689 916 198 903 1291 247 1221 307 386 360 1216 0 1536 428 1407 821 743 1020 766 1161 1082 846 1275 393 911 1126 475 603
868 969 1706 1914 315 1755 689 1261 1894 1381 440 1536 0 1936 194 875 2166 2443 971 2583 2481 1062 2674 1901 652 466 1780 1022
1089 1316 262 698 1691 366 1620 707 95 760 1615 428 1936 0 1806 1221 562 838 1166 979 876 1245 1069 97 1310 1526 398 986
739 840 1577 1785 427 1626 632 1131 1765 1252 311 1407 194 1806 0 746 2037 2314 842 2454 2351 933 2545 1772 522 337 1651 893
154 122 991 1199 766 1040 845 546 1179 534 554 821 875 1221 746 0 1451 1728 124 1868 1766 215 1959 1187 249 676 1066 308
1239 1466 601 660 1841 705 1770 1022 574 1075 1765 743 2086 562 1957 1371 0 308 1418 448 587 1522 766 575 1460 1676 669 1132
1516 1743 878 937 2118 982 2047 1299 851 1352 2042 1020 2363 838 2234 1648 308 0 1695 176 719 1799 493 852 1737 1953 946 1409
250 207 936 1233 862 985 892 495 1124 430 650 766 971 1166 842 124 1481 1758 0 1899 1800 158 1993 1131 345 772 1099 355
1656 1883 1019 1077 2258 1123 2188 1440 991 1493 2183 1161 2503 979 2374 1788 448 176 1835 0 640 1940 414 993 1878 2093 1086 1549
1477 1704 840 892 2079 944 2009 1284 812 1337 2004 1006 2324 800 2195 1610 510 787 1657 872 0 1761 519 814 1699 1915 907 1371
341 179 1016 1313 953 1065 997 575 1204 510 742 846 1062 1245 933 215 1561 1838 158 1978 1880 0 2073 1211 436 863 1179 459
1732 1959 1094 1146 2333 1198 2263 1539 1066 1591 2258 1260 2578 1054 2449 1864 765 493 1911 414 286 2015 0 1068 1953 2169 1161 1625
1054 1281 228 711 1656 332 1586 672 61 725 1581 393 1901 97 1772 1187 575 852 1131 993 890 1211 1083 0 1276 1492 363 952
243 344 1081 1289 543 1130 748 635 1268 755 331 911 652 1310 522 249 1540 1817 345 1958 1855 436 2048 1276 0 453 1155 397
619 771 1296 1505 263 1345 338 851 1484 1013 241 1126 466 1526 337 676 1756 2033 772 2174 2071 863 2264 1492 453 0 1371 613
854 1081 309 735 1455 386 1385 664 356 773 1380 475 1700 398 1571 986 669 946 1033 1086 983 1137 1176 363 1075 1291 0 747
176 403 773 979 777 822 707 327 960 489 702 603 1022 1002 893 308 1230 1507 355 1648 1545 459 1738 968 397 613 845 0
EOF