NAME : tsp_problem
TYPE : TSP
DIMENSION : 20
EDGE_WEIGHT_TYPE : EXPLICIT
EDGE_WEIGHT_FORMAT : FULL_MATRIX
EDGE_WEIGHT_SECTION
0 858 901 1054 1157 1728 1151 669 1804 1447 1210 711 977 2159 1482 1002 1113 2488 994 1600
858 0 443 501 698 1269 692 988 1346 988 593 273 518 1700 970 484 654 2029 535 1141
1094 635 0 509 413 1070 606 1301 1146 789 665 779 420 1501 824 457 369 1830 437 942
1054 501 316 0 422 964 307 1241 1040 682 258 550 264 1394 608 85 452 1723 248 835
1266 807 380 422 0 693 284 1473 769 411 525 870 219 1123 446 370 82 1452 197 564
1808 1349 951 964 693 0 718 2015 183 592 1009 1409 780 487 800 913 739 816 757 164
1151 692 414 307 284 718 0 1358 794 436 352 752 250 1148 472 256 330 1477 233 589
669 988 1108 1241 1364 1935 1358 0 2011 1654 1334 841 1184 2366 1689 1209 1319 2694 1200 1807
1884 1425 1027 1040 769 183 794 2091 0 732 1085 1485 856 460 877 989 815 956 834 240
1527 1068 669 682 411 592 436 1734 732 0 727 1127 498 802 368 631 457 1130 476 637
1211 593 473 258 525 1009 352 1334 1085 727 0 642 367 1403 402 241 555 1731 351 880
711 273 586 550 842 1409 752 841 1485 1127 642 0 662 1839 1019 533 797 2168 678 1280
1109 650 200 264 219 780 250 1316 856 498 367 713 0 1210 534 213 216 1539 45 651
2239 1780 1381 1394 1123 487 1148 2446 460 802 1403 1839 1210 0 1027 1343 1169 833 1188 608
1507 970 705 608 446 800 472 1711 877 368 402 1019 534 1027 0 591 492 1356 511 672
1003 484 265 85 370 913 256 1210 989 631 241 533 213 1343 591 0 400 1672 196 784
1224 765 335 452 82 739 330 1431 815 457 555 900 216 1169 492 400 0 1498 233 610
2485 2026 1628 1641 1369 733 1395 2692 873 1048 1649 2086 1457 750 1273 1589 1416 0 1434 854
1092 633 216 248 197 757 233 1299 834 476 351 696 45 1188 511 196 233 1517 0 629
1680 1221 822 835 564 164 589 1887 240 637 880 1280 651 608 672 784 610 936 629 0
EOF