NAME : tsp_problem
TYPE : TSP
DIMENSION : 60
EDGE_WEIGHT_TYPE : EXPLICIT
EDGE_WEIGHT_FORMAT : FULL_MATRIX
EDGE_WEIGHT_SECTION
0 362 699 706 584 515 633 845 573 490 968 225 126 742 726 947 1114 492 814 319 326 602 139 1003 258 638 637 759 307 551 403 859 527 381 1090 558 142 623 434 817 717 200 913 1139 806 745 740 632 313 764 671 549 923 1155 494 478 764 637 1133 745
362 0 620 517 505 436 444 656 494 301 779 263 306 663 647 758 925 413 736 298 496 524 270 814 438 448 448 570 247 361 325 670 338 453 901 369 263 434 245 628 619 381 797 950 727 556 551 553 493 685 482 360 734 966 416 399 575 558 944 666
699 620 0 675 133 222 602 267 259 458 563 601 643 281 412 446 613 469 244 611 809 596 607 425 775 241 605 181 561 519 348 281 400 767 589 308 600 591 457 239 51 718 247 561 240 677 602 85 831 450 640 311 344 576 237 254 169 134 554 483
706 517 675 0 775 781 140 570 839 251 420 562 651 879 992 427 594 758 827 487 685 869 615 785 783 482 322 604 437 395 670 641 372 643 569 403 608 263 333 652 653 726 830 758 823 197 407 727 707 1030 222 393 705 753 760 744 608 726 751 1011
584 505 133 775 0 107 702 366 292 558 662 486 528 344 445 546 713 354 343 568 729 481 493 524 660 340 705 280 518 619 233 380 500 723 688 407 485 691 557 338 151 603 347 661 340 777 702 65 716 483 739 411 444 676 122 196 269 71 654 516
515 436 222 781 107 0 708 455 223 564 752 416 459 391 375 635 802 285 433 499 659 412 423 613 591 430 711 370 448 625 163 469 589 654 777 497 416 697 509 427 240 534 436 750 429 820 791 154 647 413 745 500 533 765 53 127 358 160 743 446
633 444 602 140 702 708 0 617 766 178 501 489 578 806 919 508 675 685 754 414 612 795 542 775 710 409 249 531 364 322 596 631 299 570 650 330 534 149 260 589 580 652 757 839 750 278 352 654 634 957 129 320 695 834 687 671 535 653 833 938
845 656 267 570 366 455 617 0 493 473 336 701 790 471 646 220 387 703 418 626 824 830 754 255 921 256 499 112 576 534 581 111 415 781 362 323 746 606 472 128 244 864 422 391 415 451 376 319 846 684 654 326 175 407 471 488 178 318 385 717
573 494 259 839 292 223 766 493 0 623 789 475 518 299 273 673 840 344 372 557 718 471 482 651 649 467 770 407 507 684 222 507 626 713 815 534 474 756 567 465 278 592 474 787 363 878 829 275 705 310 804 538 571 803 202 125 396 324 781 344
490 301 458 251 558 564 178 473 623 0 513 346 434 663 776 492 658 542 610 271 469 652 399 631 566 266 181 388 220 179 453 487 156 426 634 186 391 236 117 445 436 509 614 768 607 290 284 511 491 814 215 177 551 783 544 527 392 510 761 795
968 779 563 420 662 752 501 336 789 513 0 824 913 767 942 141 257 999 715 749 947 1126 877 536 1045 552 376 408 699 657 877 407 634 905 232 619 869 598 595 418 541 987 718 389 711 300 254 615 969 980 577 622 471 375 767 784 474 614 414 1013
225 263 601 562 486 416 489 701 475 346 824 0 170 643 628 803 970 394 716 150 348 504 134 859 301 494 493 615 138 407 305 715 384 305 946 414 126 479 290 673 619 244 815 995 707 601 596 533 357 666 527 405 779 1011 396 379 620 539 989 647
126 306 643 651 528 459 578 790 518 434 913 170 0 686 670 892 1059 436 759 263 238 547 84 948 170 582 581 704 252 495 348 804 472 294 1034 503 86 567 379 762 662 113 858 1084 750 690 684 576 226 708 615 493 867 1099 439 422 708 582 1077 689
742 663 281 879 344 391 806 471 299 663 767 643 686 0 452 651 818 512 109 726 886 639 650 629 818 445 809 385 675 723 390 485 604 881 793 512 643 796 661 443 274 761 236 765 100 881 807 297 874 490 844 515 549 781 371 294 374 346 758 523
726 647 412 992 445 375 919 646 273 776 942 628 670 452 0 826 993 359 525 710 871 342 635 804 802 620 922 560 660 836 375 660 779 866 968 687 627 909 720 618 431 745 627 940 516 1031 982 428 858 94 957 690 724 956 355 278 549 477 933 127
947 758 446 427 546 635 508 220 673 492 141 803 892 651 826 0 191 883 598 728 926 1010 856 435 1024 435 355 291 678 636 761 291 595 884 167 502 848 605 574 301 424 966 602 356 595 307 233 499 948 864 584 506 355 350 651 667 358 498 349 897
1114 925 613 594 713 802 675 387 840 658 257 970 1059 818 993 191 0 1050 765 895 1093 1177 1023 305 1191 602 522 458 845 803 928 366 761 1051 90 669 1015 772 741 468 591 1133 769 190 761 474 399 666 1115 1030 751 673 301 205 817 834 524 665 183 1064
492 413 469 758 354 285 685 703 344 542 999 394 436 512 359 883 1050 0 585 476 637 151 401 861 568 677 689 617 426 602 140 717 579 632 1025 610 393 675 486 675 488 511 684 997 576 797 792 402 624 397 723 600 781 1013 265 248 606 408 991 294
814 736 244 827 343 433 754 418 372 610 715 716 759 109 525 598 765 585 0 763 959 712 723 576 891 393 757 333 713 671 463 432 552 918 740 460 716 743 609 390 222 834 183 713 57 829 754 296 946 563 791 463 496 728 443 367 321 345 706 596
319 298 611 487 568 499 414 626 557 271 749 150 263 726 710 728 895 476 763 0 249 587 227 784 395 419 418 540 63 332 388 640 309 206 871 339 220 404 215 598 589 338 767 920 760 526 521 616 271 748 452 330 704 936 478 462 545 621 914 729
326 496 809 685 729 659 612 824 718 469 947 348 238 886 871 926 1093 637 959 249 0 747 284 982 267 617 616 738 261 530 548 838 506 96 1069 537 287 602 413 796 787 170 965 1118 950 724 719 776 73 909 650 528 902 1134 639 622 743 782 1112 890
602 524 596 869 481 412 795 830 471 652 1126 504 547 639 342 1010 1177 151 712 587 747 0 511 988 679 800 799 744 536 713 266 844 690 742 1152 720 503 785 596 802 615 621 811 1124 703 907 902 529 734 380 833 711 908 1140 392 375 733 534 1117 277
139 270 607 615 493 423 542 754 482 399 877 134 84 650 635 856 1023 401 723 227 284 511 0 912 216 546 545 668 216 459 312 768 436 339 998 467 59 531 343 726 626 158 822 1048 714 654 648 540 271 673 580 457 832 1063 403 386 672 546 1041 654
1003 814 425 785 524 613 775 255 651 631 536 859 948 629 804 435 305 861 576 784 982 988 912 0 1079 414 713 270 734 692 739 169 573 939 330 481 904 764 630 286 402 1022 580 244 573 666 591 477 1004 842 812 484 108 259 629 646 336 476 237 875
258 438 775 783 660 591 710 921 649 566 1045 301 170 818 802 1024 1191 568 891 395 267 679 216 1079 0 714 713 836 383 627 480 935 604 323 1166 634 218 699 511 893 794 142 990 1216 882 822 816 708 255 840 747 625 999 1231 571 554 840 713 1209 821
638 448 241 482 340 430 409 256 467 266 552 494 582 445 620 435 602 677 393 419 617 800 546 414 714 0 413 170 368 326 555 270 207 574 578 115 539 399 264 228 219 657 396 550 389 521 516 293 638 658 447 118 333 565 445 462 174 292 543 691
637 448 605 322 705 711 249 499 770 181 376 493 581 809 922 355 522 689 757 418 616 799 545 713 713 413 0 534 367 325 600 569 302 573 497 333 538 307 264 580 583 656 761 686 753 361 147 658 638 960 286 324 633 681 691 674 539 657 680 942
759 570 181 604 280 370 531 112 407 388 408 615 704 385 560 291 458 617 333 540 738 744 668 270 836 170 534 0 490 448 495 126 329 696 434 237 660 520 386 83 159 778 336 406 329 522 447 233 760 598 569 240 189 421 385 402 92 232 399 631
307 247 561 437 518 448 364 576 507 220 699 138 252 675 660 678 845 426 713 63 261 536 216 734 383 368 367 490 0 281 337 590 258 219 820 289 208 353 165 548 539 326 716 870 709 476 470 565 283 698 401 279 653 885 428 411 494 571 863 679
551 361 519 395 619 625 322 534 684 179 657 407 495 723 836 636 803 602 671 332 530 713 459 692 627 326 325 448 281 0 514 548 216 487 778 247 452 222 177 506 497 570 674 828 667 434 429 572 551 874 284 237 612 844 605 588 452 571 822 855
403 325 348 670 233 163 596 581 222 453 877 305 348 390 375 761 928 140 463 388 548 266 312 739 480 555 600 495 337 514 0 595 491 543 903 521 304 586 397 553 366 422 562 875 454 709 703 280 535 413 634 512 659 891 143 126 484 286 869 409
859 670 281 641 380 469 631 111 507 487 407 715 804 485 660 291 366 717 432 640 838 844 768 169 935 270 569 126 590 548 595 0 429 796 392 337 760 620 486 142 258 878 436 305 429 522 447 333 860 698 668 340 89 321 485 502 192 332 299 731
527 338 400 372 500 589 299 415 626 156 634 384 472 604 779 595 761 579 552 309 506 690 436 573 604 207 302 329 258 216 491 429 0 464 737 128 429 289 154 387 378 547 555 709 548 411 405 452 528 817 337 118 493 724 582 565 333 451 702 832
381 453 767 643 723 654 570 781 713 426 905 305 294 881 866 884 1051 632 918 206 96 742 339 939 323 574 573 696 219 487 543 796 464 0 1026 495 342 559 371 753 745 225 922 1076 915 682 676 771 118 904 607 485 859 1091 634 617 700 777 1069 885
1090 901 589 569 688 777 650 362 815 634 232 946 1034 793 968 167 90 1025 740 871 1069 1152 998 330 1166 578 497 434 820 778 903 392 737 1026 0 645 991 747 717 443 566 1109 744 215 737 450 375 641 1091 1006 727 648 327 231 793 810 500 640 209 1039
558 369 308 403 407 497 330 323 534 186 619 414 503 512 687 502 669 610 460 339 537 720 467 481 634 115 333 237 289 247 521 337 128 495 645 0 459 319 185 295 286 577 463 617 456 442 436 360 559 725 367 43 400 632 512 529 241 359 610 758
142 263 600 608 485 416 534 746 474 391 869 126 86 643 627 848 1015 393 716 220 287 503 59 904 218 539 538 660 208 452 304 760 429 342 991 459 0 524 335 718 618 161 814 1041 707 646 641 533 274 665 572 450 824 1056 395 379 665 538 1034 646
623 434 591 263 691 697 149 606 756 236 598 479 567 796 909 605 772 675 743 404 602 785 531 764 699 399 307 520 353 222 586 620 289 559 747 319 524 0 250 578 569 642 747 900 740 375 410 644 624 947 91 310 684 916 677 660 525 643 894 928
434 245 457 333 557 509 260 472 567 117 595 290 379 661 720 574 741 486 609 215 413 596 343 630 511 264 264 386 165 177 397 486 154 371 717 185 335 250 0 444 435 453 613 766 605 372 367 510 435 758 298 176 550 782 488 472 390 509 760 739
817 628 239 652 338 427 589 128 465 445 418 673 762 443 618 301 468 675 390 598 796 802 726 286 893 228 580 83 548 506 553 142 387 753 443 295 718 578 444 0 216 836 394 423 387 532 457 291 818 656 626 298 206 438 443 460 150 290 416 689
717 619 51 653 151 240 580 244 278 436 541 619 662 274 431 424 591 488 222 589 787 615 626 402 794 219 583 159 539 497 366 258 378 745 566 286 618 569 435 216 0 736 225 539 218 655 580 104 809 469 617 289 322 554 256 272 147 153 532 502
200 381 718 726 603 534 652 864 592 509 987 244 113 761 745 966 1133 511 834 338 170 621 158 1022 142 657 656 778 326 570 422 878 547 225 1109 577 161 642 453 836 736 0 932 1158 825 764 759 651 157 783 690 568 942 1174 513 497 783 656 1152 764
913 797 247 830 347 436 757 422 474 614 718 815 858 236 627 602 769 684 183 767 965 811 822 580 990 396 761 336 716 674 562 436 555 922 744 463 814 747 613 394 225 932 0 716 180 833 758 300 987 665 795 466 500 732 452 468 325 349 710 698
1139 950 561 758 661 750 839 391 787 768 389 995 1084 765 940 356 190 997 713 920 1118 1124 1048 244 1216 550 686 406 870 828 875 305 709 1076 215 617 1041 900 766 423 539 1158 716 0 709 639 564 613 1140 978 916 620 240 52 765 782 472 612 98 1011
806 727 240 823 340 429 750 415 363 607 711 707 750 100 516 595 761 576 57 760 950 703 714 573 882 389 753 329 709 667 454 429 548 915 737 456 707 740 605 387 218 825 180 709 0 825 751 293 937 554 788 459 493 724 434 358 318 342 702 587
745 556 677 197 777 820 278 451 878 290 300 601 690 881 1031 307 474 797 829 526 724 907 654 666 822 521 361 522 476 434 709 522 411 682 450 442 646 375 372 532 655 764 833 639 825 0 288 730 746 1069 354 432 586 633 799 783 588 729 632 1050
740 551 602 407 702 791 352 376 829 284 254 596 684 807 982 233 399 792 754 521 719 902 648 591 816 516 147 447 470 429 703 447 405 676 375 436 641 410 367 457 580 759 758 564 751 288 0 655 741 1020 390 427 511 558 794 777 514 654 557 1045
632 553 85 727 65 154 654 319 275 511 615 533 576 297 428 499 666 402 296 616 776 529 540 477 708 293 658 233 565 572 280 333 452 771 641 360 533 644 510 291 104 651 300 613 293 730 655 0 764 466 692 364 397 629 170 244 222 67 607 499
313 493 831 707 716 647 634 846 705 491 969 357 226 874 858 948 1115 624 946 271 73 734 271 1004 255 638 638 760 283 551 535 860 528 118 1091 559 274 624 435 818 809 157 987 1140 937 746 741 764 0 896 672 550 924 1156 626 610 765 769 1134 877
764 685 450 1030 483 413 957 684 310 814 980 666 708 490 94 864 1030 397 563 748 909 380 673 842 840 658 960 598 698 874 413 698 817 904 1006 725 665 947 758 656 469 783 665 978 554 1069 1020 466 896 0 995 728 762 993 393 316 587 515 971 165
671 482 640 222 739 745 129 654 804 215 577 527 615 844 957 584 751 723 791 452 650 833 580 812 747 447 286 569 401 284 634 668 337 607 727 367 572 91 298 626 617 690 795 916 788 354 390 692 672 995 0 358 732 910 725 708 573 691 909 976
549 360 311 393 411 500 320 326 538 177 622 405 493 515 690 506 673 600 463 330 528 711 457 484 625 118 324 240 279 237 512 340 118 485 648 43 450 310 176 298 289 568 466 620 459 432 427 364 550 728 358 0 404 636 515 532 244 362 614 761
923 734 344 705 444 533 695 175 571 551 471 779 867 549 724 355 301 781 496 704 902 908 832 108 999 333 633 189 653 612 659 89 493 859 327 400 824 684 550 206 322 942 500 240 493 586 511 397 924 762 732 404 0 256 549 566 256 396 234 795
1155 966 576 753 676 765 834 407 803 783 375 1011 1099 781 956 350 205 1013 728 936 1134 1140 1063 259 1231 565 681 421 885 844 891 321 724 1091 231 632 1056 916 782 438 554 1174 732 52 724 633 558 629 1156 993 910 636 256 0 780 797 487 628 114 1027
494 416 237 760 122 53 687 471 202 544 767 396 439 371 355 651 817 265 443 478 639 392 403 629 571 445 691 385 428 605 143 485 582 634 793 512 395 677 488 443 256 513 452 765 434 799 794 170 626 393 725 515 549 780 0 107 374 175 758 426
478 399 254 744 196 127 671 488 125 527 784 379 422 294 278 667 834 248 367 462 622 375 386 646 554 462 674 402 411 588 126 502 565 617 810 529 379 660 472 460 272 497 468 782 358 783 777 244 610 316 708 532 566 797 107 0 390 249 775 349
1146 956 546 990 646 735 917 566 771 774 862 1002 1090 750 801 745 912 983 698 927 1125 1086 1054 724 1222 556 921 480 876 834 861 580 715 1082 888 623 1047 907 772 537 524 1165 702 860 694 976 901 599 1146 839 955 626 643 875 750 767 0 598 853 872
637 558 134 726 71 160 653 318 324 510 614 539 582 346 477 498 665 408 345 621 782 534 546 476 713 292 657 232 571 571 286 332 451 777 640 359 538 643 509 290 153 656 349 612 342 729 654 67 769 515 691 362 396 628 175 249 221 0 606 548
1133 944 554 751 654 743 833 385 781 761 414 989 1077 758 933 349 183 991 706 914 1112 1117 1041 237 1209 543 680 399 863 822 869 299 702 1069 209 610 1034 894 760 416 532 1152 710 98 702 632 557 607 1134 971 909 614 234 114 758 775 465 606 0 1004
745 666 483 1011 516 446 938 717 344 795 1013 647 689 523 127 897 1064 294 596 729 890 277 654 875 821 691 942 631 679 855 409 731 832 885 1039 758 646 928 739 689 502 764 698 1011 587 1050 1045 499 877 165 976 761 795 1027 426 349 620 548 1004 0
EOF