NAME : tsp_problem
TYPE : TSP
DIMENSION : 30
EDGE_WEIGHT_TYPE : EXPLICIT
EDGE_WEIGHT_FORMAT : FULL_MATRIX
EDGE_WEIGHT_SECTION
0 591 821 667 620 657 782 517 478 768 683 837 729 232 862 750 608 1129 1071 764 1019 696 724 997 847 776 628 100 143 139
598 0 1138 556 317 354 478 583 881 302 749 537 1046 509 791 895 925 836 797 1081 745 393 633 926 543 506 324 539 483 648
821 1147 0 792 1395 1433 1557 700 1254 1048 537 1613 227 984 841 1525 698 1904 1072 418 1020 1472 724 736 1622 1551 1403 867 918 824
667 556 792 0 697 735 859 194 949 386 302 918 700 577 413 1220 743 1217 550 653 498 774 136 548 921 887 705 608 552 716
620 317 1395 697 0 97 221 849 757 444 967 280 1304 503 933 690 1183 579 939 1318 887 136 775 1067 251 249 67 561 567 713
657 354 1433 735 97 0 248 886 794 481 1004 307 1341 540 970 716 1220 606 976 1355 924 162 812 1105 323 276 105 598 604 750
782 478 1557 859 221 248 0 1011 811 606 1129 210 1465 665 1095 619 1344 509 1100 1480 1048 183 936 1229 243 179 229 722 728 875
517 590 700 194 856 893 1018 0 799 450 210 1077 608 427 390 1070 593 1376 599 561 546 932 251 524 1083 1046 864 457 402 566
478 872 1254 949 667 694 596 799 0 999 965 528 1162 515 1145 317 1041 696 1354 1197 1302 628 1006 1279 797 466 675 419 425 572
768 302 1048 386 444 481 606 450 1029 0 558 665 956 678 731 1022 999 964 737 909 685 520 487 866 667 634 452 709 653 817
683 756 537 302 967 1004 1129 210 965 558 0 1188 445 593 373 1236 712 1487 582 399 530 1043 234 496 1190 1157 975 623 567 732
837 537 1613 918 280 307 210 1070 742 665 1188 0 1521 724 1154 550 1400 337 1160 1539 1107 242 995 1288 307 110 288 778 784 930
729 1055 227 700 1304 1341 1465 608 1162 956 445 1521 0 892 771 1433 606 1812 980 374 928 1380 633 690 1530 1459 1311 775 826 733
232 502 982 577 503 540 665 427 515 678 593 724 890 0 773 786 769 1023 982 925 929 579 634 907 730 688 511 173 117 325
862 813 841 413 955 992 1116 390 1145 738 373 1175 771 773 0 1416 939 1474 455 512 403 1031 311 166 1107 1144 962 803 747 912
750 895 1525 1220 690 716 619 1070 317 1022 1236 550 1433 786 1416 0 1312 435 1517 1468 1465 651 1277 1551 820 489 698 690 696 833
608 935 698 743 1183 1220 1344 593 1041 999 712 1400 606 772 939 1312 0 1691 1148 641 1096 1259 800 957 1409 1338 1191 654 705 612
1076 836 1851 1217 579 606 509 1369 696 964 1487 337 1759 1023 1453 435 1639 0 1458 1794 1406 541 1294 1587 542 409 587 1017 1023 1169
1098 797 1099 550 939 976 1100 625 1381 737 609 1160 1007 1008 433 1517 1175 1458 0 903 89 1015 505 557 1091 1128 947 1039 983 1148
764 1090 418 653 1318 1355 1480 561 1197 909 399 1539 374 927 512 1468 641 1838 903 0 851 1394 586 407 1542 1494 1326 810 861 768
1046 745 1047 498 887 924 1048 573 1328 685 557 1107 955 956 381 1465 1122 1406 89 851 0 963 452 505 1039 1076 894 987 931 1095
696 393 1472 774 136 162 183 925 833 520 1043 242 1380 579 1009 651 1259 541 1015 1394 963 0 851 1144 211 211 144 637 643 789
724 633 724 136 775 812 936 251 1006 487 234 995 633 634 311 1277 800 1294 505 586 452 851 0 445 998 964 782 664 609 773
997 947 736 548 1089 1126 1251 524 1279 872 496 1310 690 907 166 1551 957 1609 557 407 505 1165 445 0 1241 1279 1097 938 882 1046
847 543 1622 921 251 323 243 1076 984 667 1190 307 1530 730 1085 820 1409 542 1091 1542 1039 211 998 1220 0 379 243 787 793 940
776 506 1551 887 249 276 179 1039 681 634 1157 110 1459 688 1123 489 1338 409 1128 1494 1076 211 964 1257 379 0 257 716 722 869
628 324 1403 705 67 105 229 857 765 452 975 288 1311 511 941 698 1191 587 947 1326 894 144 782 1075 243 257 0 569 575 721
100 532 867 608 561 598 722 457 419 709 623 778 775 173 803 690 654 1070 1012 810 960 637 664 938 787 716 569 0 83 185
143 476 918 552 567 604 728 402 425 653 567 784 826 117 747 696 705 1076 956 861 904 643 609 882 793 722 575 83 0 236
139 637 824 712 713 750 875 562 572 813 728 930 733 325 908 833 612 1213 1117 768 1064 789 769 1042 940 869 721 185 236 0
EOF