NAME : tsp_problem
TYPE : TSP
DIMENSION : 40
EDGE_WEIGHT_TYPE : EXPLICIT
EDGE_WEIGHT_FORMAT : FULL_MATRIX
EDGE_WEIGHT_SECTION
0 1279 1150 537 484 224 525 991 512 605 693 1266 432 633 555 1056 691 583 353 260 695 687 1099 1224 537 764 274 289 870 303 1260 1150 406 564 816 1300 291 223 578 1306
1279 0 419 1521 1220 1209 1509 403 1152 1274 681 158 1306 727 1186 307 710 871 1507 1102 1289 630 368 270 922 609 1116 1130 440 1325 152 418 1151 807 714 48 1477 1086 830 54
1271 312 0 1512 1211 1200 1500 394 1143 1265 672 299 1298 719 1177 298 701 862 1499 1093 1280 621 359 318 913 600 1107 1122 431 1316 292 28 1143 798 705 333 1468 1077 822 339
440 1481 1461 0 739 571 78 1116 773 851 1034 1468 687 883 811 1228 1038 930 426 607 941 997 1410 1396 764 1105 621 635 1181 511 1462 1460 716 888 865 1502 305 570 925 1508
484 1219 1090 715 0 290 703 1164 107 236 727 1206 127 806 111 1187 567 459 396 486 251 860 1039 1225 710 798 500 515 965 271 1200 1090 310 737 989 1240 675 449 612 1246
224 1209 1080 611 290 0 599 958 319 412 561 1196 238 600 362 1022 559 452 422 226 501 653 1029 1190 503 632 240 255 802 240 1189 1079 262 530 782 1230 421 189 446 1235
430 1471 1450 78 727 560 0 1105 761 839 1023 1458 675 873 799 1218 1027 920 414 597 929 987 1400 1386 754 1095 611 625 1171 499 1452 1450 704 878 855 1492 294 559 914 1498
991 403 501 1259 1164 958 1247 0 1096 1264 528 390 1113 439 1139 150 784 945 1219 813 1278 342 450 318 634 456 828 842 367 1037 384 501 941 518 395 424 1189 798 678 430
512 1152 1022 749 107 319 737 1096 0 198 658 1139 194 738 73 1119 499 391 463 515 213 791 972 1157 641 729 529 543 897 338 1132 1022 241 668 920 1172 709 478 543 1178
605 1274 1145 827 236 412 815 1264 198 0 826 1261 206 906 158 1260 622 514 508 608 149 959 1094 1280 809 897 622 637 1020 393 1254 1144 409 836 1088 1295 787 571 711 1301
693 681 552 1082 727 561 1070 528 658 826 0 668 675 480 701 493 289 450 920 520 841 383 501 686 455 104 534 548 274 738 661 551 503 482 575 702 890 504 182 708
1266 158 406 1508 1207 1196 1496 390 1139 1261 668 0 1293 714 1173 294 697 857 1494 1089 1276 617 355 156 909 596 1103 1117 427 1312 65 405 1138 794 701 136 1464 1073 817 142
432 1306 1177 663 127 238 651 1113 194 206 675 1293 0 755 198 1136 654 546 344 434 296 808 1126 1312 658 746 448 463 916 220 1287 1177 258 685 937 1327 624 397 560 1333
633 727 598 1018 806 600 1006 439 738 906 480 714 755 0 781 504 659 760 861 456 920 135 547 672 276 407 470 484 319 679 708 598 583 160 207 748 831 440 552 754
555 1186 1057 787 111 362 775 1139 73 158 701 1173 198 781 0 1162 534 426 468 558 173 834 1006 1191 684 772 572 586 932 343 1166 1056 284 711 963 1207 747 521 586 1213
1056 307 405 1268 1187 1022 1256 150 1119 1260 493 294 1136 504 1162 0 696 857 1284 879 1275 407 354 297 699 421 893 907 332 1102 287 404 964 584 461 328 1254 863 643 334
737 682 552 1142 613 605 1130 756 545 667 261 669 700 631 579 668 0 264 953 599 682 611 502 687 535 333 613 628 427 771 662 552 547 561 803 703 934 584 262 708
583 871 741 989 459 452 977 945 392 514 450 857 546 760 426 857 218 0 800 586 529 799 691 876 663 521 600 615 616 618 851 741 394 690 943 891 781 549 405 897
353 1507 1378 403 396 422 391 1219 463 508 920 1494 344 861 468 1284 907 800 0 488 598 914 1327 1452 765 991 502 516 1098 245 1488 1377 503 791 1044 1528 363 451 805 1534
260 1102 972 677 486 226 665 813 515 608 520 1089 434 456 558 879 627 586 488 0 697 509 922 1046 359 591 42 57 693 306 1082 972 409 386 638 1122 457 67 520 1128
695 1289 1159 917 251 501 905 1278 213 149 841 1276 296 920 173 1275 637 529 598 697 0 974 1109 1294 824 912 711 726 1034 483 1269 1159 424 851 1103 1310 877 660 726 1315
687 630 501 1071 860 653 1059 342 791 959 383 617 808 135 834 407 638 799 914 509 974 0 450 575 329 310 523 538 221 732 610 500 636 214 229 651 884 493 532 656
1099 368 135 1484 1040 1029 1472 450 972 1094 501 355 1126 548 1006 354 530 691 1327 922 1109 450 0 373 742 429 936 950 260 1145 348 135 971 627 642 389 1297 906 650 394
1285 270 424 1526 1225 1214 1514 409 1157 1280 687 156 1312 733 1192 297 715 876 1513 1107 1294 635 373 0 928 614 1121 1136 445 1331 164 424 1157 812 719 248 1482 1092 836 254
537 922 793 921 710 503 909 618 641 809 455 909 658 276 684 699 562 663 765 359 824 329 742 867 0 526 373 388 513 583 902 792 486 206 367 943 734 343 456 948
764 609 479 1153 798 632 1141 456 729 897 104 595 746 407 772 421 360 521 991 591 912 310 429 614 526 0 605 620 201 809 589 479 575 487 502 629 961 575 254 635
274 1116 986 691 500 240 679 828 529 622 534 1103 448 470 572 893 641 600 502 42 711 523 936 1060 373 605 0 53 707 320 1096 986 423 400 652 1137 472 81 534 1142
289 1130 1001 706 515 255 694 842 543 637 548 1117 463 484 586 907 656 614 516 57 726 538 950 1075 388 620 53 0 721 334 1111 1001 438 414 667 1151 486 95 549 1157
870 440 311 1255 965 802 1243 367 897 1020 274 427 916 319 932 332 455 616 1098 693 1034 221 260 445 513 201 707 721 0 916 420 310 744 398 413 461 1068 677 423 466
303 1325 1196 488 271 240 476 1037 338 393 738 1312 220 679 343 1102 725 618 245 306 483 732 1145 1270 583 809 320 334 916 0 1306 1195 321 609 862 1346 448 269 623 1352
1260 152 399 1501 1200 1189 1489 384 1132 1255 662 65 1287 708 1167 287 690 851 1488 1082 1269 610 348 164 902 589 1096 1111 420 1306 0 399 1132 787 694 130 1457 1066 811 135
1270 312 28 1512 1210 1200 1500 394 1143 1265 672 299 1297 718 1177 298 700 861 1498 1093 1280 621 359 317 913 599 1107 1121 431 1316 292 0 1142 797 705 333 1468 1077 821 338
406 1151 1022 692 310 262 680 941 241 409 503 1138 258 583 284 964 502 394 503 409 424 636 971 1157 486 575 423 438 744 321 1132 1022 0 513 766 1172 604 372 389 1178
564 807 677 948 737 530 936 518 668 836 482 793 685 160 711 584 589 690 791 386 851 214 627 751 206 487 400 414 398 609 787 677 513 0 343 827 761 370 482 833
906 672 653 1290 1079 872 1278 307 1010 1178 535 659 1027 354 1053 419 791 952 1134 728 1193 256 602 587 548 462 742 757 374 952 653 653 855 433 0 693 1103 712 685 699
1300 48 439 1542 1240 1230 1530 424 1172 1295 702 136 1327 748 1207 328 730 891 1528 1122 1310 651 389 248 943 629 1137 1151 461 1346 130 439 1172 827 735 0 1498 1107 851 32
291 1454 1347 439 675 421 427 1088 709 787 890 1440 624 831 747 1200 888 781 363 457 877 884 1297 1368 734 961 472 486 1068 448 1434 1347 604 761 837 1474 0 420 775 1480
223 1086 957 640 449 189 628 798 478 571 504 1073 397 440 521 863 611 549 451 67 660 493 906 1031 343 575 81 95 677 269 1066 956 372 370 623 1107 420 0 505 1113
578 830 701 994 612 446 982 678 543 711 182 817 560 552 586 643 290 405 805 520 726 532 650 836 456 254 534 549 423 623 811 701 389 482 724 851 775 505 0 857
1306 54 445 1548 1246 1236 1536 430 1178 1301 708 142 1333 754 1213 334 736 897 1534 1128 1315 656 394 254 949 635 1142 1157 466 1352 135 445 1178 833 740 32 1503 1113 857 0
EOF