NAME : tsp_problem
TYPE : TSP
DIMENSION : 40
EDGE_WEIGHT_TYPE : EXPLICIT
EDGE_WEIGHT_FORMAT : FULL_MATRIX
EDGE_WEIGHT_SECTION
0 1413 363 1440 795 1435 726 435 1427 1078 753 1002 1072 1042 886 1066 797 662 764 1423 1203 734 842 1346 1190 955 449 562 254 1349 900 440 707 447 1108 999 1440 876 340 814
1414 0 1299 220 685 356 786 1249 349 662 975 886 515 477 671 502 858 1090 727 345 455 793 605 82 339 571 1243 969 1534 208 612 1220 977 1158 692 541 220 1346 1113 1301
363 1299 0 1326 681 1320 612 148 1313 843 568 767 892 916 706 886 562 375 650 1309 968 620 728 1232 1076 841 278 448 411 1169 786 248 472 254 874 885 1326 743 226 697
1440 220 1326 0 711 284 812 1397 276 829 1142 1053 680 586 835 667 1022 1255 753 283 651 820 632 284 365 598 1410 996 1673 376 638 1247 1142 1184 859 567 50 1513 1139 1467
764 727 650 753 0 748 136 721 740 631 643 554 389 356 271 383 458 581 77 737 744 144 155 659 503 268 740 319 997 665 213 570 469 508 661 312 753 901 463 855
1435 356 1321 284 706 0 807 1392 34 823 1136 1047 675 580 830 662 1017 1249 748 40 646 815 626 289 360 592 1404 990 1668 370 633 1241 1137 1179 853 562 284 1508 1134 1462
726 786 612 812 168 807 0 684 799 690 672 613 448 415 330 442 517 544 136 796 803 46 214 718 562 327 703 282 960 724 272 533 431 471 720 371 812 863 426 818
435 1249 148 1397 753 1392 684 0 1384 774 498 697 822 846 636 817 492 306 721 1381 898 691 800 1182 1147 912 208 520 425 1099 857 202 402 289 804 956 1397 683 344 637
1427 349 1313 276 699 34 799 1384 0 816 1129 1040 668 573 822 654 1010 1242 740 33 638 807 619 281 352 585 1397 983 1660 363 625 1234 1129 1171 846 554 277 1500 1126 1454
1078 658 843 768 589 823 690 774 816 0 424 335 513 475 485 500 332 574 631 812 235 697 597 595 579 658 692 739 982 512 655 769 502 698 72 627 768 795 872 749
753 971 568 1081 601 1136 672 498 1129 424 0 347 616 640 498 610 344 245 643 1125 548 680 610 908 892 723 363 610 653 825 668 511 277 520 454 767 1081 466 694 420
1002 848 767 958 512 1044 613 697 1036 335 347 0 527 551 409 521 255 497 554 1033 417 621 521 792 803 634 615 663 906 736 579 693 425 622 322 678 958 718 796 673
1072 515 892 680 347 675 448 822 667 513 616 527 0 112 244 85 431 663 389 664 444 456 329 448 430 295 841 627 1169 365 335 818 550 747 543 264 680 982 771 937
1043 477 916 586 314 580 415 846 573 475 640 551 112 0 267 99 455 687 356 569 405 422 234 410 336 200 865 598 1193 327 241 842 574 771 505 170 586 1006 742 960
886 671 706 835 229 830 330 636 822 485 498 409 244 267 0 238 312 477 271 819 599 337 237 603 585 350 655 441 983 521 295 632 364 561 515 394 835 796 585 750
1066 502 886 667 342 662 442 817 654 500 610 521 85 99 238 0 425 657 383 651 430 450 316 435 417 282 835 622 1163 352 322 812 544 741 530 251 667 977 765 931
797 858 562 989 416 1017 517 492 1010 332 344 255 431 455 312 425 0 333 458 1006 456 525 425 790 772 538 511 458 838 708 483 488 220 417 362 581 989 652 590 606
662 1090 375 1231 613 1249 544 306 1242 574 245 497 663 687 477 657 333 0 581 1238 698 552 657 1023 1005 770 300 482 591 940 715 319 149 327 604 814 1231 436 501 390
812 702 698 728 84 723 184 770 715 606 618 529 364 331 246 358 433 630 0 712 719 192 131 634 478 243 788 368 1045 640 188 619 517 556 636 287 728 949 511 903
1423 345 1309 283 695 40 796 1381 33 812 1125 1036 664 569 819 651 1006 1238 737 0 634 803 615 278 349 581 1393 979 1657 359 622 1230 1125 1168 842 551 283 1496 1123 1451
1203 450 968 560 702 646 803 898 638 235 548 459 444 405 599 430 456 698 744 634 0 810 622 394 509 588 816 864 1106 401 629 894 626 822 265 558 560 919 996 873
734 793 620 820 175 815 46 692 807 697 680 621 456 422 337 450 525 552 144 803 810 0 222 726 570 335 710 290 967 732 280 541 439 478 728 379 820 871 433 825
842 605 728 632 114 626 214 800 619 597 610 521 329 234 237 316 425 657 155 615 622 222 0 538 382 147 818 398 1075 544 92 649 544 586 628 191 632 976 541 931
1346 82 1232 284 617 289 718 1182 281 595 908 819 448 410 603 435 790 1023 659 278 394 726 538 0 271 504 1176 902 1466 141 544 1153 910 1090 625 473 284 1279 1045 1233
1190 339 1076 365 461 360 562 1147 352 579 892 803 430 336 585 417 772 1005 503 349 509 570 382 271 0 348 1160 746 1423 353 388 997 892 934 609 317 365 1263 889 1217
986 528 872 555 258 549 359 944 542 615 754 665 252 157 382 239 569 801 300 538 545 366 178 461 305 0 963 542 1220 467 185 793 688 731 645 114 555 1120 686 1075
449 1239 278 1349 771 1404 703 208 1397 692 363 615 841 865 655 835 511 300 740 1393 816 710 818 1176 1160 931 0 539 349 1093 876 221 365 308 722 975 1349 496 404 450
562 969 448 995 351 990 282 520 983 739 610 663 627 598 441 622 458 482 319 979 864 290 398 901 745 511 539 0 796 904 456 369 369 307 770 554 995 801 262 755
254 1529 411 1639 1028 1668 959 425 1660 982 653 906 1169 1193 983 1163 838 591 997 1656 1106 967 1075 1466 1423 1188 349 796 0 1384 1133 549 655 635 1012 1232 1639 776 573 714
1349 208 1169 376 624 370 724 1099 363 512 825 736 365 327 521 352 708 940 665 359 401 732 544 141 353 510 1093 904 1384 0 550 1095 827 1024 542 479 376 1196 1048 1151
900 611 786 638 172 633 272 857 625 655 668 579 335 241 295 322 483 715 213 621 629 280 92 544 388 153 876 456 1133 550 0 707 602 644 685 197 638 1034 599 988
440 1220 248 1246 602 1241 533 202 1234 769 511 693 818 842 632 812 488 319 570 1230 894 541 649 1152 996 762 221 369 549 1095 707 0 398 138 799 805 1246 696 234 650
707 977 472 1142 500 1136 431 402 1129 502 277 425 550 574 364 544 220 149 468 1125 626 439 544 910 892 657 365 369 655 827 602 398 0 327 532 701 1142 468 501 422
447 1157 254 1184 539 1179 470 289 1171 698 520 622 747 771 561 741 417 327 508 1167 822 478 586 1090 934 699 308 307 635 1024 644 138 327 0 728 743 1184 710 241 664
1108 654 874 765 619 850 720 804 843 72 454 365 543 505 515 530 362 604 661 839 224 728 628 598 609 688 722 770 1012 542 685 799 532 728 0 657 765 825 902 779
952 568 838 595 223 589 324 909 582 655 720 631 292 197 347 279 534 767 265 578 585 332 144 501 345 110 928 508 1185 507 150 759 654 696 685 0 595 1086 651 1040
1440 220 1326 50 711 284 812 1397 277 829 1142 1053 680 586 835 667 1022 1255 753 283 651 820 632 284 365 598 1410 996 1673 376 638 1247 1142 1184 859 567 0 1513 1139 1467
876 1288 743 1399 932 1484 863 683 1477 795 466 649 982 1006 796 977 652 436 900 1473 857 871 976 1232 1263 1089 496 801 776 1196 1034 696 468 710 762 1133 1399 0 879 151
340 1112 226 1139 494 1134 425 344 1126 872 694 796 771 742 585 765 590 501 463 1122 996 433 541 1045 889 654 404 262 573 1048 599 234 501 241 902 698 1139 879 0 833
830 1279 697 1390 886 1462 817 637 1454 749 420 640 937 960 750 931 606 390 855 1451 849 825 931 1223 1217 1043 450 755 730 1151 988 650 422 664 754 1087 1390 151 833 0
EOF