NAME : tsp_problem
TYPE : TSP
DIMENSION : 22
EDGE_WEIGHT_TYPE : EXPLICIT
EDGE_WEIGHT_FORMAT : FULL_MATRIX
EDGE_WEIGHT_SECTION
0 1111 1613 1207 1041 1129 463 410 1398 1316 1021 1105 1245 1438 1116 1515 348 1366 433 520 510 263
1113 0 1113 709 327 364 1029 976 898 549 521 607 747 916 158 1015 978 585 873 824 813 1067
1614 1113 0 912 828 915 1530 1478 336 1190 628 811 778 697 1117 335 1479 1367 1374 1325 1315 1568
1209 709 912 0 562 649 1125 1072 682 913 541 131 526 958 713 796 1074 963 969 919 909 1163
1043 327 828 562 0 115 959 907 613 390 236 460 600 653 332 730 908 567 803 754 744 997
1131 364 915 649 115 0 1047 995 701 304 324 548 688 704 368 818 996 487 891 842 831 1085
463 1027 1529 1123 957 1045 0 81 1314 1232 937 1022 1162 1354 1032 1431 636 1282 339 531 520 551
410 975 1476 1070 905 993 81 0 1262 1179 884 969 1109 1301 979 1379 584 1229 286 478 468 499
1400 898 336 682 613 701 1316 1264 0 976 414 581 639 483 903 243 1265 1152 1160 1111 1100 1354
1318 549 1190 913 390 304 1234 1181 976 0 599 812 952 941 554 1093 1183 310 1078 1028 1018 1272
1023 521 628 541 236 324 939 886 414 599 0 440 580 453 526 530 888 775 783 734 723 977
1107 607 811 131 460 548 1023 971 581 812 440 0 425 856 612 695 972 862 867 818 808 1061
1247 747 778 526 600 688 1163 1111 639 952 580 425 0 993 752 609 1112 1002 1007 958 948 1201
1439 916 697 958 653 704 1355 1303 483 941 453 856 993 0 921 697 1304 965 1199 1150 1140 1393
1118 158 1117 713 332 368 1034 981 903 554 526 612 752 921 0 1020 983 590 878 828 818 1072
1517 1015 335 796 730 818 1433 1380 243 1093 530 695 609 697 1020 0 1382 1269 1277 1228 1217 1471
348 976 1478 1072 906 994 636 584 1263 1181 886 971 1111 1303 981 1380 0 1231 606 385 375 248
1368 585 1367 963 567 487 1284 1231 1152 310 775 862 1002 965 590 1269 1233 0 1128 1078 1068 1322
433 871 1373 967 801 889 339 286 1158 1076 781 866 1006 1198 876 1275 606 1126 0 501 490 521
520 822 1323 918 752 840 531 478 1109 1027 732 816 956 1148 827 1226 385 1077 501 0 21 474
510 811 1313 907 742 830 520 468 1099 1016 721 806 946 1138 816 1215 375 1066 490 21 0 464
263 1065 1567 1161 995 1083 551 499 1352 1270 975 1060 1200 1392 1070 1469 248 1320 521 474 464 0
EOF