NAME : tsp_problem
TYPE : TSP
DIMENSION : 70
EDGE_WEIGHT_TYPE : EXPLICIT
EDGE_WEIGHT_FORMAT : FULL_MATRIX
EDGE_WEIGHT_SECTION
0 803 736 1180 1473 1184 1839 273 757 979 1702 784 1088 1523 772 607 1009 881 1497 763 1316 1503 734 1595 741 1783 712 231 710 1013 761 1673 748 1790 925 730 1549 1227 1255 752 816 1372 1787 803 1737 1202 1215 267 1586 1685 986 900 698 564 1194 693 742 1404 1755 713 1131 355 1525 177 1808 768 177 1322 740 578
793 0 1172 455 1703 1887 1643 602 1460 1161 1479 1074 363 1321 1475 546 1415 256 1685 138 1579 1147 1170 1407 1259 1710 1230 934 1228 1716 1229 1808 1184 1700 1628 1166 1784 646 530 1455 433 1967 1695 1506 1328 1688 1918 970 1277 1275 361 1420 1216 1267 469 1211 1178 1736 1733 1149 1755 527 800 880 1683 1224 880 1916 1251 1281
736 1172 0 797 1418 1129 1516 918 702 371 1353 176 1200 1194 717 1253 625 1350 1442 1228 1261 895 82 1280 116 1583 133 665 139 958 84 1618 96 1573 870 78 1494 619 728 697 1462 1318 1569 734 1201 1148 1160 560 1150 1148 1454 630 128 280 777 123 90 1350 1606 61 1076 1000 926 722 1556 79 724 1267 106 266
1169 455 797 0 1328 1645 1268 978 1203 786 1105 699 483 946 1387 922 1040 633 1310 511 1204 772 795 1032 885 1335 855 1310 853 1628 854 1433 809 1325 1539 791 1410 272 208 1244 809 1592 1321 1149 953 1313 1569 1229 902 900 737 1045 841 949 146 837 803 1362 1358 774 1380 903 425 1256 1308 850 1256 1541 877 935
1473 1703 1418 1328 0 382 436 1656 986 1318 294 1467 1731 646 806 1990 1238 1881 94 1759 904 838 1416 732 1424 381 1394 1373 1393 672 1444 271 1430 388 619 1412 146 1304 1259 1030 2057 329 385 1032 440 1013 306 1268 602 492 1985 1129 1381 1217 1308 1376 1424 99 352 1395 949 1738 938 1430 405 1450 1432 278 1423 1231
1184 1897 1129 1645 382 0 748 1366 697 1126 611 1178 2048 963 517 1701 949 1975 406 1856 844 1155 1127 1049 1135 692 1105 1083 1103 383 1155 582 1141 699 330 1123 458 1621 1576 741 1910 282 697 743 758 731 124 978 919 810 2080 840 1091 927 1625 1087 1135 314 664 1106 660 1449 1255 1140 717 1161 1143 231 1133 941
1839 1643 1516 1268 436 748 0 2022 1352 1258 280 1418 1671 586 1172 2110 1325 1821 460 1699 844 778 1514 672 1604 84 1574 1739 1572 1038 1573 181 1528 73 985 1510 312 1244 1199 1396 1997 695 69 1398 380 953 672 1633 541 432 1925 1330 1560 1583 1248 1556 1522 464 106 1493 1020 2091 877 1796 56 1569 1798 644 1596 1597
273 613 918 989 1656 1366 2022 0 939 1162 1884 967 897 1706 955 416 1192 691 1679 572 1498 1681 917 1777 924 1966 894 414 893 1196 944 1856 930 1973 1107 912 1732 1180 1065 935 625 1555 1970 986 1862 1385 1398 449 1769 1809 795 1083 881 747 1003 876 925 1587 1937 896 1314 164 1334 359 1990 950 360 1505 923 761
757 1470 702 1203 986 697 1352 939 0 531 1214 691 1606 1036 285 1274 353 1548 1009 1429 828 867 700 1107 708 1296 678 656 676 526 728 1186 714 1303 437 696 1062 1026 1135 145 1483 885 1300 147 1173 715 728 551 1099 1121 1653 244 664 500 1183 660 708 917 1267 679 644 1022 966 713 1320 734 716 835 706 514
979 1161 371 786 1318 1126 1258 1162 531 0 1095 273 1189 936 715 1497 367 1339 1300 1217 1194 637 370 1022 459 1325 429 908 428 956 429 1423 383 1315 867 365 1400 608 717 571 1515 1315 1311 476 943 1145 1158 803 892 890 1443 372 416 524 766 411 377 1347 1348 349 1073 1244 735 965 1298 424 968 1264 451 510
1702 1479 1353 1105 294 611 280 1884 1214 1095 0 1255 1507 422 1035 1947 1162 1657 275 1535 681 614 1351 508 1440 348 1411 1601 1409 901 1410 445 1364 337 848 1347 375 1080 1036 1259 1834 557 333 1261 217 789 535 1496 378 269 1762 1167 1397 1445 1084 1392 1359 327 370 1330 856 1928 714 1658 320 1405 1661 507 1432 1459
784 1074 176 699 1467 1178 1418 967 691 273 1255 0 1102 1096 766 1302 527 1252 1460 1130 1310 797 175 1182 264 1486 234 713 233 1007 234 1583 188 1475 919 170 1543 521 630 731 1428 1367 1471 636 1103 1196 1209 608 1052 1050 1356 532 221 329 679 216 183 1398 1508 154 1125 1049 828 770 1458 229 773 1316 256 315
1078 363 1200 483 1731 2048 1671 887 1606 1189 1507 1102 0 1349 1760 831 1442 406 1712 419 1607 1175 1198 1435 1287 1738 1258 1219 1256 2001 1257 1835 1212 1727 1912 1194 1812 674 558 1647 718 1994 1723 1552 1355 1716 1972 1255 1305 1303 375 1448 1244 1352 497 1239 1206 1764 1761 1177 1783 812 828 1164 1711 1252 1165 1944 1279 1338
1523 1321 1194 946 646 963 586 1706 1036 936 422 1096 1349 0 856 1788 1003 1499 628 1377 315 456 1192 339 1282 653 1252 1423 1250 881 1252 751 1206 643 793 1188 727 922 877 1080 1675 910 638 1083 270 424 887 1318 209 218 1603 1008 1238 1267 926 1234 1200 679 676 1171 490 1770 556 1480 626 1247 1483 859 1274 1281
772 1486 717 1387 806 517 1172 955 285 715 1035 766 1770 856 0 1289 537 1563 830 1445 649 1052 716 928 723 1116 693 672 692 346 743 1006 729 1123 258 712 882 1209 1318 329 1498 705 1120 331 1070 535 548 567 919 1018 1668 428 680 516 1366 675 724 737 1088 695 464 1037 1150 729 1141 749 732 655 722 530
607 556 1253 932 1990 1701 2120 416 1274 1497 1957 1302 841 1799 1289 0 1526 634 2014 515 1833 1624 1251 1884 1259 2188 1229 748 1227 1530 1278 2190 1265 2177 1442 1247 2066 1124 1008 1269 569 1890 2173 1320 1805 1720 1732 784 1754 1752 739 1417 1215 1081 946 1211 1259 1922 2211 1230 1648 341 1278 694 2160 1285 694 1839 1257 1095
1009 1415 625 1040 1238 949 1325 1192 353 367 1162 527 1442 1003 537 1526 0 1592 1261 1471 1080 704 623 1089 713 1392 683 908 681 778 682 1438 637 1382 689 619 1314 862 971 393 1735 1137 1378 396 1010 967 980 803 959 957 1697 439 669 752 1019 665 631 1169 1415 602 896 1274 802 965 1365 678 968 1087 705 763
871 256 1350 633 1881 1965 1821 680 1538 1339 1657 1252 406 1499 1553 624 1592 0 1862 216 1757 1325 1348 1585 1437 1888 1407 1012 1406 1794 1407 1985 1361 1877 1706 1344 1962 824 708 1533 511 2144 1873 1584 1505 1866 1996 1048 1454 1453 155 1598 1394 1345 646 1389 1356 1914 1911 1327 1912 605 978 958 1861 1402 958 2094 1429 1359
1497 1685 1442 1310 94 406 460 1679 1009 1300 275 1460 1712 628 830 2014 1261 1862 0 1740 886 820 1440 713 1448 404 1418 1396 1416 696 1468 294 1454 411 643 1436 170 1285 1241 1054 2039 352 409 1056 422 995 330 1291 583 474 1967 1153 1404 1240 1289 1400 1448 122 376 1419 972 1761 919 1453 429 1474 1456 302 1446 1254
752 138 1228 511 1759 1846 1699 562 1419 1217 1535 1130 419 1377 1434 505 1471 216 1740 0 1635 1203 1226 1463 1315 1766 1286 893 1284 1675 1285 1863 1240 1755 1587 1222 1840 702 586 1414 392 2023 1751 1466 1383 1744 1877 929 1333 1331 320 1476 1272 1226 525 1267 1234 1792 1789 1205 1793 486 856 839 1739 1280 839 1972 1307 1240
1316 1579 1261 1204 904 844 844 1498 828 1194 681 1310 1607 315 649 1833 1080 1757 886 1635 0 714 1259 386 1267 911 1237 1215 1235 674 1287 1009 1273 901 585 1255 986 1180 1136 873 1934 1033 897 875 529 216 876 1110 378 476 1862 972 1223 1059 1184 1219 1267 938 934 1238 283 1580 814 1272 884 1293 1275 982 1265 1073
1503 1147 895 772 838 1155 778 1671 867 637 614 797 1175 456 1052 1614 704 1325 820 1203 714 0 893 542 982 845 953 1423 951 1281 952 943 907 835 1192 889 919 748 703 908 1501 1102 830 813 463 823 1079 1318 412 410 1429 709 939 1047 752 934 901 871 868 872 890 1596 382 1480 818 947 1483 1051 974 1033
734 1170 82 795 1416 1127 1514 917 700 370 1351 175 1198 1192 716 1251 623 1348 1440 1226 1259 893 0 1278 116 1582 134 663 138 957 85 1617 94 1571 868 76 1493 617 726 695 1460 1316 1567 732 1199 1146 1159 558 1148 1146 1452 628 126 278 775 122 88 1348 1605 59 1074 999 925 720 1554 80 723 1265 107 264
1595 1407 1280 1032 732 1049 672 1777 1107 1022 508 1182 1435 339 928 1874 1089 1585 713 1463 386 542 1278 0 1368 739 1338 1494 1336 953 1337 836 1292 728 864 1274 813 1008 963 1152 1761 995 724 1154 356 495 972 1389 295 304 1689 1094 1324 1338 1012 1320 1286 765 762 1257 562 1855 641 1551 712 1333 1554 945 1360 1352
741 1259 116 885 1424 1135 1604 924 708 459 1440 264 1287 1282 723 1259 713 1437 1448 1315 1267 982 116 1368 0 1671 50 670 55 964 52 1624 103 1661 876 121 1500 707 816 703 1467 1324 1656 754 1288 1153 1166 565 1238 1236 1542 718 67 286 864 68 109 1356 1694 149 1082 1006 1014 728 1644 58 730 1273 31 272
1783 1710 1583 1335 381 692 84 1966 1296 1325 348 1486 1738 653 1116 2177 1392 1888 404 1766 911 845 1582 739 1671 0 1641 1683 1640 982 1641 125 1595 47 930 1578 257 1311 1267 1340 2065 639 84 1343 448 1020 616 1578 609 500 1993 1398 1628 1527 1315 1623 1590 409 49 1561 1087 2048 945 1740 72 1636 1743 588 1663 1541
712 1230 133 855 1394 1105 1574 894 678 429 1411 234 1258 1252 693 1229 683 1407 1418 1286 1237 953 134 1338 50 1641 0 641 73 934 69 1594 121 1631 846 136 1470 677 786 673 1438 1294 1627 725 1259 1124 1136 536 1208 1206 1512 688 85 256 835 85 126 1326 1664 119 1052 976 984 698 1614 76 700 1243 48 242
231 944 665 1320 1373 1083 1739 414 656 908 1601 713 1229 1423 672 748 908 1022 1396 904 1215 1423 663 1494 670 1683 641 0 639 913 690 1573 677 1690 824 659 1449 1156 1265 651 957 1272 1687 703 1637 1102 1115 166 1486 1584 1127 800 627 464 1314 622 671 1304 1654 642 1031 496 1463 188 1707 697 190 1222 669 478
710 1228 139 853 1393 1103 1572 893 676 428 1409 233 1256 1250 692 1227 681 1406 1416 1284 1235 951 138 1336 55 1640 73 639 0 933 75 1593 126 1629 844 134 1469 675 784 671 1436 1292 1625 723 1257 1122 1135 534 1206 1204 1510 686 90 254 833 91 132 1324 1663 117 1050 975 983 696 1612 81 699 1241 54 240
1013 1727 958 1628 672 383 1038 1196 526 956 901 1007 2011 881 346 1530 778 1804 696 1686 674 1281 957 953 964 982 934 913 933 0 984 872 970 989 160 953 748 1450 1559 570 1739 572 987 572 1048 561 414 808 944 1043 1909 669 921 757 1607 916 965 604 954 936 489 1278 1380 970 1007 990 973 521 963 771
761 1229 84 854 1444 1155 1573 944 728 429 1410 234 1257 1252 743 1278 682 1407 1468 1285 1287 952 85 1337 52 1641 69 690 75 984 0 1644 71 1630 896 89 1520 677 786 723 1487 1343 1626 774 1258 1173 1186 585 1207 1205 1512 688 87 306 834 87 77 1375 1664 118 1102 1026 984 747 1613 51 750 1293 50 292
1673 1808 1618 1433 271 582 181 1856 1186 1423 445 1583 1835 751 1006 2190 1438 1985 294 1863 1009 943 1617 836 1624 125 1594 1573 1593 872 1644 0 1630 132 819 1612 146 1408 1364 1230 2162 529 129 1232 545 1118 506 1468 706 597 2090 1329 1581 1417 1412 1576 1624 299 97 1595 1149 1938 1042 1630 150 1650 1633 478 1623 1431
748 1184 96 809 1430 1141 1528 930 714 383 1364 188 1212 1206 729 1265 637 1361 1454 1240 1273 907 94 1292 103 1595 121 677 126 970 71 1630 0 1585 882 90 1506 631 740 709 1473 1330 1580 746 1213 1160 1172 571 1162 1160 1466 642 138 292 789 135 93 1362 1618 73 1088 1012 938 734 1568 67 736 1279 94 278
1790 1700 1573 1325 388 699 73 1973 1303 1315 337 1475 1727 643 1123 2167 1382 1877 411 1755 901 835 1571 728 1661 47 1631 1690 1629 989 1630 132 1585 0 937 1567 264 1300 1256 1347 2054 646 73 1350 437 1010 623 1585 598 489 1982 1387 1617 1534 1304 1612 1579 416 56 1550 1076 2055 934 1747 61 1626 1750 595 1653 1548
925 1638 870 1539 619 330 985 1107 437 867 848 919 1923 793 258 1442 689 1716 643 1597 585 1192 868 864 876 930 846 824 844 160 896 819 882 937 0 864 695 1361 1470 482 1651 519 934 484 995 472 361 719 856 954 1821 581 832 668 1519 828 876 551 901 847 400 1189 1292 881 954 902 884 468 874 682
730 1166 78 791 1412 1123 1510 912 696 365 1347 170 1194 1188 712 1247 619 1344 1436 1222 1255 889 76 1274 121 1578 136 659 134 953 89 1612 90 1567 864 0 1488 613 722 691 1456 1312 1563 728 1195 1142 1154 554 1144 1142 1448 624 122 274 771 118 84 1344 1600 55 1070 995 920 716 1550 85 719 1261 112 260
1549 1784 1494 1410 146 458 312 1732 1062 1400 375 1543 1812 727 882 2066 1314 1962 170 1840 986 919 1493 813 1500 257 1470 1449 1469 748 1520 146 1506 264 695 1488 0 1385 1341 1106 2139 405 261 1108 522 1094 382 1344 683 574 2067 1205 1457 1293 1389 1452 1500 175 228 1471 1025 1814 1019 1506 281 1526 1508 354 1499 1307
1227 646 619 272 1304 1621 1244 1170 1026 608 1080 521 674 922 1209 1114 862 824 1285 702 1180 748 617 1008 707 1311 677 1156 675 1450 677 1408 631 1300 1361 613 1385 0 203 1066 1001 1567 1296 971 928 1289 1544 1051 877 876 929 867 663 771 251 659 625 1337 1334 596 1356 1095 401 1213 1284 672 1216 1517 699 758
1245 530 728 208 1259 1576 1199 1054 1135 717 1036 630 558 877 1318 998 971 708 1241 586 1136 703 726 963 816 1267 786 1265 784 1559 786 1364 740 1256 1470 722 1341 203 0 1175 885 1523 1252 1080 884 1244 1500 1160 833 831 813 976 772 880 207 768 734 1293 1289 705 1311 979 357 1322 1239 781 1325 1472 808 867
752 1465 697 1244 1030 741 1396 935 145 571 1259 731 1647 1080 329 1269 393 1543 1054 1424 873 908 695 1152 703 1340 673 651 671 570 723 1230 709 1347 482 691 1106 1066 1175 0 1478 930 1344 188 1214 759 772 546 1143 1161 1648 285 659 495 1224 655 703 962 1312 674 688 1017 1006 708 1365 729 711 879 701 509
841 436 1487 812 2060 1935 2000 650 1508 1519 1837 1431 721 1679 1523 594 1760 514 2042 395 1937 1504 1485 1764 1493 2068 1463 982 1461 1764 1512 2165 1499 2057 1676 1481 2142 1004 888 1503 0 2124 2053 1554 1685 1954 1966 1018 1634 1632 619 1651 1449 1315 826 1444 1493 2094 2091 1464 1882 575 1158 928 2040 1519 928 2073 1491 1329
1372 1967 1318 1592 329 282 695 1555 885 1315 557 1367 1994 910 705 1890 1137 2144 352 2023 1033 1102 1316 995 1324 639 1294 1272 1292 572 1343 529 1330 646 519 1312 405 1567 1523 930 2098 0 643 932 704 920 205 1167 865 756 2249 1029 1280 1116 1571 1275 1324 260 610 1295 848 1637 1201 1329 663 1350 1332 121 1322 1130
1787 1695 1569 1321 385 697 69 1970 1300 1311 333 1471 1723 638 1120 2163 1378 1873 409 1751 897 830 1567 724 1656 84 1627 1687 1625 987 1626 129 1580 73 934 1563 261 1296 1252 1344 2050 643 0 1347 433 1005 620 1582 594 485 1978 1383 1613 1531 1300 1608 1575 413 105 1546 1072 2052 930 1744 48 1621 1747 593 1648 1545
803 1517 734 1149 1032 743 1398 986 147 476 1261 636 1552 1083 331 1320 396 1595 1056 1476 875 813 732 1154 754 1343 725 703 723 572 774 1232 746 1350 484 728 1108 971 1080 188 1529 932 1347 0 1119 762 774 598 1068 1066 1699 287 711 547 1129 706 740 964 1314 711 690 1068 911 760 1367 780 763 881 753 561
1737 1328 1201 953 440 758 380 1851 1173 943 217 1103 1355 270 1070 1795 1010 1505 422 1383 529 463 1199 356 1288 448 1259 1637 1257 1048 1258 545 1213 437 995 1195 522 928 884 1214 1682 704 433 1119 0 638 681 1532 226 197 1610 1015 1245 1353 932 1240 1207 474 471 1178 704 1776 562 1694 420 1254 1697 654 1280 1339
1202 1688 1148 1313 1013 731 953 1385 715 1145 789 1196 1716 424 535 1720 967 1866 995 1744 216 823 1146 495 1153 1020 1124 1102 1122 561 1173 1118 1160 1010 472 1142 1094 1289 1244 759 1928 920 1005 762 638 0 762 997 486 585 1970 859 1110 946 1293 1105 1154 952 1043 1125 386 1467 923 1159 993 1180 1162 869 1152 960
1215 1928 1160 1569 306 124 672 1398 728 1158 535 1209 1972 887 548 1732 980 2006 330 1888 876 1079 1159 972 1166 616 1136 1115 1135 414 1186 506 1172 623 361 1154 382 1544 1500 772 1941 205 620 774 681 762 0 1010 842 733 2111 871 1123 959 1549 1118 1166 237 587 1137 691 1480 1178 1172 640 1192 1175 155 1165 973
267 980 560 1229 1268 978 1633 449 551 803 1496 608 1265 1318 567 784 803 1058 1291 939 1110 1318 558 1389 565 1578 536 166 534 808 585 1468 571 1585 719 554 1344 1051 1160 546 993 1167 1582 598 1532 997 1010 0 1381 1479 1163 695 522 359 1209 517 566 1199 1549 537 925 532 1358 223 1602 591 226 1116 564 373
1586 1277 1150 902 602 919 541 1769 1099 892 378 1052 1305 209 919 1744 959 1454 583 1333 378 412 1148 295 1238 609 1208 1486 1206 944 1207 706 1162 598 856 1144 683 877 833 1143 1631 865 594 1068 226 486 842 1381 0 174 1559 964 1194 1302 882 1189 1156 635 632 1127 553 1725 511 1543 582 1203 1546 815 1230 1288
1685 1275 1148 900 492 810 432 1799 1121 890 269 1050 1303 218 1018 1742 957 1453 474 1331 476 410 1146 304 1236 500 1206 1584 1204 1043 1205 597 1160 489 954 1142 574 876 831 1161 1629 756 485 1066 197 585 733 1479 174 0 1557 962 1192 1300 880 1188 1154 526 523 1125 652 1723 510 1641 472 1201 1644 706 1228 1287
976 361 1454 737 1985 2069 1925 785 1642 1443 1762 1356 375 1603 1658 728 1697 155 1967 320 1862 1429 1452 1689 1542 1993 1512 1116 1510 1899 1512 2090 1466 1982 1810 1448 2067 929 813 1637 615 2249 1978 1689 1610 1970 2101 1152 1559 1557 0 1702 1498 1450 751 1494 1460 2019 2016 1431 2016 710 1083 1062 1965 1507 1063 2198 1534 1464
900 1420 630 1045 1129 840 1330 1083 244 372 1167 532 1448 1008 428 1417 439 1598 1153 1476 972 709 628 1094 718 1398 688 800 686 669 688 1329 642 1387 581 624 1205 867 976 285 1626 1029 1383 287 1015 859 871 695 964 962 1702 0 674 644 1025 670 636 1061 1411 607 787 1165 808 857 1370 683 860 978 710 658
698 1216 128 841 1381 1091 1560 881 664 416 1397 221 1244 1238 680 1215 669 1394 1404 1272 1223 939 126 1324 67 1628 85 627 90 921 87 1581 138 1617 832 122 1457 663 772 659 1424 1280 1613 711 1245 1110 1123 522 1194 1192 1498 674 0 242 821 84 134 1312 1651 105 1038 963 971 684 1600 93 687 1229 66 228
564 1277 280 949 1217 927 1583 747 500 524 1445 329 1352 1267 516 1081 752 1355 1240 1237 1059 1047 278 1338 286 1527 256 464 254 757 306 1417 292 1534 668 274 1293 771 880 495 1290 1116 1531 547 1353 946 959 359 1302 1300 1460 644 242 0 929 238 286 1148 1498 257 874 829 1079 521 1551 312 524 1065 284 142
1183 469 777 146 1308 1625 1248 992 1183 766 1084 679 497 926 1366 936 1019 646 1289 525 1184 752 775 1012 864 1315 835 1314 833 1607 834 1412 789 1304 1519 771 1389 251 207 1224 823 1571 1300 1129 932 1293 1549 1209 882 880 751 1025 821 929 0 816 783 1341 1338 754 1360 917 405 1270 1288 829 1270 1521 856 915
693 1211 123 837 1376 1087 1556 876 660 411 1392 216 1239 1234 675 1211 665 1389 1400 1267 1219 934 122 1320 68 1623 85 622 91 916 87 1576 135 1612 828 118 1452 659 768 655 1419 1275 1608 706 1240 1105 1118 517 1189 1188 1494 670 84 238 816 0 130 1307 1646 101 1034 958 966 679 1596 94 682 1225 66 224
742 1178 90 803 1424 1135 1522 925 708 377 1359 183 1206 1200 724 1259 631 1356 1448 1234 1267 901 88 1286 109 1590 126 671 132 965 77 1624 93 1579 876 84 1500 625 734 703 1468 1324 1575 740 1207 1154 1166 566 1156 1154 1460 636 134 286 783 130 0 1356 1612 67 1082 1007 932 728 1562 72 731 1273 99 272
1404 1736 1350 1362 99 314 464 1587 917 1347 327 1398 1764 679 737 1922 1169 1914 122 1792 938 871 1348 765 1356 409 1326 1304 1324 604 1375 299 1362 416 551 1344 175 1337 1293 962 2091 260 413 964 474 952 237 1199 635 526 2019 1061 1312 1148 1341 1307 1356 0 380 1327 880 1669 971 1361 433 1382 1364 210 1354 1162
1755 1733 1606 1358 352 664 106 1937 1267 1348 370 1508 1761 676 1088 2200 1415 1911 376 1789 934 868 1605 762 1694 49 1664 1654 1663 954 1664 97 1618 56 901 1600 228 1334 1289 1312 2087 610 105 1314 471 1043 587 1549 632 523 2016 1411 1651 1498 1338 1646 1612 380 0 1584 1110 2019 968 1711 94 1659 1714 560 1686 1512
713 1149 61 774 1395 1106 1493 896 679 349 1330 154 1177 1171 695 1230 602 1327 1419 1205 1238 872 59 1257 149 1561 119 642 117 936 118 1595 73 1550 847 55 1471 596 705 674 1439 1295 1546 711 1178 1125 1137 537 1127 1125 1431 607 105 257 754 101 67 1327 1584 0 1053 978 904 699 1533 114 702 1244 141 243
1131 1755 1076 1380 949 660 1020 1314 644 1073 856 1125 1783 490 464 1648 896 1922 972 1803 283 890 1074 562 1082 1087 1052 1031 1050 489 1102 1149 1088 1076 400 1070 1025 1356 1311 688 1857 848 1072 690 704 386 691 925 553 652 2027 787 1038 874 1360 1034 1082 880 1110 1053 0 1396 989 1088 1060 1108 1090 798 1080 889
355 538 1000 914 1738 1449 2102 164 1022 1244 1938 1049 822 1780 1037 341 1274 615 1761 497 1580 1606 999 1859 1006 2048 976 496 975 1278 1026 1938 1012 2055 1189 995 1814 1105 989 1017 550 1637 2052 1068 1787 1467 1480 532 1736 1734 720 1165 963 829 928 958 1007 1669 2019 978 1396 0 1259 442 2072 1032 442 1587 1005 843
1515 800 926 425 938 1255 877 1324 966 735 714 828 828 556 1150 1267 802 978 919 856 814 382 925 641 1014 945 984 1463 983 1380 984 1042 938 934 1292 920 1019 401 357 1006 1155 1201 930 911 562 923 1178 1358 511 510 1083 808 971 1079 405 966 932 971 968 904 989 1249 0 1520 917 979 1523 1151 1006 1065
177 890 722 1266 1430 1140 1796 359 713 965 1658 770 1175 1480 729 694 965 968 1453 849 1272 1480 720 1551 728 1740 698 188 696 970 747 1630 734 1747 881 716 1506 1213 1322 708 903 1329 1744 760 1694 1159 1172 223 1543 1641 1073 857 684 521 1280 679 728 1361 1711 699 1088 442 1520 0 1764 754 204 1279 726 535
1808 1683 1556 1308 405 717 56 1990 1320 1298 320 1458 1711 626 1141 2150 1365 1861 429 1739 884 818 1554 712 1644 72 1614 1707 1612 1007 1613 150 1568 61 954 1550 281 1284 1239 1365 2037 663 48 1367 420 993 640 1602 582 472 1965 1370 1600 1551 1288 1596 1562 433 94 1533 1060 2072 917 1764 0 1609 1767 613 1636 1565
768 1224 79 850 1450 1161 1569 950 734 424 1405 229 1252 1247 749 1285 678 1402 1474 1280 1293 947 80 1333 58 1636 76 697 81 990 51 1650 67 1626 902 85 1526 672 781 729 1493 1350 1621 780 1254 1180 1192 591 1203 1201 1507 683 93 312 829 94 72 1382 1659 114 1108 1032 979 754 1609 0 756 1299 57 298
177 890 724 1267 1432 1143 1798 360 716 968 1661 773 1175 1483 732 694 968 968 1456 850 1275 1483 723 1554 730 1743 700 190 699 973 750 1633 736 1750 884 719 1508 1216 1325 711 903 1332 1747 763 1697 1162 1175 226 1546 1644 1073 860 687 524 1281 682 731 1364 1714 702 1090 442 1523 204 1767 756 0 1281 729 538
1322 1916 1267 1541 278 231 644 1505 835 1264 507 1316 1944 859 655 1839 1087 2094 302 1972 982 1051 1265 945 1273 588 1243 1222 1241 521 1293 478 1279 595 468 1261 354 1517 1472 879 2048 121 593 881 654 869 155 1116 815 706 2198 978 1229 1065 1521 1225 1273 210 560 1244 798 1587 1151 1279 613 1299 1281 0 1271 1079
740 1251 106 877 1423 1133 1596 923 706 451 1432 256 1279 1274 722 1257 705 1429 1446 1307 1265 974 107 1360 31 1663 48 669 54 963 50 1623 94 1653 874 112 1499 699 808 701 1466 1322 1648 753 1280 1152 1165 564 1230 1228 1534 710 66 284 856 66 99 1354 1686 141 1080 1005 1006 726 1636 57 729 1271 0 270
578 1291 266 935 1231 941 1597 761 514 510 1459 315 1338 1281 530 1095 763 1369 1254 1251 1073 1033 264 1352 272 1541 242 478 240 771 292 1431 278 1548 682 260 1307 758 867 509 1304 1130 1545 561 1339 960 973 373 1288 1287 1474 658 228 142 915 224 272 1162 1512 243 889 843 1065 535 1565 298 538 1079 270 0
EOF