NAME : tsp_problem
TYPE : TSP
DIMENSION : 60
EDGE_WEIGHT_TYPE : EXPLICIT
EDGE_WEIGHT_FORMAT : FULL_MATRIX
EDGE_WEIGHT_SECTION
0 1198 1938 1259 570 1492 1720 1973 2090 2194 2210 1888 2195 1602 1211 1245 1648 979 1256 743 728 650 877 1265 1965 1245 379 1204 1095 391 1880 1807 1227 1265 1302 1421 1268 2190 694 365 634 271 984 1852 1997 1239 2096 1124 1799 1734 521 1624 1320 868 1754 1230 1247 1286 1263 1426
1198 0 1361 118 1313 584 1093 1396 1464 1568 1633 1311 1569 551 67 84 1022 773 114 581 592 1121 355 520 1339 103 931 61 212 871 1254 1181 84 85 204 699 126 1564 667 919 1377 1138 844 1225 1371 90 1499 647 1222 1108 785 922 694 1255 1177 89 105 106 84 350
1927 1361 0 1339 1574 1073 770 105 239 459 350 492 423 1041 1373 1407 837 1034 1336 1602 1575 1381 1377 1202 313 1325 1942 1367 1450 1883 402 717 1389 1401 1235 1189 1348 426 1649 1931 1638 1708 1104 510 355 1401 200 1061 403 755 1796 595 1251 1515 359 1310 1327 1379 1426 1274
1259 118 1339 0 1292 562 1154 1374 1525 1628 1612 1289 1630 529 130 114 1082 752 93 642 653 1099 416 498 1399 82 992 123 272 932 1315 1241 132 87 183 678 88 1624 728 980 1356 1198 822 1286 1431 119 1498 625 1200 1168 846 901 740 1233 1156 67 84 65 113 329
560 1313 1574 1292 0 1460 1802 1609 1771 1955 1846 1524 1918 1427 1325 1359 1848 615 1289 943 928 286 1077 902 1845 1277 579 1319 1295 591 1934 1749 1342 1353 1188 1575 1301 1921 894 565 221 341 621 2042 1887 1353 1732 760 1435 1787 720 1261 1520 505 1391 1263 1280 1331 1378 1063
1492 584 1073 562 1460 0 933 1108 1271 1408 1346 1023 1409 264 596 630 862 920 559 884 857 1267 659 666 1179 548 1225 590 695 1165 1094 1021 612 624 458 412 571 1404 932 1213 1524 1431 990 1065 1211 624 1232 793 934 948 1079 635 362 1401 890 533 550 602 649 497
1720 1093 770 1154 1802 933 0 805 968 1151 1042 371 1115 1044 1105 1140 386 1262 1151 1112 1084 1609 886 1430 995 1139 1452 1099 960 1392 911 266 1122 1160 1196 862 1163 1118 1159 1441 1866 1659 1332 882 1027 1134 928 1289 424 304 1306 823 762 1743 486 1125 1142 1181 1158 1343
1962 1396 105 1374 1609 1108 805 0 233 488 385 527 457 1076 1408 1442 872 1069 1371 1596 1568 1416 1371 1237 307 1360 1936 1402 1444 1877 396 752 1424 1436 1270 1224 1383 461 1643 1925 1673 1743 1139 504 349 1436 194 1096 438 790 1790 630 1246 1550 394 1345 1362 1413 1461 1309
2090 1464 239 1525 1771 1271 968 233 0 375 466 690 376 1238 1476 1510 1034 1232 1522 1483 1455 1579 1257 1400 194 1510 1823 1470 1331 1763 283 914 1493 1531 1433 1233 1534 371 1530 1811 1835 1906 1302 391 235 1504 244 1258 601 952 1677 793 1133 1713 556 1496 1513 1552 1529 1471
2194 1568 459 1628 1955 1408 1151 488 375 0 144 873 151 1422 1580 1614 1153 1415 1625 1587 1559 1763 1361 1583 297 1614 1927 1574 1435 1867 386 1098 1597 1634 1617 1337 1637 154 1634 1915 2019 2089 1486 495 339 1608 409 1442 784 1136 1781 976 1236 1897 740 1600 1616 1655 1633 1655
2199 1633 350 1612 1846 1346 1042 385 466 144 0 764 107 1313 1645 1679 1109 1306 1608 1678 1650 1654 1452 1474 389 1597 2018 1639 1526 1959 478 989 1662 1673 1508 1428 1620 110 1725 2007 1910 1980 1377 586 431 1673 501 1333 675 1027 1872 867 1328 1788 631 1583 1600 1651 1698 1546
1877 1311 492 1289 1524 1023 371 527 690 873 764 0 836 991 1323 1357 437 984 1286 1380 1352 1331 1154 1152 763 1275 1720 1317 1228 1660 852 318 1339 1351 1185 1130 1298 840 1427 1708 1588 1658 1054 960 805 1351 650 1011 302 355 1574 545 1030 1465 298 1260 1277 1329 1376 1224
2195 1569 423 1630 1918 1409 1115 457 376 151 107 836 0 1385 1581 1615 1154 1379 1626 1588 1560 1726 1362 1547 299 1615 1928 1575 1436 1868 388 1061 1598 1635 1580 1338 1638 118 1635 1916 1982 2052 1449 496 340 1609 411 1405 747 1099 1782 940 1237 1860 703 1601 1618 1657 1634 1618
1602 551 1041 529 1427 264 1044 1076 1238 1422 1313 991 1385 0 563 597 972 887 526 995 967 1234 769 633 1289 515 1335 557 662 1275 1204 1131 580 591 425 379 538 1388 1042 1323 1491 1541 957 1176 1321 591 1199 760 902 1058 1189 602 441 1368 857 501 517 569 616 464
1211 67 1373 130 1325 596 1105 1408 1476 1580 1645 1323 1581 563 0 72 1034 785 126 593 604 1133 367 532 1351 115 943 73 224 883 1266 1193 91 74 216 711 134 1576 679 931 1389 1150 856 1237 1383 78 1511 659 1234 1120 797 934 706 1267 1189 101 118 95 72 362
1245 84 1407 114 1359 630 1140 1442 1510 1614 1679 1357 1615 597 72 0 1068 820 116 627 639 1167 402 566 1385 128 977 78 258 918 1300 1227 60 43 250 745 104 1610 714 966 1423 1184 890 1271 1417 48 1545 693 1268 1154 831 969 740 1301 1224 135 126 64 42 396
1648 1022 837 1082 1858 862 386 872 1034 1153 1109 437 1154 972 1034 1068 0 1329 1079 1040 1013 1676 815 1441 924 1068 1381 1028 889 1321 839 333 1050 1088 1125 791 1091 1149 1088 1369 1922 1587 1399 810 955 1062 995 1356 490 371 1235 890 690 1810 553 1053 1070 1109 1087 1271
968 773 1034 752 615 920 1262 1069 1232 1415 1306 984 1379 887 785 820 1329 0 749 1254 1265 423 1028 362 1305 738 988 779 884 1000 1394 1209 802 814 648 1035 761 1382 1302 973 679 749 231 1503 1347 814 1193 221 895 1247 1129 721 1098 557 851 723 740 791 838 523
1256 114 1336 93 1289 559 1151 1371 1522 1625 1608 1286 1626 526 126 116 1079 749 0 638 650 1096 413 495 1396 79 988 120 269 929 1311 1238 134 89 179 674 90 1621 725 977 1353 1195 819 1283 1428 121 1495 622 1197 1165 842 898 737 1230 1153 64 81 67 115 326
743 581 1602 642 953 884 1112 1596 1483 1587 1678 1380 1588 995 593 627 1040 1254 638 0 315 1033 260 1000 1357 627 476 587 488 416 1273 1199 610 647 684 813 650 1583 281 464 1017 682 1324 1244 1389 621 1517 1127 1433 1127 330 1402 713 1251 1496 613 629 668 646 830
728 592 1575 653 939 857 1084 1568 1455 1559 1650 1352 1560 967 604 639 1013 1265 650 315 0 1018 324 1011 1330 639 461 598 460 401 1245 1172 621 659 696 786 662 1555 168 449 1003 668 1335 1216 1361 633 1490 1138 1405 1099 315 1405 685 1237 1468 624 641 680 657 842
639 1121 1381 1099 286 1267 1609 1416 1579 1763 1654 1331 1726 1234 1133 1167 1676 423 1096 1022 1008 0 1156 709 1652 1085 659 1127 1231 671 1741 1556 1149 1161 995 1382 1108 1729 973 644 350 420 428 1850 1694 1161 1540 568 1242 1594 800 1068 1445 312 1198 1070 1087 1138 1185 870
877 355 1377 416 1087 659 886 1371 1257 1361 1452 1154 1362 769 367 402 815 1028 413 260 324 1167 0 774 1132 402 610 361 262 550 1047 974 384 422 459 588 425 1357 399 598 1151 816 1098 1018 1164 396 1292 901 1207 901 464 1177 487 1385 1270 387 404 443 420 605
1255 520 1202 498 902 666 1430 1237 1400 1583 1474 1152 1547 633 532 566 1441 362 495 1000 1011 709 774 0 1473 484 1274 526 631 1286 1562 1377 548 560 394 781 507 1550 1086 1260 965 1036 432 1644 1515 560 1361 235 1063 1415 1204 889 844 843 1019 469 486 537 584 269
1965 1339 313 1399 1845 1179 995 307 194 297 389 763 299 1289 1351 1385 924 1305 1396 1357 1330 1652 1132 1473 0 1385 1698 1345 1206 1638 157 988 1368 1405 1442 1108 1408 293 1405 1686 1909 1904 1376 266 110 1379 228 1332 674 1010 1552 866 1007 1787 630 1370 1387 1426 1404 1545
1245 103 1325 82 1277 548 1139 1360 1510 1614 1597 1275 1615 515 115 128 1068 738 79 627 639 1085 402 484 1385 0 977 109 258 917 1300 1227 132 101 168 663 91 1610 713 966 1341 1184 808 1271 1417 134 1483 611 1186 1154 831 886 726 1219 1142 53 70 79 128 314
379 931 1942 992 590 1225 1452 1936 1823 1927 2018 1720 1928 1335 943 977 1381 998 988 476 461 669 610 1285 1698 977 0 937 828 156 1613 1540 960 997 1034 1153 1000 1923 427 204 654 319 1004 1584 1729 971 1858 1143 1773 1467 253 1644 1053 888 1774 963 980 1018 996 1180
1204 61 1367 123 1319 590 1099 1402 1470 1574 1639 1317 1575 557 73 78 1028 779 120 587 598 1127 361 526 1345 109 937 0 218 877 1260 1187 90 79 210 705 132 1570 673 925 1383 1143 850 1231 1376 84 1505 653 1228 1114 791 928 700 1261 1183 94 111 100 78 356
1095 212 1450 272 1305 695 960 1444 1331 1435 1526 1228 1436 662 224 258 889 884 269 488 460 1231 262 631 1206 258 828 218 0 768 1121 1047 240 278 315 661 281 1431 535 816 1369 1034 955 1092 1237 252 1365 758 1281 975 682 1033 561 1366 1288 243 260 299 276 461
391 871 1883 932 602 1165 1392 1877 1763 1867 1959 1660 1868 1275 883 918 1321 1010 929 416 401 681 550 1290 1638 917 156 877 768 0 1553 1480 900 938 974 1094 941 1863 367 145 666 331 1016 1524 1670 912 1798 1155 1713 1407 193 1656 993 900 1776 903 920 959 936 1121
1880 1254 402 1315 1934 1094 911 396 283 386 478 852 388 1204 1266 1300 839 1394 1311 1273 1245 1741 1047 1562 157 1300 1613 1260 1121 1553 0 998 1283 1321 1357 1023 1323 382 1320 1601 1998 1819 1465 181 189 1294 317 1421 763 925 1467 955 923 1876 719 1286 1303 1342 1319 1503
1807 1181 717 1241 1749 1021 266 752 914 1098 989 318 1061 1131 1193 1227 333 1209 1238 1199 1172 1556 974 1377 988 1227 1540 1187 1047 1480 998 0 1209 1247 1284 950 1250 1064 1247 1528 1813 1746 1279 969 1030 1221 875 1236 371 251 1394 770 849 1690 433 1212 1229 1268 1246 1430
1227 84 1389 132 1342 612 1122 1424 1493 1597 1662 1339 1598 580 91 60 1050 802 134 610 621 1149 384 548 1368 132 960 90 240 900 1283 1209 0 62 233 728 122 1593 696 948 1406 1166 872 1254 1399 66 1527 675 1250 1137 814 951 723 1283 1206 117 134 83 60 379
1265 85 1401 87 1353 624 1160 1436 1531 1634 1673 1351 1635 591 74 43 1088 814 89 647 659 1161 422 560 1405 101 997 79 278 938 1321 1247 62 0 244 739 77 1630 734 986 1417 1204 884 1292 1437 49 1559 687 1262 1174 852 962 761 1295 1218 129 100 54 43 390
1302 204 1235 183 1188 458 1196 1270 1433 1617 1508 1185 1580 425 216 250 1125 648 179 684 696 995 459 394 1442 168 1034 210 315 974 1357 1284 233 244 0 574 191 1583 770 1023 1252 1241 718 1328 1474 244 1394 521 1096 1211 888 797 636 1129 1052 154 170 222 269 225
1421 699 1189 678 1575 412 862 1224 1233 1337 1428 1130 1338 379 711 745 791 1035 674 813 786 1382 588 781 1108 663 1153 705 661 1094 1023 950 728 739 574 0 686 1333 860 1142 1639 1360 1106 994 1139 739 1268 908 1050 877 1007 750 290 1516 1005 649 665 717 764 612
1268 126 1348 88 1301 571 1163 1383 1534 1637 1620 1298 1638 538 134 104 1091 761 90 650 662 1108 425 507 1408 91 1000 132 281 941 1323 1250 122 77 191 686 0 1633 737 989 1365 1207 831 1295 1440 109 1507 634 1209 1177 854 910 749 1242 1165 76 93 55 103 338
2190 1564 426 1624 1921 1404 1118 461 371 154 110 840 118 1388 1576 1610 1149 1382 1621 1583 1555 1729 1357 1550 293 1610 1923 1570 1431 1863 382 1064 1593 1630 1583 1333 1633 0 1630 1911 1985 2056 1452 491 335 1604 405 1408 751 1102 1777 943 1232 1863 706 1595 1612 1651 1629 1621
694 667 1649 728 904 932 1159 1643 1530 1634 1725 1427 1635 1042 679 714 1088 1313 725 281 168 984 399 1086 1405 713 427 673 535 367 1320 1247 696 734 770 860 737 1630 0 415 968 633 1318 1291 1436 708 1565 1213 1480 1174 281 1480 760 1202 1543 699 716 755 732 917
365 919 1931 980 575 1213 1441 1925 1811 1915 2007 1708 1916 1323 931 966 1369 984 977 464 449 655 598 1270 1686 966 204 925 816 145 1601 1528 948 986 1023 1142 989 1911 415 0 639 304 989 1572 1718 960 1846 1129 1761 1455 242 1629 1041 873 1759 951 968 1007 984 1169
624 1377 1638 1356 221 1524 1866 1673 1835 2019 1910 1588 1982 1491 1389 1423 1912 679 1353 1007 992 350 1141 965 1909 1341 643 1383 1359 655 1998 1813 1406 1417 1252 1639 1365 1985 958 629 0 404 685 2106 1951 1417 1796 824 1499 1850 784 1325 1584 569 1454 1327 1344 1395 1442 1127
271 1138 1718 1198 351 1431 1659 1753 1916 2100 1991 1668 2063 1541 1150 1184 1587 760 1195 682 668 431 816 1046 1904 1184 319 1143 1034 331 1819 1746 1166 1204 1241 1360 1207 2066 633 304 415 0 765 1791 1936 1178 1877 905 1579 1673 460 1405 1259 649 1535 1169 1186 1225 1202 1207
974 844 1104 822 621 990 1332 1139 1302 1486 1377 1054 1449 957 856 890 1399 231 819 1324 1335 428 1098 432 1376 808 993 850 955 1005 1465 1279 872 884 718 1106 831 1452 1308 979 685 755 0 1573 1417 884 1263 291 965 1317 1134 791 1168 562 921 793 810 861 909 593
1852 1225 510 1286 2042 1065 882 504 391 495 586 960 496 1176 1237 1271 810 1503 1283 1244 1216 1850 1018 1644 266 1271 1584 1231 1092 1524 181 969 1254 1292 1328 994 1295 491 1291 1572 2106 1791 1573 0 297 1265 426 1529 871 896 1438 1063 894 1984 827 1257 1274 1313 1290 1475
1997 1371 355 1431 1887 1211 1027 349 235 339 431 805 340 1321 1383 1417 955 1347 1428 1389 1361 1694 1164 1515 110 1417 1729 1376 1237 1670 189 1030 1399 1437 1474 1139 1440 335 1436 1718 1951 1936 1417 297 0 1411 270 1374 716 1042 1583 908 1039 1828 672 1402 1419 1458 1435 1587
1239 90 1401 119 1353 624 1134 1436 1504 1608 1673 1351 1609 591 78 48 1062 814 121 621 633 1161 396 560 1379 134 971 84 252 912 1294 1221 66 49 244 739 109 1604 708 960 1417 1178 884 1265 1411 0 1539 687 1262 1148 825 963 734 1295 1218 129 132 70 47 390
2086 1499 200 1498 1732 1232 928 194 244 409 501 650 411 1199 1511 1545 995 1193 1495 1517 1490 1540 1292 1361 228 1483 1858 1505 1365 1798 317 875 1527 1559 1394 1268 1507 405 1565 1846 1796 1866 1263 426 270 1539 0 1219 561 913 1712 754 1167 1674 517 1469 1486 1537 1564 1432
1114 647 1061 625 760 793 1289 1096 1258 1442 1333 1011 1405 760 659 693 1356 221 622 1127 1138 568 901 235 1332 611 1133 653 758 1145 1421 1236 675 687 521 908 634 1408 1213 1119 824 894 291 1529 1374 687 1219 0 922 1273 1274 748 971 702 877 596 613 664 712 396
1788 1222 403 1200 1435 934 424 438 601 784 675 302 747 902 1234 1268 490 895 1197 1433 1405 1242 1207 1063 674 1186 1773 1228 1281 1713 763 371 1250 1262 1096 1050 1209 751 1480 1761 1499 1569 965 871 716 1262 561 922 0 408 1627 456 1083 1376 209 1171 1188 1240 1287 1135
1734 1108 755 1168 1787 948 304 790 952 1136 1027 355 1099 1058 1120 1154 371 1247 1165 1127 1099 1594 901 1415 1010 1154 1467 1114 975 1407 925 251 1137 1174 1211 877 1177 1102 1174 1455 1850 1673 1317 896 1042 1148 913 1273 408 0 1321 808 776 1728 471 1139 1156 1195 1173 1357
521 785 1796 846 731 1079 1306 1790 1677 1781 1872 1574 1782 1189 797 831 1235 1139 842 330 315 810 464 1204 1552 831 253 791 682 193 1467 1394 814 852 888 1007 854 1777 281 242 795 460 1145 1438 1583 825 1712 1285 1627 1321 0 1607 907 1029 1690 817 834 873 850 1034
1614 922 595 901 1261 635 823 630 793 976 867 545 940 602 934 969 890 721 898 1402 1405 1068 1177 889 866 886 1634 928 1033 1646 955 770 951 962 797 750 910 943 1480 1619 1325 1395 791 1063 908 963 754 748 456 808 1607 0 813 1202 412 872 889 940 987 835
1320 694 1251 740 1531 362 762 1246 1133 1236 1328 1030 1237 441 706 740 690 1098 737 713 685 1445 487 844 1007 726 1053 700 561 993 923 849 723 761 636 290 749 1232 760 1041 1595 1259 1168 894 1039 734 1167 971 1083 776 907 813 0 1579 1068 711 728 779 759 675
858 1255 1515 1233 505 1401 1743 1550 1713 1897 1788 1465 1860 1368 1267 1301 1810 557 1230 1241 1227 312 1375 843 1787 1219 878 1261 1366 890 1876 1690 1283 1295 1129 1516 1242 1863 1192 863 569 639 562 1984 1828 1295 1674 702 1376 1728 1019 1202 1579 0 1332 1204 1221 1272 1319 1004
1744 1177 359 1156 1391 890 486 394 556 740 631 298 703 857 1189 1224 553 851 1153 1496 1468 1198 1270 1019 630 1142 1763 1183 1288 1775 719 433 1206 1218 1052 1005 1165 706 1543 1749 1454 1525 921 827 672 1218 517 877 209 471 1690 412 1068 1332 0 1127 1144 1195 1242 1090
1230 89 1310 67 1263 533 1125 1345 1496 1600 1583 1260 1601 501 101 135 1053 723 64 613 624 1070 387 469 1370 53 963 94 243 903 1286 1212 117 129 154 649 76 1595 699 951 1327 1169 793 1257 1402 129 1469 596 1171 1139 817 872 711 1204 1127 0 55 106 153 300
1247 105 1327 84 1280 550 1142 1362 1513 1616 1600 1277 1618 517 118 126 1070 740 81 629 641 1087 404 486 1387 70 980 111 260 920 1303 1229 134 100 170 665 93 1612 716 968 1344 1186 810 1274 1419 132 1486 613 1188 1156 834 889 728 1221 1144 55 0 77 126 317
1286 106 1379 65 1331 602 1181 1413 1552 1655 1651 1329 1657 569 95 64 1109 791 67 668 680 1138 443 537 1426 79 1018 100 299 959 1342 1268 83 54 222 717 55 1651 755 1007 1395 1225 861 1313 1458 70 1537 664 1240 1195 873 940 779 1272 1195 106 77 0 64 368
1263 84 1426 113 1378 649 1158 1461 1529 1633 1698 1376 1634 616 72 42 1087 838 115 646 657 1185 420 584 1404 128 996 78 276 936 1319 1246 60 43 269 764 103 1629 732 984 1442 1202 909 1290 1435 47 1564 712 1287 1173 850 987 759 1319 1242 153 126 64 0 415
1416 350 1274 329 1063 497 1343 1309 1471 1655 1546 1224 1618 464 362 396 1271 523 326 830 842 870 605 269 1545 314 1180 356 461 1121 1503 1430 379 390 225 612 338 1621 917 1169 1127 1197 593 1475 1587 390 1432 396 1135 1357 1034 835 675 1004 1090 300 317 368 415 0
EOF