NAME : tsp_problem
TYPE : TSP
DIMENSION : 44
EDGE_WEIGHT_TYPE : EXPLICIT
EDGE_WEIGHT_FORMAT : FULL_MATRIX
EDGE_WEIGHT_SECTION
0 923 866 564 514 1213 965 1099 1675 951 1492 944 634 1285 765 1734 953 939 1482 488 762 824 420 1648 640 129 889 884 345 936 1924 953 661 941 1238 839 583 1026 1049 942 1871 1730 854 467
923 0 1502 691 731 977 149 862 1261 1576 1256 1586 1421 495 1348 944 67 88 693 705 1439 1212 1207 1231 1427 973 682 133 1132 90 1153 72 651 84 449 1626 1370 236 692 84 1457 941 1336 1095
866 1502 0 1294 1243 1943 1625 1828 1713 483 2093 494 297 1368 720 1395 1544 1517 1249 1217 156 583 617 1682 328 916 1619 1545 614 1568 1605 1532 1331 1562 1382 507 438 1437 1033 1521 1908 1392 208 1088
564 691 1294 0 199 1071 814 957 1533 1379 1350 1372 1062 798 1034 1247 733 706 995 177 1189 1081 848 1506 1068 614 747 734 773 757 1456 721 347 751 751 1267 1011 626 561 710 1729 1244 1205 736
514 731 1243 199 0 1021 772 906 1483 1329 1300 1322 1012 874 984 1323 761 746 1071 127 1139 1042 798 1455 1018 564 697 692 722 743 1532 761 296 749 827 1217 961 702 637 750 1679 1320 1231 686
1213 977 1943 1071 1021 0 1018 217 548 2028 365 2021 1711 1270 1683 790 1007 992 1151 995 1839 1742 1497 520 1717 1263 414 938 1422 989 797 1007 1168 994 1284 1916 1660 1079 1535 996 744 793 1931 1385
965 149 1625 814 772 1018 0 904 1385 1699 1297 1710 1462 618 1435 1067 98 135 816 746 1562 1335 1249 1354 1469 1015 724 100 1173 80 1277 119 774 85 572 1668 1411 359 815 131 1580 1064 1459 1136
1099 862 1828 957 906 217 904 0 679 1914 496 1907 1597 1224 1569 921 892 878 1282 880 1724 1627 1383 651 1603 1149 300 823 1307 875 928 892 1054 880 1177 1802 1546 965 1421 881 875 924 1816 1270
1665 1261 1713 1523 1473 538 1385 669 0 1786 533 1797 1790 874 1559 394 1304 1277 755 1447 1649 1422 1949 125 1821 1715 866 1304 1874 1327 401 1291 1525 1321 888 1891 1931 1196 1379 1280 249 397 1547 1837
951 1576 483 1379 1329 2028 1699 1914 1786 0 2167 47 388 1442 794 1469 1618 1591 1322 1303 420 657 703 1755 413 1001 1705 1619 699 1642 1678 1605 1405 1636 1455 129 523 1511 1106 1594 1982 1465 318 1162
1492 1256 2103 1350 1300 365 1297 496 543 2177 0 2188 1990 1265 1950 785 1286 1271 1146 1274 2040 1813 1776 515 1996 1542 693 1217 1701 1268 792 1286 1447 1273 1279 2195 1939 1358 1770 1275 739 788 1938 1664
944 1586 494 1372 1322 2021 1710 1907 1797 47 2177 0 381 1452 804 1479 1629 1602 1333 1296 431 668 696 1766 406 994 1698 1629 692 1652 1689 1616 1416 1646 1466 122 516 1521 1117 1605 1993 1476 328 1172
634 1421 297 1062 1012 1711 1462 1597 1790 388 1990 381 0 1445 797 1472 1451 1436 1326 986 198 660 386 1759 96 684 1387 1382 382 1434 1682 1451 1159 1439 1459 276 206 1514 1110 1440 1985 1469 285 965
1285 495 1368 798 874 1260 618 1224 874 1442 1255 1452 1445 0 1214 557 537 510 305 899 1305 1077 1569 844 1476 1335 1044 538 1494 561 766 525 758 555 122 1547 1586 430 799 514 1070 554 1202 1457
765 1348 720 1034 984 1683 1435 1569 1559 794 1939 804 797 1214 0 1241 1391 1364 1095 958 657 257 1049 1528 828 815 1360 1354 974 1406 1451 1378 1131 1408 1228 899 938 1283 879 1367 1755 1238 554 498
1734 944 1395 1247 1323 780 1067 911 394 1469 775 1479 1472 557 1241 0 986 959 438 1348 1332 1105 1793 364 1503 1784 1108 987 1789 1010 286 974 1207 1004 571 1574 1613 879 1061 963 590 139 1229 1609
953 67 1544 733 761 1007 98 892 1304 1618 1286 1629 1451 537 1391 986 0 53 735 735 1481 1254 1238 1273 1457 1003 712 89 1162 55 1196 36 694 49 491 1657 1400 278 734 49 1500 983 1379 1125
939 88 1517 706 746 992 135 878 1277 1591 1271 1602 1436 510 1364 959 53 0 708 720 1454 1227 1223 1246 1443 989 697 126 1147 77 1169 58 666 71 464 1642 1385 251 707 70 1472 956 1351 1110
1482 693 1249 995 1071 1141 816 1272 755 1322 1136 1333 1326 305 1095 438 735 708 0 1096 1185 958 1646 724 1357 1532 1241 735 1643 758 647 722 956 752 319 1427 1467 628 915 711 951 434 1083 1463
488 705 1217 177 127 995 746 880 1457 1303 1274 1296 986 899 958 1348 735 720 1096 0 1113 1016 772 1429 992 538 671 666 697 717 1557 735 274 723 852 1191 935 726 662 724 1653 1344 1205 660
762 1439 156 1189 1139 1839 1562 1724 1649 420 2030 431 198 1305 657 1332 1481 1454 1185 1113 0 520 513 1618 223 811 1515 1482 510 1505 1541 1468 1268 1499 1318 403 334 1374 969 1457 1845 1328 144 1025
824 1212 583 1081 1042 1742 1335 1627 1422 657 1803 668 660 1077 257 1105 1254 1227 958 1016 520 0 981 1391 691 873 1418 1254 977 1277 1314 1241 1041 1271 1091 762 801 1147 742 1230 1618 1101 417 556
420 1207 617 848 798 1497 1249 1383 1959 703 1776 696 386 1569 1049 1793 1238 1223 1646 772 513 981 0 1932 392 470 1174 1168 168 1220 2002 1237 945 1225 1522 591 335 1310 1333 1226 2155 1789 605 751
1637 1231 1682 1495 1445 510 1354 641 125 1755 505 1766 1759 844 1528 364 1273 1246 724 1419 1618 1391 1921 0 1790 1687 839 1273 1846 1297 370 1260 1494 1291 857 1860 1900 1166 1348 1249 320 367 1516 1809
640 1427 328 1068 1018 1717 1469 1603 1821 413 1996 406 96 1476 828 1503 1457 1443 1357 992 223 691 392 1790 0 690 1393 1388 388 1440 1713 1457 1165 1445 1490 301 212 1530 1141 1446 2016 1500 316 971
129 973 916 614 564 1263 1015 1149 1725 1001 1542 994 684 1335 815 1784 1003 989 1532 538 811 873 470 1698 690 0 939 934 395 986 1974 1003 711 991 1288 889 633 1076 1099 992 1921 1780 904 517
889 682 1619 747 697 414 724 300 876 1705 693 1698 1387 1044 1360 1119 712 697 1241 671 1515 1418 1174 849 1393 939 0 643 1098 695 1125 712 844 700 997 1592 1336 785 1232 701 1072 1122 1607 1061
884 133 1545 734 692 938 100 823 1304 1619 1217 1629 1382 538 1354 987 89 126 735 666 1482 1254 1168 1273 1388 934 643 0 1093 71 1196 110 694 76 491 1587 1331 279 735 122 1500 983 1379 1056
345 1132 614 773 722 1422 1173 1307 1884 699 1701 692 382 1494 974 1789 1162 1147 1643 697 510 977 168 1856 388 395 1098 1093 0 1144 1999 1162 870 1150 1447 587 331 1234 1257 1151 2080 1786 602 675
936 90 1568 757 743 989 80 875 1327 1642 1268 1652 1434 561 1406 1010 55 77 758 717 1505 1277 1220 1297 1440 986 695 71 1144 0 1219 60 717 56 514 1639 1383 302 758 72 1523 1007 1402 1107
1914 1153 1605 1456 1532 786 1277 918 401 1678 781 1689 1682 766 1451 286 1196 1169 647 1557 1541 1314 2002 370 1713 1964 1115 1196 1999 1219 0 1183 1417 1213 780 1783 1823 1088 1271 1172 407 289 1439 1819
953 72 1532 721 761 1007 119 892 1291 1605 1286 1616 1451 525 1378 974 36 58 722 735 1468 1241 1237 1260 1457 1003 712 110 1162 60 1183 0 681 54 478 1656 1400 266 722 54 1487 970 1366 1125
661 651 1331 347 296 1168 774 1054 1525 1405 1447 1416 1159 758 1131 1207 694 666 956 274 1268 1041 945 1494 1165 711 844 694 870 717 1417 681 0 711 712 1364 1108 586 521 670 1720 1204 1165 833
941 84 1562 751 749 994 85 880 1321 1636 1273 1646 1439 555 1408 1004 49 71 752 723 1499 1271 1225 1291 1445 991 700 76 1150 56 1213 54 711 0 508 1644 1388 296 752 66 1517 1001 1396 1113
1238 449 1382 751 827 1274 572 1177 888 1455 1269 1466 1459 122 1228 571 491 464 319 852 1318 1091 1522 857 1490 1288 997 491 1447 514 780 478 712 508 0 1560 1600 384 753 467 1084 567 1216 1410
839 1626 507 1267 1217 1916 1668 1802 1891 129 2195 122 276 1547 899 1574 1657 1642 1427 1191 403 762 591 1860 301 889 1592 1587 587 1639 1783 1656 1364 1644 1560 0 411 1616 1211 1645 2087 1570 423 1170
583 1370 438 1011 961 1660 1411 1546 1931 523 1939 516 206 1586 938 1613 1400 1385 1467 935 334 801 335 1900 212 633 1336 1331 331 1383 1823 1400 1108 1388 1600 411 0 1472 1251 1389 2126 1610 426 914
1026 236 1437 626 702 1079 359 965 1196 1511 1358 1521 1514 430 1283 879 278 251 628 726 1374 1147 1310 1166 1530 1076 785 279 1234 302 1088 266 586 296 384 1616 1472 0 627 255 1392 876 1271 1197
1049 692 1033 561 637 1535 815 1421 1379 1106 1759 1117 1110 799 879 1061 734 707 915 662 969 742 1333 1348 1141 1099 1232 735 1257 758 1271 722 521 752 753 1211 1251 627 0 711 1575 1058 867 1221
942 84 1521 710 750 996 131 881 1280 1594 1275 1605 1440 514 1367 963 49 70 711 724 1457 1230 1226 1249 1446 992 701 122 1151 72 1172 54 670 66 467 1645 1389 255 711 0 1476 959 1355 1114
1861 1457 1908 1719 1668 733 1580 864 249 1982 728 1993 1985 1070 1755 590 1500 1472 951 1642 1845 1618 2145 320 2016 1911 1062 1500 2069 1523 407 1487 1720 1517 1084 2087 2126 1392 1575 1476 0 593 1742 2032
1730 941 1392 1244 1320 783 1064 914 397 1465 778 1476 1469 554 1238 139 983 956 434 1344 1328 1101 1789 367 1500 1780 1111 983 1786 1007 289 970 1204 1001 567 1570 1610 876 1058 959 593 0 1226 1606
854 1336 208 1205 1231 1931 1459 1816 1547 318 1927 328 285 1202 554 1229 1379 1351 1083 1205 144 417 605 1516 316 904 1607 1379 602 1402 1439 1366 1165 1396 1216 423 426 1271 867 1355 1742 1226 0 922
467 1095 1088 736 686 1385 1136 1270 1847 1162 1664 1172 965 1457 498 1609 1125 1110 1463 660 1025 556 751 1819 971 517 1061 1056 675 1107 1819 1125 833 1113 1410 1170 914 1197 1221 1114 2043 1606 922 0
EOF