NAME : tsp_problem
TYPE : TSP
DIMENSION : 88
EDGE_WEIGHT_TYPE : EXPLICIT
EDGE_WEIGHT_FORMAT : FULL_MATRIX
EDGE_WEIGHT_SECTION
0 343 826 111 779 762 739 556 1509 1563 1262 1374 1337 1409 1220 636 118 1133 100 1028 82 1372 1516 98 1566 1582 135 1533 710 105 179 840 131 1340 124 788 819 1241 1240 1208 891 808 1432 1065 1408 812 1659 780 659 1609 1607 930 1627 614 125 1295 1326 1618 1062 412 77 1239 1131 1433 1523 825 252 1484 1032 265 99 1696 120 883 1713 1714 780 1184 1059 1443 152 94 624 371 1416 883 852 121
343 0 583 332 605 675 702 590 1245 1299 1296 1242 1210 1144 1254 373 250 890 267 1062 285 1240 1251 270 1500 1380 235 1268 742 264 186 575 238 1374 244 523 853 977 997 1242 648 544 1168 822 1144 549 1559 814 396 1345 1611 687 1625 648 244 1031 1062 1635 1096 446 285 1273 867 1169 1409 575 285 1220 1066 218 264 1540 251 619 1449 1450 814 1218 795 1473 229 273 658 128 1152 619 609 258
826 583 0 815 833 904 930 1074 1473 1527 803 1470 1439 1373 1599 371 734 397 751 1035 768 1468 1480 754 1007 1608 718 1497 970 748 670 804 722 1785 727 752 1255 1205 503 843 187 772 1396 328 1372 177 1787 1298 258 1573 1839 226 1853 1085 728 1259 1290 1863 953 930 769 1685 1095 1397 1637 803 769 1448 1033 702 748 1768 734 847 1677 1678 1297 897 1023 1702 713 756 1019 564 1380 847 148 741
111 332 815 0 768 751 728 545 1498 1552 1251 1363 1325 1398 1209 625 107 1122 89 1017 71 1360 1505 87 1555 1571 124 1521 699 93 168 829 120 1329 113 777 808 1230 1229 1197 880 797 1421 1053 1397 801 1648 769 648 1598 1596 919 1616 603 114 1284 1315 1607 1051 401 65 1228 1120 1422 1511 814 240 1473 1021 254 88 1685 108 872 1702 1703 769 1173 1048 1432 141 83 613 359 1405 872 841 109
779 605 833 768 0 320 347 772 1062 1116 1478 1059 1028 962 1001 614 686 1140 703 1244 721 1057 1069 706 1750 1197 670 1086 387 700 704 393 756 1121 680 218 1034 794 1246 1423 898 361 985 1071 961 790 1376 995 637 1162 1388 937 1409 395 762 848 879 1399 1277 628 733 1020 684 986 1226 220 652 1037 1247 735 756 1357 769 436 1266 1267 561 1399 612 1225 665 751 406 577 969 436 859 776
762 675 904 751 320 0 417 755 1133 1187 1461 1130 1098 1033 984 684 670 1210 686 1227 704 1128 1139 690 1765 1268 654 1156 457 683 688 464 739 1104 663 288 1017 865 1317 1406 968 432 1056 1142 1032 860 1424 979 707 1233 1371 1007 1392 379 745 919 950 1383 1261 611 717 1004 755 1057 1287 290 635 1108 1230 719 739 1428 752 507 1337 1338 545 1382 683 1208 649 734 389 647 1040 507 930 759
739 702 930 728 347 417 0 732 1159 1213 1438 1115 1078 1059 961 711 646 1237 663 1204 681 1113 1166 666 1741 1294 631 1183 452 660 664 490 716 1081 640 315 994 892 1343 1383 995 458 1082 1168 1059 887 1401 956 734 1259 1348 1034 1369 356 722 945 976 1359 1238 588 694 980 781 1083 1264 317 612 1134 1207 695 716 1438 729 533 1363 1364 521 1359 709 1185 625 711 366 674 1066 533 956 736
556 590 1074 545 772 755 732 0 1437 1496 779 1144 1106 1585 990 884 464 1212 481 545 498 1141 1507 484 1083 1352 448 1418 704 478 482 1087 534 1110 458 913 336 1489 1082 725 1139 1056 1231 1252 1656 1060 1429 297 907 1391 1376 1178 1397 607 540 1543 1369 1388 579 204 511 1009 1379 1226 1292 818 430 1465 549 513 534 1466 546 1131 1575 1538 773 701 1306 1213 443 529 617 618 1522 1131 1100 554
1509 1245 1473 1498 1062 1133 1159 1437 0 125 1703 735 697 213 581 1254 1416 1780 1433 1469 1451 733 135 1436 2006 205 1401 94 1199 1430 1352 838 1404 386 1410 1030 1259 404 1886 1648 1538 806 822 1711 329 1430 385 1326 1276 171 436 1577 451 1284 1410 386 960 461 1503 1516 1451 492 474 818 230 1032 1451 93 1472 1384 1430 366 1417 881 275 276 1110 1624 841 294 1395 1439 1248 1217 150 881 1499 1424
1563 1299 1527 1552 1116 1187 1213 1496 125 0 1763 794 757 268 640 1308 1471 1834 1487 1528 1505 792 189 1491 2066 260 1455 148 1254 1484 1407 892 1458 446 1464 1084 1319 458 1941 1708 1592 860 881 1765 383 1484 295 1385 1331 225 346 1631 361 1343 1464 440 1019 371 1562 1575 1506 552 528 877 289 1087 1506 148 1532 1439 1485 276 1471 935 185 186 1169 1684 895 353 1450 1493 1302 1271 204 935 1553 1478
1262 1286 793 1251 1478 1461 1438 779 1703 1763 0 1410 1373 1851 1256 1074 1170 511 1187 311 1204 1408 1773 1190 382 1618 1154 1685 1409 1184 1188 1507 1240 1376 1163 1455 530 1908 382 218 752 1475 1497 551 1967 880 1695 668 961 1658 1643 706 1664 1313 1246 1962 1635 1654 228 910 1217 1275 1798 1493 1559 1506 1136 1731 308 1219 1239 1732 1252 1550 1841 1805 1292 257 1726 1479 1149 1235 1323 1267 1788 1550 793 1259
1374 1242 1470 1363 1059 1130 1115 1144 735 794 1410 0 217 883 277 1251 1281 1777 1298 1176 1316 247 805 1301 1713 650 1265 716 1087 1295 1299 835 1351 408 1275 1027 966 1021 1713 1355 1535 803 179 1709 999 1427 727 1033 1274 690 675 1574 696 991 1357 1055 318 686 1210 1223 1329 307 910 176 591 1030 1247 763 1179 1330 1351 764 1364 878 873 836 817 1331 533 511 1260 1346 1001 1214 820 878 1496 1371
1337 1210 1439 1325 1028 1098 1078 1106 697 757 1373 217 0 846 240 1219 1244 1745 1261 1139 1278 215 767 1264 1676 613 1228 679 1050 1258 1262 803 1314 370 1238 996 929 989 1676 1318 1503 772 148 1677 961 1395 690 995 1242 652 637 1542 658 953 1320 1018 286 649 1172 1185 1291 269 879 144 553 998 1210 726 1142 1293 1314 727 1326 847 836 799 779 1294 501 474 1223 1309 963 1182 783 847 1464 1334
1409 1144 1373 1398 962 1033 1059 1585 213 268 1851 883 846 0 729 1154 1316 1679 1333 1617 1351 881 220 1336 2155 348 1300 237 1099 1330 1252 737 1304 534 1310 930 1408 304 1786 1797 1438 706 970 1611 229 1330 528 1474 1176 314 579 1477 594 1214 1310 285 1007 604 1651 1512 1351 641 374 966 377 932 1351 188 1620 1284 1330 509 1317 781 417 418 1258 1772 741 442 1295 1339 1148 1116 121 781 1399 1324
1220 1254 1599 1209 1001 984 961 990 581 640 1256 277 240 729 0 1380 1127 1688 1144 1022 1162 275 651 1147 1559 496 1111 562 933 1141 1145 963 1197 253 1121 1142 812 919 1559 1201 1664 932 308 1728 844 1556 573 879 1402 535 520 1703 541 836 1203 901 446 532 1056 1069 1174 153 990 304 436 1047 1093 609 1025 1176 1197 610 1210 1007 719 682 662 1177 661 357 1106 1192 847 1281 666 1007 1625 1217
636 373 371 625 614 684 711 884 1254 1308 1085 1251 1219 1154 1380 0 544 678 561 1317 578 1249 1260 564 1288 1389 528 1277 751 558 480 585 532 1566 537 533 1146 986 785 1124 436 553 1177 609 1153 328 1568 1108 175 1354 1620 475 1634 866 538 1040 1071 1644 1234 740 579 1465 876 1178 1418 584 579 1229 1314 512 558 1549 544 628 1458 1459 1098 1178 804 1482 523 566 800 345 1161 628 397 552
118 250 734 107 686 670 646 464 1416 1471 1170 1281 1244 1316 1127 544 0 1041 96 936 78 1279 1423 94 1474 1490 64 1440 618 94 98 747 127 1247 74 695 726 1149 1147 1115 799 716 1340 972 1316 720 1567 688 567 1517 1514 838 1535 522 121 1203 1233 1525 970 320 72 1146 1039 1341 1430 732 159 1391 939 173 95 1604 115 791 1621 1622 687 1091 966 1351 59 90 532 278 1324 791 760 116
1133 890 397 1122 1140 1210 1237 1222 1780 1834 521 1777 1745 1679 1698 678 1041 0 1057 753 1075 1775 1786 1061 725 1915 1025 1803 1277 1054 977 1110 1028 1818 1034 1058 973 1512 221 560 356 1079 1703 177 1679 483 2094 1111 564 1880 2085 310 2106 1392 1034 1566 1596 2097 671 1236 1075 1718 1402 1704 1944 1110 1076 1755 750 1009 1054 2075 1041 1154 1984 1985 1604 615 1329 1922 1019 1063 1325 871 1687 1154 397 1048
100 267 751 89 703 686 663 481 1433 1487 1187 1298 1261 1333 1144 561 96 1057 0 953 60 1296 1440 77 1490 1507 81 1457 635 83 115 764 109 1264 91 712 743 1166 1164 1132 815 732 1356 989 1333 737 1584 705 583 1534 1531 854 1552 538 104 1219 1250 1542 987 337 55 1163 1055 1357 1447 749 176 1408 956 190 77 1620 98 808 1637 1638 704 1108 983 1368 76 72 549 295 1341 808 777 99
1028 1062 1025 1017 1244 1227 1204 545 1469 1528 311 1176 1139 1617 1022 1306 936 743 953 0 970 1174 1539 956 614 1384 920 1450 1175 950 954 1559 1005 1142 929 1385 296 1808 614 256 984 1528 1263 783 1733 1112 1461 434 1193 1424 1409 938 1429 1079 1012 1789 1401 1420 110 676 983 1041 1850 1259 1325 1290 901 1497 139 985 1005 1498 1018 1603 1607 1570 1058 232 1616 1245 915 1001 1089 1090 1554 1603 1025 1025
82 285 768 71 721 704 681 498 1451 1505 1204 1316 1278 1351 1162 578 78 1075 60 970 0 1314 1458 58 1508 1524 95 1475 652 64 133 782 91 1282 84 730 761 1183 1182 1150 833 750 1374 1007 1350 754 1601 722 601 1551 1549 872 1569 556 85 1237 1268 1560 1004 354 36 1181 1073 1375 1465 767 194 1426 974 207 59 1638 79 825 1655 1656 722 1126 1001 1385 94 54 566 313 1358 825 794 80
1372 1240 1468 1360 1057 1128 1113 1141 733 792 1408 247 215 881 275 1249 1279 1775 1296 1174 1314 0 802 1299 1711 648 1263 714 1085 1293 1297 833 1349 405 1273 1025 964 1019 1711 1353 1533 801 177 1706 996 1425 725 1030 1272 687 672 1572 693 988 1355 1053 315 684 1207 1220 1326 305 908 174 588 1028 1245 761 1177 1328 1349 762 1361 876 871 834 814 1329 531 509 1258 1344 998 1212 818 876 1494 1369
1516 1251 1480 1505 1069 1139 1166 1507 135 189 1773 805 767 220 651 1260 1423 1786 1440 1539 1458 802 0 1443 2076 270 1407 159 1206 1437 1359 844 1411 456 1417 1037 1329 411 1893 1718 1544 813 892 1718 336 1436 449 1396 1283 235 501 1583 515 1321 1417 392 1030 525 1573 1586 1458 562 481 887 299 1039 1458 110 1542 1391 1437 431 1424 888 339 340 1180 1694 847 364 1402 1446 1254 1223 157 888 1506 1431
98 270 754 87 706 690 666 484 1436 1491 1190 1301 1264 1336 1147 564 94 1061 77 956 58 1299 1443 0 1493 1510 84 1460 638 81 118 767 108 1267 94 715 746 1169 1167 1135 819 736 1360 992 1336 740 1587 708 587 1537 1534 858 1555 542 102 1223 1253 1545 990 340 53 1166 1059 1361 1450 752 179 1411 959 193 75 1624 96 811 1641 1642 707 1111 986 1371 79 71 552 298 1344 811 780 97
1566 1490 997 1555 1740 1765 1741 1083 2006 2066 382 1713 1676 2155 1559 1278 1474 715 1490 614 1508 1711 2076 1493 0 1922 1458 1988 1713 1487 1491 1710 1543 1679 1467 1658 834 2112 585 421 956 1679 1800 754 2270 1083 1999 972 1164 1961 1946 910 1967 1617 1549 2166 1938 1957 532 1213 1521 1578 2002 1796 1862 1710 1439 2035 611 1522 1543 2036 1556 1754 2145 2108 1596 476 1929 1783 1452 1538 1627 1471 2091 1754 997 1563
1582 1380 1608 1571 1197 1268 1294 1352 205 260 1618 650 613 348 496 1389 1490 1915 1507 1384 1524 648 270 1510 1922 0 1474 229 1296 1504 1487 972 1539 302 1483 1165 1175 539 1922 1564 1673 941 737 1846 464 1565 472 1241 1411 244 419 1712 440 1199 1545 520 875 430 1418 1431 1537 408 609 733 145 1167 1456 228 1388 1519 1559 501 1552 1016 409 411 1025 1540 976 209 1469 1555 1209 1351 285 1016 1634 1559
135 235 718 124 670 654 631 448 1401 1455 1154 1265 1228 1300 1111 528 64 1025 81 920 95 1263 1407 84 1458 1474 0 1424 602 78 82 731 134 1231 58 679 710 1133 1131 1099 783 700 1324 956 1300 704 1551 672 551 1501 1498 822 1519 506 139 1187 1217 1510 954 304 90 1130 1023 1325 1414 716 143 1375 923 157 112 1588 133 775 1605 1606 671 1075 950 1335 43 107 516 262 1308 775 744 134
1533 1268 1497 1521 1086 1156 1183 1418 94 148 1685 716 679 237 562 1277 1440 1803 1457 1450 1475 714 159 1460 1988 229 1424 0 1223 1454 1376 861 1428 368 1434 1054 1241 428 1910 1630 1561 830 803 1735 352 1453 409 1307 1300 194 460 1600 474 1265 1434 409 941 484 1484 1497 1475 474 498 799 211 1056 1475 117 1454 1408 1454 390 1441 905 298 299 1091 1606 864 275 1419 1462 1271 1240 174 905 1523 1448
710 742 970 699 387 457 452 704 1199 1254 1409 1087 1050 1099 933 751 618 1277 635 1175 652 1085 1206 638 1713 1296 602 1223 0 632 636 530 688 1053 611 355 966 932 1384 1355 1035 498 1122 1208 1099 927 1372 927 774 1300 1320 1074 1341 327 694 986 1016 1331 1209 559 665 952 821 1123 1236 357 584 1174 1179 667 687 1409 700 574 1403 1404 493 1331 749 1156 597 683 337 714 1107 574 996 707
105 264 748 93 700 683 660 478 1430 1484 1184 1295 1258 1330 1141 558 94 1054 83 950 64 1293 1437 81 1487 1504 78 1454 632 0 112 761 114 1261 87 709 740 1163 1161 1129 812 729 1353 986 1330 734 1580 701 580 1530 1528 851 1549 535 108 1216 1247 1539 983 333 59 1160 1052 1354 1444 746 173 1405 953 187 82 1617 102 805 1634 1635 701 1105 980 1364 73 77 545 292 1337 805 773 103
179 186 670 168 704 688 664 482 1352 1407 1188 1299 1262 1252 1145 480 98 977 115 954 133 1297 1359 118 1491 1487 82 1376 636 112 0 683 84 1265 92 631 744 1085 1083 1133 735 652 1276 908 1252 656 1585 706 503 1453 1532 774 1553 540 90 1139 1169 1543 988 338 118 1164 975 1277 1448 683 177 1327 957 111 97 1622 90 727 1557 1558 705 1109 902 1369 77 105 550 214 1260 727 696 91
840 575 804 829 393 464 490 1087 838 892 1517 835 803 737 963 585 747 1110 764 1559 782 833 844 767 1721 972 731 861 530 761 683 0 735 1150 741 361 1350 570 1217 1556 869 90 761 1042 737 761 1152 1311 607 938 1204 908 1218 645 741 624 654 1228 1593 943 782 1049 460 762 1002 363 782 813 1562 715 761 1133 748 121 1042 1043 878 1611 387 1066 726 770 579 547 745 121 830 755
131 238 722 120 756 739 716 534 1404 1458 1240 1351 1314 1304 1197 532 127 1028 109 1005 91 1349 1411 108 1543 1539 134 1428 688 114 84 735 0 1317 134 683 796 1137 1135 1185 786 703 1327 960 1304 708 1636 757 554 1504 1584 825 1605 591 48 1190 1221 1595 1039 389 70 1216 1026 1328 1500 734 229 1379 1009 162 49 1673 42 779 1608 1609 757 1161 954 1420 129 58 601 266 1311 779 747 43
1340 1374 1785 1329 1121 1104 1081 1110 386 446 1376 408 370 534 253 1566 1247 1808 1264 1142 1282 405 456 1267 1679 302 1231 368 1053 1261 1265 1150 1317 0 1241 1262 932 725 1679 1321 1850 1118 495 1848 650 1742 379 999 1589 341 326 1889 347 956 1323 707 633 337 1176 1189 1294 165 795 490 242 1167 1213 414 1145 1296 1317 415 1330 1194 525 488 782 1297 848 163 1226 1312 967 1401 471 1194 1811 1337
124 244 727 113 680 663 640 458 1410 1464 1163 1275 1238 1310 1121 537 74 1034 91 929 84 1273 1417 94 1467 1483 58 1434 611 87 92 741 134 1241 0 689 720 1142 1141 1109 792 709 1333 966 1309 713 1560 681 560 1510 1508 831 1529 515 128 1196 1227 1519 963 313 79 1140 1032 1334 1424 726 153 1385 933 167 101 1597 122 784 1614 1615 681 1085 960 1344 53 97 525 272 1317 784 753 123
788 523 752 777 218 288 315 913 1030 1084 1465 1027 996 930 1142 533 695 1058 712 1385 730 1025 1037 715 1669 1165 679 1054 355 709 631 361 683 1262 689 0 1175 762 1165 1504 817 329 953 990 930 709 1344 1137 555 1130 1396 856 1410 470 689 816 847 1420 1419 769 730 1161 652 954 1194 188 730 1005 1388 663 709 1326 696 404 1234 1235 702 1540 580 1259 674 718 403 495 937 404 778 703
819 853 1245 808 1034 1017 994 336 1259 1319 530 966 929 1408 812 1146 726 963 743 296 761 964 1329 746 834 1175 710 1241 966 740 744 1350 796 932 720 1175 0 1598 834 476 1204 1318 1053 1003 1523 1322 1252 225 1169 1214 1199 1158 1220 869 802 1580 1191 1210 330 466 773 831 1641 1049 1115 1080 692 1288 300 775 796 1289 809 1393 1398 1361 849 452 1407 1036 705 791 880 880 1344 1393 1245 816
1241 977 1205 1230 794 865 892 1489 404 458 1919 1021 989 304 919 986 1149 1512 1166 1808 1183 1019 411 1169 2122 539 1133 428 932 1163 1085 570 1137 725 1142 762 1598 0 1619 1958 1270 538 946 1444 303 1162 718 1665 1009 504 770 1309 784 1047 1143 190 840 794 1841 1345 1184 831 207 947 568 765 1184 379 1811 1117 1163 699 1149 614 608 609 1279 1963 573 633 1128 1171 980 949 311 614 1231 1157
1240 997 503 1229 1246 1317 1343 1093 1886 1941 392 1723 1686 1786 1569 785 1147 221 1164 624 1182 1721 1893 1167 596 1932 1131 1910 1384 1161 1083 1217 1135 1689 1141 1165 844 1619 0 431 462 1186 1809 261 1786 590 2009 982 671 1971 1956 417 1977 1499 1141 1673 1703 1967 542 1223 1182 1588 1508 1806 1872 1217 1182 1861 621 1115 1161 2046 1148 1261 2090 2092 1606 486 1436 1793 1126 1170 1432 977 1794 1261 504 1155
1208 1242 832 1197 1423 1406 1383 725 1648 1708 218 1355 1318 1797 1201 1113 1115 550 1132 256 1150 1353 1718 1135 421 1564 1099 1630 1355 1129 1133 1546 1185 1321 1109 1494 476 1948 421 0 791 1514 1442 590 1912 919 1641 614 1000 1603 1588 745 1609 1258 1191 1969 1580 1599 174 855 1162 1220 1837 1438 1504 1469 1081 1677 253 1164 1185 1678 1198 1589 1787 1750 1238 202 1765 1425 1094 1180 1269 1269 1733 1589 833 1205
891 648 187 880 898 968 995 1139 1538 1592 762 1535 1503 1438 1664 436 799 356 815 994 833 1533 1544 819 966 1673 783 1561 1035 812 735 869 786 1850 792 817 1214 1270 462 802 0 837 1461 287 1437 242 1852 1352 323 1638 1904 291 1918 1150 792 1324 1355 1928 912 994 833 1749 1160 1462 1702 868 834 1513 992 767 812 1833 799 912 1742 1743 1362 856 1088 1766 778 821 1084 629 1445 912 213 806
808 544 772 797 361 432 458 1056 806 860 1486 803 772 706 932 553 716 1079 732 1528 750 801 813 736 1689 941 700 830 498 729 652 90 703 1118 709 329 1318 538 1186 1525 837 0 729 1010 705 729 1120 1279 576 906 1172 876 1186 613 709 592 623 1196 1561 911 751 1018 428 730 970 331 751 781 1531 684 730 1101 716 106 1010 1011 846 1579 356 1035 695 738 547 516 713 106 798 723
1432 1168 1396 1421 985 1056 1082 1231 822 881 1497 179 148 970 308 1177 1340 1703 1356 1263 1374 177 892 1360 1800 737 1324 803 1122 1353 1276 761 1327 495 1333 953 1053 946 1800 1442 1461 729 0 1634 1085 1353 814 1120 1200 776 762 1500 782 1077 1333 1000 243 773 1297 1310 1374 394 836 106 677 955 1334 850 1266 1308 1353 851 1340 804 960 923 903 1418 459 598 1318 1362 1088 1140 907 804 1422 1347
1065 822 328 1053 1071 1142 1168 1262 1711 1765 561 1709 1677 1611 1738 609 972 177 989 793 1007 1706 1718 992 765 1846 956 1735 1208 986 908 1042 960 1858 966 990 1013 1444 261 600 287 1010 1634 0 1611 415 2026 1151 496 1811 2077 242 2092 1323 966 1497 1528 2101 711 1168 1007 1757 1333 1635 1875 1041 1007 1686 790 940 986 2007 972 1086 1915 1916 1535 655 1261 1940 951 994 1257 802 1618 1086 329 980
1408 1144 1372 1397 961 1032 1059 1656 329 383 1967 999 961 229 844 1153 1316 1679 1333 1733 1350 996 336 1336 2270 464 1300 352 1099 1330 1252 737 1304 650 1309 930 1523 303 1786 1912 1437 705 1085 1611 0 1329 643 1589 1176 429 695 1476 709 1214 1310 285 1007 719 1766 1512 1351 756 374 1081 493 932 1351 304 1736 1284 1330 624 1316 781 533 534 1373 1888 740 557 1295 1338 1147 1116 236 781 1398 1324
812 549 177 801 790 860 887 1060 1430 1484 890 1427 1395 1330 1556 328 720 483 737 1122 754 1425 1436 740 1094 1565 704 1453 927 734 656 761 708 1742 713 709 1322 1162 590 929 242 729 1353 415 1329 0 1744 1284 215 1530 1796 281 1810 1042 714 1216 1247 1820 1040 916 755 1641 1052 1354 1594 760 755 1405 1119 688 734 1725 720 804 1634 1635 1274 984 980 1658 699 742 976 521 1337 804 203 728
1659 1559 1787 1648 1376 1424 1401 1429 385 295 1695 727 690 528 573 1568 1567 2094 1584 1461 1601 725 449 1587 1999 472 1551 409 1372 1580 1585 1152 1636 379 1560 1344 1252 718 1998 1641 1852 1120 814 2026 643 1744 0 1318 1591 485 69 1891 83 1276 1642 700 952 93 1495 1508 1614 485 789 810 412 1347 1532 408 1465 1616 1636 54 1649 1196 163 126 1102 1617 1155 333 1546 1631 1286 1531 465 1196 1813 1656
780 814 1298 769 995 979 956 297 1326 1385 668 1033 995 1474 879 1108 688 1101 705 434 722 1030 1396 708 972 1241 672 1307 927 701 706 1311 757 999 681 1137 225 1665 972 614 1342 1279 1120 1141 1589 1284 1318 0 1130 1280 1266 1296 1286 831 763 1646 1258 1277 468 427 735 898 1602 1115 1181 1042 653 1354 438 737 757 1355 770 1355 1464 1427 915 590 1473 1102 667 752 841 842 1411 1355 1323 777
659 396 258 648 637 707 734 907 1276 1331 971 1274 1242 1176 1402 175 567 564 583 1203 601 1272 1283 587 1175 1411 551 1300 774 580 503 607 554 1589 560 555 1169 1009 671 1010 323 576 1200 496 1176 215 1591 1130 0 1377 1642 362 1657 889 560 1063 1093 1667 1121 762 602 1488 899 1201 1441 607 602 1251 1200 535 581 1572 567 651 1481 1482 1121 1065 826 1505 546 589 822 368 1184 651 284 574
1609 1345 1573 1598 1162 1233 1259 1391 171 225 1658 690 652 314 535 1354 1517 1880 1534 1424 1551 687 235 1537 1961 244 1501 194 1300 1530 1453 938 1504 341 1510 1130 1214 504 1961 1603 1638 906 776 1811 429 1530 485 1280 1377 0 458 1677 479 1238 1510 486 914 470 1457 1470 1552 447 574 772 184 1133 1495 194 1427 1485 1531 466 1517 981 375 376 1064 1579 941 248 1496 1539 1248 1317 250 981 1599 1524
1607 1611 1839 1596 1388 1371 1348 1376 436 346 1643 675 637 579 520 1620 1514 2075 1531 1409 1549 672 501 1534 1946 419 1498 460 1320 1528 1532 1204 1584 326 1508 1396 1199 770 1946 1588 1904 1172 762 2077 695 1796 69 1266 1642 458 0 1943 76 1223 1590 752 900 66 1442 1455 1561 432 840 757 359 1398 1480 459 1412 1563 1584 106 1596 1247 215 178 1049 1564 1115 280 1493 1579 1234 1583 516 1247 1865 1604
930 687 226 919 937 1007 1034 1178 1577 1631 717 1574 1542 1477 1703 475 838 310 854 949 872 1572 1583 858 920 1712 822 1600 1074 851 774 908 825 1889 831 856 1169 1309 417 756 291 876 1500 242 1476 281 1891 1307 362 1677 1943 0 1957 1189 831 1363 1394 1967 867 1033 873 1788 1199 1501 1741 907 873 1552 946 806 852 1872 838 951 1781 1782 1401 810 1127 1805 817 860 1123 668 1484 951 252 845
1627 1625 1853 1616 1409 1392 1369 1397 451 361 1664 696 658 594 541 1634 1535 2096 1552 1429 1569 693 515 1555 1967 440 1519 474 1341 1549 1553 1218 1605 347 1529 1410 1220 784 1967 1609 1918 1186 782 2092 709 1810 83 1286 1657 479 76 1957 0 1244 1611 766 920 87 1463 1476 1582 453 854 778 380 1413 1501 474 1433 1584 1605 120 1617 1261 229 192 1070 1585 1136 301 1514 1600 1254 1597 530 1261 1879 1625
614 648 1085 603 395 379 356 607 1284 1343 1313 991 953 1214 836 866 522 1392 538 1079 556 988 1321 542 1617 1199 506 1265 327 535 540 645 591 956 515 470 869 1047 1499 1258 1150 613 1077 1323 1214 1042 1276 831 889 1238 1223 1189 1244 0 597 1100 1131 1235 1113 463 569 855 936 1073 1139 441 487 1289 1082 571 591 1313 604 689 1422 1385 397 1234 864 1060 501 586 241 676 1222 689 1111 611
125 244 728 114 762 745 722 540 1410 1464 1246 1357 1320 1310 1203 538 121 1034 104 1012 85 1355 1417 102 1549 1545 139 1434 694 108 90 741 48 1323 128 689 802 1143 1141 1191 792 709 1333 966 1310 714 1642 763 560 1510 1590 831 1611 597 0 1196 1227 1601 1045 395 64 1222 1032 1334 1506 740 235 1385 1015 168 43 1679 36 785 1614 1615 763 1167 960 1426 135 52 607 272 1317 785 753 37
1295 1031 1259 1284 848 919 945 1543 386 440 1973 1055 1018 285 901 1040 1203 1566 1219 1789 1237 1053 392 1223 2176 520 1187 409 986 1216 1139 624 1190 707 1196 816 1580 190 1673 1969 1324 592 1000 1497 285 1216 700 1646 1063 486 752 1363 766 1100 1196 0 894 776 1823 1398 1238 813 260 1001 550 819 1238 361 1793 1171 1217 681 1203 667 590 591 1333 1945 627 614 1182 1225 1034 1003 293 667 1285 1210
1326 1062 1290 1315 879 950 976 1369 960 1019 1635 318 286 1007 446 1071 1233 1596 1250 1401 1268 315 1030 1253 1938 875 1217 941 1016 1247 1169 654 1221 633 1227 847 1191 840 1703 1580 1355 623 243 1528 1007 1247 952 1258 1093 914 900 1394 920 1131 1227 894 0 911 1435 1429 1268 532 730 244 816 849 1268 988 1404 1201 1247 989 1234 698 1098 1061 1042 1556 428 736 1212 1256 1065 1033 1015 698 1316 1241
1618 1635 1863 1607 1399 1383 1359 1388 461 371 1654 686 649 604 532 1644 1525 2086 1542 1420 1560 684 525 1545 1957 430 1510 484 1331 1539 1543 1228 1595 337 1519 1420 1210 794 1957 1599 1928 1196 773 2101 719 1820 93 1277 1667 470 66 1967 87 1235 1601 776 911 0 1454 1467 1573 444 864 769 371 1423 1491 484 1423 1574 1595 130 1608 1271 239 202 1061 1575 1126 291 1504 1590 1245 1607 540 1271 1889 1615
1062 1096 943 1051 1277 1261 1238 579 1503 1562 228 1210 1172 1651 1056 1224 970 661 987 110 1004 1207 1573 990 532 1418 954 1484 1209 983 988 1593 1039 1176 963 1419 330 1841 532 174 902 1561 1297 701 1766 1030 1495 468 1111 1457 1442 856 1463 1113 1045 1823 1435 1454 0 709 1017 1075 1884 1292 1358 1323 935 1531 108 1019 1039 1532 1052 1637 1641 1604 1092 150 1650 1279 949 1034 1123 1124 1588 1637 943 1059
412 446 930 401 628 611 588 204 1516 1575 910 1223 1185 1512 1069 740 320 1236 337 676 354 1220 1586 340 1213 1431 304 1497 559 333 338 943 389 1189 313 769 466 1345 1213 855 994 911 1310 1168 1512 916 1508 427 762 1470 1455 1033 1476 463 395 1398 1429 1467 709 0 367 1088 1234 1305 1371 674 285 1544 679 369 389 1545 402 987 1654 1617 629 831 1162 1292 299 384 473 474 1520 987 955 409
77 285 769 65 733 717 694 511 1451 1506 1217 1329 1291 1351 1174 579 72 1075 55 983 36 1326 1458 53 1521 1537 90 1475 665 59 118 782 70 1294 79 730 773 1184 1182 1162 833 751 1374 1007 1351 755 1614 735 602 1552 1561 873 1582 569 64 1238 1268 1573 1017 367 0 1193 1073 1375 1477 779 206 1426 986 209 54 1651 58 826 1655 1657 734 1138 1001 1398 106 49 579 313 1359 826 795 59
1239 1273 1685 1228 1020 1004 980 1009 492 552 1275 307 269 641 153 1465 1146 1707 1163 1041 1181 305 562 1166 1578 408 1130 474 952 1160 1164 1049 1216 165 1140 1161 831 831 1578 1220 1749 1018 394 1747 756 1641 485 898 1488 447 432 1788 453 855 1222 813 532 444 1075 1088 1193 0 901 390 348 1066 1112 521 1044 1195 1216 522 1229 1093 631 594 682 1196 747 269 1125 1211 866 1300 577 1093 1710 1236
1131 867 1095 1120 684 755 781 1379 474 528 1809 910 879 374 990 876 1039 1402 1055 1850 1073 908 481 1059 2012 609 1023 498 821 1052 975 460 1026 795 1032 652 1641 207 1508 1848 1160 428 836 1333 374 1052 789 1602 899 574 840 1199 854 936 1032 260 730 864 1884 1234 1073 901 0 837 638 654 1074 449 1854 1007 1052 770 1039 503 678 679 1169 1902 463 703 1018 1061 870 839 381 503 1121 1046
1433 1169 1397 1422 986 1057 1083 1226 818 877 1493 176 144 966 304 1178 1341 1704 1357 1259 1375 174 887 1361 1796 733 1325 799 1123 1354 1277 762 1328 490 1334 954 1049 947 1796 1438 1462 730 106 1635 1081 1354 810 1115 1201 772 757 1501 778 1073 1334 1001 244 769 1292 1305 1375 390 837 0 673 956 1330 846 1262 1309 1354 847 1341 805 956 919 899 1414 460 594 1319 1363 1083 1141 903 805 1423 1348
1523 1409 1637 1511 1226 1287 1264 1292 230 289 1559 591 553 377 436 1418 1430 1944 1447 1325 1465 588 299 1450 1862 145 1414 211 1236 1444 1448 1002 1500 242 1424 1194 1115 568 1862 1504 1702 970 677 1875 493 1594 412 1181 1441 184 359 1741 380 1139 1506 550 816 371 1358 1371 1477 348 638 673 0 1196 1396 258 1328 1479 1500 449 1512 1045 439 440 965 1480 1005 150 1409 1495 1149 1381 314 1045 1663 1520
825 575 803 814 220 290 317 818 1032 1087 1517 1030 998 932 1047 584 732 1110 749 1290 767 1028 1039 752 1720 1167 716 1056 357 746 683 363 734 1167 726 188 1080 765 1217 1469 868 331 955 1041 932 760 1347 1042 607 1133 1398 907 1413 441 740 819 849 1423 1323 674 779 1066 654 956 1196 0 698 1007 1293 715 761 1328 747 407 1236 1237 607 1445 582 1261 711 769 406 547 940 407 829 754
252 285 769 240 652 635 612 430 1451 1506 1136 1247 1210 1351 1093 579 159 1076 176 901 194 1245 1458 179 1439 1456 143 1475 584 173 177 782 229 1213 153 730 692 1184 1182 1081 834 751 1334 1007 1351 755 1532 653 602 1495 1480 873 1501 487 235 1238 1268 1491 935 285 206 1112 1074 1330 1396 698 0 1426 905 208 229 1569 241 826 1656 1642 653 1057 1001 1316 138 224 497 313 1359 826 795 249
1484 1220 1448 1473 1037 1108 1134 1465 93 148 1731 763 726 188 609 1229 1391 1755 1408 1497 1426 761 110 1411 2035 228 1375 117 1174 1405 1327 813 1379 414 1385 1005 1288 379 1861 1677 1513 781 850 1686 304 1405 408 1354 1251 194 459 1552 474 1289 1385 361 988 484 1531 1544 1426 521 449 846 258 1007 1426 0 1500 1359 1405 389 1392 856 297 299 1138 1652 816 322 1370 1414 1223 1192 125 856 1474 1399
1032 1066 1022 1021 1247 1230 1207 549 1472 1532 308 1179 1142 1620 1025 1303 939 740 956 139 974 1177 1542 959 611 1388 923 1454 1179 953 957 1562 1009 1145 933 1388 300 1811 611 253 981 1531 1266 780 1736 1109 1465 438 1190 1427 1412 936 1433 1082 1015 1793 1404 1423 108 679 986 1044 1854 1262 1328 1293 905 1500 0 988 1009 1501 1022 1606 1611 1574 1061 229 1620 1249 918 1004 1092 1093 1557 1606 1023 1029
265 218 702 254 735 719 695 513 1384 1439 1219 1330 1293 1284 1176 512 173 1009 190 985 207 1328 1391 193 1522 1519 157 1408 667 187 111 715 162 1296 167 663 775 1117 1115 1164 767 684 1308 940 1284 688 1616 737 535 1485 1563 806 1584 571 168 1171 1201 1574 1019 369 209 1195 1007 1309 1479 715 208 1359 988 0 188 1653 175 759 1589 1590 736 1140 934 1400 152 197 581 246 1292 759 728 182
99 264 748 88 756 739 716 534 1430 1485 1239 1351 1314 1330 1197 558 95 1054 77 1005 59 1349 1437 75 1543 1559 112 1454 687 82 97 761 49 1317 101 709 796 1163 1161 1185 812 730 1353 986 1330 734 1636 757 581 1531 1584 852 1605 591 43 1217 1247 1595 1039 389 54 1216 1052 1354 1500 761 229 1405 1009 188 0 1673 37 805 1634 1635 757 1161 980 1420 129 53 601 292 1338 805 774 38
1696 1540 1768 1685 1357 1428 1438 1466 366 276 1732 764 727 509 610 1549 1604 2075 1620 1498 1638 762 431 1624 2036 501 1588 390 1409 1617 1622 1133 1673 415 1597 1326 1289 699 2035 1678 1833 1101 851 2007 624 1725 54 1355 1572 466 106 1872 120 1313 1679 681 989 130 1532 1545 1651 522 770 847 449 1328 1569 389 1501 1653 1673 0 1686 1177 144 107 1139 1654 1136 370 1583 1668 1323 1512 446 1177 1794 1693
120 251 734 108 769 752 729 546 1417 1471 1252 1364 1326 1317 1210 544 115 1041 98 1018 79 1361 1424 96 1556 1552 133 1441 700 102 90 748 42 1330 122 696 809 1149 1148 1198 799 716 1340 972 1316 720 1649 770 567 1517 1596 838 1617 604 36 1203 1234 1608 1052 402 58 1229 1039 1341 1512 747 241 1392 1022 175 37 1686 0 791 1621 1622 770 1174 967 1433 142 46 614 279 1324 791 760 31
883 619 847 872 436 507 533 1131 881 935 1561 878 847 781 1007 628 791 1154 808 1603 825 876 888 811 1764 1016 775 905 574 805 727 121 779 1194 784 404 1393 614 1261 1600 912 106 804 1086 781 804 1196 1355 651 981 1247 951 1261 689 785 667 698 1271 1637 987 826 1093 503 805 1045 407 826 856 1606 759 805 1177 791 0 1085 1086 921 1654 431 1110 770 813 622 591 788 59 873 798
1713 1449 1677 1702 1266 1337 1363 1575 275 185 1841 873 836 417 719 1458 1621 1984 1637 1607 1655 871 339 1641 2145 409 1605 298 1403 1634 1557 1042 1608 525 1614 1234 1398 608 2090 1787 1742 1010 960 1915 533 1634 163 1464 1481 375 215 1781 229 1422 1614 590 1098 239 1641 1654 1655 631 678 956 439 1236 1656 297 1611 1589 1634 144 1621 1085 0 151 1248 1763 1045 479 1600 1643 1432 1421 354 1085 1703 1628
1714 1450 1678 1703 1267 1338 1364 1538 276 186 1805 836 799 418 682 1459 1622 1985 1638 1570 1656 834 340 1642 2108 411 1606 299 1404 1635 1558 1043 1609 488 1615 1235 1361 609 2092 1750 1743 1011 923 1916 534 1635 126 1427 1482 376 178 1782 192 1385 1615 591 1061 202 1604 1617 1657 594 679 919 440 1237 1642 299 1574 1590 1635 107 1622 1086 151 0 1211 1726 1046 442 1601 1644 1395 1422 355 1086 1704 1629
780 814 1297 769 561 545 521 773 1110 1169 1292 817 779 1258 662 1098 687 1604 704 1058 722 814 1180 707 1596 1025 671 1091 493 701 705 878 757 782 681 702 849 1279 1595 1238 1362 846 903 1535 1373 1274 1102 915 1121 1064 1049 1401 1070 397 763 1333 1042 1061 1092 629 734 682 1169 899 965 607 653 1138 1061 736 757 1139 770 921 1248 1211 0 1214 1097 886 666 752 407 841 1195 921 1323 777
1184 1218 887 1173 1399 1382 1359 701 1624 1684 257 1331 1294 1772 1177 1168 1091 605 1108 232 1126 1329 1694 1111 476 1540 1075 1606 1331 1105 1109 1600 1161 1297 1085 1540 452 1963 475 202 846 1569 1418 644 1888 973 1617 590 1054 1579 1564 800 1585 1234 1167 1945 1556 1575 150 831 1138 1196 1892 1414 1480 1445 1057 1652 229 1140 1161 1654 1174 1644 1763 1726 1214 0 1772 1401 1070 1156 1245 1245 1709 1644 887 1181
1059 795 1023 1048 612 683 709 1306 841 895 1736 533 501 741 661 804 966 1329 983 1616 1001 531 847 986 1940 976 950 864 749 980 902 387 954 848 960 580 1407 573 1436 1775 1088 356 459 1261 740 980 1155 1473 826 941 1115 1127 1136 864 960 627 428 1126 1650 1162 1001 747 463 460 1005 582 1001 816 1620 934 980 1136 967 431 1045 1046 1097 1772 0 952 945 989 798 766 748 431 1049 974
1443 1473 1702 1432 1225 1208 1185 1213 294 353 1479 511 474 442 357 1482 1351 1912 1368 1245 1385 509 364 1371 1783 209 1335 275 1156 1364 1369 1066 1420 163 1344 1259 1036 633 1782 1425 1766 1035 598 1940 557 1658 333 1102 1505 248 280 1805 301 1060 1426 614 736 291 1279 1292 1398 269 703 594 150 1261 1316 322 1249 1400 1420 370 1433 1110 479 442 886 1401 952 0 1330 1415 1070 1445 379 1110 1728 1440
152 229 713 141 665 649 625 443 1395 1450 1149 1260 1223 1295 1106 523 59 1019 76 915 94 1258 1402 79 1452 1469 43 1419 597 73 77 726 129 1226 53 674 705 1128 1126 1094 778 695 1318 951 1295 699 1546 667 546 1496 1493 817 1514 501 135 1182 1212 1504 949 299 106 1125 1018 1319 1409 711 138 1370 918 152 129 1583 142 770 1600 1601 666 1070 945 1330 0 124 511 257 1303 770 739 149
94 273 756 83 751 734 711 529 1439 1493 1235 1346 1309 1339 1192 566 90 1063 72 1001 54 1344 1446 71 1538 1555 107 1462 683 77 105 770 58 1312 97 718 791 1171 1170 1180 821 738 1362 994 1338 742 1631 752 589 1539 1579 860 1600 586 52 1225 1256 1590 1034 384 49 1211 1061 1363 1495 769 224 1414 1004 197 53 1668 46 813 1643 1644 752 1156 989 1415 124 0 596 300 1346 813 782 47
624 658 1019 613 406 389 366 617 1248 1302 1323 1001 963 1148 847 800 532 1325 549 1089 566 998 1254 552 1627 1209 516 1271 337 545 550 579 601 967 525 403 880 980 1432 1269 1084 547 1088 1257 1147 976 1286 841 822 1248 1234 1123 1254 241 607 1034 1065 1245 1123 473 579 866 870 1083 1149 406 497 1223 1092 581 601 1323 614 622 1432 1395 407 1245 798 1070 511 596 0 686 1155 622 1045 621
371 128 564 359 577 647 674 618 1217 1271 1277 1214 1182 1116 1281 345 278 871 295 1090 313 1212 1223 298 1481 1351 262 1240 714 292 214 547 266 1401 272 495 880 949 977 1269 629 516 1140 802 1116 521 1531 842 368 1317 1583 668 1597 676 272 1003 1033 1607 1124 474 313 1300 839 1141 1381 547 313 1192 1093 246 292 1512 279 591 1421 1422 841 1245 766 1445 257 300 686 0 1124 591 590 286
1416 1152 1380 1405 969 1040 1066 1522 150 204 1788 820 783 121 666 1161 1324 1687 1341 1554 1358 818 157 1344 2091 285 1308 174 1107 1337 1260 745 1311 471 1317 937 1344 311 1794 1733 1445 713 907 1618 236 1337 465 1411 1184 250 516 1484 530 1222 1317 293 1015 540 1588 1520 1359 577 381 903 314 940 1359 125 1557 1292 1338 446 1324 788 354 355 1195 1709 748 379 1303 1346 1155 1124 0 788 1406 1331
883 619 847 872 436 507 533 1131 881 935 1561 878 847 781 1007 628 791 1154 808 1603 825 876 888 811 1764 1016 775 905 574 805 727 121 779 1194 784 404 1393 614 1261 1600 912 106 804 1086 781 804 1196 1355 651 981 1247 951 1261 689 785 667 698 1271 1637 987 826 1093 503 805 1045 407 826 856 1606 759 805 1177 791 59 1085 1086 921 1654 431 1110 770 813 622 591 788 0 873 798
852 609 148 841 859 930 956 1100 1499 1553 804 1496 1464 1399 1625 397 760 397 777 1036 794 1494 1506 780 1007 1634 744 1523 996 773 696 830 747 1811 753 778 1256 1231 504 843 213 798 1422 329 1398 203 1813 1323 284 1599 1865 252 1879 1111 753 1285 1316 1889 954 955 795 1710 1121 1423 1663 829 795 1474 1033 728 774 1794 760 873 1703 1704 1323 897 1049 1728 739 782 1045 590 1406 873 0 767
121 258 741 109 776 759 736 554 1424 1478 1259 1371 1334 1324 1217 552 116 1048 99 1025 80 1369 1431 97 1563 1559 134 1448 707 103 91 755 43 1337 123 703 816 1157 1155 1205 806 723 1347 980 1324 728 1656 777 574 1524 1604 845 1625 611 37 1210 1241 1615 1059 409 59 1236 1046 1348 1520 754 249 1399 1029 182 38 1693 31 798 1628 1629 777 1181 974 1440 149 47 621 286 1331 798 767 0
EOF