NAME : tsp_problem
TYPE : TSP
DIMENSION : 24
EDGE_WEIGHT_TYPE : EXPLICIT
EDGE_WEIGHT_FORMAT : FULL_MATRIX
EDGE_WEIGHT_SECTION
0 327 246 319 964 1028 346 1518 856 958 560 320 371 377 246 246 477 829 530 509 421 1034 1535 902
327 0 494 153 1212 1276 495 1766 1104 1107 611 153 619 625 494 494 725 978 778 757 669 1282 1783 1051
246 494 0 486 947 1012 513 1502 839 1124 543 486 355 361 42 229 461 996 595 573 404 1017 1518 1039
319 153 486 0 1204 1268 487 1758 1096 1098 685 41 611 617 486 485 717 970 770 748 661 1274 1775 1043
964 1212 947 1204 0 373 839 591 138 713 993 1204 621 881 947 844 618 842 574 633 680 379 608 527
1026 1274 1009 1266 373 0 943 664 475 1050 812 1266 709 727 1009 824 615 1022 678 737 647 40 681 864
346 495 513 487 839 929 0 1393 731 642 826 487 638 644 513 512 701 513 441 500 687 935 1410 586
1518 1766 1502 1758 591 664 1393 0 692 1267 1314 1758 1175 1229 1502 1326 1117 1396 1128 1188 1149 669 196 1082
856 1104 839 1096 138 475 731 692 0 681 939 1096 513 773 839 736 510 810 466 525 572 480 709 496
958 1107 1124 1098 713 1050 642 1267 681 0 1415 1099 906 1239 1125 1123 909 166 649 708 1043 1055 1284 412
560 611 543 685 981 814 826 1316 939 1415 0 686 539 212 543 358 534 1287 872 851 404 820 1333 1317
320 153 486 41 1204 1269 487 1758 1096 1099 686 0 611 617 487 486 718 970 770 749 661 1274 1775 1043
371 619 355 611 621 711 638 1175 513 906 539 611 0 363 355 251 134 778 364 342 165 717 1192 808
377 625 361 617 881 730 644 1232 773 1239 212 617 363 0 361 175 366 1111 696 675 228 735 1249 1141
246 494 42 486 947 1012 513 1502 839 1125 543 487 355 361 0 229 461 996 595 573 404 1017 1519 1040
246 494 229 485 844 827 512 1328 736 1123 358 486 251 175 229 0 356 995 580 559 219 832 1345 1025
477 725 461 717 618 617 701 1119 510 909 534 718 134 366 461 356 0 781 367 345 165 623 1136 811
829 978 996 970 842 1009 513 1396 810 166 1287 970 778 1111 996 995 781 0 520 580 915 1014 1413 492
530 778 595 770 574 665 441 1128 466 649 872 770 364 696 595 580 367 520 0 166 501 670 1145 551
509 757 573 748 633 724 500 1188 525 708 851 749 342 675 573 559 345 580 166 0 479 729 1204 610
421 669 404 661 680 650 687 1152 572 1043 404 661 165 228 404 219 165 915 501 479 0 655 1169 945
1031 1279 1015 1271 379 40 948 669 480 1055 817 1271 714 732 1015 829 620 1028 683 743 653 0 686 870
1535 1783 1518 1775 608 681 1410 196 709 1284 1330 1775 1192 1246 1519 1342 1133 1413 1145 1204 1166 686 0 1099
742 890 833 882 527 833 426 1082 496 412 1110 883 602 934 833 818 605 492 344 404 739 838 1099 0
EOF