NAME : tsp_problem
TYPE : TSP
DIMENSION : 54
EDGE_WEIGHT_TYPE : EXPLICIT
EDGE_WEIGHT_FORMAT : FULL_MATRIX
EDGE_WEIGHT_SECTION
0 408 888 275 475 767 627 628 331 726 536 258 360 673 616 588 601 588 782 445 741 159 604 783 574 293 323 699 639 287 656 584 380 764 596 256 851 662 443 492 660 256 588 250 360 256 448 687 546 500 202 192 747 649
408 0 744 180 183 622 483 483 337 671 244 318 665 373 316 921 300 921 481 762 597 290 460 408 274 276 329 555 495 282 512 804 412 464 929 560 729 362 103 712 880 560 921 321 665 561 303 312 402 137 385 323 372 357
884 740 0 808 635 174 396 467 671 584 573 658 1114 714 769 1099 777 1099 943 848 375 840 372 698 887 908 663 553 408 914 280 1431 1044 925 1107 1098 590 726 710 1339 1506 1098 1099 948 1114 1099 511 478 394 664 1011 873 662 460
275 180 813 0 255 691 552 552 255 740 316 184 531 445 387 788 372 788 553 644 666 157 528 554 346 149 247 624 564 155 580 678 286 536 796 427 798 433 215 585 753 427 788 195 532 427 372 459 470 272 258 190 519 429
475 183 635 255 0 547 408 408 262 596 95 250 705 448 391 880 376 880 557 687 522 365 385 521 349 351 254 480 420 357 402 880 487 539 888 635 654 437 218 787 955 635 880 397 705 636 228 301 327 275 460 398 485 209
759 614 174 683 539 0 254 325 546 442 600 533 983 746 801 957 807 957 975 706 233 715 231 730 781 782 537 411 266 788 312 1305 918 957 965 973 500 758 650 1213 1381 973 958 822 984 973 511 510 426 696 886 748 694 492
627 483 396 552 408 254 0 186 414 303 469 402 844 748 691 818 676 818 857 567 229 583 91 858 649 651 406 272 126 657 517 1174 787 839 826 842 274 737 518 1082 1250 842 818 691 844 842 380 674 479 575 755 616 822 582
628 483 467 552 408 325 186 0 415 222 469 402 717 749 691 691 676 691 857 440 300 584 121 858 650 652 407 191 92 658 588 1070 788 840 699 715 347 737 519 978 1146 715 691 692 717 716 381 675 479 576 755 617 823 582
331 337 675 255 262 554 414 415 0 602 323 106 561 603 545 736 530 736 711 593 528 287 391 712 504 359 30 486 426 365 443 878 495 694 744 545 660 591 373 786 953 545 736 395 561 546 234 528 333 430 459 320 676 436
726 671 584 740 596 442 303 222 602 0 657 590 624 936 879 598 864 598 1045 347 417 771 237 1046 837 839 594 159 208 845 705 978 975 1027 606 623 165 925 706 885 1053 623 599 875 625 623 568 862 667 763 827 804 1010 770
536 244 573 316 95 604 469 469 323 657 0 311 766 475 452 941 436 941 617 748 583 426 445 458 410 412 315 541 481 418 340 940 548 600 949 696 715 487 279 848 1016 696 941 457 766 697 289 239 377 336 521 459 423 146
258 318 663 184 250 541 402 402 106 590 311 0 488 583 525 663 510 663 691 520 516 216 379 693 484 287 97 474 414 294 430 805 424 674 671 473 648 571 353 713 881 473 663 324 488 473 222 516 320 410 387 249 657 424
360 665 1118 531 705 983 844 717 561 624 766 488 0 930 873 487 857 487 1012 343 958 416 805 1040 831 525 553 639 776 519 886 583 589 995 495 229 750 918 700 491 659 229 487 480 42 229 677 944 776 757 433 449 1004 879
673 373 714 445 448 746 748 749 603 936 475 583 930 0 92 1186 101 1186 417 1027 749 555 725 304 210 541 595 820 760 547 482 926 533 400 1194 825 994 93 382 833 1001 826 1186 587 930 826 568 274 519 336 650 588 173 362
616 316 769 387 391 801 691 691 545 879 452 525 873 92 0 1129 68 1129 360 970 803 498 668 359 152 484 537 763 703 490 537 868 476 342 1137 768 937 81 351 776 944 768 1129 529 873 768 511 329 574 391 593 531 228 417
588 921 1099 788 880 957 818 691 736 598 941 663 487 1186 1129 0 1114 41 1269 317 932 672 779 1296 1087 781 728 613 750 775 1061 584 846 1251 153 485 724 1175 956 747 620 485 42 737 487 485 852 1146 951 1013 689 705 1260 1054
601 300 777 372 376 809 676 676 530 864 436 510 857 101 68 1114 0 1114 344 955 790 483 652 367 137 469 522 748 687 475 545 853 460 327 1121 753 921 89 336 761 929 753 1114 514 858 753 496 337 582 393 578 515 236 425
588 921 1099 788 880 957 818 691 736 598 941 663 487 1186 1129 41 1114 0 1269 317 932 672 779 1296 1087 781 728 613 750 775 1061 584 846 1251 153 485 724 1175 956 747 620 485 42 737 487 485 852 1146 951 1013 689 705 1260 1054
779 495 943 551 570 975 870 871 724 1058 631 689 1010 430 373 1266 358 1266 0 1123 977 646 847 533 255 526 716 942 882 533 710 852 459 61 1274 824 1116 419 530 760 927 824 1266 572 1010 824 690 502 747 564 623 627 319 591
445 762 848 644 687 706 567 440 593 347 748 520 343 1027 970 317 955 317 1125 0 681 529 528 1137 928 638 584 362 499 632 867 696 702 1108 325 342 473 1016 797 604 772 342 318 593 344 342 659 953 757 854 546 562 1101 861
547 403 375 472 328 233 229 297 334 417 389 322 777 668 611 826 596 826 776 575 0 503 205 732 569 571 326 368 240 577 314 1094 707 759 834 762 474 657 438 1002 1170 762 826 611 777 762 300 512 398 495 675 536 696 494
159 290 844 157 365 723 583 584 287 771 426 216 416 555 498 672 483 672 649 529 697 0 560 665 456 146 279 655 595 141 612 606 235 631 680 312 829 544 325 513 681 312 672 121 416 312 404 569 502 382 184 46 629 539
604 460 372 528 385 231 91 121 391 237 445 379 805 725 668 779 652 779 833 528 205 560 0 835 626 628 383 206 69 634 494 1151 764 816 787 804 337 713 495 1059 1226 804 780 668 806 804 357 651 455 552 732 593 799 559
783 408 698 554 521 730 858 858 712 1046 458 693 1040 304 359 1296 367 1296 533 1137 732 665 835 0 477 651 704 930 870 657 465 1179 787 515 1304 935 1104 316 366 1087 1255 935 1296 696 1040 936 620 258 503 319 760 698 252 346
574 274 887 346 349 789 649 650 504 837 410 484 831 210 152 1087 137 1087 242 928 763 456 626 477 0 425 496 721 661 431 654 751 358 225 1095 723 895 198 310 658 826 723 1088 471 831 723 470 446 568 367 521 489 346 523
293 276 912 149 351 791 651 652 359 839 412 287 525 541 484 781 469 781 529 638 765 146 628 651 413 0 350 723 663 48 680 555 164 512 789 339 897 530 311 463 631 339 781 72 525 339 471 555 570 368 136 127 615 525
323 329 667 247 254 546 406 407 30 594 315 97 553 595 537 728 522 728 703 584 520 279 383 704 496 350 0 478 418 357 435 870 487 686 736 537 652 583 365 777 945 537 728 387 553 538 226 520 325 422 450 312 668 428
699 555 553 624 480 411 272 191 486 159 541 474 639 820 763 613 748 613 929 362 386 655 206 930 721 723 478 0 177 729 661 993 859 911 621 638 284 809 590 900 1068 638 614 763 640 638 452 746 551 647 827 688 894 654
639 495 408 564 420 266 126 92 426 208 481 414 776 760 703 750 687 750 868 499 240 595 69 870 661 663 418 177 0 669 529 1130 799 851 758 775 334 749 530 1037 1205 775 751 703 777 775 392 686 490 587 767 628 834 594
287 282 918 155 357 797 657 658 365 845 418 294 519 547 490 775 475 775 535 632 771 141 634 657 419 48 357 729 669 0 686 550 158 518 783 333 903 536 317 457 625 333 775 67 519 333 477 561 576 374 130 121 621 531
656 512 280 580 402 312 517 531 443 705 340 430 886 482 537 1060 545 1060 710 809 314 612 494 465 654 680 435 602 529 686 0 1203 816 693 1068 870 763 493 478 1110 1278 870 1060 720 886 871 279 245 162 431 783 645 429 227
584 804 1435 678 880 1314 1174 1070 878 978 940 805 583 913 856 584 841 584 854 696 1288 606 1151 1179 738 555 870 993 1130 550 1203 0 431 837 510 398 1103 902 840 254 107 398 584 513 584 398 994 1084 1093 897 435 586 1011 1054
380 412 1048 286 487 927 787 788 495 975 548 424 589 521 463 846 448 846 462 702 901 235 764 787 346 164 487 859 799 158 816 431 0 445 854 404 1033 509 447 339 507 404 846 161 590 404 607 691 706 504 192 216 619 661
762 478 925 533 553 957 853 853 707 1041 614 672 992 413 356 1249 340 1249 61 1105 960 629 829 515 238 509 699 925 864 515 693 834 442 0 1256 807 1099 402 513 742 910 807 1249 555 993 807 673 485 730 547 605 609 302 573
596 929 1107 796 888 965 826 699 744 606 949 671 495 1194 1137 153 1121 153 1276 325 940 680 787 1304 1095 789 736 621 758 783 1069 510 854 1259 0 493 732 1183 964 732 546 493 153 745 495 493 860 1154 959 1021 697 713 1268 1062
256 560 1103 427 635 981 842 715 545 623 696 473 229 825 768 485 753 485 827 342 956 312 804 935 710 339 537 638 775 333 870 398 404 809 493 0 748 814 596 305 473 59 485 295 229 59 662 839 760 652 247 345 899 809
851 729 590 798 654 500 274 347 660 165 715 648 750 994 937 724 921 724 1102 473 474 829 337 1104 895 897 652 284 334 903 763 1103 1033 1085 732 748 0 983 764 1011 1178 748 724 937 750 749 626 920 724 821 952 862 1068 828
662 362 726 433 437 758 737 737 591 925 487 571 918 93 81 1175 89 1175 405 1016 760 544 713 316 198 530 583 809 749 536 493 914 521 388 1183 814 983 0 394 822 990 814 1175 575 919 814 557 286 531 347 639 577 185 374
443 103 710 215 218 658 518 519 373 706 279 353 700 382 351 956 336 956 517 797 632 325 495 366 310 311 365 590 530 317 478 840 447 499 964 596 764 394 0 747 915 596 956 357 700 596 338 270 437 95 420 358 330 358
492 712 1343 585 787 1221 1082 978 786 885 848 713 491 821 764 747 748 747 762 604 1196 513 1059 1087 646 463 777 900 1037 457 1110 254 339 745 732 305 1011 809 747 0 330 305 748 421 492 305 902 991 1000 804 343 494 919 961
660 880 1511 753 955 1389 1250 1146 953 1053 1016 881 659 989 931 620 916 620 930 772 1364 681 1226 1255 814 631 945 1068 1205 625 1278 107 507 913 546 473 1178 977 915 330 0 473 620 589 659 473 1070 1159 1168 972 511 662 1087 1129
256 560 1103 427 635 981 842 715 545 623 696 473 229 826 768 485 753 485 827 342 956 312 804 935 710 339 537 638 775 333 870 398 404 809 493 59 748 814 596 305 473 0 485 295 229 59 662 839 760 653 247 345 899 809
588 921 1099 788 880 958 818 691 736 599 941 663 487 1186 1129 42 1114 42 1269 318 932 672 780 1296 1088 781 728 614 751 775 1061 584 846 1251 153 485 724 1175 956 748 620 485 0 737 487 486 852 1146 951 1013 689 705 1260 1054
250 321 952 195 397 831 691 692 395 875 457 324 480 587 529 737 514 737 575 593 805 121 668 696 458 72 387 763 703 67 720 513 161 557 745 295 937 575 357 421 589 295 737 0 481 295 511 601 610 414 92 101 661 571
360 665 1118 532 705 984 844 717 561 625 766 488 42 930 873 487 858 487 1013 344 958 416 806 1040 831 525 553 640 777 519 886 584 590 995 495 229 750 919 700 492 659 229 487 481 0 230 677 944 776 757 433 449 1004 879
256 561 1103 427 636 981 842 716 546 623 697 473 229 826 768 485 753 485 827 342 956 312 804 936 710 339 538 638 775 333 871 398 404 809 493 59 749 814 596 305 473 59 486 295 230 0 662 840 761 653 247 345 900 810
448 303 511 372 228 519 380 381 234 568 289 222 677 568 511 852 496 852 677 659 494 404 357 620 470 471 226 452 392 477 279 994 607 659 860 662 626 557 338 902 1070 662 852 511 677 662 0 400 169 395 575 436 584 382
687 312 478 459 301 510 674 675 528 862 239 516 944 274 329 1146 337 1146 502 953 512 569 651 258 446 555 520 746 686 561 245 1084 691 485 1154 839 920 286 270 991 1159 839 1146 601 944 840 400 0 283 224 664 602 222 126
546 402 394 470 327 426 479 479 333 667 377 320 776 519 574 951 582 951 747 757 429 502 455 503 568 570 325 551 490 576 162 1093 706 730 959 760 724 531 437 1000 1168 760 951 610 776 761 169 283 0 469 673 535 467 265
500 137 664 272 275 696 575 576 430 763 336 410 757 336 391 1013 393 1013 564 854 689 382 552 319 367 368 422 647 587 374 431 897 504 547 1021 652 821 347 95 804 972 653 1013 414 757 653 395 224 469 0 477 415 284 312
202 385 1016 258 460 894 755 755 459 827 521 387 433 650 593 689 578 689 625 546 869 184 732 760 509 136 450 827 767 130 783 435 192 608 697 247 952 639 420 343 511 247 689 92 433 247 575 664 673 477 0 165 724 634
192 323 877 190 398 756 616 617 320 804 459 249 449 588 531 705 515 705 629 562 730 46 593 698 489 127 312 688 628 121 645 586 216 612 713 345 862 577 358 494 662 345 705 101 449 345 436 602 535 415 165 0 662 572
747 372 662 519 485 694 822 823 676 1010 423 657 1004 173 228 1260 236 1260 319 1101 696 629 799 252 346 615 668 894 834 621 429 1009 616 302 1268 899 1068 185 330 916 1084 899 1260 661 1004 900 584 222 467 284 724 662 0 310
649 357 460 429 209 492 582 582 436 770 146 424 879 362 417 1054 425 1054 591 861 494 539 559 346 523 525 428 654 594 531 227 1054 661 573 1062 809 828 374 358 961 1129 809 1054 571 879 810 382 126 265 312 634 572 310 0
EOF