NAME : tsp_problem
TYPE : TSP
DIMENSION : 64
EDGE_WEIGHT_TYPE : EXPLICIT
EDGE_WEIGHT_FORMAT : FULL_MATRIX
EDGE_WEIGHT_SECTION
0 299 624 584 796 612 511 256 526 380 270 605 732 233 233 463 624 361 213 662 887 467 713 127 566 675 362 441 458 526 500 284 282 425 345 741 664 880 526 573 587 551 296 616 682 431 626 296 233 308 575 684 230 692 616 192 795 373 218 284 963 178 431 233
299 0 578 538 539 664 465 166 772 166 516 719 685 504 504 515 577 423 150 615 751 331 577 293 520 729 121 398 322 772 561 345 267 383 75 694 850 834 772 805 330 414 154 820 636 483 580 160 504 141 439 638 403 555 569 185 902 236 280 345 916 170 483 504
624 578 0 88 745 1205 143 710 949 715 773 1027 500 620 620 1059 63 958 689 430 590 444 629 553 335 544 671 250 435 949 1096 880 813 231 530 164 665 371 948 995 753 421 471 635 451 1027 68 445 620 484 552 453 517 506 385 470 717 443 815 880 527 485 964 620
584 538 88 0 733 1165 103 670 908 675 733 986 460 580 580 1019 85 917 649 390 612 404 650 513 295 504 630 209 395 908 1056 840 772 191 490 186 624 393 908 954 713 443 431 595 411 987 90 405 580 444 512 413 477 528 344 429 677 403 774 840 549 444 924 580
794 537 745 746 0 775 673 597 1266 481 1009 1211 894 990 990 820 742 915 657 824 622 374 455 788 729 937 500 643 530 1266 899 837 582 625 489 714 1058 922 1265 1297 323 519 545 1029 844 788 747 540 990 532 318 847 887 434 778 631 1111 538 653 837 1078 646 534 990
612 664 1193 1152 777 0 1079 527 871 534 701 690 1300 688 689 461 1192 577 560 1153 1193 780 861 711 1135 1105 578 1025 936 871 431 528 425 1009 710 1285 1095 1449 870 720 497 1029 789 1047 1122 479 1194 796 689 777 723 1253 788 840 1184 770 1225 872 429 528 1531 755 285 689
511 465 143 103 660 1091 0 597 835 601 660 913 387 507 507 946 142 844 576 317 685 331 576 439 222 430 557 136 321 835 982 766 699 118 417 259 551 467 835 881 640 414 357 522 337 913 145 331 507 370 439 340 403 555 271 356 604 330 701 766 618 371 850 507
256 166 710 670 599 527 597 0 728 151 471 675 818 459 459 378 709 378 105 747 888 468 683 250 652 861 195 527 459 728 457 300 129 511 212 826 866 966 727 760 390 552 291 817 768 346 712 298 459 279 545 770 360 662 702 270 996 374 200 300 1049 255 346 459
526 772 949 908 1268 862 835 728 0 831 486 223 842 393 393 615 948 525 659 657 1385 966 1211 597 702 608 835 765 956 41 533 622 721 749 818 1065 598 991 41 191 988 1049 794 550 625 700 951 795 393 807 1073 779 509 1190 726 691 729 871 664 622 1073 676 776 393
380 166 715 675 484 534 601 151 831 0 574 776 822 562 562 385 714 480 229 752 887 468 568 374 657 866 80 535 458 831 464 402 136 519 211 831 969 971 830 862 274 551 291 920 773 353 717 297 562 278 430 775 484 546 706 292 1039 373 208 402 1053 277 353 562
270 516 773 733 1012 701 660 471 486 574 0 564 868 218 218 552 773 443 403 683 1129 709 955 369 716 634 579 590 700 486 582 366 465 574 562 890 624 1017 486 532 731 793 537 576 651 519 775 538 218 550 817 805 334 934 752 434 755 615 408 366 1099 420 520 218
605 719 1027 986 1214 682 913 675 223 776 564 0 920 471 471 424 1026 334 606 735 1441 1022 1267 675 780 687 782 843 1012 223 342 452 667 827 765 1143 676 1069 223 117 933 1105 845 628 703 508 1029 851 471 832 1129 857 587 1246 804 769 807 927 611 452 1151 754 721 471
724 677 492 452 872 1304 379 809 842 814 868 920 0 719 719 1158 491 1057 788 266 906 543 789 652 196 303 770 349 534 842 1195 979 912 331 629 399 327 176 842 888 852 627 570 366 286 1126 494 544 719 583 651 115 616 768 153 569 379 542 914 979 393 584 1063 719
233 504 620 580 993 688 507 459 393 562 218 471 727 0 95 539 619 431 390 589 1084 664 909 268 562 541 567 436 655 393 569 353 453 421 550 736 531 876 393 439 719 747 492 483 558 507 622 493 95 505 772 680 180 888 611 397 661 569 396 353 958 383 507 95
233 504 620 580 993 689 507 459 393 562 218 471 727 95 0 540 619 431 391 589 1083 664 909 268 562 541 567 436 655 393 570 354 453 421 549 736 531 876 393 439 719 747 492 483 558 507 622 493 95 505 772 680 180 888 611 397 661 569 396 354 958 382 508 95
463 515 1059 1019 823 452 946 378 615 385 552 424 1166 539 540 0 1058 257 411 1004 1237 817 907 562 1001 956 429 876 808 615 110 331 276 860 561 1175 946 1315 615 509 542 901 640 898 973 116 1061 646 539 628 769 1119 638 885 1050 621 1076 723 280 330 1397 606 330 540
624 577 63 85 742 1204 142 709 948 714 773 1026 500 619 619 1058 0 957 688 430 587 444 626 552 334 543 670 249 434 948 1095 879 812 231 529 161 664 369 948 994 753 418 470 634 450 1026 65 444 619 483 551 452 516 504 384 469 717 442 814 879 525 484 963 619
361 423 958 917 917 569 844 378 525 480 443 334 1065 431 431 257 957 0 309 896 1145 725 971 460 900 848 486 774 716 525 176 155 370 758 469 1074 838 1214 525 419 637 808 548 789 865 342 960 554 431 535 833 1018 533 949 949 526 968 631 315 155 1296 511 425 431
213 150 689 649 660 560 576 105 659 229 403 606 796 390 391 411 688 309 0 726 871 452 697 211 631 807 212 506 442 659 448 232 207 490 195 805 797 945 659 692 451 535 275 749 747 379 691 281 390 262 560 749 321 676 681 253 927 357 166 232 1028 239 379 391
662 615 430 390 810 1153 317 747 657 752 683 735 266 589 589 1004 430 896 726 0 901 481 727 590 126 194 708 287 472 657 1034 818 850 269 567 546 317 415 656 703 790 565 508 286 101 972 432 482 589 521 589 216 554 706 150 507 448 480 852 818 497 522 972 589
887 751 590 612 622 1205 685 888 1385 887 1129 1441 906 1084 1083 1237 587 1145 871 901 0 609 506 881 806 1014 843 720 455 1385 1283 1067 988 702 703 559 1135 766 1385 1431 753 363 643 1106 922 1205 592 617 1084 656 519 924 980 383 855 724 1188 616 1002 1067 923 739 964 1084
467 331 444 404 361 793 331 468 966 468 709 1022 552 664 664 817 444 725 452 481 609 0 278 462 386 595 423 301 188 965 863 647 569 283 283 560 716 700 965 1012 341 281 224 686 502 785 446 198 664 237 140 504 561 257 436 304 769 196 582 647 783 319 552 664
713 577 629 650 442 874 576 696 1211 580 955 1267 797 909 909 919 626 971 697 727 506 278 0 707 632 840 599 546 433 1211 998 893 681 528 529 598 961 806 1211 1257 422 403 469 932 747 887 631 443 909 482 187 750 806 153 681 550 1014 442 752 893 962 565 633 909
127 293 553 513 790 711 439 250 597 374 369 675 660 268 268 562 552 460 211 590 881 462 707 0 495 704 356 369 452 596 598 382 352 354 339 669 735 809 596 643 581 545 290 686 611 529 555 291 268 303 569 613 165 686 544 187 865 367 317 382 891 172 530 268
566 520 335 295 715 1147 222 652 702 657 716 780 196 562 562 1001 334 900 631 126 806 386 632 495 0 240 613 192 377 702 1038 822 755 174 472 451 361 345 702 748 695 470 413 331 147 969 337 387 562 426 494 149 459 611 80 412 413 385 757 822 427 427 906 562
675 729 544 504 924 1105 430 861 608 866 634 687 303 541 541 956 543 848 807 194 1014 595 840 704 240 0 821 400 586 608 986 770 870 382 681 660 167 452 608 655 904 678 621 205 163 924 546 595 541 634 703 214 657 819 263 620 297 594 812 770 534 635 924 541
362 121 671 630 503 578 557 195 835 80 579 782 778 567 567 429 670 486 212 708 843 423 587 356 613 821 0 491 414 835 508 408 181 475 167 787 942 927 835 868 293 507 246 913 728 397 672 253 567 234 449 731 466 566 662 248 995 329 252 408 1009 233 397 567
441 398 250 209 629 1025 136 527 765 535 590 843 357 436 436 876 249 774 506 287 720 301 546 369 192 400 491 0 291 765 912 696 629 88 350 366 521 506 765 811 582 384 291 492 307 843 252 292 436 304 408 310 333 525 241 286 574 299 631 696 588 301 793 436
458 322 435 395 517 948 321 459 956 458 700 1012 542 655 655 808 434 716 442 472 455 188 433 452 377 586 414 291 0 956 854 638 559 273 274 482 706 689 956 1002 497 119 214 677 493 776 437 188 655 227 296 495 551 372 426 295 759 187 573 638 773 310 707 655
526 772 949 908 1268 862 835 728 41 831 486 223 842 393 393 615 948 525 659 657 1385 965 1211 596 702 608 835 765 956 0 533 622 721 749 818 1065 598 990 41 191 987 1049 794 550 625 700 950 794 393 806 1073 779 509 1190 726 691 729 871 664 622 1073 676 776 393
500 561 1096 1056 902 422 982 457 533 464 582 342 1203 569 570 110 1095 176 448 1034 1283 863 985 598 1038 986 508 912 854 533 0 294 355 897 607 1212 976 1352 533 428 621 947 686 928 1003 195 1098 692 569 674 848 1156 671 964 1087 664 1106 769 359 294 1434 649 409 570
284 345 880 840 840 528 766 300 622 402 366 452 987 353 354 331 879 155 232 818 1067 647 893 382 822 770 408 696 638 622 294 0 293 681 391 996 760 1136 622 537 559 731 470 712 787 298 882 476 353 458 755 940 455 872 871 448 890 553 237 133 1218 433 347 353
282 267 813 772 585 425 699 129 721 136 465 667 920 453 453 276 812 370 207 850 988 569 669 352 755 870 181 629 559 721 355 293 0 613 312 929 859 1069 721 752 375 652 392 811 870 244 814 398 453 379 531 873 457 647 804 372 990 474 98 293 1151 358 244 453
425 383 231 191 611 1009 118 511 749 519 574 827 339 421 421 860 231 758 490 269 702 283 528 354 174 382 475 88 273 749 897 681 613 0 335 348 503 488 749 796 567 366 275 474 289 828 233 276 421 288 390 292 318 507 223 270 556 281 615 681 570 285 777 421
345 75 530 490 491 710 417 212 818 211 562 765 638 550 549 561 529 469 195 567 703 283 529 339 472 681 167 350 274 818 607 391 312 335 0 646 802 786 818 851 282 367 106 772 588 529 532 112 550 93 391 590 448 508 522 192 855 189 326 391 869 207 492 549
741 694 164 186 714 1297 259 826 1060 831 890 1138 399 736 736 1175 161 1074 805 484 559 560 598 669 389 597 787 366 482 1060 1212 996 929 348 646 0 705 259 1060 1106 846 390 587 689 504 1143 166 561 736 600 611 494 633 475 438 586 758 559 931 996 415 601 1056 736
664 850 665 624 1045 1095 551 866 598 969 624 676 327 531 531 946 664 838 797 317 1135 716 961 735 361 167 942 521 706 598 976 760 859 503 802 705 0 475 598 644 1025 799 742 80 294 914 667 716 531 755 824 237 647 940 317 741 170 715 802 760 558 756 914 531
628 582 371 356 776 1208 283 714 826 718 777 904 176 623 623 1063 369 961 693 250 766 448 693 556 155 364 674 253 438 826 1099 883 816 235 534 259 475 0 826 872 757 531 474 455 271 1030 373 448 623 487 555 264 520 672 204 473 528 447 818 883 497 488 967 623
526 772 948 908 1268 862 835 727 41 830 486 223 842 393 393 615 948 525 659 656 1385 965 1211 596 702 608 835 765 956 41 533 622 721 749 818 1064 598 990 0 191 987 1049 794 550 625 699 950 794 393 806 1073 779 508 1190 726 690 728 871 664 622 1073 676 776 393
573 805 995 954 1299 711 881 760 191 862 532 117 888 439 439 509 994 419 692 703 1431 1012 1257 643 748 655 868 811 1002 191 428 537 752 796 851 1111 644 1037 191 0 1019 1095 840 596 671 594 997 841 439 853 1119 825 555 1236 772 737 775 917 697 537 1119 722 807 439
587 330 741 701 326 497 628 390 988 274 731 933 848 719 719 542 740 637 451 778 741 329 410 581 683 892 293 582 485 987 621 559 375 567 282 833 1012 997 987 1019 0 577 338 983 799 510 743 344 719 325 272 801 680 389 732 424 1065 421 446 559 1079 439 256 719
551 414 421 443 519 1041 414 552 1049 551 793 1105 635 747 747 901 418 808 535 565 363 281 403 545 470 678 507 384 119 1049 947 731 652 366 367 390 799 598 1049 1095 590 0 307 770 585 869 423 281 747 320 388 588 644 280 519 387 852 279 665 731 754 402 800 747
296 154 471 431 548 789 357 291 794 291 537 845 578 492 492 640 470 548 275 508 643 224 469 290 413 621 246 291 214 794 686 470 392 275 106 587 742 727 794 840 338 307 0 713 529 608 473 53 492 65 332 531 389 448 462 132 795 129 405 470 809 147 549 492
616 820 635 595 1015 1047 522 817 550 920 576 628 366 483 483 898 634 789 749 286 1106 686 932 686 331 205 913 492 677 550 928 712 811 474 772 744 80 514 550 596 995 770 713 0 254 865 637 687 483 726 794 276 598 911 355 712 211 685 754 712 597 727 866 483
682 636 451 411 831 1122 337 768 625 773 651 703 286 558 558 973 450 865 747 101 922 502 747 611 147 163 728 307 493 625 1003 787 870 289 588 567 294 435 625 671 811 585 529 254 0 940 453 502 558 541 610 224 575 726 170 527 425 501 829 787 517 542 941 558
431 483 1027 987 790 479 913 346 700 353 519 508 1134 507 507 116 1026 342 379 972 1205 785 874 529 969 924 397 843 776 700 195 298 244 828 529 1143 914 1283 699 594 510 869 608 865 940 0 1029 614 507 595 737 1087 606 853 1018 589 1044 691 247 298 1365 574 298 507
626 580 68 90 747 1207 145 712 951 717 775 1029 502 622 622 1061 65 960 691 432 592 446 631 555 337 546 672 252 437 950 1098 882 814 233 532 166 667 373 950 997 755 423 473 637 453 1029 0 447 622 486 554 455 519 508 386 471 719 445 816 882 530 487 966 622
296 160 445 405 526 796 331 298 795 297 538 851 552 493 493 646 444 554 281 482 617 198 443 291 387 595 253 292 188 794 692 476 398 276 112 561 716 701 794 841 344 281 53 687 502 614 447 0 493 66 305 505 390 422 436 133 769 103 411 476 783 148 555 493
233 504 620 580 993 689 507 459 393 562 218 471 727 95 95 539 619 431 390 589 1084 664 909 268 562 541 567 436 655 393 569 353 453 421 550 736 531 876 393 439 719 747 492 483 558 507 622 493 0 505 772 680 180 888 611 397 661 569 396 353 958 382 507 95
308 141 484 444 535 777 370 279 807 278 550 832 591 505 505 628 483 535 262 521 656 237 482 303 426 634 234 304 227 806 674 458 379 288 93 600 755 740 806 853 325 320 65 726 541 595 486 66 505 0 344 544 402 461 475 145 808 142 392 458 822 160 536 505
575 439 552 512 304 736 439 558 1073 442 817 1129 659 772 772 781 551 833 560 589 519 140 187 569 494 703 461 408 296 1073 860 755 543 390 391 611 824 808 1073 1119 284 388 332 794 610 749 554 305 772 344 0 612 669 166 543 412 876 304 614 755 890 427 495 772
684 638 453 413 833 1265 340 770 779 775 805 857 115 680 680 1119 452 1018 749 216 924 504 750 613 149 214 731 310 495 779 1156 940 873 292 590 494 237 264 779 825 813 588 531 276 224 1087 455 505 680 544 612 0 577 729 106 530 332 503 875 940 346 545 1024 680
230 403 517 477 890 788 403 360 509 484 334 587 624 180 180 638 516 533 321 554 980 561 806 165 459 657 466 333 551 509 671 455 457 318 448 633 647 773 508 555 680 644 389 598 575 606 519 390 180 402 669 577 0 785 508 296 777 466 394 455 855 282 606 180
692 555 506 528 421 852 555 674 1190 559 934 1246 776 888 888 898 504 949 676 706 383 257 153 686 611 819 578 525 372 1190 976 872 660 507 508 475 940 683 1190 1236 401 280 448 911 726 865 508 422 888 461 166 729 785 0 660 528 993 420 731 872 839 543 611 888
616 569 385 344 764 1196 271 702 726 706 752 804 153 611 611 1050 384 949 681 150 855 436 681 544 80 263 662 241 426 726 1087 871 804 223 522 501 317 302 726 772 745 519 462 355 170 1018 386 436 611 475 543 106 508 660 0 461 370 434 806 871 384 476 955 611
192 185 470 429 633 770 356 270 691 292 434 769 577 397 397 621 469 526 253 507 724 304 550 187 412 620 248 286 295 691 664 448 372 270 192 586 741 726 690 737 424 387 132 712 527 589 471 133 397 145 412 530 296 528 461 0 794 209 383 448 808 59 589 397
795 902 717 677 1097 1225 604 996 729 1039 755 807 379 661 661 1076 717 968 927 448 1188 769 1014 865 413 297 995 574 759 729 1106 890 990 556 855 758 170 528 728 775 1078 852 795 211 425 1044 719 769 661 808 876 332 777 993 370 794 0 767 933 890 446 809 1044 661
373 236 443 403 525 872 330 374 871 373 615 927 550 569 569 723 442 631 357 480 616 196 442 367 385 594 329 299 187 871 769 553 474 281 189 559 715 699 871 917 421 279 129 685 501 691 445 103 569 142 304 503 466 420 434 209 767 0 488 553 781 225 631 569
218 280 815 774 656 429 701 200 664 208 408 611 922 396 396 280 814 315 166 852 1002 582 740 317 757 812 252 631 573 664 359 237 98 615 326 931 802 1071 664 697 446 665 405 754 829 247 816 411 396 392 602 875 394 718 806 383 933 488 0 237 1153 368 248 396
284 345 880 840 839 528 766 300 622 402 366 452 987 353 354 330 879 155 232 818 1067 647 893 382 822 770 408 696 638 622 294 133 293 681 391 996 760 1136 622 537 559 731 470 712 787 298 882 476 353 458 755 940 455 872 871 448 890 553 237 0 1218 433 347 353
963 916 527 549 1078 1543 618 1049 1073 1053 1099 1151 393 958 958 1397 525 1296 1028 497 923 783 962 891 427 534 1009 588 773 1073 1434 1218 1151 570 869 415 558 497 1073 1119 1092 754 809 597 517 1365 530 783 958 822 890 346 855 839 384 808 446 781 1153 1218 0 823 1302 958
178 170 485 444 648 755 371 255 676 277 420 754 592 383 382 606 484 511 239 522 739 319 565 172 427 635 233 301 310 676 649 433 358 285 207 601 756 741 676 722 439 402 147 727 542 574 487 148 382 160 427 545 282 543 476 59 809 225 368 433 823 0 574 382
431 483 952 911 536 285 838 346 776 353 520 721 1059 507 508 330 951 425 379 972 952 539 620 530 894 924 397 793 695 776 409 347 244 777 492 1044 914 1208 776 807 256 788 549 866 941 298 953 555 507 536 482 1012 606 599 943 589 1044 631 248 347 1290 574 0 507
233 504 620 580 993 689 507 459 393 562 218 471 727 95 95 540 619 431 391 589 1084 664 909 268 562 541 567 436 655 393 570 353 453 421 549 736 531 876 393 439 719 747 492 483 558 507 622 493 95 505 772 680 180 888 611 397 661 569 396 353 958 382 507 0
EOF