NAME : tsp_problem
TYPE : TSP
DIMENSION : 54
EDGE_WEIGHT_TYPE : EXPLICIT
EDGE_WEIGHT_FORMAT : FULL_MATRIX
EDGE_WEIGHT_SECTION
0 1078 229 721 277 254 390 542 1043 216 366 389 473 934 444 845 514 618 309 565 288 180 466 911 659 971 615 59 351 275 1048 358 222 840 485 229 503 713 483 238 831 222 182 775 272 543 180 358 1064 678 493 746 475 486
1075 0 1251 949 939 1277 1156 835 337 1206 831 1218 904 980 862 1073 742 1036 806 884 994 1088 651 470 514 930 770 1075 861 980 1093 868 905 1059 1507 1251 731 1226 1188 937 514 905 936 591 977 1360 1089 1063 1587 975 1515 705 907 1191
229 1251 0 723 412 256 576 557 1148 218 471 575 488 937 545 848 619 620 495 581 474 366 651 1016 764 974 631 229 496 460 1051 496 408 843 486 42 608 899 669 342 936 408 368 845 458 544 366 544 1065 680 495 761 491 672
721 949 723 0 605 565 1052 204 845 583 417 1025 281 245 336 156 409 134 747 253 944 842 559 713 461 282 213 721 542 930 359 542 777 151 697 723 399 1340 1139 517 633 777 679 427 928 458 843 1013 1276 73 705 344 284 1142
277 941 412 605 0 438 501 426 920 375 244 500 357 819 322 729 391 692 209 449 393 291 315 788 536 855 499 277 200 379 933 207 226 725 668 412 380 818 588 116 708 226 123 652 377 726 292 463 1179 632 676 630 360 591
254 1277 256 565 438 0 601 501 1173 162 496 600 432 779 489 690 644 462 520 525 500 391 677 1041 789 816 575 254 521 486 893 521 434 685 328 256 633 924 694 368 961 433 393 789 483 386 392 569 907 522 337 706 435 697
390 1159 576 1052 501 601 0 873 1295 563 693 153 804 1266 772 1176 766 965 390 896 290 287 591 1163 911 1302 888 390 575 276 1379 582 364 1171 527 575 755 353 130 565 972 364 406 1027 274 889 287 186 715 1025 453 1077 806 133
542 835 557 204 426 501 873 0 731 404 238 872 102 418 157 329 295 291 568 122 765 663 383 599 347 455 99 542 363 751 532 363 598 324 732 557 285 1189 960 338 519 598 499 313 749 615 664 834 1311 231 740 230 105 962
1043 337 1148 845 920 1173 1295 731 0 1102 727 1295 801 877 759 970 638 932 979 780 1178 1086 788 169 411 826 667 1043 842 1164 989 849 1020 956 1404 1148 627 1423 1373 833 505 1020 917 488 1162 1256 1086 1247 1785 872 1412 602 803 1376
216 1206 218 583 375 162 563 404 1102 0 433 562 335 796 391 707 573 526 482 427 462 353 618 970 718 833 477 216 458 448 910 459 396 702 393 218 562 886 656 305 890 395 355 691 445 450 354 531 971 586 401 608 337 659
366 831 471 417 244 496 693 238 727 433 0 693 170 631 128 541 198 504 380 261 579 484 243 595 343 667 311 366 175 565 744 176 418 536 726 470 187 1003 774 156 515 418 316 459 563 784 484 648 1305 443 735 442 173 777
389 1221 575 1025 500 600 153 872 1295 562 693 0 803 1238 771 1149 765 921 452 896 352 287 653 1163 911 1275 888 389 575 338 1352 581 426 1144 472 575 755 361 193 564 1034 426 405 1027 336 846 286 248 722 981 398 1077 806 195
473 904 488 281 357 432 804 102 801 335 170 803 0 495 90 405 271 368 501 125 696 594 316 669 417 531 175 473 296 682 609 296 529 400 663 488 261 1120 890 269 588 529 430 390 680 692 594 765 1242 308 671 306 37 893
926 980 937 245 811 779 1257 410 877 788 622 1238 486 0 542 211 615 347 953 459 1149 1048 764 745 667 92 418 926 748 1136 396 748 983 120 910 937 604 1553 1344 723 838 982 884 564 1133 671 1048 1219 1489 287 919 456 489 1347
444 862 545 336 322 489 772 157 759 391 128 771 90 550 0 461 229 423 459 181 657 562 274 627 375 587 231 444 254 644 664 254 497 456 720 545 219 1082 852 235 546 497 394 445 641 747 562 727 1299 363 728 362 92 855
845 1073 848 156 729 690 1176 329 970 707 541 1149 405 211 461 0 534 258 872 377 1068 966 683 837 586 248 337 845 667 1055 231 667 901 117 821 847 523 1464 1263 642 757 901 803 551 1052 503 967 1138 1400 197 829 468 408 1266
514 742 619 409 391 644 766 295 638 573 198 765 271 623 229 534 0 496 450 344 649 556 258 506 254 660 231 514 313 635 737 320 491 529 874 618 31 1073 843 304 426 491 388 370 632 820 557 718 1435 436 883 434 274 846
618 1036 620 134 692 462 965 291 932 526 504 921 368 347 423 258 496 0 834 340 863 755 646 800 548 384 300 618 629 850 461 630 797 253 593 619 486 1236 1058 604 720 797 757 514 847 354 755 933 1172 90 601 431 371 1061
309 808 495 747 209 520 390 568 979 482 380 452 501 961 459 872 450 834 0 592 228 322 230 847 595 998 572 309 261 214 1075 268 128 867 751 495 439 652 422 276 621 128 206 711 211 809 323 297 1014 774 759 773 503 425
565 884 581 253 449 525 896 122 780 427 261 896 125 467 181 377 344 340 592 0 788 687 407 648 396 504 148 565 387 775 581 387 621 373 755 580 333 1213 983 362 568 621 523 362 772 664 687 858 1334 280 763 278 128 986
288 996 474 944 393 500 290 765 1178 462 579 352 696 1158 657 1068 649 863 228 788 0 253 428 1046 794 1194 771 288 460 77 1272 467 202 1063 730 474 638 552 322 457 809 202 298 910 81 788 253 197 914 923 715 969 698 325
180 1091 366 842 291 391 287 663 1086 353 484 287 594 1056 562 966 556 755 322 687 253 0 480 954 702 1093 678 180 366 239 1170 372 237 962 622 366 545 613 390 355 873 237 196 817 236 679 133 322 974 815 569 867 597 393
466 654 651 559 315 677 591 383 788 618 243 653 316 772 274 683 258 646 230 407 428 480 0 656 404 809 380 466 237 415 886 243 329 678 907 651 247 844 623 349 467 329 311 519 412 965 480 498 1206 585 915 584 319 626
911 470 1016 713 788 1041 1163 599 169 970 595 1163 669 745 627 837 506 800 847 648 1046 954 656 0 279 694 535 911 710 1032 857 717 888 824 1272 1016 495 1291 1241 701 373 888 785 356 1030 1124 954 1115 1653 740 1280 470 671 1243
659 514 764 461 536 789 911 347 411 718 343 911 417 675 375 586 254 548 595 396 794 702 404 279 0 667 283 659 458 780 789 465 637 581 1020 764 243 1212 989 449 412 636 533 329 778 872 702 863 1573 488 1028 443 419 992
862 930 877 276 746 795 1193 346 826 724 558 1193 422 92 478 248 551 363 889 394 1085 983 700 694 603 0 354 862 684 1071 451 684 918 157 926 877 540 1508 1280 658 774 918 820 514 1069 687 984 1155 1505 302 935 406 425 1283
615 770 631 213 499 575 888 99 667 477 311 888 175 426 231 337 231 300 572 148 771 678 380 535 283 463 0 615 435 757 540 437 613 332 805 630 220 1189 965 412 454 613 510 248 755 624 679 840 1384 239 813 238 178 968
59 1078 229 721 277 254 390 542 1043 216 366 389 473 934 444 845 514 618 309 565 288 180 466 911 659 971 615 0 351 275 1048 358 222 840 485 229 503 713 483 238 831 222 182 775 272 542 180 358 1064 678 493 746 475 486
351 864 496 542 200 521 575 363 842 458 175 575 296 756 254 667 313 629 261 387 460 366 237 710 458 793 435 351 0 446 870 64 300 662 752 496 302 884 655 182 630 300 197 574 444 810 366 529 1246 569 760 568 298 657
275 983 460 930 379 486 276 751 1164 448 565 338 682 1144 644 1055 635 850 214 775 77 239 415 1032 780 1181 757 275 446 0 1258 453 188 1050 716 460 624 538 309 443 796 188 284 896 94 774 239 183 900 910 701 955 685 311
1048 1093 1051 359 933 893 1379 532 989 910 744 1352 609 396 664 231 737 461 1075 581 1272 1170 886 857 789 451 540 1048 870 1258 0 870 1105 320 1024 1051 726 1667 1466 845 960 1104 1006 677 1255 635 1170 1341 1603 400 1033 569 611 1469
358 870 496 542 207 521 582 363 849 459 176 581 296 756 254 667 320 630 268 387 467 372 243 717 465 793 437 358 64 453 870 0 307 662 752 496 309 891 661 182 637 307 204 581 450 810 373 536 1253 569 760 568 298 664
222 907 408 777 226 434 364 598 1020 396 418 426 529 991 497 901 491 797 128 621 202 237 329 888 637 1027 613 222 300 188 1105 307 0 896 664 408 480 626 397 290 720 39 131 752 186 722 237 271 988 804 672 802 532 399
840 1059 843 151 725 685 1171 324 956 702 536 1144 400 120 456 117 529 253 867 373 1063 962 678 824 581 157 332 840 662 1050 320 662 896 0 816 843 518 1459 1258 637 752 896 798 546 1047 577 962 1133 1395 192 824 463 403 1261
485 1507 486 697 668 328 527 732 1404 393 726 472 663 910 720 821 874 593 751 755 730 622 907 1272 1020 947 805 485 752 716 1024 752 664 816 0 486 863 788 630 598 1191 664 623 1020 714 518 622 685 723 653 153 936 665 632
229 1251 42 723 412 256 575 557 1148 218 470 575 488 937 545 847 618 619 495 580 474 366 651 1016 764 973 630 229 496 460 1051 496 408 843 486 0 608 898 669 342 935 408 367 845 458 544 366 543 1065 679 494 761 491 671
503 731 608 399 380 633 755 285 627 562 187 755 261 612 219 523 31 486 439 333 638 545 247 495 243 649 220 503 302 624 726 309 480 518 863 608 0 1062 832 293 415 480 377 359 622 810 546 707 1424 425 872 424 263 835
702 1224 888 1329 807 913 342 1178 1406 875 992 350 1109 1543 1071 1453 1062 1225 641 1202 541 602 839 1274 1195 1579 1171 702 873 527 1656 880 615 1448 777 887 1051 0 382 870 1036 615 711 1310 525 1150 601 437 490 1285 703 1375 1112 384
483 1191 669 1139 588 694 130 960 1373 656 774 193 890 1352 852 1263 843 1058 422 983 322 390 623 1241 989 1389 965 483 655 309 1466 661 397 1258 630 669 832 393 0 652 1004 397 493 1105 306 982 390 218 754 1118 556 1164 893 55
238 937 342 517 116 368 565 338 833 305 156 564 269 731 235 642 304 604 276 362 457 355 349 701 449 768 412 238 182 443 845 182 290 637 598 342 293 881 652 0 621 290 189 565 441 656 356 526 1177 544 606 542 272 654
831 514 936 633 708 961 984 519 505 890 515 1046 588 847 546 757 426 720 634 568 822 873 479 373 412 827 454 831 630 808 960 637 732 752 1191 935 415 1054 1016 621 0 732 705 489 805 1044 874 891 1415 659 1200 603 591 1019
222 907 408 777 226 433 364 598 1020 395 418 426 529 991 497 901 491 797 128 621 202 237 329 888 636 1027 613 222 300 188 1104 307 39 896 664 408 480 626 397 290 720 0 131 752 186 722 237 271 988 803 672 802 531 399
182 938 368 679 123 393 406 499 917 355 316 405 430 892 394 803 388 757 206 523 298 196 311 785 533 929 510 182 197 284 1006 204 131 798 623 367 377 722 493 189 705 131 0 649 282 681 197 367 1084 705 632 704 433 495
775 591 845 427 652 789 1027 313 488 691 459 1027 390 564 445 551 370 514 711 362 910 817 519 356 329 514 248 775 574 896 677 581 752 546 1020 845 359 1328 1105 565 489 752 649 0 894 838 818 979 1599 453 1028 290 392 1107
272 980 458 928 377 483 274 749 1162 445 563 336 680 1141 641 1052 632 847 211 772 81 236 412 1030 778 1178 755 272 444 94 1255 450 186 1047 714 458 622 536 306 441 793 186 282 894 0 772 237 181 897 907 699 953 682 309
543 1360 544 458 726 386 889 615 1256 450 784 846 692 671 747 503 820 354 809 664 788 679 965 1124 872 708 624 542 810 774 635 810 722 577 518 544 810 1161 982 656 1044 722 681 838 772 0 680 857 1097 414 526 755 695 985
180 1091 366 843 292 392 287 664 1086 354 484 286 594 1056 562 967 557 755 323 687 253 133 480 954 702 1093 679 180 366 239 1170 373 237 962 622 366 546 612 390 356 874 237 197 818 237 680 0 322 974 815 569 868 597 393
358 1066 544 1013 463 569 186 834 1247 531 648 248 765 1227 727 1138 718 933 297 858 197 322 498 1115 863 1264 840 358 529 183 1341 536 271 1133 685 543 707 448 218 526 879 271 367 979 181 857 322 0 810 993 611 1039 768 221
984 1506 1065 1276 1089 907 625 1311 1689 971 1275 632 1242 1489 1299 1400 1344 1172 923 1334 824 884 1121 1556 1477 1526 1384 984 1156 810 1603 1162 898 1395 723 1065 1334 394 664 1153 1319 898 994 1593 807 1097 884 719 0 1232 649 1515 1244 667
678 975 680 73 632 522 1025 231 872 586 443 981 308 287 363 197 436 90 774 280 923 815 585 740 488 323 239 678 569 910 400 569 804 192 653 679 425 1296 1118 544 659 803 705 453 907 414 815 993 1232 0 661 370 310 1121
493 1515 495 705 676 337 453 740 1412 401 735 398 671 919 728 829 883 601 759 763 715 569 915 1280 1028 955 813 493 760 701 1033 760 672 824 153 494 872 714 556 606 1200 672 632 1028 699 526 569 611 649 661 0 944 674 558
746 705 761 344 630 706 1077 230 602 608 442 1077 306 456 362 468 434 431 773 278 969 867 584 470 443 406 238 746 568 955 569 568 802 463 936 761 424 1392 1164 542 603 802 704 290 953 755 868 1039 1515 370 944 0 309 1167
475 907 491 284 360 435 806 105 803 337 173 806 37 497 92 408 274 371 503 128 698 597 319 671 419 534 178 475 298 685 611 298 532 403 665 491 263 1123 893 272 591 531 433 392 682 695 597 768 1244 310 674 309 0 896
486 1194 672 1142 591 697 133 962 1376 659 777 195 893 1355 855 1266 846 1061 425 986 325 393 626 1243 992 1392 968 486 657 311 1469 664 399 1261 632 671 835 395 55 654 1007 399 495 1107 309 985 393 221 757 1121 558 1167 896 0
EOF