NAME : tsp_problem
TYPE : TSP
DIMENSION : 36
EDGE_WEIGHT_TYPE : EXPLICIT
EDGE_WEIGHT_FORMAT : FULL_MATRIX
EDGE_WEIGHT_SECTION
0 714 88 1618 482 1328 480 405 1071 559 723 728 534 561 740 726 653 248 89 1241 604 612 688 284 693 687 972 1343 796 661 726 1402 178 481 1236 823
714 0 765 2174 454 1884 665 445 1627 743 574 28 719 746 94 343 1058 652 766 1797 1009 797 539 569 544 538 1528 1899 105 512 342 1958 806 466 1792 440
88 765 0 1670 534 1380 531 457 1122 610 774 779 586 612 792 777 705 299 24 1293 656 663 740 335 745 738 1023 1394 848 713 777 1454 230 532 1288 874
1575 2131 1626 0 1899 320 1897 1822 809 1976 2140 2145 1951 1978 2158 2143 2070 1665 1627 942 2021 2029 2106 1701 2110 2104 678 1044 2213 2078 2143 245 1668 1898 937 2240
482 454 534 1943 0 1653 650 107 1395 729 357 445 704 731 509 360 861 456 535 1566 812 782 322 232 327 321 1296 1667 430 295 359 1727 575 651 1561 457
1285 1841 1336 320 1609 0 1607 1532 519 1686 1850 1855 1661 1688 1868 1853 1780 1375 1337 800 1731 1739 1816 1411 1820 1814 388 901 1923 1788 1853 157 1378 1608 795 1950
480 665 531 1941 650 1651 0 573 1393 97 891 679 73 244 692 894 825 419 533 1564 776 294 857 452 861 855 1294 1665 757 829 894 1725 573 432 1559 991
405 445 457 1866 107 1576 573 0 1318 652 348 436 627 654 500 351 785 379 458 1489 736 705 314 155 319 312 1219 1590 421 287 351 1650 498 574 1484 448
1027 1583 1079 809 1352 519 1350 1275 0 1428 1592 1598 1404 1431 1610 1595 1523 1117 1080 543 1474 1481 1558 1154 1563 1557 163 644 1666 1531 1595 593 1120 1350 538 1693
559 743 610 2019 729 1729 97 652 1472 0 969 758 92 322 770 972 903 497 611 1642 854 373 935 531 940 934 1373 1744 835 908 972 1803 651 510 1637 1070
723 574 774 2183 357 1893 891 348 1636 969 0 565 945 972 629 480 1102 696 775 1806 1053 1022 339 472 344 337 1537 1908 550 312 480 1967 815 891 1801 577
728 28 779 2189 445 1899 679 436 1641 758 565 0 733 760 108 334 1072 667 781 1812 1023 811 531 560 535 529 1542 1913 96 503 333 1973 821 480 1807 431
534 719 586 1995 704 1705 73 627 1447 92 945 733 0 298 746 948 879 473 587 1618 830 348 911 506 915 909 1348 1719 811 883 948 1779 627 486 1613 1045
561 746 612 2022 731 1732 244 654 1474 322 972 760 298 0 773 975 906 500 614 1645 857 73 938 533 942 936 1375 1746 838 910 975 1806 654 513 1640 1072
740 94 792 2201 509 1911 692 500 1654 770 629 108 746 773 0 398 1085 679 793 1824 1036 823 595 624 600 593 1554 1926 161 568 398 1985 833 493 1819 495
726 343 777 2187 360 1897 894 351 1639 972 480 334 948 975 398 0 1105 699 778 1810 1056 1026 446 475 451 444 1540 1911 319 419 100 1971 819 796 1804 157
653 1058 705 2114 861 1824 825 785 1567 903 1102 1072 879 906 1085 1105 0 496 706 1737 138 956 1068 663 1073 1066 1467 1839 1150 1041 1105 1898 746 825 1732 1202
248 652 299 1708 456 1418 419 379 1161 497 696 667 473 500 679 699 496 0 300 1331 447 550 662 257 667 661 1061 1433 744 635 699 1492 340 419 1326 796
89 766 24 1671 535 1381 533 458 1123 611 775 781 587 614 793 778 706 300 0 1294 657 664 741 337 746 740 1024 1395 849 714 778 1455 231 533 1289 876
1198 1754 1249 942 1522 800 1520 1445 543 1599 1763 1768 1574 1601 1781 1766 1694 1288 1250 0 1645 1652 1729 1324 1733 1727 443 518 1836 1701 1766 800 1291 1521 32 1863
604 1009 656 2065 812 1775 776 736 1518 854 1053 1023 830 857 1036 1056 138 447 657 1688 0 907 1019 614 1024 1017 1418 1790 1101 992 1056 1849 697 776 1683 1153
612 797 663 2073 782 1783 294 705 1525 373 1022 811 348 73 823 1026 956 550 664 1696 907 0 988 584 993 987 1426 1797 889 961 1025 1857 705 564 1691 1123
688 539 740 2149 322 1859 857 314 1602 935 339 531 911 938 595 446 1068 662 741 1772 1019 988 0 438 29 22 1502 1874 516 75 445 1933 781 857 1767 543
284 569 335 1745 232 1455 452 155 1197 531 472 560 506 533 624 475 663 257 337 1368 614 584 438 0 443 437 1098 1469 546 411 475 1529 377 452 1363 572
693 544 745 2154 327 1864 861 319 1607 940 344 535 915 942 600 451 1073 667 746 1777 1024 993 29 443 0 27 1507 1878 521 80 450 1938 786 862 1772 548
687 538 738 2148 321 1858 855 312 1600 934 337 529 909 936 593 444 1066 661 740 1771 1017 987 22 437 27 0 1501 1872 515 73 444 1932 780 856 1766 542
928 1484 979 678 1252 388 1250 1176 163 1329 1493 1498 1305 1331 1511 1496 1424 1018 981 443 1375 1382 1459 1054 1464 1457 0 545 1566 1432 1496 462 1021 1251 438 1593
1299 1855 1351 1044 1624 901 1622 1547 644 1700 1864 1870 1676 1703 1882 1867 1795 1389 1352 518 1746 1753 1830 1425 1835 1829 545 0 1938 1803 1867 902 1392 1622 513 1965
796 105 848 2257 430 1967 757 421 1709 835 550 96 811 838 161 319 1150 744 849 1880 1101 889 516 546 521 515 1610 1981 0 489 319 2041 889 558 1875 416
661 512 713 2122 295 1832 829 287 1574 908 312 503 883 910 568 419 1041 635 714 1745 992 961 75 411 80 73 1475 1846 489 0 418 1906 754 830 1740 516
726 342 777 2186 359 1896 894 351 1639 972 480 333 948 975 398 100 1105 699 778 1809 1056 1025 445 475 450 444 1539 1911 319 418 0 1970 818 795 1804 149
1359 1915 1410 245 1683 157 1681 1606 593 1760 1924 1929 1735 1762 1942 1927 1855 1449 1411 800 1806 1813 1890 1485 1894 1888 462 902 1997 1862 1927 0 1452 1682 795 2024
178 806 230 1711 575 1421 573 498 1164 651 815 821 627 654 833 819 746 340 231 1334 697 705 781 377 786 780 1064 1436 889 754 818 1495 0 573 1329 916
481 466 532 1941 651 1651 432 574 1394 510 891 480 486 513 493 796 825 419 533 1564 776 564 857 452 862 856 1295 1666 558 830 795 1725 573 0 1559 893
1193 1749 1244 937 1517 795 1515 1440 538 1594 1758 1763 1569 1596 1775 1761 1688 1283 1245 32 1639 1647 1724 1319 1728 1722 438 513 1831 1696 1761 795 1285 1516 0 1858
823 440 874 2284 457 1994 991 448 1736 1070 577 431 1045 1072 495 157 1202 796 876 1907 1153 1123 543 572 548 542 1637 2008 416 516 149 2068 916 893 1902 0
EOF