NAME : tsp_problem
TYPE : TSP
DIMENSION : 28
EDGE_WEIGHT_TYPE : EXPLICIT
EDGE_WEIGHT_FORMAT : FULL_MATRIX
EDGE_WEIGHT_SECTION
0 1618 389 1595 1387 1575 1908 1991 1813 1858 559 1836 1552 1798 1593 458 1826 1845 1649 1692 1707 122 1767 1529 517 634 1347 1739
1662 0 1383 611 264 590 387 470 292 337 1297 315 567 277 608 1493 305 324 664 707 723 1757 820 544 1255 1372 517 754
389 1340 0 1317 1109 1296 1629 1712 1534 1579 280 1557 1274 1519 1315 220 1547 1567 1370 1414 1429 484 1489 1250 238 356 1068 1460
1639 611 1360 0 379 350 891 533 512 557 1274 819 86 781 369 1470 575 828 81 124 483 1734 763 304 1231 1349 494 514
1431 264 1152 379 0 359 554 637 458 503 1065 481 336 443 377 1262 471 491 433 476 491 1526 589 313 1023 1141 285 523
1618 590 1340 350 359 0 879 855 784 829 1253 807 307 769 222 1449 797 816 403 447 391 1714 742 157 1211 1328 473 423
1952 387 1673 891 554 879 0 639 461 506 1586 380 857 342 898 1783 474 82 867 877 1012 2047 1110 833 1544 1662 806 1044
2035 470 1756 533 637 855 639 0 259 305 1669 567 591 529 874 1866 323 576 508 518 988 2130 1193 809 1627 1745 889 1020
1856 292 1578 512 458 784 461 259 0 106 1491 389 570 350 802 1687 144 398 487 497 917 1951 1015 738 1449 1566 711 948
1901 337 1623 557 503 829 506 305 106 0 1536 434 615 396 848 1732 190 443 532 542 962 1997 1060 783 1494 1611 756 993
559 1253 280 1230 1022 1209 1542 1625 1447 1492 0 1470 1187 1432 1228 390 1460 1480 1283 1327 1342 654 1402 1163 73 158 982 1373
1879 315 1601 819 481 807 380 567 389 434 1514 0 785 82 826 1710 402 317 795 805 940 1975 1038 761 1472 1589 734 971
1596 567 1317 86 336 307 857 591 570 615 1230 785 0 747 325 1427 633 794 139 183 440 1691 719 261 1188 1306 450 471
1841 277 1563 781 443 769 342 529 350 396 1476 82 747 0 788 1672 364 279 756 767 902 1937 1000 723 1434 1551 696 933
1637 608 1358 369 377 222 898 874 802 848 1271 826 325 788 0 1468 816 835 422 465 410 1732 760 80 1229 1347 491 441
458 1449 220 1426 1218 1406 1739 1822 1644 1689 390 1667 1383 1629 1424 0 1657 1676 1480 1523 1538 554 1598 1360 348 465 1178 1570
1869 305 1591 575 471 797 474 323 144 190 1504 402 633 364 816 1700 0 411 550 561 930 1965 1028 751 1462 1579 724 961
1889 324 1610 828 491 816 82 576 398 443 1523 317 794 279 835 1720 411 0 804 814 949 1984 1047 770 1481 1599 743 981
1693 664 1414 81 433 403 867 508 487 532 1327 795 139 756 422 1524 550 804 0 99 536 1788 816 357 1285 1403 547 568
1736 707 1457 124 476 447 877 518 497 542 1370 805 183 767 465 1567 561 814 99 0 579 1831 859 401 1328 1446 590 611
1751 723 1472 483 491 391 1012 988 917 962 1385 940 440 902 410 1582 930 949 536 579 0 1846 874 345 1343 1461 605 357
122 1714 484 1691 1483 1670 2003 2086 1908 1953 654 1931 1648 1893 1689 554 1921 1941 1744 1787 1803 0 1863 1624 612 730 1442 1834
1811 820 1532 763 589 742 1110 1193 1015 1060 1445 1038 719 1000 760 1642 1028 1047 816 859 874 1906 0 696 1403 1521 665 906
1572 544 1294 304 313 157 833 809 738 783 1207 761 261 723 80 1403 751 770 357 401 345 1668 696 0 1165 1282 427 377
517 1211 238 1188 980 1167 1500 1583 1405 1450 73 1428 1145 1390 1186 348 1418 1438 1241 1285 1300 612 1360 1121 0 148 939 1331
634 1329 356 1306 1097 1285 1618 1701 1523 1568 158 1546 1262 1508 1303 465 1536 1555 1359 1402 1417 730 1477 1239 148 0 1057 1449
1391 517 1112 494 285 473 806 889 711 756 1025 734 450 696 491 1222 724 743 547 590 605 1486 665 427 983 1101 0 637
1783 754 1504 514 523 423 1044 1020 948 993 1417 971 471 933 441 1614 961 981 568 611 357 1878 906 377 1375 1493 637 0
EOF