NAME : tsp_problem
TYPE : TSP
DIMENSION : 68
EDGE_WEIGHT_TYPE : EXPLICIT
EDGE_WEIGHT_FORMAT : FULL_MATRIX
EDGE_WEIGHT_SECTION
0 643 161 451 452 659 399 577 378 564 490 360 789 538 409 691 305 373 377 738 785 427 404 424 419 536 669 505 553 394 563 559 117 550 589 813 799 638 483 359 528 344 468 626 731 128 806 744 810 329 752 648 334 716 661 344 443 43 693 629 465 752 417 758 349 625 173 500
643 0 727 576 576 386 496 103 475 774 486 620 315 266 534 419 401 828 473 466 513 552 399 549 515 854 397 500 763 491 291 286 562 760 317 541 325 40 194 814 846 804 212 354 257 557 332 472 336 663 480 376 668 242 389 525 540 644 421 357 561 480 541 284 519 353 700 597
161 727 0 332 333 743 492 661 471 445 469 453 873 623 290 775 398 299 469 822 869 308 366 305 512 629 753 483 435 487 648 643 210 431 673 897 883 723 567 292 621 226 552 710 815 221 890 829 894 210 836 733 215 800 745 225 536 162 777 714 558 837 298 842 230 709 103 593
451 576 332 0 182 591 433 509 412 379 318 557 722 471 139 624 338 483 410 671 718 157 215 57 453 791 602 332 369 428 496 491 499 365 522 746 732 571 416 488 783 409 401 559 663 494 739 677 743 268 685 581 273 648 594 131 477 452 626 562 498 685 146 691 124 558 393 534
452 576 333 182 0 592 434 510 413 380 318 557 722 472 140 624 339 484 411 671 718 158 215 155 453 792 602 332 369 428 497 492 500 366 522 747 732 572 417 489 784 410 401 560 664 495 739 678 744 269 686 582 274 649 595 131 478 453 627 563 499 686 147 692 125 559 394 534
659 386 743 591 592 0 512 320 490 790 502 635 532 135 550 316 417 844 489 110 157 568 415 565 531 870 52 516 779 506 188 184 578 776 214 438 543 382 227 829 862 820 228 75 474 573 550 253 554 679 125 274 683 459 53 541 556 659 318 78 577 243 557 502 535 250 716 612
399 496 492 433 434 512 0 430 129 631 343 274 642 391 391 544 124 584 128 591 638 409 257 406 45 452 522 357 621 145 416 412 319 617 442 666 652 491 336 570 444 636 321 479 583 314 659 597 663 520 605 501 525 568 514 383 194 400 546 482 91 605 399 611 376 478 457 126
577 103 661 509 510 320 430 0 408 708 420 553 248 200 468 353 335 762 407 399 447 486 333 483 449 788 331 434 697 424 225 220 496 694 250 475 258 99 128 747 780 738 146 288 190 491 265 406 269 597 414 310 601 175 323 459 474 577 355 291 495 414 475 217 453 287 634 530
378 475 471 412 413 490 129 408 0 610 322 201 621 370 370 523 103 563 68 570 617 388 236 385 149 435 501 336 600 49 395 390 298 596 421 645 631 470 315 549 427 615 300 458 562 293 638 576 642 499 584 480 504 547 493 362 121 379 525 461 195 584 377 590 355 457 436 230
564 774 445 379 380 790 631 708 610 0 516 755 920 669 337 822 536 596 608 869 916 355 413 352 651 989 800 530 75 626 694 689 613 179 720 944 930 769 614 601 981 522 599 757 861 624 937 875 941 381 883 779 386 846 792 272 675 565 824 760 696 883 345 889 277 756 506 732
490 486 469 318 318 502 343 420 322 516 0 467 632 382 276 534 249 620 321 581 628 294 141 291 363 702 512 64 505 338 407 402 410 502 432 656 642 482 327 624 694 546 311 469 574 405 649 588 653 405 596 492 409 559 505 267 387 491 536 473 409 596 283 601 261 469 530 444
360 620 453 557 557 635 274 553 201 755 467 0 766 515 515 668 248 545 213 715 762 533 380 530 280 260 646 481 744 217 540 535 280 741 566 790 776 615 460 531 252 597 445 603 707 275 783 721 787 622 729 625 626 692 638 506 204 361 670 606 215 729 522 735 500 602 418 224
789 315 873 722 722 532 642 248 621 920 632 766 0 412 680 565 547 974 619 612 659 698 545 695 661 1000 543 646 909 637 437 432 708 906 463 687 233 311 340 960 992 950 358 500 165 703 37 618 67 809 626 522 814 252 535 671 686 790 567 503 707 626 687 192 665 499 846 743
538 266 623 471 472 135 391 200 370 669 382 515 412 0 429 196 297 724 369 214 261 447 295 445 411 750 145 396 659 386 68 64 458 656 94 318 422 262 107 709 742 700 108 103 354 453 429 249 434 559 229 153 563 339 138 421 436 539 198 106 457 257 437 382 415 130 596 492
409 534 290 139 140 550 391 468 370 337 276 515 680 429 0 582 297 441 368 629 676 42 173 112 411 749 560 290 327 386 454 450 458 324 480 704 690 529 374 446 742 367 359 517 622 452 697 635 701 226 643 539 231 607 552 89 435 410 584 520 456 643 32 649 82 516 351 492
691 419 775 624 624 316 544 353 523 822 534 668 565 196 582 0 449 876 521 395 442 600 448 597 564 902 326 548 812 539 161 216 610 808 139 470 575 414 259 862 894 852 260 284 506 605 582 402 586 711 410 78 716 491 319 574 588 692 350 287 609 410 589 534 567 156 749 645
305 401 398 338 339 417 124 335 103 536 249 248 547 297 297 449 0 490 102 496 543 314 162 312 144 482 427 263 526 119 322 317 224 523 347 572 557 397 242 476 475 541 226 385 489 219 564 503 568 426 511 407 430 474 420 288 168 306 451 388 190 511 304 516 282 384 362 225
373 828 299 483 484 844 584 762 563 596 620 545 974 724 441 876 490 0 562 923 970 459 517 456 604 721 854 634 585 579 748 744 302 582 774 998 984 823 668 80 713 100 653 811 916 313 991 930 995 361 937 834 366 901 846 376 628 374 878 814 650 937 449 943 381 810 264 685
377 473 469 410 411 489 128 407 68 608 321 213 619 369 368 521 102 562 0 568 615 386 234 383 147 448 499 335 598 84 394 389 296 595 419 643 629 469 313 547 440 613 298 456 561 291 636 575 640 497 582 479 502 546 491 360 134 377 523 460 193 583 376 588 353 455 434 228
738 466 822 671 671 110 591 399 570 869 581 715 612 214 629 395 496 923 568 0 74 647 494 644 610 949 108 595 858 586 268 263 657 855 293 422 622 461 306 909 941 899 307 154 553 652 629 211 633 758 83 353 763 538 122 620 635 739 333 158 656 201 636 581 614 329 795 692
785 513 869 718 718 157 638 447 617 916 628 762 659 261 676 442 543 970 615 74 0 694 541 691 657 996 155 642 905 633 315 310 704 902 340 469 669 508 353 956 988 946 354 201 600 699 676 259 680 805 130 400 810 585 169 667 682 786 380 205 703 248 683 628 661 377 843 739
427 552 308 157 158 568 409 486 388 355 294 533 698 447 42 600 314 459 386 647 694 0 191 130 429 767 578 308 345 404 472 467 476 342 498 722 708 547 392 464 759 385 377 535 639 470 715 653 719 244 661 557 249 624 570 107 453 428 602 538 474 661 50 667 100 534 369 510
404 399 366 215 215 415 257 333 236 413 141 380 545 295 173 448 162 517 234 494 541 191 0 188 276 615 426 155 403 251 320 315 323 399 345 570 555 395 240 522 607 443 224 383 487 318 562 501 567 302 509 405 307 472 418 165 301 405 450 386 322 509 180 515 158 382 427 358
424 549 305 57 155 565 406 483 385 352 291 530 695 445 112 597 312 456 383 644 691 130 188 0 426 764 575 305 342 401 469 465 473 339 495 719 705 545 389 461 757 382 374 532 637 467 712 651 716 241 658 555 246 622 567 104 450 425 599 535 472 658 120 664 97 531 366 507
419 515 512 453 453 531 45 449 149 651 363 280 661 411 411 564 144 604 147 610 657 429 276 426 0 440 542 377 640 165 436 431 338 637 461 686 671 511 356 590 433 656 340 499 603 333 679 617 683 540 625 521 544 588 534 402 214 420 566 502 79 625 418 631 396 498 477 114
536 854 629 791 792 870 452 788 435 989 702 260 1000 750 749 902 482 721 448 949 996 767 615 764 440 0 880 716 979 451 774 770 456 976 800 1024 1010 850 694 707 73 773 679 837 942 450 1017 956 1021 797 963 860 802 927 872 741 439 537 904 841 375 964 757 969 734 836 594 385
669 397 753 602 602 52 522 331 501 800 512 646 543 145 560 326 427 854 499 108 155 578 426 575 542 880 0 526 790 517 199 194 588 786 224 448 553 392 237 840 872 830 238 86 485 583 560 251 564 689 123 284 694 470 63 552 566 670 328 89 587 241 567 512 545 261 727 623
505 500 483 332 332 516 357 434 336 530 64 481 646 396 290 548 263 634 335 595 642 308 155 305 377 716 526 0 519 352 421 416 424 516 446 671 656 496 341 639 708 560 325 484 588 419 663 602 667 419 610 506 424 573 519 281 402 505 550 487 423 610 297 615 275 483 544 458
553 763 435 369 369 779 621 697 600 75 505 744 909 659 327 812 526 585 598 858 905 345 403 342 640 979 790 519 0 615 684 679 603 169 709 934 919 759 604 590 971 511 588 747 851 613 926 865 931 370 873 769 375 836 782 261 665 554 814 750 686 873 334 879 267 746 496 722
394 491 487 428 428 506 145 424 49 626 338 217 637 386 386 539 119 579 84 586 633 404 251 401 165 451 517 352 615 0 411 406 314 612 437 661 647 486 331 565 443 631 316 474 578 308 654 592 658 515 600 496 520 563 509 377 137 395 541 477 211 600 393 606 371 473 452 246
563 291 648 496 497 188 416 225 395 694 407 540 437 68 454 161 322 748 394 268 315 472 320 469 436 774 199 421 684 411 0 88 483 681 59 343 447 287 132 734 767 724 133 156 379 478 454 274 458 583 282 119 588 364 191 446 460 564 223 159 482 282 462 406 439 96 621 517
559 286 643 491 492 184 412 220 390 689 402 535 432 64 450 216 317 744 389 263 310 467 315 465 431 770 194 416 679 406 88 0 478 676 114 283 442 282 127 729 762 720 128 151 374 473 449 214 454 579 277 173 583 359 186 441 456 559 163 154 477 222 457 402 435 150 616 512
117 562 210 499 500 578 319 496 298 613 410 280 708 458 458 610 224 302 296 657 704 476 323 473 338 456 588 424 603 314 483 478 0 599 508 733 718 558 403 288 448 354 387 546 650 57 725 664 729 378 672 568 383 635 581 393 363 118 613 549 384 672 465 678 398 545 175 420
550 760 431 365 366 776 617 694 596 179 502 741 906 656 324 808 523 582 595 855 902 342 399 339 637 976 786 516 169 612 681 676 599 0 706 931 916 756 601 587 968 508 585 744 848 610 923 862 927 367 870 766 372 833 779 258 662 551 810 747 683 870 331 875 264 743 492 718
589 317 673 522 522 214 442 250 421 720 432 566 463 94 480 139 347 774 419 293 340 498 345 495 461 800 224 446 709 437 59 114 508 706 0 368 473 312 157 760 792 750 158 181 404 503 480 300 484 609 307 97 614 389 216 471 486 590 248 185 507 308 487 432 465 74 646 543
813 541 897 746 747 438 666 475 645 944 656 790 687 318 704 470 572 998 643 422 469 722 570 719 686 1024 448 671 934 661 343 283 733 931 368 0 697 537 381 984 1017 974 382 406 629 727 704 250 708 833 381 428 838 614 441 696 710 814 212 409 731 258 712 656 689 405 871 767
799 325 883 732 732 543 652 258 631 930 642 776 233 422 690 575 557 984 629 622 669 708 555 705 671 1010 553 656 919 647 447 442 718 916 473 697 0 321 350 970 1002 960 368 510 107 713 250 628 254 819 636 532 824 262 545 681 696 800 577 513 717 636 697 80 675 509 857 753
638 40 723 571 572 382 491 99 470 769 482 615 311 262 529 414 397 823 469 461 508 547 395 545 511 850 392 496 759 486 287 282 558 756 312 537 321 0 190 809 842 800 208 350 252 553 328 468 332 659 476 372 663 237 385 521 535 639 417 353 557 476 537 280 515 349 696 592
483 194 567 416 417 227 336 128 315 614 327 460 340 107 374 259 242 668 313 306 353 392 240 389 356 694 237 341 604 331 132 127 403 601 157 381 350 190 0 654 687 644 53 194 282 398 357 313 361 503 321 217 508 267 230 366 380 484 261 198 402 321 382 309 359 194 541 437
359 814 292 488 489 829 570 747 549 601 624 531 960 709 446 862 476 80 547 909 956 464 522 461 590 707 840 639 590 565 734 729 288 587 760 984 970 809 654 0 699 105 639 797 901 299 977 915 981 366 923 819 371 886 832 381 614 360 864 800 636 923 453 929 386 796 250 671
528 846 621 783 784 862 444 780 427 981 694 252 992 742 742 894 475 713 440 941 988 759 607 757 433 73 872 708 971 443 767 762 448 968 792 1017 1002 842 687 699 0 765 671 830 934 443 1009 948 1013 789 956 852 794 919 865 733 431 529 896 833 367 956 749 961 727 829 586 377
344 804 226 409 410 820 636 738 615 522 546 597 950 700 367 852 541 100 613 899 946 385 443 382 656 773 830 560 511 631 724 720 354 508 750 974 960 800 644 105 765 0 629 787 892 364 967 906 971 287 913 810 292 877 822 302 680 345 854 790 701 913 375 919 307 786 287 737
468 212 552 401 401 228 321 146 300 599 311 445 358 108 359 260 226 653 298 307 354 377 224 374 340 679 238 325 588 316 133 128 387 585 158 382 368 208 53 639 671 629 0 196 300 382 375 314 379 488 322 218 493 285 231 350 365 469 262 199 386 322 366 327 344 195 525 422
626 354 710 559 560 75 479 288 458 757 469 603 500 103 517 284 385 811 456 154 201 535 383 532 499 837 86 484 747 474 156 151 546 744 181 406 510 350 194 797 830 787 196 0 442 541 517 297 521 646 169 241 651 427 78 509 523 627 286 31 545 287 525 469 502 218 684 580
731 257 815 663 664 474 583 190 562 861 574 707 165 354 622 506 489 916 561 553 600 639 487 637 603 942 485 588 851 578 379 374 650 848 404 629 107 252 282 901 934 892 300 442 0 645 182 560 186 751 568 464 755 194 477 613 628 731 509 445 649 568 629 66 607 441 788 684
128 557 221 494 495 573 314 491 293 624 405 275 703 453 452 605 219 313 291 652 699 470 318 467 333 450 583 419 613 308 478 473 57 610 503 727 713 553 398 299 443 364 382 541 645 0 720 659 724 389 667 563 394 630 576 404 358 129 607 544 379 667 460 672 409 540 185 415
806 332 890 739 739 550 659 265 638 937 649 783 37 429 697 582 564 991 636 629 676 715 562 712 679 1017 560 663 926 654 454 449 725 923 480 704 250 328 357 977 1009 967 375 517 182 720 0 635 84 826 643 539 831 269 552 688 703 807 584 520 724 643 704 209 682 516 864 760
744 472 829 677 678 253 597 406 576 875 588 721 618 249 635 402 503 930 575 211 259 653 501 651 617 956 251 602 865 592 274 214 664 862 300 250 628 468 313 915 948 906 314 297 560 659 635 0 640 765 170 359 769 545 265 627 642 745 161 301 663 48 643 588 621 336 802 698
810 336 894 743 744 554 663 269 642 941 653 787 67 434 701 586 568 995 640 633 680 719 567 716 683 1021 564 667 931 658 458 454 729 927 484 708 254 332 361 981 1013 971 379 521 186 724 84 640 0 830 647 544 835 273 556 693 707 811 588 524 728 647 708 214 686 520 868 764
329 663 210 268 269 679 520 597 499 381 405 622 809 559 226 711 426 361 497 758 805 244 302 241 540 797 689 419 370 515 583 579 378 367 609 833 819 659 503 366 789 287 488 646 751 389 826 765 830 0 772 669 40 736 681 161 564 330 713 649 586 772 234 778 166 645 271 621
752 480 836 685 686 125 605 414 584 883 596 729 626 229 643 410 511 937 582 83 130 661 509 658 625 963 123 610 873 600 282 277 672 870 307 381 636 476 321 923 956 913 322 169 568 667 643 170 647 772 0 367 777 553 136 635 649 753 292 172 671 160 651 595 628 344 810 706
648 376 733 581 582 274 501 310 480 779 492 625 522 153 539 78 407 834 479 353 400 557 405 555 521 860 284 506 769 496 119 173 568 766 97 428 532 372 217 819 852 810 218 241 464 563 539 359 544 669 367 0 673 449 276 531 546 649 308 244 567 367 547 492 525 113 706 602
334 668 215 273 274 683 525 601 504 386 409 626 814 563 231 716 430 366 502 763 810 249 307 246 544 802 694 424 375 520 588 583 383 372 614 838 824 663 508 371 794 292 493 651 755 394 831 769 835 40 777 673 0 740 686 166 569 335 718 654 590 777 238 783 171 650 276 626
716 242 800 648 649 459 568 175 547 846 559 692 252 339 607 491 474 901 546 538 585 624 472 622 588 927 470 573 836 563 364 359 635 833 389 614 262 237 267 886 919 877 285 427 194 630 269 545 273 736 553 449 740 0 462 598 613 716 494 430 634 553 614 221 592 426 773 669
661 389 745 594 595 53 514 323 493 792 505 638 535 138 552 319 420 846 491 122 169 570 418 567 534 872 63 519 782 509 191 186 581 779 216 441 545 385 230 832 865 822 231 78 477 576 552 265 556 681 136 276 686 462 0 544 558 662 321 81 580 254 560 504 537 253 719 615
344 525 225 131 131 541 383 459 362 272 267 506 671 421 89 574 288 376 360 620 667 107 165 104 402 741 552 281 261 377 446 441 393 258 471 696 681 521 366 381 733 302 350 509 613 404 688 627 693 161 635 531 166 598 544 0 427 345 576 512 448 635 96 641 35 508 286 484
443 540 536 477 478 556 194 474 121 675 387 204 686 436 435 588 168 628 134 635 682 453 301 450 214 439 566 402 665 137 460 456 363 662 486 710 696 535 380 614 431 680 365 523 628 358 703 642 707 564 649 546 569 613 558 427 0 444 590 526 260 649 443 655 420 522 501 288
43 644 162 452 453 659 400 577 379 565 491 361 790 539 410 692 306 374 377 739 786 428 405 425 420 537 670 505 554 395 564 559 118 551 590 814 800 639 484 360 529 345 469 627 731 129 807 745 811 330 753 649 335 716 662 345 444 0 694 630 466 753 418 759 350 626 174 501
693 421 777 626 627 318 546 355 525 824 536 670 567 198 584 350 451 878 523 333 380 602 450 599 566 904 328 550 814 541 223 163 613 810 248 212 577 417 261 864 896 854 262 286 509 607 584 161 588 713 292 308 718 494 321 576 590 694 0 289 611 169 592 536 569 285 751 647
629 357 714 562 563 78 482 291 461 760 473 606 503 106 520 287 388 814 460 158 205 538 386 535 502 841 89 487 750 477 159 154 549 747 185 409 513 353 198 800 833 790 199 31 445 544 520 301 524 649 172 244 654 430 81 512 526 630 289 0 548 290 528 472 505 221 687 583
465 561 558 498 499 577 91 495 195 696 409 215 707 457 456 609 190 650 193 656 703 474 322 472 79 375 587 423 686 211 482 477 384 683 507 731 717 557 402 636 367 701 386 545 649 379 724 663 728 586 671 567 590 634 580 448 260 466 611 548 0 671 464 676 442 544 522 49
752 480 837 685 686 243 605 414 584 883 596 729 626 257 643 410 511 937 583 201 248 661 509 658 625 964 241 610 873 600 282 222 672 870 308 258 636 476 321 923 956 913 322 287 568 667 643 48 647 772 160 367 777 553 254 635 649 753 169 290 671 0 651 595 628 344 810 706
417 541 298 146 147 557 399 475 377 345 283 522 687 437 32 589 304 449 376 636 683 50 180 120 418 757 567 297 334 393 462 457 465 331 487 712 697 537 382 453 749 375 366 525 629 460 704 643 708 234 651 547 238 614 560 96 443 418 592 528 464 651 0 656 90 524 359 499
758 284 842 691 692 502 611 217 590 889 601 735 192 382 649 534 516 943 588 581 628 667 515 664 631 969 512 615 879 606 406 402 678 875 432 656 80 280 309 929 961 919 327 469 66 672 209 588 214 778 595 492 783 221 504 641 655 759 536 472 676 595 656 0 634 468 816 712
349 519 230 124 125 535 376 453 355 277 261 500 665 415 82 567 282 381 353 614 661 100 158 97 396 734 545 275 267 371 439 435 398 264 465 689 675 515 359 386 727 307 344 502 607 409 682 621 686 166 628 525 171 592 537 35 420 350 569 505 442 628 90 634 0 501 291 477
625 353 709 558 559 250 478 287 457 756 469 602 499 130 516 156 384 810 455 329 377 534 382 531 498 836 261 483 746 473 96 150 545 743 74 405 509 349 194 796 829 786 195 218 441 540 516 336 520 645 344 113 650 426 253 508 522 626 285 221 544 344 524 468 501 0 683 579
173 700 103 393 394 716 457 634 436 506 530 418 846 596 351 749 362 264 434 795 843 369 427 366 477 594 727 544 496 452 621 616 175 492 646 871 857 696 541 250 586 287 525 684 788 185 864 802 868 271 810 706 276 773 719 286 501 174 751 687 522 810 359 816 291 683 0 558
500 597 593 534 534 612 126 530 230 732 444 224 743 492 492 645 225 685 228 692 739 510 358 507 114 385 623 458 722 246 517 512 420 718 543 767 753 592 437 671 377 737 422 580 684 415 760 698 764 621 706 602 626 669 615 484 288 501 647 583 49 706 499 712 477 579 558 0
EOF