NAME : tsp_problem
TYPE : TSP
DIMENSION : 42
EDGE_WEIGHT_TYPE : EXPLICIT
EDGE_WEIGHT_FORMAT : FULL_MATRIX
EDGE_WEIGHT_SECTION
0 542 537 764 448 537 675 318 760 678 443 426 538 549 133 225 701 702 512 732 381 571 549 75 380 550 467 570 369 248 749 394 610 125 539 594 729 556 167 520 475 166
542 0 252 598 718 638 777 262 862 780 828 696 253 34 566 658 535 536 614 566 815 673 651 494 214 383 182 672 211 682 233 828 92 559 373 696 563 390 601 235 576 599
537 252 0 593 713 633 771 257 856 774 823 691 53 258 561 653 530 530 608 560 809 668 645 488 208 378 86 667 205 676 450 822 320 554 368 690 558 385 595 229 571 594
764 598 593 0 940 860 999 484 1084 1002 1050 919 594 605 789 881 119 318 836 69 1037 895 873 716 419 268 523 894 433 904 805 1050 666 781 394 918 78 411 823 576 799 821
448 718 713 940 0 338 702 494 614 715 145 116 713 724 472 355 877 877 583 907 635 425 350 415 556 725 643 597 545 253 924 648 786 430 715 621 905 732 305 696 316 420
537 638 633 860 338 0 392 414 303 404 448 316 634 645 561 519 797 798 272 828 800 114 39 488 476 646 563 287 465 417 845 812 706 553 636 310 826 653 470 616 97 584
675 777 771 999 702 392 0 553 384 62 812 681 772 783 699 791 936 936 254 966 948 324 386 627 615 784 702 137 603 782 983 960 845 692 774 100 964 791 734 754 462 732
318 262 257 484 494 414 553 0 638 556 604 472 258 269 342 434 421 422 389 452 591 449 426 269 100 270 187 448 89 458 469 603 330 335 259 472 449 276 377 240 352 375
760 862 856 1084 614 303 384 638 0 396 724 592 857 868 784 795 1021 1021 341 1051 1033 231 298 712 700 869 787 279 688 693 1068 1045 930 777 859 303 1049 876 745 839 373 817
678 780 774 1002 715 404 62 556 396 0 825 693 775 786 702 794 939 939 254 969 951 336 399 630 618 787 705 150 606 794 986 963 848 695 777 112 967 794 737 757 474 735
443 828 823 1050 145 448 812 604 724 825 0 171 823 834 468 350 987 987 693 1017 631 535 460 410 666 835 753 707 655 226 1034 643 896 426 825 731 1015 842 301 806 426 415
426 696 691 919 116 316 681 472 592 693 171 0 692 703 450 333 855 856 561 886 614 403 328 393 534 704 621 576 523 231 903 626 765 409 694 600 884 711 284 674 294 398
538 253 53 594 713 634 772 258 857 775 823 692 0 259 562 654 531 531 609 561 810 669 646 489 209 379 87 667 206 677 438 823 321 555 369 691 559 386 596 230 572 595
549 34 258 605 724 645 783 269 868 786 834 703 259 0 573 665 541 542 620 572 821 680 657 500 220 390 189 678 217 688 227 834 87 565 380 702 570 397 607 241 583 606
133 566 561 789 472 561 699 342 784 702 468 450 562 573 0 249 725 726 536 756 406 596 573 99 404 574 491 594 393 272 773 418 635 150 564 618 754 581 191 544 499 190
225 658 653 881 355 519 791 434 795 794 350 333 654 665 249 0 817 818 628 848 412 606 531 191 496 666 583 686 485 155 865 425 727 207 656 710 846 673 82 636 497 196
701 535 530 119 877 797 936 421 1021 939 987 855 531 541 725 817 0 255 773 87 974 832 809 653 356 205 460 831 370 841 741 986 603 718 331 855 84 348 760 513 735 758
702 536 530 318 877 798 936 422 1021 939 987 856 531 542 726 818 255 0 773 286 974 833 810 653 356 206 460 832 370 841 742 987 604 719 331 855 283 348 760 513 736 759
512 614 608 836 583 272 254 389 341 254 693 561 609 620 536 628 773 773 0 803 785 226 267 463 451 621 539 149 440 651 820 797 682 529 611 173 801 628 570 591 342 569
732 566 560 69 907 828 966 452 1051 969 1017 886 561 572 756 848 87 286 803 0 1004 863 840 683 386 236 490 861 400 871 772 1017 634 749 361 885 59 378 790 543 766 789
381 815 809 1037 635 800 948 591 1033 951 631 614 810 821 406 412 974 974 785 1004 0 844 812 348 653 822 740 843 642 435 1021 91 883 364 812 867 1002 829 355 792 747 241
571 673 668 895 425 114 324 449 231 336 535 403 669 680 596 606 832 833 226 863 844 0 109 523 511 681 598 219 500 504 880 857 741 588 670 243 860 687 557 651 184 629
549 651 645 873 350 39 386 426 298 399 460 328 646 657 573 531 809 810 267 840 812 109 0 500 488 658 575 282 477 429 857 824 719 566 648 305 838 665 482 628 109 596
75 494 488 716 415 488 627 269 712 630 410 393 489 500 99 191 653 653 463 683 348 523 500 0 331 501 419 522 320 215 700 360 562 92 491 545 681 508 134 471 426 132
380 214 208 419 556 476 615 100 700 618 666 534 209 220 404 496 356 356 451 386 653 511 488 331 0 204 139 510 48 519 420 665 282 397 194 534 384 211 438 191 414 437
550 383 378 268 725 646 784 270 869 787 835 704 379 390 574 666 205 206 621 236 822 681 658 501 204 0 308 679 218 689 590 835 452 566 179 703 233 196 608 361 584 607
467 182 86 523 643 563 702 187 787 705 753 621 87 189 491 583 460 460 539 490 740 598 575 419 139 308 0 597 136 607 389 752 251 484 298 621 488 315 526 160 501 524
570 672 667 894 597 287 137 448 279 150 707 576 667 678 594 686 831 832 149 861 843 219 282 522 510 679 597 0 499 677 878 856 740 587 669 56 859 686 629 650 357 627
369 211 205 433 545 465 603 89 688 606 655 523 206 217 393 485 370 370 440 400 642 500 477 320 48 218 136 499 0 508 417 654 279 386 208 522 398 225 427 188 403 426
248 682 676 904 253 417 782 458 693 794 226 231 677 688 272 155 841 841 651 871 435 504 429 215 519 689 607 677 508 0 888 448 750 231 679 700 869 696 105 659 395 220
749 233 450 805 924 845 983 469 1068 986 1034 903 438 227 773 865 741 742 820 772 1021 880 857 700 420 590 389 878 417 888 0 1034 176 765 580 902 770 597 807 441 783 806
394 828 822 1050 648 812 960 603 1045 963 643 626 823 834 418 425 986 987 797 1017 91 857 824 360 665 835 752 856 654 448 1034 0 896 376 825 879 1015 842 367 805 760 254
610 92 320 666 786 706 845 330 930 848 896 765 321 87 635 727 603 604 682 634 883 741 719 562 282 452 251 740 279 750 176 896 0 627 442 764 632 459 669 303 645 667
125 559 554 781 430 553 692 335 777 695 426 409 555 565 150 207 718 719 529 749 364 588 566 92 397 566 484 587 386 231 765 376 627 0 556 611 746 573 150 537 491 148
539 373 368 394 715 636 774 259 859 777 825 694 369 380 564 656 331 331 611 361 812 670 648 491 194 179 298 669 208 679 580 825 442 556 0 693 359 54 598 351 574 597
594 696 690 918 621 310 100 472 303 112 731 600 691 702 618 710 855 855 173 885 867 243 305 545 534 703 621 56 522 700 902 879 764 611 693 0 883 710 653 673 381 651
729 563 558 78 905 826 964 449 1049 967 1015 884 559 570 754 846 84 283 801 59 1002 860 838 681 384 233 488 859 398 869 770 1015 632 746 359 883 0 376 788 541 764 787
556 390 385 411 732 653 791 276 876 794 842 711 386 397 581 673 348 348 628 378 829 687 665 508 211 196 315 686 225 696 597 842 459 573 54 710 376 0 615 368 591 614
167 601 595 823 305 470 734 377 745 737 301 284 596 607 191 82 760 760 570 790 355 557 482 134 438 608 526 629 427 105 807 367 669 150 598 653 788 615 0 578 448 139
520 235 229 576 696 616 754 240 839 757 806 674 230 241 544 636 513 513 591 543 792 651 628 471 191 361 160 650 188 659 441 805 303 537 351 673 541 368 578 0 554 577
475 576 571 799 316 97 462 352 373 474 426 294 572 583 499 497 735 736 342 766 747 184 109 426 414 584 501 357 403 395 783 760 645 491 574 381 764 591 448 554 0 532
166 599 594 821 420 584 732 375 817 735 415 398 595 606 190 196 758 759 569 789 241 629 596 132 437 607 524 627 426 220 806 254 667 148 597 651 787 614 139 577 532 0
EOF