NAME : tsp_problem
TYPE : TSP
DIMENSION : 64
EDGE_WEIGHT_TYPE : EXPLICIT
EDGE_WEIGHT_FORMAT : FULL_MATRIX
EDGE_WEIGHT_SECTION
0 595 689 328 459 105 155 639 653 288 775 510 514 790 650 548 677 890 375 281 205 707 864 937 389 440 85 757 565 684 709 852 746 179 448 721 110 610 787 538 286 324 277 485 137 127 778 659 159 850 654 811 128 818 655 520 830 629 815 833 398 577 362 685
595 0 662 355 228 604 654 613 627 393 749 810 248 764 199 130 651 863 348 448 610 681 837 911 427 312 583 731 258 657 683 826 719 728 747 695 570 227 761 84 443 572 788 204 500 625 752 208 658 824 628 785 510 792 628 508 803 603 788 807 282 268 576 659
689 662 0 668 566 697 747 338 233 632 474 802 670 488 765 619 257 445 368 582 603 287 276 636 420 507 676 337 680 264 289 551 325 721 740 420 664 725 348 605 587 565 818 600 594 719 477 774 751 549 353 510 604 175 234 501 528 328 370 190 628 692 568 384
328 355 668 0 161 336 386 619 633 67 755 806 216 770 352 249 657 869 354 122 501 687 843 917 433 313 315 737 267 664 689 832 725 475 743 701 303 311 767 298 117 578 521 187 233 358 758 361 390 830 634 791 243 798 634 514 810 609 794 813 100 279 582 665
459 228 566 161 0 468 518 516 530 198 653 713 129 667 224 122 554 767 252 253 514 584 741 815 331 177 447 634 139 561 586 730 623 607 651 599 435 184 665 171 249 476 652 59 364 489 655 233 522 727 532 688 374 695 532 412 707 506 692 710 87 151 479 562
105 604 697 336 468 0 135 647 662 297 784 590 523 798 659 556 686 898 383 289 286 715 872 946 462 448 165 765 574 692 717 861 754 260 528 730 190 618 796 546 294 404 225 494 146 106 786 668 139 858 663 819 136 827 663 543 838 637 823 842 406 585 442 693
155 654 747 386 518 135 0 698 712 347 834 641 573 848 709 606 736 948 433 339 336 766 922 996 512 498 215 816 624 742 768 911 804 279 578 780 241 668 846 596 345 454 167 544 196 116 837 718 84 909 713 870 186 877 713 593 888 688 873 892 457 636 492 744
639 613 338 619 516 647 698 0 302 583 184 753 621 198 716 570 326 538 319 532 553 356 512 346 370 457 627 406 631 333 358 261 395 671 690 130 614 675 436 555 537 515 769 551 544 669 187 725 702 259 102 220 554 467 303 451 238 47 463 482 578 642 519 132
653 627 233 633 530 662 712 302 0 597 438 767 635 453 730 584 222 277 333 546 568 94 251 601 384 472 641 144 645 71 253 516 133 685 704 385 629 689 175 570 552 529 783 565 558 683 441 739 716 513 317 474 568 363 199 465 493 292 202 378 592 657 533 348
288 393 632 67 198 297 347 583 597 0 719 767 253 734 389 287 621 833 319 99 462 651 807 881 397 350 276 701 304 628 653 796 689 436 704 665 264 349 731 336 94 542 481 224 193 318 722 398 351 794 598 755 203 762 598 478 774 573 758 777 137 316 546 629
775 749 474 755 653 784 834 184 438 719 0 889 757 136 852 706 462 675 455 669 690 492 649 283 507 594 763 542 767 469 494 111 531 808 826 169 751 811 573 692 674 651 905 687 680 805 124 861 838 109 238 157 691 603 440 588 176 172 600 618 715 779 655 269
510 810 802 806 713 590 641 753 767 767 889 0 817 903 912 766 791 1003 515 729 333 821 977 1051 411 654 512 871 828 797 823 966 859 451 92 835 538 872 901 752 734 346 548 748 623 612 892 921 645 964 768 925 613 932 768 542 943 743 928 947 775 839 384 799
514 248 670 216 129 523 573 621 635 253 757 817 0 771 167 142 659 871 356 309 618 688 845 919 435 281 502 739 82 665 691 834 727 662 755 703 490 127 769 191 304 580 707 105 419 544 760 176 577 832 636 793 430 800 636 516 811 611 796 815 183 94 583 667
790 764 488 770 667 798 848 198 453 734 136 903 771 0 866 720 477 689 469 683 704 507 663 187 521 608 778 557 782 484 509 213 545 822 841 184 765 826 587 706 688 666 919 701 695 820 54 875 852 210 253 61 705 618 454 602 80 186 614 633 729 793 669 283
650 199 765 352 224 659 709 716 730 389 852 912 167 866 0 237 754 966 451 444 713 783 940 1014 530 376 638 834 132 760 786 929 822 798 850 798 625 73 864 253 440 675 843 200 555 680 855 34 713 927 731 888 565 895 731 611 906 706 891 910 278 114 678 762
548 130 619 249 122 556 606 570 584 287 706 766 142 720 237 0 608 820 305 342 567 637 794 868 384 268 536 688 152 614 640 783 676 685 704 652 523 196 718 73 337 529 741 98 453 578 709 246 610 781 585 742 463 749 585 465 760 560 745 764 175 164 532 616
677 651 257 657 554 686 736 326 222 621 462 791 659 477 754 608 0 458 357 570 592 275 432 624 408 496 665 325 669 252 56 539 314 709 728 408 652 713 356 593 576 553 807 589 582 707 465 763 740 537 341 498 592 387 96 489 517 316 383 402 616 681 557 372
890 863 445 869 767 898 948 538 277 833 675 1003 871 689 966 820 458 0 569 783 804 214 231 837 621 708 877 170 881 243 490 752 182 922 941 621 865 926 149 806 788 766 1019 801 794 919 678 975 952 749 554 710 805 424 435 702 729 528 109 439 829 893 769 584
375 348 368 354 252 383 433 319 333 319 455 515 356 469 451 305 357 569 0 268 316 386 543 617 133 193 362 437 366 363 389 532 425 434 453 401 350 411 467 291 273 278 531 286 280 405 458 460 437 530 334 491 290 498 334 214 509 309 494 513 314 378 281 365
281 448 582 122 253 289 339 532 546 99 669 729 309 683 444 342 570 783 268 0 455 600 757 831 347 333 269 650 360 577 602 746 639 428 667 615 256 404 681 391 51 492 474 280 186 311 671 453 343 743 548 704 196 711 548 428 723 522 708 726 192 371 495 578
205 610 603 501 514 286 336 553 568 462 690 333 618 704 713 567 592 804 316 455 0 621 778 852 212 455 207 671 628 598 623 767 660 146 270 636 233 673 702 553 460 147 243 548 318 307 693 722 340 764 569 725 308 733 569 343 744 544 729 748 572 640 184 599
707 681 287 687 584 715 766 356 94 651 492 821 688 507 783 637 275 214 386 600 621 0 260 654 438 525 695 75 699 101 307 569 64 739 758 438 682 743 105 623 605 583 836 619 612 737 495 792 769 567 371 528 622 393 253 519 547 346 139 408 646 710 586 402
864 837 276 843 741 872 922 512 251 807 649 977 845 663 940 794 432 231 543 757 778 260 0 811 595 682 851 216 855 217 464 726 228 896 915 595 839 900 195 780 762 740 993 775 769 894 652 949 926 723 528 685 779 255 409 676 703 503 193 270 803 867 743 559
937 911 636 917 815 946 996 346 601 881 283 1051 919 187 1014 868 624 837 617 831 852 654 811 0 669 756 925 704 929 631 656 360 693 970 988 331 913 973 735 854 836 814 1067 849 842 967 192 1023 1000 358 400 174 853 765 602 750 159 334 762 780 877 941 817 431
389 427 420 433 331 462 512 370 384 397 507 411 435 521 530 384 408 621 133 347 212 438 595 669 0 272 391 488 445 415 440 584 477 330 348 453 416 490 519 370 352 174 427 365 358 483 509 539 516 581 386 542 369 549 386 160 561 360 546 564 393 457 177 416
440 312 507 313 177 448 498 457 472 350 594 654 281 608 376 268 496 708 193 333 455 525 682 756 272 0 428 575 292 502 527 671 564 573 592 540 415 336 606 254 338 417 633 212 345 470 596 385 502 668 473 629 355 636 473 353 648 447 633 652 239 303 420 503
85 583 676 315 447 165 215 627 641 276 763 512 502 778 638 536 665 877 362 269 207 695 851 925 391 428 0 745 553 672 697 840 733 181 450 709 91 598 775 526 274 326 279 473 156 187 766 647 219 838 642 799 166 806 642 522 818 617 802 821 386 565 364 673
757 731 337 737 634 765 816 406 144 701 542 871 739 557 834 688 325 170 437 650 671 75 216 704 488 575 745 0 749 151 357 619 58 789 808 488 732 793 61 673 655 633 887 669 662 787 545 843 819 617 421 578 672 348 303 569 597 396 95 363 696 760 637 452
565 258 680 267 139 574 624 631 645 304 767 828 82 782 132 152 669 881 366 360 628 699 855 929 445 292 553 749 0 675 701 844 737 713 765 713 541 91 779 201 355 590 758 115 470 595 770 141 628 842 646 803 481 810 646 526 821 621 806 825 193 62 594 677
684 657 264 664 561 692 742 333 71 628 469 797 665 484 760 614 252 243 363 577 598 101 217 631 415 502 672 151 675 0 284 546 140 716 735 415 659 720 146 600 582 560 813 595 589 714 472 769 746 544 348 505 599 349 230 496 523 323 168 364 623 687 563 379
709 683 289 689 586 717 768 358 253 653 494 823 691 509 786 640 56 490 389 602 623 307 464 656 440 527 697 357 701 284 0 571 346 741 760 440 684 745 388 625 607 585 839 621 614 739 497 795 771 569 373 530 624 418 128 521 549 348 415 433 648 712 589 404
852 826 551 832 730 861 911 261 516 796 111 966 834 213 929 783 539 752 532 746 767 569 726 360 584 671 840 619 844 546 571 0 608 885 903 246 828 888 650 769 751 729 982 764 757 882 201 938 915 95 315 234 768 680 517 665 253 249 677 695 792 856 732 346
746 719 325 725 623 754 804 395 133 689 531 859 727 545 822 676 314 182 425 639 660 64 228 693 477 564 733 58 737 140 346 608 0 778 797 477 721 782 74 662 644 622 875 657 651 776 534 831 808 606 410 567 661 361 291 558 585 385 108 376 685 749 625 441
179 728 721 475 607 260 279 671 685 436 808 451 662 822 798 685 709 922 434 428 146 739 896 970 330 573 181 789 713 716 741 885 778 0 388 754 207 757 820 671 434 264 138 633 292 281 810 807 279 882 687 843 282 850 687 461 862 661 847 865 546 725 302 717
448 747 740 743 651 528 578 690 704 704 826 92 755 841 850 704 728 941 453 667 270 758 915 988 348 592 450 808 765 735 760 903 797 388 0 772 475 809 838 690 672 283 486 685 560 549 829 859 582 901 705 862 551 869 705 480 881 680 866 884 713 777 321 736
721 695 420 701 599 730 780 130 385 665 169 835 703 184 798 652 408 621 401 615 636 438 595 331 453 540 709 488 713 415 440 246 477 754 772 0 697 757 519 638 620 598 851 633 626 751 172 807 784 244 184 205 637 549 386 534 224 118 546 564 661 725 601 215
110 570 664 303 435 190 241 614 629 264 751 538 490 765 625 523 652 865 350 256 233 682 839 913 416 415 91 732 541 659 684 828 721 207 475 697 0 585 763 513 261 351 304 461 143 212 753 634 245 825 630 786 154 793 630 510 805 604 790 808 373 552 389 660
610 227 725 311 184 618 668 675 689 349 811 872 127 826 73 196 713 926 411 404 673 743 900 973 490 336 598 793 91 720 745 888 782 757 809 757 585 0 823 245 399 634 803 160 515 640 814 82 672 886 690 847 525 854 691 571 866 665 851 869 237 73 638 721
787 761 348 767 665 796 846 436 175 731 573 901 769 587 864 718 356 149 467 681 702 105 195 735 519 606 775 61 779 146 388 650 74 820 838 519 763 823 0 704 686 664 917 699 692 817 575 873 850 647 452 608 703 327 333 600 627 426 74 343 727 791 667 482
538 84 605 298 171 546 596 555 570 336 692 752 191 706 253 73 593 806 291 391 553 623 780 854 370 254 526 673 201 600 625 769 662 671 690 638 513 245 704 0 386 515 731 147 443 568 694 262 600 766 571 727 453 734 571 451 746 545 731 749 224 213 518 601
286 443 587 117 249 294 345 537 552 94 674 734 304 688 440 337 576 788 273 51 460 605 762 836 352 338 274 655 355 582 607 751 644 434 672 620 261 399 686 386 0 497 479 275 191 316 677 449 348 748 553 710 201 717 553 433 728 528 713 732 187 367 500 584
324 572 565 578 476 404 454 515 529 542 651 346 580 666 675 529 553 766 278 492 147 583 740 814 174 417 326 633 590 560 585 729 622 264 283 598 351 634 664 515 497 0 362 510 436 426 654 684 458 726 530 687 427 694 531 305 706 505 691 709 538 602 146 561
277 788 818 521 652 225 167 769 783 481 905 548 707 919 843 741 807 1019 531 474 243 836 993 1067 427 633 279 887 758 813 839 982 875 138 486 851 304 803 917 731 479 362 0 678 330 198 908 852 167 980 784 941 321 948 784 558 959 759 944 963 591 770 399 815
485 204 600 187 59 494 544 551 565 224 687 748 105 701 200 98 589 801 286 280 548 619 775 849 365 212 473 669 115 595 621 764 657 633 685 633 461 160 699 147 275 510 678 0 390 515 690 209 548 762 566 723 400 730 566 446 741 541 726 745 113 127 513 597
137 500 594 233 364 146 196 544 558 193 680 623 419 695 555 453 582 794 280 186 318 612 769 842 358 345 156 662 470 589 614 757 651 292 560 626 143 515 692 443 191 436 330 390 0 167 683 564 200 755 559 716 53 723 559 439 735 534 719 738 303 482 474 590
127 625 719 358 489 106 116 669 683 318 805 612 544 820 680 578 707 919 405 311 307 737 894 967 483 470 187 787 595 714 739 882 776 281 549 751 212 640 817 568 316 426 198 515 167 0 808 689 116 880 684 841 158 848 684 564 860 659 844 863 428 607 463 715
778 752 477 758 655 786 837 187 441 722 124 892 760 54 855 709 465 678 458 671 693 495 652 192 509 596 766 545 770 472 497 201 534 810 829 172 753 814 575 694 677 654 908 690 683 808 0 864 841 199 241 66 693 606 442 590 84 175 603 621 717 782 658 272
659 208 774 361 233 668 718 725 739 398 861 921 176 875 34 246 763 975 460 453 722 792 949 1023 539 385 647 843 141 769 795 938 831 807 859 807 634 82 873 262 449 684 852 209 564 689 864 0 722 936 740 897 574 904 740 620 915 715 900 919 287 123 687 771
159 658 751 390 522 139 84 702 716 351 838 645 577 852 713 610 740 952 437 343 340 769 926 1000 516 502 219 819 628 746 771 915 808 279 582 784 245 672 850 600 348 458 167 548 200 116 841 722 0 913 717 874 190 881 717 597 892 692 877 896 460 640 496 748
850 824 549 830 727 858 909 259 513 794 109 964 832 210 927 781 537 749 530 743 764 567 723 358 581 668 838 617 842 544 569 95 606 882 901 244 825 886 647 766 748 726 980 762 755 880 199 936 913 0 313 232 765 678 514 662 250 247 674 693 789 853 730 343
654 628 353 634 532 663 713 102 317 598 238 768 636 253 731 585 341 554 334 548 569 371 528 400 386 473 642 421 646 348 373 315 410 687 705 184 630 690 452 571 553 530 784 566 559 684 241 740 717 313 0 274 570 482 319 467 292 92 479 497 594 658 534 53
811 785 510 791 688 819 870 220 474 755 157 925 793 61 888 742 498 710 491 704 725 528 685 174 542 629 799 578 803 505 530 234 567 843 862 205 786 847 608 727 710 687 941 723 716 841 66 897 874 232 274 0 726 639 475 623 67 208 635 654 750 814 691 304
128 510 604 243 374 136 186 554 568 203 691 613 430 705 565 463 592 805 290 196 308 622 779 853 369 355 166 672 481 599 624 768 661 282 551 637 154 525 703 453 201 427 321 400 53 158 693 574 190 765 570 726 0 733 570 450 745 544 730 748 313 492 464 600
818 792 175 798 695 827 877 467 363 762 603 932 800 618 895 749 387 424 498 711 733 393 255 765 549 636 806 348 810 349 418 680 361 850 869 549 793 854 327 734 717 694 948 730 723 848 606 904 881 678 482 639 733 0 364 630 658 457 349 73 757 822 698 513
655 628 234 634 532 663 713 303 199 598 440 768 636 454 731 585 96 435 334 548 569 253 409 602 386 473 642 303 646 230 128 517 291 687 705 386 630 691 333 571 553 531 784 566 559 684 442 740 717 514 319 475 570 364 0 467 494 293 360 379 594 658 534 349
520 508 501 514 412 543 593 451 465 478 588 542 516 602 611 465 489 702 214 428 343 519 676 750 160 353 522 569 526 496 521 665 558 461 480 534 510 571 600 451 433 305 558 446 439 564 590 620 597 662 467 623 450 630 467 0 642 441 627 645 474 538 308 497
830 803 528 810 707 838 888 238 493 774 176 943 811 80 906 760 517 729 509 723 744 547 703 159 561 648 818 597 821 523 549 253 585 862 881 224 805 866 627 746 728 706 959 741 735 860 84 915 892 250 292 67 745 658 494 642 0 226 654 673 769 833 709 323
629 603 328 609 506 637 688 47 292 573 172 743 611 186 706 560 316 528 309 522 544 346 503 334 360 447 617 396 621 323 348 249 385 661 680 118 604 665 426 545 528 505 759 541 534 659 175 715 692 247 92 208 544 457 293 441 226 0 454 472 568 633 509 122
815 788 370 794 692 823 873 463 202 758 600 928 796 614 891 745 383 109 494 708 729 139 193 762 546 633 802 95 806 168 415 677 108 847 866 546 790 851 74 731 713 691 944 726 719 844 603 900 877 674 479 635 730 349 360 627 654 454 0 364 754 818 694 509
833 807 190 813 710 842 892 482 378 777 618 947 815 633 910 764 402 439 513 726 748 408 270 780 564 652 821 363 825 364 433 695 376 865 884 564 808 869 343 749 732 709 963 745 738 863 621 919 896 693 497 654 748 73 379 645 673 472 364 0 772 837 713 528
398 282 628 100 87 406 457 578 592 137 715 775 183 729 278 175 616 829 314 192 572 646 803 877 393 239 386 696 193 623 648 792 685 546 713 661 373 237 727 224 187 538 591 113 303 428 717 287 460 789 594 750 313 757 594 474 769 568 754 772 0 205 541 624
577 268 692 279 151 585 636 642 657 316 779 839 94 793 114 164 681 893 378 371 640 710 867 941 457 303 565 760 62 687 712 856 749 725 777 725 552 73 791 213 367 602 770 127 482 607 782 123 640 853 658 814 492 822 658 538 833 633 818 837 205 0 605 688
362 576 568 582 479 442 492 519 533 546 655 384 583 669 678 532 557 769 281 495 184 586 743 817 177 420 364 637 594 563 589 732 625 302 321 601 389 638 667 518 500 146 399 513 474 463 658 687 496 730 534 691 464 698 534 308 709 509 694 713 541 605 0 565
685 659 384 665 562 693 744 132 348 629 269 799 667 283 762 616 372 584 365 578 599 402 559 431 416 503 673 452 677 379 404 346 441 717 736 215 660 721 482 601 584 561 815 597 590 715 272 771 748 343 53 304 600 513 349 497 323 122 509 528 624 688 565 0
EOF