NAME : tsp_problem
TYPE : TSP
DIMENSION : 68
EDGE_WEIGHT_TYPE : EXPLICIT
EDGE_WEIGHT_FORMAT : FULL_MATRIX
EDGE_WEIGHT_SECTION
0 474 684 573 449 171 139 551 584 147 654 594 522 551 134 707 153 652 114 676 286 652 374 511 589 549 438 556 760 557 379 716 521 475 540 120 562 131 337 585 392 46 251 637 396 141 438 671 537 113 426 487 128 501 550 724 485 627 609 455 637 427 111 776 419 677 608 283
474 0 923 811 230 546 479 789 822 354 787 832 760 789 508 945 442 890 488 775 261 890 126 600 827 787 575 419 676 795 517 632 381 713 778 494 478 367 189 675 530 493 594 553 148 515 98 909 775 488 564 725 503 739 788 962 723 866 847 82 875 564 486 1014 98 915 524 627
684 923 0 558 735 756 724 536 569 732 907 579 507 335 719 74 737 637 699 929 871 197 959 764 574 534 691 809 1013 542 632 969 774 246 323 593 815 716 830 838 645 704 609 890 817 725 860 656 320 698 679 472 713 486 535 709 236 612 594 876 622 680 696 143 995 662 861 642
573 811 558 0 623 645 612 45 338 620 795 47 88 425 607 580 626 105 587 817 759 525 848 652 344 304 579 697 902 48 521 857 662 348 413 481 703 604 718 727 534 592 498 779 706 614 748 123 410 587 568 110 602 256 305 233 358 382 364 764 90 568 585 649 883 130 749 530
449 230 735 623 0 521 454 602 634 330 599 644 572 602 484 757 417 702 464 587 209 702 330 413 640 599 387 232 489 608 329 444 193 525 590 390 290 343 137 487 342 469 407 366 125 490 167 721 587 463 376 537 478 551 600 775 535 678 659 184 687 376 461 826 302 727 336 439
171 546 756 645 521 0 211 623 656 219 726 666 594 623 206 779 225 724 186 748 358 724 446 583 661 621 510 628 832 629 451 788 593 547 612 192 634 203 409 657 464 191 323 709 468 145 510 743 609 153 498 559 140 573 622 796 557 699 681 527 709 499 142 848 491 749 680 355
139 479 724 612 454 211 0 591 623 152 694 634 561 591 173 747 158 691 153 716 291 691 380 550 629 588 477 595 800 597 419 755 560 514 579 159 601 136 342 625 432 158 290 677 401 180 444 710 576 153 466 526 168 540 589 764 524 667 648 460 676 466 151 815 424 716 647 323
551 789 536 45 602 623 591 0 317 599 774 66 67 403 586 559 604 124 566 796 738 504 826 631 323 282 558 676 880 40 499 836 641 327 392 460 682 583 697 705 512 571 476 757 684 592 727 143 389 565 546 89 580 234 283 252 337 361 342 743 109 546 563 628 862 149 728 509
584 822 569 338 634 656 623 317 0 631 806 360 287 436 618 592 637 418 598 828 770 536 859 663 61 315 590 708 913 323 532 868 673 359 424 492 714 615 729 738 545 603 509 790 717 625 759 436 421 598 579 253 613 267 70 490 369 393 375 775 403 579 596 660 894 443 760 541
147 354 732 620 330 219 152 599 631 0 702 642 569 599 182 755 115 700 161 724 166 699 255 558 637 596 485 512 769 605 427 724 474 523 587 167 571 40 217 633 440 167 298 646 277 188 319 718 585 161 474 535 176 549 597 772 532 675 656 335 684 474 159 824 299 725 616 331
654 787 907 795 599 726 694 774 806 702 0 817 744 774 689 930 707 875 668 45 759 874 887 198 812 771 420 401 415 780 390 371 433 698 762 562 360 685 694 131 412 674 579 292 682 695 724 893 760 668 388 710 683 724 772 947 707 850 832 740 860 376 666 999 859 900 294 612
594 832 579 47 644 666 634 66 360 642 817 0 109 446 628 602 647 82 608 839 780 547 869 674 365 325 600 718 923 69 542 878 683 370 434 502 725 625 740 748 555 613 519 800 727 635 769 100 432 608 589 132 623 277 326 210 379 404 385 786 67 589 606 671 905 107 770 552
522 760 507 88 572 594 561 67 287 569 744 109 0 374 556 529 575 167 536 766 708 474 797 601 293 253 528 646 851 73 470 806 611 297 362 430 652 553 667 676 483 541 447 728 655 563 697 186 359 536 517 59 551 205 254 295 307 331 313 713 152 517 533 598 832 192 698 479
551 789 335 425 602 623 591 403 436 599 774 446 374 0 586 357 604 504 566 796 737 302 826 631 441 401 557 675 880 409 499 835 640 125 65 459 682 582 697 705 512 571 476 757 684 592 727 522 27 565 546 339 580 353 402 576 135 479 461 743 489 546 563 426 862 529 727 509
134 508 719 607 484 206 173 586 618 182 689 628 556 586 0 742 187 686 62 711 320 686 409 545 624 583 472 590 795 592 414 750 555 509 574 154 596 165 371 620 427 153 285 672 430 175 473 705 571 148 461 521 163 535 584 759 519 662 643 489 671 461 146 810 453 711 642 318
707 945 74 580 757 779 747 559 592 755 930 602 529 357 742 0 760 660 721 952 893 220 982 787 597 557 713 831 1036 565 655 991 796 269 346 615 838 738 853 861 668 727 632 913 840 748 882 678 343 721 702 495 736 509 558 732 258 635 617 899 645 702 719 125 1018 685 883 665
153 442 737 626 417 225 158 604 637 115 707 647 575 604 187 760 0 705 167 729 253 705 342 564 642 602 491 599 813 610 433 769 561 528 593 173 615 98 304 638 445 172 304 690 364 194 406 724 590 167 479 540 181 554 603 777 538 680 662 422 690 480 164 829 386 730 661 336
652 890 637 105 702 724 691 124 418 700 875 82 167 504 686 660 705 0 666 897 838 604 927 731 423 295 658 776 981 127 600 936 741 428 492 560 783 683 797 806 613 671 577 858 785 693 827 46 490 666 647 190 681 271 384 156 437 373 355 844 58 647 664 729 962 137 828 610
114 488 699 587 464 186 153 566 598 161 668 608 536 566 62 721 167 666 0 691 300 666 389 525 604 563 452 570 775 572 394 730 535 489 554 134 576 145 351 600 407 133 265 652 410 155 453 685 551 128 441 501 143 515 564 739 499 642 623 469 651 441 126 790 433 691 622 298
676 775 929 817 587 748 716 796 828 724 45 839 766 796 711 952 729 897 691 0 747 897 875 187 834 794 408 389 403 802 379 359 421 720 784 584 348 707 682 119 406 696 601 280 670 717 712 915 782 690 376 732 705 746 795 969 729 872 854 729 882 364 688 1021 848 922 282 634
286 261 871 759 209 358 291 738 770 166 759 780 708 737 320 893 253 838 300 747 0 838 226 573 775 735 547 391 648 743 489 604 353 661 726 306 450 179 97 647 502 305 437 525 156 327 198 857 723 300 536 673 315 687 736 911 671 814 795 215 823 536 298 962 270 863 496 470
652 890 197 525 702 724 691 504 536 699 874 547 474 302 686 220 705 604 666 897 838 0 927 731 542 501 658 776 981 510 600 936 741 213 291 560 782 683 797 806 613 671 577 858 785 693 827 623 288 666 647 439 681 453 502 677 203 580 561 843 589 647 664 289 962 629 828 609
374 126 959 848 330 446 380 826 859 255 887 869 797 826 409 982 342 927 389 875 226 927 0 701 864 824 675 520 777 832 617 732 481 750 815 395 578 268 277 775 630 394 526 654 248 416 198 946 812 388 664 762 403 776 825 999 760 902 884 183 912 664 386 1051 71 952 624 558
511 600 764 652 413 583 550 631 663 558 198 674 601 631 545 787 564 731 525 187 573 731 701 0 669 628 233 215 263 637 204 219 247 555 619 419 181 542 508 86 231 530 436 140 495 552 538 750 616 525 201 566 540 580 629 804 564 707 688 554 716 189 523 855 673 756 142 469
589 827 574 344 640 661 629 323 61 637 812 365 293 441 624 597 642 423 604 834 775 542 864 669 0 320 595 713 918 328 537 873 678 365 430 497 720 620 735 743 550 609 514 795 722 630 765 442 427 603 584 258 618 272 76 496 374 399 380 781 408 584 601 666 900 448 765 547
549 787 534 304 599 621 588 282 315 596 771 325 253 401 583 557 602 295 563 794 735 501 824 628 320 0 555 673 878 288 497 833 638 325 389 457 679 580 694 703 510 568 474 755 682 590 724 266 386 563 544 218 578 74 281 274 334 105 87 740 319 544 561 625 859 405 725 506
438 575 691 579 387 510 477 558 590 485 420 600 528 557 472 713 491 658 452 408 547 658 675 233 595 555 0 318 483 564 145 438 350 481 546 346 285 469 483 308 68 457 363 360 470 479 512 677 543 452 53 493 467 507 556 731 491 634 615 529 643 94 450 782 648 683 330 395
556 419 809 697 232 628 595 676 708 512 401 718 646 675 590 831 599 776 570 389 391 776 520 215 713 673 318 0 291 681 288 246 66 599 664 464 92 525 327 289 316 575 481 168 314 597 357 795 661 570 286 611 585 625 674 849 609 752 733 373 761 274 567 900 492 801 138 513
760 676 1013 902 489 832 800 880 913 769 415 923 851 880 795 1036 813 981 775 403 648 981 777 263 918 878 483 291 0 886 453 81 323 804 869 669 246 782 584 303 481 780 685 150 571 801 614 999 866 774 451 816 789 830 879 1053 814 956 938 630 966 439 772 1105 749 1006 180 718
557 795 542 48 608 629 597 40 323 605 780 69 73 409 592 565 610 127 572 802 743 510 832 637 328 288 564 681 886 0 505 841 647 333 398 465 688 588 703 711 518 577 482 763 690 598 733 146 395 571 552 95 586 240 289 255 343 367 348 749 112 552 569 634 868 152 733 515
379 517 632 521 329 451 419 499 532 427 390 542 470 499 414 655 433 600 394 379 489 600 617 204 537 497 145 288 453 505 0 409 320 423 488 288 255 411 424 278 100 399 304 330 412 421 454 619 485 393 131 435 408 449 498 672 433 575 557 470 585 119 391 724 589 625 301 337
716 632 969 857 444 788 755 836 868 724 371 878 806 835 750 991 769 936 730 359 604 936 732 219 873 833 438 246 81 841 409 0 278 759 824 624 201 737 539 259 436 735 641 105 526 757 569 955 821 730 406 771 745 785 834 1009 769 912 893 585 921 394 727 1060 704 961 135 673
521 381 774 662 193 593 560 641 673 474 433 683 611 640 555 796 561 741 535 421 353 741 481 247 678 638 350 66 323 647 320 278 0 564 629 429 124 487 288 321 348 540 446 200 276 562 318 760 626 535 318 576 550 590 639 814 574 717 698 335 726 306 533 865 453 766 170 478
475 713 246 348 525 547 514 327 359 523 698 370 297 125 509 269 528 428 489 720 661 213 750 555 365 325 481 599 804 333 423 759 564 0 114 383 606 506 621 629 436 494 400 681 608 516 650 446 111 489 470 263 504 277 326 500 59 403 385 667 413 470 487 338 786 453 651 433
540 778 323 413 590 612 579 392 424 587 762 434 362 65 574 346 593 492 554 784 726 291 815 619 430 389 546 664 869 398 488 824 629 114 0 448 670 571 685 694 501 559 465 746 673 581 715 511 51 554 535 327 569 341 390 565 123 468 449 731 477 535 551 415 850 517 716 497
120 494 593 481 390 192 159 460 492 167 562 502 430 459 154 615 173 560 134 584 306 560 395 419 497 457 346 464 669 465 288 624 429 383 448 0 470 151 357 494 301 139 159 546 416 161 459 579 445 134 334 395 149 409 458 633 393 536 517 475 545 335 132 684 439 585 516 192
562 478 815 703 290 634 601 682 714 571 360 725 652 682 596 838 615 783 576 348 450 782 578 181 720 679 285 92 246 688 255 201 124 606 670 470 0 583 385 248 282 581 487 123 373 603 415 801 668 576 252 618 591 632 680 855 615 758 739 431 767 241 574 907 550 808 93 520
131 367 716 604 343 203 136 583 615 40 685 625 553 582 165 738 98 683 145 707 179 683 268 542 620 580 469 525 782 588 411 737 487 506 571 151 583 0 230 617 424 150 282 659 289 172 332 702 568 145 458 518 160 532 581 756 516 659 640 348 668 458 143 807 312 708 629 315
337 189 830 718 137 409 342 697 729 217 694 740 667 697 371 853 304 797 351 682 97 797 277 508 735 694 483 327 584 703 424 539 288 621 685 357 385 230 0 582 437 356 488 461 84 378 127 816 682 350 471 632 365 646 695 870 630 773 754 143 782 471 348 921 262 822 431 520
585 675 838 727 487 657 625 705 738 633 131 748 676 705 620 861 638 806 600 119 647 806 775 86 743 703 308 289 303 711 278 259 321 629 694 494 248 617 582 0 306 605 510 180 570 626 612 825 691 599 276 641 614 655 704 878 639 781 763 628 791 264 597 930 747 831 182 543
392 530 645 534 342 464 432 512 545 440 412 555 483 512 427 668 445 613 407 406 502 613 630 231 550 510 68 316 481 518 100 436 348 436 501 301 282 424 437 306 0 412 317 358 425 433 467 632 498 406 56 448 421 462 511 685 446 588 570 483 598 98 404 737 602 638 328 350
46 493 704 592 469 191 158 571 603 167 674 613 541 571 153 727 172 671 133 696 305 671 394 530 609 568 457 575 780 577 399 735 540 494 559 139 581 150 356 605 412 0 270 657 415 160 458 690 556 133 446 506 148 520 569 744 504 647 628 474 656 446 131 795 438 696 627 303
251 594 609 498 407 323 290 476 509 298 579 519 447 476 285 632 304 577 265 601 437 577 526 436 514 474 363 481 685 482 304 641 446 400 465 159 487 282 488 510 317 270 0 562 489 292 532 595 462 265 351 412 280 426 475 649 410 552 534 548 562 351 262 701 570 602 533 62
637 553 890 779 366 709 677 757 790 646 292 800 728 757 672 913 690 858 652 280 525 858 654 140 795 755 360 168 150 763 330 105 200 681 746 546 123 659 461 180 358 657 562 0 448 678 491 876 743 651 328 693 666 707 756 930 691 833 815 507 843 316 649 982 626 883 57 595
396 148 817 706 125 468 401 684 717 277 682 727 655 684 430 840 364 785 410 670 156 785 248 495 722 682 470 314 571 690 412 526 276 608 673 416 373 289 84 570 425 415 489 448 0 437 85 804 670 410 459 620 425 634 683 857 618 760 742 102 770 459 408 909 220 810 419 522
141 515 725 614 490 145 180 592 625 188 695 635 563 592 175 748 194 693 155 717 327 693 416 552 630 590 479 597 801 598 421 757 562 516 581 161 603 172 378 626 433 160 292 678 437 0 480 712 578 122 467 528 127 542 591 765 526 668 650 496 678 468 120 817 460 718 649 324
438 98 860 748 167 510 444 727 759 319 724 769 697 727 473 882 406 827 453 712 198 827 198 538 765 724 512 357 614 733 454 569 318 650 715 459 415 332 127 612 467 458 532 491 85 480 0 846 712 452 501 662 467 676 725 900 660 803 784 132 812 501 450 951 170 852 461 564
671 909 656 123 721 743 710 143 436 718 893 100 186 522 705 678 724 46 685 915 857 623 946 750 442 266 677 795 999 146 619 955 760 446 511 579 801 702 816 825 632 690 595 876 804 712 846 0 508 685 665 208 699 242 402 126 456 344 325 862 70 666 682 747 981 156 847 628
537 775 320 410 587 609 576 389 421 585 760 432 359 27 571 343 590 490 551 782 723 288 812 616 427 386 543 661 866 395 485 821 626 111 51 445 668 568 682 691 498 556 462 743 670 578 712 508 0 551 532 325 566 339 387 562 121 465 447 729 475 532 549 412 847 515 713 495
113 488 698 587 463 153 153 565 598 161 668 608 536 565 148 721 167 666 128 690 300 666 388 525 603 563 452 570 774 571 393 730 535 489 554 134 576 145 350 599 406 133 265 651 410 122 452 685 551 0 440 501 110 515 564 738 499 641 623 469 651 440 93 790 433 691 622 297
426 564 679 568 376 498 466 546 579 474 388 589 517 546 461 702 479 647 441 376 536 647 664 201 584 544 53 286 451 552 131 406 318 470 535 334 252 458 471 276 56 446 351 328 459 467 501 665 532 440 0 482 455 496 545 719 479 622 604 517 632 62 438 771 636 672 298 384
487 725 472 110 537 559 526 89 253 535 710 132 59 339 521 495 540 190 501 732 673 439 762 566 258 218 493 611 816 95 435 771 576 263 327 395 618 518 632 641 448 506 412 693 620 528 662 208 325 501 482 0 516 170 219 318 272 296 278 679 175 482 499 564 798 215 663 445
128 503 713 602 478 140 168 580 613 176 683 623 551 580 163 736 181 681 143 705 315 681 403 540 618 578 467 585 789 586 408 745 550 504 569 149 591 160 365 614 421 148 280 666 425 127 467 699 566 110 455 516 0 530 579 753 514 656 638 484 666 455 108 805 447 706 637 312
501 739 486 256 551 573 540 234 267 549 724 277 205 353 535 509 554 271 515 746 687 453 776 580 272 74 507 625 830 240 449 785 590 277 341 409 632 532 646 655 462 520 426 707 634 542 676 242 339 515 496 170 530 0 233 250 286 153 135 693 295 496 513 578 811 360 677 459
550 788 535 305 600 622 589 283 70 597 772 326 254 402 584 558 603 384 564 795 736 502 825 629 76 281 556 674 879 289 498 834 639 326 390 458 680 581 695 704 511 569 475 756 683 591 725 402 387 564 545 219 579 233 0 456 335 359 341 741 369 545 562 626 860 409 726 507
724 962 709 233 775 796 764 252 490 772 947 210 295 576 759 732 777 156 739 969 911 677 999 804 496 274 731 849 1053 255 672 1009 814 500 565 633 855 756 870 878 685 744 649 930 857 765 900 126 562 738 719 318 753 250 456 0 510 352 334 916 180 719 736 801 1035 265 901 682
485 723 236 358 535 557 524 337 369 532 707 379 307 135 519 258 538 437 499 729 671 203 760 564 374 334 491 609 814 343 433 769 574 59 123 393 615 516 630 639 446 504 410 691 618 526 660 456 121 499 479 272 514 286 335 510 0 413 394 676 422 480 496 327 795 462 661 442
627 866 612 382 678 699 667 361 393 675 850 404 331 479 662 635 680 373 642 872 814 580 902 707 399 105 634 752 956 367 575 912 717 403 468 536 758 659 773 781 588 647 552 833 760 668 803 344 465 641 622 296 656 153 359 352 413 0 48 819 397 623 639 704 938 483 804 585
609 847 594 364 659 681 648 342 375 656 832 385 313 461 643 617 662 355 623 854 795 561 884 688 380 87 615 733 938 348 557 893 698 385 449 517 739 640 754 763 570 628 534 815 742 650 784 325 447 623 604 278 638 135 341 334 394 48 0 801 379 604 621 686 919 464 785 567
455 82 876 764 184 527 460 743 775 335 740 786 713 743 489 899 422 844 469 729 215 843 183 554 781 740 529 373 630 749 470 585 335 667 731 475 431 348 143 628 483 474 548 507 102 496 132 862 729 469 517 679 484 693 741 916 676 819 801 0 829 517 467 968 155 869 477 581
637 875 622 90 687 709 676 109 403 684 860 67 152 489 671 645 690 58 651 882 823 589 912 716 408 319 643 761 966 112 585 921 726 413 477 545 767 668 782 791 598 656 562 843 770 678 812 70 475 651 632 175 666 295 369 180 422 397 379 829 0 632 649 714 947 122 813 595
427 564 680 568 376 499 466 546 579 474 376 589 517 546 461 702 480 647 441 364 536 647 664 189 584 544 94 274 439 552 119 394 306 470 535 335 241 458 471 264 98 446 351 316 459 468 501 666 532 440 62 482 455 496 545 719 480 623 604 517 632 0 438 771 636 672 286 384
111 486 696 585 461 142 151 563 596 159 666 606 533 563 146 719 164 664 126 688 298 664 386 523 601 561 450 567 772 569 391 727 533 487 551 132 574 143 348 597 404 131 262 649 408 120 450 682 549 93 438 499 108 513 562 736 496 639 621 467 649 438 0 788 430 689 620 295
776 1014 143 649 826 848 815 628 660 824 999 671 598 426 810 125 829 729 790 1021 962 289 1051 855 666 625 782 900 1105 634 724 1060 865 338 415 684 907 807 921 930 737 795 701 982 909 817 951 747 412 790 771 564 805 578 626 801 327 704 686 968 714 771 788 0 1086 754 952 734
419 98 995 883 302 491 424 862 894 299 859 905 832 862 453 1018 386 962 433 848 270 962 71 673 900 859 648 492 749 868 589 704 453 786 850 439 550 312 262 747 602 438 570 626 220 460 170 981 847 433 636 798 447 811 860 1035 795 938 919 155 947 636 430 1086 0 987 596 602
677 915 662 130 727 749 716 149 443 725 900 107 192 529 711 685 730 137 691 922 863 629 952 756 448 405 683 801 1006 152 625 961 766 453 517 585 808 708 822 831 638 696 602 883 810 718 852 156 515 691 672 215 706 360 409 265 462 483 464 869 122 672 689 754 987 0 853 635
608 524 861 749 336 680 647 728 760 616 294 770 698 727 642 883 661 828 622 282 496 828 624 142 765 725 330 138 180 733 301 135 170 651 716 516 93 629 431 182 328 627 533 57 419 649 461 847 713 622 298 663 637 677 726 901 661 804 785 477 813 286 620 952 596 853 0 565
283 627 642 530 439 355 323 509 541 331 612 552 479 509 318 665 336 610 298 634 470 609 558 469 547 506 395 513 718 515 337 673 478 433 497 192 520 315 520 543 350 303 62 595 522 324 564 628 495 297 384 445 312 459 507 682 442 585 567 581 595 384 295 734 602 635 565 0
EOF