NAME : tsp_problem
TYPE : TSP
DIMENSION : 62
EDGE_WEIGHT_TYPE : EXPLICIT
EDGE_WEIGHT_FORMAT : FULL_MATRIX
EDGE_WEIGHT_SECTION
0 383 699 617 338 726 778 333 355 381 344 391 645 706 665 274 674 526 542 614 651 42 455 683 597 200 838 846 134 583 880 355 620 665 438 303 539 627 152 357 134 567 820 171 467 783 793 398 823 87 516 681 198 689 360 584 413 669 776 647 386 388
383 0 598 516 154 625 677 149 171 602 125 45 692 605 564 264 693 554 409 513 550 398 322 582 645 205 738 745 407 583 779 136 519 564 305 577 538 526 509 138 490 434 719 236 481 683 692 265 722 443 516 580 314 588 176 632 194 568 675 646 50 169
699 598 0 149 588 257 309 583 605 704 559 606 794 439 399 698 795 656 843 347 384 679 756 416 747 639 572 579 671 685 412 570 353 398 739 678 640 158 779 572 761 868 553 670 583 315 526 699 354 714 618 88 748 422 610 734 436 402 307 748 601 460
617 516 149 0 506 134 186 501 523 622 477 524 712 357 317 616 713 574 761 265 302 597 674 334 665 557 490 497 589 603 289 488 271 316 657 596 558 47 697 490 679 786 471 588 501 192 444 617 231 632 536 130 666 340 528 652 354 320 185 666 519 378
338 154 588 506 0 614 667 42 64 592 115 162 682 595 554 220 683 544 365 503 540 354 277 572 635 161 727 735 362 573 769 126 509 554 260 566 528 516 464 128 446 389 709 192 471 672 682 221 712 399 505 570 270 578 69 622 184 557 665 636 157 159
726 625 257 134 614 0 200 609 632 731 586 633 821 466 425 725 821 683 870 374 410 705 782 443 774 666 598 606 698 711 302 597 380 425 765 705 667 146 806 599 787 894 580 697 610 206 553 726 245 740 644 239 775 449 637 761 462 428 198 775 628 486
778 677 309 186 667 200 0 661 684 783 638 685 873 518 477 777 874 735 922 426 463 757 834 495 826 718 650 658 750 764 142 649 432 477 817 757 719 198 858 651 839 947 632 749 662 52 605 778 85 792 696 291 827 501 689 813 515 481 54 827 680 538
333 149 583 501 42 609 661 0 59 587 110 157 677 590 549 215 677 539 359 498 534 348 272 567 630 155 722 730 357 567 764 121 504 549 255 561 523 511 459 123 441 384 703 186 466 667 677 216 706 393 500 564 264 572 64 617 179 552 659 631 152 154
355 171 605 523 64 632 684 59 0 609 132 179 699 612 571 237 700 561 382 520 557 371 294 589 652 178 744 752 379 590 786 143 526 571 277 583 545 533 481 145 463 406 726 209 488 689 699 238 729 416 523 587 287 595 86 639 201 575 682 653 174 176
381 602 704 622 592 731 783 587 609 0 563 610 295 711 670 621 324 220 847 619 656 361 760 688 248 548 844 851 353 335 885 574 625 670 743 112 235 632 461 576 443 872 825 519 161 789 798 703 828 395 268 686 545 694 614 235 440 674 781 379 605 464
344 125 559 477 115 586 638 110 132 563 0 134 654 566 526 225 654 515 370 474 511 359 283 543 606 166 699 706 368 544 740 25 480 525 266 538 500 487 470 27 452 395 680 197 442 644 653 226 683 404 477 541 275 549 137 593 155 529 636 608 128 130
391 45 606 524 162 633 685 157 179 610 134 0 701 613 573 273 701 562 417 522 558 406 330 591 654 213 746 753 415 591 787 145 528 572 313 585 547 534 517 146 499 442 727 244 489 691 701 274 730 452 524 588 322 596 184 641 202 576 683 655 47 177
645 692 794 712 682 821 873 677 699 295 654 701 0 801 761 793 88 234 937 710 746 624 850 779 80 733 934 941 617 205 975 665 716 760 833 376 249 722 725 666 706 962 915 764 251 879 889 794 918 659 260 776 809 784 704 78 530 764 871 142 696 554
706 605 439 357 595 466 518 590 612 711 566 613 801 0 287 705 802 663 850 236 272 686 762 305 754 646 178 242 678 692 620 577 242 287 746 685 647 367 786 579 768 875 151 677 590 523 211 706 563 720 625 421 755 302 617 741 443 290 516 755 608 467
665 564 399 317 554 425 477 549 571 670 526 573 761 287 0 665 761 622 809 88 105 645 722 264 714 605 419 427 637 651 580 537 201 44 705 645 607 326 745 538 727 834 401 636 549 483 374 666 522 680 584 380 714 270 576 701 402 47 475 715 568 426
274 264 698 616 220 725 777 215 237 621 225 273 793 705 665 0 793 654 424 613 650 289 336 682 745 96 838 845 298 683 879 237 619 664 320 543 639 626 400 238 381 449 819 127 581 783 792 280 822 334 616 680 205 688 242 732 294 668 775 747 267 269
674 693 795 713 683 821 874 677 700 324 654 701 88 802 761 793 0 255 938 710 746 654 850 779 110 734 934 942 647 140 976 665 716 761 834 406 239 723 755 667 736 963 916 765 281 879 889 794 919 689 194 777 839 785 705 107 531 764 872 76 696 555
526 554 656 574 544 683 735 539 561 220 515 562 234 663 622 654 255 0 799 571 608 506 711 640 187 595 795 803 498 145 837 526 577 622 695 257 44 584 606 528 588 824 777 626 132 740 750 655 780 541 78 638 691 646 566 174 392 626 733 208 557 416
542 409 843 761 365 870 922 359 382 847 370 417 937 850 809 424 938 799 0 758 795 558 170 827 890 365 983 990 566 828 1024 381 764 809 165 812 783 771 668 383 650 91 964 396 726 927 937 264 967 603 761 825 474 833 387 877 439 813 920 891 412 414
614 513 347 265 503 374 426 498 520 619 474 522 710 236 88 613 710 571 758 0 74 594 671 213 662 554 368 376 586 600 528 485 150 88 654 594 556 275 694 487 676 783 350 585 498 432 323 614 471 629 533 329 663 219 525 649 351 92 424 664 516 375
651 550 384 302 540 410 463 534 557 656 511 558 746 272 105 650 746 608 795 74 0 630 707 249 699 591 405 412 623 636 565 522 186 104 690 630 592 312 731 524 712 819 386 622 535 468 359 651 508 665 569 366 700 255 562 686 387 108 461 700 553 411
42 398 679 597 354 705 757 348 371 361 359 406 624 686 645 289 654 506 558 594 630 0 470 663 577 216 818 826 150 563 860 370 600 645 453 283 518 607 132 372 114 582 799 187 447 763 773 414 802 67 496 660 213 669 376 564 414 648 756 626 401 403
455 322 756 674 277 782 834 272 294 760 283 330 850 762 722 336 850 711 170 671 707 470 0 740 803 277 895 903 479 740 936 294 677 722 78 724 696 683 581 296 562 159 876 308 639 840 850 177 879 515 673 737 386 745 299 790 352 725 832 804 325 327
683 582 416 334 572 443 495 567 589 688 543 591 779 305 264 682 779 640 827 213 249 663 740 0 731 623 194 445 655 669 597 554 88 264 723 663 625 344 763 556 745 852 375 654 567 501 149 683 540 698 602 398 732 50 594 718 420 267 493 733 585 444
597 645 747 665 635 774 826 630 652 248 606 654 80 754 714 745 110 187 890 662 699 577 803 731 0 686 887 894 570 227 928 617 668 713 786 329 202 675 678 619 659 915 868 717 204 832 841 746 871 612 235 729 762 737 657 30 483 717 824 164 648 507
200 205 639 557 161 666 718 155 178 548 166 213 733 646 605 96 734 595 365 554 591 216 277 623 686 0 779 786 225 624 820 177 560 605 260 470 579 567 326 179 308 389 760 54 522 723 733 221 763 261 557 621 132 629 183 673 235 609 716 687 208 210
838 738 572 490 727 598 650 722 744 844 699 746 934 178 419 838 934 795 983 368 405 818 895 194 887 779 0 320 811 824 753 710 243 419 878 818 780 500 919 712 900 1007 229 809 723 656 82 839 695 853 757 553 887 173 749 874 575 423 649 888 741 599
846 745 579 497 735 606 658 730 752 851 706 753 941 242 427 845 942 803 990 376 412 826 903 445 894 786 320 0 818 832 760 717 382 427 886 826 788 507 926 719 908 1015 124 817 730 664 353 846 703 861 765 561 895 445 757 881 583 430 656 895 748 607
134 407 671 589 362 698 750 357 379 353 368 415 617 678 637 298 647 498 566 586 623 150 479 655 570 225 811 818 0 555 852 379 592 637 462 275 511 599 260 381 242 591 792 195 439 755 765 422 795 195 488 653 222 661 384 557 407 641 748 619 410 412
583 583 685 603 573 711 764 567 590 335 544 591 205 692 651 683 140 145 828 600 636 563 740 669 227 624 824 832 555 0 866 555 606 651 724 373 129 613 663 557 645 853 806 655 248 769 779 684 809 598 84 667 733 675 595 225 421 654 762 94 586 445
880 779 412 289 769 302 142 764 786 885 740 787 975 620 580 879 976 837 1024 528 565 860 936 597 928 820 753 760 852 866 0 751 534 579 920 859 821 301 960 753 942 1049 734 851 764 136 707 880 119 895 799 393 929 603 791 915 617 583 137 929 782 641
355 136 570 488 126 597 649 121 143 574 25 145 665 577 537 237 665 526 381 485 522 370 294 554 617 177 710 717 379 555 751 0 492 536 277 549 511 498 481 38 463 406 691 208 453 655 664 238 694 415 488 552 286 560 148 604 166 540 647 619 140 141
620 519 353 271 509 380 432 504 526 625 480 528 716 242 201 619 716 577 764 150 186 600 677 88 668 560 243 382 592 606 534 492 0 201 660 600 562 281 700 493 682 789 356 591 504 438 198 620 477 635 539 335 669 93 531 655 357 204 430 670 522 381
665 564 398 316 554 425 477 549 571 670 525 572 760 287 44 664 761 622 809 88 104 645 722 264 713 605 419 427 637 651 579 536 201 0 705 645 606 326 745 538 727 834 400 636 549 483 374 665 522 680 584 380 714 269 576 700 402 47 475 714 567 426
438 305 739 657 260 765 817 255 277 743 266 313 833 746 705 320 834 695 165 654 690 453 78 723 786 260 878 886 462 724 920 277 660 705 0 708 679 667 564 279 546 174 860 291 622 823 833 160 862 499 656 721 369 729 282 773 335 708 816 787 308 310
303 577 678 596 566 705 757 561 583 112 538 585 376 685 645 543 406 257 812 594 630 283 724 663 329 470 818 826 275 373 859 549 600 645 708 0 273 606 383 551 365 837 799 441 198 763 773 668 802 317 306 660 467 668 588 316 414 648 755 436 580 438
539 538 640 558 528 667 719 523 545 235 500 547 249 647 607 639 239 44 783 556 592 518 696 625 202 579 780 788 511 129 821 511 562 606 679 273 0 568 619 512 600 808 761 610 148 725 735 640 764 553 62 622 688 630 550 189 376 610 717 193 542 400
627 526 158 47 516 146 198 511 533 632 487 534 722 367 326 626 723 584 771 275 312 607 683 344 675 567 500 507 599 613 301 498 281 326 667 606 568 0 707 500 689 796 481 598 511 204 454 627 243 641 546 140 676 350 538 662 364 330 196 676 529 388
152 509 779 697 464 806 858 459 481 461 470 517 725 786 745 400 755 606 668 694 731 132 581 763 678 326 919 926 260 663 960 481 700 745 564 383 619 707 0 483 88 693 900 297 547 863 873 524 903 138 596 761 246 769 486 665 515 749 856 727 512 514
357 138 572 490 128 599 651 123 145 576 27 146 666 579 538 238 667 528 383 487 524 372 296 556 619 179 712 719 381 557 753 38 493 538 279 551 512 500 483 0 464 408 693 210 455 656 666 239 696 417 490 554 288 562 150 606 168 542 649 620 141 143
134 490 761 679 446 787 839 441 463 443 452 499 706 768 727 381 736 588 650 676 712 114 562 745 659 308 900 908 242 645 942 463 682 727 546 365 600 689 88 464 0 675 882 279 529 845 855 506 884 120 578 742 261 751 468 646 496 730 838 708 493 495
567 434 868 786 389 894 947 384 406 872 395 442 962 875 834 449 963 824 91 783 819 582 159 852 915 389 1007 1015 591 853 1049 406 789 834 174 837 808 796 693 408 675 0 989 420 751 952 962 289 991 628 785 850 498 858 411 902 464 837 945 916 437 439
820 719 553 471 709 580 632 703 726 825 680 727 915 151 401 819 916 777 964 350 386 799 876 375 868 760 229 124 792 806 734 691 356 400 860 799 761 481 900 693 882 989 0 791 704 637 262 820 677 834 738 535 869 354 731 855 557 404 630 869 722 581
171 236 670 588 192 697 749 186 209 519 197 244 764 677 636 127 765 626 396 585 622 187 308 654 717 54 809 817 195 655 851 208 591 636 291 441 610 598 297 210 279 420 791 0 553 754 764 252 794 232 588 652 103 660 214 704 266 640 747 718 239 241
467 481 583 501 471 610 662 466 488 161 442 489 251 590 549 581 281 132 726 498 535 447 639 567 204 522 723 730 439 248 764 453 504 549 622 198 148 511 547 455 529 751 704 553 0 667 677 582 707 482 181 565 631 573 493 191 319 553 660 311 484 343
783 683 315 192 672 206 52 667 689 789 644 691 879 523 483 783 879 740 927 432 468 763 840 501 832 723 656 664 755 769 136 655 438 483 823 763 725 204 863 656 845 952 637 754 667 0 611 784 78 798 702 297 832 506 694 819 520 486 48 833 686 544
793 692 526 444 682 553 605 677 699 798 653 701 889 211 374 792 889 750 937 323 359 773 850 149 841 733 82 353 765 779 707 664 198 374 833 773 735 454 873 666 855 962 262 764 677 611 0 793 650 808 712 508 842 128 704 828 530 377 603 843 695 554
398 265 699 617 221 726 778 216 238 703 226 274 794 706 666 280 794 655 264 614 651 414 177 683 746 221 839 846 422 684 880 238 620 665 160 668 640 627 524 239 506 289 820 252 582 784 793 0 823 459 617 681 330 689 243 733 295 669 776 748 268 270
823 722 354 231 712 245 85 706 729 828 683 730 918 563 522 822 919 780 967 471 508 802 879 540 871 763 695 703 795 809 119 694 477 522 862 802 764 243 903 696 884 991 677 794 707 78 650 823 0 837 741 336 872 546 734 858 560 526 80 872 725 583
87 443 714 632 399 740 792 393 416 395 404 452 659 720 680 334 689 541 603 629 665 67 515 698 612 261 853 861 195 598 895 415 635 680 499 317 553 641 138 417 120 628 834 232 482 798 808 459 837 0 530 695 258 703 421 599 449 683 790 661 446 448
516 516 618 536 505 644 696 500 523 268 477 524 260 625 584 616 194 78 761 533 569 496 673 602 235 557 757 765 488 84 799 488 539 584 656 306 62 546 596 490 578 785 738 588 181 702 712 617 741 530 0 599 666 608 528 222 353 587 694 148 519 377
681 580 88 130 570 239 291 564 587 686 541 588 776 421 380 680 777 638 825 329 366 660 737 398 729 621 553 561 653 667 393 552 335 380 721 660 622 140 761 554 742 850 535 652 565 297 508 681 336 695 599 0 730 404 592 716 418 384 289 730 583 441
198 314 748 666 270 775 827 264 287 545 275 322 809 755 714 205 839 691 474 663 700 213 386 732 762 132 887 895 222 733 929 286 669 714 369 467 688 676 246 288 261 498 869 103 631 832 842 330 872 258 666 730 0 738 292 749 344 718 825 796 317 319
689 588 422 340 578 449 501 572 595 694 549 596 784 302 270 688 785 646 833 219 255 669 745 50 737 629 173 445 661 675 603 560 93 269 729 668 630 350 769 562 751 858 354 660 573 506 128 689 546 703 608 404 738 0 600 724 426 273 499 738 591 450
360 176 610 528 69 637 689 64 86 614 137 184 704 617 576 242 705 566 387 525 562 376 299 594 657 183 749 757 384 595 791 148 531 576 282 588 550 538 486 150 468 411 731 214 493 694 704 243 734 421 528 592 292 600 0 644 206 580 687 658 179 181
584 632 734 652 622 761 813 617 639 235 593 641 78 741 701 732 107 174 877 649 686 564 790 718 30 673 874 881 557 225 915 604 655 700 773 316 189 662 665 606 646 902 855 704 191 819 828 733 858 599 222 716 749 724 644 0 470 704 811 162 635 494
413 194 436 354 184 462 515 179 201 440 155 202 530 443 402 294 531 392 439 351 387 414 352 420 483 235 575 583 407 421 617 166 357 402 335 414 376 364 515 168 496 464 557 266 319 520 530 295 560 449 353 418 344 426 206 470 0 405 513 484 197 56
669 568 402 320 557 428 481 552 575 674 529 576 764 290 47 668 764 626 813 92 108 648 725 267 717 609 423 430 641 654 583 540 204 47 708 648 610 330 749 542 730 837 404 640 553 486 377 669 526 683 587 384 718 273 580 704 405 0 479 718 571 429
776 675 307 185 665 198 54 659 682 781 636 683 871 516 475 775 872 733 920 424 461 756 832 493 824 716 649 656 748 762 137 647 430 475 816 755 717 196 856 649 838 945 630 747 660 48 603 776 80 790 694 289 825 499 687 811 513 479 0 825 678 537
647 646 748 666 636 775 827 631 653 379 608 655 142 755 715 747 76 208 891 664 700 626 804 733 164 687 888 895 619 94 929 619 670 714 787 436 193 676 727 620 708 916 869 718 311 833 843 748 872 661 148 730 796 738 658 162 484 718 825 0 650 508
386 50 601 519 157 628 680 152 174 605 128 47 696 608 568 267 696 557 412 516 553 401 325 585 648 208 741 748 410 586 782 140 522 567 308 580 542 529 512 141 493 437 722 239 484 686 695 268 725 446 519 583 317 591 179 635 197 571 678 650 0 172
388 169 460 378 159 486 538 154 176 464 130 177 554 467 426 269 555 416 414 375 411 403 327 444 507 210 599 607 412 445 641 141 381 426 310 438 400 388 514 143 495 439 581 241 343 544 554 270 583 448 377 441 319 450 181 494 56 429 537 508 172 0
EOF