NAME : tsp_problem
TYPE : TSP
DIMENSION : 82
EDGE_WEIGHT_TYPE : EXPLICIT
EDGE_WEIGHT_FORMAT : FULL_MATRIX
EDGE_WEIGHT_SECTION
0 712 902 856 320 335 402 347 885 1121 589 1049 343 799 343 463 581 848 537 649 1152 441 793 528 280 811 614 954 999 959 628 993 644 501 957 908 1012 1103 342 332 185 445 784 778 66 852 1007 386 452 856 326 282 995 900 1029 694 840 1019 920 777 821 298 846 477 764 485 393 772 300 777 1001 817 853 702 484 791 745 847 314 286 864 399
712 0 856 811 660 752 683 684 839 1076 240 655 759 490 609 557 203 803 355 278 1107 609 485 339 466 766 133 909 953 913 116 947 298 254 911 862 966 1058 759 598 553 612 476 105 704 807 961 402 293 810 743 699 949 854 983 649 794 625 874 434 776 448 800 575 456 542 639 430 566 340 956 423 807 88 271 448 309 802 653 460 819 816
902 856 0 292 672 768 651 652 439 675 733 871 775 621 583 525 725 283 681 743 706 577 615 672 708 115 758 79 124 513 772 317 764 645 511 343 137 657 775 596 742 581 606 846 894 112 561 604 596 291 759 715 191 454 353 248 394 841 474 599 257 690 105 544 586 510 608 594 623 609 126 639 88 846 628 613 641 84 669 702 76 822
856 811 292 0 626 723 606 607 393 630 687 825 730 575 538 480 680 238 636 698 661 531 570 627 663 201 712 341 386 467 727 159 718 600 465 298 399 612 730 550 697 535 561 801 849 242 515 558 550 246 714 669 204 408 195 203 348 795 429 553 211 645 236 498 541 464 562 549 578 563 388 594 242 801 582 567 595 237 624 656 254 777
320 660 672 626 0 185 104 49 655 892 537 819 192 569 118 237 529 618 485 597 923 142 564 476 228 581 562 724 769 729 576 763 592 449 727 678 782 874 191 107 214 146 555 726 312 623 777 334 400 626 175 131 765 670 799 464 610 789 690 547 592 246 616 251 535 200 94 543 116 557 771 587 623 650 432 561 589 618 58 234 635 248
335 752 768 723 185 0 259 212 751 988 629 916 37 665 210 330 621 715 578 690 1019 305 660 568 320 678 654 821 866 825 669 860 684 541 824 775 879 970 37 199 229 309 651 818 328 719 873 427 492 723 42 101 862 767 895 561 706 886 787 644 688 338 712 344 631 352 257 639 208 654 868 684 719 743 524 657 685 714 178 326 731 88
402 683 651 606 104 259 0 84 634 871 560 798 260 548 200 250 552 598 508 621 902 122 543 499 310 561 585 704 748 708 599 742 615 472 707 657 762 853 268 188 296 125 534 749 394 602 756 416 423 606 257 213 744 649 778 444 589 769 670 527 571 328 595 269 514 179 74 522 198 536 751 567 602 673 455 540 568 597 117 316 614 204
347 684 652 607 49 212 84 0 635 872 561 799 219 549 145 251 553 599 509 621 903 123 544 500 255 562 586 705 749 709 600 743 616 473 707 658 762 854 218 133 241 126 535 750 339 603 757 361 424 606 202 158 745 650 779 445 590 770 671 528 572 273 596 270 515 180 74 523 143 537 752 568 603 674 456 541 569 598 62 261 615 255
885 839 439 393 655 751 634 635 0 457 716 854 759 604 566 509 708 385 665 726 488 560 598 655 691 348 741 491 536 294 756 530 747 628 292 445 549 439 758 579 725 564 589 829 877 389 342 587 579 393 742 698 532 235 566 231 66 824 256 582 358 673 383 527 569 493 591 577 607 592 538 622 390 829 611 596 624 385 653 685 401 805
1121 1076 675 630 892 988 871 872 457 0 952 1090 995 840 803 745 945 622 901 963 78 796 835 892 928 585 977 728 773 293 992 767 983 865 197 682 786 65 995 816 962 800 826 1066 1114 626 162 823 816 630 979 934 769 255 802 468 412 1061 217 819 595 910 619 763 806 730 827 814 843 828 775 859 626 1066 848 832 860 621 889 921 638 1042
589 240 733 687 537 629 560 561 716 952 0 543 636 378 486 434 109 679 151 101 983 485 373 132 343 642 141 785 830 790 156 824 95 131 788 739 843 934 636 475 429 489 364 269 581 683 838 278 170 687 620 575 826 731 860 525 671 513 751 322 652 325 677 452 344 418 516 318 443 228 832 311 684 230 147 336 197 679 530 336 695 692
1049 655 871 825 819 916 798 799 854 1090 543 0 923 436 730 673 618 817 614 473 1121 724 431 596 845 780 651 923 968 928 666 962 493 640 926 877 981 1072 922 743 889 728 422 576 1041 821 976 751 672 825 906 862 964 869 998 663 809 104 889 380 790 828 815 691 401 657 755 375 771 339 970 257 822 663 657 393 370 817 817 839 833 969
343 759 775 730 192 37 260 219 759 995 636 923 0 673 217 337 628 722 585 697 1026 313 667 576 328 685 661 828 873 833 676 867 691 549 831 782 886 977 44 206 237 316 658 825 335 726 880 434 499 730 49 108 869 774 902 568 714 893 794 651 695 345 720 351 638 359 264 646 215 661 875 691 726 750 531 665 693 721 185 333 738 89
799 490 621 575 569 665 548 549 604 840 378 436 673 0 480 422 454 567 450 308 871 474 180 431 605 530 486 673 718 678 501 712 329 476 676 627 731 822 672 493 639 478 108 411 791 571 725 501 493 575 656 612 714 619 747 413 559 406 639 164 540 587 565 441 151 407 505 159 520 174 720 204 571 498 492 178 206 566 566 599 583 719
343 609 583 538 118 210 200 145 566 803 486 730 217 480 0 144 478 530 435 547 834 234 475 425 178 493 511 636 680 640 526 674 541 399 638 589 694 785 217 56 184 238 466 675 336 534 688 284 349 538 201 156 676 581 710 376 521 701 602 459 503 195 527 158 446 167 190 454 65 468 683 499 534 600 381 472 500 529 111 183 546 274
463 557 525 480 237 330 250 251 509 745 434 673 337 422 144 0 426 472 383 495 776 176 417 373 297 435 459 578 623 582 474 617 489 346 581 532 636 727 336 157 303 180 408 623 455 476 630 305 297 480 320 276 619 524 652 318 463 643 544 401 445 315 469 49 388 109 207 396 185 411 625 441 476 547 329 414 442 471 231 303 488 393
581 203 725 680 529 621 552 553 708 945 109 618 628 454 478 426 0 671 224 176 976 478 448 208 335 634 105 777 822 782 119 816 171 123 780 731 835 927 628 467 421 481 439 269 573 676 830 270 162 679 612 567 818 723 852 517 663 589 743 398 645 317 669 444 419 411 508 393 435 304 824 387 676 193 139 411 272 671 522 329 688 685
848 803 283 238 618 715 598 599 385 622 679 817 722 567 530 472 671 0 628 690 653 523 562 619 654 193 704 336 381 459 719 375 710 592 457 84 394 604 721 542 689 527 553 793 840 234 507 550 542 36 705 661 377 400 410 195 340 787 420 545 76 637 228 490 533 456 554 541 570 555 383 585 234 793 574 559 587 229 616 648 246 769
537 355 681 636 485 578 508 509 665 901 151 614 585 450 435 383 224 628 0 172 932 434 444 51 291 591 257 734 779 739 271 773 167 144 737 688 792 883 584 423 378 438 435 341 530 632 786 227 118 636 568 524 775 680 808 474 620 585 700 394 601 274 626 401 415 367 465 389 392 300 781 383 632 345 127 407 268 627 479 285 644 641
649 278 743 698 597 690 621 621 726 963 101 473 697 308 547 495 176 690 172 0 994 546 303 153 403 653 209 796 840 800 224 834 51 198 798 749 853 945 696 536 490 550 294 199 642 694 848 339 230 697 680 636 836 741 870 536 681 443 761 252 663 386 687 513 274 479 577 248 504 158 842 241 694 286 215 266 127 689 591 397 706 753
1152 1107 706 661 923 1019 902 903 488 78 983 1121 1026 871 834 776 976 653 932 994 0 827 866 923 959 616 1008 759 803 324 1023 797 1014 896 228 713 817 96 1026 846 993 831 857 1097 1145 657 193 854 847 661 1010 965 799 286 833 499 443 1092 248 850 626 941 650 794 837 760 858 845 874 859 806 890 657 1097 879 863 891 652 920 952 669 1073
441 609 577 531 142 305 122 123 560 796 485 724 313 474 234 176 478 523 434 546 827 0 469 425 349 486 510 629 674 634 525 668 540 398 632 583 687 778 312 227 335 31 460 674 433 527 682 356 348 531 296 252 670 575 704 369 515 694 595 452 496 366 521 194 439 105 78 448 236 462 676 492 528 599 380 466 494 523 156 354 539 293
793 485 615 570 564 660 543 544 598 835 373 431 667 180 475 417 448 562 444 303 866 469 0 426 600 525 481 668 712 672 496 706 324 471 671 622 726 817 667 488 634 472 166 406 786 566 720 495 488 570 651 606 708 613 742 408 553 401 634 159 535 582 559 435 59 402 499 154 515 169 715 199 566 493 487 172 200 561 561 593 578 714
528 339 672 627 476 568 499 500 655 892 132 596 576 431 425 373 208 619 51 153 923 425 426 0 282 582 241 725 769 729 255 763 148 135 727 678 782 874 575 414 369 429 417 322 520 623 777 218 109 626 559 515 765 670 799 465 610 566 691 375 592 264 616 391 396 358 455 370 382 281 772 364 623 329 117 388 250 618 469 276 635 632
280 466 708 663 228 320 310 255 691 928 343 845 328 605 178 297 335 654 291 403 959 349 600 282 0 617 368 760 805 765 382 799 398 255 763 714 818 910 327 166 121 353 591 532 272 659 813 140 206 662 311 267 801 706 835 500 646 816 726 583 628 52 652 311 571 319 301 579 134 531 807 614 659 456 238 597 500 654 222 41 671 384
811 766 115 201 581 678 561 562 348 585 642 780 685 530 493 435 634 193 591 653 616 486 525 582 617 0 667 168 212 422 682 338 673 555 420 253 225 567 684 505 652 490 516 756 803 66 470 513 505 201 668 624 279 363 373 158 303 750 384 508 166 600 59 453 496 419 517 504 533 518 215 549 66 756 537 522 550 61 579 611 78 732
614 133 758 712 562 654 585 586 741 977 141 651 661 486 511 459 105 704 257 209 1008 510 481 241 368 667 0 810 855 815 120 849 203 156 813 764 868 959 661 500 454 514 472 199 606 708 863 303 195 712 645 600 851 756 885 550 696 621 776 430 677 350 702 477 452 443 541 426 468 337 857 420 709 124 172 444 305 704 555 361 720 717
954 909 79 341 724 821 704 705 491 728 785 923 828 673 636 578 777 336 734 796 759 629 668 725 760 168 810 0 71 565 825 306 816 698 563 396 84 710 827 648 795 633 659 899 946 164 613 656 648 344 811 767 180 506 342 301 446 893 527 651 309 743 158 596 639 562 660 647 676 661 74 692 141 899 680 665 693 136 722 754 128 875
999 953 124 386 769 866 748 749 536 773 830 968 873 718 680 623 822 381 779 840 803 674 712 769 805 212 855 71 0 610 870 351 861 742 608 440 46 754 872 693 839 678 704 944 991 209 658 701 693 389 856 812 224 551 387 345 491 938 571 696 354 787 202 641 683 607 705 692 721 706 64 736 185 944 725 710 738 181 767 799 173 919
959 913 513 467 729 825 708 709 294 293 790 928 833 678 640 582 782 459 739 800 324 634 672 729 765 422 815 565 610 0 830 604 821 702 129 519 623 275 832 653 799 638 663 903 951 463 178 661 653 467 816 772 606 93 640 305 249 898 92 656 432 747 457 601 643 567 665 651 680 666 612 696 464 903 685 670 698 459 727 759 475 879
628 116 772 727 576 669 599 600 756 992 156 666 676 501 526 474 119 719 271 224 1023 525 496 255 382 682 120 825 870 830 0 864 218 170 828 779 883 974 675 515 469 529 487 182 621 723 877 318 209 727 659 615 866 771 899 565 711 636 791 445 692 365 717 492 467 458 556 441 483 351 872 434 723 106 187 459 320 718 570 376 735 732
993 947 317 159 763 860 742 743 530 767 824 962 867 712 674 617 816 375 773 834 797 668 706 763 799 338 849 306 351 604 864 0 855 736 602 434 364 748 866 687 833 672 698 938 985 379 652 695 687 383 850 806 169 545 68 339 485 932 565 690 348 781 372 635 677 601 699 686 715 700 353 730 378 938 719 704 732 374 761 793 366 913
644 298 764 718 592 684 615 616 747 983 95 493 691 329 541 489 171 710 167 51 1014 540 324 148 398 673 203 816 861 821 218 855 0 193 819 770 874 965 691 530 484 544 315 220 636 714 869 333 225 718 675 630 857 762 891 556 702 464 782 273 683 380 708 507 294 473 571 268 498 179 863 262 715 292 209 286 148 710 585 391 726 747
501 254 645 600 449 541 472 473 628 865 131 640 549 476 399 346 123 592 144 198 896 398 471 135 255 555 156 698 742 702 170 736 193 0 700 651 756 847 548 387 342 402 462 320 493 596 750 191 82 600 532 488 738 643 772 438 583 611 664 420 565 237 589 365 441 331 429 415 355 326 745 409 596 244 60 433 294 591 443 249 608 605
957 911 511 465 727 824 707 707 292 197 788 926 831 676 638 581 780 457 737 798 228 632 671 727 763 420 813 563 608 129 828 602 819 700 0 517 621 179 830 651 797 636 662 902 949 462 82 659 651 465 814 770 604 91 638 303 247 896 53 654 431 746 455 599 641 565 663 650 679 664 610 694 462 902 683 668 696 457 725 757 474 877
908 862 343 298 678 775 657 658 445 682 739 877 782 627 589 532 731 84 688 749 713 583 622 678 714 253 764 396 440 519 779 434 770 651 517 0 454 663 781 602 748 587 613 853 900 294 567 610 602 76 765 721 436 460 470 254 400 847 480 605 136 696 287 550 592 516 614 601 630 615 443 645 294 853 634 619 647 289 676 708 306 828
1012 966 137 399 782 879 762 762 549 786 843 981 886 731 694 636 835 394 792 853 817 687 726 782 818 225 868 84 46 623 883 364 874 756 621 454 0 768 885 706 853 691 717 957 1004 222 671 714 706 402 869 825 237 564 400 358 504 951 584 709 367 801 215 654 696 620 718 705 734 719 77 749 198 957 738 723 751 194 780 812 186 933
1103 1058 657 612 874 970 853 854 439 65 934 1072 977 822 785 727 927 604 883 945 96 778 817 874 910 567 959 710 754 275 974 748 965 847 179 663 768 0 977 797 944 782 808 1048 1096 608 144 805 798 612 961 916 750 237 784 450 394 1042 199 800 577 892 601 745 788 711 809 796 825 810 757 841 608 1048 829 814 842 603 871 903 620 1024
342 759 775 730 191 37 268 218 758 995 636 922 44 672 217 336 628 721 584 696 1026 312 667 575 327 684 661 827 872 832 675 866 691 548 830 781 885 977 0 206 236 316 658 825 334 726 880 433 499 729 49 107 868 773 902 567 713 892 793 650 695 345 719 350 638 359 264 646 215 660 874 690 726 749 531 664 692 721 185 333 738 97
332 598 596 550 107 199 188 133 579 816 475 743 206 493 56 157 467 542 423 536 846 227 488 414 166 505 500 648 693 653 515 687 530 387 651 602 706 797 206 0 173 231 479 664 324 546 701 273 338 550 189 145 689 594 723 388 534 713 614 471 516 184 540 171 458 179 179 467 54 481 695 511 547 588 370 485 513 542 100 172 558 262
185 553 742 697 214 229 296 241 725 962 429 889 237 639 184 303 421 689 378 490 993 335 634 369 121 652 454 795 839 799 469 833 484 342 797 748 853 944 236 173 0 339 625 618 178 693 847 227 292 697 220 176 835 740 869 535 680 860 761 618 662 138 686 317 605 326 287 613 141 618 842 658 693 543 324 631 586 688 208 126 705 293
445 612 581 535 146 309 125 126 564 800 489 728 316 478 238 180 481 527 438 550 831 31 472 429 353 490 514 633 678 638 529 672 544 402 636 587 691 782 316 231 339 0 463 678 437 531 686 360 352 535 300 255 674 579 708 373 519 698 599 456 500 370 525 198 443 109 82 452 240 466 680 496 532 603 384 470 498 527 160 358 543 296
784 476 606 561 555 651 534 535 589 826 364 422 658 108 466 408 439 553 435 294 857 460 166 417 591 516 472 659 704 663 487 698 315 462 662 613 717 808 658 479 625 463 0 397 777 557 711 486 479 561 642 597 700 605 733 399 544 392 625 150 526 573 550 426 137 393 490 145 506 160 706 190 557 484 478 163 191 552 552 585 569 705
778 105 846 801 726 818 749 750 829 1066 269 576 825 411 675 623 269 793 341 199 1097 674 406 322 532 756 199 899 944 903 182 938 220 320 902 853 957 1048 825 664 618 678 397 0 770 797 951 467 359 801 809 764 940 845 973 639 784 546 865 355 766 514 790 641 377 607 705 351 632 262 946 345 797 113 336 369 230 792 719 526 809 881
66 704 894 849 312 328 394 339 877 1114 581 1041 335 791 336 455 573 840 530 642 1145 433 786 520 272 803 606 946 991 951 621 985 636 493 949 900 1004 1096 334 324 178 437 777 770 0 845 999 379 444 848 318 274 987 892 1021 686 832 1011 912 769 814 290 838 469 757 478 385 765 293 769 993 809 845 695 476 783 738 840 306 278 857 391
852 807 112 242 623 719 602 603 389 626 683 821 726 571 534 476 676 234 632 694 657 527 566 623 659 66 708 164 209 463 723 379 714 596 462 294 222 608 726 546 693 531 557 797 845 0 511 554 547 242 710 665 275 404 415 199 344 792 425 550 207 641 27 494 537 461 558 545 574 559 211 590 63 797 579 563 591 58 620 652 74 773
1007 961 561 515 777 873 756 757 342 162 838 976 880 725 688 630 830 507 786 848 193 682 720 777 813 470 863 613 658 178 877 652 869 750 82 567 671 144 880 701 847 686 711 951 999 511 0 709 701 515 864 819 654 141 688 353 297 946 103 704 480 795 505 648 691 615 713 699 728 714 660 744 511 951 733 717 745 506 774 807 523 927
386 402 604 558 334 427 416 361 587 823 278 751 434 501 284 305 270 550 227 339 854 356 495 218 140 513 303 656 701 661 318 695 333 191 659 610 714 805 433 273 227 360 486 467 379 554 709 0 141 558 417 373 697 602 731 396 542 721 622 479 523 123 548 323 466 289 387 474 241 467 703 519 555 392 173 493 435 549 328 134 566 490
452 293 596 550 400 492 423 424 579 816 170 672 499 493 349 297 162 542 118 230 847 348 488 109 206 505 195 648 693 653 209 687 225 82 651 602 706 798 499 338 292 352 479 359 444 547 701 141 0 550 483 438 689 594 723 388 534 643 614 452 516 188 540 315 459 282 379 447 306 358 695 441 547 283 65 465 326 542 393 200 559 555
856 810 291 246 626 723 606 606 393 630 687 825 730 575 538 480 679 36 636 697 661 531 570 626 662 201 712 344 389 467 727 383 718 600 465 76 402 612 729 550 697 535 561 801 848 242 515 558 550 0 713 669 385 408 418 202 348 795 428 553 84 645 235 498 540 464 562 549 578 563 391 593 242 801 582 567 595 237 624 656 254 777
326 743 759 714 175 42 257 202 742 979 620 906 49 656 201 320 612 705 568 680 1010 296 651 559 311 668 645 811 856 816 659 850 675 532 814 765 869 961 49 189 220 300 642 809 318 710 864 417 483 713 0 91 852 757 886 551 697 876 777 634 679 329 703 334 622 343 248 630 199 644 858 674 710 733 515 648 676 705 169 317 722 105
282 699 715 669 131 101 213 158 698 934 575 862 108 612 156 276 567 661 524 636 965 252 606 515 267 624 600 767 812 772 615 806 630 488 770 721 825 916 107 145 176 255 597 764 274 665 819 373 438 669 91 0 808 713 842 507 653 832 733 590 634 284 659 290 577 298 204 585 154 600 814 630 665 689 470 604 632 660 124 272 677 164
995 949 191 204 765 862 744 745 532 769 826 964 869 714 676 619 818 377 775 836 799 670 708 765 801 279 851 180 224 606 866 169 857 738 604 436 237 750 868 689 835 674 700 940 987 275 654 697 689 385 852 808 0 547 204 341 487 934 567 692 350 783 269 637 679 603 701 688 717 702 227 732 252 940 721 706 734 247 763 795 240 915
900 854 454 408 670 767 649 650 235 255 731 869 774 619 581 524 723 400 680 741 286 575 613 670 706 363 756 506 551 93 771 545 762 643 91 460 564 237 773 594 740 579 605 845 892 404 141 602 594 408 757 713 547 0 581 246 190 839 54 597 374 688 398 542 584 508 606 593 622 607 553 637 405 845 626 611 639 400 668 700 416 820
1029 983 353 195 799 895 778 779 566 802 860 998 902 747 710 652 852 410 808 870 833 704 742 799 835 373 885 342 387 640 899 68 891 772 638 470 400 784 902 723 869 708 733 973 1021 415 688 731 723 418 886 842 204 581 0 375 521 968 601 726 384 817 408 671 713 637 735 721 750 736 389 766 414 973 755 739 768 410 796 829 402 949
694 649 248 203 464 561 444 445 231 468 525 663 568 413 376 318 517 195 474 536 499 369 408 465 500 158 550 301 345 305 565 339 556 438 303 254 358 450 567 388 535 373 399 639 686 199 353 396 388 202 551 507 341 246 375 0 186 633 267 391 168 483 192 336 379 302 400 387 416 401 348 432 199 639 420 405 433 194 462 494 211 615
840 794 394 348 610 706 589 590 66 412 671 809 714 559 521 463 663 340 620 681 443 515 553 610 646 303 696 446 491 249 711 485 702 583 247 400 504 394 713 534 680 519 544 784 832 344 297 542 534 348 697 653 487 190 521 186 0 779 211 537 313 628 338 482 524 448 546 532 561 547 493 577 345 784 566 551 579 340 608 640 356 760
1019 625 841 795 789 886 769 770 824 1061 513 104 893 406 701 643 589 787 585 443 1092 694 401 566 816 750 621 893 938 898 636 932 464 611 896 847 951 1042 892 713 860 698 392 546 1011 792 946 721 643 795 876 832 934 839 968 633 779 0 859 350 761 798 785 661 372 627 725 346 741 309 940 227 792 633 627 364 341 787 787 809 804 940
920 874 474 429 690 787 670 671 256 217 751 889 794 639 602 544 743 420 700 761 248 595 634 691 726 384 776 527 571 92 791 565 782 664 53 480 584 199 793 614 761 599 625 865 912 425 103 622 614 428 777 733 567 54 601 267 211 859 0 617 394 709 418 562 605 528 626 613 642 627 573 657 425 865 646 631 659 420 688 720 437 841
777 434 599 553 547 644 527 528 582 819 322 380 651 164 459 401 398 545 394 252 850 452 159 375 583 508 430 651 696 656 445 690 273 420 654 605 709 800 650 471 618 456 150 355 769 550 704 479 452 553 634 590 692 597 726 391 537 350 617 0 519 566 543 419 130 385 483 41 499 118 698 148 550 442 436 59 150 545 545 577 562 698
821 776 257 211 592 688 571 572 358 595 652 790 695 540 503 445 645 76 601 663 626 496 535 592 628 166 677 309 354 432 692 348 683 565 431 136 367 577 695 516 662 500 526 766 814 207 480 523 516 84 679 634 350 374 384 168 313 761 394 519 0 610 201 463 506 430 527 514 543 528 356 559 208 766 548 532 560 203 589 621 219 742
298 448 690 645 246 338 328 273 673 910 325 828 345 587 195 315 317 637 274 386 941 366 582 264 52 600 350 743 787 747 365 781 380 237 746 696 801 892 345 184 138 370 573 514 290 641 795 123 188 645 329 284 783 688 817 483 628 798 709 566 610 0 634 329 553 337 318 561 152 513 790 596 641 439 220 579 482 636 239 45 653 401
846 800 105 236 616 712 595 596 383 619 677 815 720 565 527 469 669 228 626 687 650 521 559 616 652 59 702 158 202 457 717 372 708 589 455 287 215 601 719 540 686 525 550 790 838 27 505 548 540 235 703 659 269 398 408 192 338 785 418 543 201 634 0 488 530 454 552 538 567 553 205 583 56 790 572 557 585 51 614 646 68 766
477 575 544 498 251 344 269 270 527 763 452 691 351 441 158 49 444 490 401 513 794 194 435 391 311 453 477 596 641 601 492 635 507 365 599 550 654 745 350 171 317 198 426 641 469 494 648 323 315 498 334 290 637 542 671 336 482 661 562 419 463 329 488 0 406 127 225 414 199 429 643 459 494 566 347 433 461 489 245 317 506 407
764 456 586 541 535 631 514 515 569 806 344 401 638 151 446 388 419 533 415 274 837 439 59 396 571 496 452 639 683 643 467 677 294 441 641 592 696 788 638 458 605 443 137 377 757 537 691 466 459 540 622 577 679 584 713 379 524 372 605 130 506 553 530 406 0 373 470 125 486 139 686 170 537 464 458 143 171 532 532 564 549 685
485 542 510 464 200 352 179 180 493 730 418 657 359 407 167 109 411 456 367 479 760 105 402 358 319 419 443 562 607 567 458 601 473 331 565 516 620 711 359 179 326 109 393 607 478 461 615 289 282 464 343 298 603 508 637 302 448 627 528 385 430 337 454 127 373 0 136 381 207 395 609 425 461 532 313 399 427 456 213 325 472 350
393 639 608 562 94 257 74 74 591 827 516 755 264 505 190 207 508 554 465 577 858 78 499 455 301 517 541 660 705 665 556 699 571 429 663 614 718 809 264 179 287 82 490 705 385 558 713 387 379 562 248 204 701 606 735 400 546 725 626 483 527 318 552 225 470 136 0 478 188 493 707 523 558 630 411 497 525 553 108 306 570 245
772 430 594 549 543 639 522 523 577 814 318 375 646 159 454 396 393 541 389 248 845 448 154 370 579 504 426 647 692 651 441 686 268 415 650 601 705 796 646 467 613 452 145 351 765 545 699 474 447 549 630 585 688 593 721 387 532 346 613 41 514 561 538 414 125 381 478 0 494 113 694 144 545 438 432 55 145 540 540 573 557 693
300 566 623 578 116 208 198 143 607 843 443 771 215 520 65 185 435 570 392 504 874 236 515 382 134 533 468 676 721 680 483 715 498 355 679 630 734 825 215 54 141 240 506 632 293 574 728 241 306 578 199 154 717 622 750 416 561 741 642 499 543 152 567 199 486 207 188 494 0 509 723 539 574 556 338 512 540 569 109 140 586 271
777 340 609 563 557 654 536 537 592 828 228 339 661 174 468 411 304 555 300 158 859 462 169 281 531 518 337 661 706 666 351 700 179 326 664 615 719 810 660 481 618 466 160 262 769 559 714 467 358 563 644 600 702 607 736 401 547 309 627 118 528 513 553 429 139 395 493 113 509 0 708 107 560 349 343 131 56 555 555 525 571 707
1001 956 126 388 771 868 751 752 538 775 832 970 875 720 683 625 824 383 781 842 806 676 715 772 807 215 857 74 64 612 872 353 863 745 610 443 77 757 874 695 842 680 706 946 993 211 660 703 695 391 858 814 227 553 389 348 493 940 573 698 356 790 205 643 686 609 707 694 723 708 0 738 188 946 727 712 740 183 769 801 175 922
817 423 639 594 587 684 567 568 622 859 311 257 691 204 499 441 387 585 383 241 890 492 199 364 614 549 420 692 736 696 434 730 262 409 694 645 749 841 690 511 658 496 190 345 809 590 744 519 441 593 674 630 732 637 766 432 577 227 657 148 559 596 583 459 170 425 523 144 539 107 738 0 590 432 425 162 139 585 585 608 602 738
853 807 88 242 623 719 602 603 390 626 684 822 726 571 534 476 676 234 632 694 657 528 566 623 659 66 709 141 185 464 723 378 715 596 462 294 198 608 726 547 693 532 557 797 845 63 511 555 547 242 710 665 252 405 414 199 345 792 425 550 208 641 56 494 537 461 558 545 574 560 188 590 0 797 579 563 591 47 620 653 60 773
702 88 846 801 650 743 673 674 829 1066 230 663 750 498 600 547 193 793 345 286 1097 599 493 329 456 756 124 899 944 903 106 938 292 244 902 853 957 1048 749 588 543 603 484 113 695 797 951 392 283 801 733 689 940 845 973 639 784 633 865 442 766 439 790 566 464 532 630 438 556 349 946 432 797 0 261 456 317 792 644 450 809 806
484 271 628 582 432 524 455 456 611 848 147 657 531 492 381 329 139 574 127 215 879 380 487 117 238 537 172 680 725 685 187 719 209 60 683 634 738 829 531 370 324 384 478 336 476 579 733 173 65 582 515 470 721 626 755 420 566 627 646 436 548 220 572 347 458 313 411 432 338 343 727 425 579 261 0 450 311 574 425 232 590 587
791 448 613 567 561 657 540 541 596 832 336 393 665 178 472 414 411 559 407 266 863 466 172 388 597 522 444 665 710 670 459 704 286 433 668 619 723 814 664 485 631 470 163 369 783 563 717 493 465 567 648 604 706 611 739 405 551 364 631 59 532 579 557 433 143 399 497 55 512 131 712 162 563 456 450 0 163 558 558 591 575 711
745 309 641 595 589 685 568 569 624 860 197 370 693 206 500 442 272 587 268 127 891 494 200 250 500 550 305 693 738 698 320 732 148 294 696 647 751 842 692 513 586 498 191 230 738 591 745 435 326 595 676 632 734 639 768 433 579 341 659 150 560 482 585 461 171 427 525 145 540 56 740 139 591 317 311 163 0 586 586 493 603 739
847 802 84 237 618 714 597 598 385 621 679 817 721 566 529 471 671 229 627 689 652 523 561 618 654 61 704 136 181 459 718 374 710 591 457 289 194 603 721 542 688 527 552 792 840 58 506 549 542 237 705 660 247 400 410 194 340 787 420 545 203 636 51 489 532 456 553 540 569 555 183 585 47 792 574 558 586 0 615 648 56 768
314 653 669 624 58 178 117 62 653 889 530 817 185 566 111 231 522 616 479 591 920 156 561 469 222 579 555 722 767 727 570 761 585 443 725 676 780 871 185 100 208 160 552 719 306 620 774 328 393 624 169 124 763 668 796 462 608 787 688 545 589 239 614 245 532 213 108 540 109 555 769 585 620 644 425 558 586 615 0 227 632 242
286 460 702 656 234 326 316 261 685 921 336 839 333 599 183 303 329 648 285 397 952 354 593 276 41 611 361 754 799 759 376 793 391 249 757 708 812 903 333 172 126 358 585 526 278 652 807 134 200 656 317 272 795 700 829 494 640 809 720 577 621 45 646 317 564 325 306 573 140 525 801 608 653 450 232 591 493 648 227 0 664 389
864 819 76 254 635 731 614 615 401 638 695 833 738 583 546 488 688 246 644 706 669 539 578 635 671 78 720 128 173 475 735 366 726 608 474 306 186 620 738 558 705 543 569 809 857 74 523 566 559 254 722 677 240 416 402 211 356 804 437 562 219 653 68 506 549 472 570 557 586 571 175 602 60 809 590 575 603 56 632 664 0 785
399 816 822 777 248 88 204 255 805 1042 692 969 89 719 274 393 685 769 641 753 1073 293 714 632 384 732 717 875 919 879 732 913 747 605 877 828 933 1024 97 262 293 296 705 881 391 773 927 490 555 777 105 164 915 820 949 615 760 940 841 698 742 401 766 407 685 350 245 693 271 707 922 738 773 806 587 711 739 768 242 389 785 0
EOF