NAME : tsp_problem
TYPE : TSP
DIMENSION : 32
EDGE_WEIGHT_TYPE : EXPLICIT
EDGE_WEIGHT_FORMAT : FULL_MATRIX
EDGE_WEIGHT_SECTION
0 950 1158 1689 1185 821 981 634 943 965 256 1338 386 2522 1052 1884 1736 651 1207 1859 426 1880 717 2369 978 1533 1055 1517 987 1886 1251 1385
950 0 259 2120 552 560 1412 1063 354 375 731 1768 815 2112 295 1251 2167 1080 574 1227 711 1248 1013 1901 388 1964 445 1947 1418 1253 618 1816
1158 259 0 2328 712 720 1620 1271 568 589 940 1977 1024 2272 455 1411 2375 1288 734 1386 919 1407 1228 2061 602 2172 604 2156 1626 1413 778 2024
1689 2120 2328 0 2355 1991 742 1796 2114 2135 1529 388 1548 1333 2222 1744 71 1332 2377 1720 1699 1736 1613 1180 2148 460 2226 478 1097 1732 2421 631
1185 552 712 2355 0 523 1647 1298 861 883 967 2004 1051 1820 606 960 2402 1315 38 935 946 956 1383 1609 896 2199 353 2183 1653 962 208 2051
821 560 720 1991 523 0 1283 934 608 630 602 1639 686 2083 613 1222 2038 951 545 1197 582 1218 1019 1872 643 1835 379 1818 1289 1224 588 1687
981 1412 1620 742 1647 1283 0 1087 1405 1427 821 390 840 1575 1514 1987 789 624 1669 1962 991 1978 905 1422 1440 586 1517 569 579 1975 1713 438
634 1063 1271 1796 1298 934 1087 0 1056 1078 473 1444 327 2629 1165 1997 1842 738 1320 1972 643 1993 832 2475 1091 1639 1168 1623 1093 1999 1364 1492
943 354 568 2114 861 608 1405 1056 0 147 725 1762 809 2421 603 1560 2160 1074 883 1535 704 1556 1007 2210 160 1957 753 1941 1411 1562 927 1809
965 375 589 2135 883 630 1427 1078 147 0 746 1784 831 2443 625 1582 2182 1095 905 1557 726 1578 1029 2231 34 1979 775 1963 1433 1584 948 1831
256 731 940 1529 967 602 821 473 725 746 0 1178 226 2362 833 1666 1576 491 989 1641 198 1662 557 2209 759 1373 837 1357 827 1668 1032 1225
1338 1768 1977 388 2004 1639 390 1444 1762 1784 1178 0 1197 1221 1870 1633 438 980 2026 1608 1347 1624 1261 1068 1797 313 1874 330 745 1620 2069 486
386 815 1024 1548 1051 686 840 327 809 831 226 1197 0 2381 917 1750 1595 490 1073 1725 396 1746 584 2228 844 1392 921 1376 846 1752 1116 1244
2504 2093 2253 1314 1802 2064 1556 2610 2402 2424 2344 1202 2363 0 2147 904 1354 2146 1824 880 2487 895 2427 639 2437 1242 1895 1259 1911 892 1867 1415
1052 295 455 2222 606 613 1514 1165 603 625 833 1870 917 2166 0 1305 2269 1182 628 1280 813 1301 1250 1955 638 2066 498 2049 1520 1307 671 1918
1894 1261 1421 1754 969 1232 1996 2007 1570 1591 1675 1642 1760 932 1315 0 1794 2024 992 50 1655 68 2092 721 1605 1682 1062 1699 2351 74 1035 1855
1736 2167 2375 71 2402 2038 789 1842 2160 2182 1576 438 1595 1373 2269 1785 0 1379 2424 1760 1746 1776 1660 1220 2195 511 2272 528 1148 1773 2468 579
651 1080 1288 1332 1315 951 624 738 1074 1095 491 980 490 2165 1182 2015 1379 0 1338 1990 660 2011 574 2012 1108 1176 1186 1159 629 2017 1381 1028
1207 574 734 2377 38 545 1669 1320 883 905 989 2026 1073 1843 628 982 2424 1338 0 957 968 978 1405 1631 918 2221 376 2205 1675 984 230 2073
1869 1236 1396 1730 945 1207 1972 1982 1545 1567 1651 1618 1735 908 1290 50 1770 2000 967 0 1630 43 2067 697 1580 1658 1038 1675 2327 49 1010 1831
426 711 919 1699 946 582 991 643 704 726 198 1347 396 2506 813 1645 1746 660 968 1620 0 1641 726 2295 739 1542 816 1526 996 1647 1011 1395
1890 1257 1417 1745 966 1228 1987 2003 1566 1588 1672 1633 1756 924 1311 68 1786 2021 988 43 1651 0 2088 712 1601 1673 1059 1690 2343 65 1031 1846
717 1013 1228 1613 1383 1019 905 832 1007 1029 557 1261 584 2446 1250 2082 1660 574 1405 2057 726 2078 0 2293 1042 1457 1253 1440 578 2084 1448 1309
2359 1911 2071 1169 1619 1881 1412 2465 2219 2241 2199 1058 2218 667 1964 721 1210 2002 1641 697 2304 712 2282 0 2254 1097 1712 1115 1767 709 1685 1270
978 388 602 2148 896 643 1440 1091 160 34 759 1797 844 2456 638 1595 2195 1108 918 1570 739 1591 1042 2244 0 1992 788 1976 1446 1597 961 1844
1533 1964 2172 460 2199 1835 586 1639 1957 1979 1373 313 1392 1261 2066 1672 511 1176 2221 1648 1542 1664 1457 1108 1992 0 2069 58 941 1660 2265 681
1055 445 604 2226 353 379 1517 1168 753 775 837 1874 921 1913 498 1053 2272 1186 376 1028 816 1049 1253 1702 788 2069 0 2053 1523 1055 419 1921
1517 1947 2156 478 2183 1818 569 1623 1941 1963 1357 330 1376 1278 2049 1690 528 1159 2205 1665 1526 1681 1440 1125 1976 58 2053 0 925 1677 2248 665
987 1418 1626 1085 1653 1289 579 1093 1411 1433 827 734 846 1918 1520 2330 1136 629 1675 2305 996 2321 578 1765 1446 929 1523 913 0 2318 1718 791
1896 1263 1423 1742 971 1234 1984 2009 1572 1593 1677 1630 1762 920 1317 74 1782 2026 993 49 1657 65 2094 709 1606 1670 1064 1687 2339 0 1037 1843
1251 618 778 2421 208 588 1713 1364 927 948 1032 2069 1116 1886 671 1025 2468 1381 230 1000 1011 1021 1448 1675 961 2265 419 2248 1718 1027 0 2117
1385 1816 2024 631 2051 1687 438 1492 1809 1831 1225 486 1244 1434 1918 1845 579 1028 2073 1821 1395 1836 1309 1280 1844 681 1922 665 803 1833 2117 0
EOF