NAME : tsp_problem
TYPE : TSP
DIMENSION : 24
EDGE_WEIGHT_TYPE : EXPLICIT
EDGE_WEIGHT_FORMAT : FULL_MATRIX
EDGE_WEIGHT_SECTION
0 280 275 206 363 542 1023 750 763 881 775 248 900 805 671 405 130 724 328 966 1078 885 944 762
280 0 116 441 149 282 763 489 503 621 514 90 639 544 411 395 364 877 342 705 818 625 684 501
275 116 0 436 159 292 773 499 513 631 524 85 649 554 420 404 359 872 352 715 828 635 693 511
206 441 436 0 524 703 1115 911 924 1042 936 409 1061 966 832 596 103 801 519 1126 1190 1046 1105 923
363 149 159 524 0 201 682 408 422 540 433 173 558 463 330 314 448 961 261 624 737 544 602 420
542 282 292 703 201 0 500 227 240 358 252 314 377 282 148 297 627 1139 245 442 555 362 421 239
1023 762 772 1144 681 500 0 518 531 369 542 795 355 246 519 778 1067 1620 725 288 176 395 363 610
750 489 499 911 408 227 518 0 32 376 44 522 394 300 246 505 834 1347 452 460 573 380 439 337
763 503 513 924 422 240 532 32 0 390 44 536 408 313 260 518 848 1361 466 474 587 393 452 350
881 620 630 1042 539 358 369 375 389 0 400 653 35 165 377 635 965 1478 583 101 219 136 195 468
775 514 524 936 433 252 543 44 44 401 0 547 419 324 271 529 859 1372 477 485 598 405 464 362
248 90 85 409 173 314 796 522 536 654 547 0 672 577 443 427 332 845 375 738 851 657 716 534
899 638 648 1060 557 376 355 394 407 35 419 671 0 184 395 654 983 1496 601 87 206 155 214 486
804 544 554 965 463 281 246 299 313 165 324 577 184 0 301 559 889 1402 507 249 293 169 228 391
671 411 420 832 330 148 520 246 260 378 271 443 396 301 0 426 755 1268 374 462 575 382 440 111
405 395 404 596 314 297 778 505 518 636 529 427 654 560 426 0 520 1085 102 720 833 640 699 516
130 364 359 103 448 627 1039 834 848 966 859 332 984 889 755 520 0 724 443 1050 1114 970 1028 846
724 877 872 801 961 1139 1621 1347 1361 1479 1372 845 1497 1402 1268 1085 724 0 1008 1563 1676 1482 1541 1359
328 342 352 519 261 245 726 452 466 584 477 375 602 507 374 102 443 1008 0 668 781 588 647 464
965 704 714 1126 623 442 288 460 473 101 484 737 87 249 461 720 1049 1562 667 0 139 221 147 552
1078 817 827 1219 736 555 176 572 586 219 597 850 206 293 574 832 1142 1675 780 139 0 292 213 665
885 624 634 1046 543 362 395 379 393 136 404 657 155 169 381 639 969 1482 587 221 292 0 94 471
943 683 693 1104 602 420 363 438 452 195 463 716 214 228 440 698 1028 1541 646 147 213 94 0 530
762 501 511 923 420 239 610 337 350 468 362 534 487 392 111 516 846 1359 464 552 665 472 531 0
EOF