NAME : tsp_problem
TYPE : TSP
DIMENSION : 24
EDGE_WEIGHT_TYPE : EXPLICIT
EDGE_WEIGHT_FORMAT : FULL_MATRIX
EDGE_WEIGHT_SECTION
0 1624 743 1821 679 492 702 353 823 905 292 368 451 416 380 1268 1066 1891 746 665 844 845 1683 584
1591 0 996 592 1126 1418 1096 1572 981 878 1519 1595 1458 1634 1598 468 761 662 1044 1200 949 1084 454 1510
743 996 0 1103 359 446 382 774 346 242 547 623 486 817 801 550 348 1173 408 345 314 448 965 538
1822 592 1103 0 1270 1525 1241 1853 1125 1022 1625 1701 1564 1895 1879 574 966 130 1188 1344 1094 1228 149 1617
679 1137 359 1270 0 382 62 711 184 266 483 559 422 753 737 717 463 1340 106 114 205 194 1132 475
492 1418 446 1525 382 0 405 524 527 609 296 372 235 566 550 971 769 1594 449 368 547 549 1386 115
702 1108 382 1241 62 405 0 733 155 237 506 582 445 776 760 688 433 1310 77 137 175 229 1102 497
353 1604 774 1852 710 523 733 0 855 937 323 364 482 143 54 1299 1057 1922 777 696 875 877 1714 615
824 993 346 1125 184 527 155 855 0 122 628 704 567 898 882 572 318 1195 103 259 60 122 987 619
906 889 242 1022 266 609 237 937 122 0 709 786 649 980 964 469 215 1092 184 340 90 224 884 701
309 1491 519 1597 455 268 478 340 599 681 0 189 227 383 367 1044 842 1667 522 441 620 622 1459 360
368 1594 622 1701 559 371 581 364 703 785 171 0 331 264 391 1148 946 1770 625 545 724 725 1562 464
452 1458 486 1564 422 235 445 483 567 649 255 331 0 525 509 1011 809 1634 489 408 587 589 1426 327
416 1667 816 1895 753 565 775 143 897 979 365 264 525 0 170 1342 1120 1964 819 738 918 919 1756 658
380 1631 800 1879 737 550 759 54 881 963 349 391 509 170 0 1326 1084 1949 803 723 902 903 1741 642
1269 468 550 574 717 971 688 1300 572 469 1072 1148 1011 1342 1326 0 413 644 635 791 541 675 436 1064
1048 773 348 966 463 769 433 1028 318 215 870 946 809 1091 1055 413 0 1036 381 537 286 421 828 862
1891 662 1173 130 1340 1594 1310 1923 1195 1092 1695 1771 1634 1965 1949 644 1036 0 1258 1414 1163 1298 219 1686
746 1055 408 1188 106 449 77 777 103 184 550 626 489 820 804 635 381 1258 0 181 123 205 1050 541
665 1211 345 1344 114 368 137 697 259 340 469 545 408 739 723 791 537 1414 181 0 279 281 1206 461
844 961 314 1094 205 547 175 876 60 90 648 724 587 918 902 541 286 1163 123 279 0 163 955 640
846 1095 448 1228 194 549 229 877 122 224 650 726 589 920 904 675 421 1298 205 281 163 0 1089 641
1683 454 965 149 1132 1386 1102 1715 987 884 1487 1563 1426 1757 1741 436 828 219 1050 1206 955 1089 0 1478
584 1510 538 1617 475 115 497 616 619 701 388 464 327 658 642 1064 862 1686 541 461 640 641 1478 0
EOF