NAME : tsp_problem
TYPE : TSP
DIMENSION : 30
EDGE_WEIGHT_TYPE : EXPLICIT
EDGE_WEIGHT_FORMAT : FULL_MATRIX
EDGE_WEIGHT_SECTION
0 783 779 507 157 257 199 669 886 175 944 588 555 507 199 521 326 918 192 940 663 493 424 597 574 547 563 799 1229 1058
796 0 1146 702 886 612 758 1135 1307 637 1364 1099 1066 1018 614 822 680 1339 784 422 1174 907 935 1108 875 1057 1073 1167 1348 883
779 1147 0 520 787 829 949 826 315 784 372 745 712 664 760 1088 898 347 942 1304 820 811 581 412 809 308 719 69 789 863
507 702 520 0 637 337 584 768 680 349 737 687 654 606 325 907 406 712 534 859 762 496 523 686 751 485 662 540 750 578
157 886 787 637 0 389 180 677 894 306 952 596 563 515 330 503 458 926 174 1066 671 574 432 605 555 555 571 807 1359 1188
220 612 829 337 351 0 270 808 989 265 1047 727 694 646 242 592 91 1021 219 769 802 535 563 736 645 685 701 849 1059 887
199 758 949 585 180 335 0 687 1056 252 1113 727 695 646 276 375 403 1088 78 938 802 571 594 767 427 716 702 969 1307 1135
669 1135 826 768 677 802 687 0 933 674 991 247 153 235 651 564 870 965 713 1315 322 701 444 641 288 594 222 846 1407 1318
886 1307 315 680 894 989 1056 933 0 891 227 852 820 771 868 1195 1058 72 1049 1465 927 919 688 504 916 415 827 335 643 1024
175 669 784 394 306 144 252 674 891 0 949 593 561 512 85 574 212 923 245 826 668 402 429 603 627 552 568 804 1116 945
944 1365 372 737 952 1047 1113 991 227 949 0 910 877 829 925 1253 1116 186 1107 1522 985 976 746 561 974 473 884 393 480 927
588 1100 745 687 596 721 727 247 852 593 910 0 134 154 570 604 789 884 751 1257 106 621 363 561 325 513 71 765 1326 1237
555 1067 712 654 563 688 695 153 820 561 877 134 0 121 537 572 757 851 719 1224 209 588 331 528 293 480 109 733 1294 1205
507 1019 664 606 515 640 646 235 771 512 829 154 121 0 489 523 708 803 670 1176 229 540 282 480 244 432 128 684 1245 1156
199 693 760 393 330 168 276 651 868 85 925 570 537 489 0 598 236 900 269 850 645 379 406 579 634 528 545 781 1115 943
521 822 1088 907 503 594 375 564 1195 574 1253 604 572 523 598 0 607 1227 401 1003 679 893 706 904 304 856 579 1108 1629 1457
152 812 903 537 283 287 202 793 1011 205 1068 713 680 632 229 524 0 1042 151 970 788 523 548 722 577 671 687 924 1259 1088
918 1339 347 712 926 1021 1088 965 72 923 186 884 851 803 900 1227 1090 0 1081 1496 959 950 720 536 948 447 859 367 602 1048
192 784 942 578 174 328 78 713 1049 245 1107 751 719 670 269 401 397 1081 0 965 826 564 587 761 453 710 726 962 1300 1128
953 422 1304 859 1066 769 938 1315 1464 795 1522 1256 1223 1175 771 1003 837 1496 965 0 1331 1065 1092 1266 1055 1215 1231 1324 1505 926
663 1175 820 762 671 796 802 322 927 668 985 106 209 229 645 679 864 959 826 1332 0 696 438 636 400 588 146 840 1401 1312
541 887 912 474 671 515 619 802 1019 450 1077 721 689 640 427 941 584 1051 612 1044 796 0 557 731 785 680 696 932 1196 1025
424 936 581 523 432 557 594 444 688 429 746 363 331 282 406 706 625 720 587 1093 438 456 0 355 427 349 338 601 1162 1073
597 1109 412 686 605 730 767 641 504 603 561 561 528 480 579 904 799 536 761 1267 636 630 355 0 625 363 535 433 978 1030
574 875 809 751 555 646 427 288 916 627 974 325 293 244 634 304 659 948 453 1055 400 685 427 625 0 577 300 829 1390 1302
547 1058 308 485 555 679 716 594 415 552 473 513 480 432 528 856 748 447 710 1216 588 579 349 363 577 0 487 328 889 829
563 1074 719 662 571 695 702 222 827 568 884 71 109 128 545 579 764 859 726 1232 146 595 338 535 300 487 0 740 1301 1212
799 1167 69 540 807 849 969 846 335 804 393 765 733 684 781 1108 918 367 962 1325 840 832 601 433 829 328 740 0 809 884
1229 1348 789 749 1359 1059 1306 1407 643 1071 480 1326 1294 1245 1047 1628 1128 602 1255 1505 1401 1218 1162 978 1390 889 1301 809 0 634
1062 883 863 602 1192 892 1139 1323 1023 903 927 1242 1209 1161 880 1461 960 1048 1088 926 1317 1050 1078 1029 1306 828 1216 883 634 0
EOF