NAME : tsp_problem
TYPE : TSP
DIMENSION : 36
EDGE_WEIGHT_TYPE : EXPLICIT
EDGE_WEIGHT_FORMAT : FULL_MATRIX
EDGE_WEIGHT_SECTION
0 1308 505 600 518 905 1307 1435 1010 917 1062 1316 389 978 682 657 347 602 1009 1308 752 694 487 992 344 1213 934 45 1112 584 399 732 1147 1253 1130 1026
1307 0 911 841 922 527 811 607 635 517 279 360 1501 424 756 887 1515 936 423 237 664 748 893 617 1135 284 556 1321 243 760 1061 788 241 296 317 526
505 911 0 203 507 740 1242 1038 854 520 665 919 698 608 752 260 712 205 649 911 817 665 45 836 332 816 770 518 715 187 615 335 750 856 733 842
600 841 203 0 520 671 1173 969 785 451 596 849 793 539 683 82 808 174 580 842 748 595 185 767 427 746 700 614 646 118 668 266 680 786 664 773
518 922 507 520 0 613 1084 1049 727 536 677 930 772 531 463 577 730 604 563 922 529 247 489 709 346 827 642 531 726 438 319 467 761 867 744 715
905 527 740 671 613 0 565 621 153 497 311 715 1159 316 301 728 1117 779 273 495 209 440 723 135 889 400 79 919 439 590 606 618 437 651 349 169
1306 811 1242 1173 1084 565 0 242 449 848 610 998 1560 755 702 1230 1518 1280 753 615 610 910 1224 487 1359 571 562 1320 738 1091 1008 1119 735 935 541 567
1435 607 1038 969 1049 621 242 0 505 644 406 794 1628 551 837 1026 1643 1076 550 411 745 875 1020 543 1262 367 618 1449 534 887 1143 915 531 731 337 498
1010 635 854 785 727 153 449 505 0 610 425 823 1264 430 406 842 1222 892 387 481 314 553 836 75 1002 386 150 1024 553 703 711 731 550 760 356 155
917 517 520 451 536 497 848 644 610 0 271 525 1110 214 557 508 1125 558 255 517 622 539 503 592 744 422 526 931 321 369 684 398 356 462 339 501
1062 279 665 596 677 311 610 406 425 271 0 466 1255 179 522 653 1270 703 207 279 448 504 648 407 889 184 341 1076 191 514 825 543 188 403 101 316
1316 360 919 834 930 715 998 794 823 525 466 0 1455 432 776 774 1470 822 473 425 841 757 901 805 1143 471 744 1329 292 768 1078 711 327 151 504 714
389 1562 759 854 772 1159 1561 1689 1264 1171 1316 1570 0 1232 936 911 164 856 1263 1562 1006 948 741 1246 463 1467 1188 402 1366 838 653 986 1401 1507 1384 1280
978 424 608 539 531 316 755 551 430 214 179 432 1198 0 377 596 1190 646 74 424 442 358 590 412 807 329 345 992 228 457 679 485 263 369 246 321
663 799 795 726 444 344 746 881 449 601 565 819 917 420 0 783 875 833 451 792 191 334 778 432 719 696 374 676 615 644 364 673 650 756 622 465
657 899 260 82 577 728 1230 1026 842 508 653 907 746 596 740 0 761 114 637 899 805 653 243 824 485 804 758 671 703 175 725 323 738 844 721 830
347 1520 717 812 730 1117 1519 1647 1222 1129 1274 1528 164 1190 894 869 0 814 1221 1520 964 906 699 1204 421 1425 1146 360 1324 796 611 944 1359 1465 1342 1238
602 949 205 241 604 779 1280 1076 892 558 703 957 702 646 790 298 716 0 687 949 855 703 187 874 429 854 808 615 753 225 712 373 788 894 771 880
1009 423 649 580 563 273 753 550 387 255 207 473 1239 74 408 637 1221 687 0 423 410 389 631 369 838 328 302 1023 269 498 710 526 304 410 245 278
1308 237 911 842 922 495 615 411 481 517 279 425 1501 424 748 899 1516 949 423 0 656 749 893 464 1135 130 492 1322 253 760 1054 789 251 362 210 372
752 664 817 748 529 209 610 745 314 622 448 841 1006 442 148 805 964 855 410 656 0 356 800 296 805 561 238 766 576 666 453 695 574 778 486 330
694 748 665 595 247 440 910 875 553 539 504 757 948 358 291 653 906 703 389 749 356 0 647 536 523 653 469 707 553 514 395 542 588 694 571 542
487 893 45 185 489 723 1224 1020 836 503 648 901 680 590 734 243 695 187 631 893 800 647 0 819 314 798 752 501 697 170 598 318 732 838 715 825
992 617 836 767 709 135 487 543 75 592 407 805 1246 412 388 824 1204 874 369 464 296 536 819 0 984 368 132 1006 535 685 694 714 532 742 338 137
344 1135 332 427 346 889 1359 1262 1002 744 889 1143 463 807 738 485 421 429 838 1135 805 523 314 984 0 1040 918 358 939 411 455 559 974 1080 957 991
1212 284 816 746 827 400 571 367 386 422 184 471 1406 329 653 804 1420 854 328 130 561 653 798 368 1040 0 397 1226 300 665 958 693 297 408 115 277
934 556 770 700 642 79 562 618 150 526 341 744 1188 345 330 758 1146 808 302 492 238 469 752 132 918 397 0 948 468 619 636 647 466 681 367 166
45 1321 518 614 531 919 1320 1449 1024 931 1076 1329 402 992 696 671 360 615 1023 1322 766 707 501 1006 358 1226 948 0 1126 598 412 746 1160 1266 1144 1040
1112 243 715 646 726 439 738 534 553 321 191 292 1305 228 572 703 1320 753 269 253 576 553 697 535 939 300 468 1126 0 564 874 593 51 229 229 444
584 760 187 118 438 590 1091 887 703 369 514 768 777 457 601 175 792 225 498 760 666 514 170 685 411 665 619 598 564 0 586 184 599 705 582 691
399 1061 615 668 319 607 1008 1143 711 684 825 1078 653 679 383 725 611 712 710 1054 453 395 598 694 455 958 636 412 874 586 0 615 909 1015 884 727
732 788 335 248 467 618 1119 915 731 398 543 796 869 485 629 187 884 236 526 789 695 542 318 714 559 693 647 746 593 184 615 0 627 733 610 720
1147 241 750 680 761 437 735 531 550 356 188 327 1340 263 606 738 1355 788 304 251 574 588 732 532 974 297 466 1160 51 599 909 627 0 264 226 441
1253 296 856 771 867 651 935 731 760 462 403 151 1392 369 712 710 1407 759 410 362 778 694 838 742 1080 408 681 1266 229 705 1015 648 264 0 441 651
1130 317 733 664 744 349 541 337 356 339 101 504 1323 246 578 721 1338 771 245 210 486 571 715 338 957 115 367 1144 229 582 884 610 226 441 0 247
1026 526 842 773 715 169 567 498 155 501 316 714 1280 321 422 830 1238 880 278 372 330 542 825 137 991 277 166 1040 444 691 727 720 441 651 247 0
EOF