NAME : tsp_problem
TYPE : TSP
DIMENSION : 68
EDGE_WEIGHT_TYPE : EXPLICIT
EDGE_WEIGHT_FORMAT : FULL_MATRIX
EDGE_WEIGHT_SECTION
0 963 756 339 1217 870 689 488 1351 339 504 1208 628 544 825 843 629 1171 501 1113 833 61 989 584 1016 317 177 310 847 1055 653 352 1200 1009 496 487 659 272 1122 1507 478 493 506 475 778 339 524 903 1395 1373 413 535 459 1463 1149 630 900 409 637 486 1011 1155 441 1296 1480 485 1210 638
963 0 310 1084 396 130 390 1237 446 1084 1253 387 453 539 504 528 364 267 1250 390 518 930 210 787 293 872 950 816 548 151 462 640 379 545 1245 1037 465 796 497 701 636 1043 804 1026 232 1082 1075 344 523 603 964 493 626 558 245 397 351 604 403 1235 190 251 618 392 576 1036 389 547
756 310 0 877 564 217 183 1030 698 877 1046 555 246 404 620 644 157 518 1043 589 634 723 409 585 492 665 744 614 341 403 513 433 547 740 1038 831 519 594 692 952 434 836 602 819 125 875 868 473 775 855 757 286 424 810 496 190 470 397 196 1028 358 503 416 643 827 829 557 340
339 1089 882 0 1343 995 815 265 1477 44 359 1334 754 670 862 880 755 1297 356 1223 870 306 1115 621 1142 241 196 436 810 1181 779 478 1326 1050 351 371 785 398 1223 1548 604 377 544 359 904 42 408 1029 1349 1413 378 661 585 1589 1275 756 1026 502 763 341 1137 1281 567 1422 1561 369 1336 764
1217 396 564 1285 0 384 644 1440 716 1285 1484 37 707 793 759 783 619 547 1481 670 773 1184 495 1041 578 1075 1205 1070 603 436 716 894 43 830 1476 1292 720 1051 777 971 890 1298 1059 1281 486 1283 1330 612 428 873 1218 747 881 504 421 651 609 859 657 1466 280 447 872 472 846 1291 39 714
870 130 217 991 384 0 297 1144 518 991 1160 375 360 518 493 517 271 339 1157 410 507 837 229 699 312 779 857 727 455 223 450 547 367 564 1152 944 453 708 516 772 548 950 716 933 139 989 982 346 595 675 871 400 538 630 316 304 343 511 310 1142 178 323 530 464 648 943 377 454
689 390 183 810 644 297 0 963 778 810 979 635 179 337 553 577 90 598 976 616 567 656 489 518 519 598 677 547 199 482 446 366 627 673 971 764 452 527 625 1032 367 770 535 752 205 808 801 406 747 931 690 219 357 890 576 123 403 330 129 961 438 582 349 723 907 762 637 273
488 1237 1030 265 1491 1144 963 0 1562 265 176 1482 900 817 871 889 903 1446 177 1232 879 455 1253 630 1280 418 345 584 988 1330 926 626 1474 1059 167 379 932 546 1232 1556 751 385 552 368 1052 263 417 1176 1527 1422 387 809 732 1737 1423 905 1173 679 911 187 1285 1430 714 1571 1570 378 1484 913
1351 446 698 1472 716 518 778 1562 0 1472 1578 707 841 926 766 790 752 262 1575 469 780 1318 449 1051 452 1260 1339 1203 936 339 849 1028 699 548 1570 1363 852 1183 473 331 1023 1369 1068 1351 620 1470 1401 583 624 197 1289 881 1014 308 324 785 589 992 791 1561 578 331 1005 277 299 1362 709 935
339 1089 882 44 1344 996 815 265 1477 0 360 1334 754 671 863 881 756 1298 356 1224 871 306 1115 622 1142 241 197 436 810 1182 780 478 1327 1051 352 371 786 399 1224 1548 604 377 544 360 904 42 409 1030 1350 1414 379 661 585 1589 1276 757 1027 502 763 342 1137 1282 567 1423 1562 370 1336 765
504 1253 1046 359 1508 1160 979 176 1579 360 0 1499 917 833 887 905 920 1462 49 1248 895 471 1270 646 1297 435 361 600 1004 1346 942 642 1491 1075 40 395 948 563 1248 1572 767 401 568 384 1068 360 433 1192 1543 1438 403 825 748 1753 1440 921 1189 696 928 59 1301 1446 730 1587 1586 394 1501 929
1208 387 555 1276 37 375 635 1431 707 1276 1475 0 698 784 750 774 610 537 1472 661 764 1175 486 1032 569 1066 1196 1061 594 427 707 885 33 821 1467 1283 710 1042 767 961 881 1289 1050 1271 477 1274 1321 603 419 864 1209 738 872 495 411 642 600 849 648 1457 271 438 863 463 837 1282 30 705
628 453 246 754 707 360 179 900 841 754 917 698 0 209 490 508 153 661 913 586 498 595 461 389 488 661 616 418 337 545 317 429 690 643 908 701 323 399 595 1035 238 707 407 690 268 754 739 376 885 900 627 282 229 953 639 186 373 393 192 899 501 645 220 786 970 700 700 336
544 539 404 670 793 518 337 817 926 671 833 784 209 0 402 425 312 747 830 626 415 511 502 305 529 649 532 334 496 631 166 484 776 522 825 617 172 315 635 1020 155 623 323 606 426 671 655 417 1003 886 544 441 145 1038 725 344 413 542 351 815 587 731 137 871 1034 616 786 495
849 466 581 886 720 454 515 895 727 887 911 711 484 364 0 122 489 655 908 397 113 816 418 384 445 954 837 639 673 547 287 765 703 224 903 696 291 620 397 721 460 701 401 684 556 887 733 344 920 587 622 618 451 909 633 521 341 729 528 893 514 639 442 742 735 694 713 672
843 528 644 880 783 517 577 889 790 881 905 774 508 425 98 0 552 717 902 459 47 810 481 377 508 948 831 633 736 610 349 783 766 286 897 689 353 614 459 784 454 695 395 678 619 881 727 406 982 649 616 680 445 971 695 584 403 791 590 887 577 702 436 805 797 688 776 734
629 364 157 750 619 271 90 903 752 751 920 610 153 312 528 552 0 573 916 591 542 596 463 492 494 538 617 521 249 457 421 306 602 648 911 704 427 489 600 1007 341 710 510 693 179 749 742 381 797 905 630 159 332 864 551 63 378 271 69 902 413 557 324 698 882 703 612 213
1171 267 518 1293 547 339 598 1445 262 1293 1462 537 661 747 693 717 573 0 1458 290 707 1138 269 978 273 1080 1159 1024 757 160 670 848 530 475 1454 1246 673 1004 397 516 844 1252 996 1235 440 1291 1284 404 578 419 1173 702 835 374 145 605 410 813 612 1444 398 151 826 208 391 1245 539 755
501 1250 1043 356 1504 1157 976 177 1575 356 49 1495 913 830 884 902 916 1458 0 1245 892 468 1266 643 1293 431 358 597 1000 1343 938 639 1487 1071 41 392 945 559 1245 1569 764 398 565 381 1065 356 430 1189 1540 1435 400 822 745 1750 1436 918 1186 692 924 56 1298 1443 726 1584 1583 391 1497 925
1113 390 589 1223 670 410 616 1232 469 1224 1248 661 586 626 435 459 591 290 1244 0 449 1080 205 720 153 1098 1101 903 775 283 549 866 653 217 1240 1032 553 884 139 578 723 1038 738 1021 511 1223 1070 283 701 444 959 719 714 581 268 623 290 831 629 1230 469 275 706 415 592 1031 663 773
833 518 634 870 773 507 567 879 780 871 895 764 498 415 88 47 542 708 892 449 0 800 471 367 498 938 821 623 726 600 340 773 756 276 887 679 343 604 450 774 444 685 385 668 609 871 717 396 972 639 606 670 435 961 685 574 393 782 580 877 567 692 426 795 787 678 766 724
61 930 723 306 1184 837 656 455 1318 306 471 1175 595 511 792 810 596 1138 468 1080 800 0 956 551 983 284 145 277 815 1023 620 319 1167 977 463 454 626 239 1090 1474 445 460 473 442 745 306 492 871 1362 1340 380 502 426 1430 1116 598 867 376 604 453 978 1123 408 1263 1447 453 1177 605
989 210 409 1115 495 229 489 1253 449 1115 1269 486 461 502 457 481 463 269 1266 205 471 956 0 742 108 971 977 779 647 154 425 739 478 360 1261 1054 428 760 312 703 599 1060 759 1042 331 1115 1092 159 526 571 980 592 590 561 247 496 166 703 502 1252 289 254 581 395 578 1053 488 646
584 787 585 621 1041 699 518 630 1051 622 646 1032 389 305 359 377 492 979 643 720 367 551 742 0 769 689 572 374 676 871 414 524 1024 547 638 430 420 355 721 1045 335 436 136 419 607 622 468 665 1224 910 357 621 325 1232 956 525 662 581 531 628 835 963 317 1066 1059 429 1034 675
1016 293 492 1142 578 312 519 1280 452 1142 1297 569 488 529 484 508 494 273 1293 153 498 983 108 769 0 1001 1004 806 678 237 452 769 561 338 1288 1081 456 787 259 653 626 1087 786 1070 414 1142 1119 186 609 519 1007 622 617 564 251 526 193 733 532 1279 372 258 608 398 582 1080 571 676
317 872 665 235 1126 779 598 391 1260 235 435 1117 661 649 929 948 538 1080 431 1098 938 284 971 689 1001 0 175 414 710 965 758 261 1109 1114 426 446 764 377 1108 1514 582 452 611 435 687 234 484 889 1249 1413 453 444 563 1372 1058 540 885 284 546 417 920 1065 545 1206 1389 445 1119 547
177 950 744 196 1205 857 677 345 1339 197 361 1196 616 532 813 831 617 1159 358 1101 821 145 977 572 1004 175 0 298 744 1043 641 339 1188 997 353 373 647 260 1110 1495 466 379 494 361 765 197 411 891 1283 1361 380 523 447 1451 1137 618 888 397 625 344 999 1143 428 1284 1468 372 1198 626
310 816 614 436 1070 727 547 584 1203 436 600 1061 418 334 615 633 521 1024 597 903 623 277 779 374 806 414 298 0 705 908 443 249 1053 799 592 385 449 80 912 1297 268 391 296 373 635 436 422 694 1253 1163 311 433 249 1315 1002 528 690 307 535 582 864 1008 231 1148 1311 383 1063 536
732 569 362 714 823 476 295 870 957 715 914 814 358 516 732 756 235 777 910 795 746 699 668 697 698 504 654 630 0 661 625 409 806 852 906 807 631 592 804 1211 546 813 714 795 384 713 844 585 1001 1110 733 276 536 1069 755 237 582 340 243 896 617 761 528 902 1086 805 816 144
1055 151 403 1177 436 223 482 1330 339 1177 1346 427 545 631 586 610 457 160 1343 283 600 1023 154 871 237 965 1043 908 641 0 554 733 419 468 1338 1130 558 889 390 593 728 1136 888 1119 325 1175 1168 288 467 496 1057 586 719 451 138 489 295 697 496 1328 283 144 710 285 469 1129 429 640
653 462 513 779 716 450 446 926 849 780 942 707 317 166 325 349 421 670 938 549 339 620 425 414 452 758 641 443 605 554 0 593 699 446 934 726 112 424 559 943 263 732 432 715 535 779 764 340 926 809 653 550 254 961 648 453 336 650 460 924 510 654 245 795 957 725 709 603
352 640 433 473 894 547 366 626 1028 473 642 885 429 484 765 783 306 848 639 866 773 319 739 524 769 261 339 249 525 733 593 0 877 923 634 426 599 212 875 1282 417 432 446 415 455 471 464 657 1072 1181 353 212 398 1140 826 308 653 86 314 624 688 833 380 973 1157 425 887 315
1200 379 547 1268 43 367 627 1423 699 1268 1467 33 690 776 742 766 602 530 1464 653 756 1167 478 1024 561 1058 1188 1053 586 419 699 877 0 813 1459 1275 703 1034 760 954 873 1281 1042 1264 469 1266 1313 595 411 856 1201 731 864 487 404 634 592 842 640 1449 263 430 855 455 829 1274 35 697
1009 545 740 1050 830 564 673 1058 548 1050 1075 821 643 522 262 286 648 475 1071 217 276 977 360 547 338 1114 997 799 832 468 446 923 813 0 1066 859 449 780 217 542 620 865 565 848 666 1050 897 341 861 407 785 776 610 729 453 680 347 888 686 1057 624 460 602 563 555 858 823 830
496 1245 1038 351 1500 1152 971 167 1570 352 40 1490 908 825 879 897 912 1454 41 1240 887 463 1261 638 1289 426 353 592 996 1338 934 634 1483 1067 0 387 940 555 1240 1564 759 393 560 376 1060 352 425 1184 1535 1430 395 817 740 1745 1432 913 1181 687 919 51 1293 1438 722 1579 1578 386 1492 921
487 1038 831 371 1292 945 764 379 1363 371 395 1283 701 617 671 689 704 1246 392 1032 679 454 1054 430 1081 446 373 385 922 1130 726 427 1275 859 387 0 732 347 1033 1357 551 27 353 41 853 371 114 977 1470 1222 187 610 532 1538 1224 705 973 484 712 378 1086 1230 514 1371 1370 20 1285 713
659 465 519 785 720 453 452 932 852 786 948 710 323 172 329 353 427 673 944 553 343 626 428 420 456 764 647 449 611 558 112 599 703 449 940 732 0 430 562 947 269 738 438 721 541 786 770 343 930 812 659 556 260 964 651 459 340 656 466 930 513 658 251 798 960 731 712 609
272 796 594 398 1051 708 527 546 1183 399 563 1042 399 315 596 614 489 1004 559 884 604 239 760 355 787 377 260 80 686 889 424 212 1034 780 554 347 430 0 893 1278 248 353 277 336 616 398 385 674 1234 1143 273 395 229 1296 982 491 671 269 497 545 845 989 211 1129 1292 346 1044 498
1122 497 692 1223 777 516 625 1232 473 1224 1248 767 595 635 435 459 600 397 1245 139 449 1090 312 720 259 1108 1110 912 784 390 559 875 760 217 1240 1032 562 893 0 477 733 1038 738 1021 618 1224 1070 292 808 342 959 729 723 585 375 632 299 840 639 1230 576 381 715 419 490 1031 769 783
1507 701 952 1548 971 772 1032 1556 331 1548 1572 961 1035 1020 760 784 1007 516 1569 578 774 1474 703 1045 653 1514 1495 1297 1191 593 943 1282 954 542 1564 1357 947 1278 477 0 1117 1363 1062 1345 874 1548 1394 732 879 155 1283 1135 1108 563 579 1039 739 1247 1045 1554 832 585 1100 531 162 1355 963 1189
478 636 434 604 890 548 367 751 1023 604 767 881 238 155 436 454 341 844 763 723 444 445 599 335 626 582 466 268 526 728 263 417 873 620 759 551 269 248 733 1117 0 557 352 540 456 604 589 514 1073 983 478 470 79 1135 822 374 511 475 380 749 684 828 70 969 1131 550 883 524
493 1043 837 377 1298 950 770 385 1369 377 401 1289 707 623 677 695 710 1252 398 1038 685 460 1060 436 1087 452 379 391 928 1136 732 432 1281 865 393 27 738 353 1038 1363 557 0 359 47 858 377 120 983 1476 1228 193 616 538 1544 1230 711 979 490 718 383 1092 1236 520 1377 1376 26 1291 719
479 851 649 516 1105 763 582 524 1115 516 540 1096 453 370 424 442 557 1043 537 784 432 446 806 183 833 583 466 269 741 935 478 418 1088 611 532 325 484 249 785 1109 329 331 0 313 671 516 363 729 1288 974 251 602 309 1297 1021 589 726 476 595 523 899 1027 291 1130 1123 324 1098 705
475 1026 819 359 1281 933 752 368 1352 360 384 1272 690 606 660 678 693 1235 381 1021 668 443 1043 419 1070 435 361 373 911 1119 715 415 1264 848 376 41 721 336 1021 1345 540 47 341 0 841 360 103 965 1459 1211 176 598 521 1526 1213 694 962 473 701 366 1074 1219 503 1360 1359 40 1273 702
778 232 125 899 486 139 205 1052 620 899 1068 477 268 426 595 618 179 440 1065 511 609 745 331 607 414 687 765 635 363 325 535 455 469 666 1060 852 541 616 618 874 456 858 624 841 0 897 890 448 697 777 779 308 446 732 418 212 445 419 218 1050 280 425 438 566 749 851 479 362
339 1089 882 42 1343 996 815 263 1477 42 360 1334 754 671 863 881 755 1298 356 1224 871 306 1115 622 1142 241 197 436 810 1182 779 478 1326 1050 352 371 786 398 1224 1548 604 377 544 360 904 0 409 1030 1350 1414 379 661 585 1589 1275 757 1027 502 763 342 1137 1282 567 1423 1562 370 1336 764
478 1228 1021 334 1482 1135 954 342 1553 334 359 1473 891 808 861 879 894 1436 355 1222 870 446 1244 621 1271 409 336 575 978 1321 916 617 1465 1049 350 370 922 537 1223 1547 741 376 543 359 1043 334 0 1167 1518 1412 377 800 722 1728 1414 896 1164 670 902 341 1276 1421 704 1561 1561 369 1475 903
903 344 473 1029 612 346 406 1176 583 1030 1192 603 376 417 382 406 381 404 1189 283 396 871 159 665 186 889 891 694 565 288 340 657 595 341 1184 977 343 674 292 732 514 982 682 965 448 1030 1014 0 660 598 903 510 504 695 381 413 125 621 420 1174 406 388 496 528 712 975 605 564
1323 539 707 1306 296 527 701 1461 641 1306 1505 287 839 935 901 925 751 601 1502 725 915 1290 550 1178 633 1096 1245 1207 624 491 859 1001 279 885 1497 1398 862 1184 832 895 1027 1404 1195 1387 629 1304 1436 684 0 798 1325 868 1018 367 476 783 691 931 789 1487 423 502 1009 527 771 1397 289 735
1373 603 855 1413 873 675 931 1422 197 1414 1438 864 900 886 625 649 905 419 1434 444 639 1340 571 910 519 1413 1361 1163 1089 496 809 1181 856 407 1430 1222 812 1143 342 155 983 1228 928 1211 777 1413 1260 598 781 0 1149 1034 974 465 481 938 604 1145 944 1420 735 488 965 434 169 1221 866 1088
413 964 757 378 1218 871 690 387 1289 379 403 1209 627 544 598 616 630 1173 399 959 606 380 980 357 1007 453 380 311 849 1057 653 353 1201 786 395 187 659 273 959 1283 478 193 279 176 779 379 225 903 1396 1149 0 536 459 1464 1150 632 900 410 638 385 1012 1157 441 1298 1297 186 1211 640
535 493 286 656 747 400 219 809 881 656 825 738 282 441 656 680 159 702 822 719 670 502 592 621 622 444 523 433 378 586 550 212 731 776 817 610 556 395 729 1135 470 616 629 598 308 654 647 510 925 1034 536 0 461 993 679 161 507 176 167 808 541 686 452 827 1011 608 740 169
459 626 424 585 881 538 357 732 1014 585 748 872 229 145 427 445 332 835 744 714 435 426 590 325 617 563 447 249 516 719 254 398 864 610 740 532 260 229 723 1108 79 538 337 521 446 585 570 504 1064 974 459 461 0 1126 812 364 501 456 371 730 675 819 52 959 1122 531 874 515
1463 558 810 1584 487 630 890 1737 308 1584 1753 478 953 1038 947 971 864 374 1750 581 961 1430 561 1232 564 1372 1451 1315 903 451 961 1140 470 729 1745 1538 964 1296 585 563 1135 1543 1250 1526 732 1582 1575 695 350 465 1464 993 1126 0 436 897 701 1104 903 1735 577 443 1117 389 438 1536 480 1015
1149 245 496 1270 421 316 576 1423 324 1271 1440 411 639 725 671 695 551 145 1436 268 685 1116 247 956 251 1058 1137 1002 735 138 648 826 404 453 1431 1224 651 982 375 579 822 1230 974 1213 418 1269 1262 381 452 481 1150 679 812 436 0 583 388 791 589 1422 376 56 804 219 454 1223 413 733
630 397 190 752 651 304 123 905 785 752 921 642 186 344 560 584 63 605 918 623 574 598 496 525 526 540 618 528 282 489 453 308 634 680 913 705 459 491 632 1039 374 711 542 694 212 750 743 413 829 938 632 161 364 897 583 0 410 272 59 903 445 589 356 730 914 704 644 215
900 351 470 1026 609 343 403 1173 589 1027 1189 600 373 413 379 403 378 410 1186 290 393 867 166 662 193 885 888 690 562 295 336 653 592 347 1181 973 340 671 299 739 511 979 679 962 445 1027 1011 125 667 604 900 507 501 701 388 410 0 618 417 1171 403 395 493 535 719 972 602 561
409 604 397 496 859 511 330 652 992 496 696 849 393 542 767 791 271 813 692 831 781 376 703 581 733 284 397 307 489 697 650 86 842 888 687 484 656 269 840 1247 475 490 504 473 419 494 522 621 1037 1145 410 176 456 1104 791 272 618 0 278 678 652 797 438 938 1122 483 851 280
637 403 196 758 657 310 129 911 791 758 927 648 192 351 566 590 69 612 924 629 580 604 502 531 532 546 625 535 288 496 460 314 640 686 919 712 466 497 639 1045 380 718 549 700 218 757 750 420 835 944 638 167 371 903 589 59 417 278 0 910 451 596 362 737 921 711 650 221
486 1235 1028 341 1490 1142 962 187 1561 342 59 1481 899 815 869 887 902 1444 56 1230 877 453 1252 628 1279 417 344 583 986 1328 924 624 1473 1057 51 378 930 545 1230 1555 749 383 550 366 1050 342 415 1174 1525 1420 385 808 730 1735 1422 903 1171 678 910 0 1284 1428 712 1569 1568 376 1483 911
1011 190 358 1132 280 178 438 1285 578 1132 1301 271 501 587 553 577 413 398 1298 469 567 978 289 835 372 920 999 864 597 283 510 688 263 624 1293 1086 513 845 576 832 684 1092 852 1074 280 1131 1123 406 518 735 1012 541 675 594 376 445 403 652 451 1284 0 383 666 454 708 1084 273 595
1155 251 503 1277 447 323 582 1430 331 1277 1446 438 645 731 678 702 557 151 1443 275 692 1123 254 963 258 1065 1143 1008 741 144 654 833 430 460 1438 1230 658 989 381 585 828 1236 980 1219 425 1275 1268 388 478 488 1157 686 819 443 56 589 395 797 596 1428 383 0 810 245 460 1229 440 740
441 618 416 567 872 530 349 714 1005 567 730 863 220 137 418 436 324 826 726 706 426 408 581 317 608 545 428 231 508 710 245 380 855 602 722 514 251 211 715 1100 70 520 319 503 438 567 552 496 1055 965 441 452 52 1117 804 356 493 438 362 712 666 810 0 951 1113 513 865 506
1296 392 643 1418 472 464 723 1571 277 1418 1587 463 786 871 781 805 698 208 1583 415 795 1263 395 1066 398 1206 1284 1148 882 285 795 973 455 563 1579 1371 798 1129 419 531 969 1377 1083 1360 566 1416 1409 528 503 434 1298 827 959 389 219 730 535 938 737 1569 454 245 951 0 406 1370 465 881
1480 576 827 1561 846 648 907 1570 299 1562 1586 837 970 1034 773 797 882 391 1583 592 787 1447 578 1058 582 1389 1468 1311 1066 469 957 1157 829 555 1578 1370 960 1292 490 162 1131 1376 1076 1359 749 1562 1408 712 754 169 1297 1011 1122 438 454 914 719 1122 921 1568 708 460 1113 406 0 1369 839 1065
486 1036 829 369 1291 943 762 378 1362 370 394 1282 700 616 670 688 703 1245 391 1031 678 453 1053 429 1080 445 372 383 921 1129 725 425 1274 858 386 20 731 346 1031 1356 550 26 351 40 851 370 113 975 1469 1221 186 608 531 1536 1223 704 972 483 711 376 1085 1229 513 1370 1369 0 1284 712
1210 389 557 1278 39 377 637 1433 709 1278 1477 30 700 786 752 776 612 539 1474 663 766 1177 488 1034 571 1068 1198 1063 596 429 709 887 35 823 1469 1285 712 1044 769 963 883 1291 1051 1273 479 1276 1322 605 421 866 1211 740 874 497 413 644 602 851 650 1459 273 440 865 465 839 1283 0 707
638 547 340 702 801 454 273 857 935 702 901 792 336 495 710 734 213 755 898 773 724 605 646 675 676 492 626 536 432 640 603 315 784 830 893 713 609 498 783 1189 524 719 693 702 362 700 751 564 979 1088 640 169 515 1047 733 215 561 280 221 883 595 740 506 881 1065 712 794 0
EOF