NAME : tsp_problem
TYPE : TSP
DIMENSION : 50
EDGE_WEIGHT_TYPE : EXPLICIT
EDGE_WEIGHT_FORMAT : FULL_MATRIX
EDGE_WEIGHT_SECTION
0 345 568 572 675 816 856 470 526 396 342 441 382 407 342 727 450 438 458 1016 531 367 632 602 664 468 646 775 660 1179 1005 240 382 566 429 626 1010 1120 470 1161 1257 218 1145 970 310 1150 1016 68 392 575
345 0 739 743 789 930 1027 641 362 207 221 297 100 578 60 842 168 584 270 1186 701 537 803 716 834 342 760 741 831 1294 1175 391 553 678 172 796 1180 1235 641 1276 1371 369 1259 1084 477 1265 1186 332 563 745
630 800 0 650 779 705 335 223 936 806 752 863 825 461 797 777 905 849 868 685 283 293 371 706 694 878 750 1185 565 887 681 491 635 701 851 365 687 828 223 841 965 628 853 787 732 858 687 599 353 260
572 743 615 0 243 284 475 478 1017 887 834 645 779 254 740 215 847 930 949 484 516 414 308 325 132 959 309 1266 128 648 473 578 287 354 794 342 478 589 478 630 725 710 614 439 514 619 484 541 439 411
713 827 756 207 0 176 594 596 1149 1011 966 562 903 395 827 88 934 1071 1073 514 634 555 427 191 128 1091 176 1399 247 540 503 718 427 267 771 461 508 481 596 521 617 850 505 330 486 510 514 682 580 530
816 930 750 284 212 0 530 533 1252 1114 1069 664 1006 498 930 184 1037 1173 1176 441 570 630 363 294 206 1194 278 1502 273 467 430 821 530 369 874 397 435 408 533 449 544 953 432 257 589 437 441 785 683 466
1089 1260 873 616 771 670 0 656 1396 1266 1212 1220 1285 829 1257 743 1364 1308 1328 387 694 753 486 853 660 1338 837 1645 530 589 383 951 862 928 1311 521 388 530 656 543 666 1088 555 607 1089 560 389 1058 813 589
470 641 254 478 619 533 423 0 777 646 593 703 665 302 637 605 745 689 708 651 97 134 198 546 522 718 590 1026 392 823 647 332 475 542 692 192 652 765 37 805 901 469 789 614 572 794 653 439 193 141
526 362 863 1017 1111 1252 1163 777 0 262 276 635 281 807 359 1164 456 353 114 1391 837 673 939 1038 1109 111 1082 510 1105 1564 1387 474 827 1000 510 932 1392 1505 777 1545 1641 372 1529 1354 755 1534 1393 513 699 881
396 207 744 887 973 1114 1032 646 262 0 121 480 127 677 204 1026 256 484 170 1261 707 543 808 900 978 242 944 641 975 1433 1256 344 697 862 356 802 1262 1374 646 1415 1511 322 1399 1224 624 1404 1263 383 568 751
342 221 691 834 928 1069 979 593 276 121 0 474 140 623 218 980 325 436 183 1208 653 490 755 855 925 256 899 593 921 1380 1203 291 643 816 369 749 1209 1321 593 1362 1457 269 1345 1170 571 1351 1210 329 515 698
441 297 801 645 523 664 1079 703 635 480 474 0 372 570 296 576 403 750 542 1003 764 600 865 450 617 600 494 907 733 1028 991 552 455 412 240 859 997 969 703 1010 1105 530 994 819 211 999 1003 410 625 808
382 100 763 779 865 1006 1051 665 281 127 140 372 0 614 97 918 204 503 189 1223 726 562 827 792 871 261 836 660 867 1370 1212 363 589 754 248 821 1217 1311 665 1352 1447 341 1335 1160 517 1340 1223 369 588 770
407 578 400 254 357 498 688 302 807 677 623 570 614 0 575 410 682 720 739 698 362 199 464 284 346 749 328 1056 342 862 687 362 212 279 629 457 692 803 302 843 939 499 827 652 439 832 698 376 224 407
342 60 735 740 789 930 1024 637 359 204 218 296 97 575 0 842 165 581 266 1183 698 534 799 716 831 339 760 738 828 1294 1172 388 550 678 172 793 1177 1235 637 1276 1371 366 1259 1084 477 1264 1183 329 560 742
727 842 770 215 124 184 602 605 1164 1026 980 576 918 409 842 0 949 1085 1088 522 643 569 435 206 137 1106 190 1413 256 548 511 733 442 281 786 470 516 489 605 530 625 865 513 338 501 519 522 696 594 538
450 168 843 847 896 1037 1131 745 456 256 325 403 204 682 165 949 0 679 374 1291 806 642 907 823 939 437 867 721 935 1401 1280 496 657 785 236 901 1285 1342 745 1383 1478 474 1366 1191 584 1371 1291 437 667 850
438 584 635 930 1032 1173 937 689 353 484 436 750 503 720 581 1085 679 0 336 1287 750 586 851 959 1022 295 1003 395 1018 1476 1284 387 740 924 732 845 1289 1417 689 1443 1553 252 1441 1266 668 1447 1289 425 611 794
458 270 806 949 1035 1176 1095 708 114 170 183 542 189 739 266 1088 374 336 0 1323 769 605 870 962 1040 94 1006 494 1037 1495 1319 406 759 924 418 864 1324 1436 708 1477 1573 355 1461 1286 687 1466 1325 445 631 813
1016 1186 838 484 550 441 518 658 1398 1268 1215 1003 1223 698 1183 523 1291 1311 1330 0 696 755 489 632 528 1340 617 1645 398 361 52 953 731 708 1212 523 86 281 658 261 438 1090 326 378 927 331 42 985 815 591
531 701 315 516 671 570 461 97 837 707 653 764 726 362 698 643 806 750 769 689 0 194 236 607 560 779 651 1086 430 861 685 392 536 602 752 230 690 803 97 843 939 529 827 652 633 832 691 500 254 179
367 537 232 414 516 630 520 134 673 543 490 600 562 199 534 569 642 586 605 749 194 0 296 443 506 615 487 923 489 921 744 229 372 439 589 290 749 862 134 903 998 366 886 711 469 891 751 336 90 239
632 803 416 308 463 363 253 198 939 808 755 865 827 464 799 435 907 851 870 482 236 296 0 545 352 880 530 1188 223 654 477 494 555 621 854 63 483 595 199 636 731 631 619 444 734 625 484 601 355 132
602 716 645 325 153 294 712 546 1038 900 855 451 792 284 716 206 823 959 962 632 607 443 545 0 247 980 124 1288 365 658 621 607 316 156 660 579 626 599 546 640 735 739 623 448 375 628 632 571 469 648
664 834 707 132 165 206 519 522 1109 978 925 617 871 346 831 137 939 1022 1040 528 560 506 352 247 0 1051 231 1358 173 570 517 669 378 322 827 387 522 511 522 552 647 801 535 360 541 541 528 633 531 455
468 342 805 959 1053 1194 1105 718 111 242 256 600 261 749 339 1106 437 295 94 1333 779 615 880 980 1051 0 1024 452 1047 1505 1329 416 769 942 490 874 1334 1447 718 1487 1583 313 1471 1296 697 1476 1335 455 641 823
646 760 688 309 137 278 696 590 1082 944 899 494 836 328 760 190 867 1003 1006 617 651 487 530 124 231 1024 0 1332 350 642 605 651 360 199 704 564 611 583 590 624 719 783 608 433 419 613 617 615 513 632
758 724 949 1250 1344 1485 1251 1009 493 625 577 890 644 1040 721 1396 721 378 477 1601 1070 906 1171 1271 1341 435 1315 0 1337 1796 1597 707 1059 1233 873 1165 1603 1737 1009 1757 1873 599 1761 1586 987 1767 1603 745 931 1114
660 831 610 128 283 273 389 392 1105 975 921 733 867 342 828 256 935 1018 1037 398 430 489 223 365 173 1047 350 1354 0 564 387 666 375 441 882 257 392 505 392 546 641 798 529 354 602 534 398 629 527 325
1179 1294 1033 648 576 467 713 824 1564 1433 1380 1028 1370 862 1294 548 1401 1476 1495 361 862 921 654 658 570 1506 642 1813 564 0 350 1119 894 733 1238 688 355 135 824 176 464 1256 75 404 953 56 361 1148 981 757
1005 1175 827 473 539 430 507 647 1387 1256 1203 991 1212 687 1172 511 1280 1299 1319 52 685 744 477 621 517 1329 605 1634 387 350 0 942 719 696 1201 512 74 291 647 273 427 1079 315 367 916 320 54 973 804 580
240 391 430 578 680 821 718 332 474 344 291 552 363 362 388 733 496 387 406 947 392 229 494 607 669 416 651 723 666 1119 942 0 536 602 540 488 947 1060 332 1101 1196 167 1084 909 469 1089 949 227 254 437
382 553 573 287 389 530 721 475 827 697 643 455 589 212 550 442 657 740 759 731 536 372 555 316 378 769 360 1076 375 894 719 536 0 312 604 589 725 835 475 876 971 520 859 684 324 865 730 351 397 580
566 678 640 354 228 369 787 542 1000 862 817 412 754 279 678 281 785 924 924 708 602 439 621 156 322 942 199 1249 441 733 696 602 312 0 622 655 702 674 542 715 811 704 699 524 337 704 708 535 464 646
429 172 790 794 733 874 1078 692 510 356 369 240 248 629 172 786 236 732 418 1212 752 589 854 660 827 490 704 879 882 1238 1201 540 604 622 0 847 1206 1179 692 1220 1315 518 1203 1028 421 1208 1212 398 614 796
626 796 410 342 497 397 288 192 932 802 749 859 821 457 793 470 901 845 864 516 230 290 63 579 387 874 564 1181 257 688 512 488 589 655 847 0 517 629 192 670 766 625 654 479 728 659 518 595 349 125
1010 1180 832 478 544 435 512 652 1392 1262 1209 997 1217 692 1177 517 1285 1305 1324 86 690 749 483 626 522 1334 611 1639 392 355 74 947 725 702 1206 517 0 296 652 331 432 1084 320 372 921 325 86 979 809 585
1121 1235 974 589 517 408 654 765 1505 1374 1321 969 1311 803 1235 489 1342 1417 1437 281 803 862 595 599 511 1447 583 1754 505 135 291 1060 835 674 1179 629 296 0 765 72 405 1197 160 345 894 141 283 1089 922 698
470 641 254 478 619 533 423 37 777 646 593 703 665 302 637 605 745 689 708 651 97 134 199 546 522 718 590 1026 392 824 647 332 475 542 692 192 652 765 0 805 901 469 789 614 572 794 653 439 193 141
1161 1276 1015 630 558 449 694 805 1545 1415 1362 1010 1352 843 1276 530 1383 1458 1477 261 843 903 636 640 552 1487 624 1795 546 176 273 1101 876 715 1220 670 331 72 805 0 446 1238 200 386 934 182 263 1130 962 739
1251 1366 1105 720 647 538 784 895 1635 1505 1452 1100 1442 933 1366 620 1473 1548 1567 432 933 993 726 729 642 1577 714 1884 635 458 421 1191 966 805 1310 760 426 399 895 440 0 1328 423 475 1024 429 432 1220 1052 828
218 369 567 710 812 953 855 469 372 322 269 530 341 499 366 865 474 252 355 1084 529 366 631 739 801 313 783 616 798 1256 1079 167 520 704 518 625 1084 1197 469 1238 1333 0 1221 1046 447 1226 1086 205 391 574
1145 1259 998 614 541 432 678 789 1529 1399 1345 994 1335 827 1259 513 1366 1441 1461 326 827 886 620 623 535 1471 608 1778 529 75 315 1084 860 699 1203 654 320 160 789 200 429 1221 0 369 918 45 326 1114 946 722
970 1085 832 439 366 257 611 614 1354 1224 1170 819 1160 652 1084 339 1191 1267 1286 378 652 711 445 448 360 1296 433 1603 354 404 367 909 685 524 1028 479 372 345 614 386 378 1046 369 0 743 374 378 939 771 547
310 477 670 514 448 589 948 572 755 624 571 211 517 439 477 500 584 668 687 927 633 469 734 375 541 697 419 1004 602 952 916 469 324 337 421 728 921 893 572 934 1030 447 918 743 0 923 927 279 494 677
1150 1265 1004 619 546 437 683 794 1534 1404 1351 999 1341 832 1265 519 1372 1447 1466 331 832 891 625 628 541 1476 613 1783 534 56 320 1090 865 704 1209 659 325 141 794 182 434 1226 45 374 923 0 331 1119 951 727
1016 1186 838 484 550 441 518 658 1398 1268 1214 1003 1223 698 1183 522 1291 1311 1330 42 696 755 489 632 528 1340 617 1645 398 361 54 953 730 708 1212 523 86 283 658 263 438 1090 326 378 927 331 0 985 815 591
68 332 537 541 644 785 825 439 513 383 329 410 369 376 329 696 437 425 445 985 500 336 601 571 633 455 615 762 629 1148 973 227 351 535 398 595 979 1089 439 1130 1226 205 1114 939 279 1119 985 0 361 544
392 563 227 439 542 683 529 193 699 568 515 625 588 224 560 594 667 611 631 808 254 90 355 469 531 641 513 948 527 980 804 254 397 464 614 349 809 922 193 962 1058 391 946 771 494 951 810 361 0 298
575 745 359 411 566 466 306 141 881 751 698 808 770 407 742 538 850 794 813 585 179 239 132 648 455 823 632 1131 325 757 580 437 580 646 796 125 585 698 141 739 834 574 722 547 677 727 587 544 298 0
EOF