NAME : tsp_problem
TYPE : TSP
DIMENSION : 60
EDGE_WEIGHT_TYPE : EXPLICIT
EDGE_WEIGHT_FORMAT : FULL_MATRIX
EDGE_WEIGHT_SECTION
0 931 180 422 417 1006 302 1019 1075 875 540 1098 385 1073 525 929 505 898 423 1017 1038 532 784 558 859 942 751 1002 775 453 455 306 602 996 610 1232 645 632 1067 578 515 350 558 428 400 434 635 616 504 335 1038 534 145 903 607 628 993 168 567 1016
931 0 783 1226 576 400 949 414 567 164 1026 590 1094 199 1192 421 1172 292 1090 194 314 1338 210 963 233 434 810 493 364 1100 614 1137 1377 391 1385 521 327 1407 343 1245 995 1156 1364 772 744 1239 1410 926 1310 1001 530 1201 803 77 1382 671 484 787 610 507
180 783 0 475 270 858 284 871 927 727 522 950 409 926 507 781 487 750 405 869 891 586 636 540 712 794 733 854 628 435 308 385 656 849 664 1084 498 686 920 560 497 404 612 280 252 488 689 598 558 316 890 516 57 756 660 480 845 102 419 868
422 1226 475 0 712 1225 371 1238 1232 1169 520 1172 190 1368 351 1132 332 1117 293 1312 1333 225 1079 538 1119 1144 731 1196 994 424 750 215 310 1215 318 1527 940 340 1362 405 495 97 251 723 695 61 343 596 197 266 1080 361 441 1198 314 767 1187 463 861 1080
417 576 270 712 0 650 455 664 720 519 641 742 581 718 678 574 659 542 577 661 683 824 429 578 504 586 537 646 420 606 57 623 864 641 871 876 290 894 712 731 610 642 850 248 230 726 897 541 796 488 682 688 289 548 868 273 637 273 211 660
1006 400 858 1225 650 0 885 101 242 290 954 265 1093 407 1172 277 1153 151 1089 326 682 1379 390 891 231 247 738 270 394 1027 688 1211 1358 65 1365 439 455 1388 711 1225 923 1188 1405 846 818 1243 1391 854 1351 1000 306 1182 878 451 1362 746 261 861 684 284
302 949 284 371 455 885 0 898 954 892 269 918 239 1091 337 808 317 777 235 1034 1057 543 802 287 779 821 480 881 655 265 493 360 522 876 530 1249 668 553 1086 390 244 334 569 466 438 389 555 345 515 146 826 346 304 921 527 651 872 206 590 825
1019 414 871 1238 664 101 898 0 264 303 967 286 1106 420 1185 291 1166 164 1102 340 695 1392 404 905 245 261 751 283 408 1041 702 1225 1371 87 1378 460 468 1401 724 1238 936 1202 1418 860 832 1256 1404 867 1364 1014 319 1195 891 465 1375 759 274 875 698 297
1075 567 927 1232 720 242 954 264 0 456 840 95 1162 564 1058 200 1039 317 1158 493 839 1265 557 777 398 170 624 135 501 914 757 1281 1244 225 1251 492 621 1274 868 1111 809 1222 1291 916 888 1251 1277 740 1237 1069 229 1068 947 618 1248 815 106 931 754 207
875 164 727 1169 519 290 892 303 456 0 970 479 1038 276 1135 364 1116 236 1034 195 451 1281 154 907 177 360 754 383 308 1043 557 1080 1321 280 1328 410 270 1351 480 1188 939 1099 1307 715 687 1183 1354 870 1253 945 419 1145 747 215 1325 615 374 730 553 397
540 1026 522 520 641 954 269 967 840 970 0 780 477 1168 346 739 326 854 473 1104 1142 553 888 146 857 752 339 803 740 201 679 597 531 944 539 1216 754 562 1171 399 103 510 579 704 676 538 564 204 525 384 688 355 541 1007 536 737 794 444 675 687
1098 590 950 1172 742 265 918 286 95 479 780 0 1126 587 998 223 979 340 1122 516 862 1205 580 717 421 193 564 158 524 854 780 1246 1184 248 1191 530 644 1214 891 1051 749 1162 1231 938 910 1191 1217 680 1177 1033 191 1008 970 641 1188 838 128 953 777 190
385 1094 409 190 581 1093 239 1106 1162 1038 477 1126 0 1236 384 1016 364 985 138 1180 1202 363 947 495 987 1029 688 1089 862 390 618 179 342 1084 350 1395 809 372 1231 437 452 154 389 591 563 208 375 553 335 134 1034 393 405 1066 347 731 1080 331 730 1033
1073 199 926 1368 718 407 1091 420 564 276 1168 587 1236 0 1334 508 1314 381 1232 102 382 1480 352 1106 375 478 952 500 507 1242 756 1279 1519 397 1527 518 469 1550 411 1387 1137 1298 1506 914 886 1382 1552 1068 1452 1144 536 1343 945 250 1524 791 491 929 752 514
525 1192 507 351 678 1172 337 1185 1058 1135 346 998 384 1334 0 957 60 1072 458 1277 1299 384 1045 364 1075 970 557 1022 958 250 716 437 363 1163 370 1434 906 393 1328 127 321 341 410 689 661 370 396 422 356 369 906 28 526 1164 367 889 1012 429 827 905
929 421 781 1131 574 277 808 291 200 364 739 223 1016 508 957 0 938 249 1012 427 708 1164 411 677 252 67 523 127 355 813 611 1135 1143 268 1151 641 475 1173 737 1010 708 1111 1190 770 742 1150 1176 639 1136 924 163 967 801 472 1147 669 118 785 608 141
505 1172 487 332 659 1153 317 1166 1039 1116 326 979 364 1314 60 938 0 1053 438 1258 1280 365 1025 345 1056 951 538 1002 939 231 697 417 344 1143 351 1415 887 374 1309 113 302 322 391 669 641 350 377 402 337 350 887 70 507 1144 348 869 993 409 808 886
898 292 750 1117 542 151 777 164 317 236 854 340 985 381 1072 249 1053 0 981 300 579 1279 282 792 123 221 638 244 286 928 580 1103 1258 141 1266 515 347 1288 608 1126 823 1080 1305 738 710 1135 1291 754 1251 892 280 1082 770 343 1262 638 235 753 576 258
423 1090 405 293 577 1089 235 1102 1158 1034 473 1122 138 1232 458 1012 438 981 0 1176 1198 466 943 491 983 1025 684 1085 858 386 614 281 445 1079 453 1391 805 475 1227 511 448 256 492 587 559 311 478 549 438 130 1030 467 425 1062 449 787 1076 327 726 1029
1017 194 869 1312 661 326 1034 340 493 195 1104 516 1180 102 1277 427 1258 300 1176 0 378 1423 296 1041 319 397 888 420 450 1177 699 1222 1463 317 1471 447 413 1493 406 1330 1073 1241 1449 857 829 1325 1496 1004 1395 1087 456 1287 889 245 1467 757 411 872 696 434
904 314 891 1281 683 682 1057 695 839 451 1142 862 1202 382 1299 708 1280 579 1198 378 0 1392 413 1080 488 721 929 775 472 1216 721 1114 1461 673 1469 793 434 1492 168 1352 1111 1210 1418 724 765 1294 1494 1042 1364 1109 811 1309 877 285 1466 579 766 894 648 789
623 1398 677 225 885 1379 543 1392 1265 1342 553 1205 363 1541 384 1164 365 1279 466 1484 1506 0 1252 571 1282 1177 764 1228 1165 457 923 417 291 1369 294 1641 1113 274 1535 437 528 306 69 895 868 208 277 629 50 439 1113 394 643 1371 296 969 1219 635 1034 1112
784 210 636 1079 429 390 802 404 557 154 888 580 947 352 1045 411 1025 282 943 296 413 1191 0 825 223 424 675 484 218 961 467 990 1230 381 1238 511 180 1261 442 1098 857 1009 1217 625 597 1093 1263 788 1163 855 520 1054 656 261 1235 524 475 640 463 498
524 1004 506 504 619 932 253 945 818 947 112 758 461 1146 330 717 310 832 457 1081 1120 536 865 0 835 730 317 781 718 185 657 581 515 922 523 1194 732 545 1149 383 81 494 562 688 660 522 548 181 508 368 666 339 525 985 520 714 772 428 653 665
859 233 712 1119 504 231 779 245 398 177 857 421 987 375 1075 252 1056 123 983 319 488 1266 223 794 0 265 641 325 195 931 542 1065 1261 222 1268 534 255 1291 517 1128 826 1083 1292 700 672 1138 1294 757 1238 895 361 1085 731 284 1265 599 315 715 538 338
942 434 794 1144 586 247 821 261 170 360 752 193 1029 478 970 67 951 221 1025 397 721 1177 424 689 265 0 536 97 368 826 624 1147 1156 238 1163 611 488 1186 749 1023 721 1124 1203 782 754 1163 1189 652 1149 936 133 980 814 485 1160 682 88 797 621 111
716 848 698 696 501 776 445 789 662 792 304 602 653 990 522 561 502 676 649 926 967 729 712 241 679 574 0 625 565 377 539 773 707 766 715 1038 614 738 996 575 273 686 755 697 669 714 740 204 701 560 510 531 717 831 712 597 616 620 535 509
1002 493 854 1196 646 270 881 283 135 383 803 158 1089 500 1021 127 1002 244 1085 420 775 1228 484 741 325 97 588 0 428 877 684 1207 1207 261 1215 576 548 1237 804 1075 773 1184 1254 842 814 1214 1240 703 1200 996 156 1031 874 545 1212 742 53 857 681 133
775 364 628 994 420 394 655 408 501 308 740 524 862 507 958 355 939 286 858 450 472 1165 218 677 195 368 527 428 0 814 458 981 1144 385 1151 665 239 1174 501 1011 709 958 1191 616 588 1013 1177 640 1137 770 464 968 647 337 1148 515 419 631 454 442
453 1100 435 424 606 1028 265 1041 914 1043 201 854 390 1242 250 813 231 928 386 1177 1216 457 961 219 931 826 413 877 814 0 644 509 436 1018 443 1290 828 466 1245 303 177 414 483 617 589 443 469 277 429 297 762 260 455 1080 440 810 868 357 749 761
441 614 308 750 57 688 493 702 757 557 679 780 618 756 716 611 697 580 614 699 721 862 467 616 542 624 575 684 458 644 0 661 902 679 909 914 328 932 750 769 648 680 888 261 268 764 935 579 834 526 720 726 327 586 906 311 675 311 249 698
331 1137 385 215 623 1211 360 1225 1281 1080 597 1246 179 1279 437 1135 417 1103 281 1222 1244 326 990 615 1065 1147 809 1207 981 510 661 0 395 1202 403 1437 851 426 1273 490 573 144 352 634 606 228 428 673 298 254 1154 446 351 1109 400 596 1198 374 690 1154
602 1377 656 310 864 1358 522 1371 1244 1321 531 1184 342 1519 363 1143 344 1258 445 1463 1485 291 1230 550 1261 1156 743 1207 1144 436 902 395 0 1348 57 1620 1092 75 1514 416 507 300 317 874 846 328 78 607 263 418 1092 373 622 1350 58 948 1198 614 1013 1091
996 391 849 1215 641 65 876 87 225 280 944 248 1084 397 1162 268 1143 141 1079 317 673 1369 381 882 222 238 728 261 385 1018 679 1202 1348 0 1356 422 445 1378 701 1216 913 1179 1395 837 809 1234 1381 844 1341 991 297 1172 868 442 1352 736 251 852 675 274
610 1385 664 318 871 1365 530 1379 1251 1328 539 1191 350 1527 370 1151 351 1266 453 1471 1492 294 1238 557 1268 1163 750 1215 1151 443 909 403 57 1356 0 1627 1099 66 1521 424 514 308 320 882 854 336 69 615 266 426 1099 380 630 1357 54 955 1206 622 1021 1099
1232 521 1084 1527 876 439 1249 460 492 410 1216 530 1395 518 1434 641 1415 515 1391 447 793 1638 511 1153 534 611 1000 576 665 1290 914 1437 1620 422 1627 0 627 1650 822 1487 1185 1456 1664 1072 1044 1540 1653 1116 1610 1302 627 1444 1104 572 1624 972 547 1087 910 626
645 327 498 940 290 455 668 468 621 270 754 644 809 469 906 475 887 347 805 413 434 1052 180 691 255 488 650 548 239 828 328 851 1092 445 1099 627 0 1122 463 959 723 870 1078 486 458 954 1125 654 1024 716 584 916 517 299 1096 386 539 501 324 562
632 1407 686 340 894 1388 553 1401 1274 1351 562 1214 372 1550 393 1173 374 1288 475 1493 1515 274 1261 580 1291 1186 773 1237 1174 466 932 426 75 1378 66 1650 1122 0 1544 446 537 330 300 905 877 359 49 638 246 448 1122 403 652 1380 73 978 1228 644 1043 1121
933 343 920 1310 712 711 1086 724 868 480 1171 891 1231 411 1328 737 1309 608 1227 406 168 1421 442 1108 517 749 958 804 501 1245 750 1143 1490 701 1498 822 463 1520 0 1381 1140 1239 1446 753 794 1322 1523 1071 1393 1138 840 1338 905 314 1495 608 795 923 677 818
590 1365 644 298 852 1346 510 1359 1232 1309 520 1172 330 1508 351 1131 332 1246 433 1451 1473 331 1219 538 1249 1144 731 1195 1132 424 890 384 310 1336 317 1608 1080 340 1502 0 495 288 357 862 835 317 343 595 303 406 1080 361 610 1338 314 936 1186 602 1001 1079
552 958 534 532 573 886 281 899 772 901 140 712 489 1100 358 671 339 786 485 1035 1074 565 820 78 789 684 271 735 672 214 611 610 544 876 551 1148 686 574 1103 411 0 522 591 716 688 551 577 135 537 397 620 368 554 939 548 668 726 456 607 619
350 1156 404 97 642 1188 334 1202 1222 1099 510 1162 154 1298 341 1111 322 1080 256 1241 1263 306 1009 528 1083 1124 721 1184 958 414 680 144 300 1179 308 1456 870 330 1292 395 485 0 332 653 625 116 333 586 278 229 1070 351 370 1128 305 696 1175 393 790 1070
649 1424 703 251 911 1405 569 1418 1291 1368 579 1231 389 1567 410 1190 391 1305 492 1510 1532 69 1278 597 1308 1203 790 1254 1191 483 949 443 317 1395 320 1667 1139 300 1561 463 554 332 0 921 894 234 303 654 76 465 1139 420 669 1397 322 995 1245 661 1060 1138
221 772 228 598 258 846 466 860 916 715 704 938 562 914 689 770 669 738 587 857 879 709 625 722 700 782 733 842 616 617 296 443 778 837 786 1072 486 809 908 742 679 527 735 0 61 611 811 737 681 498 878 698 194 744 783 469 833 284 407 856
262 744 252 639 230 818 438 832 888 687 676 910 563 886 661 742 641 710 559 829 851 750 597 694 672 754 705 814 588 589 268 484 820 809 827 1044 458 850 880 714 651 568 776 61 0 652 853 709 722 471 851 670 235 716 824 441 805 256 379 828
440 1244 494 61 731 1243 389 1256 1251 1188 538 1191 208 1386 370 1150 350 1135 311 1330 1352 208 1097 556 1138 1163 750 1214 1013 443 769 233 328 1234 336 1545 959 359 1381 423 514 116 234 741 713 0 361 614 180 284 1099 380 460 1217 333 786 1205 481 880 1098
635 1410 689 343 897 1391 555 1404 1277 1354 565 1217 375 1552 396 1176 377 1291 478 1496 1518 277 1263 583 1294 1189 776 1240 1177 469 935 428 78 1381 69 1653 1125 49 1547 449 540 333 303 907 879 361 0 640 249 451 1125 406 655 1383 75 981 1231 647 1046 1124
616 926 598 596 541 854 345 867 740 870 204 680 553 1068 422 639 402 754 549 1004 1042 628 788 141 757 652 239 703 640 277 579 673 607 844 615 1116 654 638 1071 475 173 586 654 737 709 614 640 0 600 460 588 431 617 907 612 637 694 520 575 587
595 1370 649 197 857 1351 516 1364 1237 1314 525 1177 335 1513 356 1136 337 1251 438 1456 1478 50 1224 543 1254 1149 736 1200 1137 429 895 389 263 1341 266 1613 1085 246 1507 409 500 278 76 867 840 180 249 601 0 411 1085 366 615 1343 268 941 1191 607 1006 1084
335 1001 316 266 488 1000 146 1014 1069 945 384 1033 134 1144 369 924 350 892 130 1087 1109 439 855 402 895 936 596 996 770 297 526 254 418 991 426 1302 716 448 1138 422 360 229 465 498 471 284 451 460 411 0 941 379 336 974 422 699 987 238 637 941
1038 530 890 1080 682 306 826 319 229 419 688 191 1034 536 906 163 887 280 1030 456 811 1113 520 625 361 133 472 156 464 761 720 1154 1092 297 1099 627 584 1122 840 959 657 1070 1139 878 851 1098 1125 588 1085 941 0 916 910 581 1096 778 147 893 717 39
535 1201 516 361 688 1182 346 1195 1068 1145 356 1008 393 1344 28 967 70 1082 467 1287 1309 394 1055 374 1085 980 567 1031 968 260 726 446 373 1172 380 1444 916 403 1338 137 331 351 420 698 671 380 406 431 366 379 916 0 536 1174 377 898 1022 438 837 915
145 803 57 441 289 878 304 891 947 747 541 970 405 945 526 801 507 770 425 889 910 552 656 560 731 814 753 874 647 455 327 351 622 868 630 1104 517 652 939 579 517 370 578 300 272 454 655 617 524 336 910 536 0 775 626 500 865 121 439 888
903 77 756 1198 548 451 921 465 618 215 1007 641 1066 250 1164 472 1144 343 1062 245 285 1310 261 944 284 485 794 545 337 1080 586 1109 1349 442 1357 572 299 1380 314 1217 976 1128 1336 744 716 1212 1382 907 1282 974 581 1174 775 0 1354 643 535 759 582 558
607 1382 660 314 868 1362 527 1375 1248 1325 536 1188 347 1524 367 1148 348 1263 449 1467 1489 296 1235 554 1265 1160 747 1212 1148 440 906 400 58 1353 54 1624 1096 73 1518 420 511 305 322 879 851 333 75 612 268 422 1096 377 626 1354 0 952 1203 619 1017 1096
368 681 374 744 210 756 626 769 825 624 746 848 708 823 848 679 829 648 747 767 788 855 534 684 609 692 642 752 525 776 222 578 925 746 933 982 395 955 817 901 715 673 881 187 229 757 958 646 827 658 788 858 340 653 929 0 742 443 136 765
993 484 845 1187 637 261 872 274 106 374 794 128 1080 491 1012 118 993 235 1076 411 766 1219 475 732 315 88 578 53 419 868 675 1198 1198 251 1206 547 539 1228 795 1066 763 1175 1245 833 805 1205 1231 694 1191 987 147 1022 865 535 1202 733 0 848 671 124
168 787 102 463 273 861 206 875 931 730 444 953 331 929 428 785 409 753 327 872 894 575 640 462 715 797 655 857 631 357 311 374 614 852 622 1087 501 644 923 482 419 393 601 284 256 476 647 520 547 238 893 438 121 759 619 484 848 0 422 871
452 610 419 829 211 684 590 698 754 553 675 777 730 752 827 608 808 576 726 696 717 940 463 613 538 621 571 681 454 749 249 662 1009 675 1017 910 324 1040 746 880 644 758 966 272 313 841 1042 575 912 637 717 837 425 582 1014 127 671 422 0 694
1016 507 868 1080 660 284 825 297 207 397 687 190 1033 514 905 141 886 258 1029 434 789 1112 498 625 338 111 471 133 442 761 698 1154 1091 274 1099 626 562 1121 818 959 656 1070 1138 856 828 1098 1124 587 1084 941 39 915 888 558 1095 756 124 871 694 0
EOF