NAME : tsp_problem
TYPE : TSP
DIMENSION : 46
EDGE_WEIGHT_TYPE : EXPLICIT
EDGE_WEIGHT_FORMAT : FULL_MATRIX
EDGE_WEIGHT_SECTION
0 79 1270 556 898 615 156 1142 966 183 518 735 444 1279 994 429 79 1015 246 1093 1352 927 1026 646 288 1324 715 996 510 1231 1003 1132 446 263 629 253 282 1142 1348 305 977 963 403 1338 722 705
79 0 1334 621 962 679 220 1206 1030 247 582 800 508 1343 1058 493 42 1079 310 1158 1417 991 1090 711 352 1388 779 1060 575 1295 1067 1196 510 265 693 283 346 1206 1412 242 1042 1027 467 1402 786 770
1218 1274 0 765 781 756 1181 750 603 1059 808 735 850 37 829 945 1276 678 1179 698 395 470 276 951 1467 158 707 546 860 707 666 441 938 1433 771 1433 1258 750 476 1410 710 439 1119 381 570 705
556 614 765 0 715 110 467 738 537 397 94 231 136 774 811 449 616 661 465 681 848 422 521 597 777 819 576 567 146 802 649 627 466 752 124 742 544 738 843 750 692 534 495 833 381 201
898 962 781 715 0 706 894 307 327 1031 757 684 799 790 160 595 961 181 892 259 710 618 537 374 978 835 357 291 809 417 168 490 588 953 720 944 746 307 660 1012 143 411 545 696 719 654
615 672 756 110 706 0 526 729 528 455 153 222 195 765 802 508 674 652 524 672 839 413 512 588 835 810 567 558 205 793 640 618 524 811 46 801 603 729 834 808 683 525 554 824 372 192
156 220 1181 467 894 526 0 1078 876 204 428 646 354 1190 990 340 219 1000 134 1021 1263 837 937 646 377 1235 626 907 421 1142 988 1043 357 352 540 342 371 1078 1258 410 974 874 386 1249 743 616
1142 1206 750 738 307 729 1078 0 275 1083 780 707 822 759 206 779 1206 186 1076 124 522 592 511 618 1222 804 541 239 832 188 174 373 772 1198 743 1188 990 57 431 1256 218 434 789 505 742 677
966 1030 603 537 327 528 876 275 0 882 579 506 621 612 349 578 1030 197 875 218 523 440 359 583 1184 657 340 103 631 339 185 302 571 1160 542 1150 952 275 517 1218 229 233 751 508 541 476
183 240 1111 397 1031 455 204 1083 882 0 358 576 284 1120 1128 477 241 1006 294 1026 1193 767 867 784 433 1164 764 912 351 1147 994 972 494 398 469 398 427 1083 1188 375 1038 879 523 1178 692 546
518 575 808 94 757 153 428 780 579 358 0 273 97 817 854 410 577 703 427 723 890 464 564 640 738 862 619 609 107 845 691 670 427 713 167 704 506 781 885 711 735 577 457 876 423 243
735 793 735 231 684 222 646 707 506 576 273 0 315 744 781 531 795 630 644 650 817 391 491 566 956 788 546 536 325 771 618 596 524 931 236 921 723 707 812 929 662 503 674 802 350 101
444 501 850 136 799 195 354 822 621 284 97 315 0 859 896 337 503 745 353 765 932 506 606 643 664 904 623 651 90 887 733 711 353 639 209 630 432 822 927 637 777 619 383 918 465 285
1227 1283 37 774 790 765 1190 759 612 1068 817 744 859 0 838 954 1285 687 1188 707 404 479 285 960 1476 167 716 555 869 716 675 450 947 1442 780 1442 1267 759 485 1419 719 448 1128 390 579 714
994 1058 829 811 160 802 990 206 349 1128 854 781 896 838 0 692 1058 202 989 226 625 667 586 471 1075 883 454 313 906 315 190 475 685 1050 817 1040 842 206 558 1108 164 508 642 607 816 751
429 493 945 449 595 508 340 779 578 477 410 531 337 954 692 0 493 702 338 722 1027 607 701 348 648 999 327 608 403 843 690 807 71 624 522 614 416 779 1022 682 675 575 215 1013 566 501
79 42 1334 620 962 679 219 1206 1030 247 582 799 508 1343 1058 493 0 1079 310 1157 1416 991 1090 710 352 1388 779 1060 574 1295 1067 1196 510 266 693 285 346 1206 1412 243 1041 1027 467 1402 786 769
1015 1079 678 661 181 652 1000 186 197 1006 703 630 745 687 202 702 1079 0 999 129 581 515 434 492 1096 732 464 161 755 332 97 360 695 1071 666 1061 863 186 575 1129 83 357 663 566 665 600
246 310 1179 465 892 524 134 1076 875 294 427 644 353 1188 989 338 310 999 0 1019 1261 836 935 644 467 1233 624 905 419 1140 986 1041 355 443 538 433 433 1076 1257 501 972 872 384 1247 794 614
1093 1158 698 681 259 672 1021 124 218 1026 723 650 765 707 226 722 1157 129 1019 0 543 535 454 570 1174 752 484 182 775 270 117 380 715 1149 686 1139 941 124 513 1207 161 377 741 526 685 620
1352 1410 395 848 710 839 1263 522 523 1193 890 817 932 404 625 1027 1412 581 1261 543 0 552 390 1022 1573 449 789 449 942 479 568 304 1020 1548 853 1538 1340 523 249 1546 612 521 1192 132 829 787
927 984 470 422 618 413 837 592 440 767 464 391 506 479 667 607 986 515 836 535 552 0 226 643 1147 523 544 383 516 559 503 331 600 1122 427 1113 915 592 547 1120 547 276 780 537 426 361
1026 1084 276 521 537 512 937 511 359 867 564 491 606 285 586 701 1086 434 935 454 390 226 0 707 1247 330 463 302 616 478 422 250 694 1222 527 1212 1014 512 466 1219 466 195 875 376 526 461
646 711 951 597 374 588 646 619 583 784 640 566 643 960 471 348 710 492 644 570 1022 643 707 0 727 1004 363 602 692 728 479 801 341 702 602 693 495 619 971 761 454 580 294 1007 601 536
288 352 1491 777 978 836 377 1223 1184 433 738 956 664 1500 1075 648 352 1096 467 1174 1573 1147 1247 727 0 1545 934 1206 731 1332 1084 1352 665 155 850 145 363 1223 1568 306 1058 1182 484 1559 972 926
1271 1328 158 819 835 810 1235 804 657 1113 862 788 904 167 883 999 1330 732 1233 752 449 523 330 1004 1521 0 761 600 914 761 719 495 992 1487 824 1487 1312 804 530 1464 763 493 1172 434 623 758
715 779 707 576 357 567 626 541 340 764 619 546 623 716 454 327 779 464 624 484 789 544 463 363 934 761 0 370 671 605 451 568 320 909 582 899 701 541 784 967 437 337 501 775 581 516
996 1060 546 567 291 558 907 239 103 912 609 536 651 555 313 608 1060 161 905 182 449 383 302 602 1206 600 370 0 661 265 149 228 601 1182 572 1172 974 239 443 1240 193 255 773 434 571 506
510 568 860 146 809 205 421 832 631 351 107 325 90 869 906 403 570 755 419 775 942 516 616 692 731 914 671 661 0 897 743 721 420 706 219 696 498 832 937 704 787 629 449 928 475 295
1231 1295 707 802 417 793 1142 188 339 1147 845 771 887 716 315 843 1295 332 1140 270 479 559 478 728 1332 761 605 265 897 0 320 340 836 1307 807 1297 1099 203 265 1365 364 431 899 385 806 741
1003 1067 666 649 168 640 988 174 185 994 691 618 733 675 190 690 1067 97 986 117 568 503 422 479 1083 719 451 149 743 320 0 348 683 1059 654 1049 851 174 563 1117 70 345 650 554 653 588
1132 1189 441 627 490 618 1043 373 302 972 670 596 711 450 475 807 1191 360 1041 380 304 331 250 801 1352 495 568 228 721 340 348 0 800 1328 632 1318 1120 373 275 1325 392 301 972 287 631 566
446 510 938 466 588 524 357 772 571 494 427 524 353 947 685 71 510 695 355 715 1020 600 694 341 665 992 320 601 420 836 683 800 0 640 539 630 432 772 1015 698 668 568 232 1006 559 494
263 265 1466 752 954 811 352 1198 1160 408 713 931 640 1475 1050 624 266 1071 443 1149 1548 1123 1222 702 155 1520 909 1182 706 1307 1059 1328 640 0 825 59 338 1198 1543 192 1033 1157 459 1534 947 901
629 687 771 124 720 46 540 743 542 469 167 236 209 780 817 522 688 666 538 686 853 427 527 602 850 824 582 572 219 807 654 632 539 825 0 815 617 743 848 822 698 539 568 838 386 206
253 283 1456 742 944 801 342 1188 1150 398 704 921 630 1465 1040 614 285 1061 433 1140 1539 1113 1212 693 145 1510 899 1172 697 1297 1049 1318 631 59 815 0 328 1188 1534 211 1024 1147 449 1524 937 892
282 346 1258 544 746 603 371 990 952 427 506 723 432 1267 842 416 346 863 433 942 1341 915 1014 495 363 1312 701 974 499 1099 851 1120 433 338 617 328 0 990 1336 396 826 949 251 1326 874 694
1142 1206 750 738 307 729 1078 57 275 1083 781 707 822 759 206 779 1206 186 1076 124 523 592 512 619 1223 804 541 239 832 203 174 373 772 1198 743 1188 990 0 446 1256 218 434 789 505 742 677
1348 1405 476 843 660 834 1258 431 517 1188 885 812 927 485 558 1022 1407 575 1257 513 249 547 466 971 1568 530 784 443 937 265 563 275 1015 1543 848 1534 1336 446 0 1541 607 517 1142 155 847 782
305 242 1524 810 1012 869 410 1256 1218 466 772 989 698 1533 1108 682 243 1129 501 1208 1607 1181 1280 761 306 1578 967 1240 765 1365 1117 1386 699 192 883 211 396 1256 1602 0 1092 1215 517 1592 1005 959
977 1042 710 692 143 683 974 218 229 1038 735 662 777 719 164 675 1041 83 972 161 612 547 466 454 1058 763 437 193 787 364 70 392 668 1033 698 1024 826 218 607 1091 0 389 625 598 697 632
963 1027 439 534 411 525 874 434 233 879 577 503 619 448 508 575 1027 357 872 377 521 276 195 580 1182 493 337 255 629 431 345 301 568 1157 539 1147 949 434 517 1215 389 0 749 507 538 473
403 467 1119 495 545 554 386 789 751 523 457 674 383 1128 642 215 467 663 384 741 1192 780 875 294 484 1172 501 773 449 899 650 972 232 459 568 449 251 789 1142 517 625 749 0 1178 739 644
1338 1396 381 833 696 824 1249 505 508 1178 876 802 918 390 607 1013 1397 566 1247 526 132 537 376 1007 1559 434 775 434 928 385 554 287 1006 1534 838 1524 1326 505 155 1531 598 507 1178 0 815 773
692 749 850 334 800 330 713 823 621 533 326 211 410 859 896 646 751 745 739 766 932 507 606 682 942 904 661 651 420 887 733 712 639 907 344 907 818 823 927 884 777 619 769 918 0 217
705 763 705 201 654 192 616 677 476 546 243 101 285 714 751 501 765 600 614 620 787 361 461 536 926 758 516 506 295 741 588 566 494 901 206 891 693 677 782 899 632 473 644 773 320 0
EOF