NAME : tsp_problem
TYPE : TSP
DIMENSION : 34
EDGE_WEIGHT_TYPE : EXPLICIT
EDGE_WEIGHT_FORMAT : FULL_MATRIX
EDGE_WEIGHT_SECTION
0 524 867 879 477 684 833 727 666 246 884 1084 473 295 351 990 486 776 948 911 787 1337 511 185 900 874 924 779 995 700 1329 1111 994 1054
524 0 1092 781 703 909 1058 630 313 304 1109 1309 699 789 261 1216 388 407 877 1136 716 1563 493 363 803 1100 1149 1005 1221 926 1555 1336 1219 1279
867 1092 0 1447 645 314 173 1296 939 815 34 424 564 1132 919 259 1055 998 757 401 596 678 796 753 1469 404 193 270 264 349 670 451 262 394
879 781 1447 0 1058 1264 1413 341 940 659 1464 1664 1054 1144 558 1571 488 1033 1503 1491 1343 1918 1092 718 107 1455 1504 1360 1576 1281 1910 1691 1574 1634
477 703 645 1058 0 463 611 906 561 426 662 862 129 743 530 769 665 679 733 689 572 1116 407 364 1079 653 703 558 774 479 1108 889 772 832
684 909 314 1264 463 0 323 1113 757 632 301 574 381 950 737 480 872 816 574 259 414 827 613 571 1286 261 414 127 485 68 819 601 484 544
833 1058 173 1413 611 323 0 1262 905 781 190 273 530 1098 885 285 1021 964 723 549 562 526 762 719 1435 513 231 418 290 339 518 300 226 243
727 630 1296 341 906 1113 1262 0 788 508 1313 1513 903 993 407 1419 337 881 1352 1340 1191 1766 940 566 362 1303 1353 1208 1424 1129 1758 1540 1423 1483
666 313 939 940 561 757 905 788 0 463 957 1156 558 932 420 1063 547 123 586 983 425 1398 185 522 961 947 997 852 1068 773 1390 1183 1066 1127
246 304 815 659 426 632 781 508 463 0 832 1032 422 512 132 938 267 556 896 859 735 1285 459 86 681 823 872 727 944 649 1277 1059 942 1002
884 1109 34 1464 662 301 190 1313 957 832 0 441 581 1149 936 276 1072 1016 774 388 614 695 813 771 1486 391 192 257 281 337 687 468 280 412
1084 1309 424 1664 862 574 273 1513 1156 1032 441 0 781 1349 1136 267 1272 1115 974 800 813 331 1013 970 1686 764 339 669 273 590 323 64 209 59
473 699 564 1054 129 381 530 903 558 422 581 781 0 739 526 687 661 675 651 608 490 1034 403 360 1076 571 621 476 692 397 1026 808 691 751
295 789 1132 1144 743 950 1098 993 932 512 1149 1349 739 0 616 1256 752 1041 1213 1176 1053 1603 777 450 1166 1140 1190 1045 1261 966 1595 1376 1259 1319
351 261 919 558 530 737 885 407 420 132 936 1136 526 616 0 1043 166 513 984 963 823 1390 564 190 580 927 977 832 1048 753 1382 1163 1046 1106
990 1216 259 1571 769 480 285 1419 1063 938 276 267 687 1256 1043 0 1178 1122 881 642 720 521 919 877 1592 644 167 511 36 497 513 294 100 238
486 388 1055 488 665 872 1021 337 547 267 1072 1272 661 752 166 1178 0 640 1111 1099 950 1525 699 325 510 1062 1112 967 1183 888 1517 1299 1182 1242
776 407 998 1033 679 816 964 881 123 556 1016 1159 675 1041 513 1122 640 0 611 1042 484 1316 303 615 1054 1006 1056 911 1127 832 1308 1121 1125 1131
948 877 757 1503 733 574 723 1352 586 896 774 974 651 1213 984 881 1111 579 0 801 190 1218 467 835 1525 765 814 670 886 591 1210 1001 884 944
911 1136 401 1491 689 259 549 1340 983 859 388 800 608 1176 963 642 1099 1042 801 0 640 1054 840 797 1513 285 553 160 647 294 1046 827 645 771
787 716 596 1343 572 414 562 1191 425 735 614 813 490 1053 823 720 950 484 190 640 0 1067 306 674 1364 604 654 509 725 430 1059 840 723 784
1340 1565 680 1920 1118 830 529 1769 1355 1288 697 331 1037 1605 1392 523 1528 1272 1174 1056 1069 0 1269 1226 1942 1020 595 925 529 846 109 293 465 353
511 493 796 1092 407 613 762 940 185 459 813 1013 403 777 564 919 699 303 467 840 306 1266 0 398 1113 804 853 708 925 630 1258 1040 923 983
185 363 753 718 364 571 719 566 522 86 771 970 360 450 190 877 325 615 835 797 674 1224 398 0 739 761 811 666 882 587 1216 997 880 940
900 803 1469 107 1079 1286 1435 362 961 681 1486 1686 1076 1166 580 1592 510 1054 1525 1513 1364 1939 1113 739 0 1476 1526 1381 1597 1302 1931 1713 1596 1656
874 1100 404 1455 653 261 513 1303 947 823 391 764 571 1140 927 644 1062 1006 765 285 604 1018 804 761 1476 0 556 162 650 257 1010 791 648 734
924 1149 193 1504 703 414 231 1353 997 872 192 339 621 1190 977 167 1112 1056 814 553 654 592 853 811 1526 556 0 422 173 430 584 366 171 309
779 1005 270 1360 558 127 418 1208 852 727 257 669 476 1045 832 511 967 911 670 160 509 922 708 666 1381 162 422 0 516 163 914 696 514 639
995 1221 264 1576 774 485 290 1424 1068 944 281 273 692 1261 1048 36 1183 1127 886 647 725 526 925 882 1597 650 173 516 0 502 518 300 105 243
700 926 349 1281 479 68 339 1129 773 649 337 590 397 966 753 497 888 832 591 294 430 844 630 587 1302 257 430 163 502 0 836 617 500 560
1332 1557 672 1912 1110 822 521 1761 1346 1280 689 323 1028 1597 1384 515 1519 1264 1166 1048 1061 109 1261 1218 1934 1012 587 917 521 838 0 285 457 345
1111 1336 451 1691 889 601 300 1540 1160 1059 468 64 808 1376 1163 294 1299 1078 980 827 840 293 1040 997 1713 791 366 696 300 617 285 0 236 86
994 1219 262 1574 772 484 226 1423 1066 942 280 209 691 1259 1046 100 1182 1125 884 645 723 463 923 880 1596 648 171 514 105 500 455 236 0 179
1054 1279 394 1634 832 544 243 1483 1127 1002 412 59 751 1319 1106 238 1242 1098 944 771 784 353 983 940 1656 734 309 639 243 560 345 86 179 0
EOF