NAME : tsp_problem
TYPE : TSP
DIMENSION : 64
EDGE_WEIGHT_TYPE : EXPLICIT
EDGE_WEIGHT_FORMAT : FULL_MATRIX
EDGE_WEIGHT_SECTION
0 1027 343 804 993 671 1442 1144 1340 722 343 534 832 572 951 664 1272 1042 749 1304 1425 1012 787 591 1012 600 922 1286 743 827 1439 640 551 1414 1138 795 1352 1284 396 33 593 1569 949 1166 917 1137 521 949 740 967 473 710 1339 487 857 703 101 417 956 741 1317 1095 918 624
1027 0 771 981 1170 1549 1620 1322 1518 1036 771 1122 1420 714 95 1543 1450 1220 1611 1481 1603 1190 1482 768 1891 1142 1100 1464 1606 1005 1617 817 729 1592 1316 973 1540 1710 984 1030 516 2058 1126 1344 1095 1315 704 1127 1519 1206 593 1139 1517 1074 1299 881 981 1004 90 946 1495 92 1096 766
343 771 0 548 736 865 1186 888 1084 602 29 438 736 619 695 859 1016 786 927 1048 1169 756 798 335 1207 503 666 1030 922 571 1183 383 295 1158 882 539 1106 1276 300 346 337 1624 693 910 661 881 265 693 836 773 217 614 1083 391 761 447 297 321 700 512 1061 839 662 671
804 981 548 0 207 1142 1074 775 971 489 547 608 898 829 905 1037 903 673 1089 935 1056 643 960 358 1478 595 553 917 1084 458 1070 271 305 1045 769 194 993 1163 760 806 547 1511 580 797 548 768 345 580 998 660 419 592 970 851 753 145 758 781 910 399 948 1049 132 881
993 1170 736 207 0 1330 1262 964 1160 678 736 797 1087 1018 1094 1226 1092 862 1278 1124 1245 832 1149 547 1667 784 742 1106 1273 647 1259 459 493 1234 958 383 1182 1352 949 995 736 1700 768 986 737 957 534 769 1186 849 608 781 1159 1040 942 333 946 970 1099 588 1137 1238 164 1070
643 1518 834 1142 1330 0 1021 723 919 748 833 585 336 995 1442 127 851 978 211 882 1004 1000 250 1065 678 626 788 865 206 725 1017 903 1011 993 717 1133 941 950 568 645 1084 1235 814 745 905 716 1012 815 203 546 964 737 918 484 436 1041 597 539 1447 767 895 1585 1256 1046
1424 1620 1186 1074 1262 1021 0 518 335 844 1186 952 777 1468 1544 917 620 904 969 264 246 926 840 997 609 950 714 178 964 651 26 835 943 235 513 1065 208 294 1095 1427 1186 642 740 296 831 511 984 741 877 533 1058 947 269 1130 626 973 1378 1051 1549 754 287 1688 1188 1520
1144 1322 888 775 964 723 518 0 363 546 888 653 479 1170 1246 619 157 605 671 380 456 628 542 699 923 652 416 362 665 353 515 537 645 467 51 767 438 608 797 1147 888 956 442 242 533 70 686 442 579 235 760 649 415 831 328 675 1098 753 1251 456 393 1390 890 1222
1340 1518 1084 971 1160 919 335 363 0 742 1084 849 675 1366 1442 815 302 802 867 301 109 824 738 895 818 848 612 212 861 549 331 733 841 121 357 963 359 502 993 1343 1084 850 638 251 729 310 882 639 775 431 956 845 127 1028 524 871 1294 949 1447 652 190 1586 1086 1418
722 1036 602 489 678 748 844 546 742 0 602 215 505 884 960 644 674 444 696 706 827 414 567 413 1225 202 324 688 691 229 841 251 359 816 540 481 764 934 375 724 602 1282 350 568 319 539 400 351 604 430 474 199 741 466 524 389 676 396 965 115 719 1104 604 936
343 771 29 547 736 865 1186 888 1084 602 0 437 735 618 694 858 1016 786 927 1047 1168 756 798 334 1206 503 666 1030 921 571 1182 383 295 1157 882 539 1106 1275 299 345 336 1623 692 910 660 880 264 692 835 772 217 613 1083 390 760 447 297 320 699 511 1060 838 661 670
534 1122 438 608 797 585 952 653 849 215 437 0 341 959 1046 481 781 563 533 813 934 533 404 531 1062 93 443 795 527 348 948 369 478 923 647 600 871 1041 187 537 688 1389 469 675 438 646 518 470 441 476 568 203 848 278 366 508 488 208 1051 234 826 1189 722 1011
832 1420 736 898 1087 336 777 479 675 505 735 341 0 1197 1343 232 607 734 284 639 760 757 155 821 881 382 544 621 278 482 774 659 768 749 473 890 697 867 485 835 986 1215 571 501 661 472 808 571 192 302 866 493 674 520 192 797 786 441 1348 524 652 1487 1012 1249
589 714 619 829 1018 1016 1468 1170 1366 884 618 970 1219 0 638 1010 1298 1068 1094 1329 1451 1038 1132 616 1357 990 948 1312 1088 853 1464 665 577 1440 1164 821 1388 1558 831 591 364 1906 974 1192 943 1163 552 975 1085 1054 441 987 1365 922 1147 729 542 852 643 794 1342 782 944 116
951 95 695 905 1094 1473 1544 1246 1442 960 694 1046 1343 638 0 1467 1374 1144 1535 1405 1527 1114 1406 692 1814 1066 1024 1388 1529 929 1540 741 653 1516 1240 897 1464 1633 907 954 440 1981 1050 1268 1019 1238 627 1051 1443 1130 517 1063 1441 998 1223 805 905 928 87 869 1418 163 1019 690
636 1511 828 1037 1226 127 917 619 815 644 827 481 232 988 1435 0 747 873 107 778 899 896 145 960 672 522 683 760 101 621 913 798 907 888 613 1029 836 943 562 639 1077 1229 710 641 801 611 947 710 98 441 958 632 814 478 332 937 590 533 1440 663 791 1579 1151 1040
1272 1450 1016 903 1092 851 620 157 302 674 1016 781 607 1298 1374 747 0 733 799 508 395 756 670 827 1051 780 544 465 793 481 617 665 773 406 163 895 566 736 925 1275 1016 1084 570 370 661 198 814 570 707 363 888 777 380 960 456 803 1226 881 1379 584 444 1518 1018 1350
1042 1220 786 673 862 978 904 605 802 444 786 563 734 1068 1144 873 733 0 925 765 886 53 796 597 1309 550 248 747 920 321 900 435 543 875 600 665 823 993 723 1045 786 1341 183 628 150 598 584 244 834 490 658 547 801 814 583 573 996 744 1149 354 778 1288 788 1120
720 1595 912 1089 1278 211 969 671 867 696 911 533 284 1072 1519 107 799 925 0 830 951 948 197 1013 756 574 736 813 38 673 965 851 959 940 665 1081 889 1028 646 723 1161 1313 762 693 853 663 1000 762 151 493 1042 684 866 562 384 989 674 617 1524 715 843 1663 1204 1124
1304 1481 1048 935 1124 882 264 380 301 706 1047 813 639 1329 1405 778 508 765 830 0 328 787 701 858 563 812 575 189 825 513 260 696 805 317 374 926 78 248 957 1306 1047 596 601 157 692 372 845 602 738 395 919 808 243 991 488 834 1257 912 1410 615 220 1549 1049 1381
1425 1603 1169 1056 1245 1004 246 456 109 827 1168 934 760 1451 1527 899 395 886 951 328 0 909 822 979 729 933 696 160 946 634 243 817 926 84 450 1048 328 414 1078 1427 1169 762 723 279 814 403 966 723 860 516 1040 930 117 1112 609 956 1379 1034 1532 736 226 1670 1170 1502
1012 1190 756 643 832 1000 926 628 824 414 756 533 757 1038 1114 896 756 53 948 787 909 0 819 567 1331 520 271 770 943 326 922 405 513 898 622 635 846 1016 693 1015 756 1364 206 650 120 621 554 266 856 512 628 517 823 784 605 543 966 714 1119 324 800 1258 758 1090
759 1482 798 960 1149 250 840 542 738 567 798 404 155 1111 1406 145 670 796 197 701 822 819 0 884 794 445 607 684 192 544 836 722 830 811 536 952 760 929 547 761 1048 1277 633 564 724 534 871 633 106 364 928 555 737 582 255 860 713 503 1411 586 714 1550 1075 1162
591 768 335 358 547 1065 997 699 895 413 334 531 821 616 692 960 827 597 1013 858 979 567 884 0 1402 519 476 841 1007 382 993 194 106 968 693 350 917 1086 547 593 334 1434 503 721 471 691 132 503 921 583 206 515 894 638 676 258 545 568 697 322 871 836 472 668
1005 1880 1196 1470 1658 667 600 914 809 1214 1195 1051 870 1356 1803 661 1042 1300 745 554 720 1322 784 1393 0 1092 1110 652 740 1047 597 1231 1339 709 908 1461 498 430 930 1007 1446 715 1136 692 1227 907 1374 1137 737 929 1326 1202 743 846 970 1369 958 901 1808 1150 755 1947 1584 1408
600 1142 503 595 784 626 950 652 848 202 503 93 382 990 1066 522 780 550 574 812 933 520 445 519 1103 0 430 794 569 335 947 357 465 922 646 587 870 1040 253 602 708 1388 456 674 425 645 506 457 482 517 580 190 847 343 407 495 553 274 1071 221 825 1210 710 1042
922 1100 666 553 742 788 714 416 612 324 666 443 544 948 1024 683 544 248 736 575 696 271 607 476 1119 430 0 557 730 131 710 314 423 685 410 545 633 803 603 925 666 1151 85 438 176 408 463 85 644 300 538 427 611 693 393 453 876 624 1029 234 588 1167 667 1000
1286 1464 1030 917 1106 865 178 362 212 688 1030 795 621 1312 1388 760 465 747 813 189 160 770 684 841 660 794 557 0 807 495 174 679 787 149 356 909 248 345 939 1289 1030 693 584 140 675 355 828 584 721 377 902 791 153 973 470 817 1240 895 1393 598 131 1532 1032 1364
715 1590 906 1084 1273 206 964 665 861 691 906 527 278 1067 1514 101 793 920 38 825 946 943 192 1007 750 569 730 807 0 668 960 845 954 935 659 1076 883 1022 640 718 1156 1308 757 687 848 658 994 757 145 488 1036 679 860 557 378 983 669 611 1519 710 838 1658 1198 1119
827 1005 571 458 647 725 651 353 549 229 571 348 482 853 929 621 481 321 673 513 634 326 544 382 1056 335 131 495 668 0 648 220 328 623 347 450 571 741 508 830 571 1089 157 375 231 346 369 158 581 237 443 332 548 599 331 358 781 529 934 139 526 1073 573 905
1420 1617 1183 1070 1259 1017 26 515 331 841 1182 948 774 1464 1540 913 617 900 965 260 243 922 836 993 605 947 710 174 960 648 0 831 940 232 509 1061 204 290 1092 1423 1182 638 736 293 827 507 980 737 873 530 1054 943 265 1126 623 969 1374 1047 1545 750 283 1684 1184 1516
640 817 383 271 459 903 835 537 733 251 383 369 659 665 741 798 665 435 851 696 817 405 722 194 1240 357 314 679 845 220 831 0 140 806 531 262 754 924 529 642 383 1272 341 559 309 529 181 341 759 421 255 353 732 620 514 170 593 550 746 160 709 885 385 717
551 729 295 305 493 1011 943 645 841 359 295 478 768 577 653 907 773 543 959 805 926 513 830 106 1348 465 423 787 954 328 940 140 0 915 639 296 863 1033 508 554 295 1381 449 667 418 638 92 450 867 530 167 462 840 598 623 204 505 529 658 269 818 797 419 629
1414 1592 1158 1045 1234 993 235 467 121 816 1157 923 749 1440 1516 888 406 875 940 317 84 898 811 968 718 922 685 149 935 623 232 806 915 0 461 1037 317 403 1067 1416 1158 751 712 268 803 415 955 712 849 505 1029 919 106 1101 598 945 1368 1023 1521 725 215 1659 1159 1491
1138 1316 882 769 958 717 513 51 357 540 882 647 473 1164 1240 613 163 600 665 374 450 622 536 693 917 646 410 356 659 347 509 531 639 461 0 761 432 602 791 1141 882 950 436 236 527 64 680 437 573 229 754 643 409 826 322 669 1092 747 1245 450 387 1384 884 1216
795 973 539 194 383 1133 1065 767 963 481 539 600 890 821 897 1029 895 665 1081 926 1048 635 952 350 1470 587 545 909 1076 450 1061 262 296 1037 761 0 985 1155 752 798 539 1503 571 789 540 760 337 572 989 651 411 584 962 843 744 136 749 773 902 391 940 1041 308 873
1322 1540 1106 993 1182 941 208 438 359 764 1106 871 697 1388 1464 836 566 823 889 78 328 846 760 917 507 870 633 248 883 571 204 754 863 317 432 985 0 192 1015 1325 1106 540 660 216 751 431 903 660 797 453 978 867 301 1049 546 893 1276 971 1469 674 278 1607 1107 1440
1244 1710 1276 1163 1352 906 294 608 502 934 1275 1041 867 1558 1633 900 736 993 984 248 414 1016 929 1086 429 1040 803 345 979 741 290 924 1033 403 602 1155 192 0 1169 1246 1276 413 830 386 921 601 1073 830 967 623 1147 1036 436 1085 716 1062 1197 1140 1639 843 448 1777 1277 1609
396 984 300 760 949 599 1095 797 993 375 299 187 485 821 907 593 925 723 676 957 1078 693 547 547 941 253 603 939 671 508 1092 529 508 1067 791 752 1015 1185 0 399 550 1498 629 819 598 790 477 630 585 620 430 363 992 105 510 660 350 70 912 394 970 1051 874 873
33 1030 346 806 995 673 1445 1147 1343 724 345 537 835 574 954 667 1275 1045 751 1306 1427 1015 790 593 1015 602 925 1289 746 830 1441 642 554 1416 1141 798 1354 1286 399 0 596 1572 951 1169 920 1139 524 952 743 969 476 713 1342 489 860 706 103 419 959 743 1319 1097 921 626
593 516 337 547 736 1115 1186 888 1084 602 336 688 986 364 440 1109 1016 786 1177 1047 1169 756 1048 334 1457 708 666 1030 1172 571 1182 383 295 1158 882 539 1106 1276 550 596 0 1624 692 910 661 881 270 693 1085 772 159 705 1083 640 865 447 547 570 445 512 1060 584 662 416
1529 2060 1626 1513 1702 1192 644 958 852 1284 1626 1391 1217 1881 1984 1185 1086 1343 1269 598 764 1366 1280 1437 714 1390 1154 695 1264 1091 640 1275 1383 753 952 1505 542 413 1454 1531 1626 0 1180 736 1271 951 1424 1180 1261 973 1498 1387 786 1370 1066 1413 1483 1425 1989 1194 798 2128 1628 1932
949 1126 693 580 768 814 740 442 638 350 692 469 571 974 1050 710 570 183 762 601 723 206 633 503 1145 456 85 584 757 157 736 341 449 712 436 571 660 830 629 951 692 1178 0 464 111 435 490 80 670 326 564 453 637 720 419 479 902 650 1055 260 614 1194 694 1026
1166 1344 910 797 986 745 296 242 251 568 910 675 501 1192 1268 641 370 628 693 157 279 650 564 721 701 674 438 140 687 375 293 559 667 268 236 789 216 386 819 1169 910 734 464 0 555 235 708 465 601 257 782 671 193 854 350 697 1120 775 1273 478 171 1412 912 1244
917 1095 661 548 737 905 831 533 729 319 660 438 661 943 1019 801 661 150 853 692 814 120 724 471 1236 425 176 675 848 231 827 309 418 803 527 540 751 921 598 920 661 1268 111 555 0 526 458 171 761 417 533 422 728 688 510 448 871 619 1024 229 705 1162 662 995
1137 1315 881 768 957 716 511 70 310 539 880 646 472 1163 1238 611 198 598 663 372 403 621 534 691 916 645 408 355 658 346 507 529 638 415 64 760 431 601 790 1139 881 949 435 235 526 0 678 435 572 228 752 641 389 824 321 667 1091 745 1244 448 385 1382 882 1214
521 704 265 345 534 1043 984 686 882 400 264 518 808 552 627 947 814 584 1000 845 966 554 871 132 1384 506 463 828 994 369 980 181 92 955 680 337 903 1073 477 524 270 1421 490 708 458 678 0 490 908 570 141 502 881 568 663 244 475 498 632 309 858 771 459 603
949 1127 693 580 769 815 741 442 639 351 692 470 571 975 1051 710 570 244 762 602 723 266 633 503 1146 457 85 584 757 158 737 341 450 712 437 572 660 830 630 952 693 1178 80 465 171 435 490 0 671 327 564 454 638 720 420 480 903 650 1056 260 615 1194 694 1026
712 1519 836 998 1186 203 877 579 775 604 835 441 192 1064 1443 98 707 834 151 738 860 856 106 921 747 482 644 721 145 581 873 759 867 849 573 989 797 967 585 715 1085 1305 670 601 761 572 908 671 0 402 965 593 774 554 292 897 666 541 1448 623 751 1587 1112 1116
967 1206 773 660 849 546 533 235 431 430 772 476 302 1054 1130 441 363 490 493 395 516 512 364 583 938 517 300 377 488 237 530 421 530 505 229 651 453 623 620 969 772 971 326 257 417 228 570 327 402 0 644 533 430 654 151 559 921 576 1135 340 408 1274 774 1106
473 593 217 419 608 995 1058 760 956 474 217 568 866 441 517 989 888 658 1057 919 1040 628 928 206 1337 580 538 902 1052 443 1054 255 167 1029 754 411 978 1147 430 476 159 1495 564 782 533 752 141 564 965 644 0 576 955 520 737 319 427 451 522 383 932 660 533 493
710 1139 614 592 781 737 947 649 845 199 613 203 493 987 1063 632 777 547 684 808 930 517 555 515 1213 190 427 791 679 332 943 353 462 919 643 584 867 1036 363 713 705 1384 453 671 422 641 502 454 593 533 576 0 844 454 518 492 664 384 1068 218 821 1206 706 1038
1339 1517 1083 970 1159 918 269 415 127 741 1083 848 674 1365 1441 814 380 801 866 243 117 823 737 894 752 847 611 153 860 548 265 732 840 106 409 962 301 436 992 1342 1083 784 637 193 728 389 881 638 774 430 955 844 0 1027 523 870 1293 948 1446 651 132 1585 1085 1417
487 1074 391 851 1040 516 1130 831 1028 466 390 278 520 912 998 509 960 814 593 991 1112 784 582 638 857 343 693 973 588 599 1126 620 598 1101 826 843 1049 1129 105 489 640 1414 720 854 688 824 568 720 585 654 520 454 1027 0 544 750 441 161 1003 485 1004 1142 965 963
857 1299 761 753 942 436 626 328 524 524 760 366 192 1147 1223 332 456 583 384 488 609 605 255 676 981 407 393 470 378 331 623 514 623 598 322 744 546 716 510 860 865 1064 419 350 510 321 663 420 292 151 737 518 523 544 0 652 811 466 1228 433 501 1367 867 1199
703 881 447 145 333 1041 973 675 871 389 447 508 797 729 805 937 803 573 989 834 956 543 860 258 1378 495 453 817 983 358 969 170 204 945 669 136 893 1062 660 706 447 1410 479 697 448 667 244 480 897 559 319 492 870 750 652 0 657 680 810 298 847 948 259 781
101 981 297 758 946 625 1396 1098 1294 676 297 488 786 526 905 618 1226 996 702 1257 1379 966 741 545 966 553 876 1240 697 781 1392 593 505 1368 1092 749 1306 1238 350 103 547 1523 902 1120 871 1091 475 903 694 921 427 664 1293 441 811 657 0 371 910 695 1270 1049 872 577
417 1004 321 781 970 570 1051 753 949 396 320 208 441 842 928 564 881 744 632 912 1034 714 503 568 912 274 624 895 627 529 1047 550 529 1023 747 773 971 1140 70 419 570 1469 650 775 619 745 498 650 541 576 451 384 948 161 466 680 371 0 933 415 925 1072 895 893
956 90 700 910 1099 1478 1549 1251 1447 965 699 1051 1348 643 87 1472 1379 1149 1540 1410 1532 1119 1411 697 1819 1071 1029 1393 1535 934 1545 746 658 1521 1245 902 1469 1639 912 959 445 1987 1055 1273 1024 1244 632 1056 1448 1135 522 1068 1446 1003 1228 810 910 933 0 875 1423 158 1025 695
741 946 512 399 588 767 754 456 652 115 511 234 524 794 869 663 584 354 715 615 736 324 586 322 1159 221 234 598 710 139 750 160 269 725 450 391 674 843 394 743 512 1191 260 478 229 448 309 260 623 340 383 218 651 485 433 298 695 415 875 0 628 1013 513 845
1317 1495 1061 948 1137 895 287 393 190 719 1060 826 652 1342 1418 791 444 778 843 220 226 800 714 871 764 825 588 131 838 526 283 709 818 215 387 940 278 448 970 1319 1060 796 614 171 705 385 858 615 751 408 932 821 132 1004 501 847 1270 925 1423 628 0 1562 1062 1394
1095 92 839 1049 1238 1617 1688 1390 1586 1104 838 1189 1487 782 163 1610 1518 1288 1679 1549 1670 1258 1550 836 1958 1210 1167 1532 1673 1073 1684 885 797 1659 1384 1041 1607 1777 1051 1097 584 2125 1194 1412 1162 1382 771 1194 1587 1274 660 1206 1585 1142 1367 948 1049 1072 158 1013 1562 0 1163 834
918 1096 662 132 164 1256 1188 890 1086 604 661 722 1012 944 1019 1151 1018 788 1204 1049 1170 758 1075 472 1593 710 667 1032 1198 573 1184 385 419 1159 884 308 1107 1277 874 921 662 1625 694 912 662 882 459 694 1112 774 533 706 1085 965 867 259 872 895 1025 513 1062 1163 0 995
640 766 671 881 1070 1068 1520 1222 1418 936 670 1021 1270 116 690 1061 1350 1120 1145 1381 1502 1090 1184 668 1409 1042 1000 1364 1140 905 1516 717 629 1491 1216 873 1440 1609 883 643 416 1957 1026 1244 995 1214 603 1026 1137 1106 493 1038 1417 974 1199 781 594 904 695 845 1394 834 995 0
EOF