NAME : tsp_problem
TYPE : TSP
DIMENSION : 32
EDGE_WEIGHT_TYPE : EXPLICIT
EDGE_WEIGHT_FORMAT : FULL_MATRIX
EDGE_WEIGHT_SECTION
0 778 763 389 522 458 720 619 722 507 625 205 1310 768 845 1315 720 985 1269 215 734 757 1254 458 310 749 458 906 627 458 707 1180
778 0 58 505 931 382 89 495 167 449 958 603 971 796 1044 900 475 570 854 664 191 910 840 381 709 775 382 492 554 381 906 766
763 58 0 490 916 366 74 480 152 434 943 588 956 781 1029 885 460 555 839 649 176 894 825 366 694 760 367 477 539 366 891 751
389 505 490 0 509 147 446 308 448 196 536 453 1140 959 622 1069 644 739 1023 238 460 1061 1008 147 558 937 147 661 723 147 484 935
538 931 916 509 0 574 873 734 875 623 123 725 1499 957 621 1495 1070 1165 1449 580 887 946 1435 573 830 981 574 1087 1146 573 484 1361
458 382 366 147 574 0 323 185 325 92 600 521 1017 835 686 946 521 616 900 306 337 949 885 42 627 814 43 537 600 42 548 811
720 89 74 446 873 323 0 436 109 391 899 545 928 752 985 856 432 526 811 606 183 866 796 323 650 731 323 448 511 323 847 722
619 495 480 308 734 185 436 0 438 252 761 682 1130 949 847 1059 634 729 1013 467 451 1063 999 184 788 928 185 651 713 184 709 925
722 167 152 448 875 325 109 438 0 393 901 547 930 754 987 858 434 528 812 608 250 868 798 325 652 733 325 450 513 325 849 724
507 449 434 196 623 92 391 252 393 0 649 571 1085 903 735 1013 589 683 967 356 405 1017 953 91 676 882 92 605 668 91 597 879
641 958 943 536 123 600 899 761 901 649 0 822 1593 1061 648 1522 1097 1192 1476 607 913 1049 1462 600 927 1084 600 1114 1176 600 510 1388
205 603 588 453 708 521 545 682 547 571 811 0 1189 595 908 1140 545 810 1094 278 559 636 1079 521 114 574 522 731 452 521 770 1005
1270 974 959 1142 1465 1019 930 1133 932 1087 1568 1145 0 924 1681 140 703 424 529 1302 807 913 515 1019 1053 947 1019 590 783 1019 1544 229
740 796 781 959 936 835 752 949 754 903 1039 595 967 0 1473 951 356 621 905 843 629 167 890 835 524 77 836 542 263 835 1335 816
845 1044 1029 622 621 686 985 847 987 735 648 908 1679 1473 0 1608 1183 1278 1562 693 999 1516 1547 686 1013 1451 686 1200 1262 686 290 1474
1307 900 885 1069 1495 946 856 1059 858 1013 1522 1140 140 951 1608 0 630 350 456 1228 733 950 441 945 1091 929 946 516 709 945 1470 156
720 475 460 644 1070 521 432 634 434 589 1097 545 701 356 1183 630 0 300 584 793 308 469 570 520 583 334 521 222 114 521 1045 496
985 570 555 739 1165 616 526 729 528 683 1192 810 421 621 1278 350 300 0 356 898 403 734 342 615 848 599 616 186 379 615 1140 216
1269 854 839 1023 1449 900 811 1013 812 967 1476 1094 527 905 1562 456 584 356 0 1182 687 1018 84 899 1132 883 900 470 663 899 1424 405
215 664 649 238 580 306 606 467 608 356 607 278 1300 843 693 1228 793 898 1182 0 620 887 1168 306 384 822 307 820 700 306 555 1094
734 191 176 460 887 337 183 451 250 405 913 559 805 629 999 733 308 403 687 620 0 743 673 337 664 608 337 325 388 337 861 599
729 910 894 1029 924 949 866 1063 868 1017 1028 605 956 167 1485 983 469 734 1018 855 743 0 1004 949 512 190 949 656 376 949 1347 930
1254 840 825 1008 1435 885 796 999 798 953 1462 1079 513 890 1547 441 570 342 84 1168 673 1004 0 885 1118 869 885 456 649 885 1410 391
458 381 366 147 573 42 323 184 325 91 600 521 1017 835 686 945 520 615 899 306 337 949 885 0 626 814 42 537 599 42 548 811
310 709 694 558 813 627 650 788 652 676 917 114 1097 555 1013 1124 583 848 1132 384 664 544 1118 626 0 578 627 770 490 627 875 1044
749 775 760 937 959 814 731 928 733 882 1062 574 991 77 1451 929 334 599 883 822 608 190 869 814 547 0 814 521 241 814 1314 795
458 382 367 147 574 43 323 185 325 92 600 522 1017 836 686 946 521 616 900 307 337 949 885 42 627 814 0 537 600 42 548 811
906 492 477 661 1087 537 448 651 450 605 1114 731 587 542 1200 516 222 186 470 820 325 656 456 537 770 521 537 0 301 537 1062 382
627 554 539 723 1130 600 511 713 513 668 1176 452 780 263 1262 709 114 379 663 700 388 376 649 599 490 241 600 301 0 600 1124 575
458 381 366 147 573 42 323 184 325 91 600 521 1017 835 686 945 521 615 899 306 337 949 885 42 627 814 42 537 600 0 548 811
707 906 891 484 484 548 847 709 849 597 510 770 1541 1335 290 1470 1045 1140 1424 555 861 1378 1410 548 875 1314 548 1062 1124 548 0 1336
1180 766 751 935 1361 811 722 925 724 879 1388 1005 227 816 1474 156 496 216 405 1094 599 930 391 811 1044 795 811 382 575 811 1336 0
EOF