NAME : tsp_problem
TYPE : TSP
DIMENSION : 48
EDGE_WEIGHT_TYPE : EXPLICIT
EDGE_WEIGHT_FORMAT : FULL_MATRIX
EDGE_WEIGHT_SECTION
0 1430 904 1312 1096 1100 616 231 465 653 215 768 806 857 987 144 660 631 164 737 781 850 738 1075 1009 939 212 813 1260 136 970 176 797 1255 180 616 1276 929 308 789 827 733 40 1106 40 860 838 963
1430 0 934 679 1125 806 987 1488 1415 1334 1247 1500 1060 886 1154 1473 1856 1002 1573 1501 1166 879 1123 1087 1019 1124 1484 842 322 1544 1416 1585 1084 961 1584 1947 338 1375 1638 1102 639 1046 1429 812 1430 1509 731 669
904 934 0 816 367 604 461 963 890 833 722 1031 740 128 921 948 1465 477 1047 1000 641 121 598 885 817 873 958 111 764 1019 1165 1059 596 759 1058 1421 780 1124 1113 577 331 521 904 610 904 1123 342 467
1312 679 816 0 1007 688 869 1370 1298 1216 1129 1001 942 768 855 1355 1357 884 1455 1185 1049 761 1005 944 901 873 1366 724 509 1427 917 1467 966 557 1466 1829 526 876 1520 984 521 928 1311 648 1312 1010 613 551
1096 1125 367 1007 0 796 653 1154 1082 1025 913 1222 931 258 1112 1139 1657 668 1239 1192 832 276 789 1076 1008 1065 1150 303 955 1210 1357 1251 788 950 1250 1613 972 1315 1304 768 523 712 1095 802 1096 1314 533 658
1100 806 604 688 796 0 657 1159 1086 733 918 899 460 557 553 1144 1255 672 1243 900 837 550 794 486 419 524 1154 513 636 1215 816 1255 484 361 1254 1617 653 774 1309 546 329 596 1100 212 1100 909 402 161
616 987 461 869 653 657 0 675 602 603 434 749 509 414 690 660 1177 52 759 719 217 407 173 662 594 643 670 370 817 731 935 771 366 812 770 1133 833 893 825 346 384 290 616 663 616 841 395 520
231 1488 963 1370 1154 1159 675 0 549 712 274 826 864 915 1045 275 661 690 349 796 840 908 797 1134 1068 998 342 872 1318 313 1029 299 856 1313 254 617 1335 987 309 847 886 791 231 1165 231 918 897 1021
465 1415 890 1298 1082 1086 602 549 0 639 308 754 792 842 972 346 1051 617 607 723 767 835 724 1061 995 925 302 799 1245 579 956 619 783 1241 623 1007 1262 915 699 775 813 719 465 1092 465 846 824 949
653 1334 833 1205 1025 733 603 712 639 0 471 345 300 786 481 697 987 618 796 315 782 779 739 570 504 434 707 742 1164 768 548 808 292 749 807 1170 1180 506 862 326 756 375 653 604 653 437 767 689
215 1247 722 1129 913 918 434 274 308 471 0 585 623 674 804 259 777 449 359 555 599 667 555 893 827 757 327 631 1077 330 788 370 615 1072 370 732 1094 746 424 606 645 550 215 924 215 677 656 780
768 1469 1031 979 1222 868 749 826 754 345 585 0 498 983 371 811 663 764 911 206 914 976 871 460 507 390 822 940 1299 883 224 923 489 597 922 1144 1315 182 976 523 954 573 768 688 768 113 965 823
806 1060 740 932 931 460 509 864 792 300 623 498 0 692 208 849 892 524 949 467 689 685 646 296 231 160 860 649 890 921 452 961 198 476 960 1323 907 411 1014 232 583 282 806 330 806 545 656 415
857 886 128 768 258 557 414 915 842 786 674 983 692 0 873 900 1418 429 1000 953 593 56 550 837 769 826 911 64 716 971 1118 1011 549 711 1011 1374 733 1076 1065 529 284 473 856 563 856 1075 294 419
987 1154 921 833 1112 553 690 1045 972 481 804 403 208 873 0 1030 759 705 1130 587 870 866 826 115 163 93 1041 829 984 1101 319 1138 379 450 1093 1240 1000 278 1148 413 676 463 986 423 986 412 749 509
144 1473 948 1355 1139 1144 660 275 346 697 259 811 849 900 1030 0 777 675 287 781 825 893 781 1119 1053 983 93 857 1303 259 1014 299 841 1298 303 733 1320 972 424 832 871 776 144 1150 144 903 882 1006
651 1845 1456 1356 1648 1244 1169 653 1043 977 768 653 881 1409 748 768 0 1184 587 837 1333 1402 1290 836 883 766 809 1365 1675 551 569 537 1052 973 493 639 1692 559 547 1086 1367 1136 651 1064 651 662 1390 1200
631 1002 477 884 668 672 52 690 617 618 449 764 524 429 705 675 1192 0 774 734 204 422 161 677 609 658 685 385 832 746 950 786 381 827 785 1148 848 908 840 361 399 305 631 678 631 856 410 535
164 1573 1047 1455 1239 1243 759 349 607 796 359 911 949 1000 1130 287 596 774 0 880 924 993 881 1218 1152 1082 322 956 1403 72 975 112 940 1380 116 552 1419 965 244 932 970 876 164 1249 164 1003 981 1106
737 1501 1000 1164 1192 900 719 796 723 315 555 206 467 953 556 781 847 734 880 0 883 946 840 644 671 574 791 909 1331 852 408 892 459 781 891 1254 1347 366 946 493 923 542 737 771 737 297 934 856
781 1166 641 1049 832 837 217 840 767 782 599 914 689 593 870 825 1342 204 924 883 0 586 65 842 774 822 835 550 996 896 1114 936 545 992 935 1298 1013 1073 990 526 564 470 781 843 781 1006 575 700
850 879 121 761 276 550 407 908 835 779 667 976 685 56 866 893 1411 422 993 946 586 0 543 830 762 819 904 57 709 964 1111 1005 542 704 1004 1367 726 1069 1058 522 277 466 849 556 850 1068 287 412
738 1123 598 1005 789 794 173 797 724 739 555 871 646 550 826 781 1299 161 881 840 65 543 0 799 731 779 792 507 953 853 1071 893 502 949 892 1255 970 1030 946 482 521 426 738 800 738 963 532 656
1075 1087 885 921 1076 486 662 1134 1061 570 893 491 296 837 115 1119 847 677 1218 676 842 830 799 0 96 181 1129 794 917 1190 407 1226 322 502 1182 1328 934 366 1236 385 609 435 1075 357 1075 501 682 442
1009 1019 817 890 1008 419 594 1068 995 504 827 538 231 769 163 1053 894 609 1152 671 774 762 731 96 0 163 1063 726 849 1124 455 1164 254 435 1163 1375 866 413 1218 317 541 367 1009 289 1009 548 614 374
939 1124 873 851 1065 524 643 998 925 434 757 421 160 826 93 983 777 658 1082 601 822 819 779 181 163 0 993 782 954 1054 337 1094 332 468 1093 1258 971 296 1148 366 647 415 939 394 939 430 720 479
212 1484 958 1366 1150 1154 670 342 302 707 327 822 860 911 1041 93 818 685 322 791 835 904 792 1129 1063 993 0 867 1314 294 1024 334 851 1309 338 774 1330 983 465 843 881 787 212 1160 212 914 892 1017
813 842 111 724 303 513 370 872 799 742 631 940 649 64 829 857 1374 385 956 909 550 57 507 794 726 782 867 0 672 928 1074 968 505 668 967 1330 689 1033 1022 485 240 429 813 519 813 1032 251 375
1260 322 764 509 955 636 817 1318 1245 1164 1077 1330 890 716 984 1303 1686 832 1403 1331 996 709 953 917 849 954 1314 672 0 1374 1246 1415 914 791 1414 1777 87 1205 1468 932 469 876 1259 642 1259 1339 561 499
136 1544 1019 1427 1210 1215 731 313 579 768 330 883 921 971 1101 259 560 746 72 852 896 964 853 1190 1124 1054 294 928 1374 0 939 76 912 1343 80 516 1391 929 207 904 942 848 136 1221 136 975 953 1078
848 1412 1112 923 1303 812 830 907 834 426 666 102 448 1064 315 892 607 845 991 286 994 1057 951 404 451 333 902 1020 1242 963 0 986 570 540 941 1088 1259 126 996 604 935 653 848 632 848 111 1008 767
176 1585 1059 1467 1251 1255 771 299 619 808 370 923 961 1011 1104 299 546 786 112 892 936 1005 893 1193 1164 1094 334 968 1415 76 925 0 952 1330 66 502 1431 915 194 944 982 888 176 1261 176 1015 993 1118
797 1084 596 956 788 484 366 856 783 292 615 489 198 549 379 841 1063 381 940 459 545 542 502 322 254 332 851 505 914 912 624 952 0 500 951 1314 931 582 1006 89 519 138 797 354 797 581 530 439
1255 961 759 540 950 361 812 1313 1241 749 1072 625 476 711 479 1298 980 827 1398 809 992 704 949 502 435 497 1309 668 791 1370 541 1359 500 0 1315 1461 808 499 1369 562 484 612 1254 175 1255 634 556 316
180 1584 1058 1466 1250 1254 770 254 623 807 370 922 960 1011 1060 303 502 785 116 891 935 1004 892 1148 1163 1078 338 967 1414 80 881 66 951 1285 0 457 1430 871 149 943 981 887 180 1260 180 974 992 1117
619 1949 1424 1804 1615 1619 1136 620 1010 1172 735 1101 1325 1376 1196 735 637 1151 554 1256 1300 1369 1257 1284 1331 1214 776 1332 1779 518 1017 504 1316 1421 460 0 1796 1007 514 1308 1346 1252 619 1512 619 1110 1357 1482
1276 338 780 526 972 653 833 1335 1262 1180 1094 1347 907 733 1000 1320 1703 848 1419 1347 1013 726 970 934 866 971 1330 689 87 1391 1263 1431 931 808 1430 1793 0 1222 1485 949 486 893 1276 659 1276 1356 578 516
999 2024 1773 1535 1964 1423 1516 1000 1390 1155 1115 831 1060 1725 927 1116 506 1531 935 1016 1681 1718 1638 1015 1062 945 1156 1682 1854 898 748 885 1231 1152 840 987 1870 0 895 1265 1546 1315 999 1243 999 841 1619 1379
308 1638 1113 1520 1304 1309 825 309 699 862 424 976 1014 1065 1114 424 556 840 244 946 990 1058 946 1203 1218 1133 465 1022 1468 207 935 194 1006 1340 149 512 1485 925 0 997 1036 941 308 1315 308 1029 1047 1171
789 1102 577 984 768 546 346 847 775 326 606 523 232 529 413 832 1097 361 932 493 526 522 482 385 317 366 843 485 932 904 657 944 89 562 943 1306 949 616 997 0 500 118 788 417 789 615 510 502
827 639 331 521 523 329 384 886 813 756 645 954 583 284 676 871 1378 399 970 923 564 277 521 609 541 647 881 240 469 942 939 982 519 484 981 1344 486 897 1036 500 0 444 827 335 827 1032 129 191
733 1046 521 928 712 596 290 791 719 375 550 573 282 473 463 776 1147 305 876 542 470 466 426 435 367 415 787 429 876 848 707 888 138 612 887 1250 893 666 941 118 444 0 732 466 733 665 454 551
40 1429 904 1311 1095 1100 616 231 465 653 215 768 806 856 986 144 660 631 164 737 781 849 738 1075 1009 939 212 813 1259 136 970 176 797 1254 180 616 1276 928 308 788 827 732 0 1106 40 859 838 963
1106 812 610 631 802 212 663 1165 1092 604 924 716 330 563 423 1150 1072 678 1249 771 843 556 800 357 289 394 1160 519 642 1221 632 1261 354 175 1260 1553 659 591 1315 417 335 466 1106 0 1106 725 408 167
40 1430 904 1312 1096 1100 616 231 465 653 215 768 806 856 986 144 660 631 164 737 781 850 738 1075 1009 939 212 813 1259 136 970 176 797 1255 180 616 1276 929 308 789 827 733 40 1106 0 860 838 963
860 1478 1123 989 1314 877 841 918 846 437 677 113 514 1075 381 903 673 856 1003 297 1006 1068 963 469 516 399 914 1032 1308 975 233 1015 581 606 1007 1153 1325 192 1062 615 1000 665 859 697 860 0 1057 833
838 731 342 613 533 402 395 897 824 767 656 965 656 294 749 882 1399 410 981 934 575 287 532 682 614 720 892 251 561 953 1011 993 530 556 992 1355 578 970 1047 510 129 454 838 408 838 1057 0 264
963 669 467 551 658 161 520 1021 949 689 780 855 415 419 509 1006 1211 535 1106 856 700 412 656 442 374 479 1017 375 499 1078 771 1118 439 316 1117 1480 516 730 1171 502 191 551 963 167 963 864 264 0
EOF