NAME : tsp_problem
TYPE : TSP
DIMENSION : 34
EDGE_WEIGHT_TYPE : EXPLICIT
EDGE_WEIGHT_FORMAT : FULL_MATRIX
EDGE_WEIGHT_SECTION
0 528 1334 661 814 1141 323 1158 666 978 814 132 823 1044 946 143 945 888 196 928 1173 1187 946 765 798 1185 1127 1074 743 153 1460 749 742 255
528 0 1109 436 588 916 223 932 169 753 588 514 598 818 721 465 720 663 689 702 948 962 720 539 573 960 902 848 518 508 1235 523 245 337
1334 1109 0 716 776 779 1263 796 1247 616 808 1338 817 682 416 1224 416 817 1394 983 237 825 416 744 777 823 318 394 860 1267 630 711 1284 1095
661 436 716 0 196 871 590 888 574 708 544 665 553 774 676 551 676 270 775 658 555 917 676 495 528 915 795 804 473 594 1190 131 611 422
814 588 776 196 0 1017 742 1034 727 854 696 817 706 920 822 703 822 255 927 810 615 1064 822 647 681 1061 855 930 626 746 1241 115 763 575
1141 916 779 871 1017 0 1070 150 1054 302 614 1145 623 298 390 1030 390 1091 1254 789 773 162 390 550 584 178 571 518 666 1074 905 952 1090 902
323 223 1263 590 742 1070 0 1086 361 907 742 309 752 972 874 344 874 816 497 856 1102 1116 874 693 727 1114 1056 1002 672 387 1389 677 436 241
1158 932 796 888 1034 150 1086 0 1071 318 631 1161 640 315 407 1047 406 1108 1271 806 790 67 407 567 600 76 588 535 683 1090 921 969 1107 919
666 169 1247 574 727 1054 361 1071 0 891 727 653 736 957 859 603 858 801 827 841 1086 1100 859 678 711 1098 1040 987 656 647 1373 662 357 475
978 753 616 708 854 302 907 318 891 0 451 982 461 208 227 867 227 928 1091 626 611 348 227 387 421 346 409 355 503 911 742 789 928 739
814 588 808 544 696 614 742 631 727 451 0 817 33 517 419 703 419 770 927 224 674 660 419 101 144 658 600 547 104 746 933 631 763 575
132 514 1338 665 817 1145 309 1161 653 982 817 0 827 1047 949 252 949 891 305 931 1177 1191 949 768 802 1189 1131 1077 747 262 1464 752 728 259
823 598 817 553 706 623 752 640 736 461 33 827 0 526 428 713 428 780 937 233 683 670 428 110 154 667 610 556 114 756 943 641 773 584
1044 818 682 774 920 298 972 315 957 208 517 1047 526 0 293 933 292 994 1157 692 676 344 293 453 486 342 474 421 569 976 807 855 993 804
946 721 416 676 822 390 874 407 859 227 419 949 428 293 0 835 30 896 1059 594 411 437 30 355 388 434 209 157 471 879 542 757 895 707
143 465 1224 551 703 1030 344 1047 603 867 703 252 713 933 835 0 835 777 256 817 1063 1077 835 654 688 1074 1017 963 633 76 1350 638 640 145
945 720 416 676 822 390 874 406 858 227 419 949 428 292 30 835 0 896 1059 594 411 436 30 354 388 434 209 157 470 878 542 757 895 706
888 663 789 270 255 1091 816 1108 801 928 770 891 780 994 896 777 896 0 1001 884 689 1138 896 721 755 1135 929 1004 700 821 1082 176 837 649
196 689 1360 775 927 1254 497 1271 827 1091 927 305 937 1157 1059 256 1059 1001 0 1041 1286 1301 1059 878 912 1298 1241 1187 857 267 1574 862 864 369
928 702 983 658 810 789 856 806 841 626 224 931 233 692 594 817 594 884 1041 0 849 836 594 276 320 833 775 722 208 860 1109 745 877 689
1173 948 237 555 615 773 1102 790 1086 611 674 1177 683 676 411 1063 411 689 1286 849 0 820 411 610 643 817 313 388 726 1106 762 550 1123 934
1187 962 825 917 1064 162 1116 67 1100 348 660 1191 670 344 437 1077 436 1138 1301 836 820 0 436 596 630 52 618 564 712 1120 951 999 1137 948
946 720 416 676 822 390 874 407 859 227 419 949 428 293 30 835 30 896 1059 594 411 436 0 355 388 434 209 157 471 878 542 757 895 707
765 539 744 495 647 550 693 567 678 387 101 768 110 453 355 654 354 721 878 276 610 596 355 0 80 594 536 483 156 697 869 582 714 526
798 573 777 528 681 584 727 600 711 421 144 802 154 486 388 688 388 755 912 320 643 630 388 80 0 628 570 516 200 731 903 616 748 559
1185 960 823 915 1061 178 1114 76 1098 346 658 1189 667 342 434 1074 434 1135 1298 833 817 52 434 594 628 0 615 562 710 1118 949 996 1134 946
1127 902 318 795 855 571 1056 588 1040 409 600 1131 610 474 209 1017 209 929 1241 775 313 618 209 536 570 615 0 146 652 1060 576 790 1077 888
1074 848 394 804 930 518 1002 535 987 355 547 1077 556 421 157 963 157 1004 1187 722 388 564 157 483 516 562 146 0 599 1006 524 865 1023 835
743 518 860 473 626 666 672 683 656 503 104 747 114 569 471 633 470 700 857 208 726 712 471 156 200 710 652 599 0 676 985 561 693 504
153 508 1267 594 746 1074 387 1090 647 911 746 262 756 976 879 76 878 821 267 860 1106 1120 878 697 731 1118 1060 1006 676 0 1393 681 683 188
1460 1235 646 1190 1263 905 1389 921 1373 742 933 1464 943 807 542 1350 542 1104 1574 1109 769 951 542 869 903 949 576 524 985 1393 0 1184 1410 1221
749 523 711 131 115 952 677 969 662 789 631 752 641 855 757 638 757 176 862 745 550 999 757 582 616 996 790 865 561 681 1163 0 698 510
742 245 1284 611 763 1090 436 1107 357 928 763 728 773 993 895 640 895 837 864 877 1123 1137 895 714 748 1134 1077 1023 693 683 1410 698 0 511
255 337 1095 422 575 902 241 919 475 739 575 259 584 804 707 145 706 649 369 689 934 948 707 526 559 946 888 835 504 188 1221 510 511 0
EOF