NAME : tsp_problem
TYPE : TSP
DIMENSION : 26
EDGE_WEIGHT_TYPE : EXPLICIT
EDGE_WEIGHT_FORMAT : FULL_MATRIX
EDGE_WEIGHT_SECTION
0 575 997 588 326 625 125 808 979 1003 287 328 1170 699 963 522 1067 371 857 292 596 862 313 1086 998 293
1215 0 909 48 285 118 1244 720 1185 523 319 462 689 191 1169 434 979 326 1063 339 88 1068 324 606 518 316
2030 909 0 922 845 960 2059 618 1416 1337 806 859 1504 1033 1400 540 876 651 1294 728 931 1299 832 1421 1333 812
1228 48 922 0 299 131 1258 733 1199 536 333 475 703 205 1182 447 992 339 1076 352 102 1081 337 620 532 329
1406 285 845 299 0 336 1435 656 1052 714 70 213 880 410 1035 370 914 219 929 178 307 935 79 797 709 67
1266 118 960 131 336 0 1295 771 1236 573 370 513 740 124 1219 485 1029 376 1113 389 68 1119 375 657 569 367
1662 542 964 555 293 593 0 775 946 970 255 295 1137 666 930 489 1034 338 824 259 563 829 281 1054 966 260
1841 720 618 733 656 771 1870 0 1227 1148 617 670 1315 844 1211 351 450 462 1105 539 742 1110 643 1232 1144 623
2306 1185 1416 1199 1060 1236 2335 1227 0 1614 1021 1061 1730 1309 180 941 1486 927 447 1004 1207 168 1047 1697 1609 1027
763 523 1337 536 714 573 792 1148 1614 0 748 890 566 647 1597 862 1407 754 1491 767 544 1496 752 220 32 744
1440 319 806 333 70 370 1469 617 1014 748 0 175 914 444 997 331 876 181 891 139 341 896 58 831 743 46
1583 462 859 475 213 513 1612 670 1054 890 175 0 1057 586 1037 384 929 232 931 153 484 937 201 974 886 180
1043 689 1504 703 880 740 1073 1315 1669 566 914 1057 0 814 1652 1029 1574 921 1546 934 711 1551 919 433 562 911
1339 191 1033 205 410 124 1369 844 1309 647 444 586 814 0 1293 558 1103 450 1187 463 142 1192 448 730 642 440
2289 1169 1400 1182 1043 1219 2319 1211 180 1597 1005 1045 1714 1293 0 925 1470 911 430 988 1190 151 1031 1680 1592 1010
1555 434 540 447 370 485 1584 351 941 862 331 384 1029 558 925 0 609 176 819 253 456 824 357 946 858 337
2099 979 876 992 914 1029 2129 450 1486 1407 876 929 1574 1103 1470 609 0 721 1363 798 1000 1369 902 1490 1403 882
1446 326 651 339 219 376 1476 462 927 754 181 232 921 450 911 176 721 0 805 101 347 810 207 837 749 187
2183 1063 1294 1076 937 1113 2212 1105 447 1491 899 939 1608 1187 430 819 1363 805 0 882 1084 329 925 1574 1486 904
1459 339 728 352 178 389 1489 539 1004 767 139 153 934 463 988 253 798 101 882 0 360 887 165 850 762 145
1237 88 931 102 307 68 1266 742 1207 544 341 484 711 142 1190 456 1000 347 1084 360 0 1089 346 628 540 338
2189 1068 1299 1081 942 1119 2218 1110 168 1496 904 944 1613 1192 151 824 1369 810 329 887 1089 0 930 1580 1492 910
1445 324 832 337 79 375 1474 643 1040 752 58 201 919 448 1023 357 902 207 917 165 346 922 0 836 748 55
645 606 1421 620 797 657 675 1232 1528 220 831 877 433 730 1512 946 1490 837 1406 841 628 1411 836 0 215 828
758 518 1333 532 709 569 788 1144 1609 32 743 886 562 642 1592 858 1403 749 1486 762 540 1492 748 215 0 740
1437 316 812 329 67 367 1466 623 1019 744 46 180 911 440 1003 337 882 187 897 145 338 902 55 828 740 0
EOF