NAME : tsp_problem
TYPE : TSP
DIMENSION : 62
EDGE_WEIGHT_TYPE : EXPLICIT
EDGE_WEIGHT_FORMAT : FULL_MATRIX
EDGE_WEIGHT_SECTION
0 830 945 1118 1121 1240 930 106 425 227 1125 1590 1325 811 1511 1001 1586 1549 1375 497 1056 426 929 1350 860 1459 1067 990 1335 983 970 1028 1482 109 1155 1354 95 409 1100 264 840 417 1562 207 1335 772 309 97 1165 935 1588 1290 892 445 1375 1646 1316 444 363 1125 199 1381
830 0 191 466 469 483 113 818 711 739 368 833 569 57 755 247 829 793 619 403 404 460 277 594 106 702 415 233 586 229 319 376 725 821 398 597 807 695 344 776 75 703 805 685 587 121 595 809 408 181 831 533 105 478 619 889 567 729 649 369 682 625
945 191 0 570 567 556 213 933 826 854 441 906 642 159 827 89 902 865 691 519 519 575 393 667 100 775 531 306 659 90 434 492 798 937 471 670 922 810 416 892 201 818 878 801 659 236 710 925 481 64 904 606 233 594 692 962 640 845 764 441 797 697
1118 466 570 0 78 290 396 1106 999 1027 256 640 616 447 561 523 636 599 567 692 235 748 209 642 496 509 247 291 240 525 178 208 532 1109 327 404 1095 983 261 1065 476 991 612 974 240 364 883 1098 315 571 638 394 437 766 425 696 220 1017 937 362 970 431
1121 469 567 78 0 286 393 1109 1002 1030 252 636 613 450 558 519 632 596 564 695 239 751 212 639 499 505 250 287 236 521 182 211 528 1113 324 400 1098 986 258 1068 479 994 608 977 236 367 886 1101 311 568 634 391 440 770 422 693 217 1021 940 359 973 428
1240 483 556 290 286 0 382 1228 1120 1149 162 546 522 526 467 509 508 505 473 813 502 870 412 548 576 415 514 276 303 510 431 475 438 1231 233 276 1216 1105 167 1186 482 1112 484 1095 303 485 1005 1219 221 557 510 300 432 888 331 568 284 1139 1059 268 1092 337
930 113 213 396 393 382 0 918 811 839 267 732 468 157 654 166 728 692 518 503 370 560 243 493 206 601 382 132 485 168 285 342 624 921 297 496 907 795 243 876 113 803 704 785 486 221 695 909 307 215 730 433 62 578 518 789 466 829 749 268 782 524
106 818 933 1106 1109 1228 918 0 414 215 1113 1578 1314 799 1500 989 1574 1538 1364 485 1044 415 918 1339 848 1447 1056 978 1323 971 959 1017 1470 48 1143 1342 51 398 1089 253 828 405 1550 195 1324 761 298 53 1153 923 1576 1278 880 433 1364 1634 1304 432 352 1114 187 1370
425 711 826 999 1002 1120 811 414 0 334 1006 1471 1206 692 1392 882 1467 1430 1256 378 936 307 810 1231 741 1340 948 871 1216 864 851 909 1363 417 1036 1235 402 67 981 372 721 49 1443 281 1216 653 184 405 1046 816 1469 1171 773 326 1256 1527 1197 36 237 1006 278 1262
227 739 854 1027 1030 1149 839 215 334 0 1034 1499 1234 720 1420 910 1495 1458 1284 406 965 335 838 1260 769 1368 977 899 1244 892 880 937 1391 218 1064 1263 204 318 1009 66 749 326 1471 116 1244 682 218 206 1074 844 1497 1199 801 354 1285 1555 1225 353 272 1034 108 1290
1125 368 441 256 252 162 267 1113 1006 1034 0 512 488 411 434 394 508 472 439 698 401 755 297 515 461 381 413 161 269 396 316 374 404 1116 200 276 1102 990 68 1071 367 997 484 980 269 370 890 1104 187 443 510 267 317 773 298 568 250 1024 944 235 977 304
1584 827 900 634 631 540 727 1572 1465 1493 506 0 564 871 110 853 886 89 515 1158 847 1214 757 639 920 175 859 616 647 855 775 820 138 1576 458 654 1561 1449 512 1531 827 1457 862 1440 648 830 1349 1564 446 902 888 391 776 1233 373 947 628 1483 1403 493 1436 379
1331 574 647 616 613 522 473 1319 1211 1240 489 558 0 617 480 600 868 518 73 904 647 961 521 259 667 427 659 354 630 601 562 620 450 1322 421 637 1307 1196 478 1277 573 1203 844 1186 630 576 1096 1310 409 648 870 292 523 979 200 929 610 1230 1150 328 1183 194
811 57 159 447 450 526 157 799 692 720 411 877 612 0 798 215 872 836 662 384 384 441 258 637 74 745 396 276 630 197 299 357 769 802 441 640 787 676 387 757 67 683 848 666 630 101 576 790 452 149 874 577 119 459 662 933 611 710 630 412 663 668
1506 749 822 555 552 462 648 1494 1386 1415 428 110 485 792 0 775 808 70 436 1079 768 1136 678 561 842 97 780 538 569 776 697 741 60 1497 380 576 1482 1371 433 1452 748 1378 784 1361 569 751 1271 1485 367 823 810 313 697 1154 295 868 550 1405 1325 415 1358 300
1001 247 89 523 519 509 166 989 882 910 394 859 594 215 780 0 855 818 644 574 496 631 370 620 155 728 508 259 612 43 411 469 751 992 424 623 977 866 369 947 257 873 831 856 612 291 766 980 434 90 857 559 216 649 645 915 593 900 820 394 853 650
1586 829 902 636 632 508 728 1574 1467 1495 508 892 868 872 813 855 0 851 819 1159 849 1216 758 894 922 761 860 622 649 856 777 821 784 1577 579 468 1562 1451 513 1532 828 1458 199 1441 649 831 1351 1565 567 903 332 646 778 1234 678 154 630 1485 1405 614 1438 683
1543 787 860 593 590 499 686 1532 1424 1453 466 89 523 830 70 813 846 0 474 1117 806 1174 716 599 879 134 818 576 607 814 735 779 98 1535 418 614 1520 1408 471 1490 786 1416 822 1399 607 789 1309 1523 405 861 848 351 735 1192 332 906 588 1443 1362 453 1396 338
1380 624 697 567 564 473 523 1369 1261 1290 440 509 73 667 431 650 819 469 0 954 697 1011 571 309 716 378 709 404 581 651 612 670 401 1372 392 588 1357 1245 445 1327 623 1253 795 1236 581 626 1146 1360 379 698 821 325 572 1029 151 880 561 1280 1200 378 1233 145
497 403 519 692 695 813 503 485 378 406 698 1164 899 384 1085 574 1159 1123 949 0 629 127 503 924 434 1032 641 563 909 557 544 602 1056 488 728 927 474 362 674 444 414 370 1135 353 909 346 262 477 739 509 1161 864 466 146 949 1220 890 396 316 699 349 955
1056 404 519 235 239 502 370 1044 936 965 401 853 642 384 774 496 849 812 692 629 0 686 146 667 434 722 119 306 452 498 116 46 745 1047 431 617 1032 921 377 1002 414 928 825 911 453 301 821 1035 441 509 851 607 375 704 638 909 433 955 875 442 908 644
426 460 575 748 751 870 560 415 307 335 755 1220 955 441 1141 631 1216 1179 1005 127 686 0 559 981 490 1089 698 620 965 613 601 658 1112 418 785 984 403 291 730 373 470 299 1192 282 965 403 191 406 795 565 1218 920 522 46 1006 1276 946 326 245 755 279 1011
929 277 393 209 212 412 243 918 810 838 297 763 516 258 684 370 758 722 565 503 146 559 0 541 307 631 158 180 426 372 61 119 655 921 327 526 906 794 273 876 287 802 734 785 426 175 694 909 338 382 760 480 248 578 548 819 407 829 748 315 782 554
1266 510 583 558 555 464 409 1255 1147 1176 431 548 170 553 469 536 810 507 220 840 583 897 457 0 602 417 595 290 571 537 498 556 440 1258 357 578 1243 1131 414 1213 509 1139 786 1122 572 512 1032 1246 344 584 812 228 458 915 309 871 552 1166 1085 264 1119 303
860 106 100 496 499 576 206 848 741 769 461 926 661 74 847 155 922 885 711 434 434 490 307 686 0 795 446 326 679 138 349 406 818 851 491 690 837 725 436 807 116 733 898 715 679 151 625 839 501 90 924 626 168 508 711 982 660 759 679 461 712 717
1453 696 769 503 499 409 595 1441 1334 1362 375 175 433 740 97 722 755 134 384 1027 716 1083 626 508 789 0 728 485 516 724 644 688 67 1444 327 523 1430 1318 381 1400 696 1326 731 1309 516 699 1218 1433 315 771 757 260 645 1101 242 815 497 1352 1272 362 1305 248
1067 415 531 247 250 514 382 1056 948 977 413 865 654 396 786 508 860 824 704 641 119 698 158 679 446 734 0 318 464 510 128 92 757 1059 443 628 1044 932 388 1014 426 940 836 923 465 313 833 1047 453 521 862 618 387 716 650 921 445 967 886 454 920 656
990 233 306 291 287 276 132 978 871 899 161 622 349 276 544 259 622 582 399 563 306 620 180 374 326 491 318 0 380 261 221 279 514 981 191 390 967 855 137 936 232 862 598 845 380 235 755 969 202 308 624 313 182 638 408 683 360 889 809 149 842 414
1335 586 659 240 236 303 485 1323 1216 1244 269 653 629 630 574 612 649 612 580 909 452 965 426 656 679 522 464 380 0 614 395 425 545 1326 341 417 1312 1200 275 1282 586 1208 625 1191 49 581 1100 1315 328 661 651 407 535 984 439 709 67 1234 1154 375 1187 444
983 229 90 525 521 510 168 971 864 892 396 861 596 197 782 43 856 820 646 557 498 613 372 621 138 730 510 261 614 0 413 471 753 974 426 625 960 848 371 930 239 856 833 839 614 274 748 963 436 92 859 561 217 632 646 917 595 882 802 396 835 652
970 319 434 178 182 431 285 959 851 880 316 781 557 299 702 411 777 740 607 544 116 601 61 582 349 650 128 221 395 413 0 89 673 962 346 545 947 835 291 917 329 843 753 826 396 216 736 950 356 424 779 521 290 619 567 837 376 870 789 357 823 572
1028 376 492 208 211 475 342 1017 909 937 374 825 615 357 747 469 821 785 664 602 46 658 119 640 406 694 92 279 425 471 89 0 717 1020 404 589 1005 893 349 975 386 901 797 884 425 274 793 1008 414 482 823 579 347 677 611 882 406 928 847 414 881 617
1476 719 792 526 523 432 619 1464 1357 1385 399 138 456 763 60 745 778 98 407 1050 739 1106 649 532 812 67 751 508 539 747 667 712 0 1468 351 546 1453 1341 404 1423 719 1349 754 1332 540 722 1241 1456 338 794 780 283 668 1125 265 839 520 1376 1295 385 1328 271
109 821 937 1109 1113 1231 921 48 417 218 1116 1581 1317 802 1503 992 1577 1541 1367 488 1047 418 921 1342 851 1450 1059 981 1326 974 962 1020 1473 0 1146 1345 53 401 1092 256 831 408 1553 198 1327 764 301 55 1156 927 1579 1281 883 436 1367 1638 1307 435 355 1117 191 1373
1155 398 471 327 324 233 297 1143 1036 1064 200 464 416 441 386 424 579 424 391 728 431 785 327 441 491 333 443 191 341 426 346 404 356 1146 0 348 1132 1020 205 1101 397 1027 555 1010 341 400 920 1134 35 472 581 219 347 803 250 640 321 1054 974 118 1007 256
1354 597 670 404 400 276 496 1342 1235 1263 276 660 636 640 581 623 468 619 587 927 617 984 526 663 690 529 628 390 417 625 545 589 552 1345 348 0 1331 1219 282 1300 596 1226 444 1209 417 599 1119 1333 335 672 470 414 546 1002 446 529 398 1253 1173 382 1206 451
95 807 922 1095 1098 1216 907 51 402 204 1102 1567 1302 787 1488 977 1562 1526 1352 474 1032 403 906 1327 837 1436 1044 967 1312 960 947 1005 1459 53 1132 1331 0 386 1077 241 817 394 1538 184 1312 749 286 58 1142 912 1564 1267 869 422 1352 1623 1293 421 340 1102 176 1358
409 695 810 983 986 1105 795 398 67 318 990 1455 1190 676 1376 866 1451 1414 1240 362 921 291 794 1215 725 1324 932 855 1200 848 835 893 1347 401 1020 1219 386 0 965 356 705 59 1427 265 1200 637 168 389 1030 800 1453 1155 757 310 1240 1511 1181 85 222 990 262 1246
1100 344 416 261 258 167 243 1089 981 1009 68 518 473 387 439 369 513 477 445 674 377 730 273 498 436 387 388 137 275 371 291 349 410 1092 205 282 1077 965 0 1047 343 973 489 956 275 346 865 1080 193 418 515 272 292 749 303 574 255 1000 919 240 953 309
264 776 892 1065 1068 1186 876 253 372 66 1071 1537 1272 757 1458 947 1532 1496 1322 444 1002 373 876 1297 807 1405 1014 936 1282 930 917 975 1429 256 1101 1300 241 356 1047 0 787 364 1508 154 1282 719 256 244 1112 882 1534 1237 839 391 1322 1593 1263 390 310 1072 146 1328
840 75 201 476 479 482 113 828 721 749 367 833 568 67 754 257 828 792 618 414 414 470 287 593 116 701 426 232 586 239 329 386 725 831 397 596 817 705 343 787 0 713 804 696 586 131 605 820 408 191 830 533 104 489 618 889 567 739 659 368 692 624
417 703 818 991 994 1112 803 405 49 326 997 1463 1198 683 1384 873 1458 1422 1248 370 928 299 802 1223 733 1331 940 862 1208 856 843 901 1355 408 1027 1226 394 59 973 364 713 0 1434 273 1208 645 175 397 1038 808 1460 1163 765 317 1248 1519 1189 60 229 998 269 1254
1562 805 878 612 608 484 704 1550 1443 1471 484 868 844 848 789 831 199 827 795 1135 825 1192 734 870 898 737 836 598 625 833 753 797 760 1553 555 444 1538 1427 489 1508 804 1434 0 1417 625 807 1327 1541 543 879 308 622 754 1210 654 259 606 1461 1381 590 1414 659
207 685 801 974 977 1095 785 195 281 116 980 1445 1181 666 1367 856 1441 1405 1231 353 911 282 785 1206 715 1314 923 845 1191 839 826 884 1337 198 1010 1209 184 265 956 154 696 273 1417 0 1191 628 165 187 1021 791 1443 1146 748 300 1231 1502 1171 299 219 981 88 1237
1335 587 659 240 236 303 486 1324 1216 1244 269 653 630 630 575 612 649 613 581 909 453 965 426 656 679 522 465 380 49 614 396 425 545 1327 341 417 1312 1200 275 1282 586 1208 625 1191 0 581 1100 1315 328 661 651 408 535 984 439 710 67 1235 1154 376 1188 445
772 121 236 364 367 485 221 761 653 682 370 835 571 101 757 291 831 795 621 346 301 403 175 596 151 704 313 235 581 274 216 274 728 764 400 599 749 637 346 719 131 645 807 628 581 0 538 752 411 226 833 536 183 421 621 892 562 672 591 371 625 627
309 595 710 883 886 1005 695 298 184 218 890 1355 1090 576 1276 766 1351 1314 1140 262 821 191 694 1116 625 1224 833 755 1100 748 736 793 1247 301 920 1119 286 168 865 256 605 175 1327 165 1100 538 0 289 930 700 1353 1055 657 210 1141 1411 1081 202 69 890 162 1146
97 809 925 1098 1101 1219 909 53 405 206 1104 1569 1305 790 1491 980 1565 1529 1355 477 1035 406 909 1330 839 1438 1047 969 1315 963 950 1008 1462 55 1134 1333 58 389 1080 244 820 397 1541 187 1315 752 289 0 1145 915 1567 1270 872 424 1355 1626 1295 423 343 1105 179 1361
1165 408 481 315 311 221 307 1153 1046 1074 187 452 403 452 373 434 567 411 379 739 441 795 338 428 501 321 453 202 328 436 356 414 344 1156 35 335 1142 1030 193 1112 408 1038 543 1021 328 411 930 1145 0 483 569 206 357 813 237 627 309 1064 984 105 1017 243
935 181 64 571 568 557 215 923 816 844 443 908 643 149 829 90 903 867 693 509 509 565 382 668 90 777 521 308 661 92 424 482 800 927 472 672 912 800 418 882 191 808 879 791 661 226 700 915 483 0 905 608 223 584 693 964 642 834 754 443 787 699
1588 831 904 638 634 510 730 1576 1469 1497 510 894 870 874 815 857 332 853 821 1161 851 1218 760 896 924 763 862 624 651 859 779 823 786 1579 581 470 1564 1453 515 1534 830 1460 308 1443 651 833 1353 1567 569 905 0 648 780 1236 680 392 632 1487 1407 616 1440 685
1329 572 645 379 375 285 471 1317 1210 1238 251 368 345 616 290 598 631 328 296 902 592 959 502 384 665 237 604 361 392 600 520 564 260 1320 203 399 1306 1194 257 1275 572 1202 607 1184 392 574 1094 1308 191 647 633 0 521 977 154 691 373 1228 1148 238 1181 160
892 105 233 437 440 432 62 880 773 801 317 782 517 119 703 216 778 741 567 466 375 522 248 542 168 651 387 182 535 217 290 347 674 883 347 546 869 757 292 839 104 765 754 748 535 183 657 872 357 223 780 482 0 540 567 838 516 791 711 317 744 573
445 478 594 766 770 888 578 433 326 354 773 1238 974 459 1160 649 1234 1198 1024 146 704 46 578 999 508 1107 716 638 984 632 619 677 1130 436 803 1002 422 310 749 391 489 317 1210 300 984 421 210 424 813 584 1236 939 540 0 1024 1295 964 344 264 774 297 1030
1376 619 692 426 422 332 518 1364 1257 1285 298 368 200 663 289 645 678 327 151 949 639 1006 549 398 712 237 651 408 439 647 567 611 260 1367 250 446 1353 1241 304 1323 619 1249 654 1231 439 621 1141 1355 238 694 680 183 568 1024 0 738 420 1275 1195 285 1228 15
1646 889 962 696 693 568 789 1634 1527 1555 568 952 929 933 874 915 154 912 880 1220 909 1276 819 955 982 821 921 683 709 917 837 882 844 1638 640 529 1623 1511 574 1593 889 1519 259 1502 710 892 1411 1626 627 964 392 707 838 1295 738 0 690 1546 1465 675 1498 744
1316 567 640 220 217 284 466 1304 1197 1225 250 634 610 611 555 593 630 593 561 890 433 946 407 636 660 503 445 360 67 595 376 406 526 1307 321 398 1293 1181 255 1263 567 1189 606 1171 67 562 1081 1295 309 642 632 388 516 964 420 690 0 1215 1135 356 1168 425
444 729 845 1017 1021 1139 829 432 36 353 1024 1489 1225 710 1411 900 1485 1449 1275 396 955 326 829 1250 759 1358 967 889 1234 882 870 928 1381 435 1054 1253 421 85 1000 390 739 60 1461 299 1235 672 202 423 1064 834 1487 1189 791 344 1275 1546 1215 0 256 1025 296 1281
363 649 764 937 940 1059 749 352 237 272 944 1409 1144 630 1330 820 1405 1368 1194 316 875 245 748 1170 679 1278 886 809 1154 802 789 847 1301 355 974 1173 340 222 919 310 659 229 1381 219 1154 591 69 343 984 754 1407 1109 711 264 1194 1465 1135 256 0 944 216 1200
1125 369 441 362 359 268 268 1114 1006 1034 235 499 323 412 420 394 614 458 373 699 442 755 315 348 461 368 454 149 375 396 357 414 391 1117 118 382 1102 990 240 1072 368 998 590 981 376 371 890 1105 105 443 616 253 317 774 285 675 356 1025 944 0 978 290
199 682 797 970 973 1092 782 187 278 108 977 1442 1178 663 1364 853 1438 1402 1228 349 908 279 782 1203 712 1311 920 842 1187 835 823 881 1334 191 1007 1206 176 262 953 146 692 269 1414 88 1188 625 162 179 1017 787 1440 1142 744 297 1228 1498 1168 296 216 978 0 1234
1382 625 698 432 428 338 524 1370 1263 1291 304 373 194 668 295 651 684 333 145 955 645 1012 554 392 718 242 656 414 445 653 573 617 266 1373 256 452 1359 1247 309 1328 624 1254 660 1237 445 627 1147 1361 244 699 686 189 574 1030 15 744 426 1281 1201 291 1234 0
EOF