NAME : tsp_problem
TYPE : TSP
DIMENSION : 82
EDGE_WEIGHT_TYPE : EXPLICIT
EDGE_WEIGHT_FORMAT : FULL_MATRIX
EDGE_WEIGHT_SECTION
0 618 366 631 662 82 1162 504 235 611 1170 1287 1382 382 618 444 426 602 970 1031 192 375 210 407 591 428 1236 54 288 302 1277 493 1264 397 1363 535 1030 183 404 575 274 529 377 1332 618 1273 248 625 359 447 322 1384 628 1196 1324 610 662 629 1208 549 253 513 1074 460 387 1283 682 644 420 317 877 511 1134 1367 747 594 641 305 521 295 459 488
618 0 295 382 610 667 807 187 717 747 815 932 1027 266 263 579 285 374 615 677 515 857 534 412 364 270 881 599 770 784 922 199 909 384 1008 107 676 620 420 347 755 346 444 978 754 918 605 646 841 543 354 1029 576 842 969 382 798 274 853 103 735 139 719 365 366 928 498 371 407 344 522 328 779 1013 434 730 778 374 426 776 526 305
366 295 0 294 414 415 824 167 464 494 833 950 1045 45 280 327 89 265 633 694 263 604 281 216 254 91 899 346 517 531 939 156 927 144 1025 284 693 368 224 238 503 192 226 995 501 936 353 449 588 331 88 1047 380 859 987 273 545 291 871 279 482 315 737 169 271 946 344 306 210 79 540 174 797 1030 410 478 525 108 230 524 329 151
631 382 294 0 570 680 614 252 730 760 622 739 834 284 177 539 245 95 422 484 528 870 547 372 105 230 688 612 783 797 729 263 716 384 815 371 483 633 379 110 768 149 404 784 767 725 618 605 854 502 354 836 536 649 776 86 811 126 660 366 748 402 526 324 532 735 207 64 366 344 329 141 586 819 139 743 791 373 386 789 485 164
664 616 419 575 0 713 1105 447 763 478 1113 1230 1325 409 561 288 343 545 914 975 561 903 579 322 535 371 1180 644 815 830 1220 436 1207 437 1306 604 974 666 330 518 801 473 354 1276 485 1216 651 90 887 251 479 1327 87 1140 1267 553 529 572 1151 600 781 636 1017 263 569 1226 625 587 316 469 820 454 1078 1311 690 286 509 487 202 822 235 432
82 667 415 680 711 0 1210 553 284 660 1218 1336 1431 431 666 492 475 651 1019 1080 241 424 237 456 640 477 1285 103 337 351 1325 542 1313 446 1411 584 1079 143 453 624 323 578 426 1381 667 1321 207 674 408 496 371 1433 677 1245 1373 659 710 677 1257 598 302 561 1123 509 436 1331 730 692 469 366 926 560 1183 1416 796 643 690 354 570 344 508 537
1162 807 824 614 1100 1210 0 677 1260 1290 110 157 252 814 732 1069 775 633 289 223 1059 1400 1077 902 644 760 107 1142 1313 1327 216 688 204 914 233 796 222 1163 909 671 1299 739 934 203 1297 213 1148 1135 1384 1032 884 254 1066 136 194 625 1341 551 148 792 1278 827 146 854 1055 153 734 603 896 874 496 731 74 238 666 1273 1321 903 916 1319 1015 754
504 187 167 252 442 553 677 0 603 632 685 802 897 157 133 411 117 244 485 547 401 742 419 244 234 102 751 484 655 669 792 53 779 256 878 176 546 506 252 217 641 178 276 848 640 788 491 478 726 374 227 899 408 712 839 252 683 144 723 172 620 208 589 197 405 798 330 241 239 217 392 160 649 883 304 616 663 246 258 662 358 137
235 717 464 730 761 284 1260 603 0 709 1268 1386 1480 481 716 542 524 700 1069 1130 290 261 308 506 690 526 1335 216 174 188 1375 591 1362 495 1461 633 1129 385 503 673 84 628 475 1431 716 1371 380 724 245 546 420 1482 727 1295 1422 708 760 727 1306 648 210 611 1173 558 485 1381 780 742 519 416 975 609 1233 1466 845 693 740 404 620 181 558 587
605 741 488 754 484 654 1284 627 703 0 1292 1410 1505 505 740 313 532 724 1093 1154 502 843 520 410 714 551 1359 585 756 770 1399 615 1386 400 1485 657 1153 607 408 697 742 652 380 1455 267 1395 592 445 827 316 444 1507 497 1319 1447 732 227 751 1330 672 721 635 1197 463 510 1405 804 766 423 440 999 633 1257 1490 869 414 226 428 403 763 329 611
1170 815 833 622 1108 1218 110 685 1268 1298 0 235 330 822 740 1077 783 641 297 231 1067 1408 1085 910 652 768 184 1150 1321 1335 130 696 118 922 311 804 230 1171 918 679 1307 747 942 280 1305 126 1156 1143 1392 1040 892 332 1074 138 272 633 1349 559 149 800 1286 835 154 863 1063 231 742 611 904 882 504 739 76 315 674 1281 1329 911 924 1327 1023 762
1287 932 950 739 1225 1336 157 802 1386 1415 235 0 221 940 857 1194 900 758 415 349 1184 1525 1202 1027 769 885 110 1267 1438 1452 342 814 329 1039 201 921 348 1289 1035 796 1424 865 1059 79 1423 338 1274 1261 1509 1157 1010 223 1191 262 71 750 1466 677 273 917 1403 953 271 980 1180 42 859 728 1022 1000 622 856 200 206 792 1399 1446 1029 1041 1445 1141 879
1382 1027 1045 834 1320 1431 252 897 1480 1510 330 221 0 1035 952 1289 995 853 510 444 1279 1620 1297 1122 864 980 205 1362 1533 1547 437 909 424 1134 96 1016 443 1384 1130 891 1519 960 1154 266 1517 433 1369 1355 1604 1252 1105 35 1286 357 258 845 1561 771 368 1012 1498 1048 366 1075 1275 216 954 823 1116 1095 717 951 294 101 887 1494 1541 1124 1136 1540 1236 974
382 266 45 284 404 431 814 157 481 511 822 940 1035 0 270 343 79 255 623 684 279 621 297 206 244 81 889 362 533 547 929 145 917 134 1015 255 683 384 213 228 519 182 216 985 518 925 369 439 605 336 105 1037 370 849 977 263 562 281 861 251 499 287 727 159 265 935 334 296 200 95 530 164 787 1020 399 494 541 124 220 540 319 141
618 263 280 177 556 666 732 133 716 746 740 857 952 270 0 525 231 147 540 602 514 856 533 358 136 216 806 598 769 783 847 144 834 370 933 252 600 619 365 120 755 159 390 902 753 843 604 591 840 488 340 954 522 766 894 155 797 199 778 248 734 283 644 310 511 853 310 189 352 330 447 151 704 937 292 729 777 359 372 775 471 174
428 564 312 577 343 477 1107 450 527 290 1116 1233 1328 328 563 0 355 548 916 977 325 667 343 234 537 374 1182 408 579 593 1222 439 1210 223 1308 481 976 430 231 521 565 475 203 1278 297 1218 415 304 651 140 268 1330 321 1142 1270 556 341 574 1154 495 544 458 1020 286 333 1229 627 589 247 263 823 457 1080 1313 693 273 321 251 227 586 152 434
426 285 89 245 338 475 775 117 524 537 783 900 995 79 231 307 0 215 583 645 323 664 341 140 204 41 849 406 577 591 890 106 877 178 976 274 644 428 148 188 563 142 172 945 545 886 413 374 648 270 149 997 304 810 937 223 588 242 821 270 542 306 687 93 327 896 295 257 135 139 490 124 747 980 360 521 568 168 154 584 254 102
602 374 265 95 540 651 633 244 700 730 641 758 853 255 147 509 215 0 442 503 499 840 517 342 97 200 708 582 753 767 748 239 735 354 834 363 502 604 350 80 739 120 374 804 737 744 589 575 824 472 324 855 506 668 795 106 781 145 679 359 718 395 545 295 503 754 226 84 336 315 348 111 606 839 158 714 761 344 356 760 456 134
970 615 633 422 908 1019 289 485 1069 1099 297 415 510 623 540 877 583 442 0 159 867 1209 885 710 452 568 364 950 1121 1135 404 497 391 722 490 604 158 972 718 479 1107 548 743 460 1106 400 957 944 1193 841 693 512 874 324 452 433 1149 360 335 600 1086 636 202 663 863 410 542 411 705 683 305 539 262 495 475 1082 1129 712 724 1128 824 562
1031 677 694 484 970 1080 223 547 1130 1160 231 349 444 684 602 939 645 503 159 0 928 1270 947 772 513 629 298 1012 1183 1197 338 558 326 784 424 666 50 1033 779 540 1168 609 804 394 1167 334 1018 1005 1254 902 754 446 936 258 386 495 1211 421 270 661 1148 697 136 724 924 344 604 473 766 744 366 601 196 429 536 1143 1191 773 786 1189 885 624
192 515 263 528 559 241 1059 401 290 508 1067 1184 1279 279 514 341 323 499 867 928 0 430 55 304 488 325 1133 172 343 357 1174 390 1161 294 1259 432 927 142 301 472 329 426 274 1229 515 1170 127 522 414 344 219 1281 525 1093 1221 507 559 526 1105 446 308 410 971 357 284 1180 578 540 317 214 774 408 1031 1264 644 491 538 202 418 350 356 385
375 857 604 870 901 424 1400 742 261 849 1408 1525 1620 621 856 682 664 840 1209 1270 430 0 448 646 830 666 1474 355 207 221 1515 731 1502 635 1601 773 1269 525 643 813 300 767 615 1571 856 1511 520 863 71 685 560 1622 867 1435 1562 848 900 867 1446 788 350 751 1312 698 625 1521 920 882 659 556 1115 749 1373 1606 985 832 880 544 759 213 698 727
210 534 281 547 578 237 1077 419 308 526 1085 1202 1297 297 533 359 341 517 885 947 55 448 0 322 506 343 1151 190 361 375 1192 408 1179 312 1278 450 946 115 320 490 347 444 292 1247 533 1188 100 540 432 362 237 1299 543 1111 1239 525 577 544 1123 464 326 428 989 375 302 1198 597 559 335 233 792 426 1049 1282 662 509 556 220 436 368 374 404
407 412 216 372 317 456 902 244 506 416 910 1027 1122 206 358 249 140 342 710 772 304 646 322 0 331 168 976 387 559 573 1017 233 1004 134 1103 401 771 409 53 315 544 269 77 1072 423 1013 394 352 630 249 247 1124 283 937 1064 350 467 369 948 397 524 433 814 71 312 1023 422 384 39 242 617 251 874 1107 487 400 447 230 133 565 232 229
591 364 254 105 530 640 644 234 690 720 652 769 864 244 136 498 204 97 452 513 488 830 506 331 0 189 718 571 742 757 759 229 746 343 845 353 512 593 339 70 728 109 364 814 727 755 578 565 814 462 314 866 495 678 806 105 771 156 690 349 708 384 556 284 492 765 236 94 326 304 359 101 616 849 169 703 750 333 345 749 445 123
428 270 91 230 366 477 760 102 526 556 768 885 980 81 216 335 41 200 568 629 325 666 343 168 189 0 834 408 579 593 875 91 862 180 961 259 628 430 176 173 565 127 200 930 564 871 415 402 650 298 151 982 332 794 922 208 607 227 806 255 544 291 672 121 329 881 280 242 162 141 475 109 732 965 345 540 587 170 182 586 282 86
1236 881 899 688 1174 1285 107 751 1335 1365 184 110 205 889 806 1143 849 708 364 298 1133 1474 1151 976 718 834 0 1216 1387 1401 291 763 278 988 185 870 297 1238 984 745 1373 814 1008 155 1372 287 1223 1210 1458 1107 959 207 1140 211 147 699 1415 626 222 866 1352 902 221 929 1129 105 808 677 971 949 571 805 149 190 741 1348 1395 978 990 1394 1090 828
54 599 346 612 643 103 1142 484 216 591 1150 1267 1362 362 598 424 406 582 950 1012 172 355 190 387 571 408 1216 0 268 282 1257 473 1244 377 1343 515 1011 204 385 555 254 509 357 1312 598 1253 262 605 339 427 302 1364 608 1177 1304 590 642 609 1188 529 233 493 1054 440 367 1263 662 624 400 298 857 491 1114 1347 727 574 621 285 501 275 440 469
288 770 517 783 814 337 1313 655 174 762 1321 1438 1533 533 769 595 577 753 1121 1183 343 207 361 559 742 579 1387 268 0 55 1428 644 1415 548 1514 686 1182 438 556 726 213 680 528 1483 769 1424 433 776 191 598 473 1535 780 1348 1475 761 813 780 1359 700 197 664 1225 611 538 1434 833 795 571 469 1028 662 1285 1518 898 745 793 457 672 47 611 640
302 784 531 797 828 351 1327 669 188 776 1335 1452 1547 547 783 609 591 767 1135 1197 357 221 375 573 757 593 1401 282 55 0 1442 658 1429 562 1528 700 1196 452 570 740 227 694 542 1498 783 1438 447 790 205 612 487 1549 794 1362 1489 775 827 794 1373 714 193 678 1239 625 552 1448 847 809 585 483 1042 676 1299 1533 912 759 807 471 686 55 625 654
1277 922 939 729 1215 1325 216 792 1375 1405 130 342 437 929 847 1184 890 748 404 338 1174 1515 1192 1017 759 875 291 1257 1428 1442 0 803 39 1029 417 911 337 1278 1024 786 1414 854 1049 387 1412 55 1263 1250 1499 1147 999 439 1181 245 379 740 1456 666 256 907 1393 942 261 969 1170 338 849 718 1011 989 611 846 182 422 781 1388 1436 1018 1031 1434 1130 869
493 199 156 263 431 542 688 53 591 621 696 814 909 145 144 400 106 239 497 558 390 731 408 233 229 91 763 473 644 658 803 0 791 245 889 188 557 494 241 212 630 167 265 859 628 799 479 466 715 363 215 911 397 723 851 247 672 155 735 184 609 219 601 186 394 809 319 252 227 205 404 148 661 894 316 605 652 234 247 651 346 126
1264 909 927 716 1202 1313 204 779 1362 1392 118 329 424 917 834 1171 877 735 391 326 1161 1502 1179 1004 746 862 278 1244 1415 1429 39 791 0 1016 405 898 325 1265 1012 773 1401 841 1036 375 1399 41 1251 1237 1486 1134 986 426 1168 232 366 727 1443 653 243 894 1380 930 248 957 1157 325 836 705 998 977 599 833 170 409 769 1376 1423 1006 1018 1422 1118 856
397 384 144 384 432 446 914 256 495 406 922 1039 1134 134 370 239 178 354 722 784 294 635 312 134 343 180 988 377 548 562 1029 245 1016 0 1115 373 783 399 131 327 534 281 103 1084 413 1025 384 420 619 242 204 1136 398 949 1076 362 457 381 960 369 513 404 826 186 302 1035 434 396 147 194 629 263 886 1119 499 389 437 220 248 555 255 241
1363 1008 1025 815 1301 1411 233 878 1461 1491 311 201 96 1015 933 1270 976 834 490 424 1259 1601 1278 1103 845 961 185 1343 1514 1528 417 889 405 1115 0 997 423 1364 1110 872 1500 940 1135 247 1498 414 1349 1336 1585 1233 1085 98 1267 337 238 826 1542 752 349 993 1479 1028 347 1055 1256 197 935 804 1097 1075 697 932 275 57 867 1474 1522 1104 1117 1520 1216 955
535 107 284 371 599 584 796 176 633 663 804 921 1016 255 252 496 274 363 604 666 432 773 450 401 353 259 870 515 686 700 911 188 898 373 997 0 665 536 409 336 672 335 429 966 670 907 522 635 757 500 343 1018 565 831 958 371 714 263 842 92 651 126 708 354 282 917 487 359 395 333 511 317 768 1001 423 647 694 358 415 693 512 294
1030 676 693 483 969 1079 222 546 1129 1159 230 348 443 683 600 938 644 502 158 50 927 1269 946 771 512 628 297 1011 1182 1196 337 557 325 783 423 665 0 1032 778 539 1167 608 803 393 1166 333 1017 1004 1253 901 753 445 935 257 385 494 1210 420 269 660 1147 696 135 723 923 343 603 472 765 743 365 600 195 428 535 1142 1190 772 785 1188 884 622
183 620 368 633 664 143 1163 506 385 612 1171 1289 1384 384 619 445 428 604 972 1033 142 525 115 409 593 430 1238 204 438 452 1278 494 1265 399 1364 536 1032 0 406 577 424 531 378 1334 619 1274 85 627 509 449 323 1386 630 1198 1326 611 663 630 1209 551 403 514 1076 461 389 1284 683 645 422 319 878 512 1136 1369 748 596 643 307 523 445 461 490
404 420 224 379 325 453 909 252 503 413 918 1035 1130 213 365 246 148 350 718 779 301 643 320 53 339 176 984 385 556 570 1024 241 1012 131 1110 409 778 406 0 323 541 277 85 1080 421 1020 391 360 627 250 244 1132 290 944 1072 358 464 376 956 405 521 435 822 79 309 1031 429 391 47 240 625 259 882 1115 495 397 444 228 140 562 240 236
575 347 238 110 513 624 671 217 673 703 679 796 891 228 120 482 188 80 479 540 472 813 490 315 70 173 745 555 726 740 786 212 773 327 872 336 539 577 323 0 712 93 347 841 710 782 562 548 797 445 297 893 479 705 833 88 754 183 717 332 691 368 583 268 476 792 243 121 309 288 386 84 643 876 196 687 734 317 329 733 429 107
274 755 503 768 799 323 1299 641 84 748 1307 1424 1519 519 755 581 563 739 1107 1168 329 300 347 544 728 565 1373 254 213 227 1414 630 1401 534 1500 672 1167 424 541 712 0 666 514 1469 755 1410 419 762 284 584 459 1521 765 1333 1461 747 799 766 1345 686 249 650 1211 597 524 1420 819 781 557 454 1014 648 1271 1504 884 731 778 442 658 219 596 625
529 346 192 149 467 578 739 178 628 657 747 865 960 182 159 436 142 120 548 609 426 767 444 269 109 127 814 509 680 694 854 167 841 281 940 335 608 531 277 93 666 0 301 910 665 850 516 503 751 400 252 962 433 774 902 128 708 251 785 331 645 367 652 222 430 860 165 161 264 242 454 38 712 945 236 641 688 271 283 687 383 61
377 444 226 404 349 426 934 276 475 386 942 1059 1154 216 390 218 172 374 743 804 274 615 292 77 364 200 1008 357 528 542 1049 265 1036 103 1135 429 803 378 85 347 514 301 0 1105 393 1045 363 384 599 222 216 1156 315 969 1096 382 437 401 980 429 493 407 846 104 281 1055 454 416 71 212 649 283 907 1140 519 369 416 200 165 535 234 261
1332 978 995 784 1271 1381 203 848 1431 1461 280 79 266 985 902 1239 945 804 460 394 1229 1571 1247 1072 814 930 155 1312 1483 1498 387 859 375 1084 247 966 393 1334 1080 841 1469 910 1105 0 1468 383 1319 1306 1555 1203 1055 268 1236 307 49 796 1512 722 319 962 1449 998 317 1025 1225 77 904 773 1067 1045 667 902 245 251 837 1444 1491 1074 1086 1490 1186 924
616 752 500 765 495 665 1295 638 715 267 1304 1421 1516 516 751 324 543 736 1104 1165 513 855 531 422 725 562 1370 596 767 781 1410 627 1398 411 1496 669 1164 618 419 709 753 663 391 1466 0 1407 603 456 839 328 456 1518 509 1330 1458 744 85 762 1342 683 733 647 1208 474 521 1417 815 777 435 451 1011 645 1268 1501 881 425 65 439 415 774 340 622
1273 918 936 725 1211 1321 213 788 1371 1401 126 338 433 925 843 1180 886 744 400 334 1170 1511 1188 1013 755 871 287 1253 1424 1438 55 799 41 1025 414 907 333 1274 1020 782 1410 850 1045 383 1408 0 1259 1246 1495 1143 995 435 1177 241 375 736 1452 662 252 903 1389 938 257 965 1166 334 845 714 1007 985 607 842 178 418 777 1384 1432 1014 1027 1430 1126 865
248 605 353 618 649 207 1148 491 380 597 1156 1274 1369 369 604 430 413 589 957 1018 127 520 100 394 578 415 1223 262 433 447 1263 479 1251 384 1349 522 1017 85 391 562 419 516 363 1319 605 1259 0 612 504 434 308 1371 615 1183 1311 597 648 615 1195 536 398 499 1061 447 374 1269 668 630 407 304 864 498 1121 1354 733 581 628 292 508 439 446 475
625 651 454 610 90 674 1140 483 724 439 1148 1266 1361 444 596 323 379 581 949 1010 522 864 540 357 570 407 1215 606 777 791 1255 471 1243 421 1341 640 1009 627 365 554 762 508 390 1311 446 1251 612 0 848 287 465 1363 123 1175 1303 589 490 607 1187 636 742 656 1053 298 530 1261 660 622 352 461 856 490 1113 1346 725 247 470 448 237 783 270 467
359 841 588 854 885 408 1384 726 245 833 1392 1509 1604 605 840 666 648 824 1193 1254 414 71 432 630 814 650 1458 339 191 205 1499 715 1486 619 1585 757 1253 509 627 797 284 751 599 1555 840 1495 504 847 0 669 544 1606 851 1419 1546 832 884 851 1430 772 334 735 1296 682 609 1505 904 866 643 540 1099 733 1356 1590 969 816 864 528 743 197 682 711
452 536 335 496 251 501 1026 368 550 313 1034 1151 1246 330 482 72 264 466 834 896 349 690 367 243 456 292 1100 432 603 617 1141 357 1128 247 1227 504 895 453 251 439 589 393 227 1197 321 1137 438 286 674 0 291 1248 217 1061 1188 474 364 493 1072 519 568 482 938 183 356 1147 546 508 237 287 741 375 998 1232 611 297 344 275 122 610 48 353
322 354 88 354 474 371 884 227 420 450 892 1010 1105 105 340 283 149 324 693 754 219 560 237 247 314 151 959 302 473 487 999 215 986 204 1085 343 753 323 244 297 459 252 216 1055 457 995 308 464 544 286 0 1107 440 919 1047 332 501 351 930 339 438 352 797 228 226 1005 404 366 260 51 599 233 857 1090 469 434 481 78 290 480 299 211
1384 1029 1047 836 1322 1433 254 899 1482 1512 332 223 35 1037 954 1291 997 855 512 446 1281 1622 1299 1124 866 982 207 1364 1535 1549 439 911 426 1136 98 1018 445 1386 1132 893 1521 962 1156 268 1519 435 1371 1357 1606 1254 1107 0 1288 359 260 847 1563 773 370 1014 1500 1050 368 1077 1277 218 956 825 1118 1097 719 953 296 103 889 1496 1543 1126 1138 1542 1238 976
633 581 385 541 87 682 1071 413 732 495 1079 1196 1291 375 527 254 309 511 879 941 530 872 549 288 501 337 1145 614 785 799 1186 402 1173 403 1272 570 940 635 296 484 770 438 320 1242 502 1182 620 123 856 217 445 1293 0 1106 1233 519 546 538 1117 566 750 602 983 228 538 1192 591 553 282 435 786 420 1043 1277 656 318 526 456 167 791 200 398
1196 842 859 649 1135 1245 136 712 1295 1325 138 262 357 849 766 1104 810 668 324 258 1093 1435 1111 937 678 794 211 1177 1348 1362 245 723 232 949 337 831 257 1198 944 705 1333 774 969 307 1332 241 1183 1170 1419 1067 919 359 1101 0 299 660 1376 586 97 826 1313 862 181 889 1089 257 769 638 931 909 531 766 77 342 701 1308 1355 938 951 1354 1050 788
1324 969 987 776 1262 1373 194 839 1422 1452 272 71 258 977 894 1231 937 795 452 386 1221 1562 1239 1064 806 922 147 1304 1475 1489 379 851 366 1076 238 958 385 1326 1072 833 1461 902 1096 49 1459 375 1311 1297 1546 1194 1047 260 1228 299 0 787 1503 713 310 954 1440 990 308 1017 1217 69 896 765 1058 1037 659 893 236 243 829 1436 1483 1066 1078 1482 1178 916
610 382 273 86 548 659 625 252 708 738 633 750 845 263 155 517 223 106 433 495 507 848 525 350 105 208 699 590 761 775 740 247 727 362 826 371 494 611 358 88 747 128 382 796 745 736 597 583 832 480 332 847 514 660 787 0 789 137 671 367 726 403 537 303 511 746 218 75 344 323 340 119 597 831 150 722 769 352 364 768 464 142
660 796 544 809 539 709 1339 682 758 227 1347 1465 1560 560 795 368 587 780 1148 1209 557 898 575 465 769 606 1414 640 811 825 1454 670 1441 455 1540 713 1208 662 463 753 797 707 435 1510 85 1450 647 500 882 371 499 1562 553 1374 1502 788 0 806 1385 727 776 690 1252 518 565 1460 859 821 478 495 1055 688 1312 1545 924 469 45 483 458 818 384 666
629 274 291 126 567 677 551 144 727 757 559 677 771 281 199 536 242 145 360 421 526 867 544 369 156 227 626 609 780 794 666 155 653 381 752 263 420 630 376 183 766 251 401 722 764 662 615 602 851 499 351 773 533 586 713 137 808 0 597 259 745 294 464 321 522 672 246 115 363 341 266 243 524 757 178 740 788 370 383 786 482 262
1208 853 871 660 1146 1257 148 723 1306 1336 149 273 368 861 778 1115 821 679 335 270 1105 1446 1123 948 690 806 222 1188 1359 1373 256 735 243 960 349 842 269 1209 956 717 1345 785 980 319 1343 252 1195 1181 1430 1078 930 370 1112 97 310 671 1387 597 0 838 1324 874 192 901 1101 269 780 649 942 921 543 777 88 353 713 1320 1367 950 962 1366 1062 800
549 103 279 366 595 598 792 172 648 678 800 917 1012 251 248 510 270 359 600 661 446 788 464 397 349 255 866 529 700 714 907 184 894 369 993 92 660 551 405 332 686 331 429 962 685 903 536 630 772 514 339 1014 561 826 954 367 729 259 838 0 666 124 704 350 297 913 483 355 391 329 507 312 764 997 419 661 708 358 411 707 511 290
253 735 482 748 779 302 1278 620 210 727 1286 1403 1498 499 734 560 542 718 1086 1148 308 350 326 524 708 544 1352 233 197 193 1393 609 1380 513 1479 651 1147 403 521 691 249 645 493 1449 734 1389 398 741 334 563 438 1500 745 1313 1440 726 778 745 1324 666 0 629 1190 576 503 1399 798 760 536 434 993 627 1250 1484 863 710 758 422 637 198 576 605
513 139 315 402 631 561 827 208 611 641 835 953 1048 287 283 474 306 395 636 697 410 751 428 433 384 291 902 493 664 678 942 219 930 404 1028 126 696 514 435 368 650 367 407 998 648 938 499 655 735 477 352 1050 597 862 990 403 692 294 874 124 629 0 740 385 260 948 519 391 427 348 543 348 800 1033 455 624 672 336 447 670 490 326
1074 719 737 526 1012 1123 146 589 1173 1202 154 271 366 727 644 981 687 545 202 136 971 1312 989 814 556 672 221 1054 1225 1239 261 601 248 826 347 708 135 1076 822 583 1211 652 846 317 1210 257 1061 1048 1296 944 797 368 978 181 308 537 1253 464 192 704 1190 740 0 767 967 267 646 515 809 787 409 643 119 352 579 1186 1233 816 828 1232 928 666
460 365 169 324 257 509 854 197 558 468 863 980 1075 159 310 226 93 295 663 724 357 698 375 71 284 121 929 440 611 625 969 186 957 186 1055 354 723 461 79 268 597 222 104 1025 475 965 447 293 682 190 228 1077 223 889 1017 303 518 321 901 350 576 385 767 0 364 976 374 336 66 218 570 204 827 1060 440 451 498 247 73 618 173 181
387 366 271 532 567 436 1055 405 485 515 1063 1180 1275 265 511 348 327 503 863 924 284 625 302 312 492 329 1129 367 538 552 1170 394 1157 302 1256 282 923 389 309 476 524 430 281 1225 523 1166 374 530 609 352 226 1277 533 1089 1217 511 566 522 1101 297 503 260 967 364 0 1176 582 544 325 222 770 412 1027 1260 648 499 546 210 426 545 364 389
1283 928 946 735 1221 1331 153 798 1381 1411 231 42 216 935 853 1190 896 754 410 344 1180 1521 1198 1023 765 881 105 1263 1434 1448 338 809 325 1035 197 917 343 1284 1031 792 1420 860 1055 77 1418 334 1269 1256 1505 1153 1005 218 1187 257 69 746 1462 672 269 913 1399 948 267 976 1176 0 855 724 1017 995 617 852 195 202 787 1394 1442 1024 1037 1440 1136 875
682 498 344 207 620 730 734 330 780 810 742 859 954 334 310 589 295 226 542 604 578 920 597 422 236 280 808 662 833 847 849 319 836 434 935 487 603 683 429 243 819 165 454 904 817 845 668 655 904 552 404 956 586 769 896 218 861 246 780 483 798 519 646 374 582 855 0 196 416 394 449 191 706 939 87 793 841 423 436 839 535 214
644 371 306 64 582 692 603 241 742 772 611 728 823 296 189 551 257 84 411 473 540 882 559 384 94 242 677 624 795 809 718 252 705 396 804 359 472 645 391 121 781 161 416 773 779 714 630 617 866 514 366 825 548 638 765 75 823 115 649 355 760 391 515 336 544 724 196 0 378 356 318 153 575 808 128 755 803 385 398 801 497 176
420 407 210 366 311 469 896 239 519 429 904 1022 1116 200 352 262 135 336 705 766 317 659 335 39 326 162 971 400 571 585 1011 227 998 147 1097 395 765 422 47 309 557 264 71 1067 436 1007 407 346 643 243 260 1118 277 931 1058 344 480 363 942 391 536 427 809 66 325 1017 416 378 0 255 611 245 869 1102 481 413 460 243 127 578 227 223
317 344 79 344 464 366 874 217 416 446 882 1000 1095 95 330 279 139 315 683 744 214 556 233 242 304 141 949 298 469 483 989 205 977 194 1075 333 743 319 240 288 454 242 212 1045 453 985 304 460 540 282 51 1097 430 909 1037 323 497 341 921 329 434 348 787 218 222 995 394 356 255 0 590 223 847 1080 459 429 477 70 280 475 295 201
877 522 540 329 815 926 496 392 975 1005 504 622 717 530 447 784 490 348 305 366 774 1115 792 617 359 475 571 857 1028 1042 611 404 599 629 697 511 365 878 625 386 1014 454 649 667 1012 607 864 850 1099 747 599 719 781 531 659 340 1056 266 543 507 993 543 409 570 770 617 449 318 611 590 0 446 469 702 382 989 1036 619 631 1035 731 469
511 328 174 141 449 560 731 160 609 639 739 856 951 164 151 418 124 111 539 601 408 749 426 251 101 109 805 491 662 676 846 148 833 263 932 317 600 512 259 84 648 38 283 902 646 842 498 484 733 381 233 953 415 766 893 119 690 243 777 312 627 348 643 204 412 852 191 153 245 223 446 0 703 936 256 623 670 253 265 669 364 53
1134 779 797 586 1072 1183 74 649 1233 1263 76 200 294 787 704 1041 747 606 262 196 1031 1373 1049 874 616 732 149 1114 1285 1299 182 661 170 886 275 768 195 1136 882 643 1271 712 907 245 1270 178 1121 1108 1356 1005 857 296 1038 77 236 597 1313 524 88 764 1250 800 119 827 1027 195 706 575 869 847 469 703 0 280 639 1246 1293 876 888 1292 988 726
1367 1013 1030 819 1305 1416 238 883 1466 1496 315 206 101 1020 937 1274 980 839 495 429 1264 1606 1282 1107 849 965 190 1347 1518 1533 422 894 409 1119 57 1001 428 1369 1115 876 1504 945 1140 251 1503 418 1354 1341 1590 1238 1090 103 1271 342 243 831 1547 757 353 997 1484 1033 352 1060 1260 202 939 808 1102 1080 702 936 280 0 872 1479 1526 1109 1121 1525 1221 959
747 434 410 139 685 796 666 304 845 875 674 792 887 399 292 654 360 158 475 536 644 985 662 487 169 345 741 727 898 912 781 316 769 499 867 423 535 748 495 196 884 236 519 837 882 777 733 720 969 617 469 889 651 701 829 150 926 178 713 419 863 455 579 440 648 787 87 128 481 459 382 256 639 872 0 858 906 488 501 904 600 279
595 731 478 744 286 643 1274 616 693 408 1282 1399 1494 494 730 302 521 714 1082 1144 491 833 510 400 703 540 1348 575 746 760 1389 605 1376 390 1475 647 1143 596 397 687 732 641 369 1444 416 1385 581 247 817 306 434 1496 318 1309 1436 722 459 741 1320 661 711 625 1186 452 499 1395 794 756 413 430 989 623 1246 1479 859 0 439 418 393 752 318 601
640 776 523 789 518 689 1319 661 738 226 1327 1444 1539 540 775 348 566 759 1128 1189 537 878 555 445 749 585 1394 620 791 805 1434 650 1421 435 1520 692 1188 641 442 732 777 687 415 1490 65 1430 626 480 862 351 479 1541 532 1354 1481 767 45 786 1365 707 756 670 1231 498 544 1440 839 801 458 475 1034 668 1292 1525 904 449 0 463 438 798 363 646
305 374 108 373 486 354 903 246 404 434 911 1029 1124 124 359 267 168 344 712 773 202 544 220 230 333 170 978 285 457 471 1018 234 1006 220 1104 358 772 307 228 317 442 271 200 1074 441 1014 292 448 528 270 78 1126 451 938 1066 352 485 370 950 358 422 336 816 247 210 1024 423 385 243 70 619 253 876 1109 488 417 464 0 309 463 282 230
521 426 230 386 196 570 916 258 620 406 924 1041 1136 220 372 165 154 356 724 786 418 759 436 133 345 182 990 501 672 686 1031 247 1018 248 1117 415 785 523 140 329 658 283 165 1086 414 1027 508 232 743 129 290 1138 162 951 1078 364 457 383 962 411 637 447 828 73 426 1037 436 398 127 280 631 265 888 1121 501 390 437 309 0 679 112 243
295 776 524 789 820 344 1319 662 181 769 1327 1445 1540 540 775 601 584 760 1128 1189 350 213 368 565 749 586 1394 275 47 55 1434 651 1422 555 1520 693 1188 445 562 733 219 687 535 1490 776 1430 439 783 197 605 480 1542 786 1354 1482 768 819 786 1366 707 198 670 1232 618 545 1440 839 801 578 475 1035 669 1292 1525 904 752 799 463 679 0 617 646
464 520 323 479 234 513 1009 352 563 326 1017 1135 1229 313 465 84 248 449 818 879 361 702 379 226 439 276 1084 444 615 629 1124 340 1111 259 1210 509 878 466 234 422 601 377 239 1180 333 1120 451 269 686 48 303 1231 200 1044 1171 457 377 476 1055 504 580 494 922 167 369 1130 529 491 220 299 724 358 982 1215 594 309 356 287 106 622 0 336
488 305 151 164 427 537 754 137 587 617 762 879 974 141 174 396 102 134 562 624 385 727 404 229 123 86 828 469 640 654 869 126 856 241 955 294 622 490 236 107 625 61 261 924 624 865 475 462 711 359 211 976 393 788 916 142 668 262 800 290 605 326 666 181 389 875 214 176 223 201 469 53 726 959 279 600 648 230 243 646 342 0
EOF