NAME : tsp_problem
TYPE : TSP
DIMENSION : 60
EDGE_WEIGHT_TYPE : EXPLICIT
EDGE_WEIGHT_FORMAT : FULL_MATRIX
EDGE_WEIGHT_SECTION
0 311 311 817 648 305 537 66 441 719 493 984 45 794 652 874 95 686 860 445 49 597 898 783 498 408 52 850 600 523 352 708 761 414 800 624 481 794 778 358 344 840 323 943 442 908 754 839 821 446 738 689 278 424 843 661 746 714 779 218
311 0 103 525 736 108 245 284 271 806 202 692 284 881 361 582 238 395 568 153 285 684 606 870 207 117 282 559 687 611 60 416 849 244 509 332 189 881 486 188 432 927 153 651 150 616 462 547 529 154 446 397 58 132 931 749 834 422 488 194
311 103 0 575 652 36 295 276 187 723 252 742 338 798 411 632 321 445 619 203 276 601 656 787 257 167 273 609 604 527 111 467 765 161 559 383 239 798 537 105 348 844 69 702 201 667 512 597 580 204 497 448 137 183 848 665 751 472 538 110
811 519 570 0 1203 575 305 784 589 1273 366 786 784 1348 455 106 737 492 92 401 784 1151 700 1337 345 431 781 653 1154 1078 481 511 1316 625 603 268 376 1348 277 615 899 1394 620 287 404 710 358 338 54 395 237 491 554 423 1398 1216 1301 393 326 661
648 736 652 1208 0 647 929 614 783 85 885 1376 676 198 1044 1266 726 1070 1252 837 614 77 1289 187 890 800 611 1242 74 153 744 1100 159 756 1192 1016 872 191 1170 700 428 244 664 1335 834 1300 1145 1231 1213 838 1130 1081 729 816 248 59 151 1105 1171 560
305 108 36 581 647 0 301 270 182 717 258 748 332 792 417 638 327 451 624 209 271 595 662 781 263 173 267 615 598 522 117 473 760 155 565 388 245 792 542 99 343 838 64 707 206 672 518 603 586 210 502 453 143 189 842 660 745 478 544 105
537 245 295 310 929 301 0 510 400 999 177 597 510 1074 266 367 463 303 354 129 510 877 511 1063 87 208 507 463 880 804 198 321 1042 420 414 213 187 1074 272 365 624 1120 345 437 215 521 353 332 315 206 232 302 280 224 1124 941 1027 387 320 387
66 284 276 790 614 270 510 0 406 684 466 957 93 759 625 847 143 659 833 418 59 562 871 748 471 381 56 823 565 489 325 681 727 379 773 597 454 759 751 323 310 805 288 916 415 881 727 812 794 419 711 662 251 397 809 627 712 687 752 184
441 271 187 595 783 182 400 406 0 853 342 762 468 928 431 652 489 311 638 371 406 731 676 917 425 295 403 629 734 657 279 486 896 92 579 498 352 928 556 107 478 974 143 721 328 686 637 617 599 332 516 467 305 311 978 795 881 640 605 241
719 806 723 1279 85 717 999 684 853 0 956 1446 746 269 1115 1336 796 1141 1322 907 685 147 1360 258 961 871 682 1313 144 223 815 1171 230 826 1263 1086 943 262 1240 771 499 315 735 1405 905 1370 1216 1301 1284 908 1200 1151 800 887 319 130 222 1176 1242 631
493 202 252 372 885 258 177 466 342 956 0 539 467 1031 207 429 420 245 415 260 467 834 453 1020 217 114 464 405 837 760 168 263 998 353 355 274 62 1030 333 297 581 1077 302 498 87 463 414 394 376 77 293 244 236 106 1080 898 983 448 382 343
984 692 742 792 1376 748 597 957 762 1446 539 0 957 1521 440 849 910 665 835 705 957 1324 315 1510 637 604 954 339 1327 1251 658 496 1489 797 289 695 549 1521 753 788 1071 1567 792 918 577 325 834 814 796 568 713 477 727 596 1571 1388 1474 869 802 834
45 284 338 790 676 332 510 93 468 746 467 957 0 821 626 847 76 659 833 418 76 624 871 810 472 381 79 823 627 551 325 681 789 441 774 597 454 821 751 385 372 867 350 916 415 881 727 812 794 419 711 662 251 397 871 689 774 687 752 246
794 881 798 1354 198 792 1074 759 928 269 1031 1521 821 0 1190 1411 871 1216 1397 982 760 222 1435 106 1036 946 756 1388 219 298 889 1245 311 901 1338 1161 1018 343 1315 845 574 74 810 1480 979 1445 1291 1376 1358 983 1275 1226 875 961 77 211 99 1251 1317 706
652 361 411 461 1044 417 266 625 431 1115 207 440 626 1190 0 518 579 334 504 373 626 993 354 1179 306 273 623 307 996 919 327 103 1157 466 257 363 218 1189 422 456 740 1236 461 587 246 364 503 483 465 236 382 84 395 265 1239 1057 1142 538 471 502
868 576 627 106 1260 632 362 841 646 1330 423 843 841 1405 512 0 795 550 61 458 842 1208 757 1394 402 488 838 710 1211 1135 538 568 1373 682 660 326 433 1405 335 672 956 1451 677 214 461 767 416 395 97 452 295 548 611 481 1455 1273 1358 450 383 718
95 238 321 743 726 327 463 143 489 796 420 910 76 871 579 800 0 613 786 371 126 674 824 860 425 335 129 777 677 601 279 635 839 462 727 550 407 871 705 406 422 917 371 869 369 834 680 765 748 372 664 615 204 351 921 738 824 640 706 296
686 395 445 498 1070 451 303 659 311 1141 245 665 659 1216 334 555 613 0 542 411 660 1019 579 1205 344 311 657 532 1022 945 360 390 1183 347 482 401 255 1215 460 395 766 1261 431 624 283 589 541 520 503 274 420 371 429 303 1265 1083 1168 575 508 528
854 562 613 92 1246 619 348 827 632 1317 409 829 827 1391 498 61 781 536 0 444 828 1195 743 1380 388 475 825 696 1198 1121 524 554 1359 668 646 312 420 1391 321 658 942 1437 663 243 447 754 402 382 83 438 281 535 597 467 1441 1259 1344 436 370 704
445 153 203 404 837 209 129 418 371 907 260 705 418 982 373 461 371 411 447 0 418 785 618 971 91 175 415 571 788 711 106 429 950 345 521 191 247 982 365 289 532 1028 253 530 209 629 321 426 409 213 325 410 188 191 1032 849 935 281 347 295
49 285 276 790 614 271 510 59 406 685 467 957 76 760 626 847 126 660 833 418 0 563 871 749 472 382 57 824 566 489 326 682 727 380 774 597 454 759 752 324 310 805 288 916 416 881 727 812 795 419 711 662 251 398 809 627 712 687 753 184
597 684 601 1157 77 595 877 562 731 147 834 1324 624 222 993 1214 674 1019 1200 785 563 0 1238 211 839 749 559 1191 47 101 693 1049 190 704 1141 964 821 222 1118 648 377 268 613 1283 782 1248 1094 1179 1162 786 1078 1029 678 765 272 90 175 1054 1120 509
898 606 656 706 1289 662 511 871 676 1360 453 315 871 1435 354 763 824 579 749 618 871 1238 0 1424 551 518 868 253 1241 1164 572 410 1402 711 203 609 463 1435 667 701 985 1481 706 832 491 61 748 728 710 482 627 391 641 510 1485 1302 1388 783 716 747
783 870 787 1343 187 781 1063 748 917 258 1020 1510 810 106 1179 1400 860 1205 1386 971 749 211 1424 0 1025 935 745 1377 208 287 878 1234 300 890 1327 1150 1007 332 1304 834 563 152 799 1469 968 1434 1280 1365 1347 972 1264 1215 864 950 156 200 88 1240 1305 695
498 207 257 351 890 263 87 471 425 961 217 637 472 1036 306 408 425 344 394 91 472 839 551 1025 0 229 469 504 842 765 159 362 1003 398 454 254 227 1035 312 343 586 1082 307 477 255 561 393 373 355 246 272 342 241 245 1085 903 988 360 361 348
408 117 167 437 800 173 208 381 295 871 114 604 381 946 273 494 335 311 480 175 382 749 518 935 229 0 379 471 752 675 83 329 913 268 421 340 101 945 398 212 496 991 217 563 63 528 479 459 442 66 358 309 151 45 995 813 898 444 447 258
52 282 273 787 611 267 507 56 403 682 464 954 79 756 623 844 129 657 830 415 57 559 868 745 469 379 0 821 563 486 323 679 724 376 771 594 451 756 748 321 307 802 285 913 412 878 724 809 792 416 708 659 248 395 806 624 709 684 750 181
850 559 609 658 1242 615 463 823 629 1313 405 339 823 1388 307 716 777 532 702 571 824 1191 253 1377 504 471 821 0 1194 1117 525 363 1355 664 103 561 416 1387 620 654 938 1433 659 785 444 263 701 681 663 434 580 343 593 463 1437 1255 1340 735 669 700
600 687 604 1160 74 598 880 565 734 144 837 1327 627 219 996 1217 677 1022 1203 788 566 47 1241 208 842 752 563 1194 0 104 696 1052 187 707 1144 967 824 219 1121 651 380 265 616 1286 785 1251 1097 1182 1165 789 1081 1032 681 768 269 87 172 1057 1123 512
523 611 527 1083 153 522 804 489 657 223 760 1251 551 298 919 1141 601 945 1127 711 489 101 1164 287 765 675 486 1117 104 0 619 975 266 631 1067 891 747 298 1045 575 303 344 539 1210 709 1175 1020 1106 1088 713 1005 956 604 691 348 166 251 980 1046 435
352 60 111 486 744 117 198 325 279 815 168 658 325 889 327 544 279 360 530 106 326 693 572 878 159 83 323 525 696 619 0 382 857 252 475 285 155 889 448 196 440 935 161 613 116 582 414 509 491 120 408 363 95 98 939 757 842 375 440 202
708 416 467 516 1100 473 321 681 486 1171 263 496 681 1245 103 574 635 390 560 429 682 1049 410 1234 362 329 679 363 1052 975 382 0 1213 522 313 419 274 1245 478 512 796 1291 517 643 301 420 559 539 521 292 438 59 451 321 1295 1113 1198 593 527 558
761 849 765 1321 159 760 1042 727 896 230 998 1489 789 311 1157 1379 839 1183 1365 950 727 190 1402 300 1003 913 724 1355 187 266 857 1213 0 869 1305 1129 985 50 1283 813 541 357 777 1448 947 1413 1258 1344 1326 951 1243 1194 842 929 361 124 264 1218 1284 673
414 244 161 630 756 155 420 379 92 826 353 797 441 901 466 687 462 347 674 345 380 704 711 890 398 268 376 664 707 631 252 522 869 0 614 524 340 901 592 80 452 947 117 757 302 722 654 652 635 305 552 503 279 284 951 769 854 614 640 214
800 509 559 609 1192 565 414 773 579 1263 355 289 774 1338 257 666 727 482 652 521 774 1141 203 1327 454 421 771 103 1144 1067 475 313 1305 614 0 511 366 1337 570 604 888 1384 609 735 394 213 651 631 613 384 530 293 543 413 1387 1205 1290 686 619 650
618 326 376 266 1010 382 218 591 502 1080 279 699 591 1155 368 323 544 406 309 185 591 958 613 1144 258 345 588 566 961 885 279 424 1123 518 516 0 289 1155 227 462 706 1201 426 392 317 624 308 288 270 308 187 405 361 337 1205 1023 1108 289 276 468
481 189 239 382 872 245 187 454 352 943 62 549 454 1018 218 439 407 255 425 247 454 821 463 1007 227 101 451 416 824 747 155 274 985 340 366 285 0 1018 343 284 568 1064 289 508 74 473 424 404 387 65 303 254 224 93 1068 885 971 459 392 330
794 881 798 1354 191 792 1074 759 928 262 1030 1521 821 343 1189 1411 871 1215 1397 982 759 222 1435 332 1035 945 756 1387 219 298 889 1245 50 901 1337 1161 1018 0 1315 845 573 389 810 1480 979 1445 1291 1376 1358 983 1275 1226 874 961 393 156 296 1251 1316 705
778 487 537 272 1170 543 272 751 557 1241 333 754 751 1316 422 329 705 460 315 368 752 1119 668 1305 312 399 749 620 1122 1045 448 478 1283 592 570 236 344 1315 0 582 866 1361 587 398 372 678 138 108 277 362 49 459 521 391 1365 1183 1268 173 106 628
358 188 105 620 700 99 365 323 107 771 297 788 385 845 456 678 406 395 664 289 324 648 701 834 343 212 321 654 651 575 196 512 813 80 604 468 284 845 582 0 396 891 61 747 246 712 598 643 625 250 542 493 223 228 895 713 798 558 623 158
344 432 348 904 428 343 624 310 478 499 581 1071 372 574 740 962 422 766 948 532 310 377 985 563 586 496 307 938 380 303 440 796 541 452 888 712 568 573 866 396 0 619 360 1031 530 996 841 927 909 534 826 777 425 512 623 441 526 801 867 256
840 927 844 1400 244 838 1120 805 974 315 1077 1567 867 74 1236 1457 917 1261 1443 1028 805 268 1481 152 1082 991 802 1433 265 344 935 1291 357 947 1384 1207 1064 389 1361 891 619 0 856 1526 1025 1491 1337 1422 1404 1029 1321 1272 921 1007 50 257 145 1297 1362 752
323 153 69 625 664 64 345 288 143 735 302 792 350 810 461 682 371 431 669 253 288 613 706 799 307 217 285 659 616 539 161 517 777 117 609 433 289 810 587 61 360 856 0 752 251 717 562 647 630 254 547 498 187 233 859 677 762 522 588 122
941 650 700 288 1333 706 435 914 719 1404 496 917 914 1479 585 214 868 623 243 531 915 1282 830 1467 475 562 912 783 1285 1208 611 641 1446 755 733 399 507 1478 408 745 1029 1524 750 0 534 841 489 469 279 525 368 622 684 554 1528 1346 1431 523 457 791
442 150 201 410 834 206 215 415 328 905 87 577 415 979 246 467 369 283 453 209 416 782 491 968 255 63 412 444 785 709 116 301 947 302 394 313 74 979 371 246 530 1025 251 536 0 501 452 432 414 43 331 282 185 55 1029 847 932 478 420 292
908 616 667 716 1300 672 521 881 686 1370 463 325 881 1445 364 773 834 589 759 629 881 1248 61 1434 561 528 878 263 1251 1175 582 420 1413 722 213 619 473 1445 677 712 996 1491 717 842 501 0 758 738 721 492 637 401 651 520 1495 1313 1398 793 726 758
759 467 517 353 1151 523 353 732 638 1221 414 835 732 1296 503 410 685 541 396 326 732 1099 748 1285 393 480 729 701 1102 1026 420 559 1264 659 651 317 425 1296 138 603 847 1342 567 479 452 759 0 199 358 443 130 540 502 472 1346 1164 1249 184 45 609
839 547 598 333 1231 604 333 812 617 1302 394 814 812 1376 483 390 766 521 376 429 813 1180 728 1365 373 460 809 681 1183 1106 509 539 1344 653 631 297 405 1376 108 643 927 1422 648 459 432 739 199 0 337 423 110 520 582 452 1426 1244 1329 234 167 689
815 524 574 54 1207 580 309 788 594 1278 370 791 789 1353 459 97 742 497 83 405 789 1156 705 1342 349 436 786 657 1159 1082 485 515 1320 629 607 273 381 1352 282 619 903 1399 624 279 409 715 363 343 0 399 242 496 558 428 1402 1220 1305 398 331 665
446 154 204 401 838 210 206 419 332 908 77 568 419 983 236 458 372 274 444 213 419 786 482 972 246 66 416 434 789 713 120 292 951 305 384 304 65 983 362 250 534 1029 254 527 43 492 443 423 405 0 322 273 189 58 1033 851 936 478 411 296
738 447 497 232 1130 503 232 711 517 1201 293 714 711 1276 382 289 665 420 275 328 712 1079 627 1265 272 359 709 580 1082 1005 408 438 1243 552 530 196 304 1275 49 542 826 1321 547 358 331 638 130 110 237 322 0 419 481 351 1325 1143 1228 165 98 588
689 397 448 497 1081 453 302 662 467 1151 244 477 662 1226 84 554 615 371 540 410 662 1029 391 1215 342 309 659 343 1032 956 363 59 1194 503 293 400 254 1226 458 493 777 1272 498 623 282 401 539 519 502 273 418 0 432 302 1276 1094 1179 574 507 539
278 58 137 560 729 143 280 251 305 800 236 727 251 875 395 617 204 429 603 188 251 678 641 864 241 151 248 593 681 604 95 451 842 279 543 367 224 874 521 223 425 921 187 686 185 651 497 582 564 189 481 432 0 167 924 742 827 457 522 229
424 132 183 429 816 189 224 397 311 887 106 596 397 961 265 486 351 303 473 191 398 765 510 950 245 45 395 463 768 691 98 321 929 284 413 332 93 961 391 228 512 1007 233 555 55 520 472 451 434 58 351 302 167 0 1011 829 914 460 439 274
843 931 848 1404 248 842 1124 809 978 319 1080 1571 871 77 1239 1461 921 1265 1447 1032 809 272 1485 156 1085 995 806 1437 269 348 939 1295 361 951 1387 1211 1068 393 1365 895 623 50 859 1530 1029 1495 1340 1426 1408 1033 1325 1276 924 1011 0 261 148 1301 1366 755
661 749 665 1221 59 660 941 627 795 130 898 1388 689 211 1057 1278 738 1083 1265 849 627 90 1302 200 903 813 624 1255 87 166 757 1113 124 769 1205 1029 885 156 1183 713 441 257 677 1348 847 1313 1158 1244 1226 851 1143 1094 742 829 261 0 164 1118 1184 573
746 834 751 1306 151 745 1027 712 881 222 983 1474 774 99 1142 1364 824 1168 1350 935 712 175 1388 88 988 898 709 1340 172 251 842 1198 264 854 1290 1114 971 296 1268 798 526 145 762 1433 932 1398 1243 1329 1311 936 1228 1179 827 914 148 164 0 1204 1269 658
719 427 478 388 1111 483 388 692 646 1181 449 869 692 1256 538 445 645 576 431 286 692 1059 783 1245 365 449 689 736 1062 986 380 594 1224 619 686 289 459 1256 173 563 807 1302 527 514 483 793 184 234 392 478 165 574 462 465 1306 1124 1209 0 152 569
784 493 543 321 1176 549 321 757 605 1247 382 802 758 1322 471 378 711 509 364 352 758 1125 716 1311 361 448 755 669 1128 1051 445 527 1289 641 619 285 393 1321 106 629 872 1368 593 447 420 727 45 167 325 411 98 508 527 440 1371 1189 1274 152 0 634
218 194 110 666 560 105 387 184 241 631 343 834 246 706 502 724 296 528 710 295 184 509 747 695 348 258 181 700 512 435 202 558 673 214 650 474 330 705 628 158 256 752 122 793 292 758 603 689 671 296 588 539 229 274 755 573 658 563 629 0
EOF