NAME : tsp_problem
TYPE : TSP
DIMENSION : 38
EDGE_WEIGHT_TYPE : EXPLICIT
EDGE_WEIGHT_FORMAT : FULL_MATRIX
EDGE_WEIGHT_SECTION
0 95 267 203 115 620 891 339 332 438 88 314 876 785 65 263 256 336 216 592 917 491 176 196 663 268 880 731 297 999 164 226 203 502 352 237 463 385
95 0 335 271 56 562 959 407 400 379 44 334 944 853 113 205 324 404 284 534 985 559 244 256 731 308 947 673 315 1067 204 294 264 443 298 305 405 326
267 335 0 103 354 860 697 523 180 677 327 425 682 591 249 503 65 519 115 832 724 298 240 379 470 344 686 971 480 805 403 94 266 741 592 84 703 624
203 271 103 0 291 796 769 460 221 614 264 395 754 663 185 440 93 456 52 768 796 370 210 316 542 314 758 907 417 877 340 63 236 678 529 74 640 561
115 56 354 291 0 550 978 427 419 367 57 323 963 873 132 193 343 423 303 522 1005 579 264 244 751 328 967 661 303 1087 216 314 284 431 286 324 393 314
620 562 860 796 550 0 1484 844 925 269 563 712 1469 1378 638 548 849 840 809 911 1511 1084 769 633 1256 787 1473 492 692 1592 605 819 789 820 675 830 782 703
891 959 697 769 978 1484 0 1147 812 1301 951 955 131 129 873 1127 708 1144 759 1456 60 570 770 1004 254 874 43 1595 1104 398 1027 738 796 1365 1208 727 1327 1248
345 412 528 465 432 849 1152 0 593 666 405 622 1137 1047 327 492 517 24 477 554 1179 753 438 283 925 542 1141 960 183 1261 370 488 464 464 585 499 425 218
332 400 180 221 419 925 812 588 0 742 392 540 797 707 314 568 191 585 233 897 839 413 355 444 585 459 801 1036 545 920 468 221 381 806 657 210 768 689
438 379 677 614 367 269 1301 661 742 0 380 529 1286 1196 455 365 666 658 626 728 1328 902 587 450 1074 605 1290 380 509 1410 422 637 607 637 492 647 599 520
88 44 327 264 57 563 951 400 392 380 0 336 936 846 105 206 316 396 276 535 978 552 237 256 724 300 940 674 316 1059 197 287 257 444 299 297 406 327
314 334 425 395 323 712 955 617 540 529 336 0 940 850 331 355 436 613 407 684 982 556 209 406 728 121 944 823 465 1064 378 418 179 593 290 429 555 476
876 944 682 754 963 1469 131 1132 797 1286 936 940 0 114 858 1112 693 1128 744 1441 158 555 755 988 239 859 120 1580 1089 383 1012 723 781 1350 1193 712 1312 1233
785 853 591 663 873 1378 129 1042 707 1196 846 850 114 0 767 1021 602 1038 653 1350 156 464 665 898 149 769 118 1489 999 293 922 632 691 1260 1103 622 1221 1143
65 113 249 185 132 638 873 322 314 455 105 331 858 767 0 281 238 318 198 610 900 473 158 178 645 263 862 749 279 981 181 208 185 519 370 219 481 402
263 205 503 440 193 548 1127 487 568 365 206 355 1112 1021 281 0 492 483 452 554 1154 728 413 276 900 430 1116 659 335 1235 248 463 432 463 318 473 425 346
256 324 65 93 343 849 708 512 191 666 316 436 693 602 238 492 0 509 105 821 735 309 251 369 481 355 697 960 469 816 393 105 277 730 581 95 692 613
341 409 525 461 428 845 1149 24 590 663 401 618 1134 1043 323 488 514 0 474 551 1175 749 434 279 921 538 1138 956 179 1257 366 484 460 460 581 495 422 214
216 284 115 52 303 809 759 472 233 626 276 407 744 653 198 452 105 468 0 781 785 359 222 328 531 326 747 920 429 867 352 75 248 690 541 86 652 573
591 532 830 767 520 909 1454 561 895 726 533 682 1439 1349 608 552 819 557 779 0 1481 1055 740 484 1227 758 1443 1020 409 1563 456 790 760 132 645 800 259 371
917 985 724 796 1005 1511 60 1174 839 1328 978 982 158 156 900 1154 735 1170 785 1483 0 596 797 1030 281 901 56 1622 1131 425 1054 764 823 1392 1235 754 1354 1275
491 559 298 370 579 1084 570 748 413 902 552 556 555 464 473 728 309 744 359 1056 596 0 371 604 342 475 559 1195 705 678 628 338 397 966 809 328 927 849
176 244 240 210 264 769 770 433 355 587 237 209 755 665 158 413 251 429 222 741 797 371 0 289 543 128 759 880 390 878 313 233 57 651 462 244 613 534
196 256 379 316 244 633 1004 278 444 450 256 406 988 898 178 276 369 274 328 485 1030 604 289 0 776 393 992 744 235 1112 111 339 315 394 369 350 356 278
663 731 470 542 751 1256 254 920 585 1074 724 728 239 149 645 900 481 916 531 1228 281 342 543 776 0 647 243 1367 877 363 800 510 569 1138 981 500 1099 1021
268 308 344 314 328 787 874 537 459 605 300 121 859 769 263 430 355 533 326 759 901 475 128 393 647 0 863 898 494 983 377 337 98 669 366 348 630 552
880 947 686 758 967 1473 43 1136 801 1290 940 944 120 118 862 1116 697 1132 747 1445 56 559 759 992 243 863 0 1584 1093 387 1016 726 785 1354 1197 716 1316 1237
731 673 971 907 661 492 1595 955 1036 380 674 823 1580 1489 749 659 960 951 920 1022 1622 1195 880 744 1367 898 1584 0 803 1703 716 930 900 931 786 941 893 814
289 357 473 410 355 743 1097 181 538 561 350 516 1082 992 271 387 462 178 422 449 1124 698 383 228 870 487 1086 854 0 1205 290 433 409 358 479 443 320 241
999 1067 805 877 1087 1592 398 1256 920 1410 1059 1064 383 293 981 1235 816 1252 867 1564 425 678 878 1112 363 983 387 1703 1213 0 1136 846 905 1474 1316 835 1435 1357
164 204 403 340 216 605 1027 365 468 422 197 378 1012 922 181 248 393 361 352 458 1054 628 313 111 800 377 1016 716 239 1136 0 363 333 367 341 374 329 250
226 294 94 63 314 819 738 483 221 637 287 418 723 632 208 463 105 479 75 791 764 338 233 339 510 337 726 930 440 846 363 0 259 701 552 97 662 584
203 264 266 236 284 789 796 459 381 607 257 179 781 691 185 432 277 455 248 761 823 397 57 315 569 98 785 900 416 905 333 259 0 671 432 270 632 554
500 441 739 676 430 818 1364 470 805 636 442 591 1348 1258 517 461 729 467 688 132 1390 964 649 393 1136 667 1352 929 318 1472 365 699 669 0 554 710 203 280
352 298 592 529 286 675 1208 580 657 492 299 290 1193 1103 370 318 581 576 541 647 1235 809 462 369 981 366 1197 786 428 1316 341 552 432 556 0 562 518 439
237 305 84 74 324 830 727 493 210 647 297 429 712 622 219 473 95 490 86 802 754 328 244 350 500 348 716 941 451 835 374 97 270 711 562 0 673 594
458 399 697 634 387 776 1321 428 762 593 400 549 1306 1216 475 419 686 424 646 259 1348 922 607 350 1094 625 1310 887 276 1429 323 657 627 199 512 667 0 237
385 326 625 561 315 703 1249 218 690 521 327 476 1233 1143 402 346 614 214 573 361 1275 849 534 278 1021 552 1237 814 203 1357 250 584 554 270 439 595 232 0
EOF