r2: 0.9533665451187779
mae: 943.4238692963568
mape: 6.374727603115487
