r2: 0.9530431028002397
mae: 946.919842639625
mape: 6.395784556330394
