r2: 0.9533940258654343
mae: 942.1475641080266
mape: 6.372568448682335
