r2: 0.9530167518918767
mae: 947.1860351905365
mape: 6.397138756371085
