
            r2: 0.9503384163836156

            mae: 892.4744281377309

            mape: 6.738545801130051

    