
            r2: 0.9503357327035729

            mae: 892.5652552778416

            mape: 6.740943383504989

    