
            r2: 0.9498993678401678

            mae: 897.6498853686113

            mape: 6.780603565791502

    