NAME : tsp_problem
TYPE : TSP
DIMENSION : 46
EDGE_WEIGHT_TYPE : EXPLICIT
EDGE_WEIGHT_FORMAT : FULL_MATRIX
EDGE_WEIGHT_SECTION
0 1613 1794 708 727 909 1791 1360 802 1019 882 891 706 1030 271 859 670 1100 1031 943 972 764 141 1586 938 687 1544 226 794 1427 1193 678 1098 227 117 1367 883 1607 808 698 847 1605 1799 741 1364 831
1668 0 276 1363 1381 1564 273 671 1457 881 1537 929 1361 892 1660 897 1039 779 1686 1597 1627 1418 1576 480 1593 1022 437 1523 1130 739 751 1333 656 1524 1676 678 1538 52 1463 1034 885 57 281 1077 675 878
1468 335 0 1163 1181 1363 513 470 1256 680 1336 728 1160 691 1460 696 839 578 1485 1397 1426 1218 1376 272 1393 822 230 1322 929 538 551 1132 455 1323 1476 478 1337 330 1262 833 684 327 521 876 474 678
708 1308 1489 0 421 604 1486 1054 142 714 577 586 96 725 701 554 365 795 726 638 667 459 616 1281 633 381 1238 563 488 1122 888 78 792 564 716 1062 578 1302 503 392 542 1300 1494 436 1059 526
727 1326 1507 421 0 227 1504 1073 515 732 241 604 419 743 719 573 383 813 349 260 289 123 635 1299 256 400 1257 581 507 1140 906 391 811 582 735 1080 201 1320 125 411 560 1318 1512 454 1077 544
909 1508 1690 604 227 0 1687 1255 698 915 357 787 602 926 902 755 566 996 149 288 89 305 817 1482 83 582 1439 764 689 1323 1089 574 993 765 917 1263 56 1503 222 593 743 1500 1695 636 1259 727
1733 600 334 1428 1446 1629 0 735 1522 945 1601 994 1425 956 1725 962 1104 843 1751 1662 1691 1483 1641 538 1658 1087 495 1588 1195 803 816 1398 720 1589 1741 743 1603 595 1527 1099 949 592 40 1142 740 943
1498 340 521 1192 1211 1393 518 0 1286 710 1366 758 1190 721 1490 726 868 608 1515 1427 1456 1248 1406 313 1422 852 271 1352 959 155 580 1162 485 1353 1506 49 1367 335 1292 863 714 332 526 906 52 708
802 1402 1583 142 515 698 1580 1148 0 808 671 680 190 819 795 648 459 889 820 731 761 553 710 1375 727 475 1332 657 582 1216 982 172 886 658 810 1156 672 1396 597 486 636 1394 1588 529 1152 620
1019 825 1007 714 732 915 1004 572 808 0 888 280 712 79 1012 248 390 181 1037 949 978 770 927 799 944 374 756 874 481 640 217 684 310 875 1027 579 889 820 814 385 236 817 1012 428 576 230
882 1481 1663 577 241 357 1660 1228 671 888 0 760 574 899 874 728 538 969 290 193 294 144 790 1455 414 555 1412 737 662 1296 1061 547 966 738 890 1235 386 1476 322 566 716 1473 1668 609 1232 699
891 873 1055 586 604 787 1052 620 680 280 760 0 584 291 884 102 262 361 909 821 850 642 799 847 816 246 804 746 260 688 454 556 358 747 899 628 761 868 686 257 90 865 1060 300 624 102
706 1305 1487 96 419 602 1484 1052 190 712 574 584 0 723 698 552 362 793 724 635 665 456 614 1279 631 379 1236 561 486 1120 885 75 790 562 714 1059 576 1300 500 390 540 1297 1492 433 1056 523
1030 836 1018 725 743 926 1015 583 819 79 899 291 723 0 1023 259 401 170 1048 960 989 781 938 810 955 385 767 885 492 651 206 695 303 886 1038 590 900 831 825 396 247 828 1023 439 587 241
271 1605 1787 701 719 902 1784 1352 795 1012 874 884 698 1023 0 852 662 1093 1024 935 964 756 272 1579 931 679 1536 155 786 1420 1185 671 1090 163 369 1359 876 1600 800 690 840 1597 1791 733 1356 823
859 841 1023 554 573 755 1020 588 648 248 728 102 552 259 852 0 230 329 877 789 818 610 768 815 784 214 772 714 301 656 422 524 326 715 868 596 729 836 654 225 58 833 1028 268 592 70
670 984 1165 365 383 566 1162 730 459 390 538 262 362 401 662 230 0 471 688 599 628 420 578 957 595 57 914 525 164 798 564 335 468 526 678 738 540 978 464 68 218 976 1170 112 735 202
1100 723 905 795 813 996 902 470 889 181 969 361 793 170 1093 329 471 0 1118 1030 1059 851 1008 697 1025 455 654 955 562 538 135 765 208 956 1108 478 970 718 895 466 317 715 910 509 474 311
1031 1630 1812 726 349 149 1809 1377 820 1037 290 909 724 1048 1024 877 688 1118 0 221 86 418 939 1604 205 704 1561 886 811 1445 1211 696 1115 887 1039 1385 178 1625 344 715 865 1622 1817 758 1381 849
943 1542 1723 638 260 288 1720 1289 731 949 193 821 635 960 935 789 599 1030 221 0 225 320 851 1515 344 616 1473 797 723 1357 1122 607 1027 798 951 1296 317 1537 151 627 776 1534 1728 670 1293 760
972 1571 1753 667 289 89 1750 1318 761 978 294 850 665 989 964 818 628 1059 86 225 0 368 880 1545 146 645 1502 827 752 1386 1151 637 1056 828 980 1326 118 1566 284 656 806 1563 1758 699 1322 789
764 1363 1545 459 123 305 1542 1110 553 770 144 642 456 781 756 610 420 851 418 320 368 0 672 1337 334 437 1294 619 544 1178 943 429 848 620 772 1117 279 1358 204 448 598 1355 1549 491 1114 581
141 1521 1702 616 635 817 1699 1268 710 927 790 799 614 938 272 768 578 1008 939 851 880 672 0 1494 846 595 1452 134 702 1335 1101 586 1006 135 149 1275 791 1516 716 606 755 1513 1707 649 1272 739
1272 528 709 967 985 1168 706 275 1061 485 1141 533 964 496 1264 501 643 383 1290 1201 1231 1022 1180 0 1197 626 459 1127 734 343 355 937 260 1128 1280 282 1142 523 1066 638 489 520 714 681 279 482
938 1538 1719 633 256 83 1716 1284 727 944 414 816 631 955 931 784 595 1025 205 344 146 334 846 1511 0 611 1468 793 718 1352 1118 603 1022 794 946 1292 85 1532 251 622 772 1530 1724 665 1288 756
687 967 1149 381 400 582 1146 714 475 374 555 246 379 385 679 214 57 455 704 616 645 437 595 941 611 0 898 541 148 782 547 351 452 542 695 721 556 962 481 52 201 959 1153 95 718 185
1362 618 799 1057 1075 1258 796 365 1151 574 1231 623 1054 586 1354 591 733 473 1380 1291 1321 1112 1270 167 1287 716 0 1217 824 433 445 1027 350 1218 1370 372 1232 613 1156 728 579 610 804 771 369 572
226 1468 1649 563 581 764 1646 1214 657 874 737 746 561 885 155 714 525 955 886 797 827 619 134 1441 793 541 1398 0 648 1282 1048 533 952 32 234 1222 738 1462 663 552 702 1460 1654 595 1218 686
794 1074 1256 488 507 689 1253 821 582 481 662 260 486 492 786 301 164 562 811 723 752 544 702 1048 718 148 1005 648 0 889 655 458 559 649 802 829 663 1069 588 142 303 1066 1261 106 825 293
1439 281 463 1134 1152 1334 460 441 1228 651 1307 699 1131 662 1431 668 810 549 1457 1368 1397 1189 1347 255 1364 793 212 1294 900 0 522 1104 426 1295 1447 449 1309 276 1233 804 655 273 467 848 446 649
1193 696 877 888 906 1089 874 442 982 217 1061 454 885 206 1185 422 564 135 1211 1122 1151 943 1101 669 1118 547 626 1048 655 510 0 858 132 1049 1201 450 1063 690 987 559 409 688 882 602 446 403
678 1277 1459 78 391 574 1456 1024 172 684 547 556 75 695 671 524 335 765 696 607 637 429 586 1251 603 351 1208 533 458 1092 858 0 762 534 686 1032 548 1272 473 362 512 1269 1464 405 1028 496
1098 600 782 792 811 993 779 347 886 310 966 358 790 303 1090 326 468 208 1115 1027 1056 848 1006 574 1022 452 531 952 559 415 132 762 0 953 1106 354 967 595 892 463 314 592 787 506 351 308
227 1468 1650 564 582 765 1647 1215 658 875 738 747 562 886 163 715 526 956 887 798 828 620 135 1442 794 542 1399 32 649 1283 1049 534 953 0 235 1223 739 1463 664 553 703 1460 1655 596 1219 687
117 1621 1802 716 735 917 1799 1368 810 1027 890 899 714 1038 369 868 678 1108 1039 951 980 772 149 1594 946 695 1552 234 802 1435 1201 686 1106 235 0 1375 891 1615 816 706 855 1613 1807 749 1372 839
1505 347 529 1200 1218 1401 526 49 1294 717 1373 766 1197 728 1497 734 876 616 1523 1434 1464 1255 1413 321 1430 859 278 1360 967 162 588 1170 492 1361 1513 0 1375 342 1299 871 721 339 534 914 40 715
883 1482 1664 578 201 56 1661 1229 672 889 386 761 576 900 876 729 540 970 178 317 118 279 791 1456 85 556 1413 738 663 1297 1063 548 967 739 891 1237 0 1477 196 567 717 1474 1669 610 1233 701
1663 52 271 1358 1376 1559 268 666 1452 875 1531 924 1355 886 1655 892 1034 773 1681 1592 1621 1413 1571 474 1588 1017 432 1518 1125 733 746 1328 650 1519 1671 673 1533 0 1457 1029 879 55 276 1072 670 873
808 1407 1589 503 125 222 1586 1154 597 814 322 686 500 825 800 654 464 895 344 151 284 204 716 1381 251 481 1338 663 588 1222 987 473 892 664 816 1161 196 1402 0 492 642 1399 1594 535 1158 625
698 978 1160 392 411 593 1157 725 486 385 566 257 390 396 690 225 68 466 715 627 656 448 606 952 622 52 909 552 142 793 559 362 463 553 706 733 567 973 492 0 213 970 1165 89 729 197
847 829 1011 542 560 743 1008 576 636 236 716 90 540 247 840 58 218 317 865 776 806 598 755 803 772 201 760 702 303 644 409 512 314 703 855 583 717 824 642 213 0 821 1016 256 580 57
1660 57 268 1355 1373 1556 265 663 1449 873 1529 921 1353 884 1653 889 1031 771 1678 1589 1619 1410 1568 472 1585 1014 429 1515 1122 731 743 1325 648 1516 1668 670 1530 55 1455 1026 877 0 273 1069 667 870
1741 608 342 1436 1454 1636 40 743 1529 953 1609 1001 1433 964 1733 969 1112 851 1758 1670 1699 1491 1649 546 1666 1095 503 1595 1202 811 824 1405 728 1596 1749 751 1610 603 1535 1106 957 600 0 1149 747 951
741 1022 1203 436 454 636 1200 768 529 428 609 300 433 439 733 268 112 509 758 670 699 491 649 995 665 95 952 595 106 836 602 405 506 596 749 776 610 1016 535 89 256 1014 1208 0 772 240
1502 344 525 1197 1215 1397 522 52 1290 714 1370 762 1194 725 1494 730 873 612 1519 1431 1460 1252 1410 318 1426 856 275 1356 963 159 584 1166 489 1357 1510 40 1371 339 1296 867 718 336 530 910 0 712
831 823 1004 526 544 727 1001 570 620 230 699 102 523 241 823 70 202 311 849 760 789 581 739 797 756 185 754 686 293 638 403 496 308 687 839 577 701 818 625 197 57 815 1009 240 574 0
EOF