NAME : tsp_problem
TYPE : TSP
DIMENSION : 26
EDGE_WEIGHT_TYPE : EXPLICIT
EDGE_WEIGHT_FORMAT : FULL_MATRIX
EDGE_WEIGHT_SECTION
0 646 666 791 136 1844 596 723 529 459 276 327 903 707 406 422 281 756 1184 161 73 427 277 795 1181 369
646 0 394 197 725 1762 839 173 771 535 424 569 354 697 355 498 662 207 1427 733 662 503 424 245 1424 444
666 394 0 475 745 1767 519 471 594 269 445 590 651 338 434 283 682 504 1331 753 682 338 444 542 1104 349
791 197 475 0 870 1671 960 319 916 680 569 714 499 779 501 643 807 352 1572 878 807 648 569 390 1545 589
136 725 745 870 0 1766 518 801 451 538 355 249 982 672 484 501 167 835 1106 68 152 506 355 873 1103 447
1846 1798 1736 1707 1768 0 1417 1919 1545 1707 1719 1565 2057 1571 1848 1722 1671 1913 2281 1742 1861 1776 1719 1984 730 1788
635 744 385 825 557 1507 0 821 334 356 508 354 1001 220 589 371 461 854 1071 531 651 425 508 893 844 437
723 173 471 319 801 1884 916 0 848 612 501 646 237 774 432 574 739 93 1504 810 739 579 501 164 1500 521
529 771 695 916 451 1624 376 848 0 584 402 248 1028 530 531 547 354 881 964 425 544 552 402 920 961 494
459 535 269 680 538 1739 491 612 566 0 237 382 792 310 294 212 475 645 1240 546 475 267 237 684 1076 258
276 424 445 569 355 1717 469 501 402 237 0 200 681 485 184 200 293 535 1057 363 292 205 74 573 1054 147
327 569 590 714 249 1563 315 646 248 382 200 0 826 469 329 345 152 680 903 223 343 350 200 718 900 292
903 354 651 499 982 2021 1096 237 1028 792 681 826 0 954 613 755 919 192 1684 990 919 760 681 263 1681 702
707 697 338 779 652 1602 354 774 429 310 485 449 954 0 542 324 555 808 1165 626 723 379 485 846 939 390
406 355 434 501 484 1846 598 432 531 294 184 329 613 542 0 257 422 466 1186 493 421 262 184 504 1183 204
422 498 283 643 501 1753 505 574 547 212 200 345 755 324 257 0 438 608 1203 509 438 279 200 646 1090 220
281 662 682 807 167 1670 422 739 354 475 293 152 919 575 422 438 0 772 1010 142 297 443 293 811 1007 385
756 207 504 352 835 1878 949 93 881 645 535 680 192 808 466 608 772 0 1537 843 772 613 535 119 1534 555
1184 1427 1351 1572 1106 2280 1032 1504 964 1240 1057 903 1684 1185 1186 1203 1010 1537 0 1081 1200 1208 1057 1575 1617 1149
161 733 753 878 68 1741 493 810 425 546 363 223 990 646 493 509 142 843 1081 0 177 514 364 882 1078 456
73 662 682 807 152 1860 612 739 544 475 292 343 919 723 421 438 297 772 1200 177 0 443 292 810 1197 384
427 503 338 648 506 1807 559 579 552 267 205 350 760 379 262 279 443 613 1208 514 443 0 205 651 1144 225
277 424 444 569 355 1717 469 501 402 237 74 200 681 485 184 200 293 535 1057 364 292 205 0 573 1054 147
795 245 542 390 873 1949 987 164 920 684 573 718 263 846 504 646 811 119 1575 882 810 651 573 0 1572 593
1183 1425 1073 1513 1105 730 754 1502 882 1044 1056 902 1682 908 1185 1059 1008 1536 1618 1079 1199 1113 1056 1574 0 1125
369 444 349 589 447 1809 561 521 494 258 147 292 702 390 204 220 385 555 1149 456 384 225 147 593 1146 0
EOF