NAME : tsp_problem
TYPE : TSP
DIMENSION : 42
EDGE_WEIGHT_TYPE : EXPLICIT
EDGE_WEIGHT_FORMAT : FULL_MATRIX
EDGE_WEIGHT_SECTION
0 778 1040 662 723 390 662 474 549 890 513 732 854 670 941 767 512 1409 405 944 532 578 998 951 725 446 382 902 384 1604 1304 954 649 1009 1144 600 866 831 250 844 857 342
739 0 1550 896 957 901 897 962 784 1401 747 1058 1088 1013 236 1277 1023 1920 916 1455 1043 841 1509 1462 959 428 892 1413 895 899 1814 1188 1048 1519 1654 834 1101 1065 761 1115 1368 576
1040 1549 0 691 647 1006 733 733 806 226 989 649 503 587 1712 401 645 1000 1022 1715 958 837 198 585 812 1217 713 169 1000 2053 895 695 565 188 186 863 502 531 823 478 216 1113
602 928 691 0 133 725 73 336 146 542 328 234 264 189 1091 418 380 1060 740 1317 676 215 650 602 151 595 431 553 719 1754 955 364 224 660 795 209 277 241 542 291 508 491
662 988 647 133 0 786 133 397 206 498 389 294 178 249 1151 374 482 1010 801 1378 737 276 605 552 211 656 492 509 779 1814 905 278 284 616 751 269 190 155 602 205 464 552
390 899 1006 725 786 0 725 441 612 857 634 699 836 637 1062 733 479 1376 72 1066 234 545 965 918 803 567 348 869 66 1725 1270 1017 615 975 1111 570 835 863 217 811 824 463
602 928 733 73 133 725 0 336 146 584 311 234 265 189 1091 460 422 1097 740 1318 676 215 692 639 111 595 432 596 719 1754 991 364 224 702 838 209 277 241 542 291 551 491
474 983 733 336 397 441 336 0 223 583 393 425 528 363 1146 460 205 1102 456 1149 392 238 691 644 414 651 147 595 435 1809 997 628 342 702 837 232 540 505 257 537 550 547
489 815 806 146 206 612 146 223 0 657 215 307 338 262 978 533 376 1170 627 1205 563 102 765 712 224 482 318 669 606 1641 1064 437 297 775 910 96 350 314 429 364 624 378
890 1400 226 542 498 857 584 583 657 0 840 500 354 437 1563 251 496 851 872 1566 808 688 185 436 662 1067 563 105 851 1903 745 545 416 195 330 713 353 381 674 329 67 963
453 779 989 328 389 614 311 393 215 840 0 489 520 445 942 716 547 1352 629 1169 733 273 947 894 240 446 489 851 608 1605 1247 620 479 958 1093 266 532 497 475 547 806 342
732 1089 649 234 294 699 234 425 307 500 489 0 426 279 1252 376 338 1018 714 1408 650 377 608 560 312 757 405 511 693 1915 913 526 258 618 753 370 438 402 516 452 466 653
794 1120 503 264 178 836 265 528 338 354 520 426 0 381 1283 230 474 872 851 1509 787 407 462 414 343 787 542 365 830 1925 767 275 395 472 607 401 156 151 652 132 320 683
670 1044 587 189 249 637 189 363 262 437 445 279 381 0 1207 314 275 956 652 1345 588 332 545 498 267 712 343 449 631 1870 850 481 195 555 691 325 393 357 453 391 404 608
902 236 1714 1060 1120 1064 1060 1125 947 1564 911 1221 1252 1176 0 1441 1186 1860 1079 1618 1206 1004 1672 1625 1123 592 1056 1576 1058 730 1978 1351 1211 1682 1818 998 1264 1228 924 1278 1531 739
767 1276 401 418 374 733 460 460 533 251 716 376 230 314 1439 0 372 680 749 1442 685 564 359 222 539 944 440 263 727 1732 574 331 292 369 505 590 229 257 550 205 218 840
512 1021 645 380 482 479 422 205 376 496 547 338 474 275 1184 372 0 1014 494 1187 430 309 604 556 500 689 185 507 472 1847 909 666 254 614 749 335 474 502 295 450 462 585
1395 1904 986 1046 996 1362 1083 1088 1156 837 1338 1004 858 942 1838 666 1000 0 1377 2070 1313 1192 945 498 1161 1572 1068 849 1356 1155 197 769 920 955 1090 1218 858 886 1178 834 804 1468
405 914 1022 740 801 72 740 456 627 872 649 714 851 652 1078 749 494 1391 0 1081 184 560 980 933 818 582 363 884 78 1741 1285 1032 630 990 1126 586 850 878 232 826 839 478
944 1453 1715 1337 1398 1066 1338 1149 1225 1566 1189 1408 1529 1345 1617 1442 1187 1538 1081 0 1207 1254 1674 1627 1401 1121 1057 1578 1060 2280 1678 1629 1324 1684 1819 1276 1542 1506 926 1520 1533 1017
532 1041 958 676 737 234 676 392 563 808 733 650 787 588 1204 685 430 1327 184 1207 0 496 916 869 754 709 299 820 240 1867 1221 968 566 926 1062 522 786 814 315 762 775 605
546 872 837 215 276 545 215 238 102 688 273 377 407 332 1035 564 309 1207 560 1254 496 0 796 749 294 540 251 700 539 1698 1101 507 367 806 941 111 420 384 362 434 655 436
998 1507 198 650 605 965 692 691 765 185 947 608 462 545 1671 359 604 959 980 1674 916 796 0 543 770 1175 671 128 959 2011 853 653 524 180 184 821 461 489 782 437 175 1071
951 1460 585 602 552 918 639 644 712 436 894 560 414 498 1623 222 556 512 933 1627 869 749 543 0 717 1128 624 447 912 1564 406 325 476 554 689 774 414 442 734 390 402 1024
665 991 812 151 211 803 111 414 224 662 240 312 343 267 1154 539 500 1175 818 1381 754 294 770 717 0 658 510 674 797 1817 1070 443 302 780 916 287 355 319 620 369 629 554
407 428 1218 564 625 568 564 629 451 1069 415 725 756 681 592 945 690 1587 583 1123 710 508 1177 1129 627 0 560 1080 562 1255 1482 856 715 1187 1322 502 768 733 429 783 1035 244
382 891 713 431 492 348 432 147 318 563 489 405 542 343 1054 440 185 1082 363 1057 299 251 671 624 510 558 0 575 342 1717 977 723 322 681 817 277 541 570 165 517 530 454
902 1411 169 553 509 869 596 595 669 105 851 511 365 449 1575 263 507 863 884 1578 820 700 128 447 674 1079 575 0 863 1915 757 557 428 138 274 725 365 393 686 341 79 975
384 893 1000 719 779 66 719 435 606 851 628 693 830 631 1056 727 472 1370 78 1060 240 539 959 912 797 561 342 863 0 1719 1264 1011 609 969 1104 564 829 857 211 805 818 457
1565 899 2088 1723 1783 1727 1723 1788 1610 1939 1574 1884 1915 1839 730 1768 1849 1177 1742 2281 1869 1667 2047 1600 1786 1255 1719 1951 1721 0 1300 1872 1874 2057 2193 1661 1927 1891 1587 1936 1907 1402
1304 1813 895 955 905 1270 991 997 1064 745 1247 913 767 850 1946 574 909 212 1285 1979 1221 1101 853 406 1070 1480 977 757 1264 1264 0 678 829 864 999 1126 766 794 1087 742 713 1376
893 1219 695 364 278 1017 364 628 437 545 620 526 275 481 1383 331 666 783 1032 1609 968 507 653 325 443 887 723 557 1011 1836 678 0 515 664 799 501 287 251 834 301 512 783
649 1079 565 224 284 615 224 342 297 416 479 258 395 195 1242 292 254 935 630 1324 566 367 524 476 302 746 322 428 609 1905 829 515 0 534 669 360 394 392 432 370 383 642
1009 1518 188 660 616 975 702 702 775 195 958 618 472 555 1681 369 614 969 990 1684 926 806 180 554 780 1185 681 138 969 2021 864 664 534 0 174 831 471 499 792 447 185 1081
1144 1653 186 795 751 1111 838 837 910 330 1093 753 607 691 1816 505 749 1104 1126 1819 1062 941 184 689 916 1321 817 274 1104 2157 999 799 669 174 0 967 606 635 927 582 320 1217
540 866 863 209 269 570 209 232 96 713 266 370 401 325 1029 590 335 1232 586 1256 522 111 821 774 287 533 277 725 564 1692 1126 501 360 831 967 0 413 377 387 428 680 429
806 1132 502 277 190 835 277 540 350 353 532 438 156 393 1295 229 474 872 850 1522 786 420 461 414 355 800 541 365 829 1924 766 287 394 471 606 413 0 164 652 131 320 696
770 1096 531 241 155 863 241 505 314 381 497 402 151 357 1259 257 502 900 878 1486 814 384 489 442 319 764 570 393 857 1922 794 251 392 499 635 377 164 0 680 159 348 660
250 759 823 542 602 217 542 257 429 674 495 516 652 453 923 550 295 1193 232 926 315 362 782 734 620 427 165 686 211 1586 1087 834 432 792 927 387 652 680 0 628 641 323
820 1146 478 291 205 811 291 537 364 329 547 452 132 391 1310 205 450 848 826 1520 762 434 437 390 369 814 517 341 805 1900 742 301 370 447 582 428 131 159 628 0 296 710
857 1366 216 508 464 824 551 550 624 67 806 466 320 404 1529 218 462 818 839 1533 775 655 175 402 629 1034 530 79 818 1871 713 512 383 185 320 680 320 348 641 296 0 930
356 682 1034 373 433 518 373 438 260 884 224 534 565 489 845 761 591 1397 533 1072 659 317 992 939 436 350 509 896 512 1508 1292 665 524 1002 1138 311 577 541 378 592 851 0
EOF