NAME : tsp_problem
TYPE : TSP
DIMENSION : 86
EDGE_WEIGHT_TYPE : EXPLICIT
EDGE_WEIGHT_FORMAT : FULL_MATRIX
EDGE_WEIGHT_SECTION
0 883 937 861 660 1051 445 412 303 785 189 512 898 965 319 163 792 684 569 444 1115 609 551 989 345 311 770 633 283 989 412 944 959 872 1070 560 493 222 480 803 571 349 121 1660 126 354 771 808 301 804 509 219 934 278 938 766 513 623 819 789 951 1111 893 1119 950 429 163 788 1121 143 709 952 146 413 778 204 221 566 357 815 900 799 729 994 808 651
883 0 190 114 675 1708 744 586 883 208 931 873 297 209 900 820 146 359 931 498 565 705 806 1646 1002 618 445 590 655 225 1069 1601 213 125 1727 922 1150 897 779 111 529 1006 926 1995 948 1011 179 504 899 189 796 709 187 876 192 172 875 580 553 136 637 561 147 569 192 728 895 161 571 800 384 204 803 587 193 912 899 928 599 1472 153 160 210 220 118 325
937 190 0 168 729 1762 798 640 937 261 985 927 351 199 954 874 200 413 985 552 619 759 860 1700 1055 672 499 644 709 215 1123 1655 205 179 1781 976 1204 951 833 165 582 1060 980 2048 1002 1065 233 558 953 243 850 763 229 930 224 226 929 634 607 190 691 615 201 623 182 782 949 215 625 854 438 195 856 641 247 966 953 982 653 1525 204 214 264 211 172 379
861 114 168 0 653 1686 722 564 861 185 909 851 275 196 877 798 123 337 908 476 542 682 783 1624 979 595 423 568 632 220 1047 1579 191 103 1704 900 1128 875 757 89 506 984 904 1972 926 988 157 481 877 167 774 687 165 854 169 150 853 557 531 114 614 539 124 546 181 706 873 139 549 777 361 183 780 565 170 889 877 905 576 1449 131 137 188 225 96 303
660 675 729 653 0 1145 349 421 660 578 708 271 690 757 677 593 584 361 311 333 901 102 203 1083 581 395 265 127 432 781 506 1038 752 664 1387 320 587 674 215 596 189 576 703 1754 725 571 563 221 676 596 193 486 726 653 730 559 273 245 232 581 364 897 685 905 742 270 672 580 908 577 502 745 579 422 570 689 676 314 433 908 692 591 522 786 600 392
1053 1710 1764 1688 1114 0 1192 1239 1244 1612 1184 908 1725 1792 1261 948 1619 1403 965 1271 1942 1063 947 584 936 1138 1306 1168 1110 1816 808 200 1786 1699 1742 956 749 1217 1058 1630 1231 931 1096 1255 1118 926 1598 1262 1260 1631 1036 1046 1761 1237 1765 1593 910 1286 1274 1616 1406 1938 1720 1946 1777 1113 1065 1615 1948 956 1536 1779 952 1240 1605 1082 1216 962 1184 306 1727 1626 1556 1821 1635 1433
445 744 798 722 349 1223 0 273 445 647 493 349 759 826 462 382 653 546 406 305 976 298 281 1161 563 180 541 403 216 850 584 1116 821 733 1288 398 665 459 251 665 432 568 488 1832 510 573 632 497 461 665 229 271 795 438 799 628 351 484 509 650 641 972 754 980 811 290 457 649 983 361 571 813 364 274 639 473 461 403 218 986 761 660 591 855 669 512
412 586 640 564 421 1238 273 0 413 488 460 488 601 668 429 350 495 387 546 147 817 438 421 1176 531 147 473 336 184 692 598 1130 662 574 1256 537 679 426 308 506 274 535 456 1846 477 540 474 532 429 506 338 238 637 406 641 469 490 325 580 491 665 814 596 822 653 257 424 491 824 329 412 655 332 116 481 441 428 542 128 1001 602 502 432 697 511 354
303 883 937 861 660 1243 445 413 0 786 137 660 898 966 106 355 792 685 717 444 1115 609 592 1181 536 312 771 634 283 990 603 1135 960 872 1261 709 684 103 480 804 572 540 231 1851 236 545 771 808 105 804 510 243 934 82 939 767 662 623 820 789 952 1111 894 1119 951 429 273 788 1122 334 710 953 337 414 778 313 105 714 357 1006 900 800 730 994 808 651
785 208 261 185 578 1611 647 488 786 0 834 776 222 290 802 723 116 261 833 401 490 607 708 1549 904 520 347 493 557 314 972 1504 284 196 1629 825 1053 800 682 128 431 909 829 1920 851 913 105 406 802 128 698 612 258 779 263 98 778 482 455 113 539 486 218 494 275 630 798 112 497 702 286 277 705 489 118 814 802 830 501 1374 224 124 135 318 132 228
189 931 985 909 708 1182 493 460 137 834 0 643 946 1013 153 294 840 733 700 492 1163 657 640 1120 475 360 819 681 331 1037 543 1075 1008 920 1201 691 624 133 528 852 620 480 117 1791 122 485 819 856 135 852 558 291 982 112 986 815 644 671 867 837 1000 1159 941 1167 998 477 159 836 1170 274 758 1001 276 462 826 199 135 697 405 945 948 847 778 1042 856 699
492 873 927 851 271 939 349 488 660 776 623 0 888 956 676 387 782 559 122 520 1099 220 104 877 375 394 463 325 431 980 300 832 950 862 1181 113 381 656 215 794 387 370 535 1548 557 365 761 419 676 794 193 485 924 653 929 757 66 443 430 779 563 1095 884 1103 941 270 504 778 1106 395 700 943 390 489 768 520 655 119 433 702 890 790 720 984 798 590
898 297 351 275 690 1723 759 601 898 222 946 888 0 379 915 835 206 374 946 513 309 720 821 1661 1016 633 460 605 670 403 1084 1616 373 286 1742 937 1165 912 794 217 543 1021 941 1739 963 1026 194 519 914 218 811 724 348 891 352 187 890 595 568 202 652 305 307 313 364 743 910 202 316 815 399 366 817 602 208 927 914 943 614 1486 314 213 225 408 222 340
965 209 199 196 757 1791 826 668 966 290 1013 956 379 0 982 903 228 441 1013 580 647 787 888 1729 1084 700 527 672 737 205 1151 1683 194 207 1809 1004 1232 979 861 193 611 1088 1009 2077 1030 1093 261 586 982 271 878 791 219 959 214 254 957 662 635 218 719 643 198 651 171 810 977 243 654 882 466 184 885 669 275 994 981 1010 681 1554 193 242 292 200 200 407
319 900 954 877 677 1259 462 429 106 802 153 676 915 982 0 371 808 701 734 460 1131 626 609 1197 552 328 787 650 300 1006 620 1152 976 888 1277 725 701 119 496 820 588 557 247 1868 253 561 787 824 121 820 526 260 951 98 955 783 678 639 836 805 968 1128 910 1135 967 445 289 804 1138 350 726 969 353 430 794 330 121 731 374 1022 916 816 746 1011 824 667
163 820 874 798 597 946 382 350 355 723 294 407 835 903 371 0 729 622 464 381 1052 546 446 884 239 249 708 570 220 926 307 839 897 809 965 455 388 328 417 741 509 244 207 1555 229 249 708 745 371 741 447 157 871 348 876 704 408 560 757 726 889 1048 830 1056 887 366 176 725 1059 80 647 890 83 351 715 192 327 461 294 709 837 737 667 931 745 588
792 146 200 123 584 1617 653 495 792 116 840 782 206 228 808 729 0 268 839 407 473 613 714 1555 910 526 354 499 563 252 978 1510 222 134 1635 831 1059 806 688 83 437 915 835 1903 857 919 88 412 808 111 705 618 197 785 201 81 784 488 462 96 545 470 156 477 213 637 804 95 480 708 293 215 711 496 101 820 808 836 507 1380 162 107 119 257 89 234
684 359 413 337 361 1434 546 387 685 261 733 559 374 441 701 622 268 0 617 300 591 390 492 1372 803 419 131 392 456 465 794 1326 435 348 1528 608 876 698 504 279 330 808 728 1839 750 812 247 189 701 280 482 511 410 678 414 242 561 381 239 264 371 587 369 595 426 529 697 264 597 601 185 428 604 388 254 713 700 614 400 1197 376 275 205 470 284 127
549 931 985 908 311 996 406 546 717 833 680 122 946 1013 734 444 839 617 0 577 1157 277 161 934 432 452 520 382 489 1037 357 889 1007 919 1238 109 438 713 273 851 445 427 592 1605 614 422 818 476 733 851 250 542 982 710 986 814 124 500 488 836 620 1153 941 1161 998 327 561 835 1163 452 757 1000 448 547 826 578 712 86 490 759 947 847 777 1042 856 647
444 498 552 476 333 1269 305 147 444 401 492 520 513 580 460 381 407 300 577 0 730 363 452 1207 562 178 386 248 215 604 630 1162 575 487 1287 568 711 458 340 419 186 567 487 1878 509 571 386 444 460 419 369 270 549 437 553 382 521 238 493 404 577 726 508 734 565 289 456 403 737 360 325 568 363 148 393 472 460 574 159 1032 515 414 345 609 423 266
1115 565 619 542 901 1940 976 817 1115 490 1163 1099 309 647 1131 1052 473 591 1157 730 0 930 1032 1878 1233 849 676 822 886 671 1301 1833 641 553 1958 1148 1382 1129 1011 485 760 1238 1158 1543 1180 1242 462 735 1131 485 1022 941 615 1108 620 455 1101 811 707 470 588 109 575 110 632 960 1127 469 106 1031 461 634 1034 819 475 1143 1131 1153 830 1703 581 481 493 676 489 557
609 705 759 682 102 1095 298 438 609 607 657 220 720 787 626 542 613 390 277 363 930 0 152 1033 531 344 294 156 381 811 455 987 781 693 1336 269 536 623 165 625 218 525 652 1703 674 520 592 250 625 625 142 435 755 602 760 588 222 274 261 610 394 927 715 934 772 219 621 609 937 526 531 774 529 439 599 638 625 274 382 858 721 621 551 816 629 421
531 806 860 783 203 978 281 421 592 708 640 104 821 888 609 426 714 492 161 452 1032 152 0 916 414 327 395 257 364 912 339 871 882 794 1220 153 420 606 148 726 320 409 574 1587 596 404 693 351 608 726 125 418 857 585 861 689 106 375 363 711 495 1028 816 1036 873 202 543 710 1038 434 632 875 430 422 701 560 608 158 365 741 822 722 652 917 731 522
991 1648 1702 1626 1052 584 1130 1177 1182 1550 1122 846 1663 1730 1198 886 1557 1341 903 1209 1880 1001 885 0 874 1076 1244 1106 1048 1754 746 477 1724 1637 1680 894 687 1155 996 1568 1168 869 1034 728 1056 864 1536 1200 1198 1569 974 984 1699 1175 1703 1531 847 1224 1211 1554 1344 1876 1658 1884 1715 1051 1003 1553 1886 894 1474 1717 890 1178 1543 1020 1154 900 1122 347 1665 1564 1494 1759 1573 1371
345 1002 1055 979 682 1015 563 531 536 904 475 476 1016 1084 552 239 910 803 533 562 1233 631 515 953 0 430 874 736 402 1108 376 908 1078 990 1034 524 457 509 598 922 690 45 388 1624 410 40 889 830 552 922 604 338 1052 529 1057 885 477 741 841 907 974 1229 1012 1237 1069 547 357 906 1240 248 828 1071 243 532 896 373 508 530 475 778 1018 918 848 1112 926 769
311 618 672 595 395 1137 180 147 312 520 360 394 633 700 328 249 526 419 452 178 849 344 327 1075 430 0 505 368 83 724 498 1030 694 606 1155 443 579 326 214 538 306 435 355 1745 377 439 505 542 328 538 244 138 669 305 673 501 396 357 554 523 686 846 628 853 685 163 324 522 856 228 444 687 231 148 512 340 328 449 92 900 634 534 464 729 543 385
770 445 499 423 265 1337 541 473 771 347 819 463 460 527 787 708 354 131 520 386 676 294 395 1275 773 505 0 318 542 551 698 1230 521 433 1579 511 779 784 407 365 381 768 814 1925 836 763 333 131 787 366 385 597 496 764 500 328 464 436 142 350 275 673 455 681 512 462 783 350 683 687 271 514 690 474 340 799 786 517 486 1100 462 361 291 556 370 161
633 590 644 568 127 1199 403 336 634 493 681 325 605 672 650 570 499 392 382 248 822 156 257 1137 635 368 318 0 405 696 560 1092 667 579 1441 373 641 647 269 511 243 630 677 1808 698 625 478 274 650 511 247 459 641 627 646 474 327 298 286 496 418 818 600 826 657 324 645 495 829 550 417 660 553 337 485 662 649 379 349 962 607 506 437 701 515 358
283 655 709 632 432 1108 216 184 283 557 331 431 670 737 300 220 563 456 489 215 886 381 364 1046 402 83 542 405 0 761 469 1001 731 643 1127 480 550 297 251 575 343 406 326 1717 348 411 542 579 299 575 281 109 705 276 710 538 433 394 591 560 723 883 665 890 722 200 295 559 893 200 481 724 203 185 549 312 299 485 128 872 671 571 501 766 579 422
989 225 215 220 781 1815 850 692 990 314 1037 980 403 205 1006 926 252 465 1037 604 671 811 912 1753 1108 724 551 696 761 0 1175 1707 210 231 1833 1028 1256 1003 885 217 635 1112 1033 2101 1054 1117 285 610 1006 295 902 815 235 983 230 278 981 686 659 242 743 667 214 675 187 834 1001 267 678 906 490 200 909 693 299 1018 1005 1034 705 1578 209 266 316 216 224 431
451 974 1028 952 372 898 450 589 642 877 582 165 989 1056 658 346 883 660 223 621 1200 321 205 836 334 495 564 426 508 1080 0 791 1051 963 1140 214 340 615 316 895 488 329 494 1507 516 324 862 520 658 895 294 444 1025 635 1029 858 167 544 531 880 663 1196 984 1204 1041 371 463 879 1207 354 801 1044 350 590 869 480 614 220 534 661 991 890 821 1085 899 691
946 1603 1657 1580 1007 200 1085 1132 1137 1505 1077 800 1618 1685 1153 841 1511 1295 858 1163 1834 956 840 477 829 1031 1199 1061 1003 1709 701 0 1679 1591 1635 849 642 1110 951 1523 1123 824 989 1147 1011 819 1490 1155 1153 1523 929 939 1653 1130 1658 1486 802 1179 1166 1508 1298 1830 1613 1838 1670 1006 958 1507 1841 849 1429 1672 845 1133 1497 974 1109 855 1076 198 1619 1519 1449 1714 1527 1326
959 213 205 191 752 1785 821 662 960 284 1008 950 373 194 976 897 222 435 1007 575 641 781 882 1723 1078 694 521 667 731 210 1146 1678 0 202 1803 999 1227 974 856 188 605 1083 1003 2071 1025 1087 256 580 976 266 872 786 224 953 219 249 952 656 629 213 713 637 203 645 176 804 972 237 648 876 460 189 879 663 269 988 976 1004 675 1548 198 236 286 205 194 402
872 125 179 103 664 1697 733 574 872 196 920 862 286 207 888 809 134 348 919 487 553 693 794 1635 990 606 433 579 643 231 1058 1590 202 0 1715 911 1139 886 768 100 517 995 915 1983 937 999 168 492 888 178 784 698 176 865 180 161 864 568 542 125 625 550 135 557 192 717 884 149 560 788 372 194 791 576 181 900 888 916 587 1460 142 148 199 232 107 314
1070 1727 1781 1704 1407 1741 1288 1256 1261 1629 1201 1201 1742 1809 1277 965 1635 1528 1258 1287 1934 1356 1240 1679 1034 1155 1599 1461 1127 1833 1101 1633 1803 1715 0 1249 1182 1234 1323 1647 1415 1038 1113 2349 1135 1043 1614 1555 1277 1647 1329 1063 1777 1254 1782 1610 1202 1466 1566 1632 1699 1930 1737 1938 1794 1272 1082 1631 1940 973 1553 1796 969 1257 1621 1098 1233 1255 1201 1504 1743 1643 1573 1838 1651 1494
540 922 976 900 320 988 398 537 709 825 671 113 937 1004 725 435 831 608 109 568 1148 269 153 926 424 443 511 373 480 1028 348 880 999 911 1229 0 429 705 264 843 436 419 584 1596 606 413 810 467 725 843 242 534 973 702 977 805 115 491 479 828 611 1144 932 1152 989 319 553 827 1155 444 748 991 439 538 817 569 703 111 481 751 939 838 768 1033 847 639
495 1152 1206 1129 556 749 634 681 686 1054 626 350 1167 1234 702 390 1060 844 407 712 1383 505 389 687 378 580 748 610 552 1258 250 642 1228 1140 1184 398 0 659 500 1072 672 373 538 1358 560 368 1039 704 702 1072 478 488 1203 679 1207 1035 351 728 715 1057 848 1380 1162 1387 1219 555 507 1056 1390 398 978 1221 394 682 1046 524 658 404 626 512 1168 1068 998 1263 1076 875
222 897 951 875 674 1216 459 426 103 800 133 674 912 979 119 328 806 698 731 458 1129 623 606 1154 509 326 784 647 297 1003 576 1108 974 886 1234 722 658 0 494 818 585 513 150 1824 156 518 785 822 101 818 523 257 948 78 952 780 675 637 833 803 966 1125 907 1133 964 443 192 802 1135 307 723 966 310 427 792 233 101 728 371 979 914 813 743 1008 822 665
480 779 833 757 215 1090 251 308 480 682 528 215 794 861 496 417 688 504 273 340 1011 165 148 1028 526 214 407 269 251 885 450 982 856 768 1323 264 531 494 0 700 332 521 523 1698 545 515 667 363 496 700 95 306 830 473 834 663 217 387 375 685 507 1007 789 1015 846 172 492 684 1018 396 605 848 399 309 674 508 496 269 253 853 796 695 626 890 704 535
803 111 165 89 596 1629 665 506 804 128 852 794 217 193 820 741 83 279 851 419 485 625 726 1567 922 538 365 511 575 217 990 1522 188 100 1647 843 1071 818 700 0 449 927 847 1915 869 931 100 424 820 123 716 630 162 797 166 93 796 500 473 73 557 481 121 489 178 648 816 98 492 720 304 181 723 507 113 832 820 848 519 1392 128 97 130 222 55 246
571 529 582 506 189 1262 432 274 572 431 620 387 543 611 588 509 437 330 445 186 760 218 320 1200 690 306 381 243 343 635 622 1154 605 517 1415 436 704 585 332 449 0 693 615 1870 637 687 416 337 588 449 310 397 579 565 584 412 389 268 348 434 481 756 539 764 596 387 584 433 767 488 355 598 491 275 423 600 587 441 287 1025 545 445 375 639 453 296
349 1006 1060 984 687 1020 568 535 540 909 480 480 1021 1088 557 244 915 808 537 567 1238 636 520 958 45 435 878 740 406 1112 381 913 1083 995 1038 529 462 513 603 927 694 0 393 1629 415 35 894 834 556 927 609 343 1057 533 1061 889 482 746 846 912 978 1234 1016 1242 1073 552 361 911 1244 252 832 1075 248 536 901 378 512 534 480 783 1023 922 852 1117 931 774
121 926 980 904 703 1095 488 456 231 829 117 555 941 1009 247 207 835 728 612 487 1158 652 594 1033 388 355 814 677 326 1033 456 988 1003 915 1113 604 537 150 523 847 615 393 0 1704 55 397 814 851 229 847 553 263 977 206 982 810 557 666 863 832 995 1154 937 1162 993 472 91 831 1165 186 753 996 189 457 821 132 149 609 400 858 943 843 773 1037 851 694
1662 2030 2084 2008 1723 1255 1801 1848 1853 1956 1793 1516 1774 2112 1869 1557 1939 1874 1574 1879 1579 1672 1556 728 1545 1747 1915 1777 1719 2136 1417 1147 2107 2019 2351 1565 1358 1826 1667 1951 1839 1540 1705 0 1727 1535 1927 1871 1869 1951 1645 1655 2081 1846 2086 1921 1518 1895 1882 1936 1872 1575 2040 1583 2097 1722 1674 1935 1586 1565 1745 2100 1560 1849 1941 1690 1825 1571 1792 1018 2047 1946 1919 2141 1955 1841
126 948 1002 926 725 1117 510 477 236 851 122 577 963 1030 253 229 857 750 634 509 1180 674 616 1055 410 377 836 698 348 1054 478 1010 1025 937 1135 626 559 156 545 869 637 415 55 1725 0 419 836 873 234 869 575 285 999 211 1004 832 579 688 885 854 1017 1176 958 1184 1015 494 97 853 1187 208 775 1018 211 479 843 137 154 631 422 880 965 864 795 1059 873 716
354 1011 1065 988 691 1025 573 540 545 913 485 485 1026 1093 561 249 919 812 542 571 1242 640 524 963 40 439 883 745 411 1117 385 917 1087 999 1043 533 466 518 607 931 699 35 397 1633 419 0 898 839 561 931 613 347 1062 538 1066 894 487 750 851 916 983 1239 1021 1246 1078 556 366 915 1249 257 837 1080 253 541 905 383 517 539 485 788 1027 927 857 1122 936 778
771 179 233 157 563 1596 632 474 771 105 819 761 194 261 787 708 88 247 818 386 462 592 693 1534 889 505 333 478 542 285 957 1489 256 168 1614 810 1038 785 667 100 416 894 814 1892 836 898 0 391 787 100 684 597 230 764 234 69 763 467 441 85 524 458 189 466 246 616 783 84 468 687 271 248 690 475 90 799 787 815 486 1359 196 95 107 290 104 213
808 504 558 481 221 1293 497 532 808 406 856 419 519 586 824 741 412 189 476 444 735 250 351 1231 729 542 131 274 579 610 654 1186 580 492 1535 467 735 822 363 424 337 724 851 1902 873 719 391 0 824 424 341 634 554 801 559 387 420 392 98 409 231 732 514 739 571 418 820 408 742 724 330 573 727 533 398 836 824 473 545 1056 520 420 350 615 428 220
301 899 953 877 676 1259 461 429 105 802 135 676 914 982 121 371 808 701 733 460 1131 625 608 1197 552 328 787 650 299 1006 619 1151 976 888 1277 725 700 101 496 820 588 556 229 1867 234 561 787 824 0 820 526 259 950 80 955 783 678 639 836 805 968 1127 910 1135 967 445 271 804 1138 350 726 969 353 430 794 311 103 730 373 1022 916 816 746 1010 824 667
804 189 243 167 596 1629 665 506 804 128 852 794 218 271 820 741 111 280 851 419 485 625 726 1567 922 538 366 511 575 295 990 1522 266 178 1647 843 1071 818 700 123 449 927 847 1915 869 931 100 424 820 0 716 630 240 797 244 93 796 500 474 108 557 482 199 489 256 649 816 107 492 720 304 259 723 508 113 832 820 848 519 1392 206 119 131 300 127 246
509 796 850 774 193 1068 229 338 510 698 558 193 811 878 526 447 705 482 250 369 1022 142 125 1006 504 244 385 247 281 902 428 960 872 784 1309 242 509 523 95 716 310 498 553 1676 575 493 684 341 526 716 0 335 847 503 851 679 195 365 353 701 485 1018 806 1026 863 150 522 701 1028 426 622 865 429 339 691 538 525 247 283 831 812 712 642 907 721 512
219 709 763 687 486 1045 271 238 243 612 291 486 724 791 260 157 618 511 543 270 941 435 418 983 338 138 597 459 109 815 406 938 786 698 1063 534 487 257 306 630 397 343 263 1654 285 347 597 634 259 630 335 0 760 236 764 593 488 449 645 615 778 937 719 945 776 255 232 614 948 136 535 778 139 239 604 248 259 540 183 808 726 625 556 820 634 477
934 187 229 165 726 1759 795 637 934 258 982 924 348 219 951 871 197 410 982 549 615 755 857 1697 1052 669 496 641 705 235 1120 1652 224 176 1777 973 1201 948 830 162 579 1057 977 2045 999 1062 230 554 950 240 847 760 0 927 242 223 926 631 604 187 687 612 197 620 201 779 946 212 622 850 435 214 853 638 243 963 950 978 649 1522 204 210 261 230 169 376
278 876 930 854 653 1236 438 406 82 779 112 653 891 959 98 348 785 678 710 437 1108 602 585 1174 529 305 764 627 276 983 596 1128 953 865 1254 702 677 78 473 797 565 533 206 1844 211 538 764 801 80 797 503 236 927 0 932 760 655 616 813 782 945 1104 887 1112 944 422 248 781 1115 327 703 946 330 407 771 288 80 707 350 999 893 793 723 987 801 644
938 192 224 169 730 1764 799 641 939 263 986 929 352 214 955 876 201 414 986 553 620 760 861 1702 1057 673 500 646 710 230 1124 1656 219 180 1782 977 1205 952 834 166 584 1061 982 2050 1004 1066 234 559 955 244 851 764 242 932 0 228 930 635 608 191 692 616 202 624 196 783 950 216 627 855 439 209 858 642 248 967 954 983 654 1527 208 215 265 225 173 380
766 172 226 150 559 1592 628 469 767 98 815 757 187 254 783 704 81 242 814 382 455 588 689 1530 885 501 328 474 538 278 953 1484 249 161 1610 805 1034 780 663 93 412 889 810 1885 832 894 69 387 783 93 679 593 223 760 228 0 759 463 436 78 520 451 182 459 239 611 779 77 462 683 267 242 686 470 83 795 782 811 482 1355 189 88 100 283 97 209
493 875 929 853 273 941 351 490 662 778 624 66 890 957 678 388 784 561 124 521 1101 222 106 879 377 396 464 327 433 981 301 833 952 864 1182 115 383 658 217 796 389 372 537 1549 559 366 763 420 678 796 195 487 926 655 930 759 0 444 432 781 564 1097 885 1105 942 272 506 780 1108 397 702 945 392 491 770 522 657 120 435 704 892 791 722 986 800 592
623 580 634 557 245 1317 484 325 623 482 671 443 595 662 639 560 488 381 500 238 811 274 375 1255 741 357 436 298 394 686 678 1210 656 568 1466 491 759 637 387 500 268 746 666 1926 688 743 467 392 639 500 365 449 631 616 635 463 444 0 404 485 536 808 590 816 647 442 635 484 818 539 406 649 542 326 475 651 639 497 338 1080 596 496 426 691 505 347
819 553 607 531 232 1305 509 580 820 455 867 430 568 635 836 752 462 239 488 493 707 261 363 1243 741 554 142 286 591 659 665 1197 629 542 1546 479 746 833 375 473 348 736 863 1913 885 730 441 98 836 474 353 645 604 813 608 436 432 404 0 459 171 704 563 711 620 430 831 458 714 736 379 622 739 581 448 848 835 484 592 1068 570 469 399 664 478 270
789 136 190 114 581 1614 650 491 789 113 837 779 202 218 805 726 96 264 836 404 470 610 711 1552 907 523 350 496 560 242 975 1507 213 125 1632 828 1056 803 685 73 434 912 832 1900 854 916 85 409 805 108 701 615 187 782 191 78 781 485 459 0 542 466 146 474 203 634 801 92 477 705 289 206 708 492 98 817 805 833 504 1377 153 104 115 247 80 231
951 637 691 614 364 1437 641 665 952 539 1000 563 652 719 968 885 545 371 620 577 588 394 495 1375 873 686 275 418 723 743 798 1330 713 625 1679 611 879 966 507 557 481 868 995 1836 1017 863 524 231 968 557 485 778 687 945 692 520 564 536 171 542 0 584 647 592 704 562 964 541 594 868 308 706 871 666 531 980 968 617 678 1200 653 553 483 748 561 402
1111 561 615 539 897 1936 972 814 1111 486 1159 1095 305 643 1128 1048 470 587 1153 726 109 927 1028 1874 1229 846 673 818 883 667 1297 1829 637 550 1955 1144 1378 1125 1007 481 756 1234 1154 1539 1176 1239 458 732 1127 482 1018 937 612 1104 616 451 1097 808 704 466 584 0 571 113 628 956 1123 466 109 1028 457 630 1030 815 472 1140 1127 1150 826 1699 578 477 489 672 486 553
893 147 201 124 685 1719 754 596 894 218 941 884 307 198 910 830 156 369 941 508 575 715 816 1657 1012 628 455 600 665 214 1079 1611 203 135 1737 932 1160 907 789 121 539 1016 937 2005 958 1021 189 514 910 199 806 719 197 887 202 182 885 590 563 146 647 571 0 579 181 738 905 171 582 810 394 194 813 597 203 922 909 938 609 1482 163 170 220 210 128 335
1119 569 623 546 905 1944 980 822 1119 494 1167 1103 313 651 1135 1056 477 595 1161 734 110 934 1036 1882 1237 853 681 826 890 675 1305 1837 645 557 1962 1152 1386 1133 1015 489 764 1242 1162 1547 1184 1246 466 739 1135 489 1026 945 620 1112 624 459 1105 816 711 474 592 113 579 0 636 964 1131 473 102 1035 465 638 1038 823 479 1147 1135 1158 834 1707 585 485 497 680 494 561
950 192 182 181 742 1776 811 653 951 275 998 941 364 171 967 887 213 426 998 565 632 772 873 1714 1069 685 512 657 722 187 1136 1668 176 192 1794 989 1217 964 846 178 596 1073 993 2062 1015 1078 246 571 967 256 863 776 201 944 196 239 942 647 620 203 704 628 181 636 0 795 962 228 638 867 451 167 870 654 260 979 966 995 666 1539 175 227 277 183 185 392
429 728 782 706 270 1144 290 257 429 630 477 270 743 810 445 366 637 529 327 289 960 219 202 1082 547 163 462 324 200 834 505 1037 804 717 1272 319 586 443 172 648 387 552 472 1753 494 556 616 418 445 649 150 255 779 422 783 611 272 442 430 634 562 956 738 964 795 0 441 633 966 345 554 797 348 258 623 457 445 324 202 908 745 644 574 839 653 496
163 895 949 873 672 1064 457 424 273 798 159 524 910 977 289 176 804 697 581 456 1127 621 563 1002 357 324 783 645 295 1001 425 956 972 884 1082 573 506 192 492 816 584 361 91 1672 97 366 783 820 271 816 522 232 946 248 950 779 526 635 831 801 964 1123 905 1131 962 441 0 800 1134 155 722 965 158 426 790 174 191 578 369 827 912 811 742 1006 820 663
788 161 215 139 580 1613 649 491 788 112 836 778 202 243 804 725 95 264 835 403 469 609 710 1551 906 522 350 495 559 267 974 1506 237 149 1631 827 1055 802 684 98 433 911 831 1899 853 915 84 408 804 107 701 614 212 781 216 77 780 484 458 92 541 466 171 473 228 633 800 0 476 704 288 230 707 492 97 816 804 832 503 1376 178 103 115 272 105 230
1121 571 625 549 908 1947 983 824 1122 497 1170 1106 316 654 1138 1059 480 597 1163 737 106 937 1038 1885 1240 856 683 829 893 678 1308 1839 648 560 1965 1155 1389 1135 1018 492 767 1244 1165 1550 1187 1249 468 742 1138 492 1028 948 622 1115 627 462 1108 818 714 477 594 109 582 102 638 966 1134 476 0 1038 467 641 1041 825 482 1150 1137 1160 837 1710 588 488 499 682 496 564
143 800 854 777 577 955 361 329 334 702 274 415 815 882 350 80 708 601 472 360 1031 526 454 893 248 228 687 550 200 906 315 847 876 788 973 464 397 307 396 720 488 252 186 1563 208 257 687 724 350 720 426 136 850 327 855 683 417 539 736 705 868 1028 810 1035 867 345 155 704 1038 0 626 869 62 330 694 171 306 469 273 718 816 716 646 911 724 567
709 384 438 361 502 1535 571 412 710 286 758 700 399 466 726 647 293 185 757 325 461 531 632 1473 828 444 271 417 481 490 895 1427 460 372 1553 748 977 723 605 304 355 832 753 1709 775 837 271 330 726 304 622 535 435 703 439 267 702 406 379 289 308 457 394 465 451 554 722 288 467 626 0 453 629 413 279 738 725 754 425 1298 400 300 230 495 309 151
952 204 195 183 745 1778 813 655 953 277 1001 943 366 184 969 890 215 428 1000 568 634 774 875 1716 1071 687 514 660 724 200 1138 1670 189 194 1796 991 1220 966 848 181 598 1075 996 2064 1018 1080 248 573 969 259 865 778 214 946 209 242 945 649 622 206 706 630 194 638 167 797 965 230 641 869 453 0 872 656 262 981 968 997 668 1541 188 229 279 195 187 394
146 803 856 780 579 950 364 332 337 705 276 410 817 885 353 83 711 604 468 363 1034 529 450 888 243 231 690 553 203 909 311 843 879 791 969 459 392 310 399 723 491 248 189 1559 211 253 690 727 353 723 429 139 853 330 858 686 412 542 739 708 871 1030 813 1038 870 348 158 707 1041 62 629 872 0 333 697 174 309 465 276 713 819 719 649 913 727 570
413 587 641 565 422 1239 274 116 414 489 462 489 602 669 430 351 496 388 547 148 819 439 422 1177 532 148 474 337 185 693 599 1131 663 576 1257 538 680 427 309 507 275 536 457 1847 479 541 475 533 430 508 339 239 638 407 642 470 491 326 581 492 666 815 597 823 654 258 426 492 825 330 413 656 333 0 482 442 429 543 129 1002 604 503 433 698 512 355
778 193 247 170 570 1603 639 481 778 118 826 768 208 275 794 715 101 254 826 393 475 599 701 1541 896 512 340 485 549 299 964 1496 269 181 1621 817 1045 792 674 113 423 901 821 1905 843 905 90 398 794 113 691 604 243 771 248 83 770 475 448 98 531 472 203 479 260 623 790 97 482 694 279 262 697 482 0 806 794 822 493 1366 209 109 121 304 117 220
204 912 966 889 689 1080 473 441 313 814 199 540 927 994 330 192 820 713 598 472 1143 638 580 1018 373 340 799 662 312 1018 441 973 988 900 1098 589 522 233 508 832 600 378 132 1689 137 383 799 836 311 832 538 248 963 288 967 795 542 651 848 817 980 1140 922 1147 979 457 174 816 1150 171 738 981 174 442 806 0 232 595 386 843 928 828 758 1023 836 679
221 899 953 877 676 1215 461 428 105 802 135 675 914 981 121 327 808 700 732 460 1131 625 608 1153 508 328 786 649 299 1005 575 1107 976 888 1233 724 656 101 496 820 587 512 149 1823 154 517 787 824 103 820 525 259 950 80 954 782 677 639 835 805 968 1127 909 1135 966 445 191 804 1137 306 725 968 309 429 794 232 0 729 373 978 916 815 745 1010 824 667
546 928 982 905 314 993 403 542 714 830 677 119 943 1010 731 441 836 614 86 574 1153 274 158 931 429 449 517 379 485 1034 354 886 1004 916 1235 111 435 710 269 848 441 424 589 1602 611 419 815 473 730 848 247 539 978 707 983 811 120 497 484 833 617 1150 938 1158 995 324 558 832 1160 449 754 997 445 543 822 575 709 0 487 756 944 844 774 1039 852 644
357 599 653 576 433 1182 218 128 357 501 405 433 614 681 374 294 507 400 490 159 830 382 365 1120 475 92 486 349 128 705 543 1075 675 587 1201 481 624 371 253 519 287 480 400 1791 422 485 486 545 373 519 283 183 649 350 654 482 435 338 592 504 678 826 609 834 666 202 369 503 837 273 425 668 276 129 493 386 373 487 0 945 615 515 445 710 523 366
816 1473 1527 1451 877 306 955 1002 1007 1375 947 671 1488 1555 1024 711 1382 1166 728 1034 1705 826 710 347 699 901 1069 931 873 1579 571 198 1549 1462 1505 719 512 980 822 1393 994 694 859 1018 881 689 1361 1025 1023 1394 799 809 1524 1000 1528 1356 673 1049 1037 1379 1169 1701 1483 1709 1540 876 828 1378 1711 719 1299 1542 715 1003 1368 845 979 725 947 0 1490 1389 1319 1584 1398 1196
900 153 204 131 692 1725 761 602 900 224 948 890 314 193 916 837 162 376 947 515 581 721 822 1663 1018 634 462 607 671 209 1086 1618 198 142 1743 939 1167 914 796 128 545 1023 943 2011 965 1027 196 520 916 206 812 726 204 893 208 189 892 596 570 153 653 578 163 585 175 745 912 178 588 816 400 188 819 604 209 928 916 944 615 1488 0 176 227 204 135 342
799 160 214 137 591 1625 660 502 800 124 847 790 213 242 816 737 107 275 847 414 481 621 722 1563 918 534 361 506 571 266 985 1517 236 148 1643 838 1066 813 695 97 445 922 843 1911 864 927 95 420 816 119 712 625 210 793 215 88 791 496 469 104 553 477 170 485 227 644 811 103 488 716 300 229 719 503 109 828 815 844 515 1388 176 0 126 271 103 241
729 210 264 188 522 1555 591 432 730 135 778 720 225 292 746 667 119 205 777 345 493 551 652 1493 848 464 291 437 501 316 916 1448 286 199 1573 768 997 743 626 130 375 852 773 1884 795 857 107 350 746 131 642 556 261 723 265 100 722 426 399 115 483 489 220 497 277 574 742 115 499 646 230 279 649 433 121 758 745 774 445 1318 227 126 0 321 135 172
994 220 211 225 786 1819 855 697 994 318 1042 984 408 200 1011 931 257 470 1042 609 676 816 917 1757 1112 729 556 701 766 216 1180 1712 205 232 1838 1033 1261 1008 890 222 639 1117 1037 2105 1059 1122 290 615 1010 300 907 820 230 987 225 283 986 691 664 247 748 672 210 680 183 839 1006 272 682 911 495 195 913 698 304 1023 1010 1039 710 1582 204 271 321 0 229 436
808 118 172 96 600 1633 669 511 808 132 856 798 222 200 824 745 89 284 856 423 489 629 731 1571 926 543 370 515 579 224 994 1526 194 107 1651 847 1075 822 704 55 453 931 851 1919 873 936 104 428 824 127 721 634 169 801 173 97 800 505 478 80 561 486 128 494 185 653 820 105 496 724 309 187 727 512 117 836 824 852 523 1396 135 103 135 229 0 250
651 325 379 303 392 1465 512 354 651 228 699 590 340 407 667 588 234 127 647 266 557 421 522 1402 769 385 161 358 422 431 825 1357 402 314 1494 639 906 665 535 246 296 774 694 1805 716 778 213 220 667 246 512 477 376 644 380 209 592 347 270 231 402 553 335 561 392 496 663 230 564 567 151 394 570 355 220 679 667 644 366 1228 342 241 172 436 250 0
EOF