NAME : tsp_problem
TYPE : TSP
DIMENSION : 30
EDGE_WEIGHT_TYPE : EXPLICIT
EDGE_WEIGHT_FORMAT : FULL_MATRIX
EDGE_WEIGHT_SECTION
0 336 849 123 332 738 456 757 263 664 704 757 728 334 233 466 1553 512 958 108 270 623 844 482 507 854 419 424 741 1479
336 0 912 410 118 800 519 820 550 726 767 820 791 157 296 162 1616 575 1202 395 115 686 907 545 294 917 481 487 804 1541
849 912 0 923 908 515 465 498 969 505 634 542 322 910 809 1042 992 392 1758 909 846 260 36 685 1084 44 1219 457 526 918
123 410 923 0 406 812 530 831 216 627 667 831 802 408 307 540 1556 586 975 126 344 697 918 445 548 928 436 498 815 1481
332 118 908 406 0 796 515 816 546 722 762 816 787 153 291 231 1612 571 1198 391 111 682 903 541 290 913 477 483 800 1537
738 800 515 812 796 0 354 84 952 589 825 84 225 798 698 931 1219 280 1647 797 734 296 511 670 972 520 1108 345 86 1145
456 519 465 530 515 354 0 373 670 365 602 373 344 517 416 649 1169 128 1365 516 453 239 460 446 691 470 826 108 357 1095
757 820 498 831 816 84 373 0 971 608 844 103 207 817 717 950 1202 299 1666 816 753 315 493 689 991 503 1127 365 105 1127
263 550 888 216 546 952 670 971 0 500 540 971 942 547 355 680 1429 726 1115 243 483 837 893 318 688 883 576 638 955 1354
664 726 424 627 722 589 365 608 500 0 273 608 518 724 470 857 965 363 1567 654 660 457 430 216 898 419 1028 357 592 891
704 767 554 667 762 825 602 824 540 273 0 845 648 764 510 897 1094 600 1607 694 700 586 559 257 938 549 1068 572 829 1020
757 820 542 831 816 84 373 103 971 608 845 0 287 818 717 950 1245 300 1666 816 754 315 537 689 991 547 1127 365 105 1171
728 791 322 802 787 225 344 207 942 538 668 287 0 788 688 921 1025 270 1637 787 724 139 317 660 962 327 1098 336 289 951
334 157 910 408 153 798 517 817 547 724 764 818 788 0 293 287 1614 573 1235 393 148 683 905 542 328 915 515 485 802 1539
233 296 809 307 291 698 416 717 355 470 510 717 688 293 0 426 1399 472 1142 292 229 583 804 288 467 814 603 384 701 1324
466 162 1042 540 231 931 649 950 680 857 897 950 921 287 426 0 1746 705 1332 525 245 816 1037 675 425 1047 612 617 934 1672
1555 1617 933 1524 1613 1221 1171 1203 1398 934 1063 1247 1027 1615 1368 1748 0 1097 1933 1552 1551 965 938 1114 1789 928 1925 1162 1231 164
512 575 392 586 571 280 128 299 726 363 600 300 270 573 472 705 1095 0 1421 572 509 165 387 444 747 396 882 120 284 1021
993 1238 1794 1011 1234 1682 1401 1701 1151 1602 1643 1702 1673 1271 1177 1368 1933 1457 0 996 1214 1568 1789 1421 974 1799 862 1369 1686 1859
108 395 909 126 391 797 516 816 243 654 694 816 787 393 292 525 1583 572 960 0 329 682 904 473 533 913 422 483 801 1509
270 115 846 344 111 734 453 753 483 660 700 754 724 148 229 245 1549 509 1178 329 0 619 841 478 286 851 473 420 738 1475
623 686 260 697 682 296 239 315 837 474 606 315 139 683 583 816 964 165 1532 682 619 0 255 555 857 265 993 231 299 889
844 907 36 918 903 511 460 493 964 500 629 537 317 905 804 1037 987 387 1753 904 841 255 0 680 1079 40 1214 452 521 913
482 545 604 445 541 670 446 689 318 216 257 689 660 542 288 675 1145 444 1385 473 478 555 610 0 716 599 846 414 673 1071
507 294 1084 548 290 972 691 991 688 898 938 991 962 328 467 425 1787 747 938 533 286 857 1079 716 0 1088 217 658 975 1713
854 917 44 928 913 520 470 503 973 510 639 547 327 915 814 1047 997 396 1763 913 851 265 40 690 1088 0 1224 462 531 923
419 481 1219 436 477 1108 826 1127 576 1028 1068 1127 1098 515 603 612 1923 882 826 422 473 993 1214 846 217 1224 0 794 1111 1849
424 487 457 498 483 345 108 365 638 357 572 365 336 485 384 617 1161 120 1333 483 420 231 452 414 658 462 794 0 349 1086
741 804 526 815 800 86 357 105 955 592 829 105 289 802 701 934 1229 284 1650 801 738 299 521 673 975 531 1111 349 0 1155
1480 1543 859 1450 1539 1146 1096 1129 1323 860 989 1173 953 1541 1293 1673 164 1022 1859 1477 1476 891 864 1040 1714 854 1850 1088 1157 0
EOF