NAME : tsp_problem
TYPE : TSP
DIMENSION : 42
EDGE_WEIGHT_TYPE : EXPLICIT
EDGE_WEIGHT_FORMAT : FULL_MATRIX
EDGE_WEIGHT_SECTION
0 1102 458 636 709 1051 761 1195 939 615 584 1115 590 1002 1057 607 649 1164 1054 466 1118 1102 631 984 1194 1165 1113 1053 400 1148 1053 1142 577 1204 1182 1051 1098 660 692 737 901 361
1102 0 686 491 986 598 850 283 266 892 674 326 867 323 533 883 926 496 95 770 329 273 721 402 441 106 324 238 742 489 264 587 667 502 393 476 424 936 969 827 461 787
458 686 0 276 363 780 629 779 523 270 452 700 244 586 787 261 304 869 638 334 703 686 499 569 815 749 698 637 93 862 638 872 445 876 766 744 683 314 346 606 485 138
636 491 276 0 576 586 490 584 328 482 313 505 457 392 592 474 516 675 444 304 508 492 360 374 620 555 503 443 332 668 443 677 306 681 572 549 488 527 559 467 291 378
709 986 363 576 0 1080 925 1079 823 364 748 999 339 886 1086 356 113 1169 938 630 1003 986 796 869 1115 1049 997 937 344 1162 937 1171 742 1175 1066 1044 982 100 100 902 785 389
1051 598 780 586 1080 0 745 858 408 986 568 421 961 592 149 978 1020 174 551 719 425 823 615 671 204 662 329 550 836 159 390 142 561 202 319 182 726 1031 1063 722 639 868
475 833 343 368 639 776 0 926 670 546 302 847 520 734 783 537 580 889 786 197 850 834 350 716 919 897 845 785 330 874 785 868 296 929 914 776 830 590 622 456 633 292
1195 283 779 584 1079 858 953 0 526 985 776 586 960 340 793 977 1019 756 335 863 589 133 823 331 701 294 584 498 835 749 524 847 769 762 653 736 284 1029 1062 929 432 880
939 266 523 328 823 408 688 526 0 729 511 198 704 260 294 721 763 366 219 607 201 491 558 339 311 330 196 217 579 359 136 379 504 372 265 237 394 773 806 664 382 624
615 892 270 482 364 986 831 985 729 0 654 906 50 792 993 46 305 1076 844 537 909 892 702 775 1021 955 904 843 250 1068 844 1078 648 1082 972 950 889 315 347 808 691 295
765 1124 634 658 930 1067 309 1217 961 836 0 1138 811 1024 1073 828 870 1180 1076 488 1141 1124 60 1007 1210 1187 1136 1075 621 1164 1075 1158 586 1219 1204 1067 1121 881 913 286 923 582
1115 326 700 505 999 421 864 586 198 906 687 0 880 337 331 897 940 290 279 784 52 568 735 416 235 390 118 278 756 283 105 381 681 296 187 325 471 950 982 841 475 801
590 867 244 457 339 961 806 960 704 50 629 880 0 767 967 42 279 1050 819 511 883 867 676 749 995 930 878 818 224 1043 818 1052 622 1056 947 925 863 290 322 783 666 270
1002 323 586 392 886 592 751 340 260 792 574 337 767 0 538 784 826 507 275 670 340 248 621 96 452 386 335 274 642 499 275 598 567 513 403 481 151 837 869 728 197 688
1057 533 787 592 1086 149 751 793 294 993 574 331 967 538 0 984 1027 142 486 726 335 769 622 617 172 597 239 485 843 126 300 120 568 182 229 67 672 1037 1069 728 646 874
607 883 261 474 356 978 823 977 721 46 646 897 42 784 984 0 296 1067 836 528 900 884 693 766 1012 947 895 835 241 1060 835 1069 639 1073 964 942 880 307 339 800 683 287
649 926 304 516 113 1020 865 1019 763 305 689 940 279 826 1027 296 0 1110 878 571 943 926 736 809 1055 990 938 877 284 1102 878 1112 682 1116 1006 984 923 76 96 842 725 329
1164 496 869 675 1169 174 858 756 366 1076 681 290 1050 507 142 1067 1110 0 449 832 293 738 728 585 73 560 198 447 926 36 259 122 674 54 188 174 641 1120 1152 835 644 971
1054 95 638 444 938 551 803 335 219 844 626 279 819 275 486 836 878 449 0 723 282 325 673 354 394 158 277 191 695 441 217 540 619 455 345 429 410 889 921 780 413 740
601 719 180 310 480 814 663 812 557 386 486 733 360 620 820 377 420 903 672 0 736 720 533 602 848 783 731 671 236 896 671 905 479 909 800 778 716 430 462 639 519 281
1118 329 703 508 1003 425 867 589 201 909 690 52 883 340 335 900 943 293 282 787 0 571 738 419 239 393 121 281 759 286 108 384 684 299 190 328 474 953 985 844 478 804
1102 273 686 492 986 823 860 133 491 892 683 568 867 248 769 884 926 738 325 770 571 0 730 238 683 283 566 488 742 730 506 829 676 744 634 712 191 937 969 837 339 788
765 1124 634 658 930 1066 309 1217 961 836 593 1137 811 1024 1073 828 870 1179 1076 488 1141 1124 0 1007 1209 1187 1135 1075 621 1164 1075 1158 586 1219 1204 1066 1120 880 913 286 923 582
984 402 569 374 869 671 742 331 339 775 565 416 749 96 617 766 809 585 354 653 419 238 613 0 531 465 414 353 625 578 354 677 559 592 482 560 141 819 851 719 129 670
1194 441 815 620 1115 204 888 701 311 1021 711 235 995 452 172 1012 1055 73 394 862 239 683 758 531 0 505 143 393 871 66 204 164 704 79 133 204 586 1065 1097 865 590 916
1165 106 749 555 1049 662 914 294 330 955 737 390 930 386 597 947 990 560 158 834 393 283 784 465 505 0 388 302 806 552 328 651 730 566 456 540 434 1000 1032 891 524 851
1113 324 698 503 997 329 862 584 196 904 685 118 878 335 239 895 938 198 277 782 121 566 733 414 143 388 0 276 754 191 87 289 679 204 95 233 469 948 980 839 473 799
1053 238 637 443 937 550 802 498 217 843 625 278 818 274 485 835 877 447 191 721 281 488 672 353 393 302 276 0 693 440 216 539 618 454 344 428 408 888 920 779 412 739
400 742 93 332 344 836 616 835 579 250 439 756 224 642 843 241 284 926 695 321 759 742 487 625 871 806 754 693 0 918 694 928 433 932 822 800 739 294 327 593 541 80
1148 489 862 668 1162 159 842 749 359 1068 665 283 1043 499 126 1060 1102 36 441 817 286 730 713 578 66 552 191 440 918 0 252 130 659 76 180 159 633 1113 1145 819 637 964
1053 264 638 443 937 390 802 524 136 844 625 105 818 275 300 835 878 259 217 722 108 506 673 354 204 328 87 216 694 252 0 350 619 265 156 294 409 888 920 779 413 739
1142 587 872 677 1171 142 836 847 379 1078 659 381 1052 598 120 1069 1112 122 540 811 384 829 707 677 164 651 289 539 928 130 350 0 653 103 279 152 732 1122 1154 813 731 959
577 667 441 306 741 561 212 769 504 647 35 681 622 567 568 639 681 674 619 295 684 676 82 559 704 730 679 618 433 659 619 653 0 714 722 561 673 692 724 189 475 394
1204 502 876 681 1175 202 898 762 372 1082 721 296 1056 513 182 1073 1116 54 455 872 299 744 768 592 79 566 204 454 932 76 265 103 714 0 194 214 647 1126 1158 874 651 977
1182 393 766 572 1066 319 906 653 265 972 729 187 947 403 229 964 1006 188 345 851 190 634 776 482 133 456 95 344 822 180 156 279 722 194 0 222 537 1017 1049 883 541 868
1051 476 744 549 1044 182 745 736 237 950 568 281 925 481 67 942 984 174 429 719 284 712 615 560 204 540 189 428 800 159 249 152 561 214 222 0 615 995 1027 722 603 845
1098 424 683 488 982 726 856 284 394 889 679 471 863 151 672 880 923 641 410 767 474 191 727 141 586 434 469 408 739 633 409 732 673 647 537 615 0 933 965 833 242 784
660 936 314 527 100 1031 876 1029 773 315 699 950 290 837 1037 307 76 1120 889 581 953 937 746 819 1065 1000 948 888 294 1113 888 1122 692 1126 1017 995 933 0 83 853 736 339
692 969 346 559 100 1063 908 1062 806 347 731 982 322 869 1069 339 96 1152 921 613 985 969 779 851 1097 1032 980 920 327 1145 920 1154 724 1158 1049 1027 965 83 0 885 768 372
501 860 370 394 666 803 45 953 697 572 329 873 547 760 809 564 606 916 812 224 877 860 376 743 946 923 872 811 357 900 811 894 322 955 940 803 857 617 649 0 659 318
901 461 485 291 785 639 659 432 382 691 482 475 666 197 646 683 725 644 413 569 478 339 529 129 590 524 473 412 541 637 413 731 475 651 541 603 242 736 768 636 0 586
361 787 138 378 389 868 577 880 624 295 400 801 270 688 874 287 329 971 740 282 804 788 448 670 916 851 799 739 80 964 739 959 394 977 868 845 784 339 372 554 586 0
EOF