NAME : tsp_problem
TYPE : TSP
DIMENSION : 52
EDGE_WEIGHT_TYPE : EXPLICIT
EDGE_WEIGHT_FORMAT : FULL_MATRIX
EDGE_WEIGHT_SECTION
0 888 157 897 771 409 562 800 501 209 780 50 271 569 689 766 944 716 686 481 381 438 955 431 326 797 378 720 153 808 815 679 551 639 738 716 124 636 853 586 750 838 518 126 195 786 151 446 115 176 740 708
888 0 1001 633 155 514 576 691 544 841 516 867 807 583 425 503 82 730 422 567 757 612 213 616 734 315 754 560 997 544 551 648 600 729 474 731 941 313 150 635 764 121 1055 943 1039 664 905 650 932 864 183 723
157 1001 0 1011 884 523 675 913 614 322 893 164 384 682 802 880 1058 829 799 594 494 551 1068 544 440 910 491 833 52 921 928 792 664 752 851 830 238 749 966 700 863 952 632 239 91 899 264 559 228 289 853 822
897 633 1011 0 502 524 786 244 753 906 242 877 962 793 289 366 670 940 286 760 911 767 772 770 889 422 909 381 1006 186 183 377 511 297 338 940 950 378 670 446 974 553 1210 952 1049 304 914 660 941 873 471 932
771 155 884 502 0 398 660 560 627 780 385 751 836 667 294 371 211 814 291 634 785 640 342 644 762 185 783 429 880 413 420 517 483 598 343 814 824 182 241 519 847 88 1084 826 923 533 788 534 815 747 49 806
409 514 523 524 398 0 303 430 271 418 406 389 474 310 316 393 571 458 313 272 423 279 581 282 401 423 421 347 518 435 442 309 181 269 364 458 462 262 480 217 491 465 722 464 561 416 426 172 453 385 367 450
625 957 738 1118 991 630 0 1020 440 442 1000 604 409 496 910 987 1013 183 906 421 359 378 1023 370 336 1017 356 940 734 1028 1035 899 771 859 958 183 678 856 922 807 216 1014 657 680 777 1006 642 481 669 474 961 175
800 691 913 244 560 430 697 0 665 809 468 779 865 705 378 455 733 852 374 663 814 669 818 673 791 485 811 191 909 417 415 201 321 188 426 852 853 424 716 256 885 616 1113 855 952 114 817 563 844 776 529 844
450 544 564 753 627 271 132 665 0 318 636 430 285 139 545 622 600 286 542 83 234 89 611 93 211 653 231 576 559 664 671 544 416 504 594 287 503 492 509 452 320 601 533 505 602 651 467 143 494 349 596 279
209 841 322 906 780 418 379 809 318 0 789 188 88 386 698 775 897 534 695 298 198 255 908 248 144 806 196 729 318 817 824 688 560 648 747 534 262 645 806 595 567 847 336 264 361 795 226 359 253 58 749 526
780 516 893 242 385 406 668 468 636 789 0 759 844 675 172 249 552 823 168 642 794 649 654 652 771 304 791 338 889 153 160 425 408 507 220 823 833 260 552 443 856 435 1092 834 931 441 797 542 824 756 354 815
50 867 164 877 751 389 541 779 480 188 759 0 250 548 669 746 924 696 665 460 360 418 934 410 306 776 358 699 160 788 794 658 530 618 717 696 89 615 833 566 729 818 498 90 202 765 130 425 80 156 720 688
271 807 384 962 836 474 346 865 285 88 844 250 0 353 754 831 864 500 751 265 165 222 874 215 111 861 162 785 380 873 880 744 616 704 803 501 324 700 773 651 534 865 284 326 422 850 288 326 315 119 805 493
621 952 734 1113 987 625 484 1016 436 438 995 600 405 0 905 982 1009 178 902 416 354 373 1019 366 331 1012 351 936 730 1024 1031 895 767 855 954 178 674 851 918 802 212 1009 653 675 772 1002 638 477 665 469 956 170
689 425 802 289 294 316 578 378 545 698 172 669 754 585 0 126 462 732 78 552 703 558 564 562 680 214 701 248 798 200 207 335 318 416 97 732 742 169 462 353 765 345 1002 744 841 351 706 452 733 665 263 724
766 503 880 366 371 393 655 455 622 775 249 746 831 662 126 0 539 809 119 629 780 636 641 639 758 291 778 325 876 277 284 412 395 494 66 809 820 247 539 430 843 422 1079 821 918 428 784 529 810 742 341 802
944 82 1058 670 211 571 633 733 600 897 552 924 864 640 462 539 0 787 458 624 813 669 187 672 791 347 811 603 1053 581 587 690 657 771 510 787 997 370 124 692 820 177 1112 999 1096 706 961 707 988 920 239 779
470 802 584 963 837 475 334 866 286 288 845 450 255 341 755 832 858 0 751 266 204 223 869 216 181 862 201 786 579 874 881 745 617 705 803 488 524 701 767 652 61 859 502 525 622 851 487 327 514 319 806 481
686 422 799 286 291 313 574 374 542 695 168 665 751 581 78 119 458 729 0 548 700 555 560 559 677 211 697 244 795 197 204 332 314 413 90 729 739 166 459 350 762 342 998 741 837 347 703 449 730 662 260 721
430 567 544 760 634 272 155 663 83 298 642 410 265 162 552 629 624 310 548 0 214 69 634 73 191 659 212 583 540 671 677 541 414 502 600 310 484 498 533 449 343 624 513 485 582 648 448 124 475 329 603 302
527 903 641 1058 932 570 442 961 381 345 940 507 312 449 850 927 960 596 846 361 0 318 970 311 238 957 258 881 636 969 976 839 712 800 898 596 581 796 869 747 630 961 559 582 679 946 544 422 571 376 901 588
388 612 501 767 640 279 200 669 89 255 649 367 222 207 558 636 669 355 555 69 172 0 679 80 149 666 169 589 497 677 684 548 420 508 607 355 441 505 577 456 388 669 470 443 539 655 405 130 432 287 609 347
955 213 1068 772 342 581 643 818 611 908 654 934 874 650 564 641 187 797 560 634 824 679 0 683 801 478 821 688 1064 682 689 775 667 815 612 798 1008 501 132 702 831 308 1122 1010 1106 791 972 717 999 931 370 790
380 616 494 770 644 282 204 673 93 248 652 360 215 211 562 639 672 358 559 73 164 80 683 0 141 669 161 593 489 681 688 552 424 512 611 358 434 508 581 459 392 673 463 435 532 659 397 134 424 279 613 351
326 734 440 889 762 401 272 791 211 144 771 306 111 279 680 758 791 427 677 191 92 149 801 141 0 788 89 711 436 799 806 670 542 630 729 427 380 627 699 578 460 791 358 381 478 777 344 252 370 175 731 419
797 315 910 422 282 423 685 485 653 806 304 776 861 692 214 291 347 840 211 659 811 666 478 669 788 0 808 355 906 333 340 442 425 524 262 840 850 213 401 460 873 231 1109 851 948 458 814 559 841 773 271 832
520 896 633 1051 925 563 434 953 373 338 933 500 304 442 843 920 953 589 839 354 254 311 963 303 231 950 0 873 629 961 968 832 704 792 891 589 573 789 862 740 622 953 552 575 672 939 537 414 564 369 894 581
720 560 833 381 429 347 608 191 576 729 338 699 785 616 248 325 603 763 244 583 734 589 688 593 711 355 731 0 829 366 373 148 269 230 296 763 773 294 586 204 796 486 1033 775 872 164 737 483 764 696 398 755
153 997 52 1006 880 518 671 909 610 318 889 160 380 678 798 876 1053 825 795 590 490 547 1064 540 436 906 487 829 0 917 924 788 660 748 847 825 233 745 962 696 859 947 627 235 90 895 260 555 224 285 849 818
808 544 921 186 413 435 696 417 664 817 153 788 873 704 200 277 581 851 197 671 822 677 682 681 799 333 819 366 917 0 182 454 436 470 249 851 861 288 581 472 884 464 1121 863 960 470 825 571 852 784 382 843
815 551 928 183 420 442 703 415 671 824 160 794 880 710 207 284 587 858 204 677 829 684 689 688 806 340 826 373 924 182 0 461 443 467 255 858 868 295 588 479 891 471 1127 870 967 475 832 578 859 791 389 850
679 648 792 377 517 309 576 201 544 688 425 658 744 583 335 412 690 731 332 541 693 548 775 552 670 442 690 148 788 454 461 0 195 107 383 731 732 381 673 130 764 573 991 734 830 174 696 442 723 655 486 723
551 600 664 511 483 181 448 321 416 560 408 530 616 456 318 395 657 603 314 414 565 420 667 424 542 425 562 269 660 436 443 195 0 256 366 603 604 348 565 95 636 551 864 606 703 294 568 314 595 527 452 595
639 729 752 297 598 269 536 188 504 648 507 618 704 544 416 494 771 691 413 502 653 508 815 512 630 524 650 230 748 470 467 107 256 0 465 691 692 463 713 211 724 655 952 694 791 247 656 402 683 615 567 683
738 474 851 338 343 364 626 426 594 747 220 717 803 633 97 66 510 781 90 600 752 607 612 611 729 262 749 296 847 249 255 383 366 465 0 781 791 218 511 401 814 393 1050 793 889 399 755 500 782 714 312 773
478 810 592 971 845 483 342 874 294 296 853 458 263 349 763 840 866 496 759 274 212 231 877 224 189 870 209 794 587 882 889 753 625 713 811 0 532 709 775 660 69 867 510 533 630 859 495 335 522 327 814 489
124 941 238 950 824 462 615 853 554 262 833 89 324 622 742 820 997 769 739 534 434 491 1008 484 380 850 431 773 233 861 868 732 604 692 791 769 0 689 906 640 803 891 572 28 276 839 204 499 17 229 793 762
636 313 749 378 182 262 524 424 492 645 260 615 700 531 169 247 370 679 166 498 650 505 501 508 627 213 647 294 745 288 295 381 348 463 218 679 689 0 399 383 712 249 948 690 787 397 653 398 680 612 151 671
853 150 966 670 241 480 541 716 509 806 552 833 773 549 462 539 124 696 459 533 722 577 132 581 699 401 720 586 962 581 588 673 565 713 511 696 906 399 0 601 729 207 1021 908 1005 689 870 616 897 829 269 688
586 635 700 446 519 217 484 256 452 595 443 566 651 491 353 430 692 638 350 449 601 456 702 459 578 460 598 204 696 472 479 130 95 211 401 639 640 383 601 0 672 586 899 641 738 229 604 349 631 563 488 631
445 777 558 938 811 450 309 840 260 262 820 424 229 316 730 807 833 463 726 241 179 198 844 190 156 837 176 760 554 848 855 719 591 679 778 463 498 676 742 627 0 834 477 500 597 826 462 301 489 294 781 455
838 121 952 553 88 465 633 616 601 847 435 818 865 640 345 422 177 788 342 624 814 669 308 673 791 231 811 486 947 464 471 573 551 655 393 788 891 249 207 586 821 0 1112 893 990 589 855 601 882 814 116 780
518 1055 632 1210 1084 722 594 1113 533 336 1092 498 284 601 1002 1079 1112 748 998 513 413 470 1122 463 358 1109 410 1033 627 1121 1127 991 864 952 1050 748 572 948 1021 899 781 1112 0 573 670 1098 535 574 562 367 1053 740
126 943 239 952 826 464 616 855 555 264 834 90 326 624 744 821 999 771 741 536 436 493 1010 485 381 851 433 775 235 863 870 734 606 694 793 771 28 690 908 641 804 893 573 0 277 840 205 501 18 231 795 763
195 1039 91 1049 923 561 713 952 652 361 931 202 422 720 841 918 1096 868 837 632 532 590 1106 582 478 948 530 872 90 960 967 830 703 791 889 868 276 787 1005 738 901 990 670 277 0 937 302 598 267 328 892 860
786 664 899 304 533 416 683 114 651 795 441 765 850 690 351 428 706 838 347 648 800 655 791 659 777 458 797 164 895 470 475 174 294 247 399 838 839 397 689 229 871 589 1098 840 937 0 803 548 830 762 502 830
151 905 264 914 788 426 579 817 518 226 797 130 288 586 706 784 961 733 703 498 398 455 972 448 344 814 395 737 260 825 832 696 568 656 755 733 204 653 870 604 767 855 535 205 302 803 0 463 195 193 757 726
446 650 559 660 534 172 254 563 143 359 542 425 326 261 452 529 707 409 449 124 275 130 717 134 252 559 272 483 555 571 578 442 314 402 500 409 499 398 616 349 442 601 574 501 598 548 463 0 490 390 503 401
115 932 228 941 815 453 606 844 545 253 824 80 315 613 733 810 988 760 730 525 425 482 999 475 370 841 422 764 224 852 859 723 595 683 782 760 17 680 897 631 794 882 562 18 267 830 195 490 0 220 784 753
176 864 289 873 747 385 410 776 349 58 756 156 119 417 665 742 920 565 662 329 229 287 931 279 175 773 227 696 285 784 791 655 527 615 714 565 229 612 829 563 598 814 367 231 328 762 193 390 220 0 716 557
740 183 853 471 49 367 629 529 596 749 354 720 805 636 263 341 239 783 260 603 754 609 370 613 731 177 752 398 849 382 389 486 452 567 312 783 793 151 269 488 816 116 1053 795 892 502 757 503 784 716 0 775
472 804 586 965 839 477 336 868 288 290 847 452 257 343 757 834 860 490 753 268 206 225 871 218 183 864 203 788 581 876 883 746 619 707 805 490 525 703 769 654 63 861 504 527 624 853 489 329 516 321 808 0
EOF