NAME : tsp_problem
TYPE : TSP
DIMENSION : 30
EDGE_WEIGHT_TYPE : EXPLICIT
EDGE_WEIGHT_FORMAT : FULL_MATRIX
EDGE_WEIGHT_SECTION
0 233 544 996 340 481 669 640 970 624 565 530 614 848 970 173 443 878 839 584 505 342 648 654 789 499 867 672 849 678
233 0 343 808 163 279 683 653 783 582 578 328 427 737 783 112 242 691 797 383 303 165 461 452 747 298 825 470 662 477
544 343 0 885 325 224 759 729 859 658 654 273 419 813 859 408 149 767 873 328 68 326 538 397 823 243 901 447 738 422
996 808 885 0 896 821 732 702 110 530 601 870 600 313 110 874 783 267 378 925 845 898 521 994 582 840 406 870 238 974
340 255 325 896 0 261 771 741 871 670 666 311 431 825 871 320 224 779 885 365 286 52 549 435 835 280 913 458 750 459
481 279 224 821 261 0 695 665 795 594 590 89 356 749 795 344 123 704 809 144 185 263 474 213 760 59 837 383 674 237
881 846 922 626 934 858 0 446 600 286 345 907 637 343 600 911 821 393 334 962 882 935 410 1031 339 877 362 907 422 1011
917 881 957 662 969 894 51 0 636 322 381 943 673 379 636 947 856 429 370 997 918 971 445 1067 374 912 398 943 458 1047
970 783 859 110 871 795 706 676 0 504 576 845 574 287 23 848 758 242 353 899 820 872 495 969 556 814 381 845 212 948
624 582 658 479 670 594 274 244 454 0 170 643 373 247 454 647 557 297 237 698 618 671 146 767 188 613 265 643 326 747
565 578 654 601 666 590 159 129 576 170 0 640 378 318 575 643 553 368 309 694 615 668 247 764 314 609 337 649 397 752
530 328 273 870 311 89 744 715 845 643 640 0 405 799 844 394 172 753 859 176 234 312 523 245 809 91 887 432 723 270
614 427 419 600 431 356 483 453 574 373 378 405 0 528 574 492 318 483 588 459 380 433 253 480 539 374 616 300 453 456
848 737 813 313 825 749 449 419 287 247 318 799 528 0 287 802 712 80 96 853 774 827 370 923 299 768 124 799 109 902
970 783 859 110 871 795 706 676 23 504 575 844 574 287 0 848 758 241 353 899 819 872 495 968 556 814 381 844 212 948
173 112 408 874 229 344 748 718 848 647 643 394 492 802 848 0 307 757 862 448 369 230 527 518 813 363 890 536 727 542
443 242 149 783 224 123 658 628 758 557 553 172 318 712 758 307 0 666 772 227 110 225 436 296 722 142 800 345 637 321
878 691 767 267 779 704 498 469 242 297 368 753 483 80 241 757 666 0 145 807 728 781 403 877 349 722 173 753 85 857
839 797 873 378 885 809 439 410 353 237 309 859 588 96 353 862 772 145 0 913 834 886 361 983 290 828 77 859 174 962
584 383 328 925 365 144 799 769 899 698 694 176 459 853 899 448 227 807 913 0 288 367 578 170 864 139 941 412 778 194
505 303 68 845 286 185 719 690 820 618 615 234 380 774 819 369 110 728 834 288 0 287 498 358 784 203 862 407 698 382
342 256 326 898 52 263 772 742 872 671 668 312 433 827 872 322 225 781 886 367 287 0 551 436 837 282 914 460 751 460
648 461 538 521 549 474 352 322 495 146 247 523 253 370 495 527 436 403 361 578 498 551 0 647 311 493 389 523 374 627
654 452 397 994 435 213 868 839 969 767 764 245 480 923 968 518 296 877 983 170 358 436 647 0 933 178 1011 256 847 85
773 586 663 321 674 599 513 483 295 311 383 648 378 250 295 652 561 204 315 703 623 676 299 772 0 618 343 648 174 752
499 298 243 840 280 59 714 684 814 613 609 91 374 768 814 363 142 722 828 139 203 282 493 178 779 0 856 402 693 202
867 825 901 406 913 837 467 438 381 265 337 887 616 124 381 890 800 173 77 941 862 914 389 1011 318 856 0 887 202 990
672 470 447 870 458 383 753 724 845 643 649 432 300 799 844 536 345 753 859 412 407 460 523 256 809 402 887 0 723 232
849 662 738 238 750 674 527 498 212 326 397 723 453 109 212 727 637 85 174 778 698 751 374 847 378 693 202 723 0 827
678 477 422 974 459 237 857 827 948 747 752 270 456 902 948 542 321 857 962 194 382 460 627 85 913 202 990 232 827 0
EOF