NAME : tsp_problem
TYPE : TSP
DIMENSION : 50
EDGE_WEIGHT_TYPE : EXPLICIT
EDGE_WEIGHT_FORMAT : FULL_MATRIX
EDGE_WEIGHT_SECTION
0 760 1066 1133 1272 649 766 1006 745 594 434 282 779 1135 564 1041 915 97 416 398 946 1261 730 1039 560 1133 734 1030 1273 1000 1143 216 1055 883 957 1038 1162 1136 646 920 144 189 146 405 927 534 1131 1218 802 1221
760 0 488 555 694 577 137 506 1256 523 1043 1012 150 657 1259 463 337 691 927 1007 368 683 72 461 1234 654 256 458 695 521 565 824 577 405 231 473 584 558 162 341 874 680 875 1014 349 1045 552 640 70 643
1066 488 0 230 256 883 545 560 1562 829 1349 1318 525 743 1566 80 325 998 1233 1313 266 245 533 182 1541 740 373 513 257 608 229 1131 663 562 405 527 146 120 566 329 1180 986 1182 1320 337 1351 243 202 449 205
1133 555 230 0 198 950 612 627 1460 896 1416 1385 592 800 1633 260 392 1065 1300 1380 333 187 600 204 1608 797 440 580 222 665 104 1198 720 629 472 594 296 249 633 396 1247 1053 1249 1387 404 1418 91 145 516 155
1272 694 256 198 0 1089 751 672 1462 1035 1555 1524 731 802 1772 286 531 1204 1439 1519 472 60 739 364 1710 799 579 719 203 666 198 1337 722 747 611 704 323 242 772 535 1386 1192 1388 1526 543 1557 212 90 655 149
606 733 1040 1107 1246 0 740 980 1102 215 890 858 753 1109 1106 1015 889 538 774 854 920 1235 704 1013 1081 1106 708 1004 1247 974 1117 671 1029 857 931 1012 1136 1110 620 894 720 526 722 861 901 892 1105 1192 776 1195
766 137 545 612 751 583 0 534 1262 529 1049 1018 58 663 1266 520 363 698 933 1013 425 740 108 519 1241 660 262 516 753 528 623 831 583 411 221 530 641 615 169 368 880 686 882 1020 407 1051 610 698 180 701
1006 506 560 627 699 823 534 0 1186 769 1289 1258 542 216 1503 535 409 938 1173 1253 440 688 498 533 1434 213 390 91 767 81 637 1071 136 162 490 69 656 630 506 413 1120 926 1122 1260 254 1291 624 712 467 715
745 1256 1562 1485 1487 1145 1262 1213 0 1091 383 542 1275 1343 344 1537 1412 691 358 370 1442 1476 1227 1535 276 1340 1231 1272 1631 1207 1496 671 1263 1288 1454 1245 1658 1632 1143 1416 744 614 746 452 1424 237 1483 1506 1298 1564
527 654 961 1028 1167 213 661 901 1023 0 811 779 674 1030 1027 936 810 459 695 775 841 1156 625 934 1002 1027 629 925 1168 895 1038 592 950 778 852 933 1057 1031 541 815 641 447 643 782 822 813 1026 1113 697 1116
434 1043 1349 1416 1555 932 1049 1289 383 878 0 222 1062 1419 257 1324 1199 380 156 58 1229 1544 1014 1322 253 1416 1018 1313 1557 1283 1427 361 1339 1166 1241 1321 1445 1419 930 1203 424 412 426 96 1211 172 1414 1502 1086 1505
282 1012 1318 1385 1524 901 1018 1258 542 846 222 0 1031 1387 318 1293 1167 349 301 247 1198 1513 982 1291 314 1385 986 1282 1525 1252 1395 216 1307 1135 1209 1290 1414 1388 899 1172 238 389 240 162 1179 353 1383 1470 1054 1473
779 150 525 592 731 596 58 542 1275 542 1062 1031 0 676 1279 500 343 711 946 1026 405 720 121 498 1254 673 275 495 732 541 602 844 596 424 200 510 621 595 181 347 893 699 895 1033 386 1064 589 677 193 680
1135 657 743 810 828 953 663 216 1315 898 1419 1387 676 0 1632 718 592 1067 1303 1383 623 817 627 716 1564 40 574 275 951 164 821 1200 187 291 673 248 839 813 635 597 1250 1055 1251 1390 437 1421 808 847 650 898
564 1259 1566 1633 1772 1149 1266 1506 344 1094 257 318 1279 1635 0 1541 1415 610 362 288 1446 1761 1230 1539 117 1632 1234 1530 1773 1500 1643 497 1555 1383 1457 1538 1662 1636 1146 1420 520 618 521 279 1427 280 1631 1718 1302 1721
1041 463 80 260 286 858 520 535 1537 804 1324 1293 500 718 1541 0 300 973 1208 1288 241 276 508 156 1516 715 348 488 288 583 260 1106 638 537 380 502 176 150 541 304 1155 961 1157 1295 312 1326 274 233 424 236
915 337 325 392 531 733 363 409 1412 678 1199 1167 343 592 1415 300 0 847 1083 1163 205 520 382 298 1390 590 222 362 532 457 402 980 512 411 181 376 421 395 415 43 1029 835 1031 1170 186 1201 389 477 298 480
97 691 998 1065 1204 581 698 938 691 526 380 349 711 1067 610 973 847 0 362 345 878 1193 662 971 607 1064 666 962 1205 932 1075 162 987 815 889 970 1094 1068 578 852 211 121 213 352 859 480 1063 1150 734 1153
416 927 1233 1300 1439 816 933 1173 358 762 156 301 946 1303 362 1208 1083 362 0 143 1113 1428 898 1207 337 1300 902 1197 1441 1167 1311 342 1223 1051 1125 1205 1329 1303 814 1087 467 286 469 225 1095 147 1298 1386 970 1389
398 1007 1313 1380 1519 896 1013 1253 370 842 58 247 1026 1383 288 1288 1163 345 143 0 1193 1508 978 1287 285 1380 982 1277 1521 1247 1391 325 1303 1131 1205 1285 1409 1383 894 1167 449 376 450 127 1175 159 1378 1466 1050 1469
946 368 266 333 472 763 425 440 1442 709 1229 1198 405 623 1446 241 205 878 1113 1193 0 461 413 239 1421 620 253 393 473 488 343 1011 543 442 285 407 352 336 446 209 1060 866 1062 1200 217 1231 330 418 329 421
1261 683 245 187 60 1078 740 661 1451 1024 1544 1513 720 791 1761 276 520 1193 1428 1508 461 0 728 353 1699 788 568 708 205 656 187 1326 711 736 601 693 312 232 761 524 1375 1181 1377 1515 532 1547 201 79 644 138
730 72 533 600 739 548 108 498 1227 493 1014 982 121 627 1230 508 382 662 898 978 413 728 0 506 1205 625 227 503 740 492 610 795 547 375 276 518 629 603 133 386 844 650 846 985 394 1016 597 685 115 688
1039 461 182 204 364 856 519 533 1535 802 1322 1291 498 716 1539 156 298 971 1207 1287 239 353 506 0 1514 713 346 486 389 581 215 1104 636 535 379 500 277 251 539 302 1153 959 1155 1294 310 1325 202 323 422 333
560 1234 1541 1608 1736 1124 1241 1462 276 1069 253 314 1254 1591 117 1516 1390 607 337 285 1421 1725 1205 1514 0 1589 1209 1505 1748 1456 1618 494 1511 1358 1432 1494 1637 1611 1121 1395 516 593 518 275 1402 216 1606 1693 1277 1696
1133 654 740 807 825 950 660 213 1312 896 1416 1385 673 40 1629 715 590 1064 1300 1380 620 814 625 713 1561 0 571 272 948 161 818 1197 184 288 670 245 836 810 632 594 1247 1053 1248 1387 434 1418 805 844 647 896
734 256 373 440 579 552 262 390 1231 497 1018 986 275 574 1234 348 222 666 902 982 253 568 227 346 1209 571 0 343 580 438 450 799 494 331 267 358 469 443 234 226 849 655 850 989 234 1020 437 525 218 528
1030 458 513 580 719 847 516 91 1244 793 1313 1282 495 275 1530 488 362 962 1197 1277 393 708 503 486 1493 272 343 0 720 140 590 1095 195 220 443 59 609 583 530 366 1144 950 1146 1284 207 1315 577 665 420 668
1273 695 257 222 203 1091 753 767 1606 1036 1557 1525 732 946 1773 288 532 1205 1441 1521 473 205 740 389 1748 944 580 720 0 811 222 1338 866 770 613 734 269 173 773 536 1388 1194 1389 1528 544 1559 236 162 656 94
1000 521 608 675 693 817 528 81 1180 763 1283 1252 541 164 1497 583 457 932 1167 1247 488 682 492 581 1429 161 438 140 815 0 685 1065 84 156 538 113 704 678 500 462 1114 920 1116 1254 302 1286 672 712 515 763
1143 565 229 104 198 961 623 637 1470 906 1427 1395 602 810 1643 260 402 1075 1311 1391 343 187 610 215 1618 808 450 590 222 675 0 1208 730 640 483 604 296 248 643 406 1258 1064 1259 1398 414 1429 102 144 526 155
216 824 1131 1198 1337 713 831 1071 671 659 361 216 844 1200 497 1106 980 162 342 325 1011 1326 795 1104 494 1197 799 1095 1338 1065 1208 0 1120 948 1022 1103 1227 1201 711 984 183 254 184 332 992 460 1195 1283 867 1286
1055 577 663 730 748 873 583 136 1235 818 1339 1307 596 187 1552 638 512 987 1223 1303 543 737 547 636 1484 184 494 195 870 84 740 1120 0 211 593 168 759 733 555 517 1169 975 1171 1310 357 1341 728 767 570 818
883 405 562 629 768 700 411 162 1260 646 1166 1135 424 291 1383 537 411 815 1051 1131 442 757 375 535 1358 288 331 220 770 156 640 948 211 0 457 193 658 632 383 416 997 803 999 1138 325 1169 627 715 408 717
957 231 405 472 611 775 221 490 1454 720 1241 1209 200 673 1457 380 181 889 1125 1205 285 601 276 379 1432 670 267 443 613 538 483 1022 593 457 0 457 501 475 360 185 1072 877 1073 1212 267 1243 470 558 192 561
1038 473 527 594 730 855 530 69 1217 801 1321 1290 510 248 1535 502 376 970 1205 1285 407 719 518 500 1466 245 358 59 734 113 604 1103 168 193 457 0 623 597 538 381 1152 958 1154 1292 221 1323 592 679 434 682
1162 584 146 296 323 979 641 656 1658 925 1445 1414 621 839 1662 176 421 1094 1329 1409 352 312 629 277 1637 836 469 609 269 704 296 1227 759 658 501 623 0 172 662 425 1276 1082 1278 1416 433 1447 310 269 545 257
1136 558 120 249 242 953 615 630 1632 899 1419 1388 595 813 1636 150 395 1068 1303 1383 336 232 603 251 1611 810 443 583 173 678 248 1201 733 632 475 597 172 0 636 399 1250 1056 1252 1390 407 1421 262 189 519 121
646 162 566 633 772 464 169 506 1143 409 930 899 181 635 1146 541 415 578 814 894 446 761 133 539 1121 632 234 530 773 500 643 711 555 383 360 538 662 636 0 419 761 567 762 901 427 932 630 718 205 721
920 341 329 396 535 737 368 413 1416 683 1203 1172 347 597 1420 304 43 852 1087 1167 209 524 386 302 1395 594 226 366 536 462 406 984 517 416 185 381 425 399 419 0 1034 840 1036 1174 190 1205 394 481 303 484
144 874 1180 1247 1386 763 880 1120 744 709 424 238 893 1250 520 1155 1029 211 467 449 1060 1375 844 1153 516 1247 849 1144 1388 1114 1258 183 1169 997 1072 1152 1276 1250 761 1034 0 303 40 364 1042 555 1245 1333 916 1335
189 680 986 1053 1192 569 686 926 614 515 412 389 699 1055 618 961 835 121 286 376 866 1181 650 959 593 1053 655 950 1194 920 1064 254 975 803 877 958 1082 1056 567 840 303 0 305 383 847 404 1051 1139 722 1141
146 875 1182 1249 1388 765 882 1122 746 710 426 240 895 1251 521 1157 1031 213 469 450 1062 1377 846 1155 518 1248 850 1146 1389 1116 1259 184 1171 999 1073 1154 1278 1252 762 1036 40 305 0 366 1043 557 1246 1334 918 1337
405 1014 1320 1387 1526 903 1020 1260 452 849 96 162 1033 1390 279 1295 1170 352 225 127 1200 1515 985 1294 275 1387 989 1284 1528 1254 1398 332 1310 1138 1212 1292 1416 1390 901 1174 364 383 366 0 1182 241 1385 1473 1057 1476
927 349 337 404 543 745 407 254 1406 690 1211 1179 386 437 1427 312 186 859 1095 1175 217 532 394 310 1402 434 234 207 544 302 414 992 357 325 267 221 433 407 427 190 1042 847 1043 1182 0 1213 401 489 310 492
534 1045 1351 1418 1557 934 1051 1291 237 880 172 353 1064 1421 280 1326 1201 480 147 159 1231 1547 1016 1325 216 1418 1020 1315 1559 1286 1429 460 1341 1169 1243 1323 1447 1421 932 1205 555 404 557 241 1213 0 1416 1504 1088 1507
1131 552 243 91 212 948 610 624 1457 894 1414 1383 589 798 1631 274 389 1063 1298 1378 330 201 597 202 1606 795 437 577 236 662 102 1195 718 627 470 592 310 262 630 394 1245 1051 1246 1385 401 1416 0 158 514 169
1218 640 202 145 90 1036 698 691 1481 981 1502 1470 677 821 1718 233 477 1150 1386 1466 418 79 685 323 1693 818 525 665 162 685 144 1283 741 715 558 679 269 189 718 481 1333 1139 1334 1473 489 1504 158 0 601 95
802 70 449 516 655 620 180 467 1298 565 1086 1054 193 650 1302 424 298 734 970 1050 329 644 115 422 1277 647 218 420 656 515 526 867 570 408 192 434 545 519 205 303 916 722 918 1057 310 1088 514 601 0 604
1221 643 205 155 149 1038 701 715 1539 984 1505 1473 680 879 1721 236 480 1153 1389 1469 421 138 688 333 1696 876 528 668 94 744 155 1286 799 717 561 682 257 121 721 484 1335 1141 1337 1476 492 1507 169 95 604 0
EOF