NAME : tsp_problem
TYPE : TSP
DIMENSION : 70
EDGE_WEIGHT_TYPE : EXPLICIT
EDGE_WEIGHT_FORMAT : FULL_MATRIX
EDGE_WEIGHT_SECTION
0 166 384 652 286 110 380 167 1116 76 198 282 665 49 496 403 929 204 419 1324 408 1066 683 615 494 1054 289 1171 301 221 692 422 775 1047 525 422 627 526 795 700 656 293 165 1178 973 541 328 526 246 531 188 550 421 514 768 313 222 103 1283 51 1220 461 650 442 235 182 662 803 199 310
166 0 405 674 327 94 402 90 1157 217 220 249 686 169 518 424 970 226 441 1365 430 1106 724 637 515 1095 311 1211 341 262 714 462 816 1088 547 444 649 548 836 741 677 314 206 1219 1014 563 350 548 188 553 210 572 443 536 789 334 262 164 1323 168 1260 482 671 482 275 222 702 843 239 350
384 405 0 437 484 350 469 407 1320 435 286 577 449 387 318 187 1133 292 507 1528 496 1270 887 354 278 1258 160 1375 409 425 476 626 979 1251 310 207 412 553 999 904 440 163 467 1382 1177 326 177 311 567 558 241 577 206 541 794 289 380 462 1487 385 1424 487 434 646 530 483 866 1007 500 514
652 674 437 0 753 619 737 676 1589 704 555 846 255 656 231 342 1402 561 733 1760 744 1538 1156 364 268 1527 425 1586 678 694 129 895 1248 1520 299 361 266 822 1268 1173 62 421 735 1651 1446 316 364 223 836 826 510 592 332 663 916 557 648 731 1467 654 1693 680 62 914 798 752 1135 1275 769 783
286 327 484 753 0 363 224 329 1049 309 226 305 766 282 597 503 862 230 263 1257 252 998 616 716 595 987 390 1103 111 154 793 354 708 980 626 523 728 505 728 633 756 394 195 1111 906 642 429 627 329 510 289 404 522 368 621 291 154 207 1215 284 1153 386 751 374 258 211 594 735 228 243
110 94 350 619 363 0 347 96 1199 162 164 317 631 114 463 369 1011 170 385 1407 374 1148 766 582 460 1136 255 1253 287 304 658 504 858 1129 492 389 594 492 877 783 622 259 251 1260 1056 508 294 493 256 497 154 517 387 481 734 279 258 189 1365 112 1302 427 616 524 320 267 744 885 284 392
380 402 469 737 224 347 0 404 1176 432 210 432 750 384 581 488 989 214 76 1384 65 1125 743 700 579 1114 374 1230 149 281 777 481 835 1107 610 507 712 474 855 760 741 378 322 1238 1033 626 413 611 456 479 273 217 506 181 434 275 281 334 1295 382 1279 199 735 501 385 338 721 862 355 369
167 90 407 676 329 96 404 0 1159 219 221 251 688 171 520 426 972 227 442 1367 431 1108 726 638 517 1097 312 1213 343 264 715 464 818 1090 549 446 651 549 838 743 679 316 208 1221 1016 565 351 550 190 554 211 574 444 538 791 336 264 166 1325 169 1263 484 673 484 278 224 705 845 241 353
1116 1157 1320 1589 1049 1199 1176 1159 0 1139 1135 1019 1602 1112 1433 1339 499 1141 1214 255 1204 193 607 1552 1430 273 1226 190 1063 943 1629 735 574 276 1462 1359 1564 1456 347 610 1592 1230 992 124 347 1478 1265 1463 1081 1461 1125 1355 1358 1320 1573 1243 984 1037 302 1114 129 1337 1586 797 972 975 586 518 967 846
76 217 435 704 309 162 432 219 1139 0 249 305 716 72 548 454 952 255 470 1347 459 1088 706 666 545 1077 340 1193 323 244 743 445 798 1070 577 474 679 577 818 723 707 344 188 1201 996 593 379 578 268 582 239 602 472 566 819 364 244 126 1306 74 1243 512 701 464 258 204 685 825 221 333
198 220 286 555 226 164 210 221 1135 249 0 391 567 202 399 305 948 34 248 1343 238 1084 702 518 396 1073 192 1189 150 240 595 440 794 1066 428 325 530 356 814 719 558 195 281 1197 992 444 231 429 382 361 91 380 324 344 597 142 194 276 1301 200 1239 290 552 460 344 297 681 821 314 329
282 249 577 846 305 317 432 251 1019 305 391 0 858 277 690 596 831 397 471 1227 460 968 586 808 687 956 482 1073 319 199 885 324 678 950 719 616 821 713 697 603 849 486 153 1080 876 735 521 720 95 718 381 612 614 576 829 499 241 202 1185 280 1122 594 843 344 117 136 564 705 128 212
665 686 449 255 766 631 750 688 1602 716 567 858 0 669 325 377 1414 573 788 1810 777 1551 1169 155 208 1539 441 1656 690 707 188 907 1261 1532 179 397 57 834 1280 1186 252 444 748 1663 1459 156 376 212 848 839 522 795 395 822 1076 570 661 743 1669 667 1705 769 257 927 811 764 1147 1288 781 795
49 169 387 656 282 114 384 171 1112 72 202 277 669 0 500 406 924 208 423 1320 412 1061 679 619 497 1049 293 1166 296 217 696 417 771 1042 529 426 631 530 790 696 659 297 161 1173 969 545 332 530 241 535 192 554 425 518 772 317 217 99 1278 46 1215 465 653 437 230 177 657 798 194 305
496 518 318 231 597 463 581 520 1433 548 399 690 325 500 0 165 1246 405 620 1641 609 1383 1000 414 293 1371 248 1488 522 538 305 739 1092 1364 324 184 336 666 1112 1017 234 244 580 1495 1290 340 245 281 680 671 354 573 155 644 897 401 492 575 1448 498 1537 600 228 759 643 596 979 1120 613 627
403 424 187 342 503 369 488 426 1339 454 305 596 377 406 165 0 1152 311 526 1547 515 1289 906 327 206 1277 179 1394 428 444 404 645 998 1270 237 54 339 572 1018 923 345 182 486 1401 1196 254 114 238 586 577 260 596 53 560 813 307 399 481 1506 404 1443 506 339 665 549 502 885 1026 519 533
929 970 1133 1402 862 1011 989 972 499 952 948 831 1414 924 1246 1152 0 954 1027 589 1016 457 274 1365 1243 263 1039 641 876 756 1442 548 214 330 1275 1172 1377 1269 401 250 1405 1042 805 408 291 1291 1078 1276 894 1274 938 1168 1171 1133 1386 1056 797 849 753 927 463 1150 1399 610 784 788 295 158 780 659
204 226 292 561 230 170 214 227 1141 255 34 397 573 208 405 311 954 0 252 1349 241 1090 708 524 402 1079 198 1195 154 246 600 446 800 1072 434 331 536 359 820 725 564 201 287 1203 998 450 236 435 388 364 96 383 330 348 601 146 200 282 1307 206 1244 294 558 466 350 303 686 827 320 334
419 441 507 760 263 385 76 442 1214 470 248 471 788 423 620 526 1027 252 0 1422 70 1164 781 739 617 1152 413 1269 187 319 815 520 873 1145 649 546 751 437 893 798 763 416 361 1276 1071 665 451 650 494 442 311 180 545 145 398 314 320 372 1258 421 1318 162 757 540 424 377 760 901 394 408
1324 1365 1528 1786 1257 1407 1384 1367 255 1347 1343 1227 1810 1320 1641 1547 589 1349 1422 0 1412 321 724 1760 1638 363 1434 208 1271 1151 1837 943 664 366 1670 1567 1772 1664 555 700 1789 1438 1200 214 438 1686 1473 1671 1289 1669 1333 1438 1566 1509 1762 1451 1192 1245 320 1322 155 1527 1783 1005 1180 1183 745 608 1175 1054
408 430 496 765 252 374 65 431 1204 459 238 460 777 412 609 515 1016 241 70 1412 0 1153 770 728 606 1141 402 1258 177 308 805 509 862 1134 638 535 740 448 882 788 768 406 350 1265 1061 654 441 639 483 453 301 191 534 155 408 303 309 361 1269 410 1307 173 762 529 413 366 749 890 383 397
1066 1106 1270 1538 998 1148 1125 1108 193 1088 1084 968 1551 1061 1383 1289 457 1090 1164 321 1153 0 557 1501 1380 232 1175 248 1012 892 1578 685 511 170 1412 1309 1514 1406 307 547 1542 1179 941 140 223 1428 1214 1413 1030 1410 1074 1305 1307 1269 1522 1192 933 986 360 1063 195 1287 1536 747 921 924 535 455 916 796
683 724 887 1156 616 766 743 726 607 706 702 586 1169 679 1000 906 274 708 781 724 770 557 0 1119 997 399 793 662 630 510 1196 302 118 466 1029 926 1131 1023 286 43 1159 797 559 543 426 1045 832 1030 648 1028 692 922 925 887 1140 810 551 604 774 681 598 904 1153 364 539 542 84 145 534 413
615 637 354 364 716 582 700 638 1552 666 518 808 155 619 414 327 1365 524 739 1760 728 1501 1119 0 158 1490 391 1606 641 657 297 858 1211 1483 129 347 118 784 1231 1136 361 395 698 1614 1409 107 327 249 799 789 473 809 346 773 1026 520 611 694 1718 617 1656 719 366 877 761 715 1098 1238 732 746
494 515 278 268 595 460 579 517 1430 545 396 687 208 497 293 206 1243 402 617 1638 606 1380 997 158 0 1368 270 1485 519 535 293 736 1089 1361 68 226 170 663 1109 1014 271 273 577 1492 1287 84 205 127 677 668 351 687 224 651 904 399 490 572 1597 496 1534 597 265 756 640 593 976 1117 610 624
1054 1095 1258 1527 987 1136 1114 1097 273 1077 1073 956 1539 1049 1371 1277 263 1079 1152 363 1141 232 399 1490 1368 0 1164 416 1001 881 1567 673 339 105 1400 1297 1502 1394 303 375 1530 1168 930 182 112 1416 1203 1401 1019 1399 1063 1293 1296 1258 1511 1181 922 974 528 1052 237 1275 1524 735 909 913 420 283 905 784
289 311 160 425 390 255 374 312 1226 340 192 482 441 293 248 179 1039 198 413 1434 402 1175 793 391 270 1164 0 1280 315 331 468 532 885 1157 301 198 403 458 905 810 428 69 372 1288 1083 318 104 302 473 463 147 483 197 447 700 194 285 368 1392 291 1330 393 422 551 435 388 772 912 405 420
1171 1211 1375 1612 1103 1253 1230 1213 190 1193 1189 1073 1656 1166 1488 1394 641 1195 1269 208 1258 248 662 1606 1485 416 1280 0 1117 997 1683 790 714 389 1516 1414 1618 1511 401 679 1615 1284 1046 267 426 1533 1319 1518 1135 1515 1179 1264 1412 1335 1588 1297 1038 1091 146 1168 207 1352 1609 852 1026 1029 640 657 1021 901
301 341 409 678 111 287 149 343 1063 323 150 319 690 296 522 428 876 154 187 1271 177 1012 630 641 519 1001 315 1117 0 168 717 368 722 994 551 448 653 429 742 647 681 318 209 1125 920 567 353 552 343 434 213 328 446 293 546 216 168 221 1229 298 1167 310 675 388 272 225 609 749 242 257
221 262 425 694 154 304 281 264 943 244 240 199 707 217 538 444 756 246 319 1151 308 892 510 657 535 881 331 997 168 0 734 248 602 874 567 464 669 561 622 527 697 335 130 1005 800 583 370 568 262 566 230 460 463 425 678 348 89 142 1109 219 1046 442 691 268 152 146 488 629 147 136
692 714 476 129 793 658 777 715 1629 743 595 885 188 696 305 404 1442 600 815 1837 805 1578 1196 297 293 1567 468 1683 717 734 0 934 1288 1560 321 424 199 861 1308 1213 126 472 775 1691 1486 298 403 192 876 866 550 698 406 769 1022 597 688 770 1573 694 1732 787 131 954 838 791 1174 1315 808 822
422 462 626 895 354 504 481 464 735 445 440 324 907 417 739 645 548 446 520 943 509 685 302 858 736 673 532 790 368 248 934 0 394 666 768 665 870 762 414 319 898 535 297 797 592 784 570 769 387 767 430 661 663 625 878 548 290 342 902 420 839 643 892 103 277 280 281 422 272 152
775 816 979 1248 708 858 835 818 574 798 794 678 1261 771 1092 998 214 800 873 664 862 511 118 1211 1089 339 885 714 722 602 1288 394 0 406 1121 1018 1223 1115 359 94 1251 889 651 483 366 1137 924 1122 740 1120 784 1014 1017 979 1232 902 643 696 826 773 538 996 1245 456 631 634 139 85 626 505
1047 1088 1251 1520 980 1129 1107 1090 276 1070 1066 950 1532 1042 1364 1270 330 1072 1145 366 1134 170 466 1483 1361 105 1157 389 994 874 1560 666 406 0 1393 1290 1495 1387 288 442 1523 1161 923 185 179 1409 1196 1394 1012 1392 1056 1286 1289 1251 1504 1174 915 967 501 1045 240 1268 1517 728 902 906 487 350 898 777
525 547 310 299 626 492 610 549 1462 577 428 719 179 529 324 237 1275 434 649 1670 638 1412 1029 129 68 1400 301 1516 551 567 321 768 1121 1393 0 257 141 695 1141 1046 303 305 608 1524 1319 88 237 159 709 699 383 719 256 683 936 430 521 604 1629 527 1566 629 297 787 672 625 1008 1148 642 656
422 444 207 361 523 389 507 446 1359 474 325 616 397 426 184 54 1172 331 546 1567 535 1309 926 347 226 1297 198 1414 448 464 424 665 1018 1290 257 0 359 592 1038 943 364 202 506 1421 1216 273 134 258 606 597 280 616 72 580 833 327 418 501 1526 424 1463 526 358 685 569 522 905 1046 539 553
627 649 412 266 728 594 712 651 1564 679 530 821 57 631 336 339 1377 536 751 1772 740 1514 1131 118 170 1502 403 1618 653 669 199 870 1223 1495 141 359 0 797 1243 1148 263 407 710 1626 1421 119 339 223 811 801 485 806 358 785 1038 532 623 706 1680 629 1668 731 268 890 774 727 1110 1250 744 758
526 548 553 822 505 492 474 549 1456 577 356 713 834 530 666 572 1269 359 437 1664 448 1406 1023 784 663 1394 458 1511 429 561 861 762 1115 1387 695 592 797 0 1135 1040 825 462 603 1518 1313 711 497 696 710 74 419 402 590 367 620 291 522 605 1480 528 1560 313 819 782 666 619 1002 1143 636 650
795 836 999 1268 728 877 855 838 347 818 814 697 1280 790 1112 1018 401 820 893 555 882 307 286 1231 1109 303 905 401 742 622 1308 414 359 288 1141 1038 1243 1135 0 303 1271 908 671 419 214 1157 944 1142 760 1140 804 1034 1037 998 1252 922 663 715 514 793 451 1016 1265 476 650 654 265 303 646 525
700 741 904 1173 633 783 760 743 610 723 719 603 1186 696 1017 923 250 725 798 700 788 547 43 1136 1014 375 810 679 647 527 1213 319 94 442 1046 943 1148 1040 303 0 1176 814 576 519 402 1062 849 1047 665 1045 709 939 942 904 1157 827 568 621 791 698 574 921 1171 381 556 559 64 121 551 431
656 677 440 62 756 622 741 679 1592 707 558 849 252 659 234 345 1405 564 737 1764 747 1542 1159 361 271 1530 428 1590 681 697 126 898 1251 1523 303 364 263 825 1271 1176 0 424 739 1654 1449 319 367 227 839 830 513 595 335 666 919 561 652 734 1470 657 1696 684 64 918 802 755 1138 1279 772 786
293 314 163 421 394 259 378 316 1230 344 195 486 444 297 244 182 1042 201 416 1438 406 1179 797 395 273 1168 69 1284 318 335 472 535 889 1161 305 202 407 462 908 814 424 0 376 1291 1087 321 108 306 476 467 151 486 201 451 704 198 289 371 1396 295 1333 397 418 555 439 392 775 916 409 423
165 206 467 735 195 251 322 208 992 188 281 153 748 161 580 486 805 287 361 1200 350 941 559 698 577 930 372 1046 209 130 775 297 651 923 608 506 710 603 671 576 739 376 0 1054 849 625 411 610 208 607 271 502 504 466 719 389 130 86 1158 163 1095 484 733 317 106 90 537 678 101 185
1178 1219 1382 1651 1111 1260 1238 1221 124 1201 1197 1080 1663 1173 1495 1401 408 1203 1276 214 1265 140 543 1614 1492 182 1288 267 1125 1005 1691 797 483 185 1524 1421 1626 1518 419 519 1654 1291 1054 0 256 1540 1327 1525 1143 1523 1187 1417 1420 1382 1635 1305 1046 1098 379 1176 88 1399 1648 859 1033 1037 564 427 1029 908
973 1014 1177 1446 906 1056 1033 1016 347 996 992 876 1459 969 1290 1196 291 998 1071 438 1061 223 426 1409 1287 112 1083 426 920 800 1486 592 366 179 1319 1216 1421 1313 214 402 1449 1087 849 256 0 1335 1122 1320 938 1318 982 1212 1215 1177 1430 1100 841 894 538 971 311 1194 1443 654 829 832 443 310 824 703
541 563 326 316 642 508 626 565 1478 593 444 735 156 545 340 254 1291 450 665 1686 654 1428 1045 107 84 1416 318 1533 567 583 298 784 1137 1409 88 273 119 711 1157 1062 319 321 625 1540 1335 0 253 175 725 716 399 735 272 699 952 446 538 620 1645 543 1582 645 313 804 688 641 1024 1165 658 672
328 350 177 364 429 294 413 351 1265 379 231 521 376 332 245 114 1078 236 451 1473 441 1214 832 327 205 1203 104 1319 353 370 403 570 924 1196 237 134 339 497 944 849 367 108 411 1327 1122 253 0 238 512 502 186 521 133 486 739 233 324 406 1431 330 1368 432 361 590 474 427 810 951 444 458
526 548 311 223 627 493 611 550 1463 578 429 720 212 530 281 238 1276 435 650 1671 639 1413 1030 249 127 1401 302 1518 552 568 192 769 1122 1394 159 258 223 696 1142 1047 227 306 610 1525 1320 175 238 0 710 701 384 720 257 684 937 431 522 605 1625 528 1567 630 221 789 673 626 1009 1149 643 657
246 188 567 836 329 256 456 190 1081 268 382 95 848 241 680 586 894 388 494 1289 483 1030 648 799 677 1019 473 1135 343 262 876 387 740 1012 709 606 811 710 760 665 839 476 208 1143 938 725 512 710 0 715 372 635 605 599 853 496 264 166 1247 243 1185 617 833 406 145 198 627 767 190 275
531 553 558 826 510 497 479 554 1461 582 361 718 839 535 671 577 1274 364 442 1669 453 1410 1028 789 668 1399 463 1515 434 566 866 767 1120 1392 699 597 801 74 1140 1045 830 467 607 1523 1318 716 502 701 715 0 424 407 595 371 625 296 527 609 1485 533 1565 318 824 786 671 624 1007 1147 641 655
188 210 241 510 289 154 273 211 1125 239 91 381 522 192 354 260 938 96 311 1333 301 1074 692 473 351 1063 147 1179 213 230 550 430 784 1056 383 280 485 419 804 709 513 151 271 1187 982 399 186 384 372 424 0 443 279 407 660 186 184 266 1291 190 1228 353 507 450 334 287 670 811 304 319
550 572 577 618 404 517 217 574 1355 602 380 612 821 554 600 596 1168 383 180 1411 191 1305 922 809 687 1293 483 1237 328 460 725 661 1014 1286 719 616 821 402 1034 939 622 486 502 1417 1212 735 521 720 635 407 443 0 614 110 363 315 461 513 1117 552 1411 127 616 681 565 518 901 1042 535 549
421 443 206 332 522 387 506 444 1358 472 324 614 395 425 155 53 1171 330 545 1566 534 1307 925 346 224 1296 197 1412 446 463 406 663 1017 1289 256 72 358 590 1037 942 335 201 504 1420 1215 272 133 257 605 595 279 614 0 579 832 326 417 499 1524 423 1461 525 329 683 567 520 903 1044 537 552
514 536 541 689 368 481 181 538 1320 566 344 576 822 518 654 560 1133 348 145 1481 155 1269 887 773 651 1258 447 1307 293 425 795 625 979 1251 683 580 785 367 998 904 692 451 466 1382 1177 699 486 684 599 371 407 110 579 0 288 279 425 478 1188 516 1423 92 686 645 529 482 865 1006 499 513
732 754 759 906 586 698 399 755 1537 783 562 794 1040 736 872 778 1350 565 362 1699 373 1487 1104 990 869 1475 664 1525 510 642 1013 843 1196 1468 901 798 1003 584 1216 1121 910 668 684 1599 1394 917 703 902 817 589 625 327 796 253 0 497 643 695 1405 734 1641 309 904 863 747 700 1083 1224 717 731
313 334 289 557 291 279 275 336 1243 364 142 499 570 317 401 307 1056 146 314 1451 303 1192 810 520 399 1181 194 1297 216 348 597 548 902 1174 430 327 532 291 922 827 561 198 389 1305 1100 446 233 431 496 296 186 315 326 279 532 0 309 391 1393 315 1346 225 555 568 452 405 788 929 422 437
222 262 380 648 154 258 281 264 984 244 194 241 661 217 492 399 797 200 320 1192 309 933 551 611 490 922 285 1038 168 89 688 290 643 915 521 418 623 522 663 568 652 289 130 1046 841 538 324 522 264 527 184 461 417 425 678 309 0 142 1151 219 1088 443 646 309 193 147 530 670 164 178
103 164 462 731 207 189 334 166 1037 126 276 202 743 99 575 481 849 282 372 1245 361 986 604 694 572 974 368 1091 221 142 770 342 696 967 604 501 706 605 715 621 734 371 86 1098 894 620 406 605 166 609 266 513 499 478 731 391 142 0 1203 101 1140 495 728 362 155 102 582 723 119 230
1283 1323 1487 1492 1215 1365 1322 1325 302 1306 1301 1185 1695 1278 1473 1506 753 1307 1286 320 1296 360 774 1718 1597 528 1392 146 1229 1109 1598 902 826 501 1629 1526 1706 1508 514 791 1495 1396 1158 379 538 1645 1431 1630 1247 1513 1291 1144 1524 1215 1468 1409 1151 1203 0 1280 320 1233 1489 964 1138 1141 752 770 1133 1013
51 168 385 654 284 112 382 169 1114 74 200 280 667 46 498 404 927 206 421 1322 410 1063 681 617 496 1052 291 1168 298 219 694 420 773 1045 527 424 629 528 793 698 657 295 163 1176 971 543 330 528 243 533 190 552 423 516 770 315 219 101 1280 0 1218 463 652 439 233 179 660 800 196 308
1220 1260 1424 1693 1153 1302 1279 1263 129 1243 1239 1122 1705 1215 1537 1443 463 1244 1318 155 1307 195 598 1656 1534 237 1330 207 1167 1046 1732 839 538 240 1566 1463 1668 1560 451 574 1696 1333 1095 88 311 1582 1368 1567 1185 1565 1228 1438 1461 1423 1676 1346 1088 1140 320 1218 0 1441 1690 901 1075 1079 619 482 1070 950
461 482 487 707 386 427 199 484 1337 512 290 594 769 465 600 506 1150 294 162 1499 173 1287 904 719 597 1275 393 1325 310 442 796 643 996 1268 629 526 731 313 1016 921 710 397 484 1399 1194 645 432 630 617 318 353 127 525 92 345 225 443 495 1205 463 1441 0 704 663 547 500 883 1024 517 531
650 671 434 62 751 616 735 673 1586 701 552 843 257 653 228 339 1399 558 731 1758 741 1536 1153 366 265 1524 422 1584 675 691 131 892 1245 1517 297 358 268 819 1265 1171 64 418 733 1648 1443 313 361 221 833 824 507 589 329 660 913 555 646 728 1464 652 1690 678 0 912 796 749 1132 1273 766 780
785 826 989 1258 718 867 845 828 942 808 804 687 1270 780 1102 1008 755 810 883 1150 872 891 509 1221 1099 880 895 996 732 612 1298 404 601 873 1131 1028 1233 1125 621 526 1261 898 661 1004 799 1147 933 1132 750 1130 794 1024 1027 988 1242 912 653 705 1108 783 1045 1006 1255 0 640 644 487 628 636 515
235 275 530 798 258 320 385 278 972 258 344 117 811 230 643 549 784 350 424 1180 413 921 539 761 640 909 435 1026 272 152 838 277 631 902 672 569 774 666 650 556 802 439 106 1033 829 688 474 673 145 671 334 565 567 529 782 452 193 155 1138 233 1075 547 796 297 0 89 517 658 81 165
182 222 483 752 211 267 338 224 975 204 297 136 764 177 596 502 788 303 377 1183 366 924 542 715 593 913 388 1029 225 146 791 280 634 906 625 522 727 619 654 559 755 392 90 1037 832 641 427 626 198 624 287 518 520 482 735 405 147 102 1141 179 1079 500 749 300 89 0 521 661 84 169
662 702 866 1135 594 744 721 705 586 685 681 564 1147 657 979 885 295 686 760 745 749 535 84 1098 976 420 772 640 609 488 1174 281 139 487 1008 905 1110 1002 265 64 1138 775 537 564 443 1024 810 1009 627 1007 670 901 903 865 1118 788 530 582 752 660 619 883 1132 343 517 521 0 166 512 392
803 843 1007 1275 735 885 862 845 518 825 821 705 1288 798 1120 1026 158 827 901 608 890 455 145 1238 1117 283 912 657 749 629 1315 422 85 350 1148 1046 1250 1143 303 121 1279 916 678 427 310 1165 951 1149 767 1147 811 1042 1044 1006 1259 929 670 723 770 800 482 1024 1273 484 658 661 166 0 653 533
199 239 500 769 228 284 355 241 967 221 314 128 781 194 613 519 780 320 394 1175 383 916 534 732 610 905 405 1021 242 147 808 272 626 898 642 539 744 636 646 551 772 409 101 1029 824 658 444 643 190 641 304 535 537 499 752 422 164 119 1133 196 1070 517 766 292 81 84 512 653 0 160
310 350 514 783 243 392 369 353 846 333 329 212 795 305 627 533 659 334 408 1054 397 796 413 746 624 784 420 901 257 136 822 152 505 777 656 553 758 650 525 431 786 423 185 908 703 672 458 657 275 655 319 549 552 513 767 437 178 230 1013 308 950 531 780 172 165 169 392 533 160 0
EOF