NAME : tsp_problem
TYPE : TSP
DIMENSION : 36
EDGE_WEIGHT_TYPE : EXPLICIT
EDGE_WEIGHT_FORMAT : FULL_MATRIX
EDGE_WEIGHT_SECTION
0 529 634 782 83 611 567 424 834 326 151 826 487 846 643 238 416 741 435 1024 373 513 772 173 723 711 632 241 106 495 876 628 725 1113 301 1030
529 0 725 1173 520 1002 658 157 1226 488 422 1218 879 508 1035 456 807 832 134 1416 535 905 292 506 243 231 723 431 593 78 1268 719 1117 1505 274 1421
634 725 0 1278 624 1107 217 619 1330 348 566 1323 983 726 1139 445 912 391 630 1520 299 1010 846 686 919 907 35 667 698 690 1373 49 1221 1379 558 1526
782 1173 1278 0 787 205 1212 1068 195 970 795 187 327 1490 332 882 734 1386 1079 268 1017 400 1416 915 1367 1355 1276 982 810 1139 194 1272 224 456 945 274
83 520 624 787 0 616 558 414 840 317 141 832 492 836 648 228 421 732 425 1029 364 519 762 164 714 702 623 232 112 485 882 619 730 1119 292 1035
611 1002 1107 205 616 0 1040 897 248 799 624 240 156 1319 279 711 563 1214 907 448 846 229 1245 744 1196 1184 1105 811 639 967 290 1101 310 527 774 453
567 658 217 1212 558 1040 0 553 1264 282 500 1256 917 659 1073 379 846 193 564 1454 233 943 780 620 852 840 215 600 632 623 1306 211 1155 1312 491 1459
424 157 619 1068 414 897 553 0 1120 382 316 1112 773 511 929 351 702 727 73 1310 430 799 400 400 351 339 617 325 488 122 1162 613 1011 1399 168 1316
834 1226 1330 195 840 248 1264 1120 0 1023 847 80 380 1542 482 935 786 1438 1131 231 1070 452 1468 967 1420 1408 1329 1035 863 1191 72 1325 374 309 998 236
326 488 348 970 317 799 282 382 1023 0 258 1015 675 712 831 138 604 456 393 1212 88 702 730 378 682 670 347 369 390 453 1065 343 913 1302 260 1218
151 422 566 795 141 624 500 316 847 258 0 839 500 738 656 170 429 674 327 1037 305 526 664 203 616 604 564 270 215 387 889 560 738 1126 194 1043
826 1218 1323 187 832 240 1256 1112 80 1015 839 0 372 1534 474 927 778 1430 1123 238 1062 444 1460 959 1412 1400 1321 1027 855 1183 79 1317 366 316 990 244
487 879 983 327 492 156 917 773 380 675 500 372 0 1195 235 587 439 1091 784 570 723 105 1121 620 1073 1061 982 688 515 844 422 978 270 659 651 575
820 903 549 1464 811 1293 483 805 1513 535 752 1509 1170 0 1326 632 1098 657 816 1563 486 1196 723 873 1023 791 547 853 884 868 1491 543 1408 1256 744 1562
643 1035 1139 332 648 279 1073 929 482 831 656 474 235 1351 0 743 595 1247 940 434 879 155 1277 776 1229 1217 1137 844 671 1000 500 1134 220 761 806 440
238 456 445 882 228 711 379 351 935 138 170 927 587 773 743 0 516 553 362 1124 185 614 699 290 651 639 444 337 302 422 977 440 825 1214 228 1130
538 930 1034 657 543 486 968 824 710 726 551 702 362 1246 518 638 0 1142 835 899 774 389 1172 671 1124 1112 1033 739 566 895 752 1029 600 989 702 905
572 663 255 1216 563 1045 189 557 1269 287 504 1261 922 664 1078 384 850 0 568 1459 238 948 784 625 857 845 254 605 636 628 1311 250 1160 1317 496 1464
435 134 630 1079 425 907 564 73 1131 393 327 1123 784 487 940 362 713 738 0 1321 441 810 376 411 328 316 628 336 499 99 1173 624 1022 1410 179 1327
1024 1416 1520 268 1029 448 1454 1310 231 1212 1037 238 570 1732 434 1124 976 1628 1321 0 1260 558 1658 1157 1610 1598 1519 1225 1052 1381 183 1515 347 359 1188 85
373 535 299 1017 364 846 233 430 1070 88 305 1062 723 663 879 185 651 407 441 1260 0 749 778 426 729 717 298 416 437 501 1112 294 961 1316 307 1265
513 905 1010 400 519 229 943 799 452 702 526 444 105 1222 155 614 466 1117 810 558 749 0 1147 646 1099 1087 1008 714 542 870 494 1004 343 731 677 564
772 292 820 1416 762 1245 753 400 1468 730 664 1460 1121 328 1277 699 1050 927 376 1658 756 1147 0 748 379 158 818 673 836 321 1510 814 1359 1526 516 1664
173 506 686 915 164 744 620 400 967 378 203 959 620 822 776 290 549 794 411 1157 426 646 748 0 700 688 684 160 244 471 1009 681 858 1246 277 1163
723 243 919 1367 714 1196 852 351 1420 682 616 1412 1073 628 1229 651 1001 1026 328 1610 729 1099 379 700 0 259 917 625 787 272 1462 913 1311 1699 468 1615
711 231 888 1355 702 1184 821 339 1408 670 604 1400 1061 396 1217 639 989 995 316 1598 717 1087 158 688 259 0 886 613 775 260 1450 882 1299 1594 456 1603
632 723 35 1276 623 1105 215 617 1329 347 564 1321 982 724 1137 444 910 389 628 1519 298 1008 844 684 917 905 0 665 696 688 1371 31 1219 1377 556 1524
241 431 667 982 232 811 600 325 1035 369 270 1027 688 747 844 337 616 774 336 1225 416 714 673 160 625 613 665 0 312 396 1077 661 926 1314 202 1230
106 593 698 810 112 639 632 488 863 390 215 855 515 910 671 302 444 806 499 1052 437 542 836 244 787 775 696 312 0 559 905 692 753 1141 365 1058
495 78 690 1139 485 967 623 122 1191 453 387 1183 844 473 1000 422 773 797 99 1381 501 870 321 471 272 260 688 396 559 0 1233 684 1082 1470 239 1387
876 1268 1373 194 882 290 1306 1162 72 1065 889 79 422 1585 500 977 829 1480 1173 183 1112 494 1510 1009 1462 1450 1371 1077 905 1233 0 1367 392 287 1040 189
628 719 49 1272 619 1101 211 613 1325 343 560 1317 978 720 1134 440 906 385 624 1515 294 1004 840 681 913 901 31 661 692 684 1367 0 1216 1373 552 1520
725 1117 1221 224 730 310 1155 1011 374 913 738 366 270 1433 220 825 677 1329 1022 347 961 343 1359 858 1311 1299 1219 926 753 1082 392 1216 0 653 888 352
1113 1505 1406 456 1119 527 1340 1399 309 1302 1126 316 659 1431 761 1214 1065 1514 1410 359 1343 731 1552 1246 1699 1620 1405 1314 1141 1470 287 1401 653 0 1277 358
301 274 558 945 292 774 491 168 998 260 194 990 651 590 806 228 579 665 179 1188 307 677 516 277 468 456 556 202 365 239 1040 552 888 1277 0 1193
1030 1421 1526 274 1035 453 1459 1316 236 1218 1043 244 575 1738 440 1130 982 1633 1327 85 1265 564 1664 1163 1615 1603 1524 1230 1058 1387 189 1520 352 358 1193 0
EOF