NAME : tsp_problem
TYPE : TSP
DIMENSION : 30
EDGE_WEIGHT_TYPE : EXPLICIT
EDGE_WEIGHT_FORMAT : FULL_MATRIX
EDGE_WEIGHT_SECTION
0 466 990 559 815 1227 485 663 706 1236 841 860 311 1222 1367 521 133 435 452 1341 1243 459 536 507 194 1328 670 481 1390 816
466 0 920 201 744 1156 127 232 368 1165 574 467 426 1152 1296 162 457 364 279 1355 1172 286 390 148 590 1257 470 77 1404 458
990 920 0 1013 641 260 939 1117 1180 269 1387 1314 1075 353 400 974 910 668 685 556 276 692 770 960 1114 459 1282 934 521 1270
559 201 1013 0 837 1249 116 371 220 1258 482 558 519 1245 1390 227 550 457 372 1448 1265 379 483 88 683 1350 342 215 1497 440
972 901 599 994 0 836 920 1098 1161 845 1368 1295 1056 831 976 956 891 649 666 1034 851 673 751 941 1095 937 1263 915 1083 1251
1227 1156 260 1249 878 0 1175 1353 1417 72 1623 1550 1312 116 162 1211 1147 905 922 320 139 929 1006 1197 1351 222 1518 1171 283 1507
485 127 939 116 763 1175 0 324 283 1184 545 521 445 1171 1316 181 476 383 298 1374 1191 305 409 80 609 1277 406 141 1423 477
663 232 1117 371 941 1353 324 0 318 1362 415 262 623 1349 1494 168 654 561 476 1552 1369 483 587 345 787 1454 414 227 1601 349
679 368 1180 220 1005 1417 283 318 0 1426 290 403 686 1412 1557 260 718 625 540 1615 1433 547 650 256 841 1518 162 383 1664 248
1236 1165 269 1258 887 72 1184 1362 1426 0 1632 1559 1320 107 153 1220 1156 914 931 310 148 938 1015 1206 1360 213 1527 1180 274 1515
815 574 1387 482 1211 1623 545 415 290 1632 0 195 893 1618 1763 461 915 831 746 1822 1639 753 857 518 976 1724 205 589 1871 297
860 467 1314 558 1138 1550 521 262 403 1559 195 0 820 1546 1691 388 851 758 673 1749 1566 680 784 542 984 1652 363 462 1798 241
311 426 1075 519 899 1312 445 623 686 1320 893 820 0 1307 1452 481 373 519 441 1510 1327 448 552 466 435 1413 788 440 1559 776
1222 1152 353 1245 873 116 1171 1349 1412 107 1618 1546 1307 0 198 1206 1142 900 917 230 233 924 1002 1192 1346 133 1514 1166 279 1502
1367 1296 400 1390 1018 162 1316 1494 1557 153 1763 1691 1452 198 0 1351 1287 1045 1062 202 179 1069 1146 1337 1491 123 1659 1311 149 1647
521 162 974 227 799 1211 181 168 260 1220 461 388 481 1206 1351 0 512 419 334 1410 1227 341 444 203 645 1312 356 177 1458 344
133 457 910 550 734 1147 476 654 718 1156 924 851 373 1142 1287 512 0 354 371 1345 1162 378 456 498 257 1248 770 472 1394 807
435 364 668 457 493 905 383 561 625 914 831 758 519 900 1045 419 354 0 129 1103 920 136 137 404 559 1006 726 379 1152 714
452 279 685 372 509 922 298 476 540 931 746 673 441 917 1062 334 371 129 0 1120 937 75 231 320 575 1023 641 294 1169 629
1369 1355 556 1448 1077 320 1374 1552 1615 310 1822 1749 1510 230 202 1410 1345 1103 1120 0 352 1127 1205 1395 1530 226 1706 1369 86 1705
1243 1172 276 1265 894 139 1191 1369 1433 148 1639 1566 1327 233 179 1227 1162 920 937 352 0 944 1022 1213 1367 274 1534 1187 300 1522
459 286 692 379 517 929 305 483 547 938 753 680 448 924 1069 341 378 136 75 1127 944 0 238 327 582 1030 648 301 1176 636
536 390 770 483 594 1006 409 587 650 1015 857 784 552 1002 1146 444 456 137 231 1205 1022 238 0 430 660 1107 752 404 1254 740
507 148 960 88 785 1197 80 345 256 1206 518 542 466 1192 1337 203 498 404 320 1395 1213 327 430 0 631 1298 378 163 1444 476
194 590 1114 683 939 1351 609 787 851 1360 1003 984 435 1346 1491 645 257 559 575 1503 1367 582 660 631 0 1452 831 605 1552 940
1328 1257 459 1350 979 222 1277 1454 1518 213 1724 1652 1413 133 123 1312 1248 1006 1023 226 274 1030 1107 1298 1452 0 1620 1272 173 1608
643 470 1282 342 1106 1518 406 414 162 1527 205 363 788 1514 1659 356 744 726 641 1680 1534 648 752 378 805 1620 0 484 1729 269
481 77 934 215 759 1171 141 227 383 1180 589 462 440 1166 1311 177 472 379 294 1369 1187 301 404 163 605 1272 484 0 1418 472
1418 1404 521 1497 1125 283 1423 1601 1664 274 1871 1798 1559 279 149 1458 1394 1152 1169 86 300 1176 1254 1444 1579 173 1754 1418 0 1754
816 458 1270 440 1094 1507 477 349 248 1515 297 241 776 1502 1647 344 807 714 629 1705 1522 636 740 476 940 1608 269 472 1754 0
EOF