NAME : tsp_problem
TYPE : TSP
DIMENSION : 30
EDGE_WEIGHT_TYPE : EXPLICIT
EDGE_WEIGHT_FORMAT : FULL_MATRIX
EDGE_WEIGHT_SECTION
0 582 865 1077 1273 541 957 188 1320 1042 1296 681 970 202 457 1246 285 763 523 824 686 637 1359 1289 1169 1027 949 838 1064 69
582 0 320 532 727 1038 412 635 775 497 751 135 425 585 358 701 837 1054 1020 279 389 928 814 744 623 481 404 293 519 541
865 320 0 508 448 1322 387 919 751 473 727 377 404 869 642 677 1121 1304 1304 139 672 1212 790 465 599 202 379 413 494 825
1077 532 508 0 844 1533 240 1131 426 148 395 589 402 1080 854 247 1333 1524 1516 397 884 1424 415 860 275 598 322 483 170 1037
1158 613 334 730 0 1568 609 1212 973 694 949 670 682 1162 935 697 1414 1314 1551 432 965 1436 957 429 821 167 601 696 716 1118
541 1038 1322 1533 1710 0 1413 485 1777 1498 1753 1137 1426 525 913 1611 294 281 39 1281 1142 155 1815 1726 1625 1464 1405 1294 1520 581
957 412 387 240 723 1413 0 1010 446 205 459 468 282 960 733 409 1212 1429 1395 277 764 1303 522 740 332 477 201 363 227 917
188 635 919 1131 1326 485 1010 0 1374 1096 1350 734 1024 117 510 1300 229 684 468 878 740 558 1413 1343 1222 1080 1002 891 1117 212
1320 775 751 426 1087 1777 446 1374 0 334 212 832 645 1324 1097 556 1576 1793 1759 640 1127 1667 277 1103 316 841 565 727 309 1280
1042 497 473 148 809 1498 205 1096 334 0 310 553 367 1045 819 354 1298 1514 1481 362 849 1388 373 825 183 563 286 448 89 1002
1296 751 727 395 1063 1753 459 1350 212 310 0 808 621 1300 1073 371 1552 1648 1735 616 1103 1643 201 1079 201 817 541 703 285 1256
681 135 377 589 784 1137 468 734 832 553 808 0 391 684 457 758 936 1153 1119 336 488 1027 871 800 680 538 460 259 575 640
970 425 404 402 796 1426 282 1024 645 367 621 391 0 973 747 571 1226 1442 1409 293 777 1316 684 812 494 550 200 228 389 930
202 585 869 1080 1276 525 960 117 1324 1045 1300 684 973 0 460 1250 290 604 508 828 689 478 1362 1292 1172 1030 952 841 1067 162
457 358 642 854 1049 913 733 510 1097 819 1073 457 747 460 0 1023 712 929 895 601 463 803 1136 1065 945 803 725 614 840 416
1246 701 661 247 785 1586 409 1300 556 354 371 758 571 1250 1023 0 1502 1332 1568 566 1053 1454 315 802 343 539 491 653 376 1206
285 837 1121 1333 1528 294 1212 229 1576 1298 1552 936 1226 290 712 1502 0 516 276 1080 942 390 1615 1545 1424 1282 1204 1094 1320 325
763 1054 1332 1549 1456 281 1429 684 1793 1514 1673 1153 1442 604 929 1357 516 0 263 1297 1158 149 1617 1472 1641 1210 1421 1310 1536 728
523 1020 1304 1516 1692 39 1395 468 1759 1481 1735 1119 1409 508 895 1593 276 263 0 1263 1125 137 1798 1709 1607 1446 1387 1277 1503 563
824 279 139 397 547 1281 277 878 640 362 616 336 293 828 601 566 1080 1297 1263 0 631 1171 679 563 489 301 269 302 384 784
617 518 802 1014 1209 1073 893 670 1257 979 1233 617 907 620 191 1183 872 1089 1055 761 0 963 1296 1226 1105 963 885 774 1000 576
637 928 1212 1424 1578 155 1303 558 1667 1388 1643 1027 1316 478 803 1479 390 149 137 1171 1032 0 1705 1594 1515 1332 1295 1184 1410 602
1359 814 790 415 1045 1815 522 1413 277 373 201 871 684 1362 1136 315 1615 1592 1798 679 1166 1705 0 1062 222 799 604 765 347 1319
1213 667 388 784 368 1622 663 1266 1027 749 1003 724 736 1216 989 752 1468 1368 1605 487 1019 1490 1011 0 875 221 655 750 771 1172
1169 623 599 275 935 1625 332 1222 316 183 201 680 494 1172 945 343 1424 1620 1607 489 976 1515 222 952 0 689 413 575 157 1128
1027 481 202 598 281 1436 477 1080 841 563 817 538 550 1030 803 566 1282 1182 1419 301 833 1304 825 298 689 0 469 564 584 986
949 404 379 322 715 1405 201 1002 565 286 541 460 200 952 725 491 1204 1421 1387 269 756 1295 604 732 413 469 0 355 308 909
838 293 413 483 810 1294 363 891 727 448 703 259 228 841 614 653 1094 1310 1277 302 645 1184 765 827 575 564 355 0 470 798
1064 519 494 170 830 1520 227 1117 309 89 285 575 389 1067 840 376 1320 1536 1503 384 871 1410 347 847 157 584 308 470 0 1024
69 541 825 1037 1232 581 917 212 1280 1002 1256 640 930 162 416 1206 325 728 563 784 646 602 1319 1249 1128 986 909 798 1024 0
EOF