NAME : tsp_problem
TYPE : TSP
DIMENSION : 52
EDGE_WEIGHT_TYPE : EXPLICIT
EDGE_WEIGHT_FORMAT : FULL_MATRIX
EDGE_WEIGHT_SECTION
0 1177 413 347 772 258 712 224 490 1329 1295 625 367 945 540 592 261 297 186 176 1296 545 521 705 409 265 301 597 485 283 243 696 321 501 438 326 938 370 351 881 292 293 1266 268 471 361 336 306 1075 297 952 76
1177 0 1376 1310 425 1073 1120 1039 1454 216 161 1588 1188 413 1503 1555 1403 1376 1122 1043 390 1508 1484 514 1372 1407 1264 599 1626 937 1384 1660 1284 1465 1401 1289 290 1330 1166 338 1433 991 132 1410 1613 914 1299 1394 129 924 250 1127
413 1376 0 118 971 345 911 424 163 1528 1495 288 425 1144 213 254 567 416 501 428 1496 208 194 904 71 572 230 797 791 482 494 359 250 174 101 255 1137 332 457 1080 473 492 1466 575 778 561 266 433 1274 496 1152 391
347 1310 118 0 905 279 845 357 196 1462 1429 330 359 1078 246 297 501 350 435 362 1430 250 227 838 113 506 164 730 725 416 428 401 184 207 143 189 1071 266 391 1014 407 426 1400 509 712 495 200 367 1208 430 1086 325
772 425 971 905 0 667 715 634 1048 612 557 1183 783 267 1098 1150 997 971 717 638 642 1103 1079 249 967 1002 859 194 1221 532 979 1255 879 1060 996 884 186 925 761 129 1028 586 528 1005 1208 509 894 988 323 519 201 722
258 1073 345 279 667 0 608 120 422 1224 1191 557 269 840 472 524 484 352 204 124 1192 477 453 600 341 488 233 493 708 178 430 628 253 433 370 258 833 302 247 777 409 189 1162 491 694 257 268 369 971 192 848 208
671 880 870 804 475 567 0 533 948 1031 998 1082 682 648 997 1049 897 871 617 537 999 1002 979 407 866 901 758 300 1121 431 879 1154 778 959 895 783 641 825 660 584 928 485 969 904 1107 408 794 888 778 418 655 621
224 1039 424 357 634 120 574 0 501 1191 1157 636 181 807 550 602 450 424 170 91 1158 556 532 567 419 455 312 459 674 145 432 707 332 512 449 337 800 323 159 743 481 155 1129 458 660 223 347 441 937 159 814 174
490 1454 163 196 1048 422 989 501 0 1605 1572 303 502 1222 157 212 645 494 579 505 1573 223 62 981 159 650 308 874 869 560 572 374 328 42 188 333 1215 409 534 1158 551 570 1543 652 855 638 343 511 1352 574 1229 469
1329 216 1528 1462 612 1224 1272 1191 1605 0 165 1740 1340 600 1655 1707 1443 1528 1274 1195 329 1660 1636 700 1524 1540 1416 751 1759 1089 1517 1800 1436 1616 1553 1441 477 1482 1318 525 1567 1143 105 1543 1746 1066 1451 1545 316 1075 436 1279
1295 161 1495 1429 557 1191 1238 1157 1572 165 0 1707 1307 545 1622 1674 1453 1495 1241 1162 339 1627 1603 645 1491 1526 1383 718 1745 1055 1503 1778 1403 1583 1520 1408 422 1449 1285 470 1552 1110 82 1529 1732 1033 1418 1512 261 1042 381 1246
625 1588 288 330 1183 557 1123 636 303 1740 1707 0 637 1356 254 169 779 628 713 640 1708 109 259 1116 258 784 443 1009 1003 694 706 326 462 277 243 467 1349 544 669 1292 685 704 1678 787 990 773 478 645 1486 708 1364 603
367 1188 425 359 783 269 723 181 502 1340 1307 637 0 956 552 604 583 432 319 240 1308 557 533 716 421 588 282 608 807 294 510 709 245 514 450 307 949 164 53 892 489 304 1278 591 794 373 317 449 1086 308 964 324
945 413 1144 1078 267 840 888 807 1222 600 545 1356 956 0 1271 1323 1170 1144 890 811 774 1276 1252 261 1140 1175 1032 367 1394 705 1152 1428 1052 1233 1169 1057 344 1098 934 291 1201 759 516 1178 1381 682 1067 1162 463 692 385 895
540 1503 213 246 1098 472 1038 550 157 1655 1622 254 552 1271 0 153 694 543 628 555 1623 210 143 1031 208 699 357 923 918 609 621 415 377 160 238 382 1264 459 584 1207 600 619 1593 702 905 688 393 560 1401 623 1279 518
592 1555 254 297 1150 524 1090 602 212 1707 1674 169 604 1323 153 0 746 595 680 607 1675 98 169 1083 225 751 409 975 970 661 673 350 429 186 210 434 1316 511 636 1259 652 671 1645 754 957 740 445 612 1453 675 1331 570
261 1403 567 501 997 484 938 450 645 1415 1425 779 583 1170 694 746 0 187 412 402 1113 699 676 930 563 132 455 823 351 508 109 637 475 656 592 480 1163 557 577 1107 158 519 1366 134 337 587 491 173 1301 523 1178 302
297 1376 416 350 971 352 912 424 494 1528 1495 628 432 1144 543 595 187 0 386 376 1266 548 524 904 412 192 304 797 411 482 114 700 324 505 441 329 1137 406 464 1080 93 493 1466 194 397 561 339 107 1275 496 1152 276
186 1122 501 435 717 204 658 170 579 1274 1241 713 319 890 628 680 412 386 0 122 1242 633 609 650 497 417 389 543 636 228 394 785 409 590 526 414 883 459 297 826 443 239 1212 420 623 307 424 403 1021 242 898 137
176 1043 428 362 638 124 578 91 505 1195 1162 640 240 811 555 607 402 376 122 0 1163 560 536 571 424 407 316 464 626 149 384 711 336 516 453 341 804 382 218 747 433 159 1133 410 613 228 351 393 941 163 819 127
1296 390 1496 1430 642 1192 1239 1158 1573 329 339 1708 1308 774 1623 1675 1140 1293 1242 1163 0 1628 1604 800 1492 1238 1384 719 1457 1056 1215 1498 1404 1584 1521 1409 507 1450 1286 572 1265 1111 280 1241 1444 1034 1419 1279 374 1043 468 1247
545 1508 208 250 1103 477 1043 556 223 1660 1627 109 557 1276 210 98 699 548 633 560 1628 0 179 1036 178 704 363 929 923 614 626 303 382 197 163 388 1269 464 589 1212 605 624 1598 707 910 693 398 565 1407 628 1284 523
521 1484 194 227 1079 453 1020 532 62 1636 1603 259 533 1252 143 169 676 524 609 536 1604 179 0 1012 176 680 339 905 899 590 603 331 359 73 161 364 1245 440 565 1188 581 601 1574 683 886 669 374 542 1383 604 1260 499
705 514 904 838 249 600 648 567 981 700 645 1116 716 261 1031 1083 930 904 650 571 800 1036 1012 0 900 935 792 127 1154 465 912 1187 812 992 929 817 415 858 694 358 961 519 617 938 1141 442 827 921 552 451 430 655
409 1372 71 113 967 341 907 419 159 1524 1491 258 421 1140 208 225 563 412 497 424 1492 178 176 900 0 568 226 792 787 478 490 329 246 170 71 251 1133 328 453 1076 469 488 1462 571 774 557 262 429 1270 492 1148 387
265 1407 572 506 1002 488 943 455 650 1513 1523 784 588 1175 699 751 132 192 417 407 1210 704 680 935 568 0 460 828 310 513 114 734 480 661 597 485 1168 561 582 1111 163 524 1464 94 296 592 495 177 1306 527 1183 307
301 1264 230 164 859 233 799 312 308 1416 1383 443 282 1032 357 409 455 304 389 316 1384 363 339 792 226 460 0 685 679 370 382 514 64 319 256 46 1025 146 313 968 361 380 1354 463 666 449 56 321 1162 384 1040 279
597 599 797 730 194 493 540 459 874 751 718 1009 608 367 923 975 823 797 543 464 719 929 905 127 792 828 685 0 1047 357 805 1080 704 885 822 709 360 751 586 303 854 411 689 830 1033 334 720 814 497 344 375 547
371 1513 677 611 1108 594 1048 560 755 1618 1628 889 693 1281 804 856 237 297 522 512 1316 809 786 1040 673 130 565 933 0 619 219 840 585 766 703 590 1274 667 687 1217 268 629 1569 199 402 697 601 283 1411 633 1288 412
283 937 482 416 532 178 472 145 560 1089 1055 694 294 705 609 661 508 482 228 149 1056 614 590 465 478 513 370 357 732 0 490 766 390 571 507 395 698 436 272 641 539 97 1027 516 719 122 405 500 835 57 712 233
243 1384 494 428 979 430 920 432 572 1490 1500 706 510 1152 621 673 109 114 394 384 1188 626 603 912 490 114 382 805 333 490 0 712 402 583 520 407 1145 484 542 1089 85 501 1441 116 319 569 418 100 1283 504 1160 284
696 1660 359 401 1255 628 1195 707 374 1775 1778 326 709 1428 415 350 611 700 785 711 1473 303 331 1187 329 708 514 1080 927 766 685 0 534 348 315 539 1421 615 740 1364 735 776 1726 711 914 844 549 717 1558 780 1435 675
321 1284 250 184 879 253 819 332 328 1436 1403 462 245 1052 377 429 475 324 409 336 1404 382 359 812 246 480 64 704 699 390 402 534 0 339 276 89 1045 110 277 988 381 400 1374 483 686 469 100 341 1182 404 1060 299
501 1465 174 207 1060 433 1000 512 42 1616 1583 277 514 1233 160 186 656 505 590 516 1584 197 73 992 170 661 319 885 880 571 583 348 339 0 179 344 1226 420 545 1169 562 581 1554 663 866 649 354 522 1363 585 1240 480
438 1401 101 143 996 370 937 449 188 1553 1520 243 450 1169 238 210 592 441 526 453 1521 163 161 929 71 597 256 822 816 507 520 315 276 179 0 281 1162 357 482 1105 498 518 1491 600 803 586 291 459 1300 521 1177 416
326 1289 255 189 884 258 824 337 333 1441 1408 467 307 1057 382 434 480 329 414 341 1409 388 364 817 251 485 46 709 704 395 407 539 89 344 281 0 1050 171 338 993 386 405 1379 488 691 474 44 346 1187 409 1065 304
938 290 1137 1071 186 833 881 800 1215 477 422 1349 949 344 1264 1316 1163 1137 883 804 507 1269 1245 415 1133 1168 1025 360 1387 698 1145 1421 1045 1226 1162 1050 0 1091 927 116 1194 752 393 1171 1374 675 1060 1155 188 685 66 888
370 1330 332 266 925 302 866 323 409 1482 1449 544 164 1098 459 511 557 406 459 382 1450 464 440 858 328 561 146 751 781 436 484 615 110 420 357 171 1091 0 196 1035 463 447 1420 564 767 515 181 423 1229 450 1106 349
351 1166 457 391 761 247 701 159 534 1318 1285 669 53 934 584 636 577 464 297 218 1286 589 565 694 453 582 313 586 801 272 542 740 277 545 482 338 927 196 0 870 521 282 1256 585 788 351 349 481 1064 286 942 302
881 338 1080 1014 129 777 824 743 1158 525 470 1292 892 291 1207 1259 1107 1080 826 747 572 1212 1188 358 1076 1111 968 303 1331 641 1089 1364 988 1169 1105 993 116 1035 870 0 1137 695 441 1114 1317 618 1003 1098 253 628 130 831
292 1433 473 407 1028 409 969 481 551 1539 1549 685 489 1201 600 652 158 93 443 433 1237 605 581 961 469 163 361 854 382 539 85 757 381 562 498 386 1194 463 521 1137 0 550 1490 166 369 618 396 79 1332 553 1209 333
293 991 492 426 586 189 526 155 570 1143 1110 704 304 759 619 671 519 493 239 159 1111 624 601 519 488 524 380 411 743 97 501 776 400 581 518 405 752 447 282 695 550 0 1081 526 729 176 416 510 889 111 767 243
1266 132 1466 1400 528 1162 1210 1129 1543 105 82 1678 1278 516 1593 1645 1394 1466 1212 1133 280 1598 1574 617 1462 1491 1354 689 1710 1027 1468 1749 1374 1554 1491 1379 393 1420 1256 441 1518 1081 0 1494 1697 1004 1389 1483 232 1013 353 1217
268 1410 575 509 1005 491 945 458 652 1515 1526 787 591 1178 702 754 134 194 420 410 1213 707 683 938 571 94 463 830 279 516 116 737 483 663 600 488 1171 564 585 1114 166 526 1467 0 266 595 498 180 1308 530 1186 310
449 1591 756 690 1186 672 1126 639 833 1697 1707 968 772 1359 883 935 316 376 601 591 1394 888 864 1119 752 275 644 1012 395 697 298 918 664 844 781 669 1352 745 766 1295 347 707 1648 203 0 776 679 361 1490 711 1367 491
361 914 561 495 509 257 449 223 638 1066 1033 773 373 682 688 740 587 561 307 228 1034 693 669 442 557 592 449 334 811 122 569 844 469 649 586 474 675 515 351 618 618 176 1004 595 798 0 484 578 812 108 690 312
336 1299 266 200 894 268 835 347 343 1451 1418 478 317 1067 393 445 491 339 424 351 1419 398 374 827 262 495 56 720 714 405 418 549 100 354 291 44 1060 181 349 1003 396 416 1389 498 701 484 0 357 1198 419 1075 314
306 1394 433 367 988 369 929 441 511 1545 1512 645 449 1162 560 612 173 107 403 393 1251 565 542 921 429 177 321 814 397 500 100 717 341 522 459 346 1155 423 481 1098 79 510 1483 180 383 578 357 0 1292 514 1169 293
1075 129 1274 1208 323 971 1018 937 1352 316 261 1486 1086 463 1401 1453 1301 1275 1021 941 374 1407 1383 552 1270 1306 1162 497 1525 835 1283 1558 1182 1363 1300 1187 188 1229 1064 253 1332 889 232 1308 1511 812 1198 1292 0 822 148 1025
297 924 496 430 519 192 459 159 574 1075 1042 708 308 692 623 675 523 496 242 163 1043 628 604 451 492 527 384 344 746 57 504 780 404 585 521 409 685 450 286 628 553 111 1013 530 733 108 419 514 822 0 699 247
952 250 1152 1086 201 848 896 814 1229 436 381 1364 964 385 1279 1331 1178 1152 898 819 468 1284 1260 430 1148 1183 1040 375 1402 712 1160 1435 1060 1240 1177 1065 66 1106 942 130 1209 767 353 1186 1389 690 1075 1169 148 699 0 903
76 1127 391 325 722 208 662 174 469 1279 1246 603 324 895 518 570 302 276 137 127 1247 523 499 655 387 307 279 547 526 233 284 675 299 480 416 304 888 349 302 831 333 243 1217 310 513 312 314 293 1025 247 903 0
EOF