NAME : tsp_problem
TYPE : TSP
DIMENSION : 40
EDGE_WEIGHT_TYPE : EXPLICIT
EDGE_WEIGHT_FORMAT : FULL_MATRIX
EDGE_WEIGHT_SECTION
0 236 1047 465 286 341 234 327 844 281 464 785 379 243 407 1015 989 952 1198 875 334 533 577 994 1248 296 237 533 657 446 334 582 575 419 711 261 667 353 968 356
236 0 1236 415 475 208 312 277 1033 358 414 974 375 193 357 1204 1178 1141 1387 1064 284 483 767 1184 1437 293 247 483 847 396 330 448 524 285 578 210 533 526 1157 223
1047 1236 0 1465 845 1335 1163 1328 247 1120 1465 292 1238 1244 1407 150 91 208 212 206 1334 1533 497 181 262 1155 1059 1533 418 1447 1193 1450 1575 1413 1580 1261 1535 1058 114 1350
465 415 1465 0 705 587 542 176 1262 588 88 1204 686 333 258 1434 1408 1371 1617 1293 256 100 996 1413 1667 603 558 258 1076 70 641 828 256 665 957 350 913 756 1387 602
286 475 845 705 0 574 402 567 642 359 704 584 477 483 646 814 787 751 997 673 574 772 376 793 1046 394 298 773 456 686 432 689 814 652 819 500 774 297 766 589
341 208 1335 587 574 0 418 449 1132 464 586 1073 214 366 529 1303 1277 1240 1486 1163 456 655 866 1283 1536 270 312 655 946 568 234 283 697 224 413 383 368 632 1256 68
234 312 1163 542 402 418 0 404 960 206 541 902 456 320 484 1131 1105 1069 1315 991 411 610 694 1111 1364 373 327 610 774 523 411 658 651 496 788 337 743 336 1084 433
327 277 1328 176 567 449 404 0 1125 450 176 1066 548 195 192 1296 1270 1233 1479 1155 118 244 858 1275 1529 465 420 244 938 158 503 690 286 527 820 212 775 618 1249 464
844 1033 247 1262 642 1132 960 1125 0 917 1262 316 1035 1041 1204 207 181 144 403 67 1131 1330 357 194 453 952 856 1330 215 1244 990 1247 1372 1210 1377 1058 1332 855 160 1147
281 358 1120 588 359 464 206 450 917 0 587 859 490 366 530 1089 1063 1026 1272 948 457 656 651 1068 1321 407 311 656 731 569 445 703 697 542 832 384 788 195 1042 479
464 414 1465 88 704 586 541 176 1262 587 0 1203 685 332 192 1433 1407 1370 1616 1293 255 156 995 1412 1666 603 557 257 1075 70 640 827 284 664 957 349 912 755 1386 602
785 974 292 1204 584 1073 902 1066 316 859 1203 0 976 982 1146 415 296 413 477 336 1073 1272 235 447 527 893 797 1272 156 1185 931 1189 1313 1151 1319 999 1274 796 319 1088
379 375 1238 686 477 214 456 548 1035 490 685 976 0 465 628 1206 1180 1143 1389 1066 555 754 768 1185 1439 120 215 754 848 667 83 276 796 395 406 482 361 544 1159 186
243 193 1244 333 483 366 320 195 1041 366 332 982 465 0 202 1212 1186 1149 1395 1072 174 401 774 1191 1445 382 336 401 854 314 420 606 443 444 736 129 691 534 1165 381
407 357 1407 258 646 529 484 192 1204 530 192 1146 628 202 0 1376 1350 1313 1559 1235 111 277 938 1355 1608 545 500 379 1018 239 583 770 421 607 899 292 855 698 1329 544
1015 1204 150 1434 814 1303 1131 1296 207 1089 1433 415 1206 1212 1376 0 162 85 223 167 1303 1502 529 58 273 1123 1027 1502 386 1415 1161 1419 1543 1381 1548 1229 1504 1026 141 1318
989 1178 91 1408 787 1277 1105 1270 181 1063 1407 296 1180 1186 1350 162 0 142 276 140 1277 1475 501 192 326 1097 1001 1476 360 1389 1135 1393 1517 1355 1522 1203 1478 1000 66 1292
952 1141 208 1371 751 1240 1069 1233 144 1026 1370 413 1143 1149 1313 85 142 0 282 104 1240 1439 466 73 331 1060 964 1439 323 1352 1098 1356 1480 1318 1486 1166 1441 963 121 1255
1198 1387 212 1617 997 1486 1315 1479 403 1272 1616 477 1389 1395 1559 223 276 282 0 363 1486 1685 682 255 103 1306 1210 1685 583 1598 1344 1596 1726 1564 1726 1412 1681 1209 290 1501
875 1064 206 1293 673 1163 991 1155 67 948 1293 336 1066 1072 1235 167 140 104 363 0 1162 1361 388 154 412 983 887 1361 246 1275 1021 1278 1403 1241 1408 1089 1363 886 119 1178
334 284 1334 256 574 456 411 118 1131 457 255 1073 555 174 111 1303 1277 1240 1486 1162 0 323 865 1282 1536 472 427 324 945 237 510 697 365 534 826 219 782 625 1256 471
533 483 1533 100 772 655 610 244 1330 656 156 1272 754 401 277 1502 1475 1439 1685 1361 323 0 1064 1481 1734 671 626 312 1144 115 709 895 235 733 1025 418 980 824 1454 670
577 767 497 996 376 866 694 858 357 651 995 235 768 774 938 529 501 466 682 388 865 1064 0 508 731 686 589 1064 171 977 723 981 1106 943 1111 792 1066 589 481 881
994 1184 181 1413 793 1283 1111 1275 194 1068 1412 447 1185 1191 1355 58 192 73 255 154 1282 1481 508 0 304 1103 1006 1481 374 1394 1140 1398 1523 1361 1528 1209 1483 1006 171 1298
1248 1437 262 1667 1046 1536 1364 1529 453 1321 1666 527 1439 1445 1608 273 326 331 103 412 1536 1734 731 304 0 1356 1260 1735 632 1648 1394 1651 1776 1614 1781 1462 1736 1259 340 1551
296 293 1155 603 394 270 373 465 952 407 603 893 120 382 545 1123 1097 1060 1306 983 472 671 686 1103 1356 0 132 671 766 585 75 332 713 435 462 399 417 461 1076 242
237 247 1059 558 298 312 327 420 856 311 557 797 215 336 500 1027 1001 964 1210 887 427 626 589 1006 1260 132 0 626 669 539 170 427 667 390 557 353 512 365 980 327
533 483 1533 258 773 655 610 244 1330 656 257 1272 751 401 379 1502 1476 1439 1685 1361 324 312 1064 1481 1735 671 626 0 1144 239 709 821 149 733 951 348 906 824 1455 670
657 847 418 1076 456 946 774 938 215 731 1075 156 848 854 1018 386 360 323 583 246 945 1144 171 374 632 766 669 1144 0 1057 803 1061 1186 1023 1191 872 1146 668 339 961
446 396 1447 70 686 568 523 158 1244 569 70 1185 667 314 239 1415 1389 1352 1598 1275 237 115 977 1394 1648 585 539 239 1057 0 622 809 266 646 939 331 894 737 1368 584
334 330 1193 641 432 234 411 503 990 445 640 931 83 420 583 1161 1135 1098 1344 1021 510 709 723 1140 1394 75 170 709 803 622 0 296 751 415 426 437 381 499 1114 206
582 448 1450 828 689 283 658 690 1247 703 827 1189 276 606 770 1419 1393 1356 1568 1278 697 895 981 1398 1648 332 427 847 1061 809 296 0 937 464 397 623 352 757 1372 256
575 524 1575 256 814 697 651 286 1372 697 284 1313 796 443 421 1543 1517 1480 1726 1403 365 235 1106 1523 1776 713 667 149 1186 266 751 917 0 775 1047 411 1002 865 1496 712
419 285 1413 665 652 224 496 527 1210 542 664 1151 395 444 607 1381 1355 1318 1564 1241 534 733 943 1361 1614 435 390 733 1023 646 415 464 775 0 594 461 549 710 1334 239
635 501 1504 881 743 337 712 743 1301 756 880 1242 329 659 823 1472 1446 1409 1622 1332 750 949 1034 1451 1702 386 481 900 1114 862 350 76 990 518 0 677 340 810 1425 309
261 210 1261 350 500 383 337 212 1058 384 349 999 482 129 292 1229 1203 1166 1412 1089 219 418 792 1209 1462 399 353 348 872 331 437 623 411 461 753 0 708 551 1182 398
678 544 1547 924 786 380 755 786 1344 799 923 1285 372 702 866 1515 1489 1452 1665 1375 793 992 1077 1494 1745 429 524 943 1157 905 392 119 1033 561 60 719 0 853 1468 352
353 526 1058 756 297 632 336 618 855 195 755 796 544 534 698 1026 1000 963 1209 886 625 824 589 1006 1259 461 365 824 668 737 499 757 865 710 887 551 842 0 979 647
968 1157 114 1387 766 1256 1084 1249 160 1042 1386 319 1159 1165 1329 141 66 121 290 119 1256 1454 481 171 340 1076 980 1455 339 1368 1114 1372 1496 1334 1501 1182 1457 979 0 1271
356 223 1350 602 589 68 433 464 1147 479 602 1088 186 381 544 1318 1292 1255 1478 1178 471 670 881 1298 1551 242 327 670 961 584 206 256 712 239 385 398 341 647 1271 0
EOF