NAME : tsp_problem
TYPE : TSP
DIMENSION : 82
EDGE_WEIGHT_TYPE : EXPLICIT
EDGE_WEIGHT_FORMAT : FULL_MATRIX
EDGE_WEIGHT_SECTION
0 48 1126 1254 1290 538 564 1249 1222 580 1728 1757 1772 555 1535 1645 1551 1556 1639 1354 1683 740 309 1448 1502 1406 1333 1465 1896 1446 169 675 1280 1045 1413 1714 1113 1738 1286 1725 1755 1119 556 1608 1404 600 1620 923 1819 1506 1806 1766 1276 1647 1503 1428 1532 1570 1675 968 305 1635 1345 327 697 991 1781 1529 436 1785 1290 1287 1507 1678 1650 1275 1322 1670 480 1569 1617 1506
48 0 1118 1246 1282 531 556 1242 1214 572 1720 1749 1764 547 1527 1638 1543 1548 1632 1346 1675 732 301 1440 1495 1399 1325 1458 1888 1438 161 667 1272 1037 1406 1706 1105 1730 1279 1717 1747 1111 548 1600 1396 592 1613 915 1811 1498 1798 1759 1268 1639 1495 1420 1524 1562 1667 960 297 1627 1337 319 689 983 1773 1522 429 1777 1283 1279 1499 1671 1642 1267 1315 1662 472 1562 1609 1499
980 972 0 586 622 502 623 582 554 453 1060 1089 1104 488 867 978 883 888 972 686 1015 259 717 780 835 739 665 798 1228 778 852 366 612 377 746 1046 55 1071 619 1058 1088 199 473 940 737 418 953 255 1152 838 1138 1099 608 979 835 760 864 902 1007 300 747 967 677 687 347 323 1113 862 581 1117 623 619 839 1011 982 607 655 1002 542 902 949 839
1254 1246 532 0 169 776 897 355 59 726 606 636 766 761 529 524 545 550 633 354 677 532 991 442 381 400 211 462 890 440 1126 640 279 307 407 592 519 732 286 604 634 526 746 602 398 692 614 372 813 500 800 760 393 641 497 306 410 564 669 325 1020 629 223 961 621 398 775 408 854 779 290 332 386 672 528 334 201 548 815 563 495 385
1290 1282 569 169 0 812 933 392 137 763 500 529 621 798 384 379 400 406 489 275 533 569 1027 297 236 256 105 318 745 295 1162 676 157 344 263 486 556 588 323 497 527 562 783 458 254 729 470 408 669 355 656 616 429 497 353 200 266 420 524 361 1057 484 117 997 657 434 631 302 891 634 327 369 279 528 422 371 56 442 852 419 351 279
538 531 648 776 812 0 253 772 744 89 1250 1279 1294 197 1057 1168 1073 1078 1162 876 1205 262 287 970 1025 929 855 988 1418 968 397 323 802 567 936 1236 635 1260 809 1248 1278 641 300 1130 926 109 1143 445 1342 1028 1328 1289 798 1169 1025 950 1054 1092 1197 490 271 1157 867 257 304 513 1303 1052 151 1307 813 809 1029 1201 1172 797 845 1192 112 1092 1139 1029
564 556 769 897 933 253 0 892 865 282 1371 1400 1415 164 1178 1288 1194 1199 1282 997 1326 383 391 1091 1145 1049 976 1108 1539 1089 423 284 922 688 1056 1357 756 1381 929 1368 1398 762 420 1251 1047 248 1263 566 1462 1149 1449 1409 919 1290 1146 1071 1175 1213 1318 611 297 1278 988 453 306 634 1424 1172 362 1428 933 930 1150 1321 1293 918 965 1313 323 1212 1260 1149
1249 1242 528 355 392 772 892 0 324 722 830 859 840 757 603 721 619 625 708 305 752 528 987 516 578 407 434 318 965 514 1122 635 377 303 482 815 515 807 238 827 857 522 742 677 403 688 689 368 888 574 875 835 112 716 572 529 607 639 744 321 1016 703 446 957 616 394 850 631 850 853 143 104 609 747 751 96 424 772 811 638 692 608
1222 1214 501 59 137 744 865 324 0 695 575 604 734 730 497 492 513 519 602 322 646 501 959 410 350 369 180 431 859 408 1094 608 248 276 376 561 488 701 255 572 602 495 715 571 367 661 583 340 782 468 769 729 361 610 466 275 379 533 638 293 989 597 192 929 589 366 744 377 823 747 259 301 354 641 497 303 169 517 784 532 464 353
580 572 598 726 763 89 282 722 695 0 1201 1230 1244 147 1007 1118 1023 1029 1112 826 1156 213 304 920 975 879 805 938 1369 918 439 274 752 518 886 1186 585 1211 759 1198 1228 592 250 1081 877 59 1093 395 1292 978 1279 1239 748 1120 976 900 1004 1043 1148 441 333 1107 817 274 255 464 1254 1002 167 1257 763 759 980 1151 1122 747 795 1143 128 1042 1090 979
1736 1729 1018 618 511 1262 1382 841 586 1212 0 412 1038 1247 800 600 816 822 905 752 949 1018 1476 713 458 672 435 773 1162 711 1612 1125 635 793 679 368 1005 1004 772 380 410 1012 1232 874 670 1178 886 857 1085 772 1072 911 878 913 769 370 382 836 941 811 1506 900 439 1447 1106 884 1047 329 1340 1050 776 818 267 944 106 820 544 80 1301 835 572 258
1627 1620 909 509 403 1153 1273 732 477 1103 372 0 929 1138 692 491 707 713 796 644 840 909 1368 604 349 563 326 664 1053 602 1503 1016 526 684 570 358 896 895 663 370 400 903 1123 765 561 1069 777 749 976 663 963 802 769 804 660 261 273 727 832 702 1397 791 330 1338 997 775 938 220 1231 941 667 709 158 835 294 711 435 314 1192 726 463 151
1772 1764 1051 766 621 1294 1415 840 734 1244 1022 1051 0 1280 359 818 383 386 231 653 165 1051 1509 376 676 506 702 607 287 456 1644 1158 536 825 424 1008 1038 140 729 1019 1049 1044 1265 415 504 1210 306 890 288 339 69 193 911 162 310 797 705 335 128 843 1538 400 714 1479 1139 916 44 742 1373 92 727 818 801 117 944 819 590 964 1333 305 790 800
555 547 634 761 798 197 164 757 730 147 1236 1265 1280 0 1043 1153 1058 1064 1147 861 1191 248 382 956 1010 914 840 973 1404 954 413 157 787 553 921 1222 621 1246 794 1233 1263 627 285 1116 912 113 1128 431 1327 1014 1314 1274 784 1155 1011 935 1040 1078 1183 476 287 1142 853 381 179 499 1289 1037 275 1292 798 795 1015 1186 1158 783 830 1178 236 1077 1125 1014
1535 1527 814 529 384 1057 1178 603 497 1007 789 818 359 1043 0 581 65 162 235 416 271 814 1272 139 439 269 465 370 492 219 1407 921 299 588 187 775 801 334 492 786 816 807 1028 214 267 973 226 653 415 73 394 319 674 243 99 560 468 65 271 606 1301 241 477 1242 902 679 369 505 1136 380 490 581 568 274 711 582 353 731 1096 116 553 568
1645 1638 924 524 379 1168 1288 721 492 1118 589 618 818 1153 581 0 597 603 686 533 730 924 1382 494 192 453 460 554 943 492 1517 1031 416 699 460 575 911 785 609 586 616 918 1138 655 451 1084 667 763 866 553 853 813 784 694 550 432 268 617 722 716 1412 681 472 1353 1012 790 828 305 1246 831 608 698 368 725 511 700 348 531 1207 616 96 367
1551 1543 829 545 400 1073 1194 619 513 1023 805 834 383 1058 65 597 0 178 251 432 295 829 1288 155 454 285 481 386 508 235 1423 937 315 604 202 791 816 350 508 802 832 823 1043 230 283 989 242 669 431 89 418 354 689 259 115 576 484 101 287 622 1317 256 493 1258 918 695 393 521 1151 396 506 596 584 290 727 598 369 747 1112 151 569 583
1556 1548 835 550 406 1078 1199 625 519 1029 811 840 386 1064 162 603 178 0 253 438 297 835 1293 162 460 290 486 392 426 137 1428 942 320 610 208 796 822 352 513 808 838 828 1049 102 288 995 97 674 349 133 420 380 695 261 131 581 489 198 289 627 1323 129 498 1263 923 700 395 527 1157 398 512 602 590 292 732 604 374 752 1118 248 575 589
1639 1632 918 633 489 1162 1282 708 602 1112 894 923 231 1147 235 686 251 253 0 521 196 918 1376 244 543 374 570 475 286 323 1512 1025 403 693 291 879 905 128 596 891 921 912 1132 229 372 1078 174 757 209 206 197 279 778 145 178 664 572 271 173 710 1406 214 582 1347 1006 784 216 610 1240 174 595 685 673 177 815 687 457 836 1201 321 658 672
1354 1346 632 354 275 876 997 305 322 826 741 770 653 861 416 533 432 438 521 0 565 632 1091 329 391 287 356 198 777 327 1226 740 189 407 295 727 619 620 156 738 768 626 846 490 283 792 502 472 701 387 688 648 392 529 385 450 420 452 556 425 1120 516 368 1061 721 498 663 457 954 666 230 282 520 560 663 284 243 683 915 451 505 520
1683 1675 962 677 533 1205 1326 752 646 1156 937 967 165 1191 271 730 295 297 196 565 0 962 1420 287 587 417 613 519 373 367 1555 1069 447 737 335 923 949 270 640 935 965 955 1176 326 415 1122 218 801 376 250 199 137 822 199 222 708 616 247 165 754 1450 311 625 1390 1050 827 174 654 1284 222 639 729 717 154 859 731 501 879 1245 216 702 716
740 732 405 532 569 262 383 528 501 213 1007 1036 1051 248 814 924 829 835 918 632 962 0 477 727 781 685 611 744 1175 725 612 126 558 324 692 993 392 1017 565 1004 1034 398 233 887 683 179 899 202 1098 785 1085 1045 555 926 782 706 811 849 954 247 507 913 624 447 107 270 1060 808 341 1063 569 566 786 957 929 554 601 949 302 848 896 785
309 301 863 991 1027 287 391 987 959 304 1465 1494 1509 382 1272 1382 1288 1293 1376 1091 1420 477 0 1185 1240 1143 1070 1203 1633 1183 168 502 1017 782 1150 1451 850 1475 1024 1462 1492 856 303 1345 1141 323 1357 660 1556 1243 1543 1503 1013 1384 1240 1165 1269 1307 1412 705 132 1372 1082 124 519 728 1518 1267 160 1522 1028 1024 1244 1415 1387 1012 1060 1407 204 1306 1354 1244
1448 1440 726 442 297 970 1091 516 410 920 702 731 376 956 139 494 155 162 244 329 287 727 1185 0 352 182 378 283 500 132 1320 834 212 501 99 688 713 342 405 699 729 720 941 214 180 886 226 566 424 110 410 371 587 251 107 473 381 174 279 519 1214 240 390 1155 815 592 385 418 1049 389 403 494 481 283 624 495 266 644 1009 225 466 480
1502 1495 781 381 236 1025 1145 578 350 975 446 475 676 1010 439 192 454 460 543 391 587 781 1240 352 0 310 317 412 800 350 1375 889 273 556 317 432 768 642 466 443 474 775 995 512 308 941 524 621 723 410 710 670 641 551 407 289 125 474 579 574 1269 538 329 1210 869 647 685 162 1103 688 465 555 225 582 368 557 205 388 1064 473 164 225
1406 1399 685 400 256 929 1049 407 369 879 661 690 506 914 269 453 285 290 374 287 417 685 1143 182 310 0 337 131 630 180 1279 792 170 460 148 646 672 473 362 658 688 679 899 342 41 845 355 524 554 240 540 501 493 381 237 431 339 304 409 477 1173 369 349 1114 773 551 515 377 1007 519 294 384 440 413 582 386 224 603 968 304 425 439
1333 1325 611 211 105 855 976 434 180 805 424 453 702 840 465 460 481 486 570 356 613 611 1070 378 317 337 0 399 826 376 1205 719 238 386 344 409 598 668 365 421 451 605 825 538 334 771 550 451 749 436 736 696 472 577 433 123 279 500 605 404 1099 565 40 1040 700 477 711 225 933 715 369 411 203 608 345 413 137 366 894 499 432 202
1465 1458 744 462 318 988 1108 318 431 938 762 791 607 973 370 554 386 392 475 198 519 744 1203 283 412 131 399 0 732 281 1338 852 232 519 249 748 731 574 274 759 789 738 958 444 127 904 456 584 655 342 642 602 405 483 339 494 441 406 511 537 1232 470 411 1173 832 610 617 478 1066 620 205 296 541 514 684 297 286 704 1027 405 526 540
1896 1888 1175 890 745 1418 1539 965 859 1369 1150 1180 287 1404 492 943 508 426 286 777 373 1175 1633 500 800 630 826 732 0 515 1768 1282 660 950 548 1136 1162 261 853 1148 1178 1168 1389 355 628 1334 346 1014 112 463 322 307 1035 370 435 921 829 527 336 967 1662 340 838 1603 1263 1040 297 867 1497 308 852 942 929 325 1072 944 714 1092 1458 513 914 929
1446 1438 725 440 295 968 1089 514 408 918 700 729 456 954 219 492 235 137 323 327 367 725 1183 132 350 180 376 281 515 0 1318 832 210 499 97 686 712 422 403 697 727 718 939 189 178 884 201 564 438 190 490 450 585 331 187 471 379 254 359 517 1212 216 388 1153 813 590 465 416 1047 469 401 492 479 362 622 493 264 642 1007 253 464 478
169 161 998 1126 1162 397 423 1122 1094 439 1600 1629 1644 413 1407 1517 1423 1428 1512 1226 1555 612 168 1320 1375 1279 1205 1338 1768 1318 0 534 1152 917 1286 1586 985 1610 1159 1597 1627 991 439 1480 1276 459 1493 795 1691 1378 1678 1639 1148 1519 1375 1300 1404 1442 1547 840 164 1507 1217 186 556 863 1653 1402 295 1657 1163 1159 1379 1550 1522 1147 1195 1542 339 1441 1489 1379
675 667 512 640 676 323 284 635 608 274 1114 1143 1158 157 921 1031 937 942 1025 740 1069 126 502 834 889 792 719 852 1282 832 534 0 666 431 799 1100 499 1124 673 1111 1141 505 294 994 790 240 1006 309 1205 892 1192 1152 662 1033 889 814 918 956 1061 354 408 1021 731 508 71 377 1167 916 402 1171 676 673 893 1064 1036 661 708 1056 363 955 1003 892
1280 1272 558 279 157 802 922 377 248 752 624 653 536 787 299 416 315 320 403 189 447 558 1017 212 273 170 238 232 660 210 1152 666 0 333 177 609 545 502 265 621 651 552 772 372 168 718 384 398 583 270 570 530 418 411 267 333 302 334 439 351 1046 399 250 987 647 424 545 340 880 549 264 354 403 442 545 356 126 566 841 333 388 402
1045 1037 324 307 344 567 688 303 276 518 782 811 825 553 588 699 604 610 693 407 737 324 782 501 556 460 386 519 950 499 917 431 333 0 467 767 311 792 340 779 809 317 538 662 458 484 674 163 873 559 860 820 329 701 557 481 585 624 729 116 812 688 398 752 412 189 835 583 646 838 344 340 561 732 703 328 376 724 607 623 671 560
1413 1406 692 407 263 936 1056 482 376 886 668 697 424 921 187 460 202 208 291 295 335 692 1150 99 317 148 344 249 548 97 1286 799 177 467 0 653 679 390 370 665 695 686 906 260 146 852 272 532 471 158 458 414 552 299 155 439 346 222 327 485 1180 286 356 1121 780 558 433 384 1014 436 369 459 447 330 589 461 231 610 975 196 432 446
1633 1626 915 515 408 1159 1279 738 483 1109 378 68 935 1144 697 497 713 719 802 649 846 915 1373 610 355 569 332 670 1059 608 1509 1022 532 690 576 0 902 901 669 376 66 909 1129 771 567 1075 783 754 982 669 969 808 775 810 666 267 279 733 838 708 1403 797 336 1344 1003 781 944 226 1237 947 673 715 164 841 300 717 441 320 1198 732 469 157
1025 1017 55 631 667 547 668 627 600 498 1105 1135 1149 533 912 1023 928 933 1017 731 1060 304 762 825 880 784 710 843 1273 823 897 411 657 422 791 1091 0 1116 664 1103 1133 186 518 985 782 464 998 300 1197 883 1183 1144 653 1025 880 805 909 947 1052 345 792 1012 722 732 392 368 1158 907 626 1162 668 664 884 1056 1027 652 700 1047 587 947 994 884
1738 1730 1017 732 588 1260 1381 807 701 1211 993 1022 140 1246 334 785 350 352 128 620 270 1017 1475 342 642 473 668 574 261 422 1610 1124 502 792 390 978 1004 0 695 990 1020 1011 1231 328 470 1177 273 856 185 305 106 298 877 244 277 763 671 369 233 809 1505 313 681 1445 1105 882 124 709 1339 83 694 784 772 222 914 786 556 935 1300 410 757 771
1286 1279 565 286 323 809 929 238 255 759 761 790 729 794 492 609 508 513 596 156 640 565 1024 405 466 362 365 274 853 403 1159 673 265 340 370 747 552 695 0 758 788 559 779 565 358 725 577 405 776 463 763 723 324 604 460 460 495 527 632 358 1053 592 378 994 654 431 738 533 887 742 173 215 540 635 683 217 319 703 848 526 581 539
1757 1749 1038 638 532 1282 1403 861 607 1232 36 432 1058 1268 821 621 837 842 925 773 969 1039 1497 734 478 692 455 794 1182 732 1632 1146 655 813 699 389 1025 1024 793 0 430 1032 1253 894 690 1198 906 878 1105 792 1092 931 899 933 789 390 403 856 961 831 1526 921 459 1467 1127 904 1067 349 1361 1071 797 839 288 964 126 840 564 100 1321 855 593 278
1637 1630 919 519 413 1163 1283 742 488 1113 382 412 939 1148 702 502 717 723 806 654 850 919 1378 615 359 573 336 675 1063 613 1513 1027 536 694 580 368 906 905 673 380 0 913 1133 775 571 1079 787 759 986 673 973 812 779 814 670 271 283 737 842 712 1407 801 340 1348 1008 785 948 230 1241 951 677 719 168 845 304 721 445 324 1202 736 473 161
1147 1139 192 753 789 669 790 749 721 619 1227 1256 1271 655 1034 1144 1050 1055 1139 853 1182 426 884 947 1002 906 832 965 1395 945 1019 533 779 544 913 1213 237 1237 786 1224 1254 0 640 1107 903 585 1119 422 1318 1005 1305 1266 775 1146 1002 927 1031 1069 1174 467 913 1134 844 854 514 490 1280 1029 748 1284 790 786 1006 1177 1149 774 822 1169 709 1068 1116 1006
556 548 618 746 783 300 420 742 715 250 1221 1250 1265 285 1028 1138 1043 1049 1132 846 1176 233 303 941 995 899 825 958 1389 939 439 294 772 538 906 1206 606 1231 779 1218 1248 612 0 1101 897 216 1113 415 1312 999 1299 1259 769 1140 996 920 1024 1063 1168 461 341 1127 838 274 275 484 1274 1022 198 1277 783 780 1000 1171 1143 768 815 1163 241 1062 1110 999
1608 1600 887 602 458 1130 1251 677 571 1081 863 892 415 1116 214 655 230 102 229 490 326 887 1345 214 512 342 538 444 355 189 1480 994 372 662 260 848 874 328 565 860 890 880 1101 0 340 1047 157 726 279 185 397 410 747 291 183 633 541 250 318 679 1375 85 550 1315 975 752 416 579 1209 374 564 654 642 322 784 656 426 804 1170 300 627 641
1404 1396 683 398 254 926 1047 403 367 877 659 688 504 912 267 451 283 288 372 283 415 683 1141 180 308 41 334 127 628 178 1276 790 168 458 146 644 670 470 358 656 686 677 897 340 0 843 352 522 551 238 538 499 489 379 235 429 337 302 407 475 1171 367 347 1111 771 548 513 375 1005 517 290 380 438 410 580 382 222 601 966 301 423 437
600 592 564 692 729 109 248 688 661 59 1166 1196 1210 113 973 1084 989 995 1078 792 1122 179 323 886 941 845 771 904 1334 884 459 240 718 484 852 1152 551 1177 725 1164 1194 558 216 1047 843 0 1059 361 1258 944 1245 1205 714 1086 942 866 970 1009 1113 407 353 1073 783 294 221 430 1220 968 187 1223 729 725 946 1117 1088 713 761 1108 148 1008 1055 945
1620 1613 899 614 470 1143 1263 689 583 1093 875 904 306 1128 226 667 242 97 174 502 218 899 1357 226 524 355 550 456 346 201 1493 1006 384 674 272 860 886 273 577 872 902 893 1113 157 352 1059 0 738 270 197 341 301 759 182 170 645 553 262 210 691 1387 142 563 1328 987 765 316 591 1221 319 576 666 654 213 796 668 438 817 1182 313 639 653
923 915 244 372 408 445 566 368 340 395 846 875 890 431 653 763 669 674 757 472 801 202 660 566 621 524 451 584 1014 564 795 309 398 163 532 832 231 856 405 843 873 237 415 726 522 361 738 0 937 624 924 884 394 765 621 546 650 688 793 86 689 753 463 630 290 109 899 648 524 903 409 405 625 796 768 393 441 788 484 687 735 625
1819 1811 1098 813 669 1342 1462 888 782 1292 1074 1103 288 1327 415 866 431 349 209 701 376 1098 1556 424 723 554 749 655 112 438 1691 1205 583 873 471 1059 1085 185 776 1071 1101 1092 1312 279 551 1258 270 937 0 386 254 390 958 325 358 844 752 450 353 890 1586 264 762 1526 1186 964 273 790 1420 231 775 865 853 356 995 867 637 1016 1381 501 838 852
1506 1498 785 500 355 1028 1149 574 468 978 760 789 339 1014 73 553 89 133 206 387 250 785 1243 110 410 240 436 342 463 190 1378 892 270 559 158 746 772 305 463 757 787 778 999 185 238 944 197 624 386 0 373 333 645 214 70 531 439 108 242 577 1272 212 448 1213 873 650 348 476 1107 351 462 552 539 245 682 554 324 702 1067 159 524 539
1806 1798 1085 800 656 1328 1449 875 769 1279 1056 1085 69 1314 394 853 418 420 197 688 199 1085 1543 410 710 540 736 642 322 490 1678 1192 570 860 458 1042 1072 106 763 1053 1084 1078 1299 397 538 1245 341 924 254 373 0 227 945 196 345 831 739 370 162 877 1573 382 748 1513 1173 950 56 777 1407 58 762 852 835 151 978 854 624 998 1368 339 824 835
1766 1759 1045 760 616 1289 1409 835 729 1239 873 902 193 1274 319 813 354 380 279 648 137 1045 1503 371 670 501 696 602 307 450 1639 1152 530 820 414 859 1032 298 723 871 901 1039 1259 410 499 1205 301 884 390 333 227 0 905 228 305 716 699 295 193 837 1533 395 709 1474 1133 911 202 675 1367 250 722 812 652 182 795 814 584 815 1328 265 785 652
1276 1268 555 393 429 798 919 112 361 748 867 896 911 784 674 784 689 695 778 392 822 555 1013 587 641 493 472 405 1035 585 1148 662 418 329 552 853 542 877 324 864 894 548 769 747 489 714 759 394 958 645 945 905 0 786 642 566 671 709 814 347 1042 774 484 983 643 420 920 668 877 924 230 149 646 817 789 137 461 809 838 708 756 645
1647 1639 926 641 497 1169 1290 716 610 1120 902 931 162 1155 243 694 259 261 145 529 199 926 1384 251 551 381 577 483 370 331 1519 1033 411 701 299 887 913 244 604 899 929 920 1140 291 379 1086 182 765 325 214 196 228 786 0 186 672 580 278 70 718 1414 276 590 1354 1014 791 171 618 1248 220 603 693 681 74 823 695 465 844 1209 329 666 680
1503 1495 782 497 353 1025 1146 572 466 976 757 787 310 1011 99 550 115 131 178 385 222 782 1240 107 407 237 433 339 435 187 1375 889 267 557 155 743 769 277 460 755 785 775 996 183 235 942 170 621 358 70 345 305 642 186 0 528 436 134 214 574 1270 209 445 1210 870 647 320 474 1104 323 459 549 537 217 679 551 321 699 1065 185 522 536
1428 1420 706 306 200 950 1071 529 275 900 358 387 797 935 560 432 576 581 664 450 708 706 1165 473 289 431 123 494 921 471 1300 814 333 481 439 344 693 763 460 355 385 700 920 633 429 866 645 546 844 531 831 742 566 672 528 0 213 595 700 499 1194 660 127 1135 795 572 806 160 1028 810 464 506 137 703 280 508 232 300 989 594 403 137
1532 1524 810 410 266 1054 1175 607 379 1004 371 400 705 1040 468 268 484 489 572 420 616 811 1269 381 125 339 279 441 829 379 1404 918 302 585 346 357 797 671 495 368 398 804 1024 541 337 970 553 650 752 439 739 699 671 580 436 213 0 503 608 603 1298 568 283 1239 899 676 714 87 1132 718 494 584 150 611 293 586 234 313 1093 502 239 149
1570 1562 849 564 420 1092 1213 639 533 1043 825 854 335 1078 65 617 101 198 271 452 247 849 1307 174 474 304 500 406 527 254 1442 956 334 624 222 810 836 369 527 822 852 842 1063 250 302 1009 262 688 450 108 370 295 709 278 134 595 503 0 306 641 1337 276 512 1277 937 714 345 541 1171 393 526 616 604 309 746 618 388 766 1132 92 589 603
1675 1667 954 669 524 1197 1318 744 638 1148 929 959 128 1183 271 722 287 289 173 556 165 954 1412 279 579 409 605 511 336 359 1547 1061 439 729 327 915 941 233 632 927 957 947 1168 318 407 1113 210 793 353 242 162 193 814 70 214 700 608 306 0 746 1442 303 617 1382 1042 819 137 646 1276 185 631 721 708 80 851 723 493 871 1237 305 693 708
968 960 247 325 361 490 611 321 293 441 799 828 843 476 606 716 622 627 710 425 754 247 705 519 574 477 404 537 967 517 840 354 351 116 485 785 234 809 358 796 826 240 461 679 475 407 691 86 890 577 877 837 347 718 574 499 603 641 746 0 735 706 416 675 335 112 852 601 569 856 362 358 578 749 721 346 394 741 530 640 688 578
305 297 892 1020 1057 271 297 1016 989 333 1495 1524 1538 287 1301 1412 1317 1323 1406 1120 1450 507 132 1214 1269 1173 1099 1232 1662 1212 164 408 1046 812 1180 1480 879 1505 1053 1492 1522 886 341 1375 1171 353 1387 689 1586 1272 1573 1533 1042 1414 1270 1194 1298 1337 1442 735 0 1401 1111 194 430 758 1548 1296 198 1551 1057 1053 1274 1445 1416 1041 1089 1436 241 1336 1384 1273
1635 1627 913 629 484 1157 1278 703 597 1107 889 918 400 1142 241 681 256 129 214 516 311 913 1372 240 538 369 565 470 340 216 1507 1021 399 688 286 875 900 313 592 886 916 907 1127 85 367 1073 142 753 264 212 382 395 774 276 209 660 568 276 303 706 1401 0 577 1342 1002 779 401 605 1235 359 590 680 668 307 811 682 453 831 1196 327 653 667
1345 1337 624 223 117 867 988 446 192 817 427 457 714 853 477 472 493 498 582 368 625 624 1082 390 329 349 40 411 838 388 1217 731 250 398 356 413 611 681 378 425 455 617 838 550 347 783 563 463 762 448 748 709 484 590 445 127 283 512 617 416 1111 577 0 1052 712 489 723 229 946 727 382 424 206 621 349 425 149 369 906 512 444 206
327 319 833 961 997 257 453 957 929 274 1435 1464 1479 381 1242 1353 1258 1263 1347 1061 1390 447 124 1155 1210 1114 1040 1173 1603 1153 186 508 987 752 1121 1421 820 1445 994 1432 1463 826 274 1315 1111 294 1328 630 1526 1213 1513 1474 983 1354 1210 1135 1239 1277 1382 675 194 1342 1052 0 489 698 1488 1237 130 1492 998 994 1214 1386 1357 982 1030 1377 174 1277 1324 1214
697 689 493 621 657 304 306 616 589 255 1095 1124 1139 179 902 1012 918 923 1006 721 1050 107 519 815 869 773 700 832 1263 813 556 71 647 412 780 1081 480 1105 654 1092 1122 486 275 975 771 221 987 290 1186 873 1173 1133 643 1014 870 795 899 937 1042 335 430 1002 712 489 0 358 1148 897 383 1152 657 654 874 1045 1017 642 689 1037 344 936 984 873
1133 1126 163 739 776 656 776 735 708 606 1214 1243 1257 641 1020 1131 1036 1042 1125 839 1169 412 870 933 988 892 818 951 1382 931 1006 519 765 531 899 1199 150 1224 772 1211 1241 156 626 1094 890 572 1106 408 1305 991 1292 1252 762 1133 989 913 1017 1056 1161 454 900 1120 830 841 500 0 1267 1015 734 1270 776 772 993 1164 1135 760 808 1156 695 1055 1103 992
1781 1773 1060 775 631 1303 1424 850 744 1254 1031 1061 44 1289 369 828 393 395 216 663 174 1060 1518 385 685 515 711 617 297 465 1653 1167 545 835 433 1017 1047 124 738 1029 1059 1053 1274 416 513 1220 316 899 273 348 56 202 920 171 320 806 714 345 137 852 1548 401 723 1488 1148 925 0 752 1382 77 737 827 810 126 953 829 599 973 1343 314 800 810
1526 1519 808 408 302 1052 1172 631 377 1002 317 346 742 1037 505 305 521 527 610 457 654 808 1267 418 162 377 225 478 867 416 1402 916 340 583 384 303 795 709 533 314 344 802 1022 579 375 968 591 648 790 476 777 701 668 618 474 160 87 541 646 601 1296 605 229 1237 897 674 752 0 1130 755 532 608 96 649 239 610 272 259 1091 540 277 96
436 429 727 854 891 151 362 850 823 167 1329 1358 1373 275 1136 1246 1151 1157 1240 954 1284 341 160 1049 1103 1007 933 1066 1497 1047 295 402 880 646 1014 1315 714 1339 887 1326 1356 720 198 1209 1005 187 1221 524 1420 1107 1407 1367 877 1248 1104 1028 1132 1171 1276 569 198 1235 946 130 383 592 1382 1130 0 1385 891 888 1108 1279 1251 876 923 1271 75 1170 1218 1107
1785 1777 1063 779 634 1307 1428 853 747 1257 1039 1068 92 1292 380 831 396 398 174 666 222 1063 1522 389 688 519 715 620 308 469 1657 1171 549 838 436 1025 1050 83 742 1036 1066 1057 1277 374 517 1223 319 903 231 351 58 250 924 220 323 810 718 393 185 856 1551 359 727 1492 1152 929 77 755 1385 0 740 830 818 174 961 832 603 981 1346 362 803 817
1290 1283 569 290 327 813 933 143 259 763 765 794 727 798 490 608 506 512 595 230 639 569 1028 403 465 294 369 205 852 401 1163 676 264 344 369 750 556 694 173 762 792 563 783 564 290 729 576 409 775 462 762 722 230 603 459 464 494 526 631 362 1057 590 382 998 657 435 737 532 891 740 0 121 544 634 687 122 318 707 852 525 579 543
1287 1279 565 332 369 809 930 104 301 759 807 836 818 795 581 698 596 602 685 282 729 566 1024 494 555 384 411 296 942 492 1159 673 354 340 459 792 552 784 215 804 834 559 780 654 380 725 666 405 865 552 852 812 149 693 549 506 584 616 721 358 1053 680 424 994 654 431 827 608 888 830 121 0 586 724 729 83 401 749 848 615 670 585
1504 1496 786 386 279 1029 1150 609 354 980 256 285 805 1015 568 368 584 590 673 520 717 786 1244 481 225 440 203 541 929 479 1379 893 403 561 447 242 773 772 540 253 283 779 1000 642 438 946 654 625 853 539 840 679 646 681 537 137 150 604 708 578 1274 668 206 1214 874 651 815 96 1108 818 544 586 0 712 178 588 312 198 1069 603 340 34
1678 1671 957 672 528 1201 1321 747 641 1151 933 962 117 1186 274 725 290 292 177 560 154 957 1415 283 582 413 608 514 325 362 1550 1064 442 732 330 918 944 222 635 930 960 951 1171 322 410 1117 213 796 356 245 151 182 817 74 217 703 611 309 80 749 1445 307 621 1386 1045 823 126 649 1279 174 634 724 712 0 854 726 496 875 1240 294 697 711
1647 1639 929 528 422 1172 1293 751 497 1122 358 387 948 1158 711 511 727 732 815 663 859 929 1387 624 368 582 345 684 1072 622 1522 1036 545 703 589 344 916 914 683 356 386 922 1143 784 580 1088 796 768 995 682 982 821 789 823 679 280 293 746 851 721 1416 811 349 1357 1017 794 957 239 1251 961 687 729 178 854 0 730 454 300 1211 745 483 168
1275 1267 554 334 371 797 918 96 303 747 809 838 819 783 582 700 598 604 687 284 731 554 1012 495 557 386 413 297 944 493 1147 661 356 328 461 794 541 786 217 806 836 547 768 656 382 713 668 393 867 554 854 814 137 695 551 508 586 618 723 346 1041 682 425 982 642 419 829 610 876 832 122 83 588 726 730 0 403 751 836 617 671 587
1322 1315 601 201 56 845 965 424 169 795 533 562 590 830 353 348 369 374 457 243 501 601 1060 266 205 224 137 286 714 264 1195 708 126 376 231 518 588 556 319 530 560 595 815 426 222 761 438 441 637 324 624 584 461 465 321 232 234 388 493 394 1089 453 149 1030 689 467 599 272 923 603 318 401 312 496 454 403 0 474 884 387 319 311
1667 1659 949 548 442 1192 1313 772 517 1143 313 342 968 1178 731 531 747 752 836 683 879 949 1407 644 388 603 366 704 1092 642 1542 1056 566 724 610 299 936 935 703 310 340 942 1163 804 601 1108 817 788 1016 702 1002 842 809 844 699 300 313 766 871 741 1436 831 369 1377 1037 814 977 259 1271 981 707 749 198 875 58 751 474 0 1232 766 503 188
480 472 687 815 852 112 323 811 784 128 1290 1319 1333 236 1096 1207 1112 1118 1201 915 1245 302 204 1009 1064 968 894 1027 1458 1007 339 363 841 607 975 1275 674 1300 848 1287 1317 681 241 1170 966 148 1182 484 1381 1067 1368 1328 838 1209 1065 989 1093 1132 1237 530 241 1196 906 174 344 553 1343 1091 75 1346 852 848 1069 1240 1211 836 884 1232 0 1131 1179 1068
1569 1562 848 563 419 1092 1212 638 532 1042 824 853 305 1077 116 616 151 248 321 451 216 848 1306 225 473 304 499 405 513 253 1441 955 333 623 196 809 835 410 526 821 851 842 1062 300 301 1008 313 687 501 159 339 265 708 329 185 594 502 92 305 640 1336 327 512 1277 936 714 314 540 1170 362 525 615 603 294 745 617 387 766 1131 0 588 602
1617 1609 896 495 351 1139 1260 692 464 1090 561 590 790 1125 553 96 569 575 658 505 702 896 1354 466 164 425 432 526 914 464 1489 1003 388 671 432 546 883 757 581 558 588 889 1110 627 423 1055 639 735 838 524 824 785 756 666 522 403 239 589 693 688 1384 653 444 1324 984 761 800 277 1218 803 579 670 340 697 483 671 319 503 1179 588 0 339
1503 1496 785 385 279 1029 1149 608 353 979 246 275 805 1014 568 367 583 589 672 520 716 785 1244 480 225 439 202 540 929 478 1379 892 402 560 446 232 772 771 539 243 273 779 999 641 437 945 653 625 852 539 839 678 645 680 536 137 149 603 708 578 1273 667 206 1214 873 651 814 96 1107 817 543 585 34 711 168 587 311 188 1068 602 339 0
EOF