NAME : tsp_problem
TYPE : TSP
DIMENSION : 54
EDGE_WEIGHT_TYPE : EXPLICIT
EDGE_WEIGHT_FORMAT : FULL_MATRIX
EDGE_WEIGHT_SECTION
0 590 1126 1245 827 1008 696 880 849 997 777 968 1123 1103 1221 742 1107 1156 1173 1398 1183 1311 881 1145 840 205 1097 1187 884 172 387 1115 889 864 1359 779 1094 1357 369 917 677 1209 684 151 1200 79 743 1028 342 1274 1352 431 734 1217
590 0 1450 1569 1151 1332 1021 1205 1174 1322 1101 1292 1448 1237 1546 1067 1431 1382 1399 1723 1508 1537 1206 1371 1164 686 1323 1512 1209 479 227 1237 1214 1188 1684 1104 1418 1681 274 1241 1002 1534 123 632 1426 566 1067 1352 304 1501 1585 755 1058 1542
1126 1450 0 270 464 322 471 423 320 311 408 552 181 616 247 430 164 668 686 340 571 824 280 658 472 1199 537 112 327 1131 1282 628 424 501 384 406 278 382 1447 406 817 234 1545 1145 713 1103 512 252 1420 787 377 769 519 242
1245 1569 270 0 583 441 590 542 439 430 527 671 289 735 186 549 182 787 805 363 690 943 399 777 591 1318 656 321 446 1250 1400 735 543 620 198 525 335 216 1566 525 936 173 1597 1264 832 1222 631 371 1539 906 209 888 638 70
827 1151 464 583 0 236 172 103 216 335 210 190 461 326 559 176 445 378 396 737 406 534 219 368 274 900 319 526 164 832 983 337 320 297 697 213 432 695 1148 302 518 547 1246 846 423 804 213 366 1121 497 690 470 220 555
1008 1332 322 441 236 0 353 195 202 193 290 324 319 319 418 312 303 371 389 595 274 527 162 361 354 1081 241 384 163 1013 1163 331 306 382 555 288 290 553 1329 288 698 405 1398 1026 416 985 394 224 1302 490 548 651 401 413
696 1021 471 590 172 353 0 225 195 342 122 313 468 449 567 87 452 501 518 744 529 656 227 490 185 769 442 533 230 701 852 460 234 209 704 124 439 702 1017 262 387 554 1115 715 545 673 125 373 990 620 697 339 132 562
880 1205 423 542 103 195 225 0 174 294 262 190 420 326 518 229 404 378 396 695 365 534 178 368 326 953 319 484 123 885 1036 338 278 351 656 260 390 654 1201 261 571 506 1299 899 423 857 266 325 1174 497 649 524 273 514
849 1174 320 439 216 202 195 174 0 191 131 303 317 429 416 154 301 481 499 593 384 637 75 471 224 922 351 382 79 854 1005 441 176 252 553 129 288 551 1170 158 540 403 1268 868 526 826 236 222 1143 600 546 493 243 411
997 1322 311 430 335 193 342 294 191 0 279 423 309 487 407 301 292 539 557 584 442 695 151 529 343 1070 409 373 198 1002 1153 499 295 340 545 277 279 542 1318 277 688 395 1416 1016 584 974 383 213 1291 658 537 641 390 403
777 1101 408 527 210 290 122 262 131 279 0 351 405 487 503 81 389 539 557 680 472 695 163 529 223 850 438 469 166 782 932 498 263 247 641 85 375 639 1098 246 467 491 1195 796 584 754 163 310 1071 658 634 420 170 499
968 1292 552 671 190 324 313 190 303 423 351 0 549 166 647 317 533 218 236 824 402 374 307 208 414 1041 160 613 252 973 1123 178 407 438 785 354 519 783 1289 390 658 635 1245 987 263 945 354 454 1262 337 760 611 361 643
1123 1448 181 289 461 319 468 420 317 309 405 549 0 613 266 427 152 665 683 443 568 821 277 655 469 1196 535 242 324 1128 1279 625 421 498 404 403 183 401 1444 403 814 254 1542 1142 710 1100 509 248 1417 784 373 767 516 262
1103 1209 616 735 326 319 449 326 429 487 487 166 613 0 712 452 597 179 197 889 363 335 433 169 550 1177 120 678 378 1108 1259 64 533 574 832 489 584 847 1424 515 794 699 1113 1122 224 1080 490 518 1397 298 628 747 497 707
1221 1546 247 186 559 418 567 518 416 407 503 647 266 712 0 526 159 764 781 206 667 919 375 753 568 1295 633 244 422 1226 1377 723 520 596 166 501 363 163 1542 502 912 64 1640 1240 808 1198 608 348 1515 883 307 865 615 158
742 1067 430 549 176 312 87 229 154 301 81 317 427 452 526 0 411 504 522 703 494 660 186 494 189 815 446 492 189 747 898 464 238 213 663 83 398 661 1063 266 433 513 1161 761 549 719 128 332 1036 623 656 386 135 521
1107 1431 164 182 445 303 452 404 301 292 389 533 152 597 159 411 0 649 667 336 552 805 261 639 453 1180 518 226 308 1112 1263 609 405 482 297 387 249 294 1428 387 798 147 1526 1126 694 1084 493 234 1401 768 289 750 500 154
1156 1354 668 787 378 371 501 378 481 539 539 218 665 179 764 504 649 0 170 941 415 308 485 67 602 1229 172 730 430 1160 1311 191 585 626 901 542 636 899 1477 568 846 752 1258 1174 230 1132 542 570 1450 271 773 799 549 759
1173 1372 686 805 396 389 518 396 499 557 557 236 683 197 781 522 667 170 0 959 433 260 503 159 620 1246 190 747 448 1178 1329 208 603 644 919 559 654 917 1494 585 864 769 1275 1192 248 1150 560 588 1467 223 791 817 567 777
1398 1723 340 363 737 595 744 695 593 584 680 824 443 889 206 703 336 941 959 0 844 1097 552 930 745 1472 810 290 600 1403 1554 900 697 773 245 678 540 243 1720 679 1089 219 1808 1417 986 1375 785 525 1693 1060 371 1042 792 335
1183 1508 571 690 406 274 529 365 384 442 472 402 568 363 667 494 552 415 433 844 0 571 388 405 536 1257 284 633 333 1188 1339 374 488 565 804 470 539 802 1504 470 874 654 1442 1202 460 1160 570 473 1477 534 797 827 577 662
1179 1377 691 810 401 395 524 401 505 563 562 242 689 202 787 528 673 209 226 964 438 0 508 198 626 1252 196 753 453 1184 1334 214 609 649 925 565 659 922 1500 591 870 775 1281 1198 124 1156 565 593 1473 328 796 822 572 783
881 1206 280 399 219 162 227 178 75 151 163 307 277 433 375 186 261 485 503 552 388 641 0 474 228 954 354 341 82 886 1037 444 179 256 513 161 248 511 1202 162 572 363 1300 900 530 858 268 182 1175 604 506 525 275 371
1145 1344 658 777 368 361 490 368 471 529 529 208 655 169 753 494 639 67 159 930 405 297 474 0 592 1218 162 719 419 1150 1301 180 575 616 891 531 625 889 1466 557 836 741 1247 1164 220 1122 531 560 1439 260 762 788 538 749
840 1164 472 591 274 354 185 326 224 343 223 414 469 550 568 189 453 602 620 745 536 758 228 592 0 913 503 534 231 845 995 562 81 160 705 226 440 703 1161 108 531 555 1259 859 647 817 129 374 1134 721 698 483 136 563
205 686 1199 1318 900 1081 769 953 922 1070 850 1041 1196 1177 1295 815 1180 1229 1246 1472 1257 1384 954 1218 913 0 1170 1261 958 296 519 1188 962 937 1432 852 1167 1430 442 990 750 1282 780 89 1273 229 816 1101 415 1348 1425 504 807 1290
1097 1295 537 656 319 241 442 319 351 409 438 160 535 120 633 446 518 172 190 810 284 328 354 162 503 1170 0 599 299 1102 1252 132 455 531 771 436 505 768 1418 437 787 621 1199 1116 217 1074 483 439 1391 291 714 740 490 629
1187 1512 112 321 526 384 533 484 382 373 469 613 242 678 244 492 226 730 747 290 633 885 341 719 534 1261 599 0 388 1192 1343 689 486 562 381 467 339 379 1509 468 878 231 1606 1206 775 1164 574 314 1482 849 428 831 581 293
884 1209 327 446 164 163 230 123 79 198 166 252 324 378 422 189 308 430 448 600 333 586 82 419 231 958 299 388 0 889 1040 389 183 259 560 164 295 558 1205 165 575 410 1303 903 475 861 271 229 1178 549 553 528 278 418
172 479 1131 1250 832 1013 701 885 854 1002 782 973 1128 1108 1226 747 1112 1160 1178 1403 1188 1316 886 1150 845 296 1102 1192 889 0 277 1120 894 868 1364 784 1098 1362 359 922 682 1214 573 242 1205 149 748 1033 332 1279 1357 436 738 1222
387 227 1282 1400 983 1163 852 1036 1005 1153 932 1123 1279 1259 1377 898 1263 1311 1329 1554 1339 1467 1037 1301 995 519 1252 1343 1040 277 0 1271 1045 1019 1515 935 1249 1512 200 1072 833 1365 322 464 1356 364 898 1183 173 1430 1507 586 889 1373
1115 1209 628 746 337 331 460 338 441 499 498 178 625 64 723 464 609 191 208 900 374 346 444 180 562 1188 132 689 389 1120 1271 0 545 585 832 501 595 850 1436 527 806 711 1113 1134 235 1092 501 529 1409 309 628 758 508 719
889 1214 424 543 320 306 234 278 176 295 263 407 421 533 520 238 405 585 603 697 488 741 179 575 81 962 455 486 183 894 1045 545 0 205 657 261 392 655 1210 60 580 507 1308 908 630 866 178 326 1183 704 650 533 185 515
864 1188 501 620 297 382 209 351 252 340 247 438 498 574 596 213 482 626 644 773 565 782 256 616 160 937 531 562 259 868 1019 585 205 0 734 250 468 732 1185 187 554 584 1282 882 671 841 153 403 1158 745 726 507 160 592
1359 1684 384 198 697 555 704 656 553 545 641 785 404 805 166 663 297 901 919 245 804 1057 513 891 705 1432 771 381 560 1364 1515 805 657 734 0 639 405 71 1680 639 1050 179 1667 1378 946 1336 745 469 1653 1020 260 1003 752 232
779 1104 406 525 213 288 124 260 129 277 85 354 403 489 501 83 387 542 559 678 470 697 161 531 226 852 436 467 164 784 935 501 261 250 639 0 374 637 1100 244 470 489 1198 798 586 756 165 308 1073 660 632 423 172 497
1094 1418 278 335 432 290 439 390 288 279 375 519 183 584 363 398 249 636 654 540 539 792 248 625 440 1167 505 339 295 1098 1249 595 392 468 405 374 0 423 1415 374 784 351 1512 1112 681 1070 480 95 1388 755 310 737 487 359
1357 1681 382 216 695 553 702 654 551 542 639 783 401 823 163 661 294 899 917 243 802 1055 511 889 703 1430 768 379 558 1362 1512 823 655 732 71 637 423 0 1678 637 1047 176 1685 1376 944 1334 743 483 1651 1018 278 1000 750 251
369 274 1447 1566 1148 1329 1017 1201 1170 1318 1098 1289 1444 1424 1542 1063 1428 1477 1494 1720 1504 1632 1202 1466 1161 442 1418 1509 1205 359 200 1436 1210 1185 1680 1100 1415 1678 0 1238 998 1530 368 387 1521 392 1064 1349 74 1595 1673 752 1055 1538
917 1241 406 525 302 288 262 261 158 277 246 390 403 515 502 266 387 568 585 679 470 723 162 557 108 990 437 468 165 922 1072 527 60 187 639 244 374 637 1238 0 607 489 1335 935 612 894 206 308 1211 686 632 560 213 497
600 925 939 1058 640 821 509 693 662 810 590 781 936 917 1034 555 920 969 986 1212 996 1124 694 958 653 674 910 1001 698 605 756 928 702 677 1172 592 907 1170 921 730 0 1022 1019 619 1013 577 556 841 894 1088 1165 184 547 1030
1209 1534 234 173 547 405 554 506 403 395 491 635 254 699 64 513 147 752 769 219 654 907 363 741 555 1282 621 231 410 1214 1365 711 507 584 179 489 351 176 1530 489 900 0 1628 1228 796 1186 595 336 1503 870 295 853 602 145
684 123 1545 1623 1246 1425 1115 1299 1268 1416 1195 1273 1542 1140 1640 1161 1526 1285 1303 1817 1469 1441 1300 1275 1259 780 1227 1606 1303 573 322 1141 1308 1282 1692 1198 1512 1711 368 1335 1096 1628 0 726 1330 661 1162 1447 399 1404 1489 849 1152 1636
151 632 1145 1264 846 1026 715 899 868 1016 796 987 1142 1122 1240 761 1126 1174 1192 1417 1202 1330 900 1164 859 89 1116 1206 903 242 464 1134 908 882 1378 798 1112 1376 387 935 696 1228 726 0 1219 174 762 1047 360 1293 1371 449 752 1236
1200 1399 713 832 423 416 545 423 526 584 584 263 710 224 808 549 694 230 248 986 460 386 530 220 647 1273 217 775 475 1205 1356 235 630 671 946 586 681 944 1521 612 891 796 1303 1219 0 1177 587 615 1494 349 818 844 594 804
79 566 1103 1222 804 985 673 857 826 974 754 945 1100 1080 1198 719 1084 1132 1150 1375 1160 1288 858 1122 817 229 1074 1164 861 149 364 1092 866 841 1336 756 1070 1334 392 894 654 1186 661 174 1177 0 720 1005 365 1251 1329 408 710 1194
743 1067 512 631 213 394 125 266 236 383 163 354 509 490 608 128 493 542 560 785 570 698 268 531 129 816 483 574 271 748 898 501 178 153 745 165 480 743 1064 206 434 595 1162 762 587 720 0 414 1037 661 738 386 76 603
1028 1352 252 371 366 224 373 325 222 213 310 454 248 518 348 332 234 570 588 525 473 726 182 560 374 1101 439 314 229 1033 1183 529 326 403 469 308 95 483 1349 308 719 336 1447 1047 615 1005 414 0 1322 689 374 671 421 344
342 304 1420 1539 1121 1302 990 1174 1143 1291 1071 1262 1417 1397 1515 1036 1401 1450 1467 1693 1477 1605 1175 1439 1134 415 1391 1482 1178 332 173 1409 1183 1158 1653 1073 1388 1651 74 1211 971 1503 399 360 1494 365 1037 1322 0 1568 1646 725 1028 1511
1217 1416 730 849 440 433 562 440 543 601 601 280 727 240 825 566 711 247 265 1002 477 63 546 236 664 1290 234 791 491 1222 1373 252 647 687 963 603 697 961 1538 629 908 813 1319 1236 162 1194 603 632 1511 0 834 860 610 821
1352 1560 377 209 690 548 697 649 546 537 634 734 373 602 307 656 289 747 764 371 797 902 506 736 698 1425 688 428 553 1357 1507 602 650 726 260 632 310 278 1673 632 1042 295 1464 1371 791 1329 738 374 1646 866 0 995 745 243
431 755 769 888 470 651 339 524 493 641 420 611 767 747 865 386 750 799 817 1042 827 955 525 788 483 504 740 831 528 436 586 758 533 507 1003 423 737 1000 752 560 321 853 849 449 844 408 386 671 725 918 995 0 377 860
734 1058 519 638 220 401 132 273 243 390 170 361 516 497 615 135 500 549 567 792 577 705 275 538 136 807 490 581 278 738 889 508 185 160 752 172 487 750 1055 213 424 602 1152 752 594 710 76 421 1028 668 745 377 0 610
1217 1542 242 70 555 413 562 514 411 403 499 643 262 707 158 521 154 759 777 335 662 915 371 749 563 1290 629 293 418 1222 1373 719 515 592 232 497 359 251 1538 497 908 145 1631 1236 804 1194 603 344 1511 878 243 860 610 0
EOF