NAME : tsp_problem
TYPE : TSP
DIMENSION : 20
EDGE_WEIGHT_TYPE : EXPLICIT
EDGE_WEIGHT_FORMAT : FULL_MATRIX
EDGE_WEIGHT_SECTION
0 581 773 605 510 834 1042 1040 1054 480 911 263 780 419 694 568 1144 456 1013 700
418 0 898 150 146 470 678 1166 690 261 547 520 906 544 239 694 780 581 649 825
809 898 0 922 827 1151 1359 302 1371 797 1228 711 129 503 1011 266 1461 501 1330 161
442 150 922 0 132 376 585 1189 597 284 454 543 929 568 126 717 686 604 556 849
347 146 827 132 0 361 570 1094 581 189 439 448 834 473 222 622 671 509 541 754
671 470 1151 376 361 0 409 1418 434 513 291 772 1158 797 397 946 523 833 380 1078
879 678 1359 585 570 409 0 1623 814 722 672 980 1367 1005 675 1155 904 1042 81 1286
1076 1166 302 1189 1094 1418 1626 0 1638 1064 1496 979 320 685 1278 530 1728 641 1597 411
891 690 1371 597 581 434 814 1638 0 734 218 992 1378 1017 610 1166 118 1053 785 1298
316 261 797 284 189 513 722 1064 734 0 591 418 804 442 374 592 823 479 693 724
748 547 1228 454 439 291 672 1496 218 591 0 850 1236 874 468 1024 308 911 643 1156
430 520 711 543 448 772 980 979 992 418 850 0 719 357 633 507 1082 394 951 639
816 906 129 929 834 1158 1367 320 1378 804 1236 719 0 497 1019 273 1468 453 1337 168
455 544 503 568 473 797 1005 685 1017 442 874 357 497 0 657 299 1106 65 976 430
531 239 1011 126 222 397 675 1278 610 374 468 633 1019 657 0 807 700 694 645 938
604 694 266 717 622 946 1155 530 1166 592 1024 507 273 299 807 0 1256 297 1125 193
980 780 1461 686 671 523 904 1728 118 823 308 1082 1468 1106 700 1256 0 1143 875 1388
492 581 501 604 509 833 1042 641 1053 479 911 394 453 65 694 297 1143 0 1013 425
850 649 1330 556 541 380 81 1594 785 693 643 951 1337 976 645 1125 875 1013 0 1257
736 825 161 849 754 1078 1286 411 1298 724 1156 639 168 430 938 193 1388 425 1257 0
EOF