NAME : tsp_problem
TYPE : TSP
DIMENSION : 48
EDGE_WEIGHT_TYPE : EXPLICIT
EDGE_WEIGHT_FORMAT : FULL_MATRIX
EDGE_WEIGHT_SECTION
0 1223 833 749 689 223 736 883 622 528 540 511 754 336 1160 907 654 263 323 591 289 337 434 166 880 749 592 258 1665 404 166 1394 1433 181 283 1623 1656 683 577 663 304 889 1293 692 961 589 528 948
1223 0 1186 754 960 1083 814 598 893 995 859 923 801 970 96 1259 782 984 1276 859 1011 980 975 1328 1232 609 860 1210 528 864 1127 500 364 1342 1045 464 498 954 1044 1131 959 1242 208 1044 1313 711 879 1300
914 1256 0 782 331 774 803 916 407 424 506 676 821 661 1193 99 572 675 967 756 702 671 666 898 411 782 757 902 1652 617 818 1427 1466 912 736 1653 1687 342 425 511 650 420 1327 237 153 622 693 140
749 754 712 0 486 609 97 415 420 521 386 315 85 496 692 786 308 510 802 295 537 506 501 854 758 281 296 737 1197 391 653 926 965 869 571 1155 1188 480 570 657 485 768 825 570 839 191 314 827
689 960 261 486 0 549 506 620 111 274 210 389 524 436 897 334 275 450 742 470 476 446 441 748 307 486 470 676 1402 330 593 1131 1170 763 511 1360 1393 45 275 362 425 317 1030 119 388 326 407 376
223 1083 704 609 549 0 597 743 483 388 401 371 615 160 1020 777 514 214 234 452 113 161 295 285 750 609 452 168 1525 264 179 1254 1293 300 107 1483 1517 543 437 524 189 760 1153 562 831 449 388 818
736 814 733 97 506 597 0 474 440 515 406 253 95 484 751 806 329 498 790 256 524 494 457 841 779 340 256 724 1256 378 640 985 1024 856 559 1214 1248 501 564 651 473 788 884 591 860 205 275 847
1238 754 1201 770 975 1098 829 0 909 1010 875 939 817 985 692 1275 797 999 1291 875 1026 995 990 1343 1248 624 875 1226 1197 880 1142 926 964 1358 1060 1154 1188 969 1059 1146 974 1257 825 1059 1329 726 894 1316
622 893 337 420 111 483 440 554 0 279 143 323 458 370 831 410 209 384 676 403 410 380 374 727 383 419 404 610 1336 264 526 1065 1103 742 445 1293 1327 105 328 415 359 393 964 195 464 259 340 451
528 995 353 521 274 388 515 655 279 0 197 290 533 275 932 427 310 289 581 370 316 285 280 633 400 521 371 516 1437 231 432 1166 1205 647 350 1395 1429 285 87 173 264 409 1065 212 481 361 307 468
540 859 436 386 210 401 406 520 143 197 0 241 424 288 797 509 175 302 594 322 328 298 293 645 482 386 322 528 1302 182 445 1031 1069 660 363 1259 1293 204 246 333 277 492 930 294 563 225 259 551
511 923 606 315 389 371 253 584 323 290 241 0 271 258 861 679 354 272 564 141 299 268 263 616 652 450 141 499 1366 153 415 1095 1134 631 333 1323 1357 384 339 426 247 662 994 464 733 240 77 720
754 801 750 85 524 615 95 461 458 533 424 271 0 502 739 824 347 516 808 274 542 512 475 859 797 327 274 742 1244 396 658 973 1011 874 577 1201 1235 518 582 669 491 806 872 609 878 223 293 865
336 970 591 496 436 160 484 630 370 275 288 258 502 0 907 664 401 101 353 339 88 67 182 405 637 496 339 287 1412 151 204 1141 1180 419 122 1370 1404 430 324 411 76 647 1040 449 718 336 276 706
1160 96 1123 692 897 1020 751 536 831 932 797 861 739 907 0 1197 719 921 1213 797 948 917 912 1265 1170 546 797 1148 593 802 1064 526 429 1280 982 529 563 891 981 1068 896 1179 273 981 1251 648 816 1238
840 1182 291 708 257 700 729 842 333 350 432 602 747 587 1119 0 498 601 893 682 628 597 592 824 337 708 683 828 1578 543 744 1353 1392 838 662 1579 1613 268 350 437 576 346 1252 163 79 548 619 66
654 782 501 308 275 514 329 442 209 310 175 354 347 401 719 575 0 415 707 296 442 411 406 759 548 308 297 642 1224 295 558 953 992 773 476 1182 1216 269 359 446 390 557 852 360 629 148 316 616
263 984 605 510 450 214 498 644 384 289 302 272 516 101 921 678 415 0 407 353 142 111 196 389 651 510 354 342 1426 165 182 1155 1194 404 176 1384 1418 444 338 425 66 661 1054 463 732 350 290 720
323 1276 897 802 742 234 790 936 676 581 594 564 808 353 1213 970 707 407 0 645 306 354 488 386 943 802 645 168 1718 457 373 1447 1486 400 293 1676 1710 736 630 717 382 953 1346 755 1024 642 582 1012
591 859 686 295 470 452 256 520 403 370 322 141 274 339 797 760 296 353 645 0 379 349 344 696 733 386 46 579 1302 233 495 1031 1070 711 414 1259 1293 464 419 506 328 742 930 544 814 173 93 801
289 1011 632 537 476 113 524 671 410 316 328 299 542 88 948 705 442 142 306 379 0 89 222 357 678 537 380 240 1453 192 156 1182 1221 372 75 1411 1444 471 365 451 117 687 1081 490 759 376 316 746
337 980 601 506 446 161 494 640 380 285 298 268 512 67 917 674 411 111 354 349 89 0 192 406 647 506 349 289 1422 161 205 1151 1190 420 123 1380 1414 440 334 421 86 657 1050 459 728 346 286 716
434 975 596 501 441 295 457 635 374 280 293 263 475 182 912 669 406 196 488 344 222 192 0 539 642 501 344 422 1417 156 338 1146 1185 554 257 1375 1408 435 329 416 171 652 1045 454 723 341 280 710
166 1328 801 854 722 285 841 988 727 633 645 616 859 405 1265 875 759 389 386 696 357 406 539 0 847 854 697 320 1733 509 292 1499 1538 54 351 1728 1761 733 682 768 430 857 1398 659 929 694 633 916
986 1328 338 854 403 846 875 988 479 496 578 748 893 733 1265 411 644 747 1039 828 774 743 738 970 0 854 829 974 1724 689 890 1499 1538 984 808 1725 1759 414 497 583 722 200 1398 309 465 694 765 453
749 609 712 281 486 609 340 269 419 521 386 450 327 496 546 785 308 510 802 386 537 506 501 854 758 0 386 737 1051 391 653 780 819 869 571 1009 1043 480 570 657 485 768 679 570 839 237 405 827
592 860 687 296 470 452 256 520 404 371 322 141 274 339 797 760 297 354 645 46 380 349 344 697 733 386 0 580 1302 234 496 1031 1070 712 414 1260 1294 465 420 507 328 743 930 545 814 174 94 801
258 1210 831 737 676 168 724 871 610 516 528 499 742 287 1148 905 642 342 168 579 240 289 422 320 878 737 580 0 1653 392 307 1382 1421 335 234 1611 1644 671 565 651 317 887 1281 690 959 576 516 946
1665 528 1609 1197 1402 1525 1256 1041 1336 1437 1302 1366 1244 1412 593 1683 1224 1426 1718 1302 1453 1422 1417 1759 1656 1051 1302 1653 0 1307 1569 298 286 1773 1487 91 125 1396 1486 1573 1401 1665 449 1467 1737 1153 1321 1724
404 864 547 391 330 264 378 525 264 231 182 153 396 151 802 620 295 165 457 233 192 161 156 509 593 391 234 392 1307 0 308 1036 1075 524 226 1264 1298 324 280 367 140 602 935 405 674 230 170 661
166 1127 748 653 593 179 640 787 526 432 445 415 658 204 1064 821 558 182 373 495 156 205 338 292 794 653 496 307 1569 308 0 1298 1337 306 151 1527 1560 587 481 568 223 803 1197 606 875 493 432 862
1394 500 1357 926 1131 1254 985 770 1065 1166 1031 1095 973 1141 526 1431 953 1155 1447 1031 1182 1151 1146 1499 1404 780 1031 1382 298 1036 1298 0 170 1514 1216 256 289 1125 1215 1302 1130 1413 343 1215 1485 882 1050 1472
1433 364 1396 965 1170 1293 1024 809 1103 1205 1069 1134 1011 1180 429 1469 992 1194 1486 1070 1221 1190 1185 1538 1442 819 1070 1421 286 1075 1337 170 0 1553 1255 222 255 1164 1254 1341 1169 1452 285 1254 1523 921 1089 1511
181 1342 816 869 737 300 856 1003 742 647 660 631 874 419 1280 889 773 404 400 711 372 420 554 54 862 869 712 335 1748 524 306 1514 1553 0 366 1742 1776 747 696 783 445 872 1413 674 943 708 648 930
283 1045 666 571 511 107 559 705 445 350 363 333 577 122 982 739 476 176 293 414 75 123 257 351 712 571 414 234 1487 226 151 1216 1255 366 0 1445 1479 505 399 486 151 722 1115 524 793 411 350 780
1623 464 1586 1155 1360 1483 1214 998 1293 1395 1259 1323 1201 1370 529 1659 1182 1384 1676 1259 1411 1380 1375 1728 1632 1009 1260 1611 91 1264 1527 256 222 1742 1445 0 47 1354 1444 1531 1359 1642 385 1444 1713 1111 1279 1700
1656 498 1619 1188 1393 1517 1248 1032 1327 1429 1293 1357 1235 1404 563 1693 1216 1418 1710 1293 1444 1414 1408 1761 1666 1043 1294 1644 125 1298 1560 289 255 1776 1479 47 0 1387 1478 1564 1393 1675 418 1478 1747 1144 1312 1734
683 954 271 480 45 543 501 614 105 285 204 384 518 430 891 345 269 444 736 464 471 440 435 759 318 480 465 671 1396 324 587 1125 1164 774 505 1354 1387 0 286 372 419 327 1024 130 399 320 401 386
577 1044 354 570 275 437 564 704 328 87 246 339 582 324 981 428 359 338 630 419 365 334 329 682 401 570 420 565 1486 280 481 1215 1254 696 399 1444 1478 286 0 131 313 410 1114 213 482 410 356 469
663 1131 441 657 362 524 651 791 415 173 333 426 669 411 1068 515 446 425 717 506 451 421 416 768 487 657 507 651 1573 367 568 1302 1341 783 486 1531 1564 372 131 0 400 497 1201 299 568 497 443 556
304 959 580 485 425 189 473 619 359 264 277 247 491 76 896 653 390 66 382 328 117 86 171 430 626 485 328 317 1401 140 223 1130 1169 445 151 1359 1393 419 313 400 0 636 1029 438 707 325 265 695
899 1242 251 768 317 760 788 902 393 409 492 662 806 647 1179 325 557 661 953 742 687 657 652 883 298 768 743 887 1638 602 803 1413 1452 898 722 1639 1672 327 410 497 636 0 1312 222 379 608 679 366
1293 208 1256 825 1030 1153 884 669 964 1065 930 994 872 1040 273 1330 852 1054 1346 930 1081 1050 1045 1398 1303 679 930 1281 449 935 1197 343 285 1413 1115 385 418 1024 1114 1201 1029 1312 0 1114 1384 781 949 1371
702 1044 167 570 119 562 591 704 195 212 294 464 609 449 981 240 360 463 755 544 490 459 454 686 213 570 545 690 1440 405 606 1215 1254 700 524 1441 1475 130 213 299 438 222 1114 0 294 410 481 281
824 1166 275 693 242 685 713 827 318 334 417 586 731 572 1104 348 482 586 878 667 612 582 576 808 321 693 668 812 1562 527 728 1338 1377 823 647 1564 1597 252 335 422 561 331 1237 147 0 532 604 390
589 711 552 191 326 449 205 371 259 361 225 240 223 336 648 625 148 350 642 173 376 346 341 694 598 237 174 576 1153 230 493 882 921 708 411 1111 1144 320 410 497 325 608 781 410 679 0 192 666
528 879 623 314 407 388 275 539 340 307 259 77 293 276 816 696 316 290 582 93 316 286 280 633 669 405 94 516 1321 170 432 1050 1089 648 350 1279 1312 401 356 443 265 679 949 481 750 192 0 738
836 1178 287 705 254 696 725 839 329 346 428 598 743 584 1116 360 494 598 889 679 624 593 588 820 333 705 679 824 1574 539 740 1350 1389 835 658 1575 1609 264 347 434 572 343 1249 159 414 544 616 0
EOF