NAME : tsp_problem
TYPE : TSP
DIMENSION : 48
EDGE_WEIGHT_TYPE : EXPLICIT
EDGE_WEIGHT_FORMAT : FULL_MATRIX
EDGE_WEIGHT_SECTION
0 815 441 756 1094 491 753 74 800 763 650 1584 992 1204 769 1095 870 1023 880 848 891 806 554 733 741 600 1116 844 1085 963 636 1067 857 790 768 980 1179 797 656 1076 685 267 867 623 663 1062 1052 1010
685 0 703 220 1356 409 225 734 61 1025 201 1380 357 570 276 460 236 389 1142 220 256 100 816 172 1003 335 482 1106 451 461 208 1329 1119 297 1030 1242 544 305 200 573 947 574 1129 235 209 428 418 1272
510 703 0 644 713 378 640 559 687 418 537 1239 879 1092 657 982 758 911 536 736 778 694 209 621 396 488 1004 499 973 851 524 722 512 677 423 586 1066 685 544 964 340 200 452 511 551 949 940 629
627 220 644 0 1298 350 57 675 252 966 247 1215 397 609 102 500 275 428 1084 137 186 291 757 331 944 276 521 1047 490 296 233 1270 1060 123 971 1184 584 131 239 409 888 515 1070 271 249 467 457 1213
1164 1356 713 1298 0 1032 1294 1212 1341 390 1191 841 1533 1746 1310 1636 1411 1564 239 1389 1432 1348 574 1274 393 1141 1658 318 1627 1504 1177 324 277 1331 393 156 1720 1339 1198 1617 467 853 299 1165 1205 1603 1594 114
361 409 378 350 1032 0 346 409 393 700 243 1476 585 798 362 688 463 617 818 441 484 400 492 327 678 193 710 781 679 557 230 1004 794 383 705 918 772 391 250 669 623 250 804 217 257 655 646 947
623 225 640 57 1294 346 0 671 257 962 243 1211 401 614 98 504 280 433 1080 142 191 296 754 327 941 272 526 1043 495 292 230 1266 1056 119 968 1180 589 127 244 405 885 512 1066 267 253 472 462 1209
361 790 415 731 1069 465 727 0 774 737 624 1558 966 1179 743 1069 844 997 855 822 865 781 529 708 715 574 1091 818 1060 938 610 1041 831 764 742 955 1153 772 631 1050 660 241 841 598 638 1036 1027 984
670 61 687 252 1341 393 257 718 0 1009 182 1411 389 602 308 492 267 420 1127 252 288 132 801 204 987 319 514 1090 483 492 190 1313 1103 328 1014 1227 576 336 232 605 932 559 1113 217 241 459 450 1256
832 1025 418 966 390 700 962 880 1009 0 859 965 1201 1414 978 1304 1079 1232 261 1057 1100 1016 229 943 88 809 1326 126 1295 1173 845 448 139 999 121 262 1388 1007 866 1285 160 522 189 833 873 1271 1262 305
520 201 537 247 1191 243 243 568 182 859 0 1373 482 695 259 585 360 513 977 338 381 189 651 116 837 169 607 940 576 454 40 1163 953 280 864 1077 669 288 147 566 781 408 963 67 154 552 543 1106
1386 1578 971 1480 573 1254 1476 1434 1563 697 1413 0 1732 1752 1417 1765 1633 1594 506 1461 1480 1570 881 1496 700 1363 1562 738 1827 1264 1399 277 591 1398 772 605 1836 1393 1419 1377 811 1075 749 1387 1426 1803 1794 563
862 357 879 397 1533 585 401 910 389 1201 482 1470 0 361 452 251 194 179 1319 365 305 428 993 500 1179 511 309 1282 134 576 469 1505 1295 473 1206 1419 335 481 376 688 1123 750 1305 506 386 110 101 1448
1075 570 1092 609 1746 798 614 1123 602 1414 695 1489 361 0 665 166 407 383 1531 578 517 641 1205 713 1392 724 275 1495 318 788 681 1695 1508 686 1419 1631 104 694 589 901 1336 963 1518 719 598 343 347 1661
639 276 657 102 1310 362 98 687 308 978 259 1152 452 665 0 555 331 484 1096 193 242 347 770 343 957 288 577 1060 546 233 246 1282 1072 59 984 1196 640 67 266 346 901 528 1083 283 273 523 513 1225
965 460 982 500 1636 688 504 1013 492 1304 585 1502 251 166 555 0 297 273 1422 468 408 531 1096 603 1282 614 256 1385 174 679 572 1608 1398 576 1309 1522 141 584 479 791 1226 854 1408 609 489 199 203 1551
740 236 758 275 1411 463 280 788 267 1079 360 1373 194 407 331 297 0 226 1197 244 183 307 871 379 1058 389 287 1161 288 454 347 1383 1174 351 1085 1297 381 359 255 566 1002 629 1184 384 264 264 255 1326
893 389 911 428 1564 617 433 942 420 1232 513 1332 179 383 484 273 226 0 1350 397 336 460 1024 532 1211 543 171 1314 274 607 500 1537 1327 505 1238 1450 357 512 408 720 1155 782 1337 537 417 250 241 1479
950 1142 536 1084 239 818 1080 998 1127 261 977 773 1319 1531 1096 1422 1197 1350 0 1175 1218 1134 445 1060 264 927 1444 302 1412 1290 963 256 155 1117 337 147 1506 1125 984 1403 375 639 290 951 991 1389 1380 155
718 220 736 137 1389 441 142 766 252 1057 338 1196 365 578 193 468 244 397 1175 0 86 291 849 363 1036 367 490 1139 459 277 325 1361 1152 214 1063 1275 552 222 239 390 980 607 1162 362 249 435 426 1304
761 256 778 186 1432 484 191 809 288 1100 381 1215 305 517 242 408 183 336 1218 86 0 328 892 400 1078 410 429 1181 398 296 368 1404 1194 263 1105 1318 492 271 275 409 1023 650 1204 405 285 375 366 1347
677 100 694 291 1348 400 296 725 132 1016 189 1451 428 641 347 531 307 460 1134 291 328 0 807 100 994 326 553 1097 522 532 197 1320 1110 368 1021 1234 616 376 271 644 938 565 1120 223 280 499 489 1263
624 816 209 757 574 492 754 672 801 229 651 1148 993 1205 770 1096 871 1024 445 849 892 807 0 734 208 601 1117 311 1086 964 637 631 324 791 235 447 1180 798 657 1077 152 313 334 624 664 1063 1053 490
603 172 621 331 1274 327 327 652 204 943 116 1456 500 713 343 603 379 532 1060 363 400 100 734 0 921 253 625 1024 594 537 123 1247 1037 364 948 1160 688 372 230 650 865 492 1047 150 237 571 561 1190
810 1003 396 944 393 678 941 859 987 88 837 968 1179 1392 957 1282 1058 1211 264 1036 1078 994 208 921 0 788 1304 129 1273 1151 824 451 142 977 100 265 1367 985 844 1264 138 500 192 811 851 1250 1240 308
470 335 488 276 1141 193 272 518 319 809 169 1402 511 724 288 614 389 543 927 367 410 326 601 253 788 0 636 891 605 483 156 1113 904 309 815 1027 698 317 176 595 732 359 914 181 183 581 572 1056
987 482 1004 521 1658 710 526 1035 514 1326 607 1300 309 275 577 256 287 171 1444 490 429 553 1117 625 1304 636 0 1407 361 690 593 1506 1420 598 1331 1544 340 606 501 803 1248 875 1430 631 510 381 371 1573
913 1106 499 1047 318 781 1043 962 1090 126 940 1005 1282 1495 1060 1385 1161 1314 302 1139 1181 1097 311 1024 129 891 1407 0 1376 1254 927 488 174 1080 183 191 1469 1088 947 1367 241 603 89 914 954 1352 1343 233
955 451 973 490 1627 679 495 1004 483 1295 576 1564 134 318 546 174 288 274 1412 459 398 522 1086 594 1273 605 361 1376 0 669 562 1599 1389 567 1300 1512 244 575 470 782 1217 844 1399 599 479 83 74 1542
833 461 851 296 1501 557 292 882 492 1173 454 999 576 788 233 679 454 607 1290 277 296 532 964 537 1151 483 700 1254 669 0 440 1205 1267 214 1178 1390 763 210 460 148 1095 722 1277 477 467 646 636 1420
506 208 524 233 1177 230 230 555 190 845 40 1359 469 681 246 572 347 500 963 325 368 197 637 123 824 156 593 927 562 440 0 1150 940 267 851 1063 656 274 133 553 768 395 950 63 140 539 529 1092
1136 1329 722 1270 324 1004 1266 1185 1313 448 1163 545 1505 1718 1282 1608 1383 1537 256 1361 1404 1320 631 1247 451 1113 1531 488 1599 1233 1150 0 342 1303 523 356 1692 1311 1170 1345 561 826 499 1137 1177 1575 1566 314
926 1119 512 1060 277 794 1056 975 1103 139 953 858 1295 1508 1072 1398 1174 1327 155 1152 1194 1110 324 1037 142 904 1420 174 1389 1267 940 342 0 1093 216 150 1482 1101 960 1380 254 616 220 927 967 1365 1356 192
660 297 677 123 1331 383 119 708 328 999 280 1133 473 686 59 576 351 505 1117 214 263 368 791 364 977 309 598 1080 567 214 267 1303 1093 0 1004 1217 660 49 287 327 921 548 1103 304 294 543 534 1246
837 1030 423 971 393 705 968 886 1014 121 864 1040 1206 1419 984 1309 1085 1238 337 1063 1105 1021 235 948 100 815 1331 183 1300 1178 851 523 216 1004 0 266 1394 1012 871 1291 165 527 132 838 878 1277 1267 309
1050 1242 586 1184 156 918 1180 1098 1227 262 1077 873 1419 1631 1196 1522 1297 1450 147 1275 1318 1234 447 1160 265 1027 1544 191 1512 1390 1063 356 150 1217 266 0 1606 1225 1084 1503 339 739 172 1051 1091 1489 1480 71
1049 544 1066 584 1720 772 589 1097 576 1388 669 1573 335 104 640 141 381 357 1506 552 492 616 1180 688 1367 698 340 1469 244 763 656 1692 1482 660 1394 1606 0 668 564 875 1311 938 1492 693 573 270 273 1635
668 305 685 131 1339 391 127 716 336 1007 288 1129 481 694 67 584 359 512 1125 222 271 376 798 372 985 317 606 1088 575 210 274 1311 1101 49 1012 1225 668 0 295 322 929 556 1111 312 302 551 542 1254
527 200 544 239 1198 250 244 575 232 866 147 1379 376 589 266 479 255 408 984 239 275 271 657 230 844 176 501 947 470 460 133 1170 960 287 871 1084 564 295 0 573 788 415 970 171 76 447 437 1113
946 573 964 409 1614 669 405 994 605 1285 566 1112 688 901 346 791 566 720 1403 390 409 644 1077 650 1264 595 813 1367 782 148 553 1318 1380 327 1291 1503 875 322 573 0 1208 835 1390 590 580 758 749 1532
755 947 340 888 467 623 885 803 932 160 781 1078 1123 1336 901 1226 1002 1155 375 980 1023 938 152 865 138 732 1248 241 1217 1095 768 561 254 921 165 339 1311 929 788 1208 0 444 206 755 795 1194 1184 382
382 574 200 515 853 250 512 430 559 522 408 1343 750 963 528 854 629 782 639 607 650 565 313 492 500 359 875 603 844 722 395 826 616 548 527 739 938 556 415 835 444 0 626 382 422 821 811 769
936 1129 452 1070 299 804 1066 985 1113 189 963 1016 1305 1518 1083 1408 1184 1337 290 1162 1204 1120 334 1047 192 914 1430 89 1399 1277 950 499 220 1103 132 172 1492 1111 970 1390 206 626 0 937 977 1375 1366 214
494 235 511 271 1165 217 267 542 217 833 67 1396 506 719 283 609 384 537 951 362 405 223 624 150 811 181 631 914 599 477 63 1137 927 304 838 1051 693 312 171 590 755 382 937 0 178 576 567 1080
534 209 551 249 1205 257 253 582 241 873 154 1386 386 598 273 489 264 417 991 249 285 280 664 237 851 183 510 954 479 467 140 1177 967 294 878 1091 573 302 76 580 795 422 977 178 0 456 446 1120
932 428 949 467 1603 655 472 980 459 1271 552 1541 110 343 523 199 264 250 1389 435 375 499 1063 571 1250 581 381 1352 83 646 539 1575 1365 543 1277 1489 270 551 447 758 1194 821 1375 576 456 0 50 1518
923 418 940 457 1594 646 462 971 450 1262 543 1531 101 347 513 203 255 241 1380 426 366 489 1053 561 1240 572 371 1343 74 636 529 1566 1356 534 1267 1480 273 542 437 749 1184 811 1366 567 446 50 0 1509
1079 1272 629 1213 114 947 1209 1127 1256 305 1106 831 1448 1661 1225 1551 1326 1479 155 1304 1347 1263 490 1190 308 1056 1573 233 1542 1420 1092 314 192 1246 309 71 1635 1254 1113 1532 382 769 214 1080 1120 1518 1509 0
EOF