NAME : tsp_problem
TYPE : TSP
DIMENSION : 84
EDGE_WEIGHT_TYPE : EXPLICIT
EDGE_WEIGHT_FORMAT : FULL_MATRIX
EDGE_WEIGHT_SECTION
0 997 755 1301 1463 1032 2050 320 91 695 1080 1287 1811 1882 1604 2122 1247 637 1988 777 2044 713 922 587 1608 1504 1612 1102 1908 1298 2018 1039 1898 2173 1295 885 2065 67 319 462 1447 1983 226 54 1130 1765 530 2129 328 2255 1821 321 1064 1456 1306 891 448 1125 716 1231 303 1020 1292 315 347 2096 324 1465 727 1920 730 1990 510 356 1449 2550 343 1905 1356 1309 296 197 1629 1862
997 0 1445 815 1025 546 2195 1011 961 340 595 801 1373 1444 1166 1683 796 1328 1937 606 2188 1404 274 495 1170 1053 1174 616 1470 812 1580 554 1460 1735 810 579 1627 968 1010 587 1009 1544 917 979 645 1327 677 1691 1018 1817 1383 1012 579 1583 821 579 1139 639 1407 792 994 188 807 1006 1038 1745 1015 1591 1418 1482 558 1552 1201 1047 998 2111 1034 1467 1483 824 987 912 1191 1424
755 1445 0 1732 1818 1463 2146 592 701 1296 1512 1718 2165 2237 1958 2355 1678 178 2084 1249 2139 205 1374 1018 1963 1935 1966 1533 2262 1729 2373 1470 2252 2406 1726 1316 2420 725 750 1064 1802 2337 657 737 1561 2119 961 2362 759 2441 2176 752 1496 1595 1737 1322 500 1556 119 1585 575 1451 1723 587 779 2191 755 1604 220 2274 1201 2345 276 628 1880 2736 615 2260 1496 1740 727 798 1984 2217
1301 815 1732 0 941 366 2111 1298 1247 1096 406 106 1288 1360 1082 1599 124 1615 1853 1229 2104 1690 900 773 1086 648 1090 444 1386 138 1496 307 1376 1651 98 495 1543 1271 1211 1342 925 1460 1183 1283 324 1243 883 1607 1220 1733 1299 1213 345 1499 85 495 1425 412 1693 708 1280 665 99 1293 1169 1660 1216 1507 1705 1398 1182 1468 1487 1333 593 2027 1320 1383 1399 81 1188 1345 1107 1340
1463 1025 1803 941 0 828 1251 1460 1410 1258 868 956 373 445 403 921 854 1686 1155 1392 1245 1761 1063 935 407 874 411 906 470 987 581 1029 461 972 947 624 628 1434 1340 1505 106 782 1312 1446 1120 564 1012 928 1348 818 620 1342 807 1311 934 624 1496 874 1764 340 1443 1031 949 1455 1298 962 1345 1320 1776 699 1345 553 1558 1496 772 1112 1483 705 1211 931 1317 1507 429 662
1032 546 1463 366 828 0 1998 1029 978 827 270 380 1175 1247 968 1486 278 1346 1740 960 1991 1421 631 504 973 535 976 292 1272 412 1383 229 1262 1538 372 382 1430 1002 1027 1073 812 1347 934 1014 320 1129 694 1493 1036 1620 1186 1029 231 1385 359 381 1156 299 1424 595 1011 396 373 1024 1056 1547 1032 1394 1435 1284 913 1355 1218 1064 480 1914 1051 1270 1285 355 1004 1076 994 1227
1613 1775 1709 1691 776 1578 0 1450 1559 1883 1618 1706 744 816 652 909 1604 1592 733 1805 789 1667 1812 1574 672 1527 681 1656 841 1737 952 1779 831 960 1697 1373 999 1584 1609 1923 792 618 1516 1595 1870 552 1401 916 1617 362 819 1611 1557 1217 1684 1373 1402 1624 1670 1090 1433 1781 1698 1445 1637 736 1614 1226 1681 473 1757 924 1464 1486 1424 656 1473 628 1117 1681 1586 1657 611 861
320 1011 592 1298 1460 1029 1888 0 267 862 1077 1284 1808 1879 1601 2097 1244 475 1826 814 1881 550 940 584 1605 1501 1609 1099 1905 1294 2015 1036 1895 2148 1292 882 2062 291 316 630 1444 1979 223 302 1127 1762 527 2104 325 2183 1818 318 1061 1337 1303 888 285 1122 554 1228 99 1017 1289 111 344 1933 321 1346 565 1917 767 1987 347 75 1446 2478 84 1902 1237 1306 293 364 1626 1859
91 961 701 1247 1410 978 1997 267 0 691 1027 1233 1757 1829 1550 2068 1193 584 1935 764 1990 659 890 534 1554 1450 1558 1048 1854 1244 1965 986 1844 2119 1242 831 2012 120 266 459 1394 1929 172 108 1076 1711 476 2075 274 2201 1767 267 1011 1402 1253 837 394 1071 662 1177 249 966 1238 262 294 2042 270 1411 674 1866 716 1937 456 302 1395 2496 290 1852 1302 1255 243 193 1576 1809
695 340 1296 1096 1258 827 2428 862 691 0 875 1082 1606 1677 1399 1916 1042 1179 2170 313 2421 1255 265 616 1403 1299 1407 897 1703 1092 1813 834 1693 1968 1090 745 1860 665 861 285 1242 1777 768 677 925 1560 559 1924 870 2050 1616 863 859 1484 1101 744 990 920 1258 1026 845 476 1087 857 889 1978 866 1493 1269 1715 266 1785 1052 898 1244 2345 885 1700 1385 1104 838 610 1424 1657
1080 595 1512 406 868 270 2038 1077 1027 875 0 421 1216 1288 1009 1527 319 1395 1780 1009 2032 1470 680 552 1013 576 1017 341 1313 452 1423 278 1303 1578 412 422 1470 1051 1076 1122 853 1388 983 1063 369 1170 743 1534 1085 1660 1226 1078 272 1426 399 422 1205 339 1473 636 1060 444 414 1072 1096 1588 1081 1435 1484 1325 962 1395 1267 1113 520 1955 1100 1310 1326 396 1053 1124 1035 1267
1287 801 1718 106 956 380 2126 1284 1233 1082 421 0 1303 1375 1096 1614 138 1601 1868 1215 2119 1676 886 759 1100 663 1104 459 1400 152 1511 293 1390 1665 112 509 1558 1258 1226 1328 940 1475 1189 1269 310 1257 898 1621 1234 1747 1313 1228 359 1513 99 509 1411 426 1679 723 1266 651 114 1279 1183 1675 1230 1522 1691 1412 1168 1483 1473 1319 608 2042 1307 1398 1413 96 1203 1331 1122 1355
1811 1373 2133 1288 373 1175 1220 1808 1757 1606 1216 1303 0 94 652 1103 1201 2016 1123 1739 1213 2091 1410 1283 481 1125 490 1254 119 1334 290 1376 140 1155 1295 971 337 1781 1687 1852 390 813 1659 1793 1467 600 1360 1111 1696 786 868 1689 1154 1641 1282 971 1826 1221 2094 688 1790 1378 1296 1803 1645 930 1692 1650 2106 667 1692 262 1888 1843 1022 1080 1831 823 1541 1278 1664 1855 420 909
1882 1444 2205 1360 445 1247 1291 1879 1829 1677 1288 1375 94 0 724 1175 1273 2088 1195 1811 1285 2163 1482 1354 553 1197 562 1325 66 1406 364 1448 87 1227 1366 1043 411 1853 1759 1924 462 885 1731 1865 1539 672 1431 1182 1767 858 940 1761 1226 1713 1353 1043 1898 1293 2166 759 1862 1450 1368 1874 1717 1002 1764 1721 2177 739 1764 336 1960 1915 1094 1152 1902 895 1613 1350 1736 1926 492 981
1604 1166 1943 1082 403 968 1072 1601 1550 1399 1009 1096 652 724 0 560 994 1826 814 1532 1065 1902 1203 1076 237 917 241 1047 749 1128 860 1169 739 611 1088 764 907 1575 1480 1646 420 421 1452 1586 1260 203 1153 567 1489 694 259 1482 947 1451 1075 764 1637 1015 1905 481 1584 1171 1089 1596 1438 621 1485 1460 1916 358 1485 832 1699 1636 815 988 1624 344 1351 1071 1457 1648 259 301
2122 1683 2297 1599 921 1486 658 2039 2068 1916 1527 1614 1103 1175 560 0 1512 2180 400 2050 652 2256 1721 1594 755 1435 759 1564 1200 1645 1311 1687 1191 69 1605 1282 1358 2092 1998 2163 937 373 1970 2104 1778 671 1670 32 2006 950 727 2000 1465 1805 1592 1282 1991 1532 2259 998 2022 1689 1607 2034 1956 346 2003 1814 2270 480 2003 1283 2053 2075 1332 1245 2062 296 1706 1589 1975 2165 777 769
1247 796 1678 124 854 278 2024 1244 1193 1042 319 138 1201 1273 994 1512 0 1561 1766 1176 2017 1637 846 719 998 561 1002 357 1298 170 1409 395 1288 1563 130 407 1456 1218 1124 1289 838 1373 1096 1229 411 1155 796 1519 1132 1645 1211 1126 257 1411 117 407 1372 324 1640 621 1227 646 131 1239 1081 1573 1128 1420 1651 1310 1128 1381 1434 1280 506 1940 1267 1296 1311 113 1101 1291 1020 1253
637 1328 178 1615 1701 1346 2029 475 584 1179 1395 1601 2048 2120 1841 2238 1561 0 1967 1132 2022 137 1257 901 1846 1818 1849 1416 2145 1612 2256 1353 2135 2289 1609 1199 2303 608 633 947 1685 2220 540 620 1444 2002 844 2245 642 2324 2058 635 1379 1478 1620 1205 383 1439 221 1468 458 1334 1606 470 662 2074 638 1487 151 2157 1084 2228 163 511 1763 2619 498 2143 1379 1623 610 681 1867 2100
1886 2047 1981 1963 1048 1850 324 1723 1832 2156 1891 1978 1016 1088 924 1181 1876 1864 0 2077 317 1940 2085 1847 944 1799 953 1929 1113 2009 1224 2051 1104 1233 1969 1646 1271 1856 1881 2195 1065 891 1788 1868 2142 824 1674 1188 1890 634 1092 1883 1829 1489 1957 1646 1675 1896 1943 1362 1706 2053 1971 1718 1910 1008 1886 1498 1954 745 2030 1196 1737 1759 1697 929 1746 901 1389 1953 1858 1929 883 1133
777 606 1249 1229 1392 960 2544 814 764 313 1009 1215 1739 1811 1532 2050 1176 1132 2304 0 2538 1207 535 537 1537 1433 1541 1031 1836 1226 1947 968 1827 2102 1224 835 1994 748 813 367 1376 1911 720 759 1059 1694 480 2057 822 2184 1750 815 993 1406 1235 841 942 1053 1210 1159 797 611 1221 809 842 2111 818 1415 1221 1848 119 1919 1004 850 1377 2478 837 1834 1306 1238 790 693 1558 1791
1611 1773 1707 1689 774 1576 794 1449 1558 1882 1617 1704 742 814 650 907 1602 1590 732 1803 0 1665 1811 1573 670 1525 679 1654 839 1735 950 1777 830 958 1695 1372 997 1582 1607 1921 791 617 1514 1594 1868 550 1400 914 1616 360 818 1609 1555 1215 1682 1372 1400 1622 1669 1088 1432 1779 1697 1444 1635 734 1612 1224 1680 471 1756 922 1463 1485 1423 655 1472 626 1115 1679 1584 1655 609 859
713 1404 205 1690 1776 1421 2104 550 659 1255 1470 1676 2124 2195 1917 2313 1637 137 2042 1207 2098 0 1333 977 1921 1893 1925 1491 2221 1687 2331 1429 2211 2365 1685 1274 2378 684 709 1022 1760 2295 615 695 1520 2078 919 2320 717 2400 2134 711 1454 1554 1696 1280 458 1514 248 1544 533 1409 1682 545 737 2150 714 1563 92 2233 1160 2303 235 586 1838 2694 573 2218 1454 1699 686 757 1942 2175
922 274 1374 900 1063 631 2232 940 890 265 680 886 1410 1482 1203 1721 846 1257 1974 535 2226 1333 0 437 1207 1103 1211 701 1507 897 1618 638 1497 1772 895 549 1665 893 939 512 1047 1582 846 904 729 1364 606 1728 947 1854 1420 941 664 1532 905 549 1068 724 1336 830 923 280 891 935 967 1782 944 1540 1347 1519 487 1590 1130 976 1048 2149 963 1504 1432 908 916 837 1229 1462
587 495 1018 773 935 504 2105 584 534 616 552 759 1283 1354 1076 1594 719 901 1847 537 2098 977 437 0 1080 976 1084 574 1380 770 1490 511 1370 1645 767 422 1537 558 583 660 919 1455 490 569 602 1237 250 1601 592 1727 1293 585 536 1176 778 422 712 597 980 703 567 501 764 579 611 1655 588 1185 991 1392 490 1462 774 620 921 2022 607 1377 1076 781 560 631 1101 1334
1608 1170 1948 1086 407 973 1148 1605 1554 1403 1013 1100 481 553 237 755 998 1830 1009 1537 1141 1906 1207 1080 0 922 231 1051 578 1132 689 1174 569 807 1092 768 736 1579 1485 1650 424 616 1457 1590 1265 399 1157 762 1493 714 455 1486 952 1455 1079 768 1641 1019 1909 485 1588 1176 1093 1600 1442 816 1489 1464 1920 553 1489 661 1703 1641 819 1008 1628 539 1356 1076 1462 1652 248 496
1504 1053 1935 648 874 535 1947 1501 1450 1299 576 663 1125 1197 917 1435 561 1818 1689 1433 1940 1893 1103 976 922 0 925 613 1222 694 1332 736 1212 1487 654 664 1379 1475 1380 1546 891 1296 1352 1486 827 1078 1053 1442 1389 1569 1134 1382 514 1668 641 664 1628 581 1897 878 1484 902 656 1496 1338 1496 1385 1677 1908 1233 1385 1304 1690 1536 196 1863 1524 1219 1568 638 1357 1548 943 1176
1612 1174 1951 1090 411 976 1157 1609 1558 1407 1017 1104 490 562 241 759 1002 1834 1013 1541 1150 1910 1211 1084 231 925 0 1055 587 1136 698 1178 578 811 1096 772 745 1583 1488 1654 428 620 1460 1594 1268 402 1161 766 1497 723 459 1490 955 1459 1083 772 1645 1023 1913 489 1592 1179 1097 1604 1446 820 1493 1468 1924 557 1493 670 1707 1645 823 1017 1632 543 1359 1079 1465 1656 252 500
1102 616 1533 444 906 292 2076 1099 1048 897 341 459 1254 1325 1047 1564 357 1416 1818 1031 2069 1491 701 574 1051 613 1055 0 1351 490 1461 299 1341 1616 450 460 1508 1073 1098 1144 890 1425 1004 1084 390 1208 764 1572 1106 1698 1264 1100 310 1464 437 460 1226 377 1495 674 1082 466 451 1094 1126 1626 1103 1473 1506 1363 983 1433 1289 1135 558 1993 1122 1348 1364 434 1075 1146 1072 1305
1908 1470 2230 1386 470 1272 1317 1905 1854 1703 1313 1400 119 66 749 1200 1298 2113 1220 1836 1310 2188 1507 1380 578 1222 587 1351 0 1432 389 1473 39 1252 1392 1068 436 1879 1784 1949 487 910 1756 1890 1564 697 1457 1208 1793 883 965 1786 1251 1738 1379 1068 1923 1319 2192 785 1887 1475 1393 1900 1742 1027 1789 1747 2203 765 1789 361 1985 1940 1119 1178 1928 920 1638 1375 1761 1952 517 1006
1298 812 1729 138 987 412 2157 1294 1244 1092 452 152 1334 1406 1128 1645 170 1612 1899 1226 2150 1687 897 770 1132 694 1136 490 1432 0 1542 304 1422 1697 144 541 1589 1268 1257 1339 971 1506 1200 1280 321 1289 929 1653 1266 1779 1345 1259 391 1545 131 541 1422 458 1690 754 1277 661 145 1289 1215 1706 1262 1553 1701 1444 1179 1514 1484 1330 639 2073 1317 1429 1445 127 1234 1341 1153 1386
2018 1580 2340 1496 581 1383 1427 2015 1965 1813 1423 1511 290 364 860 1311 1409 2223 1331 1947 1420 2299 1618 1490 689 1332 698 1461 389 1542 0 1584 410 1363 1502 1179 86 1989 1895 2060 597 1021 1867 2000 1675 807 1567 1318 1903 993 1075 1897 1362 1848 1489 1178 2034 1429 2302 895 1998 1586 1503 2010 1853 1138 1900 1857 2313 875 1900 64 2096 2051 1230 1288 2038 1031 1749 1486 1872 2062 628 1117
1039 554 1470 307 1029 229 2199 1036 986 834 278 293 1376 1448 1169 1687 395 1353 1941 968 2192 1429 638 511 1174 736 1178 299 1473 304 1584 0 1464 1739 302 583 1631 1010 1035 1081 1013 1548 942 1021 190 1331 702 1694 1044 1821 1387 1037 262 1586 313 583 1164 322 1432 796 1019 403 299 1031 1063 1748 1040 1595 1443 1485 920 1556 1226 1072 681 2115 1059 1471 1487 316 1012 1083 1195 1428
1898 1460 2220 1376 461 1262 1307 1895 1844 1693 1303 1390 140 87 739 1191 1288 2103 1210 1827 1300 2179 1497 1370 569 1212 578 1341 39 1422 410 1464 0 1242 1382 1058 457 1869 1774 1940 477 901 1746 1880 1555 687 1447 1198 1783 873 955 1776 1241 1728 1369 1058 1914 1309 2182 775 1878 1465 1383 1890 1732 1018 1779 1737 2193 755 1779 382 1976 1931 1110 1168 1918 910 1628 1366 1751 1942 507 996
2173 1735 2349 1651 972 1538 710 2091 2119 1968 1578 1665 1155 1227 611 69 1563 2232 452 2102 703 2307 1772 1645 807 1487 811 1616 1252 1697 1363 1739 1242 0 1657 1333 1410 2144 2050 2215 989 425 2021 2155 1830 723 1722 62 2058 1002 779 2051 1517 1857 1644 1333 2042 1584 2311 1050 2074 1741 1658 2086 2007 398 2054 1866 2322 531 2054 1335 2105 2126 1384 1297 2114 347 1757 1641 2027 2217 828 820
1295 810 1726 98 947 372 2117 1292 1242 1090 412 112 1295 1366 1088 1605 130 1609 1859 1224 2110 1685 895 767 1092 654 1096 450 1392 144 1502 302 1382 1657 0 501 1549 1266 1217 1337 931 1466 1189 1277 319 1249 889 1613 1226 1739 1305 1219 351 1505 91 501 1420 418 1688 715 1275 659 105 1287 1175 1667 1222 1513 1699 1404 1177 1474 1482 1328 599 2033 1315 1389 1405 87 1194 1339 1113 1346
885 579 1316 495 624 382 1794 882 831 745 422 509 971 1043 764 1282 407 1199 1536 835 1787 1274 549 422 768 664 772 460 1068 541 1179 583 1058 1333 501 0 1226 856 759 958 608 1143 731 867 674 925 432 1289 768 1415 981 761 361 1047 488 110 1009 428 1278 391 865 585 502 877 717 1343 764 1056 1289 1080 788 1151 1072 917 609 1710 905 1066 947 485 736 929 790 1023
2065 1627 2387 1543 628 1430 1474 2062 2012 1860 1470 1558 337 411 907 1358 1456 2270 1378 1994 1467 2346 1665 1537 736 1379 745 1508 436 1589 86 1631 457 1410 1549 1226 0 2036 1942 2107 644 1068 1914 2048 1722 854 1614 1365 1950 1041 1122 1944 1409 1895 1536 1225 2081 1476 2349 942 2045 1633 1551 2057 1900 1185 1947 1904 2360 922 1947 111 2143 2098 1277 1335 2085 1078 1796 1533 1919 2109 675 1164
67 968 725 1271 1434 1002 2021 291 120 665 1051 1258 1781 1853 1575 2092 1218 608 1959 748 2014 684 893 558 1579 1475 1583 1073 1879 1268 1989 1010 1869 2144 1266 856 2036 0 290 433 1418 1953 197 84 1101 1736 501 2100 299 2226 1792 292 1035 1427 1277 861 419 1095 687 1201 274 991 1263 286 318 2066 295 1435 698 1891 700 1961 481 327 1420 2520 314 1876 1327 1280 267 167 1600 1833
319 1010 750 1211 1340 1027 2046 316 266 861 1076 1226 1687 1759 1480 1998 1124 633 1984 813 2039 709 939 583 1485 1380 1488 1098 1784 1257 1895 1035 1774 2050 1217 759 1942 290 0 629 1324 1859 152 301 1126 1641 526 2005 94 2132 1698 83 1060 1330 1204 765 444 1120 712 1107 299 1016 1218 311 106 2059 72 1339 723 1796 766 1867 506 352 1325 2426 339 1782 1230 1201 85 363 1506 1739
462 587 1064 1342 1505 1073 2360 630 459 285 1122 1328 1852 1924 1646 2163 1289 947 2298 367 2353 1022 512 660 1650 1546 1654 1144 1949 1339 2060 1081 1940 2215 1337 958 2107 433 629 0 1489 2024 535 444 1172 1807 603 2170 637 2297 1863 631 1106 1529 1348 964 757 1166 1026 1272 613 723 1334 625 657 2224 634 1538 1037 1961 320 2032 820 666 1490 2591 653 1947 1429 1351 606 378 1671 1904
1447 1009 1787 925 106 812 1268 1444 1394 1242 853 940 390 462 420 937 838 1670 1171 1376 1261 1745 1047 919 424 891 428 890 487 971 597 1013 477 989 931 608 644 1418 1324 1489 0 798 1296 1430 1104 581 996 945 1332 834 637 1326 791 1295 918 608 1480 858 1748 324 1427 1015 933 1439 1282 979 1329 1304 1760 716 1329 569 1542 1480 788 1129 1467 721 1195 915 1301 1491 445 678
1912 1544 2007 1460 782 1347 752 1749 1858 1777 1388 1475 813 885 421 373 1373 1890 494 1911 745 1966 1582 1455 616 1296 620 1425 910 1506 1021 1548 901 425 1466 1143 1068 1882 1859 2024 798 0 1814 1894 1639 532 1531 380 1868 660 588 1861 1326 1515 1454 1143 1700 1393 1969 859 1732 1550 1468 1744 1817 302 1864 1524 1980 190 1864 993 1763 1785 1193 955 1772 129 1415 1450 1836 1955 638 630
226 917 657 1183 1312 934 1953 223 172 768 983 1189 1659 1731 1452 1970 1096 540 1891 720 1946 615 846 490 1457 1352 1460 1004 1756 1200 1867 942 1746 2021 1189 731 1914 197 152 535 1296 1831 0 208 1032 1613 432 1977 161 2103 1669 154 967 1302 1176 737 350 1027 619 1079 206 922 1190 218 181 1998 157 1311 630 1768 673 1839 412 258 1297 2398 246 1754 1202 1173 129 270 1478 1711
54 979 737 1283 1446 1014 2032 302 108 677 1063 1269 1793 1865 1586 2104 1229 620 1970 759 2026 695 904 569 1590 1486 1594 1084 1890 1280 2000 1021 1880 2155 1277 867 2048 84 301 444 1430 1965 208 0 1112 1747 512 2111 310 2237 1803 303 1047 1438 1288 873 430 1107 698 1213 285 1002 1274 297 330 2078 306 1447 709 1902 712 1972 492 338 1431 2532 325 1887 1338 1291 278 179 1612 1845
1130 645 1561 324 1120 320 2290 1127 1076 925 369 310 1467 1539 1260 1778 411 1444 2032 1059 2283 1520 729 602 1265 827 1268 390 1564 321 1675 190 1555 1830 319 674 1722 1101 1126 1172 1104 1639 1032 1112 0 1421 792 1785 1134 1912 1478 1128 353 1677 330 673 1254 413 1523 887 1110 494 315 1122 1154 1839 1131 1686 1534 1576 1011 1647 1317 1163 772 2206 1150 1562 1577 332 1103 1174 1286 1519
1765 1327 1940 1243 564 1129 1027 1682 1711 1560 1170 1257 600 672 203 671 1155 1823 925 1694 1020 1899 1364 1237 399 1078 402 1208 697 1289 807 1331 687 723 1249 925 854 1736 1641 1807 581 532 1613 1747 1421 0 1314 678 1650 593 371 1643 1108 1448 1236 925 1634 1176 1902 642 1665 1332 1250 1677 1599 732 1646 1457 1913 469 1646 779 1696 1718 976 888 1705 455 1349 1232 1618 1809 420 412
530 677 961 883 1012 694 2182 527 476 559 743 898 1360 1431 1153 1670 796 844 1924 480 2175 919 606 250 1157 1053 1161 764 1457 929 1567 702 1447 1722 889 432 1614 501 526 603 996 1531 432 512 792 1314 0 1678 534 1804 1370 528 727 1003 877 437 654 787 923 780 510 682 891 522 554 1732 530 1011 934 1469 433 1539 716 562 998 2099 550 1454 903 873 503 574 1178 1411
2129 1691 2305 1607 928 1493 666 2046 2075 1924 1534 1621 1111 1182 567 32 1519 2188 408 2057 659 2263 1728 1601 762 1442 766 1572 1208 1653 1318 1694 1198 62 1613 1289 1365 2100 2005 2170 945 380 1977 2111 1785 678 1678 0 2014 958 735 2007 1472 1813 1600 1289 1998 1539 2266 1006 2029 1696 1614 2041 1963 353 2010 1821 2277 487 2010 1290 2060 2082 1340 1252 2069 303 1713 1596 1982 2173 784 776
328 1018 759 1220 1348 1036 2055 325 274 870 1085 1234 1696 1767 1489 2006 1132 642 1992 822 2048 717 947 592 1493 1389 1497 1106 1793 1266 1903 1044 1783 2058 1226 768 1950 299 94 637 1332 1868 161 310 1134 1650 534 2014 0 2140 1706 105 1069 1339 1213 774 452 1129 720 1116 307 1024 1227 320 129 2068 94 1347 732 1805 774 1875 514 360 1334 2435 348 1790 1239 1209 107 372 1514 1747
1349 1551 1445 1467 1156 1354 1558 1187 1296 1619 1395 1482 1504 1575 1297 1767 1380 1328 1496 1541 1551 1403 1589 1311 1301 1637 1305 1432 1601 1513 1711 1555 1591 1818 1473 1150 1758 1320 1345 1659 1140 1675 1252 1331 1646 1458 1137 1774 1353 0 1514 1347 1333 953 1461 1150 1138 1400 1406 924 1169 1557 1475 1182 1373 1603 1350 962 1418 1613 1493 1683 1200 1222 1582 392 1209 1598 853 1457 1322 1393 1322 1555
1821 1383 2160 1299 620 1186 1239 1818 1767 1616 1226 1313 868 940 259 727 1211 2043 981 1750 1232 2119 1420 1293 455 1134 459 1264 965 1345 1075 1387 955 779 1305 981 1122 1792 1698 1863 637 588 1669 1803 1478 371 1370 735 1706 861 0 1699 1165 1668 1292 981 1854 1232 2122 698 1801 1388 1306 1813 1655 789 1702 1677 2133 526 1702 1047 1916 1854 1032 1156 1841 511 1569 1289 1674 1865 476 133
321 1012 752 1213 1342 1029 2048 318 267 863 1078 1228 1689 1761 1482 2000 1126 635 1986 815 2041 711 941 585 1486 1382 1490 1100 1786 1259 1897 1037 1776 2051 1219 761 1944 292 83 631 1326 1861 154 303 1128 1643 528 2007 105 2133 1699 0 1062 1332 1206 767 446 1122 714 1109 301 1018 1220 313 118 2061 83 1341 725 1798 768 1869 508 354 1327 2428 341 1784 1232 1203 96 365 1508 1741
1064 579 1496 345 807 231 1977 1061 1011 859 272 359 1154 1226 947 1465 257 1379 1719 993 1970 1454 664 536 952 514 955 310 1251 391 1362 262 1241 1517 351 361 1409 1035 1060 1106 791 1326 967 1047 353 1108 727 1472 1069 1599 1165 1062 0 1364 338 360 1189 278 1457 574 1044 428 352 1056 1035 1526 1065 1373 1468 1263 946 1334 1251 1097 459 1893 1084 1249 1264 334 1037 1108 973 1206
617 1307 712 1594 1544 1325 1872 454 563 1158 1374 1580 1891 1963 1684 2081 1540 595 1810 1111 1865 671 1236 880 1688 1797 1692 1395 1988 1591 2099 1332 1978 2132 1588 1178 2146 587 612 926 1528 2063 519 599 1423 1845 823 2088 621 2167 1901 614 1358 0 1599 1184 406 1418 674 1311 437 1313 1585 449 641 1917 617 74 685 2000 1063 2071 468 490 1742 2462 477 1985 1221 1602 589 661 1710 1943
1306 821 1737 85 934 359 2104 1303 1253 1101 399 99 1282 1353 1075 1592 117 1620 1846 1235 2097 1696 905 778 1079 641 1083 437 1379 131 1489 313 1369 1644 91 488 1536 1277 1204 1348 918 1454 1176 1288 330 1236 877 1600 1213 1726 1292 1206 338 1492 0 488 1431 405 1699 702 1286 670 92 1298 1162 1654 1209 1501 1710 1391 1188 1461 1493 1339 586 2021 1326 1376 1392 75 1181 1350 1100 1333
891 579 1322 495 624 381 1793 888 837 744 422 509 971 1043 764 1282 407 1205 1535 841 1787 1280 549 422 768 664 772 460 1068 541 1178 583 1058 1333 501 110 1225 861 765 964 608 1143 737 873 673 925 437 1289 774 1415 981 767 360 1053 488 0 1015 428 1283 391 870 584 502 883 723 1343 770 1061 1294 1080 793 1150 1077 923 609 1710 910 1065 953 484 742 935 790 1022
448 1139 500 1425 1511 1156 1839 285 394 990 1205 1411 1858 1930 1652 2048 1372 383 1777 942 1833 458 1068 712 1656 1628 1660 1226 1956 1422 2066 1164 1946 2100 1420 1009 2113 419 444 757 1495 2030 350 430 1254 1813 654 2055 452 2135 1869 446 1189 1289 1431 1015 0 1249 461 1278 268 1144 1417 280 472 1885 448 1298 472 1968 895 2038 255 321 1573 2429 308 1953 1189 1434 421 492 1677 1910
1125 639 1556 412 874 299 2044 1122 1071 920 339 426 1221 1293 1015 1532 324 1439 1786 1053 2037 1514 724 597 1019 581 1023 377 1319 458 1429 322 1309 1584 418 428 1476 1095 1120 1166 858 1393 1027 1107 413 1176 787 1539 1129 1666 1232 1122 278 1432 405 428 1249 0 1517 641 1104 489 419 1117 1102 1593 1125 1440 1529 1331 1006 1401 1311 1157 526 1960 1144 1316 1332 402 1097 1169 1040 1273
716 1407 119 1693 1779 1424 2108 554 662 1258 1473 1679 2127 2199 1920 2317 1640 221 2045 1210 2101 248 1336 980 1924 1897 1928 1495 2224 1690 2334 1432 2214 2368 1688 1278 2381 687 712 1026 1764 2299 619 698 1523 2081 923 2324 720 2403 2137 714 1457 1557 1699 1283 461 1517 0 1547 536 1413 1685 548 740 2153 717 1566 263 2236 1163 2306 319 589 1841 2698 576 2221 1457 1702 689 760 1946 2178
1231 792 1570 708 340 595 1510 1228 1177 1026 636 723 688 759 481 998 621 1453 1252 1159 1503 1528 830 703 485 878 489 674 785 754 895 796 775 1050 715 391 942 1201 1107 1272 324 859 1079 1213 887 642 780 1006 1116 1132 698 1109 574 1078 702 391 1263 641 1532 0 1210 798 716 1223 1065 1060 1112 1087 1543 797 1112 867 1326 1263 823 1426 1250 782 978 698 1084 1275 506 739
303 994 575 1280 1443 1011 1871 99 249 845 1060 1266 1790 1862 1584 2079 1227 458 1808 797 1864 533 923 567 1588 1484 1592 1082 1887 1277 1998 1019 1878 2131 1275 865 2045 274 299 613 1427 1962 206 285 1110 1745 510 2087 307 2166 1801 301 1044 1320 1286 870 268 1104 536 1210 0 1000 1272 58 327 1916 304 1329 547 1899 750 1970 330 110 1428 2461 120 1885 1220 1289 276 347 1609 1842
1020 188 1451 665 1031 396 2201 1017 966 476 444 651 1378 1450 1171 1689 646 1334 1943 611 2194 1409 280 501 1176 902 1179 466 1475 661 1586 403 1465 1741 659 585 1633 991 1016 723 1015 1550 922 1002 494 1332 682 1696 1024 1823 1388 1018 428 1588 670 584 1144 489 1413 798 1000 0 656 1012 1044 1750 1020 1597 1424 1487 564 1558 1206 1052 847 2117 1040 1473 1488 673 993 1048 1197 1430
1292 807 1723 99 949 373 2118 1289 1238 1087 414 114 1296 1368 1089 1607 131 1606 1860 1221 2112 1682 891 764 1093 656 1097 451 1393 145 1503 299 1383 1658 105 502 1551 1263 1218 1334 933 1468 1190 1274 315 1250 891 1614 1227 1740 1306 1220 352 1506 92 502 1417 419 1685 716 1272 656 0 1284 1176 1668 1223 1515 1696 1405 1173 1476 1479 1325 600 2035 1312 1390 1406 89 1195 1336 1115 1348
315 1006 587 1293 1455 1024 1883 111 262 857 1072 1279 1803 1874 1596 2092 1239 470 1821 809 1876 545 935 579 1600 1496 1604 1094 1900 1289 2010 1031 1890 2143 1287 877 2057 286 311 625 1439 1974 218 297 1122 1757 522 2099 320 2178 1813 313 1056 1332 1298 883 280 1117 548 1223 58 1012 1284 0 339 1928 316 1341 560 1912 762 1982 342 103 1441 2473 112 1897 1232 1301 288 359 1621 1854
347 1038 779 1169 1298 1056 2074 344 294 889 1096 1183 1645 1717 1438 1956 1081 662 2012 842 2068 737 967 611 1442 1338 1446 1126 1742 1215 1853 1063 1732 2007 1175 717 1900 318 106 657 1282 1817 181 330 1154 1599 554 1963 129 2089 1655 118 1035 1288 1162 723 472 1102 740 1065 327 1044 1176 339 0 2017 107 1297 751 1754 794 1825 534 380 1283 2384 367 1740 1188 1159 119 391 1464 1697
2029 1745 2124 1660 962 1547 478 1866 1975 1978 1588 1675 930 1002 621 389 1573 2007 220 2111 472 2083 1782 1655 816 1496 820 1626 1027 1706 1138 1748 1018 441 1667 1343 1185 2000 2025 2224 979 302 1931 2011 1839 732 1732 397 2033 777 789 2027 1526 1632 1654 1343 1818 1593 2086 1060 1849 1750 1668 1861 2017 0 2029 1641 2097 307 2064 1110 1880 1902 1394 1072 1889 311 1533 1650 2002 2073 797 830
324 1015 755 1216 1345 1032 2051 321 270 866 1081 1230 1692 1764 1485 2003 1128 638 1989 818 2044 714 944 588 1489 1385 1493 1103 1789 1262 1900 1040 1779 2054 1222 764 1947 295 72 634 1329 1864 157 306 1131 1646 530 2010 94 2136 1702 83 1065 1335 1209 770 448 1125 717 1112 304 1020 1223 316 107 2064 0 1344 728 1801 771 1872 511 357 1330 2431 344 1787 1235 1206 85 368 1511 1744
625 1316 721 1603 1552 1334 1881 463 572 1167 1382 1589 1900 1972 1693 2090 1549 604 1818 1120 1874 679 1245 889 1697 1806 1701 1404 1997 1600 2107 1341 1987 2141 1597 1187 2154 596 621 935 1537 2072 528 608 1432 1854 832 2097 630 2176 1910 623 1366 74 1608 1193 414 1427 683 1320 446 1322 1594 458 650 1926 626 0 694 2009 1072 2079 477 499 1751 2471 486 1994 1230 1611 598 669 1719 1951
727 1418 220 1705 1791 1435 2119 565 674 1269 1484 1691 2138 2210 1931 2328 1651 151 2057 1221 2112 92 1347 991 1935 1908 1939 1506 2235 1701 2346 1443 2225 2379 1699 1289 2393 698 723 1037 1775 2310 630 709 1534 2092 934 2335 732 2414 2148 725 1468 1568 1710 1294 472 1529 263 1558 547 1424 1696 560 751 2164 728 1577 0 2247 1174 2318 249 600 1853 2709 588 2232 1468 1713 700 771 1957 2190
1766 1482 1861 1398 699 1284 757 1603 1712 1715 1325 1412 667 739 358 480 1310 1744 499 1848 751 1820 1519 1392 553 1233 557 1363 765 1444 875 1485 755 531 1404 1080 922 1737 1762 1961 716 190 1668 1748 1576 469 1469 487 1770 514 526 1764 1263 1369 1391 1080 1555 1331 1823 797 1586 1487 1405 1598 1754 307 1766 1378 1834 0 1801 847 1617 1639 1131 809 1626 199 1270 1387 1739 1810 534 567
730 558 1201 1182 1345 913 2497 767 716 266 962 1168 1692 1764 1485 2003 1128 1084 2256 119 2490 1160 487 490 1489 1385 1493 983 1789 1179 1900 920 1779 2054 1177 788 1947 700 766 320 1329 1864 673 712 1011 1646 433 2010 774 2136 1702 768 946 1358 1188 793 895 1006 1163 1112 750 564 1173 762 794 2064 771 1367 1174 1801 0 1872 957 803 1330 2431 790 1786 1259 1190 743 645 1511 1744
1990 1552 2312 1468 553 1355 1399 1987 1937 1785 1395 1483 262 336 832 1283 1381 2195 1303 1919 1392 2271 1590 1462 661 1304 670 1433 361 1514 64 1556 382 1335 1474 1151 111 1961 1867 2032 569 993 1839 1972 1647 779 1539 1290 1875 965 1047 1869 1334 1820 1461 1150 2006 1401 2274 867 1970 1558 1476 1982 1825 1110 1872 1829 2285 847 1872 0 2068 2023 1202 1260 2010 1003 1721 1458 1844 2034 600 1089
510 1201 276 1487 1573 1218 1901 347 456 1052 1267 1473 1921 1992 1714 2110 1434 163 1839 1004 1895 235 1130 774 1718 1690 1722 1289 2018 1484 2128 1226 2008 2162 1482 1072 2175 481 506 820 1557 2093 412 492 1317 1875 716 2118 514 2197 1931 508 1251 1351 1493 1077 255 1311 319 1341 330 1206 1479 342 534 1947 511 1360 249 2030 957 2100 0 383 1635 2492 370 2015 1251 1496 483 554 1739 1972
356 1047 628 1333 1496 1064 1923 75 302 898 1113 1319 1843 1915 1636 2132 1280 511 1861 850 1917 586 976 620 1641 1536 1645 1135 1940 1330 2051 1072 1931 2184 1328 917 2098 327 352 666 1480 2015 258 338 1163 1798 562 2140 360 2219 1854 354 1097 1373 1339 923 321 1157 589 1263 110 1052 1325 103 380 1969 357 1382 600 1952 803 2023 383 0 1481 2513 31 1938 1273 1342 329 400 1662 1895
1449 998 1880 593 772 480 1844 1446 1395 1244 520 608 1022 1094 815 1332 506 1763 1586 1377 1837 1838 1048 921 819 196 823 558 1119 639 1230 681 1110 1384 599 609 1277 1420 1325 1490 788 1193 1297 1431 772 976 998 1340 1334 1466 1032 1327 459 1613 586 609 1573 526 1841 823 1428 847 600 1441 1283 1394 1330 1622 1853 1131 1330 1202 1635 1481 0 1761 1469 1116 1513 583 1302 1493 840 1073
1027 1229 1123 1145 834 1032 1236 864 973 1297 1073 1160 1182 1253 975 1445 1058 1006 1174 1219 1229 1081 1267 988 979 1315 983 1110 1279 1191 1389 1233 1269 1496 1151 828 1436 998 1023 1337 818 1353 930 1009 1324 1136 815 1452 1031 1531 1192 1025 1011 631 1138 828 816 1078 1084 602 847 1235 1153 859 1051 1281 1028 640 1095 1291 1171 1361 878 900 1259 0 887 1276 531 1135 1000 1071 1000 1233
343 1034 615 1320 1483 1051 1911 84 290 885 1100 1307 1831 1902 1624 2120 1267 498 1848 837 1904 573 963 607 1628 1524 1632 1122 1928 1317 2038 1059 1918 2171 1315 905 2085 314 339 653 1467 2002 246 325 1150 1785 550 2127 348 2206 1841 341 1084 1360 1326 910 308 1144 576 1250 120 1040 1312 112 367 1956 344 1369 588 1940 790 2010 370 31 1469 2501 0 1925 1260 1329 316 387 1649 1882
1905 1467 2017 1383 705 1270 762 1759 1852 1700 1310 1398 823 895 344 296 1296 1900 504 1834 755 1975 1504 1377 539 1219 543 1348 920 1429 1031 1471 910 347 1389 1066 1078 1876 1782 1947 721 129 1754 1887 1562 455 1454 303 1790 670 511 1784 1249 1525 1376 1065 1710 1316 1979 782 1742 1473 1390 1754 1740 311 1787 1534 1990 199 1786 1003 1773 1794 1116 965 1782 0 1425 1373 1759 1949 560 552
776 1467 872 1754 1703 1485 2031 614 723 1318 1533 1740 2051 2122 1844 2240 1700 755 1969 1270 2025 830 1396 1040 1848 1957 1852 1555 2148 1750 2258 1492 2138 2292 1748 1338 2305 747 772 1086 1687 2222 679 758 1583 2005 983 2248 781 2327 2061 774 1517 374 1759 1344 565 1578 834 1471 596 1473 1745 609 800 2077 777 383 845 2160 1223 2230 627 649 1902 2621 637 2145 0 1762 749 820 1869 2102
1309 824 1740 81 931 355 2101 1306 1255 1104 396 96 1278 1350 1071 1589 113 1623 1843 1238 2094 1699 908 781 1076 638 1079 434 1375 127 1486 316 1366 1641 87 485 1533 1280 1201 1351 915 1450 1173 1291 332 1232 873 1596 1209 1723 1289 1203 334 1488 75 484 1434 402 1702 698 1289 673 89 1301 1159 1650 1206 1497 1713 1387 1190 1458 1496 1342 583 2017 1329 1373 1389 0 1178 1353 1097 1330
296 987 727 1188 1317 1004 2023 293 243 838 1053 1203 1664 1736 1457 1975 1101 610 1961 790 2016 686 916 560 1462 1357 1465 1075 1761 1234 1872 1012 1751 2027 1194 736 1919 267 85 606 1301 1836 129 278 1103 1618 503 1982 107 2108 1674 96 1037 1307 1181 742 421 1097 689 1084 276 993 1195 288 119 2036 85 1316 700 1773 743 1844 483 329 1302 2403 316 1759 1207 1178 0 340 1483 1716
197 912 798 1345 1507 1076 2094 364 193 610 1124 1331 1855 1926 1648 2165 1291 681 2032 693 2088 757 837 631 1652 1548 1656 1146 1952 1341 2062 1083 1942 2217 1339 929 2109 167 363 378 1491 2027 270 179 1174 1809 574 2173 372 2299 1865 365 1108 1500 1350 935 492 1169 760 1275 347 1048 1336 359 391 2140 368 1509 771 1964 645 2034 554 400 1493 2594 387 1949 1400 1353 340 0 1673 1906
1629 1191 1969 1107 429 994 1086 1626 1576 1424 1035 1122 420 492 259 777 1020 1852 990 1558 1080 1927 1229 1101 248 943 252 1072 517 1153 628 1195 507 828 1113 790 675 1600 1506 1671 445 638 1478 1612 1286 420 1178 784 1514 653 476 1508 973 1477 1100 790 1662 1040 1930 506 1609 1197 1115 1621 1464 797 1511 1486 1942 534 1511 600 1724 1662 840 947 1649 560 1377 1097 1483 1673 0 517
1862 1424 2202 1340 662 1227 1280 1859 1809 1657 1267 1355 909 981 301 769 1253 2085 1022 1791 1274 2160 1462 1334 496 1176 500 1305 1006 1386 1117 1428 996 820 1346 1023 1164 1833 1739 1904 678 630 1711 1845 1519 412 1411 776 1747 903 133 1741 1206 1710 1333 1022 1895 1273 2163 739 1842 1430 1348 1854 1697 830 1744 1719 2174 567 1744 1089 1957 1895 1073 1197 1882 552 1610 1330 1716 1906 517 0
EOF