NAME : tsp_problem
TYPE : TSP
DIMENSION : 22
EDGE_WEIGHT_TYPE : EXPLICIT
EDGE_WEIGHT_FORMAT : FULL_MATRIX
EDGE_WEIGHT_SECTION
0 791 688 612 654 1041 874 771 722 812 146 148 116 756 113 808 668 446 705 926 798 591
772 0 518 785 257 504 291 427 527 641 715 707 758 780 756 728 272 977 509 372 543 851
669 518 0 771 381 814 601 737 837 458 613 605 655 915 653 545 395 815 819 682 853 749
613 785 751 0 716 653 548 384 335 874 557 549 599 369 597 961 731 818 317 538 410 347
634 257 381 736 0 552 340 476 575 504 578 570 620 829 618 591 64 839 558 421 592 714
1041 504 814 653 552 0 237 309 395 937 985 977 1027 649 1025 1024 567 1246 377 349 411 775
855 291 601 548 340 237 0 190 290 724 798 790 841 544 839 811 354 1060 273 136 307 671
772 427 737 384 476 309 190 0 126 860 716 707 758 380 756 947 490 977 108 180 142 506
723 527 836 335 575 395 290 126 0 960 667 658 709 331 707 1047 590 928 31 280 152 457
793 641 458 894 504 937 724 860 960 0 736 728 779 1038 777 374 519 644 942 806 976 873
146 735 632 556 598 984 818 715 666 756 0 31 59 700 90 751 612 390 649 870 742 534
148 727 624 548 589 976 810 707 658 748 31 0 74 692 105 743 604 381 640 861 733 526
116 777 675 599 640 1027 860 757 709 798 59 74 0 742 59 794 655 432 691 912 784 577
757 780 895 369 829 513 544 380 331 1018 701 692 743 0 741 1105 844 962 313 534 406 491
113 775 672 597 638 1025 858 755 706 796 90 105 59 740 0 792 653 430 689 910 782 575
807 728 545 981 591 1024 811 947 1047 374 751 743 793 1125 791 0 606 458 1029 893 1063 959
649 272 395 751 64 567 354 490 590 519 593 585 635 844 633 606 0 854 572 436 606 729
446 996 815 817 859 1246 1079 976 927 644 390 381 432 961 430 458 873 0 910 1131 1003 796
705 509 819 317 558 377 273 108 31 942 649 641 691 313 689 1029 572 910 0 262 135 440
926 372 682 538 421 349 136 180 280 806 870 862 912 534 910 893 436 1131 262 0 296 661
798 543 853 410 592 411 307 142 152 976 742 734 784 406 782 1063 606 1003 135 296 0 533
591 832 729 347 694 775 671 506 457 853 535 527 577 491 575 939 709 796 440 661 533 0
EOF