NAME : tsp_problem
TYPE : TSP
DIMENSION : 20
EDGE_WEIGHT_TYPE : EXPLICIT
EDGE_WEIGHT_FORMAT : FULL_MATRIX
EDGE_WEIGHT_SECTION
0 1339 1117 523 1589 884 68 895 1598 355 734 601 2175 1936 652 179 700 1789 885 212
1363 0 2428 913 2901 2220 1404 2207 2910 1691 2070 1913 3486 3248 1963 1448 2036 3100 2196 1277
1117 2404 0 1588 691 1246 1085 286 700 892 1096 550 1276 1038 570 1018 1062 890 400 1207
523 896 1588 0 2061 1380 564 1367 2070 851 1230 1073 2646 2408 1123 608 1196 2260 1356 437
1589 2876 691 2061 0 1424 1557 758 369 1365 1568 1022 810 566 1042 1490 1534 419 872 1680
884 2195 1246 1380 1402 0 851 1024 1486 624 492 730 1816 1573 780 845 458 1425 1013 1035
68 1379 1085 564 1557 851 0 863 1566 322 701 569 2142 1904 619 202 667 1756 852 253
895 2182 286 1367 758 1024 863 0 767 671 874 328 1344 1105 348 797 840 958 178 986
1598 2885 700 2070 369 1508 1566 767 0 1374 1577 1031 616 373 1051 1500 1543 225 881 1689
355 1666 892 851 1365 624 322 671 1374 0 475 377 1950 1712 427 350 441 1564 660 539
734 2045 1096 1230 1568 492 701 874 1577 475 0 580 2002 1758 630 696 76 1611 864 885
601 1888 550 1073 1022 730 569 328 1031 377 580 0 1607 1369 84 502 546 1222 318 692
2175 3461 1276 2646 810 1839 2142 1344 616 1950 2024 1607 0 277 1628 2076 1990 421 1458 2265
1936 3223 1038 2408 566 1595 1904 1105 373 1712 1781 1369 277 0 1389 1838 1747 177 1219 2027
652 1938 570 1123 1042 780 619 348 1051 427 630 84 1628 1389 0 553 596 1242 338 742
179 1423 1018 608 1490 845 202 797 1500 350 696 502 2076 1838 553 0 662 1690 786 227
700 2011 1062 1196 1534 458 667 840 1543 441 76 546 1968 1724 596 662 0 1577 830 851
1789 3076 890 2260 419 1447 1756 958 225 1564 1633 1222 421 177 1242 1690 1599 0 1072 1879
885 2172 400 1356 872 1013 852 178 881 660 864 318 1458 1219 338 786 830 1072 0 975
212 1252 1207 437 1680 1035 253 986 1689 539 885 692 2265 2027 742 227 851 1879 975 0
EOF