NAME : tsp_problem
TYPE : TSP
DIMENSION : 22
EDGE_WEIGHT_TYPE : EXPLICIT
EDGE_WEIGHT_FORMAT : FULL_MATRIX
EDGE_WEIGHT_SECTION
0 1043 2300 1001 2052 1753 1934 2085 2021 1513 2147 2083 2369 2676 1578 1463 1595 2675 1577 975 1035 2027
1043 0 2348 189 2099 1801 1982 2133 2068 1560 2195 2131 2417 2724 1626 1511 1643 2723 1625 163 171 2075
2273 2321 0 2278 412 661 426 271 342 844 555 816 94 401 1195 1042 1212 400 1195 2253 2312 387
1001 189 2306 0 2057 1758 1939 2090 2026 1518 2152 2088 2374 2681 1583 1469 1600 2681 1583 121 181 2033
2024 2072 412 2030 0 427 155 332 206 596 321 582 480 787 947 793 964 787 946 2004 2064 47
1749 1797 661 1755 427 0 482 629 533 778 453 389 730 1037 604 643 621 1036 603 1729 1789 402
1907 1955 426 1912 155 482 0 250 124 478 375 637 495 802 829 675 846 801 829 1886 1946 130
2058 2105 271 2063 332 629 250 0 167 629 523 784 340 647 980 826 997 646 979 2037 2097 308
1993 2041 342 1999 206 533 124 167 0 565 426 688 411 718 915 762 933 717 915 1973 2033 182
1485 1533 844 1491 596 778 478 629 565 0 816 1071 913 1220 679 486 696 1219 679 1465 1525 571
2148 2196 555 2154 321 453 375 523 426 816 0 608 624 931 998 920 1015 930 997 2128 2188 296
2084 2132 816 2090 582 389 637 784 688 1071 608 0 885 862 934 979 951 866 933 2064 2124 557
2342 2390 94 2347 480 730 495 340 411 913 624 856 0 356 1264 1110 1281 355 1264 2321 2381 456
2645 2692 397 2650 783 1033 797 643 714 1216 915 834 351 0 1567 1413 1584 79 1566 2624 2684 759
1579 1627 1195 1585 947 604 829 980 915 679 998 934 1264 1571 0 519 69 1570 51 1559 1619 922
1436 1484 1042 1441 793 643 675 826 762 486 920 979 1110 1417 519 0 536 1416 519 1416 1476 768
1596 1644 1212 1602 964 621 846 997 933 696 1015 951 1281 1588 69 536 0 1587 69 1576 1636 939
2644 2691 396 2649 782 1032 796 642 713 1215 914 833 350 79 1566 1412 1583 0 1565 2623 2683 758
1579 1627 1195 1584 946 603 829 979 915 679 997 933 1264 1570 51 519 69 1570 0 1558 1618 922
975 163 2280 121 2031 1733 1914 2064 2000 1492 2126 2062 2349 2656 1557 1443 1574 2655 1557 0 155 2007
1035 171 2340 181 2091 1792 1974 2124 2060 1552 2186 2122 2408 2715 1617 1503 1634 2715 1617 155 0 2067
2000 2048 387 2005 47 402 130 308 182 571 296 557 456 763 922 768 939 762 922 1979 2039 0
EOF