NAME : tsp_problem
TYPE : TSP
DIMENSION : 30
EDGE_WEIGHT_TYPE : EXPLICIT
EDGE_WEIGHT_FORMAT : FULL_MATRIX
EDGE_WEIGHT_SECTION
0 474 1203 956 791 1427 1336 369 1231 918 1371 1283 1042 1459 853 876 1294 1010 783 85 1238 964 1135 1467 887 1127 930 1317 1072 1289
474 0 1240 993 828 1464 1373 135 1268 582 1407 1098 1079 1030 890 913 1311 1047 580 430 1033 1000 706 1504 457 1164 627 1353 1109 1326
1203 1240 0 393 835 1073 181 1330 245 1070 344 1220 869 1645 896 365 1231 924 935 1182 1175 274 1622 930 1374 894 1082 175 226 726
956 993 393 0 588 882 526 1084 421 824 452 974 529 1398 650 119 985 678 689 936 929 153 1376 885 1128 554 835 506 262 371
791 828 835 588 0 772 968 919 863 659 1003 533 615 958 108 508 544 304 524 771 488 596 985 926 963 591 670 949 704 921
1427 1464 1073 882 772 0 1084 1554 1169 1294 972 796 458 1114 838 895 639 500 1160 1407 751 983 1248 320 1422 380 1306 1077 1091 788
1336 1373 181 526 968 1084 0 1463 140 1203 355 1353 900 1778 1030 499 1364 1057 1068 1316 1308 407 1756 940 1507 925 1215 49 359 743
369 135 1330 1084 919 1554 1463 0 1358 672 1498 1188 1169 1120 980 1003 1402 1138 671 324 1123 1091 796 1594 548 1255 717 1444 1199 1416
1231 1268 245 421 863 1169 140 1358 0 1098 440 1248 897 1673 924 393 1259 952 963 1210 1203 302 1650 1026 1402 922 1110 121 254 754
918 582 1070 824 659 1294 1203 672 1098 0 1238 1150 909 1163 720 743 1161 877 319 898 1105 831 838 1334 590 995 128 1184 939 1156
1371 1407 344 452 1003 972 355 1498 440 1238 0 1376 788 1801 1064 533 1387 1080 1103 1350 1331 568 1790 829 1542 813 1250 348 523 631
1283 1098 1220 974 533 796 1353 1188 1248 1150 1376 0 639 584 600 893 440 328 1015 1262 114 981 611 950 785 615 1162 1334 1089 1024
1042 1079 869 529 615 458 900 1169 897 909 788 639 0 1064 681 543 650 343 774 1022 594 630 1091 470 1213 130 921 894 738 436
1459 1030 1645 1398 958 1114 1778 1120 1673 1163 1801 584 1064 0 1024 1318 522 753 1287 1415 519 1406 543 1271 717 1040 1208 1759 1514 1448
853 890 896 650 108 838 1030 980 924 720 1064 600 681 1024 0 570 611 370 585 833 555 657 1051 992 1024 657 732 1010 765 983
876 913 365 119 508 895 499 1003 393 743 533 893 543 1318 570 0 904 597 608 856 848 126 1296 907 1047 567 755 479 234 452
1294 1311 1231 985 544 639 1364 1402 1259 1161 1387 440 650 522 611 904 0 340 1026 1274 395 992 825 796 998 626 1173 1345 1100 1035
1010 1047 924 678 304 500 1057 1138 952 877 1080 328 343 753 370 597 340 0 743 990 284 685 780 654 954 319 889 1038 793 728
783 580 935 689 524 1160 1068 671 963 319 1103 1015 774 1287 585 608 1026 743 0 763 970 696 963 1199 715 860 239 1049 804 1022
85 430 1182 936 771 1407 1316 324 1210 898 1350 1262 1022 1415 833 856 1274 990 763 0 1218 943 1090 1447 842 1107 910 1296 1051 1269
1238 1033 1175 929 488 751 1308 1123 1203 1105 1331 114 594 519 555 848 395 284 970 1218 0 936 546 905 719 570 1117 1289 1044 979
964 1000 274 153 596 983 407 1091 302 831 568 981 630 1406 657 126 992 685 696 943 936 0 1383 994 1135 655 843 388 143 487
1135 706 1622 1376 985 1248 1756 796 1650 838 1790 611 1091 543 1051 1296 825 780 963 1090 546 1383 0 1402 393 1067 884 1736 1491 1476
1467 1504 930 885 926 320 940 1594 1026 1334 829 950 470 1271 992 907 796 654 1199 1447 905 994 1402 0 1575 495 1346 934 1102 792
887 457 1374 1128 963 1422 1507 548 1402 590 1542 785 1213 717 1024 1047 998 954 715 842 719 1135 393 1575 0 1241 636 1488 1243 1460
1127 1164 894 554 591 380 925 1255 922 995 813 615 130 1040 657 567 626 319 860 1107 570 655 1067 495 1241 0 1006 918 763 460
930 627 1082 835 670 1306 1215 717 1110 128 1250 1162 921 1208 732 755 1173 889 239 910 1117 843 884 1346 636 1006 0 1196 951 1168
1317 1353 175 506 949 1077 49 1444 121 1184 348 1334 894 1759 1010 479 1345 1038 1049 1296 1289 388 1736 934 1488 918 1196 0 340 737
1072 1109 226 262 704 1091 359 1199 254 939 523 1089 738 1514 765 234 1100 793 804 1051 1044 143 1491 1102 1243 763 951 340 0 595
1289 1326 726 371 921 788 743 1416 754 1156 631 1024 436 1448 983 452 1035 728 1022 1269 979 487 1476 792 1460 460 1168 737 595 0
EOF