NAME : tsp_problem
TYPE : TSP
DIMENSION : 40
EDGE_WEIGHT_TYPE : EXPLICIT
EDGE_WEIGHT_FORMAT : FULL_MATRIX
EDGE_WEIGHT_SECTION
0 1001 1012 794 1283 794 293 590 817 817 1224 1532 789 803 390 1437 913 814 587 1239 826 678 972 645 425 680 1364 239 1162 850 1424 668 927 586 1447 633 1273 305 720 454
1001 0 1543 787 518 1458 870 871 1397 997 609 1427 1321 656 1045 1332 1577 1394 713 1640 1358 1210 1503 985 1003 364 1259 967 1694 610 1319 451 1591 1164 1342 957 1167 894 1251 696
1012 1543 0 811 1420 573 1061 727 637 716 1360 888 290 1120 677 759 578 634 1047 459 597 449 75 662 1193 1223 1185 863 382 1135 797 1136 591 1275 757 650 1066 821 340 1112
794 787 811 0 652 726 843 282 666 352 593 782 589 352 459 687 846 662 608 995 626 478 771 247 976 776 614 619 962 368 674 697 859 1079 697 219 522 547 520 673
1283 518 1420 652 0 1334 1166 890 1274 862 345 1292 1197 521 1067 1197 1454 1271 1009 1505 1234 1086 1380 855 1298 659 1124 1080 1570 537 1184 746 1467 1459 1207 827 1032 1008 1128 991
794 1458 573 726 1334 0 775 642 267 631 1275 1072 475 1034 591 942 148 263 961 642 279 304 534 577 795 1137 1272 777 566 1050 980 1051 162 821 940 565 1181 736 405 1007
293 870 1061 843 1166 775 0 611 798 866 1245 1581 839 824 411 1486 895 795 456 1288 811 728 1021 694 177 550 1413 260 1211 872 1473 538 908 338 1496 682 1322 327 769 324
590 871 727 282 890 642 611 0 582 533 830 1019 505 504 375 925 762 578 375 955 542 394 687 163 744 551 852 387 878 552 912 464 775 905 935 135 760 314 436 440
817 1397 637 666 1274 267 798 582 0 571 1214 1294 414 974 531 1164 386 54 901 864 219 244 597 516 819 1077 1212 717 787 990 1202 990 400 844 1162 505 1121 675 345 966
817 997 716 352 862 631 866 533 571 0 802 862 494 562 482 767 750 567 852 944 531 383 676 467 998 985 694 668 867 578 754 941 764 1102 777 456 602 626 425 917
1224 609 1360 593 345 1275 1245 830 1214 802 0 1232 1138 462 1008 1137 1394 1211 1009 1446 1175 1027 1320 795 1378 749 1064 1021 1511 478 1124 760 1407 1539 1147 768 973 948 1068 1074
1532 1427 888 782 1292 1072 1581 1019 1294 862 1232 0 947 991 1197 206 1076 1290 1345 460 1254 1106 849 984 1713 1415 367 1357 705 1007 244 1426 1090 1817 204 957 513 1284 997 1410
789 1321 290 589 1197 475 839 505 414 494 1138 947 0 897 454 818 594 411 825 518 375 227 251 440 971 1001 1136 640 441 913 856 914 608 1052 816 428 1044 599 118 889
803 656 1120 352 521 1034 824 504 974 562 462 991 897 0 678 897 1154 971 588 1205 934 786 1080 555 957 595 824 600 1270 88 884 507 1167 1118 907 527 732 527 828 653
390 1045 677 459 1067 591 411 375 531 482 1008 1197 454 678 0 1102 711 528 549 904 491 343 637 310 544 725 1029 213 827 726 1089 638 724 705 1112 298 938 280 385 572
1437 1332 759 687 1197 942 1486 925 1164 767 1137 206 818 897 1102 0 947 1161 1251 331 1125 977 719 890 1619 1320 503 1262 576 913 65 1332 960 1722 75 862 330 1190 867 1316
913 1577 578 846 1454 148 895 762 386 750 1394 1076 594 1154 711 947 0 383 1081 647 399 424 538 696 915 1257 1373 897 570 1170 985 1170 57 941 945 685 1254 855 525 1127
814 1394 634 662 1271 263 795 578 54 567 1211 1290 411 971 528 1161 383 0 898 861 216 240 594 513 816 1074 1209 714 784 986 1199 987 396 841 1159 501 1117 672 342 963
587 713 1047 608 1009 961 456 375 901 852 1009 1345 825 588 549 1251 1081 898 0 1274 861 714 1007 489 589 393 1178 470 1197 636 1238 381 1094 750 1260 461 1086 398 755 282
1239 1640 459 995 1505 642 1288 955 864 944 1446 460 518 1205 904 331 647 861 1274 0 824 677 419 890 1409 1450 757 1090 276 1221 369 1363 660 1434 329 878 638 1049 567 1339
826 1358 597 626 1234 279 811 542 219 531 1175 1254 375 934 491 1125 399 216 861 824 0 204 557 477 832 1037 1173 677 748 950 1162 951 412 857 1122 465 1081 636 305 926
678 1210 449 478 1086 304 728 394 244 383 1027 1106 227 786 343 977 424 240 714 677 204 0 410 329 856 890 1025 529 600 802 1015 803 437 882 975 317 933 488 158 779
972 1503 75 771 1380 534 1021 687 597 676 1320 849 251 1080 637 719 538 594 1007 419 557 410 0 622 1153 1183 1145 823 342 1095 757 1096 551 1235 717 610 1026 781 300 1072
645 985 662 247 855 577 694 163 516 467 795 984 440 555 310 890 696 513 489 890 477 329 622 0 827 665 817 496 813 571 877 578 710 930 900 86 725 428 370 553
425 1003 1193 976 1298 795 177 744 819 998 1378 1713 971 957 544 1619 915 816 589 1409 832 856 1153 827 0 682 1546 392 1332 1004 1606 670 928 359 1629 815 1454 459 901 421
680 364 1223 776 659 1137 550 551 1077 985 749 1415 1001 595 725 1320 1257 1074 393 1450 1037 890 1183 665 682 0 1247 646 1373 549 1307 131 1270 843 1330 637 1156 574 931 376
1364 1259 1185 614 1124 1272 1413 852 1212 694 1064 367 1136 824 1029 503 1373 1209 1178 757 1173 1025 1145 817 1546 1247 0 1189 1002 840 534 1259 1386 1649 501 789 383 1117 1066 1243
239 967 863 619 1080 777 260 387 717 668 1021 1357 640 600 213 1262 897 714 470 1090 677 529 823 496 392 646 1189 0 1013 647 1249 560 910 553 1272 473 1098 102 571 421
1162 1694 382 962 1570 566 1211 878 787 867 1511 705 441 1270 827 576 570 784 1197 276 748 600 342 813 1332 1373 1002 1013 0 1286 614 1287 583 1358 574 801 883 972 491 1262
850 610 1135 368 537 1050 872 552 990 578 478 1007 913 88 726 913 1170 986 636 1221 950 802 1095 571 1004 549 840 647 1286 0 900 461 1183 1165 923 543 748 575 844 700
1424 1319 797 674 1184 980 1473 912 1202 754 1124 244 856 884 1089 65 985 1199 1238 369 1162 1015 757 877 1606 1307 534 1249 614 900 0 1319 998 1709 74 849 317 1177 905 1302
668 451 1136 697 746 1051 538 464 990 941 760 1426 914 507 638 1332 1170 987 381 1363 951 803 1096 578 670 131 1259 560 1287 461 1319 0 1184 831 1341 550 1167 487 844 363
927 1591 591 859 1467 162 908 775 400 764 1407 1090 608 1167 724 960 57 396 1094 660 412 437 551 710 928 1270 1386 910 583 1183 998 1184 0 954 958 698 1267 869 538 1140
586 1164 1275 1079 1459 821 338 905 844 1102 1539 1817 1052 1118 705 1722 941 841 750 1434 857 882 1235 930 359 843 1649 553 1358 1165 1709 831 954 0 1732 918 1558 620 983 617
1447 1342 757 697 1207 940 1496 935 1162 777 1147 204 816 907 1112 75 945 1159 1260 329 1122 975 717 900 1629 1330 501 1272 574 923 74 1341 958 1732 0 872 340 1199 865 1325
633 957 650 219 827 565 682 135 505 456 768 957 428 527 298 862 685 501 461 878 465 317 610 86 815 637 789 473 801 543 849 550 698 918 872 0 697 400 359 526
1273 1167 1066 522 1032 1181 1322 760 1121 602 973 513 1044 732 938 330 1254 1117 1086 638 1081 933 1026 725 1454 1156 383 1098 883 748 317 1167 1267 1558 340 697 0 1025 975 1151
305 894 821 547 1008 736 327 314 675 626 948 1284 599 527 280 1190 855 672 398 1049 636 488 781 428 459 574 1117 102 972 575 1177 487 869 620 1199 400 1025 0 529 463
720 1251 340 520 1128 405 769 436 345 425 1068 997 118 828 385 867 525 342 755 567 305 158 300 370 901 931 1066 571 491 844 905 844 538 983 865 359 975 529 0 820
454 696 1112 673 991 1007 324 440 966 917 1074 1410 889 653 572 1316 1127 963 282 1339 926 779 1072 553 421 376 1243 421 1262 700 1302 363 1140 617 1325 526 1151 463 820 0
EOF