NAME : tsp_problem
TYPE : TSP
DIMENSION : 68
EDGE_WEIGHT_TYPE : EXPLICIT
EDGE_WEIGHT_FORMAT : FULL_MATRIX
EDGE_WEIGHT_SECTION
0 951 2151 238 1017 409 1333 255 743 863 374 950 966 938 1698 96 270 908 318 725 1411 882 436 1118 1286 1032 101 1222 1605 409 1748 866 296 306 1564 1213 901 1275 412 241 1356 997 586 1483 165 902 1745 951 1507 1096 260 419 368 294 1134 964 1356 67 1632 710 651 531 1002 998 1476 1471 420 907
951 0 1778 856 1524 773 1309 1056 497 1251 838 832 158 1509 1325 1024 889 1203 671 1109 1322 764 1058 310 642 1009 1028 1198 1567 706 1375 387 1097 813 1119 1189 901 1251 684 886 1332 878 534 1394 966 1210 1372 142 1483 288 878 783 622 699 1280 582 712 974 1036 591 1035 588 621 190 1127 1447 577 288
2161 1788 0 2062 1877 1846 1056 2144 1783 1676 2044 1528 1674 1799 676 2233 2094 1628 1877 1754 903 1460 1910 1743 1177 1172 2238 1169 918 1779 726 1968 1968 1886 773 1366 1326 1135 1890 1959 1044 1300 1659 975 2039 1636 722 1782 951 1721 2084 1856 1828 1905 1705 1615 1312 2183 937 1604 1886 1662 1653 1829 708 942 1783 1933
238 856 2052 0 1097 338 1234 335 644 797 216 851 871 1018 1599 310 112 836 216 654 1312 783 516 1023 1186 933 315 1123 1506 337 1649 770 377 235 1465 1113 802 1176 309 170 1256 897 486 1384 246 836 1645 855 1408 1001 102 348 266 191 1062 864 1257 260 1532 610 580 460 903 903 1377 1372 317 812
1017 1524 1868 1097 0 1210 1121 996 1179 669 1234 1021 1539 111 1486 1089 1130 651 1177 777 1199 953 844 1691 1580 820 1094 1010 1393 1142 1536 1355 820 1166 1352 1001 663 1063 1253 1101 1144 793 1022 1271 892 521 1533 1523 1295 1668 1119 1220 1191 1153 309 1400 1715 1039 1420 1096 727 1025 1438 1570 1264 1259 1146 1480
409 773 1837 338 1210 0 1019 506 428 792 474 636 788 1183 1384 482 370 831 418 649 1097 568 598 940 971 718 486 907 1290 94 1433 604 548 135 1249 898 587 961 502 208 1041 682 271 1169 417 831 1430 772 1192 917 360 17 440 394 966 649 1041 432 1317 395 575 217 687 820 1161 1156 395 729
1333 1309 1046 1234 1121 1019 0 1316 965 848 1216 701 1274 1106 593 1406 1267 800 1049 926 306 632 1082 1343 778 344 1410 341 835 951 643 1140 1140 1059 458 572 498 634 1062 1132 715 472 831 378 1211 808 639 1309 866 1321 1256 1029 1000 1077 878 1185 912 1355 617 776 1059 834 1224 1356 370 830 955 1265
255 1056 2134 335 996 506 1316 0 840 843 471 1047 1070 918 1681 327 367 890 415 708 1394 979 416 1223 1383 1015 331 1205 1588 506 1731 970 276 403 1547 1196 884 1258 509 338 1339 988 683 1466 145 882 1728 1055 1490 1200 357 516 465 391 1116 1061 1453 277 1615 807 634 628 1099 1102 1459 1454 517 1012
743 497 1773 644 1179 428 965 840 0 906 626 488 511 1164 1320 815 676 858 459 764 1043 420 714 664 637 664 820 854 1237 361 1370 327 772 468 1113 844 556 907 472 541 987 534 190 1115 751 866 1367 496 1139 641 666 438 410 487 936 314 707 765 1030 247 690 244 353 543 1108 1103 365 453
863 1251 1664 797 669 792 848 843 906 0 933 748 1265 590 1213 936 829 104 877 355 926 680 616 1418 1307 547 940 737 1120 725 1263 1081 667 721 1079 727 390 790 970 666 870 520 749 998 738 238 1259 1250 1022 1395 819 802 918 852 455 1127 1441 886 1146 823 256 695 1165 1297 991 986 872 1207
374 838 2034 216 1234 474 1216 471 626 933 0 833 853 1155 1581 447 188 973 197 790 1294 765 653 1005 1168 915 451 1105 1488 474 1631 752 513 371 1447 1095 784 1158 187 306 1238 879 468 1366 382 972 1627 837 1390 982 149 484 247 173 1163 846 1239 397 1514 592 716 471 885 885 1359 1354 299 794
950 832 1519 851 1021 636 701 1047 488 748 833 0 847 1006 1065 1023 884 700 666 826 779 107 921 999 1031 400 1027 589 972 569 1115 663 979 676 931 580 398 643 679 749 723 270 397 851 958 708 1112 832 874 977 874 646 617 695 778 708 1101 973 999 299 898 451 747 879 843 838 572 788
966 158 1664 871 1539 788 1274 1070 511 1265 853 847 0 1523 1211 1038 903 1218 686 1124 1207 779 1073 196 527 1023 1043 1213 1453 720 1261 402 1112 828 1004 1203 916 1266 698 901 1347 893 549 1279 981 1225 1257 152 1485 173 893 798 637 714 1295 468 598 988 921 606 1049 603 506 199 1012 1462 591 303
938 1509 1789 1018 111 1183 1106 918 1164 590 1155 1006 1523 0 1471 1010 1051 636 1098 762 1184 938 766 1676 1565 805 1015 995 1378 1115 1521 1340 741 1087 1337 986 648 1048 1192 1022 1129 778 1007 1256 813 480 1518 1508 1280 1653 1041 1193 1148 1074 294 1385 1700 960 1405 1081 648 1010 1423 1555 1249 1244 1131 1465
1698 1325 666 1599 1486 1384 593 1681 1320 1213 1581 1065 1211 1471 0 1771 1631 1165 1414 1291 440 997 1447 1280 714 709 1775 706 332 1316 86 1505 1505 1424 310 780 863 549 1427 1496 458 837 1196 512 1576 1173 83 1319 364 1258 1621 1394 1365 1442 1243 1152 849 1720 474 1141 1424 1199 1190 1366 245 356 1320 1470
96 1024 2224 310 1089 482 1406 327 815 936 447 1023 1038 1010 1771 0 343 980 390 798 1484 955 508 1191 1358 1105 27 1294 1677 481 1820 938 369 379 1636 1285 974 1348 484 314 1428 1069 658 1556 238 974 1817 1023 1579 1168 333 492 440 366 1206 1036 1428 139 1704 782 724 604 1074 1070 1548 1543 492 980
270 889 2085 112 1130 370 1267 367 676 829 188 884 903 1051 1631 343 0 869 248 686 1345 816 549 1056 1219 966 347 1155 1538 370 1681 803 409 267 1497 1146 834 1208 342 202 1289 930 519 1416 278 868 1678 888 1440 1033 74 380 298 224 1095 897 1289 293 1565 643 612 492 935 935 1409 1404 350 845
908 1203 1616 836 651 831 800 890 858 104 973 700 1218 636 1165 980 869 0 916 307 878 632 656 1370 1259 499 985 689 1072 764 1215 1034 714 761 1031 680 342 742 932 706 823 472 701 950 785 303 1212 1202 974 1347 858 841 870 892 407 1079 1394 930 1099 775 322 704 1117 1250 943 938 825 1159
318 671 1867 216 1177 418 1049 415 459 877 197 666 686 1098 1414 390 248 916 0 734 1127 598 596 838 1001 748 395 938 1321 417 1464 585 457 315 1280 928 617 991 124 250 1071 712 301 1199 326 916 1460 670 1222 815 238 428 80 98 996 679 1072 340 1347 425 660 304 717 718 1192 1186 132 627
725 1109 1742 654 777 649 926 708 764 355 790 826 1124 762 1291 798 686 307 734 0 1004 758 474 1276 1307 625 802 815 1198 582 1341 940 532 578 1157 806 468 868 828 524 949 598 607 1076 603 463 1338 1108 1100 1253 676 659 776 709 533 985 1377 747 1225 731 293 553 1023 1156 1069 1064 731 1065
1411 1322 894 1312 1199 1097 306 1394 1043 926 1294 779 1207 1184 440 1484 1345 878 1127 1004 0 710 1160 1277 711 422 1488 419 682 1029 490 1218 1218 1137 306 650 576 712 1140 1210 793 550 909 95 1289 886 487 1316 715 1254 1334 1107 1078 1155 956 1148 846 1433 470 854 1137 912 1187 1363 218 706 1033 1343
882 764 1450 783 953 568 632 979 420 680 765 107 779 938 997 955 816 632 598 758 710 0 853 931 962 332 959 521 904 501 1047 595 911 608 863 512 330 574 611 681 655 202 329 782 890 640 1044 764 806 909 805 578 549 626 709 640 1033 905 931 231 830 383 678 811 775 770 504 720
436 1058 1900 516 844 598 1082 416 714 616 653 921 1073 766 1447 508 549 656 596 474 1160 853 0 1225 1256 781 513 971 1354 531 1497 889 239 528 1313 961 650 1024 690 473 1105 754 556 1232 311 655 1494 1058 1256 1203 539 608 646 572 882 934 1327 458 1380 680 400 502 972 1105 1225 1220 680 1014
1118 310 1733 1023 1691 940 1343 1223 664 1418 1005 999 196 1676 1280 1191 1056 1370 838 1276 1277 931 1225 0 597 1176 1195 1365 1522 873 1330 554 1264 980 1074 1356 1068 1418 851 1053 1499 1046 701 1349 1133 1377 1327 304 1555 83 1045 950 789 866 1447 537 667 1141 991 758 1202 755 576 351 1082 1546 744 455
1286 642 1168 1186 1580 971 778 1383 637 1307 1168 1031 527 1565 714 1358 1219 1259 1001 1307 711 962 1256 597 0 803 1363 800 957 904 764 870 1314 1011 508 1030 957 1093 1014 1084 1083 931 733 783 1293 1267 761 636 989 574 1209 981 953 1030 1336 468 315 1308 425 790 1233 787 507 683 516 980 907 787
1032 1009 1162 933 820 718 344 1015 664 547 915 400 1023 805 709 1105 966 499 748 625 422 332 781 1176 803 0 1109 233 663 651 759 839 839 758 575 271 197 333 761 831 414 171 530 494 910 507 755 1008 565 1153 955 728 699 776 577 884 937 1054 642 475 758 533 923 1055 487 529 654 964
101 1028 2228 315 1094 486 1410 331 820 940 451 1027 1043 1015 1775 27 347 985 395 802 1488 959 513 1195 1363 1109 0 1299 1682 486 1825 943 373 383 1641 1289 978 1352 489 318 1433 1073 663 1560 242 979 1822 1028 1584 1173 337 496 445 370 1211 1040 1433 144 1708 786 728 608 1079 1075 1553 1548 497 984
1222 1198 1159 1123 1010 907 341 1205 854 737 1105 589 1213 995 706 1294 1155 689 938 815 419 521 971 1365 800 233 1299 0 853 840 756 1029 1029 947 572 460 387 523 950 1020 603 361 720 491 1100 696 753 1197 754 1342 1145 917 889 966 766 1074 934 1244 639 664 947 723 1112 1245 484 718 843 1154
1605 1567 908 1506 1393 1290 835 1588 1237 1120 1488 972 1453 1378 332 1677 1538 1072 1321 1198 682 904 1354 1522 957 663 1682 853 0 1223 381 1412 1412 1330 552 607 770 377 1334 1403 285 744 1103 754 1483 1080 378 1561 192 1500 1528 1300 1272 1349 1149 1394 1091 1627 716 1048 1330 1106 1432 1608 487 183 1227 1537
409 706 1769 337 1142 94 951 506 361 725 474 569 720 1115 1316 481 370 764 417 582 1029 501 531 873 904 651 486 840 1223 0 1366 536 548 134 1182 831 519 893 435 207 974 615 204 1101 417 764 1363 705 1125 850 360 104 373 393 899 582 974 431 1250 328 508 149 620 752 1094 1089 328 662
1748 1375 716 1649 1536 1433 643 1731 1370 1263 1631 1115 1261 1521 86 1820 1681 1215 1464 1341 490 1047 1497 1330 764 759 1825 756 381 1366 0 1555 1555 1473 360 830 913 599 1477 1546 508 887 1246 562 1626 1223 35 1369 414 1308 1671 1443 1415 1492 1292 1202 899 1770 524 1191 1473 1249 1240 1416 295 405 1370 1520
866 387 1958 770 1355 604 1140 970 327 1081 752 663 402 1340 1505 938 803 1034 585 940 1218 595 889 554 870 839 943 1029 1412 536 1555 0 947 644 1347 1020 732 1082 598 717 1163 709 365 1290 881 1041 1552 386 1314 532 793 614 537 614 1111 548 940 888 1264 422 865 419 586 434 1283 1278 491 343
296 1097 1958 377 820 548 1140 276 772 667 513 979 1112 741 1505 369 409 714 457 532 1218 911 239 1264 1314 839 373 1029 1412 548 1555 947 0 445 1371 1019 708 1082 550 380 1162 812 614 1290 171 706 1551 1097 1314 1242 399 558 507 432 940 992 1385 318 1438 738 457 560 1030 1144 1283 1278 558 1053
306 813 1877 235 1166 135 1059 403 468 721 371 676 828 1087 1424 379 267 761 315 578 1137 608 528 980 1011 758 383 947 1330 134 1473 644 445 0 1289 938 627 1001 409 105 1081 722 311 1209 314 760 1470 812 1232 957 257 145 365 291 987 689 1081 329 1357 435 504 257 727 860 1201 1196 417 769
1564 1119 763 1465 1352 1249 458 1547 1113 1079 1447 931 1004 1337 310 1636 1497 1031 1280 1157 306 863 1313 1074 508 575 1641 572 552 1182 360 1347 1371 1289 0 802 729 769 1292 1362 678 703 1062 378 1442 1038 356 1112 584 1051 1487 1259 1231 1308 1108 945 642 1586 267 1006 1289 1065 983 1160 111 576 1185 1264
1213 1189 1356 1113 1001 898 572 1196 844 727 1095 580 1203 986 780 1285 1146 680 928 806 650 512 961 1356 1030 271 1289 460 607 831 830 1020 1019 938 802 0 378 277 941 1011 358 351 710 722 1091 687 826 1188 509 1333 1136 908 880 957 757 1065 1165 1235 870 655 938 713 1103 1235 714 473 834 1145
901 901 1316 802 663 587 498 884 556 390 784 398 916 648 863 974 834 342 617 468 576 330 650 1068 957 197 978 387 770 519 913 732 708 627 729 378 0 440 630 699 521 170 399 648 779 349 910 900 672 1045 824 597 568 645 419 777 1092 923 797 473 608 402 815 947 641 636 523 857
1275 1251 1125 1176 1063 961 634 1258 907 790 1158 643 1266 1048 549 1348 1208 742 991 868 712 574 1024 1418 1093 333 1352 523 377 893 599 1082 1082 1001 769 277 440 0 1004 1074 127 414 773 784 1153 750 595 1251 278 1396 1198 971 942 1019 820 1127 1227 1297 932 718 1001 776 1166 1298 705 242 897 1207
412 684 1880 309 1253 502 1062 509 472 970 187 679 698 1192 1427 484 342 932 124 828 1140 611 690 851 1014 761 489 950 1334 435 1477 598 550 409 1292 941 630 1004 0 344 1084 725 314 1212 419 939 1473 683 1235 828 309 512 93 153 1009 692 1084 434 1360 438 753 317 730 730 1204 1199 145 640
241 886 1950 170 1101 208 1132 338 541 666 306 749 901 1022 1496 314 202 706 250 524 1210 681 473 1053 1084 831 318 1020 1403 207 1546 717 380 105 1362 1011 699 1074 344 0 1154 795 384 1281 249 705 1543 885 1305 1030 192 218 300 226 932 762 1154 264 1430 508 449 329 800 932 1274 1269 352 842
1356 1332 1034 1256 1144 1041 715 1339 987 870 1238 723 1347 1129 458 1428 1289 823 1071 949 793 655 1105 1499 1083 414 1433 603 285 974 508 1163 1162 1081 678 358 521 127 1084 1154 0 495 853 865 1234 830 504 1331 187 1476 1279 1051 1023 1100 900 1208 1217 1378 842 798 1081 856 1246 1378 614 151 977 1288
997 878 1290 897 793 682 472 988 534 520 879 270 893 778 837 1069 930 472 712 598 550 202 754 1046 931 171 1073 361 744 615 887 709 812 722 703 351 170 414 725 795 495 0 443 622 883 479 884 878 646 1023 920 692 664 741 549 754 1065 1019 770 345 730 497 793 925 615 610 618 834
586 534 1649 486 1022 271 831 683 190 749 468 397 549 1007 1196 658 519 701 301 607 909 329 556 701 733 530 663 720 1103 204 1246 365 614 311 1062 710 399 773 314 384 853 443 0 981 593 708 1242 534 1004 679 509 281 253 330 778 410 803 608 1126 156 533 86 449 581 974 969 207 490
1483 1394 965 1384 1271 1169 378 1466 1115 998 1366 851 1279 1256 512 1556 1416 950 1199 1076 95 782 1232 1349 783 494 1560 491 754 1101 562 1290 1290 1209 378 722 648 784 1212 1281 865 622 981 0 1361 958 559 1388 787 1326 1406 1179 1150 1227 1028 1220 917 1505 542 926 1209 984 1259 1435 290 778 1105 1415
165 966 2029 246 892 417 1211 145 751 738 382 958 981 813 1576 238 278 785 326 603 1289 890 311 1133 1293 910 242 1100 1483 417 1626 881 171 314 1442 1091 779 1153 419 249 1234 883 593 1361 0 777 1623 966 1385 1111 268 427 376 301 1011 971 1364 187 1510 717 529 539 1009 1013 1354 1349 427 922
902 1210 1624 836 521 831 808 882 866 238 972 708 1225 480 1173 974 868 303 916 463 886 640 655 1377 1267 507 979 696 1080 764 1223 1041 706 760 1038 687 349 750 939 705 830 479 708 958 777 0 1219 1210 981 1355 858 841 878 891 278 1086 1401 924 1106 783 295 711 1125 1257 950 945 832 1166
1745 1372 712 1645 1533 1430 639 1728 1367 1259 1627 1112 1257 1518 83 1817 1678 1212 1460 1338 487 1044 1494 1327 761 755 1822 753 378 1363 35 1552 1551 1470 356 826 910 595 1473 1543 504 884 1242 559 1623 1219 0 1365 411 1304 1668 1440 1412 1489 1289 1198 895 1767 520 1187 1470 1245 1237 1413 292 402 1366 1517
951 142 1772 855 1523 772 1309 1055 496 1250 837 832 152 1508 1319 1023 888 1202 670 1108 1316 764 1058 304 636 1008 1028 1197 1561 705 1369 386 1097 812 1112 1188 900 1251 683 885 1331 878 534 1388 966 1210 1365 0 1482 281 878 782 622 699 1279 576 706 973 1029 591 1034 588 614 84 1120 1446 576 287
1507 1483 941 1408 1295 1192 866 1490 1139 1022 1390 874 1485 1280 364 1579 1440 974 1222 1100 715 806 1256 1555 989 565 1584 754 192 1125 414 1314 1314 1232 584 509 672 278 1235 1305 187 646 1004 787 1385 981 411 1482 0 1532 1430 1202 1174 1251 1051 1359 1124 1529 748 949 1232 1008 1397 1530 520 85 1128 1439
1096 288 1711 1001 1668 917 1321 1200 641 1395 982 977 173 1653 1258 1168 1033 1347 815 1253 1254 909 1203 83 574 1153 1173 1342 1500 850 1308 532 1242 957 1051 1333 1045 1396 828 1030 1476 1023 679 1326 1111 1355 1304 281 1532 0 1023 927 767 844 1425 515 644 1118 968 736 1179 733 553 329 1059 1524 721 433
260 878 2074 102 1119 360 1256 357 666 819 149 874 893 1041 1621 333 74 858 238 676 1334 805 539 1045 1209 955 337 1145 1528 360 1671 793 399 257 1487 1136 824 1198 309 192 1279 920 509 1406 268 858 1668 878 1430 1023 0 370 288 213 1085 887 1279 282 1555 633 602 482 925 925 1399 1394 340 834
419 783 1847 348 1220 17 1029 516 438 802 484 646 798 1193 1394 492 380 841 428 659 1107 578 608 950 981 728 496 917 1300 104 1443 614 558 145 1259 908 597 971 512 218 1051 692 281 1179 427 841 1440 782 1202 927 370 0 450 404 976 659 1051 442 1327 405 585 227 697 830 1171 1166 405 739
368 622 1818 266 1191 440 1000 465 410 918 247 617 637 1148 1365 440 298 870 80 776 1078 549 646 789 953 699 445 889 1272 373 1415 537 507 365 1231 880 568 942 93 300 1023 664 253 1150 376 878 1412 622 1174 767 288 450 0 109 947 631 1023 390 1299 377 702 256 669 669 1143 1138 101 578
294 699 1895 191 1153 394 1077 391 487 852 173 695 714 1074 1442 366 224 892 98 709 1155 626 572 866 1030 776 370 966 1349 393 1492 614 432 291 1308 957 645 1019 153 226 1100 741 330 1227 301 891 1489 699 1251 844 213 404 109 0 1025 708 1100 316 1376 454 635 333 746 746 1220 1215 161 655
1134 1280 1693 1062 309 966 878 1116 936 455 1163 778 1295 294 1243 1206 1095 407 996 533 956 709 882 1447 1336 577 1211 766 1149 899 1292 1111 940 987 1108 757 419 820 1009 932 900 549 778 1028 1011 278 1289 1279 1051 1425 1085 976 947 1025 0 1156 1471 1156 1176 853 536 781 1194 1327 1020 1015 902 1236
964 582 1605 864 1400 649 1185 1061 314 1127 846 708 468 1385 1152 1036 897 1079 679 985 1148 640 934 537 468 884 1040 1074 1394 582 1202 548 992 689 945 1065 777 1127 692 762 1208 754 410 1220 971 1086 1198 576 1359 515 887 659 631 708 1156 0 539 986 862 467 911 464 89 623 953 1323 585 673
1356 712 1302 1257 1715 1041 912 1453 707 1441 1239 1101 598 1700 849 1428 1289 1394 1072 1377 846 1033 1327 667 315 937 1433 934 1091 974 899 940 1385 1081 642 1165 1092 1227 1084 1154 1217 1065 803 917 1364 1401 895 706 1124 644 1279 1051 1023 1100 1471 539 0 1378 559 860 1303 857 577 753 650 1115 977 857
67 974 2173 260 1039 432 1355 277 765 886 397 973 988 960 1720 139 293 930 340 747 1433 905 458 1141 1308 1054 144 1244 1627 431 1770 888 318 329 1586 1235 923 1297 434 264 1378 1019 608 1505 187 924 1767 973 1529 1118 282 442 390 316 1156 986 1378 0 1654 732 673 553 1024 1020 1498 1493 442 930
1632 1036 927 1532 1420 1317 617 1615 1030 1146 1514 999 921 1405 474 1704 1565 1099 1347 1225 470 931 1380 991 425 642 1708 639 716 1250 524 1264 1438 1357 267 870 797 932 1360 1430 842 770 1126 542 1510 1106 520 1029 748 968 1555 1327 1299 1376 1176 862 559 1654 0 1074 1357 1132 900 1077 275 740 1253 1181
710 591 1594 610 1096 395 776 807 247 823 592 299 606 1081 1141 782 643 775 425 731 854 231 680 758 790 475 786 664 1048 328 1191 422 738 435 1006 655 473 718 438 508 798 345 156 926 717 783 1187 591 949 736 633 405 377 454 853 467 860 732 1074 0 657 210 506 638 918 913 331 547
651 1035 1877 580 727 575 1059 634 690 256 716 898 1049 648 1424 724 612 322 660 293 1137 830 400 1202 1233 758 728 947 1330 508 1473 865 457 504 1289 938 608 1001 753 449 1081 730 533 1209 529 295 1470 1034 1232 1179 602 585 702 635 536 911 1303 673 1357 657 0 478 949 1081 1201 1196 657 991
531 588 1652 460 1025 217 834 628 244 695 471 451 603 1010 1199 604 492 704 304 553 912 383 502 755 787 533 608 723 1106 149 1249 419 560 257 1065 713 402 776 317 329 856 497 86 984 539 711 1245 588 1008 733 482 227 256 333 781 464 857 553 1132 210 478 0 503 635 977 972 210 544
1002 621 1643 903 1438 687 1224 1099 353 1165 885 747 506 1423 1190 1074 935 1117 717 1023 1187 678 972 576 507 923 1079 1112 1432 620 1240 586 1030 727 983 1103 815 1166 730 800 1246 793 449 1259 1009 1125 1237 614 1397 553 925 697 669 746 1194 89 577 1024 900 506 949 503 0 662 991 1361 623 711
998 190 1819 903 1570 820 1356 1102 543 1297 885 879 199 1555 1366 1070 935 1250 718 1156 1363 811 1105 351 683 1055 1075 1245 1608 752 1416 434 1144 860 1160 1235 947 1298 730 932 1378 925 581 1435 1013 1257 1413 84 1530 329 925 830 669 746 1327 623 753 1020 1077 638 1081 635 662 0 1168 1494 623 335
1476 1127 698 1377 1264 1161 370 1459 1108 991 1359 843 1012 1249 245 1548 1409 943 1192 1069 218 775 1225 1082 516 487 1553 484 487 1094 295 1283 1283 1201 111 714 641 705 1204 1274 614 615 974 290 1354 950 292 1120 520 1059 1399 1171 1143 1220 1020 953 650 1498 275 918 1201 977 991 1168 0 511 1097 1272
1471 1447 932 1372 1259 1156 830 1454 1103 986 1354 838 1462 1244 356 1543 1404 938 1186 1064 706 770 1220 1546 980 529 1548 718 183 1089 405 1278 1278 1196 576 473 636 242 1199 1269 151 610 969 778 1349 945 402 1446 85 1524 1394 1166 1138 1215 1015 1323 1115 1493 740 913 1196 972 1361 1494 511 0 1092 1403
420 577 1773 317 1146 395 955 517 365 872 299 572 591 1131 1320 492 350 825 132 731 1033 504 680 744 907 654 497 843 1227 328 1370 491 558 417 1185 834 523 897 145 352 977 618 207 1105 427 832 1366 576 1128 721 340 405 101 161 902 585 977 442 1253 331 657 210 623 623 1097 1092 0 533
907 288 1923 812 1480 729 1265 1012 453 1207 794 788 303 1465 1470 980 845 1159 627 1065 1343 720 1014 455 787 964 984 1154 1537 662 1520 343 1053 769 1264 1145 857 1207 640 842 1288 834 490 1415 922 1166 1517 287 1439 433 834 739 578 655 1236 673 857 930 1181 547 991 544 711 335 1272 1403 533 0
EOF