NAME : tsp_problem
TYPE : TSP
DIMENSION : 36
EDGE_WEIGHT_TYPE : EXPLICIT
EDGE_WEIGHT_FORMAT : FULL_MATRIX
EDGE_WEIGHT_SECTION
0 736 493 1054 1514 2145 502 1527 622 1290 389 1123 1427 1392 1493 439 1326 1539 1202 701 501 1034 212 1352 1416 370 477 93 452 1466 457 870 1077 669 384 1079
736 0 324 842 1302 1930 333 1459 436 1077 822 581 1214 1431 1280 843 1365 1434 1270 345 332 625 834 1139 1204 660 734 749 709 1253 826 909 1116 708 818 679
493 324 0 735 1195 1825 55 1315 528 970 571 704 1107 1181 1173 593 1114 1327 1019 482 54 749 588 1032 1097 409 483 506 458 1146 575 658 865 458 567 802
1054 842 735 0 707 1337 743 864 818 289 931 701 619 1069 685 769 1003 839 1172 727 742 746 1149 544 609 831 806 1067 781 465 752 811 1018 634 1099 799
1514 1302 1195 707 0 926 1203 300 1278 803 1391 1161 492 505 158 1229 439 274 695 1187 1202 1206 1609 463 481 1291 1266 1527 1241 713 1212 1096 634 1088 1559 1259
2155 1942 1835 1347 936 0 1844 1163 1919 1105 2031 1802 1025 1368 807 1870 1302 1138 1558 1828 1843 1846 2249 996 1015 1931 1906 2168 1881 1016 1853 1912 1497 1735 2200 1899
502 333 55 743 1203 1834 0 1324 536 979 580 712 1116 1189 1181 601 1123 1335 1028 490 63 757 597 1041 1105 418 492 515 467 1155 584 667 874 466 576 810
1527 1459 1315 864 300 1153 1324 0 1436 1030 1290 1318 719 356 385 1128 290 55 546 1344 1323 1363 1508 690 708 1189 1164 1540 1139 940 1111 947 485 939 1458 1416
622 436 528 818 1278 1907 536 1436 0 1054 855 557 1191 1633 1256 905 1567 1410 1472 128 535 461 720 1116 1180 837 936 635 911 1230 924 1111 1318 910 851 506
1290 1077 970 289 803 1096 979 1030 1054 0 1167 937 855 1235 674 1005 1169 1005 1408 963 978 981 1385 780 844 1066 1041 1303 1016 214 988 1047 1254 870 1335 1035
389 822 571 931 1391 2022 580 1290 855 1167 0 1147 1304 1155 1369 198 1089 1301 961 933 579 1192 369 1228 1293 334 441 401 416 1342 217 632 840 432 200 1245
1123 581 704 701 1161 1789 712 1318 557 937 1147 0 1074 1524 1139 985 1458 1293 1412 466 711 203 1218 998 1063 1039 1022 1136 997 1113 968 1051 1258 850 1197 256
1427 1214 1107 619 492 1015 1116 719 1191 855 1304 1074 0 924 363 1142 858 694 1114 1100 1115 1118 1522 268 38 1203 1178 1440 1153 802 1125 1184 1053 1007 1472 1172
1392 1431 1181 1069 505 1359 1189 356 1633 1235 1155 1524 924 0 590 993 90 367 411 1550 1188 1568 1373 895 913 1055 1030 1405 1005 1146 976 812 350 804 1323 1621
1493 1280 1173 685 158 797 1181 385 1256 674 1369 1139 363 590 0 1207 524 360 780 1165 1181 1184 1587 334 352 1269 1244 1505 1219 584 1190 1182 719 1072 1537 1237
439 843 593 769 1229 1860 601 1128 905 1005 198 985 1142 993 1207 0 927 1140 800 983 600 1030 419 1067 1131 384 442 451 417 1181 94 471 678 270 366 1083
1326 1365 1114 1003 439 1293 1123 290 1567 1169 1089 1458 858 90 524 927 0 301 345 1483 1122 1502 1307 829 847 989 964 1339 939 1079 910 746 284 738 1257 1555
1539 1434 1327 839 274 1128 1335 55 1410 1005 1301 1293 694 367 360 1140 301 0 557 1319 1335 1338 1519 665 683 1201 1176 1551 1151 915 1122 959 496 950 1469 1391
1202 1270 1019 1172 695 1549 1028 546 1472 1408 961 1412 1114 411 780 800 345 557 0 1427 1027 1457 1175 1085 1103 893 868 1215 843 1336 782 603 299 642 1129 1510
701 345 482 727 1187 1815 490 1344 128 963 933 466 1100 1550 1165 983 1483 1319 1427 0 489 493 798 1024 1089 817 891 713 866 1139 983 1066 1273 866 929 539
501 332 54 742 1202 1833 63 1323 535 978 579 711 1115 1188 1181 600 1122 1335 1027 489 0 756 596 1040 1104 417 491 514 466 1154 583 666 873 465 575 809
1034 625 749 746 1206 1834 757 1363 461 981 1192 203 1118 1568 1184 1030 1502 1338 1457 493 756 0 1132 1043 1108 1084 1066 1047 1041 1157 1013 1096 1303 895 1242 93
212 834 588 1149 1609 2240 597 1508 720 1385 369 1218 1522 1373 1587 419 1307 1519 1175 798 596 1132 0 1446 1511 351 457 266 432 1560 438 850 1058 650 365 1177
1352 1139 1032 544 463 986 1041 690 1116 780 1228 998 268 895 334 1067 829 665 1085 1024 1040 1043 1446 0 258 1128 1103 1365 1078 773 1049 1109 1024 931 1396 1096
1416 1204 1097 609 481 1005 1105 708 1180 844 1293 1063 38 913 352 1131 847 683 1103 1089 1104 1108 1511 258 0 1193 1168 1429 1143 792 1114 1173 1042 996 1461 1161
370 660 409 831 1291 1921 418 1189 837 1066 334 1039 1203 1055 1269 384 989 1201 893 817 417 1084 351 1128 1193 0 139 383 114 1242 403 532 739 332 330 1137
477 734 483 806 1266 1896 492 1164 936 1041 441 1022 1178 1030 1244 442 964 1176 868 891 491 1066 457 1103 1168 139 0 490 41 1217 425 507 714 307 436 1120
93 749 506 1067 1527 2158 515 1540 635 1303 401 1136 1440 1405 1505 451 1339 1551 1215 713 514 1047 266 1365 1429 383 490 0 465 1479 470 883 1090 682 397 1092
452 709 458 781 1241 1871 467 1139 911 1016 416 997 1153 1005 1219 417 939 1151 843 866 466 1041 432 1078 1143 114 41 465 0 1192 400 482 689 282 411 1095
1466 1253 1146 465 713 1006 1155 940 1230 214 1342 1113 802 1146 584 1181 1079 915 1336 1139 1154 1157 1560 773 792 1242 1217 1479 1192 0 1164 1223 1274 1046 1511 1210
457 826 575 752 1212 1843 584 1111 924 988 217 968 1125 976 1190 94 910 1122 782 983 583 1013 438 1049 1114 403 425 470 400 1164 0 454 661 253 385 1066
870 909 658 811 1096 1902 667 947 1111 1047 632 1051 1184 812 1182 471 746 959 603 1066 666 1096 850 1109 1173 532 507 883 482 1223 454 0 497 281 801 1149
1077 1116 865 1018 634 1487 874 485 1318 1254 840 1258 1053 350 719 678 284 496 299 1273 873 1303 1058 1024 1042 739 714 1090 689 1274 661 497 0 488 1008 1356
669 708 458 634 1088 1725 466 939 910 870 432 850 1007 804 1072 270 738 950 642 866 465 895 650 931 996 332 307 682 282 1046 253 281 488 0 600 948
384 818 567 1099 1559 2190 576 1458 851 1335 200 1197 1472 1323 1537 366 1257 1469 1129 929 575 1242 365 1396 1461 330 436 397 411 1511 385 801 1008 600 0 1295
1079 679 802 799 1259 1887 810 1416 506 1035 1245 256 1172 1621 1237 1083 1555 1391 1510 539 809 93 1177 1096 1161 1137 1120 1092 1095 1210 1066 1149 1356 948 1295 0
EOF