NAME : tsp_problem
TYPE : TSP
DIMENSION : 78
EDGE_WEIGHT_TYPE : EXPLICIT
EDGE_WEIGHT_FORMAT : FULL_MATRIX
EDGE_WEIGHT_SECTION
0 1140 1096 809 770 815 854 1615 924 1265 998 421 829 545 1346 1434 1265 418 899 1228 1302 911 1122 912 990 546 1285 971 818 1452 1065 1106 1478 1468 1110 949 941 1045 440 1039 1280 1177 938 1137 1515 480 1408 862 1491 941 851 1639 1271 1408 956 1125 1054 841 930 826 864 1269 1027 928 921 1150 1718 921 1566 1562 1101 898 17 421 881 688 1279 881
1140 0 1916 682 643 352 727 725 797 375 1365 1242 1196 1366 456 2255 628 1239 1720 338 412 1732 1489 350 1811 1366 395 1338 1639 2273 127 1473 588 578 1931 323 1762 268 1261 1859 390 1544 811 43 625 1300 772 735 601 1308 1218 749 381 518 1777 234 927 1208 803 699 737 632 1848 801 794 1517 1591 794 676 672 974 1265 1140 1242 1248 1055 389 319
1096 1916 0 1586 1547 1592 1631 2392 1700 2042 1775 721 1606 599 2123 808 2041 707 406 2005 2079 286 1899 1689 497 599 2062 1748 636 827 1842 1883 2255 2245 61 1726 215 1822 820 399 2057 1954 1715 1914 2292 658 2185 1639 2268 1718 1628 2416 2048 2185 350 1901 1831 1618 1707 1603 1641 2046 401 1705 1698 1927 2495 1698 2343 2339 1878 1608 1096 722 1658 1464 2056 1658
809 682 1586 0 154 357 260 1157 198 807 1034 911 866 1035 888 1924 807 908 1389 770 845 1401 1158 454 1480 1035 827 1007 1308 1942 607 1142 1020 1010 1600 491 1431 588 930 1528 822 1214 213 679 1057 970 950 137 1033 977 888 1181 813 950 1446 667 329 877 336 59 270 811 1517 334 196 1187 1139 196 1108 1104 376 935 809 911 917 724 822 423
770 643 1547 154 0 319 330 1064 208 769 996 872 827 997 795 1885 768 870 1351 732 806 1363 1120 416 1442 997 789 969 1270 1904 569 1104 927 917 1562 452 1393 549 892 1490 784 1175 222 641 964 931 912 147 940 939 849 1088 775 857 1408 628 339 839 406 172 341 772 1479 405 206 1148 1024 205 1015 1011 385 896 770 872 879 686 783 385
815 352 1592 357 319 0 403 828 472 478 1041 917 872 1042 559 1930 547 915 1396 441 515 1408 1165 125 1487 1042 498 1014 1315 1949 278 1149 690 680 1607 231 1438 328 937 1535 493 1220 486 350 728 976 691 411 704 984 894 852 484 621 1453 337 603 884 479 375 413 551 1524 477 470 1193 1267 469 779 775 649 941 815 917 924 730 492 94
854 727 1631 260 330 403 0 1203 351 852 1080 956 911 1081 933 1969 852 953 1434 815 890 1446 1203 500 1525 1081 873 1053 1353 1987 652 1188 1065 1055 1645 536 1476 633 976 1574 867 1259 280 725 1102 1015 995 270 1078 1023 933 1226 859 995 1491 712 250 922 96 277 60 856 1562 94 349 1232 1305 348 1153 1149 377 980 854 956 962 769 867 469
1615 725 2392 1157 1109 828 1203 0 1272 437 1841 1717 1672 1842 307 2730 568 1715 2196 547 474 2208 1965 826 2287 1842 604 1814 2115 2749 718 1949 367 180 2407 799 2238 598 1737 2335 599 2020 1286 727 172 1776 383 1211 289 1784 1694 94 443 297 2252 521 1403 1683 1279 1175 1213 462 2324 1277 1270 1993 1791 1269 60 140 1449 1741 1615 1717 1723 1530 599 795
924 797 1700 198 208 472 351 1233 0 922 1149 1026 980 1150 964 2039 922 1023 1504 885 959 1516 1273 569 1595 1150 942 1122 1423 2057 722 1257 1096 1086 1715 606 1546 702 1045 1643 937 1328 99 794 1133 1084 1065 108 1109 1092 1002 1257 928 1026 1561 782 300 992 427 216 314 926 1632 425 54 1302 1193 59 1184 1180 262 1050 924 1026 1032 839 936 538
1265 375 2042 807 769 478 852 437 922 0 1491 1367 1322 1492 167 2380 608 1364 1845 197 64 1857 1615 476 1936 1492 254 1464 1764 2399 368 1599 299 289 2056 448 1887 248 1387 1985 249 1670 936 377 337 1426 678 861 313 1434 1344 460 49 230 1902 171 1053 1333 928 825 863 612 1973 927 920 1643 1535 919 388 384 1099 1391 1265 1367 1373 1180 248 445
998 1365 1775 1034 996 1041 1080 1841 1149 1491 0 1100 1055 1225 1571 2113 1490 1097 1578 1454 1528 1590 735 1138 1669 1225 1511 584 1497 2131 1290 158 1703 1693 1789 1174 1620 1271 1119 1718 1506 230 1163 1363 1740 1159 1633 1088 1717 100 1077 1864 1497 1633 1635 1350 1280 1066 1156 1052 1090 1494 1706 1154 1147 267 1411 1146 1792 1787 1326 1124 998 1100 1106 913 1505 1107
421 1242 721 911 872 917 956 1717 1026 1367 1100 0 931 171 1448 1059 1367 64 525 1330 1405 537 1224 1014 616 171 1387 1073 444 1078 1167 1208 1580 1570 736 1051 567 1148 145 664 1382 1279 1040 1239 1617 105 1510 964 1593 1043 953 1741 1373 1510 582 1227 1156 943 1032 928 967 1371 653 1031 1023 1252 1820 1023 1668 1664 1203 1000 421 78 983 790 1382 983
829 1196 1606 866 827 872 911 1672 980 1322 1055 931 0 1056 1403 1944 1321 929 1410 1285 1359 1422 1179 969 1501 1056 1342 1028 1329 1963 1122 1163 1534 1524 1621 1006 1452 1102 951 1549 1337 1234 995 1194 1572 990 1465 919 1548 998 224 1696 1328 1465 1466 1181 1111 214 987 883 921 1326 1538 985 978 1207 1775 978 1623 1619 1157 602 829 931 381 188 1336 938
545 1366 599 1035 997 1042 1081 1842 1150 1492 1225 171 1056 0 1572 937 1491 157 403 1455 1529 415 1348 1139 494 87 1512 1198 322 956 1291 1333 1704 1694 614 1175 445 1272 269 542 1507 1404 1164 1364 1742 108 1635 1089 1718 1168 1078 1865 1498 1635 460 1351 1281 1067 1157 1053 1091 1495 531 1155 1148 1377 1944 1147 1793 1789 1327 1125 546 171 1107 914 1506 1108
1346 456 2123 888 839 559 933 307 1003 167 1571 1448 1403 1572 0 2461 689 1445 1926 278 205 1938 1695 557 2017 1573 335 1544 1845 2479 449 1680 169 159 2137 529 1968 329 1467 2066 330 1751 1017 458 206 1507 548 941 182 1515 1425 330 174 99 1983 252 1133 1414 1009 906 944 627 2054 1008 1001 1724 1522 1000 257 253 1180 1472 1346 1448 1454 1261 329 526
1434 2255 808 1924 1885 1930 1969 2730 2039 2380 2113 1059 1944 937 2461 0 2380 1045 744 2343 2417 542 2237 2027 835 937 2400 2086 974 37 2180 2221 2593 2583 823 2064 654 2160 1158 771 2395 2292 2053 2252 2630 996 2523 1977 2606 2056 1966 2754 2386 2523 688 2240 2169 1956 2045 1941 1979 2384 759 2043 2036 2265 2833 2036 2681 2677 2216 1946 1434 1060 1996 1803 2394 1996
1265 628 2041 807 768 547 852 568 922 608 1490 1367 1321 1491 689 2380 0 1364 1845 571 645 1857 1614 644 1936 1491 628 1463 1764 2398 621 1598 794 607 2056 448 1887 387 1386 1984 623 1669 936 630 599 1425 306 860 716 1433 1343 592 614 724 1902 467 1052 1333 928 824 862 167 1973 926 919 1642 1716 919 519 567 1099 1390 1265 1367 1373 1180 622 613
418 1239 707 908 870 915 953 1715 1023 1364 1097 64 929 157 1445 1045 1364 0 511 1327 1402 523 1221 1011 602 157 1384 1070 430 1064 1164 1205 1577 1567 722 1048 553 1145 142 650 1379 1277 1037 1237 1614 91 1507 962 1590 1040 950 1738 1371 1507 568 1224 1153 940 1029 926 964 1368 639 1028 1021 1250 1817 1020 1665 1661 1200 998 418 64 980 787 1379 980
2109 2476 2885 2145 2106 2151 2190 2951 2260 2601 2334 2211 1695 2335 2682 3223 2601 2208 0 2564 2639 2701 2458 2248 119 2335 2621 2307 2608 3242 2401 2442 2814 2804 2900 2285 2731 2382 2230 2828 2616 2513 2274 2473 2851 2269 2744 2198 2827 2277 1608 2975 2607 2744 2746 2461 2390 1601 2266 2162 2201 2605 2817 2265 2257 2486 3054 2257 2902 2898 2437 1231 2109 2210 1490 1671 2616 2217
1228 338 2005 770 732 441 815 547 885 197 1454 1330 1285 1455 278 2343 571 1327 1809 0 234 1820 1578 439 1900 1455 122 1427 1728 2362 331 1562 410 400 2019 411 1850 211 1350 1948 117 1633 899 340 447 1389 714 824 423 1397 1307 571 203 340 1865 134 1016 1296 891 788 826 575 1937 890 883 1606 1645 882 498 494 1062 1354 1228 1330 1336 1143 117 408
1302 412 2079 845 806 515 890 474 959 64 1528 1405 1359 1529 205 2417 645 1402 1883 234 0 1895 1652 513 1974 1529 292 1501 1802 2436 405 1636 337 327 2094 486 1925 285 1424 2022 286 1707 974 414 374 1463 716 898 350 1471 1381 498 63 267 1940 209 1090 1371 966 862 900 649 2011 964 957 1680 1572 956 425 421 1136 1428 1303 1404 1411 1218 286 482
911 1732 286 1401 1363 1408 1446 2208 1516 1857 1590 537 1422 415 1938 542 1857 523 221 1820 1895 0 1714 1504 312 415 1877 1563 451 560 1657 1698 2070 2060 300 1541 131 1638 635 248 1872 1770 1530 1730 2107 474 2000 1455 2083 1533 1443 2231 1864 2000 165 1717 1647 1433 1522 1419 1457 1861 237 1521 1514 1743 2310 1513 2158 2154 1693 1424 911 537 1473 1280 1872 1473
1122 1489 1899 1158 1120 1165 1203 1965 1273 1615 735 1224 1179 1348 1695 2237 1614 1221 1702 1578 1652 1714 0 1262 1793 1349 1635 315 1621 2255 1414 844 1827 1817 1913 1298 1744 1395 1243 1842 1629 778 1287 1487 1864 1283 1757 1212 1841 678 1201 1988 1621 1757 1759 1474 1404 1190 1279 1176 1214 1618 1830 1278 1271 851 1042 1270 1916 1911 1450 1248 1122 1224 1230 1037 1629 1231
912 350 1689 454 416 125 500 826 569 476 1138 1014 969 1139 557 2027 644 1011 1493 439 513 1504 1262 0 1584 1139 496 1111 1412 2046 276 1246 688 678 1703 312 1535 369 1034 1632 491 1317 583 348 726 1073 787 508 702 1081 991 850 482 619 1549 335 700 980 576 472 510 648 1621 574 567 1290 1363 566 777 773 746 1038 912 1014 1020 827 490 91
2018 2385 2795 2054 2016 2061 2099 2861 2169 2510 2243 2120 1604 2244 2591 3133 2510 2117 2598 2473 2548 2610 2367 2158 0 2244 2531 2216 2517 3151 2310 2351 2723 2713 2809 2194 2640 2291 2139 2737 2525 2423 2183 2383 2760 2179 2653 2108 2736 2186 1518 2884 2517 2653 2655 2370 2300 1510 2175 2072 2110 2514 2726 2174 2167 2396 2963 2166 2811 2807 2346 1140 2018 2120 1399 1580 2525 2127
546 1366 599 1035 997 1042 1081 1842 1150 1492 1225 171 1056 87 1573 937 1491 157 403 1455 1529 415 1349 1139 494 0 1512 1198 322 956 1292 1333 1704 1694 614 1175 445 1272 269 542 1507 1404 1164 1364 1742 108 1635 1089 1718 1168 1078 1865 1498 1635 460 1351 1281 1067 1157 1053 1091 1495 531 1155 1148 1377 1945 1147 1793 1789 1327 1125 546 171 1107 914 1506 1108
1285 395 2062 827 789 498 873 604 942 254 1511 1387 1342 1512 335 2400 628 1384 1866 122 292 1877 1635 496 1957 1512 0 1484 1785 2419 388 1619 467 457 2076 469 1908 268 1407 2005 82 1690 956 397 504 1446 771 881 480 1454 1364 628 260 397 1922 191 1073 1353 949 845 883 632 1994 947 940 1663 1702 939 555 551 1119 1411 1285 1387 1393 1200 92 465
971 1338 1748 1007 969 1014 1053 1814 1122 1464 584 1073 1028 1198 1544 2086 1463 1070 1551 1427 1501 1563 315 1111 1642 1198 1484 0 1470 2104 1263 693 1676 1666 1762 1147 1593 1244 1092 1691 1479 764 1136 1336 1713 1132 1606 1061 1690 528 1050 1837 1470 1606 1608 1323 1253 1039 1129 1025 1063 1467 1679 1127 1120 737 1259 1119 1765 1760 1299 1097 971 1073 1079 886 1478 1080
818 1639 636 1308 1270 1315 1353 2115 1423 1764 1497 444 1329 322 1845 974 1764 430 439 1728 1802 451 1621 1412 530 322 1785 1470 0 992 1564 1606 1977 1967 650 1448 481 1545 542 578 1779 1677 1437 1637 2014 381 1907 1362 1990 1440 1351 2138 1771 1907 496 1624 1554 1340 1429 1326 1364 1768 567 1428 1421 1650 2217 1420 2065 2061 1600 1398 818 444 1380 1187 1779 1381
1452 2273 827 1942 1904 1949 1987 2749 2057 2399 2131 1078 1963 956 2479 37 2398 1064 762 2362 2436 560 2255 2046 853 956 2419 2104 992 0 2198 2240 2611 2601 841 2082 672 2179 1176 789 2413 2311 2071 2271 2648 1015 2541 1996 2625 2075 1985 2772 2405 2541 707 2258 2188 1974 2063 1960 1998 2402 778 2062 2055 2284 2851 2054 2700 2695 2234 1965 1452 1078 2014 1821 2413 2015
1065 127 1842 607 569 278 652 718 722 368 1290 1167 1122 1291 449 2180 621 1164 1645 331 405 1657 1414 276 1736 1292 388 1263 1564 2198 0 1399 581 571 1856 248 1687 261 1186 1785 383 1470 736 125 618 1226 765 660 594 1234 1144 742 374 511 1702 227 852 1133 728 625 663 625 1773 727 720 1443 1516 719 669 665 899 1191 1065 1167 1173 980 382 245
1106 1473 1883 1142 1104 1149 1188 1949 1257 1599 158 1208 1163 1333 1680 2221 1598 1205 1687 1562 1636 1698 844 1246 1778 1333 1619 693 1606 2240 1399 0 1811 1801 1897 1282 1728 1379 1228 1826 1614 253 1271 1471 1849 1267 1742 1196 1825 209 1185 1973 1605 1742 1743 1458 1388 1174 1264 1160 1198 1602 1815 1262 1255 375 1435 1254 1900 1896 1434 1232 1106 1208 1214 1021 1613 1215
1478 588 2255 1020 971 690 1065 367 1135 299 1703 1580 1534 1704 169 2593 794 1577 2058 410 337 2070 1827 688 2149 1704 467 1676 1977 2611 581 1811 0 219 2269 661 2100 460 1599 2197 462 1883 1149 589 267 1638 608 1073 243 1646 1556 390 306 104 2115 384 1265 1546 1141 1037 1075 687 2186 1139 1132 1856 1653 1132 318 313 1312 1604 1478 1580 1586 1393 461 657
1468 578 2245 1010 961 680 1055 180 1125 289 1693 1570 1524 1694 159 2583 607 1567 2048 400 327 2060 1817 678 2139 1694 457 1666 1967 2601 571 1801 219 0 2259 651 2090 450 1589 2187 452 1872 1139 579 79 1628 421 1063 141 1636 1546 203 296 149 2105 374 1255 1536 1131 1027 1065 500 2176 1129 1122 1846 1643 1122 131 126 1302 1594 1468 1570 1576 1383 451 647
1110 1931 61 1600 1562 1607 1645 2407 1715 2056 1789 736 1621 614 2137 823 2056 722 420 2019 2094 300 1913 1703 511 614 2076 1762 650 841 1856 1897 2269 2259 0 1740 229 1837 834 413 2071 1969 1729 1929 2306 673 2199 1654 2282 1732 1642 2430 2063 2199 364 1916 1846 1632 1721 1618 1656 2060 416 1720 1713 1942 2509 1712 2357 2353 1892 1623 1110 736 1672 1479 2071 1672
949 323 1726 491 452 231 536 799 606 448 1174 1051 1006 1175 529 2064 448 1048 1529 411 486 1541 1298 312 1620 1175 469 1147 1448 2082 248 1282 661 651 1740 0 1571 229 1070 1668 463 1354 620 321 698 1110 591 544 674 1117 1027 822 455 591 1586 308 736 1017 612 508 546 452 1657 611 603 1327 1400 603 749 745 783 1075 949 1051 1057 864 463 281
941 1762 215 1431 1393 1438 1476 2238 1546 1887 1620 567 1452 445 1968 654 1887 553 251 1850 1925 131 1744 1535 342 445 1908 1593 481 672 1687 1728 2100 2090 229 1571 0 1668 665 203 1902 1800 1560 1760 2137 504 2030 1485 2113 1563 1474 2261 1894 2030 196 1747 1677 1463 1552 1449 1487 1891 205 1551 1544 1773 2340 1543 2188 2184 1723 1454 941 567 1503 1310 1902 1504
1045 268 1822 588 549 328 633 598 702 248 1271 1148 1102 1272 329 2160 387 1145 1626 211 285 1638 1395 369 1717 1272 268 1244 1545 2179 261 1379 460 450 1837 229 1668 0 1167 1765 263 1450 717 270 498 1206 531 641 474 1214 1124 621 254 391 1683 107 833 1114 709 605 643 391 1754 707 700 1423 1497 699 549 545 879 1171 1046 1147 1154 961 262 338
440 1261 820 930 892 937 976 1737 1045 1387 1119 145 951 269 1467 1158 1386 142 623 1350 1424 635 1243 1034 714 269 1407 1092 542 1176 1186 1228 1599 1589 834 1070 665 1167 0 762 1402 1299 1059 1259 1637 204 1530 984 1613 1063 973 1760 1393 1530 680 1246 1176 962 1052 948 986 1390 751 1050 1043 1272 1839 1042 1688 1683 1222 1020 441 145 1002 809 1401 1003
1039 1859 399 1528 1490 1535 1574 2335 1643 1985 1718 664 1549 542 2066 771 1984 650 349 1948 2022 248 1842 1632 440 542 2005 1691 578 789 1785 1826 2197 2187 413 1668 203 1765 762 0 2000 1834 1657 1857 2235 601 2128 1582 2211 1661 1571 2359 1991 2128 97 1844 1774 1560 1650 1546 1584 1988 79 1648 1641 1870 2438 1640 2286 2282 1820 1551 1039 664 1600 1407 1999 1601
1280 390 2057 822 784 493 867 599 937 249 1506 1382 1337 1507 330 2395 623 1379 1860 117 286 1872 1629 491 1951 1507 82 1479 1779 2413 383 1614 462 452 2071 463 1902 263 1402 2000 0 1685 951 392 499 1441 766 876 475 1449 1359 623 255 392 1917 186 1068 1348 943 840 878 627 1988 942 935 1658 1697 934 550 546 1114 1406 1280 1382 1388 1195 92 460
1177 1544 1954 1214 1175 1220 1259 2020 1328 1670 230 1279 1234 1404 1751 2292 1669 1277 1758 1633 1707 1770 778 1317 1849 1404 1690 764 1677 2311 1470 253 1883 1872 1969 1354 1800 1450 1299 1834 1685 0 1343 1542 1920 1338 1813 1267 1896 280 1256 2044 1676 1813 1814 1529 1459 1245 1335 1231 1269 1674 1822 1333 1326 423 1352 1326 1971 1967 1505 1303 1177 1279 1286 1092 1684 1286
938 811 1715 213 222 486 280 1248 99 936 1163 1040 995 1164 978 2053 936 1037 1518 899 974 1530 1287 583 1609 1164 956 1136 1437 2071 736 1271 1110 1100 1729 620 1560 717 1059 1657 951 1343 0 808 1147 1099 1079 122 1123 1106 1016 1271 942 1040 1575 796 229 1006 356 230 244 940 1646 355 96 1316 1207 96 1198 1194 190 1064 938 1040 1046 853 951 552
1137 43 1914 679 641 350 725 727 794 377 1363 1239 1194 1364 458 2252 630 1237 1718 340 414 1730 1487 348 1809 1364 397 1336 1637 2271 125 1471 589 579 1929 321 1760 270 1259 1857 392 1542 808 0 627 1298 773 733 603 1306 1216 750 383 520 1775 236 925 1206 801 697 735 634 1846 799 792 1515 1589 791 678 674 971 1263 1137 1239 1246 1053 391 317
1515 625 2292 1057 1008 728 1102 172 1172 337 1740 1617 1572 1742 206 2630 599 1614 2095 447 374 2107 1864 726 2186 1742 504 1713 2014 2648 618 1849 267 79 2306 698 2137 498 1637 2235 499 1920 1186 627 0 1676 413 1111 189 1684 1594 195 343 197 2152 421 1303 1583 1178 1075 1113 492 2223 1177 1170 1893 1691 1169 122 118 1349 1641 1515 1617 1623 1430 498 695
480 1300 658 970 931 976 1015 1776 1084 1426 1159 105 990 108 1507 996 1425 91 462 1389 1463 474 1283 1073 553 108 1446 1132 381 1015 1226 1267 1638 1628 673 1110 504 1206 204 601 1441 1338 1099 1298 1676 0 1569 1023 1652 1102 1012 1800 1432 1569 519 1285 1215 1001 1091 987 1025 1430 590 1089 1082 1311 1879 1082 1727 1723 1261 1059 480 106 1041 848 1440 1042
1408 772 2185 950 912 691 995 383 1065 678 1633 1510 1465 1635 548 2523 306 1507 1988 714 716 2000 1757 787 2079 1635 771 1606 1907 2541 765 1742 608 421 2199 591 2030 531 1530 2128 766 1813 1079 773 413 1569 0 1004 530 1577 1487 406 684 538 2045 611 1196 1476 1071 968 1006 200 2116 1070 1063 1786 1859 1062 334 381 1242 1534 1408 1510 1516 1323 766 756
862 735 1639 137 147 411 270 1172 108 861 1088 964 919 1089 903 1977 860 962 1443 824 898 1455 1212 508 1534 1089 881 1061 1362 1996 660 1196 1034 1024 1654 544 1485 641 984 1582 876 1267 122 733 1072 1023 1004 0 1048 1031 941 1196 867 965 1499 720 219 931 346 155 233 864 1571 344 106 1240 1132 105 1123 1119 284 988 862 964 971 777 875 477
1491 601 2268 1033 984 704 1078 289 1148 313 1717 1593 1548 1718 182 2606 716 1590 2071 423 350 2083 1841 702 2162 1718 480 1690 1990 2625 594 1825 243 141 2282 674 2113 474 1613 2211 475 1896 1162 603 189 1652 530 1087 0 1660 1570 313 319 173 2128 397 1279 1559 1154 1051 1089 609 2199 1153 1146 1869 1667 1145 240 236 1325 1617 1491 1593 1599 1406 474 671
941 1308 1718 977 939 984 1023 1784 1092 1434 100 1043 998 1168 1515 2056 1433 1040 1522 1397 1471 1533 678 1081 1612 1168 1454 528 1440 2075 1234 209 1646 1636 1732 1117 1563 1214 1063 1661 1449 280 1106 1306 1684 1102 1577 1031 1660 0 1020 1807 1440 1577 1578 1293 1223 1009 1099 995 1033 1437 1650 1097 1090 253 1461 1089 1735 1731 1269 1067 941 1043 1049 856 1448 1050
851 1218 1628 888 849 894 933 1694 1002 1344 1077 953 224 1078 1425 1966 1343 950 1432 1307 1381 1443 1201 991 1523 1078 1364 1050 1351 1985 1144 1185 1556 1546 1642 1027 1474 1124 973 1571 1359 1256 1016 1216 1594 1012 1487 941 1570 1020 0 1718 1350 1487 1488 1203 1133 96 1009 905 943 1347 1560 1007 1000 1229 1797 999 1645 1641 1179 583 851 953 376 209 1358 960
1639 749 2416 1181 1132 852 1226 94 1296 460 1864 1741 1696 1865 330 2754 592 1738 2219 571 498 2231 1988 850 2310 1865 628 1837 2138 2772 742 1973 390 203 2430 822 2261 621 1760 2359 623 2044 1310 750 195 1800 406 1234 313 1807 1718 0 467 321 2276 545 1426 1707 1302 1199 1237 486 2347 1301 1293 2017 1814 1293 83 163 1473 1765 1639 1741 1747 1554 622 819
1271 381 2048 813 775 484 859 443 928 49 1497 1373 1328 1498 174 2386 614 1371 1852 203 63 1864 1621 482 1943 1498 260 1470 1771 2405 374 1605 306 296 2063 455 1894 254 1393 1991 255 1676 942 383 343 1432 684 867 319 1440 1350 467 0 236 1908 178 1059 1340 935 831 869 618 1980 933 926 1649 1541 925 394 390 1105 1397 1271 1373 1380 1186 255 451
1408 518 2185 950 901 621 995 297 1065 230 1633 1510 1465 1635 99 2523 724 1507 1988 340 267 2000 1757 619 2079 1635 397 1606 1907 2541 511 1742 104 149 2199 591 2030 391 1530 2128 392 1813 1079 520 197 1569 538 1004 173 1577 1487 321 236 0 2045 314 1196 1476 1071 968 1006 618 2116 1070 1063 1786 1584 1062 248 244 1242 1534 1408 1510 1516 1323 391 588
956 1777 350 1446 1408 1453 1491 2252 1561 1902 1635 582 1466 460 1983 688 1902 568 266 1865 1940 165 1759 1549 357 460 1922 1608 496 707 1702 1743 2115 2105 364 1586 196 1683 680 97 1917 1814 1575 1775 2152 519 2045 1499 2128 1578 1488 2276 1908 2045 0 1762 1691 1478 1567 1464 1502 1906 86 1566 1558 1788 2355 1558 2203 2199 1738 1469 956 582 1518 1325 1917 1518
1125 234 1901 667 628 337 712 521 782 171 1350 1227 1181 1351 252 2240 467 1224 1705 134 209 1717 1474 335 1796 1351 191 1323 1624 2258 227 1458 384 374 1916 308 1747 107 1246 1844 186 1529 796 236 421 1285 611 720 397 1293 1203 545 178 314 1762 0 912 1193 788 684 722 471 1833 786 779 1503 1576 779 472 468 959 1250 1125 1227 1233 1040 186 304
1054 927 1831 329 339 603 250 1364 300 1053 1280 1156 1111 1281 1095 2169 1052 1153 1635 1016 1090 1647 1404 700 1726 1281 1073 1253 1554 2188 852 1388 1226 1216 1846 736 1677 833 1176 1774 1068 1459 229 925 1264 1215 1196 219 1240 1223 1133 1388 1059 1157 1691 912 0 1122 326 347 214 1056 1763 310 298 1432 1324 297 1315 1311 326 1180 1054 1156 1162 969 1067 669
841 1208 1618 877 839 884 922 1683 992 1333 1066 943 214 1067 1414 1956 1333 940 1421 1296 1371 1433 1190 980 1512 1067 1353 1039 1340 1974 1133 1174 1546 1536 1632 1017 1463 1114 962 1560 1348 1245 1006 1206 1583 1001 1476 931 1559 1009 96 1707 1340 1476 1478 1193 1122 0 998 895 933 1337 1549 997 990 1219 1786 989 1634 1630 1169 576 841 943 368 199 1348 949
930 803 1707 336 406 479 96 1279 427 928 1156 1032 987 1157 1009 2045 928 1029 1510 891 966 1522 1279 576 1601 1157 949 1129 1429 2063 728 1264 1141 1131 1721 612 1552 709 1052 1650 943 1335 356 801 1178 1091 1071 346 1154 1099 1009 1302 935 1071 1567 788 326 998 0 353 136 932 1638 166 425 1308 1381 424 1229 1225 453 1056 930 1032 1038 845 943 545
826 699 1603 59 172 375 277 1175 216 825 1052 928 883 1053 906 1941 824 926 1407 788 862 1419 1176 472 1498 1053 845 1025 1326 1960 625 1160 1037 1027 1618 508 1449 605 948 1546 840 1231 230 697 1075 987 968 155 1051 995 905 1199 831 968 1464 684 347 895 353 0 288 828 1535 352 214 1204 1157 213 1126 1122 393 952 826 928 935 742 839 441
864 737 1641 270 341 413 60 1213 314 863 1090 967 921 1091 944 1979 862 964 1445 826 900 1457 1214 510 1536 1091 883 1063 1364 1998 663 1198 1075 1065 1656 546 1487 643 986 1584 878 1269 244 735 1113 1025 1006 233 1089 1033 943 1237 869 1006 1502 722 214 933 136 288 0 866 1573 135 312 1242 1316 311 1164 1160 340 990 865 966 973 780 877 479
1269 632 2046 811 772 551 856 462 926 612 1494 1371 1326 1495 627 2384 167 1368 1849 575 649 1861 1618 648 1940 1495 632 1467 1768 2402 625 1602 687 500 2060 452 1891 391 1390 1988 627 1674 940 634 492 1430 200 864 609 1437 1347 486 618 618 1906 471 1056 1337 932 828 866 0 1977 931 923 1647 1720 923 413 460 1103 1395 1269 1371 1377 1184 626 617
1027 1848 401 1517 1479 1524 1562 2324 1632 1973 1706 653 1538 531 2054 759 1973 639 337 1937 2011 237 1830 1621 428 531 1994 1679 567 778 1773 1815 2186 2176 416 1657 205 1754 751 79 1988 1822 1646 1846 2223 590 2116 1571 2199 1650 1560 2347 1980 2116 86 1833 1763 1549 1638 1535 1573 1977 0 1637 1630 1859 2426 1629 2274 2270 1809 1540 1027 653 1589 1396 1988 1590
928 801 1705 334 405 477 94 1277 425 927 1154 1031 985 1155 1008 2043 926 1028 1509 890 964 1521 1278 574 1600 1155 947 1127 1428 2062 727 1262 1139 1129 1720 611 1551 707 1050 1648 942 1333 355 799 1177 1089 1070 344 1153 1097 1007 1301 933 1070 1566 786 310 997 166 352 135 931 1637 0 423 1306 1380 423 1228 1224 451 1054 929 1030 1037 844 941 543
921 794 1698 196 206 470 349 1231 54 920 1147 1023 978 1148 962 2036 919 1021 1502 883 957 1514 1271 567 1593 1148 940 1120 1421 2055 720 1255 1093 1083 1713 603 1544 700 1043 1641 935 1326 96 792 1131 1082 1063 106 1107 1090 1000 1255 926 1024 1558 779 298 990 425 214 312 923 1630 423 0 1299 1191 53 1182 1178 259 1047 921 1023 1030 836 934 536
1150 1517 1927 1187 1148 1193 1232 1993 1302 1643 267 1252 1207 1377 1724 2265 1642 1250 1731 1606 1680 1743 851 1290 1822 1377 1663 737 1650 2284 1443 375 1856 1846 1942 1327 1773 1423 1272 1870 1658 423 1316 1515 1893 1311 1786 1240 1869 253 1229 2017 1649 1786 1788 1503 1432 1219 1308 1204 1242 1647 1859 1306 1299 0 1426 1299 1944 1940 1479 1276 1150 1252 1259 1066 1657 1259
1188 1061 1965 609 494 737 776 1257 664 1001 1414 1290 1245 1415 987 2303 1186 1288 1769 1111 1038 1781 1538 834 1860 1415 1168 1387 1688 2322 986 1522 1119 1109 1980 870 1811 967 1310 1908 1163 1593 678 1059 1156 1349 1330 602 1133 1357 1267 1280 1007 1049 1825 1046 794 1256 852 627 786 1190 1897 850 661 1566 0 661 1208 1203 841 1314 1188 1290 1296 1103 1162 803
921 794 1698 196 205 469 348 1230 59 919 1146 1023 978 1147 961 2036 919 1020 1501 882 956 1513 1270 566 1592 1147 939 1119 1420 2054 719 1254 1093 1083 1712 603 1543 699 1042 1640 934 1326 96 791 1130 1082 1062 105 1106 1089 999 1254 925 1023 1558 779 297 989 424 213 311 923 1629 423 53 1299 1190 0 1181 1177 259 1047 921 1023 1029 836 933 535
1566 676 2343 1108 1059 779 1153 60 1223 388 1792 1668 1623 1793 257 2681 519 1665 2147 498 425 2158 1916 777 2237 1793 555 1765 2065 2700 669 1900 318 131 2357 749 2188 549 1688 2286 550 1971 1237 678 122 1727 334 1162 240 1735 1645 83 394 248 2203 472 1354 1634 1229 1126 1164 413 2274 1228 1221 1944 1742 1220 0 90 1400 1692 1566 1668 1674 1481 549 746
1562 672 2339 1104 1055 775 1149 140 1219 384 1787 1664 1619 1789 253 2677 567 1661 2142 494 421 2154 1911 773 2233 1789 551 1760 2061 2695 665 1896 313 126 2353 745 2184 545 1683 2282 546 1967 1233 674 118 1723 381 1158 236 1731 1641 163 390 244 2199 468 1349 1630 1225 1122 1160 460 2270 1224 1217 1940 1738 1216 90 0 1396 1688 1562 1664 1670 1477 545 742
1101 974 1878 376 385 649 377 1410 262 1099 1326 1203 1157 1327 1141 2216 1099 1200 1681 1062 1136 1693 1450 746 1772 1327 1119 1299 1600 2234 899 1434 1273 1263 1892 783 1723 879 1222 1820 1114 1505 190 971 1310 1261 1242 284 1286 1269 1179 1434 1105 1203 1738 959 326 1169 453 393 340 1103 1809 451 259 1479 1370 259 1361 1357 0 1227 1101 1203 1209 1016 1113 715
898 1266 1675 935 896 941 980 1741 1050 1391 1124 1001 602 1125 1472 2013 1391 998 1479 1354 1428 1491 1248 1038 1570 1125 1411 1097 1398 2032 1191 1232 1604 1594 1690 1075 1521 1171 1020 1618 1406 1303 1064 1263 1641 1059 1534 988 1617 1067 583 1765 1397 1534 1536 1251 1180 576 1056 952 990 1395 1607 1054 1047 1276 1844 1047 1692 1688 1227 0 898 1000 465 461 1405 1007
17 1140 1096 809 770 815 854 1615 924 1265 998 421 829 546 1346 1434 1265 418 899 1228 1303 911 1122 912 990 546 1285 971 818 1452 1065 1106 1478 1468 1110 949 941 1046 441 1039 1280 1177 938 1137 1515 480 1408 862 1491 941 851 1639 1271 1408 956 1125 1054 841 930 826 865 1269 1027 929 921 1150 1718 921 1566 1562 1101 898 0 421 881 688 1280 881
421 1242 722 911 872 917 956 1717 1026 1367 1100 78 931 171 1448 1060 1367 64 525 1330 1404 537 1224 1014 616 171 1387 1073 444 1078 1167 1208 1580 1570 736 1051 567 1147 145 664 1382 1279 1040 1239 1617 106 1510 964 1593 1043 953 1741 1373 1510 582 1227 1156 943 1032 928 966 1371 653 1030 1023 1252 1820 1023 1668 1664 1203 1000 421 0 983 790 1381 983
714 1081 1491 750 712 757 795 1557 865 1206 939 816 377 940 1287 1829 1206 813 1294 1169 1244 1306 1063 854 1385 940 1227 912 1213 1847 1006 1047 1419 1409 1505 890 1336 987 835 1433 1221 1119 879 1079 1456 875 1349 804 1432 882 399 1580 1213 1349 1351 1066 996 388 871 768 806 1210 1422 870 863 1092 1659 862 1507 1503 1042 269 714 816 0 235 1221 823
688 1055 1464 724 686 730 769 1530 839 1180 913 790 188 914 1261 1803 1180 787 1268 1143 1218 1280 1037 827 1359 914 1200 886 1187 1821 980 1021 1393 1383 1479 864 1310 961 809 1407 1195 1092 853 1053 1430 848 1323 777 1406 856 209 1554 1186 1323 1325 1040 969 199 845 742 780 1184 1396 844 836 1066 1633 836 1481 1477 1016 451 688 790 209 0 1195 796
1279 389 2056 822 783 492 867 599 936 248 1505 1382 1336 1506 329 2394 622 1379 1860 117 286 1872 1629 490 1951 1506 92 1478 1779 2413 382 1613 461 451 2071 463 1902 262 1401 1999 92 1684 951 391 498 1440 766 875 474 1448 1358 622 255 391 1917 186 1067 1348 943 839 877 626 1988 941 934 1657 1696 933 549 545 1113 1405 1280 1381 1388 1195 0 459
881 319 1658 423 385 94 469 795 538 445 1107 983 938 1108 526 1996 613 980 1462 408 482 1473 1231 91 1553 1108 465 1080 1381 2015 245 1215 657 647 1672 281 1504 338 1003 1601 460 1286 552 317 695 1042 756 477 671 1050 960 819 451 588 1518 304 669 949 545 441 479 617 1590 543 536 1259 1332 535 746 742 715 1007 881 983 989 796 459 0
EOF