NAME : tsp_problem
TYPE : TSP
DIMENSION : 74
EDGE_WEIGHT_TYPE : EXPLICIT
EDGE_WEIGHT_FORMAT : FULL_MATRIX
EDGE_WEIGHT_SECTION
0 1847 1744 1620 478 256 1682 2180 736 1885 572 1259 1891 172 1956 1393 1219 2145 1973 1504 1462 1506 1797 1343 374 1740 1586 1653 1404 1791 1341 396 1598 1481 2239 366 2289 1470 410 324 452 1513 1742 192 2093 1436 194 466 1426 1584 188 1293 1627 1299 1336 140 1262 1365 1750 1589 1402 2045 253 2133 2112 1494 840 1820 1612 329 1618 2239 2299 1476
1847 0 1776 359 2103 1701 1714 2212 1390 1917 2196 1743 1923 1797 1988 1425 1251 2177 2005 1536 430 390 1829 1375 1999 1772 1618 1685 1436 1824 1373 2021 1630 848 1322 1991 1372 1502 1793 1948 1425 1546 1774 1816 2125 1468 1819 1428 1578 1616 1813 1325 732 1331 1368 1824 1294 1397 1782 1621 1435 2077 1698 2166 2144 1526 1326 1852 1644 1775 1650 1323 2331 1509
1744 1776 0 1550 2000 1599 461 590 1287 665 2093 1640 296 1694 361 583 654 550 379 939 1391 1436 577 534 1896 520 326 127 365 197 531 1918 174 1410 1640 1888 1690 905 1931 1845 1322 949 69 1714 498 347 1716 1325 1475 363 1710 728 1556 734 771 1721 1191 1294 69 328 403 578 1596 618 518 929 1223 600 1047 1672 1053 1640 797 292
1620 359 1550 0 1876 1475 1487 1986 1164 1690 1969 1516 1696 1570 1761 1198 1024 1950 1778 1310 204 203 1602 1149 1772 1546 1392 1459 1209 1597 1146 1794 1404 675 1473 1764 1523 1275 1808 1722 1198 1319 1548 1590 1898 1241 1592 1201 1352 1389 1586 1098 820 1105 1142 1597 1067 1170 1555 1394 1208 1850 1472 1939 1917 1300 1099 1625 1418 1548 1423 1473 2104 1282
478 2103 2000 1876 0 512 1937 2436 991 2141 564 1383 2146 367 2211 1648 1474 2400 2229 1760 1718 1762 2053 1599 366 1996 1842 1909 1659 2047 1596 520 1854 1737 2494 138 2544 1725 401 215 707 1769 1998 390 2348 1691 384 722 1550 1839 380 1548 1882 1555 1592 455 1517 1620 2005 1844 1658 2300 509 2389 2368 1750 1096 2075 1868 585 1874 2494 2554 1732
256 1701 1599 1475 512 0 1536 2035 590 1739 605 1293 1745 206 1810 1247 1073 1999 1827 1359 1316 1361 1651 1198 408 1595 1441 1508 1258 1646 1195 430 1453 1336 2093 400 2143 1324 443 357 306 1368 1597 226 1947 1290 228 321 1400 1438 222 1147 1481 1153 1191 233 1116 1219 1604 1443 1257 1899 40 1988 1966 1349 694 1674 1467 96 1472 2093 2153 1331
1682 1714 461 1487 1937 1536 0 530 1225 235 2031 1578 608 1631 673 521 591 674 599 877 1329 1373 147 471 1833 90 517 370 510 509 469 1855 315 1348 1611 1825 1661 842 1869 1783 1260 886 459 1651 477 284 1653 1262 1413 135 1647 665 1493 672 709 1659 1129 1231 467 520 509 394 1533 483 635 867 1160 170 985 1609 990 1611 1109 229
2180 2212 590 1986 2436 2035 530 0 1723 328 2529 2076 326 2130 334 1019 1090 257 247 1375 1827 1872 407 970 2332 463 766 566 805 489 967 2354 614 1847 1838 2324 1888 1341 2367 2281 1758 1385 588 2150 145 783 2152 1761 1911 634 2146 1157 1992 1170 1081 2157 1627 1730 595 768 842 167 2032 134 212 1365 1659 432 1483 2108 1489 1838 995 727
736 1390 1287 1164 991 590 1225 1723 0 1428 1085 1254 1434 685 1499 936 762 1688 1516 1047 1005 1050 1340 886 888 1283 1129 1196 947 1335 884 909 1142 1024 1782 879 1832 1013 923 837 314 1057 1285 705 1636 979 707 316 1089 1127 701 836 1170 842 879 713 805 908 1293 1132 946 1588 587 1677 1655 1037 383 1363 1155 663 1161 1782 1842 1020
1885 1917 665 1690 2141 1739 235 328 1428 0 2234 1781 475 1834 484 724 794 472 397 1080 1532 1576 112 674 2037 167 720 574 713 639 672 2059 518 1551 1815 2028 1865 1045 2072 1986 1463 1089 663 1854 275 487 1857 1465 1616 339 1850 869 1697 875 912 1862 1332 1435 670 723 712 192 1736 281 432 1070 1364 137 1188 1813 1194 1815 1145 432
572 2196 2093 1969 564 605 2031 2529 1085 2234 0 1477 2240 461 2305 1742 1568 2494 2322 1853 1811 1856 2146 1692 217 2089 1935 2002 1753 2140 1690 614 1947 1830 2588 451 2638 1819 515 409 801 1863 2091 483 2442 1785 478 815 1643 1933 474 1642 1976 1648 1685 549 1611 1714 2099 1938 1752 2394 602 2482 2461 1843 1189 2169 1961 678 1967 2588 2648 1825
1711 1743 1640 1516 1967 1565 1578 2076 1254 1781 2060 0 1787 1660 1852 1289 1115 2041 1869 1400 1358 1403 1693 1239 1863 1636 1482 1549 1300 1687 1237 1885 1494 1377 2135 1854 2185 1366 1898 1812 1289 1409 1638 1680 1989 1332 1683 1291 254 1480 1676 1189 1523 1195 1232 1688 727 679 1646 1485 1298 1941 1562 2029 2008 1390 1190 1716 1508 1639 1514 2135 1480 1372
1891 1923 296 1696 2146 1745 608 326 1434 475 2240 1787 0 1840 97 730 800 286 115 1086 1538 1582 554 680 2043 610 473 273 512 196 678 2064 321 1557 1545 2034 1595 1051 2078 1992 1469 1095 294 1860 234 494 1862 1471 1622 510 1856 864 1703 881 788 1868 1338 1441 302 475 549 314 1742 354 254 1076 1370 580 1194 1819 1200 1545 702 439
172 1797 1694 1570 367 206 1631 2130 685 1834 461 1148 1840 0 1905 1342 1168 2094 1923 1454 1411 1456 1746 1293 263 1690 1536 1603 1353 1741 1290 285 1548 1431 2188 255 2238 1419 299 213 401 1463 1692 84 2042 1385 83 416 1315 1533 77 1242 1576 1249 1286 149 1211 1314 1699 1538 1352 1994 203 2083 2062 1444 790 1769 1562 279 1567 2188 2248 1426
1956 1988 361 1761 2211 1810 673 334 1499 484 2305 1852 97 1905 0 795 865 295 123 1151 1603 1647 563 745 2107 619 537 338 577 261 743 2129 385 1622 1610 2099 1660 1116 2143 2057 1534 1160 359 1925 243 559 1927 1536 1687 575 1921 929 1767 946 853 1933 1403 1505 367 540 614 323 1807 362 262 1141 1434 589 1259 1883 1264 1610 767 504
1393 1425 583 1198 1648 1247 521 1019 936 724 1742 1289 730 1342 795 0 302 984 812 588 1040 1084 636 72 1544 579 425 492 243 630 86 1566 437 1059 1322 1536 1372 553 1580 1494 971 597 581 1362 932 275 1364 973 1124 423 1358 376 1204 383 420 1370 840 942 589 428 241 884 1244 972 951 578 871 659 696 1320 701 1322 1230 315
1219 1251 654 1024 1474 1073 591 1090 762 794 1568 1115 800 1168 865 302 0 1054 883 309 866 910 707 253 1371 650 496 563 313 701 250 1392 508 885 1148 1362 1198 275 1406 1320 797 319 652 1188 1002 345 1190 799 950 493 1184 202 1030 104 246 1196 666 768 659 498 312 954 1070 1043 1022 299 697 729 417 1146 423 1148 1264 386
2145 2177 550 1950 2400 1999 674 257 1688 472 2494 2041 286 2094 295 984 1054 0 208 1340 1792 1836 551 934 2297 607 727 527 766 450 932 2318 575 1811 1799 2288 1849 1305 2332 2246 1723 1349 548 2114 231 748 2116 1725 1876 764 2110 1118 1957 1135 1042 2122 1592 1695 556 729 803 311 1996 347 76 1330 1624 577 1448 2072 1454 1799 956 693
1973 2005 379 1778 2229 1827 599 247 1516 397 2322 1869 115 1923 123 812 883 208 0 1168 1620 1665 476 763 2125 532 555 355 594 278 760 2147 403 1639 1627 2117 1677 1133 2160 2074 1551 1177 377 1942 156 576 1945 1554 1704 592 1939 946 1785 963 870 1950 1420 1523 384 557 631 236 1824 276 175 1158 1452 502 1276 1901 1282 1627 784 521
1504 1536 939 1310 1760 1359 877 1340 1047 1080 1853 1400 1047 1454 1112 588 309 1301 1129 0 1151 1196 992 538 1656 935 781 848 599 986 536 1678 793 1171 1252 1648 1302 84 1691 1605 1082 325 937 1474 1249 631 1476 1085 1235 779 1470 264 1316 297 350 1481 951 1054 945 784 598 1240 1356 1329 1268 26 983 1015 163 1432 168 1252 1368 672
1462 430 1391 204 1718 1316 1329 1827 1005 1532 1811 1358 1538 1411 1603 1040 866 1792 1620 1151 0 90 1444 990 1614 1387 1233 1300 1051 1438 988 1636 1245 516 1463 1605 1513 1117 1649 1563 1040 1160 1389 1431 1740 1083 1434 1042 1193 1231 1427 940 662 946 983 1439 909 1012 1397 1236 1049 1692 1313 1780 1759 1141 941 1467 1259 1390 1265 1463 1946 1123
1506 390 1436 203 1762 1361 1373 1872 1050 1576 1856 1402 1582 1456 1647 1084 910 1836 1665 1196 90 0 1489 1035 1658 1432 1278 1345 1095 1483 1032 1680 1290 561 1423 1650 1473 1161 1694 1608 1085 1205 1434 1476 1784 1127 1478 1087 1238 1275 1472 984 706 991 1028 1483 953 1056 1441 1280 1094 1736 1358 1825 1804 1186 985 1511 1304 1434 1310 1423 1990 1168
1797 1829 577 1602 2053 1651 147 407 1340 112 2146 1693 554 1746 563 636 707 551 476 992 1444 1489 0 587 1949 79 633 486 625 624 584 1971 430 1463 1727 1940 1777 957 1984 1898 1375 1001 575 1766 354 399 1769 1378 1528 251 1763 781 1609 787 824 1774 1244 1347 582 635 624 271 1648 360 512 982 1276 75 1100 1725 1106 1727 1224 344
1343 1375 534 1149 1599 1198 471 970 886 674 1692 1239 680 1293 745 72 253 934 763 538 990 1035 587 0 1495 530 376 443 193 581 37 1517 388 1010 1273 1487 1323 504 1530 1444 921 548 532 1313 882 225 1315 924 1074 373 1309 327 1155 333 370 1320 790 893 539 378 192 834 1195 923 902 528 822 609 646 1271 652 1273 1181 266
374 1999 1896 1772 366 408 1833 2332 888 2037 217 1279 2043 263 2107 1544 1371 2297 2125 1656 1614 1658 1949 1495 0 1892 1738 1805 1556 1943 1493 416 1750 1633 2391 254 2441 1621 318 212 603 1665 1894 286 2244 1588 280 618 1446 1735 276 1445 1778 1451 1488 351 1414 1516 1902 1740 1554 2196 405 2285 2264 1646 992 1972 1764 481 1770 2391 2451 1628
1740 1772 520 1546 1996 1595 90 463 1283 167 2089 1636 610 1690 619 579 650 607 532 935 1387 1432 79 530 1892 0 576 429 569 567 527 1914 373 1407 1670 1884 1720 901 1927 1841 1318 945 518 1710 410 343 1712 1321 1472 194 1706 724 1552 730 767 1717 1187 1290 526 578 567 327 1592 416 567 925 1219 102 1043 1668 1049 1670 1167 287
1586 1618 326 1392 1842 1441 517 766 1129 720 1935 1482 473 1536 537 425 496 727 555 781 1233 1278 633 376 1738 576 0 235 207 373 373 1760 230 1253 1516 1730 1566 747 1773 1687 1164 791 324 1556 674 318 1558 1167 1317 419 1552 570 1398 576 613 1563 1033 1136 332 71 245 754 1438 794 694 771 1065 655 889 1514 895 1516 973 348
1653 1685 127 1459 1909 1508 370 566 1196 574 2002 1549 273 1603 338 492 563 527 355 848 1300 1345 486 443 1805 429 235 0 274 174 440 1827 83 1320 1583 1797 1633 814 1840 1754 1231 858 125 1623 475 256 1625 1234 1384 272 1619 637 1465 643 680 1630 1100 1203 132 237 312 555 1505 595 494 838 1132 509 956 1581 962 1583 774 201
1404 1436 365 1209 1659 1258 510 805 947 713 1753 1300 512 1353 577 243 313 766 594 599 1051 1095 625 193 1556 569 207 274 0 413 191 1577 269 1070 1333 1547 1383 564 1591 1505 982 608 363 1373 714 264 1375 984 1135 412 1369 387 1215 394 431 1381 851 953 371 210 62 794 1255 833 733 589 882 648 707 1331 713 1333 1013 305
1791 1824 197 1597 2047 1646 509 489 1335 639 2140 1687 196 1741 261 630 701 450 278 986 1438 1483 624 581 1943 567 373 174 413 0 578 1965 221 1458 1540 1935 1590 952 1979 1893 1369 996 195 1761 398 395 1763 1372 1523 411 1757 775 1603 781 783 1768 1238 1341 203 376 450 478 1643 518 417 976 1270 647 1094 1719 1100 1540 697 339
1341 1373 531 1146 1596 1195 469 967 884 672 1690 1237 678 1290 743 86 250 932 760 536 988 1032 584 37 1493 527 373 440 191 578 0 1514 385 1007 1270 1484 1320 501 1528 1442 919 545 529 1310 880 223 1312 921 1072 371 1306 324 1153 331 368 1318 788 891 537 376 190 832 1192 921 899 526 820 607 644 1268 650 1270 1179 264
2585 2618 2515 2391 2841 2440 2452 2951 2129 2655 2935 962 2661 2535 2726 2163 1989 2915 2744 2275 2232 2277 2568 2114 2737 2511 2357 2424 2174 2562 2111 0 2369 2252 3009 2729 3059 2240 2773 2687 2163 2284 2513 2555 2863 2206 2557 2166 1128 2354 2551 2063 2397 2070 2107 2562 1601 1554 2520 2359 2173 2815 2437 2904 2883 2265 2064 2590 2383 2513 2389 3009 2354 2247
1598 1630 174 1404 1854 1453 315 614 1142 518 1947 1494 321 1548 385 437 508 575 403 793 1245 1290 430 388 1750 373 230 83 269 221 385 1772 0 1265 1528 1742 1578 759 1786 1700 1176 803 172 1568 522 201 1570 1179 1330 217 1564 582 1410 588 625 1575 1045 1148 180 232 306 602 1450 642 542 783 1077 453 901 1526 907 1528 821 145
1481 848 1410 675 1737 1336 1348 1847 1024 1551 1830 1377 1557 1431 1622 1059 885 1811 1639 1171 516 561 1463 1010 1633 1407 1253 1320 1070 1458 1007 1655 1265 0 1141 1625 1191 1136 1668 1582 1059 1180 1409 1451 1759 1102 1453 1062 1212 1250 1447 959 181 965 1003 1458 928 1031 1416 1255 1069 1711 1333 1800 1778 1161 960 1486 1279 1409 1284 1141 1965 1143
1709 1742 1106 1515 1965 1564 1082 1304 1253 1285 2058 1605 1011 1659 1076 793 619 1265 1093 723 1356 1401 1197 743 1861 1141 986 1053 804 1006 741 1883 999 1376 0 1853 128 688 1897 1811 1287 914 1104 1679 1213 836 1681 1290 1441 984 1675 495 1521 699 419 1686 1156 1259 1111 989 803 1293 1561 1332 1232 713 1188 1220 831 1637 837 1180 1332 877
366 1991 1888 1764 138 400 1825 2324 879 2028 451 1271 2034 255 2099 1536 1362 2288 2117 1648 1605 1650 1940 1487 254 1884 1730 1797 1547 1935 1484 408 1742 1625 2382 0 2432 1613 289 103 595 1657 1886 278 2236 1579 272 610 1438 1727 268 1436 1770 1443 1480 343 1405 1508 1893 1732 1546 2188 397 2277 2256 1638 984 1963 1756 473 1761 2382 2442 1620
1658 1690 1054 1463 1913 1512 1030 1253 1201 1233 2007 1554 959 1607 1024 741 567 1213 1042 671 1305 1349 1146 692 1810 1089 935 1002 752 954 689 1831 947 1324 1129 1801 0 637 1845 1759 1236 862 1052 1627 1161 784 1629 1238 1389 932 1623 444 1469 648 368 1635 1105 1207 1060 937 751 1241 1509 1281 1181 661 1136 1168 779 1585 785 1129 1280 825
1470 1502 905 1275 1725 1324 842 1306 1013 1045 1819 1365 1012 1419 1077 553 275 1266 1095 84 1117 1161 957 504 1621 901 747 814 564 952 501 1643 759 1136 1218 1613 1268 0 1657 1571 1048 268 903 1439 1214 596 1441 1050 1201 744 1435 230 1281 240 315 1447 917 1019 910 749 563 1205 1321 1294 1234 74 948 980 210 1397 216 1218 1334 637
410 1793 1931 1808 401 443 1869 2367 923 2072 515 1315 2078 299 2143 1580 1406 2332 2160 1691 1649 1694 1984 1530 318 1927 1773 1840 1591 1979 1528 452 1786 1668 2426 289 2476 1657 0 205 639 1701 1929 322 2280 1623 316 653 1481 1771 312 1480 1814 1486 1523 387 1449 1552 1937 1776 1590 2232 440 2321 2299 1681 1027 2007 1799 517 1805 2426 2486 1664
324 1948 1845 1722 215 357 1783 2281 837 1986 409 1229 1992 213 2057 1494 1320 2246 2074 1605 1563 1608 1898 1444 212 1841 1687 1754 1505 1893 1442 366 1700 1582 2340 103 2390 1571 205 0 553 1615 1843 236 2194 1537 230 567 1395 1685 226 1394 1728 1400 1437 301 1363 1466 1851 1690 1504 2146 354 2235 2213 1595 941 1921 1713 431 1719 2340 2400 1578
452 1425 1322 1198 707 306 1260 1758 314 1463 801 1289 1469 401 1534 971 797 1723 1551 1082 1040 1085 1375 921 603 1318 1164 1231 982 1369 919 625 1176 1059 1817 595 1867 1048 639 553 0 1091 1320 421 1671 1014 423 65 1124 1162 417 871 1205 877 914 429 840 943 1328 1167 980 1623 303 1711 1690 1072 418 1398 1190 379 1196 1817 1877 1054
1513 1546 949 1319 1769 1368 886 1385 1057 1089 1863 1409 1095 1463 1160 597 319 1349 1177 325 1160 1205 1001 548 1665 945 791 858 608 996 545 1687 803 1180 1443 1657 1493 268 1701 1615 1091 0 947 1483 1297 640 1485 1094 1245 788 1479 465 1325 245 541 1490 960 1063 954 793 607 1249 1365 1338 1316 315 992 1024 451 1441 457 1443 1559 681
1742 1774 69 1548 1998 1597 459 588 1285 663 2091 1638 294 1692 359 581 652 548 377 937 1389 1434 575 532 1894 518 324 125 363 195 529 1916 172 1409 1638 1886 1688 903 1929 1843 1320 947 0 1712 496 345 1714 1323 1473 361 1708 726 1554 732 769 1719 1189 1292 75 326 401 576 1594 616 516 927 1221 598 1045 1670 1051 1638 795 290
192 1816 1714 1590 390 226 1651 2150 705 1854 483 1171 1860 84 1925 1362 1188 2114 1942 1474 1431 1476 1766 1313 286 1710 1556 1623 1373 1761 1310 308 1568 1451 2208 278 2258 1439 322 236 421 1483 1712 0 2062 1405 106 436 1338 1553 100 1262 1596 1269 1306 169 1231 1334 1719 1558 1372 2014 223 2103 2081 1464 810 1789 1582 299 1587 2208 2268 1446
2093 2125 498 1898 2348 1947 477 145 1636 275 2442 1989 234 2042 243 932 1002 231 156 1288 1740 1784 354 882 2244 410 674 475 714 398 880 2266 522 1759 1747 2236 1797 1253 2280 2194 1671 1297 496 2062 0 696 2064 1673 1824 581 2058 1066 1904 1083 990 2070 1540 1642 504 677 751 114 1944 154 191 1278 1571 380 1396 2020 1401 1747 904 640
1436 1468 347 1241 1691 1290 284 783 979 487 1785 1332 494 1385 559 275 345 748 576 631 1083 1127 399 225 1588 343 318 256 264 395 223 1609 201 1102 1365 1579 1415 596 1623 1537 1014 640 345 1405 696 0 1407 1016 1167 186 1401 419 1248 426 463 1413 883 985 353 320 263 647 1287 736 715 621 914 422 739 1363 745 1365 995 79
194 1819 1716 1592 384 228 1653 2152 707 1857 478 1165 1862 83 1927 1364 1190 2116 1945 1476 1434 1478 1769 1315 280 1712 1558 1625 1375 1763 1312 302 1570 1453 2210 272 2260 1441 316 230 423 1485 1714 106 2064 1407 0 438 1332 1555 96 1264 1598 1271 1308 171 1233 1336 1721 1560 1374 2016 225 2105 2084 1466 812 1791 1584 301 1590 2210 2270 1448
466 1428 1325 1201 722 321 1262 1761 316 1465 815 1291 1471 416 1536 973 799 1725 1554 1085 1042 1087 1378 924 618 1321 1167 1234 984 1372 921 640 1179 1062 1819 610 1869 1050 653 567 65 1094 1323 436 1673 1016 438 0 1127 1164 432 873 1207 880 917 443 842 945 1330 1169 983 1625 318 1714 1693 1075 421 1400 1193 394 1199 1819 1879 1057
1546 1578 1476 1352 1802 1401 1413 1912 1089 1616 1895 254 1622 1496 1687 1124 950 1876 1704 1236 1193 1238 1528 1075 1698 1472 1318 1385 1135 1523 1072 1720 1330 1213 1970 1690 2020 1201 1733 1647 1124 1245 1474 1516 1824 1167 1518 1127 0 1315 1512 1024 1358 1030 1068 1523 507 459 1481 1320 1134 1776 1398 1865 1843 1226 1025 1551 1344 1474 1349 1970 1366 1208
1584 1616 363 1389 1839 1438 135 634 1127 339 1933 1480 510 1533 575 423 493 764 592 779 1231 1275 251 373 1735 194 419 272 412 411 371 1757 217 1250 1513 1727 1563 744 1771 1685 1162 788 361 1553 581 186 1555 1164 1315 0 1549 567 1395 574 611 1561 1031 1133 369 422 411 498 1435 587 731 769 1062 274 887 1511 892 1513 1011 131
188 1813 1710 1586 380 222 1647 2146 701 1850 474 1161 1856 77 1921 1358 1184 2110 1939 1470 1427 1472 1763 1309 276 1706 1552 1619 1369 1757 1306 298 1564 1447 2204 268 2254 1435 312 226 417 1479 1708 100 2058 1401 96 432 1328 1549 0 1258 1592 1265 1302 165 1227 1330 1715 1554 1368 2010 219 2099 2078 1460 806 1785 1578 295 1584 2204 2264 1442
1293 1325 728 1098 1548 1147 665 1113 836 869 1642 1189 820 1242 885 376 202 1074 902 264 940 984 781 327 1445 724 570 637 387 775 324 1466 582 959 1025 1436 1075 230 1480 1394 871 465 726 1262 1021 419 1264 873 1024 567 1258 0 1105 251 122 1270 740 843 734 572 386 1028 1144 1117 1041 254 772 803 372 1220 378 1025 1141 460
1627 732 1556 820 1882 1481 1493 1992 1170 1697 1976 1523 1703 1576 1767 1204 1030 1957 1785 1316 662 706 1609 1155 1778 1552 1398 1465 1215 1603 1153 1800 1410 181 1025 1770 1075 1281 1814 1728 1205 1325 1554 1596 1904 1248 1598 1207 1358 1395 1592 1105 0 1111 1148 1604 1074 1176 1562 1400 1214 1856 1478 1945 1924 1306 1105 1632 1424 1554 1430 1025 2110 1288
1299 1331 734 1105 1555 1153 672 1170 842 875 1648 1195 881 1249 946 383 104 1135 963 297 946 991 787 333 1451 730 576 643 394 781 331 1473 588 965 1229 1443 1279 240 1486 1400 877 245 732 1269 1083 426 1271 880 1030 574 1265 251 1111 0 326 1276 746 849 740 579 392 1035 1151 1123 1102 287 778 810 424 1227 430 1229 1345 466
1336 1368 771 1142 1592 1191 709 1037 879 912 1685 1232 744 1286 809 420 246 998 826 350 983 1028 824 370 1488 767 613 680 431 738 368 1510 625 1003 949 1480 999 315 1523 1437 914 541 769 1306 945 463 1308 917 1067 611 1302 122 1148 326 0 1313 783 886 777 616 430 1026 1188 1065 965 340 815 847 458 1264 463 949 1065 504
140 1824 1721 1597 455 233 1659 2157 713 1862 549 1236 1868 149 1933 1370 1196 2122 1950 1481 1439 1483 1774 1320 351 1717 1563 1630 1381 1768 1318 373 1575 1458 2216 343 2266 1447 387 301 429 1490 1719 169 2070 1413 171 443 1403 1561 165 1270 1604 1276 1313 0 1239 1342 1727 1566 1379 2022 230 2110 2089 1471 817 1797 1589 306 1595 2216 2276 1453
1262 1294 1191 1067 1517 1116 1129 1627 805 1332 1611 695 1338 1211 1403 840 666 1592 1420 951 909 953 1244 790 1414 1187 1033 1100 851 1238 788 1435 1045 928 1686 1405 1736 917 1449 1363 840 960 1189 1231 1540 883 1233 842 530 1031 1227 740 1074 746 783 1239 0 124 1197 1036 849 1492 1113 1580 1559 941 741 1267 1059 1190 1065 1686 1189 923
1265 1297 1194 1071 1521 1120 1132 1631 808 1335 1614 591 1341 1215 1406 843 669 1595 1423 955 912 957 1247 794 1417 1191 1037 1104 854 1242 791 1439 1049 932 1689 1409 1739 920 1452 1366 843 964 1193 1235 1543 886 1237 846 426 1034 1231 743 1077 749 787 1242 319 0 1200 1039 853 1495 1117 1584 1562 945 744 1270 1063 1193 1068 1689 1356 927
1750 1782 69 1555 2005 1604 467 595 1293 670 2099 1646 302 1699 367 589 659 556 384 945 1397 1441 582 539 1902 526 332 132 371 203 537 1923 180 1416 1645 1893 1695 910 1937 1851 1328 954 75 1719 504 353 1721 1330 1481 369 1715 734 1562 740 777 1727 1197 1300 0 334 408 584 1601 623 523 935 1229 605 1053 1678 1059 1645 803 298
1589 1621 328 1394 1844 1443 520 768 1132 723 1938 1485 475 1538 540 428 498 729 557 784 1236 1280 635 378 1740 578 71 237 210 376 376 1762 232 1255 1518 1732 1568 749 1776 1690 1167 793 326 1558 677 320 1560 1169 1320 422 1554 572 1400 579 616 1566 1036 1138 334 0 247 757 1440 796 696 774 1067 658 892 1516 897 1518 976 350
1402 1435 403 1208 1658 1257 509 842 946 712 1752 1298 549 1352 614 241 312 803 631 598 1049 1094 624 192 1554 567 245 312 62 450 190 1576 306 1069 1332 1546 1382 563 1590 1504 980 607 401 1372 751 263 1374 983 1134 411 1368 386 1214 392 430 1379 849 952 408 247 0 831 1254 871 770 588 881 647 706 1330 711 1332 1050 304
2045 2077 578 1850 2300 1899 394 167 1588 192 2394 1941 314 1994 323 884 954 311 236 1240 1692 1736 271 834 2196 327 754 555 794 478 832 2218 602 1711 1827 2188 1877 1205 2232 2146 1623 1249 576 2014 114 647 2016 1625 1776 498 2010 1028 1856 1035 1070 2022 1492 1594 584 757 831 0 1896 120 271 1230 1523 297 1348 1972 1353 1827 984 592
253 1698 1596 1472 509 40 1533 2032 587 1736 602 1290 1742 203 1807 1244 1070 1996 1824 1356 1313 1358 1648 1195 405 1592 1438 1505 1255 1643 1192 427 1450 1333 2090 397 2140 1321 440 354 303 1365 1594 223 1944 1287 225 318 1398 1435 219 1144 1478 1151 1188 230 1113 1216 1601 1440 1254 1896 0 1985 1963 1346 691 1671 1464 101 1469 2090 2150 1328
2133 2166 618 1939 2389 1988 483 134 1677 281 2482 2029 354 2083 362 972 1043 347 276 1329 1780 1825 360 923 2285 416 794 595 833 518 921 2307 642 1800 1866 2277 1916 1294 2321 2235 1711 1338 616 2103 154 736 2105 1714 1865 587 2099 1117 1945 1123 1109 2110 1580 1683 623 796 871 120 1985 0 302 1319 1612 386 1436 2061 1442 1866 1024 680
2112 2144 518 1917 2368 1966 635 212 1655 432 2461 2008 254 2062 262 951 1022 76 175 1307 1759 1804 512 902 2264 567 694 494 733 417 899 2286 542 1778 1766 2256 1816 1272 2299 2213 1690 1316 516 2081 191 715 2084 1693 1843 731 2078 1085 1924 1102 1009 2089 1559 1662 523 696 770 271 1963 302 0 1297 1591 537 1415 2040 1421 1766 923 660
1494 1526 929 1300 1750 1349 867 1330 1037 1070 1843 1390 1037 1444 1102 578 299 1291 1119 26 1141 1186 982 528 1646 925 771 838 589 976 526 1668 783 1161 1242 1638 1292 74 1681 1595 1072 315 927 1464 1239 621 1466 1075 1226 769 1460 254 1306 287 340 1471 941 1044 935 774 588 1230 1346 1319 1258 0 973 1005 153 1422 158 1242 1358 662
840 1326 1223 1099 1096 694 1160 1659 383 1364 1189 1190 1370 790 1434 871 697 1624 1452 983 941 985 1276 822 992 1219 1065 1132 882 1270 820 1014 1077 960 1717 984 1767 948 1027 941 418 992 1221 810 1571 914 812 421 1025 1062 806 772 1105 778 815 817 741 843 1229 1067 881 1523 691 1612 1591 973 0 1299 1091 768 1097 1718 1777 955
1820 1852 600 1625 2075 1674 170 432 1363 137 2169 1716 580 1769 589 659 729 577 502 1015 1467 1511 75 609 1972 102 655 509 648 647 607 1993 453 1486 1749 1963 1799 980 2007 1921 1398 1024 598 1789 380 422 1791 1400 1551 274 1785 803 1632 810 847 1797 1267 1370 605 658 647 297 1671 386 537 1005 1299 0 1123 1747 1129 1749 1247 367
1612 1644 1047 1418 1868 1467 985 1448 1155 1188 1961 1508 1155 1562 1220 696 417 1409 1237 163 1259 1304 1100 646 1764 1043 889 956 707 1094 644 1786 901 1279 1360 1756 1410 210 1799 1713 1190 451 1045 1582 1357 739 1584 1193 1343 887 1578 372 1424 424 458 1589 1059 1162 1053 892 706 1348 1464 1436 1376 153 1091 1123 0 1540 75 1360 1476 779
329 1775 1672 1548 585 96 1609 2108 663 1813 678 1366 1819 279 1883 1320 1146 2072 1901 1432 1390 1434 1725 1271 481 1668 1514 1581 1331 1719 1268 503 1526 1409 2166 473 2216 1397 517 431 379 1441 1670 299 2020 1363 301 394 1474 1511 295 1220 1554 1227 1264 306 1190 1292 1678 1516 1330 1972 101 2061 2040 1422 768 1747 1540 0 1546 2166 2226 1404
1618 1650 1053 1423 1874 1472 990 1454 1161 1194 1967 1514 1161 1567 1226 701 423 1415 1243 168 1265 1310 1106 652 1770 1049 895 962 713 1100 650 1792 907 1284 1366 1761 1416 216 1805 1719 1196 457 1051 1587 1363 745 1590 1199 1349 892 1584 378 1430 430 463 1595 1065 1168 1059 897 711 1353 1469 1442 1382 158 1097 1129 75 1546 0 1366 1482 785
1709 1742 1106 1515 1965 1564 1082 1304 1253 1285 2058 1605 1011 1659 1076 793 619 1265 1093 723 1356 1401 1197 744 1861 1141 987 1054 804 1006 741 1883 999 1376 1180 1853 128 688 1897 1811 1287 914 1104 1679 1213 836 1681 1290 1441 984 1675 495 1521 699 419 1686 1156 1259 1111 989 803 1293 1561 1332 1232 713 1188 1220 831 1637 837 0 1332 877
2294 2327 833 2100 2550 2149 1144 1031 1838 1181 2643 1475 738 2244 803 1266 1299 992 820 1402 1941 1986 1260 1217 2446 1203 1009 810 1048 733 1214 2468 857 1961 1856 2438 1906 1368 2482 2396 1872 1593 831 2264 940 1030 2266 1875 1362 1046 2260 1175 2106 1379 1099 2271 1184 1232 838 1011 1086 1020 2146 1059 959 1392 1773 1283 1510 2222 1516 1856 0 975
1476 1509 292 1282 1732 1331 229 727 1020 432 1825 1372 439 1426 504 315 386 693 521 672 1123 1168 344 266 1628 287 348 201 305 339 264 1650 145 1143 1406 1620 1456 637 1664 1578 1054 681 290 1446 640 79 1448 1057 1208 131 1442 460 1288 466 504 1453 923 1026 298 350 304 592 1328 680 660 662 955 367 779 1404 785 1406 939 0
EOF