NAME : tsp_problem
TYPE : TSP
DIMENSION : 80
EDGE_WEIGHT_TYPE : EXPLICIT
EDGE_WEIGHT_FORMAT : FULL_MATRIX
EDGE_WEIGHT_SECTION
0 1407 2187 729 1402 1466 2211 1422 2073 2241 1559 1554 252 1519 1420 1880 401 1428 1507 1850 1907 1605 1415 1848 2172 1867 1412 310 1439 1910 1076 1808 1601 1539 1499 298 1991 1773 1601 1715 1581 400 2096 1640 1847 190 1809 291 1706 1367 1966 1325 522 1586 1634 1872 2210 624 1628 1479 2150 1994 1712 163 1928 2135 1339 1633 401 1492 1655 870 1495 1505 1555 1394 1800 793 184 1793
1407 0 1171 829 250 450 1195 901 1057 1225 543 255 1176 366 268 864 1055 906 491 834 891 453 263 832 1156 851 396 1201 423 894 389 792 1079 1155 200 1500 975 1251 1079 699 1311 1056 1080 624 831 1505 793 1606 690 215 950 804 931 1316 618 856 1194 1939 1106 180 1134 978 696 1365 912 1119 187 334 1055 193 1134 970 197 352 256 378 784 893 1317 1271
2187 1171 0 1609 1166 795 253 1681 378 259 796 1318 1956 1283 1184 468 1835 1686 712 694 353 1369 1180 436 65 602 808 1981 774 498 1169 543 1738 1922 1263 2280 407 2031 1739 712 2091 1836 163 709 435 2285 580 2386 516 1131 421 1584 1711 2096 743 460 103 2719 1886 1244 217 220 725 2145 601 128 1103 1397 1835 1256 1526 1750 1260 1269 1319 825 535 1673 2098 2038
729 829 1609 0 825 888 1634 845 1495 1664 982 976 498 941 842 1303 377 851 930 1272 1330 1028 838 1271 1594 1290 835 523 862 1333 499 1230 1023 1099 922 822 1413 1195 1024 1137 1255 378 1519 1063 1270 827 1231 928 1128 790 1389 748 253 1260 1057 1295 1633 1261 1050 902 1572 1416 1135 687 1351 1558 762 1055 377 914 1078 234 918 927 978 816 1223 157 639 1215
1402 250 1166 825 0 445 1191 896 1053 1221 539 245 1172 264 165 860 1051 902 487 829 887 234 47 828 1152 847 392 1197 419 890 384 788 1075 1151 343 1496 970 1246 1075 695 1306 1051 1076 620 827 1500 789 1601 685 112 946 799 926 1311 614 852 1190 1935 1102 323 1129 973 692 1361 908 1115 88 262 1051 335 1129 966 339 250 246 373 780 889 1313 1267
1466 450 795 888 445 0 860 959 681 866 167 597 1235 562 463 488 1114 965 207 626 515 648 458 457 780 475 189 1260 216 518 447 416 1138 1214 542 1559 767 1310 1138 323 1370 1115 704 248 455 1564 586 1664 314 410 743 862 990 1375 411 480 818 1998 1165 522 758 602 320 1424 705 743 382 676 1114 534 1193 1029 538 548 598 170 408 952 1376 1330
2211 1195 253 1634 1191 860 0 1705 443 60 862 1342 1981 1307 1208 533 1860 1711 777 539 418 1394 1204 501 220 667 831 2006 798 563 1193 608 1804 1960 1288 2305 251 2055 1804 777 2115 1860 183 774 500 2309 425 2410 581 1156 265 1608 1735 2120 602 525 180 2744 1911 1268 157 285 790 2169 445 268 1128 1421 1860 1280 1592 1775 1284 1293 1344 848 600 1698 2122 2075
1329 807 1587 751 803 866 1612 0 1473 1642 960 954 1098 919 820 1281 977 435 908 1250 1308 1006 816 1249 1572 1268 813 1124 840 1311 477 1208 608 621 900 1423 1391 1173 608 1115 662 978 1497 1041 1248 1427 1209 1528 1106 768 1367 332 853 667 1035 1273 1611 1861 1028 880 1550 1394 1113 1287 1329 1536 740 1034 977 892 663 892 896 905 956 794 1201 816 1240 800
2073 1057 378 1495 1053 681 443 1567 0 449 682 1204 1842 1169 1070 354 1721 1573 598 818 239 1255 1066 322 363 488 694 1867 660 384 1055 429 1625 1808 1150 2166 530 1917 1625 598 1977 1722 287 595 321 2171 704 2272 402 1017 545 1470 1597 1982 629 346 401 2605 1772 1130 341 184 611 2031 724 326 989 1283 1721 1142 1412 1636 1146 1155 1205 711 421 1560 1984 1924
2241 1225 259 1664 1221 866 60 1735 449 0 867 1372 2011 1337 1238 539 1890 1741 783 569 424 1424 1234 507 225 673 861 2036 828 569 1223 614 1810 1990 1318 2335 281 2085 1810 783 2145 1890 189 780 506 2339 455 2440 587 1186 296 1638 1765 2150 632 531 186 2774 1941 1298 163 291 796 2199 475 273 1158 1452 1890 1310 1597 1805 1314 1323 1374 879 606 1728 2152 2105
1559 543 796 982 539 167 862 1053 682 867 0 690 1329 655 556 490 1208 1059 209 713 517 742 552 458 781 477 283 1354 305 520 541 417 1232 1308 636 1653 854 1403 1232 324 1463 1208 706 250 457 1657 672 1758 315 504 830 956 1083 1468 498 482 820 2092 1259 616 759 603 321 1517 792 745 476 769 1208 628 1286 1123 632 641 692 264 410 1046 1470 1423
1554 255 1279 976 245 597 1342 1048 1165 1350 690 0 1323 477 378 1011 1202 1054 639 981 999 407 239 980 1264 999 543 1348 570 1041 536 939 1226 1302 141 1647 1122 1398 1227 846 1458 1203 1189 772 978 1652 940 1753 837 326 1098 951 1078 1463 765 1003 1302 2086 1253 121 1242 1086 843 1512 1059 1227 301 183 1202 134 1281 1117 138 463 27 525 931 1040 1465 1418
252 1176 1956 498 1172 1235 1981 1192 1842 2011 1329 1323 0 1288 1189 1650 170 1198 1277 1619 1677 1375 1185 1618 1941 1637 1182 79 1209 1680 846 1577 1370 1446 1269 346 1760 1542 1371 1484 1602 169 1866 1410 1617 350 1578 451 1475 1137 1736 1095 292 1607 1404 1642 1980 784 1397 1249 1919 1763 1481 210 1698 1905 1109 1402 170 1261 1425 639 1265 1274 1325 1163 1569 562 163 1562
1519 366 1283 941 264 562 1307 1012 1169 1337 655 477 1288 0 194 976 1167 1018 603 946 1003 467 277 944 1268 963 508 1313 535 1006 500 904 1191 1267 459 1612 1087 1363 1191 811 1423 1168 1192 736 943 1617 905 1718 802 176 1062 915 1043 1428 730 968 1306 2051 1218 439 1246 1090 808 1477 1024 1231 204 495 1167 451 1246 1082 455 73 478 490 896 1005 1429 1383
1420 268 1184 842 165 463 1208 914 1070 1238 556 378 1189 194 0 877 1068 920 505 847 904 368 178 846 1169 865 409 1214 436 907 402 805 1092 1168 360 1513 988 1264 1093 712 1324 1069 1093 638 844 1518 806 1619 703 77 964 817 944 1329 631 869 1207 1952 1119 340 1147 991 709 1378 926 1132 105 396 1068 352 1147 983 356 180 380 391 797 907 1331 1284
1880 864 468 1303 860 488 533 1374 354 539 490 1011 1650 976 877 0 1529 1380 405 652 188 1063 873 102 453 295 501 1675 468 63 862 236 1526 1629 957 1974 621 1724 1526 405 1784 1529 377 403 101 1978 611 2079 210 825 635 1277 1404 1789 437 62 491 2413 1580 937 431 275 419 1838 731 416 797 1091 1529 949 1314 1444 953 962 1013 518 228 1367 1791 1744
401 1055 1835 377 1051 1114 1860 1071 1721 1890 1208 1202 170 1167 1068 1529 0 1077 1156 1498 1556 1254 1064 1497 1820 1516 1061 195 1088 1559 725 1456 1249 1325 1148 494 1639 1421 1250 1363 1481 86 1745 1289 1496 499 1457 599 1354 1016 1615 974 171 1486 1283 1521 1859 933 1276 1128 1798 1642 1361 359 1577 1784 988 1281 87 1140 1304 518 1144 1153 1204 1042 1449 441 311 1441
1323 801 1581 745 797 860 1606 423 1467 1636 954 948 1092 913 814 1275 971 0 902 1244 1302 1000 810 1243 1566 1262 807 1117 834 1305 471 1202 602 614 894 1416 1385 1167 602 1109 656 972 1491 1035 1242 1421 1203 1522 1100 762 1361 326 847 661 1029 1267 1605 1855 1022 874 1544 1388 1106 1281 1323 1530 734 1027 971 886 656 886 890 899 950 788 1194 810 1234 794
1507 491 712 930 487 207 777 1001 598 783 209 639 1277 603 505 405 1156 1007 0 537 432 690 500 373 697 392 127 1302 127 435 489 333 1180 1256 584 1601 678 1352 1180 240 1411 1156 621 165 372 1605 496 1706 230 452 654 904 1031 1416 322 397 735 2040 1207 564 675 518 237 1466 616 660 424 718 1156 576 1234 1071 580 590 640 145 325 994 1418 1372
1850 834 694 1272 829 626 539 1343 818 569 713 981 1619 946 847 652 1498 1349 537 0 679 1032 842 620 666 639 469 1644 436 682 831 580 1522 1598 926 1943 318 1694 1522 628 1754 1498 558 626 619 1948 136 2048 477 794 294 1246 1374 1759 241 644 626 2382 1549 906 505 660 642 1808 256 643 766 1060 1498 918 1577 1413 922 932 982 487 572 1336 1760 1714
1907 891 353 1330 887 515 418 1401 239 424 517 1038 1677 1003 904 188 1556 1407 432 679 0 1090 900 156 338 322 528 1702 494 218 889 263 1459 1642 984 2001 506 1751 1459 432 1811 1556 262 429 155 2005 638 2106 236 852 520 1304 1431 1816 463 180 376 2439 1606 964 316 160 445 1865 700 301 824 1117 1556 976 1247 1471 980 989 1040 545 255 1394 1818 1758
1605 453 1369 1028 234 648 1394 1099 1255 1424 742 407 1375 467 368 1063 1254 1105 690 1032 1090 0 229 1031 1354 1050 595 1400 622 1093 587 990 1278 1354 522 1699 1173 1449 1278 897 1509 1254 1279 823 1030 1703 991 1804 888 315 1149 1002 1129 1514 817 1055 1393 2138 1305 502 1332 1176 895 1563 1111 1318 290 358 1254 514 1332 1169 518 453 408 576 983 1092 1516 1469
1415 263 1180 838 47 458 1204 909 1066 1234 552 239 1185 277 178 873 1064 915 500 842 900 229 0 841 1165 860 405 1210 432 903 397 801 1088 1164 354 1509 983 1260 1088 708 1319 1064 1089 633 840 1513 802 1614 698 125 959 812 940 1324 627 865 1203 1948 1115 334 1143 987 705 1374 921 1128 101 257 1064 346 1142 979 350 263 241 386 793 902 1326 1280
1848 832 436 1271 828 457 501 1342 322 507 458 980 1618 944 846 102 1497 1348 373 620 156 1031 841 0 421 264 469 1643 436 132 830 204 1494 1597 925 1942 589 1693 1494 373 1752 1497 345 371 46 1946 579 2047 178 793 603 1245 1373 1757 405 94 459 2381 1548 905 399 243 387 1807 699 384 765 1059 1497 917 1282 1412 921 931 981 487 196 1335 1759 1713
2172 1156 65 1594 1152 780 220 1666 363 225 781 1303 1941 1268 1169 453 1820 1672 697 666 338 1354 1165 421 0 587 793 1967 759 483 1154 528 1724 1907 1249 2266 378 2016 1724 697 2076 1821 148 694 420 2270 551 2371 501 1116 392 1569 1696 2081 728 445 75 2704 1871 1229 188 205 710 2130 572 113 1088 1382 1820 1241 1512 1735 1245 1254 1305 810 520 1659 2083 2023
1867 851 602 1290 847 475 667 1361 488 673 477 999 1637 963 865 295 1516 1367 392 639 322 1050 860 264 587 0 488 1662 455 325 849 113 1540 1616 944 1961 755 1711 1540 392 1771 1516 511 390 262 1965 598 2066 197 812 756 1264 1391 1776 424 287 625 2400 1567 924 565 409 406 1826 718 550 784 1078 1516 936 1448 1431 940 949 1000 506 118 1354 1778 1732
1412 396 808 835 392 189 831 906 694 861 283 543 1182 508 409 501 1061 912 127 469 528 595 405 469 793 488 0 1207 59 531 394 429 1085 1161 489 1506 610 1256 1085 336 1316 1061 717 262 468 1510 429 1611 326 357 586 809 936 1321 254 493 831 1945 1112 469 771 614 333 1370 548 756 329 622 1061 481 1139 976 485 494 545 76 421 899 1323 1276
310 1201 1981 523 1197 1260 2006 1217 1867 2036 1354 1348 79 1313 1214 1675 195 1223 1302 1644 1702 1400 1210 1643 1967 1662 1207 0 1234 1705 871 1603 1395 1472 1294 403 1785 1567 1396 1509 1627 195 1891 1435 1642 408 1604 509 1500 1162 1761 1120 317 1632 1429 1667 2005 842 1422 1274 1944 1788 1507 268 1723 1930 1134 1428 195 1286 1450 664 1290 1299 1350 1188 1595 587 221 1587
1439 423 774 862 419 216 798 933 660 828 305 570 1209 535 436 468 1088 939 127 436 494 622 432 436 759 455 59 1234 0 498 421 395 1112 1188 516 1533 577 1283 1112 336 1343 1088 684 262 434 1537 395 1638 293 384 553 836 963 1348 221 460 797 1972 1139 496 737 581 334 1397 515 722 356 649 1088 508 1166 1003 512 521 572 76 387 926 1350 1303
1910 894 498 1333 890 518 563 1404 384 569 520 1041 1680 1006 907 63 1559 1410 435 682 218 1093 903 132 483 325 531 1705 498 0 892 266 1556 1659 987 2004 651 1754 1556 435 1814 1559 407 433 131 2008 641 2109 240 855 665 1307 1434 1819 467 79 521 2443 1610 967 461 305 449 1868 761 446 827 1121 1559 979 1344 1474 983 992 1043 548 258 1397 1821 1774
1076 389 1169 499 384 447 1193 570 1055 1223 541 536 846 500 402 862 725 576 489 831 889 587 397 830 1154 849 394 871 421 892 0 790 749 825 481 1170 972 920 749 697 980 725 1078 622 829 1174 791 1275 687 349 948 473 600 985 616 854 1192 1609 776 461 1132 976 694 1035 910 1117 321 615 725 473 803 640 477 487 537 375 782 563 987 940
1808 792 543 1230 788 416 608 1302 429 614 417 939 1577 904 805 236 1456 1308 333 580 263 990 801 204 528 113 429 1603 395 266 790 0 1480 1556 885 1902 696 1652 1481 333 1712 1457 452 330 203 1906 539 2007 137 752 696 1205 1332 1717 364 228 566 2340 1507 865 506 349 346 1766 658 491 724 1018 1456 877 1389 1371 881 890 941 446 59 1295 1719 1672
1601 1079 1779 1023 1075 1138 1844 482 1665 1850 1232 1226 1370 1191 1092 1553 1249 488 1180 1522 1499 1278 1088 1521 1764 1540 1085 1395 1112 1583 749 1480 0 422 1172 1694 1663 1445 73 1387 721 1250 1688 1313 1520 1699 1481 1800 1378 1040 1639 314 1125 726 1307 1545 1802 2133 1300 1152 1742 1585 1384 1559 1601 1727 1012 1305 1249 1164 293 1164 1168 1177 1228 1066 1473 1088 1512 537
1571 1049 1829 994 1045 1108 1854 270 1715 1884 1202 1196 1340 1161 1062 1523 1220 275 1150 1492 1550 1248 1058 1491 1815 1510 1055 1366 1082 1553 719 1451 422 0 1142 1665 1633 1415 422 1357 372 1220 1739 1283 1490 1669 1452 1770 1348 1010 1609 370 1095 377 1277 1515 1853 2103 1270 1122 1792 1636 1355 1529 1571 1778 982 1276 1220 1134 476 1135 1138 1147 1198 1036 1443 1058 1482 325
1499 200 1225 922 343 542 1288 993 1111 1296 636 141 1269 459 360 957 1148 999 584 926 945 522 354 925 1210 944 489 1294 516 987 481 885 1172 1248 0 1593 1067 1343 1172 792 1403 1148 1134 717 924 1597 886 1698 782 307 1043 896 1023 1408 711 949 1248 2032 1199 60 1188 1032 789 1458 1005 1173 279 298 1148 62 1226 1063 48 445 140 470 877 986 1410 1363
2596 2074 2854 2018 2070 2133 2879 1508 2740 2909 2227 2221 2365 2186 2087 2548 2244 1514 2175 2517 2575 2273 2083 2516 2839 2535 2080 2391 2107 2578 1744 2475 1660 1270 2167 0 2658 2440 1661 2382 1312 2245 2764 2308 2515 2694 2476 2795 2373 2035 2634 1609 2120 1317 2302 2540 2878 3128 2295 2147 2817 2661 2380 2554 2596 2803 2007 2301 2244 2159 1608 2159 2163 2172 2223 2061 2468 2083 2507 1564
1991 975 407 1413 970 767 251 1484 530 281 854 1122 1760 1087 988 621 1639 1490 678 318 506 1173 983 589 378 755 610 1785 577 651 972 696 1663 1739 1067 2084 0 1835 1663 769 1895 1639 271 767 587 2089 204 2189 618 935 49 1387 1515 1900 382 613 338 2523 1690 1047 217 373 783 1949 225 355 907 1201 1639 1059 1679 1554 1063 1073 1123 628 688 1477 1901 1855
1773 1251 2031 1195 1246 1310 2055 1266 1917 2085 1403 1398 1542 1363 1264 1724 1421 1272 1352 1694 1751 1449 1260 1693 2016 1711 1256 1567 1283 1754 920 1652 1445 1521 1343 1866 1835 0 1445 1559 1677 1421 1940 1484 1691 1871 1653 1971 1550 1211 1811 1169 1297 1682 1478 1716 2054 2305 207 1324 1994 1838 1556 1731 1772 1979 1183 1477 1421 1336 1500 1336 1340 1349 1399 1238 1644 1259 1683 1637
1601 1079 1779 1024 1075 1138 1844 482 1665 1850 1232 1227 1371 1191 1093 1553 1250 488 1180 1522 1499 1278 1088 1521 1764 1540 1085 1396 1112 1583 749 1481 73 422 1172 1695 1663 1445 0 1388 721 1250 1688 1313 1520 1699 1482 1800 1378 1040 1639 314 1125 726 1307 1545 1802 2134 1301 1152 1742 1586 1385 1559 1601 1727 1012 1306 1250 1164 293 1165 1168 1177 1228 1066 1473 1088 1512 538
1715 699 712 1137 695 323 777 1209 598 783 324 846 1484 811 712 405 1363 1215 240 628 432 897 708 373 697 392 336 1509 336 435 697 333 1387 1463 792 1808 769 1559 1388 0 1619 1364 621 123 372 1813 588 1914 231 659 745 1112 1239 1624 413 397 735 2247 1414 772 675 519 41 1673 707 660 631 925 1363 784 1442 1278 788 797 847 354 325 1202 1626 1579
1370 848 1628 793 844 907 1653 470 1515 1683 1001 996 1140 960 862 1322 1019 476 949 1291 1349 1047 857 1290 1614 1309 854 1165 881 1352 518 1250 649 662 941 1464 1432 1214 649 1157 0 1019 1538 1082 1289 1468 1251 1569 1147 809 1408 373 894 709 1076 1314 1652 1902 1070 921 1591 1435 1154 1328 1370 1577 781 1075 1019 933 704 934 937 946 997 835 1242 857 1281 841
400 1056 1836 378 1051 1115 1860 1071 1722 1890 1208 1203 169 1168 1069 1529 86 1077 1156 1498 1556 1254 1064 1497 1821 1516 1061 195 1088 1559 725 1457 1250 1326 1148 494 1639 1421 1250 1364 1481 0 1745 1289 1496 498 1458 599 1354 1016 1615 974 171 1486 1283 1521 1859 932 1277 1128 1799 1643 1361 358 1577 1784 988 1282 86 1140 1304 519 1144 1154 1204 1042 1449 442 311 1441
2096 1080 163 1519 1076 704 183 1590 287 189 706 1227 1866 1192 1093 377 1745 1596 621 558 262 1279 1089 345 148 511 717 1891 684 407 1078 452 1648 1831 1173 2190 271 1940 1648 621 2000 1745 0 619 344 2194 444 2295 426 1041 285 1493 1620 2005 622 369 175 2629 1796 1153 81 129 635 2054 465 112 1013 1307 1745 1165 1436 1660 1169 1178 1229 734 444 1583 2007 1947
1640 624 709 1063 620 248 774 1134 595 780 250 772 1410 736 638 403 1289 1140 165 626 429 823 633 371 694 390 262 1435 262 433 622 330 1313 1389 717 1734 767 1484 1313 123 1544 1289 619 0 370 1738 585 1839 228 585 743 1037 1164 1549 410 395 732 2173 1340 697 672 516 120 1599 704 657 557 851 1289 709 1367 1204 713 722 773 279 322 1127 1551 1505
1847 831 435 1270 827 455 500 1341 321 506 457 978 1617 943 844 101 1496 1347 372 619 155 1030 840 46 420 262 468 1642 434 131 829 203 1493 1596 924 1941 587 1691 1493 372 1751 1496 344 370 0 1945 578 2046 176 792 602 1244 1371 1756 404 93 458 2380 1547 904 398 241 385 1805 698 383 764 1057 1496 916 1281 1411 920 929 980 485 195 1334 1758 1711
190 1505 2285 827 1500 1564 2309 1520 2171 2339 1657 1652 350 1617 1518 1978 499 1526 1605 1948 2005 1703 1513 1946 2270 1965 1510 408 1537 2008 1174 1906 1699 1637 1597 396 2089 1871 1699 1813 1679 498 2194 1738 1945 0 1907 118 1804 1465 2064 1423 620 1684 1732 1970 2308 703 1726 1577 2248 2092 1810 261 2026 2233 1437 1731 499 1590 1753 968 1593 1603 1653 1492 1898 891 282 1891
1809 793 580 1231 789 586 425 1303 704 455 672 940 1578 905 806 611 1457 1309 496 136 638 991 802 579 551 598 429 1604 395 641 791 539 1481 1557 886 1903 204 1653 1482 588 1713 1458 444 585 578 1907 0 2008 437 753 180 1206 1333 1718 200 603 512 2341 1508 866 390 546 601 1767 142 528 725 1019 1457 878 1536 1372 882 891 942 446 531 1296 1720 1673
291 1606 2386 928 1601 1664 2410 1621 2272 2440 1758 1753 451 1718 1619 2079 599 1627 1706 2048 2106 1804 1614 2047 2371 2066 1611 509 1638 2109 1275 2007 1800 1738 1698 497 2189 1971 1800 1914 1779 599 2295 1839 2046 118 2008 0 1904 1566 2165 1524 721 1784 1833 2071 2409 804 1827 1678 2349 2193 1911 361 2127 2334 1538 1832 599 1690 1854 1069 1694 1704 1754 1592 1999 992 383 1991
1706 690 516 1128 685 314 581 1199 402 587 315 837 1475 802 703 210 1354 1205 230 477 236 888 698 178 501 197 326 1500 293 240 687 137 1378 1454 782 1799 618 1550 1378 231 1610 1354 426 228 176 1804 437 1904 0 650 594 1102 1230 1615 262 202 539 2238 1405 762 479 323 244 1664 556 464 622 916 1354 774 1362 1269 778 788 838 344 129 1192 1616 1570
1367 215 1131 790 112 410 1156 861 1017 1186 504 326 1137 176 77 825 1016 867 452 794 852 315 125 793 1116 812 357 1162 384 855 349 752 1040 1116 307 1461 935 1211 1040 659 1271 1016 1041 585 792 1465 753 1566 650 0 911 764 891 1276 579 817 1155 1900 1067 288 1094 938 657 1325 873 1080 52 343 1016 300 1094 931 304 162 327 338 745 854 1278 1231
1966 950 421 1389 946 743 265 1460 545 296 830 1098 1736 1062 964 635 1615 1466 654 294 520 1149 959 603 392 756 586 1761 553 665 948 696 1639 1715 1043 2060 49 1811 1639 745 1870 1615 285 743 602 2064 180 2165 594 911 0 1363 1490 1875 358 627 353 2499 1666 1023 231 387 759 1925 200 369 883 1177 1615 1035 1693 1530 1039 1049 1099 604 689 1453 1877 1831
1325 804 1584 748 799 862 1608 262 1470 1638 956 951 1095 915 817 1277 974 268 904 1246 1304 1002 812 1245 1569 1264 809 1120 836 1307 473 1205 314 370 896 1419 1387 1169 314 1112 670 974 1493 1037 1244 1423 1206 1524 1102 764 1363 0 849 675 1031 1269 1607 1858 1025 876 1547 1391 1109 1283 1325 1532 736 1030 974 888 368 889 892 902 952 790 1197 812 1236 486
522 931 1711 253 926 990 1735 946 1597 1765 1083 1078 292 1043 944 1404 171 952 1031 1374 1431 1129 940 1373 1696 1391 936 317 963 1434 600 1332 1125 1201 1023 616 1515 1297 1125 1239 1357 171 1620 1164 1371 620 1333 721 1230 891 1490 849 0 1362 1158 1396 1734 1055 1152 1003 1674 1518 1236 481 1452 1659 863 1157 171 1016 1180 394 1020 1029 1079 918 1324 317 433 1317
1365 843 1623 787 839 902 1648 465 1509 1678 996 990 1134 955 856 1317 1013 471 944 1286 1344 1042 852 1285 1608 1304 849 1159 876 1347 513 1244 644 656 936 1458 1427 1209 644 1151 698 1014 1533 1077 1284 1463 1245 1564 1142 804 1403 368 889 0 1071 1309 1647 1897 1064 916 1586 1430 1148 1323 1365 1572 776 1069 1013 928 698 928 932 941 992 830 1237 852 1276 836
1634 618 743 1057 614 411 602 1128 629 632 498 765 1404 730 631 437 1283 1134 322 241 463 817 627 405 728 424 254 1429 221 467 616 364 1307 1383 711 1728 382 1478 1307 413 1538 1283 622 410 404 1732 200 1833 262 579 358 1031 1158 1543 0 429 689 2167 1334 691 568 550 426 1592 320 692 551 845 1283 703 1361 1198 707 716 767 272 356 1121 1545 1498
1872 856 460 1295 852 480 525 1366 346 531 482 1003 1642 968 869 62 1521 1372 397 644 180 1055 865 94 445 287 493 1667 460 79 854 228 1518 1621 949 1966 613 1716 1518 397 1776 1521 369 395 93 1970 603 2071 202 817 627 1269 1396 1781 429 0 483 2405 1572 929 423 266 411 1830 723 408 789 1083 1521 941 1306 1436 945 954 1005 510 220 1359 1783 1736
2210 1194 103 1633 1190 818 180 1704 401 186 820 1341 1980 1306 1207 491 1859 1710 735 626 376 1393 1203 459 75 625 831 2005 797 521 1192 566 1762 1945 1287 2304 338 2054 1762 735 2114 1859 175 732 458 2308 512 2409 539 1155 353 1607 1734 2119 689 483 0 2743 1910 1267 148 243 748 2168 532 151 1127 1420 1859 1279 1550 1774 1283 1292 1343 848 558 1697 2121 2061
624 1939 2719 1261 1935 1998 2744 1955 2605 2774 2092 2086 784 2051 1952 2413 933 1960 2040 2382 2439 2138 1948 2381 2704 2400 1945 842 1972 2443 1609 2340 2133 2071 2032 830 2523 2305 2134 2247 2113 932 2629 2173 2380 703 2341 804 2238 1900 2499 1858 1055 2118 2167 2405 2743 0 2160 2012 2682 2526 2244 695 2461 2668 1872 2165 933 2024 2188 1402 2028 2037 2088 1926 2332 1325 717 2325
1628 1106 1886 1050 1102 1165 1911 1122 1772 1941 1259 1253 1397 1218 1119 1580 1276 1128 1207 1549 1606 1305 1115 1548 1871 1567 1112 1422 1139 1610 776 1507 1300 1376 1199 1721 1690 207 1301 1414 1532 1277 1796 1340 1547 1726 1508 1827 1405 1067 1666 1025 1152 1537 1334 1572 1910 2160 0 1179 1849 1693 1411 1586 1628 1835 1039 1332 1276 1191 1355 1191 1195 1204 1255 1093 1499 1114 1539 1492
1479 180 1205 902 323 522 1268 973 1091 1276 616 121 1249 439 340 937 1128 979 564 906 925 502 334 905 1190 924 469 1274 496 967 461 865 1152 1228 60 1573 1047 1324 1152 772 1383 1128 1114 697 904 1577 866 1678 762 288 1023 876 1003 1388 691 929 1228 2012 1179 0 1168 1012 769 1438 985 1153 259 278 1128 52 1206 1043 56 425 120 450 857 966 1390 1344
2150 1134 217 1572 1129 758 157 1644 341 163 759 1281 1919 1246 1147 431 1798 1649 675 505 316 1332 1143 399 188 565 771 1944 737 461 1132 506 1701 1885 1226 2243 217 1994 1702 675 2054 1799 81 672 398 2248 390 2349 479 1094 231 1547 1674 2059 568 423 148 2682 1849 1207 0 183 688 2108 411 165 1066 1360 1798 1219 1489 1713 1223 1232 1282 788 498 1636 2061 2001
1994 978 220 1416 973 602 285 1488 184 291 603 1125 1763 1090 991 275 1642 1493 518 660 160 1176 987 243 205 409 614 1788 581 305 976 349 1545 1729 1070 2087 373 1838 1546 519 1898 1643 129 516 241 2092 546 2193 323 938 387 1391 1518 1903 550 266 243 2526 1693 1050 183 0 532 1952 567 168 910 1204 1642 1063 1333 1557 1067 1076 1126 632 342 1480 1904 1844
1712 696 725 1135 692 320 790 1206 611 796 321 843 1481 808 709 419 1361 1212 237 642 445 895 705 387 710 406 333 1507 334 449 694 346 1384 1460 789 1806 783 1556 1385 41 1616 1361 635 120 385 1810 601 1911 244 657 759 1109 1236 1621 426 411 748 2244 1411 769 688 532 0 1670 720 673 628 922 1360 781 1439 1276 785 794 845 351 338 1199 1623 1576
2723 2201 2981 2145 2196 2260 3005 1635 2867 3035 2353 2348 2492 2313 2214 2674 2371 1641 2302 2644 2701 2399 2210 2643 2966 2661 2206 2517 2233 2704 1870 2602 1787 1396 2293 156 2785 2567 1787 2509 1438 2371 2890 2434 2641 2821 2603 2921 2500 2161 2761 1736 2247 1443 2428 2666 3004 3255 2422 2274 2944 2788 2506 0 2722 2929 2133 2427 2371 2286 1734 2286 2290 2299 2349 2188 2594 2209 2633 1690
1928 912 601 1351 908 705 445 1422 724 475 792 1059 1698 1024 926 731 1577 1428 616 256 700 1111 921 699 572 718 548 1723 515 761 910 658 1601 1677 1005 2022 225 1772 1601 707 1832 1577 465 704 698 2026 142 2127 556 873 200 1325 1452 1837 320 723 532 2461 1628 985 411 567 720 1887 0 549 845 1139 1577 997 1655 1492 1001 1010 1061 566 650 1415 1839 1793
2135 1119 128 1558 1115 743 268 1629 326 273 745 1266 1905 1231 1132 416 1784 1635 660 643 301 1318 1128 384 113 550 756 1930 722 446 1117 491 1687 1870 1212 2229 355 1979 1687 660 2039 1784 112 657 383 2233 528 2334 464 1080 369 1532 1659 2044 692 408 151 2668 1835 1192 165 168 673 2093 549 0 1052 1345 1784 1204 1475 1699 1208 1217 1268 773 483 1622 2046 1986
1339 187 1103 762 88 382 1128 833 989 1158 476 301 1109 204 105 797 988 839 424 766 824 290 101 765 1088 784 329 1134 356 827 321 724 1012 1088 279 1433 907 1183 1012 631 1243 988 1013 557 764 1437 725 1538 622 52 883 736 863 1248 551 789 1127 1872 1039 259 1066 910 628 1297 845 1052 0 318 988 272 1066 903 276 190 302 310 717 826 1250 1203
1633 334 1358 1055 262 676 1421 1127 1244 1429 769 183 1402 495 396 1091 1281 1133 718 1060 1079 358 257 1059 1343 1078 622 1428 649 1121 615 1018 1305 1381 298 1727 1201 1477 1306 925 1537 1282 1268 851 1057 1731 1019 1832 916 343 1177 1030 1157 1542 845 1083 1382 2165 1332 278 1321 1165 922 1591 1139 1307 318 0 1281 291 1360 1196 294 481 185 604 1010 1120 1544 1497
401 1055 1835 377 1051 1114 1860 1071 1721 1890 1208 1202 170 1167 1068 1529 87 1077 1156 1498 1556 1254 1064 1497 1820 1516 1061 195 1088 1559 725 1456 1249 1325 1148 494 1639 1421 1250 1363 1481 86 1745 1289 1496 499 1457 599 1354 1016 1615 974 171 1486 1283 1521 1859 933 1276 1128 1798 1642 1360 359 1577 1784 988 1281 0 1140 1304 518 1144 1153 1204 1042 1449 441 311 1441
1492 193 1217 914 335 534 1280 985 1103 1288 628 134 1261 451 352 949 1140 991 576 918 937 514 346 917 1202 936 481 1286 508 979 473 877 1164 1240 62 1585 1059 1336 1164 784 1396 1140 1126 709 916 1590 878 1690 774 300 1035 888 1016 1401 703 941 1240 2024 1191 52 1180 1024 781 1450 997 1165 272 291 1140 0 1219 1055 62 437 132 462 869 978 1402 1356
1655 1134 1567 1078 1129 1193 1632 537 1453 1638 1286 1281 1425 1246 1147 1354 1304 543 1234 1577 1287 1332 1142 1322 1552 1488 1139 1450 1166 1384 803 1429 293 476 1226 1749 1718 1500 293 1442 776 1304 1476 1367 1321 1753 1536 1854 1403 1094 1693 368 1180 781 1361 1346 1590 2188 1355 1206 1530 1373 1439 1614 1655 1515 1066 1360 1304 1219 0 1219 1222 1232 1282 1121 1421 1142 1566 592
870 970 1750 234 966 1029 1775 986 1636 1805 1123 1117 639 1082 983 1444 518 992 1071 1413 1471 1169 979 1412 1735 1431 976 664 1003 1474 640 1371 1164 1240 1063 963 1554 1336 1165 1278 1396 519 1660 1204 1411 968 1372 1069 1269 931 1530 889 394 1401 1198 1436 1774 1402 1191 1043 1713 1557 1276 828 1492 1699 903 1196 518 1055 1219 0 1059 1068 1119 957 1364 110 780 1356
1495 197 1221 918 339 538 1284 989 1107 1292 632 138 1265 455 356 953 1144 995 580 922 941 518 350 921 1206 940 485 1290 512 983 477 881 1168 1244 48 1589 1063 1340 1168 788 1399 1144 1130 713 920 1593 882 1694 778 304 1039 892 1020 1404 707 945 1244 2028 1195 56 1184 1028 785 1454 1001 1169 276 294 1144 62 1222 1059 0 441 136 466 873 982 1406 1360
1505 352 1269 927 250 548 1293 999 1155 1323 641 463 1274 73 180 962 1153 1004 590 932 989 453 263 931 1254 949 494 1299 521 992 487 890 1177 1253 445 1598 1073 1349 1177 797 1409 1154 1178 722 929 1603 891 1704 788 162 1049 902 1029 1414 716 954 1292 2037 1204 425 1232 1076 794 1463 1010 1217 190 481 1153 437 1232 1068 441 0 465 476 882 991 1416 1369
1555 256 1281 978 246 598 1344 1049 1167 1352 692 27 1325 478 380 1013 1204 1055 640 982 1001 408 241 981 1266 1000 545 1350 572 1043 537 941 1228 1304 140 1649 1123 1399 1228 847 1459 1204 1190 773 980 1653 942 1754 838 327 1099 952 1079 1464 767 1005 1304 2088 1255 120 1244 1087 845 1513 1061 1229 302 185 1204 132 1282 1119 136 465 0 526 933 1042 1466 1419
1394 378 825 816 373 170 848 887 711 879 264 525 1163 490 391 518 1042 893 145 487 545 576 386 487 810 506 76 1188 76 548 375 446 1066 1142 470 1487 628 1238 1066 354 1298 1042 734 279 485 1492 446 1592 344 338 604 790 918 1303 272 510 848 1926 1093 450 788 632 351 1352 566 773 310 604 1042 462 1121 957 466 476 526 0 438 880 1304 1258
1800 784 535 1223 780 408 600 1294 421 606 410 931 1569 896 797 228 1449 1300 325 572 255 983 793 196 520 118 421 1595 387 258 782 59 1473 1549 877 1894 688 1644 1473 325 1704 1449 444 322 195 1898 531 1999 129 745 689 1197 1324 1709 356 220 558 2332 1499 857 498 342 338 1758 650 483 717 1010 1449 869 1381 1364 873 882 933 438 0 1287 1711 1664
793 893 1673 157 889 952 1698 909 1560 1728 1046 1040 562 1005 907 1367 441 915 994 1336 1394 1092 902 1335 1659 1354 899 587 926 1397 563 1295 1088 1164 986 886 1477 1259 1088 1202 1319 442 1583 1127 1334 891 1296 992 1192 854 1453 812 317 1324 1121 1359 1697 1325 1114 966 1636 1480 1199 751 1415 1622 826 1120 441 978 1142 110 982 991 1042 880 1287 0 704 1279
184 1317 2098 639 1313 1376 2122 1333 1984 2152 1470 1465 163 1429 1331 1791 311 1339 1418 1760 1818 1516 1326 1759 2083 1778 1323 221 1350 1821 987 1719 1512 1519 1410 278 1901 1683 1512 1626 1560 311 2007 1551 1758 282 1720 383 1616 1278 1877 1236 433 1565 1545 1783 2121 717 1539 1390 2061 1904 1623 143 1839 2046 1250 1544 311 1402 1566 780 1406 1416 1466 1304 1711 704 0 1703
1562 1041 1821 985 1036 1099 1845 545 1707 1875 1193 1188 1332 1152 1054 1514 1211 551 1141 1483 1541 1239 1049 1482 1806 1501 1046 1357 1073 1544 710 1442 697 307 1133 1656 1624 1406 698 1349 209 1211 1730 1274 1481 1660 1443 1761 1339 1001 1600 566 1086 214 1268 1506 1844 2095 1262 1113 1784 1628 1346 1520 1562 1769 973 1267 1211 1125 752 1126 1129 1139 1189 1027 1434 1049 1473 0
EOF