NAME : tsp_problem
TYPE : TSP
DIMENSION : 82
EDGE_WEIGHT_TYPE : EXPLICIT
EDGE_WEIGHT_FORMAT : FULL_MATRIX
EDGE_WEIGHT_SECTION
0 1588 1306 1234 1029 1540 1323 841 725 1583 1452 1112 911 1141 1568 325 975 967 1139 1408 1279 1442 1129 1186 1188 981 823 97 1369 1050 1004 925 1334 1458 347 993 1768 969 1067 1151 1276 318 955 1495 1652 582 172 1345 944 984 1277 331 1620 685 1498 866 994 1156 1057 1274 925 1314 1338 1534 938 939 801 1205 1349 1693 995 1187 943 58 1768 1768 925 1579 1322 1050 115 471
1588 0 2020 395 2285 2254 2037 1555 945 106 2167 637 886 528 329 1596 1195 1187 1854 2123 469 184 592 653 653 1201 1537 1602 2083 1764 725 1639 524 2172 1909 1213 1713 754 1781 584 467 1461 1175 2209 93 2014 1570 362 1164 1698 1991 1687 2335 1399 2212 956 1214 1870 1277 464 1639 533 529 2248 1158 1159 1021 1919 393 134 1215 644 1163 1553 1713 1713 1639 78 2036 1764 1499 1880
1306 2020 0 1666 780 308 342 499 1157 2015 220 1544 1343 1574 2000 1314 1407 1400 1572 176 1711 1874 1561 1618 1620 1413 802 1320 1801 305 1436 428 1766 225 1640 1425 2201 1401 1499 1584 1708 1178 1387 262 2084 1539 1288 1777 1376 364 60 1526 388 735 266 1298 1426 1588 1490 1706 428 1746 1770 302 1370 1371 1233 224 1781 2125 1427 1619 1376 1271 2201 2200 428 2012 162 305 1217 1405
1234 395 1666 0 1932 1901 1683 1201 591 389 1813 283 533 175 375 1243 841 834 1500 1769 115 249 340 299 299 847 1184 1249 1730 1410 372 1286 171 1818 1569 859 1570 401 1427 363 113 1107 821 1855 459 1660 1217 556 811 1344 1638 1454 1981 1046 1859 732 860 1517 924 110 1286 525 175 1895 804 805 667 1565 156 500 861 290 810 1199 1570 1570 1285 386 1683 1411 1145 1526
1029 2284 2002 1931 0 2237 2019 1537 1422 2279 2149 1809 1608 1838 2265 997 1671 1664 1836 2105 1975 2139 1825 1882 1884 1678 1520 1097 2066 1746 1701 1622 2030 2154 1008 1689 2465 1666 1763 1848 1973 947 1652 2191 2349 808 1125 2042 1641 1680 1974 1182 2317 1382 2195 1562 1690 1853 1754 1970 1622 2010 2035 2231 1634 1635 1497 1901 2046 2389 1692 1884 1640 1074 2465 2465 1621 2276 2019 1747 1128 674
1540 2254 308 1901 955 0 576 734 1391 2249 395 1778 1577 1808 2235 1549 1641 1634 1806 351 1945 2108 1795 1852 1854 1647 1036 1554 1752 540 1671 662 2000 400 1874 1659 2435 1636 1733 1818 1943 1413 1621 437 2318 1714 1523 2012 1611 599 294 1760 398 970 275 1532 1660 1822 1724 1940 662 1980 2004 75 1604 1605 1467 458 2016 2359 1661 1854 1610 1505 2435 2434 662 2246 396 539 1451 1580
1323 2037 342 1683 1048 576 0 516 1174 2032 488 1561 1360 1590 2017 1331 1424 1416 1588 444 1728 1891 1578 1635 1637 1430 818 1337 1818 322 1453 444 1783 493 1657 1442 2217 1418 1516 1600 1725 1195 1404 531 2101 1748 1305 1794 1393 381 313 1543 656 752 534 1315 1443 1605 1506 1723 444 1763 1787 570 1387 1388 1250 139 1798 2142 1444 1636 1392 1287 2217 2217 445 2028 358 321 1234 1614
841 1555 499 1201 1206 734 516 0 692 1550 646 1079 878 1109 1535 849 942 934 1107 602 1246 1409 1096 1153 1155 948 337 855 1336 243 971 119 1301 651 1175 960 1735 936 1034 1119 1243 713 922 688 1619 1267 823 1312 911 177 471 1061 814 270 692 833 961 1123 1025 1241 119 1281 1305 728 905 906 768 398 1316 1660 962 1154 910 805 1736 1735 118 1547 516 244 752 1133
725 945 1157 591 1422 1391 1174 692 0 940 1304 469 268 499 925 734 274 267 991 1260 636 799 486 543 545 280 674 739 1220 901 361 776 691 1309 1059 292 1125 326 918 509 633 598 255 1346 1009 1151 708 702 244 835 1128 945 1472 536 1349 223 293 1007 357 631 776 671 695 1385 237 238 100 1056 706 1050 294 544 243 690 1126 1125 776 937 1173 901 636 1017
1583 106 2015 389 2280 2249 2032 1550 940 0 2161 631 881 523 324 1591 1190 1182 1848 2117 464 179 668 647 648 1196 1532 1597 2078 1758 720 1634 519 2167 1904 1207 1708 749 1775 661 461 1455 1170 2204 170 2008 1565 439 1159 1693 1986 1682 2329 1394 2207 950 1208 1865 1272 459 1634 609 523 2243 1152 1153 1016 1914 387 210 1210 639 1158 1547 1708 1707 1634 97 2031 1759 1494 1874
1551 2807 2525 2453 571 2759 2541 2060 1944 2801 0 2331 2130 2360 2787 1519 2194 2186 2358 2627 2497 2661 2348 2404 2407 2200 2042 1619 2588 2268 2223 2144 2553 2676 1530 2211 2987 2188 2285 2370 2495 1469 2174 2713 2871 1330 1647 2564 2163 2203 2496 1704 2839 1904 2717 2084 2213 2375 2276 2492 2144 2533 2557 2753 2156 2157 2020 2423 2568 2912 2214 2406 2162 1596 2987 2987 2144 2798 2541 2269 1651 1196
1112 637 1544 283 1809 1778 1561 1079 469 631 1691 0 411 266 617 1121 719 712 1378 1647 327 491 431 123 125 725 1061 1126 1607 1288 250 1163 383 1696 1446 737 1513 279 1305 454 325 985 699 1733 701 1538 1095 648 688 1222 1515 1332 1859 923 1736 610 738 1394 802 322 1163 617 387 1772 682 683 545 1443 398 742 739 124 688 1077 1513 1512 1163 628 1561 1289 1023 1404
911 886 1343 533 1608 1577 1360 878 268 881 1490 411 0 440 867 919 518 510 1177 1446 577 741 427 484 486 524 860 925 1406 1087 303 962 632 1495 1245 536 1311 268 1104 450 575 784 498 1532 951 1337 894 644 487 1021 1314 1131 1658 722 1535 409 537 1193 601 572 962 612 637 1571 481 482 344 1242 648 991 538 486 486 876 1312 1311 962 878 1359 1087 822 1203
1141 528 1574 175 1839 1808 1590 1109 499 523 1720 266 440 0 509 1150 748 741 1407 1676 219 383 246 282 282 755 1091 1156 1637 1317 285 1193 274 1725 1476 766 1542 384 1334 269 217 1014 729 1762 593 1567 1124 463 718 1252 1545 1361 1888 953 1766 639 767 1424 831 214 1193 431 278 1802 711 712 574 1472 290 633 768 274 717 1106 1542 1542 1193 520 1590 1318 1052 1433
1568 329 2000 375 2266 2235 2017 1535 925 324 2147 617 867 509 0 1577 1175 1168 1834 2103 449 183 674 633 633 1181 1518 1583 2064 1744 706 1620 505 2152 1889 1193 1693 735 1761 697 447 1441 1155 2189 393 1994 1551 662 1145 1678 1972 1667 2315 1380 2193 936 1194 1851 1258 444 1620 832 509 2229 1138 1139 1001 1899 373 434 1195 624 1144 1533 1693 1693 1619 320 2017 1745 1479 1860
421 1529 1247 1175 942 1481 1264 782 666 1524 1394 1053 852 1083 1509 0 916 908 1081 1349 1220 1383 1070 1127 1129 922 764 436 1310 991 945 866 1275 1399 756 934 1709 910 1008 1093 1217 123 896 1436 1593 670 404 1286 885 925 1218 641 1561 626 1439 807 935 1097 999 1215 866 1255 1279 1475 879 880 742 1146 1290 1634 936 1128 884 386 1710 1709 866 1521 1263 991 332 536
975 1156 1407 841 1672 1641 1424 942 274 1151 1554 719 518 748 1136 983 0 419 1241 1510 886 1010 736 793 795 259 924 989 1470 1151 611 1026 941 1559 1309 193 1194 576 1168 758 883 847 407 1596 1220 1401 957 952 396 1085 1378 1195 1722 786 1599 291 445 1257 258 881 1026 921 945 1635 138 311 271 1306 956 1261 110 794 395 940 1194 1193 1026 1148 1423 1151 886 1267
967 1187 1400 834 1665 1634 1416 934 267 1182 1546 712 510 741 1168 976 419 0 1233 1502 878 1042 728 785 787 189 917 982 1463 1143 604 1019 933 1551 1302 254 1368 569 1160 751 876 840 39 1588 1252 1393 950 945 117 1077 1371 1187 1714 779 1592 465 167 1250 266 873 1019 913 937 1628 307 147 192 1298 949 1292 340 787 45 932 1368 1368 1019 1179 1416 1144 878 1259
1139 1854 1572 1500 1837 1806 1588 1107 991 1848 1718 1378 1177 1407 1834 1148 1241 1233 0 1674 1544 1708 1394 1451 1453 1247 1089 1154 434 1315 1270 1191 1599 1723 1474 1258 1474 1235 224 1417 1542 1012 1221 1760 1918 1565 1122 1611 1210 1249 1543 1359 1886 951 1764 1131 1259 810 1323 1539 1191 1580 1604 1800 1203 1204 1067 1470 1615 1959 1261 1453 1209 1104 1474 1474 1191 1845 1588 1316 1050 1431
1598 2854 2572 2500 618 2806 2589 2107 1991 2849 58 2378 2177 2407 2834 1567 2241 2233 2405 0 2545 2708 2395 2452 2454 2247 2089 1667 2635 2316 2270 2191 2600 63 1577 2259 3034 2235 2333 2417 2542 1516 2221 100 2918 1377 1694 2611 2210 2250 2543 1752 2886 1951 2764 2132 2260 2422 2323 2540 2191 2580 2604 2800 2204 2205 2067 2471 2615 2959 2261 2453 2209 1643 3034 3034 2191 2845 2588 2316 1698 1243
1279 469 1711 115 1976 1945 1728 1246 636 464 1857 327 577 219 449 1287 886 878 1544 1813 0 323 384 343 343 892 1228 1293 1774 1454 416 1330 114 1863 1613 903 1645 445 1471 407 62 1151 866 1900 533 1704 1261 601 855 1389 1682 1499 2025 1090 1903 776 904 1561 968 65 1330 569 118 1939 848 849 712 1610 230 574 906 335 854 1243 1645 1645 1330 461 1727 1455 1189 1570
1442 184 1874 249 2139 2108 1891 1409 799 179 2021 491 741 383 183 1451 1049 1042 1708 1977 323 0 548 507 507 1055 1391 1456 1937 1618 580 1493 378 2026 1763 1067 1567 609 1635 570 321 1315 1029 2063 248 1868 1425 517 1018 1552 1845 1541 2189 1253 2066 810 1068 1724 1132 318 1493 688 383 2102 1012 1013 875 1773 247 289 1069 498 1018 1407 1567 1567 1493 176 1891 1619 1353 1734
1129 592 1561 340 1826 1795 1578 1096 486 668 1707 431 427 246 674 1137 736 728 1394 1663 384 548 0 447 447 742 1078 1143 1624 1305 272 1180 439 1713 1463 753 1529 464 1322 57 382 1001 716 1750 612 1555 1111 251 705 1239 1532 1349 1875 940 1753 626 755 1411 818 379 1180 220 444 1789 698 699 562 1460 455 629 756 439 704 1093 1529 1529 1180 603 1577 1305 1040 1420
1186 653 1618 299 1883 1852 1635 1153 543 647 1764 123 484 282 633 1194 793 785 1451 1720 343 507 447 0 53 799 1135 1200 1681 1362 323 1237 399 1770 1520 810 1586 352 1379 470 341 1058 773 1807 717 1611 1168 664 762 1296 1589 1406 1932 997 1810 683 812 1468 875 338 1237 632 403 1846 755 756 619 1517 414 758 813 44 761 1150 1586 1586 1237 644 1634 1362 1097 1477
1188 653 1620 299 1885 1854 1637 1155 545 648 1767 125 486 282 633 1196 795 787 1453 1722 343 507 447 53 0 801 1137 1202 1683 1364 325 1239 399 1772 1522 813 1588 354 1381 470 341 1060 775 1809 717 1614 1170 664 764 1298 1591 1408 1934 999 1812 686 814 1470 877 338 1239 633 403 1848 757 758 621 1519 414 758 815 44 763 1152 1588 1588 1239 644 1636 1364 1099 1480
981 1201 1413 847 1678 1647 1430 948 280 1196 1560 725 524 755 1181 989 259 189 1247 1516 892 1055 742 799 801 0 930 995 1476 1157 617 1032 947 1565 1315 95 1278 582 1174 764 889 854 177 1602 1265 1407 964 958 166 1091 1384 1201 1728 792 1605 375 215 1263 106 887 1032 927 951 1641 148 81 205 1312 962 1306 180 800 165 946 1278 1278 1032 1192 1429 1157 892 1273
823 1537 802 1184 1508 1036 818 337 674 1532 948 1061 860 1091 1518 832 924 917 1089 904 1228 1391 1078 1135 1137 930 0 837 1318 545 954 421 1283 954 1157 942 1718 919 1016 1101 1226 696 904 991 1601 1249 806 1295 894 480 773 1043 1116 253 994 815 943 1105 1007 1223 421 1263 1287 1030 887 888 750 701 1299 1642 944 1137 893 788 1718 1717 421 1529 818 546 734 1115
97 1602 1320 1249 1098 1554 1337 855 739 1597 1467 1126 925 1156 1583 340 989 982 1154 1423 1293 1456 1143 1200 1202 995 837 0 1383 1064 1019 939 1348 1472 415 1007 1783 984 1081 1166 1291 332 969 1509 1666 651 187 1360 959 998 1291 399 1635 699 1512 880 1008 1170 1072 1288 939 1328 1352 1548 952 953 815 1219 1364 1707 1009 1202 958 72 1783 1782 939 1594 1336 1064 129 539
1369 2083 1801 1730 2066 1752 1818 1336 1220 2078 1948 1607 1406 1637 2064 1377 1470 1463 434 1904 1774 1937 1624 1681 1683 1476 1318 1383 0 1545 1500 1420 1829 1953 1703 1488 1274 1465 453 1647 1772 1242 1450 1990 2147 1795 1352 1841 1440 1479 1772 1589 2116 1180 1993 1361 1489 682 1553 1769 1420 1809 1833 1746 1433 1434 1296 1700 1845 2188 1490 1683 1439 1334 1274 1273 1420 2075 1817 1545 1280 1661
1050 1764 305 1410 1012 540 322 243 901 1758 452 1288 1087 1317 1744 1058 1151 1143 1315 408 1454 1618 1305 1362 1364 1157 545 1064 1545 0 1180 171 1510 457 1384 1169 1944 1145 1242 1327 1452 922 1131 494 1828 1475 1032 1521 1120 108 277 1269 620 479 498 1042 1170 1332 1233 1449 171 1490 1514 534 1113 1114 977 204 1525 1869 1171 1363 1119 1014 1944 1944 172 1755 322 86 960 1341
1004 725 1436 372 1701 1671 1453 971 361 720 1583 250 303 285 706 1013 611 604 1270 1539 416 580 272 323 325 617 954 1019 1500 1180 0 1055 471 1588 1339 629 1405 324 1197 295 414 877 591 1625 790 1430 987 489 580 1114 1407 1224 1751 815 1629 502 630 1287 694 411 1055 457 476 1664 574 575 437 1335 487 830 631 325 580 969 1405 1404 1055 717 1453 1181 915 1296
925 1639 428 1286 1134 662 444 119 776 1634 574 1163 962 1193 1620 933 1026 1019 1191 530 1330 1493 1180 1237 1239 1032 421 939 1420 171 1055 0 1385 579 1259 1044 1820 1021 1118 1203 1328 798 1006 616 1703 1351 908 1397 995 105 399 1145 742 355 620 917 1045 1207 1109 1325 79 1365 1389 656 989 990 852 326 1401 1744 1046 1239 995 890 1820 1819 79 1631 444 172 836 1217
1334 524 1766 171 2031 2000 1783 1301 691 519 1913 383 632 274 505 1342 941 933 1599 1868 114 378 439 399 399 947 1283 1348 1829 1510 471 1385 0 1918 1668 959 1700 500 1527 462 108 1206 921 1955 588 1760 1316 656 910 1444 1737 1554 2080 1145 1958 831 960 1616 1023 111 1385 624 79 1994 903 904 767 1665 286 629 961 390 909 1298 1700 1700 1385 516 1782 1510 1245 1625
1554 2810 2528 2456 574 2762 2544 2063 1947 2804 2674 2334 2133 2363 2790 1523 2197 2189 2361 2630 2500 2664 2351 2408 2410 2203 2045 1622 2591 2271 2226 2147 2556 0 1533 2215 2990 2191 2288 2373 2498 1472 2177 2717 2874 1333 1650 2567 2166 2206 2499 1707 2842 1907 2720 2087 2216 2378 2279 2495 2147 2536 2560 2756 2159 2160 2023 2427 2571 2915 2217 2409 2165 1599 2990 2990 2147 2801 2544 2272 1654 1199
620 1805 1523 1451 805 1757 1540 1058 942 1800 1669 1329 1128 1358 1785 588 1192 1184 1356 1625 1496 1659 1346 1403 1405 1198 1040 688 1586 1267 1221 1142 1551 1675 0 1210 1985 1186 1284 1368 1493 399 1172 1712 1869 260 680 1562 1161 1201 1494 773 1837 902 1715 1083 1211 1373 1274 1491 1142 1531 1555 1751 1155 1156 1018 1422 1566 1910 1212 1404 1160 662 1985 1985 1142 1796 1539 1267 608 148
993 1174 1425 859 1690 1659 1442 960 292 1169 1571 737 536 766 1154 1001 193 254 1258 1527 903 1028 753 810 813 95 942 1007 1488 1169 629 1044 959 1577 1327 0 1211 594 1186 776 901 865 242 1614 1238 1418 975 970 231 1103 1396 1213 1739 804 1617 309 281 1275 93 898 1044 939 963 1653 81 146 270 1324 974 1279 114 812 230 957 1212 1211 1044 1165 1441 1169 904 1284
1239 1179 1671 1036 1936 1905 1688 1206 596 1173 1818 983 782 1012 1159 1247 664 838 1505 1774 1111 1033 1000 1057 1059 748 1188 1253 1734 1415 875 1290 1166 1823 1573 682 0 840 1432 1022 1108 1111 826 1860 1243 1665 1221 1216 815 1349 1642 1459 1986 1050 1863 420 865 1521 747 1106 1290 1185 1170 1899 627 800 672 1570 1034 1284 684 1058 814 1204 1181 1180 1290 1170 1687 1415 1150 1531
969 754 1401 401 1667 1636 1418 936 326 749 1548 279 268 384 735 978 576 569 1235 1504 445 609 464 352 354 582 919 984 1465 1145 324 1021 500 1553 1304 594 1370 0 1162 487 443 842 557 1590 819 1395 952 681 546 1079 1373 1189 1716 781 1594 467 595 1252 659 440 1021 649 505 1630 539 540 402 1300 516 859 596 354 545 934 1370 1369 1020 746 1418 1146 880 1261
1067 1781 1499 1427 1764 1733 1516 1034 918 1775 1645 1305 1104 1334 1761 1075 1168 1160 224 1601 1471 1635 1322 1379 1381 1174 1016 1081 453 1242 1197 1118 1527 1651 1401 1186 1493 1162 0 1344 1469 939 1148 1688 1845 1492 1049 1538 1137 1177 1470 1286 1813 878 1691 1059 1187 737 1250 1466 1118 1507 1531 1727 1130 1131 994 1398 1542 1886 1188 1380 1136 1031 1493 1493 1118 1772 1515 1243 977 1358
1151 584 1584 363 1849 1818 1600 1119 509 661 1730 454 450 269 697 1160 758 751 1417 1686 407 570 57 470 470 764 1101 1166 1647 1327 295 1203 462 1735 1486 776 1552 487 1344 0 405 1024 739 1772 605 1577 1134 244 728 1261 1555 1371 1898 963 1776 649 777 1434 841 402 1203 212 466 1812 721 722 584 1482 478 621 778 461 727 1116 1552 1552 1203 596 1600 1328 1062 1443
1276 467 1708 113 1974 1943 1725 1243 633 461 1855 325 575 217 447 1285 883 876 1542 1811 62 321 382 341 341 889 1226 1291 1772 1452 414 1328 108 1860 1611 901 1643 443 1469 405 0 1149 863 1897 531 1702 1259 598 853 1386 1680 1496 2023 1088 1901 774 902 1559 966 59 1328 567 112 1937 846 847 709 1607 228 572 903 332 852 1241 1643 1642 1327 458 1725 1453 1187 1568
318 1461 1178 1107 924 1413 1195 713 598 1455 1325 985 784 1014 1441 327 847 840 1012 1281 1151 1315 1001 1058 1060 854 696 332 1242 922 877 798 1206 1330 653 865 1641 842 939 1024 1149 0 828 1367 1525 652 301 1218 817 856 1150 538 1493 558 1371 738 866 1029 930 1146 798 1186 1211 1407 810 811 673 1077 1222 1565 868 1060 816 283 1641 1641 797 1452 1195 923 229 518
955 1175 1387 821 1652 1621 1404 922 255 1170 1534 699 498 729 1155 964 407 39 1221 1490 866 1029 716 773 775 177 904 969 1450 1131 591 1006 921 1539 1290 242 1356 557 1148 739 863 828 0 1576 1239 1381 938 932 105 1065 1358 1175 1702 766 1579 453 155 1237 254 861 1006 901 925 1615 295 134 179 1286 937 1280 327 774 33 920 1356 1355 1006 1167 1404 1132 866 1247
1527 2783 2501 2429 547 2735 2518 2036 1920 2778 2647 2307 2106 2336 2763 1496 2170 2162 2334 2603 2474 2637 2324 2381 2383 2176 2018 1596 2564 2245 2199 2120 2529 2653 1506 2188 2963 2164 2262 2346 2471 1445 2150 0 2847 1306 1623 2540 2139 2179 2472 1681 2815 1880 2693 2061 2189 2351 2252 2469 2120 2509 2533 2729 2133 2134 1996 2400 2544 2888 2190 2382 2138 1572 2963 2963 2120 2774 2517 2245 1627 1172
1652 93 2084 459 2349 2318 2101 1619 1009 170 2231 701 951 593 393 1661 1259 1252 1918 2187 533 248 612 717 717 1265 1601 1666 2147 1828 790 1703 588 2236 1973 1277 1777 819 1845 605 531 1525 1239 2273 0 2078 1635 383 1228 1762 2055 1751 2399 1463 2276 1020 1278 1934 1342 528 1703 553 593 2312 1222 1223 1085 1983 457 84 1279 708 1228 1617 1777 1777 1703 105 2101 1829 1563 1944
453 1561 1279 1207 973 1513 1296 814 698 1555 1425 1085 884 1114 1541 462 948 940 1112 1381 1251 1415 1102 1159 1161 954 796 467 1342 1022 977 898 1307 1431 787 966 1741 942 1039 1124 1249 155 928 1468 1625 0 436 1318 917 957 1250 673 1593 658 1471 839 967 1129 1030 1246 898 1287 1311 1507 910 911 774 1178 1322 1666 968 1160 916 418 1741 1741 898 1552 1295 1023 364 568
172 1570 1288 1217 1126 1523 1305 823 708 1565 1435 1095 894 1124 1551 308 957 950 1122 1391 1261 1425 1111 1168 1170 964 806 187 1352 1032 987 908 1316 1440 443 975 1751 952 1049 1134 1259 301 938 1477 1635 678 0 1328 927 966 1260 269 1603 667 1481 848 976 1139 1040 1256 908 1296 1321 1517 920 921 783 1187 1332 1675 978 1170 926 137 1751 1751 907 1562 1305 1033 98 567
1345 362 1777 556 2043 2012 1794 1312 702 439 1924 648 644 463 662 1354 952 945 1611 1880 601 517 251 664 664 958 1295 1360 1841 1521 489 1397 656 1929 1680 970 1746 681 1538 244 598 1218 932 1966 383 1771 1328 0 922 1455 1749 1565 2092 1157 1970 843 971 1628 1035 596 1397 192 660 2006 915 916 778 1676 671 399 972 655 921 1310 1746 1745 1396 374 1794 1522 1256 1637
944 1164 1376 811 1641 1611 1393 911 244 1159 1523 688 487 718 1145 953 396 117 1210 1479 855 1018 705 762 764 166 894 959 1440 1120 580 995 910 1528 1279 231 1345 546 1137 728 853 817 105 1565 1228 1370 927 922 0 1054 1347 1164 1691 755 1569 442 70 1227 243 850 995 890 914 1604 284 123 168 1275 926 1269 316 764 93 909 1345 1344 995 1156 1393 1121 855 1236
984 1698 364 1344 1071 599 381 177 835 1693 511 1222 1021 1252 1678 992 1085 1077 1249 467 1389 1552 1239 1296 1298 1091 480 998 1479 108 1114 105 1444 516 1318 1103 1878 1079 1177 1261 1386 856 1065 553 1762 1410 966 1455 1054 0 336 1204 679 413 557 976 1104 1266 1168 1384 106 1424 1448 593 1048 1049 911 263 1459 1803 1105 1297 1053 948 1879 1878 106 1690 381 109 895 1275
1277 1991 60 1638 767 294 313 471 1128 1986 207 1515 1314 1545 1972 1285 1378 1371 1543 163 1682 1845 1532 1589 1591 1384 773 1291 1772 277 1407 399 1737 212 1611 1396 2172 1373 1470 1555 1680 1150 1358 249 2055 1526 1260 1749 1347 336 0 1497 375 707 252 1269 1397 1559 1461 1677 399 1717 1741 288 1341 1342 1204 195 1753 2096 1398 1591 1347 1242 2172 2171 399 1983 133 276 1188 1392
331 1727 1526 1454 1183 1760 1543 1061 945 1722 1672 1332 1131 1361 1707 490 1195 1187 1359 1628 1499 1581 1349 1406 1408 1201 1043 399 1589 1269 1224 1145 1554 1678 500 1213 1988 1189 1286 1371 1496 538 1175 1715 1791 736 269 1565 1164 1204 1497 0 1840 905 1718 1086 1214 1376 1277 1494 1145 1534 1558 1754 1158 1159 1021 1425 1569 1832 1215 1407 1163 374 1988 1988 1145 1719 1542 1270 335 624
1620 2335 388 1981 1035 398 656 814 1472 2329 475 1859 1658 1888 2315 1629 1722 1714 1886 431 2025 2189 1875 1932 1934 1728 1116 1635 2116 620 1751 742 2080 480 1955 1739 2515 1716 1813 1898 2023 1493 1702 517 2399 1794 1603 2092 1691 679 375 1840 0 1050 145 1612 1740 1903 1804 2020 742 2061 2085 401 1684 1685 1548 538 2096 2440 1742 1934 1690 1585 2515 2515 742 2326 477 619 1531 1660
685 1399 735 1046 1382 970 752 270 536 1394 882 923 722 953 1380 693 786 779 951 838 1090 1253 940 997 999 792 253 699 1180 479 815 355 1145 887 1019 804 1580 781 878 963 1088 558 766 924 1463 1111 667 1157 755 413 707 905 1050 0 928 677 805 967 869 1085 354 1125 1149 964 749 750 612 634 1161 1504 806 999 755 650 1580 1579 354 1391 752 480 596 977
1498 2212 266 1859 913 275 534 692 1349 2207 353 1736 1535 1766 2193 1506 1599 1592 1764 309 1903 2066 1753 1810 1812 1605 994 1512 1993 498 1629 620 1958 358 1832 1617 2393 1594 1691 1776 1901 1371 1579 395 2276 1672 1481 1970 1569 557 252 1718 145 928 0 1490 1618 1780 1682 1898 620 1938 1962 279 1562 1563 1425 416 1974 2317 1619 1812 1568 1463 2393 2392 620 2204 354 497 1409 1538
866 911 1298 732 1563 1532 1315 833 223 906 1444 610 409 639 892 874 291 465 1131 1400 776 766 626 683 686 375 815 880 1361 1042 502 917 831 1450 1200 309 949 467 1059 649 774 738 453 1487 976 1291 848 843 442 976 1269 1086 1612 677 1490 0 491 1148 374 771 917 812 836 1526 254 427 299 1197 767 1016 311 685 441 830 949 949 917 903 1314 1042 777 1157
994 1214 1426 860 1691 1660 1443 961 293 1208 1572 738 537 767 1194 1002 445 167 1259 1528 904 1068 755 812 814 215 943 1008 1489 1170 630 1045 960 1578 1328 281 1394 595 1187 777 902 866 155 1615 1278 1420 976 971 70 1104 1397 1214 1740 805 1618 491 0 1276 292 899 1045 940 964 1654 334 173 218 1325 975 1319 366 813 143 958 1394 1394 1045 1205 1442 1170 905 1285
1156 1870 1588 1517 1853 1822 1605 1123 1007 1865 1735 1394 1193 1424 1851 1165 1257 1250 810 1691 1561 1724 1411 1468 1470 1263 1105 1170 682 1332 1287 1207 1616 1740 1490 1275 1025 1252 737 1434 1559 1029 1237 1777 1934 1582 1139 1628 1227 1266 1559 1376 1903 967 1780 1148 1276 0 1340 1556 1207 1596 1620 1816 1220 1221 1083 1487 1632 1975 1277 1470 1226 1121 1025 1025 1207 1862 1604 1332 1067 1448
1057 1239 1490 924 1755 1724 1506 1025 357 1233 1636 802 601 831 1219 1066 258 266 1323 1592 968 1093 818 875 877 106 1007 1072 1553 1233 694 1109 1023 1641 1392 93 1276 659 1250 841 966 930 254 1678 1303 1483 1040 1035 243 1168 1461 1277 1804 869 1682 374 292 1340 0 963 1109 1003 1028 1718 146 158 282 1388 1039 1344 178 877 242 1022 1276 1276 1109 1230 1506 1234 968 1349
1274 464 1706 110 1971 1940 1723 1241 631 459 1852 322 572 214 444 1282 881 873 1539 1808 65 318 379 338 338 887 1223 1288 1769 1449 411 1325 111 1858 1608 898 1640 440 1466 402 59 1146 861 1895 528 1699 1256 596 850 1384 1677 1494 2020 1085 1898 771 899 1556 963 0 1325 564 115 1934 843 844 707 1605 225 569 901 330 849 1238 1640 1640 1325 456 1722 1450 1184 1565
925 1639 428 1286 1134 662 444 119 776 1634 574 1163 962 1193 1620 933 1026 1019 1191 530 1330 1493 1180 1237 1239 1032 421 939 1420 171 1055 79 1385 579 1259 1044 1820 1021 1118 1203 1328 798 1006 616 1703 1351 908 1397 995 106 399 1145 742 354 620 917 1045 1207 1109 1325 0 1365 1389 656 989 990 852 326 1401 1744 1046 1239 995 890 1820 1819 79 1631 444 172 836 1217
1314 533 1746 525 2011 1980 1763 1281 671 609 1893 617 612 431 832 1322 921 913 1580 1849 569 688 220 632 633 927 1263 1328 1809 1490 457 1365 624 1898 1648 939 1714 649 1507 212 567 1186 901 1935 553 1740 1296 192 890 1424 1717 1534 2061 1125 1938 812 940 1596 1003 564 1365 0 629 1974 884 885 747 1645 640 570 941 624 889 1279 1714 1714 1365 544 1762 1490 1225 1606
1338 529 1770 175 2035 2004 1787 1305 695 523 1917 387 637 278 509 1346 945 937 1604 1873 118 383 444 403 403 951 1287 1352 1833 1514 476 1389 79 1922 1672 963 1704 505 1531 466 112 1211 925 1959 593 1764 1321 660 914 1448 1741 1558 2085 1149 1962 836 964 1620 1028 115 1389 629 0 1998 908 909 771 1669 290 633 965 394 913 1303 1704 1704 1389 520 1786 1514 1249 1630
1534 2248 302 1895 949 75 570 728 1385 2243 389 1772 1571 1802 2229 1542 1635 1628 1800 345 1939 2102 1789 1846 1848 1641 1030 1548 1746 534 1664 656 1994 394 1868 1653 2429 1630 1727 1812 1937 1407 1615 431 2312 1708 1517 2006 1604 593 288 1754 401 964 279 1526 1654 1816 1718 1934 656 1974 1998 0 1598 1599 1461 452 2010 2353 1655 1848 1604 1499 2429 2428 656 2240 390 533 1445 1574
938 1119 1370 804 1635 1604 1387 905 237 1113 1516 682 481 711 1099 946 138 307 1203 1472 848 973 698 755 757 148 887 952 1433 1113 574 989 903 1522 1272 81 1156 539 1130 721 846 810 295 1559 1183 1363 920 915 284 1048 1341 1158 1684 749 1562 254 334 1220 146 843 989 884 908 1598 0 200 234 1269 919 1224 153 757 283 902 1156 1156 989 1110 1386 1114 849 1229
939 1159 1371 805 1636 1605 1388 906 238 1153 1517 683 482 712 1139 947 311 147 1204 1473 849 1013 699 756 758 81 888 953 1434 1114 575 990 904 1523 1273 146 1330 540 1131 722 847 811 134 1560 1223 1364 921 916 123 1049 1342 1159 1685 750 1563 427 173 1221 158 844 990 885 909 1599 200 0 163 1270 920 1264 232 758 123 903 1330 1329 990 1150 1387 1115 850 1230
801 1021 1233 667 1498 1467 1250 768 100 1016 1380 545 344 574 1001 809 271 192 1067 1336 712 875 562 619 621 205 750 815 1296 977 437 852 767 1385 1135 270 1201 402 994 584 709 673 179 1422 1085 1227 783 778 168 911 1204 1021 1548 612 1425 299 218 1083 282 707 852 747 771 1461 234 163 0 1132 782 1126 292 620 168 766 1201 1201 852 1012 1249 977 712 1093
1205 1919 224 1565 930 458 139 398 1056 1914 370 1443 1242 1472 1899 1213 1306 1298 1470 326 1610 1773 1460 1517 1519 1312 701 1219 1700 204 1335 326 1665 376 1539 1324 2099 1300 1398 1482 1607 1077 1286 413 1983 1630 1187 1676 1275 263 195 1425 538 634 416 1197 1325 1487 1388 1605 326 1645 1669 452 1269 1270 1132 0 1680 2024 1326 1518 1274 1169 2099 2099 327 1910 240 203 1116 1496
1349 393 1781 156 2047 2016 1798 1316 706 387 1928 398 648 290 373 1358 956 949 1615 1884 230 247 455 414 414 962 1299 1364 1845 1525 487 1401 286 1933 1684 974 1568 516 1542 478 228 1222 937 1970 457 1775 1332 671 926 1459 1753 1542 2096 1161 1974 811 975 1632 1039 225 1401 640 290 2010 919 920 782 1680 0 497 976 405 925 1314 1568 1568 1400 384 1798 1526 1260 1641
1693 134 2125 500 2390 2359 2142 1660 1050 210 2272 742 991 633 434 1701 1300 1292 1959 2228 574 289 629 758 758 1306 1642 1707 2188 1869 830 1744 629 2277 2014 1318 1818 859 1886 621 572 1565 1280 2314 84 2119 1675 399 1269 1803 2096 1792 2440 1504 2317 1061 1319 1975 1382 569 1744 570 633 2353 1263 1264 1126 2024 497 0 1320 749 1268 1658 1818 1817 1744 146 2141 1869 1604 1985
995 1176 1427 861 1692 1661 1444 962 294 1171 1574 739 538 768 1156 1003 110 340 1261 1530 906 1030 756 813 815 180 944 1009 1490 1171 631 1046 961 1579 1329 114 1214 596 1188 778 903 868 327 1616 1240 1421 978 972 316 1105 1398 1215 1742 806 1619 311 366 1277 178 901 1046 941 965 1655 153 232 292 1326 976 1281 0 814 316 960 1214 1213 1046 1168 1443 1171 906 1287
1187 644 1619 290 1885 1854 1636 1154 544 639 1766 124 486 274 624 1196 794 787 1453 1722 335 498 439 44 44 800 1137 1202 1683 1363 325 1239 390 1771 1522 812 1588 354 1380 461 332 1060 774 1808 708 1613 1170 655 764 1297 1591 1407 1934 999 1812 685 813 1470 877 330 1239 624 394 1848 757 758 620 1518 405 749 814 0 763 1152 1588 1587 1238 636 1636 1364 1098 1479
943 1163 1376 810 1641 1610 1392 910 243 1158 1522 688 486 717 1144 952 395 45 1209 1478 854 1018 704 761 763 165 893 958 1439 1119 580 995 909 1527 1278 230 1344 545 1136 727 852 816 33 1564 1228 1369 926 921 93 1053 1347 1163 1690 755 1568 441 143 1226 242 849 995 889 913 1604 283 123 168 1274 925 1268 316 763 0 908 1344 1343 995 1155 1392 1120 854 1235
58 1553 1271 1199 1075 1505 1287 805 690 1547 1417 1077 876 1106 1533 290 940 932 1104 1373 1243 1407 1093 1150 1152 946 788 72 1334 1014 969 890 1298 1422 392 957 1733 934 1031 1116 1241 283 920 1459 1617 627 137 1310 909 948 1242 374 1585 650 1463 830 958 1121 1022 1238 890 1279 1303 1499 902 903 766 1169 1314 1658 960 1152 908 0 1733 1733 890 1544 1287 1015 80 516
1239 1179 1671 1036 1936 1905 1688 1206 596 1173 1818 983 782 1012 1159 1247 664 838 1505 1774 1111 1033 1000 1057 1059 748 1188 1253 1734 1415 875 1290 1166 1823 1573 682 1181 840 1432 1022 1108 1111 826 1860 1243 1665 1221 1216 815 1349 1642 1459 1986 1050 1863 420 865 1521 747 1106 1290 1185 1170 1899 627 800 672 1570 1034 1284 684 1058 814 1204 0 1180 1290 1170 1687 1415 1150 1531
1239 1179 1671 1036 1936 1905 1688 1206 596 1173 1817 983 782 1012 1159 1247 664 838 1504 1773 1111 1033 1000 1057 1059 748 1188 1253 1734 1415 875 1290 1166 1823 1573 682 1181 840 1432 1022 1108 1111 826 1860 1243 1665 1221 1216 815 1349 1642 1459 1985 1050 1863 419 865 1521 747 1106 1290 1185 1170 1899 627 800 672 1570 1034 1284 684 1058 814 1203 1181 0 1290 1170 1687 1415 1150 1530
925 1639 428 1285 1135 662 445 118 776 1634 574 1163 962 1193 1619 933 1026 1019 1191 530 1330 1493 1180 1237 1239 1032 421 939 1420 172 1055 79 1385 580 1259 1044 1820 1020 1118 1203 1327 797 1006 617 1703 1351 907 1396 995 106 399 1145 742 354 620 917 1045 1207 1109 1325 79 1365 1389 656 989 990 852 327 1400 1744 1046 1238 995 890 1820 1819 0 1631 444 172 836 1217
1579 78 2012 386 2277 2246 2028 1547 937 97 2158 628 878 520 320 1588 1186 1179 1845 2114 461 176 603 644 644 1192 1529 1594 2075 1755 717 1631 516 2163 1900 1204 1704 746 1772 596 458 1452 1167 2200 105 2005 1562 374 1156 1690 1983 1679 2326 1391 2204 947 1205 1862 1269 456 1631 544 520 2240 1149 1150 1012 1910 384 146 1206 636 1155 1544 1704 1704 1631 0 2028 1756 1490 1871
1322 2036 162 1683 869 396 358 516 1173 2031 309 1561 1359 1590 2017 1331 1423 1416 1588 265 1727 1891 1577 1634 1636 1429 818 1336 1817 322 1453 444 1782 314 1657 1441 2217 1418 1515 1600 1725 1195 1404 351 2101 1628 1305 1794 1393 381 133 1542 477 752 354 1314 1442 1604 1506 1722 444 1762 1786 390 1386 1387 1249 240 1798 2141 1443 1636 1392 1287 2217 2216 444 2028 0 321 1233 1494
1050 1764 305 1411 1011 539 321 244 901 1759 451 1289 1087 1318 1745 1059 1151 1144 1316 407 1455 1619 1305 1362 1364 1157 546 1064 1545 86 1181 172 1510 456 1385 1169 1945 1146 1243 1328 1453 923 1132 493 1829 1476 1033 1522 1121 109 276 1270 619 480 497 1042 1170 1332 1234 1450 172 1490 1514 533 1114 1115 977 203 1526 1869 1171 1364 1120 1015 1945 1944 172 1756 321 0 961 1342
115 1499 1217 1145 1129 1451 1234 752 636 1494 1363 1023 822 1052 1479 236 886 878 1050 1319 1189 1353 1040 1097 1099 892 734 129 1280 960 915 836 1245 1369 449 904 1679 880 977 1062 1187 229 866 1406 1563 685 98 1256 855 895 1188 335 1531 596 1409 777 905 1067 968 1184 836 1225 1249 1445 849 850 712 1116 1260 1604 906 1098 854 80 1679 1679 836 1490 1233 961 0 573
490 1698 1416 1344 674 1650 1432 950 835 1692 1562 1222 1021 1251 1678 458 1085 1077 1249 1518 1388 1552 1238 1295 1297 1091 933 558 1479 1159 1114 1035 1443 1567 469 1102 1878 1079 1176 1261 1386 291 1065 1604 1762 152 572 1455 1054 1093 1387 643 1730 795 1608 975 1103 1266 1167 1383 1035 1424 1448 1644 1047 1048 911 1314 1459 1803 1105 1297 1053 535 1878 1878 1035 1689 1432 1160 501 0
EOF