NAME : tsp_problem
TYPE : TSP
DIMENSION : 70
EDGE_WEIGHT_TYPE : EXPLICIT
EDGE_WEIGHT_FORMAT : FULL_MATRIX
EDGE_WEIGHT_SECTION
0 1100 1711 1642 1162 1081 1305 1505 1425 1233 641 1570 1042 1278 1842 1789 1681 1211 1207 1236 1641 1360 1342 1991 731 1783 1164 1769 1307 1417 1235 1447 1088 1651 1216 1362 1036 1726 1451 1492 548 1378 1633 1756 1635 1798 1274 1633 1162 1749 1338 1550 1294 1506 1736 1112 1757 1734 1620 1296 1235 1637 1282 1414 1479 1458 1212 2229 1416 1660
1100 0 863 1248 768 687 911 1110 1031 838 859 1176 648 1684 1448 1394 1287 817 813 388 794 513 948 1597 1116 1389 770 1375 913 1023 388 1053 694 803 368 968 642 878 1057 1098 1176 984 785 908 1241 950 879 785 768 994 944 702 446 658 889 77 1003 979 1226 902 388 1243 888 1020 1085 1064 818 1381 1022 1265
2508 2114 0 2655 2176 1705 1711 2518 2439 2246 2266 1395 2056 3092 2855 2802 2694 2225 1652 2249 2655 2374 2356 3005 2524 2797 2177 2783 2320 2431 2249 2460 1749 2664 2229 2376 2049 2739 2464 2505 2583 2392 2647 2769 2648 2812 2287 2647 2176 2855 1694 2564 2308 2520 89 2126 2864 2841 1446 2310 2249 2650 2296 2427 2492 2472 1647 3243 2430 2673
1642 1248 1858 0 815 1228 1452 182 383 447 1400 1717 695 1697 676 412 304 865 1355 1383 1789 1508 468 693 1657 407 508 767 374 277 1383 445 1235 1798 1363 322 642 1873 1104 187 1717 298 1781 1903 633 1946 927 1780 815 1989 1486 1698 1441 1653 1884 1260 1998 1975 1768 380 1383 635 935 1067 477 1111 1360 2376 1069 283
1162 768 1378 815 0 749 973 678 599 406 921 1238 158 1131 1015 962 854 249 875 903 1309 1028 516 1165 1178 957 337 943 480 591 903 620 756 1319 883 536 209 1394 357 665 1238 552 1301 1424 808 1466 311 1301 67 1510 1006 1218 962 1174 1404 780 1518 1495 1288 470 903 810 189 320 652 365 880 1897 322 833
1081 687 1297 1228 749 0 335 1091 1012 819 839 735 629 1665 1428 1375 1267 798 237 822 1228 947 929 1578 1097 1370 750 1356 893 1004 822 1033 118 1237 802 949 623 1312 1037 1078 1156 965 1220 1342 1222 1385 860 1220 749 1428 368 1137 881 1093 1323 699 1437 1414 785 883 822 1223 869 1000 1065 1045 242 1816 1003 1246
1305 911 1521 1452 973 335 0 1315 1236 1043 1063 597 853 1889 1652 1518 1491 1022 228 1046 1452 1171 1153 1800 1321 1513 974 1580 1117 1228 1046 1257 247 1461 1026 1173 847 1536 1261 1302 1380 1189 1444 1566 1446 1609 1084 1444 973 1652 114 1361 1105 1317 1547 923 1661 1638 647 1107 1046 1447 1093 1224 1289 1269 222 2040 1227 1470
1505 1110 1721 182 678 1091 1315 0 246 310 1263 1580 558 1594 593 329 221 727 1218 1246 1652 1370 331 610 1520 324 370 630 237 140 1245 307 1098 1661 1226 185 505 1736 967 99 1580 160 1643 1766 496 1808 789 1643 678 1852 1348 1560 1304 1516 1746 1122 1861 1837 1631 243 1246 497 798 930 340 974 1222 2239 932 200
1425 1031 1641 383 599 1012 1236 246 0 274 1184 1501 479 1515 794 530 422 648 1138 1166 1572 1291 252 811 1441 524 291 764 347 274 1166 442 1019 1581 1146 105 425 1656 887 233 1501 295 1564 1687 630 1729 710 1564 599 1773 1269 1481 1225 1437 1667 1043 1781 1758 1551 164 1166 632 719 850 474 895 1143 2160 852 401
1233 838 1449 447 406 819 1043 310 274 0 991 1308 286 1322 646 594 486 455 946 974 1380 1098 316 795 1248 588 142 573 111 221 973 251 826 1389 954 211 233 1464 695 297 1308 182 1371 1494 439 1536 518 1371 406 1580 1076 1288 1032 1244 1474 850 1589 1565 1359 144 974 441 526 658 283 702 950 1967 660 465
641 859 1469 1400 921 839 1063 1263 1184 991 0 1329 801 1202 1600 1547 1439 970 966 994 1400 1119 1101 1749 285 1542 922 1527 1065 1176 994 1205 846 1409 974 1120 794 1484 1209 1250 345 1137 1392 1514 1393 1557 1032 1392 921 1600 1097 1309 1052 1264 1495 871 1609 1586 1379 1055 994 1395 1041 1172 1237 1217 971 1987 1174 1418
1203 809 1419 1350 871 396 620 1213 1134 941 961 0 751 1787 1550 1497 1389 920 522 944 1350 1069 1051 1699 1218 1492 872 1477 1015 1126 944 1155 403 1359 924 1070 744 1434 1159 1200 1278 1087 1342 1464 1343 1507 982 1342 871 1550 653 1259 1002 1215 1445 821 1559 1536 758 1005 944 1345 991 1122 1187 1167 527 1937 1124 1368
1042 648 1258 695 158 629 853 558 479 286 801 1118 0 1132 895 842 734 207 755 783 1189 908 396 1044 1058 837 217 822 360 471 783 500 636 1198 763 415 89 1273 446 545 1118 432 1181 1304 688 1346 269 1181 158 1390 886 1098 842 1054 1284 660 1398 1375 1168 350 783 690 278 409 532 454 760 1777 411 713
1549 1155 1765 1163 602 1136 1360 1065 986 793 1308 1625 603 0 1333 1069 1055 772 1262 1290 1696 1415 903 1350 1565 1064 724 1329 867 978 1290 1007 1143 1706 1270 923 596 1780 830 1052 1500 939 1688 1811 1195 1853 834 1688 602 1897 1393 1605 1349 1561 1791 1167 1905 1882 1675 857 1290 1197 661 793 1039 837 1267 2284 795 1034
1842 1448 2058 676 1015 1428 1652 593 794 646 1600 1917 895 1867 0 290 568 1065 1555 1583 1989 1708 879 178 1857 297 751 194 573 614 1583 507 1435 1998 1563 733 842 2073 1304 598 1917 575 1981 2103 280 2146 1127 1981 1016 2189 1686 1898 1641 1853 2084 1460 2198 2175 1968 752 1583 229 1136 1267 539 1312 1560 2576 1269 547
1789 1394 2005 412 962 1375 1478 329 530 594 1547 1864 842 1603 290 0 304 1011 1501 1530 1935 1654 615 307 1804 33 654 455 521 424 1529 591 1382 1945 1510 469 789 2020 1251 334 1864 444 1927 2050 541 2092 1073 1927 962 2136 1429 1844 1588 1800 2030 1406 2144 2121 1915 527 1529 490 1082 1214 623 1258 1506 2523 1216 283
1681 1287 1897 304 854 1267 1465 221 422 486 1439 1756 734 1589 568 304 0 904 1394 1422 1828 1547 507 585 1696 298 547 733 413 316 1422 484 1274 1837 1402 361 681 1912 1143 226 1756 337 1820 1942 672 1985 966 1819 854 2028 1415 1737 1480 1692 1923 1299 2037 2014 1807 419 1422 674 974 1106 516 1150 1399 2415 1108 96
1211 817 1428 865 249 798 1022 727 648 455 970 1287 207 1301 1065 1011 904 0 924 953 1358 1077 565 1214 1227 1006 387 992 529 640 952 670 805 1368 933 585 259 1443 362 715 1287 601 1350 1473 858 1515 93 1350 249 1559 1055 1267 1011 1223 1453 829 1567 1544 1337 519 952 859 350 245 702 370 929 1946 248 882
1207 813 1424 1355 875 237 228 1218 1138 946 966 538 755 1791 1555 1501 1394 924 0 949 1354 1073 1055 1704 1223 1496 877 1482 1020 1130 948 1160 149 1364 929 1075 749 1439 1164 1205 1283 1091 1346 1469 1348 1511 987 1346 875 1555 261 1263 1007 1219 1449 825 1563 1540 589 1009 948 1350 995 1127 1192 1171 46 1942 1129 1373
1236 388 522 1383 903 822 1046 1246 1166 974 994 1311 783 1820 1583 1530 1422 953 949 0 452 171 1083 1732 1251 1524 905 1510 1048 1158 79 1188 829 462 82 1103 777 537 1192 1233 1311 1119 444 567 1376 609 1015 444 903 653 1079 361 105 317 547 400 661 638 1362 1037 78 1378 1023 1155 1220 1199 953 1040 1157 1401
2550 2156 2767 2698 2218 1747 1753 2560 2481 2288 2309 1438 2098 3134 2898 2844 2737 2267 1695 2291 0 2416 2398 3047 2566 2839 2220 2825 2363 2473 2291 2503 1791 2707 2272 2418 2092 2782 2507 2548 2626 2434 2689 2812 2691 2854 2330 2689 2218 2898 1736 2606 2350 2562 132 2168 2906 2883 1488 2352 2291 2693 2338 2470 2535 2514 1689 3285 2472 2716
1360 513 399 1508 1028 947 1171 1370 1291 1098 1119 1436 908 1944 1708 1654 1547 1077 1073 171 330 0 1208 1857 1376 1649 1030 1635 1173 1283 172 1313 954 339 175 1228 902 414 1317 1358 1436 1244 322 444 1501 487 1140 322 1028 530 1204 239 109 195 425 525 539 516 1486 1162 172 1503 1148 1280 1345 1324 1078 917 1282 1526
1342 948 1558 468 516 929 1153 331 252 316 1101 1418 396 1432 879 615 507 565 1055 1083 1489 1208 0 896 1358 610 208 849 389 360 1083 527 936 1499 1063 189 343 1574 804 318 1418 380 1481 1604 715 1646 627 1481 516 1690 1186 1398 1142 1354 1584 960 1698 1675 1468 205 1083 717 636 767 559 812 1060 2077 770 486
1991 1597 2207 693 1165 1578 1759 610 811 795 1749 2067 1044 1884 178 307 585 1214 1704 1732 2138 1857 896 0 2006 314 900 343 723 705 1732 656 1584 2147 1712 750 991 2222 1453 615 2066 724 2130 2252 429 2295 1276 2130 1165 2338 1710 2047 1791 2003 2233 1609 2347 2324 2117 808 1732 378 1285 1416 688 1461 1709 2725 1418 564
731 1116 1726 1657 1178 1097 1321 1520 1441 1248 285 1586 1058 1068 1857 1804 1696 1227 1223 1251 1657 1376 1358 2006 0 1799 1179 1784 1322 1433 1251 1462 1103 1666 1231 1378 1051 1741 1466 1507 211 1394 1649 1771 1650 1814 1289 1649 1178 1857 1354 1566 1310 1522 1752 1128 1866 1843 1636 1312 1251 1652 1298 1429 1494 1474 1228 2244 1432 1675
1783 1389 1999 407 957 1370 1473 324 524 588 1542 1859 837 1597 297 33 298 1006 1496 1524 1930 1649 610 314 1799 0 649 462 516 419 1524 586 1377 1939 1504 463 784 2014 1245 329 1859 439 1922 2045 548 2087 1068 1922 957 2131 1423 1839 1583 1795 2025 1401 2139 2116 1909 522 1524 497 1077 1208 618 1253 1501 2518 1210 277
1164 770 1380 508 337 750 974 370 291 142 922 1239 217 1254 751 654 547 387 877 905 1311 1030 208 900 1179 649 0 678 216 326 905 356 757 1320 885 228 164 1395 626 358 1239 287 1303 1425 544 1468 449 1303 338 1511 1008 1220 963 1175 1406 782 1520 1497 1290 205 905 546 458 589 388 634 882 1898 591 525
1769 1375 1985 767 943 1356 1580 630 764 573 1527 1845 822 1859 194 455 733 992 1482 1510 1916 1635 849 343 1784 462 678 0 501 541 1510 434 1362 1925 1490 703 769 2000 1231 617 1844 502 1908 2030 207 2073 1054 1908 943 2116 1613 1825 1569 1781 2011 1387 2125 2102 1895 679 1510 156 1063 1194 466 1239 1487 2503 1196 712
1307 913 1523 374 480 893 1117 237 347 111 1065 1382 360 1397 573 521 413 529 1020 1048 1454 1173 389 723 1322 516 216 501 0 149 1048 178 900 1463 1028 284 307 1538 769 224 1382 110 1445 1568 366 1610 592 1445 480 1654 1151 1362 1106 1318 1549 925 1663 1639 1433 217 1048 368 600 732 210 776 1024 2041 734 392
1417 1023 1633 277 591 1004 1228 140 274 221 1176 1493 471 1507 614 424 316 640 1130 1158 1564 1283 360 705 1433 419 326 541 149 0 1158 219 1011 1574 1138 214 418 1649 879 127 1493 72 1556 1679 407 1721 702 1556 591 1765 1261 1473 1217 1429 1659 1035 1773 1750 1543 272 1158 409 711 842 251 887 1135 2152 844 295
1235 388 522 1383 903 822 1046 1245 1166 973 994 1311 783 1819 1583 1529 1422 952 948 79 453 172 1083 1732 1251 1524 905 1510 1048 1158 0 1188 829 462 82 1103 777 537 1192 1233 1311 1119 445 567 1376 610 1014 445 903 653 1079 362 105 317 548 400 662 639 1361 1037 79 1378 1023 1155 1220 1199 953 1040 1157 1401
1447 1053 1663 445 620 1033 1257 307 442 251 1205 1522 500 1537 507 591 484 670 1160 1188 1594 1313 527 656 1462 586 356 434 178 219 1188 0 1040 1603 1168 381 447 1678 909 295 1522 180 1586 1708 300 1751 732 1585 620 1794 1291 1503 1246 1458 1689 1065 1803 1780 1573 357 1188 302 740 872 61 916 1165 2181 874 463
1088 694 1304 1235 756 118 247 1098 1019 826 846 655 636 1672 1435 1382 1274 805 149 829 1235 954 936 1584 1103 1377 757 1362 900 1011 829 1040 0 1244 809 956 629 1319 1044 1085 1163 972 1227 1349 1228 1392 867 1227 756 1435 280 1144 888 1100 1330 706 1444 1421 706 890 829 1230 876 1007 1072 1052 154 1822 1009 1253
2527 2133 2744 2675 2195 1724 1730 2537 2458 2265 2286 1415 2075 3111 2875 2821 2714 2244 1671 2268 2674 2393 2375 3024 2543 2816 2197 2802 2340 2450 2268 2480 1768 0 2249 2395 2069 2759 2484 2525 2603 2411 2666 2789 2668 2831 2306 2666 2195 2875 1713 2583 2327 2539 109 2145 2883 2860 1465 2329 2268 2670 2315 2447 2512 2491 1666 3262 2449 2693
1216 368 526 1363 883 802 1026 1226 1146 954 974 1291 763 1800 1563 1510 1402 933 929 82 456 175 1063 1712 1231 1504 885 1490 1028 1138 82 1168 809 466 0 1083 757 541 1172 1213 1291 1099 448 571 1356 613 995 448 884 657 1060 365 109 321 551 380 665 642 1342 1017 82 1358 1004 1135 1200 1180 933 1044 1137 1381
1362 968 1578 322 536 949 1173 185 105 211 1120 1438 415 1452 733 469 361 585 1075 1103 1509 1228 189 750 1378 463 228 703 284 214 1103 381 956 1518 1083 0 362 1593 824 172 1437 234 1501 1623 569 1666 647 1501 536 1709 1206 1418 1162 1374 1604 980 1718 1695 1488 100 1103 571 656 787 413 832 1080 2097 789 340
1036 642 1252 642 209 623 847 505 425 233 794 1112 89 1126 842 789 681 259 749 777 1183 902 343 991 1051 784 164 769 307 418 777 447 629 1192 757 362 0 1267 498 492 1111 378 1175 1297 635 1340 321 1175 210 1383 880 1092 836 1048 1278 654 1392 1369 1162 297 777 637 330 461 479 506 754 1770 463 660
1726 878 218 1873 1394 1312 1536 1736 1656 1464 1484 1550 1273 2310 2073 2020 1912 1443 1439 537 149 414 1574 2222 1741 2014 1395 2000 1538 1649 537 1678 1319 158 541 1593 1267 0 1682 1723 1801 1609 451 131 1866 173 1505 451 1394 237 1570 368 474 324 244 890 245 222 1600 1528 537 1868 1514 1645 1710 1690 1443 523 1647 1891
1451 1057 1667 1104 357 1037 1261 967 887 695 1209 1526 446 1359 1304 1212 1143 362 1164 1192 1598 1317 804 1453 1466 1206 626 1231 769 879 1192 909 1044 1607 1172 824 498 1682 0 954 1526 840 1589 1712 1097 1754 425 1589 357 1798 1295 1506 1250 1462 1693 1069 1807 1783 1577 758 1192 1099 253 313 941 88 1168 2185 316 1122
1492 1098 1708 187 665 1078 1302 99 233 297 1250 1567 545 1582 598 334 226 715 1205 1233 1639 1358 318 615 1507 329 358 617 224 127 1233 295 1085 1648 1213 172 492 1723 954 0 1567 148 1631 1753 483 1796 777 1630 665 1839 1336 1548 1291 1503 1734 1110 1848 1825 1618 230 1233 485 785 917 327 961 1210 2226 919 205
548 1176 1786 1717 1238 1156 1380 1580 1501 1308 345 1646 1118 886 1917 1864 1756 1287 1283 1311 1717 1436 1418 2066 211 1859 1239 1844 1382 1493 1311 1522 1163 1726 1291 1437 1111 1801 1526 1567 0 1454 1709 1831 1710 1874 1349 1709 1238 1724 1414 1626 1369 1581 1812 1188 1733 1709 1696 1372 1311 1712 1358 1489 1554 1534 1288 2304 1491 1735
1378 984 1594 298 552 965 1189 160 295 182 1137 1454 432 1468 575 444 337 601 1091 1119 1525 1244 380 724 1394 439 287 502 110 72 1119 180 972 1534 1099 234 378 1609 840 148 1454 0 1517 1640 368 1682 663 1517 552 1726 1222 1434 1178 1390 1620 996 1734 1711 1504 288 1119 370 672 803 212 848 1096 2113 805 315
1633 785 436 1781 1301 1220 1444 1643 1564 1371 1392 1709 1181 2217 1981 1927 1820 1350 1346 444 367 322 1481 2130 1649 1922 1303 1908 1445 1556 445 1586 1227 376 448 1501 1175 451 1589 1631 1709 1517 0 481 1774 524 1412 60 1301 567 1477 121 382 152 462 798 576 553 1759 1435 444 1775 1421 1553 1618 1597 1351 955 1555 1798
1756 908 248 1903 1424 1342 1566 1766 1687 1494 1514 1580 1304 2340 2103 2050 1942 1473 1469 567 179 444 1604 2252 1771 2045 1425 2030 1568 1679 567 1708 1349 188 571 1623 1297 131 1712 1753 1831 1640 481 0 1896 103 1535 481 1424 205 1600 398 504 354 274 920 181 201 1630 1558 567 1898 1544 1675 1740 1720 1474 634 1677 1921
1635 1241 1851 633 808 1222 1446 496 630 439 1393 1711 688 1725 280 541 672 858 1348 1376 1782 1501 715 429 1650 548 544 207 366 407 1376 300 1228 1791 1356 569 635 1866 1097 483 1710 368 1774 1896 0 1939 920 1774 809 1982 1479 1691 1435 1647 1877 1253 1991 1968 1761 545 1376 75 929 1060 332 1105 1353 2369 1062 651
1798 950 290 1946 1466 1385 1609 1808 1729 1536 1557 1622 1346 2382 2146 2092 1985 1515 1511 609 221 487 1646 2295 1814 2087 1468 2073 1610 1721 610 1751 1392 231 613 1666 1340 173 1754 1796 1874 1682 524 103 1939 0 1577 524 1466 289 1642 441 547 397 316 963 265 285 1672 1600 609 1940 1586 1718 1783 1762 1516 677 1720 1963
1274 879 1490 927 311 860 1084 789 710 518 1032 1349 269 1363 1127 1073 966 93 987 1015 1421 1140 627 1276 1289 1068 449 1054 592 702 1014 732 867 1430 995 647 321 1505 425 777 1349 663 1412 1535 920 1577 0 1412 311 1621 1118 1329 1073 1285 1516 892 1630 1606 1400 581 1015 922 412 308 764 432 991 2008 310 945
1633 785 436 1780 1301 1220 1444 1643 1564 1371 1392 1709 1181 2217 1981 1927 1819 1350 1346 444 367 322 1481 2130 1649 1922 1303 1908 1445 1556 445 1585 1227 376 448 1501 1175 451 1589 1630 1709 1517 60 481 1774 524 1412 0 1301 567 1477 121 382 152 462 797 576 553 1759 1435 444 1775 1421 1552 1618 1597 1351 954 1555 1798
1162 768 1379 815 67 749 973 678 599 406 921 1238 158 1131 1016 962 854 249 875 903 1309 1028 516 1165 1178 957 338 943 480 591 903 620 756 1319 884 536 210 1394 357 665 1238 552 1301 1424 809 1466 311 1301 0 1510 1006 1218 962 1174 1404 780 1518 1495 1288 470 903 810 189 320 653 365 880 1897 322 833
1749 994 334 1989 1510 1428 1652 1852 1773 1580 1600 1666 1390 2426 2189 2136 2028 1559 1555 653 265 530 1690 2338 1857 2131 1511 2116 1654 1765 653 1794 1435 274 657 1709 1383 237 1798 1839 1724 1726 567 205 1982 289 1621 567 1510 0 1686 484 590 440 360 1006 76 53 1716 1644 653 1984 1630 1761 1826 1806 1560 740 1763 2007
1338 944 1555 1486 1006 368 114 1348 1269 1076 1097 630 886 1922 1686 1469 1455 1055 261 1079 1485 1204 1186 1750 1354 1464 1008 1613 1151 1261 1079 1291 280 1495 1060 1206 880 1570 1295 1336 1414 1222 1477 1600 1479 1642 1118 1477 1006 1686 0 1394 1138 1350 1580 956 1694 1671 680 1140 1079 1481 1126 1258 1323 1302 256 2073 1260 1434
1550 702 353 1698 1218 1137 1361 1560 1481 1288 1309 1626 1098 2134 1898 1844 1737 1267 1263 361 284 239 1398 2047 1566 1839 1220 1825 1362 1473 362 1503 1144 293 365 1418 1092 368 1506 1548 1626 1434 121 398 1691 441 1329 121 1218 484 1394 0 299 69 379 715 493 470 1676 1352 361 1692 1338 1470 1535 1514 1268 872 1472 1715
1294 446 459 1441 962 881 1105 1304 1225 1032 1052 1370 842 1878 1641 1588 1480 1011 1007 105 390 109 1142 1791 1310 1583 963 1569 1106 1217 105 1246 888 399 109 1162 836 474 1250 1291 1369 1178 382 504 1435 547 1073 382 962 590 1138 299 0 255 485 458 599 576 1420 1096 105 1436 1082 1213 1278 1258 1012 977 1216 1459
1506 658 309 1653 1174 1093 1317 1516 1437 1244 1264 1582 1054 2090 1853 1800 1692 1223 1219 317 240 195 1354 2003 1522 1795 1175 1781 1318 1429 317 1458 1100 249 321 1374 1048 324 1462 1503 1581 1390 152 354 1647 397 1285 152 1174 440 1350 69 255 0 335 670 449 426 1632 1308 317 1648 1294 1425 1490 1470 1224 827 1428 1671
2434 2040 2650 2581 2102 1630 1636 2444 2365 2172 2192 1321 1982 3018 2781 2728 2620 2151 1578 2175 2581 2300 2282 2930 2449 2723 2103 2708 2246 2357 2175 2386 1675 2590 2155 2301 1975 2665 2390 2431 2509 2318 2573 2695 2574 2738 2213 2572 2102 2781 1620 2490 2233 2445 0 2052 2790 2767 1372 2236 2175 2576 2222 2353 2418 2398 1573 3168 2355 2599
1112 77 875 1260 780 699 923 1122 1043 850 871 1188 660 1696 1460 1406 1299 829 825 400 806 525 960 1609 1128 1401 782 1387 925 1035 400 1065 706 815 380 980 654 890 1069 1110 1188 996 798 920 1253 963 892 797 780 1006 956 715 458 670 901 0 1015 992 1238 914 400 1255 900 1032 1097 1076 830 1393 1034 1278
1757 1003 343 1998 1518 1437 1661 1861 1781 1589 1609 1674 1398 2434 2198 2144 2037 1567 1563 661 273 539 1698 2347 1866 2139 1520 2125 1663 1773 662 1803 1444 283 665 1718 1392 245 1807 1848 1733 1734 576 181 1991 265 1630 576 1518 76 1694 493 599 449 368 1015 0 61 1725 1652 662 1993 1638 1770 1835 1814 1568 749 1772 2016
1734 979 319 1975 1495 1414 1638 1837 1758 1565 1586 1651 1375 2411 2175 2121 2014 1544 1540 638 250 516 1675 2324 1843 2116 1497 2102 1639 1750 639 1780 1421 259 642 1695 1369 222 1783 1825 1709 1711 553 201 1968 285 1606 553 1495 53 1671 470 576 426 345 992 61 0 1701 1629 638 1969 1615 1747 1812 1791 1545 725 1749 1992
1148 754 1364 1295 816 341 565 1158 1079 886 906 653 696 1732 1495 1442 1334 865 467 889 1295 1014 996 1644 1163 1437 817 1422 960 1071 889 1100 348 1304 869 1015 689 1379 1104 1145 1223 1032 1287 1409 1288 1452 927 1287 816 1495 598 1204 947 1159 1390 766 1504 1481 0 950 889 1290 936 1067 1132 1112 472 1882 1069 1313
1296 902 1513 380 470 883 1107 243 164 144 1055 1372 350 1386 752 527 419 519 1009 1037 1443 1162 205 808 1312 522 205 679 217 272 1037 357 890 1453 1017 100 297 1528 758 230 1372 288 1435 1558 545 1600 581 1435 470 1644 1140 1352 1096 1308 1538 914 1652 1629 1422 0 1037 547 590 721 389 766 1014 2031 724 398
1235 388 522 1383 903 822 1046 1246 1166 974 994 1311 783 1819 1583 1529 1422 952 948 78 453 172 1083 1732 1251 1524 905 1510 1048 1158 79 1188 829 462 82 1103 777 537 1192 1233 1311 1119 444 567 1376 609 1015 444 903 653 1079 361 105 317 548 400 662 638 1361 1037 0 1378 1023 1155 1220 1199 953 1040 1157 1401
1637 1243 1853 635 810 1223 1447 497 632 441 1395 1712 690 1727 229 490 674 859 1350 1378 1784 1503 717 378 1652 497 546 156 368 409 1378 302 1230 1793 1358 571 637 1868 1099 485 1712 370 1775 1898 75 1940 922 1775 810 1984 1481 1692 1436 1648 1879 1255 1993 1969 1763 547 1378 0 930 1062 334 1106 1354 2371 1064 653
1282 888 1499 935 189 869 1093 798 719 526 1041 1358 278 1191 1136 1043 974 350 995 1023 1429 1148 636 1285 1298 1038 458 1063 600 711 1023 740 876 1439 1004 656 330 1514 253 785 1358 672 1421 1544 929 1586 412 1421 189 1630 1126 1338 1082 1294 1524 900 1638 1615 1408 590 1023 930 0 301 773 260 1000 2017 303 953
1414 1020 1630 1067 320 1000 1224 930 850 658 1172 1489 409 1322 1267 1175 1106 245 1127 1155 1561 1280 767 1416 1429 1169 589 1194 732 842 1155 872 1007 1570 1135 787 461 1645 313 917 1489 803 1553 1675 1060 1718 308 1552 320 1761 1258 1470 1213 1425 1656 1032 1770 1747 1540 721 1155 1062 301 0 904 321 1132 2148 94 1085
1479 1085 1695 477 652 1065 1289 340 474 283 1237 1555 532 1569 539 623 516 702 1192 1220 1626 1345 559 688 1494 618 388 466 210 251 1220 61 1072 1635 1200 413 479 1710 941 327 1554 212 1618 1740 332 1783 764 1618 653 1826 1323 1535 1278 1490 1721 1097 1835 1812 1605 389 1220 334 773 904 0 949 1197 2213 906 495
1458 1064 1675 1111 365 1045 1269 974 895 702 1217 1534 454 1367 1312 1219 1150 370 1171 1199 1605 1324 812 1461 1474 1214 634 1239 776 887 1199 916 1052 1615 1180 832 506 1690 88 961 1534 848 1597 1720 1105 1762 432 1597 365 1806 1302 1514 1258 1470 1700 1076 1814 1791 1584 766 1199 1106 260 321 949 0 1176 2193 323 1129
1212 818 1428 1360 880 242 222 1222 1143 950 971 533 760 1796 1560 1506 1399 929 46 953 1359 1078 1060 1709 1228 1501 882 1487 1024 1135 953 1165 154 1369 933 1080 754 1443 1168 1210 1288 1096 1351 1474 1353 1516 991 1351 880 1560 256 1268 1012 1224 1454 830 1568 1545 583 1014 953 1354 1000 1132 1197 1176 0 1947 1134 1377
2229 1381 721 2376 1897 1816 2040 2239 2160 1967 1987 2053 1777 2813 2576 2523 2415 1946 1942 1040 652 917 2077 2725 2244 2518 1898 2503 2041 2152 1040 2181 1822 661 1044 2097 1770 523 2185 2226 2304 2113 955 634 2369 677 2008 954 1897 740 2073 872 977 827 747 1393 749 725 2103 2031 1040 2371 2017 2148 2213 2193 1947 0 2151 2394
1416 1022 1632 1069 322 1003 1227 932 852 660 1174 1492 411 1324 1269 1177 1108 248 1129 1157 1563 1282 770 1418 1432 1172 591 1196 734 844 1157 874 1009 1572 1137 789 463 1647 316 919 1491 805 1555 1677 1062 1720 310 1555 322 1763 1260 1472 1216 1428 1658 1034 1772 1749 1542 724 1157 1064 303 94 906 323 1134 2151 0 1087
1660 1265 1876 283 833 1246 1443 200 401 465 1418 1735 713 1568 547 283 96 882 1373 1401 1807 1526 486 564 1675 277 525 712 392 295 1401 463 1253 1816 1381 340 660 1891 1122 205 1735 315 1798 1921 651 1963 945 1798 833 2007 1394 1715 1459 1671 1902 1278 2016 1992 1786 398 1401 653 953 1085 495 1129 1377 2394 1087 0
EOF