NAME : tsp_problem
TYPE : TSP
DIMENSION : 24
EDGE_WEIGHT_TYPE : EXPLICIT
EDGE_WEIGHT_FORMAT : FULL_MATRIX
EDGE_WEIGHT_SECTION
0 245 227 311 174 194 422 106 252 235 477 103 177 535 482 516 272 419 204 137 556 546 498 538
245 0 97 423 288 308 534 159 55 347 589 215 105 649 594 628 142 531 156 139 670 660 610 652
227 97 0 405 338 358 516 142 104 304 547 197 87 673 576 610 97 513 213 121 718 709 569 700
311 423 405 0 324 273 193 285 430 249 579 234 356 351 253 287 450 190 453 315 472 462 352 454
174 288 338 324 0 70 435 217 272 346 589 214 288 411 495 529 383 432 179 248 432 422 511 414
194 308 358 273 70 0 384 238 293 357 609 235 309 360 444 478 403 381 200 268 381 371 460 363
422 534 516 193 435 384 0 395 541 359 532 344 466 355 127 161 561 64 564 426 387 394 296 459
106 159 142 285 217 238 395 0 166 209 451 77 92 553 455 489 186 392 248 52 598 588 471 580
252 55 104 430 272 293 541 166 0 354 596 222 112 633 601 635 149 538 140 146 654 645 617 636
235 347 304 249 346 357 359 209 354 0 371 205 279 517 419 453 301 356 377 239 638 628 305 620
350 221 175 453 462 482 563 265 228 245 0 321 210 721 623 657 172 560 336 244 842 832 509 824
103 215 197 234 214 235 344 77 222 205 448 0 148 502 404 438 242 342 245 107 547 537 420 529
177 105 87 356 288 309 466 92 112 279 522 148 0 624 526 560 132 463 220 71 669 659 542 651
535 649 673 351 411 360 355 553 633 517 847 502 624 0 255 235 718 353 540 583 206 196 614 188
482 594 576 253 495 444 127 455 601 419 625 404 526 255 0 78 621 124 624 486 287 293 389 363
516 628 610 287 529 478 161 489 635 453 659 438 560 235 78 0 655 158 658 520 267 274 423 343
272 142 97 450 383 403 561 186 149 301 544 242 132 718 621 655 0 558 258 166 763 754 566 745
419 531 513 190 432 381 64 392 538 356 529 342 463 353 124 158 558 0 561 423 384 391 293 456
204 156 213 453 179 200 564 248 140 377 620 245 220 540 624 658 258 561 0 254 562 552 640 544
137 139 121 315 248 268 426 52 146 239 481 107 71 583 486 520 166 423 254 0 628 619 502 610
562 676 725 478 438 387 387 604 661 644 882 553 675 212 286 267 770 384 568 634 0 62 646 130
552 667 715 469 429 378 394 595 651 635 889 544 666 202 293 274 760 391 558 625 62 0 653 120
365 477 435 467 476 497 577 339 484 259 283 336 410 735 637 671 432 574 507 369 856 846 0 838
549 663 712 465 425 374 402 591 648 631 897 540 662 199 302 282 757 400 555 622 59 49 661 0
EOF