NAME : tsp_problem
TYPE : TSP
DIMENSION : 30
EDGE_WEIGHT_TYPE : EXPLICIT
EDGE_WEIGHT_FORMAT : FULL_MATRIX
EDGE_WEIGHT_SECTION
0 559 858 762 1899 986 1684 1826 949 481 1471 854 1794 879 153 332 1172 418 1684 350 509 1991 983 852 188 1174 509 181 271 650
559 0 805 709 1846 1039 1631 1773 895 324 1418 801 1740 826 621 352 1119 806 1631 290 455 1938 1036 799 576 1120 352 704 383 902
858 805 0 183 1451 647 1236 1378 241 727 1023 96 1345 121 920 654 413 530 1236 596 388 1543 644 145 764 415 755 1004 682 510
762 709 183 0 1355 551 1140 1282 274 631 927 179 1249 204 824 558 497 434 1140 500 292 1447 548 177 668 499 659 908 586 414
1855 1802 1407 1311 0 1679 548 433 1497 1724 540 1403 658 1428 1917 1651 1721 1562 548 1593 1385 559 1676 1401 1796 1723 1752 2001 1679 1542
986 1039 647 551 1723 0 1508 1650 738 961 1295 643 1618 668 1048 888 961 583 1508 830 622 1815 428 641 816 963 989 1131 916 563
1641 1587 1192 1096 548 1464 0 475 1282 1509 325 1188 332 1213 1702 1436 1506 1347 107 1378 1170 640 1461 1186 1581 1508 1537 1786 1464 1327
1783 1729 1334 1238 433 1607 475 0 1425 1651 467 1330 585 1355 1844 1578 1648 1490 475 1520 1312 526 1603 1328 1723 1650 1679 1928 1606 1470
949 895 241 274 1541 738 1326 1468 0 817 1113 237 1436 262 1010 744 555 621 1326 686 478 1633 735 161 854 557 845 1094 772 601
481 324 727 631 1768 961 1553 1695 817 0 1340 723 1662 748 543 274 1040 728 1553 212 377 1860 958 721 498 1042 75 626 304 824
1427 1374 979 883 540 1251 325 467 1069 1296 0 975 434 1000 1489 1223 1293 1134 325 1165 957 632 1248 973 1368 1295 1324 1573 1251 1114
854 801 96 179 1446 643 1232 1374 237 723 1018 0 1341 75 916 650 349 526 1232 592 384 1539 640 141 760 351 751 1000 678 506
1750 1697 1302 1206 658 1574 332 585 1392 1619 434 1297 0 1323 1812 1546 1615 1457 333 1488 1280 750 1571 1296 1690 1617 1647 1896 1574 1437
879 826 121 204 1472 668 1257 1399 262 748 1044 75 1366 0 941 675 323 551 1257 617 409 1564 665 166 785 325 776 1025 703 531
153 621 920 824 1961 1048 1746 1888 1010 543 1533 916 1855 941 0 394 1234 479 1746 412 570 2053 1045 914 250 1236 571 185 332 711
332 352 654 558 1695 888 1480 1622 744 274 1267 650 1589 675 394 0 967 579 1480 103 304 1787 885 648 349 969 302 478 156 751
1172 1119 413 497 1764 961 1549 1691 555 1040 1336 349 1659 323 1234 967 0 844 1550 909 702 1857 958 459 1077 54 1069 1318 996 824
418 806 530 434 1606 583 1391 1533 621 728 1178 526 1501 551 479 579 844 0 1391 597 505 1698 580 524 248 846 756 563 517 247
1641 1587 1192 1096 548 1465 107 475 1283 1509 325 1188 333 1213 1702 1436 1506 1348 0 1378 1170 641 1461 1186 1581 1508 1537 1786 1464 1328
350 290 596 500 1637 830 1422 1564 686 212 1209 592 1531 617 412 103 909 597 1422 0 246 1729 827 590 367 911 240 495 173 693
509 455 388 292 1429 622 1214 1356 478 377 1001 384 1323 409 570 304 702 505 1214 246 0 1521 619 382 526 703 405 654 332 485
1948 1894 1499 1403 559 1772 640 526 1590 1816 632 1495 750 1520 2010 1743 1813 1655 641 1685 1477 0 1769 1493 1888 1815 1844 2093 1771 1635
983 1036 644 548 1720 428 1505 1647 735 958 1292 640 1614 665 1045 885 958 580 1505 827 619 1812 0 638 813 960 986 1128 913 560
852 799 145 177 1445 641 1230 1372 161 721 1017 141 1339 166 914 648 459 524 1230 590 382 1537 638 0 758 461 749 998 676 504
188 576 764 668 1840 816 1625 1767 854 498 1412 760 1734 785 250 349 1077 248 1625 367 526 1932 813 758 0 1079 526 334 288 480
1174 1120 415 499 1766 963 1551 1693 557 1042 1338 351 1661 325 1236 969 54 846 1551 911 703 1858 960 461 1079 0 1070 1319 997 826
509 352 755 659 1796 989 1581 1723 845 75 1368 751 1690 776 571 302 1069 756 1581 240 405 1888 986 749 526 1070 0 655 333 852
181 704 1004 908 2045 1131 1830 1972 1094 626 1617 1000 1939 1025 185 478 1318 563 1830 495 654 2137 1128 998 334 1319 655 0 354 795
271 383 682 586 1723 916 1508 1650 772 304 1295 678 1617 703 332 156 996 517 1508 173 332 1815 913 676 288 997 333 354 0 749
650 902 510 414 1586 563 1371 1513 601 824 1158 506 1481 531 711 751 824 247 1371 693 485 1678 560 504 480 826 852 795 749 0
EOF