NAME : tsp_problem
TYPE : TSP
DIMENSION : 32
EDGE_WEIGHT_TYPE : EXPLICIT
EDGE_WEIGHT_FORMAT : FULL_MATRIX
EDGE_WEIGHT_SECTION
0 245 1564 1818 1362 186 1958 1679 1322 414 1784 1581 1855 1673 1771 261 947 743 1363 1411 538 1367 1367 1822 1771 1684 1975 1661 1975 537 2040 1907
245 0 1414 1669 1212 277 1808 1529 1173 265 1634 1431 1706 1523 1621 457 797 593 1213 1261 389 1217 1217 1673 1622 1534 1825 1511 1825 387 1891 1757
1607 1457 0 781 441 1638 920 607 401 1224 712 285 818 601 734 1819 1594 1391 442 243 1296 446 446 785 699 612 937 588 938 1295 1003 834
1862 1712 781 0 696 1893 481 858 656 1479 963 798 85 852 91 2073 1849 1645 696 629 1551 701 700 115 951 863 498 752 498 1550 563 516
1405 1256 441 696 0 1437 835 556 127 1022 661 458 733 550 648 1617 1392 1189 71 288 1094 75 75 700 649 561 852 538 852 1093 918 784
186 277 1595 1850 1393 0 1989 1710 1354 446 1815 1612 1887 1704 1802 318 978 760 1394 1442 570 1398 1398 1854 1803 1715 2006 1692 2006 568 2072 1938
2001 1852 920 481 835 2033 0 929 796 1618 1034 938 518 923 433 2213 1988 1785 836 768 1690 840 840 485 1022 934 105 488 50 1689 276 252
1723 1573 607 858 556 1754 929 0 517 1339 537 624 896 38 811 1934 1709 1506 557 454 1411 561 561 862 524 54 908 484 946 1410 974 730
1366 1216 401 656 127 1397 796 517 0 983 622 419 693 511 609 1578 1353 1149 128 249 1055 132 132 660 609 522 813 499 813 1054 878 745
414 265 1180 1435 978 446 1574 1296 939 0 1401 1198 1472 1290 1388 626 563 360 979 1028 155 984 983 1439 1388 1301 1591 1277 1592 154 1657 1523
1828 1678 712 963 661 1859 1034 537 622 1444 0 729 1001 531 916 2039 1815 1611 662 559 1517 666 666 968 95 542 1013 589 1052 1516 1079 835
1625 1475 285 798 458 1656 938 624 419 1241 729 0 835 618 751 1836 1611 1408 459 260 1313 463 463 802 716 629 955 606 955 1312 1020 852
1899 1749 818 85 733 1930 518 896 693 1516 1001 835 0 890 117 2111 1886 1683 734 666 1588 738 738 83 988 901 535 789 535 1587 600 553
1717 1567 601 852 550 1748 923 38 511 1333 531 618 890 0 805 1928 1704 1500 551 448 1406 555 555 856 518 47 902 478 941 1404 968 724
1815 1665 734 91 648 1846 433 811 609 1431 916 751 117 805 0 2026 1801 1598 649 581 1503 653 653 95 903 816 450 705 451 1502 516 469
261 457 1775 2030 1573 318 2169 1891 1534 626 1996 1792 2067 1885 1983 0 1010 745 1574 1623 750 1578 1578 2034 1983 1896 2186 1872 2186 749 2252 2118
947 797 1550 1805 1349 978 1945 1666 1309 563 1771 1568 1842 1660 1758 1010 0 473 1349 1398 635 1354 1354 1809 1758 1671 1961 1647 1962 634 2027 1894
743 593 1347 1602 1145 760 1741 1462 1106 360 1568 1364 1639 1457 1554 745 473 0 1146 1195 432 1150 1150 1606 1555 1467 1758 1444 1758 431 1824 1690
1406 1256 442 696 71 1437 836 557 128 1023 662 459 734 551 649 1618 1393 1190 0 289 1095 76 75 700 649 562 853 539 853 1094 918 785
1455 1305 243 629 288 1486 768 454 249 1072 559 260 666 448 581 1666 1442 1238 289 0 1144 294 293 633 547 459 785 436 785 1143 851 682
538 389 1252 1507 1051 570 1647 1368 1011 155 1473 1270 1544 1362 1460 750 635 432 1051 1100 0 1056 1056 1511 1460 1373 1663 1349 1664 110 1729 1596
1410 1261 446 701 75 1442 840 561 132 1027 666 463 738 555 653 1622 1397 1194 76 294 1099 0 80 705 654 566 857 543 857 1098 923 789
1410 1261 446 700 75 1442 840 561 132 1027 666 463 738 555 653 1622 1397 1194 75 293 1099 80 0 704 654 566 857 543 857 1098 922 789
1866 1716 785 115 700 1897 485 862 660 1483 968 802 83 856 95 2077 1853 1649 700 633 1555 705 704 0 955 867 502 756 502 1554 567 520
1815 1665 699 951 649 1846 1022 524 609 1432 95 716 988 518 903 2027 1802 1598 649 547 1504 654 654 955 0 529 1000 576 1039 1503 1066 822
1728 1578 612 863 561 1759 934 54 522 1344 542 629 901 47 816 1939 1714 1511 562 459 1417 566 566 867 529 0 913 489 952 1415 979 735
2018 1869 937 498 852 2049 105 908 813 1635 1013 955 535 902 450 2230 2005 1802 853 785 1707 857 857 502 1000 913 0 467 88 1706 198 231
1704 1555 588 752 538 1735 488 484 499 1321 589 606 789 478 705 1916 1691 1488 539 436 1393 543 543 756 576 489 467 0 506 1392 533 289
2019 1869 938 498 852 2050 50 946 813 1635 1052 955 535 941 451 2230 2005 1802 853 785 1707 857 857 502 1039 952 88 506 0 1706 259 270
537 387 1251 1506 1050 568 1645 1367 1010 154 1472 1269 1543 1361 1459 749 634 431 1050 1099 110 1055 1054 1510 1459 1372 1662 1348 1663 0 1728 1594
2084 1934 1003 563 918 2115 276 974 878 1701 1079 1020 600 968 516 2295 2071 1867 918 851 1773 923 922 567 1066 979 198 533 259 1772 0 297
1950 1801 834 516 784 1982 252 730 745 1567 835 852 553 724 469 2162 1937 1734 785 682 1639 789 789 520 822 735 231 289 270 1638 297 0
EOF