NAME : tsp_problem
TYPE : TSP
DIMENSION : 30
EDGE_WEIGHT_TYPE : EXPLICIT
EDGE_WEIGHT_FORMAT : FULL_MATRIX
EDGE_WEIGHT_SECTION
0 434 644 399 1030 584 946 288 585 580 492 544 435 633 401 888 1593 740 891 593 293 349 387 1372 313 822 905 396 583 443
362 0 775 570 1162 393 1071 420 756 389 663 165 66 764 572 1013 1725 866 1017 763 197 292 518 1503 163 986 1030 567 386 575
854 1245 0 1098 428 1349 707 603 1129 1345 1192 1288 1246 273 1100 820 991 516 823 1137 1104 1160 589 770 1125 1293 837 1208 1192 470
399 570 888 0 1275 719 1190 533 244 715 140 680 570 877 60 1132 1838 985 1136 252 429 485 598 1616 449 470 1149 240 719 688
1030 1357 1022 1275 0 1427 549 779 1305 1423 1368 1366 1358 449 1276 898 633 529 901 1313 1281 1337 765 411 1284 1469 915 1384 1270 646
584 393 1113 719 1427 0 1141 758 905 59 813 503 393 1102 721 1083 1991 936 1087 913 353 284 856 1769 319 1142 1100 717 320 913
946 1071 948 1190 549 1141 0 705 1221 1137 1283 1080 1072 501 1192 611 1112 243 615 1229 1032 1126 691 890 998 1384 629 1299 984 636
288 680 392 533 779 829 705 0 563 825 626 790 680 381 535 757 1342 500 760 571 539 595 135 1120 559 727 774 642 829 192
585 756 918 244 1305 905 1221 563 0 901 337 866 756 908 246 1162 1868 1015 1166 156 614 671 628 1647 635 576 1180 426 905 718
580 389 1109 715 1423 59 1137 753 901 0 809 499 389 1098 717 1079 1987 931 1083 909 349 280 852 1765 315 1138 1096 713 316 909
860 1025 1214 507 1601 1174 1516 859 570 1170 0 1135 1025 1203 508 1458 2164 1311 1462 578 884 940 923 1942 904 417 1475 700 1174 1014
223 165 635 579 1022 503 938 280 683 499 672 0 166 625 581 879 1585 732 883 691 307 402 378 1364 273 847 897 576 496 435
363 66 775 570 1162 393 1072 420 756 389 664 166 0 765 572 1014 1725 866 1017 764 197 292 518 1504 164 987 1031 568 386 575
633 1024 624 877 449 1128 501 381 908 1124 970 1067 1025 0 879 598 1012 295 602 915 883 939 367 790 903 1071 616 986 971 248
401 572 890 60 1276 721 1192 535 246 717 141 682 572 879 0 1134 1840 986 1138 254 431 487 599 1618 451 470 1151 242 721 690
888 1013 1000 1132 898 1083 611 757 1162 1079 1225 1022 1014 598 1134 0 1461 406 71 1170 973 1068 743 1239 940 1326 91 1241 926 734
1593 1921 1585 1838 633 1991 1112 1342 1868 1987 1931 1929 1921 1012 1840 1461 0 1093 1464 1876 1844 1900 1328 614 1847 2032 1478 1947 1834 1209
740 866 742 985 529 936 243 500 1015 931 1078 874 866 295 986 406 1093 0 409 1023 826 921 486 871 792 1179 423 1094 779 431
891 1017 1003 1136 901 1087 615 761 1166 1083 1229 1026 1017 602 1138 71 1464 409 0 1174 977 1072 746 1243 943 1330 91 1245 930 738
593 763 926 252 1313 913 1228 571 156 909 345 874 764 915 254 1170 1876 1023 1174 0 622 678 636 1654 642 584 1187 434 913 726
293 197 894 429 1281 353 1032 539 614 349 522 307 197 883 431 973 1844 826 977 622 0 150 637 1622 76 851 991 426 346 694
349 292 950 485 1337 284 1126 595 671 280 578 402 292 939 487 1068 1900 921 1072 678 150 0 693 1678 171 908 1085 482 441 750
387 778 329 598 719 928 691 135 628 924 691 888 779 367 599 743 1282 486 746 636 637 693 0 1060 657 792 760 740 927 178
1372 1699 1363 1616 411 1769 890 1120 1647 1765 1709 1708 1700 790 1618 1239 614 871 1243 1654 1622 1678 1106 0 1626 1810 1256 1725 1612 987
313 163 883 449 1270 319 998 528 635 315 542 273 164 872 451 940 1833 792 943 642 76 171 626 1611 0 872 957 446 312 683
557 728 891 216 1277 877 1193 535 246 873 309 838 728 880 218 1135 1840 987 1138 254 587 643 600 1619 607 0 1152 398 877 691
905 1030 1017 1149 915 1100 629 774 1180 1096 1242 1039 1031 616 1151 91 1478 423 91 1188 991 1085 760 1256 957 1343 0 1258 943 751
396 567 997 240 1384 717 1299 642 426 713 333 677 568 986 242 1241 1947 1094 1245 434 426 482 740 1725 446 663 1258 0 716 797
716 518 1223 852 1407 209 1121 868 1037 205 945 628 519 1108 853 1063 1970 915 1066 1045 478 428 966 1749 445 1274 1080 849 0 1023
443 835 435 688 646 985 636 192 718 980 781 945 835 248 690 734 1209 431 738 726 694 750 178 987 714 882 751 797 984 0
EOF