NAME : tsp_problem
TYPE : TSP
DIMENSION : 20
EDGE_WEIGHT_TYPE : EXPLICIT
EDGE_WEIGHT_FORMAT : FULL_MATRIX
EDGE_WEIGHT_SECTION
0 803 661 442 708 223 389 613 558 1087 487 395 321 752 651 832 684 796 532 388
803 0 627 1052 371 999 1000 731 397 527 578 624 878 75 403 494 526 45 972 999
661 627 0 547 567 857 818 142 555 653 583 625 502 589 604 288 140 631 447 817
442 1052 547 0 979 572 495 479 859 1162 825 769 212 1001 989 797 649 1045 284 494
708 371 567 979 0 814 928 670 324 707 264 413 806 321 90 460 465 365 900 927
223 999 857 572 814 0 389 810 754 1283 593 433 451 949 757 1029 881 992 661 189
249 860 659 336 787 378 0 611 667 1106 634 577 215 809 797 830 683 853 425 300
613 731 142 479 670 810 771 0 658 756 686 725 433 692 707 391 243 734 379 770
558 397 555 859 324 754 808 658 0 732 337 379 686 346 307 485 490 390 780 806
1087 527 653 1162 707 1283 1246 756 732 0 917 959 1033 560 744 397 551 530 1061 1245
487 578 583 825 264 593 774 686 337 917 0 192 652 527 207 670 607 571 746 761
395 624 625 769 413 433 718 725 379 959 192 0 595 573 355 712 649 617 690 600
321 878 502 212 806 451 374 433 686 1116 652 595 0 828 815 751 603 871 267 373
752 75 583 1001 321 949 950 686 346 560 527 573 828 0 353 450 481 68 922 949
651 403 604 989 90 757 938 707 307 744 207 355 815 353 0 497 503 397 910 924
832 494 288 797 460 1029 990 391 485 397 670 712 751 482 497 0 186 498 696 989
684 526 140 649 465 881 842 243 490 551 607 649 603 487 503 186 0 529 548 841
796 45 627 1045 365 992 994 730 390 530 571 617 871 68 397 494 525 0 966 992
532 972 447 284 900 661 585 379 780 1061 746 690 267 922 910 696 548 966 0 584
388 999 817 494 927 189 311 770 806 1245 761 600 373 949 924 989 841 992 584 0
EOF