NAME : tsp_problem
TYPE : TSP
DIMENSION : 58
EDGE_WEIGHT_TYPE : EXPLICIT
EDGE_WEIGHT_FORMAT : FULL_MATRIX
EDGE_WEIGHT_SECTION
0 741 767 772 757 822 788 855 755 286 403 420 576 128 553 655 769 749 225 500 607 326 313 641 396 689 227 199 613 485 514 689 413 760 326 778 822 658 476 232 333 211 755 592 736 99 643 737 827 415 604 733 735 727 796 349 803 488
741 0 578 1325 809 725 1341 757 87 670 1096 1096 881 821 1106 1020 821 561 604 1053 741 730 1006 452 950 501 920 771 773 1038 808 741 967 812 1019 681 725 1211 1030 904 813 759 567 403 788 728 454 803 764 988 656 785 787 576 827 753 828 1042
767 578 0 1113 463 325 1129 358 523 696 1025 1122 633 848 894 757 445 93 631 841 478 687 1033 158 776 209 885 774 510 826 559 478 793 470 1046 281 325 999 857 864 839 762 121 205 477 754 241 535 365 831 393 489 481 368 428 711 428 830
772 1325 1113 0 819 1064 80 1096 1270 726 452 650 530 689 256 415 831 1125 813 314 737 655 543 1149 421 1060 589 716 743 318 580 822 405 822 620 998 1002 136 335 568 812 729 1012 1099 798 823 1014 739 890 436 764 796 797 972 858 631 865 315
757 753 463 819 0 285 835 317 698 601 910 1075 413 783 600 436 90 475 620 600 337 574 944 500 661 412 772 662 249 605 392 120 678 101 957 219 224 705 742 750 829 649 362 451 77 744 365 112 111 716 281 75 76 323 80 598 87 626
816 738 325 1064 285 0 1079 64 684 669 978 1143 587 852 845 681 267 337 680 795 432 643 1012 441 730 279 840 730 464 780 513 365 747 292 1026 103 89 950 810 819 888 718 224 402 298 803 311 357 186 785 347 311 303 324 250 666 250 784
788 1341 1129 80 835 1079 0 1112 1286 741 439 637 546 705 272 431 847 1141 829 330 753 670 530 1164 437 1076 605 732 759 334 595 838 421 838 607 1014 1018 152 350 583 828 744 1028 1115 814 839 1030 755 905 422 780 811 813 987 874 646 881 331
848 771 358 1096 317 64 1112 0 716 701 1011 1176 619 884 877 713 299 370 712 827 464 675 1045 473 762 311 872 762 496 812 545 397 779 324 1058 135 121 982 842 851 921 750 257 434 331 835 344 389 219 817 379 343 335 356 282 698 282 816
755 87 523 1270 754 670 1286 702 0 684 1053 1110 827 835 1051 965 766 506 618 998 687 675 1020 398 895 446 873 762 718 983 753 686 912 757 1033 626 670 1156 975 852 827 750 512 348 733 742 400 749 709 933 601 731 732 522 773 699 773 987
286 670 696 726 601 669 741 701 684 0 488 544 372 252 507 512 613 679 116 453 391 110 437 571 350 619 308 131 397 439 298 536 367 604 450 625 669 612 430 263 363 119 615 521 580 277 573 522 672 368 418 578 579 574 640 134 647 442
403 1096 1025 452 910 978 439 1011 1110 488 0 228 531 318 455 610 922 1037 575 455 700 417 121 997 293 972 304 440 706 440 580 845 278 913 198 935 978 361 207 330 440 452 924 948 889 454 925 831 981 229 727 887 888 883 950 393 956 393
420 1096 1122 650 1075 1143 637 1176 1110 544 228 0 702 335 652 781 1087 1105 580 625 865 545 216 997 491 1045 350 457 871 610 751 1010 475 1078 292 1099 1143 558 405 403 322 469 1089 947 1054 471 999 996 1146 427 892 1052 1053 1048 1115 521 1121 591
576 881 633 530 413 587 546 619 827 372 531 702 0 494 311 181 425 645 459 258 256 345 565 668 283 580 393 433 262 243 99 416 300 417 578 543 586 416 363 372 616 421 532 619 392 620 533 334 484 338 283 390 392 491 453 369 459 247
128 821 848 689 783 852 705 884 835 252 318 335 494 0 470 573 795 830 305 417 573 292 228 722 314 770 142 165 579 402 480 718 331 786 241 808 851 575 394 195 248 177 797 673 762 179 724 704 854 332 601 760 761 756 823 313 829 406
553 1106 894 256 600 845 272 877 1051 507 455 652 311 470 0 197 612 906 594 95 518 435 542 929 259 841 370 497 524 99 361 603 276 604 555 779 784 142 315 349 593 509 793 880 579 604 795 521 671 314 545 577 578 752 640 412 646 223
655 1020 757 415 436 681 431 713 965 512 610 781 181 573 197 0 448 769 600 197 380 486 644 792 362 703 472 573 386 201 246 439 379 439 657 615 620 301 442 451 695 561 656 742 415 706 657 357 507 417 407 413 414 615 476 509 482 326
769 734 445 831 90 267 847 299 680 613 922 1087 425 795 612 448 0 457 633 613 349 586 956 482 674 393 784 674 261 617 404 132 690 97 969 201 205 717 754 762 841 662 344 432 89 756 347 124 93 729 293 87 88 305 62 610 68 638
749 561 93 1125 475 337 1141 370 506 679 1037 1105 645 830 906 769 457 0 613 853 490 670 1015 140 788 221 868 757 522 838 571 490 805 482 1028 293 337 1011 869 846 821 745 133 188 489 736 253 547 377 843 405 501 493 380 440 693 440 842
225 604 631 813 620 686 829 718 618 116 575 580 459 305 594 600 633 613 0 541 479 197 490 505 437 553 395 218 484 526 385 553 454 624 504 642 686 699 518 351 297 206 619 456 600 212 507 609 691 456 468 597 599 591 660 221 667 529
500 1053 841 314 600 795 330 827 998 453 455 625 258 417 95 197 613 853 541 0 465 382 489 876 206 788 317 444 471 99 307 603 223 604 502 751 784 200 286 295 540 456 740 827 580 551 742 521 671 261 492 577 579 699 640 358 647 170
607 741 478 737 337 432 753 464 687 391 700 865 256 573 518 380 349 490 479 465 0 365 734 514 452 425 562 452 133 450 183 299 469 340 748 388 432 623 532 541 725 440 377 464 316 639 379 258 408 507 129 314 315 337 377 388 383 453
326 751 689 655 574 643 670 675 765 110 417 545 345 292 435 486 586 701 197 382 365 0 409 651 279 636 237 171 371 367 271 510 296 578 423 599 643 540 359 215 443 159 588 602 553 358 590 495 645 297 392 551 553 547 614 107 620 371
313 1006 1033 543 944 1012 530 1045 1020 437 121 216 565 228 542 644 956 1015 490 489 734 409 0 907 384 955 214 350 740 474 614 879 368 947 108 968 1012 451 298 267 350 362 958 858 923 364 909 865 1015 320 761 921 922 917 984 386 990 477
641 452 158 1149 576 438 1165 470 398 571 940 997 668 722 930 792 557 140 505 877 514 561 907 0 782 213 759 649 545 862 595 514 799 583 920 394 438 1035 862 738 713 637 236 80 560 628 167 576 477 820 429 558 559 289 540 585 540 865
396 950 776 421 661 730 437 762 895 350 293 491 283 314 259 362 674 788 437 206 452 279 384 782 0 723 213 341 458 191 332 597 120 665 398 686 730 307 153 192 436 353 675 732 641 447 677 582 732 158 479 638 640 634 701 255 708 195
689 501 209 1060 417 279 1076 311 446 619 972 1045 580 770 841 704 399 221 553 788 425 610 955 213 723 0 808 697 457 773 506 425 740 424 968 235 279 946 804 786 762 685 108 164 430 676 74 488 318 778 340 443 435 201 382 633 382 777
227 920 887 589 772 840 605 872 934 308 304 350 393 142 370 472 784 899 395 317 562 237 214 821 213 833 0 244 568 302 442 707 230 775 227 796 840 475 294 95 264 256 786 771 751 278 787 692 843 232 589 749 750 745 811 213 818 306
199 771 776 716 662 730 732 762 786 131 440 457 433 165 497 573 674 780 218 444 452 171 350 672 341 720 244 0 458 429 359 597 358 665 363 686 730 602 421 176 370 55 675 623 641 250 674 582 732 359 479 638 640 634 701 194 708 433
613 773 510 743 249 464 759 496 718 397 706 871 262 579 524 386 261 522 484 471 133 371 740 545 458 457 568 458 0 456 188 251 475 252 753 420 432 629 538 547 731 446 409 496 228 645 410 169 319 513 160 225 227 368 288 394 295 459
485 1038 826 318 605 780 334 812 983 439 440 610 243 402 99 201 617 838 526 99 450 367 474 862 191 773 302 429 456 0 293 608 208 608 487 736 780 204 272 281 525 442 725 812 584 536 727 526 676 246 477 582 583 684 645 344 651 155
514 808 559 580 392 513 595 545 753 298 580 751 99 480 361 246 404 571 385 307 183 271 614 594 332 506 442 359 188 293 0 380 349 396 627 469 513 466 412 421 632 347 458 545 371 546 460 313 463 387 210 369 370 417 432 295 438 296
689 741 478 822 120 365 838 397 686 536 845 1010 416 718 603 439 132 490 553 603 299 510 879 513 597 425 707 597 251 608 380 0 614 124 893 299 304 708 677 686 762 585 377 464 99 676 379 115 191 652 214 97 99 336 160 533 166 629
413 967 793 405 678 747 421 779 912 367 278 475 300 331 276 379 690 805 454 223 469 296 368 799 120 740 230 358 475 208 349 614 0 682 415 703 747 291 137 209 453 370 692 749 658 464 694 599 749 175 496 655 657 651 718 272 725 212
760 760 470 822 101 292 838 324 705 604 913 1078 417 786 604 439 97 482 624 604 340 578 947 507 665 419 775 665 252 608 396 124 682 0 961 226 231 708 745 754 832 653 369 458 80 747 372 116 118 720 284 78 80 330 87 601 93 629
326 1019 1046 620 957 1026 607 1058 1033 450 198 292 578 241 555 657 969 1028 504 502 748 423 108 920 398 968 227 363 753 487 627 893 415 961 0 982 1026 528 375 281 363 375 971 871 936 377 922 878 1028 373 775 934 935 930 997 399 1003 491
772 694 281 998 219 103 1014 135 640 625 935 1099 543 808 779 615 201 293 636 751 388 599 968 397 686 235 796 686 420 736 469 299 703 226 982 0 81 884 766 775 845 674 180 358 233 759 267 291 121 741 303 245 237 280 184 622 184 740
816 738 325 1002 224 89 1018 121 684 669 978 1143 586 851 784 620 205 337 680 784 432 643 1012 441 730 279 840 730 432 780 513 304 747 231 1026 81 0 888 810 819 888 718 224 402 237 803 311 296 125 785 347 250 241 323 188 666 189 783
658 1211 999 136 705 950 152 982 1156 612 361 558 416 575 142 301 717 1011 699 200 623 540 451 1035 307 946 475 602 629 204 466 708 291 708 528 884 888 0 221 454 698 614 898 985 684 709 900 625 776 344 650 682 683 857 744 517 751 201
476 1030 857 335 742 810 350 842 975 430 207 405 363 394 315 442 754 869 518 286 532 359 298 862 153 803 294 421 538 272 412 677 137 745 375 766 810 221 0 272 516 433 756 813 721 528 757 662 813 190 559 719 720 715 781 335 788 253
232 904 865 568 750 819 583 851 918 263 330 403 372 195 349 451 762 877 351 295 541 215 267 805 192 812 95 176 547 281 421 686 209 754 281 775 819 454 272 0 318 188 764 756 730 283 766 671 821 210 568 727 729 723 790 191 796 284
333 813 839 812 829 895 828 927 827 363 440 322 616 248 593 695 841 821 297 540 725 443 350 713 436 762 264 370 731 525 632 762 453 832 363 851 895 698 516 318 0 382 828 664 808 324 715 824 900 454 676 806 807 799 869 436 875 528
211 759 764 729 649 718 744 750 773 119 452 469 421 177 509 561 662 768 206 456 440 159 362 660 353 708 256 55 446 442 347 585 370 653 375 674 718 614 433 188 382 0 663 611 629 262 662 570 720 371 467 626 628 622 689 182 696 445
755 567 121 1012 362 224 1028 257 512 615 924 1089 532 797 793 656 344 133 619 740 377 588 958 236 675 108 786 675 409 725 458 377 692 369 971 180 224 898 756 764 828 663 0 230 376 742 140 434 264 730 292 388 380 267 327 612 327 729
592 403 205 1099 526 388 1115 421 348 521 890 947 619 673 880 743 508 188 456 827 464 512 858 80 732 164 710 599 496 812 545 464 749 533 871 344 388 985 813 689 664 587 230 0 511 579 118 527 428 771 379 508 510 240 491 536 491 816
736 766 477 798 77 298 814 331 711 580 889 1054 392 762 579 415 89 489 600 580 316 553 923 513 641 425 751 641 228 584 371 99 658 80 936 233 237 684 721 730 808 629 376 464 0 723 379 91 124 696 260 54 55 336 93 577 100 605
99 728 754 823 744 809 839 842 742 277 454 471 620 179 604 706 756 736 212 551 639 358 364 628 447 676 278 250 645 536 546 676 464 747 377 765 809 709 528 283 324 262 742 579 723 0 630 739 814 466 591 720 722 714 783 382 790 540
643 454 241 1014 441 303 1030 335 400 573 926 999 534 724 795 657 423 253 507 742 379 563 909 167 677 74 761 651 411 727 460 379 694 448 922 259 303 900 757 740 715 639 140 118 425 630 0 441 342 732 294 423 425 154 405 587 406 731
737 803 535 739 112 357 755 389 749 522 831 996 334 704 521 357 124 547 609 521 258 495 865 572 582 484 692 582 169 526 313 115 599 116 878 291 296 625 662 671 824 570 434 523 91 739 437 0 183 637 276 89 91 395 152 519 158 546
754 691 365 890 111 186 905 219 636 607 916 1081 484 789 671 507 93 377 617 671 369 580 950 438 667 318 778 667 319 676 450 191 684 118 963 121 125 776 748 756 826 655 264 389 124 741 303 183 0 722 284 137 129 261 75 604 76 696
415 1005 831 436 716 785 422 817 950 368 229 427 338 332 314 417 729 843 456 261 507 297 320 837 158 778 232 359 513 246 387 652 175 720 373 741 785 344 190 210 454 371 730 787 696 466 732 637 787 0 534 693 695 690 756 273 763 250
604 656 393 764 281 347 780 379 601 418 727 892 283 601 545 407 293 405 468 492 129 392 761 428 479 340 589 479 160 477 210 214 496 284 775 303 347 650 559 568 676 467 292 379 260 591 294 276 352 534 0 258 259 251 321 415 327 480
733 778 489 796 75 311 811 343 724 578 887 1052 390 760 577 413 87 501 597 577 314 551 921 526 638 438 749 638 225 582 369 97 655 78 934 245 250 682 719 727 806 626 388 477 54 720 391 89 137 693 258 0 53 349 106 575 112 602
735 770 481 797 76 303 813 335 715 579 888 1053 392 761 578 414 88 493 599 579 315 553 922 518 640 429 750 640 227 583 370 99 657 80 935 237 241 683 720 729 807 628 380 468 55 722 383 91 129 695 259 53 0 341 97 576 104 604
534 470 428 1049 533 575 1065 607 416 463 832 889 606 614 830 744 545 410 397 777 466 454 799 302 674 351 652 541 497 762 532 465 691 536 812 531 575 935 754 630 606 529 417 253 512 521 304 528 604 712 380 510 511 0 572 478 579 766
787 724 428 858 80 250 874 282 670 640 950 1115 453 823 640 476 62 440 651 640 377 614 984 472 701 382 811 701 288 645 432 160 718 87 997 184 188 744 781 790 860 689 327 422 93 774 337 152 75 756 318 106 97 295 0 637 58 665
349 774 713 631 598 666 646 698 788 134 393 521 369 313 412 509 610 725 221 358 388 107 386 675 255 659 213 194 394 344 295 533 272 601 399 622 666 517 335 191 436 182 612 626 577 382 613 519 669 273 415 575 576 571 637 0 644 347
794 731 428 865 87 250 881 282 676 647 956 1121 459 829 646 482 68 440 658 647 383 620 990 478 708 382 818 708 295 651 438 166 725 93 1003 184 189 751 788 796 866 696 327 429 100 781 344 158 76 763 324 112 104 301 58 644 0 672
488 1042 830 315 626 784 331 816 987 442 393 591 247 406 223 326 638 842 529 170 453 371 477 865 195 777 306 433 459 155 296 629 212 629 491 740 783 201 253 284 528 445 729 816 605 540 730 546 696 250 480 602 604 688 665 347 672 0
EOF