NAME : tsp_problem
TYPE : TSP
DIMENSION : 40
EDGE_WEIGHT_TYPE : EXPLICIT
EDGE_WEIGHT_FORMAT : FULL_MATRIX
EDGE_WEIGHT_SECTION
0 228 1006 647 98 164 1018 103 308 550 164 1039 291 976 872 111 903 974 227 174 111 648 932 823 1094 164 1026 164 227 972 1269 111 291 1096 794 1114 823 1126 308 691
228 0 903 544 298 364 915 228 205 447 364 936 188 873 769 155 800 871 124 87 155 545 829 720 991 364 923 364 124 869 1166 155 188 993 691 1011 720 1023 205 588
1006 903 0 651 1076 1142 393 1006 795 849 1142 487 888 807 1164 911 949 437 808 868 911 940 834 281 997 1142 507 1142 808 328 811 911 888 500 270 517 280 530 795 424
803 700 629 0 873 940 660 803 592 766 940 662 685 1073 1088 708 1119 704 605 665 708 864 1101 446 1263 940 774 940 605 594 1077 708 685 766 416 784 445 796 592 314
98 298 1076 717 0 148 1087 98 377 620 148 1109 360 1046 941 180 973 1043 296 244 180 718 1001 892 1163 148 1095 148 296 1041 1339 180 360 1166 863 1183 892 1196 377 761
164 364 1142 783 148 0 1154 165 444 686 53 1176 427 1112 1008 247 1040 1110 363 311 247 784 1068 959 1230 53 1162 53 363 1108 1405 247 427 1232 930 1250 959 1262 444 827
1018 915 393 681 1087 1154 0 1018 807 503 1154 503 899 462 818 923 603 92 819 880 922 595 489 365 651 1154 162 1154 819 118 466 922 899 155 336 172 365 184 807 454
103 228 1006 647 98 165 1018 0 307 550 165 1039 290 976 871 111 903 974 227 174 111 648 932 823 1094 165 1026 165 227 971 1269 111 291 1096 794 1113 823 1126 307 691
308 205 795 436 377 444 807 307 0 339 444 828 189 765 661 213 692 763 109 170 212 437 721 612 883 444 815 444 109 760 1058 212 189 885 583 903 612 915 32 480
550 447 849 610 620 686 503 550 339 0 686 959 431 462 357 455 389 459 352 412 455 134 417 786 579 686 511 686 352 563 755 455 431 582 756 599 785 612 339 654
164 364 1142 784 148 53 1154 165 444 686 0 1176 427 1112 1008 247 1040 1110 363 311 247 784 1068 959 1230 53 1162 53 363 1108 1405 247 427 1233 930 1250 959 1263 444 827
1036 933 484 680 1106 1172 500 1036 825 955 1172 0 917 914 1270 941 1056 544 838 898 941 1047 941 365 1103 1172 614 1172 838 435 918 941 917 607 336 624 365 637 825 454
291 188 888 529 360 427 899 290 189 431 427 921 0 858 753 196 785 855 108 153 195 530 813 704 975 427 907 427 108 853 1150 195 32 978 675 995 704 1008 189 572
710 607 946 769 779 846 600 709 498 195 846 1056 591 0 510 614 486 556 511 572 614 287 514 918 677 846 608 846 511 660 852 614 591 679 889 696 918 709 498 813
684 581 976 744 753 820 630 684 473 169 820 1086 565 589 0 589 516 586 485 546 588 175 544 919 707 820 638 820 485 690 882 588 565 709 890 726 919 739 473 787
111 155 911 552 180 247 923 111 213 455 247 944 196 881 777 0 808 879 132 120 41 553 837 728 999 247 931 247 132 876 1174 41 196 1001 699 1019 728 1031 212 596
849 746 895 909 919 986 550 849 638 335 986 1005 731 508 650 754 0 506 651 711 754 427 464 867 626 986 558 986 651 609 801 754 731 628 838 645 867 658 638 953
974 871 437 725 1043 1110 92 974 763 459 1110 547 855 418 774 879 560 0 776 836 879 551 445 410 607 1110 118 1110 776 151 422 878 855 170 380 188 409 200 763 498
227 124 808 449 296 363 819 227 109 352 363 841 108 778 673 132 705 776 0 89 131 450 734 625 896 363 828 363 44 773 1071 131 108 898 596 915 624 928 109 493
174 87 868 509 244 311 880 174 170 412 311 901 153 838 734 120 765 836 89 0 120 510 794 685 956 311 888 311 89 834 1131 120 153 958 656 976 685 988 170 553
111 155 911 552 180 247 922 111 212 455 247 944 195 881 776 41 808 879 131 120 0 553 837 728 999 247 931 247 131 876 1174 41 195 1001 699 1018 727 1031 212 596
905 802 1197 965 975 1042 852 905 694 391 1042 1308 787 811 274 810 738 808 707 767 810 0 766 1141 928 1042 860 1042 707 912 1103 810 787 931 1112 948 1141 961 694 1009
932 829 834 992 1001 1068 489 932 721 417 1068 944 813 448 732 837 518 445 734 794 837 509 0 807 341 1068 497 1068 734 549 740 836 813 568 778 585 807 598 721 896
823 720 281 467 892 959 365 823 612 786 959 368 704 779 1107 728 921 410 625 685 728 884 807 0 969 959 479 959 625 300 783 727 704 472 87 490 65 502 612 240
1013 910 915 1072 1082 1149 570 1012 801 498 1149 1025 894 528 813 917 598 526 814 875 917 590 259 888 0 1149 578 1149 814 629 821 917 894 648 858 666 887 678 801 976
164 364 1142 784 148 53 1154 165 444 686 53 1176 427 1112 1008 247 1040 1110 363 311 247 784 1068 959 1230 0 1162 53 363 1108 1405 247 427 1233 930 1250 959 1263 444 827
1026 923 507 795 1095 1162 162 1026 815 511 1162 617 907 470 826 931 612 118 828 888 931 603 497 479 659 1162 0 1162 828 221 474 930 907 240 450 258 479 270 815 568
164 364 1142 783 148 53 1154 165 444 686 53 1176 427 1112 1008 247 1040 1110 363 311 247 784 1068 959 1230 53 1162 0 363 1108 1405 247 427 1233 930 1250 959 1263 444 827
227 124 808 449 296 363 819 227 109 352 363 841 108 778 673 132 705 776 44 89 131 450 734 625 896 363 828 363 0 773 1071 131 108 898 595 915 624 928 109 493
972 869 328 616 1041 1108 118 971 760 563 1108 438 853 521 878 876 663 151 773 834 876 654 549 300 711 1108 221 1108 773 0 525 876 853 214 271 231 300 244 760 389
1066 963 608 896 1135 1202 262 1066 855 551 1202 718 947 510 866 971 652 218 868 928 971 643 537 580 699 1202 270 1202 868 322 0 970 947 341 551 358 580 371 855 669
111 155 911 552 180 247 922 111 212 455 247 944 195 881 776 41 808 878 131 120 41 553 836 727 999 247 930 247 131 876 1174 0 195 1001 698 1018 727 1031 212 596
291 188 888 529 360 427 899 291 189 431 427 921 32 858 753 196 785 855 108 153 195 530 813 704 975 427 907 427 108 853 1151 195 0 978 675 995 704 1008 189 573
1096 993 500 788 1166 1232 155 1096 885 582 1233 610 978 540 897 1001 682 170 898 958 1001 674 568 472 730 1233 240 1233 898 214 544 1001 978 0 443 53 472 66 885 561
794 691 270 438 863 930 336 794 583 756 930 339 675 750 1078 699 892 380 596 656 699 855 778 87 940 930 450 930 595 271 754 698 675 443 0 460 87 473 583 211
1114 1011 517 805 1183 1250 172 1113 903 599 1250 627 995 557 914 1019 699 188 915 976 1018 691 585 490 747 1250 258 1250 915 231 561 1018 995 53 460 0 489 47 902 578
823 720 280 467 892 959 365 823 612 785 959 368 704 779 1107 728 921 409 624 685 727 883 807 65 969 959 479 959 624 300 783 727 704 472 87 489 0 502 611 240
1126 1023 530 818 1196 1262 184 1126 915 612 1263 640 1008 570 927 1031 712 200 928 988 1031 704 598 502 760 1263 270 1263 928 244 574 1031 1008 66 473 47 502 0 915 591
308 205 795 436 377 444 807 307 32 339 444 828 189 765 660 212 692 763 109 170 212 437 721 612 883 444 815 444 109 760 1058 212 189 885 583 902 611 915 0 480
691 588 424 336 761 827 454 691 480 654 827 457 572 868 975 596 1007 498 493 553 596 752 896 240 1058 827 568 827 493 389 872 596 573 561 211 578 240 591 480 0
EOF