NAME : tsp_problem
TYPE : TSP
DIMENSION : 20
EDGE_WEIGHT_TYPE : EXPLICIT
EDGE_WEIGHT_FORMAT : FULL_MATRIX
EDGE_WEIGHT_SECTION
0 2221 541 2620 1193 1223 971 1219 1174 1033 1148 1917 342 1860 702 1836 1071 2034 1772 1718
2221 0 1883 1285 1745 1656 1771 1771 1687 1727 1353 880 1987 824 1608 865 1837 235 1008 954
541 1883 0 2282 1218 1247 924 1244 1198 1057 810 1579 367 1523 365 1498 990 1697 1434 1380
2620 1285 2282 0 2144 2055 1874 2170 2087 2126 1752 1279 2386 1223 2007 1517 1785 1099 1453 1399
1193 1745 1218 2144 0 223 1730 106 175 258 916 1676 920 1620 1170 1360 1796 1558 1296 1242
1223 1656 1247 2055 223 0 1641 250 166 287 827 1588 949 1531 1082 1271 1707 1470 1207 1153
971 1777 924 2109 1729 1641 0 1755 1672 1711 989 1357 1070 1301 641 1392 143 1591 1329 1275
1219 1771 1244 2170 106 250 1756 0 201 284 942 1702 946 1646 1197 1386 1822 1584 1322 1268
1174 1687 1198 2087 175 166 1672 201 0 238 858 1619 900 1563 1113 1302 1739 1501 1239 1185
1033 1727 1057 2126 258 287 1711 284 238 0 897 1658 759 1602 1152 1342 1778 1540 1278 1224
1148 1351 810 1750 916 827 996 942 858 897 0 931 914 874 535 966 1062 1165 902 848
1922 880 1584 1279 1676 1588 1346 1702 1619 1658 931 0 1688 65 1309 1049 1412 693 985 931
342 1987 367 2386 920 949 1070 946 900 759 914 1683 0 1627 528 1602 1154 1800 1538 1484
1866 824 1528 1223 1620 1531 1290 1646 1563 1602 874 65 1632 0 1253 993 1356 637 929 875
702 1608 365 2007 1170 1082 641 1197 1113 1152 535 1303 528 1247 0 1223 708 1421 1159 1105
1836 865 1498 1517 1360 1271 1386 1386 1302 1342 968 1049 1602 993 1223 0 1452 678 380 326
1071 1820 990 2020 1791 1703 143 1818 1734 1773 1032 1399 1154 1343 708 1435 0 1633 1371 1317
2034 235 1697 1099 1558 1470 1584 1584 1501 1540 1166 693 1800 637 1421 678 1650 0 822 768
1772 1008 1434 1453 1296 1207 1322 1322 1239 1278 904 985 1538 929 1159 380 1388 822 0 106
1718 954 1380 1399 1242 1153 1268 1268 1185 1224 850 931 1484 875 1105 326 1334 768 106 0
EOF