NAME : tsp_problem
TYPE : TSP
DIMENSION : 74
EDGE_WEIGHT_TYPE : EXPLICIT
EDGE_WEIGHT_FORMAT : FULL_MATRIX
EDGE_WEIGHT_SECTION
0 1212 1109 607 375 1383 1422 1172 379 156 1512 1820 214 1971 838 1088 1207 233 150 1872 1605 1398 2015 1516 2028 1217 1156 166 1870 1173 379 675 1357 228 1165 2008 1129 2074 1233 163 1497 1334 1069 1160 1349 155 124 220 214 1483 188 1345 455 1204 352 1289 767 1170 1480 534 237 259 1842 1441 1486 2008 1412 1415 1877 1460 1225 1844 1320 1520
1212 0 307 707 1306 580 620 1763 1310 1186 999 1589 1118 1458 953 1002 15 1348 1180 1359 1046 595 1501 1285 1798 1809 67 1281 1357 928 1310 1206 844 1343 57 1495 94 1560 1463 1193 983 531 1234 63 836 1270 1302 1250 1329 970 1218 832 1386 1369 1284 775 933 53 921 798 1352 1304 1611 1210 972 1494 610 613 1363 946 1817 1331 1036 1007
1109 307 0 604 1203 337 377 1661 1208 1083 896 1487 1016 1355 851 900 303 1246 1077 1256 803 352 1399 1183 1695 1706 251 1178 1254 826 1208 1104 741 1240 260 1392 224 1458 1360 1091 881 288 1132 256 733 1168 1199 1147 1227 867 1116 729 1284 1267 1181 673 830 265 678 696 1250 1202 1508 1108 870 1392 367 370 1261 844 1714 1228 934 904
607 707 604 0 701 878 917 1158 705 581 1007 1355 513 1466 398 649 702 743 575 1367 1100 893 1510 1050 1563 1204 650 676 1365 694 705 601 852 738 660 1503 624 1568 858 588 992 829 630 655 844 665 697 645 724 978 613 840 782 764 679 783 328 665 975 286 748 699 1376 976 981 1503 907 910 1371 954 1212 1339 828 1015
375 1306 1203 701 0 1477 1516 959 97 434 1606 1914 491 2065 931 1182 1301 347 428 1966 1699 1492 2109 1610 2122 1004 1249 317 1964 1267 47 546 1451 341 1259 2102 1223 2167 1020 441 1591 1428 1139 1254 1443 307 418 498 366 1577 466 1439 123 1297 70 1382 861 1264 1574 628 389 160 1936 1535 1580 2102 1506 1509 1970 1554 1012 1938 1414 1614
1383 580 337 878 1477 0 403 1934 1481 1357 1170 1760 1289 1587 1124 1173 576 1519 1351 1489 829 378 1631 1456 1969 1979 524 1452 1486 1099 1481 1377 974 1514 534 1625 497 1690 1634 1364 1154 73 1405 529 965 1441 1473 1421 1500 1141 1389 961 1557 1540 1454 905 1104 538 704 969 1523 1475 1782 1381 1143 1624 393 396 1493 1117 1988 1461 1207 1178
1422 620 377 917 1516 403 0 1973 1520 1396 990 1799 1328 1386 1163 1212 615 1558 1390 1288 628 37 1430 1495 2008 2019 563 1491 1285 1139 1520 1416 773 1553 573 1424 537 1489 1673 1403 974 354 1445 568 764 1480 1512 1460 1539 961 1428 760 1597 1579 1494 704 1143 578 503 1008 1563 1514 1821 1420 964 1423 116 19 1292 937 2027 1260 1027 998
1172 1763 1661 1158 959 1934 1973 0 963 1231 1828 1407 1172 2522 1049 960 1759 1144 1225 2424 2157 1949 2566 829 1615 113 1707 1114 2421 1050 963 785 1909 1138 1717 2560 1680 2625 467 1238 1830 1885 618 1712 1900 1104 1215 1295 1163 1799 1263 1897 1039 530 937 1840 979 1721 2032 1216 1186 957 1429 1028 1802 2559 1963 1966 2428 1792 121 2396 1622 1836
379 1310 1208 705 97 1481 1520 963 0 438 1611 1918 496 2069 936 1186 1306 351 432 1971 1704 1496 2113 1614 2126 1008 1254 322 1968 1271 101 551 1456 345 1264 2106 1227 2172 1025 445 1595 1432 1143 1259 1447 311 423 502 370 1582 470 1443 177 1302 74 1387 865 1268 1579 632 393 164 1940 1539 1584 2106 1510 1513 1975 1558 1017 1943 1418 1618
156 1186 1083 581 434 1357 1396 1231 438 0 1486 1794 188 1945 812 1062 1181 292 44 1846 1579 1372 1989 1490 2002 1276 1129 225 1844 1147 438 649 1331 287 1139 1982 1103 2047 1271 137 1471 1308 1043 1134 1323 214 246 114 273 1457 82 1319 514 1178 412 1262 741 1144 1454 508 297 318 1816 1415 1460 1982 1386 1389 1850 1434 1284 1818 1294 1494
1512 999 896 1007 1606 1170 990 1833 1611 1486 0 1534 1419 1204 897 946 994 1649 1480 1105 838 966 1247 1229 1742 1879 942 1581 1102 873 1611 1507 590 1643 952 1241 916 1306 1533 1494 329 1121 1305 947 582 1571 1602 1550 1630 38 1519 578 1687 1433 1584 521 888 957 713 1099 1653 1605 1555 1155 91 1240 980 983 1109 292 1887 1077 365 56
1815 1572 1470 1321 1909 1743 1783 1407 1914 1789 1521 0 1722 1707 1187 819 1568 1952 1784 1609 1696 1758 1751 716 405 1452 1516 1885 1606 707 1914 1753 1217 1946 1526 1745 1489 1810 1127 1797 1522 1694 891 1521 1208 1874 1905 1853 1933 1492 1822 1204 1990 936 1887 1256 1178 1530 1571 1413 1956 1908 218 442 1494 1744 1772 1776 1613 1485 1461 1581 1314 1529
214 1118 1016 513 491 1289 1328 1172 496 188 1419 1726 0 1877 744 994 1114 350 182 1779 1512 1304 1921 1422 1935 1217 1062 283 1776 1079 496 484 1264 345 1072 1915 1035 1980 1203 110 1403 1240 975 1067 1255 272 304 252 331 1390 220 1251 572 1110 469 1195 673 1076 1387 440 354 376 1748 1347 1392 1914 1318 1321 1783 1366 1226 1751 1226 1426
1971 1458 1355 1466 2065 1587 1386 2522 2069 1945 1204 1588 1877 0 1712 1761 1453 2107 1939 259 1234 1362 91 1993 1750 2568 1401 2040 685 1688 2069 1965 755 2102 1411 129 1374 263 2222 1952 1188 1538 1994 1406 746 2029 2061 2009 2088 1175 1977 742 2145 2128 2043 794 1692 1415 1109 1557 2112 2063 1563 1714 1177 84 1376 1379 692 1151 2576 135 1241 1211
838 949 846 398 931 1120 1159 1049 936 812 897 1216 744 1708 0 540 945 974 806 1610 1343 1135 1752 912 1425 1095 893 907 1607 555 936 832 1095 968 902 1745 866 1811 749 819 899 1071 520 898 1086 896 927 876 955 869 844 1082 1012 655 909 1026 132 907 1217 517 978 930 1238 837 871 1745 1149 1152 1614 862 1103 1582 691 905
1088 1009 906 649 1182 1180 1219 960 1186 1062 957 819 994 1768 540 0 1004 1225 1056 1669 1402 1195 1812 515 1027 1005 952 1157 1667 158 1187 1022 1154 1219 962 1805 926 1870 659 1069 958 1131 431 957 1146 1147 1178 1126 1206 928 1094 1142 1263 566 1160 1085 470 967 1277 767 1229 1180 841 440 931 1805 1209 1212 1673 921 1013 1641 750 965
1207 15 303 702 1301 576 615 1759 1306 1181 994 1585 1114 1453 949 998 0 1344 1176 1354 1042 591 1497 1281 1793 1804 71 1276 1352 924 1306 1202 840 1338 61 1490 98 1556 1458 1189 979 527 1230 67 831 1266 1297 1245 1325 966 1214 827 1382 1365 1279 771 928 57 917 794 1348 1300 1607 1206 968 1490 605 608 1359 942 1812 1327 1032 1002
233 1348 1246 743 347 1519 1558 1144 351 292 1649 1956 350 2107 974 1225 1344 0 287 2009 1742 1534 2151 1652 2165 1189 1292 176 2006 1309 351 731 1494 86 1302 2145 1265 2210 1205 300 1633 1470 1205 1297 1485 165 277 356 224 1620 325 1482 427 1340 325 1425 904 1306 1617 670 248 231 1978 1577 1622 2144 1548 1551 2013 1596 1197 1981 1456 1657
150 1180 1077 575 428 1351 1390 1225 432 44 1480 1788 182 1939 806 1056 1176 287 0 1840 1574 1366 1983 1484 1996 1270 1124 219 1838 1141 432 643 1326 281 1133 1976 1097 2042 1265 131 1465 1302 1037 1129 1317 208 240 108 268 1452 76 1313 508 1172 406 1257 735 1138 1448 502 291 312 1810 1409 1454 1976 1380 1383 1845 1428 1278 1813 1288 1488
1872 1359 1256 1367 1966 1489 1288 2424 1971 1846 1105 1489 1779 259 1614 1663 1354 2009 1840 0 1136 1263 230 1894 1651 2469 1303 1941 586 1589 1971 1867 656 2003 1312 188 1276 386 2123 1854 1089 1440 1895 1307 648 1931 1962 1910 1990 1076 1879 644 2047 2030 1944 695 1593 1317 1010 1459 2013 1965 1464 1616 1078 224 1278 1281 593 1052 2477 157 1142 1113
1605 1046 803 1100 1699 829 628 2157 1704 1579 838 1711 1512 1234 1347 1396 1042 1742 1574 1136 0 604 1278 1679 1873 2202 990 1675 1133 1322 1704 1600 621 1736 1000 1271 963 1337 1856 1587 822 780 1628 995 612 1664 1695 1643 1723 809 1612 608 1780 1763 1677 552 1326 1004 159 1192 1746 1698 1686 1604 812 1271 618 621 1140 785 2210 1108 875 846
1398 595 352 893 1492 378 37 1949 1496 1372 966 1775 1304 1362 1139 1188 591 1534 1366 1263 604 0 1406 1471 1984 1994 539 1467 1261 1114 1496 1392 748 1528 549 1399 512 1464 1648 1379 950 329 1420 544 740 1456 1487 1436 1515 937 1404 736 1572 1555 1469 680 1119 553 479 984 1538 1490 1797 1396 939 1399 92 44 1268 913 2003 1235 1003 974
2015 1501 1399 1510 2109 1631 1430 2566 2113 1989 1247 1632 1921 91 1756 1805 1497 2151 1983 230 1278 1406 0 2036 1793 2611 1445 2084 729 1731 2113 2009 798 2146 1455 100 1418 306 2266 1996 1232 1582 2037 1450 790 2073 2105 2053 2132 1218 2021 786 2189 2172 2087 838 1736 1459 1153 1601 2155 2107 1607 1758 1221 23 1420 1423 735 1195 2620 179 1285 1255
1515 1292 1189 1041 1609 1463 1502 829 1614 1489 1240 716 1422 2051 906 515 1287 1652 1483 1952 1685 1478 2095 0 925 875 1235 1584 1950 403 1614 1449 1437 1646 1245 2088 1209 2153 823 1497 1242 1414 587 1240 1429 1574 1605 1553 1633 1211 1522 1425 1690 358 1587 1369 897 1250 1560 1132 1656 1608 738 353 1214 2088 1492 1495 1957 1205 883 1924 1034 1248
2024 1781 1678 1530 2118 1952 1991 1615 2122 1998 1729 405 1930 1869 1395 1027 1776 2160 1992 1771 1858 1967 1913 925 0 1661 1724 2093 1768 915 2122 1961 1379 2155 1734 1907 1698 1972 1335 2005 1730 1902 1100 1729 1370 2082 2114 2062 2141 1700 2030 1366 2198 1144 2096 1418 1386 1738 1733 1621 2164 2116 218 651 1703 1906 1981 1984 1775 1693 1669 1743 1522 1737
1217 1809 1706 1204 1004 1979 2019 113 1008 1276 1874 1452 1217 2568 1095 1005 1804 1189 1270 2469 2202 1994 2611 875 1661 0 1752 1160 2467 1095 1009 830 1954 1183 1762 2605 1725 2670 513 1283 1875 1930 664 1757 1946 1149 1261 1340 1208 1845 1308 1942 1085 575 982 1885 1024 1766 2077 1262 1231 1002 1474 1073 1847 2605 2009 2012 2473 1838 40 2441 1667 1881
1156 67 251 650 1249 524 563 1707 1254 1129 942 1533 1062 1401 897 946 71 1292 1124 1303 990 539 1445 1229 1741 1752 0 1225 1300 872 1254 1150 788 1286 113 1438 91 1504 1406 1137 927 475 1178 59 779 1214 1245 1193 1273 914 1162 775 1330 1313 1227 719 876 50 865 742 1296 1248 1555 1154 916 1438 553 556 1307 890 1760 1275 980 950
166 1281 1178 676 317 1452 1491 1114 322 225 1581 1889 283 2040 907 1157 1276 176 219 1941 1675 1467 2084 1585 2097 1160 1225 0 1939 1242 322 702 1427 170 1234 2077 1198 2143 1176 232 1566 1403 1138 1230 1418 58 210 289 136 1553 257 1414 398 1273 295 1358 836 1239 1549 603 159 202 1911 1510 1555 2077 1481 1484 1946 1529 1168 1913 1389 1589
1870 1357 1254 1365 1964 1486 1285 2421 1968 1844 1102 1487 1776 685 1611 1660 1352 2006 1838 586 1133 1261 729 1892 1649 2467 1300 1939 0 1586 1968 1864 654 2001 1310 722 1273 788 2121 1851 1087 1437 1892 1305 645 1928 1960 1908 1987 1074 1876 641 2044 2027 1942 693 1591 1314 1008 1456 2010 1962 1462 1613 1076 722 1275 1278 224 1050 2475 558 1140 1110
1159 935 833 684 1253 1106 1145 1050 1257 1133 883 707 1065 1694 549 158 931 1295 1127 1596 1329 1121 1738 403 915 1095 879 1228 1593 0 1257 1092 1081 1289 889 1731 852 1797 749 1140 885 1057 521 884 1072 1217 1248 1197 1276 855 1165 1068 1333 607 1230 1012 540 893 1204 775 1299 1251 729 328 857 1731 1135 1138 1600 848 1103 1568 677 891
379 1310 1208 705 47 1481 1520 963 101 438 1611 1918 496 2069 936 1187 1306 351 432 1971 1704 1496 2113 1614 2127 1009 1254 322 1968 1271 0 551 1456 346 1264 2107 1227 2172 1025 446 1595 1432 1143 1259 1447 311 423 502 370 1582 471 1444 89 1302 75 1387 866 1268 1579 632 393 165 1940 1539 1584 2106 1510 1513 1975 1558 1017 1943 1418 1619
675 1206 1104 601 546 1377 1416 785 551 649 1507 1754 484 1965 832 1022 1202 731 643 1867 1600 1392 2009 1449 1962 830 1150 702 1864 1106 551 0 1352 726 1160 2003 1123 2068 846 571 1491 1328 965 1155 1343 691 765 713 750 1478 681 1339 627 1137 524 1283 761 1164 1475 528 774 545 1775 1374 1480 2002 1406 1409 1871 1454 838 1839 1314 1514
1357 844 741 852 1451 974 773 1909 1456 1331 590 1232 1264 755 1099 1148 840 1494 1326 656 621 748 798 1431 1394 1954 788 1427 654 1074 1456 1352 0 1488 797 792 761 857 1608 1339 574 925 1380 793 47 1416 1447 1395 1475 561 1364 51 1532 1515 1429 181 1078 802 496 944 1498 1450 1207 1356 564 792 763 766 660 537 1962 628 627 598
228 1343 1240 738 341 1514 1553 1138 345 287 1643 1951 345 2102 968 1219 1338 86 281 2003 1736 1528 2146 1647 2159 1183 1286 170 2001 1303 346 726 1488 0 1296 2139 1260 2204 1200 294 1627 1464 1200 1291 1480 160 271 351 219 1614 319 1476 422 1334 319 1419 898 1300 1611 665 242 225 1972 1572 1617 2139 1543 1546 2007 1590 1192 1975 1450 1651
1165 57 260 660 1259 534 573 1717 1264 1139 952 1543 1072 1411 907 956 61 1302 1133 1312 1000 549 1455 1239 1751 1762 113 1234 1310 882 1264 1160 797 1296 0 1448 124 1514 1416 1147 937 485 1188 109 789 1224 1255 1203 1283 923 1172 785 1340 1323 1237 729 886 99 875 752 1306 1258 1564 1164 926 1448 563 566 1317 900 1770 1284 990 960
2008 1495 1392 1503 2102 1625 1424 2560 2106 1982 1241 1625 1915 129 1749 1798 1490 2145 1976 188 1271 1399 100 2030 1787 2605 1438 2077 722 1725 2107 2003 792 2139 1448 0 1412 344 2259 1989 1225 1575 2031 1443 784 2067 2098 2046 2126 1212 2014 780 2183 2166 2080 831 1729 1453 1146 1594 2149 2101 1600 1752 1214 93 1413 1417 729 1188 2613 216 1278 1249
1129 94 224 624 1223 497 537 1680 1227 1103 916 1506 1035 1374 870 919 98 1265 1097 1276 963 512 1418 1202 1715 1725 91 1198 1273 845 1227 1123 761 1260 124 1412 0 1477 1380 1110 900 448 1151 86 752 1187 1219 1167 1246 887 1135 749 1303 1286 1201 692 850 77 838 715 1269 1221 1528 1127 889 1411 527 530 1280 863 1734 1248 953 924
2074 1560 1458 1568 2167 1690 1489 2625 2172 2047 1306 1690 1980 263 1815 1864 1556 2210 2042 386 1337 1464 306 2095 1852 2670 1504 2143 788 1790 2172 2068 857 2204 1514 344 1477 0 2324 2055 1290 1641 2096 1509 849 2132 2163 2112 2191 1277 2080 845 2248 2231 2145 897 1795 1518 1212 1660 2214 2166 1666 1817 1280 299 1479 1482 794 1253 2678 272 1343 1314
1233 1463 1360 858 1020 1634 1673 467 1025 1271 1528 1127 1203 2222 749 659 1458 1205 1265 2123 1856 1648 2266 823 1335 513 1406 1176 2121 749 1025 846 1608 1200 1416 2259 1380 2324 0 1278 1529 1584 318 1411 1600 1165 1277 1335 1224 1499 1303 1596 1101 510 998 1539 678 1420 1731 976 1247 1019 1148 748 1501 2259 1663 1666 2127 1492 521 2095 1321 1535
163 1193 1091 588 441 1364 1403 1238 445 137 1494 1801 110 1952 819 1069 1189 300 131 1854 1587 1379 1996 1497 2009 1283 1137 232 1851 1154 446 571 1339 294 1147 1989 1110 2055 1278 0 1478 1315 1050 1142 1330 222 253 201 281 1465 170 1326 522 1185 419 1270 748 1151 1462 515 304 325 1823 1422 1467 1989 1393 1396 1858 1441 1292 1826 1301 1501
1497 983 881 992 1591 1154 974 1835 1595 1471 329 1535 1403 1188 899 948 979 1633 1465 1089 822 950 1232 1231 1743 1880 927 1566 1087 874 1595 1491 574 1627 937 1225 900 1290 1534 1478 0 1105 1306 932 566 1555 1586 1535 1614 300 1503 562 1671 1435 1568 505 890 941 697 1083 1637 1589 1557 1156 303 1225 964 967 1093 149 1888 1061 366 337
1334 531 288 829 1428 73 354 1885 1432 1308 1121 1711 1240 1538 1075 1124 527 1470 1302 1440 780 329 1582 1407 1919 1930 475 1403 1437 1050 1432 1328 925 1464 485 1575 448 1641 1584 1315 1105 0 1356 480 916 1392 1423 1372 1451 1092 1340 912 1508 1491 1405 856 1055 489 655 920 1474 1426 1733 1332 1094 1575 344 347 1444 1068 1939 1412 1158 1128
1069 1234 1132 630 1151 1405 1445 618 1155 1043 1299 891 975 1994 520 431 1230 1205 1037 1895 1628 1420 2037 587 1100 664 1178 1138 1892 521 1155 977 1380 1200 1188 2031 1151 2096 318 1050 1301 1356 0 1183 1372 1127 1159 1107 1186 1270 1075 1368 1232 275 1129 1311 450 1192 1503 748 1209 1149 913 512 1273 2030 1434 1438 1899 1264 672 1867 1093 1307
1160 63 256 655 1254 529 568 1712 1259 1134 947 1538 1067 1406 902 951 67 1297 1129 1307 995 544 1450 1234 1746 1757 59 1230 1305 877 1259 1155 793 1291 109 1443 86 1509 1411 1142 932 480 1183 0 784 1219 1250 1198 1278 919 1167 780 1335 1318 1232 724 881 45 870 747 1301 1253 1560 1159 921 1443 558 561 1312 895 1765 1280 985 955
1349 836 733 844 1443 965 764 1900 1447 1323 582 1223 1255 746 1090 1139 831 1485 1317 648 612 740 790 1422 1385 1946 779 1418 645 1066 1447 1343 47 1480 789 784 752 849 1600 1330 566 916 1372 784 0 1407 1439 1387 1466 553 1355 59 1524 1506 1421 172 1070 793 487 935 1490 1441 1199 1347 555 783 754 757 652 529 1954 620 619 589
155 1270 1168 665 307 1441 1480 1104 311 214 1571 1878 272 2029 896 1147 1266 165 208 1931 1664 1456 2073 1574 2087 1149 1214 58 1928 1231 311 691 1416 160 1224 2067 1187 2132 1165 222 1555 1392 1127 1219 1407 0 199 278 125 1542 247 1403 387 1262 285 1347 826 1228 1539 592 148 191 1900 1499 1544 2066 1470 1473 1935 1518 1157 1903 1378 1578
124 1302 1199 697 418 1473 1512 1215 423 246 1602 1910 304 2061 927 1178 1297 277 240 1962 1695 1487 2105 1606 2118 1261 1245 210 1960 1263 423 765 1447 271 1255 2098 1219 2163 1277 253 1586 1423 1159 1250 1439 199 0 310 258 1573 278 1435 499 1293 396 1378 857 1259 1570 624 281 302 1931 1531 1576 2098 1502 1505 1966 1549 1269 1934 1409 1610
220 1250 1147 645 498 1421 1460 1295 502 114 1550 1858 252 2009 876 1126 1245 356 108 1910 1643 1436 2053 1554 2066 1340 1193 289 1908 1211 502 713 1395 351 1203 2046 1167 2112 1335 201 1535 1372 1107 1198 1387 278 310 0 337 1521 44 1383 578 1242 476 1327 805 1208 1518 572 361 382 1880 1479 1524 2046 1450 1453 1915 1498 1348 1882 1358 1558
214 1329 1227 724 366 1500 1539 1163 370 273 1630 1937 331 2088 955 1206 1325 224 268 1990 1723 1515 2132 1633 2146 1208 1273 136 1987 1290 370 750 1475 219 1283 2126 1246 2191 1224 281 1614 1451 1186 1278 1466 125 258 337 0 1601 306 1463 446 1321 344 1406 885 1287 1598 651 148 250 1959 1558 1603 2125 1529 1532 1994 1577 1216 1962 1437 1638
1483 970 867 978 1577 1141 961 1805 1582 1457 38 1505 1390 1175 869 918 966 1620 1452 1076 809 937 1218 1201 1713 1850 914 1553 1074 844 1582 1478 561 1614 923 1212 887 1277 1504 1465 300 1092 1276 919 553 1542 1573 1521 1601 0 1490 549 1658 1405 1555 492 859 928 684 1070 1624 1576 1527 1126 92 1212 951 954 1080 263 1858 1048 336 64
188 1218 1116 613 466 1389 1428 1263 470 82 1519 1826 220 1977 844 1094 1214 325 76 1879 1612 1404 2021 1522 2034 1308 1162 257 1876 1179 471 681 1364 319 1172 2014 1135 2080 1303 170 1503 1340 1075 1167 1355 247 278 44 306 1490 0 1351 547 1210 444 1295 773 1176 1487 540 329 350 1848 1447 1492 2014 1418 1421 1883 1466 1317 1851 1326 1526
1345 832 729 840 1439 961 760 1897 1443 1319 578 1219 1251 742 1086 1135 827 1482 1313 644 608 736 786 1418 1381 1942 775 1414 641 1062 1444 1339 51 1476 785 780 749 845 1596 1326 562 912 1368 780 59 1403 1435 1383 1463 549 1351 0 1520 1502 1417 168 1066 789 483 931 1486 1437 1195 1344 551 779 750 753 648 525 1950 616 615 585
455 1386 1284 782 123 1557 1597 1039 177 514 1687 1994 572 2145 1012 1263 1382 427 508 2047 1780 1572 2189 1690 2203 1085 1330 398 2044 1347 89 627 1532 422 1340 2183 1303 2248 1101 522 1671 1508 1219 1335 1524 387 499 578 446 1658 547 1520 0 1378 151 1463 942 1344 1655 708 469 241 2016 1615 1660 2182 1586 1590 2051 1634 1093 2019 1494 1695
1204 1369 1267 764 1297 1540 1579 530 1302 1178 1434 936 1110 2128 655 566 1365 1340 1172 2030 1763 1555 2172 358 1144 575 1313 1273 2027 607 1302 1137 1515 1334 1323 2166 1286 2231 510 1185 1435 1491 275 1318 1506 1262 1293 1242 1321 1405 1210 1502 1378 0 1275 1446 585 1327 1638 883 1344 1296 958 557 1408 2165 1569 1572 2034 1398 584 2002 1228 1442
352 1284 1181 679 70 1454 1494 937 74 412 1584 1892 469 2043 909 1160 1279 325 406 1944 1677 1469 2087 1588 2100 982 1227 295 1942 1244 75 524 1429 319 1237 2080 1201 2145 998 419 1568 1405 1117 1232 1421 285 396 476 344 1555 444 1417 151 1275 0 1360 839 1241 1552 606 367 138 1913 1513 1558 2080 1484 1487 1948 1531 990 1916 1391 1592
1289 775 673 783 1382 905 704 1840 1387 1262 521 1271 1195 794 1030 1079 771 1425 1257 695 552 680 838 1362 1433 1885 719 1358 693 1005 1387 1283 181 1419 729 831 692 897 1539 1270 505 856 1311 724 172 1347 1378 1327 1406 492 1295 168 1463 1446 1360 0 1010 733 427 875 1429 1381 1246 1287 495 831 694 697 700 468 1893 668 558 529
767 933 830 328 861 1104 1143 979 865 741 888 1201 673 1692 132 470 928 904 735 1593 1326 1119 1736 897 1410 1024 876 836 1591 546 866 761 1078 898 886 1729 850 1795 678 748 890 1055 450 881 1070 826 857 805 885 859 773 1066 942 585 839 1010 0 891 1201 446 908 860 1223 822 862 1729 1133 1136 1598 853 1032 1565 682 896
1170 53 265 665 1264 538 578 1721 1268 1144 957 1547 1076 1415 911 960 57 1306 1138 1317 1004 553 1459 1243 1755 1766 50 1239 1314 886 1268 1164 802 1300 99 1453 77 1518 1420 1151 941 489 1192 45 793 1228 1259 1208 1287 928 1176 789 1344 1327 1241 733 891 0 879 756 1310 1262 1569 1168 930 1452 567 571 1321 904 1775 1289 994 964
1480 921 678 975 1574 704 503 2032 1579 1454 713 1586 1387 1109 1222 1271 917 1617 1448 1010 159 479 1153 1554 1748 2077 865 1549 1008 1197 1579 1475 496 1611 875 1146 838 1212 1731 1462 697 655 1503 870 487 1539 1570 1518 1598 684 1487 483 1655 1638 1552 427 1201 879 0 1067 1621 1573 1561 1479 686 1146 493 496 1015 660 2085 983 750 721
534 798 696 286 628 969 1009 1216 632 508 1099 1446 440 1557 517 767 794 670 502 1459 1192 984 1601 1142 1655 1262 742 603 1456 785 632 528 944 665 752 1595 715 1660 976 515 1083 920 748 747 936 592 624 572 651 1070 540 932 708 883 606 875 446 756 1067 0 674 626 1468 1067 1072 1594 998 1002 1463 1046 1270 1431 920 1107
237 1352 1250 748 389 1523 1563 1186 393 297 1653 1960 354 2112 978 1229 1348 248 291 2013 1746 1538 2155 1656 2169 1231 1296 159 2010 1313 393 774 1498 242 1306 2149 1269 2214 1247 304 1637 1474 1209 1301 1490 148 281 361 148 1624 329 1486 469 1344 367 1429 908 1310 1621 674 0 273 1982 1581 1626 2148 1552 1556 2017 1600 1239 1985 1460 1661
259 1304 1202 699 160 1475 1514 957 164 318 1605 1912 376 2063 930 1180 1300 231 312 1965 1698 1490 2107 1608 2121 1002 1248 202 1962 1265 165 545 1450 225 1258 2101 1221 2166 1019 325 1589 1426 1137 1253 1441 191 302 382 250 1576 350 1437 241 1296 138 1381 860 1262 1573 626 273 0 1934 1533 1578 2100 1504 1507 1969 1552 1011 1937 1412 1612
1837 1594 1491 1343 1931 1765 1804 1429 1935 1811 1542 218 1743 1683 1208 841 1590 1974 1805 1584 1672 1780 1726 738 218 1474 1538 1906 1582 729 1936 1775 1192 1968 1548 1720 1511 1785 1148 1818 1544 1716 913 1543 1184 1896 1927 1875 1955 1514 1843 1180 2012 958 1909 1231 1199 1552 1546 1434 1978 1930 0 464 1516 1720 1794 1797 1588 1507 1482 1556 1336 1550
1440 1217 1114 966 1534 1388 1427 1028 1539 1414 1165 442 1347 1954 831 440 1212 1577 1409 1855 1611 1403 1997 353 651 1073 1161 1510 1852 328 1539 1374 1363 1571 1170 1991 1134 2056 748 1422 1167 1339 512 1166 1354 1499 1530 1478 1558 1136 1447 1350 1615 557 1512 1294 822 1175 1485 1057 1581 1533 464 0 1139 1990 1417 1420 1859 1130 1082 1827 959 1173
1486 972 870 981 1580 1143 964 1807 1584 1460 91 1507 1392 1177 871 920 968 1622 1454 1078 812 939 1221 1203 1716 1852 916 1555 1076 846 1584 1480 564 1617 926 1214 889 1280 1506 1467 303 1094 1278 921 555 1544 1576 1524 1603 92 1492 551 1660 1407 1558 495 862 930 686 1072 1626 1578 1529 1128 0 1214 954 957 1083 266 1861 1051 339 50
2008 1494 1392 1503 2102 1624 1423 2559 2106 1982 1240 1625 1914 84 1749 1798 1490 2144 1976 224 1271 1399 23 2029 1787 2605 1438 2077 722 1724 2106 2002 792 2139 1448 93 1411 299 2259 1989 1225 1575 2030 1443 783 2066 2098 2046 2125 1212 2014 779 2182 2165 2080 831 1729 1452 1146 1594 2148 2100 1600 1751 1214 0 1413 1416 729 1188 2613 172 1278 1248
1412 610 367 907 1506 393 116 1963 1510 1386 980 1789 1318 1376 1153 1202 605 1548 1380 1278 618 92 1420 1485 1998 2009 553 1481 1275 1129 1510 1406 763 1543 563 1413 527 1479 1663 1393 964 344 1434 558 754 1470 1502 1450 1529 951 1418 750 1586 1569 1484 694 1133 567 493 998 1552 1504 1811 1410 954 1413 0 109 1282 927 2017 1250 1017 988
1415 613 370 910 1509 396 19 1966 1513 1389 983 1793 1321 1379 1156 1205 608 1551 1383 1281 621 44 1423 1488 2001 2012 556 1484 1278 1132 1513 1409 766 1546 566 1417 530 1482 1666 1396 967 347 1438 561 757 1473 1505 1453 1532 954 1421 753 1590 1572 1487 697 1136 571 496 1001 1556 1507 1814 1413 957 1416 109 0 1285 930 2020 1253 1020 991
1877 1363 1261 1371 1970 1493 1292 2428 1975 1850 1109 1493 1783 692 1618 1667 1359 2013 1845 593 1140 1268 735 1898 1655 2473 1307 1946 224 1593 1975 1871 660 2007 1317 729 1280 794 2127 1858 1093 1444 1899 1312 652 1935 1966 1915 1994 1080 1883 648 2051 2034 1948 700 1598 1321 1015 1463 2017 1969 1469 1620 1083 729 1282 1285 0 1056 2481 565 1146 1117
1460 946 844 954 1554 1117 937 1798 1558 1434 292 1498 1366 1151 862 911 942 1596 1428 1052 785 913 1195 1194 1706 1843 890 1529 1050 837 1558 1454 537 1590 900 1188 863 1253 1497 1441 149 1068 1269 895 529 1518 1549 1498 1577 263 1466 525 1634 1398 1531 468 853 904 660 1046 1600 1552 1520 1119 266 1188 927 930 1056 0 1851 1024 329 300
1225 1817 1714 1212 1012 1988 2027 121 1017 1284 1882 1461 1226 2576 1103 1013 1812 1197 1278 2477 2210 2003 2620 883 1669 40 1760 1168 2475 1103 1017 838 1962 1192 1770 2613 1734 2678 521 1292 1883 1939 672 1765 1954 1157 1269 1348 1216 1853 1317 1950 1093 584 990 1893 1032 1775 2085 1270 1239 1011 1482 1082 1855 2613 2017 2020 2481 1846 0 2449 1675 1890
1844 1331 1228 1339 1938 1461 1260 2396 1943 1818 1077 1461 1751 135 1586 1635 1327 1981 1813 157 1108 1235 179 1866 1623 2441 1275 1913 558 1561 1943 1839 628 1975 1284 216 1248 272 2095 1826 1061 1412 1867 1280 620 1903 1934 1882 1962 1048 1851 616 2019 2002 1916 668 1565 1289 983 1431 1985 1937 1436 1588 1051 172 1250 1253 565 1024 2449 0 1114 1085
1320 1036 934 825 1414 1207 1027 1627 1418 1294 365 1327 1226 1241 691 740 1032 1456 1288 1142 875 1003 1285 1023 1535 1672 980 1389 1140 666 1418 1314 627 1450 990 1278 953 1343 1326 1301 366 1158 1098 985 619 1378 1409 1358 1437 336 1326 615 1494 1227 1391 558 682 994 750 917 1460 1412 1349 948 339 1278 1017 1020 1146 329 1680 1114 0 373
1520 1007 904 1015 1614 1178 998 1841 1618 1494 56 1541 1426 1211 905 954 1002 1657 1488 1113 846 974 1255 1237 1750 1887 950 1589 1110 881 1619 1514 598 1651 960 1249 924 1314 1541 1501 337 1128 1312 955 589 1578 1610 1558 1638 64 1526 585 1695 1441 1592 529 896 964 721 1106 1661 1612 1563 1162 50 1248 988 991 1117 300 1895 1085 373 0
EOF