NAME : tsp_problem
TYPE : TSP
DIMENSION : 34
EDGE_WEIGHT_TYPE : EXPLICIT
EDGE_WEIGHT_FORMAT : FULL_MATRIX
EDGE_WEIGHT_SECTION
0 319 867 1613 1600 1602 1234 1537 768 1539 954 1211 1607 1476 1646 1124 1664 1506 1550 1509 1241 1490 1592 1214 279 515 1616 871 1017 1736 268 1948 1415 1566
319 0 902 1648 1634 1637 1268 1555 785 1556 988 1245 1642 1511 1681 1159 1699 1541 1584 1527 1275 1524 1609 1248 68 550 1650 906 1035 1753 78 1965 1432 1600
867 902 0 1241 1228 1230 1416 1379 735 1380 128 1393 1235 1104 1274 1307 1292 1134 1178 1351 1423 1118 1433 1396 861 497 1244 210 985 1577 851 1789 1285 1194
1613 1648 1241 0 219 30 2162 1217 1077 1218 1328 2139 189 175 113 2053 283 206 314 1189 2169 320 1271 2142 1607 1243 380 1245 1407 1053 1597 1265 1351 330
1600 1634 1228 219 0 208 2149 1242 1063 1243 1314 2126 213 162 252 2039 79 192 339 1214 2155 307 1296 2128 1594 1229 405 1232 1393 1078 1583 1290 1338 355
1602 1637 1230 30 208 0 2152 1207 1066 1208 1317 2128 178 165 103 2042 273 195 304 1179 2158 310 1261 2131 1597 1232 370 1235 1396 1043 1586 1255 1341 320
1234 1268 1416 2162 2149 2152 0 2300 1656 2301 1503 143 2157 2025 2196 170 2213 2055 2099 2272 173 2039 2354 146 1228 1064 2165 1420 1906 2498 1218 2710 2206 2115
1532 1550 1379 1217 1242 1207 2300 0 970 34 1465 2277 1084 1198 1251 2190 1306 1229 1011 64 2306 1322 67 2279 1509 1380 1077 1383 674 400 1499 612 545 1027
768 785 731 1077 1063 1066 1652 970 0 971 817 1629 1071 940 1110 1542 1128 970 1013 942 1659 953 1024 1632 745 732 1079 735 598 1168 734 1380 876 1029
1533 1551 1380 1218 1243 1208 2301 34 971 0 1466 2278 1085 1200 1252 2191 1308 1230 1012 62 2308 1323 65 2281 1510 1381 1078 1384 675 401 1500 613 546 1028
954 988 128 1328 1314 1317 1503 1465 821 1466 0 1480 1322 1191 1361 1393 1379 1221 1264 1437 1510 1204 1519 1483 948 583 1330 297 1071 1664 937 1876 1371 1280
1211 1245 1393 2139 2126 2128 143 2277 1633 2278 1480 0 2133 2002 2172 191 2190 2032 2076 2249 39 2016 2331 50 1205 1041 2142 1397 1883 2475 1194 2687 2183 2092
1607 1642 1235 189 213 178 2157 1084 1071 1085 1322 2133 0 170 222 2047 278 200 181 1056 2163 315 1138 2136 1602 1237 247 1239 1401 920 1591 1132 1346 197
1476 1511 1104 175 162 165 2025 1198 940 1200 1191 2002 170 0 209 1916 227 69 296 1170 2032 183 1253 2005 1470 1106 362 1108 1270 1035 1460 1247 1215 312
1646 1681 1274 113 252 103 2196 1251 1110 1252 1361 2172 222 209 0 2086 317 239 348 1222 2202 354 1305 2175 1641 1276 414 1278 1440 1087 1630 1299 1385 364
1124 1159 1307 2053 2039 2042 170 2190 1546 2191 1393 191 2047 1916 2086 0 2104 1946 1989 2162 221 1929 2244 194 1119 955 2055 1311 1796 2389 1108 2601 2096 2005
1664 1699 1292 283 79 273 2213 1306 1128 1308 1379 2190 278 227 317 2104 0 257 404 1278 2220 371 1361 2193 1658 1294 470 1296 1458 1143 1648 1355 1403 420
1506 1541 1134 206 192 195 2055 1229 970 1230 1221 2032 200 69 239 1946 257 0 326 1201 2062 214 1283 2035 1500 1136 392 1138 1300 1065 1490 1277 1245 342
1550 1584 1178 314 339 304 2099 1011 1013 1012 1264 2076 181 296 348 1989 404 326 0 983 2105 441 1065 2078 1544 1179 105 1182 1343 848 1533 1060 1288 55
1504 1521 1351 1189 1214 1179 2272 64 942 62 1437 2249 1056 1170 1222 2162 1278 1201 983 0 2278 1294 95 2251 1481 1352 1049 1355 646 372 1471 584 517 999
1241 1275 1423 2169 2155 2158 173 2306 1663 2308 1510 39 2163 2032 2202 221 2220 2062 2105 2278 0 2046 2361 36 1235 1071 2171 1427 1912 2505 1224 2717 2213 2121
1490 1524 1118 320 307 310 2039 1322 953 1323 1204 2016 315 183 354 1929 371 214 441 1294 2046 0 1376 2019 1484 1119 507 1122 1283 1180 1473 1392 1228 457
1586 1604 1433 1271 1296 1261 2354 67 1024 65 1519 2331 1138 1253 1305 2244 1361 1283 1065 95 2361 1376 0 2334 1563 1434 1131 1437 728 454 1553 666 599 1081
1214 1248 1396 2142 2128 2131 146 2279 1636 2281 1483 50 2136 2005 2175 194 2193 2035 2078 2251 36 2019 2334 0 1208 1044 2144 1400 1885 2478 1197 2690 2186 2094
279 68 861 1607 1594 1597 1228 1514 745 1516 948 1205 1602 1470 1641 1119 1658 1500 1544 1486 1235 1484 1569 1208 0 509 1610 865 995 1713 30 1925 1392 1560
515 550 497 1243 1229 1232 1064 1380 736 1381 583 1041 1237 1106 1276 955 1294 1136 1179 1352 1071 1119 1434 1044 509 0 1245 501 986 1579 499 1791 1286 1195
1616 1650 1244 380 405 370 2165 1077 1079 1078 1330 2142 247 362 414 2055 470 392 105 1049 2171 507 1131 2144 1610 1245 0 1248 1409 914 1599 1126 1354 64
871 906 210 1245 1232 1235 1420 1383 739 1384 297 1397 1239 1108 1278 1311 1296 1138 1182 1355 1427 1122 1437 1400 865 501 1248 0 989 1581 855 1793 1289 1198
1028 1046 991 1407 1393 1396 1912 674 590 675 1078 1889 1401 1270 1440 1803 1458 1300 1343 646 1919 1283 728 1892 1005 993 1409 995 0 872 995 1084 573 1359
1730 1748 1577 1053 1078 1043 2498 400 1168 401 1664 2475 920 1035 1087 2389 1143 1065 848 372 2505 1180 454 2478 1708 1579 914 1581 872 0 1697 378 620 864
268 78 851 1597 1583 1586 1218 1504 734 1505 937 1194 1591 1460 1630 1108 1648 1490 1533 1476 1224 1473 1558 1197 30 499 1599 855 984 1702 0 1915 1381 1549
1942 1960 1789 1265 1290 1255 2710 612 1380 613 1876 2687 1132 1247 1299 2601 1355 1277 1060 584 2717 1392 666 2690 1920 1791 1126 1793 1084 378 1909 0 629 1076
1425 1443 1285 1351 1338 1341 2206 545 876 546 1371 2183 1346 1215 1385 2096 1403 1245 1288 517 2213 1228 599 2186 1402 1286 1354 1289 573 620 1392 629 0 1304
1566 1600 1194 330 355 320 2115 1027 1029 1028 1280 2092 197 312 364 2005 420 342 55 999 2121 457 1081 2094 1560 1195 64 1198 1359 864 1549 1076 1304 0
EOF