NAME : tsp_problem
TYPE : TSP
DIMENSION : 20
EDGE_WEIGHT_TYPE : EXPLICIT
EDGE_WEIGHT_FORMAT : FULL_MATRIX
EDGE_WEIGHT_SECTION
0 1391 1606 1497 1602 762 1065 862 883 1560 1600 1379 914 937 1458 1572 1398 1180 1464 1402
1391 0 916 254 542 844 1749 992 688 317 909 1061 1044 1286 135 329 58 1865 222 1083
1601 916 0 1013 726 1045 2195 1437 889 1076 39 678 1490 1731 974 876 923 2310 980 701
1497 254 1013 0 478 949 1855 1097 793 106 1006 1166 1150 1391 150 264 261 1970 77 1189
1602 542 726 478 0 1054 1960 1202 898 541 719 1271 1255 1496 439 341 550 2075 445 1294
762 844 1045 949 1054 0 1472 714 322 1013 1038 818 767 1008 910 1024 851 1587 917 841
1065 1749 2195 1855 1960 1476 0 1220 1595 1918 2188 1968 1272 1232 1816 1930 1756 663 1823 1990
862 992 1437 1097 1202 718 1220 0 838 1161 1431 1210 228 469 1058 1172 999 1336 1065 1233
883 688 889 793 898 322 1594 836 0 857 883 662 889 1130 755 869 695 1709 761 685
1560 317 1076 106 541 1013 1918 1161 857 0 1069 1230 1213 1455 214 328 324 2034 140 1252
1594 909 39 1006 719 1038 2188 1431 883 1069 0 671 1483 1724 967 870 916 2304 974 694
1374 1061 678 1166 1271 818 1968 1210 662 1230 671 0 1263 1504 1127 1241 1068 2084 1134 35
914 1044 1490 1150 1255 771 1272 228 890 1213 1483 1263 0 312 1111 1225 1051 1388 1118 1286
937 1286 1731 1391 1496 1012 1232 469 1132 1455 1724 1504 312 0 1352 1466 1293 1348 1359 1527
1458 135 974 150 439 910 1816 1058 755 214 967 1127 1111 1352 0 225 142 1932 118 1150
1572 329 876 264 341 1024 1930 1172 869 328 870 1241 1225 1466 225 0 336 2046 232 1264
1398 58 923 261 550 851 1756 999 695 324 916 1068 1051 1293 142 336 0 1872 229 1090
1180 1865 2310 1970 2075 1592 663 1336 1711 2034 2304 2084 1388 1348 1932 2046 1872 0 1938 2106
1464 222 980 77 445 917 1823 1065 761 140 974 1134 1118 1359 118 232 229 1938 0 1157
1397 1083 701 1189 1294 841 1990 1233 685 1252 694 35 1286 1527 1150 1264 1090 2106 1157 0
EOF