NAME : tsp_problem
TYPE : TSP
DIMENSION : 48
EDGE_WEIGHT_TYPE : EXPLICIT
EDGE_WEIGHT_FORMAT : FULL_MATRIX
EDGE_WEIGHT_SECTION
0 1599 1097 1033 1231 1098 1273 346 1435 1094 1047 970 847 469 539 1097 1341 583 1253 841 680 476 1355 1115 1493 1157 1440 473 544 1377 608 529 689 783 1653 622 913 1412 1097 720 1523 830 807 1374 789 583 669 771
1599 0 1095 798 1229 530 434 1814 596 1092 807 1596 777 1621 1691 1095 502 1611 496 1130 1378 1627 502 1114 654 1155 2479 1396 1572 538 1636 1453 1744 1410 84 1716 930 573 1095 1015 115 808 1433 535 1415 1404 1352 1398
1097 1095 0 537 159 594 769 1312 930 122 417 967 516 1118 1188 59 837 1108 749 869 1103 1124 850 144 988 171 2012 896 1069 872 1133 953 1242 781 1149 1213 669 907 59 754 1019 547 805 869 786 1006 1091 769
1023 780 519 0 653 279 453 1238 615 516 231 1020 200 1044 1114 519 521 998 434 435 683 1051 535 537 673 579 1783 820 959 557 1023 876 1132 833 834 1103 235 592 519 396 704 232 857 554 839 709 657 821
1231 1229 159 671 0 728 903 1446 1064 256 551 1101 650 1252 1322 159 971 1242 883 1003 1237 1258 984 278 1122 174 2146 1030 1203 1006 1267 1087 1375 915 1283 1347 803 1041 159 888 1153 681 939 1003 920 1140 1225 903
1098 530 594 297 728 0 203 1313 365 591 306 1095 276 1120 1190 594 271 1110 184 629 877 1126 285 613 423 654 1978 895 1071 307 1135 952 1243 909 584 1215 429 342 594 514 454 307 933 304 914 904 851 897
1273 434 769 472 903 203 0 1488 230 766 481 1270 450 1294 1364 769 137 1285 170 804 1052 1301 397 787 288 829 2152 1070 1245 172 1310 1126 1418 1083 494 1389 604 207 769 688 358 482 1107 169 1089 1078 1026 1071
346 1814 1312 1248 1446 1313 1488 0 1650 1309 1262 1185 1062 449 491 1312 1556 701 1468 1056 895 455 1570 1330 1708 1372 1293 688 730 1592 652 744 641 998 1868 575 1128 1627 1312 935 1738 1045 1022 1589 1004 798 884 986
1435 596 930 633 1064 365 230 1650 0 928 642 1432 612 1456 1526 930 143 1447 332 966 1214 1463 559 949 340 991 2314 1232 1407 127 1471 1288 1580 1245 656 1551 766 150 931 850 520 643 1269 123 1250 1240 1187 1233
1094 1092 122 534 256 591 766 1309 928 0 414 965 513 1115 1185 122 834 1105 746 867 1100 1122 847 60 986 268 2009 893 1066 870 1130 950 1239 778 1146 1210 666 905 122 751 1016 544 802 866 783 1004 1088 766
1047 807 417 249 551 306 481 1262 642 414 0 918 228 1068 1138 417 549 1059 461 581 829 1075 562 435 700 477 1930 847 1019 584 1084 903 1192 731 861 1163 381 619 417 466 731 259 755 581 737 856 803 719
970 1596 967 1030 1101 1095 1270 1185 1432 965 918 0 844 991 1061 967 1338 981 1250 838 976 998 1351 986 1490 1028 1885 769 942 1374 1006 826 1115 298 1650 1086 910 1408 968 717 1520 826 421 1370 347 880 966 330
847 777 516 218 650 276 450 1062 612 513 228 844 0 868 938 516 518 859 431 384 632 875 532 534 670 576 1732 644 819 554 884 700 992 657 831 963 351 589 516 262 701 56 681 551 663 658 605 645
469 1621 1118 1054 1252 1120 1294 449 1456 1115 1068 991 868 0 90 1118 1363 300 1275 862 701 39 1376 1136 1514 1178 991 494 329 1398 251 479 240 805 1675 174 935 1433 1118 741 1545 851 828 1395 810 604 690 792
539 1691 1188 1124 1322 1190 1364 491 1526 1185 1138 1061 938 90 0 1188 1432 285 1345 932 748 96 1446 1206 1584 1248 976 541 314 1468 237 464 225 875 1745 159 1005 1503 1188 811 1615 921 898 1465 880 651 737 862
1097 1095 59 537 159 594 769 1312 930 122 417 967 516 1118 1188 0 837 1108 749 869 1103 1124 850 144 989 171 2012 896 1069 872 1133 953 1242 781 1149 1213 669 907 60 754 1019 547 805 869 786 1007 1091 769
1341 502 837 540 971 271 137 1556 143 834 549 1338 518 1363 1432 837 0 1353 238 872 1120 1369 465 855 257 897 2220 1138 1314 70 1378 1195 1486 1152 562 1457 672 120 837 757 426 550 1175 67 1157 1146 1094 1139
598 1611 1109 994 1243 1110 1285 701 1447 1106 1059 982 859 300 285 1109 1353 0 1265 853 513 306 1366 1127 1505 1169 1032 306 105 1389 76 230 184 796 1665 155 925 1423 1109 732 1535 841 819 1385 801 416 502 783
1253 496 749 452 883 184 170 1468 332 746 461 1250 431 1275 1345 749 238 1265 0 784 1032 1281 378 768 390 809 2133 1050 1226 274 1290 1107 1398 1064 556 1370 584 309 749 669 420 462 1088 271 1069 1059 1006 1052
841 1136 875 395 1009 635 810 1056 971 872 587 838 384 862 881 875 878 646 790 0 331 869 891 894 1030 935 1431 483 607 913 671 577 780 651 1190 751 275 948 875 163 1060 366 675 910 657 357 305 639
680 1603 1103 1037 1237 1102 1277 895 1438 1100 1053 976 850 701 748 1103 1345 513 1257 845 0 707 1358 1122 1496 1163 1417 241 474 1380 538 355 646 790 1657 617 917 1415 1103 723 1527 833 814 1377 795 115 78 778
476 1627 1124 1061 1258 1126 1301 455 1463 1122 1075 998 875 39 96 1124 1369 306 1281 869 707 0 1382 1143 1521 1185 997 501 335 1405 257 485 246 811 1681 180 941 1440 1125 748 1551 857 835 1402 816 611 697 799
1355 502 850 553 984 285 397 1570 559 847 562 1351 532 1376 1446 850 465 1366 378 886 1133 1382 0 869 617 910 2234 1151 1327 501 1391 1208 1500 1165 494 1471 685 536 850 770 592 563 1189 498 1170 1160 1107 1153
1115 1114 144 555 278 613 787 1330 949 60 435 986 534 1136 1206 144 855 1127 768 888 1122 1143 869 0 1007 290 2030 915 1087 891 1152 971 1260 800 1168 1231 688 926 144 772 1038 566 823 888 805 1025 1110 787
1493 654 988 691 1122 423 288 1708 340 986 700 1490 670 1514 1584 989 257 1505 390 1024 1272 1521 617 1007 0 1049 2372 1290 1465 292 1529 1346 1638 1303 714 1609 824 217 989 908 578 701 1327 289 1308 1298 1245 1291
1157 1155 171 597 174 654 829 1372 991 268 477 1028 576 1178 1248 171 897 1168 809 930 1163 1185 910 290 1049 0 2072 956 1129 933 1193 1013 1302 841 1209 1273 729 968 171 814 1079 607 865 930 846 1067 1151 829
1538 2531 2050 1788 2183 2030 2204 1753 2366 2047 1982 1923 1799 1488 1474 2050 2272 1239 2185 1794 1454 1494 2286 2068 2424 2110 0 1247 1200 2308 1264 1170 1372 1736 2585 1344 1866 2343 2050 1672 2455 1782 1760 2305 1742 1357 1443 1724
473 1396 896 830 1030 895 1070 688 1232 893 847 769 644 494 541 896 1138 306 1050 638 241 501 1151 915 1290 956 1210 0 267 1174 331 148 439 583 1450 411 710 1208 896 517 1320 626 607 1170 588 145 231 571
558 1572 1069 954 1203 1071 1245 730 1407 1067 1020 943 819 329 314 1070 1314 105 1226 813 474 335 1327 1088 1465 1130 1061 267 0 1349 104 190 213 756 1626 184 886 1384 1070 692 1496 802 780 1346 762 377 463 744
1377 538 872 575 1006 307 172 1592 127 870 584 1374 554 1398 1468 872 70 1389 274 908 1156 1405 501 891 292 933 2256 1174 1349 0 1413 1230 1522 1187 598 1493 708 125 873 792 462 585 1211 10 1192 1182 1129 1175
622 1636 1134 1018 1268 1135 1310 652 1471 1131 1084 1007 884 251 237 1134 1378 76 1290 878 538 257 1391 1152 1529 1194 983 331 104 1413 0 254 135 821 1690 107 950 1448 1134 756 1560 866 844 1410 826 441 527 808
529 1453 953 887 1087 952 1126 744 1288 950 903 826 700 479 464 953 1195 230 1107 695 355 485 1208 971 1346 1013 1133 148 190 1230 254 0 363 640 1507 334 767 1265 953 573 1377 683 663 1227 645 258 344 628
689 1744 1242 1127 1376 1243 1418 641 1580 1239 1193 1115 992 240 225 1242 1486 184 1398 986 646 246 1500 1261 1638 1302 972 439 213 1522 135 363 0 929 1798 95 1058 1557 1242 865 1668 975 953 1519 934 550 636 917
783 1410 781 843 915 909 1083 998 1245 778 731 298 657 805 875 781 1152 795 1064 651 790 811 1165 800 1303 841 1699 583 756 1187 820 640 928 0 1464 900 724 1222 781 530 1334 640 149 1184 75 693 779 58
1653 84 1149 852 1283 584 494 1868 656 1146 861 1650 831 1675 1745 1149 562 1665 556 1184 1432 1681 494 1168 714 1209 2533 1450 1626 598 1690 1507 1798 1464 0 1770 984 633 1149 1069 175 862 1487 595 1469 1459 1406 1452
622 1716 1213 1098 1347 1215 1389 575 1551 1211 1164 1087 963 174 159 1213 1457 155 1370 957 617 180 1471 1232 1609 1274 906 411 184 1493 107 334 95 900 1770 0 1030 1528 1214 836 1640 946 924 1490 905 521 607 888
913 937 676 195 810 436 611 1128 772 673 388 910 358 935 1005 676 679 838 591 275 523 941 692 695 831 736 1623 675 799 714 863 767 972 724 991 943 0 749 676 236 861 389 748 711 729 549 497 712
1412 573 907 610 1041 342 207 1627 150 905 619 1408 589 1433 1503 907 120 1423 309 943 1191 1440 536 926 217 968 2291 1208 1384 125 1448 1265 1557 1222 633 1528 743 0 907 827 497 620 1246 122 1227 1217 1164 1210
1097 1095 59 537 159 594 769 1312 931 122 417 968 516 1118 1188 60 837 1108 749 870 1103 1125 850 144 989 171 2012 896 1069 873 1133 953 1242 781 1149 1213 669 907 0 754 1019 547 805 869 786 1007 1091 769
720 1015 754 355 888 514 688 935 850 751 466 717 262 741 811 754 757 727 669 163 411 748 770 772 908 814 1512 517 687 792 752 573 860 530 1069 831 236 827 754 0 939 245 554 789 535 438 385 518
1523 115 1019 722 1153 454 358 1738 520 1016 731 1520 701 1545 1615 1019 426 1535 420 1054 1302 1551 592 1038 578 1079 2402 1320 1496 462 1560 1377 1668 1334 175 1640 854 497 1019 939 0 732 1357 459 1339 1328 1276 1321
830 808 547 250 681 307 482 1045 643 544 259 826 56 851 921 547 550 841 462 366 614 857 563 566 701 607 1714 626 802 585 866 683 975 640 862 946 382 620 547 245 732 0 664 582 645 640 588 628
807 1433 805 867 939 933 1107 1022 1269 802 755 421 681 828 898 805 1175 819 1088 675 814 835 1189 823 1327 865 1722 607 779 1211 844 663 952 149 1487 923 748 1246 805 554 1357 664 0 1208 154 717 803 137
1374 535 869 572 1003 304 169 1589 123 866 581 1370 551 1395 1465 869 67 1385 271 905 1153 1402 498 888 289 930 2253 1170 1346 10 1410 1227 1519 1184 595 1490 705 122 869 789 459 582 1208 0 1189 1179 1126 1172
789 1415 786 849 920 914 1089 1004 1250 783 737 347 663 810 880 786 1157 800 1069 657 795 816 1170 805 1308 846 1704 588 761 1192 825 645 934 75 1469 905 729 1227 786 535 1339 645 154 1189 0 699 784 73
583 1506 1006 940 1140 1005 1180 798 1342 1004 957 880 754 604 651 1007 1248 416 1160 748 115 611 1262 1025 1400 1067 1320 145 377 1284 441 258 550 693 1560 521 820 1319 1007 627 1430 737 717 1281 699 0 104 681
669 1592 1092 1026 1226 1091 1266 884 1428 1090 1043 966 840 690 737 1092 1334 502 1246 834 78 697 1347 1111 1486 1153 1406 231 463 1370 527 344 636 779 1646 607 906 1405 1092 713 1516 822 803 1366 784 104 0 767
771 1398 769 831 903 897 1071 986 1233 766 719 330 645 792 862 769 1139 783 1052 639 778 799 1153 787 1291 829 1687 571 744 1175 808 628 916 58 1452 887 712 1210 769 518 1321 628 137 1172 73 681 767 0
EOF