NAME : tsp_problem
TYPE : TSP
DIMENSION : 36
EDGE_WEIGHT_TYPE : EXPLICIT
EDGE_WEIGHT_FORMAT : FULL_MATRIX
EDGE_WEIGHT_SECTION
0 617 384 574 582 777 1056 521 1073 1565 1226 1431 76 1500 1388 700 792 692 1224 735 650 857 1324 1567 1380 726 590 711 1232 573 670 1087 811 842 29 1361
617 0 505 618 262 818 1101 246 1117 1609 1271 1475 681 1544 1432 744 837 508 1268 777 691 497 1369 1612 1425 767 269 527 1277 389 486 1128 855 248 620 1405
451 405 0 452 548 652 934 486 951 1443 1104 1309 514 1378 1266 578 670 479 1102 610 525 644 1202 1445 1258 601 555 498 1110 360 457 962 689 630 454 1239
471 618 563 0 761 478 510 700 527 1019 680 885 500 954 842 154 246 693 678 436 350 858 778 1021 834 426 769 712 686 573 670 780 265 843 468 815
582 262 349 761 0 962 1244 90 1260 1753 1414 1618 645 1687 1575 887 980 747 1412 920 835 649 1512 1755 1568 911 50 728 1420 628 725 1272 998 400 585 1548
777 818 766 478 961 0 471 900 487 980 641 845 840 914 802 604 398 893 639 510 170 1058 739 982 795 501 969 912 647 774 871 373 715 1043 780 776
866 1101 1046 510 1244 471 0 1182 53 740 380 658 895 727 615 555 300 1175 451 918 578 1340 552 792 608 909 1251 1194 386 1056 1153 642 660 1326 863 588
521 246 287 700 90 900 1182 0 1199 1691 1352 1557 584 1626 1514 826 918 728 1350 859 773 634 1450 1693 1506 849 98 713 1358 609 706 1210 937 385 524 1487
882 1117 1062 527 1260 487 53 1199 0 729 368 674 911 743 631 571 317 1192 468 935 595 1357 568 781 624 925 1268 1211 374 1073 1170 659 676 1342 879 605
1374 1609 1554 1019 1753 980 740 1691 729 0 424 660 1403 88 617 1063 809 1684 453 1427 1087 1849 554 92 610 1418 1760 1703 396 1565 1662 1151 1168 1834 1371 590
1035 1271 1216 680 1414 641 380 1352 368 424 0 529 1065 472 486 724 470 1345 323 1088 748 1510 423 476 479 1079 1421 1364 48 1226 1323 812 830 1496 1033 460
1240 1475 1420 885 1618 845 658 1557 674 660 529 0 1269 595 55 929 674 1550 280 1293 952 1714 239 662 326 1283 1626 1569 535 1430 1527 1016 1034 1700 1237 207
76 681 447 637 645 840 1119 584 1136 1628 1289 1494 0 1563 1451 763 855 755 1287 798 713 920 1388 1630 1443 789 653 774 1295 636 733 1150 874 906 73 1424
1309 1544 1489 954 1687 914 727 1626 743 88 472 595 1338 0 552 998 743 1619 388 1362 1021 1784 489 90 545 1352 1695 1638 445 1499 1596 1086 1103 1769 1306 525
1197 1432 1377 842 1575 802 615 1514 631 617 486 55 1226 552 0 886 632 1507 237 1250 909 1672 196 619 283 1240 1583 1526 493 1387 1485 974 991 1657 1194 164
352 744 615 154 813 604 555 751 571 1063 724 929 381 998 886 0 291 819 722 562 477 984 823 1065 879 552 820 838 730 700 797 824 146 969 349 859
607 837 782 246 980 398 300 918 317 809 470 674 636 743 632 291 0 911 468 654 505 1076 568 811 624 645 987 930 476 792 889 569 402 1062 604 605
692 508 592 693 747 893 1175 713 1192 1684 1345 1550 755 1619 1507 819 911 0 1343 851 766 399 1444 1686 1499 842 755 167 1351 155 126 1203 930 583 695 1480
1033 1268 1213 678 1412 639 451 1350 468 453 323 280 1062 388 237 722 468 1343 0 1086 746 1508 174 456 230 1077 1419 1362 329 1224 1321 810 828 1493 1030 210
735 777 724 436 920 510 918 858 935 1427 1088 1293 798 1362 1250 562 654 851 1086 0 383 1016 1187 1429 1242 55 927 870 1094 732 829 820 673 1002 738 1223
650 691 639 350 834 170 578 773 595 1087 748 952 713 1021 909 477 505 766 746 383 0 931 846 1089 902 374 842 785 754 647 744 480 588 916 653 883
857 497 757 858 649 1058 1340 634 1357 1849 1510 1714 920 1784 1672 984 1076 399 1508 1016 931 0 1608 1851 1664 1006 657 273 1516 320 328 1368 1095 377 860 1645
1134 1369 1314 778 1512 739 552 1450 568 554 423 239 1163 489 196 823 568 1444 174 1187 846 1608 0 556 112 1177 1519 1462 429 1324 1421 910 928 1594 1131 92
1377 1612 1557 1021 1755 982 792 1693 781 92 476 662 1406 90 619 1065 811 1686 456 1429 1089 1851 556 0 612 1420 1762 1705 448 1567 1664 1153 1171 1837 1374 593
1190 1425 1370 834 1568 795 608 1506 624 610 479 326 1219 545 283 879 624 1499 230 1242 902 1664 112 612 0 1233 1575 1518 485 1380 1477 966 984 1650 1187 148
726 767 715 426 910 501 909 849 925 1418 1079 1283 789 1352 1240 552 645 842 1077 55 374 1006 1177 1420 1233 0 918 861 1085 722 819 811 663 992 728 1214
590 269 356 769 50 969 1251 98 1268 1760 1421 1626 653 1695 1583 895 987 755 1419 928 842 657 1519 1762 1575 918 0 736 1427 635 732 1279 1006 408 592 1556
711 527 611 712 728 912 1194 713 1211 1703 1364 1569 774 1638 1526 838 930 167 1362 870 785 273 1462 1705 1518 861 736 0 1370 174 96 1222 949 456 714 1499
1042 1277 1222 686 1420 647 386 1358 374 396 48 535 1071 445 493 730 476 1351 329 1094 754 1516 429 448 485 1085 1427 1370 0 1232 1329 818 836 1502 1039 466
573 389 473 573 628 774 1056 594 1073 1565 1226 1430 636 1499 1387 700 792 155 1224 732 647 320 1324 1567 1380 722 635 174 1232 0 133 1083 810 504 576 1361
670 486 570 670 725 871 1153 691 1170 1662 1323 1527 733 1596 1485 797 889 126 1321 829 744 328 1421 1664 1477 819 732 96 1329 133 0 1181 908 511 673 1458
1087 1128 1076 780 1271 373 642 1210 659 1151 812 1016 1150 1086 974 824 569 1203 810 820 480 1368 910 1153 966 811 1279 1222 818 1083 1181 0 929 1353 1090 947
297 855 560 265 758 715 666 696 682 1174 835 1040 326 1109 997 146 402 930 833 673 588 1095 934 1176 990 663 765 949 841 810 908 935 0 1052 294 970
842 248 643 843 400 1043 1326 385 1342 1834 1496 1700 906 1769 1657 969 1062 583 1493 1002 916 377 1594 1837 1650 992 408 456 1502 504 511 1353 1080 0 845 1630
29 620 387 577 585 780 1059 524 1076 1568 1229 1434 73 1503 1391 703 795 695 1227 738 653 860 1327 1570 1383 728 592 714 1235 576 673 1090 814 845 0 1364
1170 1405 1350 815 1548 776 588 1487 605 590 460 207 1199 525 164 859 605 1480 210 1223 883 1645 92 593 148 1214 1556 1499 466 1361 1458 947 964 1630 1167 0
EOF