NAME : tsp_problem
TYPE : TSP
DIMENSION : 56
EDGE_WEIGHT_TYPE : EXPLICIT
EDGE_WEIGHT_FORMAT : FULL_MATRIX
EDGE_WEIGHT_SECTION
0 763 1059 302 727 578 1131 779 470 390 789 500 276 1024 870 417 567 748 543 589 657 620 121 303 652 784 350 458 794 561 620 548 972 1020 973 432 616 367 955 749 1210 632 225 750 357 365 285 1208 1011 1051 173 306 671 655 299 543
898 0 685 1096 1521 218 580 706 1024 1184 716 1293 1069 651 796 648 1361 1541 1336 1382 1450 1175 975 1096 1445 710 1143 1252 720 1354 1174 1341 598 646 599 763 1171 698 882 163 659 299 788 77 1150 1158 1078 657 637 678 763 732 492 250 1092 1336
1059 685 0 1256 1681 814 645 864 1182 1344 874 1453 1230 99 954 806 1521 1701 1497 1543 1611 1332 1136 1257 1606 868 1303 1412 878 1515 1332 1502 128 90 129 923 1328 858 1039 536 719 459 949 622 1311 1319 1239 717 570 175 923 893 562 847 1253 1497
302 1030 1256 0 697 845 1329 977 667 118 987 227 91 1222 1067 615 676 670 651 697 536 818 388 411 760 981 385 186 991 289 817 656 1169 1217 1170 699 814 634 1153 947 1407 830 492 1017 392 93 100 1405 1208 1249 370 573 869 922 231 651
727 1455 1681 697 0 1270 1754 1402 1092 717 1412 619 723 1647 1492 1040 594 67 570 310 476 1243 813 457 679 1406 584 630 1416 681 1242 575 1594 1642 1595 1124 1239 1059 1578 1372 1832 1255 917 1442 592 691 725 1830 1633 1674 795 998 1294 1347 832 200
1027 218 814 1224 1649 0 709 834 1152 1312 844 1421 1198 779 925 777 1489 1669 1465 1511 1579 1303 1104 1225 1574 839 1271 1380 849 1483 1303 1469 727 775 728 891 1299 826 1010 292 787 427 916 205 1279 1287 1206 785 766 806 891 861 621 110 1220 1465
1131 580 645 1329 1754 709 0 936 1254 1417 946 1526 1303 655 1026 879 1594 1774 1569 1616 1683 1405 1158 1329 1678 940 1376 1485 951 1587 1404 1574 603 651 604 996 1401 931 1112 431 116 532 1021 517 1383 1391 1311 114 278 683 996 966 635 742 1325 1569
779 706 864 977 1402 790 936 0 776 1065 80 1174 951 829 260 401 1242 1422 1217 1264 1332 927 857 978 1327 81 1024 1133 131 1236 927 1222 777 825 778 644 923 579 322 557 1015 440 669 642 1032 1039 959 1013 816 856 644 614 350 866 973 1217
470 1024 1182 667 1092 1013 1254 776 0 755 786 864 641 1147 867 414 932 1112 908 954 1022 260 555 668 1017 781 714 823 791 926 174 913 1095 1143 1096 867 170 802 952 875 1333 758 659 961 722 730 649 1331 1134 1174 537 740 668 1089 663 908
390 1118 1344 118 717 934 1417 1065 755 0 1075 247 145 1310 1155 703 703 690 678 724 556 906 476 438 787 1070 405 206 1080 309 905 683 1257 1305 1259 787 902 723 1241 1035 1495 918 580 1106 412 50 146 1493 1296 1337 458 661 957 1010 319 678
789 716 874 987 1412 800 946 80 786 1075 0 1184 961 839 270 411 1252 1432 1227 1274 1342 937 867 988 1337 91 1034 1143 141 1246 937 1232 787 834 788 654 933 589 332 567 1025 450 679 652 1042 1049 969 1022 826 866 654 624 360 876 983 1227
500 1227 1453 227 619 1043 1526 1174 864 247 1184 0 254 1419 1264 812 605 592 580 627 459 1015 585 341 690 1179 307 161 1189 95 1015 585 1366 1414 1368 897 1011 832 1350 1144 1605 1027 689 1215 315 222 255 1602 1406 1446 567 770 1066 1119 428 580
276 1003 1230 91 723 819 1303 951 641 145 961 254 0 1196 1041 589 650 697 625 671 563 792 362 385 734 955 411 212 965 315 791 630 1143 1191 1144 673 788 608 1127 921 1381 804 466 991 419 119 74 1379 1182 1223 344 547 843 896 205 625
1024 651 99 1222 1647 779 655 829 1147 1310 839 1419 1196 0 919 772 1487 1667 1462 1509 1576 1298 1101 1223 1572 833 1269 1378 844 1480 1297 1467 94 60 95 889 1294 824 1005 502 734 425 914 587 1276 1284 1204 732 535 141 889 859 528 812 1218 1462
870 796 954 1067 1492 880 1026 260 867 1155 270 1264 1041 919 0 491 1332 1512 1308 1354 1422 1017 947 1068 1417 271 1114 1223 330 1326 1017 1313 867 915 868 734 1013 669 259 647 1105 530 759 733 1122 1130 1050 1103 906 946 734 704 440 957 1064 1308
417 648 806 615 1040 733 879 401 414 703 411 812 589 772 491 0 880 1060 855 902 969 565 503 615 964 406 662 771 416 873 564 860 719 767 720 587 561 522 577 500 957 383 607 585 669 677 597 955 758 799 485 557 293 809 611 855
567 1295 1521 676 594 1111 1594 1242 932 703 1252 605 650 1487 1332 880 0 614 153 456 732 1083 653 297 348 1247 425 616 1257 666 1082 157 1434 1482 1436 964 1079 900 1418 1212 1672 1095 757 1283 432 677 658 1670 1473 1514 635 838 1134 1187 672 410
748 1475 1701 670 67 1291 1774 1422 1112 690 1432 592 697 1667 1512 1060 614 0 590 330 449 1263 833 477 699 1427 568 604 1437 654 1262 595 1614 1662 1616 1145 1259 1080 1598 1392 1852 1275 937 1463 576 665 698 1850 1653 1694 815 1018 1314 1367 852 220
543 1270 1497 651 570 1086 1569 1217 908 678 1227 580 625 1462 1308 855 153 590 0 432 707 1058 628 273 223 1222 400 591 1232 642 1058 132 1410 1458 1411 940 1054 875 1393 1187 1648 1070 732 1258 407 652 633 1646 1449 1489 611 814 1109 1162 647 385
589 1316 1543 697 310 1132 1616 1264 954 724 1274 627 671 1509 1354 902 456 330 432 0 740 1105 675 319 541 1268 446 638 1278 688 1104 436 1456 1504 1457 986 1101 921 1440 1234 1694 1117 779 1304 454 699 680 1692 1495 1536 657 860 1156 1209 694 126
571 1298 1525 299 661 1114 1597 1246 936 319 1256 221 325 1490 1336 883 646 634 622 668 0 1086 656 382 731 1250 348 232 1260 283 1086 627 1438 1486 1439 968 1082 903 1421 1215 1676 1099 760 1286 356 293 327 1674 1477 1517 639 842 1137 1190 500 622
620 1175 1332 818 1243 1163 1405 927 260 906 937 1015 792 1298 1017 565 1083 1263 1058 1105 1172 0 706 819 1168 932 865 974 942 1077 281 1063 1245 1293 1247 1017 278 952 1103 1026 1483 909 810 1111 873 880 800 1481 1284 1325 688 891 819 1240 814 1058
71 749 1095 338 763 565 1132 816 506 427 825 536 312 1060 906 453 604 784 579 625 693 656 0 339 688 820 386 494 830 597 656 584 1008 1056 1009 419 652 354 991 785 1211 668 212 737 393 401 321 1209 1047 1087 209 293 707 642 335 579
303 1030 1257 411 457 846 1329 978 668 438 988 341 385 1223 1068 615 297 477 273 319 468 819 389 0 382 982 160 352 992 402 818 278 1170 1218 1171 700 815 635 1153 948 1408 831 493 1018 168 413 394 1406 1209 1250 371 574 869 923 408 273
652 1379 1606 760 679 1195 1678 1327 1017 787 1337 690 734 1572 1417 964 348 699 223 541 817 1168 738 382 0 1331 509 701 1341 751 1167 214 1519 1567 1520 1049 1164 984 1502 1297 1757 1180 842 1367 517 762 743 1755 1558 1599 720 923 1219 1272 757 494
784 710 868 981 1406 794 940 81 781 1070 91 1179 955 833 271 406 1247 1427 1222 1268 1336 932 861 982 1331 0 1029 1137 135 1240 931 1227 781 829 782 648 928 583 333 561 1019 445 674 647 1036 1044 964 1017 820 861 649 618 355 871 978 1222
350 1077 1303 385 584 893 1376 1024 714 405 1034 307 411 1269 1114 662 425 568 400 446 434 865 435 160 509 1029 0 318 1039 369 864 405 1216 1264 1218 747 861 682 1200 994 1454 877 539 1065 36 379 413 1452 1255 1296 417 620 916 969 454 400
458 1186 1412 186 630 1002 1485 1133 823 206 1143 161 212 1378 1223 771 616 604 591 638 470 974 544 352 701 1137 318 0 1148 222 973 596 1325 1373 1326 855 970 790 1309 1103 1563 986 648 1174 326 180 214 1561 1364 1405 526 729 1025 1078 387 591
794 720 878 991 1416 805 951 131 791 1080 141 1189 965 844 330 416 1257 1437 1232 1278 1346 942 871 992 1341 135 1039 1148 0 1250 941 1237 791 839 792 658 938 594 392 572 1029 455 684 657 1046 1054 974 1027 830 871 659 628 365 881 988 1232
561 1288 1515 289 681 1104 1587 1236 926 309 1246 95 315 1480 1326 873 666 654 642 688 520 1077 646 402 751 1240 369 222 1250 0 1076 647 1428 1476 1429 958 1073 893 1411 1205 1666 1089 750 1276 376 283 317 1664 1467 1508 629 832 1127 1181 490 642
620 1174 1332 817 1242 1163 1404 927 174 905 937 1015 791 1297 1017 564 1082 1262 1058 1104 1172 281 705 818 1167 931 864 973 941 1076 0 1063 1245 1293 1246 1017 37 952 1102 1025 1483 908 809 1111 872 880 800 1481 1284 1324 688 891 818 1239 814 1058
548 1275 1502 656 575 1091 1574 1222 913 683 1232 585 630 1467 1313 860 157 595 132 436 712 1063 633 278 214 1227 405 596 1237 647 1063 0 1415 1463 1416 945 1059 880 1398 1192 1653 1075 737 1263 412 657 638 1651 1454 1494 615 819 1114 1167 652 390
972 598 128 1169 1594 727 603 777 1095 1257 787 1366 1143 94 867 719 1434 1614 1410 1456 1524 1245 1049 1170 1519 781 1216 1325 791 1428 1245 1415 0 89 42 836 1241 771 952 449 682 372 862 535 1224 1232 1152 680 483 121 836 806 475 760 1166 1410
1020 646 90 1217 1642 775 651 825 1143 1305 834 1414 1191 60 915 767 1482 1662 1458 1504 1572 1293 1097 1218 1567 829 1264 1373 839 1476 1293 1463 89 0 90 884 1289 819 1000 497 730 420 909 583 1272 1280 1200 728 531 136 884 854 523 807 1214 1458
973 599 129 1170 1595 728 604 778 1096 1259 788 1368 1144 95 868 720 1436 1616 1411 1457 1525 1247 1050 1171 1520 782 1218 1326 792 1429 1246 1416 42 90 0 837 1243 772 953 450 683 373 863 536 1225 1233 1153 681 484 122 838 807 476 761 1167 1411
439 407 923 705 1130 223 790 644 872 793 654 902 679 889 734 587 970 1150 946 992 1060 1023 410 706 1055 648 752 861 658 964 1023 950 836 884 837 0 1019 116 820 481 869 497 222 395 760 768 687 867 875 916 372 167 536 300 701 946
616 1171 1328 814 1239 1159 1401 923 170 902 933 1011 788 1294 1013 561 1079 1259 1054 1101 1168 278 702 815 1164 928 861 970 938 1073 37 1059 1241 1289 1243 1013 0 948 1099 1022 1479 905 806 1107 868 876 796 1477 1280 1321 684 887 815 1236 810 1054
374 446 858 640 1065 262 829 579 807 728 589 837 614 824 669 522 905 1085 881 927 995 958 345 641 990 583 687 796 594 899 958 886 771 819 772 116 954 0 755 520 907 432 157 434 695 703 622 905 810 851 307 102 471 338 636 881
955 882 1039 1153 1578 966 1112 322 952 1241 332 1350 1127 1005 259 577 1418 1598 1393 1440 1507 1103 1032 1153 1502 333 1200 1309 392 1411 1102 1398 952 1000 953 820 1099 755 0 733 1190 616 845 818 1207 1215 1135 1188 991 1032 820 790 526 1042 1149 1393
749 163 536 947 1372 292 431 557 875 1035 567 1144 921 502 647 500 1212 1392 1187 1234 1301 1026 826 948 1297 561 994 1103 572 1205 1025 1192 449 497 450 614 1022 549 733 0 510 150 639 100 1001 1009 929 508 488 529 614 584 344 324 943 1187
1210 659 719 1407 1832 787 116 1015 1333 1495 1025 1605 1381 734 1105 957 1672 1852 1648 1694 1762 1483 1237 1408 1757 1019 1454 1563 1029 1666 1483 1653 682 730 683 1074 1479 1009 1190 510 0 610 1100 596 1462 1470 1390 36 356 761 1074 1044 713 820 1404 1648
632 299 459 830 1255 427 532 440 758 918 450 1027 804 425 530 383 1095 1275 1070 1117 1184 909 710 831 1180 445 877 986 455 1089 908 1075 372 420 373 497 905 432 616 150 610 0 522 235 885 892 812 608 411 452 497 467 266 460 826 1070
231 553 949 498 924 368 935 669 666 587 679 696 472 914 759 612 764 944 739 785 853 816 202 499 848 674 546 655 684 757 816 744 862 909 863 222 812 157 845 626 1014 522 0 540 553 561 481 1012 901 941 369 96 561 445 495 739
835 77 622 1032 1457 205 517 642 961 1120 652 1229 1006 587 733 585 1297 1477 1273 1319 1387 1111 912 1033 1382 647 1079 1188 657 1291 1111 1278 535 583 536 699 1107 634 818 100 596 235 724 0 1087 1095 1015 593 574 614 699 669 429 238 1029 1273
357 1084 1311 392 592 900 1383 1032 722 412 1042 315 419 1276 1122 669 432 576 407 454 442 873 442 168 517 1036 36 326 1046 376 872 412 1224 1272 1225 754 868 689 1207 1001 1462 885 546 1072 0 387 420 1460 1263 1303 425 628 923 976 462 407
365 1092 1319 93 691 908 1391 1039 730 50 1049 222 119 1284 1130 677 677 665 652 699 531 880 450 413 762 1044 379 180 1054 283 880 657 1232 1280 1233 762 876 697 1215 1009 1470 892 554 1080 387 0 120 1468 1271 1311 432 636 931 984 294 652
285 1012 1239 100 725 828 1311 959 649 146 969 255 74 1204 1050 597 658 698 633 680 564 800 370 394 743 964 413 214 974 317 800 638 1152 1200 1153 682 796 617 1135 929 1390 812 474 1000 420 120 0 1388 1191 1231 352 556 851 904 214 633
1208 657 717 1405 1830 785 114 1013 1331 1493 1022 1602 1379 732 1103 955 1670 1850 1646 1692 1760 1481 1235 1406 1755 1017 1452 1561 1027 1664 1481 1651 680 728 681 1072 1477 1007 1188 508 36 608 1097 593 1460 1468 1388 0 354 759 1072 1042 711 818 1402 1646
1011 637 570 1208 1633 766 278 816 1134 1296 826 1406 1182 535 906 758 1473 1653 1449 1495 1563 1284 1088 1209 1558 820 1255 1364 830 1467 1284 1454 483 531 484 875 1280 810 991 488 356 411 901 574 1263 1271 1191 354 0 562 875 845 514 799 1205 1449
1051 678 175 1249 1674 806 683 856 1174 1337 866 1446 1223 141 946 799 1514 1694 1489 1536 1603 1325 1129 1250 1599 861 1296 1405 871 1508 1324 1494 121 136 122 916 1321 851 1032 529 761 452 941 614 1303 1311 1231 759 562 0 916 886 555 839 1245 1489
173 702 923 370 795 518 996 644 537 458 654 567 344 889 734 485 635 815 611 657 725 688 258 371 720 649 417 526 659 629 688 615 836 884 838 372 684 307 820 614 1074 497 362 690 425 432 352 1072 875 916 0 342 536 595 366 611
313 497 893 580 1005 313 880 614 747 668 624 777 554 859 704 557 845 1025 821 867 935 898 284 581 930 618 627 736 628 839 898 825 806 854 807 167 894 102 790 571 958 467 96 485 635 642 562 956 845 886 342 0 506 389 576 820
671 492 562 869 1294 621 635 350 668 957 360 1066 843 528 440 293 1134 1314 1109 1156 1223 819 748 869 1219 355 916 1025 365 1127 818 1114 475 523 476 536 815 471 526 344 713 266 561 429 923 931 851 711 514 555 536 506 0 654 865 1109
1059 250 847 1257 1682 110 742 867 1185 1345 877 1454 1231 812 957 810 1522 1702 1497 1544 1612 1336 1137 1258 1607 872 1304 1413 882 1516 1336 1502 760 807 761 924 1332 859 1043 324 820 460 949 238 1312 1319 1239 818 799 839 924 894 654 0 1253 1497
299 1026 1253 231 832 842 1325 973 663 319 983 428 205 1218 1064 611 672 852 647 694 738 814 384 408 757 978 454 387 988 490 814 652 1166 1214 1167 696 810 631 1149 943 1404 826 488 1014 462 294 214 1402 1205 1245 366 570 865 918 0 647
543 1270 1497 651 200 1086 1569 1217 908 678 1227 580 625 1462 1308 855 410 220 385 126 630 1058 628 273 494 1222 400 591 1232 642 1058 390 1410 1458 1411 940 1054 875 1393 1187 1648 1070 732 1258 407 652 633 1646 1449 1489 611 814 1109 1162 647 0
EOF