NAME : tsp_problem
TYPE : TSP
DIMENSION : 58
EDGE_WEIGHT_TYPE : EXPLICIT
EDGE_WEIGHT_FORMAT : FULL_MATRIX
EDGE_WEIGHT_SECTION
0 951 1081 881 1400 974 1533 669 1868 1015 559 1093 461 349 958 510 1604 1739 867 897 352 1680 1412 1430 1244 273 560 1509 962 1583 1196 889 1311 701 1150 302 1288 859 882 1026 1453 1418 498 656 692 836 888 510 1807 1693 814 1415 84 1493 670 269 1620 1734
951 0 723 523 916 616 1175 611 1510 657 442 167 891 865 600 504 1246 1381 160 813 868 1322 1054 1072 886 757 419 1151 71 1225 712 406 953 643 792 786 930 801 524 668 1905 1060 491 598 634 478 404 940 1449 1335 1266 1057 970 1135 655 845 1262 1376
1081 723 0 322 811 144 527 637 1038 366 698 866 1020 996 175 631 774 908 640 437 999 850 406 600 413 888 546 679 735 752 608 611 481 616 240 917 281 454 235 87 1830 588 619 656 686 327 622 985 977 863 1191 584 1101 662 742 975 789 904
881 523 322 0 834 214 734 538 1061 208 498 666 821 796 199 431 797 931 439 412 798 873 613 623 437 688 346 702 535 775 631 462 504 570 343 716 528 429 122 266 1805 611 418 525 561 127 460 871 1000 886 1166 607 900 685 583 775 812 927
1400 916 805 834 0 873 1004 1060 1331 659 890 1058 1340 1314 905 952 1067 1202 832 1167 1317 1143 883 893 707 1206 867 972 927 1045 319 537 774 1092 613 1235 803 1183 883 816 2354 881 940 1047 1083 887 548 1389 1270 1156 1715 877 1419 956 1104 1294 1082 1197
974 616 144 214 880 0 595 529 1106 348 590 758 912 888 87 523 843 977 532 330 891 919 474 668 482 780 438 747 627 821 676 554 549 508 309 809 350 346 127 88 1722 656 511 548 579 220 553 877 1045 931 1083 653 993 731 635 868 858 972
1105 1135 1265 1065 1584 1157 0 675 2052 1199 744 1278 820 1020 1142 694 1788 1922 1051 902 1023 1864 1192 1614 1427 912 744 1693 1147 1766 1380 1074 1495 706 1276 941 1377 864 1065 1209 1630 1602 682 661 698 1020 1072 785 1991 1877 991 1598 1125 1676 542 999 1803 1918
669 611 739 538 1060 631 1168 0 1526 672 307 754 516 584 616 219 1262 1396 527 252 587 1338 1007 1088 901 476 218 1166 623 1240 856 550 968 56 808 504 945 214 539 683 1445 1075 206 43 74 493 548 481 1464 1350 806 1072 688 1150 192 563 1277 1391
1868 1510 1031 1061 1331 1100 1231 1526 0 886 1485 1653 1809 1783 1131 1418 787 922 1426 1394 1786 863 1110 613 820 1675 1333 692 1522 475 1127 1131 749 1557 840 1703 1030 1410 1110 1043 2786 471 1405 1512 1549 1114 1142 1858 285 876 2147 545 1887 511 1570 1762 802 917
1015 657 359 208 659 348 559 672 886 0 631 799 955 929 333 565 622 756 573 546 932 698 438 448 262 821 480 527 668 600 456 459 329 704 168 850 358 562 256 371 1939 436 552 659 695 261 470 1004 825 711 1300 432 1034 510 716 909 637 752
559 442 698 498 890 590 1150 307 1485 631 0 584 500 474 575 148 1221 1355 358 535 477 1297 1029 1047 860 366 198 1126 453 1199 687 380 928 339 767 394 904 497 498 642 1513 1034 136 294 330 453 378 549 1423 1309 874 1031 578 1109 322 453 1236 1350
1093 167 866 666 1058 758 1318 754 1653 799 584 0 1034 1008 743 646 1389 1523 253 956 1011 1465 1197 1215 1028 900 561 1294 155 1367 855 548 1096 785 935 929 1072 943 666 810 2048 1202 633 740 777 621 546 1083 1592 1477 1409 1199 1112 1277 798 987 1404 1518
461 891 1022 821 1340 914 1299 516 1809 955 500 1034 0 639 899 450 1545 1679 807 744 641 1621 1138 1371 1184 531 501 1450 903 1523 1136 830 1252 548 1091 559 1228 706 822 966 1130 1358 438 503 540 777 828 89 1747 1633 491 1355 420 1433 384 618 1560 1674
349 865 996 796 1314 888 1448 584 1783 929 474 1008 639 0 873 424 1519 1653 782 811 69 1595 1327 1345 1158 153 475 1424 877 1497 1110 804 1226 615 1065 131 1202 773 796 940 1729 1332 412 570 607 751 802 688 1722 1607 1090 1329 368 1407 585 157 1534 1648
958 600 175 199 912 87 627 514 1138 333 575 743 897 873 0 508 874 1009 516 314 876 950 506 700 514 765 423 779 612 852 708 539 581 493 341 793 382 331 112 119 1707 688 495 533 563 204 537 862 1077 963 1068 685 977 763 619 852 889 1004
510 504 631 431 952 523 1083 219 1418 565 148 646 450 424 508 0 1154 1288 420 446 427 1230 962 980 794 316 110 1059 515 1132 749 442 861 251 700 345 837 409 431 575 1464 968 75 206 242 386 440 499 1357 1243 825 964 529 1042 263 404 1169 1284
1604 1246 767 797 1067 836 967 1262 787 622 1221 1389 1545 1519 868 1154 0 311 1163 1130 1522 339 846 216 580 1411 1069 129 1258 412 864 867 648 1293 576 1440 766 1146 846 779 2522 456 1142 1248 1285 850 878 1594 637 352 1883 453 1623 531 1306 1498 278 393
1739 1381 902 931 1202 970 1101 1396 922 756 1355 1523 1679 1653 1002 1288 311 0 1297 1264 1656 241 980 350 714 1545 1203 279 1392 547 998 1002 782 1428 710 1574 900 1280 980 913 2657 590 1276 1383 1419 984 1013 1728 771 254 2018 587 1758 665 1440 1633 180 295
867 160 640 439 832 532 1091 527 1426 573 358 253 807 782 516 420 1163 1297 0 730 784 1238 970 988 802 674 335 1067 171 1141 628 322 869 559 708 702 846 717 440 584 1821 976 407 514 550 394 320 857 1365 1251 1182 973 886 1051 572 761 1178 1292
897 839 966 766 1287 859 1325 252 1753 900 535 981 744 811 843 446 1489 1623 755 0 814 1565 1164 1315 1129 703 445 1394 850 1467 1084 777 1196 231 1035 732 1173 69 767 910 1602 1303 434 271 302 721 775 709 1692 1578 963 1299 916 1377 420 791 1504 1619
352 868 999 798 1317 891 1451 587 1786 932 477 1011 641 69 876 427 1522 1656 784 814 0 1598 1330 1348 1161 156 478 1426 880 1500 1113 807 1228 618 1068 134 1205 776 799 943 1732 1335 415 573 610 753 805 691 1724 1610 1093 1332 371 1410 588 160 1537 1651
1680 1322 843 873 1143 912 1043 1338 863 698 1297 1465 1621 1595 943 1230 339 241 1238 1206 1598 0 922 292 656 1487 1145 276 1334 488 939 943 723 1369 652 1515 842 1222 922 855 2598 532 1217 1324 1361 926 954 1670 713 59 1959 529 1699 607 1382 1574 88 67
1229 871 223 421 692 292 423 785 918 246 845 1013 1168 1143 323 778 654 789 787 585 1146 730 0 480 294 1035 693 559 882 632 488 492 361 764 121 1064 222 602 383 235 1978 468 766 804 834 474 503 1133 857 743 1339 465 1248 543 891 1123 669 784
1430 1072 593 623 893 662 793 1088 613 448 1047 1215 1371 1345 693 980 216 350 988 956 1348 292 672 0 406 1237 895 121 1084 238 689 693 473 1119 402 1265 592 972 672 605 2348 282 967 1074 1111 676 704 1420 463 304 1709 279 1449 357 1132 1324 231 345
1244 886 407 437 707 475 607 901 820 262 860 1028 1184 1158 507 794 580 714 802 769 1161 656 486 406 0 1050 708 485 897 558 503 507 111 933 215 1079 406 786 485 418 2162 392 781 888 924 490 518 1233 783 669 1523 390 1263 466 945 1138 595 710
273 757 888 688 1206 780 1340 476 1675 821 366 900 531 153 765 316 1411 1545 674 703 156 1487 1219 1237 1050 0 367 1316 769 1389 1002 696 1118 507 957 74 1094 665 688 832 1621 1224 304 462 499 643 694 580 1614 1499 982 1221 292 1299 477 133 1426 1540
560 419 546 346 867 438 998 218 1333 480 198 561 501 475 423 110 1069 1203 335 445 478 1145 877 895 708 367 0 974 430 1047 664 357 776 249 615 395 752 407 346 490 1514 883 97 204 241 301 355 550 1272 1157 875 879 579 957 262 454 1084 1199
1509 1151 672 702 972 741 872 1166 692 527 1126 1294 1450 1424 772 1059 129 279 1067 1034 1426 276 751 121 485 1316 974 0 1163 317 768 772 552 1198 481 1344 671 1051 751 684 2427 361 1046 1153 1190 755 783 1499 542 289 1788 357 1528 436 1211 1403 215 330
962 71 735 535 927 627 1187 623 1522 668 453 155 903 877 612 515 1258 1392 171 825 880 1334 1066 1084 897 769 430 1163 0 1236 724 417 965 654 804 798 941 812 535 679 1917 1071 502 609 646 490 415 952 1461 1346 1278 1068 982 1146 667 856 1273 1387
1583 1225 745 775 1045 814 945 1240 475 600 1199 1367 1523 1497 846 1132 412 547 1141 1108 1500 488 824 238 558 1389 1047 317 1236 0 842 845 626 1272 554 1418 744 1124 824 757 2500 434 1120 1226 1263 828 857 1572 325 501 1861 431 1602 509 1284 1476 428 542
1196 712 601 631 319 669 801 856 1127 456 687 855 1136 1110 701 749 864 998 628 963 1113 939 680 689 503 1002 664 768 724 842 0 333 570 888 409 1031 600 980 679 612 2150 677 736 843 879 684 344 1185 1066 952 1511 674 1215 752 900 1090 879 993
889 406 605 462 537 554 804 550 1131 459 380 548 830 804 539 442 867 1002 322 752 807 943 683 693 507 696 357 772 417 845 333 0 574 581 413 725 603 739 462 606 1844 681 430 536 573 417 72 879 1070 956 1205 677 909 756 594 783 882 997
1311 953 474 504 774 543 674 968 749 329 928 1096 1252 1226 574 861 648 782 869 836 1228 723 553 473 111 1118 776 552 965 626 570 574 0 1000 283 1146 473 853 553 486 2229 321 848 955 992 557 585 1301 781 736 1590 360 1330 395 1013 1205 663 777
701 643 770 570 1092 663 1200 56 1557 704 339 785 548 615 647 251 1293 1428 559 231 618 1369 1039 1119 933 507 249 1198 654 1272 888 581 1000 0 839 536 977 194 571 715 1477 1107 238 75 106 525 580 513 1496 1382 838 1104 720 1182 224 595 1308 1423
1150 792 234 343 613 302 434 795 840 168 767 935 1091 1065 334 700 576 710 708 596 1068 652 313 402 215 957 615 481 804 554 409 413 283 775 0 985 233 613 392 245 1989 389 687 794 831 396 424 1140 779 664 1350 386 1169 464 852 1044 591 705
302 786 917 716 1235 809 1368 504 1703 850 394 929 559 131 793 345 1440 1574 702 732 134 1515 1247 1265 1079 74 395 1344 798 1418 1031 725 1146 536 985 0 1123 694 717 861 1650 1253 333 491 527 671 723 608 1642 1528 1011 1250 321 1328 505 110 1455 1569
1288 930 281 528 810 350 526 843 1037 365 904 1072 1226 1202 382 837 773 907 846 644 1205 849 405 599 412 1094 752 678 941 751 606 610 480 822 239 1123 0 660 441 293 2036 587 825 862 893 534 621 1191 976 862 1397 583 1307 661 949 1182 788 903
859 801 928 728 1250 821 1342 214 1715 862 497 943 706 773 805 409 1451 1586 717 69 776 1527 1180 1277 1091 665 407 1356 812 1430 1046 739 1158 194 997 694 1135 0 729 873 1619 1265 396 233 264 683 738 671 1654 1540 980 1262 878 1340 382 753 1467 1581
882 524 235 122 883 127 687 524 1110 256 498 666 822 796 112 431 846 980 440 325 799 922 566 672 485 688 346 751 535 824 679 462 553 503 392 717 441 341 0 179 1717 659 419 526 562 128 461 871 1048 934 1078 656 901 734 583 776 861 975
1026 668 87 266 823 88 538 581 1050 378 642 810 964 940 119 575 786 920 584 382 943 862 417 612 425 832 490 690 679 764 619 606 492 560 252 861 293 398 179 0 1774 599 563 600 631 271 604 929 988 874 1135 596 1045 674 687 920 801 915
1913 1943 2073 1872 2392 1965 2118 1482 2838 2006 1551 2085 1628 1827 1949 1502 2574 2709 1859 1710 1830 2650 1957 2400 2214 1719 1551 2479 1954 2553 2188 1881 2281 1514 2041 1748 2142 1672 1873 2017 0 2388 1489 1469 1505 1827 1880 1593 2777 2663 687 2385 1932 2463 1350 1807 2589 2704
1418 1060 581 611 881 649 781 1075 471 436 1034 1202 1358 1332 681 968 456 590 976 943 1335 532 660 282 392 1224 883 361 1071 434 677 681 321 1107 389 1253 580 960 659 592 2336 0 955 1062 1098 664 692 1407 503 545 1697 95 1437 96 1119 1312 471 586
498 491 619 418 940 511 1070 206 1405 552 136 633 438 412 495 75 1142 1276 407 434 415 1217 949 967 781 304 97 1046 502 1120 736 430 848 238 687 333 825 396 419 563 1452 955 0 193 229 373 428 487 1344 1230 813 952 517 1030 250 391 1157 1271
656 598 725 525 1047 618 1155 43 1512 659 294 740 503 570 602 206 1248 1383 514 271 573 1324 994 1074 888 462 204 1153 609 1226 843 536 955 75 794 491 932 233 526 670 1432 1062 193 0 66 480 535 468 1451 1337 793 1058 675 1137 179 550 1263 1378
692 634 762 561 1083 654 1191 74 1549 695 330 777 540 607 639 242 1285 1419 550 302 610 1361 1030 1111 924 499 241 1190 646 1263 879 573 992 106 831 527 968 264 562 706 1468 1098 229 66 0 517 571 504 1487 1373 829 1095 711 1173 215 586 1300 1414
836 478 327 127 887 220 779 493 1114 261 453 621 777 751 204 386 850 984 394 417 753 926 658 676 490 643 301 755 490 828 684 417 557 525 396 671 534 434 128 271 1790 664 373 480 517 0 415 826 1053 939 1151 660 855 738 538 730 865 980
888 404 616 460 548 553 815 548 1142 470 378 546 828 802 537 440 878 1013 320 750 805 954 694 704 518 694 355 783 415 857 344 72 585 580 424 723 615 738 461 604 1842 692 428 535 571 415 0 877 1081 967 1203 689 907 767 592 782 893 1008
510 940 1071 871 1389 963 1264 481 1858 1004 549 1083 89 688 948 499 1594 1728 857 709 691 1670 1102 1420 1233 580 550 1499 952 1572 1185 879 1301 513 1140 608 1277 671 871 1015 1079 1407 487 468 504 826 877 0 1797 1682 440 1404 469 1482 349 667 1609 1723
1807 1449 970 1000 1270 1039 1170 1464 285 825 1423 1592 1747 1722 1070 1357 637 771 1365 1332 1724 713 1049 463 783 1614 1272 542 1461 325 1066 1070 781 1496 779 1642 969 1349 1048 982 2725 503 1344 1451 1487 1053 1081 1797 0 726 2086 577 1826 543 1509 1701 652 767
1693 1335 856 886 1156 924 1056 1350 876 711 1309 1477 1633 1607 956 1243 352 254 1251 1218 1610 59 935 304 669 1499 1157 289 1346 501 952 956 736 1382 664 1528 855 1235 934 867 2611 545 1230 1337 1373 939 967 1682 726 0 1972 541 1712 619 1394 1587 101 54
1380 1410 1540 1340 1859 1432 1585 949 2305 1473 1018 1552 1095 1295 1417 969 2042 2176 1326 1177 1297 2117 1424 1867 1681 1187 1019 1946 1421 2020 1655 1348 1748 981 1508 1215 1609 1139 1340 1484 681 1855 956 936 972 1295 1347 1060 2244 2130 0 1852 1399 1930 817 1274 2057 2171
1415 1057 577 607 877 646 777 1072 545 432 1031 1199 1355 1329 678 964 453 587 973 940 1332 529 656 279 390 1221 879 357 1068 431 674 677 360 1104 386 1250 576 956 656 589 2332 95 952 1058 1095 660 689 1404 577 541 1694 0 1434 169 1116 1309 468 582
84 970 1101 900 1419 993 1552 688 1887 1034 578 1112 420 368 977 529 1623 1758 886 916 371 1699 1431 1449 1263 292 579 1528 982 1602 1215 909 1330 720 1169 321 1307 878 901 1045 1412 1437 517 675 711 855 907 469 1826 1712 773 1434 0 1512 689 289 1639 1753
1493 1135 656 685 956 724 855 1150 511 510 1109 1277 1433 1407 756 1042 531 665 1051 1018 1410 607 734 357 466 1299 957 436 1146 509 752 756 395 1182 464 1328 654 1034 734 667 2411 96 1030 1137 1173 738 767 1482 543 619 1772 169 1512 0 1194 1387 546 660
670 655 783 583 1104 675 1036 192 1570 716 308 798 384 584 660 258 1306 1440 572 420 587 1382 875 1132 945 476 262 1211 667 1284 900 594 1013 224 852 505 989 382 583 727 1313 1119 246 179 215 538 592 349 1509 1394 674 1116 689 1194 0 564 1321 1435
269 845 975 775 1294 868 1427 563 1762 909 453 987 618 157 852 404 1498 1633 761 791 160 1574 1306 1324 1138 133 454 1403 856 1476 1090 783 1205 595 1044 110 1182 753 776 920 1658 1312 391 550 586 730 782 667 1701 1587 1019 1309 289 1387 564 0 1513 1628
1620 1262 782 812 1082 851 982 1277 802 637 1236 1404 1560 1534 883 1169 278 180 1178 1145 1537 88 861 231 595 1426 1084 215 1273 428 879 882 663 1308 591 1455 781 1161 861 794 2537 471 1157 1263 1300 865 893 1609 652 101 1898 468 1639 546 1321 1513 0 142
1734 1376 897 927 1197 965 1097 1391 917 752 1350 1518 1674 1648 997 1284 393 295 1292 1259 1651 67 976 345 710 1540 1199 330 1387 542 993 997 777 1423 705 1569 896 1276 975 908 2652 586 1271 1378 1414 980 1008 1723 767 54 2013 582 1753 660 1435 1628 142 0
EOF