NAME : tsp_problem
TYPE : TSP
DIMENSION : 74
EDGE_WEIGHT_TYPE : EXPLICIT
EDGE_WEIGHT_FORMAT : FULL_MATRIX
EDGE_WEIGHT_SECTION
0 879 697 639 705 603 503 561 1204 163 1169 705 994 683 911 1212 902 1085 309 642 388 1101 563 351 532 972 522 675 453 840 815 68 534 187 1125 631 1204 658 247 350 892 116 493 773 619 679 801 615 326 258 928 660 523 639 967 632 763 587 581 151 705 458 435 798 205 308 714 766 319 885 704 564 935 479
879 0 997 597 257 903 652 753 508 872 473 589 298 460 181 516 243 388 710 310 518 405 392 864 741 333 822 616 754 428 329 908 591 1026 428 932 508 253 974 562 188 971 473 194 510 620 389 355 758 771 289 601 430 524 454 320 278 887 647 863 1005 450 510 106 917 821 357 426 986 69 913 454 238 779
697 942 0 970 768 218 401 892 1107 693 1180 636 1201 1000 974 1077 1146 1292 786 730 619 1308 812 462 430 1236 299 1006 296 1156 1131 726 432 624 1138 109 1069 721 572 663 955 716 703 1089 936 1010 1117 932 834 482 1192 991 668 571 1283 740 826 201 911 681 352 628 573 861 728 423 777 1082 584 973 455 880 1142 321
639 597 970 0 429 876 617 200 878 538 843 670 661 263 635 887 489 710 376 316 404 703 237 667 740 558 795 80 727 426 401 668 672 803 799 905 879 382 778 366 616 732 509 447 139 83 387 290 376 531 515 65 511 605 553 306 487 860 94 534 978 473 450 522 677 582 413 352 790 559 912 191 609 752
705 257 824 429 0 730 479 585 726 699 691 415 517 406 289 735 461 607 537 136 344 623 219 690 567 551 649 449 580 563 537 734 417 852 647 758 727 79 801 388 270 798 299 413 342 452 523 338 584 597 508 433 256 350 672 146 141 713 479 689 832 276 337 177 743 648 183 489 812 288 740 287 457 605
603 848 218 876 674 0 307 798 1012 599 1086 542 1107 905 879 983 1052 1197 692 635 525 1214 718 367 336 1142 205 912 201 1062 1037 631 338 530 1044 152 975 626 478 569 861 622 609 995 841 916 1023 838 740 388 1098 897 574 477 1189 645 732 86 817 586 257 534 479 767 633 328 683 988 490 878 361 786 1047 227
503 652 401 617 479 307 0 538 1121 499 1086 346 912 660 684 1130 856 1002 432 440 240 1018 523 267 145 946 226 652 158 817 792 531 87 430 1042 336 1122 431 378 284 665 522 324 750 596 656 778 593 480 288 902 637 354 281 944 450 536 291 558 486 409 255 193 571 533 228 487 743 390 683 317 541 852 183
561 753 892 200 585 798 538 0 1034 460 999 642 817 419 791 1043 645 866 298 472 326 859 393 589 662 714 717 236 649 582 557 590 604 725 955 827 1035 538 700 288 772 654 431 603 295 240 543 446 298 453 671 221 460 577 709 462 643 782 141 456 900 395 372 678 599 503 570 509 712 715 834 347 765 674
1204 508 1205 878 726 1111 1121 1034 0 1197 276 1058 579 741 547 173 524 669 1035 778 968 686 734 1232 1210 614 1089 897 1152 709 610 1232 1060 1368 234 1139 66 722 1343 930 553 1296 941 475 791 901 670 636 1083 1096 570 882 898 993 735 788 747 1095 928 1188 1142 919 979 575 1242 1146 826 707 1354 469 1245 735 519 1130
163 872 693 538 699 599 499 460 1197 0 1162 698 988 676 904 1206 896 1078 188 635 382 1094 556 368 528 965 518 573 450 833 808 192 530 327 1118 628 1198 651 386 343 885 256 486 766 612 577 794 609 205 254 921 558 516 633 960 625 756 583 479 38 701 451 428 792 201 305 707 759 315 878 701 557 928 475
1169 473 1278 843 691 1184 1086 999 276 1162 0 1023 544 706 512 127 489 634 1000 743 933 651 699 1197 1175 579 1163 862 1188 674 575 1197 1025 1333 140 1213 239 687 1308 895 518 1261 906 440 756 866 635 601 1048 1061 535 847 863 958 700 753 712 1168 893 1152 1215 884 944 540 1207 1111 791 672 1319 434 1318 700 484 1203
705 589 692 670 415 597 346 642 1058 698 1023 0 848 647 621 1066 793 939 536 377 344 955 459 558 435 883 516 689 448 804 778 733 285 720 979 626 1059 368 668 387 602 797 358 736 583 693 764 579 584 578 839 674 315 157 930 387 473 581 661 688 699 275 336 508 743 518 424 730 680 620 608 528 789 473
994 298 1257 661 517 1163 912 817 579 988 544 848 0 510 337 588 211 121 826 569 759 137 524 1022 1000 196 1082 681 1013 321 297 1023 850 1158 500 1191 580 512 1133 721 344 1087 732 265 574 684 303 427 873 886 243 665 689 783 187 579 537 1146 711 978 1265 709 770 366 1032 936 616 442 1145 260 1173 526 93 1038
683 460 1014 263 406 920 660 419 741 676 706 647 510 0 499 749 337 558 515 292 448 551 213 711 783 406 839 282 770 275 249 712 648 847 662 949 741 358 822 410 506 775 530 310 149 286 235 232 562 575 363 267 487 582 401 282 463 904 313 667 1022 508 494 499 721 625 390 201 834 421 956 167 464 796
911 181 1029 635 289 935 684 791 547 904 512 621 337 499 0 555 282 428 742 341 550 444 424 895 773 372 854 654 785 467 368 939 622 1058 468 963 547 284 1006 593 35 1003 504 233 547 658 428 394 790 803 328 639 461 556 493 351 310 919 685 894 1037 482 542 187 949 853 388 465 1018 143 945 492 277 811
1212 516 1176 887 735 1082 1130 1043 173 1206 127 1066 588 749 555 0 532 678 1044 787 977 694 742 1240 1203 622 1060 906 1123 718 618 1241 1068 1376 117 1110 136 730 1351 939 562 1305 950 483 799 910 678 645 1091 1104 579 891 907 1001 743 797 755 1065 937 1196 1113 927 988 584 1250 1154 834 715 1363 478 1216 744 528 1101
902 243 1201 489 461 1107 856 645 524 896 489 793 211 337 282 532 0 302 734 512 667 318 432 930 945 115 1026 508 958 210 111 931 795 1066 445 1136 524 457 1041 629 289 994 677 210 401 512 170 335 781 794 71 493 634 728 247 501 482 1091 539 886 1209 654 713 310 940 844 561 269 1053 205 1117 393 151 983
1085 388 1347 710 607 1253 1002 866 669 1078 634 939 121 558 428 678 302 0 916 659 849 45 615 1113 1091 244 1172 729 1103 369 387 1113 940 1248 590 1281 670 602 1223 811 434 1177 822 356 622 733 351 517 964 977 291 714 779 874 235 669 628 1237 760 1068 1355 800 860 456 1123 1027 706 490 1235 350 1263 614 183 1129
309 710 786 376 537 692 432 298 1035 188 1000 536 826 515 742 1044 734 916 0 473 220 932 394 483 555 803 611 411 542 671 646 338 498 473 956 721 1036 489 532 182 723 401 324 604 451 415 632 447 136 347 759 396 354 471 798 463 594 676 317 184 794 289 266 630 347 397 545 597 461 716 728 395 766 568
642 310 785 316 136 691 440 472 778 635 743 377 569 292 341 787 512 659 473 0 306 675 105 651 529 581 610 335 541 449 424 670 378 806 699 719 779 88 762 349 322 734 260 382 229 339 410 225 521 534 537 320 217 311 576 33 193 674 366 625 793 237 298 229 680 584 120 375 774 340 701 173 509 566
388 518 619 404 344 525 240 326 968 382 933 344 759 448 550 977 667 849 220 306 0 866 327 416 363 736 444 440 376 605 579 417 305 552 889 554 969 297 527 92 531 481 132 537 384 443 565 380 268 280 693 424 162 278 731 316 402 509 345 372 627 97 74 437 426 331 353 531 539 549 535 329 699 401
1101 405 1363 703 623 1269 1018 859 686 1094 651 955 137 551 444 694 318 45 932 675 866 0 631 1129 1107 238 1188 722 1120 363 394 1130 957 1265 607 1298 686 619 1240 827 451 1193 839 372 616 726 344 533 980 993 285 707 796 890 228 686 644 1253 753 1085 1371 816 876 472 1139 1043 723 484 1251 366 1279 607 199 1145
563 392 868 237 219 774 523 393 734 556 699 459 524 213 424 742 432 615 394 105 327 631 0 591 611 502 693 256 624 370 345 591 461 726 655 802 735 171 701 289 405 655 343 303 149 260 331 145 442 455 458 241 300 394 497 95 276 757 287 546 876 320 373 311 600 505 203 296 713 415 784 94 465 649
351 864 462 667 690 367 267 589 1228 368 1197 558 1022 711 895 1199 930 1113 483 651 416 1129 591 0 297 1000 287 703 218 868 843 337 299 186 1153 396 1191 642 134 378 876 278 521 801 647 707 829 643 531 179 956 688 551 492 995 660 747 351 609 355 470 486 439 783 289 120 698 794 146 894 469 592 963 243
532 686 430 740 513 336 145 662 1155 528 1120 380 946 744 718 1164 890 1036 555 474 363 1052 557 297 0 980 255 775 187 901 875 560 176 459 1076 365 1156 465 407 407 699 551 447 833 680 779 861 676 603 317 937 760 412 315 1027 484 570 320 681 516 438 373 316 605 562 257 521 827 419 717 199 625 886 212
972 333 1291 558 551 1197 946 714 614 965 579 883 196 406 372 622 115 244 803 581 736 238 502 1000 1035 0 1116 577 1048 279 180 1000 885 1136 535 1226 614 547 1111 698 379 1064 767 300 471 581 240 404 851 864 71 562 724 818 157 571 572 1181 608 955 1299 744 783 400 1010 914 651 339 1122 295 1207 462 241 1073
522 806 299 795 632 205 226 717 991 518 1064 500 1065 839 838 962 1010 1156 611 593 444 1172 676 287 255 1100 0 831 101 996 971 551 257 449 1022 233 954 584 397 488 819 541 528 929 775 835 956 771 659 307 1056 816 532 435 1122 604 690 189 736 506 215 460 398 725 553 247 641 922 409 836 319 720 1005 126
675 616 1006 80 449 912 652 236 897 573 862 689 681 282 654 906 508 729 411 335 440 722 256 703 775 577 831 0 762 446 420 704 691 839 818 940 898 401 814 401 635 767 544 466 159 40 406 309 411 567 534 60 530 624 572 325 506 895 130 570 1014 509 486 541 713 617 433 372 825 578 947 210 628 787
453 754 296 727 580 201 158 649 1053 450 1127 448 1013 770 785 1024 958 1103 542 541 376 1120 624 218 187 1048 101 762 0 927 902 482 189 381 1085 230 1016 532 329 419 767 473 460 860 707 766 888 703 590 239 1004 747 480 383 1054 551 638 185 668 437 278 391 329 673 484 179 589 853 341 784 359 651 953 57
840 428 1171 426 563 1077 817 582 709 833 674 804 321 275 467 718 210 369 671 449 605 363 370 868 940 279 996 446 927 0 122 869 805 1004 630 1105 710 515 979 566 474 932 687 350 339 449 81 272 719 732 236 430 644 738 213 439 620 1060 476 824 1179 664 651 496 878 782 547 207 991 390 1112 331 337 952
815 329 1146 401 537 1051 792 557 610 808 575 778 297 249 368 618 111 387 646 424 579 394 345 843 915 180 971 420 902 122 0 843 780 979 530 1080 610 490 953 541 374 907 662 296 314 424 83 247 694 707 136 405 619 713 249 414 568 1035 451 798 1154 639 625 396 853 757 522 182 965 290 1087 305 237 927
68 908 726 668 734 631 531 590 1232 192 1197 733 1023 712 939 1241 931 1113 338 670 417 1130 591 337 560 1000 551 704 482 869 843 0 562 174 1153 660 1233 686 233 379 921 102 522 801 648 707 829 644 355 287 957 688 551 668 995 660 791 615 609 179 733 486 463 827 233 337 743 795 348 913 733 593 963 507
534 591 432 672 417 338 87 604 1060 530 1025 285 850 648 622 1068 795 940 498 378 305 957 461 299 176 885 257 691 189 805 780 562 0 461 980 367 1060 369 409 349 604 553 360 738 585 695 766 581 545 319 841 676 317 220 932 388 475 322 623 517 440 277 259 510 564 259 426 731 421 621 348 529 790 214
187 1026 624 803 852 530 430 725 1368 327 1333 720 1158 847 1058 1361 1066 1248 473 806 552 1265 726 186 459 1136 449 839 381 1004 979 174 461 0 1288 559 1353 804 81 514 1039 115 657 937 783 843 964 779 490 342 1092 824 686 655 1130 795 910 514 744 314 632 622 598 945 369 282 861 930 253 1048 631 728 1098 406
1125 428 1237 799 647 1142 1042 955 234 1118 140 979 500 662 468 117 445 590 956 699 889 607 655 1153 1131 535 1121 818 1143 630 530 1153 980 1288 0 1171 197 642 1263 851 474 1217 862 396 711 822 590 557 1004 1017 491 803 819 914 656 709 668 1126 849 1108 1173 840 900 496 1163 1067 746 628 1275 390 1276 656 440 1161
631 876 109 905 703 152 336 827 1041 628 1114 571 1136 934 908 1012 1080 1226 721 664 554 1242 747 396 365 1170 233 940 230 1091 1066 660 367 559 1072 0 1004 655 507 597 889 651 638 1024 870 944 1051 866 768 417 1127 925 603 505 1217 674 760 136 846 615 286 563 507 796 662 357 711 1017 519 907 389 815 1076 255
1204 508 1168 879 727 1074 1122 1035 66 1198 239 1059 580 741 547 136 524 670 1036 779 969 686 735 1232 1195 614 1052 898 1115 710 610 1233 1060 1368 197 1102 0 722 1343 931 554 1297 942 476 791 902 670 637 1084 1096 571 883 899 993 735 789 747 1057 929 1188 1105 919 980 576 1242 1147 826 707 1355 470 1208 736 520 1093
658 253 776 382 79 682 431 538 722 651 687 368 512 358 284 730 457 602 489 88 297 619 171 642 520 547 601 401 532 515 490 686 369 804 642 710 722 0 753 340 266 750 251 408 294 405 475 290 537 550 503 386 208 302 641 98 137 665 432 641 784 228 289 172 695 600 135 441 765 283 692 239 452 557
247 974 572 778 801 478 378 700 1339 386 1308 668 1133 822 1006 1309 1041 1223 532 762 527 1240 701 134 407 1111 397 814 329 979 953 233 409 81 1263 507 1302 753 0 489 987 174 632 911 758 818 939 754 549 290 1067 799 661 603 1105 770 858 462 719 374 580 597 550 893 345 230 809 905 202 1005 580 703 1073 354
350 562 663 366 388 569 284 288 930 343 895 387 721 410 593 939 629 811 182 349 92 827 289 378 407 698 488 401 419 566 541 379 349 514 851 597 931 340 489 0 575 442 176 499 346 405 527 342 229 242 654 386 205 322 693 358 446 553 307 334 671 141 117 481 388 292 397 492 501 592 579 290 661 445
892 188 1010 616 270 916 665 772 553 885 518 602 344 506 35 562 289 434 723 322 531 451 405 876 754 379 835 635 767 474 374 921 604 1039 474 945 554 266 987 575 0 984 486 240 529 639 434 401 771 784 335 620 443 537 500 333 291 900 666 876 1018 463 523 169 930 834 370 472 999 150 926 473 284 792
116 971 716 732 798 622 522 654 1296 256 1261 797 1087 775 1003 1305 994 1177 401 734 481 1193 655 278 551 1064 541 767 473 932 907 102 553 115 1217 651 1297 750 174 442 984 0 585 865 711 771 893 708 419 350 1020 752 615 732 1059 724 855 606 673 243 724 550 527 890 297 374 806 858 346 977 724 656 1027 498
493 473 703 509 299 609 324 431 941 486 906 358 732 530 504 950 677 822 324 260 132 839 343 521 447 767 528 544 460 687 662 522 360 657 862 638 942 251 632 176 486 585 0 620 466 548 648 462 372 385 723 529 103 293 814 270 356 593 450 477 711 181 158 392 531 435 307 613 644 503 619 411 672 485
773 194 1104 447 413 1009 750 603 475 766 440 736 265 310 233 483 210 356 604 382 537 372 303 801 873 300 929 466 860 350 296 801 738 937 396 1038 476 408 911 499 240 865 620 0 359 470 310 205 652 665 256 451 577 671 421 372 433 993 497 756 1112 597 583 262 811 715 480 276 923 156 1045 304 206 885
619 510 950 139 342 856 596 295 791 612 756 583 574 149 547 799 401 622 451 229 384 616 149 647 719 471 775 159 707 339 314 648 585 783 711 885 791 294 758 346 529 711 466 359 0 162 300 202 471 511 427 143 423 518 466 218 399 840 189 603 958 444 430 435 657 561 326 265 770 471 892 103 521 732
679 620 1010 83 452 916 656 240 901 577 866 693 684 286 658 910 512 733 415 339 443 726 260 707 779 581 835 40 766 449 424 707 695 843 822 944 902 405 818 405 639 771 548 470 162 0 410 313 415 571 538 64 534 628 576 329 510 899 134 573 1018 513 490 545 717 621 437 375 829 582 951 214 632 791
801 389 1132 387 523 1037 778 543 670 794 635 764 303 235 428 678 170 351 632 410 565 344 331 829 901 240 956 406 888 81 83 829 766 964 590 1066 670 475 939 527 434 893 648 310 300 410 0 233 680 693 196 391 605 699 194 400 581 1021 437 784 1139 625 611 456 839 743 507 168 951 350 1073 291 297 913
615 355 946 290 338 852 593 446 636 609 601 579 427 232 394 645 335 517 447 225 380 533 145 643 716 404 771 309 703 272 247 644 581 779 557 881 637 290 754 342 401 708 462 205 202 313 233 0 495 507 360 294 419 514 399 215 396 836 340 599 954 440 426 423 653 558 322 198 766 317 888 147 367 728
326 758 834 376 584 740 480 298 1083 205 1048 584 873 562 790 1091 781 964 136 521 268 980 442 531 603 851 659 411 590 719 694 355 545 490 1004 768 1084 537 549 229 771 419 372 652 471 415 680 495 0 395 807 396 402 519 846 511 642 723 317 201 842 337 314 677 364 445 593 645 478 764 775 443 814 615
258 771 482 531 597 388 288 453 1096 254 1061 578 886 575 803 1104 794 977 347 534 280 993 455 179 317 864 307 567 239 732 707 287 319 342 1017 417 1096 550 290 242 784 350 385 665 511 571 693 507 395 0 820 552 415 513 859 524 655 372 473 242 490 350 327 690 296 93 606 658 302 777 489 456 827 264
928 289 1248 515 508 1153 902 671 570 921 535 839 243 363 328 579 71 291 759 537 693 285 458 956 991 71 1073 534 1004 236 136 957 841 1092 491 1182 571 503 1067 654 335 1020 723 256 427 538 196 360 807 820 0 519 680 774 203 527 528 1137 565 912 1256 700 739 357 966 870 607 295 1079 251 1164 419 198 1029
660 601 991 65 433 897 637 221 882 558 847 674 665 267 639 891 493 714 396 320 424 707 241 688 760 562 816 60 747 430 405 688 676 824 803 925 883 386 799 386 620 752 529 451 143 64 391 294 396 552 519 0 515 609 557 310 491 880 115 554 999 494 471 526 698 602 418 356 810 563 932 195 613 772
523 430 724 511 256 629 354 460 898 516 863 315 689 487 461 907 634 779 354 217 162 796 300 551 467 724 549 530 480 644 619 551 317 686 819 658 899 208 661 205 443 615 103 577 423 534 605 419 402 415 680 515 0 250 771 227 313 613 479 506 731 176 187 349 561 465 264 570 673 460 640 368 629 505
639 524 626 605 350 532 281 577 993 633 958 157 783 582 556 1001 728 874 471 311 278 890 394 492 370 818 451 624 383 738 713 668 220 655 914 561 993 302 603 322 537 732 293 671 518 628 699 514 519 513 774 609 250 0 865 322 408 516 596 623 634 210 271 443 677 453 359 664 615 554 542 462 723 408
967 454 1298 553 672 1203 944 709 735 960 700 930 187 401 493 743 247 235 798 576 731 228 497 995 1067 157 1122 572 1054 213 249 995 932 1130 656 1232 735 641 1105 693 500 1059 814 421 466 576 194 399 846 859 203 557 771 865 0 566 693 1187 603 950 1305 791 777 521 1005 909 673 334 1117 416 1239 457 248 1079
632 320 795 306 146 701 450 462 788 625 753 387 579 282 351 797 501 669 463 33 316 686 95 660 539 571 620 325 551 439 414 660 388 795 709 729 789 98 770 358 333 724 270 372 218 329 400 215 511 524 527 310 227 322 566 0 203 685 356 615 803 248 308 239 670 574 130 365 782 350 711 163 519 577
763 278 881 487 141 787 536 643 747 756 712 473 537 463 310 755 482 628 594 193 402 644 276 747 625 572 706 506 638 620 568 791 475 910 668 816 747 137 858 446 291 855 356 433 399 510 581 396 642 655 528 491 313 408 693 203 0 771 537 747 889 334 394 197 801 705 241 546 870 308 797 344 477 663
587 832 201 860 658 86 291 782 996 583 1069 526 1091 889 863 967 1036 1181 676 619 509 1197 702 351 320 1126 189 895 185 1046 1021 615 322 514 1028 136 959 610 462 553 844 606 593 979 825 899 1007 821 723 372 1082 880 558 461 1173 629 715 0 801 570 241 518 462 751 617 312 666 972 474 862 344 770 1031 210
581 647 911 94 479 817 558 141 928 479 893 661 711 313 685 937 539 760 317 366 345 753 287 609 681 608 736 130 668 476 451 609 623 744 849 846 929 432 719 307 666 673 450 497 189 134 437 340 317 473 565 115 479 596 603 356 537 801 0 475 919 415 391 572 618 523 464 403 731 609 853 241 659 693
151 863 681 534 689 586 486 456 1188 38 1152 688 978 667 894 1196 886 1068 184 625 372 1085 546 355 516 955 506 570 437 824 798 179 517 314 1108 615 1188 641 374 334 876 243 477 756 603 573 784 599 201 242 912 554 506 623 950 615 747 570 475 0 689 441 418 782 188 292 698 750 303 868 688 548 918 462
617 611 515 692 438 421 218 664 1080 613 1045 306 871 669 643 1089 815 961 558 399 366 977 482 381 111 905 340 712 271 826 801 645 156 544 1001 450 1081 390 492 410 624 636 381 759 605 716 786 601 606 402 862 697 338 240 952 409 495 405 684 600 0 298 358 531 647 342 446 752 504 642 124 550 811 297
458 450 635 473 276 541 255 395 919 451 884 275 709 508 482 927 654 800 289 237 97 816 320 486 378 744 460 509 391 664 639 486 277 622 840 569 919 228 597 141 463 550 181 597 444 513 625 440 337 350 700 494 176 210 791 248 334 524 415 441 643 0 89 369 496 400 285 590 608 480 551 388 649 416
435 510 573 450 337 479 193 372 979 428 944 336 770 494 542 988 713 860 266 298 74 876 373 439 316 783 398 486 329 651 625 463 259 598 900 507 980 289 550 117 523 527 158 583 430 490 611 426 314 327 739 471 187 271 777 308 394 462 391 418 581 89 0 429 472 377 345 577 561 541 489 375 710 354
798 106 917 522 177 822 571 678 575 792 540 508 366 499 187 584 310 456 630 229 437 472 311 783 660 400 742 541 673 496 396 827 510 945 496 851 576 172 893 481 169 890 392 262 435 545 456 423 677 690 357 526 349 443 521 239 197 806 572 782 925 369 429 0 836 740 276 493 905 137 833 380 306 698
205 917 728 677 743 633 533 599 1242 201 1207 743 1032 721 949 1250 940 1123 347 680 426 1139 600 289 562 1010 553 713 484 878 853 233 564 369 1163 662 1242 695 345 388 930 297 531 811 657 717 839 653 364 296 966 698 561 677 1005 670 801 617 618 188 736 496 472 836 0 346 752 804 237 922 735 602 972 509
308 821 423 582 648 328 228 503 1146 305 1111 518 936 625 853 1154 844 1027 397 584 331 1043 505 120 257 914 247 617 179 782 757 337 259 282 1067 357 1147 600 230 292 834 374 435 715 561 621 743 558 445 93 870 602 465 453 909 574 705 312 523 292 430 400 377 740 346 0 656 708 242 827 430 506 877 204
714 357 832 413 183 738 487 570 826 707 791 424 616 390 388 834 561 706 545 120 353 723 203 698 576 651 657 433 589 547 522 743 426 861 746 767 826 135 809 397 370 806 307 480 326 437 507 322 593 606 607 418 264 359 673 130 241 722 464 698 840 285 345 276 752 656 0 473 821 387 748 271 556 614
766 426 1097 352 489 1003 743 509 707 759 672 730 442 201 465 715 269 490 597 375 531 484 296 794 866 339 922 372 853 207 182 795 731 930 628 1031 707 441 905 492 472 858 613 276 265 375 168 198 645 658 295 356 570 664 334 365 546 986 403 750 1105 590 577 493 804 708 473 0 917 388 1038 257 396 879
319 986 584 790 812 490 390 712 1350 315 1319 680 1145 834 1018 1321 1053 1235 461 774 539 1251 713 146 419 1122 409 825 341 991 965 348 421 253 1275 519 1313 765 202 501 999 346 644 923 770 829 951 766 478 302 1079 810 673 615 1117 782 870 474 731 303 592 608 561 905 237 242 821 917 0 1017 591 715 1085 366
885 69 1028 559 288 934 683 715 469 878 434 620 260 421 143 478 205 350 716 340 549 366 415 894 772 295 853 578 784 390 290 913 621 1048 390 962 470 283 1005 592 150 977 503 156 471 582 350 317 764 777 251 563 460 554 416 350 308 917 609 868 1036 480 541 137 922 827 387 388 1017 0 944 416 200 809
704 699 603 780 525 509 305 752 1168 701 1133 393 958 757 731 1176 903 1049 646 486 453 1065 569 469 199 993 428 799 359 913 888 733 244 631 1089 537 1168 477 580 497 712 724 468 846 693 803 874 689 694 489 949 784 425 328 1040 497 583 492 771 688 611 385 446 618 735 430 534 839 591 729 0 637 898 384
564 454 895 191 287 801 541 347 735 557 700 528 526 167 492 744 393 614 395 173 329 607 94 592 664 462 720 210 651 331 305 593 529 728 656 829 736 239 703 290 473 656 411 304 103 214 291 147 443 456 419 195 368 462 457 163 344 784 241 548 903 388 375 380 602 506 271 257 715 416 836 0 466 677
935 238 1197 609 457 1103 852 765 519 928 484 789 93 464 277 528 151 183 766 509 699 199 465 963 941 241 1022 628 953 337 237 963 790 1098 440 1131 520 452 1073 661 284 1027 672 206 521 632 297 367 814 827 198 613 629 723 248 519 477 1086 659 918 1205 649 710 306 972 877 556 396 1085 200 1113 466 0 978
479 779 321 752 605 227 183 674 1031 475 1105 473 1038 796 811 1002 983 1129 568 566 401 1145 649 243 212 1073 126 787 57 952 927 507 214 406 1063 255 994 557 354 445 792 498 485 885 732 791 913 728 615 264 1029 772 505 408 1079 577 663 210 693 462 256 416 354 698 509 204 614 879 366 809 359 677 978 0
EOF