NAME : tsp_problem
TYPE : TSP
DIMENSION : 30
EDGE_WEIGHT_TYPE : EXPLICIT
EDGE_WEIGHT_FORMAT : FULL_MATRIX
EDGE_WEIGHT_SECTION
0 435 769 399 543 683 298 302 379 324 991 436 357 240 866 428 349 812 466 697 366 186 330 681 542 917 768 787 452 927
435 0 1062 807 836 807 706 709 414 600 1283 729 453 275 1159 721 756 1104 681 989 659 594 384 974 666 1210 1061 1080 288 1220
769 1062 0 493 394 1387 628 585 1006 912 679 424 1044 867 555 430 921 139 1171 100 672 730 957 127 1246 606 174 476 1078 616
399 807 493 0 556 931 172 128 642 456 657 414 606 612 533 441 465 593 714 421 555 274 702 581 790 584 435 454 823 594
543 836 394 556 0 1173 406 458 780 738 752 198 819 641 628 204 747 437 982 322 446 557 731 307 1032 679 472 549 852 689
683 807 1332 875 1158 0 774 778 423 504 1182 1051 386 577 1246 1043 694 1427 438 1259 995 695 920 1296 287 1215 1274 1293 652 1237
298 706 628 172 406 830 0 75 541 355 793 299 505 511 668 291 364 675 613 556 405 173 601 544 689 720 570 590 722 729
302 709 585 128 458 833 75 0 545 358 749 352 508 514 625 343 367 685 617 512 457 177 604 597 693 676 527 546 726 686
379 414 1006 642 780 423 541 545 0 215 1148 673 69 185 1103 665 461 1049 297 933 603 462 527 918 282 1154 1005 1024 259 1164
324 600 912 456 738 504 355 358 215 0 1076 632 179 370 952 623 274 1007 287 840 663 275 627 877 363 1003 854 873 444 1013
991 1283 679 657 752 1280 793 749 1228 1076 0 600 1211 1088 154 754 1085 779 1188 607 982 895 1178 767 1140 271 621 233 1300 90
436 729 424 414 198 1066 299 352 673 632 600 0 712 534 476 200 640 466 875 351 427 450 624 336 925 527 378 397 746 537
357 453 1044 606 819 386 505 508 69 179 1112 712 0 223 1102 704 424 1087 261 972 641 425 566 957 246 1145 1004 1023 298 1163
240 275 867 612 641 577 511 514 185 370 1088 534 223 0 964 526 561 909 452 794 464 399 388 779 437 1015 866 885 292 1025
866 1159 555 533 628 1345 668 625 1103 952 154 476 1102 964 0 629 961 655 1211 482 857 770 1054 642 1204 335 497 108 1176 90
428 721 430 441 204 1058 291 343 665 623 754 200 704 526 629 0 632 473 867 358 325 442 616 343 917 681 507 551 738 691
349 756 921 465 747 749 364 367 461 274 1085 640 424 561 961 632 0 1016 533 848 687 284 652 886 609 1012 863 882 690 1022
812 1104 139 593 437 1441 675 685 1049 1007 779 466 1087 909 655 473 1016 0 1250 212 715 826 1000 169 1301 706 216 576 1121 716
384 681 956 500 783 586 399 402 297 158 1121 676 261 452 996 668 318 1051 0 884 723 320 687 921 445 1047 898 917 526 1057
697 989 100 421 322 1315 556 512 933 840 607 351 972 794 482 358 848 212 1098 0 600 658 884 199 1174 534 246 404 1006 543
366 659 672 555 446 995 405 457 603 663 982 427 641 464 857 325 687 715 804 600 0 525 413 585 855 909 750 779 675 918
186 594 730 274 557 750 173 177 462 275 895 450 425 399 770 442 284 826 534 658 525 0 489 695 610 822 673 692 611 832
330 384 957 702 731 920 601 604 527 627 1178 624 566 388 1054 616 652 1000 769 884 413 489 0 869 779 1105 956 975 401 1115
681 974 127 581 307 1311 544 597 918 877 767 336 957 779 642 343 886 169 1120 199 585 695 869 0 1170 694 203 564 991 703
542 666 1191 735 1017 287 634 637 282 363 1041 911 246 437 1106 903 553 1286 297 1119 855 555 779 1156 0 1075 1133 1152 511 1097
917 1210 606 584 679 1314 720 676 1154 1003 271 527 1153 1015 335 681 1012 706 1221 534 909 822 1105 694 1173 0 548 259 1227 326
768 1061 174 435 472 1329 570 527 1005 854 621 378 1004 866 497 507 863 216 1113 246 750 673 956 203 1188 548 0 418 1078 558
787 1080 476 454 549 1348 590 546 1024 873 233 397 1023 885 108 551 882 576 1132 404 779 692 975 564 1208 259 418 0 1097 169
452 288 1078 823 852 652 722 726 259 444 1300 746 298 292 1176 738 690 1121 526 1006 675 611 401 991 511 1227 1078 1097 0 1237
927 1220 616 594 689 1336 729 686 1164 1013 90 537 1163 1025 90 691 1022 716 1243 543 918 832 1115 703 1195 326 558 169 1237 0
EOF