NAME : tsp_problem
TYPE : TSP
DIMENSION : 82
EDGE_WEIGHT_TYPE : EXPLICIT
EDGE_WEIGHT_FORMAT : FULL_MATRIX
EDGE_WEIGHT_SECTION
0 766 264 610 159 493 445 461 461 974 1125 1031 547 189 1058 984 723 607 680 818 650 308 752 1046 322 672 1025 997 564 347 561 1184 253 666 701 860 973 234 612 658 610 526 448 570 714 893 1032 1167 1000 701 884 902 1080 987 573 600 669 1057 704 291 610 467 971 123 1057 702 908 640 864 895 827 845 549 621 931 291 213 832 643 993 463 903
766 0 738 521 802 349 404 561 561 1034 698 551 704 701 775 1044 282 475 286 730 432 506 664 764 588 230 1020 918 446 605 444 719 928 554 377 374 581 564 313 1304 522 626 671 728 591 218 553 734 1051 377 338 423 797 689 231 301 581 630 325 749 521 428 1030 662 578 377 732 198 378 220 151 300 518 653 991 522 888 737 504 514 425 228
427 622 0 364 463 313 497 215 215 1070 879 785 599 362 812 1080 580 361 536 572 404 209 506 800 130 528 1057 954 616 108 613 938 589 420 455 614 727 285 469 965 364 280 500 622 765 684 786 921 1087 455 638 656 834 741 430 457 423 811 600 410 364 368 1067 323 811 456 662 497 618 686 681 599 303 673 1027 192 548 586 695 747 364 694
665 521 612 0 702 269 516 302 302 737 547 500 816 601 479 747 536 76 493 239 119 438 174 467 369 485 724 621 635 347 632 605 827 135 170 328 413 524 350 1203 70 367 739 840 784 398 501 588 754 170 353 371 501 408 386 362 91 479 556 649 70 361 734 562 526 171 329 453 333 400 396 314 78 765 694 430 787 253 711 462 357 408
488 732 127 473 0 422 558 324 324 1179 989 894 660 423 921 1189 689 470 646 681 513 319 615 909 240 638 1166 1063 678 217 675 1047 650 530 564 723 836 347 578 1026 473 389 562 684 827 793 895 1030 1196 564 747 765 943 850 539 566 532 920 709 471 473 477 1176 384 920 565 771 606 727 795 791 709 412 734 1136 301 610 695 757 856 473 803
493 349 440 269 530 0 285 251 251 975 775 628 586 429 717 985 306 266 263 477 309 208 412 706 290 255 962 860 405 296 402 796 656 326 361 457 570 352 195 1032 269 316 552 610 554 476 629 810 992 361 481 500 739 646 156 183 329 707 326 477 269 130 972 390 654 361 567 223 461 478 410 443 209 534 932 225 615 491 481 590 127 486
445 404 483 516 481 285 0 498 498 1078 830 683 325 380 819 1088 325 513 303 724 476 379 658 808 392 310 1064 962 144 417 141 851 607 572 421 512 626 243 250 983 516 563 293 349 293 531 685 865 1095 421 536 555 842 749 211 238 575 762 283 428 516 365 1074 341 710 421 776 278 517 533 465 498 455 273 1035 361 567 737 223 645 361 541
516 561 463 302 553 251 498 0 45 1009 818 723 688 451 750 1018 519 299 475 510 343 299 445 739 220 467 995 893 618 198 614 877 678 359 394 552 666 375 407 1054 303 157 590 712 767 622 725 860 1026 394 577 595 772 679 369 396 362 750 539 499 302 343 1005 412 750 395 600 435 557 624 620 538 242 747 965 281 638 524 693 686 339 632
516 561 463 302 553 251 498 45 0 1008 818 723 688 451 750 1018 519 299 475 510 343 299 445 739 220 467 995 893 617 197 614 877 678 359 394 552 666 375 407 1054 302 157 590 712 767 622 725 859 1026 394 576 595 772 679 368 396 362 750 539 499 302 343 1005 412 750 395 600 435 557 624 620 538 242 747 965 281 638 524 693 686 339 632
1072 1034 1143 737 1038 975 1078 1009 1008 0 629 615 1378 1067 561 168 1099 782 1055 537 805 1145 691 550 1075 1047 209 160 1197 1053 1194 688 1235 841 749 727 496 1187 862 1102 737 1073 1345 1402 1346 911 711 671 185 749 865 653 584 491 948 874 716 561 1119 1272 737 1067 155 1105 736 750 518 1015 731 913 908 826 785 1327 115 1137 1194 523 1273 672 1063 921
1181 698 1127 547 1217 775 830 818 818 629 0 170 1131 1116 229 639 851 591 807 347 557 932 500 247 885 799 616 514 950 862 947 83 1343 651 502 377 305 990 615 1573 547 883 1097 1154 1099 575 247 65 646 502 529 297 207 175 701 626 526 93 871 1164 547 855 626 1077 217 502 327 767 381 577 573 491 594 1079 586 946 1303 333 1025 226 851 585
1045 551 1018 500 1082 628 683 723 723 615 170 0 984 981 254 625 704 453 660 333 410 786 486 242 790 652 602 499 803 768 800 229 1208 532 355 230 291 843 468 1559 500 788 950 1007 952 428 119 211 632 355 383 151 276 160 554 480 511 102 724 1029 500 708 612 942 144 355 313 621 235 431 426 344 500 932 572 802 1167 318 879 80 704 438
547 704 584 816 583 586 325 688 688 1378 1131 984 0 482 1120 1388 485 813 463 1024 777 480 959 1108 494 536 1365 1263 304 519 301 1151 709 873 721 813 926 344 551 1085 816 753 261 60 325 832 985 1166 1395 721 837 855 1142 1049 512 539 876 1062 443 530 816 639 1375 443 1010 721 1076 568 817 834 765 798 756 125 1335 463 669 1038 383 946 635 842
189 701 239 584 134 429 380 435 435 969 1100 981 482 0 1032 979 659 581 615 792 624 244 727 1020 257 607 1019 992 500 283 497 1148 351 641 676 810 923 169 548 652 584 500 384 506 649 829 982 1141 995 675 834 852 1054 961 509 536 644 1032 639 255 584 402 965 168 1007 676 882 575 814 831 762 795 524 557 926 226 311 806 579 943 399 839
1113 775 1060 479 1150 717 819 750 750 561 229 254 1120 1048 0 571 840 523 797 279 546 886 432 48 817 789 548 446 939 794 936 177 1275 583 491 461 238 972 604 1505 479 815 1086 1144 1088 652 310 192 578 491 607 381 53 129 690 616 458 200 860 1096 479 808 558 1009 281 491 259 757 465 654 650 568 526 1068 518 878 1235 265 1015 310 805 662
1082 1044 1153 747 1048 985 1088 1018 1018 168 639 625 1388 1077 571 0 1109 792 1065 547 815 1155 701 560 1085 1057 67 191 1207 1063 1204 698 1245 851 759 737 506 1197 872 1112 747 1083 1355 1412 1356 921 721 681 75 759 875 663 594 501 958 884 726 571 1129 1282 747 1077 45 1115 746 760 528 1025 741 923 918 836 795 1337 93 1147 1204 533 1283 682 1073 931
723 282 696 536 760 306 325 519 519 1099 851 704 485 659 840 1109 0 533 131 745 497 464 679 829 545 77 1085 983 207 563 205 871 886 593 442 533 646 521 271 1262 537 584 453 509 352 409 705 886 1116 442 530 576 862 769 188 259 596 783 69 707 536 386 1095 620 730 442 796 108 537 411 343 491 476 434 1056 480 845 758 266 666 382 419
662 475 609 76 699 266 513 299 299 782 591 453 813 598 523 792 533 0 490 284 73 436 218 512 366 482 768 666 632 344 629 621 825 108 124 282 396 521 304 1201 76 364 736 837 781 352 455 633 799 124 306 325 546 453 383 316 135 523 554 646 76 358 778 559 480 125 373 450 287 354 350 268 76 762 739 428 784 297 708 416 354 362
680 286 652 493 716 263 303 475 475 1055 807 660 463 615 797 1065 131 490 0 701 453 420 635 785 502 182 1042 939 184 519 183 828 842 549 398 489 603 477 227 1218 493 540 431 486 330 413 662 843 1072 398 513 532 819 726 145 215 552 739 88 663 493 342 1052 576 687 398 753 160 494 416 347 475 432 411 1012 436 802 715 243 623 339 423
873 730 820 239 910 477 724 510 510 537 347 333 1024 809 279 547 745 284 701 0 327 647 193 267 577 693 524 422 843 555 840 406 1036 343 378 444 214 732 558 1412 239 575 947 1048 992 606 428 388 554 378 561 370 301 208 594 570 218 279 765 857 239 569 534 770 453 379 151 661 449 609 604 522 287 973 494 639 995 53 919 389 565 617
705 432 652 119 742 309 476 343 343 805 557 410 777 641 546 815 497 73 453 327 0 479 261 535 409 445 792 689 596 387 593 578 868 151 81 239 353 564 261 1244 119 408 743 800 745 309 412 593 822 81 263 282 569 476 347 273 178 489 517 689 119 401 801 602 437 81 417 414 244 311 307 225 119 725 762 471 827 340 672 373 397 319
308 506 255 438 345 208 379 299 299 1145 932 786 480 244 886 1155 464 436 420 647 479 0 581 875 105 412 1131 1029 498 130 495 953 471 495 523 614 728 167 352 847 439 364 382 504 647 633 787 968 1162 523 639 657 908 816 314 341 498 864 484 292 438 181 1141 205 812 523 736 380 619 636 567 600 378 555 1102 40 430 660 577 748 178 644
808 664 754 174 844 412 658 445 445 691 500 486 959 743 432 701 679 218 635 193 261 581 0 421 512 627 678 575 778 489 775 559 970 278 312 471 367 667 493 1346 174 510 882 982 927 541 582 542 708 312 495 514 455 362 529 504 153 432 699 791 174 503 687 704 607 313 282 596 475 543 539 457 221 907 648 573 930 206 854 543 499 551
1101 764 1048 467 1138 706 808 739 739 550 247 242 1108 1037 48 560 829 512 785 267 535 875 421 0 805 777 537 434 927 783 924 194 1264 571 479 449 226 960 593 1494 467 804 1075 1132 1077 641 328 209 567 479 595 370 71 118 678 604 446 188 849 1085 467 797 547 998 298 480 248 745 454 643 639 557 515 1057 507 867 1223 253 1003 299 793 651
322 588 269 369 359 290 392 220 220 1075 885 790 494 257 817 1085 545 366 502 577 409 105 512 805 0 494 1062 960 512 56 509 944 484 426 460 619 732 181 434 860 369 285 396 518 661 689 792 926 1092 460 643 662 839 746 395 422 429 817 565 305 369 263 1072 218 817 461 667 462 624 691 649 605 309 569 1032 87 444 591 591 752 260 699
672 230 644 485 708 255 310 467 467 1047 799 652 536 607 789 1057 77 482 182 693 445 412 627 777 494 0 1034 931 258 511 257 820 834 541 390 481 595 470 219 1210 485 532 504 560 403 358 654 835 1064 390 478 524 811 718 137 207 544 731 120 655 485 334 1044 568 679 390 745 57 486 360 291 440 424 485 1004 428 794 707 317 615 331 368
1123 1020 1194 724 1089 962 1064 995 995 209 616 602 1365 1118 548 67 1085 768 1042 524 792 1131 678 537 1062 1034 0 232 1184 1040 1181 675 1285 828 736 714 483 1217 849 1153 724 1060 1331 1389 1333 897 698 658 51 736 852 640 570 478 935 861 703 548 1105 1323 724 1054 81 1155 723 736 504 1002 718 900 895 813 771 1314 134 1123 1245 510 1260 659 1050 907
1096 918 1166 621 1061 860 962 893 893 160 514 499 1263 1090 446 191 983 666 939 422 689 1029 575 434 960 931 232 0 1082 937 1079 572 1258 726 634 611 380 1115 747 1125 622 958 1229 1286 1231 795 595 555 208 634 749 537 468 375 833 758 601 445 1003 1239 621 951 178 1128 620 634 402 899 616 797 793 711 669 1211 138 1021 1218 408 1157 556 947 805
564 446 602 635 601 405 144 618 617 1197 950 803 304 500 939 1207 207 632 184 843 596 498 778 927 512 258 1184 1082 0 537 44 970 727 692 540 632 745 362 370 1103 635 682 272 327 191 573 804 985 1214 540 656 674 961 868 304 358 695 882 164 548 635 485 1194 461 829 541 895 290 636 575 507 617 575 252 1154 481 686 857 104 765 481 583
347 605 294 347 384 296 417 198 197 1053 862 768 519 283 794 1063 563 344 519 555 387 130 489 783 56 511 1040 937 537 0 534 921 509 403 438 597 710 206 452 885 347 262 421 543 686 666 769 904 1070 438 621 639 817 724 413 440 406 794 583 330 347 288 1049 243 794 439 645 480 601 669 664 582 286 594 1010 112 469 568 616 730 285 677
561 444 599 632 598 402 141 614 614 1194 947 800 301 497 936 1204 205 629 183 840 593 495 775 924 509 257 1181 1079 44 534 0 967 724 689 537 629 742 359 367 1100 632 679 269 324 190 572 801 982 1211 537 653 671 958 865 303 355 692 879 163 545 632 482 1191 458 826 538 892 288 633 574 505 614 572 249 1151 478 683 854 103 762 478 582
1213 719 1185 605 1249 796 851 877 877 688 83 229 1151 1148 177 698 871 621 828 406 578 953 559 194 944 820 675 572 970 921 967 0 1375 699 522 397 364 1010 635 1632 606 942 1118 1175 1119 596 194 45 705 522 550 318 154 233 721 647 585 152 891 1196 605 875 685 1109 165 522 386 788 402 598 594 512 653 1100 645 969 1335 392 1046 232 872 606
253 928 427 772 322 656 607 623 623 1136 1288 1193 709 351 1220 1146 886 769 842 980 812 471 915 1208 484 834 1187 1159 727 509 724 1347 0 829 863 1022 1135 396 774 820 772 688 611 733 876 1055 1194 1329 1163 863 1046 1065 1242 1149 735 763 832 1220 866 453 772 629 1133 285 1219 864 1070 802 1026 1058 989 1008 712 783 1093 453 105 994 806 1155 625 1066
722 554 668 135 758 326 572 359 359 841 651 532 873 657 583 851 593 108 549 343 151 495 278 571 426 541 828 726 692 403 689 699 884 0 202 361 474 581 382 1260 135 424 796 896 841 430 533 692 858 202 385 403 605 512 443 394 195 583 613 705 135 417 838 618 558 203 433 510 365 433 428 346 135 821 798 487 844 357 768 494 414 441
757 377 703 170 793 361 421 394 394 749 502 355 721 692 491 759 442 124 398 378 81 523 312 479 460 390 736 634 540 438 537 522 919 202 0 184 297 581 205 1295 170 459 688 745 689 254 356 537 766 74 208 226 513 420 291 217 229 434 462 740 170 445 746 653 381 74 447 358 188 256 251 169 170 670 706 522 878 392 616 317 442 264
874 374 846 328 911 457 512 552 552 727 377 230 813 810 461 737 533 282 489 444 239 614 471 449 619 481 714 611 632 597 629 397 1036 361 184 0 275 672 297 1412 329 617 779 836 781 251 231 412 744 184 178 102 483 368 383 308 388 309 553 858 328 537 724 771 256 184 425 449 57 253 248 155 328 761 684 631 996 430 708 192 533 261
988 581 960 413 1024 570 626 666 666 496 305 291 926 923 238 506 646 396 603 214 353 728 367 226 732 595 483 380 745 710 742 364 1150 474 297 275 0 785 410 1440 413 731 892 950 894 458 330 347 513 297 413 201 260 167 496 422 392 237 666 971 413 650 493 884 355 297 194 563 279 461 456 374 442 875 453 744 1110 199 821 291 646 468
234 564 271 524 270 352 243 375 375 1088 990 843 344 169 972 1098 521 521 477 732 564 167 667 960 181 470 1139 1111 362 206 359 1010 396 581 581 672 785 0 410 772 524 440 246 368 511 691 844 1025 1115 581 696 715 994 901 371 398 584 922 501 217 524 326 1085 130 869 581 822 438 676 693 624 658 464 419 1045 150 355 746 441 805 322 701
612 313 584 350 649 195 250 407 407 862 615 468 551 548 604 872 271 304 227 558 261 352 493 593 434 219 849 747 370 452 367 635 774 382 205 297 410 410 0 1150 350 472 517 574 519 367 469 650 879 205 321 339 626 533 121 46 410 547 291 595 350 274 859 508 494 206 560 187 301 369 365 283 350 499 819 369 734 566 445 430 271 377
1218 1283 1289 986 1184 1224 1327 1258 1258 407 878 864 1627 1213 811 417 1348 1031 1304 786 1054 1394 940 799 1324 1296 458 430 1446 1302 1443 937 1380 1090 998 976 745 1332 1112 0 986 1323 1547 1651 1596 1160 960 920 434 998 1114 902 833 740 1197 1123 965 810 1368 1418 986 1316 404 1250 985 999 767 1264 980 1162 1158 1076 1034 1576 364 1386 1340 772 1522 921 1312 1170
665 522 612 70 702 269 516 303 302 737 547 500 816 601 479 747 537 76 493 239 119 439 174 467 369 485 724 622 635 347 632 606 828 135 170 329 413 524 350 1204 0 367 739 840 784 398 501 588 754 170 353 371 501 408 386 362 91 479 557 649 70 361 734 562 526 171 329 453 333 401 396 314 79 765 694 431 787 253 711 462 357 409
581 626 528 367 618 316 563 157 157 1073 883 788 753 516 815 1083 584 364 540 575 408 364 510 804 285 532 1060 958 682 262 679 942 743 424 459 617 731 440 472 1119 367 0 655 777 831 687 790 924 1090 459 641 660 837 744 433 461 427 815 604 564 367 408 1070 477 815 459 665 500 622 689 685 603 307 812 1030 346 703 589 758 751 404 697
448 671 486 739 485 552 293 590 590 1303 1097 950 261 384 1086 1313 453 736 431 947 743 382 882 1075 396 504 1331 1229 272 421 269 1118 611 796 688 779 892 246 517 987 739 655 0 285 421 798 952 1132 1330 688 803 822 1108 1016 478 505 799 1029 411 432 739 541 1300 345 977 688 1037 536 783 800 732 765 679 336 1260 365 570 961 351 912 537 808
570 728 608 840 607 610 349 712 712 1402 1154 1007 60 506 1144 1412 509 837 486 1048 800 504 982 1132 518 560 1389 1286 327 543 324 1175 733 896 745 836 950 368 574 1109 840 777 285 0 349 855 1009 1190 1419 745 861 879 1166 1073 535 562 899 1086 467 554 840 662 1399 467 1034 745 1100 592 841 857 789 822 779 148 1359 487 692 1062 406 970 659 865
714 591 751 784 750 554 293 767 767 1346 1099 952 325 649 1088 1356 352 781 330 992 745 647 927 1077 661 403 1333 1231 191 686 190 1119 876 841 689 781 894 511 519 1252 784 831 421 349 0 718 953 1134 1363 689 805 823 1110 1017 450 507 844 1031 310 697 784 634 1343 610 978 690 1044 435 785 721 652 767 724 256 1303 630 835 1006 115 914 630 728
893 218 865 398 930 476 531 622 622 911 575 428 832 829 652 921 409 352 413 606 309 633 541 641 689 358 897 795 573 666 572 596 1055 430 254 251 458 691 367 1431 398 687 798 855 718 0 430 611 928 254 215 300 674 566 358 378 458 507 452 877 398 556 907 790 455 254 608 326 255 53 92 177 398 780 868 650 1015 614 632 391 552 61
1047 553 1019 501 1083 629 685 725 725 711 247 119 985 982 310 721 705 455 662 428 412 787 582 328 792 654 698 595 804 769 801 194 1209 533 356 231 330 844 469 1585 501 790 952 1009 953 430 0 209 728 356 384 152 288 256 555 481 560 197 725 1030 501 709 707 943 53 356 409 622 236 432 428 346 501 934 668 803 1169 414 880 66 705 440
1222 734 1169 588 1259 810 865 860 859 671 65 211 1166 1158 192 681 886 633 843 388 593 968 542 209 926 835 658 555 985 904 982 45 1385 692 537 412 347 1025 650 1615 588 924 1132 1190 1134 611 209 0 688 537 565 333 169 216 736 662 567 135 906 1206 588 890 667 1119 180 537 369 803 417 613 608 526 636 1115 628 984 1344 374 1061 247 886 621
1099 1051 1170 754 1065 992 1095 1026 1026 185 646 632 1395 1094 578 75 1116 799 1072 554 822 1162 708 567 1092 1064 51 208 1214 1070 1211 705 1261 858 766 744 513 1213 879 1129 754 1090 1362 1419 1363 928 728 688 0 766 882 670 601 508 965 891 733 578 1136 1299 754 1084 62 1131 753 767 535 1032 748 930 926 844 802 1344 110 1154 1221 540 1290 689 1080 938
757 377 703 170 793 361 421 394 394 749 502 355 721 692 491 759 442 124 398 378 81 523 312 479 460 390 736 634 540 438 537 522 919 202 74 184 297 581 205 1295 170 459 688 745 689 254 356 537 766 0 208 226 513 420 291 217 229 434 462 740 170 445 746 653 381 74 447 358 188 256 251 169 170 670 706 522 878 392 616 317 442 264
898 338 871 353 935 481 536 577 576 865 529 383 837 834 607 875 530 306 513 561 263 639 495 595 643 478 852 749 656 621 653 550 1061 385 208 178 413 696 321 1437 353 641 803 861 805 215 384 565 882 208 0 254 629 520 407 333 412 461 573 882 353 561 862 795 409 208 563 447 171 217 213 59 353 785 822 655 1020 568 732 345 557 225
917 423 889 371 954 500 555 595 595 653 297 151 855 852 381 663 576 325 532 370 282 657 514 370 662 524 640 537 674 639 671 318 1079 403 226 102 201 715 339 1455 371 660 822 879 823 300 152 333 670 226 254 0 403 288 425 351 431 229 596 900 371 579 649 813 177 227 351 492 106 302 298 216 371 804 610 674 1039 356 750 113 576 310
1135 797 1082 501 1172 739 842 772 772 584 207 276 1142 1071 53 594 862 546 819 301 569 908 455 71 839 811 570 468 961 817 958 154 1297 605 513 483 260 994 626 1528 501 837 1108 1166 1110 674 288 169 601 513 629 403 0 151 712 638 480 222 882 1118 501 831 580 1032 258 513 281 779 487 677 672 590 548 1091 541 900 1257 287 1037 326 827 684
1042 689 989 408 1079 646 749 679 679 491 175 160 1049 978 129 501 769 453 726 208 476 816 362 118 746 718 478 375 868 724 865 233 1205 512 420 368 167 901 533 1435 408 744 1016 1073 1017 566 256 216 508 420 520 288 151 0 619 545 387 107 790 1026 408 738 487 939 281 420 189 686 372 568 564 482 456 998 448 808 1164 194 944 217 734 576
573 231 545 386 610 156 211 369 368 948 701 554 512 509 690 958 188 383 145 594 347 314 529 678 395 137 935 833 304 413 303 721 735 443 291 383 496 371 121 1112 386 433 478 535 450 358 555 736 965 291 407 425 712 619 0 109 446 633 208 557 386 236 945 470 580 292 646 105 387 360 292 368 326 460 905 330 695 608 363 516 232 368
600 301 573 362 637 183 238 396 396 874 626 480 539 536 616 884 259 316 215 570 273 341 504 604 422 207 861 758 358 440 355 647 763 394 217 308 422 398 46 1139 362 461 505 562 507 378 481 662 891 217 333 351 638 545 109 0 421 558 279 584 362 263 871 497 506 217 572 176 313 380 362 294 353 487 831 357 722 577 434 442 259 388
725 581 671 91 761 329 575 362 362 716 526 511 876 660 458 726 596 135 552 218 178 498 153 446 429 544 703 601 695 406 692 585 887 195 229 388 392 584 410 1263 91 427 799 899 844 458 560 567 733 229 412 431 480 387 446 421 0 458 616 708 91 420 713 621 585 230 308 513 392 460 456 374 138 824 673 490 847 232 771 521 416 468
1113 630 1059 479 1149 707 762 750 750 561 93 102 1062 1048 200 571 783 523 739 279 489 864 432 188 817 731 548 445 882 794 879 152 1275 583 434 309 237 922 547 1505 479 815 1029 1086 1031 507 197 135 578 434 461 229 222 107 633 558 458 0 803 1096 479 786 558 1009 222 434 259 699 313 509 505 423 526 1011 518 878 1235 265 957 158 783 517
704 325 716 556 740 326 283 539 539 1119 871 724 443 639 860 1129 69 554 88 765 517 484 699 849 565 120 1105 1003 164 583 163 891 866 613 462 553 666 501 291 1242 557 604 411 467 310 452 725 906 1136 462 573 596 882 790 208 279 616 803 0 687 556 406 1115 600 750 462 816 152 557 455 386 535 496 391 1076 500 826 778 223 686 402 462
291 749 396 649 356 477 428 499 499 1174 1164 1029 530 255 1096 1184 707 646 663 857 689 292 791 1085 305 655 1225 1197 548 330 545 1196 453 705 740 858 971 217 595 858 649 564 432 554 697 877 1030 1206 1200 740 882 900 1118 1026 557 584 708 1096 687 0 648 450 1171 187 1055 741 946 623 862 879 810 843 588 604 1131 274 413 870 627 991 446 887
665 521 612 70 702 269 516 302 302 737 547 500 816 601 479 747 536 76 493 239 119 438 174 467 369 485 724 621 635 347 632 605 827 135 170 328 413 524 350 1203 70 367 739 840 784 398 501 588 754 170 353 371 501 408 386 362 91 479 556 648 0 361 734 562 526 171 329 453 333 400 396 314 78 765 694 430 787 253 711 462 357 408
467 428 413 361 503 130 365 343 343 1067 855 708 639 402 808 1077 386 358 342 569 401 181 503 797 263 334 1054 951 485 288 482 875 629 417 445 537 650 326 274 1005 361 408 541 662 634 556 709 890 1084 445 561 579 831 738 236 263 420 786 406 450 361 0 1063 363 734 445 658 302 541 558 489 522 300 614 1024 198 589 582 560 670 27 566
1069 1030 1140 734 1035 972 1074 1005 1005 155 626 612 1375 1064 558 45 1095 778 1052 534 801 1141 687 547 1072 1044 81 178 1194 1049 1191 685 1231 838 746 724 493 1183 859 1099 734 1070 1341 1399 1343 907 707 667 62 746 862 649 580 487 945 871 713 558 1115 1269 734 1063 0 1101 733 746 514 1012 728 909 905 823 781 1323 80 1133 1191 520 1270 668 1060 917
123 662 297 562 192 390 341 412 412 1006 1077 942 443 168 1009 1016 620 559 576 770 602 205 704 998 218 568 1057 1029 461 243 458 1109 285 618 653 771 884 130 508 690 562 477 345 467 610 790 943 1119 1033 653 795 813 1032 939 470 497 621 1009 600 187 562 363 1003 0 968 654 859 536 775 792 723 756 501 518 963 187 245 783 540 904 360 800
1072 578 1044 526 1108 654 710 750 750 736 217 144 1010 1007 281 746 730 480 687 453 437 812 607 298 817 679 723 620 829 794 826 165 1234 558 381 256 355 869 494 1610 526 815 977 1034 978 455 53 180 753 381 409 177 258 281 580 506 585 222 750 1055 526 734 733 968 0 381 434 647 261 457 453 371 526 959 693 828 1194 439 905 91 730 465
757 377 704 171 794 361 421 395 395 750 502 355 721 693 491 760 442 125 398 379 81 523 313 480 461 390 736 634 541 439 538 522 920 203 74 184 297 581 206 1296 171 459 688 745 690 254 356 537 767 74 208 227 513 420 292 217 230 434 462 741 171 445 746 654 381 0 447 358 188 256 252 170 171 670 707 523 879 392 616 317 442 264
963 732 910 329 1000 567 776 600 600 518 327 313 1076 899 259 528 796 373 753 151 417 736 282 248 667 745 504 402 895 645 892 386 1125 433 447 425 194 822 560 1462 329 665 1037 1100 1044 608 409 369 535 447 563 351 281 189 646 572 308 259 816 946 329 658 514 859 434 447 0 713 429 611 606 524 376 1025 475 728 1085 136 971 370 655 619
640 198 612 453 677 223 278 435 435 1015 767 621 568 575 757 1025 108 450 160 661 414 380 596 745 462 57 1002 899 290 480 288 788 802 510 358 449 563 438 187 1178 453 500 536 592 435 326 622 803 1032 358 447 492 779 686 105 176 513 699 152 623 453 302 1012 536 647 358 713 0 454 328 259 408 393 517 972 397 762 675 348 583 299 336
879 378 851 333 915 461 517 557 557 731 381 235 817 814 465 741 537 287 494 449 244 619 475 454 624 486 718 616 636 601 633 402 1041 365 188 57 279 676 301 1417 333 622 783 841 785 255 236 417 748 188 171 106 487 372 387 313 392 313 557 862 333 541 728 775 261 188 429 454 0 257 253 149 333 766 688 635 1001 435 712 197 537 265
895 220 868 400 932 478 533 624 624 913 577 431 834 831 654 923 411 354 416 609 311 636 543 643 691 360 900 797 575 669 574 598 1058 433 256 253 461 693 369 1434 401 689 800 857 721 53 432 613 930 256 217 302 677 568 360 380 460 509 455 879 400 558 909 792 457 256 611 328 257 0 94 179 400 782 870 652 1017 616 634 393 554 44
827 151 799 396 863 410 465 620 620 908 573 426 765 762 650 918 343 350 347 604 307 567 539 639 649 291 895 793 507 664 505 594 989 428 251 248 456 624 365 1365 396 685 732 789 652 92 428 608 926 251 213 298 672 564 292 362 456 505 386 810 396 489 905 723 453 252 606 259 253 94 0 175 396 714 865 583 949 612 565 388 486 102
860 300 832 314 897 443 498 538 538 826 491 344 798 795 568 836 491 268 475 522 225 600 457 557 605 440 813 711 617 582 614 512 1022 346 169 155 374 658 283 1398 314 603 765 822 767 177 346 526 844 169 59 216 590 482 368 294 374 423 535 843 314 522 823 756 371 170 524 408 149 179 175 0 314 747 783 617 982 530 693 306 519 187
605 518 551 78 641 209 455 242 242 785 594 500 756 540 526 795 476 76 432 287 119 378 221 515 309 424 771 669 575 286 572 653 767 135 170 328 442 464 350 1143 79 307 679 779 724 398 501 636 802 170 353 371 548 456 326 353 138 526 496 588 78 300 781 501 526 171 376 393 333 400 396 314 0 704 742 370 727 300 651 462 296 408
621 653 659 765 658 534 273 747 747 1327 1079 932 125 557 1068 1337 434 762 411 973 725 555 907 1057 569 485 1314 1211 252 594 249 1100 783 821 670 761 875 419 499 1159 765 812 336 148 256 780 934 1115 1344 670 785 804 1091 998 460 487 824 1011 391 604 765 614 1323 518 959 670 1025 517 766 782 714 747 704 0 1284 537 743 987 322 895 610 790
1029 991 1100 694 995 932 1035 965 965 115 586 572 1335 1024 518 93 1056 739 1012 494 762 1102 648 507 1032 1004 134 138 1154 1010 1151 645 1192 798 706 684 453 1144 819 1059 694 1030 1302 1359 1303 868 668 628 110 706 822 610 541 448 905 831 673 518 1076 1229 694 1024 80 1062 693 707 475 972 688 870 865 783 742 1284 0 1094 1151 480 1230 629 1020 878
291 522 237 430 328 225 361 281 281 1137 946 802 463 226 878 1147 480 428 436 639 471 40 573 867 87 428 1123 1021 481 112 478 969 453 487 522 631 744 150 369 829 431 346 365 487 630 650 803 984 1154 522 655 674 900 808 330 357 490 878 500 274 430 198 1133 187 828 523 728 397 635 652 583 617 370 537 1094 0 413 652 560 764 194 660
213 888 386 732 281 615 567 583 582 1096 1247 1153 669 311 1179 1106 845 729 802 940 772 430 874 1168 444 794 1146 1119 686 469 683 1306 105 788 823 982 1095 355 734 779 732 647 570 692 835 1015 1154 1289 1122 823 1006 1024 1202 1109 695 722 791 1179 826 413 732 589 1092 245 1179 824 1030 762 986 1017 949 967 671 743 1053 413 0 953 765 1115 585 1025
887 737 834 253 924 491 737 524 524 523 333 318 1038 822 265 533 758 297 715 53 340 660 206 253 591 707 510 408 857 568 854 392 1049 357 392 430 199 746 566 1425 253 589 961 1062 1006 614 414 374 540 392 568 356 287 194 608 577 232 265 778 870 253 582 520 783 439 392 136 675 435 616 612 530 300 987 480 652 1009 0 933 375 579 624
643 504 681 711 680 481 223 693 693 1273 1025 879 383 579 1015 1283 266 708 243 919 672 577 854 1003 591 317 1260 1157 104 616 103 1046 806 768 616 708 821 441 445 1182 711 758 351 406 115 632 880 1061 1290 616 732 750 1037 944 363 434 771 957 223 627 711 560 1270 540 905 616 971 348 712 634 565 693 651 322 1230 560 765 933 0 841 557 642
1008 514 980 462 1044 590 645 686 686 672 226 80 946 943 310 682 666 416 623 389 373 748 543 299 752 615 659 556 765 730 762 232 1170 494 317 192 291 805 430 1546 462 751 912 970 914 391 66 247 689 317 345 113 326 217 516 442 521 158 686 991 462 670 668 904 91 317 370 583 197 393 388 306 462 895 629 764 1129 375 841 0 666 401
463 425 410 357 500 127 361 339 339 1063 851 704 635 399 805 1073 382 354 339 565 397 178 499 793 260 331 1050 947 481 285 478 872 625 414 442 533 646 322 271 1001 357 404 537 659 630 552 705 886 1080 442 557 576 827 734 232 259 416 783 402 446 357 27 1060 360 730 442 655 299 537 554 486 519 296 610 1020 194 585 579 557 666 0 562
903 228 875 408 940 486 541 632 632 921 585 438 842 839 662 931 419 362 423 617 319 644 551 651 699 368 907 805 583 677 582 606 1066 441 264 261 468 701 377 1442 409 697 808 865 728 61 440 621 938 264 225 310 684 576 368 388 468 517 462 887 408 566 917 800 465 264 619 336 265 44 102 187 408 790 878 660 1025 624 642 401 562 0
EOF