NAME : tsp_problem
TYPE : TSP
DIMENSION : 54
EDGE_WEIGHT_TYPE : EXPLICIT
EDGE_WEIGHT_FORMAT : FULL_MATRIX
EDGE_WEIGHT_SECTION
0 1215 596 1218 244 288 653 615 355 1102 479 967 424 635 1020 639 105 826 420 337 592 596 1036 974 734 158 303 960 1107 535 1085 958 267 1211 1072 781 151 440 976 658 665 895 987 1017 973 512 867 513 626 1104 596 760 652 619
1215 0 672 74 1016 971 648 814 1165 588 975 749 920 861 225 1185 1301 669 846 927 686 672 695 299 688 1092 1293 727 190 719 204 338 1029 67 208 650 1346 828 262 987 697 458 770 267 322 1008 531 818 795 556 672 510 771 908
596 672 0 653 604 564 88 497 715 571 334 732 280 517 543 779 681 400 205 286 75 71 678 409 419 452 652 710 542 78 520 482 389 647 507 381 727 296 499 580 100 418 753 452 408 367 390 177 509 539 70 196 135 502
1218 74 653 0 1031 985 630 828 1179 569 957 731 902 876 240 1200 1304 684 828 909 697 653 676 280 702 1074 1275 709 204 701 186 353 1011 49 190 664 1350 843 276 1001 679 440 752 249 304 990 545 799 809 537 653 492 757 923
244 1016 604 1031 0 89 661 416 194 1005 487 1163 432 436 821 440 330 628 428 345 600 604 1112 844 535 166 392 1145 920 543 955 760 275 1042 942 583 375 341 777 460 673 696 1183 887 843 520 668 495 428 973 604 768 661 421
288 971 564 985 89 0 621 371 237 960 531 1122 476 391 776 395 373 582 450 389 561 565 1067 798 490 210 436 1100 874 504 910 714 319 996 897 537 419 296 732 414 633 651 1142 842 798 563 623 449 382 928 564 729 621 375
653 648 88 630 661 621 0 554 771 547 391 708 336 574 600 835 738 457 262 343 131 88 654 385 476 508 709 686 518 135 496 524 445 623 484 437 784 353 556 637 113 417 729 429 384 424 447 234 565 515 88 172 192 558
615 814 497 828 416 371 554 0 564 891 511 1052 456 79 618 504 700 243 382 463 493 497 998 729 151 496 697 1030 717 436 839 557 521 839 827 199 746 228 575 246 566 581 1073 772 712 544 400 382 43 859 497 662 554 165
355 1165 715 1179 194 237 771 564 0 1154 597 1274 543 584 969 413 440 776 539 456 711 715 1261 992 683 277 502 1266 1068 654 1103 908 386 1190 1090 731 486 489 925 432 783 844 1294 1035 991 630 817 632 576 1122 715 879 771 485
1135 588 571 569 1005 960 547 891 1154 0 874 195 819 912 586 1174 1219 746 745 826 614 571 285 325 765 991 1192 171 458 618 436 464 928 563 423 726 1265 817 542 976 596 357 216 368 324 907 622 717 872 60 571 409 675 897
479 975 334 957 487 531 391 511 597 874 0 1036 80 531 799 793 564 656 159 169 331 335 981 712 630 334 535 1014 845 274 824 737 272 950 811 637 610 311 755 595 403 674 1056 756 712 47 646 251 523 842 334 499 391 516
1065 749 732 731 1167 1122 708 1052 1315 195 1036 0 981 1074 748 1336 1084 908 906 987 776 732 217 486 926 1153 1179 53 620 780 598 626 1090 724 585 888 1130 979 704 1138 758 519 49 530 486 1069 784 878 1034 223 732 571 836 1059
424 920 280 902 432 476 336 456 543 819 80 981 0 476 744 738 510 602 104 114 276 280 926 657 575 280 481 959 791 219 769 683 217 895 756 582 555 256 700 540 348 619 1001 701 657 113 592 197 468 787 280 444 336 461
635 861 517 876 436 391 574 79 584 912 531 1074 476 0 666 524 720 291 402 483 513 517 1019 751 198 516 717 1052 764 456 862 604 541 887 849 246 766 248 622 266 586 603 1095 794 750 564 447 402 91 881 517 682 574 185
1020 225 543 240 821 776 600 618 969 586 799 748 744 666 0 990 1105 474 670 751 491 543 693 321 493 901 1102 726 211 543 250 143 853 251 254 454 1151 633 66 792 612 349 769 313 298 832 336 641 600 554 543 509 575 713
639 1185 779 1200 440 395 835 504 413 1174 793 1336 738 524 990 0 724 715 664 740 775 779 1281 1012 623 561 786 1314 1088 718 1124 928 670 1211 1111 670 770 510 946 328 848 865 1356 1056 1012 826 837 663 515 1142 779 943 835 381
105 1267 626 1248 330 373 683 700 440 1120 509 985 454 720 1091 724 0 912 450 367 622 627 1055 1004 819 244 321 978 1137 566 1115 1029 353 1242 1102 867 169 525 1047 744 695 966 1006 1047 1003 542 938 543 712 1134 626 791 683 705
826 669 400 684 628 582 457 243 776 746 656 908 602 291 474 715 912 0 527 608 348 401 853 584 117 707 908 886 573 400 695 413 711 695 683 79 957 440 430 457 469 437 928 628 568 689 255 499 225 714 400 565 433 377
420 846 205 828 428 450 262 382 539 745 159 906 104 402 670 664 506 527 0 110 202 206 852 583 501 276 477 884 716 145 695 608 213 821 682 508 551 182 626 466 274 545 927 627 582 191 517 122 394 713 205 370 262 387
337 927 286 909 345 389 343 463 456 826 169 987 114 483 751 740 423 608 110 0 283 287 933 664 582 193 394 965 797 226 775 689 130 902 763 589 468 262 707 547 355 626 1008 708 663 202 598 203 475 794 286 451 343 468
592 686 75 697 600 561 131 493 711 614 331 776 276 513 491 775 678 348 202 283 0 75 721 452 367 448 649 754 586 75 564 429 385 690 551 328 724 293 447 577 144 366 797 496 452 364 338 173 474 582 75 239 107 498
596 672 71 653 604 565 88 497 715 571 335 732 280 517 543 779 682 401 206 287 75 0 678 409 420 452 653 710 542 79 520 482 389 647 507 381 728 297 499 581 100 419 753 452 408 368 391 177 509 539 71 196 136 502
1135 695 678 676 1112 1067 654 998 1261 285 981 217 926 1019 693 1281 1153 853 852 933 721 678 0 432 872 1098 1248 210 565 725 543 571 1035 669 530 833 1199 924 649 1083 703 464 238 475 431 1014 729 823 979 253 678 516 782 1004
974 299 409 280 844 798 385 729 992 325 712 486 657 751 321 1012 1059 584 583 664 452 409 432 0 603 829 1030 464 193 456 147 199 766 273 134 565 1105 656 277 814 434 195 507 79 59 745 453 555 710 293 409 247 513 735
734 688 419 702 535 490 476 151 683 765 630 926 575 198 493 623 819 117 501 582 367 420 872 603 0 615 816 904 591 419 713 431 640 713 702 73 865 347 449 365 488 456 947 647 587 663 274 501 132 733 419 584 451 284
158 1092 452 1074 166 210 508 496 277 991 334 1077 280 516 901 561 244 707 276 193 448 452 1098 829 615 0 239 1070 963 391 941 839 123 1067 928 663 289 295 857 579 520 776 1097 873 829 367 748 369 508 959 452 616 508 501
316 964 323 945 324 368 380 500 435 863 206 1024 151 520 787 719 402 645 147 64 319 323 969 701 619 172 0 1002 834 262 812 726 109 938 799 625 448 299 743 583 392 663 1045 744 700 239 635 240 511 831 323 488 380 505
1058 727 710 709 1145 1100 686 1030 1293 171 1014 53 959 1052 726 1314 1077 886 884 965 754 710 210 464 904 1131 1171 0 598 758 576 604 1068 702 563 866 1122 957 682 1116 736 497 73 508 464 1046 762 856 1012 199 710 549 814 1037
1107 190 542 204 920 874 518 717 1068 458 845 620 791 764 211 1088 1192 573 716 797 586 542 565 193 591 963 1163 598 0 589 215 181 900 215 218 553 1238 732 247 890 567 328 640 237 170 878 434 688 698 426 542 380 646 811
535 719 78 701 543 504 135 436 654 618 274 780 219 456 543 718 621 400 145 226 75 79 725 456 419 391 592 758 589 0 568 482 328 694 555 381 667 236 499 520 147 418 800 500 456 307 390 116 448 586 79 243 135 441
1085 204 520 186 955 910 496 839 1103 436 824 598 769 862 250 1124 1171 695 695 775 564 520 543 147 713 941 1142 576 215 568 0 311 878 179 101 675 1216 767 287 926 546 307 618 116 171 857 556 666 820 404 520 359 624 847
958 338 482 353 760 714 524 557 908 464 737 626 683 604 143 928 1044 413 608 689 429 482 571 199 431 839 1040 604 181 482 311 0 792 364 298 393 1089 572 99 730 550 287 646 243 176 770 274 580 538 432 482 387 514 651
267 1029 389 1011 275 319 445 521 386 928 272 1090 217 541 853 670 353 711 213 130 385 389 1035 766 640 123 324 1068 900 328 878 792 0 1004 865 687 399 320 809 604 457 728 1110 810 766 304 701 306 532 896 389 553 445 525
1211 67 647 49 1042 996 623 839 1190 563 950 724 895 887 251 1211 1297 695 821 902 690 647 669 273 713 1067 1268 702 215 694 179 364 1004 0 183 675 1343 854 287 1012 672 433 745 242 297 983 556 792 821 531 647 485 751 934
1072 208 507 190 942 897 484 827 1090 423 811 585 756 849 254 1111 1158 683 682 763 551 507 530 134 702 928 1129 563 218 555 101 298 865 183 0 663 1204 754 291 913 533 294 606 103 158 844 551 653 809 391 507 346 611 834
781 650 381 664 583 537 437 199 731 726 637 888 582 246 454 670 867 79 508 589 328 381 833 565 73 663 864 866 553 381 675 393 687 675 663 0 913 395 410 413 450 417 909 608 548 670 235 479 180 695 381 545 413 332
151 1313 672 1294 375 419 729 746 486 1166 555 1031 500 766 1136 770 169 957 496 413 668 672 1100 1050 865 289 367 1024 1183 611 1161 1075 399 1287 1148 913 0 571 1092 790 741 1012 1052 1093 1049 588 984 589 758 1180 672 836 729 751
440 828 296 843 341 296 353 228 489 817 311 979 256 248 633 510 525 440 182 262 293 297 924 656 347 295 496 957 732 236 767 572 320 854 754 395 571 0 589 312 365 508 1000 699 655 344 480 181 240 785 296 461 353 233
976 262 499 276 777 732 556 575 925 542 755 704 700 622 66 946 1061 430 626 707 447 499 649 277 449 857 1058 682 247 499 287 99 809 287 291 410 1107 589 0 748 568 305 725 321 254 788 292 597 556 510 499 465 531 669
658 987 580 1001 460 414 637 246 432 976 595 1138 540 266 792 328 744 457 466 547 577 581 1083 814 365 579 780 1116 890 520 926 730 604 1012 913 413 790 312 748 0 649 667 1158 858 814 628 614 465 257 944 581 745 637 106
665 697 100 679 673 633 113 566 783 596 403 758 348 586 612 848 750 469 274 355 144 100 703 434 488 520 721 736 567 147 546 550 457 672 533 450 796 365 568 649 0 466 778 478 433 436 459 246 577 564 100 221 204 571
895 458 418 440 696 651 417 581 844 357 674 519 619 603 349 865 980 437 545 626 366 419 464 195 456 776 977 497 328 418 307 287 728 433 294 417 1026 508 305 667 466 0 539 239 195 707 313 517 563 325 418 280 450 588
1086 770 753 752 1188 1142 729 1073 1336 216 1056 49 1001 1095 769 1356 1104 928 927 1008 797 753 238 507 947 1173 1199 73 640 800 618 646 1110 745 606 909 1150 1000 725 1158 778 539 0 551 506 1089 805 899 1054 243 753 591 857 1079
1017 267 452 249 887 842 429 772 1035 368 756 530 701 794 313 1056 1103 628 627 708 496 452 475 79 647 873 1074 508 237 500 116 243 810 242 103 608 1149 699 321 858 478 239 551 0 103 789 496 598 754 336 452 291 556 779
973 322 408 304 843 798 384 712 991 324 712 486 657 750 298 1012 1059 568 582 663 452 408 431 59 587 829 1030 464 170 456 171 176 766 297 158 548 1104 655 254 814 433 195 506 103 0 744 430 554 694 292 408 247 512 735
512 1008 367 990 520 563 424 544 630 907 47 1069 113 564 832 826 597 689 191 202 364 368 1014 745 663 367 568 1046 878 307 857 770 304 983 844 670 643 344 788 628 436 707 1089 789 744 0 679 284 556 875 367 532 424 549
867 531 390 545 668 623 447 400 817 622 646 784 592 447 336 837 953 255 517 598 338 391 729 453 274 748 949 762 434 390 556 274 701 556 551 235 998 480 292 614 459 313 805 496 430 679 0 489 381 590 390 545 423 533
513 818 177 799 495 449 234 382 632 717 251 878 197 402 641 663 598 499 122 203 173 177 823 555 501 369 569 856 688 116 666 580 306 792 653 479 644 181 597 465 246 517 899 598 554 284 489 0 393 685 177 342 234 386
626 795 509 809 428 382 565 43 576 872 523 1034 468 91 600 515 712 225 394 475 474 509 979 710 132 508 708 1012 698 448 820 538 532 821 809 180 758 240 556 257 577 563 1054 754 694 556 381 393 0 840 509 673 558 177
1104 556 539 537 973 928 515 859 1122 60 842 223 787 881 554 1142 1189 714 713 794 582 539 253 293 733 959 1160 199 426 586 404 432 896 531 391 695 1235 785 510 944 564 325 243 336 292 875 590 685 840 0 539 377 643 865
596 672 70 653 604 564 88 497 715 571 334 732 280 517 543 779 681 400 205 286 75 71 678 409 419 452 652 710 542 79 520 482 389 647 507 381 727 296 499 581 100 418 753 452 408 367 390 177 509 539 0 196 135 502
760 510 196 492 768 729 172 662 879 409 499 571 444 682 509 943 846 565 370 451 239 196 516 247 584 616 817 549 380 243 359 387 553 485 346 545 892 461 465 745 221 280 591 291 247 532 545 342 673 377 196 0 300 666
652 771 135 757 661 621 192 554 771 675 391 836 336 574 575 835 738 433 262 343 107 136 782 513 451 508 709 814 646 135 624 514 445 751 611 413 784 353 531 637 204 450 857 556 512 424 423 234 558 643 135 300 0 558
619 908 502 923 421 375 558 165 485 897 516 1059 461 185 713 381 705 377 387 468 498 502 1004 735 284 501 702 1037 811 441 847 651 525 934 834 332 751 233 669 106 571 588 1079 779 735 549 533 386 177 865 502 666 558 0
EOF