NAME : tsp_problem
TYPE : TSP
DIMENSION : 76
EDGE_WEIGHT_TYPE : EXPLICIT
EDGE_WEIGHT_FORMAT : FULL_MATRIX
EDGE_WEIGHT_SECTION
0 710 536 95 662 458 723 796 490 537 733 599 396 824 397 479 451 205 613 293 718 452 647 781 502 994 718 77 209 198 508 103 530 294 841 574 528 688 283 433 906 204 568 329 834 99 467 499 211 950 433 58 844 545 716 267 451 949 957 562 612 545 444 499 68 731 524 86 573 498 508 950 363 805 418 160
710 0 267 721 407 960 1226 134 993 1039 281 635 472 1326 490 284 595 849 1115 795 211 954 1150 1284 366 740 1220 657 577 567 627 649 673 797 171 561 1030 1191 526 818 652 572 1071 405 164 725 331 643 713 695 819 681 173 1047 462 770 595 695 702 705 1115 276 946 643 694 61 1026 647 305 883 627 695 749 178 803 663
536 267 0 548 352 786 1052 353 819 865 380 569 299 1152 317 110 421 675 941 621 275 780 976 1110 192 684 1046 483 403 393 453 475 499 623 398 505 856 1017 352 645 596 398 897 231 391 551 157 469 539 639 645 507 401 874 406 596 421 639 646 531 941 38 772 469 520 288 853 473 67 710 453 640 575 406 629 489
95 721 548 0 732 528 793 808 560 606 802 669 408 894 467 531 521 275 682 363 730 521 717 851 572 1064 788 89 221 210 578 173 599 364 853 644 598 758 295 503 976 216 638 340 846 46 537 569 280 1020 503 128 855 615 786 337 521 1019 1027 632 682 557 514 569 53 743 594 98 585 568 578 1020 433 860 488 230
662 407 352 732 0 731 1022 313 941 987 188 262 508 1123 399 290 303 797 886 625 235 902 921 1055 205 450 1017 693 613 603 407 597 338 745 412 188 979 987 562 574 362 608 1019 441 408 736 244 308 547 405 574 629 418 996 89 544 303 405 413 333 911 360 894 308 704 374 975 683 389 639 407 406 504 260 559 596
458 960 786 528 731 0 345 1009 545 518 885 608 713 446 508 725 460 593 170 253 931 506 205 339 749 1096 340 510 641 631 516 393 538 272 1091 582 334 310 715 310 1059 636 359 645 1084 531 714 507 282 1102 310 425 1094 441 756 367 460 1102 1109 570 234 795 491 507 500 981 337 519 824 375 516 1102 260 957 201 331
723 1211 1037 793 967 345 0 1245 744 718 1120 843 964 225 744 976 695 818 352 544 1167 706 387 520 1000 1040 119 775 907 896 752 658 773 472 1342 818 533 72 981 546 1131 901 559 896 1335 797 965 743 573 1112 546 690 1345 641 991 658 695 1132 1142 805 235 1046 690 743 765 1232 537 784 1075 611 752 1162 496 1193 437 622
796 134 353 808 313 1009 1300 0 1079 1125 252 540 558 1401 577 370 581 935 1164 881 105 1040 1199 1333 400 645 1295 743 663 653 685 735 616 883 142 466 1116 1265 612 852 557 658 1157 491 135 811 417 586 799 600 852 767 144 1133 367 822 581 600 607 611 1189 362 1032 586 780 101 1112 733 391 917 685 601 782 149 837 749
490 993 819 560 941 545 744 1079 0 99 1012 878 745 845 676 758 730 386 699 572 1001 146 734 868 781 1273 739 542 674 663 787 425 808 315 1124 853 350 709 748 712 1185 669 392 678 1117 564 746 778 489 1229 712 457 1126 181 995 546 730 1228 1236 841 633 828 266 778 532 1014 346 551 856 777 787 1229 642 1084 691 439
537 1039 865 606 987 518 718 1125 99 0 1058 925 792 818 722 804 776 432 673 618 1047 124 708 841 828 1320 712 588 720 709 833 472 855 362 1170 899 347 683 794 758 1232 715 372 724 1163 610 792 824 536 1275 759 503 1173 105 1042 592 777 1274 1282 887 607 874 312 824 579 1060 351 597 903 823 833 1275 688 1130 665 485
733 281 380 802 188 885 1176 252 1012 1058 0 416 579 1276 509 361 457 867 1040 779 202 973 1075 1208 276 520 1171 764 684 673 561 668 492 816 285 341 1049 1141 632 728 432 678 1089 512 282 806 314 461 701 476 728 699 291 1066 243 697 457 475 483 487 1065 389 965 461 775 247 1045 753 418 793 561 476 658 133 712 681
599 635 569 669 262 608 899 540 878 925 416 0 495 999 276 508 179 734 762 501 462 840 797 931 433 678 893 651 600 590 283 535 214 682 640 113 887 864 549 450 590 595 913 428 636 673 472 184 424 633 451 566 646 933 287 420 179 633 640 209 788 578 832 184 641 602 891 660 607 515 283 634 381 488 435 472
396 472 299 408 508 713 978 558 745 792 579 495 0 1079 243 282 347 576 868 548 480 707 902 1036 349 841 973 343 263 253 379 402 426 549 604 470 783 943 212 571 753 258 823 91 597 412 314 395 466 796 571 429 606 800 563 522 348 796 803 458 867 307 699 395 380 494 779 333 336 636 379 797 501 611 555 415
824 1312 1138 894 1067 446 225 1345 845 818 1221 944 1064 0 844 1077 796 919 452 645 1268 806 487 621 1100 1141 181 876 1007 997 852 759 874 572 1443 918 634 190 1081 646 1232 1002 659 997 1436 897 1065 844 674 1213 646 790 1445 742 1092 759 796 1233 1242 906 336 1147 791 844 866 1333 638 885 1175 711 852 1262 596 1293 537 722
397 490 317 467 399 508 799 577 676 722 509 276 243 900 0 256 128 532 663 402 499 637 698 832 279 771 794 428 348 337 160 332 206 480 622 250 713 764 296 351 683 343 754 176 615 470 244 176 324 726 351 363 624 730 424 321 128 726 734 238 688 326 629 176 439 512 709 418 354 416 160 727 281 581 336 346
479 284 110 531 290 725 991 370 758 804 361 508 282 1091 256 0 360 614 880 560 292 719 915 1049 131 623 985 466 386 376 392 414 438 562 415 444 795 956 335 584 535 381 836 214 408 535 96 408 478 578 584 446 418 812 345 535 360 578 585 470 880 119 711 408 503 305 792 456 148 649 392 579 514 423 568 428
451 595 421 521 303 460 750 581 730 776 457 179 347 851 128 360 0 586 614 353 503 692 649 783 383 718 745 503 452 442 135 386 110 534 681 154 739 716 401 302 630 447 764 280 677 525 348 79 276 674 303 418 686 785 327 272 71 673 681 142 639 430 684 79 493 616 743 512 459 367 135 674 233 529 287 324
205 849 675 275 797 593 818 935 386 432 867 734 576 919 532 614 586 0 747 428 857 347 782 916 637 1129 813 257 389 378 643 238 664 389 980 709 424 783 463 568 1041 384 466 508 973 279 602 634 345 1085 568 195 982 441 851 402 586 1084 1092 696 707 684 340 634 247 870 420 266 712 633 643 1085 498 939 553 295
500 885 711 570 641 226 517 919 716 690 795 517 638 617 418 650 369 635 0 365 841 678 416 549 674 1056 512 552 683 673 426 435 447 444 1016 492 505 482 691 220 968 678 531 570 1009 574 639 417 324 1012 220 467 1019 613 665 381 369 1011 1019 480 406 720 662 417 542 906 509 561 749 285 426 1012 170 867 111 373
293 795 621 363 625 253 544 881 572 618 779 501 548 645 402 560 353 428 408 0 803 533 443 577 584 1040 539 345 476 466 410 228 431 376 926 476 533 509 550 335 952 471 558 480 920 366 549 401 117 996 335 260 929 626 649 202 353 995 1003 464 433 630 525 401 335 816 537 354 659 400 410 996 265 851 320 166
718 211 275 730 235 931 1222 105 1001 1047 202 462 480 1323 499 292 503 857 1086 803 0 962 1121 1255 322 567 1217 665 585 575 607 657 538 805 219 388 1038 1187 534 774 479 580 1079 413 212 733 339 508 721 522 774 689 222 1055 289 744 503 522 530 533 1111 284 954 508 702 178 1034 655 313 839 607 523 704 227 759 671
452 954 780 521 902 506 706 1040 146 124 973 840 707 806 637 719 692 347 661 533 962 0 696 829 743 1235 700 503 635 625 748 387 770 277 1085 814 311 671 709 673 1147 630 353 639 1078 525 708 739 451 1190 674 418 1088 132 957 507 692 1190 1197 802 595 789 227 739 494 975 307 512 818 738 748 1190 604 1045 653 400
566 951 777 635 707 205 535 985 734 708 860 583 703 635 484 716 435 700 92 431 907 696 0 159 739 1122 529 617 749 738 491 501 513 461 1082 558 523 500 757 285 1034 744 549 636 1075 639 704 483 390 1077 285 532 1085 631 731 447 435 1077 1085 545 424 786 680 483 608 972 527 626 815 350 491 1078 235 932 176 438
699 1085 911 769 840 339 668 1118 868 841 994 717 837 769 617 850 569 834 225 565 1040 829 159 0 873 1256 663 751 883 872 625 635 647 595 1216 691 657 634 891 419 1168 878 682 770 1209 773 838 616 524 1211 419 666 1218 765 865 580 569 1211 1218 679 557 920 814 616 741 1106 661 760 948 484 625 1212 369 1066 310 572
502 366 192 572 205 749 1014 400 781 828 276 433 349 1115 279 131 383 637 904 584 322 743 938 1072 0 538 1009 533 453 443 415 438 462 585 497 359 819 979 402 607 449 448 859 281 490 576 84 431 502 493 607 469 499 836 260 558 384 492 500 494 903 201 735 431 544 387 815 523 229 672 415 493 537 348 591 451
994 740 684 1064 450 1147 1139 645 1273 1320 520 678 841 1239 771 623 718 1129 1127 1040 567 1235 1161 1295 538 0 1133 1025 945 935 822 930 753 1077 744 603 1311 1104 894 990 212 940 1351 773 740 1068 576 723 963 192 990 961 750 1328 504 959 718 128 155 749 1010 693 1227 723 1036 706 1307 1015 721 1055 822 242 920 592 974 943
718 1206 1032 788 961 340 119 1240 739 712 1115 838 958 181 739 971 690 813 346 539 1162 700 381 515 994 1035 0 770 901 891 746 653 768 466 1337 812 528 84 975 540 1126 896 553 891 1330 791 959 738 568 1107 540 685 1340 636 986 653 690 1127 1136 800 230 1041 685 738 760 1227 532 779 1069 605 746 1156 490 1187 431 616
77 657 483 89 693 510 775 743 542 588 764 651 343 876 428 466 503 257 664 345 665 503 699 833 533 1025 770 0 156 146 560 155 581 346 788 626 580 740 230 485 937 151 620 276 781 93 498 551 262 981 485 110 791 597 747 319 503 980 988 614 664 492 496 551 61 678 576 34 521 550 560 981 415 796 470 212
209 577 403 221 613 641 907 663 674 720 684 600 263 1007 348 386 452 389 796 476 585 635 831 965 453 945 901 156 0 59 484 286 530 478 708 575 711 872 150 617 857 53 752 196 701 224 418 500 394 901 617 242 711 728 667 450 452 900 908 562 796 412 627 500 193 598 707 146 441 682 484 901 547 716 601 344
198 567 393 210 603 631 896 653 663 709 673 590 253 997 337 376 442 378 786 466 575 625 820 954 443 935 891 146 59 0 474 276 520 467 698 564 701 861 140 606 847 61 741 185 691 214 408 489 383 890 606 231 700 718 657 440 442 890 898 552 785 402 617 489 182 588 697 136 430 671 474 891 536 705 591 333
508 627 453 578 407 516 807 685 787 833 561 283 379 907 160 392 135 643 671 410 607 748 706 839 415 822 802 560 484 474 0 443 214 591 758 258 795 772 433 359 734 479 821 312 751 581 380 183 332 778 359 474 761 841 431 328 135 777 785 246 696 462 740 183 550 648 799 554 491 424 22 778 289 633 343 381
103 649 475 173 597 393 658 735 425 472 668 535 402 759 332 414 386 238 548 228 657 387 583 716 438 930 653 155 286 276 443 0 465 229 780 509 463 624 360 368 842 281 503 334 773 176 403 434 146 885 369 70 783 480 652 202 387 884 892 497 547 484 379 434 145 670 459 164 513 433 443 885 298 740 353 95
530 673 499 599 338 538 829 616 808 855 492 214 426 929 206 438 110 664 693 431 538 770 727 861 462 753 823 581 530 520 214 465 0 613 716 189 817 794 479 381 665 525 843 358 712 603 427 55 354 709 381 496 721 863 362 350 110 708 716 177 718 508 762 55 572 677 821 590 537 446 214 709 311 564 365 402
294 797 623 364 745 272 472 883 315 362 816 682 549 572 480 562 534 389 427 376 805 277 461 595 585 1077 466 346 478 467 591 229 613 0 928 657 291 437 552 516 989 473 317 482 921 368 550 582 293 1033 516 261 931 370 799 350 534 1032 1040 645 361 632 269 582 336 818 295 355 661 581 591 1033 446 888 419 243
841 171 398 853 412 1091 1357 142 1124 1170 285 640 604 1457 622 415 681 980 1246 926 219 1085 1281 1415 497 744 1351 788 708 698 758 780 716 928 0 565 1161 1322 657 950 656 703 1202 536 38 856 462 685 844 700 950 812 47 1179 466 901 681 699 707 711 1246 407 1077 685 825 137 1158 778 436 1015 758 700 880 183 934 794
574 561 505 644 188 582 873 466 853 899 341 113 470 974 250 444 154 709 737 476 388 814 772 906 359 603 868 626 575 564 258 509 189 657 565 0 862 838 524 425 515 570 887 403 562 648 397 159 398 559 425 541 571 908 192 395 154 558 566 184 762 514 806 159 616 527 865 635 542 490 258 559 355 413 410 447
528 1030 856 598 979 334 533 1116 350 347 1049 887 783 634 713 795 739 424 488 533 1038 311 523 657 819 1284 528 580 711 701 795 463 817 291 1161 862 0 499 785 590 1223 706 68 715 1154 601 784 787 527 1266 590 495 1164 270 1033 584 739 1266 1273 849 422 865 183 787 570 1051 39 589 894 655 795 1267 540 1121 481 477
688 1176 1002 758 932 310 72 1210 709 683 1086 808 929 190 709 941 660 783 317 509 1132 671 352 486 965 1005 84 740 872 861 717 624 739 437 1307 783 499 0 946 511 1097 867 524 861 1301 762 930 708 538 1077 511 655 1310 606 956 624 660 1097 1107 771 200 1011 656 708 730 1197 502 749 1040 576 717 1127 461 1158 402 587
283 526 352 295 562 715 981 612 748 794 632 549 212 1081 296 335 401 463 870 550 534 709 905 1039 402 894 975 230 150 140 433 360 479 552 657 524 785 946 0 624 806 145 826 145 650 299 367 449 468 850 625 316 660 802 616 525 401 849 857 511 870 361 701 449 267 547 782 220 390 689 433 850 554 664 609 418
433 818 645 503 574 310 601 852 712 758 728 450 571 702 351 584 302 568 465 335 774 673 500 633 607 990 596 485 617 606 359 368 381 516 950 425 590 566 624 0 902 611 615 504 943 507 572 350 258 945 45 400 952 697 598 314 303 944 952 413 490 653 666 350 475 840 593 494 682 157 359 945 103 800 137 306
906 652 596 976 362 1059 1230 557 1185 1232 432 590 753 1331 683 535 630 1041 1213 952 479 1147 1248 1382 449 212 1225 937 857 847 734 842 665 989 656 515 1223 1195 806 902 0 852 1263 685 652 980 488 635 875 77 902 873 662 1240 416 871 630 303 313 661 1101 605 1139 635 948 618 1219 927 633 967 734 115 832 504 886 855
204 572 398 216 608 636 901 658 669 715 678 595 258 1002 343 381 447 384 791 471 580 630 826 959 448 940 896 151 53 61 479 281 525 473 703 570 706 867 145 611 852 0 746 191 696 219 413 495 389 896 612 236 706 723 662 445 447 895 903 557 790 407 622 495 188 593 702 141 436 676 479 896 542 710 596 338
568 1071 897 638 1019 359 559 1157 392 372 1089 913 823 659 754 836 764 466 514 558 1079 353 549 682 859 1309 553 620 752 741 821 503 843 317 1202 887 68 524 826 615 1263 746 0 756 1195 642 824 812 567 1307 615 535 1204 296 1061 624 765 1306 1314 875 448 906 225 812 610 1092 72 629 934 680 821 1307 565 1161 506 517
329 405 231 340 441 645 911 491 678 724 512 428 91 1011 176 214 280 508 800 480 413 639 835 969 281 773 905 276 196 185 312 334 358 482 536 403 715 876 145 504 685 191 756 0 529 344 246 328 398 729 504 361 539 733 495 455 280 728 736 390 800 240 631 328 313 426 712 266 269 569 312 729 434 544 488 348
834 164 391 846 408 1084 1350 135 1117 1163 282 636 597 1450 615 408 677 973 1239 920 212 1078 1274 1408 490 740 1344 781 701 691 751 773 712 921 38 562 1154 1315 650 943 652 696 1195 529 0 849 455 681 837 696 943 805 40 1172 463 894 677 695 703 707 1239 400 1070 681 818 130 1151 771 429 1008 751 696 873 179 927 787
99 725 551 46 736 531 797 811 564 610 806 673 412 897 470 535 525 279 686 366 733 525 721 855 576 1068 791 93 224 214 581 176 603 368 856 648 601 762 299 507 980 219 642 344 849 0 541 573 284 1023 507 132 859 619 790 341 525 1023 1031 635 686 560 517 573 57 746 598 102 589 572 581 1024 437 864 491 234
467 331 157 537 244 714 979 417 746 792 314 472 314 1080 244 96 348 602 869 549 339 708 903 1037 84 576 974 498 418 408 380 403 427 550 462 397 784 944 367 572 488 413 824 246 455 541 0 396 467 532 572 434 464 801 298 523 349 531 539 459 868 166 700 396 509 352 780 488 194 637 380 532 502 386 556 416
499 643 469 569 308 507 798 586 778 824 461 184 395 899 176 408 79 634 662 401 508 739 697 831 431 723 793 551 500 489 183 434 55 582 685 159 787 764 449 350 635 495 812 328 681 573 396 0 323 678 350 466 691 833 332 320 79 678 686 146 687 478 732 25 541 647 791 560 506 415 183 679 280 533 335 372
211 713 539 280 547 282 573 799 489 536 701 424 466 674 324 478 276 345 437 117 721 451 472 606 502 963 568 262 394 383 332 146 354 293 844 398 527 538 468 258 875 389 567 398 837 284 467 323 0 918 258 177 847 544 572 120 276 918 925 386 462 548 443 323 253 734 523 271 577 323 332 919 188 773 242 83
950 695 639 1020 405 1102 1211 600 1229 1275 476 633 796 1311 726 578 674 1085 1199 996 522 1190 1233 1367 493 192 1205 981 901 890 778 885 709 1033 700 559 1266 1176 850 945 77 896 1307 729 696 1023 532 678 918 0 945 917 705 1283 460 915 674 284 294 704 1082 648 1182 678 992 662 1262 971 677 1010 778 159 875 548 929 899
433 819 645 503 574 310 601 852 712 759 728 451 571 702 351 584 303 568 465 335 774 674 500 634 607 990 596 485 617 606 359 369 381 516 950 425 590 566 625 45 902 612 615 504 943 507 572 350 258 945 0 400 952 697 599 314 303 945 952 413 490 654 666 350 475 840 593 494 682 157 359 946 103 800 138 306
58 681 507 128 629 425 690 767 457 503 699 566 429 790 363 446 418 195 579 260 689 418 614 748 469 961 685 110 242 231 474 70 496 261 812 541 495 655 316 400 873 236 535 361 805 132 434 466 177 917 400 0 814 512 683 234 418 916 924 528 579 516 410 466 100 702 491 119 544 465 474 917 330 771 384 127
844 173 401 855 418 1094 1359 144 1126 1173 291 646 606 1460 624 418 686 982 1249 929 222 1088 1284 1417 499 750 1354 791 711 700 761 783 721 931 47 571 1164 1325 660 952 662 706 1204 539 40 859 464 691 847 705 952 814 0 1181 472 903 686 705 713 716 1248 410 1080 691 827 140 1160 781 438 1017 761 706 882 189 937 796
545 1047 874 615 996 441 641 1133 181 105 1066 933 800 742 730 812 785 441 596 626 1055 132 631 765 836 1328 636 597 728 718 841 480 863 370 1179 908 270 606 802 697 1240 723 296 733 1172 619 801 833 544 1283 697 512 1181 0 1050 601 785 1283 1291 895 530 882 320 833 587 1069 274 606 911 762 841 1284 647 1138 588 494
716 462 406 786 89 756 1046 367 995 1042 243 287 563 1147 424 345 327 851 910 649 289 957 945 1079 260 504 1041 747 667 657 431 652 362 799 466 192 1033 1012 616 598 416 662 1061 495 463 790 298 332 572 460 599 683 472 1050 0 568 327 459 467 357 935 415 949 332 758 428 1029 737 443 663 431 460 529 315 583 620
267 770 596 337 544 367 658 822 546 592 697 420 522 759 321 535 272 402 522 202 744 507 557 691 558 959 653 319 450 440 328 202 350 350 901 395 584 624 525 314 871 445 624 455 894 341 523 320 120 915 314 234 903 601 568 0 272 914 922 382 547 605 499 320 309 791 580 328 633 379 328 915 244 769 299 140
451 595 421 521 303 460 751 581 730 777 457 179 348 851 128 360 71 586 615 353 503 692 649 783 384 718 745 503 452 442 135 387 110 534 681 154 739 716 401 303 630 447 765 280 677 525 349 79 276 674 303 418 686 785 327 272 0 673 681 142 640 430 684 79 493 616 743 512 459 368 135 674 233 529 287 324
949 695 639 1019 405 1102 1230 600 1228 1274 475 633 796 1331 726 578 673 1084 1218 995 522 1190 1253 1387 492 128 1225 980 900 890 777 884 708 1032 699 558 1266 1196 849 944 303 895 1306 728 695 1023 531 678 918 284 945 916 705 1283 459 914 673 0 51 703 1102 648 1182 678 991 661 1262 970 676 1009 777 334 875 547 929 898
957 702 646 1027 413 1109 1240 607 1236 1282 483 640 803 1341 734 585 681 1092 1228 1003 530 1197 1263 1397 500 155 1235 988 908 898 785 892 716 1040 707 566 1273 1206 857 952 313 903 1314 736 703 1031 539 686 925 294 952 924 713 1291 467 922 681 51 0 711 1111 655 1189 686 999 669 1270 978 684 1017 785 344 882 555 937 906
562 705 531 632 333 570 861 611 841 887 487 209 458 961 238 470 142 696 725 464 533 802 760 893 494 749 855 614 562 552 246 497 177 645 711 184 849 826 511 413 661 557 875 390 707 635 459 146 386 704 413 528 716 895 357 382 142 703 711 0 750 540 794 146 604 673 853 622 569 478 246 704 343 559 397 435
612 1062 888 682 817 234 235 1095 633 607 971 694 814 336 594 827 546 707 202 433 1017 595 237 371 850 911 230 664 796 785 602 547 624 361 1193 668 422 200 868 396 1002 790 448 747 1186 686 815 594 462 983 396 579 1195 530 842 547 546 1003 1013 656 0 897 579 594 654 1083 426 673 925 461 602 1033 346 1043 287 511
545 276 38 557 360 795 1061 362 828 874 389 578 307 1161 326 119 430 684 950 630 284 789 985 1119 201 693 1055 492 412 402 462 484 508 632 407 514 865 1026 361 653 605 407 906 240 400 560 166 478 548 648 654 516 410 882 415 605 430 648 655 540 950 0 781 478 529 297 862 482 58 718 462 648 584 415 638 498
444 946 772 514 894 491 690 1032 266 312 965 832 699 791 629 711 684 340 645 525 954 227 680 814 735 1227 685 496 627 617 740 379 762 269 1077 806 183 656 701 666 1139 622 225 631 1070 517 700 732 443 1182 666 410 1080 320 949 499 684 1182 1189 794 579 781 0 732 486 967 179 505 810 731 740 1183 596 1037 638 393
499 643 469 569 308 507 798 586 778 824 461 184 395 899 176 408 79 634 662 401 508 739 697 831 431 723 793 551 500 489 183 434 55 582 685 159 787 764 449 350 635 495 812 328 681 573 396 25 323 678 350 466 691 833 332 320 79 678 686 146 687 478 732 0 541 647 791 560 506 415 183 679 280 533 335 372
68 694 520 53 704 500 765 780 532 579 775 641 380 866 439 503 493 247 655 335 702 494 689 823 544 1036 760 61 193 182 550 145 572 336 825 616 570 730 267 475 948 188 610 313 818 57 509 541 253 992 475 100 827 587 758 309 493 991 999 604 654 529 486 541 0 715 566 70 557 540 550 992 405 832 460 202
731 61 288 743 374 981 1247 101 1014 1060 247 602 494 1347 512 305 616 870 1136 816 178 975 1171 1305 387 706 1241 678 598 588 648 670 677 818 137 527 1051 1212 547 840 618 593 1092 426 130 746 352 647 734 662 840 702 140 1069 428 791 616 661 669 673 1136 297 967 647 715 0 1048 668 326 905 648 662 770 145 824 684
524 1026 853 594 975 337 537 1112 346 351 1045 891 779 638 709 792 743 420 492 537 1034 307 527 661 815 1288 532 576 707 697 799 459 821 295 1158 865 39 502 782 593 1219 702 72 712 1151 598 780 791 523 1262 593 491 1160 274 1029 580 743 1262 1270 853 426 862 179 791 566 1048 0 585 890 658 799 1263 543 1117 484 473
86 647 473 98 683 519 784 733 551 597 753 660 333 885 418 456 512 266 673 354 655 512 708 842 523 1015 779 34 146 136 554 164 590 355 778 635 589 749 220 494 927 141 629 266 771 102 488 560 271 971 494 119 781 606 737 328 512 970 978 622 673 482 505 560 70 668 585 0 511 559 554 971 424 785 478 221
573 305 67 585 389 824 1089 391 856 903 418 607 336 1190 354 148 459 712 979 659 313 818 1014 1147 229 721 1084 521 441 430 491 513 537 661 436 542 894 1055 390 682 633 436 934 269 429 589 194 506 577 677 682 544 438 911 443 633 459 676 684 569 978 58 810 506 557 326 890 511 0 747 491 677 612 443 667 526
498 883 710 568 639 375 666 917 777 823 793 515 636 767 416 649 367 633 530 400 839 738 565 698 672 1055 661 550 682 671 424 433 446 581 1015 490 655 631 689 157 967 676 680 569 1008 572 637 415 323 1010 157 465 1017 762 663 379 368 1009 1017 478 555 718 731 415 540 905 658 559 747 0 424 1010 168 865 202 371
508 627 453 578 407 516 807 685 787 833 561 283 379 908 160 392 135 643 671 410 607 748 706 839 415 822 802 560 484 474 22 443 214 591 758 258 795 772 433 359 734 479 821 312 751 581 380 183 332 778 359 474 761 841 431 328 135 777 785 246 696 462 740 183 550 648 799 554 491 424 0 778 289 633 343 381
950 695 640 1020 406 1102 1260 601 1229 1275 476 634 797 1361 727 579 674 1085 1248 996 523 1190 1283 1417 493 242 1255 981 901 891 778 885 709 1033 700 559 1267 1225 850 945 115 896 1307 729 696 1024 532 679 919 159 946 917 706 1284 460 915 674 334 344 704 1131 648 1183 679 992 662 1263 971 677 1010 778 0 875 548 930 899
363 749 575 433 504 260 551 782 642 688 658 381 501 652 281 514 233 498 415 265 704 604 450 584 537 920 546 415 547 536 289 298 311 446 880 355 540 516 554 103 832 542 565 434 873 437 502 280 188 875 103 330 882 647 529 244 233 875 882 343 440 584 596 280 405 770 543 424 612 168 289 875 0 730 87 236
805 178 406 860 260 957 1248 149 1084 1130 133 488 611 1348 581 423 529 939 1112 851 227 1045 1147 1280 348 592 1243 796 716 705 633 740 564 888 183 413 1121 1213 664 800 504 710 1161 544 179 864 386 533 773 548 800 771 189 1138 315 769 529 547 555 559 1137 415 1037 533 832 145 1117 785 443 865 633 548 730 0 784 753
418 803 629 488 559 201 492 837 691 665 712 435 555 593 336 568 287 553 356 320 759 653 391 524 591 974 487 470 601 591 343 353 365 419 934 410 481 457 609 137 886 596 506 488 927 491 556 335 242 929 138 384 937 588 583 299 287 929 937 397 381 638 638 335 460 824 484 478 667 202 343 930 87 784 0 291
160 663 489 230 596 331 622 749 439 485 681 472 415 722 346 428 324 295 485 166 671 400 520 654 451 943 616 212 344 333 381 95 402 243 794 447 477 587 418 306 855 338 517 348 787 234 416 372 83 899 306 127 796 494 620 140 324 898 906 435 511 498 393 372 202 684 473 221 526 371 381 899 236 753 291 0
EOF