NAME : tsp_problem
TYPE : TSP
DIMENSION : 30
EDGE_WEIGHT_TYPE : EXPLICIT
EDGE_WEIGHT_FORMAT : FULL_MATRIX
EDGE_WEIGHT_SECTION
0 503 590 220 508 473 229 170 705 715 371 836 164 481 211 409 410 748 354 513 1125 781 512 512 424 398 459 565 733 379
503 0 727 539 76 296 501 489 450 353 301 804 385 618 337 596 281 469 355 651 1093 750 81 81 235 328 73 420 301 634
590 727 0 514 720 783 416 492 993 979 789 571 464 129 466 227 769 1012 519 107 860 516 725 725 525 816 723 425 945 265
220 539 514 0 536 556 190 75 766 752 534 864 192 509 239 304 541 784 383 542 1153 810 541 541 453 561 496 594 761 274
508 76 720 536 0 343 498 486 399 301 348 798 382 611 330 593 328 417 349 644 1086 743 66 66 228 375 120 413 250 631
473 296 783 556 343 0 517 506 292 278 272 1030 401 674 404 612 70 310 548 707 1319 975 347 347 501 192 253 686 331 650
229 501 416 190 498 517 0 168 728 713 523 826 154 471 201 206 503 746 344 501 1115 771 502 502 414 550 457 555 723 176
170 489 492 75 486 506 168 0 716 702 484 815 143 459 189 282 491 735 333 492 1103 760 491 491 403 512 446 544 711 252
705 450 993 766 399 292 728 716 0 132 503 1171 612 884 614 822 302 61 722 917 1460 1117 400 400 602 423 463 787 185 861
715 353 979 752 301 278 713 702 132 0 514 1074 597 870 600 808 327 150 625 903 1363 1019 303 303 504 448 396 690 88 846
371 301 789 534 348 272 523 484 503 514 0 1035 407 680 410 618 209 547 553 713 1324 981 353 353 506 109 258 692 567 656
836 749 571 864 742 1015 826 815 1116 1019 1021 0 710 462 684 663 1001 1134 596 495 534 81 747 747 547 1048 792 503 967 701
164 385 464 192 382 401 154 143 612 597 407 710 0 355 85 293 387 630 228 387 999 655 386 386 298 434 341 439 607 304
481 618 129 509 611 674 471 459 884 870 680 462 355 0 357 308 660 903 410 53 751 407 616 616 416 707 614 316 836 346
211 337 466 239 330 404 201 189 614 600 410 684 85 357 0 296 390 633 176 390 973 629 335 335 247 437 344 388 555 334
409 596 227 304 593 612 206 282 822 808 618 663 293 308 296 0 598 841 439 312 952 609 597 597 509 645 552 518 818 55
410 281 769 541 328 70 503 491 302 327 209 1015 387 660 390 598 0 352 533 693 1304 961 333 333 486 129 238 672 380 636
748 469 1012 784 417 310 746 735 61 150 547 1190 630 903 633 841 352 0 741 936 1478 1135 419 419 620 473 481 805 204 879
354 355 519 383 349 548 344 333 722 625 553 596 228 410 176 439 533 741 0 442 885 541 353 353 265 580 399 299 573 477
513 651 107 542 644 707 501 492 917 903 713 495 387 53 390 312 693 936 442 0 783 440 649 649 449 740 647 349 869 350
1125 1093 860 1153 1086 1319 1115 1103 1460 1363 1324 534 999 751 973 952 1304 1478 885 783 0 590 1091 1091 891 1351 1136 791 1311 990
781 694 516 810 688 961 771 760 1061 964 966 81 655 407 629 609 946 1080 541 440 590 0 692 692 493 993 738 448 912 647
512 81 725 541 66 347 502 491 400 303 353 802 386 616 335 597 333 419 353 649 1091 747 0 70 232 380 124 418 252 635
512 81 725 541 66 347 502 491 400 303 353 802 386 616 335 597 333 419 353 649 1091 748 70 0 233 380 124 418 252 635
424 235 525 453 228 501 414 403 602 504 506 603 298 416 247 509 486 620 265 449 891 548 232 233 0 534 278 218 453 547
398 328 816 561 375 192 550 512 423 448 109 1062 434 707 437 645 129 473 580 740 1351 1008 380 380 534 0 285 719 501 683
459 73 723 496 120 253 457 446 463 396 258 848 341 614 344 552 238 481 399 647 1136 793 124 124 278 285 0 463 345 590
565 420 425 594 413 686 555 544 787 690 692 503 439 316 388 518 672 805 299 349 791 448 418 418 218 719 463 0 638 556
733 301 945 761 250 331 723 711 185 88 567 1022 607 836 555 818 380 204 573 869 1311 968 252 252 453 501 345 638 0 856
379 634 265 274 631 650 176 252 861 846 656 701 304 346 334 55 636 879 477 350 990 647 635 635 547 683 590 556 856 0
EOF