NAME : tsp_problem
TYPE : TSP
DIMENSION : 50
EDGE_WEIGHT_TYPE : EXPLICIT
EDGE_WEIGHT_FORMAT : FULL_MATRIX
EDGE_WEIGHT_SECTION
0 978 328 332 477 412 695 495 551 767 924 868 558 751 261 788 719 938 753 642 277 494 605 571 293 430 435 175 590 1158 313 416 494 92 824 145 710 540 571 171 856 328 474 312 601 380 149 643 803 494
978 0 1168 1173 732 732 589 576 592 458 476 420 636 1325 846 1362 1293 490 532 537 1119 576 869 835 1134 885 890 933 564 1732 896 1058 576 913 397 965 1284 937 835 1127 351 913 738 865 865 1222 993 537 1286 576
328 1168 0 267 762 602 841 685 697 913 1114 1058 748 572 546 609 540 1128 943 789 363 685 620 587 55 462 534 261 736 980 598 137 685 398 971 232 532 361 587 375 1047 613 560 597 616 275 456 789 624 685
332 1173 267 0 768 608 890 690 746 962 1119 1063 754 683 551 720 651 1133 948 838 181 690 731 697 285 572 630 265 785 1090 603 247 690 402 1019 235 642 472 697 326 1052 619 670 602 727 76 459 838 735 690
477 732 762 768 0 497 498 248 374 570 590 534 312 987 243 1025 956 604 419 446 713 248 650 617 729 515 520 527 393 1395 221 652 248 412 628 559 947 651 617 627 610 264 520 190 646 816 447 446 974 248
412 732 602 608 497 0 305 291 161 377 735 679 224 671 280 708 639 749 616 252 553 291 215 181 569 175 180 367 200 1078 332 492 291 347 434 399 631 283 181 562 610 348 84 332 211 656 427 253 632 291
695 589 841 890 498 305 0 276 165 234 592 536 209 897 563 935 866 606 601 72 836 276 441 408 851 458 463 650 137 1305 615 731 276 629 291 682 857 509 408 844 467 630 311 614 437 939 710 72 858 276
495 576 685 690 248 291 276 0 151 348 522 466 90 884 362 921 852 536 351 224 635 75 428 394 651 437 442 449 171 1292 413 575 75 429 406 481 844 496 395 644 454 430 297 382 424 738 510 224 845 75
551 592 697 746 374 161 165 151 0 237 595 539 84 753 419 791 722 609 476 112 692 151 297 264 707 314 319 506 60 1161 471 587 151 485 294 538 713 365 264 700 470 486 167 470 293 795 566 113 714 151
767 458 913 962 570 377 234 348 237 0 461 405 281 969 634 1007 938 475 517 181 907 348 513 480 923 530 534 721 209 1377 687 803 348 701 78 754 929 581 480 916 336 702 383 686 509 1010 782 181 930 348
924 476 1114 1119 590 735 592 522 595 461 0 86 586 1328 776 1365 1296 38 232 540 1065 522 872 838 1080 867 871 879 567 1735 754 1004 522 859 400 911 1287 940 838 1073 249 797 741 723 868 1168 939 540 1289 522
868 420 1058 1063 534 679 536 466 539 405 86 0 530 1272 720 1309 1240 100 225 484 1009 466 816 782 1024 811 815 823 511 1679 698 948 466 802 344 855 1231 884 782 1017 195 741 685 667 812 1111 883 484 1233 466
558 636 748 754 312 224 209 90 84 281 586 530 0 817 426 854 785 600 415 156 699 89 361 327 715 377 382 513 104 1224 476 638 89 493 338 545 776 429 327 707 514 494 230 445 357 802 573 157 778 89
751 1237 572 683 987 616 842 829 698 914 1272 1216 761 0 771 107 176 1286 1154 790 786 828 621 587 590 518 590 600 737 835 823 462 828 821 971 632 167 417 587 798 1148 838 561 822 617 690 878 790 532 828
261 846 546 551 243 280 563 362 419 634 776 720 426 771 0 808 739 790 605 510 496 362 473 439 512 298 303 310 457 1178 78 436 362 195 692 342 730 434 439 410 724 93 342 77 469 599 230 510 757 362
788 1274 609 720 1025 653 879 866 735 951 1310 1254 799 107 808 0 213 1324 1191 827 823 866 658 625 628 555 627 637 774 872 860 499 866 858 1009 669 136 454 625 835 1185 876 598 860 654 727 916 827 569 866
719 1205 540 651 956 584 810 797 666 882 1241 1185 730 176 739 213 0 1255 1122 758 754 797 589 556 559 486 558 568 705 689 791 430 797 789 940 600 135 385 556 766 1116 807 529 791 585 658 847 758 500 797
938 490 1128 1133 604 749 606 536 609 475 38 100 600 1342 790 1379 1310 0 221 554 1079 536 886 852 1094 881 885 893 581 1749 769 1018 536 873 414 925 1301 954 852 1087 238 811 755 737 882 1182 953 554 1303 536
753 532 943 948 419 616 601 351 476 517 232 225 415 1168 605 1206 1137 221 0 549 894 351 753 719 909 696 700 708 496 1576 584 833 351 688 456 740 1128 821 719 902 308 626 622 552 749 997 768 549 1155 351
642 537 789 838 446 252 72 224 112 181 540 484 156 845 510 882 813 554 549 0 783 223 389 355 799 406 410 597 84 1252 562 679 223 577 239 629 805 457 355 792 415 578 258 562 385 886 658 37 806 224
277 1119 363 181 713 553 836 635 692 907 1065 1009 699 786 496 823 754 1079 894 783 0 635 746 712 328 571 576 210 730 1193 548 400 635 347 965 181 746 575 712 213 997 564 615 548 742 229 405 783 838 635
494 576 685 690 248 291 276 75 151 348 522 466 89 884 362 921 852 536 351 223 635 0 428 394 651 437 442 449 171 1291 413 575 74 429 405 481 843 496 394 644 454 430 297 382 423 738 510 224 844 75
605 869 620 731 650 215 441 428 297 513 872 816 361 676 473 714 645 886 753 389 746 428 0 126 639 368 373 560 336 1084 525 510 428 540 571 592 636 288 126 754 747 540 160 524 30 738 620 389 637 428
571 835 587 697 617 181 408 394 264 480 838 782 327 643 439 680 611 852 719 355 712 394 126 0 605 335 339 526 303 1050 491 477 394 506 537 558 602 255 45 721 713 507 126 491 122 705 587 356 603 394
293 1134 55 285 729 569 851 651 707 923 1080 1024 715 590 512 628 559 1094 909 799 328 651 639 605 0 480 552 226 746 998 564 155 651 363 981 196 550 379 605 340 1013 580 578 563 634 293 420 799 642 651
430 885 462 572 515 175 458 437 314 530 867 811 377 518 298 555 486 881 696 406 571 437 368 335 480 0 92 385 353 925 350 352 437 365 587 417 478 156 335 580 764 366 238 350 364 580 446 406 479 437
435 890 534 630 520 180 463 442 319 534 871 815 382 590 303 627 558 885 700 410 576 442 373 339 552 92 0 390 357 997 355 424 442 370 592 422 549 228 339 584 768 370 242 354 369 652 450 410 551 442
175 933 261 265 527 367 650 449 506 721 879 823 513 600 310 637 568 893 708 597 210 449 560 526 226 385 390 0 544 1007 363 265 449 245 779 56 560 389 526 222 811 378 429 362 556 313 303 597 652 449
590 564 736 785 393 200 137 171 60 209 567 511 104 792 457 830 761 581 496 84 730 171 336 303 746 353 357 544 0 1200 510 626 171 524 266 577 752 404 303 739 442 525 206 509 332 833 605 84 753 171
1158 1732 980 1090 1395 1078 1305 1292 1161 1377 1735 1679 1224 835 1178 872 689 1749 1576 1252 1193 1291 1084 1050 998 925 997 1007 1200 0 1230 869 1291 1228 1434 1040 794 825 1050 1205 1610 1246 1024 1230 1080 1098 1286 1253 1087 1291
313 896 598 603 221 332 615 413 471 687 754 698 476 823 78 860 791 769 584 562 548 413 525 491 564 350 355 363 510 1230 0 488 413 248 744 395 783 487 491 462 775 99 394 56 521 651 282 563 809 413
416 1058 137 247 652 492 731 575 587 803 1004 948 638 462 436 499 430 1018 833 679 400 575 510 477 155 352 424 265 626 869 488 0 575 486 861 297 422 251 477 463 936 503 450 487 506 255 543 679 514 575
494 576 685 690 248 291 276 75 151 348 522 466 89 884 362 921 852 536 351 223 635 74 428 394 651 437 442 449 171 1291 413 575 0 429 405 481 843 495 394 644 454 430 297 382 423 738 510 223 844 74
92 913 398 402 412 347 629 429 485 701 859 802 493 821 195 858 789 873 688 577 347 429 540 506 363 365 370 245 524 1228 248 486 429 0 759 215 780 501 506 241 791 263 409 247 535 450 107 577 824 429
824 397 971 1019 628 434 291 406 294 78 400 344 338 1027 692 1064 995 414 456 239 965 405 571 537 981 587 592 779 266 1434 744 861 405 759 0 811 986 639 537 973 275 759 440 743 567 1068 839 239 988 405
145 965 232 235 559 399 682 481 538 754 911 855 545 632 342 669 600 925 740 629 181 481 592 558 196 417 422 56 577 1040 395 297 481 215 811 0 592 421 558 192 843 410 461 394 588 284 273 629 684 481
710 1197 532 642 947 575 802 788 658 874 1232 1176 721 167 730 136 135 1246 1113 749 746 788 581 547 550 478 549 560 697 794 783 422 788 780 931 592 0 377 547 757 1107 798 520 782 576 650 838 749 492 788
540 937 361 472 651 283 509 496 365 581 940 884 429 417 434 454 385 954 821 457 575 496 288 255 379 156 228 389 404 825 487 251 495 501 639 421 377 0 255 587 815 502 228 486 284 479 582 457 378 496
571 835 587 697 617 181 408 395 264 480 838 782 327 643 439 680 611 852 719 355 712 394 126 45 605 335 339 526 303 1050 491 477 394 506 537 558 602 255 0 721 713 507 126 491 122 705 587 356 603 394
171 1127 375 326 627 562 844 644 700 916 1073 1017 707 798 410 835 766 1087 902 792 213 644 754 721 340 580 584 222 739 1205 462 463 644 241 973 192 757 587 721 0 1006 478 624 462 750 374 299 792 850 644
856 351 1047 1052 610 610 467 454 470 336 249 195 514 1203 724 1240 1171 238 308 415 997 454 747 713 1013 764 768 811 442 1610 775 936 454 791 275 843 1163 815 713 1006 0 792 616 743 743 1100 872 415 1164 454
328 913 613 619 264 348 630 430 486 702 797 741 494 838 93 876 807 811 626 578 564 430 540 507 580 366 370 378 525 1246 99 503 430 263 759 410 798 502 507 478 792 0 410 99 536 667 297 578 825 430
474 738 560 670 520 84 311 297 167 383 741 685 230 616 342 653 584 755 622 258 615 297 160 126 578 238 242 429 206 1024 394 450 297 409 440 461 576 228 126 624 616 410 0 394 156 678 490 259 577 297
312 865 597 602 190 332 614 382 470 686 723 667 445 822 77 860 791 737 552 562 548 382 524 491 563 350 354 362 509 1230 56 487 382 247 743 394 782 486 491 462 743 99 394 0 520 651 281 562 809 382
601 865 616 727 646 211 437 424 293 509 868 812 357 672 469 709 640 882 749 385 742 423 30 122 634 364 369 556 332 1080 521 506 423 535 567 588 632 284 122 750 743 536 156 520 0 734 616 385 633 424
380 1222 275 76 816 656 939 738 795 1010 1168 1111 802 690 599 727 658 1182 997 886 229 738 738 705 293 580 652 313 833 1098 651 255 738 450 1068 284 650 479 705 374 1100 667 678 651 734 0 508 886 742 738
149 993 456 459 447 427 710 510 566 782 939 883 573 878 230 916 847 953 768 658 405 510 620 587 420 446 450 303 605 1286 282 543 510 107 839 273 838 582 587 299 872 297 490 281 616 508 0 658 905 510
643 537 789 838 446 253 72 224 113 181 540 484 157 845 510 883 814 554 549 37 783 224 389 356 799 406 410 597 84 1253 563 679 223 577 239 629 805 457 356 792 415 578 259 562 385 886 658 0 806 224
803 1071 624 735 853 417 644 631 500 716 1074 1018 563 680 675 717 648 1088 956 591 838 630 423 389 642 467 539 652 539 1087 727 514 630 742 773 684 640 340 389 850 949 743 363 727 419 742 823 592 0 630
494 576 685 690 248 291 276 75 151 348 522 466 89 884 362 921 852 536 351 224 635 75 428 394 651 437 442 449 171 1291 413 575 74 429 405 481 843 496 394 644 454 430 297 382 424 738 510 224 845 0
EOF