NAME : tsp_problem
TYPE : TSP
DIMENSION : 82
EDGE_WEIGHT_TYPE : EXPLICIT
EDGE_WEIGHT_FORMAT : FULL_MATRIX
EDGE_WEIGHT_SECTION
0 767 764 536 374 747 727 573 381 519 126 791 688 242 536 563 467 307 489 373 442 253 717 144 379 751 599 295 342 289 108 761 689 390 507 371 380 741 425 370 658 625 350 757 740 642 401 831 693 678 241 689 765 647 946 557 644 513 333 722 294 777 727 257 521 581 373 491 741 81 198 346 423 841 743 663 611 399 939 776 716 719
767 0 1281 677 959 387 1250 1083 518 540 668 220 409 852 340 1073 607 648 380 762 583 798 1311 788 755 392 211 938 853 630 761 1271 1283 730 303 712 721 157 562 438 1253 1135 491 398 1292 188 538 158 1287 1273 786 1283 133 351 375 1151 253 781 918 1281 902 1372 447 842 775 835 510 632 462 813 783 989 711 495 463 270 1205 537 368 229 1311 1314
764 1281 0 1092 445 1338 59 511 1040 1100 863 1271 1279 880 1015 260 1053 1040 1080 872 1033 982 334 650 879 1342 1191 570 452 1022 770 144 306 1122 1098 1104 1113 1221 1084 961 175 160 941 1348 48 1122 1060 1399 109 296 970 444 1245 1238 1426 257 1235 1012 486 77 527 394 1318 561 657 717 1032 1078 1332 718 619 454 923 1432 1334 1143 187 1059 1419 1256 422 236
536 677 1092 0 692 656 1055 949 502 178 437 803 598 704 657 940 103 429 330 290 127 650 1045 521 283 660 509 672 719 411 530 1138 1017 511 416 493 502 739 546 279 986 1001 218 667 1068 764 523 740 1021 1006 638 1017 715 556 951 884 554 309 651 1050 671 1105 637 575 898 958 494 69 651 547 516 723 239 750 653 784 939 521 945 811 1044 1047
374 959 445 692 0 938 408 731 714 711 474 1085 880 490 869 616 654 641 680 473 634 592 398 303 479 943 791 375 501 622 381 500 370 723 698 705 713 1021 758 562 339 516 542 949 421 976 734 1022 374 359 580 370 997 839 1233 237 836 612 88 403 452 458 919 163 680 739 706 679 933 328 222 259 523 1033 935 996 292 733 1227 1094 397 400
747 387 1338 656 938 0 1301 1195 713 519 647 513 191 914 687 1186 587 640 359 741 562 860 1291 767 735 45 222 918 965 621 740 1383 1263 722 283 704 712 450 757 417 1232 1247 470 38 1314 536 733 451 1267 1252 848 1263 426 347 602 1130 162 760 897 1296 917 1351 230 821 1123 1182 705 611 244 792 762 968 691 344 246 618 1185 732 595 522 1290 1293
727 1250 59 1055 408 1301 0 481 1010 1063 827 1241 1243 843 985 230 1017 1003 1043 836 997 945 297 614 842 1305 1154 533 421 985 734 114 270 1086 1061 1067 1076 1191 1054 925 138 130 904 1312 70 1092 1030 1368 72 259 933 408 1215 1201 1395 220 1199 975 449 52 497 358 1282 524 627 687 1002 1041 1296 681 583 417 886 1395 1298 1112 150 1028 1389 1226 386 199
573 1083 511 949 731 1195 481 0 842 968 672 1073 1137 689 818 304 911 853 937 730 891 791 756 459 736 1200 1048 492 254 835 579 502 729 935 955 917 926 1023 886 819 597 365 799 1206 523 925 862 1201 531 718 779 867 1047 1096 1228 679 1093 869 690 512 329 817 1176 614 459 519 834 936 1190 527 555 543 780 1290 1192 945 609 861 1221 1058 845 658
381 518 1040 502 714 713 1010 842 0 486 282 508 655 511 253 833 433 205 455 517 409 456 1066 498 511 717 566 649 612 187 374 1030 1038 288 473 269 278 458 63 336 1008 894 316 723 1051 360 39 636 1042 1028 444 1038 482 613 663 906 611 536 673 1040 648 1127 693 597 535 594 31 458 708 435 538 699 467 807 709 380 960 41 656 493 1066 1069
519 540 1100 178 711 519 1063 968 486 0 420 666 461 687 641 958 200 412 191 385 206 633 1053 540 379 524 372 690 738 394 513 1156 1025 495 279 476 485 602 530 263 994 1020 201 530 1076 688 506 603 1029 1015 621 1025 578 419 814 893 417 404 670 1058 689 1113 500 594 917 976 478 166 514 565 535 741 334 614 516 768 947 504 808 675 1053 1055
126 668 863 437 474 647 827 672 282 420 0 692 589 294 436 662 368 208 389 452 343 265 816 244 445 652 500 394 442 190 120 860 788 290 407 272 281 642 326 271 758 724 251 658 839 543 302 732 792 778 253 788 666 548 847 656 545 471 432 822 393 877 628 357 621 680 274 392 642 180 297 445 401 742 644 564 710 300 840 677 816 819
791 220 1271 803 1085 513 1241 1073 508 666 692 0 535 843 331 1064 733 638 506 888 709 788 1437 909 882 518 337 1055 843 620 785 1261 1409 721 429 702 711 283 553 564 1357 1125 617 524 1283 340 529 284 1291 1399 776 1409 131 477 211 1277 379 907 1044 1271 892 1498 574 968 766 825 501 758 588 845 909 1105 837 584 590 361 1331 527 204 165 1437 1418
688 409 1279 598 880 191 1243 1137 655 461 589 535 0 856 709 1127 528 581 301 683 504 802 1232 709 676 195 241 859 907 563 682 1325 1204 664 224 645 654 471 699 359 1174 1189 412 202 1255 557 675 472 1208 1194 790 1204 447 288 683 1072 258 702 839 1238 858 1293 94 763 1085 1145 647 553 108 734 704 910 632 208 110 639 1126 673 677 543 1232 1235
242 852 880 704 490 914 843 689 511 687 294 843 856 0 587 679 634 438 656 489 610 295 833 260 495 919 767 411 458 419 248 877 805 520 674 502 510 793 555 538 774 741 518 925 856 694 531 970 809 794 283 805 817 815 997 673 812 629 449 838 410 893 895 373 637 697 503 659 909 197 314 462 539 1009 911 714 727 530 991 828 832 835
536 340 1015 657 869 687 985 818 253 641 436 331 709 587 0 808 588 383 610 672 563 532 1221 653 666 692 511 799 587 364 529 1006 1193 465 603 447 455 280 297 491 1102 870 471 698 1027 182 273 458 1035 1182 520 1193 305 651 485 1061 553 691 827 1016 636 1281 748 752 510 570 245 613 762 590 693 850 622 795 764 202 1113 271 478 315 1220 1163
563 1073 260 940 616 1186 230 304 833 958 662 1064 1127 679 808 0 901 843 928 720 881 781 505 449 727 1190 1039 483 244 825 570 250 478 926 946 907 916 1014 877 809 346 114 789 1196 272 915 853 1191 280 467 769 616 1038 1086 1218 428 1083 860 657 260 320 566 1166 605 450 510 825 926 1180 517 545 533 771 1280 1182 935 358 851 1212 1049 594 407
467 607 1053 103 654 587 1017 911 433 200 368 733 528 634 588 901 0 360 261 221 58 580 1006 483 214 591 439 633 681 341 460 1099 978 442 347 424 433 669 477 210 948 963 148 597 1029 695 453 671 982 968 568 978 646 487 882 846 484 239 613 1012 632 1067 567 537 860 919 425 90 581 508 478 684 170 681 583 715 900 452 875 742 1006 1009
307 648 1040 429 641 640 1003 853 205 412 208 638 581 438 383 843 360 0 381 444 335 383 993 425 437 644 492 575 622 64 301 1041 965 164 400 146 155 588 249 263 934 905 243 650 1016 490 225 724 969 954 371 965 612 540 793 833 537 463 599 998 574 1053 620 524 664 724 197 384 634 361 464 626 393 734 636 510 887 224 786 623 992 995
489 380 1080 330 680 359 1043 937 455 191 389 506 301 656 610 928 261 381 0 415 236 602 1033 509 409 363 212 660 707 363 482 1125 1005 464 119 445 454 442 499 159 974 989 212 370 1056 528 475 443 1009 994 590 1005 418 259 654 872 257 434 639 1038 659 1093 340 563 886 946 447 285 354 534 504 710 365 453 356 610 927 474 648 514 1032 1035
373 762 872 290 473 741 836 730 517 385 452 888 683 489 672 720 221 444 415 0 213 591 825 302 60 746 594 452 500 426 380 918 797 526 501 508 517 824 561 365 767 782 303 752 848 779 537 825 801 787 579 797 800 642 1036 665 639 179 432 831 451 886 722 356 679 738 509 245 736 327 297 503 90 836 738 799 719 536 1030 897 825 828
442 583 1033 127 634 562 997 891 409 206 343 709 504 610 563 881 58 335 236 213 0 556 986 463 206 566 415 613 661 317 436 1079 958 418 322 399 408 645 453 186 928 943 124 573 1009 670 429 646 962 948 544 958 621 462 857 826 460 231 593 992 612 1047 543 517 839 899 401 83 557 488 458 664 162 657 559 691 880 427 851 718 986 989
253 798 982 650 592 860 945 791 456 633 265 788 802 295 532 781 580 383 602 591 556 0 935 362 597 865 713 513 560 365 247 979 907 465 620 447 456 738 500 484 876 843 464 871 958 639 477 916 911 896 23 907 762 761 943 775 758 683 551 940 512 995 841 475 739 799 448 605 855 299 416 564 614 955 857 660 829 475 936 773 934 937
717 1311 334 1045 398 1291 297 756 1066 1053 816 1437 1232 833 1221 505 1006 993 1033 825 986 935 0 603 832 1295 1143 522 684 975 723 390 166 1075 1051 1057 1066 1373 1110 914 228 405 894 1301 310 1328 1086 1375 263 155 923 304 1350 1191 1586 210 1188 965 439 292 635 254 1271 514 863 922 1058 1031 1285 671 572 407 875 1385 1287 1348 181 1085 1579 1446 282 289
144 788 650 521 303 767 614 459 498 540 244 909 709 260 653 449 483 425 509 302 463 362 603 0 308 771 620 181 229 406 151 647 575 507 527 489 497 850 542 391 544 511 370 778 626 760 518 851 579 565 350 575 826 667 1062 443 665 441 261 608 180 663 748 186 407 467 490 507 762 98 127 232 352 861 764 780 497 517 1056 894 603 605
379 755 879 283 479 735 842 736 511 379 445 882 676 495 666 727 214 437 409 60 206 597 832 308 0 739 588 459 506 419 386 924 804 520 495 501 510 818 555 358 773 788 296 745 855 773 531 819 808 793 585 804 794 635 1030 671 633 172 438 837 458 892 715 362 685 745 503 239 729 333 303 509 83 829 731 793 726 529 1024 890 831 834
751 392 1342 660 943 45 1305 1200 717 524 652 518 195 919 692 1190 591 644 363 746 566 865 1295 771 739 0 227 922 969 626 744 1388 1267 726 287 708 717 454 761 422 1236 1252 474 38 1318 540 737 455 1271 1256 853 1267 430 351 606 1135 166 764 901 1300 921 1355 234 826 1127 1187 709 616 248 797 766 973 695 348 250 622 1189 736 599 526 1294 1297
599 211 1191 509 791 222 1154 1048 566 372 500 337 241 767 511 1039 439 492 212 594 415 713 1143 620 588 227 0 770 818 474 593 1236 1116 575 135 556 565 273 610 270 1085 1100 323 233 1166 359 586 274 1119 1105 701 1116 249 183 485 983 88 613 750 1149 769 1204 280 674 946 1006 558 464 294 645 615 821 544 340 296 441 1037 584 479 345 1143 1146
295 938 570 672 375 918 533 492 649 690 394 1055 859 411 799 483 633 575 660 452 613 513 522 181 459 922 770 0 262 557 301 625 495 658 678 639 648 1001 693 541 464 544 521 928 545 906 669 1002 499 484 501 495 977 818 1209 362 815 592 412 528 214 583 898 336 441 501 641 658 912 249 277 151 503 1012 914 926 417 667 1203 1040 522 525
342 853 452 719 501 965 421 254 612 738 442 843 907 458 587 244 681 622 707 500 661 560 684 229 506 969 818 262 0 604 349 442 656 705 725 686 695 793 656 588 538 306 568 976 463 694 632 970 472 645 548 656 817 865 997 524 863 639 459 452 99 744 946 384 229 289 604 705 960 296 325 313 550 1059 962 714 549 631 991 828 683 599
289 630 1022 411 622 621 985 835 187 394 190 620 563 419 364 825 341 64 363 426 317 365 975 406 419 626 474 557 604 0 283 1023 947 126 381 107 116 570 231 245 916 887 225 632 998 471 207 705 951 936 353 947 594 522 775 814 519 445 581 980 556 1035 602 505 646 706 179 366 616 343 446 608 375 716 618 492 869 206 768 605 974 977
108 761 770 530 381 740 734 579 374 513 120 785 682 248 529 570 460 301 482 380 436 247 723 151 386 744 593 301 349 283 0 767 695 383 500 365 374 735 418 364 665 631 343 751 746 636 394 824 699 685 235 695 759 640 939 563 638 519 339 729 300 784 721 264 528 587 366 485 735 88 204 352 430 834 737 656 617 393 933 770 723 726
761 1271 144 1138 500 1383 114 502 1030 1156 860 1261 1325 877 1006 250 1099 1041 1125 918 1079 979 390 647 924 1388 1236 625 442 1023 767 0 362 1123 1143 1105 1114 1211 1074 1007 231 151 987 1394 156 1113 1051 1389 164 351 967 500 1236 1284 1416 312 1281 1057 541 145 518 450 1364 617 648 707 1022 1124 1378 715 675 509 968 1478 1380 1133 242 1049 1409 1246 478 291
689 1283 306 1017 370 1263 270 729 1038 1025 788 1409 1204 805 1193 478 978 965 1005 797 958 907 166 575 804 1267 1116 495 656 947 695 362 0 1047 1023 1029 1038 1346 1083 886 200 378 866 1273 282 1300 1059 1347 235 58 895 207 1322 1163 1558 182 1160 937 411 264 608 157 1243 486 835 894 1031 1003 1257 643 544 379 848 1357 1259 1320 153 1057 1551 1418 185 261
390 730 1122 511 723 722 1086 935 288 495 290 721 664 520 465 926 442 164 464 526 418 465 1075 507 520 726 575 658 705 126 383 1123 1047 0 482 48 57 670 332 345 1017 987 325 732 1098 572 308 806 1051 1037 453 1047 695 622 875 915 620 545 682 1081 657 1136 702 606 747 807 280 467 716 444 547 708 476 816 718 592 969 306 869 706 1075 1078
507 303 1098 416 698 283 1061 955 473 279 407 429 224 674 603 946 347 400 119 501 322 620 1051 527 495 287 135 678 725 381 500 1143 1023 482 0 464 472 366 517 177 992 1007 230 293 1074 452 493 367 1027 1012 608 1023 342 183 578 890 180 520 657 1056 677 1111 263 581 904 964 465 371 277 553 522 728 451 377 279 534 945 492 571 438 1050 1053
371 712 1104 493 705 704 1067 917 269 476 272 702 645 502 447 907 424 146 445 508 399 447 1057 489 501 708 556 639 686 107 365 1105 1029 48 464 0 38 652 313 327 998 969 307 714 1080 554 289 788 1033 1018 435 1029 676 604 857 897 601 527 663 1062 638 1117 684 588 728 788 261 448 698 425 528 690 457 798 700 574 951 288 850 687 1056 1059
380 721 1113 502 713 712 1076 926 278 485 281 711 654 510 455 916 433 155 454 517 408 456 1066 497 510 717 565 648 695 116 374 1114 1038 57 472 38 0 661 322 336 1007 978 316 723 1089 562 298 797 1042 1027 444 1038 685 613 866 906 610 536 672 1071 647 1126 693 596 737 797 270 457 707 434 537 699 466 807 709 583 960 297 859 696 1065 1068
741 157 1221 739 1021 450 1191 1023 458 602 642 283 471 793 280 1014 669 588 442 824 645 738 1373 850 818 454 273 1001 793 570 735 1211 1346 670 366 652 661 0 502 500 1307 1075 553 460 1232 128 478 220 1241 1335 726 1346 195 413 437 1213 315 843 980 1221 842 1434 510 904 715 775 450 694 524 795 845 1051 774 558 526 211 1268 477 431 291 1373 1368
425 562 1084 546 758 757 1054 886 63 530 326 553 699 555 297 877 477 249 499 561 453 500 1110 542 555 761 610 693 656 231 418 1074 1083 332 517 313 322 502 0 381 1052 938 360 768 1096 404 51 680 1087 1072 488 1083 527 657 707 950 655 580 717 1084 692 1171 738 641 579 638 75 502 752 479 582 743 511 851 754 424 1004 53 700 537 1110 1113
370 438 961 279 562 417 925 819 336 263 271 564 359 538 491 809 210 263 159 365 186 484 914 391 358 422 270 541 588 245 364 1007 886 345 177 327 336 500 381 0 855 871 93 428 937 586 357 502 890 876 472 886 477 318 713 754 315 384 520 919 540 974 398 445 767 827 329 235 412 416 386 592 314 512 414 618 808 355 706 573 914 916
658 1253 175 986 339 1232 138 597 1008 994 758 1357 1174 774 1102 346 948 934 974 767 928 876 228 544 773 1236 1085 464 538 916 665 231 200 1017 992 998 1007 1307 1052 855 0 246 835 1243 151 1209 1028 1316 104 190 864 339 1291 1132 1512 151 1130 906 380 133 577 289 1213 455 743 803 1000 972 1227 612 513 348 817 1326 1229 1229 81 1026 1505 1342 317 103
625 1135 160 1001 516 1247 130 365 894 1020 724 1125 1189 741 870 114 963 905 989 782 943 843 405 511 788 1252 1100 544 306 887 631 151 378 987 1007 969 978 1075 938 871 246 0 851 1258 172 977 914 1253 180 367 831 516 1099 1148 1280 328 1145 921 557 161 381 466 1228 632 511 571 886 988 1242 579 607 525 832 1342 1244 997 258 913 1273 1110 494 307
350 491 941 218 542 470 904 799 316 201 251 617 412 518 471 789 148 243 212 303 124 464 894 370 296 474 323 521 568 225 343 987 866 325 230 307 316 553 360 93 835 851 0 480 917 578 336 554 870 856 452 866 529 370 765 734 368 322 500 899 520 954 450 425 747 807 308 173 464 396 365 572 252 564 466 598 788 335 759 625 894 896
757 398 1348 667 949 38 1312 1206 723 530 658 524 202 925 698 1196 597 650 370 752 573 871 1301 778 745 38 233 928 976 632 751 1394 1273 732 293 714 723 460 768 428 1243 1258 480 0 1324 546 744 461 1277 1263 859 1273 436 357 612 1141 173 771 907 1306 927 1362 241 832 1133 1193 716 622 255 803 773 979 701 354 257 628 1195 742 606 533 1301 1303
740 1292 48 1068 421 1314 70 523 1051 1076 839 1283 1255 856 1027 272 1029 1016 1056 848 1009 958 310 626 855 1318 1166 545 463 998 746 156 282 1098 1074 1080 1089 1232 1096 937 151 172 917 1324 0 1134 1072 1398 85 271 946 420 1257 1214 1437 233 1211 988 462 50 539 370 1294 537 669 728 1044 1054 1308 694 595 430 898 1408 1310 1154 162 1070 1431 1268 398 212
642 188 1122 764 976 536 1092 925 360 688 543 340 557 694 182 915 695 490 528 779 670 639 1328 760 773 540 359 906 694 471 636 1113 1300 572 452 554 562 128 404 586 1209 977 578 546 1134 0 380 306 1142 1289 627 1300 281 499 495 1168 401 798 934 1123 743 1388 596 859 617 677 352 719 610 696 800 957 729 644 612 112 1220 378 488 325 1327 1269
401 538 1060 523 734 733 1030 862 39 506 302 529 675 531 273 853 453 225 475 538 429 477 1086 518 531 737 586 669 632 207 394 1051 1059 308 493 289 298 478 51 357 1028 914 336 744 1072 380 0 656 1063 1048 465 1059 503 633 683 926 631 556 693 1061 668 1147 714 617 555 614 51 478 728 455 558 720 487 827 730 400 981 29 677 514 1086 1089
831 158 1399 740 1022 451 1368 1201 636 603 732 284 472 970 458 1191 671 724 443 825 646 916 1375 851 819 455 274 1002 970 705 824 1389 1347 806 367 788 797 220 680 502 1316 1253 554 461 1398 306 656 0 1351 1336 904 1347 196 414 438 1214 316 844 981 1380 1001 1435 511 905 893 953 628 695 525 877 846 1053 775 559 527 388 1269 654 432 293 1374 1377
693 1287 109 1021 374 1267 72 531 1042 1029 792 1291 1208 809 1035 280 982 969 1009 801 962 911 263 579 808 1271 1119 499 472 951 699 164 235 1051 1027 1033 1042 1241 1087 890 104 180 870 1277 85 1142 1063 1351 0 225 899 373 1265 1167 1446 186 1164 941 415 67 547 323 1247 490 677 737 1035 1007 1261 647 548 383 852 1361 1263 1163 116 1061 1439 1276 351 165
678 1273 296 1006 359 1252 259 718 1028 1015 778 1399 1194 794 1182 467 968 954 994 787 948 896 155 565 793 1256 1105 484 645 936 685 351 58 1037 1012 1018 1027 1335 1072 876 190 367 856 1263 271 1289 1048 1336 225 0 884 192 1311 1152 1547 171 1150 926 400 254 597 142 1233 475 824 884 1020 992 1247 632 534 368 837 1346 1249 1310 143 1047 1541 1408 170 251
241 786 970 638 580 848 933 779 444 621 253 776 790 283 520 769 568 371 590 579 544 23 923 350 585 853 701 501 548 353 235 967 895 453 608 435 444 726 488 472 864 831 452 859 946 627 465 904 899 884 0 895 750 749 931 763 746 672 539 928 500 983 829 463 727 787 436 593 843 287 404 552 602 943 845 648 817 463 924 761 922 925
689 1283 444 1017 370 1263 408 867 1038 1025 788 1409 1204 805 1193 616 978 965 1005 797 958 907 304 575 804 1267 1116 495 656 947 695 500 207 1047 1023 1029 1038 1346 1083 886 339 516 866 1273 420 1300 1059 1347 373 192 895 0 1322 1163 1558 320 1160 937 411 402 608 222 1243 486 835 895 1031 1003 1257 643 544 379 848 1357 1259 1320 291 1057 1551 1418 69 400
765 133 1245 715 997 426 1215 1047 482 578 666 131 447 817 305 1038 646 612 418 800 621 762 1350 826 794 430 249 977 817 594 759 1236 1322 695 342 676 685 195 527 477 1291 1099 529 436 1257 281 503 196 1265 1311 750 1322 0 389 285 1189 291 819 956 1246 866 1410 486 880 740 799 475 670 500 819 821 1028 750 534 502 335 1244 501 278 139 1349 1352
778 252 1369 687 969 398 1332 1226 730 550 679 378 419 945 552 1217 618 671 390 772 593 891 1322 798 766 402 221 949 996 652 771 1415 1294 753 314 735 744 314 774 449 1263 1278 501 408 1345 400 750 315 1298 1283 879 1294 290 0 532 1161 263 791 928 1327 948 1382 458 852 987 1047 722 642 472 824 793 1000 722 506 474 482 1216 748 526 386 1321 1324
946 375 1426 951 1233 602 1395 1228 663 814 847 211 683 997 485 1218 882 793 654 1036 857 943 1586 1062 1030 606 485 1209 997 775 939 1416 1558 875 578 857 866 437 707 713 1512 1280 765 612 1437 495 683 438 1446 1547 931 1558 285 625 0 1425 467 1055 1192 1426 1046 1646 722 1116 920 980 655 906 736 1000 1057 1260 986 586 686 515 1480 681 34 319 1585 1573
557 1151 257 884 237 1130 220 679 906 893 656 1277 1072 673 1061 428 846 833 872 665 826 775 210 443 671 1135 983 362 524 814 563 312 182 915 890 897 906 1213 950 754 151 328 734 1141 233 1168 926 1214 186 171 763 320 1189 1031 1425 0 1028 804 278 215 475 270 1111 354 702 762 898 871 1125 511 412 246 715 1225 1127 1188 104 925 1419 1286 298 212
644 253 1235 554 836 162 1199 1093 611 417 545 379 258 812 553 1083 484 537 257 639 460 758 1188 665 633 166 88 815 863 519 638 1281 1160 620 180 601 610 315 655 315 1130 1145 368 173 1211 401 631 316 1164 1150 746 1160 291 228 467 1028 0 658 795 1194 814 1249 297 719 988 1048 603 509 311 690 660 866 588 322 313 483 1082 629 460 387 1188 1191
357 623 856 392 457 602 820 714 378 375 312 749 544 473 533 704 322 304 344 392 298 525 809 286 386 606 455 436 483 286 363 902 781 387 362 368 377 685 422 226 751 766 205 613 832 640 398 686 785 771 513 781 661 502 897 649 500 0 415 814 435 869 583 340 662 722 370 347 597 311 281 487 342 696 599 660 703 397 891 757 809 811
333 918 486 651 88 897 449 690 673 670 432 1044 839 449 827 657 613 599 639 432 593 551 439 261 438 901 750 412 459 581 339 541 411 682 657 663 672 980 717 520 380 557 500 907 462 934 693 981 415 400 539 411 956 797 1192 278 795 571 0 444 411 499 877 204 638 698 665 637 891 287 220 300 482 991 893 955 333 691 1186 1052 438 441
722 1281 77 1050 403 1296 52 512 1040 1058 822 1271 1238 838 1016 260 1012 998 1038 831 992 940 292 608 837 1300 1149 528 452 980 729 145 264 1081 1056 1062 1071 1221 1084 919 133 161 899 1306 50 1123 1061 1380 67 254 928 402 1246 1196 1426 215 1194 970 444 0 528 353 1276 519 657 717 1032 1036 1290 676 577 412 881 1390 1292 1143 145 1059 1419 1256 380 194
294 902 527 671 452 917 497 329 648 689 393 892 858 410 636 320 632 574 659 451 612 512 635 180 458 921 769 214 99 556 300 518 608 657 677 638 647 842 692 540 577 381 520 927 539 743 668 1001 547 597 500 608 866 817 1046 475 814 591 411 528 0 696 897 335 278 338 640 657 911 248 276 264 501 1011 913 763 529 666 1040 877 635 638
777 1372 394 1105 458 1351 358 817 1127 1113 877 1498 1293 893 1281 566 1067 1053 1093 886 1047 995 254 663 892 1355 1204 583 744 1035 784 450 157 1136 1111 1117 1126 1434 1171 974 289 466 954 1362 370 1388 1147 1435 323 142 983 222 1410 1251 1646 270 1249 1025 499 353 696 0 1332 574 923 983 1119 1091 1346 731 632 467 936 1445 1348 1408 241 1145 1640 1506 200 350
727 447 1318 637 919 230 1282 1176 693 500 628 574 94 895 748 1166 567 620 340 722 543 841 1271 748 715 234 280 898 946 602 721 1364 1243 702 263 684 693 510 738 398 1213 1228 450 241 1294 596 714 511 1247 1233 829 1243 486 327 722 1111 297 741 877 1276 897 1332 0 802 1124 1184 686 592 72 773 743 949 671 186 89 678 1165 712 716 582 1271 1273
257 842 561 575 163 821 524 614 597 594 357 968 763 373 752 605 537 524 563 356 517 475 514 186 362 826 674 336 384 505 264 617 486 606 581 588 596 904 641 445 455 632 425 832 537 859 617 905 490 475 463 486 880 722 1116 354 719 495 204 519 335 574 802 0 563 622 589 562 816 211 144 376 406 916 818 879 408 616 1110 977 513 516
521 775 657 898 680 1123 627 459 535 917 621 766 1085 637 510 450 860 664 886 679 839 739 863 407 685 1127 946 441 229 646 528 648 835 747 904 728 737 715 579 767 743 511 747 1133 669 617 555 893 677 824 727 835 740 1044 920 702 988 818 638 657 278 923 1124 563 0 125 527 884 1138 475 503 492 729 1231 1140 637 755 553 914 751 862 804
724 978 860 1101 883 1326 830 662 738 1120 824 969 1288 840 713 653 1062 867 1089 882 1042 942 856 610 888 1330 1149 644 432 849 731 850 828 950 1107 931 940 918 782 970 797 714 950 1336 872 820 758 1096 832 817 930 966 943 1247 1123 778 1191 1021 841 860 481 916 1327 766 268 0 730 1087 1341 678 706 695 932 1434 1343 840 750 756 1117 954 944 858
373 510 1032 494 706 705 1002 834 31 478 274 501 647 503 245 825 425 197 447 509 401 448 1058 490 503 709 558 641 604 179 366 1022 1031 280 465 261 270 450 75 329 1000 886 308 716 1044 352 51 628 1035 1020 436 1031 475 605 655 898 603 528 665 1032 640 1119 686 589 527 586 0 450 700 427 530 691 459 799 702 372 953 50 648 485 1058 1061
491 632 1078 69 679 611 1041 936 458 166 392 758 553 659 613 926 90 384 285 245 83 605 1031 507 239 616 464 658 705 366 485 1124 1003 467 371 448 457 694 502 235 972 988 173 622 1054 719 478 695 1007 992 593 1003 670 512 906 871 509 264 637 1036 657 1091 592 562 884 944 450 0 606 533 502 709 195 706 608 740 925 476 900 767 1030 1033
741 462 1332 651 933 244 1296 1190 708 514 642 588 108 909 762 1180 581 634 354 736 557 855 1285 762 729 248 294 912 960 616 735 1378 1257 716 277 698 707 524 752 412 1227 1242 464 255 1308 610 728 525 1261 1247 843 1257 500 341 736 1125 311 755 891 1290 911 1346 72 816 1138 1198 700 606 0 787 757 963 685 200 103 692 1179 726 730 596 1285 1288
81 813 718 547 328 792 681 527 435 565 180 845 734 197 590 517 508 361 534 327 488 299 671 98 333 797 645 249 296 343 88 715 643 444 553 425 434 795 479 416 612 579 396 803 694 696 455 877 647 632 287 643 819 693 1000 511 690 467 287 676 248 731 773 211 475 535 427 533 787 0 152 300 377 887 789 717 565 453 993 830 670 673
198 783 619 516 222 762 583 555 538 535 297 909 704 314 693 545 478 464 504 297 458 416 572 127 303 766 615 277 325 446 204 675 544 547 522 528 537 845 582 386 513 607 365 773 595 800 558 846 548 534 404 544 821 662 1057 412 660 436 220 577 276 632 743 144 503 563 530 502 757 152 0 328 347 856 759 820 466 556 1051 917 572 574
346 989 454 723 259 968 417 543 699 741 445 1105 910 462 850 533 684 626 710 503 664 564 407 232 509 973 821 151 313 608 352 509 379 708 728 690 699 1051 743 592 348 525 572 979 430 957 720 1053 383 368 552 379 1028 869 1260 246 866 642 300 412 264 467 949 376 492 551 691 709 963 300 328 0 553 1063 965 977 301 718 1253 1090 406 409
423 711 923 239 523 691 886 780 467 334 401 837 632 539 622 771 170 393 365 90 162 614 875 352 83 695 544 503 550 375 430 968 848 476 451 457 466 774 511 314 817 832 252 701 898 729 487 775 852 837 602 848 750 591 986 715 588 128 482 881 501 936 671 406 729 788 459 195 685 377 347 553 0 785 687 749 769 485 979 846 875 878
841 505 1432 750 1033 344 1395 1290 807 614 742 572 208 1009 805 1280 681 734 453 836 657 955 1385 861 829 348 340 1012 1059 716 834 1478 1357 816 377 798 807 567 851 512 1326 1342 564 354 1408 653 827 569 1361 1346 943 1357 544 441 586 1225 322 854 991 1390 1011 1445 186 916 1238 1298 799 706 200 887 856 1063 785 0 153 736 1279 826 579 640 1385 1387
743 463 1334 653 935 246 1298 1192 709 516 644 590 110 911 764 1182 583 636 356 738 559 857 1287 764 731 250 296 914 962 618 737 1380 1259 718 279 700 709 526 754 414 1229 1244 466 257 1310 612 730 527 1263 1249 845 1259 502 343 686 1127 313 757 893 1292 913 1348 89 818 1140 1200 702 608 103 789 759 965 687 153 0 694 1181 728 680 598 1287 1289
663 270 1143 784 996 618 1112 945 380 768 564 361 639 714 202 935 715 510 610 799 691 660 1348 780 793 622 441 926 714 492 656 1133 1320 592 534 574 583 211 424 618 1229 997 598 628 1154 112 400 388 1163 1310 648 1320 335 581 515 1188 483 818 955 1143 763 1408 678 879 637 697 372 740 692 717 820 977 749 726 694 0 1240 399 509 346 1348 1290
611 1205 187 939 292 1185 150 609 960 947 710 1331 1126 727 1113 358 900 887 927 719 880 829 181 497 726 1189 1037 417 549 869 617 242 153 969 945 951 960 1268 1004 808 81 258 788 1195 162 1220 981 1269 116 143 817 291 1244 1085 1480 104 1082 859 333 145 529 241 1165 408 755 815 953 925 1179 565 466 301 769 1279 1181 1240 0 979 1473 1340 269 142
399 537 1059 521 733 732 1028 861 41 504 300 527 673 530 271 851 452 224 474 536 427 475 1085 517 530 736 584 667 631 206 393 1049 1057 306 492 288 297 477 53 355 1026 913 335 742 1070 378 29 654 1061 1047 463 1057 501 632 681 925 629 555 691 1059 666 1145 712 616 553 613 50 476 726 453 556 718 485 826 728 399 979 0 675 512 1085 1087
939 368 1419 945 1227 595 1389 1221 656 808 840 204 677 991 478 1212 875 786 648 1030 851 936 1579 1056 1024 599 479 1203 991 768 933 1409 1551 869 571 850 859 431 700 706 1505 1273 759 606 1431 488 677 432 1439 1541 924 1551 278 619 34 1419 460 1049 1186 1419 1040 1640 716 1110 914 973 648 900 730 993 1051 1253 979 579 680 509 1473 675 0 313 1579 1566
776 229 1256 811 1094 522 1226 1058 493 675 677 165 543 828 315 1049 742 623 514 897 718 773 1446 894 890 526 345 1040 828 605 770 1246 1418 706 438 687 696 291 537 573 1342 1110 625 533 1268 325 514 293 1276 1408 761 1418 139 485 319 1286 387 915 1052 1256 877 1506 582 977 751 810 485 767 596 830 917 1090 846 630 598 346 1340 512 313 0 1446 1403
716 1311 422 1044 397 1290 386 845 1066 1053 816 1437 1232 832 1220 594 1006 992 1032 825 986 934 282 603 831 1294 1143 522 683 974 723 478 185 1075 1050 1056 1065 1373 1110 914 317 494 894 1301 398 1327 1086 1374 351 170 922 69 1349 1190 1585 298 1188 964 438 380 635 200 1271 513 862 922 1058 1030 1285 670 572 406 875 1385 1287 1348 269 1085 1579 1446 0 377
719 1314 236 1047 400 1293 199 658 1069 1055 819 1418 1235 835 1163 407 1009 995 1035 828 989 937 289 605 834 1297 1146 525 599 977 726 291 261 1078 1053 1059 1068 1368 1113 916 103 307 896 1303 212 1269 1089 1377 165 251 925 400 1352 1193 1573 212 1191 967 441 194 638 350 1273 516 804 864 1061 1033 1288 673 574 409 878 1387 1289 1290 142 1087 1566 1403 377 0
EOF