NAME : tsp_problem
TYPE : TSP
DIMENSION : 44
EDGE_WEIGHT_TYPE : EXPLICIT
EDGE_WEIGHT_FORMAT : FULL_MATRIX
EDGE_WEIGHT_SECTION
0 460 499 741 513 865 842 422 424 905 764 670 443 658 680 643 973 494 330 904 564 423 658 532 529 550 444 902 927 453 636 621 290 522 669 702 443 882 537 914 570 606 856 399
460 0 689 978 661 1102 1049 400 661 627 1001 907 675 554 402 365 1147 216 695 1141 586 732 494 254 734 951 681 1140 1143 692 533 540 691 759 391 939 844 931 774 1151 807 843 578 636
499 689 0 1131 68 1256 1233 453 863 1134 1154 1060 882 1062 909 872 1364 723 419 1294 999 123 1001 761 968 382 884 1293 1318 84 1040 1047 252 912 898 1061 275 1273 927 1305 961 996 1085 838
1021 1071 1412 0 1426 472 378 1220 848 506 387 465 753 803 721 746 475 908 1038 187 724 1336 742 878 864 1464 938 526 472 1366 782 781 1203 786 734 713 1356 260 666 538 492 650 577 747
513 661 68 1145 0 1270 1247 425 877 1106 1168 1074 896 1033 881 844 1378 695 433 1308 1013 137 973 732 982 396 897 1307 1332 98 1012 1019 266 926 870 1075 289 1287 941 1319 975 1010 1057 852
865 1102 1256 209 1270 0 134 1064 692 579 152 308 596 661 759 784 364 946 882 372 567 1180 661 915 708 1307 782 173 101 1210 640 624 1047 629 772 557 1200 333 509 185 336 494 650 591
842 1049 1233 186 1247 134 0 1041 669 485 109 286 574 638 700 725 269 887 859 349 545 1157 639 856 685 1285 759 268 134 1187 617 602 1024 607 713 534 1177 238 486 280 313 471 556 568
422 400 453 940 425 1064 1041 0 623 845 962 868 641 772 620 583 1172 434 656 1103 763 496 712 471 727 755 643 1101 1126 457 751 757 625 721 608 900 648 1081 735 1113 769 804 796 597
424 661 863 568 877 692 669 623 0 523 590 497 109 350 369 394 800 556 499 731 256 788 305 525 141 915 127 729 754 818 328 313 655 498 382 533 808 709 378 741 397 433 474 164
905 627 1134 456 1106 579 485 845 523 0 495 572 480 359 278 302 582 465 971 619 390 1177 299 434 539 1396 613 634 579 1137 338 345 1136 719 291 754 1289 367 598 645 599 653 133 538
764 1001 1154 107 1168 152 109 962 590 495 0 207 495 559 657 682 334 844 780 270 466 1078 560 814 606 1206 680 189 203 1108 538 523 945 528 670 455 1098 248 408 201 234 392 565 489
670 907 1060 184 1074 308 286 868 497 572 207 0 401 466 564 588 416 750 686 347 372 984 466 720 512 1112 586 346 370 1015 444 429 851 354 577 279 1005 325 314 357 141 218 642 395
443 675 882 472 896 596 574 641 109 480 495 401 0 292 326 351 704 513 518 635 198 806 262 483 125 934 199 634 659 836 271 255 673 402 339 438 826 614 282 645 301 337 431 72
658 554 1062 537 1033 661 638 772 350 359 559 466 292 0 205 230 769 392 719 700 116 1017 85 362 365 1144 440 698 723 1047 39 70 884 467 218 502 1037 664 346 710 366 401 310 286
680 402 909 635 881 759 700 620 369 278 657 564 326 205 0 90 798 240 817 798 237 952 145 210 385 1171 459 796 794 913 184 191 911 565 106 600 1064 582 445 808 464 500 229 384
643 365 872 659 844 784 725 583 394 302 682 588 351 230 90 0 822 203 841 822 261 915 170 172 409 1134 484 821 819 876 209 215 874 590 79 625 1027 607 469 833 489 524 254 409
973 1156 1364 300 1378 364 269 1172 800 592 334 416 704 769 807 832 0 994 990 463 675 1288 769 964 816 1415 890 279 363 1318 748 732 1155 737 820 665 1308 346 617 291 444 602 663 699
494 216 723 822 695 946 887 434 556 465 844 750 513 392 240 203 984 0 729 984 423 766 332 116 571 985 646 983 981 726 371 377 725 752 228 787 878 769 631 995 651 686 416 571
330 695 419 757 433 882 859 656 499 971 780 686 518 719 817 841 990 729 0 920 625 344 719 766 604 471 519 919 944 374 697 682 210 538 830 718 364 899 553 931 587 622 922 474
874 923 1264 201 1278 325 230 1073 701 359 240 317 605 655 574 599 328 761 890 0 576 1189 595 730 717 1316 790 379 324 1219 634 633 1056 638 587 566 1209 112 518 391 345 502 430 600
564 586 999 443 1013 567 545 763 256 390 466 372 198 116 237 261 675 423 625 606 0 923 116 393 272 1051 346 605 630 954 95 79 790 373 250 408 943 584 253 616 272 308 341 193
423 732 123 1056 137 1180 1157 496 788 1177 1078 984 806 1017 952 915 1288 766 344 1218 923 0 1017 804 892 306 808 1217 1242 78 996 980 176 837 941 985 199 1197 851 1229 885 920 1128 762
658 494 1001 537 973 661 639 712 305 299 560 466 262 85 145 170 769 332 719 700 116 1017 0 301 320 1145 395 699 723 1005 64 70 884 467 158 502 1037 603 347 710 366 402 250 287
532 254 761 791 732 915 856 471 525 434 814 720 483 362 210 172 954 116 766 954 393 804 301 0 541 1023 615 953 950 764 340 347 762 721 198 756 915 739 601 964 620 656 385 541
529 734 968 584 982 708 685 727 141 539 606 512 125 365 385 409 816 571 604 747 272 892 320 541 0 1020 231 745 770 922 344 329 759 514 398 549 912 725 393 757 413 448 490 183
550 951 382 1183 396 1307 1285 755 915 1396 1206 1112 934 1144 1171 1134 1415 985 471 1346 1051 306 1145 1023 1020 0 935 1345 1369 336 1123 1108 304 964 1160 1112 233 1324 979 1356 1012 1048 1347 890
444 681 884 657 897 782 759 643 127 613 680 586 199 440 459 484 890 646 519 820 346 808 395 615 231 935 0 819 844 838 418 403 675 584 472 623 828 799 467 831 487 522 564 218
902 1140 1293 246 1307 173 268 1101 729 634 189 346 634 698 796 821 279 983 919 409 605 1217 699 953 745 1345 819 0 236 1247 677 662 1084 667 809 594 1237 387 546 84 373 531 704 628
927 1143 1318 271 1332 101 134 1126 754 579 203 370 659 723 794 819 363 981 944 434 630 1242 723 950 770 1369 844 236 0 1272 702 687 1109 692 807 619 1262 333 571 247 398 556 650 653
453 692 84 1086 98 1210 1187 457 818 1137 1108 1015 836 1047 913 876 1318 726 374 1249 954 78 1005 764 922 336 838 1247 1272 0 1026 1011 206 867 901 1015 229 1227 881 1259 915 950 1089 792
636 533 1040 515 1012 640 617 751 328 338 538 444 271 39 184 209 748 371 697 678 95 996 64 340 344 1123 418 677 702 1026 0 49 863 446 197 481 1016 642 325 689 345 380 289 265
621 540 1047 500 1019 624 602 757 313 345 523 429 255 70 191 215 732 377 682 663 79 980 70 347 329 1108 403 662 687 1011 49 0 847 430 204 466 1001 642 310 673 329 365 296 250
290 691 252 923 266 1047 1024 625 655 1136 945 851 673 884 911 874 1155 725 210 1085 790 176 884 762 759 304 675 1084 1109 206 863 847 0 704 899 852 196 1064 718 1096 752 787 1087 629
507 744 897 488 911 612 589 706 480 701 510 417 385 449 547 572 720 734 523 651 356 822 449 704 496 949 568 649 674 852 428 413 689 0 560 453 842 629 283 661 317 352 652 379
669 391 898 648 870 772 713 608 382 291 670 577 339 218 106 79 811 228 830 811 250 941 158 198 398 1160 472 809 807 901 197 204 899 578 0 613 1053 595 458 821 477 513 242 397
702 939 1061 433 1075 557 534 900 533 754 455 279 438 502 600 625 665 787 718 596 408 985 502 756 549 1112 623 594 619 1015 481 466 852 230 613 0 1005 574 204 606 299 133 705 432
443 844 275 1076 289 1200 1177 648 808 1289 1098 1005 826 1037 1064 1027 1308 878 364 1239 943 199 1037 915 912 233 828 1237 1262 229 1016 1001 196 857 1053 1005 0 1217 871 1249 905 940 1240 782
993 1176 1383 320 1397 383 289 1191 820 612 353 436 724 788 827 851 262 1013 1009 483 695 1307 789 983 835 1435 909 497 383 1337 767 752 1174 757 840 684 1327 0 637 509 463 621 682 718
537 774 927 385 941 509 486 735 378 598 408 314 282 346 445 469 617 631 553 548 253 851 347 601 393 979 467 546 571 881 325 310 718 155 458 204 871 526 0 558 214 143 549 276
914 1151 1305 258 1319 185 280 1113 741 645 201 357 645 710 808 833 291 995 931 421 616 1229 710 964 757 1356 831 84 247 1259 689 673 1096 679 821 606 1249 399 558 0 385 543 716 640
570 807 961 212 975 336 313 769 397 599 234 141 301 366 464 489 444 651 587 375 272 885 366 620 413 1012 487 373 398 915 345 329 752 334 477 299 905 353 214 385 0 199 569 296
606 843 996 369 1010 494 471 804 433 653 392 218 337 401 500 524 602 686 622 532 308 920 402 656 448 1048 522 531 556 950 380 365 787 169 513 133 940 511 143 543 199 0 605 331
856 578 1085 526 1057 650 556 796 474 133 565 642 431 310 229 254 653 416 922 689 341 1128 250 385 490 1347 564 704 650 1089 289 296 1087 670 242 705 1240 438 549 716 569 605 0 489
399 636 838 467 852 591 568 597 164 538 489 395 72 286 384 409 699 571 474 629 193 762 287 541 183 890 218 628 653 792 265 250 629 397 397 432 782 608 276 640 296 331 489 0
EOF