NAME : tsp_problem
TYPE : TSP
DIMENSION : 46
EDGE_WEIGHT_TYPE : EXPLICIT
EDGE_WEIGHT_FORMAT : FULL_MATRIX
EDGE_WEIGHT_SECTION
0 255 599 414 287 833 601 234 1224 131 1117 1211 706 409 637 302 203 782 561 525 524 579 560 1000 131 273 394 476 1140 509 263 234 217 783 836 177 204 1213 1157 466 1167 563 300 90 295 472
255 0 799 615 487 1033 801 363 1425 332 1318 1411 906 610 837 503 333 982 761 726 725 780 760 1200 180 98 595 677 1340 710 463 435 418 983 1036 165 167 1414 1357 666 1368 764 500 290 496 589
599 799 0 345 694 628 35 656 1155 632 1048 1142 246 411 388 710 625 534 562 277 206 510 43 546 675 817 479 478 1071 440 496 405 418 669 638 721 748 1016 1088 397 1098 284 721 591 470 542
414 615 345 0 524 458 347 471 850 448 742 836 452 226 383 540 441 430 378 272 271 312 306 625 491 633 632 294 765 135 312 221 234 408 461 537 563 839 782 91 792 310 537 407 286 709
361 372 783 599 0 1017 785 231 1409 272 1302 1395 830 594 821 375 200 966 745 710 709 764 744 1130 438 354 467 661 1324 694 447 419 402 967 1020 477 423 1398 1341 650 1352 748 468 315 480 457
833 1033 628 458 943 0 630 890 755 866 587 741 423 645 636 959 859 446 668 557 601 595 589 215 909 1051 788 708 509 383 730 639 653 265 59 956 982 436 687 396 698 684 956 825 705 852
601 801 35 347 697 630 0 658 1158 635 1051 1144 248 413 390 712 628 536 565 279 208 513 46 548 677 819 481 480 1073 443 498 407 421 671 640 724 750 1018 1090 399 1100 287 724 593 473 545
234 363 656 471 232 890 658 0 1281 144 1174 1268 703 466 694 247 40 839 618 582 581 636 617 1003 310 345 339 533 1197 566 320 291 274 840 893 356 383 1270 1214 523 1224 620 340 188 352 417
1224 1425 1155 850 1335 755 1158 1281 0 1258 317 410 1130 1037 1077 1350 1251 886 1060 997 1081 987 1117 922 1301 1443 1442 1099 340 774 1122 1031 1044 591 758 1347 1373 423 263 787 92 1120 1347 1217 1096 1520
131 332 632 448 258 866 635 144 1258 0 1151 1244 729 443 670 273 114 816 594 559 558 613 593 1029 208 350 365 510 1174 543 297 268 251 817 870 254 280 1247 1190 500 1201 597 333 71 329 443
1117 1318 1048 742 1227 587 1051 1174 317 1151 0 303 962 929 970 1243 1144 779 953 890 974 880 1009 754 1194 1336 1327 992 132 667 1015 924 937 484 551 1240 1266 215 249 680 260 1013 1240 1110 989 1391
1616 1816 1547 1241 1726 1147 1549 1673 816 1650 708 0 1468 1428 1468 1742 1643 1278 1451 1389 1473 1379 1508 1182 1692 1834 1833 1491 731 1166 1513 1422 1436 983 1150 1739 1765 815 748 1179 758 1512 1739 1608 1488 1897
706 906 246 452 622 423 248 703 1130 729 962 1062 0 518 416 637 673 562 669 305 219 617 207 341 782 924 406 585 884 547 603 512 525 639 433 828 855 811 1062 504 1072 414 828 698 577 470
409 610 411 226 519 645 413 466 1037 443 929 1023 518 0 449 535 436 594 184 338 337 203 372 812 486 628 627 100 952 322 177 216 229 595 648 532 558 1026 969 278 979 375 532 402 152 704
637 837 388 383 747 636 390 694 1077 670 970 1063 416 449 0 762 663 372 600 147 235 548 349 716 713 855 649 516 992 478 534 443 456 586 639 759 786 1017 1009 435 1019 352 759 629 508 713
356 366 778 593 354 1012 780 225 1403 266 1296 1390 825 588 816 0 195 961 740 704 703 758 739 1125 432 348 461 656 1319 688 442 413 396 962 1015 471 418 1393 1336 645 1346 742 462 310 474 451
203 333 625 441 202 859 628 40 1251 114 1144 1237 673 436 663 217 0 809 587 552 551 606 587 973 280 315 309 503 1167 536 290 261 244 810 863 326 352 1240 1183 493 1194 590 310 157 322 386
782 982 534 430 892 446 536 839 886 816 779 872 562 594 372 908 809 0 640 293 381 567 495 612 858 1000 795 661 802 354 679 588 602 396 449 905 931 826 818 367 829 498 905 774 654 859
561 761 562 378 671 668 565 618 1060 594 953 1046 669 184 600 686 587 640 0 489 488 302 524 835 637 779 778 108 975 463 329 367 380 618 671 683 710 1049 992 428 1002 527 684 553 303 856
525 726 277 272 636 557 279 582 997 559 890 984 305 338 147 651 552 293 489 0 124 437 238 605 602 744 538 405 913 367 423 332 345 507 560 648 674 938 930 324 940 241 648 518 397 602
524 725 206 271 635 601 208 581 1081 558 974 1067 219 337 235 650 551 381 488 124 0 436 167 519 601 743 452 404 997 366 422 331 344 595 611 647 673 989 1013 323 1024 240 647 517 396 515
509 710 440 134 619 528 442 566 919 543 812 906 547 321 478 635 536 499 473 367 366 0 401 695 586 728 727 389 835 204 406 316 329 478 531 632 658 909 852 161 862 405 632 502 381 804
560 760 43 306 656 589 46 617 1117 593 1009 1103 207 372 349 671 587 495 524 238 167 472 0 507 636 778 440 439 1032 402 457 366 380 630 599 683 709 977 1049 358 1059 245 683 552 432 504
1000 1200 546 625 922 215 548 1003 922 1029 754 776 341 812 716 937 973 612 835 605 519 762 507 0 1076 1218 706 875 676 550 897 806 819 431 225 1122 1149 603 854 563 864 714 1123 992 871 770
131 180 675 491 363 909 677 310 1301 208 1194 1287 782 486 713 379 280 858 637 602 601 656 636 1076 0 198 471 553 1216 586 339 311 294 859 912 102 128 1290 1233 542 1244 640 376 166 372 548
273 98 817 633 473 1051 819 345 1443 350 1336 1429 924 628 855 489 315 1000 779 744 743 797 778 1218 198 0 581 695 1358 728 481 453 436 1001 1054 183 149 1432 1375 684 1386 782 518 308 514 571
394 589 479 632 258 788 481 339 1442 365 1327 1427 406 627 649 274 309 795 778 538 452 797 440 706 471 571 0 694 1249 727 481 452 435 1001 798 517 543 1176 1374 684 1385 647 501 387 513 296
476 677 478 294 587 708 480 533 1099 510 992 1086 585 100 516 602 503 661 108 405 404 218 439 875 553 695 694 0 1015 386 245 283 296 658 711 599 625 1089 1032 344 1042 443 599 469 219 772
1140 1340 1071 765 1250 509 1073 1197 340 1174 132 326 884 952 992 1266 1167 802 975 913 997 902 1032 676 1216 1358 1249 1015 0 690 1037 946 960 507 473 1263 1289 137 272 703 282 1035 1263 1132 1012 1313
509 710 440 135 620 383 443 566 774 543 667 761 547 322 478 635 536 354 463 367 366 390 402 550 586 728 727 389 690 0 407 316 329 333 386 632 658 763 707 72 717 405 632 502 381 805
263 463 496 312 373 730 498 320 1122 297 1015 1108 603 177 534 389 290 679 329 423 422 347 457 897 339 481 481 245 1037 407 0 150 132 680 733 386 412 1111 1054 363 1064 461 386 255 77 558
234 435 405 221 345 639 407 291 1031 268 924 1017 512 216 443 360 261 588 367 332 331 386 366 806 311 453 452 283 946 316 150 0 94 589 642 357 383 1020 963 272 974 370 357 227 182 530
217 418 418 234 327 653 421 274 1044 251 937 1030 525 229 456 343 244 602 380 345 344 399 380 819 294 436 435 296 960 329 132 94 0 603 656 340 366 1033 976 286 987 383 340 209 165 512
783 983 669 408 893 265 671 840 591 817 484 577 639 595 586 909 810 396 618 507 595 545 630 431 859 1001 1001 658 507 333 680 589 603 0 268 906 932 590 523 346 534 634 906 775 655 1068
836 1036 638 461 946 59 640 893 758 870 551 744 433 648 639 962 863 449 671 560 611 598 599 225 912 1054 798 711 473 386 733 642 656 268 0 959 985 400 690 399 701 687 959 828 708 862
177 165 721 537 410 956 724 356 1347 254 1240 1334 828 532 759 425 326 905 683 648 647 702 683 1122 102 183 517 599 1263 632 386 357 340 906 959 0 114 1336 1280 589 1290 686 422 213 418 595
204 167 748 563 436 982 750 383 1373 280 1266 1360 855 558 786 451 352 931 710 674 673 728 709 1149 128 149 543 625 1289 658 412 383 366 932 985 114 0 1362 1306 615 1316 712 449 239 444 621
1213 1414 1016 839 1324 436 1018 1270 423 1247 215 409 811 1026 1017 1339 1240 826 1049 938 989 976 977 603 1290 1432 1176 1089 137 763 1111 1020 1033 590 400 1336 1362 0 355 776 366 1064 1336 1206 1085 1240
1157 1357 1088 782 1267 687 1090 1214 263 1190 249 343 1062 969 1009 1282 1183 818 992 930 1013 919 1049 854 1233 1375 1374 1032 272 707 1054 963 976 523 690 1280 1306 355 0 720 206 1052 1280 1149 1028 1452
466 666 397 91 576 396 399 523 787 500 680 774 504 278 435 592 493 367 430 324 323 364 358 563 542 684 684 345 703 72 363 272 286 346 399 589 615 776 720 0 730 362 589 458 338 761
1167 1368 1098 792 1277 698 1100 1224 92 1201 260 353 1072 979 1019 1293 1194 829 1002 940 1024 930 1059 864 1244 1386 1385 1042 282 717 1064 974 987 534 701 1290 1316 366 206 730 0 1063 1290 1160 1039 1462
563 764 284 310 673 684 287 620 1120 597 1013 1106 414 375 352 689 590 498 527 241 240 475 245 714 640 782 647 443 1035 405 461 370 383 634 687 686 712 1064 1052 362 1063 0 686 556 435 711
258 452 665 495 121 914 667 202 1305 228 1198 1292 592 490 717 137 172 863 641 606 605 660 626 892 334 434 229 557 1221 590 344 315 298 864 917 380 407 1294 1238 547 1248 644 0 250 376 306
90 290 591 407 279 825 593 188 1217 71 1110 1203 698 402 629 295 157 774 553 518 517 571 552 992 166 308 387 469 1132 502 255 227 209 775 828 213 239 1206 1149 458 1160 556 292 0 288 464
295 496 470 286 405 705 473 352 1096 329 989 1082 577 152 508 421 322 654 303 397 396 322 432 871 372 514 513 219 1012 381 77 182 165 655 708 418 444 1085 1028 338 1039 435 418 288 0 590
472 601 542 709 336 852 545 417 1520 443 1391 1491 470 704 713 351 386 859 856 602 515 874 504 770 548 583 296 772 1313 805 558 530 512 1068 862 595 621 1240 1452 761 1462 711 578 464 590 0
EOF