NAME : tsp_problem
TYPE : TSP
DIMENSION : 54
EDGE_WEIGHT_TYPE : EXPLICIT
EDGE_WEIGHT_FORMAT : FULL_MATRIX
EDGE_WEIGHT_SECTION
0 203 484 573 314 929 1049 1132 581 226 639 443 534 607 358 348 356 432 551 415 737 280 78 1017 1013 518 489 281 262 630 146 352 1034 971 196 964 1086 672 677 68 712 465 765 289 573 522 1069 504 329 622 239 725 467 641
203 0 409 478 176 844 965 1048 558 123 615 419 510 518 334 180 332 408 462 284 649 112 186 933 928 495 465 257 239 606 202 263 946 887 203 880 1001 649 653 197 623 441 741 122 478 427 985 481 161 598 245 701 299 618
484 409 0 838 247 487 608 691 659 483 717 521 611 264 399 259 434 510 208 162 394 375 467 576 571 311 272 358 340 707 483 174 648 530 484 523 644 750 754 478 369 485 843 460 838 574 628 582 479 699 526 802 250 719
573 478 838 0 619 1282 1192 1486 492 391 534 654 617 794 711 623 617 514 900 726 827 555 555 1371 1366 872 843 612 594 295 572 705 1125 1233 397 1317 1439 584 466 567 802 796 554 564 293 493 1170 359 604 503 411 389 742 306
314 176 247 619 0 682 802 885 630 264 688 492 582 355 406 86 405 481 300 163 486 142 296 770 766 462 422 330 311 679 313 100 783 724 313 717 839 721 725 308 461 513 814 226 619 568 822 553 246 670 356 773 204 690
929 844 487 1282 682 0 466 314 1103 927 1161 962 870 539 844 694 878 954 432 596 669 810 911 107 223 756 716 803 784 1152 928 609 506 388 928 288 267 1194 1199 923 644 929 1287 894 1282 849 486 1026 914 1143 971 1247 684 1163
1049 965 608 1192 802 466 0 418 1224 1039 1282 1083 991 546 965 815 999 1075 553 717 402 931 1032 406 298 877 837 923 905 1272 1048 729 124 125 1045 250 371 1315 1319 1043 435 1050 1408 1015 1192 759 56 1147 1035 1264 1060 1367 805 1284
1132 1048 691 1486 885 314 418 0 1307 1131 1365 1166 1074 742 1047 898 1082 1158 636 800 735 1013 1115 253 175 960 920 1006 988 1355 1131 812 458 340 1132 240 102 1398 1402 1126 769 1133 1491 1098 1485 1053 438 1230 1118 1347 1174 1450 888 1367
581 558 659 492 630 1103 1224 1307 0 580 323 427 390 826 532 702 390 286 770 724 957 634 564 1192 1187 692 663 385 366 313 580 668 1254 1146 580 1139 1260 159 351 575 931 568 303 644 481 884 1244 188 683 108 623 408 812 325
226 123 483 391 264 927 1039 1131 580 0 638 442 532 605 357 268 355 431 550 372 675 200 208 1016 1012 517 488 280 261 629 225 350 972 970 159 963 1084 671 676 220 650 463 764 210 391 340 1017 503 249 620 173 723 387 640
652 629 730 317 701 1174 1295 1378 336 651 0 498 460 897 603 773 461 357 841 795 1027 705 635 1263 1258 763 734 456 437 138 651 739 1325 1217 651 1210 1331 427 309 646 1002 639 398 715 306 761 1315 202 754 347 680 233 883 150
443 419 521 654 492 962 1083 1166 427 442 485 0 190 688 265 564 120 170 632 586 818 496 426 1051 1047 425 396 193 211 476 442 530 1116 1005 442 998 1119 518 522 437 793 187 611 505 643 746 1103 350 545 467 485 570 674 487
534 510 611 617 582 870 991 1074 390 532 447 190 0 778 307 654 211 133 723 676 909 587 516 959 954 468 438 284 302 438 533 620 1030 913 533 906 1027 481 485 528 884 220 573 596 606 836 1011 313 636 430 576 533 764 450
607 518 264 794 355 539 546 742 826 605 884 688 778 0 567 368 601 677 157 270 181 484 589 627 623 479 439 526 507 875 606 283 479 581 606 574 696 917 921 601 156 652 1010 568 794 361 524 749 588 866 649 969 358 886
358 334 399 711 406 844 965 1047 532 357 590 265 307 567 0 478 178 278 511 465 697 411 340 933 928 197 168 178 197 581 357 444 995 886 357 879 1001 623 627 352 672 174 716 420 711 660 984 455 460 572 400 675 553 592
348 180 259 623 86 694 815 898 702 268 760 564 654 368 478 0 477 553 312 133 498 146 331 783 778 474 435 402 383 751 347 172 796 737 348 729 851 793 797 342 473 585 886 231 623 572 834 625 250 742 390 845 148 762
356 332 434 617 405 878 999 1082 390 355 448 120 211 601 178 477 0 133 545 499 731 409 339 967 962 338 309 106 124 439 355 443 1029 921 355 914 1035 481 485 350 706 214 574 418 606 659 1019 313 458 430 398 533 587 450
432 408 510 514 481 954 1075 1158 286 431 344 170 133 677 278 553 133 0 621 575 807 485 415 1043 1038 439 409 207 217 335 431 519 1105 997 431 990 1111 378 382 426 782 314 470 495 503 735 1095 210 534 327 474 430 663 347
551 462 208 900 300 432 553 636 770 550 828 632 723 157 511 312 545 621 0 215 288 428 533 521 516 423 383 470 451 819 550 227 585 474 550 467 589 862 866 545 262 597 954 513 900 467 572 694 532 811 593 914 303 831
415 284 162 726 163 596 717 800 724 372 782 586 676 270 465 133 499 575 215 0 401 249 397 685 681 377 337 424 405 773 414 90 698 639 414 632 753 815 819 409 376 550 908 334 726 581 737 647 353 764 457 867 123 784
737 649 394 827 486 669 402 735 957 675 1014 818 909 181 697 498 731 807 288 401 0 614 720 723 616 609 570 656 638 1005 736 413 335 443 680 567 689 1048 1052 731 71 783 1140 699 827 395 380 880 718 997 695 1100 489 1017
280 112 375 555 142 810 931 1013 634 200 692 496 587 484 411 146 409 485 428 249 614 0 262 899 894 571 542 334 315 683 279 229 912 852 279 845 967 725 730 274 589 518 818 108 555 504 950 557 127 674 322 778 265 694
78 186 467 555 296 911 1032 1115 564 208 622 426 516 589 340 331 339 415 533 397 720 262 0 1000 995 501 472 263 245 612 128 334 1017 954 178 947 1068 655 659 93 695 447 747 272 555 504 1052 487 311 604 221 707 450 624
1017 933 576 1371 770 107 406 253 1192 1016 1250 1051 959 627 933 783 967 1043 521 685 723 899 1000 0 162 845 805 891 873 1241 1016 697 445 327 1017 227 206 1283 1287 1011 733 1018 1376 983 1371 938 425 1115 1003 1232 1059 1335 773 1252
1013 928 571 1366 766 223 298 175 1187 1012 1245 1047 954 623 928 778 962 1038 516 681 616 894 995 162 0 840 801 887 869 1236 1012 693 338 220 1012 120 128 1279 1283 1007 649 1014 1371 979 1366 933 318 1111 998 1228 1055 1331 769 1248
444 421 241 798 392 685 806 889 619 443 677 481 571 408 381 404 394 470 353 306 539 497 427 774 770 0 361 318 300 668 443 319 836 728 444 721 842 710 714 438 514 502 803 507 798 719 826 542 546 659 486 762 394 679
487 464 272 841 422 716 837 920 662 486 720 396 438 439 168 435 309 409 383 337 570 540 470 805 801 80 0 310 328 711 486 349 867 759 487 752 873 753 757 482 545 306 846 550 841 749 857 585 589 702 529 805 425 722
281 257 358 612 330 803 923 1006 385 280 443 193 284 526 178 402 106 207 470 424 656 334 263 891 887 339 310 0 66 433 280 367 953 845 280 838 960 476 480 275 631 215 568 343 601 584 943 308 383 425 323 528 512 445
262 239 340 594 311 784 905 988 366 261 424 211 302 507 197 383 124 217 451 405 638 315 245 873 869 357 328 66 0 415 261 349 935 827 262 820 941 457 462 256 613 233 550 325 583 565 925 290 364 407 304 510 493 426
740 716 817 539 788 1262 1382 1465 414 739 465 585 548 984 690 860 548 445 929 882 1115 793 722 1350 1346 851 822 543 525 0 739 826 1412 1304 739 1297 1419 514 213 734 1090 727 301 802 527 983 1402 289 842 374 782 136 971 371
146 202 483 572 313 928 1048 1131 580 225 638 442 533 606 357 347 355 431 550 414 736 279 128 1016 1012 517 488 280 261 629 0 351 1034 970 195 963 1085 671 676 140 711 464 764 288 572 521 1068 504 328 621 238 724 466 640
352 263 174 705 100 609 729 812 668 350 726 530 620 283 444 172 443 519 227 90 413 229 334 697 693 389 349 367 349 716 351 0 710 651 351 644 766 759 763 346 388 551 852 313 705 593 749 591 333 708 394 811 179 728
1034 946 648 1125 783 506 124 458 1254 972 1312 1116 1030 479 995 796 1029 1105 585 698 335 912 1017 445 338 907 867 953 935 1302 1034 710 0 165 978 289 411 1345 1349 1029 368 1080 1438 996 1125 692 102 1177 1016 1294 992 1397 786 1314
971 887 530 1233 724 388 125 340 1146 970 1204 1005 913 581 886 737 921 997 474 639 443 852 954 327 220 798 759 845 827 1194 970 651 165 0 970 172 293 1237 1241 965 476 972 1330 937 1233 800 145 1069 957 1186 1013 1289 727 1206
196 203 484 397 313 928 1045 1132 580 159 638 442 533 606 357 348 355 431 550 414 680 279 178 1017 1012 518 488 280 262 629 195 351 978 970 0 963 1085 672 676 190 655 464 764 289 396 346 1023 504 328 621 62 724 466 641
964 880 523 1317 717 288 250 240 1139 963 1196 998 906 574 879 729 914 990 467 632 567 845 947 227 120 791 752 838 820 1187 963 644 289 172 963 0 193 1230 1234 958 600 965 1322 930 1317 885 269 1062 949 1179 1006 1282 720 1199
1086 1001 644 1439 839 267 371 102 1260 1084 1318 1119 1027 696 1001 851 1035 1111 589 753 689 967 1068 206 128 913 873 960 941 1309 1085 766 411 293 1085 193 0 1351 1356 1080 722 1087 1444 1051 1439 1006 391 1183 1071 1300 1128 1404 842 1320
672 649 750 584 721 1194 1315 1398 159 671 414 518 481 917 623 793 481 378 862 815 1048 725 655 1283 1279 784 755 476 457 405 671 759 1345 1237 672 1230 1351 0 347 667 1023 660 257 735 572 975 1335 279 774 200 714 499 903 416
677 653 754 476 725 1199 1319 1402 351 676 402 522 485 921 627 797 485 382 866 819 1052 730 659 1287 1283 788 759 480 462 297 676 763 1349 1241 676 1234 1356 347 0 671 1027 664 114 739 464 920 1339 226 779 311 719 392 908 308
68 197 478 567 308 923 1043 1126 575 220 633 437 528 601 352 342 350 426 545 409 731 274 93 1011 1007 512 483 275 256 624 140 346 1029 965 190 958 1080 667 671 0 706 459 759 283 567 516 1063 499 323 616 233 719 461 636
712 623 369 802 461 644 435 769 931 650 989 793 884 156 672 473 706 782 262 376 71 589 695 733 649 584 545 631 613 980 711 388 368 476 655 600 722 1023 1027 706 0 758 1115 674 802 369 413 855 693 972 670 1075 464 992
465 441 485 796 513 929 1050 1133 568 463 626 187 220 652 174 585 214 314 597 550 783 518 447 1018 1014 335 306 215 233 617 464 551 1080 972 464 965 1087 660 664 459 758 0 752 527 785 767 1070 492 567 609 507 712 638 629
765 741 843 564 814 1287 1408 1491 303 764 490 611 573 1010 716 886 574 470 954 908 1140 818 747 1376 1371 876 847 568 550 385 764 852 1438 1330 764 1322 1444 257 114 759 1115 752 0 827 553 1008 1427 315 867 344 807 480 996 397
289 122 460 564 226 894 1015 1098 644 210 701 505 596 568 420 231 418 495 513 334 699 108 272 983 979 581 551 343 325 692 288 313 996 937 289 930 1051 735 739 283 674 527 827 0 564 513 1035 567 66 684 331 787 349 704
573 478 838 293 619 1282 1192 1485 481 391 523 643 606 794 711 623 606 503 900 726 827 555 555 1371 1366 872 843 601 583 283 572 705 1125 1233 396 1317 1439 572 455 567 802 785 543 564 0 493 1170 347 604 492 411 378 742 295
522 427 574 493 568 849 759 1053 884 340 942 746 836 361 660 572 659 735 467 581 395 504 504 938 933 789 749 584 565 739 521 593 692 800 346 885 1006 975 910 516 369 767 998 513 493 0 737 803 553 924 360 833 669 750
1069 985 628 1170 822 486 56 438 1244 1017 1302 1103 1011 524 984 834 1019 1095 572 737 380 950 1052 425 318 896 857 943 925 1292 1068 749 102 145 1023 269 391 1335 1339 1063 413 1070 1427 1035 1170 737 0 1167 1054 1284 1038 1387 825 1304
504 481 582 359 553 1026 1147 1230 188 503 230 350 313 749 455 625 313 210 694 647 880 557 487 1115 1111 616 587 308 290 180 504 591 1177 1069 504 1062 1183 279 226 499 855 492 315 567 347 803 1167 0 606 228 546 274 735 191
329 161 479 604 246 914 1035 1118 683 249 741 545 636 588 460 250 458 534 532 353 718 127 311 1003 998 620 591 383 364 732 328 333 1016 957 328 949 1071 774 779 323 693 567 867 66 604 553 1054 606 0 724 371 827 369 743
622 598 699 503 670 1143 1264 1347 108 620 363 467 430 866 572 742 430 327 811 764 997 674 604 1232 1228 733 704 425 407 325 621 708 1294 1186 621 1179 1300 200 311 616 972 609 344 684 492 924 1284 228 724 0 664 419 852 336
239 245 526 411 356 971 1060 1174 623 173 681 485 576 649 400 390 398 474 593 457 695 322 221 1059 1055 560 531 323 304 657 238 394 992 1013 62 1006 1128 714 719 233 670 507 807 331 411 360 1038 546 371 664 0 752 509 669
642 618 719 441 690 1164 1284 1367 316 640 367 487 450 886 592 762 450 347 831 784 1017 695 624 1252 1248 753 724 445 427 262 641 728 1314 1206 641 1199 1321 416 115 636 992 629 203 704 429 885 1304 191 744 276 684 0 872 273
467 299 250 742 204 684 805 888 812 387 870 674 764 358 553 148 587 663 303 123 489 265 450 773 769 465 425 512 493 861 466 179 786 727 466 720 842 903 908 461 464 638 996 349 742 669 825 735 369 852 509 956 0 872
728 704 805 527 776 1249 1370 1453 402 726 453 573 536 972 678 848 536 433 917 870 1103 780 710 1338 1334 839 810 531 513 348 727 814 1400 1292 727 1285 1407 502 201 722 1078 715 289 790 515 971 1390 277 830 362 770 124 958 0
EOF