NAME : tsp_problem
TYPE : TSP
DIMENSION : 44
EDGE_WEIGHT_TYPE : EXPLICIT
EDGE_WEIGHT_FORMAT : FULL_MATRIX
EDGE_WEIGHT_SECTION
0 275 329 416 1240 207 659 428 330 413 297 280 293 701 432 895 314 509 1209 335 829 838 167 847 475 652 1256 350 606 410 47 689 657 1258 344 409 837 906 73 1109 445 376 345 122
275 0 438 528 1008 106 772 621 297 525 490 508 405 469 625 663 506 701 977 264 597 606 360 615 287 765 1024 577 719 523 268 801 769 1026 536 522 605 674 301 877 557 260 279 315
329 438 0 381 1403 371 624 672 172 378 541 434 94 864 676 1059 468 752 1373 200 992 1001 449 1010 439 617 1419 503 571 375 315 654 622 1422 587 374 1000 1070 280 1273 410 291 187 404
416 528 381 0 1493 461 388 726 477 54 595 488 312 954 729 1148 522 806 1462 506 1082 1091 536 1100 728 404 1509 557 358 162 401 441 385 1512 641 50 1090 1160 367 1362 207 596 492 491
1240 1008 1403 1493 0 1071 1736 1586 1262 1490 1436 1473 1370 601 1589 403 1471 1666 125 1229 436 464 1325 454 1251 1729 89 1542 1683 1487 1233 1766 1734 65 1501 1487 466 467 1266 157 1522 1225 1244 1280
207 106 371 461 1071 0 704 553 230 458 422 440 338 532 557 726 439 634 1040 196 660 669 293 678 306 697 1087 510 651 455 200 734 702 1089 469 454 668 738 234 940 490 237 211 248
659 772 624 388 1736 704 0 822 721 385 629 731 555 1198 825 1392 707 902 1669 749 1325 1334 769 1343 972 199 1716 779 291 301 645 359 42 1718 737 381 1333 1403 610 1606 451 840 735 735
428 621 672 726 1586 553 848 0 701 723 220 272 602 1047 31 1241 237 353 1508 681 1175 1184 299 1192 821 962 1555 308 916 720 421 999 845 1558 114 719 1183 1252 454 1455 755 722 696 364
330 297 172 477 1262 230 721 701 0 474 570 463 233 723 705 917 497 782 1231 59 851 860 451 869 298 714 1278 533 668 472 316 750 718 1280 617 471 859 929 281 1131 506 149 45 406
413 525 378 54 1490 458 385 723 474 0 592 485 309 951 727 1146 519 803 1460 503 1079 1088 534 1097 725 401 1506 554 355 159 399 438 382 1509 639 47 1087 1157 364 1360 204 593 489 488
297 490 541 595 1409 422 656 220 570 592 0 141 472 916 224 1110 106 301 1316 550 1044 1053 168 1062 690 792 1363 177 785 589 290 868 653 1365 136 588 1052 1121 323 1324 624 591 565 233
280 508 434 488 1473 440 731 272 463 485 141 0 364 934 276 1128 68 353 1429 492 1062 1071 219 1079 708 724 1476 104 678 482 265 761 728 1478 188 481 1069 1139 231 1342 517 582 478 284
293 405 94 312 1370 338 555 602 233 309 472 364 0 831 606 1025 398 683 1339 261 959 968 413 977 500 548 1386 434 502 306 278 585 552 1388 518 305 967 1037 243 1239 341 352 247 368
701 469 864 954 601 532 1198 1047 723 951 916 934 831 0 1051 375 932 1127 692 690 345 326 786 326 713 1191 657 1003 1144 949 694 1227 1195 633 962 948 325 234 727 617 983 686 705 741
432 625 676 729 1589 557 852 31 705 727 224 276 606 1051 0 1245 241 357 1512 685 1178 1187 303 1196 825 966 1559 312 920 724 425 1003 849 1561 118 723 1186 1256 458 1459 759 726 700 368
895 663 1059 1148 403 726 1392 1241 917 1146 1110 1128 1025 375 1245 0 1127 1322 494 884 223 161 981 170 907 1385 459 1198 1339 1143 888 1422 1389 435 1157 1142 160 241 922 415 1178 880 899 936
314 506 468 522 1471 439 733 237 497 519 106 68 398 932 241 1127 0 318 1394 526 1060 1069 185 1078 706 758 1441 104 712 516 299 795 731 1443 153 515 1068 1138 264 1341 551 607 512 249
536 729 780 833 1693 661 956 135 809 831 328 380 710 1154 120 1349 345 0 1616 789 1282 1291 407 1300 929 1070 1663 416 1024 828 529 1107 953 1665 222 827 1290 1360 562 1563 863 829 804 472
1209 977 1373 1462 125 1040 1694 1536 1231 1460 1344 1442 1339 692 1540 494 1422 1617 0 1198 406 556 1294 546 1221 1699 79 1493 1653 1457 1202 1736 1692 82 1452 1456 557 559 1235 228 1492 1194 1213 1249
335 264 200 506 1229 196 749 681 59 503 550 492 261 690 685 884 526 762 1198 0 818 827 421 835 264 742 1245 562 696 500 328 779 747 1247 597 500 826 895 310 1098 535 116 60 376
829 597 992 1082 436 660 1325 1175 851 1079 1044 1062 959 345 1178 223 1060 1255 406 818 0 281 914 290 841 1318 452 1131 1272 1076 822 1355 1323 455 1090 1076 280 420 855 306 1111 814 833 869
838 606 1001 1091 464 669 1334 1184 860 1088 1053 1071 968 326 1187 161 1069 1264 556 827 281 0 923 112 850 1328 520 1140 1281 1085 831 1364 1332 496 1099 1085 102 202 864 472 1120 823 842 878
167 360 449 536 1325 293 780 299 451 534 168 219 413 786 303 981 185 380 1294 421 914 923 0 932 560 773 1341 256 727 531 160 810 777 1344 215 530 922 992 194 1195 565 461 436 103
847 615 1010 1100 454 678 1343 1192 869 1097 1062 1079 977 326 1196 170 1078 1273 546 835 290 112 932 0 858 1336 511 1149 1290 1094 839 1373 1341 487 1108 1094 111 192 873 471 1129 832 851 887
475 287 439 728 1251 306 972 821 298 725 690 708 500 713 825 907 706 901 1221 264 841 850 560 858 0 965 1267 777 918 723 468 1001 969 1270 736 722 848 918 501 1121 757 184 280 515
652 765 617 404 1729 697 199 958 714 401 766 724 548 1191 962 1385 758 1038 1699 742 1318 1328 773 1336 965 0 1745 794 113 294 638 265 196 1748 874 398 1326 1396 603 1599 428 833 728 728
1256 1024 1419 1509 89 1087 1741 1583 1278 1506 1390 1489 1386 657 1586 459 1468 1663 79 1245 452 520 1341 511 1267 1745 0 1540 1699 1503 1249 1782 1739 104 1498 1503 522 523 1282 213 1538 1241 1260 1296
350 577 503 557 1542 510 801 308 533 554 177 104 434 1003 312 1198 104 389 1466 562 1131 1140 256 1149 777 794 1512 0 748 552 335 830 798 1515 224 551 1139 1209 300 1412 586 652 548 321
606 719 571 358 1683 651 291 916 668 355 785 678 502 1144 920 1339 712 997 1653 696 1272 1281 727 1290 918 113 1699 748 0 248 592 197 287 1702 832 352 1280 1350 557 1553 361 787 682 682
410 523 375 162 1487 455 301 720 472 159 589 482 306 949 724 1143 516 801 1457 500 1076 1085 531 1094 723 294 1503 552 248 0 396 331 299 1506 636 156 1084 1154 361 1357 202 591 486 486
47 268 315 401 1233 200 645 421 316 399 290 265 278 694 425 888 299 501 1202 328 822 831 160 839 468 638 1249 335 592 396 0 675 642 1251 336 395 829 899 59 1102 431 369 331 115
689 801 654 441 1766 734 359 999 750 438 868 761 585 1227 1003 1422 795 1079 1736 779 1355 1364 810 1373 1001 265 1782 830 197 331 675 0 355 1785 915 435 1363 1433 640 1636 314 869 765 764
657 769 622 385 1734 702 42 819 718 382 627 728 552 1195 823 1389 705 900 1667 747 1323 1332 767 1341 969 196 1713 776 287 299 642 355 0 1716 735 379 1331 1401 607 1603 448 837 733 732
1258 1026 1422 1512 65 1089 1743 1585 1280 1509 1393 1491 1388 633 1589 435 1471 1666 82 1247 455 496 1344 487 1270 1748 104 1542 1702 1506 1251 1785 1741 0 1501 1505 498 499 1285 189 1541 1243 1262 1299
344 536 587 641 1501 469 764 114 617 639 136 188 518 962 118 1157 153 269 1424 597 1090 1099 215 1108 736 878 1471 224 832 636 336 915 761 1473 0 635 1098 1168 370 1371 670 637 612 279
409 522 374 50 1487 454 381 719 471 47 588 481 305 948 723 1142 515 800 1456 500 1076 1085 530 1094 722 398 1503 551 352 156 395 435 379 1505 635 0 1084 1153 360 1356 201 590 486 485
837 605 1000 1090 466 668 1333 1183 859 1087 1052 1069 967 325 1186 160 1068 1263 557 826 280 102 922 111 848 1326 522 1139 1280 1084 829 1363 1331 498 1098 1084 0 203 863 471 1119 822 841 877
906 674 1070 1160 467 738 1403 1252 929 1157 1121 1139 1037 234 1256 241 1138 1333 559 895 420 202 992 192 918 1396 523 1209 1350 1154 899 1433 1401 499 1168 1153 203 0 933 484 1189 892 911 947
73 301 280 367 1266 234 610 454 281 364 323 231 243 727 458 922 264 535 1235 310 855 864 194 873 501 603 1282 300 557 361 59 640 607 1285 370 360 863 933 0 1135 396 400 296 149
1109 877 1273 1362 157 940 1606 1455 1131 1360 1324 1342 1239 617 1459 415 1341 1536 228 1098 306 472 1195 471 1121 1599 213 1412 1553 1357 1102 1636 1603 189 1371 1356 471 484 1135 0 1392 1094 1113 1149
445 557 410 207 1522 490 451 755 506 204 624 517 341 983 759 1178 551 835 1492 535 1111 1120 565 1129 757 428 1538 586 361 202 431 314 448 1541 670 201 1119 1189 396 1392 0 625 521 520
376 260 291 596 1225 237 840 722 149 593 591 582 352 686 726 880 607 802 1194 116 814 823 461 832 184 833 1241 652 787 591 369 869 837 1243 637 590 822 892 400 1094 625 0 131 416
345 279 187 492 1244 211 735 696 45 489 565 478 247 705 700 899 512 777 1213 60 833 842 436 851 280 728 1260 548 682 486 331 765 733 1262 612 486 841 911 296 1113 521 131 0 391
122 315 404 491 1280 248 735 364 406 488 233 284 368 741 368 936 249 444 1249 376 869 878 103 887 515 728 1296 321 682 486 115 764 732 1299 279 485 877 947 149 1149 520 416 391 0
EOF