NAME : tsp_problem
TYPE : TSP
DIMENSION : 46
EDGE_WEIGHT_TYPE : EXPLICIT
EDGE_WEIGHT_FORMAT : FULL_MATRIX
EDGE_WEIGHT_SECTION
0 471 406 64 756 917 1255 1041 1321 1492 1401 1343 1493 964 373 1004 892 1022 1395 1307 827 372 1129 1297 871 573 1177 1532 1164 1276 1154 1191 1475 1024 1111 1117 1153 1260 1226 217 1512 1065 1386 174 1005 276
471 0 97 448 388 550 887 674 953 1124 1033 975 1125 597 319 636 524 654 1027 940 459 200 761 929 503 205 810 1165 797 909 786 823 1108 656 743 749 785 893 859 352 1145 698 1018 327 638 296
406 97 0 383 382 544 881 668 947 1118 1027 969 1119 590 329 630 518 648 1021 933 453 202 755 923 497 199 803 1158 790 903 780 817 1101 650 737 743 779 886 852 287 1138 691 1012 262 632 231
64 448 383 0 732 894 1231 1018 1297 1469 1378 1319 1470 941 394 981 869 999 1372 1284 804 363 1106 1274 847 549 1154 1509 1141 1253 1130 1167 1452 1001 1087 1094 1130 1237 1203 194 1489 1042 1363 150 982 253
929 562 556 906 0 776 1113 900 1179 1350 1259 1201 1351 822 852 862 750 880 1253 1165 88 726 987 1155 729 371 1035 1390 1022 1134 1012 1049 1333 882 969 975 1011 1118 1084 810 1370 923 1244 785 864 754
917 550 544 894 403 0 385 282 561 615 524 583 616 204 840 244 249 254 518 437 474 713 252 427 228 419 304 655 291 406 277 314 599 147 234 357 276 384 350 798 636 305 509 773 246 742
1255 887 881 1231 740 385 0 462 221 724 633 243 725 420 1177 440 586 425 627 83 811 1051 361 219 565 756 452 764 453 52 204 423 701 318 263 173 385 493 459 1135 745 310 618 1110 514 1079
1041 674 668 1018 527 282 462 0 653 693 602 675 694 328 964 196 260 180 596 515 598 838 330 504 261 543 162 733 149 484 355 391 676 225 311 459 354 461 427 922 713 407 587 897 219 866
1321 953 947 1297 806 561 221 653 0 915 824 220 795 486 1243 631 652 616 818 264 877 1117 552 410 631 822 643 956 644 234 395 614 757 509 454 229 576 684 650 1201 936 366 809 1176 649 1146
1492 1124 1118 1469 977 615 724 693 915 0 217 937 248 773 1415 671 823 655 236 777 1048 1288 436 767 802 993 616 228 617 746 550 478 249 514 507 783 391 287 318 1373 58 731 136 1348 744 1317
1401 1033 1027 1378 886 524 633 602 814 217 0 836 153 682 1324 580 732 564 263 686 957 1197 313 676 711 902 525 401 526 655 459 405 144 423 416 692 317 214 245 1282 195 640 254 1257 653 1226
1547 1180 1173 1524 1032 787 448 880 257 1142 1051 0 1022 713 1470 858 879 842 1045 491 1104 1343 779 636 857 1049 869 1182 870 460 622 840 983 735 681 456 803 910 876 1428 1162 593 1036 1403 875 1372
1493 1125 1119 1470 978 616 713 694 769 248 153 791 0 774 1416 672 824 656 338 756 1049 1289 426 768 803 994 617 385 618 725 551 479 64 515 508 721 391 288 319 1374 226 732 329 1348 745 1318
964 597 590 941 449 204 420 328 486 773 682 508 774 0 887 291 296 309 676 473 521 760 410 462 274 466 461 813 448 442 322 472 756 305 381 282 434 541 507 845 793 231 667 820 292 789
373 319 329 394 678 840 1177 964 1243 1415 1324 1265 1416 887 0 927 815 944 1318 1230 750 155 1052 1220 793 495 1100 1455 1087 1199 1076 1113 1398 947 1033 1039 1076 1183 1149 272 1435 988 1309 320 928 232
1004 636 630 981 489 244 440 196 631 671 580 653 672 291 927 0 245 48 574 493 560 800 308 482 223 505 208 711 195 462 333 369 654 203 289 437 332 439 405 885 691 385 565 859 102 829
892 524 518 869 377 249 586 260 652 823 732 674 824 296 815 245 0 262 726 639 448 688 460 628 107 393 396 863 383 608 485 522 806 355 442 448 484 592 558 773 844 396 717 747 246 717
1022 654 648 999 507 254 425 180 616 655 564 638 656 309 944 48 262 0 558 478 578 818 292 467 241 523 192 696 179 447 317 354 639 187 274 422 316 424 390 903 676 370 549 877 120 847
1395 1027 1021 1372 880 518 627 596 818 236 263 840 338 676 1318 574 726 558 0 680 951 1191 339 670 705 896 519 161 520 649 453 301 328 417 410 686 293 190 221 1276 271 634 130 1250 647 1220
1307 940 933 1284 793 437 83 515 264 777 686 286 778 473 1230 493 639 478 680 0 864 1103 414 271 618 809 505 817 506 78 257 476 744 371 316 216 438 545 511 1188 797 353 671 1163 566 1132
863 496 490 840 311 710 1047 834 1113 1284 1193 1135 1285 756 786 796 684 814 1187 1099 0 660 921 1089 663 305 969 1324 956 1068 946 983 1267 816 903 909 945 1052 1018 744 1304 857 1178 719 798 688
372 200 202 363 552 713 1051 838 1117 1288 1197 1139 1289 760 155 800 688 818 1191 1103 623 0 925 1093 667 369 973 1328 960 1072 950 987 1271 820 907 913 949 1056 1022 267 1308 861 1182 242 801 211
1129 761 755 1106 614 252 361 330 552 436 313 574 426 410 1052 308 460 292 339 414 685 925 0 404 439 630 253 476 254 383 187 134 387 151 144 420 97 204 170 1010 456 368 330 984 381 954
1297 929 923 1274 782 427 219 504 410 767 676 432 768 462 1220 482 628 467 670 271 853 1093 404 0 607 798 494 807 495 240 247 465 750 360 305 362 428 535 501 1178 787 420 661 1152 556 1122
871 503 497 847 356 228 565 261 631 802 711 653 803 274 793 223 107 241 705 618 427 667 439 607 0 372 397 842 384 587 464 501 785 334 421 427 463 571 536 752 823 375 696 726 225 696
573 205 199 549 257 419 756 543 822 993 902 844 994 466 495 505 393 523 896 809 328 369 630 798 372 0 679 1033 666 778 655 692 977 525 612 618 654 762 728 454 1014 567 887 428 507 398
1177 810 803 1154 662 304 452 162 643 616 525 665 617 461 1100 208 396 192 519 505 734 973 253 494 397 679 0 656 48 474 278 314 599 237 234 471 277 384 350 1058 636 419 510 1033 281 1002
1532 1165 1158 1509 1017 655 764 733 956 228 401 978 385 813 1455 711 863 696 161 817 1089 1328 476 807 842 1033 656 0 657 786 590 423 416 554 547 823 431 327 358 1413 262 771 176 1388 784 1357
1164 797 790 1141 649 291 453 149 644 617 526 666 618 448 1087 195 383 179 520 506 721 960 254 495 384 666 48 657 0 475 278 315 600 224 235 458 278 385 351 1045 637 406 511 1020 268 989
1276 909 903 1253 762 406 52 484 234 746 655 256 747 442 1199 462 608 447 649 78 833 1072 383 240 587 778 474 786 475 0 226 445 713 340 285 186 407 514 480 1157 766 322 640 1132 535 1101
1154 786 780 1130 639 277 204 355 395 550 459 417 551 322 1076 333 485 317 453 257 710 950 187 247 464 655 278 590 278 226 0 249 533 175 89 332 211 318 284 1034 570 280 444 1009 406 978
1191 823 817 1167 676 314 423 391 614 478 405 636 479 472 1113 369 522 354 301 476 747 987 134 465 501 692 314 423 315 445 249 0 469 212 205 481 158 246 212 1071 498 430 372 1046 443 1015
1475 1108 1101 1452 960 599 674 676 730 249 144 752 64 756 1398 654 806 639 328 717 1032 1271 387 750 785 977 599 416 600 686 533 469 0 497 490 682 382 278 310 1356 227 714 319 1331 727 1300
1024 656 650 1001 509 147 318 225 509 514 423 531 515 305 947 203 355 187 417 371 580 820 151 360 334 525 237 554 224 340 175 212 497 0 132 315 175 282 248 905 534 263 408 880 276 849
1111 743 737 1087 596 234 263 311 454 507 416 476 508 381 1033 289 442 274 410 316 667 907 144 305 421 612 234 547 235 285 89 205 490 132 0 390 168 275 241 991 527 339 401 966 363 935
1117 749 743 1094 602 357 173 459 229 783 692 251 747 282 1039 437 448 422 686 216 673 913 420 362 427 618 471 823 458 186 332 481 709 315 390 0 444 551 517 998 803 162 677 972 445 942
1153 785 779 1130 638 276 385 354 576 391 317 598 391 434 1076 332 484 316 293 438 709 949 97 428 463 654 277 431 278 407 211 158 382 175 168 444 0 159 125 1034 411 392 285 1009 405 978
1260 893 886 1237 746 384 493 461 684 287 214 706 288 541 1183 439 592 424 190 545 817 1056 204 535 571 762 384 327 385 514 318 246 278 282 275 551 159 0 87 1141 307 499 181 1116 513 1085
1226 859 852 1203 712 350 459 427 650 318 245 672 319 507 1149 405 558 390 221 511 783 1022 170 501 536 728 350 358 351 480 284 212 310 248 241 517 125 87 0 1107 339 465 212 1082 479 1051
217 352 287 194 636 798 1135 922 1201 1373 1282 1223 1374 845 272 885 773 903 1276 1188 708 267 1010 1178 752 454 1058 1413 1045 1157 1034 1071 1356 905 991 998 1034 1141 1107 0 1393 946 1267 73 886 157
1512 1145 1138 1489 998 636 745 713 932 58 195 954 226 793 1435 691 844 676 271 797 1069 1308 456 787 823 1014 636 262 637 766 570 498 227 534 527 803 411 307 339 1393 0 751 170 1368 765 1337
1065 698 691 1042 550 305 310 407 366 731 640 388 732 231 988 385 396 370 634 353 622 861 368 420 375 567 419 771 406 322 280 430 714 263 339 162 392 499 465 946 751 0 625 921 393 890
1386 1018 1012 1363 871 509 618 587 809 136 254 831 329 667 1309 565 717 549 130 671 942 1182 330 661 696 887 510 176 511 640 444 372 319 408 401 677 285 181 212 1267 170 625 0 1241 638 1211
174 327 262 150 611 773 1110 897 1176 1348 1257 1198 1348 820 320 859 747 877 1250 1163 682 242 984 1152 726 428 1033 1388 1020 1132 1009 1046 1331 880 966 972 1009 1116 1082 73 1368 921 1241 0 861 132
1005 638 632 982 491 246 514 219 649 744 653 671 745 292 928 102 246 120 647 566 562 801 381 556 225 507 281 784 268 535 406 443 727 276 363 445 405 513 479 886 765 393 638 861 0 830
276 296 231 253 581 742 1079 866 1146 1317 1226 1168 1318 789 232 829 717 847 1220 1132 652 211 954 1122 696 398 1002 1357 989 1101 978 1015 1300 849 935 942 978 1085 1051 157 1337 890 1211 132 830 0
EOF