NAME : tsp_problem
TYPE : TSP
DIMENSION : 62
EDGE_WEIGHT_TYPE : EXPLICIT
EDGE_WEIGHT_FORMAT : FULL_MATRIX
EDGE_WEIGHT_SECTION
0 771 1371 1157 801 1244 319 820 667 1348 1317 657 266 1630 244 276 825 689 1544 659 1104 1310 271 535 65 682 1217 1284 581 507 403 698 600 983 987 1247 739 264 798 578 1067 1046 841 875 737 827 1358 830 579 1287 271 1350 570 1201 1193 795 1114 897 1406 1043 1368 800
771 0 1359 1145 104 1231 550 252 578 1336 1305 579 649 1621 573 604 813 677 1578 571 1092 1298 549 391 727 214 1205 1272 452 610 464 231 456 970 974 1235 450 647 284 367 1054 1034 170 371 724 313 1346 817 240 1275 535 1338 426 1189 1181 228 1102 884 1394 1031 1356 407
1371 1359 0 240 1389 153 1079 1408 1035 241 210 1026 1178 289 1298 1134 787 795 247 1028 483 185 1275 1015 1327 1270 517 212 950 997 1036 1286 1084 512 516 547 1469 1176 1386 1166 445 445 1429 1463 698 1415 134 592 1167 421 1261 142 979 326 433 1383 493 858 62 573 91 1509
1157 1145 240 0 1175 112 865 1194 820 226 195 811 964 501 1084 920 573 581 459 813 289 189 1060 801 1113 1056 402 163 735 782 822 1072 870 298 302 432 1255 962 1172 952 252 231 1215 1249 484 1201 237 378 953 312 1047 229 765 201 308 1169 299 644 274 358 237 1295
801 104 1389 1175 0 1262 580 231 608 1366 1335 609 679 1651 603 635 843 707 1608 601 1122 1328 579 421 757 244 1235 1302 483 640 494 213 486 1000 1004 1265 466 677 263 397 1084 1064 149 350 754 292 1376 847 270 1305 565 1368 456 1219 1211 207 1132 914 1424 1061 1386 386
1244 1231 153 112 1262 0 952 1280 907 224 193 898 1051 415 1171 1006 659 668 372 900 355 186 1147 887 1200 1142 405 160 822 869 908 1159 957 385 389 435 1341 1049 1258 1038 318 318 1302 1336 571 1288 193 465 1040 309 1133 202 852 199 306 1256 365 731 188 445 150 1382
319 550 1079 865 580 952 0 599 375 1056 1025 365 125 1341 246 81 533 397 1298 367 812 1018 273 253 275 461 925 992 289 215 111 477 318 691 695 955 660 123 577 357 775 754 620 654 445 606 1066 538 358 995 273 1058 288 909 901 574 822 605 1114 751 1076 700
820 252 1408 1194 231 1280 599 0 627 1384 1353 628 698 1669 621 653 862 726 1627 620 1141 1347 598 440 776 253 1253 1321 501 659 513 160 505 1019 1023 1284 384 696 167 416 1103 1083 124 268 773 196 1395 866 287 1323 584 1387 475 1238 1230 78 1151 933 1443 1079 1405 305
667 578 1035 820 608 907 375 627 0 1011 980 170 473 1296 524 429 489 352 1254 30 768 974 501 281 623 489 880 948 245 292 331 506 149 646 650 911 688 471 605 385 730 710 648 682 400 634 1022 493 387 950 487 1013 275 865 857 603 778 560 1069 706 1032 729
1348 1336 241 226 1366 224 1056 1384 1011 0 58 1002 1155 328 1275 1110 763 772 292 1004 362 81 1251 992 1304 1246 320 90 926 973 1012 1263 1061 489 493 351 1446 1153 1363 1143 324 330 1406 1440 675 1392 129 569 1144 225 1238 121 956 205 307 1360 372 835 276 453 179 1486
1317 1305 210 195 1335 193 1025 1353 980 58 0 971 1124 356 1244 1079 732 741 319 973 331 50 1220 961 1273 1215 348 59 895 942 981 1232 1030 458 462 379 1415 1122 1332 1112 293 299 1375 1409 644 1361 98 538 1113 253 1207 90 925 174 281 1329 341 804 245 458 148 1455
657 579 1026 811 609 898 365 628 170 1002 971 0 464 1287 525 420 480 343 1244 163 758 964 502 282 613 490 871 938 236 283 322 507 196 637 641 902 689 462 606 355 721 700 649 684 391 635 1012 484 388 941 488 1004 265 855 847 604 768 551 1060 697 1023 730
266 649 1178 964 679 1051 125 698 473 1155 1124 464 0 1440 194 83 632 496 1397 466 911 1117 221 352 222 560 1024 1091 388 314 210 576 417 789 794 1054 689 26 676 456 874 853 719 753 544 705 1165 637 457 1094 221 1157 387 1008 1000 673 921 704 1213 850 1175 750
1633 1621 289 501 1651 415 1341 1669 1296 328 356 1287 1440 0 1560 1395 1048 1057 108 1289 591 361 1536 1277 1589 1531 514 388 1211 1258 1297 1548 1346 712 707 544 1731 1438 1648 1428 622 628 1691 1725 960 1677 310 854 1429 418 1522 318 1241 487 501 1645 581 1120 292 646 318 1771
244 573 1298 1084 603 1171 246 621 524 1275 1244 525 194 1557 0 204 752 616 1471 517 1031 1237 73 337 200 483 1144 1211 398 434 288 500 402 909 913 1174 666 191 600 380 993 973 643 677 664 629 1285 757 381 1214 73 1277 372 1128 1120 597 1041 823 1333 970 1295 723
276 604 1134 920 635 1006 81 653 429 1110 1079 420 83 1395 204 0 588 452 1353 422 867 1073 231 307 232 515 979 1047 344 269 166 532 373 745 749 1010 699 81 632 411 829 809 675 709 499 661 1121 592 413 1049 231 1113 343 964 956 629 877 659 1169 806 1131 755
1198 1186 961 746 1216 833 906 1235 862 937 906 852 1005 1222 1125 961 0 622 1179 855 694 900 1102 842 1154 1097 806 873 777 823 863 1113 911 572 576 837 1296 1003 1213 993 656 635 1256 1290 525 1242 948 383 994 876 1088 939 806 791 782 1210 704 88 995 632 958 1336
689 677 795 581 707 668 397 726 352 772 741 343 496 1057 616 452 249 0 1014 345 528 734 592 333 645 588 641 708 267 314 354 604 402 406 410 671 787 494 704 484 491 470 747 781 161 733 782 254 485 711 579 774 297 625 617 701 538 321 830 467 792 827
1571 1578 247 459 1608 372 1298 1627 1254 292 319 1244 1397 108 1498 1353 1006 1014 0 1246 555 324 1493 1234 1527 1489 477 351 1168 1215 1255 1505 1303 675 671 508 1656 1395 1605 1385 586 592 1648 1682 917 1634 273 811 1386 382 1480 281 1198 450 464 1602 544 1077 210 610 281 1717
659 571 1028 813 601 900 367 620 30 1004 973 163 466 1289 517 422 482 345 1246 0 761 966 493 274 616 482 873 940 238 285 324 498 142 639 643 904 681 464 598 378 723 702 641 675 393 627 1015 486 380 943 480 1006 268 858 849 595 770 553 1062 699 1025 721
1104 1092 483 289 1122 355 812 1141 768 362 331 758 911 591 1031 867 520 528 555 761 0 324 1008 748 1060 1003 142 298 683 730 769 1019 817 222 217 172 1202 909 1119 899 81 87 1162 1196 431 1148 372 325 900 212 994 364 712 215 207 1116 91 591 518 156 422 1242
1310 1298 185 189 1328 186 1018 1347 974 81 50 964 1117 361 1237 1073 726 734 324 966 324 0 1214 954 1266 1209 373 52 888 935 975 1225 1023 451 455 403 1408 1115 1325 1105 286 293 1368 1402 637 1354 91 531 1106 277 1200 83 918 168 275 1322 334 797 220 451 123 1448
271 549 1275 1060 579 1147 273 598 501 1251 1220 502 221 1536 73 231 729 592 1493 493 1008 1214 0 313 227 460 1120 1187 375 410 264 476 379 886 890 1151 659 219 576 356 970 949 619 653 640 605 1262 733 357 1190 100 1253 349 1105 1097 573 1018 800 1309 946 1272 699
535 391 1015 801 421 887 253 440 281 992 961 282 352 1277 337 307 469 333 1234 274 748 954 313 0 491 302 861 928 108 272 167 318 159 626 630 891 501 350 418 198 710 690 461 495 380 447 1002 473 199 931 300 994 82 845 837 415 758 540 1050 687 1012 541
65 727 1327 1113 757 1200 275 776 623 1304 1273 613 222 1586 200 232 782 645 1500 616 1060 1266 227 491 0 638 1173 1240 538 463 359 654 556 939 943 1203 695 220 754 534 1023 1002 797 831 693 783 1314 786 535 1243 227 1306 526 1157 1149 751 1070 853 1362 999 1325 756
682 214 1270 1056 244 1142 461 253 489 1246 1215 490 560 1531 483 515 724 588 1489 482 1003 1209 460 302 638 0 1115 1183 363 521 375 131 367 881 885 1146 271 558 231 278 965 945 274 265 635 260 1257 728 149 1185 446 1248 337 1100 1092 228 1013 795 1304 941 1267 332
1217 1205 517 402 1235 405 925 1253 880 320 348 871 1024 514 1144 979 632 641 477 873 142 373 1120 861 1173 1115 0 348 795 842 881 1132 930 262 258 65 1315 1022 1232 1012 180 199 1275 1309 544 1261 421 438 1013 134 1107 413 825 243 156 1229 132 704 537 197 455 1355
1284 1272 212 163 1302 160 992 1321 948 90 59 938 1091 388 1211 1047 700 708 351 940 298 52 1187 928 1240 1183 348 0 862 909 949 1199 997 425 429 378 1382 1089 1299 1079 260 267 1342 1376 611 1328 100 505 1080 252 1174 92 892 142 249 1296 308 771 247 425 151 1422
581 452 950 735 483 822 289 501 245 926 895 236 388 1211 398 344 404 267 1168 238 683 888 375 108 538 363 795 862 0 207 228 380 221 561 565 826 562 386 479 259 645 624 523 557 315 509 937 408 261 865 361 928 73 780 771 477 692 475 984 621 947 603
507 610 997 782 640 869 215 659 292 973 942 283 314 1258 434 269 451 314 1215 285 730 935 410 272 463 521 842 909 207 0 171 537 341 608 612 873 720 312 637 417 692 671 680 714 362 666 984 455 418 912 396 975 237 826 818 634 739 522 1031 668 994 760
403 464 1036 822 494 908 111 513 331 1012 981 322 210 1297 288 166 490 354 1255 324 769 975 264 167 359 375 881 949 228 171 0 392 232 647 651 912 574 208 491 271 731 711 534 568 401 520 1023 494 273 951 251 1015 202 866 858 488 779 561 1071 707 1033 614
698 231 1286 1072 213 1159 477 160 506 1263 1232 507 576 1548 500 532 740 604 1505 498 1019 1225 476 318 654 131 1132 1199 380 537 392 0 384 898 902 1162 341 574 138 294 982 961 181 225 652 167 1273 745 166 1202 463 1265 354 1116 1108 135 1029 812 1321 958 1283 261
600 456 1084 870 486 957 318 505 149 1061 1030 196 417 1346 402 373 538 402 1303 142 817 1023 379 159 556 367 930 997 221 341 232 384 0 695 699 960 566 415 483 263 779 759 526 561 450 512 1071 543 265 1000 365 1063 194 914 906 481 827 609 1119 756 1081 607
983 970 512 298 1000 385 691 1019 646 489 458 637 789 712 909 745 398 406 675 639 222 451 886 626 939 881 262 425 561 608 647 898 695 0 107 293 1080 787 997 777 208 187 1040 1074 309 1026 499 203 779 332 872 491 591 342 334 994 212 469 547 86 509 1121
987 974 516 302 1004 389 695 1023 650 493 462 641 794 707 913 749 402 410 671 643 217 455 890 630 943 885 258 429 565 612 651 902 699 107 0 288 1084 791 1001 781 212 191 1044 1078 313 1030 503 207 783 328 876 495 595 346 338 998 207 473 551 82 513 1125
1247 1235 547 432 1265 435 955 1284 911 351 379 902 1054 544 1174 1010 663 671 508 904 172 403 1151 891 1203 1146 65 378 826 873 912 1162 960 293 288 0 1345 1052 1262 1042 210 230 1305 1339 574 1291 451 468 1043 165 1137 443 855 273 187 1259 162 734 567 227 485 1385
712 450 1469 1255 466 1341 660 384 688 1446 1415 689 662 1716 640 672 923 787 1630 681 1202 1408 659 501 669 271 1315 1382 562 720 574 341 566 1080 1084 1345 0 660 308 477 1164 1144 406 241 834 268 1456 927 385 1385 645 1448 536 1299 1291 360 1212 994 1504 1141 1466 124
264 647 1176 962 677 1049 123 696 471 1153 1122 462 26 1438 191 81 630 494 1395 464 909 1115 219 350 220 558 1022 1089 386 312 208 574 415 787 791 1052 687 0 674 454 871 851 717 751 542 703 1163 635 455 1092 219 1155 385 1006 998 671 919 701 1211 848 1173 748
798 284 1386 1172 263 1258 577 167 605 1363 1332 606 676 1648 600 632 840 704 1605 598 1119 1325 576 418 754 231 1232 1299 479 637 491 138 483 997 1001 1262 308 674 0 394 1081 1061 188 224 751 63 1373 844 266 1302 562 1365 453 1216 1208 142 1129 911 1421 1058 1383 229
578 367 1166 952 397 1038 357 416 385 1143 1112 355 456 1428 380 411 620 484 1385 378 899 1105 356 198 534 278 1012 1079 259 417 271 294 263 777 781 1042 477 454 394 0 861 841 437 471 531 423 1153 624 175 1082 342 1145 233 996 988 391 909 691 1201 838 1163 517
1067 1054 445 252 1084 318 775 1103 730 324 293 721 874 622 993 829 482 491 586 723 81 286 970 710 1023 965 180 260 645 692 731 982 779 208 212 210 1164 871 1081 861 0 49 1124 1158 394 1110 335 287 863 250 956 326 675 177 169 1079 90 553 480 194 385 1205
1046 1034 445 231 1064 318 754 1083 710 330 299 700 853 628 973 809 462 470 592 702 87 293 949 690 1002 945 199 267 624 671 711 961 759 187 191 230 1144 851 1061 841 49 0 1104 1138 373 1090 341 267 842 269 936 332 654 184 176 1058 97 533 480 214 391 1184
841 170 1429 1215 149 1302 620 124 648 1406 1375 649 719 1691 643 675 883 747 1648 641 1162 1368 619 461 797 274 1275 1342 523 680 534 181 526 1040 1044 1305 406 717 188 437 1124 1104 0 289 795 217 1416 888 309 1345 606 1408 496 1259 1251 99 1172 954 1464 1101 1426 326
865 371 1463 1249 350 1336 654 268 682 1440 1409 684 753 1725 677 709 917 781 1682 675 1196 1402 653 495 821 265 1309 1376 557 714 568 225 561 1074 1078 1339 241 751 224 471 1158 1138 289 0 829 184 1450 922 352 1379 640 1442 530 1293 1285 243 1206 988 1498 1135 1460 161
1140 1128 903 688 1158 775 848 1177 804 879 848 795 947 1164 1067 903 108 564 1121 797 636 842 1044 784 1096 1039 748 815 719 766 805 1055 853 514 518 779 1238 945 1155 935 598 578 1198 1232 0 1184 890 325 936 818 1030 881 748 733 725 1152 646 179 937 574 900 1278
827 313 1415 1201 292 1288 606 196 634 1392 1361 635 705 1677 629 661 869 733 1634 627 1148 1354 605 447 783 260 1261 1328 509 666 520 167 512 1026 1030 1291 268 703 63 423 1110 1090 217 184 781 0 1402 874 295 1331 592 1394 482 1245 1237 171 1158 940 1450 1087 1412 189
1358 1346 134 237 1376 193 1066 1395 1022 129 98 1012 1165 310 1285 1121 774 782 273 1015 372 91 1262 1002 1314 1257 421 100 937 984 1023 1273 1071 499 503 451 1456 1163 1373 1153 335 341 1416 1450 685 1402 0 579 1154 325 1248 72 966 216 323 1370 382 845 168 499 72 1496
830 817 592 378 847 465 538 866 493 569 538 484 637 854 757 592 245 254 811 486 325 531 733 473 786 728 438 505 408 455 494 745 543 203 207 468 927 635 844 624 287 267 888 922 157 874 579 0 626 508 719 571 438 422 414 842 335 317 627 264 589 968
579 240 1167 953 270 1040 358 287 387 1144 1113 388 457 1429 381 413 622 485 1386 380 900 1106 357 199 535 149 1013 1080 261 418 273 166 265 779 783 1043 385 455 266 175 863 842 309 352 533 295 1154 626 0 1083 344 1146 235 997 989 263 910 693 1202 839 1164 389
1287 1275 421 312 1305 309 995 1323 950 225 253 941 1094 418 1214 1049 702 711 382 943 212 277 1190 931 1243 1185 134 252 865 912 951 1202 1000 332 328 165 1385 1092 1302 1082 250 269 1345 1379 614 1331 325 508 1083 0 1176 317 895 147 121 1299 202 774 441 267 359 1425
271 535 1261 1047 565 1133 273 584 487 1238 1207 488 221 1522 73 231 715 579 1480 480 994 1200 100 300 227 446 1107 1174 361 396 251 463 365 872 876 1137 645 219 562 342 956 936 606 640 626 592 1248 719 344 1176 0 1240 335 1091 1083 560 1004 786 1296 933 1258 686
1350 1338 142 229 1368 202 1058 1387 1013 121 90 1004 1157 318 1277 1113 766 774 281 1006 364 83 1253 994 1306 1248 413 92 928 975 1015 1265 1063 491 495 443 1448 1155 1365 1145 326 332 1408 1442 677 1394 72 571 1146 317 1240 0 958 207 314 1362 374 837 177 491 80 1488
570 426 979 765 456 852 288 475 275 956 925 265 387 1241 372 343 434 297 1198 268 712 918 349 82 526 337 825 892 73 237 202 354 194 591 595 855 536 385 453 233 675 654 496 530 345 482 966 438 235 895 335 958 0 809 801 450 722 505 1014 651 977 577
1201 1189 326 201 1219 199 909 1238 865 205 174 855 1008 487 1128 964 617 625 450 858 215 168 1105 845 1157 1100 243 142 780 826 866 1116 914 342 346 273 1299 1006 1216 996 177 184 1259 1293 528 1245 216 422 997 147 1091 207 809 0 166 1213 225 688 361 342 266 1339
1193 1181 433 308 1211 306 901 1230 857 307 281 847 1000 501 1120 956 609 617 464 849 207 275 1097 837 1149 1092 156 249 771 818 858 1108 906 334 338 187 1291 998 1208 988 169 176 1251 1285 520 1237 323 414 989 121 1083 314 801 166 0 1205 217 680 468 288 373 1331
795 228 1383 1169 207 1256 574 78 603 1360 1329 604 673 1645 597 629 837 701 1602 595 1116 1322 573 415 751 228 1229 1296 477 634 488 135 481 994 998 1259 360 671 142 391 1079 1058 99 243 749 171 1370 842 263 1299 560 1362 450 1213 1205 0 1126 909 1418 1055 1380 280
1114 1102 493 299 1132 365 822 1151 778 372 341 768 921 581 1041 877 530 538 544 770 91 334 1018 758 1070 1013 132 308 692 739 779 1029 827 212 207 162 1212 919 1129 909 90 97 1172 1206 441 1158 382 335 910 202 1004 374 722 225 217 1126 0 601 527 146 432 1252
1132 1120 895 680 1150 767 840 1169 796 871 840 786 939 1156 1059 895 311 556 1113 788 628 833 1036 776 1088 1031 740 807 711 757 797 1047 845 506 510 771 1230 937 1147 927 590 569 1190 1224 459 1176 882 317 928 810 1022 873 740 725 716 1144 637 0 929 566 892 1270
1406 1394 62 274 1424 188 1114 1443 1069 276 245 1060 1213 292 1333 1169 822 830 210 1062 518 220 1309 1050 1362 1304 537 247 984 1031 1071 1321 1119 547 551 567 1504 1211 1421 1201 480 480 1464 1498 733 1450 168 627 1202 441 1296 177 1014 361 468 1418 527 893 0 607 125 1544
1043 1031 573 358 1061 445 751 1079 706 453 458 697 850 646 970 806 459 467 610 699 156 451 946 687 999 941 197 425 621 668 707 958 756 86 82 227 1141 848 1058 838 194 214 1101 1135 370 1087 499 264 839 267 933 491 651 342 288 1055 146 530 607 0 549 1181
1368 1356 91 237 1386 150 1076 1405 1032 179 148 1023 1175 318 1295 1131 784 792 281 1025 422 123 1272 1012 1325 1267 455 151 947 994 1033 1283 1081 509 513 485 1466 1173 1383 1163 385 391 1426 1460 695 1412 72 589 1164 359 1258 80 977 266 373 1380 432 855 125 549 0 1506
774 407 1509 1295 386 1382 700 305 729 1486 1455 730 724 1771 701 734 963 827 1692 721 1242 1448 699 541 730 332 1355 1422 603 760 614 261 607 1121 1125 1385 124 721 229 517 1205 1184 326 161 875 189 1496 968 389 1425 686 1488 577 1339 1331 280 1252 1035 1544 1181 1506 0
EOF