NAME : tsp_problem
TYPE : TSP
DIMENSION : 64
EDGE_WEIGHT_TYPE : EXPLICIT
EDGE_WEIGHT_FORMAT : FULL_MATRIX
EDGE_WEIGHT_SECTION
0 410 536 250 1356 978 298 1708 1032 173 1382 1081 1218 1235 540 1270 1064 1214 539 129 1521 1736 1079 1118 1042 351 326 1539 931 1337 364 976 1247 936 597 314 126 1128 1332 848 1325 358 1164 1439 494 1333 1248 1304 1034 1365 499 1467 1470 1431 487 962 1230 1346 1452 111 441 1322 1171 1391
410 0 295 504 1135 757 209 1487 812 265 1300 861 997 1015 237 1050 844 994 221 333 1300 1516 858 897 821 154 138 1318 710 1117 86 755 1026 715 376 151 405 907 1112 628 1104 81 944 1218 176 1113 1027 1083 813 1145 278 1246 1249 1210 266 741 1009 1125 1231 351 206 1102 950 1171
536 295 0 611 1053 675 363 1406 730 469 1218 779 915 933 88 968 762 912 104 440 1218 1434 776 816 739 345 245 1237 628 1035 236 673 944 633 165 258 609 825 1030 546 1023 284 862 1136 144 1031 945 1001 732 1063 228 1164 1167 1128 216 659 927 1044 1149 458 137 1020 868 1089
250 504 611 0 1556 1179 499 1909 1233 329 1393 1282 1418 1436 615 1471 1265 1415 631 205 1689 1937 1279 1319 1243 450 401 1740 1131 1538 440 1176 1448 1137 726 390 230 1329 1439 1049 1526 496 1365 1621 632 1534 1449 1505 1235 1548 699 1667 1670 1632 688 1162 1431 1528 1653 187 517 1504 1372 1592
1356 1135 1053 1556 0 866 1084 504 508 1300 639 439 281 568 1027 217 478 277 1010 1420 244 516 605 309 492 1197 1245 304 529 143 1194 426 220 824 917 1258 1351 461 594 592 130 1124 497 700 984 138 580 109 499 502 888 263 606 155 899 525 293 608 258 1438 1137 552 362 78
766 545 464 967 854 0 494 1206 530 711 1019 579 716 733 437 768 562 712 421 830 1019 1235 577 616 540 608 656 1037 429 835 605 474 745 434 327 669 761 626 830 346 823 535 662 937 394 831 746 802 532 863 299 965 968 929 309 460 728 844 950 849 548 820 669 889
298 209 363 499 1084 706 0 1436 761 243 1249 810 946 963 304 999 792 943 288 373 1249 1465 807 846 770 150 258 1267 659 1066 269 704 975 664 325 246 294 856 1061 576 1053 157 893 1167 261 1061 976 1032 762 1094 227 1195 1198 1159 215 690 958 1074 1180 382 373 1050 899 1119
1708 1487 1406 1909 504 1219 1436 0 861 1653 819 792 633 921 1379 597 831 630 1363 1772 386 70 957 662 845 1550 1598 285 881 447 1547 778 538 1177 1269 1611 1703 813 864 944 452 1476 850 1046 1336 455 933 462 852 855 1241 342 959 460 1251 878 646 953 325 1791 1490 905 715 516
1032 812 730 1233 508 543 761 861 0 977 558 118 370 272 703 423 223 367 687 1097 673 889 315 225 200 874 922 692 206 490 871 134 399 501 594 935 1027 165 369 269 478 801 201 476 661 486 285 456 193 402 565 619 506 583 576 202 316 383 604 1115 814 359 323 544
173 265 469 329 1300 922 243 1653 977 0 1425 1026 1162 1180 410 1215 1009 1159 394 157 1465 1681 1023 1063 987 206 296 1484 875 1282 325 920 1191 881 541 285 168 1073 1277 793 1270 213 1109 1384 349 1278 1192 1248 979 1310 443 1411 1414 1376 432 906 1175 1291 1397 176 412 1267 1115 1336
1253 1533 1658 1264 1077 1471 1421 1256 997 1296 0 929 1084 778 1632 1118 1151 1081 1615 1333 907 1211 1243 1000 1129 1474 1529 1075 1134 1177 1568 1062 1113 1429 1522 1518 1152 907 657 1197 1164 1480 852 839 1589 1173 791 1143 1121 766 1493 1147 1026 976 1504 1130 961 746 1292 1315 1645 722 1099 1031
1081 861 779 1282 439 592 810 792 118 1026 489 0 301 204 752 354 272 298 736 1146 604 820 364 156 249 923 971 623 255 421 920 183 331 550 643 984 1076 96 301 318 409 850 133 407 710 417 216 388 242 334 614 550 438 515 625 251 248 315 536 1164 863 291 255 475
1218 997 915 1418 281 728 946 633 370 1162 644 301 0 430 889 195 340 45 872 1282 446 662 401 171 354 1059 1107 464 391 263 1056 288 172 686 779 1120 1213 323 456 454 250 986 359 562 846 258 442 229 361 364 750 392 468 356 761 387 155 470 377 1300 999 414 224 316
1235 1015 933 1436 568 746 963 921 272 1180 338 204 430 0 906 483 426 427 890 1300 663 949 517 285 403 1077 1125 752 408 550 1074 337 459 704 796 1138 1230 182 150 472 538 1004 127 256 864 546 65 516 395 183 768 679 443 643 779 405 376 164 664 1318 1017 140 383 604
540 237 88 615 1027 649 304 1379 703 410 1192 752 889 906 0 941 735 885 108 444 1192 1408 750 789 713 299 249 1210 602 1009 240 647 918 607 203 262 550 799 1003 519 996 226 835 1110 86 1004 919 975 705 1036 170 1138 1141 1102 158 633 901 1017 1123 462 141 993 842 1062
1270 1050 968 1471 217 781 999 597 423 1215 681 354 195 483 941 0 393 192 925 1335 286 558 520 224 407 1112 1160 345 444 226 1109 341 135 739 832 1173 1265 376 509 507 214 1039 412 615 899 222 495 192 414 417 803 355 521 196 814 440 208 523 340 1353 1052 467 277 171
1064 844 762 1265 478 575 792 831 223 1009 711 272 340 426 735 393 0 334 719 1128 643 859 196 241 55 906 954 662 237 460 903 166 369 533 625 967 1059 318 523 301 448 833 355 629 692 456 438 426 62 495 597 589 599 553 608 137 353 536 574 1147 846 512 152 514
1214 994 912 1415 277 725 943 630 367 1159 641 298 45 427 885 192 334 0 869 1279 442 658 393 168 348 1056 1104 461 388 259 1053 285 169 683 776 1117 1209 320 453 451 247 983 356 559 843 255 439 226 355 361 747 388 465 353 758 384 152 467 374 1297 996 411 221 313
539 221 104 631 1010 632 288 1363 687 394 1176 736 872 890 108 925 719 869 0 459 1175 1391 733 773 697 283 264 1194 585 992 256 630 902 591 218 277 534 783 987 503 980 210 819 1094 70 988 902 958 689 1020 153 1121 1124 1086 142 616 885 1001 1107 478 156 977 825 1046
129 333 440 205 1420 1042 373 1772 1097 157 1462 1146 1282 1300 444 1335 1128 1279 459 0 1585 1801 1143 1182 1106 278 230 1603 995 1402 268 1040 1311 1000 554 218 227 1192 1397 913 1389 324 1229 1503 461 1397 1312 1368 1098 1430 563 1531 1534 1495 551 1026 1294 1410 1516 66 345 1386 1235 1455
1521 1300 1218 1664 244 1031 1249 386 673 1465 470 604 446 636 1192 286 643 442 1175 1585 0 341 770 474 657 1362 1410 205 694 345 1359 591 385 989 1082 1423 1516 626 515 757 332 1289 662 697 1149 340 649 311 664 624 1053 277 771 143 1064 690 458 604 447 1603 1302 580 527 199
1736 1516 1434 1937 516 1247 1465 70 889 1681 773 820 662 940 1408 558 859 658 1391 1801 341 0 986 690 873 1578 1626 239 910 493 1575 807 584 1205 1298 1639 1731 842 818 973 499 1505 878 1001 1365 502 952 490 880 883 1269 296 987 415 1280 906 674 908 371 1819 1518 884 743 471
1079 858 776 1279 605 589 807 957 315 1023 803 364 401 517 750 520 196 393 733 1143 770 986 0 367 174 920 968 788 252 587 918 258 496 547 640 981 1074 410 615 315 574 847 446 721 707 582 530 553 166 621 611 716 726 680 622 187 479 628 701 1161 861 604 279 640
1118 897 816 1319 309 629 846 662 225 1063 561 156 171 285 789 224 241 168 773 1182 474 690 367 0 255 960 1008 493 291 291 957 188 201 587 679 1021 1113 178 372 354 279 886 214 479 746 287 297 258 262 280 651 420 384 385 661 288 184 386 406 1201 900 330 125 345
1042 821 739 1243 492 552 770 845 200 987 689 249 354 403 713 407 55 348 697 1106 657 873 174 255 0 883 932 676 215 474 881 144 384 511 603 945 1037 296 500 278 462 810 332 607 670 470 416 440 52 509 574 603 613 568 585 115 367 514 589 1125 824 490 167 528
351 154 345 450 1197 819 150 1550 874 206 1362 923 1059 1077 299 1112 906 1056 283 278 1362 1578 920 960 883 0 135 1381 772 1179 173 817 1088 777 438 123 346 969 1174 690 1167 101 1006 1280 238 1175 1089 1145 876 1207 340 1308 1311 1272 328 803 1071 1188 1293 297 250 1164 1012 1233
326 138 245 401 1245 867 258 1598 922 296 1411 971 1107 1125 249 1160 954 1104 264 230 1410 1626 968 1008 932 135 0 1429 820 1227 73 865 1137 826 359 74 423 1018 1222 738 1215 192 1054 1329 287 1223 1137 1194 924 1255 388 1356 1359 1321 377 851 1120 1236 1342 248 151 1212 1061 1281
1539 1318 1237 1740 304 1050 1267 285 692 1484 637 623 464 752 1210 345 662 461 1194 1603 205 239 788 493 676 1381 1429 0 712 326 1378 609 404 1008 1100 1442 1534 644 683 775 314 1307 681 865 1167 322 764 293 683 685 1072 99 790 203 1082 709 477 772 340 1622 1321 736 546 259
931 710 628 1131 529 441 659 881 206 875 694 255 391 408 602 444 237 388 585 995 694 910 252 291 215 772 820 712 0 511 770 149 420 399 492 833 926 301 506 167 498 699 337 612 559 506 421 477 207 539 463 640 643 604 474 135 403 519 625 1013 712 495 344 564
1337 1117 1035 1538 143 848 1066 447 490 1282 739 421 263 550 1009 226 460 259 992 1402 345 493 587 291 474 1179 1227 326 511 0 1176 408 174 806 899 1240 1332 443 576 574 42 1106 479 682 966 48 562 70 481 484 870 254 588 255 881 507 275 590 152 1420 1119 534 344 178
364 86 236 440 1194 817 269 1547 871 325 1360 920 1056 1074 240 1109 903 1053 256 268 1359 1575 918 957 881 173 73 1378 770 1176 0 815 1086 775 351 86 462 967 1171 687 1164 140 1003 1278 236 1172 1087 1143 873 1204 337 1305 1309 1270 326 800 1069 1185 1291 287 142 1161 1010 1230
976 755 673 1176 426 486 704 778 134 920 622 183 288 337 647 341 166 285 630 1040 591 807 258 188 144 817 865 609 149 408 815 0 317 444 537 878 971 230 434 212 395 744 266 541 604 403 349 374 136 442 508 537 547 501 519 145 300 448 522 1058 757 424 241 461
1247 1026 944 1448 220 757 975 538 399 1191 674 331 172 459 918 135 369 169 902 1311 385 584 496 201 384 1088 1137 404 420 174 1086 317 0 715 808 1150 1242 352 485 483 179 1015 388 592 875 182 472 169 391 393 779 331 497 296 790 417 184 499 243 1330 1029 443 253 256
790 569 488 991 878 51 518 1230 554 735 1043 604 740 757 461 793 586 737 445 854 1043 1259 601 640 564 632 680 1061 453 860 629 498 769 0 351 693 785 650 854 370 847 559 686 961 418 855 770 826 556 887 323 989 992 953 333 484 752 868 974 873 572 844 693 913
597 376 165 726 917 539 325 1269 594 541 1082 643 779 796 203 832 625 776 218 554 1082 1298 640 679 603 438 359 1100 492 899 351 537 808 497 0 372 592 689 894 409 886 365 725 1000 225 894 809 865 595 926 129 1028 1031 992 140 523 791 907 1013 573 252 883 732 952
314 151 258 390 1258 880 246 1611 935 285 1424 984 1120 1138 262 1173 967 1117 277 218 1423 1639 981 1021 945 123 74 1442 833 1240 86 878 1150 839 372 0 412 1031 1235 751 1228 198 1067 1342 300 1236 1150 1207 937 1268 401 1369 1372 1334 390 864 1133 1249 1355 237 164 1225 1074 1294
126 405 609 230 1351 973 294 1703 1027 168 1282 1076 1213 1230 550 1265 1059 1209 534 227 1516 1731 1074 1113 1037 346 423 1534 926 1332 462 971 1242 931 592 412 0 1123 1327 843 1320 353 1159 1434 489 1328 1243 1299 1029 1360 494 1462 1465 1426 482 957 1225 1341 1447 209 539 1317 1166 1386
1128 907 825 1329 461 638 856 813 165 1073 467 96 323 182 799 376 318 320 783 1192 626 842 410 178 296 969 1018 644 301 443 967 230 352 597 689 1031 1123 0 279 364 430 896 111 385 756 438 194 409 288 312 661 572 459 536 671 298 269 292 557 1211 910 269 276 496
1332 1112 1030 1411 594 843 1061 890 369 1277 217 301 456 150 1003 509 523 453 987 1397 541 845 615 372 500 1174 1222 709 506 576 1171 434 485 801 894 1235 1299 279 0 569 563 1101 224 211 961 572 162 542 493 137 865 705 397 610 876 502 333 118 690 1415 1114 94 470 630
848 628 546 1049 592 359 576 944 269 793 757 318 454 472 519 507 301 451 503 913 757 973 315 354 278 690 738 775 167 574 687 212 483 317 409 751 843 364 569 0 561 617 401 675 477 570 484 540 271 602 381 703 706 667 392 198 466 583 688 931 630 559 407 628
1325 1104 1023 1526 130 836 1053 452 478 1270 727 409 250 538 996 214 448 247 980 1389 332 499 574 279 462 1167 1215 314 498 42 1164 395 179 794 886 1228 1320 430 563 561 0 1093 467 670 953 38 550 60 469 471 858 241 576 243 868 495 263 577 158 1408 1107 522 332 166
358 81 284 496 1124 746 157 1476 801 213 1289 850 986 1004 226 1039 833 983 210 324 1289 1505 847 886 810 101 192 1307 699 1106 140 744 1015 704 365 198 353 896 1101 617 1093 0 933 1207 165 1102 1016 1072 803 1134 267 1235 1238 1199 255 730 998 1114 1220 343 260 1091 939 1160
1164 944 862 1365 497 675 893 850 201 1109 412 133 359 127 835 412 355 356 819 1229 662 878 446 214 332 1006 1054 681 337 479 1003 266 388 633 725 1067 1159 111 224 401 467 933 0 330 793 475 139 445 325 257 697 608 496 572 708 334 305 238 593 1247 946 214 312 533
1439 1218 1136 1593 700 949 1167 1053 476 1384 399 407 562 256 1110 615 629 559 1094 1503 723 1027 721 479 607 1280 1329 884 612 682 1278 541 592 908 1000 1342 1434 385 211 675 670 1207 330 0 1067 678 269 649 599 244 971 811 504 776 982 609 440 179 797 1522 1221 200 577 736
494 176 144 632 984 606 261 1336 661 349 1149 710 846 864 86 899 692 843 70 461 1149 1365 707 746 670 238 287 1167 559 966 236 604 875 564 225 300 489 756 961 477 953 165 793 1067 0 962 876 932 662 994 127 1095 1098 1059 115 590 858 974 1080 479 197 951 799 1020
1333 1113 1031 1534 138 844 1061 455 486 1278 735 417 258 546 1004 222 456 255 988 1397 340 502 582 287 470 1175 1223 322 506 48 1172 403 182 802 894 1236 1328 438 572 570 38 1102 475 678 962 0 558 66 477 480 866 249 584 251 877 503 271 585 161 1416 1115 530 340 174
1248 1027 945 1449 580 758 976 933 285 1192 351 216 442 65 919 495 438 439 902 1312 675 961 530 297 416 1089 1137 764 421 562 1087 349 472 716 809 1150 1243 194 162 484 550 1016 139 269 876 558 0 529 408 196 780 691 456 656 791 417 389 176 677 1330 1030 152 396 616
1304 1083 1001 1505 109 814 1032 462 456 1248 706 388 229 516 975 192 426 226 958 1368 311 490 553 258 440 1145 1194 293 477 70 1143 374 169 772 865 1207 1299 409 542 540 60 1072 445 649 932 66 529 0 448 450 836 220 554 221 847 473 241 556 186 1386 1086 500 310 145
1034 813 732 1235 499 545 762 852 193 979 681 242 361 395 705 414 62 355 689 1098 664 880 166 262 52 876 924 683 207 481 873 136 391 503 595 937 1029 288 493 271 469 803 325 599 662 477 408 448 0 516 567 610 620 575 577 107 374 506 596 1117 816 482 174 535
1365 1145 1063 1520 502 876 1094 855 402 1310 326 334 364 183 1036 417 495 361 1020 1430 650 883 621 280 509 1207 1255 685 539 484 1204 442 393 834 926 1268 1360 312 137 602 471 1134 257 244 994 480 196 450 516 0 898 613 305 577 909 535 241 151 598 1448 1147 96 379 538
499 278 228 699 888 510 227 1241 565 443 1053 614 750 768 170 803 597 747 153 563 1053 1269 611 651 574 340 388 1072 463 870 337 508 779 468 129 401 494 661 865 381 858 267 697 971 127 866 780 836 567 898 0 999 1002 963 48 494 763 879 984 581 280 855 703 924
1467 1246 1164 1667 263 977 1195 342 619 1411 710 550 392 679 1138 355 589 388 1121 1531 277 296 716 420 603 1308 1356 99 640 254 1305 537 331 935 1028 1369 1462 572 705 703 241 1235 608 811 1095 249 691 220 610 613 999 0 717 275 1010 636 404 719 267 1549 1248 663 473 298
1470 1249 1167 1670 606 980 1198 959 506 1414 586 438 468 443 1141 521 599 465 1124 1534 771 987 726 384 613 1311 1359 790 643 588 1309 547 497 938 1031 1372 1465 459 397 706 576 1238 496 504 1098 584 456 554 620 305 1002 717 0 682 1013 639 346 411 702 1552 1252 356 483 642
1431 1210 1128 1632 155 941 1159 460 583 1376 538 515 356 643 1102 196 553 353 1086 1495 143 415 680 385 568 1272 1321 203 604 255 1270 501 296 899 992 1334 1426 536 583 667 243 1199 572 766 1059 251 656 221 575 577 963 275 682 0 974 601 369 673 370 1514 1213 627 437 109
487 266 216 688 899 521 215 1251 576 432 1064 625 761 779 158 814 608 758 142 551 1064 1280 622 661 585 328 377 1082 474 881 326 519 790 479 140 390 482 671 876 392 868 255 708 982 115 877 791 847 577 909 48 1010 1013 974 0 505 773 889 995 570 269 866 714 935
962 741 659 1162 525 472 690 878 202 906 691 251 387 405 633 440 137 384 616 1026 690 906 187 288 115 803 851 709 135 507 800 145 417 430 523 864 957 298 502 198 495 730 334 609 590 503 417 473 107 535 494 636 639 601 505 0 400 516 622 1044 743 492 257 561
1230 1009 927 1431 293 740 958 646 316 1175 522 248 155 376 901 208 353 152 885 1294 458 674 479 184 367 1071 1120 477 403 275 1069 300 184 699 791 1133 1225 269 333 466 263 998 305 440 858 271 389 241 374 241 763 404 346 369 773 400 0 347 389 1313 1012 291 237 329
1346 1125 1044 1501 608 857 1074 960 383 1291 306 315 470 164 1017 523 536 467 1001 1410 631 934 628 386 514 1188 1236 791 519 590 1185 448 499 815 907 1249 1341 292 118 583 577 1114 238 179 974 585 176 556 506 151 879 719 411 683 889 516 347 0 704 1429 1128 108 484 643
1452 1231 1149 1653 258 962 1180 325 604 1397 855 536 377 664 1123 340 574 374 1107 1516 447 371 701 406 589 1293 1342 340 625 152 1291 522 243 920 1013 1355 1447 557 690 688 158 1220 593 797 1080 161 677 186 596 598 984 267 702 370 995 622 389 704 0 1535 1234 648 458 294
111 351 458 187 1438 1060 382 1791 1115 176 1444 1164 1300 1318 462 1353 1147 1297 478 66 1603 1819 1161 1201 1125 297 248 1622 1013 1420 287 1058 1330 1019 573 237 209 1211 1415 931 1408 343 1247 1522 479 1416 1330 1386 1117 1448 581 1549 1552 1514 570 1044 1313 1429 1535 0 364 1405 1253 1474
441 206 137 517 1137 760 373 1490 814 412 1303 863 999 1017 141 1052 846 996 156 345 1302 1518 861 900 824 250 151 1321 712 1119 142 757 1029 718 252 164 539 910 1114 630 1107 260 946 1221 197 1115 1030 1086 816 1147 280 1248 1252 1213 269 743 1012 1128 1234 364 0 1104 953 1173
1322 1102 1020 1477 552 833 1050 905 359 1267 282 291 414 140 993 467 512 411 977 1386 607 910 604 330 490 1164 1212 736 495 534 1161 424 443 791 883 1225 1317 269 94 559 522 1091 214 200 951 530 152 500 482 96 855 663 356 627 866 492 291 108 648 1405 1104 0 429 588
1171 950 868 1372 362 681 899 715 323 1115 659 255 224 383 842 277 152 221 825 1235 527 743 279 125 167 1012 1061 546 344 344 1010 241 253 639 732 1074 1166 276 470 407 332 939 312 577 799 340 396 310 174 379 703 473 483 437 714 257 237 484 458 1253 953 429 0 398
1391 1171 1089 1592 78 902 1119 516 544 1336 594 475 316 604 1062 171 514 313 1046 1455 199 471 640 345 528 1233 1281 259 564 178 1230 461 256 860 952 1294 1386 496 630 628 166 1160 533 736 1020 174 616 145 535 538 924 298 642 109 935 561 329 643 294 1474 1173 588 398 0
EOF