NAME : tsp_problem
TYPE : TSP
DIMENSION : 86
EDGE_WEIGHT_TYPE : EXPLICIT
EDGE_WEIGHT_FORMAT : FULL_MATRIX
EDGE_WEIGHT_SECTION
0 637 582 476 562 901 201 898 1206 859 1119 774 784 785 1000 988 797 798 1038 1058 973 702 748 893 1186 736 373 312 104 1036 752 615 698 1241 167 939 266 93 368 1011 1117 47 1009 996 606 987 597 581 318 970 1247 761 1144 863 1125 1289 1004 979 1099 630 515 366 422 696 899 720 481 1111 658 552 1200 1068 704 793 279 787 1178 1044 123 636 1172 1127 631 317 773 400
637 0 1135 953 432 481 503 479 786 439 700 354 274 365 580 568 377 378 618 638 553 1044 238 473 766 134 812 752 558 616 242 100 278 821 767 519 705 693 437 591 698 649 589 576 1151 568 177 451 780 551 827 251 724 443 706 869 584 559 679 500 166 839 491 276 375 118 920 691 1203 894 780 648 284 374 720 367 758 624 539 121 752 707 211 359 249 839
582 1135 0 230 1060 1399 664 1397 1672 1357 1618 1272 1282 1283 1498 1486 1295 1296 1518 1538 1452 145 1246 1391 1684 1234 376 454 652 1534 1250 1113 1196 1739 467 1437 518 519 866 1509 1597 567 1507 1494 45 1486 1095 1079 429 1450 1745 1260 1642 1361 1624 1787 1502 1458 1597 1128 1013 378 920 1194 1397 1218 263 1609 97 268 1666 1566 1203 1292 490 1285 1644 1542 671 1134 1342 1625 1129 816 1271 368
476 953 230 0 878 1217 482 1214 1522 1174 1435 1089 1100 1101 1316 1303 1113 1113 1354 1374 1289 302 1064 1209 1502 1052 167 263 545 1352 1068 931 1014 1557 361 1254 331 412 684 1326 1433 461 1324 1311 253 1303 913 897 292 1286 1563 1077 1460 1179 1441 1604 1320 1294 1415 946 830 230 738 1012 1215 1036 94 1426 305 152 1515 1383 1020 1109 347 1103 1494 1360 553 952 1488 1443 946 633 1089 158
495 564 993 811 0 828 361 826 1133 786 1047 701 711 712 927 915 724 725 966 985 900 902 676 820 1113 663 670 610 416 964 679 542 625 1168 625 866 563 551 164 938 1045 507 936 923 1009 915 524 60 638 898 1174 689 1071 790 1053 1216 931 906 1026 226 442 697 218 624 826 647 778 1038 1060 752 1127 995 632 721 578 715 1105 971 397 563 1100 1055 558 245 700 697
901 481 1399 1217 696 0 767 207 515 88 330 202 300 173 309 199 273 274 249 269 253 1308 400 202 495 580 1076 1016 822 345 332 423 248 550 1031 248 969 957 701 320 453 913 318 305 1415 296 404 715 1044 306 556 319 453 172 337 598 313 250 408 764 430 1103 755 315 297 505 1184 420 1466 1158 509 279 244 270 984 154 487 353 803 399 508 436 316 623 371 1103
201 503 664 482 428 767 0 765 1072 725 986 640 650 651 866 854 663 664 904 924 839 573 614 759 1052 602 341 281 122 902 618 481 564 1107 296 805 234 222 234 877 984 213 875 862 680 854 463 447 309 836 1113 627 1010 729 992 1155 870 845 965 496 381 368 288 562 765 586 449 977 732 423 1066 934 570 660 249 653 1044 910 103 502 1038 993 497 184 639 368
898 479 1397 1214 694 207 765 0 388 165 499 302 297 170 217 368 373 374 418 438 422 1305 397 58 331 577 1074 1013 819 182 329 421 246 386 1028 156 966 955 699 156 622 911 154 141 1412 133 401 713 1042 475 392 316 289 169 505 434 149 419 244 762 427 1101 753 415 294 502 1182 256 1464 1155 382 448 241 370 982 151 360 211 800 396 677 273 314 621 368 1101
1206 786 1647 1522 1002 515 1072 388 0 473 807 610 605 478 243 675 681 682 683 703 617 1535 705 402 400 885 1381 1321 1127 293 637 729 554 250 1336 463 1274 1262 1006 313 762 1218 305 282 1662 325 709 1020 1349 615 329 624 371 477 813 452 307 623 272 1069 735 1409 1060 723 602 810 1489 261 1714 1463 57 755 549 677 1289 459 78 223 1108 704 507 181 621 928 676 1408
859 439 1357 1174 654 88 725 165 473 0 380 251 257 131 267 248 323 323 299 318 302 1266 357 159 453 538 1034 973 779 303 289 381 206 508 989 205 927 915 659 277 503 871 275 262 1372 254 361 673 1002 356 514 276 411 130 386 555 271 300 366 722 388 1061 713 364 255 462 1142 377 1424 1116 466 328 202 319 942 111 445 311 760 356 557 394 274 581 328 1061
1119 700 1618 1435 915 330 986 499 807 380 0 407 525 447 601 278 479 479 329 348 332 1526 625 494 787 798 1295 1234 1040 637 557 642 474 842 1249 540 1187 1176 920 611 533 1132 609 596 1633 588 622 934 1262 386 848 544 745 464 73 890 605 330 700 982 648 1322 974 521 564 730 1403 711 1685 1376 801 75 469 475 1203 446 779 645 1021 617 587 728 541 841 596 1322
774 354 1272 1089 569 202 640 302 610 251 407 0 266 189 404 276 133 134 326 346 309 1181 348 296 589 453 949 888 694 440 298 296 215 645 904 342 842 830 574 414 453 786 412 399 1287 391 276 588 917 306 651 285 547 266 413 692 407 314 502 637 303 976 628 175 305 410 1057 514 1339 1031 603 356 210 129 857 191 582 447 675 271 508 531 231 496 337 976
784 274 1282 1100 579 300 650 297 605 257 525 266 0 184 399 393 337 338 444 463 447 1191 128 292 585 362 959 899 705 435 62 209 210 640 914 337 852 840 584 409 648 796 407 394 1298 386 287 598 927 501 646 54 543 262 531 687 403 445 498 647 313 987 638 307 149 270 1067 509 1350 1041 598 473 205 334 867 186 577 443 686 184 703 526 241 506 181 986
785 365 1283 1101 580 173 651 170 478 131 447 189 184 0 272 316 260 260 366 386 370 1192 284 165 458 464 960 900 706 308 216 308 132 513 915 211 853 841 585 282 570 797 280 267 1299 259 288 599 928 423 519 203 416 135 453 561 276 367 371 648 314 987 639 302 223 389 1068 382 1351 1042 472 396 128 256 868 63 450 316 687 283 625 399 200 507 255 987
1000 580 1498 1316 795 309 866 217 243 267 601 404 399 272 0 469 475 475 520 540 523 1407 499 211 428 679 1175 1115 921 278 431 523 348 334 1130 257 1068 1056 800 171 724 1012 250 140 1514 229 503 814 1143 577 413 418 385 271 607 530 164 521 341 863 529 1202 854 517 396 604 1283 345 1566 1257 237 549 343 471 1083 253 215 81 902 498 603 232 415 722 470 1202
988 568 1486 1303 783 199 854 368 675 248 278 276 393 316 469 0 322 274 94 114 97 1381 493 362 655 667 1163 1102 908 505 425 510 342 710 1118 408 1056 1044 788 480 298 1000 478 465 1501 457 490 802 1131 151 716 412 613 332 284 758 473 95 568 851 517 1190 842 389 432 598 1271 580 1553 1245 669 226 337 279 1071 314 647 513 890 485 353 596 410 710 464 1190
797 377 1295 1113 592 273 663 373 681 323 479 133 337 260 475 322 0 79 320 340 254 1204 372 368 661 476 972 912 718 511 369 320 286 716 927 413 865 853 597 485 399 809 483 470 1311 462 300 611 940 252 722 356 619 338 485 763 479 260 574 660 326 1000 651 198 377 434 1080 585 1363 1054 674 427 282 75 880 262 653 519 699 295 453 602 254 519 397 999
798 378 1296 1113 593 274 664 374 682 323 479 134 338 260 475 274 79 0 272 292 206 1205 372 368 661 477 973 912 718 512 370 320 287 716 928 414 866 854 598 486 350 810 484 471 1311 463 300 612 941 203 722 357 619 338 485 764 479 212 574 661 327 1000 652 199 377 435 1081 586 1363 1055 675 428 282 36 881 263 654 519 700 295 405 603 255 520 397 1000
1038 618 1491 1354 834 249 904 418 709 299 329 326 444 366 520 94 320 272 0 69 95 1379 544 413 706 717 1214 1153 959 556 476 561 392 761 1168 458 1106 1095 839 530 296 1051 528 515 1506 507 541 852 1181 149 767 463 664 383 335 808 524 93 619 901 567 1241 892 439 483 649 1322 630 1558 1295 703 277 388 277 1122 365 681 564 940 536 351 647 460 760 515 1240
1058 638 1510 1374 853 269 924 438 729 318 348 346 463 386 540 114 340 292 69 0 115 1399 564 432 725 737 1233 1173 979 576 495 581 412 781 1188 478 1126 1114 858 550 316 1070 548 535 1526 527 561 872 1201 169 786 482 683 402 354 828 543 113 638 921 587 1260 912 459 503 669 1341 650 1577 1315 722 297 408 296 1141 384 701 583 960 556 370 667 480 780 535 1260
973 553 1425 1289 768 253 839 422 644 302 332 309 447 370 523 97 254 206 95 115 0 1313 547 416 709 652 1148 1088 894 559 479 496 396 764 1103 462 1041 1029 773 534 230 985 532 519 1440 511 476 787 1116 83 770 466 667 386 338 812 527 81 622 836 502 1176 827 374 486 610 1256 634 1492 1230 637 280 391 211 1056 368 616 567 875 471 285 650 430 695 518 1175
702 1044 145 302 969 1308 573 1305 1560 1266 1526 1181 1191 1192 1407 1395 1204 1205 1406 1426 1341 0 1155 1300 1593 1143 357 452 663 1443 1159 1022 1105 1648 590 1346 520 641 775 1417 1485 687 1415 1403 161 1394 1004 988 480 1338 1654 1168 1551 1270 1532 1696 1411 1346 1506 1037 922 418 829 1103 1306 1127 243 1518 212 177 1554 1475 1111 1200 536 1194 1532 1451 644 1043 1230 1534 1038 724 1180 348
748 238 1246 1064 544 400 614 397 705 357 625 348 128 284 499 493 372 372 544 564 547 1155 0 392 685 326 923 863 669 535 96 173 272 740 878 437 816 804 548 509 692 761 507 494 1262 486 251 562 891 545 746 106 643 362 631 788 503 545 598 611 277 951 602 271 249 235 1031 609 1314 1005 698 573 279 368 832 286 677 543 650 148 747 626 205 470 197 950
893 473 1391 1209 688 202 759 58 402 159 494 296 292 165 211 362 368 368 413 432 416 1300 392 0 345 572 1068 1007 814 195 324 415 240 400 1023 150 961 949 693 170 617 905 168 155 1406 147 395 707 1036 470 406 311 303 164 500 448 163 414 258 756 422 1095 747 410 289 497 1176 270 1458 1150 396 442 236 364 976 146 374 225 795 390 671 286 308 615 363 1095
1186 766 1684 1502 981 495 1052 331 400 453 787 589 585 458 428 655 661 661 706 725 709 1593 685 345 0 865 1361 1301 1107 205 617 708 533 179 1316 411 1254 1242 986 338 910 1198 217 323 1700 236 688 1000 1329 763 140 604 163 457 793 130 331 707 224 1049 715 1388 1040 703 582 790 1469 236 1751 1443 395 735 529 657 1269 439 428 393 1088 683 856 267 601 908 656 1388
736 134 1234 1052 531 580 602 577 885 538 798 453 362 464 679 667 476 477 717 737 652 1143 326 572 865 0 911 850 657 715 330 199 377 920 866 618 804 792 536 689 796 748 688 675 1250 666 276 550 879 649 926 339 823 527 804 968 683 658 778 599 265 938 590 375 379 122 1019 790 1301 993 879 747 383 472 819 466 857 723 638 220 851 806 310 458 253 938
373 812 376 167 737 1076 341 1074 1381 1034 1295 949 959 960 1175 1163 972 973 1214 1233 1148 357 923 1068 1361 911 0 123 431 1211 927 790 873 1416 313 1114 191 318 543 1186 1293 358 1184 1171 400 1163 772 756 151 1146 1422 937 1319 1038 1301 1464 1179 1154 1274 805 690 89 597 871 1074 895 134 1286 451 207 1375 1243 880 969 206 962 1353 1219 412 811 1347 1302 806 493 948 89
312 752 454 263 677 1016 281 1013 1321 973 1234 888 899 900 1115 1102 912 912 1153 1173 1088 452 863 1007 1301 850 123 0 370 1151 867 730 812 1356 228 1053 130 257 483 1125 1232 297 1123 1110 477 1102 712 696 81 1085 1362 876 1258 977 1240 1403 1118 1093 1214 744 629 150 536 811 1013 834 231 1225 529 302 1314 1182 819 908 146 902 1293 1158 351 751 1287 1242 745 432 888 150
104 558 652 545 483 822 122 819 1127 779 1040 694 705 706 921 908 718 718 959 979 894 663 669 814 1107 657 431 370 0 957 673 536 619 1162 236 859 324 162 289 931 1038 116 929 916 675 908 518 502 387 891 1168 682 1065 784 1046 1209 925 899 1020 551 435 435 343 617 820 641 539 1031 727 513 1120 988 625 714 339 708 1099 965 77 557 1093 1048 551 238 694 458
1036 616 1534 1352 832 345 902 182 293 303 637 440 435 308 278 505 511 512 556 576 559 1443 535 195 205 715 1211 1151 957 0 467 559 384 260 1166 257 1104 1092 836 188 760 1049 67 173 1550 87 539 850 1179 613 266 454 163 307 643 308 181 557 118 899 565 1239 890 553 432 640 1319 129 1602 1293 287 585 379 507 1120 289 320 243 938 534 749 146 451 758 506 1238
752 242 1250 1068 547 332 618 329 637 289 557 298 62 216 431 425 369 370 476 495 479 1159 96 324 617 330 927 867 673 467 0 177 242 672 882 369 820 808 552 441 680 764 439 426 1266 418 255 566 895 533 678 40 575 294 563 719 435 477 530 615 281 954 606 275 181 238 1035 541 1318 1009 630 505 238 366 835 218 609 475 654 152 735 558 209 474 201 954
615 100 1113 931 411 423 481 421 729 381 642 296 209 308 523 510 320 320 561 581 496 1022 173 415 708 199 790 730 536 559 177 0 220 764 745 461 683 671 415 533 640 627 531 518 1129 510 155 429 758 493 769 187 666 385 648 811 526 501 621 478 144 818 469 219 324 183 898 633 1181 872 722 590 227 316 698 310 701 566 517 96 695 650 153 337 198 817
698 278 1196 1014 493 248 564 246 554 206 474 215 210 132 348 342 286 287 392 412 396 1105 272 240 533 377 873 812 619 384 242 220 0 589 828 286 766 754 498 358 597 710 356 343 1211 335 200 512 841 449 594 229 491 210 480 636 351 393 446 561 227 900 552 220 249 335 981 458 1263 955 547 422 52 282 781 135 526 391 600 195 651 475 113 420 281 900
1241 821 1739 1557 1036 550 1107 386 250 508 842 645 640 513 334 710 716 716 761 781 764 1648 740 400 179 920 1416 1356 1162 260 672 764 589 0 1371 479 1309 1297 1041 393 961 1253 272 373 1755 292 744 1055 1384 814 108 659 283 512 848 282 386 762 168 1104 770 1444 1095 758 637 845 1524 157 1807 1498 244 790 584 712 1324 494 277 314 1143 739 706 170 656 963 711 1443
167 767 467 361 692 1031 296 1028 1336 989 1249 904 914 915 1130 1118 927 928 1168 1188 1103 590 878 1023 1316 866 313 228 236 1166 882 745 828 1371 0 1069 191 103 498 1141 1247 152 1139 1126 491 1117 727 711 203 1100 1377 891 1274 993 1255 1419 1134 1109 1229 760 645 251 552 826 1029 850 418 1241 542 476 1330 1198 834 923 163 917 1308 1174 255 766 1302 1257 761 447 903 340
939 519 1437 1254 734 248 805 156 463 205 540 342 337 211 257 408 413 414 458 478 462 1346 437 150 411 618 1114 1053 859 257 369 461 286 479 1069 0 1007 995 739 248 663 951 246 233 1452 225 441 753 1082 515 485 356 315 210 546 432 242 459 337 802 468 1141 793 455 335 543 1222 348 1504 1196 457 488 282 410 1022 192 435 301 841 436 717 365 354 661 409 1141
266 705 518 331 630 969 234 966 1274 927 1187 842 852 853 1068 1056 865 866 1106 1126 1041 520 816 961 1254 804 191 130 324 1104 820 683 766 1309 191 1007 0 210 436 1078 1185 251 1076 1063 541 1055 665 649 159 1038 1315 829 1212 931 1193 1357 1072 1046 1167 698 583 218 490 764 967 788 299 1179 593 370 1268 1136 772 861 99 855 1246 1112 305 704 1240 1195 699 385 841 218
93 693 519 412 618 957 222 955 1262 915 1176 830 840 841 1056 1044 853 854 1095 1114 1029 641 804 949 1242 792 318 257 162 1092 808 671 754 1297 103 995 210 0 424 1067 1174 78 1065 1052 542 1044 653 637 254 1027 1303 818 1200 919 1182 1345 1060 1035 1155 686 571 302 478 752 955 776 426 1167 594 497 1256 1124 761 850 215 843 1234 1100 181 692 1228 1183 687 374 829 345
368 437 866 684 362 701 234 699 1006 659 920 574 584 585 800 788 597 598 839 858 773 775 548 693 986 536 543 483 289 836 552 415 498 1041 498 739 436 424 0 811 918 380 809 796 882 788 397 381 511 771 1047 562 944 663 926 1089 804 779 899 430 315 570 86 496 699 520 651 911 933 625 1000 868 505 594 451 587 978 844 270 436 972 927 431 118 573 570
1011 591 1509 1326 806 320 877 156 313 277 611 414 409 282 171 480 485 486 530 550 534 1417 509 170 338 689 1186 1125 931 188 441 533 358 393 1141 248 1078 1067 811 0 734 1023 160 66 1524 139 513 825 1154 587 399 428 296 281 617 440 44 531 251 874 539 1213 865 527 406 614 1294 262 1576 1268 307 560 353 482 1094 263 285 136 912 508 674 279 426 733 480 1213
1272 852 1724 1588 1068 608 1138 777 943 658 688 608 803 725 879 453 554 505 451 470 385 1612 847 772 1065 951 1448 1387 1193 915 835 795 751 1120 1402 817 1340 1329 1073 889 0 1285 887 874 1740 866 775 1087 1415 337 1126 822 1023 742 694 1167 883 391 978 1135 801 1475 1126 674 842 909 1556 989 1791 1529 936 636 747 510 1356 724 915 923 1174 770 584 1006 730 994 872 1475
47 649 567 461 574 913 213 911 1218 871 1132 786 796 797 1012 1000 809 810 1051 1070 985 687 761 905 1198 748 358 297 116 1049 764 627 710 1253 152 951 251 78 380 1023 1130 0 1021 1008 591 1000 609 593 303 983 1259 774 1156 875 1138 1301 1016 991 1111 642 527 351 434 709 911 732 466 1123 643 537 1212 1080 717 806 264 800 1190 1056 135 648 1185 1140 643 330 785 385
1009 589 1507 1324 804 318 875 154 305 275 609 412 407 280 250 478 483 484 528 548 532 1415 507 168 217 688 1184 1123 929 67 439 531 356 272 1139 246 1076 1065 809 160 732 1021 0 145 1522 92 511 823 1152 585 278 426 175 279 615 320 154 529 130 872 537 1211 863 525 404 612 1292 142 1574 1266 299 558 351 480 1092 261 332 215 910 506 753 158 424 731 478 1211
996 576 1494 1311 791 305 862 141 282 262 596 399 394 267 140 465 470 471 515 535 519 1403 494 155 323 675 1171 1110 916 173 426 518 343 373 1126 233 1063 1052 796 66 719 1008 145 0 1509 124 498 810 1139 572 384 413 281 266 602 425 59 516 236 859 524 1198 850 512 391 599 1279 247 1561 1253 276 545 339 467 1079 248 254 105 897 493 642 264 411 718 465 1198
606 1151 45 253 1076 1415 680 1412 1687 1372 1633 1287 1298 1299 1514 1501 1311 1311 1533 1553 1468 161 1262 1406 1700 1250 400 477 675 1550 1266 1129 1211 1755 491 1452 541 542 882 1524 1612 591 1522 1509 0 1501 1111 1095 452 1465 1761 1275 1658 1376 1639 1802 1518 1473 1613 1144 1028 402 935 1210 1413 1233 286 1624 100 284 1681 1581 1218 1307 513 1301 1659 1558 694 1150 1357 1641 1144 831 1287 391
987 568 1486 1303 783 296 854 133 325 254 588 391 386 259 229 457 462 463 507 527 511 1394 486 147 236 666 1163 1102 908 87 418 510 335 292 1117 225 1055 1044 788 139 711 1000 92 124 1501 0 490 802 1130 564 297 405 194 258 594 339 132 508 149 850 516 1190 842 504 383 591 1271 161 1553 1244 319 537 330 459 1071 240 343 194 889 485 732 178 403 709 457 1190
597 177 1095 913 392 404 463 401 709 361 622 276 287 288 503 490 300 300 541 561 476 1004 251 395 688 276 772 712 518 539 255 155 200 744 727 441 665 653 397 513 620 609 511 498 1111 490 0 411 740 473 749 264 646 365 628 791 506 481 601 460 126 800 451 199 401 260 880 613 1163 854 702 570 207 296 680 290 681 546 499 174 675 630 133 319 276 799
476 545 974 792 60 809 342 807 1114 767 1028 682 692 693 908 896 705 706 946 966 881 883 656 801 1094 644 651 590 397 944 660 523 606 1149 606 847 544 532 145 919 1026 488 917 904 990 896 505 0 619 879 1155 670 1052 771 1034 1197 912 887 1007 245 423 678 199 604 807 628 759 1019 1041 733 1108 976 612 702 559 695 1086 952 378 544 1080 1035 539 226 681 678
318 780 429 292 705 1044 309 1042 1349 1002 1262 917 927 928 1143 1131 940 941 1181 1201 1116 480 891 1036 1329 879 151 81 387 1179 895 758 841 1384 203 1082 159 254 511 1154 1260 303 1152 1139 452 1130 740 724 0 1113 1390 904 1287 1006 1269 1432 1147 1122 1242 773 658 178 565 839 1042 863 259 1254 504 330 1343 1211 847 937 174 930 1321 1187 380 779 1315 1270 774 461 916 178
970 551 1422 1286 766 306 836 475 641 356 386 306 501 423 577 151 252 203 149 169 83 1310 545 470 763 649 1146 1085 891 613 533 493 449 818 1100 515 1038 1027 771 587 182 983 585 572 1438 564 473 785 1113 0 824 520 721 440 392 866 581 89 676 833 499 1173 825 372 540 607 1254 687 1489 1227 634 334 445 208 1054 422 613 621 872 468 282 704 428 692 570 1173
1247 827 1745 1563 1042 556 1113 392 329 514 848 651 646 519 413 716 722 722 767 786 770 1654 746 406 140 926 1422 1362 1168 266 678 769 594 108 1377 485 1315 1303 1047 399 971 1259 278 384 1761 297 749 1061 1390 824 0 665 244 518 854 243 392 768 247 1110 776 1449 1101 764 643 851 1530 236 1812 1504 323 796 590 718 1330 500 356 393 1149 745 785 249 662 969 717 1449
761 251 1260 1077 557 319 627 316 624 276 544 285 54 203 418 412 356 357 463 482 466 1168 106 311 604 339 937 876 682 454 40 187 229 659 891 356 829 818 562 428 667 774 426 413 1275 405 264 576 904 520 665 0 562 281 550 706 422 464 517 624 290 964 616 284 168 248 1045 528 1327 1018 617 492 224 353 845 205 596 462 663 162 722 545 219 483 200 964
1144 724 1642 1460 939 453 1010 289 371 411 745 547 543 416 385 613 619 619 664 683 667 1551 643 303 163 823 1319 1258 1065 163 575 666 491 283 1274 315 1212 1200 944 296 868 1156 175 281 1658 194 646 958 1287 721 244 562 0 415 751 184 289 665 182 1007 673 1346 998 661 540 748 1427 193 1709 1401 366 693 487 615 1227 397 398 351 1046 641 827 225 559 866 614 1346
863 443 1361 1179 658 172 729 169 477 130 464 266 262 135 271 332 338 338 383 402 386 1270 362 164 457 527 1038 977 784 307 294 385 210 512 993 210 931 919 663 281 587 875 279 266 1376 258 365 677 1006 440 518 281 415 0 470 560 275 384 370 726 392 1065 717 380 185 435 1146 381 1428 1120 471 412 206 334 946 116 449 315 765 360 641 398 278 585 301 1065
1125 706 1624 1441 921 337 992 505 813 386 73 413 531 453 607 284 485 485 335 354 338 1532 631 500 793 804 1301 1240 1046 643 563 648 480 848 1255 546 1193 1182 926 617 539 1138 615 602 1639 594 628 940 1269 392 854 550 751 470 0 896 611 336 706 989 654 1328 980 527 570 736 1409 718 1691 1382 807 81 475 481 1209 452 785 651 1027 623 594 734 547 848 602 1328
1289 869 1787 1604 1084 598 1155 434 452 555 890 692 687 561 530 758 763 764 808 828 812 1696 788 448 130 968 1464 1403 1209 308 719 811 636 282 1419 432 1357 1345 1089 440 1013 1301 320 425 1802 339 791 1103 1432 866 243 706 184 560 896 0 434 810 327 1152 818 1491 1143 805 685 893 1572 338 1854 1546 446 838 632 760 1372 542 479 496 1191 786 908 369 704 1011 759 1491
1004 584 1502 1320 799 313 870 149 307 271 605 407 403 276 164 473 479 479 524 543 527 1411 503 163 331 683 1179 1118 925 181 435 526 351 386 1134 242 1072 1060 804 44 728 1016 154 59 1518 132 506 818 1147 581 392 422 289 275 611 434 0 525 244 867 533 1206 858 521 400 608 1287 256 1569 1261 300 553 347 475 1087 257 279 129 906 501 667 272 419 726 474 1206
979 559 1430 1294 774 250 845 419 649 300 330 314 445 367 521 95 260 212 93 113 81 1319 545 414 707 658 1154 1093 899 557 477 501 393 762 1109 459 1046 1035 779 531 236 991 529 516 1446 508 481 793 1122 89 768 464 665 384 336 810 525 0 620 842 507 1181 833 380 484 615 1262 631 1498 1236 643 278 389 216 1062 366 621 565 880 476 290 648 436 701 516 1181
1099 679 1597 1415 894 408 965 244 272 366 700 502 498 371 341 568 574 574 619 638 622 1506 598 258 224 778 1274 1214 1020 118 530 621 446 168 1229 337 1167 1155 899 251 823 1111 130 236 1613 149 601 913 1242 676 247 517 182 370 706 327 244 620 0 962 628 1301 953 616 495 703 1382 38 1664 1356 266 648 442 570 1182 352 299 306 1001 596 728 180 514 821 569 1301
560 630 1059 876 201 894 427 891 1199 851 1112 766 777 778 993 980 790 790 1031 1051 966 967 741 886 1179 729 736 675 481 1029 745 608 691 1234 690 931 628 617 229 1003 1110 573 1001 988 1074 980 590 182 703 963 1240 754 1137 856 1118 1281 997 971 1092 0 507 763 283 689 892 713 844 1103 1126 817 1192 1060 697 786 644 780 1171 1037 462 629 1165 1120 623 310 766 763
515 166 1013 830 310 430 381 427 735 388 648 303 313 314 529 517 326 327 567 587 502 922 277 422 715 265 690 629 435 565 281 144 227 770 645 468 583 571 315 539 646 527 537 524 1028 516 126 329 658 499 776 290 673 392 654 818 533 507 628 378 0 717 369 225 428 249 798 639 1080 772 729 597 233 322 598 316 707 573 417 165 701 656 160 237 302 717
366 839 378 230 765 1103 368 1101 1409 1061 1322 976 987 987 1202 1190 1000 1000 1241 1260 1176 418 951 1095 1388 938 89 150 435 1239 954 818 900 1444 251 1141 218 302 570 1213 1320 351 1211 1198 402 1190 800 783 178 1173 1449 964 1346 1065 1328 1491 1206 1181 1301 832 717 0 624 899 1101 922 197 1313 454 268 1402 1270 907 996 234 990 1381 1246 439 838 1375 1330 833 520 975 116
422 491 920 738 416 755 288 753 1060 713 974 628 638 639 854 842 651 652 892 912 827 829 602 747 1040 590 597 536 343 890 606 469 552 1095 552 793 490 478 86 865 972 434 863 850 935 842 451 435 565 825 1101 616 998 717 980 1143 858 833 953 484 369 624 0 550 753 574 705 965 987 679 1054 922 558 648 505 641 1032 898 324 490 1026 981 485 172 627 624
696 276 1194 1012 492 315 562 415 723 364 521 175 307 302 517 389 198 199 439 459 374 1103 271 410 703 375 871 811 617 553 275 219 220 758 826 455 764 752 496 527 519 709 525 512 1210 504 199 510 839 372 764 284 661 380 527 805 521 380 616 559 225 899 550 0 419 333 979 627 1262 953 716 469 227 195 780 304 695 561 598 194 573 644 153 418 296 898
899 375 1397 1215 694 297 765 294 602 255 564 305 149 223 396 432 377 377 483 503 486 1306 249 289 582 379 1074 1013 820 432 181 324 249 637 1029 335 967 955 699 406 687 911 404 391 1413 383 401 713 1042 540 643 168 540 185 570 685 400 484 495 762 428 1101 753 419 0 287 1182 507 1464 1156 596 512 245 373 982 225 574 440 801 299 742 523 317 621 153 1101
720 118 1218 1036 515 505 586 502 810 462 730 410 270 389 604 598 434 435 649 669 610 1127 235 497 790 122 895 834 641 640 238 183 335 845 850 543 788 776 520 614 754 732 612 599 1233 591 260 534 863 607 851 248 748 435 736 893 608 615 703 583 249 922 574 333 287 0 1003 714 1285 977 803 678 341 430 803 391 782 648 622 204 809 731 268 442 161 922
481 920 263 94 845 1184 449 1182 1489 1142 1403 1057 1067 1068 1283 1271 1080 1081 1322 1341 1256 243 1031 1176 1469 1019 134 231 539 1319 1035 898 981 1524 418 1222 299 426 651 1294 1401 466 1292 1279 286 1271 880 864 259 1254 1530 1045 1427 1146 1409 1572 1287 1262 1382 913 798 197 705 979 1182 1003 0 1394 338 94 1483 1351 988 1077 314 1070 1461 1327 520 919 1440 1410 914 601 1056 126
1111 691 1609 1426 906 420 977 256 261 377 711 514 509 382 345 580 585 586 630 650 634 1518 609 270 236 790 1286 1225 1031 129 541 633 458 157 1241 348 1179 1167 911 262 834 1123 142 247 1624 161 613 925 1254 687 236 528 193 381 718 338 256 631 38 974 639 1313 965 627 507 714 1394 0 1676 1368 255 660 454 582 1194 363 288 317 1012 608 717 181 526 833 580 1313
658 1203 97 305 1128 1466 732 1464 1739 1424 1685 1339 1350 1351 1566 1553 1363 1363 1585 1605 1520 212 1314 1458 1751 1301 451 529 727 1602 1318 1181 1263 1807 542 1504 593 594 933 1576 1664 643 1574 1561 100 1553 1163 1146 504 1517 1812 1327 1709 1428 1691 1854 1569 1525 1664 1195 1080 454 987 1262 1464 1285 338 1676 0 336 1733 1633 1270 1359 565 1353 1711 1609 746 1202 1409 1693 1196 883 1339 443
552 894 268 152 819 1158 423 1155 1463 1116 1376 1031 1041 1042 1257 1245 1054 1055 1295 1315 1230 177 1005 1150 1443 993 207 302 513 1293 1009 872 955 1498 476 1196 370 497 625 1268 1374 537 1266 1253 284 1244 854 838 330 1227 1504 1018 1401 1120 1382 1546 1261 1236 1356 887 772 268 679 953 1156 977 94 1368 336 0 1457 1325 961 1050 386 1044 1435 1301 494 893 1374 1384 888 574 1030 198
1200 780 1640 1515 995 509 1066 382 57 466 801 603 598 472 237 669 674 675 676 696 611 1529 698 396 395 879 1375 1314 1120 287 630 722 547 244 1330 457 1268 1256 1000 307 755 1212 299 276 1656 319 702 1014 1343 608 323 617 366 471 807 446 300 616 266 1063 729 1402 1054 716 596 803 1483 255 1708 1457 0 749 543 671 1283 452 72 217 1101 697 500 175 615 922 669 1402
1068 648 1566 1383 863 279 934 448 755 328 75 356 473 396 549 226 427 428 277 297 280 1475 573 442 735 747 1243 1182 988 585 505 590 422 790 1198 488 1136 1124 868 560 481 1080 558 545 1581 537 570 882 1211 334 796 492 693 412 81 838 553 278 648 931 597 1270 922 469 512 678 1351 660 1633 1325 749 0 417 423 1151 394 727 593 970 565 536 676 490 790 544 1270
704 284 1203 1020 500 244 570 241 549 202 469 210 205 128 343 337 282 282 388 408 391 1111 279 236 529 383 880 819 625 379 238 227 52 584 834 282 772 761 505 353 592 717 351 339 1218 330 207 518 847 445 590 224 487 206 475 632 347 389 442 567 233 907 558 227 245 341 988 454 1270 961 543 417 0 278 788 130 521 387 606 202 647 470 119 426 277 906
793 374 1292 1109 589 270 660 370 677 319 475 129 334 256 471 279 75 36 277 296 211 1200 368 364 657 472 969 908 714 507 366 316 282 712 923 410 861 850 594 482 355 806 480 467 1307 459 296 608 937 208 718 353 615 334 481 760 475 216 570 657 322 996 648 195 373 430 1077 582 1359 1050 671 423 278 0 877 258 649 515 695 291 410 598 251 516 393 996
279 720 490 347 645 984 249 982 1289 942 1203 857 867 868 1083 1071 880 881 1122 1141 1056 536 832 976 1269 819 206 146 339 1120 835 698 781 1324 163 1022 99 215 451 1094 1201 264 1092 1079 513 1071 680 664 174 1054 1330 845 1227 946 1209 1372 1087 1062 1182 713 598 234 505 780 982 803 314 1194 565 386 1283 1151 788 877 0 871 1261 1127 320 719 1255 1211 714 401 856 233
787 367 1285 1103 583 154 653 151 459 111 446 191 186 63 253 314 262 263 365 384 368 1194 286 146 439 466 962 902 708 289 218 310 135 494 917 192 855 843 587 263 569 800 261 248 1301 240 290 601 930 422 500 205 397 116 452 542 257 366 352 650 316 990 641 304 225 391 1070 363 1353 1044 452 394 130 258 871 0 431 297 689 285 623 380 202 509 257 989
1178 758 1619 1494 973 487 1044 360 78 445 779 582 577 450 215 647 653 654 655 675 589 1507 677 374 428 857 1353 1293 1099 320 609 701 526 277 1308 435 1246 1234 978 285 734 1190 332 254 1634 343 681 992 1321 587 356 596 398 449 785 479 279 595 299 1041 707 1381 1032 695 574 782 1461 288 1686 1435 72 727 521 649 1261 431 0 195 1080 676 479 208 593 900 648 1380
1044 624 1542 1360 839 353 910 211 223 311 645 447 443 316 81 513 519 519 564 583 567 1451 543 225 393 723 1219 1158 965 243 475 566 391 314 1174 301 1112 1100 844 136 768 1056 215 105 1558 194 546 858 1187 621 393 462 351 315 651 496 129 565 306 907 573 1246 898 561 440 648 1327 317 1609 1301 217 593 387 515 1127 297 195 0 946 541 584 212 459 766 514 1246
123 539 671 553 464 803 103 800 1108 760 1021 675 686 687 902 890 699 700 940 960 875 644 650 795 1088 638 412 351 77 938 654 517 600 1143 255 841 305 181 270 912 1019 135 910 897 694 889 499 483 380 872 1149 663 1046 765 1027 1191 906 880 1001 532 417 439 324 598 801 622 520 1012 746 494 1101 970 606 695 320 689 1080 946 0 538 1074 1029 533 219 675 439
636 121 1134 952 431 399 502 396 704 356 617 271 184 283 498 485 295 295 536 556 471 1043 148 390 683 220 811 751 557 534 152 96 195 739 766 436 704 692 436 508 615 648 506 493 1150 485 174 450 779 468 745 162 641 360 623 786 501 476 596 499 165 838 490 194 299 204 919 608 1202 893 697 565 202 291 719 285 676 541 538 0 670 625 128 358 173 838
1612 1192 1213 1369 1407 948 1478 1117 944 997 1027 947 1142 1065 1041 792 893 845 790 810 724 1101 1186 1111 1293 1291 1424 1519 1532 1186 1174 1134 1091 1143 1657 1157 1588 1668 1412 1111 869 1624 1190 1080 1228 1169 1114 1426 1548 722 1222 1161 1264 1081 1033 1345 1104 730 1165 1475 1141 1486 1466 1013 1181 1248 1311 1154 1280 1244 938 975 1086 849 1603 1063 916 1021 1513 1109 0 1074 1069 1334 1211 1416
1127 707 1625 1443 923 436 993 273 181 394 728 531 526 399 232 596 602 603 647 667 650 1534 626 286 267 806 1302 1242 1048 146 558 650 475 170 1257 365 1195 1183 927 279 851 1140 158 264 1641 178 630 941 1270 704 249 545 225 398 734 369 272 648 180 990 656 1330 981 644 523 731 1410 181 1693 1384 175 676 470 598 1211 380 208 212 1029 625 637 0 542 849 597 1329
631 211 1129 946 426 316 497 314 621 274 541 231 241 200 415 410 254 255 460 480 430 1038 205 308 601 310 806 745 551 451 209 153 113 656 761 354 699 687 431 426 575 643 424 411 1144 403 133 445 774 428 662 219 559 278 547 704 419 436 514 494 160 833 485 153 317 268 914 526 1196 888 615 490 119 251 714 202 593 459 533 128 629 542 0 353 230 833
317 359 816 633 284 623 184 621 928 581 841 496 506 507 722 710 519 520 760 780 695 724 470 615 908 458 493 432 238 758 474 337 420 963 447 661 385 374 118 733 839 330 731 718 831 709 319 303 461 692 969 483 866 585 848 1011 726 701 821 352 237 520 172 418 621 442 601 833 883 574 922 790 426 516 401 509 900 766 219 358 894 849 353 0 495 520
773 249 1271 1089 568 371 639 368 676 328 596 337 181 255 470 464 397 397 515 535 518 1180 197 363 656 253 948 888 694 506 201 198 281 711 903 409 841 829 573 480 717 785 478 465 1287 457 276 587 916 570 717 200 614 301 602 759 474 516 569 636 302 975 627 296 153 161 1056 580 1339 1030 669 544 277 393 856 257 648 514 675 173 772 597 230 495 0 975
400 839 368 158 764 1103 368 1101 1408 1061 1322 976 986 987 1202 1190 999 1000 1240 1260 1175 348 950 1095 1388 938 89 150 458 1238 954 817 900 1443 340 1141 218 345 570 1213 1320 385 1211 1198 391 1190 799 783 178 1173 1449 964 1346 1065 1328 1491 1206 1181 1301 832 717 116 624 898 1101 922 126 1313 443 198 1402 1270 906 996 233 989 1380 1246 439 838 1374 1329 833 520 975 0
EOF