NAME : tsp_problem
TYPE : TSP
DIMENSION : 20
EDGE_WEIGHT_TYPE : EXPLICIT
EDGE_WEIGHT_FORMAT : FULL_MATRIX
EDGE_WEIGHT_SECTION
0 1121 1124 1069 667 1039 621 767 1110 674 747 655 889 1175 1150 1177 1385 1349 1534 1156
1121 0 922 1775 1373 594 1368 1473 121 1380 1453 493 559 1881 161 1883 1982 1946 2131 180
1124 922 0 1779 1376 390 1371 1476 912 1383 1457 650 481 1884 952 1886 2002 1967 2152 958
1069 1775 1779 0 472 1694 912 724 1764 764 716 1309 1544 296 1805 298 506 470 656 1811
667 1373 1376 472 0 1292 914 746 1362 786 738 907 1141 577 1403 579 787 752 937 1408
1039 594 390 1694 1292 0 1287 1392 583 1299 1372 566 396 1688 624 1690 1722 1686 1872 630
621 1368 1371 912 914 1287 0 272 1357 177 253 902 1136 1018 1398 1020 1227 1192 1377 1403
767 1473 1476 724 746 1392 272 0 1462 124 98 1007 1241 830 1503 832 1040 1004 1189 1508
1110 121 912 1764 1362 583 1357 1462 0 1369 1442 482 548 1870 53 1872 1971 1935 2120 245
674 1380 1383 764 786 1299 177 124 1369 0 105 914 1148 870 1410 872 1080 1044 1229 1415
747 1453 1457 716 738 1372 253 98 1442 105 0 987 1222 821 1483 823 1031 995 1181 1489
655 493 650 1309 907 566 902 1007 482 914 987 0 416 1415 523 1417 1533 1497 1683 529
889 559 481 1544 1141 396 1136 1241 548 1148 1222 416 0 1649 589 1652 1768 1732 1917 595
1175 1881 1884 296 577 1800 1018 830 1870 870 821 1415 1649 0 1911 50 452 416 602 1916
1150 161 952 1805 1403 624 1398 1503 53 1410 1483 523 589 1911 0 1913 2012 1976 2161 286
1177 1883 1886 298 579 1802 1020 832 1872 872 823 1417 1652 50 1913 0 454 419 604 1918
1385 2014 2017 506 787 1933 1227 1040 2003 1080 1031 1548 1783 452 2044 454 0 83 398 2049
1349 1978 1982 470 752 1897 1192 1004 1967 1044 995 1512 1747 416 2008 419 83 0 395 2014
1534 2164 2167 656 937 2083 1377 1189 2153 1229 1181 1698 1932 602 2194 604 398 395 0 2199
1156 180 958 1811 1408 630 1403 1508 245 1415 1489 529 595 1916 286 1918 2017 1982 2167 0
EOF