NAME : tsp_problem
TYPE : TSP
DIMENSION : 26
EDGE_WEIGHT_TYPE : EXPLICIT
EDGE_WEIGHT_FORMAT : FULL_MATRIX
EDGE_WEIGHT_SECTION
0 1583 1230 1158 1124 1096 1641 905 1102 1726 810 1269 870 1573 887 2024 1665 678 1496 1067 719 1104 1081 309 957 1051
1583 0 579 688 1681 1813 901 1457 1659 403 1276 1650 1349 1325 1430 687 108 1342 604 1150 1185 1756 1798 1526 710 1172
1230 579 0 368 1642 1495 664 1104 1620 722 924 1695 996 1370 1078 836 661 989 492 797 832 1404 1480 1174 358 820
1158 688 368 0 1569 1423 528 1032 1548 863 851 1623 924 1298 1005 912 770 917 633 726 760 1331 1408 1102 233 748
1124 1994 1642 1569 0 379 2052 1364 54 2116 783 392 1294 1304 1345 2367 2076 1137 1907 1490 1130 387 364 959 1369 1475
1096 1848 1495 1423 379 0 1905 1255 357 1991 634 524 1147 1271 1228 2289 1930 1109 1760 1344 983 225 63 931 1222 1328
1641 901 664 528 2052 1905 0 1514 2030 1278 1334 2088 1406 1763 1488 1125 983 1399 1112 1208 1242 1814 1890 1584 715 1231
905 1457 1104 1032 1364 1255 1514 0 1342 1600 684 1509 162 1447 117 1898 1539 415 1369 619 346 1164 1240 896 831 604
1102 1973 1620 1548 54 357 2030 1342 0 2094 762 370 1272 1283 1324 2345 2055 1115 1886 1469 1108 365 342 937 1347 1453
1726 403 722 863 2058 1991 1278 1600 2037 0 1420 2028 1492 1703 1573 1064 419 1485 747 1293 1328 1900 1976 1670 854 1316
810 1276 924 851 783 634 1334 684 762 1420 0 928 576 826 657 1717 1358 569 1189 772 412 543 619 686 651 757
1269 2063 1710 1638 392 524 2120 1509 370 2085 928 0 1439 1273 1491 2336 2119 1282 1976 1636 1275 532 509 1104 1437 1620
870 1349 996 924 1294 1147 1406 162 1272 1492 576 1439 0 1339 136 1790 1431 308 1262 512 238 1056 1132 826 723 496
1557 2215 1863 1790 680 812 2273 1798 659 2237 1217 650 1728 0 1779 2488 2271 1571 2128 1924 1564 821 797 1392 1590 1909
887 1430 1078 1005 1345 1228 1488 117 1324 1573 657 1491 136 1420 0 1871 1512 389 1343 593 319 1137 1213 878 805 577
1450 1476 1123 1051 1061 1193 1534 1323 1040 1572 869 1030 1215 705 1297 0 1558 1208 1389 1412 1051 1201 1178 1393 850 1396
1665 108 661 770 1763 1895 983 1539 1742 419 1358 1732 1431 1407 1512 769 0 1424 686 1232 1267 1838 1880 1609 793 1255
678 1342 989 917 1137 1109 1399 415 1115 1485 569 1282 308 1332 389 1783 1424 0 1254 504 230 1049 1094 669 716 489
1496 604 492 633 1907 1760 1112 1369 1886 747 1189 1961 1262 1636 1343 1045 686 1254 0 1063 1098 1669 1745 1439 623 1085
1067 1150 797 726 1490 1344 1208 619 1469 1293 772 1636 512 1536 593 1591 1232 504 1063 0 434 1252 1329 1023 716 88
719 1185 832 760 1130 983 1242 346 1108 1328 412 1275 238 1175 319 1626 1267 230 1098 434 0 892 968 662 559 419
1104 1756 1404 1331 387 225 1814 1164 365 1900 543 532 1056 1179 1137 2197 1838 1049 1669 1252 892 0 210 939 1131 1237
1081 1833 1480 1408 364 63 1890 1240 342 1976 619 509 1132 1256 1213 2274 1915 1094 1745 1329 968 210 0 916 1207 1313
309 1526 1174 1102 959 931 1584 896 937 1670 686 1104 826 1428 878 1967 1609 669 1439 1023 662 939 916 0 901 1007
957 710 358 233 1369 1222 715 831 1347 854 651 1422 723 1097 805 1099 793 716 623 716 559 1131 1207 901 0 738
1051 1172 820 748 1475 1328 1231 604 1453 1316 757 1620 496 1520 577 1614 1255 489 1085 88 419 1237 1313 1007 738 0
EOF