NAME : tsp_problem
TYPE : TSP
DIMENSION : 62
EDGE_WEIGHT_TYPE : EXPLICIT
EDGE_WEIGHT_FORMAT : FULL_MATRIX
EDGE_WEIGHT_SECTION
0 466 1680 1235 793 859 1156 1074 420 841 1032 1176 1558 1389 1399 622 678 627 1600 1358 644 193 682 805 1446 591 566 607 702 1356 999 1069 623 1521 777 915 493 1483 549 1508 1022 1040 1499 1476 586 1455 1509 597 505 432 1819 1395 377 1030 668 951 645 684 856 1109 998 141
466 0 2033 1605 1095 1096 1179 1444 725 1079 1402 1547 1929 1759 1769 444 1049 890 1970 1711 946 291 1053 1176 1817 853 829 910 1073 1727 1370 1440 646 1874 1040 1152 140 1854 371 1879 1393 1411 1852 1847 888 1826 1879 899 127 803 2172 1766 106 1401 970 1189 947 987 1227 1480 1369 446
1695 2066 0 593 2155 2221 1858 1109 1783 2204 1563 977 887 575 1031 2221 1145 1989 667 1418 2007 1792 1154 1032 1079 1953 1928 1970 1126 1102 1550 1287 2123 201 2140 2156 2093 550 2148 575 1577 1236 219 889 1949 522 576 1959 2104 1396 599 582 1977 1566 2030 2193 2008 2047 1352 1326 1553 1652
1235 1605 593 0 1695 1761 1948 570 1322 1743 1095 731 641 195 785 1761 606 1529 421 1171 1546 1332 615 493 832 1493 1468 1510 587 856 1063 1040 1762 434 1680 1817 1632 304 1688 329 1086 990 411 643 1489 276 330 1499 1644 874 732 201 1516 1094 1570 1853 1547 1587 920 1080 1061 1191
793 1095 2140 1695 0 394 1017 1534 814 377 1492 1637 2018 1849 1859 1251 1138 526 2060 1818 281 825 1143 1266 1906 531 507 303 1163 1816 1460 1530 801 1981 482 568 1122 1944 1177 1969 1483 1501 1959 1937 289 1916 1969 300 1134 893 2279 1856 1006 1490 316 605 317 337 1316 1569 1458 683
759 1022 1968 1661 583 0 812 1500 780 323 1458 1603 1984 1815 1825 1177 1104 185 2026 1646 551 791 1108 1232 1872 199 252 514 1129 1782 1425 1496 581 1809 141 397 1048 1909 1104 1934 1449 1466 1787 1902 493 1881 1935 503 1060 859 2107 1822 932 1456 574 433 552 591 1282 1535 1424 649
1015 1038 1756 1794 1193 1048 0 1396 1274 1030 1951 1927 2140 1828 1981 1194 1598 841 1919 1433 1044 840 1602 1556 2029 805 780 1008 1622 2083 1919 1989 422 1597 992 1104 1065 1803 1121 1828 1942 1960 1575 2037 987 1775 1828 997 1077 1352 1895 1834 949 1950 1068 1140 1046 1085 1776 2029 1918 995
1074 1444 1096 570 1534 1600 2052 0 1161 1582 934 703 927 724 757 1600 444 1368 937 773 1385 1171 453 332 805 1332 1307 1349 426 859 902 972 1601 937 1518 1656 1471 820 1527 845 925 942 914 813 1327 792 846 1338 1483 713 1235 731 1355 932 1409 1692 1386 1425 758 1011 900 1030
420 725 1768 1322 814 880 1333 1161 0 863 1005 1264 1646 1476 1486 881 766 648 1687 1445 666 452 770 893 1534 612 587 629 790 1444 973 1043 882 1609 799 936 752 1571 808 1596 996 1128 1586 1564 608 1543 1596 618 764 520 1907 1483 636 1004 689 973 667 706 830 1082 971 311
738 1001 1947 1640 562 320 791 1479 759 0 1437 1582 1963 1794 1804 1156 1083 164 2005 1625 530 770 1087 1211 1851 178 231 493 1108 1761 1405 1475 560 1788 120 376 1027 1888 1083 1914 1428 1445 1766 1882 472 1860 1914 482 1039 838 2086 1801 911 1435 553 412 531 570 1261 1514 1403 628
1032 1402 1563 1095 1492 1558 2010 934 1005 1540 0 968 1350 1249 1190 1558 538 1326 1391 1535 1343 1129 543 666 1238 1290 1265 1307 563 1148 139 300 1559 1404 1476 1614 1429 1275 1485 1300 162 784 1382 1268 1285 1247 1300 1296 1441 671 1702 1256 1313 170 1367 1650 1344 1383 383 532 137 988
1176 1547 977 731 1637 1702 2155 703 1264 1685 968 0 446 713 267 1702 616 1471 680 1304 1488 1274 620 626 314 1434 1410 1451 640 368 954 691 1704 818 1621 1759 1574 688 1629 713 982 304 795 476 1430 660 714 1441 1585 815 1116 720 1458 971 1512 1795 1489 1528 757 573 958 1133
1558 1929 887 641 2018 2084 2242 927 1646 2067 1350 446 0 623 325 2084 962 1852 285 1527 1869 1655 971 850 373 1816 1791 1833 944 266 1336 1073 2085 728 2003 2140 1955 428 2011 453 1363 624 706 174 1812 450 488 1822 1967 1197 1026 630 1839 1352 1893 2177 1870 1910 1138 953 1339 1515
1389 1759 575 195 1849 1915 1930 724 1476 1897 1249 713 623 0 767 1915 759 1683 403 1325 1700 1486 768 647 815 1647 1622 1664 741 838 1217 1023 1916 416 1833 1971 1786 287 1842 312 1240 972 394 626 1642 259 312 1653 1798 1028 714 65 1670 1247 1724 2007 1701 1741 1073 1062 1215 1345
1399 1769 1031 785 1859 1925 2377 757 1486 1907 1190 267 325 767 0 1925 793 1693 560 1358 1710 1496 802 680 74 1657 1632 1674 775 248 1177 913 1926 872 1843 1981 1796 702 1852 727 1204 526 850 356 1652 715 762 1663 1808 1038 1170 774 1680 1193 1734 2017 1711 1751 979 795 1180 1355
622 444 2189 1761 1251 1251 1335 1600 881 1234 1558 1702 2084 1915 1925 0 1204 1045 2126 1867 1102 446 1208 1332 1972 1009 984 1065 1229 1882 1525 1595 802 2030 1196 1308 413 2009 136 2034 1548 1566 2008 2002 1044 1981 2035 1054 426 959 2328 1921 375 1556 1125 1344 1103 1142 1382 1635 1524 601
678 1049 1145 606 1138 1204 1657 444 766 1187 538 616 962 759 793 1204 0 972 973 1045 990 775 121 176 840 936 911 953 142 795 506 576 1205 985 1123 1260 1075 856 1131 881 529 547 963 849 932 828 882 942 1087 317 1284 766 960 537 1013 1297 991 1030 363 616 505 635
627 890 1836 1529 526 285 756 1368 648 267 1326 1471 1852 1683 1693 1045 972 0 1894 1514 419 659 977 1100 1740 143 154 382 997 1650 1294 1364 449 1677 203 341 916 1778 972 1803 1317 1335 1655 1771 361 1750 1803 372 928 727 1975 1690 801 1324 442 377 420 459 1150 1403 1292 517
1600 1970 667 421 2060 2126 2022 937 1687 2108 1391 680 285 403 560 2126 973 1894 0 1538 1911 1697 982 860 607 1858 1833 1875 954 500 1378 1115 2127 508 2045 2182 1997 208 2053 233 1405 858 486 409 1854 230 268 1864 2009 1239 806 410 1881 1394 1935 2218 1912 1952 1180 1154 1381 1556
1590 1961 535 624 2051 2117 1754 1141 1678 2099 1595 1008 919 607 1063 2117 1176 1885 699 0 1902 1688 1185 1064 1110 1849 1824 1865 1158 1133 1582 1318 2019 376 2035 2052 1988 582 2043 607 1609 1268 354 921 1844 554 608 1855 2000 1291 674 613 1872 1598 1926 2088 1903 1942 1384 1358 1585 1547
644 946 1992 1546 281 610 1103 1385 666 593 1343 1488 1869 1700 1710 1102 990 419 1911 1669 0 676 994 1117 1758 382 358 154 1014 1668 1311 1381 652 1832 569 707 973 1795 1029 1820 1334 1352 1810 1788 140 1767 1820 151 985 744 2131 1707 857 1342 120 743 121 141 1168 1420 1309 535
193 291 1777 1332 825 890 981 1171 452 873 1129 1274 1655 1486 1496 446 775 659 1697 1455 676 0 779 903 1543 622 598 639 800 1453 1096 1167 448 1618 809 947 318 1580 373 1605 1120 1137 1596 1573 618 1552 1606 629 329 530 1916 1493 202 1127 700 983 677 716 953 1206 1095 173
682 1053 1154 615 1143 1208 1661 453 770 1191 543 620 971 768 802 1208 121 977 982 1054 994 779 0 185 849 940 916 957 146 800 510 580 1210 995 1127 1264 1080 865 1135 890 533 551 972 858 936 837 891 946 1091 321 1293 775 964 541 1017 1301 995 1034 367 620 509 639
805 1176 1032 493 1266 1332 1784 332 893 1314 666 626 850 647 680 1332 176 1100 860 933 1117 903 185 0 728 1064 1039 1081 158 782 633 704 1333 873 1250 1388 1203 744 1258 769 657 674 851 737 1059 716 769 1070 1215 445 1171 654 1087 664 1141 1424 1118 1157 490 743 632 762
1446 1817 1079 832 1906 1972 2425 805 1534 1955 1238 314 373 815 74 1972 840 1740 607 1405 1758 1543 849 728 0 1704 1679 1721 822 295 1224 961 1974 920 1891 2028 1844 749 1899 775 1251 573 897 403 1700 762 810 1710 1855 1085 1218 822 1728 1241 1781 2065 1759 1798 1027 842 1227 1403
591 853 1800 1493 531 299 770 1332 612 281 1290 1434 1816 1647 1657 1009 936 143 1858 1478 382 622 940 1064 1704 0 117 346 961 1614 1257 1327 413 1641 217 355 880 1741 936 1766 1280 1298 1619 1734 325 1713 1767 335 892 690 1939 1653 764 1288 406 391 383 423 1114 1367 1256 481
566 829 1775 1468 507 352 823 1307 587 334 1265 1410 1791 1622 1632 984 911 154 1833 1453 358 598 916 1039 1679 117 0 321 936 1589 1233 1303 388 1616 270 408 855 1716 911 1742 1256 1273 1594 1710 300 1689 1742 310 867 666 1914 1629 739 1263 381 444 359 398 1089 1342 1231 456
607 910 1955 1510 303 614 1066 1349 629 596 1307 1451 1833 1664 1674 1065 953 382 1875 1633 154 639 957 1081 1721 346 321 0 977 1631 1274 1344 616 1796 533 670 937 1758 992 1783 1297 1315 1774 1751 104 1730 1784 114 948 707 2094 1670 821 1305 189 706 190 210 1131 1384 1273 498
702 1073 1126 587 1163 1229 1681 426 790 1211 563 640 944 741 775 1229 142 997 954 1027 1014 800 146 158 822 961 936 977 0 820 530 600 1230 967 1147 1285 1100 838 1155 863 554 571 945 831 956 810 863 967 1112 341 1265 748 984 561 1038 1321 1015 1054 387 640 529 659
1356 1727 1102 856 1816 1882 2335 859 1444 1865 1148 368 266 838 248 1882 795 1650 500 1459 1668 1453 800 782 295 1614 1589 1631 820 0 1134 871 1884 943 1801 1938 1754 642 1809 667 1161 422 920 296 1610 665 703 1620 1765 995 1241 845 1638 1151 1691 1975 1669 1708 936 751 1137 1313
999 1370 1550 1063 1460 1525 1978 902 973 1508 139 954 1336 1217 1177 1525 506 1294 1378 1502 1311 1096 510 633 1224 1257 1233 1274 530 1134 0 286 1527 1391 1444 1581 1397 1261 1452 1286 129 771 1369 1254 1253 1233 1287 1263 1408 638 1689 1223 1281 137 1334 1618 1312 1351 351 519 105 956
1069 1440 1287 1040 1530 1595 2048 972 1043 1578 300 691 1073 1023 913 1595 576 1364 1115 1572 1381 1167 580 704 961 1327 1303 1344 600 871 286 0 1597 1127 1514 1652 1467 998 1522 1023 313 508 1105 991 1323 970 1024 1334 1478 708 1426 1029 1351 302 1405 1688 1382 1421 282 256 289 1026
623 646 1520 1558 801 655 666 1161 882 638 1559 1691 1904 1592 1746 802 1205 449 1684 1198 652 448 1210 1320 1793 413 388 616 1230 1847 1527 1597 0 1361 599 712 673 1567 729 1592 1550 1568 1339 1802 595 1539 1593 605 685 960 1659 1599 557 1558 676 748 653 693 1384 1636 1525 603
1536 1907 201 434 1996 2062 1699 950 1624 2045 1404 818 728 416 872 2062 985 1830 508 1259 1848 1633 995 873 920 1794 1769 1811 967 943 1391 1127 1964 0 1981 1997 1934 391 1989 416 1418 1077 60 730 1790 363 417 1800 1945 1237 440 423 1818 1407 1871 2034 1849 1888 1193 1167 1394 1493
1144 1407 2354 2047 578 438 1087 1885 1166 421 1843 1988 2370 2200 2210 1563 1490 570 2412 2031 794 1176 1494 1617 2258 584 637 815 1514 2168 1811 1881 966 2195 0 637 1434 2295 1489 2320 1834 1852 2172 2288 802 2267 2321 813 1445 1244 2493 2207 1318 1842 829 674 830 850 1668 1921 1810 1035
915 1152 2099 1817 568 326 493 1656 936 309 1614 1759 2140 1971 1981 1308 1260 341 2182 1776 707 947 1264 1388 2028 355 408 670 1285 1938 1581 1652 712 1940 414 0 1179 2065 1234 2090 1605 1622 1918 2058 649 2037 2091 659 1191 1015 2238 1978 1063 1612 730 58 708 747 1438 1691 1580 805
493 140 2060 1632 1122 1123 1206 1471 752 1105 1429 1574 1955 1786 1796 413 1075 916 1997 1738 973 318 1080 1203 1844 880 855 937 1100 1754 1397 1467 673 1901 1067 1179 0 1881 340 1906 1420 1438 1879 1874 915 1853 1906 926 122 830 2199 1793 139 1428 997 1215 974 1013 1254 1506 1395 473
1483 1854 550 304 1944 2009 1905 820 1571 1992 1275 688 428 287 702 2009 856 1778 208 1421 1795 1580 865 744 749 1741 1716 1758 838 642 1261 998 2011 391 1928 2065 1881 0 1936 111 1289 948 369 551 1737 113 110 1747 1892 1122 689 293 1765 1278 1818 2102 1796 1835 1064 1038 1264 1440
549 371 2116 1688 1177 1178 1262 1527 808 1161 1485 1629 2011 1842 1852 136 1131 972 2053 1793 1029 373 1135 1258 1899 936 911 992 1155 1809 1452 1522 729 1957 1122 1234 340 1936 0 1961 1475 1493 1934 1929 971 1908 1962 981 353 885 2255 1848 302 1483 1052 1271 1030 1069 1309 1562 1451 528
1508 1879 575 329 1969 2034 1930 845 1596 2017 1300 713 453 312 727 2034 881 1803 233 1446 1820 1605 890 769 775 1766 1742 1783 863 667 1286 1023 2036 416 1953 2090 1906 111 1961 0 1314 973 394 576 1762 104 49 1772 1917 1147 714 318 1790 1303 1843 2127 1821 1860 1089 1063 1289 1465
1022 1393 1577 1086 1483 1548 2001 925 996 1531 162 982 1363 1240 1204 1548 529 1317 1405 1525 1334 1120 533 657 1251 1280 1256 1297 554 1161 129 313 1550 1418 1467 1605 1420 1289 1475 1314 0 798 1396 1282 1276 1261 1314 1287 1431 661 1716 1246 1304 160 1358 1641 1335 1374 374 546 128 979
1040 1411 1236 990 1501 1566 2019 942 1128 1549 784 304 624 972 526 1566 547 1335 858 1543 1352 1137 551 674 573 1298 1273 1315 571 422 771 508 1568 1077 1485 1622 1438 948 1493 973 798 0 1055 655 1294 920 973 1304 1449 679 1375 979 1322 787 1375 1659 1353 1392 573 380 774 997
1514 1884 219 411 1974 2040 1677 928 1601 2022 1382 795 706 394 850 2040 963 1808 486 1237 1825 1611 972 851 897 1772 1747 1789 945 920 1369 1105 1942 60 1959 1975 1911 369 1967 394 1396 1055 0 708 1768 341 395 1778 1923 1215 417 400 1795 1385 1849 2011 1826 1866 1171 1145 1372 1470
1476 1847 889 643 1937 2002 2244 813 1564 1985 1268 476 174 626 356 2002 849 1771 409 1414 1788 1573 858 737 403 1734 1710 1751 831 296 1254 991 2004 730 1921 2058 1874 551 1929 576 1282 655 708 0 1730 573 611 1741 1885 1115 1028 632 1758 1271 1811 2095 1789 1828 1057 983 1258 1433
554 856 1902 1456 333 560 1013 1295 576 543 1253 1398 1779 1610 1620 1012 899 329 1821 1579 184 586 904 1027 1668 292 268 148 924 1578 1221 1291 562 1742 479 617 883 1705 939 1730 1244 1262 1720 1698 0 1677 1730 40 895 654 2041 1617 767 1252 219 653 220 240 1078 1330 1219 445
1455 1826 522 276 1916 1981 1877 792 1543 1964 1247 660 450 259 715 1981 828 1750 230 1393 1767 1552 837 716 762 1713 1689 1730 810 665 1233 970 1983 363 1900 2037 1853 113 1908 104 1261 920 341 573 1709 0 70 1719 1864 1094 661 265 1737 1250 1790 2074 1768 1807 1036 1010 1236 1412
1509 1879 576 330 1969 2035 1931 846 1596 2017 1300 714 488 312 762 2035 882 1803 268 1447 1820 1606 891 769 810 1767 1742 1784 863 703 1287 1024 2036 417 1954 2091 1906 110 1962 49 1314 973 395 611 1763 70 0 1773 1918 1148 715 319 1790 1303 1844 2127 1821 1861 1089 1063 1290 1465
538 840 1886 1441 317 545 997 1279 560 527 1237 1382 1764 1594 1604 996 884 313 1806 1563 169 570 888 1011 1652 277 252 132 908 1562 1205 1275 547 1727 463 601 867 1689 923 1714 1228 1246 1704 1682 111 1661 1715 0 879 638 2025 1601 751 1236 204 637 205 225 1062 1315 1204 429
505 127 2072 1644 1134 1134 1218 1483 764 1117 1441 1585 1967 1798 1808 426 1087 928 2009 1749 985 329 1091 1215 1855 892 867 948 1112 1765 1408 1478 685 1913 1078 1191 122 1892 353 1917 1431 1449 1891 1885 927 1864 1918 937 0 841 2211 1804 144 1439 1008 1227 986 1025 1265 1518 1407 484
432 803 1356 874 893 958 1411 713 520 941 671 815 1197 1028 1038 959 317 727 1239 1033 744 530 321 445 1085 690 666 707 341 995 638 708 960 1197 877 1015 830 1122 885 1147 661 679 1174 1115 686 1094 1148 697 841 0 1495 1034 714 669 768 1051 745 784 495 748 637 389
1834 2205 599 732 2294 2360 1997 1248 1922 2343 1702 1116 1026 714 1170 2360 1284 2128 806 1557 2146 1931 1293 1171 1218 2092 2067 2109 1265 1241 1689 1426 2262 440 2279 2295 2232 689 2287 714 1716 1375 417 1028 2088 661 715 2098 2243 1535 0 721 2116 1705 2169 2332 2147 2186 1491 1465 1692 1791
1395 1766 582 201 1856 1921 1937 731 1483 1904 1256 720 630 65 774 1921 766 1690 410 1331 1707 1493 775 654 822 1653 1629 1670 748 845 1223 1029 1923 423 1840 1978 1793 293 1848 318 1246 979 400 632 1649 265 319 1660 1804 1034 721 0 1677 1254 1731 2014 1708 1747 1080 1069 1222 1352
377 106 1944 1516 1006 1007 1090 1355 636 989 1313 1458 1839 1670 1680 375 960 801 1881 1622 857 202 964 1087 1728 764 739 821 984 1638 1281 1351 557 1785 951 1063 139 1765 302 1790 1304 1322 1763 1758 799 1737 1790 810 144 714 2083 1677 0 1312 881 1099 858 897 1138 1390 1279 357
1030 1401 1566 1094 1490 1556 2009 932 1004 1539 170 971 1352 1247 1193 1556 537 1324 1394 1533 1342 1127 541 664 1241 1288 1263 1305 561 1151 137 302 1558 1407 1475 1612 1428 1278 1483 1303 160 787 1385 1271 1284 1250 1303 1294 1439 669 1705 1254 1312 0 1365 1649 1343 1382 381 535 136 987
668 970 2015 1570 316 645 1127 1409 689 627 1367 1512 1893 1724 1734 1125 1013 442 1935 1693 120 700 1017 1141 1781 406 381 189 1038 1691 1334 1405 676 1856 593 730 997 1818 1052 1843 1358 1375 1834 1811 175 1790 1844 186 1008 768 2154 1731 881 1365 0 767 73 93 1191 1444 1333 558
951 1189 2135 1853 605 363 529 1692 973 345 1650 1795 2177 2007 2017 1344 1297 377 2218 1813 743 983 1301 1424 2065 391 444 706 1321 1975 1618 1688 748 1976 451 58 1215 2102 1271 2127 1641 1659 1954 2095 685 2074 2127 696 1227 1051 2274 2014 1099 1649 767 0 744 783 1475 1727 1616 842
645 947 1993 1547 317 646 1104 1386 667 629 1344 1489 1870 1701 1711 1103 991 420 1912 1670 121 677 995 1118 1759 383 359 190 1015 1669 1312 1382 653 1834 570 708 974 1796 1030 1821 1335 1353 1811 1789 177 1768 1821 187 986 745 2132 1708 858 1343 73 744 0 90 1169 1421 1310 536
684 987 2032 1587 337 666 1143 1425 706 648 1383 1528 1910 1741 1751 1142 1030 459 1952 1709 141 716 1034 1157 1798 423 398 210 1054 1708 1351 1421 693 1873 609 747 1013 1835 1069 1860 1374 1392 1851 1828 196 1807 1861 207 1025 784 2171 1747 897 1382 93 783 90 0 1208 1461 1350 575
856 1227 1352 920 1316 1382 1835 758 830 1365 383 757 1138 1073 979 1382 363 1150 1180 1359 1168 953 367 490 1027 1114 1089 1131 387 936 351 282 1384 1193 1301 1438 1254 1064 1309 1089 374 573 1171 1057 1110 1036 1089 1120 1265 495 1491 1080 1138 381 1191 1475 1169 1208 0 321 349 813
1109 1480 1326 1080 1569 1635 2088 1011 1082 1617 532 573 953 1062 795 1635 616 1403 1154 1612 1420 1206 620 743 842 1367 1342 1384 640 751 519 256 1636 1167 1554 1691 1506 1038 1562 1063 546 380 1145 983 1363 1010 1063 1373 1518 748 1465 1069 1390 535 1444 1727 1421 1461 321 0 522 1065
998 1369 1553 1061 1458 1524 1977 900 971 1506 137 958 1339 1215 1180 1524 505 1292 1381 1501 1309 1095 509 632 1227 1256 1231 1273 529 1137 105 289 1525 1394 1443 1580 1395 1264 1451 1289 128 774 1372 1258 1252 1236 1290 1262 1407 637 1692 1222 1279 136 1333 1616 1310 1350 349 522 0 954
141 446 1637 1191 683 749 1136 1030 311 732 988 1133 1515 1345 1355 601 635 517 1556 1314 535 173 639 762 1403 481 456 498 659 1313 956 1026 603 1478 668 805 473 1440 528 1465 979 997 1455 1433 477 1412 1465 487 484 389 1776 1352 357 987 558 842 536 575 813 1065 954 0
EOF