NAME : tsp_problem
TYPE : TSP
DIMENSION : 28
EDGE_WEIGHT_TYPE : EXPLICIT
EDGE_WEIGHT_FORMAT : FULL_MATRIX
EDGE_WEIGHT_SECTION
0 296 2245 1670 2011 2257 1514 1573 1331 101 1653 2044 1814 1933 754 1999 482 1332 1695 328 513 2084 485 1599 2253 1334 733 1463
296 0 1965 1454 1794 1976 1298 1357 1115 303 1436 1764 1533 1717 538 1783 344 1116 1479 84 375 1803 269 1383 1972 1118 452 1246
2302 2207 0 908 937 78 1628 997 1818 2252 917 544 1551 633 1909 699 2472 1827 1296 2239 2503 584 2068 1679 102 1818 2244 1687
1670 1454 908 0 419 920 798 281 988 1677 370 531 1011 461 1156 527 1719 998 580 1486 1750 571 1315 883 916 988 1586 857
2011 1794 937 419 0 949 1138 508 1328 2018 712 560 1353 489 1496 555 2059 1338 608 1826 2090 600 1655 1190 945 1329 1927 1197
2314 2219 78 920 949 0 1640 1009 1829 2264 929 556 1563 645 1921 711 2484 1839 1308 2251 2515 596 2080 1691 88 1830 2256 1698
1514 1298 1628 798 1138 1640 0 701 498 1521 780 1251 1422 1061 999 1127 1563 508 823 1330 1594 1290 1158 128 1635 499 1430 367
1573 1357 997 281 508 1009 701 0 891 1580 574 620 1215 549 1059 615 1622 901 391 1389 1653 660 1218 753 1005 891 1489 760
1331 1115 1818 988 1328 1829 498 891 0 1338 970 1441 1611 1250 817 1316 1380 93 1012 1147 1411 1480 976 583 1825 94 1248 179
101 303 2213 1677 2018 2225 1521 1580 1338 0 1660 2012 1782 1940 761 2006 489 1339 1702 335 520 2052 492 1606 2221 1341 740 1470
1653 1436 917 370 712 929 780 574 970 1660 0 540 993 335 1138 401 1701 980 873 1469 1732 579 1297 866 924 971 1569 839
2101 1907 544 531 560 556 1251 620 1441 2051 540 0 1350 256 1609 322 2172 1450 919 1939 2203 68 1768 1302 552 1441 2039 1310
2089 1994 668 831 860 680 1551 920 1740 2039 840 467 0 556 1695 622 2259 1750 1219 2026 2290 507 1854 1602 676 1741 2030 1609
1933 1717 633 461 489 645 1061 549 1250 1940 335 256 1273 0 1418 117 1982 1260 848 1749 2013 295 1577 1146 640 1251 1849 1119
754 538 1894 1156 1496 1906 999 1059 817 761 1138 1609 1463 1418 0 1484 803 818 1180 570 834 1648 399 1085 1901 820 547 948
1999 1783 699 527 555 711 1127 615 1316 2006 401 322 1339 117 1484 0 2048 1326 914 1815 2079 361 1643 1212 706 1317 1915 1185
482 344 2294 1719 2059 2305 1563 1622 1380 489 1701 2093 1862 1982 803 2048 0 1381 1744 377 183 2132 534 1648 2301 1383 782 1511
1332 1116 1827 998 1338 1839 508 901 93 1339 980 1450 1621 1260 818 1326 1381 0 1022 1148 1412 1490 977 593 1835 96 1249 189
1695 1479 1296 580 608 1308 823 391 1012 1702 873 919 1514 848 1180 914 1744 1022 0 1511 1775 959 1339 874 1304 1013 1611 881
328 84 1967 1486 1826 1979 1330 1389 1147 335 1469 1766 1536 1749 570 1815 377 1148 1511 0 407 1805 301 1415 1974 1150 455 1279
513 375 2325 1750 2090 2336 1594 1653 1411 520 1732 2124 1893 2013 834 2079 183 1412 1775 407 0 2163 565 1679 2332 1414 813 1542
2141 1946 584 571 600 596 1290 660 1480 2091 579 68 1390 295 1648 361 2211 1490 959 1979 2242 0 1807 1342 591 1481 2079 1349
485 269 1829 1315 1655 1841 1158 1218 976 492 1297 1628 1398 1577 399 1643 534 977 1339 301 565 1668 0 1244 1837 979 317 1107
1599 1383 1679 883 1190 1691 128 753 583 1606 866 1302 1507 1146 1085 1212 1648 593 874 1415 1679 1342 1244 0 1687 584 1515 452
2310 2215 102 916 945 88 1635 1005 1825 2260 924 552 1559 640 1916 706 2480 1835 1304 2247 2511 591 2076 1687 0 1826 2251 1694
1334 1118 1818 988 1329 1830 499 891 94 1341 971 1441 1612 1251 820 1317 1383 96 1013 1150 1414 1481 979 584 1826 0 1250 180
733 452 1641 1386 1729 1653 1430 1489 1248 740 1369 1440 1210 1529 547 1595 782 1249 1611 455 813 1480 317 1515 1649 1250 0 1379
1463 1246 1687 857 1197 1698 367 760 179 1470 839 1310 1480 1119 948 1185 1511 189 881 1279 1542 1349 1107 452 1694 180 1379 0
EOF