NAME : tsp_problem
TYPE : TSP
DIMENSION : 88
EDGE_WEIGHT_TYPE : EXPLICIT
EDGE_WEIGHT_FORMAT : FULL_MATRIX
EDGE_WEIGHT_SECTION
0 1182 1027 706 1043 890 1273 504 774 922 269 1057 368 1342 882 836 520 699 589 1379 429 699 709 373 482 959 480 556 436 923 925 1235 1005 1603 935 728 898 920 1392 395 553 1332 530 712 1330 1271 241 861 1306 903 1533 1228 897 804 1142 1434 1308 896 943 1478 1501 756 932 921 906 1253 1302 1474 930 251 1485 872 854 1478 831 1255 1617 877 354 1268 1720 287 236 1412 1303 700 910 1397
1182 0 312 1553 185 554 1998 1025 784 586 1011 342 1330 2067 1695 500 1041 1512 797 2104 949 913 946 880 1153 1684 1148 1397 1238 587 589 1961 669 2207 599 895 1623 584 1337 854 1355 2058 794 1559 2056 1996 1043 525 2032 567 2087 513 1710 832 427 2159 160 1621 607 1424 2127 1569 1657 425 410 1979 2027 1420 594 1229 2210 536 518 2203 495 1980 2067 774 1156 1993 2277 1263 1014 2138 2028 951 415 2122
1027 312 0 1399 174 400 1844 870 630 431 857 111 1175 1913 1540 345 886 1357 643 1950 795 759 791 725 998 1529 994 1242 1084 433 435 1806 514 2053 444 741 1469 429 1183 699 1201 1903 639 1405 1901 1842 889 370 1877 412 1933 263 1556 678 177 2005 438 1467 452 1269 1972 1415 1502 271 256 1824 1873 1265 440 1074 2056 382 364 2048 341 1826 1912 620 1002 1839 2123 1109 860 1983 1874 797 260 1968
706 1553 1399 0 1415 1122 1299 1167 1146 1224 677 1428 519 1368 585 1207 1183 139 891 1405 1091 725 735 744 508 984 506 287 414 1225 1227 1261 1156 1629 1237 1256 924 1222 1418 1017 579 1358 957 102 1356 1297 904 1163 1332 1105 1559 1599 600 830 1514 1460 1680 922 1145 1504 1527 460 958 1292 1277 1279 1328 1500 1232 916 1511 1174 1226 1503 1199 1281 1643 903 485 1294 1746 952 898 1438 1329 1313 1282 1423
1043 185 174 1415 0 416 1859 886 646 447 873 203 1191 1928 1556 361 902 1373 659 1966 810 775 807 741 1014 1545 1009 1258 1099 449 450 1822 530 2069 460 756 1485 445 1199 715 1216 1919 655 1421 1917 1858 905 386 1893 428 1949 374 1571 694 288 2021 311 1483 468 1285 1988 1430 1518 287 272 1840 1889 1281 455 1090 2071 398 380 2064 357 1842 1928 636 1017 1855 2139 1124 876 1999 1890 813 276 1983
890 554 400 1122 416 0 1593 733 493 160 720 429 1038 1662 1213 156 749 1031 506 1700 657 452 462 588 669 1279 665 916 757 161 163 1556 172 1924 145 603 1219 157 1145 562 874 1653 502 1117 1651 1591 752 99 1627 70 1854 600 1229 336 515 1755 680 1217 110 1232 1821 1088 1252 293 278 1574 1623 1228 168 937 1805 110 227 1798 134 1576 1937 278 780 1589 2041 971 723 1733 1623 660 283 1717
1273 1983 1829 1299 1844 1593 0 1688 1667 1695 1198 1858 1408 932 1033 1692 1704 1207 1363 518 1612 1196 1206 1265 980 551 977 1092 933 1697 1698 826 1628 742 1708 1778 638 1693 1573 1538 831 923 1479 1294 233 290 1425 1634 896 1577 673 2029 1024 1301 1943 1024 2109 425 1617 1659 640 1155 606 1813 1799 67 892 1655 1703 1437 624 1646 1747 1068 1670 845 756 1374 957 858 859 1473 1420 551 893 1834 1803 536
504 1025 870 1167 886 733 1688 0 421 765 521 900 785 1757 1308 679 142 1125 432 1794 124 548 581 515 788 1374 783 1010 851 766 768 1651 848 2018 777 372 1313 762 1264 191 968 1748 327 1173 1746 1686 320 704 1722 746 1948 1071 1323 675 985 1849 1151 1311 786 1350 1916 1182 1347 764 749 1669 1717 1346 773 461 1900 715 697 1893 674 1671 2032 749 769 1684 2135 396 291 1828 1718 343 753 1812
774 784 630 1146 646 493 1667 421 0 524 604 659 922 1736 1287 438 436 1104 390 1773 418 506 538 472 745 1353 741 989 830 526 527 1630 607 1997 537 305 1292 522 1221 446 947 1727 386 1152 1725 1665 614 463 1701 505 1927 830 1302 633 745 1828 911 1290 545 1308 1895 1162 1326 523 508 1648 1697 1303 532 594 1879 475 457 1872 434 1650 2011 706 749 1663 2114 529 585 1807 1697 277 513 1791
922 586 431 1224 447 160 1695 765 524 0 751 461 1070 1764 1315 188 781 1133 537 1802 689 554 564 620 771 1381 767 1017 859 103 113 1658 274 2026 78 635 1321 94 1247 594 976 1755 534 1219 1753 1693 783 130 1729 172 1956 632 1331 438 546 1857 712 1319 212 1334 1923 1190 1354 325 310 1676 1725 1329 111 969 1907 125 258 1900 166 1678 2039 380 882 1691 2143 1003 754 1835 1725 691 314 1819
269 1011 857 677 873 720 1198 521 604 751 0 886 453 1267 818 665 537 636 419 1305 445 535 567 202 340 884 338 520 362 753 755 1161 834 1529 764 715 824 749 1250 411 479 1258 415 683 1256 1196 258 690 1232 732 1459 1057 834 662 972 1360 1138 822 772 1336 1426 693 857 750 735 1179 1228 1332 760 270 1410 702 684 1403 661 1181 1542 735 280 1194 1646 306 253 1338 1228 718 740 1322
1057 342 111 1428 203 429 1873 900 659 461 886 0 1205 1942 1570 375 916 1387 672 1979 824 788 821 755 1028 1559 1023 1272 1113 462 464 1836 544 2082 474 770 1498 459 1213 729 1230 1933 669 1434 1931 1871 918 400 1907 442 1962 217 1585 707 131 2034 468 1496 482 1299 2002 1444 1532 300 285 1854 1902 1295 469 1104 2085 411 393 2078 370 1855 1942 649 1031 1869 2152 1138 889 2013 1903 826 290 1997
368 1330 1175 519 1191 1038 1408 785 922 1070 453 1205 0 1477 695 984 801 512 737 1515 709 834 845 520 618 1094 616 369 523 1071 1073 1371 1153 1739 1082 1009 1034 1067 1528 675 689 1468 734 525 1466 1406 522 1009 1442 1051 1669 1376 710 939 1290 1570 1456 1032 1090 1614 1636 569 1067 1068 1054 1389 1438 1610 1078 532 1620 1020 1002 1613 979 1391 1752 1012 502 1404 1856 568 517 1548 1438 980 1058 1532
1342 2035 1880 1368 1896 1662 932 1757 1736 1764 1267 1910 1477 0 1103 1761 1773 1276 1432 739 1681 1265 1275 1334 1049 420 1046 1161 1002 1766 1767 127 1697 1197 1777 1847 470 1762 1625 1608 900 83 1548 1363 990 930 1494 1703 49 1646 676 2081 1094 1370 1995 320 2161 558 1686 1711 644 1224 438 1883 1868 912 97 1707 1772 1506 1079 1715 1816 364 1739 107 977 1443 1026 92 863 1542 1489 773 98 1903 1872 897
882 1695 1540 585 1556 1213 1033 1308 1287 1315 818 1570 695 1103 0 1312 1324 494 983 1139 1232 816 826 885 600 719 597 379 505 1317 1318 996 1248 1363 1328 1398 806 1313 1509 1159 671 1093 1099 581 1091 1031 1045 1254 1067 1197 1293 1741 102 921 1655 1195 1821 656 1237 1596 1261 174 774 1434 1419 1013 1063 1592 1323 1057 1245 1266 1367 1238 1290 1016 1377 994 577 1029 1480 1093 1040 1172 1064 1454 1423 1157
836 500 345 1207 361 156 1692 679 438 188 665 375 984 1761 1312 0 695 1129 451 1798 603 551 561 534 768 1378 763 1014 855 189 191 1655 271 2022 201 549 1317 186 1244 508 972 1752 448 1213 1750 1690 697 127 1725 169 1952 546 1327 435 460 1853 626 1315 209 1330 1920 1186 1351 239 224 1672 1721 1326 196 883 1904 138 172 1897 97 1674 2036 376 810 1687 2139 917 668 1831 1722 605 228 1816
520 1041 886 1183 902 749 1704 142 436 781 537 916 801 1773 1324 695 0 1141 448 1810 140 564 597 531 804 1390 799 1026 867 782 784 1667 864 2034 793 387 1329 778 1280 207 984 1764 343 1189 1762 1702 335 720 1738 762 1964 1087 1339 691 1001 1865 1167 1327 801 1366 1932 1198 1363 779 765 1685 1733 1362 789 477 1916 731 713 1909 690 1686 2048 765 785 1700 2151 412 306 1844 1734 359 769 1828
699 1512 1357 139 1373 1031 1207 1125 1104 1133 636 1387 512 1276 494 1129 1141 0 800 1314 1050 634 644 703 417 893 415 196 322 1134 1136 1170 1065 1538 1145 1215 833 1130 1327 976 488 1267 916 134 1265 1206 862 1072 1241 1014 1468 1558 509 738 1472 1369 1638 831 1054 1413 1435 368 866 1251 1236 1188 1237 1409 1141 874 1419 1083 1184 1412 1107 1190 1551 812 394 1203 1655 910 857 1347 1237 1271 1241 1331
589 797 643 891 659 506 1363 432 390 537 419 672 737 1432 983 451 448 800 0 1469 357 199 232 287 439 1049 434 685 526 539 540 1325 620 1693 550 500 988 535 915 261 643 1422 201 887 1420 1361 451 476 1396 518 1623 843 998 326 758 1524 924 986 558 1001 1591 857 1022 536 521 1343 1392 997 545 636 1575 488 470 1568 447 1345 1707 400 549 1358 1810 672 422 1502 1393 557 526 1487
1379 1692 1537 1405 1553 1700 518 1794 1773 1767 1305 1567 1515 739 1139 1681 1810 1314 1469 0 1719 1303 1313 1372 1086 657 1084 1199 1040 1769 1770 633 1734 502 1780 1884 725 1765 1281 1645 937 730 1585 1400 576 516 1531 1706 704 1683 333 1738 1131 1407 1652 832 1818 531 1723 1368 301 1261 692 1606 1592 499 700 1363 1775 1543 384 1717 1700 875 1676 653 281 1481 1063 666 520 1579 1526 143 700 1940 1596 202
429 949 795 1091 810 657 1612 124 418 689 445 824 709 1681 1232 603 140 1050 357 1719 0 472 505 439 712 1298 707 935 776 690 692 1575 772 1943 702 369 1238 687 1188 115 893 1672 251 1097 1670 1610 244 628 1646 670 1873 995 1248 600 909 1774 1075 1236 710 1274 1840 1107 1271 688 673 1593 1642 1270 697 429 1824 639 621 1817 598 1595 1956 673 694 1608 2060 394 215 1752 1642 341 678 1736
699 913 759 725 775 452 1196 548 506 554 535 788 834 1265 816 551 564 634 199 1303 472 0 65 403 272 882 268 519 360 556 557 1159 487 1527 567 616 822 552 748 377 477 1256 317 720 1254 1194 567 493 1230 436 1457 959 832 160 873 1358 1039 820 476 835 1424 691 855 652 637 1177 1226 830 562 752 1408 505 586 1401 529 1179 1540 233 383 1192 1644 788 537 1336 1226 673 642 1320
709 946 791 735 807 462 1206 581 538 564 567 821 845 1275 826 561 597 644 232 1313 505 65 0 436 282 892 278 529 370 566 568 1169 497 1537 577 649 832 562 723 410 487 1266 350 730 1264 1205 599 503 1240 446 1467 992 842 170 906 1368 1072 830 486 809 1434 701 865 685 670 1187 1236 805 573 785 1418 515 618 1411 539 1189 1550 243 393 1202 1654 821 570 1346 1236 705 674 1330
373 880 725 744 741 588 1265 515 472 620 202 755 520 1334 885 534 531 703 287 1372 439 403 436 0 407 951 405 588 429 621 623 1228 703 1596 632 583 891 617 1119 344 546 1325 284 750 1323 1263 429 559 1299 601 1526 926 901 530 840 1427 1006 889 641 1205 1493 760 924 619 604 1246 1295 1201 628 441 1477 570 552 1470 529 1248 1609 604 347 1261 1713 477 424 1405 1295 639 608 1389
482 1153 998 508 1014 669 980 788 745 771 340 1028 618 1049 600 768 804 417 439 1086 712 272 282 407 0 665 119 302 143 773 774 942 704 1310 784 856 605 769 965 617 260 1039 557 503 1037 978 567 710 1013 653 1240 1199 615 377 1113 1141 1279 603 693 1052 1208 474 638 892 877 960 1009 1048 779 579 1192 722 825 1184 746 962 1324 450 166 975 1427 615 562 1119 1010 912 881 1104
959 1669 1514 984 1530 1279 551 1374 1353 1381 884 1544 1094 420 719 1378 1390 893 1049 657 1298 882 892 951 665 0 663 778 619 1383 1384 313 1314 881 1394 1464 123 1379 1259 1224 517 410 1164 980 609 549 1111 1320 384 1263 611 1715 710 987 1629 512 1795 174 1302 1345 579 840 91 1499 1484 532 380 1341 1389 1123 763 1332 1433 555 1356 333 895 1060 642 346 798 1159 1106 691 381 1520 1489 675
480 1148 994 506 1009 665 977 783 741 767 338 1023 616 1046 597 763 799 415 434 1084 707 268 278 405 119 663 0 300 141 768 770 940 699 1308 779 851 603 764 961 612 258 1037 552 501 1035 976 565 706 1011 648 1238 1194 613 372 1108 1139 1274 601 688 1047 1205 472 636 887 872 958 1007 1043 775 577 1189 717 821 1182 741 960 1321 446 164 973 1425 613 560 1117 1007 908 877 1101
556 1397 1242 287 1258 916 1092 1010 989 1017 520 1272 369 1161 379 1014 1026 196 685 1199 935 519 529 588 302 778 300 0 207 1019 1021 1055 950 1423 1030 1100 718 1015 1212 861 373 1152 801 283 1150 1090 747 957 1126 899 1353 1443 394 623 1357 1254 1523 716 939 1298 1320 253 751 1136 1121 1073 1122 1294 1026 759 1304 968 1069 1297 992 1075 1436 697 279 1088 1540 795 742 1232 1122 1156 1125 1216
436 1238 1084 414 1099 757 933 851 830 859 362 1113 523 1002 505 855 867 322 526 1040 776 360 370 429 143 619 141 207 0 860 862 896 791 1264 871 941 559 856 1053 702 214 993 642 409 991 932 588 798 967 740 1194 1284 520 464 1198 1095 1364 557 780 1139 1161 380 592 977 962 914 963 1135 867 600 1145 809 910 1138 833 916 1277 538 120 929 1381 636 583 1073 963 997 967 1057
923 587 433 1225 449 161 1697 766 526 103 753 462 1071 1766 1317 189 782 1134 539 1803 690 556 566 621 773 1383 768 1019 860 0 106 1659 276 2027 71 636 1322 88 1249 595 977 1756 535 1221 1754 1695 785 131 1730 174 1957 633 1332 439 548 1858 714 1320 214 1335 1925 1191 1356 326 311 1677 1726 1331 104 970 1909 118 260 1902 168 1679 2041 381 883 1692 2144 1004 756 1836 1727 693 316 1821
925 589 435 1227 450 163 1698 768 527 113 755 464 1073 1767 1318 191 784 1136 540 1805 692 557 568 623 774 1384 770 1021 862 106 0 1661 277 2029 82 638 1324 98 1251 597 979 1758 537 1222 1756 1697 786 133 1732 175 1959 635 1334 441 549 1860 715 1322 215 1337 1926 1193 1357 328 313 1679 1728 1333 114 972 1910 128 261 1903 169 1681 2042 383 885 1694 2146 1006 757 1838 1728 694 318 1822
1235 1928 1774 1261 1790 1556 826 1651 1630 1658 1161 1803 1371 127 996 1655 1667 1170 1325 633 1575 1159 1169 1228 942 313 940 1055 896 1659 1661 0 1591 1091 1671 1740 364 1656 1518 1501 793 164 1441 1257 883 824 1388 1597 91 1539 570 1974 988 1264 1889 291 2055 452 1579 1604 538 1118 332 1776 1761 806 159 1600 1666 1400 973 1608 1710 334 1633 112 870 1337 919 98 757 1436 1382 666 159 1797 1766 791
1005 669 514 1156 530 172 1628 848 607 274 834 544 1153 1697 1248 271 864 1065 620 1734 772 487 497 703 704 1314 699 950 791 276 277 1591 0 1958 287 718 1253 272 1180 677 908 1688 617 1152 1686 1626 866 213 1661 118 1888 715 1263 371 629 1789 795 1251 74 1266 1856 1122 1287 408 393 1608 1657 1262 282 1052 1840 225 341 1833 249 1610 1972 313 814 1623 2075 1086 837 1767 1658 774 397 1752
1603 2150 1995 1629 2011 1924 742 2018 1997 2026 1529 2025 1739 1197 1363 2022 2034 1538 1693 502 1943 1527 1537 1596 1310 881 1308 1423 1264 2027 2029 1091 1958 0 2038 2108 968 2023 1740 1869 1161 1188 1809 1624 800 740 1755 1965 1162 1907 791 2196 1355 1631 2110 1290 2276 755 1947 1826 759 1485 936 2065 2050 722 1158 1822 2034 1767 159 1976 2077 1333 2000 1111 414 1705 1287 1124 978 1803 1750 451 1158 2164 2054 350
935 599 444 1237 460 145 1708 777 537 78 764 474 1082 1777 1328 201 793 1145 550 1814 702 567 577 632 784 1394 779 1030 871 71 82 1671 287 2038 0 648 1333 63 1260 606 988 1768 546 1232 1766 1706 796 107 1742 185 1968 645 1343 451 559 1869 725 1331 225 1346 1936 1202 1367 337 323 1689 1737 1342 80 981 1920 94 271 1913 179 1690 2052 393 894 1704 2155 1016 767 1848 1738 704 327 1832
728 895 741 1256 756 603 1778 372 305 635 715 770 1009 1847 1398 549 387 1215 500 1884 369 616 649 583 856 1464 851 1100 941 636 638 1740 718 2108 648 0 1403 633 1332 436 1058 1837 497 1263 1835 1776 565 574 1811 616 2038 941 1413 744 855 1939 1021 1401 656 1418 2006 1272 1437 634 619 1758 1807 1414 643 545 1990 585 567 1983 544 1760 2122 817 859 1773 2225 480 536 1917 1808 228 624 1902
898 1608 1454 924 1470 1219 638 1313 1292 1321 824 1483 1034 470 806 1317 1329 833 988 725 1238 822 832 891 605 123 603 718 559 1322 1324 364 1253 968 1333 1403 0 1318 1198 1164 456 461 1104 919 696 636 1051 1260 435 1202 662 1654 797 926 1569 563 1735 261 1242 1284 629 890 106 1439 1424 619 431 1280 1329 1062 850 1271 1372 606 1295 384 962 1000 582 397 849 1098 1045 758 431 1459 1429 762
920 584 429 1222 445 157 1693 762 522 94 749 459 1067 1762 1313 186 778 1130 535 1799 687 552 562 617 769 1379 764 1015 856 88 98 1656 272 2023 63 633 1318 0 1245 591 973 1753 532 1217 1751 1691 781 123 1727 170 1953 630 1328 436 544 1854 710 1316 210 1331 1921 1187 1352 322 308 1674 1722 1327 96 966 1905 110 256 1898 164 1675 2037 378 879 1689 2140 1001 752 1833 1723 689 312 1817
1385 714 559 1757 575 758 2065 1228 988 789 1215 589 1533 2134 1898 703 1244 1715 1001 2171 1152 1117 1149 1083 1356 1751 1352 1600 1441 791 792 2028 872 2274 802 1098 1690 787 0 1057 1558 2125 997 1763 2123 2063 1247 728 2099 770 2154 760 1913 1036 674 2227 840 1688 810 384 2194 1773 1724 629 614 2046 2095 380 797 1432 2277 740 722 2270 699 2048 2134 978 1360 2061 2344 1466 1218 2205 2095 1155 618 2189
395 854 699 1017 715 562 1538 191 446 594 411 729 675 1608 1159 508 207 976 261 1645 115 377 410 344 617 1224 612 861 702 595 597 1501 677 1869 606 436 1164 591 1093 0 819 1598 217 1023 1596 1537 210 533 1572 575 1799 900 1174 504 814 1700 980 1162 614 1179 1767 1033 1197 592 578 1519 1568 1175 602 395 1750 544 526 1743 503 1521 1882 578 620 1534 1986 431 181 1678 1569 408 582 1662
553 1355 1201 579 1216 874 831 968 947 976 479 1230 689 900 671 972 984 488 643 937 893 477 487 546 260 517 258 373 214 977 979 793 908 1161 988 1058 456 973 1048 819 0 891 759 574 889 829 706 915 864 857 1091 1401 686 581 1315 992 1481 454 897 1134 1059 545 490 1094 1079 811 860 1130 984 717 1043 926 1027 1036 950 813 1175 655 237 826 1278 753 700 970 861 1114 1084 955
1332 2025 1871 1358 1887 1653 923 1748 1727 1755 1258 1900 1468 83 1093 1752 1764 1267 1422 730 1672 1256 1266 1325 1039 410 1037 1152 993 1756 1758 164 1688 1188 1768 1837 461 1753 1615 1598 891 0 1538 1354 980 921 1485 1694 87 1637 667 2071 1085 1361 1986 309 2152 549 1676 1701 635 1215 429 1873 1858 903 134 1697 1763 1497 1070 1705 1807 353 1730 144 967 1434 1016 129 854 1533 1479 763 136 1894 1863 888
530 794 639 957 655 502 1479 327 386 534 415 669 734 1548 1099 448 343 916 201 1585 251 317 350 284 557 1164 552 801 642 535 537 1441 617 1809 546 497 1104 532 1033 217 759 1538 0 963 1536 1477 346 473 1512 515 1739 840 1114 444 754 1640 920 1102 555 1119 1707 973 1138 533 518 1459 1508 1115 542 531 1691 484 466 1683 443 1461 1823 518 560 1474 1926 567 316 1618 1509 544 522 1603
712 1559 1405 102 1421 1117 1294 1173 1152 1219 683 1434 525 1363 581 1213 1189 134 887 1400 1097 720 730 750 503 980 501 283 409 1221 1222 1257 1152 1624 1232 1263 919 1217 1413 1023 574 1354 963 0 1352 1292 910 1158 1327 1101 1554 1605 596 825 1520 1455 1686 917 1141 1500 1522 455 953 1298 1283 1274 1323 1495 1227 922 1506 1170 1232 1499 1194 1276 1638 898 480 1289 1741 958 904 1433 1324 1319 1288 1418
1330 2041 1886 1356 1902 1651 233 1746 1725 1753 1256 1916 1466 990 1091 1750 1762 1265 1420 576 1670 1254 1264 1323 1037 609 1035 1150 991 1754 1756 883 1686 800 1766 1835 696 1751 1630 1596 889 980 1536 1352 0 164 1483 1692 954 1635 730 2087 1082 1359 2001 1082 2167 483 1674 1717 698 1212 664 1871 1856 214 950 1712 1761 1495 681 1703 1805 1125 1728 903 813 1432 1014 916 917 1531 1477 609 951 1892 1861 593
1271 1981 1827 1297 1843 1591 290 1686 1665 1693 1196 1856 1406 930 1031 1690 1702 1206 1361 516 1610 1194 1205 1263 978 549 976 1090 932 1695 1697 824 1626 740 1706 1776 636 1691 1571 1537 829 921 1477 1292 164 0 1423 1632 895 1575 671 2027 1023 1299 1941 1022 2107 423 1615 1657 638 1153 604 1812 1797 270 890 1653 1702 1435 622 1644 1745 1066 1668 843 754 1372 955 857 858 1471 1418 549 891 1832 1801 534
241 1043 889 904 905 752 1425 320 614 783 258 918 522 1494 1045 697 335 862 451 1531 244 567 599 429 567 1111 565 747 588 785 786 1388 866 1755 796 565 1051 781 1282 210 706 1485 346 910 1483 1423 0 722 1459 764 1686 1089 1060 694 1004 1587 1170 1048 804 1369 1653 920 1084 782 767 1406 1455 1364 791 242 1637 734 716 1630 693 1408 1769 767 507 1421 1872 278 73 1565 1455 536 772 1549
861 525 370 1163 386 99 1634 704 463 130 690 400 1009 1703 1254 127 720 1072 476 1741 628 493 503 559 710 1320 706 957 798 131 133 1597 213 1965 107 574 1260 123 1186 533 915 1694 473 1158 1692 1632 722 0 1668 111 1895 571 1270 377 485 1796 651 1258 151 1273 1862 1129 1293 264 249 1615 1664 1269 138 908 1846 81 197 1839 105 1617 1978 319 821 1630 2082 942 693 1774 1664 630 253 1758
1306 1999 1845 1332 1861 1627 896 1722 1701 1729 1232 1874 1442 49 1067 1725 1738 1241 1396 704 1646 1230 1240 1299 1013 384 1011 1126 967 1730 1732 91 1661 1162 1742 1811 435 1727 1589 1572 864 87 1512 1327 954 895 1459 1668 0 1610 641 2045 1059 1335 1960 324 2126 523 1650 1675 609 1189 403 1847 1832 877 100 1671 1737 1471 1044 1679 1781 367 1704 71 941 1408 990 57 828 1506 1453 737 102 1868 1837 862
903 567 412 1105 428 70 1577 746 505 172 732 442 1051 1646 1197 169 762 1014 518 1683 670 436 446 601 653 1263 648 899 740 174 175 1539 118 1907 185 616 1202 170 1129 575 857 1637 515 1101 1635 1575 764 111 1610 0 1837 613 1212 319 527 1738 693 1200 94 1215 1805 1071 1236 306 291 1557 1606 1211 180 950 1789 123 239 1782 147 1559 1921 261 763 1572 2024 984 735 1716 1607 672 295 1701
1592 1460 1305 1618 1321 1504 732 1672 1629 1535 1518 1335 1728 736 1353 1449 1688 1527 1323 392 1596 1156 1130 1527 1299 670 1297 1412 1253 1537 1538 629 1588 851 1548 1740 721 1533 1050 1501 1150 726 1441 1614 789 730 1690 1474 700 1516 0 1506 1344 1261 1420 828 1586 745 1556 1136 122 1474 689 1375 1360 712 696 1132 1543 1757 732 1486 1468 871 1445 649 630 1334 1276 662 288 1793 1661 426 697 1796 1364 550
1228 513 263 1599 374 600 2044 1071 830 632 1057 217 1376 2113 1741 546 1087 1558 843 2150 995 959 992 926 1199 1730 1194 1443 1284 633 635 2007 715 2253 645 941 1669 630 1384 900 1401 2104 840 1605 2102 2042 1089 571 2078 613 2133 0 1756 878 109 2205 639 1667 653 1470 2173 1615 1703 471 456 2025 2073 1466 640 1275 2256 582 564 2249 541 2026 2113 820 1202 2040 2323 1309 1060 2184 2074 997 461 2168
897 1710 1556 600 1571 1229 1024 1323 1302 1331 834 1585 710 1094 102 1327 1339 509 998 1131 1248 832 842 901 615 710 613 394 520 1332 1334 988 1263 1355 1343 1413 797 1328 1525 1174 686 1085 1114 596 1082 1023 1060 1270 1059 1212 1285 1756 0 936 1670 1186 1836 648 1252 1611 1253 189 765 1449 1434 1005 1054 1607 1339 1072 1236 1281 1382 1230 1305 1008 1368 1010 592 1021 1472 1108 1055 1164 1055 1469 1439 1148
804 832 678 830 694 336 1301 675 633 438 662 707 939 1370 921 435 691 738 326 1407 600 160 170 530 377 987 372 623 464 439 441 1264 371 1631 451 744 926 436 853 504 581 1361 444 825 1359 1299 694 377 1335 319 1561 878 936 0 793 1462 959 924 359 939 1529 795 960 571 556 1282 1330 935 446 879 1513 388 505 1506 413 1283 1645 117 487 1296 1748 915 665 1441 1331 800 561 1425
1142 427 177 1514 288 515 1958 985 745 546 972 131 1290 2027 1655 460 1001 1472 758 2065 909 873 906 840 1113 1644 1108 1357 1198 548 549 1921 629 2168 559 855 1584 544 1298 814 1315 2018 754 1520 2016 1957 1004 485 1992 527 2048 109 1670 793 0 2120 553 1582 567 1384 2087 1529 1617 386 371 1939 1988 1380 554 1189 2170 497 479 2163 456 1941 2027 735 1116 1954 2238 1223 975 2098 1988 912 375 2082
1434 2127 1973 1460 1988 1755 1024 1849 1828 1857 1360 2002 1570 320 1195 1853 1865 1369 1524 832 1774 1358 1368 1427 1141 512 1139 1254 1095 1858 1860 291 1789 1290 1869 1939 563 1854 1717 1700 992 309 1640 1455 1082 1022 1587 1796 324 1738 769 2173 1186 1462 2087 0 2253 651 1778 1803 736 1317 530 1975 1960 1005 279 1799 1865 1598 1171 1807 1908 119 1831 310 1069 1536 1118 323 956 1634 1581 865 279 1996 1965 989
1308 160 438 1680 311 680 2124 1151 911 712 1138 468 1456 2193 1821 626 1167 1638 924 2231 1075 1039 1072 1006 1279 1810 1274 1523 1364 714 715 2087 795 2333 725 1021 1750 710 1464 980 1481 2184 920 1686 2182 2122 1170 651 2158 693 2213 639 1836 959 553 2286 0 1748 733 1550 2253 1695 1783 551 537 2105 2154 1546 720 1355 2336 663 645 2329 622 2107 2193 901 1282 2120 2404 1389 1140 2264 2154 1078 541 2248
896 1606 1452 922 1468 1217 425 1311 1290 1319 822 1481 1032 558 656 1315 1327 831 986 531 1236 820 830 889 603 174 601 716 557 1320 1322 452 1251 755 1331 1401 261 1316 1196 1162 454 549 1102 917 483 423 1048 1258 523 1200 685 1652 648 924 1567 651 1732 0 1240 1282 653 778 229 1437 1422 405 519 1278 1327 1060 637 1269 1370 694 1293 472 769 998 580 485 872 1096 1043 564 519 1457 1426 549
943 607 452 1145 468 110 1617 786 545 212 772 482 1090 1686 1237 209 801 1054 558 1723 710 476 486 641 693 1302 688 939 780 214 215 1579 74 1947 225 656 1242 210 1169 614 897 1676 555 1141 1674 1615 804 151 1650 94 1877 653 1252 359 567 1778 733 1240 0 1255 1845 1111 1276 345 331 1597 1646 1251 220 990 1829 163 279 1822 187 1599 1961 301 803 1612 2064 1024 775 1756 1647 712 335 1741
1212 541 386 1584 402 584 1892 1055 815 616 1042 416 1360 1961 1725 530 1071 1542 828 1998 979 943 976 910 1183 1578 1178 1427 1268 617 619 1855 699 2101 629 925 1517 614 1231 884 1385 1952 824 1590 1950 1890 1073 555 1925 597 1981 587 1740 863 501 2053 667 1515 637 0 2020 1599 1551 455 440 1872 1921 57 624 1259 2104 566 548 2097 525 1874 1961 805 1186 1887 2171 1293 1044 2031 1922 982 445 2016
1501 1524 1370 1527 1385 1568 640 1736 1693 1599 1426 1399 1636 644 1261 1513 1752 1435 1387 301 1660 1220 1195 1493 1208 579 1205 1320 1161 1601 1603 538 1652 759 1612 1804 629 1597 1114 1565 1059 635 1505 1522 698 638 1653 1538 609 1580 122 1570 1253 1325 1484 736 1650 653 1620 1200 0 1383 597 1439 1424 621 604 1196 1608 1665 641 1550 1532 780 1509 557 539 1398 1185 571 353 1701 1648 334 605 1860 1429 459
756 1569 1415 460 1430 1088 1155 1182 1162 1190 693 1444 569 1224 174 1186 1198 368 857 1261 1107 691 701 760 474 840 472 253 380 1191 1193 1118 1122 1485 1202 1272 890 1187 1384 1033 545 1215 973 455 1212 1153 920 1129 1189 1071 1415 1615 189 795 1529 1317 1695 778 1111 1470 1383 0 895 1308 1293 1135 1185 1466 1198 931 1367 1140 1242 1360 1164 1138 1499 869 451 1151 1602 967 914 1294 1185 1329 1298 1279
932 1642 1487 958 1503 1252 606 1347 1326 1354 857 1517 1067 438 774 1351 1363 866 1022 692 1271 855 865 924 638 91 636 751 592 1356 1357 332 1287 936 1367 1437 106 1352 1232 1197 490 429 1138 953 664 604 1084 1293 403 1236 629 1688 765 960 1602 530 1768 229 1276 1318 597 895 0 1472 1457 586 399 1314 1362 1096 818 1305 1406 574 1329 352 930 1033 615 365 816 1132 1079 726 399 1493 1462 730
921 425 271 1292 287 293 1813 764 523 325 750 300 1068 1883 1434 239 779 1251 536 1920 688 652 685 619 892 1499 887 1136 977 326 328 1776 408 2122 337 634 1439 322 1252 592 1094 1873 533 1298 1871 1812 782 264 1847 306 2002 471 1449 571 386 1975 551 1437 345 1339 2041 1308 1472 0 74 1794 1843 1334 333 968 2025 275 257 2018 234 1796 1982 513 895 1809 2192 1002 753 1953 1844 690 112 1937
906 410 256 1277 272 278 1799 749 508 310 735 285 1054 1868 1419 224 765 1236 521 1905 673 637 670 604 877 1484 872 1121 962 311 313 1761 393 2107 323 619 1424 308 1237 578 1079 1858 518 1283 1856 1797 767 249 1832 291 1987 456 1434 556 371 1960 537 1422 331 1324 2027 1293 1457 74 0 1779 1828 1320 318 953 2011 260 242 2003 219 1781 1967 498 880 1794 2177 987 738 1938 1829 675 97 1923
1253 1963 1809 1279 1825 1574 67 1669 1648 1676 1179 1839 1389 912 1013 1672 1685 1188 1343 499 1593 1177 1187 1246 960 532 958 1073 914 1677 1679 806 1608 722 1689 1758 619 1674 1553 1519 811 903 1459 1274 214 270 1406 1615 877 1557 653 2010 1005 1282 1924 1005 2090 405 1597 1640 621 1135 586 1794 1779 0 873 1635 1684 1418 604 1626 1728 1048 1651 826 736 1355 937 839 840 1453 1400 532 874 1815 1784 516
1302 1995 1841 1328 1857 1623 892 1717 1697 1725 1228 1870 1438 97 1063 1721 1733 1237 1392 700 1642 1226 1236 1295 1009 380 1007 1122 963 1726 1728 159 1657 1158 1737 1807 431 1722 1585 1568 860 134 1508 1323 950 890 1455 1664 100 1606 637 2041 1054 1330 1955 279 2121 519 1646 1671 604 1185 399 1843 1828 873 0 1667 1733 1466 1039 1675 1777 322 1699 158 937 1404 986 143 824 1502 1449 733 147 1864 1833 857
1208 536 382 1579 398 580 1888 1051 810 612 1037 411 1356 1957 1721 526 1067 1538 823 1994 975 939 972 906 1179 1573 1174 1423 1264 613 615 1850 695 2097 625 921 1513 610 1227 880 1381 1947 820 1585 1945 1886 1069 551 1921 593 1977 582 1736 858 497 2049 663 1511 633 57 2016 1595 1547 451 436 1868 1917 0 620 1255 2100 562 544 2093 521 1870 1957 800 1182 1883 2167 1289 1040 2027 1918 977 441 2012
930 594 440 1232 455 168 1703 773 532 111 760 469 1078 1772 1323 196 789 1141 545 1810 697 562 573 628 779 1389 775 1026 867 104 114 1666 282 2034 80 643 1329 96 1256 602 984 1763 542 1227 1761 1702 791 138 1737 180 1964 640 1339 446 554 1865 720 1327 220 1342 1931 1198 1362 333 318 1684 1733 1338 0 977 1915 126 266 1908 174 1686 2047 388 890 1699 2151 1011 762 1843 1733 699 323 1827
251 1229 1074 916 1090 937 1437 461 594 969 270 1104 532 1506 1057 883 477 874 636 1543 429 752 785 441 579 1123 577 759 600 970 972 1400 1052 1767 981 545 1062 966 1468 395 717 1497 531 922 1495 1435 242 908 1471 950 1697 1275 1072 879 1189 1598 1355 1060 990 1554 1665 931 1096 968 953 1418 1466 1550 977 0 1649 919 880 1642 878 1419 1781 953 518 1433 1884 129 237 1577 1467 517 957 1561
1485 2031 1877 1511 1893 1805 624 1900 1879 1907 1410 1906 1620 1079 1245 1904 1916 1419 1575 384 1824 1408 1418 1477 1192 763 1189 1304 1145 1909 1910 973 1840 159 1920 1990 850 1905 1621 1750 1043 1070 1691 1506 681 622 1637 1846 1044 1789 673 2077 1236 1513 1992 1171 2158 637 1829 1707 641 1367 818 1946 1931 604 1039 1703 1915 1649 0 1858 1959 1215 1882 993 434 1586 1168 1006 860 1685 1632 332 1040 2046 1936 232
872 536 382 1174 398 110 1646 715 475 125 702 411 1020 1715 1266 138 731 1083 488 1752 639 505 515 570 722 1332 717 968 809 118 128 1608 225 1976 94 585 1271 110 1198 544 926 1705 484 1170 1703 1644 734 81 1679 123 1906 582 1281 388 497 1807 663 1269 163 1284 1874 1140 1305 275 260 1626 1675 1280 126 919 1858 0 209 1851 117 1628 1990 330 832 1641 2093 953 705 1785 1676 642 265 1770
854 518 364 1226 380 227 1747 697 457 258 684 393 1002 1816 1367 172 713 1184 470 1853 621 586 618 552 825 1433 821 1069 910 260 261 1710 341 2077 271 567 1372 256 1301 526 1027 1807 466 1232 1805 1745 716 197 1781 239 2007 564 1382 505 479 1908 645 1370 279 1388 1975 1242 1406 257 242 1728 1777 1383 266 880 1959 209 0 1952 168 1730 2075 447 829 1743 2194 815 687 1887 1777 563 247 1871
1478 2171 2016 1503 2032 1798 1068 1893 1872 1900 1403 2046 1613 364 1238 1897 1909 1412 1568 875 1817 1401 1411 1470 1184 555 1182 1297 1138 1902 1903 334 1833 1333 1913 1983 606 1898 1760 1743 1036 353 1683 1499 1125 1066 1630 1839 367 1782 812 2217 1230 1506 2131 119 2297 694 1822 1847 780 1360 574 2018 2003 1048 322 1842 1908 1642 1215 1851 1952 0 1875 354 1113 1579 1161 367 999 1678 1625 908 323 2039 2008 1033
831 495 341 1199 357 134 1670 674 434 166 661 370 979 1739 1290 97 690 1107 447 1776 598 529 539 529 746 1356 741 992 833 168 169 1633 249 2000 179 544 1295 164 1222 503 950 1730 443 1194 1728 1668 693 105 1704 147 1930 541 1305 413 456 1831 622 1293 187 1308 1898 1164 1329 234 219 1651 1699 1304 174 878 1882 117 168 1875 0 1652 2014 355 805 1666 2117 912 664 1810 1700 601 224 1794
1255 1948 1794 1281 1810 1576 845 1671 1650 1678 1181 1823 1391 107 1016 1674 1686 1190 1345 653 1595 1179 1189 1248 962 333 960 1075 916 1679 1681 112 1610 1111 1690 1760 384 1675 1538 1521 813 144 1461 1276 903 843 1408 1617 71 1559 590 1994 1008 1283 1909 310 2074 472 1599 1624 557 1138 352 1796 1781 826 158 1620 1686 1419 993 1628 1730 354 1652 0 890 1357 939 78 777 1455 1402 686 160 1817 1786 810
1617 1929 1775 1643 1791 1937 756 2032 2011 2005 1542 1804 1752 977 1377 1919 2048 1551 1707 281 1956 1540 1550 1609 1324 895 1321 1436 1277 2006 2008 870 1972 457 2017 2122 962 2002 1519 1882 1175 967 1823 1638 813 754 1769 1944 941 1921 571 1975 1368 1645 1890 1069 2055 769 1961 1605 539 1499 930 1844 1829 736 937 1601 2013 1781 470 1955 1937 1113 1914 890 0 1718 1300 903 758 1817 1764 230 938 2178 1834 288
877 774 620 903 636 278 1374 749 706 380 735 649 1012 1443 994 376 765 812 400 1481 673 233 243 604 450 1060 446 697 538 381 383 1337 313 1705 393 817 1000 378 926 578 655 1434 518 898 1432 1372 767 319 1408 261 1635 820 1010 117 735 1536 901 998 301 1013 1602 869 1033 513 498 1355 1404 1009 388 953 1586 330 447 1579 355 1357 1718 0 561 1370 1822 989 738 1514 1404 873 503 1498
354 1156 1002 485 1017 780 957 769 749 882 280 1031 502 1026 577 810 785 394 549 1063 694 383 393 347 166 642 164 279 120 883 885 919 814 1287 894 859 582 879 1076 620 237 1016 560 480 1014 955 507 821 990 763 1217 1202 592 487 1116 1118 1282 580 803 1162 1185 451 615 895 880 937 986 1158 890 518 1168 832 829 1161 805 939 1300 561 0 952 1404 554 501 1096 987 916 885 1080
1268 1961 1807 1294 1823 1589 858 1684 1663 1691 1194 1836 1404 92 1029 1687 1700 1203 1358 666 1608 1192 1202 1261 975 346 973 1088 929 1692 1694 98 1623 1124 1704 1773 397 1689 1551 1534 826 129 1474 1289 916 857 1421 1630 57 1572 603 2007 1021 1296 1922 323 2087 485 1612 1637 571 1151 365 1809 1794 839 143 1633 1699 1433 1006 1641 1743 367 1666 78 903 1370 952 0 790 1468 1415 699 145 1830 1799 824
1451 1277 1123 1477 1139 1321 1509 1489 1447 1353 1377 1152 1587 1578 1569 1267 1505 1386 1140 1615 1413 974 948 1344 1158 1195 1156 1271 1112 1354 1356 1471 1405 1791 1365 1557 1134 1350 867 1318 1009 1568 1258 1472 1566 1507 1508 1292 1542 1334 1671 1323 1584 1078 1238 1670 1404 1132 1374 953 1711 1443 1168 1192 1177 1489 1538 949 1361 1615 1721 1303 1285 1714 1262 1491 1651 1152 1135 1504 0 1651 1479 1648 1539 1614 1182 1633
287 1263 1109 952 1124 971 1473 396 529 1003 306 1138 568 1542 1093 917 412 910 672 1579 394 788 821 477 615 1159 613 795 636 1004 1006 1436 1086 1803 1016 480 1098 1001 1504 431 753 1533 567 958 1531 1471 278 942 1506 984 1733 1309 1108 915 1223 1634 1389 1096 1024 1590 1701 967 1132 1002 987 1453 1502 1586 1011 129 1685 953 815 1678 912 1455 1817 989 554 1468 1920 0 273 1612 1503 451 992 1597
236 1014 860 898 876 723 1420 291 585 754 253 889 517 1489 1040 668 306 857 422 1526 215 537 570 424 562 1106 560 742 583 756 757 1382 837 1750 767 536 1045 752 1253 181 700 1479 316 904 1477 1418 73 693 1453 735 1680 1060 1055 665 975 1581 1140 1043 775 1340 1648 914 1079 753 738 1400 1449 1335 762 237 1632 705 687 1625 664 1402 1764 738 501 1415 1867 273 0 1559 1450 507 743 1544
1412 1725 1570 1438 1586 1733 551 1828 1807 1800 1338 1600 1548 773 1172 1714 1844 1347 1502 143 1752 1336 1346 1405 1119 691 1117 1232 1073 1802 1803 666 1767 451 1813 1917 758 1798 1315 1678 970 763 1618 1433 609 549 1565 1739 737 1716 366 1771 1164 1441 1685 865 1851 564 1756 1401 334 1294 726 1640 1625 532 733 1397 1808 1577 332 1751 1733 908 1710 686 230 1514 1096 699 553 1612 1559 0 734 1974 1629 150
1303 1996 1841 1329 1857 1623 893 1718 1697 1725 1228 1871 1438 98 1064 1722 1734 1237 1393 700 1642 1226 1236 1295 1010 381 1007 1122 963 1727 1728 159 1658 1158 1738 1808 431 1723 1586 1569 861 136 1509 1324 951 891 1455 1664 102 1607 637 2042 1055 1331 1956 279 2122 519 1647 1672 605 1185 399 1844 1829 874 147 1668 1733 1467 1040 1676 1777 323 1700 160 938 1404 987 145 824 1503 1450 734 0 1864 1833 858
700 951 797 1313 813 660 1834 343 277 691 718 826 980 1903 1454 605 359 1271 557 1940 341 673 705 639 912 1520 908 1156 997 693 694 1797 774 2164 704 228 1459 689 1388 408 1114 1894 544 1319 1892 1832 536 630 1868 672 2094 997 1469 800 912 1996 1078 1457 712 1475 2062 1329 1493 690 675 1815 1864 1470 699 517 2046 642 563 2039 601 1817 2178 873 916 1830 2281 451 507 1974 1864 0 680 1958
910 415 260 1282 276 283 1803 753 513 314 740 290 1058 1872 1423 228 769 1241 526 1910 678 642 674 608 881 1489 877 1125 967 316 318 1766 397 2112 327 624 1429 312 1242 582 1084 1863 522 1288 1861 1801 772 253 1837 295 1992 461 1439 561 375 1965 541 1426 335 1328 2031 1298 1462 112 97 1784 1833 1324 323 957 2015 265 247 2008 224 1786 1971 503 885 1799 2182 992 743 1943 1833 680 0 1927
1397 1849 1695 1423 1711 1717 536 1812 1791 1819 1322 1724 1532 897 1157 1816 1828 1331 1487 202 1736 1320 1330 1389 1104 675 1101 1216 1057 1821 1822 791 1752 350 1832 1902 762 1817 1439 1662 955 888 1603 1418 593 534 1549 1758 862 1701 491 1895 1148 1425 1810 989 1976 549 1741 1525 459 1279 730 1764 1749 516 857 1521 1827 1561 232 1770 1857 1033 1794 810 288 1498 1080 824 678 1597 1544 150 858 1958 1754 0
EOF