NAME : tsp_problem
TYPE : TSP
DIMENSION : 78
EDGE_WEIGHT_TYPE : EXPLICIT
EDGE_WEIGHT_FORMAT : FULL_MATRIX
EDGE_WEIGHT_SECTION
0 164 2141 2061 2269 84 2678 1972 1795 1970 2033 2231 1592 2214 2167 1971 2303 2194 1954 1626 2166 1955 1703 2355 1777 2208 1584 1970 2351 1888 614 2150 2187 73 2014 1803 1254 2367 1665 2059 2234 75 2537 2381 1839 1991 1751 2378 2128 2375 1847 117 1902 2290 2358 2221 1841 1955 2286 2340 2322 2254 2288 2316 1855 1599 2292 685 1964 2202 2051 1816 1854 2022 1852 1230 2205 2299
164 0 2175 2095 2303 118 2712 2006 1829 2004 2067 2265 1626 2248 2201 2005 2337 2228 1988 1660 2200 1989 1737 2389 1811 2242 1618 2004 2386 1922 649 2184 2221 205 2048 1838 1288 2401 1699 2094 2269 207 2572 2415 1874 2025 1786 2412 2162 2410 1881 92 1937 2324 2392 2256 1875 1989 2321 2374 2356 2288 2322 2350 1889 1633 2326 719 1999 2236 2085 1850 1888 2057 1886 1264 2240 2333
2042 2017 0 180 804 1997 937 1204 1026 1202 182 1105 824 844 1040 261 744 1067 1185 857 143 1186 935 313 1008 1082 815 1202 727 1119 2350 1024 1060 2084 887 1035 2989 743 896 933 1108 2086 796 640 426 865 983 336 1001 752 420 1971 415 1163 316 1095 535 1186 1160 599 280 1128 724 767 367 830 779 2421 659 977 209 1048 376 196 726 2966 1079 688
1962 1937 180 0 876 1917 1010 1124 946 1122 40 1025 744 917 960 120 817 987 1105 777 143 1106 855 386 928 1002 735 1122 800 1039 2270 944 980 2004 807 955 2909 816 816 853 1028 2006 869 713 346 785 903 409 921 825 340 1891 335 1083 389 1015 455 1106 1080 672 353 1048 797 840 287 750 852 2341 579 995 162 968 296 78 646 2886 999 761
2170 2145 804 876 0 2125 839 1332 1154 1330 878 1074 952 280 1010 958 369 1037 1313 985 840 1314 1063 754 1136 1051 943 1330 205 1247 2478 670 1030 2212 396 1163 3117 135 1024 441 1078 2214 699 542 841 834 1111 778 971 144 849 2099 904 1133 758 1065 843 1314 1130 501 722 1098 354 84 856 958 70 2549 966 396 913 1176 856 900 465 3094 1049 326
84 118 2096 2016 2224 0 2633 1927 1749 1925 1988 2186 1547 2169 2122 1926 2258 2148 1909 1581 2121 1910 1658 2310 1732 2163 1539 1925 2306 1843 569 2105 2141 115 1969 1758 1209 2321 1620 2014 2189 117 2492 2336 1794 1946 1706 2333 2082 2330 1802 72 1857 2244 2313 2176 1796 1910 2241 2295 2277 2209 2243 2271 1810 1554 2246 640 1919 2156 2006 1771 1809 1977 1807 1185 2160 2254
2581 2556 937 1010 839 2536 0 1948 1771 1947 1011 1691 1569 880 1627 1091 780 1654 1930 1602 973 1931 1680 888 1753 1668 1560 1947 763 1864 2889 1287 1647 2623 1013 1780 3528 779 1641 1058 1695 2625 709 335 1264 1451 1728 911 1588 788 1258 2510 1253 1750 891 1682 1373 1931 1746 512 855 1714 760 803 1205 1575 815 2960 1497 1013 1047 1793 1213 1034 1082 3505 1665 724
1873 1848 1204 1124 1332 1828 1948 0 272 61 1095 1294 429 1276 1229 1033 1365 1256 128 592 1228 129 595 1417 306 1271 551 61 1414 288 2181 1212 1249 1915 1076 770 2820 1429 632 1122 1297 1917 1808 1652 902 1053 718 1440 1190 1438 910 1802 965 1352 1420 1284 903 129 1349 1610 1384 1317 1350 1378 917 490 1354 2252 1027 1264 1113 783 916 1085 915 2797 1268 1361
1696 1670 1026 946 1154 1651 1771 272 0 270 918 1116 252 1099 1052 856 1188 1078 254 415 1051 254 417 1239 61 1093 373 270 1236 120 2003 1035 1071 1737 899 593 2643 1251 454 944 1119 1739 1630 1474 724 876 540 1263 1012 1260 732 1624 787 1174 1243 1106 726 254 1171 1433 1206 1139 1173 1201 740 313 1176 2074 849 1086 936 605 739 907 737 2619 1090 1184
1871 1846 1202 1122 1330 1826 1947 61 270 0 1093 1292 427 1274 1227 1031 1363 1254 127 590 1226 127 593 1415 304 1269 549 63 1412 287 2179 1211 1247 1913 1074 768 2818 1427 630 1120 1295 1915 1806 1650 900 1051 716 1438 1188 1436 908 1800 963 1350 1418 1282 901 127 1347 1609 1382 1315 1349 1376 915 488 1352 2250 1025 1262 1111 781 914 1083 913 2795 1266 1359
1934 1909 182 40 878 1889 1011 1095 918 1093 0 996 715 919 932 91 819 959 1077 749 145 1078 826 387 900 973 707 1093 801 1011 2242 915 952 1975 779 926 2881 818 788 825 1000 1977 871 715 317 756 874 410 893 827 312 1863 306 1055 390 987 427 1078 1052 673 354 1019 799 842 259 722 854 2312 550 967 143 939 267 49 617 2857 971 763
2132 2107 1105 1025 1074 2087 1691 1294 1116 1292 996 0 914 1019 316 935 1108 343 1275 947 1129 1276 1025 1318 1098 252 905 1292 1157 1209 2440 955 198 2174 819 1125 3079 1172 986 865 126 2176 1551 1394 803 603 1073 1342 235 1181 811 2061 866 181 1322 56 805 1276 82 1353 1285 145 1093 1121 818 920 1097 2511 928 1007 1015 1138 818 986 657 3056 715 1104
1493 1468 824 744 952 1448 1569 429 252 427 715 914 0 897 849 653 985 876 411 212 848 412 215 1037 234 891 171 427 1034 345 1801 833 869 1535 696 390 2440 1049 252 742 917 1537 1428 1272 522 673 338 1060 810 1058 530 1422 585 972 1040 904 524 412 969 1231 1004 937 971 998 537 110 974 1872 647 884 733 403 536 705 535 2417 888 981
2115 2090 844 917 280 2070 880 1276 1099 1274 919 1019 897 0 955 917 171 982 1258 930 880 1259 1007 795 1081 996 888 1274 362 1192 2423 615 975 2157 341 1108 3062 378 969 386 1022 2158 740 583 786 779 1056 818 916 387 794 2044 849 1078 798 1009 787 1259 1074 542 762 1042 157 327 801 903 303 2493 911 341 954 1120 800 941 410 3039 993 178
2068 2043 1040 960 1010 2023 1627 1229 1052 1227 932 316 849 955 0 870 1044 134 1211 883 1065 1212 960 1254 1034 293 841 1227 1092 1145 2376 891 487 2109 754 1060 3015 1107 922 800 320 2111 1486 1330 739 539 1008 1277 478 1116 746 1997 802 375 1257 306 740 1212 371 1289 1221 339 1029 1057 754 856 1032 2446 864 942 950 1073 753 922 593 2991 423 1040
1872 1847 261 120 958 1827 1091 1033 856 1031 91 935 653 917 870 0 898 897 1015 687 224 1016 764 467 838 912 645 1031 881 949 2180 853 890 1914 717 865 2819 898 726 763 938 1915 951 794 256 694 813 490 831 906 250 1801 245 993 470 925 365 1016 990 753 434 958 878 921 197 660 934 2250 489 905 183 877 205 89 556 2796 909 843
2204 2179 744 817 369 2159 780 1365 1188 1363 819 1108 985 171 1044 898 0 1070 1347 1019 780 1348 1096 695 1170 1085 977 1363 305 1281 2512 704 1063 2245 429 1197 3151 322 1058 475 1111 2247 639 483 875 868 1144 718 1004 331 883 2133 938 1166 698 1098 876 1348 1163 442 662 1131 41 346 890 992 358 2582 1000 430 854 1209 889 841 499 3127 1082 78
2095 2070 1067 987 1037 2050 1654 1256 1078 1254 959 343 876 982 134 897 1070 0 1238 910 1092 1239 987 1281 1061 320 868 1254 1119 1172 2402 918 514 2136 781 1087 3042 1134 949 827 346 2138 1513 1357 765 565 1035 1304 505 1143 773 2023 828 402 1284 333 767 1239 398 1316 1248 366 1056 1083 781 883 1059 2473 890 969 977 1100 780 949 620 3018 533 1067
1855 1830 1185 1105 1313 1810 1930 128 254 127 1077 1275 411 1258 1211 1015 1347 1238 0 574 1210 39 576 1399 288 1252 533 127 1396 270 2163 1194 1231 1897 1058 752 2802 1411 613 1104 1279 1898 1790 1633 884 1035 700 1422 1172 1420 892 1784 947 1334 1402 1266 885 38 1331 1592 1366 1299 1332 1360 899 472 1336 2233 1009 1246 1095 765 898 1067 896 2779 1250 1343
1527 1502 857 777 985 1482 1602 592 415 590 749 947 212 930 883 687 1019 910 574 0 882 575 323 1071 397 924 81 590 1067 508 1835 866 903 1568 730 263 2474 1083 124 775 950 1570 1461 1305 555 707 211 1094 843 1091 563 1456 618 1006 1074 937 557 575 1002 1264 1038 970 1004 1032 571 219 1008 1905 680 918 767 276 570 738 568 2450 921 1015
2067 2042 143 143 840 2022 973 1228 1051 1226 145 1129 848 880 1065 224 780 1092 1210 882 0 1211 959 349 1033 1106 840 1226 763 1144 2375 1048 1085 2108 912 1060 3014 779 921 958 1133 2110 833 676 450 889 1007 372 1026 788 445 1996 439 1188 352 1120 560 1211 1185 635 316 1153 760 803 392 855 815 2445 683 1013 253 1072 400 182 750 2990 1104 724
1856 1831 1186 1106 1314 1811 1931 129 254 127 1078 1276 412 1259 1212 1016 1348 1239 39 575 1211 0 577 1400 289 1253 533 127 1396 271 2164 1195 1232 1897 1059 753 2803 1412 614 1105 1280 1899 1791 1634 885 1036 701 1423 1173 1421 892 1785 948 1335 1403 1266 886 39 1331 1593 1367 1299 1333 1361 900 473 1337 2234 1009 1247 1096 766 899 1068 897 2779 1250 1344
1604 1579 935 855 1063 1559 1680 595 417 593 826 1025 215 1007 960 764 1096 987 576 323 959 577 0 1148 399 1002 282 593 1145 510 1912 943 980 1646 807 501 2551 1160 363 853 1028 1648 1539 1383 633 784 449 1171 921 1169 641 1533 696 1083 1151 1015 634 577 1080 1342 1115 1048 1082 1109 648 221 1085 1983 758 995 844 514 647 816 646 2528 999 1092
2256 2231 313 386 754 2211 888 1417 1239 1415 387 1318 1037 795 1254 467 695 1281 1399 1071 349 1400 1148 0 1222 1295 1029 1415 678 1333 2564 1202 1274 2297 928 1248 3203 694 1110 973 1322 2299 747 591 639 1078 1196 53 1215 703 634 2185 628 1377 33 1309 749 1400 1373 550 142 1341 675 718 581 1044 730 2634 872 928 422 1261 589 410 939 3179 1292 639
1678 1653 1008 928 1136 1633 1753 306 61 304 900 1098 234 1081 1034 838 1170 1061 288 397 1033 289 399 1222 0 1075 355 304 1219 154 1986 1017 1054 1719 881 575 2625 1234 436 927 1102 1721 1613 1456 707 858 523 1245 995 1243 714 1607 770 1157 1225 1089 708 288 1153 1415 1189 1121 1155 1183 722 295 1159 2056 832 1069 918 588 721 890 719 2602 1072 1166
2109 2084 1082 1002 1051 2064 1668 1271 1093 1269 973 252 891 996 293 912 1085 320 1252 924 1106 1253 1002 1295 1075 0 882 1269 1134 1186 2417 932 423 2151 796 1102 3056 1149 963 842 255 2153 1528 1371 780 580 1050 1319 460 1158 788 2038 843 311 1299 242 782 1253 307 1330 1262 275 1070 1098 795 897 1074 2488 905 984 991 1115 795 963 634 3033 692 1081
1485 1460 815 735 943 1440 1560 551 373 549 707 905 171 888 841 645 977 868 533 81 840 533 282 1029 355 882 0 549 1026 466 1793 824 861 1527 688 259 2432 1041 120 734 909 1528 1420 1263 514 665 207 1052 802 1050 522 1414 577 964 1032 896 515 533 961 1222 996 929 962 990 529 177 966 1863 639 876 725 272 528 697 526 2409 880 973
1871 1846 1202 1122 1330 1826 1947 61 270 63 1093 1292 427 1274 1227 1031 1363 1254 127 590 1226 127 593 1415 304 1269 549 0 1412 287 2179 1211 1247 1913 1074 768 2818 1427 630 1120 1295 1915 1806 1650 900 1051 716 1438 1188 1436 908 1800 963 1350 1418 1282 901 127 1347 1609 1382 1315 1349 1376 915 488 1352 2250 1025 1262 1111 781 914 1083 913 2795 1266 1359
2253 2227 727 800 205 2207 763 1414 1236 1412 801 1157 1034 362 1092 881 305 1119 1396 1067 763 1396 1145 678 1219 1134 1026 1412 0 1330 2560 752 1112 2294 478 1245 3199 145 1107 524 1160 2296 622 466 923 916 1193 701 1053 153 931 2181 986 1215 681 1147 925 1396 1212 425 645 1180 285 168 939 1040 181 2631 1048 479 836 1258 938 823 548 3176 1131 250
1789 1764 1119 1039 1247 1744 1864 288 120 287 1011 1209 345 1192 1145 949 1281 1172 270 508 1144 271 510 1333 154 1186 466 287 1330 0 2097 1128 1165 1830 992 686 2736 1345 547 1038 1213 1832 1724 1567 818 969 634 1356 1106 1354 825 1718 881 1268 1336 1200 819 271 1264 1526 1300 1232 1266 1294 833 406 1270 2167 942 1180 1029 699 832 1001 830 2712 1183 1277
1314 1289 2171 2091 2299 1269 2708 2002 1824 2000 2062 2261 1622 2244 2196 2001 2332 2223 1984 1655 2195 1984 1733 2384 1806 2238 1614 2000 2381 1917 0 2180 2216 1355 2043 1833 708 2396 1695 2089 2264 1357 2567 2411 1869 2021 1781 2408 2157 2405 1877 1242 1932 2319 2388 2251 1871 1984 2316 2370 2351 2284 2318 2345 1884 1628 2321 102 1994 2231 2080 1846 1883 2052 1882 685 2235 2329
2079 2054 1051 971 698 2034 1315 1240 1062 1238 943 983 860 642 918 881 731 945 1222 894 1076 1223 971 1230 1045 960 852 1238 780 1156 2387 0 938 2120 442 1071 3026 795 933 488 986 2122 1174 1018 750 743 1019 1253 879 804 757 2007 813 1041 1233 973 751 1223 1038 977 1197 1006 717 744 765 867 720 2457 875 630 961 1084 764 933 374 3002 957 727
2088 2063 1060 980 1030 2043 1647 1249 1071 1247 952 198 869 975 487 890 1063 514 1231 903 1085 1232 980 1274 1054 423 861 1247 1112 1165 2395 911 0 2129 774 1080 3035 1127 942 820 297 2131 1506 1350 759 558 1028 1297 74 1136 766 2016 821 352 1277 208 760 1232 151 1309 1241 316 1049 1076 774 876 1052 2466 883 962 970 1093 773 942 613 3011 773 1060
73 205 2183 2103 2311 115 2719 2014 1836 2012 2074 2273 1634 2255 2208 2012 2344 2235 1995 1667 2207 1996 1745 2396 1818 2250 1625 2012 2393 1929 656 2191 2228 0 2055 1845 1295 2408 1706 2101 2276 37 2579 2422 1881 2032 1793 2419 2169 2417 1889 159 1944 2331 2399 2263 1882 1996 2328 2381 2363 2296 2329 2357 1896 1640 2333 727 2006 2243 2092 1858 1895 2064 1894 1272 2247 2340
1915 1890 887 807 396 1870 1013 1076 899 1074 779 819 696 341 754 717 429 781 1058 730 912 1059 807 928 881 796 688 1074 478 992 2223 415 774 1956 0 907 2862 493 769 79 822 1958 872 716 586 579 855 951 715 502 593 1844 649 877 931 809 587 1059 874 675 895 842 415 442 601 703 418 2293 711 328 797 920 600 769 210 2838 793 426
1705 1679 1035 955 1163 1660 1780 770 593 768 926 1125 390 1108 1060 865 1197 1087 752 263 1060 753 501 1248 575 1102 259 768 1245 686 2012 1044 1080 1746 907 0 2651 1260 177 953 1128 1748 1639 1483 733 885 195 1272 1021 1269 741 1633 796 1183 1252 1115 735 753 1180 1442 1215 1148 1182 1210 748 397 1185 2083 858 1095 945 94 748 916 746 2628 1099 1193
1953 1927 2810 2730 2938 1908 3347 2641 2463 2639 2701 2900 2261 2883 2835 2640 2971 2862 2623 2294 2834 2623 2372 3023 2445 2877 2253 2639 3020 2556 708 2819 2855 1994 2682 2472 0 3035 2334 2728 2903 1996 3206 3050 2508 2660 2420 3047 2796 3044 2516 1881 2571 2958 3027 2890 2510 2623 2955 3009 2990 2923 2957 2984 2523 2267 2960 637 2633 2870 2719 2485 2522 2691 2521 152 2874 2968
2268 2243 743 816 135 2223 779 1429 1251 1427 818 1172 1049 378 1107 898 322 1134 1411 1083 779 1412 1160 694 1234 1149 1041 1427 145 1345 2575 768 1127 2309 493 1260 3215 0 1122 539 1175 2311 639 482 939 932 1208 718 1068 59 946 2196 1002 1230 698 1162 940 1412 1227 441 661 1195 302 99 954 1056 111 2646 1063 494 853 1273 953 840 563 3191 1146 266
1566 1541 896 816 1024 1521 1641 632 454 630 788 986 252 969 922 726 1058 949 613 124 921 614 363 1110 436 963 120 630 1107 547 1874 905 942 1608 769 177 2513 1122 0 815 990 1609 1501 1344 595 746 125 1133 883 1131 603 1495 658 1045 1113 977 596 614 1042 1303 1077 1009 1043 1071 610 258 1047 1944 720 957 806 190 609 778 607 2490 961 1054
1961 1935 933 853 441 1915 1058 1122 944 1120 825 865 742 386 800 763 475 827 1104 775 958 1105 853 973 927 842 734 1120 524 1038 2268 460 820 2002 79 953 2907 539 815 0 868 2004 918 761 631 624 901 997 761 548 639 1889 694 923 977 855 633 1104 920 720 940 888 460 488 647 748 464 2339 756 374 843 966 646 814 256 2884 839 471
2136 2110 1108 1028 1078 2090 1695 1297 1119 1295 1000 126 917 1022 320 938 1111 346 1279 950 1133 1280 1028 1322 1102 255 909 1295 1160 1213 2443 959 297 2177 822 1128 3082 1175 990 868 0 2179 1554 1398 806 606 1076 1345 333 1184 814 2064 869 115 1325 116 808 1279 181 1357 1289 50 1097 1124 822 923 1100 2514 931 1010 1018 1141 821 989 661 3059 718 1107
75 207 2185 2105 2313 117 2721 2015 1838 2013 2076 2275 1636 2257 2210 2014 2346 2237 1997 1669 2209 1998 1746 2398 1820 2251 1627 2013 2395 1931 658 2193 2230 37 2057 1847 1297 2410 1708 2103 2278 0 2581 2424 1883 2034 1795 2421 2171 2419 1891 161 1946 2333 2401 2265 1884 1998 2330 2383 2365 2298 2331 2359 1898 1642 2335 728 2008 2245 2094 1859 1897 2066 1896 1274 2249 2342
2441 2415 796 869 699 2396 709 1808 1630 1806 871 1551 1428 740 1486 951 639 1513 1790 1461 833 1791 1539 747 1613 1528 1420 1806 622 1724 2748 1146 1506 2482 872 1639 3388 639 1501 918 1554 2484 0 412 1123 1310 1587 771 1447 648 1118 2369 1112 1609 751 1541 1233 1790 1606 239 714 1574 619 662 1064 1435 675 2819 1356 873 906 1652 1073 893 942 3364 1525 584
2284 2259 640 713 542 2239 335 1652 1474 1650 715 1394 1272 583 1330 794 483 1357 1633 1305 676 1634 1383 591 1456 1371 1263 1650 466 1567 2592 990 1350 2326 716 1483 3231 482 1344 761 1398 2328 412 0 967 1154 1431 614 1291 491 961 2213 956 1453 594 1385 1076 1634 1449 215 558 1417 463 506 908 1278 518 2663 1200 716 750 1496 916 737 785 3208 1368 427
1741 1715 426 346 841 1695 1264 902 724 900 317 803 522 786 739 256 875 765 884 555 450 885 633 639 707 780 514 900 923 818 2048 722 759 1782 586 733 2687 939 595 631 806 1784 1123 967 0 563 681 662 699 947 66 1669 187 862 642 793 247 884 858 926 606 826 860 888 139 528 863 2119 370 773 335 746 138 307 424 2664 777 871
1892 1867 865 785 834 1847 1451 1053 876 1051 756 603 673 779 539 694 868 565 1035 707 889 1036 784 1078 858 580 665 1051 916 969 2200 715 558 1934 579 885 2839 932 746 624 606 1935 1310 1154 563 0 833 1101 499 941 571 1821 626 661 1081 593 564 1036 658 1113 1045 626 853 881 578 680 857 2270 688 767 774 897 577 746 417 2816 348 864
1653 1627 983 903 1111 1607 1728 718 540 716 874 1073 338 1056 1008 813 1144 1035 700 211 1007 701 449 1196 523 1050 207 716 1193 634 1960 992 1028 1694 855 195 2599 1208 125 901 1076 1696 1587 1431 681 833 0 1220 969 1217 689 1581 744 1131 1200 1063 683 701 1128 1390 1163 1096 1130 1157 696 345 1133 2031 806 1043 892 208 695 864 694 2576 1047 1141
2279 2254 336 409 778 2234 911 1440 1263 1438 410 1342 1060 818 1277 490 718 1304 1422 1094 372 1423 1171 53 1245 1319 1052 1438 701 1356 2587 1225 1297 2321 951 1272 3226 718 1133 997 1345 2322 771 614 662 1101 1220 0 1238 727 657 2208 652 1400 57 1332 772 1423 1397 573 166 1365 698 741 604 1067 754 2657 896 952 446 1284 612 433 963 3203 1316 663
2029 2003 1001 921 971 1984 1588 1190 1012 1188 893 235 810 916 478 831 1004 505 1172 843 1026 1173 921 1215 995 460 802 1188 1053 1106 2336 852 74 2070 715 1021 2976 1068 883 761 333 2072 1447 1291 699 499 969 1238 0 1077 707 1957 762 389 1218 245 701 1173 187 1250 1182 353 990 1017 715 817 993 2407 824 903 911 1034 714 882 554 2952 714 1001
2277 2251 752 825 144 2232 788 1438 1260 1436 827 1181 1058 387 1116 906 331 1143 1420 1091 788 1421 1169 703 1243 1158 1050 1436 153 1354 2584 776 1136 2318 502 1269 3224 59 1131 548 1184 2320 648 491 947 941 1217 727 1077 0 955 2205 1010 1239 707 1171 949 1421 1236 450 670 1204 311 108 963 1065 120 2655 1072 503 862 1282 962 849 572 3200 1155 275
1748 1723 420 340 849 1703 1258 910 732 908 312 811 530 794 746 250 883 773 892 563 445 892 641 634 714 788 522 908 931 825 2056 730 766 1790 593 741 2695 946 603 639 814 1792 1118 961 66 571 689 657 707 955 0 1677 182 869 637 801 242 892 866 920 601 834 868 896 134 536 871 2127 365 781 330 754 133 302 432 2672 785 879
117 92 2129 2049 2257 72 2666 1960 1783 1958 2021 2219 1580 2202 2155 1959 2291 2182 1942 1614 2154 1943 1691 2343 1765 2196 1572 1958 2339 1876 603 2138 2175 159 2002 1792 1242 2355 1653 2048 2223 161 2525 2369 1828 1979 1739 2366 2116 2364 1835 0 1890 2278 2346 2209 1829 1943 2274 2328 2310 2242 2276 2304 1843 1587 2280 673 1952 2190 2039 1804 1842 2011 1840 1218 2193 2287
1804 1778 415 335 904 1758 1253 965 787 963 306 866 585 849 802 245 938 828 947 618 439 948 696 628 770 843 577 963 986 881 2111 785 821 1845 649 796 2750 1002 658 694 869 1847 1112 956 187 626 744 652 762 1010 182 1732 0 925 632 856 297 947 921 915 595 889 923 951 78 591 926 2182 420 836 325 809 170 296 487 2727 840 934
2191 2166 1163 1083 1133 2146 1750 1352 1174 1350 1055 181 972 1078 375 993 1166 402 1334 1006 1188 1335 1083 1377 1157 311 964 1350 1215 1268 2498 1014 352 2232 877 1183 3138 1230 1045 923 115 2234 1609 1453 862 661 1131 1400 389 1239 869 2119 925 0 1380 171 863 1335 236 1412 1344 135 1152 1179 877 979 1155 2569 986 1065 1073 1196 876 1045 716 3114 773 1163
2259 2234 316 389 758 2214 891 1420 1243 1418 390 1322 1040 798 1257 470 698 1284 1402 1074 352 1403 1151 33 1225 1299 1032 1418 681 1336 2567 1205 1277 2301 931 1252 3206 698 1113 977 1325 2302 751 594 642 1081 1200 57 1218 707 637 2188 632 1380 0 1312 752 1403 1377 553 146 1345 678 721 584 1047 734 2637 876 932 426 1264 592 413 943 3183 1296 643
2123 2097 1095 1015 1065 2077 1682 1284 1106 1282 987 56 904 1009 306 925 1098 333 1266 937 1120 1266 1015 1309 1089 242 896 1282 1147 1200 2430 945 208 2164 809 1115 3069 1162 977 855 116 2166 1541 1385 793 593 1063 1332 245 1171 801 2051 856 171 1312 0 795 1266 92 1344 1276 136 1084 1111 809 910 1087 2501 918 997 1005 1128 808 976 648 3046 705 1094
1742 1717 535 455 843 1697 1373 903 726 901 427 805 524 787 740 365 876 767 885 557 560 886 634 749 708 782 515 901 925 819 2050 724 760 1784 587 735 2689 940 596 633 808 1785 1233 1076 247 564 683 772 701 949 242 1671 297 863 752 795 0 886 860 1035 716 828 862 889 249 530 865 2120 226 775 445 747 248 417 426 2666 779 872
1856 1831 1186 1106 1314 1811 1931 129 254 127 1078 1276 412 1259 1212 1016 1348 1239 38 575 1211 39 577 1400 288 1253 533 127 1396 271 2164 1195 1232 1897 1059 753 2803 1412 614 1104 1279 1899 1790 1634 884 1036 701 1423 1173 1421 892 1785 947 1335 1403 1266 886 0 1331 1593 1367 1299 1333 1361 900 473 1337 2234 1009 1247 1096 765 899 1067 897 2779 1250 1344
2187 2162 1160 1080 1130 2142 1746 1349 1171 1347 1052 82 969 1074 371 990 1163 398 1331 1002 1185 1331 1080 1373 1153 307 961 1347 1212 1264 2495 1010 151 2229 874 1180 3134 1227 1042 920 181 2231 1606 1449 858 658 1128 1397 187 1236 866 2116 921 236 1377 92 860 1331 0 1408 1340 200 1148 1176 874 975 1152 2566 983 1062 1070 1193 873 1041 713 3111 770 1159
2243 2218 599 672 501 2198 512 1610 1433 1609 673 1353 1231 542 1289 753 442 1316 1592 1264 635 1593 1342 550 1415 1330 1222 1609 425 1526 2551 949 1309 2285 675 1442 3190 441 1303 720 1357 2287 239 215 926 1113 1390 573 1250 450 920 2172 915 1412 553 1344 1035 1593 1408 0 517 1376 422 465 867 1237 477 2622 1159 675 709 1455 875 696 744 3167 1327 386
2223 2198 280 353 722 2178 855 1384 1206 1382 354 1285 1004 762 1221 434 662 1248 1366 1038 316 1367 1115 142 1189 1262 996 1382 645 1300 2531 1169 1241 2264 895 1215 3170 661 1077 940 1289 2266 714 558 606 1045 1163 166 1182 670 601 2152 595 1344 146 1276 716 1367 1340 517 0 1308 642 685 548 1011 697 2601 839 895 389 1228 556 377 906 3146 1259 606
2155 2130 1128 1048 1098 2110 1714 1317 1139 1315 1019 145 937 1042 339 958 1131 366 1299 970 1153 1299 1048 1341 1121 275 929 1315 1180 1232 2463 978 316 2197 842 1148 3102 1195 1009 888 50 2199 1574 1417 826 626 1096 1365 353 1204 834 2084 889 135 1345 136 828 1299 200 1376 1308 0 1116 1144 841 943 1120 2534 951 1030 1038 1161 841 1009 681 3079 738 1127
2189 2164 724 797 354 2144 760 1350 1173 1349 799 1093 971 157 1029 878 41 1056 1332 1004 760 1333 1082 675 1155 1070 962 1349 285 1266 2497 689 1049 2231 415 1182 3136 302 1043 460 1097 2233 619 463 860 853 1130 698 990 311 868 2118 923 1152 678 1084 862 1333 1148 422 642 1116 0 326 875 977 338 2568 985 415 834 1195 874 821 484 3113 1067 58
2217 2192 767 840 84 2172 803 1378 1201 1376 842 1121 998 327 1057 921 346 1083 1360 1032 803 1361 1109 718 1183 1098 990 1376 168 1294 2525 717 1076 2258 442 1210 3164 99 1071 488 1124 2260 662 506 888 881 1157 741 1017 108 896 2146 951 1179 721 1111 889 1361 1176 465 685 1144 326 0 903 1005 60 2595 1013 443 877 1222 902 864 512 3140 1095 290
1756 1731 367 287 856 1711 1205 917 740 915 259 818 537 801 754 197 890 781 899 571 392 900 648 581 722 795 529 915 939 833 2064 737 774 1797 601 748 2703 954 610 647 822 1799 1064 908 139 578 696 604 715 963 134 1685 78 877 584 809 249 900 874 867 548 841 875 903 0 544 879 2134 372 789 277 761 122 249 439 2679 793 886
1500 1475 830 750 958 1455 1575 490 313 488 722 920 110 903 856 660 992 883 472 219 855 473 221 1044 295 897 177 488 1040 406 1808 839 876 1541 703 397 2447 1056 258 748 923 1543 1435 1278 528 680 345 1067 817 1065 536 1429 591 979 1047 910 530 473 975 1237 1011 943 977 1005 544 0 981 1878 653 891 740 409 543 712 541 2423 894 988
2193 2167 779 852 70 2148 815 1354 1176 1352 854 1097 974 303 1032 934 358 1059 1336 1008 815 1337 1085 730 1159 1074 966 1352 181 1270 2500 692 1052 2234 418 1185 3140 111 1047 464 1100 2236 675 518 863 857 1133 754 993 120 871 2121 926 1155 734 1087 865 1337 1152 477 697 1120 338 60 879 981 0 2571 988 419 889 1198 878 876 488 3116 1071 302
1384 1359 2241 2161 2369 1339 2778 2072 1895 2070 2133 2331 1692 2314 2267 2071 2403 2294 2054 1726 2266 2055 1803 2455 1877 2308 1684 2070 2452 1988 102 2250 2287 1426 2114 1904 637 2467 1765 2160 2335 1428 2638 2481 1940 2091 1852 2478 2228 2476 1948 1313 2003 2390 2458 2322 1941 2055 2387 2440 2422 2355 2388 2416 1955 1699 2392 0 2065 2302 2151 1916 1954 2123 1952 614 2306 2399
1866 1840 659 579 966 1820 1497 1027 849 1025 550 928 647 911 864 489 1000 890 1009 680 683 1009 758 872 832 905 639 1025 1048 942 2173 847 883 1907 711 858 2812 1063 720 756 931 1909 1356 1200 370 688 806 896 824 1072 365 1794 420 986 876 918 226 1009 983 1159 839 951 985 1013 372 653 988 2244 0 898 568 871 371 540 549 2789 902 996
2103 2077 977 995 396 2058 1013 1264 1086 1262 967 1007 884 341 942 905 430 969 1246 918 1013 1247 995 928 1069 984 876 1262 479 1180 2410 602 962 2144 328 1095 3050 494 957 374 1010 2146 873 716 773 767 1043 952 903 503 781 2031 836 1065 932 997 775 1247 1062 675 895 1030 415 443 789 891 419 2481 898 0 985 1108 788 956 398 3026 981 426
1952 1927 209 162 913 1907 1047 1113 936 1111 143 1015 733 954 950 183 854 977 1095 767 253 1096 844 422 918 991 725 1111 836 1029 2260 933 970 1993 797 945 2899 853 806 843 1018 1995 906 750 335 774 892 446 911 862 330 1881 325 1073 426 1005 445 1096 1070 709 389 1038 834 877 277 740 889 2330 568 985 0 957 285 106 636 2875 989 798
1717 1692 1048 968 1176 1672 1793 783 605 781 939 1138 403 1120 1073 877 1209 1100 765 276 1072 766 514 1261 588 1115 272 781 1258 699 2025 1057 1093 1759 920 94 2664 1273 190 966 1141 1761 1652 1496 746 897 208 1284 1034 1282 754 1646 809 1196 1264 1128 747 765 1193 1455 1228 1161 1195 1222 761 409 1198 2096 871 1108 957 0 760 929 759 2641 1112 1205
1755 1730 376 296 856 1710 1213 916 739 914 267 818 536 800 753 205 889 780 898 570 400 899 647 589 721 795 528 914 938 832 2063 736 773 1796 600 748 2702 953 609 646 821 1798 1073 916 138 577 695 612 714 962 133 1684 170 876 592 808 248 899 873 875 556 841 874 902 122 543 878 2133 371 788 285 760 0 257 439 2679 792 885
1924 1898 196 78 900 1879 1034 1085 907 1083 49 986 705 941 922 89 841 949 1067 738 182 1068 816 410 890 963 697 1083 823 1001 2231 905 942 1965 769 916 2870 840 778 814 989 1967 893 737 307 746 864 433 882 849 302 1852 296 1045 413 976 417 1067 1041 696 377 1009 821 864 249 712 876 2302 540 956 106 929 257 0 607 2847 960 785
1753 1728 726 646 465 1708 1082 915 737 913 617 657 535 410 593 556 499 620 896 568 750 897 646 939 719 634 526 913 548 830 2061 346 613 1795 210 746 2700 563 607 256 661 1797 942 785 424 417 694 963 554 572 432 1682 487 716 943 648 426 897 713 744 906 681 484 512 439 541 488 2132 549 398 636 759 439 607 0 2677 632 495
1929 1904 2786 2706 2914 1884 3323 2617 2440 2615 2678 2876 2237 2859 2812 2616 2948 2839 2599 2271 2811 2600 2348 3000 2422 2853 2229 2615 2997 2533 685 2795 2832 1971 2659 2449 152 3012 2310 2705 2880 1973 3183 3026 2485 2636 2397 3023 2773 3021 2493 1858 2548 2935 3003 2867 2486 2600 2932 2985 2967 2900 2933 2961 2500 2244 2937 614 2610 2847 2696 2461 2499 2668 2497 0 2851 2944
2106 2081 1079 999 1049 2061 1665 1268 1090 1266 971 715 888 993 423 909 1082 533 1250 921 1104 1250 999 1292 1072 692 880 1266 1131 1183 2414 929 773 2148 793 1099 3053 1146 961 839 718 2150 1525 1368 777 348 1047 1316 714 1155 785 2035 840 773 1296 705 779 1250 770 1327 1259 738 1067 1095 793 894 1071 2485 902 981 989 1112 792 960 632 3030 0 1078
2200 2175 688 761 326 2155 724 1361 1184 1359 763 1104 981 178 1040 843 78 1067 1343 1015 724 1344 1092 639 1166 1081 973 1359 250 1277 2508 700 1060 2242 426 1193 3147 266 1054 471 1107 2243 584 427 871 864 1141 663 1001 275 879 2129 934 1163 643 1094 872 1344 1159 386 606 1127 58 290 886 988 302 2578 996 426 798 1205 885 785 495 3124 1078 0
EOF