NAME : tsp_problem
TYPE : TSP
DIMENSION : 32
EDGE_WEIGHT_TYPE : EXPLICIT
EDGE_WEIGHT_FORMAT : FULL_MATRIX
EDGE_WEIGHT_SECTION
0 2731 2271 2564 2556 2880 2473 2467 2797 2270 2629 2694 2885 2380 2982 2948 2432 2564 2758 2746 796 740 2718 2952 2622 2875 74 2361 2914 2395 2793 1677
2910 0 921 857 1206 237 295 759 931 921 895 824 1019 1030 548 514 1082 856 467 880 2488 2432 795 518 756 522 2951 495 479 1045 927 1854
2450 921 0 755 575 1071 663 657 987 29 820 884 1076 399 1381 1347 451 754 1185 936 2028 1972 908 1351 812 1187 2491 551 1312 414 984 1394
2744 857 755 0 1040 705 599 414 923 754 97 188 1012 864 751 717 916 41 462 872 2321 2266 204 721 748 463 2784 487 682 879 920 1687
2735 1206 575 1040 0 1356 948 942 1272 575 1105 1169 1361 270 1666 1632 349 1039 1470 1221 2313 2257 1193 1636 1097 1472 2776 836 1597 254 1269 1679
3060 237 1071 705 1356 0 445 909 1080 1070 714 642 1169 1180 366 332 1232 714 285 1030 2638 2582 613 336 906 340 3101 645 297 1195 1077 2003
2653 295 663 599 948 445 0 502 673 663 664 729 762 773 755 721 825 599 674 622 2230 2174 753 725 498 729 2693 237 686 788 670 1596
2646 759 657 414 942 909 502 0 825 657 479 543 914 766 1133 1099 818 413 845 774 2224 2168 567 1103 650 846 2687 389 1064 781 822 1590
2976 931 987 923 1272 1080 673 825 0 987 988 1052 653 1096 1391 1357 1148 922 1310 96 2554 2498 1076 1360 628 1355 3017 561 1322 1111 391 1920
2450 921 29 754 575 1070 663 657 987 0 819 884 1076 399 1381 1347 451 754 1185 936 2027 1972 908 1351 812 1186 2490 551 1312 414 983 1393
2809 895 820 97 1105 714 664 479 988 819 0 202 1077 929 759 725 981 106 471 937 2386 2331 213 729 813 472 2850 552 690 944 985 1752
2873 824 884 188 1169 642 729 543 1052 884 202 0 1141 993 688 654 1045 198 399 1001 2451 2395 68 658 877 400 2914 616 619 1008 1049 1817
3065 1019 1076 1012 1361 1169 762 914 653 1076 1077 1141 0 1185 1480 1446 1237 1011 1399 709 2643 2587 1165 1449 397 1444 3106 650 1411 1200 492 2008
2559 1030 399 864 270 1180 773 766 1096 399 929 993 1185 0 1490 1456 274 863 1295 1045 2137 2081 1017 1460 921 1296 2600 660 1421 88 1093 1503
3164 548 1381 751 1666 366 755 1133 1391 1381 759 688 1480 1490 0 95 1542 760 331 1340 2742 2686 659 184 1216 440 3205 955 105 1505 1388 2108
3130 514 1347 717 1632 332 721 1099 1357 1347 725 654 1446 1456 95 0 1508 726 297 1306 2708 2652 625 150 1182 406 3171 921 71 1471 1354 2074
2611 1082 451 916 349 1232 825 818 1148 451 981 1045 1237 274 1542 1508 0 916 1347 1098 2189 2133 1069 1512 973 1348 2652 712 1473 290 1145 1555
2743 856 754 41 1039 714 599 413 922 754 106 198 1011 863 760 726 916 0 471 872 2321 2265 213 730 747 473 2784 487 691 879 919 1687
2939 467 1185 462 1470 285 674 845 1310 1185 471 399 1399 1295 331 297 1347 471 0 1259 2517 2461 371 301 1135 160 2980 874 262 1310 1307 1883
2925 880 936 872 1221 1030 622 774 96 936 937 1001 709 1045 1340 1306 1098 872 1259 0 2503 2447 1026 1310 578 1304 2966 510 1271 1061 457 1869
796 2308 1848 2142 2133 2458 2051 2045 2374 1848 2207 2272 2463 1958 2560 2526 2010 2142 2335 2324 0 85 2296 2530 2200 2453 836 1939 2491 1973 2371 1254
740 2253 1793 2086 2078 2403 1995 1989 2319 1792 2151 2216 2408 1902 2505 2471 1954 2086 2280 2268 85 0 2240 2474 2144 2397 781 1883 2436 1917 2316 1199
2897 795 908 204 1193 613 753 567 1076 908 213 68 1165 1017 659 625 1069 213 371 1026 2475 2419 0 629 901 372 2938 641 590 1033 1073 1841
3134 518 1351 721 1636 336 725 1103 1360 1351 729 658 1449 1460 184 150 1512 730 301 1310 2712 2656 629 0 1186 410 3175 925 115 1475 1357 2078
2801 756 812 748 1097 906 498 650 628 812 813 877 397 921 1216 1182 973 747 1135 578 2379 2323 901 1186 0 1180 2842 386 1147 936 625 1745
3057 522 1187 463 1472 340 729 846 1355 1186 472 400 1444 1296 440 406 1348 473 160 1304 2634 2579 372 410 1180 0 3097 919 371 1311 1352 2000
74 2771 2311 2605 2596 2921 2514 2507 2837 2311 2670 2734 2926 2421 3023 2989 2473 2605 2798 2787 836 781 2759 2993 2662 2916 0 2402 2954 2436 2834 1717
2540 495 551 487 836 645 237 389 561 551 552 616 650 660 955 921 712 487 874 510 2118 2062 641 925 386 919 2581 0 886 676 558 1484
3095 479 1312 682 1597 297 686 1064 1322 1312 690 619 1411 1421 105 71 1473 691 262 1271 2673 2617 590 115 1147 371 3136 886 0 1436 1319 2039
2574 1045 414 879 254 1195 788 781 1111 414 944 1008 1200 88 1505 1471 290 879 1310 1061 2152 2096 1033 1475 936 1311 2615 676 1436 0 1108 1518
2973 927 984 920 1269 1077 670 822 391 983 985 1049 492 1093 1388 1354 1145 919 1307 457 2551 2495 1073 1357 625 1352 3014 558 1319 1108 0 1916
1091 2066 1606 1900 1891 2216 1809 1802 2132 1606 1965 2029 2221 1715 2318 2284 1767 1899 2093 2081 669 613 2053 2288 1957 2210 1132 1696 2249 1730 2129 0
EOF