NAME : tsp_problem
TYPE : TSP
DIMENSION : 44
EDGE_WEIGHT_TYPE : EXPLICIT
EDGE_WEIGHT_FORMAT : FULL_MATRIX
EDGE_WEIGHT_SECTION
0 1586 1040 1273 400 1337 1403 3166 721 898 851 380 1461 346 1362 662 685 985 1165 461 1125 783 1404 326 966 1568 1269 1331 1249 1240 172 1367 1240 182 991 377 2604 623 1496 69 1586 525 385 1264
1586 0 932 420 1413 1302 277 2820 1009 863 854 1393 351 1376 1326 1088 1091 731 1130 1292 1090 942 1369 1464 662 128 1234 287 1214 592 1633 1331 592 1644 884 1362 2259 1032 160 1605 60 1987 1500 1228
1040 932 0 619 953 842 750 2718 549 403 215 933 807 916 866 628 452 331 670 832 629 303 909 824 312 914 774 677 754 586 1087 871 586 1097 112 723 2156 572 842 1058 932 1440 861 768
1273 420 619 0 1100 989 237 2507 696 550 541 1080 294 1063 1013 775 778 417 817 979 776 629 1056 1151 349 401 921 164 900 279 1320 1018 279 1331 571 1049 1946 719 329 1291 420 1674 1187 915
400 1413 953 1100 0 1164 1231 3199 548 725 875 51 1288 233 1189 489 836 812 992 348 952 935 1231 422 793 1395 1097 1158 1076 1067 447 1194 1067 457 905 529 2637 450 1323 418 1413 800 482 1091
1337 1302 842 989 1164 0 1119 3088 760 467 764 1145 1177 1127 687 839 1001 701 199 1043 369 852 756 1360 682 1284 595 1047 479 956 1385 233 956 1395 794 1272 2526 783 1212 1356 1302 1738 1410 589
1403 277 750 237 1231 1119 0 2637 826 680 672 1211 269 1193 1144 905 908 548 947 1109 907 759 1186 1281 479 259 1051 140 1031 410 1451 1149 410 1461 701 1179 2076 849 193 1422 277 1804 1317 1046
2984 2641 2538 2328 3019 2908 2458 0 2615 2469 2460 3000 2515 2982 2933 2694 2697 2337 2736 2898 2696 2548 2975 2926 2268 2623 2840 2386 2820 2294 3031 2938 2294 3042 2490 2968 823 2638 2550 3003 2641 3385 2985 2834
721 1009 549 696 548 760 826 2795 0 321 471 528 884 511 785 223 708 408 588 427 548 559 827 744 389 991 692 754 672 663 768 790 663 779 501 850 2233 167 919 740 1009 1122 803 687
898 863 403 550 725 467 680 2648 321 0 325 705 738 688 492 400 561 262 295 604 255 412 534 921 243 845 400 608 379 516 945 497 516 956 354 832 2087 344 772 917 863 1299 971 394
851 854 215 541 875 764 672 2640 471 325 0 855 729 838 788 550 263 253 592 754 551 114 831 636 234 836 696 599 675 508 899 793 508 909 166 534 2078 494 764 870 854 1252 672 690
380 1393 933 1080 51 1145 1211 3179 528 705 855 0 1268 213 1169 469 816 793 973 328 932 915 1211 403 773 1375 1077 1138 1056 1047 427 1174 1047 437 885 509 2618 430 1303 398 1393 780 462 1071
1461 351 807 294 1288 1177 269 2695 884 738 729 1268 0 1250 1201 963 966 605 1005 1166 964 817 1243 1338 536 333 1109 161 1088 467 1508 1206 467 1518 759 1237 2133 906 260 1479 351 1861 1375 1103
346 1376 916 1063 233 1127 1193 3161 511 688 838 213 1250 0 1151 452 782 775 955 135 915 881 1194 369 756 1358 1059 1121 1039 1029 393 1156 1029 404 867 475 2600 413 1285 364 1376 746 428 1053
1362 1326 866 1013 1189 687 1144 3112 785 492 788 1169 1201 1151 0 864 1025 726 515 1067 475 876 88 1384 706 1308 210 1071 334 980 1409 534 980 1419 818 1296 2551 807 1236 1380 1326 1762 1434 204
662 1088 628 775 489 839 905 2874 223 400 550 469 963 452 864 0 787 487 667 368 627 637 906 685 468 1070 771 833 751 741 709 868 742 720 579 791 2312 73 998 680 1088 1063 744 765
685 1091 452 778 836 1001 908 2877 708 561 263 816 966 782 1025 787 0 490 829 897 788 195 1067 469 471 1073 933 836 912 745 732 1030 745 742 403 368 2315 730 1001 703 1091 1085 506 927
985 731 331 417 812 701 548 2516 408 262 253 793 605 775 726 487 490 0 529 691 489 341 768 863 110 712 633 475 613 384 1033 730 384 1043 283 761 1955 431 640 1004 731 1386 899 627
1165 1130 670 817 992 199 947 2916 588 295 592 973 1005 955 515 667 829 529 0 871 197 680 584 1188 510 1112 423 875 402 784 1213 229 784 1223 621 1100 2354 611 1040 1184 1130 1566 1238 417
461 1292 832 979 348 1043 1109 3077 427 604 754 328 1166 135 1067 368 897 691 871 0 830 841 1110 483 672 1274 975 1037 954 945 508 1072 945 518 783 590 2516 329 1201 479 1292 861 543 969
1125 1090 629 776 952 369 907 2875 548 255 551 932 964 915 475 627 788 489 197 830 0 639 544 1148 470 1071 383 834 362 743 1172 399 743 1182 581 1059 2314 570 999 1143 1090 1525 1197 377
783 942 303 629 935 852 759 2727 559 412 114 915 817 881 876 637 195 341 680 841 639 0 918 568 322 924 784 687 763 595 831 881 596 841 254 466 2166 581 852 802 942 1184 605 778
1404 1369 909 1056 1231 756 1186 3154 827 534 831 1211 1243 1194 88 906 1067 768 584 1110 544 918 0 1427 749 1351 279 1114 403 1022 1451 603 1022 1462 860 1338 2593 850 1278 1422 1369 1805 1476 273
326 1464 824 1151 422 1360 1281 3107 744 921 636 403 1338 369 1384 685 469 863 1188 483 1148 568 1427 0 844 1446 1292 1209 1272 1117 373 1389 1117 383 776 162 2546 646 1373 344 1464 726 77 1286
966 662 312 349 793 682 479 2447 389 243 234 773 536 756 706 468 471 110 510 672 470 322 749 844 0 644 614 407 594 315 1013 711 315 1024 264 742 1886 412 571 985 662 1367 880 608
1568 128 914 401 1395 1284 259 2802 991 845 836 1375 333 1358 1308 1070 1073 712 1112 1274 1071 924 1351 1446 644 0 1216 269 1195 574 1615 1313 574 1626 866 1344 2241 1014 142 1586 128 1968 1482 1210
1269 1234 774 921 1097 595 1051 3020 692 400 696 1077 1109 1059 210 771 933 633 423 975 383 784 279 1292 614 1216 0 979 241 888 1317 442 888 1327 726 1204 2458 715 1144 1288 1234 1670 1342 73
1331 287 677 164 1158 1047 140 2565 754 608 599 1138 161 1121 1071 833 836 475 875 1037 834 687 1114 1209 407 269 979 0 958 337 1378 1076 337 1389 629 1107 2004 777 196 1349 287 1732 1245 973
1249 1214 754 900 1076 479 1031 2999 672 379 675 1056 1088 1039 334 751 912 613 402 954 362 763 403 1272 594 1195 241 958 0 867 1296 315 867 1306 705 1183 2438 694 1123 1267 1214 1649 1321 235
1240 592 586 279 1067 956 410 2474 663 516 508 1047 467 1029 980 741 745 384 784 945 743 595 1022 1117 315 574 888 337 867 0 1287 985 25 1297 537 1015 1912 685 502 1258 592 1640 1154 882
172 1633 1087 1320 447 1385 1451 3213 768 945 899 427 1508 393 1409 709 732 1033 1213 508 1172 831 1451 373 1013 1615 1317 1378 1296 1287 0 1414 1287 87 1039 425 2652 670 1543 191 1633 430 432 1311
1367 1331 871 1018 1194 233 1149 3117 790 497 793 1174 1206 1156 534 868 1030 730 229 1072 399 881 603 1389 711 1313 442 1076 315 985 1414 0 985 1424 823 1301 2556 812 1241 1385 1331 1767 1439 436
1240 592 586 279 1067 956 410 2474 663 516 508 1047 467 1029 980 742 745 384 784 945 743 596 1022 1117 315 574 888 337 867 25 1287 985 0 1297 537 1015 1912 685 502 1258 592 1640 1154 882
182 1644 1097 1331 457 1395 1461 3223 779 956 909 437 1518 404 1419 720 742 1043 1223 518 1182 841 1462 383 1024 1626 1327 1389 1306 1297 87 1424 1297 0 1049 435 2662 681 1553 201 1644 381 443 1321
991 884 112 571 905 794 701 2669 501 354 166 885 759 867 818 579 403 283 621 783 581 254 860 776 264 866 726 629 705 537 1039 823 537 1049 0 674 2108 523 793 1010 884 1392 812 720
377 1362 723 1049 529 1272 1179 3147 850 832 534 509 1237 475 1296 791 368 761 1100 590 1059 466 1338 162 742 1344 1204 1107 1183 1015 425 1301 1015 435 674 0 2586 752 1272 396 1362 778 198 1198
2423 2079 1977 1766 2458 2347 1897 823 2054 1908 1899 2438 1954 2421 2371 2133 2136 1775 2175 2337 2135 1987 2414 2364 1707 2061 2279 1824 2259 1733 2470 2376 1733 2481 1929 2407 0 2077 1989 2441 2080 2823 2424 2273
623 1032 572 719 450 783 849 2817 167 344 494 430 906 413 807 73 730 431 611 329 570 581 850 646 412 1014 715 777 694 685 670 812 685 681 523 752 2256 0 941 641 1032 1024 705 709
1496 160 842 329 1323 1212 193 2730 919 772 764 1303 260 1285 1236 998 1001 640 1040 1201 999 852 1278 1373 571 142 1144 196 1123 502 1543 1241 502 1553 793 1272 2168 941 0 1514 160 1896 1410 1138
69 1605 1058 1291 418 1356 1422 3184 740 917 870 398 1479 364 1380 680 703 1004 1184 479 1143 802 1422 344 985 1586 1288 1349 1267 1258 191 1385 1258 201 1010 396 2623 641 1514 0 1605 544 404 1282
1586 60 932 420 1413 1302 277 2820 1009 863 854 1393 351 1376 1326 1088 1091 731 1130 1292 1090 942 1369 1464 662 128 1234 287 1214 592 1633 1331 592 1644 884 1362 2259 1032 160 1605 0 1987 1500 1228
525 1987 1440 1674 800 1738 1804 3566 1122 1299 1252 780 1861 746 1762 1063 1085 1386 1566 861 1525 1184 1805 726 1367 1968 1670 1732 1649 1640 430 1767 1640 381 1392 778 3005 1024 1896 544 1987 0 786 1664
385 1500 861 1187 482 1410 1317 3167 803 971 672 462 1375 428 1434 744 506 899 1238 543 1197 605 1476 77 880 1482 1342 1245 1321 1154 432 1439 1154 443 812 198 2605 705 1410 404 1500 786 0 1336
1264 1228 768 915 1091 589 1046 3014 687 394 690 1071 1103 1053 204 765 927 627 417 969 377 778 273 1286 608 1210 73 973 235 882 1311 436 882 1321 720 1198 2452 709 1138 1282 1228 1664 1336 0
EOF