NAME : tsp_problem
TYPE : TSP
DIMENSION : 64
EDGE_WEIGHT_TYPE : EXPLICIT
EDGE_WEIGHT_FORMAT : FULL_MATRIX
EDGE_WEIGHT_SECTION
0 1122 833 1225 868 1051 476 2058 519 1628 662 1227 840 1242 1132 846 2039 313 937 481 616 542 834 929 420 995 1166 886 251 136 898 753 1103 468 1127 648 2013 2038 902 486 1226 1076 766 644 470 733 498 2987 118 1138 615 948 1226 1148 985 1050 2946 1244 1037 2397 1226 3006 1223 921
1122 0 700 331 894 263 1325 2083 1104 1653 688 1253 707 1268 704 1695 2065 863 962 1329 1141 747 958 865 746 932 272 912 992 1016 923 1068 598 1316 1153 853 2039 2063 928 1335 1252 95 440 1102 745 1002 721 3013 1067 519 1463 974 1252 568 1011 1075 2972 1270 1063 2423 1252 3032 435 947
833 700 0 803 605 629 669 1794 448 1365 399 964 95 979 711 1039 1776 574 673 674 485 458 303 210 457 276 745 623 703 727 635 413 681 661 864 564 1750 1775 639 679 963 654 345 447 456 347 432 2724 778 716 808 685 963 726 722 786 2683 981 774 2134 963 2743 802 658
1225 331 803 0 997 366 1428 2186 1207 1757 791 1356 810 1371 807 1798 2168 966 1065 1432 1244 850 1061 969 849 1035 101 1015 1095 1119 1027 1171 702 1419 1256 956 2142 2167 1031 1438 1355 285 543 1206 848 1106 824 3116 1170 284 1566 1077 1355 671 1114 1178 3075 1373 1166 2526 1355 3135 538 1050
868 894 605 997 0 823 1229 1472 1008 1042 248 470 612 486 904 1600 1454 610 180 1234 1045 493 863 770 492 837 939 205 738 762 216 973 875 1221 370 599 1428 1452 220 1240 469 848 538 1007 491 907 467 2401 813 910 1368 267 469 920 229 368 2361 488 211 1812 469 2421 996 164
1051 263 629 366 823 0 1254 2013 1033 1583 617 1182 636 1197 583 1624 1994 792 892 1258 1070 676 887 795 675 861 307 841 921 945 853 997 478 1246 1082 782 1968 1993 857 1264 1181 217 369 1032 674 932 650 2942 996 544 1392 903 1181 447 940 1004 2901 1199 992 2352 1181 2961 315 876
476 1325 669 1428 1229 1254 0 2213 331 1783 1024 1588 719 1604 1335 534 2195 768 1298 71 427 996 645 740 874 806 1369 1247 705 590 1259 564 1306 155 1488 1102 2169 2193 1263 100 1587 1279 969 455 924 544 953 3143 572 1341 302 1310 1587 1351 1347 1411 3102 1606 1398 2553 1587 3162 1426 1282
2216 2242 1953 2345 1630 2171 2369 0 2356 1009 1596 1989 1960 2004 2252 2739 120 1957 1699 2374 2393 1841 2211 2118 1840 2185 2286 1648 2086 2110 1660 2321 2223 2361 1889 1947 94 118 1664 2379 1988 2196 1886 2355 1839 2255 1815 1245 2161 2258 2508 1710 1988 2268 1747 1812 1204 2006 1799 655 1988 1264 2343 1683
519 1104 448 1207 1008 1033 331 2198 0 1768 803 1367 498 1383 1114 701 2180 811 1077 335 206 862 424 519 861 585 1148 1026 749 634 1038 343 1085 322 1267 968 2154 2178 1042 341 1366 1058 748 234 859 242 835 3127 615 1120 469 1089 1366 1130 1126 1190 3087 1385 1177 2538 1366 3147 1205 1061
1585 1610 1321 1713 999 1539 1738 835 1725 0 965 1358 1328 1373 1621 2108 817 1326 1067 1742 1762 1210 1579 1487 1209 1553 1655 1017 1455 1479 1028 1689 1592 1729 1258 1316 791 815 1033 1748 1357 1564 1255 1724 1207 1624 1183 1764 1530 1626 1876 1079 1357 1636 1116 1180 1724 1375 1168 1175 1357 1784 1712 1052
662 688 399 791 248 617 1024 1438 803 1008 0 607 406 622 699 1394 1419 404 317 1028 840 288 657 564 287 631 733 266 533 556 278 767 669 1015 507 394 1393 1418 282 1034 606 642 332 801 285 701 261 2367 607 704 1162 328 606 714 365 430 2327 624 417 1777 606 2386 790 301
1227 1253 964 1356 470 1182 1588 1831 1367 1401 607 0 971 128 1263 1959 1813 968 408 1593 1404 852 1222 1129 851 1196 1297 563 1097 1121 575 1332 1234 1580 342 958 1787 1811 579 1599 38 1207 897 1366 850 1266 826 2760 1172 1269 1727 626 38 1279 261 727 2720 130 639 2171 38 2780 1354 392
840 707 95 810 612 636 719 1801 498 1371 406 971 0 986 718 1090 1783 581 680 724 535 465 353 260 464 327 752 630 710 734 641 463 688 711 871 571 1757 1782 646 730 970 661 351 497 463 397 439 2731 785 723 858 692 970 733 729 793 2690 988 781 2141 970 2750 809 665
1242 1268 979 1371 486 1197 1604 1846 1383 1416 622 128 986 0 1279 1974 1828 984 423 1608 1420 868 1237 1144 867 1211 1313 579 1113 1136 590 1347 1249 1595 357 974 1802 1826 595 1614 126 1222 912 1382 865 1281 841 2776 1187 1284 1742 641 126 1294 276 742 2735 61 655 2186 126 2795 1370 408
1132 704 711 807 904 583 1335 2094 1114 1664 699 1263 718 1279 0 1706 2076 874 973 1340 1151 758 969 876 757 943 749 922 1003 1027 934 1079 151 1327 1163 864 2050 2074 938 1346 1262 658 402 1113 755 1013 731 3024 1077 823 1474 985 1262 196 1022 1086 2983 1281 1074 2434 1262 3043 322 957
846 1695 1039 1798 1600 1624 534 2583 701 2154 1394 1959 1090 1974 1706 0 2565 1138 1668 539 798 1367 1016 1110 1244 1177 1740 1618 1075 961 1629 935 1676 409 1859 1473 2539 2564 1634 544 1958 1649 1339 825 1295 914 1323 3513 942 1711 262 1680 1958 1721 1717 1781 3472 1976 1769 2923 1958 3532 1797 1653
2138 2164 1875 2267 1552 2093 2291 120 2279 931 1518 1911 1882 1927 2175 2662 0 1880 1621 2296 2316 1764 2133 2040 1763 2107 2209 1570 2009 2032 1582 2243 2145 2283 1811 1870 76 41 1586 2302 1910 2118 1808 2277 1761 2177 1737 1168 2083 2180 2430 1633 1910 2190 1670 1734 1127 1929 1722 578 1910 1187 2266 1605
313 863 574 966 610 792 768 1799 811 1369 404 968 581 984 874 1138 1781 0 678 772 908 284 832 740 161 806 908 628 184 208 639 942 844 759 869 390 1755 1779 643 778 967 817 508 936 212 877 240 2729 252 879 906 690 967 889 727 791 2688 986 779 2139 967 2748 965 662
937 962 673 1065 180 892 1298 1540 1077 1111 317 408 680 423 973 1668 1522 678 0 1303 1114 562 931 839 561 905 1007 273 807 831 285 1042 944 1290 308 668 1496 1521 289 1308 407 917 607 1076 559 976 535 2470 882 979 1437 335 407 988 166 437 2429 425 349 1880 407 2489 1064 53
481 1329 674 1432 1234 1258 71 2218 335 1788 1028 1593 724 1608 1340 539 2199 772 1303 0 432 1001 650 744 879 811 1374 1252 710 595 1264 569 1310 160 1493 1107 2174 2198 1268 104 1592 1283 974 460 929 549 957 3147 576 1345 307 1314 1592 1355 1351 1416 3107 1610 1403 2557 1592 3166 1431 1287
616 1141 485 1244 1045 1070 427 2235 206 1805 840 1404 535 1420 1151 798 2217 908 1114 432 0 899 461 556 898 623 1185 1063 845 731 1075 309 1122 419 1305 1005 2191 2215 1079 438 1403 1095 785 171 896 377 872 3165 712 1157 566 1126 1403 1167 1163 1227 3124 1422 1215 2575 1403 3184 1242 1098
542 747 458 850 493 676 996 1683 862 1253 288 852 465 868 758 1367 1665 284 562 1001 899 0 716 624 166 690 792 511 413 436 523 826 728 988 753 141 1639 1663 527 1007 851 701 392 861 192 761 168 2613 487 763 1135 574 851 773 611 675 2572 870 663 2023 851 2632 849 546
834 958 303 1061 863 887 645 2052 424 1623 657 1222 353 1237 969 1016 2034 832 931 650 461 716 0 373 715 440 1003 881 961 949 892 389 939 637 1122 822 2008 2033 897 656 1221 912 602 423 714 323 690 2982 930 974 784 943 1221 984 980 1044 2941 1239 1032 2392 1221 3001 1060 916
929 865 210 969 770 795 740 1960 519 1530 564 1129 260 1144 876 1110 1942 740 839 744 556 624 373 0 622 119 910 788 869 892 800 483 847 732 1029 730 1916 1940 804 750 1128 820 510 518 621 418 597 2889 943 882 878 851 1128 891 887 952 2849 1146 939 2300 1128 2909 967 823
420 746 457 849 492 675 874 1682 861 1252 287 851 464 867 757 1244 1664 161 561 879 898 166 715 622 0 689 791 510 290 314 522 825 727 866 751 272 1638 1662 526 884 850 700 390 860 74 759 102 2611 365 762 1013 573 850 772 610 674 2571 869 661 2022 850 2631 848 545
995 932 276 1035 837 861 806 2026 585 1596 631 1196 327 1211 943 1177 2008 806 905 811 623 690 440 119 689 0 977 855 935 959 866 550 913 798 1096 796 1982 2007 871 817 1195 886 576 584 688 484 664 2956 1010 948 945 917 1195 958 954 1018 2915 1213 1006 2366 1195 2975 1034 890
1166 272 745 101 939 307 1369 2128 1148 1698 733 1297 752 1313 749 1740 2110 908 1007 1374 1185 792 1003 910 791 977 0 957 1037 1061 968 1113 643 1361 1198 898 2084 2108 972 1380 1296 227 485 1147 789 1047 765 3058 1111 297 1508 1019 1296 613 1056 1120 3017 1315 1108 2468 1296 3077 480 991
886 912 623 1015 205 841 1247 1490 1026 1060 266 563 630 579 922 1618 1472 628 273 1252 1063 511 881 788 510 855 957 0 756 780 55 991 893 1239 464 617 1446 1470 78 1258 562 866 556 1025 509 925 485 2419 831 928 1386 124 562 938 322 225 2379 581 374 1830 562 2439 1014 257
251 992 703 1095 738 921 705 1928 749 1498 533 1097 710 1113 1003 1075 1910 184 807 710 845 413 961 869 290 935 1037 756 0 145 768 982 973 697 997 518 1884 1908 772 715 1096 946 637 873 341 962 369 2858 196 1008 844 819 1096 1018 856 920 2817 1115 907 2268 1096 2877 1094 791
136 1016 727 1119 762 945 590 1952 634 1522 556 1121 734 1136 1027 961 1933 208 831 595 731 436 949 892 314 959 1061 780 145 0 792 868 997 582 1021 542 1908 1932 796 601 1120 970 660 758 364 847 393 2881 81 1032 729 842 1120 1042 879 944 2841 1138 931 2292 1120 2900 1118 815
898 923 635 1027 216 853 1259 1501 1038 1072 278 575 641 590 934 1629 1483 639 285 1264 1075 523 892 800 522 866 968 55 768 792 0 1003 905 1251 475 629 1457 1482 89 1269 574 878 568 1037 521 937 497 2431 843 940 1398 136 574 949 333 237 2390 592 385 1841 574 2450 1025 269
753 1068 413 1171 973 997 564 2162 343 1733 767 1332 463 1347 1079 935 2144 942 1042 569 309 826 389 483 825 550 1113 991 982 868 1003 0 1049 556 1232 932 2118 2143 1007 575 1331 1022 713 186 824 305 800 3092 849 1084 703 1053 1331 1094 1090 1154 3051 1349 1142 2502 1331 3111 1170 1026
1103 598 681 702 875 478 1306 2065 1085 1635 669 1234 688 1249 151 1676 2046 844 944 1310 1122 728 939 847 727 913 643 893 973 997 905 1049 0 1298 1134 834 2020 2045 909 1316 1233 553 372 1084 726 984 702 2994 1048 793 1444 955 1233 91 992 1057 2953 1251 1044 2404 1233 3013 217 928
468 1316 661 1419 1221 1246 155 2205 322 1775 1015 1580 711 1595 1327 409 2187 759 1290 160 419 988 637 732 866 798 1361 1239 697 582 1251 556 1298 0 1480 1094 2161 2185 1255 166 1579 1270 961 447 916 536 944 3134 564 1333 177 1301 1579 1342 1338 1403 3094 1597 1390 2545 1579 3154 1418 1274
1127 1153 864 1256 370 1082 1488 1731 1267 1301 507 342 871 357 1163 1859 1713 869 308 1493 1305 753 1122 1029 751 1096 1198 464 997 1021 475 1232 1134 1480 0 858 1687 1711 479 1499 341 1107 797 1266 750 1166 726 2660 1072 1169 1627 526 341 1179 161 627 2620 359 539 2071 341 2680 1255 292
648 853 564 956 599 782 1102 1789 968 1359 394 958 571 974 864 1473 1771 390 668 1107 1005 141 822 730 272 796 898 617 518 542 629 932 834 1094 858 0 1745 1769 633 1113 957 807 498 967 298 866 274 2719 593 869 1241 680 957 879 717 781 2678 976 768 2129 957 2738 955 652
2172 2197 1909 2301 1586 2127 2325 94 2312 964 1552 1945 1915 1960 2208 2695 76 1913 1655 2330 2349 1797 2167 2074 1796 2140 2242 1604 2042 2066 1616 2277 2179 2317 1845 1903 0 74 1620 2335 1944 2152 1842 2311 1795 2211 1771 1201 2117 2214 2464 1666 1944 2223 1703 1768 1160 1962 1755 611 1944 1220 2299 1639
2137 2162 1874 2266 1551 2092 2290 118 2277 929 1517 1910 1880 1925 2173 2660 41 1878 1619 2294 2314 1762 2131 2039 1761 2105 2207 1569 2007 2031 1581 2242 2144 2282 1810 1868 74 0 1585 2300 1909 2117 1807 2276 1759 2176 1736 1166 2082 2179 2428 1631 1909 2188 1668 1732 1125 1927 1720 576 1909 1185 2264 1604
902 928 639 1031 220 857 1263 1506 1042 1076 282 579 646 595 938 1634 1488 643 289 1268 1079 527 897 804 526 871 972 78 772 796 89 1007 909 1255 479 633 1462 1486 0 1274 578 882 572 1041 525 941 501 2435 847 944 1402 91 578 954 338 192 2395 597 390 1846 578 2455 1029 273
486 1335 679 1438 1240 1264 100 2223 341 1794 1034 1599 730 1614 1346 544 2205 778 1308 104 438 1007 656 750 884 817 1380 1258 715 601 1269 575 1316 166 1499 1113 2179 2204 1274 0 1598 1289 979 465 935 554 963 3153 582 1351 312 1320 1598 1361 1357 1421 3112 1616 1409 2563 1598 3172 1437 1293
1226 1252 963 1355 469 1181 1587 1830 1366 1400 606 38 970 126 1262 1958 1811 967 407 1592 1403 851 1221 1128 850 1195 1296 562 1096 1120 574 1331 1233 1579 341 957 1786 1810 578 1598 0 1206 896 1365 849 1265 825 2759 1171 1268 1726 625 37 1278 259 726 2719 128 638 2170 37 2778 1353 391
1076 95 654 285 848 217 1279 2037 1058 1608 642 1207 661 1222 658 1649 2019 817 917 1283 1095 701 912 820 700 886 227 866 946 970 878 1022 553 1270 1107 807 1993 2018 882 1289 1206 0 394 1057 699 957 675 2967 1021 474 1417 928 1206 522 965 1029 2926 1224 1017 2377 1206 2986 389 901
766 440 345 543 538 369 969 1728 748 1298 332 897 351 912 402 1339 1710 508 607 974 785 392 602 510 390 576 485 556 637 660 568 713 372 961 797 498 1684 1708 572 979 896 394 0 747 389 647 365 2657 711 456 1108 618 896 417 655 720 2617 914 707 2068 896 2677 542 591
644 1102 447 1206 1007 1032 455 2197 234 1767 801 1366 497 1382 1113 825 2179 936 1076 460 171 861 423 518 860 584 1147 1025 873 758 1037 186 1084 447 1266 967 2153 2177 1041 465 1365 1057 747 0 858 339 834 3126 740 1119 594 1088 1365 1129 1125 1189 3086 1384 1176 2537 1365 3146 1204 1060
470 745 456 848 491 674 924 1680 859 1251 285 850 463 865 755 1295 1662 212 559 929 896 192 714 621 74 688 789 509 341 364 521 824 726 916 750 298 1636 1661 525 935 849 699 389 858 0 758 48 2610 415 761 1063 571 849 771 608 672 2569 867 660 2020 849 2629 846 544
733 1002 347 1106 907 932 544 2097 242 1667 701 1266 397 1281 1013 914 2078 877 976 549 377 761 323 418 759 484 1047 925 962 847 937 305 984 536 1166 866 2053 2077 941 554 1265 957 647 339 758 0 734 3026 829 1019 683 987 1265 1028 1024 1089 2986 1283 1076 2436 1265 3045 1104 960
498 721 432 824 467 650 953 1656 835 1227 261 826 439 841 731 1323 1638 240 535 957 872 168 690 597 102 664 765 485 369 393 497 800 702 944 726 274 1612 1637 501 963 825 675 365 834 48 734 0 2586 443 737 1091 547 825 747 584 648 2545 843 636 1996 825 2605 822 520
2808 2833 2545 2937 2222 2763 2961 1885 2948 1600 2188 2581 2551 2596 2844 3331 1867 2549 2291 2966 2985 2433 2803 2710 2432 2776 2878 2240 2678 2702 2252 2913 2815 2953 2481 2539 1841 1865 2256 2971 2580 2788 2478 2947 2431 2847 2407 0 2753 2850 3100 2302 2580 2859 2339 2404 74 2598 2391 710 2580 110 2935 2275
118 1067 778 1170 813 996 572 2003 615 1573 607 1172 785 1187 1077 942 1984 252 882 576 712 487 930 943 365 1010 1111 831 196 81 843 849 1048 564 1072 593 1958 1983 847 582 1171 1021 711 740 415 829 443 2932 0 1083 710 893 1171 1093 930 995 2891 1189 982 2342 1171 2951 1168 866
1138 519 716 284 910 544 1341 2100 1120 1670 704 1269 723 1284 823 1711 2081 879 979 1345 1157 763 974 882 762 948 297 928 1008 1032 940 1084 793 1333 1169 869 2055 2080 944 1351 1268 474 456 1119 761 1019 737 3029 1083 0 1479 990 1268 838 1027 1091 2988 1286 1079 2439 1268 3048 717 963
615 1463 808 1566 1368 1392 302 2352 469 1922 1162 1727 858 1742 1474 262 2333 906 1437 307 566 1135 784 878 1013 945 1508 1386 844 729 1398 703 1444 177 1627 1241 2308 2332 1402 312 1726 1417 1108 594 1063 683 1091 3281 710 1479 0 1448 1726 1489 1485 1550 3241 1744 1537 2691 1726 3300 1565 1421
948 974 685 1077 267 903 1310 1552 1089 1122 328 626 692 641 985 1680 1534 690 335 1314 1126 574 943 851 573 917 1019 124 819 842 136 1053 955 1301 526 680 1508 1532 91 1320 625 928 618 1088 571 987 547 2482 893 990 1448 0 625 1000 384 137 2441 643 436 1892 625 2501 1076 320
1226 1252 963 1355 469 1181 1587 1830 1366 1400 606 38 970 126 1262 1958 1811 967 407 1592 1403 851 1221 1128 850 1195 1296 562 1096 1120 574 1331 1233 1579 341 957 1786 1810 578 1598 37 1206 896 1365 849 1265 825 2759 1171 1268 1726 625 0 1278 259 726 2719 128 638 2169 37 2778 1353 391
1148 568 726 671 920 447 1351 2109 1130 1679 714 1279 733 1294 196 1721 2091 889 988 1355 1167 773 984 891 772 958 613 938 1018 1042 949 1094 91 1342 1179 879 2065 2090 954 1361 1278 522 417 1129 771 1028 747 3039 1093 838 1489 1000 1278 0 1037 1101 2998 1296 1089 2449 1278 3058 186 973
985 1011 722 1114 229 940 1347 1589 1126 1159 365 261 729 276 1022 1717 1571 727 166 1351 1163 611 980 887 610 954 1056 322 856 879 333 1090 992 1338 161 717 1545 1569 338 1357 259 965 655 1125 608 1024 584 2519 930 1027 1485 384 259 1037 0 485 2478 278 398 1929 259 2538 1113 151
1050 1075 786 1178 368 1004 1411 1653 1190 1224 430 727 793 742 1086 1781 1635 791 437 1416 1227 675 1044 952 674 1018 1120 225 920 944 237 1154 1057 1403 627 781 1609 1634 192 1421 726 1029 720 1189 672 1089 648 2583 995 1091 1550 137 726 1101 485 0 2542 744 537 1993 726 2602 1177 421
2767 2793 2504 2896 2181 2722 2920 1844 2907 1560 2147 2540 2511 2556 2804 3291 1826 2509 2250 2925 2945 2393 2762 2669 2391 2736 2838 2199 2637 2661 2211 2872 2774 2912 2440 2498 1800 1824 2215 2931 2539 2747 2437 2906 2390 2806 2366 74 2712 2809 3059 2262 2539 2819 2299 2363 0 2558 2350 669 2539 94 2895 2234
1244 1270 981 1373 488 1199 1606 1848 1385 1418 624 130 988 61 1281 1976 1830 986 425 1610 1422 870 1239 1146 869 1213 1315 581 1115 1138 592 1349 1251 1597 359 976 1804 1828 597 1616 128 1224 914 1384 867 1283 843 2778 1189 1286 1744 643 128 1296 278 744 2737 0 657 2188 128 2797 1372 410
1037 1063 774 1166 211 992 1398 1641 1177 1211 417 639 781 655 1074 1769 1623 779 349 1403 1215 663 1032 939 661 1006 1108 374 907 931 385 1142 1044 1390 539 768 1597 1621 390 1409 638 1017 707 1176 660 1076 636 2570 982 1079 1537 436 638 1089 398 537 2530 657 0 1981 638 2590 1165 333
2218 2244 1955 2347 1632 2173 2371 1295 2359 1011 1598 1991 1962 2007 2255 2742 1277 1960 1701 2376 2396 1844 2213 2120 1842 2187 2289 1650 2089 2112 1662 2323 2225 2363 1891 1950 1251 1275 1666 2382 1990 2198 1888 2357 1841 2257 1817 710 2163 2260 2510 1713 1990 2270 1750 1814 669 2009 1801 0 1990 729 2346 1685
1226 1252 963 1355 469 1181 1587 1830 1366 1400 606 38 970 126 1262 1958 1811 967 407 1592 1403 851 1221 1128 850 1195 1296 562 1096 1120 574 1331 1233 1579 341 957 1786 1810 578 1598 37 1206 896 1365 849 1265 825 2759 1171 1268 1726 625 37 1278 259 726 2719 128 638 2169 0 2778 1353 391
2827 2853 2564 2956 2241 2782 2980 1904 2967 1620 2207 2600 2571 2615 2863 3351 1886 2568 2310 2985 3004 2452 2822 2729 2451 2796 2897 2259 2697 2721 2271 2932 2834 2972 2500 2558 1860 1884 2275 2991 2599 2807 2497 2966 2450 2866 2426 110 2772 2869 3119 2322 2599 2879 2358 2423 94 2617 2410 729 2599 0 2954 2294
1223 435 802 538 996 315 1426 2185 1205 1755 790 1354 809 1370 322 1797 2167 965 1064 1431 1242 849 1060 967 848 1034 480 1014 1094 1118 1025 1170 217 1418 1255 955 2141 2165 1029 1437 1353 389 542 1204 846 1104 822 3115 1168 717 1565 1076 1353 186 1113 1177 3074 1372 1165 2525 1353 3134 0 1048
921 947 658 1050 164 876 1282 1525 1061 1095 301 392 665 408 957 1653 1507 662 53 1287 1098 546 916 823 545 890 991 257 791 815 269 1026 928 1274 292 652 1481 1505 273 1293 391 901 591 1060 544 960 520 2454 866 963 1421 320 391 973 151 421 2414 410 333 1865 391 2474 1048 0
EOF