NAME : tsp_problem
TYPE : TSP
DIMENSION : 70
EDGE_WEIGHT_TYPE : EXPLICIT
EDGE_WEIGHT_FORMAT : FULL_MATRIX
EDGE_WEIGHT_SECTION
0 450 119 539 1069 563 1012 1332 1422 799 1535 232 93 818 539 899 597 536 124 1420 846 754 879 431 192 1296 664 550 730 450 831 427 1036 925 540 75 836 912 972 795 1306 818 1315 322 540 1025 882 539 1250 905 1234 538 214 405 874 693 1551 579 712 768 1002 996 2415 981 1004 860 2355 178 1083 75
450 0 393 813 801 226 598 919 1601 461 1714 643 504 405 360 720 418 357 535 1599 667 416 465 706 603 882 250 372 551 724 494 702 1215 511 815 485 423 575 559 458 892 405 901 597 815 846 544 813 1429 567 821 359 489 122 695 514 1138 241 375 589 664 583 2594 644 667 523 2534 453 904 485
119 393 0 443 1012 507 955 1276 1366 742 1478 312 173 762 482 842 540 480 204 1364 789 697 822 336 271 1239 607 494 674 354 775 332 980 868 444 154 780 855 916 739 1249 762 1258 227 444 968 825 443 1193 848 1177 482 119 349 818 636 1495 522 656 711 945 940 2358 924 948 804 2299 82 1027 154
539 813 443 0 1432 927 1375 1696 1786 1162 1898 732 593 1182 902 1263 960 900 624 1784 1209 1117 1242 332 691 1659 1027 914 1094 219 1195 328 1400 1288 39 574 1200 1275 1336 1159 1669 1182 1678 255 38 1388 1245 37 1613 1268 1598 902 366 769 1238 1056 1915 942 1076 1131 1365 1360 2778 1344 1368 1224 2719 466 1447 574
1069 801 1012 1432 0 991 331 387 2016 1226 2129 1262 1123 597 617 284 858 689 1154 2014 382 1181 658 1325 1221 350 646 629 400 1343 1259 1321 1630 422 1434 1104 487 1339 440 1223 360 597 369 1216 1433 287 1309 1432 1843 1332 288 678 1108 846 259 468 605 1006 1140 492 1429 451 3009 1408 1432 1288 2949 1072 345 1104
563 226 507 927 991 0 788 1108 1715 382 1827 756 617 595 473 834 532 471 648 1713 781 337 655 820 716 1072 440 485 665 838 297 816 1329 701 928 599 612 378 748 378 1082 594 1091 710 928 959 465 927 1542 488 1010 473 602 236 809 627 1327 162 179 702 518 773 2707 447 470 443 2648 566 1018 599
1012 598 955 1375 331 788 0 448 2163 1023 2276 1205 1066 395 918 585 980 919 1097 2161 682 978 455 1268 1164 412 443 930 700 1286 1056 1264 1777 131 1376 1047 244 1136 148 1020 422 394 431 1159 1376 587 1106 1375 1990 1129 350 921 1051 684 560 768 667 803 937 792 1226 248 3156 1205 1229 1085 3096 1015 646 1047
1332 919 1276 1696 387 1108 448 0 2278 1344 2390 1525 1386 715 974 641 1214 1045 1417 2276 738 1299 775 1588 1485 344 764 986 756 1607 1376 1584 1892 540 1697 1368 604 1457 557 1340 354 715 363 1479 1697 643 1427 1696 2105 1450 282 1034 1371 1005 616 824 247 1124 1257 848 1547 569 3270 1526 1549 1405 3211 1335 702 1368
1580 1759 1524 1944 2172 1873 2321 2434 0 2108 163 1773 1634 2128 1848 2208 1906 1846 1665 48 2155 2063 2188 1837 1733 2397 1973 1860 2040 1855 2141 1833 965 2234 1945 1616 2146 2221 2282 2105 2407 2128 2416 1728 1945 2334 2191 1944 1032 2214 2335 1848 1620 1715 2184 2002 2653 1888 2022 2077 2311 2306 1220 2290 2314 2170 1161 1583 2393 1616
799 461 742 1162 1226 382 1023 1344 1950 0 2062 992 852 830 708 1069 767 706 884 1948 1016 68 890 1055 951 1307 675 720 900 1073 450 1051 1564 936 1163 834 848 369 984 66 1317 829 1326 946 1163 1195 116 1162 1777 139 1245 708 838 471 1044 862 1563 258 518 937 236 1008 2943 280 304 447 2883 801 1253 834
1634 1813 1577 1997 2225 1926 2375 2487 163 2161 0 1827 1688 2181 1901 2262 1960 1899 1719 161 2209 2116 2241 1890 1786 2450 2027 1913 2093 1908 2194 1886 1018 2287 1998 1669 2199 2275 2335 2158 2460 2181 2469 1781 1998 2387 2244 1997 1086 2267 2389 1901 1673 1768 2237 2055 2706 1941 2075 2130 2364 2359 1274 2343 2367 2223 1214 1636 2446 1669
232 643 312 732 1262 756 1205 1525 1615 992 1728 0 261 1011 732 1092 790 729 146 1613 1039 947 1072 624 53 1489 857 743 923 643 1024 620 1229 1118 733 243 1029 1105 1165 988 1499 1011 1508 515 733 1218 1075 732 1443 1098 1427 731 407 598 1067 886 1744 772 905 961 1195 1189 2608 1174 1197 1053 2548 371 1276 243
93 504 173 593 1123 617 1066 1386 1476 852 1589 261 0 872 592 953 651 590 153 1474 900 808 933 485 221 1350 718 604 784 504 885 481 1090 979 594 44 890 966 1026 849 1360 872 1369 376 594 1079 936 593 1304 959 1288 592 268 459 928 747 1605 632 766 821 1055 1050 2469 1035 1058 914 2409 232 1137 44
818 405 762 1182 597 595 395 715 1970 830 2082 1011 872 0 728 852 787 726 903 1968 949 785 80 1075 971 679 250 740 920 1093 862 1071 1584 307 1183 854 219 943 355 827 689 49 697 966 1183 854 913 1182 1797 936 617 728 858 491 827 882 934 610 743 957 1033 379 2962 1012 1035 892 2903 821 912 854
539 360 482 902 617 473 918 974 1690 708 1802 732 592 728 0 448 327 159 624 1688 394 663 789 795 691 937 574 49 279 813 741 791 1304 834 903 574 746 822 882 705 947 728 956 686 903 573 791 902 1517 815 876 148 578 315 423 241 1193 488 622 316 911 906 2683 891 914 770 2623 541 632 574
899 720 842 1263 284 834 585 641 2050 1069 2163 1092 953 852 448 0 688 519 984 2048 212 1024 912 1155 1052 604 900 459 230 1173 1101 1151 1664 677 1264 934 741 1182 694 1066 614 851 623 1046 1264 240 1152 1263 1878 1175 542 508 938 676 56 298 860 849 982 322 1272 705 3043 1251 1274 1131 2983 902 299 934
597 418 540 960 858 532 980 1214 1748 767 1861 790 651 787 327 688 0 338 682 1746 635 722 847 853 750 1178 632 339 519 871 799 849 1362 893 962 632 804 880 940 764 1188 786 1196 744 962 814 850 961 1576 873 1116 327 636 374 663 482 1433 547 680 556 970 965 2741 949 972 829 2681 600 872 632
536 357 480 900 689 471 919 1045 1687 706 1800 729 590 726 159 519 338 0 621 1686 466 661 786 792 689 1009 571 171 350 811 739 788 1302 832 901 572 744 819 880 703 1019 726 1028 683 901 645 789 900 1515 812 947 93 575 313 494 313 1264 486 620 388 909 904 2680 888 912 768 2621 539 703 572
124 535 204 624 1154 648 1097 1417 1507 884 1620 146 153 903 624 984 682 621 0 1505 931 839 964 516 106 1381 749 635 815 535 916 512 1121 1010 625 135 921 997 1057 880 1391 903 1400 407 625 1110 967 624 1335 990 1319 623 299 490 959 778 1636 664 797 853 1087 1081 2500 1066 1089 945 2440 263 1168 135
1579 1758 1522 1942 2170 1871 2320 2432 48 2106 161 1772 1633 2126 1846 2207 1905 1844 1664 0 2154 2061 2186 1835 1731 2395 1972 1858 2038 1853 2139 1831 963 2232 1943 1614 2144 2220 2280 2103 2405 2126 2414 1726 1943 2332 2189 1942 1031 2212 2334 1846 1618 1713 2182 2000 2651 1886 2020 2075 2309 2304 1219 2288 2312 2168 1159 1581 2391 1614
846 667 789 1209 382 781 682 738 1997 1016 2110 1039 900 949 394 212 635 466 931 1995 0 971 1010 1102 998 702 881 406 175 1120 1048 1098 1611 774 1211 881 838 1129 791 1013 712 949 721 993 1210 338 1099 1209 1825 1122 640 455 885 623 187 191 957 796 929 288 1219 803 2990 1198 1221 1078 2930 849 396 881
754 416 697 1117 1181 337 978 1299 1905 68 2017 947 808 785 663 1024 722 661 839 1903 971 0 845 1010 906 1262 630 675 855 1028 485 1006 1519 891 1118 789 803 404 939 65 1272 785 1281 901 1118 1150 151 1117 1732 174 1200 663 793 426 999 817 1518 213 485 892 271 963 2898 315 339 402 2838 756 1208 789
879 465 822 1242 658 655 455 775 2030 890 2143 1072 933 80 789 912 847 786 964 2028 1010 845 0 1135 1031 739 310 800 980 1153 923 1131 1644 368 1243 914 279 1003 415 887 749 85 758 1026 1243 914 973 1242 1857 996 677 788 918 551 887 943 994 670 804 1018 1093 440 3023 1072 1096 952 2963 882 973 914
431 706 336 332 1325 820 1268 1588 1678 1055 1791 624 485 1075 795 1155 853 792 516 1677 1102 1010 1135 0 584 1552 920 807 986 243 1087 74 1293 1181 333 467 1092 1168 1228 1052 1562 1074 1571 147 333 1281 1138 332 1506 1161 1490 794 258 662 1130 949 1807 835 968 1024 1258 1253 2671 1237 1260 1117 2611 359 1339 467
192 603 271 691 1221 716 1164 1485 1575 951 1687 53 221 971 691 1052 750 689 106 1573 998 906 1031 584 0 1448 816 703 883 602 984 580 1189 1077 692 202 989 1064 1125 948 1458 971 1467 475 692 1177 1034 691 1402 1057 1387 691 367 558 1027 845 1704 731 865 920 1154 1149 2568 1133 1157 1013 2508 331 1236 202
1296 882 1239 1659 350 1072 412 344 2241 1307 2354 1489 1350 679 937 604 1178 1009 1381 2239 702 1262 739 1552 1448 0 728 949 720 1570 1340 1548 1855 504 1661 1331 568 1421 521 1304 44 678 99 1443 1660 607 1390 1659 2069 1413 172 998 1335 968 579 788 563 1087 1221 812 1510 532 3234 1489 1513 1369 3174 1299 665 1331
664 250 607 1027 646 440 443 764 1815 675 1928 857 718 250 574 900 632 571 749 1813 881 630 310 920 816 728 0 585 765 938 708 916 1429 356 1028 699 268 789 404 672 738 250 746 811 1028 903 758 1027 1643 781 666 573 703 336 876 728 983 455 589 803 878 428 2808 857 881 737 2748 667 961 699
550 372 494 914 629 485 930 986 1702 720 1814 743 604 740 49 459 339 171 635 1700 406 675 800 807 703 949 585 0 290 825 753 803 1316 846 915 586 758 833 894 717 959 740 968 697 915 585 803 914 1529 826 887 159 589 327 435 253 1205 500 634 328 923 918 2694 902 926 782 2635 553 644 586
730 551 674 1094 400 665 700 756 1881 900 1994 923 784 920 279 230 519 350 815 1879 175 855 980 986 883 720 765 290 0 1005 932 982 1495 792 1095 765 856 1013 809 897 730 919 738 877 1095 356 983 1094 1709 1006 658 339 769 507 205 108 975 680 814 153 1103 820 2874 1082 1105 962 2814 733 414 765
450 724 354 219 1343 838 1286 1607 1697 1073 1809 643 504 1093 813 1173 871 811 535 1695 1120 1028 1153 243 602 1570 938 825 1005 0 1106 239 1311 1199 220 485 1111 1186 1247 1070 1580 1093 1589 166 220 1299 1156 219 1524 1179 1508 813 276 680 1149 967 1826 853 987 1042 1276 1271 2689 1255 1279 1135 2630 377 1358 485
831 494 775 1195 1259 297 1056 1376 1982 450 2095 1024 885 862 741 1101 799 739 916 1981 1048 485 923 1087 984 1340 708 753 932 1106 0 1083 1597 969 1196 867 880 151 1016 460 1350 862 1359 978 1196 1227 351 1195 1810 331 1278 741 870 503 1076 895 1595 429 138 970 291 1040 2975 220 243 711 2915 834 1286 866
427 702 332 328 1321 816 1264 1584 1674 1051 1787 620 481 1071 791 1151 849 788 512 1673 1098 1006 1131 74 580 1548 916 803 982 239 1083 0 1289 1177 329 463 1088 1164 1224 1048 1558 1070 1567 143 329 1277 1134 328 1502 1157 1486 790 254 658 1126 945 1803 831 964 1020 1254 1249 2667 1233 1256 1113 2607 355 1335 463
993 1172 937 1357 1585 1286 1734 1846 791 1521 904 1186 1047 1541 1261 1621 1319 1258 1078 789 1568 1476 1601 1249 1146 1810 1386 1273 1452 1268 1553 1245 0 1647 1358 1029 1558 1634 1694 1518 1820 1540 1829 1140 1358 1747 1604 1357 618 1627 1748 1261 1032 1128 1596 1415 2065 1301 1434 1490 1724 1719 1784 1703 1726 1583 1724 996 1805 1029
925 511 868 1288 422 701 131 540 2076 936 2189 1118 979 307 834 677 893 832 1010 2074 774 891 368 1181 1077 504 356 846 792 1199 969 1177 1690 0 1289 960 130 1049 109 933 514 307 522 1072 1289 679 1019 1288 1903 1042 442 834 964 597 652 860 759 716 850 884 1139 340 3069 1118 1142 998 3009 927 737 960
540 815 444 39 1434 928 1376 1697 1787 1163 1899 733 594 1183 903 1264 962 901 625 1785 1211 1118 1243 333 692 1661 1028 915 1095 220 1196 329 1401 1289 0 575 1201 1276 1337 1160 1670 1183 1679 256 40 1389 1246 39 1614 1269 1599 903 367 770 1239 1057 1916 943 1077 1132 1366 1361 2780 1345 1369 1225 2720 467 1448 575
75 485 154 574 1104 599 1047 1368 1458 834 1570 243 44 854 574 934 632 572 135 1456 881 789 914 467 202 1331 699 586 765 485 867 463 1072 960 575 0 872 947 1008 831 1341 854 1350 358 575 1060 917 574 1285 940 1269 574 250 441 909 728 1587 614 748 803 1037 1032 2450 1016 1040 896 2391 213 1119 25
836 423 780 1200 487 612 244 604 1987 848 2100 1029 890 219 746 741 804 744 921 1986 838 803 279 1092 989 568 268 758 856 1111 880 1088 1602 130 1201 872 0 961 177 844 578 219 587 983 1201 743 931 1200 1815 954 506 746 875 509 716 900 823 628 761 949 1051 268 2980 1030 1053 909 2921 839 802 872
912 575 855 1275 1339 378 1136 1457 2063 369 2176 1105 966 943 822 1182 880 819 997 2061 1129 404 1003 1168 1064 1421 789 833 1013 1186 151 1164 1677 1049 1276 947 961 0 1097 379 1431 943 1439 1059 1276 1308 270 1275 1890 250 1359 821 951 584 1157 976 1676 510 219 1051 209 1121 3056 138 161 783 2996 915 1366 947
972 559 916 1336 440 748 148 557 2123 984 2236 1165 1026 355 882 694 940 880 1057 2122 791 939 415 1228 1125 521 404 894 809 1247 1016 1224 1738 109 1337 1008 177 1097 0 980 531 355 539 1119 1337 696 1067 1336 1951 1090 459 882 1011 645 669 877 776 764 897 901 1187 357 3116 1166 1189 1045 3057 975 755 1008
795 458 739 1159 1223 378 1020 1340 1947 66 2059 988 849 827 705 1066 764 703 880 1945 1013 65 887 1052 948 1304 672 717 897 1070 460 1048 1561 933 1160 831 844 379 980 0 1314 826 1323 942 1160 1191 126 1159 1774 149 1242 705 834 468 1041 859 1559 255 527 934 246 1005 2939 290 314 444 2880 798 1250 831
1306 892 1249 1669 360 1082 422 354 2251 1317 2364 1499 1360 689 947 614 1188 1019 1391 2249 712 1272 749 1562 1458 44 738 959 730 1580 1350 1558 1865 514 1670 1341 578 1431 531 1314 0 688 109 1453 1670 617 1400 1669 2079 1423 182 1008 1345 978 589 798 573 1097 1231 822 1520 542 3244 1499 1523 1379 3184 1309 675 1341
818 405 762 1182 597 594 394 715 1969 829 2082 1011 872 49 728 851 786 726 903 1968 949 785 85 1074 971 678 250 740 919 1093 862 1070 1584 307 1183 854 219 943 355 826 688 0 697 965 1183 854 913 1182 1797 936 617 728 857 491 826 882 934 609 743 957 1032 379 2962 1012 1035 891 2902 821 912 853
1315 901 1258 1678 369 1091 431 363 2260 1326 2373 1508 1369 697 956 623 1196 1028 1400 2258 721 1281 758 1571 1467 99 746 968 738 1589 1359 1567 1874 522 1679 1350 587 1439 539 1323 109 697 0 1462 1679 625 1409 1678 2087 1432 191 1017 1354 987 598 806 582 1106 1240 831 1529 551 3253 1508 1532 1388 3193 1317 684 1350
322 597 227 255 1216 710 1159 1479 1569 946 1682 515 376 966 686 1046 744 683 407 1567 993 901 1026 147 475 1443 811 697 877 166 978 143 1183 1072 256 358 983 1059 1119 942 1453 965 1462 0 256 1172 1029 255 1397 1052 1381 685 149 552 1021 840 1698 726 859 915 1149 1143 2562 1128 1151 1007 2502 250 1230 358
540 815 444 38 1433 928 1376 1697 1787 1163 1899 733 594 1183 903 1264 962 901 625 1785 1210 1118 1243 333 692 1660 1028 915 1095 220 1196 329 1401 1289 40 575 1201 1276 1337 1160 1670 1183 1679 256 0 1389 1246 39 1614 1269 1599 903 367 770 1239 1057 1916 943 1077 1132 1366 1361 2780 1345 1369 1225 2720 467 1448 575
1025 846 968 1388 287 959 587 643 2176 1195 2289 1218 1079 854 573 240 814 645 1110 2174 338 1150 914 1281 1177 607 903 585 356 1299 1227 1277 1790 679 1389 1060 743 1308 696 1191 617 854 625 1172 1389 0 1278 1388 2003 1301 545 634 1064 801 215 424 862 975 1108 448 1398 708 3169 1377 1400 1256 3109 1027 213 1060
882 544 825 1245 1309 465 1106 1427 2033 116 2146 1075 936 913 791 1152 850 789 967 2031 1099 151 973 1138 1034 1390 758 803 983 1156 351 1134 1647 1019 1246 917 931 270 1067 126 1400 913 1409 1029 1246 1278 0 1245 1860 40 1328 791 921 554 1127 945 1646 341 419 1020 137 1091 3026 181 205 530 2966 884 1336 917
539 813 443 37 1432 927 1375 1696 1786 1162 1898 732 593 1182 902 1263 961 900 624 1784 1209 1117 1242 332 691 1659 1027 914 1094 219 1195 328 1400 1288 39 574 1200 1275 1336 1159 1669 1182 1678 255 39 1388 1245 0 1613 1268 1598 902 366 769 1238 1056 1915 942 1076 1131 1365 1360 2779 1344 1368 1224 2719 466 1447 574
1562 1741 1505 1925 2153 1854 2303 2415 206 2090 319 1755 1616 2109 1830 2190 1888 1827 1647 205 2137 2045 2170 1818 1715 2379 1955 1841 2021 1836 2122 1814 946 2216 1927 1597 2127 2203 2263 2086 2389 2109 2398 1709 1927 2316 2173 1926 0 2196 2317 1829 1601 1696 2165 1984 2634 1870 2003 2059 2293 2287 1202 2272 2295 2151 1142 1565 2374 1597
905 567 848 1268 1332 488 1129 1450 2056 139 2169 1098 959 936 815 1175 873 812 990 2054 1122 174 996 1161 1057 1413 781 826 1006 1179 331 1157 1670 1042 1269 940 954 250 1090 149 1423 936 1432 1052 1269 1301 40 1268 1883 0 1352 814 944 577 1150 969 1669 364 399 1044 117 1114 3049 161 185 554 2989 907 1359 940
1234 821 1177 1598 288 1010 350 282 2179 1245 2292 1427 1288 617 876 542 1116 947 1319 2178 640 1200 677 1490 1387 172 666 887 658 1508 1278 1486 1794 442 1599 1269 506 1359 459 1242 182 617 191 1381 1599 545 1328 1598 2007 1352 0 936 1273 906 517 726 501 1025 1159 750 1448 470 3172 1428 1451 1307 3112 1237 603 1269
538 359 482 902 678 473 921 1034 1690 708 1802 731 592 728 148 508 327 93 623 1688 455 663 788 794 691 998 573 159 339 813 741 790 1304 834 903 574 746 821 882 705 1008 728 1017 685 903 634 791 902 1517 814 936 0 577 315 483 302 1253 488 622 377 911 906 2682 890 914 770 2623 541 692 574
214 489 119 366 1108 602 1051 1371 1461 838 1574 407 268 858 578 938 636 575 299 1459 885 793 918 258 367 1335 703 589 769 276 870 254 1075 964 367 250 875 951 1011 834 1345 857 1354 149 367 1064 921 366 1289 944 1273 577 0 444 913 732 1590 618 751 807 1041 1035 2454 1020 1043 899 2394 142 1122 250
405 122 349 769 846 236 684 1005 1557 471 1669 598 459 491 315 676 374 313 490 1555 623 426 551 662 558 968 336 327 507 680 503 658 1171 597 770 441 509 584 645 468 978 491 987 552 770 801 554 769 1384 577 906 315 444 0 651 469 1224 251 385 544 674 669 2549 653 677 533 2490 408 860 441
874 695 818 1238 259 809 560 616 2025 1044 2138 1067 928 827 423 56 663 494 959 2024 187 999 887 1130 1027 579 876 435 205 1149 1076 1126 1640 652 1239 909 716 1157 669 1041 589 826 598 1021 1239 215 1127 1238 1853 1150 517 483 913 651 0 273 835 824 958 297 1247 680 3018 1226 1250 1106 2958 877 274 909
693 514 636 1056 468 627 768 824 1844 862 1956 886 747 882 241 298 482 313 778 1842 191 817 943 949 845 788 728 253 108 967 895 945 1458 860 1057 728 900 976 877 859 798 882 806 840 1057 424 945 1056 1671 969 726 302 732 469 273 0 1043 642 776 187 1065 889 2837 1045 1068 924 2777 695 482 728
1551 1138 1495 1915 605 1327 667 247 2497 1563 2609 1744 1605 934 1193 860 1433 1264 1636 2495 957 1518 994 1807 1704 563 983 1205 975 1826 1595 1803 2111 759 1916 1587 823 1676 776 1559 573 934 582 1698 1916 862 1646 1915 2324 1669 501 1253 1590 1224 835 1043 0 1343 1476 1067 1766 788 3489 1745 1768 1624 3430 1554 921 1587
579 241 522 942 1006 162 803 1124 1730 258 1842 772 632 610 488 849 547 486 664 1728 796 213 670 835 731 1087 455 500 680 853 429 831 1344 716 943 614 628 510 764 255 1097 609 1106 726 943 975 341 942 1557 364 1025 488 618 251 824 642 1343 0 310 717 461 788 2723 505 529 320 2663 581 1033 614
712 375 656 1076 1140 179 937 1257 1863 518 1976 905 766 743 622 982 680 620 797 1862 929 485 804 968 865 1221 589 634 814 987 138 964 1478 850 1077 748 761 219 897 527 1231 743 1240 859 1077 1108 419 1076 1691 399 1159 622 751 385 958 776 1476 310 0 851 359 921 2856 288 311 592 2797 715 1167 748
768 589 711 1131 492 702 792 848 1919 937 2031 961 821 957 316 322 556 388 853 1917 288 892 1018 1024 920 812 803 328 153 1042 970 1020 1533 884 1132 803 949 1051 901 934 822 957 831 915 1132 448 1020 1131 1746 1044 750 377 807 544 297 187 1067 717 851 0 1140 913 2912 1120 1143 999 2852 770 506 803
1002 664 945 1365 1429 518 1226 1547 2153 236 2265 1195 1055 1033 911 1272 970 909 1087 2151 1219 271 1093 1258 1154 1510 878 923 1103 1276 291 1254 1767 1139 1366 1037 1051 209 1187 246 1520 1032 1529 1149 1366 1398 137 1365 1980 117 1448 911 1041 674 1247 1065 1766 461 359 1140 0 1211 3146 121 144 650 3086 1004 1456 1037
996 583 940 1360 451 773 248 569 2148 1008 2260 1189 1050 379 906 705 965 904 1081 2146 803 963 440 1253 1149 532 428 918 820 1271 1040 1249 1762 340 1361 1032 268 1121 357 1005 542 379 551 1143 1361 708 1091 1360 1975 1114 470 906 1035 669 680 889 788 788 921 913 1211 0 3140 1190 1213 1070 3081 999 766 1032
2236 2415 2179 2599 2827 2528 2976 3089 1860 2763 1973 2429 2290 2783 2503 2864 2562 2501 2321 1858 2811 2718 2843 2492 2388 3052 2628 2515 2695 2510 2796 2488 1620 2889 2600 2271 2801 2876 2937 2760 3062 2783 3071 2383 2600 2989 2846 2599 1687 2869 2991 2503 2275 2370 2839 2657 3308 2543 2677 2732 2966 2961 0 2945 2969 2825 93 2238 3048 2271
981 644 924 1344 1408 447 1205 1526 2132 280 2245 1174 1035 1012 891 1251 949 888 1066 2130 1198 315 1072 1237 1133 1489 857 902 1082 1255 220 1233 1746 1118 1345 1016 1030 138 1166 290 1499 1012 1508 1128 1345 1377 181 1344 1959 161 1428 890 1020 653 1226 1045 1745 505 288 1120 121 1190 3125 0 68 694 3065 984 1435 1016
1004 667 948 1368 1432 470 1229 1549 2155 304 2268 1197 1058 1035 914 1274 972 912 1089 2154 1221 339 1096 1260 1157 1513 881 926 1105 1279 243 1256 1770 1142 1369 1040 1053 161 1189 314 1523 1035 1532 1151 1369 1400 205 1368 1983 185 1451 914 1043 677 1250 1068 1768 529 311 1143 144 1213 3148 68 0 718 3088 1007 1459 1039
860 523 804 1224 1288 443 1085 1405 2012 447 2124 1053 914 892 770 1131 829 768 945 2010 1078 402 952 1117 1013 1369 737 782 962 1135 711 1113 1626 998 1225 896 909 783 1045 444 1379 891 1388 1007 1225 1256 530 1224 1839 554 1307 770 899 533 1106 924 1624 320 592 999 650 1070 3004 694 718 0 2945 863 1315 896
2176 2355 2119 2539 2767 2468 2917 3029 1800 2703 1913 2369 2230 2723 2443 2804 2502 2441 2261 1799 2751 2659 2784 2432 2328 2993 2569 2455 2635 2450 2736 2428 1560 2830 2541 2211 2741 2817 2877 2700 3003 2723 3011 2323 2540 2930 2787 2539 1628 2810 2931 2443 2215 2310 2779 2598 3248 2483 2617 2672 2906 2901 93 2886 2909 2765 0 2179 2988 2211
178 453 82 466 1072 566 1015 1335 1425 801 1538 371 232 821 541 902 600 539 263 1423 849 756 882 359 331 1299 667 553 733 377 834 355 1039 927 467 213 839 915 975 798 1309 821 1317 250 467 1027 884 466 1252 907 1237 541 142 408 877 695 1554 581 715 770 1004 999 2418 984 1007 863 2358 0 1086 213
1083 904 1027 1447 345 1018 646 702 2234 1253 2347 1276 1137 912 632 299 872 703 1168 2233 396 1208 973 1339 1236 665 961 644 414 1358 1286 1335 1849 737 1448 1119 802 1366 755 1250 675 912 684 1230 1448 213 1336 1447 2062 1359 603 692 1122 860 274 482 921 1033 1167 506 1456 766 3227 1435 1459 1315 3168 1086 0 1119
75 485 154 574 1104 599 1047 1368 1457 834 1570 243 44 854 574 934 632 572 135 1456 881 789 914 467 202 1331 699 586 765 485 866 463 1072 960 575 25 872 947 1008 831 1341 853 1350 358 575 1060 917 574 1285 940 1269 574 250 441 909 728 1587 614 748 803 1037 1032 2450 1016 1039 896 2391 213 1119 0
EOF