NAME : tsp_problem
TYPE : TSP
DIMENSION : 38
EDGE_WEIGHT_TYPE : EXPLICIT
EDGE_WEIGHT_FORMAT : FULL_MATRIX
EDGE_WEIGHT_SECTION
0 2793 955 960 272 183 661 457 909 1757 1005 648 840 779 952 792 299 670 902 552 434 503 1045 480 1973 789 770 872 1005 233 827 963 705 341 514 622 1007 248
2614 0 2946 2951 2792 2475 2294 2931 2900 1863 2639 2639 2831 3005 2943 2784 2826 2944 3012 2543 2605 3030 3271 3007 1103 2780 2404 2863 2639 2748 2818 2954 2339 2868 3041 2256 2641 2829
955 3126 0 1134 771 816 994 554 1083 2089 1338 822 237 483 1126 967 690 368 104 726 946 747 750 724 2306 963 1103 397 1338 789 1001 67 1038 662 758 955 1340 820
960 3131 1134 0 1138 821 999 1331 655 2094 1343 437 1019 1401 577 316 1173 1286 1200 538 951 1377 1667 1354 2311 330 1108 1051 1343 1095 351 1142 1043 1215 1387 960 1345 1176
272 2971 771 1138 0 361 839 256 1087 1935 1183 826 792 577 1130 970 98 468 700 730 613 301 844 279 2151 967 948 952 1183 81 1005 773 883 140 312 801 1185 120
183 2654 816 821 361 0 522 554 770 1618 867 509 701 875 813 654 396 766 882 413 296 599 1142 577 1834 650 631 733 867 317 688 824 567 438 610 484 869 398
661 2474 994 999 839 522 0 1032 947 1437 590 686 879 1261 990 831 874 1145 1059 590 652 1077 1527 1055 1654 827 194 910 590 795 866 1001 129 916 1088 208 592 876
457 3113 554 1331 256 554 1032 0 1279 2076 1376 1019 575 360 1322 1163 174 251 483 922 805 232 626 209 2293 1160 1141 735 1376 274 1198 556 1076 146 242 993 1378 305
909 3079 1083 655 1087 770 947 1279 0 2043 1292 582 968 1350 112 437 1122 1234 1148 388 900 1325 1616 1302 2260 723 1057 1000 1292 1043 335 1091 992 1163 1336 909 1294 1124
1884 1193 2217 2222 2062 1745 1565 2202 2170 0 1909 1909 2102 2275 2213 2054 2097 2215 2282 1813 1875 2300 2542 2278 373 2050 1674 2133 1909 2018 2089 2224 1609 2139 2311 1526 1911 2099
1005 2818 1338 1343 1183 867 590 1376 1292 1782 0 1031 1223 1605 1335 1175 1218 1489 1403 935 997 1422 1871 1399 1999 1172 700 1255 63 1140 1210 1346 635 1260 1433 477 62 1221
648 2818 822 437 826 509 686 1019 582 1782 1031 0 707 1089 530 269 861 973 887 225 639 1064 1355 1041 1999 184 796 739 1031 782 304 830 731 902 1075 648 1033 863
840 3011 237 1019 792 701 879 575 968 1974 1223 707 0 504 1011 852 711 389 303 611 831 768 770 745 2191 848 988 283 1223 810 886 245 923 682 779 840 1225 841
779 3187 483 1401 577 875 1261 360 1350 2150 1605 1089 504 0 1393 1234 496 229 413 993 1127 553 433 530 2367 1230 1370 664 1605 595 1268 485 1305 468 564 1222 1607 626
952 3122 1126 577 1130 813 990 1322 112 2086 1335 530 1011 1393 0 360 1165 1277 1191 431 943 1368 1659 1345 2303 671 1100 1043 1335 1086 258 1134 1035 1206 1379 952 1337 1167
792 2963 967 316 970 654 831 1163 437 1927 1175 269 852 1234 360 0 1005 1118 1032 370 784 1209 1500 1186 2143 410 940 883 1175 927 133 974 875 1047 1220 793 1177 1008
299 3006 690 1173 98 396 874 174 1122 1969 1218 861 711 496 1165 1005 0 387 619 765 647 220 762 197 2186 1002 983 871 1218 116 1040 692 918 58 231 835 1220 147
670 3126 368 1286 468 766 1145 251 1234 2089 1489 973 389 229 1277 1118 387 0 297 877 1018 444 495 421 2306 1114 1254 549 1489 486 1153 370 1189 359 455 1106 1491 517
902 3191 104 1200 700 882 1059 483 1148 2155 1403 887 303 413 1191 1032 619 297 0 791 1012 676 679 653 2371 1028 1168 463 1403 718 1067 106 1103 591 687 1020 1405 749
552 2722 726 538 730 413 590 922 388 1686 935 225 611 993 431 370 765 877 791 0 543 968 1259 945 1903 366 700 643 935 686 405 734 635 806 979 552 937 767
434 2784 946 951 613 296 652 805 900 1748 997 639 831 1127 943 784 647 1018 1012 543 0 851 1393 828 1965 780 762 863 997 569 818 954 697 689 862 614 999 650
503 3209 747 1377 301 599 1077 232 1325 2173 1422 1064 768 553 1368 1209 220 444 676 968 851 0 820 166 2390 1205 1187 928 1422 319 1243 749 1122 192 152 1039 1424 350
1045 3453 750 1667 844 1142 1527 626 1616 2416 1871 1355 770 433 1659 1500 762 495 679 1259 1393 820 0 797 2633 1496 1636 931 1871 862 1534 751 1571 734 830 1488 1873 892
480 3187 724 1354 279 577 1055 209 1302 2150 1399 1041 745 530 1345 1186 197 421 653 945 828 166 797 0 2367 1182 1164 905 1399 297 1221 726 1099 169 177 1016 1401 327
1711 1155 2043 2048 1889 1572 1392 2028 1997 960 1736 1736 1929 2102 2040 1881 1924 2041 2109 1640 1702 2127 2368 2104 0 1877 1501 1960 1736 1845 1915 2051 1436 1965 2138 1353 1738 1926
789 2959 963 330 967 650 827 1160 723 1923 1172 184 848 1230 671 410 1002 1114 1028 366 780 1205 1496 1182 2140 0 937 880 1172 923 445 971 872 1043 1216 789 1174 1004
770 2583 1103 1108 948 631 194 1141 1057 1547 700 796 988 1370 1100 940 983 1254 1168 700 762 1187 1636 1164 1764 937 0 1020 700 905 975 1111 104 1025 1198 317 702 986
872 3042 397 1051 952 733 910 735 1000 2006 1255 739 283 664 1043 883 871 549 463 643 863 928 931 905 2223 880 1020 0 1255 970 918 405 955 843 939 872 1257 1001
1005 2818 1338 1343 1183 867 590 1376 1292 1782 63 1031 1223 1605 1335 1175 1218 1489 1403 935 997 1422 1871 1399 1999 1172 700 1255 0 1140 1210 1346 635 1260 1433 477 61 1221
233 2927 789 1095 81 317 795 274 1043 1891 1140 782 810 595 1086 927 116 486 718 686 569 319 862 297 2108 923 905 970 1140 0 961 791 840 158 330 757 1142 138
827 2998 1001 351 1005 688 866 1198 335 1961 1210 304 886 1268 258 133 1040 1153 1067 405 818 1243 1534 1221 2178 445 975 918 1210 961 0 1009 910 1082 1254 827 1212 1042
963 3133 67 1142 773 824 1001 556 1091 2097 1346 830 245 485 1134 974 692 370 106 734 954 749 751 726 2314 971 1111 405 1346 791 1009 0 1046 663 759 963 1348 822
705 2518 1038 1043 883 567 129 1076 992 1482 635 731 923 1305 1035 875 918 1189 1103 635 697 1122 1571 1099 1699 872 104 955 635 840 910 1046 0 960 1133 252 637 921
341 3048 662 1215 140 438 916 146 1163 2011 1260 902 682 468 1206 1047 58 359 591 806 689 192 734 169 2228 1043 1025 843 1260 158 1082 663 960 0 203 877 1262 188
514 3220 758 1387 312 610 1088 242 1336 2184 1433 1075 779 564 1379 1220 231 455 687 979 862 152 830 177 2401 1216 1198 939 1433 330 1254 759 1133 203 0 1050 1435 361
622 2435 955 960 801 484 208 993 909 1399 477 648 840 1222 952 793 835 1106 1020 552 614 1039 1488 1016 1616 789 317 872 477 757 827 963 252 877 1050 0 479 838
1007 2820 1340 1345 1185 869 592 1378 1294 1784 62 1033 1225 1607 1337 1177 1220 1491 1405 937 999 1424 1873 1401 2001 1174 702 1257 61 1142 1212 1348 637 1262 1435 479 0 1223
248 3008 820 1176 120 398 876 305 1124 1972 1221 863 841 626 1167 1008 147 517 749 767 650 350 892 327 2189 1004 986 1001 1221 138 1042 822 921 188 361 838 1223 0
EOF