NAME : tsp_problem
TYPE : TSP
DIMENSION : 84
EDGE_WEIGHT_TYPE : EXPLICIT
EDGE_WEIGHT_FORMAT : FULL_MATRIX
EDGE_WEIGHT_SECTION
0 307 473 813 792 1006 492 1062 147 2764 1830 1177 746 1111 869 775 589 975 854 1050 433 828 92 593 563 1085 606 868 633 1446 937 309 855 296 423 776 538 896 1919 1944 574 875 358 1918 339 936 2805 852 766 1165 662 599 431 446 1160 669 43 814 937 706 785 752 1470 878 377 1492 2209 862 951 770 861 738 894 1062 727 1045 868 808 1918 1054 1390 843 2765 2764
307 0 331 937 916 1130 616 1186 270 2888 1953 1300 870 1234 993 899 469 1098 977 1174 292 951 297 717 687 1208 729 992 757 1570 1060 167 979 437 547 900 662 1020 2042 2068 698 999 216 2042 544 1060 2929 976 890 1289 785 723 240 570 1284 793 302 938 1060 829 909 875 1593 1001 348 1616 2332 985 1075 893 984 861 1017 1186 851 1168 992 932 2042 1178 1513 967 2888 2888
473 331 0 1103 1082 1296 782 1352 437 3054 2120 1467 1036 1400 1159 1065 685 1265 1144 1340 131 1118 463 883 853 1375 896 1158 923 1736 1226 228 1145 345 713 1066 828 1186 2208 2234 864 1165 277 2208 462 1226 3095 1142 1056 1455 952 889 456 736 1450 959 468 1104 1227 995 1075 1041 1760 1168 255 1782 2498 1152 1241 1059 1151 1028 1184 1352 1017 1335 1158 1098 2208 1344 1680 1133 3054 3054
813 937 1103 0 158 1087 732 1143 705 2845 1911 645 112 579 602 856 1021 1056 935 419 1063 775 803 313 803 302 845 85 427 1527 1018 939 936 1007 434 87 319 113 2000 2025 355 608 988 1999 1050 1017 2886 794 847 383 743 839 1061 527 629 463 808 816 1018 262 73 833 938 959 1088 961 2290 98 746 851 942 802 664 1143 967 1126 768 174 1999 271 1471 795 2846 2845
792 916 1082 158 0 1067 711 1123 684 2825 1890 773 69 707 730 835 1001 1035 914 547 1043 903 782 293 782 430 825 213 406 1507 997 918 916 986 414 121 298 241 1979 2005 334 736 967 1979 1030 996 2866 922 827 510 722 818 1041 507 757 443 787 944 997 242 130 812 1066 938 1068 1089 2269 226 873 830 921 930 792 1123 946 1105 896 67 1979 399 1450 923 2825 2825
1006 1130 1296 1087 1067 0 925 194 898 2681 1746 1609 1021 1543 1302 521 1214 124 192 1476 1256 1260 996 868 996 1359 1038 1143 907 1362 295 1132 601 1200 697 1051 813 1171 1835 1861 848 1308 1181 1835 1243 163 2722 1285 587 1440 482 1032 1254 659 1593 944 1001 1247 295 980 1060 497 1902 228 1281 1925 2125 1136 1384 284 606 1170 1327 194 1160 177 1301 1083 1835 1328 1306 1276 2681 2681
492 616 782 732 711 925 0 981 384 2683 1749 729 665 663 421 694 701 894 773 603 743 380 482 512 115 925 158 787 552 1365 855 618 774 686 342 695 457 815 1837 1863 493 428 667 1837 729 855 2724 404 685 727 580 151 741 365 712 588 487 366 856 624 704 670 1022 797 768 1045 2127 781 504 688 780 290 446 981 280 964 420 727 1837 735 1309 395 2683 2683
1062 1186 1352 1143 1123 194 981 0 954 2737 1802 1665 1077 1599 1358 576 1270 173 248 1532 1312 1316 1052 923 1052 1415 1094 1199 963 1418 351 1188 657 1256 753 1106 868 1226 1891 1917 904 1364 1237 1891 1299 219 2778 1341 643 1496 538 1088 1310 715 1649 1000 1057 1303 351 1036 1116 553 1958 278 1337 1981 2181 1192 1440 340 662 1226 1382 60 1216 129 1357 1139 1891 1384 1362 1332 2737 2737
147 270 437 705 684 898 384 954 0 2656 1721 1068 638 1002 761 667 480 866 745 942 397 719 137 485 455 976 497 760 525 1338 828 273 747 341 315 668 430 788 1810 1836 466 767 322 1810 384 827 2697 744 658 1057 553 491 395 338 1052 561 141 706 828 597 677 643 1361 769 422 1384 2100 753 843 661 752 629 785 954 619 936 760 700 1810 946 1281 735 2656 2656
2585 2708 2875 2666 2645 2501 2504 2557 2476 0 1798 2980 2599 2914 2880 2270 2793 2470 2349 2822 2835 2839 2575 2446 2575 2938 2617 2721 2486 1560 2432 2711 2350 2779 2276 2629 2391 2749 1887 1912 2427 2887 2759 1887 2822 2431 75 2863 2261 2897 2157 2611 2833 2238 2963 2522 2579 2825 2432 2558 2638 2247 3273 2373 2860 3296 625 2715 2963 2265 2356 2749 2905 2557 2739 2540 2880 2661 1887 2842 1503 2854 54 53
1988 2112 2278 2069 2049 1904 1907 1960 1880 1158 0 2383 2002 2317 2283 1673 2196 1873 1752 2225 2238 2242 1978 1849 1978 2341 2020 2124 1889 963 1835 2114 1754 2182 1679 2032 1794 2152 119 161 1830 2290 2163 119 2225 1834 1199 2266 1664 2300 1560 2014 2236 1641 2367 1926 1983 2229 1835 1962 2042 1650 2676 1776 2263 2699 603 2118 2366 1668 1759 2152 2308 1960 2142 1943 2283 2064 119 2246 907 2258 1159 1159
1177 1300 1467 645 773 1609 729 1665 1068 3161 2227 0 727 217 363 1378 1385 1578 1457 335 1427 536 1166 928 650 603 748 641 1042 1843 1540 1302 1458 1371 1026 702 934 605 2316 2341 970 370 1351 2316 1414 1539 3202 555 1369 460 1265 741 1425 1049 74 1078 1171 578 1540 866 688 1355 322 1481 1452 345 2606 654 507 1373 1464 564 425 1665 869 1648 529 789 2316 413 1787 556 3162 3162
746 870 1036 112 69 1021 665 1077 638 2779 1844 727 0 661 684 789 955 989 868 501 997 856 736 247 736 384 779 167 360 1460 951 872 870 940 368 75 252 195 1933 1959 288 690 921 1933 983 950 2820 875 781 464 676 772 995 461 710 397 741 898 951 196 84 766 1020 892 1022 1043 2223 180 827 784 875 884 746 1077 900 1059 850 100 1933 353 1404 876 2779 2779
1111 1234 1400 579 707 1543 663 1599 1002 3095 2161 217 661 0 297 1312 1319 1512 1391 269 1361 470 1100 862 584 537 682 575 976 1777 1474 1236 1392 1304 960 636 868 539 2250 2275 904 304 1285 2250 1348 1473 3136 489 1303 394 1199 675 1359 983 201 1012 1105 512 1474 800 622 1289 510 1415 1386 533 2540 588 441 1307 1398 498 359 1599 803 1582 463 723 2250 347 1721 490 3096 3096
869 993 1159 602 730 1302 421 1358 761 3060 2125 363 684 297 0 1070 1077 1270 1149 237 1119 196 859 885 342 559 440 598 928 1741 1232 995 1151 1063 718 659 834 562 2214 2240 870 45 1044 2214 1106 1231 3101 247 1062 362 957 434 1117 742 347 965 864 270 1232 822 645 1047 656 1173 1144 679 2504 610 199 1065 1156 256 85 1358 562 1340 222 746 2214 370 1685 248 3060 3060
775 899 1065 856 835 521 694 576 667 2449 1515 1378 789 1312 1070 0 983 489 368 1245 1025 1029 765 636 765 1128 807 911 676 1131 451 901 168 969 466 819 581 939 1604 1629 617 1077 950 1604 1012 450 2490 1053 356 1209 251 801 1023 428 1362 713 770 1016 451 749 829 64 1671 392 1050 1694 1894 905 1153 284 173 939 1095 577 929 559 1070 851 1604 1097 1075 1044 2450 2450
589 469 685 1021 1001 1214 701 1270 480 2972 2038 1385 955 1319 1077 983 0 1183 1062 1259 645 1036 578 802 772 1293 814 1077 841 1654 1145 521 1064 783 631 985 747 1105 2127 2152 782 1084 569 2127 826 1144 3013 1060 974 1374 870 808 261 654 1369 878 583 1022 1145 914 994 960 1678 1086 701 1701 2417 1070 1160 978 1069 946 1102 1270 936 1253 1077 1017 2127 1262 1598 1051 2973 2973
975 1098 1265 1056 1035 124 894 173 866 2649 1715 1578 989 1512 1270 489 1183 0 178 1445 1225 1229 964 836 964 1327 1007 1111 876 1331 280 1101 569 1169 666 1019 781 1139 1803 1829 817 1277 1149 1803 1212 148 2690 1253 555 1408 451 1000 1223 628 1561 912 969 1215 280 948 1028 466 1871 123 1250 1894 2093 1104 1353 252 575 1139 1295 173 1128 156 1269 1051 1803 1297 1275 1244 2649 2649
854 977 1144 935 914 192 773 248 745 2528 1594 1457 868 1391 1149 368 1062 178 0 1324 1104 1108 843 715 843 1206 886 990 755 1210 142 980 448 1048 545 898 660 1018 1683 1708 696 1156 1028 1683 1091 122 2569 1132 434 1287 330 880 1102 507 1441 791 848 1094 142 827 907 345 1750 185 1129 1773 1973 984 1232 131 454 1018 1174 248 1008 231 1148 930 1683 1176 1154 1123 2529 2528
1050 1174 1340 419 547 1476 603 1532 942 3003 2069 335 501 269 237 1245 1259 1445 1324 0 1301 410 1040 702 524 377 622 415 816 1685 1407 1176 1326 1244 824 476 708 380 2158 2183 744 244 1225 2158 1288 1406 3044 429 1236 150 1132 615 1299 916 319 852 1045 452 1407 640 462 1222 628 1348 1326 651 2448 428 381 1240 1331 438 299 1532 743 1515 403 563 2157 187 1629 430 3004 3003
433 292 131 1063 1043 1256 743 1312 397 3014 2080 1427 997 1361 1119 1025 645 1225 1104 1301 0 1078 423 844 814 1335 856 1119 883 1696 1187 188 1106 305 673 1027 789 1147 2169 2194 824 1126 237 2169 422 1186 3055 1102 1016 1416 912 850 416 696 1411 920 428 1064 1187 956 1036 1002 1720 1128 216 1743 2459 1112 1202 1020 1111 988 1144 1312 978 1295 1119 1059 2169 1304 1640 1093 3015 3015
828 951 1118 775 903 1260 380 1316 719 3018 2084 536 856 470 196 1029 1036 1229 1108 410 1078 0 817 847 301 732 399 771 887 1700 1191 953 1109 1022 677 831 792 735 2173 2198 828 190 1002 2173 1065 1190 3059 329 1020 535 916 392 1076 700 520 924 822 291 1191 960 818 1006 829 1132 1103 852 2463 783 372 1024 1115 139 138 1316 520 1299 345 918 2173 543 1644 320 3019 3018
92 297 463 803 782 996 482 1052 137 2754 1820 1166 736 1100 859 765 578 964 843 1040 423 817 0 583 553 1074 595 858 623 1436 926 299 845 238 413 766 528 886 1908 1934 564 865 348 1908 281 926 2795 842 756 1155 651 589 421 436 1150 659 86 804 927 695 775 741 1459 868 319 1482 2198 851 941 759 850 727 884 1052 717 1035 858 798 1908 1044 1379 833 2754 2754
593 717 883 313 293 868 512 923 485 2626 1691 928 247 862 885 636 802 836 715 702 844 847 583 0 583 585 625 369 207 1307 798 719 717 787 215 276 99 396 1780 1806 135 891 768 1780 830 797 2667 872 628 666 523 619 841 307 912 243 588 834 798 206 286 613 1221 739 868 1244 2070 362 971 631 722 757 914 924 747 906 888 308 1780 554 1251 863 2626 2626
563 687 853 803 782 996 115 1052 455 2754 1819 650 736 584 342 765 772 964 843 524 814 301 553 583 0 846 134 858 623 1436 926 689 845 757 413 766 528 849 1908 1934 564 349 738 1908 800 926 2795 326 756 649 651 128 811 436 634 659 558 288 927 695 775 741 943 868 838 966 2198 851 425 759 850 211 367 1052 256 1035 342 798 1908 657 1379 317 2754 2754
1085 1208 1375 302 430 1359 925 1415 976 3117 2182 603 384 537 559 1128 1293 1327 1206 377 1335 732 1074 585 846 0 944 298 698 1799 1289 1211 1208 1279 706 358 590 262 2271 2297 626 566 1259 2271 1322 1289 3158 751 1119 340 1014 937 1333 799 586 735 1079 774 1289 522 345 1104 896 1230 1360 918 2561 310 703 1122 1213 760 621 1415 1065 1398 725 445 2271 229 1742 752 3117 3117
606 729 896 845 825 1038 158 1094 497 2796 1862 748 779 682 440 807 814 1007 886 622 856 399 595 625 134 944 0 901 665 1478 969 732 888 800 455 808 570 928 1951 1976 606 446 780 1951 843 968 2837 423 798 746 694 54 854 478 731 702 600 385 969 738 818 784 1041 910 881 1063 2241 894 522 802 893 309 465 1094 154 1077 439 841 1951 754 1422 414 2797 2797
868 992 1158 85 213 1143 787 1199 760 2901 1966 641 167 575 598 911 1077 1111 990 415 1119 771 858 369 858 298 901 0 482 1582 1073 994 992 1062 490 142 374 109 2055 2081 410 604 1043 2055 1105 1072 2942 790 903 379 798 894 1117 583 625 519 863 812 1073 252 128 888 934 1014 1144 957 2345 40 742 906 997 798 660 1199 1022 1181 764 229 2055 267 1526 791 2901 2901
633 757 923 427 406 907 552 963 525 2665 1731 1042 360 976 928 676 841 876 755 816 883 887 623 207 623 698 665 482 0 1347 838 759 756 827 254 390 131 510 1820 1845 122 935 808 1820 870 837 2706 911 667 779 563 659 881 347 1025 68 628 874 838 319 399 653 1335 779 908 1357 2110 475 1011 671 762 797 953 963 787 946 928 422 1820 668 1291 902 2666 2665
1403 1527 1693 1484 1463 1319 1322 1375 1295 1724 789 1798 1417 1732 1698 1088 1611 1288 1167 1640 1653 1657 1393 1264 1393 1756 1435 1539 1304 0 1250 1529 1168 1597 1094 1447 1209 1567 878 904 1245 1705 1578 878 1640 1249 1765 1681 1079 1715 975 1429 1651 1056 1781 1340 1398 1644 1250 1376 1456 1065 2091 1191 1678 2114 1168 1533 1781 1083 1174 1567 1723 1375 1557 1358 1698 1479 878 1660 75 1672 1724 1724
937 1060 1226 1018 997 295 855 351 828 2611 1677 1540 951 1474 1232 451 1145 280 142 1407 1187 1191 926 798 926 1289 969 1073 838 1293 0 1062 531 1130 628 981 743 1101 1765 1791 779 1238 1111 1765 1174 224 2652 1215 517 1370 413 962 1185 590 1523 874 931 1177 49 910 990 427 1833 268 1212 1856 2055 1066 1314 214 537 1101 1257 351 1090 333 1231 1013 1765 1259 1236 1206 2611 2611
309 167 228 939 918 1132 618 1188 273 2890 1956 1302 872 1236 995 901 521 1101 980 1176 188 953 299 719 689 1211 732 994 759 1572 1062 0 981 334 549 902 664 1022 2044 2070 700 1001 72 2044 451 1062 2931 978 892 1291 787 725 292 572 1286 795 304 940 1063 831 911 877 1595 1004 244 1618 2334 988 1077 895 987 863 1020 1188 853 1171 994 934 2044 1180 1516 969 2890 2890
855 979 1145 936 916 601 774 657 747 2530 1595 1458 870 1392 1151 168 1064 569 448 1326 1106 1109 845 717 845 1208 888 992 756 1212 531 981 0 1049 546 900 662 1020 1684 1710 698 1157 1030 1684 1092 530 2571 1134 436 1289 331 881 1104 509 1442 793 850 1096 531 829 909 129 1751 472 1131 1774 1974 985 1233 364 47 1019 1176 657 1009 639 1150 932 1684 1177 1155 1125 2530 2530
296 437 345 1007 986 1200 686 1256 341 2958 2024 1371 940 1304 1063 969 783 1169 1048 1244 305 1022 238 787 757 1279 800 1062 827 1640 1130 334 1049 0 617 970 732 1090 2112 2138 768 1069 383 2112 155 1130 2999 1046 960 1359 856 793 562 640 1354 863 291 1008 1131 899 979 945 1664 1072 119 1686 2402 1056 1145 963 1055 932 1088 1256 921 1239 1062 1002 2112 1248 1584 1037 2958 2958
423 547 713 434 414 697 342 753 315 2455 1521 1026 368 960 718 466 631 666 545 824 673 677 413 215 413 706 455 490 254 1137 628 549 546 617 0 398 160 518 1610 1635 196 725 598 1610 660 627 2496 701 457 787 353 449 671 137 1010 291 418 664 628 327 407 443 1319 569 698 1342 1900 483 801 461 552 587 743 753 577 736 718 430 1610 675 1081 692 2456 2455
776 900 1066 87 121 1051 695 1106 668 2809 1874 702 75 636 659 819 985 1019 898 476 1027 831 766 276 766 358 808 142 390 1490 981 902 900 970 398 0 282 170 1963 1988 318 665 951 1963 1013 980 2849 850 810 439 706 802 1024 490 685 426 771 873 981 204 59 796 995 922 1051 1018 2253 144 802 814 905 859 720 1107 930 1089 825 137 1963 328 1434 851 2809 2809
538 662 828 319 298 813 457 868 430 2571 1636 934 252 868 834 581 747 781 660 708 789 792 528 99 528 590 570 374 131 1252 743 664 662 732 160 282 0 402 1725 1751 59 840 713 1725 775 742 2611 817 572 671 468 564 786 252 917 168 533 779 743 211 291 558 1227 684 813 1250 2015 368 916 576 667 702 859 869 692 851 833 314 1725 560 1196 808 2571 2571
896 1020 1186 113 241 1171 815 1226 788 2929 1994 605 195 539 562 939 1105 1139 1018 380 1147 735 886 396 849 262 928 109 510 1610 1101 1022 1020 1090 518 170 402 0 2083 2108 438 569 1071 2083 1133 1100 2969 754 930 343 826 922 1144 610 589 546 891 777 1101 334 156 916 898 1042 1171 921 2373 122 706 934 1025 763 624 1227 1050 1209 728 257 2083 232 1554 755 2929 2929
2077 2201 2367 2158 2137 1993 1996 2049 1969 1247 119 2472 2091 2406 2372 1762 2285 1962 1841 2314 2327 2331 2067 1938 2067 2430 2109 2213 1978 1052 1924 2203 1842 2271 1768 2121 1883 2241 0 250 1919 2379 2252 39 2314 1923 1288 2355 1753 2389 1649 2103 2325 1730 2455 2014 2072 2317 1924 2050 2130 1739 2765 1865 2352 2788 692 2207 2455 1757 1848 2241 2397 2049 2231 2032 2372 2153 39 2334 996 2346 1248 1247
2043 2167 2333 2124 2103 1959 1962 2015 1935 1213 161 2438 2057 2372 2338 1728 2251 1928 1807 2280 2293 2297 2033 1904 2033 2396 2075 2179 1944 1018 1890 2169 1809 2237 1734 2087 1849 2207 250 0 1885 2345 2218 250 2280 1889 1254 2321 1719 2355 1615 2069 2291 1696 2422 1981 2038 2284 1890 2017 2096 1705 2731 1831 2318 2754 658 2173 2421 1723 1814 2207 2363 2015 2197 1998 2338 2119 250 2300 962 2312 1214 1214
574 698 864 355 334 848 493 904 466 2606 1672 970 288 904 870 617 782 817 696 744 824 828 564 135 564 626 606 410 122 1288 779 700 698 768 196 318 59 438 1761 1786 0 876 749 1761 811 778 2647 853 608 707 504 600 822 288 953 159 569 815 779 247 327 594 1263 720 849 1286 2051 403 952 612 703 738 895 904 728 887 869 350 1761 596 1232 844 2607 2607
875 999 1165 608 736 1308 428 1364 767 3066 2132 370 690 304 45 1077 1084 1277 1156 244 1126 190 865 891 349 566 446 604 935 1748 1238 1001 1157 1069 725 665 840 569 2220 2246 876 0 1050 2220 1112 1238 3107 254 1068 368 964 440 1124 748 353 971 870 276 1239 829 651 1053 663 1180 1151 686 2510 617 206 1071 1163 257 79 1364 568 1347 228 752 2220 376 1692 255 3066 3066
358 216 277 988 967 1181 667 1237 322 2939 2004 1351 921 1285 1044 950 569 1149 1028 1225 237 1002 348 768 738 1259 780 1043 808 1621 1111 72 1030 383 598 951 713 1071 2093 2119 749 1050 0 2093 500 1111 2980 1027 941 1340 836 774 341 621 1335 844 353 989 1111 880 960 926 1644 1052 293 1667 2383 1036 1126 944 1035 912 1069 1237 902 1220 1043 983 2093 1229 1564 1018 2939 2939
2077 2200 2367 2158 2137 1993 1996 2049 1968 1247 119 2472 2091 2406 2372 1762 2285 1962 1841 2314 2327 2331 2067 1938 2067 2430 2109 2213 1978 1052 1924 2203 1842 2271 1768 2121 1883 2241 39 250 1919 2379 2252 0 2314 1923 1288 2355 1753 2389 1649 2103 2325 1730 2455 2014 2071 2317 1924 2050 2130 1739 2765 1865 2352 2788 692 2207 2455 1757 1848 2241 2397 2049 2231 2032 2372 2153 39 2334 995 2346 1248 1247
339 544 462 1050 1030 1243 729 1299 384 3001 2067 1414 983 1348 1106 1012 826 1212 1091 1288 422 1065 281 830 800 1322 843 1105 870 1683 1174 451 1092 155 660 1013 775 1133 2156 2181 811 1112 500 2156 0 1173 3042 1089 1003 1403 899 836 668 683 1397 907 334 1051 1174 943 1023 989 1707 1115 236 1730 2446 1099 1188 1007 1098 975 1131 1299 964 1282 1105 1045 2156 1291 1627 1080 3002 3001
936 1060 1226 1017 996 163 855 219 827 2610 1676 1539 950 1473 1231 450 1144 148 122 1406 1186 1190 926 797 926 1289 968 1072 837 1292 224 1062 530 1130 627 980 742 1100 1765 1790 778 1238 1111 1765 1173 0 2651 1214 516 1369 412 962 1184 589 1523 873 931 1176 225 909 989 427 1832 252 1211 1855 2055 1066 1314 213 536 1100 1256 219 1090 201 1231 1012 1765 1258 1236 1205 2611 2610
2626 2749 2916 2707 2686 2542 2545 2598 2517 75 1839 3021 2640 2955 2921 2311 2834 2511 2390 2862 2876 2880 2615 2487 2615 2978 2658 2762 2527 1601 2473 2752 2391 2820 2317 2670 2432 2790 1928 1953 2468 2928 2800 1928 2863 2472 0 2904 2302 2938 2198 2652 2874 2279 3004 2563 2620 2866 2473 2599 2679 2288 3314 2414 2901 3337 666 2755 3004 2306 2397 2790 2946 2598 2780 2581 2920 2702 1928 2883 1544 2895 74 74
852 976 1142 794 922 1285 404 1341 744 3043 2108 555 875 489 247 1053 1060 1253 1132 429 1102 329 842 872 326 751 423 790 911 1724 1215 978 1134 1046 701 850 817 754 2197 2223 853 254 1027 2197 1089 1214 3084 0 1045 554 940 417 1100 725 539 948 847 97 1215 984 837 1030 848 1156 1127 871 2487 802 145 1048 1139 239 309 1341 545 1323 66 937 2197 562 1668 93 3043 3043
766 890 1056 847 827 587 685 643 658 2441 1506 1369 781 1303 1062 356 974 555 434 1236 1016 1020 756 628 756 1119 798 903 667 1122 517 892 436 960 457 810 572 930 1595 1621 608 1068 941 1595 1003 516 2482 1045 0 1200 144 792 1014 419 1353 704 761 1007 517 740 820 332 1662 458 1041 1685 1885 896 1144 350 441 930 1086 643 920 625 1061 843 1595 1088 1066 1036 2441 2441
1165 1289 1455 383 510 1440 727 1496 1057 3079 2144 460 464 394 362 1209 1374 1408 1287 150 1416 535 1155 666 649 340 746 379 779 1761 1370 1291 1289 1359 787 439 671 343 2233 2259 707 368 1340 2233 1403 1369 3120 554 1200 0 1095 740 1414 880 444 816 1160 576 1370 603 426 1185 753 1311 1441 776 2523 391 506 1203 1294 562 424 1496 868 1478 528 526 2233 151 1704 555 3079 3079
662 785 952 743 722 482 580 538 553 2336 1402 1265 676 1199 957 251 870 451 330 1132 912 916 651 523 651 1014 694 798 563 1018 413 787 331 856 353 706 468 826 1490 1516 504 964 836 1490 899 412 2377 940 144 1095 0 687 910 315 1248 599 656 902 413 635 715 228 1558 354 937 1581 1780 791 1039 246 337 826 982 538 815 521 956 738 1490 984 962 931 2336 2336
599 723 889 839 818 1032 151 1088 491 2790 1856 741 772 675 434 801 808 1000 880 615 850 392 589 619 128 937 54 894 659 1472 962 725 881 793 449 802 564 922 1944 1970 600 440 774 1944 836 962 2831 417 792 740 687 0 847 472 725 695 594 379 963 731 811 777 1034 904 874 1057 2234 887 516 795 886 302 458 1088 160 1071 433 834 1944 748 1415 408 2790 2790
431 240 456 1061 1041 1254 741 1310 395 3012 2078 1425 995 1359 1117 1023 261 1223 1102 1299 416 1076 421 841 811 1333 854 1117 881 1694 1185 292 1104 562 671 1024 786 1144 2167 2192 822 1124 341 2167 668 1184 3053 1100 1014 1414 910 847 0 694 1408 918 426 1062 1185 954 1034 1000 1718 1126 472 1741 2457 1110 1200 1018 1109 986 1142 1310 975 1293 1116 1056 2167 1302 1638 1091 3013 3013
446 570 736 527 507 659 365 715 338 2417 1483 1049 461 983 742 428 654 628 507 916 696 700 436 307 436 799 478 583 347 1099 590 572 509 640 137 490 252 610 1572 1597 288 748 621 1572 683 589 2458 725 419 880 315 472 694 0 1033 384 441 687 590 420 500 405 1342 531 721 1365 1862 576 824 423 514 610 766 715 600 698 741 523 1572 768 1043 716 2418 2418
1160 1284 1450 629 757 1593 712 1649 1052 3145 2211 74 710 201 347 1362 1369 1561 1441 319 1411 520 1150 912 634 586 731 625 1025 1827 1523 1286 1442 1354 1010 685 917 589 2299 2325 953 353 1335 2299 1397 1523 3186 539 1353 444 1248 725 1408 1033 0 1062 1155 561 1524 849 672 1338 347 1465 1435 370 2589 637 491 1356 1447 547 409 1649 853 1632 513 772 2299 397 1771 540 3145 3145
669 793 959 463 443 944 588 1000 561 2702 1767 1078 397 1012 965 713 878 912 791 852 920 924 659 243 659 735 702 519 68 1384 874 795 793 863 291 426 168 546 1856 1882 159 971 844 1856 907 873 2743 948 704 816 599 695 918 384 1062 0 664 910 874 356 436 689 1371 815 945 1394 2146 512 1047 707 798 834 990 1000 823 982 964 459 1856 704 1327 939 2702 2702
43 302 468 808 787 1001 487 1057 141 2759 1824 1171 741 1105 864 770 583 969 848 1045 428 822 86 588 558 1079 600 863 628 1441 931 304 850 291 418 771 533 891 1913 1939 569 870 353 1913 334 931 2800 847 761 1160 656 594 426 441 1155 664 0 809 931 700 780 746 1464 872 372 1487 2203 856 946 764 855 732 888 1057 722 1039 863 803 1913 1049 1384 838 2759 2759
814 938 1104 816 944 1247 366 1303 706 3005 2070 578 898 512 270 1016 1022 1215 1094 452 1064 291 804 834 288 774 385 812 874 1687 1177 940 1096 1008 664 873 779 777 2159 2185 815 276 989 2159 1051 1176 3046 97 1007 576 902 379 1062 687 561 910 809 0 1177 946 859 992 871 1118 1089 894 2449 825 197 1010 1101 201 332 1303 507 1285 114 960 2159 584 1630 88 3005 3005
937 1060 1227 1018 997 295 856 351 828 2611 1677 1540 951 1474 1232 451 1145 280 142 1407 1187 1191 927 798 927 1289 969 1073 838 1293 49 1063 531 1131 628 981 743 1101 1766 1791 779 1239 1111 1766 1174 225 2652 1215 517 1370 413 963 1185 590 1524 874 931 1177 0 910 990 428 1833 268 1212 1856 2056 1067 1315 214 537 1101 1257 351 1091 333 1232 1013 1766 1259 1237 1206 2612 2611
706 829 995 262 242 980 624 1036 597 2738 1803 866 196 800 822 749 914 948 827 640 956 960 695 206 695 522 738 252 319 1420 910 831 829 899 327 204 211 334 1892 1918 247 829 880 1892 943 909 2779 984 740 603 635 731 954 420 849 356 700 946 910 0 235 725 1159 851 981 1181 2182 246 966 743 834 870 884 1036 859 1018 988 258 1892 492 1363 975 2738 2738
785 909 1075 73 130 1060 704 1116 677 2818 1883 688 84 622 645 829 994 1028 907 462 1036 818 775 286 775 345 818 128 399 1500 990 911 909 979 407 59 291 156 1972 1998 327 651 960 1972 1023 989 2859 837 820 426 715 811 1034 500 672 436 780 859 990 235 0 805 981 931 1061 1004 2262 141 789 823 914 845 707 1116 939 1098 811 146 1972 314 1443 838 2818 2818
752 875 1041 833 812 497 670 553 643 2426 1492 1355 766 1289 1047 64 960 466 345 1222 1002 1006 741 613 741 1104 784 888 653 1108 427 877 129 945 443 796 558 916 1580 1606 594 1053 926 1580 989 427 2467 1030 332 1185 228 777 1000 405 1338 689 746 992 428 725 805 0 1648 369 1027 1671 1870 881 1129 260 134 916 1072 553 905 536 1046 828 1580 1074 1051 1021 2426 2426
1470 1593 1760 938 1066 1902 1022 1958 1361 3454 2520 322 1020 510 656 1671 1678 1871 1750 628 1720 829 1459 1221 943 896 1041 934 1335 2136 1833 1595 1751 1664 1319 995 1227 898 2609 2634 1263 663 1644 2609 1707 1832 3495 848 1662 753 1558 1034 1718 1342 347 1371 1464 871 1833 1159 981 1648 0 1774 1745 50 2899 947 800 1666 1757 857 718 1958 1162 1941 822 1082 2609 706 2080 849 3455 3455
878 1001 1168 959 938 228 797 278 769 2552 1618 1481 892 1415 1173 392 1086 123 185 1348 1128 1132 868 739 868 1230 910 1014 779 1234 268 1004 472 1072 569 922 684 1042 1707 1732 720 1180 1052 1707 1115 252 2593 1156 458 1311 354 904 1126 531 1465 815 872 1118 268 851 931 369 1774 0 1153 1797 1997 1008 1256 155 478 1042 1198 278 1032 260 1173 954 1707 1200 1178 1147 2553 2552
377 348 255 1088 1068 1281 768 1337 422 3039 2105 1452 1022 1386 1144 1050 701 1250 1129 1326 216 1103 319 868 838 1360 881 1144 908 1721 1212 244 1131 119 698 1051 813 1171 2194 2219 849 1151 293 2194 236 1211 3080 1127 1041 1441 937 874 472 721 1435 945 372 1089 1212 981 1061 1027 1745 1153 0 1768 2484 1137 1227 1045 1136 1013 1169 1337 1002 1320 1143 1083 2194 1329 1665 1118 3040 3040
1492 1616 1782 961 1089 1925 1045 1981 1384 3477 2543 345 1043 533 679 1694 1701 1894 1773 651 1743 852 1482 1244 966 918 1063 957 1357 2159 1856 1618 1774 1686 1342 1018 1250 921 2632 2657 1286 686 1667 2632 1730 1855 3518 871 1685 776 1581 1057 1741 1365 370 1394 1487 894 1856 1181 1004 1671 50 1797 1768 0 2922 969 823 1689 1780 880 741 1981 1185 1964 845 1105 2632 729 2103 872 3478 3477
2029 2153 2319 2110 2090 1946 1948 2002 1921 625 1243 2424 2044 2358 2325 1715 2238 1914 1793 2266 2280 2283 2019 1891 2019 2382 2062 2166 1930 1004 1876 2155 1795 2223 1720 2074 1836 2194 1331 1357 1872 2331 2204 1331 2266 1875 666 2308 1706 2342 1601 2055 2278 1683 2408 1967 2024 2270 1876 2003 2083 1691 2717 1817 2305 2740 0 2159 2407 1709 1800 2193 2350 2002 2183 1984 2324 2106 1331 2287 948 2299 625 625
862 985 1152 98 226 1136 781 1192 753 2894 1960 654 180 588 610 905 1070 1104 984 428 1112 783 851 362 851 310 894 40 475 1576 1066 988 985 1056 483 144 368 122 2048 2074 403 617 1036 2048 1099 1066 2935 802 896 391 791 887 1110 576 637 512 856 825 1067 246 141 881 947 1008 1137 969 2338 0 754 899 990 811 672 1192 1016 1175 776 242 2048 280 1519 803 2894 2894
951 1075 1241 746 873 1384 504 1440 843 3142 2208 507 827 441 199 1153 1160 1353 1232 381 1202 372 941 971 425 703 522 742 1011 1824 1314 1077 1233 1145 801 802 916 706 2296 2322 952 206 1126 2296 1188 1314 3183 145 1144 506 1039 516 1200 824 491 1047 946 197 1315 966 789 1129 800 1256 1227 823 2586 754 0 1147 1239 339 261 1440 644 1423 119 889 2296 514 1768 146 3142 3142
770 893 1059 851 830 284 688 340 661 2444 1510 1373 784 1307 1065 284 978 252 131 1240 1020 1024 759 631 759 1122 802 906 671 1126 214 895 364 963 461 814 576 934 1598 1624 612 1071 944 1598 1007 213 2485 1048 350 1203 246 795 1018 423 1356 707 764 1010 214 743 823 260 1666 155 1045 1689 1888 899 1147 0 370 934 1090 340 923 322 1064 846 1598 1092 1069 1039 2444 2444
861 984 1151 942 921 606 780 662 752 2535 1601 1464 875 1398 1156 173 1069 575 454 1331 1111 1115 850 722 850 1213 893 997 762 1217 537 987 47 1055 552 905 667 1025 1690 1715 703 1163 1035 1689 1098 536 2576 1139 441 1294 337 886 1109 514 1447 798 855 1101 537 834 914 134 1757 478 1136 1780 1979 990 1239 370 0 1025 1181 662 1014 645 1155 937 1689 1183 1161 1130 2536 2535
738 861 1028 802 930 1170 290 1226 629 2928 1994 564 884 498 256 939 946 1139 1018 438 988 139 727 757 211 760 309 798 797 1610 1101 863 1019 932 587 859 702 763 2083 2108 738 257 912 2083 975 1100 2969 239 930 562 826 302 986 610 547 834 732 201 1101 870 845 916 857 1042 1013 880 2373 811 339 934 1025 0 205 1226 430 1209 255 946 2083 570 1554 230 2929 2928
894 1017 1184 664 792 1327 446 1382 785 3085 2150 425 746 359 85 1095 1102 1295 1174 299 1144 138 884 914 367 621 465 660 953 1766 1257 1020 1176 1088 743 720 859 624 2239 2264 895 79 1069 2239 1131 1256 3125 309 1086 424 982 458 1142 766 409 990 888 332 1257 884 707 1072 718 1198 1169 741 2529 672 261 1090 1181 205 0 1383 586 1365 284 807 2239 432 1710 310 3085 3085
1062 1186 1352 1143 1123 194 981 60 954 2737 1802 1665 1077 1599 1358 577 1270 173 248 1532 1312 1316 1052 924 1052 1415 1094 1199 963 1419 351 1188 657 1256 753 1107 869 1227 1891 1917 904 1364 1237 1891 1299 219 2778 1341 643 1496 538 1088 1310 715 1649 1000 1057 1303 351 1036 1116 553 1958 278 1337 1981 2181 1192 1440 340 662 1226 1383 0 1216 129 1357 1139 1891 1384 1362 1332 2737 2737
727 851 1017 967 946 1160 280 1216 619 2918 1984 869 900 803 562 929 936 1128 1008 743 978 520 717 747 256 1065 154 1022 787 1600 1090 853 1009 921 577 930 692 1050 2072 2098 728 568 902 2072 964 1090 2959 545 920 868 815 160 975 600 853 823 722 507 1091 859 939 905 1162 1032 1002 1185 2362 1016 644 923 1014 430 586 1216 0 1199 561 962 2072 876 1543 536 2918 2918
1045 1168 1335 1126 1105 177 964 129 936 2719 1785 1648 1059 1582 1340 559 1253 156 231 1515 1295 1299 1035 906 1035 1398 1077 1181 946 1401 333 1171 639 1239 736 1089 851 1209 1874 1899 887 1347 1220 1874 1282 201 2760 1323 625 1478 521 1071 1293 698 1632 982 1039 1285 333 1018 1098 536 1941 260 1320 1964 2164 1175 1423 322 645 1209 1365 129 1199 0 1340 1121 1874 1367 1345 1314 2720 2719
868 992 1158 768 896 1301 420 1357 760 3059 2125 529 850 463 222 1070 1077 1269 1148 403 1119 345 858 888 342 725 439 764 928 1741 1231 994 1150 1062 718 825 833 728 2213 2239 869 228 1043 2213 1105 1231 3100 66 1061 528 956 433 1116 741 513 964 863 114 1232 988 811 1046 822 1173 1143 845 2503 776 119 1064 1155 255 284 1357 561 1340 0 912 2213 536 1684 67 3059 3059
808 932 1098 174 67 1083 727 1139 700 2841 1906 789 100 723 746 851 1017 1051 930 563 1059 918 798 308 798 445 841 229 422 1522 1013 934 932 1002 430 137 314 257 1995 2021 350 752 983 1995 1045 1012 2882 937 843 526 738 834 1056 523 772 459 803 960 1013 258 146 828 1082 954 1083 1105 2285 242 889 846 937 946 807 1139 962 1121 912 0 1995 415 1466 938 2841 2841
2077 2200 2367 2158 2137 1993 1996 2049 1968 1247 119 2472 2091 2406 2372 1762 2285 1962 1841 2313 2327 2331 2067 1938 2067 2429 2109 2213 1978 1052 1924 2203 1842 2271 1768 2121 1883 2241 39 250 1919 2379 2251 39 2314 1923 1288 2355 1753 2389 1649 2103 2325 1730 2455 2014 2071 2317 1924 2050 2130 1739 2765 1865 2352 2788 692 2207 2455 1757 1848 2241 2397 2049 2231 2032 2372 2153 0 2334 995 2346 1248 1247
1054 1178 1344 271 399 1328 735 1384 946 3024 2090 413 353 347 370 1097 1262 1297 1176 187 1304 543 1044 554 657 229 754 267 668 1706 1259 1180 1177 1248 675 328 560 232 2178 2204 596 376 1229 2178 1291 1258 3065 562 1088 151 984 748 1302 768 397 704 1049 584 1259 492 314 1074 706 1200 1329 729 2468 280 514 1092 1183 570 432 1384 876 1367 536 415 2178 0 1649 563 3024 3024
1346 1470 1636 1427 1407 1263 1265 1319 1238 1667 733 1741 1361 1675 1642 1032 1555 1231 1110 1583 1597 1601 1336 1208 1336 1699 1379 1483 1247 75 1193 1472 1112 1540 1038 1391 1153 1511 822 847 1189 1648 1521 822 1584 1193 1708 1625 1023 1659 918 1372 1595 1000 1725 1284 1341 1587 1194 1320 1400 1008 2034 1135 1622 2057 1112 1476 1724 1026 1117 1511 1667 1319 1500 1302 1641 1423 822 1604 0 1616 1668 1668
843 967 1133 795 923 1276 395 1332 735 3034 2099 556 876 490 248 1044 1051 1244 1123 430 1093 320 833 863 317 752 414 791 902 1716 1206 969 1125 1037 692 851 808 755 2188 2214 844 255 1018 2188 1080 1205 3075 93 1036 555 931 408 1091 716 540 939 838 88 1206 975 838 1021 849 1147 1118 872 2478 803 146 1039 1130 230 310 1332 536 1314 67 938 2188 563 1659 0 3034 3034
2585 2709 2875 2666 2646 2502 2504 2558 2477 54 1798 2980 2600 2914 2881 2270 2793 2470 2349 2822 2835 2839 2575 2447 2575 2938 2617 2722 2486 1560 2432 2711 2351 2779 2276 2629 2392 2749 1887 1913 2427 2887 2760 1887 2822 2431 74 2864 2262 2897 2157 2611 2833 2238 2964 2523 2580 2826 2432 2559 2639 2247 3273 2373 2860 3296 625 2715 2963 2265 2356 2749 2905 2558 2739 2540 2880 2662 1887 2843 1504 2855 0 54
2585 2709 2875 2666 2645 2501 2504 2557 2477 53 1798 2980 2599 2914 2880 2270 2793 2470 2349 2822 2835 2839 2575 2446 2575 2938 2617 2721 2486 1560 2432 2711 2351 2779 2276 2629 2391 2749 1887 1913 2427 2887 2760 1887 2822 2431 74 2863 2261 2897 2157 2611 2833 2238 2964 2522 2580 2826 2432 2559 2638 2247 3273 2373 2860 3296 625 2715 2963 2265 2356 2749 2905 2557 2739 2540 2880 2661 1887 2842 1504 2854 54 0
EOF