NAME : tsp_problem
TYPE : TSP
DIMENSION : 88
EDGE_WEIGHT_TYPE : EXPLICIT
EDGE_WEIGHT_FORMAT : FULL_MATRIX
EDGE_WEIGHT_SECTION
0 1695 889 744 724 731 386 824 765 1735 472 975 524 737 1009 653 717 837 279 719 764 1668 382 308 697 153 1821 130 662 2112 691 2082 764 675 546 443 746 879 734 314 599 387 462 74 680 750 1268 855 729 726 186 729 1024 214 1648 704 209 865 845 1452 784 746 612 833 809 857 853 639 330 644 535 767 1142 641 392 231 373 1240 837 729 1713 821 736 309 1002 677 665 761
1794 0 2295 2221 1843 2207 2081 2301 2241 75 1948 2369 1642 2214 2403 1772 2194 1956 1974 2196 2241 165 2077 1937 2173 1848 436 1759 2138 727 2168 697 2241 2152 2022 1562 1864 2273 2196 2009 1718 2082 2157 1786 2156 2227 2662 1974 1847 2203 1881 1847 2419 1843 86 2181 1838 2342 2321 1044 1903 1865 1731 2309 2285 2334 1972 2334 1959 2121 1653 2244 2536 2117 1868 1647 2068 2634 1956 1848 210 2297 2213 1938 2396 2154 2141 1880
889 2199 0 1157 1296 1144 553 203 1178 2238 562 278 1095 502 312 1225 1131 1409 708 1133 1178 2172 549 1032 1110 787 2324 854 1075 2615 1104 2586 177 1089 514 1015 1318 104 229 669 1171 692 578 882 1093 324 572 1427 1301 1139 762 1300 328 938 2152 1118 933 1279 1258 1955 1356 1318 1184 192 274 1271 1425 482 1054 1057 1107 1181 446 731 805 803 623 544 1409 1301 2216 185 1150 1033 305 1091 1078 1333
744 2122 1157 0 1151 169 1031 1092 91 2162 740 1368 950 1005 1403 1080 291 1264 924 88 840 2095 1027 887 412 798 2248 709 471 2538 551 2509 1032 138 814 870 1172 1157 1320 959 1026 1032 1107 736 118 1019 1662 1281 1155 282 831 1155 1418 793 2075 303 788 191 221 1878 1211 1173 1038 1101 1077 183 1280 1284 909 719 961 93 1536 909 384 658 1018 1634 1264 1156 2140 1089 754 888 1396 537 475 1188
724 1744 1296 1151 0 1138 1012 1231 1172 1784 879 1507 271 1144 1542 532 1124 141 904 1127 1172 1718 1008 868 1104 779 1870 689 1069 2161 1098 2132 1171 1083 953 397 237 1296 1360 939 156 1013 1087 717 1087 1158 1801 158 88 1133 812 88 1557 773 1698 1112 769 1272 1252 1501 275 106 565 1240 1216 1265 156 1265 890 1051 282 1174 1675 1048 799 577 998 1773 141 220 1762 1228 1143 868 1535 1085 1072 252
731 2109 1144 169 1138 0 1018 1079 190 2148 727 1355 937 992 1389 1067 391 1251 911 145 826 2082 1014 874 512 785 2234 696 571 2525 650 2496 1019 125 801 857 1159 1144 1306 946 1013 1019 1094 723 80 1005 1649 1268 1142 382 818 1142 1405 779 2062 403 775 291 320 1865 1197 1159 1025 1088 1064 283 1266 1271 896 706 948 193 1523 896 371 645 1005 1621 1251 1143 2126 1076 798 875 1383 637 574 1175
386 1982 553 1031 1012 1018 0 688 1052 2022 759 626 811 988 660 940 1004 1125 206 1007 1052 1955 34 568 984 272 2108 390 949 2399 978 2369 662 962 833 730 1033 531 386 168 886 177 133 435 967 810 920 1142 1016 1013 246 1016 676 474 1935 992 469 1152 1132 1739 1071 1033 899 677 760 1144 1140 291 590 931 822 1054 794 928 679 518 108 892 1124 1016 2000 671 1023 569 654 964 952 1048
824 2202 203 1092 1231 1079 688 0 1113 2242 496 414 1030 437 448 1160 1065 1344 844 1068 1113 2175 685 967 1045 878 2327 789 1010 2618 1039 2589 185 1024 449 950 1252 202 365 805 1106 828 714 816 1028 322 707 1361 1235 1074 897 1235 464 872 2155 1053 868 1213 1193 1958 1291 1253 1118 61 94 1206 1359 617 989 992 1041 1115 581 666 740 738 758 679 1344 1236 2220 194 1084 968 441 1026 1013 1268
765 2143 1178 91 1172 190 1052 1113 0 2183 761 1389 971 1026 1424 1101 258 1285 945 87 856 2116 1048 908 378 819 2268 730 438 2559 517 2530 1053 159 835 891 1193 1178 1340 980 1047 1053 1128 757 139 1040 1683 1302 1176 249 852 1176 1439 813 2096 270 809 158 187 1899 1232 1194 1059 1122 1098 150 1300 1305 930 736 982 66 1557 930 405 679 1039 1655 1285 1177 2161 1110 721 909 1417 504 441 1209
1834 75 2335 2261 1883 2247 2121 2340 2281 0 1988 2409 1682 2253 2443 1812 2234 1996 2014 2236 2281 205 2117 1977 2213 1888 476 1799 2178 766 2207 737 2280 2192 2062 1602 1904 2313 2236 2049 1758 2122 2197 1826 2196 2267 2702 2014 1887 2242 1921 1887 2459 1882 115 2221 1878 2382 2361 1084 1943 1905 1770 2349 2325 2374 2012 2374 1999 2161 1693 2284 2576 2157 1908 1687 2108 2674 1996 1888 250 2337 2253 1978 2436 2194 2181 1920
472 1849 562 740 879 727 759 496 761 1889 0 773 678 410 807 808 713 992 651 715 760 1823 755 615 692 526 1975 437 657 2266 687 2237 436 671 218 598 900 561 724 686 753 760 834 464 676 423 1066 1009 883 722 559 883 823 520 1803 700 516 861 840 1606 938 900 766 505 481 853 1007 977 637 640 689 763 940 204 388 385 745 1038 992 884 1867 493 732 616 800 673 660 915
975 2272 278 1368 1507 1355 626 414 1389 2312 773 0 1306 713 120 1436 1342 1620 782 1344 1389 2245 623 1157 1321 860 2398 979 1286 2689 1315 2659 388 1300 725 1226 1529 256 323 743 1382 766 652 1024 1304 535 379 1638 1512 1350 835 1511 278 1062 2225 1329 1058 1490 1469 2029 1567 1529 1395 403 485 1482 1636 555 1179 1268 1317 1392 253 942 1016 1014 696 351 1620 1512 2290 396 1361 1158 255 1302 1289 1544
524 1544 1095 950 271 937 811 1030 971 1583 678 1306 0 943 1341 331 924 384 703 926 971 1517 807 667 903 578 1669 489 868 1960 897 1931 970 882 752 196 292 1095 1159 738 146 812 886 516 886 957 1600 401 275 932 611 275 1356 572 1497 911 568 1072 1051 1300 331 293 364 1039 1015 1064 400 1064 689 850 66 974 1474 847 598 376 797 1572 384 276 1561 1027 942 668 1334 884 871 308
737 2115 502 1005 1144 992 988 437 1026 2155 410 713 943 0 747 1073 978 1257 917 981 1026 2088 984 880 958 791 2241 702 923 2531 952 2502 377 937 362 863 1165 502 664 952 1019 1025 1013 729 941 363 1007 1274 1148 987 824 1148 763 786 2068 966 781 1126 1106 1871 1204 1166 1031 445 421 1119 1273 917 902 905 954 1028 881 579 653 651 1011 979 1257 1149 2133 434 997 881 740 939 926 1181
1009 2306 312 1403 1542 1389 660 448 1424 2346 807 120 1341 747 0 1471 1376 1655 816 1378 1423 2280 657 1191 1355 894 2432 1013 1320 2723 1350 2694 422 1334 759 1260 1563 290 357 777 1416 800 686 1058 1339 570 279 1672 1546 1385 869 1546 312 1097 2260 1363 1092 1524 1503 2063 1601 1563 1429 437 519 1516 1670 590 1213 1303 1352 1426 153 976 1050 1048 731 251 1655 1546 2324 431 1395 1192 290 1336 1323 1578
653 1673 1225 1080 532 1067 940 1160 1101 1713 808 1436 331 1073 1471 0 1053 645 833 1056 1101 1647 937 797 1033 708 1799 618 998 2090 1027 2061 1100 1011 882 326 553 1225 1289 868 406 942 1016 646 1016 1086 1730 662 536 1062 740 536 1486 702 1627 1041 698 1201 1181 1430 591 553 494 1169 1145 1193 660 1194 818 980 342 1103 1604 977 728 506 927 1702 645 537 1691 1157 1072 797 1464 1013 1001 568
717 2095 1131 291 1124 391 1004 1065 258 2135 713 1342 924 978 1376 1053 0 1237 897 288 616 2068 1001 860 138 772 2221 682 198 2512 277 2482 1005 360 787 843 1146 1130 1293 932 999 1006 1080 710 340 992 1635 1255 1129 26 804 1129 1392 766 2048 47 762 231 145 1852 1184 1146 1012 1074 1050 223 1253 1258 882 495 935 250 1509 882 440 631 991 1607 1237 1129 2113 1062 480 861 1369 263 201 1161
837 1857 1409 1264 141 1251 1125 1344 1285 1897 992 1620 384 1257 1655 645 1237 0 1017 1240 1285 1831 1121 981 1217 892 1983 802 1182 2274 1211 2245 1284 1196 1066 510 350 1409 1473 1052 269 1126 1200 830 1200 1271 1914 129 201 1246 925 201 1670 886 1811 1225 882 1385 1365 1614 388 219 678 1353 1329 1378 127 1378 1003 1164 395 1287 1788 1161 912 690 1111 1886 39 333 1875 1341 1256 981 1648 1198 1185 365
279 1875 708 924 904 911 206 844 945 1915 651 782 703 917 816 833 897 1017 0 899 944 1848 203 461 876 164 2001 283 841 2292 871 2262 818 855 725 623 925 686 542 67 779 215 215 328 860 930 1075 1035 908 906 139 908 832 366 1828 884 362 1045 1024 1631 964 926 792 833 915 1037 1033 446 483 824 714 947 949 821 572 411 134 1047 1017 909 1893 827 916 462 809 857 844 941
719 2097 1133 88 1127 145 1007 1068 87 2137 715 1344 926 981 1378 1056 288 1240 899 0 815 2071 1003 863 408 774 2223 685 468 2514 547 2485 1008 114 789 845 1148 1133 1295 934 1001 1008 1082 712 94 994 1638 1257 1131 278 807 1131 1394 768 2051 299 764 187 217 1854 1186 1148 1014 1076 1052 179 1255 1260 885 695 937 89 1512 885 360 633 993 1610 1240 1131 2115 1065 750 864 1371 533 471 1163
764 2142 1178 840 1172 826 1052 1113 856 2182 760 1389 971 1026 1423 1101 616 1285 944 815 0 2116 1048 908 595 819 2268 730 560 2559 388 2530 1053 771 834 890 1193 1178 1340 979 1046 1053 1127 757 775 1039 1683 1302 1176 624 852 1176 1439 813 2096 603 809 829 743 1899 1231 1193 1059 1121 1097 821 1300 1305 930 199 982 848 1557 930 487 678 1038 1655 1285 1176 2160 1110 175 909 1416 393 563 1208
1827 165 2328 2253 1876 2240 2114 2333 2274 205 1981 2401 1675 2246 2436 1805 2227 1989 2006 2229 2274 0 2110 1970 2206 1881 468 1792 2171 759 2200 730 2273 2185 2055 1595 1897 2306 2229 2041 1751 2115 2190 1819 2189 2260 2695 2006 1880 2235 1914 1880 2451 1875 118 2214 1871 2375 2354 1076 1936 1898 1763 2342 2318 2367 2004 2367 1992 2153 1686 2277 2569 2150 1901 1679 2100 2667 1989 1881 80 2330 2245 1971 2429 2187 2174 1913
382 1979 549 1027 1008 1014 34 685 1048 2018 755 623 807 984 657 937 1001 1121 203 1003 1048 1952 0 565 980 268 2104 387 945 2395 974 2366 659 959 829 727 1029 527 383 164 883 174 129 431 963 806 916 1138 1012 1009 243 1012 673 470 1932 988 466 1149 1128 1735 1067 1029 895 674 756 1141 1136 287 587 927 818 1051 790 924 675 515 104 888 1121 1013 1996 668 1020 566 650 961 948 1045
308 1838 1032 887 868 874 568 967 908 1878 615 1157 667 880 1191 797 860 981 461 863 908 1812 565 0 840 335 1964 202 805 2255 834 2226 907 819 689 586 889 1032 917 496 742 570 644 300 823 894 1451 998 872 869 368 872 1207 197 1792 848 193 1008 988 1595 927 889 755 976 952 1001 996 822 80 787 678 910 1325 784 535 374 555 1423 981 872 1856 964 879 39 1184 821 808 904
697 2074 1110 412 1104 512 984 1045 378 2114 692 1321 903 958 1355 1033 138 1217 876 408 595 2048 980 840 0 751 2200 662 177 2491 256 2462 985 481 766 823 1125 1110 1272 911 978 985 1059 689 461 971 1615 1234 1108 147 784 1108 1371 745 2028 125 741 351 265 1831 1163 1125 991 1053 1030 343 1232 1237 862 475 914 370 1489 862 419 610 970 1587 1217 1109 2092 1042 460 841 1348 243 180 1140
153 1749 787 798 779 785 272 878 819 1789 526 860 578 791 894 708 772 892 164 774 819 1723 268 335 751 0 1875 157 716 2166 745 2137 818 730 600 498 800 765 620 199 653 273 347 202 734 805 1154 909 783 780 72 783 910 241 1703 759 237 920 899 1506 838 800 666 887 863 912 907 525 357 698 589 822 1028 695 446 285 258 1126 892 784 1767 875 790 336 888 732 719 815
1558 1052 2059 1985 1608 1972 1845 2065 2006 1091 1713 2133 1407 1978 2167 1537 1958 1721 1738 1960 2005 1025 1842 1701 1938 1613 0 1523 1903 627 1932 597 2005 1916 1787 1326 1629 2038 1960 1773 1482 1847 1921 1551 1921 1991 2427 1738 1612 1967 1645 1612 2183 1607 1005 1945 1603 2106 2086 808 1667 1629 1495 2074 2050 2098 1736 2099 1723 1885 1418 2008 2301 1882 1633 1411 1832 2399 1721 1612 1069 2062 1977 1702 2160 1918 1906 1644
130 1660 854 709 689 696 390 789 730 1700 437 979 489 702 1013 618 682 802 283 685 730 1633 387 202 662 157 1786 0 627 2077 656 2047 729 640 511 408 711 854 739 318 564 392 466 122 645 715 1272 820 694 691 190 694 1029 107 1613 669 103 830 810 1417 749 711 577 798 774 822 818 643 224 609 500 732 1146 606 357 196 377 1245 802 694 1678 786 701 202 1006 642 630 726
662 2039 1075 471 1069 571 949 1010 438 2079 657 1286 868 923 1320 998 198 1182 841 468 560 2013 945 805 177 716 2165 627 0 2456 221 2427 950 540 731 788 1090 1075 1237 876 943 950 1024 654 520 936 1580 1199 1073 206 749 1073 1336 710 1993 185 706 411 325 1796 1128 1090 956 1018 995 403 1197 1202 827 440 879 430 1454 827 384 575 935 1552 1182 1074 2057 1007 425 806 1313 208 59 1105
1933 1426 2434 2359 1982 2346 2220 2439 2380 1466 2087 2507 1781 2352 2542 1911 2333 2095 2112 2335 2380 1399 2216 2076 2312 1987 574 1898 2277 0 2306 260 2379 2291 2161 1701 2003 2412 2335 2147 1857 2221 2295 1925 2295 2366 2801 2112 1986 2341 2020 1986 2557 1981 1379 2320 1977 2481 2460 1182 2041 2003 1869 2448 2424 2473 2110 2473 2098 2259 1792 2383 2675 2256 2007 1785 2206 2773 2095 1987 1444 2436 2351 2077 2535 2293 2280 2019
691 2069 1104 551 1098 650 978 1039 517 2109 687 1315 897 952 1350 1027 277 1211 871 547 388 2042 974 834 256 745 2194 656 221 2485 0 2456 979 619 761 817 1119 1104 1266 906 973 979 1054 683 599 966 1609 1228 1102 285 778 1102 1365 739 2022 264 735 490 404 1825 1158 1120 985 1048 1024 482 1226 1231 856 384 908 509 1483 856 414 605 965 1581 1211 1103 2087 1036 243 835 1343 92 224 1135
1903 1396 2404 2330 1953 2317 2190 2410 2351 1436 2057 2478 1752 2323 2512 1881 2303 2066 2083 2305 2350 1370 2187 2046 2282 1957 545 1868 2247 260 2277 0 2350 2261 2131 1671 1974 2383 2305 2118 1827 2192 2266 1895 2266 2336 2772 2083 1957 2312 1990 1957 2528 1952 1350 2290 1947 2451 2430 1153 2012 1974 1840 2418 2395 2443 2081 2443 2068 2230 1763 2353 2646 2227 1978 1756 2177 2744 2065 1957 1414 2407 2322 2047 2505 2263 2251 1989
764 2142 177 1032 1171 1019 662 185 1053 2182 436 388 970 377 422 1100 1005 1284 818 1008 1053 2115 659 907 985 818 2267 729 950 2558 979 2529 0 964 389 890 1192 176 339 779 1046 802 688 756 968 199 681 1301 1175 1014 851 1175 438 812 2095 993 808 1153 1133 1898 1231 1193 1058 174 257 1146 1299 592 929 932 981 1055 555 606 680 678 733 653 1284 1176 2160 108 1024 908 415 966 953 1208
675 2053 1089 138 1083 125 962 1024 159 2093 671 1300 882 937 1334 1011 360 1196 855 114 771 2026 959 819 481 730 2179 640 540 2470 619 2441 964 0 745 801 1104 1088 1251 890 957 964 1038 668 74 950 1593 1213 1087 351 762 1087 1350 724 2007 372 720 260 289 1810 1142 1104 970 1032 1008 252 1211 1216 840 650 893 162 1467 840 316 589 949 1566 1195 1087 2071 1020 743 819 1327 606 543 1119
546 1923 514 814 953 801 833 449 835 1963 218 725 752 362 759 882 787 1066 725 789 834 1897 829 689 766 600 2049 511 731 2340 761 2311 389 745 0 672 974 514 676 760 827 834 908 538 750 375 1019 1083 957 796 633 957 775 594 1877 774 590 935 914 1680 1012 974 840 457 434 927 1081 929 711 714 763 837 893 387 462 459 819 991 1066 958 1941 446 806 690 752 747 734 989
443 1463 1015 870 397 857 730 950 891 1503 598 1226 196 863 1260 326 843 510 623 845 890 1437 727 586 823 498 1589 408 788 1880 817 1851 890 801 672 0 418 1015 1079 658 272 732 806 436 806 876 1520 527 401 852 530 401 1276 492 1417 830 488 991 971 1220 456 418 211 959 935 983 525 984 608 770 207 893 1394 767 518 296 717 1492 510 402 1481 947 862 587 1254 803 791 434
746 1766 1318 1172 237 1159 1033 1252 1193 1806 900 1529 292 1165 1563 553 1146 350 925 1148 1193 1739 1029 889 1125 800 1891 711 1090 2182 1119 2153 1192 1104 974 418 0 1317 1381 960 177 1034 1108 738 1108 1179 1822 367 241 1154 833 241 1578 794 1719 1133 790 1294 1273 1522 77 258 586 1261 1237 1286 365 1286 911 1072 303 1196 1696 1069 820 598 1019 1794 350 95 1784 1249 1164 890 1556 1106 1093 54
879 2177 104 1157 1296 1144 531 202 1178 2217 561 256 1095 502 290 1225 1130 1409 686 1133 1178 2150 527 1032 1110 765 2303 854 1075 2593 1104 2564 176 1088 514 1015 1317 0 207 648 1171 671 557 881 1093 324 550 1426 1300 1139 740 1300 306 937 2130 1118 933 1278 1258 1933 1355 1318 1183 191 274 1270 1424 460 1054 1057 1106 1180 424 731 805 803 601 522 1409 1301 2195 185 1149 1033 284 1090 1078 1333
734 2100 229 1320 1360 1306 386 365 1340 2139 724 323 1159 664 357 1289 1293 1473 542 1295 1340 2073 383 917 1272 620 2225 739 1237 2516 1266 2487 339 1251 676 1079 1381 207 0 503 1235 526 412 783 1255 486 617 1491 1364 1301 595 1364 373 822 2053 1280 818 1441 1420 1856 1420 1382 1247 354 436 1433 1489 315 939 1220 1170 1343 491 893 967 867 456 589 1473 1365 2117 347 1312 918 350 1253 1240 1397
314 1910 669 959 939 946 168 805 980 1950 686 743 738 952 777 868 932 1052 67 934 979 1883 164 496 911 199 2036 318 876 2327 906 2297 779 890 760 658 960 648 503 0 814 176 177 363 895 927 1037 1070 943 941 174 943 793 401 1863 919 397 1080 1059 1666 999 961 827 794 877 1072 1068 408 518 859 749 982 911 856 607 446 95 1009 1052 944 1928 788 951 497 771 892 879 976
599 1619 1171 1026 156 1013 886 1106 1047 1659 753 1382 146 1019 1416 406 999 269 779 1001 1046 1592 883 742 978 653 1745 564 943 2036 973 2006 1046 957 827 272 177 1171 1235 814 0 888 962 591 962 1032 1676 286 160 1008 686 160 1432 648 1572 986 643 1147 1126 1376 216 178 440 1114 1091 1139 284 1139 764 926 157 1049 1550 923 674 452 873 1648 269 161 1637 1103 1018 743 1410 959 946 193
387 1984 692 1032 1013 1019 177 828 1053 2023 760 766 812 1025 800 942 1006 1126 215 1008 1053 1957 174 570 985 273 2109 392 950 2400 979 2371 802 964 834 732 1034 671 526 176 888 0 272 436 968 950 1060 1143 1017 1014 248 1017 816 475 1937 993 471 1154 1133 1740 1072 1035 900 817 900 1146 1141 431 592 932 823 1056 934 929 680 520 164 1032 1126 1018 2001 811 1025 571 793 966 953 1050
462 2058 578 1107 1087 1094 133 714 1128 2098 834 652 886 1013 686 1016 1080 1200 215 1082 1127 2031 129 644 1059 347 2184 466 1024 2475 1054 2445 688 1038 908 806 1108 557 412 177 962 272 0 511 1043 836 946 1218 1092 1089 322 1091 702 550 2011 1067 545 1228 1207 1815 1147 1109 975 703 786 1220 1216 316 666 1007 897 1130 820 1004 755 594 157 918 1200 1092 2076 697 1099 645 679 1040 1028 1124
74 1687 882 736 717 723 435 816 757 1727 464 1024 516 729 1058 646 710 830 328 712 757 1661 431 300 689 202 1813 122 654 2104 683 2075 756 668 538 436 738 881 783 363 591 436 511 0 672 743 1317 847 721 718 235 721 1073 206 1641 697 202 858 837 1444 776 738 604 825 801 850 845 688 322 636 527 760 1191 633 384 223 422 1289 830 722 1705 813 728 301 1051 670 657 753
680 2058 1093 118 1087 80 967 1028 139 2098 676 1304 886 941 1339 1016 340 1200 860 94 775 2031 963 823 461 734 2183 645 520 2474 599 2445 968 74 750 806 1108 1093 1255 895 962 968 1043 672 0 955 1598 1217 1091 331 767 1091 1354 728 2011 352 724 240 269 1814 1147 1109 974 1037 1013 232 1215 1220 845 655 897 142 1472 845 320 594 954 1570 1200 1092 2076 1025 747 824 1332 586 523 1124
750 2128 324 1019 1158 1005 810 322 1040 2168 423 535 957 363 570 1086 992 1271 930 994 1039 2101 806 894 971 805 2254 715 936 2545 966 2516 199 950 375 876 1179 324 486 927 1032 950 836 743 955 0 829 1288 1162 1001 837 1162 585 799 2082 979 795 1140 1119 1885 1217 1179 1045 322 306 1132 1286 739 915 919 968 1042 703 592 666 664 880 801 1270 1162 2146 211 1011 894 563 952 939 1194
1268 2566 572 1662 1801 1649 920 707 1683 2606 1066 379 1600 1007 279 1730 1635 1914 1075 1638 1683 2539 916 1451 1615 1154 2692 1272 1580 2982 1609 2953 681 1593 1019 1520 1822 550 617 1037 1676 1060 946 1317 1598 829 0 1931 1805 1644 1129 1805 572 1356 2519 1623 1352 1783 1763 2322 1860 1823 1688 696 779 1775 1929 849 1473 1562 1611 1685 152 1236 1310 1308 990 132 1914 1806 2584 690 1654 1452 549 1595 1583 1838
855 1875 1427 1281 158 1268 1142 1361 1302 1915 1009 1638 401 1274 1672 662 1255 129 1035 1257 1302 1848 1138 998 1234 909 2001 820 1199 2291 1228 2262 1301 1213 1083 527 367 1426 1491 1070 286 1143 1218 847 1217 1288 1931 0 219 1263 942 219 1688 903 1828 1242 899 1403 1382 1631 405 236 696 1370 1346 1395 61 1395 1020 1182 412 1305 1805 1178 929 708 1129 1903 129 351 1893 1358 1274 999 1665 1215 1202 382
729 1749 1301 1155 88 1142 1016 1235 1176 1789 883 1512 275 1148 1546 536 1129 201 908 1131 1176 1722 1012 872 1108 783 1874 694 1073 2165 1102 2136 1175 1087 957 401 241 1300 1364 943 160 1017 1092 721 1091 1162 1805 219 0 1137 816 37 1561 777 1702 1116 773 1277 1256 1505 279 83 570 1244 1220 1269 217 1269 894 1055 286 1179 1679 1052 803 581 1002 1777 201 224 1767 1232 1147 873 1539 1089 1076 256
726 2104 1139 282 1133 382 1013 1074 249 2144 722 1350 932 987 1385 1062 26 1246 906 278 624 2077 1009 869 147 780 2229 691 206 2520 285 2491 1014 351 796 852 1154 1139 1301 941 1008 1014 1089 718 331 1001 1644 1263 1137 0 813 1137 1400 775 2057 38 770 221 136 1860 1193 1155 1020 1083 1059 213 1262 1266 891 504 943 241 1518 891 449 640 1000 1616 1246 1138 2122 1071 489 870 1378 272 209 1170
186 1782 762 831 812 818 246 897 852 1822 559 835 611 824 869 740 804 925 139 807 852 1755 243 368 784 72 1908 190 749 2199 778 2169 851 762 633 530 833 740 595 174 686 248 322 235 767 837 1129 942 816 813 0 816 885 274 1736 792 269 952 932 1539 871 833 699 886 896 944 940 500 390 731 622 854 1003 728 479 318 233 1101 924 816 1800 880 823 369 863 764 752 848
729 1749 1300 1155 88 1142 1016 1235 1176 1788 883 1511 275 1148 1546 536 1129 201 908 1131 1176 1722 1012 872 1108 783 1874 694 1073 2165 1102 2136 1175 1087 957 401 241 1300 1364 943 160 1017 1091 721 1091 1162 1805 219 37 1137 816 0 1561 777 1702 1116 773 1277 1256 1505 279 83 569 1244 1220 1269 217 1269 894 1055 286 1179 1679 1052 803 581 1002 1777 201 224 1766 1232 1147 873 1539 1089 1076 256
1024 2322 328 1418 1557 1405 676 464 1439 2362 823 278 1356 763 312 1486 1392 1670 832 1394 1439 2295 673 1207 1371 910 2448 1029 1336 2739 1365 2709 438 1350 775 1276 1578 306 373 793 1432 816 702 1073 1354 585 572 1688 1561 1400 885 1561 0 1112 2275 1379 1108 1540 1519 2079 1617 1579 1445 453 535 1532 1686 605 1229 1318 1367 1442 446 992 1066 1064 746 544 1670 1562 2340 446 1411 1208 231 1352 1339 1594
214 1744 938 793 773 779 474 872 813 1784 520 1062 572 786 1097 702 766 886 366 768 813 1717 470 197 745 241 1869 107 710 2160 739 2131 812 724 594 492 794 937 822 401 648 475 550 206 728 799 1356 903 777 775 274 777 1112 0 1697 753 37 914 893 1500 833 795 660 881 857 906 901 727 219 693 583 816 1230 689 440 280 460 1328 886 778 1762 869 785 198 1090 726 713 810
1747 86 2248 2174 1797 2161 2034 2254 2195 115 1901 2322 1596 2167 2356 1726 2147 1910 1927 2149 2194 118 2031 1890 2126 1801 389 1712 2092 680 2121 651 2194 2105 1976 1515 1818 2227 2149 1962 1671 2036 2110 1740 2110 2180 2616 1927 1801 2156 1834 1801 2372 1796 0 2134 1792 2295 2275 997 1856 1818 1684 2262 2239 2287 1925 2288 1912 2074 1607 2197 2490 2071 1822 1600 2021 2588 1910 1801 163 2251 2166 1891 2349 2107 2095 1833
704 2082 1118 303 1112 403 992 1053 270 2122 700 1329 911 966 1363 1041 47 1225 884 299 603 2056 988 848 125 759 2208 669 185 2499 264 2470 993 372 774 830 1133 1118 1280 919 986 993 1067 697 352 979 1623 1242 1116 38 792 1116 1379 753 2036 0 749 242 157 1839 1171 1133 999 1061 1037 234 1240 1245 870 482 922 262 1497 870 427 618 978 1595 1225 1116 2100 1050 468 849 1356 250 188 1148
209 1739 933 788 769 775 469 868 809 1779 516 1058 568 781 1092 698 762 882 362 764 809 1713 466 193 741 237 1865 103 706 2156 735 2127 808 720 590 488 790 933 818 397 643 471 545 202 724 795 1352 899 773 770 269 773 1108 37 1693 749 0 910 889 1496 828 790 656 877 853 902 897 723 215 688 579 812 1226 685 436 275 456 1324 882 774 1757 865 780 194 1086 722 709 805
865 2243 1279 191 1272 291 1152 1213 158 2283 861 1490 1072 1126 1524 1201 231 1385 1045 187 829 2216 1149 1008 351 920 2369 830 411 2660 490 2630 1153 260 935 991 1294 1278 1441 1080 1147 1154 1228 858 240 1140 1783 1403 1277 221 952 1277 1540 914 2196 242 910 0 160 2000 1332 1294 1160 1222 1198 59 1401 1406 1030 708 1083 149 1657 1030 505 779 1139 1755 1385 1277 2261 1210 693 1009 1517 476 414 1309
845 2222 1258 221 1252 320 1132 1193 187 2262 840 1469 1051 1106 1503 1181 145 1365 1024 217 743 2196 1128 988 265 899 2348 810 325 2639 404 2610 1133 289 914 971 1273 1258 1420 1059 1126 1133 1207 837 269 1119 1763 1382 1256 136 932 1256 1519 893 2176 157 889 160 0 1979 1311 1273 1139 1201 1178 152 1380 1385 1010 623 1062 179 1637 1010 535 758 1118 1735 1365 1257 2240 1190 608 989 1496 391 328 1288
1764 277 2265 2191 1813 2177 2051 2271 2212 317 1918 2339 1612 2184 2373 1742 2164 1926 1944 2166 2211 251 2047 1907 2143 1818 406 1729 2108 697 2138 667 2211 2122 1992 1532 1835 2243 2166 1979 1688 2053 2127 1756 2127 2197 2632 1944 1818 2173 1851 1817 2389 1813 231 2151 1808 2312 2291 0 1873 1835 1701 2279 2255 2304 1942 2304 1929 2091 1624 2214 2506 2088 1838 1617 2038 2604 1926 1818 295 2268 2183 1908 2366 2124 2111 1850
784 1804 1356 1211 275 1197 1071 1291 1232 1844 938 1567 331 1204 1601 591 1184 388 964 1186 1231 1777 1067 927 1163 838 1930 749 1128 2221 1158 2191 1231 1142 1012 456 77 1355 1420 999 216 1072 1147 776 1147 1217 1860 405 279 1193 871 279 1617 833 1757 1171 828 1332 1311 1561 0 297 625 1299 1275 1324 403 1324 949 1111 342 1234 1734 1108 858 637 1058 1833 388 133 1822 1287 1203 928 1594 1144 1131 50
746 1766 1318 1173 106 1159 1033 1253 1194 1806 900 1529 293 1166 1563 553 1146 219 926 1148 1193 1739 1029 889 1125 800 1892 711 1090 2183 1120 2153 1193 1104 974 418 258 1318 1382 961 178 1035 1109 738 1109 1179 1823 236 83 1155 833 83 1579 795 1719 1133 790 1294 1273 1523 297 0 587 1261 1237 1286 234 1286 911 1073 304 1196 1697 1070 820 599 1020 1795 219 242 1784 1250 1165 890 1556 1106 1093 274
612 1632 1184 1038 565 1025 899 1118 1059 1672 766 1395 364 1031 1429 494 1012 678 792 1014 1059 1605 895 755 991 666 1757 577 956 2048 985 2019 1058 970 840 211 586 1183 1247 827 440 900 975 604 974 1045 1688 696 570 1020 699 569 1445 660 1585 999 656 1160 1139 1388 625 587 0 1127 1103 1152 694 1152 777 938 375 1062 1562 935 686 465 885 1660 678 570 1650 1115 1031 756 1422 972 959 602
833 2210 192 1101 1240 1088 677 61 1122 2250 505 403 1039 445 437 1169 1074 1353 833 1076 1121 2184 674 976 1053 887 2336 798 1018 2627 1048 2598 174 1032 457 959 1261 191 354 794 1114 817 703 825 1037 322 696 1370 1244 1083 886 1244 453 881 2164 1061 877 1222 1201 1967 1299 1261 1127 0 102 1214 1368 607 998 1001 1050 1124 570 674 749 746 748 668 1353 1245 2228 183 1093 977 430 1034 1021 1276
809 2187 274 1077 1216 1064 760 94 1098 2226 481 485 1015 421 519 1145 1050 1329 915 1052 1097 2160 756 952 1030 863 2312 774 995 2603 1024 2574 257 1008 434 935 1237 274 436 877 1091 900 786 801 1013 306 779 1346 1220 1059 896 1220 535 857 2140 1037 853 1198 1178 1943 1275 1237 1103 102 0 1190 1344 689 974 977 1026 1100 653 651 725 723 830 751 1329 1221 2204 266 1069 953 513 1010 998 1252
857 2235 1271 183 1265 283 1144 1206 150 2275 853 1482 1064 1119 1516 1193 223 1378 1037 179 821 2208 1141 1001 343 912 2361 822 403 2652 482 2622 1146 252 927 983 1286 1270 1433 1072 1139 1146 1220 850 232 1132 1775 1395 1269 213 944 1269 1532 906 2189 234 902 59 152 1992 1324 1286 1152 1214 1190 0 1393 1398 1022 700 1075 141 1649 1022 497 771 1131 1748 1377 1269 2253 1202 685 1001 1509 468 406 1301
853 1873 1425 1280 156 1266 1140 1359 1300 1913 1007 1636 400 1273 1670 660 1253 127 1033 1255 1300 1846 1136 996 1232 907 1999 818 1197 2290 1226 2260 1299 1211 1081 525 365 1424 1489 1068 284 1141 1216 845 1215 1286 1929 61 217 1262 940 217 1686 901 1826 1240 897 1401 1380 1629 403 234 694 1368 1344 1393 0 1393 1018 1180 411 1303 1803 1176 927 706 1127 1901 127 349 1891 1356 1272 997 1663 1213 1200 381
639 2235 482 1284 1265 1271 291 617 1305 2275 977 555 1064 917 590 1194 1258 1378 446 1260 1305 2209 287 822 1237 525 2361 643 1202 2652 1231 2623 592 1216 929 984 1286 460 315 408 1139 431 316 688 1220 739 849 1395 1269 1266 500 1269 605 727 2189 1245 723 1406 1385 1992 1324 1286 1152 607 689 1398 1393 0 843 1184 1075 1308 723 1146 932 771 361 821 1378 1270 2253 600 1276 822 583 1218 1205 1301
330 1860 1054 909 890 896 590 989 930 1900 637 1179 689 902 1213 818 882 1003 483 885 930 1833 587 80 862 357 1986 224 827 2277 856 2248 929 840 711 608 911 1054 939 518 764 592 666 322 845 915 1473 1020 894 891 390 894 1229 219 1814 870 215 1030 1010 1617 949 911 777 998 974 1022 1018 843 0 809 700 932 1347 806 557 396 577 1445 1002 894 1878 986 901 80 1206 842 830 926
644 2022 1057 719 1051 706 931 992 736 2062 640 1268 850 905 1303 980 495 1164 824 695 199 1995 927 787 475 698 2148 609 440 2438 384 2409 932 650 714 770 1072 1057 1220 859 926 932 1007 636 655 919 1562 1182 1055 504 731 1055 1318 693 1975 482 688 708 623 1778 1111 1073 938 1001 977 700 1180 1184 809 0 861 727 1436 809 367 558 918 1534 1164 1056 2040 989 170 788 1296 389 443 1088
535 1555 1107 961 282 948 822 1041 982 1594 689 1317 66 954 1352 342 935 395 714 937 982 1528 818 678 914 589 1680 500 879 1971 908 1942 981 893 763 207 303 1106 1170 749 157 823 897 527 897 968 1611 412 286 943 622 286 1367 583 1508 922 579 1083 1062 1311 342 304 375 1050 1026 1075 411 1075 700 861 0 985 1485 858 609 387 808 1583 395 287 1572 1038 953 679 1345 895 882 319
767 2145 1181 93 1174 193 1054 1115 66 2185 763 1392 974 1028 1426 1103 250 1287 947 89 848 2118 1051 910 370 822 2271 732 430 2562 509 2532 1055 162 837 893 1196 1180 1343 982 1049 1056 1130 760 142 1042 1685 1305 1179 241 854 1179 1442 816 2098 262 812 149 179 1902 1234 1196 1062 1124 1100 141 1303 1308 932 727 985 0 1559 932 407 681 1041 1657 1287 1179 2163 1112 713 911 1419 495 433 1211
1142 2440 446 1536 1675 1523 794 581 1557 2480 940 253 1474 881 153 1604 1509 1788 949 1512 1557 2413 790 1325 1489 1028 2565 1146 1454 2856 1483 2827 555 1467 893 1394 1696 424 491 911 1550 934 820 1191 1472 703 152 1805 1679 1518 1003 1679 446 1230 2393 1497 1226 1657 1637 2196 1734 1697 1562 570 653 1649 1803 723 1347 1436 1485 1559 0 1110 1184 1182 864 124 1788 1680 2458 564 1528 1325 423 1469 1457 1712
660 2038 750 928 1067 915 947 685 949 2078 223 961 866 598 995 996 902 1180 840 904 949 2011 943 803 881 714 2164 625 846 2454 875 2425 625 860 407 786 1088 750 912 875 942 948 1023 652 864 611 1255 1198 1071 910 747 1071 1011 709 1991 889 704 1050 1029 1794 1127 1089 954 694 670 1042 1196 1165 825 828 877 952 1129 0 576 574 934 1227 1180 1072 2056 682 920 804 989 862 849 1104
392 1770 805 384 799 371 679 740 405 1809 388 1016 598 653 1050 728 440 912 572 360 487 1743 675 535 419 446 1895 357 384 2186 414 2157 680 316 462 518 820 805 967 607 674 680 755 384 320 666 1310 929 803 449 479 803 1066 440 1723 427 436 505 535 1526 858 820 686 749 725 497 927 932 557 367 609 407 1184 557 0 305 665 1282 912 804 1787 737 459 536 1044 400 387 835
231 1548 803 658 577 645 518 738 679 1588 385 1014 376 651 1048 506 631 690 411 633 678 1521 515 374 610 285 1674 196 575 1965 605 1935 678 589 459 296 598 803 867 446 452 520 594 223 594 664 1308 708 581 640 318 581 1064 280 1501 618 275 779 758 1304 637 599 465 746 723 771 706 771 396 558 387 681 1182 555 305 0 505 1280 690 582 1566 735 650 375 1041 591 578 614
373 1969 623 1018 998 1005 108 758 1039 2009 745 696 797 1011 731 927 991 1111 134 993 1038 1942 104 555 970 258 2095 377 935 2386 965 2356 733 949 819 717 1019 601 456 95 873 164 157 422 954 880 990 1129 1002 1000 233 1002 746 460 1922 978 456 1139 1118 1725 1058 1020 885 748 830 1131 1127 361 577 918 808 1041 864 915 665 505 0 962 1111 1003 1987 741 1010 556 724 951 938 1035
1240 2538 544 1634 1773 1621 892 679 1655 2578 1038 351 1572 979 251 1702 1607 1886 1047 1610 1655 2511 888 1423 1587 1126 2664 1245 1552 2954 1581 2925 653 1566 991 1492 1794 522 589 1009 1648 1032 918 1289 1570 801 132 1903 1777 1616 1101 1777 544 1328 2491 1595 1324 1755 1735 2294 1833 1795 1660 668 751 1748 1901 821 1445 1534 1583 1657 124 1208 1282 1280 962 0 1886 1778 2556 662 1626 1424 521 1568 1555 1810
837 1857 1409 1264 141 1251 1124 1344 1285 1897 992 1620 384 1257 1655 645 1237 39 1017 1240 1285 1831 1121 981 1217 892 1983 802 1182 2274 1211 2245 1284 1195 1066 510 350 1409 1473 1052 269 1126 1200 830 1200 1270 1914 129 201 1246 924 201 1670 886 1811 1225 882 1385 1365 1614 388 219 678 1353 1329 1377 127 1378 1002 1164 395 1287 1788 1161 912 690 1111 1886 0 333 1875 1341 1256 981 1648 1197 1185 365
729 1749 1301 1156 220 1143 1016 1236 1177 1789 884 1512 276 1149 1546 537 1129 333 909 1131 1176 1723 1013 872 1109 784 1875 694 1074 2166 1103 2137 1176 1087 958 402 95 1301 1365 944 161 1018 1092 722 1092 1162 1806 351 224 1138 816 224 1562 778 1703 1116 774 1277 1257 1506 133 242 570 1245 1221 1269 349 1270 894 1056 287 1179 1680 1053 804 582 1003 1778 333 0 1767 1233 1148 873 1540 1089 1077 110
1871 210 2372 2298 1921 2285 2158 2378 2319 250 2026 2446 1720 2291 2480 1850 2271 2034 2051 2273 2318 80 2155 2014 2251 1926 513 1836 2216 804 2245 775 2318 2229 2100 1639 1942 2351 2273 2086 1795 2160 2234 1864 2234 2304 2740 2051 1925 2280 1958 1925 2496 1920 163 2258 1916 2419 2399 1121 1980 1942 1808 2387 2363 2411 2049 2412 2036 2198 1731 2321 2614 2195 1946 1724 2145 2712 2034 1925 0 2375 2290 2015 2473 2231 2219 1957
821 2199 185 1089 1228 1076 671 194 1110 2238 493 396 1027 434 431 1157 1062 1341 827 1065 1110 2172 668 964 1042 875 2324 786 1007 2615 1036 2586 108 1020 446 947 1249 185 347 788 1103 811 697 813 1025 211 690 1358 1232 1071 880 1232 446 869 2152 1050 865 1210 1190 1955 1287 1250 1115 183 266 1202 1356 600 986 989 1038 1112 564 663 737 735 741 662 1341 1233 2216 0 1081 965 424 1022 1010 1265
736 2114 1150 754 1143 798 1023 1084 721 2154 732 1361 942 997 1395 1072 480 1256 916 750 175 2087 1020 879 460 790 2240 701 425 2531 243 2501 1024 743 806 862 1164 1149 1312 951 1018 1025 1099 728 747 1011 1654 1274 1147 489 823 1147 1411 785 2067 468 780 693 608 1870 1203 1165 1031 1093 1069 685 1272 1276 901 170 953 713 1528 901 459 650 1010 1626 1256 1148 2132 1081 0 880 1388 248 428 1180
309 1839 1033 888 868 875 569 968 909 1879 616 1158 668 881 1192 797 861 981 462 864 909 1812 566 39 841 336 1965 202 806 2256 835 2226 908 819 690 587 890 1033 918 497 743 571 645 301 824 894 1452 999 873 870 369 873 1208 198 1792 849 194 1009 989 1596 928 890 756 977 953 1001 997 822 80 788 679 911 1325 785 536 375 556 1424 981 873 1857 965 880 0 1185 821 809 905
1002 2300 305 1396 1535 1383 654 441 1417 2339 800 255 1334 740 290 1464 1369 1648 809 1371 1416 2273 650 1184 1348 888 2425 1006 1313 2716 1343 2687 415 1327 752 1254 1556 284 350 771 1410 793 679 1051 1332 563 549 1665 1539 1378 863 1539 231 1090 2253 1356 1086 1517 1496 2056 1594 1556 1422 430 513 1509 1663 583 1206 1296 1345 1419 423 970 1044 1041 724 521 1648 1540 2317 424 1388 1185 0 1329 1317 1571
677 2055 1091 537 1085 637 964 1026 504 2095 673 1302 884 939 1336 1013 263 1198 857 533 393 2028 961 821 243 732 2181 642 208 2472 92 2443 966 606 747 803 1106 1090 1253 892 959 966 1040 670 586 952 1595 1215 1089 272 764 1089 1352 726 2009 250 722 476 391 1812 1144 1106 972 1034 1010 468 1213 1218 842 389 895 495 1469 842 400 591 951 1568 1197 1089 2073 1022 248 821 1329 0 211 1121
665 2042 1078 475 1072 574 952 1013 441 2082 660 1289 871 926 1323 1001 201 1185 844 471 563 2016 948 808 180 719 2168 630 59 2459 224 2430 953 543 734 791 1093 1078 1240 879 946 953 1028 657 523 939 1583 1202 1076 209 752 1076 1339 713 1996 188 709 414 328 1799 1131 1093 959 1021 998 406 1200 1205 830 443 882 433 1457 830 387 578 938 1555 1185 1077 2060 1010 428 809 1317 211 0 1108
761 1781 1333 1188 252 1175 1048 1268 1209 1821 915 1544 308 1181 1578 568 1161 365 941 1163 1208 1754 1045 904 1140 815 1907 726 1105 2198 1135 2168 1208 1119 989 434 54 1333 1397 976 193 1050 1124 753 1124 1194 1838 382 256 1170 848 256 1594 810 1734 1148 805 1309 1288 1538 50 274 602 1276 1252 1301 381 1301 926 1088 319 1211 1712 1085 835 614 1035 1810 365 110 1799 1265 1180 905 1571 1121 1108 0
EOF