NAME : tsp_problem
TYPE : TSP
DIMENSION : 80
EDGE_WEIGHT_TYPE : EXPLICIT
EDGE_WEIGHT_FORMAT : FULL_MATRIX
EDGE_WEIGHT_SECTION
0 820 575 985 579 607 556 229 238 369 440 1880 835 869 836 607 247 1017 605 833 438 498 1280 376 537 1862 670 302 910 565 591 382 712 674 786 467 1222 609 712 499 1259 701 531 548 945 670 582 946 191 610 382 610 888 268 177 590 703 519 347 118 553 1108 703 866 163 958 709 443 620 827 1058 593 524 1050 207 762 843 872 194 406
820 0 846 820 1144 689 823 936 734 935 1228 1259 82 403 986 878 977 1168 876 902 1198 1064 659 1083 1170 1242 752 1090 992 1070 862 570 1286 1381 1206 498 694 453 816 354 638 841 1237 1114 1027 1243 1148 1028 978 1398 1088 1398 358 975 781 1297 307 1226 1054 848 1341 487 1410 440 870 338 205 1008 768 909 528 437 884 1201 914 1336 687 343 780 1136
575 846 0 1012 573 293 62 772 781 264 657 1904 861 895 590 94 406 772 91 1376 655 493 1306 919 1081 1887 356 558 596 1108 77 644 1255 1217 1329 573 1249 636 420 526 1285 1244 1074 542 631 672 577 632 646 827 925 827 915 811 720 1133 730 1062 891 661 770 1135 1246 892 707 985 736 280 127 513 1085 619 119 804 750 1305 870 899 737 848
985 820 1012 0 1310 855 989 1102 899 1100 1394 1135 835 878 1152 1044 1143 1333 1042 1095 1364 1230 366 1248 1362 1118 917 1255 1158 1263 1027 736 1479 1547 1399 664 275 426 982 520 336 1034 1403 1279 1192 1409 1314 1193 1144 1563 1254 1564 897 1140 946 1462 712 1391 1220 1013 1507 595 1575 875 1036 532 719 1174 934 1075 652 438 1049 1366 1079 1529 245 828 946 1301
579 1144 573 1310 0 785 554 776 784 367 241 2205 1160 1193 539 605 409 691 603 1380 327 255 1604 923 1084 2187 847 374 946 1111 589 928 1193 1155 1292 871 1547 934 702 824 1583 1247 1077 71 795 126 134 981 494 347 928 347 1213 815 724 1071 1028 1065 894 630 291 1433 1184 1191 710 1283 1034 440 618 1005 1383 918 522 724 754 1243 1168 1197 741 520
607 689 293 855 785 0 270 747 651 475 869 1747 704 738 336 325 618 518 323 1301 866 704 1149 894 1055 1730 101 769 342 1082 309 487 1230 1192 1303 416 1091 479 166 369 1128 1218 1048 754 376 883 788 377 766 1038 899 1039 757 786 695 1108 572 1036 865 635 982 977 1221 735 681 828 579 429 215 259 927 462 330 550 725 1280 713 742 697 923
556 823 62 989 554 270 0 753 761 244 638 1881 839 872 567 94 387 749 92 1357 636 474 1283 900 1061 1864 333 538 574 1089 78 621 1236 1198 1309 550 1226 613 397 503 1262 1224 1054 523 608 652 557 609 627 808 906 808 892 792 701 1114 707 1043 871 641 751 1112 1227 869 687 962 713 260 107 491 1062 597 100 782 731 1286 847 876 718 829
229 936 772 1102 776 747 753 0 260 566 638 1996 951 985 1033 804 444 1214 802 726 608 696 1396 196 431 1979 809 499 1050 458 788 404 532 494 631 489 1338 726 874 615 1375 594 424 745 1084 868 779 1085 388 807 202 808 1004 88 199 410 819 412 167 257 751 1200 523 982 101 1075 825 640 818 967 1000 709 721 1247 101 582 960 989 216 545
238 734 781 899 784 651 761 260 0 575 646 1794 749 783 948 813 452 1130 811 863 616 704 1194 406 568 1777 713 508 954 595 796 202 742 705 816 287 1136 524 778 413 1173 731 561 753 988 876 788 989 396 816 412 816 802 298 104 620 617 549 378 265 759 1022 733 780 194 872 623 648 730 871 972 507 730 1163 237 792 758 787 104 554
369 935 264 1100 367 475 244 566 575 0 451 1995 950 984 525 296 200 706 293 1170 449 287 1395 713 874 1978 538 351 779 902 279 719 1049 1011 1123 661 1337 725 400 614 1374 1038 868 336 810 465 370 814 440 621 719 621 1003 605 514 927 818 856 684 455 564 1223 1040 981 500 1074 824 131 309 696 1173 708 213 739 544 1099 959 988 531 642
440 1228 657 1394 241 869 638 638 646 451 0 2288 1243 1277 689 689 287 841 687 1241 125 405 1688 785 946 2271 931 172 1096 973 673 790 992 954 1090 875 1631 1018 794 908 1667 1109 939 221 945 269 291 1131 293 209 790 209 1297 677 586 870 1112 927 711 428 152 1517 983 1274 572 1367 1118 525 702 1089 1467 1001 606 874 616 1041 1252 1281 602 319
1890 1269 1916 1145 2215 1759 1893 2006 1804 2005 2298 0 1284 1473 2056 1948 2047 2086 1946 1544 2268 2134 984 2153 1811 702 1822 2160 2062 1712 1932 1640 1928 2096 1848 1568 1019 1523 1886 1424 963 1483 1909 2184 2061 2313 2218 2098 2048 2468 2158 2468 1429 2045 1851 2012 1377 1897 2124 1918 2411 1044 2320 1510 1940 981 1275 2078 1838 1979 1101 1507 1954 2119 1984 1978 1352 1277 1850 2206
835 82 861 835 1160 704 839 951 749 950 1243 1274 0 418 1001 893 993 1183 891 917 1213 1079 674 1098 1185 1257 767 1105 1008 1085 877 585 1301 1396 1221 514 709 468 831 370 653 857 1252 1129 1042 1258 1163 1043 994 1413 1104 1413 374 990 796 1312 322 1241 1069 863 1356 503 1425 456 885 353 220 1024 783 925 544 452 899 1216 929 1351 702 358 796 1151
869 403 895 878 1193 738 872 985 783 984 1277 1463 418 0 1035 927 1026 1217 925 889 1247 1113 863 1132 1157 1446 800 1139 1041 1057 911 619 1273 1430 1193 547 898 502 865 403 842 829 1254 1163 1075 1292 1197 1077 1027 1447 1137 1447 95 1024 830 1346 183 1242 1103 897 1390 692 1459 88 919 542 318 1057 817 958 516 486 933 1250 963 1323 736 330 829 1185
836 986 590 1152 539 336 567 1033 948 525 689 2044 1001 1035 0 622 667 225 620 1598 775 541 1446 1180 1342 2027 359 819 480 1369 606 784 1516 1478 1590 713 1389 776 207 666 1425 1505 1335 508 329 637 542 515 907 795 1186 795 1055 1072 981 1394 870 1323 1152 922 739 1275 1507 1032 968 1125 876 424 512 517 1225 759 622 258 1011 1566 1010 1039 995 968
607 878 94 1044 605 325 94 804 813 296 689 1936 893 927 622 0 438 803 112 1408 687 525 1338 951 1113 1919 387 589 628 1140 81 676 1287 1249 1361 605 1281 668 452 558 1317 1276 1106 574 662 704 609 664 678 859 957 859 947 843 752 1165 761 1094 923 693 802 1167 1278 924 739 1017 768 312 159 545 1116 651 151 836 782 1337 902 931 769 880
247 977 406 1143 409 618 387 444 452 200 287 2038 993 1026 667 438 0 848 436 1048 285 329 1437 591 752 2020 680 188 921 780 422 597 927 889 1000 681 1380 767 543 657 1416 915 745 379 951 508 413 956 308 457 596 457 1046 483 392 805 861 734 562 332 400 1266 918 1023 378 1116 867 273 451 838 1216 750 355 880 422 977 1001 1030 409 478
1017 1168 772 1333 691 518 749 1214 1130 706 841 2076 1183 1217 225 803 848 0 801 1780 927 693 1628 1361 1522 2058 540 974 480 1550 787 966 1697 1659 1770 894 1570 958 389 847 1607 1685 1515 660 329 790 695 515 1088 948 1367 948 1236 1253 1162 1575 1051 1504 1332 1102 891 1456 1688 1214 1148 1307 1057 606 693 545 1406 941 804 129 1192 1747 1192 1221 1176 1121
605 876 91 1042 603 323 92 802 811 293 687 1934 891 925 620 112 436 801 0 1406 685 523 1336 949 1110 1917 385 587 626 1138 96 674 1285 1247 1359 602 1278 666 450 555 1315 1274 1104 572 660 701 606 661 676 857 955 857 944 841 750 1163 759 1092 920 691 800 1164 1276 922 736 1015 766 309 156 543 1114 649 149 834 780 1335 900 929 767 878
833 902 1376 1095 1380 1301 1357 726 863 1170 1241 1534 917 889 1598 1408 1048 1780 1406 0 1211 1299 934 873 484 1517 1363 1103 1604 384 1392 1008 600 769 520 1092 969 1065 1428 966 913 156 581 1349 1638 1471 1383 1639 992 1411 879 1411 845 765 803 684 919 569 845 861 1354 690 992 926 705 700 817 1244 1380 1521 489 1048 1325 1813 662 650 1299 596 820 1149
438 1198 655 1364 327 866 636 608 616 449 125 2258 1213 1247 775 687 285 927 685 1211 0 491 1658 754 916 2241 929 170 1170 943 670 760 958 920 1057 845 1600 988 792 877 1637 1079 909 307 1031 355 377 1205 290 295 760 295 1266 646 555 836 1081 897 677 395 238 1486 949 1244 542 1337 1087 522 700 1087 1436 971 604 960 585 1008 1222 1251 572 274
498 1064 493 1230 255 704 474 696 704 287 405 2124 1079 1113 541 525 329 693 523 1299 491 0 1524 843 1004 2107 767 481 948 1031 509 848 1178 1141 1252 791 1467 854 630 744 1503 1167 997 224 797 353 258 983 569 511 848 512 1133 735 644 1056 948 985 814 584 455 1353 1170 1110 630 1203 954 360 538 925 1303 837 442 726 674 1228 1088 1117 660 684
1280 659 1306 366 1604 1149 1283 1396 1194 1395 1688 974 674 863 1446 1338 1437 1628 1336 934 1658 1524 0 1543 1201 957 1211 1550 1452 1101 1322 1030 1318 1486 1238 958 240 753 1276 814 65 873 1299 1574 1486 1703 1608 1487 1438 1857 1548 1858 818 1435 1241 1402 767 1287 1514 1307 1801 434 1710 900 1330 371 665 1468 1228 1369 491 766 1343 1661 1374 1367 572 667 1240 1596
376 1083 919 1248 923 894 900 196 406 713 785 2143 1098 1132 1180 951 591 1361 949 873 754 843 1543 0 578 2126 956 646 1197 605 935 551 520 482 619 636 1485 873 1021 762 1522 741 571 892 1231 1014 926 1232 535 954 47 954 1151 160 346 398 966 559 156 404 897 1347 511 1129 248 1222 972 787 964 1114 1146 856 868 1394 247 570 1107 1136 363 692
537 1170 1081 1362 1084 1055 1061 431 568 874 946 1802 1185 1157 1342 1113 752 1522 1110 484 916 1004 1201 578 0 1784 1118 808 1358 162 1096 712 463 632 383 797 1236 1034 1182 924 1180 351 232 1053 1392 1176 1088 1394 696 1115 583 1116 1112 470 507 547 1128 221 549 565 1059 958 855 1194 409 967 1084 948 1126 1275 757 1017 1030 1555 367 513 1268 864 524 854
1872 1252 1899 1128 2197 1742 1876 1989 1786 1988 2281 702 1267 1456 2039 1931 2030 2068 1929 1527 2251 2117 967 2135 1794 0 1804 2142 2045 1694 1915 1623 1910 2079 1830 1551 1002 1506 1869 1407 946 1466 1891 2166 2043 2296 2201 2080 2031 2450 2141 2451 1411 2027 1833 1995 1360 1880 2107 1900 2394 1026 2302 1493 1923 964 1258 2061 1821 1962 1084 1489 1936 2101 1966 1960 1334 1260 1833 2189
670 752 356 917 847 101 333 809 713 538 931 1809 767 800 359 387 680 540 385 1363 929 767 1211 956 1118 1792 0 832 285 1145 371 550 1292 1254 1366 478 1154 541 189 431 1191 1281 1111 816 320 946 851 321 828 1101 962 1101 820 848 757 1170 635 1099 928 698 1044 1040 1283 798 744 890 641 452 277 203 990 525 393 573 787 1342 775 804 760 986
302 1090 558 1255 374 769 538 499 508 351 172 2150 1105 1139 819 589 188 974 587 1103 170 481 1550 646 808 2133 832 0 1072 835 573 652 982 944 1056 737 1492 880 694 769 1529 971 801 354 1078 402 424 1108 154 342 652 342 1158 538 447 860 973 789 618 388 285 1378 973 1136 433 1228 979 425 603 990 1328 863 507 1007 477 1032 1114 1143 464 363
910 992 596 1158 946 342 574 1050 954 779 1096 2050 1008 1041 480 628 921 480 626 1604 1170 948 1452 1197 1358 2033 285 1072 0 1386 612 790 1533 1495 1606 719 1395 782 429 672 1431 1521 1351 915 217 1044 949 45 1069 1202 1203 1203 1061 1089 998 1411 876 1340 1168 938 1146 1281 1524 1038 984 1131 882 692 518 241 1231 765 634 513 1028 1583 1016 1045 1001 1227
565 1070 1108 1263 1111 1082 1089 458 595 902 973 1702 1085 1057 1369 1140 780 1550 1138 384 943 1031 1101 605 162 1684 1145 835 1386 0 1124 739 363 532 283 824 1137 1061 1209 951 1081 252 259 1081 1420 1203 1115 1421 723 1143 611 1143 1012 497 535 448 1087 248 576 593 1086 858 755 1094 436 868 985 975 1153 1303 657 1045 1057 1582 394 413 1295 764 551 881
591 862 77 1027 589 309 78 788 796 279 673 1920 877 911 606 81 422 787 96 1392 670 509 1322 935 1096 1902 371 573 612 1124 0 660 1271 1233 1344 588 1264 652 436 541 1301 1259 1089 558 646 687 592 647 662 842 941 843 930 827 736 1149 745 1078 906 676 786 1150 1262 908 722 1001 751 295 142 529 1100 635 135 820 766 1321 886 915 753 864
382 570 644 736 928 487 621 404 202 719 790 1630 585 619 784 676 597 966 674 1008 760 848 1030 551 712 1613 550 652 790 739 660 0 887 849 960 123 972 360 614 249 1009 875 705 898 825 1020 932 826 540 960 556 960 638 443 249 765 453 693 522 410 903 858 878 616 338 709 459 792 566 707 808 343 682 999 382 937 594 623 248 698
712 1286 1255 1479 1193 1230 1236 532 742 1049 992 1918 1301 1273 1516 1287 927 1697 1285 600 958 1178 1318 520 463 1900 1292 982 1533 363 1271 887 0 347 277 971 1353 1208 1357 1098 1297 468 560 1173 1567 1221 1243 1568 871 1154 526 1154 1228 496 682 263 1302 549 439 732 1097 1074 571 1310 584 1084 1201 1123 1300 1450 873 1192 1204 1730 583 89 1443 980 699 896
674 1381 1217 1547 1155 1192 1198 494 705 1011 954 2086 1396 1430 1478 1249 889 1659 1247 769 920 1141 1486 482 632 2069 1254 944 1495 532 1233 849 347 0 446 934 1521 1171 1319 1060 1465 636 729 1135 1529 1184 1206 1530 833 1116 488 1116 1397 458 644 120 1264 717 401 694 1060 1242 533 1427 546 1252 1270 1085 1263 1412 1042 1154 1166 1692 546 397 1405 1149 661 858
786 1206 1329 1399 1292 1303 1309 631 816 1123 1090 1838 1221 1193 1590 1361 1000 1770 1359 520 1057 1252 1238 619 383 1821 1366 1056 1606 283 1344 960 277 446 0 1045 1273 1282 1430 1172 1217 388 480 1272 1641 1320 1336 1642 944 1253 625 1253 1148 595 755 362 1223 469 538 813 1196 994 669 1230 657 1004 1121 1196 1374 1523 793 1265 1278 1803 615 327 1516 900 772 995
467 498 573 664 871 416 550 489 287 661 875 1559 514 547 713 605 681 894 602 1092 845 791 958 636 797 1541 478 737 719 824 588 123 971 934 1045 0 901 288 543 178 937 960 790 840 753 970 875 754 625 1045 641 1045 567 528 334 849 382 778 607 495 988 787 963 544 423 637 388 735 495 636 737 271 610 927 467 1021 522 551 333 783
1222 694 1249 275 1547 1091 1226 1338 1136 1337 1631 1009 709 898 1389 1281 1380 1570 1278 969 1600 1467 240 1485 1236 992 1154 1492 1395 1137 1264 972 1353 1521 1273 901 0 662 1218 757 210 908 1334 1516 1429 1645 1550 1430 1381 1800 1491 1800 853 1377 1183 1437 802 1322 1457 1250 1743 469 1745 935 1273 406 700 1411 1170 1312 526 675 1286 1603 1316 1403 481 702 1183 1538
609 453 636 426 934 479 613 726 524 725 1018 1513 468 502 776 668 767 958 666 1065 988 854 753 873 1034 1496 541 880 782 1061 652 360 1208 1171 1282 288 662 0 606 144 724 1004 1027 903 816 1033 938 817 768 1187 878 1188 522 765 571 1086 337 1015 844 637 1131 742 1200 499 660 592 343 798 558 699 692 62 673 990 704 1258 284 506 570 926
712 816 420 982 702 166 397 874 778 400 794 1874 831 865 207 452 543 389 450 1428 792 630 1276 1021 1182 1857 189 694 429 1209 436 614 1357 1319 1430 543 1218 606 0 496 1255 1345 1175 671 464 801 706 465 783 959 1026 959 884 913 822 1235 699 1163 992 762 902 1104 1348 862 808 955 706 300 342 346 1054 589 457 422 852 1407 840 869 825 985
499 354 526 520 824 369 503 615 413 614 908 1415 370 403 666 558 657 847 555 966 877 744 814 762 924 1397 431 769 672 951 541 249 1098 1060 1172 178 757 144 496 0 793 906 917 793 706 923 828 707 658 1077 768 1077 423 654 460 976 238 905 734 527 1021 643 1089 400 550 493 244 688 447 589 593 127 563 880 593 1148 378 407 460 815
1259 638 1285 336 1583 1128 1262 1375 1173 1374 1667 953 653 842 1425 1317 1416 1607 1315 913 1637 1503 65 1522 1180 936 1191 1529 1431 1081 1301 1009 1297 1465 1217 937 210 724 1255 793 0 852 1278 1553 1466 1682 1587 1467 1417 1837 1527 1837 797 1414 1220 1381 746 1266 1493 1287 1780 413 1689 879 1309 350 644 1447 1207 1348 470 736 1323 1640 1353 1347 543 646 1219 1575
701 841 1244 1034 1247 1218 1224 594 731 1038 1109 1473 857 829 1505 1276 915 1685 1274 156 1079 1167 873 741 351 1456 1281 971 1521 252 1259 875 468 636 388 960 908 1004 1345 906 852 0 449 1216 1556 1339 1251 1557 859 1279 746 1279 784 633 671 552 858 437 712 729 1222 629 860 866 572 639 756 1111 1289 1438 429 988 1193 1718 530 518 1239 535 687 1017
531 1237 1074 1403 1077 1048 1054 424 561 868 939 1899 1252 1254 1335 1106 745 1515 1104 581 909 997 1299 571 232 1881 1111 801 1351 259 1089 705 560 729 480 790 1334 1027 1175 917 1278 449 0 1046 1386 1169 1081 1387 689 1108 576 1109 1209 463 500 645 1121 53 542 558 1052 1055 898 1283 402 1065 1127 941 1119 1268 854 1010 1023 1548 360 610 1261 961 517 847
548 1114 542 1279 71 754 523 745 753 336 221 2174 1129 1163 508 574 379 660 572 1349 307 224 1574 892 1053 2157 816 354 915 1081 558 898 1173 1135 1272 840 1516 903 671 793 1553 1216 1046 0 764 169 110 950 474 327 898 327 1182 784 693 1051 997 1035 863 610 271 1402 1164 1160 679 1252 1003 410 587 974 1352 887 491 693 723 1223 1138 1166 710 500
945 1027 631 1192 795 376 608 1084 988 810 945 2051 1042 1075 329 662 951 329 660 1638 1031 797 1486 1231 1392 2034 320 1078 217 1420 646 825 1567 1529 1641 753 1429 816 464 706 1466 1556 1386 764 0 893 798 253 1103 1051 1237 1051 1095 1123 1032 1445 910 1374 1203 973 995 1315 1558 1073 1018 1165 916 709 552 275 1265 800 668 361 1062 1617 1050 1079 1035 1224
670 1243 672 1409 126 883 652 868 876 465 269 2303 1258 1292 637 704 508 790 701 1471 355 353 1703 1014 1176 2286 946 402 1044 1203 687 1020 1221 1184 1320 970 1645 1033 801 923 1682 1339 1169 169 893 0 154 1080 523 303 1020 303 1311 906 816 1099 1126 1157 940 658 305 1531 1213 1289 802 1382 1133 539 717 1104 1481 1016 621 822 845 1271 1267 1296 832 549
582 1148 577 1314 134 788 557 779 788 370 291 2208 1163 1197 542 609 413 695 606 1383 377 258 1608 926 1088 2191 851 424 949 1115 592 932 1243 1206 1336 875 1550 938 706 828 1587 1251 1081 110 798 154 0 985 545 397 932 398 1216 818 727 1121 1031 1069 898 668 341 1436 1234 1194 714 1287 1038 444 622 1009 1386 921 526 727 757 1293 1172 1201 744 571
946 1028 632 1193 981 377 609 1085 989 814 1131 2085 1043 1077 515 664 956 515 661 1639 1205 983 1487 1232 1394 2068 321 1108 45 1421 647 826 1568 1530 1642 754 1430 817 465 707 1467 1557 1387 950 253 1080 985 0 1104 1238 1238 1238 1096 1124 1033 1446 911 1375 1204 974 1181 1316 1559 1074 1020 1166 917 728 553 276 1266 801 669 548 1063 1618 1051 1080 1036 1262
191 978 646 1144 494 766 627 388 396 440 293 2039 994 1027 907 678 308 1088 676 992 290 569 1438 535 696 2021 828 154 1069 723 662 540 871 833 944 625 1381 768 783 658 1417 859 689 474 1103 523 545 1104 0 462 540 463 1047 427 336 749 862 677 506 276 406 1267 862 1024 322 1117 868 513 691 986 1217 751 595 1120 366 921 1002 1031 353 484
610 1398 827 1563 347 1038 808 807 816 621 209 2458 1413 1447 795 859 457 948 857 1411 295 511 1857 954 1115 2440 1101 342 1202 1143 842 960 1154 1116 1253 1045 1800 1187 959 1077 1837 1279 1108 327 1051 303 397 1238 462 0 960 15 1466 846 755 1032 1281 1097 873 598 146 1686 1145 1444 741 1536 1287 694 872 1259 1636 1171 776 980 785 1204 1421 1450 772 488
382 1088 925 1254 928 899 906 202 412 719 790 2149 1104 1137 1186 957 596 1367 955 879 760 848 1548 47 583 2131 962 652 1203 611 941 556 526 488 625 641 1491 878 1026 768 1527 746 576 898 1237 1020 932 1238 540 960 0 960 1157 166 352 404 972 565 161 410 903 1353 517 1134 253 1227 978 792 970 1120 1152 861 874 1399 253 576 1112 1141 368 698
610 1398 827 1564 347 1039 808 808 816 621 209 2458 1413 1447 795 859 457 948 857 1411 295 512 1858 954 1116 2441 1101 342 1203 1143 843 960 1154 1116 1253 1045 1800 1188 959 1077 1837 1279 1109 327 1051 303 398 1238 463 15 960 0 1466 846 755 1032 1281 1097 873 598 146 1686 1145 1444 742 1537 1287 694 872 1259 1636 1171 776 981 785 1204 1422 1451 772 489
888 358 915 897 1213 757 892 1004 802 1003 1297 1419 374 95 1055 947 1046 1236 944 845 1266 1133 818 1151 1112 1401 820 1158 1061 1012 930 638 1228 1397 1148 567 853 522 884 423 797 784 1209 1182 1095 1311 1216 1096 1047 1466 1157 1466 0 1043 849 1313 248 1198 1123 916 1409 647 1478 133 939 497 273 1077 836 978 471 505 952 1269 982 1278 756 285 849 1204
268 975 811 1140 815 786 792 88 298 605 677 2035 990 1024 1072 843 483 1253 841 765 646 735 1435 160 470 2018 848 538 1089 497 827 443 496 458 595 528 1377 765 913 654 1414 633 463 784 1123 906 818 1124 427 846 166 846 1043 0 238 374 858 451 132 296 789 1239 487 1021 140 1113 864 679 856 1006 1038 748 760 1286 139 546 999 1028 255 584
177 781 720 946 724 695 701 199 104 514 586 1841 796 830 981 752 392 1162 750 803 555 644 1241 346 507 1824 757 447 998 535 736 249 682 644 755 334 1183 571 822 460 1220 671 500 693 1032 816 727 1033 336 755 352 755 849 238 0 560 664 489 317 205 699 1069 673 827 133 919 670 588 766 915 1019 554 669 1195 177 732 805 834 61 493
590 1297 1133 1462 1071 1108 1114 410 620 927 870 2002 1312 1346 1394 1165 805 1575 1163 684 836 1056 1402 398 547 1985 1170 860 1411 448 1149 765 263 120 362 849 1437 1086 1235 976 1381 552 645 1051 1445 1099 1121 1446 749 1032 404 1032 1313 374 560 0 1180 633 317 610 975 1158 449 1343 462 1168 1186 1001 1178 1328 958 1070 1082 1608 461 313 1321 1064 577 774
703 307 730 712 1028 572 707 819 617 818 1112 1367 322 183 870 761 861 1051 759 919 1081 948 767 966 1128 1350 635 973 876 1087 745 453 1302 1264 1223 382 802 337 699 238 746 858 1121 997 910 1126 1031 911 862 1281 972 1281 248 858 664 1180 0 1109 938 731 1224 596 1293 180 754 446 197 892 651 793 546 320 767 1084 797 1352 571 360 664 1019
519 1226 1062 1391 1065 1036 1043 412 549 856 927 1887 1241 1242 1323 1094 734 1504 1092 569 897 985 1287 559 221 1870 1099 789 1340 248 1078 693 549 717 469 778 1322 1015 1163 905 1266 437 53 1035 1374 1157 1069 1375 677 1097 565 1097 1198 451 489 633 1109 0 531 547 1040 1043 886 1272 391 1053 1115 929 1107 1257 842 999 1011 1537 348 598 1249 949 506 835
347 1054 891 1220 894 865 871 167 378 684 711 2114 1069 1103 1152 923 562 1332 920 845 677 814 1514 156 549 2097 928 618 1168 576 906 522 439 401 538 607 1457 844 992 734 1493 712 542 863 1203 940 898 1204 506 873 161 873 1123 132 317 317 938 531 0 375 816 1318 430 1100 219 1193 944 758 936 1085 1118 827 840 1365 219 489 1078 1107 334 615
118 848 661 1013 630 635 641 257 265 455 428 1908 863 897 922 693 332 1102 691 861 395 584 1307 404 565 1890 698 388 938 593 676 410 732 694 813 495 1250 637 762 527 1287 729 558 610 973 658 668 974 276 598 410 598 916 296 205 610 731 547 375 0 541 1136 723 894 191 986 737 528 706 855 1086 621 610 1135 235 782 871 900 222 333
553 1341 770 1507 291 982 751 751 759 564 152 2401 1356 1390 739 802 400 891 800 1354 238 455 1801 897 1059 2384 1044 285 1146 1086 786 903 1097 1060 1196 988 1743 1131 902 1021 1780 1222 1052 271 995 305 341 1181 406 146 903 146 1409 789 699 975 1224 1040 816 541 0 1629 1088 1387 685 1480 1231 638 815 1202 1579 1114 719 924 728 1147 1365 1394 715 432
1108 487 1135 595 1433 977 1112 1200 1022 1223 1517 1034 503 692 1275 1167 1266 1456 1164 690 1486 1353 434 1347 958 1016 1040 1378 1281 858 1150 858 1074 1242 994 787 469 742 1104 643 413 629 1055 1402 1315 1531 1436 1316 1267 1686 1353 1686 647 1239 1069 1158 596 1043 1318 1136 1629 0 1466 729 1159 200 493 1297 1056 1198 247 725 1172 1489 1136 1124 801 423 1069 1424
703 1410 1246 1575 1184 1221 1227 523 733 1040 983 2310 1425 1459 1507 1278 918 1688 1276 992 949 1170 1710 511 855 2293 1283 973 1524 755 1262 878 571 533 669 963 1745 1200 1348 1089 1689 860 898 1164 1558 1213 1234 1559 862 1145 517 1145 1478 487 673 449 1293 886 430 723 1088 1466 0 1456 575 1476 1299 1114 1292 1441 1265 1183 1195 1721 575 621 1434 1372 690 887
866 440 892 875 1191 735 869 982 780 981 1274 1500 456 88 1032 924 1023 1214 922 926 1244 1110 900 1129 1194 1483 798 1136 1038 1094 908 616 1310 1427 1230 544 935 499 862 400 879 866 1283 1160 1073 1289 1194 1074 1024 1444 1134 1444 133 1021 827 1343 180 1272 1100 894 1387 729 1456 0 916 579 355 1055 814 955 553 483 930 1247 960 1360 733 367 826 1182
163 870 707 1036 710 681 687 101 194 500 572 1930 885 919 968 739 378 1148 736 705 542 630 1330 248 409 1913 744 433 984 436 722 338 584 546 657 423 1273 660 808 550 1309 572 402 679 1018 802 714 1020 322 741 253 742 939 140 133 462 754 391 219 191 685 1159 575 916 0 1009 760 574 752 901 978 643 656 1181 79 634 894 923 150 480
958 338 985 532 1283 828 962 1075 872 1074 1367 971 353 542 1125 1017 1116 1307 1015 700 1337 1203 371 1222 967 954 890 1228 1131 868 1001 709 1084 1252 1004 637 406 592 955 493 350 639 1065 1252 1165 1382 1287 1166 1117 1536 1227 1537 497 1113 919 1168 446 1053 1193 986 1480 200 1476 579 1009 0 344 1147 907 1048 257 575 1022 1339 1053 1134 739 433 919 1275
709 205 736 719 1034 579 713 825 623 824 1118 1265 220 318 876 768 867 1057 766 817 1087 954 665 972 1084 1248 641 979 882 985 751 459 1201 1270 1121 388 700 343 706 244 644 756 1127 1003 916 1133 1038 917 868 1287 978 1287 273 864 670 1186 197 1115 944 737 1231 493 1299 355 760 344 0 898 658 799 443 326 773 1090 803 1251 577 258 670 1025
443 1008 280 1174 440 429 260 640 648 131 525 2069 1024 1057 424 312 273 606 309 1244 522 360 1468 787 948 2051 452 425 692 975 295 792 1123 1085 1196 735 1411 798 300 688 1447 1111 941 410 709 539 444 728 513 694 792 694 1077 679 588 1001 892 929 758 528 638 1297 1114 1055 574 1147 898 0 325 610 1247 782 229 639 618 1173 1032 1061 605 716
620 768 127 934 618 215 107 818 730 309 702 1826 783 817 512 159 451 693 156 1380 700 538 1228 964 1126 1809 277 603 518 1153 142 566 1300 1263 1374 495 1170 558 342 447 1207 1289 1119 587 552 717 622 553 691 872 970 872 836 856 766 1178 651 1107 936 706 815 1056 1292 814 752 907 658 325 0 435 1006 541 164 726 795 1350 792 821 776 893
827 909 513 1075 1005 259 491 967 871 696 1089 1967 925 958 517 545 838 545 543 1521 1087 925 1369 1114 1275 1950 203 990 241 1303 529 707 1450 1412 1523 636 1312 699 346 589 1348 1438 1268 974 275 1104 1009 276 986 1259 1120 1259 978 1006 915 1328 793 1257 1085 855 1202 1198 1441 955 901 1048 799 610 435 0 1148 682 551 578 945 1500 933 962 918 1144
1058 528 1085 652 1383 927 1062 1000 972 1173 1467 1091 544 516 1225 1116 1216 1406 1114 489 1436 1303 491 1146 757 1074 990 1328 1231 657 1100 808 873 1042 793 737 526 692 1054 593 470 429 854 1352 1265 1481 1386 1266 1217 1636 1152 1636 471 1038 1019 958 546 842 1118 1086 1579 247 1265 553 978 257 443 1247 1006 1148 0 675 1122 1439 935 923 858 223 1019 1374
593 437 619 438 918 462 597 709 507 708 1001 1497 452 486 759 651 750 941 649 1048 971 837 766 856 1017 1479 525 863 765 1045 635 343 1192 1154 1265 271 675 62 589 127 736 988 1010 887 800 1016 921 801 751 1171 861 1171 505 748 554 1070 320 999 827 621 1114 725 1183 483 643 575 326 782 541 682 675 0 657 974 687 1242 296 489 553 909
524 884 119 1049 522 330 100 721 730 213 606 1941 899 933 622 151 355 804 149 1325 604 442 1343 868 1030 1924 393 507 634 1057 135 682 1204 1166 1278 610 1286 673 457 563 1323 1193 1023 491 668 621 526 669 595 776 874 776 952 760 669 1082 767 1011 840 610 719 1172 1195 930 656 1022 773 229 164 551 1122 657 0 837 699 1254 907 936 686 797
1050 1201 804 1366 724 550 782 1247 1163 739 874 2109 1216 1250 258 836 880 129 834 1813 960 726 1661 1394 1555 2091 573 1007 513 1582 820 999 1730 1692 1803 927 1603 990 422 880 1640 1718 1548 693 361 822 727 548 1120 980 1399 981 1269 1286 1195 1608 1084 1537 1365 1135 924 1489 1721 1247 1181 1339 1090 639 726 578 1439 974 837 0 1225 1780 1224 1253 1209 1154
207 914 750 1079 754 725 731 101 237 544 616 1974 929 963 1011 782 422 1192 780 662 585 674 1374 247 367 1957 787 477 1028 394 766 382 583 546 615 467 1316 704 852 593 1353 530 360 723 1062 845 757 1063 366 785 253 785 982 139 177 461 797 348 219 235 728 1136 575 960 79 1053 803 618 795 945 935 687 699 1225 0 633 938 967 194 523
762 1336 1305 1529 1243 1280 1286 582 792 1099 1041 1968 1351 1323 1566 1337 977 1747 1335 650 1008 1228 1367 570 513 1950 1342 1032 1583 413 1321 937 89 397 327 1021 1403 1258 1407 1148 1347 518 610 1223 1617 1271 1293 1618 921 1204 576 1204 1278 546 732 313 1352 598 489 782 1147 1124 621 1360 634 1134 1251 1173 1350 1500 923 1242 1254 1780 633 0 1492 1030 749 946
843 687 870 245 1168 713 847 960 758 959 1252 1342 702 736 1010 902 1001 1192 900 1299 1222 1088 572 1107 1268 1324 775 1114 1016 1295 886 594 1443 1405 1516 522 481 284 840 378 543 1239 1261 1138 1050 1267 1172 1051 1002 1421 1112 1422 756 999 805 1321 571 1249 1078 871 1365 801 1434 733 894 739 577 1032 792 933 858 296 907 1224 938 1492 0 740 804 1160
872 343 899 828 1197 742 876 989 787 988 1281 1267 358 330 1039 931 1030 1221 929 596 1251 1117 667 1136 864 1250 804 1143 1045 764 915 623 980 1149 900 551 702 506 869 407 646 535 961 1166 1079 1296 1201 1080 1031 1450 1141 1451 285 1028 834 1064 360 949 1107 900 1394 423 1372 367 923 433 258 1061 821 962 223 489 936 1253 967 1030 740 0 833 1189
194 780 737 946 741 697 718 216 104 531 602 1841 796 829 995 769 409 1176 767 820 572 660 1240 363 524 1823 760 464 1001 551 753 248 699 661 772 333 1183 570 825 460 1219 687 517 710 1035 832 744 1036 353 772 368 772 849 255 61 577 664 506 334 222 715 1069 690 826 150 919 670 605 776 918 1019 553 686 1209 194 749 804 833 0 510
406 1136 848 1301 520 923 829 545 554 642 319 2196 1151 1185 968 880 478 1121 878 1149 274 684 1596 692 854 2179 986 363 1227 881 864 698 896 858 995 783 1538 926 985 815 1575 1017 847 500 1224 549 571 1262 484 488 698 489 1204 584 493 774 1019 835 615 333 432 1424 887 1182 480 1275 1025 716 893 1144 1374 909 797 1154 523 946 1160 1189 510 0
EOF