NAME : tsp_problem
TYPE : TSP
DIMENSION : 32
EDGE_WEIGHT_TYPE : EXPLICIT
EDGE_WEIGHT_FORMAT : FULL_MATRIX
EDGE_WEIGHT_SECTION
0 894 874 326 499 722 994 1024 353 1010 1320 880 525 463 633 499 308 900 1119 542 873 1225 480 934 844 563 761 377 1060 497 498 1179
894 0 444 1091 562 1487 1123 173 971 1138 1449 1645 705 1228 1398 562 1074 1627 1248 1307 1638 1353 891 1062 495 1329 328 582 1189 560 796 1308
874 444 0 925 874 1321 945 502 794 961 1271 1479 1100 1062 1232 875 908 1449 1070 1141 1472 1176 713 885 163 1163 234 652 1011 873 1188 1130
326 1091 925 0 695 431 1022 1221 286 1037 1348 614 813 172 438 695 73 704 1147 266 607 1078 413 961 895 368 812 573 1088 694 787 1207
499 562 874 695 0 1092 1142 692 722 1158 1468 1249 392 832 1002 39 678 1269 1267 912 1242 1373 849 1081 844 933 692 285 1208 37 483 1327
722 1487 1321 431 1092 0 1418 1617 682 1434 1677 598 1080 432 784 1092 470 893 1543 390 591 1266 809 1358 1291 765 1208 970 1394 1090 1047 1603
994 1123 945 1022 1142 1418 0 1253 785 107 417 1537 1368 1159 1329 1142 1004 1206 216 1253 1530 852 704 334 915 1260 832 1020 660 1141 1455 276
1024 173 502 1221 692 1617 1253 0 1102 1268 1579 1775 835 1358 1528 692 1204 1757 1378 1437 1768 1483 1021 1192 614 1459 458 712 1319 690 926 1438
353 971 794 286 722 682 785 1102 0 800 1111 840 840 423 593 722 269 860 910 517 833 1015 176 724 764 524 681 600 851 721 814 970
1010 1138 961 1037 1158 1434 107 1268 800 0 344 1464 1383 1174 1344 1158 1020 1133 144 1268 1457 779 719 349 931 1275 848 1035 587 1156 1471 203
1320 1449 1271 1348 1468 1677 417 1579 1111 344 0 1280 1694 1485 1245 1468 1331 949 333 1579 1273 595 1030 660 1241 1334 1158 1346 403 1467 1781 262
880 1645 1479 614 1249 598 1537 1775 840 1464 1280 0 1264 615 388 1250 653 496 1453 573 121 869 967 1515 1449 530 1366 1127 997 1248 1230 1382
525 705 1100 813 392 1080 1368 835 840 1383 1694 1264 0 950 1120 392 796 1387 1493 807 1257 1598 967 1307 1070 1051 910 511 1434 390 267 1553
463 1228 1062 172 832 432 1159 1358 423 1174 1485 615 950 0 575 833 210 842 1284 267 608 1215 550 1098 1032 505 949 710 1225 831 924 1344
633 1398 1232 438 1002 784 1329 1528 593 1344 1245 388 1120 575 0 1002 420 461 1418 669 381 834 720 1268 1202 283 1119 880 962 1001 1094 1346
499 562 875 695 39 1092 1142 692 722 1158 1468 1250 392 833 1002 0 678 1269 1267 912 1243 1373 849 1081 845 933 692 286 1208 37 483 1327
308 1074 908 73 678 470 1004 1204 269 1020 1331 653 796 210 420 678 0 687 1130 304 646 1060 396 944 878 351 794 556 1071 677 769 1190
900 1627 1449 704 1269 893 1206 1757 860 1133 949 496 1387 842 461 1269 687 0 1121 868 489 538 987 1271 1419 550 1336 1147 665 1268 1361 1050
1119 1248 1070 1147 1267 1543 216 1378 910 144 333 1453 1493 1284 1418 1267 1130 1121 0 1378 1446 768 829 459 1041 1385 957 1145 576 1266 1581 192
542 1307 1141 266 912 390 1253 1437 517 1268 1579 573 807 267 669 912 304 868 1378 0 566 1241 644 1192 1111 599 1028 790 1319 911 774 1438
873 1638 1472 607 1242 591 1530 1768 833 1457 1273 121 1257 608 381 1243 646 489 1446 566 0 862 960 1508 1442 523 1359 1120 990 1241 1223 1375
1225 1353 1176 1078 1373 1266 852 1483 1015 779 595 869 1598 1215 834 1373 1060 538 768 1241 862 0 935 997 1146 923 1063 1251 312 1371 1686 697
480 891 713 413 849 809 704 1021 176 719 1030 967 967 550 720 849 396 987 829 644 960 935 0 643 683 651 600 727 770 848 941 889
934 1062 885 961 1081 1358 334 1192 724 349 660 1515 1307 1098 1268 1081 944 1271 459 1192 1508 997 643 0 855 1199 771 959 833 1080 1395 519
844 495 163 895 844 1291 915 614 764 931 1241 1449 1070 1032 1202 845 878 1419 1041 1111 1442 1146 683 855 0 1133 204 623 981 843 1158 1100
563 1329 1163 368 933 765 1260 1459 524 1275 1334 530 1051 505 283 933 351 550 1385 599 523 923 651 1199 1133 0 1050 811 1051 932 1025 1435
761 328 234 812 692 1208 832 458 681 848 1158 1366 910 949 1119 692 794 1336 957 1028 1359 1063 600 771 204 1050 0 470 898 691 1001 1017
377 582 652 573 285 970 1020 712 600 1035 1346 1127 511 710 880 286 556 1147 1145 790 1120 1251 727 959 623 811 470 0 1086 284 599 1205
1060 1189 1011 1088 1208 1394 660 1319 851 587 403 997 1434 1225 962 1208 1071 665 576 1319 990 312 770 833 981 1051 898 1086 0 1207 1521 505
497 560 873 694 37 1090 1141 690 721 1156 1467 1248 390 831 1001 37 677 1268 1266 911 1241 1371 848 1080 843 932 691 284 1207 0 482 1326
498 796 1188 787 483 1047 1455 926 814 1471 1781 1230 267 924 1094 483 769 1361 1581 774 1223 1686 941 1395 1158 1025 1001 599 1521 482 0 1640
1179 1308 1130 1207 1327 1603 276 1438 970 203 262 1382 1553 1344 1346 1327 1190 1050 192 1438 1375 697 889 519 1100 1435 1017 1205 505 1326 1640 0
EOF