NAME : tsp_problem
TYPE : TSP
DIMENSION : 50
EDGE_WEIGHT_TYPE : EXPLICIT
EDGE_WEIGHT_FORMAT : FULL_MATRIX
EDGE_WEIGHT_SECTION
0 567 717 591 1243 411 972 870 807 692 1068 298 330 516 1135 486 583 314 285 1003 896 871 820 985 344 1038 1138 1211 458 331 336 401 617 912 888 1108 314 605 535 299 331 1237 663 608 694 1602 503 413 1008 575
567 0 640 788 1013 754 1168 1067 1003 162 1265 732 764 950 1332 920 91 748 719 773 1093 405 652 1182 778 1235 909 982 246 307 396 338 405 1109 1085 879 307 868 969 345 377 1356 860 710 464 1799 937 444 778 772
717 640 0 468 938 434 731 630 566 765 828 782 813 892 894 969 655 798 604 698 656 1007 200 745 827 797 834 907 779 703 919 773 937 672 647 804 839 549 910 740 773 997 423 167 390 1361 980 499 704 335
591 788 468 0 1216 309 723 489 558 913 820 656 688 462 754 572 803 672 426 976 648 1156 572 604 702 657 1112 1185 916 789 794 859 996 664 639 1082 772 116 481 757 789 989 415 359 667 1246 551 387 981 326
1243 1013 938 1216 0 1182 623 1088 749 1138 611 1307 1339 1525 952 1495 1029 1323 1294 963 649 1381 950 1009 1353 1062 668 78 1152 1076 1302 1146 1310 788 751 466 1212 1296 1544 1113 1146 522 886 1009 654 1266 1513 872 811 979
411 754 434 309 1182 0 689 588 524 879 786 476 508 495 852 605 769 492 299 942 614 1122 538 703 522 755 1078 1151 737 610 614 680 894 630 605 1048 592 389 513 577 610 955 381 325 633 1319 583 353 947 293
972 1168 731 723 623 689 0 494 290 1293 179 1036 1068 1146 358 1224 1184 1052 859 1333 207 1536 835 415 1082 468 1197 592 1297 1170 1174 1240 1454 194 157 995 1153 803 1165 1137 1170 347 345 622 1024 672 1235 767 1339 438
870 1067 630 489 1088 588 494 0 591 1192 644 935 967 916 410 1026 1082 951 757 1232 672 1434 733 260 980 313 1367 1057 1195 1068 1072 1138 1353 647 610 1337 1051 570 935 1035 1068 813 448 520 923 902 1004 666 1237 359
807 1003 566 558 749 524 290 591 0 1128 305 871 903 982 606 1059 1019 887 694 1168 133 1371 670 663 917 716 1304 717 1132 1005 1009 1075 1289 231 206 1121 988 639 1000 972 1005 473 180 457 860 920 1070 602 1174 273
692 162 765 913 1138 879 1293 1192 1128 0 1390 857 889 1075 1457 1045 146 873 844 898 1218 318 777 1307 903 1360 1034 1107 371 432 521 463 449 1234 1210 1004 432 993 1094 470 502 1481 985 835 589 1924 1062 569 903 897
1068 1265 828 820 611 786 179 644 305 1390 0 1133 1165 1243 508 1321 1281 1149 955 1395 205 1633 932 565 1179 618 1185 579 1393 1267 1271 1337 1551 344 307 983 1249 900 1262 1234 1266 335 442 719 1087 822 1332 864 1328 535
298 732 782 656 1307 476 1036 935 871 857 1133 0 113 339 1199 309 748 97 350 1068 961 793 885 1050 99 1103 1203 1276 612 496 500 566 539 977 952 1173 479 583 358 463 496 1302 728 672 759 1667 327 478 1073 640
330 764 813 688 1339 508 1068 967 903 889 1165 113 0 371 1231 341 779 42 382 1100 993 825 917 1082 159 1134 1235 1308 644 528 532 598 571 1009 984 1205 511 614 390 495 528 1334 760 704 791 1698 359 510 1105 672
516 950 892 462 1525 495 1146 916 982 1075 1243 339 371 0 1181 144 966 355 375 1286 1071 929 995 1031 385 1084 1421 1494 748 714 711 777 675 1087 1063 1391 689 385 85 681 714 1412 838 782 977 1673 122 696 1291 750
1135 1332 894 754 952 852 358 410 606 1457 508 1199 1231 1181 0 1291 1347 1216 1022 1497 536 1699 998 331 1245 383 1526 921 1460 1333 1337 1403 1617 511 474 1325 1316 834 1199 1300 1333 677 662 785 1188 766 1269 930 1502 624
486 920 969 572 1495 605 1224 1026 1059 1045 1321 309 341 144 1291 0 935 325 485 1255 1149 899 1073 1141 355 1194 1391 1464 717 684 681 746 645 1165 1140 1361 659 495 195 651 684 1490 916 860 947 1783 74 666 1261 828
583 91 655 803 1029 769 1184 1082 1019 146 1281 748 779 966 1347 935 0 764 735 789 1109 389 667 1197 793 1250 924 997 262 323 412 354 420 1125 1100 894 322 884 984 360 393 1372 876 726 480 1814 953 459 794 787
314 748 798 672 1323 492 1052 951 887 873 1149 97 42 355 1216 325 764 0 366 1084 977 809 901 1066 143 1119 1219 1292 628 512 517 582 555 993 969 1189 495 599 374 479 512 1318 744 688 775 1683 343 494 1089 656
285 719 604 426 1294 299 859 757 694 844 955 350 382 375 1022 485 735 366 0 1055 784 1022 708 872 395 925 1190 1263 610 483 488 553 768 800 775 1160 466 349 394 450 483 1124 551 495 746 1489 463 465 1060 462
1003 773 698 976 963 942 1333 1232 1168 898 1395 1068 1100 1286 1497 1255 789 1084 1055 0 1258 1141 711 1347 1113 1400 426 932 912 836 1062 907 1071 1274 1250 829 972 1057 1304 874 906 1306 1025 769 351 1964 1273 632 296 937
896 1093 656 648 649 614 207 672 133 1218 205 961 993 1071 536 1149 1109 977 784 1258 0 1461 760 593 1007 645 1224 618 1222 1095 1099 1165 1379 320 296 1022 1077 728 1090 1062 1095 374 270 547 949 850 1160 692 1263 363
871 405 1007 1156 1381 1122 1536 1434 1371 318 1633 793 825 929 1699 899 389 809 1022 1141 1461 0 1020 1550 839 1602 1277 1349 450 675 686 628 297 1477 1452 1247 596 1172 948 712 745 1724 1228 1078 832 2166 916 812 1146 1139
820 652 200 572 950 538 835 733 670 777 932 885 917 995 998 1073 667 901 708 711 760 1020 0 848 931 901 846 919 791 715 940 785 949 776 751 816 851 652 1014 752 785 1100 527 271 402 1465 1084 511 716 438
985 1182 745 604 1009 703 415 260 663 1307 565 1050 1082 1031 331 1141 1197 1066 872 1347 593 1550 848 0 1095 91 1482 977 1310 1183 1188 1253 1468 567 530 1381 1166 685 1050 1150 1183 733 563 635 1038 823 1119 781 1352 474
344 778 827 702 1353 522 1082 980 917 903 1179 99 159 385 1245 355 793 143 395 1113 1007 839 931 1095 0 1148 1249 1322 658 542 546 612 585 1023 998 1219 525 628 404 509 542 1347 774 718 804 1712 372 524 1119 685
1038 1235 797 657 1062 755 468 313 716 1360 618 1103 1134 1084 383 1194 1250 1119 925 1400 645 1602 901 91 1148 0 1535 1030 1363 1236 1240 1306 1521 620 583 1434 1219 737 1102 1203 1236 786 616 688 1091 876 1172 833 1405 527
1138 909 834 1112 668 1078 1197 1367 1304 1034 1185 1203 1235 1421 1526 1391 924 1219 1190 426 1224 1277 846 1482 1249 1535 0 652 1048 972 1197 1042 1206 1362 1325 725 1108 1192 1440 1009 1042 1096 1161 905 486 1840 1409 768 181 1072
1211 982 907 1185 78 1151 592 1057 717 1107 579 1276 1308 1494 921 1464 997 1292 1263 932 618 1349 919 977 1322 1030 652 0 1120 1044 1270 1115 1279 757 720 450 1181 1265 1513 1082 1114 490 854 977 623 1234 1481 841 795 948
458 246 779 916 1152 737 1297 1195 1132 371 1393 612 644 748 1460 717 262 628 610 912 1222 450 791 1310 658 1363 1048 1120 0 446 273 215 196 1237 1213 1018 184 930 766 483 516 1495 988 849 603 1927 735 583 917 900
331 307 703 789 1076 610 1170 1068 1005 432 1267 496 528 714 1333 684 323 512 483 836 1095 675 715 1183 542 1236 972 1044 446 0 447 292 604 1111 1086 942 357 803 733 109 141 1419 862 773 527 1800 702 507 841 773
336 396 919 794 1302 614 1174 1072 1009 521 1271 500 532 711 1337 681 412 517 488 1062 1099 686 940 1188 546 1240 1197 1270 273 447 0 216 432 1115 1090 1167 129 807 730 444 476 1440 866 810 753 1804 698 616 1067 777
401 338 773 859 1146 680 1240 1138 1075 463 1337 566 598 777 1403 746 354 582 553 907 1165 628 785 1253 612 1306 1042 1115 215 292 216 0 374 1181 1156 1012 127 873 795 329 361 1489 932 844 598 1870 764 577 912 843
617 405 937 996 1310 894 1454 1353 1289 449 1551 539 571 675 1617 645 420 555 768 1071 1379 297 949 1468 585 1521 1206 1279 196 604 432 374 0 1395 1370 1176 342 918 694 642 674 1654 1146 1008 762 2085 662 741 1076 1058
912 1109 672 664 788 630 194 647 231 1234 344 977 1009 1087 511 1165 1125 993 800 1274 320 1477 776 567 1023 620 1362 757 1237 1111 1115 1181 1395 0 110 1161 1093 744 1106 1078 1110 513 286 563 965 824 1176 708 1279 379
888 1085 647 639 751 605 157 610 206 1210 307 952 984 1063 474 1140 1100 969 775 1250 296 1452 751 530 998 583 1325 720 1213 1086 1090 1156 1370 110 0 1124 1069 720 1081 1053 1086 476 261 538 941 787 1151 683 1255 355
1108 879 804 1082 466 1048 995 1337 1121 1004 983 1173 1205 1391 1325 1361 894 1189 1160 829 1022 1247 816 1381 1219 1434 725 450 1018 942 1167 1012 1176 1161 1124 0 1078 1162 1410 979 1012 894 1131 875 520 1638 1379 738 834 1042
314 307 839 772 1212 592 1153 1051 988 432 1249 479 511 689 1316 659 322 495 466 972 1077 596 851 1166 525 1219 1108 1181 184 357 129 127 342 1093 1069 1078 0 786 708 395 427 1418 844 789 663 1783 677 594 978 756
605 868 549 116 1296 389 803 570 639 993 900 583 614 385 834 495 884 599 349 1057 728 1172 652 685 628 737 1192 1265 930 803 807 873 918 744 720 1162 786 0 404 770 803 1069 495 439 748 1327 473 467 1062 407
535 969 910 481 1544 513 1165 935 1000 1094 1262 358 390 85 1199 195 984 374 394 1304 1090 948 1014 1050 404 1102 1440 1513 766 733 730 795 694 1106 1081 1410 708 404 0 700 733 1431 857 801 996 1692 174 715 1310 769
299 345 740 757 1113 577 1137 1035 972 470 1234 463 495 681 1300 651 360 479 450 874 1062 712 752 1150 509 1203 1009 1082 483 109 444 329 642 1078 1053 979 395 770 700 0 77 1402 829 773 565 1767 669 544 879 740
331 377 773 789 1146 610 1170 1068 1005 502 1266 496 528 714 1333 684 393 512 483 906 1095 745 785 1183 542 1236 1042 1114 516 141 476 361 674 1110 1086 1012 427 803 733 77 0 1435 861 806 597 1800 701 577 911 773
1237 1356 997 989 522 955 347 813 473 1481 335 1302 1334 1412 677 1490 1372 1318 1124 1306 374 1724 1100 733 1347 786 1096 490 1495 1419 1440 1489 1654 513 476 894 1418 1069 1431 1402 1435 0 610 887 998 990 1500 1033 1239 704
663 860 423 415 886 381 345 448 180 985 442 728 760 838 662 916 876 744 551 1025 270 1228 527 563 774 616 1161 854 988 862 866 932 1146 286 261 1131 844 495 857 829 861 610 0 314 716 975 927 459 1030 130
608 710 167 359 1009 325 622 520 457 835 719 672 704 782 785 860 726 688 495 769 547 1078 271 635 718 688 905 977 849 773 810 844 1008 563 538 875 789 439 801 773 806 887 314 0 460 1252 871 403 774 225
694 464 390 667 654 633 1024 923 860 589 1087 759 791 977 1188 947 480 775 746 351 949 832 402 1038 804 1091 486 623 603 527 753 598 762 965 941 520 663 748 996 565 597 998 716 460 0 1655 964 323 356 628
1602 1799 1361 1246 1266 1319 672 902 920 1924 822 1667 1698 1673 766 1783 1814 1683 1489 1964 850 2166 1465 823 1712 876 1840 1234 1927 1800 1804 1870 2085 824 787 1638 1783 1327 1692 1767 1800 990 975 1252 1655 0 1762 1397 1969 1069
503 937 980 551 1513 583 1235 1004 1070 1062 1332 327 359 122 1269 74 953 343 463 1273 1160 916 1084 1119 372 1172 1409 1481 735 702 698 764 662 1176 1151 1379 677 473 174 669 701 1500 927 871 964 1762 0 684 1278 838
413 444 499 387 872 353 767 666 602 569 864 478 510 696 930 666 459 494 465 632 692 812 511 781 524 833 768 841 583 507 616 577 741 708 683 738 594 467 715 544 577 1033 459 403 323 1397 684 0 637 371
1008 778 704 981 811 947 1339 1237 1174 903 1328 1073 1105 1291 1502 1261 794 1089 1060 296 1263 1146 716 1352 1119 1405 181 795 917 841 1067 912 1076 1279 1255 834 978 1062 1310 879 911 1239 1030 774 356 1969 1278 637 0 942
575 772 335 326 979 293 438 359 273 897 535 640 672 750 624 828 787 656 462 937 363 1139 438 474 685 527 1072 948 900 773 777 843 1058 379 355 1042 756 407 769 740 773 704 130 225 628 1069 838 371 942 0
EOF