NAME : tsp_problem
TYPE : TSP
DIMENSION : 44
EDGE_WEIGHT_TYPE : EXPLICIT
EDGE_WEIGHT_FORMAT : FULL_MATRIX
EDGE_WEIGHT_SECTION
0 458 653 422 545 699 1126 1472 1046 686 928 1217 484 955 1518 740 1112 1037 381 360 626 359 958 722 1244 410 1002 339 353 81 411 517 371 960 516 520 318 361 250 207 421 625 1453 170
458 0 385 684 301 289 1040 1385 642 276 543 1131 664 694 1432 653 1108 1033 294 406 216 621 871 600 1157 672 916 424 167 433 98 431 785 873 632 483 580 274 405 558 683 539 1367 587
653 385 0 879 165 274 711 1056 437 287 337 802 761 489 1103 751 1206 1131 489 601 208 816 968 258 1255 867 1013 619 362 628 423 465 980 605 729 678 775 469 600 753 827 636 1038 782
422 684 879 0 771 933 1323 1669 1272 920 1172 1414 409 1323 1538 715 1038 963 606 317 859 285 933 919 1219 215 977 297 579 461 742 714 480 935 442 477 189 587 630 254 347 600 1448 397
545 301 165 771 0 396 832 1178 558 408 459 923 751 610 1224 740 1195 1120 381 493 320 708 958 379 1244 760 1003 511 254 521 359 518 872 726 719 570 668 362 492 645 770 626 1159 674
699 289 274 933 396 0 802 1147 391 96 291 893 852 443 1194 841 1297 1221 543 655 185 870 1059 349 1345 921 1104 673 416 675 326 556 1029 696 820 732 829 523 654 807 918 727 1129 828
1126 1040 711 1323 832 802 0 631 964 814 865 183 948 1016 552 914 1317 1174 798 1075 875 1070 989 493 724 1139 959 1093 935 1102 1090 651 1453 662 916 913 1221 813 1073 1226 1014 823 487 1256
1472 1385 1056 1669 1178 1147 631 0 1310 1160 1210 723 1293 1361 595 1259 1360 1217 1144 1420 1221 1415 1033 838 767 1485 1003 1438 1281 1448 1436 997 1798 1008 1262 1258 1566 1159 1419 1572 1359 1168 530 1601
1046 642 437 1272 558 391 964 1310 0 403 174 1055 1015 325 1356 1004 1459 1384 865 994 538 1137 1222 512 1508 1206 1267 1012 755 1022 680 718 1373 859 983 980 1169 863 993 1146 1081 890 1291 1175
686 276 287 920 408 96 814 1160 403 0 304 905 864 455 1206 854 1309 1234 530 642 172 857 1072 361 1358 908 1116 660 403 662 313 568 1016 708 833 719 817 511 641 794 919 739 1141 815
928 543 337 1172 459 291 865 1210 174 304 0 956 915 200 1257 905 1360 1285 765 895 438 1037 1122 412 1408 1107 1167 913 655 904 580 619 1258 759 883 880 1069 763 893 1047 981 790 1192 1058
1217 1131 802 1414 923 893 183 723 1055 905 956 0 1039 1107 643 1005 1408 1265 889 1166 966 1161 1081 584 815 1230 1051 1184 1026 1193 1181 743 1544 753 1007 1004 1312 904 1165 1317 1105 914 578 1347
484 664 761 409 751 852 948 1293 1015 864 915 1039 0 1066 1163 339 662 587 428 379 840 156 557 543 843 226 602 359 559 523 722 339 542 559 79 315 307 443 692 316 100 225 1072 459
955 694 489 1323 610 443 1016 1361 325 455 200 1107 1066 0 1408 1056 1511 1436 917 1046 590 1188 1274 563 1560 1258 1318 1064 807 931 731 770 1285 910 1035 1031 1220 914 985 1121 1132 941 1343 1085
1518 1432 1103 1538 1224 1194 552 595 1356 1206 1257 643 1163 1408 0 874 959 816 1190 1347 1267 1285 632 885 366 1355 602 1341 1327 1494 1482 1043 1656 1054 1131 1128 1436 1205 1465 1441 1229 972 129 1585
740 653 751 715 740 841 914 1259 1004 854 905 1005 339 1056 874 0 538 463 418 523 829 462 268 533 555 531 313 517 549 715 712 328 844 431 308 304 612 433 687 618 406 148 784 761
1112 1108 1206 1038 1195 1297 1317 1360 1459 1309 1360 1408 662 1511 959 538 0 214 873 978 1284 784 713 988 639 854 703 972 1004 1152 1167 784 987 886 631 760 935 888 1142 944 728 603 868 1087
1037 1033 1131 963 1120 1221 1174 1217 1384 1234 1285 1265 587 1436 816 463 214 0 798 903 1209 709 570 913 496 779 561 897 929 1077 1092 708 912 811 556 684 860 813 1067 869 653 528 725 1012
381 294 489 606 381 543 798 1144 865 530 765 889 428 917 1190 418 873 798 0 329 470 544 636 394 922 595 681 347 190 356 352 189 708 638 397 393 503 107 328 481 495 304 1125 510
360 406 601 317 493 655 1075 1420 994 642 895 1166 379 1046 1347 523 978 903 329 0 582 255 741 670 1027 306 786 91 302 400 464 466 418 743 412 272 214 309 440 192 317 409 1256 335
626 216 208 859 320 185 875 1221 538 172 438 966 840 590 1267 829 1284 1209 470 582 0 797 1047 423 1333 848 1092 600 343 602 253 607 956 770 808 659 756 450 581 734 859 715 1202 755
359 621 816 285 708 870 1070 1415 1137 857 1037 1161 156 1188 1285 462 784 709 544 255 797 0 679 665 965 101 724 235 517 399 680 461 418 681 189 415 183 525 568 191 112 347 1194 335
958 871 968 933 958 1059 989 1033 1222 1072 1122 1081 557 1274 632 268 713 570 636 741 1047 679 0 751 312 749 70 735 767 933 930 546 1062 649 526 522 830 651 905 836 623 366 541 979
722 600 258 919 379 349 493 838 512 361 412 584 543 563 885 533 988 913 394 670 423 665 751 0 1037 735 795 688 531 697 638 247 1048 387 512 508 816 408 669 822 609 418 820 851
1244 1157 1255 1219 1244 1345 724 767 1508 1358 1408 815 843 1560 366 555 639 496 922 1027 1333 965 312 1037 0 1035 282 1021 1053 1219 1216 832 1337 935 812 808 1116 937 1191 1122 909 652 276 1265
410 672 867 215 760 921 1139 1485 1206 908 1107 1230 226 1258 1355 531 854 779 595 306 848 101 749 735 1035 0 794 286 568 450 731 531 469 751 258 466 234 576 619 242 163 417 1264 386
1002 916 1013 977 1003 1104 959 1003 1267 1116 1167 1051 602 1318 602 313 703 561 681 786 1092 724 70 795 282 794 0 780 811 978 974 591 1107 694 570 567 875 695 949 880 668 411 511 1024
339 424 619 297 511 673 1093 1438 1012 660 913 1184 359 1064 1341 517 972 897 347 91 600 235 735 688 1021 286 780 0 320 379 483 484 398 737 392 251 194 327 458 172 297 403 1250 315
353 167 362 579 254 416 935 1281 755 403 655 1026 559 807 1327 549 1004 929 190 302 343 517 767 531 1053 568 811 320 0 329 225 326 680 769 528 379 476 170 300 454 579 434 1262 483
81 433 628 461 521 675 1102 1448 1022 662 904 1193 523 931 1494 715 1152 1077 356 400 602 399 933 697 1219 450 978 379 329 0 387 493 411 935 556 545 358 337 226 247 461 601 1429 210
411 98 423 742 359 326 1090 1436 680 313 580 1181 722 731 1482 712 1167 1092 352 464 253 680 930 638 1216 731 974 483 225 387 0 489 741 932 691 542 639 333 440 577 742 597 1417 540
517 431 465 714 518 556 651 997 718 568 619 743 339 770 1043 328 784 708 189 466 607 461 546 247 832 531 591 484 326 493 489 0 844 546 307 304 612 204 465 617 405 214 978 647
371 785 980 480 872 1029 1453 1798 1373 1016 1258 1544 542 1285 1656 844 987 912 708 418 956 418 1062 1048 1337 469 1107 398 680 411 741 844 0 1064 575 579 377 688 580 266 480 730 1566 344
960 873 605 935 726 696 662 1008 859 708 759 753 559 910 1054 431 886 811 638 743 770 681 649 387 935 751 694 737 769 935 932 546 1064 0 528 524 832 653 907 838 626 368 989 981
516 632 729 442 719 820 916 1262 983 833 883 1007 79 1035 1131 308 631 556 397 412 808 189 526 512 812 258 570 392 528 556 691 307 575 528 0 283 340 412 666 348 133 193 1041 492
520 483 678 477 570 732 913 1258 980 719 880 1004 315 1031 1128 304 760 684 393 272 659 415 522 508 808 466 567 251 379 545 542 304 579 524 283 0 374 386 517 352 381 190 1037 496
318 580 775 189 668 829 1221 1566 1169 817 1069 1312 307 1220 1436 612 935 860 503 214 756 183 830 816 1116 234 875 194 476 358 639 612 377 832 340 374 0 484 527 150 245 498 1345 294
361 274 469 587 362 523 813 1159 863 511 763 904 443 914 1205 433 888 813 107 309 450 525 651 408 937 576 695 327 170 337 333 204 688 653 412 386 484 0 308 461 509 318 1140 491
250 405 600 630 492 654 1073 1419 993 641 893 1165 692 985 1465 687 1142 1067 328 440 581 568 905 669 1191 619 949 458 300 226 440 465 580 907 666 517 527 308 0 416 630 572 1400 379
207 558 753 254 645 807 1226 1572 1146 794 1047 1317 316 1121 1441 618 944 869 481 192 734 191 836 822 1122 242 880 172 454 247 577 617 266 838 348 352 150 461 416 0 253 503 1351 183
421 683 827 347 770 918 1014 1359 1081 919 981 1105 100 1132 1229 406 728 653 495 317 859 112 623 609 909 163 668 297 579 461 742 405 480 626 133 381 245 509 630 253 0 291 1139 397
625 539 636 600 626 727 823 1168 890 739 790 914 225 941 972 148 603 528 304 409 715 347 366 418 652 417 411 403 434 601 597 214 730 368 193 190 498 318 572 503 291 0 881 647
1453 1367 1038 1448 1159 1129 487 530 1291 1141 1192 578 1072 1343 129 784 868 725 1125 1256 1202 1194 541 820 276 1264 511 1250 1262 1429 1417 978 1566 989 1041 1037 1345 1140 1400 1351 1139 881 0 1494
170 587 782 397 674 828 1256 1601 1175 815 1058 1347 459 1085 1585 761 1087 1012 510 335 755 335 979 851 1265 386 1024 315 483 210 540 647 344 981 492 496 294 491 379 183 397 647 1494 0
EOF