NAME : tsp_problem
TYPE : TSP
DIMENSION : 28
EDGE_WEIGHT_TYPE : EXPLICIT
EDGE_WEIGHT_FORMAT : FULL_MATRIX
EDGE_WEIGHT_SECTION
0 1062 1097 380 1280 1237 243 1161 1345 1030 922 1144 1264 1403 1317 846 1254 1464 427 1275 218 1227 1129 1079 248 1464 1568 1307
1062 0 502 760 1152 812 1267 612 633 1221 480 569 839 569 891 735 421 631 890 442 1243 801 195 394 1273 659 1143 491
1097 502 0 794 779 439 1302 987 877 848 201 814 466 628 518 362 508 519 924 529 1278 428 383 639 1307 433 770 735
380 760 794 0 1275 934 586 858 1043 1112 620 841 962 1100 1014 543 952 1161 208 973 561 924 826 776 591 1162 1266 1005
1280 1152 779 1275 0 510 1081 1491 1527 344 706 1464 611 1307 519 749 1158 1260 1405 1179 1137 573 1033 1289 1166 1147 691 1385
1237 812 439 934 510 0 1316 1151 1187 579 365 1123 383 966 436 408 818 920 1065 839 1372 346 692 949 1402 806 688 1045
243 1267 1302 586 1081 1316 0 1366 1551 831 1127 1349 1470 1608 1454 1051 1460 1669 632 1480 99 1432 1334 1284 129 1670 1626 1513
1161 612 987 858 1491 1151 1366 0 497 1543 812 370 1178 891 1230 866 825 952 988 763 1342 1140 772 492 1371 1136 1482 459
1345 633 877 1043 1527 1187 1551 497 0 1597 855 237 1214 621 1266 1050 555 682 1173 493 1526 1176 572 414 1556 865 1518 189
1030 1221 848 1112 344 579 831 1543 1597 0 775 1526 793 1376 717 818 1228 1330 1242 1249 887 756 1102 1359 916 1216 889 1455
922 480 201 620 706 365 1127 812 855 775 0 791 393 634 445 289 486 683 750 507 1103 355 360 617 1133 569 697 713
1144 569 814 841 1464 1123 1349 370 237 1526 791 0 1151 631 1203 849 564 692 971 503 1325 1113 507 213 1354 875 1455 199
1264 839 466 962 611 383 1470 1178 1214 793 393 1151 0 994 178 436 845 902 1092 866 1445 51 720 976 1475 785 430 1072
1403 569 628 1100 1307 966 1608 891 621 1376 634 631 994 0 980 890 334 234 1230 168 1584 956 450 699 1613 483 1232 479
1317 891 518 1014 519 436 1454 1230 1266 717 445 1203 178 980 0 488 897 870 1144 910 1498 141 772 1028 1527 753 338 1124
846 735 362 543 749 408 1051 866 1050 818 289 849 436 890 488 0 741 843 673 762 1027 398 616 784 1056 730 740 968
1254 421 508 952 1158 818 1460 825 555 1228 486 564 845 334 897 741 0 395 1082 206 1435 807 301 558 1465 579 1149 412
1464 631 519 1161 1260 920 1669 952 682 1330 683 692 902 234 870 843 395 0 1291 229 1645 864 511 760 1675 373 1122 540
427 890 924 208 1405 1065 632 988 1173 1242 750 971 1092 1230 1144 673 1082 1291 0 1103 608 1054 956 906 637 1292 1396 1135
1275 442 529 973 1179 839 1480 763 493 1249 507 503 866 168 910 762 206 229 1103 0 1456 828 322 571 1486 413 1162 351
218 1243 1278 561 1137 1372 99 1342 1526 887 1103 1325 1445 1584 1498 1027 1435 1645 608 1456 0 1408 1310 1260 49 1645 1682 1488
1227 801 428 924 573 346 1432 1140 1176 756 355 1113 51 956 141 398 807 864 1054 828 1408 0 682 938 1437 747 393 1034
1129 195 383 826 1033 692 1334 772 572 1102 360 507 720 450 772 616 301 511 956 322 1310 682 0 332 1339 540 1024 429
1079 394 639 776 1289 949 1284 492 414 1359 617 213 976 699 1028 784 558 760 906 571 1260 938 332 0 1289 796 1280 376
248 1273 1307 591 1166 1402 129 1371 1556 916 1133 1354 1475 1613 1527 1056 1465 1675 637 1486 49 1437 1339 1289 0 1675 1712 1518
1464 659 433 1162 1147 806 1670 1136 865 1216 569 875 785 483 753 730 579 373 1292 413 1645 747 540 796 1675 0 1005 723
1568 1143 770 1266 691 688 1626 1482 1518 889 697 1455 430 1232 338 740 1149 1122 1396 1162 1682 393 1024 1280 1712 1005 0 1376
1307 491 735 1005 1385 1045 1513 459 189 1455 713 199 1072 479 1124 968 412 540 1135 351 1488 1034 429 376 1518 723 1376 0
EOF