NAME : tsp_problem
TYPE : TSP
DIMENSION : 60
EDGE_WEIGHT_TYPE : EXPLICIT
EDGE_WEIGHT_FORMAT : FULL_MATRIX
EDGE_WEIGHT_SECTION
0 1601 942 1756 1145 1540 1619 739 1524 1396 1283 1755 1558 1373 1278 1237 1059 1157 1561 1652 1157 954 1614 1108 1385 1098 803 1252 739 1331 1437 721 1743 945 1453 965 618 848 1188 1180 1101 865 1286 1805 1634 1054 1644 1187 1749 917 1494 1233 821 1425 1048 836 1287 1051 1222 1496
1585 0 1142 246 562 853 83 1407 441 325 1029 245 246 1241 865 831 992 480 167 1141 625 1122 357 1133 260 1132 1216 1350 1335 359 425 2004 416 1145 1321 1512 1900 2130 1178 509 1126 1461 364 298 91 590 662 1015 230 1415 1189 470 1080 234 842 1192 1100 846 559 994
953 1142 0 1297 880 1057 1160 362 1065 937 1233 1296 1099 1445 689 971 214 891 1102 1364 891 685 1155 263 926 695 171 1411 898 971 978 1161 1284 42 1525 1124 1057 1287 1347 914 256 1024 827 1346 1175 788 1185 342 1290 1076 1412 774 643 966 341 147 1304 329 956 1198
1740 246 1297 0 718 900 264 1563 378 480 1076 27 401 1184 912 986 1147 636 322 1078 780 1277 294 1288 415 1287 1371 1397 1490 515 530 2159 353 1300 1264 1559 2055 2285 1225 664 1281 1553 519 235 276 745 599 1170 101 1463 1127 625 1235 389 997 1347 1147 1001 714 1041
1130 562 880 718 0 886 581 1145 614 357 1061 717 520 1273 755 568 730 118 523 1192 487 859 576 871 346 870 954 1382 1073 292 458 1739 733 883 1354 1299 1635 1865 1210 142 864 1199 396 767 596 134 980 753 711 1251 1241 502 818 387 580 930 1133 583 552 1027
1524 853 1057 900 886 0 872 1323 554 579 499 900 811 589 464 1109 907 804 814 482 1018 1037 644 1048 637 1047 1131 821 1057 683 468 1919 774 1060 669 983 1815 2045 648 832 1042 977 545 836 887 913 675 930 893 886 531 492 995 677 758 1107 571 761 1083 465
1604 83 1160 264 581 872 0 1426 459 343 1047 263 264 1259 884 850 1010 499 185 1159 643 1140 376 1152 278 1150 1234 1368 1353 378 444 2022 435 1163 1339 1530 1918 2148 1196 527 1145 1480 382 317 66 608 681 1033 204 1434 1208 488 1099 253 861 1210 1119 864 577 1013
750 1407 362 1563 1145 1323 1426 0 1330 1202 1241 1562 1365 1331 955 1237 479 1156 1368 1610 1157 912 1420 528 1191 960 223 1210 697 1237 1244 958 1550 365 1411 923 854 1084 1146 1180 522 823 1093 1612 1441 1054 1451 607 1556 876 1452 1040 779 1232 607 256 1245 595 1222 1454
1508 441 1065 378 614 554 459 1330 0 307 730 377 539 942 566 1074 915 532 516 861 746 1045 122 1056 365 1055 1139 1051 1258 411 307 1927 279 1068 1022 1213 1823 2053 879 560 1049 1208 415 313 474 641 525 938 371 1117 910 476 1003 405 765 1115 802 769 811 695
1380 325 937 480 357 579 343 1202 307 0 755 479 282 967 591 818 787 275 285 886 490 917 269 928 109 927 1011 1076 1130 154 152 1799 427 940 1047 1238 1695 1925 904 304 921 1232 159 461 358 385 673 810 473 1141 934 265 875 149 637 987 826 641 555 720
1294 1029 1233 1076 1061 499 1047 1241 730 755 0 1075 986 357 640 1285 1083 979 989 636 1194 922 820 1224 813 1152 1305 355 592 858 643 1502 949 1236 437 517 1398 1628 183 1008 1217 512 721 1011 1062 1089 850 1106 1069 421 478 667 1006 853 933 1283 271 936 1259 248
1740 245 1296 27 717 900 263 1562 377 479 1075 0 400 1183 912 985 1146 635 321 1077 779 1276 293 1287 414 1286 1370 1396 1489 514 530 2158 352 1299 1264 1558 2054 2284 1224 663 1281 1553 518 235 275 744 599 1169 100 1462 1126 624 1234 388 997 1346 1147 1000 713 1041
1543 246 1099 401 520 811 264 1365 539 282 986 400 0 1198 823 871 949 438 206 1117 652 1079 501 1091 217 1089 1174 1307 1293 317 383 1961 571 1103 1278 1469 1858 2087 1135 467 1084 1419 321 453 279 547 818 972 394 1373 1166 427 1038 192 800 1150 1058 803 599 952
1384 1241 1445 1184 1273 589 1259 1331 942 967 357 1183 1198 0 852 1497 1295 1191 1201 340 1406 1012 1026 1436 1025 1242 1395 445 682 1070 855 1592 1054 1448 119 607 1488 1718 273 1220 1429 602 933 1112 1274 1301 955 1318 1177 511 182 879 1097 1065 1145 1428 197 1148 1471 460
1262 865 689 912 755 464 884 955 566 591 640 912 823 852 0 847 539 767 826 771 767 669 656 680 649 679 763 961 882 695 480 1551 786 692 932 1108 1447 1677 789 790 674 1008 557 848 899 664 687 562 905 1027 820 504 627 689 390 739 712 393 832 605
1222 831 971 986 568 1109 850 1237 1074 818 1285 985 871 1497 847 0 821 579 721 1416 442 951 1037 963 807 961 1046 1606 1165 753 919 1831 1157 975 1577 1390 1727 1957 1434 602 956 1291 856 1039 865 476 1214 844 979 1343 1464 803 910 847 672 1022 1356 675 432 1250
1070 992 214 1147 730 907 1010 479 915 787 1083 1146 949 1295 539 821 0 741 952 1214 741 535 1005 205 776 545 288 1261 748 821 828 1278 1134 217 1375 974 1174 1404 1197 765 198 874 678 1196 1025 638 1035 192 1140 926 1263 624 493 816 192 264 1154 180 806 1048
1141 480 891 636 118 804 499 1156 532 275 979 635 438 1191 767 579 741 0 441 1110 488 871 494 882 264 881 965 1300 1084 210 376 1750 651 894 1272 1310 1647 1877 1128 65 875 1210 314 685 514 145 898 764 629 1262 1159 420 829 305 591 941 1051 595 553 945
1546 167 1102 322 523 814 185 1368 516 285 989 321 206 1201 826 721 952 441 0 1120 515 1082 433 1094 220 1092 1176 1310 1295 320 386 1964 492 1105 1281 1472 1860 2090 1138 469 1087 1422 324 374 200 550 738 975 315 1376 1169 430 1041 194 803 1152 1061 806 449 955
1663 1141 1364 1078 1192 482 1159 1610 861 886 636 1077 1117 340 771 1416 1214 1110 1120 0 1325 1291 920 1355 944 1354 1438 724 961 989 774 1871 948 1367 420 886 1767 1997 552 1139 1348 881 852 1006 1174 1220 849 1237 1071 790 282 798 1302 984 1064 1414 476 1067 1390 739
1141 625 891 780 487 1018 643 1157 746 490 1194 779 652 1406 767 442 741 488 515 1325 0 871 708 882 479 881 965 1515 1084 425 591 1751 866 894 1486 1310 1647 1877 1343 517 876 1211 529 832 658 396 1112 764 773 1263 1373 635 829 519 592 941 1265 595 165 1159
965 1122 685 1277 859 1037 1140 912 1045 917 922 1276 1079 1012 669 951 535 871 1082 1291 871 0 1135 676 906 303 759 891 379 951 958 1173 1264 688 1093 604 1069 1299 828 894 669 505 807 1326 1155 768 1165 558 1270 557 1134 754 249 946 385 735 926 388 936 1136
1598 357 1155 294 576 644 376 1420 122 269 820 293 501 1026 656 1037 1005 494 433 920 708 1135 0 1146 327 1145 1229 1141 1348 373 274 2016 195 1158 1106 1303 1913 2143 969 522 1139 1297 377 229 391 603 442 1028 287 1206 969 483 1093 368 855 1205 891 858 773 785
1120 1133 263 1288 871 1048 1152 528 1056 928 1224 1287 1091 1436 680 963 205 882 1094 1355 882 676 1146 0 917 686 337 1402 889 963 970 1327 1276 266 1516 1115 1224 1454 1338 906 125 1015 819 1337 1167 780 1176 333 1281 1068 1404 765 634 957 333 313 1296 321 947 1189
1369 260 926 415 346 637 278 1191 365 109 813 414 217 1025 649 807 776 264 220 944 479 906 327 917 0 916 1000 1134 1119 143 209 1787 485 929 1105 1296 1684 1914 962 293 910 1245 148 467 293 374 731 799 408 1199 992 254 864 84 626 976 884 630 544 778
1109 1132 695 1287 870 1047 1150 960 1055 927 1152 1286 1089 1242 679 961 545 881 1092 1354 881 303 1145 686 916 0 769 1121 609 961 968 1317 1274 698 1323 835 1213 1443 1058 905 679 735 818 1336 1165 778 1175 568 1280 787 1364 764 393 956 395 745 1156 399 946 1188
814 1216 171 1371 954 1131 1234 223 1139 1011 1305 1370 1174 1395 763 1046 288 965 1176 1438 965 759 1229 337 1000 769 0 1274 761 1046 1053 1022 1358 174 1475 987 918 1148 1210 989 330 887 902 1420 1250 862 1259 416 1364 939 1487 848 717 1040 416 65 1308 404 1030 1272
1263 1350 1411 1397 1382 821 1368 1210 1051 1076 355 1396 1307 445 961 1606 1261 1300 1310 724 1515 891 1141 1402 1134 1121 1274 0 561 1179 965 1471 1270 1414 526 306 1367 1597 261 1329 1395 481 1042 1332 1383 1410 1171 1284 1390 390 567 989 976 1174 1111 1307 359 1114 1580 569
750 1335 898 1490 1073 1057 1353 697 1258 1130 592 1489 1293 682 882 1165 748 1084 1295 961 1084 379 1348 889 1119 609 761 561 0 1165 1172 958 1477 901 762 274 855 1085 497 1108 882 174 1021 1539 1369 982 1378 771 1483 226 803 967 463 1159 598 794 596 602 1149 805
1315 359 971 515 292 683 378 1237 411 154 858 514 317 1070 695 753 821 210 320 989 425 951 373 963 143 961 1046 1179 1165 0 255 1833 530 975 1150 1341 1730 1959 1007 239 956 1291 193 564 393 320 776 844 508 1245 1038 299 910 184 672 1022 930 675 489 824
1422 425 978 530 458 468 444 1244 307 152 643 530 383 855 480 919 828 376 386 774 591 958 274 970 209 968 1053 965 1172 255 0 1840 432 982 936 1127 1737 1966 792 405 963 1121 260 466 459 485 572 851 523 1030 823 365 917 250 679 1029 715 682 655 609
723 2013 1171 2168 1751 1929 2032 968 1936 1808 1512 2168 1971 1602 1561 1843 1288 1762 1974 1881 1763 1183 2026 1337 1797 1327 1032 1481 968 1843 1850 0 2156 1174 1682 1194 136 172 1417 1786 1330 1094 1699 2218 2047 1660 2057 1416 2162 1146 1723 1646 1050 1838 1277 1065 1516 1280 1828 1725
1728 416 1284 353 733 774 435 1550 279 427 949 352 571 1054 786 1157 1134 651 492 948 866 1264 195 1276 485 1274 1358 1270 1477 530 432 2146 0 1287 1135 1432 2042 2272 1098 680 1269 1427 535 288 450 761 397 1157 346 1336 997 640 1223 525 985 1334 1021 988 884 915
956 1145 42 1300 883 1060 1163 365 1068 940 1236 1299 1103 1448 692 975 217 894 1105 1367 894 688 1158 266 929 698 174 1414 901 975 982 1164 1287 0 1528 1127 1060 1290 1350 918 259 1027 831 1349 1179 791 1188 345 1293 1079 1416 777 646 969 345 150 1308 333 959 1201
1464 1321 1525 1264 1354 669 1339 1411 1022 1047 437 1264 1278 119 932 1577 1375 1272 1281 420 1486 1093 1106 1516 1105 1323 1475 526 762 1150 936 1672 1135 1528 0 688 1569 1799 354 1300 1509 682 1013 1192 1354 1381 1035 1398 1257 591 262 960 1177 1145 1225 1508 277 1229 1551 540
976 1512 1124 1559 1299 983 1530 923 1213 1238 517 1558 1469 607 1108 1390 974 1310 1472 886 1310 604 1303 1115 1296 835 987 306 274 1341 1127 1184 1432 1127 688 0 1080 1310 423 1334 1108 194 1204 1494 1545 1207 1333 997 1552 174 729 1151 689 1336 824 1020 521 828 1375 731
620 1910 1067 2065 1648 1825 1928 864 1833 1705 1408 2064 1867 1498 1457 1739 1184 1659 1870 1777 1659 1079 1923 1234 1694 1223 928 1377 864 1739 1746 136 2052 1070 1578 1090 0 262 1313 1682 1227 991 1596 2114 1943 1556 1953 1312 2058 1043 1619 1542 947 1734 1173 961 1412 1176 1724 1622
850 2140 1297 2295 1877 2055 2158 1094 2063 1935 1638 2294 2097 1728 1687 1969 1414 1889 2100 2007 1889 1309 2153 1464 1924 1453 1158 1607 1094 1969 1976 172 2282 1300 1808 1320 262 0 1543 1912 1457 1221 1825 2344 2173 1786 2183 1542 2288 1273 1849 1772 1176 1964 1403 1191 1642 1406 1954 1852
1199 1178 1347 1225 1210 648 1196 1146 879 904 183 1224 1135 273 789 1434 1197 1128 1138 552 1343 828 969 1338 962 1058 1210 261 497 1007 792 1407 1098 1350 354 423 1304 1534 0 1157 1331 417 870 1160 1211 1238 999 1220 1218 326 394 816 912 1002 1047 1243 187 1051 1408 397
1165 509 914 664 142 832 527 1180 560 304 1008 663 467 1220 790 602 765 65 469 1139 517 894 522 906 293 905 989 1329 1108 239 405 1774 680 918 1300 1334 1670 1900 1157 0 899 1234 343 714 542 169 926 788 657 1286 1188 449 853 333 615 965 1079 618 581 973
1113 1126 256 1281 864 1042 1145 522 1049 921 1217 1281 1084 1429 674 956 198 875 1087 1348 876 669 1139 125 910 679 330 1395 882 956 963 1321 1269 259 1509 1108 1217 1447 1331 899 0 1009 812 1330 1160 773 1170 326 1274 1061 1397 759 628 951 326 306 1289 314 940 1183
877 1461 1024 1553 1199 977 1480 823 1208 1232 512 1553 1419 602 1008 1291 874 1210 1422 881 1211 505 1297 1015 1245 735 887 481 174 1291 1121 1084 1427 1027 682 194 981 1211 417 1234 1009 0 1147 1489 1495 1108 1328 897 1547 147 723 1094 589 1285 725 921 516 728 1275 725
1271 364 827 519 396 545 382 1093 415 159 721 518 321 933 557 856 678 314 324 852 529 807 377 819 148 818 902 1042 1021 193 260 1689 535 831 1013 1204 1586 1816 870 343 812 1147 0 569 397 424 650 701 512 1107 900 155 766 188 528 878 792 531 594 686
1789 298 1346 235 767 836 317 1612 313 461 1011 235 453 1112 848 1039 1196 685 374 1006 832 1326 229 1337 467 1336 1420 1332 1539 564 466 2208 288 1349 1192 1494 2104 2334 1160 714 1330 1489 569 0 332 795 535 1219 228 1398 1055 674 1284 442 1046 1396 1083 1050 767 977
1619 91 1175 276 596 887 66 1441 474 358 1062 275 279 1274 899 865 1025 514 200 1174 658 1155 391 1167 293 1165 1250 1383 1369 393 459 2037 450 1179 1354 1545 1933 2163 1211 542 1160 1495 397 332 0 623 696 1048 212 1449 1223 503 1114 268 876 1225 1134 879 592 1028
1038 590 788 745 134 913 608 1054 641 385 1089 744 547 1301 664 476 638 145 550 1220 396 768 603 780 374 778 862 1410 982 320 485 1648 761 791 1381 1207 1544 1774 1238 169 773 1108 424 795 623 0 1007 661 738 1160 1268 530 727 414 489 838 1160 492 460 1054
1628 662 1185 599 980 675 681 1451 525 673 850 599 818 955 687 1214 1035 898 738 849 1112 1165 442 1176 731 1175 1259 1171 1378 776 572 2047 397 1188 1035 1333 1943 2173 999 926 1170 1328 650 535 696 1007 0 1058 592 1237 898 596 1123 771 886 1235 922 889 1131 816
1198 1015 342 1170 753 930 1033 607 938 810 1106 1169 972 1318 562 844 192 764 975 1237 764 558 1028 333 799 568 416 1284 771 844 851 1406 1157 345 1398 997 1303 1533 1220 788 326 897 701 1219 1048 661 1058 0 1163 949 1286 647 516 839 215 392 1177 203 829 1071
1733 230 1290 101 711 893 204 1556 371 473 1069 100 394 1177 905 979 1140 629 315 1071 773 1270 287 1281 408 1280 1364 1390 1483 508 523 2152 346 1293 1257 1552 2048 2278 1218 657 1274 1547 512 228 212 738 592 1163 0 1456 1120 618 1228 382 990 1340 1140 994 707 1034
929 1415 1076 1463 1251 886 1434 876 1117 1141 421 1462 1373 511 1027 1343 926 1262 1376 790 1263 557 1206 1068 1199 787 939 390 226 1245 1030 1137 1336 1079 591 174 1033 1263 326 1286 1061 147 1107 1398 1449 1160 1237 949 1456 0 632 1054 641 1240 777 973 425 780 1327 634
1505 1189 1412 1127 1241 531 1208 1452 910 934 478 1126 1166 182 820 1464 1263 1159 1169 282 1373 1134 969 1404 992 1364 1487 567 803 1038 823 1713 997 1416 262 729 1610 1839 394 1188 1397 723 900 1055 1223 1268 898 1286 1120 632 0 847 1218 1033 1113 1463 318 1116 1438 581
1217 470 774 625 502 492 488 1040 476 265 667 624 427 879 504 803 624 420 430 798 635 754 483 765 254 764 848 989 967 299 365 1636 640 777 960 1151 1532 1762 816 449 759 1094 155 674 503 530 596 647 618 1054 847 0 712 294 475 824 739 478 699 633
833 1080 643 1235 818 995 1099 779 1003 875 1006 1234 1038 1097 627 910 493 829 1041 1302 829 249 1093 634 864 393 717 976 463 910 917 1040 1223 646 1177 689 937 1167 912 853 628 589 766 1284 1114 727 1123 516 1228 641 1218 712 0 904 344 693 1010 347 894 1136
1409 234 966 389 387 677 253 1232 405 149 853 388 192 1065 689 847 816 305 194 984 519 946 368 957 84 956 1040 1174 1159 184 250 1828 525 969 1145 1336 1724 1954 1002 333 951 1285 188 442 268 414 771 839 382 1240 1033 294 904 0 667 1016 925 670 584 818
1059 842 341 997 580 758 861 607 765 637 933 997 800 1145 390 672 192 591 803 1064 592 385 855 333 626 395 416 1111 598 672 679 1267 985 345 1225 824 1163 1393 1047 615 326 725 528 1046 876 489 886 215 990 777 1113 475 344 667 0 392 1005 61 656 899
847 1192 147 1347 930 1107 1210 256 1115 987 1283 1346 1150 1428 739 1022 264 941 1152 1414 941 735 1205 313 976 745 65 1307 794 1022 1029 1055 1334 150 1508 1020 952 1181 1243 965 306 921 878 1396 1225 838 1235 392 1340 973 1463 824 693 1016 392 0 1342 380 1006 1248
1298 1100 1304 1147 1133 571 1119 1245 802 826 271 1147 1058 197 712 1356 1154 1051 1061 476 1265 926 891 1296 884 1156 1308 359 596 930 715 1506 1021 1308 277 521 1402 1632 187 1079 1289 516 792 1083 1134 1160 922 1177 1140 425 318 739 1010 925 1005 1342 0 1008 1330 319
1062 846 329 1001 583 761 864 595 769 641 936 1000 803 1148 393 675 180 595 806 1067 595 388 858 321 630 399 404 1114 602 675 682 1270 988 333 1229 828 1167 1397 1051 618 314 728 531 1050 879 492 889 203 994 780 1116 478 347 670 61 380 1008 0 660 902
1206 559 956 714 552 1083 577 1222 811 555 1259 713 599 1471 832 432 806 553 449 1390 165 936 773 947 544 946 1030 1580 1149 489 655 1815 884 959 1551 1375 1712 1942 1408 581 940 1275 594 767 592 460 1131 829 707 1327 1438 699 894 584 656 1006 1330 660 0 1224
1508 994 1198 1041 1027 465 1013 1454 695 720 248 1041 952 460 605 1250 1048 945 955 739 1159 1136 785 1189 778 1188 1272 569 805 824 609 1715 915 1201 540 731 1612 1842 397 973 1183 725 686 977 1028 1054 816 1071 1034 634 581 633 1136 818 899 1248 319 902 1224 0
EOF