NAME : tsp_problem
TYPE : TSP
DIMENSION : 32
EDGE_WEIGHT_TYPE : EXPLICIT
EDGE_WEIGHT_FORMAT : FULL_MATRIX
EDGE_WEIGHT_SECTION
0 1013 1006 1117 695 730 1245 1181 648 911 389 831 420 835 964 1089 663 1123 936 642 680 417 771 661 816 997 1085 589 832 126 322 1467
1013 0 482 373 1624 487 754 787 983 838 1210 1058 1241 1063 1171 248 886 497 299 988 367 1378 780 972 745 257 2014 1409 1598 1115 1251 867
1006 471 0 152 1547 390 1201 1234 545 985 1031 1105 951 1110 1239 255 682 944 431 550 472 1336 845 534 890 704 1842 1120 1160 1108 1212 1313
1072 373 152 0 1632 374 1103 1136 656 1023 1097 1143 1063 1148 1277 239 773 846 415 661 456 1402 883 645 928 606 1953 1231 1272 1174 1277 1216
660 1589 1532 1643 0 1256 1643 1579 1034 1310 559 1229 632 1233 1363 1615 1048 1642 1513 1028 1256 338 1290 1047 1335 1574 788 523 688 604 349 1873
730 487 402 513 1291 0 1097 1130 559 709 755 829 786 834 963 391 432 840 318 553 317 1060 569 572 614 605 1676 954 1250 832 935 1210
1119 754 1211 1103 1673 1097 0 201 1450 487 1464 644 1495 648 586 977 1403 313 807 1444 839 1352 617 1463 582 541 2063 1663 1906 1105 1397 454
1040 982 1303 1331 1594 1027 478 0 1371 423 1385 611 1416 615 745 1205 1324 541 1035 1365 923 1273 599 1384 643 769 1984 1584 1827 1026 1318 707
648 975 545 656 1024 559 1504 1530 0 1112 526 1180 429 1184 1313 759 160 1324 845 45 804 843 972 64 1017 1122 1319 598 765 697 718 1668
786 839 985 1096 1340 709 487 520 1112 0 1131 357 1162 361 491 1043 1006 398 861 1106 604 1019 280 1125 325 626 1730 1330 1573 772 1064 664
389 1210 1031 1142 594 755 1572 1509 526 1230 0 1158 226 1163 1292 1114 540 1442 1041 520 985 368 1090 539 1135 1303 967 245 543 386 243 1786
1482 1145 1603 1494 1927 1470 560 479 1814 865 1821 0 1852 56 245 1369 1767 704 1198 1808 1230 1606 1008 1827 974 932 2316 2013 2190 1468 1707 845
420 1241 951 1063 622 786 1603 1540 429 1261 226 1189 0 1194 1323 1145 443 1473 1072 423 1016 440 1121 442 1166 1334 917 195 494 417 316 1817
1487 1150 1607 1499 1931 1474 564 483 1818 870 1825 56 1857 0 250 1373 1771 709 1203 1812 1234 1610 1013 1831 978 937 2321 2017 2195 1473 1711 849
1366 1028 1486 1377 1810 1353 443 362 1697 749 1704 773 1735 778 0 1252 1650 588 1082 1691 1113 1489 892 1710 857 816 2200 1896 2074 1352 1590 728
1090 248 539 431 1651 393 977 1010 838 1042 1115 1162 1146 1167 1296 0 792 720 332 843 475 1421 902 827 946 480 2036 1315 1453 1192 1296 1090
663 886 682 793 1039 432 1403 1437 160 1006 540 1126 443 1131 1260 791 0 1218 718 153 677 857 866 173 911 995 1334 612 901 712 732 1562
1123 497 954 846 1677 840 313 346 1324 398 1442 727 1473 731 731 720 1218 0 550 1318 582 1356 387 1337 352 284 2067 1641 1884 1109 1375 405
936 299 591 482 1548 318 807 840 845 861 1041 982 1072 986 1116 332 718 550 0 839 290 1301 722 858 766 316 1937 1240 1536 1039 1175 920
642 980 550 661 1018 553 1498 1524 45 1106 520 1173 423 1178 1307 764 153 1318 839 0 798 837 966 58 1011 1116 1313 592 770 691 712 1662
680 367 656 716 1291 310 839 872 804 604 985 725 1016 730 859 472 677 582 290 798 0 1044 465 817 509 351 1680 1184 1427 782 918 951
417 1378 1336 1447 373 1060 1357 1293 843 1024 368 943 440 947 1077 1419 857 1356 1301 837 1044 0 1004 856 1049 1362 763 460 637 318 153 1587
771 780 845 956 1325 569 599 632 972 280 1090 401 1121 405 534 903 866 387 722 966 465 1004 0 985 81 567 1715 1289 1533 757 1023 732
661 964 534 645 1037 572 1517 1543 64 1125 539 1193 442 1197 1326 748 173 1337 858 58 817 856 985 0 1030 1135 1332 611 754 710 731 1681
816 745 890 1001 1370 614 564 597 1017 325 1135 445 1166 450 579 948 911 352 766 1011 509 1049 81 1030 0 532 1760 1334 1577 802 1068 697
997 257 714 606 1609 605 541 574 1122 625 1303 922 1334 926 958 480 995 284 316 1116 351 1362 567 1135 532 0 1998 1502 1745 1100 1236 654
936 1865 1808 1919 584 1532 1919 1855 1310 1586 835 1505 908 1510 1639 1891 1325 1918 1789 1304 1532 615 1567 1323 1611 1850 0 800 897 881 625 2149
589 1409 1120 1231 473 954 1764 1700 598 1429 245 1350 195 1355 1484 1313 612 1641 1240 592 1184 460 1289 611 1334 1502 768 0 345 585 335 1986
812 1590 1160 1272 499 1250 1922 1858 765 1589 543 1508 494 1512 1641 1374 901 1864 1536 770 1407 617 1513 754 1557 1725 794 345 0 809 501 2151
126 1115 1108 1219 639 832 1231 1167 697 897 386 816 417 821 950 1191 712 1109 1039 691 782 318 757 710 802 1100 1029 585 829 0 319 1453
322 1251 1212 1323 384 935 1458 1394 718 1125 243 1044 316 1048 1178 1295 732 1375 1175 712 918 153 1023 731 1068 1236 774 335 521 319 0 1688
1367 866 1323 1215 1921 1209 436 493 1667 664 1712 935 1743 940 878 1089 1561 404 919 1661 951 1600 731 1680 696 653 2311 1912 2155 1353 1645 0
EOF