NAME : tsp_problem
TYPE : TSP
DIMENSION : 36
EDGE_WEIGHT_TYPE : EXPLICIT
EDGE_WEIGHT_FORMAT : FULL_MATRIX
EDGE_WEIGHT_SECTION
0 3125 993 2984 1939 3955 2247 1724 2097 2364 626 3036 2385 2233 3119 1515 1695 1113 823 4275 2353 1527 2548 1608 4205 1708 2186 1207 1239 1874 1896 2939 3435 1357 2884 423
3143 0 2169 186 3493 4455 1518 2834 3290 4916 2574 278 4936 2303 5335 3906 4247 2091 2362 6826 4904 1663 5100 1574 4361 2819 1530 2465 3791 4426 1277 5491 5987 3908 5435 2757
993 2151 0 2010 1343 3338 1273 1058 1140 2766 425 2062 2786 1259 3520 1756 2097 139 212 4677 2754 553 2950 634 3248 1042 1212 688 1641 2276 922 3341 3837 1758 3285 607
3002 186 2028 0 3352 4315 1378 2694 3149 4775 2434 122 4796 2163 5195 3766 4106 1951 2222 6686 4764 1523 4960 1434 4221 2678 1389 2325 3650 4285 1137 5350 5846 3768 5295 2616
1939 3475 1343 3334 0 2738 2597 2382 239 2132 1732 3386 2152 1904 2886 481 1463 1463 1520 4042 2120 1877 2316 1958 2648 2366 2536 2012 1006 1642 2246 2706 3203 1124 2651 1771
3955 4430 3338 4289 2738 0 3602 4091 2535 1749 3727 4341 2788 2376 904 3151 2350 3348 3515 3169 1685 3017 2952 3022 1472 4075 3542 3721 2766 2822 3252 1119 2329 2640 1168 3787
2247 1501 1273 1360 2597 3602 0 1938 2394 4020 1679 1411 4040 1436 4482 3010 3351 1195 1466 5931 4008 767 4204 678 3512 1923 634 1569 2895 3530 381 4595 5091 3012 4539 1861
1724 2817 1058 2676 2382 4091 1938 0 2178 3497 1156 2727 3518 1925 4252 2648 2828 980 1113 5408 3486 1219 3681 1300 4001 310 1878 583 2372 3007 1588 4072 4568 2490 4017 1338
2097 3272 1140 3131 239 2535 2394 2178 0 2303 1529 3183 2323 1701 3057 652 1634 1260 1317 4214 2291 1674 2487 1755 2445 2163 2333 1809 1178 1813 2043 2878 3374 1295 2822 1711
2364 4898 2766 4757 2132 1749 4020 3497 2303 0 2399 4809 1197 3968 912 1708 759 2886 2596 2069 147 3300 1361 3381 3197 3481 3959 2980 1175 1231 3669 733 1229 1049 678 2196
626 2557 425 2416 1732 3727 1679 1156 1529 2399 0 2468 2420 1665 3153 1550 1730 545 255 4310 2387 959 2583 1040 3637 1140 1618 639 1274 1909 1328 2974 3470 1391 2919 240
3054 278 2080 122 3404 4366 1429 2745 3201 4827 2485 0 4847 2214 5246 3817 4158 2002 2273 6737 4815 1574 5011 1485 4272 2730 1441 2376 3702 4337 1188 5401 5898 3819 5346 2668
2385 4919 2786 4778 2152 2788 4040 3518 2323 1197 2420 4829 0 3988 1952 1728 780 2907 2617 3108 1186 3320 194 3402 4236 3502 3980 3001 1195 1252 3690 1772 2268 1070 1717 2216
2233 2283 1259 2142 1904 2376 1436 1925 1701 3968 1665 2194 3988 0 3255 2317 3299 1182 1453 5520 3956 851 4152 856 2286 1909 1376 1556 2842 3478 1086 3470 4680 2960 3519 1848
3119 5310 3520 5169 2886 904 4482 4252 3057 912 3153 5220 1952 3255 0 2462 1513 3640 3351 2333 849 3897 2115 3901 2352 4236 4422 3735 1929 1986 4132 282 1493 1803 331 2950
1515 3888 1756 3748 481 3151 3010 2648 652 1708 1550 3799 1728 2317 2462 0 1039 1876 1747 3618 1696 2290 1892 2371 3061 2632 2950 2131 582 1218 2660 2282 2779 700 2227 1347
1695 4229 2097 4088 1463 2350 3351 2828 1634 759 1730 4140 780 3299 1513 1039 0 2217 1928 2670 748 2631 943 2712 3797 2813 3290 2311 506 562 3000 1334 1830 380 1279 1527
1113 2074 139 1933 1463 3348 1195 980 1260 2886 545 1984 2907 1182 3640 1876 2217 0 332 4797 2874 475 3070 557 3258 964 1135 611 1761 2396 845 3461 3957 1878 3406 727
823 2345 212 2204 1520 3515 1466 1113 1317 2596 255 2255 2617 1453 3351 1747 1928 332 0 4507 2585 746 2781 828 3425 1097 1406 596 1471 2107 1116 3171 3668 1589 3116 438
4275 6809 4677 6668 4042 3169 5931 5408 4214 2069 4310 6719 3108 5520 2333 3618 2670 4797 4507 0 2005 5211 3272 5292 3714 5392 5870 4891 3086 3142 5580 2153 1210 2960 2098 4106
2353 4887 2754 4746 2120 1685 4008 3486 2291 147 2387 4797 1186 3956 849 1696 748 2874 2585 2005 0 3288 1349 3370 3133 3470 3948 2969 1163 1220 3658 669 1165 1038 614 2184
1527 1645 553 1505 1877 3017 767 1219 1674 3300 959 1556 3320 851 3897 2290 2631 475 746 5211 3288 0 3484 129 2927 1203 707 849 2175 2810 417 3875 4371 2292 3819 1141
2548 5082 2950 4942 2316 2952 4204 3681 2487 1361 2583 4993 194 4152 2115 1892 943 3070 2781 3272 1349 3484 0 3565 4399 3666 4144 3164 1359 1415 3854 1936 2432 1233 1880 2380
1608 1556 634 1416 1958 3022 678 1300 1755 3381 1040 1467 3402 856 3901 2371 2712 557 828 5292 3370 129 3565 0 2931 1284 618 930 2256 2891 327 3956 4452 2374 3901 1222
4205 4338 3248 4197 2648 1472 3512 4001 2445 3197 3637 4249 4236 2286 2352 3061 3797 3258 3425 3714 3133 2927 4399 2931 0 3985 3452 3631 3587 4222 3162 2566 2565 3704 2615 3819
1708 2801 1042 2660 2366 4075 1923 310 2163 3481 1140 2712 3502 1909 4236 2632 2813 964 1097 5392 3470 1203 3666 1284 3985 0 1862 568 2356 2991 1572 4056 4552 2474 4001 1323
2186 1512 1212 1371 2536 3542 634 1878 2333 3959 1618 1423 3980 1376 4422 2950 3290 1135 1406 5870 3948 707 4144 618 3452 1862 0 1509 2834 3469 321 4534 5030 2952 4479 1801
1207 2447 688 2307 2012 3721 1569 583 1809 2980 639 2358 3001 1556 3735 2131 2311 611 596 4891 2969 849 3164 930 3631 568 1509 0 1855 2490 1218 3555 4051 1973 3500 821
1239 3773 1641 3632 1006 2766 2895 2372 1178 1175 1274 3684 1195 2842 1929 582 506 1761 1471 3086 1163 2175 1359 2256 3587 2356 2834 1855 0 685 2544 1750 2246 167 1694 1071
1874 4408 2276 4267 1642 2822 3530 3007 1813 1231 1909 4319 1252 3478 1986 1218 562 2396 2107 3142 1220 2810 1415 2891 4222 2991 3469 2490 685 0 3179 1806 2302 559 1751 1706
1896 1260 922 1119 2246 3252 381 1588 2043 3669 1328 1170 3690 1086 4132 2660 3000 845 1116 5580 3658 417 3854 327 3162 1572 321 1218 2544 3179 0 4244 4740 2662 4189 1510
2939 5473 3341 5332 2706 1119 4595 4072 2878 733 2974 5384 1772 3470 282 2282 1334 3461 3171 2153 669 3875 1936 3956 2566 4056 4534 3555 1750 1806 4244 0 1313 1624 151 2771
3435 5969 3837 5828 3203 2329 5091 4568 3374 1229 3470 5880 2268 4680 1493 2779 1830 3957 3668 1210 1165 4371 2432 4452 2565 4552 5030 4051 2246 2302 4740 1313 0 2120 1258 3267
1357 3890 1758 3750 1124 2640 3012 2490 1295 1049 1391 3801 1070 2960 1803 700 380 1878 1589 2960 1038 2292 1233 2374 3704 2474 2952 1973 167 559 2662 1624 2120 0 1569 1188
2884 5418 3285 5277 2651 1168 4539 4017 2822 678 2919 5328 1717 3519 331 2227 1279 3406 3116 2098 614 3819 1880 3901 2615 4001 4479 3500 1694 1751 4189 151 1258 1569 0 2715
423 2739 607 2599 1771 3787 1861 1338 1711 2196 240 2650 2216 1848 2950 1347 1527 727 438 4106 2184 1141 2380 1222 3819 1323 1801 821 1071 1706 1510 2771 3267 1188 2715 0
EOF