NAME : tsp_problem
TYPE : TSP
DIMENSION : 46
EDGE_WEIGHT_TYPE : EXPLICIT
EDGE_WEIGHT_FORMAT : FULL_MATRIX
EDGE_WEIGHT_SECTION
0 584 3324 791 1181 77 3029 1797 1173 2239 1384 1645 1455 1787 756 1828 1699 905 1809 1926 1117 1977 4197 1971 2152 2682 743 587 1324 2659 1421 1807 2724 3667 1697 3929 1751 3697 1267 1377 2298 911 1258 508 1475 2045
584 0 3481 1316 1706 559 3554 1954 1698 2764 1909 1802 1980 2312 1281 1986 2224 1430 2334 2451 1642 2502 4722 2496 2677 2839 1268 744 1481 3184 1946 2332 3249 4192 2222 4454 2276 4222 1424 1902 2455 1436 1415 1033 1632 2570
3324 3481 0 4056 4446 3299 3722 2640 3907 4455 4649 2488 4720 4735 4021 2672 4964 4170 4025 3513 4008 4429 6012 4493 5031 2086 4008 2763 3676 3841 3665 5072 3752 5482 3422 5744 4608 1382 3620 4642 3141 4175 3611 3773 2318 3113
791 1316 4056 0 1643 799 3491 2529 1636 2701 1846 2377 1917 2249 1218 2560 2161 1368 2271 2388 1579 2440 4660 2433 2614 3414 1205 1319 2056 3122 1883 2270 3187 4129 2159 4391 2213 4159 1999 1839 3030 1373 1990 971 2207 2507
1181 1706 4446 1643 0 1188 2239 2919 1813 1156 240 2766 528 643 457 2950 555 367 1201 2048 1771 833 3053 827 1008 3804 1397 1709 2445 1516 1571 663 1581 2523 1820 2785 607 3819 2389 233 3419 298 2380 1162 2596 2167
77 559 3299 799 1188 0 3037 1772 1181 2246 1391 1620 1462 1795 763 1803 1706 913 1816 1933 1124 1985 4205 1979 2160 2657 751 562 1299 2667 1428 1815 2732 3675 1705 3936 1758 3704 1242 1384 2273 918 1233 516 1450 2052
3029 3554 3722 3491 2239 3037 0 3363 1879 2216 2056 3491 2730 1795 2659 3332 2130 2569 1997 1486 1981 1894 2988 1448 1986 5294 2335 3557 4294 797 1638 2059 707 2458 1395 2720 1651 2362 4237 2043 2827 2500 4228 2572 3657 1085
1797 1954 2640 2529 2919 1772 3363 0 2911 3976 3122 196 3192 3525 2494 99 3437 2643 3547 3154 2854 3715 5655 3709 3890 1998 2481 1236 2149 3482 3159 3545 3393 5125 3063 5386 3489 2383 2092 3115 568 2648 2084 2246 361 2754
1173 1698 3907 1636 1813 1181 1879 2911 0 1089 1631 2759 2101 1369 1403 2943 1705 1552 659 776 125 1063 3688 1462 1950 3796 479 1702 2438 1998 271 1813 1908 3158 547 3419 1241 2547 2381 1617 3012 1557 2373 716 2589 894
2239 2764 4455 2701 1156 2246 2216 3976 1089 0 973 3824 1647 712 1576 4008 1047 1486 476 1324 1190 405 3030 804 1293 4861 1545 2767 3503 1493 847 1156 1558 2500 1095 2762 584 3095 3447 960 3560 1417 3438 1781 3654 1443
1384 1909 4649 1846 240 1391 2056 3122 1631 973 0 2970 731 461 660 3153 373 571 1018 1866 1732 651 2871 645 826 4007 1600 1912 2649 1333 1389 481 1398 2341 1637 2602 425 3637 2592 97 3623 501 2583 1366 2800 1985
1645 1802 2488 2377 2766 1620 3491 196 2759 3824 2970 0 3040 3373 2341 227 3284 2491 3395 3282 2702 3563 5783 3557 3738 1846 2329 1084 1997 3610 3007 3393 3521 5253 3191 5514 3337 2511 1940 2963 697 2496 1932 2094 209 2882
1455 1980 4720 1917 528 1462 2730 3192 2101 1647 731 3040 0 1134 731 3224 1046 641 1692 2539 2045 1325 3545 1319 1499 4077 1671 1983 2719 2007 2063 1155 2072 3014 2311 3276 1098 4310 2663 724 3693 572 2654 1436 2870 2658
1787 2312 4735 2249 643 1795 1795 3525 1369 712 461 3373 1134 0 1063 3556 535 974 756 1604 1470 389 2609 383 872 4410 1825 2315 3052 1071 1127 643 1136 2079 1375 2341 163 3375 2995 447 3840 904 2986 1769 3203 1723
756 1281 4021 1218 457 763 2659 2494 1403 1576 660 2341 731 1063 0 2525 975 182 1621 2155 1346 1254 3474 1248 1429 3379 972 1284 2020 1936 1650 1084 2001 2944 1926 3205 1027 3926 1964 653 2994 187 1955 737 2171 2274
1828 1986 2672 2560 2950 1803 3332 99 2943 4008 3153 227 3224 3556 2525 0 3468 2675 3578 3123 2886 3747 5624 3741 3922 2030 2512 1267 2181 3451 3190 3577 3361 5094 3032 5355 3520 2352 2124 3146 537 2680 2115 2278 393 2722
1699 2224 4964 2161 555 1706 2130 3437 1705 1047 373 3284 1046 535 975 3468 0 885 1092 1940 1806 725 2945 719 474 4322 1915 2227 2963 1407 1463 129 1472 2415 1711 2676 499 3711 2907 359 3938 816 2898 1681 3114 2059
905 1430 4170 1368 367 913 2569 2643 1552 1486 571 2491 641 974 182 2675 885 0 1531 2305 1495 1164 3384 1158 1339 3528 1122 1434 2170 1846 1800 994 1911 2854 2076 3115 937 4076 2113 564 3144 97 2105 887 2321 2423
1809 2334 4025 2271 1201 1816 1997 3547 659 476 1018 3395 1692 756 1621 3578 1092 1531 0 894 760 450 3075 849 1338 4432 1115 2337 3073 1538 417 1201 1602 2545 665 2807 629 2665 3017 1005 3130 1462 3008 1351 3225 1013
1926 2451 3513 2388 2048 1933 1486 3154 776 1324 1866 3282 2539 1604 2155 3123 1940 2305 894 0 877 1298 3796 1697 2185 4549 1232 2454 3190 1605 534 2049 1515 3266 291 3528 1477 2153 3134 1852 2618 2309 3125 1468 3342 501
1117 1642 4008 1579 1771 1124 1981 2854 125 1190 1732 2702 2045 1470 1346 2886 1806 1495 760 877 0 1164 3789 1563 2052 3739 423 1645 2381 2100 372 1915 2010 3259 649 3521 1343 2648 2325 1719 3113 1501 2316 659 2532 996
1977 2502 4429 2440 833 1985 1894 3715 1063 405 651 3563 1325 389 1254 3747 725 1164 450 1298 1164 0 2708 482 970 4600 1519 2505 3242 1170 821 834 1235 2178 1069 2440 262 3069 3185 638 3534 1095 3177 1755 3393 1417
4215 4740 6036 4677 3071 4223 3009 5681 3706 3048 2889 5801 3562 2627 3492 5650 2963 3402 3093 3817 3807 2726 0 2281 2819 6838 4162 4743 5480 2285 3464 2892 2350 955 3712 444 2483 4676 5423 2875 5145 3332 5414 4197 5631 3416
1971 2496 4493 2433 827 1979 1448 3709 1462 804 645 3557 1319 383 1248 3741 719 1158 849 1697 1563 482 2263 0 575 4594 1918 2499 3236 725 1220 648 790 1733 1468 1994 239 3133 3179 631 3598 1088 3170 1953 3387 1816
2152 2677 5031 2614 1008 2160 1986 3890 1950 1293 826 3738 1499 872 1429 3922 474 1339 1338 2185 2052 970 2801 575 0 4775 2369 2680 3417 1263 1708 366 1328 2271 1957 2532 728 3671 3360 812 4136 1269 3351 2134 3568 2304
2682 2839 2086 3414 3804 2657 5294 1998 3796 4861 4007 1846 4077 4410 3379 2030 4322 3528 4432 4549 3739 4600 6820 4594 4775 0 3366 2121 3034 5282 4044 4430 5323 6290 4320 6551 4374 3411 2977 4000 2499 3533 2969 3131 1676 4667
743 1268 4008 1205 1397 751 2335 2481 479 1545 1600 2329 1671 1825 972 2512 1915 1122 1115 1232 423 1519 4144 1918 2369 3366 0 1271 2008 2454 727 2024 2365 3614 1003 3875 1697 3003 1951 1593 2982 1127 1942 286 2159 1350
587 744 2763 1319 1709 562 3557 1236 1702 2767 1912 1084 1983 2315 1284 1267 2227 1434 2337 2454 1645 2505 4725 2499 2680 2121 1271 0 939 3188 1949 2335 3253 4195 2225 4457 2279 3551 883 1905 1737 1439 874 1037 914 2573
1324 1481 3676 2056 2445 1299 4294 2149 2438 3503 2649 1997 2719 3052 2020 2181 2963 2170 3073 3190 2381 3242 5462 3236 3417 3034 2008 939 0 3924 2685 3072 3989 4932 2962 5193 3015 4465 77 2642 2650 2175 90 1773 1827 3309
2659 3184 3841 3122 1516 2667 797 3482 1998 1493 1333 3610 2007 1071 1936 3451 1407 1846 1538 1605 2100 1170 2265 725 1263 5282 2454 3188 3924 0 1757 1336 202 1735 1514 1997 927 2481 3867 1320 2946 1777 3859 2641 3776 1204
1421 1946 3665 1883 1571 1428 1638 3159 271 847 1389 3007 2063 1127 1650 3190 1463 1800 417 534 372 821 3446 1220 1708 4044 727 1949 2685 1757 0 1572 1667 2916 305 3178 1000 2305 2629 1376 2770 1805 2620 963 2836 653
1807 2332 5072 2270 663 1815 2059 3545 1813 1156 481 3393 1155 643 1084 3577 129 994 1201 2049 1915 834 2874 648 366 4430 2024 2335 3072 1336 1572 0 1401 2344 1820 2605 607 3744 3015 468 4046 925 3007 1789 3223 2167
2724 3249 3752 3187 1581 2732 707 3393 1908 1558 1398 3521 2072 1136 2001 3361 1472 1911 1602 1515 2010 1235 2330 790 1328 5323 2365 3253 3989 202 1667 1401 0 1800 1424 2062 992 2392 3932 1385 2857 1842 3924 2601 3687 1115
3664 4189 5485 4127 2521 3672 2458 5130 3155 2498 2338 5250 3012 2076 2941 5099 2412 2851 2542 3266 3256 2175 905 1730 2268 6287 3611 4193 4929 1735 2913 2341 1800 0 3161 636 1932 4125 4872 2325 4594 2782 4864 3646 5080 2865
1697 2222 3422 2159 1820 1705 1395 3063 547 1095 1637 3191 2311 1375 1926 3032 1711 2076 665 291 649 1069 3694 1468 1957 4320 1003 2225 2962 1514 305 1820 1424 3164 0 3426 1248 2062 2905 1624 2527 2081 2896 1240 3113 410
3946 4471 5767 4409 2802 3954 2740 5412 3437 2779 2620 5532 3294 2358 3223 5381 2694 3133 2824 3548 3538 2457 444 2012 2550 6569 3893 4474 5211 2017 3195 2623 2082 686 3443 0 2214 4407 5154 2607 4876 3064 5146 3928 5362 3147
1751 2276 4608 2213 607 1758 1651 3489 1241 584 425 3337 1098 163 1027 3520 499 937 629 1477 1343 262 2465 239 728 4374 1697 2279 3015 927 1000 607 992 1935 1248 2197 0 3248 2959 411 3713 868 2950 1733 3167 1595
3697 4222 1382 4159 3819 3704 2362 2383 2547 3095 3637 2511 4310 3375 3926 2352 3711 4076 2665 2153 2648 3069 4652 3133 3671 3411 3003 3551 4465 2481 2305 3744 2392 4122 2062 4384 3248 0 4408 3623 1847 4080 4399 3239 2677 1753
1267 1424 3620 1999 2389 1242 4237 2092 2381 3447 2592 1940 2663 2995 1964 2124 2907 2113 3017 3134 2325 3185 5405 3179 3360 2977 1951 883 77 3867 2629 3015 3932 4875 2905 5137 2959 4408 0 2585 2593 2118 109 1716 1770 3253
1377 1902 4642 1839 233 1384 2043 3115 1617 960 97 2963 724 447 653 3146 359 564 1005 1852 1719 638 2857 631 812 4000 1593 1905 2642 1320 1376 468 1385 2327 1624 2589 411 3623 2585 0 3616 494 2576 1359 2793 1971
2298 2455 3141 3030 3419 2273 2827 568 3012 3560 3623 697 3693 3840 2994 537 3938 3144 3130 2618 3113 3534 5119 3598 4136 2499 2982 1737 2650 2946 2770 4046 2857 4589 2527 4850 3713 1847 2593 3616 0 3149 2585 2747 862 2218
911 1436 4175 1373 298 918 2500 2648 1557 1417 501 2496 572 904 187 2680 816 97 1462 2309 1501 1095 3315 1088 1269 3533 1127 1439 2175 1777 1805 925 1842 2784 2081 3046 868 4080 2118 494 3149 0 2110 892 2326 2428
1258 1415 3611 1990 2380 1233 4228 2084 2373 3438 2583 1932 2654 2986 1955 2115 2898 2105 3008 3125 2316 3177 5396 3170 3351 2969 1942 874 90 3859 2620 3007 3924 4866 2896 5128 2950 4399 109 2576 2585 2110 0 1708 1762 3244
508 1033 3773 971 1162 516 2572 2246 716 1781 1366 2094 1436 1769 737 2278 1681 887 1351 1468 659 1755 4179 1953 2134 3131 286 1037 1773 2641 963 1789 2601 3649 1240 3910 1733 3239 1716 1359 2747 892 1708 0 1924 1587
1475 1632 2318 2207 2596 1450 3657 361 2589 3654 2800 209 2870 3203 2171 393 3114 2321 3225 3342 2532 3393 5613 3387 3568 1676 2159 914 1827 3776 2836 3223 3687 5083 3113 5344 3167 2677 1770 2793 862 2326 1762 1924 0 3048
2045 2570 3113 2507 2167 2052 1085 2754 894 1443 1985 2882 2658 1723 2274 2722 2059 2423 1013 501 996 1417 3396 1816 2304 4667 1350 2573 3309 1204 653 2167 1115 2866 410 3127 1595 1753 3253 1971 2218 2428 3244 1587 3048 0
EOF