NAME : tsp_problem
TYPE : TSP
DIMENSION : 32
EDGE_WEIGHT_TYPE : EXPLICIT
EDGE_WEIGHT_FORMAT : FULL_MATRIX
EDGE_WEIGHT_SECTION
0 3858 2625 4313 5875 5215 4162 3700 3611 2381 5812 4750 2407 3898 4349 2841 2423 2632 5466 452 2420 2899 4240 2933 2496 3824 3135 2609 2380 2886 1260 2684
3840 0 1699 2069 3630 2971 1918 2396 584 1503 3425 2364 1469 2253 1321 2110 1463 1295 3221 3776 1742 1958 1853 1220 1402 672 2404 1878 1520 1969 3601 1563
2604 1699 0 1911 3473 2813 1760 2470 1701 1150 3470 3481 1176 2668 2438 1611 1193 1402 3064 2540 253 1668 2971 1702 1265 1409 1905 1378 1149 1655 2365 1453
4287 2069 1911 0 1588 928 176 3883 2071 2852 1584 2570 2878 3741 2809 3312 2894 2783 1179 4223 1955 3370 3114 2708 2889 1779 3606 3080 2851 3357 4048 3051
5849 3630 3473 1588 0 719 1738 2909 3110 3689 335 1320 3656 2766 2531 3989 3649 3698 662 5785 3517 3629 1864 3999 3588 3341 4283 3956 3707 3640 5610 3403
5189 2971 2813 928 719 0 1078 3290 2973 3753 715 1700 3780 3147 2912 4214 3796 3684 310 5125 2857 4010 2245 3610 3791 2681 4508 3982 3753 4021 4950 3784
4136 1918 1760 176 1738 1078 0 3732 1920 2700 1735 2720 2727 3590 2658 3161 2743 2632 1329 4072 1804 3218 3190 2557 2738 1628 3455 2929 2700 3206 3897 2900
3682 2396 2470 3883 2909 3290 3732 0 1849 1345 2677 1616 1312 764 1270 1646 1306 1355 3233 3618 2265 1285 1105 1655 1245 2487 1940 1613 1363 1296 3444 1060
3593 584 1701 2071 3110 2973 1920 1849 0 1256 2877 1816 1223 1706 774 1864 1217 1049 3224 3529 1744 1712 1306 974 1155 674 2158 1632 1274 1723 3354 1317
2363 1503 1150 2852 3689 3753 2700 1345 1256 0 3457 2395 52 1543 1994 633 68 277 4004 2299 946 691 1885 578 141 1593 927 401 72 678 2124 329
5794 3425 3470 1584 335 715 1735 2677 2877 3457 0 1087 3423 2534 2299 3757 3417 3466 658 5730 3513 3397 1632 3766 3356 3337 4051 3724 3474 3408 5555 3171
4732 2364 3481 2570 1320 1700 2720 1616 1816 2395 1087 0 2362 1473 1237 2696 2356 2405 1644 4668 3315 2335 571 2705 2295 2454 2990 2663 2413 2346 4494 2110
2389 1469 1176 2878 3656 3780 2727 1312 1223 52 3423 2362 0 1510 1960 660 66 244 3980 2325 972 690 1852 544 108 1560 954 427 69 701 2150 295
3880 2253 2668 3741 2766 3147 3590 764 1706 1543 2534 1473 1510 0 1127 1844 1504 1553 3090 3816 2463 1483 963 1853 1443 2344 2138 1811 1561 1494 3642 1258
4331 1321 2438 2809 2531 2912 2658 1270 774 1994 2299 1237 1960 1127 0 2350 1954 1786 2855 4267 2482 1990 727 1712 1893 1412 2644 2317 2011 2001 4092 1764
2824 2110 1611 3312 3989 4214 3161 1646 1864 633 3757 2696 660 1844 2350 0 676 885 4313 2760 1406 381 2186 1185 749 2201 379 291 633 369 2585 798
2405 1463 1193 2894 3649 3796 2743 1306 1217 68 3417 2356 66 1504 1954 676 0 238 3973 2341 988 684 1846 538 102 1553 970 444 86 695 2167 289
2615 1295 1402 2783 3698 3684 2632 1355 1049 277 3466 2405 244 1553 1786 885 238 0 3935 2550 1197 733 1895 370 177 1386 1179 653 295 744 2376 338
5440 3221 3064 1179 662 310 1329 3233 3224 4004 658 1644 3980 3090 2855 4313 3973 3935 0 5376 3107 3953 2188 3860 3912 2932 4607 4233 4003 3964 5201 3727
452 3794 2561 4249 5811 5151 4098 3636 3547 2317 5748 4686 2343 3834 4285 2777 2359 2568 5402 0 2356 2835 4176 2869 2432 3760 3071 2545 2316 2822 1196 2620
2400 1742 253 1955 3517 2857 1804 2265 1744 946 3513 3315 972 2463 2482 1406 988 1197 3107 2336 0 1464 2805 1498 1061 1452 1700 1174 945 1451 2161 1249
2881 1958 1668 3370 3629 4010 3218 1285 1712 691 3397 2335 690 1483 1990 381 684 733 3953 2817 1464 0 1825 1033 623 2049 675 348 690 52 2642 438
4222 1853 2971 3114 1864 2245 3190 1105 1306 1885 1632 571 1852 963 727 2186 1846 1895 2188 4158 2805 1825 0 2195 1784 1944 2480 2152 1903 1836 3983 1599
2915 1220 1702 2708 3999 3610 2557 1655 974 578 3766 2705 544 1853 1712 1185 538 370 3860 2851 1498 1033 2195 0 477 1311 1479 953 595 1044 2676 638
2478 1402 1265 2889 3588 3791 2738 1245 1155 141 3356 2295 108 1443 1893 749 102 177 3912 2414 1061 623 1784 477 0 1492 1043 517 159 634 2239 228
3804 672 1409 1779 3341 2681 1628 2487 674 1593 3337 2454 1560 2344 1412 2201 1553 1386 2932 3740 1452 2049 1944 1311 1492 0 2495 1968 1611 2059 3565 1654
3117 2404 1905 3606 4283 4508 3455 1940 2158 927 4051 2990 954 2138 2644 379 970 1179 4607 3053 1700 675 2480 1479 1043 2495 0 585 927 663 2879 1092
2591 1878 1378 3080 3956 3982 2929 1613 1632 401 3724 2663 427 1811 2317 291 444 653 4233 2527 1174 348 2152 953 517 1968 585 0 400 336 2352 704
2362 1520 1149 2851 3707 3753 2700 1363 1274 72 3474 2413 69 1561 2011 633 86 295 4003 2298 945 690 1903 595 159 1611 927 400 0 677 2123 346
2868 1969 1655 3357 3640 4021 3206 1296 1723 678 3408 2346 701 1494 2001 369 695 744 3964 2804 1451 52 1836 1044 634 2059 663 336 677 0 2629 449
1139 3527 2294 3982 5544 4884 3831 3370 3281 2050 5481 4420 2076 3568 4018 2511 2093 2302 5135 1075 2090 2568 3910 2602 2166 3493 2805 2278 2049 2556 0 2353
2666 1563 1453 3051 3403 3784 2900 1060 1317 329 3171 2110 295 1258 1764 798 289 338 3727 2602 1249 438 1599 638 228 1654 1092 704 346 449 2427 0
EOF