NAME : tsp_problem
TYPE : TSP
DIMENSION : 42
EDGE_WEIGHT_TYPE : EXPLICIT
EDGE_WEIGHT_FORMAT : FULL_MATRIX
EDGE_WEIGHT_SECTION
0 518 3274 2954 1939 821 2467 1570 1913 3297 4831 1593 1697 2114 2392 1937 3134 3485 1839 2297 3315 2059 1597 2584 3778 4012 2434 3386 3123 1946 1515 1920 2055 1942 1959 3475 1053 1654 982 3796 2454 2035
518 0 2940 3090 1478 361 2007 1706 1453 3041 4371 1133 1237 1654 1931 1477 2673 3151 1378 1837 3033 1599 1136 2123 3444 3551 1974 3000 3235 1485 1651 1460 1632 1481 2095 3141 593 1193 1118 3463 1994 1575
3274 2938 0 4938 2419 3208 2948 1780 2394 5248 6577 1831 1738 2988 4138 3684 4880 602 1612 2799 5240 2336 1863 4330 894 5758 2914 5207 5107 2426 1808 1498 1345 1505 3836 591 3441 2134 2317 913 4200 1420
2954 3090 4933 0 3834 3302 3397 3247 3809 609 2679 4004 3933 2852 1749 2166 2491 5144 3808 3035 627 3955 4007 1524 5436 1860 3486 698 435 3841 3192 3693 3732 3700 1988 5133 3032 3718 2659 5455 1634 3752
1939 1478 2422 3834 0 1749 973 1443 51 3273 4603 614 718 1013 2164 1709 2905 2632 859 824 3265 152 617 2355 2925 3783 939 3232 3467 49 1471 941 1113 963 3515 2622 1981 328 1981 2944 2226 1056
821 361 3211 3302 1749 0 1900 2009 1724 2742 4071 1403 1507 1354 1632 1177 2374 3422 1649 1537 2733 1870 1407 1824 3715 3252 1988 2700 2935 1756 1954 1731 1902 1752 2398 3412 293 1464 1421 3733 1694 1846
2467 2007 2950 3397 973 1900 0 1972 948 2837 4166 1142 1246 576 1727 1272 2469 3161 1388 388 2828 1094 1146 1919 3454 3347 624 2795 3030 980 2000 1470 1641 1491 4044 3151 1629 857 2510 3473 1789 1585
1570 1706 1780 3247 1443 2009 1972 0 1418 3591 5602 855 762 2012 3163 2708 3905 1991 637 1824 3608 1361 887 3355 2284 4783 1938 3679 3416 1450 239 522 561 529 2252 1981 2241 1158 613 2302 3225 581
1913 1453 2396 3809 51 1724 948 1418 0 3248 4577 588 693 988 2138 1684 2880 2607 834 799 3240 172 592 2330 2900 3758 914 3207 3442 58 1446 916 1087 937 3490 2597 1956 303 1956 2919 2200 1031
3297 3041 5251 609 3273 2742 2837 3591 3248 0 2118 3443 3547 2291 1189 1605 1930 5462 3689 2474 66 3394 3447 963 5755 1299 2925 137 242 3280 3536 3771 3942 3792 2332 5451 2471 3157 3003 5773 1074 3886
4831 4371 6580 2679 4603 4071 4166 5602 4577 2118 0 4772 4876 3620 2518 2934 3260 6791 5018 3803 2110 4723 4776 2292 7084 1189 4254 2077 2312 4610 5606 5100 5271 5121 4401 6781 3800 4487 5072 7102 2403 5215
1593 1133 1833 4004 614 1403 1142 855 588 3443 4772 0 130 1183 2333 1879 3075 2044 271 994 3435 678 58 2525 2337 3953 1109 3402 3637 621 883 353 525 375 2998 2034 1635 329 1393 2356 2395 468
1697 1237 1740 3933 718 1507 1246 762 693 3547 4876 130 0 1287 2437 1983 3179 1951 178 1098 3539 635 162 2629 2244 4057 1213 3506 3741 725 790 260 432 282 2905 1941 1740 433 1300 2263 2499 375
2114 1654 2990 2852 1013 1354 576 2012 988 2291 3620 1183 1287 0 1181 727 1923 3201 1428 213 2283 1134 1186 1373 3494 2801 665 2250 2485 1020 2040 1510 1682 1531 3691 3191 1084 897 2550 3513 1243 1625
2392 1931 4141 1749 2164 1632 1727 3163 2138 1189 2518 2333 2437 1181 0 495 789 4352 2579 1364 1180 2284 2337 271 4645 1699 1815 1147 1382 2170 3191 2661 2832 2682 3472 4342 1361 2048 2992 4663 141 2776
1937 1477 3687 2166 1709 1177 1272 2708 1684 1605 2934 1879 1983 727 495 0 1237 3898 2124 910 1596 1830 1883 687 4190 2115 1361 1564 1798 1716 2736 2206 2378 2228 3514 3887 907 1593 2537 4209 557 2321
3134 2673 4883 2491 2905 2374 2469 3905 2880 1930 3260 3075 3179 1923 789 1237 0 5094 3321 2106 1922 3026 3079 1013 5387 2441 2557 1889 2124 2912 3932 3403 3574 3424 4214 5084 2103 2789 3733 5405 883 3518
3505 3169 651 5169 2650 3440 3179 2011 2625 5480 6809 2062 1969 3219 4370 3915 5112 0 1844 3031 5471 2568 2094 4562 574 5990 3146 5438 5338 2657 2039 1729 1577 1736 4068 71 3672 2365 2549 549 4432 1651
1839 1378 1615 3808 859 1649 1388 637 834 3689 5018 271 178 1428 2579 2124 3321 1826 0 1240 3680 777 303 2771 2119 4199 1355 3647 3882 866 665 135 306 156 2780 1816 1881 574 1174 2137 2641 250
2297 1837 2802 3035 824 1537 388 1824 799 2474 3803 994 1098 213 1364 910 2106 3013 1240 0 2466 945 998 1556 3306 2984 476 2433 2667 831 1851 1322 1493 1343 3874 3003 1267 708 2361 3324 1426 1437
3315 3033 5242 627 3265 2733 2828 3608 3240 66 2110 3435 3539 2283 1180 1596 1922 5453 3680 2466 0 3386 3438 955 5746 1291 2917 129 260 3272 3554 3762 3934 3784 2349 5443 2463 3149 3020 5765 1065 3877
2059 1599 2339 3955 152 1870 1094 1361 172 3394 4723 678 635 1134 2284 1830 3026 2550 777 945 3386 0 711 2476 2843 3904 1060 3353 3588 143 1388 859 1030 880 3504 2540 2102 449 1898 2861 2346 974
1597 1136 1866 4007 617 1407 1146 887 592 3447 4776 58 162 1186 2337 1883 3079 2077 303 998 3438 711 0 2529 2370 3957 1113 3406 3640 624 915 385 557 407 3030 2066 1639 332 1425 2388 2399 500
2584 2123 4333 1524 2355 1824 1919 3355 2330 963 2292 2525 2629 1373 271 687 1013 4544 2771 1556 955 2476 2529 0 4837 1473 2007 922 1157 2362 3382 2853 3024 2874 3246 4534 1553 2239 3184 4855 156 2968
3798 3462 944 5462 2943 3733 3472 2304 2918 5773 7102 2355 2262 3512 4663 4208 5405 574 2137 3324 5764 2861 2387 4855 0 6283 3439 5731 5631 2950 2332 2022 1870 2029 4361 563 3965 2658 2842 45 4725 1944
4012 3551 5761 1860 3783 3252 3347 4783 3758 1299 1189 3953 4057 2801 1699 2115 2441 5972 4199 2984 1291 3904 3957 1473 6265 0 3435 1258 1493 3790 4786 4281 4452 4302 3410 5962 2981 3668 4253 6283 1584 4396
2434 1974 2917 3486 939 1988 624 1938 914 2925 4254 1109 1213 665 1815 1361 2557 3128 1355 476 2917 1060 1113 2007 3421 3435 0 2884 3119 946 1966 1437 1608 1458 4010 3117 1718 823 2476 3439 1877 1552
3386 3000 5210 698 3232 2700 2795 3679 3207 137 2077 3402 3506 2250 1147 1564 1889 5421 3647 2433 129 3353 3406 922 5713 1258 2884 0 331 3239 3625 3729 3901 3751 2421 5410 2430 3116 3091 5732 1032 3844
3123 3235 5102 435 3467 2935 3030 3416 3442 242 2312 3637 3741 2485 1382 1798 2124 5313 3882 2667 260 3588 3640 1157 5606 1493 3119 331 0 3474 3361 3862 3901 3869 2157 5302 2665 3351 2828 5624 1267 3921
1946 1485 2428 3841 49 1756 980 1450 58 3280 4610 621 725 1020 2170 1716 2912 2639 866 831 3272 143 624 2362 2932 3790 946 3239 3474 0 1478 948 1120 970 3522 2629 1988 335 1988 2951 2233 1063
1515 1651 1808 3192 1471 1954 2000 239 1446 3536 5606 883 790 2040 3191 2736 3932 2019 665 1851 3554 1388 915 3382 2312 4786 1966 3625 3361 1478 0 550 589 557 2197 2009 2186 1186 559 2330 3253 609
1920 1460 1500 3693 941 1731 1470 522 916 3771 5100 353 260 1510 2661 2206 3403 1711 135 1322 3762 859 385 2853 2004 4281 1437 3729 3862 948 550 0 192 41 2665 1701 1963 656 1060 2023 2723 135
2055 1632 1348 3732 1113 1902 1641 561 1087 3942 5271 525 432 1682 2832 2378 3574 1559 306 1493 3934 1030 557 3024 1852 4452 1608 3901 3901 1120 589 192 0 198 2704 1549 2134 828 1098 1870 2894 114
1942 1481 1507 3700 963 1752 1491 529 937 3792 5121 375 282 1531 2682 2228 3424 1718 156 1343 3784 880 407 2874 2011 4302 1458 3751 3869 970 557 41 198 0 2672 1708 1984 678 1066 2029 2744 142
2743 2878 4652 2772 4299 3182 4828 3036 4274 3116 4388 3773 3680 4475 4256 4298 4997 4863 3555 4658 3133 4279 3805 4030 5155 3260 4794 3204 2941 4306 2981 3440 3479 3447 0 4852 3414 4014 2448 5174 4141 3499
3495 3159 640 5159 2640 3429 3169 2001 2615 5469 6798 2052 1959 3209 4359 3905 5101 71 1833 3020 5461 2557 2084 4551 563 5979 3135 5428 5328 2647 2029 1719 1566 1725 4057 0 3662 2355 2538 539 4421 1641
1053 593 3443 3032 1981 293 1629 2241 1956 2471 3800 1635 1740 1084 1361 907 2103 3654 1881 1267 2463 2102 1639 1553 3947 2981 1718 2430 2665 1988 2186 1963 2134 1984 2630 3644 0 1696 1653 3966 1423 2078
1654 1193 2137 3718 328 1464 857 1158 303 3157 4487 329 433 897 2048 1593 2789 2348 574 708 3149 449 332 2239 2640 3668 823 3116 3351 335 1186 656 828 678 3230 2337 1696 0 1696 2659 2110 771
982 1118 2318 2659 1981 1421 2510 613 1956 3003 5072 1393 1300 2550 2992 2537 3733 2529 1174 2361 3020 1898 1425 3184 2822 4253 2476 3091 2828 1988 559 1060 1098 1066 1664 2518 1653 1696 0 2840 3054 1119
3817 3481 962 5481 2962 3751 3490 2323 2936 5791 7120 2374 2281 3531 4681 4227 5423 549 2155 3342 5783 2879 2406 4873 45 6301 3457 5750 5650 2969 2350 2041 1888 2047 4379 539 3983 2677 2860 0 4743 1963
2454 1994 4203 1634 2226 1694 1789 3225 2200 1074 2403 2395 2499 1243 141 557 883 4414 2641 1426 1065 2346 2399 156 4707 1584 1877 1032 1267 2233 3253 2723 2894 2744 3357 4404 1423 2110 3054 4725 0 2838
2035 1575 1422 3752 1056 1846 1585 581 1031 3886 5215 468 375 1625 2776 2321 3518 1633 250 1437 3877 974 500 2968 1926 4396 1552 3844 3921 1063 609 135 114 142 2724 1623 2078 771 1119 1945 2838 0
EOF