NAME : tsp_problem
TYPE : TSP
DIMENSION : 70
EDGE_WEIGHT_TYPE : EXPLICIT
EDGE_WEIGHT_FORMAT : FULL_MATRIX
EDGE_WEIGHT_SECTION
0 2636 521 3453 743 985 676 489 2110 3161 2011 2495 685 2286 2548 2505 3906 493 596 1760 4304 1483 2362 3759 1353 746 1740 829 2243 1185 3735 1966 835 3367 3776 269 2384 3033 788 2950 2325 658 2816 2002 1295 3203 975 1864 3758 3753 381 1407 2168 4254 501 2882 1211 660 2186 86 798 885 1844 3382 208 2382 590 3459 2760 3681
2636 0 2141 2555 2219 2835 2296 2167 2304 2837 1634 4344 1974 4136 4397 4355 1353 2173 2411 3256 1752 1184 4211 2255 2277 2234 1934 2081 1364 2645 1183 1642 2087 784 2221 2434 1212 481 2637 398 1152 2507 4666 3498 1367 620 2825 1756 1205 1201 2276 3256 528 1701 2166 4731 3060 2302 511 2632 2050 2345 1413 2646 2473 4231 2440 3474 4609 1128
521 2141 0 3451 472 1087 549 52 1823 3159 1724 2597 190 2389 2650 2608 3410 58 664 1862 3809 988 2464 3757 1066 487 1453 334 1956 898 3240 1678 340 2872 3774 319 1889 2538 890 2455 1829 760 2919 2104 799 2708 1077 1577 3262 3258 161 1509 1672 3758 51 2984 1313 555 1690 517 303 598 1348 3380 358 2484 693 3490 2862 3185
3453 2555 3451 0 3014 2698 3035 3478 2210 317 2359 4099 3284 3891 4152 4110 1269 3483 2955 1887 1069 3652 3966 341 2432 3029 2056 3163 2591 2849 1430 2313 3149 3285 358 3398 2769 2145 2701 2272 2859 2835 4421 2129 3835 3122 2703 2212 1452 1397 3510 3062 2998 2663 3476 4486 2315 3019 2982 3449 3192 2924 3882 126 3338 3986 2899 954 4364 1479
743 2219 472 3014 0 634 96 499 1386 2722 1287 2144 305 1935 2197 2154 3489 504 211 1409 3887 1066 2010 3321 629 33 1016 184 1519 461 3318 1241 170 2950 3338 688 1697 2616 437 2534 1787 307 2465 1651 878 2786 624 1140 3341 3337 607 1056 1751 3837 497 2531 859 102 1769 739 212 161 1427 2943 628 2030 239 3053 2408 3264
985 2835 1087 2698 634 0 567 1114 2002 2406 1902 1549 920 1340 1602 1560 3932 1120 487 1005 3732 1682 1416 3004 1244 637 1632 799 2134 1077 3934 1857 786 3565 3022 930 2313 3232 233 3149 2402 367 1870 1247 1493 3402 44 1755 3956 3952 1043 461 2366 4452 1113 1936 456 551 2384 982 828 776 2042 2627 870 1436 432 2704 1814 3879
676 2296 549 3035 96 567 0 575 1463 2743 1364 2077 382 1868 2130 2087 3566 581 144 1342 3964 1143 1944 3341 706 99 1093 261 1596 538 3395 1318 247 3027 3358 621 1774 2693 370 2610 1864 240 2398 1584 955 2863 557 1217 3418 3413 684 989 1828 3914 574 2464 793 66 1846 672 289 238 1504 2964 561 1964 172 3041 2341 3341
489 2167 52 3478 499 1114 575 0 1850 3186 1750 2623 216 2415 2676 2634 3437 50 691 1889 3835 1014 2490 3784 1092 513 1480 360 1982 925 3266 1705 366 2898 3801 287 1915 2564 916 2482 1856 787 2945 2130 826 2734 1104 1603 3289 3284 129 1535 1699 3785 43 3010 1339 582 1717 485 329 624 1375 3406 326 2510 719 3516 2888 3212
2110 2304 1823 2210 1386 2002 1463 1850 0 1918 731 3511 1656 3303 3564 3522 3444 1855 1578 1534 3244 2024 3378 2516 804 1401 428 1535 963 1220 3403 685 1521 3035 2533 2055 1141 2701 1804 2618 1231 1674 3833 1775 2207 2871 1991 584 3425 3421 1958 2423 1835 3921 1848 3898 1962 1469 1853 2107 1563 1295 2253 2138 1995 3398 1607 2248 3776 3348
3161 2837 3159 317 2722 2406 2743 3186 1918 0 2067 3807 2992 3599 3860 3818 1552 3191 2663 1595 1351 3360 3674 624 2140 2737 1764 2871 2299 2557 1712 2021 2857 3568 641 3106 2478 2427 2409 2555 2567 2543 4129 1837 3543 3404 2411 1920 1735 1680 3218 2770 3172 2945 3184 4194 2023 2727 3190 3157 2900 2632 3590 246 3046 3694 2607 662 4072 1762
2011 1634 1724 2359 1287 1902 1364 1750 731 2067 0 3412 1557 3203 3465 3422 2904 1756 1479 1683 3302 1354 3279 2665 704 1302 361 1435 293 1121 2733 69 1422 2365 2682 1956 472 2031 1705 1948 561 1575 3733 1925 1537 2201 1892 183 2756 2751 1859 2324 1166 3252 1749 3799 2111 1370 1184 2007 1464 1196 1584 2288 1896 3299 1507 2398 3676 2679
2512 4362 2615 4125 2161 1566 2094 2641 3529 3833 3429 0 2448 633 141 48 5359 2647 2014 2445 5159 3209 179 4431 2771 2164 3159 2326 3662 2604 5461 3384 2313 5093 4448 2457 3840 4759 1760 4676 3929 1894 539 2687 3020 4929 1571 3282 5483 5479 2570 1294 3893 5979 2640 480 1895 2078 3911 2509 2355 2303 3569 4053 2397 157 1959 4057 602 5406
685 1974 190 3284 305 920 382 216 1656 2992 1557 2430 0 2221 2483 2441 3243 222 497 1695 3642 821 2297 3590 899 320 1286 167 1789 731 3073 1511 173 2704 3607 483 1722 2371 723 2288 1662 593 2751 1937 632 2541 910 1410 3095 3091 325 1342 1505 3591 215 2817 1146 388 1523 682 136 431 1181 3213 522 2317 525 3323 2695 3018
2284 4133 2386 3896 1932 1338 1866 2412 3300 3604 3201 583 2219 0 636 594 5130 2418 1785 2216 4930 2980 450 4202 2542 1936 2930 2097 3433 2375 5232 3155 2084 4864 4219 2229 3611 4530 1531 4447 3701 1665 905 2458 2791 4700 1343 3053 5254 5250 2341 1065 3664 5750 2411 970 1667 1849 3682 2280 2126 2075 3341 3824 2168 470 1730 3829 848 5177
2566 4415 2668 4178 2214 1620 2147 2694 3582 3886 3482 141 2501 686 0 152 5412 2700 2067 2498 5212 3262 232 4484 2824 2217 3212 2379 3715 2657 5514 3437 2366 5146 4501 2511 3893 4812 1813 4729 3982 1947 444 2740 3073 4982 1625 3335 5536 5532 2623 1347 3946 6032 2693 384 1949 2131 3964 2562 2408 2357 3622 4106 2450 210 2012 4111 506 5459
2523 4372 2625 4136 2172 1577 2105 2652 3539 3844 3440 48 2458 643 152 0 5370 2657 2025 2456 5170 3219 189 4442 2782 2175 3169 2337 3672 2614 5471 3394 2323 5103 4459 2468 3851 4770 1771 4687 3940 1905 550 2697 3031 4940 1582 3293 5494 5490 2580 1305 3904 5990 2650 490 1906 2089 3922 2519 2366 2314 3580 4064 2408 168 1969 4068 612 5417
3906 1353 3410 1269 3489 3932 3566 3437 3444 1552 2904 5333 3243 5125 5386 5344 0 3442 3681 3121 466 2453 5200 970 3547 3503 3203 3350 2633 3915 228 2911 3356 2084 936 3703 2481 943 3907 1071 2422 3777 5655 3363 2636 1920 3937 3026 251 196 3545 4296 1797 1461 3435 5721 3550 3572 1780 3902 3319 3614 2682 1361 3742 5220 3709 2188 5598 278
493 2173 58 3483 504 1120 581 50 1855 3191 1756 2629 222 2421 2682 2640 3442 0 696 1894 3841 1020 2496 3790 1098 519 1485 366 1988 930 3272 1710 372 2904 3807 290 1921 2570 922 2487 1861 792 2951 2136 831 2740 1110 1609 3294 3290 132 1541 1704 3790 49 3016 1345 587 1722 489 335 630 1381 3412 329 2516 725 3522 2894 3217
596 2411 664 2955 211 487 144 691 1578 2663 1479 1997 497 1788 2050 2007 3681 696 0 1262 3989 1258 1863 3261 821 214 1208 376 1711 653 3510 1433 362 3142 3278 541 1889 2808 290 2726 1979 160 2318 1504 1070 2978 477 1332 3533 3529 653 909 1943 4029 689 2384 712 127 1961 592 404 353 1619 2884 481 1884 92 2961 2261 3456
1760 3256 1862 1887 1409 1005 1342 1889 1534 1595 1683 2425 1695 2217 2478 2436 3121 1894 1262 0 2921 2456 2292 2194 1756 1412 1380 1574 1915 1851 3282 1637 1560 3987 2211 1705 2093 3653 1008 3570 2183 1142 2747 305 2268 3823 1010 1536 3305 3250 1817 1369 2788 4515 1887 2812 622 1325 2806 1756 1602 1551 2817 1816 1645 2312 1206 1926 2690 3332
4304 1752 3809 1069 3887 3732 3964 3835 3244 1351 3302 5133 3642 4925 5186 5144 466 3841 3989 2921 0 2852 5000 770 3466 3902 3090 3749 3032 3883 627 3310 3755 2482 735 4102 2880 1342 3735 1470 2820 3869 5455 3163 3035 2319 3737 3246 650 594 3944 4096 2196 1860 3834 5520 3349 3970 2179 4300 3718 3957 3081 1160 4141 5020 3933 1988 5398 677
1483 1184 988 3652 1066 1682 1143 1014 2024 3360 1354 3191 821 2983 3244 3202 2453 1020 1258 2456 2852 0 3058 3355 1660 1081 1654 928 1084 1492 2283 1362 934 1914 3321 1281 932 1581 1484 1498 872 1354 3513 2698 213 1751 1671 1476 2305 2301 1123 2103 715 2801 1013 3578 1907 1149 733 1479 897 1192 391 3581 1320 3078 1287 3691 3456 2228
2380 4229 2482 3992 2028 1434 1961 2508 3396 3700 3297 179 2315 500 232 189 5226 2514 1881 2312 5026 3076 0 4298 2638 2031 3026 2193 3529 2471 5328 3251 2180 4960 4315 2325 3707 4626 1627 4543 3797 1761 525 2554 2887 4796 1439 3149 5350 5346 2437 1161 3760 5846 2507 570 1763 1945 3778 2376 2222 2171 3436 3920 2264 63 1826 3925 468 5273
3759 2255 3757 341 3321 3004 3341 3784 2516 624 2665 4405 3590 4197 4458 4416 970 3790 3261 2194 770 3355 4272 0 2738 3335 2362 3469 2897 3155 1131 2620 3455 2986 59 3704 3076 1846 3007 1973 3165 3141 4727 2435 3538 2822 3009 2518 1153 1098 3817 3368 2699 2364 3783 4793 2622 3325 2683 3756 3498 3230 3585 433 3644 4292 3206 1261 4670 1180
1353 2277 1066 2432 629 1244 706 1092 804 2140 704 2754 899 2545 2807 2764 3547 1098 821 1756 3466 1660 2620 2738 0 643 434 777 937 463 3376 659 764 3008 2755 1298 1115 2674 1047 2592 1204 917 3075 1997 1471 2844 1234 557 3399 3395 1201 1666 1809 3895 1091 3141 1469 712 1827 1349 806 538 2021 2360 1238 2640 849 2470 3018 3322
746 2234 487 3029 33 637 99 513 1401 2737 1302 2147 320 1938 2200 2157 3503 519 214 1412 3902 1081 2014 3335 643 0 1031 198 1534 476 3333 1256 185 2965 3352 691 1712 2631 440 2548 1802 310 2468 1654 892 2801 627 1154 3355 3351 622 1059 1765 3851 512 2534 863 105 1783 742 227 176 1441 2957 631 2034 242 3068 2411 3278
1740 1934 1453 2056 1016 1632 1093 1480 428 1764 361 3141 1286 2933 3194 3152 3203 1485 1208 1380 3090 1654 3008 2362 434 1031 0 1165 593 850 3033 315 1151 2665 2379 1685 771 2331 1434 2248 861 1304 3463 1622 1837 2501 1621 214 3055 3051 1588 2053 1465 3551 1478 3528 1808 1099 1483 1737 1193 925 1883 1984 1625 3028 1237 2095 3406 2978
829 2081 334 3163 184 799 261 360 1535 2871 1435 2308 167 2100 2361 2319 3350 366 376 1574 3749 928 2175 3469 777 198 1165 0 1668 610 3180 1390 217 2812 3486 627 1829 2478 602 2395 1770 472 2630 1815 740 2648 789 1288 3202 3198 469 1221 1613 3699 359 2696 1024 267 1631 825 180 309 1289 3091 666 2195 404 3201 2573 3126
2243 1364 1956 2591 1519 2134 1596 1982 963 2299 293 3644 1789 3436 3697 3655 2633 1988 1711 1915 3032 1084 3511 2897 937 1534 593 1668 0 1353 2463 301 1654 2094 2914 2188 201 1761 1937 1678 291 1807 3966 2157 1267 1931 2124 415 2485 2481 2091 2556 895 2981 1981 4031 2343 1602 913 2239 1696 1428 1313 2520 2128 3531 1740 2630 3909 2408
1185 2645 898 2849 461 1077 538 925 1220 2557 1121 2586 731 2378 2639 2597 3915 930 653 1851 3883 1492 2453 3155 463 476 850 610 1353 0 3744 1076 596 3376 3172 1130 1532 3042 879 2960 1621 749 2908 2093 1304 3212 1067 974 3767 3763 1033 1498 2177 4263 923 2973 1302 544 2195 1182 638 370 1853 2777 1070 2473 682 2887 2851 3690
3735 1183 3240 1430 3318 3934 3395 3266 3403 1712 2733 5443 3073 5235 5496 5454 228 3272 3510 3282 627 2283 5310 1131 3376 3333 3033 3180 2463 3744 0 2741 3186 1913 1097 3533 2310 773 3736 900 2251 3606 5765 3524 2466 1750 3924 2855 45 76 3375 4355 1626 1291 3265 5830 3711 3401 1610 3731 3149 3444 2512 1522 3572 5330 3539 2349 5708 108
1966 1642 1678 2313 1241 1857 1318 1705 685 2021 69 3366 1511 3158 3419 3377 2911 1710 1433 1637 3310 1362 3233 2620 659 1256 315 1390 301 1076 2741 0 1376 2373 2637 1911 479 2039 1659 1956 569 1529 3688 1879 1545 2209 1847 138 2763 2759 1813 2278 1173 3259 1703 3753 2065 1324 1191 1962 1418 1150 1591 2242 1850 3253 1462 2352 3631 2686
835 2087 340 3149 170 786 247 366 1521 2857 1422 2295 173 2087 2348 2306 3356 372 362 1560 3755 934 2162 3455 764 185 1151 217 1654 596 3186 1376 0 2818 3473 633 1832 2484 588 2401 1775 458 2617 1802 745 2654 775 1275 3208 3204 475 1207 1618 3704 365 2682 1011 253 1636 831 186 296 1294 3078 672 2182 391 3188 2560 3131
3367 784 2872 3285 2950 3565 3027 2898 3035 3568 2365 5075 2704 4866 5128 5086 2084 2904 3142 3987 2482 1914 4942 2986 3008 2965 2665 2812 2094 3376 1913 2373 2818 0 2952 3164 1942 1211 3368 1129 1883 3238 5396 4228 2097 194 3555 2487 1936 1932 3007 3987 1258 2432 2897 5462 3791 3033 1242 3363 2781 3076 2144 3377 3204 4962 3170 4205 5340 1859
3776 2221 3774 358 3338 3022 3358 3801 2533 641 2682 4422 3607 4214 4476 4433 936 3807 3278 2211 735 3321 4289 59 2755 3352 2379 3486 2914 3172 1097 2637 3473 2952 0 3721 3093 1811 3024 1939 3182 3158 4744 2452 3504 2788 3026 2535 1119 1064 3834 3385 2665 2329 3800 4810 2639 3342 2649 3773 3515 3247 3551 450 3661 4309 3223 1278 4687 1146
269 2434 319 3398 688 930 621 287 2055 3106 1956 2440 483 2231 2493 2450 3703 290 541 1705 4102 1281 2307 3704 1298 691 1685 627 2188 1130 3533 1911 633 3164 3721 0 2182 2831 733 2748 2122 603 2761 1947 1092 3001 920 1809 3555 3551 179 1352 1965 4051 299 2827 1156 605 1983 265 596 830 1641 3327 111 2327 535 3404 2704 3478
2384 1212 1889 2769 1697 2313 1774 1915 1141 2478 472 3822 1722 3614 3875 3833 2481 1921 1889 2093 2880 932 3689 3076 1115 1712 771 1829 201 1532 2310 479 1832 1942 3093 2182 0 1609 2115 1526 139 1985 4144 2335 1115 1779 2303 594 2333 2329 2024 2734 743 2829 1914 4209 2521 1780 761 2380 1798 1606 1161 2698 2221 3709 1918 2808 4087 2256
3033 481 2538 2145 2616 3232 2693 2564 2701 2427 2031 4741 2371 4533 4794 4752 943 2570 2808 3653 1342 1581 4608 1846 2674 2631 2331 2478 1761 3042 773 2039 2484 1211 1811 2831 1609 0 3034 199 1549 2904 5063 3895 1764 1048 3222 2153 795 791 2673 3653 925 1291 2563 5128 3457 2699 908 3029 2447 2742 1810 2236 2870 4628 2837 3064 5006 718
788 2637 890 2701 437 233 370 916 1804 2409 1705 1742 723 1534 1795 1753 3907 922 290 1008 3735 1484 1609 3007 1047 440 1434 602 1937 879 3736 1659 588 3368 3024 733 2115 3034 0 2952 2205 170 2064 1249 1296 3204 223 1558 3759 3754 845 654 2169 4255 915 2129 458 353 2187 784 630 579 1845 2629 673 1629 234 2706 2007 3682
2950 398 2455 2272 2534 3149 2610 2482 2618 2555 1948 4658 2288 4450 4711 4669 1071 2487 2726 3570 1470 1498 4525 1973 2592 2548 2248 2395 1678 2960 900 1956 2401 1129 1939 2748 1526 199 2952 0 1466 2822 4980 3812 1681 965 3139 2071 923 919 2590 3571 842 1419 2480 5046 3374 2617 825 2947 2364 2659 1727 2364 2787 4545 2754 3192 4923 846
2325 1152 1829 2859 1787 2402 1864 1856 1231 2567 561 3912 1662 3703 3965 3922 2422 1861 1979 2183 2820 872 3779 3165 1204 1802 861 1770 291 1621 2251 569 1775 1883 3182 2122 139 1549 2205 1466 0 2075 4233 2425 1055 1719 2392 683 2274 2269 1964 2824 684 2770 1855 4299 2611 1870 702 2321 1739 1696 1102 2788 2162 3799 2007 2898 4176 2197
658 2507 760 2835 307 367 240 787 1674 2543 1575 1877 593 1668 1930 1887 3777 792 160 1142 3869 1354 1743 3141 917 310 1304 472 1807 749 3606 1529 458 3238 3158 603 1985 2904 170 2822 2075 0 2198 1384 1166 3074 357 1428 3629 3625 715 789 2039 4125 785 2264 592 223 2057 654 500 449 1715 2763 543 1763 104 2841 2141 3552
2834 4684 2936 4447 2483 1888 2416 2963 3851 4155 3751 539 2769 955 444 550 5681 2969 2336 2767 5481 3531 525 4753 3093 2486 3481 2648 3983 2926 5783 3706 2635 5414 4770 2779 4162 5081 2082 4998 4251 2216 0 3009 3342 5251 1893 3604 5805 5801 2892 1616 4215 6301 2962 86 2217 2400 4233 2831 2677 2625 3891 4375 2719 545 2281 4379 83 5728
2002 3498 2104 2129 1651 1247 1584 2130 1775 1837 1925 2667 1937 2458 2720 2677 3363 2136 1504 305 3163 2698 2534 2435 1997 1654 1622 1815 2157 2093 3524 1879 1802 4228 2452 1947 2335 3895 1249 3812 2425 1384 2988 0 2510 4065 1252 1777 3547 3491 2059 1611 3029 4757 2129 3054 864 1567 3047 1998 1844 1793 3059 2057 1886 2554 1448 2168 2931 3574
1295 1367 799 3835 878 1493 955 826 2207 3543 1537 3003 632 2794 3056 3013 2636 831 1070 2268 3035 213 2869 3538 1471 892 1837 740 1267 1304 2466 1545 745 2097 3504 1092 1115 1764 1296 1681 1055 1166 3324 2510 0 1934 1483 1659 2488 2484 934 1915 898 2984 824 3390 1718 961 916 1291 708 1004 574 3764 1132 2889 1098 3874 3267 2411
3203 620 2708 3122 2786 3402 2863 2734 2871 3404 2201 4911 2541 4703 4964 4922 1920 2740 2978 3823 2319 1751 4778 2822 2844 2801 2501 2648 1931 3212 1750 2209 2654 194 2788 3001 1779 1048 3204 965 1719 3074 5233 4065 1934 0 3392 2323 1772 1768 2843 3823 1095 2268 2733 5298 3627 2869 1078 3199 2617 2912 1980 3213 3040 4798 3007 4041 5176 1695
975 2825 1077 2703 624 44 557 1104 1991 2411 1892 1554 910 1345 1607 1564 3937 1110 477 1010 3737 1671 1421 3009 1234 627 1621 789 2124 1067 3924 1847 775 3555 3026 920 2303 3222 223 3139 2392 357 1875 1252 1483 3392 0 1745 3946 3942 1033 466 2356 4442 1103 1941 461 541 2374 971 818 766 2032 2632 860 1441 422 2709 1818 3869
1864 1756 1577 2212 1140 1755 1217 1603 584 1920 183 3264 1410 3056 3318 3275 3026 1609 1332 1536 3246 1476 3131 2518 557 1154 214 1288 415 974 2855 138 1275 2487 2535 1809 594 2153 1558 2071 683 1428 3586 1777 1659 2323 1745 0 2878 2874 1712 2177 1288 3374 1602 3652 1964 1223 1306 1860 1317 1049 1706 2140 1748 3151 1360 2250 3529 2801
3758 1205 3262 1452 3341 3956 3418 3289 3425 1735 2756 5465 3095 5257 5519 5476 251 3294 3533 3305 650 2305 5332 1153 3399 3355 3055 3202 2485 3767 45 2763 3208 1936 1119 3555 2333 795 3759 923 2274 3629 5787 3547 2488 1772 3946 2878 0 99 3397 4378 1649 1313 3287 5853 3733 3424 1632 3754 3171 3466 2534 1544 3594 5352 3561 2372 5730 130
3753 1201 3258 1397 3337 3952 3413 3284 3421 1680 2751 5461 3091 5253 5514 5472 196 3290 3529 3250 594 2301 5328 1098 3395 3351 3051 3198 2481 3763 76 2759 3204 1932 1064 3551 2329 791 3754 919 2269 3625 5783 3491 2484 1768 3942 2874 99 0 3393 4373 1645 1309 3283 5848 3678 3420 1628 3750 3167 3462 2530 1489 3590 5348 3557 2317 5726 126
381 2276 161 3510 607 1043 684 129 1958 3218 1859 2552 325 2344 2605 2563 3545 132 653 1817 3944 1123 2419 3817 1201 622 1588 469 2091 1033 3375 1813 475 3007 3834 179 2024 2673 845 2590 1964 715 2874 2059 934 2843 1033 1712 3397 3393 0 1464 1807 3893 141 2939 1268 690 1825 377 438 733 1483 3439 218 2439 648 3516 2817 3320
1407 3256 1509 3062 1056 461 989 1535 2423 2770 2324 1276 1342 1068 1329 1287 4296 1541 909 1369 4096 2103 1143 3368 1666 1059 2053 1221 2556 1498 4355 2278 1207 3987 3385 1352 2734 3653 654 3571 2824 789 1598 1611 1915 3823 466 2177 4378 4373 1464 0 2788 4874 1534 1663 819 972 2806 1403 1249 1198 2464 2990 1292 1163 853 3068 1541 4301
2168 528 1672 2998 1751 2366 1828 1699 1835 3172 1166 3876 1505 3667 3929 3886 1797 1704 1943 2788 2196 715 3742 2699 1809 1765 1465 1613 895 2177 1626 1173 1618 1258 2665 1965 743 925 2169 842 684 2039 4197 3029 898 1095 2356 1288 1649 1645 1807 2788 0 2145 1697 4263 2591 1834 86 2164 1581 1877 945 3090 2005 3762 1971 3502 4140 1572
4254 1701 3758 2663 3837 4452 3914 3785 3921 2945 3252 5962 3591 5753 6015 5972 1461 3790 4029 4515 1860 2801 5828 2364 3895 3851 3551 3699 2981 4263 1291 3259 3704 2432 2329 4051 2829 1291 4255 1419 2770 4125 6283 4757 2984 2268 4442 3374 1313 1309 3893 4874 2145 0 3783 6349 4677 3920 2129 4250 3668 3963 3031 2754 4091 5848 4057 3410 6226 1237
501 2166 51 3476 497 1113 574 43 1848 3184 1749 2622 215 2414 2675 2633 3435 49 689 1887 3834 1013 2489 3783 1091 512 1478 359 1981 923 3265 1703 365 2897 3800 299 1914 2563 915 2480 1855 785 2944 2129 824 2733 1103 1602 3287 3283 141 1534 1697 3783 0 3009 1338 580 1715 498 328 623 1374 3405 338 2509 718 3515 2887 3210
2900 4749 3002 4512 2549 1954 2482 3028 3916 4220 3817 480 2835 1020 384 490 5746 3034 2402 2832 5546 3596 570 4818 3159 2552 3546 2713 4049 2991 5848 3771 2700 5480 4835 2845 4227 5146 2147 5063 4317 2282 86 3074 3408 5316 1959 3670 5871 5866 2957 1681 4281 6367 3027 0 2283 2465 4299 2896 2742 2691 3957 4441 2784 549 2346 4445 148 5794
1211 3060 1313 2315 859 456 793 1339 1962 2023 2111 1876 1146 1667 1929 1886 3550 1345 712 622 3349 1907 1742 2622 1469 863 1808 1024 2343 1302 3711 2065 1011 3791 2639 1156 2521 3457 458 3374 2611 592 2197 864 1718 3627 461 1964 3733 3678 1268 819 2591 4677 1338 2263 0 776 2609 1207 1053 1002 2268 2244 1095 1762 657 2354 2140 3760
660 2302 555 3019 102 551 66 582 1469 2727 1370 2060 388 1852 2113 2071 3572 587 127 1325 3970 1149 1927 3325 712 105 1099 267 1602 544 3401 1324 253 3033 3342 605 1780 2699 353 2617 1870 223 2382 1567 961 2869 541 1223 3424 3420 690 972 1834 3920 580 2447 776 0 1852 656 295 244 1510 2947 544 1947 156 3024 2325 3347
2186 511 1690 2982 1769 2384 1846 1717 1853 3190 1184 3894 1523 3685 3947 3904 1780 1722 1961 2806 2179 733 3760 2683 1827 1783 1483 1631 913 2195 1610 1191 1636 1242 2649 1983 761 908 2187 825 702 2057 4215 3047 916 1078 2374 1306 1632 1628 1825 2806 86 2129 1715 4281 2609 1852 0 2182 1599 1895 963 3074 2023 3780 1989 3520 4158 1556
86 2632 517 3449 739 982 672 485 2107 3157 2007 2491 682 2283 2544 2502 3902 489 592 1756 4300 1479 2358 3756 1349 742 1737 825 2239 1182 3731 1962 831 3363 3773 265 2380 3029 784 2947 2321 654 2813 1998 1291 3199 971 1860 3754 3750 377 1403 2164 4250 498 2878 1207 656 2182 0 794 881 1840 3378 205 2378 587 3455 2756 3677
798 2050 303 3192 212 828 289 329 1563 2900 1464 2337 136 2129 2390 2348 3319 335 404 1602 3718 897 2204 3498 806 227 1193 180 1696 638 3149 1418 186 2781 3515 596 1798 2447 630 2364 1739 500 2659 1844 708 2617 818 1317 3171 3167 438 1249 1581 3668 328 2724 1053 295 1599 794 0 338 1258 3120 635 2224 433 3230 2602 3095
885 2345 598 2924 161 776 238 624 1295 2632 1196 2286 431 2077 2339 2296 3614 630 353 1551 3957 1192 2153 3230 538 176 925 309 1428 370 3444 1150 296 3076 3247 830 1606 2742 579 2659 1696 449 2607 1793 1004 2912 766 1049 3466 3462 733 1198 1877 3963 623 2673 1002 244 1895 881 338 0 1553 2852 770 2173 381 2962 2550 3390
1844 1413 1348 3882 1427 2042 1504 1375 2253 3590 1584 3552 1181 3343 3605 3562 2682 1381 1619 2817 3081 391 3419 3585 2021 1441 1883 1289 1313 1853 2512 1591 1294 2144 3551 1641 1161 1810 1845 1727 1102 1715 3873 3059 574 1980 2032 1706 2534 2530 1483 2464 945 3031 1374 3939 2268 1510 963 1840 1258 1553 0 3810 1681 3439 1647 3920 3816 2458
3382 2646 3380 126 2943 2627 2964 3406 2138 246 2288 4028 3213 3819 4081 4038 1361 3412 2884 1816 1160 3581 3894 433 2360 2957 1984 3091 2520 2777 1522 2242 3078 3377 450 3327 2698 2236 2629 2364 2788 2763 4349 2057 3764 3213 2632 2140 1544 1489 3439 2990 3090 2754 3405 4415 2244 2947 3074 3378 3120 2852 3810 0 3266 3915 2828 883 4292 1571
208 2473 358 3338 628 870 561 326 1995 3046 1896 2379 522 2171 2432 2390 3742 329 481 1645 4141 1320 2246 3644 1238 631 1625 666 2128 1070 3572 1850 672 3204 3661 111 2221 2870 673 2787 2162 543 2701 1886 1132 3040 860 1748 3594 3590 218 1292 2005 4091 338 2767 1095 544 2023 205 635 770 1681 3266 0 2266 475 3343 2644 3518
2400 4249 2502 4012 2048 1454 1982 2528 3416 3720 3317 157 2335 520 210 168 5246 2534 1901 2332 5046 3096 63 4318 2658 2051 3046 2213 3549 2491 5348 3271 2200 4980 4335 2345 3727 4646 1647 4563 3817 1781 545 2574 2907 4816 1459 3169 5370 5366 2457 1181 3780 5866 2527 549 1783 1965 3798 2396 2242 2191 3457 3940 2284 0 1846 3945 488 5293
590 2440 693 2899 239 432 172 719 1607 2607 1507 1941 525 1733 1994 1952 3709 725 92 1206 3933 1287 1808 3206 849 242 1237 404 1740 682 3539 1462 391 3170 3223 535 1918 2837 234 2754 2007 104 2263 1448 1098 3007 422 1360 3561 3557 648 853 1971 4057 718 2328 657 156 1989 587 433 381 1647 2828 475 1828 0 2905 2206 3484
4234 4258 4274 1738 3837 3479 3816 4300 3032 1446 3182 4852 4107 4644 4905 4863 2972 4306 3736 2710 2772 4475 4719 2044 3254 3851 2878 3985 3414 3671 3133 3136 3972 4989 2062 4179 3592 3848 3481 3976 3682 3616 5174 2952 4658 4825 3484 3034 3156 3101 4291 3843 4286 3260 4299 5239 3138 3799 4304 4230 4014 3746 4704 1667 4118 4739 3680 0 5117 3183
2777 4627 2880 4390 2426 1831 2359 2906 3794 4098 3694 602 2712 898 506 612 5624 2912 2279 2710 5424 3474 468 4696 3036 2429 3424 2591 3927 2869 5726 3649 2578 5357 4713 2722 4105 5024 2025 4941 4194 2159 83 2952 3285 5194 1836 3547 5748 5744 2835 1559 4158 6244 2905 148 2160 2343 4176 2774 2620 2568 3834 4318 2662 488 2224 4322 0 5671
3681 1128 3185 1479 3264 3879 3341 3212 3348 1762 2679 5389 3018 5180 5442 5399 278 3217 3456 3332 677 2228 5255 1180 3322 3278 2978 3126 2408 3690 108 2686 3131 1859 1146 3478 2256 718 3682 846 2197 3552 5710 3574 2411 1695 3869 2801 130 126 3320 4301 1572 1237 3210 5776 3760 3347 1556 3677 3095 3390 2458 1571 3518 5275 3484 2399 5653 0
EOF