NAME : tsp_problem
TYPE : TSP
DIMENSION : 52
EDGE_WEIGHT_TYPE : EXPLICIT
EDGE_WEIGHT_FORMAT : FULL_MATRIX
EDGE_WEIGHT_SECTION
0 4306 3700 1081 2522 3243 2942 3157 3508 3065 3843 4253 1130 3371 3046 3703 3241 3815 2562 2087 3291 2387 3705 2315 3704 3180 2544 2475 4107 4395 2189 3513 4118 3192 1054 3382 3627 2439 3258 3128 2588 3128 2916 3252 4234 2179 43 3790 4192 1451 3283 2575
4306 0 1462 4013 3030 1098 1502 2002 2352 1325 866 933 4063 1134 1493 4360 1096 528 3044 2495 2135 2072 1045 2687 1466 2410 1939 3089 3003 2654 3567 852 3014 2470 3987 2237 1312 2200 1113 1319 2094 2458 1719 1456 730 3591 4310 607 899 4095 1156 3541
3700 1462 0 3075 1610 1758 2163 2662 3012 1985 684 1095 2987 1795 2153 2939 1756 1188 1624 1889 2795 2732 1705 2994 47 989 2599 1669 3663 1233 2147 1513 3675 1049 3075 817 1973 1317 1773 1979 1173 1038 2380 2117 1268 2171 3704 1267 1034 2674 1816 2120
1081 4013 3075 0 1514 2950 2649 2865 3215 2772 3550 3960 122 3078 2753 3583 2948 3522 1554 1794 2998 2094 3412 2022 3070 2172 2251 1467 3815 3387 1181 3220 3827 2184 73 2374 3334 2146 2965 2835 2295 2120 2623 2959 3941 1170 1085 3497 3899 442 2990 2764
2522 3030 1610 1514 0 3327 3731 4230 4581 3553 2253 2663 1426 3363 3721 2118 3325 2757 89 3236 4364 3536 3273 3464 1605 707 3693 108 5232 1922 586 3081 5243 719 1514 909 3541 2886 3341 3547 2742 655 3948 3685 2837 609 2526 2836 2602 1113 3384 1299
3243 1098 1758 2950 3327 0 423 922 1273 262 1162 1229 3000 163 430 4656 20 607 3341 1432 1056 992 497 1608 1762 2706 859 3386 1924 2950 3864 305 1935 2766 2924 2534 688 1138 33 239 1287 2754 640 377 1026 3887 3248 582 1195 3321 76 3837
2942 1502 2163 2649 3731 423 0 533 884 666 1566 1633 2699 567 834 5060 424 1011 3745 1836 667 603 902 1219 2167 3110 470 3790 1535 3354 3758 709 1546 3170 2622 2938 719 1542 426 220 1691 3159 251 344 1430 3747 2946 986 1599 3019 375 4241
3157 2002 2662 2865 4230 922 533 0 381 1165 2066 2132 2914 1066 1333 5559 923 1510 4244 2224 164 819 1401 1435 2666 3610 686 4259 1032 3854 3973 1209 1044 3669 2838 3437 1218 2041 925 720 2190 3658 317 843 1930 3963 3162 1485 2099 3235 875 4740
3508 2352 3012 3215 4581 1273 884 381 0 1516 2416 2483 3265 1417 1684 5910 1273 1861 4595 2574 261 1169 1751 1785 3016 3960 1036 4609 1273 4204 4324 1559 1285 4020 3188 3788 1569 2391 1276 1070 2541 4008 667 1193 2280 4313 3512 1836 2449 3585 1225 5091
3065 1325 1985 2772 3553 262 666 1165 1516 0 1389 1455 2822 389 251 4882 260 833 3567 1254 1299 1235 724 1851 1989 2933 1102 3612 2167 3177 3881 532 2178 2992 2745 2760 931 959 276 482 1108 2981 883 620 1253 3870 3069 808 1422 3142 319 4063
3843 866 684 3550 2253 1162 1566 2066 2416 1389 0 499 3600 1198 1557 3582 1160 592 2267 2031 2199 2136 1109 2751 688 1632 2003 2312 3067 1876 2789 917 3079 1692 3523 1459 1377 1460 1177 1383 1316 1680 1784 1521 672 2813 3847 671 438 3317 1220 2763
4253 933 1095 3960 2663 1229 1633 2132 2483 1455 499 0 4010 1265 1624 3993 1227 659 2677 2442 2266 2203 1176 2818 1099 2043 2070 2722 3134 2287 3200 983 3145 2102 3934 1870 1443 1871 1243 1449 1727 2091 1850 1587 739 3224 4258 738 585 3728 1287 3173
1130 4063 2987 122 1426 3000 2699 2914 3265 2822 3600 4010 0 3128 2803 3496 2998 3572 1466 1844 3048 2144 3462 2072 2982 2084 2301 1379 3865 3299 1094 3270 3877 2096 123 2286 3384 2196 3015 2885 2345 2033 2673 3009 3991 1083 1135 3547 3949 355 3040 2677
3371 1134 1795 3078 3363 163 567 1066 1417 389 1198 1265 3128 0 557 4692 161 643 3377 1560 1200 1136 534 1752 1799 2742 1003 3422 2068 2986 3900 341 2079 2802 3051 2570 801 1265 177 383 1415 2791 784 521 1062 3924 3375 618 1232 3448 220 3873
3046 1493 2153 2753 3721 430 834 1333 1684 251 1557 1624 2803 557 0 5051 428 1002 3735 1235 1467 1404 892 2019 2157 3101 1271 3780 2335 3345 3862 700 2346 3161 2727 2928 1099 940 444 650 1090 3149 1051 788 1421 3851 3050 977 1590 3123 488 4232
3703 4360 2939 3583 2118 4656 5060 5559 5910 4882 3582 3993 3496 4692 5051 0 4654 4086 2132 4786 5693 5606 4603 5534 2934 2036 5497 2177 6561 3251 2655 4410 6572 2048 3584 2238 4870 4215 4670 4876 4071 1984 5277 5014 4166 2679 3693 4165 3931 3183 4714 1189
3241 1096 1756 2948 3325 20 424 923 1273 260 1160 1227 2998 161 428 4654 0 605 3339 1430 1056 993 495 1609 1760 2704 860 3384 1924 2948 3862 303 1936 2764 2922 2532 689 1136 34 240 1285 2752 641 378 1024 3885 3246 580 1193 3319 77 3835
3815 528 1188 3522 2757 607 1011 1510 1861 833 592 659 3572 643 1002 4086 605 0 2771 2004 1644 1581 554 2196 1192 2136 1448 2816 2512 2380 3293 361 2523 2196 3495 1963 821 1709 621 827 1820 2184 1228 965 456 3317 3819 138 625 3821 665 3267
2562 3044 1624 1554 89 3341 3745 4244 4595 3567 2267 2677 1466 3377 3735 2132 3339 2771 0 3276 4378 3576 3287 3504 1619 721 3733 148 5246 1936 626 3095 5257 733 1554 923 3555 2900 3355 3561 2756 669 3962 3699 2851 650 2566 2850 2616 1153 3398 1313
2087 2495 1889 1794 3236 1432 1836 2224 2574 1254 2031 2442 1844 1560 1235 4786 1430 2004 3276 0 2357 1454 1894 1382 1893 2837 1611 3189 3194 3081 2903 1702 3205 2896 1768 2664 2101 627 1447 1653 777 2885 1983 1790 2423 2892 2092 1979 2381 2165 1490 3967
3291 2135 2795 2998 4364 1056 667 164 261 1299 2199 2266 3048 1200 1467 5693 1056 1644 4378 2357 0 952 1534 1568 2799 3743 819 4392 1056 3987 4107 1342 1068 3803 2971 3571 1352 2174 1059 853 2324 3791 450 976 2063 4096 3295 1619 2232 3368 1008 4874
2387 2072 2732 2094 3536 992 603 819 1169 1235 2136 2203 2144 1136 1404 5606 993 1581 3576 1454 952 0 1471 664 2736 3680 206 3489 1789 3924 3203 1279 1800 3739 2068 3507 1289 1805 996 790 1954 3728 578 913 2000 3192 2392 1556 2169 2465 945 4786
3705 1045 1705 3412 3273 497 902 1401 1751 724 1109 1176 3462 534 892 4603 495 554 3287 1894 1534 1471 0 2087 1709 2653 1338 3332 2402 2897 3810 215 2414 2712 3386 2480 299 1600 512 718 1749 2701 1119 856 973 3834 3710 529 1142 3783 555 3783
2315 2687 2994 2022 3464 1608 1219 1435 1785 1851 2751 2818 2072 1752 2019 5534 1609 2196 3504 1382 1568 664 2087 0 2998 3942 821 3417 2404 4186 3131 1894 2416 4002 1996 3769 1904 1733 1611 1405 1882 3990 1193 1529 2615 3120 2320 2171 2785 2393 1560 4715
3704 1466 47 3070 1605 1762 2167 2666 3016 1989 688 1099 2982 1799 2157 2934 1760 1192 1619 1893 2799 2736 1709 2998 0 984 2603 1664 3667 1228 2142 1517 3679 1044 3070 812 1977 1322 1777 1983 1177 1033 2384 2121 1272 2166 3708 1272 1038 2669 1820 2115
3180 2410 989 2172 707 2706 3110 3610 3960 2933 1632 2043 2084 2742 3101 2036 2704 2136 721 2837 3743 3680 2653 3942 984 0 3547 766 4611 1301 1243 2460 4622 167 2172 288 2920 2265 2721 2926 2121 134 3327 3064 2216 1267 3184 2215 1981 1771 2764 1217
2544 1939 2599 2251 3693 859 470 686 1036 1102 2003 2070 2301 1003 1271 5497 860 1448 3733 1611 819 206 1338 821 2603 3547 0 3646 1656 3791 3360 1146 1667 3606 2225 3374 1156 1962 863 657 2111 3595 445 780 1867 3349 2549 1423 2036 2622 812 4677
2475 3089 1669 1467 108 3386 3790 4259 4609 3612 2312 2722 1379 3422 3780 2177 3384 2816 148 3189 4392 3489 3332 3417 1664 766 3646 0 5210 1981 539 3140 5221 778 1467 968 3600 2945 3400 3606 2801 714 4007 3744 2896 562 2479 2895 2661 1066 3443 1358
4109 3000 3661 3821 5229 1921 1532 1030 1271 2164 3064 3131 3870 2065 2332 6558 1922 2509 5243 3193 1054 1788 2400 2404 3665 4608 1655 5215 0 4852 4929 2207 101 4668 3794 4436 2217 3040 1924 1718 3189 4657 1315 1842 2928 4919 4114 2484 3097 4191 1873 5739
4395 2654 1233 3387 1922 2950 3354 3854 4204 3177 1876 2287 3299 2986 3345 3251 2948 2380 1936 3081 3987 3924 2897 4186 1228 1301 3791 1981 4855 0 2459 2704 4866 1361 3387 1129 3164 2509 2965 3170 2365 1349 3571 3308 2460 2482 4399 2459 2225 2986 3008 2432
2189 3567 2147 1181 586 3864 3758 3973 4324 3881 2789 3200 1094 3900 3862 2655 3862 3293 626 2903 4107 3203 3810 3131 2142 1243 3360 539 4924 2459 0 3618 4936 1256 1182 1446 4078 3254 3878 3944 3278 1192 3732 4067 3373 304 2194 3373 3139 780 3921 1836
3513 852 1513 3220 3081 305 709 1209 1559 532 917 983 3270 341 700 4410 303 361 3095 1702 1342 1279 215 1894 1517 2460 1146 3140 2210 2704 3618 0 2221 2520 3193 2288 483 1407 320 525 1557 2509 926 663 780 3642 3517 336 950 3590 363 3591
4121 3012 3672 3832 5240 1932 1543 1041 1282 2175 3076 3143 3882 2076 2344 6570 1933 2521 5254 3204 1065 1800 2411 2415 3676 4620 1667 5226 101 4864 4941 2219 0 4679 3805 4447 2229 3051 1936 1730 3201 4668 1327 1853 2940 4930 4125 2496 3109 4202 1885 5750
3192 2470 1049 2184 719 2766 3170 3669 4020 2992 1692 2102 2096 2802 3161 2048 2764 2196 733 2896 3803 3739 2712 4002 1044 167 3606 778 4671 1361 1256 2520 4682 0 2184 348 2980 2325 2780 2986 2181 147 3387 3124 2276 1280 3197 2275 2041 1783 2823 1229
1054 3987 3075 73 1514 2924 2622 2838 3188 2745 3523 3934 123 3051 2727 3584 2922 3495 1554 1768 2971 2068 3386 1996 3070 2172 2225 1467 3789 3387 1182 3193 3800 2184 0 2374 3308 2119 2938 2809 2268 2121 2597 2932 3915 1171 1058 3470 3873 443 2964 2765
3382 2237 817 2374 909 2534 2938 3437 3788 2760 1459 1870 2286 2570 2928 2238 2532 1963 923 2664 3571 3507 2480 3769 812 288 3374 968 4439 1129 1446 2288 4450 348 2374 0 2748 2093 2548 2754 1948 337 3155 2892 2044 1470 3387 2043 1809 1973 2591 1419
3627 1312 1973 3334 3541 688 719 1218 1569 931 1377 1443 3384 801 1099 4870 689 821 3555 2101 1352 1289 299 1904 1977 2920 1156 3600 2220 3164 4078 483 2231 2980 3308 2748 0 1807 691 535 1956 2969 936 673 1240 4102 3631 796 1410 3704 640 4051
2439 2200 1317 2146 2886 1138 1542 2041 2391 959 1460 1871 2196 1265 940 4215 1136 1709 2900 627 2174 1805 1600 1733 1322 2265 1962 2945 3043 2509 3254 1407 3054 2325 2119 2093 1807 0 1152 1358 205 2313 1759 1496 2044 3244 2443 1684 1810 2516 1195 3396
3258 1113 1773 2965 3341 33 426 925 1276 276 1177 1243 3015 177 444 4670 34 621 3355 1447 1059 996 512 1611 1777 2721 863 3400 1927 2965 3878 320 1938 2780 2938 2548 691 1152 0 242 1302 2769 643 380 1041 3902 3262 597 1210 3335 80 3851
3128 1319 1979 2835 3547 239 220 720 1070 482 1383 1449 2885 383 650 4876 240 827 3561 1653 853 790 718 1405 1983 2926 657 3606 1721 3170 3944 525 1733 2986 2809 2754 535 1358 242 0 1507 2975 438 215 1246 3933 3133 802 1416 3206 192 4057
2588 2094 1173 2295 2742 1287 1691 2190 2541 1108 1316 1727 2345 1415 1090 4071 1285 1820 2756 777 2324 1954 1749 1882 1177 2121 2111 2801 3192 2365 3278 1557 3203 2181 2268 1948 1956 205 1302 1507 0 2169 1908 1645 1900 3302 2592 1834 1665 2665 1345 3252
3128 2458 1038 2120 655 2754 3159 3658 4008 2981 1680 2091 2033 2791 3149 1984 2752 2184 669 2885 3791 3728 2701 3990 1033 134 3595 714 4659 1349 1192 2509 4671 147 2121 337 2969 2313 2769 2975 2169 0 3376 3113 2264 1216 3133 2263 2030 1719 2812 1165
2916 1719 2380 2623 3948 640 251 317 667 883 1784 1850 2673 784 1051 5277 641 1228 3962 1983 450 578 1119 1193 2384 3327 445 4007 1318 3571 3732 926 1330 3387 2597 3155 936 1759 643 438 1908 3376 0 561 1647 3721 2921 1203 1817 2994 592 4458
3252 1456 2117 2959 3685 377 344 843 1193 620 1521 1587 3009 521 788 5014 378 965 3699 1790 976 913 856 1529 2121 3064 780 3744 1845 3308 4067 663 1856 3124 2932 2892 673 1496 380 215 1645 3113 561 0 1384 4057 3256 940 1554 3329 329 4195
4234 730 1268 3941 2837 1026 1430 1930 2280 1253 672 739 3991 1062 1421 4166 1024 456 2851 2423 2063 2000 973 2615 1272 2216 1867 2896 2931 2460 3373 780 2942 2276 3915 2044 1240 2044 1041 1246 1900 2264 1647 1384 0 3397 4238 535 705 3901 1084 3347
2179 3591 2171 1170 609 3887 3747 3963 4313 3870 2813 3224 1083 3924 3851 2679 3885 3317 650 2892 4096 3192 3834 3120 2166 1267 3349 562 4913 2482 304 3642 4925 1280 1171 1470 4102 3244 3902 3933 3302 1216 3721 4057 3397 0 2183 3396 3163 770 3945 1860
43 4310 3704 1085 2526 3248 2946 3162 3512 3069 3847 4258 1135 3375 3050 3693 3246 3819 2566 2092 3295 2392 3710 2320 3708 3184 2549 2479 4111 4399 2194 3517 4122 3197 1058 3387 3631 2443 3262 3133 2592 3133 2921 3256 4238 2183 0 3794 4196 1455 3288 2565
3790 607 1267 3497 2836 582 986 1485 1836 808 671 738 3547 618 977 4165 580 138 2850 1979 1619 1556 529 2171 1272 2215 1423 2895 2487 2459 3373 336 2498 2275 3470 2043 796 1684 597 802 1834 2263 1203 940 535 3396 3794 0 704 3867 640 3346
4192 899 1034 3899 2602 1195 1599 2099 2449 1422 438 585 3949 1232 1590 3931 1193 625 2616 2381 2232 2169 1142 2785 1038 1981 2036 2661 3100 2225 3139 950 3112 2041 3873 1809 1410 1810 1210 1416 1665 2030 1817 1554 705 3163 4196 704 0 3666 1253 3112
1451 4095 2674 442 1113 3321 3019 3235 3585 3142 3317 3728 355 3448 3123 3183 3319 3821 1153 2165 3368 2465 3783 2393 2669 1771 2622 1066 4186 2986 780 3590 4197 1783 443 1973 3704 2516 3335 3206 2665 1719 2994 3329 3901 770 1455 3867 3666 0 3361 2364
3283 1156 1816 2990 3384 76 375 875 1225 319 1220 1287 3040 220 488 4714 77 665 3398 1490 1008 945 555 1560 1820 2764 812 3443 1876 3008 3921 363 1888 2823 2964 2591 640 1195 80 192 1345 2812 592 329 1084 3945 3288 640 1253 3361 0 3894
2575 3541 2120 2764 1299 3837 4241 4740 5091 4063 2763 3173 2677 3873 4232 1189 3835 3267 1313 3967 4874 4786 3783 4715 2115 1217 4677 1358 5742 2432 1836 3591 5753 1229 2765 1419 4051 3396 3851 4057 3252 1165 4458 4195 3347 1860 2565 3346 3112 2364 3894 0
EOF