NAME : tsp_problem
TYPE : TSP
DIMENSION : 38
EDGE_WEIGHT_TYPE : EXPLICIT
EDGE_WEIGHT_FORMAT : FULL_MATRIX
EDGE_WEIGHT_SECTION
0 1904 3464 269 2124 3315 2336 976 1713 1895 2064 1700 3269 1852 3473 1477 651 2134 1989 3624 2085 1534 921 1351 788 3426 2054 1451 2076 1254 196 3130 2787 1685 2805 3256 3513 3140
1904 0 2679 1709 3046 1439 3258 1226 3464 3646 187 1579 2694 2773 2486 1273 1483 3886 2911 2326 1345 815 2516 1082 1156 2545 2975 936 2998 704 2051 3047 911 3436 929 1379 2500 3023
3464 2679 0 3683 5520 1267 5732 3878 1785 1603 2525 4230 247 5247 242 3925 4066 2322 5385 392 2730 3466 2756 3734 3808 195 5449 3587 5472 3356 3363 600 1828 1822 1811 1384 282 576
269 1709 3683 0 1929 3120 2140 780 1932 2114 1868 1505 3489 1656 3693 1281 456 2354 1794 3843 2304 1338 1141 1156 592 3646 1858 1255 1881 1058 415 3349 2591 1905 2609 3060 3733 3360
2144 3064 5546 1949 0 4474 506 2135 3795 3977 3223 2859 5352 674 5522 2636 1620 4111 324 5362 3676 2693 3016 2511 1947 5508 123 2610 91 2413 2291 5212 3946 3767 3964 4415 5536 5223
3315 1439 1267 3120 4457 0 4668 2637 2819 2638 1284 2990 1281 4184 1074 2684 2894 3357 4322 914 1489 2226 2660 2493 2567 1133 4386 2346 4409 2115 3423 1634 587 2856 571 143 1087 1611
2356 3276 5758 2160 506 4686 0 2347 4007 4189 3435 3071 5563 886 5734 2848 1831 4322 459 5574 3888 2905 3228 2722 2159 5720 584 2822 550 2625 2503 5424 4158 3979 4176 4627 5748 5435
976 1226 3878 780 2117 2637 2329 0 2640 2822 1385 1022 3892 1845 3685 799 555 3028 1982 3525 1839 856 1848 673 228 3744 2047 773 2069 576 1123 4057 2109 2612 2127 2578 3699 4067
1713 3464 1785 1932 3769 2819 3981 2640 0 216 3309 3364 1591 3496 1794 2445 2315 571 3634 1945 2169 3093 1005 3015 2452 1747 3698 3115 3721 2813 1612 1451 3080 71 3098 2937 1834 1462
1895 3646 1603 2114 3951 2638 4163 2822 216 0 3492 3546 1409 3678 1613 2627 2497 753 3816 1763 2351 3275 1188 3197 2634 1566 3880 3297 3903 2995 1794 1269 3199 253 3182 2755 1653 1280
2064 187 2525 1868 3205 1284 3417 1385 3309 3492 0 1738 2539 2932 2332 1433 1643 3731 3070 2171 1190 974 2361 1242 1315 2391 3134 1095 3157 864 2210 2892 756 3282 774 1224 2345 2868
1700 1579 4230 1505 2842 2990 3053 1022 3364 3546 1738 0 4245 2569 4037 1459 1279 3753 2707 3877 2498 795 2572 563 952 4096 2771 663 2794 1098 1847 4598 2462 3336 2480 2930 4051 4574
3269 2694 247 3489 5326 1281 5538 3892 1591 1409 2539 4245 0 5053 256 3940 3872 2128 5191 407 2745 3481 2562 3749 3822 209 5255 3602 5278 3371 3168 406 1842 1628 1826 1399 296 382
1851 2770 5253 1655 625 4181 837 1842 3501 3684 2929 2566 5058 0 5229 2343 1326 3817 490 5069 3382 2400 2723 2217 1654 5215 554 2317 577 2119 1998 4919 3653 3474 3671 4122 5243 4929
3473 2486 242 3693 5505 1074 5716 3685 1794 1613 2332 4037 256 5232 0 3732 3942 2332 5370 199 2537 3273 2766 3541 3615 108 5434 3394 5457 3163 3372 609 1635 1832 1618 1191 89 586
1477 1273 3925 1281 2618 2684 2830 799 2445 2627 1433 1459 3940 2346 3732 0 1056 2867 2484 3572 1294 903 1497 1110 729 3791 2548 1024 2571 623 1624 3862 2156 2417 2174 2625 3746 3873
651 1483 4066 456 1602 2894 1814 555 2315 2497 1643 1279 3872 1329 3942 1056 0 2704 1467 3782 2096 1113 1523 930 367 4001 1531 1030 1554 833 798 3732 2366 2288 2384 2835 3956 3743
2918 4670 3106 3138 4905 4141 5117 3803 1355 1537 4515 4528 2912 4632 3116 3651 3479 0 4770 3266 3375 4299 2211 4179 3616 3069 4834 4279 4857 4019 2817 2772 4286 1328 4304 4258 3156 2783
2010 2929 5411 1814 324 4340 459 2000 3660 3842 3088 2725 5217 540 5388 2501 1485 3976 0 5227 3541 2558 2882 2376 1813 5374 253 2476 276 2278 2156 5077 3812 3633 3830 4280 5401 5088
3624 2326 392 3843 5344 914 5556 3525 1945 1763 2171 3877 407 5072 199 3572 3782 2482 5209 0 2377 3113 2917 3381 3455 258 5274 3234 5296 3003 3523 760 1475 1982 1458 1031 213 736
2085 1345 2730 2304 3658 1489 3870 1839 2169 2351 1190 2498 2745 3385 2537 1294 2096 2591 3523 2377 0 1942 1221 2149 1768 2596 3587 2063 3610 1662 1984 3098 961 2142 979 1430 2551 3074
1534 815 3466 1338 2675 2226 2887 856 3093 3275 974 795 3481 2402 3273 903 1113 3515 2540 3113 1942 0 2145 299 785 3332 2604 152 2627 334 1680 3834 1697 3066 1715 2166 3287 3810
921 2516 2756 1141 2996 2660 3208 1848 1005 1188 2361 2572 2562 2724 2766 1497 1523 1427 2861 2917 1221 2145 0 2223 1660 2719 2926 2266 2949 1865 820 2423 2132 978 2150 2601 2806 2433
1351 1082 3734 1156 2493 2493 2704 673 3015 3197 1242 563 3749 2220 3541 1110 930 3404 2358 3381 2149 299 2223 0 603 3600 2422 166 2445 601 1498 4102 1965 2988 1983 2434 3555 4078
788 1156 3808 592 1930 2567 2141 228 2452 2634 1315 952 3822 1657 3615 729 367 2841 1795 3455 1768 785 1660 603 0 3674 1859 703 1882 505 935 3869 2039 2424 2057 2507 3628 3880
3426 2545 195 3646 5483 1133 5694 3744 1747 1566 2391 4096 209 5210 108 3791 4001 2285 5348 258 2596 3332 2719 3600 3674 0 5412 3453 5435 3222 3325 562 1694 1784 1677 1250 148 539
2073 2993 5475 1878 123 4404 584 2064 3724 3906 3152 2789 5281 603 5451 2565 1549 4040 253 5291 3605 2622 2946 2440 1876 5437 0 2539 75 2342 2220 5141 3875 3696 3893 4344 5465 5152
1451 936 3587 1255 2593 2346 2804 773 3115 3297 1095 663 3602 2320 3394 1024 1030 3504 2458 3234 2063 152 2266 166 703 3453 2522 0 2545 454 1598 3955 1818 3087 1836 2287 3408 3931
2096 3016 5498 1901 91 4427 550 2087 3747 3929 3175 2812 5304 626 5474 2588 1572 4063 276 5314 3628 2645 2968 2463 1899 5460 75 2562 0 2365 2243 5164 3898 3719 3916 4367 5488 5175
1254 704 3356 1058 2395 2115 2607 576 2813 2995 864 1098 3371 2122 3163 623 833 3235 2260 3003 1662 334 1865 601 505 3222 2324 454 2347 0 1400 3724 1587 2786 1605 2056 3177 3700
196 2051 3363 415 2271 3423 2483 1123 1612 1794 2210 1847 3168 1998 3372 1624 798 2033 2136 3523 1984 1680 820 1498 935 3325 2200 1598 2223 1400 0 3029 2895 1584 2913 3363 3412 3039
3130 3047 600 3349 5186 1634 5398 4057 1451 1269 2892 4598 406 4913 609 3862 3732 1988 5051 760 3098 3834 2423 4102 3869 562 5115 3955 5138 3724 3029 0 2196 1488 2179 1752 649 304
2787 911 1828 2591 3929 587 4140 2109 3080 3199 756 2462 1842 3656 1635 2156 2366 3502 3794 1475 961 1697 2132 1965 2039 1694 3858 1818 3881 1587 2895 2196 0 3053 86 528 1649 2172
1685 3436 1822 1905 3742 2856 3953 2612 71 253 3282 3336 1628 3469 1832 2417 2288 544 3607 1982 2142 3066 978 2988 2424 1784 3671 3087 3694 2786 1584 1488 3053 0 3071 2974 1871 1499
2805 929 1811 2609 3947 571 4158 2127 3098 3182 774 2480 1826 3674 1618 2174 2384 3520 3812 1458 979 1715 2150 1983 2057 1677 3876 1836 3899 1605 2913 2179 86 3071 0 511 1632 2155
3256 1379 1384 3060 4397 143 4609 2578 2937 2755 1224 2930 1399 4124 1191 2625 2835 3474 4262 1031 1430 2166 2601 2434 2507 1250 4326 2287 4349 2056 3363 1752 528 2974 511 0 1205 1728
3513 2500 282 3733 5518 1087 5730 3699 1834 1653 2345 4051 296 5245 89 3746 3956 2372 5383 213 2551 3287 2806 3555 3628 148 5447 3408 5470 3177 3412 649 1649 1871 1632 1205 0 625
3140 3023 576 3360 5197 1611 5409 4067 1462 1280 2868 4574 382 4924 586 3873 3743 1999 5062 736 3074 3810 2433 4078 3880 539 5126 3931 5149 3700 3039 304 2172 1499 2155 1728 625 0
EOF