NAME : tsp_problem
TYPE : TSP
DIMENSION : 36
EDGE_WEIGHT_TYPE : EXPLICIT
EDGE_WEIGHT_FORMAT : FULL_MATRIX
EDGE_WEIGHT_SECTION
0 984 1120 1743 949 944 935 798 759 818 791 819 1247 1163 797 531 1202 787 1209 883 698 661 701 689 1271 1154 1628 1111 825 1304 826 792 1112 1606 808 1111
984 0 1630 1300 1521 1444 1573 407 367 377 318 346 1453 1544 399 602 1503 314 1289 410 1427 1390 423 461 1465 1234 1001 291 352 1265 1549 401 1192 787 334 1191
1120 1630 0 2102 378 372 220 1663 1624 1683 1656 1684 192 108 1662 1396 147 1651 2073 1748 1076 690 1362 1400 217 2019 1803 1575 1690 2067 340 1657 1977 1588 1672 1976
1733 1300 2102 0 1993 1916 2045 1542 1501 1512 1453 1481 1925 2016 1534 1245 1975 1448 599 1545 1917 2138 1558 1596 1936 694 429 1084 1487 509 2021 1536 710 590 1469 866
949 1521 378 1993 0 202 193 1492 1453 1512 1485 1513 505 420 1491 1225 460 1481 1903 1577 967 519 1253 1291 522 1848 1694 1466 1519 1958 169 1486 1806 1480 1502 1805
944 1444 372 1916 202 0 187 1487 1447 1507 1479 1508 434 415 1485 1220 454 1475 1897 1572 890 514 1176 1214 446 1842 1617 1389 1514 1882 164 1481 1801 1403 1496 1800
935 1573 220 2045 193 187 0 1478 1439 1498 1471 1499 346 262 1477 1211 301 1467 1888 1563 1019 505 1305 1343 371 1834 1746 1518 1505 1983 155 1472 1792 1532 1487 1791
798 407 1663 1542 1492 1487 1478 0 182 52 116 87 1604 1694 31 416 1653 121 1103 121 1241 1204 573 611 1615 1048 1243 533 80 1198 1369 26 1006 1029 99 1005
759 367 1624 1501 1453 1447 1439 182 0 202 173 202 1563 1653 181 376 1613 169 1063 265 1201 1164 533 571 1574 1009 1203 493 207 1158 1329 176 967 988 190 966
818 377 1683 1512 1512 1507 1498 52 202 0 85 55 1573 1664 50 435 1623 89 1123 89 1261 1224 543 581 1585 1068 1213 503 49 1217 1388 46 1026 998 67 1025
791 318 1656 1453 1485 1479 1471 116 173 85 0 84 1514 1605 107 408 1564 76 1095 118 1233 1196 484 522 1525 1041 1154 444 78 1190 1361 110 999 939 96 998
819 346 1684 1481 1513 1508 1499 87 202 55 84 0 1543 1633 77 437 1592 89 1124 88 1262 1225 512 550 1554 1069 1182 472 48 1219 1390 80 1027 968 66 1026
1247 1453 192 1925 505 434 346 1604 1563 1573 1514 1543 0 106 1596 1523 66 1510 1981 1607 900 817 1185 1223 66 2075 1626 1399 1549 1891 467 1598 2091 1412 1531 2103
1163 1544 108 2016 420 415 262 1694 1653 1664 1605 1633 106 0 1686 1439 104 1600 2071 1697 990 733 1276 1314 131 2061 1717 1489 1639 1981 382 1688 2019 1502 1621 2018
797 399 1662 1534 1491 1485 1477 31 181 50 107 77 1596 1686 0 414 1645 112 1101 111 1239 1202 565 603 1607 1047 1235 525 71 1196 1367 25 1005 1021 89 1004
531 602 1396 1256 1225 1220 1211 416 376 435 408 437 1523 1439 414 0 1478 404 721 500 974 937 768 769 1547 667 1141 728 442 816 1101 409 625 1223 425 624
1202 1503 147 1975 460 454 301 1653 1613 1623 1564 1592 66 104 1645 1478 0 1560 2031 1656 949 772 1235 1273 90 2101 1676 1448 1598 1940 422 1647 2059 1462 1581 2058
787 314 1651 1448 1481 1475 1467 121 169 89 76 89 1510 1600 112 404 1560 0 1091 123 1229 1192 480 517 1521 1036 1149 440 83 1186 1357 115 995 935 93 994
1209 1289 2073 610 1903 1897 1888 1103 1063 1123 1095 1124 1991 2082 1101 721 2041 1091 0 1188 1651 1614 1455 1446 2003 169 495 1150 1130 170 1779 1097 185 656 1112 342
883 410 1748 1545 1577 1572 1563 121 265 89 118 88 1607 1697 111 500 1656 123 1188 0 1326 1289 576 614 1618 1133 1246 536 82 1283 1453 114 1091 1032 100 1090
698 1427 1076 1917 967 890 1019 1241 1201 1261 1233 1262 900 990 1239 974 949 1229 1651 1326 0 887 1144 1131 911 1596 1619 1391 1268 1746 996 1235 1555 1404 1250 1554
661 1390 690 2149 519 514 505 1204 1164 1224 1196 1225 817 733 1202 937 772 1192 1614 1289 887 0 1107 1094 841 1559 2034 1516 1231 1709 396 1198 1518 1858 1213 1517
701 423 1362 1558 1253 1176 1305 573 533 543 484 512 1185 1276 565 768 1235 480 1455 576 1144 1107 0 193 1197 1400 1259 549 518 1523 1271 567 1358 1044 500 1357
689 461 1400 1596 1291 1214 1343 611 571 581 522 550 1223 1314 603 769 1273 517 1446 614 1131 1094 193 0 1235 1392 1297 587 556 1541 1259 605 1350 1082 538 1349
1271 1465 217 1936 522 446 371 1615 1574 1585 1525 1554 66 131 1607 1547 90 1521 1992 1618 911 841 1197 1235 0 2086 1638 1410 1560 1902 491 1609 2103 1423 1542 2127
1154 1234 2019 704 1848 1842 1834 1048 1009 1068 1041 1069 2085 2061 1047 667 2101 1036 169 1133 1596 1559 1400 1392 2097 0 589 1244 1075 264 1724 1042 154 750 1057 287
1618 1001 1803 429 1694 1617 1746 1243 1203 1213 1154 1182 1626 1717 1235 1130 1676 1149 484 1246 1619 2023 1259 1297 1638 579 0 785 1188 394 1722 1237 595 291 1170 751
1111 291 1575 1084 1466 1389 1518 533 493 503 444 472 1399 1489 525 728 1448 440 1140 536 1391 1516 549 587 1410 1234 785 0 478 1049 1494 527 1250 571 461 1317
825 352 1690 1487 1519 1514 1505 80 207 49 78 48 1549 1639 71 442 1598 83 1130 82 1268 1231 518 556 1560 1075 1188 478 0 1225 1395 74 1033 974 60 1032
1304 1276 2077 519 1969 1892 1983 1198 1158 1217 1190 1219 1901 1991 1196 816 1951 1186 170 1283 1746 1709 1533 1541 1912 264 404 1060 1225 0 1874 1192 280 566 1207 437
826 1549 340 2021 169 164 155 1369 1329 1388 1361 1390 467 382 1367 1101 422 1357 1779 1453 996 396 1271 1259 491 1724 1722 1494 1395 1874 0 1362 1682 1508 1378 1681
792 401 1657 1536 1486 1481 1472 26 176 46 110 80 1598 1688 25 409 1647 115 1097 114 1235 1198 567 605 1609 1042 1237 527 74 1192 1362 0 1000 1023 93 999
1112 1192 1977 720 1806 1801 1792 1006 967 1026 999 1027 2102 2019 1005 625 2059 995 185 1091 1555 1518 1358 1350 2113 154 605 1260 1033 280 1682 1000 0 767 1015 245
1606 787 1588 590 1480 1403 1532 1029 988 998 939 968 1412 1502 1021 1223 1462 935 646 1032 1404 1858 1044 1082 1423 740 291 571 974 556 1508 1023 756 0 956 913
808 334 1672 1469 1502 1496 1487 99 190 67 96 66 1531 1621 89 425 1581 93 1112 100 1250 1213 500 538 1542 1057 1170 461 60 1207 1378 93 1015 956 0 1015
1111 1191 1976 876 1805 1800 1791 1005 966 1025 998 1026 2103 2018 1004 624 2058 994 342 1090 1554 1517 1357 1349 2127 287 761 1317 1032 437 1681 999 245 923 1015 0
EOF