NAME : tsp_problem
TYPE : TSP
DIMENSION : 20
EDGE_WEIGHT_TYPE : EXPLICIT
EDGE_WEIGHT_FORMAT : FULL_MATRIX
EDGE_WEIGHT_SECTION
0 823 1497 1503 1271 1287 1015 1501 1944 1122 1842 436 1814 1416 822 462 1380 434 1157 1869
823 0 1211 1217 976 932 406 1215 1589 1191 1911 943 1746 1212 891 1088 1430 967 1065 1703
1497 1211 0 62 706 745 955 66 1011 786 1506 1230 1168 119 1017 1614 381 1641 591 1125
1503 1217 62 0 712 751 961 61 1017 792 1512 1236 1174 125 1023 1620 387 1647 597 1131
1271 976 706 712 0 400 720 710 1229 994 1714 994 1386 625 791 1379 589 1416 366 1343
1287 932 745 751 400 0 676 749 1186 1034 1754 951 1343 665 830 1335 628 1426 405 1300
1015 406 955 961 720 676 0 959 1333 1384 1954 687 1490 956 1083 1071 1174 1160 809 1447
1501 1215 66 61 710 749 959 0 1015 790 1510 1234 1172 123 1021 1618 385 1645 595 1129
1934 1625 1047 1053 1265 1222 1369 1051 0 899 654 1643 190 1048 1579 2028 1266 2079 1354 147
1122 1191 786 792 994 1034 1384 790 933 0 807 1459 778 705 767 1387 505 1267 880 834
1842 1911 1506 1512 1714 1754 1944 1510 688 807 0 2179 534 1425 1488 2108 1225 1987 1600 589
436 943 1230 1236 994 951 687 1234 1608 1459 2179 0 1764 1231 1158 484 1449 575 1083 1722
1824 1746 1168 1174 1386 1343 1490 1172 234 789 544 1764 0 1169 1469 2089 1207 1969 1475 135
1416 1212 119 125 625 665 956 123 1012 705 1425 1231 1169 0 936 1615 300 1561 511 1126
822 891 1017 1023 791 830 1083 1021 1613 767 1488 1158 1459 936 0 1087 899 966 676 1514
462 1088 1614 1620 1379 1335 1071 1618 1992 1387 2108 484 2079 1615 1087 0 1645 149 1422 2106
1380 1430 381 387 589 628 1174 385 1230 505 1225 1449 1197 300 899 1645 0 1524 474 1252
434 967 1641 1647 1416 1426 1160 1645 2082 1267 1987 575 1958 1561 966 149 1524 0 1301 2013
1157 1065 591 597 366 405 809 595 1318 880 1600 1083 1475 511 676 1422 474 1301 0 1432
1879 1703 1125 1131 1343 1300 1447 1129 191 844 599 1722 135 1126 1524 2106 1262 2024 1432 0
EOF