NAME : tsp_problem
TYPE : TSP
DIMENSION : 74
EDGE_WEIGHT_TYPE : EXPLICIT
EDGE_WEIGHT_FORMAT : FULL_MATRIX
EDGE_WEIGHT_SECTION
0 548 768 1111 238 712 323 1310 194 168 443 704 71 1298 655 330 467 794 272 458 572 832 567 105 653 194 737 332 1035 193 467 286 579 961 674 596 911 331 693 1082 555 202 70 850 921 1113 610 622 876 768 1113 574 960 912 1211 352 554 1520 615 532 685 593 238 508 789 755 712 856 194 645 779 799 512 1113
548 0 546 602 435 192 320 1080 703 678 841 482 508 1076 908 262 275 572 649 857 611 726 317 614 218 704 342 448 667 703 274 684 617 452 1052 266 689 448 216 776 65 712 517 376 1082 604 250 318 547 546 604 63 1193 544 989 750 372 1023 727 912 381 632 435 409 394 1008 408 1108 703 423 557 1052 892 604
768 546 0 404 622 393 508 655 923 898 674 90 728 643 478 563 605 115 980 558 332 293 343 834 355 924 480 668 303 923 605 699 338 283 622 349 256 667 395 412 540 931 737 368 652 407 312 835 183 89 407 522 763 180 556 569 702 826 297 482 899 353 622 329 430 578 926 678 923 149 123 622 463 407
1108 599 418 0 988 435 874 636 1263 1238 1055 472 1067 649 860 821 834 386 1209 939 714 654 616 1174 516 1263 413 1007 432 1263 834 1081 720 216 1004 594 500 1007 514 342 593 1271 1077 302 846 32 547 877 312 410 32 575 956 309 601 951 931 579 679 864 941 735 988 695 363 960 968 918 1263 530 505 954 844 32
238 435 622 990 0 599 149 1164 393 367 531 558 197 1152 696 216 353 647 471 546 399 659 429 304 540 393 624 218 888 393 353 374 405 840 762 483 765 218 580 935 442 401 207 737 870 993 497 599 729 622 993 461 981 766 1064 440 450 1374 515 619 663 420 95 335 676 796 690 896 393 499 632 840 600 992
712 192 393 437 599 0 484 916 867 842 953 329 671 923 758 425 438 418 813 837 464 573 229 778 109 868 323 611 502 867 438 848 471 287 902 207 536 611 108 612 186 875 681 211 932 440 141 481 383 393 440 168 1043 380 835 849 535 859 577 762 545 485 599 322 273 858 572 958 867 270 403 901 742 440
323 320 508 877 149 484 0 1050 477 452 616 444 282 1038 663 199 336 534 556 631 365 625 307 388 418 478 604 303 775 477 336 458 372 727 807 362 651 303 458 822 327 486 292 651 836 879 375 579 615 508 879 346 947 652 951 525 433 1260 482 666 643 386 149 269 656 763 670 863 478 385 519 806 647 879
1310 1077 655 636 1164 913 1050 0 1465 1440 1216 632 1270 55 1020 1105 1147 681 1522 1100 874 581 885 1376 897 1466 892 1210 464 1465 1147 1241 880 695 1164 891 428 1210 937 399 1071 1474 1279 780 773 638 854 1356 630 655 638 1053 884 581 133 1112 1244 283 840 1024 1419 895 1164 871 842 938 1446 845 1465 691 565 881 1005 638
194 703 923 1266 393 867 477 1465 0 119 598 859 226 1453 810 485 622 949 223 613 727 987 722 178 808 41 892 486 1190 41 621 441 734 1115 829 751 1066 486 848 1237 710 153 224 1005 1076 1268 765 572 1030 923 1268 729 1115 1067 1366 507 505 1675 770 686 636 748 393 663 944 910 663 1010 41 800 934 954 667 1268
168 678 898 1240 367 842 452 1440 119 0 573 834 200 1428 785 459 567 923 147 588 702 962 697 153 783 120 867 461 1164 119 567 415 708 1090 804 725 1041 461 823 1211 685 127 199 979 1050 1243 740 497 1005 898 1243 704 1090 1042 1340 482 429 1650 744 661 560 723 367 638 919 885 587 985 119 775 908 928 642 1243
443 841 674 1042 531 953 616 1216 598 573 0 651 402 1204 295 623 760 699 676 159 594 704 822 509 915 599 1030 625 940 598 760 282 601 920 271 889 817 625 955 987 848 606 412 1006 561 1044 872 1006 781 674 1045 867 600 818 1116 184 857 1426 428 231 1069 615 531 739 1067 396 1096 496 598 709 684 439 250 1044
704 482 90 458 558 329 444 632 859 834 651 0 663 620 455 499 541 116 916 535 309 270 279 770 290 860 501 603 356 859 541 676 315 337 599 285 233 603 330 404 476 867 673 390 629 461 248 771 197 90 461 458 740 234 533 546 638 842 274 459 834 330 558 265 452 555 861 655 859 85 100 599 440 461
71 508 728 1070 197 671 282 1270 226 200 402 663 0 1258 615 289 426 753 304 417 532 792 527 137 613 226 697 291 994 225 426 245 538 920 634 555 871 291 653 1041 514 234 78 809 880 1072 570 653 835 728 1072 533 919 871 1170 311 523 1479 574 491 717 553 197 467 748 715 744 815 226 605 738 758 471 1072
1298 1076 643 649 1152 923 1038 55 1453 1428 1204 620 1258 0 1009 1093 1135 669 1510 1088 862 569 873 1364 885 1454 905 1198 452 1453 1135 1229 868 708 1153 879 416 1198 925 387 1070 1462 1267 793 761 651 842 1365 618 643 651 1052 872 569 121 1100 1232 296 828 1012 1429 883 1152 859 855 926 1456 833 1453 679 553 869 993 651
655 908 478 847 696 758 663 1020 810 785 295 455 615 1009 0 834 956 504 889 265 399 508 626 721 720 811 922 837 745 810 956 494 405 725 244 709 621 837 760 792 902 819 624 810 291 849 677 1195 586 478 849 884 331 622 921 365 1053 1230 233 188 1258 420 696 544 872 126 1285 226 810 514 489 169 207 849
330 262 563 824 216 425 199 1105 485 459 623 499 289 1093 834 0 180 588 554 638 537 743 360 395 367 485 451 229 829 484 180 465 543 674 854 309 706 229 407 876 268 493 299 563 1008 826 324 426 670 563 827 287 1119 706 1005 532 277 1246 653 711 489 558 216 324 502 934 516 1034 485 440 573 978 692 826
467 275 605 837 353 438 336 1147 622 567 760 541 426 1135 956 180 0 631 452 775 659 785 374 532 381 622 463 366 872 621 133 603 665 687 991 324 748 366 421 919 281 569 436 576 1130 839 338 333 712 605 839 300 1241 749 1048 669 174 1259 775 848 396 680 353 441 515 1056 423 1156 622 482 616 1099 829 839
794 572 115 372 647 418 534 681 949 923 699 116 753 669 504 588 631 0 1005 583 358 319 369 860 380 949 447 693 270 949 631 725 364 251 648 374 282 693 420 380 565 957 763 336 678 375 337 861 151 115 375 547 789 148 581 595 728 794 323 508 924 379 648 355 398 604 951 704 949 174 149 647 488 375
272 649 980 1211 471 813 556 1522 223 147 676 916 304 1510 889 554 452 1005 0 691 806 1066 749 256 756 223 838 565 1246 223 452 519 812 1061 908 698 1123 565 796 1293 656 149 303 951 1154 1214 713 381 1087 980 1214 675 1193 1123 1422 585 314 1633 848 765 445 827 471 741 890 989 472 1089 223 857 990 1032 745 1214
458 857 558 926 546 837 631 1100 613 588 159 535 417 1088 265 638 775 583 691 0 478 588 706 524 799 614 1001 640 824 613 775 297 485 804 390 788 701 640 839 871 863 621 427 890 530 928 756 1021 665 558 929 882 569 702 1000 167 872 1310 312 200 1084 499 546 623 951 365 1111 465 613 593 568 408 210 928
572 611 332 700 399 464 365 874 727 702 594 309 532 862 399 537 659 358 806 478 0 362 329 638 426 728 637 553 598 727 659 620 28 579 543 412 475 553 466 646 605 736 541 526 573 703 383 898 439 332 703 587 684 476 775 490 756 1084 218 403 961 43 399 247 588 499 988 599 727 260 342 542 383 703
832 726 293 654 659 573 625 581 987 962 704 270 792 569 508 743 785 319 1066 588 362 0 523 898 535 988 737 813 417 987 785 729 368 540 652 529 316 813 575 353 720 995 801 625 431 656 492 1015 400 293 656 702 542 437 482 599 882 791 327 512 1079 383 659 507 687 596 1106 503 987 329 304 539 492 656
567 317 343 618 429 229 307 885 722 697 822 279 527 873 626 360 374 369 749 706 329 523 0 633 146 723 504 467 609 722 374 703 336 468 770 118 486 467 186 656 311 731 536 392 800 621 103 606 450 343 621 293 911 487 785 718 471 1040 446 630 670 350 429 128 454 727 697 827 722 220 353 770 611 621
105 614 834 1176 304 778 388 1376 178 153 509 770 137 1364 721 395 532 860 256 524 638 898 633 0 719 179 803 397 1101 178 532 352 645 1026 740 662 977 397 759 1148 621 186 135 916 987 1179 676 606 941 834 1179 640 1026 978 1277 418 538 1586 681 597 670 659 304 574 855 821 697 921 178 711 844 865 578 1179
653 218 355 518 540 109 418 897 808 783 915 290 613 885 720 367 381 380 756 799 426 535 146 719 0 809 404 553 584 808 381 789 433 368 864 125 498 553 66 668 212 816 622 292 894 521 58 507 462 355 521 194 1005 461 797 811 478 940 539 724 570 447 540 239 354 820 597 920 808 232 365 863 704 521
194 704 924 1266 393 868 478 1466 41 120 599 860 226 1454 811 485 622 949 223 614 728 988 723 179 809 0 893 487 1190 41 622 441 734 1116 830 751 1067 487 849 1237 710 153 225 1005 1076 1269 766 573 1031 924 1269 729 1116 1068 1366 508 505 1676 770 687 636 749 393 664 944 911 663 1011 41 801 934 954 668 1268
737 342 467 416 624 323 604 894 892 867 1030 501 697 902 910 451 463 435 838 989 637 724 504 803 404 893 0 637 481 892 463 873 644 266 1054 482 687 636 402 590 349 900 706 155 1060 418 436 506 362 460 418 368 1171 358 815 939 560 838 729 913 570 658 624 583 122 1010 597 1110 892 443 555 1053 894 418
332 448 668 1010 218 611 303 1210 486 461 625 603 291 1198 837 229 366 693 565 640 553 813 467 397 553 487 637 0 934 486 366 467 559 860 856 495 811 42 593 981 454 495 301 749 1024 1012 510 612 775 668 1013 473 1135 811 1110 534 463 1419 669 713 675 574 218 429 688 937 702 1037 487 545 678 980 694 1012
1035 679 303 418 888 515 775 464 1190 1164 940 356 994 452 745 829 872 270 1246 824 598 417 609 1101 596 1190 493 934 0 1189 872 965 605 296 889 615 264 934 594 140 673 1198 1004 382 609 421 578 957 197 295 421 655 720 148 364 836 969 578 564 749 1021 619 888 595 444 774 1048 682 1190 415 390 718 729 420
193 703 923 1265 393 867 477 1465 41 119 598 859 225 1453 810 484 621 949 223 613 727 987 722 178 808 41 892 486 1189 0 621 441 733 1115 829 751 1066 486 848 1237 710 153 224 1005 1076 1268 765 572 1030 923 1268 729 1115 1067 1366 507 505 1675 770 686 636 748 393 663 944 910 663 1010 41 800 933 954 667 1268
467 274 605 837 353 438 336 1147 621 567 760 541 426 1135 956 180 133 631 452 775 659 785 374 532 381 622 463 366 872 621 0 602 665 687 991 323 748 366 421 919 281 569 436 576 1129 839 338 333 712 605 839 300 1240 749 1048 669 174 1259 775 848 396 680 353 441 515 1056 423 1156 622 482 615 1099 829 839
286 684 699 1067 374 848 458 1241 441 415 282 676 245 1229 494 465 603 725 519 297 620 729 703 352 789 441 873 467 965 441 602 0 626 946 447 732 842 467 829 1013 691 449 255 986 760 1070 746 848 806 699 1070 710 799 843 1142 191 699 1451 454 370 912 641 374 644 925 594 939 694 441 735 709 638 351 1070
579 617 338 707 405 471 372 880 734 708 601 315 538 868 405 543 665 364 812 485 28 368 336 645 433 734 644 559 605 733 665 626 0 585 549 418 481 559 473 652 611 742 548 532 579 709 390 904 446 338 709 593 690 482 781 496 762 1090 224 409 968 49 405 253 594 505 995 605 734 267 349 549 390 709
960 518 228 257 814 353 700 675 1115 1090 866 282 920 663 670 740 753 196 1128 750 524 485 535 1026 435 1116 332 860 242 1115 753 891 530 0 814 513 448 860 433 351 511 1124 929 221 820 259 466 796 123 220 259 494 931 119 575 762 850 679 490 674 860 545 814 521 282 771 887 871 1115 341 316 814 655 259
674 1052 622 991 762 902 807 1164 829 804 271 599 634 1153 244 854 991 648 908 390 543 652 770 740 864 830 1066 856 889 829 991 447 549 869 0 853 765 856 904 936 1046 838 643 954 510 993 821 1237 730 622 993 1028 465 766 1065 416 1088 1374 377 332 1300 564 762 688 1016 344 1327 444 830 658 633 388 351 993
596 266 349 597 483 207 362 891 751 725 889 285 555 879 709 309 324 374 698 788 412 529 118 662 125 751 482 495 615 751 323 732 418 446 853 0 492 495 165 662 260 759 565 371 882 599 82 555 456 349 599 242 993 493 791 798 421 1018 528 712 619 433 482 210 432 809 646 909 751 226 359 852 693 599
911 689 256 500 765 536 651 428 1066 1041 817 233 871 416 621 706 748 282 1123 701 475 316 486 977 498 1067 700 811 264 1066 748 842 481 503 765 492 0 811 538 199 683 1075 880 588 508 503 455 978 363 256 503 665 619 381 328 713 845 637 441 625 1042 496 765 472 650 673 1069 580 1066 292 166 616 606 502
331 448 667 1010 218 611 303 1210 486 461 625 603 291 1198 837 229 366 693 565 640 553 813 467 397 553 487 636 42 934 486 366 467 559 860 856 495 811 0 593 981 454 495 300 749 1024 1012 510 612 775 668 1012 473 1135 811 1110 534 463 1419 669 713 675 574 218 428 688 937 702 1037 487 545 678 980 694 1012
693 216 395 517 580 108 458 937 848 823 955 330 653 925 760 407 421 420 796 839 466 575 186 759 66 849 402 593 582 848 421 829 473 367 904 165 538 593 0 691 210 856 662 291 934 519 98 505 463 395 519 192 1045 459 837 851 518 939 579 764 569 487 580 279 352 860 596 960 848 272 405 903 744 519
1082 784 412 342 935 619 822 399 1237 1211 987 404 1041 387 792 876 919 380 1293 871 646 353 656 1148 668 1237 598 981 140 1237 919 1013 652 401 936 662 199 981 699 0 777 1245 1051 486 545 344 625 1062 306 404 344 759 656 258 300 883 1016 479 611 796 1125 667 935 643 548 710 1152 617 1237 462 337 653 776 344
555 65 540 595 442 186 327 1074 710 685 848 476 514 1070 902 268 281 565 656 863 605 720 311 621 212 710 349 454 660 710 281 691 611 445 1046 260 683 454 210 770 0 718 524 369 1075 598 243 324 541 540 598 56 1186 538 982 757 378 1017 721 905 388 625 442 403 401 1002 415 1102 710 417 550 1045 886 598
202 712 931 1274 401 875 486 1474 153 127 606 867 234 1462 819 493 569 957 149 621 736 995 731 186 816 153 900 495 1198 153 569 449 742 1124 838 759 1075 495 856 1245 718 0 233 1013 1084 1276 774 498 1039 932 1276 737 1123 1075 1374 515 431 1683 778 695 562 757 401 671 952 919 589 1019 153 808 942 962 675 1276
70 517 737 1080 207 681 292 1279 224 199 412 673 78 1267 624 299 436 763 303 427 541 801 536 135 622 225 706 301 1004 224 436 255 548 930 643 565 880 300 662 1051 524 233 0 819 890 1082 579 652 844 737 1082 543 929 881 1180 321 533 1489 584 501 716 562 207 477 758 724 743 825 225 614 748 768 481 1082
850 376 356 304 737 211 651 783 1005 979 993 390 809 791 798 563 576 324 951 877 526 613 392 916 292 1005 155 749 370 1005 576 986 532 154 942 371 576 749 291 479 369 1013 819 0 948 307 324 619 250 348 307 351 1059 247 703 889 673 726 617 802 683 547 737 472 105 898 710 998 1005 331 443 942 782 307
761 925 495 846 713 775 679 773 916 890 561 472 720 761 291 851 973 521 994 458 416 431 643 826 737 916 939 867 609 915 973 599 422 742 510 726 508 867 777 545 919 924 730 827 0 848 694 1212 603 495 848 901 305 639 674 470 1070 983 250 383 1275 437 713 561 889 220 1302 125 916 531 506 150 363 848
1110 601 420 32 990 437 877 638 1265 1240 1058 474 1070 651 863 824 837 388 1211 942 716 656 618 1176 518 1266 416 1010 434 1265 837 1083 723 219 1007 596 503 1010 517 344 595 1274 1079 304 848 0 550 880 315 413 34 577 959 311 603 954 934 581 682 866 943 737 990 697 366 963 970 920 1265 533 508 956 847 34
610 250 312 550 497 141 375 854 765 740 872 248 570 842 677 324 338 337 713 756 383 492 103 676 58 766 436 510 578 765 338 746 390 400 821 82 455 510 98 625 243 774 579 324 851 553 0 539 419 312 553 225 962 455 754 768 435 972 496 681 602 404 497 196 386 777 629 877 765 189 322 820 661 552
622 318 835 880 599 481 579 1358 572 497 1006 771 653 1365 1195 426 333 861 381 1021 898 1015 606 606 507 573 506 612 945 572 333 848 904 730 1237 555 978 612 505 1054 324 498 652 619 1369 882 539 0 826 835 882 343 1480 822 1278 914 195 1302 1014 1094 77 919 599 681 558 1295 104 1395 572 712 845 1338 1074 882
876 560 183 299 729 395 615 630 1030 1005 781 197 835 618 586 670 712 151 1087 665 439 400 450 941 462 1031 374 775 197 1030 712 806 446 177 730 456 363 775 475 306 553 1039 844 263 759 301 419 838 0 175 301 535 870 74 530 677 809 720 405 589 902 460 729 436 324 686 929 786 1031 256 231 729 570 301
768 546 89 397 622 393 508 655 923 898 674 90 728 643 478 563 605 115 980 558 332 293 343 834 355 924 472 668 295 923 605 699 338 275 622 349 256 668 395 404 540 932 737 360 652 399 312 835 175 0 399 522 763 172 556 570 702 818 298 482 899 353 622 329 422 579 926 679 923 149 124 622 463 399
1111 601 421 32 990 437 877 638 1265 1240 1058 474 1070 651 863 824 837 388 1211 942 716 656 618 1176 518 1266 416 1010 434 1265 837 1083 723 219 1007 596 503 1010 517 344 595 1274 1080 304 848 34 550 880 315 413 0 577 959 312 603 954 934 581 682 867 943 737 990 698 366 963 970 920 1266 533 508 956 847 34
574 63 522 577 461 168 346 1056 729 704 867 458 533 1052 884 287 300 547 675 882 587 702 293 640 194 729 368 473 642 729 300 710 593 427 1028 242 665 473 192 752 56 737 543 351 1057 580 225 343 523 522 580 0 1168 520 964 776 397 999 703 887 407 608 461 385 413 984 434 1084 729 399 532 1027 868 580
960 1188 759 956 976 1038 943 884 1115 1090 600 736 919 872 331 1114 1236 784 1193 569 679 542 907 1026 1000 1116 1183 1130 720 1115 1236 799 686 986 465 989 619 1130 1040 656 1182 1123 929 1071 305 959 957 1475 866 759 959 1164 0 838 785 669 1333 1094 513 493 1539 700 976 824 1133 229 1566 221 1115 794 756 304 512 959
912 557 180 296 766 392 652 581 1067 1042 818 234 871 569 622 706 749 148 1123 702 476 437 487 978 473 1068 371 811 148 1067 749 843 482 174 766 493 381 811 472 258 550 1075 881 259 727 298 455 835 74 172 298 532 838 0 482 713 846 696 441 626 898 497 766 473 321 722 925 799 1067 292 267 766 606 298
1211 989 556 601 1064 835 951 133 1366 1340 1116 533 1170 121 921 1005 1048 581 1422 1000 775 482 785 1277 797 1366 827 1110 364 1366 1048 1142 781 630 1065 791 328 1110 837 300 982 1374 1180 715 674 603 754 1278 530 556 603 964 785 482 0 1012 1145 383 740 925 1341 796 1065 772 777 839 1368 746 1366 591 466 782 905 603
352 750 569 938 440 849 525 1112 507 482 184 546 311 1100 365 532 669 595 585 167 490 599 718 418 811 508 939 534 836 507 669 191 496 816 416 798 713 534 851 883 757 515 321 901 630 940 768 914 677 570 940 776 669 713 1012 0 766 1321 324 241 978 511 440 635 963 465 1005 565 507 605 580 508 221 940
554 372 702 934 450 535 433 1244 505 429 857 638 523 1232 1053 277 174 728 314 872 756 882 471 538 478 505 560 463 969 505 174 699 762 784 1088 421 845 463 518 1016 378 431 533 673 1226 936 435 195 809 702 936 397 1337 846 1145 766 0 1356 872 945 258 777 450 538 612 1153 285 1253 505 579 713 1196 926 936
1520 1021 840 579 1374 856 1260 283 1675 1650 1426 842 1479 296 1230 1243 1256 807 1630 1310 1084 791 1037 1586 937 1676 835 1419 578 1675 1256 1451 1090 638 1374 1016 637 1419 936 479 1014 1683 1489 723 983 581 969 1299 734 832 581 996 1094 696 383 1321 1353 0 1049 1234 1362 1105 1374 1081 785 1148 1389 1055 1675 901 775 1091 1215 581
615 727 297 666 515 577 482 840 770 744 428 274 574 828 233 653 775 323 848 312 218 327 446 681 539 770 741 669 564 770 775 454 224 544 377 528 441 669 579 611 721 778 584 629 498 668 496 1014 405 298 668 703 538 441 740 324 872 1049 0 237 1078 239 515 363 691 333 1105 433 770 333 308 376 217 668
532 912 482 850 619 762 666 1024 686 661 231 459 491 1012 188 711 848 508 765 200 403 512 630 597 724 687 926 713 749 686 848 370 409 729 332 712 625 713 764 796 905 695 501 814 454 853 681 1094 589 482 853 887 493 626 925 241 945 1234 237 0 1158 424 619 548 876 288 1185 388 687 518 493 332 113 853
685 381 899 943 663 545 643 1422 636 560 1069 834 717 1429 1258 489 396 924 445 1084 961 1079 670 670 570 636 570 675 1009 636 396 912 968 793 1300 619 1042 675 569 1118 388 562 716 683 1432 946 602 77 889 899 946 407 1543 886 1341 978 258 1365 1078 1158 0 982 663 744 622 1359 45 1459 636 776 909 1402 1138 946
593 632 353 721 420 485 386 895 748 723 615 330 553 883 420 558 680 379 827 499 43 383 350 659 447 749 658 574 619 748 680 641 49 600 564 433 496 574 487 667 625 757 562 547 594 724 404 919 460 353 724 608 705 497 796 511 777 1105 239 424 982 0 420 268 609 520 1009 620 748 281 363 563 404 724
238 435 622 990 95 599 149 1164 393 367 531 558 197 1152 696 216 353 648 471 546 399 659 429 304 540 393 624 218 888 393 353 374 405 840 762 482 765 218 580 935 442 401 207 737 870 993 497 599 729 622 993 461 981 766 1065 440 450 1374 515 619 663 420 0 335 676 796 690 896 393 499 632 840 600 993
508 409 329 697 335 322 269 871 663 638 739 265 467 859 544 324 441 355 741 623 247 507 128 574 239 664 583 429 595 663 441 644 253 548 688 210 472 428 279 643 403 671 477 472 718 700 196 681 436 329 700 385 829 473 772 635 538 1081 363 548 744 268 335 0 533 644 771 744 663 206 339 687 528 700
789 394 418 366 676 273 656 844 944 919 1055 452 748 852 860 502 515 385 890 939 588 675 454 855 354 944 122 688 431 944 515 925 594 216 1004 432 638 688 352 541 401 952 758 105 1010 368 386 558 312 410 369 413 1121 309 765 951 612 788 679 864 622 609 676 533 0 960 649 1060 944 393 505 1003 844 368
755 1000 570 939 788 850 754 938 910 885 396 547 715 926 126 926 1048 596 989 365 491 596 718 821 812 911 1014 937 774 910 1048 594 497 817 344 801 673 937 852 710 994 919 724 902 220 941 769 1287 677 570 941 976 229 714 839 465 1145 1148 325 288 1350 512 788 636 964 0 1377 125 911 606 581 99 307 941
712 408 926 970 690 572 670 1449 663 587 1096 861 744 1456 1285 516 423 951 472 1111 988 1106 697 697 597 663 597 702 1036 663 423 939 995 820 1327 646 1069 702 596 1145 415 589 743 710 1459 973 629 104 916 926 973 434 1570 913 1368 1005 285 1392 1105 1185 45 1009 690 771 649 1386 0 1486 663 803 936 1429 1165 973
845 1009 579 918 797 859 763 845 999 974 496 556 804 833 226 935 1057 605 1078 465 500 503 727 910 821 1000 1023 951 682 999 1056 683 506 826 444 809 580 951 861 617 1002 1008 813 911 125 920 778 1296 686 579 920 984 221 723 746 554 1153 1055 334 388 1359 521 797 645 973 125 1386 0 1000 615 590 199 407 920
194 703 923 1266 393 867 478 1465 41 119 598 859 226 1453 810 485 622 949 223 613 727 987 722 178 808 41 892 487 1190 41 622 441 734 1116 830 751 1066 487 848 1237 710 153 225 1005 1076 1268 765 572 1031 923 1268 729 1115 1067 1366 507 505 1675 770 687 636 748 393 663 944 911 663 1011 0 800 934 954 667 1268
645 423 149 517 499 270 385 691 800 775 709 85 605 679 514 440 482 174 857 593 260 329 220 711 232 801 443 545 415 800 482 735 267 395 658 226 292 545 272 462 417 808 614 331 688 519 189 712 256 149 520 399 799 292 591 605 579 901 333 518 776 281 499 206 393 614 803 714 800 0 159 657 498 519
779 557 123 492 632 403 519 565 934 908 684 100 738 553 489 573 616 149 990 568 342 304 353 844 365 934 567 678 390 933 615 709 349 370 633 359 166 678 405 337 550 942 748 456 645 494 322 845 231 124 494 532 756 267 466 580 713 775 308 493 909 363 632 339 517 589 936 689 934 159 0 632 473 494
765 929 499 868 717 779 684 881 920 894 439 476 724 869 169 855 977 525 998 408 420 529 648 831 741 920 943 871 718 920 977 604 426 746 388 730 616 871 781 653 923 928 734 831 150 870 698 1216 607 500 870 905 304 643 782 474 1074 1091 254 332 1280 441 717 565 893 99 1307 199 920 535 510 0 350 870
512 892 463 831 600 742 647 1005 667 642 250 440 471 993 207 692 829 488 745 210 383 492 611 578 704 668 906 694 729 667 829 351 390 709 351 693 606 694 744 776 886 675 481 795 472 833 661 1074 570 463 834 868 512 606 905 221 926 1215 217 113 1138 404 600 528 856 307 1165 407 667 498 473 350 0 833
1110 601 420 32 990 437 877 638 1265 1240 1058 474 1070 651 862 824 837 388 1211 942 716 656 618 1176 518 1266 416 1010 434 1265 836 1083 722 219 1007 596 502 1010 516 344 595 1273 1079 304 848 34 550 880 315 412 34 577 959 311 603 954 934 581 682 866 943 737 990 697 366 963 970 920 1265 533 508 956 847 0
EOF