NAME : tsp_problem
TYPE : TSP
DIMENSION : 44
EDGE_WEIGHT_TYPE : EXPLICIT
EDGE_WEIGHT_FORMAT : FULL_MATRIX
EDGE_WEIGHT_SECTION
0 1199 1366 392 1174 798 842 1144 995 584 1064 910 1225 602 645 393 511 747 876 1069 728 619 486 622 1273 912 543 567 611 567 586 622 467 684 965 882 918 587 1006 622 486 972 851 1268
1199 0 475 898 127 528 429 334 801 791 587 854 43 927 622 898 882 847 394 441 828 639 944 882 287 856 943 915 1006 753 681 881 758 545 547 826 863 687 779 882 944 438 541 430
1366 475 0 1065 386 695 596 658 754 958 540 839 502 1093 789 1064 1049 1157 560 394 1139 805 1110 1048 336 826 1109 1081 1316 919 847 1048 925 711 502 851 1029 853 732 1048 1110 420 852 603
392 898 1065 0 873 470 514 869 881 315 736 796 924 535 316 95 444 479 548 741 460 291 218 354 972 798 415 387 638 500 257 353 198 391 637 768 804 259 892 354 218 671 583 993
1174 127 386 873 0 503 404 309 712 766 498 797 153 902 597 873 857 822 369 352 803 614 919 857 198 783 918 890 981 728 656 856 733 520 460 801 838 662 690 857 919 377 516 405
798 528 695 470 503 0 137 527 504 639 323 419 554 491 299 470 447 849 171 364 830 211 624 730 602 421 791 763 1008 318 392 730 527 326 260 391 427 394 515 730 624 301 548 623
842 429 596 514 404 137 0 428 548 555 403 463 456 535 343 514 491 755 72 265 736 255 668 646 503 465 707 679 914 362 436 646 522 309 161 435 471 438 559 646 668 203 449 524
1096 232 556 795 207 425 326 0 836 660 667 751 259 823 519 795 779 657 290 521 638 536 840 734 368 753 795 767 816 650 577 734 655 441 444 723 759 583 847 734 840 335 351 240
995 801 754 805 712 428 473 862 0 975 266 109 827 457 635 805 557 1184 506 424 1165 546 959 1066 661 252 1126 1098 1343 457 728 1065 863 661 532 138 393 729 192 1065 959 637 883 929
584 791 958 315 766 639 555 641 1050 0 906 966 817 726 369 316 636 282 519 777 264 460 328 157 865 967 218 190 441 691 277 157 205 351 673 937 974 283 1061 157 328 564 340 765
1060 587 540 736 498 323 403 769 266 906 0 351 613 682 566 736 651 1115 437 209 1096 477 890 996 447 338 1057 1029 1274 521 658 996 794 592 318 363 567 660 244 996 890 465 814 714
910 846 839 788 797 411 455 845 109 957 351 0 873 372 617 788 472 1167 489 508 1148 529 937 1048 746 167 1109 1081 1326 372 710 1048 845 644 578 53 308 712 175 1048 937 619 866 941
1225 43 502 924 153 554 456 360 827 817 613 881 0 953 649 924 908 873 420 467 854 665 970 908 313 882 969 941 1032 779 707 908 784 571 573 852 889 713 805 908 970 465 567 456
602 927 1093 535 902 491 535 925 457 726 682 372 953 0 698 535 123 890 569 762 871 609 629 765 1000 374 826 798 1049 213 728 764 609 724 658 344 380 730 468 765 629 700 946 1021
645 622 789 316 597 299 343 593 710 369 566 626 649 698 0 316 653 578 351 570 559 120 446 459 696 627 520 492 737 524 183 459 260 107 466 597 634 189 721 459 446 396 323 717
393 898 1064 95 873 470 514 869 881 316 736 796 924 535 316 0 445 479 548 741 460 291 218 354 972 798 415 387 638 500 257 354 199 390 637 768 804 259 892 354 218 671 583 993
511 882 1049 444 857 447 491 881 557 636 713 472 908 123 653 445 0 799 525 718 780 565 538 674 956 474 735 707 958 158 637 674 518 680 614 444 480 639 568 674 538 655 902 977
747 835 1157 479 810 849 755 638 1260 282 1115 1175 861 890 578 479 799 0 719 977 49 669 492 270 905 1176 331 303 321 854 486 270 369 554 873 1146 1183 492 1271 270 491 764 345 762
876 394 560 548 369 171 72 392 582 519 437 497 420 569 351 548 525 719 0 294 701 289 672 610 467 499 671 643 878 396 409 610 486 273 190 469 505 415 593 610 672 167 413 488
1069 441 394 741 352 364 265 623 424 777 209 508 467 762 570 741 718 977 294 0 958 482 895 868 301 495 929 901 1136 589 663 867 744 531 135 520 698 665 401 868 895 319 671 568
728 816 1139 460 791 830 736 619 1241 264 1096 1156 842 871 559 460 780 49 701 958 0 651 473 252 887 1158 313 285 303 836 468 251 350 535 854 1128 1164 474 1252 252 473 745 327 744
619 639 805 291 614 211 255 610 622 460 477 537 665 609 120 291 565 669 289 482 651 0 444 551 713 539 612 584 828 436 213 550 348 201 378 509 545 215 633 551 444 412 417 734
486 944 1110 218 919 624 668 888 1022 328 890 937 970 629 446 218 538 492 672 895 473 444 0 366 1017 939 427 399 651 593 354 366 211 428 791 908 945 360 1033 366 42 717 596 1012
622 882 1048 354 857 730 646 715 1141 157 996 1056 908 765 459 354 674 270 610 868 252 551 366 0 955 1058 139 111 371 729 368 132 244 442 763 1028 1064 374 1152 132 366 655 423 840
1273 287 336 972 198 602 503 390 661 865 447 746 313 1000 696 972 956 902 467 301 884 713 1017 955 0 733 1016 988 1062 827 754 955 832 618 409 758 936 760 639 955 1017 327 596 305
849 705 826 647 680 270 314 704 252 816 338 167 731 374 476 646 440 1025 347 495 1006 388 800 907 733 0 968 940 1184 311 569 906 704 502 436 139 310 570 120 907 800 478 725 799
543 943 1109 415 918 791 707 776 1202 218 1057 1117 969 826 520 415 735 331 671 929 313 612 427 139 1016 1119 0 63 271 790 429 139 305 503 824 1089 1125 435 1213 139 427 716 484 901
567 915 1081 387 890 763 679 748 1174 190 1029 1089 941 798 492 387 707 303 643 901 285 584 399 111 988 1091 63 0 296 762 401 111 277 475 796 1061 1097 407 1185 111 399 688 456 873
611 994 1316 638 969 1008 914 797 1419 441 1274 1334 1020 1049 737 638 958 321 878 1136 303 828 651 371 1064 1335 271 296 0 1013 645 372 528 713 1032 1305 1342 651 1430 371 650 923 504 921
567 753 919 500 728 318 362 752 457 691 584 372 779 213 524 500 158 854 396 589 836 436 593 729 827 374 790 762 1013 0 617 729 574 551 484 344 380 619 468 729 593 526 773 848
586 681 847 257 656 392 436 651 803 277 658 718 707 728 183 257 637 486 409 663 468 213 354 368 754 720 429 401 645 617 0 367 169 165 559 690 727 36 814 368 354 454 380 775
622 881 1048 353 856 730 646 715 1141 157 996 1056 908 764 459 354 674 270 610 867 251 550 366 132 955 1058 139 111 372 729 367 0 243 441 763 1027 1064 373 1152 132 366 655 423 840
467 758 925 198 733 527 522 729 938 205 794 854 784 609 260 199 518 369 486 744 350 348 211 244 832 855 305 277 528 574 169 243 0 243 640 825 862 175 949 244 211 531 442 853
684 545 711 391 520 326 309 515 737 351 592 652 571 724 107 390 680 554 273 531 535 201 428 442 618 654 503 475 713 551 165 441 243 0 426 624 660 171 748 442 428 318 281 639
965 547 502 637 460 260 161 546 532 673 318 586 573 658 466 637 614 873 190 135 854 378 791 763 409 588 824 796 1032 484 559 763 640 426 0 557 594 561 510 763 790 320 567 642
882 818 851 760 793 383 427 817 138 929 363 53 844 344 589 759 444 1138 460 520 1119 500 908 1020 758 139 1081 1053 1297 344 682 1019 817 615 549 0 280 683 173 1020 908 591 838 912
918 863 1029 804 838 427 471 861 393 974 567 308 889 380 634 804 480 1183 505 698 1164 545 945 1064 936 310 1125 1097 1342 380 727 1064 862 660 594 280 0 728 404 1064 945 636 882 957
587 687 853 259 662 394 438 657 805 283 660 720 713 730 189 259 639 492 415 665 474 215 360 374 760 722 435 407 651 619 36 373 175 171 561 692 728 0 816 374 360 460 386 781
842 698 732 639 673 262 306 696 192 809 244 175 724 468 469 639 433 1018 340 401 999 380 793 899 639 120 960 932 1177 303 562 899 697 495 429 173 404 563 0 899 793 471 717 792
622 882 1048 354 857 730 646 715 1141 157 996 1056 908 765 459 354 674 270 610 868 252 551 366 132 955 1058 139 111 371 729 368 132 244 442 763 1028 1064 374 1152 0 366 655 423 840
486 944 1110 218 919 624 668 888 1022 328 890 937 970 629 446 218 538 491 672 895 473 444 42 366 1017 939 427 399 650 593 354 366 211 428 790 908 945 360 1033 366 0 717 596 1012
972 438 420 671 377 301 203 437 680 564 465 628 465 700 396 671 655 764 167 319 745 412 717 655 327 629 716 688 923 526 454 655 531 318 320 599 636 460 657 655 717 0 458 533
851 528 852 583 503 548 449 332 959 340 814 874 555 946 323 583 902 345 413 671 327 417 596 423 599 876 484 456 504 773 380 423 442 281 567 846 882 386 970 423 596 458 0 456
1265 444 603 990 419 636 538 247 929 763 714 963 470 1035 715 990 990 759 502 568 741 731 1010 837 305 964 898 870 918 861 773 837 851 637 655 934 971 779 906 837 1010 547 453 0
EOF