NAME : tsp_problem
TYPE : TSP
DIMENSION : 28
EDGE_WEIGHT_TYPE : EXPLICIT
EDGE_WEIGHT_FORMAT : FULL_MATRIX
EDGE_WEIGHT_SECTION
0 786 786 362 310 1004 437 1123 737 963 123 309 469 641 430 244 543 455 701 812 405 568 663 521 438 144 1106 226
786 0 42 685 1040 696 873 609 846 1428 699 525 831 1106 864 594 1008 920 901 487 753 1033 545 493 728 874 465 956
786 42 0 685 1040 696 873 608 846 1428 699 525 831 1105 864 594 1008 919 901 487 753 1033 545 493 728 874 465 956
362 685 685 0 611 683 290 803 421 819 397 522 248 497 281 577 399 311 384 510 110 424 342 655 118 445 1005 527
310 1040 1040 611 0 1252 685 1371 986 996 404 590 718 889 679 525 792 703 949 1066 653 800 911 665 687 392 1359 122
1004 696 696 683 1252 0 612 178 327 1168 934 760 570 602 604 829 747 659 343 440 751 772 369 728 596 1086 522 1168
437 873 873 290 685 612 0 731 341 596 472 597 73 273 44 652 176 87 304 617 335 200 356 729 200 520 1076 602
1123 609 608 803 1371 178 731 0 446 1287 1053 879 689 721 723 948 867 778 462 559 870 891 488 848 715 1206 376 1288
737 846 846 421 986 327 341 446 0 896 772 897 299 404 332 952 476 387 135 589 489 500 354 878 331 820 791 902
963 1428 1428 819 996 1168 596 1287 896 0 998 1123 628 627 589 1178 446 613 860 1172 862 422 911 1255 756 926 1631 1082
123 699 699 397 404 934 472 1053 772 998 0 283 504 676 465 218 578 490 736 725 440 603 697 434 473 238 1018 320
309 525 525 522 590 760 597 879 897 1123 283 0 629 801 590 102 703 615 861 551 565 728 609 260 598 424 845 506
469 831 831 248 718 570 73 689 299 628 504 629 0 305 64 684 208 119 262 575 316 232 314 761 158 552 1034 634
719 1141 1141 575 967 583 351 702 386 705 753 879 383 0 344 934 457 294 275 885 617 482 651 1011 495 801 1047 883
430 864 864 281 679 604 44 723 332 589 465 590 64 266 0 645 169 80 296 608 329 193 347 722 192 513 1067 595
244 594 594 577 525 829 652 948 952 1178 218 102 684 856 645 0 758 670 916 620 620 783 678 329 653 359 914 441
543 1008 1008 399 792 747 176 867 476 446 578 703 208 379 169 758 0 193 439 752 442 50 491 835 335 626 1211 708
455 920 919 311 703 659 87 778 387 613 490 615 119 217 80 670 193 0 351 663 353 218 402 747 247 538 1122 619
701 901 901 384 949 343 304 462 135 860 736 861 262 293 296 916 439 351 0 645 452 464 431 933 295 784 806 866
812 487 487 510 1066 440 617 559 589 1172 725 551 575 849 608 620 752 663 645 0 578 776 289 519 522 900 807 982
405 753 753 110 653 751 335 870 489 862 440 565 316 539 329 620 442 353 452 578 0 466 410 697 186 488 1073 570
568 1033 1033 424 800 772 200 891 500 422 603 728 232 404 193 783 50 218 464 776 466 0 516 860 360 651 1236 733
663 545 545 342 911 369 356 488 354 911 697 609 314 588 347 678 491 402 431 289 410 516 0 577 261 745 832 827
521 493 493 655 665 728 729 848 878 1255 434 260 761 933 722 329 835 747 933 519 697 860 577 0 731 610 813 581
438 728 728 118 687 596 200 715 331 756 473 598 158 433 192 653 335 247 295 522 186 360 261 731 0 521 1048 603
144 874 874 371 392 1012 446 1131 746 926 238 424 478 649 439 359 552 463 709 839 413 576 671 610 447 0 1194 309
1106 465 465 1005 1359 522 1076 376 791 1631 1018 845 1034 1065 1067 914 1211 1122 806 807 1073 1236 832 813 1048 1194 0 1276
226 956 956 527 122 1168 602 1288 902 1082 320 506 634 805 595 441 708 619 866 982 570 733 827 581 603 309 1276 0
EOF