NAME : tsp_problem
TYPE : TSP
DIMENSION : 40
EDGE_WEIGHT_TYPE : EXPLICIT
EDGE_WEIGHT_FORMAT : FULL_MATRIX
EDGE_WEIGHT_SECTION
0 890 805 226 731 622 479 409 881 560 752 989 290 433 290 709 597 1035 952 558 919 597 290 63 1027 581 430 798 848 193 463 213 468 819 732 846 1077 183 785 538
890 0 957 815 619 688 829 892 59 773 1070 323 644 876 643 704 709 1030 906 769 329 701 644 887 234 732 888 949 843 874 552 739 872 970 619 691 1072 942 638 766
818 957 0 750 1186 504 510 1052 948 607 422 671 826 558 825 282 479 268 250 450 661 1239 826 815 752 456 474 97 268 662 884 826 631 138 1186 461 310 870 617 585
226 815 737 0 656 452 312 413 806 383 684 812 214 266 214 542 427 868 785 391 803 600 214 223 894 414 351 730 681 115 388 187 299 751 657 678 910 278 608 362
731 619 1186 656 0 742 812 417 609 676 1273 740 485 766 485 933 743 1259 1169 799 648 227 485 728 756 758 907 1178 1072 715 393 580 752 1199 41 954 1301 691 750 669
622 688 504 452 742 0 177 709 679 189 617 402 408 225 407 252 61 577 494 118 393 825 407 619 484 77 237 497 390 456 414 484 217 517 743 388 619 674 198 167
479 829 510 312 812 177 0 569 820 258 503 542 370 75 370 258 153 583 500 106 533 756 370 476 624 130 122 503 396 312 543 343 148 524 813 394 625 531 342 236
409 892 1052 413 417 709 569 0 883 641 1029 1013 364 523 364 799 684 1125 1042 648 921 223 364 406 1029 671 664 1044 938 470 538 262 556 1065 418 936 1167 310 865 619
881 59 948 806 609 679 820 883 0 764 1061 314 635 867 634 695 700 1021 897 760 320 692 634 878 225 722 879 940 834 864 543 730 863 961 610 681 1063 933 628 757
560 773 607 383 676 189 258 641 764 0 720 486 339 212 339 354 164 680 597 220 477 759 339 557 568 179 340 599 493 411 348 415 173 620 677 486 722 612 282 48
749 1084 436 681 1271 615 500 1026 1075 718 0 798 829 548 829 409 591 501 484 544 788 1213 829 746 879 568 405 428 502 593 996 801 621 449 1271 649 544 801 744 696
989 323 671 812 740 402 542 1013 314 486 784 0 764 590 764 418 423 744 620 483 123 823 764 986 118 445 602 663 557 824 626 844 586 684 741 404 786 1041 351 479
290 644 826 214 485 408 370 364 635 339 832 764 0 324 59 574 383 899 816 440 673 551 59 287 781 399 466 819 712 273 217 139 358 839 486 710 941 342 560 318
433 876 558 266 766 225 75 523 867 212 551 590 324 0 324 305 200 631 548 153 580 710 324 430 671 177 170 550 444 267 497 297 102 571 767 441 673 485 389 190
290 643 825 214 485 407 370 364 634 339 832 764 59 324 0 573 383 899 815 439 673 551 59 287 780 398 466 818 712 273 217 139 358 839 485 709 941 342 560 317
709 704 282 542 933 252 258 799 695 354 395 418 574 305 573 0 227 459 376 198 409 987 573 706 500 204 317 274 272 543 632 574 379 295 934 270 501 761 365 332
597 709 479 427 743 61 153 684 700 164 593 423 383 200 383 227 0 553 469 93 414 826 383 594 505 52 212 472 366 431 435 459 192 493 744 363 595 649 219 142
1035 1030 268 868 1259 577 583 1125 1021 680 501 744 899 631 899 459 553 0 197 524 734 1312 899 1032 825 529 643 275 215 869 958 900 704 369 1260 408 76 1087 690 658
952 906 250 785 1169 494 500 1042 897 597 484 620 816 548 815 376 469 197 0 440 611 1229 816 949 702 446 560 257 132 785 841 816 621 351 1170 248 239 1004 567 575
558 769 450 391 799 118 106 648 760 220 547 483 440 153 439 198 93 524 440 0 473 835 439 555 564 70 166 443 337 391 498 422 227 464 800 334 566 610 282 199
919 329 661 803 648 393 533 921 320 477 775 123 673 580 673 409 414 734 611 473 0 731 673 916 184 436 593 654 548 815 581 768 576 675 648 395 776 971 342 470
597 701 1239 600 227 825 756 223 692 759 1216 823 551 710 551 987 826 1312 1229 835 731 0 551 594 839 841 851 1232 1126 658 476 450 744 1253 228 1037 1354 497 833 752
290 644 826 214 485 407 370 364 634 339 832 764 59 324 59 573 383 899 816 439 673 551 0 287 781 398 466 818 712 273 217 139 358 839 485 709 941 342 560 317
63 887 802 223 728 619 476 406 878 557 749 986 287 430 287 706 594 1032 949 555 916 594 287 0 1024 578 427 795 845 190 461 210 465 816 729 843 1074 180 782 535
1027 234 752 894 756 484 624 1029 225 568 866 118 781 671 780 500 505 825 702 564 184 839 781 1024 0 527 683 745 638 906 689 876 667 766 756 486 867 1079 433 561
581 732 456 414 758 77 130 671 722 179 570 445 399 177 398 204 52 529 446 70 436 841 398 578 527 0 189 449 343 415 457 446 208 470 759 340 572 633 241 157
430 888 461 351 907 237 122 664 879 340 408 602 466 170 466 317 212 643 560 166 593 851 466 427 683 189 0 454 456 264 617 439 243 475 908 454 685 482 402 318
810 949 97 742 1178 497 503 1044 940 599 415 663 819 550 818 274 472 275 257 443 654 1232 818 807 745 449 466 0 276 655 877 819 624 131 1179 468 317 862 610 577
848 843 268 681 1072 390 396 938 834 493 502 557 712 444 712 272 366 215 132 337 548 1126 712 845 638 343 456 276 0 682 771 713 517 369 1073 343 257 900 504 471
193 874 650 115 715 456 312 470 864 411 596 824 273 267 273 543 431 869 785 391 815 658 273 190 906 415 264 642 682 0 447 245 302 663 715 679 911 245 620 389
463 552 884 388 393 414 543 538 543 348 998 626 217 497 217 632 435 958 841 498 581 476 217 461 689 457 617 877 771 447 0 312 458 898 394 625 1000 516 422 341
213 739 826 187 580 484 343 262 730 415 803 844 139 297 139 574 459 900 816 422 768 450 139 210 876 446 439 819 713 245 312 0 331 840 581 710 942 265 640 393
468 872 631 299 752 217 148 556 863 173 624 586 358 102 358 379 192 704 621 227 576 744 358 465 667 208 243 624 517 302 458 331 0 645 752 515 746 520 381 151
831 970 138 763 1199 517 524 1065 961 620 436 684 839 571 839 295 493 369 351 464 675 1253 839 828 766 470 487 131 369 675 898 840 645 0 1200 536 411 883 631 598
732 619 1186 657 41 743 813 418 610 677 1274 741 486 767 485 934 744 1260 1170 800 648 228 485 729 756 759 908 1179 1073 715 394 581 752 1200 0 954 1302 692 751 670
846 691 461 678 954 388 394 936 681 486 636 404 710 441 709 270 363 408 248 334 395 1037 709 843 486 340 454 468 343 679 625 710 515 536 954 0 450 898 351 469
1077 1072 310 910 1301 619 625 1167 1063 722 544 786 941 673 941 501 595 76 239 566 776 1354 941 1074 867 572 685 317 257 911 1000 942 746 411 1302 450 0 1129 732 700
183 942 857 278 691 674 531 310 933 612 804 1041 342 485 342 761 649 1087 1004 610 971 497 342 180 1079 633 482 850 900 245 516 265 520 871 692 898 1129 0 837 590
785 638 617 608 750 198 342 865 628 282 731 351 560 389 560 365 219 690 567 282 342 833 560 782 433 241 402 610 504 620 422 640 381 631 751 351 732 837 0 275
538 766 585 362 669 167 236 619 757 48 698 479 318 190 317 332 142 658 575 199 470 752 317 535 561 157 318 577 471 389 341 393 151 598 670 469 700 590 275 0
EOF