NAME : tsp_problem
TYPE : TSP
DIMENSION : 52
EDGE_WEIGHT_TYPE : EXPLICIT
EDGE_WEIGHT_FORMAT : FULL_MATRIX
EDGE_WEIGHT_SECTION
0 178 346 223 904 1136 775 484 338 745 1135 1598 706 317 335 716 207 1092 571 424 1969 614 756 2003 614 566 1136 1392 103 106 1135 357 734 427 1363 1796 577 538 1136 504 2004 377 152 598 119 501 588 1802 636 932 592 614
178 0 306 106 962 1096 735 541 395 704 1095 1558 665 364 344 676 90 1052 454 307 1929 497 716 1963 497 526 1096 1352 251 240 1095 317 694 387 1323 1756 521 498 1095 464 1964 260 306 504 272 461 646 1762 596 892 474 497
346 306 0 351 1013 1024 663 709 563 633 1023 1486 594 609 589 604 335 981 529 552 1857 503 644 1891 503 454 1024 1280 419 408 1023 246 622 315 1251 1684 465 426 1024 392 1892 505 473 486 439 389 700 1690 524 820 588 503
223 106 351 0 1006 1113 780 586 440 703 1113 1602 710 345 325 720 67 1075 434 288 1974 478 714 2008 478 570 1113 1396 296 285 1113 362 738 432 1342 1801 502 543 1113 509 2008 241 350 485 316 506 690 1806 641 936 455 478
904 962 1013 1006 0 1086 932 676 799 1072 1086 1152 955 1196 1214 965 991 1097 996 1166 1523 970 1083 1557 970 920 1086 1277 977 966 1086 800 843 782 1248 1350 932 893 1086 859 1558 1161 1032 953 998 690 630 1356 991 817 1055 970
1136 1096 1024 1113 1086 0 433 838 1117 492 35 739 468 1047 1027 452 1125 373 745 877 1087 680 503 1121 680 671 35 592 1209 1198 35 811 483 776 387 935 812 743 35 665 1122 911 1245 795 1229 841 780 940 549 337 766 680
775 735 663 780 932 433 0 684 963 244 432 1063 214 799 779 204 764 395 496 628 1412 431 255 1446 431 367 433 780 848 837 432 450 122 416 711 1259 473 435 433 305 1446 663 903 494 869 506 626 1265 289 320 517 431
484 541 709 586 676 838 684 0 292 823 837 1161 706 776 793 717 571 848 741 787 1532 715 835 1566 715 666 838 1028 557 546 837 545 594 527 999 1359 677 638 838 604 1567 741 611 698 577 435 117 1365 736 568 800 715
338 395 563 440 799 1117 963 292 0 962 1116 1440 923 630 647 933 424 1127 788 641 1811 831 973 1845 831 783 1117 1307 411 400 1116 575 873 644 1278 1638 794 755 1117 721 1846 594 465 815 431 714 396 1644 853 847 809 831
745 704 633 703 1072 492 244 823 962 0 491 1122 138 637 617 122 725 454 334 466 1471 269 29 1505 269 261 492 886 818 807 491 420 289 385 770 1318 402 332 492 254 1505 501 835 385 830 476 765 1324 139 487 355 269
1135 1095 1023 1113 1086 35 432 837 1116 491 0 738 467 1047 1027 452 1124 372 744 876 1087 679 503 1121 679 671 35 591 1208 1197 34 810 482 776 386 934 812 742 35 664 1121 911 1245 795 1229 840 780 940 549 337 765 679
1598 1558 1486 1602 1152 739 1063 1161 1440 1122 738 0 1098 1602 1582 1082 1587 973 1300 1432 408 1310 1133 442 1310 1301 739 434 1671 1660 738 1273 1013 1255 503 235 1367 1366 738 1245 443 1466 1725 1350 1691 1163 1103 241 1179 850 1263 1310
706 665 594 710 955 468 214 706 923 138 467 1098 0 693 673 32 694 430 391 523 1446 326 150 1480 326 298 468 830 778 767 467 381 172 346 746 1294 404 365 468 236 1481 557 833 425 799 437 649 1300 196 370 412 326
317 364 609 345 1183 1047 799 776 630 637 1047 1628 693 0 101 678 367 1009 369 222 1977 412 648 2011 412 596 1047 1442 249 253 1047 620 837 622 1276 1824 436 516 1047 589 2011 175 231 419 226 713 881 1830 620 1035 389 412
335 344 589 325 1200 1027 779 793 647 617 1027 1608 673 101 0 658 347 989 349 202 1957 392 628 1991 392 576 1027 1422 266 270 1027 600 817 602 1256 1804 416 496 1027 569 1991 155 248 399 243 693 898 1810 601 1015 369 392
716 676 604 720 965 452 204 717 933 122 452 1082 32 678 658 0 705 414 375 507 1431 310 134 1465 310 302 452 841 789 778 452 391 183 356 730 1278 414 373 452 246 1465 542 843 426 809 447 659 1284 180 381 396 310
207 90 335 67 991 1125 764 571 424 725 1124 1587 694 367 347 705 0 1081 456 310 1958 500 736 1992 500 555 1125 1381 280 269 1124 346 723 416 1352 1785 524 527 1125 493 1993 263 335 507 301 490 675 1791 625 921 477 500
1092 1052 981 1075 1097 373 395 848 1127 454 372 973 430 1009 989 414 1081 0 707 839 1322 642 466 1356 642 634 372 651 1165 1154 372 768 391 733 622 1169 774 705 372 623 1356 873 1207 757 1186 824 791 1175 512 348 728 642
571 454 529 434 996 745 496 741 788 334 744 1325 391 369 349 375 456 707 0 198 1674 109 346 1708 109 294 745 1139 585 589 744 317 496 282 974 1521 134 213 745 267 1708 232 566 117 562 372 683 1527 318 694 87 109
424 307 552 288 1166 877 628 787 641 466 876 1457 523 222 202 507 310 839 198 0 1806 241 478 1840 241 426 877 1271 439 442 876 486 666 452 1106 1653 266 345 877 419 1840 84 420 249 415 542 853 1659 450 864 219 241
1969 1929 1857 1974 1523 1087 1412 1532 1811 1471 1087 408 1446 1951 1931 1431 1958 1322 1648 1780 0 1658 1482 284 1658 1650 1087 805 2042 2031 1087 1644 1361 1626 852 581 1716 1722 1087 1593 74 1815 2097 1699 2063 1535 1474 587 1528 1199 1612 1658
614 497 503 478 970 680 431 715 831 269 679 1310 326 412 392 310 500 642 109 241 1658 0 281 1692 85 229 680 1074 628 632 679 290 470 256 958 1506 177 148 680 222 1693 276 610 160 605 346 657 1512 253 668 130 85
756 716 644 714 1083 503 255 835 973 29 503 1133 150 648 628 134 736 466 346 478 1482 281 0 1516 281 272 503 898 829 818 503 431 301 397 782 1329 413 344 503 266 1516 512 846 396 841 487 777 1335 150 499 367 281
2003 1963 1891 2008 1557 1121 1446 1566 1845 1505 1121 442 1480 1985 1965 1465 1992 1356 1682 1814 284 1692 1516 0 1692 1684 1121 839 2076 2065 1121 1678 1395 1660 886 615 1750 1756 1121 1627 308 1849 2131 1733 2097 1569 1508 621 1562 1233 1646 1692
614 497 503 478 970 680 431 715 831 269 679 1310 326 412 392 310 500 642 109 241 1658 85 281 1692 0 229 680 1074 628 632 679 290 470 256 958 1506 177 148 680 222 1693 276 610 160 605 346 657 1511 253 668 130 85
566 526 454 570 920 671 367 666 783 261 671 1301 298 596 576 302 555 634 294 426 1650 229 272 1684 229 0 671 984 639 628 671 241 326 206 950 1497 264 225 671 75 1684 460 693 285 659 297 608 1503 229 524 314 229
1136 1096 1024 1113 1086 35 433 838 1117 492 35 739 468 1047 1027 452 1125 372 745 877 1087 680 503 1121 680 671 0 592 1209 1198 35 811 482 776 387 934 812 743 35 665 1122 911 1245 795 1229 841 780 940 549 337 766 680
1392 1352 1280 1396 1277 592 780 1028 1307 886 591 434 830 1442 1422 841 1381 651 1139 1271 805 1074 898 839 1074 984 592 0 1465 1454 591 1067 690 1032 396 632 1090 1051 592 922 840 1305 1519 1111 1485 1031 970 638 906 527 1156 1074
103 251 419 296 977 1209 848 557 411 818 1208 1671 778 249 266 789 280 1165 585 439 2042 628 829 2076 628 639 1209 1465 0 38 1208 430 807 500 1436 1869 650 611 1209 577 2077 392 84 636 50 574 661 1875 709 1005 606 628
106 240 408 285 966 1198 837 546 400 807 1197 1660 767 253 270 778 269 1154 589 442 2031 632 818 2065 632 628 1198 1454 38 0 1197 419 796 489 1425 1858 639 600 1198 566 2066 395 88 639 54 563 650 1864 698 994 609 632
1135 1095 1023 1113 1086 35 432 837 1116 491 34 738 467 1047 1027 452 1124 372 744 876 1087 679 503 1121 679 671 35 591 1208 1197 0 810 482 776 386 934 812 742 35 664 1121 911 1245 795 1229 840 780 940 549 337 765 679
357 317 246 362 800 811 450 545 575 420 810 1273 381 620 600 391 346 768 317 486 1644 290 431 1678 290 241 811 1067 430 419 810 0 409 102 1038 1471 252 214 811 179 1679 517 485 273 451 176 487 1477 312 607 375 290
734 694 622 738 843 483 122 594 873 289 482 1013 172 837 817 183 723 391 496 666 1361 470 301 1395 470 326 482 690 807 796 482 409 0 374 661 1209 432 394 482 264 1396 701 861 453 827 465 536 1214 248 230 555 470
427 387 315 432 782 776 416 527 644 385 776 1255 346 622 602 356 416 733 282 452 1626 256 397 1660 256 206 776 1032 500 489 776 102 374 0 1003 1453 217 179 776 145 1661 486 554 238 521 158 469 1459 277 572 340 256
1363 1323 1251 1316 1248 387 711 999 1278 770 386 503 746 1250 1230 730 1338 622 948 1080 852 958 782 886 958 950 387 396 1431 1425 386 1038 661 1003 0 699 1015 1021 387 893 887 1114 1413 998 1407 1002 941 705 828 498 912 958
1706 1666 1594 1711 1261 845 1169 1269 1548 1228 844 145 1204 1708 1688 1188 1695 1080 1406 1538 491 1416 1240 525 1416 1408 845 542 1779 1768 844 1382 1119 1363 610 0 1473 1475 845 1351 526 1572 1834 1456 1800 1272 1212 231 1286 956 1370 1416
577 521 465 502 932 812 473 677 794 402 812 1393 404 436 416 414 524 774 134 266 1742 177 413 1776 177 264 812 1090 650 639 812 252 432 217 1041 1589 0 187 812 202 1776 300 634 95 629 308 619 1595 335 630 154 177
538 498 426 543 893 743 435 638 755 332 742 1366 365 516 496 373 527 705 213 345 1722 148 344 1756 148 225 743 1051 611 600 742 214 394 179 1021 1564 187 0 743 164 1756 380 666 208 632 269 580 1570 296 591 234 148
1136 1095 1024 1113 1086 35 433 838 1117 492 35 738 468 1047 1027 452 1125 372 745 877 1087 680 503 1121 680 671 35 592 1209 1198 35 811 482 776 387 934 812 743 0 665 1121 911 1245 795 1229 840 780 940 549 337 765 680
504 464 392 509 859 665 305 604 721 254 664 1245 236 589 569 246 493 623 267 419 1593 222 266 1627 222 75 665 922 577 566 664 179 264 145 893 1441 202 164 665 0 1628 453 631 223 598 235 546 1446 167 462 308 222
2004 1964 1892 2008 1558 1122 1446 1567 1846 1505 1121 443 1481 1985 1965 1465 1993 1356 1683 1815 74 1693 1516 308 1693 1684 1122 840 2077 2066 1121 1679 1396 1661 887 615 1750 1756 1121 1628 0 1849 2131 1733 2097 1569 1509 621 1562 1233 1646 1693
377 260 505 241 1161 911 663 741 594 501 911 1492 557 175 155 542 263 873 232 84 1840 276 512 1874 276 460 911 1305 392 395 911 517 701 486 1140 1688 300 380 911 453 1875 0 373 283 368 577 845 1694 484 899 253 276
152 306 473 350 1031 1245 903 611 465 835 1245 1725 833 231 248 843 335 1207 566 420 2097 610 846 2131 610 693 1245 1519 84 88 1245 485 861 554 1474 1923 634 666 1245 631 2131 373 0 617 61 629 716 1929 764 1059 587 610
598 504 486 485 953 795 494 698 815 385 795 1376 425 419 399 426 507 757 117 249 1725 160 396 1759 160 285 795 1111 636 639 795 273 453 238 1024 1572 95 208 795 223 1759 283 617 0 612 329 640 1578 356 651 137 160
119 272 439 316 998 1229 869 577 431 830 1229 1691 799 226 243 809 301 1186 562 415 2063 605 841 2097 605 659 1229 1485 50 54 1229 451 827 521 1456 1890 629 632 1229 598 2097 368 61 612 0 595 682 1895 730 1025 583 605
501 461 389 506 690 841 506 435 714 476 840 1163 437 713 693 447 490 824 372 542 1535 346 487 1569 346 297 841 1031 574 563 840 176 465 158 1002 1362 308 269 840 235 1569 577 629 329 595 0 378 1367 368 571 431 346
588 646 700 690 630 780 626 117 396 765 780 1103 649 881 898 659 675 791 683 853 1474 657 777 1508 657 608 780 970 661 650 780 487 536 469 941 1301 619 580 780 546 1509 845 716 640 682 378 0 1307 678 510 742 657
1700 1660 1589 1705 1255 839 1163 1263 1542 1222 838 139 1198 1702 1682 1182 1689 1074 1400 1532 485 1410 1234 519 1410 1402 839 536 1773 1762 838 1376 1113 1357 604 219 1467 1469 839 1345 520 1566 1828 1450 1794 1266 1206 0 1280 950 1364 1410
636 596 524 641 991 549 289 736 853 139 549 1179 196 620 601 180 625 512 318 450 1528 253 150 1562 253 229 549 906 709 698 549 312 248 277 828 1375 335 296 549 167 1562 484 764 356 730 368 678 1381 0 446 339 253
932 892 820 936 817 337 320 568 847 487 337 850 370 1035 1015 381 921 348 694 864 1199 668 499 1233 668 524 337 527 1005 994 337 607 230 572 498 1046 630 591 337 462 1233 899 1059 651 1025 571 510 1052 446 0 753 668
592 474 588 455 1055 766 517 800 809 355 765 1289 412 389 369 396 477 728 87 219 1638 130 367 1672 130 314 766 1160 606 609 765 375 555 340 937 1485 154 234 765 308 1672 253 587 137 583 431 742 1491 339 753 0 130
614 497 503 478 970 680 431 715 831 269 679 1310 326 412 392 310 500 642 109 241 1658 85 281 1692 85 229 680 1074 628 632 679 290 470 256 958 1506 177 148 680 222 1693 276 610 160 605 346 657 1512 253 668 130 0
EOF