NAME : tsp_problem
TYPE : TSP
DIMENSION : 76
EDGE_WEIGHT_TYPE : EXPLICIT
EDGE_WEIGHT_FORMAT : FULL_MATRIX
EDGE_WEIGHT_SECTION
0 1974 219 1299 1121 1646 2094 1603 1890 1985 1432 75 1965 1760 2037 2042 147 103 1684 2144 2028 1891 1709 1612 1697 1566 1646 1647 1646 41 2015 1838 1985 1567 1436 159 1518 1636 1890 1958 1732 1658 1550 1117 1838 555 2083 421 926 1650 313 1729 741 1121 931 1890 2054 1684 1121 1666 1516 1575 2129 1693 1537 181 1878 244 1952 1468 90 930 96 1323 1121 1489
1974 0 1904 832 1107 489 280 585 316 375 835 1952 355 259 86 218 1856 1980 537 330 78 316 297 611 575 596 489 493 486 2001 201 399 94 564 789 1938 522 358 316 32 279 397 614 1037 287 1707 269 1919 1373 440 1859 512 1416 1106 1358 316 230 530 1107 455 821 572 316 521 684 1867 361 1929 61 693 2032 1357 1973 837 1106 667
219 1904 0 1229 1051 1576 2024 1533 1821 1915 1362 197 1895 1690 1967 1972 100 225 1614 2074 1958 1821 1640 1543 1627 1497 1576 1578 1576 246 1945 1768 1915 1498 1366 315 1449 1566 1821 1889 1662 1589 1480 1047 1769 485 2013 548 856 1581 285 1659 672 1051 861 1821 1984 1615 1052 1597 1447 1506 2060 1623 1467 66 1808 108 1882 1399 277 860 218 1254 1051 1419
1299 832 1229 0 403 686 952 509 749 964 607 1277 944 618 895 967 1180 1305 454 1002 886 749 568 379 603 365 686 690 683 1326 873 756 843 332 187 1263 436 494 749 817 590 500 382 399 818 1052 941 1446 604 415 1184 573 647 403 589 749 979 541 404 584 267 340 988 532 308 1192 858 1254 810 317 1356 588 1298 340 403 291
1121 1107 1051 403 0 769 1226 590 1023 1047 961 1099 1027 892 1169 1104 1002 1127 671 1259 1161 1023 842 600 684 553 769 773 765 1148 1147 1110 1117 580 540 1085 790 768 1023 1091 864 775 537 104 901 874 1215 1268 426 689 1006 792 534 35 587 1023 1117 672 35 938 621 572 1244 680 524 1013 940 1076 1084 456 1178 586 1120 311 35 476
1672 489 1602 686 769 0 596 210 591 393 932 1650 373 460 552 450 1553 1678 318 604 543 591 410 393 200 346 73 75 74 1698 607 805 473 373 751 1636 485 336 590 473 432 342 330 699 247 1425 593 1819 977 293 1557 137 1084 769 1159 591 462 166 769 861 675 365 590 175 471 1564 286 1627 457 403 1729 1158 1670 499 769 424
2094 280 2024 952 1226 596 0 692 436 236 857 2072 253 379 343 414 1975 2100 657 85 334 436 417 730 682 716 596 600 593 2121 109 421 291 683 909 2058 642 478 436 265 399 516 734 1156 395 1827 49 2039 1493 559 1979 619 1536 1226 1478 436 427 648 1227 477 941 691 70 640 804 1987 469 2049 258 813 2152 1477 2093 956 1226 787
1603 585 1533 509 590 210 692 0 510 489 852 1581 469 380 648 546 1484 1609 139 700 639 511 329 214 126 168 210 214 207 1630 635 833 569 194 585 1567 404 256 510 569 352 262 151 520 343 1356 689 1751 908 177 1488 233 1016 590 980 510 558 113 591 823 498 187 686 122 293 1496 382 1558 553 225 1661 979 1602 320 590 245
1890 316 1821 749 1023 591 436 510 0 608 887 1869 588 175 379 451 1772 1897 453 486 370 66 214 527 528 513 591 595 587 1917 357 555 327 480 706 1855 439 274 66 301 196 313 531 953 520 1624 425 1836 1290 356 1776 478 1333 1023 1275 66 463 446 1024 611 738 488 472 437 601 1783 594 1846 294 610 1948 1274 1889 753 1023 584
2010 375 1941 964 1047 393 236 489 608 0 1045 1989 101 551 438 336 1892 2017 596 244 429 608 589 671 479 625 393 397 390 2037 311 623 360 651 1030 1975 763 614 608 360 571 621 608 977 191 1764 233 2158 1316 571 1896 416 1423 1047 1437 608 349 445 1048 679 953 644 230 454 750 1903 265 1966 343 682 2068 1436 2009 777 1047 702
1432 835 1362 607 961 932 857 852 887 1059 0 1410 1076 756 898 970 1313 1438 795 908 889 887 706 869 870 855 932 937 929 1459 778 655 846 822 504 1396 515 632 887 820 728 655 872 957 1039 1165 846 1377 1162 698 1317 820 1114 961 1147 887 982 788 961 638 561 830 893 779 837 1325 1104 1387 813 846 1490 1146 1431 897 961 820
75 1952 197 1277 1099 1624 2072 1581 1869 1963 1410 0 1943 1738 2015 2020 125 64 1662 2122 2006 1869 1688 1590 1675 1544 1624 1626 1624 102 1993 1816 1963 1546 1414 172 1496 1614 1868 1937 1710 1637 1528 1095 1817 533 2061 433 904 1629 325 1707 720 1099 909 1869 2032 1662 1100 1644 1495 1553 2108 1671 1515 160 1856 222 1930 1447 133 908 57 1302 1099 1467
1991 355 1921 944 1027 373 253 469 588 101 1063 1969 0 531 418 316 1872 1997 576 261 409 588 569 651 459 605 373 377 370 2018 328 640 340 631 1010 1955 743 594 588 340 551 601 589 957 171 1744 250 2138 1296 552 1876 396 1404 1027 1417 588 329 425 1028 696 933 624 247 434 730 1883 245 1946 324 662 2048 1416 1989 757 1027 682
1760 259 1690 618 892 460 379 380 175 551 756 1738 531 0 322 393 1641 1766 322 429 313 176 113 396 398 382 460 464 457 1787 300 498 270 349 575 1724 308 144 175 243 129 182 400 822 463 1493 368 1705 1159 225 1645 347 1202 892 1144 176 406 315 893 554 607 357 414 306 470 1652 537 1715 237 479 1817 1143 1759 622 892 453
2037 86 1967 895 1169 552 343 648 379 438 898 2015 418 322 0 280 1918 2043 600 393 39 379 360 673 638 659 552 556 548 2064 264 462 157 626 852 2001 585 421 379 95 342 459 677 1099 350 1770 332 1982 1436 502 1922 574 1479 1169 1421 379 293 592 1170 518 884 634 379 583 747 1930 424 1992 124 756 2095 1420 2036 899 1169 730
2067 218 1998 967 1104 450 414 546 451 336 969 2046 316 393 280 0 1949 2074 653 465 272 451 431 728 536 682 450 454 446 2094 335 534 181 698 923 2032 657 492 450 202 413 531 665 1034 248 1821 403 2053 1373 574 1952 473 1480 1104 1492 451 39 502 1105 590 956 701 450 511 807 1960 322 2023 186 739 2125 1492 2066 834 1104 759
147 1856 100 1180 1002 1527 1975 1484 1772 1866 1313 125 1846 1641 1918 1923 0 153 1565 2026 1910 1772 1591 1494 1579 1448 1527 1529 1527 174 1896 1720 1866 1449 1317 243 1400 1517 1772 1840 1613 1540 1431 998 1720 436 1964 499 807 1532 237 1611 623 1002 812 1772 1936 1566 1003 1548 1398 1457 2011 1575 1418 63 1759 125 1833 1350 204 811 145 1205 1002 1371
103 1980 225 1305 1127 1652 2100 1609 1897 1991 1438 64 1971 1766 2043 2048 153 0 1690 2150 2034 1897 1715 1618 1703 1572 1652 1654 1652 130 2021 1844 1991 1574 1442 200 1524 1642 1896 1965 1738 1665 1556 1123 1845 561 2089 461 932 1657 353 1735 748 1127 937 1897 2060 1690 1127 1672 1523 1581 2136 1699 1543 188 1884 250 1958 1475 161 936 85 1330 1127 1495
1684 537 1614 454 671 318 657 139 453 596 795 1662 576 322 600 653 1565 1690 0 707 591 453 272 232 233 218 318 322 315 1711 577 776 548 185 529 1648 347 198 453 521 294 205 232 601 450 1437 646 1744 989 119 1569 278 1037 671 979 453 666 221 672 766 442 193 692 229 305 1577 489 1639 514 306 1742 978 1683 401 671 288
2144 330 2074 1002 1259 604 85 700 486 244 907 2122 261 429 393 465 2026 2150 707 0 384 486 467 780 690 766 604 608 601 2171 160 472 341 734 959 2108 692 528 486 315 449 567 784 1189 403 1877 82 2089 1528 609 2029 627 1586 1258 1528 486 477 656 1259 528 991 741 52 665 854 2037 477 2099 308 863 2202 1527 2143 989 1258 837
2028 78 1958 886 1161 543 334 639 370 429 889 2006 409 313 39 272 1910 2034 591 384 0 370 351 665 629 650 543 547 540 2055 255 453 148 618 843 1992 576 412 370 86 333 451 668 1091 341 1761 323 1973 1427 494 1913 566 1470 1160 1412 370 284 584 1161 509 875 626 370 575 738 1921 415 1983 115 747 2086 1411 2027 891 1160 721
1891 316 1821 749 1023 591 436 511 66 608 887 1869 588 176 379 451 1772 1897 453 486 370 0 214 527 529 513 591 595 588 1918 357 555 327 480 706 1855 439 275 66 301 196 313 531 953 520 1624 425 1836 1290 356 1776 478 1333 1023 1275 66 463 446 1024 611 738 488 472 437 601 1783 594 1846 294 610 1948 1274 1889 753 1023 584
1709 297 1640 568 842 410 417 329 214 589 706 1688 569 113 360 431 1591 1715 272 467 351 214 0 346 347 332 410 414 406 1736 338 536 308 299 524 1674 258 93 213 282 84 132 349 772 501 1442 406 1654 1109 175 1594 297 1152 842 1093 214 444 265 842 592 557 307 453 256 419 1602 575 1664 275 428 1767 1093 1708 572 842 403
1612 611 1543 379 600 393 730 214 527 671 869 1590 651 396 673 728 1494 1618 232 780 665 527 346 0 308 69 393 397 389 1639 651 850 621 64 455 1577 421 272 527 595 368 279 87 530 525 1366 719 1760 918 193 1497 351 963 599 905 527 740 295 600 839 368 56 766 304 230 1505 564 1567 588 234 1670 904 1611 330 599 214
1697 575 1627 603 684 200 682 126 528 479 870 1675 459 398 638 536 1579 1703 233 690 629 529 347 308 0 262 200 204 197 1724 653 851 559 288 679 1661 422 274 528 559 370 280 246 614 333 1451 679 1819 1003 231 1582 223 1110 684 1074 529 548 103 685 841 592 281 676 112 387 1590 372 1652 543 319 1755 1074 1696 414 684 340
1566 596 1497 365 553 346 716 168 513 625 855 1544 605 382 659 682 1448 1572 218 766 650 513 332 69 262 0 346 351 343 1593 637 835 607 49 441 1531 407 258 513 581 354 264 47 484 479 1320 705 1714 872 179 1451 337 949 553 890 513 694 249 554 825 354 42 752 258 216 1459 518 1521 574 188 1624 890 1565 283 553 200
1671 489 1602 686 769 73 596 210 591 393 932 1650 373 460 552 450 1553 1678 318 604 543 591 410 393 200 346 0 75 74 1698 607 805 473 373 751 1636 485 336 590 473 432 342 330 699 247 1425 593 1819 977 293 1557 137 1084 769 1159 591 462 166 769 861 675 365 590 175 471 1564 286 1627 457 403 1729 1158 1670 499 769 424
1673 493 1604 690 773 75 600 214 595 397 937 1652 377 464 556 454 1555 1680 322 608 547 595 414 397 204 351 75 0 76 1700 611 809 477 377 755 1638 489 340 595 478 436 347 334 703 251 1427 597 1821 979 297 1558 141 1086 773 1163 595 466 171 773 865 679 369 594 179 476 1566 290 1629 461 407 1731 1162 1672 503 773 428
1672 486 1602 683 765 74 593 207 587 390 929 1650 370 457 548 446 1553 1678 315 601 540 588 406 389 197 343 74 76 0 1699 603 802 470 369 748 1636 481 333 587 470 429 339 327 696 243 1425 590 1819 977 290 1557 134 1085 765 1155 587 459 163 766 858 672 362 587 172 468 1565 283 1627 454 400 1730 1155 1671 495 765 421
41 2001 246 1326 1148 1673 2121 1630 1917 2012 1459 102 1992 1787 2064 2069 174 130 1711 2171 2055 1918 1736 1639 1724 1593 1673 1674 1673 0 2042 1865 2012 1594 1463 186 1545 1663 1917 1985 1759 1685 1577 1144 1865 582 2110 448 953 1677 340 1756 768 1148 958 1917 2081 1711 1148 1693 1543 1602 2156 1720 1564 208 1905 271 1979 1495 117 957 123 1350 1148 1516
2015 201 1945 873 1147 607 109 635 357 311 778 1993 328 300 264 335 1896 2021 577 160 255 357 338 651 653 637 607 611 603 2042 0 342 212 604 830 1979 563 399 357 185 320 437 655 1077 405 1748 98 1960 1414 480 1900 602 1457 1147 1399 357 348 570 1148 398 862 612 145 561 725 1907 479 1970 178 734 2072 1398 2013 877 1147 708
1838 399 1768 756 1110 805 421 833 555 623 655 1816 640 498 462 534 1720 1844 776 472 453 555 536 850 851 835 805 809 802 1865 342 0 410 803 653 1802 657 597 555 384 518 636 853 1106 604 1571 411 1783 1311 679 1723 801 1354 1110 1296 555 546 769 1110 188 710 811 457 760 923 1731 677 1793 377 932 1896 1295 1837 1046 1110 906
1985 94 1915 843 1117 473 291 569 327 360 846 1963 340 270 157 181 1866 1991 548 341 148 327 308 621 559 607 473 477 470 2012 212 410 0 574 800 1949 533 369 327 78 290 407 625 1047 272 1718 280 1930 1384 450 1870 496 1427 1117 1369 327 194 525 1118 466 832 582 327 531 695 1878 346 1940 62 704 2043 1368 1984 847 1117 678
1567 564 1498 332 580 373 683 194 480 651 822 1546 631 349 626 698 1449 1574 185 734 618 480 299 64 288 49 373 377 369 1594 604 803 574 0 408 1532 374 225 480 548 321 232 67 510 505 1321 672 1715 873 146 1452 304 916 579 858 480 710 273 580 793 321 36 719 264 184 1460 544 1523 541 193 1625 857 1566 310 580 167
1436 789 1366 187 540 751 909 585 706 1030 504 1414 1010 575 852 923 1317 1442 529 959 843 706 524 455 679 441 751 755 748 1463 830 653 800 408 0 1400 333 451 705 774 547 474 458 536 883 1190 898 1453 741 491 1321 638 784 540 726 706 936 607 541 481 108 416 945 598 383 1329 923 1391 767 393 1494 725 1435 477 540 367
159 1938 315 1263 1085 1610 2058 1567 1855 1949 1396 172 1929 1724 2001 2006 243 200 1648 2108 1992 1855 1674 1577 1661 1531 1610 1612 1610 186 1979 1802 1949 1532 1400 0 1483 1600 1855 1923 1696 1623 1514 1081 1803 519 2047 313 890 1615 205 1693 706 1085 895 1855 2018 1649 1086 1631 1481 1540 2094 1657 1501 278 1842 340 1916 1433 166 894 193 1288 1085 1453
1518 522 1449 436 790 485 642 404 439 763 515 1496 743 308 585 657 1400 1524 347 692 576 439 258 421 422 407 485 489 481 1545 563 657 533 374 333 1483 0 184 439 507 280 207 424 786 617 1251 631 1463 991 250 1403 372 1034 790 976 439 669 340 791 485 390 382 678 331 494 1411 656 1473 500 503 1576 975 1517 647 790 478
1636 358 1566 494 768 336 478 256 274 614 632 1614 594 144 421 492 1517 1642 198 528 412 275 93 272 274 258 336 340 333 1663 399 597 369 225 451 1600 184 0 274 342 116 58 276 698 468 1369 467 1581 1035 101 1521 223 1078 768 1020 274 505 191 769 603 483 233 513 182 346 1528 507 1591 336 355 1693 1019 1634 498 768 329
1890 316 1821 749 1023 590 436 510 66 608 887 1868 588 175 379 450 1772 1896 453 486 370 66 213 527 528 513 590 595 587 1917 357 555 327 480 705 1855 439 274 0 300 195 313 530 953 520 1623 425 1835 1290 356 1775 478 1332 1023 1274 66 463 446 1023 611 738 488 471 437 600 1783 594 1845 294 609 1948 1274 1889 753 1023 584
1958 32 1889 817 1091 473 265 569 301 360 820 1937 340 243 95 202 1840 1965 521 315 86 301 282 595 559 581 473 478 470 1985 185 384 78 548 774 1923 507 342 300 0 264 381 599 1021 272 1692 254 1904 1358 424 1844 496 1401 1091 1343 301 214 514 1092 440 806 556 300 505 669 1851 346 1914 45 678 2016 1342 1957 821 1091 652
1732 279 1662 590 864 432 399 352 196 571 728 1710 551 129 342 413 1613 1738 294 449 333 196 84 368 370 354 432 436 429 1759 320 518 290 321 547 1696 280 116 195 264 0 154 372 794 483 1465 388 1677 1131 197 1617 319 1174 864 1116 196 426 287 865 574 579 329 435 278 442 1624 557 1687 257 451 1789 1115 1730 594 864 425
1658 397 1589 500 775 342 516 262 313 621 655 1637 601 182 459 531 1540 1665 205 567 451 313 132 279 280 264 342 347 339 1685 437 636 407 232 474 1623 207 58 313 381 154 0 282 705 475 1392 505 1604 1042 108 1544 230 1084 775 1026 313 543 198 775 625 489 240 552 189 352 1551 514 1614 374 361 1716 1025 1657 505 775 335
1550 614 1480 382 537 330 734 151 531 608 872 1528 589 400 677 665 1431 1556 232 784 668 531 349 87 246 47 330 334 327 1577 655 853 625 67 458 1514 424 276 530 599 372 282 0 467 462 1303 723 1697 855 197 1435 353 963 537 908 531 678 233 538 843 371 60 770 242 234 1442 502 1505 592 172 1607 907 1549 267 537 192
1117 1037 1047 399 104 699 1156 520 953 977 957 1095 957 822 1099 1034 998 1123 601 1189 1091 953 772 530 614 484 699 703 696 1144 1077 1106 1047 510 536 1081 786 698 953 1021 794 705 467 0 831 870 1145 1264 422 619 1002 722 530 104 583 953 1047 602 105 934 592 502 1174 610 454 1010 870 1072 1014 386 1175 582 1116 241 104 406
1864 287 1795 818 901 247 395 343 520 191 1039 1843 171 463 350 248 1746 1871 450 403 341 520 501 525 333 479 247 251 243 1891 405 604 272 505 883 1829 617 468 520 272 483 475 462 831 0 1618 392 2012 1170 425 1749 270 1277 901 1291 520 261 299 902 660 807 498 388 308 604 1757 157 1819 256 536 1922 1290 1863 631 901 556
611 1763 541 1108 930 1455 1883 1412 1679 1794 1221 589 1774 1549 1826 1851 492 617 1493 1933 1817 1680 1498 1422 1506 1376 1455 1457 1455 638 1804 1627 1774 1377 1245 575 1307 1425 1679 1747 1521 1447 1359 926 1648 0 1872 758 735 1460 496 1538 530 930 720 1679 1863 1494 931 1455 1326 1385 1918 1502 1346 503 1687 566 1741 1278 668 719 610 1133 930 1298
2083 269 2013 941 1215 593 49 689 425 233 846 2061 250 368 332 403 1964 2089 646 82 323 425 406 719 679 705 593 597 590 2110 98 411 280 672 898 2047 631 467 425 254 388 505 723 1145 392 1816 0 2028 1482 548 1968 616 1525 1215 1467 425 416 638 1216 466 930 680 67 630 793 1976 466 2038 247 802 2141 1466 2082 945 1215 776
421 1917 548 1446 1268 1793 2037 1751 1834 2132 1375 433 2112 1703 1980 2051 499 461 1742 2087 1971 1834 1652 1760 1817 1714 1793 1795 1794 448 1958 1781 1928 1715 1451 313 1461 1579 1833 1902 1675 1602 1697 1264 1986 703 2026 0 1073 1645 389 1766 889 1268 1078 1834 2064 1735 1269 1609 1508 1723 2073 1726 1684 510 2026 573 1895 1616 427 1078 454 1471 1268 1637
926 1373 856 604 426 951 1457 908 1290 1290 1162 904 1270 1159 1436 1347 807 932 989 1466 1427 1290 1109 918 1003 872 951 953 951 953 1414 1311 1371 873 741 890 991 1035 1290 1358 1131 1042 855 422 1144 679 1455 1073 0 956 811 1035 339 426 528 1290 1360 990 427 1139 822 881 1452 999 842 818 1183 881 1351 774 983 527 924 629 426 795
1650 440 1581 415 689 293 559 177 356 571 698 1629 552 225 502 574 1532 1657 119 609 494 356 175 193 231 179 293 297 290 1677 480 679 450 146 491 1615 250 101 356 424 197 108 197 619 425 1404 548 1646 956 0 1535 180 999 689 941 356 586 148 690 668 404 154 595 140 267 1543 465 1606 417 276 1708 940 1649 419 689 250
313 1859 285 1184 1006 1531 1979 1488 1776 1870 1317 325 1850 1645 1922 1927 237 353 1569 2029 1913 1776 1594 1497 1582 1451 1531 1533 1531 340 1900 1723 1870 1452 1321 205 1403 1521 1775 1844 1617 1544 1435 1002 1724 440 1968 389 811 1535 0 1614 626 1006 816 1776 1939 1569 1006 1551 1402 1460 2015 1578 1422 248 1763 310 1837 1353 319 815 346 1209 1006 1374
1755 512 1685 573 792 137 619 233 478 416 820 1733 396 347 574 473 1636 1761 278 627 566 478 297 351 223 337 137 141 134 1782 602 801 496 304 638 1719 372 223 478 496 319 230 353 722 270 1509 616 1768 1061 180 1640 0 1157 791 1099 478 485 189 792 790 562 312 613 198 425 1648 309 1710 480 426 1813 1098 1754 522 791 408
741 1416 672 647 534 1059 1536 1016 1333 1398 1114 720 1378 1202 1479 1454 623 748 1037 1574 1470 1333 1152 963 1110 949 1059 1060 1059 768 1457 1354 1427 916 784 706 1034 1078 1332 1401 1174 1084 963 530 1251 474 1525 889 339 999 626 1142 0 534 241 1333 1467 1097 534 1182 865 924 1559 1106 892 634 1291 696 1394 881 799 240 740 736 534 875
1121 1106 1051 403 35 769 1226 590 1023 1047 961 1099 1027 892 1169 1104 1002 1127 671 1258 1160 1023 842 599 684 553 769 773 765 1148 1147 1110 1117 579 540 1085 790 768 1023 1091 864 775 537 104 901 874 1215 1268 426 689 1006 791 534 0 587 1023 1116 671 35 938 621 572 1244 680 524 1013 940 1076 1084 456 1178 586 1119 311 35 476
931 1358 861 589 587 1159 1478 980 1275 1437 1147 909 1417 1144 1421 1492 812 937 979 1528 1412 1275 1093 905 1074 890 1159 1163 1155 958 1399 1296 1369 858 726 895 976 1020 1274 1343 1116 1026 908 583 1291 664 1467 1078 528 941 816 1099 241 587 0 1275 1505 1062 588 1124 807 866 1514 1058 833 824 1330 886 1336 842 989 53 930 701 587 817
1890 316 1821 749 1023 591 436 510 66 608 887 1869 588 176 379 451 1772 1897 453 486 370 66 214 527 529 513 591 595 587 1917 357 555 327 480 706 1855 439 274 66 301 196 313 531 953 520 1624 425 1836 1290 356 1776 478 1333 1023 1275 0 463 446 1024 611 738 488 472 437 601 1783 594 1846 294 610 1948 1274 1889 753 1023 584
2080 230 2010 979 1117 462 427 558 463 349 982 2058 329 406 293 39 1961 2086 666 477 284 463 444 740 548 694 462 466 459 2107 348 546 194 710 936 2044 669 505 463 214 426 543 678 1047 261 1834 416 2066 1385 586 1965 485 1493 1116 1505 463 0 514 1117 602 968 713 463 523 819 1973 335 2035 198 751 2138 1504 2079 846 1116 772
1684 530 1615 541 672 166 648 113 446 445 788 1662 425 315 592 502 1566 1690 221 656 584 446 265 295 103 249 166 171 163 1711 570 769 525 273 607 1649 340 191 446 514 287 198 233 602 299 1438 638 1737 990 148 1569 189 1097 671 1062 446 514 0 672 758 530 268 642 31 374 1577 338 1639 507 306 1742 1061 1683 401 671 327
1121 1107 1052 404 35 769 1227 591 1024 1048 961 1100 1028 893 1170 1105 1003 1127 672 1259 1161 1024 842 600 685 554 769 773 766 1148 1148 1110 1118 580 541 1086 791 769 1023 1092 865 775 538 105 902 875 1216 1269 427 690 1006 792 534 35 588 1024 1117 672 0 938 622 573 1245 681 525 1014 941 1076 1085 456 1179 587 1120 311 35 477
1666 455 1597 584 938 861 477 823 611 679 638 1644 696 554 518 590 1548 1672 766 528 509 611 592 839 841 825 861 865 858 1693 398 188 466 793 481 1631 485 603 611 440 574 625 843 934 660 1399 466 1611 1139 668 1551 790 1182 938 1124 611 602 758 938 0 538 800 513 750 814 1559 733 1621 433 823 1724 1123 1665 874 938 797
1516 821 1447 267 621 675 941 498 738 953 561 1495 933 607 884 956 1398 1523 442 991 875 738 557 368 592 354 675 679 672 1543 862 710 832 321 108 1481 390 483 738 806 579 489 371 592 807 1270 930 1510 822 404 1402 562 865 621 807 738 968 530 622 538 0 329 977 521 297 1409 847 1472 799 306 1574 806 1515 392 621 280
1575 572 1506 340 572 365 691 187 488 644 830 1553 624 357 634 701 1457 1581 193 741 626 488 307 56 281 42 365 369 362 1602 612 811 582 36 416 1540 382 233 488 556 329 240 60 502 498 1329 680 1723 881 154 1460 312 924 572 866 488 713 268 573 800 329 0 727 272 192 1468 537 1530 549 201 1633 865 1574 302 572 175
2129 316 2060 988 1244 590 70 686 472 230 893 2108 247 414 379 450 2011 2136 692 52 370 472 453 766 676 752 590 594 587 2156 145 457 327 719 945 2094 678 513 471 300 435 552 770 1174 388 1863 67 2075 1513 595 2015 613 1572 1244 1514 472 463 642 1245 513 977 727 0 651 840 2022 462 2085 293 849 2187 1513 2128 974 1244 823
1693 521 1623 532 680 175 640 122 437 454 779 1671 434 306 583 511 1575 1699 229 665 575 437 256 304 112 258 175 179 172 1720 561 760 531 264 598 1657 331 182 437 505 278 189 242 610 308 1447 630 1728 999 140 1578 198 1106 680 1058 437 523 31 681 750 521 272 651 0 383 1586 347 1648 498 315 1751 1057 1692 410 680 336
1537 684 1467 308 524 471 804 293 601 750 837 1515 730 470 747 807 1418 1543 305 854 738 601 419 230 387 216 471 476 468 1564 725 923 695 184 383 1501 494 346 600 669 442 352 234 454 604 1290 793 1684 842 267 1422 425 892 524 833 601 819 374 525 814 297 192 840 383 0 1429 643 1492 662 94 1594 833 1535 254 524 69
181 1867 66 1192 1013 1538 1987 1496 1783 1877 1325 160 1857 1652 1930 1934 63 188 1577 2037 1921 1783 1602 1505 1590 1459 1538 1540 1539 208 1907 1731 1878 1460 1329 278 1411 1528 1783 1851 1624 1551 1442 1010 1731 448 1976 510 818 1543 248 1622 634 1013 824 1783 1947 1577 1014 1559 1409 1468 2022 1586 1429 0 1771 91 1844 1361 239 823 180 1216 1013 1382
1904 361 1834 858 940 286 469 382 594 265 1104 1882 245 537 424 322 1785 1910 489 477 415 594 575 564 372 518 286 290 283 1931 479 677 346 544 923 1868 656 507 594 346 557 514 502 870 157 1657 466 2051 1209 465 1789 309 1317 940 1330 594 335 338 941 733 847 537 462 347 643 1796 0 1859 329 575 1961 1329 1903 670 940 596
244 1929 108 1254 1076 1601 2049 1558 1846 1940 1387 222 1920 1715 1992 1997 125 250 1639 2099 1983 1846 1664 1567 1652 1521 1601 1603 1601 271 1970 1793 1940 1523 1391 340 1473 1591 1845 1914 1687 1614 1505 1072 1794 510 2038 573 881 1606 310 1684 696 1076 886 1846 2009 1639 1076 1621 1472 1530 2085 1648 1492 91 1833 0 1907 1424 301 885 243 1279 1076 1444
1952 61 1882 810 1084 457 258 553 294 343 813 1930 324 237 124 186 1833 1958 514 308 115 294 275 588 543 574 457 461 454 1979 178 377 62 541 767 1916 500 336 294 45 257 374 592 1014 256 1685 247 1897 1351 417 1837 480 1394 1084 1336 294 198 507 1085 433 799 549 293 498 662 1844 329 1907 0 671 2009 1335 1950 814 1084 645
1468 693 1399 317 456 403 813 225 610 682 846 1447 662 479 756 739 1350 1475 306 863 747 610 428 234 319 188 403 407 400 1495 734 932 704 193 393 1433 503 355 609 678 451 361 172 386 536 1222 802 1616 774 276 1353 426 881 456 842 610 751 306 456 823 306 201 849 315 94 1361 575 1424 671 0 1526 842 1467 186 456 47
90 2032 277 1356 1178 1703 2152 1661 1948 2042 1490 133 2022 1817 2095 2099 204 161 1742 2202 2086 1948 1767 1670 1755 1624 1703 1705 1704 117 2072 1896 2043 1625 1494 166 1576 1693 1948 2016 1789 1716 1607 1175 1896 613 2141 427 983 1708 319 1787 799 1178 989 1948 2112 1742 1179 1724 1574 1633 2187 1751 1594 239 1936 301 2009 1526 0 988 154 1381 1178 1547
930 1357 860 588 586 1158 1477 979 1274 1436 1146 908 1416 1143 1420 1492 811 936 978 1527 1411 1274 1093 904 1074 890 1158 1162 1155 957 1398 1295 1368 857 725 894 975 1019 1274 1342 1115 1025 907 582 1290 663 1466 1078 527 940 815 1098 240 586 53 1274 1504 1061 587 1123 806 865 1513 1057 833 823 1329 885 1335 842 988 0 929 700 586 816
96 1973 218 1298 1120 1644 2093 1602 1889 1983 1431 57 1964 1759 2036 2040 145 85 1683 2143 2027 1889 1708 1611 1696 1565 1644 1646 1645 123 2013 1837 1984 1566 1435 193 1517 1634 1889 1957 1730 1657 1549 1116 1837 554 2082 454 924 1649 346 1728 740 1119 930 1889 2053 1683 1120 1665 1515 1574 2128 1692 1535 180 1877 243 1950 1467 154 929 0 1322 1119 1488
1323 837 1254 340 311 499 956 320 753 777 897 1302 757 622 899 834 1205 1330 401 989 891 753 572 330 414 283 499 503 495 1350 877 1046 847 310 477 1288 647 498 753 821 594 505 267 241 631 1077 945 1471 629 419 1209 522 736 311 701 753 846 401 311 874 392 302 974 410 254 1216 670 1279 814 186 1381 700 1322 0 311 206
1121 1106 1051 403 35 769 1226 590 1023 1047 961 1099 1027 892 1169 1104 1002 1127 671 1258 1160 1023 842 599 684 553 769 773 765 1148 1147 1110 1117 580 540 1085 790 768 1023 1091 864 775 537 104 901 874 1215 1268 426 689 1006 791 534 35 587 1023 1116 671 35 938 621 572 1244 680 524 1013 940 1076 1084 456 1178 586 1119 311 0 476
1489 667 1419 291 476 424 787 245 584 702 820 1467 682 453 730 759 1371 1495 288 837 721 584 403 214 340 200 424 428 421 1516 708 906 678 167 367 1453 478 329 584 652 425 335 192 406 556 1243 776 1637 795 250 1374 408 875 476 817 584 772 327 477 797 280 175 823 336 69 1382 596 1444 645 47 1547 816 1488 206 476 0
EOF