NAME : tsp_problem
TYPE : TSP
DIMENSION : 26
EDGE_WEIGHT_TYPE : EXPLICIT
EDGE_WEIGHT_FORMAT : FULL_MATRIX
EDGE_WEIGHT_SECTION
0 366 939 334 451 1096 1023 788 486 1070 687 435 1113 1110 1251 769 1024 1260 709 589 550 1165 35 512 1209 881
366 0 868 333 329 907 761 525 292 934 617 372 904 985 1007 698 762 1016 849 496 388 903 366 277 947 673
939 868 0 676 568 312 592 525 603 286 283 528 678 326 467 284 593 476 1490 405 512 495 939 629 480 793
334 333 676 0 188 833 760 525 223 807 424 172 1056 847 988 506 761 997 934 326 287 902 333 249 946 825
451 329 568 188 0 724 609 374 56 698 316 64 935 739 855 398 610 864 1051 218 178 751 450 82 795 766
1096 907 312 833 724 0 379 410 719 55 440 684 464 151 385 441 379 394 1602 562 669 281 1095 704 325 579
1023 761 592 760 609 379 0 264 572 405 510 631 558 456 478 590 66 487 1455 483 524 374 1023 557 418 672
788 525 525 525 374 410 264 0 337 437 274 396 589 488 510 355 265 519 1220 248 288 406 787 322 450 564
486 292 603 223 56 719 572 337 0 733 351 99 898 774 818 433 573 827 1086 253 199 714 485 45 758 729
1070 934 286 807 698 55 405 437 733 0 413 658 491 125 412 415 406 420 1620 536 643 307 1069 730 352 606
687 617 283 424 316 440 510 274 351 413 0 276 806 454 595 113 510 604 1287 153 260 622 687 377 608 765
435 372 528 172 64 684 631 396 99 658 276 0 957 699 840 358 632 849 1035 178 138 773 435 126 817 809
1113 904 678 1056 935 464 558 589 898 491 806 957 0 542 466 807 558 475 1406 808 849 362 1112 883 406 251
1110 985 326 847 739 151 456 488 774 125 454 699 542 0 463 455 457 471 1661 576 683 358 1110 781 402 657
1251 1007 467 988 855 385 478 510 818 412 595 840 466 463 0 596 479 59 1701 717 770 140 1251 803 90 581
769 698 284 506 398 441 590 355 433 415 113 358 807 455 596 0 591 605 1259 235 342 624 769 459 609 846
1024 762 593 761 610 379 66 265 573 406 510 632 558 457 479 591 0 487 1456 484 524 374 1023 558 419 673
1260 1016 476 997 864 394 487 519 827 420 604 849 475 471 59 605 487 0 1710 726 778 148 1259 812 99 590
709 849 1464 934 1051 1602 1455 1220 1086 1594 1287 1035 1406 1635 1701 1233 1456 1710 0 1189 1150 1597 708 1088 1641 1174
589 496 405 326 218 562 483 248 253 536 153 178 808 576 717 235 484 726 1189 0 162 625 588 279 669 739
550 388 512 287 178 669 524 288 199 643 260 138 849 683 770 342 524 778 1150 162 0 665 549 184 709 779
1165 903 495 902 751 281 374 406 714 307 622 773 362 358 140 624 374 148 1597 625 665 0 1164 699 84 477
35 366 939 333 450 1095 1023 787 485 1069 687 435 1112 1110 1251 769 1023 1259 708 588 549 1164 0 512 1208 881
512 277 629 249 82 704 557 322 45 730 377 126 883 781 803 459 558 812 1088 279 184 699 512 0 743 714
1209 947 480 946 795 325 418 450 758 352 608 817 406 402 90 609 419 99 1641 669 709 84 1208 743 0 521
881 673 793 825 766 579 672 564 729 606 765 809 251 657 581 846 673 590 1174 739 779 477 881 714 521 0
EOF