NAME : tsp_problem
TYPE : TSP
DIMENSION : 42
EDGE_WEIGHT_TYPE : EXPLICIT
EDGE_WEIGHT_FORMAT : FULL_MATRIX
EDGE_WEIGHT_SECTION
0 716 438 300 1023 719 738 536 537 1872 463 521 560 664 454 1828 595 853 589 468 538 1883 171 1829 433 242 428 1423 1023 1251 581 864 649 547 457 65 974 578 375 584 603 201
716 0 687 783 386 121 355 596 681 1380 513 403 559 126 377 1336 224 406 733 370 447 1391 578 1337 332 500 910 954 386 665 198 331 213 691 628 716 437 184 857 636 521 562
438 687 0 164 981 661 887 140 142 1925 366 310 165 606 530 1882 679 1002 193 372 300 1937 375 1882 485 446 392 1499 981 1210 520 926 587 151 661 438 1032 638 339 189 807 405
300 783 164 0 1090 783 805 262 264 1939 488 432 287 728 521 1895 662 920 315 494 422 1950 238 1895 500 309 255 1490 1090 1317 642 931 709 274 524 301 1041 645 202 311 670 267
1023 386 981 1090 0 415 621 890 975 1101 807 697 853 420 671 1058 518 288 1027 664 741 1113 885 1058 626 807 1217 675 34 386 492 344 508 985 777 1023 158 478 1164 930 621 869
719 121 661 783 415 0 397 570 655 1409 487 377 533 100 351 1366 198 449 707 344 421 1421 581 1366 306 503 913 983 416 694 172 361 187 665 631 719 466 158 860 609 563 565
738 355 887 805 621 397 0 796 882 1497 547 605 759 360 443 1454 291 385 933 552 621 1509 600 1454 422 522 932 1071 621 782 407 503 422 892 378 738 506 273 879 836 222 584
536 596 140 262 890 570 796 0 135 1834 275 219 60 515 439 1791 588 911 186 281 209 1846 473 1791 394 496 405 1408 890 1119 429 835 496 144 624 536 941 547 437 154 770 503
537 681 142 264 975 655 882 135 0 1920 360 305 159 600 525 1876 673 997 92 366 294 1931 474 1876 480 545 311 1493 975 1205 514 920 581 79 709 537 1026 633 378 183 855 504
1872 1380 1899 1939 1101 1409 1497 1809 1894 0 1726 1670 1772 1414 1665 119 1512 1165 1945 1658 1660 280 1734 301 1620 1655 2066 494 1101 867 1486 1221 1501 1904 1486 1872 1035 1472 2013 1848 1386 1718
463 513 366 488 807 487 547 275 360 1752 0 137 238 432 262 1708 404 662 412 198 126 1763 325 1709 241 247 630 1326 808 1037 346 673 414 370 374 463 783 386 604 315 520 309
521 403 310 432 697 377 605 219 305 1691 137 0 182 322 246 1647 395 720 356 88 71 1702 383 1648 201 305 575 1265 697 976 236 642 303 314 432 521 748 354 607 259 578 367
560 559 165 287 853 533 759 60 159 1797 238 182 0 478 402 1754 551 874 211 244 172 1809 497 1754 357 459 429 1371 853 1082 392 798 459 169 587 560 904 510 462 117 733 522
664 126 606 728 420 100 360 515 600 1414 432 322 478 0 295 1370 143 453 652 289 366 1425 526 1371 250 448 858 988 420 699 117 365 132 610 575 664 471 103 805 554 561 510
454 377 530 521 671 351 443 439 525 1665 262 246 402 295 0 1621 300 557 576 213 291 1676 316 1621 61 237 648 1238 671 950 210 568 277 534 365 454 679 282 595 479 511 300
1828 1336 1856 1895 1058 1366 1454 1765 1850 119 1682 1627 1728 1370 1621 0 1468 1121 1902 1614 1616 191 1690 212 1576 1612 2022 450 1058 823 1443 1177 1458 1860 1443 1828 991 1428 1969 1805 1342 1674
595 224 679 662 518 198 291 588 673 1512 404 395 551 143 300 1468 0 406 725 362 439 1523 457 1469 279 379 790 1086 518 797 190 417 205 683 507 595 527 57 736 627 492 442
853 406 1002 920 288 449 385 911 997 1165 662 720 874 453 557 1121 406 0 1048 667 736 1176 715 1121 537 637 1047 738 288 450 522 183 537 1006 541 853 173 388 994 951 386 699
589 733 193 315 1027 707 933 186 92 1971 412 356 211 652 576 1928 725 1048 0 418 346 1983 526 1928 531 597 248 1545 1027 1256 566 972 633 88 761 589 1078 684 316 235 907 556
468 370 372 494 664 344 552 281 366 1658 198 88 244 289 213 1614 362 667 418 0 132 1669 330 1615 169 252 636 1232 664 943 203 609 270 376 379 468 715 321 609 321 525 314
538 447 300 422 741 421 621 209 294 1686 126 71 172 366 291 1642 439 736 346 132 0 1697 400 1643 246 321 564 1260 742 971 280 687 348 304 449 538 792 399 597 249 595 384
1883 1391 1911 1950 1113 1421 1509 1820 1905 280 1737 1682 1783 1425 1676 191 1523 1176 1957 1669 1671 0 1745 103 1631 1667 2077 505 1113 878 1498 1232 1513 1915 1498 1883 1046 1483 2024 1860 1397 1729
171 578 375 238 885 581 600 473 474 1734 325 383 497 526 316 1690 457 715 526 330 400 1745 0 1690 295 104 365 1285 885 1112 443 726 511 484 319 171 836 440 312 522 465 128
1829 1337 1856 1895 1058 1366 1454 1765 1851 301 1683 1627 1728 1371 1621 212 1469 1121 1902 1615 1617 103 1690 0 1576 1612 2023 451 1058 823 1443 1177 1458 1860 1443 1829 991 1429 1969 1805 1342 1675
433 332 485 500 626 306 422 394 480 1620 241 201 357 250 61 1576 279 537 531 169 246 1631 295 1576 0 217 627 1193 626 905 165 548 232 489 344 433 658 261 574 434 490 279
242 500 446 309 807 503 522 496 545 1655 247 305 459 448 237 1612 379 637 597 252 321 1667 104 1612 217 0 436 1206 807 1034 365 648 432 555 241 242 758 361 383 536 387 88
428 910 392 255 1217 913 932 405 311 2066 630 575 429 858 648 2022 790 1047 248 636 564 2077 365 2023 627 436 0 1617 1217 1445 775 1058 843 307 651 428 1168 772 88 453 797 395
1423 954 1473 1490 675 983 1071 1382 1468 494 1300 1244 1345 988 1238 450 1086 738 1519 1232 1234 505 1285 451 1193 1206 1617 0 675 440 1060 794 1075 1477 1037 1423 608 1045 1564 1422 937 1269
1023 386 981 1090 34 416 621 890 975 1101 808 697 853 420 671 1058 518 288 1027 664 742 1113 885 1058 626 807 1217 675 0 386 493 344 508 985 777 1023 158 478 1164 930 621 869
1251 665 1185 1307 386 694 782 1094 1179 867 1011 955 1057 699 950 823 797 450 1231 943 945 878 1112 823 905 1034 1413 440 386 0 771 506 786 1189 939 1251 320 757 1392 1133 783 1097
581 198 520 642 492 172 407 429 514 1486 346 236 392 117 210 1443 190 522 566 203 280 1498 443 1443 165 365 775 1060 493 771 0 438 99 524 493 581 543 150 722 468 608 427
864 331 926 931 344 361 503 835 920 1221 673 642 798 365 568 1177 417 183 972 609 687 1232 726 1177 548 648 1058 794 344 506 438 0 453 930 672 864 229 399 1005 875 516 710
649 213 587 709 508 187 422 496 581 1501 414 303 459 132 277 1458 205 537 633 270 348 1513 511 1458 232 432 843 1075 508 786 99 453 0 591 560 649 558 165 790 536 623 495
547 691 151 274 985 665 892 144 79 1929 370 314 169 610 534 1886 683 1006 88 376 304 1941 484 1886 489 555 307 1503 985 1215 524 930 591 0 719 547 1036 642 374 193 865 514
457 628 661 524 777 631 378 624 709 1486 374 432 587 575 365 1443 507 541 761 379 449 1498 319 1443 344 241 651 1037 777 939 493 672 560 719 0 457 662 489 598 664 218 304
65 716 438 301 1023 719 738 536 537 1872 463 521 560 664 454 1828 595 853 589 468 538 1883 171 1829 433 242 428 1423 1023 1251 581 864 649 547 457 0 974 578 375 584 603 201
974 437 1032 1041 158 466 506 941 1026 1035 783 748 904 471 679 991 527 173 1078 715 792 1046 836 991 658 758 1168 608 158 320 543 229 558 1036 662 974 0 509 1115 980 507 821
578 184 638 645 478 158 273 547 633 1472 386 354 510 103 282 1428 57 388 684 321 399 1483 440 1429 261 361 772 1045 478 757 150 399 165 642 489 578 509 0 719 587 475 424
375 857 339 202 1164 860 879 437 378 2013 604 607 462 805 595 1969 736 994 316 609 597 2024 312 1969 574 383 88 1564 1164 1392 722 1005 790 374 598 375 1115 719 0 486 744 341
584 636 189 311 930 609 836 154 183 1874 315 259 117 554 479 1831 627 951 235 321 249 1886 522 1831 434 536 453 1448 930 1159 468 875 536 193 664 584 980 587 486 0 810 551
603 521 807 670 621 563 222 770 855 1386 520 578 733 561 511 1342 492 386 907 525 595 1397 465 1342 490 387 797 937 621 783 608 516 623 865 218 603 507 475 744 810 0 449
201 562 405 267 869 565 584 503 504 1718 309 367 522 510 300 1674 442 699 556 314 384 1729 128 1675 279 88 395 1269 869 1097 427 710 495 514 304 201 821 424 341 551 449 0
EOF