NAME : tsp_problem
TYPE : TSP
DIMENSION : 50
EDGE_WEIGHT_TYPE : EXPLICIT
EDGE_WEIGHT_FORMAT : FULL_MATRIX
EDGE_WEIGHT_SECTION
0 809 710 1002 300 573 697 311 674 168 809 724 865 804 331 665 663 685 711 716 821 706 750 812 666 771 687 662 758 618 691 720 740 720 989 677 593 781 660 862 760 794 769 817 716 800 769 842 667 839
525 0 128 1289 765 273 292 776 353 633 185 294 80 1150 569 344 183 279 257 251 41 262 83 184 345 78 281 304 133 318 1037 259 260 259 1335 287 293 76 176 77 279 77 203 1163 284 186 1115 57 300 54
427 128 0 1191 667 175 193 678 275 535 289 325 185 1052 471 267 85 181 313 317 140 307 69 289 268 90 183 263 78 219 939 321 237 216 1236 279 194 101 78 182 256 113 307 1065 212 291 1017 162 269 158
1002 1574 1475 0 988 1338 1462 999 1439 880 1574 1489 1630 694 823 1430 1428 1449 1476 1481 1585 1471 1514 1577 1431 1536 1452 1427 1523 1383 411 1485 1505 1485 451 1442 1358 1546 1425 1627 1525 1558 1534 607 1481 1565 731 1607 1432 1604
300 1049 951 988 0 813 937 133 914 178 1049 964 1105 564 571 906 903 925 951 956 1061 946 990 1053 906 1011 927 902 998 858 677 960 981 960 749 917 833 1022 900 1102 1000 1034 1010 577 956 1040 529 1083 908 1079
290 273 175 1054 530 0 162 541 126 397 274 176 330 915 333 118 127 149 163 168 285 158 214 277 118 235 151 114 223 82 802 172 205 184 1099 129 57 246 124 326 225 258 222 927 180 264 880 307 120 303
414 292 193 1178 654 162 0 665 262 521 182 312 299 1039 457 254 146 67 289 283 303 294 232 185 254 254 67 250 241 206 926 291 113 92 1223 265 181 264 143 267 133 277 235 1052 88 172 1004 325 256 288
311 1060 962 999 133 824 948 0 925 189 1061 975 1117 555 582 917 914 936 962 967 1072 957 1001 1064 917 1022 938 913 1009 869 689 971 992 971 739 928 844 1033 911 1113 1011 1045 1021 567 967 1051 519 1094 919 1090
390 353 275 1155 631 126 262 642 0 498 255 137 337 1016 434 25 228 250 124 129 348 119 315 254 26 336 252 75 323 82 902 133 305 285 1200 90 119 347 225 305 325 359 182 1028 281 257 980 364 80 326
168 917 818 880 178 681 805 189 782 0 917 832 973 683 439 773 771 792 819 824 928 814 857 920 774 879 795 770 866 726 569 828 848 828 867 785 701 889 768 970 868 901 877 695 824 907 647 950 775 947
526 185 289 1290 766 274 182 777 255 634 0 196 169 1151 569 246 258 179 159 153 180 164 244 86 247 239 179 206 294 250 1038 161 127 126 1335 189 287 218 255 137 146 215 105 1164 151 81 1116 196 202 158
440 294 325 1205 681 176 312 692 137 548 196 0 278 1066 484 128 278 300 65 70 289 60 354 196 129 348 302 88 373 132 952 74 271 271 1250 71 169 328 275 246 291 325 123 1078 295 198 1030 306 83 267
582 80 185 1346 822 330 299 833 337 690 169 278 0 1207 625 329 240 296 241 235 75 246 140 168 329 135 296 288 190 332 1094 243 244 243 1391 271 349 114 233 61 263 111 187 1220 268 170 1172 92 284 53
804 1434 1336 694 564 1198 1322 555 1299 683 1435 1349 1491 0 626 1291 1288 1310 1336 1341 1446 1331 1375 1438 1291 1396 1312 1287 1383 1243 520 1345 1366 1345 314 1302 1218 1407 1285 1487 1385 1419 1395 142 1341 1425 166 1468 1293 1464
331 852 754 823 571 617 741 582 718 439 853 768 909 626 0 709 707 728 755 760 864 749 793 856 710 815 730 705 802 662 513 764 784 764 810 721 637 825 704 906 804 837 813 638 760 843 591 886 711 882
382 344 267 1146 622 118 254 633 25 490 246 128 329 1007 426 0 220 241 115 120 340 110 306 246 18 328 243 66 315 74 894 124 297 277 1191 81 111 338 217 297 317 350 174 1020 273 248 972 356 72 318
379 183 85 1144 620 127 146 631 228 487 258 278 240 1005 423 220 0 133 265 270 195 260 124 261 220 146 135 216 133 172 891 274 189 169 1189 231 147 156 35 237 209 168 311 1017 164 248 969 217 221 213
401 279 181 1165 641 149 67 652 250 509 179 300 296 1026 445 241 133 0 286 281 291 282 220 182 242 241 56 238 228 194 913 288 110 90 1211 253 169 252 130 264 130 264 232 1039 86 169 991 313 243 285
428 257 313 1192 668 163 289 679 124 535 159 65 241 1053 471 115 265 286 0 57 252 47 317 158 116 311 287 75 360 119 940 61 234 234 1237 58 156 291 262 209 254 287 86 1065 258 161 1018 268 71 230
432 251 317 1197 673 168 283 684 129 540 153 70 235 1058 476 120 270 281 57 0 246 52 311 153 121 306 281 80 361 124 944 66 228 228 1242 63 161 285 267 204 248 282 81 1070 252 155 1022 263 75 224
537 41 140 1301 777 285 303 788 348 645 180 289 75 1162 581 340 195 291 252 246 0 257 95 179 340 90 293 299 145 330 1049 254 255 254 1347 283 305 75 188 72 275 72 198 1175 279 181 1127 53 295 49
422 262 307 1186 662 158 294 673 119 530 164 60 246 1048 466 110 260 282 47 52 257 0 321 163 111 316 284 70 355 114 934 56 239 238 1232 53 151 295 257 214 258 292 91 1060 263 165 1012 273 65 235
466 83 69 1230 706 214 232 717 315 574 244 354 140 1091 510 306 124 220 317 311 95 321 0 244 307 46 222 303 74 259 978 319 276 255 1276 318 234 56 117 137 295 68 263 1104 251 246 1056 117 308 113
529 184 289 1293 769 277 185 780 254 637 86 196 168 1154 573 246 261 182 158 153 179 163 244 0 246 239 183 205 294 250 1041 160 130 130 1338 189 287 218 258 136 150 215 104 1167 154 84 1119 196 201 157
382 345 268 1147 623 118 254 634 26 490 247 129 329 1008 426 18 220 242 116 121 340 111 307 246 0 328 244 67 315 74 894 125 298 277 1192 82 111 339 217 297 317 351 174 1020 273 249 972 357 72 318
487 78 90 1252 728 235 254 739 336 595 239 348 135 1113 531 328 146 241 311 306 90 316 46 239 328 0 243 324 96 280 999 313 297 277 1297 339 255 51 138 131 317 63 257 1125 273 241 1077 112 330 108
403 281 183 1167 643 151 67 654 252 511 179 302 296 1028 447 243 135 56 287 281 293 284 222 183 244 243 0 240 231 196 915 289 110 90 1213 255 171 254 132 265 130 266 233 1041 86 170 993 315 245 285
378 304 263 1142 618 114 250 629 75 486 206 88 288 1004 422 66 216 238 75 80 299 70 303 205 67 324 240 0 311 70 890 84 281 273 1188 67 107 334 213 256 301 335 133 1016 269 208 968 315 57 277
475 133 78 1239 715 223 241 726 323 582 294 373 190 1100 518 315 133 228 360 361 145 355 74 294 315 96 231 311 0 267 987 369 284 264 1284 326 242 106 125 187 304 118 313 1112 260 296 1065 167 317 163
334 318 219 1099 574 82 206 586 82 442 250 132 332 960 378 74 172 194 119 124 330 114 259 250 74 280 196 70 267 0 846 128 249 229 1144 85 102 291 169 301 269 303 177 972 225 252 924 352 75 321
691 1321 1222 411 677 1085 1209 689 1186 569 1321 1236 1377 520 513 1177 1175 1197 1223 1228 1333 1218 1262 1325 1178 1283 1199 1174 1270 1130 0 1232 1252 1232 704 1189 1105 1294 1172 1374 1272 1306 1281 532 1228 1312 484 1355 1179 1351
436 259 321 1201 676 172 291 688 133 544 161 74 243 1062 480 124 274 288 61 66 254 56 319 160 125 313 289 84 369 128 948 0 236 236 1246 67 165 293 271 211 256 289 88 1074 260 163 1026 270 79 232
457 260 237 1221 697 205 113 708 305 565 127 271 244 1082 501 297 189 110 234 228 255 239 276 130 298 297 110 281 284 249 969 236 0 57 1266 264 224 294 186 212 46 290 180 1095 82 117 1047 271 277 233
436 259 216 1201 677 184 92 688 285 544 126 271 243 1062 480 277 169 90 234 228 254 238 255 130 277 277 90 273 264 229 948 236 57 0 1246 264 204 287 166 212 77 290 180 1074 61 117 1026 271 276 232
989 1618 1520 451 749 1383 1507 739 1483 867 1619 1533 1675 314 810 1475 1472 1494 1521 1525 1630 1515 1559 1622 1475 1581 1496 1471 1568 1427 704 1529 1550 1529 0 1486 1402 1591 1469 1672 1570 1603 1579 226 1525 1609 350 1652 1477 1648
393 287 279 1158 634 129 265 645 90 501 189 71 271 1019 437 81 231 253 58 63 283 53 318 189 82 339 255 67 326 85 905 67 264 264 1203 0 122 321 228 240 284 318 117 1031 284 191 983 299 72 260
309 293 194 1073 549 57 181 561 119 417 287 169 349 935 353 111 147 169 156 161 305 151 234 287 111 255 171 107 242 102 821 165 224 204 1119 122 0 265 144 338 244 278 215 947 200 284 899 327 113 323
498 76 101 1262 738 246 264 749 347 606 218 328 114 1123 542 338 156 252 291 285 75 295 56 218 339 51 254 334 106 291 1010 293 294 287 1307 321 265 0 149 111 313 61 237 1136 283 220 1088 91 333 88
376 176 78 1141 617 124 143 628 225 484 255 275 233 1002 420 217 35 130 262 267 188 257 117 258 217 138 132 213 125 169 888 271 186 166 1186 228 144 149 0 229 206 161 308 1014 162 245 966 210 218 206
579 77 182 1343 819 326 267 830 305 686 137 246 61 1204 622 297 237 264 209 204 72 214 137 136 297 131 265 256 187 301 1091 211 212 212 1388 240 338 111 229 0 232 108 155 1216 236 139 1169 89 252 50
477 279 256 1241 717 225 133 728 325 584 146 291 263 1102 520 317 209 130 254 248 275 258 295 150 317 317 130 301 304 269 989 256 46 77 1286 284 244 313 206 232 0 310 200 1115 102 137 1067 291 296 253
510 77 113 1274 750 258 277 761 359 618 215 325 111 1135 554 350 168 264 287 282 72 292 68 215 351 63 266 335 118 303 1022 289 290 290 1320 318 278 61 161 108 310 0 233 1148 295 217 1100 88 330 84
486 203 307 1250 726 222 235 737 182 594 105 123 187 1111 530 174 311 232 86 81 198 91 263 104 174 257 233 133 313 177 998 88 180 180 1295 117 215 237 308 155 200 233 0 1124 204 107 1076 214 129 176
817 1447 1348 607 577 1211 1335 567 1312 695 1447 1362 1503 142 638 1303 1301 1322 1349 1354 1458 1344 1387 1450 1304 1409 1325 1300 1396 1256 532 1358 1378 1358 226 1315 1231 1419 1298 1500 1398 1431 1407 0 1354 1438 178 1480 1305 1477
432 284 212 1197 673 180 88 684 281 540 151 295 268 1058 476 273 164 86 258 252 279 263 251 154 273 273 86 269 260 225 944 260 82 61 1242 284 200 283 162 236 102 295 204 1070 0 141 1022 295 274 257
516 186 291 1280 756 264 172 767 257 624 81 198 170 1141 560 248 248 169 161 155 181 165 246 84 249 241 170 208 296 252 1028 163 117 117 1326 191 284 220 245 139 137 217 107 1154 141 0 1106 198 203 159
769 1399 1300 731 529 1163 1287 519 1264 647 1399 1314 1455 166 591 1255 1253 1275 1301 1306 1411 1296 1340 1402 1256 1361 1277 1252 1348 1208 484 1310 1330 1310 350 1267 1183 1371 1250 1452 1350 1384 1359 178 1306 1390 0 1433 1257 1429
559 57 162 1323 799 307 325 810 364 667 196 306 92 1184 603 356 217 313 268 263 53 273 117 196 357 112 315 315 167 352 1071 270 271 271 1369 299 327 91 210 89 291 88 214 1197 295 198 1149 0 311 65
384 300 269 1148 624 120 256 635 80 492 202 83 284 1009 428 72 221 243 71 75 295 65 308 201 72 330 245 57 317 75 896 79 277 276 1193 72 113 333 218 252 296 330 129 1022 274 203 974 311 0 273
555 54 158 1319 795 303 288 806 326 663 158 267 53 1180 599 318 213 285 230 224 49 235 113 157 318 108 285 277 163 321 1067 232 233 232 1365 260 323 88 206 50 253 84 176 1193 257 159 1145 65 273 0
EOF