NAME : tsp_problem
TYPE : TSP
DIMENSION : 26
EDGE_WEIGHT_TYPE : EXPLICIT
EDGE_WEIGHT_FORMAT : FULL_MATRIX
EDGE_WEIGHT_SECTION
0 605 244 566 231 243 247 826 278 244 580 193 205 420 248 525 385 682 257 182 314 194 752 879 417 765
611 0 668 354 724 667 671 253 771 409 670 453 442 827 672 629 873 636 431 680 807 448 540 306 824 431
244 661 0 623 414 17 21 882 461 412 763 376 388 603 22 311 313 865 434 92 497 377 809 936 600 947
566 347 623 0 679 622 626 568 694 364 477 408 397 634 627 584 828 579 386 635 664 403 495 622 631 662
231 718 414 679 0 413 417 822 118 357 420 307 318 260 418 665 522 522 371 352 154 307 597 726 257 604
243 660 17 622 413 0 20 881 460 411 762 375 387 602 21 310 312 864 433 91 496 376 808 935 599 946
247 664 21 626 417 20 0 885 464 415 766 379 391 606 25 314 316 868 437 95 500 380 812 939 603 950
832 253 889 575 815 888 892 0 723 630 506 674 663 663 893 850 1094 608 652 901 693 669 683 142 660 267
278 765 461 694 118 460 464 731 0 404 328 354 365 185 466 736 601 431 418 399 201 354 505 635 182 513
244 403 412 364 357 411 415 624 404 0 706 198 187 546 417 374 568 647 176 365 440 192 551 678 543 802
580 678 763 477 420 762 766 513 328 706 0 656 667 268 767 942 903 213 719 701 298 656 288 417 265 296
193 447 376 408 307 375 379 668 354 198 656 0 231 496 381 418 518 691 220 314 390 236 594 721 493 840
205 436 388 397 318 387 391 657 365 187 667 231 0 507 392 407 529 680 209 326 401 225 584 711 504 835
420 835 603 634 260 602 606 670 185 546 268 496 507 0 608 878 743 370 560 541 155 496 445 574 122 452
248 666 22 627 418 21 25 887 466 417 767 381 392 608 0 312 314 870 439 97 501 381 813 940 604 952
614 712 400 673 753 399 403 933 824 463 1030 506 496 966 401 0 481 956 485 462 860 501 859 986 963 1111
385 866 313 827 522 312 316 1087 601 568 903 518 529 743 314 408 0 1005 581 292 637 518 1013 1140 740 1088
682 630 865 579 522 864 868 616 431 647 213 691 680 370 870 867 1005 0 669 803 400 685 390 520 367 398
257 425 434 386 371 433 437 646 418 176 719 220 209 560 439 396 581 669 0 378 454 214 573 700 556 824
182 674 92 635 352 91 95 895 399 365 701 314 326 541 97 374 292 803 378 0 435 315 822 949 538 885
314 801 497 664 154 496 500 700 201 440 298 390 401 155 501 772 637 400 454 435 0 390 475 604 152 482
194 441 377 403 307 376 380 662 354 192 656 236 225 496 381 412 518 685 214 315 390 0 589 716 493 841
752 534 809 495 597 808 812 690 505 551 288 594 584 445 813 770 1014 390 573 822 475 589 0 594 442 472
879 306 942 628 719 941 945 142 627 684 410 727 717 567 947 904 1147 512 706 955 597 722 587 0 564 209
417 832 600 631 257 599 603 667 182 543 265 493 504 122 604 875 740 367 556 538 152 493 442 571 0 449
757 431 940 654 597 939 943 267 506 809 288 833 842 445 945 1028 1080 391 831 878 475 833 465 209 442 0
EOF