NAME : tsp_problem
TYPE : TSP
DIMENSION : 28
EDGE_WEIGHT_TYPE : EXPLICIT
EDGE_WEIGHT_FORMAT : FULL_MATRIX
EDGE_WEIGHT_SECTION
0 687 581 652 730 787 421 235 786 922 374 206 165 785 736 511 398 114 573 663 589 784 618 657 781 923 344 565
687 0 186 919 215 392 746 655 392 407 788 704 702 390 342 779 741 650 561 254 195 389 223 495 387 529 561 316
581 186 0 813 337 286 851 666 286 529 805 637 596 284 236 673 829 544 683 162 89 283 117 617 281 423 683 438
652 919 813 0 1098 1020 790 737 1019 1154 744 708 638 1017 969 195 768 615 943 895 822 1016 850 1026 1014 1010 845 1194
730 215 337 1098 0 445 740 650 444 402 783 699 872 443 440 957 736 797 556 249 373 442 293 490 439 645 556 311
787 392 286 1020 445 0 975 872 26 312 1011 843 802 24 84 879 971 751 791 368 222 23 323 724 21 314 791 546
413 752 844 790 747 982 0 498 981 939 197 470 388 979 977 774 150 377 217 786 852 978 829 301 976 1182 607 582
235 655 666 737 650 872 506 0 872 842 459 292 250 870 821 596 483 199 658 689 674 869 703 664 867 1008 429 485
786 392 286 1019 444 26 975 872 0 315 1010 843 801 24 83 878 970 750 790 368 222 23 323 724 21 317 790 545
1011 496 618 1242 490 401 1021 931 404 0 1064 980 1153 402 449 1101 1016 1078 837 529 588 401 573 770 399 481 837 591
367 795 797 743 789 1003 197 452 1003 981 0 423 341 1001 953 727 193 330 260 828 806 1000 834 344 998 1139 560 625
206 704 637 708 699 843 477 292 843 891 430 0 221 841 792 567 454 170 629 719 646 840 674 713 838 979 400 534
165 702 596 535 872 802 396 250 801 1064 349 221 0 800 751 525 373 129 548 678 604 798 632 632 796 937 358 707
785 390 284 1017 443 24 973 870 24 313 1009 841 800 0 81 877 969 748 789 366 220 21 321 722 19 316 789 544
736 342 236 969 440 84 970 821 83 360 960 792 751 81 0 828 966 700 786 318 172 80 273 720 78 307 786 541
511 779 673 195 957 879 781 596 878 1013 735 567 525 877 828 0 759 474 934 755 681 876 709 1018 873 870 704 1053
391 747 821 768 742 977 150 476 976 934 193 447 366 975 972 751 0 354 212 781 830 974 825 296 971 1163 584 577
114 650 544 615 797 751 384 199 750 989 338 170 129 748 700 474 362 0 537 626 553 747 581 621 745 886 307 632
566 567 689 943 562 797 217 651 797 754 260 622 541 795 792 926 212 529 0 601 726 794 645 116 792 998 642 397
663 254 162 895 249 368 779 689 368 441 822 719 678 366 318 755 775 626 595 0 171 365 199 528 363 505 595 350
589 195 89 822 373 222 860 674 222 499 813 646 604 220 172 681 837 553 719 171 0 219 126 653 217 359 719 474
784 389 283 1016 442 23 972 869 23 312 1008 840 798 21 80 876 967 747 788 365 219 0 320 721 18 315 788 542
618 223 117 850 293 323 823 703 323 485 841 674 632 321 273 709 819 581 639 199 126 320 0 572 318 460 639 394
650 501 623 1026 496 731 301 670 730 688 344 706 624 728 726 1010 296 613 116 535 659 727 578 0 725 931 576 331
781 387 281 1014 439 21 970 867 21 310 1005 838 796 19 78 873 965 745 785 363 217 18 318 719 0 312 785 540
923 529 423 1010 645 314 1175 1008 317 408 1146 979 937 316 307 869 1170 886 991 505 359 315 460 924 312 0 991 745
344 561 683 845 556 791 614 429 790 748 567 400 358 789 786 704 592 307 636 595 719 788 639 570 785 991 0 391
565 316 438 1194 311 546 575 485 545 503 618 534 707 544 541 1053 571 632 391 350 474 542 394 325 540 746 391 0
EOF