NAME : tsp_problem
TYPE : TSP
DIMENSION : 22
EDGE_WEIGHT_TYPE : EXPLICIT
EDGE_WEIGHT_FORMAT : FULL_MATRIX
EDGE_WEIGHT_SECTION
0 480 1350 323 869 2053 1602 587 897 1240 2381 2084 2241 1467 264 464 703 801 1476 1930 493 1660
480 0 1564 661 1083 2350 2053 884 1195 1453 2658 2382 2538 1681 344 833 1154 1015 1774 2227 92 1958
1350 1564 0 1281 1075 1387 1142 1317 1011 312 1561 1419 1575 972 1278 1398 1433 1107 811 1264 1577 994
323 661 1281 0 800 1752 1507 286 596 1170 2080 1783 1940 1398 445 234 651 732 1175 1629 674 1359
869 1083 1075 800 0 2434 2189 1023 1334 925 2130 2465 2622 1153 797 972 1406 276 1857 2311 1096 2041
2053 2350 1387 1752 2434 0 841 1575 1269 1670 835 562 694 2203 2135 1656 1691 2421 891 843 2364 745
1602 2053 1142 1507 2189 841 0 1331 1024 1426 1169 876 1029 1958 1837 1378 1181 2176 646 718 2066 725
587 884 1317 286 1023 1575 1331 0 420 1394 1904 1607 1763 1621 669 190 625 955 999 1452 898 1183
897 1195 1011 596 1334 1269 1024 420 0 1294 1598 1301 1457 1827 979 501 935 1266 693 1146 1208 877
1240 1453 312 1170 925 1670 1426 1394 1294 0 1365 1702 1859 737 1167 1342 1716 997 1094 1547 1467 1278
2409 2623 1518 2130 2095 884 1219 1953 1647 1315 0 1029 670 1845 2337 2034 2069 2166 1269 1309 2636 1212
2084 2382 1419 1783 2465 562 876 1607 1301 1702 979 0 839 2235 2166 1688 1723 2453 748 578 2395 480
2242 2539 1576 1941 2623 695 1030 1764 1458 1859 715 840 0 2392 2324 1845 1880 2610 1080 1120 2553 1023
1479 1693 983 1410 1165 2195 1950 1633 1818 749 1859 2226 2383 0 1407 1582 2016 1236 1618 2072 1706 1802
264 344 1278 445 797 2135 1837 669 979 1167 2372 2166 2323 1395 0 617 938 729 1558 2012 357 1742
464 833 1398 234 972 1656 1378 190 501 1342 1985 1688 1845 1570 617 0 479 904 1080 1533 846 1264
703 1154 1433 651 1406 1691 1181 625 935 1716 2019 1723 1879 2004 938 479 0 1338 1115 1568 1167 1298
801 1015 1107 732 276 2421 2176 955 1266 997 2201 2453 2609 1224 729 904 1338 0 1845 2298 1028 2029
1476 1774 811 1175 1857 891 646 999 693 1094 1220 748 1079 1626 1558 1080 1115 1845 0 607 1787 323
1930 2227 1264 1629 2311 843 718 1452 1146 1547 1260 578 1119 2080 2012 1533 1568 2298 607 0 2241 427
493 92 1577 674 1096 2364 2066 898 1208 1467 2671 2395 2552 1694 357 846 1167 1028 1787 2241 0 1971
1660 1958 994 1359 2041 745 725 1183 877 1278 1162 480 1022 1810 1742 1264 1298 2029 323 427 1971 0
EOF