NAME : tsp_problem
TYPE : TSP
DIMENSION : 64
EDGE_WEIGHT_TYPE : EXPLICIT
EDGE_WEIGHT_FORMAT : FULL_MATRIX
EDGE_WEIGHT_SECTION
0 527 508 43 526 154 593 237 562 602 39 99 496 631 593 607 65 954 630 53 491 466 119 568 290 492 509 568 555 642 223 421 577 193 556 666 574 542 430 182 515 583 183 95 59 681 1204 619 585 558 610 568 446 677 567 487 75 110 601 607 518 227 730 609
527 0 232 547 179 437 211 462 179 185 551 521 149 249 211 225 526 1259 248 512 215 190 578 221 364 217 162 221 64 260 527 141 121 385 209 284 118 42 156 464 819 235 395 516 531 288 1508 237 237 53 228 186 103 294 110 212 496 569 111 102 136 419 383 227
508 232 0 528 243 418 233 442 201 242 532 501 213 270 233 247 507 1240 270 492 73 74 559 285 345 52 226 285 260 282 508 138 216 366 273 306 214 248 119 445 800 300 376 497 512 321 1489 259 302 264 249 207 163 316 206 57 477 550 306 312 158 400 447 249
43 547 528 0 546 174 613 256 581 622 18 119 516 650 613 627 45 974 650 59 510 485 138 588 309 512 529 588 574 662 242 441 596 213 576 686 594 562 450 201 534 602 203 114 39 701 1223 639 604 578 630 588 466 696 586 507 94 130 621 626 538 246 750 629
526 179 243 546 0 436 325 460 293 306 550 520 76 362 325 338 525 1258 362 510 226 201 577 68 363 227 63 68 206 374 526 139 234 384 56 398 232 194 155 463 818 82 394 515 530 408 1507 351 84 210 341 299 102 408 224 222 495 568 252 258 250 418 230 341
154 437 418 174 436 0 504 147 472 513 178 148 406 541 504 517 153 886 540 139 401 376 205 478 160 402 419 479 465 553 154 331 487 103 466 576 484 452 340 44 446 493 94 143 158 591 1135 530 495 469 520 478 357 587 477 397 123 196 511 517 429 89 641 520
593 211 233 613 325 504 0 528 152 189 617 587 295 53 85 99 592 1325 52 578 216 190 644 367 430 217 308 367 239 64 593 224 195 451 355 88 192 226 204 531 886 381 462 583 597 103 1574 111 383 242 32 158 249 98 185 212 563 635 280 291 90 486 529 101
237 462 442 256 460 147 528 0 496 537 260 230 430 565 528 541 235 968 565 221 425 400 287 502 224 427 444 503 489 577 237 356 511 136 491 601 508 477 364 175 529 517 126 226 241 616 1218 554 519 493 544 502 381 611 501 422 206 279 535 541 453 220 665 544
562 179 201 581 293 472 152 496 0 61 585 555 263 189 140 126 560 1293 189 546 184 159 612 335 398 185 276 335 178 191 562 192 125 419 323 164 129 194 173 499 854 350 430 551 565 146 1543 114 352 211 169 72 217 154 136 180 531 603 153 249 77 454 497 124
602 185 242 622 306 513 189 537 61 0 626 596 276 223 119 106 601 1334 185 587 225 200 653 348 439 226 289 348 140 171 602 233 87 460 336 143 90 200 213 540 895 363 471 592 606 126 1583 93 365 217 202 51 230 133 98 221 572 644 114 211 118 495 510 103
39 551 532 18 550 178 617 260 585 626 0 123 520 654 617 631 41 978 654 55 514 489 142 592 313 516 533 592 578 666 246 445 600 217 580 690 598 566 454 205 538 606 207 118 35 705 1227 643 608 582 633 592 470 700 590 511 98 134 625 630 542 250 754 633
99 521 501 119 520 148 587 230 555 596 123 0 490 624 587 601 98 948 624 83 484 459 150 562 283 486 503 562 548 636 216 415 570 187 550 660 568 536 424 175 508 576 177 19 103 675 1197 613 578 552 603 561 440 670 560 481 39 141 595 600 512 220 724 603
496 149 213 516 76 406 295 430 263 276 520 490 0 332 295 308 495 1228 332 480 196 171 547 106 333 197 63 107 176 344 496 109 204 354 94 368 202 164 125 433 788 121 364 485 500 378 1477 321 123 180 311 269 72 378 194 192 465 538 222 228 220 388 268 311
631 249 270 650 362 541 53 565 189 223 654 624 332 0 123 136 629 1362 61 615 253 228 681 404 467 255 345 405 276 74 631 261 232 489 392 97 230 264 242 568 923 419 499 620 635 112 1612 148 421 280 35 196 286 108 222 250 600 673 314 328 128 523 566 139
593 211 233 613 325 504 85 528 140 119 617 587 295 123 0 71 592 1325 122 578 216 191 644 367 430 217 308 367 236 134 593 224 184 451 355 135 187 226 204 531 886 382 462 583 597 118 1574 84 383 242 102 130 249 125 185 212 563 635 211 291 90 486 529 74
607 225 247 627 338 517 99 541 126 106 631 601 308 136 71 0 606 1339 136 591 229 204 658 380 444 231 322 381 223 148 607 237 170 465 369 122 173 240 218 544 899 395 475 596 611 104 1588 72 397 256 115 117 263 112 180 226 576 649 197 294 104 499 543 82
65 526 507 45 525 153 592 235 560 601 41 98 495 629 592 606 0 953 629 51 489 464 118 567 288 491 508 567 553 641 221 420 575 192 555 665 573 541 429 180 513 581 182 93 61 680 1202 618 583 557 609 567 445 675 565 486 73 109 600 605 517 225 729 608
958 1263 1243 978 1262 890 1329 972 1297 1338 982 952 1232 1366 1329 1343 957 0 1366 943 1226 1201 1009 1304 1025 1228 1245 1304 1290 1378 830 1157 1312 929 1292 1402 1310 1278 1166 917 589 1318 919 947 962 1417 492 1355 1320 1294 1345 1303 1182 1412 1302 1223 927 1000 1337 1342 1254 962 1466 1345
630 248 270 650 362 540 52 565 189 185 654 624 332 61 122 136 629 1362 0 615 253 227 681 404 467 254 345 404 276 39 630 260 232 488 392 59 229 263 241 567 922 418 498 619 634 74 1611 148 420 279 41 195 286 70 222 249 599 672 276 327 127 522 566 138
53 512 492 59 510 139 578 221 546 587 55 83 480 615 578 591 51 939 615 0 475 450 103 553 274 477 494 553 539 627 207 406 561 178 541 651 559 527 415 166 499 567 168 79 57 666 1188 604 569 543 594 552 431 661 551 472 59 94 585 591 503 211 715 594
491 215 73 510 226 401 216 425 184 225 514 484 196 253 216 229 489 1222 253 475 0 56 541 268 327 58 209 268 243 265 491 121 199 349 256 289 196 230 102 428 783 283 359 480 495 303 1472 242 285 247 232 190 146 299 189 52 460 533 289 295 141 383 430 232
466 190 74 485 201 376 190 400 159 200 489 459 171 228 191 204 464 1197 227 450 56 0 516 243 302 58 184 243 218 239 466 96 174 323 231 263 171 205 77 403 758 257 334 455 470 278 1447 216 259 221 207 165 121 274 164 53 435 507 264 270 116 358 405 207
119 578 559 138 577 205 644 287 612 653 142 150 547 681 644 658 118 1005 681 103 541 516 0 619 340 543 560 619 605 693 273 472 627 244 607 717 625 593 481 232 565 633 234 145 123 732 1254 670 635 609 661 619 497 727 617 538 125 29 652 657 569 277 781 660
568 221 285 588 68 478 367 502 335 348 592 562 106 404 367 380 567 1300 404 553 268 243 619 0 405 269 93 59 248 416 568 182 276 426 46 440 274 236 197 505 860 73 436 557 572 450 1549 393 75 252 383 341 144 450 266 264 537 610 295 300 292 460 198 383
290 364 345 309 363 160 430 224 398 439 313 283 333 467 430 444 288 1021 467 274 327 302 340 405 0 329 346 405 391 479 290 258 413 148 393 503 411 379 267 124 582 419 158 279 294 518 1271 456 421 395 447 405 283 513 403 324 259 332 438 443 355 79 567 446
492 217 52 512 227 402 217 427 185 226 516 486 197 255 217 231 491 1224 254 477 58 58 543 269 329 0 211 270 244 266 492 122 201 350 257 290 198 232 103 429 784 284 360 482 496 305 1473 243 286 248 234 192 148 300 190 41 461 534 291 296 142 384 432 233
509 162 226 529 63 419 308 444 276 289 533 503 63 345 308 322 508 1241 345 494 209 184 560 93 346 211 0 94 189 357 509 123 217 367 82 381 215 177 138 447 801 108 377 499 513 392 1490 334 110 193 324 282 85 391 207 206 478 551 236 241 233 401 256 324
568 221 285 588 68 479 367 503 335 348 592 562 107 405 367 381 567 1300 404 553 268 243 619 59 405 270 94 0 249 416 568 182 277 426 47 440 274 236 197 506 861 67 437 558 572 451 1549 393 74 252 384 342 144 450 266 265 538 610 295 301 292 461 187 383
555 64 260 574 206 465 239 489 178 140 578 548 176 276 236 223 553 1286 276 539 243 218 605 248 391 244 189 249 0 288 555 168 134 413 236 260 137 79 184 492 847 263 423 544 559 243 1536 210 265 96 255 168 131 250 138 239 524 597 66 144 164 447 411 220
642 260 282 662 374 553 64 577 191 171 666 636 344 74 134 148 641 1374 39 627 265 239 693 416 479 266 357 416 288 0 642 273 235 500 404 45 238 275 253 580 935 430 511 632 646 60 1623 137 432 291 53 182 298 56 234 261 612 684 262 340 139 534 578 147
246 551 531 266 549 178 617 260 585 626 270 239 519 654 617 630 245 874 654 230 514 489 297 592 313 516 533 592 578 666 0 445 600 217 580 690 597 566 453 205 435 606 207 235 250 705 1123 643 608 582 633 591 470 700 590 511 215 288 624 630 542 250 754 633
421 141 138 441 139 331 224 356 192 233 445 415 109 261 224 237 420 1153 260 406 121 96 472 182 258 122 123 182 168 273 421 0 196 279 170 296 194 156 50 358 713 196 289 410 425 311 1402 250 198 172 240 198 64 307 186 117 390 463 214 220 149 313 344 240
577 121 216 596 234 487 195 511 125 87 600 570 204 232 184 170 575 1308 232 561 199 174 627 276 413 201 217 277 134 235 577 196 0 435 264 207 84 136 188 514 869 291 445 566 581 190 1558 158 293 152 211 116 159 197 78 196 546 619 108 200 120 469 439 168
193 385 366 213 384 103 451 136 419 460 217 187 354 489 451 465 192 925 488 178 349 323 244 426 148 350 367 426 413 500 193 279 435 0 414 524 432 400 288 131 485 440 81 183 197 539 1174 477 442 416 468 426 304 534 424 345 162 235 459 464 376 176 588 467
556 209 273 576 56 466 355 491 323 336 580 550 94 392 355 369 555 1288 392 541 256 231 607 46 393 257 82 47 236 404 556 170 264 414 0 428 262 224 185 493 848 61 424 545 560 439 1537 381 63 240 371 329 132 438 254 252 525 598 283 288 280 448 201 371
666 284 306 686 398 576 88 601 164 143 690 660 368 97 135 122 665 1398 59 651 289 263 717 440 503 290 381 440 260 45 666 296 207 524 428 0 210 299 277 603 958 454 534 655 670 36 1647 109 456 315 77 154 322 32 217 285 635 708 234 331 163 558 602 119
574 118 214 594 232 484 192 508 129 90 598 568 202 230 187 173 573 1306 229 559 196 171 625 274 411 198 215 274 137 238 574 194 84 432 262 210 0 133 185 511 866 288 442 563 578 193 1555 161 290 149 209 119 156 200 76 193 543 616 111 197 117 466 436 171
542 42 248 562 194 452 226 477 194 200 566 536 164 264 226 240 541 1274 263 527 230 205 593 236 379 232 177 236 79 275 542 156 136 400 224 299 133 0 171 479 834 250 410 531 546 303 1523 252 252 39 243 201 118 309 126 227 511 584 126 87 151 434 398 242
430 156 119 450 155 340 204 364 173 213 454 424 125 242 204 218 429 1162 241 415 102 77 481 197 267 103 138 197 184 253 430 50 188 288 185 277 185 171 0 367 722 212 298 419 434 292 1411 230 214 187 221 179 75 288 178 98 399 472 230 236 129 322 359 221
182 464 445 201 463 44 531 175 499 540 205 175 433 568 531 544 180 913 567 166 428 403 232 505 124 429 447 506 492 580 182 358 514 131 493 603 511 479 367 0 474 520 121 171 186 618 1163 557 522 496 547 505 384 614 504 424 151 224 538 544 456 54 668 547
519 823 804 538 822 450 890 533 858 899 542 512 792 927 890 903 517 589 926 503 787 762 569 864 586 788 805 865 851 938 391 717 873 489 852 962 870 838 726 478 0 879 480 508 523 977 838 915 881 854 906 864 742 973 863 783 488 561 897 903 815 523 1027 906
583 235 300 602 82 493 381 517 350 363 606 576 121 419 382 395 581 1314 418 567 283 257 633 73 419 284 108 67 263 430 583 196 291 440 61 454 288 250 212 520 875 0 451 572 587 465 1564 407 61 267 398 356 159 465 281 279 552 625 309 315 306 475 174 398
183 395 376 203 394 94 462 126 430 471 207 177 364 499 462 475 182 915 498 168 359 334 234 436 158 360 377 437 423 511 183 289 445 81 424 534 442 410 298 121 476 451 0 173 187 549 1164 488 453 427 478 436 315 545 435 355 153 225 469 475 387 166 599 478
95 516 497 114 515 143 583 226 551 592 118 19 485 620 583 596 93 944 619 79 480 455 145 557 279 482 499 558 544 632 212 410 566 183 545 655 563 531 419 171 504 572 173 0 99 670 1193 609 574 548 599 557 436 666 556 476 43 137 590 596 508 216 720 599
59 531 512 39 530 158 597 241 565 606 35 103 500 635 597 611 61 958 634 57 495 470 123 572 294 496 513 572 559 646 227 425 581 197 560 670 578 546 434 186 519 587 187 99 0 685 1207 623 589 562 614 572 450 681 571 491 79 114 605 611 522 231 734 613
681 288 321 701 408 591 103 616 146 126 705 675 378 112 118 104 680 1413 74 666 303 278 732 450 518 305 392 451 243 60 681 311 190 539 439 36 193 303 292 618 973 465 549 670 685 0 1662 92 467 319 92 136 333 36 200 300 650 723 217 314 178 573 613 102
1207 1512 1493 1227 1511 1139 1578 1222 1546 1587 1231 1201 1481 1616 1578 1592 1206 492 1615 1192 1476 1450 1258 1553 1275 1477 1494 1553 1540 1627 1079 1406 1562 1178 1541 1651 1559 1527 1415 1167 838 1568 1168 1197 1211 1666 0 1604 1570 1543 1595 1553 1431 1661 1552 1472 1177 1249 1586 1592 1503 1212 1715 1594
619 237 259 639 351 530 111 554 114 93 643 613 321 148 84 72 618 1351 148 604 242 216 670 393 456 243 334 393 210 137 619 250 158 477 381 109 161 252 230 557 912 407 488 609 623 92 1600 0 409 268 128 104 275 99 168 238 589 661 185 282 116 511 555 70
585 237 302 604 84 495 383 519 352 365 608 578 123 421 383 397 583 1316 420 569 285 259 635 75 421 286 110 74 265 432 585 198 293 442 63 456 290 252 214 522 877 61 453 574 589 467 1566 409 0 268 400 358 161 467 283 281 554 627 311 317 308 477 181 400
558 53 264 578 210 469 242 493 211 217 582 552 180 280 242 256 557 1290 279 543 247 221 609 252 395 248 193 252 96 291 558 172 152 416 240 315 149 39 187 496 851 267 427 548 562 319 1539 268 268 0 259 217 134 326 142 243 528 600 142 64 167 450 414 259
610 228 249 630 341 520 32 544 169 202 633 603 311 35 102 115 609 1342 41 594 232 207 661 383 447 234 324 384 255 53 610 240 211 468 371 77 209 243 221 547 902 398 478 599 614 92 1591 128 400 259 0 175 265 87 201 229 579 652 293 307 107 502 546 118
568 186 207 588 299 478 158 502 72 51 592 561 269 196 130 117 567 1300 195 552 190 165 619 341 405 192 282 342 168 182 568 198 116 426 329 154 119 201 179 505 860 356 436 557 572 136 1549 104 358 217 175 0 223 144 126 187 537 610 143 239 83 460 504 114
446 103 163 466 102 357 249 381 217 230 470 440 72 286 249 263 445 1178 286 431 146 121 497 144 283 148 85 144 131 298 446 64 159 304 132 322 156 118 75 384 739 159 315 436 450 333 1427 275 161 134 265 223 0 332 148 143 416 488 177 182 174 338 306 265
677 294 316 696 408 587 98 611 154 133 700 670 378 108 125 112 675 1408 70 661 299 274 727 450 513 300 391 450 250 56 677 307 197 534 438 32 200 309 288 614 969 465 545 666 681 36 1658 99 467 326 87 144 332 0 207 295 646 718 224 321 173 569 612 109
567 110 206 586 224 477 185 501 136 98 590 560 194 222 185 180 565 1298 222 551 189 164 617 266 403 190 207 266 138 234 567 186 78 424 254 217 76 126 178 504 859 281 435 556 571 200 1548 168 283 142 201 126 148 207 0 185 536 608 118 190 110 459 428 178
487 212 57 507 222 397 212 422 180 221 511 481 192 250 212 226 486 1219 249 472 52 53 538 264 324 41 206 265 239 261 487 117 196 345 252 285 193 227 98 424 779 279 355 476 491 300 1468 238 281 243 229 187 143 295 185 0 456 529 286 291 137 379 427 228
75 496 477 94 495 123 563 206 531 572 98 39 465 600 563 576 73 923 599 59 460 435 125 537 259 461 478 538 524 612 192 390 546 162 525 635 543 511 399 151 484 552 153 43 79 650 1173 589 554 528 579 537 416 646 536 456 0 117 570 576 488 196 700 579
110 569 550 130 568 196 635 279 603 644 134 141 538 673 635 649 109 996 672 94 533 507 29 610 332 534 551 610 597 684 264 463 619 235 598 708 616 584 472 224 557 625 225 137 114 723 1245 661 627 600 652 610 488 718 608 529 117 0 643 648 560 268 772 651
601 111 306 621 252 511 280 535 153 114 625 595 222 314 211 197 600 1333 276 585 289 264 652 295 438 291 236 295 66 262 601 214 108 459 283 234 111 126 230 538 893 309 469 590 605 217 1582 185 311 142 293 143 177 224 118 286 570 643 0 114 209 493 457 195
607 102 312 626 258 517 291 541 249 211 630 600 228 328 291 294 605 1338 327 591 295 270 657 300 443 296 241 301 144 340 607 220 200 464 288 331 197 87 236 544 899 315 475 596 611 314 1588 282 317 64 307 239 182 321 190 291 576 648 114 0 216 499 462 291
518 136 158 538 250 429 90 453 77 118 542 512 220 128 90 104 517 1250 127 503 141 116 569 292 355 142 233 292 164 139 518 149 120 376 280 163 117 151 129 456 811 306 387 508 522 178 1499 116 308 167 107 83 174 173 110 137 488 560 209 216 0 411 454 106
227 419 400 246 418 89 486 220 454 495 250 220 388 523 486 499 225 958 522 211 383 358 277 460 79 384 401 461 447 534 227 313 469 176 448 558 466 434 322 54 519 475 166 216 231 573 1208 511 477 450 502 460 338 569 459 379 196 268 493 499 411 0 623 502
752 405 469 772 252 662 551 687 519 532 776 746 290 588 551 565 751 1484 588 737 452 427 803 220 589 454 278 209 432 600 752 366 461 610 223 624 458 420 381 690 1044 196 621 742 756 635 1733 577 203 436 567 525 328 634 450 449 721 794 479 484 476 644 0 567
609 227 249 629 341 520 101 544 124 103 633 603 311 139 74 82 608 1341 138 594 232 207 660 383 446 233 324 383 220 147 610 240 168 467 371 119 171 242 221 547 902 398 478 599 613 102 1590 70 400 259 118 114 265 109 178 228 579 651 195 291 106 502 545 0
EOF