NAME : tsp_problem
TYPE : TSP
DIMENSION : 28
EDGE_WEIGHT_TYPE : EXPLICIT
EDGE_WEIGHT_FORMAT : FULL_MATRIX
EDGE_WEIGHT_SECTION
0 602 508 369 403 16 315 374 298 480 372 472 232 158 400 410 219 315 305 475 371 211 319 267 243 238 229 391
602 0 225 693 649 602 639 698 622 255 280 249 555 488 658 318 465 638 563 246 695 534 577 590 566 562 475 637
508 225 0 599 555 508 545 604 528 68 151 62 462 394 564 122 372 544 469 59 601 440 483 496 473 468 381 544
369 693 599 0 490 369 122 24 139 571 463 563 153 255 311 501 310 123 282 565 21 174 269 167 195 194 320 478
403 649 555 490 0 403 436 495 419 527 419 519 352 289 375 457 211 435 280 521 492 331 294 387 363 359 196 299
16 602 508 369 403 0 315 374 298 480 372 472 232 158 400 410 219 314 305 474 371 210 319 266 242 238 229 391
315 639 545 122 436 315 0 115 75 517 409 509 99 201 268 447 256 79 235 511 119 119 226 124 145 140 266 424
374 698 604 24 495 374 115 0 132 576 468 567 158 260 304 506 315 116 275 570 24 178 262 160 188 191 324 483
298 622 528 139 419 298 75 132 0 500 392 492 82 184 284 430 239 74 219 495 135 103 232 140 128 124 249 408
480 255 68 571 527 480 517 576 500 0 123 78 433 366 536 94 343 516 441 80 573 412 455 468 444 440 353 515
372 280 151 463 419 372 409 468 392 123 0 115 326 258 428 53 235 408 333 118 465 304 347 360 336 332 245 408
472 249 62 563 519 472 509 567 492 78 115 0 425 358 528 86 335 508 433 72 565 404 447 460 436 432 345 507
232 555 462 153 352 232 99 158 82 433 326 425 0 118 247 363 173 98 152 428 155 36 166 85 61 57 182 341
158 488 394 255 289 158 201 260 184 366 258 358 118 0 286 296 105 201 191 361 257 97 205 153 129 124 115 277
400 658 564 311 375 400 268 304 284 536 428 528 247 286 0 466 220 268 146 531 308 226 145 226 254 253 205 364
410 318 122 501 457 410 447 506 430 94 53 86 363 296 466 0 273 446 371 88 503 342 385 398 374 370 283 445
219 465 372 310 211 219 256 315 239 343 235 335 173 105 220 273 0 255 125 338 312 151 139 207 183 179 41 200
315 638 544 123 435 314 79 116 74 516 408 508 98 201 268 446 255 0 235 511 119 119 226 124 144 140 265 424
305 563 469 282 280 305 235 275 219 441 333 433 152 191 146 371 125 235 0 436 279 131 65 187 163 158 110 269
475 246 59 565 521 474 511 570 495 80 118 72 428 361 531 88 338 511 436 0 567 407 449 463 439 434 347 510
371 695 601 21 492 371 119 24 135 573 465 565 155 257 308 503 312 119 279 567 0 176 266 164 192 194 322 480
211 534 440 174 331 210 119 178 103 412 304 404 36 97 226 342 151 119 131 407 176 0 145 71 47 42 161 320
319 577 483 269 294 319 226 262 232 455 347 447 166 205 145 385 139 226 65 449 266 145 0 184 177 172 124 283
267 590 496 167 387 266 124 160 140 468 360 460 85 153 226 398 207 124 187 463 164 71 184 0 72 68 217 376
243 566 473 195 363 242 145 188 128 444 336 436 61 129 254 374 183 144 163 439 192 47 177 72 0 44 193 352
238 562 468 194 359 238 140 191 124 440 332 432 57 124 253 370 179 140 158 434 194 42 172 68 44 0 189 347
229 475 381 320 196 229 266 324 249 353 245 345 182 115 205 283 41 265 110 347 322 161 124 217 193 189 0 185
391 637 544 478 299 391 424 483 408 515 408 507 341 277 364 445 200 424 269 510 480 320 283 376 352 347 185 0
EOF