NAME : tsp_problem
TYPE : TSP
DIMENSION : 24
EDGE_WEIGHT_TYPE : EXPLICIT
EDGE_WEIGHT_FORMAT : FULL_MATRIX
EDGE_WEIGHT_SECTION
0 440 471 251 292 443 412 475 71 63 541 195 410 546 459 512 432 570 165 210 77 464 510 69
440 0 47 572 240 172 140 138 378 458 117 516 253 122 187 355 161 146 349 531 371 192 831 434
471 47 0 603 271 203 171 169 409 489 86 547 284 91 218 386 192 114 380 562 402 223 862 465
251 572 603 0 424 575 543 607 313 233 673 116 542 678 591 644 564 702 252 247 318 595 548 272
292 240 271 424 0 233 201 271 230 310 341 368 200 346 248 302 222 370 201 383 223 253 683 286
443 172 203 575 233 0 56 133 381 461 273 520 177 278 82 278 56 302 353 534 374 43 834 437
412 140 171 543 201 56 0 101 349 430 241 488 145 246 71 247 45 270 321 502 343 76 803 405
475 138 169 607 271 133 101 0 413 493 239 551 215 235 133 316 122 207 385 566 406 153 866 469
71 378 409 313 230 381 349 413 0 89 479 258 348 484 396 450 370 508 102 272 34 401 573 65
63 458 489 233 310 461 430 493 89 0 560 177 429 565 477 530 451 588 175 192 96 482 492 84
541 117 86 673 341 273 241 239 479 560 0 618 355 52 286 456 262 50 451 632 472 293 932 535
195 516 547 116 368 520 488 551 258 177 618 0 487 623 535 588 509 646 196 192 263 540 492 216
410 253 284 542 200 177 145 215 348 429 355 487 0 360 192 136 166 384 320 501 341 197 801 404
546 122 91 678 346 278 246 235 484 565 52 623 360 0 280 462 267 45 456 637 478 298 938 540
459 187 218 591 248 82 71 133 396 477 286 535 192 280 0 294 71 253 368 549 390 103 850 452
512 355 386 644 302 278 247 316 450 530 456 588 136 462 294 0 268 485 421 603 443 299 903 506
432 161 192 564 222 56 45 122 370 451 262 509 166 267 71 268 0 278 342 523 364 76 824 426
570 146 114 702 370 302 270 207 508 588 50 646 384 45 253 485 278 0 479 661 501 322 961 564
165 349 380 252 201 353 321 385 102 175 451 196 320 456 368 421 342 479 0 211 96 373 511 158
248 569 600 286 421 573 541 605 311 230 671 230 540 676 588 641 562 699 249 0 316 593 369 270
77 371 402 318 223 374 343 406 34 96 472 263 341 478 390 443 364 501 96 277 0 395 577 71
464 192 223 595 253 43 76 153 401 482 293 540 197 298 103 299 76 322 373 554 395 0 855 457
514 835 866 552 687 838 807 870 577 496 936 496 805 942 854 907 827 965 515 391 581 859 0 535
69 434 465 272 286 437 405 469 65 84 535 216 404 540 452 506 426 564 158 231 71 457 531 0
EOF