NAME : tsp_problem
TYPE : TSP
DIMENSION : 34
EDGE_WEIGHT_TYPE : EXPLICIT
EDGE_WEIGHT_FORMAT : FULL_MATRIX
EDGE_WEIGHT_SECTION
0 103 450 162 107 115 1284 239 306 70 427 234 458 440 86 148 130 70 454 46 438 152 185 333 130 216 236 150 432 304 802 177 484 205
103 0 531 243 41 184 1364 201 383 151 507 196 539 521 41 110 92 147 531 123 519 228 261 288 49 293 198 69 513 267 883 110 565 167
450 531 0 380 535 463 1064 587 734 429 53 582 47 103 514 571 552 498 882 474 218 580 613 685 558 645 585 578 95 653 582 605 110 554
162 243 380 0 247 156 1213 280 446 140 356 275 387 369 226 263 245 209 594 186 368 291 324 378 269 356 277 290 361 345 731 316 413 246
107 41 535 247 0 188 1369 205 387 155 512 200 543 525 45 115 96 151 535 127 523 233 266 264 68 297 203 88 517 271 887 87 569 172
115 184 463 156 188 0 1297 174 399 77 440 169 471 453 167 158 139 163 547 139 451 244 277 272 211 309 172 231 445 240 815 246 497 141
1288 1368 1068 1217 1373 1301 0 1425 1572 1266 1044 1419 1076 1057 1352 1408 1390 1335 1720 1311 936 1417 1450 1522 1395 1482 1422 1415 1049 1490 527 1442 1101 1391
239 201 587 280 205 174 1421 0 519 202 564 60 595 577 185 175 157 283 667 259 575 365 398 128 228 429 35 248 569 131 939 206 621 130
328 405 756 468 409 421 1590 541 0 376 733 536 764 746 388 450 432 304 219 322 744 398 178 635 432 463 538 452 738 607 1108 478 790 507
70 151 429 140 155 77 1262 202 354 0 405 196 437 418 134 185 166 118 502 94 417 199 233 299 178 264 199 198 410 267 780 224 463 168
427 507 53 356 512 440 1040 564 711 405 0 559 60 79 491 547 529 474 859 450 195 556 589 662 534 621 561 554 71 629 559 581 86 530
234 196 582 275 200 169 1415 60 514 196 559 0 590 572 179 170 151 277 662 254 570 359 392 118 223 424 57 243 564 86 934 251 616 125
458 539 47 387 543 471 1072 595 742 437 60 590 0 111 522 578 560 506 890 482 226 588 621 693 566 652 593 586 103 661 590 613 118 561
440 521 103 369 525 453 1053 577 724 418 79 572 111 0 504 560 542 488 872 464 208 569 602 675 547 634 574 568 23 643 572 594 137 543
86 41 514 226 45 167 1348 185 366 134 491 179 522 504 0 94 76 130 514 106 502 212 245 278 67 276 182 88 496 250 866 114 548 151
148 110 571 263 115 158 1404 175 428 185 547 170 578 560 94 0 50 192 576 168 559 274 307 200 137 339 172 157 552 238 922 104 604 141
130 92 552 245 96 139 1386 157 410 166 529 151 560 542 76 50 0 174 558 150 540 256 289 218 119 320 154 139 534 222 904 122 586 123
70 147 498 209 151 163 1331 283 282 118 474 277 506 488 130 192 174 0 430 64 486 140 161 376 173 205 280 194 479 348 850 220 532 249
463 539 891 602 543 555 1724 676 328 510 867 670 899 880 523 585 567 439 0 457 879 532 313 769 566 597 673 586 872 741 1242 613 924 642
46 123 474 186 127 139 1307 259 300 94 450 254 482 464 106 168 150 64 448 0 462 146 179 352 149 210 256 170 455 324 826 196 508 225
477 558 257 406 562 490 914 614 761 455 233 609 265 247 541 597 579 524 909 501 0 606 639 712 584 671 611 605 238 679 432 631 291 580
152 228 580 291 233 244 1413 365 376 199 556 359 588 569 212 274 256 140 524 146 568 0 255 458 255 96 362 275 561 430 931 302 613 331
185 261 613 324 266 277 1446 398 156 233 589 392 621 602 245 307 289 161 304 179 601 255 0 491 288 319 395 308 594 463 964 335 646 364
333 288 685 378 264 272 1518 128 613 299 662 118 693 675 278 200 218 376 761 352 673 458 491 0 315 523 130 335 667 53 1037 202 719 160
130 49 558 269 68 211 1391 228 410 178 534 223 566 547 67 137 119 173 558 149 546 255 288 315 0 320 225 44 539 294 909 137 592 194
216 293 645 356 297 309 1478 429 441 264 621 424 652 634 276 339 320 205 589 210 633 96 319 523 320 0 427 340 626 495 996 367 678 396
236 198 585 277 203 172 1418 35 516 199 561 57 593 574 182 172 154 280 664 256 573 362 395 130 225 427 0 245 566 128 936 209 618 127
150 69 578 290 88 231 1411 248 430 198 554 243 586 568 88 157 139 194 578 170 566 275 308 335 44 340 245 0 559 314 930 157 612 214
432 513 95 361 517 445 1045 569 716 410 71 564 103 23 496 552 534 479 864 455 200 561 594 667 539 626 566 559 0 634 564 586 129 535
304 267 653 345 271 240 1486 131 585 267 629 86 661 643 250 238 222 348 733 324 641 430 463 53 294 495 128 314 634 0 1005 240 687 196
806 887 586 735 891 819 527 943 1090 784 562 938 594 576 870 926 908 853 1238 830 454 935 968 1041 913 1000 940 934 567 1009 0 960 620 909
177 110 605 316 87 246 1438 206 457 224 581 251 613 594 114 104 122 220 605 196 593 302 335 202 137 367 209 157 586 240 956 0 638 152
484 565 110 413 569 497 1098 621 768 463 86 616 118 137 548 604 586 532 916 508 252 613 646 719 592 678 618 612 129 687 616 638 0 587
205 167 554 246 172 141 1387 130 485 168 530 125 561 543 151 141 123 249 633 225 542 331 364 160 194 396 127 214 535 196 905 152 587 0
EOF