NAME : tsp_problem
TYPE : TSP
DIMENSION : 76
EDGE_WEIGHT_TYPE : EXPLICIT
EDGE_WEIGHT_FORMAT : FULL_MATRIX
EDGE_WEIGHT_SECTION
0 236 233 644 585 478 181 1112 403 290 299 588 76 62 635 82 528 67 611 302 432 167 259 230 274 147 492 258 126 284 59 140 51 84 559 587 500 198 134 436 196 247 120 398 1325 146 253 140 132 507 287 483 152 423 231 597 293 419 577 94 589 886 610 457 439 269 618 191 417 513 235 118 245 317 217 528
236 0 260 605 546 440 131 1073 285 270 181 550 185 232 597 172 490 187 572 183 394 120 140 164 255 274 453 113 181 139 196 192 203 210 520 548 461 71 288 397 65 100 158 359 1286 274 107 178 257 468 238 444 105 385 84 559 147 300 538 160 551 847 571 418 321 150 500 218 378 474 88 243 262 279 172 489
233 260 0 559 499 393 219 1026 322 204 218 503 270 237 550 166 443 181 526 220 347 188 177 144 189 294 406 353 175 335 190 189 197 259 473 501 414 219 282 350 294 268 216 312 1240 294 275 201 308 421 202 397 173 338 252 512 315 337 491 154 504 800 524 371 358 187 536 74 332 427 256 321 160 232 132 442
644 605 559 0 110 294 630 792 655 426 551 114 681 648 29 577 247 592 136 554 331 599 510 478 411 706 271 699 586 680 601 600 608 670 121 150 201 564 693 342 651 613 627 277 1005 705 620 612 720 270 434 280 584 334 597 123 660 671 102 566 115 565 55 320 691 521 870 516 257 250 601 732 418 365 469 287
585 546 499 110 0 235 571 732 596 367 492 54 621 589 101 518 187 533 55 494 272 540 451 418 351 646 211 639 527 621 542 541 549 610 62 90 142 505 633 283 592 554 568 218 945 645 560 553 660 210 375 220 525 274 538 63 600 611 43 506 55 506 75 261 632 461 811 457 197 191 542 672 358 305 410 228
478 440 393 294 235 0 464 762 489 260 385 239 515 482 286 412 85 427 262 388 55 433 345 312 245 540 56 533 421 514 435 434 443 504 209 237 110 398 527 66 486 447 461 142 976 539 454 446 554 71 269 47 418 63 431 248 494 505 227 400 240 536 260 44 525 355 704 350 162 77 436 566 252 199 304 237
181 131 219 630 571 464 0 1098 316 276 212 575 130 177 621 131 515 146 597 214 418 63 171 195 260 218 478 153 140 179 155 136 162 155 545 573 486 110 232 422 91 159 103 384 1311 218 166 123 201 493 269 469 64 409 139 584 199 331 563 119 576 872 596 443 352 181 530 177 403 499 147 187 231 304 203 514
1116 1077 1030 796 736 766 1102 0 1127 898 1023 740 1153 1120 787 1049 719 1064 763 1026 803 1071 982 950 883 1177 743 1171 1058 1152 1073 1072 1080 1142 710 739 673 1036 1165 814 1123 1085 1099 749 413 1177 1092 1084 1191 741 906 752 1056 805 1069 749 1132 1143 728 1037 741 376 761 792 1163 993 1342 988 729 722 1073 1204 890 837 941 759
403 285 322 655 596 489 316 1123 0 320 163 600 430 407 646 337 540 352 622 136 443 284 167 214 305 465 503 378 346 360 360 360 368 429 570 598 511 243 452 447 331 293 387 409 1336 464 299 371 479 518 288 494 269 434 276 609 339 295 588 325 601 897 621 468 315 174 257 279 428 524 281 487 312 329 222 539
290 270 204 426 367 260 276 894 320 0 216 371 327 294 417 223 311 238 393 219 214 245 175 143 39 351 274 364 232 345 247 246 254 316 341 369 282 229 339 218 316 278 273 180 1107 351 285 258 365 289 99 265 230 206 262 380 325 336 359 211 372 668 392 239 356 186 535 162 199 295 266 378 64 100 134 310
299 181 218 551 492 385 212 1019 163 216 0 495 326 303 542 233 435 248 518 62 339 180 63 110 200 361 399 274 242 255 256 255 264 325 466 494 407 139 348 343 227 188 282 305 1232 360 195 267 375 414 184 390 165 330 172 504 235 191 484 221 497 793 517 364 211 70 378 175 324 420 177 383 208 224 118 435
588 550 503 114 54 239 575 736 600 371 495 0 625 592 105 522 191 537 51 498 275 543 455 422 355 650 215 643 531 624 545 545 553 614 66 94 145 508 637 287 596 557 572 222 949 649 564 557 664 214 379 224 528 278 541 65 604 615 47 510 59 510 79 265 636 465 814 461 201 195 546 676 362 309 414 232
76 185 270 681 621 515 130 1149 430 327 326 625 0 72 672 143 565 128 648 328 469 161 285 267 311 113 529 207 116 233 119 103 112 50 595 624 537 224 127 472 145 266 69 434 1362 113 273 89 96 544 324 520 178 460 193 634 253 445 614 142 626 922 646 493 466 295 644 227 454 549 254 82 282 354 254 565
62 232 237 648 589 482 177 1116 407 294 303 592 72 0 639 86 532 71 615 306 436 171 263 234 278 145 496 254 130 280 63 144 55 82 563 591 504 202 138 440 192 251 116 402 1329 145 257 136 128 511 291 487 156 427 235 601 297 423 581 98 593 890 614 461 443 273 622 195 421 517 239 114 249 321 221 532
635 597 550 29 101 286 621 783 646 417 542 105 672 639 0 569 238 584 128 545 322 590 502 469 402 697 262 690 578 671 592 591 600 661 113 141 192 555 684 334 643 604 618 269 996 696 611 603 711 261 426 271 575 325 588 114 651 662 93 557 106 557 59 312 682 512 861 507 248 242 593 723 409 356 461 279
82 172 166 577 518 412 131 1045 337 223 233 522 143 86 569 0 462 31 544 235 366 100 192 163 208 144 425 265 60 247 39 73 46 108 492 520 433 131 131 369 203 180 100 331 1258 143 187 85 158 440 221 416 85 357 164 531 227 352 510 39 523 819 543 390 373 202 552 124 350 446 168 170 179 251 151 461
528 490 443 247 187 85 515 715 540 311 435 191 565 532 238 462 0 477 214 438 105 483 395 362 295 590 62 583 471 564 485 485 493 554 161 190 62 448 577 116 536 497 512 179 928 589 504 496 604 61 319 71 468 114 481 200 544 555 180 450 192 488 212 94 576 405 754 401 158 41 486 616 302 249 354 189
67 187 181 592 533 427 146 1060 352 238 248 537 128 71 584 31 477 0 560 250 381 115 207 178 223 129 440 280 75 262 32 89 32 93 507 535 448 146 116 384 218 195 116 346 1274 128 202 100 143 455 236 431 100 372 179 546 242 367 525 42 538 834 558 405 388 217 567 139 366 461 183 155 194 266 166 476
611 572 526 136 55 262 597 759 622 393 518 51 648 615 128 544 214 560 0 521 298 566 477 445 378 673 238 666 553 647 568 567 575 637 88 117 168 531 660 309 618 580 594 244 972 672 587 579 687 237 401 247 551 301 564 40 627 638 64 533 49 532 102 287 658 488 837 483 224 217 568 699 385 332 436 254
302 183 220 554 494 388 214 1022 136 219 62 498 328 306 545 235 438 250 521 0 342 183 66 112 203 363 402 277 244 258 259 258 266 328 468 497 410 142 351 345 229 191 285 307 1235 363 198 270 377 417 187 393 168 333 175 507 238 193 487 223 499 795 519 366 214 73 351 178 327 422 179 386 210 227 121 438
432 394 347 331 272 55 418 799 443 214 339 275 469 436 322 366 105 381 298 342 0 387 299 266 199 494 68 487 375 468 389 388 397 458 246 274 146 352 481 44 440 401 415 96 1012 493 408 400 508 83 223 59 372 32 385 284 448 459 264 354 277 573 297 35 479 309 658 304 116 89 390 520 206 153 258 226
167 120 188 599 540 433 63 1067 284 245 180 543 161 171 590 100 483 115 566 183 387 0 140 164 229 228 447 184 109 195 124 123 131 186 514 542 455 79 215 391 122 128 134 353 1280 227 134 135 233 462 238 438 33 378 112 552 175 300 532 88 544 841 564 412 320 150 499 146 372 468 116 218 200 272 172 483
259 140 177 510 451 345 171 978 167 175 63 455 285 263 502 192 395 207 477 66 299 140 0 69 160 320 358 233 201 215 216 215 223 284 425 453 366 99 307 302 186 148 242 264 1191 319 154 227 334 373 143 349 124 290 132 464 195 183 443 180 456 752 476 323 203 33 382 134 283 379 136 342 167 184 77 394
230 164 144 478 418 312 195 946 214 143 110 422 267 234 469 163 362 178 445 112 266 164 69 0 127 292 326 257 172 239 187 186 194 256 393 421 334 123 279 270 210 172 213 232 1159 291 179 198 305 341 111 317 149 257 156 431 219 230 411 151 423 720 443 291 250 79 429 102 251 347 160 318 134 151 45 362
274 255 189 411 351 245 260 879 305 39 200 355 311 278 402 208 295 223 378 203 199 229 160 127 0 336 258 348 217 329 231 230 239 300 325 354 267 213 323 202 301 262 257 164 1092 335 269 242 350 273 84 250 214 190 246 364 309 320 343 196 356 652 376 223 341 170 519 146 184 279 251 362 48 84 119 294
147 274 294 706 646 540 218 1174 465 351 361 650 113 145 697 144 590 129 673 363 494 228 320 292 336 0 553 295 188 321 120 191 113 123 620 649 562 259 55 497 233 308 157 459 1387 41 315 177 34 568 349 545 213 485 281 659 342 481 638 155 651 947 671 518 501 330 680 252 479 574 296 46 307 379 279 589
492 453 406 271 211 56 478 739 503 274 399 215 529 496 262 425 62 440 238 402 68 447 358 326 258 553 0 547 434 528 449 448 456 518 185 214 86 412 541 79 499 461 475 156 952 553 468 460 567 84 282 61 432 77 445 224 508 519 204 413 216 512 236 57 539 369 718 364 175 65 449 580 266 213 317 213
258 113 353 699 639 533 153 1167 378 364 274 643 207 254 690 265 583 280 666 277 487 184 233 257 348 295 547 0 227 64 288 213 294 232 613 642 555 165 309 490 87 129 180 452 1380 295 139 200 278 561 332 538 198 478 120 652 84 394 632 253 644 940 664 511 414 244 593 311 472 567 140 264 355 372 266 582
126 181 175 586 527 421 140 1054 346 232 242 531 116 130 578 60 471 75 553 244 375 109 201 172 217 188 434 227 0 253 83 59 91 142 501 529 442 140 175 378 166 189 86 340 1267 187 196 71 188 449 230 425 94 366 173 540 236 361 519 48 532 828 552 399 382 211 561 133 360 455 177 174 188 260 160 470
284 139 335 680 621 514 179 1148 360 345 255 624 233 280 671 247 564 262 647 258 468 195 215 239 329 321 528 64 253 0 271 240 278 258 595 623 536 146 335 472 113 90 206 434 1361 322 100 226 304 543 313 519 179 459 146 633 87 375 613 235 625 922 646 493 396 225 574 292 453 549 102 290 337 353 247 564
59 196 190 601 542 435 155 1069 360 247 256 545 119 63 592 39 485 32 568 259 389 124 216 187 231 120 449 288 83 271 0 97 23 85 516 544 457 155 108 393 227 204 124 355 1282 120 210 109 134 464 244 440 109 380 188 554 251 376 534 51 547 843 567 414 396 226 575 148 374 470 192 146 202 274 175 485
140 192 189 600 541 434 136 1068 360 246 255 545 103 144 591 73 485 89 567 258 388 123 215 186 230 191 448 213 59 240 97 0 104 128 515 543 456 154 189 392 152 203 76 354 1281 191 210 84 174 463 244 439 108 380 187 554 250 375 533 62 546 842 566 413 396 225 574 147 373 469 191 160 201 274 174 484
51 203 197 608 549 443 162 1076 368 254 264 553 112 55 600 46 493 32 575 266 397 131 223 194 239 113 456 294 91 278 23 104 0 77 523 551 464 162 100 400 232 211 131 362 1289 112 218 116 127 471 252 447 116 388 195 562 258 383 541 58 554 850 574 421 404 233 582 155 381 477 199 139 210 282 182 492
84 210 259 670 610 504 155 1138 429 316 325 614 50 82 661 108 554 93 637 328 458 186 284 256 300 123 518 232 142 258 85 128 77 0 585 613 526 223 137 462 170 272 94 423 1351 123 279 114 106 533 313 509 178 449 218 623 279 445 603 120 615 912 635 483 465 295 644 216 443 539 261 92 271 343 243 554
559 520 473 121 62 209 545 706 570 341 466 66 595 563 113 492 161 507 88 468 246 514 425 393 325 620 185 613 501 595 516 515 523 585 0 43 116 479 608 257 566 528 542 192 919 620 535 527 634 184 349 194 499 248 512 75 575 586 54 480 67 480 87 235 606 435 785 431 171 165 516 646 332 280 384 202
587 548 501 150 90 237 573 735 598 369 494 94 624 591 141 520 190 535 117 497 274 542 453 421 354 649 214 642 529 623 544 543 551 613 43 0 144 507 636 285 594 556 570 220 948 648 563 555 663 213 377 223 527 277 540 103 603 614 82 508 95 508 115 263 634 464 813 459 200 193 544 675 361 308 412 230
500 461 414 201 142 110 486 669 511 282 407 145 537 504 192 433 62 448 168 410 146 455 366 334 267 562 86 555 442 536 457 456 464 526 116 144 0 420 549 158 507 469 483 133 882 561 476 468 575 85 290 95 440 155 453 154 516 527 134 421 146 443 167 136 547 377 726 372 113 66 457 588 274 221 325 143
198 71 219 564 505 398 110 1032 243 229 139 508 224 202 555 131 448 146 531 142 352 79 99 123 213 259 412 165 140 146 155 154 162 223 479 507 420 0 246 356 117 79 181 318 1245 258 86 166 273 427 197 403 63 343 63 517 126 259 497 119 509 806 529 377 279 109 458 176 337 433 67 281 220 237 131 448
134 288 282 693 633 527 232 1161 452 339 348 637 127 138 684 131 577 116 660 351 481 215 307 279 323 55 541 309 175 335 108 189 100 137 608 636 549 246 0 485 248 295 172 446 1374 55 302 191 48 556 336 532 201 472 279 646 342 468 626 143 638 935 658 506 488 318 667 239 466 562 284 60 294 366 266 577
436 397 350 342 283 66 422 810 447 218 343 287 472 440 334 369 116 384 309 345 44 391 302 270 202 497 79 490 378 472 393 392 400 462 257 285 158 356 485 0 443 405 419 100 1023 497 412 404 511 94 226 71 376 35 389 296 452 463 275 357 288 584 308 47 483 312 662 308 119 100 393 523 210 157 261 230
196 65 294 651 592 486 91 1119 331 316 227 596 145 192 643 203 536 218 618 229 440 122 186 210 301 233 499 87 166 113 227 152 232 170 566 594 507 117 248 443 0 146 118 405 1332 234 153 138 216 514 284 490 139 431 73 605 133 346 584 191 597 893 617 464 367 196 546 252 424 520 134 202 307 325 218 535
247 100 268 613 554 447 159 1081 293 278 188 557 266 251 604 180 497 195 580 191 401 128 148 172 262 308 461 129 189 90 204 203 211 272 528 556 469 79 295 405 146 0 230 367 1294 307 57 215 322 476 246 452 112 392 91 566 70 308 546 168 558 855 579 426 329 158 507 225 386 482 47 323 270 286 180 497
120 158 216 627 568 461 103 1095 387 273 282 572 69 116 618 100 512 116 594 285 415 134 242 213 257 157 475 180 86 206 124 76 131 94 542 570 483 181 172 419 118 230 0 381 1308 158 236 62 141 490 270 466 135 406 166 581 227 402 560 89 573 869 593 440 423 252 601 174 400 496 218 126 228 301 201 511
398 359 312 277 218 142 384 745 409 180 305 222 434 402 269 331 179 346 244 307 96 353 264 232 164 459 156 452 340 434 355 354 362 423 192 220 133 318 446 100 405 367 381 0 958 458 373 366 473 171 188 147 338 87 351 231 414 424 210 319 223 519 243 121 445 274 624 270 78 177 355 485 171 119 223 161
1329 1290 1243 1009 949 979 1315 413 1340 1111 1236 953 1366 1333 1000 1262 932 1277 976 1239 1016 1284 1195 1163 1096 1391 956 1384 1271 1365 1286 1285 1293 1355 923 952 886 1249 1378 1027 1336 1298 1312 962 0 1390 1305 1297 1405 955 1119 965 1269 1019 1282 962 1345 1356 942 1251 954 589 974 1005 1376 1206 1555 1201 942 935 1286 1417 1103 1050 1154 972
146 274 294 705 645 539 218 1173 464 351 360 649 113 145 696 143 589 128 672 363 493 227 319 291 335 41 553 295 187 322 120 191 112 123 620 648 561 258 55 497 234 307 158 458 1386 0 314 178 34 568 348 544 213 484 281 658 342 480 638 155 650 947 670 518 500 330 679 251 478 574 296 46 306 378 278 589
253 107 275 620 560 454 166 1088 299 285 195 564 273 257 611 187 504 202 587 198 408 134 154 179 269 315 468 139 196 100 210 210 218 279 535 563 476 86 302 412 153 57 236 373 1301 314 0 221 329 483 253 459 119 399 98 573 79 315 553 175 565 861 585 433 335 165 514 232 393 489 53 330 276 293 187 504
140 178 201 612 553 446 123 1080 371 258 267 557 89 136 603 85 496 100 579 270 400 135 227 198 242 177 460 200 71 226 109 84 116 114 527 555 468 166 191 404 138 215 62 366 1293 178 221 0 160 475 255 451 120 391 186 565 246 387 545 74 558 854 578 425 407 237 586 159 385 481 203 146 213 286 186 496
132 257 308 720 660 554 201 1188 479 365 375 664 96 128 711 158 604 143 687 377 508 233 334 305 350 34 567 278 188 304 134 174 127 106 634 663 575 273 48 511 216 322 141 473 1401 34 329 160 0 582 363 559 227 499 264 673 325 495 652 169 665 961 685 532 515 344 694 266 493 588 310 39 321 393 293 603
507 468 421 270 210 71 493 738 518 289 414 214 544 511 261 440 61 455 237 417 83 462 373 341 273 568 84 561 449 543 464 463 471 533 184 213 85 427 556 94 514 476 490 171 951 568 483 475 582 0 297 76 447 92 460 223 523 534 202 428 215 511 235 72 554 383 733 379 181 64 464 595 281 228 332 212
287 238 202 434 375 269 269 902 288 99 184 379 324 291 426 221 319 236 401 187 223 238 143 111 84 349 282 332 230 313 244 244 252 313 349 377 290 197 336 226 284 246 270 188 1115 348 253 255 363 297 0 273 223 214 230 388 293 304 367 209 380 676 400 247 324 154 503 159 208 303 234 375 91 108 102 318
483 444 397 280 220 47 469 748 494 265 390 224 520 487 271 416 71 431 247 393 59 438 349 317 250 545 61 538 425 519 440 439 447 509 194 223 95 403 532 71 490 452 466 147 961 544 459 451 559 76 273 0 423 68 436 233 499 510 212 405 225 521 245 49 530 360 709 355 166 74 440 571 257 204 308 222
152 105 173 584 525 418 64 1052 269 230 165 528 178 156 575 85 468 100 551 168 372 33 124 149 214 213 432 198 94 179 109 108 116 178 499 527 440 63 201 376 139 112 135 338 1265 213 119 120 227 447 223 423 0 363 96 537 159 285 517 73 529 826 550 397 305 135 484 131 357 453 101 235 185 257 157 468
423 385 338 334 274 63 409 802 434 206 330 278 460 427 325 357 114 372 301 333 32 378 290 257 190 485 77 478 366 459 380 380 388 449 248 277 155 343 472 35 431 392 406 87 1015 484 399 391 499 92 214 68 363 0 376 287 439 450 266 345 279 575 299 44 471 300 649 295 107 98 381 511 197 144 249 217
231 84 252 597 538 431 139 1065 276 262 172 541 193 235 588 164 481 179 564 175 385 112 132 156 246 281 445 120 173 146 188 187 195 218 512 540 453 63 279 389 73 91 166 351 1278 281 98 186 264 460 230 436 96 376 0 550 138 292 530 152 542 839 562 410 312 142 491 209 370 466 80 250 253 270 164 481
597 559 512 123 63 248 584 745 609 380 504 65 634 601 114 531 200 546 40 507 284 552 464 431 364 659 224 652 540 633 554 554 562 623 75 103 154 517 646 296 605 566 581 231 958 658 573 565 673 223 388 233 537 287 550 0 613 624 56 519 63 519 88 274 645 474 823 470 210 204 555 685 371 318 423 241
293 147 315 660 600 494 199 1128 339 325 235 604 253 297 651 227 544 242 627 238 448 175 195 219 309 342 508 84 236 87 251 250 258 279 575 603 516 126 342 452 133 70 227 414 1341 342 79 246 325 523 293 499 159 439 138 613 0 355 593 215 605 902 625 473 375 205 554 272 433 529 81 311 316 333 227 544
419 300 337 671 611 505 331 1139 295 336 191 615 445 423 662 352 555 367 638 193 459 300 183 230 320 481 519 394 361 375 376 375 383 445 586 614 527 259 468 463 346 308 402 424 1352 480 315 387 495 534 304 510 285 450 292 624 355 0 604 341 616 912 636 484 54 190 510 295 444 540 296 503 327 344 238 555
577 538 491 102 43 227 563 725 588 359 484 47 614 581 93 510 180 525 64 487 264 532 443 411 343 638 204 632 519 613 534 533 541 603 54 82 134 497 626 275 584 546 560 210 938 638 553 545 652 202 367 212 517 266 530 56 593 604 0 498 48 498 68 253 624 454 803 449 190 183 534 665 351 298 402 220
94 160 154 566 506 400 119 1033 325 211 221 510 142 98 557 39 450 42 533 223 354 88 180 151 196 155 413 253 48 235 51 62 58 120 480 508 421 119 143 357 191 168 89 319 1247 155 175 74 169 428 209 405 73 345 152 519 215 341 498 0 511 807 531 378 361 190 540 112 339 434 156 181 167 239 139 449
589 551 504 115 55 240 576 737 601 372 497 59 626 593 106 523 192 538 49 499 277 544 456 423 356 651 216 644 532 625 547 546 554 615 67 95 146 509 638 288 597 558 573 223 950 650 565 558 665 215 380 225 529 279 542 63 605 616 48 511 0 511 80 266 637 466 815 462 202 196 547 677 363 310 415 233
890 851 804 569 510 540 876 376 901 672 797 514 926 894 561 823 492 838 536 799 577 845 756 723 656 951 516 944 832 926 847 846 854 915 484 512 447 810 938 588 897 859 873 523 589 950 865 858 965 515 680 525 830 579 843 523 906 916 502 811 515 0 535 566 937 766 1116 762 502 496 847 977 663 611 715 533
610 571 524 55 75 260 596 757 621 392 517 79 646 614 59 543 212 558 102 519 297 564 476 443 376 671 236 664 552 646 567 566 574 635 87 115 167 529 658 308 617 579 593 243 970 670 585 578 685 235 400 245 550 299 562 88 625 636 68 531 80 531 0 286 657 486 835 482 222 216 567 697 383 330 435 253
457 418 371 320 261 44 443 788 468 239 364 265 493 461 312 390 94 405 287 366 35 412 323 291 223 518 57 511 399 493 414 413 421 483 235 263 136 377 506 47 464 426 440 121 1001 518 433 425 532 72 247 49 397 44 410 274 473 484 253 378 266 562 286 0 504 333 683 329 140 78 414 544 231 178 282 251
439 321 358 691 632 525 352 1159 315 356 211 636 466 443 682 373 576 388 658 214 479 320 203 250 341 501 539 414 382 396 396 396 404 465 606 634 547 279 488 483 367 329 423 445 1372 500 335 407 515 554 324 530 305 471 312 645 375 54 624 361 637 933 657 504 0 210 530 315 464 560 317 523 348 365 258 575
269 150 187 521 461 355 181 989 174 186 70 465 295 273 512 202 405 217 488 73 309 150 33 79 170 330 369 244 211 225 226 225 233 295 435 464 377 109 318 312 196 158 252 274 1202 330 165 237 344 383 154 360 135 300 142 474 205 190 454 190 466 762 486 333 210 0 389 145 294 389 146 352 177 194 88 404
626 508 545 878 819 713 539 1346 265 543 386 823 653 630 870 560 763 575 845 359 667 508 391 437 528 688 726 601 569 583 584 583 591 652 793 821 734 467 675 670 554 516 610 632 1559 687 522 595 702 741 511 717 492 658 500 832 562 518 811 548 824 1120 844 691 538 398 0 502 651 747 504 710 535 552 445 762
191 218 74 516 457 350 177 984 279 162 175 461 227 195 507 124 401 139 483 178 304 146 134 102 146 252 364 311 133 292 148 147 155 216 431 459 372 176 239 308 252 225 174 270 1197 251 232 159 266 379 159 355 131 295 209 470 272 295 449 112 462 758 482 329 315 145 494 0 289 385 214 278 117 190 90 400
417 378 332 257 197 162 403 725 428 199 324 201 454 421 248 350 158 366 224 327 116 372 283 251 184 479 175 472 360 453 374 373 381 443 171 200 113 337 466 119 424 386 400 78 938 478 393 385 493 181 208 166 357 107 370 210 433 444 190 339 202 498 222 140 464 294 643 289 0 162 374 505 191 138 242 141
513 474 427 250 191 77 499 718 524 295 420 195 549 517 242 446 41 461 217 422 89 468 379 347 279 574 65 567 455 549 470 469 477 539 165 193 66 433 562 100 520 482 496 177 931 574 489 481 588 64 303 74 453 98 466 204 529 540 183 434 196 492 216 78 560 389 739 385 162 0 470 600 287 234 338 193
235 88 256 601 542 436 147 1069 281 266 177 546 254 239 593 168 486 183 568 179 390 116 136 160 251 296 449 140 177 102 192 191 199 261 516 544 457 67 284 393 134 47 218 355 1282 296 53 203 310 464 234 440 101 381 80 555 81 296 534 156 547 843 567 414 317 146 496 214 374 470 0 311 258 275 168 485
118 243 321 732 672 566 187 1200 487 378 383 676 82 114 723 170 616 155 699 386 520 218 342 318 362 46 580 264 174 290 146 160 139 92 646 675 588 281 60 523 202 323 126 485 1413 46 330 146 39 595 375 571 235 511 250 685 311 503 665 181 677 973 697 544 523 352 702 278 505 600 311 0 333 405 305 616
245 262 160 418 358 252 231 886 312 64 208 362 282 249 409 179 302 194 385 210 206 200 167 134 48 307 266 355 188 337 202 201 210 271 332 361 274 220 294 210 307 270 228 171 1099 306 276 213 321 281 91 257 185 197 253 371 316 327 351 167 363 659 383 231 348 177 527 117 191 287 258 333 0 91 126 302
317 279 232 365 305 199 304 833 329 100 224 309 354 321 356 251 249 266 332 227 153 272 184 151 84 379 213 372 260 353 274 274 282 343 280 308 221 237 366 157 325 286 301 119 1046 378 293 286 393 228 108 204 257 144 270 318 333 344 298 239 310 607 330 178 365 194 543 190 138 234 275 405 91 0 143 249
217 172 132 469 410 304 203 937 222 134 118 414 254 221 461 151 354 166 436 121 258 172 77 45 119 279 317 266 160 247 175 174 182 243 384 412 325 131 266 261 218 180 201 223 1150 278 187 186 293 332 102 308 157 249 164 423 227 238 402 139 415 711 435 282 258 88 437 90 242 338 168 305 126 143 0 353
528 489 442 287 228 237 514 755 539 310 435 232 565 532 279 461 189 476 254 438 226 483 394 362 294 589 213 582 470 564 485 484 492 554 202 230 143 448 577 230 535 497 511 161 968 589 504 496 603 212 318 222 468 217 481 241 544 555 220 449 233 529 253 251 575 404 754 400 141 193 485 616 302 249 353 0
EOF