NAME : tsp_problem
TYPE : TSP
DIMENSION : 62
EDGE_WEIGHT_TYPE : EXPLICIT
EDGE_WEIGHT_FORMAT : FULL_MATRIX
EDGE_WEIGHT_SECTION
0 290 943 197 239 708 123 470 412 265 229 350 241 205 157 278 130 171 441 323 100 199 115 154 405 235 154 159 178 294 419 183 350 341 159 344 403 253 134 333 521 251 279 96 255 399 228 215 169 232 358 166 203 191 183 488 151 195 199 1354 308 258
290 0 1158 462 74 973 219 735 677 530 91 615 222 419 160 39 365 386 706 588 303 464 191 368 670 327 164 373 392 559 684 386 616 607 160 609 669 467 230 598 735 60 544 300 469 613 92 250 146 88 623 150 118 115 130 702 355 288 264 1619 573 523
866 1080 0 978 1033 636 881 1007 949 1015 1023 1132 896 686 951 1072 871 729 977 956 898 981 909 753 942 890 948 759 726 981 955 980 967 924 953 921 940 648 870 932 848 1045 1000 894 637 726 1022 870 962 1026 939 960 996 985 977 815 949 850 854 1282 957 1022
197 462 1007 0 411 612 294 374 316 169 401 233 354 317 329 450 154 284 344 226 272 59 286 266 309 347 325 272 290 198 322 354 254 245 330 248 307 365 305 236 633 423 183 268 368 511 400 327 340 404 262 337 374 363 354 600 323 308 312 1257 212 162
239 74 1111 411 0 922 168 684 626 479 149 564 282 372 175 62 314 339 655 537 253 413 140 321 619 287 172 326 345 508 633 335 565 556 177 559 618 420 179 547 688 39 493 249 422 566 148 267 187 148 572 184 122 64 189 655 304 248 252 1568 522 472
712 977 597 616 926 0 810 573 515 581 916 769 869 833 844 965 670 799 543 522 787 618 802 782 508 863 841 787 806 547 521 870 533 490 846 487 506 881 821 499 1149 938 566 783 883 1027 915 843 856 919 505 853 890 878 870 1116 838 823 827 795 523 588
123 219 959 294 168 806 0 567 509 363 158 447 142 220 86 207 197 187 538 420 136 297 44 169 503 135 83 174 193 392 516 218 448 439 88 442 501 268 31 430 536 180 377 132 270 414 158 115 98 161 455 95 132 120 112 503 187 96 100 1451 406 356
470 735 964 374 684 569 567 0 118 338 674 527 627 591 602 723 428 557 43 280 545 376 560 540 149 621 599 545 564 305 125 627 291 247 604 245 110 639 578 256 906 696 324 541 641 784 673 600 613 677 263 611 647 636 628 873 596 581 585 1214 281 346
412 677 906 316 626 511 509 118 0 280 616 469 569 533 544 665 370 499 89 222 487 318 502 482 91 563 541 487 506 247 65 569 233 189 546 187 52 581 520 198 848 638 266 483 583 726 615 542 555 619 205 553 589 578 570 815 538 523 527 1156 223 288
265 530 972 169 479 577 363 338 280 0 469 322 422 386 397 518 223 352 309 80 340 171 355 335 274 416 394 340 359 52 287 423 237 99 399 102 272 434 373 90 702 491 39 336 436 580 468 396 409 472 116 406 443 431 423 669 391 376 380 1222 66 55
229 91 1101 401 149 912 158 674 616 469 0 554 190 362 127 106 304 329 645 527 242 403 129 311 609 277 131 316 335 498 623 325 554 545 127 548 607 410 169 537 678 137 483 239 412 556 59 218 114 56 562 117 84 100 97 645 294 238 232 1558 512 462
350 615 1160 233 564 765 447 527 469 322 554 0 507 471 482 603 308 437 497 379 425 236 440 419 462 500 479 425 443 351 475 507 407 398 484 401 460 519 458 389 786 576 336 421 521 664 553 480 493 557 415 491 527 516 508 753 476 461 465 1410 365 315
241 222 973 354 282 865 142 627 569 422 190 507 0 235 172 236 246 201 597 479 261 356 169 184 562 122 175 189 208 451 575 344 507 498 172 501 560 283 130 489 551 268 436 257 285 429 190 78 158 187 515 162 216 245 142 518 312 82 87 1510 465 415
205 419 764 317 372 829 220 591 533 386 362 471 235 0 290 411 210 68 561 443 236 320 247 92 526 229 287 97 65 415 539 319 471 462 292 465 524 73 208 453 341 384 400 233 75 219 361 208 301 365 479 298 335 324 315 308 288 189 193 1474 429 379
157 160 1028 329 175 840 86 602 544 397 127 482 172 290 0 174 232 256 572 454 170 331 57 239 537 205 66 244 263 426 550 253 482 473 71 476 535 338 97 464 606 187 411 167 340 483 128 185 80 124 490 78 138 127 79 572 221 166 170 1485 440 390
278 39 1150 450 62 961 207 723 665 518 106 603 236 411 174 0 353 377 694 576 291 452 178 360 658 326 178 365 384 547 672 374 603 594 174 597 656 459 218 586 727 48 532 288 461 605 106 264 161 103 611 164 132 103 144 694 343 287 278 1607 561 511
130 365 949 154 314 666 197 428 370 223 304 308 246 210 232 353 0 177 398 280 175 157 189 159 363 240 228 164 183 252 376 257 308 299 233 302 361 258 208 290 526 326 237 171 260 404 303 220 243 307 316 240 277 266 257 493 226 201 205 1311 266 216
171 386 806 284 339 795 187 557 499 352 329 437 201 68 256 377 177 0 528 410 203 286 214 59 492 195 253 64 71 381 506 286 438 429 258 431 491 116 175 420 384 351 366 199 118 262 328 175 268 332 445 265 302 290 282 351 254 156 160 1441 395 345
441 706 934 344 655 539 538 43 89 309 645 497 597 561 572 694 398 528 0 251 515 347 530 510 119 591 569 516 534 275 95 598 261 218 574 215 80 609 549 227 877 667 294 512 611 755 644 571 584 648 233 581 618 606 598 844 567 552 556 1185 251 316
323 588 913 226 537 518 420 280 222 80 527 379 479 443 454 576 280 410 251 0 397 229 412 392 215 473 451 397 416 57 229 480 219 65 456 62 213 491 431 74 759 549 65 394 493 637 526 453 466 530 80 463 500 488 480 726 448 434 438 1164 71 88
100 303 975 272 253 783 136 545 487 340 242 425 261 236 170 291 175 203 515 397 0 274 128 185 480 255 167 191 209 369 493 139 425 416 172 419 478 285 147 407 552 265 354 52 287 430 242 235 182 245 433 179 216 204 196 519 107 215 220 1428 383 333
199 464 1009 59 413 614 297 376 318 171 403 236 356 320 331 452 157 286 347 229 274 0 289 269 311 350 328 274 293 200 325 357 256 247 333 250 309 368 308 239 636 426 185 270 370 514 403 330 343 406 264 340 377 365 357 603 325 310 315 1260 214 164
115 191 986 286 140 798 44 560 502 355 129 440 169 247 57 178 189 214 530 412 128 289 0 196 495 163 54 202 220 384 508 211 440 431 59 434 493 296 55 422 563 152 369 124 298 441 129 143 69 132 448 66 103 91 83 530 179 123 128 1443 398 348
154 368 831 266 321 778 169 540 482 335 311 419 184 92 239 360 159 59 510 392 185 269 196 0 475 177 235 37 65 364 488 268 420 411 240 414 473 140 157 402 408 333 349 182 142 286 310 157 250 314 428 247 284 273 264 375 237 138 142 1423 378 328
405 670 899 309 619 504 503 149 91 274 609 462 562 526 537 658 363 492 119 215 480 311 495 475 0 556 534 480 499 240 97 563 226 183 539 180 82 574 514 192 842 632 259 476 576 720 609 536 549 612 198 546 583 571 563 809 531 516 521 1149 216 281
235 327 967 347 287 859 135 621 563 416 277 500 122 229 205 326 240 195 591 473 255 350 163 177 556 0 202 183 201 445 569 337 501 492 207 495 554 277 124 483 544 299 430 251 279 422 276 95 217 280 509 214 251 239 231 511 306 62 80 1504 459 409
154 164 1025 325 172 837 83 599 541 394 131 479 175 287 66 178 228 253 569 451 167 328 54 235 534 202 0 241 260 423 547 250 479 470 68 473 532 335 94 461 602 184 408 163 337 480 131 182 77 128 487 75 135 123 83 569 218 162 167 1482 437 387
159 373 836 272 326 783 174 545 487 340 316 425 189 97 244 365 164 64 516 397 191 274 202 37 480 183 241 0 70 369 494 273 425 416 246 419 478 146 163 407 413 339 354 187 148 291 316 163 256 319 433 253 290 278 270 380 242 143 148 1429 383 333
178 392 804 290 345 802 193 564 506 359 335 443 208 65 263 384 183 71 534 416 209 293 220 65 499 201 260 70 0 388 512 292 444 435 264 438 497 114 181 426 381 357 373 206 116 259 334 181 274 338 452 271 308 297 288 348 261 162 166 1447 402 352
294 559 938 198 508 543 392 305 247 52 498 351 451 415 426 547 252 381 275 57 369 200 384 364 240 445 423 369 388 0 254 452 244 76 428 79 238 463 403 67 731 521 37 365 465 609 498 425 438 501 93 435 472 460 452 698 420 405 410 1188 43 59
419 684 912 322 633 517 516 125 65 287 623 475 575 539 550 672 376 506 95 229 493 325 508 488 97 569 547 494 512 254 0 576 239 196 552 193 58 587 527 205 855 645 272 490 589 733 622 549 562 626 211 559 596 584 576 822 545 530 534 1163 229 294
183 386 1058 354 335 866 218 627 569 423 325 507 344 319 253 374 257 286 598 480 139 357 211 268 563 337 250 273 292 452 576 0 508 499 255 502 561 367 229 490 635 347 437 123 369 513 324 317 264 328 515 262 298 287 279 602 129 298 302 1511 466 416
350 616 924 254 565 529 448 291 233 237 554 407 507 471 482 603 308 438 261 219 425 256 440 420 226 501 479 425 444 244 239 508 0 186 484 183 224 519 459 195 787 577 251 422 521 665 554 481 494 557 201 491 528 516 508 754 476 462 466 1174 220 230
341 607 881 245 556 486 439 247 189 99 545 398 498 462 473 594 299 429 218 65 416 247 431 411 183 492 470 416 435 76 196 499 186 0 475 29 181 510 450 41 778 568 84 413 512 656 545 472 485 548 47 482 519 507 499 745 467 453 457 1131 65 106
159 160 1030 330 177 842 88 604 546 399 127 484 172 292 71 174 233 258 574 456 172 333 59 240 539 207 68 246 264 428 552 255 484 475 0 478 537 340 99 466 607 189 413 168 342 485 128 187 82 124 492 79 140 128 79 574 223 167 172 1487 442 392
344 609 878 248 559 483 442 245 187 102 548 401 501 465 476 597 302 431 215 62 419 250 434 414 180 495 473 419 438 79 193 502 183 29 478 0 178 513 453 38 781 571 87 416 515 659 548 475 488 551 45 485 522 510 502 748 470 455 460 1128 63 109
403 669 897 307 618 502 501 110 52 272 607 460 560 524 535 656 361 491 80 213 478 309 493 473 82 554 532 478 497 238 58 561 224 181 537 178 0 572 512 190 840 630 257 475 574 718 607 534 547 610 196 544 581 569 561 807 529 514 519 1148 214 279
253 467 726 365 420 877 268 639 581 434 410 519 283 73 338 459 258 116 609 491 285 368 296 140 574 277 335 146 114 463 587 367 519 510 340 513 572 0 257 501 303 432 448 281 57 181 409 257 349 413 527 347 383 372 364 270 336 237 241 1522 477 427
134 230 947 305 179 817 31 578 520 373 169 458 130 208 97 218 208 175 549 431 147 308 55 157 514 124 94 163 181 403 527 229 459 450 99 453 512 257 0 441 524 191 388 143 259 402 168 104 109 172 466 106 143 131 123 491 198 84 89 1462 417 367
333 598 890 236 547 495 430 256 198 90 537 389 489 453 464 586 290 420 227 74 407 239 422 402 192 483 461 407 426 67 205 490 195 41 466 38 190 501 441 0 769 559 75 404 503 647 536 463 476 540 56 473 510 498 490 736 459 444 448 1140 74 98
583 797 988 696 750 1207 598 969 911 764 740 849 613 403 668 789 588 446 939 821 615 698 626 470 904 607 665 476 444 793 917 697 849 840 670 843 902 365 587 831 0 762 778 611 354 356 739 587 680 743 857 677 714 702 694 140 666 567 572 1852 807 757
251 60 1123 423 39 935 180 696 638 491 137 576 268 384 187 48 326 351 667 549 265 426 152 333 632 299 184 339 357 521 645 347 577 568 189 571 630 432 191 559 700 0 506 261 434 578 137 279 192 134 584 195 134 76 175 667 316 260 264 1580 534 485
279 544 957 183 493 562 377 324 266 39 483 336 436 400 411 532 237 366 294 65 354 185 369 349 259 430 408 354 373 37 272 437 251 84 413 87 257 448 388 75 716 506 0 350 450 594 483 410 423 486 101 420 457 445 437 683 405 390 395 1207 51 47
96 300 972 268 249 779 132 541 483 336 239 421 257 233 167 288 171 199 512 394 52 270 124 182 476 251 163 187 206 365 490 123 422 413 168 416 475 281 143 404 549 261 350 0 283 427 238 231 178 242 429 175 212 200 192 516 91 212 216 1425 379 329
255 469 715 368 422 879 270 641 583 436 412 521 285 75 340 461 260 118 611 493 287 370 298 142 576 279 337 148 116 465 589 369 521 512 342 515 574 57 259 503 292 434 450 283 0 170 411 259 352 415 529 349 386 374 366 259 338 239 244 1524 479 429
420 635 825 533 588 1044 436 806 748 601 578 686 450 241 505 627 426 284 777 659 452 536 463 308 742 444 502 313 281 630 755 535 687 678 507 681 740 203 424 669 247 600 616 449 192 0 577 424 517 581 694 514 551 539 531 160 503 405 409 1690 644 595
228 92 1100 400 148 912 158 673 615 468 59 553 190 361 128 106 303 328 644 526 242 403 129 310 609 276 131 316 334 498 622 324 554 545 128 548 607 409 168 536 677 137 483 238 411 555 0 218 114 56 561 118 84 99 98 644 293 237 232 1557 511 462
215 250 947 327 267 839 115 600 542 396 218 480 78 208 185 264 220 175 571 453 235 330 143 157 536 95 182 163 181 425 549 317 481 472 187 475 534 257 104 463 524 279 410 231 259 402 218 0 186 215 488 189 231 219 169 491 286 56 60 1484 439 389
169 146 1040 340 187 852 98 613 555 409 114 493 158 301 80 161 243 268 584 466 182 343 69 250 549 217 77 256 274 438 562 264 494 485 82 488 547 349 109 476 617 192 423 178 352 495 114 186 0 111 501 86 140 138 66 584 233 177 181 1497 452 402
232 88 1104 404 148 915 161 677 619 472 56 557 187 365 124 103 307 332 648 530 245 406 132 314 612 280 128 319 338 501 626 328 557 548 124 551 610 413 172 540 681 134 486 242 415 559 56 215 111 0 565 114 82 103 94 648 297 241 229 1561 515 465
358 623 896 262 572 501 455 263 205 116 562 415 515 479 490 611 316 445 233 80 433 264 448 428 198 509 487 433 452 93 211 515 201 47 492 45 196 527 466 56 794 584 101 429 529 672 561 488 501 565 0 499 535 524 516 761 484 469 473 1146 81 123
166 150 1037 337 184 849 95 611 553 406 117 491 162 298 78 164 240 265 581 463 179 340 66 247 546 214 75 253 271 435 559 262 491 482 79 485 544 347 106 473 614 195 420 175 349 492 118 189 86 114 499 0 144 135 69 581 230 174 179 1494 449 399
203 118 1074 374 122 886 132 647 589 443 84 527 216 335 138 132 277 302 618 500 216 377 103 284 583 251 135 290 308 472 596 298 528 519 140 522 581 383 143 510 651 134 457 212 386 529 84 231 140 82 535 144 0 73 124 618 267 211 215 1531 486 436
191 115 1062 363 64 874 120 636 578 431 100 516 245 324 127 103 266 290 606 488 204 365 91 273 571 239 123 278 297 460 584 287 516 507 128 510 569 372 131 498 640 76 445 200 374 517 99 219 138 103 524 135 73 0 152 606 255 199 204 1519 474 424
183 130 1054 354 189 866 112 628 570 423 97 508 142 315 79 144 257 282 598 480 196 357 83 264 563 231 83 270 288 452 576 279 508 499 79 502 561 364 123 490 631 175 437 192 366 509 98 169 66 94 516 69 124 152 0 598 247 191 184 1511 466 416
496 710 901 608 663 1120 511 882 824 677 653 762 526 316 581 702 501 359 852 734 528 611 539 383 817 520 578 389 357 706 830 610 762 753 583 756 815 278 500 744 140 675 691 524 267 269 652 500 592 656 770 590 626 615 607 0 579 480 484 1765 720 670
151 355 1026 323 304 834 187 596 538 391 294 476 312 288 221 343 226 254 567 448 107 325 179 237 531 306 218 242 261 420 545 129 476 467 223 470 529 336 198 459 604 316 405 91 338 481 293 286 233 297 484 230 267 255 247 570 0 267 271 1480 434 384
195 288 928 308 248 819 96 581 523 376 238 461 82 189 166 287 201 156 552 434 215 310 123 138 516 62 162 143 162 405 530 298 462 453 167 455 514 237 84 444 505 260 390 212 239 383 237 56 177 241 469 174 211 199 191 472 267 0 41 1465 419 369
199 264 932 312 252 824 100 585 527 380 232 465 87 193 170 278 205 160 556 438 220 315 128 142 521 80 167 148 166 410 534 302 466 457 172 460 519 241 89 448 509 264 395 216 244 387 232 60 181 229 473 179 215 204 184 476 271 41 0 1469 423 374
1358 1623 1243 1261 1572 795 1455 1218 1160 1226 1562 1414 1514 1478 1489 1611 1315 1445 1189 1168 1432 1264 1447 1427 1153 1508 1486 1432 1451 1192 1167 1515 1178 1135 1491 1132 1151 1526 1466 1144 1794 1584 1211 1429 1528 1672 1561 1488 1501 1565 1150 1498 1535 1523 1515 1761 1483 1469 1473 0 1168 1233
308 573 914 212 522 519 406 281 223 66 512 365 465 429 440 561 266 395 251 71 383 214 398 378 216 459 437 383 402 43 229 466 220 65 442 63 214 477 417 74 745 534 51 379 479 623 511 439 452 515 81 449 486 474 466 712 434 419 423 1164 0 73
258 523 979 162 472 584 356 346 288 55 462 315 415 379 390 511 216 345 316 88 333 164 348 328 281 409 387 333 352 59 294 416 230 106 392 109 279 427 367 98 695 485 47 329 429 573 462 389 402 465 123 399 436 424 416 662 384 369 374 1229 73 0
EOF