NAME : tsp_problem
TYPE : TSP
DIMENSION : 34
EDGE_WEIGHT_TYPE : EXPLICIT
EDGE_WEIGHT_FORMAT : FULL_MATRIX
EDGE_WEIGHT_SECTION
0 993 397 606 468 212 515 309 223 365 469 261 546 665 620 344 422 610 538 351 657 384 199 396 598 1151 648 301 310 560 431 415 539 483
997 0 924 561 995 874 1046 915 801 971 995 795 584 620 575 944 949 565 565 951 612 1047 861 993 552 276 603 908 882 568 958 938 591 1010
397 920 0 533 187 274 146 201 205 249 187 170 473 592 547 123 141 537 465 116 584 447 261 87 525 1078 575 189 102 487 140 264 466 188
606 557 533 0 604 483 655 524 410 580 604 403 192 112 66 553 558 51 174 560 103 655 469 601 44 714 95 516 491 177 567 547 199 619
468 991 187 604 0 345 74 272 276 327 61 241 544 663 618 235 113 608 536 239 655 517 332 210 595 1149 646 264 173 558 122 335 537 42
212 870 274 483 345 0 392 186 100 242 346 138 423 542 497 221 299 487 415 228 534 211 63 273 475 1028 525 178 187 437 308 292 416 360
515 1042 146 655 74 392 0 311 327 314 112 292 595 714 669 187 127 659 587 180 706 564 378 151 646 1200 697 253 224 609 118 386 588 57
309 911 201 524 272 186 311 0 142 79 272 180 464 584 538 147 226 528 457 154 575 358 172 192 516 1069 566 76 114 479 235 321 457 287
223 797 205 410 276 100 327 142 0 198 277 66 350 470 424 177 230 414 343 184 461 273 87 229 402 955 452 134 143 365 239 219 343 291
365 967 249 580 327 242 314 79 198 0 328 236 520 640 594 202 282 584 513 195 631 414 228 195 572 1125 622 132 169 535 291 377 513 343
469 991 187 604 61 346 112 272 277 328 0 242 544 664 618 235 113 608 537 242 655 518 332 249 596 1149 646 264 173 559 123 335 537 77
261 791 170 403 241 138 292 180 66 236 242 0 343 463 417 191 195 407 336 198 455 311 125 239 395 949 446 172 129 358 204 184 337 256
546 580 473 192 544 423 595 464 350 520 544 343 0 252 206 493 498 196 175 500 244 595 409 541 184 738 235 456 431 68 507 487 90 559
665 616 592 112 663 542 714 584 470 640 664 463 252 0 89 613 617 116 233 620 58 715 529 661 104 774 117 576 551 237 626 606 259 678
620 571 547 66 618 497 669 538 424 594 618 417 206 89 0 567 572 70 188 574 80 669 483 615 58 728 62 530 505 191 581 561 213 633
344 940 123 553 235 221 187 147 177 202 235 191 493 613 567 0 189 557 486 69 604 393 207 68 545 1098 595 139 77 507 181 284 486 229
422 945 141 558 113 299 127 226 230 282 113 195 498 617 572 189 0 562 490 183 609 472 286 154 550 1103 600 218 127 512 49 289 491 128
610 561 537 51 608 487 659 528 414 584 608 407 196 116 70 557 562 0 178 564 107 659 473 605 48 718 99 520 495 181 571 551 203 623
538 561 465 174 536 415 587 457 343 513 537 336 175 233 188 486 490 178 0 493 225 588 402 534 165 719 216 449 424 160 499 479 182 551
351 948 116 560 239 228 180 154 184 195 242 198 500 620 574 69 183 564 493 0 611 400 214 61 552 1105 603 135 84 515 174 292 493 222
657 608 584 103 655 534 706 575 461 631 655 455 244 58 80 604 609 107 225 611 0 706 521 653 95 766 109 568 542 228 618 598 251 670
454 1112 516 725 587 281 634 428 343 484 588 381 665 785 739 463 541 729 658 470 776 0 290 515 717 1270 767 420 429 680 550 534 658 602
199 857 261 469 332 63 378 172 87 228 332 125 409 529 483 207 286 473 402 214 521 220 0 260 461 1015 512 165 174 424 295 278 403 347
396 989 87 601 210 273 151 192 229 195 249 239 541 661 615 68 154 605 534 61 653 445 260 0 593 1147 644 135 129 556 145 333 535 193
598 548 525 44 595 475 646 516 402 572 596 395 184 104 58 545 550 48 165 552 95 647 461 593 0 706 86 508 483 169 559 538 191 611
1155 276 1082 718 1153 1032 1204 1073 959 1129 1153 953 741 778 732 1102 1107 722 723 1109 770 1204 1018 1151 710 0 761 1066 1040 726 1116 1096 748 1168
648 599 575 95 646 525 697 566 452 622 646 446 235 117 62 595 600 99 216 603 109 698 512 644 86 757 0 559 534 220 609 589 242 661
301 904 189 516 264 178 253 76 134 132 264 172 456 576 530 139 218 520 449 135 568 350 165 135 508 1062 559 0 106 471 227 314 450 279
310 879 102 491 173 187 224 114 143 169 173 129 431 551 505 77 127 495 424 84 542 359 174 129 483 1036 534 106 0 446 136 223 424 188
560 564 487 177 558 437 609 479 365 535 559 358 68 237 191 507 512 181 160 515 228 610 424 556 169 722 220 471 446 0 521 501 75 573
431 954 140 567 122 308 118 235 239 291 123 204 507 626 581 181 49 571 499 174 618 481 295 145 559 1112 609 227 136 521 0 298 500 137
415 934 264 547 335 292 386 321 219 377 335 184 487 606 561 284 289 551 479 292 598 464 278 333 538 1092 589 314 223 501 298 0 480 350
539 587 466 199 537 416 588 457 343 513 537 337 90 259 213 486 491 203 182 493 251 588 403 535 191 745 242 450 424 75 500 480 0 552
483 1006 188 619 42 360 57 287 291 343 77 256 559 678 633 229 128 623 551 222 670 533 347 193 611 1164 661 279 188 573 137 350 552 0
EOF