NAME : tsp_problem
TYPE : TSP
DIMENSION : 48
EDGE_WEIGHT_TYPE : EXPLICIT
EDGE_WEIGHT_FORMAT : FULL_MATRIX
EDGE_WEIGHT_SECTION
0 509 645 561 178 272 102 631 468 247 588 176 836 237 228 237 435 600 256 614 648 208 123 642 688 224 393 101 323 181 108 184 99 529 223 264 395 270 128 60 393 351 666 114 195 639 258 265
509 0 255 83 451 411 474 241 63 386 653 449 446 482 306 314 500 209 317 224 258 453 564 707 753 469 458 571 272 424 416 457 471 72 403 444 460 450 500 530 458 416 275 486 441 249 438 444
649 258 0 238 591 550 614 264 314 526 793 589 262 622 445 454 640 232 457 247 281 593 703 847 893 609 598 711 412 563 556 597 611 238 543 583 600 590 640 670 598 555 298 626 580 272 578 584
561 83 234 0 504 463 526 220 116 438 706 501 426 535 358 367 553 189 369 204 237 506 616 759 806 522 510 623 325 476 469 510 524 63 455 496 513 503 552 582 510 468 255 539 493 228 490 497
178 451 587 504 0 214 143 573 411 189 531 82 779 110 171 180 378 542 198 557 590 138 133 584 631 123 335 146 265 123 85 72 140 472 166 206 338 171 124 194 335 293 608 137 137 581 184 178
272 411 546 463 214 0 237 533 370 68 494 212 738 245 130 139 341 501 157 516 550 216 327 547 594 232 299 334 224 189 179 220 234 431 232 272 301 279 263 293 298 256 567 249 203 541 267 273
102 474 610 526 143 237 0 596 434 212 554 141 801 177 194 202 401 565 221 579 613 173 113 607 653 189 358 127 288 146 73 139 37 495 188 229 361 236 65 123 358 316 631 52 160 604 223 230
631 241 260 220 573 533 596 0 296 508 776 571 451 605 428 437 623 60 439 57 109 576 686 829 876 591 580 693 394 546 539 580 594 221 525 566 583 572 622 652 580 538 126 608 563 30 560 567
468 63 310 116 411 370 434 296 0 345 613 409 501 442 265 274 460 265 276 279 313 413 523 666 713 429 418 530 232 383 376 417 431 84 363 403 420 410 459 489 417 375 331 446 400 304 397 404
247 386 522 438 189 68 212 508 345 0 469 187 713 221 106 114 316 477 133 491 525 192 302 523 569 208 274 309 200 165 155 196 210 407 207 248 276 254 238 268 274 231 543 224 179 516 242 249
1037 1103 1238 1155 980 943 1003 1225 1062 918 0 978 1430 937 881 837 641 1193 822 1208 1241 908 1082 828 158 924 670 1095 935 872 945 986 1000 1123 852 892 672 899 1028 1058 681 712 1259 1015 895 1233 887 893
176 449 585 501 82 212 141 571 409 187 529 0 776 110 169 177 376 540 196 554 588 139 133 582 629 123 333 146 263 121 83 72 138 470 163 204 336 171 124 194 333 291 606 137 135 579 184 178
840 450 262 429 782 742 805 455 505 717 985 780 0 814 637 646 832 424 648 438 472 785 895 1038 1085 801 789 902 604 755 748 789 803 430 734 775 792 782 831 861 789 747 490 817 772 463 769 776
237 482 618 535 110 245 177 605 442 221 488 110 810 0 202 211 335 573 208 588 621 78 161 541 588 63 293 174 296 80 144 100 179 503 123 163 295 111 151 222 292 250 639 165 78 612 124 118
228 306 441 358 171 130 194 428 265 106 432 169 633 202 0 77 279 396 95 411 445 173 283 485 532 189 237 290 119 146 136 177 191 326 182 222 239 229 219 249 236 194 462 206 160 436 216 223
237 314 450 367 180 139 202 437 274 114 388 177 642 211 77 0 235 405 51 420 453 182 292 441 487 198 192 299 147 155 145 186 200 335 137 178 195 184 228 258 192 150 471 215 169 445 172 178
435 500 636 553 378 341 401 623 460 316 192 376 828 335 279 235 0 591 220 606 639 306 480 245 292 322 68 493 333 270 343 384 398 521 250 290 70 297 426 456 79 110 657 413 293 631 285 291
600 209 228 189 542 501 565 60 265 477 744 540 420 573 396 405 591 0 408 44 77 544 654 798 844 560 549 662 363 514 507 548 562 189 494 534 551 541 590 621 548 506 95 577 531 63 529 535
256 317 453 369 198 157 221 439 276 133 373 196 644 208 95 51 220 408 0 422 456 179 311 427 473 195 178 318 150 143 163 204 218 338 123 163 180 170 247 277 177 135 474 233 166 447 158 164
614 224 243 204 557 516 579 57 279 491 759 554 435 588 411 420 606 44 422 0 92 559 669 812 859 575 563 676 378 529 522 563 577 204 508 549 566 556 605 635 563 521 109 592 546 49 543 550
648 258 277 237 590 550 613 109 313 525 792 588 468 621 445 453 639 77 456 92 0 592 703 846 892 608 597 710 411 563 555 596 610 237 542 582 599 589 639 669 597 555 47 625 579 116 577 583
208 453 589 506 138 216 173 576 413 192 459 139 781 78 173 182 306 544 179 559 592 0 189 512 559 78 264 203 267 51 115 129 170 474 94 134 266 140 180 229 263 221 610 185 49 583 129 135
123 564 700 616 133 327 113 686 523 302 633 133 891 161 283 292 480 654 311 669 703 189 0 686 733 173 437 37 377 225 171 123 116 584 268 301 440 222 88 85 437 395 720 101 202 694 235 229
781 846 982 899 724 687 747 969 806 662 518 722 1174 681 625 581 385 937 566 952 985 652 826 0 618 668 414 839 679 616 689 730 744 867 596 636 416 643 772 802 425 456 1003 759 639 977 631 637
996 1061 1197 1113 938 901 961 1183 1020 877 605 936 1388 895 839 795 599 1152 781 1166 1200 866 1040 786 0 882 628 1054 894 831 903 944 958 1081 810 851 630 857 987 1017 639 671 1218 973 854 1191 845 851
224 469 605 522 123 232 189 591 429 208 475 123 797 63 189 198 322 560 195 575 608 78 173 528 575 0 279 187 283 67 131 113 186 490 110 150 282 124 164 235 279 237 626 178 65 599 137 131
393 458 594 510 335 299 358 580 418 274 221 333 785 293 237 192 68 549 178 563 597 264 437 274 321 279 0 451 291 228 301 342 356 479 207 248 62 254 384 414 59 68 615 370 251 588 242 249
101 571 707 623 146 334 127 693 530 309 646 146 898 174 290 299 493 662 318 676 710 203 37 700 746 187 451 0 385 238 170 136 129 591 281 315 453 235 101 62 450 408 727 115 215 701 248 243
323 272 408 325 265 224 288 394 232 200 486 263 600 296 119 147 333 363 150 378 411 267 377 540 586 283 291 385 0 240 230 271 285 293 236 276 293 283 314 344 291 248 429 300 254 402 271 277
181 424 559 476 123 189 146 546 383 165 423 121 751 80 146 155 270 514 143 529 563 51 225 477 523 67 228 238 240 0 88 129 143 444 58 99 230 105 171 202 228 185 580 158 38 554 93 100
108 416 552 469 85 179 73 539 376 155 496 83 744 144 136 145 343 507 163 522 555 115 171 549 596 131 301 170 230 88 0 92 70 437 131 171 303 178 99 129 300 258 573 85 102 546 166 172
184 457 593 510 72 220 139 580 417 196 537 72 785 100 177 186 384 548 204 563 596 129 123 591 637 113 342 136 271 129 92 0 142 478 172 212 344 161 114 184 341 299 614 127 141 588 174 168
99 471 607 524 140 234 37 594 431 210 551 138 799 179 191 200 398 562 218 577 610 170 116 604 651 186 356 129 285 143 70 142 0 492 186 226 358 233 63 120 355 313 628 49 157 601 221 227
529 72 234 63 472 431 495 221 84 407 674 470 426 503 326 335 521 189 338 204 237 474 584 728 774 490 479 591 293 444 437 478 492 0 424 464 481 471 520 550 478 436 255 507 461 228 459 465
223 403 539 455 166 232 188 525 363 207 403 163 730 123 182 137 250 494 123 508 542 94 268 456 503 110 207 281 236 58 131 172 186 424 0 71 210 77 214 244 207 165 560 201 81 533 65 71
264 444 579 496 206 272 229 566 403 248 443 204 771 163 222 178 290 534 163 549 582 134 301 497 543 150 248 315 276 99 171 212 226 464 71 0 250 97 255 285 247 205 600 241 122 574 85 91
395 460 596 513 338 301 361 583 420 276 223 336 788 295 239 195 70 551 180 566 599 266 440 276 322 282 62 453 293 230 303 344 358 481 210 250 0 257 386 416 61 70 617 373 253 591 245 251
270 450 586 503 171 279 236 572 410 254 450 171 778 111 229 184 297 541 170 556 589 140 222 503 550 124 254 235 283 105 178 161 233 471 77 97 257 0 213 283 254 212 607 226 128 580 90 84
128 500 636 552 124 263 65 622 459 238 579 124 827 151 219 228 426 590 247 605 639 180 88 633 679 164 384 101 314 171 99 114 63 520 214 255 386 213 0 149 384 341 656 78 186 630 226 220
60 530 666 582 194 293 123 652 489 268 609 194 857 222 249 258 456 621 277 635 669 229 85 663 709 235 414 62 344 202 129 184 120 550 244 285 416 283 149 0 414 372 687 135 216 660 279 286
393 458 594 510 335 298 358 580 417 274 232 333 785 292 236 192 79 548 177 563 597 263 437 285 332 279 59 450 291 228 300 341 355 478 207 247 61 254 384 414 0 68 614 370 250 588 242 248
351 416 551 468 293 256 316 538 375 231 263 291 743 250 194 150 110 506 135 521 555 221 395 317 363 237 68 408 248 185 258 299 313 436 165 205 70 212 341 372 68 0 572 328 208 546 200 206
666 275 294 255 608 567 631 126 331 543 810 606 486 639 462 471 657 95 474 109 47 610 720 864 910 626 615 727 429 580 573 614 628 255 560 600 617 607 656 687 614 572 0 643 597 134 595 601
114 486 622 539 137 249 52 608 446 224 566 137 814 165 206 215 413 577 233 592 625 185 101 619 666 178 370 115 300 158 85 127 49 507 201 241 373 226 78 135 370 328 643 0 172 616 236 233
195 441 576 493 137 203 160 563 400 179 446 135 768 78 160 169 293 531 166 546 579 49 202 500 546 65 251 215 254 38 102 141 157 461 81 122 253 128 186 216 250 208 597 172 0 571 116 122
639 249 268 228 581 541 604 30 304 516 784 579 459 612 436 445 631 63 447 49 116 583 694 837 883 599 588 701 402 554 546 588 601 228 533 574 591 580 630 660 588 546 134 616 571 0 568 574
258 438 574 490 184 267 223 560 397 242 438 184 765 124 216 172 285 529 158 543 577 129 235 491 538 137 242 248 271 93 166 174 221 459 65 85 245 90 226 279 242 200 595 236 116 568 0 86
265 444 580 497 178 273 230 567 404 249 444 178 772 118 223 178 291 535 164 550 583 135 229 498 544 131 249 243 277 100 172 168 227 465 71 91 251 84 220 286 248 206 601 233 122 574 86 0
EOF