NAME : tsp_problem
TYPE : TSP
DIMENSION : 58
EDGE_WEIGHT_TYPE : EXPLICIT
EDGE_WEIGHT_FORMAT : FULL_MATRIX
EDGE_WEIGHT_SECTION
0 122 132 982 184 585 111 127 1539 777 71 58 648 956 280 715 112 633 665 191 158 916 208 954 125 1376 767 212 500 117 106 430 84 1023 94 122 593 129 336 129 565 172 618 658 114 125 200 132 848 174 111 630 489 206 101 73 122 668
122 0 224 1074 109 677 84 218 1631 869 108 150 740 1048 372 806 204 724 757 117 250 1008 133 1046 217 1468 859 138 592 79 82 522 80 1115 71 52 685 221 262 221 657 98 710 750 206 217 126 224 940 100 203 722 580 298 193 73 213 760
132 224 0 994 285 494 213 139 1551 686 172 103 557 969 292 623 124 541 574 293 170 928 309 967 36 1388 780 314 513 219 207 339 186 932 196 223 502 38 437 141 473 274 526 567 41 35 302 49 860 276 156 539 397 218 44 175 46 681
980 1072 992 0 1133 1445 1061 933 781 1637 1020 951 1509 124 1086 1575 972 1493 1526 1141 886 128 1157 41 985 2031 241 1162 636 1067 1055 1290 1033 1883 1044 1071 1453 989 1285 878 1425 1122 1478 1518 975 985 1150 992 1503 1124 1004 1490 1349 1013 961 1023 982 357
184 109 285 1135 0 738 118 280 1692 930 169 211 801 1110 433 868 265 786 818 60 311 1069 65 1107 278 1529 920 61 654 114 123 583 141 1176 132 86 746 282 184 282 718 44 771 811 267 278 69 285 1001 134 264 783 642 359 254 135 275 821
585 677 494 1447 738 0 666 592 2004 211 625 556 82 1422 745 148 577 66 99 746 623 1381 762 1420 472 1841 1233 767 966 672 660 186 639 457 649 676 37 467 890 594 74 727 51 91 483 471 755 484 1313 729 609 64 211 671 497 628 482 1134
111 84 213 1063 118 666 0 208 1620 858 97 139 729 1037 361 796 193 714 746 126 239 997 142 1035 206 1457 848 147 581 83 71 511 69 1104 60 61 674 210 270 210 646 107 699 739 195 206 135 213 929 108 192 711 569 287 182 62 202 749
127 218 139 935 280 592 208 0 1492 784 167 97 655 910 167 721 119 639 672 288 111 869 304 907 132 1329 720 309 454 213 202 437 180 1030 191 218 600 136 432 82 572 269 625 665 121 132 296 138 801 270 150 637 495 93 108 170 128 621
1547 1639 1559 781 1700 2012 1628 1500 0 2204 1587 1517 2075 792 1653 2142 1539 2060 2092 1708 1452 796 1724 753 1552 2598 909 1729 1301 1633 1622 1857 1600 2450 1611 1638 2020 1556 1852 1445 1992 1689 2045 2085 1541 1552 1716 1559 2070 1690 1570 2057 1915 1579 1528 1590 1548 1025
777 869 686 1639 930 211 858 784 2196 0 817 748 184 1614 937 149 769 159 124 938 815 1573 954 1612 664 2033 1425 959 1158 864 852 378 831 278 841 868 211 659 1082 786 266 919 208 131 675 663 947 676 1505 921 801 198 403 863 689 820 674 1325
71 108 172 1022 169 625 97 167 1579 817 0 98 689 997 320 755 152 673 706 177 198 956 193 995 165 1416 808 198 541 103 91 470 69 1063 80 107 633 169 321 169 605 158 658 698 155 165 186 172 888 159 151 670 529 246 141 59 162 708
58 150 103 953 211 556 139 97 1510 748 98 0 619 927 251 685 83 603 636 219 128 886 235 925 96 1347 738 240 471 145 133 401 112 994 122 149 564 100 363 99 535 200 588 628 85 96 228 102 819 202 68 601 459 177 72 101 92 639
648 740 557 1510 801 82 729 655 2067 184 689 619 0 1485 808 121 641 58 72 809 686 1444 825 1483 536 1904 1296 830 1029 735 724 249 702 430 712 740 83 531 954 657 137 790 79 64 546 534 818 548 1376 792 672 69 274 735 561 691 545 1197
955 1047 967 124 1108 1420 1036 908 792 1612 995 925 1483 0 1061 1549 947 1467 1500 1116 860 103 1132 97 960 2006 216 1137 610 1041 1030 1265 1008 1858 1019 1046 1428 964 1260 853 1400 1097 1453 1493 949 960 1124 967 1478 1098 978 1465 1323 987 936 998 956 331
280 372 292 1088 433 745 361 167 1645 937 320 251 808 1063 0 875 272 793 825 441 264 1022 457 1061 285 1482 874 462 607 367 355 590 333 1183 344 371 753 289 585 235 725 422 778 818 274 285 450 292 954 423 304 790 649 87 261 323 282 775
715 806 623 1577 868 148 796 721 2134 149 755 685 121 1551 875 0 707 96 61 876 753 1511 892 1549 602 1971 1362 897 1095 801 790 315 768 395 779 806 149 597 1020 723 204 857 146 69 612 600 884 614 1443 858 738 136 340 801 627 758 612 1263
112 204 124 974 265 577 193 119 1531 769 152 83 641 949 272 707 0 625 658 273 150 908 289 947 117 1368 760 294 493 199 187 422 165 1015 176 203 585 121 417 121 557 254 610 650 106 117 282 124 840 255 136 622 481 198 93 155 114 660
633 724 541 1495 786 66 714 639 2052 159 673 603 58 1469 793 96 625 0 47 794 671 1429 810 1467 520 1889 1280 815 1013 719 708 233 686 405 697 724 67 515 938 641 122 775 64 39 530 518 802 532 1361 776 656 54 258 719 545 676 530 1181
665 757 574 1527 818 99 746 672 2084 124 706 636 72 1502 825 61 658 47 0 826 703 1461 842 1500 553 1921 1313 847 1046 752 741 266 719 370 729 757 100 548 971 674 154 807 96 20 563 551 835 565 1393 809 689 86 291 752 578 708 562 1214
191 117 293 1143 60 746 126 288 1700 938 177 219 809 1117 441 876 273 794 826 0 319 1077 57 1115 286 1537 928 54 661 121 131 591 149 1184 140 94 754 290 177 290 726 52 779 819 275 286 65 293 1009 142 272 791 649 367 262 142 282 829
158 250 170 888 311 623 239 111 1445 815 198 128 686 862 264 753 150 671 703 319 0 822 335 860 163 1282 673 340 406 244 233 468 211 1061 222 249 631 167 463 60 603 300 656 696 152 163 328 170 754 301 181 668 527 190 139 201 160 574
914 1006 926 128 1067 1379 995 867 796 1571 954 885 1442 103 1020 1509 906 1427 1459 1075 820 0 1091 101 919 1965 175 1096 569 1001 989 1224 967 1817 978 1005 1387 923 1219 812 1359 1056 1412 1452 908 919 1084 926 1437 1057 938 1424 1283 947 895 957 916 291
208 133 309 1159 65 762 142 304 1716 954 193 235 825 1134 457 892 289 810 842 57 335 1093 0 1131 302 1553 944 37 678 138 147 607 165 1200 156 110 770 306 160 306 742 68 795 835 291 302 48 309 1025 158 288 807 666 383 278 159 299 845
952 1044 965 41 1106 1418 1033 906 753 1610 993 923 1481 97 1059 1547 945 1465 1498 1113 858 101 1130 0 958 2003 213 1135 608 1039 1028 1263 1006 1856 1017 1044 1426 962 1258 851 1397 1095 1450 1491 947 958 1122 964 1475 1096 976 1463 1321 985 934 995 954 329
125 217 36 987 278 472 206 132 1544 664 165 96 536 962 285 602 117 520 553 286 163 921 302 960 0 1381 773 307 506 212 200 317 179 910 189 216 480 16 430 134 452 267 505 545 25 14 295 27 853 269 149 517 376 212 38 168 25 674
1397 1488 1409 1946 1550 1862 1477 1350 2503 2054 1437 1367 1925 1921 1503 1991 1389 1909 1942 1557 1302 1880 1574 1918 1402 0 1731 1579 1465 1483 1472 1707 1450 2300 1461 1488 1870 1406 1702 1295 1841 1539 1895 1935 1391 1402 1566 1408 588 1540 1420 1907 1765 1429 1378 1440 1398 1632
765 857 778 241 919 1231 846 719 909 1423 806 736 1294 216 872 1360 758 1278 1311 926 671 175 943 213 771 1816 0 948 421 852 841 1076 819 1669 830 857 1239 775 1071 664 1210 908 1263 1304 760 771 935 777 1288 909 789 1276 1134 798 747 808 767 142
212 138 314 1164 61 767 147 309 1721 959 198 240 830 1139 462 897 294 815 847 54 340 1098 37 1136 307 1558 949 0 683 143 152 612 170 1205 161 115 775 311 154 311 747 73 800 840 296 307 45 314 1030 163 293 812 671 388 283 163 304 850
499 590 511 636 652 964 580 452 1303 1156 539 469 1027 610 605 1093 491 1011 1044 660 404 569 676 608 504 1550 421 681 0 585 574 809 552 1402 563 590 972 508 804 397 944 641 997 1037 493 504 668 510 1022 642 522 1009 867 531 480 542 500 322
117 79 219 1068 114 672 83 213 1626 864 103 145 735 1043 367 801 199 719 752 121 244 1002 138 1041 212 1463 854 143 587 0 77 517 75 1110 66 56 680 216 266 215 651 103 704 744 201 212 130 218 934 104 198 717 575 293 188 68 208 755
106 82 207 1057 123 660 71 202 1614 852 91 133 724 1032 355 790 187 708 741 131 233 991 147 1030 200 1451 843 152 576 77 0 505 63 1098 54 66 668 204 275 204 640 112 693 733 189 200 139 207 923 113 186 705 564 281 176 57 197 743
430 522 339 1292 583 186 511 437 1849 378 470 401 249 1267 590 315 422 233 266 591 468 1226 607 1265 317 1686 1077 612 811 517 505 0 483 624 494 521 194 312 735 439 165 572 218 258 327 316 600 329 1158 573 454 231 89 516 342 473 327 978
84 80 186 1035 141 639 69 180 1592 831 69 112 702 1010 333 768 165 686 719 149 211 969 165 1008 179 1429 821 170 554 75 63 483 0 1077 52 79 646 182 293 182 618 130 671 711 168 179 158 185 901 132 165 684 542 260 155 53 175 722
1023 1115 932 1885 1176 457 1104 1030 2442 278 1063 994 430 1860 1183 395 1015 405 370 1184 1061 1819 1200 1858 910 2279 1671 1205 1404 1110 1098 624 1077 0 1087 1114 458 905 1328 1032 512 1165 454 378 921 909 1193 923 1751 1167 1047 444 649 1110 936 1066 920 1572
94 71 196 1046 132 649 60 191 1603 841 80 122 712 1021 344 779 176 697 729 140 222 980 156 1018 189 1440 831 161 564 66 54 494 52 1087 0 70 657 193 284 193 629 121 682 722 178 189 148 196 912 122 175 694 553 270 165 45 186 732
122 52 223 1073 86 676 61 218 1630 868 107 149 740 1048 371 806 203 724 757 94 249 1007 110 1046 216 1467 859 115 592 56 66 521 79 1114 70 0 684 220 239 220 656 75 709 749 206 216 103 223 939 77 202 721 580 297 192 73 213 759
593 685 502 1455 746 37 674 600 2012 211 633 564 83 1430 753 149 585 67 100 754 631 1389 770 1428 480 1849 1241 775 974 680 668 194 646 458 657 684 0 475 898 602 82 735 52 92 490 479 763 492 1321 736 617 65 219 679 505 636 490 1141
129 221 38 991 282 467 210 136 1548 659 169 100 531 966 289 597 121 515 548 290 167 925 306 963 16 1385 776 311 510 216 204 312 182 905 193 220 475 0 434 138 447 271 500 540 26 15 299 28 857 272 153 513 371 215 41 172 26 677
336 262 437 1287 184 890 270 432 1844 1082 321 363 954 1262 585 1020 417 938 971 177 463 1221 160 1260 430 1681 1073 154 806 266 275 735 293 1328 284 239 898 434 0 434 870 196 923 963 420 430 168 437 1153 286 416 935 794 511 406 287 427 973
129 221 141 880 282 594 210 82 1437 786 169 99 657 855 235 723 121 641 674 290 60 814 306 853 134 1274 666 311 399 215 204 439 182 1032 193 220 602 138 434 0 574 271 627 667 123 134 298 141 746 272 152 639 497 161 110 172 130 567
565 657 473 1427 718 74 646 572 1984 266 605 535 137 1401 725 204 557 122 154 726 603 1361 742 1399 452 1821 1212 747 945 651 640 165 618 512 629 656 82 447 870 574 0 707 107 147 462 451 734 464 1293 708 588 119 190 651 477 608 462 1113
172 98 274 1124 44 727 107 269 1681 919 158 200 790 1099 422 857 254 775 807 52 300 1058 68 1096 267 1518 909 73 642 103 112 572 130 1165 121 75 735 271 196 271 707 0 760 800 256 267 61 274 990 123 253 772 631 348 243 123 264 810
618 710 526 1480 771 51 699 625 2037 208 658 588 79 1454 778 146 610 64 96 779 656 1414 795 1452 505 1874 1265 800 998 704 693 218 671 454 682 709 52 500 923 627 107 760 0 89 515 504 787 517 1346 761 641 63 243 704 530 661 515 1166
658 750 567 1520 811 91 739 665 2077 131 698 628 64 1494 818 69 650 39 20 819 696 1454 835 1492 545 1914 1305 840 1038 744 733 258 711 378 722 749 92 540 963 667 147 800 89 0 555 544 828 557 1386 801 681 79 283 744 570 701 555 1206
114 206 41 976 267 483 195 121 1533 675 155 85 546 951 274 612 106 530 563 275 152 910 291 949 25 1370 762 296 495 201 189 327 168 921 178 206 490 26 420 123 462 256 515 555 0 24 284 37 842 258 138 528 386 201 27 157 30 663
125 217 35 987 278 471 206 132 1544 663 165 96 534 962 285 600 117 518 551 286 163 921 302 960 14 1381 773 307 506 212 200 316 179 909 189 216 479 15 430 134 451 267 504 544 24 0 295 26 853 269 149 516 374 212 38 168 23 674
200 126 302 1152 69 755 135 296 1709 947 186 228 818 1126 450 884 282 802 835 65 328 1085 48 1124 295 1546 937 45 670 130 139 600 158 1193 148 103 763 299 168 298 734 61 787 828 284 295 0 301 1018 151 281 800 658 376 271 151 291 838
132 224 49 994 285 484 213 138 1551 676 172 102 548 968 292 614 124 532 565 293 170 928 309 966 27 1388 779 314 512 218 207 329 185 923 196 223 492 28 437 141 464 274 517 557 37 26 301 0 860 275 155 530 388 218 44 175 37 680
869 960 881 1418 1022 1334 949 822 1975 1526 909 839 1397 1393 975 1463 861 1381 1414 1029 774 1352 1046 1390 874 588 1203 1051 936 955 944 1179 922 1772 933 960 1342 878 1174 767 1313 1011 1367 1407 863 874 1038 880 0 1012 892 1379 1237 901 850 911 870 1104
174 100 276 1125 134 729 108 270 1682 921 159 202 792 1100 423 858 255 776 809 142 301 1059 158 1098 269 1519 911 163 644 104 113 573 132 1167 122 77 736 272 286 272 708 123 761 801 258 269 151 275 991 0 255 774 632 350 245 125 265 812
111 203 156 1006 264 609 192 150 1563 801 151 68 672 980 304 738 136 656 689 272 181 939 288 978 149 1400 791 293 524 198 186 454 165 1047 175 202 617 153 416 152 588 253 641 681 138 149 281 155 872 255 0 654 512 230 125 154 145 692
630 722 539 1492 783 64 711 637 2049 198 670 601 69 1467 790 136 622 54 86 791 668 1426 807 1465 517 1886 1278 812 1011 717 705 231 684 444 694 721 65 513 935 639 119 772 63 79 528 516 800 530 1358 774 654 0 256 717 543 673 527 1179
489 580 397 1351 642 211 569 495 1908 403 529 459 274 1325 649 340 481 258 291 649 527 1284 666 1323 376 1745 1136 671 869 575 564 89 542 649 553 580 219 371 794 497 190 631 243 283 386 374 658 388 1217 632 512 256 0 575 401 531 386 1037
206 298 218 1014 359 671 287 93 1572 863 246 177 735 989 87 801 198 719 752 367 190 948 383 987 212 1409 800 388 533 293 281 516 260 1110 270 297 679 215 511 161 651 348 704 744 201 212 376 218 880 350 230 717 575 0 187 249 208 701
101 193 44 963 254 497 182 108 1520 689 141 72 561 938 261 627 93 545 578 262 139 897 278 936 38 1357 749 283 482 188 176 342 155 936 165 192 505 41 406 110 477 243 530 570 27 38 271 44 829 245 125 543 401 187 0 144 34 650
73 73 175 1025 135 628 62 170 1582 820 59 101 691 999 323 758 155 676 708 142 201 959 159 997 168 1419 810 163 543 68 57 473 53 1066 45 73 636 172 287 172 608 123 661 701 157 168 151 175 891 125 154 673 531 249 144 0 164 711
122 213 46 984 275 482 202 128 1541 674 162 92 545 958 282 612 114 530 562 282 160 917 299 956 25 1378 769 304 502 208 197 327 175 920 186 213 490 26 427 130 462 264 515 555 30 23 291 37 850 265 145 527 386 208 34 164 0 670
666 758 679 357 820 1132 747 619 1025 1324 707 637 1195 331 773 1261 659 1179 1212 827 572 291 844 329 672 1717 142 848 322 753 742 977 720 1570 730 758 1140 676 972 565 1111 808 1164 1204 661 672 836 678 1189 810 690 1177 1035 699 648 709 668 0
EOF