NAME : tsp_problem
TYPE : TSP
DIMENSION : 66
EDGE_WEIGHT_TYPE : EXPLICIT
EDGE_WEIGHT_FORMAT : FULL_MATRIX
EDGE_WEIGHT_SECTION
0 193 730 136 988 165 376 64 637 881 185 141 117 134 598 314 146 155 150 298 165 162 194 970 668 801 1611 696 158 47 153 144 58 151 135 140 937 170 199 1409 678 90 502 682 144 223 181 167 535 96 155 242 162 726 186 84 213 601 582 1099 414 154 888 68 338 446
193 0 881 287 1138 316 527 215 788 1032 336 292 268 285 749 153 297 306 301 137 316 313 345 1120 819 951 1762 846 309 198 71 295 160 302 148 291 1088 321 350 1560 829 149 653 832 295 68 332 318 686 145 306 81 313 877 337 154 364 752 732 1250 564 305 1039 167 177 597
730 881 0 680 1531 583 405 697 225 1425 729 602 627 609 186 1002 690 594 694 986 596 706 738 275 112 1344 2155 109 583 723 841 688 746 598 823 684 243 573 743 1953 97 778 1046 104 721 911 725 581 1079 784 699 930 586 46 563 772 530 1145 382 1643 417 587 1432 756 1026 324
136 287 680 0 878 114 326 102 587 772 76 90 66 84 547 408 95 104 99 391 114 53 85 919 618 691 1502 645 108 128 246 35 151 100 229 30 887 119 95 1300 627 183 393 631 126 317 77 117 426 189 50 336 111 675 135 178 162 491 531 990 363 103 779 161 432 396
986 1137 1530 876 0 965 1176 952 1437 1475 857 940 916 934 1397 1258 946 954 949 1242 964 851 859 1769 1468 213 792 1495 958 978 1096 862 1002 951 1079 870 1737 969 945 2003 1477 1033 576 1481 976 1167 927 967 610 1039 901 1186 961 1525 985 1028 1012 460 1381 170 1213 954 129 1012 1282 1246
165 316 583 114 966 0 230 132 491 860 164 37 62 44 451 437 125 29 129 421 31 141 173 823 522 779 1590 549 18 157 276 123 181 33 258 119 790 28 178 1388 531 213 481 535 156 346 160 26 514 218 134 365 21 579 39 207 66 579 435 1078 267 22 867 191 461 299
376 527 405 326 1178 230 0 343 313 1071 375 248 274 256 273 648 336 240 340 632 243 352 384 645 344 991 1801 371 229 369 487 334 392 244 469 330 612 220 389 1599 353 424 692 357 367 557 371 227 725 430 345 576 232 401 209 418 176 791 257 1289 89 233 1078 402 673 122
64 215 697 102 954 132 343 0 604 848 152 108 83 101 565 336 113 122 116 319 132 129 161 936 635 767 1578 662 125 56 174 111 79 118 157 106 904 136 166 1376 645 111 469 648 111 245 148 134 502 117 122 264 129 693 153 106 180 567 548 1066 380 121 855 89 360 413
637 788 225 587 1439 491 313 604 0 1332 636 509 535 517 64 909 597 501 601 893 504 613 645 465 164 1252 2062 191 490 630 748 595 653 505 730 591 432 481 650 1860 173 685 953 177 628 818 632 488 986 691 606 837 493 221 470 679 437 1052 290 1550 324 494 1339 663 934 231
902 1053 1446 792 1390 881 1092 869 1353 0 773 856 832 850 1313 1174 862 870 865 1158 880 767 775 1685 1384 1203 2014 1411 874 894 1012 778 918 867 995 786 1653 885 861 588 1393 949 905 1397 892 1083 843 883 938 955 817 1102 877 1441 901 944 928 1003 1297 1502 1129 870 1291 928 1198 1162
185 336 729 76 859 164 375 152 636 752 0 139 115 133 597 457 145 153 148 441 163 54 71 968 667 672 1482 694 157 177 295 61 201 150 278 69 936 168 144 1280 677 233 373 680 175 366 126 166 406 238 100 385 160 724 184 227 211 472 580 970 412 153 759 211 481 445
141 292 602 90 942 37 248 108 509 836 139 0 38 20 470 413 101 26 104 397 37 117 149 841 540 755 1566 567 30 133 251 98 157 23 234 94 809 41 154 1364 550 189 456 553 131 322 136 39 490 194 109 341 33 597 57 183 85 555 453 1054 285 26 843 167 437 318
117 268 627 66 918 62 274 83 535 811 115 38 0 32 495 389 76 52 80 372 62 92 124 867 566 731 1541 593 56 109 227 74 132 48 210 70 834 67 130 1339 575 164 432 579 107 298 111 65 466 170 85 317 59 623 83 159 110 531 479 1030 311 51 818 142 413 344
134 285 609 84 936 44 256 101 517 829 133 20 32 0 477 406 94 34 98 390 44 110 142 849 548 749 1559 575 38 127 245 92 150 30 227 88 816 49 147 1357 557 182 450 561 125 315 129 47 483 188 103 334 41 605 65 176 92 549 461 1047 293 33 836 160 431 325
598 749 186 547 1399 451 273 565 64 1293 597 470 495 477 0 870 558 462 561 854 464 574 606 425 124 1212 2023 151 451 590 708 556 614 466 691 551 393 441 611 1821 134 646 913 137 588 779 593 449 947 651 566 798 454 182 430 640 398 1012 250 1511 285 455 1300 624 894 191
314 153 1002 408 1260 437 648 336 909 1153 457 413 389 406 870 0 418 427 422 57 437 434 466 1242 940 1073 1883 968 430 319 192 416 281 423 269 412 1209 442 471 1681 950 270 774 954 416 126 453 439 807 266 427 100 434 998 458 275 485 873 854 1371 686 426 1160 288 61 718
146 297 690 95 947 125 336 113 597 841 145 101 76 94 558 418 0 115 25 402 125 122 154 929 628 760 1571 655 118 138 256 104 162 111 239 99 897 129 159 1369 638 194 462 641 136 327 141 127 495 199 115 346 122 686 146 188 173 560 541 1059 373 114 848 172 442 406
155 306 594 104 956 29 240 122 501 850 153 26 52 34 462 427 115 0 118 411 37 130 162 833 532 769 1579 559 23 147 265 112 171 34 248 108 801 34 168 1378 542 202 470 545 145 336 150 31 504 208 123 355 27 590 50 197 77 569 445 1068 277 27 857 181 451 310
150 301 694 99 951 129 340 116 601 845 148 104 80 98 561 422 25 118 0 406 128 125 157 933 632 764 1574 659 122 142 260 107 165 115 243 103 901 133 163 1373 641 197 465 645 140 331 144 131 499 203 118 350 125 689 149 192 176 564 545 1063 377 117 852 176 446 410
298 137 986 391 1243 421 632 319 893 1137 441 397 372 390 854 57 402 411 406 0 421 418 450 1225 924 1056 1867 951 414 303 176 400 265 407 253 395 1193 426 455 1665 934 254 758 937 400 110 437 423 791 250 411 84 418 982 442 259 469 856 837 1355 669 410 1144 272 81 702
165 316 596 114 966 31 243 132 504 860 163 37 62 44 464 437 125 37 128 421 0 141 173 836 535 779 1590 562 26 157 275 122 181 41 258 118 803 36 178 1388 544 213 480 548 155 346 160 34 514 218 133 365 29 592 52 207 79 579 448 1078 280 30 867 191 461 313
162 313 706 53 853 141 352 129 613 746 54 117 92 110 574 434 122 130 125 418 141 0 63 945 644 666 1476 671 134 154 272 38 178 127 255 46 913 145 121 1274 654 210 367 657 152 343 103 143 400 215 77 362 137 701 162 204 189 466 557 964 389 130 753 188 458 422
194 345 738 85 860 173 384 161 645 754 71 149 124 142 606 466 154 162 157 450 173 63 0 977 676 673 1484 703 166 186 304 70 210 159 287 78 945 177 153 1282 686 242 375 689 184 375 135 175 408 247 109 394 169 733 194 236 221 473 589 972 421 162 761 220 490 454
970 1120 275 919 1771 823 645 936 465 1664 968 841 867 849 425 1242 929 833 933 1225 836 945 977 0 351 1584 2394 348 822 962 1080 927 985 837 1062 923 153 813 983 2192 337 1017 1285 343 960 1151 964 820 1319 1023 938 1170 826 286 802 1011 769 1384 622 1882 656 826 1671 995 1266 563
668 819 112 618 1470 522 344 635 164 1363 667 540 566 548 124 940 628 532 632 924 535 644 676 351 0 1283 2093 82 521 661 779 626 684 536 761 622 319 512 681 1891 65 716 984 68 659 849 663 519 1017 722 637 868 524 108 501 710 468 1083 321 1581 355 525 1370 694 965 262
799 950 1343 689 213 778 989 765 1250 1288 670 753 729 747 1210 1071 759 767 762 1055 777 664 672 1582 1281 0 948 1308 771 791 909 675 815 764 892 683 1550 782 758 1816 1290 846 389 1294 789 980 740 780 423 852 714 999 774 1338 798 841 825 273 1194 325 1026 767 114 825 1095 1059
1619 1770 2163 1509 792 1598 1809 1586 2070 2108 1490 1573 1549 1567 2030 1891 1579 1587 1582 1875 1597 1484 1492 2402 2101 948 0 2128 1591 1611 1729 1495 1635 1584 1712 1503 2370 1602 1578 2637 2110 1666 1308 2114 1609 1800 1560 1600 1341 1672 1534 1819 1594 2158 1618 1661 1645 1194 2014 814 1846 1587 864 1645 1915 1879
696 846 109 645 1497 549 371 662 191 1390 694 567 593 575 151 968 655 559 659 951 562 671 703 348 82 1310 2120 0 548 688 806 653 711 563 789 649 316 539 709 1918 82 743 1011 88 686 877 690 546 1045 749 664 896 552 105 528 738 495 1110 348 1608 382 552 1397 721 992 289
158 309 583 108 960 18 229 125 490 853 157 30 56 38 451 430 118 23 122 414 26 134 166 822 521 773 1583 548 0 151 269 116 174 27 251 112 790 22 171 1381 531 206 474 534 149 339 153 20 507 212 127 358 16 578 38 200 66 573 434 1071 266 16 860 184 455 299
47 198 723 128 980 157 369 56 630 873 177 133 109 127 590 319 138 147 142 303 157 154 186 962 661 793 1603 688 151 0 158 136 63 143 140 132 930 162 192 1401 670 95 494 674 137 228 173 160 528 101 147 247 154 718 178 89 205 593 574 1092 406 146 880 73 344 439
153 71 841 246 1098 276 487 174 748 991 295 251 227 245 708 192 256 265 260 176 275 272 304 1080 779 911 1721 806 269 158 0 254 119 262 107 250 1048 280 310 1520 788 109 612 792 255 101 291 278 646 104 265 120 272 836 296 113 323 711 692 1210 524 264 999 127 216 557
144 295 688 35 864 123 334 111 595 757 61 98 74 92 556 416 104 112 107 400 122 38 70 927 626 677 1487 653 116 136 254 0 160 109 237 28 895 127 103 1285 636 192 378 639 134 325 85 125 411 197 59 344 119 683 143 186 170 477 539 975 371 112 764 170 440 404
58 160 746 151 1003 181 392 79 653 897 201 157 132 150 614 281 162 171 165 265 181 178 210 985 684 816 1627 711 174 63 119 160 0 167 102 155 953 185 215 1425 694 56 518 697 160 190 197 183 551 62 171 209 178 742 202 51 229 616 597 1115 429 170 904 44 305 462
151 302 598 100 952 33 244 118 505 846 150 23 48 30 466 423 111 34 115 407 41 127 159 837 536 765 1576 563 27 143 262 109 167 0 244 105 805 37 164 1374 546 199 467 549 142 332 146 35 500 204 120 351 31 593 53 193 80 565 449 1064 281 31 853 177 447 314
135 148 823 229 1081 258 469 157 730 974 278 234 210 227 691 269 239 248 243 253 258 255 287 1062 761 894 1704 789 251 140 107 237 102 244 0 233 1030 263 292 1502 771 91 595 775 237 178 274 260 628 87 248 197 255 819 279 96 306 694 675 1192 507 247 981 109 293 539
140 291 684 30 871 119 330 106 591 765 69 94 70 88 551 412 99 108 103 395 118 46 78 923 622 684 1495 649 112 132 250 28 155 105 233 0 891 123 99 1293 631 187 386 635 130 321 81 121 419 193 54 340 115 679 139 182 166 484 535 983 367 107 772 166 436 400
937 1088 243 887 1739 790 612 904 432 1632 936 809 834 816 393 1209 897 801 901 1193 803 913 945 153 319 1551 2362 316 790 930 1048 895 953 805 1030 891 0 781 950 2160 304 985 1253 311 928 1118 932 788 1286 991 906 1137 793 253 770 979 737 1352 589 1850 624 794 1639 963 1233 531
170 321 573 119 971 28 220 136 481 865 168 41 67 49 441 442 129 34 133 426 36 145 177 813 512 784 1594 539 22 162 280 127 185 37 263 123 781 0 183 1393 521 217 485 525 160 351 164 30 519 223 138 370 26 569 29 212 56 584 425 1083 257 26 872 196 466 290
199 350 743 95 947 178 389 166 650 840 144 154 130 147 611 471 159 168 163 455 178 121 153 983 681 760 1570 709 171 192 310 103 215 164 292 99 950 183 0 1368 691 247 461 695 190 380 50 181 495 253 58 399 175 739 199 241 226 560 595 1058 427 167 847 225 496 459
1430 1581 1974 1321 1918 1409 1620 1397 1881 588 1301 1384 1360 1378 1841 1702 1390 1398 1393 1686 1408 1295 1303 2213 1912 1731 2542 1939 1402 1422 1540 1306 1446 1395 1523 1314 2181 1413 1389 0 1922 1477 1433 1925 1420 1611 1371 1411 1466 1483 1345 1630 1405 1969 1429 1472 1456 1531 1825 2030 1657 1398 1819 1456 1726 1690
678 829 97 627 1479 531 353 645 173 1373 677 550 575 557 134 950 638 542 641 934 544 654 686 337 65 1292 2103 82 531 670 788 636 694 546 771 631 304 521 691 1901 0 726 993 77 668 859 673 529 1027 731 647 878 534 93 510 720 478 1092 330 1591 365 535 1380 704 974 271
90 149 778 183 1035 213 424 111 685 929 233 189 164 182 646 270 194 202 197 254 213 210 242 1017 716 848 1659 743 206 95 109 192 56 199 91 187 985 217 247 1457 726 0 549 729 192 179 229 215 583 83 202 198 209 773 234 71 261 648 629 1147 461 202 936 64 295 494
500 651 1044 391 576 479 690 467 951 990 371 455 430 448 912 772 460 468 463 756 479 365 373 1283 982 389 1310 1009 472 492 610 376 516 465 593 384 1251 483 459 1518 992 548 0 995 490 681 441 481 60 553 415 700 476 1039 500 542 527 189 895 688 727 468 477 526 796 760
682 832 104 631 1483 535 357 648 177 1376 680 553 579 561 137 954 641 545 645 937 548 657 689 343 68 1296 2106 88 534 674 792 639 697 549 775 635 311 525 695 1904 77 729 997 0 672 863 676 532 1031 735 650 882 538 99 514 724 481 1096 334 1594 368 538 1383 707 978 275
144 295 721 126 978 156 367 111 628 872 175 131 107 125 588 416 136 145 140 400 155 152 184 960 659 791 1601 686 149 137 255 134 160 142 237 130 928 160 190 1400 668 192 492 672 0 325 171 158 526 198 145 344 152 716 176 186 203 591 572 1090 404 144 879 170 441 437
223 68 911 317 1169 346 557 245 818 1062 366 322 298 315 779 126 327 336 331 110 346 343 375 1151 849 982 1792 877 339 228 101 325 190 332 178 321 1118 351 380 1590 859 179 683 863 325 0 362 349 716 175 336 55 343 907 367 184 394 782 763 1280 595 335 1069 197 151 627
181 332 725 77 929 160 371 148 632 822 126 136 111 129 593 453 141 150 144 437 160 103 135 964 663 742 1552 690 153 173 291 85 197 146 274 81 932 164 50 1350 673 229 443 676 171 362 0 162 476 234 39 381 157 721 181 223 208 542 576 1040 408 149 829 207 477 441
167 318 581 117 969 26 227 134 488 862 166 39 65 47 449 439 127 31 131 423 34 143 175 820 519 782 1592 546 20 160 278 125 183 35 260 121 788 30 181 1390 529 215 483 532 158 349 162 0 516 221 136 368 24 576 37 209 64 582 432 1080 264 24 869 193 464 297
533 684 1077 424 610 512 724 500 985 1023 404 488 464 481 945 805 493 502 497 789 512 399 406 1317 1016 423 1344 1043 506 526 644 409 549 498 626 417 1284 517 493 1551 1025 581 60 1029 524 715 474 515 0 587 448 734 509 1073 533 575 560 223 929 721 761 501 510 559 830 794
96 145 784 189 1041 218 430 117 691 934 238 194 170 188 651 266 199 208 203 250 218 215 247 1023 722 854 1664 749 212 101 104 197 62 204 87 193 991 223 253 1463 731 83 555 735 198 175 234 221 589 0 208 194 215 779 239 77 266 654 635 1153 467 207 941 70 290 500
155 306 699 50 902 134 345 122 606 796 100 109 85 103 566 427 115 123 118 411 133 77 109 938 637 715 1526 664 127 147 265 59 171 120 248 54 906 138 58 1324 647 202 417 650 145 336 39 136 450 208 0 355 130 694 154 197 181 515 550 1014 382 123 803 181 451 415
242 81 930 336 1188 365 576 264 837 1081 385 341 317 334 798 100 346 355 350 84 365 362 394 1170 868 1001 1811 896 358 247 120 344 209 351 197 340 1137 370 399 1609 878 198 702 882 344 55 381 368 735 194 355 0 362 926 386 203 413 801 782 1299 614 354 1088 217 124 646
162 313 586 111 963 21 232 129 493 857 160 33 59 41 454 434 122 27 125 418 29 137 169 826 524 776 1587 552 16 154 272 119 178 31 255 115 793 26 175 1385 534 209 477 538 152 343 157 24 511 215 130 362 0 582 42 204 69 576 438 1075 270 20 864 188 458 302
726 877 46 675 1527 579 401 693 221 1421 724 597 623 605 182 998 686 590 689 982 592 701 733 286 108 1340 2150 105 578 718 836 683 742 593 819 679 253 569 739 1949 93 773 1041 99 716 907 721 576 1075 779 694 926 582 0 558 768 526 1140 378 1639 412 582 1428 752 1022 319
186 337 563 135 987 39 209 153 470 881 184 57 83 65 430 458 146 50 149 442 52 162 194 802 501 800 1611 528 38 178 296 143 202 53 279 139 770 29 199 1409 510 234 501 514 176 367 181 37 535 239 154 386 42 558 0 228 45 600 414 1099 246 42 888 212 482 279
84 154 772 178 1030 207 418 106 679 923 227 183 159 176 640 275 188 197 192 259 207 204 236 1011 710 843 1653 738 200 89 113 186 51 193 96 182 979 212 241 1451 720 71 544 724 186 184 223 209 577 77 197 203 204 768 228 0 255 643 623 1141 456 196 930 58 299 488
213 364 530 162 1014 66 176 180 437 908 211 85 110 92 398 485 173 77 176 469 79 189 221 769 468 827 1638 495 66 205 323 170 229 80 306 166 737 56 226 1436 478 261 528 481 203 394 208 64 562 266 181 413 69 526 45 255 0 627 381 1126 214 69 915 239 509 246
599 750 1143 489 460 578 789 566 1050 1088 470 553 529 547 1010 871 559 567 562 855 577 464 472 1382 1081 273 1194 1108 571 591 709 475 615 564 692 483 1350 582 558 1617 1090 646 189 1094 589 780 540 580 223 652 514 799 574 1138 598 641 625 0 994 572 826 567 361 625 895 859
582 732 382 531 1383 435 257 548 290 1276 580 453 479 461 250 854 541 445 545 837 448 557 589 622 321 1196 2006 348 434 574 692 539 597 449 675 535 589 425 595 1804 330 629 897 334 572 763 576 432 931 635 550 782 438 378 414 623 381 996 0 1494 268 438 1283 607 878 175
1097 1248 1641 988 170 1076 1287 1064 1548 1587 968 1052 1028 1045 1509 1369 1057 1066 1061 1353 1076 962 970 1881 1579 325 814 1607 1069 1090 1208 973 1113 1062 1190 981 1848 1081 1057 2115 1589 1145 688 1593 1088 1278 1038 1079 721 1151 1012 1297 1073 1637 1097 1139 1124 572 1493 0 1325 1065 241 1123 1394 1357
414 564 417 363 1215 267 89 380 324 1108 412 285 311 293 285 686 373 277 377 669 280 389 421 656 355 1028 1838 382 266 406 524 371 429 281 507 367 624 257 427 1636 365 461 729 368 404 595 408 264 763 467 382 614 270 412 246 456 214 828 268 1327 0 270 1115 439 710 133
154 305 587 103 955 22 233 121 494 849 153 26 51 33 455 426 114 27 117 410 30 130 162 826 525 768 1579 552 16 146 264 112 170 31 247 107 794 26 167 1377 535 202 470 538 144 335 149 24 503 207 123 354 20 582 42 196 69 568 438 1067 270 0 856 180 450 303
886 1037 1430 777 129 865 1076 853 1337 1376 757 841 817 834 1298 1158 846 855 850 1142 865 751 759 1670 1368 114 864 1396 858 879 997 762 902 851 979 770 1637 870 846 1904 1378 934 477 1382 877 1067 827 867 510 940 801 1086 862 1426 886 928 913 361 1282 241 1114 854 0 912 1183 1146
68 167 756 161 1013 191 402 89 663 907 211 167 142 160 624 288 172 181 176 272 191 188 220 995 694 826 1637 721 184 73 127 170 44 177 109 166 963 196 225 1435 704 64 528 707 170 197 207 193 561 70 181 217 188 752 212 58 239 626 607 1125 439 180 914 0 313 472
338 177 1026 432 1284 461 673 360 934 1177 481 437 413 431 894 61 442 451 446 81 461 458 490 1266 965 1097 1907 992 455 344 216 440 305 447 293 436 1233 466 496 1705 974 295 798 978 441 151 477 464 832 290 451 124 458 1022 482 299 509 897 878 1395 710 450 1184 313 0 743
446 597 324 396 1248 299 122 413 231 1141 445 318 344 325 191 718 406 310 410 702 313 422 454 563 262 1061 1871 289 299 439 557 404 462 314 539 400 531 290 459 1669 271 494 762 275 437 627 441 297 795 500 415 646 302 319 279 488 246 861 175 1359 133 303 1148 472 743 0
EOF