NAME : tsp_problem
TYPE : TSP
DIMENSION : 56
EDGE_WEIGHT_TYPE : EXPLICIT
EDGE_WEIGHT_FORMAT : FULL_MATRIX
EDGE_WEIGHT_SECTION
0 217 388 207 226 112 93 270 283 118 117 805 94 1004 936 62 214 326 103 113 105 611 829 749 84 174 1049 529 167 194 806 251 1357 39 1078 97 758 198 366 111 134 701 183 142 885 129 243 507 113 128 123 90 232 1302 785 110
217 0 588 45 41 312 293 85 97 146 317 1004 293 1204 1135 195 37 140 302 312 305 811 1028 948 283 74 1248 729 366 176 1005 66 1556 238 1277 296 958 54 565 130 108 900 68 341 1085 328 58 707 313 114 141 169 47 1501 984 310
388 588 0 577 597 451 399 640 653 488 311 458 400 657 1241 433 584 696 409 293 444 264 1135 1054 390 544 1355 182 473 564 1112 621 1663 377 1384 310 411 568 672 481 505 353 553 448 538 435 613 160 287 498 494 460 602 1608 437 289
207 45 577 0 52 301 282 96 109 135 306 994 283 1193 1124 184 48 152 291 302 294 800 1018 937 272 63 1237 718 356 165 995 77 1546 227 1266 286 947 65 554 119 97 889 62 330 1074 318 69 696 302 103 130 158 58 1490 974 299
226 41 597 52 0 321 302 77 89 155 326 1014 302 1213 1144 204 45 132 311 322 314 820 1038 957 292 83 1257 738 376 185 1015 71 1566 247 1286 306 967 61 574 139 117 909 76 350 1094 337 66 716 322 123 150 178 54 1510 994 319
112 312 451 301 321 0 156 364 377 212 180 868 156 1067 998 157 308 420 165 175 41 674 891 811 146 268 1111 592 230 289 869 345 1420 87 1140 160 821 292 428 206 229 763 277 204 948 191 338 570 176 222 218 185 326 1364 848 173
93 293 399 282 302 156 0 345 358 193 128 816 16 1015 947 138 289 401 114 124 149 622 840 760 95 249 1060 540 178 270 817 326 1368 82 1089 108 769 273 377 186 210 712 258 153 896 140 318 518 124 203 199 165 307 1313 796 121
270 85 640 96 77 364 345 0 73 198 369 1057 346 1256 1188 247 88 84 355 365 358 864 1081 1001 336 127 1301 782 419 228 1058 55 1609 291 1330 349 1010 105 618 183 161 953 120 394 1137 381 61 759 365 167 194 221 68 1554 1037 362
283 97 653 109 89 377 358 73 0 211 382 1070 359 1269 1200 260 101 72 368 378 370 876 1094 1013 348 139 1313 794 432 241 1071 67 1622 304 1343 362 1023 118 630 195 173 966 132 407 1150 394 74 772 378 179 207 234 80 1567 1050 375
118 146 488 135 155 212 193 198 211 0 217 905 194 1104 1035 95 142 254 202 213 205 711 929 848 183 102 1148 629 267 123 906 179 1457 139 1178 197 858 126 465 71 63 801 111 242 985 229 171 607 213 61 83 69 160 1402 885 210
117 317 311 306 326 180 128 369 382 217 0 728 129 927 971 162 313 425 138 36 173 534 864 784 119 273 1084 452 202 294 841 350 1392 106 1113 46 681 297 401 211 234 623 282 177 808 164 343 430 36 227 223 190 331 1337 708 33
805 1004 458 994 1014 868 816 1057 1070 905 728 0 817 218 1658 850 1001 1113 826 710 861 245 1552 1471 807 961 1772 509 890 981 1529 1038 2080 794 1801 726 78 985 1089 898 921 201 970 865 99 852 1030 412 704 915 911 877 1019 2025 71 706
94 293 400 283 302 156 16 346 359 194 129 817 0 1016 947 138 290 402 115 125 150 623 841 760 95 250 1060 541 179 270 818 327 1369 83 1090 109 770 274 377 187 210 713 259 154 897 141 319 519 125 204 199 166 308 1314 797 122
1004 1204 657 1193 1213 1067 1015 1256 1269 1104 927 218 1016 0 1858 1049 1200 1312 1025 910 1060 444 1751 1671 1006 1160 1971 709 1089 1181 1728 1237 2279 993 2000 926 278 1184 1288 1098 1121 400 1169 1064 240 1051 1230 611 903 1114 1110 1077 1218 2224 270 905
934 1133 1240 1122 1142 996 945 1186 1198 1033 969 1657 946 1856 0 978 1130 1242 901 965 989 1463 1475 213 876 1090 171 1381 853 1110 1453 1167 2003 923 200 949 1610 1113 862 1027 1050 1552 1099 859 1737 927 1159 1359 965 1044 1039 1006 1148 443 1637 962
62 195 433 184 204 157 138 247 260 95 162 850 138 1049 980 0 191 303 147 157 150 656 873 793 128 151 1093 574 211 172 851 228 1401 83 1122 141 803 175 410 89 112 745 160 186 930 173 221 552 158 105 101 68 209 1346 829 155
214 37 584 48 45 308 289 88 101 142 313 1001 290 1200 1131 191 0 144 299 309 301 807 1025 944 280 71 1245 725 363 172 1002 69 1553 235 1274 293 954 57 562 126 105 897 70 338 1081 325 62 703 309 110 138 165 50 1498 981 306
326 140 696 152 132 420 401 84 72 254 425 1113 402 1312 1243 303 144 0 411 421 413 919 1137 1056 391 182 1356 837 475 284 1114 110 1665 347 1386 405 1066 161 673 238 216 1009 176 450 1193 437 117 815 421 222 250 277 124 1610 1093 418
103 302 409 291 311 165 114 355 368 202 138 826 115 1025 902 147 299 411 0 134 158 632 796 715 50 259 1015 550 134 279 773 336 1324 92 1045 118 779 282 332 196 219 721 268 109 906 39 328 528 134 213 208 175 317 1269 806 131
113 312 293 302 322 175 124 365 378 213 36 710 125 910 966 157 309 421 134 0 169 517 860 779 114 269 1079 435 198 289 837 346 1388 102 1109 34 663 293 396 206 229 606 278 173 790 160 338 412 23 223 218 185 327 1333 690 20
105 305 444 294 314 41 149 358 370 205 173 861 150 1060 991 150 301 413 158 169 0 667 885 804 139 261 1104 585 223 282 862 339 1413 80 1134 153 814 285 421 199 222 756 271 198 941 185 331 563 169 216 211 178 320 1358 841 166
611 811 264 800 820 674 622 864 876 711 534 245 623 444 1465 656 807 919 632 517 667 0 1358 1278 613 767 1578 316 696 788 1335 844 1886 600 1607 533 198 791 895 705 728 141 776 671 325 658 837 218 510 721 717 684 826 1831 225 513
850 1049 1156 1038 1058 912 861 1102 1114 949 885 1573 862 1772 1390 894 1046 1158 817 881 905 1379 0 1203 792 1006 1503 1297 769 1026 54 1083 588 839 1533 865 1526 1029 885 943 966 1468 1015 775 1653 843 1075 1275 881 960 955 922 1064 1757 1553 878
747 946 1053 935 955 809 758 999 1011 846 782 1470 759 1669 213 791 943 1055 714 778 802 1276 1288 0 689 903 327 1194 666 923 1266 980 1816 736 356 762 1423 926 675 840 863 1365 912 672 1550 740 972 1172 778 857 852 819 961 598 1450 775
84 283 390 272 292 146 95 336 348 183 119 807 95 1006 878 128 280 391 50 114 139 613 772 691 0 240 991 531 110 260 749 317 1300 73 1021 99 760 263 308 177 200 702 249 85 887 77 309 509 115 194 189 156 298 1245 786 112
174 74 544 63 83 268 249 127 139 102 273 961 250 1160 1091 151 71 182 259 269 261 767 985 904 240 0 1205 685 323 132 962 108 1513 195 1234 253 914 54 522 86 72 857 40 298 1041 285 100 663 269 70 98 125 89 1458 941 266
1047 1246 1353 1235 1255 1109 1058 1299 1311 1146 1082 1770 1059 1969 171 1091 1243 1355 1014 1078 1102 1576 1588 327 990 1203 0 1494 966 1223 1566 1280 2117 1036 41 1062 1723 1226 976 1140 1163 1665 1212 972 1850 1040 1272 1472 1078 1157 1152 1119 1261 466 1750 1075
529 729 182 718 738 592 540 782 794 629 452 509 541 709 1383 574 725 837 550 435 585 316 1276 1196 531 685 1496 0 614 706 1253 763 1804 518 1525 451 463 709 813 623 646 405 695 589 589 576 755 212 428 640 635 602 744 1749 489 431
195 395 501 384 404 258 206 447 460 295 230 918 207 1117 837 240 391 503 162 226 251 724 731 650 138 351 951 643 0 372 708 428 1259 184 980 210 871 375 268 289 312 814 360 120 998 188 421 620 226 305 301 268 409 1204 898 223
194 176 564 165 185 289 270 228 241 123 294 981 270 1181 1112 172 172 284 279 289 282 788 1005 925 260 132 1225 706 343 0 982 209 1533 215 1254 273 935 156 542 107 93 877 141 318 1062 305 201 684 289 91 118 146 190 1478 961 286
827 1026 1133 1015 1035 889 838 1079 1092 927 862 1550 839 1749 1367 871 1023 1135 794 858 882 1356 54 1180 770 983 1481 1274 746 1003 0 1060 582 816 1510 842 1503 1007 862 920 943 1445 992 752 1630 820 1052 1252 858 937 932 899 1041 1734 1530 855
251 66 621 77 71 345 326 55 67 179 350 1038 327 1237 1169 228 69 110 336 346 339 844 1062 982 317 108 1282 763 400 209 1039 0 1590 272 1311 330 991 86 599 164 142 934 101 375 1118 362 55 740 346 148 175 202 62 1535 1018 343
1378 1577 1684 1566 1586 1440 1389 1630 1643 1477 1413 2101 1390 2300 1918 1422 1574 1686 1345 1409 1433 1907 588 1731 1321 1534 2031 1825 1297 1554 582 1611 0 1367 2061 1393 2054 1557 1413 1471 1494 1996 1543 1303 2181 1371 1603 1803 1409 1488 1483 1450 1592 2285 2081 1406
39 238 377 227 247 87 82 291 304 139 106 794 83 993 924 83 235 347 92 102 80 600 818 737 73 195 1038 518 156 215 795 272 1346 0 1067 86 747 219 355 132 155 690 204 131 874 118 264 496 102 149 144 111 253 1291 774 99
1076 1276 1382 1265 1285 1139 1087 1328 1341 1176 1111 1799 1088 1998 200 1121 1272 1384 1043 1107 1132 1605 1618 356 1019 1232 41 1523 996 1252 1595 1309 2146 1065 0 1091 1752 1256 1005 1169 1193 1695 1241 1001 1879 1069 1301 1501 1107 1186 1182 1148 1290 495 1779 1104
97 296 310 286 306 160 108 349 362 197 46 726 109 926 950 141 293 405 118 34 153 533 844 763 99 253 1064 451 182 273 821 330 1372 86 1093 0 680 277 381 190 213 622 262 157 807 144 322 429 35 207 203 169 311 1317 706 31
758 958 411 947 967 821 769 1010 1023 858 681 78 770 278 1612 803 954 1066 779 663 814 198 1505 1425 760 914 1725 463 843 935 1482 991 2033 747 1754 680 0 938 1042 852 875 154 923 818 158 805 984 365 657 868 864 831 972 1978 58 659
198 54 568 65 61 292 273 105 118 126 297 985 274 1184 1115 175 57 161 282 293 285 791 1009 928 263 54 1228 709 347 156 986 86 1537 219 1258 277 938 0 545 110 88 881 53 322 1065 309 78 687 293 94 121 149 67 1482 965 290
298 497 604 487 506 360 309 550 563 398 333 1021 310 1220 929 342 494 606 265 329 354 827 852 742 241 454 1042 745 218 474 829 531 1380 287 1071 313 974 478 0 391 414 917 463 223 1101 291 523 723 329 408 403 370 512 1295 1001 326
111 130 481 119 139 206 186 183 195 71 211 898 187 1098 1029 89 126 238 196 206 199 705 922 842 177 86 1142 623 260 107 899 164 1450 132 1171 190 852 110 459 0 47 794 96 235 978 222 156 601 206 45 72 63 145 1395 878 203
134 108 505 97 117 229 210 161 173 63 234 921 210 1121 1052 112 105 216 219 229 222 728 945 865 200 72 1165 646 283 93 922 142 1473 155 1194 213 875 88 482 47 0 817 74 258 1002 245 134 624 230 31 58 86 123 1418 901 227
701 900 353 889 909 763 712 953 966 801 623 201 713 400 1554 745 897 1009 721 606 756 141 1448 1367 702 857 1667 405 786 877 1425 934 1976 690 1697 622 154 881 984 794 817 0 866 761 281 748 926 308 599 811 806 773 915 1921 181 602
183 68 553 62 76 277 258 120 132 111 282 970 259 1169 1101 160 70 176 268 278 271 776 994 914 249 40 1214 695 332 141 971 101 1522 204 1243 262 923 53 531 96 74 866 0 307 1050 294 93 672 278 80 107 134 82 1467 950 275
142 341 448 330 350 204 153 394 407 242 177 865 154 1064 860 186 338 450 109 173 198 671 754 673 85 298 973 589 92 318 731 375 1282 131 1003 157 818 322 290 235 258 761 307 0 945 135 367 567 173 252 247 214 356 1227 845 170
885 1085 538 1074 1094 948 896 1137 1150 985 808 99 897 240 1739 930 1081 1193 906 790 941 325 1632 1551 887 1041 1852 589 970 1062 1609 1118 2160 874 1881 807 158 1065 1169 978 1002 281 1050 945 0 932 1110 492 784 995 991 957 1099 2105 151 786
129 328 435 318 337 191 140 381 394 229 164 852 141 1051 929 173 325 437 39 160 185 658 822 742 77 285 1042 576 160 305 799 362 1350 118 1071 144 805 309 359 222 245 748 294 135 932 0 354 554 160 239 234 201 343 1295 832 157
243 58 613 69 66 338 318 61 74 171 343 1030 319 1230 1161 221 62 117 328 338 331 837 1054 974 309 100 1274 755 392 201 1031 55 1582 264 1303 322 984 78 591 156 134 926 93 367 1110 354 0 733 338 140 167 195 68 1527 1010 335
507 707 160 696 716 570 518 759 772 607 430 412 519 611 1361 552 703 815 528 412 563 218 1254 1174 509 663 1474 212 592 684 1231 740 1782 496 1503 429 365 687 791 601 624 308 672 567 492 554 733 0 406 617 613 580 721 1727 392 408
113 313 287 302 322 176 124 365 378 213 36 704 125 903 966 158 309 421 134 23 169 510 860 779 115 269 1080 428 198 289 837 346 1388 102 1109 35 657 293 397 206 230 599 278 173 784 160 338 406 0 223 219 185 327 1333 684 20
128 114 498 103 123 222 203 167 179 61 227 915 204 1114 1046 105 110 222 213 223 216 721 939 859 194 70 1159 640 277 91 916 148 1467 149 1188 207 868 94 476 45 31 811 80 252 995 239 140 617 223 0 56 79 129 1412 895 220
123 141 494 130 150 218 199 194 207 83 223 911 199 1110 1041 101 138 250 208 218 211 717 934 854 189 98 1154 635 272 118 912 175 1463 144 1183 203 864 121 471 72 58 806 107 247 991 234 167 613 219 56 0 75 156 1407 891 216
90 169 460 158 178 185 165 221 234 69 190 877 166 1077 1008 68 165 277 175 185 178 684 901 821 156 125 1121 602 239 146 878 202 1429 111 1150 169 831 149 438 63 86 773 134 214 957 201 195 580 185 79 75 0 183 1374 857 182
232 47 602 58 54 326 307 68 80 160 331 1019 308 1218 1150 209 50 124 317 327 320 826 1043 963 298 89 1263 744 381 190 1020 62 1571 253 1292 311 972 67 580 145 123 915 82 356 1099 343 68 721 327 129 156 183 0 1516 999 324
1310 1509 1616 1498 1518 1372 1321 1562 1574 1409 1345 2033 1322 2232 443 1354 1506 1618 1277 1341 1365 1839 1851 598 1252 1466 466 1757 1229 1486 1829 1543 2379 1299 495 1325 1986 1489 1247 1403 1426 1928 1475 1235 2113 1303 1535 1735 1341 1420 1415 1382 1524 0 2013 1338
785 984 437 974 994 848 796 1037 1050 885 708 71 797 270 1638 829 981 1093 806 690 841 225 1532 1451 786 941 1751 489 870 961 1509 1018 2060 774 1781 706 58 965 1068 878 901 181 950 845 151 832 1010 392 684 895 891 857 999 2005 0 686
110 310 289 299 319 173 121 362 375 210 33 706 122 905 963 155 306 418 131 20 166 513 857 776 112 266 1077 431 195 286 834 343 1385 99 1106 31 659 290 394 203 227 602 275 170 786 157 335 408 20 220 216 182 324 1330 686 0
EOF