NAME : tsp_problem
TYPE : TSP
DIMENSION : 54
EDGE_WEIGHT_TYPE : EXPLICIT
EDGE_WEIGHT_FORMAT : FULL_MATRIX
EDGE_WEIGHT_SECTION
0 194 216 168 818 1413 162 525 1134 640 659 804 211 129 413 238 892 1103 245 425 301 151 150 702 454 566 223 188 756 139 332 1104 565 302 29 183 173 169 859 695 585 277 189 173 249 331 604 803 266 80 256 359 203 153
194 0 249 201 851 1446 195 558 1166 673 692 837 71 162 263 88 925 1136 95 458 151 184 84 735 304 599 256 49 789 172 182 1137 598 334 181 43 206 202 892 728 618 127 49 206 99 181 637 836 116 127 106 392 236 185
216 249 0 79 614 1436 67 322 1157 663 455 827 266 152 469 294 915 899 300 448 357 174 205 498 509 362 246 244 553 162 387 1127 588 98 203 238 56 88 655 491 381 333 244 83 304 386 627 599 322 150 311 155 226 176
168 201 79 0 681 1388 27 388 1109 615 522 779 218 104 421 246 867 966 252 400 309 126 157 565 461 429 198 196 619 114 339 1079 540 164 155 190 36 49 721 557 448 285 196 43 256 338 579 666 274 102 263 221 178 128
818 851 614 681 0 2037 668 407 1758 1265 208 1429 868 754 1070 895 1516 332 902 1050 958 775 807 128 1111 268 847 845 158 764 989 1729 1189 537 805 840 658 690 88 136 467 934 846 685 906 988 1229 52 923 751 913 491 827 777
1433 1466 1456 1408 2058 0 1402 1765 2061 1567 1899 1731 1483 1327 1686 1511 1819 2343 1517 1417 1574 1337 1422 1942 1726 1806 1297 1461 1996 1321 1604 2031 1492 1542 1420 1455 1413 1409 2099 1935 1825 1550 1461 1413 1521 1603 1531 2043 1539 1367 1528 1599 1389 1339
162 195 67 27 668 1381 0 376 1102 609 510 773 212 98 414 239 860 953 246 394 302 119 151 553 455 416 191 189 607 108 333 1073 533 152 149 184 24 36 709 545 435 278 190 31 250 332 573 653 267 95 257 209 171 121
525 558 322 388 407 1745 376 0 1466 972 248 1136 575 461 778 603 1224 692 609 757 666 483 514 291 818 155 555 553 345 471 696 1436 897 244 512 547 365 397 448 283 110 642 553 392 613 695 936 392 631 459 620 198 535 484
1132 1165 1155 1107 1756 2146 1100 1464 0 551 1598 356 1182 1025 1384 1209 272 2041 1215 1009 1272 1035 1121 1640 1424 1504 996 1159 1695 1019 1302 41 624 1240 1119 1153 1112 1107 1797 1633 1523 1248 1159 1111 1220 1301 602 1741 1237 1065 1226 1297 1088 1037
638 671 661 613 1263 1652 607 970 551 0 1104 221 688 532 890 715 309 1548 722 515 779 542 627 1147 931 1011 502 665 1201 525 809 521 131 746 625 660 618 614 1304 1139 1030 755 666 618 726 808 109 1248 743 572 733 804 594 544
659 692 455 522 208 1878 510 248 1599 1106 0 1270 709 595 911 736 1357 493 743 891 800 616 648 93 952 109 688 686 147 605 830 1570 1031 378 646 681 499 531 249 85 308 776 687 526 747 829 1070 193 764 593 754 332 669 618
802 835 825 777 1427 1816 771 1134 356 221 1268 0 852 696 1055 879 114 1712 886 679 943 706 791 1311 1095 1175 666 830 1365 689 973 327 295 910 789 824 782 778 1468 1304 1194 919 830 782 890 972 273 1412 908 736 897 968 758 708
211 71 266 218 868 1463 212 575 1183 690 709 854 0 179 250 75 941 1153 81 475 138 201 101 752 290 616 272 66 806 189 168 1154 615 351 198 60 223 219 909 744 635 114 66 223 85 167 654 853 103 144 92 409 253 202
129 162 152 104 754 1306 98 461 1027 534 595 698 179 0 381 206 785 1039 213 319 269 44 118 638 422 502 116 156 692 33 300 998 458 237 116 151 109 105 795 630 521 245 157 109 217 299 498 739 234 62 224 294 96 46
413 263 469 421 1070 1665 414 778 1386 892 911 1056 250 381 0 202 1144 1355 197 677 144 403 303 954 81 818 475 268 1009 391 111 1356 817 554 400 255 426 421 1111 947 837 168 249 425 251 117 856 1055 180 347 194 611 455 405
238 88 294 246 895 1490 239 603 1211 717 736 881 75 206 202 0 969 1180 72 502 90 228 128 779 243 643 300 93 834 216 121 1181 642 379 225 79 250 246 936 772 662 66 74 250 76 120 681 880 58 172 71 436 280 230
890 923 913 865 1514 1904 858 1222 272 309 1356 114 940 783 1142 967 0 1799 974 767 1030 793 879 1399 1183 1262 754 917 1453 777 1061 242 382 998 877 911 870 865 1555 1391 1282 1006 918 869 978 1059 361 1499 995 823 985 1055 846 795
1103 1136 899 966 332 2322 953 692 2043 1550 493 1714 1153 1039 1355 1180 1801 0 1187 1335 1243 1060 1092 413 1396 553 1132 1130 443 1049 1274 2014 1474 822 1090 1125 943 975 277 421 752 1219 1131 970 1191 1273 1514 329 1208 1036 1198 776 1112 1062
245 95 300 252 902 1496 246 609 1217 724 743 888 81 213 197 72 975 1187 0 509 85 234 135 786 238 650 306 99 840 223 116 1188 649 385 232 86 257 253 943 778 669 61 81 257 83 115 688 887 53 178 66 442 287 236
308 340 331 283 932 1334 276 639 1025 532 773 696 357 201 560 385 783 1217 391 0 448 211 296 816 600 680 172 335 871 195 478 996 457 416 294 329 287 283 973 809 699 424 335 287 395 477 496 917 413 241 402 473 263 213
301 151 357 309 958 1553 302 666 1274 780 800 944 138 269 144 90 1032 1243 85 565 0 291 191 842 185 706 363 156 897 280 63 1245 705 442 288 143 314 309 999 835 725 65 137 313 139 62 745 943 68 235 82 499 343 293
151 184 174 126 775 1316 119 483 1037 544 616 708 201 44 403 228 795 1060 234 329 291 0 139 659 443 523 126 178 714 43 321 1008 468 259 138 172 131 126 816 652 542 267 178 130 239 320 508 760 256 84 245 316 66 56
150 84 205 157 807 1401 151 514 1122 629 648 793 101 118 303 128 880 1092 135 414 191 139 0 691 344 555 211 78 745 128 222 1093 554 290 137 73 162 158 848 683 574 167 79 162 139 221 593 792 156 83 146 348 192 141
702 735 498 565 128 1921 553 291 1642 1149 93 1313 752 638 954 779 1400 413 786 934 842 659 691 0 995 152 731 729 66 648 873 1613 1074 421 689 724 542 574 169 20 351 818 730 569 790 872 1113 113 807 635 797 375 712 661
454 304 509 461 1111 1705 455 818 1426 933 952 1097 290 422 81 243 1184 1396 238 718 185 443 344 995 0 859 515 308 1049 432 151 1397 858 594 441 295 466 462 1152 987 878 209 290 466 292 157 897 1096 220 387 234 651 496 445
566 599 362 429 268 1785 416 155 1506 1013 109 1177 616 502 818 643 1264 553 650 798 706 523 555 152 859 0 595 593 206 512 737 1477 937 285 553 588 406 438 309 145 215 682 594 433 654 736 977 253 671 499 661 239 575 525
251 284 274 226 875 1259 219 583 980 486 717 650 301 144 503 328 738 1160 335 271 391 154 240 760 544 623 0 278 814 138 422 951 411 359 238 273 231 226 916 752 643 367 279 230 339 421 451 860 356 184 346 416 207 156
188 49 244 196 845 1440 189 553 1161 667 686 831 66 156 268 93 919 1130 99 452 156 178 78 729 308 593 250 0 784 166 186 1131 592 329 175 38 201 196 886 722 612 132 44 200 103 185 631 830 121 122 110 386 230 180
756 789 553 619 158 1976 607 345 1697 1203 147 1367 806 692 1009 834 1455 443 840 988 897 714 745 66 1049 206 786 784 0 702 927 1667 1128 475 743 778 596 628 199 74 405 873 784 623 844 926 1167 143 862 690 851 429 766 716
139 172 162 114 764 1300 108 471 1021 527 605 691 189 33 391 216 779 1049 223 312 280 43 128 648 432 512 110 166 702 0 310 991 452 247 126 161 119 115 805 640 531 256 167 119 227 309 491 749 244 73 234 305 95 45
332 182 387 339 989 1583 333 696 1304 811 830 975 168 300 111 121 1062 1274 116 596 63 321 222 873 151 737 393 186 927 310 0 1275 736 472 319 173 344 340 1030 865 756 87 168 344 170 56 775 974 98 265 112 529 374 323
1102 1135 1125 1077 1727 2117 1071 1434 41 521 1568 327 1152 996 1355 1180 242 2012 1186 979 1243 1006 1091 1611 1395 1475 966 1130 1665 990 1273 0 595 1211 1089 1124 1082 1078 1768 1604 1494 1219 1130 1082 1190 1272 573 1712 1208 1036 1197 1268 1058 1008
563 596 586 538 1188 1577 532 895 624 131 1029 295 613 457 815 640 382 1473 647 440 703 467 552 1072 856 936 427 590 1126 450 734 595 0 671 550 585 543 539 1229 1064 955 679 591 542 651 733 95 1173 668 496 658 728 519 468
302 334 98 164 537 1521 152 244 1242 748 378 912 351 237 554 379 1000 822 385 533 442 259 290 421 594 285 331 329 475 247 472 1212 673 0 288 323 141 173 578 413 304 418 329 168 389 471 712 522 407 235 396 100 311 261
29 181 203 155 805 1400 149 512 1120 627 646 791 198 116 400 225 879 1090 232 412 288 138 137 689 441 553 210 175 743 126 319 1091 552 288 0 170 160 156 846 681 572 264 176 160 236 318 591 790 253 67 243 346 190 139
183 43 238 190 840 1434 184 547 1155 662 681 826 60 151 255 79 913 1125 86 447 143 172 73 724 295 588 244 38 778 161 173 1126 587 323 170 0 195 191 881 716 607 119 38 195 90 172 626 825 108 116 97 380 225 174
173 206 56 36 658 1393 24 365 1113 620 499 784 223 109 426 250 872 943 257 405 314 131 162 542 466 406 203 201 596 119 344 1084 545 141 160 195 0 45 699 534 425 290 201 40 261 343 584 643 279 107 268 199 183 132
169 202 88 49 690 1388 36 397 1109 616 531 780 219 105 421 246 867 975 253 401 309 126 158 574 462 438 198 196 628 115 340 1080 540 173 156 191 45 0 731 567 457 285 197 53 257 339 580 675 274 102 264 231 178 128
859 892 655 721 88 2078 709 448 1799 1305 249 1470 909 795 1111 936 1557 277 943 1091 999 816 848 169 1152 309 888 886 199 805 1030 1770 1230 578 846 881 699 731 0 177 508 975 887 726 947 1029 1270 85 964 792 954 532 868 818
695 728 491 557 136 1914 545 283 1635 1141 85 1305 744 630 947 772 1393 421 778 926 835 652 683 20 987 145 724 722 74 640 865 1605 1066 413 681 716 534 567 177 0 343 811 722 561 782 864 1105 121 800 628 789 367 704 654
585 618 381 448 467 1804 435 110 1525 1032 308 1196 635 521 837 662 1283 752 669 817 725 542 574 351 878 215 614 612 405 531 756 1496 957 304 572 607 425 457 508 343 0 701 613 452 673 755 996 452 690 518 680 258 595 544
277 127 333 285 934 1529 278 642 1250 756 776 920 114 245 168 66 1008 1219 61 542 65 267 167 818 209 682 339 132 873 256 87 1221 681 418 264 119 290 285 975 811 701 0 113 289 115 86 721 919 44 211 58 475 319 269
189 49 244 196 846 1440 190 553 1161 668 687 832 66 157 249 74 919 1131 81 453 137 178 79 730 290 594 250 44 784 167 168 1132 593 329 176 38 201 197 887 722 613 113 0 201 85 167 632 831 102 122 92 386 231 180
173 206 83 43 685 1392 31 392 1113 619 526 784 223 109 425 250 871 970 257 405 313 130 162 569 466 433 202 200 623 119 344 1084 544 168 160 195 40 53 726 561 452 289 201 0 261 343 584 670 278 106 268 226 182 132
249 99 304 256 906 1501 250 613 1221 728 747 892 85 217 251 76 979 1191 83 513 139 239 139 790 292 654 310 103 844 227 170 1192 653 389 236 90 261 257 947 782 673 115 85 261 0 168 692 891 104 182 94 447 291 240
331 181 386 338 988 1582 332 695 1303 810 829 974 167 299 117 120 1061 1273 115 595 62 320 221 872 157 736 392 185 926 309 56 1274 734 471 318 172 343 339 1029 864 755 86 167 343 168 0 774 973 97 264 111 528 373 322
602 635 625 577 1227 1617 571 934 602 109 1068 273 652 496 855 680 361 1512 686 479 743 506 591 1111 895 975 466 630 1165 489 773 573 95 711 589 624 582 578 1268 1104 994 719 630 582 690 772 0 1212 708 536 697 768 558 508
803 836 599 666 52 2022 653 392 1743 1250 193 1414 853 739 1055 880 1501 329 887 1035 943 760 792 113 1096 253 832 830 143 749 974 1714 1174 522 790 825 643 675 85 121 452 919 831 670 891 973 1214 0 908 736 898 476 813 762
266 116 322 274 923 1518 267 631 1239 745 764 909 103 234 180 58 997 1208 53 530 68 256 156 807 220 671 328 121 862 244 98 1209 670 407 253 108 279 274 964 800 690 44 102 278 104 97 709 908 0 200 49 464 308 258
80 127 150 102 751 1346 95 459 1067 573 593 737 144 62 347 172 825 1036 178 358 235 84 83 635 387 499 156 122 690 73 265 1038 498 235 67 116 107 102 792 628 518 211 122 106 182 264 538 736 200 0 189 292 136 86
256 106 311 263 913 1507 257 620 1228 735 754 899 92 224 194 71 986 1198 66 520 82 245 146 797 234 661 317 110 851 234 112 1199 660 396 243 97 268 264 954 789 680 58 92 268 94 111 699 898 49 189 0 453 298 247
359 392 155 221 491 1578 209 198 1299 805 332 969 409 294 611 436 1057 776 442 591 499 316 348 375 651 239 388 386 429 305 529 1270 730 100 346 380 199 231 532 367 258 475 386 226 447 528 770 476 464 292 453 0 368 318
203 236 226 178 827 1368 171 535 1089 596 669 760 253 96 455 280 847 1112 287 381 343 66 192 712 496 575 178 230 766 95 374 1060 521 311 190 225 183 178 868 704 595 319 231 182 291 373 560 813 308 136 298 368 0 69
153 185 176 128 777 1318 121 484 1039 545 618 709 202 46 405 230 797 1062 236 331 293 56 141 661 445 525 128 180 716 45 323 1010 470 261 139 174 132 128 818 654 544 269 180 132 240 322 510 762 258 86 247 318 69 0
EOF