NAME : tsp_problem
TYPE : TSP
DIMENSION : 32
EDGE_WEIGHT_TYPE : EXPLICIT
EDGE_WEIGHT_FORMAT : FULL_MATRIX
EDGE_WEIGHT_SECTION
0 658 302 140 328 480 631 499 234 458 182 749 651 447 473 308 285 44 447 1111 46 325 261 118 63 678 342 476 160 920 223 131
658 0 947 785 974 193 58 1144 524 332 828 141 73 238 1118 953 930 690 1093 1757 691 970 437 561 709 71 430 1122 806 313 868 776
302 947 0 180 151 769 921 604 524 748 255 1038 940 736 295 130 49 269 270 1216 269 147 550 407 251 967 632 299 265 1210 104 236
140 785 180 0 207 607 758 441 362 585 92 876 778 574 351 186 163 106 326 1054 106 203 388 245 89 805 470 355 103 1047 101 73
328 974 151 207 0 796 947 630 550 774 281 1065 967 763 177 65 133 295 152 1242 295 60 577 434 277 994 658 181 291 1236 130 262
480 193 769 607 796 0 166 966 346 154 650 284 186 60 940 775 752 512 915 1579 513 792 260 383 531 213 252 944 628 455 690 598
631 58 921 758 947 166 0 1117 497 305 801 149 51 211 1091 926 903 663 1066 1730 664 943 411 534 682 78 403 1095 779 321 842 749
497 1142 602 440 628 964 1116 0 719 943 482 1233 1135 932 773 608 585 464 747 686 464 625 745 602 446 1162 827 776 406 1405 523 389
234 524 524 362 550 346 497 721 0 324 404 615 517 313 695 530 507 266 669 1333 268 547 127 138 285 544 208 698 382 786 445 353
458 332 748 585 774 154 305 944 324 0 628 423 325 121 918 753 730 490 893 1557 491 770 238 361 509 352 230 922 606 595 669 577
182 828 255 92 281 650 801 484 404 628 0 919 821 617 425 261 237 149 400 1096 149 277 431 288 131 848 512 429 145 1090 176 116
749 141 1038 876 1065 284 149 1235 615 423 919 0 164 329 1209 1044 1021 781 1184 1848 782 1061 528 652 800 89 521 1213 897 274 959 867
651 73 940 778 967 186 51 1137 517 325 821 164 0 231 1111 946 923 683 1086 1750 684 963 430 554 702 93 423 1115 799 336 861 769
447 238 736 574 763 60 211 933 313 121 617 329 231 0 907 742 719 479 882 1546 480 759 227 350 498 258 219 911 595 501 657 565
473 1118 295 351 177 940 1091 774 695 918 425 1209 1111 907 0 197 278 439 66 1387 439 181 721 578 422 1138 803 64 436 1380 274 407
308 953 130 186 65 775 926 609 530 753 261 1044 946 742 197 0 113 274 172 1222 275 62 556 413 257 973 638 201 271 1215 109 242
285 930 49 163 133 752 903 586 507 730 237 1021 923 719 278 113 0 251 253 1199 251 130 533 390 234 950 615 282 248 1192 86 218
44 690 269 106 295 512 663 466 266 490 149 781 683 479 439 274 251 0 414 1078 14 291 293 150 30 710 374 443 127 952 190 98
447 1093 270 326 152 915 1066 749 669 893 400 1184 1086 882 66 172 253 414 0 1362 414 156 696 553 397 1113 778 70 411 1355 249 381
1110 1755 1214 1052 1241 1577 1728 686 1332 1555 1095 1846 1748 1544 1385 1220 1197 1076 1360 0 1076 1237 1358 1215 1059 1775 1440 1389 1019 2017 1135 1001
46 691 269 106 295 513 664 466 268 491 149 782 684 480 439 275 251 14 414 1078 0 291 294 151 30 711 376 443 127 953 190 98
325 970 147 203 60 792 943 626 547 770 277 1061 963 759 181 62 130 291 156 1239 291 0 573 430 274 990 655 185 288 1232 126 258
261 437 550 388 577 260 411 747 127 238 431 528 430 227 721 556 533 293 696 1360 294 573 0 164 312 458 122 725 409 700 471 379
118 561 407 245 434 383 534 604 138 361 288 652 554 350 578 413 390 150 553 1217 151 430 164 0 169 581 246 582 266 823 328 236
63 709 251 89 277 531 682 448 285 509 131 800 702 498 422 257 234 30 397 1061 30 274 312 169 0 729 393 426 109 971 172 80
678 71 967 805 994 213 78 1164 544 352 848 89 93 258 1138 973 950 710 1113 1777 711 990 458 581 729 0 450 1142 826 261 888 796
342 430 632 470 658 252 403 829 208 230 512 521 423 219 803 638 615 374 778 1442 376 655 122 246 393 450 0 806 490 692 553 461
476 1122 299 355 181 944 1095 778 698 922 429 1213 1115 911 64 201 282 443 70 1391 443 185 725 582 426 1142 806 0 439 1384 278 410
160 806 265 103 291 628 779 408 382 606 145 897 799 595 436 271 248 127 411 1021 127 288 409 266 109 826 490 439 0 1068 186 52
920 313 1210 1047 1236 455 321 1407 786 595 1090 274 336 501 1380 1215 1192 952 1355 2019 953 1232 700 823 971 261 692 1384 1068 0 1131 1039
223 868 104 101 130 690 842 525 445 669 176 959 861 657 274 109 86 190 249 1137 190 126 471 328 172 888 553 278 186 1131 0 157
131 776 236 73 262 598 749 391 353 577 116 867 769 565 407 242 218 98 381 1003 98 258 379 236 80 796 461 410 52 1039 157 0
EOF