NAME : tsp_problem
TYPE : TSP
DIMENSION : 36
EDGE_WEIGHT_TYPE : EXPLICIT
EDGE_WEIGHT_FORMAT : FULL_MATRIX
EDGE_WEIGHT_SECTION
0 42 820 609 249 397 632 2056 529 578 802 1872 1207 1979 872 2086 206 513 2117 870 521 235 643 633 247 476 442 281 533 557 2107 259 899 580 1852 260
42 0 822 610 250 398 633 2057 530 579 803 1874 1209 1981 873 2087 207 515 2119 871 523 237 644 634 249 477 444 283 534 558 2109 260 900 581 1853 261
820 822 0 350 740 591 638 1887 431 547 67 1704 1039 1811 252 1917 793 793 1949 376 333 627 234 279 751 368 424 719 329 388 1939 583 165 398 1683 729
609 610 350 0 517 591 752 1715 174 661 387 1532 867 1639 301 1745 570 569 1777 299 452 403 241 212 527 487 329 496 272 202 1767 474 397 225 1512 506
249 250 740 517 0 452 618 1836 437 527 722 1653 988 1760 768 1866 82 294 1898 766 471 269 557 547 86 425 351 104 442 465 1888 315 813 488 1633 98
397 398 591 591 452 0 261 2086 511 243 573 1902 1237 2009 664 2116 409 509 2147 788 292 239 414 404 451 247 288 436 352 539 2137 159 670 562 1882 446
632 633 638 752 618 261 0 2246 672 239 619 2063 1398 2170 825 2277 644 670 2308 949 339 474 575 565 628 293 449 597 513 700 2298 394 772 723 2043 607
2056 2057 1888 1716 1836 2086 2246 0 1669 2156 1925 332 897 149 1839 388 1889 1947 420 1837 1949 1898 1828 1781 1846 1984 1823 1815 1767 1599 461 1969 1935 1567 343 1825
529 530 431 174 437 511 672 1669 0 582 467 1486 820 1592 437 1699 490 490 1730 435 374 323 254 207 447 409 249 416 193 122 1720 394 478 145 1465 426
578 579 547 661 527 243 239 2156 582 0 529 1973 1308 2080 734 2186 580 579 2218 858 248 392 484 474 537 203 359 506 423 609 2208 341 681 632 1953 516
802 803 67 387 722 573 619 1924 467 529 0 1740 1075 1847 289 1954 775 774 1985 413 314 608 271 316 732 349 405 701 311 425 1975 565 201 435 1720 711
1872 1874 1705 1533 1653 1902 2063 332 1486 1973 1741 0 713 256 1656 580 1706 1764 611 1654 1765 1715 1645 1598 1663 1800 1640 1632 1584 1416 652 1786 1752 1383 44 1642
1207 1209 1040 868 988 1237 1398 897 820 1308 1076 713 0 820 991 1144 1040 1099 1176 989 1100 1050 980 933 998 1135 975 967 919 751 1217 1121 1087 718 693 977
1979 1981 1812 1640 1760 2009 2170 149 1592 2080 1848 256 820 0 1763 397 1813 1871 428 1761 1872 1822 1752 1705 1770 1907 1747 1739 1691 1523 469 1893 1859 1490 267 1749
871 872 252 301 767 664 825 1838 436 734 289 1655 990 1762 0 1868 820 831 1900 271 521 665 276 321 777 556 490 746 396 339 1890 656 162 349 1635 756
2027 2028 1859 1687 1807 2057 2218 388 1640 2127 1896 580 1144 397 1810 0 1860 1919 92 1808 1920 1869 1799 1753 1817 1955 1795 1786 1738 1570 139 1940 1906 1538 591 1796
206 207 793 570 82 409 644 1889 490 580 775 1706 1040 1813 821 1919 0 347 1951 819 523 248 610 600 81 478 403 114 494 518 1940 271 866 541 1685 93
513 515 793 569 294 509 670 1947 490 579 774 1764 1099 1871 832 1978 347 0 2009 830 523 321 609 599 304 477 403 273 494 517 1999 392 865 540 1744 283
2058 2060 1891 1719 1839 2088 2249 420 1671 2159 1927 611 1176 428 1842 92 1892 1950 0 1840 1951 1901 1831 1784 1849 1986 1826 1818 1770 1602 78 1972 1938 1569 622 1828
869 870 376 299 765 788 949 1836 434 858 413 1653 988 1760 271 1866 818 829 1898 0 645 663 400 411 775 680 589 744 520 337 1888 734 403 347 1633 754
521 523 333 452 471 292 339 1949 374 248 314 1765 1100 1872 521 1979 523 523 2010 645 0 336 274 263 481 110 302 450 212 402 2000 284 466 425 1745 460
235 237 627 403 269 239 474 1898 323 392 608 1715 1050 1822 666 1928 248 321 1960 664 336 0 443 433 279 290 237 248 328 351 1950 101 699 374 1694 258
643 644 234 241 557 414 575 1828 254 484 271 1645 980 1752 276 1859 610 609 1890 400 274 443 0 70 567 309 240 536 146 282 1880 405 282 305 1625 546
633 634 279 212 547 404 565 1781 207 474 316 1598 933 1705 321 1812 600 599 1843 411 263 433 70 0 557 299 230 526 136 235 1833 395 327 258 1578 536
247 249 751 527 86 451 628 1846 447 537 732 1663 998 1770 778 1876 81 304 1908 777 481 279 567 557 0 435 361 114 452 475 1898 313 823 498 1643 97
476 477 368 487 425 247 293 1984 409 203 349 1800 1135 1907 556 2014 478 477 2045 680 110 290 309 299 435 0 257 404 247 437 2035 239 502 460 1780 414
442 444 424 329 351 288 449 1823 249 359 405 1640 975 1747 490 1854 403 403 1885 590 302 237 240 230 361 257 0 330 179 277 1875 280 496 300 1620 340
281 283 719 496 104 436 597 1815 416 506 701 1632 967 1739 747 1845 114 273 1877 745 450 248 536 526 114 404 330 0 421 444 1867 319 792 467 1612 93
533 534 329 272 442 352 513 1767 193 423 311 1584 919 1691 396 1797 494 494 1829 520 212 328 146 136 452 247 179 421 0 220 1819 344 402 243 1564 431
557 558 389 202 465 539 700 1599 122 609 426 1416 751 1523 340 1629 518 517 1661 338 402 351 282 235 475 437 277 444 220 0 1651 422 436 75 1396 454
2048 2050 1880 1709 1829 2078 2239 461 1661 2149 1917 652 1201 469 1832 139 1881 1940 78 1830 1941 1890 1821 1774 1839 1976 1816 1808 1760 1592 0 1961 1928 1559 663 1818
259 260 583 474 315 159 394 1969 394 341 565 1786 1121 1893 656 1999 271 392 2031 735 284 101 405 395 313 239 280 319 344 422 2020 0 662 445 1765 325
899 900 165 397 813 670 772 1934 478 681 201 1751 1086 1858 162 1964 866 865 1996 403 466 699 282 327 823 502 496 792 402 435 1986 662 0 445 1731 802
580 581 399 225 488 562 723 1567 145 632 436 1383 718 1490 350 1597 541 540 1628 348 425 374 305 258 498 460 300 467 243 75 1618 445 446 0 1363 477
1852 1853 1684 1513 1633 1882 2043 343 1465 1953 1721 44 693 267 1636 591 1685 1744 622 1634 1745 1694 1625 1578 1643 1780 1620 1612 1564 1396 663 1765 1732 1363 0 1622
260 261 729 506 98 446 607 1825 426 516 711 1642 977 1749 757 1855 93 283 1887 755 460 258 546 536 97 414 340 93 431 454 1877 325 802 477 1622 0
EOF