NAME : tsp_problem
TYPE : TSP
DIMENSION : 20
EDGE_WEIGHT_TYPE : EXPLICIT
EDGE_WEIGHT_FORMAT : FULL_MATRIX
EDGE_WEIGHT_SECTION
0 1896 1998 1956 1045 1941 677 1833 1920 1915 1719 1844 685 1690 1980 2460 1885 151 1802 590
1955 0 144 488 995 477 1317 365 684 680 483 608 1477 448 178 689 35 1859 508 1483
2057 144 0 567 1097 556 1418 445 786 781 585 710 1578 527 280 742 136 1961 587 1584
2015 488 567 0 1055 118 1376 158 516 508 379 400 1536 309 599 541 480 1919 298 1542
1045 995 1097 1055 0 1040 402 932 1019 1014 818 943 562 789 1079 1559 984 944 901 568
2000 477 556 118 1040 0 1362 148 428 421 315 312 1522 294 589 626 469 1904 210 1528
677 1317 1418 1376 402 1362 0 1254 1340 1336 1139 1264 194 1111 1400 1881 1305 576 1222 200
1892 365 445 158 932 148 1254 0 457 453 256 381 1414 187 477 666 358 1796 247 1420
1978 683 785 516 1018 428 1339 456 0 316 247 284 1499 328 767 1023 671 1881 242 1505
1973 678 780 508 1013 421 1335 452 356 0 243 129 1495 324 762 1016 667 1877 238 1501
1841 546 647 391 880 303 1202 319 235 231 0 159 1362 191 629 898 534 1744 117 1368
1902 607 709 400 942 312 1263 380 284 129 171 0 1423 252 691 907 595 1806 167 1429
685 1477 1578 1536 562 1522 194 1414 1500 1496 1299 1424 0 1271 1560 2041 1465 584 1382 154
1749 448 527 309 789 294 1111 187 329 325 128 253 1271 0 538 813 440 1653 211 1276
2039 178 280 599 1079 589 1400 477 768 763 567 692 1560 538 0 800 166 1943 619 1566
2519 689 742 541 1559 626 1881 666 1023 1016 883 907 2041 813 800 0 681 2423 805 2047
1944 35 136 480 984 469 1305 358 672 668 471 596 1465 440 166 681 0 1847 500 1471
151 1859 1961 1919 944 1904 576 1796 1882 1878 1682 1807 584 1653 1943 2423 1847 0 1765 490
1860 508 587 298 900 210 1221 247 242 238 129 167 1381 210 619 805 500 1764 0 1387
590 1483 1584 1542 568 1528 200 1420 1506 1502 1305 1430 154 1276 1566 2047 1471 490 1388 0
EOF