NAME : tsp_problem
TYPE : TSP
DIMENSION : 20
EDGE_WEIGHT_TYPE : EXPLICIT
EDGE_WEIGHT_FORMAT : FULL_MATRIX
EDGE_WEIGHT_SECTION
0 767 674 855 758 438 560 368 326 744 1244 724 1061 382 545 726 669 511 277 484
767 0 118 279 113 1095 229 1025 983 204 1835 147 1651 1039 509 186 451 417 510 627
674 118 0 206 109 1001 135 932 889 110 1741 74 1558 946 416 92 358 324 416 534
855 279 206 0 270 1183 317 1113 1071 292 1922 159 1739 1127 597 273 539 505 598 715
758 113 109 270 0 1086 220 1016 974 195 1826 138 1642 1030 500 177 442 408 501 618
153 810 716 898 801 0 603 280 238 787 1156 766 973 294 588 769 711 553 320 526
560 229 135 317 220 887 0 818 775 206 1627 185 1444 832 302 187 244 210 303 420
220 878 784 965 869 90 670 0 305 854 1224 834 1041 362 655 836 779 621 387 594
249 906 813 994 897 119 699 50 0 883 1253 863 1069 64 684 865 808 650 416 623
744 204 110 292 195 1072 206 1002 960 0 1811 160 1628 1016 486 34 428 394 487 604
1235 1849 1756 1937 1840 1105 1642 1035 993 1826 0 1806 204 1049 1627 1808 1751 1593 1359 1566
724 147 74 159 138 1051 185 982 939 160 1791 0 1608 996 466 142 408 374 466 584
1052 1666 1572 1754 1657 922 1459 852 810 1643 204 1623 0 866 1444 1625 1567 1409 1176 1382
205 862 769 950 853 75 655 333 290 839 1209 819 1025 0 640 821 764 606 372 579
545 509 416 597 500 872 302 803 760 486 1612 466 1429 817 0 468 265 108 287 329
726 186 92 273 177 1053 187 984 941 34 1793 142 1610 998 468 0 410 376 469 586
669 451 358 539 442 996 244 927 884 428 1736 408 1552 941 265 410 0 174 411 453
511 417 324 505 408 838 210 769 726 394 1578 374 1395 783 108 376 174 0 253 295
277 510 416 598 501 604 303 535 492 487 1344 466 1161 549 287 469 411 253 0 226
484 645 551 733 636 811 437 742 699 622 1551 601 1368 756 422 603 546 388 226 0
EOF