NAME : tsp_problem
TYPE : TSP
DIMENSION : 42
EDGE_WEIGHT_TYPE : EXPLICIT
EDGE_WEIGHT_FORMAT : FULL_MATRIX
EDGE_WEIGHT_SECTION
0 965 1540 1474 615 901 481 660 1771 1262 1447 797 1267 1020 476 1683 607 1247 1146 1468 1150 1083 1320 740 575 707 1553 462 990 578 1211 1090 1711 1519 1078 928 1857 338 1030 514 1521 1438
921 0 1587 1573 1198 1271 770 1083 1038 461 1145 454 506 365 1214 1731 1190 592 211 707 215 427 1419 1263 1158 1206 1601 985 1361 476 449 898 1218 1618 1153 585 1124 1076 1105 1251 1569 676
1483 1602 0 543 1357 703 1626 928 1473 1700 710 1170 1510 1289 1752 177 1385 1272 1661 1811 1648 1235 509 1262 1282 1051 88 1279 756 1455 1648 980 1306 207 533 1124 1560 1637 566 1813 450 1781
1182 1597 844 0 1038 367 1325 609 1844 1832 1260 1165 1642 1421 1433 988 1065 1404 1778 1991 1780 1367 649 942 963 732 784 979 462 1422 1780 1112 1785 669 657 1256 1931 1337 689 1512 939 1961
570 1198 1439 1285 0 712 713 501 1855 1494 1426 796 1500 1252 538 1583 171 1415 1378 1700 1382 1315 1131 312 103 419 1445 371 802 810 1443 1085 1796 1330 930 1013 1942 632 882 682 1421 1670
856 1271 774 621 712 0 999 283 1518 1506 940 839 1316 1095 1107 918 739 1078 1452 1665 1454 1041 467 616 637 405 780 653 136 1096 1454 786 1459 665 331 930 1605 1011 363 1186 756 1635
437 770 1638 1573 713 999 0 759 1575 1067 1341 601 1072 824 729 1782 705 1052 951 1273 955 887 1419 839 673 806 1652 561 1089 383 1015 1094 1516 1617 1177 733 1662 591 1128 767 1620 1243
616 1083 1010 856 634 283 759 0 1440 1380 997 651 1238 1017 909 1154 661 1000 1264 1586 1268 963 702 538 559 165 1016 412 372 856 1329 707 1380 901 501 852 1526 771 453 946 992 1556
1726 1038 1457 1683 1869 1518 1575 1440 0 618 1004 1081 586 777 2019 1601 1897 669 856 591 843 730 1529 1774 1794 1563 1413 1612 1606 1281 624 982 434 1466 1263 875 113 1881 1215 2056 1439 561
1218 461 1659 1671 1494 1506 1067 1380 618 0 1216 751 244 446 1510 1802 1486 532 319 285 306 499 1517 1560 1455 1503 1672 1282 1593 773 85 970 798 1715 1251 862 704 1373 1203 1548 1640 255
1433 1145 693 1038 1457 907 1341 1027 1004 1216 0 846 1027 806 1726 837 1484 789 1177 1341 1165 752 884 1361 1381 1150 649 1229 961 1047 1165 708 836 702 738 641 1090 1588 770 1763 675 1311
752 454 1183 1141 833 839 601 651 1081 751 846 0 756 509 1045 1326 860 640 635 957 639 571 987 831 758 774 1196 553 928 307 699 599 1021 1185 721 238 1167 907 673 1082 1164 927
1223 506 1469 1481 1500 1316 1072 1238 586 244 1027 756 0 356 1516 1613 1492 342 324 450 312 309 1327 1565 1460 1360 1483 1288 1404 778 193 780 766 1525 1061 672 672 1378 1013 1553 1450 420
976 365 1248 1260 1252 1095 824 1017 777 446 806 509 356 0 1268 1392 1244 253 397 652 385 89 1106 1318 1212 1140 1262 1040 1183 530 394 559 957 1305 840 452 863 1130 792 1306 1230 621
432 1214 1788 1680 538 1107 729 896 2019 1510 1695 1045 1516 1268 0 1931 530 1495 1394 1716 1398 1331 1526 707 498 814 1802 710 1197 826 1459 1338 1959 1725 1325 1176 2105 173 1277 222 1769 1686
1404 1523 177 687 1278 624 1547 849 1456 1621 693 1091 1431 1211 1673 0 1306 1194 1582 1780 1569 1157 601 1183 1203 972 231 1200 677 1376 1569 901 1289 351 454 1045 1543 1558 487 1734 371 1750
521 1115 1421 1279 358 705 664 465 1741 1412 1329 682 1417 1169 753 1565 0 1301 1296 1618 1300 1232 1125 356 283 383 1435 257 795 761 1360 971 1682 1323 923 899 1828 676 875 851 1403 1588
1203 592 1231 1243 1429 1078 1052 1000 669 532 789 640 342 253 1495 1375 1456 0 612 613 599 206 1089 1334 1354 1123 1245 1172 1166 757 480 542 849 1288 823 435 755 1357 775 1533 1213 583
1102 211 1619 1631 1378 1452 951 1264 856 319 1177 635 324 397 1394 1763 1370 612 0 525 115 460 1477 1444 1338 1387 1633 1166 1541 656 267 930 1036 1676 1211 766 942 1256 1163 1432 1601 495
1420 707 1794 1830 1696 1665 1268 1586 591 285 1341 957 450 652 1712 1938 1688 613 525 0 512 675 1676 1766 1656 1709 1750 1488 1753 978 291 1129 771 1803 1410 1022 677 1574 1362 1750 1776 62
1106 215 1607 1619 1382 1454 955 1268 843 306 1165 639 312 385 1398 1751 1374 599 115 512 0 447 1465 1448 1342 1391 1621 1170 1542 660 255 918 1024 1663 1199 770 930 1260 1151 1436 1589 482
1038 427 1194 1206 1315 1041 887 963 730 499 752 571 309 89 1331 1338 1307 206 460 675 447 0 1052 1297 1275 1086 1208 1103 1129 593 448 505 910 1251 786 398 816 1193 738 1368 1176 644
1276 1419 509 289 1131 477 1419 702 1529 1517 910 987 1327 1106 1526 653 1159 1089 1477 1676 1465 1052 0 1036 1056 825 449 1072 530 1272 1465 797 1470 334 308 941 1616 1430 340 1606 588 1646
669 1263 1404 1250 312 676 812 466 1834 1560 1391 831 1565 1318 704 1547 340 1394 1444 1766 1448 1357 1096 0 237 383 1410 406 766 909 1509 1101 1774 1294 894 1047 1920 799 846 848 1385 1736
530 1158 1364 1210 103 637 673 426 1794 1455 1351 757 1460 1212 498 1508 131 1354 1338 1661 1342 1275 1056 237 0 344 1370 331 726 771 1403 1045 1735 1255 855 973 1880 593 807 642 1346 1630
663 1206 1133 979 739 405 806 165 1563 1503 1120 774 1360 1140 956 1276 767 1123 1387 1709 1391 1086 825 661 664 0 1139 459 495 903 1451 830 1503 1024 623 975 1649 818 575 993 1114 1679
1538 1657 88 483 1412 758 1680 983 1413 1755 649 1225 1565 1344 1807 231 1439 1327 1715 1750 1703 1290 449 1316 1337 1106 0 1334 811 1510 1703 1035 1245 146 588 1179 1499 1692 620 1868 505 1720
292 920 1291 1226 408 653 435 412 1612 1216 1199 553 1222 974 585 1435 435 1172 1100 1422 1104 1037 1072 406 333 379 1305 0 742 532 1165 842 1552 1271 830 769 1698 447 782 622 1273 1392
1006 1420 789 635 861 196 1149 432 1557 1544 944 988 1354 1134 1256 932 888 1116 1505 1703 1492 1080 481 766 786 555 795 802 0 1246 1492 824 1497 680 335 968 1643 1160 367 1336 770 1673
534 476 1468 1426 810 1096 383 856 1281 773 1047 307 778 530 826 1612 802 757 656 978 660 593 1272 936 771 903 1482 658 1186 0 721 800 1221 1471 1006 438 1367 689 958 864 1450 948
1166 449 1607 1619 1443 1454 1015 1329 624 85 1165 699 193 394 1459 1751 1435 480 267 291 255 448 1465 1509 1403 1451 1621 1231 1542 721 0 918 804 1664 1199 811 710 1321 1151 1496 1589 261
1046 898 939 951 1122 786 1094 707 982 970 708 599 780 559 1338 1082 1149 542 930 1129 918 505 797 1041 1047 830 952 842 873 800 918 0 923 995 531 394 1069 1200 483 1376 920 1099
1667 1218 1289 1624 1810 1459 1516 1380 434 798 836 1021 766 957 1959 1433 1837 849 1036 771 1024 910 1470 1714 1735 1503 1245 1552 1546 1221 804 923 0 1298 1204 815 520 1821 1156 1997 1271 741
1474 1618 207 368 1330 676 1617 901 1466 1715 702 1185 1525 1305 1725 351 1357 1288 1676 1803 1663 1251 334 1234 1255 1024 146 1271 729 1471 1664 995 1298 0 506 1140 1552 1629 538 1804 624 1773
1034 1153 615 462 930 331 1177 501 1263 1251 770 721 1061 840 1325 759 957 823 1211 1410 1199 786 308 834 855 623 621 830 384 1006 1199 531 1204 506 0 675 1350 1188 74 1364 597 1380
884 585 1083 1095 1049 930 733 852 875 862 641 238 672 452 1176 1227 1077 435 766 1022 770 398 941 1047 974 975 1097 769 1018 438 811 394 815 1140 675 0 961 1038 627 1214 1065 992
1813 1124 1543 1770 1956 1605 1662 1526 113 704 1090 1167 672 863 2105 1687 1983 755 942 677 930 816 1616 1860 1880 1649 1499 1698 1692 1367 710 1069 520 1552 1350 961 0 1967 1302 2143 1525 647
294 1076 1650 1585 632 1011 591 771 1881 1373 1557 907 1378 1130 173 1794 625 1357 1256 1579 1260 1193 1430 801 593 818 1664 572 1101 689 1321 1200 1821 1629 1188 1038 1967 0 1140 210 1632 1548
986 1105 648 494 882 363 1128 453 1215 1203 772 673 1013 792 1277 791 909 775 1163 1362 1151 738 340 786 807 575 653 782 416 958 1151 483 1156 538 74 627 1302 1140 0 1316 629 1332
231 1012 1586 1521 453 947 528 707 1817 1309 1494 843 1314 1067 280 1730 445 1294 1193 1515 1197 1129 1367 622 413 728 1600 509 1037 625 1257 1137 1758 1565 1125 975 1904 252 1077 0 1568 1485
1515 1634 65 534 1389 735 1658 960 1464 1732 700 1202 1542 1321 1784 209 1417 1304 1693 1802 1680 1267 500 1294 1314 1083 79 1311 788 1487 1680 1012 1297 198 565 1156 1551 1669 598 1845 0 1772
1389 676 1764 1800 1666 1635 1238 1556 561 255 1311 927 420 621 1682 1908 1658 583 495 62 482 644 1646 1736 1626 1679 1720 1458 1723 948 261 1099 741 1773 1380 992 647 1544 1332 1720 1746 0
EOF