NAME : tsp_problem
TYPE : TSP
DIMENSION : 60
EDGE_WEIGHT_TYPE : EXPLICIT
EDGE_WEIGHT_FORMAT : FULL_MATRIX
EDGE_WEIGHT_SECTION
0 43 304 222 100 378 277 174 338 153 195 215 396 148 247 311 312 107 315 320 324 258 376 254 389 211 275 184 185 229 45 240 251 285 303 83 169 253 219 251 206 247 346 209 269 240 203 156 341 163 233 361 349 115 328 184 241 34 311 113
43 0 287 204 83 361 259 157 320 135 177 197 379 131 230 294 294 90 297 302 307 241 359 237 371 194 258 166 168 211 44 222 234 268 286 66 152 236 201 234 189 229 329 192 252 223 186 138 324 146 216 343 331 97 311 166 224 46 293 96
304 287 0 420 282 113 475 161 535 350 393 413 131 346 133 509 510 289 512 54 522 456 111 133 123 409 473 270 383 152 283 142 449 483 501 264 367 127 417 449 404 137 81 147 68 438 401 354 75 361 431 95 83 296 62 381 439 307 45 295
222 204 420 0 216 494 167 290 139 125 51 30 512 140 363 186 113 223 116 436 126 60 492 370 504 35 77 300 177 344 201 355 141 175 192 199 161 369 33 53 199 362 462 325 385 42 195 148 457 156 35 476 464 230 444 176 43 225 426 229
100 83 282 216 0 356 271 152 332 147 189 209 374 142 225 305 306 49 309 297 318 252 354 232 366 205 270 161 179 206 79 217 245 279 297 40 163 230 213 246 201 224 324 187 247 234 197 150 319 158 228 338 326 41 306 178 235 104 288 40
378 361 113 494 356 0 549 235 610 425 467 487 77 420 207 583 584 363 587 128 596 530 57 207 70 483 547 344 457 226 357 216 523 557 575 338 441 201 491 524 478 211 154 221 143 512 475 428 149 435 506 45 157 370 136 456 513 382 119 369
277 259 475 167 271 549 0 345 100 180 140 159 567 195 418 65 132 278 128 490 114 185 547 424 559 156 165 354 232 399 256 410 57 43 57 254 216 423 164 195 254 417 517 379 440 185 250 203 512 211 178 531 519 285 499 231 186 280 481 284
174 157 161 290 152 235 345 0 406 221 263 283 253 216 104 379 380 159 383 177 392 326 234 111 246 279 344 140 253 86 153 97 319 353 371 135 237 110 287 320 274 104 203 66 127 308 271 224 198 231 302 218 206 166 185 252 309 178 168 165
338 320 535 139 332 610 100 406 0 241 167 145 627 256 478 69 55 339 50 551 36 107 608 485 620 151 87 415 293 460 316 471 127 94 75 314 277 484 143 118 314 478 578 440 501 122 311 264 572 271 128 592 580 346 559 291 125 341 542 345
153 135 350 125 147 425 180 221 241 0 98 118 443 71 293 214 215 154 218 366 227 161 423 300 435 114 179 230 108 275 131 286 154 188 206 129 92 299 122 155 129 293 393 255 316 144 126 79 387 86 137 407 395 161 374 107 144 156 357 160
195 177 393 51 189 467 140 263 167 98 0 44 485 113 336 174 141 196 144 408 154 88 465 342 477 41 105 272 150 317 174 328 114 148 166 172 134 341 48 81 172 335 435 297 358 70 168 121 430 129 63 449 437 203 417 149 70 198 399 202
215 197 413 30 209 487 159 283 145 118 44 0 505 133 355 192 119 216 122 428 132 66 485 362 497 28 83 292 170 337 193 348 134 168 186 191 154 361 27 59 191 355 455 317 378 48 188 141 449 148 41 469 457 223 437 169 49 218 419 222
396 379 131 512 374 77 567 253 627 443 485 505 0 438 225 601 602 381 605 146 614 548 45 225 32 501 565 362 475 244 375 234 541 575 593 356 459 219 509 541 496 229 172 239 161 530 493 446 167 453 523 85 175 388 154 474 531 400 137 387
148 131 346 140 142 420 195 216 256 71 113 133 438 0 289 230 230 149 233 362 243 177 418 296 431 130 194 226 65 271 127 282 169 203 222 125 49 295 137 170 86 288 388 251 311 159 83 36 383 43 152 403 390 157 370 64 159 151 353 155
247 230 133 363 225 207 418 104 478 293 336 355 225 289 0 452 452 231 455 149 465 399 205 35 218 352 416 213 326 47 226 37 392 426 444 207 310 82 359 392 347 32 175 70 98 381 344 297 170 304 374 190 178 239 157 324 382 250 140 237
311 294 509 186 305 583 65 379 69 214 174 192 601 230 452 0 101 312 97 525 83 154 582 459 594 190 134 389 267 434 290 445 91 58 47 288 251 458 190 164 288 452 551 414 475 169 285 237 546 245 175 566 554 320 533 265 171 315 516 318
312 294 510 113 306 584 132 380 55 215 141 119 602 230 452 101 0 313 32 525 41 81 582 459 594 125 61 389 267 434 290 445 159 126 107 288 251 458 117 92 288 452 552 414 475 96 285 238 546 245 103 566 554 320 534 266 99 315 516 319
107 90 289 223 49 363 278 159 339 154 196 216 381 149 231 312 313 0 316 304 325 259 361 238 373 212 276 168 186 213 86 224 252 286 304 47 170 237 220 253 207 231 331 193 254 241 204 157 326 164 235 345 333 39 313 185 242 111 295 37
315 297 512 116 309 587 128 383 50 218 144 122 605 233 455 97 32 316 0 528 37 84 585 462 597 128 64 392 270 437 293 448 154 121 103 291 254 461 120 95 291 455 555 417 478 99 288 241 549 248 105 569 557 323 536 269 102 318 519 322
320 302 54 436 297 128 490 177 551 366 408 428 146 362 149 525 525 304 528 0 538 472 126 148 138 425 489 286 399 167 299 158 465 499 517 280 383 143 432 465 420 153 53 163 84 454 417 369 48 377 447 110 55 312 37 397 455 323 52 310
324 307 522 126 318 596 114 392 36 227 154 132 614 243 465 83 41 325 37 538 0 94 594 472 607 137 74 402 280 447 303 458 140 107 89 301 264 471 130 105 301 465 564 427 487 109 298 250 559 258 115 579 567 333 546 278 112 328 529 331
258 241 456 60 252 530 185 326 107 161 88 66 548 177 399 154 81 259 84 472 94 0 529 406 541 71 45 336 214 381 237 392 177 178 160 235 198 405 64 39 235 399 498 361 421 43 232 184 493 192 49 513 501 267 480 212 46 262 463 265
376 359 111 492 354 57 547 234 608 423 465 485 45 418 205 582 582 361 585 126 594 529 0 205 37 481 546 343 455 224 355 215 521 555 574 337 439 199 489 522 477 210 153 219 141 511 473 426 147 434 504 65 155 368 134 454 511 380 117 367
254 237 133 370 232 207 424 111 485 300 342 362 225 296 35 459 459 238 462 148 472 406 205 0 217 359 423 220 333 54 233 44 399 433 451 214 317 81 366 399 354 39 175 76 98 388 351 303 170 311 381 189 177 246 157 331 389 257 139 244
389 371 123 504 366 70 559 246 620 435 477 497 32 431 218 594 594 373 597 138 607 541 37 217 0 494 558 355 468 236 368 227 534 567 586 349 452 212 501 534 489 222 165 232 153 523 486 438 160 446 516 78 167 381 147 466 524 392 129 379
211 194 409 35 205 483 156 279 151 114 41 28 501 130 352 190 125 212 128 425 137 71 481 359 494 0 89 289 166 334 190 345 130 164 182 188 151 358 32 65 188 352 451 314 374 53 185 137 446 145 47 466 453 220 433 165 54 215 416 218
275 258 473 77 270 547 165 344 87 179 105 83 565 194 416 134 61 276 64 489 74 45 546 423 558 89 0 353 231 398 254 409 192 158 140 252 215 422 81 56 252 416 516 378 439 60 249 202 510 209 66 530 518 284 497 229 63 279 480 282
184 166 270 300 161 344 354 140 415 230 272 292 362 226 213 389 389 168 392 286 402 336 343 220 355 289 353 0 263 195 163 206 329 363 381 144 247 219 296 329 284 213 312 175 236 318 281 233 307 241 311 327 315 176 294 261 319 187 277 174
185 168 383 177 179 457 232 253 293 108 150 170 475 65 326 267 267 186 270 399 280 214 455 333 468 166 231 263 0 307 164 319 206 240 259 162 40 332 174 207 47 325 425 288 348 196 45 56 420 46 189 440 427 193 407 37 196 188 390 192
229 211 152 344 206 226 399 86 460 275 317 337 244 271 47 434 434 213 437 167 447 381 224 54 236 334 398 195 307 0 207 39 374 407 426 189 292 101 341 374 329 46 194 51 117 363 326 278 189 286 356 208 196 221 176 306 363 232 158 219
45 44 283 201 79 357 256 153 316 131 174 193 375 127 226 290 290 86 293 299 303 237 355 233 368 190 254 163 164 207 0 219 230 264 282 62 148 232 197 230 185 225 325 188 248 219 182 135 320 142 212 340 327 93 307 162 220 49 290 92
240 222 142 355 217 216 410 97 471 286 328 348 234 282 37 445 445 224 448 158 458 392 215 44 227 345 409 206 319 39 219 0 385 418 437 200 303 91 352 385 340 41 185 62 108 374 337 289 179 297 367 199 187 232 166 317 374 243 149 230
251 234 449 141 245 523 57 319 127 154 114 134 541 169 392 91 159 252 154 465 140 177 521 399 534 130 192 329 206 374 230 385 0 65 83 228 191 398 138 171 228 392 491 354 414 159 225 177 486 185 152 506 493 260 473 205 160 254 456 258
285 268 483 175 279 557 43 353 94 188 148 168 575 203 426 58 126 286 121 499 107 178 555 433 567 164 158 363 240 407 264 418 65 0 50 262 224 432 172 189 262 425 525 388 448 193 258 211 520 219 186 539 527 293 507 239 194 288 490 292
303 286 501 192 297 575 57 371 75 206 166 186 593 222 444 47 107 304 103 517 89 160 574 451 586 182 140 381 259 426 282 437 83 50 0 280 243 450 190 170 280 444 543 406 467 175 277 229 538 237 181 558 546 312 525 257 178 307 508 310
83 66 264 199 40 338 254 135 314 129 172 191 356 125 207 288 288 47 291 280 301 235 337 214 349 188 252 144 162 189 62 200 228 262 280 0 146 213 196 228 183 207 307 169 230 217 180 133 301 140 210 321 309 52 288 160 218 86 271 50
169 152 367 161 163 441 216 237 277 92 134 154 459 49 310 251 251 170 254 383 264 198 439 317 452 151 215 247 40 292 148 303 191 224 243 146 0 316 158 191 61 310 409 272 332 180 58 40 404 31 173 424 412 178 391 39 180 173 374 176
253 236 127 369 230 201 423 110 484 299 341 361 219 295 82 458 458 237 461 143 471 405 199 81 212 358 422 219 332 101 232 91 398 432 450 213 316 0 365 398 353 86 169 96 92 387 350 302 164 310 380 184 171 245 151 330 388 256 134 243
219 201 417 33 213 491 164 287 143 122 48 27 509 137 359 190 117 220 120 432 130 64 489 366 501 32 81 296 174 341 197 352 138 172 190 196 158 365 0 57 196 359 459 321 382 46 192 145 454 152 39 473 461 227 441 173 46 222 423 226
251 234 449 53 246 524 195 320 118 155 81 59 541 170 392 164 92 253 95 465 105 39 522 399 534 65 56 329 207 374 230 385 171 189 170 228 191 398 57 0 228 392 492 354 415 36 225 178 486 185 42 506 494 260 473 205 39 255 456 259
206 189 404 199 201 478 254 274 314 129 172 191 496 86 347 288 288 207 291 420 301 235 477 354 489 188 252 284 47 329 185 340 228 262 280 183 61 353 196 228 0 347 447 309 370 217 35 77 441 68 210 461 449 215 428 51 218 210 411 213
247 229 137 362 224 211 417 104 478 293 335 355 229 288 32 452 452 231 455 153 465 399 210 39 222 352 416 213 325 46 225 41 392 425 444 207 310 86 359 392 347 0 179 69 103 381 344 296 174 304 374 194 182 239 161 324 381 250 144 237
346 329 81 462 324 154 517 203 578 393 435 455 172 388 175 551 552 331 555 53 564 498 153 175 165 451 516 312 425 194 325 185 491 525 543 307 409 169 459 492 447 179 0 189 111 480 443 396 33 404 474 137 34 338 44 424 481 350 58 337
209 192 147 325 187 221 379 66 440 255 297 317 239 251 70 414 414 193 417 163 427 361 219 76 232 314 378 175 288 51 188 62 354 388 406 169 272 96 321 354 309 69 189 0 112 343 306 258 184 266 336 204 191 201 171 286 344 212 154 199
269 252 68 385 247 143 440 127 501 316 358 378 161 311 98 475 475 254 478 84 487 421 141 98 153 374 439 236 348 117 248 108 414 448 467 230 332 92 382 415 370 103 111 112 0 404 366 319 105 327 397 125 113 261 93 347 404 273 75 260
240 223 438 42 234 512 185 308 122 144 70 48 530 159 381 169 96 241 99 454 109 43 511 388 523 53 60 318 196 363 219 374 159 193 175 217 180 387 46 36 217 381 480 343 404 0 214 166 475 174 31 495 483 249 462 194 29 244 445 247
203 186 401 195 197 475 250 271 311 126 168 188 493 83 344 285 285 204 288 417 298 232 473 351 486 185 249 281 45 326 182 337 225 258 277 180 58 350 192 225 35 344 443 306 366 214 0 74 438 65 207 458 446 212 425 48 214 207 408 210
156 138 354 148 150 428 203 224 264 79 121 141 446 36 297 237 238 157 241 369 250 184 426 303 438 137 202 233 56 278 135 289 177 211 229 133 40 302 145 178 77 296 396 258 319 166 74 0 391 38 160 410 398 164 378 55 167 159 360 163
341 324 75 457 319 149 512 198 572 387 430 449 167 383 170 546 546 326 549 48 559 493 147 170 160 446 510 307 420 189 320 179 486 520 538 301 404 164 454 486 441 174 33 184 105 475 438 391 0 398 468 132 35 333 38 418 476 344 53 331
163 146 361 156 158 435 211 231 271 86 129 148 453 43 304 245 245 164 248 377 258 192 434 311 446 145 209 241 46 286 142 297 185 219 237 140 31 310 152 185 68 304 404 266 327 174 65 38 398 0 167 418 406 172 385 45 175 167 368 170
233 216 431 35 228 506 178 302 128 137 63 41 523 152 374 175 103 235 105 447 115 49 504 381 516 47 66 311 189 356 212 367 152 186 181 210 173 380 39 42 210 374 474 336 397 31 207 160 468 167 0 488 476 242 455 187 32 237 438 240
361 343 95 476 338 45 531 218 592 407 449 469 85 403 190 566 566 345 569 110 579 513 65 189 78 466 530 327 440 208 340 199 506 539 558 321 424 184 473 506 461 194 137 204 125 495 458 410 132 418 488 0 139 353 119 438 496 364 101 351
349 331 83 464 326 157 519 206 580 395 437 457 175 390 178 554 554 333 557 55 567 501 155 177 167 453 518 315 427 196 327 187 493 527 546 309 412 171 461 494 449 182 34 191 113 483 446 398 35 406 476 139 0 340 46 426 483 352 60 339
115 97 296 230 41 370 285 166 346 161 203 223 388 157 239 320 320 39 323 312 333 267 368 246 381 220 284 176 193 221 93 232 260 293 312 52 178 245 227 260 215 239 338 201 261 249 212 164 333 172 242 353 340 0 320 192 249 118 303 30
328 311 62 444 306 136 499 185 559 374 417 437 154 370 157 533 534 313 536 37 546 480 134 157 147 433 497 294 407 176 307 166 473 507 525 288 391 151 441 473 428 161 44 171 93 462 425 378 38 385 455 119 46 320 0 405 463 332 42 319
184 166 381 176 178 456 231 252 291 107 149 169 474 64 324 265 266 185 269 397 278 212 454 331 466 165 229 261 37 306 162 317 205 239 257 160 39 330 173 205 51 324 424 286 347 194 48 55 418 45 187 438 426 192 405 0 195 187 388 191
241 224 439 43 235 513 186 309 125 144 70 49 531 159 382 171 99 242 102 455 112 46 511 389 524 54 63 319 196 363 220 374 160 194 178 218 180 388 46 39 218 381 481 344 404 29 214 167 476 175 32 496 483 249 463 195 0 244 446 248
34 46 307 225 104 382 280 178 341 156 198 218 400 151 250 315 315 111 318 323 328 262 380 257 392 215 279 187 188 232 49 243 254 288 307 86 173 256 222 255 210 250 350 212 273 244 207 159 344 167 237 364 352 118 332 187 244 0 314 117
311 293 45 426 288 119 481 168 542 357 399 419 137 353 140 516 516 295 519 52 529 463 117 139 129 416 480 277 390 158 290 149 456 490 508 271 374 134 423 456 411 144 58 154 75 445 408 360 53 368 438 101 60 303 42 388 446 314 0 301
113 96 295 229 40 369 284 165 345 160 202 222 387 155 237 318 319 37 322 310 331 265 367 244 379 218 282 174 192 219 92 230 258 292 310 50 176 243 226 259 213 237 337 199 260 247 210 163 331 170 240 351 339 30 319 191 248 117 301 0
EOF