NAME : tsp_problem
TYPE : TSP
DIMENSION : 36
EDGE_WEIGHT_TYPE : EXPLICIT
EDGE_WEIGHT_FORMAT : FULL_MATRIX
EDGE_WEIGHT_SECTION
0 357 411 135 436 214 103 98 286 161 160 79 275 155 151 120 377 350 147 153 188 161 284 129 366 423 316 241 269 227 63 127 300 277 154 167
357 0 106 293 130 516 404 399 149 303 301 360 174 456 310 421 71 45 288 311 490 463 586 411 52 117 75 542 167 529 321 409 139 160 295 469
411 106 0 348 71 570 458 453 203 357 355 414 228 510 364 475 70 99 342 365 544 517 640 465 115 57 129 596 221 583 375 463 193 214 349 523
135 293 348 0 372 294 182 177 222 97 96 138 212 234 42 199 313 287 83 43 268 241 364 189 302 359 252 320 205 307 99 187 237 213 90 247
436 130 71 372 0 595 483 478 228 381 380 439 252 535 388 500 95 124 367 390 568 542 664 490 139 38 154 621 246 608 400 488 218 239 374 547
214 516 570 294 595 0 179 174 445 320 318 237 434 164 310 128 535 509 305 311 58 154 230 288 525 582 475 69 427 83 222 286 459 436 312 146
103 404 458 182 483 179 0 29 333 208 206 125 322 76 198 84 423 397 193 199 152 83 248 176 413 470 363 162 316 149 110 174 347 324 200 88
98 399 453 177 478 174 29 0 328 203 202 121 318 81 193 79 419 393 189 195 148 88 244 172 408 465 358 167 311 154 106 170 342 319 196 93
286 149 203 222 228 445 333 328 0 232 230 289 103 385 238 350 168 142 217 240 418 392 514 340 158 215 108 471 49 458 250 338 44 104 224 398
161 303 357 97 381 320 208 203 232 0 30 164 221 260 113 225 322 296 41 115 293 267 389 215 312 368 261 346 214 333 125 213 246 222 39 272
160 301 355 96 380 318 206 202 230 30 0 163 219 259 112 224 321 295 40 113 292 265 388 213 310 367 260 345 213 331 124 211 244 221 37 271
79 360 414 138 439 237 125 121 289 164 163 0 278 178 154 143 380 354 150 156 211 184 307 77 369 426 319 264 272 250 67 76 303 280 157 190
275 174 228 212 252 434 322 318 103 221 219 278 0 374 228 339 193 167 207 229 408 381 504 329 183 239 132 460 85 447 239 327 117 41 213 387
155 456 510 234 535 164 76 81 385 260 259 178 374 0 250 136 476 449 246 251 189 39 300 228 465 522 415 118 368 105 162 226 399 376 253 44
151 310 364 42 388 310 198 193 238 113 112 154 228 250 0 215 329 303 99 30 284 257 380 205 319 375 268 336 221 323 115 203 253 229 106 263
120 421 475 199 500 128 84 79 350 225 224 143 339 136 215 0 441 415 211 217 101 143 197 193 430 487 380 163 333 177 127 192 364 341 218 149
377 71 70 313 95 535 423 419 168 322 321 380 193 476 329 441 0 65 308 330 509 482 605 430 80 82 95 562 186 548 341 428 159 180 315 488
350 45 99 287 124 509 397 393 142 296 295 354 167 449 303 415 65 0 282 304 483 456 579 404 54 111 68 535 160 522 315 402 133 153 289 462
147 288 342 83 367 305 193 189 217 41 40 150 207 246 99 211 308 282 0 100 279 252 375 201 297 354 247 332 200 318 111 199 232 208 49 258
153 311 365 43 390 311 199 195 240 115 113 156 229 251 30 217 330 304 100 0 285 258 381 206 320 376 269 338 222 324 117 204 254 231 107 264
188 490 544 268 568 58 152 148 418 293 292 211 408 189 284 101 509 483 279 285 0 178 203 262 499 555 448 94 401 107 196 260 433 409 286 170
161 463 517 241 542 154 83 88 392 267 265 184 381 39 257 143 482 456 252 258 178 0 307 235 472 529 421 107 374 94 169 233 406 383 259 33
449 750 805 528 829 394 413 409 679 554 553 472 669 465 545 362 770 744 540 546 368 472 0 523 760 816 709 430 662 444 457 521 694 670 547 478
129 411 465 189 490 288 176 172 340 215 213 77 329 228 205 193 430 404 201 206 262 235 358 0 420 477 370 314 323 301 117 35 354 331 207 241
366 52 115 302 139 525 413 408 158 312 310 369 183 465 319 430 80 54 297 320 499 472 595 420 0 126 84 551 176 538 330 418 148 169 304 478
423 117 57 359 38 582 470 465 215 368 367 426 239 522 375 487 82 111 354 376 555 529 651 477 126 0 141 608 233 594 387 475 205 226 361 534
316 75 129 252 154 475 363 358 108 261 260 319 132 415 268 380 95 68 247 269 448 421 544 370 84 141 0 501 126 487 280 368 98 119 254 427
241 542 596 320 621 69 162 167 471 346 345 264 460 118 336 163 562 535 332 338 94 107 265 314 551 608 501 0 454 36 248 312 485 462 339 99
269 167 221 205 246 427 316 311 49 214 213 272 85 368 221 333 186 160 200 222 401 374 497 323 176 233 126 454 0 440 233 321 63 87 207 380
227 529 583 307 608 83 149 154 458 333 331 250 447 105 323 177 548 522 318 324 107 94 279 301 538 594 487 36 440 0 235 299 472 449 325 86
63 321 375 99 400 222 110 106 250 125 124 67 239 162 115 127 341 315 111 117 196 169 292 117 330 387 280 248 233 235 0 115 264 241 118 175
127 409 463 187 488 286 174 170 338 213 211 76 327 226 203 192 428 402 199 204 260 233 356 35 418 475 368 312 321 299 115 0 352 329 206 239
300 139 193 237 218 459 347 342 44 246 244 303 117 399 253 364 159 133 232 254 433 406 529 354 148 205 98 485 63 472 264 352 0 108 238 412
277 160 214 213 239 436 324 319 104 222 221 280 41 376 229 341 180 153 208 231 409 383 505 331 169 226 119 462 87 449 241 329 108 0 215 388
154 295 349 90 374 312 200 196 224 39 37 157 213 253 106 218 315 289 49 107 286 259 382 207 304 361 254 339 207 325 118 206 238 215 0 265
167 469 523 247 547 146 88 93 398 272 271 190 387 44 263 149 488 462 258 264 170 33 313 241 478 534 427 99 380 86 175 239 412 388 265 0
EOF