NAME : tsp_problem
TYPE : TSP
DIMENSION : 46
EDGE_WEIGHT_TYPE : EXPLICIT
EDGE_WEIGHT_FORMAT : FULL_MATRIX
EDGE_WEIGHT_SECTION
0 176 208 213 239 460 307 221 91 341 356 206 46 195 434 192 194 317 219 374 51 158 189 178 147 271 227 326 337 178 270 399 339 407 292 306 117 229 93 162 447 363 286 406 88 316
176 0 307 123 339 559 407 320 191 441 455 306 161 294 534 291 44 417 319 473 171 42 38 88 246 370 327 425 437 277 370 499 439 507 391 405 93 328 177 73 546 463 385 505 139 415
208 307 0 344 207 428 276 189 208 309 324 174 226 35 402 160 325 285 187 342 188 290 320 309 115 239 196 294 305 53 239 367 307 376 260 274 249 197 210 294 415 332 254 374 220 284
213 123 344 0 375 596 444 357 228 477 492 342 198 331 570 328 141 453 355 510 208 106 136 70 283 407 364 462 473 314 407 535 475 544 428 442 129 365 214 86 583 500 422 542 175 452
239 339 207 375 0 248 96 125 239 130 144 111 257 194 222 97 357 106 124 162 219 321 352 341 147 59 115 114 125 177 59 188 127 196 80 94 280 117 241 325 235 152 74 194 251 104
460 559 428 596 248 0 293 346 460 143 128 332 478 415 55 317 578 167 345 118 440 542 572 562 367 256 336 311 145 398 217 100 163 94 277 291 501 338 462 546 36 125 271 82 472 169
307 407 276 444 96 293 0 193 308 174 189 179 325 263 267 165 425 150 192 207 288 390 420 409 215 65 184 44 170 246 103 232 172 240 40 37 348 185 309 394 280 196 46 239 319 149
221 320 189 357 125 346 193 0 221 227 242 41 239 176 320 47 338 203 30 260 201 303 333 322 128 157 113 212 223 159 157 285 225 293 178 192 261 115 223 307 333 249 172 292 232 202
91 191 208 228 239 460 308 221 0 341 356 207 109 195 434 192 209 318 219 374 72 174 204 193 147 271 228 326 337 178 271 400 339 408 292 306 132 229 41 178 447 364 286 406 87 316
341 441 309 477 130 143 174 227 341 0 39 213 359 296 117 199 459 48 226 57 321 423 454 443 249 137 217 193 27 279 98 164 103 172 158 173 382 219 343 427 130 46 152 89 353 50
356 455 324 492 144 128 189 242 356 39 0 228 374 311 103 213 474 63 240 42 336 438 468 457 263 152 232 207 41 294 112 178 118 186 173 187 397 233 358 442 115 32 167 74 368 65
206 306 174 342 111 332 179 41 207 213 228 0 224 161 306 44 324 189 40 246 187 288 319 308 114 142 99 198 209 144 142 271 211 279 163 178 247 100 208 292 318 235 158 278 218 188
46 161 226 198 257 478 325 239 109 359 374 224 0 213 452 210 179 335 237 392 69 144 174 163 165 288 245 344 355 196 288 417 357 425 310 324 103 247 111 148 465 381 304 424 74 334
195 294 35 331 194 415 263 176 195 296 311 161 213 0 389 147 312 272 174 329 175 277 307 296 102 226 183 281 292 56 226 354 294 363 247 261 236 184 197 281 402 319 241 361 207 271
434 534 402 570 222 55 267 320 434 117 103 306 452 389 0 292 552 141 319 92 414 516 546 536 342 230 310 286 119 372 191 132 195 126 251 266 475 312 436 520 41 99 245 56 446 143
192 291 160 328 97 317 165 47 192 199 213 44 210 147 292 0 310 175 46 231 172 274 304 294 99 128 85 183 195 130 128 257 197 265 149 164 233 86 194 278 304 221 143 263 204 173
194 44 325 141 357 578 425 338 209 459 474 324 179 312 552 310 0 435 337 492 189 58 33 106 265 388 345 444 455 295 388 517 457 525 409 424 111 346 196 91 564 481 404 524 157 434
317 417 285 453 106 167 150 203 318 48 63 189 335 272 141 175 435 0 202 81 297 399 430 419 225 113 193 169 44 255 74 140 79 148 134 149 358 195 319 403 154 70 129 113 329 29
219 319 187 355 124 345 192 30 219 226 240 40 237 174 319 46 337 202 0 259 199 301 331 321 127 155 112 211 222 157 155 284 224 292 176 191 260 113 221 305 331 248 170 290 231 200
374 473 342 510 162 118 207 260 374 57 42 246 392 329 92 231 492 81 259 0 354 456 486 476 281 170 250 225 59 312 131 195 136 189 191 205 415 251 376 460 105 39 185 64 386 83
51 171 188 208 219 440 288 201 72 321 336 187 69 175 414 172 189 297 199 354 0 154 184 173 127 251 208 306 317 158 251 379 319 388 272 286 112 209 73 158 427 344 266 386 83 296
158 42 290 106 321 542 390 303 174 423 438 288 144 277 516 274 58 399 301 456 154 0 53 71 229 353 310 408 419 260 353 481 421 490 374 388 75 311 160 55 529 446 368 488 121 398
189 38 320 136 352 572 420 333 204 454 468 319 174 307 546 304 33 430 331 486 184 53 0 101 259 383 340 438 449 290 383 512 452 520 404 418 105 341 190 86 559 476 398 518 152 428
178 88 309 70 341 562 409 322 193 443 457 308 163 296 536 294 106 419 321 476 173 71 101 0 249 372 329 427 439 279 372 501 441 509 393 408 95 330 180 52 548 465 387 507 141 417
147 246 115 283 147 367 215 128 147 249 263 114 165 102 342 99 265 225 127 281 127 229 259 249 0 178 135 233 245 85 178 307 247 315 199 214 188 136 149 233 354 271 193 313 159 223
271 370 239 407 59 256 65 157 271 137 152 142 288 226 230 128 388 113 155 170 251 353 383 372 178 0 147 83 133 209 66 195 135 203 49 64 311 148 272 357 243 159 43 202 282 112
227 327 196 364 115 336 184 113 228 217 232 99 245 183 310 85 345 193 112 250 208 310 340 329 135 147 0 202 213 166 147 275 215 284 168 182 268 30 229 314 323 240 162 282 239 192
326 425 294 462 114 311 44 212 326 193 207 198 344 281 286 183 444 169 211 225 306 408 438 427 233 83 202 0 189 264 122 251 191 259 58 48 367 203 328 412 298 215 65 257 338 167
337 437 305 473 125 145 170 223 337 27 41 209 355 292 119 195 455 44 222 59 317 419 449 439 245 133 213 189 0 275 94 159 99 168 154 169 378 215 339 423 132 49 148 91 349 46
178 277 53 314 177 398 246 159 178 279 294 144 196 56 372 130 295 255 157 312 158 260 290 279 85 209 166 264 275 0 209 337 277 346 230 244 219 167 180 264 385 302 224 344 190 254
270 370 239 407 59 217 103 157 271 98 112 142 288 226 191 128 388 74 155 131 251 353 383 372 178 66 147 122 94 209 0 156 96 164 88 102 311 148 272 357 203 120 82 162 282 73
399 499 367 535 188 100 232 285 400 164 178 271 417 354 132 257 517 140 284 195 379 481 512 501 307 195 275 251 159 337 156 0 93 43 216 231 440 277 401 485 114 186 211 160 411 138
339 439 307 475 127 163 172 225 339 103 118 211 357 294 195 197 457 79 224 136 319 421 452 441 247 135 215 191 99 277 96 93 0 101 156 171 380 217 341 425 177 126 150 168 351 78
407 507 376 544 196 94 240 293 408 172 186 279 425 363 126 265 525 148 292 189 388 490 520 509 315 203 284 259 168 346 164 43 101 0 224 239 448 285 409 494 107 194 219 153 419 146
292 391 260 428 80 277 40 178 292 158 173 163 310 247 251 149 409 134 176 191 272 374 404 393 199 49 168 58 154 230 88 216 156 224 0 39 332 169 294 378 264 180 31 223 303 133
306 405 274 442 94 291 37 192 306 173 187 178 324 261 266 164 424 149 191 205 286 388 418 408 214 64 182 48 169 244 102 231 171 239 39 0 347 184 308 392 278 195 45 237 318 147
117 93 249 129 280 501 348 261 132 382 397 247 103 236 475 233 111 358 260 415 112 75 105 95 188 311 268 367 378 219 311 440 380 448 332 347 0 269 119 79 487 404 327 447 80 357
229 328 197 365 117 338 185 115 229 219 233 100 247 184 312 86 346 195 113 251 209 311 341 330 136 148 30 203 215 167 148 277 217 285 169 184 269 0 231 315 324 241 163 283 241 193
93 177 210 214 241 462 309 223 41 343 358 208 111 197 436 194 196 319 221 376 73 160 190 180 149 272 229 328 339 180 272 401 341 409 294 308 119 231 0 164 449 365 288 408 72 318
162 73 294 86 325 546 394 307 178 427 442 292 148 281 520 278 91 403 305 460 158 55 86 52 233 357 314 412 423 264 357 485 425 494 378 392 79 315 164 0 533 450 372 492 125 402
447 546 415 583 235 36 280 333 447 130 115 318 465 402 41 304 564 154 331 105 427 529 559 548 354 243 323 298 132 385 203 114 177 107 264 278 487 324 449 533 0 112 258 69 459 155
363 463 332 500 152 125 196 249 364 46 32 235 381 319 99 221 481 70 248 39 344 446 476 465 271 159 240 215 49 302 120 186 126 194 180 195 404 241 365 450 112 0 175 71 375 72
286 385 254 422 74 271 46 172 286 152 167 158 304 241 245 143 404 129 170 185 266 368 398 387 193 43 162 65 148 224 82 211 150 219 31 45 327 163 288 372 258 175 0 217 298 127
406 505 374 542 194 82 239 292 406 89 74 278 424 361 56 263 524 113 290 64 386 488 518 507 313 202 282 257 91 344 162 160 168 153 223 237 447 283 408 492 69 71 217 0 418 115
88 139 220 175 251 472 319 232 87 353 368 218 74 207 446 204 157 329 231 386 83 121 152 141 159 282 239 338 349 190 282 411 351 419 303 318 80 241 72 125 459 375 298 418 0 328
316 415 284 452 104 169 149 202 316 50 65 188 334 271 143 173 434 29 200 83 296 398 428 417 223 112 192 167 46 254 73 138 78 146 133 147 357 193 318 402 155 72 127 115 328 0
EOF