NAME : tsp_problem
TYPE : TSP
DIMENSION : 82
EDGE_WEIGHT_TYPE : EXPLICIT
EDGE_WEIGHT_FORMAT : FULL_MATRIX
EDGE_WEIGHT_SECTION
0 106 178 192 259 254 212 141 228 275 272 310 109 154 373 67 141 151 226 235 367 191 326 306 246 355 261 249 178 128 206 238 132 218 184 357 87 178 127 185 73 160 327 280 160 339 354 320 91 424 134 292 172 236 318 234 249 301 233 258 321 70 285 308 276 242 199 320 195 149 283 140 265 171 124 160 169 296 262 303 294 148
106 0 203 217 185 279 237 166 253 300 198 235 135 80 399 93 166 76 252 161 392 216 352 232 271 380 187 274 104 153 231 263 157 144 110 383 112 104 152 111 140 86 253 206 86 364 379 345 123 449 159 218 98 262 344 259 274 326 258 283 247 153 311 234 302 267 224 246 221 174 308 66 290 97 50 185 95 222 287 329 320 173
178 203 0 55 357 117 64 143 80 138 370 407 112 251 236 165 144 248 78 333 230 46 189 403 98 217 359 101 276 114 58 100 118 316 282 220 185 276 129 283 213 258 425 377 258 202 217 182 196 286 136 390 269 99 181 96 112 164 95 120 419 226 148 405 139 105 51 418 58 135 146 238 127 269 222 46 267 394 124 166 157 134
192 217 55 0 371 110 89 158 105 131 384 421 126 265 229 179 158 262 103 347 223 68 182 418 123 211 373 126 290 128 83 94 132 330 296 214 199 290 143 297 227 272 439 392 272 195 210 176 210 280 150 404 283 92 174 90 105 157 89 114 433 240 142 419 132 98 75 432 52 149 139 252 121 283 236 60 281 408 118 159 150 148
259 185 357 371 0 433 391 320 407 454 38 136 288 184 552 246 320 181 405 62 546 370 505 132 425 534 88 428 161 307 385 417 311 79 151 536 266 157 306 157 294 191 154 46 176 518 533 499 277 603 313 119 139 415 497 413 428 480 412 437 148 307 464 134 455 421 378 147 374 328 462 171 444 166 165 339 166 123 441 482 473 327
254 279 117 110 433 0 151 219 166 111 446 483 188 327 178 241 220 324 165 409 137 130 97 479 185 125 435 188 352 190 145 41 194 392 358 128 261 352 205 359 289 334 501 453 334 109 190 156 272 260 212 466 345 42 89 70 85 71 47 28 495 302 122 481 47 36 137 494 114 211 53 314 35 345 298 122 343 470 32 140 65 210
212 237 64 89 391 151 0 178 40 172 404 441 146 285 270 199 178 282 39 367 264 49 223 438 58 251 393 61 310 148 31 134 152 350 316 254 219 310 163 317 247 292 459 412 292 236 251 216 230 321 170 424 303 133 215 130 146 198 129 154 453 260 182 439 173 139 40 452 92 169 180 272 161 303 256 80 301 428 158 200 191 168
141 166 143 158 320 219 178 0 193 241 333 370 52 214 339 128 31 211 192 296 333 156 292 366 212 320 322 215 238 93 172 203 97 279 245 323 147 239 41 246 176 221 388 340 220 304 320 285 159 389 39 353 232 202 284 199 214 267 198 223 381 189 251 368 242 208 164 381 161 115 249 201 230 232 184 125 230 357 227 269 260 113
228 253 80 105 407 166 40 193 0 188 420 457 162 301 286 215 193 298 37 383 280 65 239 453 45 267 409 47 325 164 46 150 168 366 332 270 234 326 179 333 263 308 475 427 307 251 267 232 246 336 186 440 319 149 231 146 161 214 145 170 468 276 198 455 189 155 56 468 108 185 196 288 177 319 271 96 317 444 174 216 207 184
275 300 138 131 454 111 172 241 188 0 467 504 209 348 131 262 241 345 186 430 161 151 184 501 206 180 456 209 373 211 166 95 215 413 379 175 282 373 226 380 310 355 522 475 355 191 112 78 293 182 233 487 367 94 176 77 59 158 90 115 516 323 44 503 134 100 158 515 135 232 141 335 122 366 319 143 364 491 119 62 152 231
272 198 370 384 38 446 404 333 420 467 0 149 301 197 565 259 333 194 418 75 559 383 518 145 438 546 101 441 174 320 398 430 324 92 164 549 279 170 319 170 307 204 167 35 189 531 546 512 290 616 326 132 152 428 510 426 441 493 425 449 160 320 477 147 468 434 391 160 387 341 475 184 457 179 178 352 179 136 454 495 486 340
310 235 407 421 136 483 441 370 457 504 149 0 338 235 602 297 370 231 456 113 596 420 556 40 475 584 84 478 211 357 435 467 361 129 201 587 316 207 356 207 344 241 77 157 226 568 583 549 327 653 363 45 189 466 547 463 478 530 462 487 71 357 515 57 506 471 428 70 425 378 512 221 494 216 215 389 216 37 491 533 524 377
109 135 112 126 288 188 146 52 162 209 301 338 0 183 307 96 52 180 160 264 301 125 260 335 180 288 290 183 207 62 140 172 66 247 213 291 116 207 40 214 144 189 356 309 189 273 288 254 127 358 47 321 201 170 252 168 183 235 166 191 350 157 219 337 210 176 133 349 129 83 217 169 199 200 153 93 198 325 196 237 228 82
154 80 251 265 184 327 285 214 301 348 197 235 183 0 447 141 214 76 300 160 440 264 400 231 319 428 186 323 56 201 280 311 205 143 109 431 160 56 200 63 188 85 252 205 41 412 427 393 171 497 207 217 97 310 392 307 322 374 306 331 246 201 359 233 350 316 272 245 269 222 357 45 338 49 59 233 94 221 335 377 368 221
373 399 236 229 552 178 270 339 286 131 565 602 307 447 0 360 339 444 284 528 64 249 110 599 304 82 554 307 471 309 264 193 313 511 477 78 380 471 325 478 408 453 620 573 453 93 53 84 391 249 331 585 465 192 115 175 157 135 188 173 614 421 129 601 156 190 257 613 234 330 150 433 167 464 417 241 462 589 171 103 145 329
67 93 165 179 246 241 199 128 215 262 259 297 96 141 360 0 128 138 214 222 354 178 313 293 233 342 249 236 165 115 193 225 119 205 171 344 42 165 114 172 102 147 315 267 147 326 341 307 85 411 121 279 159 223 305 221 236 288 220 245 308 115 272 295 263 229 186 307 183 136 270 127 252 158 111 147 156 283 249 290 281 135
141 166 144 158 320 220 178 31 193 241 333 370 52 214 339 128 0 211 192 296 333 157 292 367 212 320 322 215 239 93 172 203 97 279 245 323 148 239 41 246 176 221 388 340 221 305 320 285 159 389 39 353 232 202 284 199 215 267 198 223 382 189 251 368 242 208 164 381 161 115 249 201 230 232 185 125 230 357 227 269 260 113
151 76 248 262 181 324 282 211 298 345 194 231 180 76 444 138 211 0 297 157 437 261 397 228 316 425 183 320 100 198 276 308 202 140 68 428 157 100 197 107 185 44 249 202 82 409 424 390 168 494 204 214 91 307 389 304 319 371 303 328 243 198 356 230 347 312 269 242 266 219 353 62 335 93 56 230 53 218 332 374 365 218
226 252 78 103 405 165 39 192 37 186 418 456 160 300 284 214 192 297 0 381 278 64 237 452 48 266 408 51 324 162 45 149 166 364 330 269 233 324 178 331 261 306 474 426 306 250 265 231 244 335 185 438 318 147 229 145 160 212 144 169 467 274 197 454 187 153 55 466 107 184 194 286 176 317 270 94 315 442 173 214 205 182
235 161 333 347 62 409 367 296 383 430 75 113 264 160 528 222 296 157 381 0 522 346 481 109 401 510 65 404 137 283 361 393 287 55 127 512 242 133 282 133 270 167 131 83 152 494 509 475 253 579 289 95 115 391 473 389 404 456 388 413 124 283 440 111 431 397 354 123 350 304 438 147 420 142 141 315 142 99 417 458 449 303
367 392 230 223 546 137 264 333 280 161 559 596 301 440 64 354 333 437 278 522 0 243 69 593 298 41 548 301 465 303 258 154 307 505 471 37 374 465 318 472 402 447 614 567 447 52 83 114 385 279 325 579 459 155 74 183 187 94 161 132 608 415 159 594 115 149 250 607 227 324 109 427 126 458 411 235 456 583 130 133 105 323
191 216 46 68 370 130 49 156 65 151 383 420 125 264 249 178 157 261 64 346 243 0 202 416 83 230 372 86 288 127 43 113 131 329 295 233 197 289 142 296 226 271 438 390 271 214 230 195 209 299 149 403 282 112 194 109 125 177 108 133 432 239 161 418 152 118 36 431 71 148 159 251 140 282 234 59 280 407 137 179 170 147
326 352 189 182 505 97 223 292 239 184 518 556 260 400 110 313 292 397 237 481 69 202 0 552 257 56 507 260 424 262 217 113 266 464 430 59 333 424 278 431 361 406 573 526 406 41 129 160 344 325 285 538 418 115 33 142 157 53 120 91 567 374 194 554 74 108 210 566 187 283 68 386 85 417 370 194 415 542 89 179 64 282
306 232 403 418 132 479 438 366 453 501 145 40 335 231 599 293 367 228 452 109 593 416 552 0 472 580 80 475 208 353 432 463 357 125 197 583 312 204 352 203 341 237 56 153 222 564 580 545 324 649 359 48 185 462 544 459 474 527 458 483 49 354 511 36 502 468 424 48 421 375 509 217 490 213 212 385 213 40 487 529 520 373
246 271 98 123 425 185 58 212 45 206 438 475 180 319 304 233 212 316 48 401 298 83 257 472 0 285 427 35 344 182 65 168 186 384 350 288 253 344 197 351 281 326 493 446 326 270 285 250 264 355 204 458 337 167 249 164 180 232 163 188 487 294 216 473 207 173 74 486 126 203 214 306 195 337 290 114 335 462 192 234 225 202
355 380 217 211 534 125 251 320 267 180 546 584 288 428 82 342 320 425 266 510 41 230 56 580 285 0 536 288 452 290 245 141 294 492 458 32 361 452 306 459 389 434 602 554 434 40 101 132 372 297 313 566 446 143 61 170 186 81 148 119 595 402 177 582 103 136 238 594 215 312 96 414 113 445 398 222 444 570 117 151 92 310
261 187 359 373 88 435 393 322 409 456 101 84 290 186 554 249 322 183 408 65 548 372 507 80 427 536 0 430 163 309 387 419 313 81 153 539 268 159 308 159 296 193 102 109 178 520 535 501 279 605 315 66 141 417 499 415 430 482 414 439 95 309 467 82 457 423 380 94 377 330 464 173 446 168 167 341 168 70 443 485 476 329
249 274 101 126 428 188 61 215 47 209 441 478 183 323 307 236 215 320 51 404 301 86 260 475 35 288 430 0 347 185 68 172 189 387 353 291 256 347 201 354 284 329 496 449 329 273 288 254 267 358 207 461 341 170 252 168 183 235 166 191 490 297 219 477 210 176 77 489 129 206 217 309 199 340 293 117 338 465 196 237 228 205
178 104 276 290 161 352 310 238 325 373 174 211 207 56 471 165 239 100 324 137 465 288 424 208 344 452 163 347 0 225 304 335 229 120 86 455 184 32 224 39 213 109 229 182 46 436 452 417 196 521 231 194 74 334 416 331 347 399 330 355 223 226 383 210 374 340 296 222 293 247 381 69 362 41 84 257 101 198 359 401 392 245
128 153 114 128 307 190 148 93 164 211 320 357 62 201 309 115 93 198 162 283 303 127 262 353 182 290 309 185 225 0 142 174 44 266 232 293 134 226 79 233 163 208 375 327 207 275 290 256 146 360 86 340 219 172 254 169 185 237 168 193 368 176 221 355 212 178 135 368 131 45 219 188 201 219 171 95 217 344 197 239 230 44
206 231 58 83 385 145 31 172 46 166 398 435 140 280 264 193 172 276 45 361 258 43 217 432 65 245 387 68 304 142 0 129 146 344 310 248 213 304 158 311 241 286 453 406 286 230 245 211 224 315 164 418 298 127 209 124 140 192 123 148 447 254 176 434 167 133 38 446 86 163 174 266 156 297 250 74 295 422 152 194 185 162
238 263 100 94 417 41 134 203 150 95 430 467 172 311 193 225 203 308 149 393 154 113 113 463 168 141 419 172 335 174 129 0 177 375 341 144 244 336 189 342 272 318 485 437 317 125 174 140 255 244 196 449 329 29 105 54 69 88 32 44 478 285 105 465 63 29 121 477 98 195 70 297 51 328 281 106 327 453 48 123 81 193
132 157 118 132 311 194 152 97 168 215 324 361 66 205 313 119 97 202 166 287 307 131 266 357 186 294 313 189 229 44 146 177 0 270 236 297 138 230 83 237 166 212 379 331 211 279 294 259 149 364 90 343 223 176 258 173 189 241 172 197 372 179 225 359 216 182 138 371 135 43 223 192 204 222 175 99 221 348 201 243 234 42
218 144 316 330 79 392 350 279 366 413 92 129 247 143 511 205 279 140 364 55 505 329 464 125 384 492 81 387 120 266 344 375 270 0 110 495 225 116 264 115 253 150 147 99 135 477 492 457 236 562 271 112 97 374 456 371 387 439 370 395 140 266 423 127 414 380 336 139 333 287 421 130 403 125 124 297 125 116 399 441 432 286
184 110 282 296 151 358 316 245 332 379 164 201 213 109 477 171 245 68 330 127 471 295 430 197 350 458 153 353 86 232 310 341 236 110 0 461 191 82 230 81 219 64 219 171 101 443 458 423 202 528 237 184 46 340 422 337 353 405 336 361 213 232 389 199 380 346 302 212 299 253 387 96 369 91 90 263 39 188 365 407 398 252
357 383 220 214 536 128 254 323 270 175 549 587 291 431 78 344 323 428 269 512 37 233 59 583 288 32 539 291 455 293 248 144 297 495 461 0 364 455 309 462 392 437 605 557 437 43 97 128 375 293 316 569 449 146 64 173 189 84 151 122 598 405 173 585 105 139 241 597 218 315 99 417 116 448 401 225 446 573 120 147 95 313
87 112 185 199 266 261 219 147 234 282 279 316 116 160 380 42 148 157 233 242 374 197 333 312 253 361 268 256 184 134 213 244 138 225 191 364 0 185 133 192 122 167 334 286 166 345 361 326 105 430 140 299 178 243 325 240 255 308 239 264 327 135 292 314 283 249 205 327 202 156 290 147 271 178 130 166 176 303 268 310 301 154
178 104 276 290 157 352 310 239 326 373 170 207 207 56 471 165 239 100 324 133 465 289 424 204 344 452 159 347 32 226 304 336 230 116 82 455 185 0 225 35 213 110 225 178 47 437 452 418 196 522 231 190 69 334 416 331 347 399 330 355 219 226 383 205 374 340 297 218 293 247 381 70 363 37 84 257 97 194 359 401 392 246
127 152 129 143 306 205 163 41 179 226 319 356 40 200 325 114 41 197 178 282 318 142 278 352 197 306 308 201 224 79 158 189 83 264 230 309 133 225 0 232 161 207 374 326 206 290 305 271 144 375 49 338 218 188 270 185 200 252 184 209 367 174 237 354 228 193 150 366 147 100 234 187 216 217 170 111 216 342 213 255 246 99
185 111 283 297 157 359 317 246 333 380 170 207 214 63 478 172 246 107 331 133 472 296 431 203 351 459 159 354 39 233 311 342 237 115 81 462 192 35 232 0 220 117 225 177 54 444 459 424 203 529 238 189 69 341 423 338 354 406 337 362 218 233 390 205 381 347 303 217 300 254 388 76 370 44 91 264 97 193 366 408 399 253
73 140 213 227 294 289 247 176 263 310 307 344 144 188 408 102 176 185 261 270 402 226 361 341 281 389 296 284 213 163 241 272 166 253 219 392 122 213 161 220 0 195 362 315 195 374 389 354 56 459 168 327 207 271 353 268 284 336 267 292 356 35 320 343 311 277 233 355 230 184 318 175 300 206 159 194 204 331 296 338 329 183
160 86 258 272 191 334 292 221 308 355 204 241 189 85 453 147 221 44 306 167 447 271 406 237 326 434 193 329 109 208 286 318 212 150 64 437 167 110 207 117 195 0 259 211 91 419 434 400 178 504 213 224 87 316 398 313 329 381 312 337 252 208 365 239 356 322 278 252 275 229 363 72 345 103 66 239 49 228 341 383 374 228
327 253 425 439 154 501 459 388 475 522 167 77 356 252 620 315 388 249 474 131 614 438 573 56 493 602 102 496 229 375 453 485 379 147 219 605 334 225 374 225 362 259 0 175 244 586 601 567 345 671 381 85 207 483 565 481 496 548 480 505 33 375 533 45 523 489 446 32 443 396 530 239 512 234 233 407 234 77 509 550 541 395
280 206 377 392 46 453 412 340 427 475 35 157 309 205 573 267 340 202 426 83 567 390 526 153 446 554 109 449 182 327 406 437 331 99 171 557 286 178 326 177 315 211 175 0 196 538 554 519 298 623 333 139 159 436 518 433 448 501 432 457 168 328 485 155 476 442 398 167 395 349 483 191 464 187 186 359 187 143 461 503 494 347
160 86 258 272 176 334 292 220 307 355 189 226 189 41 453 147 221 82 306 152 447 271 406 222 326 434 178 329 46 207 286 317 211 135 101 437 166 47 206 54 195 91 244 196 0 419 434 399 178 503 213 208 88 316 398 313 329 381 312 337 237 208 365 224 356 322 278 236 275 229 363 51 344 39 66 239 101 213 341 383 374 227
339 364 202 195 518 109 236 304 251 191 531 568 273 412 93 326 305 409 250 494 52 214 41 564 270 40 520 273 436 275 230 125 279 477 443 43 345 437 290 444 374 419 586 538 419 0 112 143 357 308 297 551 430 127 46 155 170 66 132 104 580 387 188 566 87 121 222 579 199 296 81 399 98 430 382 207 428 555 102 162 76 295
354 379 217 210 533 190 251 320 267 112 546 583 288 427 53 341 320 424 265 509 83 230 129 580 285 101 535 288 452 290 245 174 294 492 458 97 361 452 305 459 389 434 601 554 434 112 0 65 372 230 312 566 446 173 134 156 138 154 169 192 595 402 110 582 175 179 237 594 214 311 169 414 186 445 398 222 443 570 190 84 164 310
320 345 182 176 499 156 216 285 232 78 512 549 254 393 84 307 285 390 231 475 114 195 160 545 250 132 501 254 417 256 211 140 259 457 423 128 326 418 271 424 354 400 567 519 399 143 65 0 337 195 278 531 411 138 165 121 104 185 135 159 560 367 75 547 178 144 203 559 180 277 185 379 167 410 363 188 409 535 164 49 195 275
91 123 196 210 277 272 230 159 246 293 290 327 127 171 391 85 159 168 244 253 385 209 344 324 264 372 279 267 196 146 224 255 149 236 202 375 105 196 144 203 56 178 345 298 178 357 372 337 0 442 151 310 190 254 336 251 267 319 250 275 339 53 303 326 294 260 216 338 213 167 301 158 283 189 142 177 187 314 279 321 312 166
589 614 451 445 768 425 485 554 501 347 781 818 523 662 414 576 554 659 500 744 444 464 490 814 519 462 770 523 686 525 480 409 528 727 693 458 595 687 540 694 624 669 836 788 668 473 394 360 607 0 547 800 680 407 489 390 373 472 404 429 829 637 344 816 447 413 472 828 449 546 454 649 436 679 632 457 678 805 433 344 465 545
134 159 136 150 313 212 170 39 186 233 326 363 47 207 331 121 39 204 185 289 325 149 285 359 204 313 315 207 231 86 164 196 90 271 237 316 140 231 49 238 168 213 381 333 213 297 312 278 151 382 0 345 225 195 276 192 207 259 191 216 374 181 244 361 235 200 157 373 154 107 241 193 223 224 177 118 223 349 220 262 253 106
292 218 390 404 119 466 424 353 440 487 132 45 321 217 585 279 353 214 438 95 579 403 538 48 458 566 66 461 194 340 418 449 343 112 184 569 299 190 338 189 327 224 85 139 208 551 566 531 310 636 345 0 171 448 530 445 461 513 444 469 79 340 497 65 488 454 410 78 407 361 495 204 476 199 198 371 199 31 473 515 506 360
172 98 269 283 139 345 303 232 319 367 152 189 201 97 465 159 232 91 318 115 459 282 418 185 337 446 141 341 74 219 298 329 223 97 46 449 178 69 218 69 207 87 207 159 88 430 446 411 190 515 225 171 0 328 410 325 340 393 324 349 200 220 377 187 368 334 290 199 287 241 375 83 356 79 78 251 61 175 353 395 386 239
236 262 99 92 415 42 133 202 149 94 428 466 170 310 192 223 202 307 147 391 155 112 115 462 167 143 417 170 334 172 127 29 176 374 340 146 243 334 188 341 271 316 483 436 316 127 173 138 254 242 195 448 328 0 106 52 67 89 30 46 477 284 104 464 65 30 120 476 97 193 71 296 53 327 280 104 325 452 50 122 83 192
318 344 181 174 497 89 215 284 231 176 510 547 252 392 115 305 284 389 229 473 74 194 33 544 249 61 499 252 416 254 209 105 258 456 422 64 325 416 270 423 353 398 565 518 398 46 134 165 336 324 276 530 410 106 0 134 149 45 112 83 559 366 186 546 66 100 202 558 179 275 60 378 77 409 362 186 407 534 81 184 56 274
234 259 96 90 413 70 130 199 146 77 426 463 168 307 175 221 199 304 145 389 183 109 142 459 164 170 415 168 331 169 124 54 173 371 337 173 240 331 185 338 268 313 481 433 313 155 156 121 251 225 192 445 325 52 134 0 50 117 48 73 474 281 87 461 92 58 117 473 94 191 99 293 81 324 277 102 323 449 78 105 110 189
249 274 112 105 428 85 146 214 161 59 441 478 183 322 157 236 215 319 160 404 187 125 157 474 180 186 430 183 347 185 140 69 189 387 353 189 255 347 200 354 284 329 496 448 329 170 138 104 267 208 207 461 340 67 149 50 0 132 64 89 490 297 70 476 107 73 132 489 109 206 114 309 96 340 292 117 338 465 93 87 126 205
301 326 164 157 480 71 198 267 214 158 493 530 235 374 135 288 267 371 212 456 94 177 53 527 232 81 482 235 399 237 192 88 241 439 405 84 308 399 252 406 336 381 548 501 381 66 154 185 319 307 259 513 393 89 45 117 132 0 95 66 542 349 169 529 49 83 184 541 161 258 43 361 60 392 345 169 390 517 64 187 39 257
233 258 95 89 412 47 129 198 145 90 425 462 166 306 188 220 198 303 144 388 161 108 120 458 163 148 414 166 330 168 123 32 172 370 336 151 239 330 184 337 267 312 480 432 312 132 169 135 250 239 191 444 324 30 112 48 64 95 0 51 473 280 100 460 70 36 116 472 93 190 77 292 58 323 276 100 322 448 55 118 88 188
258 283 120 114 437 28 154 223 170 115 449 487 191 331 173 245 223 328 169 413 132 133 91 483 188 119 439 191 355 193 148 44 197 395 361 122 264 355 209 362 292 337 505 457 337 104 192 159 275 264 216 469 349 46 83 73 89 66 51 0 498 305 125 485 41 39 141 497 118 215 48 317 30 348 301 125 347 473 27 143 59 213
321 247 419 433 148 495 453 381 468 516 160 71 350 246 614 308 382 243 467 124 608 432 567 49 487 595 95 490 223 368 447 478 372 140 213 598 327 219 367 218 356 252 33 168 237 580 595 560 339 664 374 79 200 477 559 474 490 542 473 498 0 369 526 38 517 483 439 26 436 390 524 232 505 228 227 400 228 71 502 544 535 388
70 153 226 240 307 302 260 189 276 323 320 357 157 201 421 115 189 198 274 283 415 239 374 354 294 402 309 297 226 176 254 285 179 266 232 405 135 226 174 233 35 208 375 328 208 387 402 367 53 472 181 340 220 284 366 281 297 349 280 305 369 0 333 356 324 290 246 368 243 197 331 188 313 219 172 207 217 344 309 351 342 196
285 311 148 142 464 122 182 251 198 44 477 515 219 359 129 272 251 356 197 440 159 161 194 511 216 177 467 219 383 221 176 105 225 423 389 173 292 383 237 390 320 365 533 485 365 188 110 75 303 179 244 497 377 104 186 87 70 169 100 125 526 333 0 513 144 110 169 525 146 243 151 345 132 376 329 153 374 501 129 59 162 241
308 234 405 419 134 481 439 368 455 503 147 57 337 233 601 295 368 230 454 111 594 418 554 36 473 582 82 477 210 355 434 465 359 127 199 585 314 205 354 205 343 239 45 155 224 566 582 547 326 651 361 65 187 464 546 461 476 529 460 485 38 356 513 0 504 470 426 37 423 376 511 219 492 215 213 387 214 57 489 531 522 375
276 302 139 132 455 47 173 242 189 134 468 506 210 350 156 263 242 347 187 431 115 152 74 502 207 103 457 210 374 212 167 63 216 414 380 105 283 374 228 381 311 356 523 476 356 87 175 178 294 282 235 488 368 65 66 92 107 49 70 41 517 324 144 504 0 58 160 516 137 233 31 336 35 367 320 144 365 492 39 162 42 232
242 267 105 98 421 36 139 208 155 100 434 471 176 316 190 229 208 312 153 397 149 118 108 468 173 136 423 176 340 178 133 29 182 380 346 139 249 340 193 347 277 322 489 442 322 121 179 144 260 248 200 454 334 30 100 58 73 83 36 39 483 290 110 470 58 0 125 482 103 199 65 302 46 333 286 110 331 458 43 128 76 198
199 224 51 75 378 137 40 164 56 158 391 428 133 272 257 186 164 269 55 354 250 36 210 424 74 238 380 77 296 135 38 121 138 336 302 241 205 297 150 303 233 278 446 398 278 222 237 203 216 307 157 410 290 120 202 117 132 184 116 141 439 246 169 426 160 125 0 438 79 156 166 258 148 289 242 67 288 414 145 187 178 154
320 246 418 432 147 494 452 381 468 515 160 70 349 245 613 307 381 242 466 123 607 431 566 48 486 594 94 489 222 368 446 477 371 139 212 597 327 218 366 217 355 252 32 167 236 579 594 559 338 664 373 78 199 476 558 473 489 541 472 497 26 368 525 37 516 482 438 0 435 389 523 232 504 227 226 399 227 70 501 543 534 388
195 221 58 52 374 114 92 161 108 135 387 425 129 269 234 183 161 266 107 350 227 71 187 421 126 215 377 129 293 131 86 98 135 333 299 218 202 293 147 300 230 275 443 395 275 199 214 180 213 284 154 407 287 97 179 94 109 161 93 118 436 243 146 423 137 103 79 435 0 153 144 255 125 286 239 63 284 411 122 164 155 151
149 174 135 149 328 211 169 115 185 232 341 378 83 222 330 136 115 219 184 304 324 148 283 375 203 312 330 206 247 45 163 195 43 287 253 315 156 247 100 254 184 229 396 349 229 296 311 277 167 381 107 361 241 193 275 191 206 258 190 215 390 197 243 376 233 199 156 389 153 0 240 209 222 240 193 117 238 365 219 260 251 30
283 308 146 139 462 53 180 249 196 141 475 512 217 357 150 270 249 353 194 438 109 159 68 509 214 96 464 217 381 219 174 70 223 421 387 99 290 381 234 388 318 363 530 483 363 81 169 185 301 289 241 495 375 71 60 99 114 43 77 48 524 331 151 511 31 65 166 523 144 240 0 343 42 374 327 151 372 499 46 169 36 239
140 66 238 252 171 314 272 201 288 335 184 221 169 45 433 127 201 62 286 147 427 251 386 217 306 414 173 309 69 188 266 297 192 130 96 417 147 70 187 76 175 72 239 191 51 399 414 379 158 484 193 204 83 296 378 293 309 361 292 317 232 188 345 219 336 302 258 232 255 209 343 0 325 62 46 219 81 208 321 363 354 208
265 290 127 121 444 35 161 230 177 122 457 494 199 338 167 252 230 335 176 420 126 140 85 490 195 113 446 199 362 201 156 51 204 403 369 116 271 363 216 370 300 345 512 464 344 98 186 167 283 271 223 476 356 53 77 81 96 60 58 30 505 313 132 492 35 46 148 504 125 222 42 325 0 355 308 133 354 481 33 150 53 221
171 97 269 283 166 345 303 232 319 366 179 216 200 49 464 158 232 93 317 142 458 282 417 213 337 445 168 340 41 219 297 328 222 125 91 448 178 37 217 44 206 103 234 187 39 430 445 410 189 514 224 199 79 327 409 324 340 392 323 348 228 219 376 215 367 333 289 227 286 240 374 62 355 0 77 250 106 203 352 394 385 238
124 50 222 236 165 298 256 184 271 319 178 215 153 59 417 111 185 56 270 141 411 234 370 212 290 398 167 293 84 171 250 281 175 124 90 401 130 84 170 91 159 66 233 186 66 382 398 363 142 467 177 198 78 280 362 277 292 345 276 301 227 172 329 213 320 286 242 226 239 193 327 46 308 77 0 203 75 202 305 347 338 191
160 185 46 60 339 122 80 125 96 143 352 389 93 233 241 147 125 230 94 315 235 59 194 385 114 222 341 117 257 95 74 106 99 297 263 225 166 257 111 264 194 239 407 359 239 207 222 188 177 292 118 371 251 104 186 102 117 169 100 125 400 207 153 387 144 110 67 399 63 117 151 219 133 250 203 0 249 375 130 171 162 115
169 95 267 281 166 343 301 230 317 364 179 216 198 94 462 156 230 53 315 142 456 280 415 213 335 444 168 338 101 217 295 327 221 125 39 446 176 97 216 97 204 49 234 187 101 428 443 409 187 513 223 199 61 325 407 323 338 390 322 347 228 217 374 214 365 331 288 227 284 238 372 81 354 106 75 249 0 203 351 392 383 237
296 222 394 408 123 470 428 357 444 491 136 37 325 221 589 283 357 218 442 99 583 407 542 40 462 570 70 465 198 344 422 453 348 116 188 573 303 194 342 193 331 228 77 143 213 555 570 535 314 640 349 31 175 452 534 449 465 517 448 473 71 344 501 57 492 458 414 70 411 365 499 208 481 203 202 375 203 0 477 519 510 364
262 287 124 118 441 32 158 227 174 119 454 491 196 335 171 249 227 332 173 417 130 137 89 487 192 117 443 196 359 197 152 48 201 399 365 120 268 359 213 366 296 341 509 461 341 102 190 164 279 268 220 473 353 50 81 78 93 64 55 27 502 309 129 489 39 43 145 501 122 219 46 321 33 352 305 130 351 477 0 147 57 217
303 329 166 159 482 140 200 269 216 62 495 533 237 377 103 290 269 374 214 458 133 179 179 529 234 151 485 237 401 239 194 123 243 441 407 147 310 401 255 408 338 383 550 503 383 162 84 49 321 179 262 515 395 122 184 105 87 187 118 143 544 351 59 531 162 128 187 543 164 260 169 363 150 394 347 171 392 519 147 0 180 259
294 320 157 150 473 65 191 260 207 152 486 524 228 368 145 281 260 365 205 449 105 170 64 520 225 92 476 228 392 230 185 81 234 432 398 95 301 392 246 399 329 374 541 494 374 76 164 195 312 300 253 506 386 83 56 110 126 39 88 59 535 342 162 522 42 76 178 534 155 251 36 354 53 385 338 162 383 510 57 180 0 250
148 173 134 148 327 210 168 113 184 231 340 377 82 221 329 135 113 218 182 303 323 147 282 373 202 310 329 205 245 44 162 193 42 286 252 313 154 246 99 253 183 228 395 347 227 295 310 275 166 380 106 360 239 192 274 189 205 257 188 213 388 196 241 375 232 198 154 388 151 30 239 208 221 238 191 115 237 364 217 259 250 0
EOF