NAME : tsp_problem
TYPE : TSP
DIMENSION : 64
EDGE_WEIGHT_TYPE : EXPLICIT
EDGE_WEIGHT_FORMAT : FULL_MATRIX
EDGE_WEIGHT_SECTION
0 407 362 538 238 397 399 146 403 124 126 138 54 115 551 369 143 319 71 517 508 52 478 446 110 428 286 404 139 130 128 310 149 157 430 420 177 489 304 362 490 148 408 418 363 417 55 320 528 299 176 465 84 366 158 595 432 153 312 269 417 158 472 456
407 0 112 155 223 147 149 483 30 462 464 476 391 452 169 120 340 192 374 165 126 398 95 94 448 46 271 52 477 328 466 200 334 280 78 170 262 106 195 73 138 341 29 168 92 167 436 193 146 172 310 112 357 97 325 242 50 334 202 254 167 327 89 104
362 112 0 243 178 64 65 438 108 416 418 431 346 407 256 36 295 147 329 222 213 353 182 151 403 133 226 109 432 282 420 155 289 234 135 86 216 194 149 66 195 296 113 84 68 83 390 148 233 127 264 169 311 71 280 299 137 288 156 209 83 282 177 161
538 155 243 0 354 278 280 614 161 593 594 607 522 583 36 250 471 323 505 89 55 529 86 161 579 132 402 183 608 459 596 331 465 411 177 301 392 74 325 203 114 472 154 299 223 298 567 324 37 303 440 140 487 227 456 279 130 465 333 385 298 458 94 159
238 223 178 354 0 214 215 315 220 293 295 307 222 283 367 186 171 135 205 333 325 229 294 262 279 245 102 221 308 159 297 127 165 111 247 236 93 305 121 178 307 172 225 234 179 233 267 136 344 115 141 281 188 183 156 411 249 165 128 85 233 158 288 272
397 147 64 278 214 0 37 474 144 452 454 466 381 442 291 55 330 182 364 257 249 388 218 186 438 169 261 145 467 318 456 191 324 270 171 51 252 229 185 102 231 331 149 49 103 48 426 184 269 162 300 205 347 107 315 335 173 324 192 244 48 317 212 197
399 149 65 280 215 37 0 475 145 453 455 468 383 444 293 56 332 184 366 259 250 390 219 188 440 170 263 146 468 319 457 192 326 271 172 47 253 231 186 103 232 333 150 45 105 44 427 185 270 164 301 206 348 108 317 336 174 325 193 246 45 319 214 198
146 483 438 614 315 474 475 0 480 56 45 32 131 77 627 446 219 395 147 593 585 137 554 522 85 505 362 481 33 207 77 387 225 233 507 496 253 565 381 438 567 225 485 494 439 493 175 396 605 375 252 541 161 443 234 671 509 229 388 345 493 234 548 533
403 30 108 161 220 144 145 480 0 458 460 472 388 448 174 116 336 188 370 161 131 394 100 90 444 51 267 48 473 324 462 197 330 276 74 166 258 112 191 69 135 337 32 165 89 164 432 190 151 168 306 109 353 93 322 239 55 330 198 250 163 323 95 100
124 462 416 593 293 452 453 56 458 0 36 48 109 40 606 424 197 373 125 572 563 115 532 501 48 483 341 459 49 185 40 365 204 212 485 475 232 544 359 416 545 203 463 473 418 472 153 375 583 353 231 519 139 421 213 649 487 208 366 324 472 213 527 511
126 464 418 594 295 454 455 45 460 36 0 37 111 57 608 426 199 375 127 574 565 117 534 503 65 485 343 461 38 187 57 367 205 213 487 477 234 546 361 418 547 205 465 475 419 474 155 376 585 355 233 521 141 423 214 651 489 210 368 326 473 215 529 513
138 476 431 607 307 466 468 32 472 48 37 0 123 70 620 438 212 388 139 586 577 129 547 515 78 497 355 473 26 199 70 379 218 226 499 489 246 558 373 431 559 217 477 487 432 486 167 389 597 368 245 534 153 435 227 664 501 222 381 338 486 227 541 525
54 391 346 522 222 381 383 131 388 109 111 123 0 99 535 354 127 303 55 501 493 45 462 430 95 413 270 389 124 115 113 295 133 141 415 404 161 473 289 346 475 133 393 402 347 401 83 304 512 283 160 449 68 350 142 579 417 137 296 253 401 142 456 440
115 452 407 583 283 442 444 77 448 40 57 70 99 0 596 414 188 364 116 562 553 106 523 491 31 473 331 449 71 175 37 355 194 202 475 465 222 534 349 407 535 193 453 463 408 462 143 365 573 344 221 510 129 411 203 640 477 198 357 314 462 203 517 501
551 169 256 36 367 291 293 627 174 606 608 620 535 596 0 264 484 336 518 75 68 542 99 148 592 145 415 191 621 472 610 345 478 424 163 314 406 87 339 217 100 485 167 312 236 311 580 338 50 316 454 127 501 241 469 265 143 478 346 398 311 471 107 146
369 120 36 250 186 55 56 446 116 424 426 438 354 414 264 0 302 154 336 229 221 360 190 158 410 141 233 117 439 290 428 163 297 242 143 77 224 202 157 74 203 303 121 76 75 75 398 156 241 135 272 177 319 79 288 307 145 296 164 216 74 289 184 169
143 340 295 471 171 330 332 219 336 197 199 212 127 188 484 302 0 252 110 450 441 134 411 379 184 361 219 337 213 46 201 243 82 90 363 353 110 422 237 295 423 81 341 351 296 350 171 253 461 232 109 398 92 299 39 528 365 86 245 202 350 91 405 389
319 192 147 323 135 182 184 395 188 373 375 388 303 364 336 154 252 0 286 302 293 310 263 231 360 213 183 189 388 239 377 112 246 191 215 205 173 274 106 147 275 253 193 203 148 202 347 30 313 44 221 250 268 151 237 380 217 245 113 166 202 238 257 241
71 374 329 505 205 364 366 147 370 125 127 139 55 116 518 336 110 286 0 484 475 62 445 413 112 395 253 371 140 97 129 277 116 124 397 387 144 456 271 329 457 115 375 385 330 384 99 287 495 266 143 432 51 333 125 562 399 120 279 236 384 125 439 423
517 165 222 89 333 257 259 593 161 572 574 586 501 562 75 229 450 302 484 0 121 508 152 104 558 186 381 148 587 438 575 310 444 390 120 280 371 140 304 182 57 451 166 278 202 277 546 303 103 282 420 83 467 206 435 222 190 444 312 364 277 437 160 102
508 126 213 55 325 249 250 585 131 563 565 577 493 553 68 221 441 293 475 121 0 499 56 194 549 102 372 153 578 429 567 302 435 381 179 271 363 45 296 174 146 442 124 270 194 269 537 295 45 273 411 173 458 198 427 311 100 435 303 355 268 428 64 191
52 398 353 529 229 388 390 137 394 115 117 129 45 106 542 360 134 310 62 508 499 0 469 437 101 419 277 395 130 121 119 301 140 148 421 411 168 480 295 353 481 139 399 409 354 408 60 311 519 290 167 456 75 357 149 586 423 144 303 260 408 149 463 447
478 95 182 86 294 218 219 554 100 532 534 547 462 523 99 190 411 263 445 152 56 469 0 164 519 72 342 123 547 398 536 271 405 350 149 241 332 37 265 143 177 412 93 239 163 238 506 264 76 243 380 183 427 167 396 313 69 404 272 325 238 398 33 174
446 94 151 161 262 186 188 522 90 501 503 515 430 491 148 158 379 231 413 104 194 437 164 0 487 115 310 77 516 367 504 239 373 319 61 209 300 176 233 111 78 380 95 207 131 206 475 232 175 211 348 52 396 135 364 182 119 373 241 293 206 366 158 44
110 448 403 579 279 438 440 85 444 48 65 78 95 31 592 410 184 360 112 558 549 101 519 487 0 469 327 445 79 171 45 351 190 198 471 461 218 530 345 403 531 189 449 459 404 458 139 361 569 340 217 506 125 407 199 636 473 194 353 310 458 199 513 497
428 46 133 132 245 169 170 505 51 483 485 497 413 473 145 141 361 213 395 186 102 419 72 115 469 0 292 73 498 349 487 222 355 301 99 191 283 83 216 94 159 362 44 190 114 189 457 215 122 193 331 134 378 118 347 264 27 355 223 275 188 348 66 125
286 271 226 402 102 261 263 362 267 341 343 355 270 331 415 233 219 183 253 381 372 277 342 310 327 292 0 268 356 207 344 174 213 159 294 284 140 353 168 226 354 220 272 282 227 281 315 184 392 163 188 329 236 230 204 459 296 213 176 56 281 206 336 320
404 52 109 183 221 145 146 481 48 459 461 473 389 449 191 117 337 189 371 148 153 395 123 77 445 73 268 0 474 325 463 198 331 277 61 168 259 134 192 70 121 338 54 166 90 165 433 191 173 169 307 95 354 94 323 225 78 331 199 251 164 324 117 87
139 477 432 608 308 467 468 33 473 49 38 26 124 71 621 439 213 388 140 587 578 130 547 516 79 498 356 474 0 200 71 380 219 227 500 490 247 559 374 432 560 218 478 488 433 487 168 390 598 368 246 535 154 436 228 664 502 223 381 339 487 228 542 526
130 328 282 459 159 318 319 207 324 185 187 199 115 175 472 290 46 239 97 438 429 121 398 367 171 349 207 325 200 0 189 231 69 78 351 341 98 410 225 282 411 69 329 339 283 338 159 241 449 219 97 385 80 287 61 515 353 74 232 190 337 79 393 377
128 466 420 596 297 456 457 77 462 40 57 70 113 37 610 428 201 377 129 575 567 119 536 504 45 487 344 463 71 189 0 369 207 215 489 478 235 547 363 420 549 207 467 477 421 476 157 378 587 357 235 523 143 425 216 653 491 211 370 327 475 216 530 515
310 200 155 331 127 191 192 387 197 365 367 379 295 355 345 163 243 112 277 310 302 301 271 239 351 222 174 198 380 231 369 0 237 183 224 213 165 282 37 155 284 244 202 211 156 211 339 113 322 92 213 258 260 160 229 388 226 237 30 157 210 230 265 250
149 334 289 465 165 324 326 225 330 204 205 218 133 194 478 297 82 246 116 444 435 140 405 373 190 355 213 331 219 69 207 237 0 84 357 347 104 416 231 289 418 35 336 345 290 344 178 247 455 226 56 392 98 293 97 522 359 32 239 196 344 37 399 383
157 280 234 411 111 270 271 233 276 212 213 226 141 202 424 242 90 191 124 390 381 148 350 319 198 301 159 277 227 78 215 183 84 0 303 293 50 362 177 234 363 91 281 291 236 290 186 193 401 171 59 337 106 239 75 467 305 84 184 142 290 77 345 329
430 78 135 177 247 171 172 507 74 485 487 499 415 475 163 143 363 215 397 120 179 421 149 61 471 99 294 61 500 351 489 224 357 303 0 193 285 160 218 96 93 364 79 192 116 191 459 217 191 195 333 67 380 120 349 197 103 357 225 277 190 350 143 59
420 170 86 301 236 51 47 496 166 475 477 489 404 465 314 77 353 205 387 280 271 411 241 209 461 191 284 168 490 341 478 213 347 293 193 0 274 252 207 125 254 354 172 35 126 34 449 206 291 185 323 228 370 129 338 358 196 347 215 267 35 340 235 219
177 262 216 392 93 252 253 253 258 232 234 246 161 222 406 224 110 173 144 371 363 168 332 300 218 283 140 259 247 98 235 165 104 50 285 274 0 344 159 216 345 111 263 273 217 272 206 174 383 153 80 319 127 221 95 449 287 104 166 123 271 97 326 311
489 106 194 74 305 229 231 565 112 544 546 558 473 534 87 202 422 274 456 140 45 480 37 176 530 83 353 134 559 410 547 282 416 362 160 252 344 0 276 154 165 423 105 250 174 249 518 275 64 254 392 192 439 179 407 324 81 416 284 336 249 409 45 186
304 195 149 325 121 185 186 381 191 359 361 373 289 349 339 157 237 106 271 304 296 295 265 233 345 216 168 192 374 225 363 37 231 177 218 207 159 276 0 149 278 238 196 206 150 205 333 107 316 86 207 252 254 154 223 382 220 231 39 151 204 224 259 244
362 73 66 203 178 102 103 438 69 416 418 431 346 407 217 74 295 147 329 182 174 353 143 111 403 94 226 70 432 282 420 155 289 234 96 125 216 154 149 0 156 296 74 123 47 122 390 148 194 127 264 130 311 51 280 260 98 288 156 209 122 282 137 122
490 138 195 114 307 231 232 567 135 545 547 559 475 535 100 203 423 275 457 57 146 481 177 78 531 159 354 121 560 411 549 284 418 363 93 254 345 165 278 156 0 424 140 252 176 251 519 277 128 256 393 57 440 180 409 195 164 417 285 337 250 410 185 75
148 341 296 472 172 331 333 225 337 203 205 217 133 193 485 303 81 253 115 451 442 139 412 380 189 362 220 338 218 69 207 244 35 91 364 354 111 423 238 296 424 0 342 352 297 351 177 254 462 233 63 399 98 300 97 529 366 39 246 203 351 44 406 390
408 29 113 154 225 149 150 485 32 463 465 477 393 453 167 121 341 193 375 166 124 399 93 95 449 44 272 54 478 329 467 202 336 281 79 172 263 105 196 74 140 342 0 170 94 169 437 195 144 174 311 114 358 98 327 244 48 335 203 255 168 328 88 105
418 168 84 299 234 49 45 494 165 473 475 487 402 463 312 76 351 203 385 278 270 409 239 207 459 190 282 166 488 339 477 211 345 291 192 35 273 250 206 123 252 352 170 0 124 32 447 204 289 183 321 226 368 127 336 356 194 345 213 265 33 338 233 217
363 92 68 223 179 103 105 439 89 418 419 432 347 408 236 75 296 148 330 202 194 354 163 131 404 114 227 90 433 283 421 156 290 236 116 126 217 174 150 47 176 297 94 124 0 123 392 149 214 128 265 150 312 52 281 280 118 290 158 210 123 283 157 142
417 167 83 298 233 48 44 493 164 472 474 486 401 462 311 75 350 202 384 277 269 408 238 206 458 189 281 165 487 338 476 211 344 290 191 34 272 249 205 122 251 351 169 32 123 0 446 203 288 182 320 225 367 126 335 355 193 344 212 264 32 337 232 216
55 436 390 567 267 426 427 175 432 153 155 167 83 143 580 398 171 347 99 546 537 60 506 475 139 457 315 433 168 159 157 339 178 186 459 449 206 518 333 390 519 177 437 447 392 446 0 349 557 327 205 493 113 395 187 623 461 182 340 298 446 187 501 485
320 193 148 324 136 184 185 396 190 375 376 389 304 365 338 156 253 30 287 303 295 311 264 232 361 215 184 191 390 241 378 113 247 193 217 206 174 275 107 148 277 254 195 204 149 203 349 0 315 45 222 251 269 153 238 381 219 247 115 167 203 240 258 243
528 146 233 37 344 269 270 605 151 583 585 597 512 573 50 241 461 313 495 103 45 519 76 175 569 122 392 173 598 449 587 322 455 401 191 291 383 64 316 194 128 462 144 289 214 288 557 315 0 293 431 154 478 218 446 293 120 455 323 375 288 448 84 173
299 172 127 303 115 162 164 375 168 353 355 368 283 344 316 135 232 44 266 282 273 290 243 211 340 193 163 169 368 219 357 92 226 171 195 185 153 254 86 127 256 233 174 183 128 182 327 45 293 0 201 230 248 131 217 360 197 225 93 146 182 219 237 221
176 310 264 440 141 300 301 252 306 231 233 245 160 221 454 272 109 221 143 420 411 167 380 348 217 331 188 307 246 97 235 213 56 59 333 323 80 392 207 264 393 63 311 321 265 320 205 222 431 201 0 367 126 269 94 497 335 56 214 171 319 49 374 359
465 112 169 140 281 205 206 541 109 519 521 534 449 510 127 177 398 250 432 83 173 456 183 52 506 134 329 95 535 385 523 258 392 337 67 228 319 192 252 130 57 399 114 226 150 225 493 251 154 230 367 0 414 154 383 169 138 392 259 312 225 385 177 50
84 357 311 487 188 347 348 161 353 139 141 153 68 129 501 319 92 268 51 467 458 75 427 396 125 378 236 354 154 80 143 260 98 106 380 370 127 439 254 311 440 98 358 368 312 367 113 269 478 248 126 414 0 316 107 544 382 103 261 219 366 108 421 406
366 97 71 227 183 107 108 443 93 421 423 435 350 411 241 79 299 151 333 206 198 357 167 135 407 118 230 94 436 287 425 160 293 239 120 129 221 179 154 51 180 300 98 127 52 126 395 153 218 131 269 154 316 0 284 284 122 293 161 213 126 286 161 146
158 325 280 456 156 315 317 234 322 213 214 227 142 203 469 288 39 237 125 435 427 149 396 364 199 347 204 323 228 61 216 229 97 75 349 338 95 407 223 280 409 97 327 336 281 335 187 238 446 217 94 383 107 284 0 513 351 101 230 187 335 106 390 374
760 407 464 444 576 500 501 836 404 814 816 828 744 805 430 472 693 545 727 387 476 750 478 347 800 429 624 390 829 680 818 553 687 632 362 523 614 489 547 425 360 694 409 521 445 520 788 546 458 525 662 334 709 449 678 0 433 686 554 607 519 679 472 344
432 50 137 130 249 173 174 509 55 487 489 501 417 477 143 145 365 217 399 190 100 423 69 119 473 27 296 78 502 353 491 226 359 305 103 196 287 81 220 98 164 366 48 194 118 193 461 219 120 197 335 138 382 122 351 268 0 359 227 279 192 352 64 129
153 334 288 465 165 324 325 229 330 208 210 222 137 198 478 296 86 245 120 444 435 144 404 373 194 355 213 331 223 74 211 237 32 84 357 347 104 416 231 288 417 39 335 345 290 344 182 247 455 225 56 392 103 293 101 521 359 0 238 196 344 41 399 383
312 202 156 333 128 192 193 388 198 366 368 381 296 357 346 164 245 113 279 312 303 303 272 241 353 223 176 199 381 232 370 30 239 184 225 215 166 284 39 156 285 246 203 213 158 212 340 115 323 93 214 259 261 161 230 389 227 238 0 159 212 232 267 251
269 254 209 385 85 244 246 345 250 324 326 338 253 314 398 216 202 166 236 364 355 260 325 293 310 275 56 251 339 190 327 157 196 142 277 267 123 336 151 209 337 203 255 265 210 264 298 167 375 146 171 312 219 213 187 442 279 196 159 0 264 189 319 303
417 167 83 298 233 48 45 493 163 472 473 486 401 462 311 74 350 202 384 277 268 408 238 206 458 188 281 164 487 337 475 210 344 290 190 35 271 249 204 122 250 351 168 33 123 32 446 203 288 182 319 225 366 126 335 355 192 344 212 264 0 337 232 216
158 327 282 458 158 317 319 234 323 213 215 227 142 203 471 289 91 238 125 437 428 149 398 366 199 348 206 324 228 79 216 230 37 77 350 340 97 409 224 282 410 44 328 338 283 337 187 240 448 219 49 385 108 286 106 514 352 41 232 189 337 0 392 376
472 89 177 94 288 212 214 548 95 527 529 541 456 517 107 184 405 257 439 160 64 463 33 158 513 66 336 117 542 393 530 265 399 345 143 235 326 45 259 137 185 406 88 233 157 232 501 258 84 237 374 177 421 161 390 307 64 399 267 319 232 392 0 169
456 104 161 159 272 197 198 533 100 511 513 525 440 501 146 169 389 241 423 102 191 447 174 44 497 125 320 87 526 377 515 250 383 329 59 219 311 186 244 122 75 390 105 217 142 216 485 243 173 221 359 50 406 146 374 179 129 383 251 303 216 376 169 0
EOF