NAME : tsp_problem
TYPE : TSP
DIMENSION : 26
EDGE_WEIGHT_TYPE : EXPLICIT
EDGE_WEIGHT_FORMAT : FULL_MATRIX
EDGE_WEIGHT_SECTION
0 93 428 407 391 462 139 306 277 439 357 536 157 171 136 499 421 505 320 374 339 176 161 385 307 480
93 0 370 348 332 404 80 247 219 380 298 478 98 112 143 440 363 447 261 316 280 117 103 327 248 421
428 370 0 47 61 217 341 201 267 193 101 291 354 309 478 254 176 260 215 129 117 329 347 68 185 235
407 348 47 0 40 196 319 179 246 172 80 270 333 288 457 232 155 239 193 108 96 307 325 46 164 214
391 332 61 40 0 180 303 163 230 156 64 254 317 272 441 216 139 223 178 92 80 292 310 31 148 198
462 404 217 196 180 0 375 234 301 125 146 99 388 343 512 185 65 68 249 144 151 363 381 174 219 43
139 80 341 319 303 375 0 218 190 351 269 449 69 83 189 411 334 418 232 287 251 88 74 298 219 393
306 247 201 179 163 234 218 0 144 211 129 309 232 187 356 271 193 278 41 147 111 206 224 158 79 252
277 219 267 246 230 301 190 144 0 277 196 375 203 158 327 337 260 344 159 213 177 178 196 224 146 319
439 380 193 172 156 125 351 211 277 0 122 191 364 319 489 93 84 168 225 120 127 339 357 150 195 143
357 298 101 80 64 146 269 129 196 122 0 220 283 238 407 182 105 189 144 58 46 258 276 58 114 164
536 478 291 270 254 99 449 309 375 191 220 0 462 417 587 128 139 59 323 218 225 437 455 248 293 84
157 98 354 333 317 388 69 232 203 364 283 462 0 76 207 424 347 431 246 300 264 54 39 311 233 406
171 112 309 288 272 343 83 187 158 319 238 417 76 0 221 379 302 386 201 255 219 51 69 266 188 361
136 143 478 457 441 512 189 356 327 489 407 587 207 221 0 549 471 556 370 425 389 226 211 435 357 530
499 440 254 232 216 185 411 271 337 93 182 128 424 379 549 0 144 160 285 180 188 399 417 211 256 185
421 363 176 155 139 65 334 193 260 84 105 139 347 302 471 144 0 108 208 103 110 322 340 133 178 83
505 447 260 239 223 68 418 278 344 168 189 59 431 386 556 160 108 0 292 187 194 406 424 217 262 53
320 261 215 193 178 249 232 41 159 225 144 323 246 201 370 285 208 292 0 161 125 221 239 172 93 267
374 316 129 108 92 144 287 147 213 120 58 218 300 255 425 180 103 187 161 0 63 275 293 86 131 161
339 280 117 96 80 151 251 111 177 127 46 225 264 219 389 188 110 194 125 63 0 239 257 74 95 169
176 117 329 307 292 363 88 206 178 339 258 437 54 51 226 399 322 406 221 275 239 0 46 286 207 381
161 103 347 325 310 381 74 224 196 357 276 455 39 69 211 417 340 424 239 293 257 46 0 304 225 399
385 327 68 46 31 174 298 158 224 150 58 248 311 266 435 211 133 217 172 86 74 286 304 0 142 192
307 248 185 164 148 219 219 79 146 195 114 293 233 188 357 256 178 262 93 131 95 207 225 142 0 237
480 421 235 214 198 43 393 252 319 143 164 84 406 361 530 185 83 53 267 161 169 381 399 192 237 0
EOF