NAME : tsp_problem
TYPE : TSP
DIMENSION : 32
EDGE_WEIGHT_TYPE : EXPLICIT
EDGE_WEIGHT_FORMAT : FULL_MATRIX
EDGE_WEIGHT_SECTION
0 318 284 239 291 233 274 192 37 147 331 266 466 187 176 171 186 388 278 145 438 107 424 330 244 178 218 182 212 205 467 300
318 0 465 419 472 178 220 232 319 328 69 446 199 244 356 351 367 121 459 325 171 287 157 46 190 218 398 239 393 386 200 97
284 465 0 77 50 380 421 339 286 192 478 82 613 334 167 147 131 535 64 175 585 234 571 477 391 325 127 329 135 145 614 447
239 419 77 0 94 334 376 293 240 146 433 126 567 288 175 101 86 490 107 129 539 188 525 432 346 279 170 284 178 189 568 401
291 472 50 94 0 387 428 346 293 169 485 55 620 341 139 163 148 542 36 191 592 241 578 484 398 332 99 336 107 118 621 454
233 178 380 334 387 0 135 148 234 243 192 361 327 159 271 266 282 249 374 240 299 202 284 191 105 133 313 154 308 301 327 160
274 220 421 376 428 135 0 189 276 284 233 402 368 200 313 307 323 290 415 281 340 243 325 232 53 174 355 196 349 342 369 201
192 232 339 293 346 148 189 0 193 202 246 320 381 118 230 225 241 303 333 199 353 161 338 245 159 41 272 113 267 260 382 214
37 319 286 240 293 234 276 193 0 149 333 267 468 188 177 172 188 390 280 146 440 108 425 332 246 179 219 184 214 207 468 301
147 328 192 146 169 243 284 202 149 0 341 143 476 197 53 78 94 398 155 52 448 97 434 340 254 188 95 192 89 83 477 310
331 69 478 433 485 192 233 246 333 341 0 459 217 257 370 364 380 139 472 338 189 300 175 81 203 232 412 253 406 399 218 63
266 446 82 126 55 361 402 320 267 143 459 0 594 315 113 195 180 516 41 170 566 215 552 458 372 306 73 310 81 92 595 428
466 199 613 567 620 327 368 381 468 476 217 594 0 392 504 499 515 129 607 473 78 435 165 212 338 366 547 388 541 534 26 245
187 244 334 288 341 159 200 118 188 197 257 315 392 0 225 220 236 314 328 194 364 156 350 256 170 104 267 32 262 255 393 226
176 356 167 175 139 271 313 230 177 53 370 113 504 225 0 107 122 426 126 81 476 125 462 369 283 216 66 221 60 53 505 338
171 351 147 101 163 266 307 225 172 78 364 195 499 220 107 0 61 421 177 61 471 120 457 363 277 211 149 215 143 136 500 333
186 367 131 86 148 282 323 241 188 94 380 180 515 236 122 61 0 437 161 77 487 135 472 379 293 226 164 231 158 152 516 348
388 121 535 490 542 249 290 303 390 398 139 516 129 314 426 421 437 0 529 395 101 357 58 134 260 288 469 310 463 456 130 167
278 459 64 107 36 374 415 333 280 155 472 41 607 328 126 177 161 529 0 183 579 227 564 471 385 318 86 323 94 105 608 440
145 325 175 129 191 240 281 199 146 52 338 170 473 194 81 61 77 395 183 0 445 94 431 337 251 185 123 189 117 110 474 307
438 171 585 539 592 299 340 353 440 448 189 566 78 364 476 471 487 101 579 445 0 407 137 184 310 338 519 360 513 506 79 217
107 287 234 188 241 202 243 161 108 97 300 215 435 156 125 120 135 357 227 94 407 0 393 299 213 147 167 151 161 155 436 269
424 157 571 525 578 284 325 338 425 434 175 552 165 350 462 457 472 58 564 431 137 393 0 169 295 324 504 345 498 492 166 203
330 46 477 432 484 191 232 245 332 340 81 458 212 256 369 363 379 134 471 337 184 299 169 0 202 230 411 252 405 398 213 109
244 190 391 346 398 105 53 159 246 254 203 372 338 170 283 277 293 260 385 251 310 213 295 202 0 144 325 166 319 312 339 171
178 218 325 279 332 133 174 41 179 188 232 306 366 104 216 211 226 288 318 185 338 147 324 230 144 0 258 99 252 246 367 200
218 398 127 170 99 313 355 272 219 95 412 73 547 267 66 149 164 469 86 123 519 167 504 411 325 258 0 263 33 44 547 380
182 239 329 284 336 154 196 113 184 192 253 310 388 32 221 215 231 310 323 189 360 151 345 252 166 99 263 0 257 250 388 221
212 393 135 178 107 308 349 267 214 89 406 81 541 262 60 143 158 463 94 117 513 161 498 405 319 252 33 257 0 39 542 374
205 386 145 189 118 301 342 260 207 83 399 92 534 255 53 136 152 456 105 110 506 155 492 398 312 246 44 250 39 0 535 368
467 200 614 568 621 327 369 382 468 477 218 595 26 393 505 500 516 130 608 474 79 436 166 213 339 367 547 388 542 535 0 246
300 97 447 401 454 160 201 214 301 310 63 428 245 226 338 333 348 167 440 307 217 269 203 109 171 200 380 221 374 368 246 0
EOF