NAME : tsp_problem
TYPE : TSP
DIMENSION : 80
EDGE_WEIGHT_TYPE : EXPLICIT
EDGE_WEIGHT_FORMAT : FULL_MATRIX
EDGE_WEIGHT_SECTION
0 222 359 104 456 511 44 423 216 501 497 251 198 146 246 194 237 356 176 188 513 345 146 245 87 377 191 100 292 365 525 374 122 464 483 221 142 526 251 169 162 285 174 102 216 440 219 447 365 129 389 515 151 105 533 485 50 144 477 148 110 70 303 451 179 376 169 367 177 125 151 390 59 225 241 161 59 122 383 110
222 0 186 173 283 338 212 250 183 328 324 47 165 133 90 263 44 183 143 276 340 172 317 89 171 204 275 170 119 192 352 201 128 291 310 65 129 353 47 136 231 112 244 283 183 267 26 274 192 199 216 342 221 175 360 312 231 213 304 115 291 186 130 278 361 203 238 194 292 195 220 217 197 69 85 128 240 191 210 179
359 186 0 310 176 231 348 143 320 221 217 214 301 269 226 400 200 76 280 412 233 45 454 225 307 97 411 306 160 85 245 94 264 184 203 201 265 246 214 272 368 154 380 420 319 160 183 167 41 335 109 235 357 311 252 205 367 350 197 251 427 322 171 171 497 49 374 87 428 331 357 63 333 205 221 264 377 327 56 316
104 173 310 0 407 462 94 374 167 452 448 202 149 97 197 115 188 307 127 127 464 296 169 196 52 328 126 30 243 316 476 325 73 415 434 172 92 477 202 120 83 236 95 165 167 391 170 398 316 50 340 466 72 29 483 436 112 65 428 99 173 67 254 402 242 327 89 318 143 46 71 341 78 176 192 112 122 42 334 30
456 283 176 407 0 124 446 71 417 115 110 312 399 366 323 497 297 173 377 510 126 163 551 322 404 130 508 403 258 183 138 158 362 37 53 299 363 139 312 369 465 251 478 517 417 54 280 52 167 432 143 128 455 408 146 55 465 447 48 349 525 420 269 65 595 158 472 169 525 428 454 148 430 302 319 362 474 425 153 413
511 338 231 462 124 0 501 125 472 40 48 367 453 421 378 552 352 228 432 564 36 217 606 377 459 185 563 458 312 237 48 213 416 132 151 353 418 49 366 424 520 306 532 572 472 109 335 115 222 487 197 40 509 463 56 153 519 502 145 403 580 474 324 95 649 213 527 224 580 483 509 203 485 357 373 416 529 479 208 468
44 212 348 94 446 501 0 413 206 491 487 241 188 135 236 184 226 345 166 191 503 335 148 235 77 367 194 90 282 355 515 364 111 454 472 211 131 516 241 158 152 275 164 104 206 430 209 437 355 119 379 504 141 95 522 475 52 134 467 138 112 59 293 441 182 366 158 357 180 115 141 380 61 215 231 151 62 111 373 100
423 250 143 374 71 125 413 0 384 116 112 279 366 333 290 464 264 140 344 477 127 130 518 289 371 97 475 370 225 150 139 125 329 79 97 266 330 140 279 336 432 218 445 484 384 55 247 62 135 399 110 129 422 375 147 99 432 414 92 316 492 387 236 66 562 125 439 136 492 395 421 115 397 270 286 329 441 392 120 380
216 183 320 167 417 472 206 384 0 462 458 212 44 126 207 257 198 317 65 270 474 306 311 206 165 338 269 164 253 326 486 335 122 425 444 182 123 487 212 75 225 246 238 277 32 401 180 408 326 193 350 476 215 169 493 446 225 207 438 98 285 180 264 412 355 337 232 328 286 189 214 351 191 186 202 83 234 185 344 173
501 328 221 452 115 40 491 116 462 0 31 357 444 411 368 542 342 218 422 555 57 208 596 367 449 175 553 448 303 228 70 203 407 123 141 344 408 71 357 414 510 296 523 562 462 99 325 106 213 477 188 37 500 453 77 143 510 492 136 394 570 465 314 86 640 203 517 214 570 473 499 193 475 348 364 407 519 470 198 458
497 324 217 448 110 48 487 112 458 31 0 353 440 407 364 538 338 214 418 551 65 204 592 363 445 171 549 444 299 224 78 199 403 119 137 340 404 79 353 410 506 292 519 558 458 95 321 101 208 473 184 45 496 449 85 139 506 488 132 390 566 461 310 82 636 199 513 210 566 469 495 189 471 343 360 403 515 466 194 454
251 47 214 202 312 367 241 279 212 357 353 0 193 161 118 292 41 211 172 305 368 201 346 117 199 232 303 198 148 221 381 230 157 320 338 93 158 382 31 164 260 141 272 312 212 296 52 303 221 227 245 370 249 203 388 340 260 242 333 144 320 215 159 307 389 232 267 223 320 223 249 246 225 97 113 157 269 220 239 208
198 165 301 149 399 453 188 366 44 444 440 193 0 108 188 239 179 298 46 251 455 288 293 187 146 319 250 145 234 308 468 317 103 407 425 164 105 468 193 56 207 228 219 259 45 383 162 390 307 174 332 457 196 150 475 427 206 189 420 80 267 161 246 394 336 319 214 309 267 170 196 333 172 168 184 65 216 166 325 155
146 133 269 97 366 421 135 333 126 411 407 161 108 0 156 187 147 266 86 199 423 255 241 155 94 287 198 93 202 275 435 284 51 374 393 131 52 436 161 79 155 195 167 206 126 350 129 357 275 122 299 425 144 98 443 395 154 137 387 58 214 109 213 361 284 286 161 277 215 118 144 300 120 135 151 71 164 114 293 103
246 90 226 197 323 378 236 290 207 368 364 118 188 156 0 287 104 223 167 299 380 212 341 35 194 244 298 193 159 232 392 242 151 332 350 49 153 393 118 159 255 152 267 307 207 307 86 314 232 222 256 382 244 198 400 352 254 237 344 139 315 210 170 318 384 243 262 234 315 218 244 257 220 46 32 151 264 215 250 203
194 263 400 115 497 552 184 464 257 542 538 292 239 187 287 0 278 397 217 41 554 386 82 286 142 418 39 120 333 406 566 415 162 505 524 262 182 567 292 210 64 326 45 135 257 481 260 488 406 89 430 556 71 113 573 526 187 74 518 189 129 157 344 492 325 417 53 408 56 91 68 431 168 266 282 202 179 97 424 108
237 44 200 188 297 352 226 264 198 342 338 41 179 147 104 278 0 197 158 290 354 187 332 103 185 218 289 184 133 207 366 216 142 306 324 79 143 367 41 150 246 127 258 297 197 282 40 288 206 213 230 356 235 189 374 326 245 228 319 129 305 200 144 292 375 217 252 208 306 209 234 232 211 83 99 142 255 205 224 193
356 183 76 307 173 228 345 140 317 218 214 211 298 266 223 397 197 0 276 409 230 62 451 222 304 91 408 303 157 44 242 53 261 181 200 198 262 243 211 269 365 151 377 416 316 157 180 164 82 332 68 231 354 308 249 202 364 347 194 248 424 319 168 168 494 93 371 46 425 328 353 107 330 202 218 261 374 324 100 312
176 143 280 127 377 432 166 344 65 422 418 172 46 86 167 217 158 276 0 230 434 266 271 166 124 298 228 123 213 286 446 295 82 385 404 142 83 447 172 38 185 206 198 237 65 361 140 368 286 152 310 435 175 129 453 406 185 167 398 58 245 140 224 372 315 297 192 288 245 148 174 311 150 146 162 43 194 145 304 133
188 276 412 127 510 564 191 477 270 555 551 305 251 199 299 41 290 409 230 0 566 399 66 298 155 430 27 132 345 419 579 428 175 518 536 275 195 580 304 222 76 339 58 118 270 494 273 501 419 102 443 568 84 125 586 538 170 87 531 202 112 170 357 505 308 430 66 420 40 104 81 444 181 279 295 214 162 109 436 121
513 340 233 464 126 36 503 127 474 57 65 368 455 423 380 554 354 230 434 566 0 219 608 379 461 187 565 460 314 239 37 214 418 134 153 355 419 38 368 426 522 308 534 574 473 111 337 117 224 489 199 57 511 465 45 155 521 504 147 405 582 476 326 97 651 215 529 226 582 485 511 205 487 359 375 418 531 481 210 470
345 172 45 296 163 217 335 130 306 208 204 201 288 255 212 386 187 62 266 399 219 0 440 211 293 83 397 292 147 72 232 81 251 171 189 188 252 232 201 258 354 140 367 406 306 147 169 154 51 321 96 221 344 297 239 191 354 336 184 238 414 309 158 158 484 62 361 73 414 317 343 76 319 192 208 251 363 314 69 302
146 317 454 169 551 606 148 518 311 596 592 346 293 241 341 82 332 451 271 66 608 440 0 340 191 472 68 174 387 460 620 469 217 559 578 316 236 621 346 264 118 380 99 75 311 535 314 542 460 143 484 610 125 167 627 580 127 128 572 243 69 174 398 546 265 471 107 462 55 145 122 485 163 320 336 256 119 151 478 162
245 89 225 196 322 377 235 289 206 367 363 117 187 155 35 286 103 222 166 298 379 211 340 0 193 243 297 192 158 231 391 240 150 330 349 48 152 392 117 158 254 151 266 306 206 306 85 313 231 221 255 381 243 197 399 351 253 236 343 138 314 208 169 317 383 242 261 233 314 217 243 256 219 45 31 150 263 214 249 202
87 171 307 52 404 459 77 371 165 449 445 199 146 94 194 142 185 304 124 155 461 293 191 193 0 325 153 48 240 313 473 323 70 413 431 169 90 474 199 117 110 234 123 148 164 389 168 395 313 78 337 463 100 54 481 433 95 92 426 96 156 50 251 399 225 324 117 315 170 73 99 338 61 173 189 109 105 70 331 58
377 204 97 328 130 185 367 97 338 175 171 232 319 287 244 418 218 91 298 430 187 83 472 243 325 0 429 324 178 87 199 61 282 139 157 219 283 200 232 290 386 172 398 438 337 115 201 121 88 353 46 189 375 329 207 159 385 368 152 269 446 340 190 125 515 79 393 72 446 349 375 69 351 223 239 282 395 345 74 334
191 275 411 126 508 563 194 475 269 553 549 303 250 198 298 39 289 408 228 27 565 397 68 297 153 429 0 131 344 417 577 427 174 517 535 273 194 578 303 221 75 338 56 121 268 493 271 499 417 100 441 567 82 124 585 537 173 86 530 200 115 169 355 503 311 428 64 419 43 102 79 442 179 277 293 213 165 108 435 119
100 170 306 30 403 458 90 370 164 448 444 198 145 93 193 120 184 303 123 132 460 292 174 192 48 324 131 0 239 312 472 322 69 412 430 168 89 473 198 116 88 233 100 161 163 388 166 394 312 55 336 462 77 32 480 432 109 70 425 95 169 64 250 398 239 323 95 314 148 51 77 337 74 172 188 108 118 47 330 36
292 119 160 243 258 312 282 225 253 303 299 148 234 202 159 333 133 157 213 345 314 147 387 158 240 178 344 239 0 167 327 176 197 266 284 134 199 327 147 205 301 87 313 353 253 242 116 249 166 268 191 316 290 244 334 286 300 283 279 185 361 255 105 253 430 178 308 168 361 264 290 192 266 138 154 197 310 261 184 249
365 192 85 316 183 237 355 150 326 228 224 221 308 275 232 406 207 44 286 419 239 72 460 231 313 87 417 312 167 0 252 49 271 191 209 208 272 252 221 278 374 160 387 426 326 167 189 174 91 341 64 241 364 318 259 211 374 356 204 258 434 329 178 178 504 103 381 41 434 337 363 117 339 212 228 271 383 334 109 322
525 352 245 476 138 48 515 139 486 70 78 381 468 435 392 566 366 242 446 579 37 232 620 391 473 199 577 472 327 252 0 227 431 147 165 368 432 26 381 438 534 320 547 586 486 123 349 129 236 501 212 70 524 477 32 167 534 516 160 418 594 489 338 109 664 227 541 238 594 497 523 217 499 371 388 431 543 494 222 482
374 201 94 325 158 213 364 125 335 203 199 230 317 284 242 415 216 53 295 428 214 81 469 240 323 61 427 322 176 49 227 0 280 166 184 217 281 228 230 288 383 169 396 435 335 142 198 149 101 351 39 216 373 327 234 187 383 365 179 267 443 338 187 153 513 106 390 34 444 347 372 97 349 221 237 280 392 343 101 331
122 128 264 73 362 416 111 329 122 407 403 157 103 51 151 162 142 261 82 175 418 251 217 150 70 282 174 69 197 271 431 280 0 370 388 127 47 432 156 74 131 191 143 182 122 346 125 353 270 98 295 420 120 74 438 390 130 112 383 54 190 85 209 357 260 282 137 272 191 94 119 296 96 131 147 66 140 90 288 78
464 291 184 415 37 132 454 79 425 123 119 320 407 374 332 505 306 181 385 518 134 171 559 330 413 139 517 412 266 191 147 166 370 0 44 307 371 148 320 378 473 259 486 525 425 62 288 42 176 441 151 136 463 417 154 46 473 455 38 357 533 428 277 73 603 166 480 177 534 437 462 157 439 311 327 370 482 433 161 421
483 310 203 434 53 151 472 97 444 141 137 338 425 393 350 524 324 200 404 536 153 189 578 349 431 157 535 430 284 209 165 184 388 44 0 325 389 166 338 396 492 278 504 543 443 81 307 58 194 459 169 154 481 435 172 34 491 474 33 375 551 446 295 91 621 185 498 196 552 455 480 175 457 329 345 388 501 451 179 439
221 65 201 172 299 353 211 266 182 344 340 93 164 131 49 262 79 198 142 275 355 188 316 48 169 219 273 168 134 208 368 217 127 307 325 0 128 368 93 135 230 128 243 282 182 283 62 290 207 197 232 357 220 174 375 327 230 212 320 114 290 185 146 294 360 219 237 209 290 193 219 233 195 44 44 127 239 190 225 178
142 129 265 92 363 418 131 330 123 408 404 158 105 52 153 182 143 262 83 195 419 252 236 152 90 283 194 89 199 272 432 281 47 371 389 128 0 433 158 75 150 192 163 202 123 347 126 354 272 118 296 421 140 94 439 392 150 132 384 55 210 105 210 358 280 283 157 274 211 114 139 297 116 132 148 68 159 110 290 98
526 353 246 477 139 49 516 140 487 71 79 382 468 436 393 567 367 243 447 580 38 232 621 392 474 200 578 473 327 252 26 228 432 148 166 368 433 0 381 439 535 321 547 587 487 124 350 130 237 502 213 71 524 478 33 168 535 517 160 419 595 490 339 110 664 228 542 239 595 498 524 218 500 372 388 432 544 495 223 483
251 47 214 202 312 366 241 279 212 357 353 31 193 161 118 292 41 211 172 304 368 201 346 117 199 232 303 198 147 221 381 230 156 320 338 93 158 381 0 164 260 141 272 312 212 296 52 303 220 227 245 370 249 203 388 340 259 242 333 143 320 214 159 307 389 232 267 222 320 223 249 246 225 97 113 156 269 219 238 208
169 136 272 120 369 424 158 336 75 414 410 164 56 79 159 210 150 269 38 222 426 258 264 158 117 290 221 116 205 278 438 288 74 378 396 135 75 439 164 0 178 199 190 229 74 354 133 360 278 145 302 428 167 121 446 398 177 160 391 51 237 132 216 364 307 289 184 280 238 141 166 303 143 138 154 36 187 137 296 125
162 231 368 83 465 520 152 432 225 510 506 260 207 155 255 64 246 365 185 76 522 354 118 254 110 386 75 88 301 374 534 383 131 473 492 230 150 535 260 178 0 294 44 170 225 449 228 456 374 57 398 524 39 81 541 494 171 42 486 157 164 126 312 460 300 385 39 376 92 59 36 399 136 234 250 170 180 65 392 76
285 112 154 236 251 306 275 218 246 296 292 141 228 195 152 326 127 151 206 339 308 140 380 151 234 172 338 233 87 160 320 169 191 259 278 128 192 321 141 199 294 0 307 346 246 235 109 242 160 262 184 310 284 238 327 280 294 276 272 178 354 249 91 246 424 171 301 162 355 258 283 185 260 132 148 191 303 254 178 242
174 244 380 95 478 532 164 445 238 523 519 272 219 167 267 45 258 377 198 58 534 367 99 266 123 398 56 100 313 387 547 396 143 486 504 243 163 547 272 190 44 307 0 152 238 462 241 469 386 69 411 536 51 93 554 506 183 55 499 169 146 138 325 473 313 398 33 388 73 72 49 412 149 247 263 182 192 77 404 88
102 283 420 165 517 572 104 484 277 562 558 312 259 206 307 135 297 416 237 118 574 406 75 306 148 438 121 161 353 426 586 435 182 525 543 282 202 587 312 229 170 346 152 0 277 501 280 508 426 190 450 575 178 166 593 546 83 181 538 209 47 130 364 512 222 437 160 428 107 186 175 451 120 286 302 222 76 182 444 171
216 183 319 167 417 472 206 384 32 462 458 212 45 126 207 257 197 316 65 270 473 306 311 206 164 337 268 163 253 326 486 335 122 425 443 182 123 487 212 74 225 246 238 277 0 401 180 408 326 192 350 475 214 168 493 446 225 207 438 98 285 180 264 412 355 337 232 328 285 188 214 351 190 186 202 83 234 185 344 173
440 267 160 391 54 109 430 55 401 99 95 296 383 350 307 481 282 157 361 494 111 147 535 306 389 115 493 388 242 167 123 142 346 62 81 283 347 124 296 354 449 235 462 501 401 0 264 45 152 417 127 113 439 393 131 83 449 431 75 333 509 404 253 49 579 142 456 153 510 413 438 133 415 287 303 346 458 409 137 397
219 26 183 170 280 335 209 247 180 325 321 52 162 129 86 260 40 180 140 273 337 169 314 85 168 201 271 166 116 189 349 198 125 288 307 62 126 350 52 133 228 109 241 280 180 264 0 271 189 196 213 338 218 172 356 309 228 210 301 112 288 183 127 275 358 200 235 191 288 191 217 214 193 66 82 125 237 188 207 176
447 274 167 398 52 115 437 62 408 106 101 303 390 357 314 488 288 164 368 501 117 154 542 313 395 121 499 394 249 174 129 149 353 42 58 290 354 130 303 360 456 242 469 508 408 45 271 0 158 423 134 119 446 399 137 60 456 438 53 340 516 411 260 55 586 149 463 160 516 419 445 139 421 293 310 353 465 416 144 404
365 192 41 316 167 222 355 135 326 213 208 221 307 275 232 406 206 82 286 419 224 51 460 231 313 88 417 312 166 91 236 101 270 176 194 207 272 237 220 278 374 160 386 426 326 152 189 158 0 341 101 226 363 317 244 196 374 356 189 258 434 329 178 162 503 39 381 93 434 337 363 54 339 211 227 271 383 334 46 322
129 199 335 50 432 487 119 399 193 477 473 227 174 122 222 89 213 332 152 102 489 321 143 221 78 353 100 55 268 341 501 351 98 441 459 197 118 502 227 145 57 262 69 190 192 417 196 423 341 0 365 491 46 48 509 461 138 39 454 124 190 93 279 427 268 352 64 343 117 27 46 366 103 201 217 137 147 32 359 43
389 216 109 340 143 197 379 110 350 188 184 245 332 299 256 430 230 68 310 443 199 96 484 255 337 46 441 336 191 64 212 39 295 151 169 232 296 213 245 302 398 184 411 450 350 127 213 134 101 365 0 201 388 341 219 171 398 380 164 282 458 353 202 138 528 91 405 50 458 361 387 81 363 236 252 295 407 358 86 346
515 342 235 466 128 40 504 129 476 37 45 370 457 425 382 556 356 231 435 568 57 221 610 381 463 189 567 462 316 241 70 216 420 136 154 357 421 71 370 428 524 310 536 575 475 113 338 119 226 491 201 0 513 467 77 157 523 506 149 407 583 478 327 99 653 216 530 228 584 487 512 207 489 361 377 420 533 483 211 471
151 221 357 72 455 509 141 422 215 500 496 249 196 144 244 71 235 354 175 84 511 344 125 243 100 375 82 77 290 364 524 373 120 463 481 220 140 524 249 167 39 284 51 178 214 439 218 446 363 46 388 513 0 70 531 483 160 32 476 146 171 115 302 450 290 374 46 365 99 49 29 389 126 224 240 159 169 54 381 65
105 175 311 29 408 463 95 375 169 453 449 203 150 98 198 113 189 308 129 125 465 297 167 197 54 329 124 32 244 318 477 327 74 417 435 174 94 478 203 121 81 238 93 166 168 393 172 399 317 48 341 467 70 0 485 437 114 63 430 100 174 69 255 403 244 328 88 319 141 44 70 342 79 177 193 113 123 41 335 29
533 360 252 483 146 56 522 147 493 77 85 388 475 443 400 573 374 249 453 586 45 239 627 399 481 207 585 480 334 259 32 234 438 154 172 375 439 33 388 446 541 327 554 593 493 131 356 137 244 509 219 77 531 485 0 175 541 523 167 425 601 496 345 117 671 234 548 246 602 505 530 225 507 379 395 438 550 501 229 489
485 312 205 436 55 153 475 99 446 143 139 340 427 395 352 526 326 202 406 538 155 191 580 351 433 159 537 432 286 211 167 187 390 46 34 327 392 168 340 398 494 280 506 546 446 83 309 60 196 461 171 157 483 437 175 0 493 476 35 377 554 448 298 93 623 187 501 198 554 457 483 177 459 331 347 390 503 453 182 442
50 231 367 112 465 519 52 432 225 510 506 260 206 154 254 187 245 364 185 170 521 354 127 253 95 385 173 109 300 374 534 383 130 473 491 230 150 535 259 177 171 294 183 83 225 449 228 456 374 138 398 523 160 114 541 493 0 152 486 157 91 78 312 460 169 385 177 375 159 134 159 399 67 234 250 169 41 130 392 118
144 213 350 65 447 502 134 414 207 492 488 242 189 137 237 74 228 347 167 87 504 336 128 236 92 368 86 70 283 356 516 365 112 455 474 212 132 517 242 160 42 276 55 181 207 431 210 438 356 39 380 506 32 63 523 476 152 0 468 139 175 107 294 442 282 367 49 358 103 41 31 381 118 216 232 152 162 47 374 58
477 304 197 428 48 145 467 92 438 136 132 333 420 387 344 518 319 194 398 531 147 184 572 343 426 152 530 425 279 204 160 179 383 38 33 320 384 160 333 391 486 272 499 538 438 75 301 53 189 454 164 149 476 430 167 35 486 468 0 370 546 441 290 86 616 179 493 190 546 449 475 170 452 324 340 383 495 446 174 434
148 115 251 99 349 403 138 316 98 394 390 144 80 58 139 189 129 248 58 202 405 238 243 138 96 269 200 95 185 258 418 267 54 357 375 114 55 419 143 51 157 178 169 209 98 333 112 340 258 124 282 407 146 100 425 377 157 139 370 0 217 112 196 344 286 269 164 260 217 120 146 283 122 118 134 46 166 117 276 105
110 291 427 173 525 580 112 492 285 570 566 320 267 214 315 129 305 424 245 112 582 414 69 314 156 446 115 169 361 434 594 443 190 533 551 290 210 595 320 237 164 354 146 47 285 509 288 516 434 190 458 583 171 174 601 554 91 175 546 217 0 138 372 520 230 445 154 436 101 192 169 459 128 294 310 230 84 190 452 179
70 186 322 67 420 474 59 387 180 465 461 215 161 109 210 157 200 319 140 170 476 309 174 208 50 340 169 64 255 329 489 338 85 428 446 185 105 490 214 132 126 249 138 130 180 404 183 411 329 93 353 478 115 69 496 448 78 107 441 112 138 0 267 415 208 340 132 330 186 89 114 354 44 189 205 125 87 85 347 73
303 130 171 254 269 324 293 236 264 314 310 159 246 213 170 344 144 168 224 357 326 158 398 169 251 190 355 250 105 178 338 187 209 277 295 146 210 339 159 216 312 91 325 364 264 253 127 260 178 279 202 327 302 255 345 298 312 294 290 196 372 267 0 264 442 189 319 180 372 275 301 203 277 149 166 209 321 272 196 260
451 278 171 402 65 95 441 66 412 86 82 307 394 361 318 492 292 168 372 505 97 158 546 317 399 125 503 398 253 178 109 153 357 73 91 294 358 110 307 364 460 246 473 512 412 49 275 55 162 427 138 99 450 403 117 93 460 442 86 344 520 415 264 0 590 153 467 164 520 423 449 143 425 297 314 357 469 420 148 408
344 526 662 407 760 814 347 727 520 805 800 554 501 449 549 490 540 659 480 473 816 649 430 548 390 680 476 404 595 669 828 678 425 768 786 525 445 829 554 472 465 589 478 387 519 744 523 750 668 433 693 818 455 409 836 788 334 447 781 451 394 373 607 755 0 679 472 670 462 429 454 694 362 528 545 464 344 425 686 413
376 203 49 327 158 213 366 125 337 203 199 232 319 286 243 417 217 93 297 430 215 62 471 242 324 79 428 323 178 103 227 106 282 166 185 219 283 228 232 289 385 171 398 437 337 142 200 149 39 352 91 216 374 328 234 187 385 367 179 269 445 340 189 153 514 0 392 104 445 348 374 44 350 222 238 282 394 345 41 333
169 238 374 89 472 527 158 439 232 517 513 267 214 161 262 53 252 371 192 66 529 361 107 261 117 393 64 95 308 381 541 390 137 480 498 237 157 542 267 184 39 301 33 160 232 456 235 463 381 64 405 530 46 88 548 501 177 49 493 164 154 132 319 467 307 392 0 383 81 66 43 406 143 241 257 177 187 71 399 83
367 194 87 318 169 224 357 136 328 214 210 223 309 277 234 408 208 46 288 420 226 73 462 233 315 72 419 314 168 41 238 34 272 177 196 209 274 239 222 280 376 162 388 428 328 153 191 160 93 343 50 228 365 319 246 198 375 358 190 260 436 330 180 164 505 104 383 0 436 339 365 108 341 213 229 272 385 336 111 324
177 292 428 143 525 580 180 492 286 570 566 320 267 215 315 56 306 425 245 40 582 414 55 314 170 446 43 148 361 434 594 444 191 534 552 290 211 595 320 238 92 355 73 107 285 510 288 516 434 117 458 584 99 141 602 554 159 103 546 217 101 186 372 520 297 445 81 436 0 119 96 459 195 294 310 230 151 125 452 136
125 195 331 46 428 483 115 395 189 473 469 223 170 118 218 91 209 328 148 104 485 317 145 217 73 349 102 51 264 337 497 347 94 437 455 193 114 498 223 141 59 258 72 186 188 413 191 419 337 27 361 487 49 44 505 457 134 41 449 120 192 89 275 423 264 348 66 339 119 0 48 362 99 197 213 133 143 28 355 39
151 220 357 71 454 509 141 421 214 499 495 249 196 144 244 68 234 353 174 81 511 343 122 243 99 375 79 77 290 363 523 372 119 462 480 219 139 524 249 166 36 283 49 175 214 438 217 445 363 46 387 512 29 70 530 483 159 31 475 146 169 114 301 449 289 374 43 365 96 48 0 388 125 223 239 159 169 53 381 65
390 217 63 341 148 203 380 115 351 193 189 246 333 300 257 431 232 107 311 444 205 76 485 256 338 69 442 337 192 117 217 97 296 157 175 233 297 218 246 303 399 185 412 451 351 133 214 139 54 366 81 207 389 342 225 177 399 381 170 283 459 354 203 143 529 44 406 108 459 362 388 0 364 237 253 296 408 359 39 347
59 197 333 78 430 485 61 397 191 475 471 225 172 120 220 168 211 330 150 181 487 319 163 219 61 351 179 74 266 339 499 349 96 439 457 195 116 500 225 143 136 260 149 120 190 415 193 421 339 103 363 489 126 79 507 459 67 118 452 122 128 44 277 425 197 350 143 341 195 99 125 364 0 199 215 135 77 96 357 84
225 69 205 176 302 357 215 270 186 348 343 97 168 135 46 266 83 202 146 279 359 192 320 45 173 223 277 172 138 212 371 221 131 311 329 44 132 372 97 138 234 132 247 286 186 287 66 293 211 201 236 361 224 177 379 331 234 216 324 118 294 189 149 297 364 222 241 213 294 197 223 237 199 0 42 131 243 194 229 182
241 85 221 192 319 373 231 286 202 364 360 113 184 151 32 282 99 218 162 295 375 208 336 31 189 239 293 188 154 228 388 237 147 327 345 44 148 388 113 154 250 148 263 302 202 303 82 310 227 217 252 377 240 193 395 347 250 232 340 134 310 205 166 314 380 238 257 229 310 213 239 253 215 42 0 147 259 210 245 198
161 128 264 112 362 416 151 329 83 407 403 157 65 71 151 202 142 261 43 214 418 251 256 150 109 282 213 108 197 271 431 280 66 370 388 127 68 432 156 36 170 191 182 222 83 346 125 353 271 137 295 420 159 113 438 390 169 152 383 46 230 125 209 357 299 282 177 272 230 133 159 296 135 131 147 0 179 130 288 118
59 240 377 122 474 529 62 441 234 519 515 269 216 164 264 179 255 374 194 162 531 363 119 263 105 395 165 118 310 383 543 392 140 482 501 239 159 544 269 187 180 303 192 76 234 458 237 465 383 147 407 533 169 123 550 503 41 162 495 166 84 87 321 469 179 394 187 385 151 143 169 408 77 243 259 179 0 140 401 128
122 191 327 42 425 479 111 392 185 470 466 220 166 114 215 97 205 324 145 109 481 314 151 214 70 345 108 47 261 334 494 343 90 433 451 190 110 495 219 137 65 254 77 182 185 409 188 416 334 32 358 483 54 41 501 453 130 47 446 117 190 85 272 420 260 345 71 336 125 28 53 359 96 194 210 130 140 0 352 36
383 210 56 334 153 208 373 120 344 198 194 239 325 293 250 424 224 100 304 436 210 69 478 249 331 74 435 330 184 109 222 101 288 161 179 225 290 223 238 296 392 178 404 444 344 137 207 144 46 359 86 211 381 335 229 182 392 374 174 276 452 347 196 148 521 41 399 111 452 355 381 39 357 229 245 288 401 352 0 340
110 179 316 30 413 468 100 380 173 458 454 208 155 103 203 108 193 312 133 121 470 302 162 202 58 334 119 36 249 322 482 331 78 421 439 178 98 483 208 125 76 242 88 171 173 397 176 404 322 43 346 471 65 29 489 442 118 58 434 105 179 73 260 408 248 333 83 324 136 39 65 347 84 182 198 118 128 36 340 0
EOF