NAME : tsp_problem
TYPE : TSP
DIMENSION : 86
EDGE_WEIGHT_TYPE : EXPLICIT
EDGE_WEIGHT_FORMAT : FULL_MATRIX
EDGE_WEIGHT_SECTION
0 126 293 133 215 366 198 71 293 86 361 393 144 227 98 109 316 188 202 395 144 155 125 275 230 255 120 114 411 131 234 164 221 284 79 127 118 129 183 300 94 407 299 103 333 435 269 357 275 154 155 374 51 350 239 443 63 286 135 195 377 421 147 93 277 214 151 153 436 129 213 206 425 161 287 161 243 180 187 199 266 146 108 58 167 135
126 0 344 183 286 417 269 83 344 65 412 444 214 298 169 180 367 259 253 446 215 206 196 326 281 306 191 185 462 182 304 234 272 355 75 32 189 34 233 351 165 458 350 173 384 486 320 408 326 205 225 425 122 401 290 493 114 337 186 246 427 472 198 164 328 285 202 203 487 180 264 277 476 232 338 212 294 251 257 270 317 216 44 98 238 206
293 344 0 210 452 153 435 288 32 304 148 179 381 465 335 347 103 425 184 182 381 249 362 46 213 69 357 352 198 225 471 401 104 521 296 345 355 347 165 39 331 194 86 340 120 222 56 144 109 231 392 161 288 137 84 229 257 41 229 178 163 208 224 330 111 452 245 247 223 207 196 444 211 399 74 239 226 417 424 436 100 383 325 276 404 373
133 183 210 0 292 283 275 128 210 143 278 310 220 304 175 186 233 265 119 312 221 89 202 192 147 172 197 191 328 65 310 240 138 361 136 184 195 186 99 217 171 324 216 179 250 352 186 274 192 50 231 291 128 267 156 360 97 203 69 112 294 338 44 170 194 291 85 86 353 26 130 283 342 238 204 47 160 257 263 276 183 222 165 115 244 212
215 286 452 292 0 525 43 230 452 245 520 552 96 41 141 186 475 126 361 554 99 314 113 434 389 414 195 125 570 290 82 151 380 297 238 287 119 288 342 459 170 566 458 136 492 594 428 516 434 313 92 534 191 510 398 602 222 445 294 355 536 580 306 148 436 101 310 312 595 288 372 107 584 81 446 320 402 132 56 40 425 177 267 217 73 180
366 417 153 283 525 0 508 362 149 377 65 53 454 538 408 420 84 499 258 55 455 322 436 167 286 163 430 425 115 299 544 474 177 595 369 418 428 420 238 148 404 110 143 413 71 138 176 52 183 304 465 37 362 54 157 146 330 158 302 251 80 124 297 403 169 525 319 320 139 280 269 517 128 472 130 312 299 490 497 510 173 456 399 349 478 446
198 269 435 275 43 508 0 213 435 228 503 535 79 55 124 169 458 140 344 537 82 297 96 417 372 397 179 108 553 273 96 165 363 311 221 270 102 271 325 442 153 549 441 119 475 577 411 499 417 296 75 517 174 493 381 585 205 428 277 338 519 563 289 131 419 115 293 295 578 271 355 121 567 64 429 303 385 146 39 27 408 191 250 200 56 194
71 83 288 128 230 362 213 0 289 43 357 388 159 243 113 125 311 203 197 390 159 150 140 271 226 251 135 130 407 127 249 179 216 299 36 84 133 86 178 296 109 403 295 118 329 431 264 353 271 149 170 370 66 346 234 438 59 282 131 191 372 416 142 108 272 230 147 148 432 125 209 222 420 177 282 157 239 195 202 214 261 161 65 46 182 151
293 344 32 210 452 149 435 289 0 304 144 175 381 465 336 347 98 426 185 178 382 249 363 47 213 70 357 352 194 226 471 401 104 522 297 345 355 347 165 35 331 190 82 340 116 218 56 140 110 231 392 157 289 133 84 225 257 37 230 178 159 204 225 330 108 452 246 247 219 207 196 444 207 399 69 239 226 418 424 437 100 383 326 276 405 373
86 65 304 143 245 377 228 43 304 0 372 404 174 258 129 140 327 219 213 406 175 166 156 286 241 266 150 145 422 142 264 194 231 315 38 66 148 68 193 311 124 418 310 133 344 446 280 368 286 164 185 385 82 361 250 453 74 297 146 206 387 432 158 123 288 245 162 163 447 140 224 237 435 192 298 172 254 211 217 230 276 176 46 58 198 166
361 412 148 278 520 65 503 357 144 372 0 91 449 533 403 415 79 494 253 93 450 317 431 162 281 158 425 420 86 294 539 469 172 590 364 413 423 415 233 143 399 82 138 408 66 109 171 55 178 299 460 73 357 49 152 117 325 153 297 246 52 95 292 398 164 520 314 315 110 275 264 512 99 467 125 307 294 485 492 505 168 451 394 344 473 441
393 444 179 310 552 53 535 388 175 404 91 0 480 564 435 446 111 525 284 34 481 349 462 194 312 189 457 451 141 325 571 501 203 621 396 445 455 447 265 175 431 137 169 439 97 165 203 58 209 331 492 44 388 81 183 172 357 185 329 278 106 151 324 430 196 551 345 346 166 307 295 543 154 498 157 338 325 517 524 536 200 483 425 375 504 472
144 214 381 220 96 454 79 159 381 174 449 480 0 109 70 114 404 193 290 483 29 243 42 363 318 343 125 53 499 219 150 169 308 289 166 215 48 217 270 388 99 495 387 65 421 523 357 445 363 241 36 462 119 438 327 530 151 374 223 283 464 509 234 77 365 169 239 240 524 217 301 175 512 43 375 249 331 185 68 81 353 151 196 146 49 141
227 298 465 304 41 538 55 243 465 258 533 564 109 0 154 187 487 107 374 567 112 327 126 447 402 427 177 137 583 303 64 133 392 279 250 299 132 301 354 472 183 579 471 149 505 607 440 529 447 325 105 546 203 522 411 614 235 458 307 367 548 593 318 161 449 83 323 324 608 301 385 89 596 94 459 333 415 114 69 52 437 159 280 230 86 161
98 169 335 175 141 408 124 113 336 129 403 435 70 154 0 69 358 148 244 437 70 197 51 317 272 297 79 41 453 174 193 123 263 244 121 170 44 172 225 342 54 449 341 29 375 477 311 399 318 196 81 417 74 393 281 485 106 328 177 238 419 463 189 32 319 174 193 195 478 172 255 166 467 88 329 203 285 140 113 125 308 105 150 100 93 95
109 180 347 186 186 420 169 125 347 140 415 446 114 187 69 0 369 112 255 448 115 208 96 329 284 309 44 85 465 185 157 87 274 208 132 181 89 183 236 354 50 461 353 73 387 489 322 411 329 207 126 428 85 404 292 496 117 340 189 249 430 474 200 64 330 138 205 206 490 183 267 130 478 132 340 215 297 104 157 170 319 70 161 112 138 59
316 367 103 233 475 84 458 311 98 327 79 111 404 487 358 369 0 448 207 113 404 272 385 117 236 112 380 374 129 248 494 424 127 544 319 368 378 370 188 98 354 125 92 363 51 153 126 75 132 254 415 93 311 68 106 161 280 108 252 201 95 139 247 353 119 475 268 269 154 230 219 467 143 421 80 261 249 440 447 459 123 406 348 298 427 396
188 259 425 265 126 499 140 203 426 219 494 525 193 107 148 112 448 0 334 527 194 287 175 407 363 388 101 164 544 264 77 57 353 203 211 260 168 262 315 433 129 539 432 152 466 567 401 490 408 286 189 507 164 483 371 575 196 418 268 328 509 553 279 143 409 58 284 285 568 262 346 50 557 178 419 293 376 43 153 137 398 83 240 190 170 86
202 253 184 119 361 258 344 197 185 213 253 284 290 374 244 255 207 334 0 286 290 158 271 166 122 147 266 261 303 134 380 310 112 430 205 254 264 256 42 192 240 299 191 249 225 327 160 249 167 140 301 266 197 242 130 334 166 178 138 87 268 312 133 239 168 361 154 156 327 116 105 353 316 308 178 148 135 326 333 345 157 292 234 185 313 282
395 446 182 312 554 55 537 390 178 406 93 34 483 567 437 448 113 527 286 0 483 351 464 196 315 191 459 453 143 327 573 503 206 623 398 447 457 449 267 177 433 139 171 442 99 167 205 60 211 333 494 46 390 83 186 175 359 187 331 280 109 153 326 432 198 554 347 349 168 309 298 546 157 501 159 340 328 519 526 538 202 485 427 377 506 475
144 215 381 221 99 455 82 159 382 175 450 481 29 112 70 115 404 194 290 483 0 243 43 363 319 344 126 54 500 220 153 169 309 290 167 216 49 218 271 389 100 496 388 65 422 524 357 446 364 242 39 463 120 439 327 531 152 374 224 284 465 509 235 77 365 171 240 241 524 218 302 178 513 46 375 249 332 186 71 84 354 151 196 146 51 141
155 206 249 89 314 322 297 150 249 166 317 349 243 327 197 208 272 287 158 351 243 0 224 231 186 211 219 214 367 48 333 263 177 383 158 207 217 209 139 256 193 363 255 202 289 391 225 313 231 110 254 330 150 306 195 399 119 242 45 151 333 377 103 192 233 314 31 33 392 85 169 306 381 261 243 117 199 279 286 298 222 245 187 138 266 235
125 196 362 202 113 436 96 140 363 156 431 462 42 126 51 96 385 175 271 464 43 224 0 344 300 325 107 35 481 201 167 150 290 271 148 197 30 199 252 370 81 476 369 46 403 504 338 426 345 223 53 444 101 420 308 512 133 355 204 265 446 490 216 58 346 186 221 222 505 199 283 192 494 60 356 230 313 167 85 98 335 132 177 127 66 122
275 326 46 192 434 167 417 271 47 286 162 194 363 447 317 329 117 407 166 196 363 231 344 0 195 51 339 334 213 207 453 383 86 503 278 327 337 329 147 54 313 208 101 322 135 236 41 158 91 213 374 176 270 152 66 244 239 39 211 160 178 222 206 312 93 434 227 229 237 189 178 426 226 381 88 221 208 399 406 419 82 365 307 258 386 355
230 281 213 147 389 286 372 226 213 241 281 312 318 402 272 284 236 363 122 315 319 186 300 195 0 175 294 289 331 163 408 338 140 459 233 282 292 284 102 220 268 327 219 277 253 355 188 277 195 168 329 294 226 270 159 362 194 206 166 73 296 341 161 267 197 389 183 184 356 144 56 381 344 336 207 176 35 354 361 374 185 320 263 213 342 310
255 306 69 172 414 163 397 251 70 266 158 189 343 427 297 309 112 388 147 191 344 211 325 51 175 0 319 314 208 188 433 363 66 484 258 307 317 309 127 76 293 204 96 302 130 232 45 154 72 193 354 171 251 147 46 239 219 62 192 140 173 217 187 292 73 414 208 209 232 169 158 406 221 361 83 201 188 379 386 399 62 345 288 238 367 335
120 191 357 197 195 430 179 135 357 150 425 457 125 177 79 44 380 101 266 459 126 219 107 339 294 319 0 96 475 195 147 77 285 197 143 192 99 193 247 364 61 471 363 84 397 499 333 421 339 218 136 439 96 415 303 507 127 350 199 260 441 485 211 74 341 128 215 217 500 193 277 120 489 143 351 225 307 93 168 181 330 59 172 122 149 61
114 185 352 191 125 425 108 130 352 145 420 451 53 137 41 85 374 164 261 453 54 214 35 334 289 314 96 0 470 190 178 140 279 260 137 186 28 188 241 359 70 466 358 36 392 494 327 416 334 212 65 433 90 409 298 501 122 345 194 254 435 479 205 47 336 190 210 211 495 188 272 182 483 71 345 220 302 156 97 109 324 122 166 117 77 111
411 462 198 328 570 115 553 407 194 422 86 141 499 583 453 465 129 544 303 143 500 367 481 213 331 208 475 470 0 344 589 519 222 640 414 463 473 465 283 193 449 31 188 458 116 70 221 106 228 349 510 123 407 99 202 77 375 203 348 296 70 40 342 448 214 570 364 365 71 325 314 562 37 517 175 357 344 535 542 555 218 501 444 394 523 491
131 182 225 65 290 299 273 127 226 142 294 325 219 303 174 185 248 264 134 327 220 48 201 207 163 188 195 190 344 0 309 239 153 360 135 183 193 185 115 233 169 340 232 178 266 368 201 290 208 86 230 307 127 283 171 375 95 219 44 128 309 353 79 168 209 290 44 45 368 62 146 282 357 237 219 93 176 256 262 275 198 221 164 114 243 211
234 304 471 310 82 544 96 249 471 264 539 571 150 64 193 157 494 77 380 573 153 333 167 453 408 433 147 178 589 309 0 103 399 249 257 305 173 307 360 478 175 585 477 190 511 613 447 535 453 331 145 552 209 528 417 620 241 464 313 373 554 599 325 188 455 53 329 330 614 307 391 59 602 135 465 339 421 84 110 93 444 129 286 236 127 131
164 234 401 240 151 474 165 179 401 194 469 501 169 133 123 87 424 57 310 503 169 263 150 383 338 363 77 140 519 239 103 0 329 179 187 235 143 237 290 408 105 515 407 128 441 543 377 465 383 262 180 482 140 458 347 550 171 394 243 303 485 529 255 118 385 84 259 260 544 237 321 76 533 187 395 269 351 49 179 162 374 59 216 166 192 62
221 272 104 138 380 177 363 216 104 231 172 203 308 392 263 274 127 353 112 206 309 177 290 86 140 66 285 279 222 153 399 329 0 449 224 273 283 274 93 111 259 218 110 267 144 246 80 168 86 159 320 185 216 161 50 253 185 97 157 106 187 232 152 258 88 379 173 174 247 135 123 371 235 326 98 166 153 345 352 364 76 311 253 203 332 300
449 520 686 526 462 760 476 464 687 480 755 786 454 444 409 373 709 368 595 788 455 548 436 668 624 649 362 425 805 525 414 344 614 0 472 521 429 523 576 694 390 800 693 413 727 828 662 750 669 547 465 768 425 744 632 836 457 679 528 589 770 814 540 404 670 394 545 546 829 523 607 387 818 472 680 554 637 360 490 473 659 344 501 451 478 347
79 75 296 136 238 369 221 36 297 38 364 396 166 250 121 132 319 211 205 398 167 158 148 278 233 258 143 137 414 135 257 187 224 307 0 76 141 77 186 303 117 410 302 125 336 438 272 360 278 157 178 378 74 354 242 446 67 289 138 199 380 424 150 116 280 237 154 156 439 133 216 229 428 184 290 164 246 203 210 222 269 169 56 51 190 158
127 32 345 184 287 418 270 84 345 66 413 445 215 299 170 181 368 260 254 447 216 207 197 327 282 307 192 186 463 183 305 235 273 356 76 0 190 35 234 352 166 459 351 174 385 487 321 409 327 206 226 426 123 402 291 494 115 338 187 247 428 473 199 165 329 286 203 204 488 181 265 278 477 233 339 213 295 252 258 271 318 217 45 99 239 207
118 189 355 195 119 428 102 133 355 148 423 455 48 132 44 89 378 168 264 457 49 217 30 337 292 317 99 28 473 193 173 143 283 264 141 190 0 191 245 362 73 469 361 39 395 497 331 419 337 216 59 437 94 413 301 505 125 348 197 258 439 483 209 51 339 192 213 215 498 191 275 186 487 66 349 223 305 159 91 104 328 125 170 120 72 115
129 34 347 186 288 420 271 86 347 68 415 447 217 301 172 183 370 262 256 449 218 209 199 329 284 309 193 188 465 185 307 237 274 358 77 35 191 0 236 354 168 461 353 176 387 489 323 411 329 207 228 428 125 404 293 496 117 340 189 249 430 475 201 166 331 288 205 206 490 183 267 280 478 235 341 215 297 254 260 273 320 219 47 101 241 209
183 233 165 99 342 238 325 178 165 193 233 265 270 354 225 236 188 315 42 267 271 139 252 147 102 127 247 241 283 115 360 290 93 411 186 234 245 236 0 172 221 279 171 229 205 307 141 229 147 121 281 246 178 222 111 315 147 158 119 67 249 293 114 220 149 341 135 136 308 96 85 333 297 288 159 128 115 307 313 326 138 272 215 165 294 262
300 351 39 217 459 148 442 296 35 311 143 175 388 472 342 354 98 433 192 177 389 256 370 54 220 76 364 359 193 233 478 408 111 529 303 352 362 354 172 0 338 189 81 347 115 217 63 139 117 238 399 157 296 133 91 225 264 44 237 185 159 203 232 337 108 459 253 254 218 214 203 451 207 406 69 246 233 424 431 444 107 390 333 283 412 380
94 165 331 171 170 404 153 109 331 124 399 431 99 183 54 50 354 129 240 433 100 193 81 313 268 293 61 70 449 169 175 105 259 225 117 166 73 168 221 338 0 445 337 58 371 473 307 395 313 192 110 413 70 389 277 481 102 324 173 234 415 459 185 48 315 156 189 191 474 168 251 148 463 117 325 199 281 121 142 155 304 87 146 96 123 77
407 458 194 324 566 110 549 403 190 418 82 137 495 579 449 461 125 539 299 139 496 363 476 208 327 204 471 466 31 340 585 515 218 636 410 459 469 461 279 189 445 0 184 454 112 78 217 101 224 345 506 119 403 95 198 85 371 199 343 292 66 48 338 444 210 566 360 361 79 321 310 558 45 513 171 353 340 531 538 551 214 497 440 390 519 487
299 350 86 216 458 143 441 295 82 310 138 169 387 471 341 353 92 432 191 171 388 255 369 101 219 96 363 358 188 232 477 407 110 528 302 351 361 353 171 81 337 184 0 346 110 212 109 134 64 237 398 151 295 127 90 219 263 91 236 184 153 197 230 336 50 458 252 253 213 213 202 450 201 405 46 245 232 423 430 443 68 389 332 282 411 379
103 173 340 179 136 413 119 118 340 133 408 439 65 149 29 73 363 152 249 442 65 202 46 322 277 302 84 36 458 178 190 128 267 248 125 174 39 176 229 347 58 454 346 0 380 482 316 404 322 200 76 421 78 397 286 489 110 333 182 242 423 468 193 36 324 179 198 199 483 176 260 171 471 83 334 208 290 144 108 121 312 110 155 105 88 100
333 384 120 250 492 71 475 329 116 344 66 97 421 505 375 387 51 466 225 99 422 289 403 135 253 130 397 392 116 266 511 441 144 562 336 385 395 387 205 115 371 112 110 380 0 139 143 62 150 271 432 79 329 55 124 147 297 125 270 218 81 125 264 370 136 492 286 287 140 247 236 484 129 439 97 279 266 457 464 477 140 423 366 316 445 413
435 486 222 352 594 138 577 431 218 446 109 165 523 607 477 489 153 567 327 167 524 391 504 236 355 232 499 494 70 368 613 543 246 664 438 487 497 489 307 217 473 78 212 482 139 0 245 129 252 373 534 147 431 123 226 32 399 227 371 320 94 48 366 472 238 594 388 389 26 349 338 586 70 541 199 381 368 559 566 579 242 525 468 418 547 515
269 320 56 186 428 176 411 264 56 280 171 203 357 440 311 322 126 401 160 205 357 225 338 41 188 45 333 327 221 201 447 377 80 497 272 321 331 323 141 63 307 217 109 316 143 245 0 167 85 207 368 184 264 160 59 252 233 49 205 154 186 231 200 306 87 427 221 222 246 183 171 420 235 374 97 214 201 393 400 412 76 359 301 251 380 348
357 408 144 274 516 52 499 353 140 368 55 58 445 529 399 411 75 490 249 60 446 313 426 158 277 154 421 416 106 290 535 465 168 586 360 409 419 411 229 139 395 101 134 404 62 129 167 0 174 295 456 42 353 45 148 137 321 149 293 242 71 115 288 394 160 516 310 311 130 271 260 508 119 463 121 303 290 481 488 501 164 447 390 340 469 437
275 326 109 192 434 183 417 271 110 286 178 209 363 447 318 329 132 408 167 211 364 231 345 91 195 72 339 334 228 208 453 383 86 504 278 327 337 329 147 117 313 224 64 322 150 252 85 174 0 213 374 191 271 167 66 259 239 103 212 160 193 237 207 312 41 434 228 229 252 189 178 426 241 381 87 221 208 400 406 419 44 365 308 258 387 355
154 205 231 50 313 304 296 149 231 164 299 331 241 325 196 207 254 286 140 333 242 110 223 213 168 193 218 212 349 86 331 262 159 382 157 206 216 207 121 238 192 345 237 200 271 373 207 295 213 0 253 313 149 289 177 381 118 224 90 134 315 359 49 191 215 312 106 107 374 47 151 304 363 259 225 39 181 278 285 297 204 244 186 136 265 233
155 225 392 231 92 465 75 170 392 185 460 492 36 105 81 126 415 189 301 494 39 254 53 374 329 354 136 65 510 230 145 180 320 300 178 226 59 228 281 399 110 506 398 76 432 534 368 456 374 253 0 473 131 449 338 541 162 385 234 294 476 520 246 88 376 164 250 251 535 228 312 170 524 39 386 260 342 195 64 76 365 162 207 157 44 152
374 425 161 291 534 37 517 370 157 385 73 44 462 546 417 428 93 507 266 46 463 330 444 176 294 171 439 433 123 307 552 482 185 603 378 426 437 428 246 157 413 119 151 421 79 147 184 42 191 313 473 0 370 62 165 154 339 166 311 259 88 132 306 412 177 533 327 328 148 288 277 525 136 480 139 320 307 499 505 518 181 464 407 357 486 454
51 122 288 128 191 362 174 66 289 82 357 388 119 203 74 85 311 164 197 390 120 150 101 270 226 251 96 90 407 127 209 140 216 260 74 123 94 125 178 296 70 403 295 78 329 431 264 353 271 149 131 370 0 346 234 438 59 282 131 191 372 416 142 69 272 190 147 148 432 125 209 182 420 137 282 157 239 156 162 175 261 122 103 54 143 111
350 401 137 267 510 54 493 346 133 361 49 81 438 522 393 404 68 483 242 83 439 306 420 152 270 147 415 409 99 283 528 458 161 579 354 402 413 404 222 133 389 95 127 397 55 123 160 45 167 289 449 62 346 0 141 131 315 142 287 235 65 109 282 388 153 509 303 304 124 264 253 501 113 456 115 296 283 475 481 494 157 440 383 333 462 430
239 290 84 156 398 157 381 234 84 250 152 183 327 411 281 292 106 371 130 186 327 195 308 66 159 46 303 298 202 171 417 347 50 467 242 291 301 293 111 91 277 198 90 286 124 226 59 148 66 177 338 165 234 141 0 233 203 77 175 124 167 212 170 276 68 398 191 193 227 153 142 390 215 345 78 185 172 363 370 382 56 329 271 222 350 319
443 493 229 360 602 146 585 438 225 453 117 172 530 614 485 496 161 575 334 175 531 399 512 244 362 239 507 501 77 375 620 550 253 671 446 494 505 496 315 225 481 85 219 489 147 32 252 137 259 381 541 154 438 131 233 0 407 234 379 327 102 56 374 480 246 601 395 396 33 356 345 593 77 548 207 388 375 567 573 586 249 533 475 425 554 522
63 114 257 97 222 330 205 59 257 74 325 357 151 235 106 117 280 196 166 359 152 119 133 239 194 219 127 122 375 95 241 171 185 292 67 115 125 117 147 264 102 371 263 110 297 399 233 321 239 118 162 339 59 315 203 407 0 250 99 160 341 385 111 100 241 222 115 117 400 93 177 214 389 169 251 125 207 188 194 207 230 153 96 46 175 143
286 337 41 203 445 158 428 282 37 297 153 185 374 458 328 340 108 418 178 187 374 242 355 39 206 62 350 345 203 219 464 394 97 514 289 338 348 340 158 44 324 199 91 333 125 227 49 149 103 224 385 166 282 142 77 234 250 0 222 171 168 213 217 323 104 445 238 240 228 200 189 437 216 392 79 232 219 410 417 430 93 376 319 269 398 366
135 186 229 69 294 302 277 131 230 146 297 329 223 307 177 189 252 268 138 331 224 45 204 211 166 192 199 194 348 44 313 243 157 364 138 187 197 189 119 237 173 343 236 182 270 371 205 293 212 90 234 311 131 287 175 379 99 222 0 132 313 357 83 172 213 294 42 43 372 66 149 286 361 241 223 97 179 259 266 279 202 225 168 118 247 215
195 246 178 112 355 251 338 191 178 206 246 278 283 367 238 249 201 328 87 280 284 151 265 160 73 140 260 254 296 128 373 303 106 424 199 247 258 249 67 185 234 292 184 242 218 320 154 242 160 134 294 259 191 235 124 327 160 171 132 0 261 306 127 233 162 354 148 149 321 109 91 346 310 301 172 141 70 320 326 339 151 285 228 178 307 275
377 427 163 294 536 80 519 372 159 387 52 106 464 548 419 430 95 509 268 109 465 333 446 178 296 173 441 435 70 309 554 485 187 605 380 428 439 430 249 159 415 66 153 423 81 94 186 71 193 315 476 88 372 65 167 102 341 168 313 261 0 80 308 414 180 535 329 330 95 290 279 527 84 482 141 322 309 501 507 520 183 467 409 359 488 456
421 472 208 338 580 124 563 416 204 432 95 151 509 593 463 474 139 553 312 153 509 377 490 222 341 217 485 479 40 353 599 529 232 649 424 473 483 475 293 203 459 48 197 468 125 48 231 115 237 359 520 132 416 109 212 56 385 213 357 306 80 0 352 458 224 580 373 375 49 335 324 572 40 527 185 367 354 545 552 564 228 511 453 403 532 501
147 198 224 44 306 297 289 142 225 158 292 324 234 318 189 200 247 279 133 326 235 103 216 206 161 187 211 205 342 79 325 255 152 375 150 199 209 201 114 232 185 338 230 193 264 366 200 288 207 49 246 306 142 282 170 374 111 217 83 127 308 352 0 184 208 305 99 100 367 40 144 297 356 252 218 41 174 271 278 290 197 237 179 129 258 226
93 164 330 170 148 403 131 108 330 123 398 430 77 161 32 64 353 143 239 432 77 192 58 312 267 292 74 47 448 168 188 118 258 239 116 165 51 166 220 337 48 444 336 36 370 472 306 394 312 191 88 412 69 388 276 480 100 323 172 233 414 458 184 0 314 169 188 190 473 166 250 161 462 95 324 198 280 135 120 132 303 100 145 95 100 90
277 328 111 194 436 169 419 272 108 288 164 196 365 449 319 330 119 409 168 198 365 233 346 93 197 73 341 336 214 209 455 385 88 505 280 329 339 331 149 108 315 210 50 324 136 238 87 160 41 215 376 177 272 153 68 246 241 104 213 162 180 224 208 314 0 436 229 231 239 191 180 428 228 383 72 223 210 401 408 420 46 367 309 260 388 357
214 285 452 291 101 525 115 230 452 245 520 551 169 83 174 138 475 58 361 554 171 314 186 434 389 414 128 190 570 290 53 84 379 230 237 286 192 288 341 459 156 566 458 179 492 594 427 516 434 312 164 533 190 509 398 601 222 445 294 354 535 580 305 169 436 0 310 311 595 288 372 47 583 154 446 320 402 65 129 112 424 110 267 217 146 112
151 202 245 85 310 319 293 147 246 162 314 345 239 323 193 205 268 284 154 347 240 31 221 227 183 208 215 210 364 44 329 259 173 380 154 203 213 205 135 253 189 360 252 198 286 388 221 310 228 106 250 327 147 303 191 395 115 238 42 148 329 373 99 188 229 310 0 30 388 82 166 302 377 257 239 113 196 275 282 295 218 241 184 134 263 231
153 203 247 86 312 320 295 148 247 163 315 346 240 324 195 206 269 285 156 349 241 33 222 229 184 209 217 211 365 45 330 260 174 381 156 204 215 206 136 254 191 361 253 199 287 389 222 311 229 107 251 328 148 304 193 396 117 240 43 149 330 375 100 190 231 311 30 0 390 83 167 303 378 258 241 115 197 277 283 296 219 243 185 135 264 232
436 487 223 353 595 139 578 432 219 447 110 166 524 608 478 490 154 568 327 168 524 392 505 237 356 232 500 495 71 368 614 544 247 664 439 488 498 490 308 218 474 79 213 483 140 26 246 130 252 374 535 148 432 124 227 33 400 228 372 321 95 49 367 473 239 595 388 390 0 350 339 587 71 542 200 382 369 560 567 580 243 526 468 419 547 516
129 180 207 26 288 280 271 125 207 140 275 307 217 301 172 183 230 262 116 309 218 85 199 189 144 169 193 188 325 62 307 237 135 358 133 181 191 183 96 214 168 321 213 176 247 349 183 271 189 47 228 288 125 264 153 356 93 200 66 109 290 335 40 166 191 288 82 83 350 0 127 280 338 235 201 52 157 254 260 273 180 219 162 112 241 209
213 264 196 130 372 269 355 209 196 224 264 295 301 385 255 267 219 346 105 298 302 169 283 178 56 158 277 272 314 146 391 321 123 442 216 265 275 267 85 203 251 310 202 260 236 338 171 260 178 151 312 277 209 253 142 345 177 189 149 91 279 324 144 250 180 372 166 167 339 127 0 364 327 319 190 159 53 337 344 357 168 303 246 196 325 293
206 277 444 283 107 517 121 222 444 237 512 543 175 89 166 130 467 50 353 546 178 306 192 426 381 406 120 182 562 282 59 76 371 222 229 278 186 280 333 451 148 558 450 171 484 586 420 508 426 304 170 525 182 501 390 593 214 437 286 346 527 572 297 161 428 47 302 303 587 280 364 0 575 160 438 312 394 57 135 118 416 102 259 209 152 104
425 476 211 342 584 128 567 420 207 435 99 154 512 596 467 478 143 557 316 157 513 381 494 226 344 221 489 483 37 357 602 533 235 653 428 477 487 478 297 207 463 45 201 471 129 70 235 119 241 363 524 136 420 113 215 77 389 216 361 310 84 40 356 462 228 583 377 378 71 338 327 575 0 530 189 370 357 549 556 568 231 515 457 407 536 504
161 232 399 238 81 472 64 177 399 192 467 498 43 94 88 132 421 178 308 501 46 261 60 381 336 361 143 71 517 237 135 187 326 307 184 233 66 235 288 406 117 513 405 83 439 541 374 463 381 259 39 480 137 456 345 548 169 392 241 301 482 527 252 95 383 154 257 258 542 235 319 160 530 0 393 267 349 185 53 66 371 169 214 164 33 158
287 338 74 204 446 130 429 282 69 298 125 157 375 459 329 340 80 419 178 159 375 243 356 88 207 83 351 345 175 219 465 395 98 515 290 339 349 341 159 69 325 171 46 334 97 199 97 121 87 225 386 139 282 115 78 207 251 79 223 172 141 185 218 324 72 446 239 241 200 201 190 438 189 393 0 232 220 411 418 430 91 377 319 269 398 367
161 212 239 47 320 312 303 157 239 172 307 338 249 333 203 215 261 293 148 340 249 117 230 221 176 201 225 220 357 93 339 269 166 389 164 213 223 215 128 246 199 353 245 208 279 381 214 303 221 39 260 320 157 296 185 388 125 232 97 141 322 367 41 198 223 320 113 115 382 52 159 312 370 267 232 0 189 285 292 305 211 251 193 144 272 241
243 294 226 160 402 299 385 239 226 254 294 325 331 415 285 297 249 376 135 328 332 199 313 208 35 188 307 302 344 176 421 351 153 472 246 295 305 297 115 233 281 340 232 290 266 368 201 290 208 181 342 307 239 283 172 375 207 219 179 70 309 354 174 280 210 402 196 197 369 157 53 394 357 349 220 189 0 367 374 387 198 333 276 226 355 323
180 251 417 257 132 490 146 195 418 211 485 517 185 114 140 104 440 43 326 519 186 279 167 399 354 379 93 156 535 256 84 49 345 195 203 252 159 254 307 424 121 531 423 144 457 559 393 481 400 278 195 499 156 475 363 567 188 410 259 320 501 545 271 135 401 65 275 277 560 254 337 57 549 185 411 285 367 0 160 143 390 75 232 182 177 78
187 257 424 263 56 497 39 202 424 217 492 524 68 69 113 157 447 153 333 526 71 286 85 406 361 386 168 97 542 262 110 179 352 325 210 258 91 260 313 431 142 538 430 108 464 566 400 488 406 285 64 505 162 481 370 573 194 417 266 326 507 552 278 120 408 129 282 283 567 260 344 135 556 53 418 292 374 160 0 41 397 194 239 189 45 184
199 270 436 276 40 510 27 214 437 230 505 536 81 52 125 170 459 137 345 538 84 298 98 419 374 399 181 109 555 275 93 162 364 308 222 271 104 273 326 444 155 551 443 121 477 579 412 501 419 297 76 518 175 494 382 586 207 430 279 339 520 564 290 132 420 112 295 296 580 273 357 118 568 66 430 305 387 143 41 0 409 188 251 202 58 191
266 317 100 183 425 173 408 261 100 276 168 200 353 437 308 319 123 398 157 202 354 222 335 82 185 62 330 324 218 198 444 374 76 494 269 318 328 320 138 107 304 214 68 312 140 242 76 164 44 204 365 181 261 157 56 249 230 93 202 151 183 228 197 303 46 424 218 219 243 180 168 416 231 371 91 211 198 390 397 409 0 356 298 248 377 345
146 216 383 222 177 456 191 161 383 176 451 483 151 159 105 70 406 83 292 485 151 245 132 365 320 345 59 122 501 221 129 59 311 179 169 217 125 219 272 390 87 497 389 110 423 525 359 447 365 244 162 464 122 440 329 533 153 376 225 285 467 511 237 100 367 110 241 243 526 219 303 102 515 169 377 251 333 75 194 188 356 0 198 148 174 44
108 44 325 165 267 399 250 65 326 46 394 425 196 280 150 161 348 240 234 427 196 187 177 307 263 288 172 166 444 164 286 216 253 336 56 45 170 47 215 333 146 440 332 155 366 468 301 390 308 186 207 407 103 383 271 475 96 319 168 228 409 453 179 145 309 267 184 185 468 162 246 259 457 214 319 193 276 232 239 251 298 198 0 80 219 188
58 98 276 115 217 349 200 46 276 58 344 375 146 230 100 112 298 190 185 377 146 138 127 258 213 238 122 117 394 114 236 166 203 286 51 99 120 101 165 283 96 390 282 105 316 418 251 340 258 136 157 357 54 333 222 425 46 269 118 178 359 403 129 95 260 217 134 135 419 112 196 209 407 164 269 144 226 182 189 202 248 148 80 0 169 138
167 238 404 244 73 478 56 182 405 198 473 504 49 86 93 138 427 170 313 506 51 266 66 386 342 367 149 77 523 243 127 192 332 313 190 239 72 241 294 412 123 519 411 88 445 547 380 469 387 265 44 486 143 462 350 554 175 398 247 307 488 532 258 100 388 146 263 264 547 241 325 152 536 33 398 272 355 177 45 58 377 174 219 169 0 164
135 206 373 212 180 446 194 151 373 166 441 472 141 161 95 59 396 86 282 475 141 235 122 355 310 335 61 111 491 211 131 62 300 182 158 207 115 209 262 380 77 487 379 100 413 515 348 437 355 233 152 454 111 430 319 522 143 366 215 275 456 501 226 90 357 112 231 232 516 209 293 104 504 158 367 241 323 78 184 191 345 44 188 138 164 0
EOF