NAME : tsp_problem
TYPE : TSP
DIMENSION : 76
EDGE_WEIGHT_TYPE : EXPLICIT
EDGE_WEIGHT_FORMAT : FULL_MATRIX
EDGE_WEIGHT_SECTION
0 307 693 389 318 414 228 514 322 653 444 394 622 284 311 481 331 275 509 503 376 563 248 216 364 251 338 248 380 464 181 73 315 574 454 431 354 455 482 289 106 391 210 208 289 596 563 328 92 388 333 373 503 403 114 476 621 367 416 90 286 416 681 436 477 487 211 313 344 586 136 625 397 256 160 201
307 0 935 630 298 655 351 755 595 894 716 666 863 557 173 722 572 547 751 745 617 804 489 338 605 492 238 489 621 705 303 314 556 815 727 672 157 696 723 530 347 633 482 449 562 837 804 600 247 629 574 614 744 675 237 718 862 206 657 247 559 657 922 677 718 728 483 585 585 827 408 866 669 121 283 324
693 935 0 424 945 312 855 498 981 603 1102 1052 572 943 938 739 589 933 768 330 412 600 506 843 389 509 965 487 638 567 808 655 574 784 1112 467 981 491 382 551 633 650 868 540 947 633 165 986 719 646 591 631 761 1061 741 303 98 994 674 717 944 441 631 304 687 250 869 971 606 796 794 845 1055 883 787 828
389 630 424 0 640 137 550 568 676 376 797 747 344 638 633 535 385 628 564 226 26 618 302 538 418 305 660 173 434 518 503 350 370 628 808 153 676 177 407 238 328 446 563 262 643 650 449 681 415 442 387 427 557 756 436 199 480 689 470 412 640 471 403 456 531 209 564 666 293 640 489 679 750 578 482 523
318 298 945 640 0 666 361 765 605 905 727 676 873 567 440 732 582 558 761 755 628 815 500 141 616 502 97 500 631 716 314 324 567 825 737 682 184 706 733 541 358 643 492 459 572 847 815 610 257 639 584 624 755 686 219 728 872 126 668 257 569 668 932 687 728 738 494 596 595 837 419 877 680 277 293 147
414 655 312 137 666 0 576 532 701 316 823 773 284 663 659 561 411 654 589 114 124 633 328 563 422 331 686 199 460 544 528 375 395 654 833 179 702 203 295 263 354 471 589 288 668 666 337 707 440 468 412 453 583 782 462 86 367 715 496 437 665 474 343 344 557 97 590 692 318 666 515 705 776 604 508 549
228 351 855 550 361 576 0 675 515 815 637 587 783 477 354 642 492 468 671 665 538 725 410 259 526 412 381 410 542 626 97 234 477 735 647 592 397 616 644 451 268 553 402 369 482 757 725 520 167 549 494 534 665 596 157 638 783 410 578 167 479 578 843 597 638 648 404 506 505 748 329 787 590 299 103 244
514 755 498 568 765 532 675 0 801 823 923 872 792 763 758 330 293 754 359 550 556 132 310 663 168 305 785 428 299 100 628 475 315 316 933 610 802 634 287 469 454 378 688 360 768 165 368 806 540 274 333 259 352 881 562 523 426 814 288 537 765 132 851 241 219 470 690 792 523 329 615 377 876 704 607 648
322 595 981 676 605 701 515 801 0 940 323 273 909 73 598 768 618 154 797 791 664 851 535 503 651 538 625 535 667 751 468 360 602 861 333 718 641 742 769 576 393 679 191 495 70 883 850 207 380 675 620 660 790 282 401 764 908 654 703 377 165 704 968 723 764 774 328 192 631 873 212 912 276 543 447 488
653 894 603 376 905 316 815 823 940 0 1062 1012 68 902 898 800 650 893 828 405 363 882 567 802 683 570 925 438 699 783 767 614 634 893 1072 418 941 442 587 502 593 710 828 527 907 915 628 946 679 707 652 692 822 1021 701 378 659 954 735 676 904 735 78 636 796 388 829 931 557 905 754 944 1015 843 747 788
444 716 1102 797 727 823 637 923 323 1062 0 84 1030 285 720 889 739 208 918 912 785 972 657 624 773 659 747 657 789 873 589 481 724 982 58 840 763 864 891 698 515 800 312 617 290 1004 972 158 501 796 741 781 912 87 523 885 1030 776 825 498 196 825 1090 844 886 895 449 174 753 995 334 1034 92 665 569 610
394 666 1052 747 676 773 587 872 273 1012 84 0 980 235 670 839 689 158 868 862 735 922 607 574 723 609 696 607 739 823 539 431 674 932 94 789 713 813 841 648 465 750 262 566 239 954 922 108 451 746 691 731 862 60 473 835 980 726 775 448 146 775 1040 794 835 845 399 123 702 945 283 984 55 615 519 560
622 863 572 344 873 284 783 792 909 68 1030 980 0 871 866 768 618 861 797 374 332 851 535 771 651 538 893 406 667 752 736 583 603 861 1041 386 909 410 555 471 561 679 796 495 876 883 597 914 648 675 620 660 790 989 669 347 627 922 703 645 873 704 107 604 764 357 797 899 526 873 722 912 983 811 715 756
284 557 943 638 567 663 477 763 73 902 285 235 871 0 560 730 580 116 759 753 626 813 497 465 613 500 587 497 629 713 430 322 564 823 295 680 603 704 731 538 355 641 153 457 39 845 812 169 342 637 582 622 752 244 363 726 870 616 665 339 127 666 930 685 726 736 290 154 593 835 174 874 238 505 409 450
311 173 938 633 440 659 354 758 598 898 720 670 866 560 0 725 575 551 754 748 621 808 493 342 609 495 380 493 624 709 307 317 560 818 730 675 298 699 727 534 351 636 485 452 565 840 808 603 250 632 577 617 748 679 240 721 866 348 661 250 562 661 925 680 721 731 487 589 588 830 412 870 673 201 286 327
481 722 739 535 732 561 642 330 768 800 889 839 768 730 725 0 275 721 81 650 523 306 253 630 410 249 752 395 324 257 595 442 203 230 900 577 769 601 528 436 420 179 655 327 735 315 609 773 507 324 182 309 50 848 529 623 667 781 89 504 732 432 827 481 194 633 656 759 490 234 582 172 843 671 574 615
331 572 589 385 582 411 492 293 618 650 739 689 618 580 575 275 0 571 303 500 373 319 103 480 260 99 602 245 80 220 445 292 109 330 750 427 619 451 378 286 270 185 505 177 585 351 459 623 357 129 126 105 297 698 379 473 517 631 210 354 582 312 677 331 233 483 506 609 340 342 432 391 693 521 424 465
275 547 933 628 558 654 468 754 154 893 208 158 861 116 551 721 571 0 749 743 616 803 488 456 604 491 578 488 620 704 421 312 555 814 218 671 594 695 722 529 346 631 143 448 121 835 803 91 332 628 573 613 743 167 354 716 861 607 656 330 50 656 921 675 717 727 280 77 584 826 165 865 161 496 400 441
509 751 768 564 761 589 671 359 797 828 918 868 797 759 754 81 303 749 0 679 551 335 282 659 439 277 781 423 352 286 624 471 232 283 928 606 797 630 556 464 449 207 684 356 763 343 638 802 535 353 211 338 104 877 557 652 695 810 118 533 760 460 856 510 222 662 685 787 519 288 610 226 871 699 603 644
503 745 330 226 755 114 665 550 791 405 912 862 374 753 748 650 500 743 679 0 214 651 417 653 440 420 775 288 549 619 618 465 484 743 922 268 791 292 313 353 443 561 678 377 757 684 355 796 530 557 502 542 672 871 551 74 385 804 585 527 755 492 433 362 646 115 679 781 407 755 604 794 865 693 597 638
376 617 412 26 628 124 538 556 664 363 785 735 332 626 621 523 373 616 551 214 0 605 290 526 406 293 648 161 422 506 491 338 357 616 795 141 664 165 395 226 316 433 551 250 630 638 437 669 402 430 375 415 545 744 424 187 467 677 458 400 627 458 391 444 519 197 552 654 280 628 477 667 738 566 470 511
563 804 600 618 815 633 725 132 851 882 972 922 851 813 808 306 319 803 335 651 605 0 336 713 270 331 835 477 325 126 678 524 342 215 982 660 851 684 389 518 503 354 738 410 817 60 470 856 589 300 357 285 328 931 611 624 528 864 264 587 814 234 910 342 159 571 739 841 573 227 664 276 925 753 657 698
248 489 506 302 500 328 410 310 535 567 657 607 535 497 493 253 103 488 282 417 290 336 0 397 177 45 519 162 153 237 362 209 88 346 667 345 536 369 295 203 188 164 422 94 502 368 376 540 274 160 105 145 276 616 296 390 434 549 189 271 499 229 595 249 249 401 424 526 258 359 349 398 610 438 342 383
216 338 843 538 141 563 259 663 503 802 624 574 771 465 342 630 480 456 659 653 526 713 397 0 513 400 161 398 529 613 211 222 465 723 635 580 248 604 631 438 256 541 390 357 470 745 713 508 155 537 482 522 652 583 117 626 770 190 565 155 467 566 830 585 626 636 391 494 493 735 317 774 578 287 191 45
364 605 389 418 616 422 526 168 651 683 773 723 651 613 609 410 260 604 439 440 406 270 177 513 0 180 636 278 309 237 478 325 244 454 783 461 652 485 177 319 304 321 539 211 618 302 258 657 390 317 262 302 432 732 412 413 316 665 345 387 615 70 711 131 357 360 540 642 374 466 465 515 726 554 458 499
251 492 509 305 502 331 412 305 538 570 659 609 538 500 495 249 99 491 277 420 293 331 45 400 180 0 522 165 148 232 365 212 83 342 670 347 539 371 298 206 190 159 425 97 505 364 379 543 277 156 101 141 271 618 299 393 437 551 184 274 502 232 597 251 245 403 426 529 260 354 352 393 613 441 344 385
338 238 965 660 97 686 381 785 625 925 747 696 893 587 380 752 602 578 781 775 648 835 519 161 636 522 0 520 651 736 334 344 587 845 757 702 123 726 753 561 378 663 512 479 592 867 835 630 277 659 604 644 774 705 239 748 892 65 687 277 589 688 952 707 748 758 514 616 615 857 439 896 700 216 313 167
248 489 487 173 500 199 410 428 535 438 657 607 406 497 493 395 245 488 423 288 161 477 162 398 278 165 520 0 294 378 363 209 229 488 667 216 536 240 396 97 188 305 423 122 502 510 477 541 274 302 247 287 417 616 296 261 535 549 330 272 499 330 466 350 391 271 424 526 152 500 349 539 610 438 342 383
380 621 638 434 631 460 542 299 667 699 789 739 667 629 624 324 80 620 352 549 422 325 153 529 309 148 651 294 0 226 494 341 158 336 799 476 668 500 427 335 320 234 554 226 634 358 508 672 406 95 176 71 346 748 428 522 566 680 259 403 631 361 727 381 239 532 556 658 389 348 481 397 742 570 473 514
464 705 567 518 716 544 626 100 751 783 873 823 752 713 709 257 220 704 286 619 506 126 237 613 237 232 736 378 226 0 578 425 242 244 883 561 752 585 356 419 404 305 639 311 718 158 437 757 490 201 260 186 279 832 512 592 495 765 215 487 715 201 811 310 147 539 640 742 474 256 565 305 826 654 558 599
181 303 808 503 314 528 97 628 468 767 589 539 736 430 307 595 445 421 624 618 491 678 362 211 478 365 334 363 494 578 0 187 430 688 600 545 350 569 596 403 221 506 355 322 435 710 677 473 120 502 447 487 617 548 110 591 735 363 530 120 432 531 795 550 591 601 356 459 458 700 282 739 543 252 56 197
73 314 655 350 324 375 234 475 360 614 481 431 583 322 317 442 292 312 471 465 338 524 209 222 325 212 344 209 341 425 187 0 276 535 492 392 360 416 443 250 67 353 247 169 327 557 524 365 99 349 294 334 464 440 120 438 582 373 377 96 324 377 642 397 438 448 248 351 305 547 173 586 434 262 166 207
315 556 574 370 567 395 477 315 602 634 724 674 603 564 560 203 109 555 232 484 357 342 88 465 244 83 587 229 158 242 430 276 0 352 734 412 603 436 362 270 255 114 490 162 569 374 443 608 341 166 55 151 226 683 363 457 501 616 139 339 566 297 662 316 255 468 491 593 325 364 416 348 677 505 409 450
574 815 784 628 825 654 735 316 861 893 982 932 861 823 818 230 330 814 283 743 616 215 346 723 454 342 845 488 336 244 688 535 352 0 993 670 862 694 573 529 513 338 748 420 828 224 654 866 600 311 342 296 209 941 622 716 712 874 249 597 825 418 920 527 144 726 749 852 583 42 675 86 936 764 667 708
454 727 1112 808 737 833 647 933 333 1072 58 94 1041 295 730 900 750 218 928 922 795 982 667 635 783 670 757 667 799 883 600 492 734 993 0 850 773 874 901 708 525 810 323 627 300 1015 982 168 511 807 752 792 922 97 533 895 1040 786 835 509 206 835 1100 855 896 906 460 184 763 1005 344 1044 102 675 579 620
431 672 467 153 682 179 592 610 718 418 840 789 386 680 675 577 427 671 606 268 141 660 345 580 461 347 702 216 476 561 545 392 412 670 850 0 719 109 450 280 370 488 605 304 685 692 491 723 457 484 429 469 600 798 479 241 522 731 513 454 682 513 446 499 573 251 606 709 335 682 532 722 793 621 524 565
354 157 981 676 184 702 397 802 641 941 763 713 909 603 298 769 619 594 797 791 664 851 536 248 652 539 123 536 668 752 350 360 603 862 773 719 0 743 770 577 394 679 529 496 608 883 851 647 294 676 620 661 791 722 283 764 909 91 704 293 605 704 969 723 765 775 530 632 632 874 455 913 716 135 329 254
455 696 491 177 706 203 616 634 742 442 864 813 410 704 699 601 451 695 630 292 165 684 369 604 485 371 726 240 500 585 569 416 436 694 874 109 743 0 474 304 394 512 629 328 709 716 515 747 481 508 453 493 624 822 503 265 546 755 537 478 706 537 470 523 597 275 631 733 359 706 556 746 817 645 548 589
482 723 382 407 733 295 644 287 769 587 891 841 555 731 727 528 378 722 556 313 395 389 295 631 177 298 753 396 427 356 596 443 362 573 901 450 770 474 0 437 422 438 656 328 736 421 252 774 508 435 380 420 550 850 530 286 310 783 463 505 733 229 614 124 476 233 658 760 492 585 583 634 844 672 576 617
289 530 551 238 541 263 451 469 576 502 698 648 471 538 534 436 286 529 464 353 226 518 203 438 319 206 561 97 335 419 403 250 270 529 708 280 577 304 437 0 229 346 464 163 543 551 518 582 315 343 288 328 458 657 337 326 576 590 371 312 540 371 530 391 432 336 465 567 85 541 390 580 651 479 383 424
106 347 633 328 358 354 268 454 393 593 515 465 561 355 351 420 270 346 449 443 316 503 188 256 304 190 378 188 320 404 221 67 255 513 525 370 394 394 422 229 0 331 281 148 360 535 503 399 132 327 272 312 443 474 154 416 561 407 356 130 357 356 621 375 416 426 282 384 284 526 207 565 468 296 200 241
391 633 650 446 643 471 553 378 679 710 800 750 679 641 636 179 185 631 207 561 433 354 164 541 321 159 663 305 234 305 506 353 114 338 810 488 679 512 438 346 331 0 566 238 645 362 520 684 417 242 93 227 201 759 439 534 577 692 114 415 642 373 738 392 241 544 567 669 401 351 492 323 753 581 485 526
210 482 868 563 492 589 402 688 191 828 312 262 796 153 485 655 505 143 684 678 551 738 422 390 539 425 512 423 554 639 355 247 490 748 323 605 529 629 656 464 281 566 0 382 158 770 738 196 267 562 507 547 677 271 289 651 795 541 590 264 155 591 855 610 651 661 215 181 518 760 99 799 265 431 334 375
208 449 540 262 459 288 369 360 495 527 617 566 495 457 452 327 177 448 356 377 250 410 94 357 211 97 479 122 226 311 322 169 162 420 627 304 496 328 328 163 148 238 382 0 462 442 410 500 234 234 179 219 349 575 256 350 467 508 262 231 459 263 555 282 323 360 384 486 217 432 309 471 570 398 301 342
289 562 947 643 572 668 482 768 70 907 290 239 876 39 565 735 585 121 763 757 630 817 502 470 618 505 592 502 634 718 435 327 569 828 300 685 608 709 736 543 360 645 158 462 0 850 817 173 346 642 587 627 757 249 368 730 875 621 670 344 132 670 935 690 731 741 294 159 598 840 179 879 243 510 414 455
596 837 633 650 847 666 757 165 883 915 1004 954 883 845 840 315 351 835 343 684 638 60 368 745 302 364 867 510 358 158 710 557 374 224 1015 692 883 716 421 551 535 362 770 442 850 0 502 888 622 332 366 317 337 963 643 657 560 896 273 619 847 266 942 375 168 604 771 874 605 236 696 285 957 785 689 730
563 804 165 449 815 337 725 368 850 628 972 922 597 812 808 609 459 803 638 355 437 470 376 713 258 379 835 477 508 437 677 524 443 654 982 491 851 515 252 518 503 520 738 410 817 502 0 856 589 516 461 501 631 931 611 328 93 864 544 586 814 311 656 174 557 275 739 841 573 666 664 715 925 753 657 698
328 600 986 681 610 707 520 806 207 946 158 108 914 169 603 773 623 91 802 796 669 856 540 508 657 543 630 541 672 757 473 365 608 866 168 723 647 747 774 582 399 684 196 500 173 888 856 0 385 680 625 665 795 117 407 769 913 659 708 382 80 709 973 728 769 779 333 66 636 878 217 917 111 549 452 493
92 247 719 415 257 440 167 540 380 679 501 451 648 342 250 507 357 332 535 530 402 589 274 155 390 277 277 274 406 490 120 99 341 600 511 457 294 481 508 315 132 417 267 234 346 622 589 385 0 414 359 399 529 460 54 503 647 306 442 64 344 442 707 462 503 513 268 370 370 612 193 651 454 196 99 140
388 629 646 442 639 468 549 274 675 707 796 746 675 637 632 324 129 628 353 557 430 300 160 537 317 156 659 302 95 201 502 349 166 311 807 484 676 508 435 343 327 242 562 234 642 332 516 680 414 0 183 55 346 755 436 530 574 688 267 411 639 369 734 388 214 540 563 666 397 323 489 372 749 577 481 522
333 574 591 387 584 412 494 333 620 652 741 691 620 582 577 182 126 573 211 502 375 357 105 482 262 101 604 247 176 260 447 294 55 342 752 429 620 453 380 288 272 93 507 179 587 366 461 625 359 183 0 168 204 700 380 475 519 633 117 356 584 314 679 333 245 485 508 611 342 354 434 326 694 522 426 467
373 614 631 427 624 453 534 259 660 692 781 731 660 622 617 309 105 613 338 542 415 285 145 522 302 141 644 287 71 186 487 334 151 296 792 469 661 493 420 328 312 227 547 219 627 317 501 665 399 55 168 0 332 740 421 515 559 673 252 396 624 354 719 373 199 525 548 651 382 308 474 357 735 563 466 507
503 744 761 557 755 583 665 352 790 822 912 862 790 752 748 50 297 743 104 672 545 328 276 652 432 271 774 417 346 279 617 464 226 209 922 600 791 624 550 458 443 201 677 349 757 337 631 795 529 346 204 332 0 871 551 645 689 804 111 526 754 454 850 504 216 656 679 781 513 214 604 152 865 693 597 638
403 675 1061 756 686 782 596 881 282 1021 87 60 989 244 679 848 698 167 877 871 744 931 616 583 732 618 705 616 748 832 548 440 683 941 97 798 722 822 850 657 474 759 271 575 249 963 931 117 460 755 700 740 871 0 482 844 989 735 784 457 155 784 1049 803 844 854 408 132 711 954 292 993 64 624 528 569
114 237 741 436 219 462 157 562 401 701 523 473 669 363 240 529 379 354 557 551 424 611 296 117 412 299 239 296 428 512 110 120 363 622 533 479 283 503 530 337 154 439 289 256 368 643 611 407 54 436 380 421 551 482 0 524 669 268 464 53 365 464 729 483 525 535 290 392 392 634 215 673 476 185 89 102
476 718 303 199 728 86 638 523 764 378 885 835 347 726 721 623 473 716 652 74 187 624 390 626 413 393 748 261 522 592 591 438 457 716 895 241 764 265 286 326 416 534 651 350 730 657 328 769 503 530 475 515 645 844 524 0 358 777 558 500 728 465 406 335 619 88 652 754 380 728 577 767 838 666 570 611
621 862 98 480 872 367 783 426 908 659 1030 980 627 870 866 667 517 861 695 385 467 528 434 770 316 437 892 535 566 495 735 582 501 712 1040 522 909 546 310 576 561 577 795 467 875 560 93 913 647 574 519 559 689 989 669 358 0 922 602 644 872 368 687 232 615 305 797 899 631 724 722 773 983 811 715 756
367 206 994 689 126 715 410 814 654 954 776 726 922 616 348 781 631 607 810 804 677 864 549 190 665 551 65 549 680 765 363 373 616 874 786 731 91 755 783 590 407 692 541 508 621 896 864 659 306 688 633 673 804 735 268 777 922 0 717 306 618 717 981 736 777 787 543 645 644 886 468 926 729 184 342 196
416 657 674 470 668 496 578 288 703 735 825 775 703 665 661 89 210 656 118 585 458 264 189 565 345 184 687 330 259 215 530 377 139 249 835 513 704 537 463 371 356 114 590 262 670 273 544 708 442 267 117 252 111 784 464 558 602 717 0 439 667 390 763 417 152 569 592 694 426 261 517 233 778 606 510 551
90 247 717 412 257 437 167 537 377 676 498 448 645 339 250 504 354 330 533 527 400 587 271 155 387 274 277 272 403 487 120 96 339 597 509 454 293 478 505 312 130 415 264 231 344 619 586 382 64 411 356 396 526 457 53 500 644 306 439 0 341 440 704 459 500 510 265 368 367 609 191 648 452 195 99 140
286 559 944 640 569 665 479 765 165 904 196 146 873 127 562 732 582 50 760 755 627 814 499 467 615 502 589 499 631 715 432 324 566 825 206 682 605 706 733 540 357 642 155 459 132 847 814 80 344 639 584 624 754 155 365 728 872 618 667 341 0 667 932 687 728 738 292 65 595 837 176 876 149 507 411 452
416 657 441 471 668 474 578 132 704 735 825 775 704 666 661 432 312 656 460 492 458 234 229 566 70 232 688 330 361 201 531 377 297 418 835 513 704 537 229 371 356 373 591 263 670 266 311 709 442 369 314 354 454 784 464 465 368 717 390 440 667 0 763 183 321 412 592 694 426 430 517 479 778 606 510 551
681 922 631 403 932 343 843 851 968 78 1090 1040 107 930 925 827 677 921 856 433 391 910 595 830 711 597 952 466 727 811 795 642 662 920 1100 446 969 470 614 530 621 738 855 555 935 942 656 973 707 734 679 719 850 1049 729 406 687 981 763 704 932 763 0 663 823 416 857 959 585 933 782 972 1043 871 775 815
436 677 304 456 687 344 597 241 723 636 844 794 604 685 680 481 331 675 510 362 444 342 249 585 131 251 707 350 381 310 550 397 316 527 855 499 723 523 124 391 375 392 610 282 690 375 174 728 462 388 333 373 504 803 483 335 232 736 417 459 687 183 663 0 430 282 611 713 445 539 536 587 797 625 529 570
477 718 687 531 728 557 638 219 764 796 886 835 764 726 721 194 233 717 222 646 519 159 249 626 357 245 748 391 239 147 591 438 255 144 896 573 765 597 476 432 416 241 651 323 731 168 557 769 503 214 245 199 216 844 525 619 615 777 152 500 728 321 823 430 0 629 652 755 486 157 578 205 839 667 570 611
487 728 250 209 738 97 648 470 774 388 895 845 357 736 731 633 483 727 662 115 197 571 401 636 360 403 758 271 532 539 601 448 468 726 906 251 775 275 233 336 426 544 661 360 741 604 275 779 513 540 485 525 656 854 535 88 305 787 569 510 738 412 416 282 629 0 662 765 391 738 588 778 849 677 580 621
211 483 869 564 494 590 404 690 328 829 449 399 797 290 487 656 506 280 685 679 552 739 424 391 540 426 514 424 556 640 356 248 491 749 460 606 530 631 658 465 282 567 215 384 294 771 739 333 268 563 508 548 679 408 290 652 797 543 592 265 292 592 857 611 652 662 0 318 520 762 141 801 402 432 336 377
313 585 971 666 596 692 506 792 192 931 174 123 899 154 589 759 609 77 787 781 654 841 526 494 642 529 616 526 658 742 459 351 593 852 184 709 632 733 760 567 384 669 181 486 159 874 841 66 370 666 611 651 781 132 392 754 899 645 694 368 65 694 959 713 755 765 318 0 622 864 203 903 127 534 438 479
344 585 606 293 595 318 505 523 631 557 753 702 526 593 588 490 340 584 519 407 280 573 258 493 374 260 615 152 389 474 458 305 325 583 763 335 632 359 492 85 284 401 518 217 598 605 573 636 370 397 342 382 513 711 392 380 631 644 426 367 595 426 585 445 486 391 520 622 0 596 445 635 706 534 437 478
586 827 796 640 837 666 748 329 873 905 995 945 873 835 830 234 342 826 288 755 628 227 359 735 466 354 857 500 348 256 700 547 364 42 1005 682 874 706 585 541 526 351 760 432 840 236 666 878 612 323 354 308 214 954 634 728 724 886 261 609 837 430 933 539 157 738 762 864 596 0 687 90 948 776 680 720
136 408 794 489 419 515 329 615 212 754 334 283 722 174 412 582 432 165 610 604 477 664 349 317 465 352 439 349 481 565 282 173 416 675 344 532 455 556 583 390 207 492 99 309 179 696 664 217 193 489 434 474 604 292 215 577 722 468 517 191 176 517 782 536 578 588 141 203 445 687 0 726 287 357 261 302
625 866 845 679 877 705 787 377 912 944 1034 984 912 874 870 172 391 865 226 794 667 276 398 774 515 393 896 539 397 305 739 586 348 86 1044 722 913 746 634 580 565 323 799 471 879 285 715 917 651 372 326 357 152 993 673 767 773 926 233 648 876 479 972 587 205 778 801 903 635 90 726 0 987 815 719 760
397 669 1055 750 680 776 590 876 276 1015 92 55 983 238 673 843 693 161 871 865 738 925 610 578 726 613 700 610 742 826 543 434 677 936 102 793 716 817 844 651 468 753 265 570 243 957 925 111 454 749 694 735 865 64 476 838 983 729 778 452 149 778 1043 797 839 849 402 127 706 948 287 987 0 618 522 563
256 121 883 578 277 604 299 704 543 843 665 615 811 505 201 671 521 496 699 693 566 753 438 287 554 441 216 438 570 654 252 262 505 764 675 621 135 645 672 479 296 581 431 398 510 785 753 549 196 577 522 563 693 624 185 666 811 184 606 195 507 606 871 625 667 677 432 534 534 776 357 815 618 0 231 272
160 283 787 482 293 508 103 607 447 747 569 519 715 409 286 574 424 400 603 597 470 657 342 191 458 344 313 342 473 558 56 166 409 667 579 524 329 548 576 383 200 485 334 301 414 689 657 452 99 481 426 466 597 528 89 570 715 342 510 99 411 510 775 529 570 580 336 438 437 680 261 719 522 231 0 176
201 324 828 523 147 549 244 648 488 788 610 560 756 450 327 615 465 441 644 638 511 698 383 45 499 385 167 383 514 599 197 207 450 708 620 565 254 589 617 424 241 526 375 342 455 730 698 493 140 522 467 507 638 569 102 611 756 196 551 140 452 551 815 570 611 621 377 479 478 720 302 760 563 272 176 0
EOF