NAME : tsp_problem
TYPE : TSP
DIMENSION : 46
EDGE_WEIGHT_TYPE : EXPLICIT
EDGE_WEIGHT_FORMAT : FULL_MATRIX
EDGE_WEIGHT_SECTION
0 397 254 657 654 406 427 604 780 655 196 319 575 512 357 468 231 500 395 285 801 135 245 576 600 168 463 766 683 639 244 593 710 628 212 636 217 805 552 409 460 610 763 649 359 603
397 0 198 573 571 217 162 669 697 572 224 99 491 578 219 485 189 517 172 505 718 361 471 492 517 263 702 683 600 556 314 413 626 544 506 702 287 721 469 144 478 675 679 566 129 519
254 198 0 640 638 284 229 736 764 638 81 121 558 644 286 552 46 584 239 363 785 218 328 559 584 120 688 750 666 623 171 394 693 611 436 768 144 788 535 211 544 742 746 633 161 586
657 573 640 0 52 433 604 779 539 36 665 541 333 687 383 595 631 627 422 789 376 715 749 216 240 704 812 142 323 279 755 855 468 91 616 811 729 445 311 586 587 785 222 56 570 243
654 571 638 52 0 430 601 777 537 45 663 539 331 685 381 592 628 624 419 787 385 713 747 213 238 702 810 151 321 277 753 852 466 89 613 809 726 442 308 584 585 783 231 53 568 240
406 217 284 433 430 0 248 529 556 431 309 185 351 437 79 344 275 376 66 539 577 447 499 352 376 348 562 542 459 416 399 499 486 404 365 561 373 581 328 230 337 535 539 425 214 379
427 162 229 604 601 248 0 700 728 602 254 130 522 608 250 515 219 548 203 536 749 391 501 523 548 293 733 713 630 587 344 444 657 575 537 732 318 752 499 36 508 706 710 597 159 550
604 669 736 779 777 529 700 0 903 778 761 637 697 128 479 275 727 248 518 737 924 663 696 698 723 742 297 889 806 762 818 951 832 750 426 57 792 927 675 682 288 50 885 772 666 725
780 697 764 539 537 556 728 903 0 537 789 665 243 811 507 718 754 750 545 913 684 839 873 458 483 828 936 649 565 522 879 978 152 510 739 935 852 687 261 710 711 909 645 532 694 485
655 572 638 36 45 431 602 778 537 0 664 539 331 686 381 593 629 625 420 788 369 713 747 214 239 703 810 135 321 278 754 853 466 90 614 810 727 443 309 584 586 783 215 50 569 241
196 224 81 665 663 309 254 761 789 664 0 147 583 670 311 577 58 609 264 304 810 160 270 584 609 62 629 775 692 648 113 420 718 636 377 794 86 813 561 236 570 767 771 658 186 611
319 99 121 541 539 185 130 637 665 539 147 0 459 545 187 453 112 485 140 428 686 284 394 460 485 186 670 651 568 524 237 336 594 512 474 669 210 689 437 112 445 643 647 534 62 487
575 491 558 333 331 351 522 697 243 331 583 459 0 605 301 513 548 545 340 707 478 633 667 252 277 622 730 443 359 316 673 773 172 304 534 729 646 481 55 504 505 703 439 326 488 279
512 578 644 687 685 437 608 128 811 686 670 545 605 0 387 184 635 156 426 645 832 571 605 607 631 650 205 797 714 670 727 859 740 658 334 160 700 835 583 590 197 134 793 680 575 633
357 219 286 383 381 79 250 479 507 381 311 187 301 387 0 295 277 327 68 489 528 415 449 302 327 350 512 493 409 366 401 501 436 354 316 511 375 531 278 232 287 485 489 376 216 329
468 485 552 595 592 344 515 275 718 593 577 453 513 184 295 0 542 57 333 600 739 526 560 514 538 606 310 704 621 577 667 766 648 566 362 307 640 743 490 498 51 251 701 587 482 541
231 189 46 631 628 275 219 727 754 629 58 112 548 635 277 542 0 574 229 339 775 195 305 550 574 97 664 740 657 613 148 385 684 601 413 759 121 779 526 202 535 733 737 623 152 577
500 517 584 627 624 376 548 248 750 625 609 485 545 156 327 57 574 0 365 632 771 558 592 546 570 638 282 736 653 610 699 798 680 598 334 280 672 775 522 530 69 253 733 619 514 573
395 172 239 422 419 66 203 518 545 420 264 140 340 426 68 333 229 365 0 528 567 401 488 341 365 303 551 531 448 405 354 454 475 393 355 550 327 570 317 185 326 524 528 415 169 368
285 505 363 789 787 539 536 737 913 788 304 428 707 645 489 600 339 632 528 0 934 196 77 709 733 282 596 899 816 772 220 701 842 760 344 769 246 937 685 518 593 743 895 782 468 735
801 718 785 376 385 577 749 924 684 369 810 686 478 832 528 739 775 771 567 934 0 860 894 360 228 849 957 376 468 424 900 999 613 412 760 956 873 146 455 731 732 930 195 390 715 387
135 361 218 715 713 447 391 663 839 713 160 284 633 571 415 526 195 558 401 196 860 0 155 634 659 132 522 825 742 698 208 557 768 686 270 695 181 863 611 374 519 668 821 708 323 661
245 471 328 749 747 499 501 696 873 747 270 394 667 605 449 560 305 592 488 77 894 155 0 668 693 242 556 859 775 732 262 667 802 720 304 729 288 897 644 483 552 702 855 742 433 695
576 492 559 216 213 352 523 698 458 214 584 460 252 607 302 514 550 546 341 709 360 634 668 0 159 624 731 325 142 98 675 774 387 187 535 731 648 364 230 505 507 704 322 208 489 62
600 517 584 240 238 376 548 723 483 239 609 485 277 631 327 538 574 570 365 733 228 659 693 159 0 648 756 350 267 223 699 798 412 211 559 755 672 231 254 530 531 729 189 233 514 186
168 263 120 704 702 348 293 742 828 703 62 186 622 650 350 606 97 638 303 282 849 132 242 624 648 0 601 814 731 687 110 459 757 675 350 774 83 852 600 275 598 748 810 697 225 650
463 702 688 812 810 562 733 297 936 810 629 670 730 205 512 310 664 282 551 596 957 522 556 731 756 601 0 922 838 795 677 984 865 783 285 329 651 960 707 715 323 303 918 805 699 758
766 683 750 142 151 542 713 889 649 135 775 651 443 797 493 704 740 736 531 899 376 825 859 325 350 814 922 0 433 389 865 964 578 201 725 921 838 459 420 696 697 895 222 156 680 352
683 600 666 323 321 459 630 806 565 321 692 568 359 714 409 621 657 653 448 816 468 742 775 142 267 731 838 433 0 68 782 881 495 294 642 838 755 471 337 612 614 812 429 316 597 142
639 556 623 279 277 416 587 762 522 278 648 524 316 670 366 577 613 610 405 772 424 698 732 98 223 687 795 389 68 0 738 838 451 250 599 794 711 427 293 569 570 768 385 272 553 98
244 314 171 755 753 399 344 818 879 754 113 237 673 727 401 667 148 699 354 220 900 208 262 675 699 110 677 865 782 738 0 510 808 726 426 851 55 903 651 326 660 824 861 748 276 701
593 413 394 855 852 499 444 951 978 853 420 336 773 859 501 766 385 798 454 701 999 557 667 774 798 459 984 964 881 838 510 0 908 826 775 983 483 1003 750 426 759 957 961 847 376 801
710 626 693 468 466 486 657 832 152 466 718 594 172 740 436 648 684 680 475 842 613 768 802 387 412 757 865 578 495 451 808 908 0 439 669 864 782 616 191 639 640 838 574 461 623 414
628 544 611 91 89 404 575 750 510 90 636 512 304 658 354 566 601 598 393 760 412 686 720 187 211 675 783 201 294 250 726 826 439 0 587 782 700 416 282 557 558 756 281 84 541 213
212 506 436 616 613 365 537 426 739 614 377 474 534 334 316 362 413 334 355 344 760 270 304 535 559 350 285 725 642 599 426 775 669 587 0 458 399 764 511 519 375 432 722 608 503 562
636 702 768 811 809 561 732 57 935 810 794 669 729 160 511 307 759 280 550 769 956 695 729 731 755 774 329 921 838 794 851 983 864 782 458 0 824 959 707 714 320 82 917 804 699 757
217 287 144 729 726 373 318 792 852 727 86 210 646 700 375 640 121 672 327 246 873 181 288 648 672 83 651 838 755 711 55 483 782 700 399 824 0 877 624 300 633 797 835 721 250 675
805 721 788 445 442 581 752 927 687 443 813 689 481 835 531 743 779 775 570 937 146 863 897 364 231 852 960 459 471 427 903 1003 616 416 764 959 877 0 459 734 735 933 277 437 718 391
552 469 535 311 308 328 499 675 261 309 561 437 55 583 278 490 526 522 317 685 455 611 644 230 254 600 707 420 337 293 651 750 191 282 511 707 624 459 0 481 483 681 417 303 466 257
409 144 211 586 584 230 36 682 710 584 236 112 504 590 232 498 202 530 185 518 731 374 483 505 530 275 715 696 612 569 326 426 639 557 519 714 300 734 481 0 490 688 692 579 141 532
460 478 544 587 585 337 508 288 711 586 570 445 505 197 287 51 535 69 326 593 732 519 552 507 531 598 323 697 614 570 660 759 640 558 375 320 633 735 483 490 0 264 693 580 475 533
610 675 742 785 783 535 706 50 909 783 767 643 703 134 485 251 733 253 524 743 930 668 702 704 729 748 303 895 812 768 824 957 838 756 432 82 797 933 681 688 264 0 891 778 672 731
763 679 746 222 231 539 710 885 645 215 771 647 439 793 489 701 737 733 528 895 195 821 855 322 189 810 918 222 429 385 861 961 574 281 722 917 835 277 417 692 693 891 0 236 676 349
649 566 633 56 53 425 597 772 532 50 658 534 326 680 376 587 623 619 415 782 390 708 742 208 233 697 805 156 316 272 748 847 461 84 608 804 721 437 303 579 580 778 236 0 563 235
359 129 161 570 568 214 159 666 694 569 186 62 488 575 216 482 152 514 169 468 715 323 433 489 514 225 699 680 597 553 276 376 623 541 503 699 250 718 466 141 475 672 676 563 0 516
603 519 586 243 240 379 550 725 485 241 611 487 279 633 329 541 577 573 368 735 387 661 695 62 186 650 758 352 142 98 701 801 414 213 562 757 675 391 257 532 533 731 349 235 516 0
EOF