NAME : tsp_problem
TYPE : TSP
DIMENSION : 22
EDGE_WEIGHT_TYPE : EXPLICIT
EDGE_WEIGHT_FORMAT : FULL_MATRIX
EDGE_WEIGHT_SECTION
0 630 606 544 745 555 374 251 867 838 749 822 652 800 267 401 628 887 672 487 655 680
630 0 719 297 395 921 290 660 979 950 862 935 764 913 718 480 278 1000 322 767 440 466
606 719 0 459 631 575 515 560 291 337 174 247 76 299 579 268 543 386 587 422 522 547
544 297 459 0 237 662 204 574 720 691 602 675 505 653 632 221 119 740 163 508 205 230
745 395 631 237 0 834 406 776 892 863 774 847 677 825 833 393 189 912 86 680 206 150
555 921 575 662 834 0 708 345 836 807 718 791 621 769 364 471 745 856 790 292 724 749
374 290 515 204 406 708 0 404 775 747 658 731 561 709 462 310 288 796 332 564 374 399
251 660 560 574 776 345 404 0 820 792 703 776 606 754 99 431 658 841 702 277 685 710
867 979 291 720 892 836 775 820 0 597 390 241 293 560 839 529 804 647 848 682 783 808
838 950 337 691 863 807 747 792 597 0 480 553 383 194 810 500 775 88 819 653 754 779
749 862 174 602 774 718 658 703 390 480 0 346 175 442 722 412 686 529 730 565 665 690
822 935 247 675 847 791 731 776 241 553 346 0 213 515 795 485 759 602 803 638 738 763
652 764 76 505 677 621 561 606 293 383 175 213 0 345 624 314 589 432 633 467 568 593
800 913 299 653 825 769 709 754 560 194 442 515 345 0 773 462 737 243 781 616 716 741
267 718 579 632 833 364 462 99 839 810 722 795 624 773 0 474 716 860 760 295 728 753
401 480 268 221 393 471 310 431 529 500 412 485 314 462 474 0 304 549 349 317 283 309
628 278 543 119 189 745 288 658 804 775 686 759 589 737 716 304 0 824 116 592 263 288
887 1000 386 740 912 856 796 841 647 88 529 602 432 243 860 549 824 0 868 703 803 828
672 322 587 163 86 790 332 702 848 819 730 803 633 781 760 349 116 868 0 636 270 214
487 767 422 508 680 292 564 277 682 653 565 638 467 616 295 317 592 703 636 0 571 596
655 440 522 205 206 724 374 685 783 754 665 738 568 716 728 283 263 803 270 571 0 122
680 466 547 230 150 749 399 710 808 779 690 763 593 741 753 309 288 828 214 596 122 0
EOF