NAME : tsp_problem
TYPE : TSP
DIMENSION : 20
EDGE_WEIGHT_TYPE : EXPLICIT
EDGE_WEIGHT_FORMAT : FULL_MATRIX
EDGE_WEIGHT_SECTION
0 453 329 447 342 347 547 440 331 1189 282 128 117 69 78 482 488 100 358 385
453 0 207 104 272 133 140 214 261 922 316 357 389 487 462 276 160 485 288 152
329 207 0 201 251 153 308 348 240 885 134 233 264 362 337 391 328 360 267 100
447 104 201 0 337 127 205 279 326 916 310 351 383 481 456 341 225 479 353 146
452 335 361 399 0 376 295 184 215 1218 315 356 388 486 461 227 233 483 242 418
347 133 153 127 270 0 234 308 259 869 210 252 283 381 356 370 254 379 286 99
547 140 308 205 324 234 0 144 313 1024 409 451 482 580 555 170 91 578 340 254
440 214 348 279 213 308 144 0 203 1097 302 344 375 473 448 179 82 471 229 327
456 338 365 403 230 380 298 188 0 1221 318 360 391 490 464 231 237 487 245 421
1208 921 904 936 1106 888 925 998 1095 0 1016 1112 1144 1242 1217 1060 945 1240 1122 850
282 316 134 310 205 210 409 302 194 972 0 187 218 316 291 345 351 314 221 191
128 357 233 351 247 252 451 344 236 1093 187 0 63 161 136 387 392 159 262 289
117 389 264 383 278 283 482 375 267 1124 218 63 0 151 126 418 424 148 294 321
69 487 362 481 376 381 580 473 365 1223 316 161 151 0 112 516 522 134 392 419
78 462 337 456 351 356 555 448 340 1198 291 136 126 112 0 491 497 68 367 394
482 276 391 341 256 370 170 179 245 1160 345 387 418 516 491 0 226 514 272 389
488 160 328 225 262 254 91 82 251 1044 351 392 424 522 497 226 0 519 278 274
100 485 360 479 374 379 578 471 363 1220 314 159 148 134 68 514 519 0 390 417
466 348 375 413 240 390 308 198 229 1232 329 370 401 500 475 241 247 497 0 431
385 152 100 146 308 99 254 327 297 831 191 289 321 419 394 389 274 417 324 0
EOF