NAME : tsp_problem
TYPE : TSP
DIMENSION : 34
EDGE_WEIGHT_TYPE : EXPLICIT
EDGE_WEIGHT_FORMAT : FULL_MATRIX
EDGE_WEIGHT_SECTION
0 529 479 439 292 399 432 48 50 349 545 448 523 308 465 329 378 180 1160 404 314 391 316 364 532 305 356 384 532 372 258 543 535 504
402 0 116 371 450 405 364 417 420 708 126 141 104 302 397 434 309 393 1384 410 301 172 303 509 113 528 579 494 113 378 315 124 116 85
352 116 0 321 400 355 314 367 370 658 131 91 110 252 346 384 259 343 1334 360 251 122 253 459 118 478 529 444 118 328 265 129 121 91
433 493 442 0 290 436 246 449 451 736 508 411 487 277 279 275 235 424 1204 442 333 354 335 253 495 318 327 238 495 409 346 506 498 468
390 450 400 215 0 394 208 406 408 471 465 368 444 175 241 71 197 231 958 399 290 311 292 162 452 103 154 182 452 366 303 464 455 425
398 531 481 441 294 0 434 50 52 351 547 450 525 310 467 331 380 182 1162 406 316 393 318 366 534 307 358 386 534 374 260 545 537 506
443 503 452 84 300 447 0 459 461 747 518 421 497 287 110 285 246 434 1214 452 343 364 345 263 505 328 337 248 505 419 356 516 508 478
377 511 461 420 273 380 413 0 32 330 526 429 505 289 446 310 359 161 1141 386 295 372 297 345 513 286 337 365 513 353 239 525 517 486
380 513 463 423 276 383 416 32 0 333 529 432 507 292 449 312 361 163 1144 388 298 375 300 347 516 288 340 368 516 356 241 527 519 488
599 728 678 638 490 603 631 615 617 0 743 646 722 506 663 527 576 378 1060 608 513 590 515 562 730 503 554 583 731 576 456 742 734 703
417 126 131 386 465 421 379 433 435 724 0 157 88 317 412 450 325 408 1399 426 317 187 319 524 78 544 595 509 63 393 330 74 68 74
320 141 91 289 368 324 282 336 338 627 157 0 135 220 315 353 228 311 1302 329 220 90 222 427 144 447 498 412 144 296 233 155 147 116
396 104 110 365 444 399 358 411 414 703 88 135 0 296 391 428 303 387 1378 404 295 166 297 503 90 522 573 488 75 372 309 86 80 79
243 302 252 202 175 246 195 258 260 487 317 220 296 0 227 159 150 234 1109 251 142 164 144 293 304 253 304 278 305 219 156 316 308 277
413 472 422 233 269 416 226 428 430 716 487 390 466 256 0 254 215 404 1184 421 312 334 314 232 474 297 306 217 475 389 326 486 478 447
375 434 384 200 71 378 193 391 393 508 450 353 428 159 225 0 182 268 995 383 274 296 276 198 437 139 190 219 437 351 288 448 440 409
250 309 259 114 197 253 107 265 268 557 325 228 303 150 139 182 0 241 1131 258 149 171 151 252 312 276 326 237 312 226 163 323 315 284
276 393 343 303 231 279 296 291 294 359 408 311 387 234 328 268 241 0 1099 284 175 255 177 303 395 244 295 323 396 252 119 407 399 368
1243 1302 1252 1067 876 1246 1060 1258 1261 1061 1318 1221 1296 1027 1093 913 1050 1017 0 1251 1142 1164 1144 899 1305 840 891 919 1305 1219 1095 1316 1308 1277
387 520 470 430 283 390 423 39 41 340 536 439 515 299 456 320 369 171 1151 0 305 382 307 355 523 296 347 375 523 363 249 534 526 495
146 301 251 211 290 149 204 161 164 463 317 220 295 142 236 274 149 175 1224 154 0 163 55 349 304 368 419 334 304 122 97 315 307 276
263 172 122 232 311 267 226 279 281 570 187 90 166 164 258 296 171 255 1246 272 163 0 165 371 174 390 441 356 174 240 177 186 178 147
154 303 253 213 292 157 206 170 172 471 319 222 297 144 239 276 151 177 1226 162 55 165 0 351 306 370 421 336 306 130 99 317 309 278
450 509 459 270 162 453 263 465 468 543 524 427 503 293 295 198 252 303 980 458 349 371 351 0 511 94 103 50 512 426 363 523 515 484
404 113 118 373 452 408 366 420 422 711 78 144 90 304 399 437 312 395 1386 413 304 174 306 511 0 531 582 496 65 380 317 76 71 77
469 528 478 294 103 472 287 484 487 484 544 447 522 253 319 139 276 244 921 477 368 390 370 94 531 0 86 115 531 445 322 542 534 503
520 579 529 343 154 523 337 536 538 535 595 498 573 304 369 190 326 295 973 528 419 441 421 103 582 86 0 123 582 496 373 593 585 554
434 494 444 255 182 438 248 450 452 563 509 412 488 278 280 219 237 323 1001 443 334 356 336 50 496 115 123 0 497 411 348 508 500 469
404 113 118 373 452 408 367 420 422 711 63 144 75 305 399 437 312 396 1387 413 304 174 306 512 65 531 582 497 0 381 318 61 55 61
425 559 508 468 321 428 461 77 79 378 574 477 553 337 494 358 407 209 1189 433 343 420 345 393 561 334 385 413 561 0 287 572 564 534
198 315 265 224 303 201 218 213 216 437 330 233 309 156 250 288 163 119 1177 206 97 177 99 363 317 322 373 348 318 174 0 329 321 290
416 124 129 385 464 419 378 431 434 722 74 155 86 316 410 448 323 407 1398 424 315 186 317 523 76 542 593 508 61 392 329 0 66 72
408 116 121 376 455 411 370 423 426 714 68 147 80 308 402 440 315 399 1390 416 307 178 309 515 71 534 585 500 55 384 321 66 0 67
377 85 91 346 425 380 339 392 395 683 74 116 79 277 372 409 284 368 1359 385 276 147 278 484 77 503 554 469 61 353 290 72 67 0
EOF