NAME : tsp_problem
TYPE : TSP
DIMENSION : 48
EDGE_WEIGHT_TYPE : EXPLICIT
EDGE_WEIGHT_FORMAT : FULL_MATRIX
EDGE_WEIGHT_SECTION
0 318 376 225 395 779 551 461 115 205 271 526 209 111 272 252 186 433 513 194 237 535 711 268 262 205 240 302 341 522 437 524 161 252 522 235 534 526 510 133 97 302 165 87 356 243 522 381
318 0 119 190 103 781 533 203 239 171 157 268 133 305 109 87 156 176 255 149 234 277 983 103 149 171 236 76 83 265 179 266 260 125 264 290 276 269 252 249 280 89 248 366 64 101 264 123
376 119 0 248 196 872 625 123 298 264 216 188 191 364 167 145 215 96 175 207 293 197 1041 162 208 264 329 169 66 185 99 186 318 218 185 349 196 189 173 308 338 182 307 425 157 160 184 73
225 190 248 0 267 940 697 333 178 335 138 398 140 143 140 183 117 305 385 125 72 407 897 135 130 336 400 240 212 394 309 396 98 289 394 129 406 398 382 294 258 253 87 208 228 174 394 253
353 355 446 514 0 713 457 531 372 209 485 595 398 426 436 352 421 503 583 414 552 604 1018 431 476 209 160 307 410 592 506 594 476 256 592 550 604 596 580 277 307 307 480 401 370 366 591 450
680 801 892 867 841 0 907 976 749 655 905 1041 843 753 881 797 821 948 1028 829 879 1050 981 876 897 655 620 752 856 1038 952 1039 803 702 1037 877 1049 1042 1025 722 731 753 807 728 816 812 1037 896
446 153 246 318 131 817 0 331 367 276 285 396 260 433 236 214 284 303 383 277 362 405 1110 231 277 276 265 181 211 392 307 394 388 230 392 418 404 396 380 377 408 193 376 494 117 229 392 251
461 203 123 333 280 957 710 0 383 349 301 109 276 448 252 230 300 80 97 292 377 118 1126 246 292 349 414 254 150 106 84 108 403 303 106 434 117 110 94 393 423 267 391 509 241 245 105 113
115 239 298 178 316 798 570 383 0 224 192 447 130 188 194 173 108 355 434 116 222 456 779 189 184 224 260 290 262 444 358 446 237 271 444 278 455 448 432 153 116 303 236 163 277 165 443 302
205 171 264 335 225 635 407 349 224 0 303 414 249 278 254 203 273 321 401 265 379 422 869 249 295 47 96 123 228 410 325 412 327 94 410 401 422 414 398 128 159 123 331 253 186 218 410 268
335 296 355 138 373 1046 803 439 284 442 0 504 246 254 246 289 224 412 491 232 183 513 1007 241 57 442 507 347 319 501 415 502 208 396 500 239 512 505 488 401 364 359 197 318 334 281 500 359
526 268 188 398 345 1022 775 109 447 414 365 0 341 513 316 295 364 145 30 357 442 134 1190 311 357 414 479 318 215 39 149 41 468 368 43 498 133 126 110 457 488 331 456 574 306 309 39 177
209 133 191 140 210 824 595 276 130 249 154 341 0 255 156 67 48 248 328 40 184 350 874 151 146 249 285 183 155 337 252 339 210 232 337 240 349 341 325 247 210 196 198 257 171 58 337 196
111 305 364 143 382 852 624 448 188 278 253 513 255 0 255 298 232 421 500 240 155 522 783 250 245 278 313 356 328 510 424 511 79 325 509 212 521 514 497 206 170 368 83 94 343 290 509 368
272 109 167 140 185 862 615 252 194 254 107 316 156 255 0 135 133 224 304 141 184 325 937 104 99 254 319 159 131 313 228 315 210 208 313 240 325 317 301 298 274 172 198 319 147 150 312 171
252 87 145 183 164 778 549 230 173 203 184 295 67 298 135 0 90 202 282 83 227 304 916 130 176 204 239 137 109 291 206 293 253 186 291 283 303 295 279 214 244 150 241 300 125 35 291 150
186 156 215 117 233 847 619 300 108 273 132 364 48 232 133 90 0 272 352 46 161 373 851 129 123 273 309 207 179 361 275 363 187 256 361 218 373 365 349 224 188 220 176 234 195 82 360 219
433 176 96 305 253 929 682 80 355 321 273 145 248 421 224 202 272 0 132 264 349 154 1098 219 265 321 386 226 123 142 35 143 375 275 141 406 153 146 129 365 395 239 364 481 214 217 141 85
513 255 175 385 332 1009 762 97 434 401 352 30 328 500 304 282 352 132 0 344 429 121 1178 298 344 401 466 306 202 26 136 28 455 355 30 485 121 113 97 444 475 318 443 561 293 296 26 165
194 149 207 125 226 840 611 292 116 265 140 357 40 240 141 83 46 264 344 0 169 366 859 137 131 266 301 199 172 353 268 355 195 248 353 226 365 357 341 232 196 212 184 242 187 74 353 212
237 234 293 72 311 978 741 377 222 379 182 442 184 155 184 227 161 349 429 169 0 451 909 179 174 380 439 284 257 439 353 440 110 334 438 95 450 443 426 332 296 297 98 220 272 218 438 297
535 277 197 407 354 1030 784 118 456 422 374 134 350 522 325 304 373 154 121 366 451 0 1199 320 366 423 488 327 224 131 158 132 477 377 131 507 76 69 64 466 497 340 465 583 315 318 130 186
629 901 959 815 978 982 1133 1044 697 788 853 1109 792 702 855 835 769 1016 1096 777 827 1117 0 850 845 788 823 885 923 1105 1020 1107 751 835 1105 825 1117 1109 1093 716 680 885 755 677 939 826 1105 963
268 103 162 135 180 857 610 246 189 249 103 311 151 250 104 130 129 219 298 137 179 320 932 0 94 249 314 154 126 308 222 309 205 203 308 236 319 312 296 292 269 167 193 315 141 145 307 166
313 274 332 116 351 1024 781 417 262 419 222 482 224 231 224 266 201 389 469 209 160 490 985 219 0 419 484 324 296 478 393 480 186 373 478 216 490 482 466 378 341 337 174 295 312 258 478 336
205 171 264 336 225 636 407 349 224 47 303 414 249 278 254 204 273 321 401 266 380 423 870 249 295 0 97 123 228 410 325 412 327 94 410 402 422 414 398 128 159 123 332 253 186 218 410 269
240 242 333 401 291 600 358 418 260 96 372 483 285 313 323 239 309 390 470 301 439 492 905 318 364 97 0 194 297 479 394 481 363 144 479 437 491 483 467 164 194 194 367 289 257 254 479 338
302 76 169 240 130 733 504 254 290 123 208 318 183 356 159 137 207 226 306 199 284 327 967 154 200 123 194 0 133 315 230 317 310 77 315 341 327 319 303 226 256 63 299 350 91 152 315 173
341 83 66 212 160 836 590 150 262 228 180 215 155 328 131 109 179 123 202 172 257 224 1005 126 172 228 293 133 0 212 126 213 282 182 212 313 223 216 200 272 303 146 271 389 121 124 211 70
522 265 185 394 342 1018 772 106 444 410 362 39 337 510 313 291 361 142 26 353 439 131 1187 308 354 410 475 315 212 0 145 38 464 364 40 495 130 123 106 454 485 328 453 571 303 306 35 174
437 179 99 309 256 933 686 84 358 325 276 149 252 424 228 206 275 35 136 268 353 158 1102 222 268 325 390 230 126 145 0 147 379 279 145 409 157 149 133 368 399 242 367 485 217 220 145 89
524 266 186 396 343 1020 773 108 446 412 364 41 339 511 315 293 363 143 28 355 440 132 1189 309 355 412 477 317 213 38 147 0 466 366 41 497 132 124 108 456 486 330 454 572 304 308 37 176
161 260 318 98 337 902 673 403 237 327 208 468 210 79 210 253 187 375 455 195 110 477 833 205 200 327 363 310 282 464 379 466 0 359 464 166 476 468 452 256 219 323 38 143 298 244 464 323
252 125 218 289 179 683 454 303 271 94 257 368 232 325 208 186 256 275 355 248 334 377 917 203 249 94 144 77 182 364 279 366 359 0 364 390 376 368 352 175 206 77 348 300 140 201 364 222
522 264 185 394 341 1018 771 106 444 410 362 43 337 509 313 291 361 141 30 353 438 131 1187 308 353 410 475 315 212 40 145 41 464 364 0 495 130 122 106 454 484 328 452 570 303 306 39 174
235 290 349 129 367 976 747 434 278 401 239 498 240 212 240 283 218 406 485 226 95 507 907 236 230 402 437 341 313 495 409 497 166 390 495 0 506 499 483 330 293 354 155 183 328 275 494 353
534 276 196 406 353 1030 783 117 455 422 373 133 349 521 325 303 373 153 121 365 450 76 1199 319 365 422 487 327 223 130 157 132 476 376 130 506 0 68 63 465 496 339 464 582 314 317 129 186
526 269 189 398 346 1022 776 110 448 414 366 126 341 514 317 295 365 146 113 357 443 69 1191 312 358 414 479 319 216 123 149 124 468 368 122 499 68 0 55 458 489 332 457 575 307 310 122 178
510 252 173 382 329 1006 759 94 432 398 350 110 325 497 301 279 349 129 97 341 426 64 1175 296 341 398 463 303 200 106 133 108 452 352 106 483 63 55 0 442 472 316 440 558 291 294 106 162
133 249 308 294 326 703 474 393 153 128 309 457 247 206 298 214 224 365 444 232 332 466 798 292 300 128 164 226 272 454 368 456 256 175 454 330 465 458 442 0 87 226 260 182 287 228 453 312
97 280 338 258 357 733 505 423 116 159 272 488 210 170 274 244 188 395 475 196 296 497 761 269 264 159 194 256 303 485 399 486 219 206 484 293 496 489 472 87 0 257 224 145 318 245 484 343
302 89 182 253 143 733 504 267 303 123 221 331 196 368 172 150 220 239 318 212 297 340 967 167 212 123 194 63 146 328 242 330 323 77 328 354 339 332 316 226 257 0 311 351 104 165 327 186
165 248 307 87 325 906 677 391 236 331 196 456 198 83 198 241 176 364 443 184 98 465 837 193 188 332 367 299 271 453 367 454 38 348 452 155 464 457 440 260 224 311 0 148 286 233 452 311
87 366 425 208 443 827 599 509 163 253 318 574 257 94 319 300 234 481 561 242 220 583 759 315 309 253 289 350 389 571 485 572 143 300 570 183 582 575 558 182 145 351 148 0 404 292 570 429
356 64 157 228 67 753 497 241 277 186 195 306 171 343 147 125 195 214 293 187 272 315 1021 141 187 186 200 91 121 303 217 304 298 140 303 328 314 307 291 287 318 104 286 404 0 139 302 161
243 101 160 174 178 792 564 245 165 218 189 309 58 290 150 35 82 217 296 74 218 318 908 145 180 218 254 152 124 306 220 308 244 201 306 275 317 310 294 228 245 165 233 292 139 0 305 164
522 264 184 394 341 1018 771 105 443 410 361 39 337 509 312 291 360 141 26 353 438 130 1186 307 353 410 475 315 211 35 145 37 464 364 39 494 129 122 106 453 484 327 452 570 302 305 0 173
381 123 73 253 200 876 630 113 302 268 220 177 196 368 171 150 219 85 165 212 297 186 1045 166 212 269 334 173 70 174 89 176 323 222 174 353 186 178 162 312 343 186 311 429 161 164 173 0
EOF