NAME : tsp_problem
TYPE : TSP
DIMENSION : 80
EDGE_WEIGHT_TYPE : EXPLICIT
EDGE_WEIGHT_FORMAT : FULL_MATRIX
EDGE_WEIGHT_SECTION
0 280 404 417 483 976 231 435 270 280 411 316 272 468 1031 191 231 322 492 287 336 333 219 206 341 248 250 290 301 302 851 481 469 333 494 407 481 817 379 258 389 319 235 338 836 483 277 480 302 374 348 499 237 485 480 347 399 349 1508 278 471 239 494 243 478 499 289 302 322 321 412 155 489 356 910 835 485 345 1029 231
171 0 151 163 265 728 161 216 243 43 157 98 87 249 1023 260 300 68 273 356 117 271 149 157 126 317 223 359 86 87 844 263 251 115 276 154 263 563 125 140 135 319 166 119 582 265 250 230 367 159 129 281 306 267 262 128 261 130 1260 46 253 126 276 174 260 251 44 83 68 67 273 224 270 102 903 582 267 127 781 112
452 309 0 405 545 614 442 497 333 313 399 378 305 530 1012 429 388 329 554 434 398 251 430 375 246 477 334 447 283 282 832 543 531 395 556 181 543 441 210 358 214 307 446 400 460 545 304 108 356 209 410 561 380 547 542 409 242 411 1145 316 533 344 556 454 540 197 314 364 328 327 253 495 551 344 891 459 547 407 667 392
437 295 378 0 531 600 428 482 319 299 384 364 291 515 998 415 374 314 540 420 384 237 416 361 232 463 320 433 269 268 818 529 517 381 542 166 529 427 196 344 200 293 432 385 446 531 290 94 342 194 396 547 365 533 528 395 228 397 1131 302 519 330 542 440 526 183 300 350 314 313 239 480 537 330 877 445 533 393 653 378
375 265 389 402 0 965 365 90 446 265 396 203 291 61 1227 464 504 307 126 559 179 474 353 360 329 521 426 563 289 291 1047 115 104 181 129 392 33 802 364 343 374 522 369 184 821 39 453 468 571 363 164 133 509 119 114 166 465 177 1496 263 52 329 128 377 30 487 274 211 307 306 476 427 40 341 1106 820 37 166 1018 315
641 676 800 813 879 0 632 831 479 676 807 712 609 864 926 526 484 718 888 531 732 441 620 544 588 573 480 544 625 624 746 877 866 729 890 580 877 886 609 595 614 404 636 734 905 879 450 558 452 551 744 895 476 881 876 743 506 745 895 674 867 576 890 644 874 606 685 698 718 717 519 591 885 752 599 904 881 741 417 632
82 300 425 438 504 997 0 455 291 301 431 337 293 488 1051 212 252 343 512 308 356 354 61 227 361 269 270 311 321 323 872 502 490 354 515 428 502 837 399 279 410 339 77 358 856 504 298 501 322 395 368 520 257 506 501 367 419 369 1528 298 492 259 515 85 499 520 310 322 342 341 433 175 509 377 931 856 506 366 1050 252
326 216 341 353 90 916 316 0 398 217 347 155 242 74 1178 415 455 258 99 511 130 426 304 312 281 472 377 514 241 242 999 88 76 132 101 344 88 753 315 295 325 474 320 136 772 90 405 420 522 314 116 106 461 92 87 118 416 128 1447 214 78 281 101 329 85 439 226 163 258 257 428 379 96 293 1058 772 92 118 969 267
208 243 367 380 446 753 199 398 0 244 374 279 176 431 827 244 203 285 455 250 299 110 187 111 245 292 52 263 205 207 647 444 433 296 458 249 445 608 278 162 283 122 203 301 627 447 80 257 171 220 311 462 195 448 443 310 175 312 1284 241 435 143 457 211 441 276 252 265 285 284 189 214 452 319 707 626 448 308 806 199
172 43 155 168 265 733 162 217 244 0 162 98 88 250 1024 261 301 73 274 357 118 272 150 158 126 318 223 360 86 88 844 263 252 115 277 158 264 568 130 141 140 319 166 120 587 266 250 235 368 160 130 281 306 267 262 129 262 131 1264 51 254 127 277 174 260 256 49 84 73 72 273 224 271 107 904 586 268 127 786 112
455 312 395 408 548 617 445 500 337 317 0 381 309 533 1015 433 391 332 557 438 401 255 433 378 249 480 338 451 287 285 835 546 535 398 560 184 547 444 213 361 218 310 449 403 463 549 307 111 359 212 413 564 383 550 545 412 245 414 1149 319 537 347 560 457 543 200 317 367 332 331 256 498 554 347 895 463 551 410 670 395
207 98 222 235 203 798 198 155 279 98 229 0 124 188 1060 297 337 140 212 392 56 307 186 193 162 354 259 395 122 124 880 201 190 53 215 225 202 634 196 176 207 355 202 58 653 204 286 301 404 196 68 219 342 205 200 67 298 69 1329 96 192 162 214 210 198 320 107 55 139 139 309 260 209 174 939 653 205 65 850 148
197 87 212 225 291 725 188 242 176 88 218 124 0 275 957 253 293 130 299 348 143 235 176 90 89 310 156 351 49 51 777 289 277 141 302 215 289 580 186 73 197 252 192 145 599 291 183 229 301 123 155 307 298 293 288 154 225 156 1256 85 279 59 302 200 286 248 97 109 129 128 236 216 296 164 836 598 293 153 778 138
359 249 374 387 61 949 349 74 431 250 380 188 275 0 1211 448 488 292 111 544 163 459 337 345 314 505 410 547 274 275 1032 100 88 165 113 377 60 786 348 328 358 507 353 169 805 65 438 453 555 347 149 118 494 104 99 151 449 161 1481 247 79 314 113 362 56 472 259 196 291 290 461 412 67 326 1091 805 63 151 1002 300
989 1023 1148 1161 1227 1036 979 1178 827 1024 1155 1060 957 1211 0 873 832 1066 1236 879 1079 788 967 891 936 921 828 891 973 972 309 1225 1213 1077 1238 928 1225 1286 957 943 961 751 983 1081 1305 1227 798 935 800 898 1091 1243 824 1229 1224 1091 854 1092 1793 1021 1215 923 1238 991 1222 954 1033 1045 1065 1064 867 939 1233 1100 578 1305 1229 1089 1314 980
221 260 385 398 464 849 212 415 244 261 392 297 253 448 873 0 74 303 473 223 316 206 200 187 321 193 230 235 281 283 694 462 450 314 475 345 462 704 359 239 370 161 216 318 723 464 215 353 144 316 328 480 79 466 461 328 271 329 1380 258 452 219 475 224 459 372 270 282 302 301 284 99 470 337 753 722 466 326 902 212
261 300 425 438 504 808 252 455 203 301 432 337 293 488 832 74 0 343 513 182 356 164 240 227 312 224 204 195 321 323 652 502 490 354 515 304 502 663 333 279 338 120 256 358 682 504 174 311 103 275 369 520 38 506 501 368 230 370 1339 298 492 259 515 264 499 330 310 323 342 342 243 139 510 377 712 681 506 366 861 252
214 68 127 139 307 712 204 258 285 73 133 140 130 292 1066 303 343 0 316 398 160 313 192 199 168 360 265 402 128 130 886 305 293 157 318 174 305 539 145 182 155 361 208 162 558 307 292 206 410 202 172 323 348 309 304 171 304 173 1243 76 295 168 318 216 302 271 74 126 58 57 315 266 313 79 945 558 309 169 765 154
383 273 398 411 126 974 374 99 455 274 405 212 299 111 1236 473 513 316 0 568 188 483 362 369 338 529 435 571 298 300 1056 77 65 189 71 401 124 810 372 352 383 531 378 193 829 126 462 477 579 372 173 76 518 75 63 175 474 186 1505 271 114 338 71 386 121 496 283 220 315 314 485 436 132 350 1115 829 128 175 1026 324
317 356 481 493 559 854 307 511 250 357 487 392 348 544 879 223 182 398 568 0 412 211 295 283 359 65 251 61 377 379 699 557 546 409 571 350 558 709 380 334 384 167 311 414 728 560 220 358 113 321 424 576 173 562 557 423 276 425 1385 354 548 315 571 319 554 377 366 378 398 397 290 166 565 432 758 727 562 421 907 308
227 117 242 255 179 817 217 130 299 118 248 56 143 163 1079 316 356 160 188 412 0 327 205 213 182 373 279 415 142 143 900 177 165 62 190 245 177 654 216 196 227 375 222 66 673 179 306 321 423 215 77 195 362 181 176 76 317 78 1349 115 167 182 190 230 174 340 127 64 159 158 329 280 185 194 959 673 181 74 870 168
272 271 396 408 474 671 262 426 110 272 402 307 235 459 788 206 164 313 483 211 327 0 250 174 176 253 111 224 213 212 609 472 461 324 486 167 473 526 197 226 201 84 266 329 545 475 80 175 132 138 339 491 156 477 472 338 93 340 1202 269 463 206 486 274 469 194 281 293 313 312 107 271 480 347 668 544 477 336 724 262
70 288 413 426 492 985 61 443 279 289 419 325 281 476 1039 200 240 331 500 296 344 342 0 215 349 257 258 299 309 311 860 490 478 341 503 416 490 825 387 267 398 327 65 346 844 492 286 489 310 383 356 508 245 494 489 355 407 357 1516 286 480 247 503 73 487 508 298 310 330 329 421 163 497 365 919 844 494 354 1038 240
145 157 282 294 360 795 135 312 111 158 288 193 90 345 891 187 227 199 369 283 213 174 123 0 159 244 90 286 119 121 712 358 347 210 372 285 359 649 256 76 266 187 139 215 668 361 118 298 235 193 225 376 232 363 358 224 240 226 1326 155 349 57 372 147 355 317 167 179 199 198 253 150 366 233 771 668 363 222 847 136
236 126 250 263 329 666 226 281 245 126 257 162 89 314 936 321 312 168 338 359 182 176 214 159 0 378 224 372 70 69 756 327 315 179 340 162 327 521 191 142 196 231 230 184 540 329 228 170 280 64 194 345 304 331 326 193 166 195 1197 124 317 128 340 238 324 188 135 148 168 167 177 285 335 202 816 539 331 191 719 176
278 317 442 455 521 896 269 472 292 318 448 354 310 505 921 193 224 360 529 65 373 253 257 244 378 0 287 69 338 340 741 519 507 371 532 392 519 751 416 296 426 209 273 375 770 521 263 400 155 363 385 537 216 523 518 384 319 386 1428 315 509 276 532 281 516 419 327 339 359 358 332 127 526 394 800 770 523 383 949 269
188 223 347 360 426 754 178 377 52 223 354 259 156 410 828 230 204 265 435 251 279 111 166 90 224 287 0 264 185 186 648 424 412 276 437 250 424 609 279 142 284 123 182 280 628 426 59 258 172 221 291 442 196 428 423 290 176 292 1285 221 414 122 437 191 421 277 232 245 264 264 189 194 432 299 708 627 428 288 807 179
320 359 484 497 563 867 310 514 263 360 490 395 351 547 891 235 195 402 571 61 415 224 298 286 372 69 264 0 380 382 712 560 549 412 574 363 561 722 392 337 397 179 315 417 741 563 233 371 126 334 427 579 186 565 560 426 289 428 1398 357 551 318 574 323 558 390 369 381 401 400 303 169 568 436 771 740 565 425 920 311
196 86 210 223 289 703 186 241 205 86 217 122 49 274 973 281 321 128 298 377 142 213 174 119 70 338 185 380 0 49 793 287 276 139 300 199 288 558 185 102 195 268 190 144 577 289 212 207 317 101 154 305 327 291 286 153 203 155 1234 84 277 88 300 198 284 226 95 108 128 127 214 245 295 162 853 576 291 151 756 136
197 87 212 225 291 702 188 242 207 88 219 124 51 275 972 283 323 130 300 379 143 212 176 121 69 340 186 382 49 0 792 289 277 141 302 198 289 557 186 104 197 267 192 145 576 291 214 206 316 100 156 307 328 293 288 155 202 156 1233 85 279 90 302 200 286 224 97 110 129 128 213 246 297 164 852 575 293 153 755 138
809 844 968 981 1047 857 800 999 647 844 975 880 777 1032 309 694 652 886 1056 699 900 609 788 712 756 741 648 712 793 792 0 1045 1034 897 1058 748 1046 1107 777 763 782 572 804 902 1126 1047 618 756 620 719 912 1063 644 1049 1044 911 674 913 1613 842 1035 744 1058 812 1042 774 853 866 886 885 687 759 1053 920 481 1125 1049 909 1135 800
372 263 387 400 115 963 363 88 444 263 394 201 289 100 1225 462 502 305 77 557 177 472 351 358 327 519 424 560 287 289 1045 0 73 179 80 390 113 799 361 341 372 520 367 182 818 115 451 466 569 361 162 84 507 83 72 164 463 175 1494 261 103 327 80 375 110 485 272 209 304 304 474 425 121 339 1104 818 117 164 1015 313
361 251 376 388 104 951 351 76 433 252 382 190 277 88 1213 450 490 293 65 546 165 461 339 347 315 507 412 549 276 277 1034 73 0 167 68 379 102 788 350 330 360 509 355 171 807 104 440 455 557 349 151 72 495 71 59 153 451 163 1482 249 92 316 67 363 99 474 261 198 293 292 463 414 109 327 1093 807 106 153 1004 302
224 115 239 252 181 815 215 132 296 115 246 53 141 165 1077 314 354 157 189 409 62 324 203 210 179 371 276 412 139 141 897 179 167 0 192 242 179 651 213 193 224 372 219 64 670 181 303 318 421 213 74 197 359 183 178 73 315 75 1346 113 169 179 192 227 176 337 124 61 156 156 326 277 186 191 956 670 183 71 867 165
386 276 401 413 129 976 376 101 458 277 407 215 302 113 1238 475 515 318 71 571 190 486 364 372 340 532 437 574 300 302 1058 80 68 192 0 404 127 813 375 355 385 533 380 196 832 129 465 480 582 374 176 79 520 78 66 178 476 188 1507 274 117 341 74 388 124 499 286 223 318 317 487 438 134 352 1118 831 131 178 1029 326
299 154 256 269 392 600 289 344 249 158 262 225 215 377 928 345 304 174 401 350 245 167 277 285 162 392 250 363 199 198 748 390 379 242 404 0 391 455 111 267 116 223 293 247 474 393 220 104 272 124 257 408 295 394 389 256 158 258 1132 161 381 253 403 301 387 123 159 211 173 172 169 351 398 208 807 474 394 254 653 239
373 263 388 400 33 963 363 88 445 264 394 202 289 60 1225 462 502 305 124 558 177 473 351 359 327 519 424 561 288 289 1046 113 102 179 127 391 0 800 362 342 372 521 367 183 819 37 452 467 569 361 163 132 507 118 113 165 463 175 1494 261 51 328 127 375 28 486 273 210 305 304 475 425 39 339 1105 818 35 165 1016 314
268 123 149 161 361 734 258 313 340 128 155 194 184 346 1120 357 397 99 370 453 214 368 246 254 222 414 319 456 182 184 940 359 348 211 373 228 360 0 199 237 210 415 262 216 580 362 346 228 464 256 226 377 402 363 358 225 358 227 1265 130 350 223 373 270 356 317 128 180 110 91 369 320 367 100 1000 579 364 223 787 208
270 125 227 240 364 630 260 315 278 130 234 196 186 348 957 359 333 145 372 380 216 197 248 256 191 416 279 392 185 186 777 361 350 213 375 111 362 484 0 239 100 252 265 218 503 364 249 133 301 154 228 380 325 366 361 227 187 229 1161 132 352 225 375 273 359 152 130 182 145 144 198 323 369 179 837 503 366 226 683 211
196 140 264 277 343 778 187 295 162 141 271 176 73 328 943 239 279 182 352 334 196 226 175 76 142 296 142 337 102 104 763 341 330 193 355 267 342 632 239 0 249 238 191 198 651 344 169 281 287 176 208 359 284 345 340 207 278 209 1309 138 332 54 354 199 338 300 149 162 182 181 289 202 349 216 822 651 345 205 830 187
280 135 237 250 374 634 271 325 283 140 244 207 197 358 961 370 338 155 383 384 227 201 259 266 196 426 284 397 195 197 782 372 360 224 385 116 372 489 100 249 0 257 275 228 508 374 254 138 305 158 239 390 329 376 371 238 191 240 1165 143 362 235 385 283 369 157 141 193 155 154 203 333 380 189 841 507 376 236 687 221
284 319 443 456 522 727 275 474 122 319 450 355 252 507 751 161 120 361 531 167 375 84 263 187 231 209 123 179 268 267 572 520 509 372 533 223 521 582 252 238 257 0 279 377 601 522 93 231 88 194 387 538 112 524 519 386 149 388 1258 317 510 219 533 287 517 249 328 341 361 360 162 227 528 395 631 600 524 384 780 275
249 288 413 425 491 985 239 443 278 289 419 324 280 476 1039 200 240 330 500 295 344 342 227 215 349 257 258 298 309 311 859 489 478 341 503 416 490 825 387 266 397 327 0 346 844 492 285 488 310 383 356 507 245 494 489 355 407 357 1516 286 480 247 503 251 486 507 298 310 330 329 420 163 497 364 919 843 494 353 1037 240
229 119 244 257 184 819 219 136 301 120 250 58 145 169 1081 318 358 162 193 414 66 329 207 215 184 375 280 417 144 145 902 182 171 64 196 247 183 656 218 198 228 377 223 0 675 185 308 323 425 217 79 200 364 186 181 78 319 80 1351 117 173 184 195 232 179 342 129 66 161 160 331 282 190 196 961 675 186 76 872 170
249 104 129 142 342 715 239 294 321 108 136 175 165 327 1101 338 378 80 351 434 195 349 227 235 203 395 300 437 163 165 921 340 329 192 354 209 341 542 180 217 191 396 243 197 0 343 327 209 445 237 207 358 383 344 339 206 339 208 1246 111 331 203 353 251 337 298 109 161 91 71 350 301 348 81 981 560 344 204 768 189
375 265 390 402 39 965 365 90 447 266 396 204 291 65 1227 464 504 307 126 560 179 475 353 361 329 521 426 563 289 291 1047 115 104 181 129 393 37 802 364 344 374 522 369 185 821 0 454 469 571 363 165 134 509 120 115 167 465 177 1496 263 56 330 129 377 34 488 275 212 307 306 476 427 45 341 1107 820 41 167 1018 315
215 250 374 387 453 724 206 405 80 250 381 286 183 438 798 215 174 292 462 220 306 80 194 118 228 263 59 233 212 214 618 451 440 303 465 220 452 578 249 169 254 93 210 308 597 454 0 227 142 191 318 469 166 455 450 317 146 319 1255 248 442 150 464 218 448 246 259 272 292 291 159 221 459 326 677 597 455 315 777 206
375 232 334 347 468 537 365 420 257 237 340 301 229 453 935 353 311 252 477 358 321 175 353 298 170 400 258 371 207 206 756 466 455 318 480 104 467 383 133 281 138 231 369 323 402 469 227 0 279 132 333 485 303 471 466 332 165 334 1069 239 457 267 480 377 463 121 237 287 252 251 176 418 474 286 815 401 471 330 590 316
332 367 492 505 571 775 322 522 171 368 499 404 301 555 800 144 103 410 579 113 423 132 310 235 280 155 172 126 317 316 620 569 557 421 582 272 569 630 301 287 305 88 326 425 649 571 142 279 0 242 435 587 95 573 568 435 198 436 1307 365 559 267 582 334 566 298 377 389 409 408 211 209 576 444 680 649 573 433 828 322
269 159 284 297 363 628 260 314 220 160 291 196 123 347 898 316 275 202 372 321 215 138 248 193 64 363 221 334 101 100 719 361 349 213 374 124 361 483 154 176 158 194 264 217 502 363 191 132 242 0 228 379 266 365 360 227 128 229 1159 157 351 162 374 272 358 151 169 182 201 201 140 318 369 236 778 502 365 225 681 210
239 129 254 267 164 830 230 116 311 130 261 68 155 149 1091 328 369 172 173 424 77 339 218 225 194 385 291 427 154 156 912 162 151 74 176 257 163 666 228 208 239 387 234 79 685 165 318 333 435 228 0 181 374 167 162 88 330 90 1361 127 153 194 176 242 159 352 139 76 171 170 341 292 170 206 971 685 167 86 882 180
391 281 405 418 133 981 381 106 462 281 412 219 307 118 1243 480 520 323 76 576 195 491 369 376 345 537 442 579 305 307 1063 84 72 197 79 408 132 818 380 359 390 538 385 200 837 134 469 485 587 379 181 0 525 83 71 183 481 193 1512 279 122 345 79 393 128 503 290 227 323 322 492 443 139 357 1123 836 136 182 1034 331
267 306 430 443 509 799 257 461 195 306 437 342 298 494 824 79 38 348 518 173 362 156 245 232 304 216 196 186 327 328 644 507 495 359 520 295 507 654 325 284 329 112 261 364 673 509 166 303 95 266 374 525 0 511 506 373 222 375 1331 304 497 265 520 269 504 322 315 328 348 347 235 144 515 382 703 673 511 371 852 257
377 267 391 404 119 967 367 92 448 267 398 205 293 104 1229 466 506 309 75 562 181 477 355 363 331 523 428 565 291 293 1049 83 71 183 78 394 118 804 366 345 376 524 371 186 823 120 455 471 573 365 167 83 511 0 70 169 467 179 1498 265 108 331 78 379 114 490 276 213 309 308 478 429 125 343 1109 822 122 168 1020 317
372 262 386 399 114 962 362 87 443 262 393 200 288 99 1224 461 501 304 63 557 176 472 350 358 326 518 423 560 286 288 1044 72 59 178 66 389 113 799 361 340 371 519 366 181 818 115 450 466 568 360 162 71 506 70 0 164 462 174 1493 260 103 326 66 374 109 485 271 208 304 303 473 424 120 338 1104 817 117 163 1015 312
238 128 253 266 166 829 229 118 310 129 260 67 154 151 1091 328 368 171 175 423 76 338 217 224 193 384 290 426 153 155 911 164 153 73 178 256 165 665 227 207 238 386 233 78 684 167 317 332 435 227 88 183 373 169 164 0 329 89 1360 126 155 193 178 241 161 351 138 75 170 169 340 291 172 205 970 684 169 85 881 179
337 261 386 399 465 662 328 416 175 262 393 298 225 449 854 271 230 304 474 276 317 93 316 240 166 319 176 289 203 202 674 463 451 315 476 158 463 516 187 278 191 149 332 319 535 465 146 165 198 128 330 481 222 467 462 329 0 331 1193 259 453 264 476 340 460 184 271 284 303 303 102 337 471 338 733 535 467 327 714 312
240 130 255 268 177 830 231 128 312 131 261 69 156 161 1092 329 370 173 186 425 78 340 219 226 195 386 292 428 155 156 913 175 163 75 188 258 175 667 229 209 240 388 235 80 686 177 319 334 436 229 90 193 375 179 174 89 331 0 1362 128 165 195 188 243 172 353 140 77 172 171 342 293 183 207 972 686 179 87 883 181
1397 1279 1368 1380 1515 894 1387 1467 1235 1284 1374 1348 1276 1500 1681 1281 1240 1299 1524 1286 1368 1196 1375 1299 1217 1329 1236 1299 1254 1253 1501 1513 1502 1365 1527 1151 1514 1416 1180 1328 1185 1159 1391 1370 1435 1516 1205 1088 1208 1179 1380 1532 1231 1518 1513 1379 1212 1381 0 1286 1504 1314 1527 1399 1510 1168 1284 1334 1299 1298 1223 1346 1521 1319 1354 1435 1518 1377 522 1363
169 46 158 171 263 736 159 214 241 51 164 96 85 247 1021 258 298 76 271 354 115 269 147 155 124 315 221 357 84 85 842 261 249 113 274 161 261 570 132 138 143 317 164 117 589 263 248 238 365 157 127 279 304 265 260 126 259 128 1267 0 251 124 274 172 258 258 51 81 75 74 271 222 268 110 901 589 265 125 788 110
363 253 377 390 52 953 353 78 435 254 384 192 279 79 1215 452 492 295 114 548 167 463 341 349 317 509 414 551 277 279 1035 103 92 169 117 381 51 790 352 332 362 510 357 173 809 56 442 457 559 351 153 122 497 108 103 155 453 165 1484 251 0 318 117 365 47 476 262 200 295 294 464 415 58 329 1095 808 54 155 1006 303
177 126 250 263 329 764 167 281 143 127 257 162 59 314 923 219 259 168 338 315 182 206 155 57 128 276 122 318 88 90 744 327 316 179 341 253 328 618 225 54 235 219 171 184 637 330 150 267 267 162 194 345 265 331 326 193 264 195 1295 124 318 0 340 179 324 286 135 148 168 167 275 183 335 202 803 637 331 191 816 168
386 276 400 413 128 976 376 101 457 277 407 214 302 113 1238 475 515 318 71 571 190 486 364 372 340 532 437 574 300 302 1058 80 67 192 74 403 127 813 375 354 385 533 380 195 832 129 464 480 582 374 176 79 520 78 66 178 476 188 1507 274 117 340 0 388 123 499 285 222 318 317 487 438 134 352 1118 831 131 177 1029 326
249 288 413 426 492 985 240 443 279 289 420 325 281 476 1040 200 240 331 501 296 344 342 228 215 349 257 258 299 309 311 860 490 478 342 503 416 490 825 387 267 398 327 244 346 844 492 286 489 310 383 357 508 245 494 489 356 408 358 1516 286 480 247 503 0 487 508 298 311 330 330 421 163 498 365 919 844 494 354 1038 240
370 260 384 397 30 960 360 85 441 260 391 198 286 56 1222 459 499 302 121 554 174 469 348 355 324 516 421 558 284 286 1042 110 99 176 124 387 28 797 359 338 369 517 364 179 816 34 448 463 566 358 159 128 504 114 109 161 460 172 1491 258 47 324 123 372 0 482 269 206 302 301 471 422 35 336 1101 815 32 161 1013 310
394 251 353 366 487 617 384 439 276 256 360 320 248 472 954 372 330 271 496 377 340 194 372 317 188 419 277 390 226 224 774 485 474 337 499 123 486 472 152 300 157 249 388 342 491 488 246 121 298 151 352 503 322 490 485 351 184 353 1148 258 476 286 499 396 482 0 256 306 271 270 195 437 493 305 834 490 490 349 670 334
181 44 156 169 274 734 171 226 252 49 162 107 97 259 1033 270 310 74 283 366 127 281 159 167 135 327 232 369 95 97 853 272 261 124 286 159 273 568 130 149 141 328 175 129 587 275 259 236 377 169 139 290 315 276 271 138 271 140 1265 51 262 135 285 183 269 256 0 93 73 72 282 233 280 108 913 587 276 136 786 121
193 83 208 221 211 784 184 163 265 84 215 55 109 196 1045 282 323 126 220 378 64 293 172 179 148 339 245 381 108 110 866 209 198 61 223 211 210 620 182 162 193 341 188 66 639 212 272 287 389 182 76 227 328 213 208 75 284 77 1315 81 200 148 222 196 206 306 93 0 125 124 295 246 217 160 925 639 213 73 836 134
213 68 138 151 307 724 203 258 285 73 145 139 129 291 1065 302 342 58 315 398 159 313 191 199 168 359 264 401 128 129 886 304 293 156 318 173 305 550 145 182 155 361 207 161 569 307 292 218 409 201 171 323 348 309 304 170 303 172 1255 75 295 168 318 216 302 271 73 125 0 56 315 266 312 90 945 569 309 169 776 154
212 67 118 131 306 704 203 257 284 72 125 139 128 290 1064 301 342 57 314 397 158 312 191 198 167 358 264 400 127 128 885 304 292 156 317 172 304 531 144 181 154 360 207 160 550 306 291 198 408 201 170 322 347 308 303 169 303 171 1235 74 294 167 317 215 301 270 72 124 56 0 314 265 311 70 944 549 308 168 757 153
351 273 397 410 476 673 341 428 189 273 404 309 236 461 867 284 243 315 485 290 329 107 329 253 177 332 189 303 214 213 687 474 463 326 487 169 475 527 198 289 203 162 345 331 546 476 159 176 211 140 341 492 235 478 473 340 102 342 1204 271 464 275 487 353 471 195 282 295 315 314 0 350 482 349 747 546 478 338 726 323
185 224 348 361 427 914 175 379 214 224 355 260 216 412 939 99 139 266 436 166 280 271 163 150 285 127 194 169 245 246 759 425 414 277 438 351 425 761 323 202 333 227 179 282 780 427 221 418 209 318 292 443 144 429 424 291 337 293 1446 222 415 183 438 187 422 437 233 246 266 265 350 0 433 300 818 779 429 289 967 175
380 270 395 408 40 971 371 96 452 271 402 209 296 67 1233 470 510 313 132 565 185 480 359 366 335 526 432 568 295 297 1053 121 109 186 134 398 39 807 369 349 380 528 375 190 826 45 459 474 576 369 170 139 515 125 120 172 471 183 1502 268 58 335 134 383 35 493 280 217 312 311 482 433 0 347 1112 826 43 172 1023 321
498 355 438 451 591 660 488 543 380 360 445 424 352 576 1058 476 434 375 600 481 444 298 476 421 292 523 381 494 330 329 878 589 578 441 603 227 590 487 256 404 261 353 492 446 506 592 350 154 402 255 456 607 426 594 589 455 288 457 1192 362 580 390 603 500 586 244 360 410 375 374 299 541 597 0 938 506 594 453 713 438
787 821 946 959 1025 599 777 976 625 822 952 857 755 1009 578 671 630 864 1033 676 877 586 765 689 734 719 626 689 771 770 481 1022 1011 874 1036 725 1023 1084 755 741 759 549 781 879 1103 1025 595 733 598 696 889 1041 622 1027 1022 888 652 890 1355 819 1013 721 1036 789 1020 752 831 843 863 862 665 736 1030 898 0 1103 1027 887 876 777
249 104 130 142 342 715 239 294 321 109 136 175 165 327 1101 338 378 80 351 434 195 349 227 235 203 395 300 437 163 165 921 340 329 192 354 209 341 542 180 218 191 396 243 197 561 343 327 209 445 237 207 358 383 344 339 206 339 208 1246 111 331 204 354 251 337 298 109 161 91 72 350 301 348 81 981 0 345 204 768 189
377 267 391 404 37 967 367 92 448 268 398 205 293 63 1229 466 506 309 128 562 181 477 355 363 331 523 428 565 291 293 1049 117 106 183 131 394 35 804 366 345 376 524 371 186 823 41 455 471 573 365 167 136 511 122 117 169 467 179 1498 265 54 331 131 379 32 490 276 213 309 308 478 429 43 343 1109 822 0 168 1020 317
237 127 251 264 166 827 227 118 308 127 258 65 153 151 1089 326 366 169 175 421 74 336 215 222 191 383 288 425 151 153 909 164 153 71 178 254 165 664 226 205 236 384 231 76 682 167 315 330 433 225 86 182 371 168 163 85 327 87 1358 125 155 191 177 239 161 349 136 73 169 168 338 289 172 203 968 682 168 0 879 177
918 801 889 902 1037 416 909 988 756 805 896 870 797 1022 1203 803 761 821 1046 808 890 718 897 821 738 850 757 821 775 774 1023 1035 1023 887 1048 673 1035 938 702 850 706 681 913 892 957 1037 727 610 729 700 902 1053 753 1039 1034 901 734 903 522 808 1025 836 1048 921 1032 689 806 856 820 819 745 868 1043 841 876 956 1039 899 0 884
123 112 236 249 315 812 113 267 199 112 243 148 138 300 980 212 252 154 324 308 168 262 101 136 176 269 179 311 136 138 800 313 302 165 326 239 314 649 211 187 221 275 117 170 668 315 206 316 322 210 180 331 257 317 312 179 312 181 1343 110 303 168 326 125 310 334 121 134 154 153 323 175 321 188 859 667 317 177 865 0
EOF