NAME : tsp_problem
TYPE : TSP
DIMENSION : 38
EDGE_WEIGHT_TYPE : EXPLICIT
EDGE_WEIGHT_FORMAT : FULL_MATRIX
EDGE_WEIGHT_SECTION
0 284 253 381 377 210 196 133 217 281 262 381 399 700 260 378 227 374 413 219 475 256 371 364 341 411 282 368 360 503 263 237 364 201 210 383 1091 415
703 0 259 388 384 161 199 274 220 123 99 388 142 827 118 385 234 381 229 226 221 260 378 371 84 155 139 112 366 250 121 148 371 265 160 390 907 158
672 259 0 161 156 185 171 242 192 257 237 160 374 799 236 157 94 153 389 86 450 232 150 143 316 387 257 344 139 478 238 212 143 233 185 162 1066 390
800 388 161 0 130 314 300 371 321 385 366 69 503 928 364 75 193 62 517 197 579 360 124 118 445 515 386 473 73 607 367 341 117 362 314 71 1195 519
796 384 156 130 0 309 296 367 316 381 362 130 499 923 360 127 188 123 513 192 574 356 37 36 440 511 381 468 108 603 363 336 47 358 309 132 1191 515
584 161 185 314 309 0 66 199 87 99 80 313 276 693 184 311 160 306 231 151 292 126 303 297 217 288 205 245 292 321 187 55 296 190 29 316 909 292
546 199 171 300 296 66 0 186 73 138 118 300 314 656 179 297 146 293 253 138 315 88 290 283 256 327 201 284 278 343 182 93 283 177 66 302 931 331
467 489 461 590 585 355 317 0 297 427 408 589 539 604 469 586 435 582 329 427 391 256 579 572 539 527 490 465 568 419 471 383 572 253 355 591 1007 523
525 220 192 321 316 87 73 207 0 158 139 320 335 635 200 318 167 313 232 158 294 67 310 304 276 347 221 304 299 322 203 114 303 197 86 323 910 351
656 123 257 385 381 99 138 271 158 0 55 385 238 765 146 382 231 378 193 223 255 198 375 368 179 250 167 207 364 283 149 87 368 262 98 387 871 254
636 99 237 366 362 80 118 252 139 55 0 366 214 746 122 363 212 359 169 204 231 179 355 349 156 226 144 183 344 259 125 67 349 243 79 368 847 230
800 388 160 69 130 313 300 371 320 385 366 0 503 927 364 74 192 61 517 196 578 360 124 117 444 515 385 472 73 607 367 340 117 362 313 70 1195 519
768 142 374 503 499 276 314 389 335 238 214 503 0 877 233 500 349 496 251 341 183 375 492 486 93 77 254 166 481 151 236 263 486 380 275 505 907 81
829 778 818 947 943 713 675 764 654 742 718 947 778 0 801 944 793 940 590 785 630 613 937 930 778 766 822 704 925 658 804 740 930 610 713 949 882 762
803 128 360 489 484 261 300 374 320 223 200 488 219 927 0 485 334 481 329 326 298 360 478 471 160 231 240 188 467 326 221 249 471 365 260 490 987 235
797 385 157 75 127 311 297 368 318 382 363 74 500 925 361 0 190 67 514 194 576 357 121 114 441 512 383 469 79 604 364 338 114 359 310 76 1192 516
646 234 94 193 188 160 146 217 167 231 212 192 349 773 210 190 0 186 363 60 425 206 182 176 290 361 232 318 171 453 213 187 176 208 159 195 1041 365
793 381 153 62 123 306 293 364 313 378 359 61 496 920 357 67 186 0 510 189 571 353 117 110 437 508 378 465 66 600 360 334 110 355 306 63 1188 512
558 229 389 517 513 231 253 403 232 193 169 517 251 668 252 514 363 510 0 355 103 191 507 500 251 239 273 177 496 131 255 219 500 246 230 519 719 235
638 226 86 197 192 151 138 209 158 223 204 196 341 765 202 194 60 189 355 0 416 198 186 180 282 353 223 310 175 445 205 179 179 200 151 199 1033 357
619 221 450 579 574 292 315 464 294 255 231 578 183 729 312 576 425 571 103 416 0 253 568 562 218 171 333 143 557 63 315 280 561 307 291 581 759 167
484 260 232 360 356 126 88 246 67 198 179 360 375 594 239 357 206 353 191 198 253 0 350 343 316 387 261 327 339 281 242 154 343 172 126 362 869 385
790 378 150 124 37 303 290 361 310 375 355 124 492 917 354 121 182 117 507 186 568 350 0 30 434 505 375 462 102 597 357 330 41 352 303 126 1185 509
783 371 143 118 36 297 283 354 304 368 349 117 486 911 347 114 176 110 500 180 562 343 30 0 427 498 369 455 96 590 350 324 40 345 296 119 1178 502
760 84 316 445 440 217 256 330 276 179 156 444 93 877 175 441 290 437 251 282 218 316 434 427 0 106 196 108 423 217 178 205 427 321 216 446 907 110
756 155 387 515 511 288 327 401 347 250 226 515 77 865 245 512 361 508 239 353 171 387 505 498 106 0 267 179 494 139 248 276 498 392 287 517 895 93
815 140 372 501 496 273 312 386 332 235 211 500 231 939 231 497 346 493 341 338 310 372 490 483 172 243 0 200 479 338 233 261 483 377 272 502 999 247
694 112 344 473 468 245 284 358 304 207 183 472 166 803 203 469 318 465 177 310 143 327 462 455 108 179 224 0 451 172 205 233 455 349 244 474 833 183
778 366 139 73 108 292 278 349 299 364 344 73 481 906 343 79 171 66 496 175 557 339 102 96 423 494 364 451 0 585 345 319 96 340 292 75 1173 497
648 250 478 607 603 321 343 493 322 283 259 607 151 757 341 604 453 600 131 445 63 281 597 590 217 139 362 172 585 0 343 308 590 335 320 609 787 134
799 124 356 484 480 257 296 370 316 219 195 484 214 923 214 481 330 477 325 322 293 356 474 467 156 227 236 184 463 322 0 245 467 361 256 486 983 231
611 148 212 341 336 55 93 227 114 87 67 340 263 721 172 338 187 334 219 179 280 154 330 324 205 276 193 233 319 308 174 0 324 218 54 343 896 279
783 371 143 117 47 296 283 354 303 368 349 117 486 910 347 114 176 110 500 179 561 343 41 40 427 498 368 455 96 590 350 324 0 345 296 119 1178 502
481 265 233 362 358 190 177 190 197 262 243 362 380 591 241 359 208 355 246 200 307 172 352 345 321 392 262 349 340 335 244 218 345 0 190 364 923 396
584 160 185 314 309 29 66 199 86 98 79 313 275 693 183 310 159 306 230 151 291 126 303 296 216 287 204 244 292 320 186 54 296 190 0 315 908 291
802 390 162 71 132 316 302 373 323 387 368 70 505 930 366 76 195 63 519 199 581 362 126 119 446 517 388 474 75 609 369 343 119 364 315 0 1197 521
1154 825 985 1113 1109 827 849 999 828 789 765 1113 825 883 848 1110 959 1106 637 951 677 787 1103 1096 825 813 869 751 1091 705 851 815 1096 842 826 1115 0 809
752 158 390 519 515 292 331 405 351 254 230 519 81 861 249 516 365 512 235 357 167 385 509 502 110 93 271 183 497 134 252 279 502 396 291 521 891 0
EOF