NAME : tsp_problem
TYPE : TSP
DIMENSION : 30
EDGE_WEIGHT_TYPE : EXPLICIT
EDGE_WEIGHT_FORMAT : FULL_MATRIX
EDGE_WEIGHT_SECTION
0 583 473 257 208 226 352 404 252 821 523 1479 795 688 517 731 1099 266 270 811 842 575 558 306 306 440 172 590 766 374
583 0 186 664 614 633 759 312 421 885 431 1707 859 857 94 850 1326 473 676 912 906 627 610 712 712 609 579 642 829 543
473 186 0 554 504 523 649 202 311 775 321 1597 749 748 143 741 1216 363 566 802 796 517 500 602 602 499 469 532 720 433
257 664 554 0 180 199 325 485 332 902 604 1560 876 769 597 812 1180 347 242 891 923 656 639 278 278 521 145 670 846 455
208 614 504 180 0 80 175 435 283 852 554 1510 826 719 548 762 1130 297 92 842 873 606 589 128 128 471 74 621 797 405
226 633 523 199 80 0 145 454 301 870 573 1529 845 738 566 781 1148 316 62 860 892 624 608 98 98 489 93 639 815 424
348 754 645 321 170 140 0 575 423 992 695 1651 967 860 688 902 1270 437 152 982 1014 746 729 165 104 611 193 761 937 545
404 312 202 485 435 454 580 0 242 706 252 1462 680 678 245 671 1081 228 497 733 727 448 431 533 533 430 400 463 650 364
252 421 311 332 283 301 427 242 0 594 361 1417 568 461 354 504 1036 203 344 583 615 413 396 381 381 213 247 427 538 147
821 885 775 902 852 870 997 706 594 0 825 1980 43 165 818 192 1600 747 914 82 136 289 354 950 950 423 817 260 83 471
523 431 321 604 554 573 699 252 361 825 0 1647 799 798 365 791 1266 413 616 853 846 567 550 652 653 549 519 582 770 484
1479 1707 1597 1560 1510 1529 1655 1462 1417 1980 1647 0 1955 1853 1640 1896 469 1311 1572 1976 2002 1723 1706 1608 1609 1605 1475 1738 1925 1539
795 859 749 876 826 845 971 680 568 43 799 1955 0 187 793 167 1574 721 888 71 110 264 328 924 924 398 791 235 58 446
688 857 748 769 719 738 864 678 461 165 798 1853 187 0 791 62 1472 640 781 141 247 289 353 817 817 290 684 260 171 339
517 94 143 597 548 566 692 245 354 818 365 1640 793 791 0 784 1260 406 610 846 840 560 544 646 646 543 512 575 763 477
731 850 741 812 762 781 907 671 504 192 791 1896 167 62 784 0 1515 683 824 169 213 255 319 860 860 333 727 226 137 382
1099 1326 1216 1180 1130 1148 1275 1081 1036 1600 1266 469 1574 1472 1260 1515 0 931 1192 1595 1621 1342 1325 1228 1228 1224 1095 1357 1545 1158
266 473 363 347 297 316 442 228 203 747 413 1311 721 640 406 683 931 0 359 762 768 489 472 395 395 391 262 504 692 326
320 726 616 292 142 112 105 547 395 964 666 1622 938 831 660 874 1242 409 0 954 985 718 701 137 59 583 165 733 909 517
811 912 802 891 842 860 986 733 583 82 853 1976 71 141 846 169 1595 762 904 0 163 317 381 940 940 413 806 288 111 461
842 906 796 923 873 892 1018 727 615 136 846 2002 110 247 840 213 1621 768 935 163 0 311 375 971 971 445 838 282 105 493
575 627 517 656 606 624 750 448 413 289 567 1723 264 289 560 255 1342 489 668 317 311 0 172 704 704 333 571 63 234 381
558 610 500 639 589 608 734 431 396 354 550 1706 328 353 544 319 1325 472 651 381 375 172 0 687 687 397 554 143 298 445
310 716 606 282 132 102 197 537 384 954 656 1612 928 821 650 864 1232 399 114 944 975 708 691 0 150 573 155 723 899 507
392 798 688 364 214 184 73 619 467 1036 738 1694 1010 903 732 946 1314 481 196 1026 1057 790 773 209 0 655 237 805 981 589
440 609 499 521 471 489 616 430 213 423 549 1605 398 290 543 333 1224 391 533 413 445 333 397 569 569 0 436 303 368 201
172 579 469 145 74 93 197 400 247 817 519 1475 791 684 512 727 1095 262 115 806 838 571 554 151 151 436 0 585 761 370
590 642 532 670 621 639 765 463 427 260 582 1738 235 260 575 226 1357 504 683 288 282 63 143 719 719 303 585 0 205 352
766 829 720 846 797 815 941 650 538 83 770 1925 58 171 763 137 1545 692 859 111 105 234 298 895 895 368 761 205 0 416
374 543 433 455 405 424 550 364 147 471 484 1539 446 339 477 382 1158 326 467 461 493 381 445 503 503 201 370 352 416 0
EOF