NAME : tsp_problem
TYPE : TSP
DIMENSION : 86
EDGE_WEIGHT_TYPE : EXPLICIT
EDGE_WEIGHT_FORMAT : FULL_MATRIX
EDGE_WEIGHT_SECTION
0 311 771 893 1002 902 413 484 640 712 568 399 727 92 876 160 711 391 50 408 662 908 655 176 646 737 968 120 626 469 563 440 659 878 1009 828 265 764 448 441 415 183 484 461 720 344 997 738 122 726 664 194 592 450 723 705 914 454 457 402 56 941 558 651 415 902 80 254 177 624 985 705 141 976 736 839 180 631 972 476 405 413 743 741 901 957
315 0 690 812 922 821 332 403 559 631 487 318 647 293 795 180 630 311 322 327 581 828 575 360 565 656 887 212 546 388 482 359 578 798 928 747 122 683 367 361 334 145 403 380 639 263 917 657 307 645 583 316 511 369 642 624 834 374 376 321 320 860 477 570 334 821 281 174 299 543 905 625 325 895 656 759 365 551 891 395 324 332 663 660 820 877
775 690 0 146 256 273 447 480 242 180 234 433 217 753 221 640 706 525 782 387 212 162 240 820 243 80 265 671 622 408 558 441 655 212 262 160 644 759 581 574 686 605 480 574 209 615 250 137 767 215 659 776 226 368 89 701 168 568 374 535 780 297 250 235 449 155 741 567 759 179 239 114 785 229 145 93 825 627 263 472 676 382 233 152 193 280
897 812 146 0 129 174 521 535 297 235 357 530 272 875 123 763 761 647 904 510 267 61 295 942 298 202 137 794 677 463 613 496 710 114 135 215 767 815 698 691 808 727 535 629 264 737 123 192 889 271 715 899 349 490 211 756 67 623 497 631 902 170 373 290 523 55 863 689 882 301 112 236 907 102 200 70 947 682 136 527 798 504 288 207 94 153
1007 922 256 129 0 229 630 644 406 344 466 639 382 985 232 872 871 756 1013 619 377 111 405 1052 407 311 164 903 787 573 723 606 819 223 43 325 876 924 808 801 918 837 644 739 374 846 51 302 999 380 824 1008 458 599 321 865 105 732 606 741 1012 196 482 400 632 117 973 798 991 411 40 346 1017 44 310 179 1056 792 162 636 908 614 398 316 204 179
907 821 273 174 229 0 578 649 424 362 366 564 399 884 83 772 876 656 913 519 394 185 422 951 425 277 87 803 792 590 728 605 824 85 235 342 776 929 713 706 817 736 649 725 391 746 224 319 898 397 829 908 358 499 263 870 179 719 506 666 911 60 382 417 580 184 873 698 891 311 212 240 916 202 327 197 956 797 91 641 807 513 415 334 108 77
418 332 447 521 630 578 0 100 256 328 245 38 343 395 552 283 327 167 424 84 277 536 271 462 262 413 639 314 242 85 178 56 275 555 636 444 287 380 224 217 328 247 100 194 335 257 625 354 409 342 280 419 268 127 399 321 542 188 133 177 423 617 234 267 18 530 384 209 402 300 613 382 427 604 352 467 467 247 638 92 318 89 359 356 567 634
489 403 480 535 644 649 100 0 270 342 316 109 357 466 610 354 250 238 495 155 292 550 286 533 276 484 653 385 166 99 102 76 199 601 651 458 358 304 278 271 399 318 114 175 350 328 639 368 480 356 204 490 339 198 470 245 556 181 204 211 494 686 305 281 102 544 455 280 473 371 627 453 498 618 366 481 538 171 652 106 389 160 373 371 582 669
644 559 242 297 406 424 256 270 0 127 452 265 143 622 372 509 496 394 651 311 54 312 67 689 61 298 415 541 412 198 348 231 445 363 413 220 513 550 433 427 555 474 270 364 135 484 401 130 636 141 450 646 444 353 307 491 318 358 360 367 649 448 461 66 258 306 610 436 628 397 389 332 654 380 129 243 694 417 414 262 545 316 159 156 344 431
717 631 180 235 344 362 328 342 127 0 390 337 66 694 310 582 569 466 723 383 149 250 143 761 92 235 353 613 484 270 421 303 517 301 351 158 586 622 506 499 627 546 342 437 58 556 339 135 708 65 522 718 382 425 245 563 256 430 432 439 722 386 406 84 330 244 683 508 701 335 327 270 726 318 143 181 766 489 352 334 617 388 82 79 282 369
573 487 234 357 466 366 245 316 452 390 0 230 427 550 340 438 542 322 579 185 423 372 450 617 453 201 432 469 458 300 394 271 490 342 472 371 442 595 379 372 483 402 315 391 419 412 461 347 564 426 495 574 224 165 187 536 378 385 172 332 578 404 190 445 247 366 539 364 557 212 449 169 582 440 355 303 622 463 436 308 473 179 443 362 364 421
403 318 433 530 639 564 38 109 265 337 230 0 353 381 538 268 336 153 410 70 287 545 281 448 271 399 630 300 252 94 188 65 284 540 646 453 272 389 209 203 314 233 109 204 345 243 634 363 395 351 289 404 254 112 385 330 551 198 119 163 408 603 219 276 40 539 369 195 387 286 622 367 413 613 362 476 453 257 634 101 304 75 369 366 563 619
732 647 217 272 382 399 343 357 143 66 427 353 0 709 347 597 584 481 738 398 164 287 158 777 107 273 390 628 500 286 436 319 532 338 388 195 601 637 521 514 642 562 357 452 56 571 376 172 724 62 537 733 419 441 282 578 293 446 447 454 737 423 443 99 345 281 698 523 716 372 365 307 742 355 180 219 781 505 389 350 633 404 80 95 319 406
145 240 700 822 932 831 342 413 569 641 497 328 656 0 805 89 640 321 151 337 591 837 585 189 575 666 897 49 556 398 492 369 588 808 938 757 194 693 377 370 344 112 413 390 649 273 926 667 136 655 593 123 521 379 652 634 844 383 386 331 149 870 487 580 344 831 111 183 106 553 915 634 154 905 665 769 194 561 901 405 334 342 672 670 830 886
881 795 221 123 232 83 552 610 372 310 340 538 347 858 0 746 836 630 887 493 343 138 370 925 373 251 149 777 752 538 688 571 785 59 238 291 750 890 687 680 791 710 610 699 339 720 227 267 872 346 790 882 332 473 237 831 144 693 480 640 885 122 356 365 554 132 847 672 865 285 215 214 890 206 275 145 930 757 153 602 781 487 363 282 82 138
165 180 640 763 872 772 283 354 509 582 438 268 597 142 746 0 580 261 171 277 531 778 525 210 516 607 838 69 496 339 432 309 529 748 878 698 135 633 318 311 284 74 354 330 589 213 867 608 156 595 534 166 462 320 593 575 784 324 326 271 170 810 427 520 285 772 131 124 149 493 855 575 175 846 606 709 214 501 842 346 274 283 613 610 770 827
715 630 706 761 871 876 327 250 496 569 542 336 584 693 836 580 0 441 722 381 518 777 512 760 503 711 880 612 339 326 275 302 371 828 877 685 584 476 480 473 626 545 341 348 576 555 866 595 707 582 376 716 566 424 697 70 783 353 431 413 720 912 531 508 329 771 681 507 699 597 854 679 725 844 593 708 765 344 878 333 616 387 600 597 808 895
396 311 525 647 756 656 167 238 394 466 322 153 481 373 630 261 441 0 402 162 415 662 409 441 400 491 722 292 357 223 227 194 389 632 763 582 265 494 100 93 306 226 184 113 473 235 751 492 388 480 394 397 346 204 477 435 668 106 211 54 401 695 311 405 169 656 362 187 380 378 739 459 406 730 490 593 445 362 726 176 297 167 497 495 655 711
50 317 777 899 1009 908 420 491 646 718 575 405 734 98 882 167 717 398 0 414 668 915 662 182 652 743 975 127 633 476 569 446 665 885 1015 834 271 770 454 448 421 190 490 467 726 350 1004 744 129 732 670 200 598 457 729 711 921 461 463 408 50 947 564 657 422 909 83 261 183 630 992 712 147 982 743 846 187 638 979 483 411 419 750 747 907 964
412 327 387 510 619 519 84 155 311 383 185 70 398 390 493 277 381 162 419 0 332 525 326 457 317 354 585 308 297 140 233 111 330 495 626 499 281 435 218 211 323 242 155 231 390 252 614 409 404 397 335 413 209 67 340 376 531 225 74 172 417 558 174 322 86 519 378 204 396 240 602 322 422 593 407 456 462 302 589 147 313 32 414 411 518 574
666 581 212 267 377 394 277 292 54 149 423 287 164 644 343 531 518 415 672 332 0 283 52 711 83 268 386 562 434 220 370 253 467 334 383 191 535 571 455 448 577 496 291 386 156 505 372 101 658 163 471 667 415 375 278 512 289 380 382 388 671 419 439 88 279 277 632 457 650 368 360 303 676 350 99 214 715 439 384 284 567 338 180 178 314 401
913 828 162 61 111 185 536 550 312 250 372 545 287 890 138 778 777 662 919 525 283 0 310 958 313 217 120 809 692 478 629 511 725 129 117 231 782 830 714 707 823 743 550 645 280 752 106 207 904 286 730 914 364 505 227 771 61 638 512 647 918 152 388 306 538 70 879 704 897 317 94 252 923 84 215 85 962 697 118 542 814 520 303 222 110 135
660 575 240 295 405 422 271 286 67 143 450 281 158 637 370 525 512 409 666 326 52 310 0 705 77 296 413 556 428 214 364 247 460 361 411 218 529 565 449 442 570 490 285 380 150 499 399 128 652 157 465 661 442 369 305 506 316 374 375 382 665 446 466 82 273 304 626 451 644 395 388 330 670 378 127 242 709 433 412 278 561 332 174 171 342 429
88 285 745 867 977 876 387 458 614 686 542 373 701 66 850 134 685 366 95 382 636 882 629 0 620 711 942 94 601 443 537 414 633 853 983 802 239 738 422 415 389 157 458 435 694 318 971 712 97 700 638 168 566 424 697 679 889 428 431 376 93 915 532 625 389 876 54 228 151 598 960 679 115 950 710 814 154 606 946 450 379 387 717 715 875 931
651 565 243 298 407 425 262 276 61 92 453 271 107 628 373 516 503 400 657 317 83 313 77 695 0 298 416 547 418 204 355 237 451 364 414 221 520 556 440 433 561 480 276 371 99 490 402 159 642 106 456 652 445 359 308 497 319 364 366 373 655 449 467 72 264 307 617 442 635 398 390 333 660 381 158 244 700 423 415 268 551 322 123 120 345 432
742 656 80 202 311 277 413 484 298 235 201 399 273 719 251 607 711 491 748 354 268 217 296 786 298 0 320 638 627 464 563 440 659 254 318 216 611 764 548 541 652 571 484 560 265 581 306 193 733 271 664 743 193 334 56 705 223 554 341 501 747 316 217 291 415 211 708 533 726 146 294 81 751 285 201 148 791 632 319 477 642 348 289 207 249 333
973 887 265 137 164 87 639 653 415 353 432 630 390 950 149 838 880 722 979 585 386 120 413 1017 416 320 0 869 795 581 732 614 828 151 170 334 842 933 779 772 883 802 653 748 383 812 158 310 964 389 833 974 424 565 329 874 114 741 572 732 978 77 448 409 641 126 939 764 957 377 147 306 982 137 318 188 1022 800 108 645 873 579 406 325 174 93
125 212 671 794 903 803 314 385 541 613 469 300 628 102 777 69 612 292 131 308 562 809 556 169 547 638 869 0 527 370 463 341 560 779 910 729 166 665 349 342 316 92 385 361 620 244 898 639 116 627 565 126 493 351 624 606 815 355 358 303 130 842 458 552 316 803 91 155 109 524 886 606 134 877 637 740 174 532 873 377 306 314 644 641 802 858
631 546 622 677 787 792 242 166 412 484 458 252 500 609 752 496 339 357 637 297 434 692 428 676 418 627 795 527 0 242 190 218 175 743 793 600 500 211 396 389 542 461 256 263 492 470 781 510 623 498 179 632 482 340 613 333 699 269 346 329 636 828 447 423 244 686 597 422 615 513 770 595 641 760 509 624 680 147 794 249 532 303 516 513 724 811
474 388 408 463 573 590 85 99 198 270 300 94 286 451 538 339 326 223 480 140 220 478 214 518 204 464 581 370 242 0 178 61 274 529 579 386 343 379 263 256 384 303 99 194 278 313 567 296 465 284 279 475 324 182 455 320 484 187 189 196 479 614 290 209 87 472 440 265 458 356 556 438 483 546 295 410 523 247 580 91 374 145 302 299 510 597
567 482 558 613 723 728 178 102 348 421 394 188 436 545 688 432 275 227 573 233 370 629 364 612 355 563 732 463 190 178 0 154 223 679 729 537 436 328 266 259 478 397 193 134 428 407 718 446 559 434 228 568 418 276 549 269 635 140 283 199 572 764 383 359 180 622 533 358 551 449 706 531 577 696 445 560 617 195 730 185 468 239 452 449 660 747
444 359 441 496 606 605 56 76 231 303 271 65 319 422 571 309 302 194 451 111 253 511 247 489 237 440 614 341 218 61 154 0 250 562 612 419 313 355 239 232 355 274 75 170 311 284 600 329 436 317 255 446 295 153 426 296 517 164 160 172 449 644 261 242 58 505 410 236 428 327 589 408 454 579 328 443 494 223 613 68 345 116 335 332 543 630
664 578 655 710 819 824 275 199 445 517 490 284 532 641 785 529 371 389 670 330 467 725 460 708 451 659 828 560 175 274 223 250 0 776 826 633 533 186 428 421 574 493 289 296 525 503 814 543 655 531 154 665 514 372 645 365 731 302 379 362 668 861 480 456 277 719 630 455 648 546 802 628 673 793 541 656 713 180 827 281 564 335 548 546 757 844
883 798 212 114 223 85 555 601 363 301 342 540 338 861 59 748 828 632 889 495 334 129 361 928 364 254 151 779 743 529 679 562 776 0 229 282 752 881 689 682 794 713 601 695 330 722 218 258 875 337 781 884 334 475 240 822 135 689 482 643 888 124 358 356 557 123 849 674 867 287 206 216 893 197 266 136 932 748 155 593 784 490 354 273 84 141
1013 928 262 135 43 235 636 651 413 351 472 646 388 991 238 878 877 763 1020 626 383 117 411 1058 414 318 170 910 793 579 729 612 826 229 0 331 882 930 814 807 924 843 650 745 380 853 49 308 1005 386 830 1015 464 606 327 871 111 739 612 747 1018 203 488 406 638 123 979 805 997 417 46 352 1023 50 316 186 1063 798 168 643 914 620 404 323 210 185
833 747 160 215 325 342 444 458 220 158 371 453 195 810 291 698 685 582 839 499 191 231 218 877 221 216 334 729 600 386 537 419 633 282 331 0 702 738 622 615 743 662 458 553 162 672 320 115 824 153 638 834 363 504 226 679 237 546 511 555 837 367 387 213 446 225 799 624 817 316 308 251 842 298 123 162 882 605 332 450 733 504 139 130 262 349
270 122 644 767 876 776 287 358 513 586 442 272 601 247 750 135 584 265 276 281 535 782 529 314 520 611 842 166 500 343 436 313 533 752 882 702 0 637 322 315 288 99 358 334 593 217 871 612 261 599 538 271 466 324 597 579 788 328 330 275 274 814 431 524 289 776 236 128 254 497 859 579 279 850 610 713 319 505 846 350 278 287 617 614 774 831
768 683 759 815 924 929 380 304 550 622 595 389 637 746 890 633 476 494 775 435 571 830 565 813 556 764 933 665 211 379 328 355 186 881 930 738 637 0 533 526 679 598 394 401 629 608 919 648 760 636 144 770 619 477 750 470 836 407 484 466 773 966 585 561 382 824 734 560 752 651 907 732 778 898 646 761 818 175 932 386 669 440 653 650 861 948
453 367 581 698 808 713 224 278 433 506 379 209 521 430 687 318 480 100 459 218 455 714 449 497 440 548 779 349 396 263 266 239 428 689 814 622 322 533 0 50 363 282 223 152 513 292 803 531 444 519 433 454 403 261 534 474 720 145 267 93 457 752 368 444 226 707 419 244 437 434 791 516 462 781 530 645 502 401 783 215 353 224 537 534 711 768
446 361 574 691 801 706 217 271 427 499 372 203 514 423 680 311 473 93 452 211 448 707 442 491 433 541 772 342 389 256 259 232 421 682 807 615 315 526 50 0 356 276 216 145 506 285 796 525 437 513 426 447 396 254 527 467 713 139 261 86 451 745 361 438 219 701 412 237 430 427 784 509 455 774 523 638 495 394 776 208 347 217 530 527 705 761
419 334 686 808 918 817 328 399 555 627 483 314 642 397 791 284 626 306 426 323 577 823 570 464 561 652 883 316 542 384 478 355 574 794 924 743 288 679 363 356 0 249 399 376 635 97 912 653 411 641 579 420 507 365 638 620 829 369 372 317 424 856 473 566 330 817 385 211 403 539 901 620 429 891 651 754 469 546 887 391 29 328 658 656 816 872
188 145 605 727 837 736 247 318 474 546 402 233 562 165 710 74 545 226 194 242 496 743 490 233 480 571 802 92 461 303 397 274 493 713 843 662 99 598 282 276 249 0 318 295 554 178 832 572 179 560 498 189 426 284 557 539 749 289 291 236 193 775 392 485 250 737 154 89 172 458 820 540 197 810 571 674 237 466 806 311 239 247 578 575 735 792
489 403 480 535 644 649 100 114 270 342 315 109 357 466 610 354 341 184 495 155 291 550 285 533 276 484 653 385 256 99 193 75 289 601 650 458 358 394 223 216 399 318 0 154 349 328 639 368 480 356 294 490 339 197 470 335 556 147 204 156 493 686 305 281 102 544 455 280 473 371 627 453 498 618 366 481 538 261 652 27 389 160 373 371 582 668
465 380 574 629 739 725 194 175 364 437 391 204 452 443 699 330 348 113 471 231 386 645 380 510 371 560 748 361 263 194 134 170 296 695 745 553 334 401 152 145 376 295 154 0 444 305 733 462 457 450 301 466 415 273 546 342 651 36 280 85 470 764 381 375 196 638 431 256 449 447 722 528 475 712 461 576 514 268 746 146 366 236 468 465 676 763
724 639 209 264 374 391 335 350 135 58 419 345 56 702 339 589 576 473 730 390 156 280 150 769 99 265 383 620 492 278 428 311 525 330 380 162 593 629 513 506 635 554 349 444 0 564 369 164 716 54 529 725 411 433 274 570 286 438 440 446 729 415 436 92 337 273 690 515 708 364 357 299 734 347 172 211 773 497 381 342 625 396 63 87 311 398
348 263 615 737 846 746 257 328 484 556 412 243 571 326 720 213 555 235 354 252 505 752 499 393 490 581 812 244 470 313 407 284 503 722 853 672 217 608 292 285 97 178 328 305 564 0 841 582 340 570 508 349 436 294 567 549 758 298 301 246 353 785 401 495 259 746 314 139 332 468 829 549 358 820 580 683 398 475 816 320 87 257 587 585 745 801
1002 917 250 123 51 224 625 639 401 339 461 634 376 979 227 867 866 751 1008 614 372 106 399 1047 402 306 158 898 781 567 718 600 814 218 49 320 871 919 803 796 912 832 639 733 369 841 0 296 993 375 819 1003 453 594 316 860 100 727 601 736 1007 191 477 394 627 112 968 793 986 406 34 341 1011 39 304 174 1051 786 157 631 903 609 392 311 199 174
742 657 137 192 302 319 354 368 130 135 347 363 172 720 267 608 595 492 749 409 101 207 128 787 159 193 310 639 510 296 446 329 543 258 308 115 612 648 531 525 653 572 368 462 164 582 296 0 734 170 548 744 339 451 202 589 213 456 458 465 747 343 363 164 356 201 708 534 727 292 285 227 752 275 81 138 792 515 309 360 643 414 188 107 239 326
137 334 794 916 1025 925 436 507 663 735 591 422 750 115 899 183 734 414 144 431 684 931 678 78 669 760 991 143 649 492 586 463 682 901 1032 851 288 787 471 464 438 206 507 483 742 367 1020 761 0 749 687 217 615 473 746 728 937 477 480 425 142 964 580 674 438 925 103 277 200 647 1008 728 43 999 759 862 82 654 995 499 428 436 766 764 924 980
730 645 215 271 380 397 342 356 141 65 426 351 62 708 346 595 582 480 737 397 163 286 157 775 106 271 389 627 498 284 434 317 531 337 386 153 599 636 519 513 641 560 356 450 54 570 375 170 722 0 536 732 418 439 281 577 292 444 446 453 735 422 442 98 344 280 696 522 714 371 363 306 740 354 178 217 780 503 388 348 631 402 54 93 318 404
668 583 659 715 824 829 280 204 450 522 495 289 537 646 790 534 376 394 675 335 471 730 465 713 456 664 833 565 179 279 228 255 154 781 830 638 538 144 433 426 579 498 294 301 529 508 819 548 660 536 0 670 519 377 650 370 736 307 384 366 673 866 485 461 282 724 634 460 653 551 807 633 678 798 546 661 718 143 832 286 569 340 553 551 762 848
145 241 701 823 932 832 343 414 570 642 498 329 657 123 806 90 641 321 152 338 591 838 585 190 576 667 898 50 556 399 492 370 589 808 939 758 195 694 378 371 345 113 414 390 649 273 927 668 137 656 594 0 522 380 653 635 844 384 387 332 150 871 487 581 345 832 111 184 129 554 915 635 155 906 666 769 195 561 902 406 335 343 673 670 831 887
596 511 226 349 458 358 268 339 444 382 224 254 419 574 332 462 566 346 603 209 415 364 442 641 445 193 424 493 482 324 418 295 514 334 464 363 466 619 403 396 507 426 339 415 411 436 453 339 588 418 519 598 0 189 179 560 370 409 196 356 601 396 214 437 270 358 562 388 580 204 441 161 606 432 347 295 646 487 428 331 497 203 435 354 356 413
455 369 368 490 599 499 127 198 353 425 165 112 441 432 473 320 424 204 461 67 375 505 369 499 359 334 565 351 340 182 276 153 372 475 606 504 324 477 261 254 365 284 197 273 433 294 594 451 446 439 377 456 189 0 320 418 511 267 52 214 460 538 154 364 129 499 421 246 439 221 582 302 464 573 450 436 504 345 569 190 355 61 457 454 498 554
728 642 89 211 321 263 399 470 307 245 187 385 282 705 237 593 697 477 734 340 278 227 305 772 308 56 329 624 613 455 549 426 645 240 327 226 597 750 534 527 638 557 470 546 274 567 316 202 719 281 650 729 179 320 0 691 233 540 327 487 733 302 203 300 402 221 694 519 712 132 304 67 737 294 210 158 777 618 328 463 628 334 298 217 258 319
709 624 701 756 865 870 321 245 491 563 536 330 578 687 831 575 70 435 716 376 512 771 506 754 497 705 874 606 333 320 269 296 365 822 871 679 579 470 474 467 620 539 335 342 570 549 860 589 701 577 370 711 560 418 691 0 777 348 425 407 714 907 526 502 323 765 676 501 694 592 848 674 719 839 587 702 759 338 873 327 610 381 594 592 803 889
919 834 168 67 105 179 542 556 318 256 378 551 293 896 144 784 783 668 925 531 289 61 316 964 319 223 114 815 699 484 635 517 731 135 111 237 788 836 720 713 829 749 556 651 286 758 100 213 911 292 736 920 370 511 233 777 0 644 518 653 924 146 394 312 544 67 885 710 903 323 88 258 929 78 221 91 968 703 112 548 820 526 309 228 116 129
459 374 568 623 732 719 188 181 358 430 385 198 446 436 693 324 353 106 465 225 380 638 374 504 364 554 741 355 269 187 140 164 302 689 739 546 328 407 145 139 369 289 147 36 438 298 727 456 450 444 307 460 409 267 540 348 644 0 274 79 464 758 374 369 190 632 425 250 443 441 715 522 469 706 455 569 508 274 740 140 360 230 462 459 670 757
461 376 374 497 606 506 133 204 360 432 172 119 447 439 480 326 431 211 468 74 382 512 375 506 366 341 572 358 346 189 283 160 379 482 612 511 330 484 267 261 372 291 204 280 440 301 601 458 453 446 384 463 196 52 327 425 518 274 0 221 466 545 161 371 135 506 427 253 445 227 589 309 471 580 456 443 511 351 576 196 362 68 463 461 505 561
406 321 535 631 741 666 177 211 367 439 332 163 454 384 640 271 413 54 413 172 388 647 382 451 373 501 732 303 329 196 199 172 362 643 747 555 275 466 93 86 317 236 156 85 446 246 736 465 398 453 366 407 356 214 487 407 653 79 221 0 411 705 322 378 179 641 372 198 390 388 724 470 416 715 463 578 456 334 736 148 307 177 470 467 665 722
56 316 776 898 1007 907 418 489 645 717 573 404 732 97 881 165 716 396 50 413 666 913 660 181 651 742 973 125 631 474 567 445 664 883 1014 833 270 769 453 446 420 188 489 465 724 349 1002 743 127 731 669 199 597 455 728 710 919 459 462 407 0 946 562 656 420 907 85 259 182 629 990 710 145 981 741 844 185 636 977 481 410 418 748 746 906 962
945 860 297 170 196 60 617 686 448 386 404 603 423 923 122 810 912 695 952 558 419 152 446 990 449 316 77 842 828 614 764 644 861 124 203 367 814 966 752 745 856 775 686 764 415 785 191 343 937 422 866 947 396 538 302 907 146 758 545 705 950 0 421 441 619 158 911 737 929 349 179 279 955 170 351 221 995 833 81 678 846 552 439 358 147 66
562 477 250 373 482 382 234 305 461 406 190 219 443 540 356 427 531 311 568 174 439 388 466 607 467 217 448 458 447 290 383 261 480 358 488 387 431 585 368 361 473 392 305 381 436 401 477 363 554 442 485 563 214 154 203 526 394 374 161 322 567 421 0 461 236 382 528 353 546 228 465 185 572 456 371 319 611 452 452 297 463 169 459 378 381 437
655 570 235 290 400 417 267 281 66 84 445 276 99 633 365 520 508 405 662 322 88 306 82 700 72 291 409 552 423 209 359 242 456 356 406 213 524 561 444 438 566 485 281 375 92 495 394 164 647 98 461 657 437 364 300 502 312 369 371 378 660 441 461 0 269 299 621 447 639 390 383 325 665 373 163 237 705 428 407 273 556 327 115 113 337 424
420 334 449 523 632 580 18 102 258 330 247 40 345 397 554 285 329 169 426 86 279 538 273 465 264 415 641 316 244 87 180 58 277 557 638 446 289 382 226 219 330 250 102 196 337 259 627 356 411 344 282 421 270 129 402 323 544 190 135 179 425 619 236 269 0 532 386 211 404 302 615 384 429 606 354 469 469 249 640 94 321 91 361 358 570 636
907 821 155 55 117 184 530 544 306 244 366 539 281 884 132 772 771 656 913 519 277 70 304 952 307 211 126 803 686 472 622 505 719 123 123 225 776 824 707 701 817 737 544 638 273 746 112 201 898 280 724 908 358 499 221 765 67 632 506 641 912 158 382 299 532 0 873 698 891 311 100 246 916 90 209 79 956 691 124 536 808 513 297 216 104 141
80 277 737 859 968 868 379 450 606 678 534 365 693 58 842 126 677 357 83 374 628 874 621 142 612 703 934 86 592 435 529 406 625 844 975 794 231 730 414 407 381 149 450 427 686 310 963 704 88 692 630 160 558 416 689 671 880 420 423 368 85 907 524 617 381 868 0 220 143 590 951 671 107 942 702 805 146 597 938 442 371 379 709 707 867 923
259 174 567 689 798 698 209 280 436 508 364 195 523 236 672 124 507 187 265 204 457 704 451 304 442 533 764 155 422 265 358 236 455 674 805 624 128 560 244 237 211 89 280 256 515 139 793 534 250 522 460 260 388 246 519 501 710 250 253 198 264 737 353 447 211 698 225 0 243 420 781 501 269 772 532 635 308 427 768 272 201 209 539 536 697 753
162 258 718 840 949 849 360 431 587 659 515 346 674 140 823 107 658 338 169 355 608 855 602 207 593 684 915 67 573 416 510 387 606 825 956 775 212 711 395 388 362 130 431 407 666 291 944 685 154 673 611 164 539 397 670 652 861 401 404 349 167 888 504 598 362 849 128 201 0 571 932 652 172 923 683 786 212 578 919 423 352 360 690 688 848 904
628 543 179 301 411 311 300 371 397 335 212 286 372 606 285 493 597 378 635 240 368 317 395 673 398 146 377 524 513 356 449 327 546 287 417 316 497 651 434 427 539 458 371 447 364 468 406 292 620 371 551 629 204 221 132 592 323 441 227 388 633 349 228 390 302 311 594 420 612 0 394 114 638 385 300 248 678 518 381 363 529 235 388 307 309 366
990 905 239 112 40 212 613 627 389 327 449 622 365 968 215 855 854 739 996 602 360 94 388 1035 390 294 147 886 770 556 706 589 802 206 46 308 859 907 791 784 901 820 627 722 357 829 34 285 982 363 807 991 441 582 304 848 88 715 589 724 995 179 465 383 615 100 956 781 974 394 0 329 1000 27 293 162 1039 775 145 619 891 597 381 299 187 162
710 625 114 236 346 240 382 453 332 270 169 367 307 687 214 575 679 459 716 322 303 252 330 755 333 81 306 606 595 438 531 408 628 216 352 251 579 732 516 509 620 540 453 528 299 549 341 227 701 306 633 711 161 302 67 674 258 522 309 470 715 279 185 325 384 246 676 501 694 114 329 0 720 320 235 183 759 600 310 445 611 317 323 242 239 295
124 321 781 903 1012 912 423 494 650 722 578 409 737 102 886 170 721 401 131 418 671 918 665 65 656 747 978 130 636 479 572 450 669 888 1019 838 275 774 458 451 425 193 494 470 729 353 1007 748 132 736 674 204 602 460 733 715 924 464 467 412 129 951 567 661 425 912 90 264 187 634 995 715 0 986 746 849 69 641 982 486 415 423 753 750 911 967
981 895 229 102 44 202 604 618 380 318 440 613 355 958 206 846 844 730 987 593 350 84 378 1025 381 285 137 877 760 546 696 579 793 197 50 298 850 898 781 774 891 810 618 712 347 820 39 275 972 354 798 982 432 573 294 839 78 706 580 715 985 170 456 373 606 90 947 772 965 385 27 320 990 0 283 153 1030 765 136 610 881 587 371 290 177 153
741 656 145 200 310 327 352 366 129 143 355 362 180 718 275 606 593 490 747 407 99 215 127 786 158 201 318 637 509 295 445 328 541 266 316 123 610 646 530 523 651 571 366 461 172 580 304 81 732 178 546 742 347 450 210 587 221 455 456 463 746 351 371 163 354 209 707 532 725 300 293 235 750 283 0 146 790 514 317 358 642 413 196 115 247 334
844 759 93 70 179 197 467 481 243 181 303 476 219 821 145 709 708 593 850 456 214 85 242 889 244 148 188 740 624 410 560 443 656 136 186 162 713 761 645 638 754 674 481 576 211 683 174 138 836 217 661 845 295 436 158 702 91 569 443 578 849 221 319 237 469 79 810 635 828 248 162 183 854 153 146 0 893 629 187 473 745 451 235 153 117 204
95 292 752 874 983 883 394 465 621 693 549 380 708 73 857 141 692 372 102 389 643 889 636 157 627 718 949 101 607 450 544 421 640 859 990 809 246 745 429 422 396 164 465 442 701 325 978 719 104 707 645 175 573 431 704 686 895 435 438 383 100 922 539 632 396 883 61 235 158 605 966 686 122 957 717 820 0 612 953 457 386 394 724 722 882 938
636 551 627 682 792 797 247 171 417 489 463 257 505 613 757 501 344 362 642 302 439 697 433 681 423 632 800 532 147 247 195 223 180 748 798 605 505 175 401 394 546 466 261 268 497 475 786 515 628 503 143 637 487 345 618 338 703 274 351 334 641 833 452 428 249 691 602 427 620 518 775 600 646 765 514 629 685 0 799 254 537 308 521 518 729 816
977 891 263 136 162 91 638 652 414 352 436 634 389 954 153 842 878 726 983 589 384 118 412 1021 415 319 108 873 794 580 730 613 827 155 168 332 846 932 783 776 887 806 652 746 381 816 157 309 968 388 832 978 428 569 328 873 112 740 576 736 982 81 452 407 640 124 943 768 961 381 145 310 986 136 317 187 1026 799 0 644 878 583 405 324 178 98
481 395 472 527 636 641 92 106 262 334 308 101 350 458 602 346 333 176 487 147 284 542 278 526 268 477 645 377 249 91 185 68 281 593 643 450 350 386 215 208 391 311 27 146 342 320 631 360 472 348 286 482 331 190 463 327 548 140 196 148 486 678 297 273 94 536 447 272 465 363 619 445 490 610 358 473 530 254 644 0 382 152 366 363 574 661
409 324 676 798 908 807 318 389 545 617 473 304 633 387 781 274 616 297 416 313 567 814 561 454 551 642 873 306 532 374 468 345 564 784 914 733 278 669 353 347 29 239 389 366 625 87 903 643 401 631 569 411 497 355 628 610 820 360 362 307 414 846 463 556 321 808 375 201 393 529 891 611 419 881 642 745 459 537 878 382 0 318 649 646 806 863
418 332 382 504 614 513 89 160 316 388 179 75 404 395 487 283 387 167 424 32 338 520 332 462 322 348 579 314 303 145 239 116 335 490 620 504 287 440 224 217 328 247 160 236 396 257 609 414 409 402 340 419 203 61 334 381 526 230 68 177 423 552 169 327 91 513 384 209 402 235 597 317 427 587 413 451 467 308 583 152 318 0 420 417 512 569
748 663 233 288 398 415 359 373 159 82 443 369 80 725 363 613 600 497 754 414 180 303 174 793 123 289 406 644 516 302 452 335 548 354 404 139 617 653 537 530 658 578 373 468 63 587 392 188 740 54 553 749 435 457 298 594 309 462 463 470 753 439 459 115 361 297 714 539 732 388 381 323 758 371 196 235 797 521 405 366 649 420 0 111 335 422
745 660 152 207 316 334 356 371 156 79 362 366 95 723 282 610 597 495 752 411 178 222 171 790 120 207 325 641 513 299 449 332 546 273 323 130 614 650 534 527 656 575 371 465 87 585 311 107 737 93 551 746 354 454 217 592 228 459 461 467 750 358 378 113 358 216 711 536 729 307 299 242 755 290 115 153 795 518 324 363 646 417 111 0 254 341
905 820 193 94 204 108 567 582 344 282 364 563 319 883 82 770 808 655 912 518 314 110 342 950 345 249 174 802 724 510 660 543 757 84 210 262 774 861 711 705 816 735 582 676 311 745 199 239 897 318 762 907 356 498 258 803 116 670 505 665 910 147 381 337 570 104 871 697 889 309 187 239 915 177 247 117 955 729 178 574 806 512 335 254 0 163
962 877 280 153 179 77 634 669 431 369 421 619 406 939 138 827 895 711 968 574 401 135 429 1007 432 333 93 858 811 597 747 630 844 141 185 349 831 948 768 761 872 792 668 763 398 801 174 326 953 404 848 963 413 554 319 889 129 757 561 722 967 66 437 424 636 141 928 753 946 366 162 295 972 153 334 204 1011 816 98 661 863 569 422 341 163 0
EOF