NAME : tsp_problem
TYPE : TSP
DIMENSION : 58
EDGE_WEIGHT_TYPE : EXPLICIT
EDGE_WEIGHT_FORMAT : FULL_MATRIX
EDGE_WEIGHT_SECTION
0 369 372 307 335 463 183 695 189 491 736 178 259 732 344 389 132 352 334 102 279 478 179 643 387 453 73 447 180 184 423 373 741 483 622 366 514 418 659 400 407 332 226 470 326 741 721 413 305 530 439 475 236 391 381 526 38 747
455 0 134 458 686 790 510 1010 606 817 1026 505 549 1022 207 716 561 703 685 532 201 805 469 932 738 804 502 798 479 476 184 700 1056 834 911 655 803 745 974 727 247 622 377 759 677 1030 1036 764 656 857 766 764 237 718 732 852 468 1062
368 60 0 371 599 702 423 923 518 730 938 417 461 934 120 628 474 616 597 444 114 718 381 844 651 717 415 711 391 388 78 612 968 747 824 567 715 658 887 639 160 534 289 671 589 943 948 677 568 770 678 677 149 631 644 765 380 975
307 373 375 0 538 642 362 862 458 669 878 356 400 873 348 568 413 555 537 383 282 657 321 784 590 656 354 650 331 327 426 551 908 686 763 507 655 597 826 579 411 473 104 611 529 882 888 616 508 709 617 616 239 570 584 704 319 914
335 600 603 538 0 515 201 747 186 542 800 207 391 802 575 441 224 284 265 280 510 530 250 749 129 385 280 379 232 235 654 425 793 415 754 497 645 470 711 452 638 464 456 601 257 793 773 155 236 582 491 606 467 443 312 577 318 799
463 704 707 642 515 0 339 264 434 82 317 333 417 318 679 107 472 532 514 384 613 104 354 266 567 633 449 627 336 339 757 158 310 663 281 333 170 65 228 176 742 355 560 235 506 310 289 593 485 99 143 212 571 90 560 187 446 316
183 424 427 362 201 339 0 571 121 366 624 47 215 626 399 265 159 218 200 104 334 354 75 573 254 320 169 313 56 59 478 249 617 350 578 321 469 294 535 276 462 288 281 425 192 618 597 279 171 406 315 431 291 267 247 401 166 623
695 924 927 862 747 264 571 0 667 238 71 566 482 72 900 340 705 764 746 616 834 260 586 177 799 865 681 859 568 571 978 362 109 895 181 398 235 297 53 332 963 420 781 300 738 64 43 825 717 255 299 277 791 322 793 343 678 115
189 520 523 458 186 434 121 667 0 462 720 126 310 721 495 360 78 203 185 200 429 450 170 669 239 305 134 298 152 155 573 344 712 335 673 417 565 390 630 371 558 384 376 521 177 713 692 264 156 502 410 526 387 363 232 497 172 719
491 731 734 669 542 82 366 238 462 0 291 361 391 292 706 158 500 559 541 412 641 78 382 240 595 661 477 654 363 367 785 143 283 691 255 307 144 115 202 114 770 329 588 209 533 284 263 620 512 73 102 186 598 140 588 161 473 290
736 940 943 878 800 317 624 71 720 291 0 619 498 108 915 393 758 817 799 670 849 313 640 155 853 919 735 912 621 624 993 415 162 949 135 413 289 351 106 385 978 436 796 310 791 103 82 878 770 308 352 321 806 375 846 396 731 168
178 419 422 356 207 333 47 566 126 361 619 0 209 620 394 259 164 224 206 99 328 349 69 568 259 325 164 319 51 54 472 243 611 355 572 316 464 289 529 270 457 282 275 420 197 612 591 285 177 401 309 425 285 262 252 396 161 618
259 463 466 400 391 417 215 482 310 391 498 209 0 494 438 421 349 408 390 260 372 414 173 404 443 509 306 503 183 180 516 404 528 539 383 161 275 450 446 432 501 127 319 231 382 502 508 469 361 408 452 236 329 423 436 497 272 534
732 936 939 873 802 318 626 72 721 292 108 620 494 0 911 394 759 819 800 671 845 315 641 151 854 920 736 914 623 626 989 416 164 950 131 409 290 352 108 387 974 432 792 306 792 104 83 880 771 309 353 317 802 376 847 398 733 170
372 48 50 375 603 706 427 927 522 734 942 421 465 938 0 632 478 620 602 448 118 722 385 849 655 721 419 715 395 392 101 616 973 751 828 572 720 662 891 643 164 538 294 676 594 947 952 681 573 774 682 681 153 635 648 769 384 979
389 630 633 568 441 107 265 340 360 158 393 259 421 394 605 0 399 458 440 310 540 180 280 342 493 559 375 553 262 265 683 84 385 589 357 408 246 70 303 111 668 431 486 311 432 386 365 519 411 175 150 288 497 43 486 236 372 392
132 475 478 413 224 472 159 705 78 500 758 164 349 759 450 399 0 241 223 147 385 488 208 707 277 343 77 336 190 193 529 382 750 373 711 455 603 428 669 410 514 422 332 559 215 751 730 302 194 540 448 564 342 401 270 535 115 757
352 617 620 555 284 532 218 764 203 559 817 224 408 819 592 458 241 0 157 297 527 547 267 766 336 145 297 138 249 252 671 442 810 175 771 514 662 487 728 469 655 481 473 618 162 811 790 362 141 599 508 623 484 460 95 594 335 816
334 599 602 537 265 514 200 746 185 541 799 206 390 800 574 440 223 157 0 279 509 529 249 748 318 162 279 156 231 234 652 423 792 192 752 496 644 469 710 451 637 463 455 600 144 792 771 344 123 581 489 605 466 442 112 576 317 798
102 446 449 383 280 384 104 616 200 412 670 99 260 671 421 310 147 297 279 0 355 399 120 619 333 399 89 392 102 105 499 294 662 429 623 366 514 339 580 321 484 333 302 470 271 663 642 359 250 451 360 476 312 312 326 447 85 668
279 115 118 282 510 613 334 834 429 641 849 328 372 845 90 540 385 527 509 355 0 629 292 756 562 628 326 622 302 299 169 523 880 658 735 479 627 569 798 551 153 445 201 583 501 854 860 588 480 681 589 588 82 542 555 676 291 886
478 719 722 657 530 104 354 260 450 78 313 349 414 315 694 180 488 547 529 399 629 0 369 263 582 648 464 642 351 354 773 131 306 678 277 329 167 138 224 102 757 352 575 232 521 307 286 608 500 95 90 208 586 162 576 177 461 312
179 383 386 321 250 354 75 586 170 382 640 69 173 641 358 280 208 267 249 120 292 369 0 557 303 369 185 362 43 40 436 264 632 399 536 280 428 309 550 291 421 247 239 384 241 633 612 329 220 421 330 389 250 282 296 417 182 638
643 846 849 784 749 266 573 177 669 240 155 568 404 151 821 342 707 766 748 619 756 263 557 0 802 868 684 861 567 564 899 364 223 898 41 319 238 300 141 335 884 342 702 216 740 160 179 828 719 257 301 227 713 324 795 345 655 229
387 653 655 590 129 567 254 799 239 595 853 259 443 854 628 493 277 336 318 333 562 582 303 802 0 437 332 431 285 288 706 477 845 467 806 549 697 522 763 504 691 516 509 653 310 846 825 128 289 634 543 659 519 495 365 630 370 851
453 719 721 656 385 633 320 865 305 661 919 325 509 920 694 559 343 145 162 399 628 648 369 868 437 0 398 93 351 354 772 543 911 117 872 616 764 588 829 570 757 582 575 719 170 912 891 463 192 700 609 725 585 561 100 696 436 917
73 417 419 354 280 449 169 681 134 477 735 164 306 736 392 375 77 297 279 89 326 464 185 684 332 398 0 392 167 170 470 359 727 428 669 413 561 404 645 386 455 380 273 517 271 728 707 358 250 516 425 522 283 377 325 512 56 733
447 712 715 650 379 627 313 859 298 654 912 319 503 914 687 553 336 138 156 392 622 642 362 861 431 93 392 0 344 347 766 537 905 122 866 609 757 582 823 564 750 576 568 713 164 905 885 457 186 694 603 718 579 555 94 689 430 911
180 393 396 331 232 336 56 568 152 363 621 51 183 623 368 262 190 249 231 102 302 351 43 567 285 351 167 344 0 50 446 246 614 381 546 290 438 291 532 273 431 257 249 394 223 615 594 310 202 403 312 399 260 264 278 398 163 620
184 390 393 327 235 339 59 571 155 367 624 54 180 626 365 265 193 252 234 105 299 354 40 564 288 354 170 347 50 0 443 249 617 384 543 287 435 294 535 276 428 253 246 391 226 618 597 313 205 406 315 396 256 267 281 401 166 623
418 110 78 421 649 753 473 973 569 780 989 468 512 985 170 679 524 666 648 495 164 768 432 895 701 767 465 761 442 439 0 663 1019 797 874 618 766 708 937 690 210 585 340 722 640 993 999 727 619 820 729 727 200 681 695 815 431 1025
373 614 617 551 425 158 249 362 344 143 415 243 404 416 589 84 382 442 423 294 523 131 264 364 477 543 359 537 246 249 667 0 407 573 379 430 268 113 325 95 652 453 470 333 415 408 387 503 394 197 92 310 480 86 470 178 356 414
741 970 973 908 793 310 617 109 712 283 162 611 528 164 945 385 750 810 792 662 880 306 632 223 845 911 727 905 614 617 1023 407 0 941 238 443 281 343 99 378 1008 466 826 346 784 155 135 871 763 300 344 323 837 367 838 389 724 43
483 749 751 686 415 663 350 895 335 691 949 355 539 950 724 589 373 175 192 429 658 678 399 898 467 117 428 122 381 384 802 573 941 0 902 646 794 618 859 600 787 612 605 749 200 942 921 493 222 730 639 755 615 591 130 726 466 947
622 825 828 763 754 281 578 181 673 255 135 572 383 131 800 357 711 771 752 623 735 277 536 41 806 872 669 866 546 543 879 379 238 902 0 299 245 314 156 349 864 321 682 196 744 139 159 832 723 272 316 207 692 339 799 360 634 244
366 569 572 507 497 333 321 398 417 307 413 316 161 409 544 408 455 514 496 366 479 329 280 319 549 616 413 609 290 287 622 430 443 646 299 0 190 366 361 401 607 234 425 146 488 418 423 575 467 323 367 152 436 390 543 412 378 450
514 717 720 655 645 170 469 235 565 144 289 464 275 290 692 246 603 662 644 514 627 167 428 238 697 764 561 757 438 435 770 268 281 794 245 190 0 204 199 239 755 213 573 93 636 282 261 723 615 161 205 70 584 228 691 250 526 287
418 659 662 597 470 65 294 297 390 115 351 289 450 352 634 70 428 487 469 339 569 138 309 300 522 588 404 582 291 294 713 113 343 618 314 366 204 0 261 140 697 389 515 269 461 344 323 548 440 132 176 245 526 57 516 221 401 349
659 888 891 826 711 228 535 53 630 202 106 529 446 108 863 303 669 728 710 580 798 224 550 141 763 829 645 823 532 535 942 325 99 859 156 361 199 261 0 296 926 384 744 264 702 100 79 789 681 219 262 241 755 286 756 307 642 105
400 641 644 579 452 176 276 332 371 114 385 270 432 387 616 111 410 469 451 321 551 102 291 335 504 570 386 564 273 276 694 95 378 600 349 401 239 140 296 0 679 424 497 304 443 379 358 530 422 167 63 280 508 113 497 149 383 384
332 108 111 335 562 666 387 887 482 694 902 381 425 898 84 592 438 579 561 408 78 681 345 808 615 681 379 674 355 352 162 576 932 711 788 531 679 621 850 603 0 498 253 635 553 907 912 641 532 733 642 641 113 594 608 729 344 939
332 536 539 473 464 355 288 420 384 329 436 282 127 432 511 431 422 481 463 333 445 352 247 342 516 582 380 576 257 253 589 453 466 612 321 234 213 389 384 424 574 0 392 169 455 440 446 542 434 346 390 174 402 413 510 434 345 472
226 291 294 104 456 560 281 781 376 588 796 275 319 792 266 486 332 473 455 302 201 575 239 702 509 575 273 568 249 246 344 470 826 605 682 425 573 515 744 497 329 392 0 529 447 801 806 535 426 627 536 535 158 488 502 623 238 833
470 673 676 611 601 235 425 300 521 209 310 420 231 306 648 311 559 618 600 470 583 232 384 216 653 719 517 713 394 391 726 333 346 749 196 146 93 269 264 304 711 169 529 0 592 315 326 679 571 226 270 54 540 293 647 314 482 352
326 591 594 529 257 506 192 738 177 533 791 197 382 792 566 432 215 162 144 271 501 521 241 740 310 170 271 164 223 226 644 415 784 200 744 488 636 461 702 443 629 455 447 592 0 784 763 336 115 573 481 597 458 434 121 568 309 790
741 944 947 882 793 310 618 64 713 284 103 612 502 104 919 386 751 811 792 663 854 307 633 160 846 912 728 905 615 618 998 408 155 942 139 418 282 344 100 379 983 440 801 315 784 0 75 872 763 301 345 323 811 368 839 390 725 162
721 950 953 888 773 289 597 43 692 263 82 591 508 83 925 365 730 790 771 642 860 286 612 179 825 891 707 885 594 597 1003 387 135 921 159 423 261 323 79 358 988 446 806 326 763 75 0 851 742 280 324 302 817 347 818 369 704 141
413 678 681 616 155 593 279 825 264 620 878 285 469 880 653 519 302 362 344 359 588 608 329 828 128 463 358 457 310 313 732 503 871 493 832 575 723 548 789 530 716 542 535 679 336 872 851 0 315 660 569 685 545 521 390 655 396 877
305 570 573 508 236 485 171 717 156 512 770 177 361 771 545 411 194 141 123 250 480 500 220 719 289 192 250 186 202 205 623 394 763 222 723 467 615 440 681 422 608 434 426 571 115 763 742 315 0 552 460 576 437 413 143 547 288 769
530 771 774 709 582 99 406 255 502 73 308 401 408 309 746 175 540 599 581 451 681 95 421 257 634 700 516 694 403 406 825 197 300 730 272 323 161 132 219 167 809 346 627 226 573 301 280 660 552 0 134 203 638 157 628 115 513 307
439 680 683 617 491 143 315 299 410 102 352 309 452 353 655 150 448 508 489 360 589 90 330 301 543 609 425 603 312 315 733 92 344 639 316 367 205 176 262 63 718 390 536 270 481 345 324 569 460 134 0 247 546 152 536 137 422 351
475 678 681 616 606 212 431 277 526 186 321 425 236 317 653 288 564 623 605 476 588 208 389 227 659 725 522 718 399 396 732 310 323 755 207 152 70 245 241 280 716 174 535 54 597 323 302 685 576 203 247 0 545 270 652 291 487 329
236 151 154 239 467 571 291 791 387 598 806 285 329 802 126 497 342 484 466 312 82 586 250 713 519 585 283 579 260 256 204 480 837 615 692 436 584 526 755 508 189 402 158 540 458 811 817 545 437 638 546 545 0 499 512 633 248 843
391 632 635 570 443 90 267 322 363 140 375 262 423 376 607 43 401 460 442 312 542 162 282 324 495 561 377 555 264 267 686 86 367 591 339 390 228 57 286 113 670 413 488 293 434 368 347 521 413 157 152 270 499 0 489 239 374 374
381 646 649 584 312 560 247 793 232 588 846 252 436 847 621 486 270 95 112 326 555 576 296 795 365 100 325 94 278 281 699 470 838 130 799 543 691 516 756 497 684 510 502 647 121 839 818 390 143 628 536 652 512 489 0 623 364 845
526 766 769 704 577 187 401 343 497 161 396 396 497 398 741 236 535 594 576 447 676 177 417 345 630 696 512 689 398 401 820 178 389 726 360 412 250 221 307 149 804 434 623 314 568 390 369 655 547 115 137 291 633 239 623 0 508 395
38 382 385 319 318 446 166 678 172 473 731 161 272 733 357 372 115 335 317 85 291 461 182 655 370 436 56 430 163 166 435 356 724 466 634 378 526 401 642 383 420 345 238 482 309 725 704 396 288 513 422 487 248 374 364 508 0 730
747 976 979 914 799 316 623 115 719 290 168 618 534 170 951 392 757 816 798 668 886 312 638 229 851 917 733 911 620 623 1030 414 43 947 244 450 287 349 105 384 1015 472 833 352 790 162 141 877 769 307 351 329 843 374 845 395 730 0
EOF