NAME : tsp_problem
TYPE : TSP
DIMENSION : 42
EDGE_WEIGHT_TYPE : EXPLICIT
EDGE_WEIGHT_FORMAT : FULL_MATRIX
EDGE_WEIGHT_SECTION
0 420 302 459 181 483 575 246 195 166 664 528 507 196 138 477 232 541 547 1068 522 493 469 308 436 133 32 164 92 622 358 412 372 476 336 182 306 90 419 77 264 314
443 0 674 820 598 86 830 264 612 583 922 889 236 613 436 206 649 901 908 1241 883 96 725 725 691 388 449 477 465 983 730 784 744 742 709 438 324 462 149 450 637 732
302 651 0 190 457 714 332 477 471 442 394 259 738 472 369 707 508 271 277 1299 252 724 217 584 255 364 308 439 323 353 88 142 125 206 66 413 537 241 650 252 125 590
459 797 190 0 615 860 159 623 629 600 221 85 884 630 527 854 666 97 104 1457 79 870 122 742 160 456 466 597 481 179 134 137 120 110 148 443 683 399 796 410 230 748
181 576 457 615 0 638 730 401 138 109 819 684 662 252 293 632 175 696 702 1199 677 649 625 199 591 288 176 219 248 778 513 567 527 631 491 338 462 245 574 233 420 205
380 86 611 757 535 0 767 200 549 520 858 826 173 550 373 143 586 838 845 1178 820 159 661 662 628 325 386 413 401 920 667 721 681 678 645 374 261 399 85 386 573 668
575 808 332 159 730 870 0 633 744 715 110 152 894 745 643 864 782 164 171 1472 146 881 232 857 198 466 581 708 597 246 277 280 263 249 291 453 694 541 806 552 372 864
246 241 477 623 401 303 633 0 415 386 724 692 328 416 239 297 452 704 711 1044 686 314 527 528 494 191 252 279 267 786 533 587 547 544 511 240 102 265 240 252 440 534
195 589 471 629 138 652 744 415 0 123 833 697 676 265 307 646 137 710 716 1213 691 662 639 156 605 302 190 233 261 792 527 581 541 645 505 351 475 259 588 247 434 162
166 560 442 600 109 623 715 386 123 0 804 668 647 236 278 617 160 681 687 1184 662 633 610 186 576 273 161 204 232 763 498 552 512 616 476 322 446 230 559 218 405 192
664 899 394 221 819 961 110 724 833 804 0 152 986 834 732 955 871 141 145 1564 158 972 323 946 290 558 670 800 686 196 339 342 325 315 353 545 785 603 898 614 434 953
528 866 259 85 684 929 152 692 697 668 152 0 953 699 596 923 735 55 60 1526 70 939 190 811 228 525 535 666 550 111 203 206 189 179 217 512 752 467 865 478 298 817
430 114 661 807 585 176 818 251 599 570 909 876 0 601 424 108 637 889 895 1228 870 187 712 713 679 376 437 464 452 970 717 771 732 729 696 425 312 449 51 437 624 719
196 591 472 630 252 653 745 416 265 236 834 699 677 0 308 647 303 711 717 1214 692 664 640 379 606 303 191 234 263 793 528 582 542 646 506 353 477 260 589 248 435 385
138 414 369 527 293 476 643 239 307 278 732 596 500 308 0 470 345 608 615 959 590 487 537 420 504 201 144 113 105 690 425 479 440 543 404 250 300 157 413 145 332 427
472 156 703 849 627 218 860 293 641 612 951 918 60 642 466 0 679 930 937 1270 912 229 754 754 721 418 478 506 494 1012 759 813 774 771 738 467 353 491 93 479 666 761
232 627 508 666 175 689 782 452 137 160 871 735 713 303 345 683 0 747 754 1250 729 700 676 118 643 340 227 270 299 829 564 618 579 682 543 389 513 296 626 284 471 124
541 879 271 97 696 941 164 704 710 681 141 55 965 711 608 935 747 0 48 1538 61 952 203 823 241 537 547 678 562 99 215 219 202 192 230 524 765 480 877 491 311 829
547 885 277 104 702 948 171 711 716 687 145 60 972 717 615 941 754 48 0 1545 66 958 209 829 247 544 553 685 569 103 222 225 208 198 236 531 771 486 884 497 317 836
1068 1218 1299 1457 1199 1281 1472 1044 1213 1184 1564 1526 1305 1214 959 1275 1250 1538 1545 0 1520 1291 1367 1326 1334 1031 1074 999 1035 1620 1355 1409 1370 1384 1334 1080 1104 1087 1217 1075 1262 1332
522 860 252 79 677 923 146 686 691 662 158 70 947 692 590 916 729 61 66 1520 0 933 184 804 222 519 529 660 544 117 197 200 183 173 211 506 746 461 859 472 292 811
369 76 600 746 524 138 756 190 538 509 848 815 162 539 362 132 576 827 834 1167 809 0 651 651 618 314 375 403 391 909 656 710 671 668 635 364 250 388 75 376 563 658
469 702 217 122 625 764 232 527 639 610 323 190 789 640 537 758 676 203 209 1367 184 775 0 752 64 361 476 603 491 285 162 165 148 68 176 348 588 426 701 437 257 758
308 703 584 742 199 765 857 528 156 186 946 811 789 379 420 759 118 823 829 1326 804 776 752 0 718 415 303 346 375 905 640 694 654 758 618 465 589 372 701 360 547 93
436 669 255 160 591 731 198 494 605 576 290 228 755 606 504 725 643 241 247 1334 222 742 64 718 0 327 442 569 458 323 200 203 186 81 214 314 555 455 668 443 295 725
133 366 364 456 288 428 466 191 302 273 558 525 452 303 201 422 340 537 544 1031 519 439 361 415 327 0 139 266 155 619 420 474 435 378 399 74 252 152 365 140 327 422
32 427 308 466 176 489 581 252 190 161 670 535 513 191 144 483 227 547 553 1074 529 500 476 303 442 139 0 158 99 629 364 418 378 482 342 189 313 96 425 84 271 309
164 454 439 597 219 517 708 279 233 204 800 666 541 234 113 510 270 678 685 999 660 527 603 346 569 266 158 0 189 760 495 550 510 613 474 315 340 228 453 215 402 353
92 442 323 481 248 505 597 267 261 232 686 550 529 263 105 498 299 562 569 1035 544 515 491 375 458 155 99 189 0 644 379 433 394 497 358 204 328 111 441 99 286 381
622 960 353 179 778 1023 246 786 792 763 196 111 1047 793 690 1017 829 99 103 1620 117 1033 285 905 323 619 629 760 644 0 297 300 283 273 311 606 846 562 959 573 393 911
358 707 88 134 513 770 277 533 527 498 339 203 794 528 425 764 564 215 222 1355 197 780 162 640 200 420 364 495 379 297 0 87 70 150 82 469 593 297 706 308 179 646
412 762 142 137 567 824 280 587 581 552 342 206 848 582 479 818 618 219 225 1409 200 835 165 694 203 474 418 550 433 300 87 0 73 154 101 486 648 351 760 362 182 700
372 722 125 120 527 784 263 547 541 512 325 189 808 542 440 778 579 202 208 1370 183 795 148 654 186 435 378 510 394 283 70 73 0 137 84 469 608 311 721 322 129 661
476 719 206 110 631 782 249 544 645 616 315 179 806 646 543 775 682 192 198 1384 173 792 68 758 81 378 482 613 497 273 150 154 137 0 165 365 605 415 718 426 246 764
336 686 66 148 491 748 291 511 505 476 353 217 773 506 404 742 543 230 236 1334 211 759 176 618 214 399 342 474 358 311 82 101 84 165 0 448 572 275 685 286 159 625
182 415 413 443 338 477 453 240 351 322 545 512 502 353 250 471 389 524 531 1080 506 488 348 465 314 74 189 315 204 606 469 486 469 365 448 0 301 201 414 189 376 471
306 302 537 683 462 364 694 102 475 446 785 752 388 477 300 358 513 765 771 1104 746 375 588 589 555 252 313 340 328 846 593 648 608 605 572 301 0 325 300 313 500 595
90 439 241 399 245 502 541 265 259 230 603 467 526 260 157 496 296 480 486 1087 461 512 426 372 455 152 96 228 111 562 297 351 311 415 275 201 325 0 438 54 204 378
527 210 757 904 682 273 914 347 696 667 1005 973 114 697 520 84 733 985 991 1325 966 283 808 809 775 472 533 560 548 1067 814 868 828 825 792 521 408 546 0 533 720 815
77 427 252 410 233 490 552 252 247 218 614 478 514 248 145 483 284 491 497 1075 472 500 437 360 443 140 84 215 99 573 308 362 322 426 286 189 313 54 426 0 215 366
264 614 125 230 420 677 372 440 434 405 434 298 701 435 332 670 471 311 317 1262 292 687 257 547 295 327 271 402 286 393 179 182 129 246 159 376 500 204 613 215 0 553
314 709 590 748 205 771 864 534 162 192 953 817 796 385 427 765 124 829 836 1332 811 782 758 93 725 422 309 353 381 911 646 700 661 764 625 471 595 378 708 366 553 0
EOF