NAME : tsp_problem
TYPE : TSP
DIMENSION : 48
EDGE_WEIGHT_TYPE : EXPLICIT
EDGE_WEIGHT_FORMAT : FULL_MATRIX
EDGE_WEIGHT_SECTION
0 761 633 1152 636 747 925 1343 683 589 988 885 400 939 623 274 1330 701 473 1272 93 556 688 1238 1374 833 1140 513 1039 1231 143 915 1226 512 446 643 502 461 745 858 1231 1219 1403 1201 664 416 589 654
761 0 1068 524 584 208 343 844 144 1024 489 151 506 204 1057 894 701 1135 870 537 691 991 145 609 745 98 642 773 386 733 763 451 728 461 706 749 608 839 206 319 496 591 863 573 613 1036 695 1089
798 1232 0 1624 1040 1218 1397 1814 1154 62 1459 1357 871 1411 69 931 1801 141 561 1743 728 95 1159 1709 1845 1304 1612 677 1510 1703 800 1387 1697 984 677 833 850 549 1216 1329 1702 1691 1875 1673 1011 1073 779 100
1152 524 1459 0 976 524 406 420 601 1415 191 399 897 342 1449 1285 197 1527 1261 420 1082 1382 595 105 241 451 240 1164 325 331 1154 260 326 852 1098 1140 999 1231 522 393 379 87 359 69 1004 1427 1087 1480
636 584 875 976 0 570 749 1166 506 831 811 709 381 763 865 769 1153 943 549 1095 566 798 511 1061 1197 656 963 392 862 1055 638 739 1049 153 453 231 372 519 568 681 1054 1043 1227 1025 84 911 286 896
747 208 1054 524 570 0 222 714 130 1010 359 333 492 387 1043 880 701 1121 856 719 677 977 135 609 745 280 512 759 336 603 749 287 597 447 692 735 594 825 42 155 678 591 775 573 599 1022 681 1075
925 343 1232 406 749 222 0 597 309 1188 242 219 670 189 1222 1058 584 1300 1034 522 855 1155 314 492 628 271 394 937 138 485 927 303 480 625 871 913 772 1004 220 256 481 474 657 456 777 1200 860 1253
1343 844 1650 420 1166 714 597 0 800 1606 382 720 1088 690 1639 1476 313 1717 1452 704 1273 1573 805 337 202 772 374 1355 516 135 1345 451 294 1043 1288 1331 1190 1421 712 583 592 365 84 374 1195 1618 1277 1671
683 144 990 601 506 130 309 800 0 946 446 228 428 282 979 816 778 1057 792 614 613 913 71 687 823 175 598 695 422 689 685 373 684 383 629 671 530 761 128 241 573 668 861 650 535 958 617 1011
754 1188 62 1580 996 1174 1353 1770 1110 0 1415 1313 827 1367 51 887 1757 129 517 1699 684 61 1116 1666 1801 1260 1568 633 1466 1659 756 1343 1653 940 633 789 806 505 1172 1285 1658 1647 1831 1629 967 1029 735 83
988 489 1295 191 811 359 242 382 446 1251 0 365 733 335 1284 1121 369 1362 1097 556 918 1218 451 277 413 417 179 1000 161 270 990 96 265 688 933 976 835 1066 357 228 515 258 442 240 840 1263 922 1316
885 151 1193 399 709 333 219 720 228 1149 365 0 630 80 1182 1019 577 1260 994 413 816 1116 222 485 621 156 518 898 262 609 888 426 603 585 831 873 733 964 331 409 372 467 738 449 738 1160 820 1213
400 506 707 897 381 492 670 1088 428 663 733 630 0 684 696 533 1075 774 463 1017 330 630 433 983 1119 578 885 305 784 976 402 660 971 257 345 268 127 433 490 603 976 964 1148 946 409 674 214 727
939 204 1247 342 763 387 189 690 282 1203 335 80 684 0 1236 1072 520 1314 1048 355 870 1169 276 428 564 132 488 951 232 579 942 396 574 639 885 927 786 1018 385 380 314 409 681 391 792 1214 874 1267
787 1222 69 1613 1029 1208 1386 1803 1144 51 1448 1346 860 1400 0 920 1791 136 550 1733 717 85 1149 1699 1835 1294 1601 666 1499 1692 789 1376 1687 973 666 822 840 538 1205 1318 1692 1680 1864 1662 1000 1062 768 90
274 894 766 1285 769 880 1058 1476 816 722 1121 1019 533 1072 756 0 1463 834 606 1405 226 689 821 1371 1507 966 1273 646 1172 1364 152 1048 1359 645 579 776 635 594 878 991 1364 1353 1536 1335 798 258 722 787
1330 701 1637 197 1153 701 584 313 778 1593 369 577 1075 520 1626 1463 0 1704 1439 415 1260 1560 773 115 134 629 418 1342 503 424 1332 438 504 1030 1275 1318 1177 1408 699 570 303 142 252 151 1182 1605 1264 1658
865 1300 141 1691 1107 1286 1464 1881 1222 129 1527 1424 938 1478 136 998 1869 0 628 1811 795 163 1227 1777 1913 1372 1679 744 1578 1770 867 1454 1765 1051 744 900 918 616 1283 1397 1770 1758 1942 1740 1078 1140 846 135
473 870 397 1261 549 856 1034 1452 792 353 1097 994 463 1048 386 606 1439 464 0 1381 403 320 797 1347 1483 942 1249 186 1148 1340 475 1024 1335 621 186 342 360 59 854 967 1340 1328 1512 1310 521 748 289 417
1272 537 1579 420 1095 719 522 704 614 1535 556 413 1017 355 1568 1405 415 1646 1381 0 1202 1502 609 506 526 465 605 1284 565 696 1274 625 691 972 1217 1260 1119 1350 717 712 139 487 643 469 1124 1547 1206 1600
93 691 564 1082 566 677 855 1273 613 520 918 816 330 870 553 226 1260 631 403 1202 0 487 618 1168 1304 763 1070 443 969 1161 95 846 1156 443 376 573 432 391 675 788 1161 1150 1334 1132 595 367 519 584
721 1155 95 1547 963 1141 1320 1737 1077 61 1382 1280 794 1334 85 854 1724 163 484 1666 651 0 1082 1632 1768 1227 1535 600 1433 1626 723 1310 1620 907 600 756 773 472 1139 1252 1625 1614 1798 1596 934 996 702 116
688 145 995 595 511 135 314 805 71 951 451 222 433 276 984 821 773 1062 797 609 618 918 0 681 817 170 603 700 427 694 690 378 689 388 634 676 535 766 133 246 568 663 866 645 540 963 622 1016
1238 609 1545 105 1061 609 492 337 687 1501 277 485 983 428 1534 1371 115 1612 1347 506 1168 1468 681 0 159 537 326 1250 411 417 1240 346 412 938 1184 1226 1085 1316 607 479 394 50 276 60 1090 1513 1172 1566
1374 745 1681 241 1197 745 628 202 823 1637 413 621 1119 564 1670 1507 134 1748 1483 526 1304 1604 817 159 0 673 462 1386 547 313 1376 482 472 1074 1320 1362 1221 1452 743 615 413 186 141 195 1226 1649 1308 1702
833 98 1140 451 656 280 271 772 175 1096 417 156 578 132 1129 966 629 1207 942 465 763 1063 170 537 673 0 570 845 314 661 835 478 656 533 778 821 680 911 278 391 424 519 791 501 685 1108 767 1161
1140 642 1447 240 963 512 394 374 598 1403 179 518 885 488 1437 1273 418 1515 1249 605 1070 1370 603 326 462 570 0 1152 313 262 1142 248 257 840 1086 1128 987 1219 510 381 564 307 434 289 992 1415 1074 1468
513 773 512 1164 392 759 937 1355 695 468 1000 898 305 951 502 646 1342 580 186 1284 443 435 700 1250 1386 845 1152 0 1051 1243 515 927 1238 521 89 184 202 156 757 870 1243 1232 1415 1214 363 787 131 533
1039 386 1346 325 862 336 138 516 422 1302 161 262 784 232 1335 1172 503 1413 1148 565 969 1269 427 411 547 314 313 1051 0 404 1041 222 399 739 984 1027 886 1117 334 205 524 393 576 374 891 1314 973 1367
1231 733 1538 331 1055 603 485 135 689 1494 270 609 976 579 1528 1364 424 1606 1340 696 1161 1461 694 417 313 661 262 1243 404 0 1233 339 182 931 1177 1219 1078 1310 601 472 655 399 196 381 1083 1506 1166 1559
143 763 636 1154 638 749 927 1345 685 592 990 888 402 942 625 152 1332 703 475 1274 95 559 690 1240 1376 835 1142 515 1041 1233 0 918 1228 515 448 645 504 463 747 860 1233 1222 1405 1204 667 294 591 656
915 451 1223 260 739 287 303 451 373 1179 96 426 660 396 1212 1048 438 1290 1024 625 846 1145 378 346 482 478 248 927 222 339 918 0 334 615 861 903 762 994 285 156 584 327 511 309 768 1190 850 1243
1226 728 1533 326 1049 597 480 294 684 1489 265 603 971 574 1522 1359 504 1600 1335 691 1156 1456 689 412 472 656 257 1238 399 182 1228 334 0 926 1172 1214 1073 1304 595 467 650 393 354 375 1078 1501 1160 1554
512 461 820 852 153 447 625 1043 383 776 688 585 257 639 809 645 1030 887 621 972 443 742 388 938 1074 533 840 521 739 931 515 615 926 0 458 361 359 591 445 558 931 919 1103 901 182 787 415 840
446 706 512 1098 453 692 871 1288 629 468 933 831 345 885 502 579 1275 580 186 1217 376 435 634 1184 1320 778 1086 89 984 1177 448 861 1172 458 0 245 263 156 690 803 1177 1165 1349 1147 424 721 192 533
643 749 668 1140 231 735 913 1331 671 624 976 873 268 927 658 776 1318 736 342 1260 573 591 676 1226 1362 821 1128 184 1027 1219 645 903 1214 361 245 0 165 312 733 846 1219 1207 1391 1189 202 918 93 689
502 608 686 999 372 594 772 1190 530 642 835 733 127 786 675 635 1177 753 360 1119 432 609 535 1085 1221 680 987 202 886 1078 504 762 1073 359 263 165 0 329 592 705 1078 1067 1250 1048 343 777 111 707
461 839 385 1231 519 825 1004 1421 761 341 1066 964 433 1018 374 594 1408 452 59 1350 391 308 766 1316 1452 911 1219 156 1117 1310 463 994 1304 591 156 312 329 0 823 936 1309 1298 1482 1280 490 736 258 406
745 206 1052 522 568 42 220 712 128 1008 357 331 490 385 1041 878 699 1119 854 717 675 975 133 607 743 278 510 757 334 601 747 285 595 445 690 733 592 823 0 153 676 589 773 571 597 1020 679 1073
858 319 1165 393 681 155 256 583 241 1121 228 409 603 380 1154 991 570 1232 967 712 788 1088 246 479 615 391 381 870 205 472 860 156 467 558 803 846 705 936 153 0 671 460 644 442 710 1133 792 1186
1231 496 1538 379 1054 678 481 592 573 1494 515 372 976 314 1527 1364 303 1605 1340 139 1161 1461 568 394 413 424 564 1243 524 655 1233 584 650 931 1177 1219 1078 1309 676 671 0 421 531 428 1083 1506 1165 1559
1219 591 1527 87 1043 591 474 365 668 1483 258 467 964 409 1516 1353 142 1594 1328 487 1150 1450 663 50 186 519 307 1232 393 399 1222 327 393 919 1165 1207 1067 1298 589 460 421 0 304 41 1072 1494 1154 1547
1403 863 1710 359 1227 775 657 84 861 1667 442 738 1148 681 1700 1536 252 1778 1512 643 1334 1633 866 276 141 791 434 1415 576 196 1405 511 354 1103 1349 1391 1250 1482 773 644 531 304 0 313 1255 1678 1338 1731
1201 573 1509 69 1025 573 456 374 650 1465 240 449 946 391 1498 1335 151 1576 1310 469 1132 1432 645 60 195 501 289 1214 374 381 1204 309 375 901 1147 1189 1048 1280 571 442 428 41 313 0 1054 1476 1136 1529
664 613 847 1004 84 599 777 1195 535 803 840 738 409 792 836 798 1182 914 521 1124 595 770 540 1090 1226 685 992 363 891 1083 667 768 1078 182 424 202 343 490 597 710 1083 1072 1255 1054 0 939 257 868
416 1036 908 1427 911 1022 1200 1618 958 864 1263 1160 674 1214 898 258 1605 976 748 1547 367 831 963 1513 1649 1108 1415 787 1314 1506 294 1190 1501 787 721 918 777 736 1020 1133 1506 1494 1678 1476 939 0 864 929
589 695 615 1087 286 681 860 1277 617 571 922 820 214 874 604 722 1264 682 289 1206 519 538 622 1172 1308 767 1074 131 973 1166 591 850 1160 415 192 93 111 258 679 792 1165 1154 1338 1136 257 864 0 635
818 1253 100 1644 1060 1239 1417 1835 1175 83 1480 1378 892 1432 90 951 1822 135 582 1764 749 116 1180 1730 1866 1325 1632 697 1531 1723 821 1408 1718 1005 697 853 871 570 1237 1350 1723 1712 1896 1694 1032 1093 800 0
EOF