NAME : tsp_problem
TYPE : TSP
DIMENSION : 32
EDGE_WEIGHT_TYPE : EXPLICIT
EDGE_WEIGHT_FORMAT : FULL_MATRIX
EDGE_WEIGHT_SECTION
0 1379 1449 242 608 584 1367 679 333 1415 635 1608 1333 1109 481 1256 1398 494 314 1524 615 770 1773 554 1308 504 1700 1354 1409 466 806 281
1379 0 664 1373 1221 835 582 817 1092 106 938 823 250 379 1224 472 129 910 1215 330 864 784 988 980 274 1201 915 232 93 1079 617 1411
1449 664 0 1442 1291 905 138 887 1161 700 1008 236 464 552 1293 293 580 980 1285 519 933 854 401 1050 439 1271 328 485 733 1149 687 1481
242 1373 1442 0 469 664 1360 672 520 1409 628 1601 1327 1103 262 1250 1391 487 308 1518 608 764 1766 547 1301 285 1693 1347 1402 459 855 62
608 1221 1291 469 0 643 1209 521 565 1257 476 1450 1175 951 230 1098 1239 336 444 1366 456 612 1615 396 1150 207 1542 1195 1251 251 703 430
584 835 905 664 643 0 823 413 277 871 191 1064 789 565 646 712 854 417 507 980 388 345 1229 271 764 623 1156 810 865 501 243 703
1367 582 138 1360 1209 823 0 805 1079 618 926 297 382 470 1211 211 498 898 1203 437 851 772 462 968 357 1189 389 403 651 1067 605 1399
679 817 887 672 521 413 805 0 591 853 286 1046 771 547 523 694 836 209 515 962 89 134 1211 205 746 501 1138 792 847 378 225 710
333 1092 1161 520 565 277 1079 591 0 1128 329 1320 1046 822 568 969 1110 451 362 1236 525 483 1485 409 1020 546 1412 1066 1121 423 499 558
1415 106 700 1409 1257 871 618 853 1128 0 974 859 286 343 1259 508 165 946 1251 366 899 820 1024 1016 310 1237 951 267 57 1115 653 1447
635 938 1008 628 476 191 926 286 329 974 0 1166 892 668 479 815 956 250 470 1083 221 178 1331 104 866 456 1258 912 968 334 346 666
1608 823 236 1601 1450 1064 297 1046 1320 859 1166 0 623 711 1452 451 739 1139 1444 677 1092 1012 350 1209 597 1430 277 643 892 1307 846 1639
1333 250 464 1327 1175 789 382 771 1046 286 892 623 0 436 1178 272 140 864 1169 215 818 738 788 934 72 1155 715 116 319 1033 571 1365
1109 379 552 1103 951 565 470 547 822 343 668 711 436 0 954 359 484 640 945 627 594 514 876 710 411 931 803 457 329 809 347 1141
481 1224 1293 262 230 646 1211 523 568 1259 479 1452 1178 954 0 1101 1242 338 446 1368 459 614 1617 398 1152 46 1544 1198 1253 253 705 223
1256 472 293 1250 1098 712 211 694 969 508 815 451 272 359 1101 0 387 787 1092 406 741 661 617 857 246 1078 543 292 541 956 494 1288
1398 129 580 1391 1239 854 498 836 1110 165 956 739 140 484 1242 387 0 928 1234 220 882 802 904 999 164 1220 831 121 198 1097 635 1429
494 910 980 487 336 417 898 209 451 946 250 1139 864 640 338 787 928 0 330 1055 179 301 1304 170 838 316 1231 884 940 193 392 525
314 1215 1285 308 444 507 1203 515 362 1251 470 1444 1169 945 446 1092 1234 330 0 1360 450 606 1609 390 1144 424 1536 1189 1245 302 697 346
1524 330 519 1518 1366 980 437 962 1236 366 1083 677 215 627 1368 406 220 1055 1360 0 1008 929 843 1125 239 1346 769 196 399 1224 762 1556
615 864 933 608 456 388 851 89 525 899 221 1092 818 594 459 741 882 179 450 1008 0 180 1257 140 792 436 1184 838 893 314 271 646
770 784 854 764 612 345 772 134 483 820 178 1012 738 514 614 661 802 301 606 929 180 0 1178 245 712 592 1104 758 814 470 192 802
1773 988 401 1766 1615 1229 462 1211 1485 1024 1331 350 788 876 1617 617 904 1304 1609 843 1257 1178 0 1374 762 1595 297 808 1057 1473 1011 1804
554 980 1050 547 396 271 968 205 409 1016 104 1209 934 710 398 857 999 170 390 1125 140 245 1374 0 909 376 1301 955 1010 253 388 585
1308 274 439 1301 1150 764 357 746 1020 310 866 597 72 411 1152 246 164 838 1144 239 792 712 762 909 0 1130 689 92 343 1007 545 1339
504 1201 1271 285 207 623 1189 501 546 1237 456 1430 1155 931 46 1078 1220 316 424 1346 436 592 1595 376 1130 0 1522 1176 1231 231 683 246
1700 915 328 1693 1542 1156 389 1138 1412 951 1258 277 715 803 1544 543 831 1231 1536 769 1184 1104 297 1301 689 1522 0 735 984 1399 937 1731
1354 232 485 1347 1195 810 403 792 1066 267 912 643 116 457 1198 292 121 884 1189 196 838 758 808 955 92 1176 735 0 300 1053 591 1385
1409 93 733 1402 1251 865 651 847 1121 57 968 892 319 329 1253 541 198 940 1245 399 893 814 1057 1010 343 1231 984 300 0 1109 647 1441
466 1079 1149 459 251 501 1067 378 423 1115 334 1307 1033 809 253 956 1097 193 302 1224 314 470 1473 253 1007 231 1399 1053 1109 0 561 453
806 617 687 855 703 243 605 225 499 653 346 846 571 347 705 494 635 392 697 762 271 192 1011 388 545 683 937 591 647 561 0 893
281 1411 1481 62 430 703 1399 710 558 1447 666 1639 1365 1141 223 1288 1429 525 346 1556 646 802 1804 585 1339 246 1731 1385 1441 453 893 0
EOF