NAME : tsp_problem
TYPE : TSP
DIMENSION : 70
EDGE_WEIGHT_TYPE : EXPLICIT
EDGE_WEIGHT_FORMAT : FULL_MATRIX
EDGE_WEIGHT_SECTION
0 32 1311 157 274 888 218 1209 152 486 1089 479 875 390 211 872 361 953 1010 1016 1170 416 1128 457 1024 175 1395 1140 881 1434 443 623 506 146 246 288 1172 1421 1362 925 428 308 807 320 418 1432 666 415 307 1243 451 144 1225 608 1256 974 904 1073 1190 1022 1065 882 270 974 261 473 1027 281 1343 417
32 0 1319 165 282 896 226 1217 160 494 1097 487 883 398 219 880 369 961 1018 1024 1178 424 1136 464 1032 183 1403 1148 889 1442 451 631 514 154 254 296 1180 1429 1370 933 436 316 815 328 426 1440 674 423 315 1251 459 152 1233 616 1264 982 912 1081 1197 1029 1073 890 278 982 269 481 1035 289 1351 425
1311 1319 0 1177 1145 896 1117 769 1244 1428 426 1421 726 1452 1273 880 1423 649 860 1024 363 1478 755 1398 721 1267 917 333 889 956 1504 1685 1568 1188 1188 1230 732 943 884 621 988 1250 657 1015 1479 954 1608 1002 1368 436 966 1191 208 1669 240 357 912 963 749 358 761 732 1118 824 1109 1534 364 1130 60 1411
157 165 1177 0 337 754 84 1075 214 549 955 542 741 374 195 738 344 819 876 882 1036 400 994 519 890 237 1261 1006 747 1300 426 607 490 102 308 351 1038 1287 1228 791 359 371 673 186 401 1298 659 373 290 1109 337 207 1091 591 1122 840 770 939 1056 887 931 748 136 840 127 456 893 147 1209 400
274 282 1145 337 0 722 397 1043 148 309 924 302 709 439 391 706 541 787 844 850 1004 466 962 280 859 149 1229 974 715 1268 622 704 686 325 69 112 1007 1256 1197 759 180 131 641 354 467 1266 489 167 486 1077 203 200 1059 557 1090 808 739 908 1024 856 899 716 449 808 441 522 862 460 1177 292
888 896 896 754 722 0 694 585 822 1006 675 999 395 1029 850 116 1000 498 260 152 755 1055 504 976 429 845 899 726 106 938 1082 1262 1145 766 765 808 549 925 866 511 566 827 392 592 1057 936 1185 580 946 829 544 769 810 1247 842 560 83 209 566 607 384 388 695 297 687 1112 613 708 928 988
218 226 1117 84 397 694 0 1015 275 609 895 602 681 433 254 678 404 759 816 822 976 459 934 580 831 298 1201 946 687 1240 486 666 549 96 369 412 979 1228 1169 731 299 431 613 126 461 1238 719 313 350 1049 277 267 1031 651 1062 780 710 879 996 828 871 688 76 780 67 516 834 113 1149 460
1209 1217 769 1075 1043 585 1015 0 1143 1326 547 1319 432 1350 1171 602 1321 281 349 540 628 1376 142 1297 212 1166 469 598 592 509 1403 1583 1466 1087 1086 1129 81 496 437 308 887 1148 502 913 1378 507 1506 901 1267 701 865 1090 683 1568 714 432 569 452 61 480 224 426 1016 335 1007 1433 486 1029 801 1309
152 160 1244 214 148 822 275 1143 0 359 1023 352 809 447 268 805 418 886 943 950 1103 473 1062 330 958 48 1328 1074 815 1368 500 680 563 203 119 162 1106 1355 1296 859 301 181 740 254 475 1366 539 288 364 1177 325 77 1158 607 1190 908 838 1007 1123 955 999 815 327 907 318 530 961 338 1276 342
486 494 1428 549 309 1006 609 1326 359 0 1207 78 992 369 426 989 537 1070 1127 1133 1287 395 1245 101 1142 361 1512 1257 998 1551 619 561 678 537 265 218 1290 1539 1480 1042 463 199 924 588 397 1549 208 450 483 1360 487 412 1342 276 1373 1091 1022 1191 1307 1139 1182 999 661 1091 652 409 1145 568 1460 222
1089 1097 426 955 924 675 895 547 1023 1207 0 1200 504 1230 1052 658 1201 428 639 803 285 1256 534 1177 499 1046 695 255 668 734 1283 1463 1346 967 966 1009 511 722 663 400 767 1029 436 793 1258 733 1386 781 1147 358 745 970 340 1448 371 136 691 741 528 100 540 511 897 603 888 1313 94 909 458 1189
479 487 1421 542 302 999 602 1319 352 78 1200 0 985 362 419 982 530 1063 1120 1126 1280 388 1238 107 1135 354 1505 1250 991 1544 612 567 675 530 258 211 1283 1532 1473 1035 456 192 917 581 390 1542 214 443 476 1353 480 405 1335 282 1366 1084 1015 1184 1300 1132 1175 992 654 1084 645 415 1138 561 1453 215
875 883 726 741 709 395 681 432 809 992 504 985 0 1016 837 412 987 345 159 349 585 1042 351 963 276 832 746 555 401 785 1069 1249 1132 753 752 795 396 773 713 340 553 814 94 579 1044 783 1172 567 933 658 531 756 639 1234 671 389 378 261 413 436 231 32 682 124 673 1099 442 695 758 975
390 398 1452 374 439 1029 433 1350 447 369 1230 362 1016 0 204 1013 315 1094 1151 1157 1311 83 1269 339 1165 470 1536 1281 1022 1575 397 292 410 362 395 348 1313 1562 1503 1066 593 328 948 535 55 1573 313 580 261 1384 616 440 1366 245 1397 1115 1045 1214 1330 1162 1206 1023 485 1115 476 110 1168 347 1484 174
211 219 1273 195 391 850 254 1171 268 426 1052 419 837 204 0 834 175 915 972 978 1132 231 1090 396 987 291 1357 1102 843 1396 257 437 320 183 362 405 1135 1384 1325 887 529 385 769 356 232 1394 490 532 121 1205 508 261 1187 422 1218 936 867 1036 1152 984 1027 844 306 936 298 287 990 168 1305 231
872 880 880 738 706 116 678 602 805 989 658 982 412 1013 834 0 983 515 277 168 739 1039 521 959 446 828 915 709 120 955 1065 1246 1129 749 749 791 565 942 883 494 549 811 376 576 1040 953 1169 563 929 812 527 752 794 1230 825 543 99 226 582 591 401 405 679 314 670 1095 597 691 912 972
361 369 1423 344 541 1000 404 1321 418 537 1201 530 987 315 175 983 0 1064 1121 1128 1282 342 1240 507 1136 441 1506 1252 993 1546 131 326 209 333 512 516 1284 1533 1474 1037 679 496 919 506 343 1544 601 681 80 1355 657 410 1336 533 1368 1086 1016 1185 1301 1133 1177 994 456 1086 447 398 1139 318 1455 342
953 961 649 819 787 498 759 281 886 1070 428 1063 345 1094 915 515 1064 0 262 452 508 1120 200 1040 112 909 594 478 505 634 1146 1327 1210 830 830 872 244 621 562 52 630 892 299 657 1121 632 1250 644 1010 581 608 833 563 1311 594 312 482 364 261 360 137 338 760 247 751 1176 366 772 681 1053
1010 1018 860 876 844 260 816 349 943 1127 639 1120 159 1151 972 277 1121 262 0 215 719 1177 268 1097 193 966 663 689 267 702 1203 1384 1267 887 887 929 312 689 630 289 687 949 228 714 1178 700 1307 701 1067 793 665 890 774 1368 805 523 244 127 330 571 148 152 817 61 808 1233 577 829 892 1110
1016 1024 1024 882 850 152 822 540 950 1133 803 1126 349 1157 978 168 1128 452 215 0 883 1183 459 1104 384 973 853 854 158 892 1210 1390 1273 894 893 936 503 880 821 480 694 955 419 720 1185 890 1313 708 1074 957 672 897 938 1375 970 687 135 163 520 735 339 342 823 251 815 1240 741 836 1056 1116
1170 1178 363 1036 1004 755 976 628 1103 1287 285 1280 585 1311 1132 739 1282 508 719 883 0 1337 614 1257 580 1126 776 63 748 815 1363 1544 1427 1047 1047 1089 591 802 743 480 847 1109 516 874 1338 813 1467 861 1227 102 825 1050 277 1528 308 216 771 822 608 217 620 591 977 683 968 1393 223 989 395 1270
416 424 1478 400 466 1055 459 1376 473 395 1256 388 1042 83 231 1039 342 1120 1177 1183 1337 0 1295 366 1192 496 1562 1307 1048 1601 424 347 465 388 421 374 1340 1589 1530 1092 619 355 974 561 110 1599 368 606 287 1410 643 466 1392 300 1423 1141 1071 1240 1357 1189 1232 1049 511 1141 503 165 1195 373 1510 200
1128 1136 755 994 962 504 934 142 1062 1245 534 1238 351 1269 1090 521 1240 200 268 459 614 1295 0 1216 131 1085 456 584 511 495 1322 1502 1385 1006 1005 1048 105 482 423 228 806 1067 421 832 1297 493 1425 820 1186 687 784 1009 669 1487 700 418 488 371 123 466 143 345 935 254 927 1352 472 948 787 1228
457 464 1398 519 280 976 580 1297 330 101 1177 107 963 339 396 959 507 1040 1097 1104 1257 366 1216 0 1112 331 1482 1228 969 1522 589 590 652 507 236 189 1260 1509 1450 1013 433 169 894 559 367 1520 238 421 453 1331 457 382 1312 306 1344 1062 992 1161 1277 1109 1153 969 632 1061 623 422 1115 538 1430 192
1024 1032 721 890 859 429 831 212 958 1142 499 1135 276 1165 987 446 1136 112 193 384 580 1192 131 1112 0 981 526 550 436 565 1218 1398 1281 902 901 944 176 553 493 124 702 964 346 728 1193 563 1321 716 1082 653 680 905 635 1383 666 384 413 296 193 431 68 270 832 179 823 1248 437 844 753 1124
175 183 1267 237 149 845 298 1166 48 361 1046 354 832 470 291 828 441 909 966 973 1126 496 1085 331 981 0 1351 1097 838 1390 523 703 586 226 120 163 1129 1378 1319 882 302 183 763 277 498 1389 540 290 387 1200 326 100 1181 608 1213 931 861 1030 1146 978 1022 838 350 930 341 553 984 361 1299 343
1559 1567 1081 1425 1393 1063 1365 634 1493 1676 860 1669 910 1700 1521 1080 1671 759 827 1017 940 1726 620 1647 690 1516 0 910 1070 108 1753 1933 1816 1437 1436 1479 597 121 107 786 1236 1498 905 1263 1728 111 1856 1250 1617 1013 1215 1439 995 1918 1026 744 1047 930 614 792 702 903 1366 812 1357 1782 798 1378 1113 1659
1140 1148 333 1006 974 726 946 598 1074 1257 255 1250 555 1281 1102 709 1252 478 689 854 63 1307 584 1228 550 1097 746 0 718 785 1334 1514 1397 1018 1017 1060 561 773 714 451 818 1079 486 844 1309 783 1437 832 1198 134 796 1021 247 1499 279 187 742 792 579 187 591 562 947 654 938 1364 193 960 365 1240
881 889 889 747 715 106 687 592 815 998 668 991 401 1022 843 120 993 505 267 158 748 1048 511 969 436 838 905 718 0 945 1075 1255 1138 759 758 800 555 932 873 503 558 820 385 585 1049 943 1178 572 938 821 537 761 803 1239 834 552 89 215 572 600 391 395 688 304 679 1104 606 700 921 981
1598 1606 1120 1464 1432 1102 1404 673 1532 1715 899 1708 949 1739 1560 1119 1710 798 866 1056 979 1765 659 1686 729 1555 108 949 1109 0 1792 1972 1855 1476 1475 1518 636 81 141 825 1276 1537 945 1302 1767 70 1895 1290 1656 1053 1254 1479 1034 1957 1065 783 1086 969 653 831 741 943 1405 852 1397 1822 837 1418 1152 1698
443 451 1504 426 622 1082 486 1403 500 619 1283 612 1069 397 257 1065 131 1146 1203 1210 1363 424 1322 589 1218 523 1588 1334 1075 1628 0 407 291 415 594 598 1366 1615 1556 1119 761 578 1000 588 425 1626 683 763 162 1437 739 492 1418 615 1450 1168 1098 1267 1383 1215 1259 1075 538 1167 529 480 1221 399 1536 424
623 631 1685 607 704 1262 666 1583 680 561 1463 567 1249 292 437 1246 326 1327 1384 1390 1544 347 1502 590 1398 703 1769 1514 1255 1808 407 0 140 595 659 613 1546 1795 1736 1299 857 593 1181 768 270 1806 377 845 342 1617 881 672 1598 309 1630 1348 1278 1447 1563 1395 1439 1256 718 1348 709 205 1401 580 1717 439
506 514 1568 490 686 1145 549 1466 563 678 1346 675 1132 410 320 1129 209 1210 1267 1273 1427 465 1385 652 1281 586 1652 1397 1138 1691 291 140 0 478 657 661 1429 1678 1619 1182 824 641 1064 651 388 1689 495 826 225 1500 802 556 1482 427 1513 1231 1161 1330 1446 1278 1322 1139 601 1231 592 323 1284 463 1600 487
146 154 1188 102 325 766 96 1087 203 537 967 530 753 362 183 749 333 830 887 894 1047 388 1006 507 902 226 1272 1018 759 1312 415 595 478 0 297 339 1050 1299 1240 803 371 359 684 198 390 1310 648 385 279 1121 349 195 1102 579 1134 852 782 951 1067 899 943 759 148 851 139 444 905 159 1220 388
246 254 1188 308 69 765 369 1086 119 265 966 258 752 395 362 749 512 830 887 893 1047 421 1005 236 901 120 1272 1017 758 1311 594 659 657 297 0 83 1049 1298 1239 802 222 103 684 348 423 1309 445 210 458 1120 246 171 1101 513 1133 851 781 950 1066 898 942 759 421 851 412 478 904 432 1220 248
288 296 1230 351 112 808 412 1129 162 218 1009 211 795 348 405 791 516 872 929 936 1089 374 1048 189 944 163 1314 1060 800 1353 598 613 661 339 83 0 1092 1341 1282 845 265 145 726 390 376 1351 398 253 462 1163 289 214 1144 466 1176 893 824 993 1109 941 984 801 464 893 455 431 947 474 1262 201
1172 1180 732 1038 1007 549 979 81 1106 1290 511 1283 396 1313 1135 565 1284 244 312 503 591 1340 105 1260 176 1129 433 561 555 472 1366 1546 1429 1050 1049 1092 0 459 400 272 850 1112 465 876 1341 470 1469 864 1230 665 828 1053 646 1531 677 395 532 415 98 443 188 389 980 298 971 1396 449 992 764 1272
1586 1594 1108 1452 1420 1090 1392 660 1519 1703 886 1696 937 1727 1548 1107 1698 785 854 1044 967 1753 647 1673 717 1542 121 937 1096 81 1779 1960 1843 1463 1463 1505 624 0 134 813 1263 1525 932 1290 1754 83 1883 1277 1643 1040 1241 1466 1022 1944 1053 771 1073 956 641 818 729 930 1393 839 1384 1809 824 1405 1140 1686
1527 1535 1049 1393 1361 1031 1333 601 1460 1644 827 1637 878 1668 1489 1048 1639 726 795 985 908 1694 588 1614 658 1483 107 878 1037 141 1720 1901 1784 1404 1404 1446 565 134 0 754 1204 1466 873 1231 1695 143 1824 1218 1584 981 1182 1407 963 1885 994 712 1014 897 582 759 670 871 1334 780 1325 1750 765 1346 1081 1627
925 933 621 791 759 511 731 308 859 1042 400 1035 340 1066 887 494 1037 52 289 480 480 1092 228 1013 124 882 622 451 503 661 1119 1299 1182 803 802 845 272 649 590 0 603 864 272 629 1094 659 1222 617 983 554 581 806 535 1284 567 285 509 392 289 332 164 347 732 275 724 1149 338 745 653 1025
428 436 988 359 180 566 299 887 301 463 767 456 553 593 529 549 679 630 687 694 847 619 806 433 702 302 1072 818 558 1111 761 857 824 371 222 265 850 1099 1040 603 0 285 484 197 620 1109 642 106 625 921 143 353 902 710 934 651 582 751 867 699 742 559 300 651 291 675 705 388 1020 446
308 316 1250 371 131 827 431 1148 181 199 1029 192 814 328 385 811 496 892 949 955 1109 355 1067 169 964 183 1334 1079 820 1373 578 593 641 359 103 145 1112 1361 1302 864 285 0 746 410 356 1371 378 272 442 1182 308 234 1164 446 1195 913 843 1012 1129 961 1004 821 483 913 474 411 967 494 1282 181
807 815 657 673 641 392 613 502 740 924 436 917 94 948 769 376 919 299 228 419 516 974 421 894 346 763 741 486 385 780 1000 1181 1064 684 684 726 465 768 709 272 484 746 0 511 975 778 1104 498 864 590 462 687 571 1165 602 320 408 331 482 368 301 100 614 192 605 1030 374 626 689 907
320 328 1015 186 354 592 126 913 254 588 793 581 579 535 356 576 506 657 714 720 874 561 832 559 728 277 1099 844 585 1138 588 768 651 198 348 390 876 1125 1066 629 197 410 511 0 563 1136 768 211 452 947 175 200 928 753 960 678 608 777 893 725 769 586 127 678 118 618 731 215 1047 562
418 426 1479 401 467 1057 461 1378 475 397 1258 390 1044 55 232 1040 343 1121 1178 1185 1338 110 1297 367 1193 498 1563 1309 1049 1602 425 270 388 390 423 376 1341 1590 1531 1094 620 356 975 563 0 1601 292 608 289 1412 644 467 1393 224 1425 1143 1073 1242 1358 1190 1234 1050 513 1142 504 89 1196 374 1511 202
1596 1604 1118 1462 1430 1100 1402 671 1530 1714 897 1706 947 1737 1558 1117 1708 796 864 1055 977 1763 657 1684 727 1553 111 948 1107 70 1790 1970 1853 1474 1473 1516 634 83 143 824 1274 1535 943 1300 1765 0 1893 1288 1654 1051 1252 1477 1032 1955 1064 781 1084 967 651 829 739 941 1403 850 1395 1820 835 1416 1150 1696
666 674 1608 659 489 1185 719 1506 539 208 1386 214 1172 313 490 1169 601 1250 1307 1313 1467 368 1425 238 1321 540 1692 1437 1178 1731 683 377 495 648 445 398 1469 1718 1659 1222 642 378 1104 768 292 1729 0 630 547 1540 666 591 1522 93 1553 1271 1201 1370 1486 1318 1362 1179 771 1271 762 226 1324 632 1640 401
415 423 1002 373 167 580 313 901 288 450 781 443 567 580 532 563 681 644 701 708 861 606 820 421 716 290 1086 832 572 1125 763 845 826 385 210 253 864 1113 1054 617 106 272 498 211 608 1123 630 0 627 935 130 341 916 698 948 665 596 765 881 713 756 573 314 665 305 663 719 402 1034 433
307 315 1368 290 486 946 350 1267 364 483 1147 476 933 261 121 929 80 1010 1067 1074 1227 287 1186 453 1082 387 1452 1198 938 1491 162 342 225 279 458 462 1230 1479 1420 983 625 442 864 452 289 1489 547 627 0 1301 603 356 1282 479 1314 1032 962 1131 1247 1079 1123 939 402 1031 393 344 1085 263 1400 288
1243 1251 436 1109 1077 829 1049 701 1177 1360 358 1353 658 1384 1205 812 1355 581 793 957 102 1410 687 1331 653 1200 849 134 821 888 1437 1617 1500 1121 1120 1163 665 876 817 554 921 1182 590 947 1412 886 1540 935 1301 0 899 1124 350 1602 382 290 845 895 682 290 694 665 1050 757 1042 1467 296 1063 468 1343
451 459 966 337 203 544 277 865 325 487 745 480 531 616 508 527 657 608 665 672 825 643 784 457 680 326 1050 796 537 1090 739 881 802 349 246 289 828 1077 1018 581 143 308 462 175 644 1088 666 130 603 899 0 352 880 734 912 630 560 729 845 677 721 538 278 630 270 699 683 366 998 469
144 152 1191 207 200 769 267 1090 77 412 970 405 756 440 261 752 410 833 890 897 1050 466 1009 382 905 100 1275 1021 761 1314 492 672 556 195 171 214 1053 1302 1243 806 353 234 687 200 467 1312 591 341 356 1124 352 0 1105 657 1137 854 785 954 1070 902 945 762 275 854 266 522 908 330 1223 394
1225 1233 208 1091 1059 810 1031 683 1158 1342 340 1335 639 1366 1187 794 1336 563 774 938 277 1392 669 1312 635 1181 831 247 803 870 1418 1598 1482 1102 1101 1144 646 857 798 535 902 1164 571 928 1393 868 1522 916 1282 350 880 1105 0 1583 57 271 826 877 663 272 675 646 1032 738 1023 1448 278 1044 240 1325
608 616 1669 591 557 1247 651 1568 607 276 1448 282 1234 245 422 1230 533 1311 1368 1375 1528 300 1487 306 1383 608 1753 1499 1239 1792 615 309 427 579 513 466 1531 1780 1721 1284 710 446 1165 753 224 1790 93 698 479 1602 734 657 1583 0 1615 1332 1263 1432 1548 1380 1423 1240 703 1332 694 158 1386 564 1701 392
1256 1264 240 1122 1090 842 1062 714 1190 1373 371 1366 671 1397 1218 825 1368 594 805 970 308 1423 700 1344 666 1213 862 279 834 901 1450 1630 1513 1134 1133 1176 677 889 830 567 934 1195 602 960 1425 899 1553 948 1314 382 912 1137 57 1615 0 303 858 908 695 303 707 677 1063 769 1054 1480 309 1075 272 1356
974 982 357 840 808 560 780 432 908 1091 136 1084 389 1115 936 543 1086 312 523 687 216 1141 418 1062 384 931 580 187 552 619 1168 1348 1231 852 851 893 395 607 548 285 651 913 320 678 1143 617 1271 665 1032 290 630 854 271 1332 303 0 576 626 413 68 424 395 781 487 772 1197 74 793 389 1074
904 912 912 770 739 83 710 569 838 1022 691 1015 378 1045 867 99 1016 482 244 135 771 1071 488 992 413 861 882 742 89 922 1098 1278 1161 782 781 824 532 909 850 509 582 843 408 608 1073 920 1201 596 962 845 560 785 826 1263 858 576 0 192 549 623 368 372 712 281 703 1128 629 724 944 1004
1073 1081 963 939 908 209 879 452 1007 1191 741 1184 261 1214 1036 226 1185 364 127 163 822 1240 371 1161 296 1030 765 792 215 804 1267 1447 1330 951 950 993 415 792 733 392 751 1012 331 777 1242 802 1370 765 1131 895 729 954 877 1432 908 626 192 0 432 674 251 255 880 164 872 1297 680 893 995 1173
1190 1197 749 1056 1024 566 996 61 1123 1307 528 1300 413 1330 1152 582 1301 261 330 520 608 1357 123 1277 193 1146 450 579 572 489 1383 1563 1446 1067 1066 1109 98 477 418 289 867 1129 482 893 1358 487 1486 881 1247 682 845 1070 663 1548 695 413 549 432 0 460 205 406 997 315 988 1413 466 1009 781 1290
1022 1029 358 887 856 607 828 480 955 1139 100 1132 436 1162 984 591 1133 360 571 735 217 1189 466 1109 431 978 627 187 600 667 1215 1395 1278 899 898 941 443 654 595 332 699 961 368 725 1190 665 1318 713 1079 290 677 902 272 1380 303 68 623 674 460 0 472 443 829 535 820 1245 75 841 390 1122
1065 1073 761 931 899 384 871 224 999 1182 540 1175 231 1206 1027 401 1177 137 148 339 620 1232 143 1153 68 1022 538 591 391 577 1259 1439 1322 943 942 984 188 564 505 164 742 1004 301 769 1234 575 1362 756 1123 694 721 945 675 1423 707 424 368 251 205 472 0 225 872 134 863 1288 478 884 793 1165
882 890 732 748 716 388 688 426 815 999 511 992 32 1023 844 405 994 338 152 342 591 1049 345 969 270 838 739 562 395 778 1075 1256 1139 759 759 801 389 766 707 347 559 821 100 586 1050 776 1179 573 939 665 538 762 646 1240 677 395 372 255 406 443 225 0 689 131 680 1105 449 701 764 982
270 278 1118 136 449 695 76 1016 327 661 897 654 682 485 306 679 456 760 817 823 977 511 935 632 832 350 1202 947 688 1241 538 718 601 148 421 464 980 1229 1170 732 300 483 614 127 513 1239 771 314 402 1050 278 275 1032 703 1063 781 712 880 997 829 872 689 0 781 42 568 835 165 1150 512
974 982 824 840 808 297 780 335 907 1091 603 1084 124 1115 936 314 1086 247 61 251 683 1141 254 1061 179 930 648 654 304 687 1167 1348 1231 851 851 893 298 675 616 275 651 913 192 678 1142 685 1271 665 1031 757 630 854 738 1332 769 487 281 164 315 535 134 131 781 0 772 1197 541 793 856 1074
261 269 1109 127 441 687 67 1007 318 652 888 645 673 476 298 670 447 751 808 815 968 503 927 623 823 341 1193 938 679 1232 529 709 592 139 412 455 971 1220 1161 724 291 474 605 118 504 1230 762 305 393 1042 270 266 1023 694 1054 772 703 872 988 820 863 680 42 772 0 559 826 156 1141 503
473 481 1534 456 522 1112 516 1433 530 409 1313 415 1099 110 287 1095 398 1176 1233 1240 1393 165 1352 422 1248 553 1618 1364 1104 1657 480 205 323 444 478 431 1396 1645 1586 1149 675 411 1030 618 89 1655 226 663 344 1467 699 522 1448 158 1480 1197 1128 1297 1413 1245 1288 1105 568 1197 559 0 1251 429 1566 257
1027 1035 364 893 862 613 834 486 961 1145 94 1138 442 1168 990 597 1139 366 577 741 223 1195 472 1115 437 984 633 193 606 673 1221 1401 1284 905 904 947 449 660 601 338 705 967 374 731 1196 671 1324 719 1085 296 683 908 278 1386 309 74 629 680 466 75 478 449 835 541 826 1251 0 847 396 1128
281 289 1130 147 460 708 113 1029 338 568 909 561 695 347 168 691 318 772 829 836 989 373 948 538 844 361 1214 960 700 1253 399 580 463 159 432 474 992 1241 1182 745 388 494 626 215 374 1251 632 402 263 1063 366 330 1044 564 1075 793 724 893 1009 841 884 701 165 793 156 429 847 0 1162 373
1343 1351 60 1209 1177 928 1149 801 1276 1460 458 1453 758 1484 1305 912 1455 681 892 1056 395 1510 787 1430 753 1299 949 365 921 988 1536 1717 1600 1220 1220 1262 764 975 916 653 1020 1282 689 1047 1511 986 1640 1034 1400 468 998 1223 240 1701 272 389 944 995 781 390 793 764 1150 856 1141 1566 396 1162 0 1443
417 425 1411 400 292 988 460 1309 342 222 1189 215 975 174 231 972 342 1053 1110 1116 1270 200 1228 192 1124 343 1495 1240 981 1534 424 439 487 388 248 201 1272 1521 1462 1025 446 181 907 562 202 1532 401 433 288 1343 469 394 1325 392 1356 1074 1004 1173 1290 1122 1165 982 512 1074 503 257 1128 373 1443 0
EOF