NAME : tsp_problem
TYPE : TSP
DIMENSION : 48
EDGE_WEIGHT_TYPE : EXPLICIT
EDGE_WEIGHT_FORMAT : FULL_MATRIX
EDGE_WEIGHT_SECTION
0 1473 655 291 1573 523 599 1466 262 1670 1525 1559 1148 1415 1631 1355 1165 1282 1195 1006 1510 1255 694 1479 515 770 454 1500 45 421 1333 508 1400 532 503 1188 385 173 1626 469 1216 1420 713 1598 1356 146 1652 157
1473 0 933 1508 186 1400 1002 1835 1536 282 138 709 628 237 782 992 490 762 674 643 332 892 893 154 1058 802 1145 651 1451 1077 851 1094 656 1040 1380 513 1262 1514 777 1104 283 242 893 210 993 1350 803 1551
655 933 0 690 1033 582 110 1203 718 1129 985 1018 608 875 1091 815 624 742 654 466 970 715 79 939 165 155 388 960 633 259 793 337 860 148 562 648 444 757 1086 212 676 880 228 1058 816 532 1112 734
291 1508 690 0 1608 335 634 1501 51 1704 1560 1593 1183 1450 1666 1389 1199 1317 1229 1041 1544 1290 728 1514 549 805 666 1535 269 455 1367 712 1435 567 315 1222 363 440 1660 503 1251 1454 877 1633 1391 357 1687 157
1573 186 1033 1608 0 1501 1102 1936 1636 238 78 810 728 338 883 1092 590 862 774 744 432 992 994 254 1158 902 1246 751 1552 1178 952 1194 756 1141 1481 613 1362 1614 877 1204 384 342 993 166 1094 1451 903 1652
523 1400 582 335 1501 0 527 1394 363 1597 1452 1486 1076 1342 1559 1282 1092 1210 1122 934 1437 1182 621 1407 442 697 578 1427 502 348 1260 605 1328 459 82 1115 256 673 1553 396 1143 1347 770 1525 1284 401 1579 469
599 1002 110 634 1102 527 0 1147 662 1199 1054 1088 677 944 1160 884 694 811 724 535 1039 784 148 1008 110 225 472 1029 578 203 862 420 929 92 507 717 388 749 1155 156 745 949 297 1127 885 477 1181 678
1466 1835 1203 1501 1936 1394 1147 0 1529 2032 1887 1921 1511 1777 1993 1717 1527 1645 1557 1368 1872 1617 1242 1841 1126 1264 1488 1862 1444 1070 1695 1436 1762 1109 1373 1550 1255 1616 1988 1172 1578 1782 1355 1960 1718 1344 2014 1545
262 1536 718 51 1636 363 662 1529 0 1732 1588 1621 1211 1478 1694 1417 1227 1345 1257 1069 1573 1318 756 1542 577 833 638 1563 240 483 1396 692 1463 595 343 1251 391 412 1688 531 1279 1483 896 1661 1419 329 1715 128
1670 282 1129 1704 238 1597 1199 2032 1732 0 190 906 824 434 979 1188 686 958 871 840 529 1089 1090 351 1254 998 1342 847 1648 1274 1048 1291 853 1237 1577 710 1459 1711 973 1300 480 439 1089 262 1190 1547 1000 1748
1525 138 985 1560 78 1452 1054 1887 1588 190 0 762 680 289 834 1044 542 814 726 695 384 944 946 206 1110 854 1198 703 1503 1129 903 1146 708 1092 1432 565 1314 1566 829 1156 335 294 945 118 1045 1402 855 1604
1723 874 1183 1757 974 1650 1252 2085 1786 1070 926 0 801 816 91 986 709 730 754 893 911 887 1143 880 1308 1051 1395 337 1701 1327 820 1344 523 1290 1630 689 1512 1764 85 1354 617 821 1143 999 988 1600 112 1801
1148 628 608 1183 728 1076 677 1511 1211 824 680 636 0 570 709 414 319 158 85 319 665 315 569 634 733 477 821 578 1127 753 247 769 350 716 1056 343 938 1189 703 779 371 575 568 753 416 1026 730 1227
1415 237 875 1450 338 1342 944 1777 1478 434 289 652 570 0 724 934 432 704 616 586 123 834 836 244 1000 744 1088 593 1393 1019 793 1036 598 983 1322 455 1204 1456 719 1046 225 69 835 362 936 1292 745 1494
1796 946 1255 1830 1047 1723 1325 2158 1858 1143 999 91 873 889 0 1059 781 803 827 966 983 959 1216 953 1380 1124 1468 410 1774 1400 892 1417 595 1363 1703 762 1585 1837 74 1426 690 893 1215 1071 1061 1673 100 1874
1355 992 815 1389 1092 1282 884 1717 1417 1188 1044 822 414 934 895 0 577 280 368 379 1029 124 775 998 939 683 1027 764 1333 959 228 976 536 922 1262 557 1144 1396 889 986 735 939 774 1117 42 1232 916 1433
1165 490 624 1199 590 1092 694 1527 1227 686 542 544 319 432 617 577 0 320 344 335 527 477 585 496 749 493 837 486 1143 769 410 786 258 732 1072 82 954 1206 611 795 233 437 584 615 578 1042 638 1243
1282 762 742 1317 862 1210 811 1645 1345 958 814 566 158 704 639 280 320 0 112 410 799 181 703 768 867 611 955 507 1261 887 114 903 280 850 1190 301 1072 1323 633 913 505 709 702 887 282 1160 659 1361
1195 674 654 1229 774 1122 724 1557 1257 871 726 590 85 616 663 368 344 112 0 365 711 268 615 680 779 523 867 531 1173 799 201 816 304 762 1102 325 984 1236 657 825 417 621 614 799 369 1072 683 1273
1006 643 466 1041 744 934 535 1368 1069 840 695 729 319 586 802 379 335 410 365 0 680 279 427 650 591 335 679 670 985 610 357 627 571 574 914 358 795 1047 796 637 386 590 426 768 380 884 822 1085
1510 332 970 1544 432 1437 1039 1872 1573 529 384 746 665 123 819 1029 527 799 711 680 0 929 930 338 1095 838 1182 688 1488 1114 888 1131 693 1077 1417 550 1299 1551 814 1141 320 118 930 457 1030 1387 840 1588
1255 892 715 1290 992 1182 784 1617 1318 1089 944 722 315 834 795 124 477 181 268 279 929 0 676 898 840 584 927 664 1233 859 128 876 436 822 1162 457 1044 1296 790 886 635 839 675 1017 126 1132 816 1333
694 893 79 728 994 621 148 1242 756 1090 946 979 569 836 1052 775 585 703 615 427 930 676 0 900 204 116 442 921 672 298 753 390 821 187 601 608 483 810 1046 250 637 840 189 1019 777 571 1073 772
1479 154 939 1514 254 1407 1008 1841 1542 351 206 716 634 244 789 998 496 768 680 650 338 898 900 0 1064 808 1152 657 1458 1083 858 1100 662 1047 1387 519 1268 1520 783 1110 290 248 899 279 1000 1357 809 1558
515 1058 165 549 1158 442 110 1126 577 1254 1110 1143 733 1000 1216 939 749 867 779 591 1095 840 204 1064 0 280 386 1085 493 182 917 335 985 71 422 773 304 664 1210 99 801 1004 353 1183 941 392 1237 593
770 802 155 805 902 697 225 1264 833 998 854 887 477 744 960 683 493 611 523 335 838 584 116 808 280 0 368 829 748 374 661 317 729 263 677 516 559 737 954 327 545 748 115 927 685 647 981 848
454 1145 388 666 1246 578 472 1488 638 1342 1198 1231 821 1088 1304 1027 837 955 867 679 1182 927 442 1152 386 368 0 1172 432 442 1005 114 1073 403 558 860 440 389 1298 340 889 1092 279 1270 1029 331 1325 533
1711 862 1171 1746 963 1639 1240 2073 1774 1059 914 139 789 805 212 975 697 719 743 882 899 875 1132 869 1296 1040 1384 0 1690 1316 808 1332 511 1279 1619 678 1500 1752 207 1342 605 809 1131 987 977 1589 233 1790
45 1451 633 269 1552 502 578 1444 240 1648 1503 1537 1127 1393 1610 1333 1143 1261 1173 985 1488 1233 672 1458 493 748 432 1478 0 399 1311 486 1379 510 482 1166 363 195 1604 447 1194 1398 691 1576 1335 124 1630 135
421 1077 259 455 1178 348 203 1070 483 1274 1129 1163 753 1019 1235 959 769 887 799 610 1114 859 298 1083 182 374 442 1104 399 0 937 391 1004 165 328 792 210 570 1230 182 820 1024 447 1202 960 298 1256 499
1333 851 793 1367 952 1260 862 1695 1396 1048 903 655 247 793 728 228 410 114 201 357 888 128 753 858 917 661 1005 597 1311 937 0 954 369 900 1240 390 1122 1374 722 964 594 798 753 976 229 1210 749 1411
508 1094 337 712 1194 605 420 1436 692 1291 1146 1180 769 1036 1252 976 786 903 816 627 1131 876 390 1100 335 317 114 1121 486 391 954 0 1021 352 585 809 467 443 1247 288 837 1041 228 1219 977 385 1273 587
1400 656 860 1435 756 1328 929 1762 1463 853 708 358 350 598 431 536 258 280 304 571 693 436 821 662 985 729 1073 300 1379 1004 369 1021 0 968 1307 239 1189 1441 425 1031 399 603 820 781 538 1278 452 1479
532 1040 148 567 1141 459 92 1109 595 1237 1092 1126 716 983 1199 922 732 850 762 574 1077 822 187 1047 71 263 403 1067 510 165 900 352 968 0 439 755 321 682 1193 116 783 987 336 1165 924 409 1219 610
503 1380 562 315 1481 82 507 1373 343 1577 1432 1466 1056 1322 1539 1262 1072 1190 1102 914 1417 1162 601 1387 422 677 558 1407 482 328 1240 585 1307 439 0 1095 235 653 1533 376 1123 1327 750 1505 1264 381 1559 449
1188 513 648 1222 613 1115 717 1550 1251 710 565 525 343 455 597 557 82 301 325 358 550 457 608 519 773 516 860 466 1166 792 390 809 239 755 1095 0 977 1229 592 819 256 460 608 638 559 1065 618 1266
385 1262 444 363 1362 256 388 1255 391 1459 1314 1348 938 1204 1420 1144 954 1072 984 795 1299 1044 483 1268 304 559 440 1289 363 210 1122 467 1189 321 235 977 0 535 1415 258 1005 1209 632 1387 1145 262 1441 464
173 1514 757 440 1614 673 749 1616 412 1711 1566 1600 1189 1456 1672 1396 1206 1323 1236 1047 1551 1296 810 1520 664 737 389 1541 195 570 1374 443 1441 682 653 1229 535 0 1667 618 1257 1461 648 1639 1397 295 1693 307
1790 941 1250 1825 1041 1717 1319 2152 1853 1138 993 85 868 883 74 1054 776 797 821 960 978 954 1211 947 1375 1119 1463 404 1768 1394 887 1411 590 1357 1697 756 1579 1831 0 1421 684 888 1210 1066 1055 1667 95 1869
469 1104 212 503 1204 396 156 1172 531 1300 1156 1189 779 1046 1262 986 795 913 825 637 1141 886 250 1110 99 327 340 1131 447 182 964 288 1031 116 376 819 258 618 1257 0 847 1051 399 1229 987 346 1283 547
1216 283 676 1251 384 1143 745 1578 1279 480 335 453 371 225 525 735 233 505 417 386 320 635 637 290 801 545 889 394 1194 820 594 837 399 783 1123 256 1005 1257 520 847 0 230 636 408 736 1093 546 1295
1420 242 880 1454 342 1347 949 1782 1483 439 294 656 575 69 729 939 437 709 621 590 118 839 840 248 1004 748 1092 598 1398 1024 798 1041 603 987 1327 460 1209 1461 723 1051 230 0 840 367 940 1297 750 1498
713 893 228 877 993 770 297 1355 896 1089 945 978 568 835 1051 774 584 702 614 426 930 675 189 899 353 115 279 920 691 447 753 228 820 336 750 608 632 648 1046 399 636 840 0 1018 776 590 1072 791
1598 210 1058 1633 166 1525 1127 1960 1661 262 118 834 753 362 907 1117 615 887 799 768 457 1017 1019 279 1183 927 1270 776 1576 1202 976 1219 781 1165 1505 638 1387 1639 902 1229 408 367 1018 0 1118 1475 928 1676
1356 993 816 1391 1094 1284 885 1718 1419 1190 1045 824 416 936 896 42 578 282 369 380 1030 126 777 1000 941 685 1029 765 1335 960 229 977 538 924 1264 559 1145 1397 891 987 736 940 776 1118 0 1234 917 1435
146 1350 532 357 1451 401 477 1344 329 1547 1402 1436 1026 1292 1509 1232 1042 1160 1072 884 1387 1132 571 1357 392 647 331 1377 124 298 1210 385 1278 409 381 1065 262 295 1503 346 1093 1297 590 1475 1234 0 1529 224
1816 967 1276 1851 1068 1744 1345 2178 1879 1164 1019 112 894 909 100 1080 802 824 848 987 1004 980 1237 974 1401 1145 1489 430 1795 1420 913 1437 616 1384 1724 783 1605 1857 95 1447 710 914 1236 1092 1082 1694 0 1895
157 1551 734 157 1652 469 678 1545 128 1748 1604 1637 1227 1494 1710 1433 1243 1361 1273 1085 1588 1333 772 1558 593 848 533 1578 135 499 1411 587 1479 610 449 1266 464 307 1704 547 1295 1498 791 1676 1435 224 1731 0
EOF