NAME : tsp_problem
TYPE : TSP
DIMENSION : 34
EDGE_WEIGHT_TYPE : EXPLICIT
EDGE_WEIGHT_FORMAT : FULL_MATRIX
EDGE_WEIGHT_SECTION
0 123 612 245 194 1007 1035 1074 755 647 302 3025 251 200 494 1255 673 569 721 939 1468 813 762 966 97 894 837 99 731 1055 241 1542 1891 1297
123 0 547 180 129 941 970 1008 689 582 236 2959 186 134 429 1189 607 503 656 874 1403 748 697 900 91 829 771 92 666 990 175 1477 1825 1232
612 547 0 669 474 615 643 682 173 742 725 2633 531 433 415 863 424 625 816 548 1077 421 333 384 580 312 445 580 149 663 521 1151 1499 905
245 180 669 0 251 1064 1092 1130 812 704 211 2947 308 256 551 1311 729 625 778 996 1525 870 819 1022 213 951 893 214 788 1112 297 1599 1947 1354
194 129 474 251 0 869 897 936 617 510 307 2887 113 62 357 1117 535 431 583 802 1331 675 625 828 162 757 699 163 594 917 103 1405 1753 1159
1007 941 615 1064 869 0 326 364 758 1137 1120 2371 926 828 810 347 834 1020 1210 228 560 329 918 969 975 897 353 975 735 193 915 634 1237 389
1035 970 643 1092 897 326 0 89 786 1165 1148 2673 954 856 838 349 862 1048 1239 271 548 245 947 997 1003 926 221 1003 763 353 944 636 1540 391
1074 1008 682 1130 936 364 89 0 825 1203 1186 2712 993 895 876 313 901 1087 1277 310 512 284 985 1036 1041 964 260 1042 801 392 982 601 1578 355
755 689 173 812 617 758 786 825 0 771 868 2776 674 576 477 1006 275 526 844 691 1220 564 184 234 723 163 588 723 89 806 663 1294 1642 1048
812 746 906 868 674 1301 1329 1368 935 0 924 3319 731 632 642 1549 695 479 92 1234 1762 1107 775 1005 779 933 1131 780 958 1349 720 1836 2185 1591
302 236 725 211 307 1120 1148 1186 868 760 0 2797 364 312 607 1368 786 681 834 1052 1581 926 875 1078 269 1007 949 270 844 1168 353 1655 2004 1410
2976 2911 2645 2885 2899 2383 2686 2724 2788 3167 2735 0 2956 2858 2840 2556 2864 3050 3240 2518 2770 2584 2948 2999 2944 2927 2607 2944 2765 2356 2945 2844 1299 2598
251 186 531 308 113 926 954 993 674 566 364 2944 0 119 413 1174 592 488 640 858 1387 732 681 885 219 813 756 219 650 974 72 1461 1810 1216
200 134 433 256 62 828 856 895 576 468 312 2846 119 0 315 1076 494 389 542 760 1289 634 583 787 167 715 658 168 552 876 108 1363 1712 1118
494 429 415 551 357 810 838 876 477 478 607 2827 413 315 0 1058 236 233 551 742 1271 616 317 546 462 475 639 463 500 858 403 1345 1694 1100
1255 1189 863 1311 1117 347 349 313 1006 1385 1368 2544 1174 1076 1058 0 1082 1268 1458 495 234 571 1166 1217 1223 1145 547 1223 983 223 1163 308 1410 62
673 607 424 729 535 834 862 901 275 530 786 2852 592 494 236 1082 0 286 604 766 1295 640 115 344 641 273 664 641 298 882 581 1369 1718 1124
569 503 625 625 431 1020 1048 1087 526 315 681 3038 488 389 233 1268 286 0 389 953 1482 826 366 596 536 524 850 537 549 1068 477 1556 1904 1310
885 820 980 942 748 1375 1403 1442 1009 92 998 3393 804 706 716 1623 768 553 0 1307 1836 1181 849 1078 853 1007 1205 854 1032 1423 794 1910 2259 1665
939 874 548 996 802 228 271 310 691 1069 1052 2506 858 760 742 495 766 953 1143 0 709 262 851 902 907 830 285 908 667 341 848 783 1372 537
1468 1403 1077 1525 1331 560 548 512 1220 1598 1581 2758 1387 1289 1271 234 1295 1482 1672 709 0 770 1380 1430 1436 1359 746 1436 1196 437 1377 250 1624 194
813 748 421 870 675 329 245 284 564 943 926 2571 732 634 616 571 640 826 1017 262 770 0 724 775 781 704 130 781 541 452 722 859 1438 613
762 697 333 819 625 918 947 985 184 611 875 2936 681 583 317 1166 115 366 684 851 1380 724 0 253 730 182 748 731 207 967 671 1454 1802 1209
966 900 384 1022 828 969 997 1036 234 840 1078 2987 885 787 546 1217 344 596 914 902 1430 775 253 0 933 96 799 934 257 1017 874 1504 1853 1259
97 91 580 213 162 975 1003 1041 723 615 269 2993 219 167 462 1223 641 536 689 907 1436 781 730 933 0 862 804 125 699 1023 208 1510 1859 1265
894 829 312 951 757 897 926 964 163 769 1007 2915 813 715 475 1145 273 524 843 830 1359 704 182 96 862 0 727 862 186 946 803 1433 1781 1188
837 771 445 893 699 353 221 260 588 966 949 2595 756 658 639 547 664 850 1040 285 746 130 748 799 804 727 0 805 564 475 745 835 1461 590
99 92 580 214 163 975 1003 1042 723 615 270 2993 219 168 463 1223 641 537 689 908 1436 781 731 934 125 862 805 0 700 1023 209 1510 1859 1265
731 666 149 788 594 735 763 801 89 794 844 2752 650 552 500 983 298 549 867 667 1196 541 207 257 699 186 564 700 0 783 640 1270 1619 1025
1055 990 663 1112 917 193 353 392 806 1185 1168 2344 974 876 858 223 882 1068 1259 341 437 452 967 1017 1023 946 475 1023 783 0 964 511 1210 266
241 175 521 297 103 915 944 982 663 556 353 2933 72 108 403 1163 581 477 630 848 1377 722 671 874 208 803 745 209 640 964 0 1451 1799 1206
1542 1477 1151 1599 1405 634 636 601 1294 1672 1655 2832 1461 1363 1345 308 1369 1556 1746 783 250 859 1454 1504 1510 1433 835 1510 1270 511 1451 0 1698 268
1891 1825 1499 1947 1753 1237 1540 1578 1642 2021 2004 1287 1810 1712 1694 1410 1718 1904 2094 1372 1624 1438 1802 1853 1859 1781 1461 1859 1619 1210 1799 1698 0 1452
1297 1232 905 1354 1159 389 391 355 1048 1427 1410 2586 1216 1118 1100 62 1124 1310 1501 537 194 613 1209 1259 1265 1188 590 1265 1025 266 1206 268 1452 0
EOF