NAME : tsp_problem
TYPE : TSP
DIMENSION : 62
EDGE_WEIGHT_TYPE : EXPLICIT
EDGE_WEIGHT_FORMAT : FULL_MATRIX
EDGE_WEIGHT_SECTION
0 1370 1267 1664 1133 1505 1306 465 656 471 1208 414 1544 1500 481 215 1080 1645 593 753 415 398 1555 1228 1002 1338 528 961 1056 1573 1244 981 530 1611 1144 112 1027 1112 1589 1395 1197 515 1143 1020 1285 726 1035 1253 1540 460 550 1306 2458 1482 1427 522 582 1095 1144 1706 2908 1338
1370 0 887 798 753 639 926 1034 839 1030 516 1087 678 305 1154 1454 543 779 956 717 1257 1258 360 848 464 958 974 581 518 378 192 601 1080 745 764 1280 647 732 723 567 660 953 763 482 234 759 655 873 674 1320 936 255 2810 287 598 980 915 715 607 2058 3171 114
1267 887 0 926 157 767 78 931 736 927 447 985 807 1017 1052 1351 398 907 854 614 1154 1156 1072 64 474 95 872 336 421 1091 762 316 977 873 146 1177 269 179 852 529 279 850 148 456 803 657 262 39 802 1218 834 824 2708 1000 561 878 813 196 331 1956 3157 856
1828 962 1090 0 1087 203 1129 1492 1297 1488 771 1545 138 1092 1612 1912 977 120 1415 1175 1715 1716 1147 1051 922 1161 1432 1039 976 1165 836 1059 1538 154 1076 1738 1106 1109 156 641 858 1411 1077 940 877 1217 1113 1076 170 1778 1394 899 3268 1074 673 1439 1373 1125 910 2516 3718 930
1133 753 157 922 0 764 196 797 602 793 443 850 803 883 918 1217 394 904 720 480 1020 1021 938 118 385 228 738 201 417 957 627 182 843 870 44 1043 135 77 848 526 275 716 46 403 669 523 128 143 799 1084 699 690 2574 865 557 744 678 94 327 1822 3023 722
1669 803 932 203 928 0 971 1334 1138 1329 612 1387 93 933 1454 1753 818 184 1256 1016 1556 1558 988 893 764 1002 1274 880 818 1007 677 901 1380 150 917 1580 947 950 128 483 699 1252 919 782 719 1059 954 918 125 1620 1236 740 3110 915 515 1280 1215 967 751 2358 3559 772
1306 926 78 965 196 806 0 970 775 966 486 1024 846 1056 1091 1390 437 946 893 653 1193 1195 1111 103 513 56 911 375 460 1130 801 355 1016 912 185 1216 308 218 891 568 318 889 187 495 842 696 301 78 841 1257 873 863 2747 1038 600 917 852 235 370 1995 3196 895
465 1034 931 1328 797 1169 970 0 396 58 872 244 1208 1164 264 443 744 1309 253 343 245 523 1219 892 666 1002 86 625 720 1237 908 645 130 1275 808 375 691 776 1254 1059 861 379 807 684 949 300 699 917 1204 585 414 971 2472 1146 1091 80 140 759 809 1720 2921 1002
656 839 736 1133 602 974 775 396 0 391 677 299 1013 969 366 816 549 1114 168 148 618 544 1024 697 471 807 336 430 525 1042 713 450 292 1080 613 566 496 581 1058 864 666 164 612 489 754 121 504 722 1009 606 148 776 2282 951 896 342 277 564 614 1530 2732 807
471 1030 927 1323 793 1165 966 58 391 0 868 240 1204 1159 260 449 740 1305 249 338 252 518 1215 888 661 997 82 620 715 1233 904 641 125 1271 804 381 687 772 1249 1055 857 374 803 679 945 295 694 913 1200 580 410 966 2467 1142 1086 76 136 755 804 1715 2917 998
1208 516 447 607 443 448 486 872 677 868 0 925 487 646 993 1292 333 588 795 555 1095 1096 701 408 302 517 813 419 356 720 391 440 918 554 432 1118 486 465 532 210 214 791 434 320 432 598 493 432 483 1159 774 453 2649 629 242 819 753 482 266 1897 3098 485
414 1087 985 1381 850 1222 1024 244 299 240 925 0 1261 1217 90 606 797 1362 203 396 467 302 1272 945 719 1055 268 678 773 1290 961 698 139 1328 861 324 745 829 1307 1112 915 158 860 737 1002 369 752 970 1257 364 193 1024 2251 1199 1144 262 322 812 862 1499 2700 1055
1708 843 971 138 967 93 1010 1373 1178 1368 652 1426 0 972 1493 1793 857 119 1295 1055 1595 1597 1027 932 803 1041 1313 919 857 1046 717 940 1419 85 956 1619 986 989 63 522 738 1291 958 821 758 1098 993 957 60 1659 1275 779 3149 955 554 1319 1254 1006 790 2397 3599 811
1500 305 1017 928 883 769 1056 1164 969 1159 646 1217 808 0 1284 1584 672 909 1086 847 1386 1388 280 978 594 1088 1104 711 648 299 322 731 1210 875 894 1410 777 862 853 697 790 1083 893 612 364 889 785 1003 804 1450 1066 385 2940 207 728 1110 1045 845 737 2188 3091 273
481 1154 1052 1448 918 1289 1091 264 366 260 993 90 1329 1284 0 673 864 1429 223 463 487 369 1339 1013 786 1122 288 745 840 1358 1028 765 160 1395 928 391 812 896 1374 1179 982 225 927 804 1070 436 819 1037 1324 431 260 1091 2318 1266 1211 282 342 880 929 1566 2767 1122
215 1454 1351 1748 1217 1589 1390 443 816 449 1292 606 1628 1584 673 0 1164 1729 673 763 225 591 1639 1312 1086 1422 506 1045 1140 1657 1328 1065 550 1695 1228 305 1111 1196 1673 1479 1281 708 1227 1104 1369 720 1119 1337 1624 653 743 1391 2651 1566 1511 500 560 1179 1229 1899 3101 1422
1080 543 398 813 394 654 437 744 549 740 333 797 693 672 864 1164 0 794 667 427 967 968 728 359 109 468 685 291 56 746 417 311 790 760 383 990 358 416 738 416 144 663 385 91 458 469 365 384 689 1030 646 479 2521 655 448 691 625 426 91 1769 2970 511
1809 943 1072 120 1068 184 1111 1473 1278 1469 752 1527 119 1073 1594 1893 958 0 1396 1156 1696 1698 1128 1033 903 1142 1414 1020 957 1147 817 1041 1519 128 1057 1719 1087 1090 138 623 839 1392 1059 922 859 1199 1094 1058 151 1760 1376 880 3250 1055 654 1420 1355 1107 891 2498 3699 912
593 956 854 1250 720 1092 893 253 168 249 795 203 1131 1086 223 673 667 1232 0 265 476 481 1141 815 588 924 277 547 642 1160 831 568 148 1198 731 503 614 698 1176 982 784 204 730 606 872 239 621 840 1126 543 188 893 2322 1069 1013 271 331 682 731 1570 2772 925
753 717 614 1011 480 852 653 343 148 338 555 396 891 847 463 763 427 992 265 0 565 641 902 575 349 685 283 308 403 920 591 328 389 958 491 663 374 459 936 742 544 261 490 367 632 68 382 600 887 703 245 653 2274 829 774 289 224 442 491 1522 2724 685
415 1257 1154 1550 1020 1392 1193 245 618 252 1095 467 1431 1386 487 225 967 1532 476 565 0 530 1442 1115 888 1224 309 847 942 1460 1131 868 352 1498 1031 355 914 999 1476 1282 1084 601 1030 906 1172 522 921 1140 1427 592 637 1193 2590 1369 1313 302 363 982 1031 1838 3040 1225
398 1258 1156 1552 1021 1393 1195 523 544 518 1096 302 1433 1388 369 591 968 1533 481 641 530 0 1443 1116 890 1226 547 849 944 1461 1132 869 418 1499 1032 308 916 1000 1478 1283 1086 403 1031 908 1174 614 923 1141 1428 112 439 1195 2347 1370 1315 541 601 983 1033 1595 2796 1226
1555 360 1072 983 938 824 1111 1219 1024 1215 701 1272 863 280 1339 1639 728 964 1141 902 1442 1443 0 1033 649 1143 1159 766 703 209 377 786 1265 930 949 1465 832 917 908 752 845 1138 948 667 419 944 840 1058 859 1505 1121 440 2995 118 783 1165 1100 900 792 2243 3002 328
1228 848 64 887 118 728 103 892 697 888 408 945 767 978 1013 1312 359 868 815 575 1115 1116 1033 0 435 134 833 296 382 1052 722 277 938 834 107 1138 230 140 813 490 240 811 109 417 764 618 223 64 763 1179 794 785 2669 960 522 839 773 157 292 1917 3118 817
1002 464 474 758 385 599 513 666 471 661 302 719 638 594 786 1086 109 739 588 349 888 890 649 435 0 544 606 212 96 667 338 233 712 705 396 912 279 364 684 489 220 584 395 60 379 391 286 460 634 952 568 401 2442 576 521 612 547 347 167 1690 2892 432
1338 958 95 996 228 838 56 1002 807 997 517 1055 877 1088 1122 1422 468 978 924 685 1224 1226 1143 134 544 0 942 406 491 1161 832 386 1048 944 216 1248 340 249 922 600 349 920 218 526 873 727 332 109 872 1288 904 894 2778 1070 631 948 883 266 401 2026 3228 926
528 974 872 1268 738 1110 911 86 336 82 813 268 1149 1104 288 506 685 1249 277 283 309 547 1159 833 606 942 0 565 660 1178 848 585 154 1215 749 438 632 716 1194 999 802 403 748 624 890 240 639 858 1144 609 433 911 2496 1086 1031 104 150 700 749 1744 2945 943
961 581 336 875 201 716 375 625 430 620 419 678 755 711 745 1045 291 856 547 308 847 849 766 296 212 406 565 0 266 784 455 49 671 822 212 871 96 180 800 606 408 544 211 231 496 350 103 321 751 911 527 517 2401 693 638 571 506 163 355 1649 2851 549
1056 518 421 812 417 653 460 720 525 715 356 773 692 648 840 1140 56 793 642 403 942 944 703 382 96 491 660 266 0 721 392 287 766 759 406 966 333 418 738 439 167 638 408 114 433 445 340 407 688 1006 622 455 2496 630 471 666 601 401 114 1744 2946 486
1573 378 1091 1001 957 842 1130 1237 1042 1233 720 1290 882 299 1358 1657 746 982 1160 920 1460 1461 209 1052 667 1161 1178 784 721 0 396 805 1283 948 968 1483 851 935 927 770 863 1156 967 686 437 963 858 1077 877 1524 1139 458 3014 121 802 1184 1118 919 810 2262 3020 347
1244 192 762 672 627 513 801 908 713 904 391 961 552 322 1028 1328 417 653 831 591 1131 1132 377 722 338 832 848 455 392 396 0 475 954 619 638 1154 522 606 597 441 534 827 637 356 108 633 529 747 548 1194 810 102 2684 305 473 855 789 589 481 1932 3134 161
981 601 316 895 182 736 355 645 450 641 440 698 776 731 765 1065 311 876 568 328 868 869 786 277 233 386 585 49 287 805 475 0 691 842 193 891 76 160 821 626 429 564 192 251 517 370 83 302 771 931 547 538 2421 713 658 592 526 144 376 1669 2871 569
530 1080 977 1374 843 1215 1016 130 292 125 918 139 1254 1210 160 550 790 1355 148 389 352 418 1265 938 712 1048 154 671 766 1283 954 691 0 1321 854 440 738 822 1300 1105 907 274 853 730 995 362 745 963 1250 480 309 1017 2367 1192 1137 148 208 805 855 1615 2816 1048
1775 909 1038 154 1034 150 1077 1439 1244 1435 718 1493 85 1039 1560 1859 924 128 1362 1122 1662 1664 1094 999 869 1108 1380 986 923 1113 783 1007 1485 0 1023 1685 1053 1056 104 589 805 1358 1025 888 825 1165 1060 1024 117 1726 1342 846 3216 1021 620 1386 1321 1073 857 2464 3665 878
1144 764 146 911 44 753 185 808 613 804 432 861 792 894 928 1228 383 892 731 491 1031 1032 949 107 396 216 749 212 406 968 638 193 854 858 0 1054 146 66 837 515 264 727 35 414 680 533 139 132 787 1094 710 701 2584 876 546 755 689 83 316 1832 3034 732
112 1280 1177 1574 1043 1415 1216 375 566 381 1118 324 1454 1410 391 305 990 1555 503 663 355 308 1465 1138 912 1248 438 871 966 1483 1154 891 440 1521 1054 0 937 1022 1500 1305 1107 425 1053 930 1195 636 945 1163 1450 370 461 1217 2368 1392 1337 432 492 1005 1055 1616 2818 1248
1027 647 269 941 135 783 308 691 496 687 486 745 822 777 812 1111 358 923 614 374 914 916 832 230 279 340 632 96 333 851 522 76 738 889 146 937 0 114 867 638 387 610 145 297 563 417 54 255 817 978 594 584 2468 760 669 638 573 97 422 1716 2917 616
1112 732 179 944 77 786 218 776 581 772 465 829 825 862 896 1196 416 925 698 459 999 1000 917 140 364 249 716 180 418 935 606 160 822 891 66 1022 114 0 870 548 297 695 68 382 647 501 106 165 820 1062 678 669 2552 844 579 722 657 116 349 1800 3002 700
1754 888 1016 156 1012 128 1055 1418 1223 1413 697 1471 63 1018 1538 1838 903 138 1340 1101 1640 1642 1073 977 848 1086 1358 965 902 1091 762 985 1464 104 1001 1664 1031 1034 0 567 783 1337 1003 866 803 1143 1039 1002 96 1704 1320 824 3194 1000 599 1364 1299 1051 835 2442 3644 856
1395 567 529 477 526 319 568 1059 864 1055 210 1112 358 697 1179 1479 416 458 982 742 1282 1283 752 490 489 600 999 606 439 770 441 626 1105 424 515 1305 638 548 403 0 297 978 516 474 482 784 630 515 353 1345 961 503 2835 679 85 1006 940 564 349 2083 3285 535
1197 660 279 694 275 535 318 861 666 857 214 915 574 790 982 1281 144 675 784 544 1084 1086 845 240 220 349 802 408 167 863 534 429 907 641 264 1107 387 297 619 297 0 780 266 202 575 587 380 265 570 1148 764 596 2638 772 329 808 743 314 98 1886 3087 628
515 953 850 1247 716 1088 889 379 164 374 791 158 1127 1083 225 708 663 1228 204 261 601 403 1138 811 584 920 403 544 638 1156 827 564 274 1194 727 425 610 695 1172 978 780 0 726 603 868 235 618 836 1123 465 59 889 2141 1065 1010 397 391 678 727 1389 2591 921
1143 763 148 913 46 754 187 807 612 803 434 860 794 893 927 1227 385 894 730 490 1030 1031 948 109 395 218 748 211 408 967 637 192 853 860 35 1053 145 68 839 516 266 726 0 413 679 532 138 134 789 1093 709 700 2583 875 548 754 688 85 318 1831 3033 731
1020 482 456 776 403 617 495 684 489 679 320 737 657 612 804 1104 91 757 606 367 906 908 667 417 60 526 624 231 114 686 356 251 730 723 414 930 297 382 702 474 202 603 413 0 398 409 305 442 652 970 586 419 2460 594 506 630 565 365 149 1708 2910 450
1285 234 803 713 669 554 842 949 754 945 432 1002 594 364 1070 1369 458 694 872 632 1172 1174 419 764 379 873 890 496 433 437 108 517 995 660 680 1195 563 647 639 482 575 868 679 398 0 675 570 789 589 1236 851 61 2726 346 514 896 830 631 522 1974 3175 202
726 759 657 1053 523 894 696 300 121 295 598 369 934 889 436 720 469 1034 239 68 522 614 944 618 391 727 240 350 445 963 633 370 362 1000 533 636 417 501 979 784 587 235 532 409 675 0 424 642 929 677 218 696 2317 871 816 246 181 485 534 1565 2766 727
1035 655 262 949 128 790 301 699 504 694 493 752 829 785 819 1119 365 930 621 382 921 923 840 223 286 332 639 103 340 858 529 83 745 896 139 945 54 106 874 630 380 618 138 305 570 424 0 248 825 985 601 591 2475 767 662 645 580 90 429 1723 2925 623
1253 873 39 912 143 753 78 917 722 913 432 970 792 1003 1037 1337 384 893 840 600 1140 1141 1058 64 460 109 858 321 407 1077 747 302 963 859 132 1163 255 165 838 515 265 836 134 442 789 642 248 0 788 1203 819 810 2694 985 547 864 798 182 317 1942 3143 842
1704 838 967 170 963 125 1006 1368 1173 1364 647 1421 60 968 1488 1788 853 151 1291 1051 1591 1592 1023 927 798 1037 1309 915 852 1042 712 935 1414 117 952 1614 982 985 96 518 734 1287 954 816 754 1093 989 952 0 1654 1270 775 3145 950 549 1315 1249 1001 786 2393 3594 806
460 1320 1218 1614 1084 1455 1257 585 606 580 1159 364 1495 1450 431 653 1030 1595 543 703 592 112 1505 1179 952 1288 609 911 1006 1524 1194 931 480 1561 1094 370 978 1062 1540 1345 1148 465 1093 970 1236 677 985 1203 1490 0 501 1257 2409 1432 1377 603 663 1046 1095 1657 2858 1288
550 936 834 1230 699 1071 873 414 148 410 774 193 1110 1066 260 743 646 1211 188 245 637 439 1121 794 568 904 433 527 622 1139 810 547 309 1177 710 461 594 678 1156 961 764 59 709 586 851 218 601 819 1106 501 0 873 2177 1048 993 432 374 661 711 1425 2626 904
1306 255 824 734 690 576 863 971 776 966 453 1024 615 385 1091 1391 479 716 893 653 1193 1195 440 785 401 894 911 517 455 458 102 538 1017 682 701 1217 584 669 660 503 596 889 700 419 61 696 591 810 611 1257 873 0 2747 367 535 917 852 652 544 1995 3197 223
2470 2822 2720 3116 2586 2958 2759 2484 2294 2479 2661 2263 2997 2952 2330 2663 2533 3097 2334 2286 2602 2359 3007 2681 2454 2790 2508 2413 2508 3026 2696 2434 2379 3063 2597 2380 2480 2564 3042 2847 2650 2153 2596 2472 2738 2329 2487 2706 2992 2421 2189 2759 0 2934 2879 2501 2485 2548 2597 813 809 2791
1482 287 1000 910 865 751 1038 1146 951 1142 629 1199 790 207 1266 1566 655 891 1069 829 1369 1370 118 960 576 1070 1086 693 630 121 305 713 1192 857 876 1392 760 844 835 679 772 1065 875 594 346 871 767 985 786 1432 1048 367 2922 0 710 1093 1027 827 719 2170 2929 255
1427 598 561 509 557 350 600 1091 896 1086 242 1144 389 728 1211 1511 448 490 1013 774 1313 1315 783 522 521 631 1031 638 471 802 473 658 1137 456 546 1337 669 579 434 85 329 1010 548 506 514 816 662 547 385 1377 993 535 2867 710 0 1037 972 596 381 2115 3317 567
522 980 878 1274 744 1116 917 80 342 76 819 262 1155 1110 282 500 691 1256 271 289 302 541 1165 839 612 948 104 571 666 1184 855 592 148 1222 755 432 638 722 1200 1006 808 397 754 630 896 246 645 864 1151 603 432 917 2489 1093 1037 0 156 706 755 1737 2939 949
582 915 813 1209 678 1050 852 140 277 136 753 322 1089 1045 342 560 625 1190 331 224 363 601 1100 773 547 883 150 506 601 1118 789 526 208 1156 689 492 573 657 1135 940 743 391 688 565 830 181 580 798 1085 663 374 852 2473 1027 972 156 0 640 690 1721 2922 883
1095 715 196 961 94 802 235 759 564 755 482 812 841 845 880 1179 426 942 682 442 982 983 900 157 347 266 700 163 401 919 589 144 805 908 83 1005 97 116 887 564 314 678 85 365 631 485 90 182 837 1046 661 652 2536 827 596 706 640 0 366 1784 2985 684
1144 607 331 745 327 587 370 809 614 804 266 862 626 737 929 1229 91 727 731 491 1031 1033 792 292 167 401 749 355 114 810 481 376 855 693 316 1055 422 349 671 349 98 727 318 149 522 534 429 317 622 1095 711 544 2585 719 381 755 690 366 0 1833 3035 575
1791 2143 2041 2437 1907 2279 2080 1805 1615 1800 1982 1584 2318 2273 1651 1984 1854 2418 1655 1607 1923 1680 2328 2002 1775 2111 1829 1734 1829 2347 2017 1755 1700 2384 1918 1702 1801 1885 2363 2168 1971 1474 1917 1793 2059 1650 1808 2027 2313 1742 1510 2080 779 2255 2200 1822 1806 1869 1918 0 1228 2112
2920 3109 3169 3566 3035 3407 3208 2933 2744 2929 3110 2712 3446 3029 2779 3113 2982 3547 2784 2736 3052 2808 2940 3130 2904 3240 2957 2863 2958 2958 3127 2883 2828 3513 3046 2830 2929 3014 3491 3297 3099 2603 3045 2922 3168 2779 2937 3155 3442 2870 2638 3189 809 2867 3329 2951 2934 2997 3047 1263 0 3077
1338 114 856 766 722 607 895 1002 807 998 485 1055 646 273 1122 1422 511 747 925 685 1225 1226 328 817 432 926 943 549 486 347 161 569 1048 713 732 1248 616 700 692 535 628 921 731 450 202 727 623 842 642 1288 904 223 2778 255 567 949 883 684 575 2026 3139 0
EOF