NAME : tsp_problem
TYPE : TSP
DIMENSION : 46
EDGE_WEIGHT_TYPE : EXPLICIT
EDGE_WEIGHT_FORMAT : FULL_MATRIX
EDGE_WEIGHT_SECTION
0 927 550 1054 804 1395 1006 870 299 1103 1185 487 394 1277 1336 225 640 263 444 449 167 800 1373 370 254 783 959 913 139 1129 410 1340 848 619 1024 437 237 1283 508 812 1013 277 854 905 1038 436
927 0 1212 203 255 621 284 79 960 564 482 1029 1056 574 633 802 1302 763 539 991 782 408 598 1032 773 391 303 75 832 426 952 565 456 1281 302 514 713 1548 1170 420 474 750 305 514 500 532
550 1212 0 1339 1090 1681 1292 1156 398 1388 1471 347 493 1563 1622 435 222 474 804 354 607 1085 1658 203 465 1068 1244 1198 579 1415 425 1625 1134 200 1309 797 597 1493 66 1097 1298 487 1139 1191 1324 796
1054 203 1339 0 274 563 100 257 1087 381 660 1156 1183 752 811 928 1429 890 666 1118 909 450 540 1159 899 466 119 215 959 604 1079 507 396 1408 118 641 840 1675 1297 438 290 877 224 338 316 659
804 255 1090 274 0 723 227 198 838 507 513 906 933 605 664 679 1179 641 417 868 659 286 700 910 650 269 179 241 709 457 829 668 334 1158 244 391 590 1425 1047 297 417 627 99 391 443 409
1560 785 1845 727 888 0 808 800 1593 1089 940 1662 1689 1032 1091 1434 1935 1396 1172 1624 1414 1041 102 1665 1405 1024 827 797 1465 884 1585 131 1089 1913 826 1147 1346 2181 1803 1053 999 1383 932 1046 1024 1165
1006 284 1292 100 227 644 0 338 1040 304 715 1109 1136 808 866 881 1382 843 619 1070 861 373 621 1112 852 390 72 296 911 660 1031 588 320 1360 70 594 793 1627 1249 361 214 829 177 262 240 611
870 79 1156 257 198 635 338 0 904 618 425 973 1000 517 576 745 1246 707 483 934 725 352 613 976 716 335 353 65 775 369 895 580 400 1224 355 458 657 1491 1113 364 528 693 248 457 554 475
299 960 398 1087 838 1429 1040 904 0 1136 1219 459 185 1311 1370 183 443 222 552 299 355 833 1406 218 213 817 992 946 327 1163 382 1373 882 466 1057 545 345 1241 355 845 1046 236 887 939 1072 544
1103 564 1388 381 507 924 304 618 1136 0 969 1205 1232 1062 1120 977 1478 939 715 1167 957 332 902 1208 948 349 352 576 1008 913 1128 869 278 1456 287 690 889 1724 1346 320 115 926 457 221 87 708
1185 482 1471 660 513 776 715 425 1219 969 0 1287 1314 120 178 1060 1561 1022 798 1249 1040 667 753 1291 1031 650 668 468 1090 181 1210 720 715 1539 733 772 971 1806 1428 678 879 1008 563 772 905 790
487 1029 347 1156 906 1498 1109 973 459 1205 1287 0 555 1380 1438 497 545 535 516 187 420 902 1475 334 526 885 1061 1015 373 1232 106 1442 950 523 1126 539 614 1555 389 914 1115 549 956 1008 1141 522
394 1056 493 1183 933 1525 1136 1000 185 1232 1314 555 0 1407 1465 279 373 317 647 395 451 929 1502 313 309 912 1088 1042 423 1259 478 1469 977 396 1153 641 441 1337 451 941 1142 331 983 1035 1168 640
1277 574 1563 752 605 868 808 517 1311 1062 120 1380 1407 0 271 1152 1653 1114 890 1341 1132 759 845 1383 1123 742 760 560 1182 273 1302 812 807 1631 825 865 1064 1898 1520 771 971 1100 655 864 997 882
1336 633 1622 811 664 927 866 576 1370 1120 178 1438 1465 271 0 1211 1712 1173 949 1400 1191 818 904 1442 1182 801 819 619 1241 332 1361 871 866 1690 884 923 1122 1957 1579 829 1030 1159 714 923 1056 941
225 802 435 928 679 1270 881 745 183 977 1060 497 279 1152 1211 0 525 112 393 336 281 675 1247 255 119 658 833 788 253 1004 420 1214 723 504 898 386 186 1082 393 686 887 98 729 780 913 385
640 1302 222 1429 1179 1771 1382 1246 443 1478 1561 545 373 1653 1712 525 0 564 893 444 697 1175 1748 293 555 1158 1334 1288 669 1505 527 1715 1223 45 1399 887 687 1583 179 1187 1388 577 1229 1281 1414 886
263 763 474 890 641 1232 843 707 222 939 1022 535 317 1114 1173 112 564 0 355 375 320 637 1209 294 83 620 795 750 291 966 458 1176 685 542 860 348 148 1044 431 648 849 60 691 742 875 347
444 539 804 666 417 1008 619 483 552 715 798 516 647 890 949 393 893 355 0 477 299 412 985 624 364 395 571 525 349 742 438 952 461 872 636 49 230 1289 761 424 625 341 466 518 651 49
449 991 354 1118 868 1459 1070 934 299 1167 1249 187 395 1341 1400 336 444 375 477 0 381 864 1437 174 366 847 1023 977 334 1193 109 1404 912 422 1088 501 498 1394 311 876 1077 389 918 969 1102 484
167 782 607 909 659 1250 861 725 355 957 1040 420 451 1132 1191 281 697 320 299 381 0 655 1227 427 311 638 814 768 71 984 342 1194 703 675 878 292 245 1339 564 667 867 334 709 760 893 291
800 408 1085 450 286 877 373 352 833 332 667 902 929 759 818 675 1175 637 412 864 655 0 854 905 646 82 421 394 705 611 825 821 78 1154 356 387 586 1421 1043 73 242 623 335 135 268 405
1537 762 1822 704 865 102 786 777 1570 1066 917 1639 1666 1010 1068 1412 1912 1374 1149 1601 1392 1018 0 1642 1383 1001 804 774 1442 861 1562 109 1066 1891 803 1124 1323 2158 1780 1030 976 1360 909 1023 1002 1142
370 1032 203 1159 910 1501 1112 976 218 1208 1291 334 313 1383 1442 255 293 294 624 174 427 905 1478 0 285 888 1064 1018 399 1235 257 1445 954 271 1129 617 417 1313 160 917 1118 307 959 1011 1144 616
254 773 465 899 650 1241 852 716 213 948 1031 526 309 1123 1182 119 555 83 364 366 311 646 1218 285 0 629 804 759 282 975 449 1185 694 533 869 357 157 1053 422 657 858 69 700 751 884 356
783 391 1068 466 269 860 390 335 817 349 650 885 912 742 801 658 1158 620 395 847 638 82 837 888 629 0 423 377 688 594 808 804 94 1137 373 370 569 1404 1026 90 259 606 318 151 284 388
959 303 1244 119 179 663 72 353 992 352 668 1061 1088 760 819 833 1334 795 571 1023 814 421 640 1064 804 423 0 315 864 612 984 607 367 1313 89 546 745 1580 1202 409 262 782 129 309 287 564
913 75 1198 215 241 633 296 65 946 576 468 1015 1042 560 619 788 1288 750 525 977 768 394 610 1018 759 377 315 0 818 412 938 577 442 1267 313 500 699 1534 1156 406 486 736 291 500 512 518
139 832 579 959 709 1300 911 775 327 1008 1090 373 423 1182 1241 253 669 291 349 334 71 705 1278 399 282 688 864 818 0 1034 295 1245 753 647 929 342 265 1311 536 717 918 305 759 810 943 341
1129 426 1415 604 457 720 660 369 1163 913 181 1232 1259 273 332 1004 1505 966 742 1193 984 611 697 1235 975 594 612 412 1034 0 1154 664 659 1483 677 717 916 1750 1372 622 823 952 507 716 849 734
410 952 425 1079 829 1420 1031 895 382 1128 1210 106 478 1302 1361 420 527 458 438 109 342 825 1397 257 449 808 984 938 295 1154 0 1364 873 505 1049 462 536 1477 394 837 1037 472 879 930 1063 445
1504 729 1789 671 832 131 753 744 1537 1033 884 1606 1633 977 1035 1379 1879 1341 1116 1568 1359 985 109 1609 1350 968 771 741 1409 829 1529 0 1034 1858 770 1091 1290 2125 1747 997 943 1327 877 990 969 1109
848 456 1134 396 334 925 320 400 882 278 715 950 977 807 866 723 1223 685 461 912 703 78 902 954 694 94 367 442 753 659 873 869 0 1202 302 435 634 1469 1091 66 188 671 384 105 214 453
619 1281 200 1408 1158 1749 1360 1224 466 1456 1539 523 396 1631 1690 504 45 542 872 422 675 1154 1726 271 533 1137 1313 1267 647 1483 505 1693 1202 0 1377 865 665 1561 158 1165 1366 556 1208 1259 1392 864
1024 302 1309 118 244 661 70 355 1057 287 733 1126 1153 825 884 898 1399 860 636 1088 878 356 639 1129 869 373 89 313 929 677 1049 606 302 1377 0 611 810 1645 1267 344 197 847 194 245 223 629
437 514 797 641 391 983 594 458 545 690 772 539 641 865 923 386 887 348 49 501 292 387 960 617 357 370 546 500 342 717 462 927 435 865 611 0 223 1264 754 399 600 334 441 493 626 42
237 713 597 840 590 1182 793 657 345 889 971 614 441 1064 1122 186 687 148 230 498 245 586 1159 417 157 569 745 699 265 916 536 1126 634 665 810 223 0 1118 554 598 799 134 640 692 825 223
1283 1548 1493 1675 1425 2016 1627 1491 1241 1724 1806 1555 1337 1898 1957 1082 1583 1044 1289 1394 1339 1421 1993 1313 1053 1404 1580 1534 1311 1750 1477 1960 1469 1561 1645 1264 1118 0 1450 1433 1633 1030 1475 1526 1659 1282
508 1170 66 1297 1047 1638 1249 1113 355 1346 1428 389 451 1520 1579 393 179 431 761 311 564 1043 1615 160 422 1026 1202 1156 536 1372 394 1582 1091 158 1267 754 554 1450 0 1055 1255 445 1097 1148 1281 753
812 420 1097 438 297 889 361 364 845 320 678 914 941 771 829 686 1187 648 424 876 667 73 866 917 657 90 409 406 717 622 837 833 66 1165 344 399 598 1433 1055 0 230 635 347 123 256 417
1013 474 1298 290 417 834 214 528 1046 115 879 1115 1142 971 1030 887 1388 849 625 1077 867 242 811 1118 858 259 262 486 918 823 1037 778 188 1366 197 600 799 1633 1255 230 0 836 367 131 61 618
277 750 487 877 627 1218 829 693 236 926 1008 549 331 1100 1159 98 577 60 341 389 334 623 1196 307 69 606 782 736 305 952 472 1163 671 556 847 334 134 1030 445 635 836 0 677 728 861 334
854 305 1139 224 99 768 177 248 887 457 563 956 983 655 714 729 1229 691 466 918 709 335 745 959 700 318 129 291 759 507 879 712 384 1208 194 441 640 1475 1097 347 367 677 0 415 393 459
905 514 1191 338 391 882 262 457 939 221 772 1008 1035 864 923 780 1281 742 518 969 760 135 859 1011 751 151 309 500 810 716 930 826 105 1259 245 493 692 1526 1148 123 131 728 415 0 156 510
1038 500 1324 316 443 860 240 554 1072 87 905 1141 1168 997 1056 913 1414 875 651 1102 893 268 837 1144 884 284 287 512 943 849 1063 804 214 1392 223 626 825 1659 1281 256 61 861 393 156 0 643
436 532 796 659 409 1000 611 475 544 708 790 522 640 882 941 385 886 347 49 484 291 405 978 616 356 388 564 518 341 734 445 945 453 864 629 42 223 1282 753 417 618 334 459 510 643 0
EOF