NAME : tsp_problem
TYPE : TSP
DIMENSION : 60
EDGE_WEIGHT_TYPE : EXPLICIT
EDGE_WEIGHT_FORMAT : FULL_MATRIX
EDGE_WEIGHT_SECTION
0 1781 1678 1371 1689 1656 1744 1773 1669 1676 1822 1790 1624 1653 160 1881 210 1564 140 1755 1893 2107 1831 735 1713 265 1665 553 1678 1750 1552 1734 278 237 1793 1639 1662 309 371 2075 1787 1568 1890 1817 1550 1506 1811 1765 752 645 1574 809 1566 1512 1724 1553 1609 1468 1852 1742
1831 0 743 504 532 565 867 839 877 547 824 971 853 618 1953 883 2003 446 1829 751 895 1110 827 1144 779 1954 558 1306 907 954 617 963 1968 1657 581 569 891 1999 1791 1077 575 633 1003 999 490 389 876 766 1114 2066 639 2061 307 394 789 488 838 465 965 971
1678 693 0 352 259 224 301 272 310 244 181 405 324 166 1800 240 1850 336 1676 269 251 466 260 991 212 1801 233 1153 353 388 198 408 1815 1504 508 223 337 1846 1638 433 502 214 436 432 290 387 289 123 961 1913 219 1908 479 380 222 293 358 305 399 416
1371 454 352 0 362 330 476 447 438 349 496 559 394 326 1494 555 1544 237 1370 429 566 781 505 684 387 1495 339 847 448 519 226 503 1508 1198 467 313 432 1539 1332 748 461 242 611 587 224 180 485 439 655 1607 247 1601 240 185 398 227 379 142 574 512
1688 520 259 361 0 59 516 481 525 76 318 620 539 112 1810 377 1860 226 1686 248 389 604 324 1001 427 1811 66 1163 567 603 229 623 1825 1514 277 75 551 1855 1648 571 271 213 645 647 228 211 427 260 971 1923 208 1918 268 204 437 231 573 319 608 631
1656 535 224 330 59 0 481 446 490 44 283 585 504 77 1779 343 1829 239 1655 213 354 569 289 969 392 1780 33 1132 533 568 195 588 1793 1483 310 40 517 1824 1617 536 305 178 610 612 193 225 392 225 940 1892 173 1886 301 218 402 197 538 284 573 596
1744 817 301 476 516 481 0 241 138 500 289 123 151 423 1866 348 1916 460 1742 446 360 574 368 1057 121 1867 489 1219 180 106 322 126 1881 1570 764 479 164 1912 1704 542 758 338 391 150 414 511 278 317 1027 1979 344 1974 603 504 191 417 185 430 354 243
1773 789 272 447 481 446 241 0 250 466 219 344 264 388 1896 278 1946 431 1772 377 290 468 299 1087 152 1897 455 1249 273 328 293 348 1911 1600 724 444 276 1941 1734 435 718 310 198 372 385 483 76 248 1057 2009 315 2004 574 476 80 389 298 401 160 210
1669 827 310 438 525 490 138 250 0 510 299 241 76 432 1791 358 1841 470 1667 456 369 584 378 982 131 1792 499 1144 104 225 332 234 1806 1495 774 489 88 1836 1629 551 768 348 316 269 424 521 287 327 952 1904 353 1899 613 514 200 427 110 440 278 168
1676 536 244 349 76 44 500 466 510 0 303 604 524 96 1798 362 1848 241 1674 233 373 588 309 989 411 1799 50 1151 552 587 214 607 1813 1502 292 59 536 1844 1636 556 286 198 630 631 213 226 411 245 959 1911 192 1906 283 219 422 216 557 303 592 616
1822 776 181 496 318 283 289 219 299 303 0 393 312 225 1944 88 1994 480 1820 187 100 315 109 1135 200 1945 292 1298 341 376 309 396 1959 1648 534 282 325 1990 1782 282 528 293 383 420 434 467 165 85 1105 2057 287 2052 560 460 189 437 346 450 346 395
1790 921 405 559 620 585 123 344 241 604 393 0 246 527 1912 452 1962 564 1788 550 464 678 472 1103 225 1913 593 1265 284 52 426 72 1927 1616 868 583 267 1957 1750 646 862 442 495 87 518 615 382 421 1073 2025 448 2020 707 608 295 521 207 534 457 347
1624 803 324 394 539 504 151 264 76 524 312 246 0 446 1747 372 1797 484 1622 470 383 598 392 937 145 1748 513 1100 86 206 346 190 1761 1451 787 503 70 1792 1585 565 782 362 298 273 438 529 301 341 908 1859 367 1854 589 528 214 441 66 453 260 150
1653 570 166 326 112 77 423 388 432 96 225 527 446 0 1775 285 1825 274 1651 155 296 511 231 966 334 1776 85 1128 475 510 137 530 1790 1479 363 75 458 1820 1613 478 357 120 552 554 228 260 334 167 936 1888 115 1883 354 253 344 232 480 280 515 538
160 1903 1800 1494 1811 1779 1866 1896 1791 1798 1944 1912 1747 1775 0 2004 131 1686 192 1878 2015 2230 1954 858 1836 239 1787 675 1801 1872 1674 1856 253 359 1915 1762 1785 211 494 2197 1910 1691 2013 1940 1672 1629 1933 1888 874 547 1696 711 1689 1634 1846 1676 1732 1591 1975 1865
1881 836 240 555 377 343 348 278 358 362 88 452 372 285 2004 0 2054 539 1879 168 81 296 90 1194 259 2005 351 1357 400 435 368 455 2018 1708 515 341 384 2049 1842 264 509 352 443 479 493 526 224 144 1165 2116 347 2111 619 519 249 496 405 509 405 455
210 1953 1850 1544 1861 1829 1916 1946 1841 1848 1994 1962 1797 1825 131 2054 0 1736 242 1927 2065 2280 2003 908 1886 239 1837 725 1851 1922 1724 1906 225 409 1965 1812 1835 176 543 2247 1960 1741 2062 1989 1722 1679 1983 1938 924 512 1746 676 1739 1684 1896 1726 1782 1641 2025 1914
1563 395 336 236 226 239 460 431 470 241 480 564 484 274 1685 539 1735 0 1561 411 551 765 487 876 371 1686 248 1038 512 547 210 567 1700 1389 408 222 496 1730 1523 733 402 226 596 591 78 86 469 423 846 1798 232 1793 181 79 382 76 517 197 558 576
140 1779 1676 1370 1687 1655 1742 1772 1667 1674 1820 1788 1622 1651 192 1879 242 1562 0 1753 1891 2106 1829 734 1712 193 1663 551 1677 1748 1550 1732 207 235 1791 1638 1661 238 369 2073 1786 1566 1888 1815 1548 1504 1809 1764 750 574 1572 738 1565 1510 1722 1551 1607 1466 1851 1740
1755 706 269 429 248 213 446 377 456 233 187 550 470 155 1878 168 1927 411 1753 0 170 385 101 1068 358 1878 222 1231 498 533 239 554 1892 1581 372 212 482 1923 1715 352 366 223 541 578 365 397 322 242 1039 1990 217 1985 487 389 347 368 504 383 503 553
1893 847 251 566 389 354 360 290 369 373 100 464 383 296 2015 81 2065 551 1891 170 0 245 92 1206 271 2016 363 1368 411 447 380 467 2030 1719 517 352 395 2061 1853 213 511 363 454 491 504 537 235 156 1176 2128 358 2123 631 530 260 508 417 520 416 466
2107 1062 466 781 604 569 574 468 584 588 315 678 598 511 2230 296 2280 765 2106 385 245 0 307 1420 486 2231 577 1583 626 661 594 682 2244 1934 732 567 610 2275 2068 117 726 578 632 706 719 752 413 370 1391 2343 573 2337 846 745 475 722 631 735 594 644
1831 782 260 505 324 289 368 299 378 309 109 472 392 231 1954 90 2003 487 1829 101 92 307 0 1144 280 1954 298 1307 420 455 315 476 1968 1657 448 287 404 1999 1791 274 442 299 463 500 441 472 244 164 1114 2066 293 2061 563 465 269 444 426 459 425 475
735 1094 991 684 1002 969 1057 1087 982 989 1135 1103 937 966 858 1194 908 877 734 1068 1206 1420 1144 0 1027 859 978 211 991 1063 865 1047 873 562 1106 952 975 903 696 1388 1100 881 1203 1130 863 819 1124 1078 79 1239 887 1295 879 825 1037 866 922 781 1165 1055
1713 729 212 387 427 392 121 152 131 411 200 225 145 334 1836 259 1886 371 1712 358 271 486 280 1027 0 1837 401 1189 173 208 233 228 1851 1540 675 390 157 1881 1674 453 670 250 316 253 325 423 189 229 997 1949 255 1944 514 416 102 329 178 341 278 237
265 1904 1801 1495 1812 1780 1867 1897 1792 1799 1945 1913 1748 1776 239 2005 239 1687 193 1878 2016 2231 1954 859 1837 0 1788 676 1802 1873 1675 1857 77 360 1916 1763 1786 235 494 2198 1911 1692 2013 1940 1673 1630 1934 1889 875 571 1697 735 1690 1635 1847 1677 1733 1592 1976 1866
1665 543 233 339 66 33 489 455 499 50 292 593 513 85 1787 351 1837 248 1663 222 363 577 298 978 401 1788 0 1140 541 576 203 597 1802 1491 303 49 525 1833 1625 545 297 187 619 621 202 233 400 234 948 1900 181 1895 294 226 411 205 546 293 581 605
553 1256 1153 847 1164 1132 1219 1249 1144 1151 1298 1265 1100 1128 675 1357 725 1039 551 1231 1368 1583 1307 211 1189 676 1140 0 1154 1225 1027 1209 690 379 1268 1115 1138 721 513 1550 1263 1044 1366 1293 1025 982 1286 1241 227 1056 1049 1221 1042 987 1199 1029 1085 944 1328 1218
1678 857 353 448 567 533 180 273 104 552 341 284 86 475 1801 400 1851 512 1677 498 411 626 420 991 173 1802 541 1154 0 260 374 244 1815 1505 816 531 98 1846 1639 593 810 390 242 311 466 563 315 369 962 1914 396 1908 643 556 243 469 120 482 204 94
1750 904 388 519 603 568 106 328 225 587 376 52 206 510 1872 435 1922 547 1748 533 447 661 455 1063 208 1873 576 1225 260 0 409 32 1887 1576 851 566 244 1918 1710 629 845 425 472 79 501 598 365 404 1033 1985 431 1980 690 591 278 504 167 517 434 324
1552 567 198 226 229 195 322 293 332 214 309 426 346 137 1674 368 1724 210 1550 239 380 594 315 865 233 1675 203 1027 374 409 0 429 1689 1378 478 193 358 1720 1512 562 472 77 457 453 164 261 331 251 835 1787 83 1782 353 254 244 167 379 180 420 438
1734 913 408 503 623 588 126 348 234 607 396 72 190 530 1856 455 1906 567 1732 554 467 682 476 1047 228 1857 597 1209 244 32 429 0 1871 1560 871 586 228 1902 1694 649 866 446 456 99 521 619 385 425 1017 1969 451 1964 698 612 298 525 151 537 418 308
278 1918 1815 1508 1826 1793 1881 1911 1806 1813 1959 1927 1761 1790 253 2018 225 1701 207 1892 2030 2244 1968 873 1851 77 1802 690 1815 1887 1689 1871 0 374 1930 1776 1799 220 508 2212 1924 1705 2027 1954 1687 1643 1948 1902 889 556 1711 720 1703 1649 1861 1690 1746 1605 1989 1879
237 1607 1504 1198 1515 1483 1570 1600 1495 1502 1648 1616 1451 1479 359 1708 409 1390 235 1581 1719 1934 1657 562 1540 360 1491 379 1505 1576 1378 1560 374 0 1619 1466 1489 404 168 1901 1614 1395 1716 1643 1376 1333 1637 1592 578 740 1400 904 1393 1338 1550 1380 1436 1295 1679 1569
1792 581 508 466 277 310 764 724 774 292 534 868 787 363 1914 515 1964 408 1790 372 517 732 448 1105 675 1915 303 1267 816 851 478 871 1929 1618 0 326 800 1960 1752 699 61 461 888 895 447 350 669 508 1075 2027 456 2022 317 355 686 449 799 426 850 879
1639 518 223 313 75 40 479 444 489 59 282 583 503 75 1762 341 1812 222 1638 212 352 567 287 952 390 1763 49 1115 531 566 193 586 1776 1466 326 0 515 1807 1600 534 320 177 609 610 176 208 390 224 923 1875 171 1869 303 201 401 180 536 267 571 595
1662 841 337 432 551 517 164 276 88 536 325 267 70 458 1785 384 1835 496 1661 482 395 610 404 975 157 1786 525 1138 98 244 358 228 1799 1489 800 515 0 1830 1623 577 794 374 267 295 450 547 313 353 946 1898 380 1892 627 540 226 453 104 466 229 119
309 1949 1846 1539 1856 1824 1912 1941 1836 1844 1990 1957 1792 1820 211 2049 176 1731 238 1923 2061 2275 1999 903 1881 235 1833 721 1846 1918 1720 1902 220 404 1961 1807 1830 0 539 2243 1955 1736 2058 1985 1718 1674 1979 1933 920 400 1742 564 1734 1679 1892 1721 1777 1636 2020 1910
371 1741 1638 1332 1649 1617 1704 1734 1629 1636 1782 1750 1585 1613 494 1842 543 1524 369 1715 1853 2068 1791 696 1674 494 1625 513 1639 1710 1512 1694 508 168 1753 1600 1623 539 0 2035 1748 1529 1850 1777 1510 1466 1771 1726 712 875 1534 1039 1527 1472 1684 1514 1569 1428 1813 1702
2075 1029 433 748 571 536 542 435 551 556 282 646 565 478 2197 264 2247 733 2073 352 213 117 274 1388 453 2198 545 1550 593 629 562 649 2212 1901 699 534 577 2243 2035 0 694 546 600 673 687 719 381 338 1358 2310 540 2305 813 712 442 690 599 702 562 612
1786 575 502 460 271 305 758 718 768 286 528 862 782 357 1909 509 1959 402 1785 366 511 726 442 1099 670 1910 297 1262 810 845 472 866 1923 1613 61 320 794 1954 1747 694 0 456 882 890 441 344 664 503 1070 2022 450 2016 311 350 680 443 794 420 845 874
1568 583 214 242 213 178 338 310 348 198 293 442 362 120 1691 352 1741 226 1566 223 363 578 299 881 250 1692 187 1044 390 425 77 446 1705 1395 461 177 374 1736 1529 546 456 0 474 470 180 277 347 235 852 1803 99 1798 369 270 260 183 396 196 436 454
1890 953 436 611 645 610 391 198 316 630 383 495 298 552 2013 443 2062 596 1888 541 454 632 463 1203 316 2013 619 1366 242 472 457 456 2027 1716 888 609 267 2058 1850 600 882 474 0 523 549 647 240 412 1174 2125 479 2120 738 640 244 553 331 565 71 179
1817 949 432 587 647 612 150 372 269 631 420 87 273 554 1940 479 1989 591 1815 578 491 706 500 1130 253 1940 621 1293 311 79 453 99 1954 1643 895 610 295 1985 1777 673 890 470 523 0 545 643 409 449 1101 2052 475 2047 734 636 322 549 234 561 485 375
1550 439 290 224 228 193 414 385 424 213 434 518 438 228 1672 493 1722 78 1548 365 504 719 441 863 325 1673 202 1025 466 501 164 521 1687 1376 447 176 450 1718 1510 687 441 180 549 545 0 129 423 377 833 1785 186 1780 225 122 336 35 471 177 512 530
1505 338 387 179 211 225 511 483 521 226 467 615 528 260 1628 526 1677 86 1503 397 537 752 472 818 423 1628 233 981 563 598 261 619 1642 1331 350 208 547 1673 1465 719 344 277 647 643 129 0 520 408 789 1740 283 1735 124 63 433 127 512 139 609 627
1811 826 289 485 427 392 278 76 287 411 165 382 301 334 1933 224 1983 469 1809 322 235 413 244 1124 189 1934 400 1286 315 365 331 385 1948 1637 669 390 313 1979 1771 381 664 347 240 409 423 520 0 193 1094 2046 352 2041 612 513 117 426 335 438 203 252
1765 718 123 439 260 225 317 248 327 245 85 421 341 167 1888 144 1938 423 1764 242 156 370 164 1078 229 1889 234 1241 369 404 251 425 1902 1592 508 224 353 1933 1726 338 503 235 412 449 377 408 193 0 1049 2001 229 1995 502 401 218 380 374 393 374 424
752 1064 961 655 972 940 1027 1057 952 959 1105 1073 908 936 874 1165 924 847 750 1039 1176 1391 1114 79 997 875 948 227 962 1033 835 1017 889 578 1076 923 946 920 712 1358 1071 852 1174 1101 833 790 1094 1049 0 1255 857 1265 850 795 1007 837 893 752 1136 1026
645 1957 1854 1548 1865 1833 1920 1950 1845 1852 1998 1966 1800 1829 547 2057 512 1740 574 1931 2069 2284 2007 1239 1890 571 1841 1056 1855 1926 1728 1910 556 740 1969 1816 1838 400 875 2251 1963 1744 2066 1993 1726 1682 1987 1942 1212 0 1750 471 1743 1688 1900 1729 1785 1644 2028 1918
1574 589 219 247 208 173 344 315 353 192 287 448 367 115 1696 347 1746 232 1572 217 358 573 293 887 255 1697 181 1049 396 431 83 451 1711 1400 456 171 380 1742 1534 540 450 99 479 475 186 283 352 229 857 1809 0 1804 374 276 265 189 401 201 442 459
647 1835 1732 1426 1743 1711 1798 1828 1723 1730 1876 1844 1679 1707 548 1936 514 1618 575 1810 1947 2162 1885 1119 1768 572 1719 1058 1733 1804 1606 1788 558 742 1847 1694 1717 401 876 2129 1842 1623 1945 1872 1604 1561 1865 1820 1090 308 1628 0 1621 1566 1778 1608 1664 1523 1907 1797
1565 307 478 239 268 301 602 573 612 283 560 706 588 354 1688 619 1738 181 1564 487 631 846 563 878 513 1689 294 1041 642 689 352 697 1702 1392 317 303 626 1733 1526 813 311 368 737 733 225 124 611 502 849 1801 373 1795 0 129 524 222 573 199 700 706
1511 343 380 184 204 218 504 476 514 219 460 608 528 253 1633 519 1683 79 1509 389 530 745 465 824 416 1634 226 986 556 591 254 612 1648 1337 355 201 540 1678 1471 712 350 270 640 636 122 63 513 401 794 1746 276 1741 129 0 426 120 518 145 602 620
1724 739 222 398 437 402 191 80 200 422 189 295 214 344 1846 249 1896 382 1722 347 260 475 269 1037 102 1847 411 1199 243 278 244 298 1861 1550 686 401 226 1892 1684 442 680 260 244 322 336 433 117 218 1007 1959 265 1954 525 426 0 339 248 351 207 256
1553 437 293 227 231 197 417 389 427 216 437 521 441 232 1676 496 1726 76 1551 368 508 722 444 866 329 1677 205 1029 469 504 167 525 1690 1380 449 180 453 1721 1514 690 443 183 553 549 35 127 426 380 837 1788 189 1783 222 120 339 0 475 181 515 533
1609 788 358 379 573 538 185 298 110 557 346 207 66 480 1732 405 1782 517 1607 504 417 631 426 922 178 1733 546 1085 120 167 379 151 1746 1436 800 536 104 1777 1569 599 795 396 331 234 471 514 335 374 893 1844 401 1839 574 519 248 475 0 476 294 183
1468 415 305 142 319 284 430 401 440 303 450 534 453 280 1591 509 1641 198 1466 383 520 735 459 781 341 1592 293 944 482 517 180 537 1605 1295 427 267 466 1636 1428 702 421 196 565 561 177 140 438 393 752 1703 201 1698 200 146 351 181 476 0 528 545
1852 915 399 574 608 573 354 160 278 592 346 457 260 515 1975 405 2025 558 1851 503 416 594 425 1165 278 1976 581 1328 204 434 420 418 1989 1679 850 571 229 2020 1813 562 845 436 71 485 512 609 203 374 1136 2088 442 2082 701 602 207 515 294 528 0 141
1742 921 416 512 631 596 243 210 168 616 395 347 150 538 1865 455 1914 576 1740 553 466 644 475 1055 237 1866 605 1218 94 324 438 308 1879 1569 879 595 119 1910 1702 612 874 454 179 375 530 627 252 424 1026 1977 459 1972 707 620 256 533 183 545 141 0
EOF