NAME : tsp_problem
TYPE : TSP
DIMENSION : 50
EDGE_WEIGHT_TYPE : EXPLICIT
EDGE_WEIGHT_FORMAT : FULL_MATRIX
EDGE_WEIGHT_SECTION
0 584 447 1035 775 775 443 906 972 835 1388 1309 665 313 1029 336 618 852 920 161 942 893 1202 914 613 943 155 817 708 536 868 301 524 803 971 1053 1020 1223 882 991 326 742 887 599 791 1055 617 131 752 484
584 0 196 663 603 603 192 733 600 663 1216 1137 492 319 657 303 446 679 549 538 770 720 1029 742 440 664 532 391 202 285 696 327 352 630 599 681 648 1050 710 819 430 370 515 348 619 683 444 472 580 312
447 196 0 637 466 466 47 596 574 525 1079 1000 355 182 631 166 308 542 523 401 633 583 892 604 303 634 395 419 320 139 559 190 214 493 573 655 622 913 573 681 293 344 489 202 482 657 307 335 442 175
1035 663 637 0 838 833 629 946 257 985 1128 1193 864 770 58 755 818 474 142 989 707 712 941 797 812 372 983 460 548 535 842 778 724 952 122 204 207 962 856 743 881 457 506 483 336 45 722 923 902 654
775 603 466 838 0 87 462 236 909 232 865 658 158 510 833 495 488 583 724 729 317 268 678 289 483 675 724 836 727 555 145 518 394 200 774 857 859 699 159 366 621 760 644 618 523 858 486 663 149 354
775 603 466 833 87 0 462 231 904 232 859 653 158 510 827 495 488 578 718 729 312 263 673 284 483 670 724 836 727 555 140 518 394 200 769 851 854 694 154 361 621 760 639 618 518 853 486 663 149 354
443 192 47 629 462 462 0 592 566 521 1075 996 351 178 623 162 304 538 514 397 629 579 888 600 299 630 391 411 316 130 555 186 210 489 565 647 614 909 569 677 289 336 481 193 478 649 303 331 438 171
906 733 596 946 236 231 592 0 1016 193 972 765 288 641 940 625 618 690 831 860 425 375 785 396 613 782 854 966 858 685 286 648 524 226 881 964 967 806 300 473 752 891 751 748 630 965 617 793 274 485
972 600 574 257 909 904 566 1016 0 1050 1198 1264 880 706 251 691 833 545 213 926 778 783 1012 868 828 442 920 235 485 472 912 714 739 1018 165 141 144 1033 926 814 818 264 539 419 407 276 793 859 967 700
835 663 525 985 232 232 521 193 1050 0 1011 804 218 570 979 555 548 730 870 789 464 414 825 436 542 821 783 896 787 615 325 578 454 102 921 1003 1006 846 339 513 681 820 790 678 669 1004 546 723 118 414
1386 1214 1077 1128 807 802 1073 914 1198 954 0 258 879 1121 1122 1106 1099 803 1013 1340 736 636 286 566 1094 1030 1335 1289 1305 1166 811 1129 1005 921 1064 1146 1149 195 825 530 1232 1213 1078 1229 956 1147 1004 1274 871 936
1261 1089 951 1002 721 716 947 829 1073 868 730 0 794 996 996 981 974 678 888 1215 643 510 544 468 968 904 1209 1163 1179 1041 725 1004 880 835 938 1020 1023 565 739 404 1107 1088 952 1104 831 1022 878 1149 785 810
665 492 355 866 158 158 351 288 880 218 937 730 0 400 860 384 377 611 751 619 390 340 750 361 372 703 613 725 617 445 251 408 284 185 802 884 887 771 265 438 511 650 672 508 551 886 376 553 135 244
313 319 182 770 510 510 178 641 706 570 1123 1044 400 0 764 71 353 586 655 267 677 627 937 649 348 678 261 552 443 271 603 61 259 538 706 788 755 958 617 726 262 476 622 334 526 789 351 201 487 219
1029 657 631 58 833 827 623 940 251 979 1122 1187 858 764 0 749 812 468 136 983 701 706 935 792 806 366 977 454 542 529 836 772 718 947 116 198 201 956 850 737 875 451 501 477 330 50 716 917 896 648
336 303 166 755 495 495 162 625 691 555 1108 1029 384 71 749 0 338 571 640 290 662 612 921 634 332 663 284 536 428 256 588 79 244 522 690 773 739 942 602 711 247 461 606 319 511 774 336 224 472 204
618 446 308 819 488 488 304 618 833 548 1101 1022 377 353 813 338 0 564 705 572 655 605 914 627 80 656 566 679 570 398 581 361 147 515 755 837 840 935 595 704 464 603 625 461 504 839 329 506 465 197
850 677 540 474 583 578 536 690 545 730 803 916 609 585 468 569 562 0 359 804 383 388 617 483 557 376 798 635 651 630 587 593 468 697 410 492 495 638 601 419 696 560 537 586 341 494 467 738 647 399
920 549 523 142 724 718 514 831 213 870 1013 1078 750 655 136 640 703 359 0 874 592 597 827 683 698 257 869 416 433 420 727 663 609 838 78 160 163 848 741 629 766 342 392 368 222 161 608 808 787 540
161 538 401 989 729 729 397 860 926 789 1342 1263 619 267 983 290 572 806 874 0 896 847 1156 868 567 897 109 771 662 490 822 255 478 757 925 1007 974 1177 836 945 280 695 841 553 745 1008 570 85 706 438
940 768 631 707 317 312 627 425 778 464 769 621 390 675 701 660 653 383 592 894 0 196 582 218 648 609 889 868 884 720 321 683 559 431 643 725 728 603 335 295 786 793 631 783 510 727 558 828 381 490
891 718 581 712 268 263 577 375 783 414 636 571 340 626 706 610 603 388 597 845 196 0 449 168 598 613 839 873 843 671 271 634 509 382 648 730 733 470 285 245 737 798 582 734 461 731 508 779 331 440
1200 1028 890 941 678 673 886 785 1012 825 286 394 750 935 935 920 913 617 827 1154 582 449 0 407 907 843 1148 1102 1118 980 681 943 819 792 877 959 962 121 696 343 1046 1027 891 1043 770 961 817 1088 742 749
912 740 603 797 289 284 599 396 868 436 594 451 361 647 792 632 625 483 683 866 218 168 407 0 620 634 860 945 864 692 292 655 531 403 733 816 819 428 306 95 758 870 603 755 482 817 530 800 353 462
613 440 303 814 483 483 299 613 828 542 1096 1017 372 348 808 332 80 559 699 567 650 600 909 621 0 651 561 673 565 393 575 356 141 510 750 832 835 930 589 698 459 598 620 456 499 834 324 501 459 192
941 664 632 372 675 670 628 782 442 821 1030 1029 701 676 366 661 654 376 257 895 609 613 843 634 649 0 890 533 549 535 678 684 560 789 307 390 393 864 692 645 787 457 370 483 173 391 559 829 738 491
155 532 395 983 724 724 391 854 920 783 1337 1258 613 261 977 284 566 800 869 109 890 841 1150 862 561 892 0 765 656 484 816 249 472 751 919 1001 968 1171 830 939 203 690 835 547 740 1003 565 79 700 433
817 391 419 460 836 836 411 966 235 896 1289 1340 725 552 454 536 679 635 416 771 868 873 1102 945 673 533 765 0 275 317 929 560 585 863 369 332 283 1123 943 904 663 109 384 265 497 480 677 705 813 545
708 202 320 548 727 727 316 858 485 787 1305 1261 617 443 542 428 570 651 433 662 884 844 1118 866 565 549 656 275 0 333 820 451 476 755 484 566 533 1139 834 920 554 255 400 281 513 568 568 596 704 436
536 285 139 535 555 555 130 685 472 615 1168 1089 445 271 529 256 398 631 420 490 722 672 982 694 393 535 484 317 333 0 648 279 304 583 471 553 520 1003 662 771 382 241 387 99 500 554 396 424 532 264
868 696 559 842 145 140 555 286 912 325 868 661 251 603 836 588 581 587 727 822 321 271 681 292 575 678 816 929 820 648 0 611 487 293 777 860 863 702 49 370 714 853 647 711 526 861 574 756 242 447
301 327 190 778 518 518 186 648 714 578 1131 1052 408 61 772 79 361 594 663 255 685 635 945 657 356 686 249 560 451 279 611 0 267 545 714 796 763 966 625 734 270 484 630 342 534 797 359 189 495 227
524 352 214 725 394 394 210 524 739 454 1007 928 284 259 720 244 147 470 611 478 561 511 820 533 141 562 472 585 476 304 487 267 0 421 661 743 746 841 501 610 370 509 531 367 410 745 235 412 371 103
803 630 493 952 200 200 489 226 1018 102 979 772 185 538 947 522 515 697 838 757 431 382 792 403 510 789 751 863 755 583 293 545 421 0 888 971 973 813 307 480 649 788 758 646 637 972 514 690 86 382
971 599 573 122 774 769 565 881 165 921 1064 1129 800 706 116 690 753 410 78 925 643 648 877 733 748 307 919 369 484 471 777 714 659 888 0 113 116 898 792 679 817 393 442 419 272 142 658 859 838 590
1053 681 655 204 857 851 647 964 141 1003 1146 1211 882 788 198 773 836 492 160 1007 725 730 959 816 830 390 1001 332 566 553 860 796 742 971 113 0 91 980 874 761 899 361 524 501 354 224 740 941 920 672
1020 648 622 207 859 854 614 967 144 1006 1149 1214 885 755 201 739 839 495 163 974 728 733 962 819 833 393 968 283 533 520 863 763 745 973 116 91 0 983 877 764 866 312 527 468 357 227 743 908 923 675
1221 1049 911 962 699 694 907 806 1033 846 195 402 771 956 956 941 934 638 848 1175 603 470 121 428 928 864 1169 1123 1139 1001 702 964 840 813 898 980 983 0 716 364 1067 1048 912 1064 791 982 838 1109 763 770
882 710 573 856 159 154 569 300 926 339 882 675 265 617 850 602 595 601 741 836 335 285 696 306 589 692 830 943 834 662 49 625 501 307 792 874 877 716 0 384 728 867 661 725 540 875 588 770 256 461
989 817 680 743 366 361 676 473 814 513 530 528 438 724 737 709 702 419 629 943 295 245 343 95 697 645 937 904 920 769 370 732 608 480 679 761 764 364 384 0 835 829 680 832 559 763 607 877 430 539
326 430 293 881 621 621 289 752 818 681 1234 1155 511 262 875 247 464 698 766 280 788 739 1048 760 459 789 203 663 554 382 714 270 370 649 817 899 866 1069 728 837 0 587 733 445 637 900 462 250 598 330
742 370 344 457 760 760 336 891 264 820 1213 1265 650 476 451 461 603 560 342 695 793 798 1027 870 598 457 690 109 255 241 853 484 509 788 393 361 312 1048 867 829 587 0 309 189 422 476 602 629 737 469
887 515 489 506 644 639 481 751 539 790 1078 999 670 622 501 606 623 537 392 841 631 582 891 603 618 370 835 384 400 387 647 630 529 758 442 524 527 912 661 680 733 309 0 335 218 526 528 775 708 460
599 348 202 483 618 618 193 748 419 678 1231 1152 508 334 477 319 461 586 368 553 785 735 1045 757 456 483 547 265 281 99 711 342 367 646 419 501 468 1066 725 834 445 189 335 0 448 502 459 487 595 327
790 617 480 336 523 518 476 630 407 669 956 877 549 524 330 509 502 341 222 744 510 461 770 482 497 173 738 497 513 500 526 532 408 637 272 354 357 791 540 559 635 422 218 448 0 356 407 677 586 339
1055 683 657 45 858 853 649 965 276 1004 1147 1212 884 789 50 774 837 494 161 1008 727 731 961 817 832 391 1003 480 568 554 861 797 743 972 142 224 227 982 875 763 900 476 526 502 356 0 742 942 921 674
617 444 307 724 486 486 303 617 795 546 1006 927 376 351 718 336 329 469 609 570 560 510 819 531 324 561 565 677 568 396 575 359 235 514 660 742 745 840 589 608 462 602 530 459 409 744 0 504 463 166
131 472 335 923 663 663 331 793 859 723 1276 1197 553 201 917 224 506 739 808 85 830 780 1090 802 501 831 79 705 596 424 756 189 412 690 859 941 908 1111 770 879 250 629 775 487 679 942 504 0 640 372
752 580 442 902 149 149 438 274 967 118 928 721 135 487 896 472 465 647 787 706 381 331 742 353 459 738 700 813 704 532 242 495 371 86 838 920 923 763 256 430 598 737 708 595 586 921 463 640 0 331
484 312 175 656 354 354 171 485 700 414 938 859 244 219 650 204 197 401 541 438 492 442 751 463 192 493 433 545 436 264 447 227 103 382 592 674 677 772 461 540 330 469 462 327 341 676 166 372 331 0
EOF