NAME : tsp_problem
TYPE : TSP
DIMENSION : 38
EDGE_WEIGHT_TYPE : EXPLICIT
EDGE_WEIGHT_FORMAT : FULL_MATRIX
EDGE_WEIGHT_SECTION
0 90 1238 1036 1392 596 76 505 641 1277 890 1302 1148 1178 854 1270 1551 1734 1115 1428 278 1670 1597 1005 1705 1282 1011 1527 1517 1274 1488 174 1684 1485 1043 1156 729 1490
90 0 1186 985 1341 544 128 453 590 1225 838 1250 1096 1126 803 1218 1499 1682 1063 1376 226 1619 1546 953 1653 1230 960 1475 1466 1223 1436 122 1632 1434 991 1105 677 1438
1238 1186 0 1374 435 934 1276 842 979 118 1228 345 1486 1298 445 111 767 574 1210 913 1177 511 640 1304 611 122 1349 794 560 1093 833 1104 525 1202 1381 145 1067 1084
1036 985 1374 0 1528 581 1074 576 627 1413 737 1438 253 1025 991 1406 1399 1870 963 1275 975 1806 1733 852 1553 1418 207 1375 1653 1122 1335 902 1644 1333 34 1292 543 1337
1392 1341 435 1528 0 1088 1430 997 1134 474 1382 281 1640 1410 599 467 905 931 1322 1025 1331 867 392 1416 749 479 1504 931 312 1204 970 1258 717 1263 1535 353 1221 1063
596 544 934 581 1088 0 634 136 76 973 435 998 693 723 550 966 1096 1430 660 973 535 1366 1293 550 1250 978 557 1072 1213 820 1033 462 1341 1030 588 852 274 1035
76 128 1276 1074 1430 634 0 542 679 1315 928 1340 1186 1216 892 1308 1589 1772 1153 1466 260 1708 1635 1043 1743 1320 1049 1565 1555 1312 1526 212 1722 1523 1081 1194 767 1528
505 453 842 576 997 136 542 0 181 881 429 906 688 717 459 874 1091 1338 655 967 444 1275 1202 544 1245 886 551 1067 1122 814 1027 371 1288 1025 583 761 268 1029
641 590 979 627 1134 76 679 181 0 1018 480 1043 738 768 596 1011 1141 1475 705 1018 581 1412 1338 595 1296 1023 602 1117 1259 865 1078 507 1387 1076 633 898 319 1080
1277 1225 118 1413 474 973 1315 881 1018 0 1266 384 1525 1283 483 96 752 559 1195 898 1216 496 679 1289 596 107 1388 779 599 1078 818 1143 510 1187 1420 183 1105 1069
890 838 1228 737 1382 435 928 429 480 1266 0 1292 849 430 844 1260 803 1444 367 680 829 1381 1587 257 957 1271 713 779 1507 527 740 756 1049 737 744 1146 272 742
1302 1250 345 1438 281 998 1340 906 1043 384 1292 0 1550 1504 509 377 999 841 1416 1119 1241 777 486 1407 843 389 1413 1025 406 1299 1065 1168 791 1357 1445 263 1131 1157
1148 1096 1486 253 1640 693 1186 688 738 1525 849 1550 0 1137 1102 1518 1510 1982 1074 1387 1087 1918 1845 964 1665 1529 169 1486 1765 1234 1447 1014 1756 1445 248 1404 655 1449
1178 1126 1298 1025 1415 723 1216 717 768 1283 430 1510 1137 0 1132 1273 564 1206 128 441 1117 1142 1371 197 718 1277 1001 540 1291 288 501 1044 810 499 1032 1364 560 503
854 803 445 991 599 550 892 459 596 483 844 509 1102 1132 0 477 1133 940 1069 1279 794 877 804 959 977 488 966 1159 724 1229 1199 720 891 1439 997 363 683 1444
1270 1218 111 1406 467 966 1308 874 1011 96 1260 377 1518 1273 477 0 742 550 1185 888 1209 486 672 1279 586 98 1381 769 592 1068 808 1136 500 1177 1413 177 1099 1060
1551 1499 767 1399 910 1096 1589 1091 1141 752 803 1004 1510 564 1133 742 0 675 476 179 1490 611 866 571 188 746 1374 60 786 359 99 1417 279 468 1406 833 934 351
1734 1682 574 1870 931 1430 1772 1338 1475 559 1444 841 1982 1206 940 550 675 0 1118 821 1673 170 973 1212 519 553 1845 701 893 1000 740 1600 432 1110 1877 640 1562 992
1115 1063 1210 963 1327 660 1153 655 705 1195 367 1422 1074 128 1069 1185 476 1118 0 353 1054 1054 1283 135 630 1189 938 452 1203 200 413 981 722 411 970 1276 498 415
1428 1376 913 1275 1030 973 1466 967 1018 898 680 1125 1387 441 1279 888 179 821 353 0 1367 757 986 447 333 892 1250 155 906 235 116 1294 425 345 1282 979 810 227
278 226 1177 975 1331 535 260 444 581 1216 829 1241 1087 1117 794 1209 1490 1673 1054 1367 0 1609 1536 944 1644 1221 951 1466 1457 1214 1427 144 1623 1424 982 1095 668 1429
1670 1619 511 1806 867 1366 1708 1275 1412 496 1381 777 1918 1142 877 486 611 170 1054 757 1609 0 909 1148 455 490 1782 637 829 937 677 1536 368 1046 1813 577 1499 928
1597 1546 640 1733 392 1293 1635 1202 1338 679 1587 486 1845 1365 804 672 860 967 1277 980 1536 904 0 1372 704 684 1709 886 160 1160 926 1463 672 1219 1740 558 1426 1018
1005 953 1304 852 1421 550 1043 544 595 1289 257 1407 964 197 959 1279 571 1212 135 447 944 1148 1377 0 725 1283 828 546 1297 294 507 871 816 505 859 1261 387 509
1705 1653 611 1553 754 1250 1743 1245 1296 596 957 848 1665 718 977 586 188 519 630 333 1644 455 710 725 0 590 1528 214 630 513 253 1571 123 622 1560 677 1088 505
1282 1230 122 1418 479 978 1320 886 1023 107 1271 389 1529 1277 488 98 746 553 1189 892 1221 490 684 1283 590 0 1393 772 604 1072 812 1148 503 1181 1425 188 1110 1063
1011 960 1349 207 1504 557 1049 551 602 1388 713 1413 169 1001 966 1381 1374 1845 938 1250 951 1782 1709 828 1528 1393 0 1350 1629 1097 1310 878 1619 1308 202 1268 519 1313
1527 1475 794 1375 936 1072 1565 1067 1117 779 779 1031 1486 540 1159 769 60 701 452 155 1466 637 892 546 214 772 1350 0 812 335 87 1393 305 444 1381 859 909 327
1517 1466 560 1653 312 1213 1555 1122 1259 599 1507 406 1765 1286 724 592 780 887 1198 901 1457 824 160 1292 624 604 1629 807 0 1080 846 1383 592 1139 1660 478 1346 938
1274 1223 1093 1122 1210 820 1312 814 865 1078 527 1304 1234 288 1229 1068 359 1000 200 235 1214 937 1165 294 513 1072 1097 335 1086 0 295 1141 604 255 1129 1159 657 262
1488 1436 833 1335 976 1033 1526 1027 1078 818 740 1070 1447 501 1199 808 99 740 413 116 1427 677 931 507 253 812 1310 87 852 295 0 1354 345 405 1342 899 870 287
174 122 1104 902 1258 462 212 371 507 1143 756 1168 1014 1044 720 1136 1417 1600 981 1294 144 1536 1463 871 1571 1148 878 1393 1383 1141 1354 0 1550 1351 909 1022 595 1356
1684 1632 525 1644 722 1341 1722 1288 1387 510 1049 791 1756 810 891 500 279 432 722 425 1623 368 678 816 123 503 1619 305 598 604 345 1550 0 714 1651 591 1179 596
1485 1434 1202 1333 1268 1030 1523 1025 1076 1187 737 1363 1445 499 1439 1177 468 1110 411 345 1424 1046 1224 505 622 1181 1308 444 1144 255 405 1351 714 0 1340 1268 868 235
1043 991 1381 34 1535 588 1081 583 633 1420 744 1445 248 1032 997 1413 1406 1877 970 1282 982 1813 1740 859 1560 1425 202 1381 1660 1129 1342 909 1651 1340 0 1299 550 1344
1156 1105 145 1292 353 852 1194 761 898 183 1146 263 1404 1364 363 177 833 640 1276 979 1095 577 558 1261 677 188 1268 859 478 1159 899 1022 591 1268 1299 0 985 1150
729 677 1067 543 1221 274 767 268 319 1105 272 1131 655 560 683 1099 934 1562 498 810 668 1499 1426 387 1088 1110 519 909 1346 657 870 595 1179 868 550 985 0 872
1490 1438 1084 1337 1068 1035 1528 1029 1080 1069 742 1162 1449 503 1444 1060 351 992 415 227 1429 928 1024 509 505 1063 1313 327 944 262 287 1356 596 235 1344 1150 872 0
EOF