NAME : tsp_problem
TYPE : TSP
DIMENSION : 44
EDGE_WEIGHT_TYPE : EXPLICIT
EDGE_WEIGHT_FORMAT : FULL_MATRIX
EDGE_WEIGHT_SECTION
0 1010 1559 56 905 275 319 520 1258 1259 106 868 1041 81 1303 1258 1220 753 801 1275 327 1092 1404 664 187 1396 1313 493 1102 919 491 721 910 999 571 753 990 861 1241 1323 1450 1030 1191 907
1010 0 607 994 1678 763 711 1293 286 1093 1008 723 838 984 811 766 728 323 1146 1071 1099 888 687 1204 872 494 845 1265 610 716 1263 1119 1682 848 1344 1285 498 989 1038 855 559 538 771 566
1553 607 0 1538 1282 1332 1279 1085 590 847 1552 1292 1406 1527 1379 1335 1296 891 900 1640 1434 1457 273 957 1441 248 431 1354 1179 1284 1420 872 1286 602 1006 871 1067 742 1606 441 206 1107 525 1134
56 994 1543 0 890 259 304 505 1243 1244 90 852 1026 65 1287 1243 1204 737 786 1259 311 1076 1389 649 171 1381 1297 477 1087 903 475 706 894 983 556 737 975 846 1226 1307 1435 1015 1176 891
911 1684 1281 896 0 948 993 559 1679 1192 909 1541 1715 885 1976 1932 1893 1426 781 1948 792 1765 1127 619 860 1329 1035 712 1776 1592 778 654 52 931 363 475 1664 794 1915 1045 1172 1704 1124 1580
275 763 1332 259 943 0 73 558 1012 1297 273 621 795 249 1056 1012 973 506 839 1028 364 845 1412 702 137 1220 1350 530 856 672 528 759 947 1036 609 790 744 898 995 1360 1284 784 1229 660
319 711 1279 304 987 73 0 602 959 1341 318 569 742 293 1004 959 921 454 883 976 409 793 1360 746 182 1167 1394 575 803 620 573 803 992 1080 653 834 691 943 942 1404 1232 731 1273 608
520 1293 1085 505 553 558 602 0 1315 781 519 1151 1324 494 1586 1541 1503 1036 298 1558 401 1374 952 161 470 918 860 372 1385 1202 438 243 558 520 219 401 1273 383 1524 870 997 1313 713 1190
1258 286 590 1243 1679 1012 959 1315 0 1077 1256 972 1086 1232 1059 1015 976 571 1130 1320 1348 1137 671 1187 1120 478 828 1514 859 964 1511 1103 1684 832 1386 1269 747 972 1286 838 543 787 755 814
1259 1093 847 1244 1186 1297 1341 781 1077 0 1258 1779 1893 1233 1866 1821 1783 1378 596 2127 1140 1943 927 653 1209 680 922 1111 1666 1771 1177 569 1191 298 852 798 1554 438 2093 932 799 1594 475 1621
106 1008 1557 90 903 273 318 519 1256 1258 0 866 1040 43 1301 1256 1218 751 800 1273 325 1090 1403 662 185 1395 1311 491 1101 917 489 720 908 997 569 751 988 859 1240 1321 1448 1028 1189 905
868 723 1292 852 1536 621 569 1151 972 1779 866 0 495 841 1016 972 933 466 1432 729 957 546 1372 1294 730 1180 1530 1123 816 373 1121 1352 1540 1534 1202 1383 704 1491 695 1540 1244 744 1457 620
1041 838 1406 1026 1709 795 742 1324 1086 1893 1040 495 0 1015 1131 1086 1048 581 1605 259 1131 76 1487 1468 904 1294 1645 1297 930 259 1295 1525 1714 1648 1375 1557 818 1665 226 1655 1359 858 1571 735
81 984 1532 65 879 249 293 494 1232 1233 43 841 1015 0 1276 1232 1193 726 775 1248 300 1065 1378 638 160 1370 1286 466 1076 892 464 695 883 972 545 726 964 835 1215 1296 1424 1004 1165 880
1303 811 1379 1287 1971 1056 1004 1586 1059 1866 1301 1016 1131 1276 0 73 118 616 1867 1364 1392 1181 1460 1729 1165 1267 1617 1558 593 1008 1556 1787 1975 1621 1637 1818 481 1762 1331 1627 1332 521 1544 859
1258 766 1335 1243 1926 1012 959 1541 1015 1821 1256 972 1086 1232 73 0 73 571 1822 1320 1347 1136 1415 1685 1120 1222 1573 1513 548 964 1511 1742 1930 1577 1592 1773 436 1717 1286 1583 1287 476 1500 814
1220 728 1296 1204 1888 973 921 1503 976 1783 1218 933 1048 1193 118 73 0 533 1784 1281 1309 1098 1377 1647 1082 1184 1535 1475 510 926 1473 1704 1892 1538 1554 1735 398 1679 1248 1545 1249 438 1461 776
753 323 891 737 1420 506 454 1036 571 1378 751 466 581 726 616 571 533 0 1317 814 842 631 972 1179 615 779 1129 1008 415 458 1006 1237 1425 1133 1086 1268 303 1273 781 1139 844 343 1056 309
801 1146 900 786 775 839 883 298 1130 596 800 1432 1605 775 1867 1822 1784 1317 0 1839 683 1656 767 242 751 733 675 653 1666 1483 719 162 779 335 441 551 1554 198 1805 685 812 1594 528 1471
1275 1071 1640 1259 1942 1028 976 1558 1320 2127 1273 729 259 1248 1364 1320 1281 814 1839 0 1364 261 1720 1701 1137 1528 1878 1530 1164 476 1528 1759 1947 1882 1609 1790 1052 1898 59 1888 1592 1092 1805 968
327 1099 1440 311 786 364 409 401 1348 1140 325 957 1131 300 1392 1347 1309 842 683 1364 0 1181 1285 545 276 1277 1194 374 1192 1008 372 603 791 880 452 634 1080 742 1331 1204 1331 1120 1072 996
1092 888 1457 1076 1759 845 793 1374 1137 1943 1090 546 76 1065 1181 1136 1098 631 1656 261 1181 0 1537 1518 954 1344 1695 1347 981 236 1345 1576 1764 1699 1425 1607 869 1715 228 1705 1409 909 1622 785
1399 687 273 1383 1127 1412 1360 946 671 927 1397 1372 1487 1372 1460 1415 1377 972 761 1720 1280 1537 0 818 1348 328 276 1200 1259 1364 1266 734 1132 682 851 716 1147 710 1687 286 164 1187 605 1215
664 1204 957 649 613 702 746 161 1187 653 662 1294 1468 638 1729 1685 1647 1179 242 1701 545 1518 824 0 613 790 732 516 1529 1345 582 115 617 393 279 460 1417 255 1668 742 870 1457 585 1333
187 872 1441 171 854 137 182 470 1120 1209 185 730 904 160 1165 1120 1082 615 751 1137 276 954 1353 613 0 1328 1262 442 965 781 440 671 859 948 520 702 852 810 1104 1272 1393 892 1140 769
1396 494 248 1381 1323 1220 1167 918 478 680 1395 1180 1294 1370 1267 1222 1184 779 733 1528 1277 1344 328 790 1328 0 486 1248 1067 1172 1314 706 1328 435 989 926 955 575 1494 496 200 995 358 1022
1307 845 431 1292 1035 1345 1389 854 828 916 1305 1530 1645 1281 1617 1573 1535 1129 669 1878 1188 1695 276 727 1256 486 0 1108 1417 1522 1174 642 1040 656 760 625 1305 619 1845 27 322 1345 763 1372
493 1265 1360 477 706 530 575 372 1514 1111 491 1123 1297 466 1558 1513 1475 1008 653 1530 374 1347 1205 516 442 1248 1113 0 1358 1174 89 573 711 850 392 553 1245 713 1497 1123 1251 1286 1043 1162
1102 610 1179 1087 1770 856 803 1385 859 1666 1101 816 930 1076 593 548 510 415 1666 1164 1192 981 1259 1529 965 1067 1417 1358 0 808 1356 1586 1775 1421 1436 1617 131 1561 1130 1427 1131 196 1344 658
919 716 1284 903 1587 672 620 1202 964 1771 917 373 259 892 1008 964 926 458 1483 476 1008 236 1364 1345 781 1172 1522 1174 808 0 1172 1403 1591 1526 1253 1434 696 1542 443 1532 1236 736 1449 612
491 1263 1425 475 772 528 573 438 1511 1177 489 1121 1295 464 1556 1511 1473 1006 719 1528 372 1345 1271 582 440 1314 1179 89 1356 1172 0 639 777 916 458 619 1243 779 1495 1189 1317 1283 1109 1160
721 1119 872 706 648 759 803 243 1103 569 720 1352 1525 695 1787 1742 1704 1237 162 1759 603 1576 739 115 671 706 647 573 1586 1403 639 0 653 308 314 496 1474 170 1725 657 785 1514 500 1391
916 1688 1286 900 52 953 998 564 1684 1197 914 1546 1720 889 1981 1936 1898 1431 785 1953 797 1770 1131 623 865 1334 1040 717 1781 1597 782 659 0 936 368 480 1668 798 1920 1050 1177 1708 1129 1585
999 848 602 983 926 1036 1080 520 832 298 997 1534 1648 972 1621 1577 1538 1133 335 1882 880 1699 682 393 948 435 661 850 1421 1526 916 308 930 0 592 537 1309 178 1848 671 554 1349 230 1376
571 1344 1011 556 358 609 653 219 1386 852 569 1202 1375 545 1637 1592 1554 1086 441 1609 452 1425 857 279 520 989 765 392 1436 1253 458 314 362 592 0 205 1324 454 1575 775 902 1364 784 1240
747 1284 870 731 475 784 828 395 1268 804 745 1377 1551 720 1812 1767 1729 1262 557 1784 628 1601 716 454 696 926 624 547 1611 1428 613 490 480 543 199 0 1499 506 1751 634 761 1539 736 1416
990 498 1067 975 1658 744 691 1273 747 1554 988 704 818 964 481 436 398 303 1554 1052 1080 869 1147 1417 852 955 1305 1245 131 696 1243 1474 1663 1309 1324 1505 0 1449 1018 1315 1019 84 1232 546
861 989 742 846 788 898 943 383 972 438 859 1491 1665 835 1762 1717 1679 1273 198 1898 742 1715 716 255 810 575 624 713 1561 1542 779 170 793 178 454 500 1449 0 1865 634 694 1489 370 1516
1241 1038 1606 1226 1909 995 942 1524 1286 2093 1240 695 226 1215 1331 1286 1248 781 1805 59 1331 228 1687 1668 1104 1494 1845 1497 1130 443 1495 1725 1914 1848 1575 1757 1018 1865 0 1855 1559 1058 1771 935
1317 855 441 1302 1045 1355 1399 864 838 926 1315 1540 1655 1291 1627 1583 1545 1139 679 1888 1198 1705 286 737 1266 496 27 1118 1427 1532 1184 652 1050 666 770 635 1315 629 1855 0 332 1355 773 1382
1445 559 206 1429 1173 1284 1232 992 543 799 1443 1244 1359 1418 1332 1287 1249 844 807 1592 1326 1409 164 864 1393 200 322 1245 1131 1236 1311 779 1177 554 897 762 1019 694 1559 332 0 1059 477 1087
1030 538 1107 1015 1698 784 731 1313 787 1594 1028 744 858 1004 521 476 438 343 1594 1092 1120 909 1187 1457 892 995 1345 1286 196 736 1283 1514 1703 1349 1364 1545 84 1489 1058 1355 1059 0 1272 586
1191 771 525 1176 1118 1229 1273 713 755 475 1189 1457 1571 1165 1544 1500 1461 1056 528 1805 1072 1622 605 585 1140 358 763 1043 1344 1449 1109 500 1123 230 784 730 1232 370 1771 773 477 1272 0 1299
907 566 1134 891 1574 660 608 1190 814 1621 905 620 735 880 859 814 776 309 1471 968 996 785 1215 1333 769 1022 1372 1162 658 612 1160 1391 1579 1376 1240 1422 546 1516 935 1382 1087 586 1299 0
EOF