NAME : tsp_problem
TYPE : TSP
DIMENSION : 62
EDGE_WEIGHT_TYPE : EXPLICIT
EDGE_WEIGHT_FORMAT : FULL_MATRIX
EDGE_WEIGHT_SECTION
0 757 677 517 155 107 104 96 410 279 607 569 267 279 381 466 229 238 169 402 469 559 282 121 618 445 995 999 510 441 995 347 959 369 710 565 548 177 183 995 422 634 455 582 287 148 394 215 677 456 1017 355 589 995 630 191 396 995 119 333 537 291
757 0 108 364 797 774 771 738 490 680 266 302 704 612 418 437 602 596 665 491 326 296 552 788 360 533 704 989 282 529 704 453 668 533 187 412 636 777 774 704 438 415 402 210 602 686 404 665 110 377 726 616 317 704 348 694 514 704 757 567 625 680
677 108 0 293 717 695 691 658 410 601 187 222 625 533 339 358 523 516 585 412 247 335 472 709 394 454 625 909 203 450 625 374 588 454 266 341 557 698 695 625 367 410 330 131 523 607 325 585 75 298 646 537 237 625 405 615 435 625 677 488 546 601
517 364 293 0 641 593 590 448 520 391 297 110 415 323 434 467 617 307 376 202 342 100 263 607 131 244 734 799 312 240 734 468 698 563 276 98 347 663 485 734 132 147 96 241 313 397 419 375 292 216 756 327 347 734 142 405 544 734 467 598 336 391
155 797 717 641 0 70 67 220 450 345 647 693 391 404 421 506 269 363 294 527 509 683 407 111 742 570 1035 1124 550 565 1035 387 999 409 834 689 673 132 308 1035 547 759 580 622 411 273 434 340 717 580 1057 479 629 1035 754 316 436 1035 244 373 661 415
107 774 695 593 70 0 36 172 427 296 624 645 343 356 399 483 246 314 245 479 487 635 358 63 694 522 1013 1076 528 517 1013 365 976 387 786 641 625 119 260 1013 499 710 532 599 363 224 412 292 694 532 1034 431 606 1013 706 268 413 1013 196 350 613 367
104 771 691 590 67 36 0 169 424 293 621 642 340 352 395 480 243 311 242 476 483 632 355 60 691 518 1009 1073 524 514 1009 361 973 383 783 638 621 116 256 1009 495 707 528 596 360 221 408 288 691 529 1031 428 603 1009 703 264 410 1009 192 346 610 364
96 738 658 448 220 172 169 0 475 335 594 500 198 267 446 530 293 170 101 334 474 490 214 186 549 377 1031 931 497 372 1031 412 995 434 641 496 480 242 115 1031 354 566 387 569 274 80 459 203 658 387 1053 286 644 1031 561 179 460 1031 107 397 468 222
410 490 410 520 450 427 424 475 0 450 254 450 646 521 408 120 220 617 548 570 400 562 613 441 621 613 618 902 355 608 618 374 581 216 564 568 716 430 562 618 590 637 557 315 533 527 421 578 410 525 639 677 211 617 633 570 197 618 498 198 705 669
279 680 601 391 345 296 293 335 450 0 536 443 346 102 422 506 269 238 307 277 417 433 194 311 492 319 974 874 440 315 974 388 938 410 584 439 422 366 416 974 296 508 329 512 114 328 435 159 600 330 995 258 587 974 504 189 436 974 251 373 411 322
607 266 187 297 647 624 621 594 254 536 0 226 560 468 268 201 442 452 521 347 176 338 408 638 398 390 468 753 132 385 468 303 432 298 341 345 493 627 630 468 367 414 334 92 458 542 254 521 187 302 490 472 81 468 409 550 279 468 613 332 481 537
569 302 222 110 693 645 642 500 450 443 226 0 467 375 378 397 562 358 427 253 286 152 314 659 211 296 664 850 242 292 664 413 628 493 206 158 399 715 537 664 184 228 148 170 365 449 364 427 222 166 685 379 277 664 223 457 474 664 519 527 388 443
267 704 625 415 391 343 340 198 646 346 560 467 0 278 533 701 464 262 221 300 441 457 218 357 516 343 998 897 464 339 998 567 961 605 608 463 446 413 107 998 320 532 353 536 268 200 518 331 624 354 1019 136 611 998 528 350 631 998 278 568 435 175
279 612 533 323 404 356 352 267 521 102 468 375 278 0 440 577 340 170 239 208 348 364 126 370 424 251 906 805 372 247 906 459 869 481 516 370 354 426 348 906 228 440 261 444 46 260 426 91 532 261 927 190 518 906 435 120 507 906 183 444 343 254
381 418 339 434 421 399 395 446 408 422 268 378 533 440 0 439 226 424 493 319 131 475 380 413 535 362 706 916 172 358 706 101 670 367 493 482 465 402 534 706 339 551 372 244 431 498 56 493 339 373 728 445 319 706 546 522 393 706 470 330 454 509
466 437 358 467 506 483 480 530 120 506 201 397 701 577 439 0 276 622 604 517 347 509 578 497 568 560 565 850 303 556 565 430 529 164 511 515 663 486 618 565 537 584 505 262 589 583 425 634 357 472 586 643 158 565 580 626 145 565 554 198 652 707
229 602 523 617 269 246 243 293 220 269 442 562 464 340 226 276 0 436 367 503 315 659 432 260 718 546 806 1091 355 541 806 193 770 180 676 665 649 249 381 806 523 735 556 427 352 346 239 397 522 556 827 496 399 806 730 389 206 806 317 143 637 488
238 596 516 307 363 314 311 170 617 238 452 358 262 170 424 622 436 0 192 192 332 348 109 328 408 235 889 789 355 230 889 459 853 576 500 354 338 384 206 890 212 424 245 427 160 171 410 222 516 245 911 174 502 889 419 252 603 889 249 540 326 238
169 665 585 376 294 245 242 101 548 307 521 427 221 239 493 604 367 192 0 261 401 417 178 260 477 304 958 858 424 299 958 486 922 508 569 423 407 315 137 959 281 493 314 496 229 102 479 276 585 314 980 243 571 958 488 252 534 958 180 471 395 244
402 491 412 202 527 479 476 334 570 277 347 253 300 208 319 517 503 192 261 0 227 243 148 493 303 130 785 632 251 125 785 354 748 614 395 249 181 549 371 785 107 319 140 322 198 282 305 261 411 140 806 213 397 784 314 290 595 785 353 607 170 277
469 326 247 342 509 487 483 474 400 417 176 286 441 348 131 347 315 332 401 227 0 383 288 501 443 270 614 824 80 266 614 166 578 443 401 390 373 490 511 614 247 459 280 152 339 422 117 401 247 280 636 353 227 614 454 430 424 614 493 419 362 417
559 296 335 100 683 635 632 490 562 433 338 152 457 364 475 509 659 348 417 243 383 0 304 649 201 286 776 840 354 282 776 510 740 605 213 148 389 705 527 776 174 217 138 282 355 438 461 417 334 257 798 369 389 776 213 446 586 776 509 639 378 433
282 552 472 263 407 358 355 214 613 194 408 314 218 126 380 578 432 109 178 148 288 304 0 373 364 191 845 745 311 186 846 415 809 572 456 310 294 428 250 846 168 380 201 383 116 200 366 178 472 201 867 130 458 845 375 208 599 845 270 536 282 194
121 788 709 607 111 63 60 186 441 311 638 659 357 370 413 497 260 328 260 493 501 649 373 0 708 536 1027 1090 542 531 1027 379 991 401 800 655 639 67 274 1027 513 725 546 614 377 238 426 306 708 546 1048 445 620 1027 720 282 427 1027 210 364 627 381
618 360 394 131 742 694 691 549 621 492 398 211 516 424 535 568 718 408 477 303 443 201 364 708 0 345 835 900 413 341 835 569 799 664 277 84 448 764 586 835 233 132 197 342 414 498 520 477 394 317 857 428 448 835 44 506 645 835 568 699 437 492
445 533 454 244 570 522 518 377 613 319 390 296 343 251 362 560 546 235 304 130 270 286 191 536 345 0 827 586 293 92 827 397 791 656 437 292 135 591 413 827 150 362 183 365 241 325 348 304 454 183 849 255 440 827 357 333 637 827 396 650 124 320
995 704 625 734 1035 1013 1009 1031 618 974 468 664 998 906 706 565 806 889 958 785 614 776 845 1027 835 827 0 393 570 823 31 740 71 661 778 782 914 1016 1068 31 804 851 772 529 896 980 692 958 624 739 38 910 445 31 847 988 642 31 1050 695 855 974
999 989 909 799 1124 1076 1073 931 902 874 753 850 897 805 916 850 1091 789 858 632 824 840 745 1090 900 586 393 0 848 591 393 951 341 946 992 846 569 1146 968 393 704 916 737 814 795 879 902 858 909 737 414 810 729 393 911 887 927 393 950 980 509 874
510 282 203 312 550 528 524 497 355 440 132 242 464 372 172 303 355 355 424 251 80 354 311 542 413 293 570 848 0 289 570 206 533 399 357 360 396 531 534 570 270 430 303 108 362 446 158 424 202 304 591 376 182 570 425 454 380 570 516 433 385 440
441 529 450 240 565 517 514 372 608 315 385 292 339 247 358 556 541 230 299 125 266 282 186 531 341 92 823 591 289 0 823 392 787 652 433 288 140 587 409 823 145 357 178 361 237 321 343 299 449 179 844 251 436 823 353 329 633 823 391 645 128 315
995 704 625 734 1035 1013 1009 1031 618 974 468 664 998 906 706 565 806 889 958 785 614 776 846 1027 835 827 31 393 570 823 0 740 72 661 779 782 914 1016 1068 31 804 851 772 529 896 980 692 958 624 739 38 910 445 31 847 988 642 31 1050 695 855 974
347 453 374 468 387 365 361 412 374 388 303 413 567 459 101 430 193 459 486 354 166 510 415 379 569 397 740 951 206 392 740 0 704 333 527 516 500 368 500 741 374 586 407 278 465 464 90 516 373 407 762 479 353 740 581 508 360 740 436 297 488 544
959 668 588 698 999 976 973 995 581 938 432 628 961 869 670 529 770 853 922 748 578 740 809 991 799 791 71 341 533 787 72 704 0 625 742 746 863 980 1032 72 768 815 735 493 859 943 655 922 588 703 93 874 408 71 811 951 606 71 1014 659 803 938
369 533 454 563 409 387 383 434 216 410 298 493 605 481 367 164 180 576 508 614 443 605 572 401 664 656 661 946 399 652 661 333 625 0 608 611 759 390 522 661 633 681 601 359 492 486 380 538 454 568 683 637 255 661 676 530 221 661 458 158 748 629
710 187 266 276 834 786 783 641 564 584 341 206 608 516 493 511 676 500 569 395 401 213 456 800 277 437 778 992 357 433 779 527 742 608 0 324 540 852 678 779 350 332 313 285 506 590 479 569 268 281 800 520 391 778 265 598 589 779 660 642 529 584
565 412 341 98 689 641 638 496 568 439 345 158 463 370 482 515 665 354 423 249 390 148 310 655 84 292 782 846 360 288 782 516 746 611 324 0 395 711 533 782 180 100 144 288 361 444 467 423 340 264 804 375 395 782 95 452 592 782 515 645 384 439
548 636 557 347 673 625 621 480 716 422 493 399 446 354 465 663 649 338 407 181 373 389 294 639 448 135 914 569 396 140 914 500 863 759 540 395 0 694 516 914 253 465 286 468 344 428 451 407 557 286 936 358 543 914 460 436 740 914 499 753 106 422
177 777 698 663 132 119 116 242 430 366 627 715 413 426 402 486 249 384 315 549 490 705 428 67 764 591 1016 1146 531 587 1016 368 980 390 852 711 694 0 330 1016 568 780 602 603 433 294 415 362 698 602 1038 501 609 1016 776 337 416 1016 265 353 683 437
183 774 695 485 308 260 256 115 562 416 630 537 107 348 534 618 381 206 137 371 511 527 250 274 586 413 1068 968 534 409 1068 500 1032 522 678 533 516 330 0 1068 390 602 423 606 338 116 547 290 695 424 1090 195 681 1068 598 266 548 1068 194 485 505 130
995 704 625 734 1035 1013 1009 1031 618 974 468 664 998 906 706 565 806 890 959 785 614 776 846 1027 835 827 31 393 570 823 31 741 72 661 779 782 914 1016 1068 0 804 852 772 529 896 980 692 958 624 739 38 910 445 31 847 988 642 31 1050 695 855 974
422 438 367 132 547 499 495 354 590 296 367 184 320 228 339 537 523 212 281 107 247 174 168 513 233 150 804 704 270 145 804 374 768 633 350 180 253 568 390 804 0 250 71 314 218 302 325 281 366 121 826 232 417 804 245 310 614 804 373 627 241 297
634 415 410 147 759 710 707 566 637 508 414 228 532 440 551 584 735 424 493 319 459 217 380 725 132 362 851 916 430 357 851 586 815 681 332 100 465 780 602 852 250 0 213 358 430 514 537 493 410 333 873 444 464 851 144 522 662 851 585 715 453 508
455 402 330 96 580 532 528 387 557 329 334 148 353 261 372 505 556 245 314 140 280 138 201 546 197 183 772 737 303 178 772 407 735 601 313 144 286 602 423 772 71 213 0 278 251 335 358 314 330 154 793 265 384 772 209 343 582 772 406 635 274 330
582 210 131 241 622 599 596 569 315 512 92 170 536 444 244 262 427 427 496 322 152 282 383 614 342 365 529 814 108 361 529 278 493 359 285 288 468 603 606 529 314 358 278 0 434 518 229 496 131 246 551 448 142 529 353 526 340 529 588 393 457 512
287 602 523 313 411 363 360 274 533 114 458 365 268 46 431 589 352 160 229 198 339 355 116 377 414 241 896 795 362 237 896 465 859 492 506 361 344 433 338 896 218 430 251 434 0 250 416 98 522 252 917 180 509 896 425 128 519 896 190 456 333 244
148 686 607 397 273 224 221 80 527 328 542 449 200 260 498 583 346 171 102 282 422 438 200 238 498 325 980 879 446 321 980 464 943 486 590 444 428 294 116 980 302 514 335 518 250 0 500 255 606 335 1001 264 592 980 509 231 513 980 159 450 417 223
394 404 325 419 434 412 408 459 421 435 254 364 518 426 56 425 239 410 479 305 117 461 366 426 520 348 692 902 158 343 692 90 655 380 479 467 451 415 547 692 325 537 358 229 416 500 0 479 324 358 713 430 304 691 532 508 406 692 482 343 439 495
215 665 585 375 340 292 288 203 578 159 521 427 331 91 493 634 397 222 276 261 401 417 178 306 477 304 958 858 424 299 958 516 922 538 569 423 407 362 290 958 281 493 314 496 98 255 479 0 585 314 980 243 571 958 488 173 564 958 119 501 395 307
677 110 75 292 717 694 691 658 410 600 187 222 624 532 339 357 522 516 585 411 247 334 472 708 394 454 624 909 202 449 624 373 588 454 268 340 557 698 695 624 366 410 330 131 522 606 324 585 0 297 646 536 237 624 405 614 434 624 677 488 545 601
456 377 298 216 580 532 529 387 525 330 302 166 354 261 373 472 556 245 314 140 280 257 201 546 317 183 739 737 304 179 739 407 703 568 281 264 286 602 424 739 121 333 154 246 252 335 358 314 297 0 761 266 352 739 328 343 549 739 406 603 275 330
1017 726 646 756 1057 1034 1031 1053 639 995 490 685 1019 927 728 586 827 911 980 806 636 798 867 1048 857 849 38 414 591 844 38 762 93 683 800 804 936 1038 1090 38 826 873 793 551 917 1001 713 980 646 761 0 931 466 38 869 1009 664 38 1072 717 876 996
355 616 537 327 479 431 428 286 677 258 472 379 136 190 445 643 496 174 243 213 353 369 130 445 428 255 910 810 376 251 910 479 874 637 520 375 358 501 195 910 232 444 265 448 180 264 430 243 536 266 931 0 523 910 440 272 663 910 335 600 347 112
589 317 237 347 629 606 603 644 211 587 81 277 611 518 319 158 399 502 571 397 227 389 458 620 448 440 445 729 182 436 445 353 408 255 391 395 543 609 681 445 417 464 384 142 509 592 304 571 237 352 466 523 0 445 460 600 236 445 663 289 532 587
995 704 625 734 1035 1013 1009 1031 617 974 468 664 998 906 706 565 806 889 958 784 614 776 845 1027 835 827 31 393 570 823 31 740 71 661 778 782 914 1016 1068 31 804 851 772 529 896 980 691 958 624 739 38 910 445 0 847 988 642 31 1050 695 855 974
630 348 405 142 754 706 703 561 633 504 409 223 528 435 546 580 730 419 488 314 454 213 375 720 44 357 847 911 425 353 847 581 811 676 265 95 460 776 598 847 245 144 209 353 425 509 532 488 405 328 869 440 460 847 0 517 657 847 580 710 449 504
191 694 615 405 316 268 264 179 570 189 550 457 350 120 522 626 389 252 252 290 430 446 208 282 506 333 988 887 454 329 988 508 951 530 598 452 436 337 266 988 310 522 343 526 128 231 508 173 614 343 1009 272 600 988 517 0 556 988 95 493 425 336
396 514 435 544 436 413 410 460 197 436 279 474 631 507 393 145 206 603 534 595 424 586 599 427 645 637 642 927 380 633 642 360 606 221 589 592 740 416 548 642 614 662 582 340 519 513 406 564 434 549 664 663 236 642 657 556 0 642 484 184 729 655
995 704 625 734 1035 1013 1009 1031 618 974 468 664 998 906 706 565 806 889 958 785 614 776 845 1027 835 827 31 393 570 823 31 740 71 661 779 782 914 1016 1068 31 804 851 772 529 896 980 692 958 624 739 38 910 445 31 847 988 642 0 1050 695 855 974
119 757 677 467 244 196 192 107 498 251 613 519 278 183 470 554 317 249 180 353 493 509 270 210 568 396 1050 950 516 391 1050 436 1014 458 660 515 499 265 194 1050 373 585 406 588 190 159 482 119 677 406 1072 335 663 1050 580 95 484 1050 0 421 487 301
333 567 488 598 373 350 346 397 198 373 332 527 568 444 330 198 143 540 471 607 419 639 536 364 699 650 695 980 433 645 695 297 659 158 642 645 753 353 485 695 627 715 635 393 456 450 343 501 488 603 717 600 289 695 710 493 184 695 421 0 741 592
537 625 546 336 661 613 610 468 705 411 481 388 435 343 454 652 637 326 395 170 362 378 282 627 437 124 855 509 385 128 855 488 803 748 529 384 106 683 505 855 241 453 274 457 333 417 439 395 545 275 876 347 532 855 449 425 729 855 487 741 0 411
291 680 601 391 415 367 364 222 669 322 537 443 175 254 509 707 488 238 244 277 417 433 194 381 492 320 974 874 440 315 974 544 938 629 584 439 422 437 130 974 297 508 330 512 244 223 495 307 601 330 996 112 587 974 504 336 655 974 301 592 411 0
EOF