NAME : tsp_problem
TYPE : TSP
DIMENSION : 88
EDGE_WEIGHT_TYPE : EXPLICIT
EDGE_WEIGHT_FORMAT : FULL_MATRIX
EDGE_WEIGHT_SECTION
0 155 134 211 228 393 737 307 600 585 141 596 268 345 407 691 612 98 585 206 340 758 602 350 819 74 228 774 766 540 586 440 165 733 483 158 82 1079 442 758 645 598 717 588 659 214 789 628 472 484 455 391 624 1069 453 143 648 219 22 224 156 196 717 682 525 376 700 395 138 529 620 185 520 568 416 492 518 504 771 411 533 219 610 215 693 556 559 662
155 0 201 277 287 326 670 352 533 518 93 529 335 307 340 624 545 164 518 158 273 691 677 425 787 141 180 707 734 472 519 515 240 665 510 224 113 1012 375 691 578 530 649 521 592 280 722 561 518 417 530 324 557 1038 528 95 636 171 148 290 108 270 650 614 600 451 633 470 205 462 553 252 453 643 349 567 450 437 704 344 466 294 543 282 625 489 492 595
134 201 0 150 167 288 633 246 496 481 186 492 207 270 302 586 508 64 481 251 236 654 646 404 750 87 274 669 697 435 482 494 219 628 473 96 127 975 338 654 540 493 612 484 555 153 685 523 480 379 509 287 520 1000 506 189 598 264 127 163 202 249 613 577 579 430 596 449 77 425 515 124 416 622 311 546 413 400 667 307 429 273 506 154 588 452 454 558
211 277 150 0 244 354 698 155 561 546 263 557 116 189 368 652 573 141 546 328 301 719 711 481 815 164 351 735 763 500 547 571 296 694 538 173 204 1040 403 719 606 559 678 549 620 230 750 589 546 445 586 352 585 1066 571 266 664 341 204 72 279 326 678 643 656 507 661 526 154 490 581 201 481 699 377 623 479 465 732 372 494 350 571 231 653 517 520 623
228 287 167 244 0 192 537 219 400 385 280 396 258 174 206 490 412 158 385 222 140 558 550 498 654 181 197 573 601 339 385 588 313 532 377 190 221 879 242 558 444 397 516 388 459 168 589 427 384 283 603 191 423 904 410 283 502 210 221 257 271 343 516 481 622 484 500 543 171 328 419 196 320 577 215 640 317 304 570 211 333 367 410 166 492 355 358 461
393 326 288 354 192 0 432 257 295 280 337 291 297 213 101 385 307 322 280 261 83 453 445 401 549 346 236 468 496 234 281 597 447 427 272 265 386 722 137 453 339 292 411 283 354 206 484 322 279 178 595 86 319 799 305 322 397 248 386 341 310 508 412 376 517 379 395 610 282 224 314 235 163 472 110 555 212 199 466 106 228 531 305 205 387 251 253 357
737 670 633 698 537 432 0 602 406 391 682 402 641 557 446 404 159 667 314 606 427 50 305 441 284 690 580 125 339 251 185 457 620 174 312 609 730 835 417 154 295 179 54 180 368 551 165 151 319 458 455 391 148 660 345 667 258 593 730 685 654 744 53 415 378 419 246 506 627 231 407 580 559 333 455 416 242 286 63 450 484 736 286 550 367 223 243 434
307 352 246 155 219 257 602 0 465 450 359 461 176 92 271 555 477 237 450 288 205 623 615 571 719 260 262 639 666 404 451 667 393 597 442 270 300 944 307 623 509 462 581 453 524 233 654 492 449 348 682 256 489 969 475 349 567 275 301 168 336 423 582 546 688 549 565 622 250 394 484 262 385 642 280 719 382 369 636 276 398 446 475 232 557 421 423 527
600 533 496 561 400 295 406 465 0 85 545 96 504 420 309 141 281 530 230 469 290 427 488 608 539 553 443 404 539 184 368 640 655 362 479 472 593 981 202 388 235 361 386 257 159 414 419 334 487 152 638 239 293 842 513 530 440 456 594 548 517 716 386 132 560 587 360 689 490 243 120 443 422 515 318 598 254 149 440 313 105 739 255 413 182 406 204 112
585 518 481 546 385 280 391 450 85 0 530 54 489 405 294 169 266 515 215 454 275 412 473 593 477 538 428 343 524 169 353 625 640 301 464 457 578 966 240 327 174 346 371 242 98 399 358 319 472 209 623 224 278 827 498 515 425 441 579 533 502 701 371 167 545 572 299 674 475 228 59 428 407 500 303 583 239 134 407 298 163 724 205 398 131 391 189 147
141 93 186 263 280 337 682 359 545 530 0 541 320 319 352 636 557 150 530 143 285 703 662 411 799 126 166 719 746 484 531 500 226 677 522 210 99 1024 387 703 590 542 661 533 604 266 734 573 530 429 515 336 569 1050 514 81 648 156 134 276 94 256 662 626 585 436 645 455 190 474 565 237 465 629 360 553 462 449 716 356 478 279 555 267 637 501 504 607
596 529 492 557 396 291 402 461 96 54 541 0 500 416 305 161 277 526 225 464 286 411 484 604 470 549 439 335 524 180 363 635 650 293 475 468 589 977 251 319 166 357 381 253 90 410 350 330 483 220 633 235 289 838 508 526 436 452 589 544 513 711 382 172 556 582 291 684 486 239 51 439 418 511 314 594 250 144 399 309 174 735 197 408 123 401 199 158
268 335 207 116 258 297 641 176 504 489 320 500 0 132 311 595 516 198 489 327 244 662 654 538 758 221 301 678 705 443 490 628 353 636 481 230 261 983 346 662 549 502 621 492 563 272 693 532 489 388 643 295 528 1009 514 323 607 314 261 129 336 383 621 585 713 564 604 583 211 433 524 258 424 682 320 680 421 408 675 315 437 407 514 271 596 460 463 566
345 307 270 189 174 213 557 92 420 405 319 416 132 0 227 511 432 275 405 243 160 578 570 526 674 298 217 594 621 359 406 648 429 552 397 246 338 899 262 578 465 417 536 408 479 188 609 448 405 304 663 211 444 925 430 304 523 230 338 176 291 460 537 501 643 504 520 603 264 349 440 217 340 598 236 681 337 324 591 231 353 484 430 187 512 376 379 482
407 340 302 368 206 101 446 271 309 294 352 305 311 227 0 399 321 336 294 275 97 467 459 415 563 360 250 483 510 248 295 611 461 441 286 279 400 708 151 467 353 306 425 297 368 220 498 337 294 192 609 100 333 814 319 336 411 262 400 355 324 522 426 390 532 393 409 624 296 238 328 249 149 486 124 570 226 213 480 120 242 545 319 219 401 265 268 371
691 624 586 652 490 385 404 555 141 169 636 161 595 511 399 0 372 620 196 559 381 383 578 699 441 644 534 306 495 275 458 730 745 265 570 563 684 1072 315 290 138 452 426 348 96 504 322 424 578 265 728 330 384 933 603 621 531 546 684 639 608 806 424 39 651 677 262 779 580 333 135 533 513 606 408 689 345 239 370 404 219 829 168 503 69 496 294 58
612 545 508 573 412 307 159 477 281 266 557 277 516 432 321 372 0 542 266 481 302 180 241 377 345 565 455 256 292 126 121 393 556 305 248 484 605 771 292 284 326 115 139 116 340 426 296 87 255 333 391 266 84 596 281 542 193 468 605 560 529 680 139 362 314 355 232 442 502 106 301 455 434 268 330 352 117 162 193 325 359 672 291 425 373 159 118 343
98 164 64 141 158 322 667 237 530 515 150 526 198 275 336 620 542 0 515 214 270 688 619 368 784 61 237 703 731 469 516 457 183 662 501 87 91 1009 372 688 574 527 646 518 589 144 719 557 489 413 472 321 554 1034 471 152 632 227 91 154 165 213 647 611 542 393 630 412 68 459 549 115 450 586 345 510 447 434 701 341 463 236 540 145 622 486 488 592
585 518 481 546 385 280 314 450 230 215 530 225 489 405 294 196 266 515 0 454 275 293 473 593 351 538 428 216 405 169 353 625 640 175 464 457 578 966 240 201 87 346 336 242 160 399 232 319 472 282 623 224 278 827 498 515 425 441 578 533 502 700 334 207 545 572 173 673 475 228 199 428 407 500 303 583 239 134 281 298 308 724 78 398 159 391 188 226
206 158 251 328 222 261 606 288 469 454 143 464 327 243 275 559 481 214 454 0 209 627 619 460 723 191 118 642 670 408 454 549 291 601 446 275 164 948 311 627 513 466 585 457 528 237 658 496 453 352 564 260 492 973 479 146 571 131 199 341 159 321 585 550 634 485 569 504 255 397 488 265 389 646 284 602 386 372 639 280 402 344 479 235 561 424 427 530
340 273 236 301 140 83 427 205 290 275 285 286 244 160 97 381 302 270 275 209 0 448 440 396 544 293 183 464 491 229 276 592 395 422 267 212 333 769 132 448 335 288 407 278 349 154 479 318 275 174 590 81 314 795 300 270 393 196 334 288 257 456 407 371 513 374 390 569 230 219 310 183 210 468 106 551 207 194 461 101 223 479 300 153 382 246 249 352
758 691 654 719 558 453 50 623 427 412 703 411 662 578 467 383 180 688 293 627 448 0 326 462 263 711 601 129 318 272 206 478 641 153 333 630 751 856 438 133 274 200 72 201 347 572 144 172 340 479 476 412 169 681 366 688 279 614 751 706 675 765 70 394 399 440 225 527 648 252 386 601 580 354 476 437 263 307 80 471 505 757 265 571 346 244 264 413
602 677 646 711 550 445 305 615 488 473 662 484 654 570 459 578 241 619 473 619 440 326 0 448 256 596 593 401 204 332 192 191 465 438 319 622 603 682 494 418 532 186 285 261 547 564 374 190 326 536 189 443 230 507 352 665 86 606 595 698 667 589 285 569 112 426 439 240 640 312 507 593 572 87 468 150 324 368 339 463 565 581 498 563 580 230 324 549
350 425 404 481 498 401 441 571 608 593 411 604 538 526 415 699 377 368 593 460 396 462 448 0 552 344 434 537 499 468 283 289 214 586 167 428 352 977 450 566 653 295 420 397 667 484 577 325 156 492 303 399 365 802 137 413 400 447 344 494 426 338 421 690 373 207 574 243 408 448 628 455 528 417 424 341 459 504 475 419 541 330 618 485 700 253 460 670
819 787 750 815 654 549 284 719 539 477 799 470 758 674 563 441 345 784 351 723 544 263 256 552 0 807 697 187 84 436 296 408 683 211 423 726 820 786 564 191 332 290 306 365 405 668 147 294 430 605 406 548 334 611 456 784 209 710 812 802 771 806 305 452 329 530 283 457 744 416 444 697 676 284 572 367 428 457 251 567 616 798 323 667 404 334 428 471
74 141 87 164 181 346 690 260 553 538 126 549 221 298 360 644 565 61 538 191 293 711 596 344 807 0 214 727 755 493 539 434 159 686 477 111 67 1032 395 711 598 551 670 541 612 167 742 581 466 437 449 344 577 1058 447 129 642 204 68 177 142 190 670 635 519 370 653 389 91 482 573 138 473 562 369 486 471 457 724 364 486 213 563 168 646 509 512 615
228 180 274 351 197 236 580 262 443 428 166 439 301 217 250 534 455 237 428 118 183 601 593 434 697 214 0 617 644 382 429 524 304 575 420 269 187 922 285 601 488 440 559 431 502 211 632 471 428 327 539 234 467 948 453 169 546 106 222 345 167 344 560 524 609 460 543 479 278 372 463 240 363 621 259 576 360 347 614 254 376 367 453 210 535 399 402 505
774 707 669 735 573 468 125 639 404 343 719 335 678 594 483 306 256 703 216 642 464 129 401 537 187 727 617 0 241 333 281 553 717 76 408 646 767 931 429 56 198 275 147 276 270 587 68 247 415 471 551 413 244 756 441 704 354 629 767 722 691 840 145 317 474 515 148 602 664 313 309 616 596 429 491 512 324 322 116 487 481 832 189 586 269 319 325 336
766 734 697 763 601 496 339 666 539 524 746 524 705 621 510 495 292 731 405 670 491 318 204 499 84 755 644 241 0 383 243 356 630 265 370 673 768 733 546 245 387 237 336 313 459 615 201 241 377 587 354 495 281 558 403 731 156 657 759 749 718 753 336 506 276 477 337 404 691 364 498 644 624 231 519 314 375 419 305 515 617 745 378 614 458 281 375 525
540 472 435 500 339 234 251 404 184 169 484 180 443 359 248 275 126 469 169 408 229 272 332 468 436 493 382 333 383 0 212 484 594 291 339 411 532 862 194 317 229 206 230 102 243 353 348 178 346 236 482 178 137 687 372 469 285 395 533 487 456 655 230 265 405 446 214 533 429 87 204 382 362 360 257 443 99 88 284 252 262 678 194 352 276 250 99 246
586 519 482 547 385 281 185 451 368 353 531 363 490 406 295 458 121 516 353 454 276 206 192 283 296 539 429 281 243 212 0 344 463 330 154 458 579 722 330 310 412 39 165 141 427 400 321 70 162 372 342 279 110 547 188 516 145 442 579 534 503 587 165 449 265 262 319 393 476 192 387 428 408 220 304 303 204 248 219 299 421 579 378 398 460 66 204 429
440 515 494 571 588 597 457 667 640 625 500 635 628 648 611 730 393 457 625 549 592 478 191 289 408 434 524 553 356 484 344 0 304 590 421 517 441 834 646 570 684 338 437 413 699 574 526 342 410 688 224 595 382 659 392 503 238 537 433 584 516 427 437 721 147 314 591 172 498 464 659 545 724 158 620 185 476 520 491 615 717 419 650 575 732 382 476 701
165 240 219 296 313 447 620 393 655 640 226 650 353 429 461 745 556 183 640 291 395 641 465 214 683 159 304 717 630 594 463 304 0 766 347 243 167 1108 497 745 699 475 600 577 714 299 757 505 335 538 318 446 545 933 317 228 512 304 159 309 241 153 600 736 388 240 754 258 223 583 674 270 575 432 470 356 572 558 654 466 588 176 665 301 747 433 613 716
733 665 628 694 532 427 174 597 362 301 677 293 636 552 441 265 305 662 175 601 422 153 438 586 211 686 575 76 265 291 330 590 766 0 457 604 726 968 388 80 156 324 196 286 229 546 92 296 464 429 588 371 293 793 490 662 391 588 726 681 649 848 194 276 511 564 107 639 622 272 268 575 555 466 450 549 283 281 141 446 440 871 147 545 228 368 283 295
483 510 473 538 377 272 312 442 479 464 522 475 481 397 286 570 248 501 464 446 267 333 319 167 423 477 420 408 370 339 154 421 347 457 0 449 485 848 321 437 524 166 291 268 538 391 448 196 65 363 436 270 236 673 71 507 271 433 476 525 494 470 291 561 391 145 445 376 467 319 499 420 399 346 295 429 330 375 345 290 412 462 489 390 571 124 331 541
158 224 96 173 190 265 609 270 472 457 210 468 230 246 279 563 484 87 457 275 212 630 622 428 726 111 269 646 673 411 458 517 243 604 449 0 151 951 314 630 517 469 588 460 531 176 661 500 457 356 532 263 496 977 482 212 575 282 151 186 225 273 589 553 602 454 572 472 100 401 492 147 392 646 288 570 389 376 643 283 405 297 482 178 564 428 431 534
82 113 127 204 221 386 730 300 593 578 99 589 261 338 400 684 605 91 578 164 333 751 603 352 820 67 187 767 768 532 579 441 167 726 485 151 0 1072 435 751 638 591 710 581 652 207 782 621 473 477 456 384 617 1071 455 102 650 177 75 217 115 197 710 675 526 377 693 396 131 522 613 178 513 570 409 494 511 497 764 404 526 220 603 208 685 549 552 655
1079 1012 975 1040 879 722 835 944 981 966 1024 977 983 899 708 1072 771 1009 966 948 769 856 682 977 786 1032 922 931 733 862 722 834 1108 968 848 951 1072 0 823 948 1026 715 814 791 1040 893 904 719 856 865 832 772 759 313 881 1009 635 935 1072 1027 996 1194 815 1062 755 956 968 883 969 842 1001 922 640 710 696 793 853 885 869 700 914 1218 991 892 1073 760 854 1043
442 375 338 403 242 137 417 307 202 240 387 251 346 262 151 315 292 372 240 311 132 438 494 450 564 395 285 429 546 194 330 646 497 388 321 314 435 823 0 413 300 342 396 268 314 256 444 344 329 134 644 81 303 849 355 372 447 298 436 390 359 558 396 306 567 429 380 659 332 234 275 285 264 522 160 605 223 159 450 155 119 581 265 255 347 300 214 286
758 691 654 719 558 453 154 623 388 327 703 319 662 578 467 290 284 688 201 627 448 133 418 566 191 711 601 56 245 317 310 570 745 80 437 630 751 948 413 0 182 304 176 305 255 572 72 276 444 455 568 397 273 773 470 688 370 614 751 706 675 869 174 301 491 544 132 619 648 297 293 601 580 445 476 529 309 307 120 471 466 861 173 571 253 348 309 321
645 578 540 606 444 339 295 509 235 174 590 166 549 465 353 138 326 574 87 513 335 274 532 653 332 598 488 198 387 229 412 684 699 156 524 517 638 1026 300 182 0 406 317 302 102 458 213 378 532 341 682 284 338 887 557 575 485 500 638 593 562 760 315 148 605 631 154 733 534 287 140 487 467 560 362 643 299 193 262 358 313 783 60 457 100 450 248 168
598 530 493 559 397 292 179 462 361 346 542 357 502 417 306 452 115 527 346 466 288 200 186 295 290 551 440 275 237 206 39 338 475 324 166 469 591 715 342 304 406 0 158 135 420 411 315 63 174 383 336 291 103 540 199 527 138 453 591 546 514 598 159 443 258 273 312 386 487 186 381 440 420 213 315 296 197 242 213 311 433 590 371 410 453 77 198 423
717 649 612 678 516 411 54 581 386 371 661 381 621 536 425 426 139 646 336 585 407 72 285 420 306 670 559 147 336 230 165 437 600 196 291 588 710 814 396 176 317 158 0 159 390 530 187 131 299 438 434 371 128 639 324 646 237 572 710 665 633 723 75 436 357 398 268 485 606 210 405 559 539 312 434 395 222 266 84 430 463 715 308 529 388 202 222 447
588 521 484 549 388 283 180 453 257 242 533 253 492 408 297 348 116 518 242 457 278 201 261 397 365 541 431 276 313 102 141 413 577 286 268 460 581 791 268 305 302 135 159 0 316 402 316 107 275 309 411 242 104 616 301 518 214 444 582 536 505 700 160 339 334 375 208 462 478 82 277 431 410 289 306 372 93 138 214 301 335 692 267 401 349 179 94 319
659 592 555 620 459 354 368 524 159 98 604 90 563 479 368 96 340 589 160 528 349 347 547 667 405 612 502 270 459 243 427 699 714 229 538 531 652 1040 314 255 102 420 390 316 0 473 286 393 546 283 697 298 352 901 572 589 499 515 653 607 576 775 388 107 619 646 226 747 549 302 95 502 481 574 377 657 313 208 335 372 237 798 132 472 59 465 263 126
214 280 153 230 168 206 551 233 414 399 266 410 272 188 220 504 426 144 399 237 154 572 564 484 668 167 211 587 615 353 400 574 299 546 391 176 207 893 256 572 458 411 530 402 473 0 603 441 398 297 589 205 438 918 424 269 516 224 207 243 282 329 531 495 637 498 514 529 157 343 433 204 334 591 229 626 331 318 585 225 347 353 424 181 506 370 372 476
789 722 685 750 589 484 165 654 419 358 734 350 693 609 498 322 296 719 232 658 479 144 374 577 147 742 632 68 201 348 321 526 757 92 448 661 782 904 444 72 213 315 187 316 286 603 0 288 456 486 524 428 284 729 481 719 326 645 783 737 706 880 185 332 447 555 163 575 679 328 324 632 611 401 507 485 340 338 132 502 497 872 204 602 284 359 340 352
628 561 523 589 427 322 151 492 334 319 573 330 532 448 337 424 87 557 319 496 318 172 190 325 294 581 471 247 241 178 70 342 505 296 196 500 621 719 344 276 378 63 131 107 393 441 288 0 204 386 340 319 76 544 229 558 142 483 621 576 545 629 131 415 262 304 285 390 518 158 353 470 450 217 345 300 170 214 185 341 411 621 344 440 426 108 170 395
472 518 480 546 384 279 319 449 487 472 530 483 489 405 294 578 255 489 472 453 275 340 326 156 430 466 428 415 377 346 162 410 335 464 65 457 473 856 329 444 532 174 299 275 546 398 456 204 0 371 425 278 244 681 60 515 279 440 465 533 502 459 299 568 399 134 453 365 475 327 506 427 407 354 302 437 338 382 353 298 420 451 497 397 579 132 338 549
484 417 379 445 283 178 458 348 152 209 429 220 388 304 192 265 333 413 282 352 174 479 536 492 605 437 327 471 587 236 372 688 538 429 363 356 477 865 134 455 341 383 438 309 283 297 486 386 371 0 686 123 345 891 396 414 488 339 477 432 401 599 438 256 609 470 421 701 373 276 244 326 306 563 201 647 264 201 492 197 69 622 307 296 306 342 256 236
455 530 509 586 603 595 455 682 638 623 515 633 643 663 609 728 391 472 623 564 590 476 189 303 406 449 539 551 354 482 342 224 318 588 436 532 456 832 644 568 682 336 434 411 697 589 524 340 425 686 0 593 379 657 406 518 236 551 448 599 531 442 435 719 145 329 589 187 513 462 657 560 722 156 618 183 474 518 489 613 715 434 648 590 730 380 474 699
391 324 287 352 191 86 391 256 239 224 336 235 295 211 100 330 266 321 224 260 81 412 443 399 548 344 234 413 495 178 279 595 446 371 270 263 384 772 81 397 284 291 371 242 298 205 428 319 278 123 593 0 278 798 304 321 396 247 385 339 308 507 371 320 516 378 354 609 281 183 259 234 213 471 109 554 172 143 425 104 172 530 249 204 331 249 198 301
624 557 520 585 423 319 148 489 293 278 569 289 528 444 333 384 84 554 278 492 314 169 230 365 334 577 467 244 281 137 110 382 545 293 236 496 617 759 303 273 338 103 128 104 352 438 284 76 244 345 379 278 0 584 269 554 182 480 617 572 541 668 128 374 302 343 244 430 514 118 312 466 446 257 342 340 129 173 182 337 371 660 303 436 385 147 129 355
1069 1038 1000 1066 904 799 660 969 842 827 1050 838 1009 925 814 933 596 1034 827 973 795 681 507 802 611 1058 948 756 558 687 547 659 933 793 673 977 1071 313 849 773 887 540 639 616 901 918 729 544 681 891 657 798 584 0 706 1035 459 960 1063 1053 1022 1057 640 924 580 781 793 708 995 667 862 947 911 534 822 618 678 723 694 818 920 1049 852 917 934 585 679 904
453 528 506 571 410 305 345 475 513 498 514 508 514 430 319 603 281 471 498 479 300 366 352 137 456 447 453 441 403 372 188 392 317 490 71 482 455 881 355 470 557 199 324 301 572 424 481 229 60 396 406 304 269 706 0 516 304 466 447 558 527 441 325 594 425 116 479 346 500 352 532 453 433 379 328 444 363 408 379 323 445 433 523 423 605 158 364 574
143 95 189 266 283 322 667 349 530 515 81 526 323 304 336 621 542 152 515 146 270 688 665 413 784 129 169 704 731 469 516 503 228 662 507 212 102 1009 372 688 575 527 646 518 589 269 719 558 515 414 518 321 554 1035 516 0 632 159 136 279 96 259 647 611 588 439 630 458 193 459 549 240 450 631 345 555 447 434 701 341 463 282 540 270 622 486 489 592
648 636 598 664 502 397 258 567 440 425 648 436 607 523 411 531 193 632 425 571 393 279 86 400 209 642 546 354 156 285 145 238 512 391 271 575 650 635 447 370 485 138 237 214 499 516 326 142 279 488 236 396 182 459 304 632 0 558 641 651 620 635 237 521 158 378 391 286 592 265 460 545 525 113 420 196 276 320 291 416 518 627 450 515 532 182 277 502
219 171 264 341 210 248 593 275 456 441 156 452 314 230 262 546 468 227 441 131 196 614 606 447 710 204 106 629 657 395 442 537 304 588 433 282 177 935 298 614 500 453 572 444 515 224 645 483 440 339 551 247 480 960 466 159 558 0 212 354 172 334 573 537 621 473 556 491 268 385 475 253 376 633 271 589 373 360 627 267 389 357 466 222 548 412 414 518
22 148 127 204 221 386 730 301 594 579 134 589 261 338 400 684 605 91 578 199 334 751 595 344 812 68 222 767 759 533 579 433 159 726 476 151 75 1072 436 751 638 591 710 582 653 207 783 621 465 477 448 385 617 1063 447 136 641 212 0 217 149 189 710 675 518 369 693 388 131 522 613 178 514 562 409 485 511 497 764 404 526 212 604 209 686 549 552 655
224 290 163 72 257 341 685 168 548 533 276 544 129 176 355 639 560 154 533 341 288 706 698 494 802 177 345 722 749 487 534 584 309 681 525 186 217 1027 390 706 593 546 665 536 607 243 737 576 533 432 599 339 572 1053 558 279 651 354 217 0 292 339 665 630 669 520 648 539 167 477 568 214 468 712 364 636 466 452 719 359 481 363 558 244 640 504 507 610
156 108 202 279 271 310 654 336 517 502 94 513 336 291 324 608 529 165 502 159 257 675 667 426 771 142 167 691 718 456 503 516 241 649 494 225 115 996 359 675 562 514 633 505 576 282 706 545 502 401 531 308 541 1022 527 96 620 172 149 292 0 271 634 598 601 452 617 471 206 446 537 253 437 644 333 568 434 421 688 328 450 295 527 283 609 473 476 579
196 270 249 326 343 508 744 423 716 701 256 711 383 460 522 806 680 213 700 321 456 765 589 338 806 190 344 840 753 655 587 427 153 848 470 273 197 1194 558 869 760 598 723 700 775 329 880 629 459 599 442 507 668 1057 441 259 635 334 189 339 271 0 724 797 512 363 815 382 253 644 735 300 636 556 531 479 633 619 778 526 648 131 726 331 808 557 674 777
717 650 613 678 516 412 53 582 386 371 662 382 621 537 426 424 139 647 334 585 407 70 285 421 305 670 560 145 336 230 165 437 600 194 291 589 710 815 396 174 315 159 75 160 388 531 185 131 299 438 435 371 128 640 325 647 237 573 710 665 634 724 0 435 358 399 266 486 607 211 405 559 539 312 435 396 222 266 83 430 464 716 306 529 387 203 222 448
682 614 577 643 481 376 415 546 132 167 626 172 585 501 390 39 362 611 207 550 371 394 569 690 452 635 524 317 506 265 449 721 736 276 561 553 675 1062 306 301 148 443 436 339 107 495 332 415 568 256 719 320 374 924 594 611 521 537 675 630 598 797 435 0 642 668 273 770 571 324 146 524 504 596 399 680 335 230 381 395 209 820 179 494 80 487 285 51
525 600 579 656 622 517 378 688 560 545 585 556 713 643 532 651 314 542 545 634 513 399 112 373 329 519 609 474 276 405 265 147 388 511 391 602 526 755 567 491 605 258 357 334 619 637 447 262 399 609 145 516 302 580 425 588 158 621 518 669 601 512 358 642 0 399 511 195 583 385 580 630 645 79 540 105 396 441 412 536 638 504 570 635 653 303 397 622
376 451 430 507 484 379 419 549 587 572 436 582 564 504 393 677 355 393 572 485 374 440 426 207 530 370 460 515 477 446 262 314 240 564 145 454 377 956 429 544 631 273 398 375 646 498 555 304 134 470 329 378 343 781 116 439 378 473 369 520 452 363 399 668 399 0 553 269 434 426 606 481 507 443 402 366 438 482 453 398 520 355 597 497 679 232 438 648
700 633 596 661 500 395 246 565 360 299 645 291 604 520 409 262 232 630 173 569 390 225 439 574 283 653 543 148 337 214 319 591 754 107 445 572 693 968 380 132 154 312 268 208 226 514 163 285 453 421 589 354 244 793 479 630 391 556 693 648 617 815 266 273 511 553 0 640 590 194 265 543 522 466 418 549 205 249 212 413 437 839 145 513 225 357 206 292
395 470 449 526 543 610 506 622 689 674 455 684 583 603 624 779 442 412 673 504 569 527 240 243 457 389 479 602 404 533 393 172 258 639 376 472 396 883 659 619 733 386 485 462 747 529 575 390 365 701 187 609 430 708 346 458 286 491 388 539 471 382 486 770 195 269 640 0 453 513 708 500 737 207 633 225 524 569 540 628 750 374 698 530 781 431 525 750
138 205 77 154 171 282 627 250 490 475 190 486 211 264 296 580 502 68 475 255 230 648 640 408 744 91 278 664 691 429 476 498 223 622 467 100 131 969 332 648 534 487 606 478 549 157 679 518 475 373 513 281 514 995 500 193 592 268 131 167 206 253 607 571 583 434 590 453 0 419 509 128 410 626 305 550 407 394 661 301 423 277 500 158 582 446 449 552
529 462 425 490 328 224 231 394 243 228 474 239 433 349 238 333 106 459 228 397 219 252 312 448 416 482 372 313 364 87 192 464 583 272 319 401 522 842 234 297 287 186 210 82 302 343 328 158 327 276 462 183 118 667 352 459 265 385 522 477 446 644 211 324 385 426 194 513 419 0 262 372 351 340 247 423 79 123 265 242 320 668 253 341 335 230 79 304
620 553 515 581 419 314 407 484 120 59 565 51 524 440 328 135 301 549 199 488 310 386 507 628 444 573 463 309 498 204 387 659 674 268 499 492 613 1001 275 293 140 381 405 277 95 433 324 353 506 244 657 259 312 862 532 549 460 475 613 568 537 735 405 146 580 606 265 708 509 262 0 462 442 535 337 618 274 168 373 333 197 758 171 432 98 425 223 165
185 252 124 201 196 235 580 262 443 428 237 439 258 217 249 533 455 115 428 265 183 601 593 455 697 138 240 616 644 382 428 545 270 575 420 147 178 922 285 601 487 440 559 431 502 204 632 470 427 326 560 234 466 947 453 240 545 253 178 214 253 300 559 524 630 481 543 500 128 372 462 0 363 620 258 597 360 347 613 254 376 324 453 205 535 398 401 504
520 453 416 481 320 163 559 385 422 407 465 418 424 340 149 513 434 450 407 389 210 580 572 528 676 473 363 596 624 362 408 724 575 555 399 392 513 640 264 580 467 420 539 410 481 334 611 450 407 306 722 213 446 911 433 450 525 376 514 468 437 636 539 504 645 507 522 737 410 351 442 363 0 600 137 683 340 326 593 141 355 659 432 333 515 378 381 484
568 643 622 699 577 472 333 642 515 500 629 511 682 598 486 606 268 586 500 646 468 354 87 417 284 562 621 429 231 360 220 158 432 466 346 646 570 710 522 445 560 213 312 289 574 591 401 217 354 563 156 471 257 534 379 631 113 633 562 712 644 556 312 596 79 443 466 207 626 340 535 620 600 0 495 117 351 395 366 491 593 548 525 590 607 257 352 577
416 349 311 377 215 110 455 280 318 303 360 314 320 236 124 408 330 345 303 284 106 476 468 424 572 369 259 491 519 257 304 620 470 450 295 288 409 696 160 476 362 315 434 306 377 229 507 345 302 201 618 109 342 822 328 345 420 271 409 364 333 531 435 399 540 402 418 633 305 247 337 258 137 495 0 578 235 222 489 129 251 554 328 228 410 274 276 380
492 567 546 623 640 555 416 719 598 583 553 594 680 681 570 689 352 510 583 602 551 437 150 341 367 486 576 512 314 443 303 185 356 549 429 570 494 793 605 529 643 296 395 372 657 626 485 300 437 647 183 554 340 618 444 555 196 589 485 636 568 479 396 680 105 366 549 225 550 423 618 597 683 117 578 0 434 479 450 574 676 471 608 627 690 341 435 660
518 450 413 479 317 212 242 382 254 239 462 250 421 337 226 345 117 447 239 386 207 263 324 459 428 471 360 324 375 99 204 476 572 283 330 389 511 853 223 309 299 197 222 93 313 331 340 170 338 264 474 172 129 678 363 447 276 373 511 466 434 633 222 335 396 438 205 524 407 79 274 360 340 351 235 434 0 134 276 231 314 656 264 330 346 242 90 316
504 437 400 465 304 199 286 369 149 134 449 144 408 324 213 239 162 434 134 372 194 307 368 504 457 457 347 322 419 88 248 520 558 281 375 376 497 885 159 307 193 242 266 138 208 318 338 214 382 201 518 143 173 723 408 434 320 360 497 452 421 619 266 230 441 482 249 569 394 123 168 347 326 395 222 479 134 0 320 217 226 643 159 316 241 286 107 210
771 704 667 732 570 466 63 636 440 407 716 399 675 591 480 370 193 701 281 639 461 80 339 475 251 724 614 116 305 284 219 491 654 141 345 643 764 869 450 120 262 213 84 214 335 585 132 185 353 492 489 425 182 694 379 701 291 627 764 719 688 778 83 381 412 453 212 540 661 265 373 613 593 366 489 450 276 320 0 484 518 770 253 583 333 257 276 401
411 344 307 372 211 106 450 276 313 298 356 309 315 231 120 404 325 341 298 280 101 471 463 419 567 364 254 487 515 252 299 615 466 446 290 283 404 700 155 471 358 311 430 301 372 225 502 341 298 197 613 104 337 818 323 341 416 267 404 359 328 526 430 395 536 398 413 628 301 242 333 254 141 491 129 574 231 217 484 0 246 550 323 224 405 269 272 375
533 466 429 494 333 228 484 398 105 163 478 174 437 353 242 219 359 463 308 402 223 505 565 541 616 486 376 481 617 262 421 717 588 440 412 405 526 914 119 466 313 433 463 335 237 347 497 411 420 69 715 172 371 920 445 463 518 389 526 481 450 648 464 209 638 520 437 750 423 320 197 376 355 593 251 676 314 226 518 246 0 672 333 346 259 391 281 190
219 294 273 350 367 531 736 446 739 724 279 735 407 484 545 829 672 236 724 344 479 757 581 330 798 213 367 832 745 678 579 419 176 871 462 297 220 1218 581 861 783 590 715 692 798 353 872 621 451 622 434 530 660 1049 433 282 627 357 212 363 295 131 716 820 504 355 839 374 277 668 758 324 659 548 554 471 656 643 770 550 672 0 749 354 831 549 697 801
610 543 506 571 410 305 286 475 255 205 555 197 514 430 319 168 291 540 78 479 300 265 498 618 323 563 453 189 378 194 378 650 665 147 489 482 603 991 265 173 60 371 308 267 132 424 204 344 497 307 648 249 303 852 523 540 450 466 604 558 527 726 306 179 570 597 145 698 500 253 171 453 432 525 328 608 264 159 253 323 333 749 0 423 131 416 214 198
215 282 154 231 166 205 550 232 413 398 267 408 271 187 219 503 425 145 398 235 153 571 563 485 667 168 210 586 614 352 398 575 301 545 390 178 208 892 255 571 457 410 529 401 472 181 602 440 397 296 590 204 436 917 423 270 515 222 209 244 283 331 529 494 635 497 513 530 158 341 432 205 333 590 228 627 330 316 583 224 346 354 423 0 505 368 371 474
693 625 588 653 492 387 367 557 182 131 637 123 596 512 401 69 373 622 159 561 382 346 580 700 404 646 535 269 458 276 460 732 747 228 571 564 685 1073 347 253 100 453 388 349 59 506 284 426 579 306 730 331 385 934 605 622 532 548 686 640 609 808 387 80 653 679 225 781 582 335 98 535 515 607 410 690 346 241 333 405 259 831 131 505 0 498 296 99
556 489 452 517 355 251 223 421 406 391 501 401 460 376 265 496 159 486 391 424 246 244 230 253 334 509 399 319 281 250 66 382 433 368 124 428 549 760 300 348 450 77 202 179 465 370 359 108 132 342 380 249 147 585 158 486 182 412 549 504 473 557 203 487 303 232 357 431 446 230 425 398 378 257 274 341 242 286 257 269 391 549 416 368 498 0 242 467
559 492 454 520 358 253 243 423 204 189 504 199 463 379 268 294 118 488 188 427 249 264 324 460 428 512 402 325 375 99 204 476 613 283 331 431 552 854 214 309 248 198 222 94 263 372 340 170 338 256 474 198 129 679 364 489 277 414 552 507 476 674 222 285 397 438 206 525 449 79 223 401 381 352 276 435 90 107 276 272 281 697 214 371 296 242 0 265
662 595 558 623 461 357 434 527 112 147 607 158 566 482 371 58 343 592 226 530 352 413 549 670 471 615 505 336 525 246 429 701 716 295 541 534 655 1043 286 321 168 423 447 319 126 476 352 395 549 236 699 301 355 904 574 592 502 518 655 610 579 777 448 51 622 648 292 750 552 304 165 504 484 577 380 660 316 210 401 375 190 801 198 474 99 467 265 0
EOF