NAME : tsp_problem
TYPE : TSP
DIMENSION : 86
EDGE_WEIGHT_TYPE : EXPLICIT
EDGE_WEIGHT_FORMAT : FULL_MATRIX
EDGE_WEIGHT_SECTION
0 493 256 446 718 396 576 312 329 461 364 357 374 246 668 399 294 499 471 485 343 348 313 646 453 88 447 175 333 646 467 463 442 389 661 162 420 520 641 646 526 438 424 382 355 736 320 308 406 355 200 420 508 513 302 436 239 380 449 303 473 334 105 321 732 255 518 398 498 320 503 356 416 302 279 282 374 555 400 411 482 466 474 385 460 430
493 0 581 151 844 767 703 295 312 179 221 339 500 372 1078 331 420 626 597 75 325 215 439 1056 238 508 138 354 764 1056 232 589 569 256 1071 439 267 86 1051 1056 652 86 270 508 167 1146 751 719 532 245 637 165 635 639 429 782 598 363 296 713 216 744 505 448 859 333 208 264 113 265 659 616 543 428 710 409 535 681 186 497 115 592 821 338 309 300
256 581 0 470 741 276 367 335 352 682 388 380 164 269 623 422 188 290 261 582 366 569 169 601 674 222 471 396 214 601 688 274 233 559 616 297 443 544 596 601 316 593 645 172 577 691 201 264 429 379 155 444 299 303 326 316 113 404 472 258 694 289 253 345 756 278 541 544 521 344 278 131 207 325 159 306 329 345 423 366 505 256 355 408 486 453
446 151 470 0 732 655 591 183 200 290 235 228 389 261 993 270 309 514 486 186 214 298 327 971 349 396 249 465 652 971 343 477 457 259 986 327 144 118 966 971 541 197 380 397 278 1049 640 634 421 121 525 276 523 528 317 671 486 252 172 628 327 660 444 336 747 222 319 245 145 191 547 504 431 317 598 297 646 569 271 608 146 481 709 256 186 301
718 844 741 732 0 927 862 598 615 948 650 642 660 507 545 684 580 785 757 844 629 860 598 523 1007 667 733 858 924 523 1001 749 728 821 538 598 706 806 448 523 812 855 1039 668 905 356 911 905 358 641 796 706 794 799 448 942 757 666 735 899 985 931 715 429 98 541 804 807 784 606 819 776 702 451 869 467 971 840 686 1007 768 752 981 671 748 715
396 767 276 655 927 0 286 521 538 822 573 566 325 455 763 608 419 296 201 767 552 709 400 741 814 362 656 536 116 741 828 421 379 744 756 437 629 729 736 741 270 778 785 334 717 831 129 294 615 564 295 629 357 283 511 68 259 589 658 296 834 268 393 530 941 464 727 730 707 529 143 233 255 511 147 491 469 241 609 506 691 330 106 594 671 639
576 703 367 591 862 286 0 457 474 807 509 501 232 391 958 543 400 102 161 703 487 719 418 937 866 526 592 717 350 937 860 182 161 680 952 457 565 665 932 937 76 714 897 226 764 1027 363 528 551 500 490 565 102 89 447 302 383 525 593 531 844 502 574 466 877 400 663 666 642 465 178 327 215 447 406 427 665 77 544 702 626 136 340 529 607 574
312 295 335 183 598 521 457 0 66 399 101 91 254 126 859 115 175 380 351 295 79 311 193 837 458 262 184 453 518 837 452 343 323 272 852 193 157 257 832 837 406 306 489 263 356 915 505 500 286 92 391 157 389 393 183 536 352 97 185 494 436 525 310 202 613 87 234 258 234 57 413 370 297 182 464 163 565 435 136 602 219 346 575 101 199 146
329 312 352 200 615 538 474 66 0 416 118 74 271 143 876 98 191 397 368 312 88 328 210 854 475 279 201 470 535 854 468 360 340 289 869 210 174 274 849 854 423 323 506 279 373 932 522 516 303 109 407 174 406 410 199 553 369 80 202 511 453 542 327 218 630 104 217 275 251 74 430 387 314 199 481 180 582 452 153 619 235 363 592 84 216 129
461 179 682 290 948 822 807 399 416 0 326 444 605 477 1046 436 525 730 702 171 430 183 543 1024 130 514 243 322 760 1024 72 693 673 223 1039 543 338 226 1019 1024 757 124 143 613 135 1114 747 687 637 384 626 270 739 744 533 863 666 468 313 681 56 712 473 552 963 438 313 232 253 370 764 721 647 533 706 513 503 785 290 465 254 697 890 443 294 405
364 221 388 235 650 573 509 101 118 326 0 146 307 179 911 188 227 432 404 221 132 361 245 889 384 314 178 501 570 889 378 395 375 324 904 245 209 268 885 889 459 233 416 315 313 967 558 552 339 144 443 205 441 446 235 589 404 170 238 546 363 578 362 254 665 140 248 310 287 109 465 423 349 235 516 215 617 487 189 643 271 399 627 174 251 219
357 339 380 228 642 566 501 91 74 444 146 0 299 171 903 70 219 424 396 339 60 355 237 882 502 306 229 497 563 882 496 388 367 316 897 237 201 302 877 882 451 351 534 307 401 959 550 544 331 137 435 202 433 438 227 581 396 52 230 538 480 570 354 246 657 132 189 302 279 102 458 415 341 227 508 207 610 479 181 646 263 391 620 56 243 101
374 500 164 389 660 325 232 254 271 605 307 299 0 188 756 341 197 155 156 500 285 516 216 734 663 324 390 515 347 734 657 140 98 477 749 254 362 463 729 734 182 511 695 67 561 824 334 397 348 297 288 363 164 169 244 341 181 323 391 391 641 422 371 263 675 197 460 463 440 263 217 199 101 244 292 225 462 217 342 499 424 122 379 327 404 372
246 372 269 261 507 455 391 126 143 477 179 171 188 0 793 213 109 314 285 373 157 388 127 771 535 196 262 387 452 771 529 277 257 350 786 127 234 335 766 771 340 384 567 197 434 824 439 434 195 170 325 235 323 327 117 470 286 195 263 428 514 459 244 128 522 69 332 335 312 135 347 304 231 116 398 97 499 369 214 536 296 280 509 199 277 244
668 1078 623 993 545 763 958 859 876 1046 911 903 756 793 0 945 779 881 853 1069 889 932 761 38 1038 634 994 808 700 38 1051 866 824 973 45 709 967 1067 124 38 908 1022 1008 764 940 220 687 516 864 902 510 967 891 895 849 735 606 927 995 510 1057 542 665 868 526 802 1065 982 1044 867 866 723 798 849 646 829 581 937 946 618 1028 848 719 931 1009 976
399 331 422 270 684 608 543 115 98 436 188 70 341 213 945 0 261 466 438 332 84 397 279 924 494 348 271 539 605 924 488 430 409 358 939 279 243 344 919 924 493 343 526 349 423 1001 592 586 373 179 477 244 475 480 269 623 438 76 272 580 473 612 396 288 699 174 190 344 321 144 500 457 383 269 550 249 652 521 223 688 305 433 662 61 285 106
294 420 188 309 580 419 400 175 191 525 227 219 197 109 779 261 0 323 294 421 205 437 88 758 583 244 310 435 370 758 577 286 266 398 773 175 282 383 753 758 349 432 615 206 482 848 358 420 268 218 311 283 332 337 165 434 204 243 311 414 562 446 292 184 595 117 380 384 360 183 356 222 240 164 316 145 486 378 262 523 344 289 473 247 325 292
499 626 290 514 785 296 102 380 397 730 432 424 155 314 881 466 323 0 171 626 410 642 341 860 789 449 515 640 361 860 783 149 108 603 875 380 488 588 855 860 86 637 820 149 687 950 373 522 474 423 413 488 173 95 370 312 306 448 516 516 767 512 497 389 800 323 586 589 565 388 189 324 225 370 416 350 588 88 467 625 550 59 350 453 530 497
471 597 261 486 757 201 161 351 368 702 404 396 156 285 853 438 294 171 0 597 382 613 313 831 760 421 487 612 265 831 754 266 224 575 846 352 459 560 826 831 145 609 792 164 659 922 278 443 445 395 385 460 231 158 342 217 278 420 488 446 739 417 469 361 772 294 557 560 537 360 93 242 86 341 321 322 559 115 439 596 521 204 255 424 501 469
485 75 582 186 844 767 703 295 312 171 221 339 500 373 1069 332 421 626 597 0 326 206 439 1048 229 508 139 346 764 1048 223 589 569 247 1063 439 302 121 1043 1048 653 78 261 509 159 1138 751 710 532 280 637 166 635 640 429 783 598 363 331 704 208 736 497 448 859 334 208 256 148 266 659 616 543 428 710 409 527 681 186 489 149 592 821 338 318 301
343 325 366 214 629 552 487 79 88 430 132 60 285 157 889 84 205 410 382 326 0 341 224 868 488 293 215 483 549 868 482 374 353 303 883 223 187 288 863 868 437 337 520 293 387 946 536 530 317 123 421 188 420 424 213 567 383 66 216 524 467 556 340 232 643 118 203 288 265 88 444 401 327 213 494 194 596 466 167 633 249 377 606 70 230 115
348 215 569 298 860 709 719 311 328 183 361 355 516 388 932 397 437 642 613 206 341 0 455 911 241 401 278 209 647 911 235 605 585 110 926 455 186 261 906 911 668 159 273 524 77 1001 634 573 548 249 513 305 651 655 445 749 553 379 162 567 219 599 360 464 875 349 348 119 288 319 675 632 559 444 593 425 390 697 326 352 289 608 777 383 147 428
313 439 169 327 598 400 418 193 210 543 245 237 216 127 761 279 88 341 313 439 224 455 0 739 602 262 328 453 352 739 596 305 284 416 754 193 301 401 734 739 368 450 634 224 500 830 339 402 287 236 293 301 350 355 183 415 186 261 330 396 580 427 310 202 613 136 399 402 379 201 351 204 258 183 297 163 467 396 281 504 363 308 454 266 343 310
646 1056 601 971 523 741 937 837 854 1024 889 882 734 771 38 924 758 860 831 1048 868 911 739 0 1016 613 973 787 679 31 1029 844 803 952 40 687 945 1046 103 31 886 1001 986 743 918 198 666 494 842 880 488 945 869 873 827 714 584 906 974 488 1035 520 644 846 505 780 1043 961 1023 845 844 701 777 827 624 808 560 915 925 597 1007 826 698 910 987 955
453 238 674 349 1007 814 866 458 475 130 384 502 663 535 1038 494 583 789 760 229 488 241 602 1016 0 506 301 314 752 1016 126 752 732 282 1031 581 396 284 1011 1016 815 183 45 671 193 1106 739 678 695 443 618 328 798 802 591 854 658 526 371 672 132 704 465 611 1022 496 371 291 311 428 822 775 706 591 698 572 495 844 349 457 312 755 882 501 353 463
88 508 222 396 667 362 526 262 279 514 314 306 324 196 634 348 244 449 421 508 293 401 262 613 506 0 397 228 300 613 520 413 392 442 628 112 370 470 608 613 476 491 477 332 409 703 287 275 356 305 166 370 458 463 252 402 205 330 399 269 526 301 85 271 682 205 468 451 448 270 469 323 366 252 246 232 341 504 350 378 432 416 441 335 412 379
447 138 471 249 733 656 592 184 201 243 178 229 390 262 994 271 310 515 487 139 215 278 328 973 301 397 0 418 654 973 295 478 458 319 987 328 292 185 968 972 542 150 333 398 230 1050 641 635 422 227 526 122 524 529 318 672 487 253 321 629 280 661 445 337 748 223 165 328 212 193 549 506 432 318 599 298 599 570 143 560 213 482 710 257 334 257
175 354 396 465 858 536 717 453 470 322 501 497 515 387 808 539 435 640 612 346 483 209 453 787 314 228 418 0 474 787 328 603 583 250 802 303 364 401 782 787 667 299 285 523 216 877 461 449 547 427 340 445 649 654 443 576 379 521 339 443 334 475 187 462 873 396 488 259 428 461 643 497 557 443 420 423 385 695 466 346 429 607 615 525 321 570
333 764 214 652 924 116 350 518 535 760 570 563 347 452 700 605 370 361 265 764 549 647 352 679 752 300 654 474 0 679 765 457 415 688 694 374 626 727 674 679 335 737 722 355 654 769 80 341 612 561 232 626 421 347 508 132 197 587 655 335 771 332 331 527 938 461 724 697 704 526 207 297 320 508 84 489 407 305 606 444 688 394 170 591 668 636
646 1056 601 971 523 741 937 837 854 1024 889 882 734 771 38 924 758 860 831 1048 868 911 739 31 1016 613 973 787 679 0 1029 844 803 952 40 687 945 1046 103 31 886 1001 986 743 918 198 666 494 842 880 488 946 869 873 827 714 584 906 974 488 1035 520 644 846 505 780 1043 961 1023 846 844 701 777 827 624 808 560 915 925 597 1007 826 698 910 987 955
467 232 688 343 1001 828 860 452 468 72 378 496 657 529 1051 488 577 783 754 223 482 235 596 1029 126 520 295 328 765 1029 0 746 726 276 1044 594 390 278 1025 1029 809 176 97 665 187 1120 753 692 689 437 632 322 792 796 585 868 671 520 365 686 54 718 478 604 1016 490 365 285 305 422 816 773 700 585 711 566 509 838 343 470 306 749 895 495 347 457
463 589 274 477 749 421 182 343 360 693 395 388 140 277 866 430 286 149 266 589 374 605 305 844 752 413 478 603 457 844 746 0 63 566 859 343 451 552 839 844 176 600 784 133 650 935 444 507 437 386 398 451 109 163 333 436 291 412 480 501 730 533 460 352 763 286 549 552 529 351 313 309 211 333 403 314 572 212 431 609 513 116 475 416 493 461
442 569 233 457 728 379 161 323 340 673 375 367 98 257 824 409 266 108 224 569 353 585 284 803 732 392 458 583 415 803 726 63 0 546 818 323 431 531 798 803 135 580 763 92 630 893 402 465 417 366 356 431 87 122 313 394 249 391 459 459 710 491 440 332 743 266 528 532 508 331 271 267 170 313 361 293 531 170 410 568 492 74 433 395 473 440
389 256 559 259 821 744 680 272 289 223 324 316 477 350 973 358 398 603 575 247 303 110 416 952 282 442 319 250 688 952 276 566 546 0 967 416 148 302 947 952 630 200 314 486 118 1042 675 614 510 210 554 346 612 617 406 760 575 340 123 608 260 640 401 425 836 311 389 160 310 280 636 593 520 405 633 386 431 658 360 393 294 569 798 345 108 389
661 1071 616 986 538 756 952 852 869 1039 904 897 749 786 45 939 773 875 846 1063 883 926 754 40 1031 628 987 802 694 40 1044 859 818 967 0 702 960 1060 118 40 901 1016 1001 757 933 213 681 509 857 895 503 960 884 888 842 729 599 920 989 503 1050 535 659 861 520 795 1058 975 1038 860 859 716 792 842 639 822 575 930 940 612 1022 841 713 925 1002 969
162 439 297 327 598 437 457 193 210 543 245 237 254 127 709 279 175 380 352 439 223 455 193 687 581 112 328 303 374 687 594 343 323 416 702 0 301 401 682 687 407 450 551 263 483 777 361 350 287 236 241 301 389 394 183 477 280 261 329 344 580 375 160 202 613 135 398 402 378 201 413 370 297 183 320 163 415 435 280 452 362 346 515 265 343 310
420 267 443 144 706 629 565 157 174 338 209 201 362 234 967 243 282 488 459 302 187 186 301 945 396 370 292 364 626 945 390 451 431 148 960 301 0 218 940 945 514 313 428 370 232 1023 613 608 394 95 499 265 497 501 291 644 460 225 64 602 374 633 418 310 721 195 362 134 195 165 521 478 405 290 572 271 545 543 244 507 179 454 683 229 75 274
520 86 544 118 806 729 665 257 274 226 268 302 463 335 1067 344 383 588 560 121 288 261 401 1046 284 470 185 401 727 1046 278 552 531 302 1060 401 218 0 1041 1046 615 132 316 471 213 1123 714 708 495 196 599 212 597 602 391 745 560 326 247 702 262 734 518 410 821 296 255 311 80 266 622 579 505 391 672 371 582 643 232 543 81 555 784 330 260 347
641 1051 596 966 448 736 932 832 849 1019 885 877 729 766 124 919 753 855 826 1043 863 906 734 103 1011 608 968 782 674 103 1025 839 798 947 118 682 940 1041 0 103 881 996 981 738 913 122 661 489 767 875 484 941 864 869 822 709 579 901 969 483 1030 515 639 837 429 775 1038 956 1018 841 839 697 772 822 619 803 555 910 920 592 1002 821 693 905 982 950
646 1056 601 971 523 741 937 837 854 1024 889 882 734 771 38 924 758 860 831 1048 868 911 739 31 1016 613 972 787 679 31 1029 844 803 952 40 687 945 1046 103 0 886 1001 986 743 918 198 666 494 842 880 488 945 869 873 827 714 584 906 974 488 1035 520 644 846 505 780 1043 961 1023 845 844 701 777 827 624 807 560 915 925 597 1007 826 698 910 987 955
526 652 316 541 812 270 76 406 423 757 459 451 182 340 908 493 349 86 145 653 437 668 368 886 815 476 542 667 335 886 809 176 135 630 901 407 514 615 881 886 0 664 847 176 714 977 347 512 500 450 440 515 146 73 397 286 333 475 543 515 794 486 524 416 827 349 612 615 592 415 162 311 199 396 390 377 614 61 494 651 576 85 324 479 556 524
438 86 593 197 855 778 714 306 323 124 233 351 511 384 1022 343 432 637 609 78 337 159 450 1001 183 491 150 299 737 1001 176 600 580 200 1016 450 313 132 996 1001 664 0 214 520 112 1091 724 663 544 291 603 177 646 651 440 794 609 374 289 657 161 689 450 459 870 345 220 209 159 277 670 627 554 440 683 420 480 692 197 442 161 603 832 349 271 312
424 270 645 380 1039 785 897 489 506 143 416 534 695 567 1008 526 615 820 792 261 520 273 634 986 45 477 333 285 722 986 97 784 763 314 1001 551 428 316 981 986 847 214 0 703 225 1077 710 649 727 475 589 360 830 834 623 825 628 558 403 643 103 675 435 642 1053 528 403 323 343 460 854 745 737 623 668 604 466 876 381 427 344 787 852 533 385 495
382 508 172 397 668 334 226 263 279 613 315 307 67 197 764 349 206 149 164 509 293 524 224 743 671 332 398 523 355 743 665 133 92 486 757 263 370 471 738 743 176 520 703 0 570 833 342 405 356 306 296 371 158 163 253 349 189 331 399 399 650 431 380 272 683 205 468 472 448 271 226 207 109 252 301 233 470 211 350 507 432 115 388 335 413 380
355 167 577 278 905 717 764 356 373 135 313 401 561 434 940 423 482 687 659 159 387 77 500 918 193 409 230 216 654 918 187 650 630 118 933 483 232 213 913 918 714 112 225 570 0 1008 641 581 594 294 521 257 696 701 490 757 560 424 207 575 172 606 367 509 920 395 300 126 240 357 720 677 604 490 600 470 398 742 278 359 241 653 784 429 189 393
736 1146 691 1049 356 831 1027 915 932 1114 967 959 824 824 220 1001 848 950 922 1138 946 1001 830 198 1106 703 1050 877 769 198 1120 935 893 1042 213 777 1023 1123 122 198 977 1091 1077 833 1008 0 756 585 675 958 579 1023 959 964 765 804 675 983 1051 579 1126 610 734 746 338 858 1121 1051 1101 923 934 792 867 768 715 784 650 1005 1003 687 1085 916 788 988 1065 1032
320 751 201 640 911 129 363 505 522 747 558 550 334 439 687 592 358 373 278 751 536 634 339 666 739 287 641 461 80 666 753 444 402 675 681 361 613 714 661 666 347 724 710 342 641 756 0 328 599 548 219 614 433 360 495 144 184 574 642 322 759 344 318 514 926 448 711 684 691 514 219 301 332 495 72 476 394 317 593 431 675 406 183 578 655 623
308 719 264 634 905 294 528 500 516 687 552 544 397 434 516 586 420 522 443 710 530 573 402 494 678 275 635 449 341 494 692 507 465 614 509 350 608 708 489 494 512 663 649 405 581 585 328 0 594 543 151 608 531 525 490 254 247 568 636 129 698 149 306 509 891 442 705 623 685 508 385 364 439 489 287 470 222 482 587 259 669 489 238 572 650 617
406 532 429 421 358 615 551 286 303 637 339 331 348 195 864 373 268 474 445 532 317 548 287 842 695 356 422 547 612 842 689 437 417 510 857 287 394 495 767 842 500 544 727 356 594 675 599 594 0 330 485 395 483 487 136 630 446 355 423 588 674 619 404 117 373 229 492 495 472 295 507 464 391 139 558 156 659 529 374 696 456 440 669 359 436 404
355 245 379 121 641 564 500 92 109 384 144 137 297 170 902 179 218 423 395 280 123 249 236 880 443 305 227 427 561 880 437 386 366 210 895 236 95 196 875 880 450 291 475 306 294 958 548 543 330 0 434 200 432 437 226 580 395 160 124 537 421 569 353 245 656 131 298 196 173 100 456 413 340 226 507 206 608 478 180 569 157 389 618 165 137 209
200 637 155 525 796 295 490 391 407 626 443 435 288 325 510 477 311 413 385 637 421 513 293 488 618 166 526 340 232 488 632 398 356 554 503 241 499 599 484 488 440 603 589 296 521 579 219 151 485 434 0 499 422 427 381 335 138 459 527 145 638 177 197 400 811 333 596 563 576 399 402 255 330 380 178 361 216 468 478 253 560 380 354 463 541 508
420 165 444 276 706 629 565 157 174 270 205 202 363 235 967 244 283 488 460 166 188 305 301 945 328 370 122 445 626 946 322 451 431 346 960 301 265 212 941 945 515 177 360 371 257 1023 614 608 395 200 499 0 497 502 291 645 460 226 294 602 307 634 418 310 721 196 192 355 239 165 522 479 405 291 572 271 626 543 170 587 240 455 683 230 307 275
508 635 299 523 794 357 102 389 406 739 441 433 164 323 891 475 332 173 231 635 420 651 350 869 798 458 524 649 421 869 792 109 87 612 884 389 497 597 864 869 146 646 830 158 696 959 433 531 483 432 422 497 0 159 379 372 315 457 525 525 776 557 506 398 809 332 595 598 575 397 249 334 236 379 427 359 597 148 477 634 559 141 411 462 539 506
513 639 303 528 799 283 89 393 410 744 446 438 169 327 895 480 337 95 158 640 424 655 355 873 802 463 529 654 347 873 796 163 122 617 888 394 501 602 869 873 73 651 834 163 701 964 360 525 487 437 427 502 159 0 384 298 320 462 530 527 781 499 511 403 814 336 599 602 579 402 175 324 212 383 402 364 601 74 481 638 563 72 337 466 544 511
302 429 326 317 448 511 447 183 199 533 235 227 244 117 849 269 165 370 342 429 213 445 183 827 591 252 318 443 508 827 585 333 313 406 842 183 291 391 822 827 397 440 623 253 490 765 495 490 136 226 381 291 379 384 0 527 342 251 319 484 570 516 300 69 462 125 388 392 368 191 403 360 287 91 454 107 555 425 270 592 352 336 565 255 333 300
436 782 316 671 942 68 302 536 553 863 589 581 341 470 735 623 434 312 217 783 567 749 415 714 854 402 672 576 132 714 868 436 394 760 729 477 644 745 709 714 286 794 825 349 757 804 144 254 630 580 335 645 372 298 527 0 299 605 673 257 874 228 433 546 957 479 742 745 722 545 158 248 271 526 187 507 442 256 624 479 706 345 122 609 686 654
239 598 113 486 757 259 383 352 369 666 404 396 181 286 606 438 204 306 278 598 383 553 186 584 658 205 487 379 197 584 671 291 249 575 599 280 460 560 579 584 333 609 628 189 560 675 184 247 446 395 138 460 315 320 342 299 0 420 489 241 677 273 236 361 772 295 558 561 538 360 295 148 223 342 143 322 312 361 440 349 522 273 338 425 502 469
380 363 404 252 666 589 525 97 80 468 170 52 323 195 927 76 243 448 420 363 66 379 261 906 526 330 253 521 587 906 520 412 391 340 920 261 225 326 901 906 475 374 558 331 424 983 574 568 355 160 459 226 457 462 251 605 420 0 254 562 504 594 378 270 681 156 195 326 303 126 482 439 365 251 532 231 633 503 205 670 287 415 644 62 267 107
449 296 472 172 735 658 593 185 202 313 238 230 391 263 995 272 311 516 488 331 216 162 330 974 371 399 321 339 655 974 365 480 459 123 989 329 64 247 969 974 543 289 403 399 207 1051 642 636 423 124 527 294 525 530 319 673 489 254 0 630 349 662 446 338 749 224 391 109 224 194 550 507 433 319 600 299 520 572 273 482 208 483 712 258 50 303
303 713 258 628 899 296 531 494 511 681 546 538 391 428 510 580 414 516 446 704 524 567 396 488 672 269 629 443 335 488 686 501 459 608 503 344 602 702 483 488 515 657 643 399 575 579 322 129 588 537 145 602 525 527 484 257 241 562 630 0 692 152 300 503 885 436 699 617 679 502 387 358 433 484 281 464 216 485 581 253 663 483 241 566 644 611
473 216 694 327 985 834 844 436 453 56 363 480 641 514 1057 473 562 767 739 208 467 219 580 1035 132 526 280 334 771 1035 54 730 710 260 1050 580 374 262 1030 1035 794 161 103 650 172 1126 759 698 674 421 638 307 776 781 570 874 677 504 349 692 0 724 484 589 1000 475 350 269 289 407 800 757 684 569 717 550 515 822 327 476 291 733 901 479 331 442
334 744 289 660 931 268 502 525 542 712 578 570 422 459 542 612 446 512 417 736 556 599 427 520 704 301 661 475 332 520 718 533 491 640 535 375 633 734 515 520 486 689 675 431 606 610 344 149 619 569 177 634 557 499 516 228 273 594 662 152 724 0 332 535 917 468 731 649 711 534 358 390 465 515 313 496 248 456 613 285 695 514 212 598 675 643
105 505 253 444 715 393 574 310 327 473 362 354 371 244 665 396 292 497 469 497 340 360 310 644 465 85 445 187 331 644 478 460 440 401 659 160 418 518 639 644 524 450 435 380 367 734 318 306 404 353 197 418 506 511 300 433 236 378 446 300 484 332 0 319 730 252 515 409 495 318 500 354 414 300 276 280 372 552 397 408 479 463 472 382 460 427
321 448 345 336 429 530 466 202 218 552 254 246 263 128 868 288 184 389 361 448 232 464 202 846 611 271 337 462 527 846 604 352 332 425 861 202 310 410 837 846 416 459 642 272 509 746 514 509 117 245 400 310 398 403 69 546 361 270 338 503 589 535 319 0 443 144 407 411 387 210 422 379 306 72 473 88 574 444 289 611 371 355 584 274 352 319
732 859 756 747 98 941 877 613 630 963 665 657 675 522 526 699 595 800 772 859 643 875 613 505 1022 682 748 873 938 505 1016 763 743 836 520 613 721 821 429 505 827 870 1053 683 920 338 926 891 373 656 811 721 809 814 462 957 772 681 749 885 1000 917 730 443 0 556 819 822 798 621 834 791 717 466 884 482 957 855 700 994 783 767 995 686 763 730
255 333 278 222 541 464 400 87 104 438 140 132 197 69 802 174 117 323 294 334 118 349 136 780 496 205 223 396 461 780 490 286 266 311 795 135 195 296 775 780 349 345 528 205 395 858 448 442 229 131 333 196 332 336 125 479 295 156 224 436 475 468 252 144 556 0 293 296 273 96 356 313 240 125 407 106 508 378 175 545 257 289 518 160 238 205
518 208 541 319 804 727 663 234 217 313 248 189 460 332 1065 190 380 586 557 208 203 348 399 1043 371 468 165 488 724 1043 365 549 528 389 1058 398 362 255 1038 1043 612 220 403 468 300 1121 711 705 492 298 596 192 595 599 388 742 558 195 391 699 350 731 515 407 819 293 0 398 282 263 619 576 503 388 670 369 669 641 213 630 283 552 781 181 405 159
398 264 544 245 807 730 666 258 275 232 310 302 463 335 982 344 384 589 560 256 288 119 402 961 291 451 328 259 697 961 285 552 532 160 975 402 134 311 956 961 615 209 323 472 126 1051 684 623 495 196 563 355 598 602 392 745 561 326 109 617 269 649 409 411 822 296 398 0 296 266 622 579 506 391 642 372 440 644 345 401 280 555 784 331 94 375
498 113 521 145 784 707 642 234 251 253 287 279 440 312 1044 321 360 565 537 148 265 288 379 1023 311 448 212 428 704 1023 305 529 508 310 1038 378 195 80 1018 1023 592 159 343 448 240 1101 691 685 472 173 576 239 575 579 368 722 538 303 224 679 289 711 495 387 798 273 282 296 0 243 599 556 482 368 649 349 609 621 259 570 108 532 761 307 237 352
320 265 344 191 606 529 465 57 74 370 109 102 263 135 867 144 183 388 360 266 88 319 201 845 428 270 193 461 526 846 422 351 331 280 860 201 165 266 841 845 415 277 460 271 357 923 514 508 295 100 399 165 397 402 191 545 360 126 194 502 407 534 318 210 621 96 263 266 243 0 422 379 305 191 472 171 573 443 145 610 227 355 583 130 207 175
503 659 278 547 819 143 178 413 430 764 465 458 217 347 866 500 356 189 93 659 444 675 351 844 822 469 549 643 207 844 816 313 271 636 859 413 521 622 839 844 162 670 854 226 720 934 219 385 507 456 402 522 249 175 403 158 295 482 550 387 800 358 500 422 834 356 619 622 599 422 0 183 147 403 262 384 572 133 501 609 583 222 197 486 563 531
356 616 131 504 776 233 327 370 387 721 423 415 199 304 723 457 222 324 242 616 401 632 204 701 775 323 506 497 297 701 773 309 267 593 716 370 478 579 697 701 311 627 745 207 677 792 301 364 464 413 255 479 334 324 360 248 148 439 507 358 757 390 354 379 791 313 576 579 556 379 183 0 242 360 260 341 429 281 458 466 540 291 287 443 520 488
416 543 207 431 702 255 215 297 314 647 349 341 101 231 798 383 240 225 86 543 327 559 258 777 706 366 432 557 320 777 700 211 170 520 792 297 405 505 772 777 199 554 737 109 604 867 332 439 391 340 330 405 236 212 287 271 223 365 433 433 684 465 414 306 717 240 503 506 482 305 147 242 0 287 335 267 505 169 384 542 467 193 309 370 447 414
302 428 325 317 451 511 447 182 199 533 235 227 244 116 849 269 164 370 341 428 213 444 183 827 591 252 318 443 508 827 585 333 313 405 842 183 290 391 822 827 396 440 623 252 490 768 495 489 139 226 380 291 379 383 91 526 342 251 319 484 569 515 300 72 466 125 388 391 368 191 403 360 287 0 454 110 555 425 270 592 352 336 565 255 332 300
279 710 159 598 869 147 406 464 481 706 516 508 292 398 646 550 316 416 321 710 494 593 297 624 698 246 599 420 84 624 711 403 361 633 639 320 572 672 619 624 390 683 668 301 600 715 72 287 558 507 178 572 427 402 454 187 143 532 600 281 717 313 276 473 884 407 670 642 649 472 262 260 335 454 0 434 352 360 551 389 633 384 226 536 614 581
282 409 306 297 467 491 427 163 180 513 215 207 225 97 829 249 145 350 322 409 194 425 163 808 572 232 298 423 489 808 566 314 293 386 822 163 271 371 803 807 377 420 604 233 470 784 476 470 156 206 361 271 359 364 107 507 322 231 299 464 550 496 280 88 482 106 369 372 349 171 384 341 267 110 434 0 535 405 250 572 333 317 545 236 313 280
374 535 329 646 971 469 665 565 582 503 617 610 462 499 581 652 486 588 559 527 596 390 467 560 495 341 599 385 407 560 509 572 531 431 575 415 545 582 555 560 614 480 466 470 398 650 394 222 659 608 216 626 597 601 555 442 312 633 520 216 515 248 372 574 957 508 669 440 609 573 572 429 505 555 352 535 0 643 647 94 610 554 426 638 502 682
555 681 345 569 840 241 77 435 452 785 487 479 217 369 937 521 378 88 115 681 466 697 396 915 844 504 570 695 305 915 838 212 170 658 930 435 543 643 910 915 61 692 876 211 742 1005 317 482 529 478 468 543 148 74 425 256 361 503 572 485 822 456 552 444 855 378 641 644 621 443 133 281 169 425 360 405 643 0 523 680 605 121 295 508 585 552
400 186 423 271 686 609 544 136 153 290 189 181 342 214 946 223 262 467 439 186 167 326 281 925 349 350 143 466 606 925 343 431 410 360 940 280 244 232 920 925 494 197 381 350 278 1003 593 587 374 180 478 170 477 481 270 624 440 205 273 581 327 613 397 289 700 175 213 345 259 145 501 458 384 270 551 250 647 523 0 608 260 434 663 209 287 254
411 497 366 608 1007 506 702 602 619 465 643 646 499 536 618 688 523 625 596 489 633 352 504 597 457 378 560 346 444 597 470 609 568 393 612 452 507 543 592 597 651 442 427 507 359 687 431 259 696 569 253 587 634 638 592 479 349 670 482 253 476 285 408 611 994 545 630 401 570 610 609 466 542 592 389 572 94 680 608 0 571 591 463 675 463 719
482 115 505 146 768 691 626 219 235 254 271 263 424 296 1028 305 344 550 521 149 249 289 363 1007 312 432 213 429 688 1007 306 513 492 294 1022 362 179 81 1002 1007 576 161 344 432 241 1085 675 669 456 157 560 240 559 563 352 706 522 287 208 663 291 695 479 371 783 257 283 280 108 227 583 540 467 352 633 333 610 605 260 571 0 516 745 291 221 336
466 592 256 481 752 330 136 346 363 697 399 391 122 280 848 433 289 59 204 592 377 608 308 826 755 416 482 607 394 826 749 116 74 569 841 346 454 555 821 826 85 603 787 115 653 916 406 489 440 389 380 455 141 72 336 345 273 415 483 483 733 514 463 355 767 289 552 555 532 355 222 291 193 336 384 317 554 121 434 591 516 0 384 419 496 464
474 821 355 709 981 106 340 575 592 890 627 620 379 509 719 662 473 350 255 821 606 777 454 698 882 441 710 615 170 698 895 475 433 798 713 515 683 784 693 698 324 832 852 388 784 788 183 238 669 618 354 683 411 337 565 122 338 644 712 241 901 212 472 584 995 518 781 784 761 583 197 287 309 565 226 545 426 295 663 463 745 384 0 648 725 693
385 338 408 256 671 594 529 101 84 443 174 56 327 199 931 61 247 453 424 338 70 383 266 910 501 335 257 525 591 910 495 416 395 345 925 265 229 330 905 910 479 349 533 335 429 988 578 572 359 165 463 230 462 466 255 609 425 62 258 566 479 598 382 274 686 160 181 331 307 130 486 443 370 255 536 236 638 508 209 675 291 419 648 0 272 92
460 309 486 186 748 671 607 199 216 294 251 243 404 277 1009 285 325 530 501 318 230 147 343 987 353 412 334 321 668 987 347 493 473 108 1002 343 75 260 982 987 556 271 385 413 189 1065 655 650 436 137 541 307 539 544 333 686 502 267 50 644 331 675 460 352 763 238 405 94 237 207 563 520 447 332 614 313 502 585 287 463 221 496 725 272 0 316
430 300 453 301 715 639 574 146 129 405 219 101 372 244 976 106 292 497 469 301 115 428 310 955 463 379 257 570 636 955 457 461 440 389 969 310 274 347 950 955 524 312 495 380 393 1032 623 617 404 209 508 275 506 511 300 654 469 107 303 611 442 643 427 319 730 205 159 375 352 175 531 488 414 300 581 280 682 552 254 719 336 464 693 92 316 0
EOF