NAME : tsp_problem
TYPE : TSP
DIMENSION : 88
EDGE_WEIGHT_TYPE : EXPLICIT
EDGE_WEIGHT_FORMAT : FULL_MATRIX
EDGE_WEIGHT_SECTION
0 490 59 217 638 392 254 270 246 380 642 472 526 622 594 567 356 666 449 549 303 655 312 136 260 423 245 174 204 406 112 379 479 625 362 356 502 446 288 430 229 85 789 608 1053 597 501 841 680 586 502 741 398 293 663 573 624 375 663 390 527 409 479 609 817 333 587 44 107 398 252 709 269 313 481 330 375 492 522 610 457 246 812 596 374 571 105 721
490 0 457 626 271 535 662 455 480 246 276 194 392 167 296 176 374 367 480 295 217 200 418 460 325 102 341 476 505 183 521 245 454 170 563 572 368 489 435 297 356 432 490 217 755 142 368 450 313 219 111 443 265 498 296 182 169 153 272 218 135 236 567 154 480 343 132 483 482 264 536 411 677 476 181 340 554 440 131 243 590 340 491 141 240 116 480 330
59 457 0 242 605 416 278 294 270 346 609 438 492 589 561 534 331 632 473 516 270 622 336 160 282 390 269 198 228 372 136 345 503 592 386 380 469 470 312 397 253 109 756 575 1020 564 468 808 646 553 469 708 365 307 630 540 590 342 630 357 493 376 503 576 784 300 554 68 131 365 276 676 293 286 447 297 399 516 489 577 481 270 779 563 341 538 129 688
217 626 242 0 665 323 109 338 313 515 778 607 474 758 615 703 424 618 380 570 439 791 380 204 328 558 312 242 272 541 172 514 411 760 294 288 637 377 355 560 297 267 761 743 1025 732 637 820 706 721 638 713 534 224 798 709 759 511 798 526 662 544 410 745 789 468 723 226 175 533 183 681 125 244 616 465 306 424 657 637 388 314 784 732 509 706 173 852
638 271 605 665 0 378 675 603 628 300 274 193 235 403 124 348 521 195 322 123 365 430 566 607 473 274 488 623 653 355 668 392 297 406 406 415 516 331 583 248 504 580 318 359 583 378 515 318 118 218 188 271 412 592 295 350 404 324 270 274 307 256 395 390 347 490 368 630 629 412 551 239 669 612 180 487 397 283 180 71 418 487 342 377 388 352 628 217
392 535 416 323 378 0 334 512 488 325 553 471 187 667 328 612 552 399 172 283 396 700 554 378 502 467 487 416 446 450 346 423 147 669 175 169 547 181 530 273 471 441 523 652 787 641 546 582 420 497 467 475 443 250 574 618 668 420 617 435 571 453 291 654 551 521 632 401 349 443 209 443 328 270 459 518 187 137 459 350 269 488 546 641 419 616 347 565
254 662 278 109 675 334 0 374 350 551 814 643 484 794 625 739 460 629 391 580 475 827 416 240 364 594 348 278 308 577 208 550 421 796 304 298 674 387 391 571 333 303 771 779 1035 768 673 831 717 757 674 724 570 260 834 745 795 547 834 562 698 580 421 781 800 504 759 262 211 569 219 692 54 280 652 501 317 434 693 648 399 350 795 768 546 742 209 863
270 455 294 338 603 512 374 0 92 344 607 437 490 587 559 532 182 631 569 514 268 620 158 173 274 388 258 127 89 371 233 344 553 590 483 477 467 566 134 395 243 320 754 573 1018 562 466 806 645 551 467 706 363 414 628 538 589 340 628 355 492 374 600 574 782 170 552 279 195 363 373 674 390 431 445 167 496 538 487 575 577 260 777 561 339 536 193 686
246 480 270 313 628 488 350 92 0 369 632 462 515 612 584 557 177 656 545 539 293 645 133 148 249 413 234 102 65 396 208 369 575 615 458 452 492 542 109 420 218 295 779 598 1043 587 491 831 670 576 492 731 388 389 653 563 614 365 653 380 517 399 575 599 807 195 577 255 170 388 348 699 365 409 470 192 471 563 512 600 553 235 802 586 364 561 168 711
380 246 346 515 300 325 551 344 369 0 398 227 182 378 250 323 263 322 270 205 106 411 307 349 215 178 230 365 395 161 410 134 244 380 353 362 258 279 324 87 245 321 445 363 709 352 257 504 342 341 258 397 154 387 419 329 379 131 418 146 282 164 521 365 474 232 343 372 371 154 426 366 567 366 236 229 344 230 277 273 545 229 468 352 130 327 370 477
642 276 609 778 274 553 814 607 632 398 0 197 410 249 299 180 526 371 498 298 369 248 570 612 477 278 493 628 657 359 673 397 472 315 581 590 520 507 587 424 508 584 336 176 758 273 520 275 290 93 193 386 417 650 112 167 246 329 97 279 220 260 570 262 306 495 355 635 634 416 688 414 829 628 184 492 572 458 185 247 593 492 316 341 392 299 633 155
472 194 438 607 193 471 643 437 462 227 197 0 328 326 217 271 355 289 416 216 199 359 400 441 307 197 322 457 487 214 502 226 391 328 499 508 350 425 417 278 338 414 412 311 676 300 349 441 234 141 111 364 246 479 218 277 327 184 263 108 230 90 488 313 440 324 291 464 463 246 518 333 659 458 76 321 491 376 103 165 512 321 435 300 222 275 462 321
526 392 492 474 235 187 484 490 515 182 410 328 0 524 185 469 409 256 131 140 252 557 453 495 361 324 376 511 540 307 497 280 106 526 215 224 404 140 470 130 391 467 380 509 644 498 403 439 276 354 324 332 300 401 431 475 525 277 474 292 428 310 442 511 408 378 489 518 500 300 360 300 478 421 316 375 206 91 316 207 419 375 403 498 276 473 497 422
622 167 589 758 403 667 794 587 612 378 249 326 524 0 428 145 506 499 611 427 349 59 550 592 457 234 473 607 637 315 653 377 586 126 695 704 500 620 567 428 488 564 435 102 886 84 499 375 390 311 243 486 397 630 226 132 57 285 196 349 185 368 699 73 405 475 166 615 614 396 668 515 809 608 313 472 686 572 263 375 722 472 416 152 372 83 612 255
594 296 561 615 124 328 625 559 584 250 299 217 185 428 0 373 478 106 273 73 321 461 522 564 429 298 445 579 609 376 624 349 247 430 356 365 472 282 539 199 460 536 230 413 494 402 471 289 166 243 213 182 368 542 320 379 429 345 363 299 332 280 306 415 258 447 393 587 586 368 501 150 619 562 205 444 347 233 205 96 329 444 253 402 344 376 584 311
567 176 534 703 348 612 739 532 557 323 180 271 469 145 373 0 451 444 556 372 294 144 495 537 402 179 418 552 582 260 597 322 531 211 640 649 445 565 512 373 433 509 366 72 831 169 444 306 321 242 188 417 342 575 157 63 142 230 127 294 72 313 644 158 336 420 251 560 559 341 613 446 754 553 258 417 631 517 207 320 667 417 347 237 317 195 557 186
356 374 331 424 521 552 460 182 177 263 526 355 409 506 478 451 0 549 497 433 187 539 145 258 199 307 215 212 175 289 319 262 472 509 559 552 386 506 162 314 230 306 673 492 937 481 385 725 563 470 386 625 282 372 547 457 507 259 547 274 410 293 675 493 701 89 471 357 280 282 410 593 475 350 364 85 571 457 406 494 653 214 696 480 258 455 278 605
666 367 632 618 195 399 629 631 656 322 371 289 256 499 106 444 549 0 344 145 393 532 594 635 501 370 516 651 681 447 641 420 319 502 427 436 544 353 611 270 532 608 181 485 445 474 543 240 237 314 285 133 440 545 391 450 501 417 423 371 404 352 238 486 209 518 464 658 644 440 504 101 623 565 276 515 419 304 277 168 261 515 204 473 416 448 642 370
449 480 473 380 322 172 391 569 545 270 498 416 131 611 273 556 497 344 0 227 340 645 541 435 448 412 464 473 503 395 403 368 92 614 200 209 491 126 558 218 479 498 467 597 732 586 491 527 364 441 412 420 388 307 519 563 613 365 562 380 516 398 348 599 496 466 577 458 406 387 266 388 385 327 403 463 192 81 404 295 326 463 491 586 363 560 404 510
549 295 516 570 123 283 580 514 539 205 298 216 140 427 73 372 433 145 227 0 276 460 477 519 384 298 400 534 564 331 579 304 202 429 311 320 427 236 494 153 415 491 268 412 532 401 426 327 165 242 212 220 323 497 319 378 428 300 363 298 331 280 344 414 296 402 392 542 541 323 456 188 574 517 204 398 302 188 204 95 367 398 291 401 299 376 539 310
303 217 270 439 365 396 475 268 293 106 369 199 252 349 321 294 187 393 340 276 0 382 231 273 138 150 154 289 318 133 334 106 315 352 423 432 229 349 248 157 169 245 516 335 780 324 228 568 407 313 229 468 125 311 390 300 351 102 390 117 254 136 592 336 544 156 314 296 295 125 349 436 490 289 207 153 415 300 249 337 592 153 539 323 101 298 293 448
655 200 622 791 430 700 827 620 645 411 248 359 557 59 461 144 539 532 645 460 382 0 583 625 490 267 506 641 670 348 686 410 619 99 728 737 533 654 600 462 521 597 434 100 920 83 533 373 388 310 276 485 430 663 225 131 56 318 195 383 184 401 732 72 404 508 139 648 647 429 701 513 842 641 346 505 719 605 296 408 755 505 415 125 405 109 646 253
312 418 336 380 566 554 416 158 133 307 570 400 453 550 522 495 145 594 541 477 231 583 0 214 243 351 259 168 131 334 274 307 516 553 524 518 430 550 175 358 274 350 717 536 981 525 429 769 607 514 430 669 326 416 591 501 552 303 591 318 455 337 641 537 745 133 515 321 236 326 414 637 431 394 408 130 537 501 450 538 619 258 740 524 302 499 234 649
136 460 160 204 607 378 240 173 148 349 612 441 495 592 564 537 258 635 435 519 273 625 214 0 162 392 147 76 106 375 99 348 466 595 349 343 472 432 190 400 132 186 759 577 1023 567 471 811 649 556 472 711 368 279 633 543 593 345 633 360 496 378 465 579 787 303 557 145 66 368 238 679 255 299 450 299 361 479 492 580 443 148 782 566 344 541 64 691
260 325 282 328 473 502 364 274 249 215 477 307 361 457 429 402 199 501 448 384 138 490 243 162 0 258 166 178 208 241 223 214 423 460 473 467 337 457 260 265 181 257 624 443 888 432 336 676 515 421 337 576 234 323 498 408 459 211 498 225 362 244 589 444 652 168 422 269 184 233 362 545 380 302 316 165 486 409 357 445 567 165 647 432 209 406 183 556
423 102 390 558 274 467 594 388 413 178 278 197 324 234 298 179 307 370 412 298 150 267 351 392 258 0 273 408 438 115 453 177 387 236 495 504 301 421 368 229 289 365 493 219 757 209 300 453 316 222 114 446 197 430 299 185 235 85 275 150 138 169 569 221 483 275 199 415 414 197 469 414 610 409 184 272 487 372 133 246 593 272 494 208 173 183 413 333
245 341 269 312 488 487 348 258 234 230 493 322 376 473 445 418 215 516 464 400 154 506 259 147 166 273 0 162 192 256 207 229 438 476 457 451 353 473 275 281 197 273 640 458 904 448 352 692 530 437 353 592 249 338 514 424 474 226 514 241 377 259 574 460 668 184 438 253 169 249 347 560 364 317 331 180 470 424 372 461 552 181 663 447 225 422 167 572
174 476 198 242 623 416 278 127 102 365 628 457 511 607 579 552 212 651 473 534 289 641 168 76 178 408 162 0 60 391 137 364 504 610 387 381 487 470 144 416 147 224 774 593 1038 582 487 826 665 571 488 726 384 318 648 559 609 361 648 376 512 394 503 595 803 268 573 183 98 383 277 695 294 338 466 265 400 517 507 595 481 164 797 582 359 556 97 706
204 505 228 272 653 446 308 89 65 395 657 487 540 637 609 582 175 681 503 564 318 670 131 106 208 438 192 60 0 421 167 394 534 640 417 411 517 500 107 445 177 254 804 623 1068 612 516 856 695 601 517 756 413 347 678 588 639 390 678 405 542 424 533 624 832 231 602 213 128 413 306 724 323 367 496 227 429 547 537 625 511 193 827 611 389 586 127 736
406 183 372 541 355 450 577 371 396 161 359 214 307 315 376 260 289 447 395 331 133 348 334 375 241 115 256 391 421 0 436 160 369 285 478 487 284 404 351 212 272 348 571 300 835 290 283 534 397 303 195 523 180 413 380 266 316 68 356 133 219 151 647 302 564 258 247 398 397 180 452 491 593 392 223 255 470 355 214 327 670 255 575 256 156 264 396 414
112 521 136 172 668 346 208 233 208 410 673 502 497 653 624 597 319 641 403 579 334 686 274 99 223 453 207 137 167 436 0 409 434 655 317 311 532 400 250 461 192 162 784 638 1048 627 532 843 710 616 533 736 429 247 693 604 654 406 693 421 557 439 433 640 812 363 618 121 70 428 206 704 223 267 511 360 329 447 552 640 411 209 807 627 404 601 68 751
379 245 345 514 392 423 550 344 369 134 397 226 280 377 349 322 262 420 368 304 106 410 307 348 214 177 229 364 394 160 409 0 342 380 451 460 156 377 323 185 244 321 544 362 808 352 155 596 434 341 257 496 107 386 418 328 378 130 418 145 281 163 620 364 572 231 342 371 370 110 425 464 566 365 235 228 443 328 276 365 643 228 567 351 129 326 369 476
479 454 503 411 297 147 421 553 575 244 472 391 106 586 247 531 472 319 92 202 315 619 516 466 423 387 438 504 534 369 434 342 0 589 175 184 466 101 533 192 454 529 442 572 706 561 465 501 339 416 386 394 362 338 493 537 587 339 537 354 490 373 379 573 470 440 551 488 437 362 297 362 415 358 378 437 166 56 378 269 357 437 465 560 338 535 434 484
625 170 592 760 406 669 796 590 615 380 315 328 526 126 430 211 509 502 614 429 352 99 553 595 460 236 476 610 640 285 655 380 589 0 697 706 503 623 570 431 491 567 501 168 889 150 502 441 447 354 246 552 399 632 292 198 123 287 263 352 251 371 701 139 471 478 101 618 617 399 671 546 812 611 316 474 689 574 265 378 725 474 482 96 375 170 615 321
362 563 386 294 406 175 304 483 458 353 581 499 215 695 356 640 559 427 200 311 423 728 524 349 473 495 457 387 417 478 317 451 175 697 0 139 575 209 500 301 442 412 551 680 815 669 574 610 447 525 495 503 471 221 602 646 696 448 645 463 599 481 262 682 579 527 660 371 320 471 180 471 298 241 487 524 158 165 487 378 240 459 574 669 447 644 317 593
356 572 380 288 415 169 298 477 452 362 590 508 224 704 365 649 552 436 209 320 432 737 518 343 467 504 451 381 411 487 311 460 184 706 139 0 584 218 494 310 436 406 560 689 824 678 583 619 456 534 504 512 480 215 611 655 705 457 654 472 608 490 256 691 588 521 669 365 314 480 174 480 292 235 496 518 152 174 496 387 234 453 583 678 456 653 311 602
502 368 469 637 516 547 674 467 492 258 520 350 404 500 472 445 386 544 491 427 229 533 430 472 337 301 353 487 517 284 532 156 466 503 575 584 0 500 447 308 368 444 667 486 842 475 119 719 558 464 380 619 136 510 541 451 502 253 541 268 405 287 743 487 695 355 465 495 494 139 548 588 689 488 359 352 566 451 400 488 767 352 690 475 160 449 492 599
446 489 470 377 331 181 387 566 542 279 507 425 140 620 282 565 506 353 126 236 349 654 550 432 457 421 473 470 500 404 400 377 101 623 209 218 500 0 567 227 488 495 476 606 741 595 500 536 373 450 421 429 397 304 527 572 622 374 571 389 525 407 345 608 505 475 586 454 403 396 263 397 381 324 412 472 201 90 413 304 323 472 500 595 372 569 401 519
288 435 312 355 583 530 391 134 109 324 587 417 470 567 539 512 162 611 558 494 248 600 175 190 260 368 275 144 107 351 250 323 533 570 500 494 447 567 0 375 260 337 734 553 998 542 446 786 624 531 447 686 343 431 608 518 569 320 608 335 471 354 617 554 762 150 532 296 212 343 390 654 407 411 425 146 513 518 467 555 595 275 757 541 319 516 210 666
430 297 397 560 248 273 571 395 420 87 424 278 130 428 199 373 314 270 218 153 157 462 358 400 265 229 281 416 445 212 461 185 192 431 301 310 308 227 375 0 296 372 393 414 657 403 308 453 290 367 309 346 205 438 444 380 430 182 469 197 333 215 470 416 422 283 394 423 422 204 446 314 565 416 287 280 292 178 328 221 493 280 417 403 180 377 420 436
229 356 253 297 504 471 333 243 218 245 508 338 391 488 460 433 230 532 479 415 169 521 274 132 181 289 197 147 177 272 192 244 454 491 442 436 368 488 260 296 0 279 655 474 919 463 367 707 545 452 368 607 264 354 529 439 490 241 529 256 392 275 558 475 683 199 453 238 153 264 332 575 349 332 346 196 455 439 388 476 536 196 678 462 240 437 152 587
85 432 109 267 580 441 303 320 295 321 584 414 467 564 536 509 306 608 498 491 245 597 350 186 257 365 273 224 254 348 162 321 529 567 412 406 444 495 337 372 279 0 731 550 995 539 443 783 622 528 444 683 340 282 605 515 566 317 605 332 469 351 528 551 759 275 529 94 157 340 302 651 319 261 422 272 425 515 464 552 506 272 754 538 316 513 154 663
789 490 756 761 318 523 771 754 779 445 336 412 380 435 230 366 673 181 467 268 516 434 717 759 624 493 640 774 804 571 784 544 442 501 551 560 667 476 734 393 655 731 0 362 568 459 666 100 336 398 408 82 563 688 313 353 432 540 273 494 406 475 380 448 69 642 541 782 781 563 647 111 765 708 399 638 542 428 400 291 403 638 64 527 539 485 779 221
608 217 575 743 359 652 779 573 598 363 176 311 509 102 413 72 492 485 597 412 335 100 536 577 443 219 458 593 623 300 638 362 572 168 680 689 486 606 553 414 474 550 362 0 872 126 485 302 317 238 229 413 382 615 154 60 98 270 124 335 113 354 684 114 332 460 207 600 599 382 654 442 795 594 299 457 672 557 248 361 708 457 343 194 358 152 598 182
1053 755 1020 1025 583 787 1035 1018 1043 709 758 676 644 886 494 831 937 445 732 532 780 920 981 1023 888 757 904 1038 1068 835 1048 808 706 889 815 824 842 741 998 657 919 995 568 872 0 861 914 627 624 702 672 520 827 952 779 838 888 804 810 758 791 739 644 873 596 906 852 1046 1045 827 911 488 1029 972 663 902 806 692 664 555 667 902 591 861 803 835 1043 758
597 142 564 732 378 641 768 562 587 352 273 300 498 84 402 169 481 474 586 401 324 83 525 567 432 209 448 582 612 290 627 352 561 150 669 678 475 595 542 403 463 539 459 126 861 0 474 399 414 326 218 510 371 604 250 156 81 259 220 324 209 343 673 96 429 450 158 590 589 371 643 518 784 583 288 446 661 546 237 350 697 446 440 167 347 58 587 279
501 368 468 637 515 546 673 466 491 257 520 349 403 499 471 444 385 543 491 426 228 533 429 471 336 300 352 487 516 283 532 155 465 502 574 583 119 500 446 308 367 443 666 485 914 474 0 718 557 463 380 618 135 509 540 450 501 253 540 268 404 286 742 486 695 354 465 494 493 138 547 587 688 487 358 351 565 451 399 487 766 351 689 474 159 448 491 598
841 450 808 820 318 582 831 806 831 504 275 441 439 375 289 306 725 240 527 327 568 373 769 811 676 453 692 826 856 534 843 596 501 441 610 619 719 536 786 453 707 783 100 302 627 399 718 0 276 337 437 141 615 747 252 293 371 503 213 523 346 504 439 387 126 694 480 834 833 615 706 170 825 767 429 691 601 487 429 345 463 691 124 467 591 425 831 160
680 313 646 706 118 420 717 645 670 342 290 234 276 390 166 321 563 237 364 165 407 388 607 649 515 316 530 665 695 397 710 434 339 447 447 456 558 373 624 290 545 622 336 317 624 414 557 276 0 260 230 313 454 633 268 308 387 366 228 316 349 297 437 402 306 532 410 672 671 454 593 281 711 653 222 529 439 324 222 113 460 529 317 419 430 394 670 176
586 219 553 721 218 497 757 551 576 341 93 141 354 311 243 242 470 314 441 242 313 310 514 556 421 222 437 571 601 303 616 341 416 354 525 534 464 450 531 367 452 528 398 238 702 326 463 337 260 0 137 390 360 593 114 229 308 273 159 222 256 204 514 324 367 439 316 579 578 360 632 358 773 572 128 435 516 402 128 190 537 435 378 325 336 300 576 217
502 111 469 638 188 467 674 467 492 258 193 111 324 243 213 188 386 285 412 212 229 276 430 472 337 114 353 488 517 195 533 257 386 246 495 504 380 421 447 309 368 444 408 229 672 218 380 437 230 137 0 360 277 510 214 194 245 165 259 193 147 174 484 230 436 355 208 495 494 276 548 328 689 488 99 352 487 372 99 161 508 352 431 217 252 192 493 317
741 443 708 713 271 475 724 706 731 397 386 364 332 486 182 417 625 133 420 220 468 485 669 711 576 446 592 726 756 523 736 496 394 552 503 512 619 429 686 346 607 683 82 413 520 510 618 141 313 390 360 0 516 640 364 404 483 493 324 446 457 427 332 499 110 594 540 734 733 515 599 152 718 660 352 591 494 380 352 243 356 591 105 549 491 524 731 272
398 265 365 534 412 443 570 363 388 154 417 246 300 397 368 342 282 440 388 323 125 430 326 368 234 197 249 384 413 180 429 107 362 399 471 480 136 397 343 205 264 340 563 382 827 371 135 615 454 360 277 516 0 406 437 348 398 150 437 165 301 183 639 384 592 251 362 391 390 91 445 484 585 384 255 248 462 348 296 384 663 248 586 371 112 345 389 495
293 498 307 224 592 250 260 414 389 387 650 479 401 630 542 575 372 545 307 497 311 663 416 279 323 430 338 318 347 413 247 386 338 632 221 215 510 304 431 438 354 282 688 615 952 604 509 747 633 593 510 640 406 0 670 581 631 383 670 398 534 416 337 617 716 340 595 302 250 405 110 608 276 160 488 337 233 351 529 564 315 337 711 604 382 578 248 728
663 296 630 798 295 574 834 628 653 419 112 218 431 226 320 157 547 391 519 319 390 225 591 633 498 299 514 648 678 380 693 418 493 292 602 611 541 527 608 444 529 605 313 154 779 250 540 252 268 114 214 364 437 670 0 145 223 350 74 300 198 281 591 239 283 516 332 656 655 437 709 392 850 649 205 512 593 479 206 267 614 513 294 319 413 277 653 132
573 182 540 709 350 618 745 538 563 329 167 277 475 132 379 63 457 450 563 378 300 131 501 543 408 185 424 559 588 266 604 328 537 198 646 655 451 572 518 380 439 515 353 60 838 156 450 293 308 229 194 404 348 581 145 0 129 236 115 301 78 319 650 145 323 426 238 566 565 347 619 433 760 559 264 423 637 523 214 326 673 423 334 224 323 183 563 173
624 169 590 759 404 668 795 589 614 379 246 327 525 57 429 142 507 501 613 428 351 56 552 593 459 235 474 609 639 316 654 378 587 123 696 705 502 622 569 430 490 566 432 98 888 81 501 371 387 308 245 483 398 631 223 129 0 286 193 351 182 369 700 70 402 476 163 616 615 398 670 511 811 610 315 473 688 573 264 377 724 473 413 149 374 85 614 251
375 153 342 511 324 420 547 340 365 131 329 184 277 285 345 230 259 417 365 300 102 318 303 345 211 85 226 361 390 68 406 130 339 287 448 457 253 374 320 182 241 317 540 270 804 259 253 503 366 273 165 493 150 383 350 236 286 0 325 103 189 121 617 272 534 228 250 368 367 149 422 461 562 361 193 225 439 325 184 297 640 225 545 259 126 233 366 383
663 272 630 798 270 617 834 628 653 418 97 263 474 196 363 127 547 423 562 363 390 195 591 633 498 275 514 648 678 356 693 418 537 263 645 654 541 571 608 469 529 605 273 124 810 220 540 213 228 159 259 324 437 670 74 115 193 325 0 345 168 326 622 209 243 516 302 656 655 437 709 353 850 649 250 512 637 522 251 297 646 512 254 289 413 247 653 102
390 218 357 526 274 435 562 355 380 146 279 108 292 349 299 294 274 371 380 298 117 383 318 360 225 150 241 376 405 133 421 145 354 352 463 472 268 389 335 197 256 332 494 335 758 324 268 523 316 222 193 446 165 398 300 301 351 103 345 0 254 88 570 337 522 243 315 383 382 164 437 414 577 376 117 240 454 340 185 247 593 240 517 324 140 298 381 403
527 135 493 662 307 571 698 492 517 282 220 230 428 185 332 72 410 404 516 331 254 184 455 496 362 138 377 512 542 219 557 281 490 251 599 608 405 525 471 333 392 469 406 113 791 209 404 346 349 256 147 457 301 534 198 78 182 189 168 254 0 272 603 198 376 379 232 519 518 301 573 447 714 513 217 376 591 476 167 280 626 376 387 242 277 216 517 226
409 236 376 544 256 453 580 374 399 164 260 90 310 368 280 313 293 352 398 280 136 401 337 378 244 169 259 394 424 151 439 163 373 371 481 490 287 407 354 215 275 351 475 354 739 343 286 504 297 204 174 427 183 416 281 319 369 121 326 88 272 0 551 355 504 261 333 401 400 183 455 396 596 395 98 258 473 358 166 228 575 258 498 342 159 317 399 384
479 567 503 410 395 291 421 600 575 521 570 488 442 699 306 644 675 238 348 344 592 732 641 465 589 569 574 503 533 647 433 620 379 701 262 256 743 345 617 470 558 528 380 684 644 673 742 439 437 514 484 332 639 337 591 650 700 617 622 570 603 551 0 686 408 644 664 488 436 639 296 301 415 357 476 641 274 392 476 367 195 575 403 673 615 647 434 570
609 154 576 745 390 654 781 574 599 365 262 313 511 73 415 158 493 486 599 414 336 72 537 579 444 221 460 595 624 302 640 364 573 139 682 691 487 608 554 416 475 551 448 114 873 96 486 387 402 324 230 499 384 617 239 145 70 272 209 337 198 355 686 0 418 462 170 602 601 383 655 527 796 595 300 459 673 559 250 362 709 459 429 165 359 70 599 267
817 480 784 789 347 551 800 782 807 474 306 440 408 405 258 336 701 209 496 296 544 404 745 787 652 483 668 803 832 564 812 572 470 471 579 588 695 505 762 422 683 759 69 332 596 429 695 126 306 367 436 110 592 716 283 323 402 534 243 522 376 504 408 418 0 670 511 810 809 591 675 139 794 736 428 667 570 456 428 319 432 667 93 497 567 455 807 191
333 343 300 468 490 521 504 170 195 232 495 324 378 475 447 420 89 518 466 402 156 508 133 303 168 275 184 268 231 258 363 231 440 478 527 521 355 475 150 283 199 275 642 460 906 450 354 694 532 439 355 594 251 340 516 426 476 228 516 243 379 261 644 462 670 0 440 326 325 251 379 562 520 319 333 32 540 426 374 463 622 182 665 449 227 424 323 574
587 132 554 723 368 632 759 552 577 343 355 291 489 166 393 251 471 464 577 392 314 139 515 557 422 199 438 573 602 247 618 342 551 101 660 669 465 586 532 394 453 529 541 207 852 158 465 480 410 316 208 540 362 595 332 238 163 250 302 315 232 333 664 170 511 440 0 580 579 361 633 508 774 573 278 437 651 537 228 340 687 437 521 73 337 132 577 360
44 483 68 226 630 401 262 279 255 372 635 464 518 615 587 560 357 658 458 542 296 648 321 145 269 415 253 183 213 398 121 371 488 618 371 365 495 454 296 423 238 94 782 600 1046 590 494 834 672 579 495 734 391 302 656 566 616 368 656 383 519 401 488 602 810 326 580 0 116 391 261 702 278 312 473 322 384 501 514 603 466 255 805 589 367 564 114 714
107 482 131 175 629 349 211 195 170 371 634 463 500 614 586 559 280 644 406 541 295 647 236 66 184 414 169 98 128 397 70 370 437 617 320 314 494 403 212 422 153 157 781 599 1045 589 493 833 671 578 494 733 390 250 655 565 615 367 655 382 518 400 436 601 809 325 579 116 0 390 210 701 227 270 472 321 333 450 513 602 414 170 804 588 366 563 62 713
398 264 365 533 412 443 569 363 388 154 416 246 300 396 368 341 282 440 387 323 125 429 326 368 233 197 249 383 413 180 428 110 362 399 471 480 139 396 343 204 264 340 563 382 827 371 138 615 454 360 276 515 91 405 437 347 398 149 437 164 301 183 639 383 591 251 361 391 390 0 444 484 585 384 255 248 462 347 296 384 663 248 586 370 115 345 388 495
252 536 276 183 551 209 219 373 348 426 688 518 360 668 501 613 410 504 266 456 349 701 414 238 362 469 347 277 306 452 206 425 297 671 180 174 548 263 390 446 332 302 647 654 911 643 547 706 593 632 548 599 445 110 709 619 670 422 709 437 573 455 296 655 675 379 633 261 210 444 0 567 235 130 527 376 192 310 568 523 274 348 670 643 420 617 207 738
709 411 676 681 239 443 692 674 699 366 414 333 300 515 150 446 593 101 388 188 436 513 637 679 545 414 560 695 724 491 704 464 362 546 471 480 588 397 654 314 575 651 111 442 488 518 587 170 281 358 328 152 484 608 392 433 511 461 353 414 447 396 301 527 139 562 508 702 701 484 567 0 686 628 320 559 463 348 320 211 324 559 134 517 460 492 700 300
269 677 293 125 669 328 54 390 365 567 829 659 478 809 619 754 475 623 385 574 490 842 431 255 380 610 364 294 323 593 223 566 415 812 298 292 689 381 407 565 349 319 765 795 1029 784 688 825 711 773 689 718 585 276 850 760 811 562 850 577 714 596 415 796 794 520 774 278 227 585 235 686 0 296 668 517 311 428 709 642 393 365 789 783 561 758 224 857
313 476 286 244 612 270 280 431 409 366 628 458 421 608 562 553 350 565 327 517 289 641 394 299 302 409 317 338 367 392 267 365 358 611 241 235 488 324 411 416 332 261 708 594 972 583 487 767 653 572 488 660 384 160 649 559 610 361 649 376 513 395 357 595 736 319 573 312 270 384 130 628 296 0 467 316 253 371 508 584 335 316 731 583 360 557 268 707
481 181 447 616 180 459 652 445 470 236 184 76 316 313 205 258 364 276 403 204 207 346 408 450 316 184 331 466 496 223 511 235 378 316 487 496 359 412 425 287 346 422 399 299 663 288 358 429 222 128 99 352 255 488 205 264 315 193 250 117 217 98 476 300 428 333 278 473 472 255 527 320 668 467 0 330 478 363 90 152 499 330 423 287 231 262 471 309
330 340 297 465 487 518 501 167 192 229 492 321 375 472 444 417 85 515 463 398 153 505 130 299 165 272 180 265 227 255 360 228 437 474 524 518 352 472 146 280 196 272 638 457 902 446 351 691 529 435 352 591 248 337 512 423 473 225 512 240 376 258 641 459 667 32 437 322 321 248 376 559 517 316 330 0 537 423 371 459 619 179 662 446 224 420 320 571
375 554 399 306 397 187 317 496 471 344 572 491 206 686 347 631 571 419 192 302 415 719 537 361 486 487 470 400 429 470 329 443 166 689 158 152 566 201 513 292 455 425 542 672 806 661 565 601 439 516 487 494 462 233 593 637 688 439 637 454 591 473 274 673 570 540 651 384 333 462 192 463 311 253 478 537 0 156 478 369 252 471 565 660 438 635 330 585
492 440 516 424 283 137 434 538 563 230 458 376 91 572 233 517 457 304 81 188 300 605 501 479 409 372 424 517 547 355 447 328 56 574 165 174 451 90 518 178 439 515 428 557 692 546 451 487 324 402 372 380 348 351 479 523 573 325 522 340 476 358 392 559 456 426 537 501 450 347 310 348 428 371 363 423 156 0 364 255 370 423 451 546 323 520 447 470
522 131 489 657 180 459 693 487 512 277 185 103 316 263 205 207 406 277 404 204 249 296 450 492 357 133 372 507 537 214 552 276 378 265 487 496 400 413 467 328 388 464 400 248 664 237 399 429 222 128 99 352 296 529 206 214 264 184 251 185 167 166 476 250 428 374 228 514 513 296 568 320 709 508 90 371 478 364 0 153 499 371 423 237 272 211 512 309
610 243 577 637 71 350 648 575 600 273 247 165 207 375 96 320 494 168 295 95 337 408 538 580 445 246 461 595 625 327 640 365 269 378 378 387 488 304 555 221 476 552 291 361 555 350 487 345 113 190 161 243 384 564 267 326 377 297 297 247 280 228 367 362 319 463 340 603 602 384 523 211 642 584 152 459 369 255 153 0 390 460 314 349 360 324 600 245
457 590 481 388 418 269 399 577 553 545 593 512 419 722 329 667 653 261 326 367 592 755 619 443 567 593 552 481 511 670 411 643 357 725 240 234 767 323 595 493 536 506 403 708 667 697 766 463 460 537 508 356 663 315 614 673 724 640 646 593 626 575 195 709 432 622 687 466 414 663 274 324 393 335 499 619 252 370 499 390 0 553 427 696 639 671 412 593
246 340 270 314 487 488 350 260 235 229 492 321 375 472 444 417 214 515 463 398 153 505 258 148 165 272 181 164 193 255 209 228 437 474 459 453 352 472 275 280 196 272 638 457 902 446 351 691 529 435 352 591 248 337 513 423 473 225 512 240 376 258 575 459 667 182 437 255 170 248 348 559 365 316 330 179 471 423 371 460 553 0 662 446 224 421 168 571
812 491 779 784 342 546 795 777 802 468 316 435 403 416 253 347 696 204 491 291 539 415 740 782 647 494 663 797 827 575 807 567 465 482 574 583 690 500 757 417 678 754 64 343 591 440 689 124 317 378 431 105 586 711 294 334 413 545 254 517 387 498 403 429 93 665 521 805 804 586 670 134 789 731 423 662 565 451 423 314 427 662 0 508 562 466 802 202
596 141 563 732 377 641 768 561 586 352 341 300 498 152 402 237 480 473 586 401 323 125 524 566 432 208 447 582 611 256 627 351 560 96 669 678 475 595 541 403 462 538 527 194 861 167 474 467 419 325 217 549 371 604 319 224 149 259 289 324 242 342 673 165 497 449 73 589 588 370 643 517 783 583 287 446 660 546 237 349 696 446 508 0 347 141 587 347
374 240 341 509 388 419 546 339 364 130 392 222 276 372 344 317 258 416 363 299 101 405 302 344 209 173 225 359 389 156 404 129 338 375 447 456 160 372 319 180 240 316 539 358 803 347 159 591 430 336 252 491 112 382 413 323 374 126 413 140 277 159 615 359 567 227 337 367 366 115 420 460 561 360 231 224 438 323 272 360 639 224 562 347 0 321 364 471
571 116 538 706 352 616 742 536 561 327 299 275 473 83 376 195 455 448 560 376 298 109 499 541 406 183 422 556 586 264 601 326 535 170 644 653 449 569 516 377 437 513 485 152 835 58 448 425 394 300 192 524 345 578 277 183 85 233 247 298 216 317 647 70 455 424 132 564 563 345 617 492 758 557 262 420 635 520 211 324 671 421 466 141 321 0 561 305
105 480 129 173 628 347 209 193 168 370 633 462 497 612 584 557 278 642 404 539 293 646 234 64 183 413 167 97 127 396 68 369 434 615 317 311 492 401 210 420 152 154 779 598 1043 587 491 831 670 576 493 731 389 248 653 563 614 366 653 381 517 399 434 599 807 323 577 114 62 388 207 700 224 268 471 320 330 447 512 600 412 168 802 587 364 561 0 711
721 330 688 852 217 565 863 686 711 477 155 321 422 255 311 186 605 370 510 310 448 253 649 691 556 333 572 706 736 414 751 476 484 321 593 602 599 519 666 436 587 663 221 182 758 279 598 160 176 217 317 272 495 728 132 173 251 383 102 403 226 384 570 267 191 574 360 714 713 495 738 300 857 707 309 571 585 470 309 245 593 571 202 347 471 305 711 0
EOF