NAME : tsp_problem
TYPE : TSP
DIMENSION : 62
EDGE_WEIGHT_TYPE : EXPLICIT
EDGE_WEIGHT_FORMAT : FULL_MATRIX
EDGE_WEIGHT_SECTION
0 291 1179 791 632 1015 682 862 112 361 371 60 380 263 563 848 689 602 415 605 315 1164 830 526 232 507 583 193 774 547 601 663 673 818 606 762 741 82 743 535 531 1007 318 325 450 725 135 284 223 154 328 142 560 177 640 717 254 505 851 798 443 1030
291 0 979 596 432 960 482 689 291 237 398 295 407 141 363 649 529 547 361 551 342 964 776 472 110 331 384 126 579 347 402 463 473 618 406 708 541 323 543 335 445 807 264 274 388 525 271 311 250 256 355 244 505 204 440 663 280 451 656 598 196 975
1179 979 0 958 801 347 851 1017 1179 897 976 1184 971 1015 652 1018 856 769 881 733 892 74 886 764 1044 844 753 1078 941 716 771 832 842 987 606 929 910 1211 912 679 814 212 970 934 901 894 1159 979 1010 1145 879 1132 771 1033 809 884 953 840 1018 967 814 362
791 596 958 0 353 719 404 169 792 514 593 789 588 632 349 288 133 225 529 260 509 950 295 411 661 461 240 694 72 294 253 216 394 355 392 263 235 762 334 321 366 793 618 551 518 252 776 596 627 762 496 749 259 650 361 297 570 340 92 213 431 734
632 432 801 353 0 868 79 421 632 349 429 636 424 468 184 322 285 378 678 409 344 786 547 560 497 296 166 530 336 115 134 196 100 252 228 495 274 664 139 157 266 628 656 386 354 257 612 431 463 597 331 585 364 486 100 450 405 292 413 330 266 883
1015 960 347 719 868 0 918 778 1016 964 1043 1013 1038 933 799 919 617 529 642 493 958 371 647 524 902 911 758 918 701 783 772 734 908 889 842 690 812 986 852 771 638 523 731 1000 968 796 1039 1046 1041 1048 945 1036 532 995 876 645 1020 613 778 869 880 40
682 482 851 404 79 918 0 465 682 400 479 687 474 518 235 284 336 428 728 459 395 836 591 611 547 347 217 581 387 165 185 226 62 215 278 546 324 714 101 207 317 679 707 437 404 308 662 482 513 648 382 635 414 536 62 501 456 343 463 338 317 933
862 689 1017 169 421 778 465 0 863 606 685 861 681 724 441 228 270 296 588 331 601 1041 161 470 750 553 377 766 191 371 321 284 462 295 484 129 175 834 387 414 437 885 677 643 610 192 868 688 720 854 588 842 330 742 429 174 662 411 107 153 523 793
112 291 1179 792 632 1016 682 863 0 361 371 110 380 263 563 848 690 603 416 606 315 1164 831 528 232 507 583 193 775 547 602 663 673 818 606 763 741 45 743 535 532 1007 319 325 450 725 45 284 223 56 328 65 561 177 640 718 254 506 852 798 443 1031
361 237 897 514 349 964 400 606 361 0 332 366 341 273 280 566 446 501 569 505 276 881 732 656 302 249 301 290 497 265 319 381 390 536 324 656 459 393 460 253 362 724 473 171 306 442 341 130 192 327 284 314 460 215 357 611 214 388 574 515 114 978
371 398 976 593 429 1043 479 685 371 332 0 375 76 370 360 645 525 581 590 584 179 961 811 701 339 181 380 300 576 344 398 460 470 615 403 735 538 403 540 332 442 804 493 295 146 521 351 255 202 337 192 324 539 225 437 690 145 468 653 595 298 1058
60 295 1184 789 636 1013 687 861 110 366 375 0 384 268 567 853 688 600 413 603 320 1168 828 525 237 512 588 198 772 552 606 667 677 822 610 760 745 81 747 540 529 1011 317 329 455 729 134 288 227 152 333 146 558 181 644 715 258 504 849 802 447 1028
380 407 971 588 424 1038 474 681 380 341 76 384 0 379 355 640 520 576 599 579 188 956 806 710 348 176 375 309 571 339 393 455 465 610 398 730 533 412 535 327 437 799 502 304 155 516 360 264 211 346 201 333 534 234 432 685 154 463 648 590 293 1053
263 141 1015 632 468 933 518 724 263 273 370 268 379 0 399 684 564 520 333 523 314 1000 748 445 83 367 419 99 615 383 437 499 509 654 442 680 577 295 579 371 449 843 236 310 424 560 243 283 222 229 327 216 478 176 476 635 253 424 692 634 232 948
563 363 652 349 184 799 235 441 563 280 360 567 355 399 0 401 281 337 609 340 275 636 567 491 428 227 136 461 332 100 154 216 225 371 105 491 294 595 295 88 197 479 587 317 285 277 543 362 394 528 262 516 295 417 192 446 336 223 409 350 197 814
848 649 1018 288 322 919 284 228 848 566 645 853 640 684 401 0 334 426 730 461 561 1002 354 612 713 513 383 747 310 331 281 215 306 99 444 321 159 880 206 374 483 845 819 603 570 176 828 648 679 814 548 802 460 702 306 367 622 509 225 100 483 934
689 529 856 133 285 617 336 270 690 446 525 688 520 564 281 334 0 123 427 158 441 880 396 310 577 393 172 593 115 227 186 148 326 303 324 241 226 661 266 253 264 725 516 483 450 210 708 528 559 694 428 682 157 582 293 196 502 238 192 283 363 632
602 547 769 225 378 529 428 296 603 501 581 600 576 520 337 426 123 0 340 71 496 793 345 222 489 448 264 505 208 319 278 241 419 395 380 196 319 573 358 309 176 781 429 538 506 302 626 583 615 635 483 622 70 582 386 151 557 151 285 375 418 544
415 361 881 529 678 642 728 588 416 569 590 413 599 333 609 730 427 340 0 304 534 905 457 154 302 664 568 318 512 593 582 544 719 699 652 500 623 387 662 581 449 1053 150 543 669 606 440 503 442 448 547 436 342 396 686 455 472 423 589 679 529 657
605 551 733 260 409 493 459 331 606 505 584 603 579 523 340 461 158 71 304 0 500 757 309 186 492 452 299 508 243 324 313 275 450 430 383 231 354 576 393 312 180 784 393 542 509 337 630 587 618 638 487 626 73 585 417 186 561 154 320 410 422 508
315 342 892 509 344 958 395 601 315 276 179 320 188 314 275 561 441 496 534 500 0 876 727 645 284 244 296 244 492 260 314 376 385 530 318 651 454 347 455 248 357 719 437 239 258 437 295 199 146 281 136 268 454 169 352 606 89 383 569 510 213 973
1164 964 74 950 786 371 836 1041 1164 881 961 1168 956 1000 636 1002 880 793 905 757 876 0 910 788 1029 828 737 1062 933 701 755 817 826 972 590 953 895 1196 897 664 798 196 994 918 886 878 1144 963 995 1130 863 1117 795 1018 794 908 937 825 1010 952 798 386
830 776 886 295 547 647 591 161 831 732 811 828 806 748 567 354 396 345 457 309 727 910 0 340 717 679 503 733 317 497 447 410 588 421 610 189 301 802 513 540 454 1011 546 769 736 318 855 814 845 863 714 851 347 811 555 234 788 428 233 279 649 662
526 472 764 411 560 524 611 470 528 656 701 525 710 445 491 612 310 222 154 186 645 788 340 0 414 603 450 430 394 476 464 427 601 582 534 383 505 498 545 464 331 935 243 655 660 488 551 614 553 560 638 547 224 507 568 337 584 305 471 562 573 539
232 110 1044 661 497 902 547 750 232 302 339 237 348 83 428 713 577 489 302 492 284 1029 717 414 0 396 448 68 644 412 466 528 537 683 471 650 606 264 608 400 419 872 206 293 418 589 212 252 191 198 296 186 447 145 505 604 222 393 721 663 261 917
507 331 844 461 296 911 347 553 507 249 181 512 176 367 227 513 393 448 664 452 244 828 679 603 396 0 248 430 444 212 266 328 337 483 271 603 406 539 407 200 309 671 567 286 106 389 487 331 338 473 231 461 407 361 304 558 281 335 521 462 165 926
583 384 753 240 166 758 217 377 583 301 380 588 375 419 136 383 172 264 568 299 296 737 503 450 448 248 0 482 222 82 136 197 207 352 179 382 275 615 277 109 218 580 608 338 305 259 563 383 414 549 283 537 298 437 174 337 357 244 300 332 218 773
193 126 1078 694 530 918 581 766 193 290 300 198 309 99 461 747 593 505 318 508 244 1062 733 430 68 430 482 0 677 446 500 561 571 716 504 666 640 225 641 434 435 905 222 254 379 623 173 213 152 159 257 147 463 106 538 620 183 409 754 696 294 933
774 579 941 72 336 701 387 191 775 497 576 772 571 615 332 310 115 208 512 243 492 933 317 394 644 444 222 677 0 277 236 199 377 354 375 285 257 745 317 304 348 776 601 534 501 260 759 579 610 745 479 732 242 633 344 280 553 323 114 235 413 716
547 347 716 294 115 783 165 371 547 265 344 552 339 383 100 331 227 319 593 324 260 701 497 476 412 212 82 446 277 0 84 146 156 301 143 436 224 579 226 72 182 544 572 302 269 207 527 347 378 513 247 501 279 401 123 391 321 208 354 281 182 798
601 402 771 253 134 772 185 321 602 319 398 606 393 437 154 281 186 278 582 313 314 755 447 464 466 266 136 500 236 84 0 96 175 251 197 395 174 633 214 127 236 598 626 356 323 157 581 401 432 567 301 555 312 455 142 350 375 262 313 231 236 786
663 463 832 216 196 734 226 284 663 381 460 667 455 499 216 215 148 241 544 275 376 817 410 427 528 328 197 561 199 146 96 0 237 185 259 358 137 695 147 188 298 660 633 418 385 120 643 463 494 629 363 616 275 517 204 313 437 324 276 193 297 749
673 473 842 394 100 908 62 462 673 390 470 677 465 509 225 306 326 419 719 450 385 826 588 601 537 337 207 571 377 156 175 237 0 236 269 536 315 704 123 198 307 669 697 427 394 298 652 472 504 638 372 626 405 526 84 491 446 333 454 359 307 923
818 618 987 355 252 889 215 295 818 536 615 822 610 654 371 99 303 395 699 430 530 972 421 582 683 483 352 716 354 301 251 185 236 0 414 389 226 850 137 343 453 815 788 572 540 243 798 618 649 784 517 771 429 672 236 434 592 479 292 167 452 904
606 406 606 392 228 842 278 484 606 324 403 610 398 442 105 444 324 380 652 383 318 590 610 534 471 271 179 504 375 143 197 259 269 414 0 534 337 638 339 131 241 433 630 361 328 320 586 406 437 572 305 559 338 460 236 489 380 267 452 394 240 857
762 708 929 263 495 690 546 129 763 656 735 760 730 680 491 321 241 196 500 231 651 953 189 383 650 603 382 666 285 436 395 358 536 389 534 0 269 734 476 463 337 935 589 693 660 285 787 738 769 796 638 783 230 743 503 74 712 311 200 247 573 705
741 541 910 235 274 812 324 175 741 459 538 745 533 577 294 159 226 319 623 354 454 895 301 505 606 406 275 640 257 224 174 137 315 226 337 269 0 773 254 266 376 738 711 496 463 45 721 541 572 707 441 694 353 595 282 314 515 402 173 84 376 827
82 323 1211 762 664 986 714 834 45 393 403 81 412 295 595 880 661 573 387 576 347 1196 802 498 264 539 615 225 745 579 633 695 704 850 638 734 773 0 775 567 503 1039 290 356 482 756 69 316 255 87 360 97 531 209 672 689 285 477 822 830 475 1001
743 543 912 334 139 852 101 387 743 460 540 747 535 579 295 206 266 358 662 393 455 897 513 545 608 407 277 641 317 226 214 147 123 137 339 476 254 775 0 268 377 739 751 497 465 238 723 542 574 708 442 696 392 597 123 431 516 403 384 259 377 867
535 335 679 321 157 771 207 414 535 253 332 540 327 371 88 374 253 309 581 312 248 664 540 464 400 200 109 434 304 72 127 188 198 343 131 463 266 567 268 0 170 507 560 290 257 250 515 335 366 501 235 488 267 389 165 418 309 196 381 323 170 786
531 445 814 366 266 638 317 437 532 362 442 529 437 449 197 483 264 176 449 180 357 798 454 331 419 309 218 435 348 182 236 298 307 453 241 337 376 503 377 170 0 641 427 399 367 359 556 444 476 565 344 552 135 499 274 292 418 80 426 432 279 653
1007 807 212 793 628 523 679 885 1007 724 804 1011 799 843 479 845 725 781 1053 784 719 196 1011 935 872 671 580 905 776 544 598 660 669 815 433 935 738 1039 739 507 641 0 1031 761 729 721 987 806 838 972 706 960 739 861 636 890 780 667 853 794 641 538
318 264 970 618 656 731 707 677 319 473 493 317 502 236 587 819 516 429 150 393 437 994 546 243 206 567 608 222 601 572 626 633 697 788 630 589 711 290 751 560 427 1031 0 446 572 695 343 406 345 352 450 339 431 299 664 544 375 401 678 768 432 746
325 274 934 551 386 1000 437 643 325 171 295 329 304 310 317 603 483 538 543 542 239 918 769 655 293 286 338 254 534 302 356 418 427 572 361 693 496 356 497 290 399 761 446 0 343 479 304 94 156 290 252 278 497 178 394 648 178 425 611 552 151 1015
450 388 901 518 354 968 404 610 450 306 146 455 155 424 285 570 450 506 669 509 258 886 736 660 418 106 305 379 501 269 323 385 394 540 328 660 463 482 465 257 367 729 572 343 0 446 430 334 281 416 271 403 464 304 362 615 224 393 578 520 223 983
725 525 894 252 257 796 308 192 725 442 521 729 516 560 277 176 210 302 606 337 437 878 318 488 589 389 259 623 260 207 157 120 298 243 320 285 45 756 238 250 359 721 695 479 446 0 704 524 555 690 424 678 336 578 265 331 498 385 189 101 359 811
135 271 1159 776 612 1039 662 868 45 341 351 134 360 243 543 828 708 626 440 630 295 1144 855 551 212 487 563 173 759 527 581 643 652 798 586 787 721 69 723 515 556 987 343 304 430 704 0 264 203 35 308 45 584 157 620 742 233 530 836 778 423 1054
284 311 979 596 431 1046 482 688 284 130 255 288 264 283 362 648 528 583 503 587 199 963 814 614 252 331 383 213 579 347 401 463 472 618 406 738 541 316 542 335 444 806 406 94 334 524 264 0 115 250 212 237 542 138 439 693 137 470 656 597 196 1060
223 250 1010 627 463 1041 513 720 223 192 202 227 211 222 394 679 559 615 442 618 146 995 845 553 191 338 414 152 610 378 432 494 504 649 437 769 572 255 574 366 476 838 345 156 281 555 203 115 0 189 159 176 573 77 471 724 85 502 687 629 274 1056
154 256 1145 762 597 1048 648 854 56 327 337 152 346 229 528 814 694 635 448 638 281 1130 863 560 198 473 549 159 745 513 567 629 638 784 572 796 707 87 708 501 565 972 352 290 416 690 35 250 189 0 294 31 593 143 606 750 219 539 822 764 408 1063
328 355 879 496 331 945 382 588 328 284 192 333 201 327 262 548 428 483 547 487 136 863 714 638 296 231 283 257 479 247 301 363 372 517 305 638 441 360 442 235 344 706 450 252 271 424 308 212 159 294 0 281 441 182 339 593 102 370 556 497 200 960
142 244 1132 749 585 1036 635 842 65 314 324 146 333 216 516 802 682 622 436 626 268 1117 851 547 186 461 537 147 732 501 555 616 626 771 559 783 694 97 696 488 552 960 339 278 403 678 45 237 176 31 281 0 581 130 593 738 207 526 809 751 396 1051
560 505 771 259 364 532 414 330 561 460 539 558 534 478 295 460 157 70 342 73 454 795 347 224 447 407 298 463 242 279 312 275 405 429 338 230 353 531 392 267 135 739 431 497 464 336 584 542 573 593 441 581 0 540 372 185 516 109 319 409 376 547
177 204 1033 650 486 995 536 742 177 215 225 181 234 176 417 702 582 582 396 585 169 1018 811 507 145 361 437 106 633 401 455 517 526 672 460 743 595 209 597 389 499 861 299 178 304 578 157 138 77 143 182 130 540 0 494 698 107 486 710 652 297 1010
640 440 809 361 100 876 62 429 640 357 437 644 432 476 192 306 293 386 686 417 352 794 555 568 505 304 174 538 344 123 142 204 84 236 236 503 282 672 123 165 274 636 664 394 362 265 620 439 471 606 339 593 372 494 0 458 413 300 421 338 274 891
717 663 884 297 450 645 501 174 718 611 690 715 685 635 446 367 196 151 455 186 606 908 234 337 604 558 337 620 280 391 350 313 491 434 489 74 314 689 431 418 292 890 544 648 615 331 742 693 724 750 593 738 185 698 458 0 667 266 246 292 527 660
254 280 953 570 405 1020 456 662 254 214 145 258 154 253 336 622 502 557 472 561 89 937 788 584 222 281 357 183 553 321 375 437 446 592 380 712 515 285 516 309 418 780 375 178 224 498 233 137 85 219 102 207 516 107 413 667 0 444 630 571 274 1034
505 451 840 340 292 613 343 411 506 388 468 504 463 424 223 509 238 151 423 154 383 825 428 305 393 335 244 409 323 208 262 324 333 479 267 311 402 477 403 196 80 667 401 425 393 385 530 470 502 539 370 526 109 486 300 266 444 0 400 458 305 628
851 656 1018 92 413 778 463 107 852 574 653 849 648 692 409 225 192 285 589 320 569 1010 233 471 721 521 300 754 114 354 313 276 454 292 452 200 173 822 384 381 426 853 678 611 578 189 836 656 687 822 556 809 319 710 421 246 630 400 0 151 490 793
798 598 967 213 330 869 338 153 798 515 595 802 590 634 350 100 283 375 679 410 510 952 279 562 663 462 332 696 235 281 231 193 359 167 394 247 84 830 259 323 432 794 768 552 520 101 778 597 629 764 497 751 409 652 338 292 571 458 151 0 432 884
443 196 814 431 266 880 317 523 443 114 298 447 293 232 197 483 363 418 529 422 213 798 649 573 261 165 218 294 413 182 236 297 307 452 240 573 376 475 377 170 279 641 432 151 223 359 423 196 274 408 200 396 376 297 274 527 274 305 490 432 0 895
1030 975 362 734 883 40 933 793 1031 978 1058 1028 1053 948 814 934 632 544 657 508 973 386 662 539 917 926 773 933 716 798 786 749 923 904 857 705 827 1001 867 786 653 538 746 1015 983 811 1054 1060 1056 1063 960 1051 547 1010 891 660 1034 628 793 884 895 0
EOF