NAME : tsp_problem
TYPE : TSP
DIMENSION : 20
EDGE_WEIGHT_TYPE : EXPLICIT
EDGE_WEIGHT_FORMAT : FULL_MATRIX
EDGE_WEIGHT_SECTION
0 266 436 273 520 287 270 539 638 554 483 535 198 285 355 49 515 627 409 523
266 0 244 313 328 390 138 772 446 362 291 343 402 153 163 260 500 587 277 331
436 244 0 498 179 599 347 888 230 269 198 250 594 362 214 445 315 371 486 238
273 313 498 0 583 175 213 779 700 617 546 598 187 198 418 267 754 841 197 586
520 328 179 583 0 684 431 973 145 353 275 238 679 446 298 530 230 286 570 250
287 390 599 175 684 0 284 712 801 718 647 699 118 269 519 268 769 881 268 687
270 138 347 213 431 284 0 776 549 465 395 446 296 60 266 265 603 690 171 434
539 772 888 779 973 712 776 0 1055 1001 936 988 704 791 808 555 918 1030 915 976
638 446 230 700 145 801 549 1055 0 303 325 182 796 564 416 647 165 221 688 193
554 362 269 617 353 718 465 1001 303 0 317 221 713 480 332 564 167 316 604 209
483 291 198 546 275 647 395 936 325 317 0 298 642 410 262 493 410 466 534 286
535 343 250 598 238 699 446 988 182 221 298 0 694 461 313 545 267 322 585 172
198 402 594 187 679 118 296 704 796 713 642 694 0 281 514 179 679 791 280 682
285 153 362 198 446 269 60 791 564 480 410 461 281 0 281 280 618 705 155 449
355 163 214 418 298 519 266 808 416 332 262 313 514 281 0 365 470 557 405 301
49 260 445 267 530 268 265 555 647 564 493 545 179 280 365 0 530 642 404 533
515 500 315 754 230 769 603 918 165 167 410 267 679 618 470 530 0 178 742 278
627 587 371 841 286 881 690 1030 221 316 466 322 791 705 557 642 178 0 829 334
409 277 486 197 570 268 171 915 688 604 534 585 280 155 405 404 742 829 0 573
523 331 238 586 250 687 434 976 193 209 286 172 682 449 301 533 278 334 573 0
EOF