NAME : tsp_problem
TYPE : TSP
DIMENSION : 76
EDGE_WEIGHT_TYPE : EXPLICIT
EDGE_WEIGHT_FORMAT : FULL_MATRIX
EDGE_WEIGHT_SECTION
0 673 184 532 745 517 182 1013 719 253 749 181 609 163 329 595 1034 203 232 796 668 720 462 70 760 615 777 604 687 737 268 358 328 774 766 350 1165 748 291 212 636 231 768 672 639 153 78 581 292 302 39 340 976 387 749 368 412 777 532 95 431 784 603 459 193 734 279 750 230 227 659 245 636 606 168 192
673 0 516 334 184 320 581 852 157 828 588 578 346 541 581 291 874 563 536 190 384 159 451 721 476 406 165 279 52 344 484 342 373 467 373 715 968 137 460 557 475 469 156 110 318 574 702 301 455 399 691 428 816 681 465 539 499 563 214 620 407 458 123 406 579 172 468 139 757 532 266 455 219 465 536 519
184 516 0 375 589 361 241 1020 562 416 756 104 567 63 388 438 1041 262 291 639 620 564 492 232 712 573 620 447 530 580 190 202 171 726 609 409 1009 592 214 271 643 75 611 515 554 85 213 424 214 145 201 304 983 446 701 427 471 784 375 130 275 733 446 303 253 577 201 594 365 150 502 89 479 632 57 41
532 334 375 0 407 178 440 687 380 536 423 437 235 400 289 256 709 421 395 457 294 381 160 580 385 241 438 265 348 398 343 201 231 399 427 509 827 409 319 416 310 328 429 333 265 433 561 242 314 258 549 287 651 516 374 247 207 451 193 478 265 409 264 264 437 395 327 412 465 390 313 314 297 300 395 378
745 184 589 407 0 392 653 886 86 900 435 651 380 614 653 326 908 635 608 76 414 84 524 794 322 440 96 313 159 287 557 415 445 309 249 750 1040 126 533 630 510 542 107 98 352 646 775 336 528 472 763 500 850 716 335 611 572 405 248 692 479 300 283 478 651 71 541 122 829 604 300 528 199 499 608 592
517 320 361 178 392 0 425 823 365 672 559 422 370 386 425 242 844 407 380 442 423 367 295 565 515 376 424 250 333 383 329 186 217 529 412 645 680 395 305 401 446 313 414 318 357 418 546 227 299 243 535 272 787 652 504 383 343 587 178 464 251 536 249 250 423 380 312 397 601 376 305 299 282 436 380 364
182 581 241 440 653 425 0 922 627 285 658 239 518 220 238 503 943 112 141 704 577 628 370 230 669 524 685 512 595 645 299 304 334 683 674 259 1073 656 275 121 545 289 676 579 548 211 211 489 270 359 200 185 885 296 658 277 320 686 440 152 369 693 511 367 102 642 283 658 214 284 567 303 544 515 226 249
1013 852 1020 687 886 823 922 0 860 971 568 1070 539 1045 773 676 38 942 972 937 598 861 644 1035 690 488 918 663 828 729 988 846 876 704 758 695 298 889 964 952 455 973 909 813 569 1042 1042 686 958 902 1030 931 72 661 679 732 692 596 772 983 910 714 909 909 933 875 971 891 900 1035 617 958 777 445 1039 1023
719 157 562 380 86 365 627 860 0 874 461 624 354 587 627 299 881 608 582 102 392 83 497 767 349 413 122 286 133 313 530 388 418 335 275 723 1014 152 506 603 483 515 133 72 325 620 748 309 501 445 736 474 824 689 361 585 545 431 222 665 453 326 257 451 625 96 514 148 803 577 274 501 225 473 582 565
253 828 416 536 900 672 285 971 874 0 707 413 568 395 287 705 993 306 336 950 627 875 420 199 719 574 932 692 841 757 499 562 560 732 786 308 1161 903 523 316 594 463 922 826 598 385 226 715 523 533 233 443 935 345 707 326 370 736 686 327 627 742 758 625 297 888 511 905 112 459 646 477 791 565 400 423
749 588 756 423 435 559 658 568 461 707 0 806 275 781 509 412 589 678 708 451 334 459 380 771 269 224 471 399 564 374 724 581 612 256 336 431 758 501 700 688 144 709 482 508 305 777 778 422 694 638 766 667 532 397 281 467 428 69 508 719 646 247 645 645 669 445 707 496 636 771 353 694 420 181 775 759
181 578 104 437 651 422 239 1070 624 413 806 0 629 83 385 500 1091 260 289 701 682 625 518 230 774 635 682 509 592 642 126 279 248 788 671 407 1070 653 150 269 693 152 673 577 615 82 210 486 150 222 199 240 1033 443 762 425 468 834 437 128 352 795 508 365 250 639 137 656 362 85 564 166 541 663 89 112
609 346 567 235 380 370 518 539 354 568 275 629 0 592 321 170 561 539 568 431 92 355 191 632 184 93 412 158 322 223 535 393 423 198 252 403 729 383 511 548 162 520 403 307 63 625 638 180 506 450 627 479 503 368 173 279 239 303 266 580 457 208 406 456 530 369 519 386 497 582 111 506 271 152 587 570
163 541 63 400 614 386 220 1045 587 395 781 83 592 0 367 463 1066 241 270 664 645 589 500 211 737 598 645 472 555 605 169 227 196 751 634 388 1034 617 193 250 668 100 636 540 579 64 192 449 193 170 180 283 1008 425 726 406 450 809 400 109 300 758 471 328 232 602 181 619 344 129 527 114 504 644 70 66
329 581 388 289 653 425 238 773 627 287 509 385 321 367 0 458 795 258 288 704 380 628 173 351 472 327 685 445 594 511 472 448 478 486 540 261 963 656 485 268 397 436 676 579 351 357 358 468 480 505 346 395 737 297 461 159 123 538 440 299 512 496 511 511 249 642 483 658 216 431 399 450 544 386 372 396
595 291 438 256 326 242 503 676 299 705 412 500 170 463 458 0 698 485 458 376 208 300 328 643 300 230 357 76 267 168 406 264 295 314 197 539 866 328 382 479 299 391 348 252 142 496 624 53 377 321 613 350 640 505 289 416 376 440 211 542 329 324 288 328 501 314 390 331 634 454 90 377 216 289 458 441
1034 874 1041 709 908 844 943 38 881 993 589 1091 561 1066 795 698 0 964 993 958 620 883 665 1057 712 510 940 685 849 751 1009 867 897 726 779 717 319 911 985 973 477 994 930 834 591 1063 1063 708 980 924 1052 953 93 683 700 753 713 618 793 1005 931 735 930 930 955 896 993 913 922 1056 639 980 798 466 1061 1044
203 563 262 421 635 407 112 942 608 306 678 260 539 241 258 485 964 0 162 685 598 610 391 251 690 545 667 493 576 626 281 286 316 704 655 279 1055 638 257 142 566 310 657 561 569 232 232 470 251 343 220 166 906 316 678 298 341 707 421 173 350 714 492 349 123 623 264 640 235 305 548 324 525 536 246 270
232 536 291 395 608 380 141 972 582 336 708 289 568 270 288 458 993 162 0 659 627 583 421 280 719 574 640 467 549 600 254 259 289 733 628 309 1028 611 230 160 595 339 631 534 573 261 261 444 225 316 250 140 935 346 708 327 371 736 395 202 323 743 466 322 153 596 238 613 265 301 521 353 499 565 276 299
796 190 639 457 76 442 704 937 102 950 451 701 431 664 704 376 958 685 659 0 430 100 574 844 338 490 52 363 165 303 607 465 495 325 265 800 1091 82 583 680 560 592 63 149 402 697 825 386 578 522 813 551 901 766 350 662 622 421 298 742 529 316 289 528 701 86 591 78 880 654 351 578 215 550 659 642
668 384 620 294 414 423 577 598 392 627 334 682 92 645 380 208 620 598 627 430 0 393 251 691 120 152 450 196 360 261 588 446 476 134 290 462 788 421 564 607 222 573 441 345 102 678 698 218 559 503 686 532 562 428 109 338 298 331 304 639 511 144 445 509 589 407 572 424 556 635 149 559 309 211 640 623
720 159 564 381 84 367 628 861 83 875 459 625 355 589 628 300 883 610 583 100 393 0 498 768 346 415 120 288 134 311 532 390 420 333 273 725 1015 150 508 604 484 517 131 73 327 621 749 311 502 446 738 475 825 690 358 586 546 429 223 667 454 324 258 453 626 95 515 145 804 579 275 503 223 474 583 567
462 451 492 160 524 295 370 644 497 420 380 518 191 500 173 328 665 391 421 574 251 498 0 484 342 197 555 316 465 381 460 318 348 356 410 393 834 526 436 401 267 445 546 450 221 490 491 338 431 375 479 404 607 430 331 131 91 408 310 432 382 366 381 381 382 512 444 529 349 507 269 431 414 256 505 495
70 721 232 580 794 565 230 1035 767 199 771 230 632 211 351 643 1057 251 280 844 691 768 484 0 783 638 825 652 735 785 316 407 376 797 814 373 1213 796 340 260 659 280 816 720 662 202 126 629 340 350 49 388 999 409 771 391 434 800 580 143 479 807 651 508 242 782 327 799 176 275 707 294 684 629 216 240
760 476 712 385 322 515 669 690 349 719 269 774 184 737 472 300 712 690 719 338 120 346 342 783 0 243 358 287 451 261 680 538 568 129 223 553 880 389 656 699 313 665 369 395 193 769 789 310 651 595 778 623 654 519 104 430 390 239 395 730 602 134 536 601 680 333 664 384 648 727 241 651 307 303 731 715
615 406 573 241 440 376 524 488 413 574 224 635 93 598 327 230 510 545 574 490 152 415 197 638 243 0 471 217 381 282 541 399 429 257 311 352 678 443 517 554 112 526 462 366 123 630 644 240 512 456 633 485 452 318 232 285 245 253 325 585 463 267 462 462 535 428 525 445 503 588 171 512 330 101 593 576
777 165 620 438 96 424 685 918 122 932 471 682 412 645 685 357 940 667 640 52 450 120 555 825 358 471 0 345 141 323 588 446 477 345 285 781 1072 58 564 661 541 573 39 169 384 678 806 367 559 503 795 532 882 747 370 643 603 441 280 724 511 336 265 510 683 106 572 53 861 636 332 559 235 531 640 623
604 279 447 265 313 250 512 663 286 692 399 509 158 472 445 76 685 493 467 363 196 288 316 652 287 217 345 0 254 156 415 273 303 301 184 527 853 316 391 488 287 400 335 239 129 505 633 61 386 330 621 359 627 493 276 403 363 428 198 550 337 311 297 336 509 301 399 318 621 462 77 386 203 276 467 450
687 52 530 348 159 333 595 828 133 841 564 592 322 555 594 267 849 576 549 165 360 134 465 735 451 381 141 254 0 320 498 356 386 443 349 691 981 112 474 571 451 483 132 85 293 587 716 277 469 413 704 442 791 657 440 553 513 539 189 633 420 434 152 419 592 148 482 114 770 545 242 469 194 440 550 533
737 344 580 398 287 383 645 729 313 757 374 642 223 605 511 168 751 626 600 303 261 311 381 785 261 282 323 156 320 0 548 406 436 248 69 592 919 353 524 621 352 533 334 305 194 637 766 178 519 463 754 492 693 558 273 469 429 344 264 683 470 239 404 469 642 297 532 348 687 595 143 519 269 342 600 583
268 484 190 343 557 329 299 988 530 499 724 126 535 169 472 406 1009 281 254 607 588 532 460 316 680 541 588 415 498 548 0 208 238 694 577 493 977 560 178 275 611 238 579 483 522 168 297 392 173 265 285 146 951 530 669 511 508 752 343 214 272 701 414 271 297 545 171 562 449 119 470 252 447 600 175 198
358 342 202 201 415 186 304 846 388 562 581 279 393 227 448 264 867 286 259 465 446 390 318 407 538 399 446 273 356 406 208 0 96 552 435 536 835 417 184 280 469 193 437 341 379 259 388 250 178 122 376 151 809 572 526 406 366 610 201 305 130 559 272 129 302 403 191 420 491 255 328 178 305 458 221 205
328 373 171 231 445 217 334 876 418 560 612 248 423 196 478 295 897 316 289 495 476 420 348 376 568 429 477 303 386 436 238 96 0 582 465 553 865 448 214 311 499 191 467 371 410 229 357 280 209 153 346 182 840 590 557 436 396 640 231 275 160 590 302 159 332 433 222 450 509 285 358 205 335 489 191 174
774 467 726 399 309 529 683 704 335 732 256 788 198 751 486 314 726 704 733 325 134 333 356 797 129 257 345 301 443 248 694 552 582 0 210 567 894 376 670 713 327 679 356 382 207 783 803 324 665 609 792 637 668 533 118 444 404 226 402 744 616 121 543 615 694 320 678 371 662 741 255 665 294 317 745 729
766 373 609 427 249 412 674 758 275 786 336 671 252 634 540 197 779 655 628 265 290 273 410 814 223 311 285 184 349 69 577 435 465 210 0 621 948 315 553 650 381 562 296 322 223 666 795 207 548 492 783 521 722 587 235 498 458 306 293 712 499 201 433 498 671 259 561 310 716 624 172 548 234 371 629 612
350 715 409 509 750 645 259 695 723 308 431 407 403 388 261 539 717 279 309 800 462 725 393 373 553 352 781 527 691 592 493 536 553 567 621 0 885 753 506 289 318 457 772 676 433 379 379 550 501 527 367 416 659 158 542 300 343 460 635 320 600 577 731 599 270 738 504 755 237 452 480 471 640 289 394 417
1165 968 1009 827 1040 680 1073 298 1014 1161 758 1070 729 1034 963 866 319 1055 1028 1091 788 1015 834 1213 880 678 1072 853 981 919 977 835 865 894 948 885 0 1043 953 1049 645 962 1062 966 759 1066 1194 876 948 892 1183 920 246 851 869 921 881 786 826 1112 899 904 898 898 1071 1028 961 1045 1090 1024 807 948 931 635 1028 1012
748 137 592 409 126 395 656 889 152 903 501 653 383 617 656 328 911 638 611 82 421 150 526 796 389 443 58 316 112 353 560 417 448 376 315 753 1043 0 536 632 512 544 51 147 355 649 777 338 530 474 766 503 853 718 401 614 574 471 251 695 482 366 236 481 654 137 543 65 832 607 303 530 256 502 611 595
291 460 214 319 533 305 275 964 506 523 700 150 511 193 485 382 985 257 230 583 564 508 436 340 656 517 564 391 474 524 178 184 214 670 553 506 953 536 0 251 587 262 555 459 498 192 321 368 149 241 309 122 927 543 645 524 484 728 319 238 248 677 390 247 273 521 162 538 462 143 446 276 423 576 199 222
212 557 271 416 630 401 121 952 603 316 688 269 548 250 268 479 973 142 160 680 607 604 401 260 699 554 661 488 571 621 275 280 311 713 650 289 1049 632 251 0 575 319 652 556 578 241 241 465 246 337 230 161 915 326 688 307 351 716 416 182 345 723 487 344 133 618 259 635 245 314 543 333 520 545 256 279
636 475 643 310 510 446 545 455 483 594 144 693 162 668 397 299 477 566 595 560 222 484 267 659 313 112 541 287 451 352 611 469 499 327 381 318 645 512 587 575 0 596 532 436 192 665 665 309 582 526 653 554 419 284 302 355 315 172 395 606 533 337 532 532 556 498 595 515 524 658 240 582 400 68 662 646
231 469 75 328 542 313 289 973 515 463 709 152 520 100 436 391 994 310 339 592 573 517 445 280 665 526 573 400 483 533 238 193 191 679 562 457 962 544 262 319 596 0 564 468 506 132 261 377 262 165 249 278 936 494 654 475 493 737 328 178 257 686 399 256 300 530 249 547 412 197 455 109 432 585 94 78
768 156 611 429 107 414 676 909 133 922 482 673 403 636 676 348 930 657 631 63 441 131 546 816 369 462 39 335 132 334 579 437 467 356 296 772 1062 51 555 652 532 564 0 167 374 669 797 358 550 494 785 523 872 738 381 634 594 452 270 714 501 347 256 500 673 117 563 46 851 626 323 550 246 521 631 614
672 110 515 333 98 318 579 813 72 826 508 577 307 540 579 252 834 561 534 149 345 73 450 720 395 366 169 239 85 305 483 341 371 382 322 676 966 147 459 556 436 468 167 0 278 572 701 262 454 398 689 427 776 642 407 538 498 477 174 618 405 373 210 404 577 86 467 149 755 530 226 454 179 425 535 518
639 318 554 265 352 357 548 569 325 598 305 615 63 579 351 142 591 569 573 402 102 327 221 662 193 123 384 129 293 194 522 379 410 207 223 433 759 355 498 578 192 506 374 278 0 611 668 152 492 436 657 465 533 398 182 309 269 334 237 610 444 217 378 443 560 340 505 357 527 569 116 492 242 182 573 557
153 574 85 433 646 418 211 1042 620 385 777 82 625 64 357 496 1063 232 261 697 678 621 490 202 769 630 678 505 587 637 168 259 229 783 666 379 1066 649 192 241 665 132 669 572 611 0 182 482 193 202 171 282 1005 415 758 397 440 806 432 100 332 791 504 360 222 634 180 651 334 128 559 146 537 635 69 92
78 702 213 561 775 546 211 1042 748 226 778 210 638 192 358 624 1063 232 261 825 698 749 491 126 789 644 806 633 716 766 297 388 357 803 795 379 1194 777 321 241 665 261 797 701 668 182 0 610 321 331 96 369 1006 416 778 397 441 806 561 124 460 813 632 489 223 763 308 780 203 256 688 275 665 635 197 221
581 301 424 242 336 227 489 686 309 715 422 486 180 449 468 53 708 470 444 386 218 311 338 629 310 240 367 61 277 178 392 250 280 324 207 550 876 338 368 465 309 377 358 262 152 482 610 0 363 307 598 336 650 515 299 426 386 451 203 527 315 334 274 313 487 324 376 341 644 439 100 363 226 299 444 427
292 455 214 314 528 299 270 958 501 523 694 150 506 193 480 377 980 251 225 578 559 502 431 340 651 512 559 386 469 519 173 178 209 665 548 501 948 530 149 246 582 262 550 454 492 193 321 363 0 235 309 117 922 538 639 519 479 723 314 238 243 672 385 242 267 516 157 533 457 143 441 276 418 571 199 222
302 399 145 258 472 243 359 902 445 533 638 222 450 170 505 321 924 343 316 522 503 446 375 350 595 456 503 330 413 463 265 122 153 609 492 527 892 474 241 337 526 165 494 398 436 202 331 307 235 0 319 208 866 564 583 463 423 667 258 248 187 616 329 186 359 460 248 477 483 267 385 179 362 515 165 148
39 691 201 549 763 535 200 1030 736 233 766 199 627 180 346 613 1052 220 250 813 686 738 479 49 778 633 795 621 704 754 285 376 346 792 783 367 1183 766 309 230 653 249 785 689 657 171 96 598 309 319 0 357 994 404 766 386 429 795 549 112 449 801 620 477 211 751 296 768 209 244 676 263 653 624 186 209
340 428 304 287 500 272 185 931 474 443 667 240 479 283 395 350 953 166 140 551 532 475 404 388 623 485 532 359 442 492 146 151 182 637 521 416 920 503 122 161 554 278 523 427 465 282 369 336 117 208 357 0 895 453 612 434 452 696 287 310 216 645 358 214 182 489 130 505 372 193 414 264 391 544 289 312
976 816 983 651 850 787 885 72 824 935 532 1033 503 1008 737 640 93 906 935 901 562 825 607 999 654 452 882 627 791 693 951 809 840 668 722 659 246 853 927 915 419 936 872 776 533 1005 1006 650 922 866 994 895 0 625 642 695 655 560 735 947 874 678 872 872 897 838 935 855 864 998 581 922 741 408 1003 986
387 681 446 516 716 652 296 661 689 345 397 443 368 425 297 505 683 316 346 766 428 690 430 409 519 318 747 493 657 558 530 572 590 533 587 158 851 718 543 326 284 494 738 642 398 415 416 515 538 564 404 453 625 0 508 337 380 425 601 357 637 543 738 636 307 704 541 721 274 489 446 508 606 255 430 454
749 465 701 374 335 504 658 679 361 707 281 762 173 726 461 289 700 678 708 350 109 358 331 771 104 232 370 276 440 273 669 526 557 118 235 542 869 401 645 688 302 654 381 407 182 758 778 299 639 583 766 612 642 508 0 419 379 251 384 719 591 128 525 590 669 345 652 396 636 716 230 639 320 291 720 704
368 539 427 247 611 383 277 732 585 326 467 425 279 406 159 416 753 298 327 662 338 586 131 391 430 285 643 403 553 469 511 406 436 444 498 300 921 614 524 307 355 475 634 538 309 397 397 426 519 463 386 434 695 337 419 0 81 496 398 338 470 454 469 469 288 600 522 617 256 470 357 489 502 344 412 435
412 499 471 207 572 343 320 692 545 370 428 468 239 450 123 376 713 341 371 622 298 546 91 434 390 245 603 363 513 429 508 366 396 404 458 343 881 574 484 351 315 493 594 498 269 440 441 386 479 423 429 452 655 380 379 81 0 456 358 382 430 414 429 429 332 560 492 577 299 514 317 479 462 304 455 479
777 563 784 451 405 587 686 596 431 736 69 834 303 809 538 440 618 707 736 421 331 429 408 800 239 253 441 428 539 344 752 610 640 226 306 460 786 471 728 716 172 737 452 477 334 806 806 451 723 667 795 696 560 425 251 496 456 0 497 747 674 217 638 673 697 415 736 466 665 799 381 723 390 209 804 787
532 214 375 193 248 178 440 772 222 686 508 437 266 400 440 211 793 421 395 298 304 223 310 580 395 325 280 198 189 264 343 201 231 402 293 635 826 251 319 416 395 328 270 174 237 432 561 203 314 258 549 287 735 601 384 398 358 497 0 478 265 393 175 264 437 236 327 253 615 390 186 314 139 384 395 378
95 620 130 478 692 464 152 983 665 327 719 128 580 109 299 542 1005 173 202 742 639 667 432 143 730 585 724 550 633 683 214 305 275 744 712 320 1112 695 238 182 606 178 714 618 610 100 124 527 238 248 112 310 947 357 719 338 382 747 478 0 378 754 549 406 164 680 225 697 276 173 605 192 582 577 115 138
431 407 275 265 479 251 369 910 453 627 646 352 457 300 512 329 931 350 323 529 511 454 382 479 602 463 511 337 420 470 272 130 160 616 499 600 899 482 248 345 533 257 501 405 444 332 460 315 243 187 449 216 874 637 591 470 430 674 265 378 0 624 337 65 366 467 256 484 556 319 392 243 370 523 294 278
784 458 733 409 300 536 693 714 326 742 247 795 208 758 496 324 735 714 743 316 144 324 366 807 134 267 336 311 434 239 701 559 590 121 201 577 904 366 677 723 337 686 347 373 217 791 813 334 672 616 801 645 678 543 128 454 414 217 393 754 624 0 533 622 704 310 685 361 671 748 265 672 285 327 753 736
603 123 446 264 283 249 511 909 257 758 645 508 406 471 511 288 930 492 466 289 445 258 381 651 536 462 265 297 152 404 414 272 302 543 433 731 898 236 390 487 532 399 256 210 378 504 632 274 385 329 620 358 872 738 525 469 429 638 175 549 337 533 0 335 509 272 398 238 687 461 326 385 279 521 466 449
459 406 303 264 478 250 367 909 451 625 645 365 456 328 511 328 930 349 322 528 509 453 381 508 601 462 510 336 419 469 271 129 159 615 498 599 898 481 247 344 532 256 500 404 443 360 489 313 242 186 477 214 872 636 590 469 429 673 264 406 65 622 335 0 365 466 255 483 555 318 391 242 368 522 322 306
193 579 253 437 651 423 102 933 625 297 669 250 530 232 249 501 955 123 153 701 589 626 382 242 680 535 683 509 592 642 297 302 332 694 671 270 1071 654 273 133 556 300 673 577 560 222 223 487 267 359 211 182 897 307 669 288 332 697 437 164 366 704 509 365 0 639 280 656 226 296 564 314 542 527 237 260
734 172 577 395 71 380 642 875 96 888 445 639 369 602 642 314 896 623 596 86 407 95 512 782 333 428 106 301 148 297 545 403 433 320 259 738 1028 137 521 618 498 530 117 86 340 634 763 324 516 460 751 489 838 704 345 600 560 415 236 680 467 310 272 466 639 0 529 132 817 592 289 516 209 487 597 580
279 468 201 327 541 312 283 971 514 511 707 137 519 181 483 390 993 264 238 591 572 515 444 327 664 525 572 399 482 532 171 191 222 678 561 504 961 543 162 259 595 249 563 467 505 180 308 376 157 248 296 130 935 541 652 522 492 736 327 225 256 685 398 255 280 529 0 546 460 130 454 263 431 584 186 209
750 139 594 412 122 397 658 891 148 905 496 656 386 619 658 331 913 640 613 78 424 145 529 799 384 445 53 318 114 348 562 420 450 371 310 755 1045 65 538 635 515 547 46 149 357 651 780 341 533 477 768 505 855 721 396 617 577 466 253 697 484 361 238 483 656 132 546 0 834 609 305 533 258 504 613 597
230 757 365 465 829 601 214 900 803 112 636 362 497 344 216 634 922 235 265 880 556 804 349 176 648 503 861 621 770 687 449 491 509 662 716 237 1090 832 462 245 524 412 851 755 527 334 203 644 457 483 209 372 864 274 636 256 299 665 615 276 556 671 687 555 226 817 460 834 0 408 575 427 720 494 349 373
227 532 150 390 604 376 284 1035 577 459 771 85 582 129 431 454 1056 305 301 654 635 579 507 275 727 588 636 462 545 595 119 255 285 741 624 452 1024 607 143 314 658 197 626 530 569 128 256 439 143 267 244 193 998 489 716 470 514 799 390 173 319 748 461 318 296 592 130 609 408 0 517 211 494 648 134 157
659 266 502 313 300 305 567 617 274 646 353 564 111 527 399 90 639 548 521 351 149 275 269 707 241 171 332 77 242 143 470 328 358 255 172 480 807 303 446 543 240 455 323 226 116 559 688 100 441 385 676 414 581 446 230 357 317 381 186 605 392 265 326 391 564 289 454 305 575 517 0 441 191 230 522 505
245 455 89 314 528 299 303 958 501 477 694 166 506 114 450 377 980 324 353 578 559 503 431 294 651 512 559 386 469 519 252 178 205 665 548 471 948 530 276 333 582 109 550 454 492 146 275 363 276 179 263 264 922 508 639 489 479 723 314 192 243 672 385 242 314 516 263 533 427 211 441 0 418 571 108 92
636 219 479 297 199 282 544 777 225 791 420 541 271 504 544 216 798 525 499 215 309 223 414 684 307 330 235 203 194 269 447 305 335 294 234 640 931 256 423 520 400 432 246 179 242 537 665 226 418 362 653 391 741 606 320 502 462 390 139 582 370 285 279 368 542 209 431 258 720 494 191 418 0 390 499 482
606 465 632 300 499 436 515 445 473 565 181 663 152 644 386 289 466 536 565 550 211 474 256 629 303 101 531 276 440 342 600 458 489 317 371 289 635 502 576 545 68 585 521 425 182 635 635 299 571 515 624 544 408 255 291 344 304 209 384 577 523 327 521 522 527 487 584 504 494 648 230 571 390 0 650 635
168 536 57 395 608 380 226 1039 582 400 775 89 587 70 372 458 1061 246 276 659 640 583 505 216 731 593 640 467 550 600 175 221 191 745 629 394 1028 611 199 256 662 94 631 535 573 69 197 444 199 165 186 289 1003 430 720 412 455 804 395 115 294 753 466 322 237 597 186 613 349 134 522 108 499 650 0 60
192 519 41 378 592 364 249 1023 565 423 759 112 570 66 396 441 1044 270 299 642 623 567 495 240 715 576 623 450 533 583 198 205 174 729 612 417 1012 595 222 279 646 78 614 518 557 92 221 427 222 148 209 312 986 454 704 435 479 787 378 138 278 736 449 306 260 580 209 597 373 157 505 92 482 635 60 0
EOF