NAME : tsp_problem
TYPE : TSP
DIMENSION : 40
EDGE_WEIGHT_TYPE : EXPLICIT
EDGE_WEIGHT_FORMAT : FULL_MATRIX
EDGE_WEIGHT_SECTION
0 828 252 387 331 316 590 296 813 642 507 610 511 540 888 450 371 655 451 451 57 319 525 888 185 303 545 93 416 542 260 87 717 932 318 474 545 343 751 262
828 0 838 825 938 610 795 721 1018 847 712 815 885 745 505 820 1024 860 656 656 827 950 730 505 754 697 750 858 621 747 722 767 1058 387 756 679 749 927 1080 674
252 838 0 249 241 350 601 158 823 652 517 620 406 416 749 312 281 665 396 461 255 229 401 749 365 165 555 291 426 552 169 314 579 794 179 484 555 252 613 414
387 825 249 0 141 337 587 144 644 639 504 607 222 232 565 128 332 544 212 448 386 152 218 565 351 151 542 417 413 539 156 326 395 610 100 471 541 129 429 401
331 938 241 141 0 450 701 258 757 752 617 720 335 345 679 241 221 658 326 561 335 104 331 679 465 265 655 370 526 652 269 394 508 723 214 585 655 81 542 514
316 610 350 337 450 0 372 246 595 424 288 391 491 321 834 397 533 436 233 233 314 462 307 834 173 234 326 315 198 324 210 254 663 879 268 256 326 439 656 111
590 795 601 587 701 372 0 483 317 258 330 294 647 419 990 582 785 159 418 170 589 712 439 990 517 459 368 621 240 218 484 529 364 1034 518 298 82 689 327 436
296 721 158 144 258 246 483 0 706 535 399 502 302 312 645 208 410 547 292 344 295 269 297 645 260 60 437 326 309 435 65 235 474 690 75 367 437 246 509 310
813 1018 823 644 757 595 317 706 0 199 478 235 677 450 1021 632 816 248 537 439 812 768 470 1021 739 681 433 843 425 345 707 752 395 1065 679 367 368 745 358 659
642 847 652 639 752 424 258 535 199 0 307 63 677 449 1020 632 816 190 470 268 641 764 469 1020 568 510 262 672 254 174 536 580 394 1065 570 195 309 741 358 488
507 712 517 504 617 288 330 399 478 307 0 275 592 423 936 498 724 395 335 191 505 628 408 936 433 375 138 537 156 282 400 445 663 980 434 214 284 605 626 352
610 815 620 607 720 391 294 502 235 63 275 0 696 485 1039 602 827 226 438 280 608 731 505 1039 536 478 230 640 221 186 504 548 430 1084 537 163 331 708 394 455
511 885 406 222 335 491 647 302 677 677 592 696 0 315 488 125 170 578 295 537 515 347 300 488 509 309 631 550 502 628 313 483 318 533 258 560 630 323 352 554
540 745 416 232 345 321 419 312 450 449 423 485 315 0 658 221 454 350 126 368 538 357 97 658 466 319 461 570 333 459 323 478 410 703 268 391 461 334 373 385
888 505 749 565 679 834 990 645 1021 1020 936 1039 488 658 0 468 627 922 639 880 886 690 644 31 852 652 974 918 845 971 657 826 661 152 601 904 974 667 695 898
450 820 312 128 241 397 582 208 632 632 498 602 125 221 468 0 264 533 201 443 449 252 206 468 415 215 537 480 408 534 219 389 298 513 164 466 536 229 332 460
371 1024 281 332 221 533 785 410 816 816 724 827 170 454 627 264 0 717 434 669 375 209 439 627 533 417 762 410 634 760 422 434 456 671 396 692 762 232 490 597
655 860 665 544 658 436 159 547 248 190 395 226 578 350 922 533 717 0 438 234 653 669 370 922 581 523 424 685 304 283 549 593 296 966 580 358 147 646 259 500
451 656 396 212 326 233 418 292 537 470 335 438 295 126 639 201 434 438 0 279 450 337 111 638 377 299 373 481 244 370 304 390 468 683 248 302 372 314 461 297
451 656 461 448 561 233 170 344 439 268 191 280 537 368 880 443 669 234 279 0 450 573 353 880 377 319 229 481 100 121 345 389 502 925 379 158 124 550 466 296
57 827 255 386 335 314 589 295 812 641 505 608 515 538 886 449 375 653 450 450 0 322 524 886 184 302 543 96 415 541 258 85 716 931 316 473 543 346 750 260
319 950 229 152 104 462 712 269 768 764 628 731 347 357 690 252 209 669 337 573 322 0 342 690 476 276 666 358 538 664 280 382 519 734 225 596 666 92 553 526
525 730 401 218 331 307 439 297 470 469 408 505 300 97 644 206 439 370 111 353 524 342 0 644 451 304 447 555 318 444 309 463 430 688 253 376 446 319 393 371
888 505 749 565 679 834 990 645 1021 1020 936 1039 488 658 31 468 627 922 638 880 886 690 644 0 852 652 974 918 845 971 656 826 661 152 601 904 974 667 695 898
185 754 365 351 465 173 517 260 739 568 433 536 509 466 852 415 533 581 377 377 184 476 451 852 0 267 471 165 342 468 224 124 681 896 282 400 471 453 715 99
303 697 165 151 265 234 459 60 681 510 375 478 309 319 652 215 417 523 299 319 302 276 304 652 267 0 413 333 285 410 72 242 481 697 82 343 413 253 516 298
545 750 555 542 655 326 368 437 433 262 138 230 631 461 974 537 762 424 373 229 543 666 447 974 471 413 0 575 194 320 439 483 629 1019 472 252 322 643 592 390
93 858 291 417 370 315 621 326 843 672 537 640 550 570 918 480 410 685 481 481 96 358 555 918 165 333 575 0 446 572 290 156 747 962 348 504 575 382 781 242
416 621 426 413 526 198 240 309 425 254 156 221 502 333 845 408 634 304 244 100 415 538 318 845 342 285 194 446 0 191 310 355 572 890 344 124 194 515 536 262
542 747 552 539 652 324 218 435 345 174 282 186 628 459 971 534 760 283 370 121 541 664 444 971 468 410 320 572 191 0 436 481 541 1016 470 250 172 641 504 388
260 722 169 156 269 210 484 65 707 536 400 504 313 323 657 219 422 549 304 345 258 280 309 656 224 72 439 290 310 436 0 198 486 701 86 368 438 257 520 274
87 767 314 326 394 254 529 235 752 580 445 548 483 478 826 389 434 593 390 389 85 382 463 826 124 242 483 156 355 481 198 0 655 871 256 413 483 406 690 200
717 1058 579 395 508 663 364 474 395 394 663 430 318 410 661 298 456 296 468 502 716 519 430 661 681 481 629 747 572 541 486 655 0 705 430 562 415 496 158 727
932 387 794 610 723 879 1034 690 1065 1065 980 1084 533 703 152 513 671 966 683 925 931 734 688 152 896 697 1019 962 890 1016 701 871 705 0 645 948 1018 711 740 942
318 756 179 100 214 268 518 75 679 570 434 537 258 268 601 164 396 580 248 379 316 225 253 601 282 82 472 348 344 470 86 256 430 645 0 402 472 202 464 332
474 679 484 471 585 256 298 367 367 195 214 163 560 391 904 466 692 358 302 158 473 596 376 904 400 343 252 504 124 250 368 413 562 948 402 0 252 573 526 320
545 749 555 541 655 326 82 437 368 309 284 331 630 461 974 536 762 147 372 124 543 666 446 974 471 413 322 575 194 172 438 483 415 1018 472 252 0 643 378 390
343 927 252 129 81 439 689 246 745 741 605 708 323 334 667 229 232 646 314 550 346 92 319 667 453 253 643 382 515 641 257 406 496 711 202 573 643 0 530 503
751 1080 613 429 542 656 327 509 358 358 626 394 352 373 695 332 490 259 461 466 750 553 393 695 715 516 592 781 536 504 520 690 158 740 464 526 378 530 0 720
262 674 414 401 514 111 436 310 659 488 352 455 554 385 898 460 597 500 297 296 260 526 371 898 99 298 390 242 262 388 274 200 727 942 332 320 390 503 720 0
EOF