NAME : tsp_problem
TYPE : TSP
DIMENSION : 86
EDGE_WEIGHT_TYPE : EXPLICIT
EDGE_WEIGHT_FORMAT : FULL_MATRIX
EDGE_WEIGHT_SECTION
0 314 521 384 357 201 264 501 487 347 550 262 371 494 347 445 151 715 455 392 261 505 669 296 67 482 743 211 799 687 484 245 799 377 459 387 378 566 928 525 611 282 897 237 344 213 311 320 395 566 520 248 406 524 794 821 732 700 350 521 681 396 742 863 456 205 722 843 521 803 532 427 693 582 528 133 218 312 713 214 385 670 136 383 799 708
314 0 682 545 517 175 293 662 466 508 710 377 92 654 508 166 228 711 321 552 194 665 830 154 293 643 849 371 778 848 490 303 778 538 438 548 174 572 906 685 590 77 1017 294 505 270 135 129 115 727 241 306 412 530 773 799 861 706 510 259 842 387 851 1024 617 233 877 822 682 809 693 588 854 742 689 216 147 107 874 272 106 831 290 104 778 868
521 682 0 316 195 534 573 291 486 422 367 376 738 425 279 813 484 238 628 323 569 289 243 604 545 267 317 340 972 261 371 554 972 179 519 319 674 288 1078 409 357 649 972 455 208 521 620 628 733 141 708 444 446 327 967 993 306 223 281 694 255 464 316 939 388 514 296 1016 276 326 303 359 268 215 146 630 559 649 287 478 743 244 613 750 972 282
384 545 316 0 152 398 436 296 590 286 227 240 602 161 142 676 347 521 559 59 432 300 464 467 408 277 538 204 902 482 423 417 902 173 563 32 549 505 942 192 641 512 836 319 139 385 483 492 609 361 638 307 345 463 897 924 527 506 63 625 476 346 537 802 123 377 517 947 316 609 327 222 489 377 323 494 423 512 508 341 616 465 477 613 902 503
357 517 195 152 0 370 409 269 563 258 317 212 574 261 115 648 320 400 531 159 405 179 390 440 381 156 464 176 875 408 395 390 875 52 535 155 522 450 914 292 520 485 808 291 69 357 456 464 581 240 611 279 318 435 870 896 453 385 117 597 402 318 463 774 223 350 443 919 286 488 206 195 414 302 202 466 395 485 434 314 588 391 449 586 875 428
201 175 534 398 370 0 278 515 500 360 563 275 232 507 361 306 81 728 461 405 260 518 683 220 225 496 756 224 812 700 498 259 812 391 473 401 314 579 941 538 625 143 910 250 357 226 201 195 256 579 381 262 420 537 807 834 745 713 363 399 694 410 756 877 469 219 735 857 534 816 546 441 707 595 541 148 78 173 726 228 246 683 221 244 812 721
264 293 573 436 409 278 0 554 257 399 602 223 284 546 400 359 228 500 226 444 164 557 651 199 289 535 628 278 569 668 269 88 569 430 230 440 148 351 698 577 382 289 809 140 396 116 215 223 207 548 305 152 192 309 564 591 640 485 402 292 662 167 630 854 508 109 656 614 573 588 584 479 675 622 580 374 303 244 657 118 217 651 357 296 569 666
501 662 291 296 269 515 554 0 586 403 103 357 719 180 182 793 465 338 676 275 550 164 195 585 526 178 269 321 1020 213 471 534 1020 286 619 300 667 388 1059 145 457 630 953 436 256 502 600 609 726 241 756 424 462 427 1015 1041 258 323 262 742 207 463 268 919 210 495 248 1064 57 406 118 102 219 107 280 611 540 630 239 459 733 196 594 731 1020 233
487 466 486 590 563 500 257 586 0 553 662 446 401 700 553 366 450 279 176 598 386 643 538 421 511 657 515 471 520 556 379 272 520 583 87 593 333 437 648 703 158 498 759 363 550 305 437 446 392 435 256 374 302 419 515 541 527 303 556 242 550 277 518 804 662 331 543 564 570 475 598 633 562 509 474 596 525 466 544 340 402 539 579 399 520 553
347 508 422 286 258 360 399 403 553 0 451 203 564 395 249 639 310 616 522 293 395 406 571 430 371 384 644 166 865 589 386 380 865 279 525 289 512 467 684 426 677 475 578 281 245 347 446 454 571 467 601 270 308 425 814 887 634 601 251 588 582 309 644 544 357 340 623 772 422 704 434 329 595 483 429 456 385 475 614 304 579 572 439 576 865 609
550 710 367 227 317 563 602 103 662 451 0 405 767 100 230 841 513 414 724 195 598 240 271 633 574 253 345 369 1068 289 547 583 1068 338 695 231 715 464 1107 65 533 678 1001 484 305 550 649 657 774 317 804 473 511 503 1063 1090 334 399 239 790 283 511 344 968 130 543 323 1112 123 482 194 150 295 183 356 659 588 678 315 507 782 272 642 779 1068 309
262 377 376 240 212 275 223 357 446 203 405 0 434 349 203 508 225 570 414 247 220 360 525 255 286 338 598 82 758 543 340 204 758 233 418 243 337 422 859 380 570 345 753 106 200 172 270 279 396 422 494 94 262 380 753 779 588 555 205 480 537 263 598 719 312 164 577 802 377 659 388 283 549 437 384 372 301 300 568 128 406 526 355 446 758 563
371 92 738 602 574 232 284 719 401 564 767 434 0 711 565 102 285 647 257 609 251 722 863 211 350 700 840 428 714 880 481 299 714 595 374 605 165 563 842 742 526 124 953 351 561 327 192 186 107 760 177 362 404 521 709 735 852 670 567 194 874 379 842 999 673 290 868 758 738 800 750 645 887 799 745 273 204 163 869 328 97 863 347 95 714 878
494 654 425 161 261 507 546 180 700 395 100 349 711 0 252 785 457 490 668 150 542 317 348 577 518 330 421 313 1012 366 532 527 1012 282 672 164 659 541 1051 102 610 622 945 428 248 494 593 601 718 394 748 416 455 572 1007 1033 411 476 172 734 359 455 421 911 168 487 400 1056 199 558 271 227 372 260 432 603 532 622 391 451 725 349 586 723 1012 386
347 508 279 142 115 361 400 182 553 249 230 203 565 252 0 639 311 484 522 150 396 263 350 431 372 241 423 167 866 368 386 380 866 136 526 146 513 468 905 272 604 476 799 282 102 348 446 455 572 324 602 270 308 426 861 887 413 469 108 588 362 309 423 765 214 340 402 910 202 561 273 186 374 262 286 457 386 476 393 305 579 351 440 577 866 388
445 166 813 676 648 306 359 793 366 639 841 508 102 785 639 0 359 612 221 683 325 796 870 285 424 774 847 502 678 888 538 374 678 669 338 679 239 620 807 816 490 198 917 425 636 401 266 260 181 768 141 437 460 578 673 700 859 635 641 159 882 435 850 963 748 364 876 723 813 808 824 719 894 842 807 347 278 238 876 403 172 871 421 100 678 886
151 228 484 347 320 81 228 465 450 310 513 225 285 457 311 359 0 678 419 355 224 468 632 259 175 446 706 174 762 650 447 209 762 341 422 351 341 529 891 488 574 196 860 200 307 176 254 249 309 529 435 212 370 487 757 784 695 663 313 452 644 360 705 827 419 169 685 807 484 766 495 390 657 545 491 201 106 226 676 177 300 633 244 297 762 671
715 711 238 521 400 728 500 338 279 616 414 570 647 490 484 612 678 0 422 529 629 395 290 664 739 409 267 534 765 308 272 515 766 384 313 524 575 189 894 455 151 744 1005 605 413 548 680 688 635 187 501 617 347 229 760 787 279 54 487 488 302 366 270 1050 521 574 295 810 322 227 349 412 314 261 226 824 753 709 296 583 644 291 807 645 765 305
455 321 628 559 531 461 226 676 176 522 724 414 257 668 522 221 419 422 0 566 355 679 681 390 480 657 658 440 488 698 348 241 488 552 149 562 301 430 617 699 301 353 728 331 519 274 406 414 336 578 111 343 270 388 483 510 670 445 524 118 692 245 660 773 631 300 686 533 696 618 707 602 705 652 617 502 433 392 687 309 326 681 548 255 488 696
392 552 323 59 159 405 444 275 598 293 195 247 609 150 150 683 355 529 566 0 440 307 443 475 416 285 516 211 910 460 430 425 910 180 570 62 557 512 949 181 648 520 843 326 147 392 491 499 616 369 646 315 353 470 905 931 505 514 70 632 454 353 515 810 112 385 495 954 294 617 335 230 467 355 331 501 430 520 486 349 624 443 484 621 910 481
261 194 569 432 405 260 164 550 386 395 598 220 251 542 396 325 224 629 355 440 0 553 718 71 285 531 757 274 698 735 399 145 699 426 359 436 277 480 827 573 511 162 938 136 392 113 87 96 275 614 400 148 321 439 694 720 769 614 398 418 729 296 760 912 504 83 770 743 569 717 580 476 742 630 576 301 232 116 761 114 265 718 353 263 699 756
505 665 289 300 179 518 557 164 643 406 240 360 722 317 263 796 468 395 679 307 553 0 253 588 529 121 326 324 1023 270 528 538 1023 163 677 303 670 445 1062 282 515 633 956 439 192 505 604 612 729 299 759 427 466 485 1018 1044 315 380 265 745 264 466 325 923 347 498 305 1067 148 463 69 239 277 165 296 614 543 633 296 462 737 253 597 734 1023 291
669 830 243 464 390 683 651 195 538 571 271 525 863 348 350 870 632 290 681 443 718 253 0 753 694 266 145 489 1024 89 423 666 1024 374 571 468 726 340 1153 313 409 798 1121 604 403 670 768 777 785 193 760 592 498 379 1019 1046 82 275 430 746 83 516 145 1087 378 662 72 1068 180 230 207 270 96 119 232 779 708 798 115 627 795 72 762 874 1024 110
296 154 604 467 440 220 199 585 421 430 633 255 211 577 431 285 259 664 390 475 71 588 753 0 320 566 792 309 733 770 434 180 734 461 394 471 293 515 862 608 546 122 973 171 427 147 59 67 235 649 360 183 356 474 729 755 804 649 433 378 764 331 795 947 539 110 805 778 604 752 615 511 777 665 611 261 192 88 796 149 225 753 335 223 734 791
67 293 545 408 381 225 289 526 511 371 574 286 350 518 372 424 175 739 480 416 285 529 694 320 0 507 767 235 823 711 508 270 823 402 484 412 402 590 952 549 635 261 921 261 368 237 319 314 374 590 500 273 431 548 818 845 756 724 374 517 705 421 766 888 480 230 746 868 545 827 556 452 718 606 552 112 197 291 737 239 365 694 160 362 823 732
482 643 267 277 156 496 535 178 657 384 253 338 700 330 241 774 446 409 657 285 531 121 266 566 507 0 340 302 1000 284 521 515 1001 141 661 281 648 459 1040 295 528 611 934 417 169 483 581 590 707 312 737 405 443 498 996 1022 329 394 243 723 278 444 339 900 349 475 319 1045 162 477 82 252 290 178 274 592 521 611 310 440 714 267 575 712 1001 304
743 849 317 538 464 756 628 269 515 644 345 598 840 421 423 847 706 267 658 516 757 326 145 792 767 340 0 562 1001 75 400 643 1001 448 548 541 703 317 1130 386 387 871 1194 677 477 676 808 816 762 267 737 666 475 356 996 1023 96 252 503 724 80 494 21 1161 452 702 112 1046 253 155 280 343 71 192 306 852 781 837 43 700 772 84 835 852 1001 52
211 371 340 204 176 224 278 321 471 166 369 82 428 313 167 502 174 534 440 211 274 324 489 309 235 302 562 0 783 507 304 259 783 197 443 207 391 385 823 344 595 339 716 160 164 227 325 334 450 385 519 149 226 344 778 805 552 519 169 506 501 227 562 683 275 219 541 828 341 622 352 247 513 401 347 320 249 354 532 183 443 490 303 440 783 527
799 778 972 902 875 812 569 1020 520 865 1068 758 714 1012 866 678 762 765 488 910 698 1023 1024 733 823 1000 1001 783 0 1042 691 584 31 896 492 906 645 773 236 1043 644 810 347 675 862 617 749 758 704 922 568 686 614 731 103 38 1013 789 868 554 1036 589 1004 393 974 643 1029 152 1039 961 1050 945 1048 995 961 908 837 778 1030 652 714 1025 891 712 31 1039
687 848 261 482 408 700 668 213 556 589 289 543 880 366 368 888 650 308 698 460 735 270 89 770 711 284 75 507 1042 0 441 683 1042 392 589 485 744 358 1170 330 427 815 1139 621 421 688 786 795 803 211 778 610 516 397 1037 1063 152 293 448 764 24 534 74 1105 396 680 142 1086 197 217 225 288 26 136 250 797 726 815 45 644 813 29 780 892 1042 40
484 490 371 423 395 498 269 471 379 386 547 340 481 532 386 538 447 272 348 430 399 528 423 434 508 521 400 304 691 441 0 284 692 416 352 426 345 123 820 563 392 522 931 375 383 317 449 458 404 320 428 386 117 81 687 713 412 257 388 414 435 135 403 902 495 343 428 736 455 360 482 466 447 394 359 594 523 479 429 352 414 424 577 493 692 438
245 303 554 417 390 259 88 534 272 380 583 204 299 527 380 374 209 515 241 425 145 538 666 180 270 515 643 259 584 683 284 0 584 411 245 420 163 366 713 558 396 270 824 121 377 97 196 204 222 563 320 133 207 324 579 606 655 500 383 307 677 182 645 869 489 90 671 629 554 603 565 460 690 615 561 355 284 225 672 99 232 666 338 311 584 681
799 778 972 902 875 812 569 1020 520 865 1068 758 714 1012 866 678 762 766 488 910 699 1023 1024 734 823 1001 1001 783 31 1042 692 584 0 896 492 906 645 773 236 1043 644 810 347 675 862 617 749 758 704 922 568 686 614 732 103 38 1013 789 868 554 1036 589 1004 393 974 643 1030 152 1039 962 1050 946 1048 996 961 908 838 779 1030 652 714 1025 891 712 31 1040
377 538 179 173 52 391 430 286 583 279 338 233 595 282 136 669 341 384 552 180 426 163 374 461 402 141 448 197 896 392 416 411 896 0 556 176 543 434 935 313 504 506 829 312 65 378 477 485 602 224 632 300 339 456 891 917 437 369 138 618 386 339 447 795 244 371 427 940 270 473 190 216 398 287 186 487 416 506 418 335 609 375 470 607 896 413
459 438 519 563 535 473 230 619 87 525 695 418 374 672 526 338 422 313 149 570 359 677 571 394 484 661 548 443 492 589 352 245 492 556 0 566 305 434 621 703 191 470 731 335 522 277 410 418 364 469 228 347 274 392 487 514 560 336 528 215 583 249 551 777 634 304 577 537 604 509 631 606 595 543 508 569 498 439 577 312 374 572 552 372 492 587
387 548 319 32 155 401 440 300 593 289 231 243 605 164 146 679 351 524 562 62 436 303 468 471 412 281 541 207 906 485 426 420 906 176 566 0 553 508 945 195 644 516 839 322 142 388 486 495 612 364 642 310 348 466 901 927 530 509 66 628 479 349 540 805 126 380 520 950 319 613 330 226 492 380 326 497 426 516 511 345 619 468 480 617 906 506
378 174 674 549 522 314 148 667 333 512 715 337 165 659 513 239 341 575 301 557 277 670 726 293 402 648 703 391 645 744 345 163 645 543 305 553 0 427 773 690 457 206 884 254 509 196 274 268 88 624 315 265 267 385 640 666 715 561 515 332 738 242 706 930 621 222 732 689 686 664 697 593 750 698 663 355 286 246 732 231 98 727 429 177 645 742
566 572 288 505 450 579 351 388 437 467 464 422 563 541 468 620 529 189 430 512 480 445 340 515 590 459 317 385 773 358 123 366 773 434 434 508 427 0 902 505 309 604 1013 457 463 399 531 540 486 238 509 468 198 159 768 795 329 174 470 496 352 217 320 984 571 425 345 818 372 277 400 463 364 311 277 675 604 560 346 434 496 341 658 575 773 355
928 906 1078 942 914 941 698 1059 648 684 1107 859 842 1051 905 807 891 894 617 949 827 1062 1153 862 952 1040 1130 823 236 1170 820 713 236 935 621 945 773 902 0 1082 773 939 141 803 902 746 878 886 833 1050 696 815 743 860 161 258 1142 917 907 683 1164 718 1132 187 1014 772 1158 119 1079 1090 1090 985 1177 1124 1086 1037 966 907 1159 781 842 1153 1020 840 236 1168
525 685 409 192 292 538 577 145 703 426 65 380 742 102 272 816 488 455 699 181 573 282 313 608 549 295 386 344 1043 330 563 558 1043 313 703 195 690 505 1082 0 575 653 976 459 280 525 624 632 749 359 779 448 486 545 1038 1065 375 440 203 765 324 486 386 943 133 518 365 1087 164 523 236 192 337 225 398 634 563 653 356 482 757 313 617 754 1043 351
611 590 357 641 520 625 382 457 158 677 533 570 526 610 604 490 574 151 301 648 511 515 409 546 635 528 387 595 644 427 392 396 644 504 191 644 457 309 773 575 0 622 883 487 533 429 562 570 516 307 380 498 426 348 639 666 398 174 606 366 421 401 389 929 640 456 415 688 442 347 469 532 434 381 346 721 650 591 415 464 526 410 704 524 644 425
282 77 649 512 485 143 289 630 498 475 678 345 124 622 476 198 196 744 353 520 162 633 798 122 261 611 871 339 810 815 522 270 810 506 470 516 206 604 939 653 622 0 1025 262 472 238 103 97 148 694 273 273 445 562 805 832 860 738 478 291 809 420 870 992 584 201 850 854 649 841 660 556 822 710 656 184 115 74 841 239 138 798 258 136 810 836
897 1017 972 836 808 910 809 953 759 578 1001 753 953 945 799 917 860 1005 728 843 938 956 1121 973 921 934 1194 716 347 1139 931 824 347 829 731 839 884 1013 141 976 883 1025 0 831 795 856 989 997 943 1017 807 820 853 971 271 369 1184 1028 801 794 1132 828 1194 96 907 883 1173 230 973 1201 984 879 1145 1033 979 1006 935 1018 1164 854 953 1122 989 951 347 1159
237 294 455 319 291 250 140 436 363 281 484 106 351 428 282 425 200 605 331 326 136 439 604 171 261 417 677 160 675 621 375 121 675 312 335 322 254 457 803 459 487 262 831 0 278 89 187 196 313 500 411 50 297 415 670 696 666 591 284 397 615 272 677 798 390 81 656 719 455 694 467 362 628 516 462 346 275 216 647 84 322 604 329 363 675 642
344 505 208 139 69 357 396 256 550 245 305 200 561 248 102 636 307 413 519 147 392 192 403 427 368 169 477 164 862 421 383 377 862 65 522 142 509 463 902 280 533 472 795 278 0 345 443 452 568 253 598 267 305 423 857 884 466 398 104 585 415 306 476 762 211 337 456 907 276 501 219 182 427 315 215 453 382 472 447 301 576 404 436 573 862 441
213 270 521 385 357 226 116 502 305 347 550 172 327 494 348 401 176 548 274 392 113 505 670 147 237 483 676 227 617 688 317 97 617 378 277 388 196 399 746 525 429 238 856 89 345 0 163 172 255 567 353 100 240 357 612 639 688 533 350 340 682 214 678 864 457 57 704 662 522 636 533 428 694 582 529 322 251 192 705 66 265 671 305 339 617 708
311 135 620 483 456 201 215 600 437 446 649 270 192 593 446 266 254 680 406 491 87 604 768 59 319 581 808 325 749 786 449 196 749 477 410 486 274 531 878 624 562 103 989 187 443 163 0 83 216 665 341 199 372 489 744 771 820 665 449 359 780 347 810 962 555 126 821 794 620 768 631 526 793 681 627 242 173 104 812 165 206 769 316 204 749 807
320 129 628 492 464 195 223 609 446 454 657 279 186 601 455 260 249 688 414 499 96 612 777 67 314 590 816 334 758 795 458 204 758 485 418 495 268 540 886 632 570 97 997 196 452 172 83 0 210 674 336 207 380 498 753 779 828 674 457 353 789 355 819 971 564 135 829 802 629 777 640 535 801 689 636 237 167 112 820 173 201 778 310 198 758 815
395 115 733 609 581 256 207 726 392 571 774 396 107 718 572 181 309 635 336 616 275 729 785 235 374 707 762 450 704 803 404 222 704 602 364 612 88 486 833 749 516 148 943 313 568 255 216 210 0 683 256 324 326 444 699 726 774 620 574 273 797 301 765 989 680 281 791 748 745 723 757 652 809 757 722 297 228 187 791 290 121 786 371 118 704 801
566 727 141 361 240 579 548 241 435 467 317 422 760 394 324 768 529 187 578 369 614 299 193 649 590 312 267 385 922 211 320 563 922 224 469 364 624 238 1050 359 307 694 1017 500 253 567 665 674 683 0 658 489 395 277 917 943 256 173 326 644 205 414 266 984 424 559 246 966 226 276 253 316 217 165 130 675 604 694 237 523 693 194 658 772 922 232
520 241 708 638 611 381 305 756 256 601 804 494 177 748 602 141 435 501 111 646 400 759 760 360 500 737 737 519 568 778 428 320 568 632 228 642 315 509 696 779 380 273 807 411 598 353 341 336 256 658 0 422 350 467 563 589 749 525 604 49 772 325 740 853 710 379 765 612 775 697 786 681 784 731 697 423 353 313 766 388 247 761 496 175 568 776
248 306 444 307 279 262 152 424 374 270 473 94 362 416 270 437 212 617 343 315 148 427 592 183 273 405 666 149 686 610 386 133 686 300 347 310 265 468 815 448 498 273 820 50 267 100 199 207 324 489 422 0 309 426 681 708 655 602 272 409 604 284 665 786 379 93 645 731 444 705 455 350 616 504 451 358 287 228 636 73 334 593 341 374 686 630
406 412 446 345 318 420 192 462 302 308 511 262 404 455 308 460 370 347 270 353 321 466 498 356 431 443 475 226 614 516 117 207 614 339 274 348 267 198 743 486 426 445 853 297 305 240 372 380 326 395 350 309 0 157 609 636 487 332 311 336 510 57 478 824 417 266 503 658 482 435 493 388 522 469 434 516 445 401 504 275 336 499 499 415 614 513
524 530 327 463 435 537 309 427 419 425 503 380 521 572 426 578 487 229 388 470 439 485 379 474 548 498 356 344 731 397 81 324 732 456 392 466 385 159 860 545 348 562 971 415 423 357 489 498 444 277 467 426 157 0 727 753 368 214 428 454 391 175 359 942 535 383 385 776 412 317 439 502 403 351 316 633 563 519 385 392 454 380 617 533 732 395
794 773 967 897 870 807 564 1015 515 814 1063 753 709 1007 861 673 757 760 483 905 694 1018 1019 729 818 996 996 778 103 1037 687 579 103 891 487 901 640 768 161 1038 639 805 271 670 857 612 744 753 699 917 563 681 609 727 0 124 1008 784 863 549 1031 584 999 317 969 638 1025 101 1034 957 1045 941 1043 991 956 903 833 774 1025 647 709 1020 886 707 103 1035
821 799 993 924 896 834 591 1041 541 887 1090 779 735 1033 887 700 784 787 510 931 720 1044 1046 755 845 1022 1023 805 38 1063 713 606 38 917 514 927 666 795 258 1065 666 832 369 696 884 639 771 779 726 943 589 708 636 753 124 0 1035 810 889 576 1057 610 1025 414 996 665 1051 174 1061 983 1072 967 1070 1017 982 930 859 800 1052 674 735 1046 913 733 38 1061
732 861 306 527 453 745 640 258 527 634 334 588 852 411 413 859 695 279 670 505 769 315 82 804 756 329 96 552 1013 152 412 655 1013 437 560 530 715 329 1142 375 398 860 1184 666 466 688 820 828 774 256 749 655 487 368 1008 1035 0 264 493 736 146 505 98 1150 441 714 74 1058 242 167 270 333 152 181 295 842 771 849 124 689 784 135 825 864 1013 134
700 706 223 506 385 713 485 323 303 601 399 555 670 476 469 635 663 54 445 514 614 380 275 649 724 394 252 519 789 293 257 500 789 369 336 509 561 174 917 440 174 738 1028 591 398 533 665 674 620 173 525 602 332 214 784 810 264 0 472 511 287 351 255 1073 506 559 280 833 307 212 335 398 299 246 212 809 738 694 281 568 630 276 792 669 789 290
350 510 281 63 117 363 402 262 556 251 239 205 567 172 108 641 313 487 524 70 398 265 430 433 374 243 503 169 868 448 388 383 868 138 528 66 515 470 907 203 606 478 801 284 104 350 449 457 574 326 604 272 311 428 863 889 493 472 0 590 441 311 503 767 134 343 482 912 282 575 293 188 454 342 288 459 388 478 473 307 581 431 442 579 868 468
521 259 694 625 597 399 292 742 242 588 790 480 194 734 588 159 452 488 118 632 418 745 746 378 517 723 724 506 554 764 414 307 554 618 215 628 332 496 683 765 366 291 794 397 585 340 359 353 273 644 49 409 336 454 549 576 736 511 590 0 758 311 726 839 697 366 752 599 762 684 773 668 771 718 683 440 371 330 753 375 264 747 514 192 554 762
681 842 255 476 402 694 662 207 550 582 283 537 874 359 362 882 644 302 692 454 729 264 83 764 705 278 80 501 1036 24 435 677 1036 386 583 479 738 352 1164 324 421 809 1132 615 415 682 780 789 797 205 772 604 510 391 1031 1057 146 287 441 758 0 528 79 1099 390 674 136 1080 191 222 219 281 31 130 244 790 719 809 50 638 807 22 773 886 1036 45
396 387 464 346 318 410 167 463 277 309 511 263 379 455 309 435 360 366 245 353 296 466 516 331 421 444 494 227 589 534 135 182 589 339 249 349 242 217 718 486 401 420 828 272 306 214 347 355 301 414 325 284 57 175 584 610 505 351 311 311 528 0 496 825 418 241 522 633 483 454 494 389 541 488 453 506 435 376 522 249 311 517 489 390 589 532
742 851 316 537 463 756 630 268 518 644 344 598 842 421 423 850 705 270 660 515 760 325 145 795 766 339 21 562 1004 74 403 645 1004 447 551 540 706 320 1132 386 389 870 1194 677 476 678 810 819 765 266 740 665 478 359 999 1025 98 255 503 726 79 496 0 1160 451 704 114 1048 252 158 280 343 70 192 305 852 781 840 42 699 775 84 835 854 1004 51
863 1024 939 802 774 877 854 919 804 544 968 719 999 911 765 963 827 1050 773 810 912 923 1087 947 888 900 1161 683 393 1105 902 869 393 795 777 805 930 984 187 943 929 992 96 798 762 864 962 971 989 984 853 786 824 942 317 414 1150 1073 767 839 1099 825 1160 0 874 856 1140 275 939 1221 950 845 1111 999 946 973 902 992 1131 821 999 1088 956 997 393 1125
456 617 388 123 223 469 508 210 662 357 130 312 673 168 214 748 419 521 631 112 504 347 378 539 480 349 452 275 974 396 495 489 974 244 634 126 621 571 1014 133 640 584 907 390 211 457 555 564 680 424 710 379 417 535 969 996 441 506 134 697 390 418 451 874 0 449 431 1019 230 589 301 257 402 291 395 565 494 584 422 413 688 379 548 685 974 416
205 233 514 377 350 219 109 495 331 340 543 164 290 487 340 364 169 574 300 385 83 498 662 110 230 475 702 219 643 680 343 90 643 371 304 380 222 425 772 518 456 201 883 81 337 57 126 135 281 559 379 93 266 383 638 665 714 559 343 366 674 241 704 856 449 0 715 688 514 662 525 420 687 575 521 315 244 155 706 59 291 663 298 302 643 701
722 877 296 517 443 735 656 248 543 623 323 577 868 400 402 876 685 295 686 495 770 305 72 805 746 319 112 541 1029 142 428 671 1030 427 577 520 732 345 1158 365 415 850 1173 656 456 704 821 829 791 246 765 645 503 385 1025 1051 74 280 482 752 136 522 114 1140 431 715 0 1074 232 183 259 322 148 171 285 831 760 850 141 679 801 125 814 880 1029 150
843 822 1016 947 919 857 614 1064 564 772 1112 802 758 1056 910 723 807 810 533 954 743 1067 1068 778 868 1045 1046 828 152 1086 736 629 152 940 537 950 689 818 119 1087 688 854 230 719 907 662 794 802 748 966 612 731 658 776 101 174 1058 833 912 599 1080 633 1048 275 1019 688 1074 0 1084 1006 1095 990 1093 1040 1005 953 882 823 1075 697 758 1069 936 756 152 1084
521 682 276 316 286 534 573 57 570 422 123 377 738 199 202 813 484 322 696 294 569 148 180 604 545 162 253 341 1039 197 455 554 1039 270 604 319 686 372 1079 164 442 649 973 455 276 522 620 629 745 226 775 444 482 412 1034 1061 242 307 282 762 191 483 252 939 230 514 232 1084 0 390 103 121 204 92 265 630 560 649 223 478 753 180 613 750 1039 218
803 809 326 609 488 816 588 406 475 704 482 659 800 558 561 808 766 227 618 617 717 463 230 752 827 477 155 622 961 217 360 603 962 473 509 613 664 277 1090 523 347 841 1201 694 501 636 768 777 723 276 697 705 435 317 957 983 167 212 575 684 222 454 158 1221 589 662 183 1006 390 0 418 480 212 329 315 912 841 797 184 671 733 226 895 812 962 194
532 693 303 327 206 546 584 118 598 434 194 388 750 271 273 824 495 349 707 335 580 69 207 615 556 82 280 352 1050 225 482 565 1050 190 631 330 697 400 1090 236 469 660 984 467 219 533 631 640 757 253 786 455 493 439 1045 1072 270 335 293 773 219 494 280 950 301 525 259 1095 103 418 0 193 231 119 292 642 571 660 250 489 764 208 625 761 1050 245
427 588 359 222 195 441 479 102 633 329 150 283 645 227 186 719 390 412 602 230 476 239 270 511 452 252 343 247 945 288 466 460 946 216 606 226 593 463 985 192 532 556 879 362 182 428 526 535 652 316 681 350 388 502 941 967 333 398 188 668 281 389 343 845 257 420 322 990 121 480 193 0 294 182 355 537 466 556 313 385 659 271 520 657 946 308
693 854 268 489 414 707 675 219 562 595 295 549 887 372 374 894 657 314 705 467 742 277 96 777 718 290 71 513 1048 26 447 690 1048 398 595 492 750 364 1177 337 434 822 1145 628 427 694 793 801 809 217 784 616 522 403 1043 1070 152 299 454 771 31 541 70 1111 402 687 148 1093 204 212 231 294 0 143 256 803 732 822 41 651 819 35 786 899 1048 35
582 742 215 377 302 595 622 107 509 483 183 437 799 260 262 842 545 261 652 355 630 165 119 665 606 178 192 401 995 136 394 615 996 287 543 380 698 311 1124 225 381 710 1033 516 315 582 681 689 757 165 731 504 469 351 991 1017 181 246 342 718 130 488 192 999 291 575 171 1040 92 329 119 182 143 0 204 691 620 710 162 539 767 119 674 811 995 157
528 689 146 323 202 541 580 280 474 429 356 384 745 432 286 807 491 226 617 331 576 296 232 611 552 274 306 347 961 250 359 561 961 186 508 326 663 277 1086 398 346 656 979 462 215 529 627 636 722 130 697 451 434 316 956 982 295 212 288 683 244 453 305 946 395 521 285 1005 265 315 292 355 256 204 0 637 566 656 276 485 732 233 620 757 961 271
133 216 630 494 466 148 374 611 596 456 659 372 273 603 457 347 201 824 502 501 301 614 779 261 112 592 852 320 908 797 594 355 908 487 569 497 355 675 1037 634 721 184 1006 346 453 322 242 237 297 675 423 358 516 633 903 930 842 809 459 440 790 506 852 973 565 315 831 953 630 912 642 537 803 691 637 0 120 214 822 324 288 780 92 285 908 817
218 147 559 423 395 78 303 540 525 385 588 301 204 532 386 278 106 753 433 430 232 543 708 192 197 521 781 249 837 726 523 284 838 416 498 426 286 604 966 563 650 115 935 275 382 251 173 167 228 604 353 287 445 563 833 859 771 738 388 371 719 435 781 902 494 244 760 882 560 841 571 466 732 620 566 120 0 145 751 253 218 709 194 216 838 746
312 107 649 512 485 173 244 630 466 475 678 300 163 622 476 238 226 709 392 520 116 633 798 88 291 611 837 354 778 815 479 225 779 506 439 516 246 560 907 653 591 74 1018 216 472 192 104 112 187 694 313 228 401 519 774 800 849 694 478 330 809 376 840 992 584 155 850 823 649 797 660 556 822 710 656 214 145 0 841 194 178 798 288 175 779 836
713 874 287 508 434 726 657 239 544 614 315 568 869 391 393 876 676 296 687 486 761 296 115 796 737 310 43 532 1030 45 429 672 1030 418 577 511 732 346 1159 356 415 841 1164 647 447 705 812 820 791 237 766 636 504 385 1025 1052 124 281 473 753 50 522 42 1131 422 706 141 1075 223 184 250 313 41 162 276 822 751 841 0 670 801 54 805 881 1030 30
214 272 478 341 314 228 118 459 340 304 507 128 328 451 305 403 177 583 309 349 114 462 627 149 239 440 700 183 652 644 352 99 652 335 312 345 231 434 781 482 464 239 854 84 301 66 165 173 290 523 388 73 275 392 647 674 689 568 307 375 638 249 699 821 413 59 679 697 478 671 489 385 651 539 485 324 253 194 670 0 300 627 307 340 652 665
385 106 743 616 588 246 217 733 402 579 782 406 97 725 579 172 300 644 326 624 265 737 795 225 365 714 772 443 714 813 414 232 714 609 374 619 98 496 842 757 526 138 953 322 576 265 206 201 121 693 247 334 336 454 709 735 784 630 581 264 807 311 775 999 688 291 801 758 753 733 764 659 819 767 732 288 218 178 801 300 0 796 361 109 714 811
670 831 244 465 391 683 651 196 539 572 272 526 863 349 351 871 633 291 681 443 718 253 72 753 694 267 84 490 1025 29 424 666 1025 375 572 468 727 341 1153 313 410 798 1122 604 404 671 769 778 786 194 761 593 499 380 1020 1046 135 276 431 747 22 517 84 1088 379 663 125 1069 180 226 208 271 35 119 233 780 709 798 54 627 796 0 763 875 1025 49
136 290 613 477 449 221 357 594 579 439 642 355 347 586 440 421 244 807 548 484 353 597 762 335 160 575 835 303 891 780 577 338 891 470 552 480 429 658 1020 617 704 258 989 329 436 305 316 310 371 658 496 341 499 617 886 913 825 792 442 514 773 489 835 956 548 298 814 936 613 895 625 520 786 674 620 92 194 288 805 307 361 763 0 359 891 800
383 104 750 613 586 244 296 731 399 576 779 446 95 723 577 100 297 645 255 621 263 734 874 223 362 712 852 440 712 892 493 311 712 607 372 617 177 575 840 754 524 136 951 363 573 339 204 198 118 772 175 374 415 533 707 733 864 669 579 192 886 390 854 997 685 302 880 756 750 812 761 657 899 811 757 285 216 175 881 340 109 875 359 0 712 890
799 778 972 902 875 812 569 1020 520 865 1068 758 714 1012 866 678 762 765 488 910 699 1023 1024 734 823 1001 1001 783 31 1042 692 584 31 896 492 906 645 773 236 1043 644 810 347 675 862 617 749 758 704 922 568 686 614 732 103 38 1013 789 868 554 1036 589 1004 393 974 643 1029 152 1039 962 1050 946 1048 995 961 908 838 779 1030 652 714 1025 891 712 0 1040
708 868 282 503 428 721 666 233 553 609 309 563 878 386 388 886 671 305 696 481 756 291 110 791 732 304 52 527 1039 40 438 681 1040 413 587 506 742 355 1168 351 425 836 1159 642 441 708 807 815 801 232 776 630 513 395 1035 1061 134 290 468 762 45 532 51 1125 416 701 150 1084 218 194 245 308 35 157 271 817 746 836 30 665 811 49 800 890 1040 0
EOF