NAME : tsp_problem
TYPE : TSP
DIMENSION : 32
EDGE_WEIGHT_TYPE : EXPLICIT
EDGE_WEIGHT_FORMAT : FULL_MATRIX
EDGE_WEIGHT_SECTION
0 220 467 275 456 664 672 508 597 886 737 389 859 1036 848 1081 491 1057 890 1115 1016 508 539 860 535 334 770 236 332 748 1208 670
220 0 349 360 338 744 554 588 479 768 619 446 681 866 730 911 373 886 711 945 846 308 360 682 585 414 591 118 413 630 1030 552
467 349 0 606 326 972 269 815 171 484 334 470 953 662 446 708 117 683 568 741 643 351 632 954 831 642 448 260 640 346 1302 243
275 360 606 0 596 518 549 362 737 867 614 244 999 1170 829 1216 631 1191 1029 1249 1151 648 678 1000 293 188 910 376 187 625 1348 809
456 338 326 596 0 961 531 805 456 745 596 459 999 895 707 940 350 916 749 974 875 489 679 1000 820 631 629 250 630 607 1348 529
664 744 968 518 961 0 841 330 1099 1159 906 536 1388 1463 1121 1508 996 1483 1395 1541 1443 1033 1067 1389 767 434 1275 760 376 917 1737 1171
644 578 457 498 555 790 0 634 588 648 139 288 1239 952 610 997 511 972 961 1031 932 729 918 1240 758 460 841 490 459 406 1588 660
508 588 812 362 805 330 684 0 942 1002 749 379 1231 1306 964 1351 840 1327 1238 1385 1286 876 911 1232 622 277 1119 604 219 761 1580 1014
597 479 171 737 456 1102 400 946 0 614 465 600 1084 793 576 838 248 814 699 872 773 482 763 1085 962 772 579 391 771 476 1433 147
886 768 484 867 745 1159 443 1003 614 0 508 657 1308 616 147 661 537 636 923 695 596 706 987 1309 1127 829 803 680 828 300 1657 686
562 497 376 417 474 709 248 553 506 567 0 207 1158 870 529 916 429 891 880 949 851 647 837 1159 677 379 760 408 377 325 1507 579
389 446 466 244 459 536 339 379 597 657 404 0 1107 961 619 1006 494 981 893 1039 941 633 786 1108 504 206 773 394 204 415 1456 669
859 681 953 999 999 1388 1159 1231 1084 1308 1224 1107 0 1191 1270 1236 866 1211 1036 1269 1171 633 349 105 1011 1058 916 779 1056 1226 453 1156
1036 866 662 1171 895 1463 747 1307 793 616 812 961 1191 0 578 222 575 60 805 256 66 588 870 1192 1333 1133 685 830 1132 603 1539 865
848 730 446 829 707 1121 405 965 576 147 470 619 1270 578 0 623 499 598 885 657 558 668 949 1271 1089 791 765 642 790 262 1619 648
1081 911 708 1216 940 1508 792 1352 838 661 857 1006 1236 222 623 0 620 243 661 72 203 633 915 1237 1378 1178 660 875 1177 649 1585 910
491 373 117 631 350 996 323 840 248 537 388 494 866 575 499 620 0 596 480 654 555 264 545 867 855 666 361 285 664 399 1215 320
1057 886 683 1192 916 1484 767 1328 814 636 832 982 1211 60 598 243 596 0 826 277 71 609 890 1212 1354 1154 706 850 1152 624 1560 886
890 711 568 1029 749 1395 773 1238 699 923 838 893 1036 805 885 661 480 826 0 687 785 434 715 1037 1179 1065 229 684 1063 841 1385 771
1115 945 741 1250 974 1542 826 1386 872 695 891 1040 1269 256 657 72 654 277 687 0 236 667 949 1270 1412 1212 686 909 1210 682 1618 944
1016 846 643 1151 875 1443 727 1287 773 596 792 941 1171 66 558 203 555 71 785 236 0 568 850 1172 1313 1113 665 810 1112 584 1520 845
508 308 351 648 489 1033 556 876 482 706 621 633 633 588 668 633 264 609 434 667 568 0 312 634 775 702 314 406 701 624 982 554
539 360 632 678 679 1067 838 911 763 987 903 786 349 870 949 915 545 890 715 949 850 312 0 350 690 737 596 458 735 906 698 835
860 682 954 1000 1000 1389 1160 1232 1085 1309 1225 1108 105 1192 1271 1237 867 1212 1037 1270 1172 634 350 0 1012 1059 917 780 1057 1228 454 1157
535 585 831 293 820 767 809 622 962 1127 874 504 1011 1333 1089 1378 855 1354 1179 1412 1313 775 690 1012 0 404 1059 600 447 885 1360 1034
334 414 638 188 631 434 511 277 769 829 576 206 1058 1133 791 1178 666 1153 1065 1211 1113 702 737 1059 404 0 945 430 102 587 1407 841
770 591 448 910 629 1275 653 1119 579 803 718 773 916 685 765 660 361 706 229 686 665 314 596 917 1059 945 0 564 943 721 1265 651
236 118 260 376 250 760 466 604 391 680 531 394 779 830 642 875 285 850 684 909 810 406 458 780 600 430 564 0 429 542 1128 463
332 413 636 187 630 376 509 219 767 827 574 204 1056 1131 789 1176 664 1152 1063 1210 1111 701 735 1057 447 102 943 429 0 586 1405 839
748 630 346 612 607 905 188 748 476 300 253 402 1226 603 262 649 399 624 841 682 584 624 906 1228 873 574 721 542 573 0 1575 549
1208 1030 1302 1348 1348 1737 1507 1580 1433 1657 1573 1456 453 1539 1619 1585 1215 1560 1385 1618 1520 982 698 454 1360 1407 1265 1128 1405 1575 0 1505
670 552 243 809 529 1175 472 1018 147 686 537 672 1156 865 648 910 320 886 771 944 845 554 835 1157 1034 844 651 463 843 549 1505 0
EOF