NAME : tsp_problem
TYPE : TSP
DIMENSION : 28
EDGE_WEIGHT_TYPE : EXPLICIT
EDGE_WEIGHT_FORMAT : FULL_MATRIX
EDGE_WEIGHT_SECTION
0 1329 1506 1576 484 207 178 931 1259 294 746 1073 338 1601 1303 968 213 929 1431 1355 1756 1213 919 1604 126 1310 531 397
1329 0 306 1387 976 1266 1203 1229 1070 1262 611 636 1086 1412 426 1115 1207 1226 238 1278 1546 273 1096 404 1265 1024 1023 1296
1506 306 0 1565 1154 1444 1381 1407 1247 1440 789 814 1264 1590 604 1293 1385 1404 416 1456 1724 451 1274 197 1443 1202 1201 1474
1576 1387 1565 0 1310 1600 1451 886 421 1509 986 903 1333 256 1361 642 1541 884 1489 1730 411 1271 1086 1663 1512 519 1357 1492
484 976 1154 1310 0 360 595 760 993 711 394 721 617 1335 951 781 302 757 1078 1320 1490 860 627 1252 543 971 79 814
207 1266 1444 1600 360 0 259 1012 1283 375 683 1011 419 1625 1241 1049 182 1010 1368 1531 1779 1150 917 1542 207 1260 407 478
178 1203 1381 1451 595 259 0 806 1134 150 621 948 212 1476 1178 842 360 804 1306 1502 1631 1088 794 1479 114 1185 641 253
1008 1181 1359 708 820 1089 883 0 391 942 691 698 765 733 1156 99 1051 316 1284 1525 888 1066 518 1457 945 442 867 924
1259 1070 1247 421 993 1283 1133 569 0 1192 669 585 1016 446 1044 324 1224 566 1172 1413 600 954 769 1345 1195 201 1040 1175
294 1262 1440 1510 711 375 150 865 1193 0 679 1006 329 1535 1237 901 476 862 1364 1605 1689 1146 853 1538 230 1244 758 309
746 611 789 986 394 683 621 646 669 679 0 356 503 1011 586 624 625 644 713 955 1166 495 513 887 682 628 440 713
1073 636 814 903 721 1011 948 802 585 1006 356 0 830 878 611 632 952 799 738 1022 952 520 669 912 1009 528 768 1040
338 1086 1264 1334 617 419 212 688 1016 329 503 830 0 1358 1060 725 520 686 1188 1429 1513 970 676 1361 274 1067 663 429
1601 1412 1590 256 1335 1625 1476 911 446 1534 1011 878 1358 0 1386 666 1566 908 1514 1755 318 1296 1111 1687 1537 543 1382 1517
1303 426 604 1361 951 1241 1178 1203 1044 1237 586 611 1060 1386 0 1090 1182 1201 528 1253 1520 187 1070 702 1239 998 998 1271
967 1115 1293 642 779 1048 842 277 324 900 624 632 724 666 1090 0 1010 275 1217 1458 821 999 477 1391 903 375 825 883
213 1207 1385 1541 302 182 360 991 1224 476 625 952 520 1566 1182 1012 0 988 1310 1408 1721 1092 858 1483 308 1202 348 579
1005 1178 1356 705 817 1086 880 315 387 939 687 695 762 730 1153 96 1048 0 1280 1521 884 1062 515 1454 941 438 863 921
1431 238 416 1489 1078 1368 1306 1331 1172 1364 713 738 1188 1514 528 1217 1310 1328 0 1380 1648 375 1198 514 1367 1126 1125 1398
1472 1278 1456 1730 1320 1609 1547 1572 1413 1605 955 1022 1429 1755 1253 1458 1525 1570 1380 0 1910 1162 1439 1554 1567 1367 1366 1639
1755 1546 1724 411 1490 1779 1630 1066 600 1689 1166 952 1513 318 1520 821 1721 1063 1648 1910 0 1430 1265 1821 1692 696 1537 1671
1213 273 451 1271 860 1150 1088 1113 954 1146 495 520 970 1296 187 999 1092 1110 375 1162 1430 0 980 549 1149 908 907 1180
919 1096 1274 1090 627 917 794 458 772 853 513 669 676 1114 1070 495 858 456 1198 1439 1269 980 0 1372 855 750 674 887
1604 404 197 1663 1252 1542 1479 1505 1345 1538 887 912 1361 1687 702 1391 1483 1502 514 1554 1821 549 1372 0 1541 1300 1299 1572
126 1265 1443 1513 543 207 114 867 1195 230 682 1009 274 1538 1239 904 308 865 1367 1450 1692 1149 855 1541 0 1246 589 333
1310 1024 1202 519 971 1260 1184 620 201 1243 628 528 1067 543 998 375 1202 617 1126 1367 696 908 750 1300 1246 0 1018 1226
531 1023 1201 1357 79 407 641 807 1040 758 440 768 663 1382 998 828 348 804 1125 1366 1537 907 674 1299 589 1018 0 861
397 1296 1474 1492 814 478 253 847 1175 309 713 1040 429 1517 1271 884 579 845 1398 1639 1672 1180 887 1572 333 1226 861 0
EOF