NAME : tsp_problem
TYPE : TSP
DIMENSION : 28
EDGE_WEIGHT_TYPE : EXPLICIT
EDGE_WEIGHT_FORMAT : FULL_MATRIX
EDGE_WEIGHT_SECTION
0 1388 537 976 920 783 1121 905 1058 1097 894 1532 737 1758 1585 1104 809 497 1081 129 1056 449 1516 824 1471 1059 704 1075
1387 0 1239 1645 1036 1635 410 1724 600 430 1609 256 997 2209 310 683 1241 1145 660 1344 863 1581 1301 1677 1256 1665 903 527
537 1239 0 1032 771 839 972 961 909 948 950 1383 588 1834 1437 955 661 348 933 494 907 735 1368 880 1322 1114 556 926
976 1645 1032 0 669 362 1305 355 1083 1280 168 1789 735 1161 1843 1129 602 719 1106 933 1200 632 1266 187 1221 111 1056 1178
920 1036 771 669 0 746 686 748 464 661 633 1189 283 1489 1243 510 265 458 487 877 705 692 625 707 579 690 604 559
783 1636 839 362 746 0 1369 201 1151 1344 301 1780 752 1192 1833 1198 636 526 1175 740 1268 438 1343 231 1297 383 952 1247
1120 410 972 1305 686 1368 0 1384 333 54 1269 629 657 1898 683 319 901 878 297 1077 596 1314 1034 1343 988 1325 636 164
905 1724 961 355 748 201 1384 0 1162 1359 319 1868 814 1314 1921 1208 681 648 1185 862 1279 560 1345 353 1299 375 1074 1257
1058 600 909 1083 464 1151 333 1162 0 308 1047 743 434 1698 797 300 679 815 277 1015 598 1096 833 1121 788 1103 639 286
1096 430 947 1280 661 1344 54 1359 308 0 1244 649 632 1873 702 295 876 853 272 1053 571 1289 1009 1318 964 1301 612 139
894 1609 950 168 633 301 1269 319 1047 1244 0 1753 699 1079 1807 1093 566 637 1070 851 1164 550 1230 106 1185 196 1020 1142
1531 256 1382 1789 1189 1779 629 1868 743 649 1753 0 1140 2405 93 826 1385 1289 804 1488 1006 1724 1520 1820 1475 1809 1047 671
737 997 588 735 283 752 657 814 434 632 699 1140 0 1744 1194 481 297 464 458 694 552 697 880 773 834 755 356 530
2348 2207 2231 1742 1488 1773 1897 1895 1696 1872 1660 2404 1742 0 2458 1721 1725 1918 1698 2305 2073 2003 1763 1590 1717 1824 2064 1770
1585 310 1436 1843 1243 1833 683 1921 797 702 1807 93 1194 2459 0 880 1438 1342 858 1542 1060 1778 1574 1874 1528 1863 1101 725
1104 683 955 1129 510 1198 319 1208 300 295 1093 826 481 1722 880 0 725 861 61 1061 676 1143 858 1167 812 1149 723 192
809 1241 661 602 265 636 901 681 679 876 566 1385 297 1613 1438 725 0 348 702 766 796 581 862 640 816 622 618 774
497 1145 348 719 458 526 879 648 815 854 637 1289 464 1521 1343 861 348 0 839 454 813 471 1055 567 1009 801 462 832
1081 660 933 1106 487 1175 297 1185 277 272 1070 804 458 1699 858 61 702 839 0 1038 653 1120 835 1144 790 1127 701 170
129 1345 494 933 877 740 1078 862 1015 1053 851 1488 694 1714 1542 1061 766 454 1038 0 1013 406 1473 781 1428 1015 661 1032
1055 863 907 1200 705 1268 596 1279 598 571 1164 1006 552 2074 1060 676 796 813 653 1012 0 1214 1210 1238 1164 1220 571 549
449 1581 735 632 692 438 1314 560 1096 1290 550 1725 697 1413 1779 1143 581 471 1120 406 1214 0 1288 479 1243 714 897 1192
1516 1301 1368 1266 625 1343 1034 1345 833 1009 1230 1520 880 1764 1574 858 862 1055 835 1473 1210 1288 0 1304 371 1286 1201 907
824 1677 880 187 707 231 1343 353 1121 1318 106 1821 773 1009 1875 1167 640 567 1144 781 1238 479 1304 0 1258 270 993 1216
1471 1256 1322 1221 579 1297 988 1299 788 964 1185 1475 834 1719 1528 812 816 1009 790 1428 1164 1243 371 1258 0 1241 1155 861
1059 1665 1114 111 690 383 1325 375 1103 1301 196 1809 755 1243 1863 1149 622 801 1127 1015 1220 714 1286 270 1241 0 1076 1199
820 764 671 1155 687 1068 497 1190 499 472 1119 907 455 2056 961 606 717 577 583 777 431 1013 1192 1109 1146 1175 0 450
1074 527 926 1178 559 1247 164 1257 286 139 1142 671 530 1771 725 192 774 832 170 1031 549 1192 907 1216 861 1199 590 0
EOF