NAME : tsp_problem
TYPE : TSP
DIMENSION : 36
EDGE_WEIGHT_TYPE : EXPLICIT
EDGE_WEIGHT_FORMAT : FULL_MATRIX
EDGE_WEIGHT_SECTION
0 1613 383 764 137 1975 309 554 106 595 771 1568 1317 1559 981 1581 198 349 1086 1640 676 647 871 365 1528 1621 1032 1625 1582 419 706 97 377 160 193 347
1612 0 1285 909 1593 470 1530 1158 1662 1331 943 408 402 1541 964 157 1586 1666 696 456 1412 1292 831 1366 259 147 971 110 158 1506 1040 1553 1291 1717 1472 1499
383 1286 0 437 364 1648 280 228 467 548 459 1256 996 1246 669 1254 357 637 766 1328 629 509 544 162 1201 1294 711 1298 1255 320 379 324 68 521 224 249
764 896 437 0 745 1258 682 468 848 762 430 960 754 1460 883 865 737 1018 412 1008 842 723 128 518 812 904 593 908 865 658 419 704 443 902 623 651
137 1593 364 745 0 1955 290 535 221 661 767 1564 1303 1554 976 1562 178 306 1073 1635 742 713 851 346 1509 1601 1019 1605 1562 399 686 66 357 275 174 328
1974 470 1647 1271 1955 0 1892 1519 2024 1693 1305 844 839 1978 1401 485 1947 2028 1058 892 1773 1654 1193 1728 696 486 1333 449 486 1868 1402 1914 1653 2078 1833 1861
309 1531 280 682 290 1893 0 472 393 793 704 1501 1241 1491 914 1499 283 564 1011 1573 873 754 789 341 1446 1538 956 1543 1500 316 624 250 273 447 150 244
554 1158 228 468 535 1519 472 0 638 342 253 1050 790 1040 463 1126 528 677 560 1122 423 303 459 308 1073 1165 505 1170 1127 513 173 495 234 692 414 441
106 1662 467 848 221 2024 393 638 0 574 750 1547 1295 1537 960 1631 281 328 1065 1618 654 626 954 449 1578 1670 1010 1674 1632 502 729 181 460 77 277 431
595 1331 548 762 661 1693 793 342 574 0 418 1216 964 1206 628 1299 771 577 733 1287 110 294 684 629 1247 1339 679 1343 1300 833 398 671 554 628 735 762
771 943 459 430 767 1305 704 253 750 418 0 902 575 1074 496 911 759 753 345 974 499 379 352 540 858 951 291 955 912 744 226 726 465 804 645 673
1568 408 1256 973 1564 844 1501 1050 1547 1216 902 0 362 1360 783 531 1556 1550 760 124 1296 1177 895 1337 197 415 931 435 532 1541 1000 1523 1262 1601 1442 1470
1317 402 996 767 1303 839 1241 790 1295 964 575 362 0 1163 586 526 1296 1298 554 434 1044 925 689 1077 318 410 603 429 526 1281 673 1263 1002 1349 1182 1210
1559 1541 1246 1460 1554 1978 1491 1040 1537 1206 1074 1360 1163 0 608 1605 1547 1540 1297 1432 1286 1167 1382 1327 1457 1549 1242 1568 1606 1531 1096 1514 1252 1591 1433 1460
981 964 669 883 976 1401 914 463 960 628 496 783 586 608 0 1028 969 963 719 854 709 589 805 750 879 972 665 991 1029 954 519 936 675 1014 855 883
1580 157 1254 877 1561 485 1498 1126 1631 1299 911 531 526 1605 1028 0 1554 1634 664 579 1380 1260 799 1334 383 172 939 135 61 1474 1009 1521 1260 1685 1440 1467
198 1586 357 737 178 1948 283 528 281 771 759 1556 1296 1547 969 1554 0 452 1066 1628 851 810 844 339 1502 1594 1012 1598 1555 392 679 138 350 335 167 321
349 1666 637 1018 306 2028 564 677 328 577 753 1550 1298 1540 963 1634 452 0 1068 1622 658 629 1019 620 1581 1674 1014 1678 1635 673 733 340 631 382 447 602
1086 696 766 424 1073 1058 1011 560 1065 733 345 760 554 1297 719 664 1066 1068 0 808 814 694 346 847 612 704 373 708 665 1021 443 1033 772 1119 952 980
1640 456 1328 1021 1635 892 1573 1122 1618 1287 974 124 434 1432 854 579 1628 1622 808 0 1368 1248 943 1409 245 463 1002 483 580 1613 1072 1595 1334 1673 1514 1542
676 1412 629 842 742 1773 873 423 654 110 499 1296 1044 1286 709 1380 851 658 814 1368 0 375 764 709 1327 1419 759 1423 1381 914 478 751 635 708 815 843
647 1292 509 723 713 1654 754 303 626 294 379 1177 925 1167 589 1260 810 629 694 1248 375 0 645 590 1208 1300 640 1304 1261 794 359 722 515 680 696 723
871 819 544 128 851 1180 789 459 954 684 352 882 676 1382 805 787 844 1019 334 930 764 645 0 625 734 826 515 830 788 765 342 811 550 1009 730 758
365 1367 162 518 346 1728 341 308 449 629 540 1337 1077 1327 750 1335 339 620 847 1409 709 590 625 0 1282 1374 792 1379 1336 447 460 306 168 503 225 376
1528 259 1201 824 1508 696 1446 1073 1578 1247 858 197 318 1457 879 383 1501 1581 612 245 1327 1208 747 1282 0 267 887 286 384 1422 956 1468 1207 1632 1387 1415
1620 147 1293 917 1600 486 1538 1165 1670 1339 951 415 410 1549 972 172 1593 1674 704 463 1419 1300 839 1374 267 0 979 126 173 1514 1048 1560 1299 1724 1479 1507
1032 971 711 593 1019 1333 956 505 1010 679 291 931 603 1242 665 939 1012 1014 373 1002 759 640 515 792 887 979 0 983 940 996 388 979 717 1064 898 925
1624 110 1297 921 1605 449 1542 1170 1674 1343 955 435 429 1568 991 135 1597 1678 708 483 1423 1304 843 1378 286 126 983 0 136 1518 1052 1564 1303 1728 1483 1511
1581 158 1255 878 1562 486 1499 1127 1632 1300 912 532 526 1606 1029 61 1555 1635 665 580 1381 1261 800 1335 384 173 940 136 0 1475 1010 1522 1260 1686 1441 1468
419 1507 320 658 399 1868 316 513 502 833 744 1541 1281 1531 954 1475 392 673 1022 1613 914 794 765 447 1422 1514 996 1518 1476 0 664 359 314 557 260 153
706 1040 379 419 686 1402 624 173 729 398 226 1000 673 1096 519 1009 679 733 443 1072 478 359 342 460 956 1048 388 1052 1010 664 0 646 385 783 565 593
97 1553 324 704 66 1915 250 495 181 671 726 1523 1263 1514 936 1521 138 340 1033 1595 751 722 811 306 1469 1561 979 1565 1522 359 646 0 317 235 134 288
377 1292 68 443 357 1654 273 234 460 554 465 1262 1002 1252 675 1260 350 631 772 1334 635 515 550 168 1207 1300 717 1304 1261 314 385 317 0 514 218 243
160 1717 521 902 275 2078 447 692 77 628 804 1601 1349 1591 1014 1685 335 382 1119 1673 708 680 1009 503 1632 1724 1064 1728 1686 557 783 235 514 0 331 485
193 1472 224 623 174 1834 150 414 277 735 645 1442 1182 1433 855 1440 167 447 952 1514 815 696 730 225 1388 1480 898 1484 1441 260 565 134 218 331 0 189
347 1500 249 651 328 1862 244 441 431 762 673 1470 1210 1460 883 1468 321 602 980 1542 843 723 758 376 1415 1508 925 1512 1469 153 593 288 243 485 189 0
EOF