NAME : tsp_problem
TYPE : TSP
DIMENSION : 40
EDGE_WEIGHT_TYPE : EXPLICIT
EDGE_WEIGHT_FORMAT : FULL_MATRIX
EDGE_WEIGHT_SECTION
0 898 992 418 1201 1153 704 424 866 1037 192 1057 1265 826 687 967 822 737 677 720 938 822 1089 66 813 193 622 877 1439 870 1169 1250 702 1154 430 1114 1193 660 1136 176
898 0 1514 1023 662 774 1170 775 1421 1503 960 321 1757 1484 1320 1659 919 938 1309 1243 1404 1480 1656 871 194 960 1088 77 1060 1402 790 758 1279 1619 1035 1579 558 1019 1725 944
992 1514 0 814 1855 1769 538 1079 446 414 834 1673 533 407 555 235 1476 1391 545 588 162 403 357 965 1428 858 716 1493 2054 450 1785 1865 570 531 826 390 1848 1314 404 848
418 1023 814 0 1281 1278 565 504 688 898 259 1182 1087 648 509 789 902 817 498 542 798 644 911 391 938 284 468 1002 1528 692 1294 1375 524 1014 54 943 1273 740 957 274
1201 662 1855 1281 0 337 1623 957 1729 2003 1159 382 2128 1689 1550 1830 483 501 1539 1583 1904 1685 1952 1174 694 1159 1509 641 503 1733 764 214 1565 2120 1292 1984 179 583 1998 1143
1153 774 1769 1278 337 0 1425 1030 1676 1758 1215 600 2013 1739 1575 1914 799 817 1565 1499 1659 1735 1911 1126 689 1215 1343 753 767 1657 644 166 1535 1874 1290 1834 343 899 1980 1199
704 1170 538 565 1623 1425 0 847 445 527 602 1329 781 463 206 603 1244 1159 196 130 428 458 680 677 1085 626 372 1149 1711 425 1441 1522 166 643 576 603 1566 1082 749 616
424 775 1079 504 954 1030 847 0 953 1290 383 934 1352 913 773 1054 524 677 763 806 1152 909 1175 397 690 383 733 754 1202 957 1046 1127 789 1412 516 1208 947 746 1222 367
866 1421 446 688 1729 1676 445 953 0 501 707 1580 720 196 429 421 1350 1265 418 462 402 191 543 839 1336 732 623 1400 1961 77 1692 1772 444 618 699 576 1721 1188 590 722
1037 1503 414 898 2003 1758 527 1290 501 0 1045 1662 442 564 677 283 1687 1602 667 600 304 560 216 1010 1418 1070 705 1482 2044 482 1774 1855 637 304 910 139 1899 1525 394 1060
192 960 834 259 1159 1215 602 383 707 1045 0 1119 1107 668 528 808 780 695 518 561 907 663 930 165 874 78 488 939 1406 711 1231 1311 543 1184 271 963 1151 618 977 68
1057 321 1673 1182 382 600 1329 934 1580 1662 1119 0 1917 1643 1479 1818 639 657 1469 1403 1563 1639 1815 1030 353 1119 1247 300 850 1561 949 477 1439 1779 1194 1738 277 739 1884 1103
1265 1757 533 1087 2128 2013 781 1352 720 442 1107 1917 0 680 828 345 1749 1664 818 855 559 676 409 1238 1672 1132 959 1736 2298 724 2029 2109 844 258 1099 442 2121 1587 149 1122
826 1484 407 648 1689 1739 463 913 196 564 668 1643 680 0 389 382 1310 1225 379 422 465 31 504 799 1399 693 611 1463 1937 200 1755 1836 405 681 660 536 1682 1148 550 683
687 1320 555 509 1550 1575 206 773 429 677 528 1479 828 389 0 530 1171 1086 47 146 578 385 652 660 1235 553 395 1299 1797 433 1591 1672 128 793 520 685 1542 1009 699 543
967 1659 235 789 1830 1914 603 1054 421 283 808 1818 345 382 530 0 1451 1366 519 563 308 377 168 940 1574 833 752 1638 2077 425 1930 2011 545 422 800 201 1822 1289 215 823
819 919 1473 899 483 799 1241 527 1347 1684 777 639 1746 1307 1168 1448 0 206 1157 1201 1546 1303 1570 792 937 778 1127 898 730 1351 991 675 1183 1823 911 1603 475 287 1617 761
737 938 1391 817 501 817 1159 680 1265 1602 695 657 1664 1225 1086 1366 206 0 1075 1119 1464 1221 1488 710 969 696 1045 917 748 1269 1010 694 1101 1741 829 1521 494 119 1535 679
677 1309 545 498 1539 1565 196 763 418 667 518 1469 818 379 47 519 1160 1075 0 135 567 375 641 649 1224 543 385 1288 1787 423 1581 1661 117 783 510 674 1532 998 688 533
720 1243 588 542 1583 1499 130 806 462 600 561 1403 855 422 146 563 1204 1119 135 0 501 418 685 693 1158 586 372 1222 1784 466 1515 1595 105 717 553 677 1575 1042 732 576
938 1404 162 798 1904 1659 428 1152 402 304 907 1563 559 465 578 308 1549 1464 567 501 0 461 430 911 1319 931 606 1383 1945 383 1675 1756 537 421 810 381 1799 1387 477 922
822 1480 403 644 1685 1735 458 909 191 560 663 1639 676 31 385 377 1306 1221 375 418 461 0 499 795 1394 688 607 1458 1932 196 1751 1831 400 676 656 532 1678 1144 546 678
1089 1656 357 911 1952 1911 680 1175 543 216 930 1815 409 504 652 168 1573 1488 641 685 430 499 0 1062 1571 955 858 1635 2197 547 1927 2008 667 457 922 135 1944 1411 279 945
66 871 965 391 1174 1126 677 397 839 1010 165 1030 1238 799 660 940 795 710 649 693 911 795 1062 0 786 166 595 850 1411 843 1142 1222 675 1126 403 1086 1166 633 1109 149
813 194 1428 938 694 689 1085 690 1336 1418 874 353 1672 1399 1235 1574 937 969 1224 1158 1319 1394 1571 786 0 875 1003 173 974 1316 705 785 1194 1534 950 1494 589 1051 1640 859
193 960 858 284 1159 1215 626 383 732 1070 78 1119 1132 693 553 833 781 696 543 586 931 688 955 166 875 0 512 939 1407 736 1231 1312 568 1208 296 988 1152 619 1002 92
622 1088 716 468 1509 1343 372 733 623 705 488 1247 959 611 395 752 1130 1045 385 372 606 607 858 595 1003 512 0 1067 1629 604 1359 1440 355 821 480 781 1483 968 920 502
877 77 1493 1002 641 753 1149 754 1400 1482 939 300 1736 1463 1299 1638 898 917 1288 1222 1383 1458 1635 850 173 939 1067 0 1039 1381 769 737 1258 1598 1014 1558 537 998 1704 923
1439 1060 2054 1539 514 778 1711 1216 1961 2044 1417 862 2298 1948 1808 2088 741 760 1798 1784 1945 1943 2197 1411 974 1418 1629 1039 0 1942 345 655 1820 2160 1551 2120 621 841 2257 1402
870 1402 450 692 1733 1657 425 957 77 482 711 1561 724 200 433 425 1354 1269 423 466 383 196 547 843 1316 736 604 1381 1942 0 1673 1753 448 598 704 558 1726 1192 594 726
1169 790 1785 1294 775 644 1441 1046 1692 1774 1231 949 2029 1755 1591 1930 1003 1021 1581 1515 1675 1751 1927 1142 705 1231 1359 769 345 1673 0 741 1551 1890 1306 1850 882 1103 1996 1215
1250 758 1865 1375 214 166 1522 1127 1772 1855 1311 477 2109 1836 1672 2011 675 694 1661 1595 1756 1831 2008 1222 785 1312 1440 737 644 1753 741 0 1631 1971 1387 1931 220 775 2077 1296
702 1279 570 524 1565 1535 166 789 444 637 543 1439 844 405 128 545 1186 1101 117 105 537 400 667 675 1194 568 355 1258 1812 448 1551 1631 0 753 536 700 1558 1024 714 558
1154 1619 531 1014 2120 1874 643 1412 618 304 1184 1779 258 681 793 422 1826 1741 783 717 421 676 457 1126 1534 1208 821 1598 2160 598 1890 1971 753 0 1026 380 2015 1664 226 1198
430 1035 826 54 1292 1290 576 516 699 910 271 1194 1099 660 520 800 914 829 510 553 810 656 922 403 950 296 480 1014 1540 704 1306 1387 536 1026 0 955 1285 752 969 286
1114 1579 390 943 1984 1834 603 1208 576 139 963 1738 442 536 685 201 1606 1521 674 677 381 532 135 1086 1494 988 781 1558 2120 558 1850 1931 700 380 955 0 1975 1444 312 978
1193 558 1848 1273 179 343 1566 950 1721 1899 1151 277 2121 1682 1542 1822 475 494 1532 1575 1799 1678 1944 1166 589 1152 1483 537 609 1726 871 220 1558 2015 1285 1975 0 575 1991 1136
660 1019 1314 740 583 899 1082 746 1188 1525 618 739 1587 1148 1009 1289 287 119 998 1042 1387 1144 1411 633 1051 619 968 998 830 1192 1091 775 1024 1664 752 1444 575 0 1458 602
1136 1725 404 957 1998 1980 749 1222 590 394 977 1884 149 550 699 215 1620 1535 688 732 477 546 279 1109 1640 1002 920 1704 2246 594 1996 2077 714 226 969 312 1991 1458 0 992
176 944 848 274 1143 1199 616 367 722 1060 68 1103 1122 683 543 823 764 679 533 576 922 678 945 149 859 92 502 923 1390 726 1215 1296 558 1198 286 978 1136 602 992 0
EOF