NAME : tsp_problem
TYPE : TSP
DIMENSION : 66
EDGE_WEIGHT_TYPE : EXPLICIT
EDGE_WEIGHT_FORMAT : FULL_MATRIX
EDGE_WEIGHT_SECTION
0 1190 857 848 756 740 688 626 490 765 199 1139 908 390 903 866 900 1085 908 1238 704 1225 535 1236 875 1155 1148 470 635 896 447 1081 712 1196 490 478 801 611 1152 421 828 84 873 355 1107 617 1093 634 866 166 457 661 1321 885 726 902 513 137 469 1115 709 1109 465 1259 764 1124
1190 0 1727 1654 469 1545 1493 1461 1295 481 1108 87 819 1174 1711 778 438 461 819 153 1509 2030 1340 2041 786 2171 167 1275 1440 807 1253 520 577 195 1295 1283 1606 935 481 919 742 1145 1678 1087 209 1488 532 1441 1671 1075 1404 1468 224 1690 1531 1707 1318 1118 1274 1950 612 507 872 2064 465 1929
857 1727 0 143 1293 416 428 527 701 1302 739 1675 1331 823 112 1290 1437 1508 1331 1775 455 593 561 604 1298 519 1685 745 564 1319 723 1504 1248 1733 564 689 157 1034 1575 958 1251 835 251 887 1643 518 1516 535 151 770 615 561 1744 134 412 153 582 840 543 479 1246 1532 1002 627 1301 508
848 1654 143 0 1220 417 366 595 695 1228 666 1602 1407 900 127 1366 1364 1585 1408 1702 381 615 487 625 1375 595 1612 675 574 1395 653 1581 1175 1660 491 683 83 1076 1651 885 1327 804 177 962 1570 595 1592 576 87 697 692 603 1797 105 404 123 509 776 470 535 1172 1608 928 649 1228 513
756 469 1293 1220 0 1111 1060 1027 862 48 674 418 949 934 1277 908 197 849 949 517 1075 1597 907 1607 916 1737 428 842 1006 937 819 908 143 476 862 850 1172 694 869 678 1107 712 1244 847 386 1054 920 1007 1238 641 970 1034 612 1256 1098 1273 884 684 840 1517 371 895 631 1631 47 1495
740 1545 416 417 1111 0 74 354 587 1120 557 1493 1249 741 461 1207 1255 1426 1249 1593 136 787 246 798 1216 713 1503 567 333 1237 544 1422 1066 1551 284 575 369 952 1493 776 1169 695 441 805 1461 381 1434 335 435 588 533 362 1662 453 57 471 268 667 305 673 1064 1450 820 821 1119 692
688 1493 428 366 1060 74 0 313 535 1068 505 1442 1261 754 423 1220 1204 1439 1262 1541 84 742 205 753 1229 726 1452 515 292 1250 492 1435 1015 1500 243 523 318 915 1505 724 1181 643 390 802 1410 340 1447 294 383 537 546 321 1636 402 61 419 227 616 264 662 1012 1462 768 776 1067 641
626 1461 527 595 1027 354 313 0 469 1035 473 1409 1099 592 572 1058 1171 1277 1100 1509 374 898 148 909 1067 824 1419 482 63 1087 460 1272 982 1467 190 457 547 802 1343 691 1019 603 619 656 1377 122 1284 119 612 504 384 146 1513 594 341 613 170 583 211 784 979 1300 735 932 1035 813
490 1295 701 695 862 587 535 469 0 870 308 1244 1016 509 746 975 1006 1193 1016 1344 551 1072 382 1083 983 998 1254 141 482 1004 118 1189 817 1302 337 63 648 717 1260 526 936 445 720 572 1212 461 1201 477 713 339 204 504 1429 732 573 749 360 418 316 958 814 1217 570 1106 870 971
765 481 1302 1228 48 1120 1068 1035 870 0 682 430 961 946 1286 920 209 861 962 529 1084 1605 915 1616 928 1746 440 850 1014 949 827 920 152 488 870 858 1181 706 881 690 1119 720 1252 859 398 1062 932 1016 1246 650 979 1043 624 1264 1106 1282 893 692 849 1525 383 907 643 1639 55 1504
199 1108 739 666 674 557 505 473 308 682 0 1056 951 434 723 910 818 1129 952 1156 521 1043 353 1053 919 1183 1066 287 452 940 265 1125 629 1114 308 296 618 530 1196 339 871 154 690 399 1024 500 1137 453 683 54 416 480 1251 702 544 719 330 126 286 963 626 1152 382 1077 682 941
1139 87 1675 1602 418 1493 1442 1409 1244 430 1056 0 807 1123 1659 766 386 536 808 228 1458 1979 1289 1989 775 2119 242 1224 1388 795 1201 596 525 270 1244 1232 1554 883 556 867 817 1094 1626 1036 244 1436 607 1390 1620 1023 1352 1416 299 1638 1480 1655 1266 1066 1222 1899 560 582 820 2013 414 1877
908 819 1331 1407 949 1249 1261 1099 1016 961 951 807 0 621 1376 75 917 714 82 685 1322 1702 1153 1713 73 1628 672 1061 1136 53 1038 710 1056 643 1195 1004 1421 525 780 780 456 885 1515 668 630 1091 721 1107 1416 919 931 1134 683 1398 1245 1417 1175 890 1189 1588 895 737 733 1736 945 1617
390 1172 823 900 931 741 754 592 509 943 434 1120 621 0 869 580 830 798 621 1120 815 1195 646 1206 588 1121 1113 553 629 609 531 794 912 1085 687 496 914 324 865 268 541 368 1008 120 1071 583 806 600 909 402 423 627 1034 891 737 910 668 373 669 1081 639 822 395 1229 927 1110
903 1711 112 127 1277 461 423 572 746 1286 723 1659 1376 869 0 1335 1421 1554 1377 1759 439 639 544 649 1344 564 1669 733 610 1365 710 1550 1232 1717 548 734 140 1080 1620 942 1296 861 235 933 1627 564 1562 580 65 754 661 607 1790 84 458 101 566 833 527 524 1229 1577 985 673 1285 554
866 778 1290 1366 908 1207 1220 1058 975 920 910 766 75 580 1335 0 876 673 51 644 1281 1661 1112 1672 42 1587 631 1019 1095 63 997 669 1015 602 1153 963 1380 484 739 739 415 844 1474 627 589 1050 680 1066 1375 878 889 1093 642 1357 1204 1376 1134 849 1148 1547 854 696 692 1695 904 1576
897 438 1434 1361 197 1252 1201 1168 1003 209 815 386 917 833 1418 876 0 817 918 486 1217 1738 1048 1748 885 1878 396 983 1147 905 960 877 304 444 1003 991 1313 593 837 578 1007 853 1385 746 354 1195 888 1149 1379 782 1111 1175 581 1397 1239 1414 1025 825 981 1658 271 864 531 1772 193 1636
1085 461 1508 1585 849 1426 1439 1277 1193 861 1129 536 714 798 1554 673 817 0 714 353 1500 1880 1331 1890 681 1806 440 1238 1314 702 1216 90 956 395 1372 1181 1599 703 97 957 311 1063 1693 846 482 1268 102 1285 1593 1096 1108 1312 266 1576 1422 1595 1353 1067 1367 1766 992 77 910 1914 845 1795
908 819 1331 1408 949 1249 1262 1100 1016 962 952 808 82 621 1377 51 918 714 0 686 1323 1703 1154 1713 84 1629 672 1061 1137 95 1038 710 1057 644 1195 1004 1422 526 781 780 457 886 1516 669 631 1091 722 1108 1416 919 931 1135 683 1399 1245 1418 1176 890 1190 1589 895 738 733 1737 945 1618
1238 153 1775 1702 517 1593 1541 1509 1344 529 1156 228 685 1120 1759 644 486 353 686 0 1557 2078 1388 2089 653 2128 131 1323 1488 673 1301 412 625 87 1343 1331 1654 983 373 967 633 1193 1726 1136 174 1536 424 1489 1719 1123 1430 1516 116 1738 1580 1755 1366 1166 1322 1999 660 399 920 2112 513 1977
704 1509 455 381 1075 136 84 374 551 1084 521 1458 1322 815 439 1281 1220 1500 1323 1557 0 758 266 769 1290 787 1467 531 353 1310 508 1496 1031 1515 304 539 334 931 1566 740 1242 659 406 818 1426 401 1507 355 399 553 607 382 1652 418 122 435 288 631 325 678 1028 1523 784 792 1083 657
1225 2030 593 615 1597 787 742 898 1072 1605 1043 1979 1702 1195 639 1661 1741 1880 1703 2078 758 0 864 38 1670 195 1989 1052 936 1691 1029 1876 1552 2037 868 1060 567 1406 1947 1261 1622 1180 639 1259 1947 890 1888 906 633 1074 987 933 2116 651 781 668 886 1153 847 378 1549 1904 1305 51 1605 357
535 1340 561 487 907 246 205 148 382 915 353 1289 1153 646 544 1112 1051 1331 1154 1388 266 864 0 874 1121 877 1299 362 128 1141 339 1327 862 1347 65 370 440 762 1397 571 1073 490 511 649 1257 176 1338 129 505 384 438 156 1483 523 233 541 50 463 86 784 859 1354 615 898 915 762
1236 2041 604 625 1607 798 753 909 1083 1616 1053 1989 1713 1206 649 1672 1751 1890 1713 2089 769 38 874 0 1680 205 1999 1063 946 1701 1040 1886 1562 2047 878 1071 578 1416 1957 1272 1633 1191 649 1269 1957 900 1898 917 643 1084 997 944 2126 662 791 679 896 1163 857 389 1559 1914 1315 45 1615 367
875 786 1298 1375 916 1216 1229 1067 983 928 919 775 73 588 1344 42 885 681 84 653 1290 1670 1121 1680 0 1596 639 1028 1104 72 1005 677 1024 611 1162 971 1389 493 748 747 424 853 1483 635 598 1058 689 1075 1383 886 898 1101 650 1366 1212 1385 1143 857 1157 1556 862 705 700 1704 912 1585
1155 2171 519 595 1737 713 726 824 998 1746 1183 2119 1628 1121 564 1587 1881 1806 1629 2128 787 195 877 205 1596 0 2120 1043 861 1616 1020 1801 1693 2092 915 986 609 1331 1872 1332 1548 1132 703 1185 2078 816 1813 832 604 1166 913 859 2042 586 709 606 899 1137 936 380 1690 1829 1446 228 1745 409
1148 167 1685 1612 428 1503 1452 1419 1254 440 1066 242 672 1113 1669 631 396 440 672 131 1467 1989 1299 1999 639 2120 0 1234 1398 660 1211 499 535 174 1254 1242 1564 893 460 877 721 1104 1636 1046 109 1446 511 1400 1630 1033 1362 1426 203 1648 1490 1665 1276 1076 1232 1909 570 486 830 2023 424 1887
470 1275 745 675 842 567 515 482 141 850 287 1224 1061 553 733 1019 986 1238 1061 1323 531 1052 362 1063 1028 1043 1234 0 461 1049 54 1234 797 1282 317 129 628 697 1305 506 981 425 699 584 1192 505 1246 463 693 319 249 490 1418 711 553 729 340 398 296 972 794 1262 550 1086 849 950
635 1440 564 574 1006 333 292 63 482 1014 452 1388 1136 629 610 1095 1150 1314 1137 1488 353 936 128 946 1104 861 1398 461 0 1125 439 1310 961 1446 169 470 527 840 1380 671 1056 590 598 693 1356 159 1322 112 592 483 421 139 1550 610 320 628 150 562 190 821 958 1337 714 969 1014 850
896 807 1319 1395 937 1237 1250 1087 1004 949 940 795 53 609 1365 63 905 702 95 673 1310 1691 1141 1701 72 1616 660 1049 1125 0 1026 698 1045 632 1183 992 1409 513 769 768 445 873 1503 656 618 1079 710 1095 1404 907 919 1122 671 1386 1233 1406 1163 878 1177 1576 883 726 721 1724 933 1606
447 1253 723 653 819 544 492 460 118 827 265 1201 1038 531 710 997 963 1216 1038 1301 508 1029 339 1040 1005 1020 1211 54 439 1026 0 1211 774 1259 294 106 605 675 1282 484 958 403 677 561 1169 483 1223 440 670 296 226 467 1396 689 530 706 317 375 273 949 771 1239 527 1063 827 928
1081 520 1504 1581 908 1422 1435 1272 1189 920 1125 596 710 794 1550 669 877 90 710 412 1496 1876 1327 1886 677 1801 499 1234 1310 698 1211 0 1016 454 1368 1177 1595 699 157 953 307 1059 1689 841 542 1264 28 1280 1589 1092 1104 1307 326 1572 1418 1591 1349 1063 1363 1761 1051 114 906 1910 904 1791
712 577 1248 1175 143 1066 1015 982 817 152 629 525 1056 912 1232 1015 304 956 1057 625 1031 1552 862 1562 1024 1693 535 797 961 1045 774 1016 0 583 817 805 1127 801 977 748 1215 667 1199 825 493 1009 1028 963 1193 597 926 990 720 1211 1053 1229 840 639 796 1472 479 1003 739 1586 151 1450
1196 195 1733 1660 476 1551 1500 1467 1302 488 1114 270 643 1085 1717 602 444 395 644 87 1515 2037 1347 2047 611 2092 174 1282 1446 632 1259 454 583 0 1302 1290 1612 941 415 925 676 1152 1684 1094 157 1494 466 1447 1678 1081 1394 1474 158 1696 1538 1713 1324 1124 1280 1957 618 441 878 2071 472 1935
490 1295 564 491 862 284 243 190 337 870 308 1244 1195 687 548 1153 1006 1372 1195 1343 304 868 65 878 1162 915 1254 317 169 1183 294 1368 817 1302 0 325 443 717 1439 526 1115 445 515 604 1212 217 1380 170 509 339 446 197 1438 527 271 544 42 418 41 788 814 1396 570 902 869 766
478 1283 689 683 850 575 523 457 63 858 296 1232 1004 496 734 963 994 1181 1004 1331 539 1060 370 1071 971 986 1242 129 470 992 106 1177 805 1290 325 0 636 705 1248 514 924 433 708 560 1200 449 1189 465 701 327 192 492 1417 720 561 737 348 406 304 946 802 1205 558 1094 858 959
801 1606 157 83 1172 369 318 547 648 1181 618 1554 1421 914 140 1380 1316 1599 1422 1654 334 567 440 578 1389 609 1564 628 527 1409 605 1595 1127 1612 443 636 0 1028 1665 837 1341 756 130 914 1522 575 1606 528 101 649 706 555 1749 119 356 137 461 728 422 487 1125 1622 881 601 1180 466
611 935 1034 1076 694 952 915 802 717 706 530 883 525 324 1080 484 593 703 526 983 931 1406 762 1416 493 1331 893 697 840 513 675 699 801 941 717 705 1028 0 769 287 445 567 1100 371 851 794 710 810 1093 497 634 837 939 1102 948 1121 740 540 696 1291 402 726 240 1440 690 1321
1152 481 1575 1651 869 1493 1505 1343 1260 881 1196 556 780 865 1620 739 837 97 781 373 1566 1947 1397 1957 748 1872 460 1305 1380 769 1282 157 977 415 1439 1248 1665 769 0 1024 378 1129 1759 912 502 1335 168 1351 1660 1163 1175 1378 286 1642 1489 1662 1419 1134 1433 1832 1012 143 977 1980 865 1861
421 916 958 885 675 776 724 691 526 688 339 865 780 268 942 739 575 957 780 964 740 1261 571 1272 747 1332 875 506 671 768 484 953 748 922 526 514 837 287 1024 0 700 376 909 181 833 719 965 672 902 306 635 699 1059 921 762 938 549 349 505 1181 383 981 139 1295 672 1160
828 742 1251 1327 1107 1169 1181 1019 936 1119 871 817 456 541 1296 415 1007 311 457 633 1242 1622 1073 1633 424 1548 721 981 1056 445 958 307 1215 676 1115 924 1341 445 378 700 0 805 1435 588 763 1011 319 1027 1336 839 851 1054 547 1318 1165 1338 1095 810 1109 1508 815 335 653 1656 1103 1537
84 1145 835 804 712 695 643 603 445 720 154 1094 885 368 861 844 856 1063 886 1193 659 1180 490 1191 853 1132 1104 425 590 873 403 1059 667 1152 445 433 756 567 1129 376 805 0 828 333 1062 595 1070 591 821 121 435 618 1288 840 682 857 468 92 424 1092 664 1086 420 1214 719 1079
873 1678 251 177 1244 441 390 619 720 1252 690 1626 1515 1008 235 1474 1388 1693 1516 1726 406 639 511 649 1483 703 1636 699 598 1503 677 1689 1199 1684 515 708 130 1100 1759 909 1435 828 0 986 1594 646 1700 600 195 721 800 627 1821 214 428 231 533 800 494 559 1196 1716 952 673 1252 537
355 1085 887 962 844 805 802 656 572 856 399 1033 668 120 933 627 743 846 669 1133 818 1259 649 1269 635 1185 1043 584 693 656 561 841 825 1091 604 560 914 371 912 181 588 333 986 0 1001 647 853 664 972 367 487 690 1082 955 801 974 627 338 583 1145 552 869 308 1293 840 1174
1107 209 1643 1570 386 1461 1410 1377 1212 398 1024 244 630 1071 1627 589 354 482 631 174 1426 1947 1257 1957 598 2078 109 1192 1356 618 1169 542 493 157 1212 1200 1522 851 502 836 763 1062 1594 1004 0 1404 554 1358 1588 992 1321 1385 246 1606 1448 1624 1235 1034 1191 1867 529 529 789 1981 382 1845
617 1488 518 595 1054 381 340 122 461 1062 500 1436 1091 583 564 1050 1198 1268 1091 1536 401 890 176 900 1058 816 1446 505 159 1079 483 1264 1009 1494 217 449 575 794 1335 719 1011 595 646 647 1404 0 1276 105 603 531 375 132 1504 586 368 605 197 600 238 776 1006 1292 762 924 1062 805
1093 532 1516 1592 920 1434 1447 1284 1201 932 1137 607 721 806 1562 680 888 102 722 424 1507 1888 1338 1898 689 1813 511 1246 1322 710 1223 28 1028 466 1380 1189 1606 710 168 965 319 1070 1700 853 554 1276 0 1292 1601 1104 1116 1319 338 1583 1430 1603 1360 1075 1374 1773 1063 125 918 1921 916 1803
634 1441 535 576 1007 335 294 119 477 1016 453 1390 1107 600 580 1066 1152 1285 1108 1489 355 906 129 917 1075 832 1400 463 112 1095 440 1280 963 1447 170 465 528 810 1351 672 1027 591 600 664 1358 105 1292 0 593 485 392 45 1521 602 321 621 151 564 192 792 960 1308 716 940 1015 821
866 1671 151 87 1238 435 383 612 713 1246 683 1620 1416 909 65 1375 1382 1593 1416 1719 399 633 505 643 1383 604 1630 693 592 1404 670 1589 1193 1678 509 701 101 1093 1660 902 1336 821 195 972 1588 603 1601 593 0 715 700 620 1814 44 421 62 527 794 487 553 1190 1617 946 666 1245 531
166 1075 770 697 641 588 537 504 339 650 54 1023 919 402 754 878 785 1096 919 1123 553 1074 384 1084 886 1166 1033 319 483 907 296 1092 597 1081 339 327 649 497 1163 306 839 121 721 367 992 531 1104 485 715 0 447 511 1218 733 575 750 361 93 317 994 594 1120 350 1108 649 972
457 1404 615 692 970 533 546 384 204 979 416 1352 931 423 661 889 1114 1108 931 1430 607 987 438 997 898 913 1362 249 421 919 226 1104 926 1394 446 192 706 634 1175 635 851 435 800 487 1321 375 1116 392 700 447 0 419 1344 683 529 702 460 439 425 873 923 1132 679 1021 978 902
661 1468 561 603 1034 362 321 146 504 1043 480 1416 1134 627 607 1093 1178 1312 1135 1516 382 933 156 944 1101 859 1426 490 139 1122 467 1307 990 1474 197 492 555 837 1378 699 1054 618 627 690 1385 132 1319 45 620 511 419 0 1548 629 348 648 178 590 219 819 987 1335 743 967 1042 848
1321 224 1744 1797 612 1662 1636 1513 1429 624 1251 299 683 1034 1790 642 581 266 683 116 1652 2116 1483 2126 650 2042 203 1418 1550 671 1396 326 720 158 1438 1417 1749 939 286 1062 547 1288 1821 1082 246 1504 338 1521 1814 1218 1344 1548 0 1812 1658 1831 1461 1261 1417 2002 755 313 1015 2150 608 2031
885 1690 134 105 1256 453 402 594 732 1264 702 1638 1398 891 84 1357 1400 1576 1399 1738 418 651 523 662 1366 586 1648 711 610 1386 689 1572 1211 1696 527 720 119 1102 1642 921 1318 840 214 955 1606 586 1583 602 44 733 683 629 1812 0 440 80 545 812 506 546 1208 1599 964 685 1264 550
726 1531 412 404 1098 57 61 341 573 1106 544 1480 1245 737 458 1204 1242 1422 1245 1580 122 781 233 791 1212 709 1490 553 320 1233 530 1418 1053 1538 271 561 356 948 1489 762 1165 682 428 801 1448 368 1430 321 421 575 529 348 1658 440 0 457 255 654 292 669 1050 1446 806 814 1106 679
902 1707 153 123 1273 471 419 613 749 1282 719 1655 1417 910 101 1376 1417 1595 1418 1755 435 668 541 679 1385 606 1665 729 628 1406 706 1591 1229 1713 544 737 137 1121 1662 938 1338 857 231 974 1624 605 1603 621 62 750 702 648 1831 80 457 0 563 829 523 566 1226 1619 982 702 1281 567
513 1318 582 509 884 268 227 170 360 893 330 1266 1175 668 566 1134 1028 1353 1176 1366 288 886 50 896 1143 899 1276 340 150 1163 317 1349 840 1324 42 348 461 740 1419 549 1095 468 533 627 1235 197 1360 151 527 361 460 178 1461 545 255 563 0 440 64 806 837 1376 593 920 892 784
137 1118 840 776 684 667 616 583 418 692 126 1066 890 373 833 849 828 1067 890 1166 631 1153 463 1163 857 1137 1076 398 562 878 375 1063 639 1124 418 406 728 540 1134 349 810 92 800 338 1034 600 1075 564 794 93 439 590 1261 812 654 829 440 0 396 1073 636 1091 392 1187 692 1051
469 1274 543 470 840 305 264 211 316 849 286 1222 1189 669 527 1148 984 1367 1190 1322 325 847 86 857 1157 936 1232 296 190 1177 273 1363 796 1280 41 304 422 696 1433 505 1109 424 494 583 1191 238 1374 192 487 317 425 219 1417 506 292 523 64 396 0 767 793 1390 549 880 848 745
1115 1950 479 535 1517 673 662 784 958 1525 963 1899 1588 1081 524 1547 1661 1766 1589 1999 678 378 784 389 1556 380 1909 972 821 1576 949 1761 1472 1957 788 946 487 1291 1832 1181 1508 1092 559 1145 1867 776 1773 792 553 994 873 819 2002 546 669 566 806 1073 767 0 1469 1789 1225 412 1525 87
706 612 1243 1169 371 1061 1009 976 811 383 623 560 895 641 1226 854 271 992 895 660 1025 1546 856 1556 862 1687 570 791 955 883 768 1051 479 618 811 799 1122 402 1012 386 815 661 1193 555 529 1003 1063 957 1187 591 920 984 755 1205 1047 1223 834 633 790 1466 0 1038 339 1580 367 1444
1109 507 1532 1608 895 1450 1462 1300 1217 907 1152 582 737 822 1577 696 864 77 738 399 1523 1904 1354 1914 705 1829 486 1262 1337 726 1239 114 1003 441 1396 1205 1622 726 143 981 335 1086 1716 869 529 1292 125 1308 1617 1120 1132 1335 313 1599 1446 1619 1376 1091 1390 1789 1038 0 934 1937 891 1818
566 811 1103 1030 570 921 869 837 672 582 484 759 749 496 1087 708 470 927 750 859 885 1406 716 1417 717 1547 769 651 816 738 629 923 678 817 671 660 982 256 994 241 669 521 1054 409 727 864 935 817 1047 451 780 844 954 1066 908 1083 694 494 650 1327 278 951 0 1440 566 1305
1259 2064 627 649 1631 821 776 932 1106 1639 1077 2013 1736 1229 673 1695 1775 1914 1737 2112 792 51 898 45 1704 228 2023 1086 969 1724 1063 1910 1586 2071 902 1094 601 1440 1980 1295 1656 1214 673 1293 1981 924 1921 940 666 1108 1021 967 2150 685 814 702 920 1187 880 412 1583 1937 1339 0 1638 390
764 465 1301 1228 47 1119 1067 1035 870 55 682 414 945 930 1285 904 193 845 945 513 1083 1605 915 1615 912 1745 424 849 1014 933 827 904 151 472 869 858 1180 690 865 674 1103 719 1252 843 382 1062 916 1015 1245 649 978 1042 608 1264 1106 1281 892 692 848 1525 367 891 627 1638 0 1503
1124 1929 508 513 1495 692 641 813 971 1504 941 1877 1617 1110 554 1576 1639 1795 1618 1977 657 357 762 367 1585 409 1887 950 850 1606 928 1791 1450 1935 766 959 466 1321 1861 1160 1537 1079 537 1174 1845 805 1803 821 531 972 902 848 2031 550 679 567 784 1051 745 87 1447 1818 1203 390 1503 0
EOF