NAME : tsp_problem
TYPE : TSP
DIMENSION : 68
EDGE_WEIGHT_TYPE : EXPLICIT
EDGE_WEIGHT_FORMAT : FULL_MATRIX
EDGE_WEIGHT_SECTION
0 1601 514 1982 1184 995 1582 984 2027 1013 964 155 816 413 2010 498 1603 1086 937 723 649 390 1841 824 1835 891 797 320 694 534 1532 1538 234 1564 937 1558 924 337 1075 1609 103 542 1517 769 1352 145 940 70 918 550 439 1511 1732 1230 536 430 434 1168 691 930 1779 943 941 722 1822 360 401 328
1601 0 1402 720 744 969 53 1089 804 989 1068 1702 1168 1223 688 1387 32 916 1032 1223 1261 1674 826 1175 819 1086 1148 1388 1305 1422 96 98 1424 71 1042 76 1018 1552 904 26 1650 1430 118 1200 794 1691 1034 1565 1012 1438 1779 117 717 482 1424 1579 1323 728 1351 1007 764 1037 1046 1352 807 1644 1501 1761
514 1402 0 1784 985 783 1384 772 1815 801 751 607 618 214 1797 58 1405 888 739 511 451 587 1643 625 1636 679 598 301 489 52 1333 1339 337 1366 725 1360 726 437 876 1411 563 60 1319 556 1140 597 741 478 719 68 692 1313 1534 1032 96 492 143 969 479 718 1581 744 729 510 1624 557 414 650
1982 720 1784 0 1126 1256 702 1435 198 1147 1414 2084 1550 1605 125 1769 723 1298 1414 1439 1643 2056 807 1557 182 1320 1530 1770 1679 1804 651 657 1806 684 1388 678 1400 1915 1286 729 2032 1812 636 1416 843 2073 1416 1947 1394 1820 2161 630 302 864 1806 1961 1705 1110 1669 1223 745 1419 1391 1700 230 2026 1883 2128
1184 744 985 1126 0 387 726 566 1131 336 546 1217 734 806 1114 970 747 391 574 571 793 1258 985 741 978 451 732 972 811 1005 675 681 1008 708 519 702 561 1047 379 753 1205 1006 660 547 405 1207 576 1148 554 998 1363 654 876 374 996 1140 906 48 801 355 922 579 523 832 966 1228 1084 1259
995 969 783 1256 387 0 950 316 1168 154 295 967 483 761 1151 765 971 153 323 320 542 1213 1210 491 1203 201 494 927 560 763 900 906 963 932 269 926 310 796 141 977 955 756 885 297 494 956 326 1011 304 748 1119 879 1100 587 746 889 794 371 550 118 1147 329 272 581 1190 1183 861 1009
1582 53 1384 702 726 950 0 1071 786 971 1050 1684 1150 1204 670 1368 50 898 1014 1205 1243 1656 808 1157 801 1068 1130 1370 1287 1404 78 75 1406 48 1024 54 1000 1534 886 44 1632 1412 96 1182 776 1673 1016 1547 994 1420 1761 99 699 464 1406 1561 1304 710 1333 989 746 1019 1028 1334 789 1626 1482 1743
984 1089 772 1435 566 316 1071 0 1347 333 43 956 472 617 1330 754 1092 435 136 309 531 1068 1330 480 1323 125 483 782 549 752 1020 1026 818 1053 64 1047 122 785 423 1098 944 745 1005 286 672 945 138 959 116 737 1108 999 1221 719 735 878 717 550 539 251 1268 141 59 570 1311 1038 850 998
2027 804 1815 198 1134 1168 786 1347 0 1059 1326 1998 1515 1767 134 1797 807 1220 1355 1351 1574 2219 758 1522 344 1232 1526 1932 1592 1795 735 741 1968 768 1300 762 1342 1828 1208 813 1986 1787 721 1328 756 1988 1357 2043 1335 1779 2151 714 464 1027 1777 1921 1825 1118 1582 1136 754 1360 1304 1613 392 2189 1892 2040
1013 989 801 1147 336 154 971 333 1059 0 312 984 501 800 1042 783 992 206 341 338 560 1247 1230 508 1223 218 512 966 578 781 920 926 1002 953 286 947 328 814 194 998 972 773 905 314 390 974 343 1029 321 765 1137 899 1121 536 763 907 811 320 568 122 1168 346 290 599 1211 1217 878 1026
964 1068 751 1414 546 295 1050 43 1326 312 0 935 451 596 1309 734 1071 415 115 288 511 1048 1309 459 1302 104 462 762 528 731 999 1006 797 1032 43 1026 102 765 403 1077 923 724 985 265 652 924 117 938 96 716 1088 979 1200 698 714 858 696 530 519 230 1247 120 44 550 1290 1018 829 977
155 1702 607 2084 1217 967 1684 956 1998 984 935 0 858 514 1981 590 1705 1086 963 694 655 491 1943 865 1936 862 869 421 672 587 1633 1639 335 1666 909 1660 950 308 1074 1711 115 580 1618 740 1323 44 966 171 944 572 410 1612 1834 1332 570 401 536 1201 662 901 1880 969 912 694 1924 461 373 300
816 1168 618 1550 734 483 1150 472 1515 501 451 858 0 438 1497 602 1170 603 480 195 301 890 1409 41 1402 379 136 604 319 638 1099 1105 640 1131 425 1125 467 687 591 1176 846 646 1084 211 840 847 482 780 460 639 995 1078 1300 797 637 780 538 718 365 418 1346 485 429 396 1390 860 716 900
413 1223 214 1605 806 761 1204 617 1767 800 596 514 438 0 1682 199 1225 709 559 503 272 486 1464 446 1457 614 419 200 316 234 1154 1160 236 1186 570 1180 546 364 697 1231 462 242 1139 520 1139 504 562 377 540 250 591 1133 1355 852 236 391 135 790 362 718 1401 565 573 363 1445 456 313 573
2010 688 1797 125 1117 1151 670 1330 134 1042 1309 1981 1497 1682 0 1780 691 1202 1338 1334 1557 2134 810 1505 272 1215 1509 1848 1574 1777 619 626 1884 652 1283 646 1324 1811 1190 697 1969 1770 605 1311 738 1970 1340 2024 1318 1762 2134 599 392 942 1760 1904 1782 1101 1565 1118 807 1343 1287 1596 319 2104 1875 2023
498 1387 58 1769 970 765 1368 754 1797 783 734 590 602 199 1780 0 1389 873 723 493 436 572 1628 610 1621 661 583 286 471 78 1318 1324 322 1350 707 1344 710 419 861 1395 548 86 1303 539 1122 579 726 463 704 94 677 1297 1518 1016 80 477 128 954 461 700 1565 729 711 492 1609 542 398 632
1603 32 1405 723 747 971 50 1092 807 992 1071 1705 1170 1225 691 1389 0 919 1034 1226 1264 1677 829 1178 822 1089 1151 1391 1308 1425 99 95 1427 68 1045 74 1021 1554 907 23 1653 1433 116 1203 797 1694 1037 1568 1015 1441 1782 120 720 485 1427 1582 1325 731 1354 1010 767 1040 1048 1355 810 1647 1503 1764
1086 916 888 1298 391 153 898 435 1220 206 415 1086 603 709 1202 873 919 0 443 440 662 1160 1157 610 1150 320 614 874 680 883 847 853 910 880 388 874 430 916 51 925 1074 875 832 416 545 1076 445 1051 423 867 1239 826 1048 546 865 1009 809 375 670 202 1094 448 392 701 1138 1130 980 1128
937 1032 739 1414 574 323 1014 136 1355 341 115 963 480 559 1338 723 1034 443 0 317 539 1011 1273 487 1266 133 485 725 557 759 963 969 761 995 89 989 44 793 431 1040 951 752 948 293 680 953 60 902 39 744 1116 942 1164 661 742 886 659 558 547 258 1210 62 92 578 1254 981 837 1005
723 1223 511 1439 571 320 1205 309 1351 338 288 694 195 503 1334 493 1226 440 317 0 264 955 1464 202 1457 216 206 669 281 491 1154 1160 705 1187 262 1181 303 524 428 1232 683 483 1140 93 677 684 319 739 297 475 847 1134 1355 770 474 617 522 555 278 255 1402 322 266 309 1445 925 589 737
649 1261 451 1643 793 542 1243 531 1574 560 511 655 301 272 1557 436 1264 662 539 264 0 723 1502 309 1495 438 312 437 55 451 1193 1199 473 1225 484 1219 526 484 650 1270 643 443 1178 280 899 644 541 614 519 435 807 1172 1393 891 434 577 372 777 101 477 1440 544 488 119 1483 693 549 697
390 1674 587 2056 1258 1213 1656 1068 2219 1247 1048 491 890 486 2134 572 1677 1160 1011 955 723 0 1915 897 1908 1065 870 394 767 607 1606 1612 308 1638 1021 1632 998 557 1148 1683 439 615 1591 971 1586 481 1013 354 992 623 269 1585 1806 1304 610 584 508 1242 813 1164 1853 1016 1025 814 1896 59 506 251
1841 826 1643 807 985 1210 808 1330 769 1230 1309 1943 1409 1464 821 1628 829 1157 1273 1464 1502 1915 0 1416 659 1327 1389 1629 1546 1663 757 764 1665 790 1283 784 1259 1793 1145 835 1891 1671 743 1441 1035 1932 1275 1806 1253 1679 2020 737 557 723 1665 1820 1564 969 1592 1248 114 1278 1287 1593 647 1885 1742 2002
824 1175 625 1557 741 491 1157 480 1522 508 459 865 41 446 1505 610 1178 610 487 202 309 897 1416 0 1409 387 143 611 327 645 1107 1113 647 1139 433 1133 474 695 599 1184 853 653 1092 218 848 855 490 788 468 646 1003 1086 1307 805 644 788 546 725 372 426 1354 493 436 403 1397 867 724 907
1835 819 1636 182 978 1203 801 1323 344 1223 1302 1936 1402 1457 272 1621 822 1150 1266 1457 1495 1908 659 1409 0 1320 1382 1622 1540 1656 751 757 1658 783 1276 777 1252 1786 1138 828 1884 1664 736 1434 990 1925 1268 1799 1246 1672 2013 730 154 716 1658 1813 1557 962 1585 1241 597 1271 1280 1587 82 1878 1735 1995
891 1086 679 1320 451 201 1068 125 1232 218 104 862 379 614 1215 661 1089 320 133 216 438 1065 1327 387 1320 0 390 779 456 659 1017 1023 815 1050 78 1044 119 692 308 1095 851 651 1002 193 557 852 135 907 113 643 1015 996 1218 650 642 785 690 435 446 135 1264 138 82 477 1308 1035 757 905
797 1148 598 1530 732 494 1130 483 1526 512 462 869 136 419 1509 583 1151 614 485 206 312 870 1389 143 1382 390 0 584 330 618 1079 1086 620 1112 436 1106 472 698 602 1157 846 626 1065 222 851 858 487 761 465 634 975 1059 1280 778 620 775 519 715 376 429 1327 490 440 407 1370 840 697 911
320 1388 301 1770 972 927 1370 782 1932 966 762 421 604 200 1848 286 1391 874 725 669 437 394 1629 611 1622 779 584 0 481 321 1319 1326 144 1352 735 1346 712 229 862 1397 369 329 1305 685 1305 411 727 284 705 337 499 1299 1520 1018 324 256 222 956 527 883 1567 730 739 528 1610 364 177 481
694 1305 489 1679 811 560 1287 549 1592 578 528 672 319 316 1574 471 1308 680 557 281 55 767 1546 327 1540 456 330 481 0 469 1237 1243 517 1269 502 1263 543 502 668 1314 660 461 1222 298 917 662 559 658 537 453 825 1216 1437 935 451 595 416 795 119 495 1484 562 506 150 1527 737 566 714
534 1422 52 1804 1005 763 1404 752 1795 781 731 587 638 234 1777 78 1425 883 759 491 451 607 1663 645 1656 659 618 321 469 0 1353 1359 357 1386 705 1380 745 417 871 1431 576 80 1338 536 1120 577 761 498 739 80 712 1332 1554 1052 115 510 163 989 459 698 1601 764 709 490 1644 577 434 630
1532 96 1333 651 675 900 78 1020 735 920 999 1633 1099 1154 619 1318 99 847 963 1154 1193 1606 757 1107 751 1017 1079 1319 1237 1353 0 75 1355 60 973 54 950 1483 835 94 1581 1361 54 1131 725 1623 965 1496 943 1369 1711 48 648 413 1356 1510 1254 659 1283 938 695 968 977 1284 738 1575 1432 1693
1538 98 1339 657 681 906 75 1026 741 926 1006 1639 1105 1160 626 1324 95 853 969 1160 1199 1612 764 1113 757 1023 1086 1326 1243 1359 75 0 1362 93 979 99 956 1489 841 89 1587 1367 60 1137 731 1629 971 1502 950 1375 1717 54 655 420 1362 1516 1260 665 1289 945 701 974 983 1290 745 1582 1438 1699
234 1424 337 1806 1008 963 1406 818 1968 1002 797 335 640 236 1884 322 1427 910 761 705 473 308 1665 647 1658 815 620 144 517 357 1355 1362 0 1388 771 1382 748 307 898 1433 283 365 1341 721 1341 325 763 198 741 373 413 1335 1556 1054 360 334 258 992 563 919 1603 766 775 564 1646 278 256 395
1564 71 1366 684 708 932 48 1053 768 953 1032 1666 1131 1186 652 1350 68 880 995 1187 1225 1638 790 1139 783 1050 1112 1352 1269 1386 60 93 1388 0 1006 72 982 1515 868 62 1614 1394 87 1164 758 1655 998 1529 976 1402 1743 81 681 446 1388 1543 1286 692 1315 971 728 1001 1009 1316 771 1608 1464 1725
937 1042 725 1388 519 269 1024 64 1300 286 43 909 425 570 1283 707 1045 388 89 262 484 1021 1283 433 1276 78 436 735 502 705 973 979 771 1006 0 1000 75 738 376 1051 897 697 958 239 625 898 91 912 69 689 1061 952 1174 672 688 831 670 503 492 203 1221 94 20 523 1264 991 803 951
1558 76 1360 678 702 926 54 1047 762 947 1026 1660 1125 1180 646 1344 74 874 989 1181 1219 1632 784 1133 777 1044 1106 1346 1263 1380 54 99 1382 72 1000 0 976 1509 862 68 1608 1388 81 1158 752 1649 992 1523 970 1396 1737 75 675 440 1382 1537 1280 686 1309 965 722 995 1003 1310 765 1602 1458 1719
924 1018 726 1400 561 310 1000 122 1342 328 102 950 467 546 1324 710 1021 430 44 303 526 998 1259 474 1252 119 472 712 543 745 950 956 748 982 75 976 0 780 418 1027 938 739 935 280 667 940 47 888 26 731 1103 929 1150 648 729 873 646 545 534 245 1197 50 79 565 1240 968 824 992
337 1552 437 1915 1047 796 1534 785 1828 814 765 308 687 364 1811 419 1554 916 793 524 484 557 1793 695 1786 692 698 229 502 417 1483 1489 307 1515 738 1509 780 0 904 1560 296 410 1468 570 1153 298 795 353 774 402 461 1462 1684 1181 400 126 385 1031 492 731 1730 798 742 523 1774 527 97 350
1075 904 876 1286 379 141 886 423 1208 194 403 1074 591 697 1190 861 907 51 431 428 650 1148 1145 599 1138 308 602 862 668 871 835 841 898 868 376 862 418 904 0 913 1062 863 820 404 533 1064 433 1039 412 855 1227 814 1036 534 853 997 797 363 658 190 1082 436 380 689 1126 1118 969 1116
1609 26 1411 729 753 977 44 1098 813 998 1077 1711 1176 1231 697 1395 23 925 1040 1232 1270 1683 835 1184 828 1095 1157 1397 1314 1431 94 89 1433 62 1051 68 1027 1560 913 0 1659 1439 110 1209 803 1700 1043 1574 1021 1447 1788 116 726 491 1433 1588 1331 737 1360 1016 773 1046 1054 1361 816 1653 1509 1770
103 1650 563 2032 1205 955 1632 944 1986 972 923 115 846 462 1969 548 1653 1074 951 683 643 439 1891 853 1884 851 846 369 660 576 1581 1587 283 1614 897 1608 938 296 1062 1659 0 568 1566 728 1311 104 954 119 932 560 398 1560 1782 1280 558 389 484 1189 651 890 1828 957 900 682 1872 409 361 288
542 1430 60 1812 1006 756 1412 745 1787 773 724 580 646 242 1770 86 1433 875 752 483 443 615 1671 653 1664 651 626 329 461 80 1361 1367 365 1394 697 1388 739 410 863 1439 568 0 1347 529 1112 569 755 506 733 72 720 1340 1562 1060 112 503 171 990 451 690 1609 757 701 482 1652 585 442 622
1517 118 1319 636 660 885 96 1005 721 905 985 1618 1084 1139 605 1303 116 832 948 1140 1178 1591 743 1092 736 1002 1065 1305 1222 1338 54 60 1341 87 958 81 935 1468 820 110 1566 1347 0 1116 710 1608 951 1481 929 1354 1696 33 634 399 1341 1495 1239 644 1268 924 680 954 962 1269 724 1561 1417 1678
769 1200 556 1416 547 297 1182 286 1328 314 265 740 211 520 1311 539 1203 416 293 93 280 971 1441 218 1434 193 222 685 298 536 1131 1137 721 1164 239 1158 280 570 404 1209 728 529 1116 0 653 729 296 784 274 521 893 1110 1332 747 519 663 567 531 324 232 1378 299 242 355 1422 941 634 782
1355 794 1143 843 408 496 776 675 756 445 654 1326 843 1142 738 1125 797 548 683 680 902 1589 1035 850 990 560 854 1308 920 1123 725 731 1344 758 628 752 670 1156 536 803 1314 1115 710 656 0 1316 685 1371 663 1107 1479 704 926 341 1105 1249 1153 392 910 464 972 688 632 941 1016 1559 1220 1368
145 1691 597 2073 1207 956 1673 945 1988 974 924 44 847 504 1970 579 1694 1076 953 684 644 481 1932 855 1925 852 858 411 662 577 1623 1629 325 1655 898 1649 940 298 1064 1700 104 569 1608 729 1313 0 955 161 933 561 400 1602 1823 1321 560 391 525 1191 652 891 1870 958 902 683 1913 451 362 289
940 1034 741 1416 576 326 1016 138 1357 343 117 966 482 562 1340 726 1037 445 60 319 541 1013 1275 490 1268 135 487 727 559 761 965 971 763 998 91 992 47 795 433 1043 954 755 951 296 682 955 0 904 42 746 1118 945 1166 664 745 888 662 560 549 261 1213 61 95 580 1256 983 840 1008
70 1565 478 1947 1148 1011 1547 959 2043 1029 938 171 780 377 2024 463 1568 1051 902 739 614 354 1806 788 1799 907 761 284 658 498 1496 1502 198 1529 912 1523 888 353 1039 1574 119 506 1481 784 1368 161 904 0 882 514 455 1475 1697 1195 500 446 399 1132 704 946 1743 907 916 705 1787 324 397 344
918 1012 719 1394 554 304 994 116 1335 321 96 944 460 540 1318 704 1015 423 39 297 519 992 1253 468 1246 113 465 705 537 739 943 950 741 976 69 970 26 774 412 1021 932 733 929 274 661 933 42 882 0 725 1097 923 1144 642 723 867 640 538 527 239 1191 45 73 558 1234 961 818 986
550 1438 68 1820 998 748 1420 737 1779 765 716 572 639 250 1762 94 1441 867 744 475 435 623 1679 646 1672 643 634 337 453 80 1369 1375 373 1402 689 1396 731 402 855 1447 560 72 1354 521 1104 561 746 514 725 0 725 1348 1570 1068 104 495 179 982 443 682 1617 749 693 474 1660 593 450 614
439 1779 692 2161 1363 1119 1761 1108 2151 1137 1088 410 995 591 2134 677 1782 1239 1116 847 807 269 2020 1003 2013 1015 975 499 825 712 1711 1717 413 1743 1061 1737 1103 461 1227 1788 398 720 1696 893 1476 400 1118 455 1097 725 0 1690 1911 1409 715 554 613 1347 815 1054 1958 1121 1065 846 2001 239 525 141
1511 117 1313 630 654 879 99 999 714 899 979 1612 1078 1133 599 1297 120 826 942 1134 1172 1585 737 1086 730 996 1059 1299 1216 1332 48 54 1335 81 952 75 929 1462 814 116 1560 1340 33 1110 704 1602 945 1475 923 1348 1690 0 628 393 1335 1489 1233 638 1262 918 674 947 956 1263 718 1555 1411 1672
1732 717 1534 302 876 1100 699 1221 464 1121 1200 1834 1300 1355 392 1518 720 1048 1164 1355 1393 1806 557 1307 154 1218 1280 1520 1437 1554 648 655 1556 681 1174 675 1150 1684 1036 726 1782 1562 634 1332 926 1823 1166 1697 1144 1570 1911 628 0 614 1556 1711 1454 860 1483 1139 494 1169 1178 1484 142 1776 1632 1893
1230 482 1032 864 374 587 464 719 1027 536 698 1332 797 852 942 1016 485 546 661 770 891 1304 723 805 716 650 778 1018 935 1052 413 420 1054 446 672 440 648 1181 534 491 1280 1060 399 747 341 1321 664 1195 642 1068 1409 393 614 0 1054 1209 952 358 981 554 661 667 675 982 704 1274 1130 1391
536 1424 96 1806 996 746 1406 735 1777 763 714 570 637 236 1760 80 1427 865 742 474 434 610 1665 644 1658 642 620 324 451 115 1356 1362 360 1388 688 1382 729 400 853 1433 558 112 1341 519 1102 560 745 500 723 104 715 1335 1556 1054 0 493 166 980 442 681 1603 748 691 473 1646 580 436 612
430 1579 492 1961 1140 889 1561 878 1921 907 858 401 780 391 1904 477 1582 1009 886 617 577 584 1820 788 1813 785 775 256 595 510 1510 1516 334 1543 831 1537 873 126 997 1588 389 503 1495 663 1246 391 888 446 867 495 554 1489 1711 1209 493 0 413 1124 585 824 1757 891 835 616 1801 554 125 443
434 1323 143 1705 906 794 1304 717 1825 811 696 536 538 135 1782 128 1325 809 659 522 372 508 1564 546 1557 690 519 222 416 163 1254 1260 258 1286 670 1280 646 385 797 1331 484 171 1239 567 1151 525 662 399 640 179 613 1233 1454 952 166 413 0 890 462 729 1501 665 673 463 1545 478 334 595
1168 728 969 1110 48 371 710 550 1115 320 530 1201 718 790 1098 954 731 375 558 555 777 1242 969 725 962 435 715 956 795 989 659 665 992 692 503 686 545 1031 363 737 1189 990 644 531 389 1191 560 1132 538 982 1347 638 860 358 980 1124 890 0 785 339 906 563 507 816 950 1212 1068 1243
691 1351 479 1669 801 550 1333 539 1582 568 519 662 365 362 1565 461 1354 670 547 278 101 813 1592 372 1585 446 376 527 119 459 1283 1289 563 1315 492 1309 534 492 658 1360 651 451 1268 324 907 652 549 704 527 443 815 1262 1483 981 442 585 462 785 0 485 1530 552 496 45 1573 783 557 705
930 1007 718 1223 355 118 989 251 1136 122 230 901 418 718 1118 700 1010 202 258 255 477 1164 1248 426 1241 135 429 883 495 698 938 945 919 971 203 965 245 731 190 1016 890 690 924 232 461 891 261 946 239 682 1054 918 1139 554 681 824 729 339 485 0 1186 263 207 516 1229 1134 796 944
1779 764 1581 745 922 1147 746 1268 766 1168 1247 1880 1346 1401 818 1565 767 1094 1210 1402 1440 1853 114 1354 597 1264 1327 1567 1484 1601 695 701 1603 728 1221 722 1197 1730 1082 773 1828 1609 680 1378 972 1870 1213 1743 1191 1617 1958 674 494 661 1603 1757 1501 906 1530 1186 0 1216 1224 1531 584 1823 1679 1940
943 1037 744 1419 579 329 1019 141 1360 346 120 969 485 565 1343 729 1040 448 62 322 544 1016 1278 493 1271 138 490 730 562 764 968 974 766 1001 94 995 50 798 436 1046 957 757 954 299 685 958 61 907 45 749 1121 947 1169 667 748 891 665 563 552 263 1216 0 98 583 1259 986 843 1011
941 1046 729 1391 523 272 1028 59 1304 290 44 912 429 573 1287 711 1048 392 92 266 488 1025 1287 436 1280 82 440 739 506 709 977 983 775 1009 20 1003 79 742 380 1054 900 701 962 242 629 902 95 916 73 693 1065 956 1178 675 691 835 673 507 496 207 1224 98 0 527 1268 995 807 954
722 1352 510 1700 832 581 1334 570 1613 599 550 694 396 363 1596 492 1355 701 578 309 119 814 1593 403 1587 477 407 528 150 490 1284 1290 564 1316 523 1310 565 523 689 1361 682 482 1269 355 938 683 580 705 558 474 846 1263 1484 982 473 616 463 816 45 516 1531 583 527 0 1574 784 588 736
1822 807 1624 230 966 1190 789 1311 392 1211 1290 1924 1390 1445 319 1609 810 1138 1254 1445 1483 1896 647 1397 82 1308 1370 1610 1527 1644 738 745 1646 771 1264 765 1240 1774 1126 816 1872 1652 724 1422 1016 1913 1256 1787 1234 1660 2001 718 142 704 1646 1801 1545 950 1573 1229 584 1259 1268 1574 0 1866 1722 1983
360 1644 557 2026 1228 1183 1626 1038 2189 1217 1018 461 860 456 2104 542 1647 1130 981 925 693 59 1885 867 1878 1035 840 364 737 577 1575 1582 278 1608 991 1602 968 527 1118 1653 409 585 1561 941 1556 451 983 324 961 593 239 1555 1776 1274 580 554 478 1212 783 1134 1823 986 995 784 1866 0 476 221
401 1501 414 1883 1084 861 1482 850 1892 878 829 373 716 313 1875 398 1503 980 837 589 549 506 1742 724 1735 757 697 177 566 434 1432 1438 256 1464 803 1458 824 97 969 1509 361 442 1417 634 1218 362 840 397 818 450 525 1411 1632 1130 436 125 334 1068 557 796 1679 843 807 588 1722 476 0 415
328 1761 650 2128 1259 1009 1743 998 2040 1026 977 300 900 573 2023 632 1764 1128 1005 737 697 251 2002 907 1995 905 911 481 714 630 1693 1699 395 1725 951 1719 992 350 1116 1770 288 622 1678 782 1365 289 1008 344 986 614 141 1672 1893 1391 612 443 595 1243 705 944 1940 1011 954 736 1983 221 415 0
EOF