NAME : tsp_problem
TYPE : TSP
DIMENSION : 32
EDGE_WEIGHT_TYPE : EXPLICIT
EDGE_WEIGHT_FORMAT : FULL_MATRIX
EDGE_WEIGHT_SECTION
0 736 717 385 1479 1630 688 1301 1454 868 1737 617 1558 1706 798 770 1004 826 66 1591 797 1612 619 1515 886 727 542 1050 1293 1101 1479 756
736 0 910 935 881 1248 1067 919 1071 1075 1207 1020 1096 1273 95 1076 523 336 707 1193 102 1218 812 839 653 920 1091 504 775 675 1067 949
717 910 0 682 1654 1804 353 1476 1628 507 1911 398 1732 1880 973 196 1179 1001 688 1766 971 1786 174 1689 782 63 665 1224 1467 1276 1654 69
385 935 682 0 1679 1829 448 1501 1653 627 1936 377 1757 1905 997 529 1203 1025 356 1790 996 1811 818 1714 645 715 301 1249 1492 1300 1678 643
1479 881 1654 1679 0 663 1687 242 428 1695 534 1640 422 600 849 1819 666 812 1450 520 856 545 1556 166 1325 1664 1835 647 389 552 394 1692
1630 1248 1804 1829 663 0 2126 485 457 2225 224 2061 561 193 1310 1970 981 1069 1600 379 1317 399 1706 697 1855 1814 1985 1027 752 821 483 1843
688 1070 353 448 1687 2126 0 1798 1906 198 2012 114 1901 2078 988 200 1329 1217 659 1999 981 2023 496 1644 451 385 431 1309 1580 1480 1872 314
1301 919 1476 1501 242 485 1798 0 309 1813 592 1733 413 561 968 1641 653 740 1272 446 975 467 1377 284 1443 1486 1657 699 424 493 334 1514
1454 1071 1628 1653 428 457 1906 309 0 1914 441 1860 159 507 1069 1793 805 892 1424 418 1076 439 1530 385 1544 1638 1809 851 576 645 80 1667
868 1077 507 627 1695 2225 198 1813 1914 0 2020 268 1909 2086 996 354 1336 1225 839 2006 989 2031 650 1652 459 540 610 1317 1588 1488 1880 468
1737 1207 1911 1936 534 224 2012 592 441 2020 0 1966 436 85 1175 2077 991 1138 1708 312 1182 337 1813 491 1650 1921 2092 972 715 877 407 1950
617 1023 398 377 1640 2061 114 1733 1860 268 1966 0 1854 2032 942 245 1282 1170 588 1952 935 1977 541 1598 404 431 360 1263 1533 1434 1826 359
1558 1096 1732 1757 422 561 1901 413 159 1909 436 1854 0 502 1063 1897 880 996 1528 422 1070 446 1634 380 1539 1742 1913 861 603 749 125 1771
1706 1273 1880 1905 600 193 2078 561 507 2086 85 2032 502 0 1241 2045 1057 1144 1676 378 1248 403 1782 558 1716 1890 2061 1038 781 897 473 1919
798 95 973 997 849 1310 985 968 1069 993 1175 939 1063 1241 0 1138 491 379 769 1161 69 1186 874 807 572 983 1154 472 742 643 1035 1011
770 1076 196 529 1819 1970 200 1641 1793 354 2077 245 1897 2045 1138 0 1344 1166 740 1931 1137 1951 339 1823 629 229 512 1390 1632 1441 1819 157
1004 523 1179 1203 666 981 1329 653 805 1336 991 1282 880 1057 491 1344 0 443 975 943 498 963 1080 623 967 1188 1360 112 559 453 831 1217
826 336 1001 1025 812 1069 1217 740 892 1225 1138 1170 996 1144 379 1166 443 0 797 1030 386 1050 902 770 855 1010 1182 435 705 540 918 1039
66 707 688 356 1450 1600 659 1272 1424 839 1708 588 1528 1676 769 740 975 797 0 1562 768 1582 590 1485 856 698 512 1021 1263 1072 1450 727
1591 1193 1766 1790 520 379 1999 446 418 2006 312 1952 422 378 1161 1931 943 1030 1562 0 1168 82 1667 478 1637 1775 1947 958 701 783 393 1804
797 102 971 996 856 1317 978 975 1076 986 1182 932 1070 1248 69 1137 498 386 768 1168 0 1193 873 814 565 981 1153 479 749 649 1042 1010
1612 1218 1786 1811 545 399 2023 467 439 2031 337 1977 446 403 1186 1951 963 1050 1582 82 1193 0 1688 502 1661 1796 1967 983 726 803 418 1825
619 812 174 818 1556 1706 496 1377 1530 650 1813 541 1634 1782 874 339 1080 902 590 1667 873 1688 0 1591 925 183 808 1126 1369 1177 1555 212
1515 839 1689 1714 166 697 1644 284 385 1652 491 1598 380 558 807 1823 623 770 1485 478 814 502 1591 0 1282 1699 1821 604 347 509 351 1728
886 656 782 645 1322 1852 451 1440 1541 459 1647 404 1536 1713 575 629 964 852 856 1634 568 1658 925 1279 0 815 628 944 1215 1115 1507 743
727 920 63 715 1664 1814 385 1486 1638 540 1921 431 1742 1890 983 229 1188 1010 698 1775 981 1796 183 1699 815 0 698 1234 1477 1285 1664 102
542 1091 665 301 1835 1985 431 1657 1809 610 2092 360 1913 2061 1154 512 1360 1182 512 1947 1153 1967 808 1821 628 698 0 1406 1648 1457 1835 626
1050 504 1224 1249 647 1027 1309 699 851 1317 972 1263 861 1038 472 1390 112 435 1021 958 479 983 1126 604 947 1234 1406 0 540 440 832 1263
1293 775 1467 1492 389 752 1580 424 576 1588 715 1533 603 781 742 1632 559 705 1263 701 749 726 1369 347 1218 1477 1648 540 0 313 575 1506
1101 675 1276 1300 552 821 1480 493 645 1488 877 1434 749 897 643 1441 453 540 1072 783 649 803 1177 509 1118 1285 1457 440 313 0 671 1314
1479 1067 1654 1678 394 483 1872 334 80 1880 407 1826 125 473 1035 1819 831 918 1450 393 1042 418 1555 351 1510 1664 1835 832 575 671 0 1692
756 949 69 643 1692 1843 314 1514 1667 468 1950 359 1771 1919 1011 157 1217 1039 727 1804 1010 1825 212 1728 743 102 626 1263 1506 1314 1692 0
EOF