NAME : tsp_problem
TYPE : TSP
DIMENSION : 48
EDGE_WEIGHT_TYPE : EXPLICIT
EDGE_WEIGHT_FORMAT : FULL_MATRIX
EDGE_WEIGHT_SECTION
0 391 999 1331 98 1147 736 635 981 59 321 1535 70 1031 1589 1538 663 1357 1764 1634 816 938 960 1419 712 1500 1109 1085 622 1009 1637 1081 44 1676 1648 1088 1690 35 780 1641 1569 614 1008 1023 1584 1074 704 1287
391 0 1185 1517 311 1333 637 308 1167 349 123 1721 379 1217 1775 1724 336 1543 1950 1821 488 710 1146 1606 385 1686 1295 1271 295 1195 1823 1267 364 1863 1835 1274 1876 373 587 1827 1755 287 1194 1209 1770 746 646 1473
999 1185 0 602 918 474 1174 1259 363 957 1116 863 987 153 758 866 1364 685 1054 962 1295 900 384 747 1337 828 437 207 1416 51 964 203 972 1004 976 416 1018 981 1218 968 897 1315 130 145 911 876 1142 613
1331 1517 602 0 1250 378 1506 1414 518 1288 1447 545 1319 549 385 548 1518 457 681 657 1450 1054 539 562 1492 559 385 539 1575 612 779 534 1304 819 791 382 654 1313 1549 783 711 1470 527 541 726 1031 1474 103
98 311 918 1250 0 1066 656 554 900 60 241 1454 90 950 1508 1458 582 1276 1683 1554 735 857 879 1339 632 1420 1029 1004 541 928 1556 1000 75 1596 1568 1008 1609 84 700 1560 1489 534 927 942 1503 993 624 1206
1147 1333 474 378 1066 0 1321 1377 481 1104 1263 753 1135 506 610 756 1481 575 906 853 1412 1017 502 638 1454 718 144 501 1538 484 855 497 1119 895 867 116 879 1128 1365 859 787 1433 483 498 802 994 1289 333
736 637 1174 1506 656 1321 0 523 1156 694 697 1710 724 1206 1764 1713 421 1532 1939 1809 583 958 1134 1594 444 1675 1284 1260 363 1184 1811 1256 709 1851 1823 1263 1865 718 117 1815 1744 470 1183 1198 1758 994 82 1461
635 308 1259 1414 554 1377 523 0 1034 593 367 1730 623 1207 1570 1733 156 1642 1866 1842 232 454 1012 1797 129 1745 1384 1196 212 1269 2067 1192 608 2107 2079 1381 1839 617 472 2071 1902 107 1184 1199 1917 490 531 1425
981 1167 363 518 900 481 1156 1034 0 939 1098 834 969 310 674 837 1138 746 970 946 1069 674 74 901 1111 848 488 300 1194 373 1180 296 954 1219 1191 485 943 963 1200 1184 1006 1089 288 302 1020 651 1124 529
59 349 957 1288 60 1104 694 593 939 0 279 1493 87 988 1546 1496 621 1315 1721 1592 773 896 917 1377 670 1458 1067 1042 580 967 1594 1038 71 1634 1606 1046 1648 78 738 1598 1527 572 966 980 1541 1031 662 1244
321 123 1116 1447 241 1263 697 367 1098 279 0 1652 309 1147 1705 1655 395 1474 1880 1751 548 770 1076 1536 445 1617 1226 1201 354 1126 1753 1197 294 1793 1765 1205 1807 303 646 1757 1686 347 1125 1139 1700 806 706 1403
1535 1721 863 545 1454 753 1710 1730 834 1493 1652 0 1523 865 413 46 1834 427 396 373 1765 1370 854 157 1807 104 716 854 1890 873 527 850 1508 566 538 695 369 1517 1754 531 432 1786 842 857 447 1347 1678 556
70 379 987 1319 90 1135 724 623 969 87 309 1523 0 1019 1577 1526 651 1345 1752 1623 804 926 948 1407 700 1488 1097 1073 610 997 1625 1069 98 1664 1636 1076 1678 89 768 1629 1557 602 996 1011 1572 1062 692 1275
1031 1217 153 549 950 506 1206 1207 310 988 1147 865 1019 0 705 868 1311 717 1001 978 1242 847 331 779 1284 860 469 154 1367 163 996 150 1003 1036 1008 448 974 1012 1249 1000 929 1262 57 53 943 824 1174 561
1589 1775 758 385 1508 610 1764 1570 674 1546 1705 413 1577 705 0 416 1674 325 549 525 1605 1210 694 480 1647 427 617 694 1731 768 759 690 1561 799 771 614 522 1570 1807 763 585 1626 682 697 600 1187 1732 396
1538 1724 866 548 1458 756 1713 1733 837 1496 1655 46 1526 868 416 0 1837 430 399 376 1768 1373 857 160 1810 107 719 857 1893 876 530 853 1511 569 541 698 372 1520 1757 534 435 1789 845 860 450 1350 1681 559
663 336 1364 1518 582 1481 421 156 1138 621 395 1834 651 1311 1674 1837 0 1746 1970 1947 278 558 1116 1878 138 1849 1488 1300 158 1374 2095 1296 636 2135 2107 1486 1943 645 370 2099 2006 135 1288 1303 2021 595 429 1530
1357 1543 685 457 1276 575 1532 1642 746 1315 1474 427 1345 717 325 430 1746 0 621 526 1678 1282 767 311 1720 392 538 767 1774 695 529 762 1330 568 540 517 582 1339 1576 533 461 1698 694 709 476 1259 1500 455
1764 1950 1054 681 1683 906 1939 1866 970 1721 1880 396 1752 1001 549 399 1970 621 0 288 1901 1506 990 464 1943 411 913 990 2026 1064 239 986 1736 279 251 910 284 1745 1982 243 347 1922 978 993 362 1483 1906 692
1634 1821 962 657 1554 853 1809 1842 946 1592 1751 373 1623 978 525 376 1947 526 288 0 1878 1483 967 409 1920 387 815 967 2003 972 410 963 1607 450 422 794 130 1616 1853 414 134 1898 955 969 149 1459 1777 669
816 488 1295 1450 735 1412 583 232 1069 773 548 1765 804 1242 1605 1768 278 1678 1901 1878 0 490 1048 1833 228 1780 1419 1231 321 1305 2111 1227 788 2151 2123 1417 1875 797 533 2115 1938 288 1219 1234 1952 526 592 1461
938 710 897 1051 857 1014 958 454 671 896 770 1367 926 844 1207 1370 558 1279 1503 1480 490 0 650 1435 532 1382 1021 833 615 907 1713 829 911 1753 1725 1019 1476 920 907 1717 1539 510 821 836 1554 417 966 1063
960 1146 384 539 879 502 1134 1012 74 917 1076 854 948 331 694 857 1116 767 990 967 1048 653 0 922 1090 869 509 320 1173 394 1190 316 932 1230 1202 506 964 941 1178 1194 1027 1068 308 323 1041 629 1102 550
1419 1606 747 562 1339 638 1594 1797 901 1377 1536 157 1407 779 480 160 1878 311 464 409 1833 1438 922 0 1875 122 600 833 1837 757 411 829 1392 451 423 579 437 1401 1638 415 344 1829 756 771 358 1415 1562 517
712 385 1337 1492 632 1454 444 129 1111 670 445 1807 700 1284 1647 1810 138 1720 1943 1920 228 532 1090 1875 0 1822 1461 1273 182 1347 2144 1269 685 2184 2156 1459 1917 694 393 2148 1980 185 1261 1276 1994 568 453 1503
1500 1686 828 559 1420 718 1675 1745 848 1458 1617 104 1488 860 427 107 1849 392 411 387 1780 1385 869 122 1822 0 681 869 1905 838 492 865 1473 531 503 660 384 1482 1719 496 424 1800 837 852 439 1362 1643 571
1109 1295 437 385 1029 144 1284 1384 488 1067 1226 716 1097 469 617 719 1488 538 913 815 1419 1024 509 600 1461 681 0 508 1526 447 817 504 1082 857 829 104 871 1091 1328 821 750 1440 446 461 764 1001 1252 340
1085 1271 207 539 1004 501 1260 1196 300 1042 1201 854 1073 154 694 857 1300 767 990 967 1231 836 320 833 1273 869 508 0 1356 217 1050 33 1058 1090 1062 502 963 1067 1303 1054 983 1252 132 146 997 813 1228 550
622 295 1416 1575 541 1538 363 212 1194 580 354 1890 610 1367 1731 1893 158 1774 2026 2003 321 615 1173 1837 182 1905 1526 1356 0 1426 2054 1352 595 2094 2066 1505 2000 604 313 2058 1986 192 1344 1359 2001 651 372 1586
1009 1195 51 612 928 484 1184 1269 373 967 1126 873 997 163 768 876 1374 695 1064 972 1305 910 394 757 1347 838 447 217 1426 0 974 213 982 1014 986 426 1028 991 1228 978 907 1325 140 155 922 887 1152 623
1637 1823 964 779 1556 855 1811 2067 1180 1594 1753 527 1625 996 759 530 2095 529 239 410 2111 1716 1190 411 2144 492 817 1050 2054 974 0 1046 1609 66 49 796 466 1618 1855 41 345 2046 973 988 359 1693 1779 734
1081 1267 203 534 1000 497 1256 1192 296 1038 1197 850 1069 150 690 853 1296 762 986 963 1227 832 316 829 1269 865 504 33 1352 213 1046 0 1053 1086 1058 498 959 1062 1299 1050 979 1248 128 142 993 809 1224 546
44 364 972 1304 75 1119 709 608 954 71 294 1508 98 1003 1561 1511 636 1330 1736 1607 788 911 932 1392 685 1473 1082 1058 595 982 1609 1053 0 1649 1621 1061 1663 63 753 1613 1542 587 981 995 1556 1046 677 1259
1676 1863 1004 819 1596 895 1851 2107 1219 1634 1793 566 1664 1036 799 569 2135 568 279 450 2151 1756 1230 451 2184 531 857 1090 2094 1014 66 1086 1649 0 56 836 505 1658 1895 63 384 2086 1013 1028 399 1733 1819 774
1648 1835 976 791 1568 867 1823 2079 1191 1606 1765 538 1636 1008 771 541 2107 540 251 422 2123 1728 1202 423 2156 503 829 1062 2066 986 49 1058 1621 56 0 808 477 1630 1867 53 356 2058 985 1000 371 1705 1791 746
1088 1274 416 382 1008 116 1263 1381 485 1046 1205 695 1076 448 614 698 1486 517 910 794 1417 1022 506 579 1459 660 104 502 1505 426 796 498 1061 836 808 0 850 1070 1307 800 729 1437 425 440 743 998 1231 338
1690 1876 1018 654 1609 879 1865 1839 943 1648 1807 369 1678 974 522 372 1943 582 284 130 1875 1479 964 437 1917 384 871 963 2000 1028 466 959 1663 505 477 850 0 1672 1909 469 190 1895 951 966 204 1456 1833 665
35 373 981 1313 84 1128 718 617 963 78 303 1517 89 1012 1570 1520 645 1339 1745 1616 797 920 941 1401 694 1482 1091 1067 604 991 1618 1062 63 1658 1630 1070 1672 0 762 1622 1551 596 990 1004 1565 1055 686 1268
780 587 1218 1549 700 1365 117 472 1200 738 646 1754 768 1249 1807 1757 370 1576 1982 1853 533 907 1178 1638 393 1719 1328 1303 313 1228 1855 1299 753 1895 1867 1307 1909 762 0 1859 1788 419 1227 1241 1802 943 126 1505
1641 1827 968 783 1560 859 1815 2071 1184 1598 1757 531 1629 1000 763 534 2099 533 243 414 2115 1720 1194 415 2148 496 821 1054 2058 978 41 1050 1613 63 53 800 469 1622 1859 0 349 2050 977 992 363 1697 1783 738
1569 1755 897 711 1489 787 1744 1902 1006 1527 1686 432 1557 929 585 435 2006 461 347 134 1938 1542 1027 344 1980 424 750 983 1986 907 345 979 1542 384 356 729 190 1551 1788 349 0 1958 906 921 49 1519 1712 667
614 287 1315 1470 534 1433 470 107 1089 572 347 1786 602 1262 1626 1789 135 1698 1922 1898 288 510 1068 1829 185 1800 1440 1252 192 1325 2046 1248 587 2086 2058 1437 1895 596 419 2050 1958 0 1240 1254 1972 546 479 1481
1008 1194 130 527 927 483 1183 1184 288 966 1125 842 996 57 682 845 1288 694 978 955 1219 824 308 756 1261 837 446 132 1344 140 973 128 981 1013 985 425 951 990 1227 977 906 1240 0 49 920 801 1151 538
1023 1209 145 541 942 498 1198 1199 302 980 1139 857 1011 53 697 860 1303 709 993 969 1234 839 323 771 1276 852 461 146 1359 155 988 142 995 1028 1000 440 966 1004 1241 992 921 1254 49 0 935 816 1165 553
1584 1770 911 726 1503 802 1758 1917 1020 1541 1700 447 1572 943 600 450 2021 476 362 149 1952 1557 1041 358 1994 439 764 997 2001 922 359 993 1556 399 371 743 204 1565 1802 363 49 1972 920 935 0 1534 1726 681
1074 746 876 1031 993 994 994 490 651 1031 806 1347 1062 824 1187 1350 595 1259 1483 1459 526 417 629 1415 568 1362 1001 813 651 887 1693 809 1046 1733 1705 998 1456 1055 943 1697 1519 546 801 816 1534 0 1002 1043
704 646 1142 1474 624 1289 82 531 1124 662 706 1678 692 1174 1732 1681 429 1500 1906 1777 592 966 1102 1562 453 1643 1252 1228 372 1152 1779 1224 677 1819 1791 1231 1833 686 126 1783 1712 479 1151 1165 1726 1002 0 1429
1287 1473 613 103 1206 333 1461 1425 529 1244 1403 556 1275 561 396 559 1530 455 692 669 1461 1066 550 517 1503 571 340 550 1586 623 734 546 1259 774 746 338 665 1268 1505 738 667 1481 538 553 681 1043 1429 0
EOF