NAME : tsp_problem
TYPE : TSP
DIMENSION : 24
EDGE_WEIGHT_TYPE : EXPLICIT
EDGE_WEIGHT_FORMAT : FULL_MATRIX
EDGE_WEIGHT_SECTION
0 362 254 343 540 201 233 423 316 330 455 365 57 396 61 345 211 221 460 246 349 306 352 368
362 0 310 154 505 208 222 92 127 141 125 176 351 207 354 156 191 446 130 472 45 532 163 63
254 310 0 291 489 129 162 371 265 279 404 313 243 344 246 294 141 338 409 364 298 424 300 317
343 154 291 0 487 189 203 215 63 70 247 105 333 136 335 48 173 428 253 453 142 513 42 161
540 505 489 487 0 386 400 567 460 474 599 509 530 540 532 489 370 625 604 650 493 710 496 512
201 208 129 189 386 0 58 269 162 176 301 211 190 242 193 191 37 285 307 311 195 371 198 214
233 222 162 203 400 58 0 283 176 190 315 225 222 256 225 205 62 317 320 343 209 403 212 228
423 92 371 215 567 269 283 0 188 203 63 236 413 223 415 217 253 508 68 533 106 593 224 86
316 127 265 63 460 162 176 188 0 50 221 85 306 116 308 65 146 401 226 426 115 486 72 134
330 141 279 70 474 176 190 203 50 0 235 59 320 90 322 73 160 415 240 440 129 500 79 148
495 274 444 279 639 341 355 336 259 233 0 187 485 174 487 281 325 580 373 605 262 665 288 281
365 144 313 105 509 211 225 206 85 59 238 0 354 44 357 107 194 449 243 475 132 535 114 151
57 351 243 333 530 190 222 413 306 320 445 354 0 385 49 335 201 211 450 236 339 296 341 358
340 119 288 132 483 186 200 180 105 119 212 154 329 0 332 134 169 424 218 449 107 510 141 125
61 354 246 335 532 193 225 415 308 322 447 357 49 388 0 337 204 213 453 238 341 298 344 360
345 156 294 48 489 191 205 217 65 73 250 107 335 138 337 0 175 430 255 455 144 515 39 163
211 191 141 173 370 37 62 253 146 160 285 194 201 225 204 175 0 296 290 321 179 382 181 198
221 446 338 428 625 285 317 508 401 415 540 449 211 480 213 430 296 0 545 68 434 139 436 453
492 272 441 276 636 338 352 333 256 231 365 184 482 171 484 278 322 577 0 602 259 662 285 278
246 472 364 453 650 311 343 533 426 440 565 475 236 506 238 455 321 68 570 0 459 122 462 478
349 45 298 142 493 195 209 106 115 129 138 163 339 194 341 144 179 434 144 459 0 519 150 51
306 532 424 513 710 371 403 593 486 500 625 535 296 566 298 515 382 139 631 122 519 0 522 538
352 163 300 42 496 198 212 224 72 79 256 114 341 145 344 39 181 436 262 462 150 522 0 169
368 63 317 161 512 214 228 86 134 148 118 182 358 213 360 163 198 453 123 478 51 538 169 0
EOF