NAME : tsp_problem
TYPE : TSP
DIMENSION : 30
EDGE_WEIGHT_TYPE : EXPLICIT
EDGE_WEIGHT_FORMAT : FULL_MATRIX
EDGE_WEIGHT_SECTION
0 67 434 238 470 72 470 505 470 414 392 337 628 310 427 412 410 187 120 341 378 183 439 590 505 304 339 463 412 24
67 0 438 242 474 76 475 510 474 418 397 341 632 314 431 416 414 192 90 345 382 187 444 594 510 308 343 468 416 62
434 438 0 247 74 444 75 110 74 203 181 125 233 334 99 201 199 390 491 129 166 287 228 194 110 247 123 252 201 430
238 242 247 0 283 248 283 318 283 227 206 150 441 117 240 225 223 194 295 154 191 91 253 403 318 117 152 276 225 234
470 474 74 283 0 480 61 66 61 239 217 162 189 371 128 237 235 426 527 165 202 323 264 150 66 283 159 243 236 466
72 76 444 248 480 0 480 515 480 424 402 347 638 319 437 422 420 197 86 350 387 193 449 600 515 314 349 473 422 68
470 475 75 283 61 480 0 66 61 239 217 162 189 371 129 237 235 427 528 165 203 323 264 150 66 283 159 243 236 466
541 545 297 354 333 550 334 0 333 301 279 232 491 441 290 299 187 497 598 236 231 393 326 453 369 353 230 192 185 536
470 474 74 283 61 480 61 66 0 239 217 162 189 371 128 237 235 426 527 165 202 323 264 150 66 283 159 243 236 466
414 418 203 227 239 424 239 274 239 0 49 104 397 315 196 44 127 370 471 100 94 267 47 359 274 227 108 180 129 410
392 397 181 206 217 402 217 252 217 49 0 83 375 293 174 47 105 349 450 78 73 245 74 337 252 205 86 158 107 388
337 341 125 150 162 347 162 197 162 104 83 0 320 238 119 102 100 293 394 32 68 190 130 281 197 150 30 153 102 333
628 632 233 441 189 638 189 193 189 397 375 320 0 529 287 395 366 584 685 323 360 481 422 137 193 441 317 371 364 624
310 314 334 117 371 319 371 406 371 315 293 238 529 0 328 313 311 266 367 241 278 163 340 490 406 205 239 364 313 305
427 431 99 240 128 437 129 164 128 196 174 119 287 328 0 194 192 383 484 122 159 280 221 248 164 240 116 245 194 423
412 416 201 225 237 422 237 272 237 44 47 102 395 313 194 0 125 369 470 98 92 265 49 357 272 225 106 178 127 408
410 414 171 223 208 420 208 243 208 127 105 100 366 311 164 125 0 366 467 96 57 263 152 327 243 223 104 67 38 406
187 192 390 194 426 197 427 462 426 370 349 293 584 266 383 369 366 0 245 297 334 139 396 546 462 260 295 420 369 183
120 90 491 295 527 86 528 563 527 471 450 394 685 367 484 470 467 245 0 398 435 240 497 647 563 361 396 521 469 115
341 345 129 154 165 350 165 200 165 100 78 32 323 241 122 98 96 297 398 0 63 193 125 285 200 154 34 149 98 336
378 382 166 191 202 387 203 238 202 94 73 68 360 278 159 92 57 334 435 63 0 231 120 322 238 191 71 111 59 373
183 187 287 91 323 193 323 358 323 267 245 190 481 163 280 265 263 139 240 193 231 0 292 443 358 157 192 316 265 179
439 444 228 253 264 449 264 299 264 47 74 130 422 340 221 49 152 396 497 125 120 292 0 384 299 252 133 205 154 435
590 594 194 403 150 600 150 155 150 359 337 281 137 490 248 357 328 546 647 285 322 443 384 0 155 403 279 333 326 586
541 545 297 354 333 550 334 369 333 301 279 232 491 441 290 299 187 497 598 236 231 393 326 453 0 353 230 192 185 536
304 308 247 117 283 314 283 318 283 227 205 150 441 205 240 225 223 260 361 154 191 157 252 403 318 0 152 276 225 300
339 343 123 152 159 349 159 194 159 108 86 30 317 239 116 106 104 295 396 34 71 192 133 279 194 152 0 157 106 335
362 367 119 175 155 372 155 190 155 131 109 54 313 263 112 129 127 319 420 57 95 215 156 275 190 175 51 0 129 358
412 416 169 225 205 422 206 241 205 129 107 102 363 313 162 127 38 369 469 98 59 265 154 325 241 225 102 64 0 408
24 62 430 234 466 68 466 501 466 410 388 333 624 305 423 408 406 183 115 336 373 179 435 586 501 300 335 459 408 0
EOF