NAME : tsp_problem
TYPE : TSP
DIMENSION : 22
EDGE_WEIGHT_TYPE : EXPLICIT
EDGE_WEIGHT_FORMAT : FULL_MATRIX
EDGE_WEIGHT_SECTION
0 111 79 103 382 478 113 278 176 138 164 133 206 373 264 161 284 119 119 149 136 147
111 0 57 183 374 471 53 358 87 78 157 74 286 365 344 241 364 199 199 59 52 87
79 57 0 152 343 439 59 327 122 84 125 80 254 334 312 209 332 168 168 95 82 93
103 183 152 0 454 550 185 208 248 210 236 206 136 445 194 92 214 50 50 221 208 219
382 374 343 454 0 587 376 629 439 401 259 397 557 20 615 512 635 470 470 412 399 410
478 471 439 550 587 0 473 726 536 498 370 493 653 578 711 608 731 567 567 509 496 507
113 53 59 185 376 473 0 360 118 37 158 33 288 367 346 243 366 201 201 91 78 46
120 136 113 192 416 512 95 0 201 72 198 102 295 406 353 250 373 209 208 174 161 62
176 87 122 248 439 536 118 423 0 143 222 139 351 430 409 306 429 264 264 49 68 152
128 78 84 201 401 498 37 376 143 0 184 44 304 392 362 259 382 217 217 116 103 40
164 157 125 236 259 370 158 412 222 184 0 179 339 250 397 294 417 252 252 194 181 192
133 74 80 206 397 493 33 381 139 44 179 0 309 388 366 264 387 222 222 112 99 53
197 213 190 270 493 589 172 91 278 149 275 179 0 484 430 328 451 286 286 251 238 140
373 365 334 445 20 578 367 620 430 392 250 388 548 0 606 503 626 461 461 403 390 401
264 344 312 194 615 711 346 304 409 362 397 366 232 606 0 208 109 175 175 382 369 353
161 241 209 92 512 608 243 222 306 268 294 264 150 503 208 0 228 94 94 279 266 271
284 364 332 214 635 731 366 324 429 382 417 387 252 626 109 228 0 195 195 402 389 373
119 199 168 50 470 567 201 190 264 226 252 222 117 461 175 94 195 0 61 237 224 235
119 199 168 50 470 567 201 190 264 226 252 222 117 461 175 94 195 61 0 237 224 235
149 59 95 221 412 509 91 396 49 116 194 112 324 403 382 279 402 237 237 0 41 125
136 52 82 208 399 496 78 383 68 103 181 99 311 390 369 266 389 224 224 41 0 112
119 87 93 192 410 507 46 367 152 40 192 53 294 401 352 249 373 208 208 125 112 0
EOF