NAME : tsp_problem
TYPE : TSP
DIMENSION : 40
EDGE_WEIGHT_TYPE : EXPLICIT
EDGE_WEIGHT_FORMAT : FULL_MATRIX
EDGE_WEIGHT_SECTION
0 176 150 409 104 219 158 80 339 292 388 81 76 61 300 446 141 499 87 219 114 85 44 127 351 152 28 116 36 178 153 249 29 383 359 336 257 293 219 41
176 0 226 277 179 247 186 156 367 160 416 243 238 223 149 315 216 368 163 247 190 247 175 155 219 180 163 192 167 27 229 277 178 411 228 205 285 321 247 152
150 226 0 459 75 274 212 91 393 342 442 217 213 198 350 496 41 549 89 273 60 221 150 182 401 207 138 59 142 228 51 303 153 438 409 386 311 347 274 127
409 277 459 0 412 480 419 389 600 394 649 476 471 456 311 288 449 341 396 480 423 480 408 388 125 413 396 425 400 278 462 510 411 644 79 111 518 554 480 385
104 179 75 412 0 227 166 45 347 295 396 171 166 151 304 450 66 503 43 227 39 175 103 135 354 160 91 41 95 182 78 257 106 391 363 340 265 301 227 80
224 247 274 480 227 0 92 204 150 363 199 246 242 227 371 518 264 571 211 61 238 250 223 122 422 99 211 240 216 249 277 60 226 195 431 408 68 104 61 200
163 186 212 419 166 92 0 143 212 302 261 230 225 210 310 456 203 510 150 92 177 234 162 61 361 51 150 179 154 188 216 122 165 256 369 347 130 166 92 139
80 156 91 389 45 204 143 0 324 272 373 148 143 128 280 426 82 480 59 204 56 152 80 112 331 137 68 57 72 158 95 233 83 368 339 317 242 278 204 57
339 367 393 600 347 150 212 324 0 483 289 336 331 316 491 637 384 690 330 150 358 340 343 242 542 219 331 359 335 369 397 149 337 284 550 527 158 149 150 320
292 160 342 394 295 363 302 272 483 0 532 359 354 339 285 431 332 484 279 363 306 363 291 271 336 296 279 308 284 163 345 393 294 527 344 321 401 437 363 268
64 182 200 415 154 198 137 130 318 298 0 60 55 40 306 453 191 506 137 198 164 64 94 106 357 131 78 166 86 184 203 228 61 362 365 343 236 272 198 91
123 146 173 379 126 162 101 103 282 262 331 0 185 170 270 417 163 470 110 162 137 194 122 70 321 95 110 139 115 149 176 192 125 326 330 307 200 236 162 99
125 148 175 381 128 164 103 105 284 264 333 26 0 172 272 419 165 472 112 164 139 30 124 72 323 97 112 141 116 150 178 194 127 328 331 309 202 238 164 101
138 161 188 394 142 178 116 118 297 277 346 39 201 0 286 432 179 485 125 177 152 43 138 86 336 111 126 154 130 164 191 207 140 342 345 322 215 251 178 114
300 149 350 311 304 371 310 280 491 285 540 367 363 348 0 349 341 402 287 371 314 371 300 279 253 304 288 316 292 150 353 401 302 535 261 239 409 445 371 276
446 315 496 288 450 518 456 426 637 431 686 514 509 494 349 0 487 130 433 517 461 518 446 426 230 451 434 462 438 315 500 547 449 682 239 216 555 591 518 423
141 216 41 449 66 264 203 82 384 332 433 208 203 188 341 487 0 540 80 264 51 212 140 172 391 197 128 49 133 219 45 294 143 428 400 377 302 338 264 117
499 368 549 341 503 571 510 480 690 484 739 567 562 547 402 130 540 0 487 571 514 571 499 479 283 504 487 516 491 369 553 600 502 735 292 269 609 645 571 476
87 163 89 396 43 211 150 59 330 279 379 155 150 135 287 433 80 487 0 211 54 159 87 119 338 144 75 55 79 165 93 240 90 375 346 323 248 285 211 64
224 247 273 480 227 61 92 204 150 363 199 246 242 227 371 517 264 571 211 0 238 250 223 122 422 99 211 240 215 249 277 60 226 195 430 408 68 105 61 200
114 190 60 423 39 238 177 56 358 306 407 182 177 162 314 461 51 514 54 238 0 186 114 146 365 171 102 49 106 192 64 268 117 402 373 351 276 312 238 91
111 134 161 367 114 150 89 91 270 250 319 178 173 158 258 405 151 458 98 150 125 0 110 58 309 83 98 127 102 136 164 180 113 314 317 295 188 224 150 87
44 175 150 408 103 223 162 80 343 291 392 111 106 91 300 446 140 499 87 223 114 115 0 131 350 156 31 116 35 178 153 253 46 387 359 336 261 297 223 41
132 155 182 388 135 122 61 112 242 271 291 199 194 179 279 426 172 479 119 122 146 203 131 0 330 55 119 148 124 157 185 152 134 286 339 316 160 196 122 108
351 219 401 125 354 422 361 331 542 336 591 418 413 398 253 230 391 283 338 422 365 422 350 330 0 355 338 367 342 220 404 452 353 586 76 35 460 496 422 327
157 180 207 413 160 99 51 137 219 296 268 224 219 204 304 451 197 504 144 99 171 228 156 55 355 0 144 173 148 182 210 129 159 263 363 341 137 173 99 133
28 163 138 396 91 211 150 68 331 279 380 95 90 75 288 434 128 487 75 211 102 99 31 119 338 144 0 104 23 166 141 241 30 375 347 324 249 285 211 29
116 192 59 425 41 240 179 57 359 308 408 184 179 164 316 462 49 516 55 240 49 188 116 148 367 173 104 0 108 194 62 269 119 404 375 352 277 314 240 93
36 167 142 400 95 216 154 72 335 284 384 103 98 83 292 438 133 491 79 215 106 107 35 124 342 148 23 108 0 170 145 245 38 380 351 328 253 289 215 33
178 27 228 278 182 249 188 158 369 163 418 245 241 226 150 315 219 369 165 249 192 249 178 157 220 182 166 194 170 0 231 279 181 414 228 205 287 323 249 155
153 229 51 462 78 277 216 95 397 345 446 221 216 201 353 500 45 553 93 277 64 225 153 185 404 210 141 62 145 231 0 307 156 441 412 390 315 351 277 130
204 322 340 555 294 339 277 271 458 438 153 200 196 181 447 593 331 646 278 338 305 204 234 247 497 272 218 307 226 325 344 0 202 149 506 483 376 412 339 231
29 178 153 411 106 217 156 83 337 294 386 79 74 59 302 449 143 502 90 217 117 83 46 125 353 150 30 119 38 181 156 246 0 381 362 339 255 291 217 43
69 187 205 420 159 204 142 136 323 303 372 65 60 46 312 458 196 511 142 203 170 69 99 112 362 136 83 171 91 190 209 233 67 0 371 348 241 277 204 96
359 228 409 79 363 431 369 339 550 344 599 427 422 407 261 239 400 292 346 430 373 431 359 339 76 363 347 375 351 228 412 460 362 595 0 62 468 504 430 336
336 205 386 111 340 408 347 317 527 321 576 404 399 384 239 216 377 269 323 408 351 408 336 316 35 341 324 352 328 205 390 437 339 572 62 0 445 482 408 313
198 316 334 549 288 333 271 265 452 432 147 194 190 175 441 587 325 640 272 332 299 198 228 241 491 266 212 301 220 319 338 362 196 143 500 477 0 406 333 225
293 321 347 554 301 104 166 278 149 437 243 290 285 270 445 591 338 645 285 105 312 294 297 196 496 173 285 314 289 323 351 104 291 238 504 482 112 0 104 274
224 247 274 480 227 61 92 204 150 363 199 246 242 227 371 518 264 571 211 61 238 250 223 122 422 99 211 240 215 249 277 60 226 195 430 408 68 104 0 200
41 152 127 385 80 200 139 57 320 268 369 108 103 89 276 423 117 476 64 200 91 112 41 108 327 133 29 93 33 155 130 230 43 364 336 313 238 274 200 0
EOF