NAME : tsp_problem
TYPE : TSP
DIMENSION : 86
EDGE_WEIGHT_TYPE : EXPLICIT
EDGE_WEIGHT_FORMAT : FULL_MATRIX
EDGE_WEIGHT_SECTION
0 165 208 400 57 153 243 238 367 393 160 378 208 238 431 240 390 60 392 238 336 54 162 246 54 48 276 109 59 406 61 446 208 49 147 120 246 91 208 404 156 421 176 346 208 240 83 325 43 55 366 240 196 303 177 321 80 71 87 55 129 75 63 196 379 436 196 69 62 236 49 169 192 399 135 84 373 141 87 328 73 182 172 304 250 56
165 0 129 444 161 81 164 158 288 437 204 422 129 158 474 161 311 156 313 158 379 198 206 290 150 191 320 205 129 450 157 489 129 174 243 76 166 234 129 448 252 464 220 390 128 161 179 369 186 167 287 161 240 224 105 364 176 214 183 198 225 171 159 239 423 479 240 122 158 280 192 213 119 443 63 180 293 69 230 372 119 226 99 224 170 145
208 129 0 487 204 85 66 60 190 480 247 465 61 60 518 63 213 199 215 60 423 241 249 333 193 234 363 225 173 493 200 533 61 217 242 119 68 277 61 491 250 508 263 433 61 63 222 412 230 211 189 63 283 126 70 408 219 257 226 242 223 214 203 283 466 522 283 165 201 323 235 256 98 486 106 223 195 99 274 415 162 269 75 126 94 188
400 444 487 0 396 432 522 516 646 257 284 242 487 516 126 519 669 391 671 516 200 433 284 196 385 426 400 440 364 32 392 141 487 409 478 398 525 469 487 100 487 116 268 210 487 519 414 190 421 403 645 519 255 582 456 185 411 449 418 433 460 406 394 297 41 131 321 357 393 200 427 294 470 95 413 415 652 420 465 192 354 265 450 583 529 380
57 161 204 396 0 149 239 233 363 389 156 374 204 233 426 236 386 56 388 233 332 59 158 242 50 52 272 104 55 402 57 442 204 53 143 115 242 95 204 400 152 416 172 342 204 236 78 321 47 59 362 236 192 299 173 317 76 75 83 59 125 71 59 192 375 431 192 65 58 232 53 165 187 395 130 80 369 137 91 324 69 178 167 300 246 52
153 81 85 432 149 0 121 115 245 425 192 410 85 115 463 118 267 145 270 115 368 186 195 279 138 180 308 193 118 438 146 478 85 163 232 65 123 222 85 436 241 453 208 378 85 118 167 358 175 156 243 118 229 181 89 353 165 203 172 187 213 160 148 228 411 468 229 111 147 269 181 202 108 431 51 169 250 57 219 360 107 214 88 181 127 134
270 290 334 557 266 279 0 363 139 550 317 535 334 363 588 366 162 261 518 363 493 303 320 404 255 296 433 174 243 563 226 603 334 279 191 245 371 339 334 561 199 578 333 503 333 366 227 483 291 273 491 366 354 75 303 478 225 319 197 303 172 219 232 353 536 593 354 236 229 393 297 327 317 556 260 229 498 267 335 485 232 339 297 429 375 257
275 295 339 562 271 284 374 0 144 555 322 540 339 368 593 371 167 266 523 368 498 308 325 409 260 301 438 179 248 568 231 608 338 284 195 250 376 344 338 566 204 583 338 508 338 371 232 488 296 278 496 371 359 80 308 483 230 324 202 308 177 224 236 358 541 598 358 241 234 398 302 332 322 561 265 234 503 272 340 490 237 344 302 434 380 262
145 165 209 432 141 154 244 238 0 425 192 410 209 238 463 241 391 136 393 238 368 178 195 279 130 171 308 49 118 438 101 478 208 154 65 120 246 214 208 436 74 453 208 378 208 241 102 358 166 147 366 241 229 304 177 353 100 194 72 178 47 94 106 228 411 468 228 111 104 268 172 202 192 431 135 104 373 141 210 360 107 214 172 304 250 132
393 437 480 257 389 425 515 510 639 0 277 168 480 510 288 512 662 384 664 510 126 426 278 190 378 419 394 433 358 264 385 303 480 402 471 392 518 462 480 262 480 278 262 136 480 512 407 116 415 396 638 512 248 575 449 111 404 442 411 426 453 399 387 290 236 293 314 350 386 193 420 287 463 256 406 408 645 413 459 118 347 258 444 576 522 373
160 204 247 284 156 192 282 277 406 277 0 262 247 277 315 279 429 151 431 277 220 193 27 131 145 186 160 200 125 290 152 330 247 169 238 158 285 229 247 288 247 305 40 230 247 279 174 210 181 163 405 279 60 342 216 205 171 209 178 193 220 166 154 60 263 320 81 117 153 120 187 34 230 283 173 175 412 180 226 212 114 45 211 343 289 140
378 422 465 242 374 410 500 494 624 168 262 0 465 494 273 497 647 369 649 494 85 411 263 174 363 404 378 418 343 249 370 288 465 387 456 376 503 447 465 246 465 263 247 65 465 497 392 69 399 381 623 497 233 560 434 71 389 427 396 411 438 384 372 275 221 278 299 335 371 178 405 272 448 241 391 393 630 398 443 78 332 243 429 561 507 358
208 129 61 487 204 85 66 60 190 480 247 465 0 60 518 63 213 199 215 60 423 241 249 333 193 234 363 225 173 493 200 533 61 217 242 119 68 277 61 491 250 507 263 433 61 63 222 412 230 211 189 63 283 126 70 408 219 257 226 242 223 214 202 283 466 522 283 165 201 323 235 256 98 486 106 223 195 99 274 415 162 269 75 126 94 188
275 295 339 562 271 284 374 368 144 555 322 540 339 0 593 371 167 266 523 368 498 308 325 409 260 301 438 179 248 568 231 608 338 284 196 250 376 344 339 566 204 583 338 508 338 371 232 488 296 278 496 371 359 80 308 483 230 324 202 308 177 224 236 358 541 598 359 241 234 398 302 332 322 561 265 234 503 272 340 490 237 344 302 434 380 262
431 474 518 126 426 463 553 547 677 288 315 273 518 547 0 550 700 422 702 547 231 463 315 227 416 457 431 470 395 133 423 47 517 440 509 429 555 500 518 65 518 53 299 241 517 550 444 221 452 433 675 550 285 613 487 216 442 480 449 464 491 437 425 327 105 37 351 388 424 230 458 325 501 70 444 446 682 451 496 223 384 295 481 613 559 411
272 292 336 559 268 281 371 365 141 552 319 537 336 365 590 0 164 263 520 365 495 305 322 406 257 298 435 176 245 565 228 605 335 281 192 247 373 341 335 563 201 580 335 505 335 368 229 485 293 274 493 368 356 77 304 480 227 321 199 305 174 221 233 355 538 595 355 238 231 395 299 329 319 558 262 231 500 268 337 487 234 341 299 431 377 259
130 151 194 418 126 139 229 224 353 411 178 396 194 224 448 226 0 121 378 224 354 163 180 264 115 156 294 35 103 424 87 463 194 139 51 106 232 199 194 422 60 438 194 364 194 226 88 343 152 133 352 226 214 289 163 339 85 180 57 164 33 80 92 213 397 453 214 96 90 254 157 187 178 417 121 89 359 127 196 346 93 200 158 290 236 117
60 156 199 391 56 145 234 229 358 384 151 369 199 229 422 232 381 0 384 229 327 63 154 238 45 57 267 100 51 397 52 437 199 58 138 111 237 99 199 395 147 412 167 337 199 232 74 317 52 63 357 231 188 295 168 312 71 80 78 64 120 66 54 187 370 427 187 60 53 227 57 161 183 390 126 75 364 132 96 319 65 173 163 295 241 47
392 313 215 671 388 270 220 214 344 664 431 649 215 214 702 217 367 384 0 214 607 425 434 518 377 419 547 379 357 677 384 717 215 402 395 304 222 461 215 675 404 692 447 617 215 217 406 597 414 395 80 217 468 280 254 592 404 442 401 426 377 399 387 467 650 707 468 350 386 507 419 441 283 670 290 408 102 284 458 599 346 453 259 189 248 373
275 295 339 562 271 284 374 368 144 555 322 540 339 368 593 371 167 266 523 0 498 308 325 409 260 301 438 179 248 568 231 608 339 284 196 250 376 344 339 566 204 583 338 508 338 371 232 488 296 278 497 371 359 80 308 483 230 324 202 308 177 224 237 358 541 598 359 241 234 398 302 332 322 561 265 234 503 272 340 490 237 344 302 434 380 262
336 379 423 200 332 368 458 452 582 126 220 85 423 452 231 455 605 327 607 452 0 369 220 132 321 362 336 376 300 206 328 246 423 345 414 334 461 405 423 204 423 221 204 53 423 455 350 57 357 338 581 455 191 518 392 54 347 385 354 369 396 342 330 233 179 236 256 293 329 136 363 230 406 199 349 351 588 356 401 61 290 201 386 519 465 316
54 198 241 433 59 186 276 271 400 426 193 411 241 271 463 273 423 63 425 271 369 0 195 279 70 48 309 141 92 439 94 479 241 51 180 152 279 58 241 437 189 453 209 379 241 273 115 358 45 56 399 273 229 336 210 354 113 38 120 42 162 108 96 229 412 468 229 102 95 269 44 202 224 432 167 117 406 174 55 361 106 215 205 337 283 89
162 206 249 284 158 195 284 279 408 278 27 263 249 279 315 282 431 154 434 279 220 195 0 131 147 189 163 202 127 291 155 330 249 172 241 161 287 231 249 289 249 305 42 231 249 282 176 210 184 165 407 282 60 345 218 205 174 212 181 196 222 169 157 62 264 320 83 120 156 121 190 36 233 284 176 178 414 182 228 213 116 45 213 345 291 143
246 290 333 196 242 279 368 363 492 190 131 174 333 363 227 366 515 238 518 363 132 279 131 0 231 273 247 286 211 203 239 242 333 256 325 245 371 315 333 201 333 217 115 142 333 366 260 122 268 249 491 366 101 429 302 117 258 296 265 280 306 253 241 143 175 232 167 204 240 46 274 140 317 195 260 262 498 266 312 125 200 111 297 429 375 227
54 150 193 385 50 138 228 223 352 378 145 363 193 223 416 225 375 45 377 223 321 70 147 231 0 64 261 94 44 391 46 431 193 63 132 105 231 106 193 389 141 406 161 331 193 225 68 310 59 57 351 225 181 288 162 306 65 87 72 71 114 60 48 181 364 421 181 54 47 221 64 154 177 384 120 69 358 126 103 313 58 167 157 289 235 41
48 191 234 426 52 180 269 264 393 419 186 404 234 264 457 267 416 57 419 264 362 48 189 273 64 0 302 135 86 432 87 472 234 44 173 146 272 67 234 430 182 447 202 372 234 267 109 352 38 50 392 267 223 330 203 347 106 47 113 50 155 101 90 222 405 462 222 95 88 262 44 196 218 425 161 110 399 167 64 354 100 208 198 330 276 82
276 320 363 400 272 308 398 393 522 394 160 378 363 393 431 395 545 267 547 393 336 309 163 247 261 302 0 316 241 407 268 446 363 285 354 275 401 345 363 405 363 421 177 346 363 395 290 326 298 279 521 395 197 458 332 321 287 325 294 310 336 282 271 196 379 436 164 233 269 237 303 170 347 399 290 291 528 296 342 329 230 182 327 459 405 256
109 151 194 418 104 140 229 224 353 411 178 396 194 224 449 227 376 100 379 224 354 141 181 265 94 135 294 0 99 424 65 464 194 118 51 106 232 178 194 422 60 439 194 364 194 227 66 344 130 111 352 227 215 290 163 339 63 158 36 142 33 58 70 214 397 454 214 97 68 254 136 188 178 417 121 68 359 127 174 346 93 200 158 290 236 96
59 129 173 364 55 118 208 202 332 358 125 343 173 202 395 205 355 51 357 202 300 92 127 211 44 86 241 99 0 371 52 410 173 69 138 84 210 128 173 369 146 385 141 311 173 205 73 290 81 62 331 205 161 268 142 285 71 109 78 93 119 66 54 160 344 400 161 43 53 201 87 134 156 364 99 75 338 106 125 293 39 146 136 268 214 40
406 450 493 32 402 438 528 523 652 264 290 249 493 523 133 525 675 397 677 523 206 439 291 203 391 432 407 446 371 0 398 148 493 415 484 405 531 475 493 106 493 122 275 217 493 525 420 196 428 409 651 525 261 588 462 191 417 455 424 440 466 412 401 303 47 137 327 363 399 206 433 300 477 101 420 421 658 426 472 199 360 271 457 589 535 386
61 157 200 392 57 146 235 230 359 385 152 370 200 230 423 232 382 52 384 230 328 94 155 239 46 87 268 65 52 398 0 438 200 70 103 112 238 130 200 396 112 413 168 338 200 232 39 318 82 64 358 232 189 295 169 313 36 110 43 94 85 32 34 188 371 428 188 61 32 228 88 161 184 391 127 41 365 133 127 320 65 174 164 296 242 48
446 489 533 141 442 478 568 562 692 303 330 288 533 562 47 565 715 437 717 562 246 479 330 242 431 472 446 485 410 148 438 0 533 455 524 444 570 515 533 80 533 68 314 256 533 565 459 236 467 448 691 565 301 628 502 231 457 495 464 479 506 452 440 343 120 52 366 403 439 246 473 340 516 85 459 461 697 466 511 238 399 311 496 628 574 426
208 129 61 487 204 85 66 60 190 480 247 465 61 60 517 63 213 199 215 60 423 241 249 333 193 234 363 225 173 493 200 533 0 217 242 119 68 277 61 491 250 507 263 433 61 63 222 412 229 211 189 63 283 126 70 408 219 257 226 241 223 214 202 283 466 522 283 165 201 323 235 256 98 486 106 223 195 99 274 415 162 269 75 126 94 188
49 174 217 409 53 163 252 247 376 402 169 387 217 247 440 250 399 58 402 247 345 51 172 256 63 44 285 118 69 415 70 455 217 0 156 129 255 87 217 413 165 430 185 355 217 250 92 335 39 51 375 250 206 313 186 330 89 67 96 51 138 84 73 205 388 445 205 78 71 245 45 179 201 408 144 93 382 150 83 337 83 191 181 313 259 65
109 121 164 388 105 110 199 194 323 381 148 366 164 194 419 196 346 100 349 194 324 142 150 234 94 135 264 149 74 394 101 434 164 118 0 76 202 178 164 392 30 408 164 334 164 196 123 313 130 112 322 196 184 260 133 309 120 158 127 142 169 115 103 184 367 423 184 66 102 224 136 157 148 387 91 124 329 97 175 316 63 170 128 260 206 89
120 76 119 398 115 65 154 149 278 392 158 376 119 149 429 152 301 111 304 149 334 152 161 245 105 146 275 159 84 405 112 444 119 129 198 0 157 189 119 403 207 419 175 344 119 152 133 324 141 122 277 152 195 215 88 319 131 169 138 153 180 126 114 194 377 434 195 77 113 235 147 168 103 397 46 135 284 52 185 327 73 180 83 215 161 100
269 289 333 556 265 278 368 362 138 549 316 534 333 362 587 365 161 260 517 362 492 302 319 403 254 295 432 173 242 562 225 602 332 278 190 244 0 338 333 560 198 577 332 502 332 365 226 482 290 272 490 365 353 74 302 477 224 318 196 302 171 218 230 352 535 592 353 235 228 392 296 326 316 555 259 228 497 266 334 484 231 338 296 428 374 256
91 234 277 469 95 222 312 307 436 462 229 447 277 307 500 309 459 99 461 307 405 58 231 315 106 67 345 178 128 475 130 515 277 87 216 189 315 0 277 473 225 489 245 415 277 309 152 394 77 93 435 309 265 372 246 390 149 44 156 61 198 144 132 265 448 504 265 138 131 305 63 238 260 468 203 153 442 210 51 397 142 251 241 373 319 125
208 129 61 487 204 85 66 60 190 480 247 465 61 60 518 63 213 199 215 60 423 241 249 333 193 234 363 225 173 493 200 533 61 217 242 119 68 277 0 491 250 507 263 433 61 63 222 412 229 211 189 63 283 126 70 408 219 257 226 241 223 214 202 283 466 522 283 165 201 323 235 256 98 486 106 223 195 99 274 415 162 269 75 126 94 188
404 448 491 100 400 436 526 521 650 262 288 246 491 521 65 523 673 395 675 521 204 437 289 201 389 430 405 444 369 106 396 80 491 413 482 403 529 473 491 0 491 85 273 214 491 523 418 194 425 407 649 523 259 586 460 189 415 453 422 437 464 410 398 301 79 69 325 361 397 204 431 298 474 99 417 419 656 424 470 197 358 269 455 587 533 384
95 107 150 374 91 96 185 180 309 367 134 352 150 180 405 183 332 86 335 180 310 128 136 220 80 121 250 135 60 380 87 420 150 104 173 62 188 164 150 378 0 394 150 320 150 183 109 299 117 98 308 182 170 246 119 295 106 144 113 128 155 101 89 170 353 409 170 52 88 210 122 143 134 373 77 110 315 83 161 302 49 156 114 246 192 75
421 464 508 116 416 453 543 537 667 278 305 263 507 537 53 540 689 412 692 537 221 453 305 217 406 447 421 460 385 122 413 68 507 430 499 419 545 489 507 85 508 0 289 231 507 540 434 211 442 423 665 540 275 603 476 206 432 470 439 454 480 427 415 317 95 57 341 378 414 220 448 314 491 91 434 436 672 440 486 213 374 285 471 603 549 401
176 220 263 268 172 208 298 293 422 262 40 247 263 293 299 295 445 167 447 293 204 209 42 115 161 202 177 216 141 275 168 314 263 185 254 175 301 245 263 273 263 289 0 214 263 295 190 194 198 179 421 295 44 358 232 189 187 225 194 210 236 182 171 55 248 304 97 133 169 105 203 50 246 267 190 191 428 196 242 197 130 29 227 359 305 156
346 390 433 210 342 378 468 462 592 136 230 65 433 462 241 465 615 337 617 462 53 379 231 142 331 372 346 386 311 217 338 256 433 355 424 344 471 415 433 214 433 231 214 0 433 465 360 37 367 349 591 465 201 528 402 39 357 395 364 379 406 352 340 243 189 246 267 303 339 146 373 240 416 209 359 361 598 366 411 46 300 211 396 529 475 326
208 128 61 487 204 85 66 60 190 480 247 465 61 60 517 63 213 199 215 60 423 241 249 333 193 234 363 225 173 493 200 533 61 217 242 119 68 277 61 491 250 507 263 433 0 63 222 412 229 211 189 63 283 126 70 408 219 257 226 241 223 214 202 283 466 522 283 165 201 323 235 256 98 486 106 223 195 99 273 415 162 269 74 126 94 188
272 292 336 559 268 281 371 365 141 552 319 537 336 365 590 368 164 263 520 365 495 305 322 406 257 298 435 176 245 565 228 605 335 281 192 247 373 341 335 563 201 580 335 505 335 0 229 485 293 274 493 368 356 77 305 480 227 321 199 305 174 221 233 355 538 595 355 238 231 395 299 329 319 558 262 231 500 269 337 487 234 341 299 431 377 259
83 179 222 414 78 167 257 251 381 407 174 392 222 251 444 254 404 74 406 251 350 115 176 260 68 109 290 66 73 420 39 459 222 92 104 133 260 152 222 418 113 434 190 360 222 254 0 339 104 85 380 254 210 317 191 335 37 132 44 116 86 33 44 209 393 449 210 83 42 250 110 183 205 413 148 42 387 155 148 342 87 196 185 318 264 70
325 369 412 190 321 358 448 442 572 116 210 69 412 442 221 445 594 317 597 442 57 358 210 122 310 352 326 365 290 196 318 236 412 335 404 324 450 394 412 194 413 211 194 37 412 445 339 0 347 328 570 445 180 508 381 43 337 375 344 359 385 332 320 222 169 226 246 283 319 125 353 219 396 189 339 341 577 345 391 49 279 190 376 508 454 306
43 186 230 421 47 175 265 259 389 415 181 399 230 259 452 262 412 52 414 259 357 45 184 268 59 38 298 130 81 428 82 467 229 39 169 141 267 77 229 425 177 442 198 367 229 262 104 347 0 45 387 262 218 325 199 342 102 57 108 45 150 97 85 217 400 457 218 90 84 258 39 191 213 420 156 106 394 162 73 350 95 203 193 325 271 77
55 167 211 403 59 156 246 240 370 396 163 381 211 240 433 243 393 63 395 240 338 56 165 249 57 50 279 111 62 409 64 448 211 51 150 122 248 93 211 407 159 423 179 349 211 243 85 328 45 0 369 243 199 306 180 323 83 73 90 57 131 78 66 198 382 438 199 72 65 239 51 172 194 402 137 87 376 144 89 331 76 184 174 306 253 58
366 287 189 645 362 243 193 188 317 638 405 623 189 188 675 190 340 357 80 188 581 399 407 491 351 392 521 353 331 651 358 691 189 375 369 277 196 435 189 649 378 665 421 591 189 190 380 570 387 369 0 190 441 253 228 566 377 415 375 399 351 372 360 441 624 680 441 323 359 481 393 414 256 644 264 381 75 257 432 573 320 427 233 162 221 346
272 292 336 559 268 281 371 365 141 552 319 537 336 365 590 368 164 263 520 365 495 305 322 406 257 298 435 176 245 565 228 605 336 281 193 247 373 341 336 563 201 580 335 505 335 368 229 485 293 275 494 0 356 77 305 480 227 321 199 305 174 221 234 355 538 595 356 238 231 395 299 329 319 558 262 231 500 269 337 487 234 341 299 431 377 259
196 240 283 255 192 229 318 313 442 248 60 233 283 313 285 316 465 188 468 313 191 229 60 101 181 223 197 236 161 261 189 301 283 206 275 195 321 265 283 259 283 275 44 201 283 316 210 180 218 199 441 316 0 379 252 176 208 246 215 230 256 203 191 72 234 290 117 154 190 91 224 70 267 254 210 212 448 216 262 183 150 47 247 379 325 177
208 228 272 495 204 217 307 301 77 488 255 473 271 301 526 304 100 199 456 301 431 241 258 342 193 234 371 112 181 501 164 541 271 217 128 183 309 277 271 499 137 516 271 441 271 304 165 421 229 210 429 304 292 0 240 416 163 257 135 241 110 157 169 291 474 531 291 174 167 331 235 265 255 494 198 167 436 204 273 423 170 277 235 367 313 195
177 105 70 456 173 89 105 100 229 449 216 434 70 100 487 102 252 168 254 100 392 210 218 302 162 203 332 217 142 462 169 502 70 186 255 88 108 246 70 460 264 476 232 402 70 102 191 381 199 180 228 102 252 165 0 377 188 226 195 210 237 183 171 252 435 491 252 134 170 292 204 225 102 455 75 192 235 81 243 384 131 238 78 166 112 157
321 364 408 185 317 353 443 437 567 111 205 71 408 437 216 440 590 312 592 437 54 354 205 117 306 347 321 361 285 191 313 231 408 330 399 319 446 390 408 189 408 206 189 39 408 440 335 43 342 323 566 440 176 503 377 0 332 370 339 354 381 327 315 218 164 221 241 278 314 121 348 215 391 184 334 336 573 341 386 46 275 186 371 504 450 301
80 176 219 411 76 165 254 249 378 404 171 389 219 249 442 251 401 71 404 249 347 113 174 258 65 106 287 63 71 417 36 457 219 89 102 131 257 149 219 415 111 432 187 357 219 251 37 337 102 83 377 251 208 315 188 332 0 129 42 113 84 30 42 207 390 447 207 80 39 247 107 181 203 410 146 39 384 152 146 339 85 193 183 315 261 67
71 214 257 449 75 203 292 287 416 442 209 427 257 287 480 290 439 80 442 287 385 38 212 296 87 47 325 158 109 455 110 495 257 67 196 169 295 44 257 453 205 470 225 395 257 290 132 375 57 73 415 290 246 353 226 370 129 0 136 41 178 125 113 245 428 485 245 118 112 285 43 219 241 448 184 134 422 190 40 377 123 231 221 353 299 105
87 174 217 418 83 162 252 246 376 411 178 396 217 246 449 249 399 78 401 246 354 120 181 265 72 113 294 36 78 424 43 464 217 96 74 128 255 156 217 422 83 439 194 364 217 249 44 344 108 90 375 249 215 312 186 339 42 136 0 120 56 36 49 214 397 454 214 87 46 254 114 187 200 417 143 46 382 150 153 346 91 200 181 313 259 74
55 198 242 433 59 187 277 271 401 426 193 411 242 271 464 274 424 64 426 271 369 42 196 280 71 50 310 142 93 440 94 479 241 51 181 153 279 61 241 437 189 454 210 379 241 274 116 359 45 57 399 274 230 337 210 354 113 41 120 0 162 109 97 229 412 469 230 102 96 270 47 203 225 432 168 118 406 174 57 361 107 215 205 337 283 89
125 137 180 404 121 125 215 210 339 397 164 382 180 210 434 212 362 116 364 210 340 158 166 250 110 151 280 165 90 410 117 449 180 134 203 92 218 194 180 408 46 424 180 350 180 212 139 329 146 128 338 212 200 275 149 325 136 174 143 158 0 131 119 200 383 439 200 82 118 240 152 173 164 403 107 140 345 113 190 332 79 186 144 276 222 105
75 171 214 406 71 160 249 244 373 399 166 384 214 244 437 247 396 66 399 244 342 108 169 253 60 101 282 58 66 412 32 452 214 84 96 126 252 144 214 410 105 427 182 352 214 247 33 332 97 78 372 247 203 310 183 327 30 125 36 109 78 0 37 202 385 442 203 75 34 243 102 176 198 405 141 34 379 147 141 334 80 188 178 310 256 62
63 159 203 394 59 148 238 232 362 387 154 372 202 232 425 235 385 54 387 232 330 96 157 241 48 90 271 70 54 401 34 440 202 73 109 114 240 132 202 398 118 415 171 340 202 235 44 320 85 66 360 235 191 298 171 315 42 113 49 97 90 37 0 190 373 430 191 63 37 231 90 164 186 393 129 46 367 135 129 322 68 176 166 298 244 50
196 239 283 297 192 228 318 312 442 290 60 275 283 312 327 315 465 187 467 312 233 229 62 143 181 222 196 236 160 303 188 343 283 205 274 194 320 265 283 301 283 317 55 243 283 315 209 222 217 198 441 315 72 378 252 218 207 245 214 229 256 202 190 0 276 332 116 153 189 133 223 69 266 296 209 211 448 216 261 225 149 58 246 378 324 176
379 423 466 41 375 411 501 495 625 236 263 221 466 495 105 498 648 370 650 495 179 412 264 175 364 405 379 419 344 47 371 120 466 388 457 377 504 448 466 79 466 95 248 189 466 498 393 169 400 382 624 498 234 561 435 164 390 428 397 412 439 385 373 276 0 110 300 336 372 179 406 273 449 74 392 394 631 399 444 171 333 244 430 562 508 359
436 479 522 131 431 468 558 552 682 293 320 278 522 552 37 555 704 427 707 552 236 468 320 232 421 462 436 475 400 137 428 52 522 445 514 434 560 504 522 69 523 57 304 246 522 555 449 226 457 438 680 555 290 618 491 221 447 485 454 469 495 442 430 332 110 0 356 393 429 235 463 329 506 75 449 451 687 455 501 228 389 300 486 618 564 416
196 240 283 321 192 229 318 313 442 314 81 299 283 313 351 315 465 187 468 313 256 229 83 167 181 222 164 236 161 327 188 366 283 205 274 195 321 265 283 325 283 341 97 267 283 315 210 246 218 199 441 315 117 379 252 241 207 245 214 230 256 203 191 116 300 356 0 154 190 157 223 90 267 320 210 212 448 216 262 249 150 103 247 379 325 177
69 122 165 357 65 111 200 195 324 350 117 335 165 195 388 198 347 60 350 195 293 102 120 204 54 95 233 109 43 363 61 403 165 78 147 77 203 138 165 361 156 378 133 303 165 198 83 283 90 72 323 198 154 261 134 278 80 118 87 102 129 75 63 153 336 393 154 0 62 193 96 127 149 356 92 84 330 98 134 285 32 139 129 261 207 49
62 158 201 393 58 147 236 231 360 386 153 371 201 231 424 234 383 53 386 231 329 95 156 240 47 88 269 68 53 399 32 439 201 71 106 113 239 131 201 397 115 414 169 339 201 234 42 319 84 65 359 234 190 297 170 314 39 112 46 96 88 34 37 189 372 429 190 62 0 230 89 163 185 392 128 43 366 134 128 321 67 175 165 297 243 49
236 280 323 200 232 269 358 353 482 193 120 178 323 353 230 355 505 227 507 353 136 269 121 46 221 262 237 276 201 206 228 246 323 245 314 235 361 305 323 204 323 220 105 146 323 355 250 125 258 239 481 355 91 418 292 121 247 285 254 270 296 243 231 133 179 235 157 193 230 0 263 130 307 199 250 251 488 256 302 128 190 101 287 419 365 217
49 192 235 427 53 181 270 265 394 420 187 405 235 265 458 267 417 57 419 265 363 44 190 274 64 44 303 136 87 433 88 473 235 45 174 147 273 63 235 431 183 448 203 373 235 267 110 353 39 51 393 267 224 330 204 348 107 43 114 47 156 102 90 223 406 463 223 96 89 263 0 196 219 426 162 111 400 168 59 355 100 209 199 331 277 83
169 213 256 294 165 202 291 286 415 287 34 272 256 286 325 289 438 161 441 286 230 202 36 140 154 196 170 209 134 300 161 340 256 179 248 168 294 238 256 298 256 314 50 240 256 289 183 219 191 172 414 289 70 352 225 215 181 219 187 203 229 176 164 69 273 329 90 127 163 130 196 0 240 293 183 185 421 189 235 222 123 56 220 352 298 150
192 119 98 470 187 108 133 128 257 463 230 448 98 128 501 131 280 183 283 128 406 224 233 317 177 218 347 231 156 477 184 516 98 201 270 103 136 260 98 474 279 491 246 416 98 131 205 396 213 194 256 131 267 194 102 391 203 241 210 225 251 198 186 266 449 506 267 149 185 307 219 240 0 469 89 207 263 95 257 398 145 252 107 194 140 172
399 443 486 95 395 431 521 515 645 256 283 241 486 515 70 518 668 390 670 515 199 432 284 195 384 425 399 439 364 101 391 85 486 408 477 397 524 468 486 99 486 91 267 209 486 518 413 189 420 402 644 518 254 581 455 184 410 448 417 432 459 405 393 296 74 75 320 356 392 199 426 293 469 0 412 414 651 419 464 191 353 264 449 582 528 379
135 63 106 413 130 51 141 136 265 406 173 391 106 136 444 138 288 126 290 136 349 167 176 260 120 161 290 174 99 420 127 459 106 144 213 46 144 203 106 417 222 434 190 359 106 138 148 339 156 137 264 138 210 201 75 334 146 184 153 168 194 141 129 209 392 449 210 92 128 250 162 183 89 412 0 150 271 39 200 341 88 195 70 202 148 115
84 180 223 415 80 169 258 253 382 408 175 393 223 253 446 256 405 75 408 253 351 117 178 262 69 110 291 68 75 421 41 461 223 93 106 135 261 153 223 419 115 436 191 361 223 256 42 341 106 87 381 256 212 319 192 336 39 134 46 118 88 34 46 211 394 451 212 84 43 251 111 185 207 414 150 0 388 156 150 343 89 197 187 319 265 71
373 293 195 652 369 250 200 195 324 645 412 630 195 195 682 197 347 364 102 195 588 406 414 498 358 399 528 359 338 658 365 697 195 382 376 284 203 442 195 656 385 672 428 598 195 197 387 577 394 376 75 197 448 260 235 573 384 422 382 406 358 379 367 448 631 687 448 330 366 488 400 421 263 651 271 388 0 264 438 580 327 434 239 169 228 353
141 69 99 420 137 57 134 129 258 413 180 398 99 129 451 131 281 132 284 129 356 174 182 266 126 167 296 181 106 426 133 466 99 150 219 52 137 210 99 424 228 440 196 366 99 131 155 345 162 144 257 131 216 194 81 341 152 190 159 174 201 147 135 216 399 455 216 98 134 256 168 189 95 419 39 156 264 0 207 348 95 202 76 195 141 121
87 230 274 465 91 219 309 303 433 459 226 443 274 303 496 306 456 96 458 303 401 55 228 312 103 64 342 174 125 472 127 511 274 83 213 185 311 51 274 470 221 486 242 411 273 306 148 391 73 89 432 306 262 369 243 386 146 40 153 57 194 141 129 261 444 501 262 134 128 302 59 235 257 464 200 150 438 207 0 394 139 247 237 369 315 121
328 372 415 192 324 360 450 445 574 118 212 78 415 445 223 447 597 319 599 445 61 361 213 125 313 354 329 368 293 199 320 238 415 337 406 327 453 397 415 197 415 213 197 46 415 447 342 49 350 331 573 447 183 510 384 46 339 377 346 361 388 334 322 225 171 228 249 285 321 128 355 222 398 191 341 343 580 348 394 0 282 193 379 511 457 308
73 119 162 354 69 107 197 191 321 347 114 332 162 191 384 194 344 65 346 191 290 106 116 200 58 100 230 113 39 360 65 399 162 83 152 73 200 142 162 358 160 374 130 300 162 194 87 279 95 76 320 194 150 257 131 275 85 123 91 107 133 80 68 149 333 389 150 32 67 190 100 123 145 353 88 89 327 95 139 282 0 136 125 258 204 54
182 226 269 265 178 214 304 298 428 258 45 243 269 298 295 301 451 173 453 298 201 215 45 111 167 208 182 222 146 271 174 311 269 191 260 180 307 251 269 269 269 285 29 211 269 301 196 190 203 184 427 301 47 364 238 186 193 231 200 215 242 188 176 58 244 300 103 139 175 101 209 56 252 264 195 197 434 202 247 193 136 0 232 365 311 162
172 99 75 450 167 88 110 104 234 444 211 429 75 104 481 107 257 163 259 104 386 205 213 297 157 198 327 211 136 457 164 496 75 181 250 83 112 241 75 455 259 471 227 396 74 107 185 376 193 174 233 107 247 170 78 371 183 221 190 205 232 178 166 246 430 486 247 129 165 287 199 220 107 449 70 187 239 76 237 379 125 232 0 170 116 152
304 224 126 583 300 181 131 126 255 576 343 561 126 126 613 128 278 295 189 126 519 337 345 429 289 330 459 290 268 589 296 628 126 313 307 215 134 373 126 587 316 603 359 529 126 128 318 508 325 306 162 128 379 191 166 504 315 353 313 337 289 310 298 378 562 618 379 261 297 419 331 352 194 582 202 319 169 195 369 511 258 365 170 0 159 284
250 170 94 529 246 127 98 93 222 522 289 507 94 93 559 96 245 241 248 93 465 283 291 375 235 276 405 258 214 535 242 574 94 259 274 161 101 319 94 533 283 549 305 475 94 96 264 454 271 253 221 96 325 159 112 450 261 299 268 283 256 256 244 324 508 564 325 207 243 365 277 298 140 528 148 265 228 141 315 457 204 311 116 159 0 230
56 145 188 380 52 134 223 218 347 373 140 358 188 218 411 221 370 47 373 218 316 89 143 227 41 82 256 96 40 386 48 426 188 65 134 100 226 125 188 384 143 401 156 326 188 221 70 306 77 58 346 221 177 284 157 301 67 105 74 89 116 62 50 176 359 416 177 49 49 217 83 150 172 379 115 71 353 121 121 308 54 162 152 284 230 0
EOF