NAME : tsp_problem
TYPE : TSP
DIMENSION : 54
EDGE_WEIGHT_TYPE : EXPLICIT
EDGE_WEIGHT_FORMAT : FULL_MATRIX
EDGE_WEIGHT_SECTION
0 31 460 151 372 225 225 354 243 403 374 235 241 243 175 247 475 388 435 370 127 243 117 211 59 422 447 218 363 117 441 206 106 429 163 464 94 189 198 306 279 313 41 189 67 105 194 498 350 292 98 83 144 369
31 0 455 146 368 220 220 350 238 399 369 230 236 238 170 242 470 383 430 365 132 238 122 206 64 417 442 213 359 112 436 201 101 424 168 460 98 184 193 301 275 308 46 185 62 110 190 493 345 287 103 88 140 364
460 464 0 463 239 537 327 221 555 101 686 547 553 555 487 559 47 700 133 682 460 555 450 295 425 76 48 290 675 429 138 518 418 126 496 37 426 501 312 618 591 357 434 501 514 438 306 364 216 604 431 416 456 235
182 187 463 0 376 105 228 358 123 407 254 115 121 123 89 127 478 267 438 250 182 123 173 214 148 425 450 221 243 65 444 85 74 432 219 468 149 108 201 186 159 316 157 69 236 161 198 501 353 172 153 138 63 372
372 377 239 376 0 450 240 66 468 182 599 460 466 468 399 472 254 612 214 595 372 468 363 208 338 201 226 203 588 342 220 430 331 208 409 244 339 414 225 531 504 270 347 414 427 351 219 155 62 517 343 328 369 81
206 201 609 300 522 0 374 504 38 553 169 30 36 38 324 396 624 183 584 519 320 38 310 360 253 571 596 367 513 266 590 355 255 578 357 614 287 338 347 455 429 462 234 339 216 298 344 647 499 87 291 276 294 518
225 229 327 228 240 302 0 222 320 271 451 312 318 320 252 324 343 465 303 448 225 320 215 58 190 290 315 64 441 194 308 283 183 297 261 332 192 266 67 383 357 160 199 267 279 203 62 366 218 369 196 181 222 236
354 359 221 358 66 432 222 0 450 164 581 442 448 450 381 454 236 594 196 577 354 450 345 190 320 183 208 185 570 324 202 412 313 190 391 226 321 396 207 513 486 252 329 396 408 333 201 192 44 499 325 310 351 31
184 180 587 278 500 352 352 482 0 531 147 362 368 370 302 374 602 161 562 498 298 370 288 338 231 549 574 345 491 244 568 333 233 556 335 592 265 316 325 433 407 440 212 317 194 276 322 625 477 65 269 254 272 496
403 408 101 407 182 481 271 164 499 0 630 491 496 499 430 503 116 643 42 626 403 499 393 239 369 63 88 234 619 373 47 461 362 35 440 106 370 445 256 561 535 301 377 445 457 381 250 308 160 548 374 359 400 178
50 45 453 144 365 218 218 347 236 396 0 228 233 236 167 240 468 380 428 363 163 236 154 204 96 415 440 211 356 110 434 198 99 422 200 457 130 182 191 299 272 306 78 182 60 142 187 491 343 285 134 119 137 362
190 185 593 284 506 358 358 488 376 537 153 0 374 376 308 380 608 167 568 503 304 376 294 344 237 555 580 351 497 250 574 339 239 562 340 598 271 322 331 439 412 446 218 322 200 282 328 631 483 71 275 260 277 502
185 180 588 279 501 353 353 483 371 531 148 363 0 371 303 375 603 162 563 498 299 371 289 339 231 550 575 346 491 245 569 334 234 557 335 593 266 317 326 434 407 441 213 317 195 277 323 626 478 66 270 255 272 497
184 179 587 278 500 352 352 482 370 531 147 362 368 0 302 374 602 161 562 497 298 370 288 338 230 549 574 345 490 244 568 333 233 556 334 592 265 316 325 433 406 440 212 316 194 276 322 625 477 65 269 254 271 496
206 211 487 89 399 90 252 381 108 430 239 100 105 108 0 112 502 252 462 235 206 108 196 238 171 449 474 245 228 88 467 70 97 456 243 491 173 102 225 170 144 340 180 54 260 184 221 525 377 157 177 162 87 395
269 264 559 127 472 83 324 454 101 503 232 93 98 101 112 0 574 245 535 228 279 101 269 311 244 522 547 317 221 161 540 94 170 529 315 564 246 140 298 164 137 413 253 92 279 257 294 598 450 150 250 235 134 468
475 479 47 478 254 552 343 236 570 116 701 562 568 570 502 574 0 715 148 697 475 570 465 311 440 91 63 305 691 444 153 533 433 141 511 52 442 516 327 633 607 372 449 517 529 453 321 379 231 619 446 431 472 250
46 41 448 139 361 214 213 343 232 392 363 224 229 232 163 236 463 0 424 359 159 232 149 200 92 411 436 206 352 106 429 194 95 418 196 453 126 178 187 294 268 302 74 178 56 137 183 487 339 281 130 115 133 357
435 440 133 438 214 513 303 196 531 42 662 523 528 531 462 535 148 675 0 658 435 531 425 271 401 95 120 265 651 405 37 493 394 32 472 137 402 477 287 593 567 332 409 477 489 413 282 339 192 580 406 391 432 210
371 366 682 250 595 185 448 577 203 626 334 195 200 203 235 228 697 347 658 0 402 203 392 434 367 645 670 440 75 284 663 195 293 652 438 687 369 263 421 85 194 536 376 214 381 380 417 721 573 252 373 358 257 591
127 132 460 182 372 257 225 354 275 403 406 267 272 275 206 279 475 419 435 402 0 275 39 211 92 422 447 218 395 149 441 237 138 429 58 465 55 221 198 337 311 313 101 221 181 49 194 498 350 324 51 66 176 369
184 179 587 278 500 352 352 482 370 531 147 362 368 370 302 374 602 161 562 497 298 0 288 338 231 549 574 345 491 244 568 333 233 556 335 592 265 316 325 433 407 440 212 317 194 276 322 625 477 65 269 254 272 496
117 122 450 173 363 247 215 345 265 393 396 257 262 265 196 269 465 409 425 392 39 265 0 201 82 412 437 208 385 139 431 227 128 419 75 455 45 211 188 327 301 303 91 211 171 39 185 488 340 314 41 56 166 359
211 216 295 214 208 289 58 190 307 239 437 298 304 307 238 311 311 451 271 434 211 307 201 0 176 258 283 39 427 180 276 269 169 265 247 300 178 252 42 369 343 126 185 253 265 189 37 334 186 356 182 167 208 204
59 64 425 148 338 222 190 320 240 369 371 232 238 240 171 244 440 385 401 367 92 240 82 176 0 387 412 183 360 114 406 202 103 394 129 430 59 186 163 303 276 278 34 186 114 70 160 463 315 289 63 48 141 334
422 427 76 425 201 500 290 183 518 63 649 510 515 518 449 522 91 662 95 645 422 518 412 258 387 0 92 252 638 392 100 480 381 89 459 81 389 463 274 580 554 319 396 464 476 400 269 326 178 567 393 378 419 197
447 452 48 450 226 525 315 208 543 88 674 535 540 543 474 547 63 687 120 670 447 543 437 283 412 92 0 277 663 416 125 505 405 114 484 53 414 488 299 605 579 344 421 489 501 425 294 351 203 592 418 403 444 222
218 222 290 221 203 295 64 185 313 234 444 305 311 313 245 317 305 458 265 440 218 313 208 39 183 252 277 0 433 187 271 276 176 259 254 295 184 259 49 376 349 121 192 259 272 196 43 328 180 362 189 174 214 199
364 359 675 243 588 178 441 570 196 619 327 188 193 196 228 221 691 340 651 75 395 196 385 427 360 638 663 433 0 277 656 189 286 645 432 680 362 256 414 78 187 529 369 207 374 373 410 714 566 245 366 351 250 584
149 153 429 65 342 139 194 324 157 373 288 149 154 157 88 161 444 301 405 284 149 157 139 180 114 392 416 187 277 0 410 119 54 398 185 434 115 103 167 220 193 282 123 103 203 127 164 467 319 206 120 105 58 338
441 445 138 444 220 518 308 202 536 47 667 528 534 536 467 540 153 681 37 663 441 536 431 276 406 100 125 271 656 410 0 499 399 38 477 143 407 482 293 599 572 338 415 482 495 419 287 345 197 585 412 397 437 216
236 231 518 85 430 50 283 412 68 461 199 60 66 68 70 94 533 213 493 195 237 68 227 269 202 480 505 276 189 119 499 0 128 487 274 522 204 98 256 131 104 371 211 50 246 215 252 556 408 117 208 193 92 427
138 142 418 74 331 148 183 313 166 362 297 158 163 166 97 170 433 310 394 293 138 166 128 169 103 381 405 176 286 54 399 128 0 387 174 423 104 112 156 228 202 271 112 112 192 116 153 456 308 215 109 94 67 327
429 434 126 432 208 507 297 190 525 35 655 516 522 525 456 529 141 669 32 652 429 525 419 265 394 89 114 259 645 398 38 487 387 0 465 131 396 470 281 587 561 326 403 471 483 407 276 333 185 574 400 385 426 204
163 168 496 219 409 293 261 391 311 440 442 303 309 311 243 315 511 456 472 438 58 311 75 247 129 459 484 254 432 185 477 274 174 465 0 501 91 257 234 374 347 349 138 257 217 86 231 534 386 360 87 103 212 405
464 469 37 468 244 542 332 226 560 106 691 552 558 560 491 564 52 704 137 687 465 560 455 300 430 81 53 295 680 434 143 522 423 131 501 0 431 506 317 623 596 362 439 506 519 443 311 369 221 609 436 421 461 240
94 98 426 149 339 224 192 321 242 370 373 233 239 242 173 246 442 386 402 369 55 242 45 178 59 389 414 184 362 115 407 204 104 396 91 431 0 187 165 304 278 280 68 188 148 56 161 465 317 291 57 50 143 335
220 225 501 108 414 118 266 396 136 445 267 128 133 136 102 140 516 280 477 263 221 136 211 252 186 463 488 259 256 103 482 98 112 470 257 506 187 0 239 199 172 354 195 82 275 199 236 539 391 185 192 177 101 410
198 203 312 201 225 276 67 207 294 256 425 286 291 294 225 298 327 438 287 421 198 294 188 42 163 274 299 49 414 167 293 256 156 281 234 317 165 239 0 356 330 144 172 240 252 176 39 350 202 343 169 154 195 221
306 301 618 186 531 120 383 513 138 561 269 130 135 138 170 164 633 282 593 85 337 138 327 369 303 580 605 376 78 220 599 131 228 587 374 623 304 199 356 0 129 471 312 149 316 315 353 656 508 187 308 293 193 527
280 275 591 159 504 94 357 486 112 535 243 104 109 112 144 137 607 256 567 194 311 112 301 343 276 554 579 349 187 193 572 104 202 561 347 596 278 172 330 129 0 445 285 123 290 289 326 630 482 161 282 267 166 500
313 318 357 316 270 391 160 252 409 301 539 400 406 409 340 413 372 553 332 536 313 409 303 126 278 319 344 121 529 282 338 371 271 326 349 362 280 354 144 471 445 0 287 355 367 291 139 395 247 458 284 269 310 266
41 46 434 157 347 231 199 329 249 377 380 241 246 249 180 253 449 393 409 376 101 249 91 185 34 396 421 192 369 123 415 211 112 403 138 439 68 195 172 312 285 287 0 195 95 79 169 472 324 298 72 57 150 343
221 226 501 69 414 69 267 396 87 445 218 79 84 87 54 92 517 231 477 214 221 87 211 253 186 464 489 259 207 103 482 50 112 471 257 506 188 82 240 149 123 355 195 0 265 199 236 540 392 136 192 177 76 410
136 141 417 108 330 182 182 312 200 360 331 192 197 200 131 204 432 344 392 327 136 200 126 168 102 379 404 175 320 74 398 162 63 386 173 422 103 146 155 263 236 270 110 146 0 114 152 455 307 249 107 92 101 326
105 110 438 161 351 235 203 333 253 381 384 245 250 253 184 257 453 397 413 380 49 253 39 189 70 400 425 196 373 127 419 215 116 407 86 443 56 199 176 315 289 291 79 199 159 0 173 476 328 302 51 61 154 347
194 199 306 198 219 272 62 201 290 250 421 282 288 290 221 294 321 434 282 417 194 290 185 37 160 269 294 43 410 164 287 252 153 276 231 311 161 236 39 353 326 139 169 236 248 173 0 345 197 339 165 150 191 215
498 503 364 501 155 576 366 192 594 308 724 585 591 594 525 598 379 738 339 721 498 594 488 334 463 326 351 328 714 467 345 556 456 333 534 369 465 539 350 656 630 395 472 540 552 476 345 0 187 643 469 454 495 206
350 355 216 353 62 428 218 44 446 160 577 437 443 446 377 450 231 590 192 573 350 446 340 186 315 178 203 180 566 319 197 408 308 185 386 221 317 391 202 508 482 247 324 392 404 328 197 187 0 495 321 306 347 36
137 133 540 231 453 306 305 435 323 484 100 315 321 324 255 328 555 114 516 451 251 323 241 291 184 502 527 298 444 197 521 286 186 509 288 545 218 269 278 386 360 393 165 270 148 229 275 578 430 0 222 207 225 449
98 103 431 153 343 228 196 325 246 374 377 238 243 246 177 250 446 390 406 373 51 246 41 182 63 393 418 189 366 120 412 208 109 400 87 436 57 192 169 308 282 284 72 192 152 51 165 469 321 295 0 54 147 340
83 88 416 138 328 213 181 310 231 359 362 223 228 231 162 235 431 375 391 358 66 231 56 167 48 378 403 174 351 105 397 193 94 385 103 421 50 177 154 293 267 269 57 177 137 61 150 454 306 280 54 0 132 325
176 181 456 63 369 112 222 351 130 400 261 122 127 130 87 134 472 274 432 257 176 130 166 208 141 419 444 214 250 58 437 92 67 426 212 461 143 101 195 193 166 310 150 76 230 154 191 495 347 179 147 132 0 365
369 373 235 372 81 446 236 31 464 178 595 456 462 464 395 468 250 609 210 591 369 464 359 204 334 197 222 199 584 338 216 427 327 204 405 240 335 410 221 527 500 266 343 410 423 347 215 206 36 513 340 325 365 0
EOF