NAME : tsp_problem
TYPE : TSP
DIMENSION : 24
EDGE_WEIGHT_TYPE : EXPLICIT
EDGE_WEIGHT_FORMAT : FULL_MATRIX
EDGE_WEIGHT_SECTION
0 318 638 205 724 811 717 677 85 794 654 811 217 174 969 481 741 743 728 695 378 374 161 744
420 0 758 366 756 842 749 709 226 826 625 781 378 206 1001 513 773 747 699 666 403 400 322 775
789 789 0 618 990 836 927 881 583 850 1109 959 629 645 750 888 903 1008 1036 1068 849 845 573 814
184 255 726 0 532 618 525 485 259 602 570 622 390 287 777 289 549 551 589 611 315 311 334 551
487 545 990 682 0 281 149 184 561 227 287 247 693 577 476 271 173 176 214 246 606 602 637 250
573 632 836 768 281 0 152 208 648 76 346 198 779 664 299 357 128 234 272 304 692 688 724 141
479 538 927 674 149 152 0 176 554 129 214 173 686 570 352 264 100 102 140 172 598 594 630 232
439 498 881 634 184 208 176 0 514 223 314 274 645 530 366 224 200 203 241 273 558 554 590 141
327 256 596 164 663 749 655 615 0 732 592 749 175 112 907 420 679 682 666 634 317 313 119 682
556 615 850 752 227 76 129 223 631 0 291 174 763 647 276 341 105 179 217 249 676 672 707 156
525 415 1109 720 287 346 214 314 592 291 0 175 731 507 409 391 237 141 93 60 475 471 675 381
577 571 959 772 247 198 173 274 652 174 175 0 783 664 259 362 197 101 102 134 632 628 728 278
173 243 714 368 521 607 513 473 248 591 559 611 0 275 765 278 537 540 578 600 304 300 323 540
241 171 645 253 577 664 570 530 112 647 507 664 264 0 822 334 594 596 581 548 231 227 208 597
731 790 750 926 476 299 352 366 806 276 409 259 938 822 0 516 328 334 335 367 850 846 882 299
244 302 871 439 271 357 264 224 318 341 391 362 450 334 516 0 288 290 328 360 363 359 394 290
503 562 903 698 173 128 100 200 578 105 237 197 710 594 328 288 0 126 164 196 622 618 654 208
506 537 1008 701 176 234 102 203 581 179 141 101 712 596 334 290 126 0 67 100 597 594 656 269
544 489 1036 739 214 272 140 241 619 217 93 102 750 581 335 328 164 67 0 57 549 545 694 307
566 456 1068 761 246 304 172 273 634 249 60 134 772 548 367 360 196 100 57 0 517 513 717 339
371 294 709 317 707 793 699 659 177 777 576 732 328 156 951 464 723 698 649 617 0 350 273 726
365 288 704 312 701 788 694 654 171 771 570 727 323 151 946 458 718 692 644 611 349 0 267 721
560 490 490 392 896 983 889 849 278 966 826 982 403 346 1141 653 913 915 900 867 550 546 0 915
506 564 814 701 250 141 232 141 581 156 381 278 712 597 299 290 208 269 307 339 625 621 656 0
EOF