NAME : tsp_problem
TYPE : TSP
DIMENSION : 22
EDGE_WEIGHT_TYPE : EXPLICIT
EDGE_WEIGHT_FORMAT : FULL_MATRIX
EDGE_WEIGHT_SECTION
0 240 589 434 293 372 262 355 312 302 404 179 188 188 460 564 389 321 264 359 523 247
240 0 602 556 507 586 275 569 434 516 549 127 402 402 582 686 402 535 477 572 736 62
484 498 0 195 751 830 272 813 308 760 858 437 646 646 221 574 399 779 721 816 980 504
302 424 541 0 569 648 220 632 140 578 680 363 464 464 306 392 346 597 540 635 799 431
293 507 856 701 0 153 529 136 579 181 218 446 132 182 727 831 656 162 222 139 303 514
372 586 935 780 153 0 608 187 658 100 136 525 211 223 806 910 735 81 141 96 293 593
262 275 377 344 529 608 0 591 230 538 636 215 424 424 369 482 156 557 499 594 758 282
355 569 918 763 136 187 591 0 642 215 252 509 195 244 789 894 718 196 256 173 239 576
297 419 429 268 565 643 230 627 0 573 676 359 459 460 195 305 357 592 535 630 794 426
302 516 865 710 181 100 538 215 588 0 157 455 190 146 736 840 665 101 125 124 314 522
404 549 963 812 218 136 636 252 691 157 0 450 276 248 838 943 703 138 198 160 212 555
179 127 542 495 446 525 215 509 373 455 450 0 341 341 521 626 342 474 417 512 639 134
188 402 750 596 132 211 424 195 474 190 276 341 0 77 622 726 551 210 152 198 362 408
188 402 751 596 182 223 424 244 474 146 248 341 77 0 622 727 551 165 107 247 412 409
464 586 252 181 731 810 369 793 195 740 842 525 625 626 0 471 496 759 701 796 960 592
334 456 805 650 601 680 478 664 528 610 712 395 496 496 676 0 605 629 572 667 831 463
435 448 308 275 702 781 223 764 388 710 747 387 596 597 301 654 0 729 672 767 931 455
321 535 884 729 162 81 557 196 607 101 138 474 210 165 755 859 684 0 143 105 295 542
264 477 826 672 222 141 499 256 550 125 198 417 152 107 697 802 626 143 0 165 355 484
359 572 921 766 139 96 594 173 645 124 160 512 198 247 792 897 721 105 165 0 317 579
523 736 1085 930 303 293 758 239 809 314 212 639 362 412 956 1061 885 295 355 317 0 743
247 62 609 563 514 593 282 576 441 522 555 134 408 409 589 693 409 542 484 579 743 0
EOF