NAME : tsp_problem
TYPE : TSP
DIMENSION : 28
EDGE_WEIGHT_TYPE : EXPLICIT
EDGE_WEIGHT_FORMAT : FULL_MATRIX
EDGE_WEIGHT_SECTION
0 1268 1060 1376 2023 908 866 2016 1713 1248 1391 1008 1299 1403 1374 1263 827 651 1172 1219 1010 280 1410 1700 1233 1695 1382 1271
1408 0 1050 682 996 608 681 989 829 640 529 997 691 541 494 132 976 731 1160 357 998 1282 985 820 372 815 957 663
1085 1050 0 1495 1809 1137 1210 1802 1642 651 804 1519 387 776 1308 1046 1338 933 1683 817 1521 933 1799 1634 786 1628 1771 674
1595 682 1495 0 909 949 907 902 599 1086 975 577 1136 987 260 678 868 1176 740 803 578 1506 565 586 817 581 537 1108
2157 996 1809 909 0 1368 1441 55 524 1400 1289 1224 1450 1301 682 992 1516 1491 1387 1117 1225 2042 1031 557 1131 563 804 1423
1127 608 1137 949 1368 0 107 1361 1200 727 731 582 778 743 866 604 401 776 745 559 583 1039 983 1192 573 1187 955 750
1085 681 1210 907 1441 107 0 1434 1244 801 804 539 851 816 905 677 358 734 702 632 540 996 941 1231 647 1226 912 824
2150 989 1802 902 55 1361 1434 0 517 1393 1282 1217 1443 1294 675 985 1508 1483 1380 1110 1218 2035 1024 550 1124 556 797 1416
1932 829 1642 599 524 1200 1244 517 0 1233 1121 914 1283 1134 372 824 1206 1323 1077 950 915 1843 903 90 964 85 874 1255
1346 640 651 1086 1400 727 801 1393 1233 0 577 1110 293 549 898 636 929 669 1273 586 1111 1220 1389 1224 554 1219 1361 88
1608 607 804 1052 1366 808 882 1359 1199 577 0 1357 450 55 865 603 1176 931 1520 282 1358 1483 1356 1191 251 1185 1328 600
1227 997 1520 577 1224 582 539 1217 914 1137 1279 0 1187 1291 575 993 501 876 373 1107 38 1139 611 901 1121 896 582 1159
1388 691 387 1136 1450 778 851 1443 1283 293 450 1161 0 422 949 687 980 720 1324 459 1162 1236 1440 1275 427 1269 1412 315
1586 584 776 1030 1344 786 859 1337 1176 549 55 1335 422 0 842 580 1154 909 1498 260 1336 1460 1333 1168 229 1163 1305 572
1593 494 1308 260 682 866 905 675 372 898 787 575 949 799 0 490 867 989 738 615 576 1505 564 359 630 354 535 921
1404 132 1046 678 992 604 677 985 824 636 525 993 687 537 490 0 972 727 1156 353 994 1278 981 816 368 811 953 659
1046 975 1339 868 1516 401 358 1508 1206 956 1098 501 1006 1110 867 971 0 695 664 926 502 958 902 1193 940 1188 874 978
709 724 933 1169 1484 778 736 1476 1316 705 847 878 755 859 982 720 697 0 1042 675 880 584 1280 1308 689 1303 1252 727
1391 1160 1683 740 1387 745 702 1380 1077 1300 1442 373 1351 1454 738 1156 664 1040 0 1270 374 1302 774 1065 1285 1059 746 1323
1359 357 817 803 1117 559 632 1110 950 586 219 1108 459 231 615 353 927 682 1271 0 1109 1233 1106 941 47 936 1078 608
1229 998 1521 578 1225 583 540 1218 915 1138 1280 38 1189 1292 576 994 502 878 374 1108 0 1140 612 902 1123 897 584 1161
280 1392 950 1501 2148 1033 990 2141 1838 1373 1515 1133 1253 1527 1499 1388 952 776 1296 1343 1134 0 1535 1825 1358 1820 1506 1396
1629 985 1799 565 1031 983 941 1024 903 1389 1278 611 1440 1290 564 981 902 1278 774 1106 612 1540 0 890 1121 885 478 1412
1919 820 1634 586 557 1192 1231 550 90 1224 1113 901 1275 1125 359 816 1193 1315 1065 941 902 1831 890 0 956 63 861 1247
1373 372 786 817 1131 573 647 1124 964 554 233 1122 427 229 630 368 941 696 1285 47 1123 1248 1121 956 0 950 1093 577
1914 815 1628 581 563 1187 1226 556 85 1219 1108 896 1269 1120 354 811 1188 1310 1059 936 897 1825 885 63 950 0 856 1242
1601 957 1771 537 804 955 912 797 874 1361 1250 582 1412 1262 535 953 874 1250 746 1078 584 1512 478 861 1093 856 0 1384
1369 663 674 1108 1423 750 824 1416 1255 88 600 1133 315 572 921 659 952 692 1296 608 1134 1243 1412 1247 577 1242 1384 0
EOF