NAME : tsp_problem
TYPE : TSP
DIMENSION : 38
EDGE_WEIGHT_TYPE : EXPLICIT
EDGE_WEIGHT_FORMAT : FULL_MATRIX
EDGE_WEIGHT_SECTION
0 640 674 594 736 528 223 421 1204 562 474 614 1154 605 693 674 613 866 805 616 665 629 309 620 393 800 709 445 442 476 754 491 139 602 709 721 214 764
640 0 757 201 818 1135 706 379 780 645 1081 1128 729 687 775 1119 80 1049 1055 698 1250 1236 616 365 552 883 285 1051 1049 559 1361 462 746 1188 285 880 583 922
674 757 0 710 462 779 878 537 1321 289 725 865 1270 331 419 924 730 1117 699 80 916 879 519 619 1048 527 826 695 693 252 1005 477 554 853 826 997 486 1237
594 201 710 0 772 1089 691 313 862 599 1035 1175 811 641 729 1200 228 1130 1009 652 1226 1189 570 290 633 837 366 1005 1003 513 1315 387 700 1163 366 962 537 1004
736 818 462 772 0 693 940 599 1383 198 787 927 1332 275 362 986 791 1179 330 404 978 876 581 681 1110 157 887 750 665 314 917 539 616 914 887 1059 548 1299
528 1135 779 1089 693 0 732 916 1700 667 579 719 1649 710 797 778 1108 971 409 720 770 600 673 998 902 692 1204 108 104 631 642 856 408 706 1204 851 579 1091
223 706 878 691 940 732 0 517 1023 766 678 766 972 809 897 757 679 687 1009 819 869 832 513 717 190 1004 528 648 646 680 958 695 343 806 528 519 418 561
421 379 537 313 599 916 517 0 944 425 862 1002 893 468 556 1061 352 1185 836 479 1053 1016 397 225 688 663 449 832 830 339 1142 322 527 989 448 1016 363 1058
1204 780 1321 862 1383 1700 1023 944 0 1209 1645 1445 414 1252 1339 1435 753 1366 1620 1262 1567 1800 1180 1104 868 1447 535 1616 1614 1123 1926 1138 1311 1505 535 1197 1147 1239
562 645 289 599 198 667 766 425 1209 0 613 753 1158 110 198 813 618 1005 478 230 804 767 408 507 936 305 714 583 581 140 893 365 443 741 714 885 374 1125
474 1081 725 1035 787 579 678 862 1645 613 0 240 1517 656 743 289 1054 481 812 666 281 251 619 944 823 851 1150 495 493 577 377 802 354 217 1150 538 524 650
614 1128 865 1175 927 719 766 1002 1445 753 240 0 1306 796 883 275 1101 468 993 806 326 442 759 1084 612 991 949 635 633 717 568 942 494 263 949 347 665 586
1154 729 1270 811 1332 1649 972 893 414 1158 1517 1306 0 1201 1289 1278 702 1209 1569 1211 1412 1706 1130 1053 818 1396 484 1565 1563 1072 1832 1087 1260 1351 484 1058 1096 1065
605 687 331 641 275 710 809 468 1252 110 656 796 1201 0 123 855 660 1048 511 273 847 810 450 550 979 295 757 626 624 183 936 408 485 783 757 928 417 1168
693 775 419 729 362 797 897 556 1339 198 743 883 1289 123 0 943 748 1135 595 360 935 898 538 638 1067 295 844 714 711 271 1024 496 573 871 844 1016 505 1255
674 1119 924 1200 986 778 757 1061 1435 813 289 275 1278 855 943 0 1092 226 1052 866 168 491 819 1143 602 1051 940 695 692 776 617 1001 554 106 940 284 724 395
613 80 730 228 791 1108 679 352 753 618 1054 1101 702 660 748 1092 0 1022 1028 671 1223 1209 589 392 525 856 258 1024 1022 532 1334 489 719 1161 258 853 556 895
866 1049 1117 1130 1179 971 687 1185 1366 1005 481 468 1209 1048 1135 226 1022 0 1244 1058 232 683 1011 1336 533 1243 870 887 885 969 809 1194 746 298 870 214 916 325
805 1055 699 1009 330 409 1009 836 1620 478 812 993 1569 511 595 1052 1028 1244 0 641 1043 591 818 918 1179 328 1125 466 381 551 633 776 685 980 1125 1125 785 1365
616 698 80 652 404 720 819 479 1262 230 666 806 1211 273 360 866 671 1058 641 0 857 821 461 561 990 468 767 637 634 194 947 419 496 794 767 938 428 1178
665 1250 916 1226 978 770 869 1053 1567 804 281 326 1412 847 935 168 1223 232 1043 857 0 482 810 1135 734 1042 1072 686 684 768 608 993 545 167 1072 417 716 528
629 1236 879 1189 876 600 832 1016 1800 767 251 442 1706 810 898 491 1209 683 591 821 482 0 774 1098 1003 874 1305 649 572 731 156 956 509 419 1305 740 679 852
309 616 519 570 581 673 513 397 1180 408 619 759 1130 450 538 819 589 1011 818 461 810 774 0 479 683 646 685 590 587 322 900 337 285 747 685 891 121 1054
620 365 619 290 681 998 717 225 1104 507 944 1084 1053 550 638 1143 392 1336 918 561 1135 1098 479 0 876 745 609 914 912 422 1224 173 609 1071 609 1204 445 1246
393 552 1048 633 1110 902 190 688 868 936 823 612 818 979 1067 602 525 533 1179 990 734 1003 683 876 0 1174 373 819 816 851 1129 865 513 672 373 364 588 406
800 883 527 837 157 692 1004 663 1447 305 851 991 1396 295 295 1051 856 1243 328 468 1042 874 646 745 1174 0 952 748 664 378 916 603 681 979 952 1123 612 1363
709 285 826 366 887 1204 528 449 535 714 1150 949 484 757 844 940 258 870 1125 767 1072 1305 685 609 373 952 0 1121 1118 628 1431 643 816 1010 54 702 652 744
445 1051 695 1005 750 108 648 832 1616 583 495 635 1565 626 714 695 1024 887 466 637 686 649 590 914 819 748 1121 0 161 547 699 772 324 623 1121 767 495 1007
442 1049 693 1003 665 104 646 830 1614 581 493 633 1563 624 711 692 1022 885 381 634 684 572 587 912 816 664 1118 161 0 545 614 770 322 620 1118 765 493 1005
476 559 252 513 314 631 680 339 1123 140 577 717 1072 183 271 776 532 969 551 194 768 731 322 422 851 378 628 547 545 0 857 279 406 704 628 849 288 1089
754 1361 1005 1315 917 642 958 1142 1926 893 377 568 1832 936 1024 617 1334 809 633 947 608 156 900 1224 1129 916 1431 699 614 857 0 1082 634 545 1431 866 805 978
491 462 477 387 539 856 695 322 1138 365 802 942 1087 408 496 1001 489 1194 776 419 993 956 337 173 865 603 643 772 770 279 1082 0 467 929 643 1074 303 1236
139 746 554 700 616 408 343 527 1311 443 354 494 1260 485 573 554 719 746 685 496 545 509 285 609 513 681 816 324 322 406 634 467 0 482 816 626 190 866
602 1188 853 1163 914 706 806 989 1505 741 217 263 1351 783 871 106 1161 298 980 794 167 419 747 1071 672 979 1010 623 620 704 545 929 482 0 1010 355 652 467
709 285 826 366 887 1204 528 448 535 714 1150 949 484 757 844 940 258 870 1125 767 1072 1305 685 609 373 952 54 1121 1118 628 1431 643 816 1010 0 702 652 744
721 880 997 962 1059 851 519 1016 1197 885 538 347 1058 928 1016 284 853 214 1125 938 417 740 891 1204 364 1123 702 767 765 849 866 1074 626 355 702 0 797 266
214 583 486 537 548 579 418 363 1147 374 524 665 1096 417 505 724 556 916 785 428 716 679 121 445 588 612 652 495 493 288 805 303 190 652 652 797 0 959
764 922 1237 1004 1299 1091 561 1058 1239 1125 650 586 1065 1168 1255 395 895 325 1365 1178 528 852 1054 1246 406 1363 744 1007 1005 1089 978 1236 866 467 744 266 959 0
EOF