NAME : tsp_problem
TYPE : TSP
DIMENSION : 32
EDGE_WEIGHT_TYPE : EXPLICIT
EDGE_WEIGHT_FORMAT : FULL_MATRIX
EDGE_WEIGHT_SECTION
0 1514 1844 1812 2153 1358 1577 1203 1071 798 1078 1073 2074 1260 246 832 773 949 249 1287 1955 583 748 801 583 423 1988 1577 1263 497 2207 795
1514 0 931 989 1133 1254 963 639 1023 998 808 763 1109 571 1624 1745 973 1692 1380 1271 823 971 948 1034 971 1242 1113 964 574 1588 1186 1117
1844 931 0 733 813 1059 768 745 829 1328 1138 811 789 901 1954 1550 1303 1497 1710 1076 503 1301 1278 1364 1301 1572 794 769 904 1679 866 1164
1812 989 733 0 371 639 348 712 796 1296 1106 779 292 869 1922 1397 1271 1344 1678 816 305 1269 1246 1332 1269 1540 246 349 872 1526 424 1132
2153 1133 813 371 0 934 643 1053 1137 1637 1447 1120 109 1210 2263 1705 1612 1652 2019 1111 423 1610 1587 1673 1610 1881 224 644 1213 1834 105 1449
1358 1254 1059 639 934 0 313 977 633 964 1244 914 901 1134 1465 880 938 827 1223 270 913 815 914 967 815 1086 768 314 1136 1009 987 643
1577 963 768 348 643 313 0 686 770 1182 1080 753 611 843 1686 1101 1157 1048 1443 490 623 1033 1132 1185 1033 1305 477 37 846 1230 697 861
1203 639 745 712 1053 977 686 0 487 686 496 452 974 385 1312 1208 661 1155 1069 994 855 659 636 722 659 931 888 687 388 1276 1107 805
1071 1023 829 796 1137 633 770 487 0 677 643 302 1058 769 1180 742 651 689 937 561 939 528 627 680 528 799 972 771 772 871 1191 356
798 998 1328 1296 1637 964 1182 686 677 0 311 556 1558 540 907 1073 79 1020 664 892 1439 255 103 61 254 526 1472 1183 534 871 1690 400
1078 808 1138 1106 1447 1244 1080 496 643 311 0 366 1368 281 1187 1353 336 1300 944 1172 1249 534 361 308 534 806 1282 1081 274 1151 1500 680
1073 763 811 779 1120 914 753 452 302 556 366 0 1041 509 1182 1023 531 971 939 843 922 529 506 592 529 801 955 754 512 1146 1174 638
2074 1109 789 292 109 901 611 974 1058 1558 1368 1041 0 1131 2184 1659 1533 1606 1940 1078 399 1531 1508 1594 1531 1802 201 612 1134 1788 162 1394
1260 571 901 869 1210 1134 843 385 769 540 281 509 1131 0 1369 1491 566 1438 1126 1151 1012 717 590 538 717 988 1045 844 53 1334 1264 862
246 1624 1954 1922 2263 1465 1686 1312 1180 907 1187 1182 2184 1369 0 846 882 962 264 1376 2064 692 857 910 692 454 2097 1686 1372 510 2316 904
832 1745 1550 1397 1705 880 1101 1208 742 1073 1353 1023 1659 1491 846 0 1048 136 604 791 1540 924 1023 1076 924 754 1538 1101 1493 389 1758 752
773 973 1303 1271 1612 938 1157 661 651 79 336 531 1533 566 882 1048 0 995 639 867 1413 229 100 87 229 501 1447 1157 559 846 1665 375
949 1692 1497 1344 1652 827 1048 1155 689 1020 1300 971 1606 1438 962 136 995 0 720 738 1487 871 970 1023 871 871 1486 1049 1440 506 1705 699
249 1380 1710 1678 2019 1223 1443 1069 937 664 944 939 1940 1126 264 604 639 720 0 1134 1821 449 614 667 449 211 1854 1443 1129 268 2073 661
1287 1271 1076 816 1111 270 490 994 561 892 1172 843 1078 1151 1376 791 867 738 1134 0 1059 743 842 895 743 1015 945 491 1153 920 1164 571
1955 823 503 305 423 913 623 855 939 1439 1249 922 399 1012 2064 1540 1413 1487 1821 1059 0 1412 1389 1475 1411 1683 366 624 1015 1669 476 1275
583 971 1301 1269 1610 815 1033 659 528 255 534 529 1531 717 692 924 229 871 449 743 1412 0 204 258 53 311 1445 1034 719 656 1663 251
748 948 1278 1246 1587 914 1132 636 627 103 361 506 1508 590 857 1023 100 970 614 842 1389 204 0 111 204 476 1422 1132 583 821 1640 350
801 1034 1364 1332 1673 967 1185 722 680 61 308 592 1594 538 910 1076 87 1023 667 895 1475 258 111 0 258 529 1508 1186 531 875 1726 403
583 971 1301 1269 1610 815 1033 659 528 254 534 529 1531 717 692 924 229 871 449 743 1411 53 204 258 0 311 1445 1033 719 656 1663 251
423 1242 1572 1540 1881 1086 1305 931 799 526 806 801 1802 988 454 754 501 871 211 1015 1683 311 476 529 311 0 1716 1305 991 419 1935 523
1988 1113 794 246 224 768 477 888 972 1472 1282 955 201 1045 2097 1538 1447 1486 1854 945 366 1445 1422 1508 1445 1716 0 478 1048 1668 278 1283
1577 964 769 349 644 314 37 687 771 1183 1081 754 612 844 1686 1101 1157 1049 1443 491 624 1034 1132 1186 1033 1305 478 0 847 1231 698 862
1263 574 904 872 1213 1136 846 388 772 534 274 512 1134 53 1372 1493 559 1440 1129 1153 1015 719 583 531 719 991 1048 847 0 1336 1266 865
497 1588 1679 1526 1834 1009 1230 1276 871 871 1151 1146 1788 1334 510 389 846 506 268 920 1669 656 821 875 656 419 1668 1231 1336 0 1887 868
2207 1186 866 424 105 987 697 1107 1191 1690 1500 1174 162 1264 2316 1758 1665 1705 2073 1164 476 1663 1640 1726 1663 1935 278 698 1266 1887 0 1503
795 1117 1164 1132 1449 643 861 805 356 400 680 638 1394 862 904 752 375 699 661 571 1275 251 350 403 251 523 1283 862 865 868 1503 0
EOF