NAME : tsp_problem
TYPE : TSP
DIMENSION : 86
EDGE_WEIGHT_TYPE : EXPLICIT
EDGE_WEIGHT_FORMAT : FULL_MATRIX
EDGE_WEIGHT_SECTION
0 1558 1173 736 1468 1551 924 2217 1350 1496 699 1158 1644 1293 983 1734 2112 1833 1069 1608 1165 845 1296 338 971 1722 1475 1839 1220 1073 847 401 605 1560 1618 1507 1784 947 1751 1685 1730 2158 797 366 823 1015 1608 2098 1599 1057 344 1117 1179 301 1393 1721 1680 1168 1298 1717 1242 694 1203 997 1726 1271 256 1044 1708 1540 815 107 1492 1509 1714 1765 1856 1203 1105 1103 2113 910 1681 1740 1297 1073
1558 0 765 958 182 672 907 798 679 209 1068 884 765 630 859 856 694 824 657 729 757 981 296 1387 847 843 550 785 946 640 858 1192 1225 681 199 220 383 752 419 806 311 740 871 1227 1156 975 730 680 180 891 1357 651 533 1291 684 842 801 568 298 838 579 1024 667 828 308 776 1376 1425 289 661 1011 1613 522 817 451 346 797 667 831 727 695 791 802 861 297 710
1173 765 0 818 843 1289 1007 1309 205 870 683 385 1382 304 529 1473 1205 1334 1102 1346 51 927 913 1002 517 1459 344 1296 447 520 929 807 840 1298 687 881 648 377 616 1423 636 1251 862 842 656 475 1347 1191 691 391 972 1023 413 907 254 1459 1418 448 915 1455 334 776 1125 328 819 124 991 1711 617 1278 897 1228 368 1434 578 671 1308 1125 331 666 1205 291 1419 1478 914 336
736 958 818 0 868 926 213 1652 995 896 577 803 1019 938 628 1109 1547 1208 358 983 810 177 696 509 616 1097 1120 1214 865 718 135 701 734 935 1053 906 1236 592 1273 1060 1165 1594 233 479 1075 894 983 1533 1034 810 478 405 824 544 1038 1096 1055 813 698 1092 887 91 491 747 1161 916 629 1405 1143 915 207 726 1137 797 1305 1200 1231 491 750 748 1548 555 1056 1115 697 718
1468 182 843 868 0 583 818 876 757 43 979 962 676 708 769 766 771 865 567 640 835 891 207 1298 757 754 627 862 1024 608 769 1102 1135 591 277 54 460 734 497 717 389 818 781 1137 1234 1052 640 757 258 969 1267 562 611 1202 761 753 712 645 208 749 657 935 577 905 385 853 1287 1335 367 572 921 1523 600 727 529 424 874 577 908 638 772 869 712 772 208 788
1551 672 1289 926 583 0 873 930 1247 610 1183 1408 367 1171 973 294 828 556 605 330 1281 948 410 1380 961 435 1118 556 1470 812 824 1306 1339 282 767 621 951 938 988 356 879 966 854 1220 1680 1499 166 1045 748 1415 1350 635 918 1284 1252 280 402 907 412 276 1119 992 615 1352 876 1344 1369 1373 857 32 978 1606 1090 765 1020 914 509 615 1355 842 829 1160 403 298 411 1064
924 907 1007 213 818 873 0 1599 1183 845 766 992 966 1127 816 1056 1496 1155 304 930 998 107 646 697 804 1044 1308 1161 1054 907 193 889 922 882 1002 856 1186 781 1223 1007 1114 1543 356 668 1263 1082 930 1483 984 999 666 354 1013 732 1227 1043 1002 1002 647 1039 1075 279 438 935 1111 1105 817 1352 1093 862 136 915 1325 744 1255 1149 1178 438 938 937 1497 743 1003 1062 647 907
2217 798 1309 1652 876 930 1599 0 1223 903 1727 1428 670 1174 1447 819 197 502 1331 687 1301 1675 990 2046 1435 627 1093 463 1490 1183 1550 1850 1883 754 743 914 926 1295 963 612 855 293 1565 1885 1700 1519 785 372 657 1435 2015 1345 1077 1950 1227 805 673 1111 992 801 1123 1718 1342 1371 519 1320 2035 2099 833 920 1704 2272 1066 1491 995 890 475 1342 1374 1330 129 1335 678 896 991 1254
1350 679 205 995 757 1247 1183 1223 0 784 860 562 1341 123 580 1431 1119 1249 1232 1304 217 1104 872 1179 568 1373 163 1210 624 473 1106 984 1017 1256 506 795 493 429 461 1358 455 1165 1039 1019 833 652 1305 1105 605 568 1149 1200 366 1084 73 1418 1376 401 873 1414 171 953 1242 505 733 121 1168 1888 436 1237 1074 1405 187 1392 423 490 1222 1242 508 620 1119 468 1377 1436 873 388
1496 209 870 896 43 610 845 903 784 0 1006 990 703 736 797 794 799 893 595 667 862 919 234 1325 785 781 655 890 1052 636 796 1130 1163 619 304 39 488 762 525 744 416 845 809 1165 1261 1080 668 785 285 997 1295 589 638 1229 789 780 739 673 236 776 684 962 605 933 413 881 1314 1363 394 599 949 1551 627 755 557 451 902 605 936 665 800 896 740 799 235 816
699 1068 683 577 979 1183 766 1727 860 1006 0 669 1276 803 493 1366 1623 1465 861 1239 675 687 807 762 481 1354 985 1471 731 584 688 316 268 1191 1128 1017 1294 458 1262 1316 1240 1669 622 601 853 759 1240 1609 1109 675 731 782 690 613 903 1353 1311 678 808 1349 752 535 884 612 1237 781 567 1223 1218 1172 657 754 1002 1297 1224 1275 1487 884 615 613 1623 420 1312 1371 808 583
1158 884 385 803 962 1408 992 1428 562 990 669 0 1501 505 648 1592 1324 1454 1087 1465 376 913 1032 988 636 1578 686 1415 83 639 914 792 825 1417 829 1000 995 496 963 1542 941 1370 848 827 641 460 1466 1310 810 377 957 1008 532 892 605 1578 1537 567 1034 1574 453 761 1110 313 938 483 976 1696 919 1397 883 1213 703 1523 925 976 1427 1110 121 786 1325 276 1538 1597 1033 455
1644 765 1382 1019 676 367 966 670 1341 703 1276 1501 0 1264 1066 550 567 226 698 54 1374 1041 504 1473 1054 294 1211 231 1563 905 917 1399 1432 121 860 714 1044 1031 1081 323 972 706 948 1313 1773 1592 424 785 841 1508 1443 728 1011 1377 1345 536 167 1000 505 532 1212 1085 708 1445 713 1437 1462 1466 950 356 1071 1699 1183 858 1113 1007 308 708 1448 935 568 1253 168 556 505 1157
1293 630 304 938 708 1171 1127 1174 123 736 803 505 1264 0 523 1354 1070 1200 1155 1228 316 1048 795 1123 512 1324 217 1161 567 385 1049 927 960 1179 560 746 547 372 515 1305 509 1116 982 962 776 595 1228 1056 556 512 1092 1143 278 1027 127 1341 1300 313 796 1337 75 896 1166 448 684 219 1111 1831 490 1160 1018 1348 241 1315 477 544 1173 1166 451 532 1071 411 1301 1360 796 331
983 859 529 628 769 973 816 1447 580 797 493 648 1066 523 0 1157 1343 1256 912 1030 521 737 597 812 201 1144 705 1261 710 374 739 617 649 982 848 808 1014 178 982 1107 960 1389 672 652 920 739 1031 1329 829 655 781 832 480 716 623 1143 1102 469 599 1139 472 586 934 591 957 595 801 1524 938 962 707 1038 722 1118 944 995 1278 935 595 404 1343 470 1103 1162 598 303
1734 856 1473 1109 766 294 1056 819 1431 794 1366 1592 550 1354 1157 0 716 483 788 514 1464 1132 594 1564 1145 323 1302 445 1654 995 1008 1490 1522 465 951 805 1134 1121 1171 245 1063 855 1038 1403 1864 1682 147 934 932 1599 1533 818 1101 1468 1435 34 458 1090 596 43 1303 1176 799 1535 861 1528 1553 1556 1041 283 1162 1789 1274 949 1203 1098 397 799 1538 1025 717 1343 464 259 595 1247
2112 694 1205 1547 771 828 1496 197 1119 799 1623 1324 567 1070 1343 716 0 400 1228 585 1196 1571 886 1942 1331 524 989 361 1386 1079 1448 1746 1779 651 638 810 822 1191 859 509 750 156 1461 1781 1595 1414 682 235 553 1331 1911 1241 972 1846 1123 703 570 1007 888 699 1018 1614 1239 1267 415 1215 1930 1996 729 817 1601 2167 961 1389 891 785 373 1239 1270 1226 93 1230 576 794 887 1150
1833 824 1334 1208 865 556 1155 502 1249 893 1465 1454 226 1200 1256 483 400 0 887 243 1326 1231 693 1663 1244 234 1119 64 1516 1094 1106 1589 1621 310 768 903 952 1220 989 264 880 538 1137 1502 1725 1544 449 617 683 1461 1632 917 1102 1567 1253 470 276 1137 695 466 1148 1275 898 1397 545 1345 1651 1655 858 545 1261 1888 1091 1048 1021 915 140 898 1400 1124 400 1360 282 561 694 1280
1069 657 1102 358 567 605 304 1331 1232 595 861 1087 698 1155 912 788 1228 887 0 662 1094 380 395 842 900 776 1102 893 1149 796 256 985 1018 614 752 605 935 877 972 739 864 1293 450 813 1359 1178 662 1232 733 1094 811 179 902 877 1236 775 734 891 396 771 1104 424 170 1031 860 1200 962 1084 842 594 410 1060 1075 476 1004 899 910 170 1034 826 1229 839 735 794 396 1002
1608 729 1346 983 640 330 930 687 1304 667 1239 1465 54 1228 1030 514 585 243 662 0 1338 1005 467 1437 1018 258 1175 249 1527 869 881 1363 1396 85 824 678 1008 995 1045 287 936 723 911 1277 1737 1556 388 802 805 1472 1406 692 975 1341 1309 500 131 964 469 496 1176 1049 672 1409 730 1401 1426 1430 914 320 1035 1663 1147 822 1077 971 307 672 1412 899 586 1217 132 519 468 1121
1165 757 51 810 835 1281 998 1301 217 862 675 376 1374 316 521 1464 1196 1326 1094 1338 0 919 905 994 509 1450 356 1287 438 511 921 799 831 1290 699 873 660 369 628 1415 648 1243 854 834 648 467 1338 1182 683 383 964 1014 405 898 266 1451 1410 440 907 1447 326 768 1117 320 810 136 983 1703 629 1270 889 1220 380 1425 590 683 1299 1117 323 658 1197 283 1411 1470 906 328
845 981 927 177 891 948 107 1675 1104 919 687 913 1041 1048 737 1132 1571 1231 380 1005 919 0 719 618 725 1119 1229 1237 975 828 158 810 843 957 1076 930 1260 702 1296 1082 1188 1617 320 589 1184 1003 1006 1557 1057 920 587 428 934 653 1148 1118 1077 922 721 1114 996 239 514 856 1185 1025 738 1428 1166 938 94 836 1246 820 1328 1223 1253 514 859 858 1572 664 1078 1137 720 828
1296 296 913 696 207 410 646 990 872 234 807 1032 504 795 597 594 886 693 395 467 905 719 0 1126 585 582 742 699 1094 436 597 930 963 419 391 245 575 562 612 544 503 932 609 965 1304 1123 468 872 372 1039 1095 389 542 1030 876 581 539 531 21 577 743 762 405 976 500 968 1114 1163 481 400 749 1351 714 555 644 538 715 405 979 466 887 784 540 599 20 688
338 1387 1002 509 1298 1380 697 2046 1179 1325 762 988 1473 1123 812 1564 1942 1663 842 1437 994 618 1126 0 800 1551 1304 1668 1050 903 620 497 701 1389 1447 1336 1613 777 1581 1514 1559 1988 570 191 920 1078 1438 1928 1428 995 70 890 1009 229 1223 1550 1509 997 1127 1546 1071 467 976 931 1556 1100 313 1156 1537 1369 588 328 1321 1282 1543 1594 1685 976 934 932 1942 739 1510 1569 1127 903
971 847 517 616 757 961 804 1435 568 785 481 636 1054 512 201 1145 1331 1244 900 1018 509 725 585 800 0 1132 693 1249 698 362 727 605 637 970 836 796 1002 166 970 1095 948 1377 660 640 908 727 1019 1317 817 643 769 820 468 704 612 1131 1090 457 587 1127 460 574 923 580 945 583 789 1512 926 950 695 1026 710 1106 932 983 1266 923 583 392 1332 458 1091 1150 586 291
1722 843 1459 1097 754 435 1044 627 1373 781 1354 1578 294 1324 1144 323 524 234 776 258 1450 1119 582 1551 1132 0 1243 201 1640 983 995 1477 1510 276 893 792 1076 1109 1113 97 1005 662 1026 1391 1850 1668 289 742 807 1585 1521 806 1089 1455 1377 310 203 1078 583 306 1272 1164 786 1521 669 1469 1540 1544 983 424 1149 1777 1215 936 1145 1040 205 786 1524 1013 525 1331 208 401 583 1235
1475 550 344 1120 627 1118 1308 1093 163 655 985 686 1211 217 705 1302 989 1119 1102 1175 356 1229 742 1304 693 1243 0 1080 748 441 1231 1109 1142 1127 377 666 364 553 332 1228 325 1035 1164 1144 958 777 1176 975 476 693 1274 1097 335 1208 167 1288 1247 370 744 1284 265 1078 1113 630 603 259 1293 1870 307 1107 1199 1530 57 1263 294 360 1092 1113 633 588 990 593 1248 1307 743 512
1839 785 1296 1214 862 556 1161 463 1210 890 1471 1415 231 1161 1261 445 361 64 893 249 1287 1237 699 1668 1249 201 1080 0 1477 1100 1112 1594 1627 316 729 901 913 1226 950 230 841 499 1143 1508 1686 1505 410 578 644 1422 1638 923 1063 1572 1214 431 242 1098 700 427 1109 1281 903 1358 506 1306 1657 1661 820 545 1266 1894 1052 1053 982 876 101 904 1361 1130 362 1322 248 522 700 1241
1220 946 447 865 1024 1470 1054 1490 624 1052 731 83 1563 567 710 1654 1386 1516 1149 1527 438 975 1094 1050 698 1640 748 1477 0 701 976 854 887 1479 891 1062 1057 558 1025 1604 1003 1432 910 889 703 522 1528 1372 872 439 1019 1070 594 954 667 1640 1599 629 1096 1636 515 823 1172 375 1000 545 1038 1758 981 1460 945 1275 766 1585 987 1038 1489 1172 183 848 1387 338 1600 1659 1095 517
1073 640 520 718 608 812 907 1183 473 636 584 639 905 385 374 995 1079 1094 796 869 511 828 436 903 362 983 441 1100 701 0 829 707 740 821 584 646 750 339 718 946 696 1125 763 742 910 729 869 1065 565 646 872 791 132 807 477 982 941 121 438 978 333 676 807 582 693 569 892 1564 674 801 798 1128 459 956 680 731 1117 807 585 173 1080 546 942 1001 437 465
847 858 929 135 769 824 193 1550 1106 796 688 914 917 1049 739 1008 1448 1106 256 881 921 158 597 620 727 995 1231 1112 976 829 0 812 844 833 954 807 1137 703 1174 958 1066 1494 278 590 1186 1005 881 1434 935 921 589 305 935 655 1149 994 953 924 598 990 998 202 389 857 1062 1027 740 1303 1044 813 188 837 1248 695 1206 1101 1129 389 861 859 1448 665 954 1013 598 829
401 1192 807 701 1102 1306 889 1850 984 1130 316 792 1399 927 617 1490 1746 1589 985 1363 799 810 930 497 605 1477 1109 1594 854 707 812 0 221 1315 1251 1141 1418 581 1385 1440 1363 1792 745 364 555 747 1364 1732 1233 789 467 905 813 315 1027 1476 1435 802 932 1472 876 659 1008 729 1360 905 269 925 1342 1295 780 456 1126 1421 1348 1399 1611 1008 738 737 1747 543 1436 1495 931 707
605 1225 840 734 1135 1339 922 1883 1017 1163 268 825 1432 960 649 1522 1779 1621 1018 1396 831 843 963 701 637 1510 1142 1627 887 740 844 221 0 1348 1284 1173 1450 614 1418 1473 1396 1825 778 567 759 915 1396 1765 1265 832 670 938 846 519 1060 1509 1468 835 965 1505 908 691 1040 768 1393 938 473 1129 1374 1328 813 659 1159 1454 1381 1431 1644 1040 771 770 1780 576 1469 1528 964 740
1560 681 1298 935 591 282 882 754 1256 619 1191 1417 121 1179 982 465 651 310 614 85 1290 957 419 1389 970 276 1127 316 1479 821 833 1315 1348 0 776 630 959 947 996 239 888 790 863 1228 1689 1508 340 869 757 1424 1358 644 927 1293 1261 452 157 915 421 448 1128 1001 624 1360 797 1353 1378 1382 866 272 987 1614 1099 774 1028 923 333 624 1363 850 652 1169 157 471 420 1072
1618 199 687 1053 277 767 1002 743 506 304 1128 829 860 560 848 951 638 768 752 824 699 1076 391 1447 836 893 377 729 891 584 954 1251 1284 776 0 315 209 696 246 878 138 685 966 1286 1101 920 825 624 125 836 1416 746 478 1351 511 937 896 512 393 933 524 1119 762 772 252 603 1436 1520 116 756 1106 1673 349 912 278 173 742 762 775 731 639 736 897 956 392 655
1507 220 881 906 54 621 856 914 795 39 1017 1000 714 746 808 805 810 903 605 678 873 930 245 1336 796 792 666 901 1062 646 807 1141 1173 630 315 0 498 772 535 755 427 856 820 1176 1272 1091 678 796 296 1007 1305 600 649 1240 800 791 750 684 247 787 695 973 616 944 424 892 1325 1373 405 610 959 1562 638 765 567 462 913 616 947 676 811 907 751 810 246 826
1784 383 648 1236 460 951 1186 926 493 488 1294 995 1044 547 1014 1134 822 952 935 1008 660 1260 575 1613 1002 1076 364 913 1057 750 1137 1418 1450 959 209 498 0 862 81 1061 97 868 1149 1453 1267 1086 1008 808 308 1002 1582 930 644 1517 445 1121 1080 678 576 1117 595 1303 945 938 436 590 1602 1703 139 940 1289 1839 337 1095 113 71 925 946 942 897 823 902 1080 1140 576 821
947 752 377 592 734 938 781 1295 429 762 458 496 1031 372 178 1121 1191 1220 877 995 369 702 562 777 166 1109 553 1226 558 339 703 581 614 947 696 772 862 0 830 1072 808 1237 637 616 768 587 995 1177 677 503 746 797 399 681 472 1108 1067 434 563 1104 320 550 899 440 805 443 766 1488 786 927 672 1002 571 1082 792 843 1243 899 443 369 1192 403 1068 1127 563 152
1751 419 616 1273 497 988 1223 963 461 525 1262 963 1081 515 982 1171 859 989 972 1045 628 1296 612 1581 970 1113 332 950 1025 718 1174 1385 1418 996 246 535 81 830 0 1098 134 905 1186 1420 1235 1053 1045 845 345 970 1550 967 611 1485 413 1158 1116 646 613 1154 563 1340 982 906 473 557 1570 1740 176 977 1326 1806 304 1132 122 108 962 982 909 865 860 870 1117 1176 613 789
1685 806 1423 1060 717 356 1007 612 1358 744 1316 1542 323 1305 1107 245 509 264 739 287 1415 1082 544 1514 1095 97 1228 230 1604 946 958 1440 1473 239 878 755 1061 1072 1098 0 990 647 988 1354 1814 1633 211 727 792 1549 1483 769 1052 1418 1362 231 232 1041 546 227 1253 1126 749 1486 654 1454 1503 1507 968 346 1112 1740 1201 899 1130 1025 190 749 1489 976 510 1294 238 322 545 1197
1730 311 636 1165 389 879 1114 855 455 416 1240 941 972 509 960 1063 750 880 864 936 648 1188 503 1559 948 1005 325 841 1003 696 1066 1363 1396 888 138 427 97 808 134 990 0 797 1078 1398 1213 1031 937 736 237 948 1528 858 590 1463 459 1049 1008 624 505 1045 557 1231 874 884 364 551 1548 1632 68 868 1218 1784 297 1024 166 61 853 874 887 843 751 848 1009 1068 504 767
2158 740 1251 1594 818 966 1543 293 1165 845 1669 1370 706 1116 1389 855 156 538 1293 723 1243 1617 932 1988 1377 662 1035 499 1432 1125 1494 1792 1825 790 685 856 868 1237 905 647 797 0 1507 1827 1642 1460 820 188 599 1377 1957 1287 1018 1892 1169 841 709 1053 934 837 1064 1660 1303 1313 461 1261 1977 2061 775 955 1647 2213 1007 1453 937 832 511 1303 1316 1272 232 1277 714 932 933 1196
797 871 862 233 781 854 356 1565 1039 809 622 848 948 982 672 1038 1461 1137 450 911 854 320 609 570 660 1026 1164 1143 910 763 278 745 778 863 966 820 1149 637 1186 988 1078 1507 0 541 1119 938 912 1447 947 854 540 371 869 605 1082 1025 983 857 611 1021 931 191 473 791 1075 960 690 1497 1056 844 313 788 1181 890 1218 1113 1159 473 794 792 1461 599 984 1043 610 762
366 1227 842 479 1137 1220 668 1885 1019 1165 601 827 1313 962 652 1403 1781 1502 813 1277 834 589 965 191 640 1391 1144 1508 889 742 590 364 567 1228 1286 1176 1453 616 1420 1354 1398 1827 541 0 786 918 1277 1767 1268 834 160 812 848 95 1062 1390 1349 837 967 1386 911 437 915 770 1395 940 180 1022 1377 1209 559 421 1161 1252 1383 1433 1524 915 773 772 1782 578 1349 1409 966 742
823 1156 656 1075 1234 1680 1263 1700 833 1261 853 641 1773 776 920 1864 1595 1725 1359 1737 648 1184 1304 920 908 1850 958 1686 703 910 1186 555 759 1689 1101 1272 1267 768 1235 1814 1213 1642 1119 786 0 292 1737 1581 1082 334 889 1279 804 737 876 1850 1809 839 1306 1846 725 1033 1382 356 1209 754 692 1347 1191 1669 1154 878 975 1795 1197 1248 1698 1382 588 1057 1596 548 1810 1869 1305 727
1015 975 475 894 1052 1499 1082 1519 652 1080 759 460 1592 595 739 1682 1414 1544 1178 1556 467 1003 1123 1078 727 1668 777 1505 522 729 1005 747 915 1508 920 1091 1086 587 1053 1633 1031 1460 938 918 292 0 1556 1400 901 153 1047 1098 623 929 695 1669 1628 657 1124 1665 544 852 1200 175 1028 573 884 1539 1010 1488 973 1070 794 1614 1016 1067 1517 1201 407 876 1415 367 1629 1688 1124 546
1608 730 1347 983 640 166 930 785 1305 668 1240 1466 424 1228 1031 147 682 449 662 388 1338 1006 468 1438 1019 289 1176 410 1528 869 881 1364 1396 340 825 678 1008 995 1045 211 937 820 912 1277 1737 1556 0 900 806 1473 1407 692 975 1342 1309 134 424 964 470 130 1177 1050 673 1409 827 1402 1426 1430 915 155 1036 1663 1148 823 1077 972 363 673 1412 899 683 1217 430 151 469 1121
2098 680 1191 1533 757 1045 1483 372 1105 785 1609 1310 785 1056 1329 934 235 617 1232 802 1182 1557 872 1928 1317 742 975 578 1372 1065 1434 1732 1765 869 624 796 808 1177 845 727 736 188 1447 1767 1581 1400 900 0 539 1317 1897 1227 958 1832 1109 920 788 993 874 916 1004 1600 1243 1253 401 1201 1917 2000 715 1035 1587 2153 947 1393 877 772 590 1243 1256 1212 311 1217 793 1011 873 1136
1599 180 691 1034 258 748 984 657 605 285 1109 810 841 556 829 932 553 683 733 805 683 1057 372 1428 817 807 476 644 872 565 935 1233 1265 757 125 296 308 677 345 792 237 599 947 1268 1082 901 806 539 0 817 1397 727 459 1332 609 918 853 493 374 914 505 1100 743 753 167 702 1417 1501 215 738 1087 1654 448 893 377 272 656 743 757 712 554 717 859 937 373 636
1057 891 391 810 969 1415 999 1435 568 997 675 377 1508 512 655 1599 1331 1461 1094 1472 383 920 1039 995 643 1585 693 1422 439 646 921 789 832 1424 836 1007 1002 503 970 1549 948 1377 854 834 334 153 1473 1317 817 0 964 1015 539 899 612 1585 1544 574 1041 1581 460 768 1117 91 945 489 926 1581 926 1404 890 1112 710 1530 932 983 1434 1117 323 793 1332 283 1545 1604 1040 462
344 1357 972 478 1267 1350 666 2015 1149 1295 731 957 1443 1092 781 1533 1911 1632 811 1406 964 587 1095 70 769 1521 1274 1638 1019 872 589 467 670 1358 1416 1305 1582 746 1550 1483 1528 1957 540 160 889 1047 1407 1897 1397 964 0 859 978 198 1192 1520 1478 967 1097 1516 1041 436 945 900 1525 1070 283 1125 1506 1339 557 334 1291 1251 1513 1563 1654 945 903 902 1912 708 1479 1538 1096 872
1117 651 1023 405 562 635 354 1345 1200 589 782 1008 728 1143 832 818 1241 917 179 692 1014 428 389 890 820 806 1097 923 1070 791 305 905 938 644 746 600 930 797 967 769 858 1287 371 812 1279 1098 692 1227 727 1015 859 0 897 877 1231 805 764 886 391 801 1091 472 133 951 855 1121 962 1158 836 624 458 1107 1069 550 999 893 940 133 954 821 1242 759 765 824 390 923
1179 533 413 824 611 918 1013 1077 366 638 690 532 1011 278 480 1101 972 1102 902 975 405 934 542 1009 468 1089 335 1063 594 132 935 813 846 927 478 649 644 399 611 1052 590 1018 869 848 804 623 975 958 459 539 978 897 0 913 371 1088 1047 60 543 1084 227 782 913 476 586 463 997 1670 568 907 904 1234 352 1062 574 625 1075 913 479 279 973 439 1048 1107 543 358
301 1291 907 544 1202 1284 732 1950 1084 1229 613 892 1377 1027 716 1468 1846 1567 877 1341 898 653 1030 229 704 1455 1208 1572 954 807 655 315 519 1293 1351 1240 1517 681 1485 1418 1463 1892 605 95 737 929 1342 1832 1332 899 198 877 913 0 1127 1454 1413 902 1031 1450 975 502 979 835 1460 1005 115 958 1441 1273 623 356 1226 1317 1447 1498 1589 979 838 837 1847 643 1414 1473 1031 807
1393 684 254 1038 761 1252 1227 1227 73 789 903 605 1345 127 623 1435 1123 1253 1236 1309 266 1148 876 1223 612 1377 167 1214 667 477 1149 1027 1060 1261 511 800 445 472 413 1362 459 1169 1082 1062 876 695 1309 1109 609 612 1192 1231 371 1127 0 1422 1381 405 877 1418 175 996 1247 548 737 170 1211 1931 441 1241 1118 1448 191 1396 375 489 1226 1247 551 624 1124 511 1382 1441 877 431
1721 842 1459 1096 753 280 1043 805 1418 780 1353 1578 536 1341 1143 34 703 470 775 500 1451 1118 581 1550 1131 310 1288 431 1640 982 994 1476 1509 452 937 791 1121 1108 1158 231 1049 841 1025 1390 1850 1669 134 920 918 1585 1520 805 1088 1454 1422 0 445 1077 582 29 1289 1163 785 1522 848 1514 1539 1543 1028 269 1148 1776 1260 935 1190 1084 384 785 1525 1012 703 1330 450 246 582 1234
1680 801 1418 1055 712 402 1002 673 1376 739 1311 1537 167 1300 1102 458 570 276 734 131 1410 1077 539 1509 1090 203 1247 242 1599 941 953 1435 1468 157 896 750 1080 1067 1116 232 1008 709 983 1349 1809 1628 424 788 853 1544 1478 764 1047 1413 1381 445 0 1036 541 441 1248 1121 744 1480 715 1473 1498 1502 986 392 1107 1735 1219 894 1149 1043 251 744 1484 971 571 1289 88 536 540 1192
1168 568 448 813 645 907 1002 1111 401 673 678 567 1000 313 469 1090 1007 1137 891 964 440 922 531 997 457 1078 370 1098 629 121 924 802 835 915 512 684 678 434 646 1041 624 1053 857 837 839 657 964 993 493 574 967 886 60 902 405 1077 1036 0 532 1073 262 771 901 510 621 498 986 1659 603 896 892 1223 387 1051 609 659 1110 902 513 267 1008 474 1036 1096 532 393
1298 298 915 698 208 412 647 992 873 236 808 1034 505 796 599 596 888 695 396 469 907 721 21 1127 587 583 744 700 1096 438 598 932 965 421 393 247 576 563 613 546 505 934 611 967 1306 1124 470 874 374 1041 1097 391 543 1031 877 582 541 532 0 578 745 764 407 977 502 970 1116 1164 483 401 751 1353 716 557 645 540 717 407 980 467 888 786 542 601 22 689
1717 838 1455 1092 749 276 1039 801 1414 776 1349 1574 532 1337 1139 43 699 466 771 496 1447 1114 577 1546 1127 306 1284 427 1636 978 990 1472 1505 448 933 787 1117 1104 1154 227 1045 837 1021 1386 1846 1665 130 916 914 1581 1516 801 1084 1450 1418 29 441 1073 578 0 1285 1159 781 1518 844 1510 1535 1539 1023 265 1144 1772 1256 931 1186 1080 380 781 1521 1008 699 1326 446 242 578 1230
1242 579 334 887 657 1119 1075 1123 171 684 752 453 1212 75 472 1303 1018 1148 1104 1176 326 996 743 1071 460 1272 265 1109 515 333 998 876 908 1128 524 695 595 320 563 1253 557 1064 931 911 725 544 1177 1004 505 460 1041 1091 227 975 175 1289 1248 262 745 1285 0 845 1114 397 632 268 1060 1780 539 1109 966 1297 289 1264 526 592 1121 1114 400 480 1019 360 1249 1308 744 279
694 1024 776 91 935 992 279 1718 953 962 535 761 1085 896 586 1176 1614 1275 424 1049 768 239 762 467 574 1164 1078 1281 823 676 202 659 691 1001 1119 973 1303 550 1340 1126 1231 1660 191 437 1033 852 1050 1600 1100 768 436 472 782 502 996 1163 1121 771 764 1159 845 0 558 704 1228 874 587 1429 1209 982 209 684 1095 864 1317 1266 1297 558 708 706 1615 512 1122 1181 763 676
1203 667 1125 491 577 615 438 1342 1242 605 884 1110 708 1166 934 799 1239 898 170 672 1117 514 405 976 923 786 1113 903 1172 807 389 1008 1040 624 762 616 945 899 982 749 874 1303 473 915 1382 1200 673 1243 743 1117 945 133 913 979 1247 785 744 901 407 781 1114 558 0 1053 871 1223 1064 1094 852 605 543 1193 1085 487 1014 909 920 67 1056 836 1240 861 745 804 406 1025
997 828 328 747 905 1352 935 1371 505 933 612 313 1445 448 591 1535 1267 1397 1031 1409 320 856 976 931 580 1521 630 1358 375 582 857 729 768 1360 772 944 938 440 906 1486 884 1313 791 770 356 175 1409 1253 753 91 900 951 476 835 548 1522 1480 510 977 1518 397 704 1053 0 881 426 866 1521 862 1341 826 1052 647 1467 869 919 1370 1053 259 729 1268 220 1481 1541 977 399
1726 308 819 1161 385 876 1111 519 733 413 1237 938 713 684 957 861 415 545 860 730 810 1185 500 1556 945 669 603 506 1000 693 1062 1360 1393 797 252 424 436 805 473 654 364 461 1075 1395 1209 1028 827 401 167 945 1525 855 586 1460 737 848 715 621 502 844 632 1228 871 881 0 829 1544 1628 342 865 1214 1781 575 1020 505 399 518 871 884 840 416 844 721 939 501 764
1271 776 124 916 853 1344 1105 1320 121 881 781 483 1437 219 595 1528 1215 1345 1200 1401 136 1025 968 1100 583 1469 259 1306 545 569 1027 905 938 1353 603 892 590 443 557 1454 551 1261 960 940 754 573 1402 1201 702 489 1070 1121 463 1005 170 1514 1473 498 970 1510 268 874 1223 426 829 0 1089 1809 533 1333 995 1326 283 1489 520 586 1318 1223 429 716 1216 389 1474 1533 969 402
256 1376 991 629 1287 1369 817 2035 1168 1314 567 976 1462 1111 801 1553 1930 1651 962 1426 983 738 1114 313 789 1540 1293 1657 1038 892 740 269 473 1378 1436 1325 1602 766 1570 1503 1548 1977 690 180 692 884 1426 1917 1417 926 283 962 997 115 1211 1539 1498 986 1116 1535 1060 587 1064 866 1544 1089 0 912 1526 1358 708 311 1310 1402 1532 1583 1674 1064 923 921 1931 728 1499 1558 1115 891
1094 1425 1745 1405 1335 1373 1352 2099 1922 1363 1257 1730 1466 1865 1557 1556 1996 1655 1084 1430 1737 1428 1163 1207 1545 1544 1870 1661 1792 1564 1303 959 1162 1382 1520 1373 1703 1522 1740 1507 1632 2061 1497 1073 1381 1573 1430 2000 1501 1615 1176 1158 1670 1009 1965 1543 1502 1659 1164 1539 1814 1472 1094 1555 1628 1843 963 0 1610 1362 1457 1149 1843 627 1772 1667 1678 1095 1677 1594 1997 1484 1503 1562 1164 1648
1708 289 617 1143 367 857 1093 833 436 394 1218 919 950 490 938 1041 729 858 842 914 629 1166 481 1537 926 983 307 820 981 674 1044 1342 1374 866 116 405 139 786 176 968 68 775 1056 1377 1191 1010 915 715 215 926 1506 836 568 1441 441 1028 986 603 483 1023 539 1209 852 862 342 533 1526 1610 0 847 1196 1763 279 1002 208 103 832 852 866 821 729 826 987 1046 482 745
1540 661 1278 915 572 32 862 920 1237 599 1172 1397 356 1160 962 283 817 545 594 320 1270 938 400 1369 950 424 1107 545 1460 801 813 1295 1328 272 756 610 940 927 977 346 868 955 844 1209 1669 1488 155 1035 738 1404 1339 624 907 1273 1241 269 392 896 401 265 1109 982 605 1341 865 1333 1358 1362 847 0 967 1595 1079 754 1009 904 498 605 1344 831 818 1149 393 287 401 1053
815 1011 897 207 921 978 136 1704 1074 949 657 883 1071 1018 707 1162 1601 1261 410 1035 889 94 749 588 695 1149 1199 1266 945 798 188 780 813 987 1106 959 1289 672 1326 1112 1218 1647 313 559 1154 973 1036 1587 1087 890 557 458 904 623 1118 1148 1107 892 751 1144 966 209 543 826 1214 995 708 1457 1196 967 0 806 1216 849 1358 1253 1283 543 829 828 1601 634 1108 1167 750 798
107 1613 1228 726 1523 1606 915 2272 1405 1551 754 1213 1699 1348 1038 1789 2167 1888 1060 1663 1220 836 1351 328 1026 1777 1530 1894 1275 1128 837 456 659 1614 1673 1562 1839 1002 1806 1740 1784 2213 788 421 878 1070 1663 2153 1654 1112 334 1107 1234 356 1448 1776 1735 1223 1353 1772 1297 684 1193 1052 1781 1326 311 1099 1763 1595 806 0 1547 1499 1769 1820 1911 1193 1160 1158 2168 964 1735 1795 1352 1128
1492 522 368 1137 600 1090 1325 1066 187 627 1002 703 1183 241 722 1274 961 1091 1075 1147 380 1246 714 1321 710 1215 57 1052 766 459 1248 1126 1159 1099 349 638 337 571 304 1201 297 1007 1181 1161 975 794 1148 947 448 710 1291 1069 352 1226 191 1260 1219 387 716 1256 289 1095 1085 647 575 283 1310 1843 279 1079 1216 1547 0 1235 267 333 1064 1085 650 605 962 610 1220 1279 715 529
1509 817 1434 797 727 765 744 1491 1392 755 1297 1523 858 1315 1118 949 1389 1048 476 822 1425 820 555 1282 1106 936 1263 1053 1585 956 695 1421 1454 774 912 765 1095 1082 1132 899 1024 1453 890 1252 1795 1614 823 1393 893 1530 1251 550 1062 1317 1396 935 894 1051 557 931 1264 864 487 1467 1020 1489 1402 627 1002 754 849 1499 1235 0 1164 1059 1070 487 1470 986 1389 1275 895 954 556 1208
1714 451 578 1305 529 1020 1255 995 423 557 1224 925 1113 477 944 1203 891 1021 1004 1077 590 1328 644 1543 932 1145 294 982 987 680 1206 1348 1381 1028 278 567 113 792 122 1130 166 937 1218 1383 1197 1016 1077 877 377 932 1513 999 574 1447 375 1190 1149 609 645 1186 526 1317 1014 869 505 520 1532 1772 208 1009 1358 1769 267 1164 0 140 994 1015 872 827 892 832 1149 1209 645 751
1765 346 671 1200 424 914 1149 890 490 451 1275 976 1007 544 995 1098 785 915 899 971 683 1223 538 1594 983 1040 360 876 1038 731 1101 1399 1431 923 173 462 71 843 108 1025 61 832 1113 1433 1248 1067 972 772 272 983 1563 893 625 1498 489 1084 1043 659 540 1080 592 1266 909 919 399 586 1583 1667 103 904 1253 1820 333 1059 140 0 889 909 922 878 786 883 1044 1103 539 802
1856 797 1308 1231 874 509 1178 475 1222 902 1487 1427 308 1173 1278 397 373 140 910 307 1299 1253 715 1685 1266 205 1092 101 1489 1117 1129 1611 1644 333 742 913 925 1243 962 190 853 511 1159 1524 1698 1517 363 590 656 1434 1654 940 1075 1589 1226 384 251 1110 717 380 1121 1297 920 1370 518 1318 1674 1678 832 498 1283 1911 1064 1070 994 889 0 920 1373 1147 374 1334 257 475 716 1253
1203 667 1125 491 577 615 438 1342 1242 605 884 1110 708 1166 935 799 1239 898 170 672 1117 514 405 976 923 786 1113 904 1172 807 389 1008 1040 624 762 616 946 899 982 749 874 1303 473 915 1382 1201 673 1243 743 1117 945 133 913 979 1247 785 744 902 407 781 1114 558 67 1053 871 1223 1064 1095 852 605 543 1193 1085 487 1015 909 920 0 1056 837 1240 861 745 804 406 1025
1105 831 331 750 908 1355 938 1374 508 936 615 121 1448 451 595 1538 1270 1400 1034 1412 323 859 979 934 583 1524 633 1361 183 585 861 738 771 1363 775 947 942 443 909 1489 887 1316 794 773 588 407 1412 1256 757 323 903 954 479 838 551 1525 1484 513 980 1521 400 708 1056 259 884 429 923 1643 866 1344 829 1160 650 1470 872 922 1373 1056 0 732 1271 223 1484 1544 980 402
1103 727 666 748 638 842 937 1330 620 665 613 786 935 532 404 1025 1226 1124 826 899 658 858 466 932 392 1013 588 1130 848 173 859 737 770 850 731 676 897 369 865 976 843 1272 792 772 1057 876 899 1212 712 793 902 821 279 837 624 1012 971 267 467 1008 480 706 836 729 840 716 921 1594 821 831 828 1158 605 986 827 878 1147 837 732 0 1227 591 971 1031 467 494
2113 695 1205 1548 772 829 1497 129 1119 800 1623 1325 568 1071 1343 717 93 400 1229 586 1197 1572 887 1942 1332 525 990 362 1387 1080 1448 1747 1780 652 639 811 823 1192 860 510 751 232 1461 1782 1596 1415 683 311 554 1332 1912 1242 973 1847 1124 703 571 1008 888 699 1019 1615 1240 1268 416 1216 1931 1997 729 818 1601 2168 962 1389 892 786 374 1240 1271 1227 0 1231 577 795 888 1151
910 791 291 555 869 1160 743 1335 468 896 420 276 1253 411 470 1343 1230 1360 839 1217 283 664 784 739 458 1331 593 1322 338 546 665 543 576 1169 736 907 902 403 870 1294 848 1277 599 578 548 367 1217 1217 717 283 708 759 439 643 511 1330 1289 474 786 1326 360 512 861 220 844 389 728 1450 826 1149 634 964 610 1275 832 883 1334 861 223 591 1231 0 1290 1349 785 362
1681 802 1419 1056 712 403 1003 678 1377 740 1312 1538 168 1301 1103 464 576 282 735 132 1411 1078 540 1510 1091 208 1248 248 1600 942 954 1436 1469 157 897 751 1080 1068 1117 238 1009 714 984 1349 1810 1629 430 793 859 1545 1479 765 1048 1414 1382 450 88 1036 542 446 1249 1122 745 1481 721 1474 1499 1503 987 393 1108 1735 1220 895 1149 1044 257 745 1484 971 577 1290 0 542 541 1193
1740 861 1478 1115 772 298 1062 896 1436 799 1371 1597 556 1360 1162 259 794 561 794 519 1470 1137 599 1569 1150 401 1307 522 1659 1001 1013 1495 1528 471 956 810 1140 1127 1176 322 1068 932 1043 1409 1869 1688 151 1011 937 1604 1538 824 1107 1473 1441 246 536 1096 601 242 1308 1181 804 1541 939 1533 1558 1562 1046 287 1167 1795 1279 954 1209 1103 475 804 1544 1031 795 1349 542 0 600 1252
1297 297 914 697 208 411 647 991 873 235 808 1033 505 796 598 595 887 694 396 468 906 720 20 1127 586 583 743 700 1095 437 598 931 964 420 392 246 576 563 613 545 504 933 610 966 1305 1124 469 873 373 1040 1096 390 543 1031 877 582 540 532 22 578 744 763 406 977 501 969 1115 1164 482 401 750 1352 715 556 645 539 716 406 980 467 888 785 541 600 0 689
1073 710 336 718 788 1064 907 1254 388 816 583 455 1157 331 303 1247 1150 1280 1002 1121 328 828 688 903 291 1235 512 1241 517 465 829 707 740 1072 655 826 821 152 789 1197 767 1196 762 742 727 546 1121 1136 636 462 872 923 358 807 431 1234 1192 393 689 1230 279 676 1025 399 764 402 891 1614 745 1053 798 1128 529 1208 751 802 1253 1025 402 494 1151 362 1193 1252 689 0
EOF