NAME : tsp_problem
TYPE : TSP
DIMENSION : 80
EDGE_WEIGHT_TYPE : EXPLICIT
EDGE_WEIGHT_FORMAT : FULL_MATRIX
EDGE_WEIGHT_SECTION
0 548 1333 778 212 836 722 1410 1151 1515 733 1653 854 832 1118 1639 1552 684 881 859 361 1223 954 1708 870 808 454 883 870 94 725 943 772 722 1107 686 1521 949 1661 945 1133 1070 1345 1061 917 152 196 610 1192 1638 1130 260 1666 622 577 1701 750 615 834 723 800 882 1608 489 920 1085 118 641 1176 1056 128 807 1345 638 220 557 1354 742 835 835
548 0 875 320 512 378 264 952 693 1073 275 1195 396 1027 676 1197 1093 416 422 361 242 1153 1074 1266 412 782 385 424 1065 494 266 873 443 393 637 879 1063 879 1203 460 675 628 1085 602 1217 452 497 540 733 1196 1061 736 1224 293 62 1421 235 286 376 265 292 388 1166 419 1075 599 545 182 1107 596 555 424 1085 265 359 772 896 283 376 765
1333 875 0 724 1297 655 924 136 218 1006 935 725 673 1812 796 784 623 1211 1083 978 1027 1220 1859 866 689 1567 1170 1085 1850 1279 926 1244 1228 1169 678 1664 247 1238 733 708 236 843 1143 632 2002 1237 1282 1325 160 1110 1240 1521 1063 1078 904 1478 1030 1071 781 796 876 807 814 1204 1860 746 1330 842 1195 627 1341 1084 1143 1060 1144 1558 80 944 781 1550
778 320 724 0 743 227 369 802 543 951 380 1045 246 1257 616 1075 943 534 528 302 472 1040 1304 1144 236 1012 615 530 1295 724 371 1064 673 614 377 1110 913 1058 1053 200 525 663 963 342 1447 683 727 770 583 1074 1060 967 1101 524 349 1298 353 516 123 241 199 130 1044 649 1305 340 775 287 1016 336 786 529 963 383 590 1003 746 389 123 996
212 512 1297 743 0 800 687 1375 1116 1480 698 1618 819 972 1082 1603 1516 649 845 823 325 1187 1094 1672 835 816 419 847 1010 157 689 907 736 687 1072 826 1486 913 1626 909 1097 1035 1310 1025 1057 116 88 574 1156 1603 1095 400 1630 587 542 1798 714 579 799 688 764 847 1573 453 1060 1049 169 605 1141 1020 156 771 1310 602 184 697 1319 706 799 799
836 378 655 227 800 0 427 732 473 881 438 975 67 1315 547 1005 873 597 586 366 530 971 1362 1074 84 1070 673 588 1353 782 429 995 731 672 314 1167 843 988 983 136 455 593 893 279 1505 740 785 828 514 1004 991 1024 1032 581 407 1229 416 574 214 299 263 194 974 707 1363 276 833 345 946 273 844 587 893 446 647 1061 676 447 213 1054
722 264 924 369 687 427 0 1002 742 867 123 1058 445 960 469 991 1143 640 216 529 416 956 1007 1060 461 715 559 218 997 668 114 806 446 302 698 812 1112 812 1054 536 724 422 879 652 1150 627 671 544 783 990 976 911 1017 468 293 1214 458 416 425 314 391 473 960 545 1008 676 720 232 932 647 730 218 879 489 534 705 945 77 426 698
1410 952 136 802 1375 732 1002 0 296 914 1013 633 750 1890 873 692 531 1289 1160 1055 1104 1297 1937 774 767 1645 1247 1162 1927 1356 1004 1321 1306 1246 756 1742 155 1315 641 786 313 920 1220 709 2080 1315 1359 1403 237 1018 1317 1599 971 1156 982 1555 1107 1149 858 874 954 885 722 1282 1938 824 1408 920 1273 705 1418 1162 1220 1137 1222 1635 78 1021 859 1628
1151 693 218 543 1116 473 742 296 0 825 753 544 491 1630 614 604 442 1029 901 796 845 1038 1677 686 507 1385 988 903 1668 1097 744 1062 1046 987 497 1483 406 1056 552 526 54 661 961 450 1820 1056 1100 1144 77 930 1058 1340 883 897 722 1296 848 889 599 614 695 625 634 1022 1678 564 1148 660 1013 445 1159 902 961 878 963 1376 240 762 599 1369
1515 1073 1006 951 1480 881 867 914 825 0 933 307 900 1348 418 364 401 1438 796 1205 1209 693 1361 308 916 1103 1089 798 1386 1461 924 735 956 812 905 1322 831 729 412 935 837 465 599 858 1505 1420 1464 1054 866 143 713 1540 271 1036 1103 934 1257 926 1007 1023 1103 1034 209 1055 1362 973 1513 1041 669 854 1523 728 599 1287 1327 1215 947 816 1008 1053
733 275 935 380 698 438 123 1013 753 933 0 1124 456 1025 535 1056 1154 651 282 540 427 1022 1072 1125 473 780 570 284 1063 679 67 871 512 367 710 877 1123 877 1120 547 735 487 944 663 1215 638 682 609 794 1055 1042 922 1083 479 304 1280 470 472 436 326 402 484 1025 605 1073 687 731 243 997 658 741 283 945 500 545 771 957 143 437 763
1653 1195 725 1045 1618 975 1058 633 544 307 1124 0 993 1540 609 324 120 1531 988 1298 1347 885 1552 168 1009 1295 1280 990 1577 1599 1115 927 1147 1003 999 1513 550 921 132 1029 556 656 790 952 1697 1558 1602 1245 585 412 905 1731 365 1227 1224 1125 1350 1117 1101 1116 1197 1127 116 1246 1553 1066 1650 1162 860 947 1661 919 790 1380 1465 1407 667 1007 1101 1244
854 396 673 246 819 67 445 750 491 900 456 993 0 1333 565 1023 891 579 604 348 548 989 1380 1092 102 1088 691 606 1371 800 447 1013 749 690 296 1186 861 1007 1001 118 473 611 912 261 1523 759 803 847 532 1023 1009 1043 1050 600 425 1247 398 592 196 315 245 175 992 725 1381 258 851 363 964 255 862 605 912 428 666 1079 694 465 195 1072
832 1027 1812 1257 972 1315 960 1890 1630 1348 1025 1540 1333 0 1072 1472 1633 1164 889 1338 840 789 285 1541 1350 271 670 891 76 854 1016 685 797 677 1587 686 2000 691 1535 1424 1612 1025 961 1540 228 912 957 635 1671 1471 697 618 1499 877 1057 1453 1229 767 1313 1203 1279 1361 1441 635 251 1564 878 1120 743 1535 888 761 961 1117 908 557 1834 908 1314 401
1118 676 796 616 1082 547 469 873 614 418 535 609 565 1072 0 542 703 1051 399 870 811 507 1119 611 581 827 691 401 1110 1063 526 531 558 414 570 924 984 525 605 600 596 74 430 524 1262 1022 1066 656 655 541 527 1142 568 638 705 765 870 528 673 688 768 699 511 657 1120 638 1115 643 483 519 1125 330 430 900 929 817 817 418 673 810
1639 1197 784 1075 1603 1005 991 692 604 364 1056 324 1023 1472 542 0 276 1561 920 1328 1333 817 1485 465 1039 1227 1213 922 1510 1585 1047 859 1080 936 1029 1446 610 853 222 1059 616 588 723 982 1629 1543 1588 1178 645 487 837 1664 559 1160 1227 1058 1380 1050 1131 1147 1227 1158 413 1178 1486 1096 1636 1165 792 977 1647 851 723 1410 1450 1339 726 939 1131 1176
1552 1093 623 943 1516 873 1143 531 442 401 1154 120 891 1633 703 276 0 1430 1081 1196 1245 978 1646 261 908 1388 1374 1083 1671 1497 1145 1020 1241 1097 897 1607 448 1014 128 927 454 749 884 850 1790 1456 1500 1339 483 505 998 1740 458 1297 1123 1219 1248 1211 999 1015 1095 1026 209 1339 1647 965 1549 1061 953 846 1559 1012 884 1279 1363 1500 565 1100 1000 1337
684 416 1211 534 649 597 640 1289 1029 1438 651 1531 579 1164 1051 1561 1430 0 798 402 378 1290 1210 1630 563 918 521 800 1201 630 642 1010 705 655 704 1016 1399 1016 1539 527 1011 1003 1412 669 1354 589 633 677 1070 1561 1198 873 1588 555 381 1785 302 548 478 472 359 455 1531 556 1211 640 682 434 1243 663 692 740 1412 182 496 909 1233 659 476 902
881 422 1083 528 845 586 216 1160 901 796 282 988 604 889 399 920 1081 798 0 688 575 886 936 989 620 644 508 148 927 827 273 735 375 231 857 741 1271 741 983 694 883 351 808 810 1079 785 830 473 942 919 906 959 947 455 452 1144 617 345 584 473 550 632 889 474 937 834 878 390 861 806 889 147 808 647 692 634 1104 165 584 627
859 361 978 302 823 366 529 1055 796 1205 540 1298 348 1338 870 1328 1196 402 688 0 552 1294 1385 1397 332 1093 696 690 1375 804 531 1184 772 722 352 1190 1166 1190 1306 295 778 893 1216 436 1528 763 807 851 837 1327 1314 1047 1355 622 326 1552 151 615 246 240 170 223 1297 730 1386 264 856 330 1269 430 866 689 1217 277 670 1083 999 549 245 1076
361 242 1027 472 325 530 416 1104 845 1209 427 1347 548 840 811 1333 1245 378 575 552 0 966 887 1402 564 595 198 577 878 306 418 686 466 416 801 692 1215 692 1355 638 827 764 1089 755 1030 265 310 353 886 1332 874 549 1359 316 271 1556 444 309 528 417 494 576 1302 232 888 779 358 334 920 750 368 500 1089 332 172 585 1048 436 529 578
1223 1153 1220 1040 1187 971 956 1297 1038 693 1022 885 989 789 507 817 978 1290 886 1294 966 0 789 886 1005 675 796 888 827 1168 1013 308 923 803 994 1029 1408 302 880 1024 1020 554 276 948 933 1127 1172 761 1079 816 124 1243 844 1003 1183 767 1346 893 1096 1112 1192 1123 786 762 790 1062 1220 1130 80 943 1230 817 276 1243 1034 922 1241 905 1097 480
954 1074 1859 1304 1094 1362 1007 1937 1677 1361 1072 1552 1380 285 1119 1485 1646 1210 936 1385 887 789 0 1554 1396 393 717 938 241 976 1063 685 844 724 1633 808 2047 691 1548 1471 1659 1072 960 1587 178 1034 1079 682 1718 1484 697 740 1511 924 1103 1452 1276 814 1360 1249 1326 1408 1454 682 83 1611 1000 1167 742 1582 1011 808 961 1164 955 679 1880 955 1361 337
1708 1266 866 1144 1672 1074 1060 774 686 308 1125 168 1092 1541 611 465 261 1630 989 1397 1402 886 1554 0 1108 1296 1281 991 1579 1653 1116 928 1149 1005 1098 1515 692 922 273 1127 698 657 791 1051 1698 1612 1657 1247 727 413 906 1732 366 1228 1295 1127 1449 1119 1200 1215 1296 1226 117 1247 1555 1165 1705 1234 861 1046 1715 920 792 1479 1519 1408 808 1008 1200 1245
870 412 689 236 835 84 461 767 507 916 473 1009 102 1350 581 1039 908 563 620 332 564 1005 1396 1108 0 1104 707 622 1387 816 464 1029 765 706 279 1202 877 1023 1017 102 489 628 928 245 1540 775 819 863 548 1039 1025 1059 1066 616 441 1263 382 609 180 299 228 159 1009 742 1397 242 868 380 980 238 878 622 928 412 682 1095 711 481 178 1088
808 782 1567 1012 816 1070 715 1645 1385 1103 780 1295 1088 271 827 1227 1388 918 644 1093 595 675 393 1296 1104 0 425 646 308 797 771 524 552 432 1341 658 1755 530 1290 1179 1367 780 847 1295 461 756 800 390 1426 1226 583 593 1254 632 811 1339 984 522 1068 958 1034 1116 1196 390 359 1319 849 875 629 1290 859 516 847 872 663 532 1589 663 1069 287
454 385 1170 615 419 673 559 1247 988 1089 570 1280 691 670 691 1213 1374 521 508 696 198 796 717 1281 707 425 0 510 708 400 562 516 416 296 944 522 1358 522 1276 782 970 644 919 898 860 359 403 183 1029 1212 704 643 1239 459 414 1407 587 386 671 560 637 719 1182 62 718 922 452 478 750 893 462 380 919 475 266 415 1191 527 672 408
883 424 1085 530 847 588 218 1162 903 798 284 990 606 891 401 922 1083 800 148 690 577 888 938 991 622 646 510 0 929 829 275 737 378 233 859 743 1273 743 985 696 885 353 810 812 1081 787 832 475 944 921 908 961 949 457 454 1146 619 347 586 475 552 634 891 476 939 836 880 392 863 808 891 149 811 649 694 637 1106 167 586 629
870 1065 1850 1295 1010 1353 997 1927 1668 1386 1063 1577 1371 76 1110 1510 1671 1201 927 1375 878 827 241 1579 1387 308 708 929 0 892 1054 723 835 714 1624 724 2038 729 1573 1461 1650 1062 999 1578 182 950 994 673 1709 1509 735 655 1536 914 1094 1490 1267 805 1351 1240 1317 1399 1479 673 258 1602 916 1157 781 1573 926 799 999 1155 946 594 1871 946 1352 439
94 494 1279 724 157 782 668 1356 1097 1461 679 1599 800 854 1063 1585 1497 630 827 804 306 1168 976 1653 816 797 400 829 892 0 670 888 718 668 1053 708 1467 894 1607 890 1079 1016 1291 1006 939 97 142 555 1138 1584 1076 282 1611 568 523 1723 696 561 780 669 746 828 1554 434 942 1030 91 586 1122 1002 101 752 1291 584 166 579 1300 688 780 780
725 266 926 371 689 429 114 1004 744 924 67 1115 447 1016 526 1047 1145 642 273 531 418 1013 1063 1116 464 771 562 275 1054 670 0 862 503 359 701 869 1115 868 1111 538 726 479 936 654 1206 629 673 601 785 1047 1033 913 1074 470 296 1271 461 463 428 317 393 476 1017 596 1064 678 722 234 988 649 732 274 936 491 536 762 948 134 428 755
943 873 1244 1064 907 995 806 1321 1062 735 871 927 1013 685 531 859 1020 1010 735 1184 686 308 685 928 1029 524 516 737 723 888 862 0 643 523 1018 749 1432 106 922 1048 1044 578 429 971 829 847 891 481 1103 858 290 964 886 723 903 920 1075 613 1120 1049 1125 1147 828 482 686 1086 940 966 284 967 950 607 429 963 754 642 1265 754 1121 376
772 443 1228 673 736 731 446 1306 1046 956 512 1147 749 797 558 1080 1241 705 375 772 466 923 844 1149 765 552 416 378 835 718 503 643 0 163 1002 649 1416 649 1143 840 1028 511 968 956 987 676 721 381 1087 1079 831 867 1107 293 472 1304 645 183 729 619 695 777 1049 382 845 980 769 536 877 951 780 248 968 554 583 543 1250 395 730 535
722 393 1169 614 687 672 302 1246 987 812 367 1003 690 677 414 936 1097 655 231 722 416 803 724 1005 706 432 296 233 714 668 359 523 163 0 943 529 1357 529 999 780 969 367 824 896 867 627 671 261 1027 935 711 747 962 243 423 1159 595 133 670 559 635 718 905 261 725 920 719 476 757 892 730 103 824 504 534 422 1190 251 670 415
1107 637 678 377 1072 314 698 756 497 905 710 999 296 1587 570 1029 897 704 857 352 801 994 1633 1098 279 1341 944 859 1624 1053 701 1018 1002 943 0 1439 867 1012 1007 202 479 617 917 137 1777 1012 1056 1100 537 1028 1014 1296 1055 853 603 1252 478 846 321 440 370 301 998 979 1634 120 1105 530 970 131 1115 859 917 553 919 1332 700 718 320 1325
686 879 1664 1110 826 1167 812 1742 1483 1322 877 1513 1186 686 924 1446 1607 1016 741 1190 692 1029 808 1515 1202 658 522 743 724 708 869 749 649 529 1439 0 1853 755 1509 1276 1464 877 1152 1392 771 767 811 487 1523 1445 937 472 1472 729 909 1555 1081 619 1166 1055 1131 1214 1415 488 774 1416 732 972 983 1387 743 613 1152 969 760 147 1686 760 1166 641
1521 1063 247 913 1486 843 1112 155 406 831 1123 550 861 2000 984 610 448 1399 1271 1166 1215 1408 2047 692 877 1755 1358 1273 2038 1467 1115 1432 1416 1357 867 1853 0 1426 558 897 424 1031 1314 820 2190 1426 1470 1514 348 936 1428 1710 889 1267 1092 1649 1218 1259 969 985 1065 995 640 1393 2048 934 1519 1030 1384 815 1529 1272 1314 1248 1333 1746 189 1132 969 1739
949 879 1238 1058 913 988 812 1315 1056 729 877 921 1007 691 525 853 1014 1016 741 1190 692 302 691 922 1023 530 522 743 729 894 868 106 649 529 1012 755 1426 0 916 1042 1038 572 423 965 835 853 897 487 1097 852 296 970 880 729 909 914 1081 619 1114 1055 1131 1141 822 488 692 1080 946 972 278 961 956 613 423 969 760 648 1259 760 1115 382
1661 1203 733 1053 1626 983 1054 641 552 412 1120 132 1001 1535 605 222 128 1539 983 1306 1355 880 1548 273 1017 1290 1276 985 1573 1607 1111 922 1143 999 1007 1509 558 916 0 1036 564 652 786 960 1692 1566 1610 1241 593 517 900 1727 469 1223 1232 1121 1358 1113 1109 1124 1205 1135 221 1242 1549 1074 1658 1170 856 955 1669 915 786 1388 1473 1402 674 1003 1109 1240
945 460 708 200 909 136 536 786 526 935 547 1029 118 1424 600 1059 927 527 694 295 638 1024 1471 1127 102 1179 782 696 1461 890 538 1048 840 780 202 1276 897 1042 1036 0 508 647 947 167 1614 849 893 937 567 1058 1044 1133 1085 690 425 1282 346 683 143 263 192 123 1028 816 1472 205 942 352 1000 161 952 696 947 376 756 1169 730 555 142 1162
1133 675 236 525 1097 455 724 313 54 837 735 556 473 1612 596 616 454 1011 883 778 827 1020 1659 698 489 1367 970 885 1650 1079 726 1044 1028 969 479 1464 424 1038 564 508 0 643 943 432 1802 1038 1082 1125 95 942 1040 1322 895 878 704 1278 830 871 581 596 677 607 646 1004 1660 546 1130 642 995 427 1141 884 943 860 944 1358 257 744 581 1351
1070 628 843 663 1035 593 422 920 661 465 487 656 611 1025 74 588 749 1003 351 893 764 554 1072 657 628 780 644 353 1062 1016 479 578 511 367 617 877 1031 572 652 647 643 0 477 570 1215 975 1019 609 701 588 574 1095 615 591 658 812 823 481 719 679 755 746 558 609 1073 685 1068 596 529 566 1078 283 477 852 882 770 864 371 720 763
1345 1085 1143 963 1310 893 879 1220 961 599 944 790 912 961 430 723 884 1412 808 1216 1089 276 960 791 928 847 919 810 999 1291 936 429 968 824 917 1152 1314 423 786 947 943 477 0 870 1105 1250 1294 884 1001 722 296 1367 749 1048 1115 673 1269 938 1019 1035 1115 1046 692 884 961 985 1343 1053 251 866 1353 740 68 1299 1157 1045 1164 828 1020 652
1061 602 632 342 1025 279 652 709 450 858 663 952 261 1540 524 982 850 669 810 436 755 948 1587 1051 245 1295 898 812 1578 1006 654 971 956 896 137 1392 820 965 960 167 432 570 870 0 1730 965 1010 1053 491 981 968 1249 1009 806 568 1206 488 799 286 405 335 266 951 932 1588 204 1058 495 923 85 1068 812 870 518 872 1285 653 671 285 1278
917 1217 2002 1447 1057 1505 1150 2080 1820 1505 1215 1697 1523 228 1262 1629 1790 1354 1079 1528 1030 933 178 1698 1540 461 860 1081 182 939 1206 829 987 867 1777 771 2190 835 1692 1614 1802 1215 1105 1730 0 997 1041 825 1861 1628 841 702 1656 1067 1247 1596 1419 957 1503 1393 1469 1551 1598 825 195 1754 963 1310 887 1725 973 951 1105 1307 1065 641 2024 1098 1504 481
152 452 1237 683 116 740 627 1315 1056 1420 638 1558 759 912 1022 1543 1456 589 785 763 265 1127 1034 1612 775 756 359 787 950 97 629 847 676 627 1012 767 1426 853 1566 849 1038 975 1250 965 997 0 101 514 1096 1543 1035 340 1570 527 482 1738 654 520 739 628 704 787 1513 393 1001 989 149 545 1081 960 159 711 1250 542 125 637 1259 646 739 739
196 497 1282 727 88 785 671 1359 1100 1464 682 1602 803 957 1066 1588 1500 633 830 807 310 1172 1079 1657 819 800 403 832 994 142 673 891 721 671 1056 811 1470 897 1610 893 1082 1019 1294 1010 1041 101 0 558 1141 1587 1079 385 1614 571 526 1782 699 564 783 672 749 831 1557 437 1045 1034 184 589 1125 1005 171 755 1294 587 169 681 1303 691 784 784
610 540 1325 770 574 828 544 1403 1144 1054 609 1245 847 635 656 1178 1339 677 473 851 353 761 682 1247 863 390 183 475 673 555 601 481 381 261 1100 487 1514 487 1241 937 1125 609 884 1053 825 514 558 0 1184 1177 669 705 1204 461 570 1372 742 351 827 716 792 875 1147 149 683 1077 607 633 715 1048 617 345 884 630 421 380 1347 492 827 373
1192 733 160 583 1156 514 783 237 77 866 794 585 532 1671 655 645 483 1070 942 837 886 1079 1718 727 548 1426 1029 944 1709 1138 785 1103 1087 1027 537 1523 348 1097 593 567 95 701 1001 491 1861 1096 1141 1184 0 971 1099 1380 923 937 763 1337 889 930 639 655 735 666 675 1063 1719 605 1189 701 1054 486 1199 943 1002 919 1003 1416 181 803 640 1409
1638 1196 1110 1074 1603 1004 990 1018 930 143 1055 412 1023 1471 541 487 505 1561 919 1327 1332 816 1484 413 1039 1226 1212 921 1509 1584 1047 858 1079 935 1028 1445 936 852 517 1058 942 588 722 981 1628 1543 1587 1177 971 0 836 1663 394 1159 1226 1057 1380 1049 1130 1146 1226 1157 314 1178 1485 1096 1636 1164 792 977 1646 851 722 1410 1450 1338 1052 939 1131 1175
1130 1061 1240 1060 1095 991 976 1317 1058 713 1042 905 1009 697 527 837 998 1198 906 1314 874 124 697 906 1025 583 704 908 735 1076 1033 290 831 711 1014 937 1428 296 900 1044 1040 574 296 968 841 1035 1079 669 1099 836 0 1151 864 911 1090 787 1263 801 1116 1132 1212 1143 806 669 698 1082 1128 1150 100 963 1138 795 296 1151 942 830 1261 925 1117 388
260 736 1521 967 400 1024 911 1599 1340 1540 922 1731 1043 618 1142 1664 1740 873 959 1047 549 1243 740 1732 1059 593 643 961 655 282 913 964 867 747 1296 472 1710 970 1727 1133 1322 1095 1367 1249 702 340 385 705 1380 1663 1151 0 1690 811 766 1487 938 804 1023 912 988 1071 1633 677 706 1273 306 829 1197 1244 316 831 1367 826 409 343 1543 930 1023 856
1666 1224 1063 1101 1630 1032 1017 971 883 271 1083 365 1050 1499 568 559 458 1588 947 1355 1359 844 1511 366 1066 1254 1239 949 1536 1611 1074 886 1107 962 1055 1472 889 880 469 1085 895 615 749 1009 1656 1570 1614 1204 923 394 864 1690 0 1186 1253 1084 1407 1076 1157 1173 1253 1184 267 1205 1512 1123 1663 1191 819 1004 1673 878 749 1437 1477 1366 1005 966 1158 1203
622 293 1078 524 587 581 468 1156 897 1036 479 1227 600 877 638 1160 1297 555 455 622 316 1003 924 1228 616 632 459 457 914 568 470 723 293 243 853 729 1267 729 1223 690 878 591 1048 806 1067 527 571 461 937 1159 911 811 1186 0 323 1383 495 136 580 469 545 628 1129 461 925 830 620 386 957 801 630 327 1048 404 434 622 1100 474 580 615
577 62 904 349 542 407 293 982 722 1103 304 1224 425 1057 705 1227 1123 381 452 326 271 1183 1103 1295 441 811 414 454 1094 523 296 903 472 423 603 909 1092 909 1232 425 704 658 1115 568 1247 482 526 570 763 1226 1090 766 1253 323 0 1450 200 316 376 295 258 353 1196 449 1104 564 575 212 1136 561 585 453 1115 230 389 802 926 313 374 795
1735 1421 1478 1298 1798 1229 1214 1555 1296 934 1280 1125 1247 1453 765 1058 1219 1785 1144 1552 1556 767 1452 1127 1263 1339 1407 1146 1490 1757 1271 920 1304 1159 1252 1589 1649 914 1121 1282 1278 812 673 1206 1596 1738 1782 1372 1337 1057 787 1521 1084 1383 1450 0 1604 1273 1354 1370 1450 1381 1027 1372 1453 1320 1781 1388 743 1201 1791 1075 673 1634 1645 1460 1499 1163 1355 1144
750 235 1030 353 714 416 458 1107 848 1257 470 1350 398 1229 870 1380 1248 302 617 151 444 1346 1276 1449 382 984 587 619 1267 696 461 1075 645 595 478 1081 1218 1081 1358 346 830 823 1269 488 1419 654 699 742 889 1380 1263 938 1407 495 200 1604 0 488 296 290 178 274 1349 621 1277 389 747 252 1309 482 758 619 1269 151 561 975 1051 478 295 967
615 286 1071 516 579 574 416 1149 889 926 472 1117 592 767 528 1050 1211 548 345 615 309 893 814 1119 609 522 386 347 805 561 463 613 183 133 846 619 1259 619 1113 683 871 481 938 799 957 520 564 351 930 1049 801 804 1076 136 316 1273 488 0 572 462 538 621 1019 352 815 823 612 379 847 794 623 217 938 397 427 512 1093 365 573 505
834 376 781 123 799 214 425 858 599 1007 436 1101 196 1313 673 1131 999 478 584 246 528 1096 1360 1200 180 1068 671 586 1351 780 428 1120 729 670 321 1166 969 1114 1109 143 581 719 1019 286 1503 739 783 827 639 1130 1116 1023 1157 580 376 1354 296 572 0 214 143 74 1100 706 1361 283 832 303 1072 280 842 585 1019 327 646 1059 802 445 83 1052
723 265 796 241 688 299 314 874 614 1023 326 1116 315 1203 688 1147 1015 472 473 240 417 1112 1249 1215 299 958 560 475 1240 669 317 1049 619 559 440 1055 985 1055 1124 263 596 679 1035 405 1393 628 672 716 655 1146 1132 912 1173 469 295 1370 290 462 214 0 137 191 1116 595 1250 402 721 233 1088 399 731 475 1035 321 535 948 818 334 212 941
800 292 876 199 764 263 391 954 695 1103 402 1197 245 1279 768 1227 1095 359 550 170 494 1192 1326 1296 228 1034 637 552 1317 746 393 1125 695 635 370 1131 1065 1131 1205 192 677 755 1115 335 1469 704 749 792 735 1226 1212 988 1253 545 258 1450 178 538 143 137 0 120 1196 671 1327 332 797 185 1168 329 808 551 1115 208 611 1025 898 411 141 1017
882 388 807 130 847 194 473 885 625 1034 484 1127 175 1361 699 1158 1026 455 632 223 576 1123 1408 1226 159 1116 719 634 1399 828 476 1147 777 718 301 1214 995 1141 1135 123 607 746 1046 266 1551 787 831 875 666 1157 1143 1071 1184 628 353 1381 274 621 74 191 120 0 1127 754 1409 263 880 280 1098 259 890 633 1046 304 694 1107 829 493 72 1100
1608 1166 814 1044 1573 974 960 722 634 209 1025 116 992 1441 511 413 209 1531 889 1297 1302 786 1454 117 1009 1196 1182 891 1479 1554 1017 828 1049 905 998 1415 640 822 221 1028 646 558 692 951 1598 1513 1557 1147 675 314 806 1633 267 1129 1196 1027 1349 1019 1100 1116 1196 1127 0 1147 1455 1066 1605 1134 762 947 1616 821 692 1380 1420 1308 756 908 1101 1145
489 419 1204 649 453 707 545 1282 1022 1055 605 1246 725 635 657 1178 1339 556 474 730 232 762 682 1247 742 390 62 476 673 434 596 482 382 261 979 488 1393 488 1242 816 1004 609 884 932 825 393 437 149 1063 1178 669 677 1205 461 449 1372 621 352 706 595 671 754 1147 0 683 956 486 512 715 927 496 346 884 509 300 381 1226 493 706 374
920 1075 1860 1305 1060 1363 1008 1938 1678 1362 1073 1553 1381 251 1120 1486 1647 1211 937 1386 888 790 83 1555 1397 359 718 939 258 942 1064 686 845 725 1634 774 2048 692 1549 1472 1660 1073 961 1588 195 1001 1045 683 1719 1485 698 706 1512 925 1104 1453 1277 815 1361 1250 1327 1409 1455 683 0 1612 966 1168 743 1583 977 809 962 1165 956 645 1881 956 1362 387
1085 599 746 340 1049 276 676 824 564 973 687 1066 258 1564 638 1096 965 640 834 264 779 1062 1611 1165 242 1319 922 836 1602 1030 678 1086 980 920 120 1416 934 1080 1074 205 546 685 985 204 1754 989 1034 1077 605 1096 1082 1273 1123 830 564 1320 389 823 283 402 332 263 1066 956 1612 0 1082 492 1037 198 1092 836 985 515 896 1309 768 695 282 1302
118 545 1330 775 169 833 720 1408 1148 1513 731 1650 851 878 1115 1636 1549 682 878 856 358 1220 1000 1705 868 849 452 880 916 91 722 940 769 719 1105 732 1519 946 1658 942 1130 1068 1343 1058 963 149 184 607 1189 1636 1128 306 1663 620 575 1747 747 612 832 721 797 880 1605 486 966 1082 0 638 1174 1053 53 804 1343 635 217 603 1352 739 832 832
641 182 842 287 605 345 232 920 660 1041 243 1162 363 1120 643 1165 1061 434 390 330 334 1130 1167 1234 380 875 478 392 1157 586 234 966 536 476 530 972 1030 972 1170 352 642 596 1053 495 1310 545 589 633 701 1164 1150 829 1191 386 212 1388 252 379 303 233 185 280 1134 512 1168 492 638 0 1106 489 648 392 1053 283 452 865 864 251 302 858
1176 1107 1195 1016 1141 946 932 1273 1013 669 997 860 964 743 483 792 953 1243 861 1269 920 80 742 861 980 629 750 863 781 1122 988 284 877 757 970 983 1384 278 856 1000 995 529 251 923 887 1081 1125 715 1054 792 100 1197 819 957 1136 743 1309 847 1072 1088 1168 1098 762 715 743 1037 1174 1106 0 918 1184 792 251 1197 988 876 1217 880 1072 434
1056 596 627 336 1020 273 647 705 445 854 658 947 255 1535 519 977 846 663 806 430 750 943 1582 1046 238 1290 893 808 1573 1002 649 967 951 892 131 1387 815 961 955 161 427 566 866 85 1725 960 1005 1048 486 977 963 1244 1004 801 561 1201 482 794 280 399 329 259 947 927 1583 198 1053 489 918 0 1064 807 866 512 867 1281 649 667 279 1274
128 555 1341 786 156 844 730 1418 1159 1523 741 1661 862 888 1125 1647 1559 692 889 866 368 1230 1011 1715 878 859 462 891 926 101 732 950 780 730 1115 743 1529 956 1669 952 1141 1078 1353 1068 973 159 171 617 1199 1646 1138 316 1673 630 585 1758 758 623 842 731 808 890 1616 496 977 1092 53 648 1184 1064 0 814 1353 646 228 613 1362 750 842 842
807 424 1084 529 771 587 218 1162 902 728 283 919 605 761 330 851 1012 740 147 689 500 817 808 920 622 516 380 149 799 752 274 607 248 103 859 613 1272 613 915 696 884 283 740 812 951 711 755 345 943 851 795 831 878 327 453 1075 619 217 585 475 551 633 821 346 809 836 804 392 792 807 814 0 740 589 618 507 1106 166 586 499
1345 1085 1143 963 1310 893 879 1220 961 599 945 790 912 961 430 723 884 1412 808 1217 1089 276 961 792 928 847 919 811 999 1291 936 429 968 824 917 1152 1314 423 786 947 943 477 68 870 1105 1250 1294 884 1002 722 296 1367 749 1048 1115 673 1269 938 1019 1035 1115 1046 692 884 962 985 1343 1053 251 866 1353 740 0 1299 1157 1045 1164 828 1020 652
638 265 1060 383 602 446 489 1137 878 1287 500 1380 428 1117 900 1410 1279 182 647 277 332 1243 1164 1479 412 872 475 649 1155 584 491 963 554 504 553 969 1248 969 1388 376 860 852 1299 518 1307 542 587 630 919 1410 1151 826 1437 404 230 1634 151 397 327 321 208 304 1380 509 1165 515 635 283 1197 512 646 589 1299 0 449 863 1081 508 325 855
220 359 1144 590 184 647 534 1222 963 1327 545 1465 666 908 929 1450 1363 496 692 670 172 1034 955 1519 682 663 266 694 946 166 536 754 583 534 919 760 1333 760 1473 756 944 882 1157 872 1065 125 169 421 1003 1450 942 409 1477 434 389 1645 561 427 646 535 611 694 1420 300 956 896 217 452 988 867 228 618 1157 449 0 653 1166 553 646 646
557 772 1558 1003 697 1061 705 1635 1376 1215 771 1407 1079 557 817 1339 1500 909 634 1083 585 922 679 1408 1095 532 415 637 594 579 762 642 543 422 1332 147 1746 648 1402 1169 1358 770 1045 1285 641 637 681 380 1416 1338 830 343 1366 622 802 1426 975 512 1059 948 1025 1107 1308 381 645 1309 603 865 876 1281 613 507 1045 863 653 0 1579 654 1059 535
1354 896 80 746 1319 676 945 78 240 947 957 667 694 1834 817 726 565 1233 1104 999 1048 1241 1880 808 711 1589 1191 1106 1871 1300 948 1265 1250 1190 700 1686 189 1259 674 730 257 864 1164 653 2024 1259 1303 1347 181 1052 1261 1543 1005 1100 926 1499 1051 1093 802 818 898 829 756 1226 1881 768 1352 864 1217 649 1362 1106 1164 1081 1166 1579 0 965 803 1572
742 283 944 389 706 447 77 1021 762 816 143 1007 465 908 418 939 1100 659 165 549 436 905 955 1008 481 663 527 167 946 688 134 754 395 251 718 760 1132 760 1003 555 744 371 828 671 1098 646 691 492 803 939 925 930 966 474 313 1163 478 365 445 334 411 493 908 493 956 695 739 251 880 667 750 166 828 508 553 654 965 0 445 647
835 376 781 123 799 213 426 859 599 1008 437 1101 195 1314 673 1131 1000 476 584 245 529 1097 1361 1200 178 1069 672 586 1352 780 428 1121 730 670 320 1166 969 1115 1109 142 581 720 1020 285 1504 739 784 827 640 1131 1117 1023 1158 580 374 1355 295 573 83 212 141 72 1101 706 1362 282 832 302 1072 279 842 586 1020 325 646 1059 803 445 0 1052
835 765 1550 996 799 1054 698 1628 1369 1053 763 1244 1072 401 810 1176 1337 902 627 1076 578 480 337 1245 1088 287 408 629 439 780 755 376 535 415 1325 641 1739 382 1240 1162 1351 763 652 1278 481 739 784 373 1409 1175 388 856 1203 615 795 1144 967 505 1052 941 1017 1100 1145 374 387 1302 832 858 434 1274 842 499 652 855 646 535 1572 647 1052 0
EOF