NAME : tsp_problem
TYPE : TSP
DIMENSION : 46
EDGE_WEIGHT_TYPE : EXPLICIT
EDGE_WEIGHT_FORMAT : FULL_MATRIX
EDGE_WEIGHT_SECTION
0 852 926 736 1087 1018 1107 544 865 1296 673 1374 744 833 1125 1179 882 1230 1218 707 756 1385 1521 723 1169 835 762 774 917 338 538 1041 1394 751 1256 691 1127 349 1185 1405 1427 1104 1254 886 334 363
852 0 1283 1093 1577 1083 574 719 591 763 211 574 264 811 1064 510 183 696 948 1357 506 851 987 238 368 177 740 1131 982 695 1188 799 860 729 722 669 1062 999 785 871 893 290 454 56 984 1013
926 1283 0 416 531 698 1357 829 927 1021 1106 1745 1178 797 806 1550 1314 954 898 463 1020 1110 1245 1139 1539 1269 956 455 597 623 609 750 1119 945 1505 885 808 798 910 1130 1152 1509 1624 1317 811 791
736 1093 416 0 711 431 1167 639 738 831 916 1555 988 607 490 1360 1124 764 583 643 830 920 1055 949 1350 1079 766 265 408 433 789 560 929 755 1316 695 492 883 720 940 962 1319 1435 1127 868 897
1087 1577 531 711 0 993 1651 1123 1222 1315 1400 2039 1472 1091 1100 1844 1608 1249 1193 422 1314 1404 1539 1433 1834 1563 1250 749 892 917 568 1044 1413 1239 1800 1179 1102 756 1204 1424 1446 1803 1919 1611 769 749
1018 1083 698 431 993 0 947 595 518 611 1198 1336 1270 387 163 1140 1189 545 256 925 610 700 836 1070 1130 1238 546 322 132 715 1071 340 709 535 1096 475 165 1165 429 720 742 1099 1215 1056 1150 1179
1107 574 1357 1167 1651 947 0 583 455 627 763 690 815 675 928 468 680 560 812 1583 370 644 508 561 599 729 604 1083 846 804 1443 663 719 593 166 534 926 1254 650 631 757 590 569 546 1239 1268
544 719 829 639 1123 595 583 0 341 772 724 972 796 309 613 776 825 706 705 1048 232 861 997 707 766 875 238 677 494 241 879 517 870 227 732 168 615 691 661 881 903 735 851 692 675 704
865 591 927 738 1222 518 455 341 0 457 780 844 833 433 499 648 697 390 389 1154 128 546 681 578 638 746 362 654 417 562 1201 233 555 351 604 291 497 1012 346 566 588 607 723 564 997 1026
1296 763 1021 831 1315 611 627 772 457 0 952 1015 1004 581 592 820 869 224 476 1248 559 261 397 750 810 918 740 748 510 993 1394 327 239 729 724 669 590 1443 314 281 166 779 895 735 1428 1457
673 211 1106 916 1400 1198 763 724 780 952 0 764 129 1001 1253 700 242 885 1137 1177 695 1040 1176 297 558 194 929 955 1097 518 1008 988 1050 919 912 859 1251 819 975 1061 1083 480 643 245 804 833
1374 574 1745 1555 2039 1336 690 972 844 1015 764 0 816 1064 1316 263 681 949 1200 1879 759 949 813 724 236 730 993 1472 1235 1193 1710 1051 1024 982 541 922 1314 1521 1038 936 1087 402 152 547 1506 1535
744 264 1178 988 1472 1270 815 796 833 1004 129 816 0 1053 1305 752 167 938 1189 1249 748 1093 1228 350 610 119 982 1026 1169 590 1080 1040 1102 971 964 911 1303 891 1027 1113 1135 532 695 297 876 905
833 811 797 607 1091 387 675 309 433 581 1001 1064 1053 0 405 868 917 515 498 1024 324 670 805 798 858 966 260 524 287 530 1169 310 679 249 824 189 407 980 470 690 712 827 943 784 965 994
1125 1064 806 490 1100 163 928 613 499 592 1253 1316 1305 405 0 1121 1170 525 143 1032 601 681 816 1051 1111 1219 564 382 270 822 1178 321 690 553 1077 493 57 1272 316 701 723 1080 1196 1036 1257 1286
1179 510 1550 1360 1844 1140 468 776 648 820 700 263 752 868 1121 0 616 753 1005 1684 563 728 591 626 172 665 797 1276 1039 997 1515 856 802 786 320 727 1119 1326 843 714 865 386 142 483 1311 1340
882 183 1314 1124 1608 1189 680 825 697 869 242 681 167 917 1170 616 0 802 1054 1387 612 957 1093 269 474 79 846 1163 1088 726 1218 905 966 835 828 776 1168 1029 892 978 999 397 560 216 1014 1043
1230 696 954 764 1249 545 560 706 390 224 885 949 938 515 525 753 802 0 409 1181 492 313 449 683 743 851 673 681 444 926 1327 260 322 662 709 602 523 1376 247 333 355 712 828 669 1361 1390
1218 948 898 583 1193 256 812 705 389 476 1137 1200 1189 498 143 1005 1054 409 0 1125 491 565 700 935 995 1103 656 474 363 915 1271 259 574 645 961 585 141 1365 192 585 607 964 1080 920 1350 1379
707 1357 463 643 422 925 1583 1048 1154 1248 1177 1879 1249 1024 1032 1684 1387 1181 1125 0 1246 1336 1472 1228 1673 1340 1182 681 824 843 187 976 1345 1171 1732 1111 1034 375 1136 1356 1378 1608 1758 1390 388 369
756 506 1020 830 1314 610 370 232 128 559 695 759 748 324 601 563 612 492 491 1246 0 648 783 493 553 661 253 746 509 453 1092 335 657 242 519 182 599 903 448 668 690 522 638 479 888 917
1385 851 1110 920 1404 700 644 861 546 261 1040 949 1093 670 681 728 957 313 565 1336 648 0 168 838 858 1006 828 836 599 1082 1482 415 107 817 495 757 679 1532 402 80 173 867 828 824 1516 1545
1521 987 1245 1055 1539 836 508 997 681 397 1176 813 1228 805 816 591 1093 449 700 1472 783 168 0 974 722 1142 964 972 735 1217 1618 551 243 953 359 893 814 1667 538 155 306 936 692 960 1652 1681
723 238 1139 949 1433 1070 561 707 578 750 297 724 350 798 1051 626 269 683 935 1228 493 838 974 0 517 263 727 987 969 551 1059 786 848 716 710 657 1049 870 773 859 881 440 603 271 855 884
1169 368 1539 1350 1834 1130 599 766 638 810 558 236 610 858 1111 172 474 743 995 1673 553 858 722 517 0 523 787 1266 1029 987 1504 845 907 776 450 716 1109 1315 832 845 940 245 115 341 1300 1329
835 177 1269 1079 1563 1238 729 875 746 918 194 730 119 966 1219 665 79 851 1103 1340 661 1006 1142 263 523 0 895 1117 1137 681 1171 954 1016 884 877 825 1217 982 941 1027 1048 446 609 211 967 996
762 740 956 766 1250 546 604 238 362 740 929 993 982 260 564 797 846 673 656 1182 253 828 964 727 787 895 0 682 445 459 1098 468 837 61 753 118 566 909 628 848 870 756 872 713 894 923
774 1131 455 265 749 322 1083 677 654 748 955 1472 1026 524 382 1276 1163 681 474 681 746 836 972 987 1266 1117 682 0 324 471 827 476 845 671 1232 611 384 921 636 856 878 1235 1351 1165 906 935
917 982 597 408 892 132 846 494 417 510 1097 1235 1169 287 270 1039 1088 444 363 824 509 599 735 969 1029 1137 445 324 0 614 970 239 608 434 995 374 272 1064 399 619 641 998 1114 955 1049 1078
338 695 623 433 917 715 804 241 562 993 518 1193 590 530 822 997 726 926 915 843 453 1082 1217 551 987 681 459 471 614 0 673 738 1091 448 953 388 824 485 882 1102 1124 931 1072 729 470 499
538 1188 609 789 568 1071 1443 879 1201 1394 1008 1710 1080 1169 1178 1515 1218 1327 1271 187 1092 1482 1618 1059 1504 1171 1098 827 970 673 0 1122 1491 1087 1592 1027 1180 206 1282 1502 1524 1439 1589 1221 219 199
1041 799 750 560 1044 340 663 517 233 327 988 1051 1040 310 321 856 905 260 259 976 335 415 551 786 845 954 468 476 239 738 1122 0 425 457 811 397 319 1188 216 436 458 815 930 771 1173 1202
1394 860 1119 929 1413 709 719 870 555 239 1050 1024 1102 679 690 802 966 322 574 1345 657 107 243 848 907 1016 837 845 608 1091 1491 425 0 826 570 767 688 1541 411 128 93 876 903 833 1526 1555
751 729 945 755 1239 535 593 227 351 729 919 982 971 249 553 786 835 662 645 1171 242 817 953 716 776 884 61 671 434 448 1087 457 826 0 742 107 555 898 617 837 859 745 861 702 883 912
1256 722 1505 1316 1800 1096 166 732 604 724 912 541 964 824 1077 320 828 709 961 1732 519 495 359 710 450 877 753 1232 995 953 1592 811 570 742 0 682 1075 1403 798 482 633 664 420 695 1388 1417
691 669 885 695 1179 475 534 168 291 669 859 922 911 189 493 727 776 602 585 1111 182 757 893 657 716 825 118 611 374 388 1027 397 767 107 682 0 495 838 558 778 799 686 801 642 823 852
1127 1062 808 492 1102 165 926 615 497 590 1251 1314 1303 407 57 1119 1168 523 141 1034 599 679 814 1049 1109 1217 566 384 272 824 1180 319 688 555 1075 495 0 1274 314 699 721 1078 1194 1034 1259 1288
349 999 798 883 756 1165 1254 691 1012 1443 819 1521 891 980 1272 1326 1029 1376 1365 375 903 1532 1667 870 1315 982 909 921 1064 485 206 1188 1541 898 1403 838 1274 0 1332 1552 1574 1251 1400 1033 167 299
1185 785 910 720 1204 429 650 661 346 314 975 1038 1027 470 316 843 892 247 192 1136 448 402 538 773 832 941 628 636 399 882 1282 216 411 617 798 558 314 1332 0 423 444 802 917 758 1317 1346
1405 871 1130 940 1424 720 631 881 566 281 1061 936 1113 690 701 714 978 333 585 1356 668 80 155 859 845 1027 848 856 619 1102 1502 436 128 837 482 778 699 1552 423 0 194 888 815 844 1537 1566
1427 893 1152 962 1446 742 757 903 588 166 1083 1087 1135 712 723 865 999 355 607 1378 690 173 306 881 940 1048 870 878 641 1124 1524 458 93 859 633 799 721 1574 444 194 0 909 966 866 1559 1587
1104 290 1509 1319 1803 1099 590 735 607 779 480 402 532 827 1080 386 397 712 964 1608 522 867 936 440 245 446 756 1235 998 931 1439 815 876 745 664 686 1078 1251 802 888 909 0 329 263 1235 1264
1254 454 1624 1435 1919 1215 569 851 723 895 643 152 695 943 1196 142 560 828 1080 1758 638 828 692 603 115 609 872 1351 1114 1072 1589 930 903 861 420 801 1194 1400 917 815 966 329 0 426 1385 1414
886 56 1317 1127 1611 1056 546 692 564 735 245 547 297 784 1036 483 216 669 920 1390 479 824 960 271 341 211 713 1165 955 729 1221 771 833 702 695 642 1034 1033 758 844 866 263 426 0 1017 1046
334 984 811 868 769 1150 1239 675 997 1428 804 1506 876 965 1257 1311 1014 1361 1350 388 888 1516 1652 855 1300 967 894 906 1049 470 219 1173 1526 883 1388 823 1259 167 1317 1537 1559 1235 1385 1017 0 243
363 1013 791 897 749 1179 1268 704 1026 1457 833 1535 905 994 1286 1340 1043 1390 1379 369 917 1545 1681 884 1329 996 923 935 1078 499 199 1202 1555 912 1417 852 1288 299 1346 1566 1587 1264 1414 1046 243 0
EOF