NAME : tsp_problem
TYPE : TSP
DIMENSION : 34
EDGE_WEIGHT_TYPE : EXPLICIT
EDGE_WEIGHT_FORMAT : FULL_MATRIX
EDGE_WEIGHT_SECTION
0 50 1030 864 1020 333 50 536 628 820 481 586 451 404 420 768 600 569 1089 801 767 830 791 1139 756 573 532 1026 512 1061 522 646 78 921
50 0 1059 882 1008 321 22 565 657 808 469 574 439 433 407 797 629 557 1108 789 755 818 820 1168 744 561 561 1056 541 1091 510 634 65 950
1030 1059 0 634 1469 1190 1059 640 503 1269 888 787 919 777 1247 418 515 819 613 1250 746 840 441 529 735 1022 523 941 656 452 1531 720 1087 148
864 882 634 0 1248 1165 882 595 458 1048 1103 346 1134 595 1252 247 729 1033 313 1029 213 1054 226 668 202 801 478 1156 474 666 1355 295 910 526
1020 1008 1469 1248 0 1274 1008 1430 1293 318 1439 940 1409 1312 1361 1208 1564 1527 1474 240 1121 1789 1231 1579 1110 483 1313 1991 1191 1501 663 1000 1036 1361
333 321 1190 1165 1274 0 321 848 941 1091 333 857 303 716 125 1081 761 400 1384 1054 1038 555 1103 1300 1027 844 844 848 825 1222 627 917 285 1082
50 22 1059 882 1008 321 0 565 657 808 469 574 439 433 407 797 629 557 1108 789 755 818 820 1168 744 561 561 1055 541 1091 510 634 65 950
536 565 640 595 1430 848 565 0 238 1229 654 748 685 336 935 378 281 585 699 1211 706 606 401 749 695 983 142 707 445 672 1038 681 593 531
628 657 503 458 1293 941 657 238 0 1092 747 611 777 429 1027 241 373 677 562 1074 569 698 264 612 558 845 122 799 479 535 1130 543 685 394
820 808 1269 1048 318 1091 808 1229 1092 0 1239 740 1209 1112 1178 1008 1364 1327 1274 144 921 1588 1030 1379 910 283 1113 1791 991 1301 530 800 836 1161
481 469 888 1103 1439 333 469 654 747 1239 0 1005 61 774 389 887 459 120 1082 1220 1186 381 909 998 1176 992 651 673 883 920 811 1066 434 780
586 574 787 346 940 857 574 748 611 740 1005 0 975 630 944 506 882 1093 572 721 219 1207 485 897 208 493 631 1309 509 819 1046 176 602 679
451 439 919 1134 1409 303 439 685 777 1209 61 975 0 805 359 917 489 150 1113 1190 1156 412 940 1028 1145 962 681 704 913 951 781 1035 403 810
404 433 777 595 1312 716 433 336 429 1112 774 630 805 0 803 515 401 704 820 1093 588 725 538 886 577 865 333 827 243 809 906 563 461 668
420 407 1247 1252 1361 125 407 935 1027 1178 389 944 359 803 0 1167 817 456 1440 1140 1125 611 1190 1356 1114 931 931 905 911 1279 714 1004 372 1138
768 797 418 247 1208 1081 797 378 241 1008 887 506 917 515 1167 0 513 817 345 989 373 838 68 528 362 761 262 939 394 450 1270 455 825 309
600 629 515 729 1564 761 629 281 373 1364 459 882 489 401 817 513 0 389 708 1345 840 410 536 624 830 1117 277 511 509 547 1102 815 657 406
569 557 819 1033 1527 400 557 585 677 1327 120 1093 150 704 456 817 389 0 1012 1308 1144 289 839 928 1133 1080 581 581 813 851 899 1119 521 710
1089 1108 613 313 1474 1384 1108 699 562 1274 1082 572 1113 820 1440 345 708 1012 0 1255 438 1033 324 388 428 1027 583 1135 699 409 1580 521 1135 505
801 789 1250 1029 240 1054 789 1211 1074 144 1220 721 1190 1093 1140 989 1345 1308 1255 0 902 1569 1011 1360 891 264 1094 1772 972 1282 442 781 817 1142
767 755 746 213 1121 1038 755 706 569 921 1186 219 1156 588 1125 373 840 1144 438 902 0 1165 351 794 68 674 590 1267 467 777 1228 168 783 637
830 818 840 1054 1789 555 818 606 698 1588 381 1207 412 725 611 838 410 289 1033 1569 1165 0 860 949 1154 1341 602 449 834 872 1144 1140 783 731
791 820 441 226 1231 1103 820 401 264 1030 909 485 940 538 1190 68 536 839 324 1011 351 860 0 550 341 783 285 962 417 472 1293 434 848 332
1139 1168 529 668 1579 1300 1168 749 612 1379 998 897 1028 886 1356 528 624 928 388 1360 794 949 550 0 783 1132 633 1051 765 99 1641 830 1196 421
756 744 735 202 1110 1027 744 695 558 910 1176 208 1145 577 1114 362 830 1133 428 891 68 1154 341 783 0 663 579 1256 456 767 1217 157 772 626
573 561 1022 801 483 844 561 983 845 283 992 493 962 865 931 761 1117 1080 1027 264 674 1341 783 1132 663 0 866 1544 744 1054 634 553 589 914
532 561 523 478 1313 844 561 142 122 1113 651 631 681 333 931 262 277 581 583 1094 590 602 285 633 579 866 0 703 441 555 1034 564 589 415
1026 1056 941 1156 1991 848 1055 707 799 1791 673 1309 704 827 905 939 511 581 1135 1772 1267 449 962 1051 1256 1544 703 0 935 973 1407 1242 1029 833
512 541 656 474 1191 825 541 445 479 991 883 509 913 243 911 394 509 813 699 972 467 834 417 765 456 744 441 935 0 687 1014 442 569 547
1061 1091 452 666 1501 1222 1091 672 535 1301 920 819 951 809 1279 450 547 851 409 1282 777 872 472 99 767 1054 555 973 687 0 1563 752 1119 343
522 510 1531 1355 663 627 510 1038 1130 530 811 1046 781 906 714 1270 1102 899 1580 442 1228 1144 1293 1641 1217 634 1034 1407 1014 1563 0 1107 475 1423
646 634 720 295 1000 917 634 681 543 800 1066 176 1035 563 1004 455 815 1119 521 781 168 1140 434 830 157 553 564 1242 442 752 1107 0 662 612
78 65 1087 910 1036 285 65 593 685 836 434 602 403 461 372 825 657 521 1135 817 783 783 848 1196 772 589 589 1029 569 1119 475 662 0 978
921 950 148 526 1361 1082 950 531 394 1161 780 679 810 668 1138 309 406 710 505 1142 637 731 332 421 626 914 415 833 547 343 1423 612 978 0
EOF