NAME : tsp_problem
TYPE : TSP
DIMENSION : 68
EDGE_WEIGHT_TYPE : EXPLICIT
EDGE_WEIGHT_FORMAT : FULL_MATRIX
EDGE_WEIGHT_SECTION
0 657 590 2052 929 435 873 841 813 1016 619 640 537 671 644 579 722 457 577 3482 714 1472 774 1306 1371 1515 626 1399 838 606 1444 335 557 907 717 366 868 1012 555 2050 461 748 635 879 596 736 725 697 540 454 731 560 515 2043 471 1325 950 829 370 361 720 705 1040 502 1058 134 636 1958
657 0 549 1805 838 510 782 892 864 871 636 714 290 355 291 196 574 284 707 3507 620 1225 683 1059 1124 1268 700 1152 889 359 1197 359 310 816 547 705 777 1021 629 1803 681 799 709 930 554 787 577 526 615 539 560 519 268 1796 691 1078 805 738 590 574 572 614 792 461 967 683 710 1711
590 549 0 1685 744 649 853 1032 1004 752 776 854 283 304 278 472 455 424 416 3388 500 1105 823 940 1005 1148 840 1033 1029 239 1078 433 450 956 686 845 917 1161 769 1684 821 939 849 1070 97 927 458 666 754 214 700 126 314 1676 831 958 685 878 730 714 453 754 673 135 1107 617 850 1592
2052 1805 1685 0 1273 1758 1382 1769 1741 1228 1573 1663 1539 1560 1534 1728 1446 1679 1583 1993 1448 1389 1418 1223 1288 1431 1650 1316 1766 1475 1361 1755 1706 1468 1660 2007 1481 1672 1776 152 1982 1675 1658 1751 1691 1663 1434 1640 1792 1676 1674 1655 1569 145 1993 1241 1219 1538 1891 1876 1443 1481 1051 1597 1618 2061 1660 157
929 838 744 1273 0 518 142 529 501 372 333 423 598 619 592 760 511 712 644 2976 557 693 178 527 593 736 410 620 526 534 666 787 551 273 420 767 241 477 536 1272 742 435 418 556 749 423 514 400 552 734 434 714 628 1264 753 546 363 304 651 636 509 241 261 656 423 821 420 1180
435 510 649 1758 518 0 463 431 403 857 209 229 390 524 498 432 675 384 808 3189 721 1178 364 1012 1078 1221 216 1105 428 459 1150 459 223 497 360 273 457 601 145 1756 249 338 224 468 655 326 678 339 130 640 374 620 367 1749 259 1031 848 419 158 142 673 295 746 561 647 327 226 1664
873 782 853 1382 142 463 0 474 446 481 278 368 663 727 701 705 620 656 753 3084 665 802 123 636 701 845 355 729 471 643 774 732 495 218 365 711 185 422 481 1380 687 380 363 501 858 368 623 344 496 843 379 823 640 1373 697 655 471 249 596 580 618 186 369 765 368 765 365 1288
841 892 1032 1769 529 431 474 0 59 868 280 336 773 907 881 815 1007 766 1140 3471 1053 1189 374 1023 1088 1232 323 1116 49 842 1161 842 605 475 475 680 468 285 449 1767 655 170 331 152 1038 153 1010 455 465 1023 489 1002 750 1760 666 1042 858 382 564 549 1005 366 757 944 373 734 333 1675
813 864 1004 1741 501 403 446 59 0 839 252 308 745 879 852 786 978 738 1111 3443 1024 1161 346 995 1060 1203 294 1088 64 814 1133 813 577 447 447 651 440 257 421 1739 627 141 303 124 1009 124 982 426 436 994 460 974 722 1732 637 1013 830 354 536 520 976 338 728 916 345 705 304 1647
1016 871 752 1228 372 857 481 868 839 0 672 762 605 626 600 794 331 746 468 2930 333 648 517 482 547 691 748 575 865 541 620 821 772 566 759 1105 579 771 875 1226 1081 774 757 850 757 762 319 738 890 718 772 722 636 1219 1091 501 104 637 990 974 328 579 215 663 717 1043 758 1134
619 636 776 1573 333 209 278 280 252 672 0 114 516 650 624 558 801 510 934 3262 847 993 178 827 892 1035 100 920 277 586 965 585 349 312 218 457 272 450 227 1571 433 186 109 317 781 174 804 198 242 766 232 746 494 1564 443 845 662 233 342 326 799 110 560 688 462 511 110 1479
640 714 854 1663 423 229 368 336 308 762 114 0 595 729 702 636 879 588 1012 3283 925 1083 269 918 983 1126 47 1011 333 664 1056 663 427 402 309 478 362 507 247 1662 454 243 56 374 859 231 882 288 263 844 322 824 572 1654 464 936 753 324 363 347 877 200 651 766 552 532 58 1570
537 290 283 1539 598 390 663 773 745 605 516 595 0 158 131 212 308 164 441 3241 354 959 564 793 858 1002 581 886 770 93 931 239 191 697 427 586 657 901 510 1537 561 679 589 810 289 667 312 407 495 273 441 253 148 1530 572 812 539 619 470 455 306 495 527 195 847 564 591 1445
671 355 304 1560 619 524 727 907 879 626 650 729 158 0 84 346 329 298 462 3262 375 980 698 814 879 1023 715 907 904 114 952 373 325 831 561 720 791 1035 644 1558 696 814 724 944 309 802 332 541 629 294 575 274 188 1551 706 833 560 753 604 589 327 629 548 216 981 697 725 1466
644 291 278 1534 592 498 701 881 852 600 624 702 131 84 0 320 303 272 436 3236 349 954 671 788 853 996 689 881 878 88 926 347 299 805 535 693 765 1009 618 1532 669 787 697 918 283 775 306 515 603 268 549 248 162 1525 679 806 534 726 578 562 301 603 521 190 955 671 699 1440
579 196 472 1728 760 432 705 815 786 794 558 636 212 346 320 0 497 206 630 3430 543 1148 605 982 1047 1190 622 1075 812 282 1120 281 232 738 469 627 699 943 551 1726 603 721 631 852 477 709 500 448 537 462 482 442 190 1719 613 1000 728 660 512 496 495 536 715 383 889 605 633 1634
722 574 455 1446 511 675 620 1007 978 331 801 879 308 329 303 497 0 449 211 3148 80 866 656 700 765 908 866 793 1004 245 838 524 475 751 712 870 718 955 794 1444 846 913 874 1034 460 901 66 691 780 424 726 425 339 1437 856 718 264 781 755 739 75 718 433 367 901 748 876 1352
457 284 424 1679 712 384 656 766 738 746 510 588 164 298 272 206 449 0 542 3382 495 1100 557 934 999 1142 574 1027 763 234 1072 159 184 690 421 579 651 895 503 1678 555 673 583 804 429 661 452 400 489 414 434 394 142 1670 565 952 680 612 464 448 447 488 667 335 841 483 584 1586
577 707 416 1583 644 808 753 1140 1111 468 934 1012 441 462 436 630 211 542 0 3286 166 1004 789 838 903 1046 999 931 1137 378 976 420 608 884 845 836 851 1088 927 1582 931 1046 1007 1167 422 1034 204 825 913 280 859 386 472 1574 941 856 402 914 840 831 209 851 571 328 1034 604 1009 1490
3536 3469 3349 1954 2937 3243 3046 3433 3404 2892 3237 3326 3203 3224 3197 3391 3109 3343 3247 0 3111 3053 3082 2887 2952 3095 3313 2980 3430 3139 3025 3418 3370 3131 3324 3375 3144 3336 3293 1952 3350 3339 3321 3415 3354 3327 3098 3303 3278 3339 3337 3319 3233 1945 3361 2905 2883 3202 3259 3243 3107 3144 2715 3261 3282 3429 3323 1860
714 620 500 1448 557 721 665 1053 1024 333 847 925 354 375 349 543 80 495 166 3150 0 868 701 702 767 910 911 795 1050 290 840 556 521 786 758 916 764 990 840 1446 892 959 920 1069 506 947 68 737 826 416 771 471 385 1439 902 720 266 827 801 785 77 764 435 412 936 740 922 1354
1472 1225 1105 1389 693 1178 802 1189 1161 648 993 1083 959 980 954 1148 866 1100 1004 3091 868 0 838 409 474 472 1070 178 1186 895 223 1175 1126 888 1080 1427 901 1092 1196 1387 1403 1096 1078 1171 1111 1084 854 1060 1212 1096 1094 1076 990 1380 1413 427 639 958 1312 1296 863 901 471 1017 1038 1481 1080 1295
774 683 823 1418 178 364 123 374 346 517 178 269 564 698 671 605 656 557 789 3120 701 838 0 672 737 881 255 765 372 633 810 632 396 157 265 612 117 361 382 1416 588 281 264 412 828 269 659 245 397 813 279 793 541 1409 598 691 507 149 497 481 654 86 405 735 307 666 265 1324
1306 1059 940 1223 527 1012 636 1023 995 482 827 918 793 814 788 982 700 934 838 2925 702 409 672 0 186 329 904 336 1020 729 381 1009 960 722 914 1261 735 926 1030 1221 1237 930 912 1005 945 918 688 894 1046 930 928 910 824 1214 1247 139 473 792 1146 1130 698 735 305 851 872 1315 914 1129
1371 1124 1005 1288 593 1078 701 1088 1060 547 892 983 858 879 853 1047 765 999 903 2991 767 474 737 186 0 394 969 401 1085 795 446 1074 1025 787 979 1326 800 991 1096 1287 1302 995 978 1070 1010 983 753 959 1111 995 993 975 889 1279 1312 110 538 858 1211 1195 763 800 370 917 937 1380 979 1194
1515 1268 1148 1431 736 1221 845 1232 1203 691 1035 1126 1002 1023 996 1190 908 1142 1046 3134 910 472 881 329 394 0 1112 369 1229 938 269 1217 1169 930 1123 1469 943 1135 1239 1430 1445 1138 1121 1214 1153 1126 897 1102 1254 1138 1136 1118 1032 1422 1455 347 681 1001 1354 1338 906 943 513 1060 1081 1523 1122 1338
626 700 840 1650 410 216 355 323 294 748 100 47 581 715 689 622 866 574 999 3269 911 1070 255 904 969 1112 0 997 320 650 1042 649 413 389 295 464 349 493 234 1648 440 229 42 360 846 217 869 275 249 831 309 810 558 1641 450 922 739 310 349 333 864 186 637 752 539 518 44 1556
1399 1152 1033 1316 620 1105 729 1116 1088 575 920 1011 886 907 881 1075 793 1027 931 3018 795 178 765 336 401 369 997 0 1113 822 120 1102 1053 815 1007 1354 828 1019 1123 1314 1330 1023 1005 1098 1038 1011 781 987 1139 1023 1021 1003 917 1307 1340 354 566 885 1239 1223 791 828 398 944 965 1408 1007 1222
838 889 1029 1766 526 428 471 49 64 865 277 333 770 904 878 812 1004 763 1137 3468 1050 1186 372 1020 1085 1229 320 1113 0 839 1158 839 602 472 472 677 465 282 446 1764 652 167 328 149 1035 150 1007 452 462 1020 486 999 747 1757 663 1039 855 379 561 546 1002 363 754 941 370 731 330 1672
606 359 239 1475 534 459 643 842 814 541 586 664 93 114 88 282 245 234 378 3178 290 895 633 729 795 938 650 822 839 0 867 309 260 766 497 655 727 971 579 1474 631 749 659 880 245 737 248 476 564 230 510 209 124 1466 641 748 475 688 540 524 242 564 463 151 917 633 660 1381
1444 1197 1078 1361 666 1150 774 1161 1133 620 965 1056 931 952 926 1120 838 1072 976 3063 840 223 810 381 446 269 1042 120 1158 867 0 1147 1098 860 1052 1399 873 1064 1168 1360 1375 1068 1051 1143 1083 1056 826 1032 1184 1068 1066 1048 962 1352 1385 399 611 931 1284 1268 836 873 443 989 1010 1453 1052 1267
335 359 433 1755 787 459 732 842 813 821 585 663 239 373 347 281 524 159 420 3457 556 1175 632 1009 1074 1217 649 1102 839 309 1147 0 259 765 496 593 726 970 578 1753 630 748 658 879 438 736 527 475 564 296 509 403 217 1746 640 1027 755 687 539 523 522 563 742 345 916 361 660 1661
557 310 450 1706 551 223 495 605 577 772 349 427 191 325 299 232 475 184 608 3333 521 1126 396 960 1025 1169 413 1053 602 260 1098 259 0 529 260 418 490 734 342 1704 394 512 422 643 456 500 479 239 327 440 273 420 168 1697 404 979 706 451 303 287 473 327 694 362 680 472 423 1612
907 816 956 1468 273 497 218 475 447 566 312 402 697 831 805 738 751 690 884 3170 786 888 157 722 787 930 389 815 472 766 860 765 529 0 399 745 219 298 515 1466 721 381 397 378 962 369 754 378 530 947 413 926 674 1459 731 740 557 237 630 614 749 220 455 868 244 799 399 1374
717 547 686 1660 420 360 365 475 447 759 218 309 427 561 535 469 712 421 845 3362 758 1080 265 914 979 1123 295 1007 472 497 1052 496 260 399 0 555 359 603 421 1658 531 381 304 512 692 369 715 109 437 677 143 657 405 1651 541 933 749 320 440 424 710 197 647 598 549 609 305 1566
366 705 845 2007 767 273 711 680 651 1105 457 478 586 720 693 627 870 579 836 3320 916 1427 612 1261 1326 1469 464 1354 677 655 1399 593 418 745 555 0 706 850 393 2005 299 586 473 717 850 574 873 535 378 712 569 815 563 1998 309 1279 1096 667 208 199 868 543 994 757 896 258 474 1913
868 777 917 1481 241 457 185 468 440 579 272 362 657 791 765 699 718 651 851 3183 764 901 117 735 800 943 349 828 465 727 873 726 490 219 359 706 0 424 475 1479 682 375 357 503 922 362 721 339 491 907 373 887 635 1472 692 753 570 243 590 575 716 180 468 828 370 760 359 1387
1012 1021 1161 1672 477 601 422 285 257 771 450 507 901 1035 1009 943 955 895 1088 3374 990 1092 361 926 991 1135 493 1019 282 971 1064 970 734 298 603 850 424 0 619 1670 826 340 502 155 1166 323 958 583 635 1151 617 1131 879 1663 836 945 761 441 735 719 953 424 659 1072 163 904 503 1578
555 629 769 1776 536 145 481 449 421 875 227 247 510 644 618 551 794 503 927 3249 840 1196 382 1030 1096 1239 234 1123 446 579 1168 578 342 515 421 393 475 619 0 1775 369 356 242 487 775 344 798 401 91 760 435 739 487 1767 379 1049 866 437 278 262 792 313 764 681 665 447 244 1682
2050 1803 1684 152 1272 1756 1380 1767 1739 1226 1571 1662 1537 1558 1532 1726 1444 1678 1582 1991 1446 1387 1416 1221 1287 1430 1648 1314 1764 1474 1360 1753 1704 1466 1658 2005 1479 1670 1775 0 1981 1674 1657 1749 1689 1662 1432 1638 1790 1674 1672 1654 1568 138 1991 1240 1217 1537 1890 1874 1442 1479 1049 1596 1616 2059 1658 156
461 681 821 1982 742 249 687 655 627 1081 433 454 561 696 669 603 846 555 931 3296 892 1403 588 1237 1302 1445 440 1330 652 631 1375 630 394 721 531 299 682 826 369 1981 0 562 449 693 826 550 849 511 354 807 545 791 539 1973 31 1255 1072 643 109 175 844 519 970 733 872 353 450 1889
748 799 939 1675 435 338 380 170 141 774 186 243 679 814 787 721 913 673 1046 3378 959 1096 281 930 995 1138 229 1023 167 749 1068 748 512 381 381 586 375 340 356 1674 562 0 238 207 944 64 916 361 371 929 395 909 657 1666 572 948 765 288 471 455 911 273 663 851 428 640 239 1582
635 709 849 1658 418 224 363 331 303 757 109 56 589 724 697 631 874 583 1007 3277 920 1078 264 912 978 1121 42 1005 328 659 1051 658 422 397 304 473 357 502 242 1657 449 238 0 369 854 226 877 283 258 839 317 819 567 1649 459 931 748 319 358 342 872 195 646 761 547 527 52 1565
879 930 1070 1751 556 468 501 152 124 850 317 374 810 944 918 852 1034 804 1167 3453 1069 1171 412 1005 1070 1214 360 1098 149 880 1143 879 643 378 512 717 503 155 487 1749 693 207 369 0 1075 190 1037 492 502 1060 526 1040 788 1742 703 1024 840 419 602 586 1032 404 739 982 243 771 370 1657
596 554 97 1691 749 655 858 1038 1009 757 781 859 289 309 283 477 460 429 422 3393 506 1111 828 945 1010 1153 846 1038 1035 245 1083 438 456 962 692 850 922 1166 775 1689 826 944 854 1075 0 932 463 672 760 219 706 120 319 1682 836 963 691 883 735 719 458 760 678 141 1112 622 856 1597
736 787 927 1663 423 326 368 153 124 762 174 231 667 802 775 709 901 661 1034 3366 947 1084 269 918 983 1126 217 1011 150 737 1056 736 500 369 369 574 362 323 344 1662 550 64 226 190 932 0 904 349 359 917 383 897 645 1654 560 936 753 276 459 443 899 261 651 839 411 628 227 1570
725 577 458 1434 514 678 623 1010 982 319 804 882 312 332 306 500 66 452 204 3136 68 854 659 688 753 897 869 781 1007 248 826 527 479 754 715 873 721 958 798 1432 849 916 877 1037 463 904 0 695 783 427 729 428 342 1425 859 707 253 785 758 742 63 722 421 370 904 752 879 1340
697 526 666 1640 400 339 344 455 426 738 198 288 407 541 515 448 691 400 825 3342 737 1060 245 894 959 1102 275 987 452 476 1032 475 239 378 109 535 339 583 401 1638 511 361 283 492 672 349 695 0 417 657 77 636 384 1631 521 912 729 300 420 404 689 176 627 578 529 589 285 1546
540 615 754 1792 552 130 496 465 436 890 242 263 495 629 603 537 780 489 913 3234 826 1212 397 1046 1111 1254 249 1139 462 564 1184 564 327 530 437 378 491 635 91 1790 354 371 258 502 760 359 783 417 0 745 451 724 472 1783 364 1064 881 452 263 247 778 328 779 666 681 432 259 1698
454 539 214 1676 734 640 843 1023 994 718 766 844 273 294 268 462 424 414 280 3378 416 1096 813 930 995 1138 831 1023 1020 230 1068 296 440 947 677 712 907 1151 760 1674 807 929 839 1060 219 917 427 657 745 0 691 184 304 1667 817 948 652 868 716 704 422 745 663 126 1097 480 841 1582
731 560 700 1674 434 374 379 489 460 772 232 322 441 575 549 482 726 434 859 3376 771 1094 279 928 993 1136 309 1021 486 510 1066 509 273 413 143 569 373 617 435 1672 545 395 317 526 706 383 729 77 451 691 0 670 418 1665 555 946 763 334 454 438 724 210 661 612 563 623 319 1580
560 519 126 1655 714 620 823 1002 974 722 746 824 253 274 248 442 425 394 386 3358 471 1076 793 910 975 1118 810 1003 999 209 1048 403 420 926 657 815 887 1131 739 1654 791 909 819 1040 120 897 428 636 724 184 670 0 284 1646 801 928 655 848 700 684 423 724 643 105 1077 587 820 1562
515 268 314 1569 628 367 640 750 722 636 494 572 148 188 162 190 339 142 472 3272 385 990 541 824 889 1032 558 917 747 124 962 217 168 674 405 563 635 879 487 1568 539 657 567 788 319 645 342 384 472 304 418 284 0 1561 549 842 570 596 448 432 337 472 557 225 825 541 568 1476
2043 1796 1676 145 1264 1749 1373 1760 1732 1219 1564 1654 1530 1551 1525 1719 1437 1670 1574 1984 1439 1380 1409 1214 1279 1422 1641 1307 1757 1466 1352 1746 1697 1459 1651 1998 1472 1663 1767 138 1973 1666 1649 1742 1682 1654 1425 1631 1783 1667 1665 1646 1561 0 1984 1232 1210 1529 1882 1867 1434 1472 1042 1588 1609 2052 1651 148
471 691 831 1993 753 259 697 666 637 1091 443 464 572 706 679 613 856 565 941 3306 902 1413 598 1247 1312 1455 450 1340 663 641 1385 640 404 731 541 309 692 836 379 1991 31 572 459 703 836 560 859 521 364 817 555 801 549 1984 0 1265 1082 653 119 185 854 529 980 743 882 363 460 1899
1325 1078 958 1241 546 1031 655 1042 1013 501 845 936 812 833 806 1000 718 952 856 2944 720 427 691 139 110 347 922 354 1039 748 399 1027 979 740 933 1279 753 945 1049 1240 1255 948 931 1024 963 936 707 912 1064 948 946 928 842 1232 1265 0 491 811 1164 1148 716 753 323 870 891 1333 932 1148
950 805 685 1219 363 848 471 858 830 104 662 753 539 560 534 728 264 680 402 2921 266 639 507 473 538 681 739 566 855 475 611 755 706 557 749 1096 570 761 866 1217 1072 765 748 840 691 753 253 729 881 652 763 655 570 1210 1082 491 0 628 981 965 262 570 206 597 707 976 749 1125
829 738 878 1538 304 419 249 382 354 637 233 324 619 753 726 660 781 612 914 3241 827 958 149 792 858 1001 310 885 379 688 931 687 451 237 320 667 243 441 437 1537 643 288 319 419 883 276 785 300 452 868 334 848 596 1529 653 811 628 0 552 536 779 141 526 790 387 721 320 1445
370 590 730 1891 651 158 596 564 536 990 342 363 470 604 578 512 755 464 840 3205 801 1312 497 1146 1211 1354 349 1239 561 540 1284 539 303 630 440 208 590 735 278 1890 109 471 358 602 735 459 758 420 263 716 454 700 448 1882 119 1164 981 552 0 84 753 428 879 642 780 262 359 1798
361 574 714 1876 636 142 580 549 520 974 326 347 455 589 562 496 739 448 831 3189 785 1296 481 1130 1195 1338 333 1223 546 524 1268 523 287 614 424 199 575 719 262 1874 175 455 342 586 719 443 742 404 247 704 438 684 432 1867 185 1148 965 536 84 0 737 412 863 626 765 253 343 1782
720 572 453 1443 509 673 618 1005 976 328 799 877 306 327 301 495 75 447 209 3146 77 863 654 698 763 906 864 791 1002 242 836 522 473 749 710 868 716 953 792 1442 844 911 872 1032 458 899 63 689 778 422 724 423 337 1434 854 716 262 779 753 737 0 716 431 364 899 746 874 1350
705 614 754 1481 241 295 186 366 338 579 110 200 495 629 603 536 718 488 851 3183 764 901 86 735 800 943 186 828 363 564 873 563 327 220 197 543 180 424 313 1479 519 273 195 404 760 261 722 176 328 745 210 724 472 1472 529 753 570 141 428 412 716 0 468 666 370 597 196 1387
1040 792 673 1051 261 746 369 757 728 215 560 651 527 548 521 715 433 667 571 2753 435 471 405 305 370 513 637 398 754 463 443 742 694 455 647 994 468 659 764 1049 970 663 646 739 678 651 421 627 779 663 661 643 557 1042 980 323 206 526 879 863 431 468 0 585 605 1048 647 957
502 461 135 1597 656 561 765 944 916 663 688 766 195 216 190 383 367 335 328 3300 412 1017 735 851 917 1060 752 944 941 151 989 345 362 868 598 757 828 1072 681 1596 733 851 761 982 141 839 370 578 666 126 612 105 225 1588 743 870 597 790 642 626 364 666 585 0 1018 529 762 1503
1058 967 1107 1618 423 647 368 373 345 717 462 552 847 981 955 889 901 841 1034 3320 936 1038 307 872 937 1081 539 965 370 917 1010 916 680 244 549 896 370 163 665 1616 872 428 547 243 1112 411 904 529 681 1097 563 1077 825 1609 882 891 707 387 780 765 899 370 605 1018 0 950 549 1524
134 683 617 2061 821 327 765 734 705 1043 511 532 564 697 671 605 748 483 604 3374 740 1481 666 1315 1380 1523 518 1408 731 633 1453 361 472 799 609 258 760 904 447 2059 353 640 527 771 622 628 752 589 432 480 623 587 541 2052 363 1333 976 721 262 253 746 597 1048 529 950 0 528 1967
636 710 850 1660 420 226 365 333 304 758 110 58 591 725 699 633 876 584 1009 3279 922 1080 265 914 979 1122 44 1007 330 660 1052 660 423 399 305 474 359 503 244 1658 450 239 52 370 856 227 879 285 259 841 319 820 568 1651 460 932 749 320 359 343 874 196 647 762 549 528 0 1566
1958 1711 1592 157 1180 1664 1288 1675 1647 1134 1479 1570 1445 1466 1440 1634 1352 1586 1490 1899 1354 1295 1324 1129 1194 1338 1556 1222 1672 1381 1267 1661 1612 1374 1566 1913 1387 1578 1682 156 1889 1582 1565 1657 1597 1570 1340 1546 1698 1582 1580 1562 1476 148 1899 1148 1125 1445 1798 1782 1350 1387 957 1503 1524 1967 1566 0
EOF