NAME : tsp_problem
TYPE : TSP
DIMENSION : 42
EDGE_WEIGHT_TYPE : EXPLICIT
EDGE_WEIGHT_FORMAT : FULL_MATRIX
EDGE_WEIGHT_SECTION
0 448 1011 1226 1091 732 2872 586 542 593 771 918 944 611 730 563 1011 619 1505 1133 578 784 858 825 996 1124 986 592 801 818 1022 812 898 861 772 922 942 557 890 813 892 814
448 0 595 861 1076 316 2857 520 126 269 756 743 769 194 714 239 594 295 1489 768 162 368 441 409 580 759 971 342 713 803 605 514 482 846 756 906 589 233 474 563 476 799
1011 595 0 491 1288 711 2890 581 498 734 968 516 541 590 927 802 201 858 1702 398 557 266 346 357 444 389 1183 737 485 1015 213 581 386 1058 968 1119 452 796 378 335 175 1011
1226 861 491 0 1386 977 3166 678 764 1000 1066 488 465 855 1024 1068 395 1124 1799 140 823 555 504 515 733 132 1280 1003 583 1112 406 870 544 1155 1066 1216 741 1062 536 432 504 1108
1091 1076 1288 1386 0 1360 2836 745 1170 1221 404 1043 1068 1239 413 1191 1192 1247 1469 1293 1206 1353 1159 1171 1530 1284 950 1337 961 451 1203 1558 1199 379 404 886 1539 1185 1191 973 1301 447
732 316 711 977 1360 0 3140 804 242 169 1040 860 885 311 998 522 711 579 1773 884 278 484 558 525 697 876 1254 458 829 1086 722 631 598 1129 1040 1190 705 517 590 679 592 1082
2833 2818 2934 3128 2798 3102 0 2487 2912 2963 2478 2785 2810 2981 2436 2933 2933 2990 1533 3035 2948 2863 2901 2913 2976 3026 1913 3079 2703 2524 2945 3114 2942 2567 2478 1969 2985 2927 2934 2715 2866 2520
586 520 581 678 745 804 2526 0 614 665 425 381 406 683 384 635 485 691 1159 585 650 645 452 463 823 577 640 781 254 472 496 960 492 515 425 576 831 629 484 265 594 468
542 126 498 764 1170 242 2951 614 0 266 850 646 672 121 809 333 497 390 1584 671 88 271 344 312 483 662 1065 268 616 897 508 441 385 940 851 1001 492 327 377 466 379 893
593 269 734 1000 1221 169 3002 665 266 0 901 883 908 334 860 384 734 441 1634 907 302 508 581 549 720 899 1116 482 853 948 745 654 621 991 901 1052 728 378 613 703 615 944
771 756 968 1066 404 1040 2516 425 850 901 0 723 748 919 68 871 872 927 1149 973 886 1033 839 850 1210 964 630 1017 641 106 883 1238 879 149 59 566 1218 865 871 653 981 102
918 743 516 488 1043 860 2824 381 646 883 723 0 58 738 682 950 420 1007 1457 395 706 580 387 398 758 386 938 886 286 770 431 895 427 813 723 874 766 945 419 200 529 766
944 769 541 465 1068 885 2849 406 672 908 748 58 0 763 707 976 445 1032 1482 372 731 605 412 423 783 363 963 911 311 795 456 920 452 838 749 899 791 970 444 225 554 791
611 194 590 855 1239 311 3019 683 121 334 919 738 763 0 877 401 589 458 1652 762 83 363 436 404 575 754 1133 263 708 965 600 435 476 1008 919 1069 565 396 469 558 470 961
730 714 927 1024 413 998 2475 384 809 860 68 682 707 877 0 829 830 886 1107 931 845 991 798 809 1169 923 589 976 599 115 842 1197 838 158 68 525 1177 824 830 611 939 111
563 239 802 1068 1191 522 2971 635 333 384 871 950 976 401 829 0 801 114 1604 975 369 575 648 616 787 966 1085 294 850 918 812 515 689 961 871 1021 645 142 681 770 683 914
1011 594 201 395 1192 711 2890 485 497 734 872 420 445 589 830 801 0 858 1605 302 557 266 250 261 443 293 1087 737 389 919 43 581 290 962 872 1022 452 796 282 239 214 915
619 295 858 1124 1247 579 3028 691 390 441 927 1007 1032 458 886 114 858 0 1661 1031 426 632 705 673 844 1023 1142 351 907 974 869 572 745 1017 928 1078 702 199 737 827 739 970
1505 1489 1702 1799 1469 1773 1571 1159 1584 1634 1149 1457 1482 1652 1107 1604 1605 1661 0 1706 1620 1766 1573 1584 1944 1698 584 1751 1374 1196 1617 1971 1613 1239 1149 640 1952 1599 1605 1386 1714 1192
1133 768 398 140 1293 884 3073 585 671 907 973 395 372 762 931 975 302 1031 1706 0 730 463 411 422 640 67 1187 910 490 1019 313 777 451 1062 973 1123 648 969 443 340 411 1015
578 162 557 823 1206 278 2987 650 88 302 886 706 731 83 845 369 557 426 1620 730 0 330 404 371 543 721 1101 202 675 933 568 374 444 976 886 1037 505 363 436 525 438 929
784 368 266 555 1353 484 2809 645 271 508 1033 580 605 363 991 575 266 632 1766 463 330 0 323 290 252 454 1247 510 550 1079 277 389 363 1122 1033 1183 260 569 355 400 147 1076
858 441 346 504 1159 558 2940 452 344 581 839 387 412 436 798 648 250 705 1573 411 404 323 0 96 535 402 1054 584 356 886 261 673 55 929 839 990 544 643 47 206 359 882
825 409 357 515 1171 525 2951 463 312 549 850 398 423 404 809 616 261 673 1584 422 371 290 96 0 503 414 1065 551 368 897 272 640 136 940 851 1001 511 610 128 217 370 893
996 580 444 733 1530 697 2922 823 483 720 1210 758 783 575 1169 787 443 844 1944 640 543 252 535 503 0 631 1425 640 727 1257 455 421 576 1300 1210 1361 292 782 568 577 325 1253
1124 759 389 132 1284 876 3065 577 662 899 964 386 363 754 923 966 293 1023 1698 67 721 454 402 414 631 0 1179 902 481 1011 304 769 443 1054 964 1115 640 961 435 331 402 1007
986 971 1183 1280 950 1254 1952 640 1065 1116 630 938 963 1133 589 1085 1087 1142 584 1187 1101 1247 1054 1065 1425 1179 0 1232 856 677 1098 1453 1094 720 630 222 1433 1080 1086 867 1196 673
592 342 737 1003 1337 458 3118 781 268 482 1017 886 911 263 976 294 737 351 1751 910 202 510 584 551 640 902 1232 0 856 1064 748 245 624 1107 1018 1168 375 289 616 705 618 1060
801 713 485 583 961 829 2742 254 616 853 641 286 311 708 599 850 389 907 1374 490 675 550 356 368 727 481 856 856 0 688 400 865 397 731 641 791 736 845 389 170 498 684
818 803 1015 1112 451 1086 2563 472 897 948 106 770 795 965 115 918 919 974 1196 1019 933 1079 886 897 1257 1011 677 1064 688 0 930 1285 926 195 106 613 1265 912 918 699 1028 149
1022 605 213 406 1203 722 2901 496 508 745 883 431 456 600 842 812 43 869 1617 313 568 277 261 272 455 304 1098 748 400 930 0 592 301 973 883 1034 463 807 293 250 225 926
812 514 581 870 1558 631 3059 960 441 654 1238 895 920 435 1197 515 581 572 1971 777 374 389 673 640 421 769 1453 245 865 1285 592 0 713 1328 1238 1389 235 509 705 714 462 1281
898 482 386 544 1199 598 2980 492 385 621 879 427 452 476 838 689 290 745 1613 451 444 363 55 136 576 443 1094 624 397 926 301 713 0 969 880 1030 584 683 69 246 399 922
861 846 1058 1155 379 1129 2606 515 940 991 149 813 838 1008 158 961 962 1017 1239 1062 976 1122 929 940 1300 1054 720 1107 731 195 973 1328 969 0 149 656 1308 955 961 742 1071 192
772 756 968 1066 404 1040 2517 425 851 901 59 723 749 919 68 871 872 928 1149 973 886 1033 839 851 1210 964 630 1018 641 106 883 1238 880 149 0 566 1219 866 872 653 981 65
922 906 1119 1216 886 1190 2008 576 1001 1052 566 874 899 1069 525 1021 1022 1078 640 1123 1037 1183 990 1001 1361 1115 222 1168 791 613 1034 1389 1030 656 566 0 1369 1016 1022 803 1131 609
942 589 452 741 1539 705 2930 831 492 728 1218 766 791 565 1177 645 452 702 1952 648 505 260 544 511 292 640 1433 375 736 1265 463 235 584 1308 1219 1369 0 640 576 585 333 1261
557 233 796 1062 1185 517 2966 629 327 378 865 945 970 396 824 142 796 199 1599 969 363 569 643 610 782 961 1080 289 845 912 807 509 683 955 866 1016 640 0 675 764 677 908
890 474 378 536 1191 590 2972 484 377 613 871 419 444 469 830 681 282 737 1605 443 436 355 47 128 568 435 1086 616 389 918 293 705 69 961 872 1022 576 675 0 238 391 914
813 563 335 432 973 679 2753 265 466 703 653 200 225 558 611 770 239 827 1386 340 525 400 206 217 577 331 867 705 170 699 250 714 246 742 653 803 585 764 238 0 348 695
892 476 175 504 1301 592 2822 594 379 615 981 529 554 470 939 683 214 739 1714 411 438 147 359 370 325 402 1196 618 498 1028 225 462 399 1071 981 1131 333 677 391 348 0 1024
814 799 1011 1108 447 1082 2559 468 893 944 102 766 791 961 111 914 915 970 1192 1015 929 1076 882 893 1253 1007 673 1060 684 149 926 1281 922 192 65 609 1261 908 914 695 1024 0
EOF