NAME : tsp_problem
TYPE : TSP
DIMENSION : 30
EDGE_WEIGHT_TYPE : EXPLICIT
EDGE_WEIGHT_FORMAT : FULL_MATRIX
EDGE_WEIGHT_SECTION
0 942 3229 753 1159 1115 672 735 694 824 895 851 843 791 730 1100 830 1076 3629 838 647 941 475 875 1012 1079 657 624 1029 695
942 0 3044 1134 1134 1125 1151 1214 1173 284 152 127 1439 801 310 1484 1147 1086 3902 848 462 960 954 885 1044 1089 667 1102 1004 1213
3191 3005 0 3383 3383 3373 3399 3462 3421 2887 2959 2914 3441 3049 2793 3437 3218 3334 3511 3097 2638 3209 3203 3133 3292 3338 2916 3351 3253 3462
753 1134 3345 0 603 517 393 457 415 1016 1087 1043 538 470 922 535 265 478 3063 413 839 292 457 268 375 481 500 345 621 456
1159 1134 3422 603 0 125 891 955 914 1016 1088 1043 815 515 922 811 474 147 3229 466 840 334 955 405 371 150 546 843 151 954
1115 1125 3412 517 125 0 806 869 828 1007 1078 1033 729 461 913 725 388 61 3143 403 830 248 869 319 285 64 491 757 254 868
672 1151 3438 393 891 806 0 376 128 1033 1104 1059 330 759 939 680 470 767 3269 701 856 581 376 557 652 770 789 264 910 104
735 1214 3501 457 955 869 376 0 398 1096 1167 1122 665 822 1002 804 534 830 3333 765 919 645 370 620 716 834 853 135 974 438
694 1173 3460 415 914 828 128 398 0 1055 1126 1081 417 781 961 762 493 789 3291 724 878 603 398 579 674 792 811 286 932 190
824 284 2926 1016 1016 1007 1033 1096 1055 0 237 193 1321 683 191 1366 1029 968 3784 730 344 842 836 767 926 971 549 984 886 1095
895 152 2997 1087 1088 1078 1104 1167 1126 237 0 81 1393 754 264 1438 1100 1039 3856 801 415 914 907 838 997 1042 620 1056 957 1166
851 127 2953 1043 1043 1033 1059 1122 1081 193 81 0 1348 709 219 1393 1055 994 3811 757 371 869 863 793 953 998 576 1011 913 1122
843 1439 3386 538 815 729 330 665 417 1321 1393 1348 0 824 1227 376 371 690 3105 767 1145 551 664 622 552 693 854 553 944 331
791 801 3088 470 515 461 759 822 781 683 754 709 824 0 589 820 483 422 3238 184 506 296 752 221 380 425 167 710 385 821
730 310 2832 922 922 913 939 1002 961 191 264 219 1227 589 0 1273 935 874 3690 636 250 748 742 673 832 877 455 890 792 1001
1100 1484 3383 535 811 725 680 804 762 1366 1438 1393 376 820 1273 0 367 686 3101 763 1190 547 804 618 549 690 851 692 941 681
830 1147 3175 265 474 388 470 534 493 1029 1100 1055 371 483 935 367 0 349 2893 425 852 209 534 281 211 352 513 422 603 533
1076 1086 3373 478 147 61 767 830 789 968 1039 994 690 422 874 686 349 0 3104 364 791 209 830 280 246 58 452 718 276 829
3660 3922 3561 3094 3249 3164 3300 3364 3322 3804 3876 3831 3136 3258 3711 3132 2913 3125 0 3201 3628 2985 3363 3056 2987 3128 3289 3252 3379 3363
838 848 3135 413 466 403 701 765 724 730 801 757 767 184 636 763 425 364 3181 0 553 239 765 163 323 368 214 653 335 764
647 462 2677 839 840 830 856 919 878 344 415 371 1145 506 250 1190 852 791 3608 553 0 666 659 590 749 794 372 808 709 918
941 960 3247 292 334 248 581 645 603 842 914 869 551 296 748 547 209 209 2965 239 666 0 644 94 106 212 327 533 448 643
475 954 3241 457 955 869 376 370 398 836 907 863 664 752 742 804 534 830 3332 765 659 644 0 620 715 833 619 327 973 438
875 885 3172 268 405 319 557 620 579 767 838 793 622 221 673 618 281 280 3036 163 590 94 620 0 178 283 251 508 372 619
1012 1044 3248 375 371 285 652 716 674 926 997 953 552 380 832 549 211 246 2967 323 749 106 715 178 0 249 410 604 500 714
1079 1089 3376 481 150 64 770 834 792 971 1042 998 693 425 877 690 352 58 3108 368 794 212 833 283 249 0 455 722 279 832
657 667 2954 500 546 491 789 853 811 549 620 576 854 167 455 851 513 452 3269 214 372 327 619 251 410 455 0 741 415 851
624 1102 3390 345 843 757 264 135 286 984 1056 1011 553 710 890 692 422 718 3221 653 808 533 327 508 604 722 741 0 862 326
1029 1004 3291 621 151 254 910 974 932 886 957 913 944 385 792 941 603 276 3358 335 709 448 973 372 500 279 415 862 0 973
695 1213 3500 456 954 868 104 438 190 1095 1166 1122 331 821 1001 681 533 829 3331 764 918 643 438 619 714 832 851 326 973 0
EOF