NAME : tsp_problem
TYPE : TSP
DIMENSION : 42
EDGE_WEIGHT_TYPE : EXPLICIT
EDGE_WEIGHT_FORMAT : FULL_MATRIX
EDGE_WEIGHT_SECTION
0 447 736 1157 1429 960 882 908 788 745 269 722 611 3567 394 3582 770 1117 3014 739 949 866 146 602 583 990 960 111 453 415 912 451 594 346 762 912 847 895 294 408 682 888
447 0 791 1213 1484 757 910 963 584 542 208 518 643 3364 593 3379 567 1172 3069 794 745 785 516 657 380 1017 1015 386 175 212 781 278 649 544 769 967 875 950 201 235 479 685
736 791 0 947 1219 424 240 697 318 448 612 563 838 3273 417 3288 519 907 2804 278 509 263 795 295 578 347 750 809 796 703 321 900 384 782 156 702 205 684 823 856 866 515
1157 1213 947 0 330 1278 1134 959 1172 1302 1034 1417 1687 3503 839 3517 1373 1168 1915 1035 1363 1157 1217 899 1348 1241 1011 1230 1218 1180 1208 1321 645 1204 1050 963 1099 946 1245 1278 1448 1369
1429 1484 1219 330 0 1550 1405 1230 1444 1574 1305 1689 1958 3246 1110 3260 1644 1440 1658 1307 1634 1429 1488 1170 1619 1512 1283 1502 1489 1452 1480 1593 916 1475 1321 1235 1370 1217 1516 1549 1719 1640
960 757 424 1278 1550 0 444 1029 196 327 720 264 538 2974 748 2989 219 1238 3052 397 210 318 1068 414 444 496 1081 972 762 569 172 865 715 1056 303 1033 409 1016 789 822 732 216
882 910 240 1134 1405 444 0 884 338 468 759 583 857 3293 603 3307 538 1094 2990 298 528 283 982 314 598 294 937 955 915 722 341 1019 570 969 175 889 53 871 942 976 886 534
908 963 697 959 1230 1029 884 0 923 1053 784 1168 1437 3878 589 3892 1123 223 2815 786 1113 908 967 649 1098 991 66 981 968 931 958 1072 356 954 800 479 849 462 995 1028 1198 1119
788 584 318 1172 1444 196 338 923 0 142 548 312 610 3045 642 3060 291 1132 3029 291 281 213 896 308 272 445 975 800 590 396 208 693 609 884 197 927 303 910 616 650 560 287
745 542 448 1302 1574 327 468 1053 142 0 506 269 569 3115 772 3130 318 1262 3159 421 411 343 854 438 230 575 1105 758 547 354 338 651 739 842 327 1057 433 1040 574 607 517 417
269 208 612 1034 1305 720 759 784 548 506 0 482 682 3328 414 3342 530 994 2890 615 709 743 377 478 343 866 836 342 213 176 744 317 470 365 638 789 724 771 240 273 443 649
722 518 563 1417 1689 264 583 1168 312 269 482 0 325 2872 867 2886 74 1377 2949 536 253 458 830 553 206 636 1220 734 524 331 312 627 854 818 442 1172 548 1155 551 584 494 193
611 643 838 1687 1958 538 857 1437 610 569 682 325 0 3082 965 3096 348 1646 3159 811 527 732 653 827 505 910 1489 523 649 531 586 621 1123 900 716 1442 822 1424 465 578 694 467
3598 3395 3293 3576 3319 2994 3313 3898 3066 3146 3359 2903 3113 0 3617 98 2912 4107 3355 3266 2983 3188 3707 3283 3083 3366 3950 3610 3400 3207 3042 3504 3584 3695 3172 3902 3278 3885 3427 3461 3371 2974
394 593 417 839 1110 748 603 589 642 772 414 867 965 3597 0 3612 842 798 2695 505 833 627 416 368 728 711 641 465 598 561 678 702 275 403 519 593 569 576 625 658 828 839
3613 3410 3308 3591 3334 3009 3328 3912 3080 3161 3373 2918 3127 98 3632 0 2927 4122 3370 3281 2998 3202 3722 3297 3097 3380 3965 3625 3415 3222 3056 3519 3599 3710 3187 3917 3293 3900 3442 3475 3385 2989
770 567 519 1373 1644 219 538 1123 291 318 530 74 348 2892 842 2907 0 1333 2970 491 208 413 878 508 254 591 1175 782 572 379 267 675 809 866 397 1128 503 1110 599 632 542 148
1117 1172 907 1168 1440 1238 1094 223 1132 1262 994 1377 1646 4087 798 4102 1333 0 3025 995 1323 1117 1177 859 1308 1201 172 1190 1178 1140 1168 1281 565 1164 1010 449 1059 432 1205 1238 1407 1329
2975 3030 2765 1876 1619 3095 2952 2777 2990 3120 2852 3004 3214 3305 2656 3319 3013 2986 0 2853 3085 2975 3035 2717 3166 3059 2829 3048 3036 2998 3026 3139 2463 3022 2868 2781 2917 2764 3063 3096 3265 3075
739 794 278 1035 1307 397 298 786 291 421 615 536 811 3246 505 3261 491 995 2892 0 482 282 847 171 551 405 838 812 799 676 327 903 472 835 178 790 263 773 826 859 839 488
949 745 509 1363 1634 210 528 1113 281 411 709 253 527 2963 833 2978 208 1323 3041 482 0 403 1057 498 433 581 1166 961 751 558 257 854 799 1045 388 1118 493 1100 778 811 721 117
866 785 263 1157 1429 318 283 908 213 343 743 458 732 3167 627 3182 413 1117 3014 282 403 0 975 298 472 390 960 939 790 597 201 894 594 963 127 912 248 895 817 850 760 409
146 516 795 1217 1488 1068 982 967 896 854 377 830 653 3676 416 3691 878 1177 3074 847 1057 975 0 711 691 1089 1020 153 521 524 1020 493 653 270 871 972 947 954 337 450 791 997
602 657 295 899 1170 414 314 649 308 438 478 553 827 3263 368 3277 508 859 2755 171 498 298 711 0 568 421 701 675 662 625 343 766 335 699 194 654 279 636 689 723 855 504
583 380 578 1348 1619 444 598 1098 272 230 343 206 505 3052 728 3066 254 1308 3129 551 433 472 691 568 0 705 1151 595 385 192 468 488 784 680 457 1103 563 1085 412 445 355 373
990 1017 347 1241 1512 496 294 991 445 575 866 636 910 3345 711 3360 591 1201 3098 405 581 390 1089 421 705 0 1044 1063 1022 829 364 1126 677 1076 282 996 259 978 1049 1083 993 587
960 1015 750 1011 1283 1081 937 66 975 1105 836 1220 1489 3930 641 3945 1175 172 2868 838 1166 960 1020 701 1151 1044 0 1033 1020 983 1011 1124 408 1006 853 532 902 514 1047 1081 1250 1172
111 386 809 1230 1502 972 955 981 800 758 342 734 523 3579 465 3594 782 1190 3087 812 961 939 153 675 595 1063 1033 0 391 428 985 363 667 400 835 985 921 968 207 320 695 901
453 175 796 1218 1489 762 915 968 590 547 213 524 649 3369 598 3384 572 1178 3074 799 751 790 521 662 385 1022 1020 391 0 217 786 283 654 549 775 973 880 955 207 240 484 690
415 212 703 1180 1452 569 722 931 396 354 176 331 531 3176 561 3191 379 1140 3037 676 558 597 524 625 192 829 983 428 217 0 593 321 617 512 582 935 687 918 244 277 292 497
912 781 321 1208 1480 172 341 958 208 338 744 312 586 3021 678 3036 267 1168 3065 327 257 201 1020 343 468 364 1011 985 786 593 0 890 645 1008 185 963 306 946 813 846 756 263
451 278 900 1321 1593 865 1019 1072 693 651 317 627 621 3473 702 3487 675 1281 3178 903 854 894 493 766 488 1126 1124 363 283 321 890 0 758 653 878 1076 984 1059 179 113 588 794
594 649 384 645 916 715 570 356 609 739 470 854 1123 3564 275 3578 809 565 2501 472 799 594 653 335 784 677 408 667 654 617 645 758 0 640 486 360 535 343 681 714 884 805
346 544 782 1204 1475 1056 969 954 884 842 365 818 900 3664 403 3679 866 1164 3060 835 1045 963 270 699 680 1076 1006 400 549 512 1008 653 640 0 859 959 934 941 576 610 779 985
762 769 156 1050 1321 303 175 800 197 327 638 442 716 3152 519 3167 397 1010 2906 178 388 127 871 194 457 282 853 835 775 582 185 878 486 859 0 805 140 787 802 835 745 394
912 967 702 963 1235 1033 889 479 927 1057 789 1172 1442 3882 593 3897 1128 449 2820 790 1118 912 972 654 1103 996 532 985 973 935 963 1076 360 959 805 0 854 61 1000 1033 1202 1124
847 875 205 1099 1370 409 53 849 303 433 724 548 822 3258 569 3272 503 1059 2955 263 493 248 947 279 563 259 902 921 880 687 306 984 535 934 140 854 0 836 907 941 851 499
895 950 684 946 1217 1016 871 462 910 1040 771 1155 1424 3865 576 3879 1110 432 2802 773 1100 895 954 636 1085 978 514 968 955 918 946 1059 343 941 787 61 836 0 982 1015 1185 1106
294 201 823 1245 1516 789 942 995 616 574 240 551 465 3396 625 3411 599 1205 3101 826 778 817 337 689 412 1049 1047 207 207 244 813 179 681 576 802 1000 907 982 0 136 511 717
408 235 856 1278 1549 822 976 1028 650 607 273 584 578 3429 658 3444 632 1238 3135 859 811 850 450 723 445 1083 1081 320 240 277 846 113 714 610 835 1033 941 1015 136 0 545 751
682 479 866 1448 1719 732 886 1198 560 517 443 494 694 3339 828 3354 542 1407 3304 839 721 760 791 855 355 993 1250 695 484 292 756 588 884 779 745 1202 851 1185 511 545 0 661
888 685 515 1369 1640 216 534 1119 287 417 649 193 467 2954 839 2969 148 1329 3032 488 117 409 997 504 373 587 1172 901 690 497 263 794 805 985 394 1124 499 1106 717 751 661 0
EOF