NAME : tsp_problem
TYPE : TSP
DIMENSION : 64
EDGE_WEIGHT_TYPE : EXPLICIT
EDGE_WEIGHT_FORMAT : FULL_MATRIX
EDGE_WEIGHT_SECTION
0 188 350 644 761 294 212 548 279 199 191 301 692 951 446 937 195 1680 688 917 2971 517 301 310 540 136 814 619 635 114 194 795 804 192 320 916 1102 514 483 606 677 792 2945 504 787 178 509 886 568 223 750 581 202 123 121 446 201 305 942 276 856 467 125 373
188 0 419 537 654 362 370 441 348 357 349 369 761 844 540 1006 353 1838 580 809 3130 578 370 379 602 295 883 511 528 90 130 687 872 84 389 985 1171 583 545 498 569 861 3103 565 680 115 571 955 460 381 819 474 360 281 279 515 138 374 1010 275 925 536 284 434
350 419 0 875 992 284 439 779 270 426 511 291 637 941 304 882 422 2000 919 906 3292 837 292 301 861 345 760 850 762 345 425 1026 749 423 311 862 1047 419 804 837 908 738 3266 824 787 409 830 831 799 450 696 812 523 443 442 279 432 296 887 596 801 300 446 693
644 537 875 0 138 675 826 342 667 813 666 756 653 486 996 930 810 2040 222 451 3332 546 683 766 523 751 807 396 169 546 586 172 797 541 776 909 1095 591 733 140 211 785 3306 754 321 571 759 879 362 837 470 358 709 725 724 971 594 761 935 464 849 993 728 623
761 654 992 138 0 792 944 459 784 930 783 873 770 603 1113 1047 927 2157 339 568 3449 615 800 883 591 868 925 465 287 663 704 241 914 658 893 1026 1212 709 851 257 328 902 3423 871 438 688 877 996 479 954 587 427 826 843 841 1088 711 878 1052 581 966 1110 845 740
294 362 284 675 792 0 415 723 48 402 455 138 455 724 405 700 398 1943 718 689 3235 781 20 147 804 321 577 793 534 289 368 826 566 366 157 679 865 361 747 636 707 555 3209 767 559 353 773 649 742 426 513 756 466 387 385 380 376 142 704 540 618 401 389 637
212 370 439 826 944 415 0 730 401 84 321 422 814 1083 249 1059 72 1809 870 1048 3101 646 423 432 670 122 936 801 817 296 376 977 925 374 442 1038 1224 603 613 788 859 914 3075 633 918 360 639 1008 750 44 872 763 332 253 251 415 384 427 1063 405 978 436 255 502
548 441 779 342 459 723 730 0 708 717 569 730 816 650 900 1094 713 1944 275 615 3236 608 730 739 584 655 971 317 333 450 490 493 961 445 749 1073 1259 755 637 304 264 949 3210 657 485 475 663 1043 266 741 634 279 613 629 627 875 498 734 1098 368 1013 896 631 527
279 348 270 667 784 48 401 708 0 387 440 123 447 716 391 692 384 1929 710 681 3221 766 56 133 790 307 569 779 526 274 354 818 558 352 143 671 857 353 733 628 699 547 3195 753 551 338 759 641 728 412 505 741 452 373 371 366 362 128 696 525 611 387 375 622
199 357 426 813 930 402 84 717 387 0 307 409 800 1069 318 1045 67 1796 857 1035 3088 633 410 419 657 108 923 788 804 283 362 964 912 361 429 1025 1210 589 600 775 845 901 3061 620 905 347 626 994 736 95 859 750 318 239 238 483 370 414 1050 392 964 505 242 489
191 349 511 666 783 455 321 569 440 307 0 462 853 973 555 1098 304 1657 709 938 2949 462 463 472 486 245 976 640 657 275 355 816 965 353 482 1078 1263 675 429 627 698 954 2923 449 808 339 455 1047 589 331 912 602 92 196 195 607 363 467 1103 221 1017 629 199 318
301 369 291 756 873 138 422 730 123 409 462 0 536 805 412 781 405 1951 800 770 3242 788 145 48 811 328 658 801 616 296 375 907 648 373 58 760 946 442 754 718 789 636 3216 775 641 360 780 730 749 433 594 763 473 394 392 387 383 43 786 547 700 409 396 644
692 761 637 653 770 455 814 816 447 800 853 536 0 470 758 624 797 2342 696 435 3634 1076 462 546 1052 720 502 887 512 687 767 780 491 765 556 604 790 286 1146 614 685 480 3607 1166 361 751 1172 574 836 824 224 850 864 785 784 733 774 541 629 938 543 755 788 1035
951 844 941 486 603 724 1083 650 716 1069 973 805 470 0 1062 928 1066 2347 529 106 3639 893 731 815 870 989 806 720 345 853 894 597 795 848 825 908 1094 590 1041 447 518 784 3613 1061 194 878 1067 878 669 1093 287 683 1016 1033 1031 1037 902 810 933 771 847 1059 1035 930
446 540 304 996 1113 405 249 900 391 318 555 412 758 1062 0 1003 273 2043 1040 1027 3335 880 413 422 904 356 881 971 883 466 546 1147 870 544 432 982 1168 540 847 958 1029 858 3309 867 908 530 873 952 920 245 816 933 566 487 485 185 553 417 1008 639 922 206 489 736
937 1006 882 930 1047 700 1059 1094 692 1045 1098 781 624 928 1003 0 1042 2587 973 894 3879 1424 707 791 1431 965 149 1165 790 932 1011 1081 341 1010 801 33 179 531 1391 891 962 171 3852 1411 814 996 1416 424 1113 1069 683 1127 1109 1030 1029 978 1019 786 479 1183 271 1000 1033 1280
195 353 422 810 927 398 72 713 384 67 304 405 797 1066 273 1042 0 1792 853 1031 3084 629 406 415 653 105 919 784 801 279 359 960 908 357 425 1021 1207 586 596 771 842 897 3058 616 901 343 622 991 733 68 855 746 315 236 234 438 367 410 1046 388 961 459 238 485
1794 1952 2114 2165 2282 2057 1923 2069 2043 1910 1771 2065 2456 2472 2157 2701 1906 0 2209 2438 2010 1898 2065 2074 1921 1848 2578 2140 2156 1878 1957 2316 2567 1956 2084 2680 2866 2278 1864 2127 2198 2556 1984 1884 2308 1942 1890 2650 2089 1934 2457 2102 1782 1799 1797 2210 1965 2069 2705 1721 2620 2231 1801 1754
688 580 919 222 339 718 870 275 710 857 709 800 696 529 1040 973 853 2084 0 495 3376 747 726 809 724 794 851 457 213 589 630 373 840 584 820 953 1139 635 777 115 56 829 3349 797 365 614 803 923 405 881 514 419 752 769 767 1015 638 804 978 507 892 1036 771 666
917 809 906 451 568 689 1048 615 681 1035 938 770 435 106 1027 894 1031 2313 495 0 3605 810 697 780 786 954 771 659 311 819 859 514 761 813 790 873 1059 555 1006 413 483 749 3579 1026 160 844 1032 843 635 1059 253 622 981 998 996 1003 867 775 898 736 813 1024 1000 895
2992 3150 3312 3363 3480 3255 3121 3267 3241 3108 2969 3263 3654 3670 3355 3899 3104 1898 3407 3636 0 3096 3263 3272 3119 3046 3776 3338 3354 3076 3156 3514 3766 3154 3282 3878 4064 3476 3062 3325 3396 3754 59 3082 3506 3140 3088 3848 3287 3132 3655 3300 2981 2997 2995 3408 3163 3267 3903 2919 3818 3429 2999 2952
517 578 837 546 615 781 646 608 766 633 462 788 1076 893 880 1424 629 1773 747 810 3064 0 788 797 245 571 1302 408 695 588 628 522 1291 582 808 1403 1589 1001 265 665 736 1279 3038 286 747 613 291 1373 484 657 893 370 505 522 520 933 636 793 1429 323 1343 955 524 274
301 370 292 683 800 20 423 730 56 410 463 145 462 731 413 707 406 1951 726 697 3243 788 0 155 812 329 585 801 542 296 376 833 574 374 165 687 872 369 755 644 715 563 3217 775 567 360 781 656 750 434 521 763 474 395 393 388 384 150 712 547 626 409 397 644
310 379 301 766 883 147 432 739 133 419 472 48 546 815 422 791 415 1960 809 780 3252 797 155 0 821 338 668 810 626 305 385 917 657 383 68 770 956 452 764 727 798 646 3226 784 650 369 790 740 759 443 604 772 483 404 402 397 393 53 795 556 710 418 406 653
540 602 861 523 591 804 670 584 790 657 486 811 1052 870 904 1431 653 1796 724 786 3088 245 812 821 0 595 1309 384 671 611 652 498 1298 606 831 1411 1597 1025 289 642 712 1287 3062 309 723 636 315 1381 461 681 870 346 529 546 544 957 660 816 1436 346 1350 978 548 297
136 295 345 751 868 321 122 655 307 108 245 328 720 989 356 965 105 1734 794 954 3025 571 329 338 595 0 842 726 742 221 300 902 831 298 348 944 1130 509 537 712 783 820 2999 558 824 285 563 914 674 132 778 688 256 177 175 441 308 333 969 330 884 462 180 427
814 883 760 807 925 577 936 971 569 923 976 658 502 806 881 149 919 2464 851 771 3756 1302 585 668 1309 842 0 1042 667 809 889 958 219 887 678 128 314 408 1268 769 840 83 3730 1288 692 874 1294 301 991 947 560 1004 987 908 906 856 897 663 357 1061 149 877 910 1157
619 511 850 396 465 793 801 317 779 788 640 801 887 720 971 1165 784 2015 457 659 3307 408 801 810 384 726 1042 0 404 521 561 371 1031 515 820 1144 1330 826 647 375 446 1020 3281 668 556 546 673 1114 126 812 705 58 683 700 698 946 569 805 1169 439 1084 967 702 598
635 528 762 169 287 534 817 333 526 804 657 616 512 345 883 790 801 2031 213 311 3323 695 542 626 671 742 667 404 0 537 577 320 656 532 636 769 955 451 724 131 202 645 3297 745 181 562 750 739 353 828 330 366 700 716 715 858 585 621 794 455 709 880 719 614
114 90 345 546 663 289 296 450 274 283 275 296 687 853 466 932 279 1764 589 819 3056 588 296 305 611 221 809 521 537 0 95 697 799 94 315 911 1097 509 554 508 578 787 3030 574 689 80 580 881 469 307 745 483 287 207 206 441 103 300 937 285 851 462 210 444
194 130 425 586 704 368 376 490 354 362 355 375 767 894 546 1011 359 1844 630 859 3135 628 376 385 652 300 889 561 577 95 0 737 878 134 395 991 1177 588 595 548 619 867 3109 615 729 67 621 961 510 387 825 523 366 287 285 521 90 380 1016 325 930 542 289 484
795 687 1026 172 241 826 977 493 818 964 816 907 780 597 1147 1081 960 2191 373 514 3483 522 833 917 498 902 958 371 320 697 737 0 947 691 927 1060 1246 742 761 291 362 936 3457 781 451 722 787 1030 448 988 597 333 859 876 874 1122 745 912 1085 615 1000 1143 878 770
804 872 749 797 914 566 925 961 558 912 965 648 491 795 870 341 908 2454 840 761 3745 1291 574 657 1298 831 219 1031 656 799 878 947 0 876 668 321 359 398 1257 758 829 197 3719 1278 681 863 1283 109 980 936 550 994 976 897 895 845 886 652 164 1050 260 866 899 1147
192 84 423 541 658 366 374 445 352 361 353 373 765 848 544 1010 357 1842 584 813 3134 582 374 383 606 298 887 515 532 94 134 691 876 0 393 989 1175 587 549 502 573 865 3107 569 684 119 575 959 464 385 823 478 364 285 283 519 142 378 1014 279 929 540 288 438
320 389 311 776 893 157 442 749 143 429 482 58 556 825 432 801 425 1970 820 790 3262 808 165 68 831 348 678 820 636 315 395 927 668 393 0 780 966 462 774 738 808 656 3236 794 660 380 800 750 769 453 614 783 493 414 412 407 403 63 805 567 720 428 416 664
916 985 862 909 1026 679 1038 1073 671 1025 1078 760 604 908 982 33 1021 2566 953 873 3858 1403 687 770 1411 944 128 1144 769 911 991 1060 321 989 780 0 198 510 1370 871 942 151 3832 1390 794 975 1396 403 1093 1049 662 1106 1089 1010 1008 958 999 765 459 1162 251 979 1012 1259
1102 1171 1047 1095 1212 865 1224 1259 857 1210 1263 946 790 1094 1168 179 1207 2752 1139 1059 4044 1589 872 956 1597 1130 314 1330 955 1097 1177 1246 359 1175 966 198 0 696 1556 1057 1127 336 4018 1576 980 1161 1582 365 1279 1235 848 1292 1275 1195 1194 1143 1184 951 420 1348 436 1165 1198 1445
514 583 419 591 709 361 603 755 353 589 675 442 286 590 540 531 586 2164 635 555 3456 1001 369 452 1025 509 408 826 451 509 588 742 398 587 462 510 696 0 968 553 624 386 3429 988 476 573 994 480 775 614 344 788 686 607 606 515 596 447 536 760 450 537 610 857
483 545 804 733 851 747 613 637 733 600 429 754 1146 1041 847 1391 596 1739 777 1006 3031 265 755 764 289 537 1268 647 724 554 595 761 1257 549 774 1370 1556 968 0 695 766 1246 3005 38 876 579 44 1340 657 624 1025 610 472 489 487 900 602 759 1395 289 1309 921 491 240
606 498 837 140 257 636 788 304 628 775 627 718 614 447 958 891 771 2002 115 413 3294 665 644 727 642 712 769 375 131 508 548 291 758 502 738 871 1057 553 695 0 104 747 3267 715 283 533 721 841 323 799 432 337 670 687 685 933 556 723 896 425 810 954 689 584
677 569 908 211 328 707 859 264 699 845 698 789 685 518 1029 962 842 2073 56 483 3364 736 715 798 712 783 840 446 202 578 619 362 829 573 808 942 1127 624 766 104 0 818 3338 786 354 603 792 911 394 870 502 408 741 758 756 1004 627 793 967 496 881 1025 760 655
792 861 738 785 902 555 914 949 547 901 954 636 480 784 858 171 897 2442 829 749 3734 1279 563 646 1287 820 83 1020 645 787 867 936 197 865 656 151 336 386 1246 747 818 0 3708 1266 670 851 1272 279 969 925 538 982 965 886 884 834 875 641 335 1038 127 855 888 1135
2965 3124 3286 3337 3454 3229 3095 3241 3215 3082 2943 3236 3628 3644 3329 3873 3078 1872 3381 3610 59 3069 3237 3246 3093 3020 3750 3312 3328 3050 3129 3488 3739 3128 3256 3852 4038 3450 3036 3299 3369 3728 0 3056 3480 3114 3062 3822 3260 3106 3629 3274 2954 2971 2969 3382 3137 3241 3877 2893 3792 3403 2973 2925
504 565 824 754 871 767 633 657 753 620 449 775 1166 1061 867 1411 616 1759 797 1026 3051 286 775 784 309 558 1288 668 745 574 615 781 1278 569 794 1390 1576 988 38 715 786 1266 3025 0 896 599 37 1360 677 644 1045 630 492 509 507 920 623 779 1415 309 1330 941 511 261
787 680 787 321 438 559 918 485 551 905 808 641 361 194 908 814 901 2183 365 160 3475 747 567 650 723 824 692 556 181 689 729 451 681 684 660 794 980 476 876 283 354 670 3449 896 0 714 902 763 505 929 179 518 852 868 866 883 737 645 819 607 733 905 871 766
178 115 409 571 688 353 360 475 338 347 339 360 751 878 530 996 343 1828 614 844 3120 613 360 369 636 285 874 546 562 80 67 722 863 119 380 975 1161 573 579 533 603 851 3094 599 714 0 605 945 494 371 809 508 351 272 270 505 39 365 1001 310 915 527 274 469
509 571 830 759 877 773 639 663 759 626 455 780 1172 1067 873 1416 622 1765 803 1032 3057 291 781 790 315 563 1294 673 750 580 621 787 1283 575 800 1396 1582 994 44 721 792 1272 3031 37 902 605 0 1366 683 650 1051 636 498 515 513 926 628 785 1421 315 1335 947 517 266
886 955 831 879 996 649 1008 1043 641 994 1047 730 574 878 952 424 991 2536 923 843 3828 1373 656 740 1381 914 301 1114 739 881 961 1030 109 959 750 403 365 480 1340 841 911 279 3802 1360 763 945 1366 0 1062 1018 632 1076 1058 979 978 927 968 735 89 1132 343 949 982 1229
568 460 799 362 479 742 750 266 728 736 589 749 836 669 920 1113 733 1964 405 635 3255 484 750 759 461 674 991 126 353 469 510 448 980 464 769 1093 1279 775 657 323 394 969 3229 677 505 494 683 1062 0 761 654 134 632 649 647 895 518 754 1118 387 1032 916 651 546
223 381 450 837 954 426 44 741 412 95 331 433 824 1093 245 1069 68 1820 881 1059 3112 657 434 443 681 132 947 812 828 307 387 988 936 385 453 1049 1235 614 624 799 870 925 3086 644 929 371 650 1018 761 0 883 774 343 263 262 411 394 438 1074 416 988 432 266 513
750 819 696 470 587 513 872 634 505 859 912 594 224 287 816 683 855 2332 514 253 3624 893 521 604 870 778 560 705 330 745 825 597 550 823 614 662 848 344 1025 432 502 538 3598 1045 179 809 1051 632 654 883 0 667 923 844 842 792 833 599 688 755 602 813 846 914
581 474 812 358 427 756 763 279 741 750 602 763 850 683 933 1127 746 1977 419 622 3269 370 763 772 346 688 1004 58 366 483 523 333 994 478 783 1106 1292 788 610 337 408 982 3243 630 518 508 636 1076 134 774 667 0 646 662 660 908 531 768 1132 401 1046 930 665 560
202 360 523 709 826 466 332 613 452 318 92 473 864 1016 566 1109 315 1668 752 981 2960 505 474 483 529 256 987 683 700 287 366 859 976 364 493 1089 1275 686 472 670 741 965 2934 492 852 351 498 1058 632 343 923 646 0 207 206 619 374 478 1114 264 1028 640 210 361
123 281 443 725 843 387 253 629 373 239 196 394 785 1033 487 1030 236 1685 769 998 2977 522 395 404 546 177 908 700 716 207 287 876 897 285 414 1010 1195 607 489 687 758 886 2951 509 868 272 515 979 649 263 844 662 207 0 53 539 295 399 1035 281 949 561 57 378
121 279 442 724 841 385 251 627 371 238 195 392 784 1031 485 1029 234 1683 767 996 2975 520 393 402 544 175 906 698 715 206 285 874 895 283 412 1008 1194 606 487 685 756 884 2949 507 866 270 513 978 647 262 842 660 206 53 0 538 293 397 1033 279 947 559 55 376
446 515 279 971 1088 380 415 875 366 483 607 387 733 1037 185 978 438 2096 1015 1003 3388 933 388 397 957 441 856 946 858 441 521 1122 845 519 407 958 1143 515 900 933 1004 834 3362 920 883 505 926 927 895 411 792 908 619 539 538 0 529 392 983 692 897 110 542 789
201 138 432 594 711 376 384 498 362 370 363 383 774 902 553 1019 367 1851 638 867 3143 636 384 393 660 308 897 569 585 103 90 745 886 142 403 999 1184 596 602 556 627 875 3117 623 737 39 628 968 518 394 833 531 374 295 293 529 0 388 1024 333 938 550 297 492
305 374 296 761 878 142 427 734 128 414 467 43 541 810 417 786 410 1955 804 775 3247 793 150 53 816 333 663 805 621 300 380 912 652 378 63 765 951 447 759 723 793 641 3221 779 645 365 785 735 754 438 599 768 478 399 397 392 388 0 790 552 705 413 401 649
942 1010 887 935 1052 704 1063 1098 696 1050 1103 786 629 933 1008 479 1046 2591 978 898 3883 1429 712 795 1436 969 357 1169 794 937 1016 1085 164 1014 805 459 420 536 1395 896 967 335 3857 1415 819 1001 1421 89 1118 1074 688 1132 1114 1035 1033 983 1024 790 0 1188 398 1004 1037 1285
276 275 596 464 581 540 405 368 525 392 221 547 938 771 639 1183 388 1596 507 736 2888 323 547 556 346 330 1061 439 455 285 325 615 1050 279 567 1162 1348 760 289 425 496 1038 2862 309 607 310 315 1132 387 416 755 401 264 281 279 692 333 552 1188 0 1102 714 283 179
856 925 801 849 966 618 978 1013 611 964 1017 700 543 847 922 271 961 2506 892 813 3798 1343 626 710 1350 884 149 1084 709 851 930 1000 260 929 720 251 436 450 1309 810 881 127 3771 1330 733 915 1335 343 1032 988 602 1046 1028 949 947 897 938 705 398 1102 0 919 952 1199
467 536 300 993 1110 401 436 896 387 505 629 409 755 1059 206 1000 459 2117 1036 1024 3409 955 409 418 978 462 877 967 880 462 542 1143 866 540 428 979 1165 537 921 954 1025 855 3383 941 905 527 947 949 916 432 813 930 640 561 559 110 550 413 1004 714 919 0 563 811
125 284 446 728 845 389 255 631 375 242 199 396 788 1035 489 1033 238 1687 771 1000 2979 524 397 406 548 180 910 702 719 210 289 878 899 288 416 1012 1198 610 491 689 760 888 2953 511 871 274 517 982 651 266 846 665 210 57 55 542 297 401 1037 283 952 563 0 380
373 434 693 623 740 637 502 527 622 489 318 644 1035 930 736 1280 485 1629 666 895 2920 274 644 653 297 427 1157 598 614 444 484 770 1147 438 664 1259 1445 857 240 584 655 1135 2894 261 766 469 266 1229 546 513 914 560 361 378 376 789 492 649 1285 179 1199 811 380 0
EOF