NAME : tsp_problem
TYPE : TSP
DIMENSION : 24
EDGE_WEIGHT_TYPE : EXPLICIT
EDGE_WEIGHT_FORMAT : FULL_MATRIX
EDGE_WEIGHT_SECTION
0 799 740 699 2971 633 778 919 536 767 756 513 748 928 743 795 1111 210 1443 823 535 595 504 779
799 0 766 724 2997 659 826 347 550 286 402 714 395 411 860 506 539 947 1469 658 736 796 989 490
740 766 0 149 2778 134 1350 921 1006 827 943 983 936 952 1315 1047 1113 889 1250 1199 1005 1065 998 1031
699 724 149 0 2736 92 1309 880 965 785 902 941 895 910 1274 1005 1071 847 1209 1157 963 1024 956 989
2932 2958 2739 2698 0 2632 3263 3113 3199 3019 3136 3175 3128 3143 3298 3062 3305 3081 1764 3095 3197 3257 3190 3046
633 659 134 92 2671 0 1243 814 899 720 836 876 829 844 1208 939 1006 781 1143 1092 898 958 891 924
778 826 1350 1309 3208 1243 0 678 501 601 621 554 614 548 186 415 805 709 2054 297 576 430 496 400
919 347 921 880 3152 814 678 0 545 280 397 708 389 263 713 358 340 1067 1624 510 730 791 983 342
536 550 1006 965 3163 899 501 545 0 278 266 210 259 438 536 305 672 684 1710 333 232 292 485 290
767 286 827 785 3058 720 601 280 278 0 130 441 122 186 636 281 408 916 1530 433 463 523 716 265
756 402 943 902 3174 836 621 397 266 130 0 429 27 302 656 397 524 904 1647 453 451 512 704 382
513 714 983 941 3214 876 554 708 210 441 429 0 422 602 519 469 836 661 1686 497 78 269 461 453
748 395 936 895 3167 829 614 389 259 122 27 422 0 295 648 390 517 897 1639 446 444 504 697 374
928 411 952 910 3099 844 548 263 438 186 302 602 295 0 583 228 390 1076 1655 380 624 684 877 212
743 860 1315 1274 3243 1208 186 713 536 636 656 519 648 583 0 450 840 674 2019 332 541 395 461 435
795 506 1047 1005 3018 939 415 358 305 281 397 469 390 228 450 0 485 943 1750 248 491 551 744 79
1111 539 1113 1071 3344 1006 805 340 672 408 524 836 517 390 840 485 0 1259 1816 638 858 918 1111 470
210 947 889 847 3119 781 709 1067 684 916 904 661 897 1076 674 943 1259 0 1592 971 683 628 435 928
1443 1469 1250 1209 1802 1143 2054 1624 1710 1530 1647 1686 1639 1655 2019 1750 1816 1592 0 1902 1708 1768 1701 1734
823 658 1199 1157 3041 1092 297 510 333 433 453 497 446 380 332 248 638 971 1902 0 519 579 768 232
535 736 1005 963 3236 898 576 730 232 463 451 78 444 624 541 491 858 683 1708 519 0 291 483 475
595 796 1065 1024 3296 958 430 791 292 523 512 269 504 684 395 551 918 628 1768 579 291 0 415 535
504 989 998 956 3229 891 496 983 485 716 704 461 697 877 461 744 1111 435 1701 768 483 415 0 728
779 490 1031 989 3002 924 400 342 290 265 382 453 374 212 435 79 470 928 1734 232 475 535 728 0
EOF