NAME : tsp_problem
TYPE : TSP
DIMENSION : 24
EDGE_WEIGHT_TYPE : EXPLICIT
EDGE_WEIGHT_FORMAT : FULL_MATRIX
EDGE_WEIGHT_SECTION
0 141 190 285 115 792 242 797 761 233 749 246 653 415 694 284 625 406 789 210 568 462 135 1026
141 0 70 256 135 764 213 768 732 113 721 126 624 386 665 164 596 377 760 182 539 434 106 997
190 70 0 305 184 813 262 817 781 122 770 135 674 435 715 173 645 425 810 231 588 483 155 1046
285 256 305 0 280 833 84 837 801 348 790 361 694 345 735 399 665 446 830 251 608 304 250 1066
115 135 184 280 0 787 237 791 755 227 744 240 648 409 689 278 619 400 784 205 562 457 129 1020
792 764 813 833 787 0 790 380 527 856 515 869 389 900 489 907 428 890 907 758 433 948 757 454
242 213 262 84 237 790 0 794 758 305 747 318 651 302 692 356 622 403 787 208 565 261 207 1023
797 768 817 837 791 380 794 0 404 860 392 873 479 777 366 911 208 768 785 687 310 825 762 416
761 732 781 801 755 527 758 404 0 824 48 837 723 671 95 837 452 662 514 582 217 719 726 563
233 113 122 348 227 856 305 860 824 0 813 51 717 478 758 89 688 341 730 274 631 526 198 1089
749 721 770 790 744 515 747 392 48 813 0 826 711 660 84 826 441 650 502 570 205 708 714 552
246 126 135 361 240 869 318 873 837 51 826 0 729 491 770 102 701 354 743 287 644 539 211 1102
653 624 674 694 648 389 651 479 723 717 711 729 0 824 685 767 307 814 1104 619 629 871 618 690
415 386 435 345 409 900 302 777 671 478 660 491 824 0 604 491 795 316 699 236 478 175 380 936
694 665 715 735 689 489 692 366 95 758 84 770 685 604 0 770 414 595 447 515 179 653 659 525
284 164 173 399 278 907 356 911 837 89 826 102 767 491 770 0 739 275 664 325 644 539 249 1102
625 596 645 665 619 428 622 208 452 688 441 701 307 795 414 739 0 786 833 591 358 843 590 464
406 377 425 446 400 890 403 768 662 341 650 354 814 316 595 275 786 0 690 227 469 364 371 927
789 760 810 830 784 907 787 785 514 730 502 743 1104 699 447 664 833 690 0 610 566 748 754 944
210 182 231 251 205 758 208 687 582 274 570 287 619 236 515 325 591 227 610 0 389 284 176 847
568 539 588 608 562 433 565 310 217 631 205 644 629 478 179 644 358 469 566 389 0 526 533 469
462 434 483 304 457 948 261 825 719 526 708 539 871 175 653 539 843 364 748 284 526 0 427 984
135 106 155 250 129 757 207 762 726 198 714 211 618 380 659 249 590 371 754 176 533 427 0 991
1026 997 1046 1066 1020 454 1023 416 563 1089 552 1102 690 936 525 1102 464 927 944 847 469 984 991 0
EOF