NAME : tsp_problem
TYPE : TSP
DIMENSION : 30
EDGE_WEIGHT_TYPE : EXPLICIT
EDGE_WEIGHT_FORMAT : FULL_MATRIX
EDGE_WEIGHT_SECTION
0 3109 3115 2922 3170 2861 3232 2973 3281 3237 3232 2718 3232 3094 2995 3186 2771 2994 2671 3184 3187 3291 3175 2941 3238 3238 2666 2811 3047 1965
3065 0 76 1106 495 411 347 307 583 397 794 902 535 56 264 147 795 365 694 345 750 594 336 762 540 635 850 429 1231 1299
3071 76 0 1058 448 363 353 259 589 403 800 854 541 61 216 99 747 317 646 350 755 599 341 768 546 641 802 381 1183 1251
2961 1106 1058 0 1070 762 1133 873 1181 1433 1132 385 1133 1091 895 1087 672 895 572 1380 1088 1192 1371 842 1138 1138 333 711 152 1015
3208 495 448 1070 0 421 705 321 941 822 1152 867 893 481 363 477 759 382 659 770 1108 952 761 889 898 993 815 439 1195 1263
2900 411 363 762 421 0 523 188 759 738 826 558 710 396 200 392 451 200 350 685 781 769 676 535 716 811 506 85 887 955
3196 347 353 1133 705 523 0 418 259 417 470 929 211 332 376 424 789 477 721 365 426 270 356 438 216 311 877 541 1258 1326
3011 307 259 873 321 188 418 0 654 634 865 670 606 292 62 288 562 149 462 581 821 665 572 656 612 707 618 205 998 1066
3319 583 589 1181 941 759 259 654 0 653 518 978 259 568 612 660 838 713 770 600 474 318 592 486 265 224 926 777 1306 1374
3182 397 403 1433 822 738 417 634 653 0 565 1229 565 383 591 474 1115 692 1021 269 647 491 260 806 571 706 1177 756 1558 1626
3270 794 800 1132 1152 826 470 865 518 565 0 929 470 779 823 871 765 924 721 807 219 401 799 437 476 475 876 775 1257 1325
2757 902 854 385 867 558 929 670 978 1229 929 0 929 888 692 883 468 691 368 1176 884 988 1168 638 935 935 78 508 387 812
3271 535 541 1133 893 710 211 606 259 565 470 929 0 520 563 612 790 665 721 552 426 196 543 438 51 311 877 728 1258 1326
3051 56 61 1091 481 396 332 292 568 383 779 888 520 0 249 132 780 351 680 330 735 579 321 747 526 621 835 414 1216 1284
3033 264 216 895 363 200 376 62 612 591 823 692 563 249 0 245 584 155 484 538 778 622 529 668 569 664 639 218 1020 1088
3142 147 99 1087 477 392 424 288 660 474 871 883 612 132 245 0 776 346 676 421 826 671 412 839 617 712 831 410 1212 1280
2810 795 747 672 759 451 789 562 838 1115 765 468 790 780 584 776 0 583 138 1069 744 848 1060 395 795 795 416 400 797 865
3033 365 317 895 382 200 477 149 713 692 924 691 665 351 155 346 583 0 483 639 879 723 631 668 670 765 639 218 1020 1088
2710 694 646 572 659 350 721 462 770 1021 721 368 721 680 484 676 138 483 0 968 676 780 960 385 727 727 316 300 696 764
3129 345 350 1380 770 685 365 581 600 269 807 1176 552 330 538 421 1069 639 968 0 767 611 29 779 558 653 1124 703 1505 1573
3226 750 755 1088 1108 781 426 821 474 647 219 884 426 735 778 826 744 879 676 767 0 483 758 393 431 431 832 731 1213 1281
3330 594 599 1192 952 769 270 665 318 491 401 988 196 579 622 671 848 723 780 611 483 0 602 497 202 370 936 787 1317 1385
3120 336 341 1371 761 676 356 572 592 260 799 1168 543 321 529 412 1060 631 960 29 758 602 0 770 549 644 1115 694 1496 1564
2980 762 768 842 889 535 438 656 486 806 437 638 438 747 668 839 395 668 385 779 393 497 770 0 443 443 586 485 966 1034
3277 540 546 1138 898 716 216 612 265 571 476 935 51 526 569 617 795 670 727 558 431 202 549 443 0 317 883 734 1263 1331
3276 635 641 1138 993 811 311 707 224 706 475 935 311 621 664 712 795 765 727 653 431 370 644 443 317 0 882 781 1263 1331
2705 850 802 333 815 506 877 618 926 1177 876 78 877 835 639 831 416 639 316 1124 832 936 1115 586 883 882 0 456 406 760
2850 429 381 711 439 85 541 205 777 756 775 508 728 414 218 410 400 218 300 703 731 787 694 485 734 781 456 0 836 904
3085 1231 1183 152 1195 887 1258 998 1306 1558 1257 387 1258 1216 1020 1212 797 1020 696 1505 1213 1317 1496 966 1263 1263 406 836 0 1140
2004 1299 1251 1015 1263 955 1326 1066 1374 1626 1325 812 1326 1284 1088 1280 865 1088 764 1573 1281 1385 1564 1034 1331 1331 760 904 1140 0
EOF