NAME : tsp_problem
TYPE : TSP
DIMENSION : 42
EDGE_WEIGHT_TYPE : EXPLICIT
EDGE_WEIGHT_FORMAT : FULL_MATRIX
EDGE_WEIGHT_SECTION
0 831 2738 457 790 776 2048 700 784 909 913 381 1234 974 941 2717 1230 1355 705 640 820 753 1294 916 808 821 914 1105 228 969 892 891 1080 892 883 999 700 1028 759 1047 801 881
831 0 3127 449 387 198 2438 149 978 331 504 610 515 171 895 3106 510 636 145 758 965 639 691 871 51 776 868 386 1033 664 846 585 775 314 164 693 296 309 182 742 44 304
2699 3088 0 2714 3048 3033 2944 2957 3042 3166 3170 2638 3196 3232 3198 78 3191 3317 2962 2897 3077 3011 3372 3174 3065 3078 3171 3067 2901 3226 3149 3148 3337 3149 3140 3256 2957 3108 3017 3305 3059 3139
457 449 2753 0 401 426 2064 339 639 559 732 236 885 592 795 2732 880 1006 336 494 675 608 1061 771 426 676 768 755 659 824 747 745 935 542 534 854 310 678 410 902 419 532
790 387 3086 401 0 364 2397 278 972 497 670 569 823 348 1061 3065 818 944 274 788 970 805 999 1037 364 942 1034 693 992 830 1013 751 941 480 472 859 214 616 348 908 357 470
776 198 3071 426 364 0 2382 119 867 150 324 554 522 323 715 3051 518 643 124 578 854 459 699 690 221 595 688 393 977 483 666 405 594 133 171 513 274 316 29 562 214 123
2048 2438 2983 2064 2397 2382 0 2307 2391 2515 2519 1988 2841 2581 2547 2962 2837 2962 2311 2246 2427 2360 2901 2523 2415 2428 2520 2712 2250 2576 2499 2497 2687 2498 2490 2605 2307 2635 2366 2654 2408 2488
700 149 2996 339 278 119 2307 0 847 252 426 479 578 293 817 2975 574 699 36 652 834 561 755 792 126 697 790 449 902 585 768 507 696 235 227 615 187 372 103 664 120 225
784 978 3080 639 972 867 2391 847 0 755 592 440 1007 1122 619 3059 1003 1128 852 318 302 432 856 595 955 500 592 878 986 648 571 569 641 853 1009 678 882 926 878 726 949 887
909 331 3197 559 497 150 2515 252 755 0 211 687 443 456 602 3176 439 564 257 465 742 346 620 578 354 482 575 314 1110 370 553 292 482 136 304 400 407 361 161 449 347 170
913 504 3209 732 670 324 2519 426 592 211 0 692 464 629 439 3188 460 585 430 302 579 183 533 415 527 319 412 335 1114 207 390 129 319 309 465 237 580 382 335 286 520 343
381 610 2677 236 569 554 1988 479 440 687 692 0 1013 753 719 2656 1009 1134 484 418 476 532 1030 695 587 600 692 884 583 748 671 669 815 670 662 778 479 807 538 826 580 660
1234 515 3141 885 823 522 2841 578 1007 443 464 1013 0 640 855 3120 26 138 583 718 827 599 363 831 538 735 828 144 1436 623 806 545 483 542 453 653 732 370 506 702 531 575
974 171 3270 592 348 323 2581 293 1122 456 629 753 640 0 1020 3249 635 761 289 883 1109 764 816 996 194 900 993 510 1176 788 971 710 900 439 289 818 440 433 307 867 187 429
941 895 3237 795 1061 715 2547 817 619 602 439 719 855 1020 0 3216 851 976 821 330 435 280 615 82 918 347 78 726 1142 495 100 417 401 700 856 524 971 773 726 574 911 734
2678 3067 78 2693 3027 3012 2923 2936 3021 3145 3149 2617 3175 3211 3177 0 3170 3296 2941 2876 3056 2990 3351 3153 3044 3057 3150 3046 2880 3205 3128 3127 3316 3128 3119 3235 2936 3087 2996 3284 3038 3118
1230 510 3137 880 818 518 2837 574 1003 439 460 1009 26 635 851 3116 0 144 579 714 823 595 359 826 534 731 824 140 1432 619 802 541 479 537 448 649 728 365 502 698 526 571
1355 636 3262 1006 944 643 2962 699 1128 564 585 1134 138 761 976 3241 144 0 704 839 948 720 484 952 659 856 949 265 1557 744 927 666 604 663 574 774 853 491 627 823 652 696
705 145 3001 336 274 124 2311 36 852 257 430 484 583 289 821 2980 579 704 0 657 839 565 759 797 122 702 794 454 906 590 773 511 701 240 232 619 183 377 108 669 116 230
640 758 2935 494 788 578 2246 652 318 465 302 418 718 883 330 2914 714 839 657 0 305 143 684 306 760 211 303 589 841 359 282 280 470 564 720 388 697 637 589 437 753 597
820 965 3116 675 970 854 2427 834 302 742 579 476 827 1109 435 3095 823 948 839 305 0 419 583 411 942 487 408 785 1022 635 386 506 369 840 996 492 879 913 865 713 936 874
753 639 3049 608 805 459 2360 561 432 346 183 532 599 764 280 3028 595 720 565 143 419 0 565 255 662 160 253 470 955 239 231 161 351 444 600 269 715 517 470 318 655 478
1294 691 3318 1061 999 699 2901 755 856 620 533 1030 363 816 615 3297 359 484 759 684 583 565 0 591 714 701 588 321 1496 589 566 426 239 718 629 413 909 546 683 668 707 752
916 871 3212 771 1037 690 2523 792 595 578 415 695 831 996 82 3191 826 952 797 306 411 255 591 0 894 323 109 701 1118 471 131 393 376 676 832 499 947 749 701 549 887 710
808 51 3104 426 364 221 2415 126 955 354 527 587 538 194 918 3083 534 659 122 760 942 662 714 894 0 799 891 409 1010 687 870 608 798 337 187 716 273 332 205 766 21 327
821 776 3117 676 942 595 2428 697 500 482 319 600 735 900 347 3096 731 856 702 211 487 160 701 323 799 0 320 606 1023 376 299 297 487 581 737 406 851 654 606 386 791 614
914 868 3209 768 1034 688 2520 790 592 575 412 692 828 993 78 3188 824 949 794 303 408 253 588 109 891 320 0 699 1115 468 127 390 373 673 829 497 944 746 699 547 884 707
1105 386 3012 755 693 393 2712 449 878 314 335 884 144 510 726 2991 140 265 454 589 785 470 321 701 409 606 699 0 1307 494 677 416 441 412 323 524 603 240 377 573 401 446
228 1033 2939 659 992 977 2250 902 986 1110 1114 583 1436 1176 1142 2918 1432 1557 906 841 1022 955 1496 1118 1010 1023 1115 1307 0 1171 1093 1092 1282 1093 1085 1200 902 1230 961 1249 1003 1083
969 664 3265 824 830 483 2576 585 648 370 207 748 623 788 495 3244 619 744 590 359 635 239 589 471 687 376 468 494 1171 0 447 185 375 469 625 293 739 542 494 207 679 502
892 846 3188 747 1013 666 2499 768 571 553 390 671 806 971 100 3167 802 927 773 282 386 231 566 131 870 299 127 677 1093 447 0 368 352 652 808 475 922 724 677 525 862 685
891 585 3187 745 751 405 2497 507 569 292 129 669 545 710 417 3166 541 666 511 280 506 161 426 393 608 297 390 416 1092 185 368 0 212 390 546 130 661 463 416 264 601 424
1080 775 3376 935 941 594 2687 696 641 482 319 815 483 900 401 3355 479 604 701 470 369 351 239 376 798 487 373 441 1282 375 352 212 0 580 736 198 851 653 605 454 791 614
892 314 3187 542 480 133 2498 235 853 136 309 670 542 439 700 3166 537 663 240 564 840 444 718 676 337 581 673 412 1093 469 652 390 580 0 287 499 390 432 144 548 330 153
883 164 3096 534 472 171 2490 227 1009 304 465 662 453 289 856 3075 448 574 232 720 996 600 629 832 187 737 829 323 1085 625 808 546 736 287 0 654 381 246 155 703 180 277
999 693 3295 854 859 513 2605 615 678 400 237 778 653 818 524 3274 649 774 619 388 492 269 413 499 716 406 497 524 1200 293 475 130 198 499 654 0 769 571 524 372 709 532
700 296 2996 310 214 274 2307 187 882 407 580 479 732 440 971 2975 728 853 183 697 879 715 909 947 273 851 944 603 902 739 922 661 851 390 381 769 0 526 258 818 267 379
1028 309 3064 678 616 316 2635 372 926 361 382 807 370 433 773 3043 365 491 377 637 913 517 546 749 332 654 746 240 1230 542 724 463 653 432 246 571 526 0 300 620 324 422
759 182 3055 410 348 29 2366 103 878 161 335 538 506 307 726 3034 502 627 108 589 865 470 683 701 205 606 699 377 961 494 677 416 605 144 155 524 258 300 0 573 198 134
1047 742 3343 902 908 562 2654 664 726 449 286 826 702 867 574 3322 698 823 669 437 713 318 668 549 766 386 547 573 1249 207 525 264 454 548 703 372 818 620 573 0 758 581
801 44 3097 419 357 214 2408 120 949 347 520 580 531 187 911 3076 526 652 116 753 936 655 707 887 21 791 884 401 1003 679 862 601 791 330 180 709 267 324 198 758 0 319
881 304 3177 532 470 123 2488 225 887 170 343 660 575 429 734 3156 571 696 230 597 874 478 752 710 327 614 707 446 1083 502 685 424 614 153 277 532 379 422 134 581 319 0
EOF