NAME : tsp_problem
TYPE : TSP
DIMENSION : 40
EDGE_WEIGHT_TYPE : EXPLICIT
EDGE_WEIGHT_FORMAT : FULL_MATRIX
EDGE_WEIGHT_SECTION
0 117 909 163 595 788 709 773 918 317 1015 304 982 174 285 704 351 1025 780 938 1188 771 609 375 583 449 1174 643 823 640 1020 745 809 160 1507 367 509 390 407 692
117 0 923 142 610 802 724 787 932 331 1029 399 996 189 379 718 445 1040 794 952 1203 785 623 469 598 463 1188 657 837 654 1035 760 823 138 1522 381 523 404 421 707
909 923 0 969 913 732 851 738 773 917 871 1011 375 850 1092 845 1237 296 933 1019 472 781 927 776 457 505 445 816 611 958 876 619 1315 966 1135 967 1095 990 1007 1044
163 142 969 0 656 848 770 833 978 377 1075 445 1042 235 425 764 492 1086 840 999 1249 831 669 515 644 509 1235 703 883 700 1081 806 869 98 1568 427 570 450 467 753
595 610 913 656 0 260 181 245 390 604 487 437 986 536 519 176 664 1030 264 410 1192 243 81 771 495 636 1178 115 395 64 492 361 549 653 1512 545 249 522 246 375
788 802 732 848 260 0 198 30 169 796 266 630 805 729 711 192 815 848 280 318 1011 80 273 785 323 464 997 163 174 304 271 189 661 845 1330 737 442 715 438 391
709 724 851 770 181 198 0 183 328 718 425 551 924 650 633 58 647 967 112 259 1130 180 195 885 433 574 1116 84 333 226 430 299 494 767 1449 659 303 636 360 223
773 787 738 833 245 30 183 0 175 781 272 615 811 714 696 177 800 855 265 303 1018 65 258 791 329 470 1004 148 180 289 278 195 646 830 1337 722 427 700 423 376
918 932 773 978 390 169 328 175 0 926 131 760 847 859 841 322 945 890 410 421 1053 225 404 852 401 542 1039 293 215 435 137 267 792 975 1372 867 572 845 569 521
317 331 917 377 604 796 718 781 926 0 1024 419 991 258 501 712 646 1034 788 947 1197 779 617 493 592 457 1183 651 831 648 1029 754 817 375 1516 177 518 200 415 701
1015 1029 871 1075 487 266 425 272 131 1024 0 857 944 956 939 419 1042 987 508 309 1150 322 501 950 498 639 1136 390 312 532 49 364 889 1073 1469 965 669 942 666 618
304 399 1011 445 437 630 551 615 760 419 857 0 1084 351 103 546 248 1127 622 780 1290 612 451 531 685 551 1276 484 765 482 862 731 651 442 1609 360 351 337 249 534
982 996 375 1042 986 805 924 811 847 991 944 1084 0 923 1166 918 1311 492 1007 1092 396 854 1000 849 530 579 388 889 684 1031 949 692 1388 1040 1208 1040 1168 1063 1080 1117
174 189 850 235 536 729 650 714 859 258 956 351 923 0 433 645 503 966 721 879 1129 711 550 425 524 390 1115 583 764 581 961 686 750 232 1448 308 450 330 348 633
285 379 1092 425 519 711 633 696 841 501 939 103 1166 433 0 627 228 1209 703 862 1372 694 533 512 767 632 1358 566 846 563 944 813 729 422 1691 442 433 419 330 616
704 718 845 764 176 192 58 177 322 712 419 546 918 645 627 0 654 962 119 265 1125 175 190 880 427 568 1111 79 327 220 425 294 500 761 1444 653 309 631 354 229
351 445 1237 492 664 815 647 800 945 646 1042 248 1311 503 228 654 0 1354 642 824 1517 787 678 578 912 777 1503 702 950 709 1048 917 525 489 1836 587 480 564 476 555
1025 1040 296 1086 1030 848 967 855 890 1034 987 1127 492 966 1209 962 1354 0 1050 1136 255 897 1043 893 573 622 228 933 728 1074 993 735 1431 1083 1252 1084 1211 1106 1124 1161
780 794 933 840 264 280 112 265 410 788 508 622 1007 721 703 119 642 1050 0 289 1213 252 278 956 516 657 1199 167 415 309 513 382 488 837 1532 729 298 707 430 218
938 952 1019 999 410 318 259 303 421 947 309 780 1092 879 862 265 824 1136 289 0 1299 254 424 1063 601 742 1285 313 468 455 304 467 670 996 1618 888 479 865 589 399
1188 1203 472 1249 1192 1011 1130 1018 1053 1197 1150 1290 396 1129 1372 1125 1517 255 1213 1299 0 1060 1206 1055 736 785 73 1095 891 1237 1156 898 1594 1246 1415 1247 1374 1269 1287 1324
771 785 781 831 243 80 180 65 225 779 322 612 854 711 694 175 787 897 252 254 1060 0 256 825 363 504 1046 146 230 287 327 229 633 828 1379 720 424 698 421 363
609 623 927 669 81 273 195 258 404 617 501 451 1000 550 533 190 678 1043 278 424 1206 256 0 785 509 650 1192 128 408 126 506 375 562 667 1525 559 263 536 260 388
375 469 776 515 771 785 885 791 852 493 950 531 849 425 512 880 578 893 956 1063 1055 825 785 0 501 366 1041 818 690 816 955 663 985 512 1375 543 685 566 583 868
583 598 457 644 495 323 433 329 401 592 498 685 530 524 767 427 912 573 516 601 736 363 509 501 0 180 722 398 371 540 504 201 897 641 1055 642 677 664 674 626
449 463 505 509 636 464 574 470 542 457 639 551 579 390 632 568 777 622 657 742 785 504 650 366 180 0 771 539 420 681 645 342 949 506 1104 507 649 530 547 767
1174 1188 445 1235 1178 997 1116 1004 1039 1183 1136 1276 388 1115 1358 1111 1503 228 1199 1285 73 1046 1192 1041 722 771 0 1081 877 1223 1142 884 1580 1232 1401 1233 1360 1255 1273 1310
643 657 816 703 115 163 84 148 293 651 390 484 889 583 566 79 702 933 167 313 1095 146 128 818 398 539 1081 0 298 159 395 264 548 700 1415 592 296 569 293 278
823 837 611 883 395 174 333 180 215 831 312 765 684 764 846 327 950 728 415 468 891 230 408 690 371 420 877 298 0 439 318 272 796 880 1210 872 577 850 573 526
640 654 958 700 64 304 226 289 435 648 532 482 1031 581 563 220 709 1074 309 455 1237 287 126 816 540 681 1223 159 439 0 537 406 593 697 1556 590 294 567 291 419
1020 1035 876 1081 492 271 430 278 137 1029 49 862 949 961 944 425 1048 993 513 304 1156 327 506 955 504 645 1142 395 318 537 0 370 894 1078 1475 970 674 947 671 624
745 760 619 806 361 189 299 195 267 754 364 731 692 686 813 294 917 735 382 467 898 229 375 663 201 342 884 264 272 406 370 0 763 803 1217 804 543 816 540 492
809 823 1315 869 549 661 494 646 792 817 889 651 1388 750 729 500 525 1431 488 670 1594 633 562 985 897 949 1580 548 796 593 894 763 0 866 1913 758 326 736 459 401
160 138 966 98 653 845 767 830 975 375 1073 442 1040 232 422 761 489 1083 837 996 1246 828 667 512 641 506 1232 700 880 697 1078 803 866 0 1565 424 567 447 464 750
1507 1522 1135 1568 1512 1330 1449 1337 1372 1516 1469 1609 1208 1448 1691 1444 1836 1252 1532 1618 1415 1379 1525 1375 1055 1104 1401 1415 1210 1556 1475 1217 1913 1565 0 1566 1693 1588 1606 1643
367 381 967 427 545 737 659 722 867 177 965 360 1040 308 442 653 587 1084 729 888 1247 720 559 543 642 507 1233 592 872 590 970 804 758 424 1566 0 459 143 356 642
509 523 1095 570 249 442 303 427 572 518 669 351 1168 450 433 309 480 1211 298 479 1374 424 263 685 677 649 1360 296 577 294 674 543 326 567 1693 459 0 436 160 210
390 404 990 450 522 715 636 700 845 200 942 337 1063 330 419 631 564 1106 707 865 1269 698 536 566 664 530 1255 569 850 567 947 816 736 447 1588 143 436 0 334 619
407 421 1007 467 246 438 360 423 569 415 666 249 1080 348 330 354 476 1124 430 589 1287 421 260 583 674 547 1273 293 573 291 671 540 459 464 1606 356 160 334 0 343
692 707 1044 753 375 391 223 376 521 701 618 534 1117 633 616 229 555 1161 218 399 1324 363 388 868 626 767 1310 278 526 419 624 492 401 750 1643 642 210 619 343 0
EOF