NAME : tsp_problem
TYPE : TSP
DIMENSION : 60
EDGE_WEIGHT_TYPE : EXPLICIT
EDGE_WEIGHT_FORMAT : FULL_MATRIX
EDGE_WEIGHT_SECTION
0 917 352 832 853 869 882 226 350 350 245 203 854 344 183 944 845 800 243 441 197 184 262 190 314 361 269 417 221 263 238 749 373 342 355 375 260 156 291 267 277 261 379 342 802 108 813 234 310 214 190 186 375 307 360 288 546 877 161 759
917 0 679 277 291 263 256 959 602 681 838 989 276 609 969 87 286 246 836 1121 790 970 947 915 633 683 862 1097 955 732 831 266 582 1002 676 576 994 881 884 1000 807 995 738 604 311 997 308 973 720 944 965 778 733 638 719 881 1226 150 886 276
352 679 0 594 616 631 644 371 215 65 273 425 617 223 404 706 607 562 272 533 225 406 382 350 218 68 298 508 366 122 253 511 196 437 61 190 405 316 319 412 219 406 94 218 564 433 575 408 76 379 376 214 89 212 75 316 637 639 321 521
832 277 594 0 98 114 126 874 516 596 753 904 99 524 884 273 89 89 751 1036 705 885 862 829 548 598 777 1011 869 646 746 181 497 917 591 491 909 796 799 915 722 910 653 519 234 912 245 887 634 858 880 693 648 553 634 796 1141 237 801 190
853 291 616 98 0 85 94 896 538 618 775 926 78 546 906 241 68 106 773 1058 727 907 884 851 570 620 799 1033 891 668 768 203 519 939 613 513 931 818 821 937 744 932 675 541 256 934 267 909 656 880 902 715 670 575 656 818 1163 259 823 212
869 263 631 114 85 0 66 912 554 633 790 941 70 562 921 213 80 121 788 1074 742 922 899 867 585 635 814 1049 907 684 783 218 534 954 628 528 946 833 836 953 760 947 690 556 271 949 282 925 672 896 917 731 685 591 671 833 1178 275 838 228
882 256 644 126 94 66 0 924 566 646 803 954 79 574 934 206 89 134 801 1086 755 935 912 880 598 648 827 1061 920 696 796 231 547 967 641 541 959 846 849 965 772 960 703 569 284 962 295 938 685 908 930 743 698 603 684 846 1191 287 851 240
226 959 371 874 896 912 924 0 496 373 407 127 897 503 233 986 887 843 416 273 370 234 312 206 487 375 395 248 52 436 335 792 476 392 368 470 59 240 361 66 301 60 430 498 844 145 856 284 411 178 62 359 425 480 411 377 377 919 234 801
350 602 215 516 538 554 566 496 0 217 271 422 539 86 402 629 529 485 269 658 223 403 380 348 66 219 295 633 491 164 264 434 90 435 212 84 530 314 317 537 303 487 274 84 487 430 498 406 212 376 490 211 269 71 255 314 762 562 319 443
350 681 65 596 618 633 646 373 217 0 271 423 619 225 402 708 609 564 270 535 223 404 380 348 216 70 296 510 368 120 255 513 198 435 63 192 407 314 317 414 221 408 92 220 566 431 577 406 74 377 378 212 87 210 73 314 639 641 320 523
245 838 273 753 775 790 803 407 271 271 0 306 775 265 205 865 766 721 39 628 71 196 125 243 235 282 40 603 412 184 159 670 294 180 276 296 416 209 62 422 198 371 300 263 723 325 734 151 231 272 386 107 296 228 281 59 733 798 214 680
203 989 425 904 926 941 954 127 422 423 306 0 927 416 132 1016 917 872 316 375 269 134 212 262 387 433 294 350 133 335 311 821 445 291 427 448 136 228 261 143 349 92 452 414 874 247 885 183 382 280 164 258 447 380 433 277 479 949 234 831
854 276 617 99 78 70 79 897 539 619 775 927 0 547 906 226 69 107 774 1059 727 908 884 852 571 621 800 1034 892 669 769 204 519 939 613 514 931 818 821 938 745 932 676 541 256 935 268 910 657 881 902 716 671 576 656 818 1163 260 823 213
344 609 223 524 546 562 574 503 86 225 265 416 547 0 396 636 537 492 263 665 217 398 374 342 60 227 289 641 499 159 258 442 97 429 220 91 526 308 311 533 297 482 275 78 494 424 506 400 206 371 485 206 270 66 256 308 770 569 313 451
183 969 404 884 906 921 934 233 402 402 205 132 906 396 0 996 897 852 218 480 249 49 111 242 366 413 193 455 239 315 290 801 425 190 407 427 242 208 160 248 329 198 432 394 854 263 865 82 362 271 270 238 427 360 412 176 585 929 213 811
944 87 706 273 241 213 206 986 629 708 865 1016 226 636 996 0 236 273 863 1148 817 997 974 942 660 710 889 1124 982 759 858 293 609 1029 703 603 1021 908 911 1027 834 1022 765 631 338 1024 335 1000 747 971 992 805 760 665 746 908 1253 177 913 303
845 286 607 89 68 80 89 887 529 609 766 917 69 537 897 236 0 97 764 1049 718 898 875 842 561 611 790 1024 882 659 759 194 510 930 604 504 922 809 812 928 735 923 666 532 247 925 258 901 647 871 893 706 661 566 647 809 1154 250 814 203
800 246 562 89 106 121 134 843 485 564 721 872 107 492 852 273 97 0 719 1005 673 853 830 798 516 566 745 980 838 615 714 149 465 885 559 459 877 764 767 884 691 878 621 487 202 880 213 856 603 827 848 662 616 522 602 764 1109 206 769 159
243 836 272 751 773 788 801 416 269 270 39 316 774 263 218 863 764 719 0 627 70 208 138 241 234 280 53 602 415 182 158 668 292 193 274 295 425 207 75 432 196 381 299 261 721 324 732 164 229 270 384 105 294 227 280 72 731 796 213 678
441 1121 533 1036 1058 1074 1086 273 658 535 628 375 1059 665 480 1148 1049 1005 627 0 580 482 560 422 689 537 642 221 268 619 497 954 638 640 530 632 307 455 609 313 463 308 592 660 1006 360 1018 531 573 393 278 550 587 691 573 625 141 1081 450 963
197 790 225 705 727 742 755 370 223 223 71 269 727 217 249 817 718 673 70 580 0 251 180 195 187 234 95 555 369 136 111 622 246 235 228 248 379 161 117 386 150 335 253 215 675 277 686 206 183 224 338 59 248 181 233 114 685 750 166 632
184 970 406 885 907 922 935 234 403 404 196 134 908 398 49 997 898 853 208 482 251 0 102 243 368 414 184 457 240 316 292 803 426 181 408 429 243 210 151 250 330 199 433 395 855 264 866 73 363 272 272 239 428 361 414 166 586 930 215 812
262 947 382 862 884 899 912 312 380 380 125 212 884 374 111 974 875 830 138 560 180 102 0 322 344 391 114 535 318 293 269 779 403 111 385 406 321 288 80 328 307 277 410 372 832 342 843 57 340 350 350 216 405 338 390 96 664 907 293 789
190 915 350 829 851 867 880 206 348 348 243 262 852 342 242 942 842 798 241 422 195 243 322 0 312 359 267 397 201 261 236 747 371 401 353 373 241 61 289 247 275 242 377 339 800 161 811 293 308 95 170 184 372 305 358 286 526 875 56 756
314 633 218 548 570 585 598 487 66 216 235 387 571 60 366 660 561 516 234 689 187 368 344 312 0 227 260 664 486 129 229 465 89 399 221 92 496 278 281 503 267 452 246 58 518 395 529 370 176 341 455 176 241 44 226 278 794 593 283 475
361 683 68 598 620 635 648 375 219 70 282 433 621 227 413 710 611 566 280 537 234 414 391 359 227 0 306 512 370 130 257 515 200 446 65 194 409 325 328 416 223 410 103 222 568 441 579 417 84 388 380 223 98 220 84 325 641 643 330 525
269 862 298 777 799 814 827 395 295 296 40 294 800 289 193 889 790 745 53 642 95 184 114 267 260 306 0 617 401 208 184 694 318 169 300 321 404 233 50 410 222 360 325 287 747 350 758 139 255 296 410 131 320 253 306 47 747 822 238 704
417 1097 508 1011 1033 1049 1061 248 633 510 603 350 1034 641 455 1124 1024 980 602 221 555 457 535 397 664 512 617 0 243 595 472 929 613 615 505 607 282 430 584 289 439 283 567 635 982 335 993 506 549 369 253 525 562 666 548 600 158 1057 425 938
221 955 366 869 891 907 920 52 491 368 412 133 892 499 239 982 882 838 415 268 369 240 318 201 486 370 401 243 0 435 331 787 471 398 363 465 65 235 367 72 297 66 425 493 840 140 851 290 407 173 58 357 420 479 406 383 372 915 230 796
263 732 122 646 668 684 696 436 164 120 184 335 669 159 315 759 659 615 182 619 136 316 293 261 129 130 208 595 435 0 177 564 188 348 124 190 445 227 230 451 216 401 149 156 617 343 628 319 79 290 404 125 144 122 130 227 724 692 232 573
238 831 253 746 768 783 796 335 264 255 159 311 769 258 290 858 759 714 158 497 111 292 269 236 229 257 184 472 331 177 0 663 287 323 250 290 370 202 205 376 67 371 294 256 716 319 727 294 224 265 341 83 289 222 275 202 602 791 208 673
749 266 511 181 203 218 231 792 434 513 670 821 204 442 801 293 194 149 668 954 622 803 779 747 465 515 694 929 787 564 663 0 414 834 508 408 826 713 716 833 640 827 570 436 111 829 108 805 552 776 797 611 565 471 551 713 1058 226 718 108
373 582 196 497 519 534 547 476 90 198 294 445 519 97 425 609 510 465 292 638 246 426 403 371 89 200 318 613 471 188 287 414 0 458 193 64 510 337 340 517 324 510 255 92 467 453 478 429 235 400 482 234 250 94 236 337 742 542 342 424
342 1002 437 917 939 954 967 392 435 435 180 291 939 429 190 1029 930 885 193 640 235 181 111 401 399 446 169 615 398 348 323 834 458 0 440 460 401 368 135 408 362 357 465 427 887 422 898 137 395 430 429 271 460 393 445 151 744 962 373 844
355 676 61 591 613 628 641 368 212 63 276 427 613 220 407 703 604 559 274 530 228 408 385 353 221 65 300 505 363 124 250 508 193 440 0 187 402 319 322 409 216 403 97 215 561 435 572 411 78 382 373 217 92 214 78 319 634 636 324 518
375 576 190 491 513 528 541 470 84 192 296 448 514 91 427 603 504 459 295 632 248 429 406 373 92 194 321 607 465 190 290 408 64 460 187 0 505 339 342 511 318 506 249 86 461 456 472 431 230 402 476 237 244 97 230 339 737 536 345 418
260 994 405 909 931 946 959 59 530 407 416 136 931 526 242 1021 922 877 425 307 379 243 321 241 496 409 404 282 65 445 370 826 510 401 402 505 0 274 370 34 336 70 464 524 879 179 890 293 446 212 97 368 459 489 445 386 411 954 269 836
156 881 316 796 818 833 846 240 314 314 209 228 818 308 208 908 809 764 207 455 161 210 288 61 278 325 233 430 235 227 202 713 337 368 319 339 274 0 255 280 241 275 344 306 766 194 777 259 274 90 204 150 339 272 324 252 560 841 51 723
291 884 319 799 821 836 849 361 317 317 62 261 821 311 160 911 812 767 75 609 117 151 80 289 281 328 50 584 367 230 205 716 340 135 322 342 370 255 0 377 244 326 347 309 769 371 780 106 277 318 399 153 342 274 327 33 713 844 260 726
267 1000 412 915 937 953 965 66 537 414 422 143 938 533 248 1027 928 884 432 313 386 250 328 247 503 416 410 289 72 451 376 833 517 408 409 511 34 280 377 0 342 76 471 530 885 185 897 299 452 219 103 374 466 496 452 393 418 960 275 842
277 807 219 722 744 760 772 301 303 221 198 349 745 297 329 834 735 691 196 463 150 330 307 275 267 223 222 439 297 216 67 640 324 362 216 318 336 241 244 342 0 337 278 295 692 357 704 333 260 304 307 120 273 260 259 241 568 767 246 649
261 995 406 910 932 947 960 60 487 408 371 92 932 482 198 1022 923 878 381 308 335 199 277 242 452 410 360 283 66 401 371 827 510 357 403 506 70 275 326 76 337 0 465 479 880 180 891 249 447 213 98 323 460 445 446 342 413 955 270 837
379 738 94 653 675 690 703 430 274 92 300 452 676 275 432 765 666 621 299 592 253 433 410 377 246 103 325 567 425 149 294 570 255 465 97 249 464 344 347 471 278 465 0 273 623 460 634 435 103 406 435 241 116 239 48 343 696 698 349 580
342 604 218 519 541 556 569 498 84 220 263 414 541 78 394 631 532 487 261 660 215 395 372 339 58 222 287 635 493 156 256 436 92 427 215 86 524 306 309 530 295 479 273 0 489 422 500 398 203 368 482 203 268 63 254 306 765 564 311 446
802 311 564 234 256 271 284 844 487 566 723 874 256 494 854 338 247 202 721 1006 675 855 832 800 518 568 747 982 840 617 716 111 467 887 561 461 879 766 769 885 692 880 623 489 0 882 55 858 605 829 850 663 618 523 604 766 1111 192 771 100
108 997 433 912 934 949 962 145 430 431 325 247 935 424 263 1024 925 880 324 360 277 264 342 161 395 441 350 335 140 343 319 829 453 422 435 456 179 194 371 185 357 180 460 422 882 0 893 314 390 132 109 266 455 388 441 368 465 957 189 839
813 308 575 245 267 282 295 856 498 577 734 885 268 506 865 335 258 213 732 1018 686 866 843 811 529 579 758 993 851 628 727 108 478 898 572 472 890 777 780 897 704 891 634 500 55 893 0 869 616 840 861 675 629 535 615 777 1122 189 782 98
234 973 408 887 909 925 938 284 406 406 151 183 910 400 82 1000 901 856 164 531 206 73 57 293 370 417 139 506 290 319 294 805 429 137 411 431 293 259 106 299 333 249 435 398 858 314 869 0 366 322 321 242 431 363 416 122 636 933 264 814
310 720 76 634 656 672 685 411 212 74 231 382 657 206 362 747 647 603 229 573 183 363 340 308 176 84 255 549 407 79 224 552 235 395 78 230 446 274 277 452 260 447 103 203 605 390 616 366 0 337 417 172 98 169 84 274 678 680 279 561
214 944 379 858 880 896 908 178 376 377 272 280 881 371 271 971 871 827 270 393 224 272 350 95 341 388 296 369 173 290 265 776 400 430 382 402 212 90 318 219 304 213 406 368 829 132 840 322 337 0 142 212 401 334 387 315 498 904 85 785
190 965 376 880 902 917 930 62 490 378 386 164 902 485 270 992 893 848 384 278 338 272 350 170 455 380 410 253 58 404 341 797 482 429 373 476 97 204 399 103 307 98 435 482 850 109 861 321 417 142 0 326 430 448 416 415 383 925 199 807
186 778 214 693 715 731 743 359 211 212 107 258 716 206 238 805 706 662 105 550 59 239 216 184 176 223 131 525 357 125 83 611 234 271 217 237 368 150 153 374 120 323 241 203 663 266 675 242 172 212 326 0 236 169 222 150 655 738 155 620
375 733 89 648 670 685 698 425 269 87 296 447 671 270 427 760 661 616 294 587 248 428 405 372 241 98 320 562 420 144 289 565 250 460 92 244 459 339 342 466 273 460 116 268 618 455 629 431 98 401 430 236 0 234 97 339 691 693 344 575
307 638 212 553 575 591 603 480 71 210 228 380 576 66 360 665 566 522 227 691 181 361 338 305 44 220 253 666 479 122 222 471 94 393 214 97 489 272 274 496 260 445 239 63 523 388 535 363 169 334 448 169 234 0 220 271 795 598 277 480
360 719 75 634 656 671 684 411 255 73 281 433 656 256 412 746 647 602 280 573 233 414 390 358 226 84 306 548 406 130 275 551 236 445 78 230 445 324 327 452 259 446 48 254 604 441 615 416 84 387 416 222 97 220 0 324 677 679 330 561
288 881 316 796 818 833 846 377 314 314 59 277 818 308 176 908 809 764 72 625 114 166 96 286 278 325 47 600 383 227 202 713 337 151 319 339 386 252 33 393 241 342 343 306 766 368 777 122 274 315 415 150 339 271 324 0 729 841 257 723
546 1226 637 1141 1163 1178 1191 377 762 639 733 479 1163 770 585 1253 1154 1109 731 141 685 586 664 526 794 641 747 158 372 724 602 1058 742 744 634 737 411 560 713 418 568 413 696 765 1111 465 1122 636 678 498 383 655 691 795 677 729 0 1186 555 1068
877 150 639 237 259 275 287 919 562 641 798 949 260 569 929 177 250 206 796 1081 750 930 907 875 593 643 822 1057 915 692 791 226 542 962 636 536 954 841 844 960 767 955 698 564 192 957 189 933 680 904 925 738 693 598 679 841 1186 0 846 234
161 886 321 801 823 838 851 234 319 320 214 234 823 313 213 913 814 769 213 450 166 215 293 56 283 330 238 425 230 232 208 718 342 373 324 345 269 51 260 275 246 270 349 311 771 189 782 264 279 85 199 155 344 277 330 257 555 846 0 728
759 276 521 190 212 228 240 801 443 523 680 831 213 451 811 303 203 159 678 963 632 812 789 756 475 525 704 938 796 573 673 108 424 844 518 418 836 723 726 842 649 837 580 446 100 839 98 814 561 785 807 620 575 480 561 723 1068 234 728 0
EOF