NAME : tsp_problem
TYPE : TSP
DIMENSION : 88
EDGE_WEIGHT_TYPE : EXPLICIT
EDGE_WEIGHT_FORMAT : FULL_MATRIX
EDGE_WEIGHT_SECTION
0 985 987 350 105 339 89 200 265 256 397 854 653 973 237 324 832 250 159 96 45 938 324 275 935 267 310 386 90 296 351 905 310 315 276 912 91 340 812 968 307 910 963 925 204 865 952 364 868 207 90 860 878 62 371 958 523 349 249 779 316 854 320 245 406 74 304 843 1018 848 165 165 939 338 285 927 980 253 302 895 905 924 686 143 109 245 158 309
985 0 123 739 983 971 928 1016 1022 751 715 302 1253 119 816 775 335 944 844 1003 1000 197 956 853 108 845 1021 636 997 854 747 217 942 946 854 256 911 809 314 77 717 213 82 117 897 324 162 657 251 1023 997 262 255 1017 650 87 1124 665 758 282 1027 335 951 823 750 945 759 338 79 274 846 837 97 815 863 116 120 836 847 241 164 183 1287 858 980 938 1030 844
987 123 0 741 984 972 930 1018 1024 753 716 359 1255 41 818 777 337 946 845 1005 1002 283 958 855 194 847 1023 638 999 855 749 135 944 948 856 342 913 811 316 163 719 130 168 203 899 369 79 658 169 1025 998 179 172 1019 652 173 1125 667 760 284 1029 359 953 825 752 947 760 348 71 191 848 839 183 817 865 202 47 838 849 158 250 269 1288 860 982 940 1032 846
350 739 741 0 347 335 293 381 440 115 72 608 671 727 181 61 586 309 208 368 365 693 321 218 690 210 439 204 362 239 32 660 306 311 219 666 276 227 566 722 126 665 717 680 262 619 706 183 622 388 361 615 632 381 190 712 541 168 123 533 445 609 316 188 80 310 78 597 772 602 211 202 693 233 228 681 734 201 246 649 660 678 704 223 345 303 395 252
105 983 984 347 0 258 164 119 184 253 395 851 571 970 235 322 829 169 234 171 88 936 243 272 933 264 228 383 55 293 349 903 229 233 273 909 166 337 809 965 305 908 960 923 122 862 949 361 865 126 164 858 875 70 368 956 442 346 246 776 235 852 238 184 403 149 302 841 1015 845 239 240 936 335 282 924 977 171 300 892 903 921 605 217 183 163 233 306
339 971 972 335 258 0 335 280 213 241 383 840 498 958 223 310 817 214 250 404 322 924 110 260 921 252 212 371 272 281 337 891 95 100 261 897 318 325 797 953 293 896 948 911 172 850 937 349 853 273 398 846 863 304 356 944 369 334 234 764 219 840 105 172 391 352 290 829 1003 833 253 244 924 323 270 912 965 159 288 880 891 910 532 265 387 213 437 294
89 928 930 293 164 335 0 259 324 199 340 797 711 916 181 267 775 309 102 107 104 882 321 218 878 210 368 329 149 239 295 848 306 311 219 855 38 283 755 911 251 854 906 868 262 808 895 307 811 266 101 804 821 121 314 901 582 292 192 722 375 798 316 188 349 50 247 786 961 791 108 108 882 281 228 870 923 201 246 838 848 867 745 86 84 303 134 252
200 1016 1018 381 119 280 259 0 92 287 428 885 479 1004 268 355 863 203 296 266 183 969 277 306 966 298 136 416 134 326 382 936 262 267 307 943 261 371 843 999 338 941 994 956 156 895 982 394 899 71 259 891 909 165 402 989 350 380 279 810 143 885 272 218 436 244 335 874 1049 879 299 290 969 369 316 957 1011 205 333 926 936 955 513 311 278 197 328 340
265 1022 1024 440 184 213 324 92 0 352 415 891 413 1009 334 421 869 261 361 331 249 975 228 371 972 363 70 482 199 356 447 942 242 237 372 949 326 312 849 1005 404 947 999 962 221 901 988 460 905 85 324 897 914 231 467 995 283 445 345 816 76 891 233 283 450 309 401 880 1055 885 364 355 975 317 370 963 1016 270 349 932 942 961 446 376 343 262 393 346
256 751 753 115 253 241 199 287 352 0 163 620 702 738 87 90 598 215 114 274 271 704 227 124 701 116 397 151 268 145 117 671 212 217 125 678 182 189 577 733 73 676 728 691 168 630 717 129 634 294 267 626 643 287 136 724 573 114 36 545 403 620 222 94 171 216 70 609 783 613 117 108 704 187 134 692 745 107 152 660 671 690 736 129 251 209 301 158
397 715 716 72 395 383 340 428 415 163 0 584 646 702 228 108 561 356 256 415 412 668 368 266 665 257 414 232 409 246 79 635 354 358 266 641 323 202 541 697 174 640 692 655 309 594 681 230 597 436 409 590 607 429 237 688 517 215 170 508 420 584 364 235 82 358 125 573 747 577 258 250 668 208 260 656 709 248 240 624 635 654 680 270 392 350 442 237
854 302 359 608 851 840 797 885 891 620 584 0 1122 344 685 644 66 813 713 872 869 132 825 722 252 714 890 505 866 722 616 277 811 815 723 77 780 678 87 284 586 282 279 242 766 41 323 525 240 892 865 232 249 886 519 275 993 534 627 119 896 52 820 692 619 814 628 55 344 219 715 706 255 684 732 243 351 705 716 267 173 148 1156 727 849 807 899 713
653 1253 1255 671 571 498 711 479 413 702 646 1122 0 1240 652 706 1100 546 711 718 636 1206 512 606 1203 619 411 770 586 587 678 1173 526 522 609 1180 713 543 1079 1236 754 1178 1230 1193 594 1132 1219 790 1136 472 712 1128 1145 618 783 1226 158 795 695 1047 418 1122 517 642 681 696 724 1111 1286 1116 714 705 1206 548 601 1194 1247 629 580 1163 1173 1192 103 726 731 552 780 577
973 119 41 727 970 958 916 1004 1009 738 702 344 1240 0 803 763 322 931 831 991 987 279 944 841 190 832 1008 624 985 841 734 120 929 934 842 338 898 797 302 159 705 116 164 199 884 355 65 644 154 1011 984 165 158 1004 637 169 1111 653 745 269 1015 345 939 810 737 933 746 333 67 177 834 825 179 802 851 198 34 823 834 144 246 265 1274 846 968 925 1017 831
237 816 818 181 235 223 181 268 334 87 228 685 652 803 0 155 663 196 96 255 252 769 208 88 766 80 378 216 249 96 182 736 194 199 89 743 163 139 642 798 138 741 793 756 149 695 782 194 699 276 249 691 708 269 201 789 523 179 79 610 384 685 204 75 236 198 135 674 848 678 98 90 769 137 98 757 810 88 101 725 736 755 686 110 232 190 282 108
324 775 777 61 322 310 267 355 421 90 108 644 706 763 155 0 622 283 183 342 339 728 295 192 725 184 465 179 336 213 62 695 281 285 193 702 250 257 602 758 101 700 753 715 236 655 742 157 658 362 336 650 668 356 164 748 577 142 97 569 471 644 290 162 116 284 52 633 808 638 185 176 728 256 202 717 770 175 220 685 695 714 740 197 319 277 369 227
832 335 337 586 829 817 775 863 869 598 561 66 1100 322 663 622 0 791 690 850 847 180 803 700 285 692 868 483 844 700 594 255 789 793 701 124 758 656 101 317 564 260 312 275 744 76 301 503 218 870 843 210 227 864 497 308 970 512 605 129 874 66 798 670 597 792 605 69 367 197 693 684 288 662 710 276 329 683 694 244 220 196 1133 705 827 785 877 691
250 944 946 309 169 214 309 203 261 215 356 813 546 931 196 283 791 0 224 316 234 897 205 234 894 225 260 344 184 254 310 864 190 195 234 871 291 298 770 926 266 869 921 884 80 823 910 322 827 210 309 819 836 216 329 917 417 307 207 738 267 813 200 146 364 294 263 802 977 806 226 218 897 297 243 885 938 133 261 853 864 883 580 238 328 38 378 268
159 844 845 208 234 250 102 296 361 114 256 713 711 831 96 183 690 224 0 177 174 797 236 133 794 125 406 244 218 154 210 764 222 226 134 770 85 198 670 826 166 769 821 784 177 723 810 222 726 303 170 719 736 191 229 817 582 207 107 637 412 713 231 103 264 119 163 702 876 706 24 25 797 196 143 785 838 116 161 753 764 783 745 32 154 218 204 167
96 1003 1005 368 171 404 107 266 331 274 415 872 718 991 255 342 850 316 177 0 111 956 390 293 953 285 375 404 156 314 369 923 376 380 294 930 109 358 830 986 325 928 981 943 269 883 970 382 886 273 104 878 896 128 389 976 589 367 266 797 382 872 385 263 424 92 322 861 1036 866 183 183 957 356 303 945 998 275 320 913 923 942 752 161 127 310 87 327
45 1000 1002 365 88 322 104 183 249 271 412 869 636 987 252 339 847 234 174 111 0 953 308 290 950 281 293 400 73 310 366 920 293 298 290 927 106 354 826 982 322 925 977 940 187 879 966 378 883 190 104 875 892 45 385 973 506 363 263 794 299 869 303 249 420 89 319 858 1032 862 179 180 953 353 299 941 994 236 317 909 920 939 669 158 123 228 173 324
938 197 283 693 936 924 882 969 975 704 668 132 1206 279 769 728 180 897 797 956 953 0 910 807 147 798 974 590 950 807 700 290 895 900 807 86 864 762 201 179 671 295 174 137 850 155 322 610 252 977 950 245 262 970 603 170 1077 619 711 232 981 166 905 776 703 899 712 169 240 232 799 791 150 768 816 138 281 789 800 279 68 43 1240 811 933 891 983 797
324 956 958 321 243 110 321 277 228 227 368 825 512 944 208 295 803 205 236 390 308 910 0 246 906 238 227 357 258 267 322 876 81 85 247 883 304 311 783 939 278 882 934 896 158 836 923 335 839 284 383 831 849 290 342 929 383 320 220 750 233 826 90 158 377 338 275 814 989 819 239 230 910 309 256 898 951 145 273 866 876 895 546 251 373 199 423 280
275 853 855 218 272 260 218 306 371 124 266 722 606 841 88 192 700 234 133 293 290 807 246 0 804 82 374 254 287 50 220 773 231 236 72 780 201 93 680 836 176 779 831 794 187 733 820 232 736 313 286 729 746 306 239 826 477 217 117 647 381 723 241 113 274 235 173 711 886 716 136 127 807 91 64 795 848 126 56 763 773 792 640 148 270 228 320 62
935 108 194 690 933 921 878 966 972 701 665 252 1203 190 766 725 285 894 794 953 950 147 906 804 0 795 971 586 947 804 697 287 892 896 804 206 861 759 265 90 667 284 85 88 847 274 233 607 249 974 947 242 259 967 600 81 1074 615 708 232 977 285 902 773 700 896 709 288 150 229 796 788 68 765 813 87 191 786 797 276 114 133 1237 808 930 888 980 794
267 845 847 210 264 252 210 298 363 116 257 714 619 832 80 184 692 225 125 285 281 798 238 82 795 0 387 245 279 63 211 765 223 228 85 772 192 106 672 828 167 770 823 785 179 724 811 223 728 305 278 720 738 298 231 818 490 209 108 639 393 714 233 105 265 227 164 703 878 708 128 119 798 104 76 786 840 117 68 755 765 784 652 140 262 220 312 75
310 1021 1023 439 228 212 368 136 70 397 414 890 411 1008 378 465 868 260 406 375 293 974 227 374 971 387 0 526 243 355 446 941 241 236 377 948 370 311 847 1003 448 946 998 961 266 900 987 504 904 129 369 896 913 275 511 994 282 489 389 815 34 890 231 327 449 353 445 879 1054 883 408 400 974 316 369 962 1015 315 348 931 941 960 445 420 388 266 437 345
386 636 638 204 383 371 329 416 482 151 232 505 770 624 216 179 483 344 244 404 400 590 357 254 586 245 526 0 398 274 206 556 342 347 255 563 311 319 463 619 118 562 614 576 297 516 603 59 519 424 397 511 529 417 66 609 641 66 158 430 533 506 352 223 260 346 159 494 669 499 247 238 590 317 264 578 631 236 281 546 556 575 804 258 381 338 430 288
90 997 999 362 55 272 149 134 199 268 409 866 586 985 249 336 844 184 218 156 73 950 258 287 947 279 243 398 0 308 363 917 243 248 288 924 151 352 824 980 319 922 975 937 137 877 964 376 880 141 149 872 890 55 383 970 457 361 261 791 250 866 253 199 418 133 316 855 1030 860 224 224 951 350 297 939 992 186 314 907 917 936 620 202 168 178 218 321
296 854 855 239 293 281 239 326 356 145 246 722 587 841 96 213 700 254 154 314 310 807 267 50 804 63 355 274 308 0 240 774 252 257 53 780 221 74 680 836 196 779 831 794 207 733 820 252 736 334 307 729 746 327 259 827 458 238 137 647 361 723 262 133 282 256 193 712 886 716 157 148 807 72 44 795 848 146 36 763 774 792 621 169 291 248 340 43
351 747 749 32 349 337 295 382 447 117 79 616 678 734 182 62 594 310 210 369 366 700 322 220 697 211 446 206 363 240 0 667 308 313 220 674 277 234 573 729 128 672 724 687 263 626 713 184 630 390 363 622 639 383 191 720 549 169 124 541 452 616 318 189 88 312 79 605 779 609 212 204 700 240 229 688 741 202 247 656 667 686 712 224 346 304 396 254
905 217 135 660 903 891 848 936 942 671 635 277 1173 120 736 695 255 864 764 923 920 290 876 773 287 765 941 556 917 774 667 0 862 866 774 335 831 729 235 257 637 62 262 277 817 287 99 577 87 943 917 98 91 937 570 267 1044 585 678 202 947 277 872 743 670 866 679 266 166 109 766 758 278 735 783 278 127 756 767 88 257 275 1207 778 900 858 950 764
310 942 944 306 229 95 306 262 242 212 354 811 526 929 194 281 789 190 222 376 293 895 81 231 892 223 241 342 243 252 308 862 0 71 232 869 289 296 768 924 264 867 919 882 143 821 908 320 825 270 369 817 834 275 327 915 397 305 205 736 247 811 76 143 362 323 261 800 974 804 224 215 895 295 241 883 936 131 259 851 862 881 560 236 358 184 408 266
315 946 948 311 233 100 311 267 237 217 358 815 522 934 199 285 793 195 226 380 298 900 85 236 896 228 236 347 248 257 313 866 71 0 237 873 294 301 773 929 269 872 924 886 148 826 913 325 829 274 374 822 839 280 332 919 393 310 210 740 243 816 80 148 367 328 265 804 979 809 229 220 900 299 246 888 941 135 264 856 866 885 556 241 363 189 413 270
276 854 856 219 273 261 219 307 372 125 266 723 609 842 89 193 701 234 134 294 290 807 247 72 804 85 377 255 288 53 220 774 232 237 0 781 202 96 681 837 176 779 832 794 188 734 821 233 737 314 287 729 747 307 240 827 480 218 118 648 384 723 242 114 275 236 173 712 887 717 137 128 808 94 67 796 849 126 59 764 774 793 643 149 271 229 321 65
912 256 342 666 909 897 855 943 949 678 641 77 1180 338 743 702 124 871 770 930 927 86 883 780 206 772 948 563 924 780 674 335 869 873 781 0 838 736 145 238 644 340 233 196 824 99 381 583 298 950 923 290 307 944 577 229 1051 592 685 176 954 110 878 750 677 872 686 113 299 277 773 764 209 742 790 197 339 763 774 324 127 102 1213 785 907 865 957 771
91 911 913 276 166 318 38 261 326 182 323 780 713 898 163 250 758 291 85 109 106 864 304 201 861 192 370 311 151 221 277 831 289 294 202 838 0 266 737 894 233 836 888 851 244 790 877 289 794 268 103 786 803 123 296 884 584 274 174 705 377 780 299 170 331 51 230 769 944 774 90 91 864 264 211 852 905 183 228 821 831 850 747 69 86 285 136 235
340 809 811 227 337 325 283 371 312 189 202 678 543 797 139 257 656 298 198 358 354 762 311 93 759 106 311 319 352 74 234 729 296 301 96 736 266 0 636 792 240 734 787 749 252 689 776 297 692 371 351 684 702 371 304 782 413 282 182 603 317 678 306 178 237 300 237 667 842 672 201 192 763 82 87 751 804 190 79 719 729 748 576 213 335 293 385 86
812 314 316 566 809 797 755 843 849 577 541 87 1079 302 642 602 101 770 670 830 826 201 783 680 265 672 847 463 824 680 573 235 768 773 681 145 737 636 0 297 544 240 292 255 724 98 281 483 197 850 823 190 207 843 476 287 950 492 584 108 854 88 778 650 576 772 585 90 347 177 673 664 268 641 690 256 309 662 673 224 235 217 1113 685 807 765 857 670
968 77 163 722 965 953 911 999 1005 733 697 284 1236 159 798 758 317 926 826 986 982 179 939 836 90 828 1003 619 980 836 729 257 924 929 837 238 894 792 297 0 700 253 88 100 880 307 202 639 282 1006 979 274 291 999 632 92 1106 648 741 264 1010 318 934 806 732 928 741 321 120 262 829 820 79 797 846 99 160 818 830 281 146 165 1269 841 963 921 1013 826
307 717 719 126 305 293 251 338 404 73 174 586 754 705 138 101 564 266 166 325 322 671 278 176 667 167 448 118 319 196 128 637 264 269 176 644 233 240 544 700 0 643 695 657 219 597 684 96 600 346 319 592 610 339 103 690 624 81 80 511 454 586 274 145 182 268 81 575 750 580 168 160 671 239 185 659 712 158 203 627 637 656 787 180 302 260 352 210
910 213 130 665 908 896 854 941 947 676 640 282 1178 116 741 700 260 869 769 928 925 295 882 779 284 770 946 562 922 779 672 62 867 872 779 340 836 734 240 253 643 0 258 282 822 292 95 582 92 949 922 103 96 942 575 263 1049 591 683 207 953 282 877 748 675 871 684 271 161 115 771 763 273 740 789 283 123 761 772 85 262 281 1212 783 906 863 955 769
963 82 168 717 960 948 906 994 999 728 692 279 1230 164 793 753 312 921 821 981 977 174 934 831 85 823 998 614 975 831 724 262 919 924 832 233 888 787 292 88 695 258 0 94 875 302 207 634 277 1001 974 269 286 994 627 87 1101 643 735 259 1005 313 929 801 727 923 736 315 124 257 824 815 74 792 841 94 165 813 824 286 141 160 1264 836 958 916 1008 821
925 117 203 680 923 911 868 956 962 691 655 242 1193 199 756 715 275 884 784 943 940 137 896 794 88 785 961 576 937 794 687 277 882 886 794 196 851 749 255 100 657 282 94 0 837 264 242 597 239 964 937 232 249 957 590 90 1064 605 698 222 967 275 892 763 690 886 699 278 160 219 786 778 77 755 803 96 201 776 787 266 104 123 1227 798 920 878 970 784
204 897 899 262 122 172 262 156 221 168 309 766 594 884 149 236 744 80 177 269 187 850 158 187 847 179 266 297 137 207 263 817 143 148 188 824 244 252 724 880 219 822 875 837 0 776 863 275 780 163 263 772 790 169 283 870 465 261 160 691 272 766 153 99 317 247 216 755 930 760 180 171 850 250 197 838 891 86 214 807 817 836 628 192 282 78 331 221
865 324 369 619 862 850 808 895 901 630 594 41 1132 355 695 655 76 823 723 883 879 155 836 733 274 724 900 516 877 733 626 287 821 826 734 99 790 689 98 307 597 292 302 264 776 0 334 536 250 903 876 242 260 896 529 297 1003 545 637 129 907 63 831 702 629 825 638 65 367 230 726 717 278 694 743 266 362 715 726 277 195 171 1166 738 860 817 909 723
952 162 79 706 949 937 895 982 988 717 681 323 1219 65 782 742 301 910 810 970 966 322 923 820 233 811 987 603 964 820 713 99 908 913 821 381 877 776 281 202 684 95 207 242 863 334 0 623 133 990 963 144 137 983 616 212 1090 632 724 248 994 323 918 789 716 912 725 312 110 156 813 804 222 781 830 241 72 802 813 123 289 308 1253 825 947 904 996 810
364 657 658 183 361 349 307 394 460 129 230 525 790 644 194 157 503 322 222 382 378 610 335 232 607 223 504 59 376 252 184 577 320 325 233 583 289 297 483 639 96 582 634 597 275 536 623 0 539 402 375 532 549 395 44 630 661 44 136 450 511 526 330 201 238 324 137 514 689 519 225 216 610 295 242 598 651 214 259 566 577 595 824 237 359 316 408 266
868 251 169 622 865 853 811 899 905 634 597 240 1136 154 699 658 218 827 726 886 883 252 839 736 249 728 904 519 880 736 630 87 825 829 737 298 794 692 197 282 600 92 277 239 780 250 133 539 0 906 879 60 71 900 533 272 1006 548 641 165 910 240 834 706 633 828 641 229 200 72 729 720 252 698 746 241 161 719 730 77 219 238 1169 741 863 821 913 727
207 1023 1025 388 126 273 266 71 85 294 436 892 472 1011 276 362 870 210 303 273 190 977 284 313 974 305 129 424 141 334 390 943 270 274 314 950 268 371 850 1006 346 949 1001 964 163 903 990 402 906 0 266 899 916 173 409 996 343 387 287 817 136 893 279 225 444 251 343 881 1056 886 306 297 977 376 323 965 1018 212 341 933 943 962 506 318 285 204 335 347
90 997 998 361 164 398 101 259 324 267 409 865 712 984 249 336 843 309 170 104 104 950 383 286 947 278 369 397 149 307 363 917 369 374 287 923 103 351 823 979 319 922 974 937 263 876 963 375 879 266 0 872 889 121 382 970 582 360 260 790 375 866 379 256 417 85 316 854 1029 859 176 176 950 349 296 938 991 269 314 906 917 935 745 154 120 304 92 320
860 262 179 615 858 846 804 891 897 626 590 232 1128 165 691 650 210 819 719 878 875 245 831 729 242 720 896 511 872 729 622 98 817 822 729 290 786 684 190 274 592 103 269 232 772 242 144 532 60 899 872 0 70 892 525 265 999 541 633 157 902 232 827 698 625 821 634 221 210 71 721 713 245 690 738 233 172 711 722 87 212 230 1162 733 855 813 905 719
878 255 172 632 875 863 821 909 914 643 607 249 1145 158 708 668 227 836 736 896 892 262 849 746 259 738 913 529 890 746 639 91 834 839 747 307 803 702 207 291 610 96 286 249 790 260 137 549 71 916 889 70 0 909 542 282 1016 558 650 174 920 250 844 716 642 838 651 238 203 82 739 730 262 707 756 250 165 728 739 80 229 248 1179 751 873 831 923 736
62 1017 1019 381 70 304 121 165 231 287 429 886 618 1004 269 356 864 216 191 128 45 970 290 306 967 298 275 417 55 327 383 937 275 280 307 944 123 371 843 999 339 942 994 957 169 896 983 395 900 173 121 892 909 0 402 990 489 380 280 811 281 886 285 231 437 106 336 875 1049 879 196 197 970 370 316 958 1011 218 334 926 937 956 652 174 140 210 190 341
371 650 652 190 368 356 314 402 467 136 237 519 783 637 201 164 497 329 229 389 385 603 342 239 600 231 511 66 383 259 191 570 327 332 240 577 296 304 476 632 103 575 627 590 283 529 616 44 533 409 382 525 542 402 0 623 654 51 143 444 518 519 337 209 245 331 144 508 682 512 232 223 603 302 249 591 644 221 266 559 570 589 817 244 366 324 416 273
958 87 173 712 956 944 901 989 995 724 688 275 1226 169 789 748 308 917 817 976 973 170 929 826 81 818 994 609 970 827 720 267 915 919 827 229 884 782 287 92 690 263 87 90 870 297 212 630 272 996 970 265 282 990 623 0 1097 638 731 255 1000 308 924 796 723 918 732 311 129 252 819 810 70 788 836 89 170 809 820 291 137 156 1260 831 953 911 1003 817
523 1124 1125 541 442 369 582 350 283 573 517 993 158 1111 523 577 970 417 582 589 506 1077 383 477 1074 490 282 641 457 458 549 1044 397 393 480 1051 584 413 950 1106 624 1049 1101 1064 465 1003 1090 661 1006 343 582 999 1016 489 654 1097 0 666 565 917 289 993 388 513 552 567 595 982 1156 986 585 576 1077 419 471 1065 1118 500 451 1033 1044 1063 192 597 601 423 651 448
349 665 667 168 346 334 292 380 445 114 215 534 795 653 179 142 512 307 207 367 363 619 320 217 615 209 489 66 361 238 169 585 305 310 218 592 274 282 492 648 81 591 643 605 261 545 632 44 548 387 360 541 558 380 51 638 666 0 122 459 496 535 315 187 223 309 122 523 698 528 210 201 619 280 227 607 660 199 244 575 585 604 829 222 344 302 394 251
249 758 760 123 246 234 192 279 345 36 170 627 695 745 79 97 605 207 107 266 263 711 220 117 708 108 389 158 261 137 124 678 205 210 118 685 174 182 584 741 80 683 735 698 160 637 724 136 641 287 260 633 650 280 143 731 565 122 0 552 396 627 215 86 178 209 77 616 791 621 110 101 711 180 127 699 752 99 144 668 678 697 728 121 244 201 293 151
779 282 284 533 776 764 722 810 816 545 508 119 1047 269 610 569 129 738 637 797 794 232 750 647 232 639 815 430 791 647 541 202 736 740 648 176 705 603 108 264 511 207 259 222 691 129 248 450 165 817 790 157 174 811 444 255 917 459 552 0 821 119 745 617 544 739 552 121 314 144 640 631 235 609 657 223 276 630 641 191 202 221 1080 652 774 732 824 638
316 1027 1029 445 235 219 375 143 76 403 420 896 418 1015 384 471 874 267 412 382 299 981 233 381 977 393 34 533 250 361 452 947 247 243 384 954 377 317 854 1010 454 953 1005 967 272 907 994 511 910 136 375 902 920 281 518 1000 289 496 396 821 0 897 238 334 455 360 451 885 1060 890 415 406 981 323 375 969 1022 321 355 937 947 966 452 427 394 273 444 352
854 335 359 609 852 840 798 885 891 620 584 52 1122 345 685 644 66 813 713 872 869 166 826 723 285 714 890 506 866 723 616 277 811 816 723 110 780 678 88 318 586 282 313 275 766 63 323 526 240 893 866 232 250 886 519 308 993 535 627 119 897 0 821 692 619 815 628 55 378 220 715 707 288 684 732 277 352 705 716 267 206 182 1156 727 849 807 899 713
320 951 953 316 238 105 316 272 233 222 364 820 517 939 204 290 798 200 231 385 303 905 90 241 902 233 231 352 253 262 318 872 76 80 242 878 299 306 778 934 274 877 929 892 153 831 918 330 834 279 379 827 844 285 337 924 388 315 215 745 238 821 0 153 372 333 271 809 984 814 234 225 905 304 251 893 946 140 269 861 871 890 551 246 368 194 418 275
245 823 825 188 184 172 188 218 283 94 235 692 642 810 75 162 670 146 103 263 249 776 158 113 773 105 327 223 199 133 189 743 143 148 114 750 170 178 650 806 145 748 801 763 99 702 789 201 706 225 256 698 716 231 209 796 513 187 86 617 334 692 153 0 243 205 142 681 856 686 106 97 776 176 123 764 818 37 140 733 743 762 676 118 240 140 290 147
406 750 752 80 403 391 349 436 450 171 82 619 681 737 236 116 597 364 264 424 420 703 377 274 700 265 449 260 418 282 88 670 362 367 275 677 331 237 576 732 182 675 727 690 317 629 716 238 633 444 417 625 642 437 245 723 552 223 178 544 455 619 372 243 0 366 134 608 782 612 267 258 703 243 284 691 744 256 275 659 670 689 715 279 401 358 450 272
74 945 947 310 149 352 50 244 309 216 358 814 696 933 198 284 792 294 119 92 89 899 338 235 896 227 353 346 133 256 312 866 323 328 236 872 51 300 772 928 268 871 923 886 247 825 912 324 828 251 85 821 838 106 331 918 567 309 209 739 360 815 333 205 366 0 265 803 978 808 125 125 899 298 245 887 940 218 263 855 865 884 730 103 69 288 119 269
304 759 760 78 302 290 247 335 401 70 125 628 724 746 135 52 605 263 163 322 319 712 275 173 709 164 445 159 316 193 79 679 261 265 173 686 230 237 585 741 81 684 736 699 216 638 725 137 641 343 316 634 651 336 144 732 595 122 77 552 451 628 271 142 134 265 0 617 791 621 165 157 712 236 182 700 753 155 200 668 679 698 758 177 299 257 349 207
843 338 348 597 841 829 786 874 880 609 573 55 1111 333 674 633 69 802 702 861 858 169 814 711 288 703 879 494 855 712 605 266 800 804 712 113 769 667 90 321 575 271 315 278 755 65 312 514 229 881 854 221 238 875 508 311 982 523 616 121 885 55 809 681 608 803 617 0 379 209 704 695 291 673 721 279 340 694 705 256 209 185 1145 716 838 796 888 702
1018 79 71 772 1015 1003 961 1049 1055 783 747 344 1286 67 848 808 367 977 876 1036 1032 240 989 886 150 878 1054 669 1030 886 779 166 974 979 887 299 944 842 347 120 750 161 124 160 930 367 110 689 200 1056 1029 210 203 1049 682 129 1156 698 791 314 1060 378 984 856 782 978 791 379 0 222 879 870 140 847 896 159 69 868 880 189 206 225 1319 891 1013 971 1063 876
848 274 191 602 845 833 791 879 885 613 577 219 1116 177 678 638 197 806 706 866 862 232 819 716 229 708 883 499 860 716 609 109 804 809 717 277 774 672 177 262 580 115 257 219 760 230 156 519 72 886 859 71 82 879 512 252 986 528 621 144 890 220 814 686 612 808 621 209 222 0 709 700 232 677 726 220 184 698 710 99 199 218 1149 721 843 801 893 706
165 846 848 211 239 253 108 299 364 117 258 715 714 834 98 185 693 226 24 183 179 799 239 136 796 128 408 247 224 157 212 766 224 229 137 773 90 201 673 829 168 771 824 786 180 726 813 225 729 306 176 721 739 196 232 819 585 210 110 640 415 715 234 106 267 125 165 704 879 709 0 30 800 199 146 788 841 118 163 756 766 785 748 38 160 221 210 170
165 837 839 202 240 244 108 290 355 108 250 706 705 825 90 176 684 218 25 183 180 791 230 127 788 119 400 238 224 148 204 758 215 220 128 764 91 192 664 820 160 763 815 778 171 717 804 216 720 297 176 713 730 197 223 810 576 201 101 631 406 707 225 97 258 125 157 695 870 700 30 0 791 190 137 779 832 110 155 747 757 776 739 38 160 212 210 161
939 97 183 693 936 924 882 969 975 704 668 255 1206 179 769 728 288 897 797 957 953 150 910 807 68 798 974 590 951 807 700 278 895 900 808 209 864 763 268 79 671 273 74 77 850 278 222 610 252 977 950 245 262 970 603 70 1077 619 711 235 981 288 905 776 703 899 712 291 140 232 800 791 0 768 817 77 181 789 800 279 117 136 1240 811 934 891 983 797
338 815 817 233 335 323 281 369 317 187 208 684 548 802 137 256 662 297 196 356 353 768 309 91 765 104 316 317 350 72 240 735 295 299 94 742 264 82 641 797 239 740 792 755 250 694 781 295 698 376 349 690 707 370 302 788 419 280 180 609 323 684 304 176 243 298 236 673 847 677 199 190 768 0 86 756 809 189 77 724 735 754 582 211 333 291 383 84
285 863 865 228 282 270 228 316 370 134 260 732 601 851 98 202 710 243 143 303 299 816 256 64 813 76 369 264 297 44 229 783 241 246 67 790 211 87 690 846 185 789 841 803 197 743 830 242 746 323 296 738 756 316 249 836 471 227 127 657 375 732 251 123 284 245 182 721 896 726 146 137 817 86 0 805 858 135 50 773 783 802 634 158 280 238 330 57
927 116 202 681 924 912 870 957 963 692 656 243 1194 198 757 717 276 885 785 945 941 138 898 795 87 786 962 578 939 795 688 278 883 888 796 197 852 751 256 99 659 283 94 96 838 266 241 598 241 965 938 233 250 958 591 89 1065 607 699 223 969 277 893 764 691 887 700 279 159 220 788 779 77 756 805 0 200 777 788 267 105 124 1228 800 922 879 971 785
980 120 47 734 977 965 923 1011 1016 745 709 351 1247 34 810 770 329 938 838 998 994 281 951 848 191 840 1015 631 992 848 741 127 936 941 849 339 905 804 309 160 712 123 165 201 891 362 72 651 161 1018 991 172 165 1011 644 170 1118 660 752 276 1022 352 946 818 744 940 753 340 69 184 841 832 181 809 858 200 0 830 841 151 247 266 1281 853 975 933 1025 838
253 836 838 201 171 159 201 205 270 107 248 705 629 823 88 175 683 133 116 275 236 789 145 126 786 117 315 236 186 146 202 756 131 135 126 763 183 190 662 818 158 761 813 776 86 715 802 214 719 212 269 711 728 218 221 809 500 199 99 630 321 705 140 37 256 218 155 694 868 698 118 110 789 189 135 777 830 0 153 745 756 775 663 130 252 127 302 160
302 847 849 246 300 288 246 333 349 152 240 716 580 834 101 220 694 261 161 320 317 800 273 56 797 68 348 281 314 36 247 767 259 264 59 774 228 79 673 830 203 772 824 787 214 726 813 259 730 341 314 722 739 334 266 820 451 244 144 641 355 716 269 140 275 263 200 705 880 710 163 155 800 77 50 788 841 153 0 757 767 786 614 175 297 255 347 48
895 241 158 649 892 880 838 926 932 660 624 267 1163 144 725 685 244 853 753 913 909 279 866 763 276 755 931 546 907 763 656 88 851 856 764 324 821 719 224 281 627 85 286 266 807 277 123 566 77 933 906 87 80 926 559 291 1033 575 668 191 937 267 861 733 659 855 668 256 189 99 756 747 279 724 773 267 151 745 757 0 246 265 1196 768 890 848 940 753
905 164 250 660 903 891 848 936 942 671 635 173 1173 246 736 695 220 864 764 923 920 68 876 773 114 765 941 556 917 774 667 257 862 866 774 127 831 729 235 146 637 262 141 104 817 195 289 577 219 943 917 212 229 937 570 137 1044 585 678 202 947 206 871 743 670 865 679 209 206 199 766 757 117 735 783 105 247 756 767 246 0 54 1207 778 900 858 950 764
924 183 269 678 921 910 867 955 961 690 654 148 1192 265 755 714 196 883 783 942 939 43 895 792 133 784 960 575 936 792 686 275 881 885 793 102 850 748 217 165 656 281 160 123 836 171 308 595 238 962 935 230 248 956 589 156 1063 604 697 221 966 182 890 762 689 884 698 185 225 218 785 776 136 754 802 124 266 775 786 265 54 0 1226 797 919 877 969 783
686 1287 1288 704 605 532 745 513 446 736 680 1156 103 1274 686 740 1133 580 745 752 669 1240 546 640 1237 652 445 804 620 621 712 1207 560 556 643 1213 747 576 1113 1269 787 1212 1264 1227 628 1166 1253 824 1169 506 745 1162 1179 652 817 1260 192 829 728 1080 452 1156 551 676 715 730 758 1145 1319 1149 748 739 1240 582 634 1228 1281 663 614 1196 1207 1226 0 760 764 586 814 611
143 858 860 223 217 265 86 311 376 129 270 727 726 846 110 197 705 238 32 161 158 811 251 148 808 140 420 258 202 169 224 778 236 241 149 785 69 213 685 841 180 783 836 798 192 738 825 237 741 318 154 733 751 174 244 831 597 222 121 652 427 727 246 118 279 103 177 716 891 721 38 38 811 211 158 800 853 130 175 768 778 797 760 0 138 233 188 182
109 980 982 345 183 387 84 278 343 251 392 849 731 968 232 319 827 328 154 127 123 933 373 270 930 262 388 381 168 291 346 900 358 363 271 907 86 335 807 963 302 906 958 920 282 860 947 359 863 285 120 855 873 140 366 953 601 344 244 774 394 849 368 240 401 69 299 838 1013 843 160 160 934 333 280 922 975 252 297 890 900 919 764 138 0 323 74 304
245 938 940 303 163 213 303 197 262 209 350 807 552 925 190 277 785 38 218 310 228 891 199 228 888 220 266 338 178 248 304 858 184 189 229 865 285 293 765 921 260 863 916 878 78 817 904 316 821 204 304 813 831 210 324 911 423 302 201 732 273 807 194 140 358 288 257 796 971 801 221 212 891 291 238 879 933 127 255 848 858 877 586 233 323 0 372 262
158 1030 1032 395 233 437 134 328 393 301 442 899 780 1017 282 369 877 378 204 87 173 983 423 320 980 312 437 430 218 340 396 950 408 413 321 957 136 385 857 1013 352 955 1008 970 331 909 996 408 913 335 92 905 923 190 416 1003 651 394 293 824 444 899 418 290 450 119 349 888 1063 893 210 210 983 383 330 971 1025 302 347 940 950 969 814 188 74 372 0 354
309 844 846 252 306 294 252 340 346 158 237 713 577 831 108 227 691 268 167 327 324 797 280 62 794 75 345 288 321 43 254 764 266 270 65 771 235 86 670 826 210 769 821 784 221 723 810 266 727 347 320 719 736 341 273 817 448 251 151 638 352 713 275 147 272 269 207 702 876 706 170 161 797 84 57 785 838 160 48 753 764 783 611 182 304 262 354 0
EOF