NAME : tsp_problem
TYPE : TSP
DIMENSION : 28
EDGE_WEIGHT_TYPE : EXPLICIT
EDGE_WEIGHT_FORMAT : FULL_MATRIX
EDGE_WEIGHT_SECTION
0 271 311 1004 899 343 886 224 766 328 887 162 256 183 161 300 377 830 277 322 333 75 233 179 81 267 925 798
271 0 308 897 791 256 779 137 659 284 780 207 49 316 315 213 278 723 190 235 92 223 72 298 248 348 818 691
311 308 0 1041 936 87 923 261 803 42 924 185 293 288 293 337 414 867 314 359 370 263 269 276 287 204 962 835
1004 897 1041 0 165 989 171 801 336 1017 176 940 902 1025 1048 818 789 381 765 796 835 956 879 1030 981 1081 142 368
899 791 936 165 0 883 66 696 231 912 71 835 797 920 943 713 684 295 660 690 729 851 773 925 875 976 266 263
343 256 87 989 883 0 871 209 751 63 872 247 241 350 355 284 362 815 261 307 318 295 217 337 319 266 910 782
886 779 923 171 66 871 0 683 218 899 61 822 784 907 930 700 671 282 648 678 717 838 761 912 863 963 272 250
224 137 261 801 696 209 683 0 563 237 684 160 122 379 268 97 174 627 74 119 199 176 99 251 201 301 722 595
766 659 803 336 231 751 218 563 0 779 220 702 664 787 810 581 551 108 528 558 597 718 641 793 743 843 258 130
328 284 42 1017 912 63 899 237 779 0 900 203 269 306 311 313 390 843 290 335 346 280 246 293 305 221 938 811
887 780 924 176 71 872 61 684 220 900 0 823 785 908 931 702 672 283 649 679 718 839 762 914 864 964 277 251
162 207 185 940 835 247 822 160 702 203 823 0 192 262 137 236 314 766 213 258 270 115 169 119 139 178 861 734
256 49 293 902 797 241 784 122 664 269 785 192 0 334 300 198 275 728 175 220 110 208 91 283 233 333 823 696
183 316 288 1025 920 350 907 379 787 306 908 262 334 0 159 435 406 851 432 412 254 230 357 177 206 110 946 819
161 315 293 1048 943 355 930 268 810 311 931 137 300 159 0 344 421 874 321 366 365 208 277 46 185 243 969 842
300 213 337 818 713 284 700 97 581 313 702 236 198 435 344 0 112 644 94 57 245 252 174 326 276 377 740 612
377 278 414 789 684 362 671 174 551 390 672 314 275 406 421 112 0 615 172 90 216 330 252 404 354 455 710 583
830 723 867 381 295 815 282 627 108 843 283 766 728 851 874 644 615 0 591 622 661 782 705 856 807 907 300 76
277 190 314 765 660 261 648 74 528 290 649 213 175 432 321 94 172 591 0 117 252 229 151 303 253 354 687 559
322 235 359 796 690 307 678 119 558 335 679 258 220 412 366 57 90 622 117 0 222 274 197 348 299 399 717 589
333 92 370 835 729 318 717 199 597 346 718 270 110 254 365 245 216 661 252 222 0 285 133 360 310 338 756 629
75 223 263 956 851 295 838 176 718 280 839 115 208 230 208 252 330 782 229 274 285 0 185 205 51 256 877 750
233 72 269 879 773 217 761 99 641 246 762 169 91 357 277 174 252 705 151 197 133 185 0 259 209 310 800 672
179 298 276 1030 925 337 912 251 793 293 914 119 283 177 46 326 404 856 303 348 360 205 259 0 203 261 952 824
81 248 287 981 875 319 863 201 743 305 864 139 233 206 185 276 354 807 253 299 310 51 209 203 0 280 902 774
267 348 204 1081 976 266 963 301 843 221 964 178 333 110 243 377 455 907 354 399 338 256 310 261 280 0 1002 875
925 818 962 142 266 910 272 722 258 938 277 861 823 946 969 740 710 300 687 717 756 877 800 952 902 1002 0 289
798 691 835 368 263 782 250 595 130 811 251 734 696 819 842 612 583 76 559 589 629 750 672 824 774 875 289 0
EOF