NAME : tsp_problem
TYPE : TSP
DIMENSION : 24
EDGE_WEIGHT_TYPE : EXPLICIT
EDGE_WEIGHT_FORMAT : FULL_MATRIX
EDGE_WEIGHT_SECTION
0 796 789 813 1330 239 1037 246 185 1009 96 1044 957 796 1067 1081 751 1349 942 175 1112 82 742 1040
796 0 90 113 718 609 417 602 670 389 743 432 337 96 447 468 80 737 322 678 500 753 77 420
789 90 0 107 711 602 411 596 664 382 737 425 330 90 440 462 73 730 315 671 493 746 70 413
813 113 107 0 734 626 338 619 687 309 760 420 258 51 367 410 97 754 242 695 517 770 94 340
1330 718 711 734 0 1143 536 1136 1204 536 1277 425 620 717 808 462 673 56 603 1212 268 1287 664 745
239 609 602 626 1143 0 850 80 114 822 263 857 770 609 880 894 564 1162 755 198 925 273 555 853
1037 417 411 338 536 850 0 844 912 265 985 197 112 355 299 100 401 556 197 919 318 994 398 237
246 602 596 619 1136 80 844 0 121 816 257 850 764 602 873 887 558 1156 748 191 919 266 549 846
185 670 664 687 1204 114 912 121 0 884 240 918 832 670 941 955 626 1224 816 259 987 226 617 914
1009 389 382 309 536 822 265 816 884 0 956 139 184 327 426 233 372 556 94 891 319 966 369 393
96 743 737 760 1277 263 985 257 240 956 0 991 905 743 1014 1028 699 1296 889 121 1059 56 689 987
1044 432 425 420 425 857 197 850 918 139 991 0 255 432 468 122 387 444 205 926 207 1001 378 406
957 337 330 258 620 770 112 764 832 184 905 255 0 275 302 184 320 639 117 839 402 914 318 240
796 96 90 51 717 609 355 602 670 327 743 432 275 0 385 427 80 737 260 677 500 752 77 358
1067 447 440 367 808 880 299 873 941 426 1014 468 302 385 0 371 430 827 358 949 590 1024 427 98
1081 468 462 410 462 894 100 887 955 233 1028 122 184 427 371 0 424 481 269 962 244 1037 415 309
751 80 73 97 673 564 401 558 626 372 699 387 320 80 430 424 0 692 305 633 455 708 59 403
1349 737 730 754 56 1162 556 1156 1224 556 1296 444 639 737 827 481 692 0 622 1231 288 1306 683 765
942 322 315 242 603 755 197 748 816 94 889 205 117 260 358 269 305 622 0 823 385 898 302 326
175 678 671 695 1212 198 919 191 259 891 121 926 839 677 949 962 633 1231 823 0 994 130 624 922
1112 500 493 517 268 925 318 919 987 319 1059 207 402 500 590 244 455 288 385 994 0 1069 446 528
82 753 746 770 1287 273 994 266 226 966 56 1001 914 752 1024 1037 708 1306 898 130 1069 0 699 997
742 77 70 94 664 555 398 549 617 369 689 378 318 77 427 415 59 683 302 624 446 699 0 400
1040 420 413 340 745 853 237 846 914 393 987 406 240 358 98 309 403 765 326 922 528 997 400 0
EOF