NAME : tsp_problem
TYPE : TSP
DIMENSION : 70
EDGE_WEIGHT_TYPE : EXPLICIT
EDGE_WEIGHT_FORMAT : FULL_MATRIX
EDGE_WEIGHT_SECTION
0 875 161 244 193 788 893 873 245 770 735 1014 738 236 913 598 268 623 721 215 934 547 1143 787 877 641 126 106 562 864 271 873 875 612 864 282 60 275 706 493 935 900 225 904 544 299 695 779 86 261 226 96 907 729 828 906 498 744 172 752 213 1196 900 75 914 737 868 631 728 861
875 0 987 1005 800 113 424 272 924 301 266 352 304 843 256 391 947 356 319 822 218 363 481 186 152 256 951 931 343 352 949 157 353 301 166 940 886 954 237 416 95 299 832 316 359 918 227 310 911 940 905 922 318 314 202 263 410 275 779 290 1033 534 130 900 445 302 162 357 259 96
161 987 0 124 304 900 1005 984 269 882 847 1125 850 348 1025 710 292 735 833 327 1046 658 1255 899 989 753 79 117 674 976 183 984 987 724 976 306 153 178 818 605 1046 1011 337 1016 656 323 807 891 135 189 250 114 1019 841 940 1018 609 856 284 864 93 1308 1011 139 1025 849 980 743 840 972
244 1005 124 0 323 919 1023 1003 203 900 866 1144 869 359 1044 729 226 754 852 346 1065 677 1273 918 1008 771 162 200 693 994 117 1003 1006 743 994 240 237 112 837 624 1065 1030 355 1034 675 257 826 910 218 123 184 197 1037 859 959 1037 628 875 302 883 86 1326 1030 222 1044 867 998 761 858 991
193 800 304 323 0 713 817 797 227 695 660 938 663 100 838 523 203 548 646 121 859 471 1068 712 802 565 269 249 487 789 267 797 800 537 788 184 203 271 631 418 859 824 112 828 469 162 620 704 229 257 223 239 831 654 753 831 422 669 96 677 351 1121 824 218 838 662 792 555 652 785
788 113 900 919 713 0 337 185 837 215 180 440 218 756 226 305 860 270 233 735 262 277 569 100 190 169 865 844 256 266 863 185 267 214 177 854 799 867 151 330 183 212 745 230 273 832 140 224 825 853 818 835 232 227 141 219 323 189 692 203 947 622 212 814 358 216 181 270 172 99
893 424 1005 1023 817 337 0 205 942 140 284 624 322 861 308 409 965 374 337 840 344 381 753 304 394 274 969 949 361 120 967 390 131 319 381 958 903 971 204 434 452 294 850 160 377 936 245 142 929 957 923 939 163 331 345 300 428 293 797 308 1051 806 417 918 57 320 385 375 277 410
873 272 984 1003 797 185 205 0 921 197 264 442 302 841 126 389 945 354 317 820 162 361 571 122 213 253 949 929 340 104 947 208 105 298 199 938 883 951 235 414 270 112 829 68 357 916 224 199 909 937 903 919 70 311 163 119 407 273 776 287 1031 624 235 898 226 300 203 355 257 258
245 924 269 203 227 837 942 921 0 819 784 1063 787 185 962 647 52 672 770 205 983 595 1192 836 926 690 308 301 611 913 147 922 924 661 913 66 256 151 755 542 984 949 196 953 593 83 744 828 282 137 54 292 956 778 877 955 547 793 221 801 231 1245 949 271 962 786 917 680 777 910
770 301 882 900 695 215 140 197 819 0 161 615 199 738 299 286 842 251 214 717 336 258 745 213 303 151 846 826 238 111 844 299 123 196 290 835 781 849 81 311 361 286 727 151 254 813 122 45 806 835 800 817 154 209 254 292 305 170 674 185 928 798 326 795 161 197 294 252 154 287
735 266 847 866 660 180 284 264 784 161 0 490 70 703 305 252 807 216 86 682 341 223 619 179 269 116 811 791 203 255 809 264 267 161 255 801 746 814 98 277 326 291 692 295 220 779 70 171 771 800 765 782 298 80 220 298 270 85 639 71 894 672 291 760 305 68 259 217 100 252
1014 352 1125 1144 938 440 624 442 1063 615 490 0 452 982 343 510 1086 535 436 961 305 661 158 465 372 573 1090 1070 660 523 1088 378 523 618 386 1079 1024 1092 555 607 315 403 970 487 659 1057 525 617 1050 1078 1044 1060 489 443 423 350 612 480 917 466 1172 211 350 1039 645 451 382 543 495 369
738 304 850 869 663 218 322 302 787 199 70 452 0 706 343 235 810 254 61 685 373 261 582 216 307 154 815 794 241 293 813 302 305 199 293 804 749 817 135 314 364 329 695 333 257 782 106 208 775 803 768 785 336 55 257 335 308 61 642 47 897 635 329 764 343 44 297 255 76 290
236 843 348 359 100 756 861 841 185 738 703 982 706 0 881 566 160 591 689 79 902 514 1111 755 845 609 312 292 530 832 302 841 843 580 832 141 247 307 674 461 903 868 69 872 512 120 663 747 272 293 209 283 875 697 796 874 466 712 121 720 386 1164 868 261 882 705 836 599 696 829
913 256 1025 1044 838 226 308 126 962 299 305 343 343 881 0 430 985 395 358 860 63 402 472 163 253 294 990 969 381 207 988 249 207 339 240 979 924 992 276 455 219 116 870 171 398 957 265 301 950 978 943 960 173 352 204 71 448 314 817 328 1072 525 254 939 329 341 244 395 297 273
598 391 710 729 523 305 409 389 647 286 252 510 235 566 430 0 670 61 218 545 431 224 639 304 394 157 674 654 204 380 672 389 392 162 380 664 609 677 223 192 440 416 555 420 221 642 212 296 634 663 628 645 423 225 345 423 196 261 502 248 757 692 416 623 430 233 384 68 244 377
268 947 292 226 203 860 965 945 52 842 807 1086 810 160 985 670 0 695 793 181 1006 619 1215 859 949 713 331 324 634 936 170 945 947 684 936 46 279 174 778 565 1007 972 172 976 616 59 767 851 305 160 77 315 979 801 900 978 570 816 224 824 254 1268 972 294 986 809 940 703 800 933
623 356 735 754 548 270 374 354 672 251 216 535 254 591 395 61 695 0 243 570 431 189 665 268 359 122 700 679 169 345 698 354 357 127 345 689 634 702 187 217 416 381 580 385 185 667 177 260 660 688 653 670 388 251 309 387 222 226 527 240 782 718 381 649 395 252 349 41 209 342
721 319 833 852 646 233 337 317 770 214 86 436 61 689 358 218 793 243 0 668 356 277 565 232 322 169 798 778 256 308 796 317 320 214 308 787 732 800 151 315 365 344 678 348 273 765 121 224 758 786 751 768 351 71 273 351 320 76 625 62 880 618 344 747 358 59 312 251 91 305
215 822 327 346 121 735 840 820 205 717 682 961 685 79 860 545 181 570 668 0 881 494 1090 734 824 588 291 271 509 811 289 820 822 559 811 162 226 294 653 440 882 847 90 851 491 140 643 726 251 280 230 262 854 676 775 853 445 691 119 699 373 1143 847 240 861 684 815 578 675 808
934 218 1046 1065 859 262 344 162 983 336 341 305 373 902 63 431 1006 431 356 881 0 438 435 200 239 330 1010 990 417 243 1008 244 244 376 253 1000 945 1013 312 491 182 123 891 207 434 978 301 338 970 999 964 981 209 363 241 70 485 350 838 365 1093 488 217 959 365 371 249 432 334 235
547 363 658 677 471 277 381 361 595 258 223 661 261 514 402 224 619 189 277 494 438 0 790 275 366 129 623 603 50 352 621 361 364 101 352 612 557 625 194 90 423 388 503 392 33 590 184 267 583 611 577 593 395 271 316 394 84 233 450 247 705 843 388 572 402 259 356 190 216 349
1143 481 1255 1273 1068 569 753 571 1192 745 619 158 582 1111 472 639 1215 665 565 1090 435 790 0 594 502 702 1219 1199 789 652 1217 507 653 747 516 1208 1154 1222 684 737 444 532 1100 616 788 1186 655 747 1179 1208 1173 1190 618 572 552 479 741 609 1047 595 1301 123 479 1168 774 580 512 672 625 498
787 186 899 918 712 100 304 122 836 213 179 465 216 755 163 304 859 268 232 734 200 275 594 0 119 168 863 843 255 203 861 115 204 213 106 853 798 866 150 329 177 150 744 167 272 831 139 223 823 852 817 834 169 226 78 156 322 188 691 202 946 647 142 812 325 214 110 269 171 172
877 152 989 1008 802 190 394 213 926 303 269 372 307 845 253 394 949 359 322 824 239 366 502 119 0 258 954 933 345 293 952 68 294 303 59 943 888 956 240 419 84 240 834 257 362 921 229 313 914 942 907 924 259 316 77 246 412 278 781 292 1036 555 49 903 415 304 63 359 261 169
641 256 753 771 565 169 274 253 690 151 116 573 154 609 294 157 713 122 169 588 330 129 702 168 258 0 717 697 109 245 715 253 256 67 245 706 651 720 87 182 315 280 598 285 125 684 76 160 677 706 671 687 287 163 209 287 176 125 545 139 799 755 280 666 294 152 249 123 108 241
126 951 79 162 269 865 969 949 308 846 811 1090 815 312 990 674 331 700 798 291 1010 623 1219 863 954 717 0 82 638 940 222 949 952 689 940 345 118 217 782 569 1011 976 301 980 621 362 772 855 99 228 289 78 983 805 904 982 574 821 248 828 131 1272 976 104 990 813 944 707 804 937
106 931 117 200 249 844 949 929 301 826 791 1070 794 292 969 654 324 679 778 271 990 603 1199 843 933 697 82 0 618 920 260 929 931 668 920 338 98 255 762 549 991 956 281 960 600 355 752 835 79 266 283 82 963 785 884 962 554 800 228 808 169 1252 956 83 970 793 924 687 784 917
562 343 674 693 487 256 361 340 611 238 203 660 241 530 381 204 634 169 256 509 417 50 789 255 345 109 638 618 0 332 636 340 343 80 332 628 573 641 174 104 402 368 519 372 47 606 163 247 598 627 592 609 375 250 296 374 97 212 466 226 721 842 367 587 381 239 336 169 196 328
864 352 976 994 789 266 120 104 913 111 255 523 293 832 207 380 936 345 308 811 243 352 652 203 293 245 940 920 332 0 938 288 30 290 280 929 875 943 175 405 350 193 821 58 348 907 216 113 900 929 894 911 61 303 244 199 399 265 768 279 1022 705 315 889 141 291 284 346 248 338
271 949 183 117 267 863 967 947 147 844 809 1088 813 302 988 672 170 698 796 289 1008 621 1217 861 952 715 222 260 636 938 0 947 950 687 938 184 281 69 780 567 1009 974 299 978 619 201 770 853 277 67 128 256 981 803 902 980 572 819 246 826 145 1270 974 282 988 811 942 705 802 935
873 157 984 1003 797 185 390 208 922 299 264 378 302 841 249 389 945 354 317 820 244 361 507 115 68 253 949 929 340 288 947 0 289 298 54 938 883 951 235 414 89 235 829 252 357 916 224 308 909 937 903 919 254 311 72 241 407 273 776 287 1031 560 54 898 410 300 58 355 257 175
875 353 987 1006 800 267 131 105 924 123 267 523 305 843 207 392 947 357 320 822 244 364 653 204 294 256 952 931 343 30 950 289 0 301 280 941 886 954 186 417 351 194 832 59 360 919 227 125 912 940 905 922 62 314 245 200 410 276 779 290 1034 706 316 901 152 302 284 357 259 339
612 301 724 743 537 214 319 298 661 196 161 618 199 580 339 162 684 127 214 559 376 101 747 213 303 67 689 668 80 290 687 298 301 0 290 678 623 691 132 154 361 326 569 330 97 656 121 205 649 677 642 659 333 208 254 332 147 170 516 184 771 800 325 638 339 197 294 127 154 286
864 166 976 994 788 177 381 199 913 290 255 386 293 832 240 380 936 345 308 811 253 352 516 106 59 245 940 920 332 280 938 54 280 290 0 929 875 943 226 405 98 226 821 244 348 907 216 299 900 929 894 911 246 303 64 233 399 264 768 279 1022 569 63 889 402 291 49 346 248 183
282 940 306 240 184 854 958 938 66 835 801 1079 804 141 979 664 46 689 787 162 1000 612 1208 853 943 706 345 338 628 929 184 938 941 678 929 0 293 188 772 559 1000 965 153 969 610 40 761 845 318 174 90 329 972 794 894 972 563 810 205 817 268 1261 965 307 979 802 933 696 793 926
60 886 153 237 203 799 903 883 256 781 746 1024 749 247 924 609 279 634 732 226 945 557 1154 798 888 651 118 98 573 875 281 883 886 623 875 293 0 286 717 504 945 910 236 915 555 310 706 790 85 272 237 88 917 740 839 917 508 755 183 763 206 1207 910 74 924 748 879 641 738 871
275 954 178 112 271 867 971 951 151 849 814 1092 817 307 992 677 174 702 800 294 1013 625 1222 866 956 720 217 255 641 943 69 951 954 691 943 188 286 0 785 572 1013 978 304 983 623 205 774 858 272 71 132 252 985 808 907 985 576 823 251 831 140 1275 978 277 992 816 947 710 806 939
706 237 818 837 631 151 204 235 755 81 98 555 135 674 276 223 778 187 151 653 312 194 684 150 240 87 782 762 174 175 780 235 186 132 226 772 717 785 0 248 297 262 663 215 191 750 58 90 742 771 736 753 218 145 191 269 241 107 610 121 865 737 262 731 224 133 230 188 90 223
493 416 605 624 418 330 434 414 542 311 277 607 314 461 455 192 565 217 315 440 491 90 737 329 419 182 569 549 104 405 567 414 417 154 405 559 504 572 248 0 476 441 450 445 86 537 237 321 529 558 523 540 448 323 370 448 63 286 397 300 652 790 441 518 455 312 409 224 269 402
935 95 1046 1065 859 183 452 270 984 361 326 315 364 903 219 440 1007 416 365 882 182 423 444 177 84 315 1011 991 402 350 1009 89 351 361 98 1000 945 1013 297 476 0 279 892 314 419 978 286 370 971 999 965 981 316 373 134 226 470 335 839 350 1093 497 62 960 472 362 94 417 319 112
900 299 1011 1030 824 212 294 112 949 286 291 403 329 868 116 416 972 381 344 847 123 388 532 150 240 280 976 956 368 193 974 235 194 326 226 965 910 978 262 441 279 0 857 157 384 943 251 288 936 964 930 946 159 338 191 109 435 300 804 315 1058 585 262 925 315 327 230 382 284 285
225 832 337 355 112 745 850 829 196 727 692 970 695 69 870 555 172 580 678 90 891 503 1100 744 834 598 301 281 519 821 299 829 832 569 821 153 236 304 663 450 892 857 0 861 501 131 652 736 261 290 220 271 864 686 785 863 454 701 129 709 383 1153 856 250 870 694 825 588 685 817
904 316 1016 1034 828 230 160 68 953 151 295 487 333 872 171 420 976 385 348 851 207 392 616 167 257 285 980 960 372 58 978 252 59 330 244 969 915 983 215 445 314 157 861 0 388 947 256 153 940 969 934 950 33 342 208 163 439 304 808 319 1062 669 279 929 180 331 248 386 288 302
544 359 656 675 469 273 377 357 593 254 220 659 257 512 398 221 616 185 273 491 434 33 788 272 362 125 621 600 47 348 619 357 360 97 348 610 555 623 191 86 419 384 501 388 0 588 180 264 581 609 574 591 391 267 313 391 80 229 448 243 703 841 384 570 398 255 352 186 212 345
299 918 323 257 162 832 936 916 83 813 779 1057 782 120 957 642 59 667 765 140 978 590 1186 831 921 684 362 355 606 907 201 916 919 656 907 40 310 205 750 537 978 943 131 947 588 0 739 823 336 191 108 346 950 772 872 950 541 788 183 796 285 1239 943 325 957 780 911 674 771 904
695 227 807 826 620 140 245 224 744 122 70 525 106 663 265 212 767 177 121 643 301 184 655 139 229 76 772 752 163 216 770 224 227 121 216 761 706 774 58 237 286 251 652 256 180 739 0 131 732 760 726 742 259 115 180 258 230 79 599 93 854 708 251 721 265 104 220 177 62 212
779 310 891 910 704 224 142 199 828 45 171 617 208 747 301 296 851 260 224 726 338 267 747 223 313 160 855 835 247 113 853 308 125 205 299 845 790 858 90 321 370 288 736 153 264 823 131 0 815 844 809 826 156 218 264 294 314 180 683 194 938 800 335 804 163 206 303 261 163 296
86 911 135 218 229 825 929 909 282 806 771 1050 775 272 950 634 305 660 758 251 970 583 1179 823 914 677 99 79 598 900 277 909 912 649 900 318 85 272 742 529 971 936 261 940 581 336 732 815 0 283 263 70 943 765 864 942 534 781 208 788 187 1232 936 71 950 773 904 667 764 897
261 940 189 123 257 853 957 937 137 835 800 1078 803 293 978 663 160 688 786 280 999 611 1208 852 942 706 228 266 627 929 67 937 940 677 929 174 272 71 771 558 999 964 290 969 609 191 760 844 283 0 118 263 971 794 893 971 562 809 237 817 151 1261 964 286 978 802 933 696 792 925
226 905 250 184 223 818 923 903 54 800 765 1044 768 209 943 628 77 653 751 230 964 577 1173 817 907 671 289 283 592 894 128 903 905 642 894 90 237 132 736 523 965 930 220 934 574 108 726 809 263 118 0 273 937 759 858 936 528 774 202 782 212 1226 930 252 944 767 898 661 758 891
96 922 114 197 239 835 939 919 292 817 782 1060 785 283 960 645 315 670 768 262 981 593 1190 834 924 687 78 82 609 911 256 919 922 659 911 329 88 252 753 540 981 946 271 950 591 346 742 826 70 263 273 0 953 776 875 953 544 791 218 799 166 1243 946 74 960 784 915 677 774 907
907 318 1019 1037 831 232 163 70 956 154 298 489 336 875 173 423 979 388 351 854 209 395 618 169 259 287 983 963 375 61 981 254 62 333 246 972 917 985 218 448 316 159 864 33 391 950 259 156 943 971 937 953 0 345 210 165 442 307 811 322 1065 671 281 932 183 334 250 389 291 304
729 314 841 859 654 227 331 311 778 209 80 443 55 697 352 225 801 251 71 676 363 271 572 226 316 163 805 785 250 303 803 311 314 208 303 794 740 808 145 323 373 338 686 342 267 772 115 218 765 794 759 776 345 0 267 345 317 70 633 56 887 625 338 754 352 53 307 258 85 299
828 202 940 959 753 141 345 163 877 254 220 423 257 796 204 345 900 309 273 775 241 316 552 78 77 209 904 884 296 244 902 72 245 254 64 894 839 907 191 370 134 191 785 208 313 872 180 264 864 893 858 875 210 267 0 197 363 229 732 243 987 605 99 853 366 255 68 310 212 213
906 263 1018 1037 831 219 300 119 955 292 298 350 335 874 71 423 978 387 351 853 70 394 479 156 246 287 982 962 374 199 980 241 200 332 233 972 917 985 269 448 226 109 863 163 391 950 258 294 942 971 936 953 165 345 197 0 441 307 810 321 1065 532 261 931 321 333 237 388 290 280
498 410 609 628 422 323 428 407 547 305 270 612 308 466 448 196 570 222 320 445 485 84 741 322 412 176 574 554 97 399 572 407 410 147 399 563 508 576 241 63 470 435 454 439 80 541 230 314 534 562 528 544 442 317 363 441 0 279 402 293 656 794 435 523 448 306 403 229 263 396
744 275 856 875 669 189 293 273 793 170 85 480 61 712 314 261 816 226 76 691 350 233 609 188 278 125 821 800 212 265 819 273 276 170 264 810 755 823 107 286 335 300 701 304 229 788 79 180 781 809 774 791 307 70 229 307 279 0 648 62 903 662 300 770 314 59 268 226 91 261
172 779 284 302 96 692 797 776 221 674 639 917 642 121 817 502 224 527 625 119 838 450 1047 691 781 545 248 228 466 768 246 776 779 516 768 205 183 251 610 397 839 804 129 808 448 183 599 683 208 237 202 218 811 633 732 810 402 648 0 656 330 1100 803 197 817 641 772 535 632 764
752 290 864 883 677 203 308 287 801 185 71 466 47 720 328 248 824 240 62 699 365 247 595 202 292 139 828 808 226 279 826 287 290 184 279 817 763 831 121 300 350 315 709 319 243 796 93 194 788 817 782 799 322 56 243 321 293 62 656 0 911 648 314 777 328 45 283 241 77 275
213 1033 93 86 351 947 1051 1031 231 928 894 1172 897 386 1072 757 254 782 880 373 1093 705 1301 946 1036 799 131 169 721 1022 145 1031 1034 771 1022 268 206 140 865 652 1093 1058 383 1062 703 285 854 938 187 151 212 166 1065 887 987 1065 656 903 330 911 0 1354 1058 191 1072 895 1026 789 886 1019
1196 534 1308 1326 1121 622 806 624 1245 798 672 211 635 1164 525 692 1268 718 618 1143 488 843 123 647 555 755 1272 1252 842 705 1270 560 706 800 569 1261 1207 1275 737 790 497 585 1153 669 841 1239 708 800 1232 1261 1226 1243 671 625 605 532 794 662 1100 648 1354 0 532 1221 827 633 565 725 678 551
900 130 1011 1030 824 212 417 235 949 326 291 350 329 868 254 416 972 381 344 847 217 388 479 142 49 280 976 956 367 315 974 54 316 325 63 965 910 978 262 441 62 262 856 279 384 943 251 335 936 964 930 946 281 338 99 261 435 300 803 314 1058 532 0 925 437 327 59 382 284 147
75 900 139 222 218 814 918 898 271 795 760 1039 764 261 939 623 294 649 747 240 959 572 1168 812 903 666 104 83 587 889 282 898 901 638 889 307 74 277 731 518 960 925 250 929 570 325 721 804 71 286 252 74 932 754 853 931 523 770 197 777 191 1221 925 0 939 762 893 656 753 886
914 445 1025 1044 838 358 57 226 962 161 305 645 343 882 329 430 986 395 358 861 365 402 774 325 415 294 990 970 381 141 988 410 152 339 402 979 924 992 224 455 472 315 870 180 398 957 265 163 950 978 944 960 183 352 366 321 448 314 817 328 1072 827 437 939 0 341 406 396 298 430
737 302 849 867 662 216 320 300 786 197 68 451 44 705 341 233 809 252 59 684 371 259 580 214 304 152 813 793 239 291 811 300 302 197 291 802 748 816 133 312 362 327 694 331 255 780 104 206 773 802 767 784 334 53 255 333 306 59 641 45 895 633 327 762 341 0 295 253 74 288
868 162 980 998 792 181 385 203 917 294 259 382 297 836 244 384 940 349 312 815 249 356 512 110 63 249 944 924 336 284 942 58 284 294 49 933 879 947 230 409 94 230 825 248 352 911 220 303 904 933 898 915 250 307 68 237 403 268 772 283 1026 565 59 893 406 295 0 350 252 179
631 357 743 761 555 270 375 355 680 252 217 543 255 599 395 68 703 41 251 578 432 190 672 269 359 123 707 687 169 346 705 355 357 127 346 696 641 710 188 224 417 382 588 386 186 674 177 261 667 696 661 677 389 258 310 388 229 226 535 241 789 725 382 656 396 253 350 0 210 343
728 259 840 858 652 172 277 257 777 154 100 495 76 696 297 244 800 209 91 675 334 216 625 171 261 108 804 784 196 248 802 257 259 154 248 793 738 806 90 269 319 284 685 288 212 771 62 163 764 792 758 774 291 85 212 290 263 91 632 77 886 678 284 753 298 74 252 210 0 245
861 96 972 991 785 99 410 258 910 287 252 369 290 829 273 377 933 342 305 808 235 349 498 172 169 241 937 917 328 338 935 175 339 286 183 926 871 939 223 402 112 285 817 302 345 904 212 296 897 925 891 907 304 299 213 280 396 261 764 275 1019 551 147 886 430 288 179 343 245 0
EOF