NAME : tsp_problem
TYPE : TSP
DIMENSION : 88
EDGE_WEIGHT_TYPE : EXPLICIT
EDGE_WEIGHT_FORMAT : FULL_MATRIX
EDGE_WEIGHT_SECTION
0 314 812 328 811 292 821 656 145 549 787 792 259 741 831 672 690 950 202 240 323 281 1132 537 664 836 235 834 670 850 670 827 268 697 664 680 240 602 804 680 174 755 737 849 691 794 871 642 643 458 500 190 98 261 685 813 463 667 730 770 590 280 706 735 577 541 207 487 587 750 840 819 527 1113 476 662 773 252 101 819 576 111 152 636 217 224 587 854
314 0 985 78 984 81 994 829 255 722 960 965 111 913 1004 844 863 1123 296 129 73 185 1305 709 837 1009 163 1007 843 1023 843 1000 96 870 837 853 236 775 977 852 219 928 910 1021 864 967 1044 815 815 630 672 285 324 223 858 986 635 839 903 943 763 84 879 907 750 714 278 659 760 923 1013 991 700 1286 649 835 946 229 334 992 749 324 236 809 182 264 759 1027
812 985 0 999 353 963 178 323 912 301 329 334 930 181 311 267 285 523 873 910 994 952 706 402 259 316 905 353 309 207 159 347 939 142 165 275 910 324 284 300 941 89 91 265 137 60 351 237 186 383 348 860 865 931 280 301 378 262 272 250 335 951 247 276 256 397 878 356 327 168 59 338 323 686 371 253 315 923 832 299 406 822 919 340 924 895 416 316
328 78 999 0 999 95 1008 843 269 736 975 980 125 928 1018 859 877 1137 279 144 87 168 1320 724 851 1023 177 1021 857 1037 857 1014 111 885 851 867 219 789 992 867 233 942 925 1036 879 981 1058 829 830 645 687 268 338 206 872 1000 650 854 917 958 777 98 893 922 764 728 262 674 774 937 1027 1006 714 1300 663 849 960 212 348 1007 763 339 250 823 196 247 774 1041
811 984 353 999 0 962 284 323 912 301 105 100 930 203 134 266 285 352 873 910 993 951 534 402 259 130 905 111 309 256 265 117 938 292 259 275 910 324 162 299 940 350 332 196 286 383 95 237 237 383 348 860 864 931 279 161 377 261 108 197 334 951 135 104 256 397 877 355 327 213 316 125 322 515 370 174 114 923 832 147 405 822 918 340 924 895 416 202
292 81 963 95 962 0 972 807 233 700 938 943 89 891 982 823 841 1101 282 107 90 207 1283 688 815 987 141 985 821 1001 821 978 74 848 815 831 258 753 955 831 197 906 888 999 842 945 1022 793 794 609 651 269 302 245 836 964 614 818 881 921 741 80 857 885 728 692 286 638 738 901 991 969 678 1264 627 813 924 251 312 970 727 302 214 787 160 286 738 1005
821 994 178 1008 284 972 0 332 921 310 260 265 939 112 242 276 294 373 882 919 1003 961 556 411 268 247 914 203 318 94 274 197 948 289 268 284 919 333 215 309 950 237 239 115 284 208 249 246 247 392 357 869 874 940 289 151 387 271 202 181 344 960 178 207 265 406 887 365 336 99 141 188 332 536 380 183 245 932 841 230 415 831 928 349 933 904 425 166
656 829 323 843 323 807 332 0 756 218 299 304 774 252 343 89 71 433 717 754 837 796 616 218 95 348 749 317 69 361 182 310 782 209 175 77 754 241 316 60 785 266 249 332 203 305 363 122 154 300 265 704 709 775 72 296 294 94 242 282 251 795 217 246 173 222 722 272 244 261 352 302 239 596 287 174 284 767 676 331 257 666 763 97 768 739 268 337
145 255 912 269 912 233 921 756 0 649 888 893 200 841 932 772 790 1051 302 181 264 381 1233 637 765 937 127 934 771 950 770 928 209 798 764 780 340 702 905 780 59 855 838 949 792 894 972 743 743 558 600 290 99 361 785 913 563 767 831 871 691 222 806 835 678 641 307 587 687 850 941 919 628 1213 577 763 873 353 124 920 677 134 37 736 102 324 687 954
549 722 301 736 301 700 310 218 649 0 277 282 667 230 321 161 179 618 610 647 731 689 800 172 154 325 642 387 203 339 159 393 676 187 153 169 648 94 294 194 678 244 227 397 181 283 361 132 132 120 85 597 602 668 174 433 115 156 220 260 105 688 195 224 67 168 615 93 97 239 330 400 61 781 108 152 262 660 569 309 176 559 656 234 661 632 186 448
787 960 329 975 105 938 260 299 888 277 0 109 906 179 161 242 260 378 849 886 969 927 561 378 235 156 881 138 285 283 241 144 914 268 235 251 886 300 189 275 916 326 308 223 262 359 121 213 213 359 324 836 840 907 255 187 353 237 84 209 310 927 111 80 232 373 853 331 303 189 292 152 298 541 346 150 90 899 808 174 381 798 894 315 900 871 392 228
792 965 334 980 100 943 265 304 893 282 109 0 911 184 156 247 265 373 854 891 974 932 556 383 240 151 886 133 290 278 246 139 919 273 240 256 891 305 184 280 921 331 313 218 267 364 117 218 218 364 329 841 845 912 260 182 358 242 89 214 315 932 116 85 237 378 858 336 308 194 297 147 303 536 351 155 95 904 813 169 386 803 899 320 905 875 397 223
259 111 930 125 930 89 939 774 200 667 906 911 0 859 949 790 808 1068 249 85 120 237 1251 655 782 954 108 952 788 968 788 946 72 816 782 798 286 720 923 798 164 873 856 967 810 912 989 761 761 576 618 236 269 275 803 931 581 785 848 889 708 78 824 853 695 659 254 605 705 868 959 937 645 1231 595 781 891 281 279 938 694 270 181 754 127 271 705 972
741 913 181 928 203 891 112 252 841 230 179 184 859 0 162 195 214 457 802 839 922 880 639 331 188 166 834 249 238 141 194 255 867 221 188 204 839 253 135 228 869 240 242 199 215 211 201 166 166 312 277 789 793 860 209 234 306 190 122 101 264 880 98 126 185 326 806 284 256 41 144 263 251 620 299 103 165 852 761 150 334 751 848 269 853 824 345 250
831 1004 311 1018 134 982 242 343 932 321 161 156 949 162 0 286 304 355 892 930 1013 971 537 422 279 31 925 114 329 259 285 120 958 312 279 295 930 344 56 319 960 369 352 199 306 341 66 257 257 403 368 880 884 951 299 164 397 281 213 89 354 971 188 213 276 417 897 375 347 171 275 128 342 517 390 194 176 943 852 40 425 842 938 359 944 914 435 205
672 844 267 859 266 823 276 89 772 161 242 247 790 195 286 0 76 490 733 770 853 811 672 262 100 291 765 352 75 305 125 358 798 152 119 82 770 184 259 65 801 210 192 363 146 249 326 80 98 243 208 720 724 791 78 352 237 99 185 225 195 811 161 189 116 257 738 216 187 205 295 358 183 652 231 117 228 783 692 274 265 682 779 106 784 755 276 393
690 863 285 877 285 841 294 71 790 179 260 265 808 214 304 76 0 471 751 788 872 830 654 256 82 309 783 355 57 323 143 348 817 171 137 64 789 202 277 47 819 228 211 370 164 267 344 98 116 261 226 738 743 809 59 334 256 81 203 243 213 829 179 208 134 260 756 234 205 223 313 340 201 634 249 135 246 801 710 293 284 700 797 87 802 773 294 375
950 1123 523 1137 352 1101 373 433 1051 618 378 373 1068 457 355 490 471 0 1011 1049 1132 1090 211 512 495 350 1044 269 448 343 582 262 1077 609 576 477 1049 577 382 457 1079 582 584 283 603 553 315 523 555 635 665 999 1003 1070 472 248 640 494 434 417 566 1089 462 430 573 517 1016 664 562 444 487 253 640 192 654 500 393 1061 970 367 552 961 1057 413 1063 1033 562 289
202 296 873 279 873 282 882 717 302 610 849 854 249 802 892 733 751 1011 0 229 286 155 1194 598 725 897 224 895 731 911 731 888 257 759 725 741 114 663 865 741 280 816 799 910 753 855 932 703 704 519 561 70 255 135 746 874 524 728 791 832 651 270 767 796 638 602 81 548 648 811 901 880 588 1174 537 723 834 126 222 881 637 213 297 697 243 98 648 915
240 129 910 144 910 107 919 754 181 647 886 891 85 839 930 770 788 1049 229 0 138 255 1231 635 763 935 89 932 769 948 769 926 91 796 762 778 267 700 903 778 144 853 836 947 790 892 970 741 741 556 598 217 249 287 783 911 561 765 829 869 689 96 804 833 676 640 234 585 685 848 939 917 626 1212 575 761 871 279 260 918 675 250 162 734 108 251 685 952
323 73 994 87 993 90 1003 837 264 731 969 974 120 922 1013 853 872 1132 286 138 0 175 1314 718 846 1018 172 1016 852 1032 852 1009 105 879 846 862 225 783 986 861 228 937 919 1030 873 975 1053 824 824 639 681 275 333 213 866 995 644 848 912 952 772 93 888 916 759 723 268 668 769 932 1022 1000 709 1295 658 844 955 219 343 1001 758 333 245 818 191 254 768 1036
281 185 952 168 951 207 961 796 381 689 927 932 237 880 971 811 830 1090 155 255 175 0 1272 676 804 976 289 974 810 990 810 967 222 837 804 820 95 742 944 819 345 895 877 988 831 934 1011 782 782 597 639 144 334 82 825 953 602 806 870 910 730 210 846 874 717 681 137 626 727 890 980 958 667 1253 616 802 913 88 301 959 716 291 362 776 308 123 726 994
1132 1305 706 1320 534 1283 556 616 1233 800 561 556 1251 639 537 672 654 211 1194 1231 1314 1272 0 694 678 532 1226 451 630 525 764 444 1259 792 758 659 1231 759 565 639 1261 764 766 466 786 735 497 705 737 818 848 1181 1185 1252 655 430 823 677 617 599 748 1272 644 613 755 699 1198 847 745 626 669 436 822 56 836 682 575 1244 1153 549 734 1143 1239 596 1245 1216 744 471
537 709 402 724 402 688 411 218 637 172 378 383 655 331 422 262 256 512 598 635 718 676 694 0 255 427 630 396 232 441 261 389 663 288 255 261 635 113 395 242 666 345 328 410 282 384 442 233 233 222 220 585 589 656 257 375 227 257 321 361 101 676 296 325 168 77 602 227 98 340 431 380 194 675 240 253 363 648 557 410 87 547 644 198 649 620 98 416
664 837 259 851 259 815 268 95 765 154 235 240 782 188 279 100 82 495 725 763 846 804 678 255 0 284 758 345 81 297 118 351 791 145 111 88 763 177 252 71 793 202 185 356 139 241 319 73 90 235 201 713 717 784 83 358 230 97 178 218 187 804 153 182 108 250 730 208 180 197 288 359 175 658 223 110 220 776 685 267 258 675 771 111 777 747 268 399
836 1009 316 1023 130 987 247 348 937 325 156 151 954 166 31 291 309 350 897 935 1018 976 532 427 284 0 930 109 333 254 290 115 963 317 283 299 935 349 59 324 965 374 357 194 311 346 62 262 262 407 373 885 889 956 304 159 402 286 213 94 359 975 193 209 280 422 902 380 352 176 279 123 347 513 395 198 171 947 856 44 430 847 943 364 949 919 440 200
235 163 905 177 905 141 914 749 127 642 881 886 108 834 925 765 783 1044 224 89 172 289 1226 630 758 930 0 927 764 943 764 921 117 791 757 773 262 695 898 773 90 848 831 942 785 887 965 736 736 551 593 212 195 283 778 906 556 760 824 864 684 129 799 828 671 635 229 580 680 843 934 912 621 1207 570 756 866 274 220 913 670 230 108 729 54 246 680 947
834 1007 353 1021 111 985 203 317 934 387 138 133 952 249 114 352 355 269 895 932 1016 974 451 396 345 109 927 0 332 173 351 92 961 378 344 360 933 410 142 341 963 412 414 113 372 383 74 323 323 468 434 882 887 953 356 78 463 347 194 176 420 973 221 190 341 400 900 441 413 258 317 83 408 432 456 260 152 945 854 126 435 844 941 297 946 917 446 119
670 843 309 857 309 821 318 69 771 203 285 290 788 238 329 75 57 448 731 769 852 810 630 232 81 333 764 332 0 347 167 325 797 195 161 62 769 227 302 46 799 252 235 346 189 291 369 108 140 285 251 719 723 790 58 311 280 80 228 268 237 810 203 232 158 237 736 258 230 247 338 316 225 611 273 160 270 782 691 317 272 681 777 86 783 753 282 352
850 1023 207 1037 256 1001 94 361 950 339 283 278 968 141 259 305 323 343 911 948 1032 990 525 441 297 254 943 173 347 0 303 166 977 319 297 313 949 362 244 338 979 266 268 85 313 237 219 276 276 421 387 899 903 969 318 120 416 300 232 210 373 989 207 236 294 436 916 394 365 128 171 158 361 506 409 212 274 961 870 259 444 860 957 371 962 933 454 136
670 843 159 857 265 821 274 182 770 159 241 246 788 194 285 125 143 582 731 769 852 810 764 261 118 290 764 351 167 303 0 357 797 45 25 133 769 183 258 158 799 102 85 361 39 141 325 96 44 241 207 719 723 790 138 397 236 120 184 224 193 809 159 188 114 256 736 214 186 203 188 364 181 745 229 116 226 781 690 273 264 681 777 198 783 753 274 412
827 1000 347 1014 117 978 197 310 928 393 144 139 946 255 120 358 348 262 888 926 1009 967 444 389 351 115 921 92 325 166 357 0 954 384 350 354 926 416 148 334 956 405 407 107 378 376 80 329 329 474 440 876 880 947 350 71 469 353 200 182 426 967 227 196 347 394 893 447 419 264 310 77 414 425 462 266 158 939 848 132 429 838 934 290 940 910 439 112
268 96 939 111 938 74 948 782 209 676 914 919 72 867 958 798 817 1077 257 91 105 222 1259 663 791 963 117 961 797 977 797 954 0 824 791 807 273 728 931 806 173 882 864 975 818 920 998 769 769 584 626 245 278 260 811 940 589 793 857 897 717 63 833 861 704 668 262 613 714 877 967 945 654 1240 603 789 900 266 288 946 703 278 190 763 136 279 713 981
697 870 142 885 292 848 289 209 798 187 268 273 816 221 312 152 171 609 759 796 879 837 792 288 145 317 791 378 195 319 45 384 824 0 51 161 796 210 285 185 826 85 68 377 32 124 352 123 72 269 234 746 750 817 165 412 263 147 211 251 220 837 186 215 142 283 763 241 213 231 170 392 208 772 256 143 254 809 718 300 291 708 804 226 810 781 302 427
664 837 165 851 259 815 268 175 764 153 235 240 782 188 279 119 137 576 725 762 846 804 758 255 111 283 757 344 161 297 25 350 791 51 0 127 763 176 252 152 793 108 91 355 45 147 318 90 38 235 201 713 717 783 132 390 230 114 178 218 187 803 153 182 108 250 730 208 179 197 194 358 175 739 223 110 220 775 684 267 258 674 771 192 776 747 268 406
680 853 275 867 275 831 284 77 780 169 251 256 798 204 295 82 64 477 741 778 862 820 659 261 88 299 773 360 62 313 133 354 807 161 127 0 779 192 268 53 809 218 201 371 155 257 334 88 106 251 217 729 733 799 65 340 246 87 193 234 203 819 169 198 124 266 746 224 195 213 304 345 191 640 239 126 236 791 700 283 274 690 787 93 792 763 284 381
240 236 910 219 910 258 919 754 340 648 886 891 286 839 930 770 789 1049 114 267 225 95 1231 635 763 935 262 933 769 949 769 926 273 796 763 779 0 700 903 778 317 854 836 947 790 892 970 741 741 556 598 103 292 74 783 912 561 765 829 869 689 261 805 833 676 640 96 585 685 849 939 917 626 1212 575 761 872 66 260 918 675 250 335 734 281 85 685 953
602 775 324 789 324 753 333 241 702 94 300 305 720 253 344 184 202 577 663 700 783 742 759 113 177 349 695 410 227 362 183 416 728 210 176 192 700 0 317 217 731 267 250 421 204 306 384 155 155 176 142 650 655 721 197 440 171 179 243 283 45 741 218 247 90 108 668 149 38 262 353 424 116 740 164 175 285 713 622 332 116 612 709 257 714 685 127 471
804 977 284 992 162 955 215 316 905 294 189 184 923 135 56 259 277 382 865 903 986 944 565 395 252 59 898 142 302 244 258 148 931 285 252 268 903 317 0 292 933 343 325 227 279 314 94 230 230 376 341 853 857 924 272 191 370 254 186 62 327 944 162 190 249 390 870 348 320 144 248 155 315 545 363 167 203 916 825 68 398 815 911 332 917 887 409 232
680 852 300 867 299 831 309 60 780 194 275 280 798 228 319 65 47 457 741 778 861 819 639 242 71 324 773 341 46 338 158 334 806 185 152 53 778 217 292 0 809 243 225 355 179 281 359 98 130 276 241 728 732 799 48 320 270 70 218 258 227 819 194 222 149 246 746 248 220 238 328 326 215 620 263 150 261 791 700 307 281 690 787 76 792 763 292 361
174 219 941 233 940 197 950 785 59 678 916 921 164 869 960 801 819 1079 280 144 228 345 1261 666 793 965 90 963 799 979 799 956 173 826 793 809 317 731 933 809 0 884 866 977 820 923 1000 771 772 587 629 267 128 338 814 942 592 796 859 899 719 185 835 863 706 670 285 616 716 879 969 947 656 1242 605 791 902 330 153 948 705 162 40 765 66 302 716 983
755 928 89 942 350 906 237 266 855 244 326 331 873 240 369 210 228 582 816 853 937 895 764 345 202 374 848 412 252 266 102 405 882 85 108 218 854 267 343 243 884 0 38 324 80 71 409 181 129 326 292 804 808 874 223 359 321 205 268 309 278 894 244 273 199 340 821 299 270 227 118 397 266 745 314 201 311 866 775 358 349 765 862 283 867 838 359 375
737 910 91 925 332 888 239 249 838 227 308 313 856 242 352 192 211 584 799 836 919 877 766 328 185 357 831 414 235 268 85 407 864 68 91 201 836 250 325 225 866 38 0 326 62 73 392 163 112 309 274 786 790 857 205 361 303 187 251 291 260 877 227 255 182 323 803 281 253 229 120 399 248 747 296 183 294 849 758 340 331 748 844 266 850 821 342 377
849 1021 265 1036 196 999 115 332 949 397 223 218 967 199 199 363 370 283 910 947 1030 988 466 410 356 194 942 113 346 85 361 107 975 377 355 371 947 421 227 355 977 324 326 0 371 295 159 334 334 479 445 897 901 968 371 60 474 358 279 261 431 988 265 275 352 415 914 452 424 186 229 98 419 446 467 270 237 960 869 212 450 859 956 312 961 932 460 76
691 864 137 879 286 842 284 203 792 181 262 267 810 215 306 146 164 603 753 790 873 831 786 282 139 311 785 372 189 313 39 378 818 32 45 155 790 204 279 179 820 80 62 371 0 119 346 117 66 263 228 740 744 811 159 407 257 141 205 245 214 831 180 209 136 277 757 235 207 224 165 386 202 766 250 137 248 803 712 294 285 702 798 219 804 775 296 422
794 967 60 981 383 945 208 305 894 283 359 364 912 211 341 249 267 553 855 892 975 934 735 384 241 346 887 383 291 237 141 376 920 124 147 257 892 306 314 281 923 71 73 295 119 0 381 219 168 365 330 842 847 913 262 330 360 244 302 280 317 933 277 306 238 379 860 338 309 198 89 368 305 716 353 239 344 905 814 329 388 804 901 322 906 877 398 346
871 1044 351 1058 95 1022 249 363 972 361 121 117 989 201 66 326 344 315 932 970 1053 1011 497 442 319 62 965 74 369 219 325 80 998 352 318 334 970 384 94 359 1000 409 392 159 346 381 0 297 297 442 408 920 924 991 339 124 437 321 178 129 394 1010 205 174 315 446 937 415 387 211 314 88 382 478 430 234 136 982 892 79 465 882 978 343 984 954 475 165
642 815 237 829 237 793 246 122 743 132 213 218 761 166 257 80 98 523 703 741 824 782 705 233 73 262 736 323 108 276 96 329 769 123 90 88 741 155 230 98 771 181 163 334 117 219 297 0 68 214 179 691 695 762 93 369 208 75 156 196 165 782 131 160 87 228 708 186 158 175 266 337 153 686 201 88 199 754 663 245 236 653 749 139 755 725 246 384
643 815 186 830 237 794 247 154 743 132 213 218 761 166 257 98 116 555 704 741 824 782 737 233 90 262 736 323 140 276 44 329 769 72 38 106 741 155 230 130 772 129 112 334 66 168 297 68 0 214 179 691 696 762 111 369 208 93 156 196 166 782 132 160 87 228 709 187 158 176 215 337 154 718 202 88 199 754 663 245 236 653 750 171 755 726 247 385
458 630 383 645 383 609 392 300 558 120 359 364 576 312 403 243 261 635 519 556 639 597 818 222 235 407 551 468 285 421 241 474 584 269 235 251 556 176 376 276 587 326 309 479 263 365 442 214 214 0 71 506 510 577 256 498 70 238 302 342 187 597 277 306 149 226 523 58 179 321 412 482 98 798 64 234 344 569 478 391 258 468 565 316 570 541 268 530
500 672 348 687 348 651 357 265 600 85 324 329 618 277 368 208 226 665 561 598 681 639 848 220 201 373 593 434 251 387 207 440 626 234 201 217 598 142 341 241 629 292 274 445 228 330 408 179 179 71 0 548 552 619 221 480 65 203 267 307 152 639 242 271 114 215 566 44 145 286 377 448 64 828 59 199 310 611 520 356 223 510 607 281 612 583 233 495
190 285 860 268 860 269 869 704 290 597 836 841 236 789 880 720 738 999 70 217 275 144 1181 585 713 885 212 882 719 899 719 876 245 746 713 729 103 650 853 728 267 804 786 897 740 842 920 691 691 506 548 0 242 124 733 862 511 715 779 819 639 257 754 783 626 590 70 535 635 798 889 867 576 1162 525 711 822 115 210 868 625 200 285 684 230 87 635 902
98 324 865 338 864 302 874 709 99 602 840 845 269 793 884 724 743 1003 255 249 333 334 1185 589 717 889 195 887 723 903 723 880 278 750 717 733 292 655 857 732 128 808 790 901 744 847 924 695 696 510 552 242 0 313 738 866 515 719 783 823 643 290 759 787 630 594 260 539 640 803 893 871 580 1166 529 715 826 305 76 872 629 86 106 689 171 277 639 907
261 223 931 206 931 245 940 775 361 668 907 912 275 860 951 791 809 1070 135 287 213 82 1252 656 784 956 283 953 790 969 790 947 260 817 783 799 74 721 924 799 338 874 857 968 811 913 991 762 762 577 619 124 313 0 804 932 582 786 850 890 710 248 825 854 697 661 117 606 706 869 960 938 647 1233 596 782 892 83 281 939 696 271 355 755 301 103 706 973
685 858 280 872 279 836 289 72 785 174 255 260 803 209 299 78 59 472 746 783 866 825 655 257 83 304 778 356 58 318 138 350 811 165 132 65 783 197 272 48 814 223 205 371 159 262 339 93 111 256 221 733 738 804 0 335 251 82 198 238 208 824 174 202 129 261 751 229 200 218 308 341 196 635 244 130 241 796 705 287 279 695 792 89 797 768 289 376
813 986 301 1000 161 964 151 296 913 433 187 182 931 234 164 352 334 248 874 911 995 953 430 375 358 159 906 78 311 120 397 71 940 412 390 340 912 440 191 320 942 359 361 60 407 330 124 369 369 498 480 862 866 932 335 0 503 357 244 226 428 952 271 240 387 379 879 487 425 221 264 62 454 411 502 306 202 924 833 176 415 823 920 276 925 896 425 66
463 635 378 650 377 614 387 294 563 115 353 358 581 306 397 237 256 640 524 561 644 602 823 227 230 402 556 463 280 416 236 469 589 263 230 246 561 171 370 270 592 321 303 474 257 360 437 208 208 70 65 511 515 582 251 503 0 232 296 336 181 602 272 300 143 231 528 52 174 316 406 477 93 803 58 228 339 574 483 385 252 473 570 311 575 546 263 525
667 839 262 854 261 818 271 94 767 156 237 242 785 190 281 99 81 494 728 765 848 806 677 257 97 286 760 347 80 300 120 353 793 147 114 87 765 179 254 70 796 205 187 358 141 244 321 75 93 238 203 715 719 786 82 357 232 0 180 220 190 806 156 184 111 252 733 211 182 200 290 361 178 657 226 112 223 778 687 269 260 677 774 110 779 750 271 398
730 903 272 917 108 881 202 242 831 220 84 89 848 122 213 185 203 434 791 829 912 870 617 321 178 213 824 194 228 232 184 200 857 211 178 193 829 243 186 218 859 268 251 279 205 302 178 156 156 302 267 779 783 850 198 244 296 180 0 152 253 870 54 53 175 316 796 274 246 131 235 208 241 597 289 93 70 842 751 201 324 741 837 258 843 813 334 284
770 943 250 958 197 921 181 282 871 260 209 214 889 101 89 225 243 417 832 869 952 910 599 361 218 94 864 176 268 210 224 182 897 251 218 234 869 283 62 258 899 309 291 261 245 280 129 196 196 342 307 819 823 890 238 226 336 220 152 0 293 910 128 156 215 356 836 314 286 110 214 190 281 580 329 133 195 882 791 77 364 781 877 298 883 853 375 267
590 763 335 777 334 741 344 251 691 105 310 315 708 264 354 195 213 566 651 689 772 730 748 101 187 359 684 420 237 373 193 426 717 220 187 203 689 45 327 227 719 278 260 431 214 317 394 165 166 187 152 639 643 710 208 428 181 190 253 293 0 729 229 257 100 96 656 160 42 273 363 434 127 729 175 185 296 701 610 342 105 601 697 251 703 673 115 469
280 84 951 98 951 80 960 795 222 688 927 932 78 880 971 811 829 1089 270 96 93 210 1272 676 804 975 129 973 810 989 809 967 63 837 803 819 261 741 944 819 185 894 877 988 831 933 1010 782 782 597 639 257 290 248 824 952 602 806 870 910 729 0 845 874 717 680 275 626 726 889 980 958 666 1252 616 802 912 254 301 959 716 291 202 775 148 289 726 993
706 879 247 893 135 857 178 217 806 195 111 116 824 98 188 161 179 462 767 804 888 846 644 296 153 193 799 221 203 207 159 227 833 186 153 169 805 218 162 194 835 244 227 265 180 277 205 131 132 277 242 754 759 825 174 271 272 156 54 128 229 845 0 58 150 291 772 250 221 107 211 235 217 625 265 68 97 817 726 177 300 716 813 234 818 789 310 312
735 907 276 922 104 885 207 246 835 224 80 85 853 126 213 189 208 430 796 833 916 874 613 325 182 209 828 190 232 236 188 196 861 215 182 198 833 247 190 222 863 273 255 275 209 306 174 160 160 306 271 783 787 854 202 240 300 184 53 156 257 874 58 0 179 320 800 278 250 136 239 204 245 593 293 97 66 846 755 205 328 745 841 263 847 818 339 280
577 750 256 764 256 728 265 173 678 67 232 237 695 185 276 116 134 573 638 676 759 717 755 168 108 280 671 341 158 294 114 347 704 142 108 124 676 90 249 149 706 199 182 352 136 238 315 87 87 149 114 626 630 697 129 387 143 111 175 215 100 717 150 179 0 163 643 121 93 194 285 355 88 736 136 107 217 689 598 264 171 588 684 189 690 660 181 403
541 714 397 728 397 692 406 222 641 168 373 378 659 326 417 257 260 517 602 640 723 681 699 77 250 422 635 400 237 436 256 394 668 283 250 266 640 108 390 246 670 340 323 415 277 379 446 228 228 226 215 590 594 661 261 379 231 252 316 356 96 680 291 320 163 0 607 222 93 335 426 385 189 680 237 248 358 652 561 405 82 552 648 202 654 624 93 420
207 278 878 262 877 286 887 722 307 615 853 858 254 806 897 738 756 1016 81 234 268 137 1198 602 730 902 229 900 736 916 736 893 262 763 730 746 96 668 870 746 285 821 803 914 757 860 937 708 709 523 566 70 260 117 751 879 528 733 796 836 656 275 772 800 643 607 0 553 653 816 906 884 593 1179 542 728 839 108 227 885 642 217 302 702 248 80 653 920
487 659 356 674 355 638 365 272 587 93 331 336 605 284 375 216 234 664 548 585 668 626 847 227 208 380 580 441 258 394 214 447 613 241 208 224 585 149 348 248 616 299 281 452 235 338 415 186 187 58 44 535 539 606 229 487 52 211 274 314 160 626 250 278 121 222 553 0 152 294 384 455 71 827 46 206 317 598 507 363 230 497 594 289 599 570 241 503
587 760 327 774 327 738 336 244 687 97 303 308 705 256 347 187 205 562 648 685 769 727 745 98 180 352 680 413 230 365 186 419 714 213 179 195 685 38 320 220 716 270 253 424 207 309 387 158 158 179 145 635 640 706 200 425 174 182 246 286 42 726 221 250 93 93 653 152 0 265 356 427 119 725 167 178 288 698 607 335 101 597 694 248 699 670 112 466
750 923 168 937 213 901 99 261 850 239 189 194 868 41 171 205 223 444 811 848 932 890 626 340 197 176 843 258 247 128 203 264 877 231 197 213 849 262 144 238 879 227 229 186 224 198 211 175 176 321 286 798 803 869 218 221 316 200 131 110 273 889 107 136 194 335 816 294 265 0 131 258 261 607 309 112 174 861 770 159 344 760 857 278 862 833 354 237
840 1013 59 1027 316 991 141 352 941 330 292 297 959 144 275 295 313 487 901 939 1022 980 669 431 288 279 934 317 338 171 188 310 967 170 194 304 939 353 248 328 969 118 120 229 165 89 314 266 215 412 377 889 893 960 308 264 406 290 235 214 363 980 211 239 285 426 906 384 356 131 0 301 351 650 399 216 278 952 861 263 434 851 947 368 953 923 444 279
819 991 338 1006 125 969 188 302 919 400 152 147 937 263 128 358 340 253 880 917 1000 958 436 380 359 123 912 83 316 158 364 77 945 392 358 345 917 424 155 326 947 397 399 98 386 368 88 337 337 482 448 867 871 938 341 62 477 361 208 190 434 958 235 204 355 385 884 455 427 258 301 0 422 416 470 273 166 930 839 140 420 829 926 282 931 902 430 103
527 700 323 714 322 678 332 239 628 61 298 303 645 251 342 183 201 640 588 626 709 667 822 194 175 347 621 408 225 361 181 414 654 208 175 191 626 116 315 215 656 266 248 419 202 305 382 153 154 98 64 576 580 647 196 454 93 178 241 281 127 666 217 245 88 189 593 71 119 261 351 422 0 803 86 173 284 638 548 330 197 538 634 256 640 610 208 470
1113 1286 686 1300 515 1264 536 596 1213 781 541 536 1231 620 517 652 634 192 1174 1212 1295 1253 56 675 658 513 1207 432 611 506 745 425 1240 772 739 640 1212 740 545 620 1242 745 747 446 766 716 478 686 718 798 828 1162 1166 1233 635 411 803 657 597 580 729 1252 625 593 736 680 1179 827 725 607 650 416 803 0 817 663 556 1224 1133 530 715 1124 1220 576 1226 1196 725 452
476 649 371 663 370 627 380 287 577 108 346 351 595 299 390 231 249 654 537 575 658 616 836 240 223 395 570 456 273 409 229 462 603 256 223 239 575 164 363 263 605 314 296 467 250 353 430 201 202 64 59 525 529 596 244 502 58 226 289 329 175 616 265 293 136 237 542 46 167 309 399 470 86 817 0 221 332 588 497 378 245 487 583 304 589 559 256 518
662 835 253 849 174 813 183 174 763 152 150 155 781 103 194 117 135 500 723 761 844 802 682 253 110 198 756 260 160 212 116 266 789 143 110 126 761 175 167 150 791 201 183 270 137 239 234 88 88 234 199 711 715 782 130 306 228 112 93 133 185 802 68 97 107 248 728 206 178 112 216 273 173 663 221 0 135 774 683 182 256 673 769 190 775 745 266 321
773 946 315 960 114 924 245 284 873 262 90 95 891 165 176 228 246 393 834 871 955 913 575 363 220 171 866 152 270 274 226 158 900 254 220 236 872 285 203 261 902 311 294 237 248 344 136 199 199 344 310 822 826 892 241 202 339 223 70 195 296 912 97 66 217 358 839 317 288 174 278 166 284 556 332 135 0 884 793 188 367 783 880 301 885 856 377 243
252 229 923 212 923 251 932 767 353 660 899 904 281 852 943 783 801 1061 126 279 219 88 1244 648 776 947 274 945 782 961 781 939 266 809 775 791 66 713 916 791 330 866 849 960 803 905 982 754 754 569 611 115 305 83 796 924 574 778 842 882 701 254 817 846 689 652 108 598 698 861 952 930 638 1224 588 774 884 0 273 931 688 263 347 747 293 94 698 965
101 334 832 348 832 312 841 676 124 569 808 813 279 761 852 692 710 970 222 260 343 301 1153 557 685 856 220 854 691 870 690 848 288 718 684 700 260 622 825 700 153 775 758 869 712 814 892 663 663 478 520 210 76 281 705 833 483 687 751 791 610 301 726 755 598 561 227 507 607 770 861 839 548 1133 497 683 793 273 0 840 597 90 131 656 196 244 607 874
819 992 299 1007 147 970 230 331 920 309 174 169 938 150 40 274 293 367 881 918 1001 959 549 410 267 44 913 126 317 259 273 132 946 300 267 283 918 332 68 307 948 358 340 212 294 329 79 245 245 391 356 868 872 939 287 176 385 269 201 77 342 959 177 205 264 405 885 363 335 159 263 140 330 530 378 182 188 931 840 0 413 830 926 348 932 903 424 217
576 749 406 763 405 727 415 257 677 176 381 386 694 334 425 265 284 552 637 675 758 716 734 87 258 430 670 435 272 444 264 429 703 291 258 274 675 116 398 281 705 349 331 450 285 388 465 236 236 258 223 625 629 696 279 415 252 260 324 364 105 716 300 328 171 82 642 230 101 344 434 420 197 715 245 256 367 688 597 413 0 587 683 237 689 659 60 455
111 324 822 339 822 302 831 666 134 559 798 803 270 751 842 682 700 961 213 250 333 291 1143 547 675 847 230 844 681 860 681 838 278 708 674 690 250 612 815 690 162 765 748 859 702 804 882 653 653 468 510 200 86 271 695 823 473 677 741 781 601 291 716 745 588 552 217 497 597 760 851 829 538 1124 487 673 783 263 90 830 587 0 140 646 205 235 597 864
152 236 919 250 918 214 928 763 37 656 894 899 181 848 938 779 797 1057 297 162 245 362 1239 644 771 943 108 941 777 957 777 934 190 804 771 787 335 709 911 787 40 862 844 956 798 901 978 749 750 565 607 285 106 355 792 920 570 774 837 877 697 202 813 841 684 648 302 594 694 857 947 926 634 1220 583 769 880 347 131 926 683 140 0 743 83 319 694 961
636 809 340 823 340 787 349 97 736 234 315 320 754 269 359 106 87 413 697 734 818 776 596 198 111 364 729 297 86 371 198 290 763 226 192 93 734 257 332 76 765 283 266 312 219 322 343 139 171 316 281 684 689 755 89 276 311 110 258 298 251 775 234 263 189 202 702 289 248 278 368 282 256 576 304 190 301 747 656 348 237 646 743 0 748 719 248 317
217 182 924 196 924 160 933 768 102 661 900 905 127 853 944 784 802 1063 243 108 191 308 1245 649 777 949 54 946 783 962 783 940 136 810 776 792 281 714 917 792 66 867 850 961 804 906 984 755 755 570 612 230 171 301 797 925 575 779 843 883 703 148 818 847 690 654 248 599 699 862 953 931 640 1226 589 775 885 293 196 932 689 205 83 748 0 265 699 966
224 264 895 247 895 286 904 739 324 632 871 875 271 824 914 755 773 1033 98 251 254 123 1216 620 747 919 246 917 753 933 753 910 279 781 747 763 85 685 887 763 302 838 821 932 775 877 954 725 726 541 583 87 277 103 768 896 546 750 813 853 673 289 789 818 660 624 80 570 670 833 923 902 610 1196 559 745 856 94 244 903 659 235 319 719 265 0 670 937
587 759 416 774 416 738 425 268 687 186 392 397 705 345 435 276 294 562 648 685 768 726 744 98 268 440 680 446 282 454 274 439 713 302 268 284 685 127 409 292 716 359 342 460 296 398 475 246 247 268 233 635 639 706 289 425 263 271 334 375 115 726 310 339 181 93 653 241 112 354 444 430 208 725 256 266 377 698 607 424 60 597 694 248 699 670 0 466
854 1027 316 1041 202 1005 166 337 954 448 228 223 972 250 205 393 375 289 915 952 1036 994 471 416 399 200 947 119 352 136 412 112 981 427 406 381 953 471 232 361 983 375 377 76 422 346 165 384 385 530 495 902 907 973 376 66 525 398 284 267 469 993 312 280 403 420 920 503 466 237 279 103 470 452 518 321 243 965 874 217 455 864 961 317 966 937 466 0
EOF