NAME : tsp_problem
TYPE : TSP
DIMENSION : 66
EDGE_WEIGHT_TYPE : EXPLICIT
EDGE_WEIGHT_FORMAT : FULL_MATRIX
EDGE_WEIGHT_SECTION
0 829 65 997 81 1002 772 919 91 831 1011 671 1024 142 937 608 709 843 758 973 1013 999 825 85 84 928 822 1028 852 240 755 819 1004 943 267 987 804 858 1009 301 96 1037 759 980 910 854 148 994 337 764 1123 73 204 272 844 749 697 698 809 750 912 1013 129 837 684 163
829 0 829 335 807 341 235 258 798 80 350 260 362 817 276 319 218 69 267 312 352 338 85 850 795 266 161 367 60 749 264 93 343 282 719 325 92 196 348 698 794 376 268 318 249 79 838 332 687 273 433 837 791 685 89 257 235 206 97 173 251 323 754 95 247 749
65 829 0 997 82 1003 773 919 92 831 1012 672 1024 119 938 609 710 844 759 974 1014 1000 826 86 85 928 823 1029 853 217 756 820 1004 944 244 987 804 858 1010 302 96 1038 760 980 911 854 125 994 338 765 1124 74 205 273 845 750 698 699 809 751 913 1014 130 838 685 164
997 335 997 0 975 243 331 107 966 332 273 355 54 985 87 426 414 321 427 67 267 287 337 1018 963 362 199 395 312 917 424 345 123 81 887 53 357 292 250 866 962 251 428 382 345 288 1006 234 855 433 362 1006 959 854 279 418 331 401 352 268 215 115 922 271 343 917
81 807 82 975 0 980 750 897 83 809 990 650 1002 164 916 586 688 821 737 951 991 977 803 102 80 906 801 1006 831 262 733 797 982 921 284 965 782 836 987 279 78 1016 738 958 888 832 170 972 315 743 1101 90 182 250 823 727 675 676 787 728 891 991 107 815 662 141
1002 341 1003 243 980 0 336 165 972 337 156 361 263 990 184 432 420 327 432 219 150 170 343 1023 969 245 204 278 317 923 429 351 260 189 893 233 363 297 133 872 967 71 433 265 247 293 1011 80 861 438 366 1011 964 859 284 423 336 406 357 274 220 202 928 277 348 923
772 235 773 331 750 336 0 253 742 232 346 131 358 760 271 202 121 221 133 307 347 333 237 793 739 262 156 362 211 693 130 245 338 277 663 321 257 192 343 642 737 372 134 314 244 188 781 328 631 139 585 781 734 629 178 124 106 107 252 84 246 397 698 171 118 693
919 258 919 107 897 165 253 0 888 254 195 277 133 907 63 348 337 243 349 83 189 209 259 940 885 284 121 317 234 840 346 267 203 57 809 97 280 214 172 788 884 200 350 304 267 210 928 157 777 355 442 928 881 776 201 340 253 323 274 190 137 195 844 193 265 839
91 798 92 966 83 972 742 888 0 800 981 641 993 174 907 578 679 813 728 943 983 969 795 112 71 897 792 998 822 272 725 788 973 913 275 956 773 827 979 270 69 1007 729 949 880 823 181 963 307 734 1092 100 174 241 814 719 667 668 778 720 882 982 99 806 654 132
831 80 831 332 809 337 232 254 800 0 347 256 359 819 273 321 220 66 269 308 348 334 82 852 797 263 158 363 56 752 266 90 339 278 721 322 94 193 345 700 796 373 270 315 245 76 840 329 689 275 436 840 793 688 86 260 232 209 97 169 248 325 756 91 244 751
1011 350 1012 273 990 156 346 195 981 347 0 370 300 1000 214 441 429 336 442 249 28 41 352 1033 978 116 235 149 326 932 439 360 342 220 902 263 372 170 46 881 976 191 443 136 118 303 1021 147 870 448 492 1020 973 868 294 432 346 416 367 283 250 329 937 286 358 932
671 260 672 355 650 361 131 277 641 256 370 0 382 659 296 101 214 245 227 332 372 358 261 693 638 286 181 387 236 592 224 269 362 302 562 345 282 216 368 541 636 396 228 338 269 212 681 352 530 233 660 680 633 528 203 218 56 201 276 109 271 422 597 196 47 592
1024 362 1024 54 1002 263 358 133 993 359 300 382 0 1012 114 453 441 348 454 78 294 314 364 1045 990 389 226 422 338 944 451 372 96 108 914 64 359 319 277 893 988 224 455 409 371 315 1033 261 882 460 335 1032 985 880 306 444 358 428 364 295 189 88 949 298 370 944
142 817 119 985 164 990 760 907 174 819 1000 659 1012 0 925 596 697 831 746 961 1001 987 813 119 167 916 810 1016 840 120 743 807 992 931 147 975 792 846 997 344 179 1026 748 968 898 842 47 982 333 752 1111 132 287 183 832 737 685 686 797 738 900 1001 212 825 672 246
937 276 938 87 916 184 271 63 907 273 214 296 114 925 0 367 355 262 368 64 208 228 278 959 904 303 140 336 252 858 365 286 183 38 828 77 298 233 191 807 902 219 369 323 285 229 947 175 796 374 423 946 899 794 220 358 272 342 293 209 156 175 863 212 284 858
608 319 609 426 586 432 202 348 578 321 441 101 453 596 367 0 200 317 249 403 443 429 316 630 575 357 252 458 307 529 245 309 433 373 499 416 294 287 439 478 573 467 250 409 340 283 618 423 467 255 613 617 570 465 274 239 127 188 299 180 342 493 534 267 114 529
709 218 710 414 688 420 121 337 679 220 429 214 441 697 355 200 0 232 97 391 431 417 214 731 676 345 240 446 242 630 94 208 422 361 600 404 193 275 427 579 674 454 98 397 328 264 719 411 568 103 512 718 671 566 262 87 190 61 198 168 330 402 635 255 202 630
843 69 844 321 821 327 221 243 813 66 336 245 348 831 262 317 232 0 281 298 338 324 71 864 810 252 147 353 46 764 278 79 328 268 734 311 91 182 334 713 808 362 282 304 235 65 852 318 702 287 448 852 805 700 75 272 221 221 86 158 237 338 769 81 233 764
758 267 759 427 737 432 133 349 728 269 442 227 454 746 368 249 97 281 0 403 443 429 263 780 725 358 253 459 291 679 106 257 434 374 649 417 242 288 440 628 723 468 110 410 341 284 768 424 617 38 561 767 720 615 275 100 203 83 247 180 343 451 684 267 215 679
973 312 974 67 951 219 307 83 943 308 249 332 78 961 64 403 391 298 403 0 244 263 314 994 940 339 175 372 288 894 400 322 147 58 864 59 334 268 227 843 938 255 405 358 321 264 982 211 832 409 386 982 935 830 255 394 307 377 328 245 191 139 899 248 319 894
1013 352 1014 267 991 150 347 189 983 348 28 372 294 1001 208 443 431 338 443 244 0 42 354 1034 980 118 229 151 328 934 440 362 336 214 904 257 374 171 40 883 978 185 444 137 120 304 1022 141 872 449 487 1022 975 870 295 434 347 417 368 285 244 323 939 288 359 934
999 338 1000 287 977 170 333 209 969 334 41 358 314 987 228 429 417 324 429 263 42 0 340 1020 966 104 249 137 314 920 426 348 356 234 890 277 360 158 60 869 964 205 431 123 106 290 1008 161 858 435 506 1008 961 856 281 420 333 403 354 271 264 343 925 274 345 920
825 85 826 337 803 343 237 259 795 82 352 261 364 813 278 316 214 71 263 314 354 340 0 847 792 268 163 369 61 746 260 95 344 284 716 327 89 198 350 695 790 372 264 320 251 81 835 334 684 269 430 834 787 682 91 254 237 203 94 174 253 320 751 97 249 746
85 850 86 1018 102 1023 793 940 112 852 1033 693 1045 119 959 630 731 864 780 994 1034 1020 847 0 105 949 844 1050 874 218 776 840 1025 964 244 1008 825 879 1031 322 117 1059 781 1001 931 875 126 1015 359 786 1144 94 225 281 866 770 719 719 830 771 934 1034 151 858 706 184
84 795 85 963 80 969 739 885 71 797 978 638 990 167 904 575 676 810 725 940 980 966 792 105 0 894 789 995 819 265 722 785 970 910 272 953 770 824 976 268 66 1004 726 946 877 820 174 960 304 731 1089 93 171 238 811 716 664 665 775 717 879 979 96 804 651 129
928 266 928 362 906 245 262 284 897 263 116 286 389 916 303 357 345 252 358 339 118 104 268 949 894 0 188 133 243 848 355 276 369 309 818 352 288 86 135 797 893 281 359 84 38 219 937 237 786 364 582 937 890 785 210 349 262 332 283 199 278 418 853 202 274 848
822 161 823 199 801 204 156 121 792 158 235 181 226 810 140 252 240 147 253 175 229 249 163 844 789 188 0 288 137 743 250 171 206 146 713 189 183 118 212 692 787 240 254 240 170 114 832 196 681 259 513 831 784 679 105 243 157 227 178 94 115 265 748 97 169 743
1028 367 1029 395 1006 278 362 317 998 363 149 387 422 1016 336 458 446 353 459 372 151 137 369 1050 995 133 288 0 343 949 455 377 464 342 919 385 389 187 168 898 993 313 460 111 135 320 1038 270 887 465 615 1037 990 885 310 449 363 433 384 300 373 451 954 303 374 949
852 60 853 312 831 317 211 234 822 56 326 236 338 840 252 307 242 46 291 288 328 314 61 874 819 243 137 343 0 773 287 70 319 258 743 302 82 172 324 722 817 352 292 295 225 56 862 309 711 296 457 861 814 709 65 281 211 230 76 149 227 347 778 71 223 773
240 749 217 917 262 923 693 840 272 752 932 592 944 120 858 529 630 764 679 894 934 920 746 218 265 848 743 949 773 0 676 740 925 864 80 907 724 778 930 277 277 958 680 900 831 774 141 914 266 685 1044 230 298 116 765 670 618 619 729 671 833 934 262 758 605 257
755 264 756 424 733 429 130 346 725 266 439 224 451 743 365 245 94 278 106 400 440 426 260 776 722 355 250 455 287 676 0 254 431 370 646 414 239 285 436 625 720 465 54 407 337 281 764 421 614 112 558 764 717 612 272 69 200 80 244 177 339 448 681 264 211 676
819 93 820 345 797 351 245 267 788 90 360 269 372 807 286 309 208 79 257 322 362 348 95 840 785 276 171 377 70 740 254 0 352 292 710 335 82 206 358 688 784 366 258 328 259 89 828 342 678 263 424 828 781 676 99 248 245 197 87 182 261 314 745 105 257 740
1004 343 1004 123 982 260 338 203 973 339 342 362 96 992 183 433 422 328 434 147 336 356 344 1025 970 369 206 464 319 925 431 352 0 178 894 133 356 299 319 873 969 221 435 421 352 295 1013 267 862 440 333 1013 966 861 286 425 338 408 359 275 119 85 930 279 350 925
943 282 944 81 921 189 277 57 913 278 220 302 108 931 38 373 361 268 374 58 214 234 284 964 910 309 146 342 258 864 370 292 178 0 834 71 304 238 197 813 908 225 375 328 291 234 952 181 802 379 417 952 905 800 225 364 277 347 298 215 161 169 869 218 289 864
267 719 244 887 284 893 663 809 275 721 902 562 914 147 828 499 600 734 649 864 904 890 716 244 272 818 713 919 743 80 646 710 894 834 0 877 694 748 900 247 271 928 650 870 801 744 168 884 236 655 1014 257 268 86 735 640 588 589 699 641 803 904 231 728 575 226
987 325 987 53 965 233 321 97 956 322 263 345 64 975 77 416 404 311 417 59 257 277 327 1008 953 352 189 385 302 907 414 335 133 71 877 0 347 282 240 856 952 261 418 372 335 278 996 224 845 423 372 996 949 843 269 408 321 391 342 258 205 125 912 261 333 907
804 92 804 357 782 363 257 280 773 94 372 282 359 792 298 294 193 91 242 334 374 360 89 825 770 288 183 389 82 724 239 82 356 304 694 347 0 218 370 673 769 351 243 340 271 101 813 354 662 248 408 813 766 661 111 232 257 182 72 195 273 298 729 117 269 724
858 196 858 292 836 297 192 214 827 193 170 216 319 846 233 287 275 182 288 268 171 158 198 879 824 86 118 187 172 778 285 206 299 238 748 282 218 0 189 727 823 333 289 138 69 149 867 289 716 294 597 866 819 714 140 279 192 262 213 129 208 358 783 132 204 778
1009 348 1010 250 987 133 343 172 979 345 46 368 277 997 191 439 427 334 440 227 40 60 350 1031 976 135 212 168 324 930 436 358 319 197 900 240 370 189 0 879 974 168 441 155 137 301 1019 124 868 446 470 1018 971 866 291 430 344 414 365 281 227 306 935 284 355 930
301 698 302 866 279 872 642 788 270 700 881 541 893 344 807 478 579 713 628 843 883 869 695 322 268 797 692 898 722 277 625 688 873 813 247 856 673 727 879 0 266 907 629 849 780 723 365 863 55 634 993 310 122 213 714 619 567 568 678 620 782 882 227 707 554 173
96 794 96 962 78 967 737 884 69 796 976 636 988 179 902 573 674 808 723 938 978 964 790 117 66 893 787 993 817 277 720 784 969 908 271 952 769 823 974 266 0 1002 724 945 875 819 185 959 302 729 1088 105 169 237 809 714 662 663 774 715 877 978 94 802 649 128
1037 376 1038 251 1016 71 372 200 1007 373 191 396 224 1026 219 467 454 362 468 255 185 205 372 1059 1004 281 240 313 352 958 465 366 221 225 928 261 351 333 168 907 1002 0 469 300 283 329 1047 79 896 474 327 1046 999 894 320 458 372 442 356 309 256 163 963 312 384 958
759 268 760 428 738 433 134 350 729 270 443 228 455 748 369 250 98 282 110 405 444 431 264 781 726 359 254 460 292 680 54 258 435 375 650 418 243 289 441 629 724 469 0 411 342 285 769 425 618 116 562 768 721 616 276 60 204 84 248 181 344 452 685 268 216 680
980 318 980 382 958 265 314 304 949 315 136 338 409 968 323 409 397 304 410 358 137 123 320 1001 946 84 240 111 295 900 407 328 421 328 870 372 340 138 155 849 945 300 411 0 86 271 989 256 838 416 601 989 942 836 262 401 314 384 335 251 330 438 905 254 326 900
910 249 911 345 888 247 244 267 880 245 118 269 371 898 285 340 328 235 341 321 120 106 251 931 877 38 170 135 225 831 337 259 352 291 801 335 271 69 137 780 875 283 342 86 0 202 919 239 769 347 584 919 872 767 192 331 244 315 266 182 260 411 836 185 256 831
854 79 854 288 832 293 188 210 823 76 303 212 315 842 229 283 264 65 284 264 304 290 81 875 820 219 114 320 56 774 281 89 295 234 744 278 101 149 301 723 819 329 285 271 202 0 863 285 712 290 480 863 816 710 85 275 188 253 96 125 204 354 779 91 200 774
148 838 125 1006 170 1011 781 928 181 840 1021 681 1033 47 947 618 719 852 768 982 1022 1008 835 126 174 937 832 1038 862 141 764 828 1013 952 168 996 813 867 1019 365 185 1047 769 989 919 863 0 1003 354 774 1132 138 294 205 854 758 707 707 818 759 922 1022 219 846 694 253
994 332 994 234 972 80 328 157 963 329 147 352 261 982 175 423 411 318 424 211 141 161 334 1015 960 237 196 270 309 914 421 342 267 181 884 224 354 289 124 863 959 79 425 256 239 285 1003 0 852 430 373 1003 956 850 276 415 328 398 349 265 212 209 919 268 340 914
337 687 338 855 315 861 631 777 307 689 870 530 882 333 796 467 568 702 617 832 872 858 684 359 304 786 681 887 711 266 614 678 862 802 236 845 662 716 868 55 302 896 618 838 769 712 354 852 0 623 982 346 158 202 703 608 556 557 667 609 771 872 263 696 543 209
764 273 765 433 743 438 139 355 734 275 448 233 460 752 374 255 103 287 38 409 449 435 269 786 731 364 259 465 296 685 112 263 440 379 655 423 248 294 446 634 729 474 116 416 347 290 774 430 623 0 567 773 726 621 281 106 209 89 253 186 349 457 690 273 221 685
1123 433 1124 362 1101 366 585 442 1092 436 492 660 335 1111 423 613 512 448 561 386 487 506 430 1144 1089 582 513 615 457 1044 558 424 333 417 1014 372 408 597 470 993 1088 327 562 601 584 480 1132 373 982 567 0 1132 1085 980 490 552 636 501 413 573 425 275 1049 495 648 1044
73 837 74 1006 90 1011 781 928 100 840 1020 680 1032 132 946 617 718 852 767 982 1022 1008 834 94 93 937 831 1037 861 230 764 828 1013 952 257 996 813 866 1018 310 105 1046 768 989 919 863 138 1003 346 773 1132 0 213 281 853 758 706 707 818 759 921 1022 138 846 693 172
204 791 205 959 182 964 734 881 174 793 973 633 985 287 899 570 671 805 720 935 975 961 787 225 171 890 784 990 814 298 717 781 966 905 268 949 766 819 971 122 169 999 721 942 872 816 294 956 158 726 1085 213 0 234 806 711 659 660 771 712 874 975 130 799 646 76
272 685 273 854 250 859 629 776 241 688 868 528 880 183 794 465 566 700 615 830 870 856 682 281 238 785 679 885 709 116 612 676 861 800 86 843 661 714 866 213 237 894 616 836 767 710 205 850 202 621 980 281 234 0 701 606 554 555 665 607 769 870 198 694 541 193
844 89 845 279 823 284 178 201 814 86 294 203 306 832 220 274 262 75 275 255 295 281 91 866 811 210 105 310 65 765 272 99 286 225 735 269 111 140 291 714 809 320 276 262 192 85 854 276 703 281 490 853 806 701 0 265 179 249 106 116 194 345 770 100 191 765
749 257 750 418 727 423 124 340 719 260 432 218 444 737 358 239 87 272 100 394 434 420 254 770 716 349 243 449 281 670 69 248 425 364 640 408 232 279 430 619 714 458 60 401 331 275 758 415 608 106 552 758 711 606 265 0 193 74 237 171 333 442 675 258 205 670
697 235 698 331 675 336 106 253 667 232 346 56 358 685 272 127 190 221 203 307 347 333 237 719 664 262 157 363 211 618 200 245 338 277 588 321 257 192 344 567 662 372 204 314 244 188 707 328 556 209 636 706 659 554 179 193 0 177 252 84 247 397 623 171 43 618
698 206 699 401 676 406 107 323 668 209 416 201 428 686 342 188 61 221 83 377 417 403 203 719 665 332 227 433 230 619 80 197 408 347 589 391 182 262 414 568 663 442 84 384 315 253 707 398 557 89 501 707 660 555 249 74 177 0 186 154 317 391 624 241 189 619
809 97 809 352 787 357 252 274 778 97 367 276 364 797 293 299 198 86 247 328 368 354 94 830 775 283 178 384 76 729 244 87 359 298 699 342 72 213 365 678 774 356 248 335 266 96 818 349 667 253 413 818 771 665 106 237 252 186 0 189 268 303 734 111 264 729
750 173 751 268 728 274 84 190 720 169 283 109 295 738 209 180 168 158 180 245 285 271 174 771 717 199 94 300 149 671 177 182 275 215 641 258 195 129 281 620 715 309 181 251 182 125 759 265 609 186 573 759 712 607 116 171 84 154 189 0 184 335 676 108 96 671
912 251 913 215 891 220 246 137 882 248 250 271 189 900 156 342 330 237 343 191 244 264 253 934 879 278 115 373 227 833 339 261 119 161 803 205 273 208 227 782 877 256 344 330 260 204 922 212 771 349 425 921 874 769 194 333 247 317 268 184 0 178 838 187 258 833
1013 323 1014 115 991 202 397 195 982 325 329 422 88 1001 175 493 402 338 451 139 323 343 320 1034 979 418 265 451 347 934 448 314 85 169 904 125 298 358 306 882 978 163 452 438 411 354 1022 209 872 457 275 1022 975 870 345 442 397 391 303 335 178 0 939 338 409 934
129 754 130 922 107 928 698 844 99 756 937 597 949 212 863 534 635 769 684 899 939 925 751 151 96 853 748 954 778 262 681 745 930 869 231 912 729 783 935 227 94 963 685 905 836 779 219 919 263 690 1049 138 130 198 770 675 623 624 734 676 838 939 0 763 610 89
837 95 838 271 815 277 171 193 806 91 286 196 298 825 212 267 255 81 267 248 288 274 97 858 804 202 97 303 71 758 264 105 279 218 728 261 117 132 284 707 802 312 268 254 185 91 846 268 696 273 495 846 799 694 100 258 171 241 111 108 187 338 763 0 183 758
684 247 685 343 662 348 118 265 654 244 358 47 370 672 284 114 202 233 215 319 359 345 249 706 651 274 169 374 223 605 211 257 350 289 575 333 269 204 355 554 649 384 216 326 256 200 694 340 543 221 648 693 646 541 191 205 43 189 264 96 258 409 610 183 0 605
163 749 164 917 141 923 693 839 132 751 932 592 944 246 858 529 630 764 679 894 934 920 746 184 129 848 743 949 773 257 676 740 925 864 226 907 724 778 930 173 128 958 680 900 831 774 253 914 209 685 1044 172 76 193 765 670 618 619 729 671 833 934 89 758 605 0
EOF