NAME : tsp_problem
TYPE : TSP
DIMENSION : 74
EDGE_WEIGHT_TYPE : EXPLICIT
EDGE_WEIGHT_FORMAT : FULL_MATRIX
EDGE_WEIGHT_SECTION
0 599 659 70 314 221 247 608 597 705 361 56 223 343 94 477 645 487 332 209 565 72 381 276 198 402 429 104 250 611 131 332 517 628 587 352 372 212 147 174 208 388 625 59 346 562 368 354 598 274 216 541 181 174 582 271 238 372 206 499 36 116 211 618 519 35 356 624 141 490 80 208 509 51
599 0 338 558 883 790 816 191 181 299 930 625 792 912 543 166 229 155 901 641 307 563 950 736 767 971 934 530 766 102 700 902 260 59 330 921 942 781 691 743 630 957 209 568 915 305 937 923 341 742 785 284 750 743 324 840 807 941 633 145 592 520 780 361 124 600 925 367 696 954 649 777 134 618
659 338 0 618 944 851 876 204 212 67 990 685 852 972 603 281 169 290 961 702 158 624 1011 797 828 1031 995 590 826 265 760 962 197 301 125 982 1002 842 751 804 690 1017 179 629 975 147 997 983 120 802 846 170 810 803 144 900 867 1001 693 302 653 581 841 103 322 660 985 87 757 1015 710 837 312 678
70 558 618 0 354 261 287 566 556 664 401 96 263 383 99 436 604 446 372 226 523 78 421 316 238 442 468 86 290 570 171 372 476 587 546 392 412 252 187 214 215 428 584 65 385 521 407 394 557 314 256 500 221 214 541 311 278 412 218 458 63 76 251 577 478 71 396 583 181 530 120 247 468 89
314 883 944 354 0 256 282 892 881 989 395 290 257 110 379 762 929 771 198 368 849 357 284 311 233 266 142 388 285 895 290 235 801 912 872 255 156 247 306 209 367 423 910 343 380 846 270 257 883 309 251 825 158 208 866 70 272 288 365 783 320 400 246 902 803 319 306 909 300 233 272 242 793 296
221 790 851 261 256 0 53 799 788 896 167 197 39 284 286 668 836 678 273 275 756 263 323 218 48 344 370 295 192 802 197 232 708 819 778 294 314 154 213 64 274 194 816 250 152 753 309 218 789 216 45 732 123 115 773 213 44 178 272 690 227 307 153 809 710 226 162 815 207 432 179 149 700 203
247 816 876 287 282 53 0 825 814 922 142 223 40 310 312 694 862 704 299 301 782 289 301 244 74 322 396 321 218 828 222 208 734 845 804 272 340 180 239 90 300 170 842 276 127 779 288 193 815 242 47 758 149 141 799 238 45 153 298 716 253 333 179 835 736 252 137 841 233 410 205 175 726 229
608 191 204 566 892 799 825 0 75 164 938 633 800 920 551 229 94 238 909 650 244 572 959 745 776 980 943 539 774 118 708 910 197 155 267 930 950 790 699 752 638 966 82 577 923 242 945 931 278 750 794 221 759 751 262 848 815 949 642 250 601 529 789 285 270 609 933 268 705 963 658 785 260 626
597 181 212 556 881 788 814 75 0 173 928 623 790 910 541 218 103 228 899 640 234 561 948 734 765 969 932 528 764 108 698 900 186 144 257 919 940 779 689 741 628 955 91 566 913 231 935 921 268 740 783 210 748 741 251 838 805 939 631 240 590 518 778 287 260 598 923 277 695 952 647 775 250 616
705 299 67 664 989 896 922 164 173 0 1035 731 898 1018 649 326 129 335 1006 747 203 669 1056 842 873 1077 1040 636 872 225 806 1007 242 262 170 1027 1047 887 796 849 736 1063 140 674 1020 192 1042 1029 165 847 891 216 856 848 189 946 913 1046 739 347 698 626 886 148 367 706 1030 132 802 1060 755 882 358 723
361 930 990 401 395 167 142 938 928 1035 0 336 154 424 425 808 976 817 381 415 895 403 308 357 188 328 454 434 331 942 336 214 848 958 918 279 422 293 352 204 414 51 956 389 94 893 294 199 929 356 160 872 262 255 912 352 140 160 411 829 366 446 292 949 850 366 144 955 346 417 319 289 840 343
56 625 685 96 290 197 223 633 623 731 336 0 198 318 120 503 671 513 307 185 590 98 357 252 174 378 404 129 226 637 106 308 543 653 613 328 348 188 123 150 184 364 651 85 321 588 343 329 624 250 192 567 157 149 608 247 213 347 182 524 62 141 187 644 545 61 331 650 117 466 57 183 535 38
223 792 852 263 257 39 40 800 790 898 154 198 0 286 287 670 838 680 275 277 757 265 313 219 50 334 372 296 194 804 198 220 710 820 780 284 316 155 214 66 276 181 818 252 139 755 299 205 791 218 33 734 124 117 775 214 31 165 273 691 228 308 155 811 712 228 149 817 208 422 181 151 702 205
343 912 972 383 110 284 310 920 910 1018 424 318 286 0 407 790 958 800 166 397 877 385 256 340 261 234 111 416 314 924 318 264 830 940 900 284 125 275 334 237 396 451 938 372 409 875 299 285 911 338 279 854 187 237 895 99 301 316 393 811 348 428 275 931 832 348 335 937 329 202 301 271 822 325
94 543 603 99 379 286 312 551 541 649 425 120 287 407 0 421 589 431 396 211 508 103 446 306 263 467 493 71 315 555 195 397 461 571 531 417 437 277 211 239 200 452 569 89 410 506 432 418 542 311 281 485 245 238 526 335 302 436 203 442 88 61 276 562 463 95 420 568 206 524 145 272 453 113
477 166 281 436 762 668 694 229 218 326 808 503 670 790 421 0 266 108 779 520 186 442 829 615 645 849 813 408 644 232 578 780 138 195 208 800 820 660 569 621 508 835 246 447 793 183 815 801 220 620 663 162 628 621 203 718 685 819 511 120 471 399 659 239 122 478 803 245 575 833 528 655 130 496
645 229 169 604 929 836 862 94 103 129 976 671 838 958 589 266 0 276 947 688 282 609 996 782 813 1017 980 576 812 156 746 948 234 192 272 967 988 827 737 789 676 1003 70 614 961 279 983 969 267 788 831 258 796 789 291 886 853 987 679 287 638 566 826 250 308 646 971 234 743 1000 695 823 298 664
487 155 290 446 771 678 704 238 228 335 817 513 680 800 431 108 276 0 788 529 195 451 838 624 655 859 822 418 654 227 588 789 148 184 218 809 829 669 578 631 518 845 256 456 802 193 824 811 229 629 673 171 638 630 212 728 695 828 521 129 480 408 668 249 112 488 812 255 584 842 537 664 121 505
332 901 961 372 198 273 299 909 899 1006 381 307 275 166 396 779 947 788 0 386 866 374 240 328 250 261 146 405 303 913 307 191 819 929 889 211 68 264 323 226 385 408 927 360 366 864 226 213 900 327 268 843 175 226 883 191 290 244 382 800 337 417 264 920 821 337 262 926 317 236 290 260 811 314
209 641 702 226 368 275 301 650 640 747 415 185 277 397 211 520 688 529 386 0 607 232 436 202 252 453 400 198 232 654 116 387 559 670 630 406 427 266 96 228 70 442 668 237 400 605 422 408 641 208 270 583 235 228 624 325 292 426 71 541 215 189 266 661 561 215 410 667 102 420 168 262 552 192
565 307 158 523 849 756 782 244 234 203 895 590 757 877 508 186 282 195 866 607 0 529 916 702 733 937 900 496 731 248 665 867 102 285 86 887 907 747 656 709 595 923 262 534 880 72 902 888 97 707 751 75 716 708 80 805 772 906 599 207 558 486 746 117 227 566 890 123 662 920 615 742 217 583
72 563 624 78 357 263 289 572 561 669 403 98 265 385 103 442 609 451 374 232 529 0 424 319 240 444 471 91 293 575 173 375 481 592 552 394 415 255 189 216 220 430 590 67 388 526 410 396 563 317 258 505 223 216 546 313 280 414 223 463 66 82 254 582 483 73 398 589 183 533 123 250 473 91
381 950 1011 421 284 323 301 959 948 1056 308 357 313 256 446 829 996 838 240 436 916 424 0 371 300 48 173 455 352 962 357 118 868 979 939 94 249 314 373 276 434 335 977 410 293 913 116 139 950 376 318 892 225 276 933 241 299 171 432 850 387 467 313 969 870 387 189 976 367 136 339 309 860 364
276 736 797 316 311 218 244 745 734 842 357 252 219 340 306 615 782 624 328 202 702 319 371 0 195 350 297 293 91 748 252 329 654 765 725 349 369 96 251 171 191 385 763 305 342 699 364 351 736 82 213 678 178 139 719 268 234 368 194 636 282 283 93 755 656 281 352 761 257 317 234 101 646 258
198 767 828 238 233 48 74 776 765 873 188 174 50 261 263 645 813 655 250 252 733 240 300 195 0 321 347 272 169 779 174 251 685 796 755 271 291 131 190 41 251 215 793 227 173 730 286 239 767 193 43 709 100 92 750 190 65 199 249 667 204 284 130 786 687 203 183 792 184 409 156 126 677 180
402 971 1031 442 266 344 322 980 969 1077 328 378 334 234 467 849 1017 859 261 453 937 444 48 350 321 0 151 476 373 983 378 139 889 1000 959 78 228 335 394 297 441 356 997 431 313 934 108 160 970 355 339 913 246 296 954 262 320 191 445 871 408 488 334 990 891 407 210 996 388 114 360 330 881 384
429 934 995 468 142 370 396 943 932 1040 454 404 372 111 493 813 980 822 146 400 900 471 173 297 347 151 0 491 327 946 404 264 852 963 923 203 104 361 420 323 389 481 961 457 439 897 233 286 934 303 365 876 272 323 917 185 387 317 392 834 434 481 360 953 854 434 335 960 414 119 387 357 844 411
104 530 590 86 388 295 321 539 528 636 434 129 296 416 71 408 576 418 405 198 496 91 455 293 272 476 491 0 323 542 204 406 448 559 518 426 446 286 221 248 187 462 556 96 419 493 441 427 529 298 290 472 255 247 513 345 311 445 190 430 97 48 285 549 450 105 429 555 215 511 154 281 440 122
250 766 826 290 285 192 218 774 764 872 331 226 194 314 315 644 812 654 303 232 731 293 352 91 169 373 327 323 0 778 226 303 684 794 754 323 343 70 242 145 220 359 792 279 316 729 338 325 765 89 187 708 152 113 749 242 209 342 223 665 256 313 67 785 686 256 326 791 236 347 208 75 676 233
611 102 265 570 895 802 828 118 108 225 942 637 804 924 555 232 156 227 913 654 248 575 962 748 779 983 946 542 778 0 712 914 200 66 271 933 954 793 703 755 642 969 136 580 927 245 949 935 282 754 797 224 762 755 265 852 819 953 645 217 604 532 792 301 196 612 937 308 709 966 661 789 205 630
131 700 760 171 290 197 222 708 698 806 336 106 198 318 195 578 746 588 307 116 665 173 357 252 174 378 404 204 226 712 0 308 618 728 688 328 348 188 53 150 115 363 726 160 321 663 343 329 699 250 192 642 156 149 683 246 213 347 112 599 137 216 187 719 620 136 331 725 47 466 89 183 610 113
332 902 962 372 235 232 208 910 900 1007 214 308 220 264 397 780 948 789 191 387 867 375 118 329 251 139 264 406 303 914 308 0 820 930 890 89 232 265 324 227 386 241 928 361 199 865 104 59 901 327 226 843 176 227 884 192 206 77 383 801 338 418 264 921 821 338 95 927 318 227 290 261 812 315
517 260 197 476 801 708 734 197 186 242 848 543 710 830 461 138 234 148 819 559 102 481 868 654 685 889 852 448 684 200 618 820 0 237 125 839 860 699 609 661 548 875 215 486 833 99 855 841 136 660 703 88 668 661 119 758 725 859 551 159 510 438 698 155 180 518 843 162 614 872 567 695 170 536
628 59 301 587 912 819 845 155 144 262 958 653 820 940 571 195 192 184 929 670 285 592 979 765 796 1000 963 559 794 66 728 930 237 0 307 950 970 810 719 772 659 986 173 597 943 282 965 951 318 770 814 261 779 771 302 868 835 969 662 174 621 549 809 338 153 629 953 344 725 983 678 805 162 646
587 330 125 546 872 778 804 267 257 170 918 613 780 900 531 208 272 218 889 630 86 552 939 725 755 959 923 518 754 271 688 890 125 307 0 910 930 770 679 731 618 945 282 557 903 75 925 911 71 730 773 98 738 731 83 828 795 929 621 230 581 509 769 83 250 588 913 89 685 943 638 765 240 606
352 921 982 392 255 294 272 930 919 1027 279 328 284 284 417 800 967 809 211 406 887 394 94 349 271 78 203 426 323 933 328 89 839 950 910 0 252 285 344 247 405 306 948 381 264 884 87 110 921 347 289 863 196 246 904 212 270 141 403 821 358 438 284 940 841 357 160 946 338 166 310 280 831 334
372 942 1002 412 156 314 340 950 940 1047 422 348 316 125 437 820 988 829 68 427 907 415 249 369 291 228 104 446 343 954 348 232 860 970 930 252 0 305 364 267 426 449 968 401 407 905 267 253 941 368 309 884 216 267 924 199 331 284 423 841 378 458 304 961 861 378 303 967 358 195 330 301 852 355
212 781 842 252 247 154 180 790 779 887 293 188 155 275 277 660 827 669 264 266 747 255 314 96 131 335 361 286 70 793 188 265 699 810 770 285 305 0 204 107 257 321 808 241 278 744 300 287 781 94 149 723 114 89 764 204 170 304 260 681 218 298 72 800 701 217 288 806 198 384 170 80 691 194
147 691 751 187 306 213 239 699 689 796 352 123 214 334 211 569 737 578 323 96 656 189 373 251 190 394 420 221 242 703 53 324 609 719 679 344 364 204 0 166 95 380 717 176 337 654 359 345 690 257 208 632 173 165 673 263 229 363 93 590 153 233 203 710 610 152 347 716 44 469 105 199 601 129
174 743 804 214 209 64 90 752 741 849 204 150 66 237 239 621 789 631 226 228 709 216 276 171 41 297 323 248 145 755 150 227 661 772 731 247 267 107 166 0 227 231 769 203 189 706 262 248 742 169 59 685 76 68 726 166 81 215 225 643 180 260 106 762 663 179 199 768 160 385 132 102 653 156
208 630 690 215 367 274 300 638 628 736 414 184 276 396 200 508 676 518 385 70 595 220 434 191 251 441 389 187 220 642 115 386 548 659 618 405 426 257 95 227 0 441 656 225 399 593 421 407 629 196 269 572 234 227 613 324 291 425 61 530 214 177 254 649 550 214 409 655 101 409 166 261 540 191
388 957 1017 428 423 194 170 966 955 1063 51 364 181 451 452 835 1003 845 408 442 923 430 335 385 215 356 481 462 359 969 363 241 875 986 945 306 449 321 380 231 441 0 983 417 67 920 321 227 956 383 188 899 290 282 940 379 168 187 439 857 394 474 320 976 877 393 171 982 374 444 346 316 867 370
625 209 179 584 910 816 842 82 91 140 956 651 818 938 569 246 70 256 927 668 262 590 977 763 793 997 961 556 792 136 726 928 215 173 282 948 968 808 717 769 656 983 0 595 941 260 963 949 278 768 811 239 776 769 279 866 833 967 659 268 619 547 807 260 288 626 951 244 723 981 676 803 278 644
59 568 629 65 343 250 276 577 566 674 389 85 252 372 89 447 614 456 360 237 534 67 410 305 227 431 457 96 279 580 160 361 486 597 557 381 401 241 176 203 225 417 595 0 374 531 396 383 568 303 245 510 210 202 551 300 267 400 228 468 52 87 240 587 488 60 384 594 170 519 109 236 478 77
346 915 975 385 380 152 127 923 913 1020 94 321 139 409 410 793 961 802 366 400 880 388 293 342 173 313 439 419 316 927 321 199 833 943 903 264 407 278 337 189 399 67 941 374 0 878 279 184 914 341 145 857 247 240 897 337 125 145 396 814 351 431 277 934 835 351 129 940 331 402 304 274 825 328
562 305 147 521 846 753 779 242 231 192 893 588 755 875 506 183 279 193 864 605 72 526 913 699 730 934 897 493 729 245 663 865 99 282 75 884 905 744 654 706 593 920 260 531 878 0 900 886 86 705 748 73 713 706 69 803 770 904 596 204 555 483 743 106 225 563 888 112 660 917 612 740 215 581
368 937 997 407 270 309 288 945 935 1042 294 343 299 299 432 815 983 824 226 422 902 410 116 364 286 108 233 441 338 949 343 104 855 965 925 87 267 300 359 262 421 321 963 396 279 900 0 126 936 363 304 879 211 262 919 227 286 157 418 836 373 453 299 956 857 373 175 962 353 196 326 296 847 350
354 923 983 394 257 218 193 931 921 1029 199 329 205 285 418 801 969 811 213 408 888 396 139 351 239 160 286 427 325 935 329 59 841 951 911 110 253 287 345 248 407 227 949 383 184 886 126 0 922 349 211 865 198 248 906 213 191 62 404 822 360 439 286 942 843 359 81 948 340 248 312 282 833 336
598 341 120 557 883 789 815 278 268 165 929 624 791 911 542 220 267 229 900 641 97 563 950 736 767 970 934 529 765 282 699 901 136 318 71 921 941 781 690 742 629 956 278 568 914 86 936 922 0 741 785 109 749 742 90 839 806 940 632 241 592 520 780 79 261 599 924 85 696 954 649 776 251 617
274 742 802 314 309 216 242 750 740 847 356 250 218 338 311 620 788 629 327 208 707 317 376 82 193 355 303 298 89 754 250 327 660 770 730 347 368 94 257 169 196 383 768 303 341 705 363 349 741 0 211 684 176 137 724 266 233 367 199 641 280 289 91 761 662 280 351 767 260 323 232 99 652 257
216 785 846 256 251 45 47 794 783 891 160 192 33 279 281 663 831 673 268 270 751 258 318 213 43 339 365 290 187 797 192 226 703 814 773 289 309 149 208 59 269 188 811 245 145 748 304 211 785 211 0 727 118 110 768 208 38 171 267 685 222 302 148 804 705 221 155 810 202 427 174 144 695 198
541 284 170 500 825 732 758 221 210 216 872 567 734 854 485 162 258 171 843 583 75 505 892 678 709 913 876 472 708 224 642 843 88 261 98 863 884 723 632 685 572 899 239 510 857 73 879 865 109 684 727 0 692 685 93 782 749 883 575 183 534 462 722 129 204 542 867 135 638 896 591 719 194 560
181 750 810 221 158 123 149 759 748 856 262 157 124 187 245 628 796 638 175 235 716 223 225 178 100 246 272 255 152 762 156 176 668 779 738 196 216 114 173 76 234 290 776 210 247 713 211 198 749 176 118 692 0 75 733 115 139 229 232 650 187 267 113 769 670 186 247 775 167 334 139 109 660 163
174 743 803 214 208 115 141 751 741 848 255 149 117 237 238 621 789 630 226 228 708 216 276 139 92 296 323 247 113 755 149 227 661 771 731 246 267 89 165 68 227 282 769 202 240 706 262 248 742 137 110 685 75 0 725 165 132 266 224 642 179 259 88 762 663 179 250 768 159 384 132 85 653 156
582 324 144 541 866 773 799 262 251 189 912 608 775 895 526 203 291 212 883 624 80 546 933 719 750 954 917 513 749 265 683 884 119 302 83 904 924 764 673 726 613 940 279 551 897 69 919 906 90 724 768 93 733 725 0 823 790 923 616 224 575 503 763 103 244 583 907 109 679 937 632 759 235 600
271 840 900 311 70 213 238 848 838 946 352 247 214 99 335 718 886 728 191 325 805 313 241 268 190 262 185 345 242 852 246 192 758 868 828 212 199 204 263 166 324 379 866 300 337 803 227 213 839 266 208 782 115 165 823 0 229 244 321 740 277 357 203 859 760 276 263 865 257 275 229 199 750 253
238 807 867 278 272 44 45 815 805 913 140 213 31 301 302 685 853 695 290 292 772 280 299 234 65 320 387 311 209 819 213 206 725 835 795 270 331 170 229 81 291 168 833 267 125 770 286 191 806 233 38 749 139 132 790 229 0 151 288 706 243 323 170 826 727 243 135 832 223 408 196 166 717 220
372 941 1001 412 288 178 153 949 939 1046 160 347 165 316 436 819 987 828 244 426 906 414 171 368 199 191 317 445 342 953 347 77 859 969 929 141 284 304 363 215 425 187 967 400 145 904 157 62 940 367 171 883 229 266 923 244 151 0 422 840 377 457 304 960 861 377 41 966 357 279 330 300 851 354
206 633 693 218 365 272 298 642 631 739 411 182 273 393 203 511 679 521 382 71 599 223 432 194 249 445 392 190 223 645 112 383 551 662 621 403 423 260 93 225 61 439 659 228 396 596 418 404 632 199 267 575 232 224 616 321 288 422 0 533 212 180 257 652 553 211 406 658 99 412 164 258 543 188
499 145 302 458 783 690 716 250 240 347 829 524 691 811 442 120 287 129 800 541 207 463 850 636 667 871 834 430 665 217 599 801 159 174 230 821 841 681 590 643 530 857 268 468 814 204 836 822 241 641 685 183 650 642 224 740 706 840 533 0 492 420 680 261 101 500 824 267 596 854 549 676 111 517
36 592 653 63 320 227 253 601 590 698 366 62 228 348 88 471 638 480 337 215 558 66 387 282 204 408 434 97 256 604 137 338 510 621 581 358 378 218 153 180 214 394 619 52 351 555 373 360 592 280 222 534 187 179 575 277 243 377 212 492 0 109 217 611 512 37 361 618 147 496 86 213 502 54
116 520 581 76 400 307 333 529 518 626 446 141 308 428 61 399 566 408 417 189 486 82 467 283 284 488 481 48 313 532 216 418 438 549 509 438 458 298 233 260 177 474 547 87 431 483 453 439 520 289 302 462 267 259 503 357 323 457 180 420 109 0 297 539 440 117 441 546 227 501 166 293 430 134
211 780 841 251 246 153 179 789 778 886 292 187 155 275 276 659 826 668 264 266 746 254 313 93 130 334 360 285 67 792 187 264 698 809 769 284 304 72 203 106 254 320 807 240 277 743 299 286 780 91 148 722 113 88 763 203 170 304 257 680 217 297 0 799 700 217 287 806 197 381 169 77 690 194
618 361 103 577 902 809 835 285 287 148 949 644 811 931 562 239 250 249 920 661 117 582 969 755 786 990 953 549 785 301 719 921 155 338 83 940 961 800 710 762 649 976 260 587 934 106 956 942 79 761 804 129 769 762 103 859 826 960 652 261 611 539 799 0 281 619 944 98 716 973 668 796 271 637
519 124 322 478 803 710 736 270 260 367 850 545 712 832 463 122 308 112 821 561 227 483 870 656 687 891 854 450 686 196 620 821 180 153 250 841 861 701 610 663 550 877 288 488 835 225 857 843 261 662 705 204 670 663 244 760 727 861 553 101 512 440 700 281 0 520 845 287 616 874 569 697 90 538
35 600 660 71 319 226 252 609 598 706 366 61 228 348 95 478 646 488 337 215 566 73 387 281 203 407 434 105 256 612 136 338 518 629 588 357 378 217 152 179 214 393 626 60 351 563 373 359 599 280 221 542 186 179 583 276 243 377 211 500 37 117 217 619 520 0 361 625 146 495 85 213 510 54
356 925 985 396 306 162 137 933 923 1030 144 331 149 335 420 803 971 812 262 410 890 398 189 352 183 210 335 429 326 937 331 95 843 953 913 160 303 288 347 199 409 171 951 384 129 888 175 81 924 351 155 867 247 250 907 263 135 41 406 824 361 441 287 944 845 361 0 950 341 298 314 284 835 338
624 367 87 583 909 815 841 268 277 132 955 650 817 937 568 245 234 255 926 667 123 589 976 761 792 996 960 555 791 308 725 927 162 344 89 946 967 806 716 768 655 982 244 594 940 112 962 948 85 767 810 135 775 768 109 865 832 966 658 267 618 546 806 98 287 625 950 0 722 980 674 802 277 643
141 696 757 181 300 207 233 705 695 802 346 117 208 329 206 575 743 584 317 102 662 183 367 257 184 388 414 215 236 709 47 318 614 725 685 338 358 198 44 160 101 374 723 170 331 660 353 340 696 260 202 638 167 159 679 257 223 357 99 596 147 227 197 716 616 146 341 722 0 475 99 193 607 123
490 954 1015 530 233 432 410 963 952 1060 417 466 422 202 524 833 1000 842 236 420 920 533 136 317 409 114 119 511 347 966 466 227 872 983 943 166 195 384 469 385 409 444 981 519 402 917 196 248 954 323 427 896 334 384 937 275 408 279 412 854 496 501 381 973 874 495 298 980 475 0 448 388 864 472
80 649 710 120 272 179 205 658 647 755 319 57 181 301 145 528 695 537 290 168 615 123 339 234 156 360 387 154 208 661 89 290 567 678 638 310 330 170 105 132 166 346 676 109 304 612 326 312 649 232 174 591 139 132 632 229 196 330 164 549 86 166 169 668 569 85 314 674 99 448 0 166 559 62
208 777 837 247 242 149 175 785 775 882 289 183 151 271 272 655 823 664 260 262 742 250 309 101 126 330 357 281 75 789 183 261 695 805 765 280 301 80 199 102 261 316 803 236 274 740 296 282 776 99 144 719 109 85 759 199 166 300 258 676 213 293 77 796 697 213 284 802 193 388 166 0 687 190
509 134 312 468 793 700 726 260 250 358 840 535 702 822 453 130 298 121 811 552 217 473 860 646 677 881 844 440 676 205 610 812 170 162 240 831 852 691 601 653 540 867 278 478 825 215 847 833 251 652 695 194 660 653 235 750 717 851 543 111 502 430 690 271 90 510 835 277 607 864 559 687 0 528
51 618 678 89 296 203 229 626 616 723 343 38 205 325 113 496 664 505 314 192 583 91 364 258 180 384 411 122 233 630 113 315 536 646 606 334 355 194 129 156 191 370 644 77 328 581 350 336 617 257 198 560 163 156 600 253 220 354 188 517 54 134 194 637 538 54 338 643 123 472 62 190 528 0
EOF