NAME : tsp_problem
TYPE : TSP
DIMENSION : 22
EDGE_WEIGHT_TYPE : EXPLICIT
EDGE_WEIGHT_FORMAT : FULL_MATRIX
EDGE_WEIGHT_SECTION
0 143 291 250 736 176 175 256 818 494 730 87 191 114 761 158 141 110 234 243 741 119
143 0 368 336 796 91 261 343 878 384 789 89 259 236 821 88 260 196 320 329 800 240
291 368 0 417 1006 332 409 279 1088 260 999 321 461 384 1031 354 411 344 84 283 1010 388
250 336 417 0 965 369 107 259 1046 534 958 280 420 342 990 351 369 167 360 165 969 347
736 796 1006 965 0 759 890 971 250 1030 160 801 707 736 191 781 708 824 949 957 171 731
176 91 332 369 759 0 294 375 841 347 753 121 222 251 784 76 223 229 353 362 764 246
175 261 409 107 890 294 0 252 972 527 883 205 345 267 915 276 295 92 352 158 894 272
256 343 279 259 971 375 252 0 1053 348 964 286 426 349 996 358 376 309 240 126 975 353
818 878 1088 1046 250 841 972 1053 0 1112 148 883 789 818 117 863 790 906 1030 1039 130 813
494 384 260 534 1030 347 527 348 1112 0 1024 440 493 522 1055 369 494 547 318 401 1035 517
730 789 999 958 160 753 883 964 148 1024 0 795 701 730 89 774 701 818 942 951 68 724
87 89 321 280 801 121 205 286 883 440 795 0 257 179 827 104 206 140 264 272 806 184
191 259 461 420 707 222 345 426 789 493 701 257 0 112 732 244 84 280 404 412 712 107
114 236 384 342 736 251 267 349 818 522 730 179 112 0 762 251 62 202 326 335 741 39
761 821 1031 990 191 784 915 996 117 1055 89 827 732 762 0 806 733 850 974 982 87 756
158 88 354 351 781 76 276 358 863 369 774 104 244 251 806 0 245 211 335 344 785 255
141 260 411 369 708 223 295 376 790 494 701 206 84 62 733 245 0 229 353 362 713 56
110 196 344 167 824 229 92 309 906 547 818 140 280 202 850 211 229 0 287 218 829 207
234 320 84 360 949 353 352 240 1030 318 942 264 404 326 974 335 353 287 0 226 953 331
243 329 283 165 957 362 158 126 1039 401 951 272 412 335 982 344 362 218 226 0 962 340
741 800 1010 969 171 764 894 975 130 1035 68 806 712 741 87 785 713 829 953 962 0 735
119 240 388 347 731 246 272 353 813 517 724 184 107 39 756 255 56 207 331 340 735 0
EOF