NAME : tsp_problem
TYPE : TSP
DIMENSION : 82
EDGE_WEIGHT_TYPE : EXPLICIT
EDGE_WEIGHT_FORMAT : FULL_MATRIX
EDGE_WEIGHT_SECTION
0 352 119 195 804 106 802 824 271 382 264 109 279 812 719 301 194 183 814 267 113 269 189 283 350 184 222 729 290 271 280 192 103 307 737 260 166 77 205 710 291 263 254 667 261 279 275 485 330 169 199 94 316 306 324 823 858 149 192 676 220 63 755 85 200 190 655 130 197 283 214 270 109 112 725 898 818 298 644 767 719 258
352 0 309 412 991 322 990 1012 212 85 242 325 475 999 906 205 327 400 1002 484 329 238 405 184 135 269 438 917 190 250 100 408 319 200 925 246 342 356 228 898 215 119 470 481 419 227 491 299 53 385 416 343 378 333 54 1010 1046 366 408 864 437 365 943 318 184 406 843 346 311 222 431 465 268 316 913 1086 1006 219 831 955 906 422
119 309 0 282 745 54 744 766 357 293 350 195 229 754 660 356 280 270 756 285 199 355 245 370 286 271 211 671 376 358 367 230 189 350 679 346 252 111 292 652 365 350 298 578 173 365 280 396 332 255 234 128 403 393 338 765 800 236 278 618 307 97 697 157 286 276 597 216 283 370 209 220 196 48 667 840 760 385 585 709 660 176
195 412 282 0 639 269 637 660 330 471 323 168 215 647 554 360 253 43 649 103 103 328 124 343 409 244 157 564 349 331 340 127 162 366 573 319 225 199 265 545 350 323 89 830 196 338 110 648 390 104 135 186 376 366 384 658 693 209 40 512 55 226 590 161 259 38 490 189 256 343 150 205 169 275 560 734 654 358 479 603 554 193
804 991 745 639 0 758 322 318 939 975 932 776 713 37 239 969 862 652 162 566 712 936 729 951 967 852 695 155 958 939 948 714 771 974 258 928 834 807 873 231 959 931 579 1260 657 947 562 1078 998 713 718 794 984 974 992 171 206 817 648 201 614 801 276 770 868 645 222 797 865 951 693 704 777 752 245 246 166 966 233 288 133 660
106 322 54 269 758 0 757 779 345 306 338 183 242 766 673 368 268 257 769 298 187 343 258 357 298 258 223 684 364 345 354 243 177 363 692 334 240 99 280 665 365 337 310 591 186 353 293 408 345 243 246 116 390 380 351 777 813 223 266 631 294 85 710 144 274 264 610 204 271 357 222 232 183 61 679 853 773 372 598 722 673 189
802 990 744 637 322 757 0 74 937 973 930 775 711 331 135 967 860 650 243 565 710 935 727 949 966 851 693 319 956 937 946 712 769 973 141 926 832 806 872 149 957 929 578 1258 655 945 560 1076 996 711 716 792 982 972 990 234 196 815 646 267 612 799 98 768 866 643 245 796 863 950 692 702 775 750 130 153 239 964 234 94 309 658
824 1012 766 660 318 779 74 0 959 995 952 797 734 326 158 989 882 673 217 587 733 957 750 972 988 873 715 342 978 960 969 735 792 995 163 948 854 828 894 172 979 952 600 1281 678 968 582 1098 1019 733 738 815 1005 995 1013 207 170 838 669 289 635 822 121 790 889 665 268 818 886 972 714 724 798 772 152 127 212 987 256 116 331 681
271 212 357 330 939 345 937 959 0 195 162 244 415 947 854 125 329 318 949 403 248 157 324 287 104 113 357 864 293 353 284 327 238 120 873 166 301 275 209 845 134 266 389 534 396 147 410 352 234 304 334 261 451 436 240 958 993 284 327 811 355 302 890 237 203 325 790 265 332 142 350 405 187 351 860 1033 954 322 779 903 854 393
382 85 293 471 975 306 973 995 195 0 226 385 458 983 890 188 386 459 985 514 389 221 465 243 118 283 440 900 250 310 160 459 379 183 909 230 402 374 286 881 198 178 527 464 402 211 509 282 108 445 463 391 437 392 114 994 1029 425 468 847 496 348 926 378 243 466 826 406 370 206 439 449 327 299 896 1069 990 279 815 939 890 405
264 242 350 323 932 338 930 952 162 226 0 237 407 940 847 64 322 311 942 396 241 58 317 218 135 181 350 857 224 284 215 320 231 70 865 49 294 268 87 838 56 198 382 565 389 68 403 382 265 297 327 254 412 367 259 951 986 277 320 804 348 295 883 230 135 318 783 258 325 63 343 398 180 344 853 1026 947 254 772 896 847 386
109 325 195 168 776 183 775 797 244 385 237 0 252 785 691 273 103 156 787 240 86 241 162 240 323 157 195 702 233 180 253 165 35 279 710 233 75 112 178 683 264 236 226 743 234 252 247 561 303 142 172 99 225 215 297 795 831 58 165 649 193 140 728 75 173 163 628 39 106 256 187 243 82 188 698 871 791 207 616 740 691 231
279 475 229 215 713 242 711 734 415 458 407 252 0 721 628 444 338 203 723 252 188 412 126 427 451 328 91 638 433 415 424 111 247 450 647 403 310 283 349 620 434 407 265 743 91 423 247 561 474 143 114 270 460 450 468 732 767 293 211 586 240 284 664 245 344 209 564 273 341 427 90 100 253 235 634 808 728 442 553 677 628 88
812 999 754 647 37 766 331 326 947 983 940 785 721 0 247 977 870 660 170 575 720 945 737 959 976 860 703 147 966 947 956 722 779 983 266 936 842 815 881 239 967 939 587 1268 665 955 570 1086 1006 721 726 802 992 982 1000 179 214 825 656 193 622 809 284 778 876 653 214 806 873 959 701 712 785 760 254 254 174 974 224 296 124 668
719 906 660 554 239 673 135 158 854 890 847 691 628 247 0 884 777 567 250 481 627 851 644 866 882 767 610 236 873 854 863 629 686 889 76 843 749 722 788 84 874 846 494 1175 572 862 477 993 913 628 632 709 899 889 907 258 280 732 563 183 529 716 88 685 783 560 162 712 780 866 608 619 692 667 64 237 254 881 151 101 226 575
301 205 356 360 969 368 967 989 125 188 64 273 444 977 884 0 359 348 979 432 278 59 354 255 97 213 387 894 261 321 252 357 268 38 902 68 331 304 124 875 36 235 419 527 426 49 440 345 228 334 364 291 449 404 233 988 1023 314 357 841 385 332 920 267 171 355 820 295 362 44 379 435 216 362 890 1063 983 290 808 932 884 423
194 327 280 253 862 268 860 882 329 386 322 103 338 870 777 359 0 241 872 326 171 327 247 166 408 243 280 787 160 107 255 250 114 365 796 318 45 198 264 768 349 238 312 782 319 337 333 600 305 227 257 184 152 142 299 881 916 72 250 734 278 225 813 160 258 248 713 82 33 342 273 328 167 274 783 956 877 134 702 826 777 316
183 400 270 43 652 257 650 673 318 459 311 156 203 660 567 348 241 0 662 116 92 316 112 331 397 232 145 577 337 319 328 115 150 354 586 307 213 187 253 558 338 311 102 818 184 327 123 636 378 92 123 174 364 354 372 671 706 197 40 524 68 214 603 149 248 38 503 177 244 331 138 193 157 263 573 746 667 346 492 616 567 182
814 1002 756 649 162 769 243 217 949 985 942 787 723 170 250 979 872 662 0 577 722 947 740 962 978 863 705 289 968 950 959 725 781 985 268 938 844 818 884 241 969 941 590 1270 667 957 572 1088 1008 723 728 804 994 985 1002 74 105 827 658 279 624 811 286 780 878 655 258 808 875 962 704 714 787 762 256 145 69 976 246 286 266 670
267 484 285 103 566 298 565 587 403 514 396 240 252 575 481 432 326 116 577 0 176 400 196 415 481 316 229 492 421 403 412 199 235 438 500 391 298 271 337 473 422 395 90 799 196 411 72 617 462 176 207 258 448 438 456 586 621 281 112 439 78 299 518 233 332 108 418 261 329 415 222 243 241 291 488 661 581 430 406 530 482 199
113 329 199 103 712 187 710 733 248 389 241 86 188 720 627 278 171 92 722 176 0 246 97 261 327 162 130 637 267 249 257 100 80 284 646 237 143 117 183 618 268 240 162 748 169 256 183 565 307 77 107 103 293 284 301 731 766 126 100 584 128 144 663 79 177 98 563 107 174 261 123 178 86 193 633 806 727 275 552 676 627 166
269 238 355 328 936 343 935 957 157 221 58 241 412 945 851 59 327 316 947 400 246 0 322 223 130 185 355 862 229 289 220 325 236 65 870 54 299 272 92 843 51 203 386 560 394 63 407 378 260 302 332 259 417 372 264 956 991 282 325 809 353 300 888 235 139 323 788 262 330 59 347 403 184 348 858 1031 951 258 776 900 851 391
189 405 245 124 729 258 727 750 324 465 317 162 126 737 644 354 247 112 740 196 97 322 0 336 403 237 68 655 343 324 333 38 156 360 663 313 219 192 258 636 344 316 182 759 107 332 203 577 383 52 45 179 369 359 377 748 783 202 121 602 149 220 681 155 253 119 581 183 250 336 61 116 162 251 650 824 744 351 569 693 644 104
283 184 370 343 951 357 949 972 287 243 218 240 427 959 866 255 166 331 962 415 261 223 336 0 293 200 369 877 34 90 112 339 251 261 885 214 182 287 160 858 245 95 401 639 408 233 422 457 162 316 347 274 218 173 156 970 1006 208 339 824 368 314 903 249 115 337 803 218 151 237 362 418 199 363 872 1046 966 59 791 915 866 406
350 135 286 409 967 298 966 988 104 118 135 323 451 976 882 97 408 397 978 481 327 130 403 293 0 192 433 893 299 360 209 406 317 92 901 139 380 354 195 874 107 228 468 457 395 119 489 275 158 383 413 340 487 442 163 987 1022 363 406 840 434 341 919 316 242 404 819 344 411 115 429 442 265 292 889 1062 982 329 807 931 882 398
184 269 271 244 852 258 851 873 113 283 181 157 328 860 767 213 243 232 863 316 162 185 237 200 192 0 270 778 206 267 197 240 152 208 786 177 215 188 122 759 208 180 302 622 309 196 323 440 247 217 248 175 365 349 241 871 907 198 240 725 269 216 804 151 117 239 704 178 246 200 263 319 100 264 774 947 867 236 692 816 767 307
222 438 211 157 695 223 693 715 357 440 350 195 91 703 610 387 280 145 705 229 130 355 68 369 433 270 0 620 376 357 366 53 189 393 628 346 252 225 291 601 377 349 215 725 72 365 229 543 416 85 56 212 402 392 410 714 749 235 154 567 182 253 646 188 286 152 546 216 283 369 34 82 195 217 616 789 710 384 535 658 610 70
729 917 671 564 155 684 319 342 864 900 857 702 638 147 236 894 787 577 289 492 637 862 655 877 893 778 620 0 883 865 874 640 696 900 255 853 759 733 799 228 884 857 505 1185 582 872 487 1003 923 638 643 719 909 900 917 297 333 743 573 98 539 726 273 695 793 570 118 723 790 877 619 629 702 677 242 373 293 891 129 285 41 585
290 190 376 349 958 364 956 978 293 250 224 233 433 966 873 261 160 337 968 421 267 229 343 34 299 206 376 883 0 83 118 346 244 267 891 220 176 293 166 864 251 101 408 646 415 239 429 463 168 323 353 280 211 166 162 977 1012 202 346 830 374 321 909 256 121 344 809 212 144 244 368 424 205 369 879 1052 972 53 797 921 873 412
271 250 358 331 939 345 937 960 353 310 284 180 415 947 854 321 107 319 950 403 249 289 324 90 360 267 357 865 83 0 178 327 192 327 873 280 123 275 226 846 311 161 389 706 396 299 410 523 228 304 335 262 158 113 222 958 994 149 327 812 356 302 891 237 181 325 791 159 91 304 350 406 245 351 860 1034 954 58 779 903 854 394
280 100 367 340 948 354 946 969 284 160 215 253 424 956 863 252 255 328 959 412 257 220 333 112 209 197 366 874 118 178 0 336 248 258 882 211 270 284 157 855 242 55 398 556 405 230 419 373 78 313 344 271 306 261 79 967 1003 294 336 821 365 311 900 246 112 334 800 274 239 234 359 415 196 360 869 1043 963 147 788 912 863 403
192 408 230 127 714 243 712 735 327 459 320 165 111 722 629 357 250 115 725 199 100 325 38 339 406 240 53 640 346 327 336 0 159 363 648 316 222 195 262 621 347 319 185 745 92 335 206 562 386 55 42 182 372 362 380 733 769 205 124 587 152 223 666 158 256 122 566 186 253 339 46 101 165 237 635 809 729 354 554 678 629 89
103 319 189 162 771 177 769 792 238 379 231 35 247 779 686 268 114 150 781 235 80 236 156 251 317 152 189 696 244 192 248 159 0 274 705 227 86 107 173 677 258 230 221 738 228 246 242 555 297 136 166 93 236 227 291 790 825 70 159 643 187 134 722 69 167 157 622 50 117 251 182 237 76 183 692 865 786 218 611 735 686 225
307 200 350 366 974 363 973 995 120 183 70 279 450 983 889 38 365 354 985 438 284 65 360 261 92 208 393 900 267 327 258 363 274 0 908 74 337 310 130 881 42 241 424 522 432 55 445 340 222 340 370 297 455 410 228 994 1029 320 363 847 391 338 926 273 177 361 826 300 368 50 385 441 222 357 896 1069 989 296 814 938 889 429
737 925 679 573 258 692 141 163 873 909 865 710 647 266 76 902 796 586 268 500 646 870 663 885 901 786 628 255 891 873 882 648 705 908 0 861 768 741 807 90 892 865 513 1194 591 881 495 1011 932 646 651 728 918 908 926 277 286 751 582 202 548 735 94 703 802 578 181 731 799 885 627 637 711 686 70 243 273 900 169 106 245 594
260 246 346 319 928 334 926 948 166 230 49 233 403 936 843 68 318 307 938 391 237 54 313 214 139 177 346 853 220 280 211 316 227 74 861 0 290 264 83 834 60 194 378 569 385 65 399 386 261 293 323 250 408 363 255 947 982 273 316 800 344 291 879 226 131 314 779 254 321 67 339 394 175 340 849 1022 943 249 768 892 843 382
166 342 252 225 834 240 832 854 301 402 294 75 310 842 749 331 45 213 844 298 143 299 219 182 380 215 252 759 176 123 270 222 86 337 768 290 0 170 236 740 321 253 284 798 291 309 305 615 320 199 229 156 168 158 314 853 888 44 222 706 250 197 785 132 230 220 685 54 48 314 245 300 139 246 755 928 849 150 674 798 749 288
77 356 111 199 807 99 806 828 275 374 268 112 283 815 722 304 198 187 818 271 117 272 192 287 354 188 225 733 293 275 284 195 107 310 741 264 170 0 209 714 295 267 257 659 254 283 278 477 334 173 203 87 320 310 328 826 862 153 195 680 224 56 759 88 204 194 659 133 201 287 218 274 113 104 729 902 822 302 647 771 722 257
205 228 292 265 873 280 872 894 209 286 87 178 349 881 788 124 264 253 884 337 183 92 258 160 195 122 291 799 166 226 157 262 173 130 807 83 236 209 0 780 114 139 323 624 331 102 344 442 206 239 269 196 354 309 200 892 928 219 261 746 290 237 825 172 76 260 725 199 267 107 284 340 121 285 795 968 888 195 713 837 788 328
710 898 652 545 231 665 149 172 845 881 838 683 620 239 84 875 768 558 241 473 618 843 636 858 874 759 601 228 864 846 855 621 677 881 90 834 740 714 780 0 865 838 486 1166 563 853 468 984 905 619 624 701 891 881 899 250 285 724 554 175 521 707 103 676 774 551 154 704 771 858 600 610 684 658 79 251 246 873 142 115 217 567
291 215 365 350 959 365 957 979 134 198 56 264 434 967 874 36 349 338 969 422 268 51 344 245 107 208 377 884 251 311 242 347 258 42 892 60 321 295 114 865 0 225 409 537 416 40 430 355 237 324 354 281 439 394 243 978 1013 304 347 831 375 322 910 257 162 345 810 285 352 35 369 425 206 370 880 1053 974 280 799 922 874 413
263 119 350 323 931 337 929 952 266 178 198 236 407 939 846 235 238 311 941 395 240 203 316 95 228 180 349 857 101 161 55 319 230 241 865 194 253 267 139 838 225 0 381 574 388 213 402 392 97 296 327 254 289 244 97 950 985 277 319 804 348 294 883 229 95 317 782 257 222 217 342 397 179 343 852 1026 946 130 771 895 846 386
254 470 298 89 579 310 578 600 389 527 382 226 265 587 494 419 312 102 590 90 162 386 182 401 468 302 215 505 408 389 398 185 221 424 513 378 284 257 323 486 409 381 0 812 209 397 85 630 448 163 193 244 434 424 442 598 634 267 98 452 64 285 531 220 318 95 431 247 315 401 208 256 227 304 501 674 594 416 419 543 494 212
667 481 578 830 1260 591 1258 1281 534 464 565 743 743 1268 1175 527 782 818 1270 799 748 560 759 639 457 622 725 1185 646 706 556 745 738 522 1194 569 798 659 624 1166 537 574 812 0 687 549 794 211 504 777 748 677 833 788 509 1279 1314 784 826 1132 847 633 1211 705 639 825 1111 764 766 544 724 734 695 584 1181 1354 1275 675 1100 1224 1175 690
261 419 173 196 657 186 655 678 396 402 389 234 91 665 572 426 319 184 667 196 169 394 107 408 395 309 72 582 415 396 405 92 228 432 591 385 291 254 331 563 416 388 209 687 0 404 191 505 441 124 95 251 441 431 447 676 711 274 193 530 221 228 608 227 325 191 508 255 322 408 71 81 234 179 578 752 672 423 497 621 572 61
279 227 365 338 947 353 945 968 147 211 68 252 423 955 862 49 337 327 957 411 256 63 332 233 119 196 365 872 239 299 230 335 246 55 881 65 309 283 102 853 40 213 397 549 404 0 418 367 250 312 342 269 427 382 256 966 1001 292 335 819 363 310 898 245 150 333 798 273 340 48 358 413 195 359 868 1041 962 269 787 911 862 401
275 491 280 110 562 293 560 582 410 509 403 247 247 570 477 440 333 123 572 72 183 407 203 422 489 323 229 487 429 410 419 206 242 445 495 399 305 278 344 468 430 402 85 794 191 418 0 612 469 184 214 265 455 445 463 581 616 288 119 434 85 306 513 241 339 116 413 268 336 422 228 238 248 286 483 656 576 437 402 525 477 194
485 299 396 648 1078 408 1076 1098 352 282 382 561 561 1086 993 345 600 636 1088 617 565 378 577 457 275 440 543 1003 463 523 373 562 555 340 1011 386 615 477 442 984 355 392 630 211 505 367 612 0 321 595 566 494 651 606 327 1097 1132 602 644 950 664 451 1029 523 457 642 929 582 584 362 541 552 513 402 999 1172 1092 492 917 1041 993 508
330 53 332 390 998 345 996 1019 234 108 265 303 474 1006 913 228 305 378 1008 462 307 260 383 162 158 247 416 923 168 228 78 386 297 222 932 261 320 334 206 905 237 97 448 504 441 250 469 321 0 363 394 321 356 311 32 1017 1052 344 386 871 415 361 950 296 162 384 849 324 289 245 409 464 246 338 919 1093 1013 197 838 962 913 445
169 385 255 104 713 243 711 733 304 445 297 142 143 721 628 334 227 92 723 176 77 302 52 316 383 217 85 638 323 304 313 55 136 340 646 293 199 173 239 619 324 296 163 777 124 312 184 595 363 0 63 159 349 339 357 732 767 182 101 585 129 200 664 135 233 99 564 163 230 316 78 134 142 249 634 807 727 331 552 676 628 122
199 416 234 135 718 246 716 738 334 463 327 172 114 726 632 364 257 123 728 207 107 332 45 347 413 248 56 643 353 335 344 42 166 370 651 323 229 203 269 624 354 327 193 748 95 342 214 566 394 63 0 190 380 370 388 737 772 213 131 590 160 230 669 165 264 129 569 193 260 347 49 105 173 240 639 812 732 362 557 681 633 93
94 343 128 186 794 116 792 815 261 391 254 99 270 802 709 291 184 174 804 258 103 259 179 274 340 175 212 719 280 262 271 182 93 297 728 250 156 87 196 701 281 254 244 677 251 269 265 494 321 159 190 0 307 297 315 813 848 140 182 667 211 73 745 75 190 180 645 120 187 274 205 260 100 121 715 889 809 289 634 758 709 249
316 378 403 376 984 390 982 1005 451 437 412 225 460 992 899 449 152 364 994 448 293 417 369 218 487 365 402 909 211 158 306 372 236 455 918 408 168 320 354 891 439 289 434 833 441 427 455 651 356 349 380 307 0 70 350 1003 1038 194 372 857 401 347 935 282 309 370 835 204 136 432 395 450 290 396 905 1079 999 185 824 948 899 439
306 333 393 366 974 380 972 995 436 392 367 215 450 982 889 404 142 354 985 438 284 372 359 173 442 349 392 900 166 113 261 362 227 410 908 363 158 310 309 881 394 244 424 788 431 382 445 606 311 339 370 297 70 0 305 993 1029 184 362 847 391 337 926 272 264 360 826 194 126 387 385 441 280 386 895 1069 989 140 814 938 889 429
324 54 338 384 992 351 990 1013 240 114 259 297 468 1000 907 233 299 372 1002 456 301 264 377 156 163 241 410 917 162 222 79 380 291 228 926 255 314 328 200 899 243 97 442 509 447 256 463 327 32 357 388 315 350 305 0 1011 1046 338 380 865 409 355 944 290 156 378 843 318 283 251 403 458 240 344 913 1087 1007 191 832 956 907 447
823 1010 765 658 171 777 234 207 958 994 951 795 732 179 258 988 881 671 74 586 731 956 748 970 987 871 714 297 977 958 967 733 790 994 277 947 853 826 892 250 978 950 598 1279 676 966 581 1097 1017 732 737 813 1003 993 1011 0 95 836 667 287 633 820 281 789 887 664 266 817 884 970 712 723 796 771 265 135 78 985 255 276 275 679
858 1046 800 693 206 813 196 170 993 1029 986 831 767 214 280 1023 916 706 105 621 766 991 783 1006 1022 907 749 333 1012 994 1003 769 825 1029 286 982 888 862 928 285 1013 985 634 1314 711 1001 616 1132 1052 767 772 848 1038 1029 1046 95 0 871 702 323 668 855 243 824 922 699 301 852 919 1006 748 758 831 806 275 98 100 1020 290 239 310 714
149 366 236 209 817 223 815 838 284 425 277 58 293 825 732 314 72 197 827 281 126 282 202 208 363 198 235 743 202 149 294 205 70 320 751 273 44 153 219 724 304 277 267 784 274 292 288 602 344 182 213 140 194 184 338 836 871 0 205 690 234 180 769 115 213 203 668 37 75 297 228 284 123 229 738 912 832 176 657 781 732 272
192 408 278 40 648 266 646 669 327 468 320 165 211 656 563 357 250 40 658 112 100 325 121 339 406 240 154 573 346 327 336 124 159 363 582 316 222 195 261 554 347 319 98 826 193 335 119 644 386 101 131 182 372 362 380 667 702 205 0 521 64 223 599 158 256 35 499 186 253 339 146 202 165 271 569 743 663 354 488 612 563 190
676 864 618 512 201 631 267 289 811 847 804 649 586 193 183 841 734 524 279 439 584 809 602 824 840 725 567 98 830 812 821 587 643 847 202 800 706 680 746 175 831 804 452 1132 530 819 434 950 871 585 590 667 857 847 865 287 323 690 521 0 487 673 220 642 741 517 120 670 737 824 566 576 650 624 190 363 283 839 108 232 87 533
220 437 307 55 614 294 612 635 355 496 348 193 240 622 529 385 278 68 624 78 128 353 149 368 434 269 182 539 374 356 365 152 187 391 548 344 250 224 290 521 375 348 64 847 221 363 85 664 415 129 160 211 401 391 409 633 668 234 64 487 0 251 566 186 284 61 465 214 281 368 175 230 194 300 535 709 629 383 454 578 529 218
63 365 97 226 801 85 799 822 302 348 295 140 284 809 716 332 225 214 811 299 144 300 220 314 341 216 253 726 321 302 311 223 134 338 735 291 197 56 237 707 322 294 285 633 228 310 306 451 361 200 230 73 347 337 355 820 855 180 223 673 251 0 752 101 231 221 652 161 228 315 246 275 140 90 722 895 816 329 641 765 716 231
755 943 697 590 276 710 98 121 890 926 883 728 664 284 88 920 813 603 286 518 663 888 681 903 919 804 646 273 909 891 900 666 722 926 94 879 785 759 825 103 910 883 531 1211 608 898 513 1029 950 664 669 745 935 926 944 281 243 769 599 220 566 752 0 721 819 596 199 749 816 903 645 655 728 703 83 200 286 918 187 81 262 611
85 318 157 161 770 144 768 790 237 378 230 75 245 778 685 267 160 149 780 233 79 235 155 249 316 151 188 695 256 237 246 158 69 273 703 226 132 88 172 676 257 229 220 705 227 245 241 523 296 135 165 75 282 272 290 789 824 115 158 642 186 101 721 0 166 156 621 96 163 250 181 236 75 150 691 864 785 264 610 734 685 224
200 184 286 259 868 274 866 889 203 243 135 173 344 876 783 171 258 248 878 332 177 139 253 115 242 117 286 793 121 181 112 256 167 177 802 131 230 204 76 774 162 95 318 639 325 150 339 457 162 233 264 190 309 264 156 887 922 213 256 741 284 231 819 166 0 254 719 194 242 154 279 334 116 280 789 962 883 150 708 832 783 322
190 406 276 38 645 264 643 665 325 466 318 163 209 653 560 355 248 38 655 108 98 323 119 337 404 239 152 570 344 325 334 122 157 361 578 314 220 194 260 551 345 317 95 825 191 333 116 642 384 99 129 180 370 360 378 664 699 203 35 517 61 221 596 156 254 0 496 184 251 338 144 200 163 270 566 739 660 352 485 609 560 188
655 843 597 490 222 610 245 268 790 826 783 628 564 214 162 820 713 503 258 418 563 788 581 803 819 704 546 118 809 791 800 566 622 826 181 779 685 659 725 154 810 782 431 1111 508 798 413 929 849 564 569 645 835 826 843 266 301 668 499 120 465 652 199 621 719 496 0 649 716 803 545 555 628 603 168 342 262 817 87 211 108 511
130 346 216 189 797 204 796 818 265 406 258 39 273 806 712 295 82 177 808 261 107 262 183 218 344 178 216 723 212 159 274 186 50 300 731 254 54 133 199 704 285 257 247 764 255 273 268 582 324 163 193 120 204 194 318 817 852 37 186 670 214 161 749 96 194 184 649 0 85 277 208 264 103 209 719 892 812 186 637 761 713 252
197 311 283 256 865 271 863 886 332 370 325 106 341 873 780 362 33 244 875 329 174 330 250 151 411 246 283 790 144 91 239 253 117 368 799 321 48 201 267 771 352 222 315 766 322 340 336 584 289 230 260 187 136 126 283 884 919 75 253 737 281 228 816 163 242 251 716 85 0 345 276 331 170 277 786 959 880 118 705 829 780 319
283 222 370 343 951 357 950 972 142 206 63 256 427 959 866 44 342 331 962 415 261 59 336 237 115 200 369 877 244 304 234 339 251 50 885 67 314 287 107 858 35 217 401 544 408 48 422 362 245 316 347 274 432 387 251 970 1006 297 339 824 368 315 903 250 154 338 803 277 345 0 362 418 199 363 873 1046 966 273 791 915 866 406
214 431 209 150 693 222 692 714 350 439 343 187 90 701 608 379 273 138 704 222 123 347 61 362 429 263 34 619 368 350 359 46 182 385 627 339 245 218 284 600 369 342 208 724 71 358 228 541 409 78 49 205 395 385 403 712 748 228 146 566 175 246 645 181 279 144 545 208 276 362 0 80 188 216 615 788 708 377 533 657 608 69
270 465 220 205 704 232 702 724 405 449 398 243 100 712 619 435 328 193 714 243 178 403 116 418 442 319 82 629 424 406 415 101 237 441 637 394 300 274 340 610 425 397 256 734 81 413 238 552 464 134 105 260 450 441 458 723 758 284 202 576 230 275 655 236 334 200 555 264 331 418 80 0 243 226 625 798 719 432 544 667 619 79
109 268 196 169 777 183 775 798 187 327 180 82 253 785 692 216 167 157 787 241 86 184 162 199 265 100 195 702 205 245 196 165 76 222 711 175 139 113 121 684 206 179 227 695 234 195 248 513 246 142 173 100 290 280 240 796 831 123 165 650 194 140 728 75 116 163 628 103 170 199 188 243 0 189 698 872 792 235 617 741 692 232
112 316 48 275 752 61 750 772 351 299 344 188 235 760 667 362 274 263 762 291 193 348 251 363 292 264 217 677 369 351 360 237 183 357 686 340 246 104 285 658 370 343 304 584 179 359 286 402 338 249 240 121 396 386 344 771 806 229 271 624 300 90 703 150 280 270 603 209 277 363 216 226 189 0 673 846 767 378 592 716 667 182
725 913 667 560 245 679 130 152 860 896 853 698 634 254 64 890 783 573 256 488 633 858 650 872 889 774 616 242 879 860 869 635 692 896 70 849 755 729 795 79 880 852 501 1181 578 868 483 999 919 634 639 715 905 895 913 265 275 738 569 190 535 722 83 691 789 566 168 719 786 873 615 625 698 673 0 231 260 887 157 95 232 581
898 1086 840 734 246 853 153 127 1033 1069 1026 871 808 254 237 1063 956 746 145 661 806 1031 824 1046 1062 947 789 373 1052 1034 1043 809 865 1069 243 1022 928 902 968 251 1053 1026 674 1354 752 1041 656 1172 1093 807 812 889 1079 1069 1087 135 98 912 743 363 709 895 200 864 962 739 342 892 959 1046 788 798 872 846 231 0 140 1061 330 196 350 755
818 1006 760 654 166 773 239 212 954 990 947 791 728 174 254 983 877 667 69 581 727 951 744 966 982 867 710 293 972 954 963 729 786 989 273 943 849 822 888 246 974 946 594 1275 672 962 576 1092 1013 727 732 809 999 989 1007 78 100 832 663 283 629 816 286 785 883 660 262 812 880 966 708 719 792 767 260 140 0 981 251 281 270 675
298 219 385 358 966 372 964 987 322 279 254 207 442 974 881 290 134 346 976 430 275 258 351 59 329 236 384 891 53 58 147 354 218 296 900 249 150 302 195 873 280 130 416 675 423 269 437 492 197 331 362 289 185 140 191 985 1020 176 354 839 383 329 918 264 150 352 817 186 118 273 377 432 235 378 887 1061 981 0 806 930 881 421
644 831 585 479 233 598 234 256 779 815 772 616 553 224 151 808 702 492 246 406 552 776 569 791 807 692 535 129 797 779 788 554 611 814 169 768 674 647 713 142 799 771 419 1100 497 787 402 917 838 552 557 634 824 814 832 255 290 657 488 108 454 641 187 610 708 485 87 637 705 791 533 544 617 592 157 330 251 806 0 199 119 500
767 955 709 603 288 722 94 116 903 939 896 740 677 296 101 932 826 616 286 530 676 900 693 915 931 816 658 285 921 903 912 678 735 938 106 892 798 771 837 115 922 895 543 1224 621 911 525 1041 962 676 681 758 948 938 956 276 239 781 612 232 578 765 81 734 832 609 211 761 829 915 657 667 741 716 95 196 281 930 199 0 275 624
719 906 660 554 133 673 309 331 854 890 847 691 628 124 226 884 777 567 266 482 627 851 644 866 882 767 610 41 873 854 863 629 686 889 245 843 749 722 788 217 874 846 494 1175 572 862 477 993 913 628 633 709 899 889 907 275 310 732 563 87 529 716 262 685 783 560 108 713 780 866 608 619 692 667 232 350 270 881 119 275 0 575
258 422 176 193 660 189 658 681 393 405 386 231 88 668 575 423 316 182 670 199 166 391 104 406 398 307 70 585 412 394 403 89 225 429 594 382 288 257 328 567 413 386 212 690 61 401 194 508 445 122 93 249 439 429 447 679 714 272 190 533 218 231 611 224 322 188 511 252 319 406 69 79 232 182 581 755 675 421 500 624 575 0
EOF