NAME : tsp_problem
TYPE : TSP
DIMENSION : 56
EDGE_WEIGHT_TYPE : EXPLICIT
EDGE_WEIGHT_FORMAT : FULL_MATRIX
EDGE_WEIGHT_SECTION
0 290 110 298 224 732 339 216 304 261 234 609 356 684 675 93 99 361 740 350 240 266 368 93 322 208 768 781 419 789 281 277 338 744 317 309 295 189 297 769 80 137 276 250 781 327 240 199 338 232 809 84 369 713 176 308
290 0 211 319 245 855 269 237 72 282 309 731 371 807 798 271 223 280 862 192 261 51 175 285 343 350 891 904 402 912 302 206 105 867 246 76 62 126 186 891 257 190 165 271 903 305 304 220 306 253 932 261 258 835 197 355
110 211 0 219 145 755 334 137 225 182 210 632 277 707 698 90 95 312 763 271 161 187 289 105 244 250 791 804 495 812 202 353 259 767 356 230 216 110 218 792 76 73 197 171 804 248 204 120 259 154 832 81 290 736 97 255
298 319 219 0 102 863 287 109 333 67 317 739 92 815 806 279 231 266 870 347 76 295 365 293 351 358 899 912 567 920 50 350 367 875 309 338 323 218 294 899 265 198 212 279 911 63 312 125 74 261 940 269 244 843 146 363
224 245 145 102 0 789 355 44 259 65 243 665 160 740 731 204 157 333 796 305 44 220 322 219 277 283 824 837 609 845 85 418 292 801 377 264 249 143 251 825 190 123 231 204 837 131 237 50 142 187 865 195 311 769 72 289
732 855 755 863 789 0 962 781 869 826 658 199 921 275 115 752 767 956 259 915 805 831 932 737 546 632 287 108 1041 116 846 899 903 264 940 874 859 754 862 288 766 734 841 691 274 892 664 764 903 640 136 761 934 304 741 530
339 269 334 287 355 962 0 359 255 320 432 838 309 913 905 359 346 47 969 229 328 277 212 344 466 437 997 1010 305 1019 302 88 218 974 84 250 264 248 246 998 373 312 164 393 1010 243 426 342 244 376 1039 368 70 942 319 477
216 237 137 109 44 781 359 0 251 72 235 657 167 732 724 196 149 338 788 297 51 213 314 211 269 275 816 830 602 838 92 415 284 793 381 256 241 135 243 817 182 115 223 197 829 138 229 43 149 179 858 187 316 761 64 281
304 72 225 333 259 869 255 251 0 296 323 745 385 821 812 285 237 276 876 178 275 66 161 299 357 364 905 918 388 926 316 192 115 881 233 90 76 140 200 905 271 204 179 285 917 319 318 234 320 267 946 275 272 849 211 369
261 282 182 67 65 826 320 72 296 0 280 702 125 777 768 241 194 299 833 342 38 257 359 256 314 320 861 874 600 882 50 383 329 838 342 300 286 180 288 862 227 160 245 241 874 96 274 87 107 224 902 232 277 806 109 326
234 309 210 317 243 658 432 235 323 280 0 535 375 610 601 254 222 410 666 369 259 285 387 239 217 73 694 707 543 715 300 401 357 670 441 328 314 208 316 695 255 188 295 76 707 346 39 218 357 127 735 260 388 639 195 229
609 731 632 739 665 199 838 657 745 702 535 0 797 119 142 628 644 832 207 791 681 707 808 613 422 508 232 248 917 256 722 776 779 211 816 750 736 630 738 233 642 610 717 567 248 768 541 640 779 516 276 638 810 148 617 406
356 371 277 92 160 921 309 167 385 125 375 797 0 872 864 336 289 288 928 370 134 347 387 351 409 415 956 970 589 978 107 372 419 933 331 390 376 275 316 957 323 255 234 337 969 85 369 183 96 319 998 327 266 901 204 421
684 807 707 815 740 275 913 732 821 777 610 119 872 0 218 704 719 907 260 867 756 782 884 689 498 584 166 323 993 332 798 851 854 182 891 826 811 705 813 166 717 685 793 642 301 843 616 715 854 591 352 713 885 81 693 482
675 798 698 806 731 115 905 724 812 768 601 142 864 218 0 695 710 899 202 858 747 773 875 680 489 575 230 163 984 172 789 842 845 207 882 817 802 696 804 231 709 676 784 633 243 834 607 707 846 583 192 704 877 246 684 473
93 271 90 279 204 752 359 196 285 241 254 628 336 704 695 0 79 371 759 330 220 246 348 88 303 227 788 801 439 809 261 297 318 764 337 289 275 169 277 788 60 117 256 230 800 307 260 179 318 213 829 64 349 732 157 314
99 223 95 231 157 767 346 149 237 194 222 644 289 719 710 79 0 324 775 283 173 199 301 94 256 262 803 816 485 824 214 343 271 779 368 242 228 122 230 804 65 85 209 183 816 260 216 132 271 166 844 70 302 748 109 267
361 280 312 266 333 956 47 338 276 299 410 832 288 907 899 371 324 0 963 251 307 256 233 366 444 450 991 1004 327 1013 281 110 240 968 69 272 284 227 225 992 357 290 142 372 1004 221 404 321 222 354 1033 362 55 936 298 456
740 862 763 870 796 259 969 788 876 833 666 207 928 260 202 759 775 963 0 922 812 838 940 745 554 640 122 255 1049 251 853 907 910 98 947 881 867 761 869 123 773 741 848 698 96 899 672 771 910 647 214 769 941 218 748 538
350 192 271 347 305 915 229 297 178 342 369 791 370 867 858 330 283 251 922 0 321 215 44 345 403 410 951 964 362 972 362 166 142 927 207 174 188 186 81 951 317 250 164 331 963 303 364 280 304 313 992 321 256 895 257 415
240 261 161 76 44 805 328 51 275 38 259 681 134 756 747 220 173 307 812 321 0 236 338 235 293 299 840 853 608 862 59 391 308 817 350 280 265 159 267 841 206 139 247 220 853 104 253 67 116 203 881 211 285 785 88 305
266 51 187 295 220 831 277 213 66 257 285 707 347 782 773 246 199 256 838 215 236 0 199 261 319 325 866 879 425 888 278 230 99 843 270 70 56 102 161 867 232 165 141 246 879 280 279 196 281 229 907 237 234 811 173 331
368 175 289 365 322 932 212 314 161 359 387 808 387 884 875 348 301 233 940 44 338 199 0 363 420 427 968 981 345 989 379 149 125 944 190 156 170 203 99 969 334 267 181 348 980 320 381 297 321 330 1009 338 256 913 274 432
93 285 105 293 219 737 344 211 299 256 239 613 351 689 680 88 94 366 745 345 235 261 363 0 317 212 773 786 424 794 276 282 333 749 322 304 290 184 292 773 75 132 271 245 785 322 245 194 333 227 814 79 364 718 171 313
322 343 244 351 277 546 466 269 357 314 217 422 409 498 489 303 256 444 554 403 293 319 420 317 0 224 582 595 633 603 334 491 391 558 487 362 348 242 350 582 289 222 329 179 594 380 212 252 391 128 623 293 422 527 229 93
208 350 250 358 283 632 437 275 364 320 73 508 415 584 575 227 262 450 640 410 299 325 427 212 224 0 668 681 517 689 340 375 397 644 415 368 354 248 356 668 241 228 335 116 680 386 79 258 397 168 709 237 428 613 236 208
768 891 791 899 824 287 997 816 905 861 694 232 956 166 230 788 803 991 122 951 840 866 968 773 582 668 0 322 1077 318 882 935 938 44 975 910 895 789 897 41 801 769 877 726 163 927 700 799 938 675 281 797 969 124 777 566
781 904 804 912 837 108 1010 830 918 874 707 248 970 323 163 801 816 1004 255 964 853 879 981 786 595 681 322 0 1090 53 895 948 951 299 988 923 908 802 910 323 815 782 890 739 210 940 713 813 952 689 72 810 982 352 790 579
419 402 495 567 609 1041 305 602 388 600 543 917 589 993 984 439 485 327 1049 362 608 425 345 424 633 517 1077 1090 0 1098 582 243 352 1053 283 383 397 500 417 1078 452 523 444 585 1089 523 549 585 523 618 1118 448 350 1022 562 617
789 912 812 920 845 116 1019 838 926 882 715 256 978 332 172 809 824 1013 251 972 862 888 989 794 603 689 318 53 1098 0 903 956 959 294 997 931 916 810 918 318 823 790 898 748 205 949 721 821 960 697 67 818 991 361 798 587
281 302 202 50 85 846 302 92 316 50 300 722 107 798 789 261 214 281 853 362 59 278 379 276 334 340 882 895 582 903 0 365 350 858 324 321 306 201 309 882 248 181 227 262 894 78 295 108 89 244 923 252 259 826 129 346
277 206 353 350 418 899 88 415 192 383 401 776 372 851 842 297 343 110 907 166 391 230 149 282 491 375 935 948 243 956 365 0 156 911 66 187 201 305 221 936 310 368 227 443 947 306 407 398 306 432 976 306 133 880 375 475
338 105 259 367 292 903 218 284 115 329 357 779 419 854 845 318 271 240 910 142 308 99 125 333 391 397 938 951 352 959 350 156 0 915 196 110 109 174 197 939 304 237 213 318 951 352 351 267 353 301 979 309 263 883 245 403
744 867 767 875 801 264 974 793 881 838 670 211 933 182 207 764 779 968 98 927 817 843 944 749 558 644 44 299 1053 294 858 911 915 0 952 886 871 765 874 44 778 745 853 703 139 904 676 776 915 652 257 773 946 140 753 542
317 246 356 309 377 940 84 381 233 342 441 816 331 891 882 337 368 69 947 207 350 270 190 322 487 415 975 988 283 997 324 66 196 952 0 228 242 270 261 976 351 334 186 415 988 265 447 364 265 397 1016 346 92 920 341 499
309 76 230 338 264 874 250 256 90 300 328 750 390 826 817 289 242 272 881 174 280 70 156 304 362 368 910 923 383 931 321 187 110 886 228 0 81 145 205 910 276 208 184 290 922 324 322 239 324 272 951 280 277 854 216 374
295 62 216 323 249 859 264 241 76 286 314 736 376 811 802 275 228 284 867 188 265 56 170 290 348 354 895 908 397 916 306 201 109 871 242 81 0 131 190 896 261 194 169 275 908 309 308 224 310 258 936 266 262 840 201 359
189 126 110 218 143 754 248 135 140 180 208 630 275 705 696 169 122 227 761 186 159 102 203 184 242 248 789 802 500 810 201 305 174 765 270 145 131 0 133 790 155 88 112 169 802 246 202 118 253 152 830 160 205 734 96 253
297 186 218 294 251 862 246 243 200 288 316 738 316 813 804 277 230 225 869 81 267 161 99 292 350 356 897 910 417 918 309 221 197 874 261 205 190 133 0 898 263 196 110 277 910 250 310 226 250 260 938 268 203 842 204 362
769 891 792 899 825 288 998 817 905 862 695 233 957 166 231 788 804 992 123 951 841 867 969 773 582 668 41 323 1078 318 882 936 939 44 976 910 896 790 898 0 802 770 877 727 163 928 701 800 939 676 281 798 970 124 777 566
80 257 76 265 190 766 373 182 271 227 255 642 323 717 709 60 65 357 773 317 206 232 334 75 289 241 801 815 452 823 248 310 304 778 351 276 261 155 263 802 0 103 243 216 814 293 249 166 305 199 843 51 335 746 143 301
137 190 73 198 123 734 312 115 204 160 188 610 255 685 676 117 85 290 741 250 139 165 267 132 222 228 769 782 523 790 181 368 237 745 334 208 194 88 196 770 103 0 175 149 782 226 182 98 237 132 810 108 268 714 76 233
276 165 197 212 231 841 164 223 179 245 295 717 234 793 784 256 209 142 848 164 247 141 181 271 329 335 877 890 444 898 227 227 213 853 186 184 169 112 110 877 243 175 0 257 889 167 289 206 168 239 918 247 120 821 183 341
250 271 171 279 204 691 393 197 285 241 76 567 337 642 633 230 183 372 698 331 220 246 348 245 179 116 726 739 585 748 262 443 318 703 415 290 275 169 277 727 216 149 257 0 739 307 70 180 319 89 767 221 350 671 157 191
781 903 804 911 837 274 1010 829 917 874 707 248 969 301 243 800 816 1004 96 963 853 879 980 785 594 680 163 210 1089 205 894 947 951 139 988 922 908 802 910 163 814 782 889 739 0 940 713 812 951 688 168 810 982 259 789 578
327 305 248 63 131 892 243 138 319 96 346 768 85 843 834 307 260 221 899 303 104 280 320 322 380 386 927 940 523 949 78 306 352 904 265 324 309 246 250 928 293 226 167 307 940 0 340 153 30 290 968 298 199 872 175 392
240 304 204 312 237 664 426 229 318 274 39 541 369 616 607 260 216 404 672 364 253 279 381 245 212 79 700 713 549 721 295 407 351 676 447 322 308 202 310 701 249 182 289 70 713 340 0 212 351 122 741 254 382 645 190 223
199 220 120 125 50 764 342 43 234 87 218 640 183 715 707 179 132 321 771 280 67 196 297 194 252 258 799 813 585 821 108 398 267 776 364 239 224 118 226 800 166 98 206 180 812 153 212 0 165 162 841 170 299 744 47 264
338 306 259 74 142 903 244 149 320 107 357 779 96 854 846 318 271 222 910 304 116 281 321 333 391 397 938 952 523 960 89 306 353 915 265 324 310 253 250 939 305 237 168 319 951 30 351 165 0 301 980 309 200 883 186 403
232 253 154 261 187 640 376 179 267 224 127 516 319 591 583 213 166 354 647 313 203 229 330 227 128 168 675 689 618 697 244 432 301 652 397 272 258 152 260 676 199 132 239 89 688 290 122 162 301 0 717 203 332 620 139 140
809 932 832 940 865 136 1039 858 946 902 735 276 998 352 192 829 844 1033 214 992 881 907 1009 814 623 709 281 72 1118 67 923 976 979 257 1016 951 936 830 938 281 843 810 918 767 168 968 741 841 980 717 0 838 1011 377 818 607
84 261 81 269 195 761 368 187 275 232 260 638 327 713 704 64 70 362 769 321 211 237 338 79 293 237 797 810 448 818 252 306 309 773 346 280 266 160 268 798 51 108 247 221 810 298 254 170 309 203 838 0 340 742 147 305
369 258 290 244 311 934 70 316 272 277 388 810 266 885 877 349 302 55 941 256 285 234 256 364 422 428 969 982 350 991 259 133 263 946 92 277 262 205 203 970 335 268 120 350 982 199 382 299 200 332 1011 340 0 914 276 434
713 835 736 843 769 304 942 761 849 806 639 148 901 81 246 732 748 936 218 895 785 811 913 718 527 613 124 352 1022 361 826 880 883 140 920 854 840 734 842 124 746 714 821 671 259 872 645 744 883 620 377 742 914 0 721 511
176 197 97 146 72 741 319 64 211 109 195 617 204 693 684 157 109 298 748 257 88 173 274 171 229 236 777 790 562 798 129 375 245 753 341 216 201 96 204 777 143 76 183 157 789 175 190 47 186 139 818 147 276 721 0 241
308 355 255 363 289 530 477 281 369 326 229 406 421 482 473 314 267 456 538 415 305 331 432 313 93 208 566 579 617 587 346 475 403 542 499 374 359 253 362 566 301 233 341 191 578 392 223 264 403 140 607 305 434 511 241 0
EOF