NAME : tsp_problem
TYPE : TSP
DIMENSION : 52
EDGE_WEIGHT_TYPE : EXPLICIT
EDGE_WEIGHT_FORMAT : FULL_MATRIX
EDGE_WEIGHT_SECTION
0 658 223 243 393 197 628 187 90 128 566 391 97 394 616 334 104 264 583 256 426 307 90 430 246 229 475 96 301 260 372 539 569 350 489 64 537 549 555 451 450 304 584 140 554 495 84 403 472 558 473 416
658 0 580 601 397 579 1148 587 654 643 1086 548 667 634 1136 607 661 622 1103 509 365 427 638 360 519 538 995 645 420 505 398 1059 1089 441 1009 686 313 1068 1075 340 346 460 1104 630 1073 300 684 387 323 1078 993 656
223 580 0 44 241 169 816 159 221 133 755 192 157 194 804 135 150 65 772 103 274 183 246 277 93 76 664 239 189 108 219 727 757 197 677 195 386 737 744 298 297 151 772 120 742 342 174 251 319 747 662 216
243 601 44 0 261 189 837 179 241 153 775 165 178 168 825 108 171 38 792 123 294 203 266 298 114 97 684 260 210 128 240 748 778 218 698 216 406 758 764 318 318 172 793 141 762 363 195 271 340 767 682 190
393 397 241 261 0 339 987 329 391 303 925 294 327 379 975 352 321 282 942 273 60 353 416 64 264 189 834 410 360 278 174 898 927 71 848 366 222 907 914 84 255 322 943 291 912 209 345 53 233 917 832 401
197 579 169 189 339 0 752 33 195 107 690 337 132 340 740 280 125 210 707 202 373 228 220 376 192 175 599 214 222 206 318 663 692 296 613 170 458 672 679 397 396 250 708 95 677 441 149 349 418 682 597 362
628 1148 816 837 987 752 0 760 625 722 229 985 690 987 142 928 697 858 102 849 1020 797 608 1024 839 822 334 615 791 854 965 249 116 943 276 656 1027 240 255 1044 1043 831 219 733 129 1013 678 997 1037 173 261 1009
187 587 159 179 329 33 760 0 185 97 698 327 122 330 748 270 115 200 715 192 363 237 211 366 182 165 607 204 230 196 308 671 700 286 621 160 466 680 687 387 386 240 716 85 685 431 139 339 408 690 605 352
90 654 221 241 391 195 625 185 0 126 563 389 95 392 613 332 102 262 580 254 424 304 86 428 244 227 472 93 298 258 370 536 565 348 486 63 533 545 552 449 448 302 581 138 550 493 82 401 470 555 470 414
128 643 133 153 303 107 722 97 126 0 660 301 62 304 710 244 57 174 677 166 336 245 151 340 156 139 569 145 252 170 282 633 662 260 583 101 448 642 649 361 360 214 678 50 647 405 80 313 382 652 567 326
566 1086 755 775 925 690 229 698 563 660 0 923 629 926 109 866 636 796 272 788 958 736 547 962 778 761 273 554 729 792 904 79 286 882 135 594 965 71 353 982 982 769 330 672 279 952 616 935 975 284 147 948
391 548 192 165 294 337 985 327 389 301 923 0 325 116 973 89 319 143 940 271 327 351 414 331 262 245 832 408 358 276 334 896 925 250 846 364 316 905 912 351 228 320 941 289 910 273 343 304 250 915 830 138
97 667 157 178 327 132 690 122 95 62 629 325 0 328 678 269 38 198 646 190 361 270 120 364 180 163 538 113 276 194 306 601 631 284 551 69 472 611 618 385 384 238 646 74 616 429 50 338 406 620 536 350
394 634 194 168 379 340 987 330 392 304 926 116 328 0 975 92 321 145 942 274 412 353 417 416 264 247 835 410 360 278 390 898 928 336 848 366 402 908 915 437 313 322 943 291 913 359 345 389 335 917 833 87
616 1136 804 825 975 740 142 748 613 710 109 973 678 975 0 916 685 846 185 837 1008 785 596 1012 827 810 322 603 779 842 953 129 199 931 185 644 1015 120 338 1032 1031 819 301 721 212 1002 666 985 1025 255 197 997
334 607 135 108 352 280 928 270 332 244 866 89 269 92 916 0 262 86 883 214 385 294 357 389 205 188 775 351 301 219 331 839 868 309 789 307 375 848 855 409 287 263 884 232 853 332 286 362 309 858 773 114
104 661 150 171 321 125 697 115 102 57 636 319 38 321 685 262 0 192 653 183 354 263 127 358 174 157 545 120 270 188 299 608 638 277 558 76 466 618 625 378 378 232 653 68 623 423 55 331 400 628 543 343
264 622 65 38 282 210 858 200 262 174 796 143 198 145 846 86 192 0 813 144 315 224 287 319 135 118 705 281 231 149 260 769 798 238 719 237 427 778 785 339 339 193 814 162 783 384 215 292 361 788 703 167
583 1103 772 792 942 707 102 715 580 677 272 940 646 942 185 883 653 813 0 804 975 753 564 979 795 778 290 571 746 809 921 282 83 899 232 611 982 283 211 999 999 786 174 689 95 969 633 952 992 128 216 964
256 509 103 123 273 202 849 192 254 166 788 271 190 274 837 214 183 144 804 0 307 112 279 310 94 109 697 272 119 80 252 760 790 230 710 228 388 770 777 331 330 81 805 153 775 375 207 283 352 779 695 296
426 365 274 294 60 373 1020 363 424 336 958 327 361 412 1008 385 354 315 975 307 0 357 450 31 297 222 867 443 350 311 141 931 961 104 881 399 190 941 947 52 222 355 976 324 946 177 378 50 200 950 865 434
307 427 183 203 353 228 797 237 304 245 736 351 270 353 785 294 263 224 753 112 357 0 287 352 121 189 645 294 48 107 332 708 738 310 658 308 306 718 725 332 338 88 753 233 723 293 287 363 316 728 643 375
90 638 246 266 416 220 608 211 86 151 547 414 120 417 596 357 127 287 564 279 450 287 0 453 269 252 456 77 281 283 395 519 549 373 469 88 517 529 536 474 473 321 564 163 534 504 107 426 495 539 454 439
430 360 277 298 64 376 1024 366 428 340 962 331 364 416 1012 389 358 319 979 310 31 352 453 0 301 226 871 447 346 315 137 935 964 108 885 402 185 944 951 50 218 359 980 328 949 172 381 54 195 954 869 438
246 519 93 114 264 192 839 182 244 156 778 262 180 264 827 205 174 135 795 94 297 121 269 301 0 100 687 262 128 90 242 751 780 220 701 218 398 760 767 321 321 90 796 143 765 366 197 274 343 770 685 286
229 538 76 97 189 175 822 165 227 139 761 245 163 247 810 188 157 118 778 109 222 189 252 226 100 0 670 245 196 114 168 734 763 146 684 201 334 743 750 246 246 158 779 126 748 291 180 199 268 753 668 269
475 995 664 684 834 599 334 607 472 569 273 832 538 835 322 775 545 705 290 697 867 645 456 871 687 670 0 463 638 701 813 245 275 791 195 503 874 255 124 892 891 678 153 581 260 861 525 844 884 196 180 857
96 645 239 260 410 214 615 204 93 145 554 408 113 410 603 351 120 281 571 272 443 294 77 447 262 245 463 0 288 277 388 526 556 366 476 81 524 536 543 467 467 321 571 156 541 511 101 420 489 546 461 432
301 420 189 210 360 222 791 230 298 252 729 358 276 360 779 301 270 231 746 119 350 48 281 346 128 196 638 288 0 114 338 702 732 316 652 314 299 712 718 326 332 81 747 239 717 286 293 370 309 721 636 382
260 505 108 128 278 206 854 196 258 170 792 276 194 278 842 219 188 149 809 80 311 107 283 315 90 114 701 277 114 0 256 765 794 234 715 233 384 774 781 335 335 76 810 158 779 370 212 288 357 784 699 300
372 398 219 240 174 318 965 308 370 282 904 334 306 390 953 331 299 260 921 252 141 332 395 137 242 168 813 388 338 256 0 876 906 214 826 344 223 886 893 117 256 300 921 269 891 210 323 164 233 896 811 412
539 1059 727 748 898 663 249 671 536 633 79 896 601 898 129 839 608 769 282 760 931 708 519 935 751 734 245 526 702 765 876 0 267 854 108 567 938 75 325 955 955 742 303 644 252 925 589 908 948 257 120 920
569 1089 757 778 927 692 116 700 565 662 286 925 631 928 199 868 638 798 83 790 961 738 549 964 780 763 275 556 732 794 906 267 0 884 217 597 967 277 196 985 984 772 159 674 80 954 618 937 977 113 201 950
350 441 197 218 71 296 943 286 348 260 882 250 284 336 931 309 277 238 899 230 104 310 373 108 220 146 791 366 316 234 214 854 884 0 804 322 267 864 871 129 231 278 899 247 869 253 301 81 253 874 789 358
489 1009 677 698 848 613 276 621 486 583 135 846 551 848 185 789 558 719 232 710 881 658 469 885 701 684 195 476 652 715 826 108 217 804 0 517 888 117 275 905 905 692 253 594 202 875 539 858 898 207 80 870
64 686 195 216 366 170 656 160 63 101 594 364 69 366 644 307 76 237 611 228 399 308 88 402 218 201 503 81 314 233 344 567 597 322 517 0 511 577 583 423 422 277 612 112 582 468 57 376 444 586 501 388
537 313 386 406 222 458 1027 466 533 448 965 316 472 402 1015 375 466 427 982 388 190 306 517 185 398 334 874 524 299 384 223 938 967 267 888 511 0 947 954 165 114 339 983 436 952 68 490 212 92 957 872 424
549 1068 737 758 907 672 240 680 545 642 71 905 611 908 120 848 618 778 283 770 941 718 529 944 760 743 255 536 712 774 886 75 277 864 117 577 947 0 335 965 964 752 312 654 262 934 598 917 957 266 129 930
555 1075 744 764 914 679 255 687 552 649 353 912 618 915 338 855 625 785 211 777 947 725 536 951 767 750 124 543 718 781 893 325 196 871 275 583 954 335 0 972 971 758 59 661 181 941 605 924 964 102 260 937
451 340 298 318 84 397 1044 387 449 361 982 351 385 437 1032 409 378 339 999 331 52 332 474 50 321 246 892 467 326 335 117 955 985 129 905 423 165 965 972 0 198 365 1000 348 970 152 402 74 175 974 890 459
450 346 297 318 255 396 1043 386 448 360 982 228 384 313 1031 287 378 339 999 330 222 338 473 218 321 246 891 467 332 335 256 955 984 231 905 422 114 964 971 198 0 372 1000 348 969 76 401 245 53 974 889 335
304 460 151 172 322 250 831 240 302 214 769 320 238 322 819 263 232 193 786 81 355 88 321 359 90 158 678 321 81 76 300 742 772 278 692 277 339 752 758 365 372 0 787 202 756 326 255 332 349 761 676 344
584 1104 772 793 943 708 219 716 581 678 330 941 646 943 301 884 653 814 174 805 976 753 564 980 796 779 153 571 747 810 921 303 159 899 253 612 983 312 59 1000 1000 787 0 689 144 970 634 953 993 66 237 965
140 630 120 141 291 95 733 85 138 50 672 289 74 291 721 232 68 162 689 153 324 233 163 328 143 126 581 156 239 158 269 644 674 247 594 112 436 654 661 348 348 202 689 0 659 393 91 301 370 664 579 313
554 1073 742 762 912 677 129 685 550 647 279 910 616 913 212 853 623 783 95 775 946 723 534 949 765 748 260 541 717 779 891 252 80 869 202 582 952 262 181 970 969 756 144 659 0 939 603 922 962 98 186 935
495 300 342 363 209 441 1013 431 493 405 952 273 429 359 1002 332 423 384 969 375 177 293 504 172 366 291 861 511 286 370 210 925 954 253 875 468 68 934 941 152 76 326 970 393 939 0 446 199 78 944 859 381
84 684 174 195 345 149 678 139 82 80 616 343 50 345 666 286 55 215 633 207 378 287 107 381 197 180 525 101 293 212 323 589 618 301 539 57 490 598 605 402 401 255 634 91 603 446 0 355 423 608 523 367
403 387 251 271 53 349 997 339 401 313 935 304 338 389 985 362 331 292 952 283 50 363 426 54 274 199 844 420 370 288 164 908 937 81 858 376 212 917 924 74 245 332 953 301 922 199 355 0 222 927 842 411
472 323 319 340 233 418 1037 408 470 382 975 250 406 335 1025 309 400 361 992 352 200 316 495 195 343 268 884 489 309 357 233 948 977 253 898 444 92 957 964 175 53 349 993 370 962 78 423 222 0 967 882 357
558 1078 747 767 917 682 173 690 555 652 284 915 620 917 255 858 628 788 128 779 950 728 539 954 770 753 196 546 721 784 896 257 113 874 207 586 957 266 102 974 974 761 66 664 98 944 608 927 967 0 191 939
473 993 662 682 832 597 261 605 470 567 147 830 536 833 197 773 543 703 216 695 865 643 454 869 685 668 180 461 636 699 811 120 201 789 80 501 872 129 260 890 889 676 237 579 186 859 523 842 882 191 0 855
416 656 216 190 401 362 1009 352 414 326 948 138 350 87 997 114 343 167 964 296 434 375 439 438 286 269 857 432 382 300 412 920 950 358 870 388 424 930 937 459 335 344 965 313 935 381 367 411 357 939 855 0
EOF