NAME : tsp_problem
TYPE : TSP
DIMENSION : 66
EDGE_WEIGHT_TYPE : EXPLICIT
EDGE_WEIGHT_FORMAT : FULL_MATRIX
EDGE_WEIGHT_SECTION
0 235 842 702 712 147 243 858 153 239 666 823 306 268 78 250 249 237 836 324 628 755 317 327 284 851 241 899 897 753 301 734 247 192 946 198 153 272 333 100 322 241 490 59 142 261 276 792 99 117 236 172 326 231 905 817 187 148 114 130 171 183 230 314 192 180
235 0 645 506 515 352 46 662 289 119 841 627 185 148 276 254 129 241 640 204 803 559 197 207 87 655 121 702 701 557 181 538 127 196 749 202 358 75 213 236 126 245 665 257 347 64 156 596 161 315 116 308 130 46 709 621 191 284 312 335 175 187 414 194 196 184
842 645 0 238 247 959 630 150 896 705 1270 287 651 678 883 759 697 771 127 701 1231 283 694 704 586 142 714 198 112 217 644 270 708 804 160 810 965 599 710 843 552 853 1093 864 954 610 679 256 768 922 720 915 554 643 120 281 798 891 919 942 782 794 946 655 803 791
702 506 238 0 108 820 490 211 757 566 1130 220 511 539 743 620 558 631 232 561 1092 111 555 564 447 222 575 295 293 149 504 130 569 664 342 670 826 460 570 704 413 713 954 725 815 471 540 188 628 782 581 776 414 503 301 213 659 752 780 803 643 655 806 515 663 652
712 515 247 108 0 829 500 200 766 575 1140 229 521 548 753 629 567 641 227 571 1101 100 564 574 456 212 584 304 303 159 514 121 578 674 351 680 835 469 580 713 422 723 963 734 824 480 549 198 638 792 590 785 424 513 311 223 668 761 789 812 652 664 815 525 673 661
147 352 959 820 829 0 360 976 161 357 546 941 423 386 104 368 367 354 954 441 508 873 435 444 401 969 358 1016 1015 871 418 852 364 310 1063 316 38 389 450 213 440 359 370 124 40 378 394 910 216 235 354 142 444 348 1023 935 304 166 232 44 288 301 110 432 309 297
243 46 630 490 500 360 0 646 297 127 849 611 193 156 284 262 137 249 624 211 811 543 205 215 72 639 129 687 685 541 189 522 135 204 734 210 366 60 221 244 110 253 672 265 355 49 164 580 169 323 124 316 114 43 693 605 199 292 320 343 183 195 422 202 204 192
858 662 150 211 200 976 646 0 913 722 1286 304 667 695 899 776 713 787 51 717 1248 158 711 720 603 36 731 291 205 234 660 179 725 820 253 826 982 616 726 860 569 869 1110 881 971 627 695 273 784 938 736 932 570 659 213 298 815 908 936 959 799 811 962 671 819 808
153 289 896 757 766 161 297 913 0 294 589 878 360 323 194 304 303 291 890 378 551 809 372 381 338 905 295 953 951 808 355 788 301 247 1000 253 156 326 387 80 376 296 413 175 166 315 330 846 153 233 290 105 380 285 960 872 241 80 230 178 225 237 153 369 246 234
239 119 705 566 575 357 127 722 294 0 764 687 89 52 280 253 33 246 699 107 725 618 101 111 168 714 36 762 760 616 85 597 42 201 809 207 363 156 117 240 206 250 587 262 352 145 60 655 165 319 38 313 211 115 769 680 195 288 317 339 179 192 419 98 200 188
666 841 1270 1130 1140 546 849 1286 589 764 0 1251 709 737 624 620 756 631 1264 759 75 1183 753 762 847 1279 773 1327 1325 1181 702 1162 767 677 1373 805 541 860 768 641 813 801 213 643 551 867 738 1220 714 593 778 570 815 837 1333 1245 678 594 635 563 777 686 463 713 674 786
823 627 287 220 229 941 611 304 878 687 1251 0 632 660 864 741 679 752 282 682 1213 272 676 685 568 297 696 135 217 122 625 251 690 785 187 791 947 581 691 825 534 834 1075 846 936 592 661 81 749 903 702 897 535 624 230 66 780 873 901 924 764 776 927 636 785 773
306 185 651 511 521 423 193 667 360 89 709 632 0 62 347 199 81 210 645 85 671 564 79 88 228 660 99 708 706 562 57 543 93 256 755 273 429 222 94 307 194 316 533 328 418 212 63 601 232 386 104 379 196 182 714 626 257 355 383 406 246 258 385 68 253 255
268 148 678 539 548 386 156 695 323 52 737 660 62 0 309 227 44 238 672 80 698 591 74 84 197 687 61 735 733 590 58 570 55 230 782 236 392 185 90 270 222 279 560 291 381 174 48 628 194 348 67 342 223 144 742 653 225 318 346 369 209 221 413 71 229 218
78 276 883 743 753 104 284 899 194 280 624 864 347 309 0 291 290 278 877 365 586 796 358 368 325 892 282 940 938 794 342 775 288 233 987 239 110 313 374 141 363 282 447 63 99 302 317 833 140 158 277 213 367 272 946 858 228 189 156 87 212 224 188 355 233 221
250 254 759 620 629 368 262 776 304 253 620 741 199 227 291 0 245 99 754 249 582 673 243 252 303 769 260 817 815 671 192 652 257 90 863 218 373 291 258 251 303 261 444 272 363 280 227 710 176 330 256 323 304 250 823 735 91 299 327 350 190 99 296 203 87 199
249 129 697 558 567 367 137 713 303 33 756 679 81 44 290 245 0 255 691 99 717 610 93 103 178 706 42 754 752 608 76 589 36 211 801 217 373 166 108 250 216 260 579 271 362 155 52 647 175 329 48 323 220 125 760 672 205 298 327 349 189 202 429 90 210 198
237 241 771 631 641 354 249 787 291 246 631 752 210 238 278 99 255 0 765 260 593 684 254 263 290 780 247 828 826 682 203 663 253 77 874 205 360 278 269 238 314 248 455 259 349 267 239 721 163 317 242 310 316 237 834 746 78 286 314 337 177 86 307 214 74 186
836 640 127 232 227 954 624 51 890 699 1264 282 645 672 877 754 691 765 0 695 1226 185 689 698 580 44 709 269 183 212 638 205 703 798 231 804 960 593 704 837 547 847 1087 858 949 604 673 250 762 916 714 910 548 637 191 275 792 885 914 936 776 789 940 649 797 785
324 204 701 561 571 441 211 717 378 107 759 682 85 80 365 249 99 260 695 0 721 614 69 106 253 710 117 758 756 612 80 593 111 285 804 291 447 241 112 325 244 334 583 346 436 230 81 651 250 404 122 397 245 200 764 676 280 373 401 424 264 276 435 94 285 273
628 803 1231 1092 1101 508 811 1248 551 725 75 1213 671 698 586 582 717 593 1226 721 0 1145 715 724 809 1240 734 1288 1287 1143 664 1124 729 639 1335 766 503 822 730 603 775 763 175 605 513 829 699 1182 676 555 740 532 776 799 1295 1207 640 556 597 525 739 648 425 675 635 748
755 559 283 111 100 873 543 158 809 618 1183 272 564 591 796 673 610 684 185 614 1145 0 608 617 499 169 628 348 338 202 557 79 622 717 386 723 879 512 623 756 466 766 1006 777 868 523 592 241 681 835 633 829 467 556 346 266 711 804 833 855 695 708 859 568 716 704
317 197 694 555 564 435 205 711 372 101 753 676 79 74 358 243 93 254 689 69 715 608 0 100 247 704 110 752 750 606 74 587 105 279 798 285 441 234 106 319 238 328 577 340 430 223 75 645 243 397 116 391 239 193 758 670 274 367 395 418 258 270 429 87 279 267
327 207 704 564 574 444 215 720 381 111 762 685 88 84 368 252 103 263 698 106 724 617 100 0 256 713 120 761 759 615 83 596 114 289 808 295 450 244 38 328 247 338 586 349 439 233 85 654 253 407 126 400 249 203 767 679 283 376 404 427 267 279 438 97 288 276
284 87 586 447 456 401 72 603 338 168 847 568 228 197 325 303 178 290 580 253 809 499 247 256 0 595 170 643 641 497 221 478 176 246 690 252 407 42 262 285 92 295 670 306 396 52 205 536 210 364 165 357 96 85 650 561 240 333 361 384 224 236 463 232 245 233
851 655 142 222 212 969 639 36 905 714 1279 297 660 687 892 769 706 780 44 710 1240 169 704 713 595 0 723 284 198 226 653 190 718 813 246 819 974 608 719 852 562 862 1102 873 964 619 688 265 777 931 729 924 563 652 206 290 807 900 928 951 791 804 955 664 812 800
241 121 714 575 584 358 129 731 295 36 773 696 99 61 282 260 42 247 709 117 734 628 110 120 170 723 0 771 770 626 94 607 44 203 818 208 364 158 126 242 208 252 596 263 353 147 69 665 167 321 39 314 212 117 778 690 197 290 318 341 181 193 420 107 202 190
899 702 198 295 304 1016 687 291 953 762 1327 135 708 735 940 817 754 828 269 758 1288 348 752 761 643 284 771 0 123 198 701 327 765 861 93 867 1022 656 767 900 609 910 1150 921 1011 667 736 157 825 979 777 972 611 700 136 135 855 948 976 999 839 852 1003 712 860 848
897 701 112 293 303 1015 685 205 951 760 1325 217 706 733 938 815 752 826 183 756 1287 338 750 759 641 198 770 123 0 273 699 325 764 859 85 865 1021 654 765 898 608 908 1148 919 1010 665 734 240 823 977 775 971 609 698 74 217 853 946 975 997 837 850 1001 710 858 846
753 557 217 149 159 871 541 234 808 616 1181 122 562 590 794 671 608 682 212 612 1143 202 606 615 497 226 626 198 273 0 555 181 620 715 250 721 877 511 621 755 464 764 1005 776 866 522 590 91 679 833 631 827 465 554 281 116 710 803 831 854 694 706 857 566 714 702
301 181 644 504 514 418 189 660 355 85 702 625 57 58 342 192 76 203 638 80 664 557 74 83 221 653 94 701 699 555 0 536 88 249 747 268 424 218 89 302 187 311 526 323 413 207 58 594 227 381 99 374 188 177 707 619 250 350 378 401 241 253 378 61 246 250
734 538 270 130 121 852 522 179 788 597 1162 251 543 570 775 652 589 663 205 593 1124 79 587 596 478 190 607 327 325 181 536 0 601 696 373 702 858 491 602 735 445 745 985 756 847 502 571 220 660 814 612 808 446 535 333 245 690 783 812 834 674 687 838 547 695 683
247 127 708 569 578 364 135 725 301 42 767 690 93 55 288 257 36 253 703 111 729 622 105 114 176 718 44 765 764 620 88 601 0 209 812 214 370 164 120 248 214 257 590 269 359 153 63 659 173 327 45 320 218 123 772 684 203 296 324 347 187 199 426 101 208 196
192 196 804 664 674 310 204 820 247 201 677 785 256 230 233 90 211 77 798 285 639 717 279 289 246 813 203 861 859 715 249 696 209 0 907 160 316 233 295 194 284 203 500 215 305 223 238 754 118 272 198 266 288 193 867 779 68 242 270 293 133 76 353 260 64 142
946 749 160 342 351 1063 734 253 1000 809 1373 187 755 782 987 863 801 874 231 804 1335 386 798 808 690 246 818 93 85 250 747 373 812 907 0 913 1069 703 814 947 656 956 1197 968 1058 714 783 209 872 1026 824 1019 657 746 98 187 902 995 1023 1046 886 898 1049 759 907 895
198 202 810 670 680 316 210 826 253 207 805 791 273 236 239 218 217 205 804 291 766 723 285 295 252 819 208 867 865 721 268 702 214 160 913 0 322 239 300 200 290 59 628 221 311 228 244 760 124 267 204 272 294 198 873 785 155 248 220 299 45 151 378 282 159 44
153 358 965 826 835 38 366 982 156 363 541 947 429 392 110 373 373 360 960 447 503 879 441 450 407 974 364 1022 1021 877 424 858 370 316 1069 322 0 395 456 208 445 365 365 130 43 384 400 916 222 241 360 137 450 354 1029 941 310 161 238 50 294 307 105 438 315 303
272 75 599 460 469 389 60 616 326 156 860 581 222 185 313 291 166 278 593 241 822 512 234 244 42 608 158 656 654 511 218 491 164 233 703 239 395 0 250 273 80 282 683 294 384 40 193 549 198 352 153 345 84 72 663 575 228 321 349 372 212 224 451 231 233 221
333 213 710 570 580 450 221 726 387 117 768 691 94 90 374 258 108 269 704 112 730 623 106 38 262 719 126 767 765 621 89 602 120 295 814 300 456 250 0 334 253 343 592 355 445 239 90 660 259 413 131 406 255 209 773 685 289 382 410 433 273 285 444 103 294 282
100 236 843 704 713 213 244 860 80 240 641 825 307 270 141 251 250 238 837 325 603 756 319 328 285 852 242 900 898 755 302 735 248 194 947 200 208 273 334 0 323 243 465 122 212 262 277 793 100 180 237 99 327 232 907 818 188 75 177 200 172 184 205 315 193 181
322 126 552 413 422 440 110 569 376 206 813 534 194 222 363 303 216 314 547 244 775 466 238 247 92 562 208 609 608 464 187 445 214 284 656 290 445 80 253 323 0 333 637 344 435 90 223 503 248 402 203 396 69 123 616 528 278 371 400 422 262 275 489 198 283 271
241 245 853 713 723 359 253 869 296 250 801 834 316 279 282 261 260 248 847 334 763 766 328 338 295 862 252 910 908 764 311 745 257 203 956 59 365 282 343 243 333 0 625 264 354 271 287 803 167 238 247 315 337 241 916 828 198 291 190 342 88 194 421 325 202 87
490 665 1093 954 963 370 672 1110 413 587 213 1075 533 560 447 444 579 455 1087 583 175 1006 577 586 670 1102 596 1150 1148 1005 526 985 590 500 1197 628 365 683 592 465 637 625 0 467 375 691 561 1043 538 417 602 393 638 661 1157 1068 502 417 459 387 601 509 287 537 497 610
59 257 864 725 734 124 265 881 175 262 643 846 328 291 63 272 271 259 858 346 605 777 340 349 306 873 263 921 919 776 323 756 269 215 968 221 130 294 355 122 344 264 467 0 119 283 298 814 121 139 258 194 348 253 928 840 209 170 137 107 193 205 207 337 214 202
142 347 954 815 824 40 355 971 166 352 551 936 418 381 99 363 362 349 949 436 513 868 430 439 396 964 353 1011 1010 866 413 847 359 305 1058 311 43 384 445 212 435 354 375 119 0 373 389 905 211 230 349 147 439 343 1018 930 299 171 227 39 283 296 115 427 304 292
261 64 610 471 480 378 49 627 315 145 867 592 212 174 302 280 155 267 604 230 829 523 223 233 52 619 147 667 665 522 207 502 153 223 714 228 384 40 239 262 90 271 691 283 373 0 182 560 187 341 142 334 94 62 674 585 217 310 338 361 201 213 440 220 222 210
276 156 679 540 549 394 164 695 330 60 738 661 63 48 317 227 52 239 673 81 699 592 75 85 205 688 69 736 734 590 58 571 63 238 783 244 400 193 90 277 223 287 561 298 389 182 0 629 202 356 75 350 224 152 742 654 232 325 354 376 216 229 413 72 237 225
792 596 256 188 198 910 580 273 846 655 1220 81 601 628 833 710 647 721 250 651 1182 241 645 654 536 265 665 157 240 91 594 220 659 754 209 760 916 549 660 793 503 803 1043 814 905 560 629 0 718 872 670 866 504 593 252 75 748 841 870 892 732 745 896 605 753 741
99 161 768 628 638 216 169 784 153 165 714 749 232 194 140 176 175 163 762 250 676 681 243 253 210 777 167 825 823 679 227 660 173 118 872 124 222 198 259 100 248 167 538 121 211 187 202 718 0 179 162 172 252 157 831 743 113 148 176 199 97 109 278 240 118 106
117 315 922 782 792 235 323 938 233 319 593 903 386 348 158 330 329 317 916 404 555 835 397 407 364 931 321 979 977 833 381 814 327 272 1026 267 241 352 413 180 402 238 417 139 230 341 356 872 179 0 316 252 406 311 985 897 267 228 72 217 251 263 215 394 272 260
236 116 720 581 590 354 124 736 290 38 778 702 104 67 277 256 48 242 714 122 740 633 116 126 165 729 39 777 775 631 99 612 45 198 824 204 360 153 131 237 203 247 602 258 349 142 75 670 162 316 0 310 208 112 783 695 192 285 314 336 176 189 416 113 197 185
172 308 915 776 785 142 316 932 105 313 570 897 379 342 213 323 323 310 910 397 532 829 391 400 357 924 314 972 971 827 374 808 320 266 1019 272 137 345 406 99 396 315 393 194 147 334 350 866 172 252 310 0 400 304 979 891 260 100 250 159 244 257 134 388 265 253
326 130 554 414 424 444 114 570 380 211 815 535 196 223 367 304 220 316 548 245 776 467 239 249 96 563 212 611 609 465 188 446 218 288 657 294 450 84 255 327 69 337 638 348 439 94 224 504 252 406 208 400 0 127 617 529 282 375 404 426 266 279 490 200 287 275
231 46 643 503 513 348 43 659 285 115 837 624 182 144 272 250 125 237 637 200 799 556 193 203 85 652 117 700 698 554 177 535 123 193 746 198 354 72 209 232 123 241 661 253 343 62 152 593 157 311 112 304 127 0 706 618 187 280 308 331 171 183 410 190 192 180
905 709 120 301 311 1023 693 213 960 769 1333 230 714 742 946 823 760 834 191 764 1295 346 758 767 650 206 778 136 74 281 707 333 772 867 98 873 1029 663 773 907 616 916 1157 928 1018 674 742 252 831 985 783 979 617 706 0 230 862 955 983 1006 846 858 1009 718 866 855
817 621 281 213 223 935 605 298 872 680 1245 66 626 653 858 735 672 746 275 676 1207 266 670 679 561 290 690 135 217 116 619 245 684 779 187 785 941 575 685 818 528 828 1068 840 930 585 654 75 743 897 695 891 529 618 230 0 773 866 895 917 758 770 921 630 778 766
187 191 798 659 668 304 199 815 241 195 678 780 257 225 228 91 205 78 792 280 640 711 274 283 240 807 197 855 853 710 250 690 203 68 902 155 310 228 289 188 278 198 502 209 299 217 232 748 113 267 192 260 282 187 862 773 0 236 264 287 127 77 354 261 65 136
148 284 891 752 761 166 292 908 80 288 594 873 355 318 189 299 298 286 885 373 556 804 367 376 333 900 290 948 946 803 350 783 296 242 995 248 161 321 382 75 371 291 417 170 171 310 325 841 148 228 285 100 375 280 955 866 236 0 225 183 220 232 158 363 241 229
114 312 919 780 789 232 320 936 230 317 635 901 383 346 156 327 327 314 914 401 597 833 395 404 361 928 318 976 975 831 378 812 324 270 1023 220 238 349 410 177 400 190 459 137 227 338 354 870 176 72 314 250 404 308 983 895 264 225 0 215 248 261 258 392 269 248
130 335 942 803 812 44 343 959 178 339 563 924 406 369 87 350 349 337 936 424 525 855 418 427 384 951 341 999 997 854 401 834 347 293 1046 299 50 372 433 200 422 342 387 107 39 361 376 892 199 217 336 159 426 331 1006 917 287 183 215 0 271 283 127 414 292 280
171 175 782 643 652 288 183 799 225 179 777 764 246 209 212 190 189 177 776 264 739 695 258 267 224 791 181 839 837 694 241 674 187 133 886 45 294 212 273 172 262 88 601 193 283 201 216 732 97 251 176 244 266 171 846 758 127 220 248 271 0 123 350 255 132 30
183 187 794 655 664 301 195 811 237 192 686 776 258 221 224 99 202 86 789 276 648 708 270 279 236 804 193 852 850 706 253 687 199 76 898 151 307 224 285 184 275 194 509 205 296 213 229 745 109 263 189 257 279 183 858 770 77 232 261 283 123 0 362 267 73 132
230 414 946 806 815 110 422 962 153 419 463 927 385 413 188 296 429 307 940 435 425 859 429 438 463 955 420 1003 1001 857 378 838 426 353 1049 378 105 451 444 205 489 421 287 207 115 440 413 896 278 215 416 134 490 410 1009 921 354 158 258 127 350 362 0 389 350 359
314 194 655 515 525 432 202 671 369 98 713 636 68 71 355 203 90 214 649 94 675 568 87 97 232 664 107 712 710 566 61 547 101 260 759 282 438 231 103 315 198 325 537 337 427 220 72 605 240 394 113 388 200 190 718 630 261 363 392 414 255 267 389 0 257 263
192 196 803 663 673 309 204 819 246 200 674 785 253 229 233 87 210 74 797 285 635 716 279 288 245 812 202 860 858 714 246 695 208 64 907 159 315 233 294 193 283 202 497 214 304 222 237 753 118 272 197 265 287 192 866 778 65 241 269 292 132 73 350 257 0 141
180 184 791 652 661 297 192 808 234 188 786 773 255 218 221 199 198 186 785 273 748 704 267 276 233 800 190 848 846 702 250 683 196 142 895 44 303 221 282 181 271 87 610 202 292 210 225 741 106 260 185 253 275 180 855 766 136 229 248 280 30 132 359 263 141 0
EOF