NAME : tsp_problem
TYPE : TSP
DIMENSION : 20
EDGE_WEIGHT_TYPE : EXPLICIT
EDGE_WEIGHT_FORMAT : FULL_MATRIX
EDGE_WEIGHT_SECTION
0 648 1159 992 246 1142 370 297 575 385 749 325 319 662 269 667 805 585 623 1163
648 0 760 593 859 743 769 909 974 849 828 938 915 1112 669 1066 375 665 702 764
1159 760 0 193 1370 187 1280 1420 1485 1360 1339 1449 1426 1623 1179 1577 519 1175 1213 42
992 593 193 0 1203 176 1113 1253 1318 1193 1172 1282 1259 1456 1013 1410 352 1008 1046 197
246 859 1370 1203 0 1353 581 86 785 522 959 227 456 799 480 878 1016 796 833 1374
1142 743 187 176 1353 0 1263 1403 1467 1343 1322 1431 1409 1606 1162 1560 502 1158 1196 191
370 769 1280 1113 581 1263 0 631 546 279 870 660 346 684 126 638 926 706 744 1284
297 909 1420 1253 86 1403 631 0 835 573 1010 178 506 849 530 928 1066 846 883 1424
575 974 1485 1318 785 1467 546 835 0 626 1074 864 692 509 445 387 1130 910 948 1489
385 849 1360 1193 522 1343 279 573 626 0 950 457 100 649 206 718 1006 786 823 1364
749 828 1339 1172 959 1322 870 1010 1074 950 0 1038 1016 1212 769 1167 985 407 321 1343
325 938 1449 1282 227 1431 660 178 864 457 1038 0 390 733 559 956 1094 874 912 1453
319 915 1426 1259 456 1409 346 506 692 100 1016 390 0 582 272 784 1072 852 890 1430
662 1112 1623 1456 799 1606 684 849 509 649 1212 733 582 0 583 384 1269 1049 1086 1627
269 669 1179 1013 480 1162 126 530 445 206 769 559 272 583 0 538 825 605 643 1183
667 1066 1577 1410 878 1560 638 928 387 718 1167 956 784 384 538 0 1223 1003 1040 1581
805 375 519 352 1016 502 926 1066 1130 1006 985 1094 1072 1269 825 1223 0 821 859 523
472 552 1062 895 683 1045 593 733 797 673 489 761 739 936 492 890 708 0 362 1066
623 702 1213 1046 833 1196 744 883 948 823 321 912 890 1086 643 1040 859 281 0 1217
1163 764 42 197 1374 191 1284 1424 1489 1364 1343 1453 1430 1627 1183 1581 523 1179 1217 0
EOF