NAME : tsp_problem
TYPE : TSP
DIMENSION : 70
EDGE_WEIGHT_TYPE : EXPLICIT
EDGE_WEIGHT_FORMAT : FULL_MATRIX
EDGE_WEIGHT_SECTION
0 771 704 788 925 1055 706 949 1027 938 874 1450 1282 532 937 708 1435 269 886 1445 741 976 708 981 1311 1031 577 1437 771 865 831 777 991 708 448 771 1105 1026 984 771 952 930 983 498 877 648 1038 708 1092 769 490 288 650 1450 1460 896 136 263 897 879 1265 784 681 943 299 639 927 635 706 1450
771 0 723 980 954 1007 171 513 659 502 507 1082 915 484 502 173 1068 581 1043 1077 755 928 172 614 944 663 529 1070 37 380 784 33 624 103 400 37 737 659 937 36 585 562 497 450 830 827 670 172 724 33 442 713 602 1082 1092 411 719 586 411 511 898 736 633 973 704 818 559 587 103 1083
704 723 0 577 714 857 659 951 979 940 826 1402 1235 264 939 660 1388 467 675 1397 1049 778 660 933 1264 983 237 1389 723 818 634 729 943 660 400 723 1057 978 787 723 904 882 935 450 680 170 990 660 1044 721 442 455 310 1402 1412 848 605 472 849 831 1217 586 120 732 446 176 879 437 658 1402
788 980 577 0 174 374 915 1197 1236 1186 1083 1659 1491 660 1185 917 1644 551 134 1654 989 501 916 1190 1520 1240 683 1646 980 1074 452 986 1200 917 657 980 1314 1235 314 980 1161 1139 1192 707 262 520 1247 917 1301 978 699 539 757 1659 1669 1105 689 556 1106 1088 1474 596 566 192 529 511 1136 525 915 1659
925 954 714 174 0 235 890 1182 1211 1172 1058 1634 1466 566 1171 892 1619 688 169 1628 1126 364 891 1165 1495 1215 611 1621 954 1049 358 961 1175 891 632 955 1289 1210 220 954 1136 1114 1166 682 168 657 1222 892 1275 952 674 676 684 1634 1643 1080 826 693 1081 1063 1449 502 703 74 666 648 1111 431 890 1634
1055 1007 857 374 235 0 943 1235 1263 1224 1110 1686 1519 618 1223 944 1672 865 276 1681 1327 167 944 1218 1548 1267 663 1673 1007 1102 411 1013 1227 944 684 1007 1341 1263 272 1007 1188 1166 1219 734 221 858 1274 944 1328 1005 726 876 736 1686 1696 1132 1003 870 1133 1115 1502 555 767 208 867 848 1163 483 942 1686
706 171 659 915 890 943 0 449 595 438 442 1018 851 420 437 56 1004 517 979 1013 691 864 56 550 880 599 465 1005 171 316 719 177 560 108 336 171 673 595 872 171 520 498 433 386 765 763 606 56 660 193 378 649 538 1018 1028 346 655 522 347 447 834 672 569 908 640 753 495 523 106 1018
903 417 855 1112 1086 1139 353 0 791 158 639 1214 1047 616 157 355 1200 713 1175 1209 411 1060 354 746 1076 795 661 1202 417 170 916 424 756 354 532 417 869 791 1069 417 717 694 287 582 962 959 802 354 856 415 574 845 734 1214 1224 86 851 718 87 643 1030 868 765 1105 836 950 691 719 353 1215
1027 659 979 1236 1211 1263 595 887 0 877 202 539 371 740 876 597 524 837 1299 533 1129 1184 596 338 400 67 785 526 659 754 1040 666 348 596 657 659 88 362 1193 659 309 287 871 706 1086 1083 374 597 75 657 698 969 858 539 549 785 975 842 786 213 354 992 889 1229 960 1074 284 843 595 539
900 414 852 1109 1084 1136 350 166 789 0 636 1212 1044 613 154 352 1197 710 1172 1206 408 1057 351 743 1073 793 658 1199 414 167 913 421 753 351 530 414 866 788 1066 414 714 692 284 579 959 956 800 352 853 412 571 842 731 1211 1221 84 848 715 84 640 1027 865 762 1102 833 947 689 716 350 1212
874 507 826 1083 1058 1110 442 735 202 724 0 678 510 588 723 444 663 685 1147 672 977 1032 444 184 539 206 632 665 507 601 887 513 194 444 504 507 279 295 1040 507 155 132 719 554 933 930 307 444 266 505 546 817 706 677 687 632 823 690 633 59 493 840 737 1076 807 921 129 691 442 678
1450 1082 1402 1659 1634 1686 1018 1310 539 1300 678 0 199 1164 1299 1020 202 1260 1723 211 1552 1607 1019 814 185 543 1208 204 1082 1177 1463 1089 824 1019 1080 1083 617 786 1616 1082 785 763 1294 1129 1509 1506 797 1020 604 1080 1121 1393 1282 216 52 1208 1399 1266 1209 689 240 1415 1312 1652 1383 1497 760 1266 1018 52
1282 915 1235 1491 1466 1519 851 1143 371 1132 510 199 0 996 1131 852 184 1093 1555 193 1385 1440 852 647 60 375 1041 186 915 1010 1295 921 657 852 912 915 449 618 1448 915 618 595 1127 962 1341 1339 630 852 436 913 954 1225 1114 198 208 1040 1231 1098 1041 522 72 1248 1145 1484 1216 1329 592 1099 851 199
532 484 264 660 566 618 420 712 740 701 588 1164 996 0 701 422 1149 342 655 1158 954 540 421 695 1025 744 70 1151 484 579 395 491 705 421 162 484 818 740 548 484 666 643 696 211 441 368 751 421 805 482 203 474 143 1163 1173 610 480 348 610 592 979 348 174 584 465 358 640 199 420 1164
896 410 848 1105 1080 1132 346 162 785 151 632 1208 1040 609 0 348 1193 706 1169 1202 404 1053 347 739 1069 789 654 1195 410 163 909 417 749 347 526 410 862 784 1062 410 710 688 280 575 955 952 796 348 849 408 567 838 727 1207 1217 80 844 711 80 636 1023 861 758 1098 829 943 685 712 346 1208
708 173 660 917 892 944 56 451 597 440 444 1020 852 422 439 0 1005 519 981 1015 693 866 56 551 881 601 466 1007 173 317 721 179 561 109 338 173 675 596 874 173 522 500 435 388 767 764 608 56 662 195 380 651 540 1020 1030 348 657 524 349 449 835 674 570 910 641 755 497 524 108 1020
1435 1068 1388 1644 1619 1672 1004 1296 524 1285 663 202 184 1149 1284 1005 0 1246 1708 111 1538 1593 1005 800 170 528 1194 104 1068 1163 1448 1074 810 1005 1065 1068 602 771 1601 1068 771 748 1280 1115 1494 1492 783 1005 589 1066 1107 1378 1267 116 212 1193 1384 1251 1194 675 225 1401 1298 1638 1369 1482 745 1252 1004 202
269 581 467 551 688 865 517 809 837 798 685 1260 1093 342 798 519 1246 0 649 1255 879 786 518 792 1122 841 387 1248 581 676 642 588 802 518 258 581 915 837 795 581 763 740 793 308 688 411 848 518 902 579 300 284 460 1260 1270 707 170 48 707 689 1076 594 456 706 275 402 737 445 517 1261
886 1043 675 134 169 276 979 1271 1299 1260 1147 1723 1555 655 1260 981 1708 649 0 1717 1087 403 980 1254 1584 1303 700 1710 1043 1138 447 1050 1264 980 721 1043 1377 1299 309 1043 1225 1202 1255 770 257 618 1311 980 1364 1041 762 637 773 1722 1732 1169 787 654 1170 1151 1538 591 664 187 627 609 1199 520 979 1723
1445 1077 1397 1654 1628 1681 1013 1305 533 1294 672 211 193 1158 1294 1015 111 1255 1717 0 1547 1602 1014 809 179 537 1203 53 1077 1172 1457 1084 819 1014 1074 1077 611 780 1610 1077 780 757 1289 1124 1503 1501 792 1014 598 1075 1116 1387 1276 38 221 1203 1393 1260 1203 684 234 1410 1307 1647 1378 1491 754 1261 1013 211
749 733 1056 997 1134 1334 668 376 1107 365 954 1530 1362 932 365 670 1516 886 1095 1525 0 1376 670 1061 1391 1111 976 1517 733 485 1231 739 1071 670 848 733 1185 1106 1274 733 1032 1010 602 898 1223 1000 1118 670 1172 731 890 767 1050 1530 1540 402 753 881 403 959 1345 1184 1046 1152 778 991 1007 1034 668 1530
976 928 778 501 364 167 864 1156 1184 1145 1032 1607 1440 540 1145 866 1593 786 403 1602 1398 0 865 1139 1469 1188 584 1595 928 1023 453 935 1149 865 605 928 1262 1184 403 928 1110 1087 1140 655 352 882 1195 865 1249 926 647 918 658 1607 1617 1054 924 791 1054 1036 1423 476 689 337 909 873 1084 404 864 1608
708 172 660 916 891 944 56 450 596 439 444 1019 852 421 438 56 1005 518 980 1014 692 865 0 551 881 600 466 1006 172 317 720 178 561 109 337 172 674 596 873 172 521 499 434 387 766 764 607 56 661 194 379 650 539 1019 1029 348 656 523 348 448 835 673 570 910 641 754 496 524 107 1019
981 614 933 1190 1165 1218 550 842 338 831 184 814 647 695 830 551 800 792 1254 809 1084 1139 551 0 676 342 740 801 614 709 994 620 101 551 611 614 416 402 1147 614 124 185 826 661 1040 1038 414 551 403 612 653 924 813 814 824 739 930 797 740 188 630 947 844 1183 915 1028 182 798 549 814
1311 944 1264 1520 1495 1548 880 1172 400 1161 539 185 60 1025 1160 881 170 1122 1584 179 1414 1469 881 676 0 404 1070 172 944 1039 1324 950 686 881 941 944 478 647 1477 944 647 624 1156 991 1370 1368 659 881 465 942 983 1254 1143 184 194 1069 1260 1127 1070 551 101 1277 1174 1514 1245 1358 621 1128 880 185
1031 663 983 1240 1215 1267 599 891 67 881 206 543 375 744 880 601 528 841 1303 537 1133 1188 600 342 404 0 789 530 663 758 1044 670 352 600 660 663 90 366 1197 663 313 291 875 710 1090 1087 378 601 77 661 702 973 862 543 553 789 979 846 790 217 358 996 893 1233 964 1078 288 847 599 543
577 529 237 683 611 663 465 757 785 746 632 1208 1041 70 745 466 1194 387 700 1203 999 584 466 740 1070 789 0 1195 529 624 440 535 750 466 206 529 863 785 593 529 710 688 741 256 486 341 796 466 850 527 248 519 101 1208 1218 654 525 392 655 637 1024 392 147 629 510 332 685 243 465 1208
1437 1070 1389 1646 1621 1673 1005 1298 526 1287 665 204 186 1151 1286 1007 104 1248 1710 53 1540 1595 1006 801 172 530 1195 0 1070 1164 1450 1076 811 1007 1067 1070 604 773 1603 1070 772 750 1282 1117 1496 1493 784 1007 591 1067 1109 1380 1269 52 214 1195 1386 1253 1196 676 227 1403 1299 1639 1370 1484 747 1253 1005 204
771 37 723 980 954 1007 171 513 659 502 507 1082 915 484 502 173 1068 581 1043 1077 755 928 172 614 944 663 529 1070 0 380 784 33 624 103 400 37 737 659 937 36 585 562 497 450 830 827 670 172 724 33 442 713 602 1082 1092 411 719 586 411 511 898 736 633 973 704 818 559 587 103 1083
865 380 818 1074 1049 1102 316 266 754 255 601 1177 1010 579 254 317 1163 676 1138 1172 507 1023 317 709 1039 758 624 1164 380 0 878 386 719 317 495 380 832 754 1031 380 679 657 162 545 924 922 765 317 819 378 537 808 697 1177 1187 142 814 681 143 606 993 831 728 1067 799 912 654 682 316 1177
831 784 634 452 358 411 719 1012 1040 1001 887 1463 1295 395 1000 721 1448 642 447 1457 1254 453 720 994 1324 1044 440 1450 784 878 0 790 1004 721 461 784 1118 1039 340 784 965 943 996 511 233 738 1051 721 1105 781 503 774 513 1463 1473 909 780 647 910 892 1278 331 544 377 765 729 940 260 719 1463
777 33 729 986 961 1013 177 520 666 509 513 1089 921 491 508 179 1074 588 1050 1084 762 935 178 620 950 670 535 1076 33 386 790 0 630 110 407 34 744 665 943 33 591 569 504 457 836 833 677 179 731 30 449 720 609 1089 1099 417 726 593 418 518 904 743 640 979 710 824 566 593 110 1089
991 624 943 1200 1175 1227 560 852 348 841 194 824 657 705 840 561 810 802 1264 819 1094 1149 561 101 686 352 750 811 624 719 1004 630 0 561 621 624 426 412 1157 624 134 195 836 671 1050 1047 424 561 413 622 663 934 823 824 834 749 940 807 750 198 640 957 854 1193 925 1038 192 808 559 824
708 103 660 917 891 944 108 450 596 439 444 1019 852 421 439 109 1005 518 980 1014 692 865 109 551 881 600 466 1007 103 317 721 110 561 0 337 103 674 596 873 103 522 499 434 387 766 764 607 109 661 125 379 650 539 1019 1029 348 656 523 348 448 835 673 570 910 641 754 496 524 52 1019
448 400 400 657 632 684 336 628 657 617 504 1080 912 162 617 338 1065 258 721 1074 870 605 337 611 941 660 206 1067 400 495 461 407 621 337 0 400 734 656 614 400 582 560 612 71 507 504 668 337 721 398 63 391 280 1079 1089 526 397 264 527 508 895 413 310 650 381 495 556 264 336 1080
771 37 723 980 955 1007 171 513 659 502 507 1083 915 484 502 173 1068 581 1043 1077 755 928 172 614 944 663 529 1070 37 380 784 34 624 103 400 0 737 659 937 37 585 562 497 450 830 827 670 172 724 33 442 713 602 1082 1092 411 719 586 411 511 898 736 633 973 704 818 559 587 103 1083
1105 737 1057 1314 1289 1341 673 965 88 954 279 617 449 818 954 675 602 915 1377 611 1207 1262 674 416 478 90 863 604 737 832 1118 744 426 674 734 737 0 440 1271 737 387 365 949 784 1164 1161 452 674 78 735 776 1047 936 616 626 863 1053 920 863 291 432 1070 967 1307 1038 1152 362 921 673 617
1026 659 978 1235 1210 1263 595 887 362 876 295 786 618 740 875 596 771 837 1299 780 1129 1184 596 402 647 366 785 773 659 754 1039 665 412 596 656 659 440 0 1192 659 373 351 871 706 1085 1082 74 596 427 657 698 969 858 785 795 784 975 842 785 299 601 992 889 1228 960 1073 348 843 594 786
984 937 787 314 220 272 872 1165 1193 1154 1040 1616 1448 548 1153 874 1601 795 309 1610 1267 403 873 1147 1477 1197 593 1603 937 1031 340 943 1157 873 614 937 1271 1192 0 936 1118 1096 1148 664 151 798 1204 874 1258 934 656 816 666 1616 1626 1062 933 800 1063 1045 1431 484 697 238 807 788 1093 413 872 1616
771 36 723 980 954 1007 171 513 659 502 507 1082 915 484 502 173 1068 581 1043 1077 755 928 172 614 944 663 529 1070 36 380 784 33 624 103 400 37 737 659 936 0 585 562 497 450 829 827 670 172 724 32 442 713 602 1082 1092 411 719 586 411 511 898 736 633 973 704 817 559 587 103 1082
952 585 904 1161 1136 1188 520 813 309 802 155 785 618 666 801 522 771 763 1225 780 1055 1110 521 124 647 313 710 772 585 679 965 591 134 522 582 585 387 373 1118 585 0 156 797 632 1011 1008 384 522 374 582 624 895 784 785 795 710 901 768 711 159 600 918 814 1154 885 999 153 768 520 785
930 562 882 1139 1114 1166 498 790 287 780 132 763 595 643 779 500 748 740 1202 757 1032 1087 499 185 624 291 688 750 562 657 943 569 195 499 560 562 365 351 1096 562 156 0 774 609 989 986 362 500 352 560 601 872 761 763 773 688 878 745 689 137 578 895 792 1132 863 977 61 746 498 763
983 497 935 1192 1166 1219 433 383 871 372 719 1294 1127 696 371 435 1280 793 1255 1289 625 1140 434 826 1156 875 741 1282 497 162 996 504 836 434 612 497 949 871 1148 497 797 774 0 662 1041 1039 882 434 936 495 654 925 814 1294 1304 260 931 798 260 723 1110 948 845 1185 916 1029 771 799 433 1294
498 450 450 707 682 734 386 678 706 667 554 1129 962 211 667 388 1115 308 770 1124 920 655 387 661 991 710 256 1117 450 545 511 457 671 387 71 450 784 706 664 450 632 609 662 0 557 554 717 387 771 448 54 440 329 1129 1139 576 446 313 576 558 945 463 360 700 431 545 606 314 386 1130
877 830 680 262 168 221 765 1058 1086 1047 933 1509 1341 441 1046 767 1494 688 257 1503 1215 352 766 1040 1370 1090 486 1496 830 924 233 836 1050 766 507 830 1164 1085 151 829 1011 989 1041 557 0 746 1097 767 1151 827 549 764 559 1509 1519 955 826 693 956 938 1324 377 590 187 755 737 986 306 765 1509
648 827 170 520 657 858 763 1055 1083 1044 930 1506 1339 368 1043 764 1492 411 618 1501 992 882 764 1038 1368 1087 341 1493 827 922 738 833 1047 764 504 827 1161 1082 798 827 1008 986 1039 554 746 0 1094 764 1148 825 546 399 415 1506 1516 952 549 416 953 935 1322 690 224 676 389 49 983 541 762 1506
1038 670 990 1247 1222 1274 606 898 374 888 307 797 630 751 887 608 783 848 1311 792 1140 1195 607 414 659 378 796 784 670 765 1051 677 424 607 668 670 452 74 1204 670 384 362 882 717 1097 1094 0 608 439 668 709 980 869 797 807 796 986 854 797 311 613 1003 900 1240 971 1085 359 854 606 797
708 172 660 917 892 944 56 450 597 439 444 1020 852 421 439 56 1005 518 980 1014 692 865 56 551 881 601 466 1007 172 317 721 179 561 109 337 172 674 596 874 172 522 500 434 387 767 764 608 0 661 195 379 650 539 1019 1029 348 656 523 349 448 835 673 570 910 641 755 496 524 108 1020
1092 724 1044 1301 1275 1328 660 952 75 941 266 604 436 805 941 662 589 902 1364 598 1194 1249 661 403 465 77 850 591 724 819 1105 731 413 661 721 724 78 427 1258 724 374 352 936 771 1151 1148 439 661 0 722 763 1034 923 603 613 850 1040 907 850 278 419 1057 954 1294 1025 1139 349 908 660 604
769 33 721 978 952 1005 193 511 657 500 505 1080 913 482 499 195 1066 579 1041 1075 753 926 194 612 942 661 527 1067 33 378 781 30 622 125 398 33 735 657 934 32 582 560 495 448 827 825 668 195 722 0 440 711 600 1080 1090 409 717 584 409 509 896 734 631 971 702 815 557 585 125 1080
490 442 442 699 674 726 378 670 698 659 546 1121 954 203 659 380 1107 300 762 1116 912 647 379 653 983 702 248 1109 442 537 503 449 663 379 63 442 776 698 656 442 624 601 654 54 549 546 709 379 763 440 0 432 321 1121 1131 568 438 305 568 550 937 455 352 692 423 537 598 306 378 1122
288 713 455 539 676 876 649 941 969 930 817 1393 1225 474 930 651 1378 284 637 1387 760 918 650 924 1254 973 519 1380 713 808 774 720 934 650 391 713 1047 969 816 713 895 872 925 440 764 399 980 650 1034 711 432 0 592 1392 1402 839 268 289 839 821 1208 726 444 694 60 389 869 577 649 1393
650 602 310 757 684 736 538 830 858 819 706 1282 1114 143 819 540 1267 460 773 1276 1072 658 539 813 1143 862 101 1269 602 697 513 609 823 539 280 602 936 858 666 602 784 761 814 329 559 415 869 539 923 600 321 592 0 1281 1291 728 598 465 728 710 1097 466 221 702 583 405 758 317 538 1282
1450 1082 1402 1659 1634 1686 1018 1310 539 1299 677 216 198 1163 1299 1020 116 1260 1722 38 1552 1607 1019 814 184 543 1208 52 1082 1177 1463 1089 824 1019 1079 1082 616 785 1616 1082 785 763 1294 1129 1509 1506 797 1019 603 1080 1121 1392 1281 0 226 1208 1398 1265 1208 689 239 1415 1312 1652 1383 1497 760 1266 1018 216
1460 1092 1412 1669 1643 1696 1028 1320 549 1309 687 52 208 1173 1309 1030 212 1270 1732 221 1562 1617 1029 824 194 553 1218 214 1092 1187 1473 1099 834 1029 1089 1092 626 795 1626 1092 795 773 1304 1139 1519 1516 807 1029 613 1090 1131 1402 1291 226 0 1218 1408 1275 1218 699 249 1425 1322 1662 1393 1507 770 1276 1028 52
896 411 848 1105 1080 1132 346 182 785 171 632 1208 1040 610 171 348 1193 707 1169 1203 424 1054 348 739 1069 789 654 1195 411 142 909 417 749 348 526 411 863 784 1062 411 710 688 260 576 955 952 796 348 850 409 568 839 728 1208 1218 0 845 712 60 637 1023 862 759 1098 829 943 685 712 346 1208
136 719 605 689 826 1003 655 947 975 936 823 1399 1231 480 936 657 1384 170 787 1393 746 924 656 930 1260 979 525 1386 719 814 780 726 940 656 397 719 1053 975 933 719 901 878 931 446 826 549 986 656 1040 717 438 268 598 1398 1408 845 0 164 845 827 1214 732 595 844 279 540 875 583 655 1399
263 586 472 556 693 870 522 814 842 803 690 1266 1098 348 803 524 1251 48 654 1260 873 791 523 797 1127 846 392 1253 586 681 647 593 807 523 264 586 920 842 800 586 768 745 798 313 693 416 854 523 907 584 305 289 465 1265 1275 712 164 0 713 694 1081 599 462 711 280 407 742 450 522 1266
897 411 849 1106 1081 1133 347 183 786 172 633 1209 1041 610 172 349 1194 707 1170 1203 425 1054 348 740 1070 790 655 1196 411 143 910 418 750 348 527 411 863 785 1063 411 711 689 260 576 956 953 797 349 850 409 568 839 728 1208 1218 60 845 713 0 638 1024 862 759 1099 830 944 686 713 347 1209
879 511 831 1088 1063 1115 447 739 213 728 59 689 522 592 728 449 675 689 1151 684 981 1036 448 188 551 217 637 676 511 606 892 518 198 448 508 511 291 299 1045 511 159 137 723 558 938 935 311 448 278 509 550 821 710 689 699 637 827 694 638 0 505 844 741 1081 812 926 134 695 447 689
1265 898 1217 1474 1449 1502 834 1126 354 1115 493 240 72 979 1114 835 225 1076 1538 234 1368 1423 835 630 101 358 1024 227 898 993 1278 904 640 835 895 898 432 601 1431 898 600 578 1110 945 1324 1322 613 835 419 896 937 1208 1097 239 249 1023 1214 1081 1024 505 0 1231 1128 1467 1199 1312 575 1082 833 240
784 736 586 596 502 555 672 964 992 953 840 1415 1248 348 953 674 1401 594 591 1410 1206 476 673 947 1277 996 392 1403 736 831 331 743 957 673 413 736 1070 992 484 736 918 895 948 463 377 690 1003 673 1057 734 455 726 466 1415 1425 862 732 599 862 844 1231 0 496 520 717 681 892 178 672 1416
681 633 120 566 703 767 569 861 889 850 737 1312 1145 174 849 570 1298 456 664 1307 1038 689 570 844 1174 893 147 1299 633 728 544 640 854 570 310 633 967 889 697 633 814 792 845 360 590 224 900 570 954 631 352 444 221 1312 1322 759 595 462 759 741 1128 496 0 721 435 214 789 347 569 1312
943 973 732 192 74 208 908 1201 1229 1190 1076 1652 1484 584 1189 910 1638 706 187 1647 1145 337 910 1183 1514 1233 629 1639 973 1067 377 979 1193 910 650 973 1307 1228 238 973 1154 1132 1185 700 187 676 1240 910 1294 971 692 694 702 1652 1662 1098 844 711 1099 1081 1467 520 721 0 685 666 1129 449 908 1652
299 704 446 529 666 867 640 932 960 921 807 1383 1216 465 920 641 1369 275 627 1378 771 909 641 915 1245 964 510 1370 704 799 765 710 925 641 381 704 1038 960 807 704 885 863 916 431 755 389 971 641 1025 702 423 60 583 1383 1393 829 279 280 830 812 1199 717 435 685 0 380 860 568 640 1383
639 818 176 511 648 848 753 1046 1074 1035 921 1497 1329 358 1034 755 1482 402 609 1491 983 873 754 1028 1358 1078 332 1484 818 912 729 824 1038 754 495 818 1152 1073 788 817 999 977 1029 545 737 49 1085 755 1139 815 537 389 405 1497 1507 943 540 407 944 926 1312 681 214 666 380 0 974 532 753 1497
927 559 879 1136 1111 1163 495 787 284 777 129 760 592 640 776 497 745 737 1199 754 1029 1084 496 182 621 288 685 747 559 654 940 566 192 496 556 559 362 348 1093 559 153 61 771 606 986 983 359 496 349 557 598 869 758 760 770 685 875 742 686 134 575 892 789 1129 860 974 0 743 495 760
635 587 437 525 431 483 523 815 843 804 691 1266 1099 199 803 524 1252 445 520 1261 1057 404 524 798 1128 847 243 1253 587 682 260 593 808 524 264 587 921 843 413 587 768 746 799 314 306 541 854 524 908 585 306 577 317 1266 1276 712 583 450 713 695 1082 178 347 449 568 532 743 0 523 1266
706 103 658 915 890 942 106 449 595 438 442 1018 851 420 437 108 1004 517 979 1013 691 864 107 549 880 599 465 1005 103 316 719 110 559 52 336 103 673 594 872 103 520 498 433 386 765 762 606 108 660 125 378 649 538 1018 1028 346 655 522 347 447 833 672 569 908 640 753 495 523 0 1018
1450 1083 1402 1659 1634 1686 1018 1311 539 1300 678 52 199 1164 1299 1020 202 1261 1723 211 1553 1608 1019 814 185 543 1208 204 1083 1177 1463 1089 824 1019 1080 1083 617 786 1616 1082 785 763 1294 1130 1509 1506 797 1020 604 1080 1122 1393 1282 216 52 1208 1399 1266 1209 689 240 1416 1312 1652 1383 1497 760 1266 1018 0
EOF