NAME : tsp_problem
TYPE : TSP
DIMENSION : 88
EDGE_WEIGHT_TYPE : EXPLICIT
EDGE_WEIGHT_FORMAT : FULL_MATRIX
EDGE_WEIGHT_SECTION
0 940 1177 930 929 565 59 835 966 1111 1030 804 1045 949 888 459 476 472 951 932 946 938 947 930 590 541 1112 917 1120 975 967 850 533 1048 1159 1200 966 948 850 965 981 856 959 609 858 936 488 131 1047 753 47 932 1022 236 892 811 742 954 558 957 893 975 941 993 796 690 965 949 713 962 112 1113 1083 623 294 587 577 1226 614 954 923 967 53 746 576 1009 950 905
940 0 1655 93 93 554 931 1313 91 1589 457 651 471 86 82 1146 550 546 100 96 109 102 92 94 387 614 1590 1395 1598 82 555 654 1220 474 1450 1887 83 208 654 80 1459 660 78 682 1545 100 562 1003 1525 224 917 96 1500 1031 86 826 739 1432 631 74 1580 1453 98 1680 714 681 75 96 786 98 984 1591 1732 614 840 1219 1230 1705 605 85 1610 88 925 736 566 1487 85 576
994 1655 0 1645 1644 1280 985 411 1682 543 1388 1162 1402 1664 1603 1018 1214 1205 1666 1647 1661 1654 1662 1646 1306 1230 213 278 196 1691 1325 1208 1093 1406 866 926 1681 1663 1208 1681 412 1213 1675 1169 1055 1652 1203 1057 149 1468 971 1647 174 1085 1607 1010 946 397 1247 1672 859 406 1656 1190 1153 1048 1680 1664 1064 1677 1038 255 685 1076 1035 614 625 658 1152 1670 1120 1682 979 1103 1118 221 1666 1263
930 93 1645 0 83 544 921 1303 119 1579 446 641 461 103 72 1135 539 535 105 86 99 92 101 84 377 604 1580 1385 1588 110 545 644 1210 464 1439 1876 111 198 644 108 1449 649 106 672 1535 90 552 993 1515 214 907 86 1490 1021 76 816 729 1422 621 102 1570 1443 95 1669 703 671 103 103 776 115 974 1581 1722 604 830 1209 1220 1694 594 108 1600 116 915 726 556 1476 104 565
929 93 1644 83 0 543 920 1302 76 1578 446 640 460 71 71 1135 539 535 85 85 94 91 77 83 376 603 1579 1385 1587 67 544 643 1209 464 1439 1876 68 197 643 65 1448 649 63 671 1534 89 551 993 1514 213 906 84 1489 1020 75 815 728 1421 620 59 1569 1442 83 1669 703 670 59 81 775 82 973 1580 1721 603 829 1208 1219 1694 594 70 1599 73 914 725 556 1476 69 565
565 554 1280 544 543 0 557 938 581 1215 646 420 661 563 502 771 175 171 565 546 560 552 561 544 204 240 1215 1021 1223 589 583 466 845 664 1075 1512 580 562 466 579 1084 472 573 308 1171 550 187 629 1150 367 543 546 1125 657 506 451 364 1057 256 571 1205 1078 555 1305 412 306 579 563 411 576 609 1217 1357 239 466 845 856 1330 230 568 1235 581 550 362 192 1112 564 521
59 931 1169 921 920 557 0 826 958 1103 1022 795 1036 941 879 450 467 463 942 923 937 930 938 922 582 532 1103 909 1111 967 959 842 525 1039 1150 1191 958 939 841 957 972 847 951 600 850 928 479 121 1038 744 38 923 1013 227 883 802 734 945 549 948 884 966 932 984 787 682 956 940 704 953 103 1105 1074 615 285 579 568 1218 605 946 915 958 44 737 567 1000 942 896
652 1313 411 1303 1302 938 643 0 1340 345 1046 819 1060 1322 1261 676 872 863 1324 1305 1319 1312 1320 1304 964 888 346 151 354 1349 983 866 751 1064 524 729 1339 1321 866 1339 215 871 1332 827 858 1310 861 715 281 1126 629 1305 256 743 1265 668 604 164 905 1330 661 209 1314 992 811 706 1338 1322 722 1335 696 347 488 734 693 272 283 461 810 1328 923 1340 637 761 776 243 1324 921
966 91 1682 119 76 581 958 1340 0 1616 483 678 498 60 108 1172 576 572 74 81 83 82 66 74 414 641 1616 1422 1625 56 582 681 1247 501 1476 1913 57 235 680 53 1486 686 52 709 1572 78 588 1030 1552 251 944 73 1527 1058 113 853 766 1459 658 48 1607 1480 72 1706 740 708 48 70 813 71 1011 1618 1759 641 867 1246 1257 1731 631 58 1637 62 952 763 593 1513 58 602
928 1589 543 1579 1578 1215 919 345 1616 0 1322 1096 1337 1599 1537 868 1148 1139 1600 1582 1595 1588 1597 1580 1240 1164 477 283 485 1625 1259 1142 942 1340 801 429 1616 1598 1142 1615 202 1148 1609 1103 558 1586 1138 992 412 1402 905 1581 387 1019 1541 944 881 331 1181 1607 361 195 1591 692 1088 982 1614 1599 998 1611 972 479 187 1010 969 549 560 146 1086 1604 622 1616 913 1037 1052 374 1600 1197
1030 457 1388 446 446 646 1022 1046 483 1322 0 273 66 466 405 1236 585 577 468 449 463 455 464 447 603 602 1322 1128 1331 492 177 276 1310 70 1182 1706 483 465 275 482 1192 281 476 653 1636 453 575 1094 1258 440 1008 449 1233 1122 409 559 472 1165 619 474 1638 1186 458 1770 335 378 482 466 548 478 1074 1324 1465 441 931 952 963 1437 518 471 1701 484 1015 372 483 1219 467 197
804 651 1162 641 640 420 795 819 678 1096 273 0 287 660 599 1010 359 351 662 643 657 649 658 642 445 375 1096 902 1104 687 210 93 1084 290 956 1480 677 659 92 677 965 98 670 426 1409 647 349 868 1031 608 781 643 1006 895 603 332 246 938 392 668 1412 959 652 1544 109 151 676 660 321 673 848 1098 1238 215 704 726 737 1211 291 666 1474 678 789 146 257 993 662 148
1045 471 1402 461 460 661 1036 1060 498 1337 66 287 0 480 419 1250 600 591 482 463 477 470 478 462 618 616 1337 1143 1345 507 191 290 1325 32 1197 1720 497 479 290 497 1206 296 490 667 1650 468 590 1108 1272 454 1022 463 1247 1136 423 573 486 1179 633 488 1653 1200 472 1784 350 392 496 480 562 493 1089 1338 1479 456 945 967 977 1452 532 486 1715 498 1030 387 498 1234 482 212
949 86 1664 103 71 563 941 1322 60 1599 466 660 480 0 91 1155 559 555 69 76 78 77 61 69 397 624 1599 1405 1607 51 565 663 1229 484 1459 1896 52 218 663 49 1468 669 47 692 1555 73 571 1013 1534 234 927 68 1509 1041 95 835 748 1441 640 43 1589 1462 67 1689 723 690 43 65 795 66 993 1601 1741 623 850 1229 1240 1714 614 54 1619 57 934 746 576 1496 53 585
888 82 1603 72 71 502 879 1261 108 1537 405 599 419 91 0 1093 497 493 93 74 88 80 89 72 335 562 1538 1343 1546 117 503 602 1168 422 1397 1834 108 156 602 107 1407 607 101 630 1493 78 510 951 1473 172 865 74 1448 979 34 774 687 1380 579 99 1528 1401 83 1627 661 629 107 91 734 104 932 1539 1680 562 788 1167 1178 1652 553 96 1558 109 873 684 514 1434 92 524
459 1146 1008 1135 1135 771 450 665 1172 868 1236 1010 1250 1155 1093 0 681 677 1157 1138 1152 1144 1153 1136 796 747 942 748 950 1181 1173 1056 95 1254 989 841 1172 1154 1056 1171 811 1062 1165 815 499 1142 694 522 877 959 436 1138 852 550 1098 934 870 784 763 1163 534 805 1147 634 1001 896 1171 1155 918 1167 503 944 724 829 500 418 407 983 820 1160 564 1172 444 951 782 839 1156 1111
476 550 1214 539 539 175 467 872 576 1148 585 359 600 559 497 681 0 30 561 542 556 548 557 540 200 96 1148 954 1156 585 522 405 756 603 1008 1422 576 558 405 575 1017 411 569 164 1081 546 46 539 1083 363 453 542 1058 567 502 384 298 990 113 567 1116 1011 551 1215 351 245 575 559 268 571 520 1150 1290 178 376 778 789 1263 169 564 1146 576 461 301 131 1045 560 460
472 546 1205 535 535 171 463 863 572 1139 577 351 591 555 493 677 30 0 557 538 552 544 553 536 196 88 1140 946 1148 581 514 397 752 595 1000 1418 572 554 397 571 1009 403 565 156 1077 542 42 535 1075 359 449 538 1050 563 498 376 289 982 104 563 1112 1003 547 1211 342 237 571 555 259 567 516 1141 1282 170 372 769 780 1255 161 560 1142 572 457 292 123 1037 556 452
951 100 1666 105 85 565 942 1324 74 1600 468 662 482 69 93 1157 561 557 0 90 92 91 75 83 399 625 1601 1407 1609 65 566 665 1231 486 1461 1898 66 219 665 63 1470 671 61 693 1556 88 573 1015 1536 235 928 82 1511 1042 97 837 750 1443 642 57 1591 1464 81 1691 725 692 57 79 797 80 995 1602 1743 625 851 1230 1241 1716 616 68 1621 71 936 747 578 1498 67 587
932 96 1647 86 85 546 923 1305 81 1582 449 643 463 76 74 1138 542 538 90 0 99 94 82 86 380 606 1582 1388 1590 72 548 646 1212 467 1442 1879 73 201 646 69 1451 652 68 675 1537 92 554 996 1517 216 909 88 1492 1023 78 818 731 1424 623 64 1572 1445 88 1672 706 673 64 86 778 87 976 1583 1724 606 832 1212 1222 1697 597 74 1602 78 917 728 559 1479 74 568
946 109 1661 99 94 560 937 1319 83 1595 463 657 477 78 88 1152 556 552 92 99 0 100 84 92 393 620 1596 1402 1604 74 561 660 1226 481 1456 1893 75 214 660 72 1465 666 70 688 1551 97 568 1010 1531 230 923 91 1506 1037 92 832 745 1438 637 66 1586 1459 90 1686 720 687 66 88 792 89 990 1597 1738 620 846 1225 1236 1711 611 77 1616 80 931 742 573 1493 76 582
938 102 1654 92 91 552 930 1312 82 1588 455 649 470 77 80 1144 548 544 91 94 100 0 84 92 386 613 1588 1394 1596 73 554 653 1219 473 1448 1885 74 207 652 71 1458 658 70 681 1544 96 560 1002 1523 223 916 90 1498 1030 84 825 738 1430 630 65 1578 1451 89 1678 712 679 66 87 785 89 982 1590 1730 613 839 1218 1229 1703 603 76 1609 80 924 735 565 1485 76 574
947 92 1662 101 77 561 938 1320 66 1597 464 658 478 61 89 1153 557 553 75 82 84 84 0 75 395 621 1597 1403 1605 57 562 661 1227 482 1457 1894 58 215 661 55 1466 667 53 690 1552 80 569 1011 1532 231 924 74 1507 1038 93 833 746 1439 638 49 1587 1460 73 1687 721 688 49 71 793 72 991 1598 1739 621 847 1226 1237 1712 612 60 1617 63 932 743 574 1494 59 583
930 94 1646 84 83 544 922 1304 74 1580 447 642 462 69 72 1136 540 536 83 86 92 92 75 0 378 605 1580 1386 1588 65 546 645 1211 465 1440 1877 66 199 644 63 1450 650 61 673 1536 88 552 994 1515 215 908 82 1490 1022 77 817 730 1423 622 57 1570 1443 81 1670 704 671 58 79 777 81 975 1582 1722 605 831 1210 1221 1695 595 68 1601 72 916 727 557 1477 68 566
590 387 1306 377 376 204 582 964 414 1240 603 445 618 397 335 796 200 196 399 380 393 386 395 378 0 265 1240 1046 1248 423 608 491 870 621 1100 1537 414 396 491 413 1109 497 407 333 1196 384 212 654 1175 200 568 379 1150 682 339 477 390 1082 281 405 1230 1103 389 1330 437 331 412 397 437 409 634 1242 1382 265 491 870 881 1355 255 402 1261 414 576 387 217 1137 398 546
541 614 1230 604 603 240 532 888 641 1164 602 375 616 624 562 747 96 88 625 606 620 613 621 605 265 0 1164 970 1173 650 539 422 821 619 1024 1488 640 622 421 640 1034 427 634 111 1146 611 86 605 1100 427 518 606 1075 632 566 401 314 1007 91 631 1181 1028 615 1281 367 262 639 623 215 636 585 1166 1307 195 441 794 805 1279 185 629 1211 641 526 317 147 1061 625 477
928 1590 213 1580 1579 1215 920 346 1616 477 1322 1096 1337 1599 1538 953 1148 1140 1601 1582 1596 1588 1597 1580 1240 1164 0 212 83 1625 1259 1142 1027 1340 801 861 1616 1598 1142 1615 347 1148 1609 1103 990 1586 1138 992 130 1403 906 1582 109 1020 1542 945 881 332 1181 1607 793 341 1591 1124 1088 982 1615 1599 998 1611 972 242 620 1010 969 549 560 592 1087 1604 1055 1617 914 1038 1052 199 1600 1197
734 1395 278 1385 1385 1021 725 151 1422 283 1128 902 1143 1405 1343 759 954 946 1407 1388 1402 1394 1403 1386 1046 970 212 0 225 1431 1065 948 833 1146 607 667 1422 1404 948 1421 153 954 1415 909 796 1392 944 798 147 1208 712 1388 123 825 1348 751 687 137 987 1413 599 146 1397 930 894 788 1420 1405 804 1417 778 214 425 816 775 355 366 398 892 1410 860 1422 719 844 858 109 1406 1003
936 1598 196 1588 1587 1223 928 354 1625 485 1331 1104 1345 1607 1546 961 1156 1148 1609 1590 1604 1596 1605 1588 1248 1173 83 225 0 1633 1267 1151 1036 1348 809 869 1624 1606 1150 1623 355 1156 1617 1111 998 1594 1146 1000 195 1411 914 1590 174 1028 1550 953 889 340 1189 1615 801 349 1599 1132 1096 991 1623 1607 1006 1620 981 307 628 1018 977 557 568 600 1095 1612 1063 1625 922 1046 1060 212 1608 1205
975 82 1691 110 67 589 967 1349 56 1625 492 687 507 51 117 1181 585 581 65 72 74 73 57 65 423 650 1625 1431 1633 0 591 690 1256 510 1485 1922 48 244 689 45 1495 695 43 718 1581 69 597 1039 1560 260 953 64 1535 1067 122 862 775 1468 667 39 1615 1488 63 1715 749 717 39 61 822 62 1020 1627 1767 650 876 1255 1266 1740 640 50 1646 53 961 772 602 1522 49 611
967 555 1325 545 544 583 959 983 582 1259 177 210 191 565 503 1173 522 514 566 548 561 554 562 546 608 539 1259 1065 1267 591 0 213 1247 195 1119 1643 582 564 212 581 1129 218 575 589 1573 552 512 1031 1195 539 945 547 1170 1059 507 496 409 1102 555 573 1575 1122 556 1707 272 315 580 565 485 577 1011 1261 1401 378 868 889 900 1374 455 570 1638 582 952 309 420 1156 566 131
850 654 1208 644 643 466 842 866 681 1142 276 93 290 663 602 1056 405 397 665 646 660 653 661 645 491 422 1142 948 1151 690 213 0 1130 294 1002 1526 680 662 25 680 1012 31 673 473 1456 650 395 914 1078 637 828 646 1053 942 606 379 292 985 439 671 1458 1006 655 1590 155 198 679 663 368 676 894 1144 1285 261 751 772 783 1257 338 669 1521 681 835 192 303 1039 665 151
533 1220 1082 1210 1209 845 525 740 1247 942 1310 1084 1325 1229 1168 95 756 752 1231 1212 1226 1219 1227 1211 870 821 1016 822 1025 1256 1247 1130 0 1328 1064 915 1246 1228 1130 1246 886 1136 1239 889 574 1216 768 597 952 1033 511 1212 927 625 1172 1008 944 859 838 1237 608 880 1221 708 1076 970 1245 1229 993 1242 577 1018 798 904 574 492 482 1057 894 1235 639 1247 518 1026 856 913 1231 1185
1048 474 1406 464 464 664 1039 1064 501 1340 70 290 32 484 422 1254 603 595 486 467 481 473 482 465 621 619 1340 1146 1348 510 195 294 1328 0 1200 1724 501 483 293 500 1210 299 494 670 1653 471 593 1112 1275 458 1025 467 1250 1139 427 577 490 1183 636 492 1656 1203 476 1788 353 395 499 484 566 496 1092 1342 1482 459 948 970 981 1455 536 489 1718 501 1033 390 501 1237 485 215
975 1450 866 1439 1439 1075 967 524 1476 801 1182 956 1197 1459 1397 1000 1008 1000 1461 1442 1456 1448 1457 1440 1100 1024 801 607 809 1485 1119 1002 1075 1200 0 1184 1476 1458 1002 1475 670 1008 1469 963 1313 1446 998 1039 736 1263 953 1442 711 1067 1402 805 741 643 1041 1467 1117 664 1451 1448 948 842 1475 1459 858 1471 1020 802 943 870 1016 596 607 916 947 1464 1378 1476 961 898 912 698 1460 1057
1200 1887 926 1876 1876 1512 1191 729 1913 429 1706 1480 1720 1896 1834 841 1422 1418 1898 1879 1893 1885 1894 1877 1537 1488 861 667 869 1922 1643 1526 915 1724 1184 0 1913 1895 1526 1912 585 1531 1906 1487 531 1883 1435 1263 796 1700 1177 1879 771 1291 1839 1328 1264 715 1504 1904 334 579 1888 665 1471 1366 1912 1896 1382 1908 1244 863 285 1394 1241 933 943 544 1470 1901 595 1913 1185 1421 1436 758 1897 1581
966 83 1681 111 68 580 958 1339 57 1616 483 677 497 52 108 1172 576 572 66 73 75 74 58 66 414 640 1616 1422 1624 48 582 680 1246 501 1476 1913 0 235 680 46 1485 686 44 709 1572 70 588 1030 1551 250 944 65 1526 1058 112 852 765 1458 657 40 1606 1479 64 1706 740 707 40 62 812 63 1010 1618 1758 640 867 1246 1257 1731 631 51 1636 54 951 763 593 1513 50 602
948 208 1663 198 197 562 939 1321 235 1598 465 659 479 218 156 1154 558 554 219 201 214 207 215 199 396 622 1598 1404 1606 244 564 662 1228 483 1458 1895 235 0 662 234 1467 668 228 691 1554 205 570 1012 1533 232 926 200 1508 1039 160 834 747 1440 639 226 1588 1461 209 1688 722 689 233 218 794 230 992 1600 1740 622 848 1228 1238 1713 613 223 1618 235 933 745 575 1495 219 584
850 654 1208 644 643 466 841 866 680 1142 275 92 290 663 602 1056 405 397 665 646 660 652 661 644 491 421 1142 948 1150 689 212 25 1130 293 1002 1526 680 662 0 679 1011 30 673 472 1455 650 395 914 1077 637 827 646 1052 941 606 378 292 984 438 671 1458 1005 655 1590 155 197 679 663 367 676 894 1144 1284 261 750 772 783 1257 338 668 1520 681 835 192 303 1039 664 150
965 80 1681 108 65 579 957 1339 53 1615 482 677 497 49 107 1171 575 571 63 69 72 71 55 63 413 640 1615 1421 1623 45 581 680 1246 500 1475 1912 46 234 679 0 1485 685 41 708 1571 67 587 1029 1550 250 943 62 1525 1057 112 852 765 1458 657 37 1605 1478 61 1705 739 706 37 59 812 60 1010 1617 1757 640 866 1245 1256 1730 630 47 1636 51 951 762 592 1512 47 601
798 1459 412 1449 1448 1084 789 215 1486 202 1192 965 1206 1468 1407 822 1017 1009 1470 1451 1465 1458 1466 1450 1109 1034 347 153 355 1495 1129 1012 897 1210 670 585 1485 1467 1011 1485 0 1017 1478 972 714 1455 1007 861 282 1272 775 1451 257 889 1411 814 750 201 1051 1476 518 65 1460 849 957 852 1484 1468 868 1481 842 348 344 880 838 418 429 317 956 1474 779 1486 783 907 922 244 1470 1067
856 660 1213 649 649 472 847 871 686 1148 281 98 296 669 607 1062 411 403 671 652 666 658 667 650 497 427 1148 954 1156 695 218 31 1136 299 1008 1531 686 668 30 685 1017 0 679 478 1461 656 401 919 1083 643 833 652 1058 947 612 384 297 990 444 677 1464 1011 661 1596 161 203 685 669 373 681 900 1150 1290 267 756 778 788 1263 343 674 1526 686 841 198 309 1045 670 156
959 78 1675 106 63 573 951 1332 52 1609 476 670 490 47 101 1165 569 565 61 68 70 70 53 61 407 634 1609 1415 1617 43 575 673 1239 494 1469 1906 44 228 673 41 1478 679 0 702 1565 66 581 1023 1544 244 937 60 1519 1051 105 845 759 1451 650 35 1599 1472 59 1699 733 700 35 57 805 58 1003 1611 1751 633 860 1239 1250 1724 624 46 1630 49 944 756 586 1506 45 595
609 682 1169 672 671 308 600 827 709 1103 653 426 667 692 630 815 164 156 693 675 688 681 690 673 333 111 1103 909 1111 718 589 473 889 670 963 1487 709 691 472 708 972 478 702 0 1214 679 154 673 1038 495 586 674 1013 700 634 339 253 945 95 700 1249 966 684 1349 418 313 707 692 120 704 653 1105 1245 263 509 733 744 1218 254 697 1279 709 594 368 215 1000 693 527
858 1545 1055 1535 1534 1171 850 858 1572 558 1636 1409 1650 1555 1493 499 1081 1077 1556 1537 1551 1544 1552 1536 1196 1146 990 796 998 1581 1573 1456 574 1653 1313 531 1572 1554 1455 1571 714 1461 1565 1214 0 1542 1093 922 925 1358 836 1537 900 950 1497 1334 1270 844 1163 1563 224 708 1546 172 1401 1296 1570 1555 1318 1567 903 991 414 1229 899 818 807 673 1219 1560 102 1572 844 1351 1181 887 1556 1511
936 100 1652 90 89 550 928 1310 78 1586 453 647 468 73 78 1142 546 542 88 92 97 96 80 88 384 611 1586 1392 1594 69 552 650 1216 471 1446 1883 70 205 650 67 1455 656 66 679 1542 0 558 1000 1521 221 914 86 1496 1028 82 822 736 1428 627 61 1576 1449 85 1676 710 677 62 83 782 85 980 1588 1728 610 837 1216 1227 1701 601 72 1607 76 921 733 563 1483 72 572
488 562 1203 552 551 187 479 861 588 1138 575 349 590 571 510 694 46 42 573 554 568 560 569 552 212 86 1138 944 1146 597 512 395 768 593 998 1435 588 570 395 587 1007 401 581 154 1093 558 0 551 1073 375 465 554 1048 579 514 374 287 980 103 579 1128 1001 563 1228 341 235 587 571 258 584 532 1139 1280 168 388 768 778 1253 159 576 1158 589 473 290 121 1035 572 450
131 1003 1241 993 993 629 121 899 1030 1175 1094 868 1108 1013 951 522 539 535 1015 996 1010 1002 1011 994 654 605 1175 981 1183 1039 1031 914 597 1112 1222 1263 1030 1012 914 1029 1045 919 1023 673 922 1000 551 0 1110 816 110 996 1085 299 956 874 806 1018 621 1021 957 1038 1005 1056 859 754 1028 1013 776 1025 71 1177 1146 687 358 651 641 1290 678 1018 987 1030 116 809 639 1072 1014 969
863 1525 149 1515 1514 1150 855 281 1552 412 1258 1031 1272 1534 1473 888 1083 1075 1536 1517 1531 1523 1532 1515 1175 1100 130 147 195 1560 1195 1078 963 1275 736 796 1551 1533 1077 1550 282 1083 1544 1038 925 1521 1073 927 0 1338 841 1517 91 955 1477 880 816 267 1116 1542 728 276 1526 1059 1023 918 1550 1534 934 1547 908 166 555 945 904 484 495 527 1022 1539 990 1552 849 973 987 90 1535 1132
753 224 1468 214 213 367 744 1126 251 1402 440 608 454 234 172 959 363 359 235 216 230 223 231 215 200 427 1403 1208 1411 260 539 637 1033 458 1263 1700 250 232 637 250 1272 643 244 495 1358 221 375 816 1338 0 730 216 1313 844 176 639 552 1245 444 241 1393 1266 225 1493 599 494 249 233 599 246 797 1404 1545 427 653 1032 1043 1518 418 239 1423 251 738 549 380 1300 235 559
47 917 1155 907 906 543 38 813 944 1089 1008 781 1022 927 865 436 453 449 928 909 923 916 924 908 568 518 1089 895 1097 953 945 828 511 1025 1136 1177 944 926 827 943 958 833 937 586 836 914 465 110 1024 730 0 909 999 213 869 788 720 931 535 935 870 952 918 970 773 668 942 926 690 939 91 1091 1060 601 271 565 554 1204 591 932 901 944 32 723 553 986 928 883
932 96 1647 86 84 546 923 1305 73 1581 449 643 463 68 74 1138 542 538 82 88 91 90 74 82 379 606 1582 1388 1590 64 547 646 1212 467 1442 1879 65 200 646 62 1451 652 60 674 1537 86 554 996 1517 216 909 0 1492 1023 78 818 731 1424 623 56 1572 1445 80 1672 706 673 56 78 778 79 976 1583 1724 606 832 1211 1222 1697 597 67 1602 70 917 728 559 1479 66 568
838 1500 174 1490 1489 1125 830 256 1527 387 1233 1006 1247 1509 1448 863 1058 1050 1511 1492 1506 1498 1507 1490 1150 1075 109 123 174 1535 1170 1053 938 1250 711 771 1526 1508 1052 1525 257 1058 1519 1013 900 1496 1048 902 91 1313 816 1492 0 930 1452 855 791 242 1091 1517 703 251 1501 1034 998 893 1525 1509 909 1522 883 203 530 920 879 459 470 502 997 1514 965 1527 824 948 962 109 1511 1107
236 1031 1269 1021 1020 657 227 926 1058 1203 1122 895 1136 1041 979 550 567 563 1042 1023 1037 1030 1038 1022 682 632 1203 1009 1211 1067 1059 942 625 1139 1250 1291 1058 1039 941 1057 1072 947 1051 700 950 1028 579 299 1138 844 213 1023 1113 0 983 902 834 1045 649 1048 984 1066 1032 1084 887 782 1056 1040 804 1053 280 1205 1174 715 385 679 668 1318 705 1046 1015 1058 221 837 667 1100 1042 996
892 86 1607 76 75 506 883 1265 113 1541 409 603 423 95 34 1098 502 498 97 78 92 84 93 77 339 566 1542 1348 1550 122 507 606 1172 427 1402 1839 112 160 606 112 1411 612 105 634 1497 82 514 956 1477 176 869 78 1452 983 0 778 691 1384 583 103 1532 1405 87 1632 666 633 111 95 738 108 936 1543 1684 566 792 1171 1182 1657 557 101 1562 113 877 688 519 1439 97 528
733 747 962 737 736 372 725 620 774 896 480 253 494 756 695 866 305 297 758 739 753 746 754 738 397 322 896 702 904 783 417 300 941 498 756 1280 773 755 299 773 766 305 766 260 1266 743 295 797 831 560 711 739 806 825 699 0 46 739 339 764 1212 759 748 1400 245 140 772 756 156 769 777 898 1038 167 529 526 537 1011 244 762 1331 774 718 195 209 793 758 355
718 739 946 729 728 364 709 604 766 881 472 246 486 748 687 851 298 289 750 731 745 738 746 730 390 314 881 687 889 775 409 292 925 490 741 1264 765 747 292 765 750 297 759 253 1250 736 287 781 816 552 695 731 791 809 691 117 0 723 331 756 1196 744 740 1385 237 132 764 748 148 761 762 882 1023 160 514 511 521 996 236 754 1315 766 703 187 202 778 750 347
771 1432 397 1422 1421 1057 762 164 1459 331 1165 938 1179 1441 1380 795 990 982 1443 1424 1438 1430 1439 1423 1082 1007 332 137 340 1468 1102 985 870 1183 643 715 1458 1440 984 1458 201 990 1451 945 844 1428 980 834 267 1245 748 1424 242 862 1384 787 723 0 1024 1449 647 195 1433 978 930 825 1457 1441 841 1454 815 333 474 852 811 391 402 446 929 1447 909 1459 756 880 894 229 1443 1040
558 631 1247 621 620 256 549 905 658 1181 619 392 633 640 579 763 113 104 642 623 637 630 638 622 281 91 1181 987 1189 667 555 439 838 636 1041 1504 657 639 438 657 1051 444 650 95 1163 627 103 621 1116 444 535 623 1091 649 583 418 331 1024 0 648 1198 1044 632 1297 384 279 656 640 198 653 602 1183 1323 212 458 811 822 1296 202 646 1228 658 543 334 164 1078 642 493
957 74 1672 102 59 571 948 1330 48 1607 474 668 488 43 99 1163 567 563 57 64 66 65 49 57 405 631 1607 1413 1615 39 573 671 1237 492 1467 1904 40 226 671 37 1476 677 35 700 1563 61 579 1021 1542 241 935 56 1517 1048 103 843 756 1449 648 0 1597 1470 55 1697 731 698 31 53 803 54 1001 1609 1749 631 857 1237 1247 1722 622 42 1627 45 942 754 584 1504 41 593
893 1580 859 1570 1569 1205 884 661 1607 361 1638 1412 1653 1589 1528 534 1116 1112 1591 1572 1586 1578 1587 1570 1230 1181 793 599 801 1615 1575 1458 608 1656 1117 334 1606 1588 1458 1605 518 1464 1599 1249 224 1576 1128 957 728 1393 870 1572 703 984 1532 1260 1196 647 1198 1597 0 511 1581 358 1403 1298 1605 1589 1314 1602 937 795 217 1263 934 852 841 476 1254 1594 289 1607 878 1353 1216 690 1590 1513
791 1453 406 1443 1442 1078 783 209 1480 195 1186 959 1200 1462 1401 816 1011 1003 1464 1445 1459 1451 1460 1443 1103 1028 341 146 349 1488 1122 1006 891 1203 664 579 1479 1461 1005 1478 65 1011 1472 966 708 1449 1001 855 276 1266 769 1445 251 883 1405 808 744 195 1044 1470 511 0 1454 842 951 846 1478 1462 861 1475 836 342 338 873 832 412 423 311 950 1467 773 1480 777 901 915 237 1463 1060
941 98 1656 95 83 555 932 1314 72 1591 458 652 472 67 83 1147 551 547 81 88 90 89 73 81 389 615 1591 1397 1599 63 556 655 1221 476 1451 1888 64 209 655 61 1460 661 59 684 1546 85 563 1005 1526 225 918 80 1501 1032 87 827 740 1433 632 55 1581 1454 0 1681 715 682 55 77 787 78 985 1592 1733 615 841 1220 1231 1706 606 66 1611 69 926 737 568 1488 65 577
993 1680 1190 1669 1669 1305 984 992 1706 692 1770 1544 1784 1689 1627 634 1215 1211 1691 1672 1686 1678 1687 1670 1330 1281 1124 930 1132 1715 1707 1590 708 1788 1448 665 1706 1688 1590 1705 849 1596 1699 1349 172 1676 1228 1056 1059 1493 970 1672 1034 1084 1632 1468 1404 978 1297 1697 358 842 1681 0 1535 1430 1705 1689 1452 1701 1037 1126 548 1363 1034 952 941 807 1354 1694 237 1706 978 1485 1316 1021 1690 1645
796 714 1153 703 703 412 787 811 740 1088 335 109 350 723 661 1001 351 342 725 706 720 712 721 704 437 367 1088 894 1096 749 272 155 1076 353 948 1471 740 722 155 739 957 161 733 418 1401 710 341 859 1023 599 773 706 998 887 666 324 237 930 384 731 1403 951 715 1535 0 143 739 723 313 735 840 1089 1230 207 696 718 728 1203 283 728 1466 740 781 118 249 985 724 210
690 681 1048 671 670 306 682 706 708 982 378 151 392 690 629 896 245 237 692 673 687 679 688 671 331 262 982 788 991 717 315 198 970 395 842 1366 707 689 197 706 852 203 700 313 1296 677 235 754 918 494 668 673 893 782 633 219 132 825 279 698 1298 846 682 1430 143 0 706 690 208 703 734 984 1125 101 591 612 623 1097 178 695 1361 708 675 93 143 879 692 253
965 75 1680 103 59 579 956 1338 48 1614 482 676 496 43 107 1171 575 571 57 64 66 66 49 58 412 639 1615 1420 1623 39 580 679 1245 499 1475 1912 40 233 679 37 1484 685 35 707 1570 62 587 1028 1550 249 942 56 1525 1056 111 851 764 1457 656 31 1605 1478 55 1705 739 706 0 53 811 55 1009 1616 1757 639 865 1244 1255 1730 630 42 1635 46 950 761 591 1512 42 601
949 96 1664 103 81 563 940 1322 70 1599 466 660 480 65 91 1155 559 555 79 86 88 87 71 79 397 623 1599 1405 1607 61 565 663 1229 484 1459 1896 62 218 663 59 1468 669 57 692 1555 83 571 1013 1534 233 926 78 1509 1040 95 835 748 1441 640 53 1589 1462 77 1689 723 690 53 0 795 76 993 1601 1741 623 849 1229 1239 1714 614 64 1619 67 934 746 576 1496 63 585
713 786 1064 776 775 411 704 722 813 998 548 321 562 795 734 918 268 259 797 778 792 785 793 777 437 215 998 804 1006 822 485 368 993 566 858 1382 812 794 367 812 868 373 805 120 1318 782 258 776 934 599 690 778 909 804 738 235 148 841 198 803 1314 861 787 1452 313 208 811 795 0 808 757 1000 1140 236 613 628 639 1113 312 801 1383 813 698 263 278 895 797 423
962 98 1677 115 82 576 953 1335 71 1611 478 673 493 66 104 1167 571 567 80 87 89 89 72 81 409 636 1611 1417 1620 62 577 676 1242 496 1471 1908 63 230 676 60 1481 681 58 704 1567 85 584 1025 1547 246 939 79 1522 1053 108 848 761 1454 653 54 1602 1475 78 1701 735 703 55 76 808 0 1006 1613 1754 636 862 1241 1252 1726 626 65 1632 69 947 758 588 1508 65 597
112 984 1221 974 973 609 103 879 1011 1155 1074 848 1089 993 932 503 520 516 995 976 990 982 991 975 634 585 1156 962 1164 1020 1011 894 577 1092 1203 1244 1010 992 894 1010 1025 900 1003 653 903 980 532 71 1091 797 91 976 1066 280 936 855 787 998 602 1001 937 1019 985 1037 840 734 1009 993 757 1006 0 1157 1127 668 338 632 621 1271 658 999 968 1011 97 790 620 1053 995 949
930 1591 255 1581 1580 1217 921 347 1618 479 1324 1098 1338 1601 1539 955 1150 1141 1602 1583 1597 1590 1598 1582 1242 1166 242 214 307 1627 1261 1144 1029 1342 802 863 1618 1600 1144 1617 348 1150 1611 1105 991 1588 1139 994 166 1404 907 1583 203 1021 1543 946 882 333 1183 1609 795 342 1592 1126 1089 984 1616 1601 1000 1613 974 0 621 1012 971 551 561 594 1088 1606 1056 1618 915 1039 1054 125 1602 1199
1070 1732 685 1722 1721 1357 1062 488 1759 187 1465 1238 1479 1741 1680 724 1290 1282 1743 1724 1738 1730 1739 1722 1382 1307 620 425 628 1767 1401 1285 798 1482 943 285 1758 1740 1284 1757 344 1290 1751 1245 414 1728 1280 1134 555 1545 1048 1724 530 1162 1684 1087 1023 474 1323 1749 217 338 1733 548 1230 1125 1757 1741 1140 1754 1115 621 0 1152 1111 691 702 302 1229 1746 478 1759 1056 1180 1194 516 1742 1339
623 614 1076 604 603 239 615 734 641 1010 441 215 456 623 562 829 178 170 625 606 620 613 621 605 265 195 1010 816 1018 650 378 261 904 459 870 1394 640 622 261 640 880 267 633 263 1229 610 168 687 945 427 601 606 920 715 566 247 160 852 212 631 1263 873 615 1363 207 101 639 623 236 636 668 1012 1152 0 524 640 651 1125 111 629 1294 641 609 157 77 907 625 316
294 840 1096 830 829 466 285 754 867 1030 931 704 945 850 788 500 376 372 851 832 846 839 847 831 491 441 1031 836 1039 876 868 751 574 948 1078 1241 867 848 750 866 900 756 860 509 899 837 388 358 966 653 271 832 941 385 792 607 543 873 458 857 934 894 841 1034 696 591 865 849 613 862 338 1032 1124 524 0 587 598 1145 514 855 964 867 279 646 476 928 851 805
484 1171 614 1161 1160 797 476 272 1198 549 942 715 956 1181 1119 509 707 703 1182 1164 1177 1170 1178 1162 822 772 549 355 557 1207 879 762 584 960 596 933 1198 1180 761 1197 418 767 1191 722 909 1168 719 548 484 984 462 1163 459 576 1123 564 500 391 789 1189 865 412 1172 1043 707 602 1196 1181 618 1193 529 551 691 629 525 0 27 664 706 1186 974 1198 470 657 671 446 1182 817
495 1182 625 1172 1171 808 487 283 1209 560 953 726 967 1192 1130 520 718 714 1193 1174 1188 1181 1189 1173 833 783 560 366 568 1218 890 773 595 970 607 943 1209 1190 772 1208 429 778 1202 733 920 1179 730 559 495 995 473 1174 470 587 1134 575 511 402 800 1199 876 423 1183 1054 718 613 1207 1191 629 1204 540 561 702 640 536 27 0 675 717 1197 985 1209 481 668 682 457 1193 827
1043 1705 658 1694 1694 1330 1035 461 1731 146 1437 1211 1452 1714 1652 983 1263 1255 1716 1697 1711 1703 1712 1695 1355 1279 592 398 600 1740 1374 1257 1057 1455 916 544 1731 1713 1257 1730 317 1263 1724 1218 673 1701 1253 1107 527 1518 1021 1697 502 1135 1657 1060 996 446 1296 1722 476 311 1706 807 1203 1097 1730 1714 1113 1726 1087 594 302 1125 1084 664 675 0 1202 1719 738 1731 1028 1153 1167 489 1715 1312
614 605 1152 594 594 230 605 810 631 1086 518 291 532 614 553 820 169 161 616 597 611 603 612 595 255 185 1087 892 1095 640 455 338 894 536 947 1470 631 613 338 630 956 343 624 254 1219 601 159 678 1022 418 591 597 997 705 557 323 236 929 202 622 1254 950 606 1354 283 178 630 614 312 626 658 1088 1229 111 514 716 727 1202 0 619 1284 632 599 233 107 984 615 393
954 85 1670 108 70 568 946 1328 58 1604 471 666 486 54 96 1160 564 560 68 74 77 76 60 68 402 629 1604 1410 1612 50 570 669 1235 489 1464 1901 51 223 668 47 1474 674 46 697 1560 72 576 1018 1539 239 932 67 1514 1046 101 841 754 1447 646 42 1594 1467 66 1694 728 695 42 64 801 65 999 1606 1746 629 855 1234 1245 1719 619 0 1625 56 940 751 581 1501 52 590
923 1610 1120 1600 1599 1235 915 923 1637 622 1701 1474 1715 1619 1558 564 1146 1142 1621 1602 1616 1609 1617 1601 1261 1211 1055 860 1063 1646 1638 1521 639 1718 1378 595 1636 1618 1520 1636 779 1526 1630 1279 102 1607 1158 987 990 1423 901 1602 965 1015 1562 1399 1335 909 1228 1627 289 773 1611 237 1466 1361 1635 1619 1383 1632 968 1056 478 1294 964 882 872 738 1284 1625 0 1637 909 1416 1246 952 1621 1575
967 88 1682 116 73 581 958 1340 62 1616 484 678 498 57 109 1172 576 572 71 78 80 80 63 72 414 641 1617 1422 1625 53 582 681 1247 501 1476 1913 54 235 681 51 1486 686 49 709 1572 76 589 1030 1552 251 944 70 1527 1058 113 853 766 1459 658 45 1607 1480 69 1706 740 708 46 67 813 69 1011 1618 1759 641 867 1246 1257 1731 632 56 1637 0 952 763 593 1514 56 603
53 925 1162 915 914 550 44 820 952 1097 1015 789 1030 934 873 444 461 457 936 917 931 924 932 916 576 526 1097 903 1105 961 952 835 518 1033 1144 1185 951 933 835 951 966 841 944 594 844 921 473 116 1032 738 32 917 1007 221 877 796 728 939 543 942 878 960 926 978 781 675 950 934 698 947 97 1098 1068 609 279 573 562 1212 599 940 909 952 0 731 561 994 936 890
746 736 1103 726 725 362 737 761 763 1037 372 146 387 746 684 951 301 292 747 728 742 735 743 727 387 317 1038 844 1046 772 309 192 1026 390 898 1421 763 745 192 762 907 198 756 368 1351 733 290 809 973 549 723 728 948 837 688 274 187 880 334 754 1353 901 737 1485 118 93 761 746 263 758 790 1039 1180 157 646 667 678 1153 233 751 1416 763 731 0 199 935 747 247
576 566 1118 556 556 192 567 776 593 1052 483 257 498 576 514 782 131 123 578 559 573 565 574 557 217 147 1052 858 1060 602 420 303 856 501 912 1436 593 575 303 592 922 309 586 215 1181 563 121 639 987 380 553 559 962 667 519 289 202 894 164 584 1216 915 568 1316 249 143 591 576 278 588 620 1054 1194 77 476 682 693 1167 107 581 1246 593 561 199 0 949 577 358
825 1487 221 1476 1476 1112 817 243 1513 374 1219 993 1234 1496 1434 850 1045 1037 1498 1479 1493 1485 1494 1477 1137 1061 199 109 212 1522 1156 1039 924 1237 698 758 1513 1495 1039 1512 244 1045 1506 1000 887 1483 1035 889 90 1300 803 1479 109 917 1439 842 778 229 1078 1504 690 237 1488 1021 985 879 1512 1496 895 1508 869 125 516 907 866 446 457 489 984 1501 952 1514 810 935 949 0 1497 1094
950 85 1666 104 69 564 942 1324 58 1600 467 662 482 53 92 1156 560 556 67 74 76 76 59 68 398 625 1600 1406 1608 49 566 665 1231 485 1460 1897 50 219 664 47 1470 670 45 693 1556 72 572 1014 1535 235 928 66 1511 1042 97 837 750 1443 642 41 1590 1463 65 1690 724 692 42 63 797 65 995 1602 1742 625 851 1230 1241 1715 615 52 1621 56 936 747 577 1497 0 586
905 576 1263 565 565 521 896 921 602 1197 197 148 212 585 524 1111 460 452 587 568 582 574 583 566 546 477 1197 1003 1205 611 131 151 1185 215 1057 1581 602 584 150 601 1067 156 595 527 1511 572 450 969 1132 559 883 568 1107 996 528 434 347 1040 493 593 1513 1060 577 1645 210 253 601 585 423 597 949 1199 1339 316 805 827 838 1312 393 590 1575 603 890 247 358 1094 586 0
EOF