NAME : tsp_problem
TYPE : TSP
DIMENSION : 36
EDGE_WEIGHT_TYPE : EXPLICIT
EDGE_WEIGHT_FORMAT : FULL_MATRIX
EDGE_WEIGHT_SECTION
0 1244 742 849 1255 421 1254 642 1271 832 484 1246 659 1272 918 709 833 598 1244 1249 546 653 671 907 1121 882 1026 547 609 535 526 886 728 769 1229 520
1210 0 678 541 122 1396 114 1430 108 524 1272 113 1446 109 364 607 611 988 111 115 1334 1224 684 1796 570 1858 255 1522 1397 905 1501 579 749 1744 96 1143
753 678 0 283 689 857 688 890 705 266 733 680 907 706 352 106 229 728 678 682 794 964 145 1343 595 1318 460 983 858 564 962 360 320 1205 663 603
815 541 283 0 552 1001 551 1035 568 73 877 543 1051 568 215 212 216 593 541 545 939 829 289 1401 739 1463 323 1127 1002 510 1106 504 354 1349 526 748
1221 122 689 552 0 1408 65 1441 59 535 1283 71 1458 60 375 618 622 999 83 70 1345 1235 696 1807 581 1869 266 1533 1408 916 1512 590 760 1756 90 1154
421 1396 857 1001 1408 0 1407 580 1424 984 423 1398 597 1424 1071 824 948 776 1397 1401 484 831 786 514 1236 490 1179 210 548 713 189 1000 842 377 1382 458
1220 114 688 551 65 1407 0 1440 36 534 1282 48 1457 36 374 617 621 998 59 47 1344 1234 695 1806 581 1868 265 1532 1407 915 1512 590 759 1755 66 1153
642 1430 890 1035 1441 580 1440 0 1457 1018 268 1432 147 1457 1104 857 981 996 1430 1434 175 1051 819 1066 1269 1042 1212 706 156 933 685 1034 876 929 1415 492
1237 108 705 568 59 1424 36 1457 0 551 1299 43 1474 31 391 634 638 1015 54 42 1361 1251 712 1823 598 1885 282 1549 1424 932 1529 607 776 1772 61 1170
798 524 266 73 535 984 534 1018 551 0 860 526 1035 551 198 195 199 576 524 528 922 812 273 1384 723 1446 306 1110 985 493 1089 487 337 1332 509 731
484 1272 733 877 1283 423 1282 268 1299 860 0 1274 259 1300 946 700 823 838 1272 1276 236 893 661 909 1111 884 1054 549 253 776 528 876 718 771 1257 334
1212 113 680 543 71 1398 48 1432 43 526 1274 0 1448 43 366 609 613 989 66 54 1335 1226 686 1798 572 1859 257 1524 1399 907 1503 581 751 1746 73 1145
659 1446 907 1051 1458 597 1457 147 1474 1035 259 1448 0 1474 1121 874 998 1013 1447 1451 299 1068 836 1083 1286 1058 1229 723 235 950 702 1050 892 945 1432 508
1237 109 706 568 60 1424 36 1457 31 551 1300 43 1474 0 392 634 638 1015 54 42 1361 1251 712 1823 598 1885 282 1550 1425 933 1529 607 776 1772 61 1170
884 364 352 215 375 1071 374 1104 391 198 946 366 1121 392 0 281 285 662 364 368 1008 898 359 1470 686 1532 146 1196 1071 579 1175 574 423 1419 349 817
720 607 106 212 618 824 617 857 634 195 700 609 874 634 281 0 158 657 607 611 761 893 112 1310 562 1285 389 950 825 531 929 327 287 1172 592 570
843 611 229 216 622 948 621 981 638 199 823 613 998 638 285 158 0 661 611 615 885 897 236 1433 686 1409 393 1073 948 578 1052 450 319 1296 596 694
564 988 728 593 999 959 998 1179 1015 576 1022 989 1196 1015 662 657 661 0 988 992 1083 577 734 1149 1184 1249 770 1085 1147 399 1064 949 716 1103 973 1057
1210 111 678 541 83 1397 59 1430 54 524 1272 66 1447 54 364 607 611 988 0 65 1334 1224 685 1796 570 1858 255 1522 1397 905 1501 579 749 1745 85 1143
1214 115 682 545 70 1401 47 1434 42 528 1276 54 1451 42 368 611 615 992 65 0 1338 1228 689 1800 575 1862 259 1527 1402 910 1506 584 753 1749 72 1147
546 1334 794 939 1345 484 1344 175 1361 922 236 1335 299 1361 1008 761 885 900 1334 1338 0 955 723 970 1173 946 1116 610 88 837 589 938 780 832 1319 396
424 1224 964 829 1235 820 1234 1040 1251 812 882 1226 1057 1251 898 893 897 577 1224 1228 944 0 970 821 1420 920 1006 945 1007 635 924 1185 952 774 1209 918
681 684 145 289 696 786 695 819 712 273 661 686 836 712 359 112 236 734 685 689 723 970 0 1271 488 1247 467 911 786 492 890 253 249 1134 670 532
907 1796 1343 1401 1807 514 1806 1066 1823 1384 909 1798 1083 1823 1470 1310 1433 1149 1796 1800 970 821 1271 0 1721 312 1578 695 1034 1199 674 1486 1328 166 1781 944
1131 570 595 739 581 1236 581 1269 598 723 1111 572 1286 598 686 562 686 1184 570 575 1173 1420 488 1721 0 1697 577 1361 1236 942 1340 307 699 1584 555 982
882 1858 1318 1463 1869 490 1868 1042 1885 1446 884 1859 1058 1885 1532 1285 1409 1237 1858 1862 946 920 1247 312 1697 0 1640 671 1009 1174 650 1462 1304 175 1843 920
992 255 460 323 266 1179 265 1212 282 306 1054 257 1229 282 146 389 393 770 255 259 1116 1006 467 1578 577 1640 0 1304 1179 687 1283 586 531 1527 240 925
547 1522 983 1127 1533 210 1532 706 1549 1110 549 1524 723 1550 1196 950 1073 901 1522 1527 610 956 911 695 1361 671 1304 0 674 839 212 1126 968 558 1507 584
609 1397 858 1002 1408 548 1407 156 1424 985 253 1399 235 1425 1071 825 948 963 1397 1402 88 1018 786 1034 1236 1009 1179 674 0 901 653 1001 843 896 1382 459
533 905 593 510 916 710 915 931 932 493 773 907 948 933 579 560 578 399 905 910 835 635 521 1196 971 1172 687 836 898 0 815 736 578 1058 890 711
526 1501 962 1106 1512 189 1512 685 1529 1089 528 1503 702 1529 1175 929 1052 880 1501 1506 589 935 890 674 1340 650 1283 212 653 818 0 1105 947 537 1486 563
896 579 360 504 590 1000 590 1034 607 487 876 581 1050 607 574 327 450 949 579 584 938 1185 253 1486 307 1462 586 1126 1001 707 1105 0 463 1348 564 747
738 749 320 354 760 842 759 876 776 337 718 751 892 776 423 287 319 716 749 753 780 952 249 1328 699 1304 531 968 843 549 947 463 0 1190 734 589
769 1744 1205 1349 1756 377 1755 929 1772 1332 771 1746 945 1772 1419 1172 1296 1103 1745 1749 832 774 1134 166 1584 175 1527 558 896 1061 537 1348 1190 0 1730 806
1195 96 663 526 90 1382 66 1415 61 509 1257 73 1432 61 349 592 596 973 85 72 1319 1209 670 1781 555 1843 240 1507 1382 890 1486 564 734 1730 0 1128
519 1143 603 748 1154 458 1153 493 1170 731 336 1145 510 1170 817 570 694 873 1143 1147 397 928 532 944 982 919 925 584 461 704 563 747 589 806 1128 0
EOF