NAME : tsp_problem
TYPE : TSP
DIMENSION : 24
EDGE_WEIGHT_TYPE : EXPLICIT
EDGE_WEIGHT_FORMAT : FULL_MATRIX
EDGE_WEIGHT_SECTION
0 1742 556 1313 747 1536 1202 76 76 590 86 55 1455 571 500 1223 1404 77 79 86 79 1409 878 1480
1742 0 1282 795 1180 554 663 1736 1740 1343 1719 1749 329 1300 1496 921 928 1731 1717 1718 1723 362 997 290
556 1282 0 852 293 1075 741 550 554 456 533 563 994 158 609 744 943 545 531 532 537 948 399 1020
1313 795 852 0 750 588 420 1307 1310 913 1290 1320 508 870 1067 919 686 1301 1287 1288 1293 462 755 533
747 1180 293 750 0 973 639 741 745 251 724 754 893 305 405 1018 841 736 722 723 728 847 673 918
1536 554 1075 588 973 0 456 1529 1533 1136 1512 1542 267 1093 1289 954 722 1524 1510 1511 1516 221 790 292
1154 663 675 420 629 456 0 1148 1152 792 1131 1161 375 749 945 547 314 1142 1128 1130 1134 329 383 401
76 1736 550 1307 741 1529 1196 0 84 584 95 63 1449 565 493 1216 1398 85 87 94 87 1403 872 1474
76 1740 554 1310 745 1533 1200 84 0 588 95 63 1453 568 497 1220 1402 85 88 94 87 1407 875 1478
590 1343 456 913 251 1136 802 584 588 0 567 597 1056 468 233 1181 1004 579 565 566 571 1010 836 1081
86 1719 533 1290 724 1512 1179 95 95 567 0 74 1432 548 476 1199 1381 91 76 78 83 1386 855 1457
55 1749 563 1320 754 1542 1209 63 63 597 74 0 1462 578 506 1229 1411 64 66 73 66 1416 885 1487
1455 329 994 508 893 267 375 1449 1453 1056 1432 1462 0 1013 1209 874 641 1444 1429 1431 1436 75 710 67
571 1300 158 870 305 1093 760 565 568 468 548 578 1013 0 621 843 962 559 545 546 551 967 498 1038
500 1496 609 1067 405 1289 956 493 497 233 476 506 1209 621 0 1334 1158 488 474 475 480 1163 989 1234
1223 921 744 908 1018 943 513 1216 1220 1181 1199 1229 863 843 1334 0 779 1211 1197 1198 1203 817 452 888
1066 994 587 790 861 826 396 1060 1064 1024 1043 1073 746 687 1178 304 0 1054 1040 1042 1046 700 295 771
77 1731 545 1301 736 1524 1190 85 85 579 91 64 1444 559 488 1211 1392 0 88 89 88 1398 866 1469
79 1717 531 1287 722 1510 1176 87 88 565 76 66 1429 545 474 1197 1378 88 0 75 80 1383 852 1455
86 1718 532 1288 723 1511 1178 94 94 566 78 73 1431 546 475 1198 1379 89 75 0 81 1385 853 1456
79 1723 537 1293 728 1516 1182 87 87 571 83 66 1436 551 480 1203 1384 88 80 81 0 1390 858 1461
1409 362 948 462 847 221 329 1403 1407 1010 1386 1416 75 967 1163 828 595 1398 1383 1385 1390 0 664 100
878 1141 399 938 673 974 543 872 875 836 855 885 893 498 989 452 809 866 852 853 858 847 0 919
1480 290 1020 533 918 292 401 1474 1478 1081 1457 1487 67 1038 1234 899 666 1469 1455 1456 1461 100 735 0
EOF