NAME : tsp_problem
TYPE : TSP
DIMENSION : 82
EDGE_WEIGHT_TYPE : EXPLICIT
EDGE_WEIGHT_FORMAT : FULL_MATRIX
EDGE_WEIGHT_SECTION
0 1302 686 1295 1143 622 1198 1299 341 1044 517 865 1312 627 1309 1312 844 1290 1016 815 646 1396 1267 735 1303 1141 1297 1292 978 882 612 1307 1059 871 1298 924 786 1323 1196 1296 305 1207 912 1293 1050 642 687 1296 1331 718 1093 1283 411 1012 840 1118 1383 1328 1031 930 944 912 1316 1291 1293 761 35 1314 870 1290 1494 325 1052 1309 668 722 626 1200 432 1313 1286 1254
1302 0 1616 81 680 963 1706 84 1247 731 1718 1455 51 1829 63 71 1351 204 661 1692 1227 476 592 1767 69 678 558 84 1298 525 953 64 279 1461 213 569 987 48 654 114 1506 665 639 82 1557 1843 1888 79 56 1920 1601 575 1612 328 1561 1438 464 53 1351 575 1452 1420 45 78 111 1268 1306 61 1614 87 575 1526 1372 223 1676 1730 826 212 1633 68 77 102
686 1616 0 1609 1099 961 603 1613 926 924 687 207 1626 328 1623 1626 393 1604 1011 158 488 1352 1223 180 1617 1097 1253 1606 659 1122 951 1620 1373 214 1612 1082 930 1637 1152 1610 532 1163 1199 1606 455 342 387 1610 1645 419 498 1239 638 1326 183 799 1339 1641 713 1076 349 304 1630 1605 1607 376 689 1627 212 1603 1450 388 733 1622 88 143 965 1514 603 1626 1599 1568
1295 81 1609 0 673 956 1699 97 1240 724 1711 1448 63 1822 76 84 1344 198 654 1685 1220 469 585 1760 82 671 552 97 1291 518 946 77 272 1454 206 562 980 61 647 107 1500 658 632 95 1550 1836 1881 92 69 1913 1594 568 1606 321 1554 1431 457 66 1345 568 1445 1413 58 91 104 1261 1299 74 1607 100 568 1519 1366 216 1669 1723 820 205 1627 81 90 95
1143 680 1099 673 0 803 1189 677 1087 214 1558 937 691 1398 687 690 834 668 183 1175 710 305 177 1250 681 30 206 671 781 293 793 685 544 944 676 253 593 701 106 674 1347 116 377 671 1040 1413 1458 674 709 1489 1084 193 1453 498 1044 921 293 706 834 247 935 902 694 669 671 751 1146 692 1097 668 404 1367 855 687 1158 1213 667 634 1474 691 664 632
622 963 1144 956 803 0 1234 960 566 717 1037 983 973 1148 970 973 880 951 677 1221 682 1056 928 1256 964 801 957 953 1014 542 164 967 719 990 959 585 447 984 857 956 826 868 572 953 1086 1163 1208 956 992 1239 1129 944 932 673 1089 1154 1044 988 1067 591 980 948 976 951 954 797 626 974 1142 950 1155 846 1088 969 1189 1243 287 861 953 973 946 915
1209 1706 603 1699 1189 1051 0 1703 1154 1014 1262 442 1716 903 1713 1716 483 1694 1101 680 578 1442 1313 755 1707 1186 1343 1696 749 1212 1041 1710 1462 448 1702 1171 1020 1727 1242 1699 1107 1253 1289 1696 215 917 962 1699 1735 994 124 1329 1213 1416 548 889 1429 1731 802 1166 274 407 1719 1694 1697 466 1213 1717 601 1693 1540 963 823 1712 663 718 1055 1604 1178 1716 1689 1658
1299 84 1613 97 677 960 1703 0 1243 728 1714 1451 66 1825 79 86 1348 201 658 1689 1224 473 589 1764 85 675 555 100 1295 521 950 79 276 1458 209 566 983 63 651 111 1503 662 636 97 1554 1840 1885 94 72 1916 1598 572 1609 325 1558 1435 461 68 1348 571 1449 1416 61 93 108 1265 1303 77 1611 103 572 1523 1369 220 1672 1727 823 208 1630 84 92 99
341 1247 926 1240 1087 566 1143 1243 0 988 756 892 1257 867 1254 1257 788 1234 961 1055 591 1340 1212 975 1248 1085 1241 1237 922 826 556 1251 1003 898 1243 869 731 1267 1141 1240 545 1152 856 1237 994 882 927 1240 1275 958 1038 1228 651 957 998 1062 1328 1272 976 874 889 856 1260 1235 1238 705 344 1258 1051 1234 1439 565 997 1253 907 962 570 1145 672 1257 1230 1198
1024 731 924 724 214 717 1014 728 969 0 1440 763 742 1224 738 741 660 719 126 1001 536 467 339 1076 732 212 368 722 606 237 708 736 488 769 727 197 418 752 268 725 1229 278 291 722 866 1238 1283 725 760 1315 909 355 1335 441 869 746 455 757 660 191 760 728 745 720 722 577 1028 743 922 719 566 1248 681 738 984 1039 501 629 1356 742 715 683
517 1718 687 1711 1558 1037 1262 1714 756 1459 0 866 1728 629 1725 1728 1052 1706 1432 816 1062 1811 1683 737 1719 1556 1712 1708 1318 1297 1028 1722 1474 872 1714 1340 1202 1738 1612 1711 363 1623 1327 1708 1113 643 688 1711 1747 720 1157 1699 469 1428 841 1458 1799 1743 1371 1345 1008 963 1731 1706 1709 1035 520 1729 871 1705 1910 326 1392 1724 669 723 1041 1616 281 1728 1701 1670
865 1455 207 1448 937 800 442 1451 903 763 866 0 1465 507 1462 1465 232 1443 850 283 327 1190 1062 359 1456 935 1091 1445 498 961 790 1459 1211 52 1451 920 769 1475 991 1448 711 1002 1038 1445 294 521 566 1448 1483 598 337 1078 817 1165 152 638 1178 1480 551 915 188 143 1468 1443 1446 215 868 1466 205 1442 1289 567 572 1461 267 322 804 1353 782 1465 1438 1406
1312 51 1626 63 691 973 1716 66 1257 742 1728 1465 0 1839 45 53 1361 215 671 1702 1238 486 602 1778 51 688 569 66 1308 535 963 46 290 1471 223 579 997 30 665 105 1517 675 650 64 1568 1854 1898 61 38 1930 1611 586 1623 339 1571 1448 474 35 1362 585 1462 1430 27 60 100 1278 1316 43 1624 69 585 1536 1383 233 1686 1741 837 222 1644 50 59 112
627 1829 328 1822 1398 1148 903 1825 867 1224 629 507 1839 0 1836 1839 693 1817 1311 457 788 1651 1523 377 1830 1396 1552 1819 958 1408 1139 1833 1585 513 1825 1381 1230 1849 1452 1822 474 1463 1438 1819 754 40 121 1822 1858 153 798 1539 580 1539 482 1098 1639 1854 1012 1375 649 603 1842 1817 1820 676 631 1840 512 1816 1750 330 1033 1835 310 364 1152 1727 544 1839 1812 1780
1309 63 1623 76 687 970 1713 79 1254 738 1725 1462 45 1836 0 66 1358 212 668 1699 1234 483 599 1774 64 685 566 79 1305 532 960 59 287 1468 220 576 994 43 661 117 1514 672 646 77 1565 1851 1895 74 51 1927 1608 583 1620 335 1568 1445 471 48 1359 582 1459 1427 40 73 113 1275 1313 56 1621 82 582 1533 1380 230 1683 1738 834 219 1641 63 72 109
1312 71 1626 84 690 973 1716 86 1257 741 1728 1465 53 1839 66 0 1361 215 671 1702 1237 486 602 1777 72 688 569 86 1308 535 963 66 290 1471 223 579 997 50 664 124 1517 675 649 84 1568 1854 1898 81 58 1930 1611 586 1623 338 1571 1448 474 55 1362 585 1462 1430 48 80 120 1278 1316 64 1624 89 585 1536 1383 233 1686 1741 837 222 1644 71 79 112
855 1351 393 1344 834 696 483 1348 799 660 1052 232 1361 693 1358 1361 0 1339 746 470 223 1087 959 545 1352 832 988 1341 394 857 686 1356 1108 239 1347 817 665 1372 888 1345 897 898 934 1342 335 708 752 1345 1380 784 378 974 1003 1061 338 534 1074 1377 448 811 229 197 1365 1340 1342 111 858 1362 392 1338 1186 753 469 1358 453 508 700 1249 968 1362 1335 1303
1290 204 1604 198 668 951 1694 201 1234 719 1706 1443 215 1817 212 215 1339 0 649 1680 1215 464 580 1755 206 666 546 195 1286 512 941 209 267 1449 67 557 974 225 642 198 1494 653 627 195 1545 1831 1876 198 233 1908 1589 563 1600 316 1549 1426 452 230 1339 563 1440 1407 218 193 196 1256 1294 216 1602 192 563 1514 1360 77 1663 1718 814 199 1621 215 188 156
1016 661 1011 654 183 677 1101 658 961 126 1432 850 671 1311 668 671 746 649 0 1087 622 436 307 1162 662 181 337 651 693 167 667 665 418 856 657 127 505 682 236 655 1220 247 250 651 953 1325 1370 655 690 1402 996 323 1326 371 956 833 423 686 747 121 847 815 675 649 652 663 1020 672 1009 648 534 1240 768 667 1071 1126 540 559 1347 671 644 613
815 1692 158 1685 1175 1037 680 1689 1055 1001 816 283 1702 457 1699 1702 470 1680 1087 0 564 1428 1300 309 1693 1173 1329 1682 735 1198 1027 1697 1449 290 1688 1158 1006 1713 1229 1686 661 1239 1276 1683 531 472 517 1686 1721 548 575 1315 767 1402 259 875 1415 1718 789 1152 425 380 1706 1681 1683 452 819 1703 288 1680 1527 517 810 1699 217 272 1041 1590 732 1703 1676 1644
657 1179 488 1172 700 499 578 1176 602 525 1073 327 1190 788 1186 1189 223 1167 612 564 0 953 824 640 1180 698 854 1170 357 723 489 1184 936 333 1175 683 468 1200 753 1173 862 764 789 1170 430 802 847 1173 1208 879 473 840 968 889 433 497 940 1205 411 677 324 292 1193 1168 1170 140 661 1191 486 1167 1051 848 432 1186 548 603 503 1077 989 1190 1163 1131
1396 476 1352 469 305 1056 1442 473 1340 467 1811 1190 486 1651 483 486 1087 464 436 1428 963 0 217 1503 477 303 183 466 1034 546 1046 481 498 1197 472 506 846 497 279 470 1600 290 630 467 1293 1666 1710 470 505 1742 1337 200 1706 547 1297 1174 62 502 1087 500 1187 1155 490 465 467 1004 1399 488 1350 464 121 1620 1108 483 1411 1466 920 430 1727 487 460 428
1267 592 1223 585 177 928 1313 589 1212 339 1683 1062 602 1523 599 602 959 580 307 1300 835 217 0 1375 593 175 114 582 905 418 918 596 614 1068 588 378 717 613 151 586 1472 161 501 583 1165 1537 1582 586 621 1614 1208 101 1578 622 1168 1045 204 618 959 372 1059 1027 606 581 583 876 1271 603 1221 579 315 1491 980 599 1283 1338 792 546 1599 602 575 544
735 1767 180 1760 1250 1112 755 1764 975 1076 737 359 1778 377 1774 1777 545 1755 1162 309 640 1503 1375 0 1768 1248 1404 1758 810 1273 1103 1772 1524 365 1763 1233 1081 1788 1304 1761 582 1315 1351 1758 606 392 437 1761 1796 468 650 1391 688 1477 334 950 1491 1793 864 1227 501 455 1781 1756 1758 528 739 1779 364 1755 1602 437 885 1774 161 124 1116 1665 652 1778 1751 1719
1303 69 1617 82 681 964 1707 85 1248 732 1719 1456 51 1830 64 72 1352 206 662 1693 1228 477 593 1768 0 679 560 85 1299 526 954 65 280 1462 214 570 988 49 655 115 1508 666 640 83 1559 1845 1889 80 57 1921 1602 576 1614 329 1562 1439 465 54 1353 576 1453 1421 46 79 112 1269 1307 62 1615 88 576 1527 1374 224 1677 1731 828 213 1635 69 78 103
1141 678 1097 671 30 801 1186 675 1085 212 1556 935 688 1396 685 688 832 666 181 1173 708 303 175 1248 679 0 204 668 779 291 791 683 542 942 674 251 590 699 104 672 1345 114 375 669 1038 1411 1455 672 707 1487 1081 190 1451 495 1041 919 290 704 832 245 932 900 692 667 669 749 1144 689 1095 666 402 1365 853 685 1156 1211 665 632 1472 689 662 630
1297 558 1253 552 206 957 1343 555 1241 368 1712 1091 569 1552 566 569 988 546 337 1329 864 183 114 1404 560 204 0 549 935 447 947 563 580 1098 555 407 747 579 180 552 1501 191 531 549 1194 1567 1612 552 587 1643 1238 98 1607 629 1198 1075 171 584 988 402 1089 1056 572 547 550 905 1300 570 1251 546 282 1521 1009 565 1312 1367 821 513 1628 569 542 510
1292 84 1606 97 671 953 1696 100 1237 722 1708 1445 66 1819 79 86 1341 195 651 1682 1218 466 582 1758 85 668 549 0 1288 515 943 80 270 1451 203 559 977 64 645 104 1497 655 630 98 1548 1834 1878 95 72 1910 1591 566 1603 319 1551 1428 454 68 1342 565 1442 1410 61 94 102 1258 1296 77 1604 98 565 1516 1363 213 1666 1721 817 202 1624 84 93 92
989 1298 659 1291 781 830 749 1295 933 606 1318 498 1308 958 1305 1308 394 1286 693 735 357 1034 905 810 1299 779 935 1288 0 804 820 1302 1055 504 1294 764 799 1319 834 1292 1163 845 881 1289 601 973 1018 1292 1327 1049 644 921 1269 1008 604 177 1021 1324 106 758 495 463 1312 1287 1289 311 992 1309 657 1285 1133 1019 242 1305 719 773 834 1196 1233 1308 1281 1250
882 525 1122 518 293 542 1212 521 826 237 1297 961 535 1408 532 535 857 512 167 1198 733 546 418 1273 526 291 447 515 804 0 532 529 281 967 521 75 566 545 347 518 1086 358 145 515 1063 1423 1468 518 553 1499 1107 434 1192 235 1067 944 534 550 857 81 958 925 538 513 516 774 885 536 1120 512 645 1106 878 531 1181 1236 406 423 1213 535 508 476
612 953 1134 946 793 164 1224 950 556 708 1028 973 963 1139 960 963 870 941 667 1211 672 1046 918 1246 954 791 947 943 1004 532 0 957 710 980 949 575 437 974 847 947 816 858 563 943 1076 1153 1198 947 982 1229 1119 934 922 663 1079 1144 1034 978 1057 581 970 938 967 941 944 787 616 964 1132 940 1145 836 1078 959 1179 1233 277 851 943 963 936 905
1307 64 1620 77 685 967 1710 79 1251 736 1722 1459 46 1833 59 66 1356 209 665 1697 1232 481 596 1772 65 683 563 80 1302 529 957 0 284 1465 217 574 991 44 659 118 1511 669 644 78 1562 1848 1893 75 52 1924 1605 580 1617 333 1565 1442 468 48 1356 579 1456 1424 41 74 114 1273 1310 57 1618 83 579 1531 1377 228 1680 1735 831 216 1638 64 73 107
1059 279 1373 272 544 719 1462 276 1003 488 1474 1211 290 1585 287 290 1108 267 418 1449 984 498 614 1524 280 542 580 270 1055 281 710 284 0 1218 275 326 743 300 598 273 1263 608 396 270 1314 1600 1645 273 308 1676 1357 597 1369 85 1317 1194 486 305 1108 331 1208 1176 293 268 270 1025 1062 291 1371 267 597 1283 1129 286 1432 1487 583 178 1390 290 263 231
871 1461 214 1454 944 806 448 1458 909 769 872 52 1471 513 1468 1471 239 1449 856 290 333 1197 1068 365 1462 942 1098 1451 504 967 796 1465 1218 0 1457 927 775 1482 998 1455 717 1008 1044 1452 300 528 572 1455 1490 604 343 1084 823 1171 159 644 1184 1487 558 921 194 149 1475 1450 1452 221 875 1472 212 1448 1296 573 579 1468 273 328 810 1359 788 1471 1444 1413
1298 213 1612 206 676 959 1702 209 1243 727 1714 1451 223 1825 220 223 1347 67 657 1688 1223 472 588 1763 214 674 555 203 1294 521 949 217 275 1457 0 565 983 233 650 206 1503 661 635 203 1554 1840 1884 206 242 1916 1597 571 1609 324 1557 1434 460 238 1348 571 1448 1416 226 201 204 1264 1302 224 1610 200 571 1522 1369 75 1672 1726 823 208 1630 223 196 165
924 569 1082 562 253 585 1171 566 869 197 1340 920 579 1381 576 579 817 557 127 1158 693 506 378 1233 570 251 407 559 764 75 575 574 326 927 565 0 575 590 307 563 1129 317 159 560 1023 1396 1440 563 598 1472 1066 394 1235 279 1026 904 494 595 817 77 917 885 583 558 560 734 928 581 1080 557 605 1148 838 576 1141 1196 449 467 1256 580 553 521
786 987 927 980 622 447 1017 983 731 447 1202 766 997 1227 994 997 663 974 534 1004 465 875 746 1079 988 619 776 977 797 566 437 991 743 773 983 604 0 1007 675 980 990 686 596 977 869 1242 1286 980 1015 1318 912 762 1096 697 872 937 862 1012 850 599 763 731 1000 975 978 580 790 998 925 974 973 1010 871 993 987 1042 190 885 1117 997 970 938
1323 48 1637 61 701 984 1727 63 1267 752 1738 1475 30 1849 43 50 1372 225 682 1713 1248 497 613 1788 49 699 579 64 1319 545 974 44 300 1482 233 590 1007 0 675 102 1527 686 660 62 1578 1864 1909 59 36 1940 1622 596 1633 349 1582 1459 484 32 1372 595 1472 1440 25 58 97 1289 1327 41 1635 67 596 1547 1393 244 1696 1751 847 232 1654 48 56 123
1196 654 1152 647 106 857 1242 651 1141 268 1612 991 665 1452 661 664 888 642 236 1229 764 279 151 1304 655 104 180 645 834 347 847 659 598 998 650 307 646 675 0 648 1401 20 431 645 1094 1466 1511 648 683 1543 1137 167 1507 551 1097 974 267 680 888 301 988 956 668 643 645 805 1200 666 1150 642 378 1420 909 661 1212 1267 721 608 1528 665 638 606
1296 114 1610 107 674 956 1699 111 1240 725 1711 1448 105 1822 117 124 1345 198 655 1686 1221 470 586 1761 115 672 552 104 1292 518 947 118 273 1455 206 563 980 102 648 0 1500 659 633 104 1551 1837 1882 107 110 1913 1594 569 1606 322 1554 1432 457 107 1345 568 1445 1413 99 102 105 1262 1299 115 1608 101 569 1520 1366 217 1669 1724 820 205 1627 122 97 96
305 1506 532 1500 1347 826 1107 1503 545 1248 363 711 1517 474 1514 1517 897 1494 1220 661 851 1600 1472 582 1508 1345 1501 1497 1163 1086 816 1511 1263 717 1503 1129 990 1527 1401 1500 0 1411 1116 1497 958 488 533 1500 1535 565 1002 1487 156 1217 686 1303 1587 1532 1216 1134 853 808 1520 1495 1498 880 309 1518 716 1494 1699 171 1237 1513 514 569 830 1405 278 1517 1490 1458
1207 665 1163 658 116 868 1253 662 1152 278 1623 1002 675 1463 672 675 898 653 247 1239 774 290 161 1315 666 114 191 655 845 358 858 669 608 1008 661 317 657 686 20 659 1411 0 441 656 1105 1477 1522 659 694 1554 1148 177 1517 562 1108 985 277 691 899 312 999 967 679 654 656 815 1211 676 1161 652 389 1431 920 672 1223 1278 731 619 1538 675 648 617
912 639 1199 632 377 572 1289 636 856 291 1327 1038 650 1438 646 649 934 627 250 1276 811 630 501 1351 640 375 531 630 881 145 563 644 396 1044 635 159 596 660 431 633 1116 441 0 630 1141 1453 1498 633 668 1529 1184 517 1222 349 1144 1021 617 665 935 164 1035 1003 653 628 630 852 915 651 1197 627 729 1136 956 646 1259 1314 436 537 1243 650 623 591
1293 82 1606 95 671 953 1696 97 1237 722 1708 1445 64 1819 77 84 1342 195 651 1683 1218 467 583 1758 83 669 549 98 1289 515 943 78 270 1452 203 560 977 62 645 104 1497 656 630 0 1548 1834 1879 92 70 1910 1591 566 1603 319 1551 1428 454 66 1342 565 1442 1410 59 91 102 1259 1296 75 1605 98 565 1517 1363 214 1666 1721 817 202 1624 82 90 93
1061 1557 455 1550 1040 903 215 1554 1005 866 1113 294 1568 754 1565 1568 335 1545 953 531 430 1293 1165 606 1559 1038 1194 1548 601 1063 893 1562 1314 300 1554 1023 872 1578 1094 1551 958 1105 1141 1548 0 769 814 1551 1586 845 110 1181 1064 1268 400 740 1281 1583 654 1017 125 259 1571 1546 1549 318 1064 1569 453 1545 1392 814 675 1564 514 569 907 1456 1029 1568 1541 1509
642 1843 342 1836 1413 1163 917 1840 882 1238 643 521 1854 40 1851 1854 708 1831 1325 472 802 1666 1537 392 1845 1411 1567 1834 973 1423 1153 1848 1600 528 1840 1396 1244 1864 1466 1837 488 1477 1453 1834 769 0 116 1837 1872 147 812 1553 594 1554 497 1113 1653 1869 1027 1390 663 618 1857 1832 1834 690 646 1855 526 1831 1765 344 1048 1850 324 379 1167 1742 559 1854 1827 1795
687 1888 387 1881 1458 1208 962 1885 927 1283 688 566 1898 121 1895 1898 752 1876 1370 517 847 1710 1582 437 1889 1455 1612 1878 1018 1468 1198 1893 1645 572 1884 1440 1289 1909 1511 1882 533 1522 1498 1879 814 116 0 1882 1917 102 857 1598 639 1598 542 1158 1698 1914 1071 1435 708 663 1902 1877 1879 735 691 1899 571 1875 1809 389 1092 1895 369 424 1212 1786 604 1899 1872 1840
1296 79 1610 92 674 956 1699 94 1240 725 1711 1448 61 1822 74 81 1345 198 655 1686 1221 470 586 1761 80 672 552 95 1292 518 947 75 273 1455 206 563 980 59 648 107 1500 659 633 92 1551 1837 1882 0 67 1913 1594 569 1606 322 1554 1432 457 63 1345 568 1445 1413 56 88 105 1262 1299 72 1608 98 569 1520 1366 217 1669 1724 820 205 1627 79 87 96
1331 56 1645 69 709 992 1735 72 1275 760 1747 1483 38 1858 51 58 1380 233 690 1721 1256 505 621 1796 57 707 587 72 1327 553 982 52 308 1490 242 598 1015 36 683 110 1535 694 668 70 1586 1872 1917 67 0 1948 1630 604 1641 357 1590 1467 493 40 1380 603 1481 1448 33 66 106 1297 1335 49 1643 75 604 1555 1401 252 1704 1759 855 240 1662 56 65 131
718 1920 419 1913 1489 1239 994 1916 958 1315 720 598 1930 153 1927 1930 784 1908 1402 548 879 1742 1614 468 1921 1487 1643 1910 1049 1499 1229 1924 1676 604 1916 1472 1320 1940 1543 1913 565 1554 1529 1910 845 147 102 1913 1948 0 889 1630 671 1630 573 1189 1730 1945 1103 1466 740 694 1933 1908 1911 767 722 1931 603 1907 1841 420 1124 1926 401 455 1243 1818 635 1930 1903 1871
1104 1601 498 1594 1084 946 124 1598 1049 909 1157 337 1611 798 1608 1611 378 1589 996 575 473 1337 1208 650 1602 1081 1238 1591 644 1107 936 1605 1357 343 1597 1066 915 1622 1137 1594 1002 1148 1184 1591 110 812 857 1594 1630 889 0 1224 1108 1311 443 784 1324 1626 697 1061 169 302 1614 1589 1592 361 1108 1612 496 1588 1435 858 718 1607 558 613 950 1499 1073 1611 1584 1553
1283 575 1239 568 193 944 1329 572 1228 355 1699 1078 586 1539 583 586 974 563 323 1315 851 200 101 1391 576 190 98 566 921 434 934 580 597 1084 571 394 733 596 167 569 1487 177 517 566 1181 1553 1598 569 604 1630 1224 0 1593 638 1184 1061 188 601 975 388 1075 1043 589 564 566 891 1287 587 1237 563 299 1507 996 582 1299 1354 807 529 1614 586 559 527
411 1612 638 1606 1453 932 1213 1609 651 1354 469 817 1623 580 1620 1623 1003 1600 1326 767 957 1706 1578 688 1614 1451 1607 1603 1269 1192 922 1617 1369 823 1609 1235 1096 1633 1507 1606 156 1517 1222 1603 1064 594 639 1606 1641 671 1108 1593 0 1323 792 1409 1693 1638 1322 1240 959 914 1626 1601 1604 986 415 1624 822 1600 1805 277 1343 1619 620 675 936 1511 384 1623 1596 1564
1012 328 1326 321 498 673 1416 325 957 441 1428 1165 339 1539 335 338 1061 316 371 1402 937 547 622 1477 329 495 629 319 1008 235 663 333 85 1171 324 279 697 349 551 322 1217 562 349 319 1268 1554 1598 322 357 1630 1311 638 1323 0 1271 1148 535 354 1062 285 1162 1130 342 317 319 978 1016 340 1324 316 646 1236 1083 335 1386 1440 537 226 1344 339 312 280
840 1561 183 1554 1044 906 548 1558 1009 869 841 152 1571 482 1568 1571 338 1549 956 259 433 1297 1168 334 1562 1041 1198 1551 604 1067 896 1565 1317 159 1557 1026 875 1582 1097 1554 686 1108 1144 1551 400 497 542 1554 1590 573 443 1184 792 1271 0 744 1284 1586 657 1021 294 249 1574 1549 1552 321 844 1572 141 1548 1395 542 678 1567 242 297 910 1459 757 1571 1544 1513
1128 1438 799 1431 921 970 889 1435 1073 746 1458 638 1448 1098 1445 1448 534 1426 833 875 497 1174 1045 950 1439 919 1075 1428 177 944 960 1442 1194 644 1434 904 939 1459 974 1432 1303 985 1021 1428 740 1113 1158 1432 1467 1189 784 1061 1409 1148 744 0 1161 1463 107 898 635 603 1452 1426 1429 451 1132 1449 797 1425 1272 1158 322 1444 859 913 974 1336 1373 1448 1421 1390
1383 464 1339 457 293 1044 1429 461 1328 455 1799 1178 474 1639 471 474 1074 452 423 1415 951 62 204 1491 465 290 171 454 1021 534 1034 468 486 1184 460 494 833 484 267 457 1587 277 617 454 1281 1653 1698 457 493 1730 1324 188 1693 535 1284 1161 0 489 1075 488 1175 1143 477 452 455 991 1387 475 1337 451 161 1607 1096 470 1399 1454 907 418 1714 474 447 416
1328 53 1641 66 706 988 1731 68 1272 757 1743 1480 35 1854 48 55 1377 230 686 1718 1253 502 618 1793 54 704 584 68 1324 550 978 48 305 1487 238 595 1012 32 680 107 1532 691 665 66 1583 1869 1914 63 40 1945 1626 601 1638 354 1586 1463 489 0 1377 600 1477 1445 30 62 102 1294 1331 46 1639 71 600 1552 1398 249 1701 1756 852 237 1659 53 61 128
1042 1351 713 1345 834 884 802 1348 987 660 1371 551 1362 1012 1359 1362 448 1339 747 789 411 1087 959 864 1353 832 988 1342 106 857 874 1356 1108 558 1348 817 853 1372 888 1345 1216 899 935 1342 654 1027 1071 1345 1380 1103 697 975 1322 1062 657 107 1075 1377 0 812 548 516 1365 1340 1343 365 1046 1363 711 1339 1186 1072 296 1358 772 827 888 1250 1287 1362 1335 1303
930 575 1076 568 247 591 1166 571 874 191 1345 915 585 1375 582 585 811 563 121 1152 687 500 372 1227 576 245 402 565 758 81 581 579 331 921 571 77 570 595 301 568 1134 312 164 565 1017 1390 1435 568 603 1466 1061 388 1240 285 1021 898 488 600 812 0 912 880 588 563 566 728 933 586 1074 562 599 1154 833 581 1136 1190 454 473 1261 585 558 526
955 1452 349 1445 935 797 274 1449 900 760 1008 188 1462 649 1459 1462 229 1440 847 425 324 1187 1059 501 1453 932 1089 1442 495 958 787 1456 1208 194 1448 917 766 1472 988 1445 853 999 1035 1442 125 663 708 1445 1481 740 169 1075 959 1162 294 635 1175 1477 548 912 0 153 1465 1440 1443 212 959 1463 347 1439 1286 709 569 1458 409 464 801 1350 924 1462 1435 1404
923 1420 304 1413 902 765 407 1416 867 728 963 143 1430 603 1427 1430 197 1407 815 380 292 1155 1027 455 1421 900 1056 1410 463 925 755 1424 1176 149 1416 885 734 1440 956 1413 808 967 1003 1410 259 618 663 1413 1448 694 302 1043 914 1130 249 603 1143 1445 516 880 153 0 1433 1408 1411 180 927 1431 302 1407 1254 663 537 1426 364 418 769 1318 878 1430 1403 1371
1316 45 1630 58 694 976 1719 61 1260 745 1731 1468 27 1842 40 48 1365 218 675 1706 1241 490 606 1781 46 692 572 61 1312 538 967 41 293 1475 226 583 1000 25 668 99 1520 679 653 59 1571 1857 1902 56 33 1933 1614 589 1626 342 1574 1452 477 30 1365 588 1465 1433 0 55 95 1282 1319 38 1628 64 589 1540 1386 237 1689 1744 840 225 1647 45 54 116
1291 78 1605 91 669 951 1694 93 1235 720 1706 1443 60 1817 73 80 1340 193 649 1681 1216 465 581 1756 79 667 547 94 1287 513 941 74 268 1450 201 558 975 58 643 102 1495 654 628 91 1546 1832 1877 88 66 1908 1589 564 1601 317 1549 1426 452 62 1340 563 1440 1408 55 0 100 1257 1294 71 1603 96 564 1515 1361 212 1664 1719 815 200 1622 78 86 91
1293 111 1607 104 671 954 1697 108 1238 722 1709 1446 100 1820 113 120 1342 196 652 1683 1218 467 583 1758 112 669 550 102 1289 516 944 114 270 1452 204 560 978 97 645 105 1498 656 630 102 1549 1834 1879 105 106 1911 1592 566 1604 319 1552 1429 455 102 1343 566 1443 1411 95 100 0 1259 1297 111 1605 99 566 1517 1364 214 1667 1721 818 203 1625 118 95 93
772 1268 376 1261 751 613 466 1265 716 577 1035 215 1278 676 1275 1278 111 1256 663 452 140 1004 876 528 1269 749 905 1258 311 774 603 1273 1025 221 1264 734 582 1289 805 1262 880 815 852 1259 318 690 735 1262 1297 767 361 891 986 978 321 451 991 1294 365 728 212 180 1282 1257 1259 0 775 1279 374 1256 1103 736 386 1275 436 491 617 1166 950 1279 1252 1220
35 1306 689 1299 1146 626 1202 1303 344 1047 520 868 1316 631 1313 1316 847 1294 1020 819 650 1399 1271 739 1307 1144 1300 1296 981 885 616 1310 1062 875 1302 928 790 1327 1200 1299 309 1211 915 1296 1053 646 691 1299 1335 722 1097 1287 415 1016 844 1121 1387 1331 1035 933 948 916 1319 1294 1297 764 0 1317 873 1293 1498 329 1056 1312 671 726 630 1204 436 1316 1289 1258
1314 61 1627 74 692 974 1717 77 1258 743 1729 1466 43 1840 56 64 1362 216 672 1703 1239 488 603 1779 62 689 570 77 1309 536 964 57 291 1472 224 581 998 41 666 115 1518 676 651 75 1569 1855 1899 72 49 1931 1612 587 1624 340 1572 1449 475 46 1363 586 1463 1431 38 71 111 1279 1317 0 1625 80 586 1538 1384 234 1687 1742 838 223 1645 61 70 113
870 1614 212 1607 1097 959 601 1611 1062 922 871 205 1624 512 1621 1624 392 1602 1009 288 486 1350 1221 364 1615 1095 1251 1604 657 1120 949 1618 1371 212 1610 1080 928 1635 1150 1608 716 1161 1197 1605 453 526 571 1608 1643 603 496 1237 822 1324 141 797 1337 1639 711 1074 347 302 1628 1603 1605 374 873 1625 0 1601 1448 572 732 1621 272 327 963 1512 786 1624 1597 1566
1290 87 1603 100 668 950 1693 103 1234 719 1705 1442 69 1816 82 89 1338 192 648 1680 1215 464 579 1755 88 666 546 98 1285 512 940 83 267 1448 200 557 974 67 642 101 1494 652 627 98 1545 1831 1875 98 75 1907 1588 563 1600 316 1548 1425 451 71 1339 562 1439 1407 64 96 99 1256 1293 80 1601 0 562 1514 1360 211 1663 1718 814 199 1621 87 91 90
1494 575 1450 568 404 1155 1540 572 1439 566 1910 1289 585 1750 582 585 1186 563 534 1527 1062 121 315 1602 576 402 282 565 1133 645 1145 579 597 1296 571 605 944 596 378 569 1699 389 729 565 1392 1765 1809 569 604 1841 1435 299 1805 646 1395 1272 161 600 1186 599 1286 1254 589 564 566 1103 1498 586 1448 562 0 1718 1207 582 1510 1565 1019 529 1826 585 558 527
325 1526 388 1519 1367 846 963 1523 565 1268 326 567 1536 330 1533 1536 753 1514 1240 517 848 1620 1491 437 1527 1365 1521 1516 1019 1106 836 1531 1283 573 1522 1148 1010 1547 1420 1520 171 1431 1136 1517 814 344 389 1520 1555 420 858 1507 277 1236 542 1158 1607 1552 1072 1154 709 663 1540 1515 1517 736 329 1538 572 1514 1718 0 1093 1533 370 424 850 1424 242 1537 1510 1478
1063 1372 733 1366 855 905 823 1369 1008 681 1392 572 1383 1033 1380 1383 469 1360 768 810 432 1108 980 885 1374 853 1009 1363 242 878 895 1377 1129 579 1369 838 874 1393 909 1366 1237 920 956 1363 675 1048 1092 1366 1401 1124 718 996 1343 1083 678 322 1096 1398 296 833 569 537 1386 1361 1364 386 1067 1384 732 1360 1207 1093 0 1379 793 848 909 1271 1308 1383 1356 1324
1309 223 1622 216 687 969 1712 220 1253 738 1724 1461 233 1835 230 233 1358 77 667 1699 1234 483 599 1774 224 685 565 213 1305 531 959 228 286 1468 75 576 993 244 661 217 1513 672 646 214 1564 1850 1895 217 252 1926 1607 582 1619 335 1567 1444 470 249 1358 581 1458 1426 237 212 214 1275 1312 234 1621 211 582 1533 1379 0 1682 1737 833 218 1640 234 207 175
668 1676 88 1669 1158 1021 663 1672 907 984 669 267 1686 310 1683 1686 453 1663 1071 217 548 1411 1283 161 1677 1156 1312 1666 719 1181 1011 1680 1432 273 1672 1141 990 1696 1212 1669 514 1223 1259 1666 514 324 369 1669 1704 401 558 1299 620 1386 242 859 1399 1701 772 1136 409 364 1689 1664 1667 436 671 1687 272 1663 1510 370 793 1682 0 125 1025 1574 584 1686 1659 1627
722 1730 143 1723 1213 1075 718 1727 962 1039 723 322 1741 364 1738 1741 508 1718 1126 272 603 1466 1338 124 1731 1211 1367 1721 773 1236 1066 1735 1487 328 1726 1196 1044 1751 1267 1724 569 1278 1314 1721 569 379 424 1724 1759 455 613 1354 675 1440 297 913 1454 1756 827 1190 464 418 1744 1719 1721 491 726 1742 327 1718 1565 424 848 1737 125 0 1079 1629 639 1741 1714 1682
626 826 1011 820 667 287 1100 823 570 530 1041 849 837 1152 834 837 746 814 540 1087 549 920 792 1162 828 665 821 817 880 406 277 831 583 856 823 449 190 847 721 820 830 731 436 817 952 1167 1212 820 855 1243 995 807 936 537 955 1020 907 852 933 454 846 814 840 815 818 663 630 838 1009 814 1019 850 954 833 1070 1125 0 725 957 837 810 778
1200 212 1514 205 634 861 1604 208 1145 629 1616 1353 222 1727 219 222 1249 199 559 1590 1125 430 546 1665 213 632 513 202 1196 423 851 216 178 1359 208 467 885 232 608 205 1405 619 537 202 1456 1742 1786 205 240 1818 1499 529 1511 226 1459 1336 418 237 1250 473 1350 1318 225 200 203 1166 1204 223 1512 199 529 1424 1271 218 1574 1629 725 0 1532 222 195 163
432 1633 603 1627 1474 953 1178 1630 672 1375 281 782 1644 544 1641 1644 968 1621 1347 732 978 1727 1599 652 1635 1472 1628 1624 1233 1213 943 1638 1390 788 1630 1256 1117 1654 1528 1627 278 1538 1243 1624 1029 559 604 1627 1662 635 1073 1614 384 1344 757 1373 1714 1659 1287 1261 924 878 1647 1622 1625 950 436 1645 786 1621 1826 242 1308 1640 584 639 957 1532 0 1644 1617 1585
1313 68 1626 81 691 973 1716 84 1257 742 1728 1465 50 1839 63 71 1362 215 671 1703 1238 487 602 1778 69 689 569 84 1308 535 963 64 290 1471 223 580 997 48 665 122 1517 675 650 82 1568 1854 1899 79 56 1930 1611 586 1623 339 1571 1448 474 53 1362 585 1462 1430 45 78 118 1279 1316 61 1624 87 585 1537 1383 234 1686 1741 837 222 1644 0 77 113
1286 77 1599 90 664 946 1689 92 1230 715 1701 1438 59 1812 72 79 1335 188 644 1676 1211 460 575 1751 78 662 542 93 1281 508 936 73 263 1444 196 553 970 56 638 97 1490 648 623 90 1541 1827 1872 87 65 1903 1584 559 1596 312 1544 1421 447 61 1335 558 1435 1403 54 86 95 1252 1289 70 1597 91 558 1510 1356 207 1659 1714 810 195 1617 77 0 86
1254 102 1568 95 632 915 1658 99 1198 683 1670 1406 112 1780 109 112 1303 156 613 1644 1179 428 544 1719 103 630 510 92 1250 476 905 107 231 1413 165 521 938 123 606 96 1458 617 591 93 1509 1795 1840 96 131 1871 1553 527 1564 280 1513 1390 416 128 1303 526 1404 1371 116 91 93 1220 1258 113 1566 90 527 1478 1324 175 1627 1682 778 163 1585 113 86 0
EOF