NAME : tsp_problem
TYPE : TSP
DIMENSION : 50
EDGE_WEIGHT_TYPE : EXPLICIT
EDGE_WEIGHT_FORMAT : FULL_MATRIX
EDGE_WEIGHT_SECTION
0 927 1154 1217 912 1216 658 684 546 951 496 981 995 249 1046 1216 1179 89 111 491 1177 318 330 374 960 687 796 168 749 684 316 1154 1047 110 472 684 1046 1217 1046 638 1154 1177 981 967 148 224 353 458 413 1217
980 0 569 647 420 646 668 574 732 86 783 116 131 834 460 646 420 1036 1057 715 418 728 784 657 96 697 484 1114 437 615 693 569 462 925 884 441 461 647 461 735 569 419 116 381 972 1163 916 1115 623 647
1154 629 0 578 615 577 808 748 906 539 956 569 555 1008 392 578 373 1209 1231 889 371 902 957 831 549 838 658 1288 611 789 867 14 393 1099 1025 615 392 579 392 876 14 371 569 238 1146 1304 1057 1256 797 578
1217 896 578 0 881 20 640 826 815 618 812 647 662 1086 372 20 639 1272 1294 967 638 980 1036 909 627 669 728 1252 689 834 945 578 373 1161 856 693 372 19 372 707 578 638 647 391 1209 1135 888 1087 875 19
994 449 583 661 0 660 682 588 746 101 797 131 145 848 475 661 435 1050 1072 730 433 742 798 671 110 712 498 1129 451 629 707 583 476 939 898 456 475 662 475 749 583 433 131 396 987 1178 931 1130 637 661
1216 895 577 20 880 0 639 825 815 617 811 647 661 1085 371 21 639 1271 1293 966 637 979 1035 908 626 669 727 1251 688 834 944 577 372 1161 855 693 371 20 372 706 577 637 647 390 1208 1135 888 1087 874 20
658 857 808 640 843 639 0 391 245 638 251 668 683 547 623 639 870 713 735 754 868 617 629 673 648 108 279 693 336 344 615 808 625 602 297 397 623 640 624 113 808 868 668 621 650 576 329 528 662 640
684 522 748 826 507 825 391 0 214 545 264 575 589 538 640 826 774 739 761 419 772 432 487 361 554 466 267 767 220 97 397 748 641 629 371 153 640 827 640 333 748 772 575 561 676 650 403 602 327 826
546 680 906 815 665 815 245 214 0 703 79 732 747 436 797 815 932 602 624 577 930 505 518 518 712 319 398 582 378 167 504 906 799 491 186 311 798 816 798 153 906 930 733 719 539 465 218 417 485 816
951 388 539 618 373 617 638 545 703 0 753 87 102 805 431 617 373 1006 1028 686 371 699 754 628 67 668 455 1085 408 585 664 539 432 896 855 412 431 618 432 706 539 371 87 352 943 1134 887 1086 594 618
496 731 956 812 716 811 251 264 79 753 0 783 798 386 796 812 982 551 573 627 981 455 467 511 763 280 440 531 428 217 453 956 797 441 135 361 796 813 796 171 956 981 783 769 488 415 168 367 535 812
981 347 541 647 332 647 668 575 732 87 783 0 131 835 461 647 333 1036 1058 670 331 728 784 657 97 698 485 1115 438 615 694 541 462 925 885 442 461 648 461 735 541 331 117 382 973 1164 917 1116 624 648
995 329 522 662 314 661 683 589 747 102 798 131 0 849 476 662 314 1051 1073 651 312 743 799 672 111 713 499 1129 452 630 708 522 477 940 899 457 476 663 476 750 522 312 132 397 987 1179 931 1130 638 662
249 781 1008 1086 766 1085 547 538 436 805 386 835 849 0 900 1086 1033 305 326 455 1031 172 184 229 814 577 650 383 603 574 170 1008 901 194 362 538 900 1087 900 528 1008 1031 835 821 241 439 243 593 267 1086
1046 709 392 372 695 371 623 640 797 431 796 461 476 900 0 371 453 1101 1123 781 451 793 849 722 441 653 550 1180 503 680 759 392 60 990 840 507 61 373 61 691 392 451 461 205 1038 1119 872 1071 689 372
1216 895 578 20 881 21 639 826 815 617 812 647 662 1086 371 0 639 1272 1293 967 637 979 1035 908 627 669 727 1251 689 834 945 578 373 1161 856 693 372 19 372 706 578 637 647 391 1208 1135 888 1087 875 20
1183 421 373 639 407 639 870 779 937 406 987 365 347 1037 453 639 0 1239 1261 744 30 931 987 860 396 899 719 1317 672 819 896 373 454 1128 1086 676 453 640 453 937 373 30 365 299 1175 1365 1118 1317 826 640
89 982 1209 1272 968 1271 713 739 602 1006 551 1036 1051 305 1101 1272 1234 0 66 546 1232 374 386 430 1016 743 852 123 805 740 372 1209 1102 166 527 739 1101 1273 1102 694 1209 1233 1036 1022 203 275 409 509 469 1272
111 1004 1231 1294 989 1293 735 761 624 1028 573 1058 1073 326 1123 1293 1256 66 0 568 1254 395 407 452 1038 765 874 77 827 762 393 1231 1124 188 484 761 1123 1294 1123 716 1231 1254 1058 1044 225 232 431 466 490 1294
502 487 889 967 473 966 754 419 577 556 627 585 600 466 781 967 739 557 579 0 737 535 547 500 565 829 531 636 484 460 533 889 782 447 689 419 781 968 781 696 889 738 585 702 494 692 571 920 466 968
1182 420 371 638 405 637 868 777 935 404 986 364 345 1036 451 637 30 1237 1259 742 0 929 985 858 394 898 717 1316 670 818 895 371 453 1126 1084 675 451 638 452 935 371 33 364 297 1174 1364 1117 1316 825 638
318 675 902 980 660 979 617 432 505 699 455 728 743 172 793 979 926 374 395 524 925 0 122 122 708 646 544 452 497 472 71 902 795 263 431 432 794 981 794 597 902 925 728 714 310 508 312 662 161 980
330 730 957 1036 716 1035 629 487 518 754 467 784 799 184 849 1035 982 386 407 536 980 122 0 178 764 659 600 464 553 528 120 957 850 275 443 487 849 1036 850 610 957 981 784 770 322 520 324 674 217 1036
374 604 831 909 589 908 673 361 518 628 511 657 672 229 722 908 855 430 452 500 854 122 178 0 637 703 473 509 426 401 87 831 724 319 487 361 723 910 723 638 831 854 658 644 367 565 369 718 90 909
960 378 549 627 363 626 648 554 712 67 763 97 111 814 441 627 363 1016 1038 696 362 708 764 637 0 678 464 1095 417 595 673 549 442 905 864 422 441 628 441 715 549 362 97 362 953 1144 897 1096 603 627
687 932 838 669 917 669 108 466 319 668 280 698 713 577 653 669 899 743 765 829 898 646 659 703 678 0 354 723 411 419 644 838 654 632 327 472 653 670 654 187 838 898 698 651 680 606 359 558 737 670
796 635 658 728 620 727 279 267 398 455 440 485 499 650 550 727 719 852 874 531 717 544 600 473 464 354 0 930 72 305 509 658 551 741 543 134 550 729 550 290 658 718 485 471 788 823 575 774 439 728
168 1061 1288 1252 1046 1251 693 767 582 1085 531 1115 1129 383 1180 1251 1313 123 77 625 1311 452 464 509 1095 723 930 0 883 720 450 1288 1181 245 427 818 1180 1252 1180 674 1288 1311 1115 1101 282 175 487 409 547 1252
749 588 611 689 573 688 336 220 378 408 428 438 452 603 503 689 672 805 827 484 670 497 553 426 417 411 72 883 0 260 462 611 504 694 535 87 503 690 503 346 611 671 438 424 741 814 567 766 392 689
684 563 789 834 548 834 344 97 167 585 217 615 630 574 680 834 815 740 762 460 813 472 528 401 595 419 305 720 260 0 437 789 682 629 324 193 680 835 681 286 789 813 615 601 677 603 356 555 367 835
316 640 867 945 625 944 615 397 504 664 453 694 708 170 759 945 892 372 393 522 890 71 120 87 673 644 509 450 462 437 0 867 760 261 429 397 759 946 759 596 867 890 694 680 308 506 310 660 126 945
1154 629 14 578 615 577 808 748 906 539 956 569 555 1008 392 578 373 1209 1231 889 371 902 957 831 549 838 658 1288 611 789 867 0 393 1099 1025 615 392 579 392 876 14 371 569 238 1146 1304 1057 1256 797 578
1047 711 393 373 696 372 625 641 799 432 797 462 477 901 60 373 454 1102 1124 782 453 795 850 724 442 654 551 1181 504 682 760 393 0 992 841 508 59 374 59 692 393 453 462 206 1039 1120 873 1072 690 373
110 871 1099 1161 857 1161 602 629 491 896 441 925 940 194 990 1161 1123 166 188 436 1122 263 275 319 905 632 741 245 694 629 261 1099 992 0 417 629 991 1162 991 583 1099 1122 925 911 103 301 298 535 358 1162
472 837 1025 856 823 855 297 371 186 855 135 885 899 362 840 856 1086 527 484 678 1084 431 443 487 864 327 543 427 535 324 429 1025 841 417 0 468 840 857 840 278 1025 1084 885 838 464 311 144 262 526 856
684 522 615 693 507 693 397 153 311 412 361 442 457 538 507 693 676 739 761 419 675 432 487 361 422 472 134 818 87 193 397 615 508 629 468 0 507 694 507 408 615 675 442 428 676 747 500 699 327 694
1046 710 392 372 695 371 623 640 798 431 796 461 476 900 61 372 453 1101 1123 781 451 794 849 723 441 653 550 1180 503 680 759 392 59 991 840 507 0 373 61 691 392 452 461 205 1038 1119 872 1071 689 372
1217 896 579 19 882 20 640 827 816 618 813 648 663 1087 373 19 640 1273 1294 968 638 981 1036 910 628 670 729 1252 690 835 946 579 374 1162 857 694 373 0 373 708 579 639 648 392 1209 1136 889 1088 876 18
1046 710 392 372 695 372 624 640 798 432 796 461 476 900 61 372 453 1102 1123 781 452 794 850 723 441 654 550 1180 503 681 759 392 59 991 840 507 61 373 0 691 392 452 461 205 1038 1119 872 1071 689 373
638 799 876 707 784 706 113 333 153 706 171 735 750 528 691 706 937 694 716 696 935 597 610 638 715 187 290 674 346 286 596 876 692 583 278 408 691 708 691 0 876 935 735 688 631 557 310 509 604 707
1154 629 14 578 615 577 808 748 906 539 956 569 555 1008 392 578 373 1209 1231 889 371 902 957 831 549 838 658 1288 611 789 867 14 393 1099 1025 615 392 579 392 876 0 371 569 238 1146 1304 1057 1256 797 578
1182 420 371 638 405 637 868 777 935 404 986 364 345 1036 451 637 30 1237 1259 742 33 930 985 859 394 898 718 1316 671 818 895 371 453 1126 1084 675 452 639 452 935 371 0 364 297 1174 1364 1117 1316 825 638
981 347 541 647 332 647 668 575 733 87 783 117 132 835 461 647 333 1036 1058 670 331 728 784 658 97 698 485 1115 438 615 694 541 462 925 885 442 461 648 461 735 541 331 0 382 973 1164 917 1116 624 648
967 555 238 391 541 390 621 561 719 352 769 382 397 821 205 391 299 1022 1044 702 297 714 770 644 362 651 471 1101 424 601 680 238 206 911 838 428 205 392 205 688 238 297 382 0 959 1117 870 1069 610 391
148 919 1146 1209 904 1208 650 676 539 943 488 973 987 241 1038 1208 1171 203 225 483 1169 310 322 367 953 680 788 282 741 677 308 1146 1039 103 464 676 1038 1209 1038 631 1146 1169 973 959 0 338 345 572 405 1209
224 1117 1304 1135 1102 1135 576 650 465 1134 415 1164 1179 439 1119 1135 1365 275 232 681 1364 508 520 565 1144 606 823 175 814 603 506 1304 1120 301 311 747 1119 1136 1119 557 1304 1364 1164 1117 338 0 423 292 603 1136
353 870 1057 888 855 888 329 403 218 887 168 917 931 243 872 888 1118 409 431 560 1117 312 324 369 897 359 575 487 567 356 310 1057 873 298 144 500 872 889 872 310 1057 1117 917 870 345 423 0 375 407 889
458 1069 1256 1087 1054 1087 528 602 417 1086 367 1116 1130 593 1071 1087 1317 509 466 909 1316 662 674 718 1096 558 774 409 766 555 660 1256 1072 535 262 699 1071 1088 1071 509 1256 1316 1116 1069 572 292 375 0 757 1088
413 570 797 875 555 874 662 327 485 594 535 624 638 267 689 875 822 469 490 466 820 161 217 90 603 737 439 547 392 367 126 797 690 358 526 327 689 876 689 604 797 820 624 610 405 603 407 757 0 875
1217 896 578 19 881 20 640 826 816 618 812 648 662 1086 372 20 640 1272 1294 968 638 980 1036 909 627 670 728 1252 689 835 945 578 373 1162 856 694 372 18 373 707 578 638 648 391 1209 1136 889 1088 875 0
EOF