NAME : tsp_problem
TYPE : TSP
DIMENSION : 82
EDGE_WEIGHT_TYPE : EXPLICIT
EDGE_WEIGHT_FORMAT : FULL_MATRIX
EDGE_WEIGHT_SECTION
0 368 532 152 526 634 694 87 460 634 527 373 713 526 362 489 670 525 695 711 564 239 531 546 665 438 522 695 634 788 857 344 205 167 621 207 721 771 153 526 759 749 576 99 448 659 185 526 713 752 325 515 460 712 525 665 693 414 388 712 93 634 383 634 695 354 660 88 754 729 200 560 519 694 291 712 621 711 403 850 437 247
368 0 427 236 633 818 878 306 677 818 634 679 650 633 65 795 565 633 879 648 315 250 426 489 705 745 513 879 818 751 752 169 445 407 660 186 760 666 363 633 780 789 615 295 343 554 274 634 607 647 632 822 677 649 632 705 877 720 385 649 301 818 134 818 879 661 555 366 649 712 440 455 303 878 147 649 660 649 68 745 635 241
532 427 0 572 855 1040 1100 599 899 1040 856 538 872 855 433 905 415 854 1101 870 241 438 276 339 554 774 363 1101 1039 601 602 289 653 679 510 522 610 516 473 855 630 639 465 611 193 404 384 856 457 497 612 932 899 871 854 554 1099 749 607 871 605 1040 328 1039 1101 557 405 476 499 562 712 305 525 1100 356 871 510 871 392 595 485 557
152 236 572 0 550 658 719 91 485 658 551 504 734 550 230 620 769 550 719 732 452 270 630 677 796 570 654 719 658 919 956 373 230 191 752 75 852 870 286 550 891 881 707 79 547 758 313 551 811 851 457 647 485 732 550 796 718 545 412 733 85 658 338 658 719 486 759 221 853 860 224 659 387 719 303 732 752 732 272 949 569 134
526 633 855 550 0 392 453 484 461 392 59 754 373 60 626 695 1061 61 453 372 734 730 922 927 1046 819 903 453 392 1169 1248 770 479 398 1002 605 1101 1162 659 60 1140 1130 956 497 839 1050 691 60 1103 1143 706 722 461 372 61 1046 452 795 270 373 491 392 734 392 453 735 1051 594 1145 1109 378 951 469 453 700 372 1002 372 636 1241 818 663
634 818 1040 658 392 0 372 592 569 14 393 862 579 392 811 615 1246 392 373 578 919 853 1107 1035 1154 927 1011 373 14 1277 1433 954 587 506 1110 713 1209 1347 767 392 1248 1238 1064 605 1024 1235 799 393 1288 1328 814 641 569 578 392 1154 372 903 476 579 598 14 919 14 373 843 1236 702 1281 1217 486 1136 675 372 885 578 1110 578 821 1426 926 771
694 878 1100 719 453 372 0 653 365 372 454 890 640 453 872 406 1306 452 28 638 980 883 1164 1063 1183 956 1040 29 372 1305 1476 989 648 566 1138 773 1238 1390 797 453 1277 1267 1093 665 1084 1295 829 453 1349 1388 843 433 365 639 452 1183 31 931 537 639 659 372 980 372 29 872 1296 732 1310 1246 546 1197 736 30 935 639 1138 638 881 1487 955 831
87 306 599 91 484 592 653 0 419 592 485 439 672 485 300 554 737 484 654 670 522 306 598 611 731 504 588 653 592 854 924 412 164 125 686 145 786 838 220 485 825 815 641 37 515 726 252 485 780 819 391 581 419 670 484 731 652 480 347 671 31 592 408 592 654 420 727 155 821 794 158 628 457 653 358 670 687 670 342 918 503 204
460 677 899 485 461 541 332 419 0 541 462 688 649 461 671 332 1105 461 333 647 779 680 962 861 981 754 838 332 541 1103 1274 785 414 332 936 539 1036 1188 594 462 1075 1065 891 431 884 1094 625 462 1148 1188 641 359 117 647 461 981 331 729 357 648 425 541 779 541 333 670 1095 529 1108 1044 312 996 582 332 732 647 936 647 681 1286 753 598
634 818 1040 658 392 14 372 592 569 0 393 862 579 392 811 615 1246 392 373 577 919 853 1107 1035 1154 927 1011 373 14 1277 1433 954 587 505 1110 713 1209 1347 767 392 1248 1238 1064 605 1024 1235 799 393 1288 1328 814 641 569 578 392 1154 371 903 476 579 598 14 919 14 373 843 1236 702 1281 1217 486 1136 675 372 885 578 1110 578 821 1426 926 771
527 634 856 551 59 393 454 485 462 393 0 755 374 59 627 696 1062 60 454 373 735 731 923 928 1047 820 904 454 393 1170 1249 771 480 399 1003 606 1102 1163 660 59 1141 1131 957 498 840 1051 692 58 1104 1144 707 723 462 373 60 1047 453 796 271 374 492 393 735 393 454 736 1052 595 1146 1110 379 952 470 454 701 373 1003 373 637 1242 819 664
373 679 538 504 754 862 886 439 688 862 755 0 941 754 673 620 558 753 886 939 570 497 324 223 343 287 200 886 862 465 635 550 367 395 298 559 398 549 410 754 437 427 253 451 389 665 442 754 718 758 125 647 688 940 753 343 885 262 616 940 445 862 589 862 886 70 666 345 469 406 428 566 842 886 549 940 298 939 653 696 115 504
713 650 872 734 373 579 640 672 649 579 374 941 0 374 644 882 1078 373 641 19 751 748 939 1002 1218 1007 1026 640 579 1264 1265 787 667 585 1173 683 1273 1179 846 374 1293 1302 1128 684 856 1067 791 374 1121 1160 894 909 648 18 373 1218 639 982 371 18 678 579 751 579 641 923 1068 781 1162 1225 565 968 377 640 717 18 1173 18 653 1259 1005 739
526 633 855 550 60 392 453 485 461 392 59 754 374 0 626 695 1061 61 454 372 734 730 922 927 1046 820 903 453 392 1169 1248 770 479 398 1002 605 1102 1162 659 60 1140 1131 957 497 839 1050 691 59 1103 1143 706 722 461 372 61 1046 452 795 270 373 491 392 734 392 453 735 1051 594 1145 1110 378 951 469 453 700 372 1002 372 636 1241 818 663
362 65 433 230 626 811 872 300 671 811 627 673 644 626 0 788 571 626 872 642 321 244 432 495 711 738 519 872 811 757 758 176 439 400 667 179 766 672 356 627 786 795 621 288 349 560 267 627 614 653 625 815 671 642 626 711 871 714 379 643 294 811 140 811 872 654 561 360 655 718 433 462 297 872 140 642 667 642 74 752 642 235
502 719 941 527 503 611 462 461 159 611 504 730 691 503 713 0 1148 503 463 689 821 722 1004 903 1023 796 880 463 611 1145 1316 827 456 374 978 581 1078 1230 636 504 1117 1107 933 473 926 1136 667 504 1190 1230 683 73 159 689 503 1023 461 771 399 690 467 611 821 611 463 712 1137 571 1150 1086 354 1038 625 462 774 689 978 689 723 1328 795 640
670 565 415 769 1061 1246 1306 737 1105 1246 1062 558 1078 1061 571 1044 0 1061 1307 1076 447 577 414 456 249 795 432 1307 1246 212 213 427 791 817 299 718 301 127 611 1061 240 250 343 749 331 212 522 1062 330 370 632 1070 1105 1077 1060 250 1305 770 813 1077 743 1246 466 1246 1307 578 213 615 110 172 850 178 731 1306 494 1077 299 1077 530 273 506 695
525 633 854 550 61 392 452 484 461 392 60 753 373 61 626 695 1061 0 453 371 734 730 922 926 1046 819 903 453 392 1168 1248 769 479 397 1001 604 1101 1162 659 60 1140 1130 956 496 839 1050 690 60 1103 1143 706 721 461 372 62 1046 452 794 270 372 490 392 734 392 453 735 1051 594 1145 1109 377 951 469 452 700 372 1001 372 636 1241 818 663
695 879 1101 719 453 373 28 654 365 373 454 891 641 454 872 407 1307 453 0 639 980 884 1165 1064 1183 957 1041 28 373 1306 1476 989 649 567 1139 774 1239 1390 798 454 1278 1268 1094 666 1085 1296 830 454 1349 1389 844 433 365 639 453 1183 30 932 538 640 660 373 980 373 27 873 1297 733 1310 1247 547 1197 736 28 936 639 1139 639 882 1487 956 832
711 648 870 732 372 578 638 670 647 577 373 939 19 372 642 880 1076 371 639 0 750 746 937 1000 1216 1005 1024 639 577 1263 1263 785 665 583 1172 681 1271 1177 844 372 1291 1300 1126 682 854 1065 789 372 1119 1158 892 907 647 20 371 1216 637 980 369 20 676 577 750 577 639 921 1066 779 1160 1223 563 967 375 638 715 20 1172 20 651 1257 1004 737
564 315 241 452 734 919 980 522 779 919 735 570 751 734 321 938 447 734 980 750 0 465 308 371 587 807 395 980 919 634 634 322 661 622 543 401 642 548 506 735 662 671 497 510 226 436 417 735 490 529 645 965 779 750 734 587 979 782 487 751 516 919 360 919 980 590 437 509 532 594 655 338 405 979 389 750 543 750 280 628 518 457
239 250 438 270 730 853 878 306 680 853 731 497 748 730 244 612 577 730 879 746 465 0 438 501 716 562 525 879 853 763 764 251 360 386 672 219 772 678 180 731 791 801 627 318 355 566 69 731 619 659 449 639 680 746 730 716 878 538 483 747 312 853 290 853 879 478 567 184 661 723 419 467 401 878 198 746 672 746 285 757 561 264
531 426 276 630 922 1107 1159 598 962 1107 923 324 939 922 432 893 414 922 1160 937 308 438 0 125 341 560 149 1160 1107 463 601 288 641 668 296 579 396 515 472 922 435 425 251 610 127 403 383 923 456 496 398 920 962 938 921 341 1158 536 674 938 604 1107 327 1107 1160 343 404 476 467 404 701 304 592 1159 355 938 296 938 391 594 271 556
546 489 339 677 927 1035 1059 611 861 1035 928 223 1002 927 495 793 456 926 1059 1000 371 501 125 0 240 460 54 1059 1035 363 533 351 540 568 196 642 295 447 536 927 334 324 150 624 190 466 446 927 520 559 298 819 861 1001 926 240 1058 435 738 1002 618 1035 390 1035 1059 243 467 518 367 303 601 367 656 1059 418 1001 196 1001 455 593 171 620
665 705 554 796 1046 1154 1178 731 981 1154 1047 343 1218 1046 711 912 249 1046 1179 1216 587 716 341 240 0 579 216 1178 1154 157 327 567 659 687 83 851 89 241 703 1046 128 118 127 743 405 436 662 1047 489 594 417 939 980 1216 1045 38 1177 554 908 1217 737 1154 606 1154 1178 362 437 638 161 97 720 402 871 1178 634 1216 83 1216 670 387 290 796
583 781 631 714 964 1072 1096 649 898 1072 965 260 1151 964 787 830 651 963 1096 1149 663 707 417 316 435 0 293 1096 1072 558 728 643 577 605 391 769 491 642 620 964 530 520 346 661 482 758 652 965 811 851 335 857 898 1150 963 436 1095 472 826 1150 655 1072 682 1072 1096 280 759 555 562 499 638 659 947 1096 710 1150 391 1150 746 789 166 714
522 513 363 654 903 1011 1035 588 838 1011 904 200 1026 903 519 769 432 903 1036 1024 395 525 149 54 216 436 0 1035 1011 339 509 375 516 544 172 666 272 423 559 904 311 301 127 600 214 490 470 904 543 583 274 796 838 1025 903 216 1034 411 761 1025 594 1011 414 1011 1036 219 491 495 343 280 577 391 679 1035 442 1025 172 1025 478 570 147 643
695 879 1101 719 453 373 29 653 365 373 454 891 640 453 872 406 1307 453 28 639 980 884 1165 1064 1183 957 1040 0 373 1306 1476 989 648 567 1139 774 1239 1390 797 453 1277 1268 1094 666 1085 1296 829 454 1349 1389 843 433 365 639 453 1183 30 932 537 640 659 373 980 373 28 872 1297 732 1310 1247 547 1197 736 29 936 639 1139 639 882 1487 955 832
634 818 1039 658 392 14 372 592 569 14 393 862 579 392 811 615 1246 392 373 577 919 853 1107 1035 1154 927 1011 373 0 1277 1433 954 587 505 1110 712 1209 1347 767 392 1248 1238 1064 605 1024 1235 799 393 1288 1328 814 641 569 578 392 1154 371 903 476 579 598 14 919 14 373 843 1236 702 1281 1217 486 1136 675 372 885 578 1110 578 821 1426 926 771
788 751 601 919 1169 1277 1301 854 1103 1277 1170 465 1264 1169 757 1035 212 1168 1301 1263 634 763 463 363 157 702 339 1301 1277 0 258 613 782 810 206 904 111 196 798 1169 48 58 250 866 517 399 708 1169 421 543 540 1062 1103 1263 1168 157 1300 677 1000 1264 860 1277 652 1277 1301 485 400 760 186 216 843 364 918 1301 680 1263 206 1263 717 319 413 882
857 752 602 956 1248 1433 1471 924 1274 1433 1249 635 1265 1248 758 1205 213 1248 1471 1263 634 764 601 533 327 872 509 1471 1433 258 0 614 952 980 376 905 350 143 799 1248 287 297 420 937 518 400 709 1249 188 310 710 1232 1273 1264 1248 327 1470 847 1001 1265 930 1433 653 1433 1471 655 401 802 187 249 1013 352 918 1471 681 1264 376 1264 718 86 583 882
344 169 289 373 770 954 984 412 785 954 771 550 787 770 176 718 427 769 985 785 322 251 288 351 567 668 375 984 954 613 614 0 465 491 523 323 622 528 286 770 642 651 477 424 205 416 197 770 470 509 555 745 785 786 769 567 983 643 522 786 418 954 67 954 984 570 417 289 511 574 524 318 440 984 169 786 523 785 179 608 498 370
205 445 653 230 479 587 648 164 414 587 480 367 667 479 439 483 791 479 649 665 661 360 641 540 659 433 516 648 587 782 952 465 0 120 615 284 715 866 273 480 753 744 570 176 569 780 305 480 833 873 320 510 414 665 479 659 647 408 342 666 170 587 504 587 648 348 781 208 786 723 153 681 568 648 412 665 615 665 481 971 431 343
167 407 679 191 398 506 566 125 332 505 399 395 585 398 400 511 817 397 567 583 622 386 668 568 687 460 544 567 505 810 980 491 120 0 643 246 742 894 300 398 781 771 597 138 595 806 332 398 860 899 347 537 332 584 397 687 565 436 260 584 132 505 508 505 567 376 807 235 814 750 87 707 486 566 438 584 643 583 442 997 459 304
621 660 510 752 1002 1110 1134 686 936 1110 1003 298 1173 1002 667 868 299 1001 1134 1172 543 672 296 196 83 535 172 1134 1110 206 376 523 615 643 0 807 139 290 658 1002 177 168 83 699 361 486 618 1002 538 643 373 894 936 1172 1001 83 1133 510 864 1173 693 1110 561 1110 1134 318 487 593 210 147 676 451 827 1134 589 1172 58 1172 626 436 246 752
207 186 522 75 605 713 773 145 539 713 606 559 683 605 179 675 718 604 774 681 401 219 579 642 851 624 666 774 712 904 905 323 284 246 807 0 906 819 247 605 933 935 761 133 496 707 263 605 761 800 511 701 539 682 604 851 772 600 418 682 140 713 287 712 774 540 708 250 802 865 279 608 336 773 253 682 807 682 221 899 623 83
721 760 610 852 1101 1209 1233 786 1036 1209 1102 398 1273 1102 766 967 301 1101 1234 1271 642 772 396 295 89 634 272 1234 1209 111 350 622 715 742 139 906 0 287 758 1102 83 73 182 799 461 488 717 1102 512 634 472 994 1036 1272 1101 89 1233 610 964 1273 792 1209 661 1209 1234 417 489 693 212 149 775 453 927 1233 689 1272 138 1272 726 410 345 852
771 666 516 870 1162 1347 1385 838 1188 1347 1163 549 1179 1162 672 1119 127 1162 1386 1177 548 678 515 447 241 786 423 1385 1347 196 143 528 866 894 290 819 287 0 713 1162 224 234 334 851 432 314 623 1163 305 427 624 1146 1187 1178 1162 241 1384 761 915 1179 845 1347 567 1347 1385 569 315 716 101 163 927 279 833 1385 595 1178 290 1178 632 203 497 797
153 363 473 286 659 767 792 220 594 767 660 410 846 659 356 526 611 659 793 844 506 180 472 536 703 476 559 793 767 798 799 286 273 300 658 247 758 713 0 659 797 787 613 232 390 600 126 660 654 694 363 553 593 845 658 703 791 451 521 845 226 767 325 767 793 392 601 97 696 758 333 502 555 792 233 845 658 845 398 792 475 188
526 633 855 550 60 392 453 485 462 392 59 754 374 60 627 695 1061 60 454 372 735 731 922 927 1046 820 904 453 392 1169 1248 770 480 398 1002 605 1102 1162 659 0 1141 1131 957 497 839 1050 691 59 1104 1143 707 722 461 372 61 1046 452 795 271 373 491 392 734 392 454 736 1051 594 1145 1110 378 952 469 453 700 372 1002 372 636 1242 818 663
759 780 630 891 1140 1248 1272 825 1075 1248 1141 437 1293 1140 786 1006 240 1140 1273 1291 662 791 435 334 128 673 311 1273 1248 48 287 642 753 781 177 933 83 224 797 1141 0 69 221 837 500 427 737 1141 449 571 511 1033 1075 1292 1140 128 1271 648 1003 1292 831 1248 681 1248 1273 456 428 732 214 187 814 393 946 1272 709 1292 177 1291 745 347 384 891
749 789 639 881 1130 1238 1262 815 1065 1238 1131 427 1302 1131 795 996 250 1130 1263 1300 671 801 425 324 118 663 301 1263 1238 58 297 651 744 771 168 935 73 234 787 1131 69 0 211 827 490 437 746 1131 459 581 501 1023 1065 1301 1130 118 1261 639 993 1302 821 1238 690 1238 1263 446 438 722 224 178 804 403 955 1262 718 1301 167 1301 755 357 374 881
576 615 465 707 956 1064 1088 641 891 1064 957 253 1128 957 621 822 343 956 1089 1126 497 627 251 150 127 489 127 1089 1064 250 420 477 570 597 83 761 182 334 613 957 221 211 0 653 316 530 572 957 582 685 327 849 891 1127 956 127 1088 465 819 1128 647 1064 516 1064 1089 272 531 548 254 190 630 493 781 1088 544 1127 83 1127 581 480 200 707
99 295 611 79 497 605 665 37 431 605 498 451 684 497 288 567 749 496 666 682 510 318 610 624 743 516 600 666 605 866 937 424 176 138 699 133 799 851 232 497 837 827 653 0 528 738 264 497 792 832 403 593 431 683 496 743 664 492 359 683 44 605 396 605 666 432 739 167 834 806 171 640 445 665 362 683 699 682 330 930 515 192
448 343 193 547 839 1024 1084 515 884 1024 840 389 856 839 349 822 331 839 1085 854 226 355 127 190 405 625 214 1085 1024 517 518 205 569 595 361 496 461 432 390 839 500 490 316 528 0 320 300 840 374 413 463 848 883 855 839 405 1084 600 592 856 522 1024 244 1024 1085 408 321 393 415 469 628 221 510 1084 272 855 361 855 309 512 336 474
659 554 404 758 1050 1235 1295 726 1094 1235 1051 665 1067 1050 560 1032 212 1050 1296 1065 436 566 403 466 436 901 490 1296 1235 399 400 416 780 806 486 707 488 314 600 1050 427 437 530 738 320 0 511 1051 319 359 739 1059 1094 1066 1049 437 1294 877 802 1066 732 1235 455 1235 1296 684 27 604 297 359 839 167 720 1295 483 1066 486 1066 519 457 612 684
185 274 384 313 691 799 824 252 625 799 692 442 791 691 267 558 522 690 825 789 417 69 383 446 662 508 470 824 799 708 709 197 305 332 618 263 717 623 126 691 737 746 572 264 300 511 0 691 565 604 395 585 625 790 690 662 823 483 526 790 258 799 235 799 825 424 512 129 606 669 365 413 444 824 143 790 618 790 309 703 507 210
526 634 856 551 60 393 453 485 462 393 58 754 374 59 627 696 1062 60 454 372 735 731 923 927 1047 820 904 454 393 1169 1249 770 480 398 1002 605 1102 1163 660 59 1141 1131 957 497 840 1051 691 0 1104 1144 707 723 462 373 60 1047 453 795 271 373 491 393 735 393 454 736 1052 595 1146 1110 378 952 470 453 701 373 1002 373 637 1242 819 664
713 607 457 811 1103 1288 1349 780 1148 1288 1104 718 1121 1103 614 1086 330 1103 1349 1119 490 619 456 520 489 955 543 1349 1288 421 188 470 833 860 538 761 512 305 654 1104 449 459 582 792 374 319 565 1104 0 144 793 1113 1148 1119 1103 489 1348 930 856 1120 786 1288 508 1288 1349 738 320 657 349 412 893 186 774 1349 537 1119 538 1119 573 160 666 738
752 647 497 851 1143 1328 1388 819 1188 1328 1144 758 1160 1143 653 1126 370 1143 1389 1158 529 659 496 559 594 994 583 1389 1328 543 310 509 873 899 643 800 634 427 694 1143 571 581 685 832 413 359 604 1144 144 0 832 1152 1187 1159 1143 594 1388 970 896 1160 825 1328 548 1328 1389 777 360 697 454 517 932 226 813 1388 576 1159 643 1159 613 282 706 777
325 632 612 457 706 814 838 391 641 814 707 125 894 706 625 572 632 706 839 892 645 449 398 298 417 239 274 839 814 540 710 555 320 347 373 511 472 624 363 707 511 501 327 403 463 739 395 707 793 832 0 599 641 892 706 417 837 215 569 893 397 814 593 814 839 106 740 298 544 480 380 641 795 838 501 892 373 892 667 770 189 457
448 665 887 472 449 557 408 407 105 557 450 676 636 449 659 408 1093 449 408 634 766 667 950 849 968 742 826 408 557 1091 1261 773 402 320 924 527 1024 1175 581 449 1063 1053 879 419 871 1082 613 450 1136 1175 629 0 104 635 448 968 407 717 344 635 413 557 766 557 408 658 1083 516 1095 1032 300 983 570 408 720 635 924 635 668 1273 741 585
460 677 899 485 461 541 332 419 117 541 462 688 648 461 671 332 1105 461 333 647 779 680 962 861 980 754 838 332 541 1103 1273 785 414 332 936 539 1036 1187 593 461 1075 1065 891 431 883 1094 625 462 1148 1187 641 359 0 647 461 981 331 729 356 648 425 541 779 541 333 670 1095 528 1107 1044 312 996 582 332 732 647 936 647 680 1286 753 597
712 649 871 732 372 578 639 670 647 578 373 940 18 372 642 881 1077 372 639 20 750 746 938 1001 1216 1005 1025 639 578 1263 1264 786 665 584 1172 682 1272 1178 845 372 1292 1301 1127 683 855 1066 790 373 1119 1159 892 908 647 0 372 1216 638 981 369 19 676 578 750 578 639 921 1067 780 1161 1223 564 967 376 639 716 20 1172 20 652 1257 1004 737
525 632 854 550 61 392 452 484 461 392 60 753 373 61 626 694 1060 62 453 371 734 730 921 926 1045 819 903 453 392 1168 1248 769 479 397 1001 604 1101 1162 658 61 1140 1130 956 496 839 1049 690 60 1103 1143 706 721 461 372 0 1045 451 794 270 372 490 392 734 392 453 735 1050 593 1145 1109 377 951 469 452 699 372 1001 371 636 1241 818 662
665 705 554 796 1046 1154 1178 731 981 1154 1047 343 1218 1046 711 912 250 1046 1179 1216 587 716 341 240 38 579 216 1178 1154 157 327 567 659 687 83 851 89 241 703 1046 128 118 127 743 405 437 662 1047 489 594 417 939 981 1216 1045 0 1177 554 908 1217 737 1154 606 1154 1178 362 438 638 161 97 720 402 871 1178 634 1216 83 1216 670 387 290 796
693 877 1099 718 452 372 31 652 364 371 453 890 639 452 871 405 1305 452 30 637 979 882 1163 1062 1182 955 1039 30 371 1305 1475 988 647 565 1137 772 1237 1389 796 452 1276 1266 1092 664 1084 1294 828 453 1348 1388 842 432 364 638 451 1182 0 931 536 638 658 371 979 371 30 871 1295 731 1309 1245 545 1196 735 31 935 638 1137 638 881 1486 954 831
646 844 694 778 1027 1135 1159 712 962 1135 1028 324 1214 1027 851 893 715 1027 1160 1213 727 770 480 380 499 560 356 1159 1135 622 792 707 640 668 455 832 554 706 684 1027 593 583 409 724 545 821 716 1028 875 915 398 920 962 1213 1027 499 1158 0 889 1214 718 1135 745 1135 1160 343 822 619 626 562 701 723 1011 1159 774 1213 455 1213 810 852 229 778
388 385 607 412 270 476 537 347 357 476 271 616 371 270 379 660 813 270 538 369 487 483 674 738 908 682 761 537 476 1000 1001 522 342 260 864 418 964 915 521 271 1003 993 819 359 592 802 526 271 856 896 569 687 356 369 270 908 536 657 0 370 353 476 487 476 537 597 803 456 898 960 240 704 290 537 452 369 864 369 389 994 680 474
712 649 871 733 373 579 639 671 648 579 374 940 18 373 643 882 1077 372 640 20 751 747 938 1002 1217 1006 1025 640 579 1264 1265 786 666 584 1173 682 1273 1179 845 373 1292 1302 1128 683 856 1066 790 373 1120 1160 893 908 648 19 372 1217 638 981 370 0 677 579 751 579 640 922 1067 780 1162 1224 564 968 376 639 716 19 1173 19 653 1258 1005 738
93 301 605 85 491 598 659 31 425 598 492 445 678 491 294 561 743 490 660 676 516 312 604 618 737 510 594 659 598 860 930 418 170 132 693 140 792 845 226 491 831 821 647 44 522 732 258 491 786 825 397 587 425 676 490 737 658 486 353 677 0 598 402 598 660 426 733 161 828 800 164 634 451 659 365 676 693 676 336 924 509 198
634 818 1040 658 392 14 372 592 569 14 393 862 579 392 811 615 1246 392 373 577 919 853 1107 1035 1154 927 1011 373 14 1277 1433 954 587 505 1110 713 1209 1347 767 392 1248 1238 1064 605 1024 1235 799 393 1288 1328 814 641 569 578 392 1154 371 903 476 579 598 0 919 14 373 843 1236 702 1281 1217 486 1136 675 372 885 578 1110 578 821 1426 926 771
383 134 328 338 734 919 980 408 779 919 735 589 751 734 140 757 466 734 980 750 360 290 327 390 606 706 414 980 919 652 653 67 504 508 561 287 661 567 325 734 681 690 516 396 244 455 235 735 508 548 593 783 779 750 734 606 979 682 487 751 402 919 0 919 980 608 456 328 550 613 541 356 405 979 179 750 561 750 143 646 536 343
634 818 1039 658 392 14 372 592 569 14 393 862 579 392 811 615 1246 392 373 577 919 853 1107 1035 1154 927 1011 373 14 1277 1433 954 587 505 1110 712 1209 1347 767 392 1248 1238 1064 605 1024 1235 799 393 1288 1328 814 641 569 578 392 1154 371 903 476 579 598 14 919 0 373 843 1236 702 1281 1217 486 1136 675 372 885 578 1110 578 821 1426 926 771
695 879 1101 719 453 373 29 654 365 373 454 891 641 453 872 406 1307 453 27 639 980 884 1165 1064 1183 957 1040 28 373 1306 1476 989 648 567 1139 774 1239 1390 798 454 1278 1268 1094 666 1085 1296 829 454 1349 1389 844 433 365 639 453 1183 30 932 537 640 660 373 980 373 0 872 1297 733 1310 1247 547 1197 736 29 936 639 1139 639 882 1487 955 832
354 661 557 486 735 843 867 420 670 843 736 70 923 735 654 601 578 735 868 921 590 478 343 243 362 268 219 868 843 485 655 570 348 376 318 540 417 569 392 736 456 446 272 432 408 684 424 736 738 777 106 628 670 921 735 362 866 243 597 922 426 843 608 843 868 0 685 327 489 425 409 586 823 867 530 921 318 921 673 715 134 486
660 555 405 759 1051 1236 1296 727 1095 1236 1052 666 1068 1051 561 1033 213 1051 1297 1066 437 567 404 467 437 902 491 1297 1236 400 401 417 781 807 487 708 489 315 601 1051 428 438 531 739 321 27 512 1052 320 360 740 1060 1095 1067 1050 438 1295 878 803 1067 733 1236 456 1236 1297 685 0 605 298 360 840 168 721 1296 484 1067 487 1067 520 458 613 685
88 366 476 221 594 702 727 155 529 702 595 345 781 594 360 461 615 594 728 779 509 184 476 518 638 411 495 728 702 760 802 289 208 235 593 250 693 716 97 594 732 722 548 167 393 604 129 595 657 697 298 488 528 780 593 638 726 386 456 780 161 702 328 702 728 327 605 0 699 701 268 505 559 727 236 780 593 780 401 795 410 191
754 649 499 853 1145 1281 1305 821 1108 1281 1146 469 1162 1145 655 1039 110 1145 1305 1160 532 661 467 367 161 706 343 1305 1281 186 187 511 786 814 210 802 212 101 696 1145 214 224 254 834 415 297 606 1146 349 454 544 1066 1107 1161 1145 161 1304 681 898 1162 828 1281 550 1281 1305 489 298 699 0 83 847 262 816 1305 578 1161 210 1161 615 247 417 780
729 712 562 860 1109 1217 1241 794 1044 1217 1110 406 1225 1110 718 975 172 1109 1242 1223 594 723 404 303 97 642 280 1242 1217 216 249 574 723 750 147 865 149 163 758 1110 187 178 190 806 469 359 669 1110 412 517 480 1002 1044 1223 1109 97 1240 618 960 1224 800 1217 613 1217 1242 425 360 701 83 0 783 325 878 1241 641 1223 146 1223 677 310 353 842
200 440 712 224 378 486 546 158 312 486 379 428 565 378 433 544 850 377 547 563 655 419 701 601 720 493 577 547 486 843 1013 524 153 87 676 279 775 927 333 378 814 804 630 171 628 839 365 378 893 932 380 570 312 564 377 720 545 469 240 564 164 486 541 486 547 409 840 268 847 783 0 740 466 546 471 564 676 563 475 1030 492 337
560 455 305 659 951 1136 1197 628 996 1136 952 566 968 951 462 934 178 951 1197 967 338 467 304 367 402 803 391 1197 1136 364 352 318 681 707 451 608 453 279 502 952 393 403 493 640 221 167 413 952 186 226 641 961 996 967 951 402 1196 778 704 968 634 1136 356 1136 1197 586 168 505 262 325 740 0 622 1197 384 967 451 967 421 324 514 586
519 303 525 387 469 675 736 457 582 675 470 842 377 469 297 886 731 469 736 375 405 401 592 656 871 908 679 736 675 918 918 440 568 486 827 336 927 833 555 469 946 955 781 445 510 720 444 470 774 813 795 913 582 376 469 871 735 883 290 376 451 675 405 675 736 823 721 559 816 878 466 622 0 736 370 376 827 375 307 912 802 392
694 878 1100 719 453 372 30 653 365 372 454 890 640 453 872 406 1306 452 28 638 979 883 1164 1063 1183 956 1040 29 372 1305 1476 989 648 566 1138 773 1238 1390 797 453 1277 1267 1093 665 1084 1295 829 453 1349 1388 843 433 365 639 452 1183 31 931 537 639 659 372 979 372 29 872 1296 732 1309 1246 546 1197 736 0 935 639 1138 638 881 1487 955 831
291 147 356 303 700 885 931 358 732 885 701 549 717 700 140 665 494 700 931 715 389 198 355 418 634 615 442 931 885 680 681 169 412 438 589 253 689 595 233 700 709 718 544 362 272 483 143 701 537 576 501 692 732 716 699 634 930 590 452 716 365 885 179 885 931 530 484 236 578 641 471 384 370 931 0 716 589 716 182 675 565 308
712 649 871 732 372 578 639 670 647 578 373 940 18 372 642 881 1077 372 639 20 750 746 938 1001 1216 1005 1025 639 578 1263 1264 786 665 584 1172 682 1272 1178 845 372 1292 1301 1127 683 855 1066 790 373 1119 1159 892 908 647 20 372 1216 638 981 369 19 676 578 750 578 639 921 1067 780 1161 1223 564 967 376 639 716 0 1172 20 652 1257 1004 737
621 660 510 752 1002 1110 1134 687 936 1110 1003 298 1173 1002 667 868 299 1001 1134 1172 543 672 296 196 83 535 172 1134 1110 206 376 523 615 643 58 807 138 290 658 1002 177 167 83 699 361 486 618 1002 538 643 373 894 936 1172 1001 83 1133 510 864 1173 693 1110 561 1110 1134 318 487 593 210 146 676 451 827 1134 589 1172 0 1172 626 436 246 752
711 649 871 732 372 578 638 670 647 578 373 939 18 372 642 881 1077 372 639 20 750 746 938 1001 1216 1005 1025 639 578 1263 1264 785 665 583 1172 682 1272 1178 845 372 1291 1301 1127 682 855 1066 790 373 1119 1159 892 908 647 20 371 1216 638 980 369 19 676 578 750 578 639 921 1067 780 1161 1223 563 967 375 638 716 20 1172 0 652 1257 1004 737
403 68 392 272 636 821 881 342 681 821 637 653 653 636 74 830 530 636 882 651 280 285 391 455 670 780 478 882 821 717 718 179 481 442 626 221 726 632 398 636 745 755 581 330 309 519 309 637 573 613 667 857 680 652 636 670 881 755 389 653 336 821 143 821 882 673 520 401 615 677 475 421 307 881 182 652 626 652 0 711 601 277
850 745 595 949 1241 1426 1487 918 1286 1426 1242 696 1259 1241 752 1224 273 1241 1487 1257 628 757 594 593 387 932 570 1487 1426 319 86 608 971 997 436 899 410 203 792 1242 347 357 480 930 512 457 703 1242 160 282 770 1251 1286 1257 1241 387 1486 908 994 1258 924 1426 646 1426 1487 715 458 795 247 310 1030 324 912 1487 675 1257 436 1257 711 0 643 876
437 635 485 569 818 926 950 503 753 926 819 115 1005 818 642 684 506 818 951 1004 518 561 271 171 290 351 147 950 926 413 583 498 431 459 246 623 345 497 475 818 384 374 200 515 336 612 507 819 666 706 189 711 753 1004 818 290 949 326 680 1005 509 926 536 926 951 134 613 410 417 353 492 514 802 950 565 1004 246 1004 601 643 0 569
247 241 557 134 663 771 831 204 598 771 664 504 739 663 235 620 695 663 832 737 457 264 556 620 796 570 643 832 771 882 882 370 343 304 752 83 852 797 188 663 891 881 707 192 474 684 210 664 738 777 457 647 597 737 662 796 831 545 474 738 198 771 343 771 832 486 685 191 780 842 337 586 392 831 308 737 752 737 277 876 569 0
EOF