NAME : tsp_problem
TYPE : TSP
DIMENSION : 52
EDGE_WEIGHT_TYPE : EXPLICIT
EDGE_WEIGHT_FORMAT : FULL_MATRIX
EDGE_WEIGHT_SECTION
0 872 623 773 259 925 505 831 102 786 446 155 669 415 404 298 741 778 336 728 875 308 827 1011 708 763 125 967 377 431 978 750 766 863 413 959 689 800 401 768 826 305 309 192 574 306 946 867 910 747 1007 844
872 0 266 128 646 382 478 288 892 108 451 808 399 580 641 670 146 118 643 324 332 679 284 469 257 376 863 424 608 555 436 481 435 29 507 689 391 531 577 226 556 666 659 930 323 626 403 24 368 478 464 90
623 266 0 167 397 319 229 225 642 180 201 558 150 331 391 420 135 172 393 122 269 429 221 405 102 174 614 361 359 305 372 231 234 257 258 440 170 282 327 162 307 417 409 681 73 376 340 261 304 228 401 238
773 128 167 0 547 283 379 189 793 96 351 708 300 481 542 571 74 105 544 224 233 580 185 369 158 276 764 325 509 456 336 381 336 118 408 590 292 432 477 126 457 567 560 831 223 527 304 123 268 378 365 99
259 646 397 547 0 699 432 605 278 560 220 194 478 342 331 124 514 552 263 502 649 235 601 785 481 554 318 740 304 358 752 560 576 636 187 769 499 610 328 542 635 232 113 385 348 80 720 641 684 557 780 617
929 386 323 287 702 0 535 236 948 300 507 864 456 637 697 726 254 292 699 380 100 735 132 236 313 432 920 192 665 611 203 537 491 376 563 746 448 587 633 206 613 723 715 987 379 682 44 381 135 534 232 357
505 478 229 379 432 531 0 437 481 392 362 426 193 131 192 334 347 384 194 279 481 230 433 617 314 288 426 573 159 106 584 275 291 469 418 484 214 325 128 374 350 217 345 493 234 383 552 473 516 272 613 450
831 288 225 189 605 232 437 0 850 202 409 766 358 539 599 628 157 194 601 282 183 637 135 319 216 334 822 274 567 513 286 439 393 278 466 648 350 490 535 108 515 625 617 889 281 584 254 283 218 436 314 260
102 892 642 793 278 944 481 850 0 806 466 174 645 391 381 275 760 798 312 731 894 284 846 1031 727 739 101 986 353 407 998 726 743 882 432 935 666 777 378 788 802 281 285 168 594 323 965 887 930 723 1026 863
786 108 180 96 560 296 392 202 806 0 364 721 313 494 555 584 88 85 557 237 246 593 198 383 171 289 777 338 522 469 350 395 349 98 421 603 305 445 490 139 470 580 573 844 237 540 317 103 282 392 378 79
446 451 201 351 220 503 362 409 466 364 0 382 283 461 451 244 319 357 383 307 453 355 405 589 286 359 437 545 424 439 556 364 381 441 192 573 303 415 448 346 440 352 233 504 152 200 524 446 488 361 585 422
155 808 558 708 194 860 426 766 174 721 382 0 590 336 326 220 676 714 257 664 810 229 762 946 643 684 158 902 298 352 913 671 688 798 348 880 611 722 323 703 747 226 230 225 509 241 881 803 845 668 942 779
669 399 150 300 478 452 193 358 645 313 283 590 0 295 356 498 268 305 358 200 402 394 354 538 234 175 590 494 323 270 505 105 122 389 339 314 135 156 292 295 181 381 491 657 155 458 473 394 437 102 533 371
415 580 331 481 342 633 131 539 391 494 461 336 295 0 88 244 448 486 168 381 583 126 535 719 415 390 336 675 134 80 686 377 393 570 428 585 316 427 102 476 452 159 255 403 336 293 654 575 618 374 714 552
404 641 391 542 331 693 192 599 381 555 451 326 356 88 0 234 509 547 180 442 643 116 595 780 476 450 326 735 194 141 747 437 454 631 418 646 376 488 163 537 513 149 244 393 397 282 714 636 679 434 775 612
298 670 420 571 124 722 334 628 275 584 244 220 498 244 234 0 538 576 165 526 672 137 624 809 505 578 220 764 206 260 776 579 596 660 210 788 518 630 231 566 655 134 62 287 372 75 743 665 708 576 804 641
741 146 135 74 514 250 347 157 760 88 319 676 268 448 509 538 0 80 511 192 201 547 153 337 125 244 732 292 477 423 304 349 303 137 375 558 260 399 445 94 425 535 527 799 191 494 272 141 236 346 332 118
778 118 172 105 552 288 384 194 798 85 357 714 305 486 547 576 80 0 549 230 238 585 190 375 163 282 769 330 514 461 342 387 341 108 413 595 297 437 483 132 462 572 565 836 229 532 309 113 274 384 370 89
336 643 393 544 263 695 194 601 312 557 383 257 358 168 180 165 511 549 0 444 645 84 597 782 478 452 257 737 66 120 749 439 456 633 349 648 378 490 91 539 515 65 176 324 399 214 716 638 681 436 777 614
728 324 122 224 502 376 279 282 731 237 307 664 200 381 442 526 192 230 444 0 326 480 278 463 159 74 676 418 409 356 430 192 133 314 363 466 90 308 378 219 333 467 515 743 179 482 397 319 361 189 458 295
960 417 354 318 733 158 566 267 979 331 538 895 487 667 728 757 285 323 730 411 0 766 163 166 344 463 951 122 696 642 133 568 522 407 594 777 479 618 664 237 644 754 746 1018 410 713 179 412 143 565 161 388
308 679 429 580 235 731 230 637 284 593 355 229 394 126 116 137 547 585 84 480 681 0 633 818 514 488 229 773 125 179 785 475 492 669 321 684 414 526 149 575 551 53 148 296 435 186 752 674 717 472 813 650
827 284 221 185 601 128 433 135 846 198 405 762 354 535 595 624 153 190 597 278 78 633 0 214 212 330 818 170 563 509 181 435 389 274 462 644 346 486 531 104 511 621 613 885 277 580 149 279 113 432 210 256
938 396 332 296 712 137 544 246 958 310 517 874 465 646 707 736 264 302 709 390 110 745 141 0 323 442 929 100 674 621 112 547 501 386 573 755 457 597 643 216 622 732 725 996 389 692 158 391 122 544 157 367
708 257 102 158 481 309 314 216 727 171 286 643 234 415 476 505 125 163 478 159 260 514 212 396 0 211 699 351 444 390 363 316 270 247 342 525 227 366 412 153 392 501 494 766 158 461 331 252 295 313 391 228
763 376 174 276 554 428 288 334 739 289 359 684 175 390 450 578 244 282 452 74 378 488 330 514 211 0 685 470 418 364 482 137 79 366 415 411 98 253 386 271 278 476 567 752 231 534 449 371 413 134 510 347
125 863 614 764 318 916 426 822 101 777 437 158 590 336 326 220 732 769 257 676 866 229 818 1002 699 685 0 958 299 352 969 672 688 854 404 880 611 722 323 759 747 226 231 93 565 269 937 858 901 669 998 835
962 420 356 320 736 160 568 270 982 333 540 897 489 670 731 760 288 326 733 413 133 769 165 185 347 465 953 0 698 645 46 570 525 410 597 779 481 621 666 240 646 756 749 1020 413 716 182 415 146 567 181 391
377 608 359 509 304 661 159 567 353 522 424 298 323 134 194 206 477 514 66 409 611 125 563 747 444 418 299 703 0 85 714 405 421 599 390 613 344 455 71 504 480 90 217 366 364 255 682 603 646 402 742 580
431 555 305 456 358 607 106 513 407 469 439 352 270 80 141 260 423 461 120 356 557 179 509 694 390 364 352 649 85 0 661 351 368 545 444 560 290 402 54 451 427 143 271 419 311 309 628 550 593 348 689 526
974 431 368 332 747 172 580 281 993 345 552 909 501 682 742 771 299 337 744 425 145 780 177 197 358 477 965 46 710 656 0 582 536 421 608 791 493 632 678 251 658 768 760 1032 424 727 193 426 157 579 192 403
750 481 231 381 560 533 275 439 726 395 364 671 105 377 437 579 349 387 439 192 483 475 435 620 316 137 672 575 405 351 587 0 83 471 421 341 216 183 373 376 208 463 573 739 236 539 554 476 519 35 615 452
766 435 234 336 576 487 291 393 743 349 381 688 122 393 454 596 303 341 456 133 437 492 389 574 270 79 688 529 421 368 541 83 0 425 437 358 157 199 389 331 225 479 589 755 253 556 508 430 473 80 569 406
863 29 257 118 636 372 469 278 882 98 441 798 389 570 631 660 137 108 633 314 323 669 274 459 247 366 854 414 599 545 426 471 425 0 497 680 382 521 567 216 547 656 649 921 313 616 393 29 358 468 454 81
413 507 258 408 187 559 418 466 432 421 192 348 339 428 418 210 375 413 349 363 510 321 462 646 342 415 404 601 390 444 613 421 437 497 0 629 360 471 415 403 496 318 199 471 209 166 580 502 545 418 641 478
959 689 440 590 769 742 484 648 935 603 573 880 314 585 646 788 558 595 648 466 692 684 644 828 525 411 880 784 613 560 795 341 358 680 629 0 425 392 582 585 176 671 781 947 445 748 763 684 727 338 824 661
689 391 170 292 499 444 214 350 666 305 303 611 135 316 376 518 260 297 378 90 394 414 346 530 227 98 611 486 344 290 497 216 157 382 360 425 0 267 312 287 292 402 512 678 175 479 465 386 429 213 526 363
800 531 282 432 610 584 325 490 777 445 415 722 156 427 488 630 399 437 490 308 534 526 486 670 366 253 722 625 455 402 637 183 199 521 471 392 267 0 423 427 259 513 623 789 287 590 605 526 569 180 665 502
401 577 327 477 328 629 128 535 378 490 448 323 292 102 163 231 445 483 91 378 579 149 531 715 412 386 323 671 71 54 682 373 389 567 415 582 312 423 0 472 449 114 241 390 332 279 650 572 614 370 711 548
768 226 162 126 542 202 374 108 788 139 346 703 295 476 537 566 94 132 539 219 153 575 104 289 153 271 759 244 504 451 256 376 331 216 403 585 287 427 472 0 452 562 555 826 218 522 223 220 188 373 284 197
826 556 307 457 635 609 350 515 802 470 440 747 181 452 513 655 425 462 515 333 559 551 511 695 392 278 747 651 480 427 662 208 225 547 496 176 292 259 449 452 0 538 648 814 312 615 630 551 594 205 691 528
305 666 417 567 232 719 217 625 281 580 352 226 381 159 149 134 535 572 65 467 669 53 621 805 501 476 226 761 90 143 772 463 479 656 318 671 402 513 114 562 538 0 145 293 422 183 740 661 704 460 800 638
309 659 409 560 113 711 345 617 285 573 233 230 491 255 244 62 527 565 176 515 662 148 613 798 494 567 231 753 217 271 765 573 589 649 199 781 512 623 241 555 648 145 0 298 361 64 732 654 697 570 793 630
192 930 681 831 385 983 493 889 168 844 504 225 657 403 393 287 799 836 324 743 933 296 885 1069 766 752 93 1025 366 419 1036 739 755 921 471 947 678 789 390 826 814 293 298 0 632 336 1004 925 968 736 1065 902
574 323 73 223 348 375 234 281 594 237 152 509 155 336 397 372 191 229 399 179 325 435 277 462 158 231 565 417 364 311 429 236 253 313 209 445 175 287 332 218 312 422 361 632 0 327 396 318 361 233 457 294
306 626 376 527 80 678 383 584 323 540 200 241 458 293 282 75 494 532 214 482 628 186 580 765 461 534 269 720 255 309 732 539 556 616 166 748 479 590 279 522 615 183 64 336 327 0 699 621 664 536 760 597
904 362 298 262 678 125 510 212 924 275 482 839 431 612 673 702 230 268 675 355 75 711 107 212 289 407 895 167 640 587 179 513 467 352 539 721 423 563 608 182 588 698 691 962 355 658 0 357 111 510 207 333
867 24 261 123 641 377 473 283 887 103 446 803 394 575 636 665 141 113 638 319 327 674 279 464 252 371 858 419 603 550 431 476 430 29 502 684 386 526 572 220 551 661 654 925 318 621 398 0 363 473 459 85
944 402 338 302 718 39 550 252 964 315 522 879 471 652 713 742 270 308 715 395 115 751 147 252 329 447 935 207 680 627 219 553 507 392 579 761 463 603 648 222 628 738 731 1002 395 698 60 397 0 550 247 373
747 478 228 378 557 530 272 436 723 392 361 668 102 374 434 576 346 384 436 189 480 472 432 617 313 134 669 572 402 348 584 35 80 468 418 338 213 180 370 373 205 460 570 736 233 536 551 473 516 0 612 449
931 389 325 290 705 130 537 239 951 303 510 867 458 639 700 729 257 295 702 383 103 738 134 154 316 435 922 93 667 614 105 540 494 379 566 748 450 590 636 209 615 725 718 989 382 685 151 384 115 537 0 360
844 90 238 99 617 354 450 260 863 79 422 779 371 552 612 641 118 89 614 295 304 650 256 440 228 347 835 395 580 526 407 452 406 81 478 661 363 502 548 197 528 638 630 902 294 597 375 85 339 449 435 0
EOF