NAME : tsp_problem
TYPE : TSP
DIMENSION : 32
EDGE_WEIGHT_TYPE : EXPLICIT
EDGE_WEIGHT_FORMAT : FULL_MATRIX
EDGE_WEIGHT_SECTION
0 459 92 428 409 164 168 475 328 678 78 421 282 198 175 374 544 627 514 380 465 470 321 124 255 145 364 709 360 411 250 468
459 0 391 137 354 332 406 761 571 262 410 665 207 366 343 106 180 211 801 178 752 111 565 513 541 534 651 293 646 158 536 102
92 391 0 360 360 96 170 497 335 611 43 429 214 130 107 307 476 560 536 312 487 402 329 146 277 167 386 641 382 344 272 400
428 137 360 0 369 301 375 730 541 277 379 634 176 335 312 141 195 226 770 72 721 126 534 482 510 503 620 308 615 48 506 67
409 354 360 369 0 295 258 612 540 404 379 634 418 254 312 430 412 353 652 415 603 344 533 401 392 403 502 434 497 390 388 335
164 332 96 301 295 0 105 460 276 551 115 370 155 65 48 248 417 500 500 253 451 343 270 218 240 239 350 582 345 285 236 341
168 406 170 375 258 105 0 372 350 614 176 444 229 64 122 322 491 563 411 327 362 417 344 161 152 162 261 644 257 359 147 415
372 658 394 627 509 357 269 0 602 866 379 696 481 316 374 573 743 815 188 579 139 669 596 364 217 365 327 896 322 611 172 667
328 571 335 541 540 276 350 705 0 791 354 196 394 310 254 487 656 740 745 492 696 582 365 433 485 454 595 821 590 524 481 580
678 262 611 277 404 551 614 969 791 0 629 885 426 585 563 339 320 107 1008 323 959 252 784 732 749 754 858 77 854 299 744 243
78 410 43 379 379 115 176 482 354 629 0 448 233 149 126 326 495 578 522 331 473 421 348 131 262 153 372 660 367 363 258 419
421 665 429 634 634 370 444 799 196 885 448 0 488 404 347 581 750 834 839 586 790 676 458 527 579 548 689 915 684 618 575 674
282 207 214 176 418 155 229 584 394 426 233 488 0 189 166 122 292 375 623 128 574 218 387 335 364 357 473 457 469 159 359 216
198 366 130 335 254 65 64 419 310 585 149 404 189 0 82 281 451 534 459 287 410 377 303 208 199 209 309 616 304 318 195 375
175 343 107 312 312 48 122 477 254 563 126 347 166 82 0 259 428 512 517 264 468 354 247 229 257 250 367 593 362 296 253 352
374 106 307 141 430 248 322 677 487 339 326 581 122 281 259 0 190 287 716 93 667 117 480 428 457 450 566 369 561 125 452 179
544 180 476 195 412 417 491 846 656 320 495 750 292 451 428 190 0 269 885 240 836 169 650 597 626 619 735 351 731 216 621 160
627 211 560 226 353 500 563 918 740 107 578 834 375 534 512 287 269 0 957 272 908 201 733 681 698 702 807 137 803 247 693 192
510 796 532 765 648 496 407 264 741 1004 518 834 619 454 512 712 881 953 0 717 176 807 734 503 356 504 465 1034 461 749 310 805
380 178 312 72 415 253 327 682 492 323 331 586 128 287 264 93 240 272 722 0 672 172 486 434 462 455 572 353 567 71 457 112
461 747 483 716 598 446 358 215 691 955 468 785 570 405 463 663 832 904 193 668 0 758 685 453 306 454 416 985 411 700 261 756
470 111 402 126 344 343 417 772 582 252 421 676 218 377 354 117 169 201 812 172 762 0 576 524 552 545 662 282 657 147 547 92
321 565 329 534 533 270 344 699 365 784 348 458 387 303 247 480 650 733 738 486 689 576 0 426 479 447 588 815 584 517 474 573
124 513 146 482 401 218 161 467 433 732 131 527 335 208 229 428 597 681 507 434 458 524 426 0 247 138 357 763 352 465 243 521
255 541 277 510 392 240 152 320 485 749 262 579 364 199 257 457 626 698 360 462 311 552 479 247 0 248 141 779 136 494 96 550
145 534 167 503 403 239 162 469 454 754 153 548 357 209 250 450 619 702 508 455 459 545 447 138 248 0 358 784 353 487 244 543
364 651 386 620 502 350 261 430 595 858 372 689 473 309 367 566 735 807 470 572 421 662 588 357 141 358 0 889 29 603 206 659
709 293 641 308 434 582 644 999 821 77 660 915 457 616 593 369 351 137 1039 353 990 282 815 763 779 784 889 0 884 329 775 273
360 646 382 615 497 345 257 425 590 854 367 684 469 304 362 561 731 803 465 567 416 657 584 352 136 353 29 884 0 599 201 655
411 158 344 48 390 285 359 714 524 299 363 618 159 318 296 125 216 247 753 71 704 147 517 465 494 487 603 329 599 0 489 88
250 536 272 506 388 236 147 275 481 744 258 575 359 195 253 452 621 693 314 457 265 547 474 243 96 244 206 775 201 489 0 545
468 102 400 67 335 341 415 770 580 243 419 674 216 375 352 179 160 192 809 112 760 92 573 521 550 543 659 273 655 88 545 0
EOF