NAME : tsp_problem
TYPE : TSP
DIMENSION : 50
EDGE_WEIGHT_TYPE : EXPLICIT
EDGE_WEIGHT_FORMAT : FULL_MATRIX
EDGE_WEIGHT_SECTION
0 258 396 629 344 313 308 224 172 190 327 343 729 144 600 286 207 748 401 500 295 243 671 338 581 228 205 521 192 511 200 726 348 366 414 415 152 514 759 173 549 352 285 211 163 1391 186 246 158 232
258 0 562 707 185 478 411 143 193 356 493 508 727 310 703 389 310 745 387 486 461 162 669 504 684 147 72 362 192 604 304 724 513 208 256 401 132 500 757 339 535 455 450 67 267 1392 352 64 261 218
323 489 0 859 575 61 539 455 403 329 76 170 960 224 831 517 438 978 632 730 122 473 902 104 812 459 435 752 422 742 431 957 96 597 645 646 383 745 990 312 780 582 135 442 394 1622 325 477 389 462
629 707 932 0 710 849 358 616 564 727 864 879 176 681 48 368 482 218 356 254 831 609 141 875 85 619 689 888 682 230 475 197 884 733 781 324 643 240 230 710 345 319 821 695 490 1882 722 717 495 518
344 185 648 710 0 564 414 239 196 442 579 594 730 396 706 392 314 749 390 489 547 232 672 590 688 241 236 220 356 607 307 727 599 211 147 404 296 503 760 425 538 458 536 231 270 1556 438 195 264 221
308 474 146 844 560 0 524 440 388 314 61 155 945 209 816 502 423 963 617 715 107 458 887 88 797 444 420 737 407 727 416 942 81 582 630 631 368 730 975 297 765 567 120 427 379 1607 310 462 374 447
308 411 611 358 414 528 0 320 243 406 543 558 458 360 329 157 161 477 461 359 510 313 400 554 311 323 374 591 361 241 154 456 563 437 485 429 322 345 489 389 451 223 500 381 169 1561 401 416 174 302
224 143 528 616 239 444 320 0 102 322 459 475 636 276 612 298 219 654 296 395 427 36 578 470 594 28 90 416 158 513 213 633 479 261 309 310 98 409 666 305 444 364 417 96 176 1358 318 131 170 127
172 193 476 564 196 393 243 102 0 270 407 423 593 224 535 221 142 612 254 352 375 95 535 418 516 105 175 373 226 446 135 590 428 219 267 267 184 367 624 253 401 287 365 181 98 1426 266 203 93 84
190 356 402 727 442 318 406 322 270 0 333 349 827 150 698 384 305 846 499 598 301 341 769 344 679 326 303 619 290 609 298 824 353 464 512 513 250 612 857 52 647 450 291 309 261 1489 41 344 256 330
323 488 161 859 574 61 538 455 403 329 0 169 959 224 830 516 438 978 632 730 122 473 901 103 812 459 435 751 422 742 431 957 82 597 645 645 382 744 990 312 779 582 134 441 394 1622 324 477 388 462
277 443 200 814 529 117 493 409 358 283 132 0 914 179 785 471 392 933 586 685 99 428 856 143 766 414 390 706 377 697 386 911 152 551 599 600 337 699 945 266 734 537 89 396 349 1576 279 432 343 417
729 727 1033 176 730 949 458 636 593 827 964 979 0 781 162 468 582 126 376 273 932 629 75 975 199 638 709 907 777 250 576 104 984 752 800 344 717 260 138 810 365 420 921 715 590 1977 823 737 595 538
144 310 297 681 396 214 360 276 224 150 228 244 781 0 652 338 259 800 453 552 196 295 723 239 633 281 257 573 244 563 253 778 249 418 466 467 204 566 812 133 601 404 186 263 215 1443 146 298 210 284
600 703 904 48 706 820 329 612 535 698 835 850 162 652 0 339 453 241 379 277 803 605 164 846 56 615 666 883 653 249 447 220 855 729 777 347 614 263 253 681 368 290 792 673 461 1853 694 708 466 541
286 389 589 368 392 506 157 298 221 384 521 536 468 338 339 0 139 486 450 368 488 291 410 532 320 301 352 569 339 250 132 465 541 415 463 439 300 355 498 367 460 201 478 359 147 1539 379 394 152 280
207 310 511 482 314 427 161 219 142 305 442 458 582 259 453 139 0 601 371 469 410 212 524 453 435 222 274 491 261 365 52 580 462 336 384 385 221 469 613 288 519 205 400 280 68 1460 301 315 74 201
748 745 1051 218 749 968 477 654 612 846 982 998 126 800 241 486 601 0 394 292 950 647 94 993 278 657 727 926 796 268 594 39 1003 771 819 362 736 278 58 829 384 438 940 733 609 1995 841 755 614 556
401 387 705 356 390 621 461 296 254 499 636 652 376 453 379 450 371 394 0 176 604 289 318 647 417 299 369 568 438 253 364 373 656 413 461 91 378 136 406 482 171 423 594 375 327 1637 495 397 322 198
500 486 803 254 489 720 359 395 352 598 735 750 273 552 277 368 469 292 176 0 702 388 215 745 314 397 468 666 536 150 463 271 755 511 559 103 476 70 304 581 175 320 692 474 426 1736 593 495 420 297
329 495 252 865 581 168 544 461 409 335 183 72 966 230 837 522 444 984 638 736 0 479 908 194 818 465 441 758 428 748 437 963 203 603 651 652 389 751 996 318 786 588 141 447 400 1628 331 483 395 468
243 162 546 609 232 463 313 36 95 341 478 493 629 295 605 291 212 647 289 388 445 0 571 488 587 39 109 409 177 506 206 626 498 254 302 303 118 402 659 324 437 357 435 115 169 1377 336 151 163 120
671 669 975 141 672 891 400 578 535 769 906 921 75 723 164 410 524 94 318 215 874 571 0 917 202 580 651 849 719 192 518 72 926 694 742 286 659 202 106 752 307 361 863 657 532 1919 765 678 537 480
365 531 82 901 617 103 580 497 445 371 118 212 1002 266 873 558 480 1020 674 772 164 515 944 0 854 501 477 794 464 784 473 999 138 639 687 688 425 787 1032 354 822 624 177 483 436 1664 367 519 431 504
581 684 885 85 688 802 311 594 516 679 816 832 199 633 56 320 435 278 417 314 784 587 202 827 0 596 648 865 635 230 428 257 837 710 758 384 595 301 290 662 406 272 774 654 442 1835 675 690 448 576
228 147 532 619 241 449 323 28 105 326 463 479 638 281 615 301 222 657 299 397 431 39 580 474 596 0 94 419 162 515 215 636 484 264 312 312 102 412 669 310 447 366 421 100 178 1362 322 136 173 129
205 72 508 689 236 425 374 90 175 303 440 455 709 257 666 352 274 727 369 468 407 109 651 450 648 94 0 413 139 578 267 706 460 259 307 383 79 482 739 286 517 418 397 36 230 1338 298 61 225 200
521 362 825 888 220 741 591 416 373 619 756 771 907 573 883 569 491 926 568 666 724 409 849 767 865 419 413 0 533 784 484 904 776 388 150 581 473 680 938 602 715 635 713 408 447 1733 615 372 442 398
192 192 495 682 356 412 361 158 226 290 426 442 777 244 653 339 261 796 438 536 394 177 719 437 635 162 139 533 0 565 254 774 447 378 426 451 86 551 808 273 585 405 384 145 217 1242 285 180 211 268
511 604 815 230 607 732 241 513 446 609 746 762 250 563 249 250 365 268 253 150 714 506 192 757 230 515 578 784 565 0 358 247 767 629 677 221 525 137 280 592 242 202 704 584 372 1765 605 613 378 415
200 304 504 475 307 421 154 213 135 298 435 451 576 253 447 132 52 594 364 463 403 206 518 446 428 215 267 484 254 358 0 573 456 329 377 378 214 463 606 282 512 198 393 273 61 1454 294 309 67 195
726 724 1030 197 727 947 456 633 590 824 961 977 104 778 220 465 580 39 373 271 929 626 72 972 257 636 706 904 774 247 573 0 982 750 798 341 715 257 51 807 362 417 919 712 587 1974 820 734 593 535
343 509 181 880 595 81 559 475 423 349 82 190 980 244 851 537 458 998 652 750 142 493 922 124 832 479 455 772 442 762 451 977 0 617 665 666 403 765 1010 332 800 602 155 462 414 1642 345 497 409 482
366 208 670 733 211 587 437 261 219 464 601 617 752 418 729 415 336 771 413 511 569 254 694 612 710 264 259 388 378 629 329 750 622 0 281 427 319 526 783 447 561 481 559 253 292 1578 460 218 287 243
414 256 718 781 147 634 485 309 267 512 649 665 800 466 777 463 384 819 461 559 617 302 742 660 758 312 307 150 426 677 377 798 670 281 0 474 366 574 831 495 609 529 607 301 340 1626 508 266 335 291
415 401 719 324 404 635 429 310 267 513 650 665 344 467 347 439 385 362 91 103 618 303 286 661 384 312 383 581 451 221 378 341 670 427 474 0 391 140 374 496 239 390 607 389 341 1651 509 411 335 212
152 132 456 643 296 372 322 98 184 250 387 402 717 204 614 300 221 736 378 476 355 118 659 398 595 102 79 473 86 525 214 715 407 319 366 391 0 491 748 233 526 366 344 85 177 1286 246 120 172 208
514 500 818 240 503 734 345 409 367 612 749 764 260 566 263 355 469 278 136 70 717 402 202 760 301 412 482 680 551 137 463 257 769 526 574 140 491 0 290 595 161 307 706 488 440 1750 608 510 435 311
759 757 1063 230 760 980 489 666 624 857 994 1010 138 812 253 498 613 58 406 304 962 659 106 1005 290 669 739 938 808 280 606 51 1015 783 831 374 748 290 0 840 395 450 952 745 620 2007 853 767 626 568
173 339 385 710 425 301 389 305 253 52 316 332 810 133 681 367 288 829 482 581 284 324 752 327 662 310 286 602 273 592 282 807 337 447 495 496 233 595 840 0 630 433 274 292 244 1472 63 327 239 313
549 535 853 345 538 769 451 444 401 647 784 799 365 601 368 460 519 384 171 175 752 437 307 795 406 447 517 715 585 242 512 362 804 561 609 239 526 161 395 630 0 412 741 523 475 1785 643 545 470 346
352 455 655 319 458 572 223 364 287 450 587 602 420 404 290 201 205 438 423 320 554 357 361 598 272 366 418 635 405 202 198 417 607 481 529 390 366 307 450 433 412 0 544 424 213 1605 445 460 218 346
312 478 134 849 564 50 528 444 392 318 65 159 949 213 820 506 427 967 621 719 111 462 891 76 801 448 424 741 411 731 420 946 85 586 634 635 372 734 979 301 769 572 0 431 383 1611 314 466 378 452
211 67 514 695 231 431 381 96 181 309 446 461 715 263 673 359 280 733 375 474 413 115 657 457 654 100 36 408 145 584 273 712 466 253 301 389 85 488 745 292 523 424 403 0 236 1344 305 55 231 206
163 267 467 490 270 384 169 176 98 261 398 414 590 215 461 147 68 609 327 426 366 169 532 409 442 178 230 447 217 372 61 587 419 292 340 341 177 440 620 244 475 213 356 236 0 1417 257 272 32 158
1391 1392 1695 1882 1556 1611 1561 1358 1426 1489 1626 1642 1977 1443 1853 1539 1460 1995 1637 1736 1594 1377 1919 1637 1835 1362 1338 1733 1242 1765 1454 1974 1646 1578 1626 1651 1286 1750 2007 1472 1785 1605 1584 1344 1417 0 1485 1380 1411 1468
186 352 398 722 438 314 401 318 266 41 329 344 823 146 694 379 301 841 495 593 297 336 765 340 675 322 298 615 285 605 294 820 349 460 508 509 246 608 853 63 643 445 286 305 257 1485 0 340 252 325
246 64 550 717 195 467 416 131 203 344 481 497 737 298 708 394 315 755 397 495 449 151 678 492 690 136 61 372 180 613 309 734 502 218 266 411 120 510 767 327 545 460 439 55 272 1380 340 0 266 228
158 261 462 495 264 378 174 170 93 256 393 408 595 210 466 152 74 614 322 420 361 163 537 404 448 173 225 442 211 378 67 593 413 287 335 335 172 435 626 239 470 218 350 231 32 1411 252 266 0 152
232 218 535 518 221 452 302 127 84 330 467 482 538 284 541 280 201 556 198 297 434 120 480 478 576 129 200 398 268 415 195 535 487 243 291 212 208 311 568 313 346 346 424 206 158 1468 325 228 152 0
EOF