NAME : tsp_problem
TYPE : TSP
DIMENSION : 20
EDGE_WEIGHT_TYPE : EXPLICIT
EDGE_WEIGHT_FORMAT : FULL_MATRIX
EDGE_WEIGHT_SECTION
0 911 382 600 724 664 618 164 689 543 560 946 591 447 662 568 514 595 308 770
911 0 745 338 245 929 318 790 395 498 825 203 855 747 926 833 814 860 629 1034
382 745 0 434 558 380 452 260 523 359 276 764 306 85 378 284 152 311 187 486
600 338 434 0 150 630 45 479 209 403 526 373 556 437 627 534 503 560 318 735
724 245 558 150 0 719 130 602 208 288 615 281 645 560 717 623 610 650 441 824
664 929 380 630 719 0 648 543 719 455 133 861 265 322 337 118 368 270 382 445
618 318 452 45 130 648 0 497 189 383 544 353 574 455 645 552 521 579 336 753
164 790 260 479 602 543 497 0 568 422 439 825 469 326 541 447 393 474 187 649
689 395 523 209 208 719 189 568 0 460 615 430 645 526 716 623 592 649 407 824
543 498 359 403 288 455 383 422 460 0 351 430 381 300 453 359 346 386 261 561
560 825 276 526 615 133 544 439 615 351 0 757 161 218 233 101 264 166 278 341
946 203 764 373 281 861 353 825 430 430 757 0 787 705 859 765 752 792 664 966
591 855 306 556 645 265 574 469 645 381 161 787 0 248 88 169 294 67 308 196
447 747 85 437 560 322 455 326 526 300 218 705 248 0 319 226 93 252 189 427
747 1011 463 712 801 422 730 626 801 538 318 943 173 404 0 326 450 167 465 216
568 833 284 534 623 118 552 447 623 359 101 765 169 226 241 0 272 174 286 349
514 814 152 503 610 368 521 393 592 346 264 752 294 93 366 272 0 299 256 473
595 860 311 560 650 270 579 474 649 386 166 792 67 252 82 174 299 0 313 190
308 629 187 318 441 382 336 187 407 261 278 664 308 189 380 286 256 313 0 488
656 920 372 621 710 331 639 535 710 447 227 852 82 313 40 235 359 76 374 0
EOF