NAME : tsp_problem
TYPE : TSP
DIMENSION : 86
EDGE_WEIGHT_TYPE : EXPLICIT
EDGE_WEIGHT_FORMAT : FULL_MATRIX
EDGE_WEIGHT_SECTION
0 691 638 772 839 536 716 596 552 522 547 136 325 656 329 293 300 565 709 610 784 262 870 474 494 95 481 678 568 657 412 865 631 252 529 280 840 680 584 332 646 354 309 814 296 552 510 562 383 480 100 242 312 694 281 738 131 627 398 723 652 143 729 421 370 528 113 242 623 851 510 692 804 381 94 738 664 672 458 684 723 294 845 593 319 477
691 0 164 230 274 197 799 679 165 605 630 656 573 739 518 426 489 170 792 124 219 595 318 557 577 663 563 70 160 72 745 313 714 464 612 613 275 95 666 567 729 543 498 272 629 235 225 155 352 258 764 476 646 776 446 173 664 153 365 806 178 648 164 522 532 186 777 576 242 286 592 150 239 525 758 821 80 130 792 767 806 437 280 676 412 255
638 164 0 328 312 144 852 732 111 658 683 603 527 792 465 372 436 302 845 256 257 542 355 610 630 610 616 202 107 130 692 350 767 411 665 560 312 153 719 521 782 490 445 358 576 181 357 101 484 204 711 422 593 829 417 211 611 81 497 859 51 595 201 575 530 133 724 523 106 324 645 282 277 541 705 874 212 262 739 820 859 430 318 729 454 387
772 230 328 0 183 361 869 749 328 675 700 737 642 809 599 563 570 240 862 194 229 676 136 627 647 744 633 206 324 256 826 130 784 545 682 690 285 242 736 637 799 624 579 109 710 399 295 319 422 422 845 557 727 846 516 183 745 317 435 876 342 729 174 592 602 350 858 657 406 296 662 106 82 595 839 891 192 132 873 837 876 507 290 746 482 325
839 274 312 183 0 345 1015 894 312 821 846 804 728 955 666 573 637 385 1008 340 101 743 78 773 793 811 779 312 308 240 893 123 930 612 828 761 157 263 882 722 944 691 646 213 777 382 440 302 568 405 912 623 793 992 618 118 811 301 580 1021 326 796 129 738 731 334 925 723 390 168 808 252 158 741 905 1037 322 278 940 982 1022 631 162 892 628 471
536 197 144 361 345 0 750 630 145 556 581 501 425 690 363 270 334 335 743 290 290 440 389 508 528 508 514 235 82 163 590 384 665 309 563 458 346 186 617 419 680 388 343 391 474 66 390 135 417 143 609 320 491 727 315 244 509 133 432 757 158 493 235 473 428 166 622 421 137 357 543 315 310 439 603 772 245 296 637 718 757 328 351 627 353 421
712 795 848 865 1011 746 0 162 762 377 403 677 483 138 510 503 510 658 253 703 982 554 963 288 349 684 277 771 778 833 766 958 175 485 199 530 1038 806 439 477 190 490 519 907 650 761 602 772 476 689 785 496 667 159 456 936 684 837 491 84 862 669 927 433 442 738 798 597 833 1049 365 785 910 436 779 69 757 765 813 149 67 447 1043 449 422 570
681 763 816 833 979 714 150 0 730 346 371 645 451 90 479 472 479 626 221 671 951 522 931 257 318 652 246 739 746 801 734 926 143 454 167 498 1006 775 407 445 158 458 487 875 618 730 571 740 444 658 753 465 635 127 424 905 653 806 459 157 830 637 895 401 411 707 766 565 801 1018 333 753 878 404 747 172 725 733 781 118 157 416 1011 417 390 538
552 165 111 328 312 145 766 645 0 572 597 517 441 706 378 286 350 302 759 257 257 456 356 524 544 523 530 202 107 130 606 351 681 325 579 474 313 153 633 435 695 404 358 358 490 182 357 73 433 118 625 336 506 743 331 211 524 101 448 773 125 509 202 489 444 47 638 436 189 324 559 283 277 455 618 788 212 263 653 733 773 344 318 643 368 388
522 605 658 675 821 556 382 261 572 0 45 487 293 322 320 313 320 467 374 513 792 364 773 139 78 493 146 581 588 643 576 768 296 295 194 340 848 616 81 287 311 300 328 717 460 571 412 582 286 499 595 306 476 359 266 746 494 647 301 388 672 479 737 243 252 548 608 406 643 859 57 595 720 246 588 404 567 575 623 349 388 257 853 90 232 380
547 630 683 700 846 581 407 286 597 45 0 512 318 347 346 338 345 493 400 538 818 389 798 165 82 519 171 606 613 668 601 793 322 320 220 365 873 642 64 312 336 325 354 742 485 597 437 607 311 525 620 332 502 384 291 771 520 673 326 414 697 504 762 268 278 574 633 432 668 885 62 620 745 271 614 429 592 600 648 374 414 282 878 74 257 405
136 656 603 737 804 501 681 560 517 487 512 0 290 621 293 258 265 530 674 575 749 226 835 439 459 180 445 643 532 622 376 830 596 217 493 244 804 644 548 296 610 318 273 779 260 516 474 527 348 444 185 206 277 658 245 703 182 592 363 687 617 167 693 385 335 493 198 207 587 816 474 657 769 345 179 703 629 637 423 648 687 259 810 558 283 442
325 573 527 642 728 425 487 366 441 293 318 290 0 427 87 182 134 435 480 480 673 89 740 245 265 297 251 548 457 546 379 735 402 164 300 65 728 569 354 53 416 66 114 684 263 440 380 451 253 368 398 175 280 464 170 627 298 516 268 494 541 282 618 113 63 417 411 144 512 740 280 562 687 73 392 509 535 542 426 454 494 183 734 364 199 348
710 792 845 862 1008 744 75 160 759 375 400 674 480 0 508 501 508 655 250 700 980 551 960 286 347 681 275 768 775 830 763 955 172 483 196 528 1035 804 436 474 187 487 516 904 647 759 600 769 473 687 782 494 664 157 453 934 682 835 488 82 859 666 924 430 440 736 795 594 830 1047 362 782 907 433 776 97 755 762 810 147 82 445 1041 446 419 567
329 518 465 599 666 363 515 394 378 320 346 293 87 454 0 120 72 391 507 437 611 157 697 272 292 300 279 505 394 484 383 692 429 102 327 134 666 506 382 81 444 50 51 641 267 378 336 389 210 306 402 113 283 492 107 565 301 454 225 521 479 285 555 140 90 355 414 213 449 678 308 519 630 101 395 536 491 499 429 482 521 120 671 391 145 304
293 426 372 563 573 270 507 387 286 313 338 258 182 447 120 0 91 356 500 401 518 197 617 265 285 265 272 464 302 391 347 612 422 66 320 215 574 414 374 176 437 145 100 605 231 286 300 296 174 214 366 77 248 485 72 472 266 362 189 514 386 250 463 230 185 263 379 178 357 586 300 483 538 196 360 529 455 463 394 475 514 85 579 384 110 268
300 489 436 570 637 334 514 394 350 320 345 265 134 454 72 91 0 363 507 408 582 204 669 272 292 272 279 477 366 455 354 663 429 73 327 181 638 478 382 128 444 97 52 612 238 350 308 360 181 278 373 85 255 492 79 536 273 426 196 521 450 257 527 188 137 326 386 185 421 649 308 490 602 148 367 536 463 470 401 482 521 92 643 391 117 276
565 170 302 240 385 335 662 541 302 467 493 530 435 602 391 356 363 0 655 112 357 469 338 420 439 536 426 146 297 207 619 333 577 338 474 482 412 181 529 429 591 417 371 281 503 372 212 292 215 395 638 349 519 639 309 311 537 291 227 668 316 522 301 385 395 324 651 449 379 424 455 159 285 388 631 684 132 140 666 629 668 300 418 539 275 224
585 668 721 738 884 619 156 35 635 250 276 550 356 96 383 376 383 530 0 576 855 427 836 161 222 556 150 644 650 706 639 831 71 358 72 403 911 679 312 350 85 362 391 780 523 634 475 645 349 562 658 369 539 133 329 809 557 710 364 162 735 542 800 306 315 611 671 469 706 922 238 658 783 309 651 178 630 638 686 123 163 320 916 322 295 443
610 124 256 194 340 290 707 586 257 513 538 575 480 647 437 401 408 112 700 0 312 514 292 465 485 582 471 100 252 162 664 287 622 383 520 527 367 136 574 474 636 462 417 236 548 327 167 247 260 350 683 394 565 684 354 265 583 246 272 714 270 567 256 430 440 279 696 495 334 379 500 114 239 433 677 729 86 94 711 674 714 345 372 584 320 197
784 219 257 229 101 290 987 866 257 792 818 749 673 926 611 518 582 357 979 312 0 688 156 744 764 756 751 257 253 185 838 201 901 557 799 706 82 208 854 667 916 636 591 259 722 327 412 247 540 350 857 568 739 964 563 63 757 246 552 993 271 741 74 710 676 279 870 669 335 93 780 298 178 687 851 1008 267 318 885 954 993 576 87 863 599 442
262 595 542 676 743 440 558 437 456 364 389 226 89 498 157 197 204 469 551 514 688 0 774 316 336 233 322 582 471 561 315 769 473 156 370 64 743 584 425 95 487 137 184 718 199 455 413 466 287 383 334 145 216 535 185 642 234 531 302 564 556 218 633 184 133 432 347 80 527 755 351 596 708 144 328 580 568 576 362 525 564 198 749 435 222 381
870 318 355 136 78 389 967 847 356 773 798 835 740 907 697 617 669 338 960 292 156 774 0 725 745 842 731 304 351 284 924 75 882 643 780 788 212 306 834 735 897 722 677 165 808 426 393 346 520 449 943 655 825 944 614 172 843 345 533 974 369 827 184 690 700 378 956 755 433 223 760 204 110 693 937 989 290 230 971 935 974 605 217 844 580 423
474 557 610 627 773 508 293 172 524 139 165 439 245 232 272 265 272 420 285 465 744 316 725 0 111 445 57 533 540 595 528 720 207 247 105 292 800 568 201 239 222 252 281 669 412 523 364 534 238 451 547 258 428 270 218 698 446 599 253 299 624 431 689 195 204 500 560 358 595 811 127 547 672 198 540 314 519 527 575 260 299 209 805 211 184 332
494 577 630 647 793 528 354 233 544 78 82 459 265 294 292 285 292 439 346 485 764 336 745 111 0 465 118 553 560 615 548 740 268 267 166 312 820 588 118 259 283 272 300 689 432 543 384 554 258 471 567 278 448 331 238 718 466 619 273 360 644 451 709 215 224 520 580 378 615 831 95 567 692 218 560 376 539 547 595 321 360 229 825 128 204 352
95 663 610 744 811 508 688 567 523 493 519 180 297 628 300 265 272 536 681 582 756 233 842 445 465 0 452 650 539 629 383 837 603 224 500 251 811 651 555 303 617 325 280 786 267 523 481 533 355 451 145 213 284 665 252 709 175 599 370 694 624 173 700 392 341 500 158 214 594 823 481 664 775 352 138 710 636 644 430 655 694 265 816 565 290 449
481 563 616 633 779 514 282 161 530 146 171 445 251 221 279 272 279 426 274 471 751 322 731 57 118 452 0 539 546 601 534 726 196 254 94 298 806 575 207 245 211 258 287 675 418 530 371 540 244 458 553 265 435 259 224 705 453 606 259 288 630 437 695 201 211 507 566 365 601 818 133 553 678 204 547 303 525 533 581 249 288 216 812 217 190 338
678 70 202 206 312 235 775 655 202 581 606 643 548 715 505 464 477 146 768 100 257 582 304 533 553 650 539 0 198 108 732 299 690 451 588 596 313 81 642 543 705 530 485 248 616 273 201 193 328 296 751 463 633 752 422 211 651 191 341 782 216 635 202 498 508 224 764 563 280 324 568 126 251 501 745 797 56 106 779 743 782 413 318 652 388 231
568 160 107 324 308 82 782 661 107 588 613 532 457 722 394 302 366 297 775 252 253 471 351 540 560 539 546 198 0 126 622 346 697 341 594 490 308 148 649 451 711 419 374 354 506 98 352 97 449 174 641 352 522 759 346 207 540 96 464 788 121 524 197 505 460 129 653 452 169 320 575 278 272 470 634 804 207 258 668 749 788 359 313 659 384 383
657 72 130 256 240 163 837 717 130 643 668 622 546 777 484 391 455 207 830 162 185 561 284 595 615 629 601 108 126 0 711 279 752 430 650 579 240 61 704 540 766 509 464 286 595 200 263 120 390 223 730 441 612 814 436 139 629 119 403 844 144 614 130 560 549 152 743 542 208 252 630 188 205 560 724 859 117 168 758 805 844 449 246 714 450 293
412 745 692 826 893 590 770 650 606 576 601 376 379 710 383 347 354 619 763 664 838 315 924 528 548 383 534 732 622 711 0 919 685 306 583 334 893 734 637 385 700 408 363 868 218 605 563 616 437 533 484 295 176 747 335 792 384 681 452 777 706 368 783 474 424 582 497 296 677 905 563 746 858 435 478 792 718 726 59 738 777 348 899 647 372 531
865 313 350 130 123 384 962 842 351 768 793 830 735 902 692 612 663 333 955 287 201 769 75 720 740 837 726 299 346 279 919 0 877 638 775 783 257 301 829 730 892 717 672 160 803 421 388 341 515 444 938 650 820 939 609 206 838 340 528 969 364 822 196 685 695 373 951 750 428 268 755 199 105 688 932 984 285 225 966 930 969 600 262 839 575 418
665 748 801 818 964 699 236 115 715 330 356 630 436 176 463 456 463 611 102 656 935 507 916 241 302 637 230 724 731 786 719 911 0 438 152 483 991 759 392 430 39 443 472 860 603 714 555 725 429 642 738 449 620 213 409 889 637 790 444 243 815 622 880 386 395 691 751 550 786 1002 318 738 863 389 732 258 710 718 766 203 243 400 996 402 375 523
252 464 411 545 612 309 489 369 325 295 320 217 164 429 102 66 73 338 482 383 557 156 643 247 267 224 254 451 341 430 306 638 404 0 302 174 613 453 356 158 419 127 82 587 190 324 282 335 156 252 325 42 207 467 54 511 225 400 171 496 425 209 502 212 167 301 338 137 396 624 283 465 577 178 319 511 437 445 353 457 496 67 618 366 92 250
529 612 665 682 828 563 203 82 579 194 220 493 300 143 327 320 327 474 196 520 799 370 780 105 166 500 94 588 594 650 583 775 118 302 0 347 854 623 256 294 132 306 335 724 467 578 419 589 292 506 602 313 483 180 273 753 501 654 308 210 679 485 744 250 259 555 615 413 649 866 182 602 727 252 595 225 574 582 629 170 210 264 860 265 239 387
280 613 560 690 761 458 534 414 474 340 365 244 65 474 134 215 181 482 527 527 706 64 788 292 312 251 298 596 490 579 334 783 449 174 347 0 762 602 401 71 464 113 161 732 218 474 427 484 300 402 353 164 234 511 203 660 252 549 315 541 574 236 651 160 110 450 366 98 545 773 327 609 726 120 346 556 582 590 380 502 541 216 767 411 241 395
840 275 312 285 157 346 1042 921 313 848 873 804 728 982 666 574 638 412 1035 367 82 743 212 800 820 811 806 313 308 240 893 257 957 613 854 762 0 263 909 722 971 691 646 314 777 383 467 303 595 406 912 624 794 1019 618 118 812 301 607 1048 326 796 130 765 732 334 925 724 390 39 835 353 233 742 906 1064 322 373 940 1009 1048 631 45 919 655 498
680 95 153 242 263 186 811 690 153 616 642 644 569 750 506 414 478 181 803 136 208 584 306 568 588 651 575 81 148 61 734 301 725 453 623 602 263 0 678 563 740 532 486 284 618 223 236 143 364 246 753 464 634 788 458 162 652 142 376 817 167 636 152 534 543 175 766 564 230 275 604 161 227 537 746 832 91 142 780 778 817 449 269 687 423 266
584 666 719 736 882 617 443 323 633 81 64 548 354 383 382 374 382 529 436 574 854 425 834 201 118 555 207 642 649 704 637 829 358 356 256 401 909 678 0 348 372 361 390 778 521 633 473 643 347 561 656 368 538 420 327 808 556 709 362 450 733 540 798 304 314 610 669 468 704 921 98 656 781 307 650 465 628 636 684 410 450 318 914 29 293 441
332 567 521 637 722 419 481 361 435 287 312 296 53 421 81 176 128 429 474 474 667 95 735 239 259 303 245 543 451 540 385 730 396 158 294 71 722 563 348 0 411 60 108 679 269 434 374 445 247 362 404 169 286 458 164 621 304 510 262 488 535 288 612 107 57 411 417 150 506 734 274 556 682 67 398 503 529 537 432 449 488 177 728 358 193 342
650 733 785 802 948 684 221 100 699 315 340 614 420 160 448 441 448 595 87 640 920 491 901 226 287 621 215 709 715 770 704 895 135 423 136 468 975 744 376 414 0 427 456 844 587 699 540 709 413 627 722 434 604 198 394 874 622 775 428 227 799 606 864 370 380 676 735 534 770 987 302 722 847 373 716 242 695 702 750 188 227 385 981 386 359 508
354 543 490 624 691 388 494 373 404 300 325 318 66 434 50 145 97 417 487 462 636 137 722 252 272 325 258 530 419 509 408 717 409 127 306 113 691 532 361 60 423 0 76 666 292 403 361 414 235 331 427 138 308 471 133 590 326 479 250 500 504 310 580 120 69 380 440 192 474 703 287 544 656 80 420 516 516 524 454 461 500 146 697 371 170 329
309 498 445 579 646 343 523 402 358 328 354 273 114 463 51 100 52 371 516 417 591 184 677 281 300 280 287 485 374 464 363 672 438 82 335 161 646 486 390 108 452 76 0 621 247 358 316 369 190 286 381 93 263 500 87 545 281 434 205 529 459 265 535 167 117 335 394 193 429 658 316 499 610 128 375 545 471 479 409 490 529 100 651 400 125 284
814 272 358 109 213 391 911 791 358 717 742 779 684 851 641 605 612 281 904 236 259 718 165 669 689 786 675 248 354 286 868 160 826 587 724 732 314 284 778 679 840 666 621 0 752 428 337 348 464 451 887 599 769 888 558 213 787 347 477 918 372 771 204 634 644 380 900 699 436 326 704 148 112 637 881 933 234 174 915 879 918 549 320 788 524 367
296 629 576 710 777 474 654 534 490 460 485 260 263 594 267 231 238 503 647 548 722 199 808 412 432 267 418 616 506 595 218 803 569 190 467 218 777 618 521 269 584 292 247 752 0 489 447 500 321 417 368 179 119 631 219 676 268 565 336 661 590 252 667 358 308 466 381 180 561 789 447 630 742 319 362 676 602 610 265 622 661 232 783 531 256 415
552 235 181 399 382 66 766 645 182 571 597 516 440 705 378 286 350 372 758 327 327 455 426 523 543 523 530 273 98 200 605 421 680 324 578 474 383 223 633 434 695 403 358 428 489 0 427 172 432 158 624 336 506 743 330 281 524 171 447 772 195 508 272 489 443 204 637 436 135 395 559 353 347 454 618 787 282 333 652 733 772 343 388 642 368 458
510 225 357 295 440 390 606 486 357 412 437 474 380 546 336 300 308 212 599 167 412 413 393 364 384 481 371 201 352 263 563 388 521 282 419 427 467 236 473 374 536 361 316 337 447 427 0 347 159 450 582 294 464 584 253 366 482 346 172 613 371 466 357 329 339 379 595 394 434 479 399 214 340 332 576 628 187 195 610 574 613 245 473 483 219 168
562 155 101 319 302 135 776 656 73 582 607 527 451 716 389 296 360 292 769 247 247 466 346 534 554 533 540 193 97 120 616 341 691 335 589 484 303 143 643 445 705 414 369 348 500 172 347 0 443 128 635 346 516 753 341 201 534 91 458 783 115 519 192 499 454 57 648 446 179 315 569 273 267 465 628 798 202 253 663 744 783 354 308 653 378 378
383 352 484 422 568 417 480 359 433 286 311 348 253 420 210 174 181 215 473 260 540 287 520 238 258 355 244 328 449 390 437 515 395 156 292 300 595 364 347 247 409 235 190 464 321 432 159 443 0 360 456 167 338 457 127 494 355 474 48 486 498 340 484 203 213 409 469 267 504 607 273 342 467 206 450 502 314 322 484 447 486 118 600 357 93 127
480 258 204 422 405 143 694 573 118 499 525 444 368 633 306 214 278 395 686 350 350 383 449 451 471 451 458 296 174 223 533 444 608 252 506 402 406 246 561 362 623 331 286 451 417 158 450 128 360 0 552 264 434 671 258 304 452 194 375 700 218 436 295 417 372 95 565 364 230 418 487 376 370 382 546 715 305 356 580 661 700 271 411 570 296 455
100 764 711 845 912 609 789 669 625 595 620 185 398 729 402 366 373 638 782 683 857 334 943 547 567 145 553 751 641 730 484 938 704 325 602 353 912 753 656 404 718 427 381 887 368 624 582 635 456 552 0 314 385 766 354 811 180 700 471 796 725 192 802 493 443 601 89 315 696 924 582 765 877 453 93 811 737 745 531 756 796 367 918 666 391 550
242 476 422 557 623 320 501 380 336 306 332 206 175 440 113 77 85 349 493 394 568 145 655 258 278 213 265 463 352 441 295 650 415 42 313 164 624 464 368 169 430 138 93 599 179 336 294 346 167 264 314 0 196 478 65 522 214 412 182 507 436 198 513 224 178 313 327 126 407 636 294 476 588 189 308 522 449 457 342 468 507 78 629 377 103 262
312 646 593 727 793 491 671 550 506 476 502 277 280 611 283 248 255 519 664 565 739 216 825 428 448 284 435 633 522 612 176 820 586 207 483 234 794 634 538 286 600 308 263 769 119 506 464 516 338 434 385 196 0 648 235 692 285 582 353 677 607 269 683 375 324 483 398 197 577 806 464 647 758 335 379 693 619 627 223 638 677 248 799 548 273 432
689 772 825 842 988 723 175 139 739 354 380 654 460 115 487 480 487 634 230 680 959 531 940 265 326 660 254 748 755 810 743 935 152 462 176 507 1015 783 416 454 166 467 495 884 627 738 579 749 453 666 762 473 643 0 433 913 661 814 468 182 839 646 904 410 419 715 775 573 810 1026 342 762 887 413 755 197 734 742 790 57 182 424 1020 426 399 547
281 446 417 516 618 315 460 340 331 266 291 245 170 400 107 72 79 309 453 354 563 185 614 218 238 252 224 422 346 436 335 609 375 54 273 203 618 458 327 164 390 133 87 558 219 330 253 341 127 258 354 65 235 437 0 517 253 406 142 467 431 237 507 183 173 307 367 165 401 630 253 436 561 184 347 482 408 416 381 428 467 38 624 337 62 221
738 173 211 183 118 244 940 820 211 746 771 703 627 880 565 472 536 311 933 265 63 642 172 698 718 709 705 211 207 139 792 206 855 511 753 660 118 162 808 621 870 590 545 213 676 281 366 201 494 304 811 522 692 918 517 0 710 200 506 947 225 695 55 664 630 233 824 622 289 130 734 252 132 641 804 962 221 271 839 908 947 530 123 817 553 396
131 664 611 745 811 509 689 568 524 494 520 182 298 629 301 266 273 537 682 583 757 234 843 446 466 175 453 651 540 629 384 838 603 225 501 252 812 652 556 304 618 326 281 787 268 524 482 534 355 452 180 214 285 666 253 710 0 600 371 695 624 174 701 393 342 501 193 215 595 824 482 665 776 353 174 711 637 645 431 656 695 266 817 566 291 450
627 153 81 317 301 133 842 721 101 647 673 592 516 781 454 362 426 291 834 246 246 531 345 599 619 599 606 191 96 119 681 340 756 400 654 549 301 142 709 510 771 479 434 347 565 171 346 91 474 194 700 412 582 819 406 200 600 0 486 848 62 584 191 565 519 122 713 512 117 313 635 271 266 530 694 863 201 252 728 809 848 419 307 718 444 376
398 365 497 435 580 432 495 374 448 301 326 363 268 435 225 189 196 227 488 272 552 302 533 253 273 370 259 341 464 403 452 528 410 171 308 315 607 376 362 262 424 250 205 477 336 447 172 458 48 375 471 182 353 472 142 506 371 486 0 502 511 355 497 218 228 424 484 283 519 619 288 354 480 221 465 517 327 335 499 462 502 133 613 372 108 140
646 729 782 799 945 680 133 96 696 311 337 611 417 72 444 437 444 592 187 637 916 488 897 222 283 618 211 705 712 767 700 892 109 419 133 464 972 740 373 411 123 424 453 841 584 695 536 706 410 623 719 430 601 93 390 870 618 771 425 0 796 603 861 367 376 672 732 530 767 983 299 719 844 370 713 154 691 699 747 83 139 381 977 383 356 504
652 178 51 342 326 158 866 746 125 672 697 617 541 806 479 386 450 316 859 270 271 556 369 624 644 624 630 216 121 144 706 364 781 425 679 574 326 167 733 535 796 504 459 372 590 195 371 115 498 218 725 436 607 843 431 225 624 62 511 873 0 609 215 589 544 147 738 537 87 338 659 296 291 555 719 888 226 276 753 834 873 444 332 743 468 401
143 648 595 729 796 493 673 552 509 479 504 167 282 613 285 250 257 522 666 567 741 218 827 431 451 173 437 635 524 614 368 822 588 209 485 236 796 636 540 288 602 310 265 771 252 508 466 519 340 436 192 198 269 650 237 695 174 584 355 679 609 0 685 377 327 485 205 199 579 808 466 649 761 337 186 695 621 629 415 640 680 251 802 550 275 434
729 164 201 174 129 235 931 811 202 737 762 693 618 871 555 463 527 301 924 256 74 633 184 689 709 700 695 202 197 130 783 196 846 502 744 651 130 152 798 612 860 580 535 204 667 272 357 192 484 295 802 513 683 908 507 55 701 191 497 938 215 685 0 654 621 224 815 613 279 142 724 242 123 631 795 953 211 262 829 899 938 521 135 808 544 387
421 522 575 592 738 473 437 316 489 243 268 385 113 377 140 230 188 385 430 430 710 184 690 195 215 392 201 498 505 560 474 685 352 212 250 160 765 534 304 107 366 120 167 634 358 489 329 499 203 417 493 224 375 414 183 664 393 565 218 443 589 377 654 0 73 466 506 239 560 777 230 512 637 66 487 459 484 492 521 404 444 174 770 314 149 297
370 532 530 602 731 428 447 326 444 252 278 335 63 387 90 185 137 395 440 440 676 133 700 204 224 341 211 508 460 549 424 695 361 167 259 110 732 543 314 57 376 69 117 644 308 443 339 454 213 372 443 178 324 424 173 630 342 519 228 453 544 327 621 73 0 420 456 189 515 743 240 522 647 33 436 469 494 502 471 414 453 184 737 324 159 307
528 186 133 350 334 166 743 622 47 548 574 493 417 682 355 263 326 324 735 279 279 432 378 500 520 500 507 224 129 152 582 373 657 301 555 450 334 175 610 411 672 380 335 380 466 204 379 57 409 95 601 313 483 720 307 233 501 122 424 749 147 485 224 466 420 0 614 413 211 346 536 304 299 431 595 764 234 284 629 710 749 320 340 619 345 409
113 777 724 858 925 622 802 681 638 608 633 198 411 742 414 379 386 651 795 696 870 347 956 560 580 158 566 764 653 743 497 951 717 338 615 366 925 766 669 417 731 440 394 900 381 637 595 648 469 565 89 327 398 779 367 824 193 713 484 809 738 205 815 506 456 614 0 328 709 937 595 778 890 466 95 824 750 758 544 769 809 380 931 679 404 563
242 576 523 657 723 421 601 480 436 406 432 207 144 541 213 178 185 449 594 495 669 80 755 358 378 214 365 563 452 542 296 750 516 137 413 98 724 564 468 150 530 192 193 699 180 436 394 446 267 364 315 126 197 578 165 622 215 512 283 607 537 199 613 239 189 413 328 0 507 736 394 577 688 199 309 623 549 557 343 568 607 178 729 478 203 362
623 242 106 406 390 137 837 716 189 643 668 587 512 777 449 357 421 379 830 334 335 527 433 595 615 594 601 280 169 208 677 428 752 396 649 545 390 230 704 506 766 474 429 436 561 135 434 179 504 230 696 407 577 814 401 289 595 117 519 843 87 579 279 560 515 211 709 507 0 402 630 360 354 526 689 859 289 340 723 804 843 415 395 714 439 465
851 286 324 296 168 357 1054 933 324 859 885 816 740 994 678 586 649 424 1046 379 93 755 223 811 831 823 818 324 320 252 905 268 968 624 866 773 39 275 921 734 983 703 658 326 789 395 479 315 607 418 924 636 806 1031 630 130 824 313 619 1060 338 808 142 777 743 346 937 736 402 0 847 365 245 754 918 1076 334 385 952 1021 1060 643 33 931 667 509
510 592 645 662 808 543 369 249 559 57 62 474 280 309 308 300 308 455 362 500 780 351 760 127 95 481 133 568 575 630 563 755 284 283 182 327 835 604 98 274 298 287 316 704 447 559 399 569 273 487 582 294 464 346 253 734 482 635 288 376 659 466 724 230 240 536 595 394 630 847 0 582 707 233 576 391 554 562 610 337 376 245 840 107 219 367
692 150 282 106 252 315 789 668 283 595 620 657 562 729 519 483 490 159 782 114 298 596 204 547 567 664 553 126 278 188 746 199 704 465 602 609 353 161 656 556 718 544 499 148 630 353 214 273 342 376 765 476 647 766 436 252 665 271 354 796 296 649 242 512 522 304 778 577 360 365 582 0 151 515 759 811 112 64 793 756 796 427 359 666 402 245
804 239 277 82 158 310 914 794 277 720 745 769 687 854 630 538 602 285 907 239 178 708 110 672 692 775 678 251 272 205 858 105 829 577 727 726 233 227 781 682 844 656 610 112 742 347 340 267 467 370 877 588 758 891 561 132 776 266 480 921 291 761 123 637 647 299 890 688 354 245 707 151 0 640 870 936 237 177 904 882 921 552 239 791 527 370
381 525 541 595 741 439 440 319 455 246 271 345 73 380 101 196 148 388 433 433 687 144 693 198 218 352 204 501 470 560 435 688 355 178 252 120 742 537 307 67 369 80 128 637 319 454 332 465 206 382 453 189 335 417 184 641 353 530 221 446 555 337 631 66 33 431 466 199 526 754 233 515 640 0 447 462 487 495 481 407 446 177 748 317 152 300
94 758 705 839 905 603 783 662 618 588 614 179 392 723 395 360 367 631 776 677 851 328 937 540 560 138 547 745 634 724 478 932 698 319 595 346 906 746 650 398 712 420 375 881 362 618 576 628 450 546 93 308 379 760 347 804 174 694 465 789 719 186 795 487 436 595 95 309 689 918 576 759 870 447 0 805 731 739 525 750 789 360 911 660 385 544
734 817 870 887 1033 768 69 184 784 399 425 698 505 160 532 525 532 679 275 725 1004 575 985 310 371 705 299 793 799 855 788 980 197 507 221 552 1059 828 461 499 211 511 540 929 672 783 624 794 497 711 807 518 688 181 478 958 706 859 513 106 884 690 949 455 464 760 820 618 854 1071 387 807 932 457 800 0 779 787 834 171 62 469 1065 470 444 592
664 80 212 192 322 245 761 641 212 567 592 629 535 701 491 455 463 132 754 86 267 568 290 519 539 636 525 56 207 117 718 285 676 437 574 582 322 91 628 529 691 516 471 234 602 282 187 202 314 305 737 449 619 738 408 221 637 201 327 768 226 621 211 484 494 234 750 549 289 334 554 112 237 487 731 783 0 92 765 729 768 399 328 638 374 217
672 130 262 132 278 296 769 649 263 575 600 637 542 709 499 463 470 140 762 94 318 576 230 527 547 644 533 106 258 168 726 225 684 445 582 590 373 142 636 537 699 524 479 174 610 333 195 253 322 356 745 457 627 746 416 271 645 252 335 776 276 629 262 492 502 284 758 557 340 385 562 64 177 495 739 791 92 0 773 737 776 407 378 646 382 225
458 792 739 873 940 637 817 696 653 623 648 423 426 757 429 394 401 666 810 711 885 362 971 575 595 430 581 779 668 758 59 966 732 353 629 380 940 780 684 432 746 454 409 915 265 652 610 663 484 580 531 342 223 794 381 839 431 728 499 823 753 415 829 521 471 629 544 343 723 952 610 793 904 481 525 839 765 773 0 784 823 395 946 694 419 578
679 762 815 832 978 713 166 130 729 345 370 644 450 105 477 470 477 625 220 670 949 521 930 255 317 651 244 738 745 800 733 925 142 452 166 497 1005 773 406 444 157 457 486 874 617 728 569 739 443 656 752 463 634 57 423 903 652 804 458 172 829 636 894 400 410 705 765 564 800 1017 332 752 877 403 746 187 724 732 780 0 172 414 1010 416 389 537
719 802 854 871 1017 753 67 169 768 384 409 683 489 145 517 510 517 664 259 709 989 560 970 295 356 690 284 778 784 839 773 964 181 492 205 537 1044 813 445 484 196 496 525 913 656 768 609 778 482 696 791 503 673 166 463 943 691 844 497 91 868 675 933 439 449 745 804 603 839 1056 371 791 916 442 785 62 764 771 819 156 0 454 1050 455 428 577
294 437 430 507 631 328 451 331 344 257 282 259 183 391 120 85 92 300 444 345 576 198 605 209 229 265 216 413 359 449 348 600 366 67 264 216 631 449 318 177 381 146 100 549 232 343 245 354 118 271 367 78 248 429 38 530 266 419 133 458 444 251 521 174 184 320 380 178 415 643 245 427 552 177 360 473 399 407 395 419 458 0 637 328 54 212
845 280 318 290 162 351 1047 927 318 853 878 810 734 987 671 579 643 418 1040 372 87 749 217 805 825 816 812 318 313 246 899 262 962 618 860 767 45 269 914 728 977 697 651 320 783 388 473 308 600 411 918 629 799 1025 624 123 817 307 613 1054 332 802 135 770 737 340 931 729 395 33 840 359 239 748 911 1069 328 378 946 1015 1054 637 0 924 660 503
593 676 729 746 892 627 453 332 643 90 74 558 364 393 391 384 391 539 446 584 863 435 844 211 128 565 217 652 659 714 647 839 368 366 265 411 919 687 29 358 382 371 400 788 531 642 483 653 357 570 666 377 548 430 337 817 566 718 372 459 743 550 808 314 324 619 679 478 714 931 107 666 791 317 660 475 638 646 694 420 459 328 924 0 303 451
319 412 454 482 628 353 426 305 368 232 257 283 199 366 145 110 117 275 419 320 599 222 580 184 204 290 190 388 384 450 372 575 341 92 239 241 655 423 293 193 355 170 125 524 256 368 219 378 93 296 391 103 273 403 62 553 291 444 108 433 468 275 544 149 159 345 404 203 439 667 219 402 527 152 385 448 374 382 419 393 433 54 660 303 0 187
477 255 387 325 471 421 574 454 388 380 405 442 348 514 304 268 276 224 567 197 442 381 423 332 352 449 338 231 383 293 531 418 489 250 387 395 498 266 441 342 504 329 284 367 415 458 168 378 127 455 550 262 432 551 221 396 450 376 140 581 401 434 387 297 307 409 563 362 465 509 367 245 370 300 544 596 217 225 578 542 581 212 503 451 187 0
EOF