NAME : tsp_problem
TYPE : TSP
DIMENSION : 20
EDGE_WEIGHT_TYPE : EXPLICIT
EDGE_WEIGHT_FORMAT : FULL_MATRIX
EDGE_WEIGHT_SECTION
0 570 552 559 351 648 509 849 752 192 736 700 1713 796 293 758 185 427 800 912
570 0 104 111 273 102 432 315 674 422 659 167 1660 718 301 242 462 349 723 379
552 104 0 53 255 182 414 342 656 404 641 194 1642 700 283 269 444 331 705 405
559 111 53 0 262 180 421 323 663 411 648 174 1649 707 290 250 451 338 712 386
351 273 255 262 0 351 183 551 426 202 410 403 1429 470 82 432 242 129 475 615
648 102 182 180 351 0 414 243 752 500 737 95 1738 796 379 170 540 427 801 307
509 432 414 421 183 414 0 427 496 361 480 408 1499 540 240 270 401 288 544 502
849 315 342 323 551 243 427 0 902 700 886 238 1904 946 580 222 740 627 950 182
686 609 591 598 361 687 431 836 0 538 132 739 1576 191 417 679 578 391 196 912
192 422 404 411 202 500 361 700 603 0 588 552 1565 647 144 610 134 278 652 763
732 654 636 643 406 732 476 882 169 583 0 784 1622 152 463 725 623 436 156 957
700 167 194 174 403 95 408 238 804 552 789 0 1790 848 431 165 592 479 853 301
1713 1660 1642 1649 1429 1738 1499 1904 1642 1565 1626 1790 0 1686 1468 1747 1605 1340 1690 1980
719 641 623 630 393 719 463 869 157 570 63 771 1609 0 450 712 611 424 144 945
293 301 283 290 82 379 240 580 483 144 467 431 1468 527 0 489 185 158 531 643
758 242 269 250 432 170 270 222 745 610 729 165 1747 789 489 0 650 537 793 285
185 462 444 451 242 540 401 740 643 134 628 592 1605 687 185 650 0 318 692 804
427 349 331 338 129 427 288 627 456 278 441 479 1340 500 158 537 318 0 505 691
725 647 629 636 399 726 469 875 163 577 69 777 1615 145 456 718 617 430 0 951
912 379 405 386 615 307 502 182 977 763 962 301 1980 1021 643 285 804 691 1026 0
EOF