NAME : tsp_problem
TYPE : TSP
DIMENSION : 88
EDGE_WEIGHT_TYPE : EXPLICIT
EDGE_WEIGHT_FORMAT : FULL_MATRIX
EDGE_WEIGHT_SECTION
0 730 521 457 872 465 441 779 712 784 149 312 691 85 674 64 709 636 812 264 400 350 419 732 304 396 649 929 432 573 604 538 332 408 622 901 721 477 457 963 632 76 109 61 157 607 65 648 121 806 768 324 175 772 732 859 57 246 745 121 543 830 645 152 896 720 549 424 693 882 938 619 691 659 874 1622 389 394 463 759 896 889 990 966 553 811 922 422
735 0 250 372 243 379 474 175 249 87 597 581 606 727 88 706 82 140 314 533 669 619 513 51 573 367 564 243 346 335 288 359 415 502 537 215 102 495 400 277 176 759 667 720 738 522 770 562 628 160 70 593 755 118 268 254 716 623 659 764 458 277 559 794 217 167 343 456 130 231 321 132 200 573 188 1736 465 365 377 72 210 203 303 280 467 139 339 536
525 250 0 162 460 170 264 299 466 304 387 371 397 518 194 497 228 156 532 323 460 409 304 252 364 158 355 460 137 395 427 361 206 293 327 433 241 286 191 494 151 549 458 511 529 312 561 353 418 326 287 384 546 336 486 471 507 414 450 554 249 494 350 585 434 384 371 247 212 448 539 139 417 364 405 1526 256 156 168 278 428 420 521 498 258 331 556 327
461 372 162 0 582 106 146 421 470 426 324 308 333 454 315 433 350 278 570 260 396 345 185 373 300 94 291 582 73 331 363 297 142 174 263 554 363 181 72 616 273 486 394 447 465 249 497 289 355 448 409 320 482 458 490 593 443 350 386 490 185 589 286 521 556 478 308 128 334 570 661 261 450 300 527 1408 137 92 104 400 550 542 643 619 194 452 678 208
876 243 460 582 0 590 685 335 193 246 739 723 817 869 299 848 257 350 98 675 811 761 692 226 715 570 775 158 557 347 300 371 557 681 747 130 262 706 611 192 346 901 809 862 880 732 912 773 770 320 209 735 897 187 166 74 858 765 870 905 669 60 770 936 111 236 355 667 290 97 153 343 240 784 103 1895 662 568 588 232 126 118 219 195 678 299 137 695
469 379 170 106 590 0 175 429 478 434 331 316 250 462 323 441 358 286 578 268 404 353 248 381 308 102 209 590 58 339 371 305 150 237 181 562 371 140 135 624 281 494 402 455 473 166 505 207 363 456 417 328 490 466 498 601 451 358 304 498 102 597 204 529 564 486 316 191 342 578 669 269 458 218 535 1471 200 100 30 408 558 550 651 627 112 460 686 271
446 474 264 146 685 175 0 523 554 528 308 292 348 439 418 417 452 380 654 244 380 330 122 476 284 196 306 685 176 415 447 381 174 111 278 657 465 55 98 719 375 470 378 431 449 263 482 304 339 550 511 305 466 560 574 695 427 334 401 475 134 673 301 505 659 562 391 47 437 672 763 363 534 315 629 1344 74 194 177 503 652 645 745 722 209 555 764 145
784 175 299 421 335 429 523 0 340 115 646 630 655 777 230 756 189 230 406 582 719 668 562 158 623 417 613 335 396 426 379 451 464 551 586 307 166 545 449 369 171 808 716 769 787 571 820 612 677 97 161 643 804 210 360 345 765 672 709 813 507 368 609 843 309 258 434 506 137 322 413 213 291 623 279 1785 515 415 427 164 302 295 395 372 517 76 430 585
716 249 466 470 193 478 554 340 0 252 578 562 705 709 304 688 263 356 132 514 651 600 532 232 555 409 663 318 445 187 140 211 397 521 635 290 268 590 499 297 351 740 649 702 720 621 752 661 610 326 215 575 737 161 64 180 698 605 758 745 557 151 658 776 217 108 195 537 296 202 259 349 80 672 262 1735 502 407 476 237 285 277 378 355 566 304 242 535
789 87 304 426 246 434 528 115 252 0 651 635 660 782 142 760 101 194 318 587 723 673 567 70 627 421 618 246 401 338 291 362 469 556 591 219 106 550 454 280 189 813 721 774 792 576 825 617 682 100 73 648 809 122 272 257 770 677 713 818 512 280 613 848 220 170 346 511 134 234 325 187 203 628 191 1790 520 419 431 75 214 206 307 283 521 79 342 590
154 597 387 324 739 331 308 646 578 651 0 178 558 146 540 125 575 503 678 130 267 216 286 598 171 263 516 796 298 439 471 405 199 275 489 768 588 343 324 830 498 178 86 139 157 474 189 514 96 673 634 191 174 639 598 726 135 112 611 183 410 697 511 213 763 586 415 290 559 748 805 486 558 525 740 1488 256 260 329 625 763 756 856 833 419 678 788 289
316 581 371 308 723 316 292 630 562 635 178 0 542 309 525 288 559 487 662 90 112 62 270 582 80 247 500 780 283 423 455 389 183 259 473 752 572 327 308 814 482 340 249 301 320 458 352 498 209 657 618 63 337 623 582 710 298 205 595 345 394 681 495 376 747 570 399 274 543 732 789 470 542 510 724 1472 240 245 313 609 747 740 840 817 403 662 772 273
696 606 397 333 817 250 348 655 705 660 558 542 0 689 550 668 584 512 805 494 630 580 450 608 535 329 381 817 285 566 597 531 376 439 353 789 597 312 361 851 508 720 628 681 699 339 732 379 589 682 644 555 716 692 725 828 677 584 476 725 275 823 376 755 791 713 542 364 569 804 895 495 685 390 761 1673 402 327 253 635 784 777 877 854 263 687 912 473
126 781 571 508 923 516 492 830 762 835 200 362 742 0 725 115 759 687 862 314 451 400 470 783 355 447 700 980 483 623 655 589 383 459 673 952 772 528 508 1014 682 151 160 112 208 658 162 699 172 857 818 375 225 823 782 910 108 296 795 51 594 881 695 82 947 770 600 474 744 932 989 670 742 710 924 1672 440 445 513 809 947 940 1040 1017 603 862 972 473
678 88 194 315 299 323 418 230 304 142 540 525 550 671 0 650 66 84 370 477 613 562 457 90 517 311 508 299 290 390 343 414 359 446 480 271 158 439 344 333 119 703 611 664 682 466 714 506 572 216 125 537 699 174 324 309 660 567 603 707 402 332 503 738 273 222 398 400 181 286 377 76 255 517 243 1680 409 309 321 128 266 259 359 336 411 194 394 480
159 814 604 540 956 548 525 863 795 868 233 395 775 169 757 0 792 720 895 347 484 433 503 815 388 479 733 1013 515 656 688 622 416 492 706 985 805 560 541 1047 715 183 193 145 241 691 195 731 204 890 851 408 258 856 815 943 141 329 828 84 627 914 728 114 980 803 632 507 776 965 1022 703 775 742 957 1705 473 477 546 842 980 973 1073 1050 636 894 1005 506
713 82 228 350 257 358 452 189 263 101 575 559 584 706 66 685 0 118 328 511 648 597 491 65 552 346 543 257 325 349 302 373 393 480 515 230 117 474 378 291 154 737 645 698 716 500 749 541 606 175 84 572 734 133 283 268 694 601 638 742 436 291 538 773 231 181 357 435 145 245 336 111 214 552 202 1714 444 344 356 86 225 217 318 294 446 153 353 515
641 140 156 278 350 286 380 230 356 194 503 487 512 633 84 612 118 0 422 439 575 525 419 142 479 273 470 350 252 442 395 466 321 408 443 323 171 402 306 384 82 665 573 626 644 428 676 468 534 256 177 499 661 226 376 361 622 529 565 670 364 384 465 700 324 274 450 362 143 338 429 57 307 480 295 1642 372 271 283 179 318 310 411 388 373 246 446 442
816 314 532 570 98 578 654 406 132 318 678 662 805 809 370 788 328 422 0 614 751 700 632 297 655 509 763 229 545 287 240 311 497 621 735 202 333 690 599 203 417 840 749 802 820 721 852 761 710 391 281 675 837 259 106 85 798 705 858 845 657 56 758 876 122 208 295 637 361 107 164 414 180 772 174 1835 602 507 576 303 197 189 290 266 666 370 147 635
268 533 323 260 675 268 244 582 514 587 130 90 494 261 477 240 511 439 614 0 151 100 222 535 83 199 452 732 235 375 407 341 135 211 425 704 524 279 260 766 434 292 201 253 272 410 304 450 161 609 570 102 289 575 534 662 250 157 547 297 346 633 447 328 699 522 352 226 495 684 741 422 494 462 676 1424 192 197 265 561 699 692 792 769 355 614 724 225
405 669 460 396 811 404 380 719 651 723 267 112 630 398 613 376 648 575 751 151 0 78 358 671 118 335 589 868 371 512 543 477 271 347 561 840 660 416 396 902 571 429 337 390 408 546 440 587 298 745 707 101 425 711 671 798 386 293 684 434 482 769 584 464 835 659 488 363 632 821 877 559 630 598 813 1561 328 333 402 698 836 828 929 905 492 750 861 361
354 619 409 345 761 353 330 668 600 673 216 62 580 347 562 326 597 525 700 100 78 0 308 620 68 284 538 818 320 461 493 427 221 297 511 790 610 365 346 852 520 378 286 339 357 496 390 536 247 695 656 51 375 661 620 748 335 242 633 383 432 719 533 414 785 608 437 312 581 770 827 508 580 547 762 1510 278 282 351 647 785 778 878 855 441 699 810 311
424 513 304 185 692 248 122 562 532 567 286 270 450 416 457 395 491 419 632 222 358 308 0 515 262 216 408 724 215 393 425 358 152 35 380 696 504 157 137 758 414 448 356 409 427 366 459 406 317 589 550 282 444 593 552 679 405 312 503 453 236 651 403 483 698 540 369 104 476 702 758 402 512 417 668 1322 70 214 245 542 691 684 784 761 311 594 742 123
736 51 252 373 226 381 476 158 232 70 598 582 608 729 90 708 65 142 297 535 671 620 515 0 575 369 566 226 348 318 271 342 417 504 538 198 85 497 402 260 169 761 669 722 740 524 772 564 630 144 53 595 757 102 251 237 718 625 661 765 460 260 561 796 200 150 326 458 114 214 305 134 183 575 171 1738 467 367 379 55 194 186 287 263 469 122 322 538
309 573 364 300 715 308 284 623 555 627 171 80 535 302 517 280 552 479 655 83 118 68 262 575 0 239 493 772 275 416 447 381 175 251 465 744 564 320 300 806 475 333 241 294 312 450 344 491 202 649 611 70 329 615 575 702 290 197 588 338 386 673 488 368 739 563 392 267 536 725 781 463 535 502 717 1465 232 237 306 602 740 732 833 809 396 654 765 265
400 367 158 94 570 102 196 417 409 421 263 247 329 393 311 372 346 273 509 199 335 284 216 369 239 0 287 578 69 270 302 236 81 205 259 550 358 218 123 612 269 425 333 386 404 244 436 285 294 443 405 259 421 453 429 557 382 289 382 429 180 528 282 460 552 417 247 179 330 566 636 257 389 296 523 1419 186 18 100 396 545 538 638 615 190 448 619 219
654 564 355 291 775 209 306 613 663 618 516 500 381 647 508 626 543 470 763 452 589 538 408 566 493 287 0 775 243 524 556 489 334 397 128 747 555 270 319 809 466 678 586 639 657 173 690 143 547 640 602 513 675 650 683 786 635 542 137 683 233 782 105 713 749 671 500 322 527 762 853 453 643 75 719 1631 361 285 211 593 742 735 835 812 242 645 871 431
934 243 460 582 158 590 685 335 318 246 796 780 817 926 299 905 257 350 229 732 868 818 724 226 772 578 775 0 557 404 357 428 614 713 747 45 262 706 611 80 346 958 866 919 937 732 969 773 827 320 210 792 954 187 298 169 915 822 870 963 669 192 770 993 132 236 412 667 290 146 125 343 269 784 74 1946 676 576 588 232 62 57 87 63 678 299 142 747
436 346 137 73 557 58 176 396 445 401 298 283 285 429 290 408 325 252 545 235 371 320 215 348 275 69 243 557 0 306 338 272 117 204 215 529 338 174 102 591 248 461 369 422 440 201 472 241 330 423 384 295 457 433 465 568 418 325 338 465 137 564 238 496 531 453 282 158 309 545 636 236 425 252 502 1438 167 67 56 375 525 517 618 594 146 427 653 238
577 335 395 331 347 339 415 426 187 338 439 423 566 570 390 549 349 442 287 375 512 461 393 318 416 270 524 404 306 0 204 214 258 382 496 376 354 451 360 438 437 601 510 562 580 482 613 522 470 412 301 436 598 247 206 334 559 466 619 606 418 305 519 637 371 195 224 398 382 356 413 435 166 533 349 1595 363 268 337 324 371 364 464 441 427 390 396 396
609 288 427 363 300 371 447 379 140 291 471 455 597 602 343 581 302 395 240 407 543 493 425 271 447 302 556 357 338 204 0 228 289 414 528 329 307 482 391 391 390 633 541 594 612 513 645 554 502 365 254 468 629 200 159 287 590 497 651 638 449 258 551 668 324 148 212 429 335 309 366 388 119 565 301 1627 395 300 369 277 324 317 417 394 459 343 349 427
543 359 361 297 371 305 381 451 211 362 405 389 531 536 414 514 373 466 311 341 477 427 358 342 381 236 489 428 272 214 228 0 223 348 462 400 378 416 325 462 461 567 475 528 546 447 578 488 436 436 325 401 563 271 230 358 524 431 585 572 383 329 485 602 395 219 190 363 406 380 437 459 190 499 373 1561 329 234 303 348 395 388 488 465 393 414 421 361
337 415 206 142 557 150 174 464 397 469 199 183 376 329 359 308 393 321 497 135 271 221 152 417 175 81 334 614 117 258 289 223 0 141 307 586 406 210 170 648 316 361 269 322 340 292 372 333 230 491 452 195 357 457 416 544 318 225 429 366 228 515 330 396 581 405 234 157 378 566 623 304 376 344 559 1355 122 79 147 444 581 574 674 651 237 496 606 155
413 502 293 174 681 237 111 551 521 556 275 259 439 406 446 384 480 408 621 211 347 297 35 504 251 205 397 713 204 382 414 348 141 0 370 685 493 146 126 747 404 437 345 398 416 355 448 395 306 578 539 271 433 582 541 669 394 301 492 442 225 640 392 472 687 529 358 93 465 691 747 391 501 406 657 1311 59 203 235 531 680 673 773 750 300 583 731 112
626 537 327 263 747 181 278 586 635 591 489 473 353 619 480 598 515 443 735 425 561 511 380 538 465 259 128 747 215 496 528 462 307 370 0 720 528 243 292 781 438 651 559 612 630 157 662 171 520 613 574 485 647 623 655 758 608 515 166 655 205 754 134 686 721 644 473 295 499 735 826 426 615 103 692 1603 333 257 183 565 715 707 808 784 215 617 843 404
906 215 433 554 130 562 657 307 290 219 768 752 789 899 271 877 230 323 202 704 840 790 696 198 744 550 747 45 529 376 329 400 586 685 720 0 234 678 583 79 318 930 838 891 909 705 942 745 799 293 182 765 926 160 270 141 887 794 842 935 641 164 742 965 104 208 384 639 262 118 123 315 241 756 73 1919 648 548 560 204 60 55 105 82 650 271 141 719
726 102 241 363 262 371 465 166 268 106 588 572 597 719 158 697 117 171 333 524 660 610 504 85 564 358 555 262 338 354 307 378 406 493 528 234 0 487 391 296 113 750 658 711 729 513 762 554 619 180 89 585 746 137 287 273 707 614 650 755 449 296 551 785 236 186 362 448 79 250 341 155 219 565 207 1727 457 356 368 91 229 222 323 299 458 158 358 527
481 495 286 181 706 140 55 545 590 550 343 327 312 474 439 453 474 402 690 279 416 365 157 497 320 218 270 706 174 451 482 416 210 146 243 678 487 0 134 740 397 506 414 467 485 228 517 269 375 572 533 340 502 582 609 717 463 370 366 510 98 708 266 541 680 598 427 71 458 694 785 385 569 280 651 1380 110 216 142 524 674 666 767 743 174 576 800 180
461 400 191 72 611 135 98 449 499 454 324 308 361 454 344 433 378 306 599 260 396 346 137 402 300 123 319 611 102 360 391 325 170 126 292 583 391 134 0 645 302 486 394 447 465 277 497 318 355 476 437 320 482 486 519 621 443 350 414 490 213 617 315 521 585 507 336 81 363 598 689 289 479 329 555 1360 90 120 133 429 578 571 671 648 223 481 706 161
968 277 494 616 192 624 719 369 297 280 830 814 851 960 333 939 291 384 203 766 902 852 758 260 806 612 809 80 591 438 391 462 648 747 781 79 296 740 645 0 380 992 900 953 971 766 1003 807 861 354 243 826 988 221 271 179 949 856 904 997 703 165 804 1027 166 270 446 701 324 180 99 377 302 818 108 1980 710 610 622 266 96 91 141 118 712 333 105 781
636 176 151 273 346 281 375 171 351 189 498 482 508 629 119 608 154 82 417 434 571 520 414 169 475 269 466 346 248 437 390 461 316 404 438 318 113 397 302 380 0 660 568 621 639 423 672 464 529 197 172 495 657 221 371 356 618 524 561 665 359 379 461 696 320 269 445 358 84 333 424 65 302 475 290 1637 367 267 279 150 313 306 406 383 369 202 441 438
76 754 545 481 896 489 465 804 736 808 173 336 716 109 698 88 733 660 836 288 424 374 443 756 328 420 674 953 456 597 629 562 356 432 646 926 746 501 481 987 656 0 133 85 182 631 46 672 145 830 792 349 199 796 756 883 81 270 769 145 567 855 669 176 920 744 573 448 717 906 962 644 716 683 898 1646 413 418 487 783 921 913 1014 990 577 835 946 446
97 752 542 479 894 487 463 801 733 806 171 333 713 90 696 69 730 658 833 285 422 371 441 754 326 418 671 951 454 594 626 560 354 430 644 923 743 498 479 985 653 122 0 83 179 629 133 669 143 828 789 346 196 794 753 881 79 267 766 126 565 852 666 157 918 741 571 445 714 903 960 641 713 681 895 1643 411 416 484 780 918 911 1011 988 574 833 943 444
61 715 506 442 857 450 427 765 697 770 134 297 677 70 659 49 694 621 797 249 385 335 404 717 289 381 635 914 417 558 590 524 317 394 607 887 707 462 442 948 617 85 95 0 143 592 78 633 106 791 753 310 160 758 717 844 42 231 730 107 529 816 630 137 881 705 534 409 678 867 923 605 677 644 859 1607 375 379 448 744 882 874 975 951 538 796 907 407
143 696 487 423 838 431 407 746 678 750 115 278 658 136 640 115 675 602 778 230 366 316 385 698 270 362 616 895 398 539 571 504 298 374 588 868 688 443 423 929 598 167 75 128 0 573 179 614 87 772 734 291 164 738 698 825 124 212 711 172 510 797 611 203 862 686 515 390 659 848 904 586 658 625 840 1588 355 360 429 725 863 855 956 932 519 777 888 388
612 522 312 249 732 166 263 571 621 576 474 458 339 605 466 583 500 428 721 410 546 496 366 524 450 244 173 732 201 482 513 447 292 355 157 705 513 228 277 766 423 636 544 597 615 0 647 183 505 598 559 470 632 608 640 743 593 500 211 641 190 739 179 671 706 629 458 280 484 720 811 411 600 148 677 1589 318 242 168 550 700 692 793 770 200 603 828 389
65 766 556 493 908 501 477 815 747 820 185 347 727 121 710 100 744 672 847 299 436 385 455 768 340 432 685 965 468 608 640 574 368 444 658 937 757 513 493 999 667 46 145 78 193 643 0 684 157 842 803 360 210 808 767 895 93 281 780 157 579 866 680 188 932 756 585 460 729 917 974 655 727 695 909 1657 425 430 498 794 932 925 1025 1002 588 847 957 458
652 562 353 289 773 207 304 612 661 617 514 498 379 645 506 624 541 468 761 450 587 536 406 564 491 285 143 773 241 522 554 488 333 395 171 745 554 269 318 807 464 677 585 638 656 183 688 0 546 638 600 511 673 648 681 784 634 541 181 681 231 780 149 712 747 669 498 320 525 761 852 452 641 118 718 1629 359 283 209 591 741 733 834 810 241 643 869 430
125 628 418 355 770 363 339 677 610 682 96 209 589 118 572 97 606 534 710 161 298 247 317 630 202 294 547 827 330 470 502 436 230 306 520 799 619 375 355 861 529 150 58 111 129 505 161 546 0 704 665 222 146 670 629 757 107 143 642 154 441 728 542 185 794 618 447 322 591 779 836 517 589 557 771 1519 287 292 360 656 794 787 887 864 450 709 819 320
811 160 326 448 320 456 550 97 326 100 673 657 682 803 216 782 175 256 391 609 745 695 589 144 649 443 640 320 423 412 365 436 491 578 613 293 180 572 476 354 197 835 743 796 814 598 846 638 704 0 147 669 831 196 346 331 792 699 735 840 534 354 635 870 294 244 420 532 164 308 399 239 277 650 265 1812 542 441 453 149 288 280 381 357 543 61 416 612
772 70 287 409 209 417 511 161 215 73 634 618 644 765 125 744 84 177 281 570 707 656 550 53 611 405 602 210 384 301 254 325 452 539 574 182 89 533 437 243 172 796 704 757 775 559 808 600 665 147 0 631 793 85 235 220 753 660 697 801 495 243 597 832 183 133 309 494 117 197 288 170 166 611 154 1773 503 403 415 59 177 169 270 247 505 125 305 574
329 593 384 320 735 328 305 643 575 648 191 63 555 322 537 300 572 499 675 102 101 51 282 595 70 259 513 792 295 436 468 401 195 271 485 765 585 340 320 826 495 353 261 314 332 470 365 511 222 669 631 0 349 636 595 722 310 217 608 358 407 694 508 388 759 583 412 287 556 745 801 483 555 522 737 1485 253 257 326 622 760 752 853 829 416 674 785 285
126 679 470 406 821 414 390 729 661 733 98 261 641 119 623 98 658 585 761 213 349 299 368 681 253 345 599 878 381 522 554 487 281 357 571 850 670 426 406 912 581 150 58 111 129 556 162 597 70 755 717 273 0 721 681 808 107 195 694 155 492 779 594 186 845 669 498 373 642 831 887 569 641 608 823 1571 338 343 412 708 846 838 939 915 502 760 871 371
777 118 336 458 187 466 560 210 161 122 639 623 692 770 174 748 133 226 259 575 711 661 593 102 615 453 650 187 433 247 200 271 457 582 623 160 137 582 486 221 221 801 709 762 780 608 813 648 670 196 85 636 797 0 180 198 758 665 745 806 544 221 645 836 161 91 255 542 166 175 266 219 112 660 132 1795 552 451 463 107 155 147 248 225 553 174 283 595
736 268 486 490 166 498 574 360 64 272 598 582 725 729 324 708 283 376 106 534 671 620 552 251 575 429 683 298 465 206 159 230 416 541 655 270 287 609 519 271 371 760 668 721 739 640 772 681 629 346 235 595 757 180 0 153 717 624 778 765 577 124 678 796 190 128 214 556 315 176 232 368 100 692 242 1754 522 427 496 257 265 258 358 335 586 324 216 555
864 254 471 593 74 601 695 345 180 257 726 710 828 857 309 835 268 361 85 662 798 748 679 237 702 557 786 169 568 334 287 358 544 669 758 141 273 717 621 179 356 888 796 849 867 743 899 784 757 331 220 722 884 198 153 0 845 752 881 893 679 48 781 923 99 247 342 678 301 84 141 354 227 795 114 1882 650 555 599 243 136 129 229 206 689 309 124 682
140 693 484 420 835 428 404 743 675 747 112 275 655 133 637 112 672 599 775 227 363 313 382 695 267 359 613 892 395 536 568 501 295 371 585 864 684 440 420 926 595 164 72 125 120 570 176 611 84 769 731 287 138 735 695 822 0 209 708 169 506 793 608 200 859 683 512 387 656 845 901 583 655 622 837 1585 352 357 426 722 860 852 953 929 516 774 885 385
250 623 414 350 765 358 334 672 605 677 112 205 584 243 567 222 601 529 705 157 293 242 312 625 197 289 542 822 325 466 497 431 225 301 515 794 614 370 350 856 524 274 183 236 254 500 286 541 143 699 660 217 271 665 624 752 232 0 637 279 436 723 538 310 789 613 442 317 586 774 831 512 584 552 767 1514 282 287 355 652 789 782 882 859 445 704 814 315
749 659 450 386 870 304 401 709 758 713 611 595 476 742 603 721 638 565 858 547 684 633 503 661 588 382 137 870 338 619 651 585 429 492 166 842 650 366 414 904 561 773 681 734 752 211 785 181 642 735 697 608 770 745 778 881 730 637 0 778 328 877 144 809 844 766 595 417 622 858 948 549 738 113 815 1726 456 380 306 688 837 830 930 907 337 740 966 526
105 759 550 486 901 494 470 809 741 813 178 341 721 114 703 93 738 665 841 293 429 379 448 761 333 425 679 958 461 602 634 567 361 437 651 930 750 506 486 992 661 129 138 90 187 636 141 677 150 835 797 353 204 801 761 888 86 275 774 0 572 860 674 60 925 749 578 453 722 911 967 649 721 688 903 1651 418 423 492 788 926 918 1019 995 582 840 951 451
548 458 249 185 669 102 134 507 557 512 410 394 275 541 402 519 436 364 657 346 482 432 236 460 386 180 233 669 137 418 449 383 228 225 205 641 449 98 213 703 359 572 480 533 551 190 584 231 441 534 495 407 568 544 577 679 529 436 328 577 0 675 228 607 643 565 394 150 421 656 747 347 536 242 613 1459 189 178 104 487 636 629 729 706 136 539 764 259
835 277 494 589 60 597 673 368 151 280 697 681 823 828 332 806 291 384 56 633 769 719 651 260 673 528 782 192 564 305 258 329 515 640 754 164 296 708 617 165 379 859 767 820 838 739 871 780 728 354 243 694 855 221 124 48 816 723 877 864 675 0 777 894 84 227 313 655 324 70 126 377 198 791 137 1853 621 526 595 266 159 152 252 229 685 332 110 653
649 559 350 286 770 204 301 609 658 613 511 495 376 642 503 621 538 465 758 447 584 533 403 561 488 282 105 770 238 519 551 485 330 392 134 742 551 266 315 804 461 673 582 634 653 179 685 149 542 635 597 508 670 645 678 781 631 538 144 678 228 777 0 709 744 666 495 317 522 758 848 449 638 81 715 1626 356 280 206 588 737 730 830 807 237 640 866 426
63 717 508 444 859 452 428 767 699 771 136 299 679 72 661 51 696 623 799 251 387 337 406 719 291 383 637 916 419 560 592 525 319 395 609 889 709 464 444 950 619 87 96 48 145 594 99 635 108 793 755 312 162 759 719 846 44 233 732 108 530 818 632 0 883 707 536 411 680 869 925 607 679 646 861 1609 376 381 450 746 884 876 977 953 540 798 909 409
901 217 434 556 111 564 659 309 217 220 763 747 791 893 273 872 231 324 122 699 835 785 698 200 739 552 749 132 531 371 324 395 581 687 721 104 236 680 585 166 320 925 833 886 904 706 936 747 794 294 183 759 921 161 190 99 882 789 844 930 643 84 744 960 0 210 379 641 264 103 177 317 242 758 77 1919 650 550 562 206 99 92 193 169 652 273 161 719
724 167 384 478 236 486 562 258 108 170 586 570 713 717 222 696 181 274 208 522 659 608 540 150 563 417 671 236 453 195 148 219 405 529 644 208 186 598 507 270 269 749 657 710 728 629 760 669 618 244 133 583 745 91 128 247 706 613 766 753 565 227 666 784 210 0 203 545 214 223 314 267 59 680 180 1743 510 415 484 156 203 196 296 273 574 222 318 543
553 343 371 308 355 316 391 434 195 346 415 399 542 546 398 525 357 450 295 352 488 437 369 326 392 247 500 412 282 224 212 190 234 358 473 384 362 427 336 446 445 578 486 539 557 458 589 498 447 420 309 412 574 255 214 342 535 442 595 582 394 313 495 613 379 203 0 374 390 364 421 443 174 510 357 1572 339 245 313 332 379 372 472 449 403 398 404 372
428 456 247 128 667 191 47 506 537 511 290 274 364 421 400 400 435 362 637 226 363 312 104 458 267 179 322 667 158 398 429 363 157 93 295 639 448 71 81 701 358 453 361 414 432 280 464 320 322 532 494 287 449 542 556 678 410 317 417 457 150 655 317 488 641 545 374 0 419 655 746 346 516 332 612 1327 57 177 189 485 634 627 728 704 225 537 747 127
697 130 212 334 290 342 437 137 296 134 559 543 569 690 181 669 145 143 361 495 632 581 476 114 536 330 527 290 309 382 335 406 378 465 499 262 79 458 363 324 84 722 630 683 701 484 733 525 591 164 117 556 718 166 315 301 679 586 622 726 421 324 522 757 264 214 390 419 0 278 369 126 247 536 235 1699 428 328 340 117 258 250 351 327 430 169 386 499
886 231 448 570 97 578 672 322 202 234 748 732 804 879 286 858 245 338 107 684 821 770 702 214 725 566 762 146 545 356 309 380 566 691 735 118 250 694 598 180 333 910 818 871 889 720 922 761 779 308 197 745 907 175 176 84 867 774 858 915 656 70 758 946 103 223 364 655 278 0 163 331 250 772 90 1904 664 564 576 220 113 106 206 183 666 286 147 705
943 321 539 661 153 669 763 413 259 325 805 789 895 935 377 914 336 429 164 741 877 827 758 305 781 636 853 125 636 413 366 437 623 747 826 123 341 785 689 99 424 967 875 928 946 811 978 852 836 399 288 801 963 266 232 141 924 831 948 972 747 126 848 1002 177 314 421 746 369 163 0 422 306 863 153 1961 728 634 666 310 140 135 185 162 756 377 66 761
624 132 139 261 343 269 363 213 349 187 486 470 495 617 76 596 111 57 414 422 559 508 402 134 463 257 453 343 236 435 388 459 304 391 426 315 155 385 289 377 65 648 556 609 627 411 660 452 517 239 170 483 644 219 368 354 605 512 549 653 347 377 449 683 317 267 443 346 126 331 422 0 300 463 288 1625 355 255 267 172 311 303 404 380 357 239 439 425
696 200 417 450 240 458 534 291 80 203 558 542 685 689 255 668 214 307 180 494 630 580 512 183 535 389 643 269 425 166 119 190 376 501 615 241 219 569 479 302 302 720 628 681 699 600 732 641 589 277 166 555 716 112 100 227 677 584 738 725 536 198 638 755 242 59 174 516 247 250 306 300 0 652 213 1714 482 387 456 188 236 228 329 306 546 255 290 514
663 573 364 300 784 218 315 623 672 628 525 510 390 656 517 635 552 480 772 462 598 547 417 575 502 296 75 784 252 533 565 499 344 406 103 756 565 280 329 818 475 688 596 649 667 148 699 118 557 650 611 522 684 660 692 795 645 552 113 692 242 791 81 723 758 680 510 332 536 772 863 463 652 0 729 1640 370 294 220 602 752 744 845 821 252 654 880 441
878 188 405 527 103 535 629 279 262 191 740 724 761 871 243 850 202 295 174 676 813 762 668 171 717 523 719 74 502 349 301 373 559 657 692 73 207 651 555 108 290 902 811 863 882 677 914 718 771 265 154 737 899 132 242 114 860 767 815 907 613 137 715 938 77 180 357 612 235 90 153 288 213 729 0 1891 621 521 533 176 68 61 135 112 623 243 170 691
1626 1736 1526 1408 1895 1471 1344 1785 1735 1790 1488 1472 1673 1619 1680 1598 1714 1642 1835 1424 1561 1510 1322 1738 1465 1419 1631 1946 1438 1595 1627 1561 1355 1311 1603 1919 1727 1380 1360 1980 1637 1650 1559 1611 1629 1589 1662 1629 1519 1812 1773 1485 1647 1795 1754 1882 1608 1514 1726 1655 1459 1853 1626 1686 1919 1743 1572 1327 1699 1904 1961 1625 1714 1640 1891 0 1292 1417 1468 1764 1914 1906 2007 1984 1534 1817 1944 1242
394 465 256 137 662 200 74 515 502 520 256 240 402 387 409 365 444 372 602 192 328 278 70 467 232 186 361 676 167 363 395 329 122 59 333 648 457 110 90 710 367 418 326 379 397 318 430 359 287 542 503 253 414 552 522 650 375 282 456 423 189 621 356 453 650 510 339 57 428 664 728 355 482 370 621 1292 0 184 198 494 644 636 737 713 264 546 712 93
398 365 156 92 568 100 194 415 407 419 260 245 327 391 309 370 344 271 507 197 333 282 214 367 237 18 285 576 67 268 300 234 79 203 257 548 356 216 120 610 267 423 331 384 402 242 434 283 292 441 403 257 419 451 427 555 380 287 380 427 178 526 280 458 550 415 245 177 328 564 634 255 387 294 521 1417 184 0 98 394 543 536 636 613 188 446 617 217
467 377 168 104 588 30 177 427 476 431 329 313 253 460 321 439 356 283 576 265 402 351 245 379 306 100 211 588 56 337 369 303 147 235 183 560 368 142 133 622 279 491 399 452 470 168 503 209 360 453 415 326 488 463 496 599 448 355 306 496 104 595 206 527 562 484 313 189 340 576 666 267 456 220 533 1468 198 98 0 406 555 548 648 625 114 458 684 269
763 72 278 400 232 408 503 164 237 75 625 609 635 756 128 735 86 179 303 561 698 647 542 55 602 396 593 232 375 324 277 348 444 531 565 204 91 524 429 266 150 787 696 749 767 550 799 591 656 149 59 622 784 107 257 243 745 652 688 792 487 266 588 823 206 156 332 485 117 220 310 172 188 602 176 1764 494 394 406 0 199 192 292 269 496 128 328 565
901 210 428 550 126 558 652 302 285 214 763 747 784 894 266 873 225 318 197 699 836 785 691 194 740 545 742 62 525 371 324 395 581 680 715 60 229 674 578 96 313 925 833 886 904 700 937 741 794 288 177 760 921 155 265 136 882 789 837 930 636 159 737 960 99 203 379 634 258 113 140 311 236 752 68 1914 644 543 555 199 0 72 122 99 645 266 157 714
894 203 420 542 118 550 645 295 277 206 756 740 777 886 259 865 217 310 189 692 828 778 684 186 732 538 735 57 517 364 317 388 574 673 707 55 222 666 571 91 306 918 826 879 897 692 929 733 787 280 169 752 914 147 258 129 875 782 830 923 629 152 730 953 92 196 372 627 250 106 135 303 228 744 61 1906 636 536 548 192 72 0 117 94 638 259 152 707
994 303 521 643 219 651 745 395 378 307 856 840 877 987 359 966 318 411 290 792 929 878 784 287 833 638 835 87 618 464 417 488 674 773 808 105 323 767 671 141 406 1018 926 979 997 793 1030 834 887 381 270 853 1015 248 358 229 975 882 930 1023 729 252 830 1054 193 296 472 728 351 206 185 404 329 845 135 2007 737 636 648 292 122 117 0 46 738 359 203 807
971 280 498 619 195 627 722 372 355 283 833 817 854 964 336 942 294 388 266 769 905 855 761 263 809 615 812 63 594 441 394 465 651 750 784 82 299 743 648 118 383 995 903 956 974 770 1006 810 864 357 247 829 991 225 335 206 952 859 907 1000 706 229 807 1030 169 273 449 704 327 183 162 380 306 821 112 1984 713 613 625 269 99 94 46 0 715 336 179 784
557 467 258 194 678 112 209 517 566 521 419 403 263 550 411 529 446 373 666 355 492 441 311 469 396 190 242 678 146 427 459 393 237 300 215 650 458 174 223 712 369 581 490 542 560 200 593 241 450 543 505 416 578 553 586 689 539 445 337 586 136 685 237 617 652 574 403 225 430 666 756 357 546 252 623 1534 264 188 114 496 645 638 738 715 0 548 774 334
815 139 331 452 299 460 555 76 304 79 678 662 687 808 194 787 153 246 370 614 750 699 594 122 654 448 645 299 427 390 343 414 496 583 617 271 158 576 481 333 202 840 748 801 819 603 851 643 709 61 125 674 836 174 324 309 797 704 740 844 539 332 640 875 273 222 398 537 169 286 377 239 255 654 243 1817 546 446 458 128 266 259 359 336 548 0 394 617
926 339 556 678 137 686 764 430 242 342 788 772 912 919 394 898 353 446 147 724 861 810 742 322 765 619 871 142 653 396 349 421 606 731 843 141 358 800 706 105 441 950 859 911 929 828 962 869 819 416 305 785 947 283 216 124 908 814 966 955 764 110 866 986 161 318 404 747 386 147 66 439 290 880 170 1944 712 617 684 328 157 152 203 179 774 394 0 745
426 536 327 208 695 271 145 585 535 590 289 273 473 419 480 398 515 442 635 225 361 311 123 538 265 219 431 747 238 396 427 361 155 112 404 719 527 180 161 781 438 451 359 412 430 389 462 430 320 612 574 285 447 595 555 682 408 315 526 455 259 653 426 486 719 543 372 127 499 705 761 425 514 441 691 1242 93 217 269 565 714 707 807 784 334 617 745 0
EOF