NAME : tsp_problem
TYPE : TSP
DIMENSION : 74
EDGE_WEIGHT_TYPE : EXPLICIT
EDGE_WEIGHT_FORMAT : FULL_MATRIX
EDGE_WEIGHT_SECTION
0 940 749 137 911 188 569 774 804 734 407 989 671 307 827 127 301 83 1961 806 188 897 555 796 447 957 671 206 317 760 968 837 523 710 379 313 952 181 915 972 424 638 978 946 759 831 973 352 722 77 327 289 878 188 758 401 90 333 483 194 164 717 194 916 759 752 609 844 649 789 802 969 599 120
887 0 492 837 70 938 342 245 547 343 655 148 414 680 298 779 684 886 1570 277 826 640 379 267 465 700 413 769 668 172 710 580 479 391 622 707 134 932 97 154 568 380 138 688 189 194 155 757 331 831 732 701 349 938 229 755 886 673 424 945 915 385 802 75 368 495 317 315 391 260 273 151 398 787
749 545 0 629 516 729 239 378 182 182 434 594 193 460 432 675 576 747 1459 411 617 275 276 401 361 335 102 560 565 365 345 215 258 198 402 487 557 723 519 577 347 137 583 323 364 436 578 537 199 728 512 564 482 729 363 534 677 452 321 736 706 192 699 521 236 35 203 449 126 394 407 573 178 684
137 890 629 0 861 117 520 724 684 630 286 939 551 186 778 152 180 135 1906 757 67 777 505 747 397 837 550 85 196 711 847 717 402 589 259 192 902 111 865 923 303 517 929 825 710 782 924 231 647 185 206 168 828 117 709 280 65 213 434 124 94 596 219 866 684 632 559 795 528 740 752 919 478 144
945 180 550 895 0 996 400 302 605 401 713 102 472 738 356 837 742 944 1628 335 884 698 437 325 522 758 471 826 726 230 768 637 537 449 680 765 192 989 155 212 626 438 92 746 247 252 213 815 389 889 790 759 406 996 287 812 944 731 482 1002 972 443 860 156 425 553 375 373 449 318 331 209 456 845
188 991 729 117 962 0 620 825 784 730 386 1040 651 287 878 252 280 185 2007 857 168 877 606 847 498 937 651 186 296 811 947 817 502 690 359 292 1003 43 966 1023 404 618 1029 925 811 882 1024 331 747 235 307 268 929 70 809 381 115 313 534 76 46 696 319 967 784 732 660 895 629 840 853 1020 579 244
569 395 239 520 366 620 0 229 294 190 402 444 161 427 282 461 366 569 1417 261 508 387 61 252 147 447 160 451 350 215 457 327 226 200 369 454 407 614 370 427 315 127 434 435 215 287 428 504 177 513 480 384 333 620 213 502 568 420 106 627 597 206 484 371 214 242 64 300 139 244 257 424 145 469
774 298 378 724 268 825 229 0 433 230 542 346 300 567 82 665 571 773 1457 72 713 527 266 84 351 587 300 655 555 118 597 466 365 278 509 594 310 818 272 330 455 267 336 575 117 189 331 644 218 718 619 588 133 825 91 641 773 560 311 831 801 272 689 274 254 381 204 99 278 95 84 326 285 674
804 600 182 684 571 784 294 433 0 303 489 649 248 515 487 730 631 802 1580 466 672 330 331 456 416 225 157 615 620 420 235 157 313 287 457 542 612 778 574 632 402 192 638 213 419 491 633 592 320 783 567 619 537 784 418 589 732 507 376 791 761 293 754 576 357 185 258 504 181 449 462 628 233 739
734 396 182 630 367 730 190 230 303 0 436 445 110 461 283 626 531 734 1298 262 619 396 227 253 312 456 194 561 516 216 466 336 259 69 403 488 408 724 371 428 348 161 435 444 216 288 429 538 38 679 513 549 334 731 214 535 678 453 272 737 707 63 650 372 75 185 165 301 172 245 258 425 179 634
407 708 434 286 679 386 402 542 489 436 0 757 356 149 595 360 234 404 1712 574 275 582 439 564 451 643 356 217 250 528 653 522 208 395 194 130 720 380 683 740 140 323 746 631 528 599 741 153 453 397 169 222 646 387 526 116 334 96 484 393 363 402 427 684 489 437 366 612 334 557 570 737 284 351
865 100 469 815 71 916 320 222 524 321 633 0 391 658 276 756 662 864 1548 255 804 618 357 245 442 678 391 746 646 150 688 557 456 369 600 685 112 909 75 132 546 358 138 666 167 172 133 735 309 809 710 679 326 916 207 732 864 650 402 922 892 362 780 76 345 472 295 293 369 238 250 129 376 765
671 467 193 551 438 651 161 300 248 110 356 516 0 382 354 597 498 669 1387 333 540 341 198 323 283 401 115 482 487 287 411 281 180 70 324 409 479 645 442 499 269 82 505 389 286 358 500 459 128 650 434 486 404 651 285 456 599 374 243 658 628 76 621 443 164 196 125 371 93 316 329 496 100 606
307 733 460 186 704 287 427 567 515 461 149 782 382 0 620 260 134 305 1738 599 175 608 459 590 352 668 381 117 150 554 678 548 233 421 90 55 745 280 708 765 134 348 772 656 553 625 767 94 478 298 69 122 671 287 552 144 235 76 388 293 263 427 327 709 515 463 392 638 359 582 595 762 310 252
827 351 432 778 322 878 282 82 487 283 595 400 354 620 0 719 624 827 1510 39 767 580 319 51 405 640 353 709 608 171 650 520 419 331 562 647 363 872 326 383 508 320 389 628 171 242 384 697 271 771 673 642 78 878 100 695 826 613 364 885 855 325 742 327 308 435 257 45 332 62 51 380 338 727
127 832 675 152 803 252 461 665 730 626 360 881 597 260 719 0 243 126 1853 698 104 823 447 688 339 883 597 159 227 652 894 763 476 636 332 266 844 246 806 864 377 564 870 872 651 723 865 305 614 71 280 242 769 253 650 354 187 286 375 259 229 643 86 808 651 678 501 736 575 681 694 861 552 27
301 737 576 180 708 280 366 571 631 531 234 786 498 134 624 243 0 298 1758 603 169 724 352 593 244 784 498 111 57 557 795 664 350 537 206 140 749 274 712 769 251 465 775 773 557 628 770 179 519 291 154 91 675 281 555 228 228 160 280 287 257 544 266 713 556 579 406 641 476 586 599 766 426 245
83 939 747 135 910 185 569 773 802 734 404 988 669 305 827 126 298 0 1961 806 186 895 554 796 446 955 669 204 314 760 965 835 520 708 377 310 951 179 914 972 422 636 978 943 759 831 973 349 722 77 325 286 877 186 758 399 87 331 483 192 162 714 194 915 758 750 608 844 647 789 801 968 597 120
1961 1623 1459 1906 1594 2007 1417 1457 1580 1298 1712 1672 1387 1738 1510 1853 1758 1961 0 1489 1895 1673 1454 1479 1539 1733 1471 1838 1743 1443 1743 1613 1536 1346 1680 1764 1635 2001 1598 1655 1625 1438 1661 1721 1443 1514 1656 1814 1286 1905 1790 1776 1561 2007 1441 1812 1955 1730 1499 2014 1984 1340 1876 1599 1322 1462 1391 1527 1449 1472 1485 1652 1456 1861
806 330 411 757 301 857 261 72 466 262 574 379 333 599 39 698 603 806 1489 0 746 559 298 41 384 619 332 688 587 150 629 499 398 310 541 626 342 851 305 362 487 299 368 607 150 221 363 676 250 750 652 621 90 857 90 674 805 592 343 864 834 304 721 306 287 414 236 56 311 52 41 359 317 706
188 879 617 67 850 168 508 713 672 619 275 928 540 175 767 104 169 186 1895 746 0 766 494 736 386 826 539 74 185 700 836 705 391 578 247 181 891 161 854 911 292 506 918 814 699 771 913 220 636 142 195 157 817 168 698 269 116 202 423 174 144 585 171 855 672 620 548 784 517 729 741 908 467 98
897 693 275 777 664 877 387 527 330 396 582 742 341 608 580 823 724 895 1673 559 766 0 424 549 509 483 250 708 713 513 493 363 406 380 550 635 705 871 668 725 495 285 731 471 512 584 726 685 413 876 660 712 630 877 511 682 825 600 469 884 854 386 847 669 450 278 351 597 274 542 555 722 326 832
555 432 276 505 403 606 61 266 331 227 439 481 198 459 319 447 352 554 1454 298 494 424 0 289 132 484 198 436 336 253 494 364 263 237 407 465 444 599 407 464 352 165 471 472 252 324 466 504 214 499 479 369 370 606 251 539 554 457 92 612 582 243 470 408 251 279 101 337 176 282 294 461 182 455
796 320 401 747 291 847 252 84 456 253 564 369 323 590 51 688 593 796 1479 41 736 549 289 0 374 609 323 678 578 141 619 489 388 300 532 617 332 841 295 352 477 290 359 597 140 212 354 667 240 741 642 611 102 848 102 664 795 582 334 854 824 294 712 296 277 404 226 68 301 64 53 349 308 696
447 518 361 397 488 498 147 351 416 312 451 566 283 352 405 339 244 446 1539 384 386 509 132 374 0 569 283 329 228 338 580 449 348 322 424 357 530 492 492 550 437 250 556 558 337 409 551 396 300 391 372 261 455 498 336 446 446 378 95 505 475 328 362 494 336 364 187 422 261 367 379 546 268 347
957 753 335 837 724 937 447 587 225 456 643 802 401 668 640 883 784 955 1733 619 826 483 484 609 569 0 310 768 773 573 95 200 466 440 610 695 765 931 728 785 555 345 791 91 572 644 786 745 473 936 720 772 691 938 571 742 885 660 529 944 914 446 907 729 510 338 411 657 334 602 615 782 386 892
671 466 102 550 437 651 160 300 157 194 356 515 115 381 353 597 498 669 1471 332 539 250 198 323 283 310 0 481 486 287 321 190 180 154 323 408 478 644 441 498 269 58 505 299 286 358 500 458 211 649 433 486 404 651 285 456 599 374 242 657 627 160 620 442 248 105 125 371 48 316 328 495 99 605
206 821 560 85 792 186 451 655 615 561 217 870 482 117 709 159 111 204 1838 688 74 708 436 678 329 768 481 0 127 642 778 648 333 521 190 123 834 179 796 854 234 448 860 756 641 713 855 162 578 197 137 99 759 186 640 211 134 144 365 192 162 527 226 797 615 563 490 726 459 671 683 850 410 151
317 721 565 196 692 296 350 555 620 516 250 770 487 150 608 227 57 314 1743 587 185 713 336 578 228 773 486 127 0 541 783 653 366 526 222 156 733 290 696 753 267 453 760 761 541 613 754 195 503 279 170 75 659 297 539 244 244 176 265 303 273 532 250 697 540 568 390 626 465 570 583 750 442 235
760 225 365 711 196 811 215 118 420 216 528 274 287 554 171 652 557 760 1443 150 700 513 253 141 338 573 287 642 541 0 583 453 352 264 496 580 237 805 200 257 441 254 264 561 63 117 259 630 204 704 606 575 222 812 102 628 759 546 297 818 788 258 675 201 241 368 190 188 265 133 146 254 272 660
968 763 345 847 734 947 457 597 235 466 653 812 411 678 650 894 795 965 1743 629 836 493 494 619 580 95 321 778 783 583 0 210 477 450 620 705 775 941 738 795 566 355 801 109 583 654 796 755 483 946 730 783 701 948 581 752 895 671 539 954 924 457 917 739 520 348 421 667 344 612 625 792 396 902
837 633 215 717 603 817 327 466 157 336 522 682 281 548 520 763 664 835 1613 499 705 363 364 489 449 200 190 648 653 453 210 0 346 320 490 574 645 811 607 665 435 225 671 188 452 524 666 624 353 816 600 652 570 817 451 622 765 540 409 824 794 326 787 609 390 218 291 537 214 482 494 661 266 772
523 532 258 402 503 502 226 365 313 259 208 581 180 233 419 476 350 520 1536 398 391 406 263 388 348 466 180 333 366 352 477 346 0 219 175 260 544 496 507 564 121 147 570 455 351 423 565 310 276 513 285 338 469 503 350 307 450 226 308 509 479 225 543 508 313 261 190 436 158 381 394 561 108 467
710 444 198 589 415 690 200 278 287 69 395 493 70 421 331 636 537 708 1346 310 578 380 237 300 322 440 154 521 526 264 450 320 219 0 363 447 456 684 419 476 308 121 482 428 263 335 477 497 86 689 473 525 382 690 262 495 638 413 282 697 667 35 660 420 123 201 164 348 132 293 306 473 139 644
379 675 402 259 646 359 369 509 457 403 194 724 324 90 562 332 206 377 1680 541 247 550 407 532 424 610 323 190 222 496 620 490 175 363 0 128 687 353 650 707 76 290 714 598 495 567 709 166 420 370 142 194 613 359 494 216 307 148 451 366 336 369 399 651 457 405 334 580 302 525 537 704 252 324
313 760 487 192 731 292 454 594 542 488 130 809 409 55 647 266 140 310 1764 626 181 635 465 617 357 695 408 123 156 580 705 574 260 447 128 0 772 286 735 792 172 375 799 683 580 652 793 100 505 303 75 128 698 293 578 149 240 82 394 299 269 454 333 736 542 490 418 664 386 609 622 789 336 257
947 81 552 898 131 998 403 305 607 404 715 209 474 741 358 839 744 947 1631 337 887 700 440 328 525 760 474 829 729 233 771 640 539 451 683 768 0 992 73 130 628 441 198 749 250 255 69 818 391 892 793 762 409 999 290 815 946 733 485 1005 975 445 863 136 428 555 377 376 452 321 333 68 459 847
181 985 723 111 955 43 614 818 778 724 380 1033 645 280 872 246 274 179 2001 851 161 871 599 841 492 931 644 179 290 805 941 811 496 684 353 286 997 0 959 1017 397 611 1023 919 804 876 1018 325 741 229 300 262 922 63 803 374 109 307 528 70 40 690 313 960 778 726 654 889 622 834 846 1013 573 238
1022 156 627 973 205 1073 477 380 682 478 790 283 549 815 433 914 819 1022 1705 412 962 775 514 402 600 835 548 904 803 308 845 715 614 526 757 842 168 1067 0 84 703 515 273 823 324 329 189 892 466 966 868 837 484 1073 364 890 1021 808 559 1080 1050 520 937 210 503 630 452 450 527 395 408 185 533 922
968 102 572 918 151 1019 423 325 627 424 736 229 495 761 379 860 765 967 1651 358 907 721 460 348 545 781 494 849 749 253 791 660 560 472 703 788 114 1012 93 0 649 461 218 769 270 275 135 838 412 912 813 782 429 1019 310 835 967 754 505 1025 995 466 883 156 448 575 398 396 472 341 353 131 479 868
424 621 347 303 592 404 315 455 402 348 140 670 269 134 508 377 251 422 1625 487 292 495 352 477 437 555 269 234 267 441 566 435 121 308 76 172 633 397 596 653 0 236 659 544 440 512 654 211 365 415 186 239 559 404 439 239 352 158 397 410 380 314 444 597 402 350 279 525 247 470 483 650 197 369
638 433 137 517 404 618 127 267 192 161 323 482 82 348 320 564 465 636 1438 299 506 285 165 290 250 345 58 448 453 254 355 225 147 121 290 375 445 611 408 465 236 0 472 333 253 325 467 425 178 616 400 453 371 618 252 423 566 341 209 624 594 127 587 409 215 140 92 338 42 283 295 462 66 572
875 110 480 826 81 926 330 233 535 331 643 159 402 668 286 767 672 875 1558 265 815 628 367 255 453 688 402 757 656 161 698 568 467 379 611 695 122 920 85 143 556 368 0 676 177 182 144 745 319 819 721 690 337 926 217 743 874 661 412 933 903 373 790 86 356 483 305 303 380 248 261 139 386 775
946 741 323 825 712 925 435 575 213 444 631 790 389 656 628 872 773 943 1721 607 814 471 472 597 558 91 299 756 761 561 109 188 455 428 598 683 753 919 716 773 544 333 779 0 561 632 774 733 461 924 708 761 679 926 559 730 873 649 517 932 902 435 895 717 498 326 399 645 322 590 603 770 374 880
759 242 364 710 213 811 215 117 419 216 528 291 286 553 171 651 557 759 1443 150 699 512 252 140 337 572 286 641 541 63 583 452 351 263 495 580 254 804 217 274 440 253 281 561 0 134 275 630 203 704 605 574 221 811 102 627 759 545 297 817 787 257 675 218 240 367 190 188 264 133 145 271 271 660
831 247 436 782 218 882 287 189 491 288 599 296 358 625 242 723 628 831 1514 221 771 584 324 212 409 644 358 713 613 117 654 524 423 335 567 652 259 876 222 279 512 325 285 632 134 0 280 702 275 776 677 646 293 883 174 699 830 617 369 889 859 329 747 223 312 439 261 260 336 205 217 276 343 731
969 103 573 919 152 1020 424 326 628 425 737 230 495 762 380 860 766 968 1652 359 908 722 461 349 546 782 495 850 750 254 792 661 560 473 704 789 69 1013 94 151 650 462 219 770 271 276 0 839 413 913 814 783 430 1020 311 836 968 755 506 1026 996 467 884 157 449 576 399 397 473 342 354 45 480 869
352 810 537 231 781 331 504 644 592 538 153 859 459 94 697 305 179 349 1814 676 220 685 504 667 396 745 458 162 195 630 755 624 310 497 166 100 822 325 785 842 211 425 849 733 630 702 843 0 555 342 62 167 748 332 628 73 279 121 433 338 308 504 372 786 592 540 468 714 436 659 672 839 386 296
722 384 199 647 355 747 177 218 320 38 453 433 128 478 271 614 519 722 1286 250 636 413 214 240 300 473 211 578 503 204 483 353 276 86 420 505 396 741 359 416 365 178 422 461 203 275 417 555 0 666 530 537 322 748 202 552 695 470 259 754 724 80 637 360 46 202 152 288 189 233 246 413 196 622
77 884 728 185 855 235 513 718 783 679 397 933 650 298 771 71 291 77 1905 750 142 876 499 741 391 936 649 197 279 704 946 816 513 689 370 303 896 229 859 916 415 616 923 924 704 776 917 342 666 0 318 279 822 235 702 392 137 324 428 242 212 695 138 860 703 731 553 788 628 733 746 913 590 65
327 785 512 206 756 307 480 619 567 513 169 834 434 69 673 280 154 325 1790 652 195 660 479 642 372 720 433 137 170 606 730 600 285 473 142 75 797 300 760 818 186 400 824 708 605 677 819 62 530 318 0 142 723 307 604 102 255 96 408 313 283 479 347 761 567 515 444 690 412 635 647 814 362 272
289 754 564 168 725 268 384 588 619 549 222 803 486 122 642 242 91 286 1776 621 157 712 369 611 261 772 486 99 75 575 783 652 338 525 194 128 766 262 729 787 239 453 793 761 574 646 788 167 537 279 142 0 692 269 573 216 216 148 298 275 245 532 284 730 573 567 423 659 464 604 616 783 414 233
878 401 482 828 372 929 333 133 537 334 646 450 404 671 78 769 675 877 1561 90 817 630 370 102 455 691 404 759 659 222 701 570 469 382 613 698 414 922 376 434 559 371 440 679 221 293 435 748 322 822 723 692 0 929 151 745 877 663 415 935 905 375 793 377 358 485 308 95 382 112 101 430 389 778
188 991 729 117 962 70 620 825 784 731 387 1040 651 287 878 253 281 186 2007 857 168 877 606 848 498 938 651 186 297 812 948 817 503 690 359 293 1003 63 966 1023 404 618 1030 926 811 883 1025 332 748 235 307 269 929 0 810 381 116 313 535 33 41 697 320 967 784 732 660 896 629 840 853 1020 579 244
758 282 363 709 253 809 213 91 418 214 526 331 285 552 100 650 555 758 1441 90 698 511 251 102 336 571 285 640 539 102 581 451 350 262 494 578 294 803 257 314 439 252 320 559 102 174 315 628 202 702 604 573 151 810 0 626 757 544 295 816 786 256 673 258 239 366 188 117 263 107 102 311 270 658
401 807 534 280 778 381 502 641 589 535 116 856 456 144 695 354 228 399 1812 674 269 682 539 664 446 742 456 211 244 628 752 622 307 495 216 149 819 374 782 840 239 423 846 730 627 699 841 73 552 392 102 216 745 381 626 0 329 170 482 387 357 501 421 783 589 537 466 712 434 657 669 836 384 346
90 939 677 65 910 115 568 773 732 678 334 988 599 235 826 187 228 87 1955 805 116 825 554 795 446 885 599 134 244 759 895 765 450 638 307 240 951 109 914 971 352 566 977 873 759 830 972 279 695 137 255 216 877 116 757 329 0 261 482 122 92 644 254 915 732 680 608 843 577 788 801 968 527 181
333 726 452 213 697 313 420 560 507 453 96 775 374 76 613 286 160 331 1730 592 202 600 457 582 378 660 374 144 176 546 671 540 226 413 148 82 738 307 701 758 158 341 764 649 545 617 759 121 470 324 96 148 663 313 544 170 261 0 415 320 290 419 354 702 507 455 384 630 352 575 588 755 302 278
483 477 321 434 448 534 106 311 376 272 484 526 243 388 364 375 280 483 1499 343 423 469 92 334 95 529 242 365 265 297 539 409 308 282 451 394 489 528 452 509 397 209 516 517 297 369 510 433 259 428 408 298 415 535 295 482 482 415 0 541 511 288 399 453 296 324 146 381 221 326 339 506 227 383
194 998 736 124 968 76 627 831 791 737 393 1046 658 293 885 259 287 192 2014 864 174 884 612 854 505 944 657 192 303 818 954 824 509 697 366 299 1010 70 972 1030 410 624 1036 932 817 889 1031 338 754 242 313 275 935 33 816 387 122 320 541 0 47 703 326 974 791 739 667 902 636 847 859 1026 586 251
164 968 706 94 938 46 597 801 761 707 363 1016 628 263 855 229 257 162 1984 834 144 854 582 824 475 914 627 162 273 788 924 794 479 667 336 269 980 40 942 1000 380 594 1006 902 787 859 1001 308 724 212 283 245 905 41 786 357 92 290 511 47 0 673 296 944 761 709 637 872 606 817 829 996 556 221
717 438 192 596 409 696 206 272 293 63 402 487 76 427 325 643 544 714 1340 304 585 386 243 294 328 446 160 527 532 258 457 326 225 35 369 454 450 690 413 470 314 127 476 435 257 329 471 504 80 695 479 532 375 697 256 501 644 419 288 703 673 0 666 414 117 195 170 342 138 287 300 467 145 651
194 855 699 219 826 319 484 689 754 650 427 904 621 327 742 86 266 194 1876 721 171 847 470 712 362 907 620 226 250 675 917 787 543 660 399 333 867 313 830 887 444 587 893 895 675 747 888 372 637 138 347 284 793 320 673 421 254 354 399 326 296 666 0 831 674 702 524 759 599 704 717 884 605 94
938 174 543 889 145 989 394 296 598 395 707 96 465 732 350 830 735 938 1622 329 878 691 431 319 516 751 465 820 720 224 762 631 530 442 674 759 186 983 149 206 619 432 86 740 241 246 207 809 382 883 784 753 400 990 281 806 938 724 476 996 966 436 854 0 419 546 369 367 443 312 324 203 450 839
759 420 236 684 391 784 214 254 357 75 489 469 164 515 308 651 556 758 1322 287 672 450 251 277 336 510 248 615 540 241 520 390 313 123 457 542 433 778 395 453 402 215 459 498 240 312 454 592 46 703 567 573 358 784 239 589 732 507 296 791 761 117 674 396 0 239 189 325 226 270 282 449 233 659
752 548 35 632 519 732 242 381 185 185 437 597 196 463 435 678 579 750 1462 414 620 278 279 404 364 338 105 563 568 368 348 218 261 201 405 490 560 726 522 580 350 140 586 326 367 439 581 540 202 731 515 567 485 732 366 537 680 455 324 739 709 195 702 524 239 0 206 452 129 397 410 576 181 687
609 370 203 559 341 660 64 204 258 165 366 419 125 392 257 501 406 608 1391 236 548 351 101 226 187 411 125 490 390 190 421 291 190 164 334 418 382 654 345 402 279 92 408 399 190 261 403 468 152 553 444 423 308 660 188 466 608 384 146 667 637 170 524 346 189 206 0 274 103 219 232 399 110 509
844 368 449 795 339 895 300 99 504 301 612 417 371 638 45 736 641 844 1527 56 784 597 337 68 422 657 371 726 626 188 667 537 436 348 580 664 380 889 343 400 525 338 407 645 188 260 401 714 288 788 690 659 95 896 117 712 843 630 381 902 872 342 759 344 325 452 274 0 349 79 68 397 356 744
649 444 126 528 415 629 139 278 181 172 334 493 93 359 332 575 476 647 1449 311 517 274 176 301 261 334 48 459 465 265 344 214 158 132 302 386 456 622 419 477 247 42 483 322 264 336 478 436 189 628 412 464 382 629 263 434 577 352 221 636 606 138 599 420 226 129 103 349 0 294 306 473 77 583
789 313 394 740 284 840 244 95 449 245 557 362 316 582 62 681 586 789 1472 52 729 542 282 64 367 602 316 671 570 133 612 482 381 293 525 609 325 834 288 345 470 283 351 590 133 205 346 659 233 733 635 604 112 840 107 657 788 575 326 847 817 287 704 289 270 397 219 79 294 0 63 342 300 689
802 326 407 752 297 853 257 84 462 258 570 375 329 595 51 694 599 801 1485 41 741 555 294 53 379 615 328 683 583 146 625 494 394 306 537 622 338 846 300 358 483 295 364 603 145 217 359 672 246 746 647 616 101 853 102 669 801 588 339 859 829 300 717 302 282 410 232 68 306 63 0 354 313 702
964 98 569 915 147 1015 419 322 624 421 732 225 491 758 375 856 761 964 1647 354 904 717 457 345 542 777 491 846 745 250 787 657 556 468 700 784 68 1009 90 147 645 458 215 765 267 271 45 834 408 908 810 779 426 1016 306 832 963 750 501 1022 992 462 879 152 445 572 394 392 469 337 350 0 476 864
599 451 178 478 422 579 145 285 233 179 284 500 100 310 338 552 426 597 1456 317 467 326 182 308 268 386 99 410 442 272 396 266 108 139 252 336 463 573 426 483 197 66 490 374 271 343 485 386 196 590 362 414 389 579 270 384 527 302 227 586 556 145 605 427 233 181 110 356 77 300 313 480 0 544
120 840 684 144 811 244 469 674 739 634 351 889 606 252 727 27 245 120 1861 706 98 832 455 696 347 892 605 151 235 660 902 772 467 644 324 257 852 238 815 872 369 572 878 880 660 731 873 296 622 65 272 233 778 244 658 346 181 278 383 251 221 651 94 816 659 687 509 744 583 689 702 869 544 0
EOF