NAME : tsp_problem
TYPE : TSP
DIMENSION : 62
EDGE_WEIGHT_TYPE : EXPLICIT
EDGE_WEIGHT_FORMAT : FULL_MATRIX
EDGE_WEIGHT_SECTION
0 576 630 467 247 382 171 78 271 281 309 434 375 444 285 118 257 606 79 384 56 312 265 637 54 300 85 233 156 444 178 287 419 613 237 419 394 168 95 407 120 289 188 260 419 568 89 214 128 242 323 127 257 348 217 342 177 600 203 301 84 631
576 0 80 1002 737 917 661 568 350 336 299 969 865 271 775 540 792 77 614 919 551 847 756 87 599 835 518 724 460 979 669 822 246 63 772 954 232 658 585 942 611 324 678 796 246 158 560 724 618 732 858 545 747 838 747 326 667 201 713 836 575 101
630 80 0 1056 792 971 715 622 405 390 353 1023 919 325 829 594 846 131 668 973 606 901 810 63 654 889 573 778 515 1033 723 876 300 40 826 1008 286 712 639 997 665 378 732 850 300 212 614 778 672 787 912 599 801 892 801 380 721 255 767 890 629 155
394 929 983 0 612 342 536 443 636 646 674 112 740 809 650 423 324 960 332 61 421 379 631 990 369 367 450 599 521 200 544 246 785 966 305 175 759 533 460 85 457 654 553 149 784 872 394 419 446 607 391 431 622 713 422 707 424 905 409 111 450 958
247 737 792 685 0 600 188 195 433 442 471 652 170 605 137 336 475 768 297 602 223 530 157 798 272 518 247 138 317 662 195 505 581 775 455 637 555 185 257 626 282 451 205 479 581 737 308 371 290 147 541 345 162 365 394 503 285 819 360 519 190 792
382 917 971 414 600 0 524 431 624 634 662 381 728 797 638 411 313 948 320 331 409 367 619 978 357 355 438 587 509 391 532 172 773 955 293 366 747 521 448 355 445 642 541 208 772 860 382 407 434 595 379 419 610 701 410 695 412 893 397 248 438 946
171 661 715 609 188 524 0 119 356 366 394 576 316 529 225 260 399 692 221 526 147 454 206 722 196 442 170 174 241 586 24 429 505 698 379 561 479 14 180 549 205 374 129 402 504 661 231 229 194 183 465 268 198 289 252 427 143 742 218 443 113 716
78 568 622 516 195 431 119 0 264 273 302 483 322 436 232 167 306 599 128 433 54 361 213 629 103 349 77 181 148 493 126 336 412 606 286 468 386 116 88 456 113 282 135 310 412 568 139 226 121 190 372 176 205 295 249 334 169 650 215 350 32 623
271 350 405 709 433 624 356 264 0 96 84 676 560 218 470 360 499 381 321 626 247 554 451 411 296 542 214 419 156 686 364 529 194 388 479 661 179 354 281 649 306 104 373 503 194 350 332 419 314 428 565 369 443 533 442 157 362 444 408 543 270 405
281 336 390 719 442 634 366 273 96 0 134 686 570 204 480 370 509 367 331 636 256 564 461 397 305 552 223 429 165 696 374 539 180 373 489 671 141 363 290 659 316 86 383 512 179 336 341 429 323 437 575 378 452 543 452 88 372 430 418 553 280 391
309 299 353 747 471 662 394 302 84 134 0 714 598 166 508 398 537 329 359 664 285 592 489 359 334 580 252 457 194 724 402 567 142 336 517 699 128 391 318 687 344 142 411 540 142 299 369 457 351 466 603 407 480 571 480 194 400 392 446 581 308 353
430 965 1019 197 648 377 572 479 672 682 710 0 775 844 685 458 360 995 368 78 456 415 666 1026 404 403 486 634 556 236 579 281 820 1002 340 210 794 569 496 63 493 690 588 185 820 908 430 455 482 643 426 467 658 749 458 742 460 941 444 147 485 993
375 865 919 813 170 728 316 322 560 570 598 780 0 733 132 464 603 895 424 729 350 658 153 926 399 645 374 213 445 790 323 632 708 902 583 765 683 313 384 753 410 578 332 606 708 865 435 498 417 206 669 472 161 492 521 631 412 946 487 647 317 920
444 271 325 882 605 797 529 436 218 204 166 849 733 0 643 498 672 301 494 799 419 727 624 332 468 714 386 592 328 859 537 702 60 308 652 834 100 526 453 822 479 192 546 675 62 271 504 592 486 600 738 504 615 706 615 153 535 364 581 716 443 326
285 775 829 723 137 638 225 232 470 480 508 690 132 643 0 374 513 805 334 639 260 568 119 836 309 555 284 175 355 700 233 542 618 812 493 675 593 222 294 663 319 488 242 516 618 775 345 408 327 173 579 382 128 402 431 541 322 856 397 557 227 830
118 540 594 496 336 411 260 167 360 370 398 463 464 498 374 0 286 570 107 412 145 340 355 600 93 328 174 322 245 473 267 315 474 577 266 447 459 257 184 436 210 378 277 289 474 483 56 243 217 331 352 41 346 437 246 431 247 515 232 330 174 568
257 792 846 397 475 313 399 306 499 509 537 364 603 672 513 286 0 823 195 314 284 74 493 853 232 62 313 461 384 374 406 217 647 829 63 349 622 396 323 338 320 517 416 191 647 735 257 282 309 470 85 294 485 576 285 570 287 768 271 231 312 821
606 77 131 1033 768 948 692 599 381 367 329 1000 895 301 805 570 823 0 644 949 582 878 786 138 630 865 549 754 491 1010 699 852 277 114 803 985 262 689 616 973 641 354 708 826 277 189 590 754 649 763 889 576 778 869 777 356 698 139 743 867 605 71
79 614 668 405 297 320 221 128 321 331 359 372 424 494 334 107 195 644 0 322 105 250 315 675 53 238 135 283 206 382 228 225 469 651 175 357 444 218 145 345 170 339 237 199 469 557 79 152 178 292 261 116 307 398 155 391 157 590 141 239 134 642
379 914 968 146 597 327 521 428 621 631 659 78 725 794 635 408 309 945 317 0 406 364 616 975 354 352 435 584 506 185 529 231 770 951 289 160 744 518 445 70 442 639 538 134 769 857 379 404 431 592 376 416 607 698 407 692 409 890 394 96 435 943
56 551 606 494 223 409 147 54 247 256 285 461 350 419 260 145 284 582 105 410 0 339 241 612 80 326 61 209 131 471 154 313 395 589 264 446 369 144 71 434 96 265 163 287 395 551 116 209 104 218 350 153 233 323 232 317 152 627 198 328 60 606
312 847 901 452 530 367 454 361 554 564 592 419 658 727 568 340 74 878 250 369 339 0 548 908 287 74 368 516 439 429 461 272 702 884 97 404 677 451 378 392 375 572 471 246 702 790 312 337 364 525 32 349 540 631 340 625 342 823 326 286 367 876
265 756 810 704 157 619 206 213 451 461 489 671 153 624 119 355 493 786 315 620 241 548 0 816 290 536 265 156 336 681 214 523 599 793 473 655 574 203 275 644 300 469 223 497 599 756 326 389 308 165 560 363 148 383 412 521 303 837 378 538 208 811
637 87 63 1063 798 978 722 629 411 397 359 1030 926 332 836 600 853 138 675 980 612 908 816 0 660 896 579 784 521 1040 729 883 307 41 833 1015 293 719 646 1003 671 385 739 856 307 219 620 784 679 793 919 606 808 899 808 387 728 262 773 897 635 162
54 599 654 442 272 357 196 103 296 305 334 409 399 468 309 93 232 630 53 358 80 287 290 660 0 274 110 258 180 419 203 261 444 637 212 394 418 193 120 382 145 314 212 235 444 542 64 189 153 267 298 101 282 372 192 366 193 575 178 276 109 628
300 835 889 440 518 355 442 349 542 552 580 407 645 714 555 328 62 865 238 357 326 74 536 896 274 0 356 504 426 417 449 260 690 872 85 392 664 439 366 380 363 560 458 233 690 778 300 325 352 513 85 337 528 619 328 612 330 810 314 274 355 863
85 518 573 523 247 438 170 77 214 223 252 490 374 386 284 174 313 549 135 440 61 368 265 579 110 356 0 233 108 500 178 343 362 556 293 475 336 167 94 463 120 232 187 316 362 518 145 233 127 242 379 182 256 347 256 284 176 612 222 357 84 573
233 724 778 672 138 587 174 181 419 429 457 639 213 592 175 322 461 754 283 588 209 516 156 784 258 504 233 0 304 649 182 491 567 761 441 623 542 171 243 612 268 437 191 465 567 724 294 357 276 133 528 331 148 351 380 489 271 805 346 506 176 778
156 460 515 594 317 509 241 148 156 165 194 561 445 328 355 245 384 491 206 511 131 439 336 521 180 426 108 304 0 571 249 414 304 498 364 546 278 238 165 534 191 174 258 387 304 460 216 304 198 312 450 253 327 418 327 226 247 554 293 428 155 515
320 855 909 172 538 267 462 369 562 572 600 139 666 735 576 349 250 886 258 88 347 305 556 916 295 293 376 524 447 0 469 172 710 892 230 124 685 459 386 112 383 580 479 75 710 798 320 345 372 533 316 357 548 639 348 633 350 831 334 37 375 884
178 669 723 617 195 532 24 126 364 374 402 584 323 537 233 267 406 699 228 533 154 461 214 729 203 449 178 182 249 594 0 436 512 706 386 568 487 21 188 557 213 382 136 410 512 669 239 236 202 190 473 276 205 296 259 434 150 750 225 451 121 723
287 822 876 319 505 172 429 336 529 539 567 286 632 702 542 315 217 852 225 236 313 272 523 883 261 260 343 491 414 296 436 0 677 859 197 271 652 426 353 259 350 547 445 112 677 765 287 312 339 500 283 324 515 606 315 599 317 798 301 153 342 850
419 246 300 858 581 773 505 412 194 180 142 825 708 60 618 474 647 277 469 774 395 702 599 307 444 690 362 567 304 835 512 677 0 283 627 809 75 502 429 798 454 167 521 651 74 246 480 567 462 576 714 480 591 682 590 169 511 340 556 692 418 301
613 63 40 1039 775 955 698 606 388 373 336 1006 902 308 812 577 829 114 651 956 589 884 793 41 637 872 556 761 498 1016 706 859 283 0 809 991 269 695 622 980 648 361 715 833 283 195 597 761 655 770 895 582 784 875 784 363 704 238 750 873 612 138
237 772 826 377 455 293 379 286 479 489 517 344 583 652 493 266 63 803 175 294 264 97 473 833 212 85 293 441 364 354 386 197 627 809 0 329 602 376 303 318 300 497 396 171 627 715 237 262 289 450 108 274 465 556 265 550 267 748 251 211 292 801
343 878 932 195 561 290 485 392 585 595 623 162 689 758 599 372 273 909 281 111 370 328 579 939 318 316 399 547 470 172 492 195 733 915 253 0 708 482 409 135 406 603 502 98 733 821 343 368 395 556 340 380 571 662 371 656 373 854 357 60 398 907
394 232 286 832 555 747 479 386 179 141 128 799 683 100 593 459 622 262 444 749 369 677 574 293 418 664 336 542 278 809 487 652 75 269 602 784 0 476 403 772 429 128 496 625 75 232 454 542 436 550 688 465 565 656 565 130 485 325 531 666 393 287
168 658 712 606 185 521 14 116 354 363 391 573 313 526 222 257 396 689 218 523 144 451 203 719 193 439 167 171 238 583 21 426 502 695 376 558 476 0 177 546 202 371 126 400 501 658 228 226 191 180 462 266 195 286 249 424 140 739 215 440 110 713
95 585 639 533 257 448 180 88 281 290 318 500 384 453 294 184 323 616 145 450 71 378 275 646 120 366 94 243 165 510 188 353 429 622 303 485 403 177 0 473 75 299 197 327 429 585 156 188 82 252 389 193 266 357 211 351 131 666 177 367 94 640
403 938 992 170 621 350 545 452 645 655 683 63 749 818 658 431 333 968 341 70 430 388 639 999 377 376 459 607 530 209 552 255 793 975 313 183 768 542 469 0 466 663 562 158 793 881 403 428 455 616 399 440 631 722 431 715 433 914 417 120 458 966
120 611 665 530 282 445 205 113 306 316 344 497 410 479 319 210 320 641 170 447 96 375 300 671 145 363 120 268 191 507 213 350 454 648 300 482 429 202 75 470 0 324 223 324 454 611 181 137 32 277 386 218 292 383 161 376 81 692 126 364 119 666
289 324 378 727 451 642 374 282 104 86 142 694 578 192 488 378 517 354 339 644 265 572 469 385 314 560 232 437 174 704 382 547 167 361 497 679 128 371 299 667 324 0 391 521 167 324 350 437 331 446 583 387 461 551 460 76 380 417 426 561 288 379
188 678 732 626 205 541 129 135 373 383 411 593 332 546 242 277 416 708 237 542 163 471 223 739 212 458 187 191 258 603 136 445 521 715 396 578 496 126 197 566 223 391 0 419 521 678 248 311 230 200 482 285 215 284 334 444 225 759 300 460 130 733
260 796 850 222 479 208 402 310 503 512 540 189 606 675 516 289 191 826 199 139 287 246 497 856 235 233 316 465 387 199 410 112 651 833 171 174 625 400 327 162 324 521 419 0 651 739 260 286 313 474 257 297 489 579 289 573 290 771 275 88 316 824
419 246 300 857 581 772 504 412 194 179 142 824 708 62 618 474 647 277 469 774 395 702 599 307 444 690 362 567 304 834 512 677 74 283 627 809 75 501 429 797 454 167 521 651 0 246 480 567 461 576 713 479 591 681 590 169 510 340 556 691 418 301
568 158 212 945 737 860 661 568 350 336 299 912 865 271 775 483 735 189 557 862 551 790 756 219 542 778 518 724 460 922 669 765 246 195 715 897 232 658 585 885 611 324 678 739 246 0 503 692 618 732 801 488 747 838 695 326 667 120 681 779 575 173
89 560 614 467 308 382 231 139 332 341 369 434 435 504 345 56 257 590 79 384 116 312 326 620 64 300 145 294 216 444 239 287 480 597 237 419 454 228 156 407 181 350 248 260 480 503 0 214 188 303 323 61 318 408 217 402 219 535 203 301 145 588
214 724 778 492 371 407 229 226 419 429 457 459 498 592 408 243 282 754 152 409 209 337 389 784 189 325 233 357 304 469 236 312 567 761 262 444 542 226 188 433 137 437 311 286 567 692 214 0 126 366 348 251 380 471 123 489 104 725 35 326 232 778
128 618 672 519 290 434 194 121 314 323 351 486 417 486 327 217 309 649 178 436 104 364 308 679 153 352 127 276 198 496 202 339 462 655 289 471 436 191 82 459 32 331 230 313 461 618 188 126 0 285 375 226 299 390 150 384 70 699 115 353 127 673
242 732 787 680 147 595 183 190 428 437 466 647 206 600 173 331 470 763 292 597 218 525 165 793 267 513 242 133 312 657 190 500 576 770 450 632 550 180 252 621 277 446 200 474 576 732 303 366 285 0 536 340 157 360 389 498 280 814 355 514 185 787
323 858 912 464 541 379 465 372 565 575 603 431 669 738 579 352 85 889 261 380 350 32 560 919 298 85 379 528 450 441 473 283 714 895 108 415 688 462 389 404 386 583 482 257 713 801 323 348 375 536 0 360 551 642 351 636 353 834 338 298 379 887
127 545 599 504 345 419 268 176 369 378 407 471 472 504 382 41 294 576 116 421 153 349 363 606 101 337 182 331 253 481 276 324 480 582 274 456 465 266 193 444 218 387 285 297 479 488 61 251 226 340 360 0 355 445 254 439 256 521 240 338 182 574
257 747 801 695 162 610 198 205 443 452 480 662 161 615 128 346 485 778 307 612 233 540 148 808 282 528 256 148 327 672 205 515 591 784 465 647 565 195 266 635 292 461 215 489 591 747 318 380 299 157 551 355 0 375 404 513 295 828 370 529 199 802
348 838 892 786 365 701 289 295 533 543 571 753 492 706 402 437 576 869 398 703 323 631 383 899 372 619 347 351 418 763 296 606 682 875 556 738 656 286 357 726 383 551 284 579 681 838 408 471 390 360 642 445 375 0 495 604 385 919 460 620 290 893
217 747 801 495 394 410 252 249 442 452 480 462 521 615 431 246 285 777 155 412 232 340 412 808 192 328 256 380 327 472 259 315 590 784 265 447 565 249 211 435 161 460 334 289 590 695 217 123 150 389 351 254 404 495 0 513 127 728 112 329 255 781
342 326 380 780 503 695 427 334 157 88 194 747 631 153 541 431 570 356 391 696 317 625 521 387 366 612 284 489 226 757 434 599 169 363 550 732 130 424 351 720 376 76 444 573 169 326 402 489 384 498 636 439 513 604 513 0 433 419 478 614 340 381
177 667 721 497 285 412 143 169 362 372 400 464 412 535 322 247 287 698 157 414 152 342 303 728 193 330 176 271 247 474 150 317 511 704 267 449 485 140 131 437 81 380 225 290 510 667 219 104 70 280 353 256 295 385 127 433 0 730 93 331 176 722
600 201 255 978 819 893 742 650 444 430 392 945 946 364 856 515 768 139 590 895 627 823 837 262 575 810 612 805 554 955 750 798 340 238 748 930 325 739 666 918 692 417 759 771 340 120 535 725 699 814 834 521 828 919 728 419 730 0 714 812 656 123
203 713 767 481 360 397 218 215 408 418 446 448 487 581 397 232 271 743 141 398 198 326 378 773 178 314 222 346 293 459 225 301 556 750 251 433 531 215 177 422 126 426 300 275 556 681 203 35 115 355 338 240 370 460 112 478 93 714 0 316 221 767
301 836 890 184 519 248 443 350 543 553 581 151 647 716 557 330 231 867 239 101 328 286 538 897 276 274 357 506 428 161 451 153 692 873 211 136 666 440 367 125 364 561 460 88 691 779 301 326 353 514 298 338 529 620 329 614 331 812 316 0 357 865
84 575 629 523 190 438 113 32 270 280 308 490 317 443 227 174 312 605 134 439 60 367 208 635 109 355 84 176 155 500 121 342 418 612 292 474 393 110 94 463 119 288 130 316 418 575 145 232 127 185 379 182 199 290 255 340 176 656 221 357 0 630
631 101 155 1031 792 946 716 623 405 391 353 998 920 326 830 568 821 71 642 947 606 876 811 162 628 863 573 778 515 1008 723 850 301 138 801 983 287 713 640 971 666 379 733 824 301 173 588 778 673 787 887 574 802 893 781 381 722 123 767 865 630 0
EOF