NAME : tsp_problem
TYPE : TSP
DIMENSION : 70
EDGE_WEIGHT_TYPE : EXPLICIT
EDGE_WEIGHT_FORMAT : FULL_MATRIX
EDGE_WEIGHT_SECTION
0 341 1265 2678 209 2049 2338 2475 1687 223 1488 1037 2028 837 1547 1021 1809 1880 1260 2519 643 1331 1013 979 1621 1387 2207 2019 2262 181 1340 1781 1654 2013 174 2455 918 1030 2585 2198 1207 1031 2024 728 1514 815 1690 341 1868 959 847 256 1755 959 1068 1475 1170 207 698 1031 1796 2652 2403 1020 491 2401 1547 541 2124 2376
341 0 1335 2748 346 2119 2408 2545 1757 246 1558 1108 2099 907 1617 1091 1879 1950 1330 2589 713 1401 1083 1050 1691 1457 2277 2089 2332 268 1410 1851 1724 2083 475 2525 988 1100 2655 2268 1277 1101 2094 799 1584 885 1761 363 1938 1029 917 279 1825 1029 1139 1545 1240 374 769 1101 1866 2722 2473 1090 561 2471 1617 611 2194 2446
1213 1283 0 1631 1050 1019 1290 1427 496 1166 250 257 1052 456 559 282 643 689 460 1553 657 92 487 319 549 184 1029 1127 1214 1338 226 709 624 965 1195 1408 552 516 1538 1150 355 517 1048 781 557 606 694 1283 821 602 580 1054 565 601 239 528 394 1078 830 517 988 1604 1315 282 821 1353 559 705 1077 1328
2945 3015 1915 0 2783 1417 643 507 1552 2898 1696 1937 1437 2139 1449 1962 1273 1306 1946 1454 2389 1849 2089 2206 1606 1787 1191 1520 739 3070 1829 1598 1338 967 2927 514 2235 2118 427 898 1841 2119 1378 2513 1747 2460 1584 3015 1137 2284 2290 2787 1620 2284 2128 1905 1965 2810 2562 2119 1647 531 1013 1962 2553 877 1449 2437 991 590
209 346 1103 2516 0 1887 2175 2312 1525 228 1325 875 1866 674 1384 859 1646 1717 1097 2356 481 1168 850 817 1459 1225 2044 1857 2099 351 1177 1618 1491 1850 190 2293 756 867 2422 2035 1044 869 1861 566 1351 652 1528 346 1706 796 684 117 1593 796 906 1313 1007 74 536 868 1634 2489 2241 858 329 2238 1384 379 1961 2213
2049 2119 1019 1301 1887 0 961 978 656 2002 800 1041 237 1243 553 1067 432 547 959 740 1493 953 1193 1310 710 891 830 320 885 2175 933 870 442 636 2031 923 1339 1222 1208 821 945 1223 178 1617 737 1564 533 2119 491 1365 1394 1891 724 1365 1232 832 1063 1914 1666 1223 447 1275 1026 1066 1657 1024 553 1541 747 999
2338 2408 1307 376 2175 961 0 172 945 2290 1088 1329 1052 1531 841 1355 665 698 1338 1106 1781 1242 1481 1598 998 1179 583 1135 131 2463 1222 1081 730 360 2319 152 1627 1510 282 290 1234 1511 994 1905 1140 1853 977 2407 529 1677 1682 2179 1013 1676 1521 1297 1357 2203 1955 1511 1262 672 496 1354 1945 270 842 1829 383 73
2475 2545 1445 382 2312 978 172 0 1082 2427 1225 1467 999 1668 979 1492 802 836 1476 1052 1918 1379 1619 1736 1136 1317 720 1081 268 2600 1359 1219 867 497 2456 76 1764 1647 289 428 1371 1649 940 2043 1277 1990 1114 2545 667 1814 1819 2316 1150 1814 1658 1434 1495 2340 2092 1648 1208 686 633 1492 2083 407 979 1966 521 119
1943 2013 913 1154 1781 566 813 950 0 1896 694 935 764 1137 447 960 166 212 944 1100 1387 847 1087 1204 604 785 552 846 737 2068 827 578 336 488 1925 931 1232 1116 1061 673 839 1117 705 1511 745 1458 582 2013 344 1282 1288 1784 88 1282 1126 903 963 1808 1560 1116 973 1127 838 960 1551 876 447 1435 600 851
223 246 1218 2631 228 2002 2290 2427 1640 0 1440 990 1981 789 1499 974 1761 1832 1212 2471 596 1284 965 932 1574 1340 2159 1972 2214 301 1292 1733 1606 1965 358 2408 871 982 2538 2150 1159 984 1976 681 1466 768 1643 144 1821 911 799 161 1708 911 1021 1428 1122 256 651 983 1749 2604 2356 973 444 2353 1499 494 2077 2328
1437 1507 250 1411 1275 800 1071 1208 277 1390 0 481 833 680 340 506 423 470 507 1334 881 184 650 543 331 122 810 908 995 1562 164 490 404 746 1419 1188 776 679 1318 931 403 680 828 1005 495 830 475 1507 601 826 804 1278 345 825 463 466 526 1302 1054 680 891 1385 1096 506 1045 1134 340 929 857 1109
1037 1108 307 1670 875 1041 1329 1467 684 990 497 0 1040 231 539 106 801 877 395 1575 481 341 284 298 738 431 1198 1102 1254 1163 474 898 646 1005 1019 1447 327 301 1577 1190 290 302 1035 605 505 553 682 1107 860 376 382 879 752 376 230 467 315 902 654 302 931 1644 1395 105 645 1392 539 529 1116 1368
2028 2099 1052 1341 1866 237 1052 999 690 1981 833 1040 0 1222 586 1066 629 744 809 760 1472 986 1129 1309 743 924 1027 315 1082 2154 966 903 639 833 2010 943 1286 1158 1268 1018 902 1159 83 1521 588 1544 383 2098 689 1215 1355 1870 758 1215 1241 683 914 1893 1570 1159 297 1472 1224 1065 1636 1221 586 1520 944 1072
837 907 508 1872 674 1243 1531 1668 886 789 699 231 1222 0 740 215 1002 1079 453 1712 280 543 206 284 940 633 1400 1213 1456 962 675 1099 847 1206 818 1649 158 223 1779 1392 400 225 1217 404 707 352 884 906 1062 272 181 678 954 272 312 669 363 702 454 224 990 1845 1597 214 445 1594 741 328 1318 1569
1547 1617 559 1182 1384 553 841 979 196 1499 340 539 586 740 0 564 313 389 548 1087 990 493 691 808 250 431 710 662 766 1672 473 410 158 517 1529 959 836 719 1089 702 443 721 582 1115 349 1062 228 1617 372 886 891 1388 264 886 740 506 567 1412 1164 720 644 1156 907 564 1155 905 71 1038 628 880
1021 1091 332 1696 859 1067 1355 1492 710 974 523 106 1066 215 564 0 826 902 420 1600 465 367 267 282 763 457 1224 1127 1279 1146 499 923 671 1030 1003 1472 310 284 1602 1215 316 286 1061 589 531 536 708 1091 885 360 366 862 778 360 214 493 341 886 638 285 956 1669 1420 116 629 1418 564 513 1141 1393
1809 1879 779 1006 1646 432 665 802 416 1761 559 801 629 1002 313 826 0 146 810 966 1252 713 953 1069 469 651 434 712 590 1934 693 513 201 340 1790 783 1098 981 913 526 705 983 570 1377 611 1324 448 1879 209 1148 1153 1650 484 1148 992 768 828 1674 1426 982 839 979 720 825 1417 728 313 1300 452 703
1924 1994 894 1039 1761 547 698 836 531 1876 674 916 744 1117 428 941 146 0 925 1081 1367 828 1068 1185 584 766 358 827 623 2049 808 504 316 374 1905 816 1213 1096 946 559 820 1098 685 1492 726 1439 563 1994 317 1263 1268 1765 599 1263 1107 883 943 1789 1541 1097 954 1012 644 940 1532 761 428 1415 485 736
1260 1330 460 1679 1097 959 1338 1476 693 1212 507 395 809 453 548 420 810 886 0 1299 703 398 361 664 747 441 1207 800 1263 1385 484 907 655 1014 1241 1456 518 389 1586 1199 133 391 805 828 514 775 691 1330 869 568 587 1101 761 567 596 476 205 1125 877 390 577 1652 1404 420 868 1401 548 751 1125 1376
2519 2589 1553 1395 2356 740 1106 1052 1190 2471 1334 1575 760 1712 1087 1600 966 1081 1299 0 1962 1487 1620 1844 1244 1425 1363 776 1202 2644 1467 1404 976 1170 2500 997 1777 1648 1322 1355 1392 1650 702 2011 1260 2034 1056 2588 1025 1705 1845 2360 1258 1705 1766 1295 1404 2384 2061 1649 815 1652 1560 1600 2127 1341 1087 2010 1281 1126
643 713 709 2122 481 1493 1781 1918 1131 596 931 481 1472 280 990 465 1252 1323 703 1962 0 775 456 423 1065 831 1650 1463 1705 768 783 1224 1097 1456 625 1899 362 473 2029 1641 650 475 1467 311 957 259 1134 713 1312 476 290 485 1199 475 512 919 613 508 360 474 1240 2095 1847 464 251 1844 990 135 1568 1819
1279 1349 92 1565 1116 953 1224 1361 431 1231 184 323 986 522 493 348 577 623 398 1487 722 0 522 385 484 118 963 1062 1149 1404 160 643 558 900 1261 1342 618 551 1472 1085 293 552 982 847 491 672 628 1349 755 668 646 1120 499 667 305 462 417 1144 896 551 922 1538 1249 348 887 1287 493 771 1011 1262
1013 1083 487 1822 850 1193 1481 1619 836 965 650 284 1129 206 691 267 953 1029 361 1620 456 522 0 432 890 584 1350 1120 1406 1138 627 1050 798 1157 994 1599 279 154 1729 1342 308 156 1125 581 657 528 834 1083 1012 329 348 854 904 329 364 619 271 878 630 155 897 1795 1547 266 621 1544 691 504 1268 1519
979 1050 466 1939 817 1310 1598 1736 888 932 689 298 1309 284 808 282 1035 1081 664 1844 423 532 432 0 822 588 1421 1371 1523 1105 541 982 915 1274 961 1716 365 449 1846 1459 559 451 1304 547 774 372 951 1049 1129 479 388 821 956 479 174 736 584 844 596 450 1200 1912 1664 281 587 1661 808 471 1385 1636
1621 1691 549 1289 1459 701 948 1086 155 1574 331 738 743 940 250 763 301 347 747 1235 1065 484 890 822 0 387 687 818 873 1746 339 182 314 624 1603 1066 1035 919 1196 809 642 920 738 1189 548 1014 385 1691 479 1085 1084 1462 223 1085 699 706 766 1486 1238 919 801 1262 884 763 1229 1011 250 1113 735 986
1371 1441 184 1503 1209 891 1162 1299 369 1324 122 415 924 614 431 441 515 561 441 1425 815 118 584 477 387 0 901 1000 1087 1496 63 546 496 838 1353 1280 710 613 1410 1023 337 614 920 939 429 764 566 1441 693 760 739 1212 437 760 397 400 460 1236 988 614 860 1476 1187 440 979 1225 431 863 949 1200
2124 2194 1094 1038 1962 747 698 835 731 2077 875 1116 945 1318 628 1142 352 276 1125 1281 1568 1028 1268 1385 785 966 0 1027 622 2250 1008 721 517 373 2106 815 1414 1297 945 558 1020 1298 886 1692 926 1639 763 2194 316 1463 1469 1966 799 1463 1307 1084 1144 1989 1741 1298 1155 1012 643 1141 1732 761 628 1616 484 736
2019 2089 1127 1424 1857 320 1135 1081 765 1972 908 1102 315 1213 662 1127 712 827 800 776 1463 1062 1120 1371 818 1000 1109 0 1165 2144 1042 978 722 916 2001 1026 1277 1149 1351 1101 893 1150 281 1512 644 1534 459 2089 771 1206 1346 1861 833 1206 1302 679 905 1884 1561 1150 253 1555 1306 1127 1627 1304 662 1511 1027 1155
2262 2332 1232 472 2099 885 131 268 869 2214 1012 1254 1082 1456 766 1279 590 623 1263 1202 1705 1166 1406 1523 923 1104 508 1165 0 2387 1146 1006 654 284 2244 248 1551 1434 378 215 1158 1436 1024 1830 1064 1777 901 2332 454 1601 1606 2103 937 1601 1445 1221 1282 2127 1879 1435 1292 574 420 1279 1870 171 766 1753 308 169
181 268 1390 2804 351 2175 2463 2600 1812 301 1613 1163 2154 962 1672 1146 1934 2005 1385 2644 768 1456 1138 1105 1746 1512 2332 2144 2387 0 1465 1906 1779 2138 316 2580 1043 1155 2710 2323 1332 1156 2149 854 1639 940 1816 418 1993 1084 972 334 1880 1084 1194 1601 1295 348 824 1156 1921 2777 2528 1145 617 2526 1672 667 2249 2501
1340 1410 226 1540 1177 933 1199 1336 405 1292 164 457 966 657 473 483 551 598 484 1467 783 160 627 519 339 63 938 1042 1123 1465 0 499 538 874 1321 1316 752 655 1446 1059 379 657 962 908 471 733 609 1410 730 802 781 1181 473 802 417 442 502 1205 957 656 903 1513 1201 482 948 1262 474 831 985 1237
1781 1827 709 1404 1618 830 1063 1200 314 1733 490 898 903 1099 410 923 429 421 907 1364 1224 643 1050 982 182 546 602 978 987 1906 499 0 474 752 1763 1180 1195 1078 1310 809 802 1080 898 1349 708 1174 545 1844 608 1245 1244 1622 383 1245 859 865 926 1646 1398 1079 961 1150 733 923 1389 946 410 1272 766 1101
1654 1724 624 1071 1491 442 730 867 261 1606 404 646 639 847 158 671 201 316 655 976 1097 558 798 915 314 496 599 722 654 1779 538 474 0 405 1635 848 943 826 978 590 550 828 581 1222 456 1169 293 1724 261 993 998 1495 329 993 837 613 673 1519 1271 827 709 1044 796 670 1262 793 158 1145 517 768
2013 2083 983 700 1850 636 360 497 620 1965 763 1005 833 1206 517 1030 340 374 1014 1170 1456 917 1157 1274 674 855 346 916 284 2138 897 818 405 0 1994 477 1302 1185 607 220 909 1187 775 1581 815 1528 652 2083 205 1352 1357 1854 688 1352 1196 972 1033 1878 1630 1186 1043 674 425 1030 1621 423 517 1504 146 398
174 475 1247 2660 190 2031 2319 2456 1669 358 1470 1019 2010 818 1529 1003 1790 1861 1241 2500 625 1313 994 961 1603 1369 2188 2001 2244 316 1321 1763 1635 1994 0 2437 900 1011 2567 2180 1188 1013 2005 710 1495 797 1672 475 1850 940 829 261 1737 940 1050 1457 1151 188 680 1012 1778 2633 2385 1002 473 2382 1529 523 2106 2357
2455 2525 1425 419 2293 923 152 76 1062 2408 1205 1447 943 1649 959 1472 783 816 1456 997 1899 1359 1599 1716 1116 1297 701 1026 248 2580 1339 1199 848 477 2437 0 1744 1627 345 408 1351 1629 885 2023 1257 1970 1094 2525 647 1794 1800 2296 1130 1794 1638 1414 1475 2320 2072 1628 1153 694 613 1472 2063 387 959 1947 501 172
918 988 604 1968 756 1339 1627 1764 982 871 795 327 1286 158 836 310 1098 1174 518 1777 362 639 279 365 1035 729 1496 1277 1551 1043 771 1195 943 1302 900 1744 0 170 1874 1487 465 171 1282 362 803 433 980 988 1158 203 112 759 1050 203 407 765 428 783 412 171 1054 1941 1693 309 526 1690 836 410 1413 1665
1030 1100 516 1851 867 1222 1510 1647 865 982 679 301 1158 223 719 284 981 1057 389 1648 473 551 154 449 919 613 1379 1149 1434 1155 655 1078 826 1185 1011 1627 170 0 1757 1370 336 61 1153 489 686 545 863 1100 1041 220 239 871 933 219 381 648 299 895 538 61 926 1824 1576 283 638 1573 719 521 1296 1548
2585 2655 1555 160 2422 1208 282 289 1192 2538 1335 1577 1268 1779 1089 1602 913 946 1586 1322 2029 1489 1729 1846 1246 1427 831 1351 378 2710 1469 1329 978 607 2567 345 1874 1757 0 538 1481 1759 1209 2153 1387 2100 1224 2655 777 1924 1929 2426 1260 1924 1768 1544 1605 2450 2202 1758 1478 605 743 1602 2193 517 1089 2077 631 229
2198 2268 1168 631 2035 821 290 428 805 2150 948 1190 1018 1392 702 1215 526 559 1199 1355 1641 1102 1342 1459 859 1040 444 1101 215 2323 1082 827 590 220 2180 408 1487 1370 538 0 1094 1372 960 1766 1000 1713 837 2268 390 1537 1542 2039 873 1537 1381 1157 1218 2063 1815 1371 1228 490 242 1215 1806 286 702 1689 244 329
1207 1277 355 1574 1044 945 1234 1371 589 1159 403 290 902 400 443 316 705 781 133 1392 650 293 308 559 642 337 1103 893 1158 1332 379 802 550 909 1188 1351 465 336 1481 1094 0 338 897 775 410 722 587 1276 764 514 534 1048 657 514 491 371 152 1072 824 337 669 1548 1299 315 815 1297 443 698 1020 1272
1031 1101 517 1852 869 1223 1511 1649 866 984 680 302 1159 225 721 286 983 1059 391 1650 475 552 156 451 920 614 1380 1150 1436 1156 657 1080 828 1187 1013 1629 171 61 1759 1372 338 0 1155 491 687 546 864 1101 1042 221 240 873 934 221 383 649 301 896 540 62 927 1825 1577 285 639 1574 721 523 1298 1549
2024 2094 1048 1283 1861 178 994 940 685 1976 828 1035 83 1217 582 1061 570 685 805 702 1467 982 1125 1304 738 920 968 281 1024 2149 962 898 581 775 2005 885 1282 1153 1209 960 897 1155 0 1517 583 1539 379 2094 630 1210 1351 1865 753 1210 1236 678 909 1889 1566 1154 293 1413 1165 1060 1632 1162 582 1515 886 1014
728 799 833 2246 566 1617 1905 2043 1255 681 1056 605 1521 404 1115 589 1377 1448 828 2011 311 899 581 547 1189 955 1774 1512 1830 854 908 1349 1222 1581 710 2023 362 489 2153 1766 775 491 1517 0 1081 383 1258 798 1436 352 285 570 1323 352 636 1043 738 593 77 490 1289 2220 1971 588 286 1968 1115 359 1692 1944
1514 1584 557 1480 1351 737 1140 1277 495 1466 495 505 588 707 349 531 611 687 514 1260 957 491 657 774 548 429 1009 644 1064 1639 471 708 456 815 1495 1257 803 686 1387 1000 410 687 583 1081 0 1029 262 1583 670 853 858 1355 563 852 706 473 533 1379 1131 687 479 1454 1205 530 1121 1203 349 1005 926 1178
815 885 658 2193 652 1564 1853 1990 1080 768 881 553 1544 352 1062 536 1226 1272 775 2034 259 724 528 372 1014 780 1613 1534 1777 940 733 1174 1169 1528 797 1970 433 545 2100 1713 722 546 1539 383 1029 0 1206 885 1383 547 362 656 1148 547 461 990 685 680 432 546 1311 2167 1868 535 423 1916 1062 307 1639 1891
1690 1761 694 1317 1528 533 977 1114 332 1643 475 682 383 884 228 708 448 524 691 1056 1134 628 834 951 385 566 846 459 901 1816 609 545 293 652 1672 1094 980 863 1224 837 587 864 379 1258 262 1206 0 1760 507 1029 1035 1532 400 1029 883 571 710 1555 1307 864 441 1291 1042 707 1298 1040 229 1182 763 1015
341 363 1335 2748 346 2119 2407 2545 1757 144 1558 1107 2098 906 1617 1091 1879 1949 1330 2588 713 1401 1083 1049 1691 1457 2276 2089 2332 418 1410 1821 1724 2083 475 2525 988 1100 2655 2268 1276 1101 2094 798 1583 885 1760 0 1938 1029 917 278 1825 1028 1138 1545 1240 373 768 1101 1866 2721 2469 1090 561 2470 1617 611 2194 2445
1868 1938 838 870 1706 491 529 667 475 1821 619 860 689 1062 372 885 209 317 869 1025 1312 772 1012 1129 529 710 398 771 454 1993 752 689 261 205 1850 647 1158 1041 777 390 764 1042 630 1436 670 1383 507 1938 0 1207 1213 1710 543 1207 1051 828 888 1733 1485 1042 899 844 595 885 1476 593 372 1360 316 568
959 1029 654 2017 796 1365 1677 1814 1032 911 844 376 1215 272 886 360 1148 1224 568 1705 476 688 329 479 1085 779 1546 1206 1601 1084 821 1245 993 1352 940 1794 203 220 1924 1537 514 221 1210 352 853 547 1029 1029 1207 0 226 800 1100 94 457 814 478 824 401 221 983 1991 1742 359 525 1740 886 524 1463 1715
847 917 659 2023 684 1394 1682 1819 1037 799 850 382 1355 181 891 366 1153 1229 587 1845 290 694 348 388 1084 784 1551 1346 1606 972 803 1244 998 1357 829 1800 112 239 1929 1542 534 240 1351 285 858 362 1035 917 1213 226 0 688 1105 226 436 820 497 712 334 240 1123 1996 1748 365 455 1745 891 338 1468 1720
256 279 1106 2520 117 1891 2179 2316 1528 161 1329 879 1870 678 1388 862 1650 1721 1101 2360 485 1172 854 821 1462 1228 2048 1861 2103 334 1181 1622 1495 1854 261 2296 759 871 2426 2039 1048 873 1865 570 1355 656 1532 278 1710 800 688 0 1596 800 910 1317 1011 145 540 872 1637 2493 2244 861 333 2242 1388 383 1965 2217
1871 1941 841 1082 1708 494 741 878 478 1824 621 863 691 1065 375 888 93 140 872 1028 1314 775 1015 1132 532 713 480 774 665 1996 755 506 264 416 1853 858 1160 1043 988 601 767 1045 633 1439 673 1386 510 1941 272 1210 1215 1712 0 1210 1054 830 891 1736 1488 1044 901 1055 766 888 1479 804 375 1363 527 779
959 1029 654 2017 796 1365 1676 1814 1031 911 844 376 1215 272 886 360 1148 1224 567 1705 475 688 329 479 1085 778 1545 1206 1601 1084 821 1245 993 1352 940 1794 203 219 1924 1537 514 221 1210 352 852 547 1029 1028 1207 94 226 800 1099 0 457 814 477 824 401 220 982 1990 1742 359 525 1739 886 523 1463 1714
1068 1139 343 1871 906 1242 1530 1667 765 1021 566 230 1241 312 740 214 911 957 596 1776 512 409 364 174 699 465 1298 1302 1455 1194 417 859 846 1205 1050 1648 407 381 1778 1391 491 383 1236 636 706 461 883 1138 1061 457 436 910 833 457 0 668 516 933 685 382 1132 1844 1553 213 676 1593 740 560 1317 1568
1475 1545 528 1638 1313 832 1297 1434 652 1428 466 467 683 669 506 493 768 844 476 1295 919 462 619 736 706 400 1166 679 1221 1601 442 865 613 972 1457 1414 765 648 1544 1157 371 649 678 1043 473 990 571 1545 828 814 820 1317 720 814 668 0 495 1340 1092 649 514 1611 1363 492 1083 1360 506 967 1083 1335
1170 1240 394 1698 1007 1063 1357 1495 712 1122 526 315 914 363 567 341 828 905 205 1404 613 417 271 584 766 460 1226 905 1282 1295 502 926 673 1033 1151 1475 428 299 1605 1218 152 301 909 738 533 685 710 1240 888 478 497 1011 780 477 516 495 0 1035 787 300 681 1671 1423 340 778 1420 567 661 1144 1395
207 374 1130 2543 74 1914 2203 2340 1552 256 1353 902 1893 702 1412 886 1674 1745 1125 2384 508 1196 878 844 1486 1252 2072 1884 2127 348 1205 1646 1519 1878 188 2320 783 895 2450 2063 1072 896 1889 593 1379 680 1555 373 1733 824 712 145 1620 824 933 1340 1035 0 563 896 1661 2517 2268 885 356 2266 1412 406 1989 2241
698 769 882 2295 536 1666 1955 2092 1304 651 1105 654 1570 454 1164 638 1426 1497 877 2061 360 948 630 596 1238 1004 1824 1561 1879 824 957 1398 1271 1630 680 2072 412 538 2202 1815 824 540 1566 77 1131 432 1307 768 1485 401 334 540 1372 401 685 1092 787 563 0 539 1338 2269 2020 637 235 2018 1164 356 1741 1993
1031 1101 517 1852 868 1223 1511 1648 866 983 680 302 1159 224 720 285 982 1058 390 1649 474 551 155 450 919 614 1380 1150 1435 1156 656 1079 827 1186 1012 1628 171 61 1758 1371 337 62 1154 490 687 546 864 1101 1042 221 240 872 934 220 382 649 300 896 539 0 927 1825 1577 284 639 1574 720 522 1297 1549
1796 1866 988 1551 1634 447 1262 1208 747 1749 891 931 297 990 644 956 839 940 577 815 1240 922 897 1200 801 860 1237 253 1292 1921 903 961 709 1043 1778 1153 1054 926 1478 1228 669 927 293 1289 479 1311 441 1866 899 983 1123 1637 815 982 1132 514 681 1661 1338 927 0 1682 1433 956 1404 1431 644 1288 1154 1282
2701 2772 1671 529 2539 1324 570 617 1308 2654 1452 1693 1522 1895 1205 1719 1029 1062 1702 1564 2145 1605 1845 1962 1362 1543 947 1604 472 2827 1585 1391 1094 723 2683 625 1991 1874 537 654 1597 1875 1463 2269 1504 2216 1340 2771 893 2040 2046 2543 1377 2040 1884 1661 1721 2566 2318 1875 1732 0 805 1718 2309 483 1205 2193 747 608
2560 2616 1530 962 2398 1183 653 790 1167 2513 1311 1552 1381 1754 1064 1578 875 799 1561 1717 2004 1464 1704 1821 1040 1402 695 1463 577 2686 1357 889 953 582 2542 770 1850 1733 900 399 1456 1734 1322 2128 1363 2024 1199 2630 752 1899 1905 2402 1235 1899 1709 1520 1580 2425 2177 1734 1591 481 0 1577 2168 536 1064 2052 606 691
1020 1090 331 1695 858 1066 1354 1492 709 973 522 105 1065 214 564 116 825 902 420 1600 464 366 266 281 763 456 1223 1127 1279 1145 498 923 670 1030 1002 1472 309 283 1602 1215 315 285 1060 588 530 535 707 1090 885 359 365 861 777 359 213 492 340 885 637 284 956 1668 1420 0 628 1417 564 512 1141 1392
491 561 873 2286 329 1657 1945 2083 1295 444 1096 645 1636 445 1155 629 1417 1488 868 2127 251 939 621 587 1229 995 1814 1627 1870 617 948 1389 1262 1621 473 2063 526 638 2193 1806 815 639 1632 286 1121 423 1298 561 1476 525 455 333 1363 525 676 1083 778 356 235 639 1404 2260 2011 628 0 2009 1155 149 1732 1984
2401 2471 1370 610 2238 1024 270 407 1008 2353 1151 1392 1221 1594 905 1418 728 761 1401 1341 1844 1305 1544 1661 1061 1243 646 1304 171 2526 1285 965 793 423 2382 387 1690 1573 517 286 1297 1574 1162 1968 1203 1916 1040 2470 593 1740 1745 2242 1076 1739 1584 1360 1420 2266 2018 1574 1431 477 379 1417 2009 0 905 1892 446 308
1547 1617 559 1182 1384 553 842 979 197 1499 340 539 586 741 71 564 313 389 548 1087 990 493 691 808 250 431 711 662 766 1672 474 410 158 517 1529 959 836 719 1089 702 443 721 582 1115 349 1062 229 1617 372 886 891 1388 265 886 740 506 567 1412 1164 720 644 1156 907 564 1155 905 0 1038 628 880
541 611 757 2170 379 1541 1829 1966 1179 494 980 529 1520 328 1038 513 1300 1371 751 2010 135 823 504 471 1113 879 1698 1511 1753 667 831 1272 1145 1504 523 1947 410 521 2077 1689 698 523 1515 359 1005 307 1182 611 1360 524 338 383 1247 523 560 967 661 406 356 522 1288 2143 1895 512 149 1892 1038 0 1616 1867
2124 2194 1094 724 1961 747 383 521 731 2077 874 1116 944 1318 628 1141 452 482 1125 1281 1568 1028 1268 1385 785 966 225 1027 308 2249 1008 741 517 146 2106 501 1413 1296 631 244 1020 1298 886 1692 926 1639 763 2194 316 1463 1468 1965 799 1463 1307 1083 1144 1989 1741 1297 1154 697 449 1141 1732 446 628 1616 0 421
2376 2446 1345 323 2213 999 73 119 983 2328 1126 1368 1072 1569 880 1393 703 736 1376 1126 1819 1280 1519 1636 1036 1218 621 1155 169 2501 1260 1119 768 398 2357 172 1665 1548 229 329 1272 1549 1014 1944 1178 1891 1015 2445 568 1715 1720 2217 1051 1714 1559 1335 1395 2241 1993 1549 1282 711 534 1392 1984 308 880 1867 421 0
EOF