NAME : tsp_problem
TYPE : TSP
DIMENSION : 36
EDGE_WEIGHT_TYPE : EXPLICIT
EDGE_WEIGHT_FORMAT : FULL_MATRIX
EDGE_WEIGHT_SECTION
0 1731 151 883 308 336 1156 1156 247 316 147 1393 1199 447 1290 1100 738 832 1280 1258 745 1465 1100 457 539 409 530 954 300 1160 533 745 1272 933 1079 1308
1755 0 1704 1718 1907 1455 2696 1553 1800 1660 1880 1082 2739 1842 1525 2640 2278 2372 1548 1402 2285 3006 2640 1852 1961 1456 1833 1484 1587 940 1955 1052 805 911 862 1507
309 1778 0 777 231 543 1175 1118 122 191 319 1398 1218 371 1239 1119 757 852 1229 1263 764 1507 1119 381 463 416 453 862 413 1336 457 940 1318 1110 1255 1257
887 1745 817 0 933 630 1578 528 913 686 1013 1123 1621 724 590 1522 1158 1180 581 805 1153 1910 1522 734 843 502 673 258 613 1303 837 907 1285 1077 1222 608
308 1934 437 933 0 622 1025 1274 292 282 317 1554 1068 292 1395 969 607 702 1385 1419 615 1357 969 272 335 572 440 1018 569 1446 329 1031 1474 1219 1365 1413
336 1464 270 630 476 0 1419 856 367 436 461 1102 1462 615 990 1363 1001 1096 981 967 1009 1752 1363 625 707 150 626 695 157 893 701 478 1005 666 812 1008
1156 2722 1285 1578 1025 1470 0 2031 1236 1071 1166 2343 346 894 2093 443 541 767 2083 2208 548 449 443 874 768 1361 1070 1766 1357 2281 774 1879 2263 2054 2200 2111
1156 1580 1105 528 1274 856 2031 0 1201 1027 1281 727 2074 1177 209 1975 1611 1632 199 409 1606 2363 1975 1187 1296 823 1125 300 954 1138 1290 780 1120 912 1057 226
432 1682 388 681 342 447 1131 1022 0 95 441 1302 1174 277 1143 1075 713 808 1133 1167 720 1463 1075 287 396 320 360 766 317 1240 390 844 1222 1014 1159 1161
371 1687 393 686 282 452 1071 1027 356 0 381 1307 1114 217 1148 1015 653 747 1138 1172 660 1403 1015 227 336 325 299 771 322 1245 330 849 1227 1019 1164 1166
147 1857 276 1009 317 461 1166 1281 372 381 0 1518 1209 457 1415 1110 748 842 1406 1383 755 1381 1110 467 549 534 539 1079 426 1285 543 870 1397 1059 1204 1433
1402 1227 1351 1123 1554 1102 2343 727 1447 1307 1527 0 2386 1489 700 2287 1925 2019 723 492 1932 2675 2287 1499 1608 1103 1480 889 1234 1122 1602 764 1079 896 1041 682
1199 2765 1328 1621 1068 1513 346 2074 1279 1114 1209 2386 0 937 2136 255 584 810 2126 2251 591 679 255 917 810 1404 1113 1809 1400 2323 817 1922 2306 2097 2243 2154
447 1869 574 724 292 634 894 1177 432 217 457 1489 937 0 1239 838 476 570 1229 1354 483 1226 838 96 159 507 217 912 503 1427 153 1030 1409 1201 1346 1257
1290 1552 1239 590 1395 990 2093 209 1335 1148 1415 700 2136 1239 0 2037 1673 1694 88 382 1668 2425 2037 1249 1358 944 1188 435 1075 1110 1352 753 1092 884 1030 47
1100 2666 1229 1522 969 1414 443 1975 1180 1015 1110 2287 255 838 2037 0 485 711 2027 2152 492 775 47 818 712 1305 1014 1710 1301 2224 718 1823 2207 1998 2144 2055
738 2304 867 1158 607 1052 541 1611 818 653 748 1925 584 476 1673 485 0 290 1663 1790 47 873 485 456 350 943 617 1346 939 1862 356 1461 1845 1636 1782 1691
832 2399 961 1180 702 1147 767 1632 912 747 842 2019 810 570 1694 711 290 0 1685 1884 298 1099 711 551 444 1037 638 1368 1034 1957 450 1555 1939 1731 1876 1712
1280 1575 1230 581 1385 981 2083 199 1326 1138 1406 723 2126 1229 88 2027 1663 1685 0 405 1658 2415 2027 1239 1348 934 1178 425 1065 1133 1342 776 1115 907 1053 70
1267 1429 1216 805 1419 967 2208 409 1312 1172 1392 492 2251 1354 382 2152 1790 1884 405 0 1797 2540 2152 1364 1473 968 1345 571 1099 987 1467 629 969 761 906 364
745 2312 874 1153 615 1060 548 1606 825 660 755 1932 591 483 1668 492 47 298 1658 1797 0 880 492 464 357 950 612 1341 947 1870 363 1468 1852 1644 1789 1686
1236 2803 1365 1658 1106 1551 379 2111 1316 1151 1246 2423 407 974 2173 523 621 847 2164 2288 628 0 523 955 848 1441 1151 1847 1438 2361 854 1959 2343 2135 2280 2191
1100 2666 1229 1522 969 1414 443 1975 1180 1015 1110 2287 255 838 2037 47 485 711 2027 2152 492 775 0 818 712 1305 1014 1710 1301 2224 718 1823 2207 1998 2144 2055
457 1878 584 734 272 644 874 1187 441 227 467 1499 917 96 1249 818 456 551 1239 1364 464 1206 818 0 139 517 226 922 513 1436 133 1040 1419 1210 1356 1267
539 1987 668 843 335 753 768 1296 523 336 549 1608 810 159 1358 712 350 444 1348 1473 357 1100 712 139 0 626 335 1031 622 1545 39 1149 1528 1319 1465 1376
409 1483 343 502 548 150 1361 823 439 325 534 1103 1404 507 944 1305 943 1037 934 968 950 1693 1305 517 626 0 498 567 229 1021 620 606 1023 794 940 962
530 1860 595 673 440 626 1070 1125 514 299 539 1480 1113 217 1188 1014 617 638 1178 1345 612 1403 1014 226 335 498 0 861 506 1418 329 1022 1400 1192 1337 1205
954 1510 888 258 1018 695 1766 300 984 771 1079 889 1809 912 435 1710 1346 1368 425 571 1341 2098 1710 922 1031 567 861 0 698 1068 1025 672 1051 842 988 452
301 1600 234 613 439 157 1357 954 330 322 426 1234 1400 503 1075 1301 939 1034 1065 1099 947 1689 1301 513 622 229 506 698 0 1028 616 613 1140 802 947 1093
1191 1014 1140 1154 1343 891 2132 989 1236 1096 1316 973 2175 1278 961 2076 1714 1808 984 838 1721 2349 2076 1288 1397 892 1269 920 1023 0 1391 279 555 102 283 943
533 1981 662 837 329 747 774 1290 517 330 543 1602 817 153 1352 718 356 450 1342 1467 363 1106 718 133 39 620 329 1025 616 1539 0 1143 1522 1313 1459 1370
982 1079 931 945 1134 682 1923 780 1027 887 1107 764 1966 1069 753 1867 1505 1600 776 629 1512 2124 1867 1079 1188 684 1061 711 814 428 1182 0 619 201 347 735
1283 915 1265 1279 1468 1016 2256 1114 1361 1221 1306 1098 2299 1403 1086 2200 1838 1933 1109 963 1846 2288 2200 1412 1521 1017 1394 1044 1148 150 1515 404 0 230 72 1068
1113 937 1062 1077 1266 814 2054 912 1159 1019 1238 896 2097 1201 884 1998 1636 1731 907 761 1644 2271 1998 1210 1319 815 1192 842 946 286 1313 201 478 0 206 866
1227 892 1208 1222 1411 959 2200 1057 1304 1164 1250 1041 2243 1346 1030 2144 1782 1876 1053 906 1789 2231 2144 1356 1465 961 1337 988 1091 96 1459 347 324 176 0 1012
1308 1534 1257 608 1413 1008 2111 226 1353 1166 1433 682 2154 1257 47 2055 1691 1712 70 364 1686 2443 2055 1267 1376 962 1205 452 1093 1092 1370 735 1074 866 1012 0
EOF