NAME : tsp_problem
TYPE : TSP
DIMENSION : 32
EDGE_WEIGHT_TYPE : EXPLICIT
EDGE_WEIGHT_FORMAT : FULL_MATRIX
EDGE_WEIGHT_SECTION
0 884 957 441 1240 1456 1119 1195 1223 952 2031 503 1230 2159 987 983 2218 1201 815 1172 1371 1358 1323 803 1361 2198 234 1299 185 1935 548 1187
884 0 338 646 1005 923 663 331 988 753 1498 432 366 1626 911 722 1685 960 527 884 1299 1316 567 704 1073 1666 881 884 764 1402 706 976
957 338 0 718 810 824 449 420 794 539 1400 505 456 1527 697 508 1586 1066 633 990 1404 1421 434 490 1179 1567 962 690 836 1303 557 1081
441 646 718 0 911 1127 765 956 895 623 1703 264 992 1830 658 654 1889 1152 719 1076 1491 1493 969 475 1265 1870 453 970 321 1606 214 1168
1240 1005 829 911 0 426 393 1087 111 431 928 1045 1122 1055 348 426 1114 1657 1224 1581 1996 2012 477 581 1770 1095 1335 178 1153 831 932 1672
1456 923 875 1127 426 0 457 1005 452 552 614 1108 1041 741 710 522 800 1720 1288 1644 2059 2076 491 694 1833 781 1552 278 1369 517 1027 1736
1119 680 465 765 393 457 0 762 377 329 1032 681 797 1160 486 298 1219 1293 860 1217 1632 1648 233 409 1406 1199 1144 300 1012 935 600 1309
1195 331 420 956 1087 1005 745 0 1070 835 1581 743 276 1708 993 804 1767 1271 838 1195 1610 1627 649 786 1384 1748 1192 966 1074 1484 853 1287
1223 988 812 895 111 452 377 1070 0 414 953 1028 1106 1081 332 410 1140 1640 1207 1564 1979 1996 460 564 1753 1121 1319 204 1136 857 915 1656
952 753 539 623 431 552 329 835 414 0 1128 754 871 1256 178 106 1314 1366 933 1290 1705 1721 488 293 1479 1295 1047 395 865 1031 644 1381
2031 1498 1451 1703 928 614 1032 1581 953 1128 0 1684 1616 416 1239 1097 246 2296 1863 2220 2635 2651 1066 1269 2409 243 2127 854 1944 331 1602 2311
503 432 505 264 1045 1108 681 743 1028 754 1684 0 779 1811 894 723 1870 939 506 863 1278 1294 885 704 1052 1851 514 951 382 1587 370 955
1230 366 456 992 1122 1041 780 276 1106 871 1616 779 0 1744 1028 840 1803 1307 874 1231 1646 1662 684 822 1420 1783 1227 1002 1110 1519 889 1322
2159 1626 1578 1830 1055 741 1160 1708 1081 1256 416 1811 1744 0 1367 1225 542 2423 1991 2348 2762 2779 1194 1397 2536 523 2255 981 2072 256 1730 2439
987 911 697 658 348 710 486 993 332 178 1239 894 1028 1367 0 209 1426 1523 1090 1447 1862 1879 645 328 1636 1407 1082 486 900 1143 679 1539
983 722 508 654 426 522 298 804 410 106 1097 723 840 1225 209 0 1283 1335 902 1259 1674 1690 457 265 1448 1264 1078 364 896 1000 641 1350
2218 1685 1637 1889 1114 800 1219 1767 1140 1314 246 1870 1803 542 1426 1283 0 2482 2050 2406 2821 2838 1253 1456 2595 63 2313 1040 2131 518 1789 2498
1201 1010 1083 1152 1657 1720 1293 1321 1640 1366 2296 939 1357 2423 1523 1335 2482 0 493 448 360 377 1487 1316 266 2463 1009 1563 1191 2199 1212 77
815 577 650 719 1224 1288 860 888 1207 933 1863 506 924 1991 1090 902 2050 493 0 417 832 849 1055 884 606 2030 622 1130 804 1766 780 509
1165 895 1000 1070 1574 1638 1211 1206 1558 1283 2213 856 1242 2271 1441 1252 2400 531 411 0 870 887 1405 1234 644 2381 973 1481 1155 2117 1130 547
1371 1349 1422 1491 1996 2059 1632 1660 1979 1705 2635 1278 1695 2762 1862 1674 2821 360 832 787 0 33 1826 1655 605 2802 1179 1902 1361 2538 1551 346
1358 1366 1438 1493 2012 2076 1648 1677 1996 1721 2651 1294 1712 2779 1879 1690 2838 377 849 804 33 0 1843 1672 622 2818 1166 1919 1347 2555 1568 362
1323 567 519 969 477 491 233 649 460 488 1066 885 684 1194 645 457 1253 1497 1064 1421 1836 1852 0 613 1610 1233 1348 357 1216 970 804 1513
803 704 490 475 581 694 409 786 564 293 1269 704 822 1397 328 265 1456 1316 884 1241 1655 1672 613 0 1429 1436 899 537 717 1172 496 1332
1361 1123 1196 1265 1770 1833 1406 1434 1753 1479 2409 1052 1469 2536 1636 1448 2595 266 606 561 605 622 1600 1429 0 2576 1168 1676 1350 2312 1325 282
2198 1666 1618 1870 1095 781 1199 1748 1121 1295 243 1851 1783 523 1407 1264 63 2463 2030 2387 2802 2818 1233 1436 2576 0 2294 1021 2112 498 1770 2479
234 889 962 453 1335 1552 1144 1200 1319 1047 2127 514 1236 2255 1082 1078 2313 1009 622 979 1179 1166 1348 899 1168 2294 0 1394 223 2030 638 994
1299 884 736 970 178 278 300 966 204 395 854 951 1002 981 486 364 1040 1563 1130 1487 1902 1919 357 537 1676 1021 1394 0 1212 757 870 1579
185 764 836 321 1153 1369 1012 1074 1136 865 1944 382 1110 2072 900 896 2131 1191 804 1161 1361 1347 1216 717 1350 2112 223 1212 0 1848 461 1176
1935 1402 1354 1606 831 517 935 1484 857 1031 331 1587 1519 256 1143 1000 518 2199 1766 2123 2538 2555 970 1172 2312 498 2030 757 1848 0 1506 2215
548 706 557 214 932 1027 600 853 915 644 1602 370 889 1730 679 641 1789 1212 780 1137 1551 1568 804 496 1325 1770 638 870 461 1506 0 1228
1187 1026 1099 1168 1672 1736 1309 1337 1656 1381 2311 955 1372 2439 1539 1350 2498 77 509 464 346 362 1503 1332 282 2479 994 1579 1176 2215 1228 0
EOF