NAME : tsp_problem
TYPE : TSP
DIMENSION : 34
EDGE_WEIGHT_TYPE : EXPLICIT
EDGE_WEIGHT_FORMAT : FULL_MATRIX
EDGE_WEIGHT_SECTION
0 1162 973 723 892 530 628 437 629 531 911 367 569 530 726 671 835 1162 669 628 1339 365 913 987 1103 842 851 756 853 399 536 1185 981 953
1240 0 1354 663 1273 837 821 818 1010 1302 355 1117 667 836 573 864 1584 58 1419 821 1720 1115 357 1737 1484 352 1232 949 1603 989 1307 193 1362 397
1369 1354 0 1644 415 1587 777 604 394 1112 1103 927 760 1587 918 820 1395 1354 1229 777 1019 925 1105 1068 783 1033 214 905 1413 800 1117 1412 71 1144
620 848 1509 0 1428 217 1165 973 1166 795 1068 802 1106 217 1177 1208 1191 848 1026 1165 1876 796 1071 1344 1640 1065 1388 1293 1210 936 800 743 1517 1110
1288 1273 415 1563 0 1506 696 523 313 1031 1022 846 680 1506 837 739 1156 1273 1025 696 675 844 1024 723 439 953 293 824 1174 719 1036 1331 423 1064
599 814 1488 247 1407 0 1143 952 1145 774 1034 781 1085 196 1143 1187 1170 814 1004 1143 1855 775 1036 1323 1619 1031 1367 1272 1188 915 779 709 1496 1076
1024 821 777 1007 696 1181 0 283 433 767 570 583 297 1180 333 77 1050 821 884 64 1143 581 572 1192 907 501 655 163 1068 455 772 789 785 612
833 818 604 1108 523 1051 283 0 260 576 567 391 224 1051 382 326 859 818 693 283 970 389 569 1011 734 497 482 411 877 263 581 876 612 608
1025 1010 394 1301 313 1244 433 260 0 768 759 584 417 1244 574 477 1051 1010 886 433 757 582 761 805 521 690 272 562 1069 456 774 1069 402 801
531 1302 1112 898 1031 705 767 576 768 0 1051 237 708 704 866 810 489 1302 323 767 1478 230 1053 641 1242 981 990 895 507 538 53 1359 1120 1092
1307 355 1103 883 1022 1057 570 567 759 1051 0 866 416 1057 322 613 1333 355 1168 570 1469 864 51 1486 1233 101 981 698 1352 738 1056 414 1111 81
493 1117 927 905 846 712 583 391 584 237 866 0 524 712 681 626 519 1117 354 583 1294 77 868 672 1058 797 806 711 538 354 242 1176 935 908
965 667 760 1041 680 1184 297 224 417 708 416 524 0 1184 179 341 991 667 826 297 1127 522 418 1144 891 347 639 426 1009 396 714 726 768 458
599 814 1488 247 1407 196 1144 952 1145 774 1035 781 1085 0 1143 1187 1170 814 1005 1144 1855 775 1037 1323 1619 1031 1367 1272 1189 915 779 709 1496 1076
1122 573 918 1005 837 1179 333 382 574 866 322 681 179 1178 0 376 1149 573 983 333 1284 679 324 1301 1048 253 796 461 1167 553 871 631 926 364
1067 864 820 1050 739 1224 77 326 477 810 613 626 341 1224 376 0 1093 864 927 77 1186 624 615 1235 950 544 698 117 1111 498 816 833 828 655
882 1584 1395 1294 1156 1101 1050 859 1051 489 1333 519 991 1101 1149 1093 0 1584 204 1050 1417 513 1336 487 1181 1264 1273 1178 232 821 484 1643 1403 1375
1240 58 1354 663 1273 837 821 818 1010 1302 355 1117 667 836 573 864 1584 0 1419 821 1720 1115 357 1737 1484 352 1232 949 1603 989 1307 193 1362 397
717 1419 1229 1129 1025 935 884 693 886 323 1168 354 826 935 983 927 204 1419 0 884 1286 348 1170 356 1050 1099 1107 1012 222 655 318 1477 1237 1210
1024 821 777 1007 696 1181 64 283 433 767 570 583 297 1180 333 77 1050 821 884 0 1143 581 572 1192 907 501 655 163 1068 455 772 789 785 612
1735 1475 1019 1588 675 1762 1143 970 757 1478 1402 1294 1127 1761 1165 1186 1417 1475 1286 1143 0 1292 1405 984 260 1333 898 1271 1435 1166 1483 1370 1027 1444
487 1115 925 899 844 706 581 389 582 230 864 77 522 706 679 624 513 1115 348 581 1292 0 866 666 1056 795 804 709 531 352 236 1174 933 906
1310 357 1105 885 1024 1059 572 569 761 1053 51 868 418 1059 324 615 1336 357 1170 572 1471 866 0 1488 1235 103 983 700 1354 740 1058 416 1113 83
1035 1737 1068 1447 723 1254 1192 1011 805 641 1486 672 1144 1253 1301 1235 487 1737 356 1192 984 666 1488 0 748 1417 946 1320 505 974 636 1796 1076 1528
1499 1272 783 1385 439 1559 907 734 521 1242 1200 1058 891 1559 963 950 1181 1272 1050 907 260 1056 1202 748 0 1131 662 1035 1199 930 1247 1168 791 1242
1238 352 1033 880 953 1054 501 497 690 981 101 797 347 1054 253 544 1264 352 1099 501 1400 795 103 1417 1164 0 912 629 1282 669 987 411 1041 143
1247 1232 214 1523 293 1466 655 482 272 990 981 806 639 1465 796 698 1273 1232 1107 655 898 804 983 946 662 912 0 783 1291 678 995 1291 222 1023
1152 949 905 1135 824 1309 163 411 562 895 698 711 426 1309 461 117 1178 949 1012 163 1271 709 700 1320 1035 629 783 0 1196 583 901 918 913 740
901 1603 1413 1312 1174 1119 1068 877 1069 507 1352 538 1009 1119 1167 1111 232 1603 222 1068 1435 531 1354 505 1199 1282 1291 1196 0 839 502 1661 1421 1393
795 989 800 1207 719 1014 455 263 456 538 738 354 396 1014 553 498 821 989 655 455 1166 352 740 974 930 669 678 583 839 0 544 1048 807 780
536 1307 1117 903 1036 710 772 581 774 53 1056 242 714 710 871 816 484 1307 318 772 1483 236 1058 636 1247 987 995 901 502 544 0 1365 1125 1098
1135 193 1412 558 1331 732 823 876 1069 1310 414 1176 726 732 631 866 1643 193 1477 823 1779 1174 416 1796 1543 411 1291 951 1661 1048 1315 0 1420 456
1377 1362 71 1652 423 1595 785 612 402 1120 1111 935 768 1595 926 828 1403 1362 1237 785 1027 933 1113 1076 791 1041 222 913 1421 807 1125 1420 0 1152
1349 397 1144 925 1064 1099 612 608 801 1092 81 908 458 1099 364 655 1375 397 1210 612 1511 906 83 1528 1275 143 1023 740 1393 780 1098 456 1152 0
EOF