NAME : tsp_problem
TYPE : TSP
DIMENSION : 44
EDGE_WEIGHT_TYPE : EXPLICIT
EDGE_WEIGHT_FORMAT : FULL_MATRIX
EDGE_WEIGHT_SECTION
0 459 1176 300 1398 991 459 1008 1397 111 1611 1128 462 1195 827 1453 556 712 246 859 1107 263 1473 388 712 216 1232 1161 712 592 1070 1575 1163 1146 1427 438 838 1092 462 961 1430 1507 246 710
459 0 888 375 1110 703 37 720 1108 524 1322 840 122 906 1183 1165 216 371 321 1215 819 338 1185 165 372 629 944 873 371 369 782 1287 874 858 1139 279 498 804 122 673 1142 1219 321 369
1176 888 0 1093 742 216 888 864 741 1241 955 983 852 1050 1446 798 694 713 1039 1521 536 1055 1328 837 713 1346 1087 1017 713 748 926 919 1018 1001 771 997 839 947 852 817 775 852 1039 711
300 375 1093 0 1314 907 375 925 1313 365 1527 1044 379 1111 1081 1370 472 628 162 1113 1024 89 1389 304 628 470 1148 1078 628 508 987 1491 1079 1062 1343 354 754 1008 379 878 1347 1424 162 626
1398 1110 742 1314 0 595 1110 1085 51 1463 727 1169 1074 1272 1667 569 916 935 1260 1743 595 1277 1087 1059 935 1568 1273 1238 935 969 1147 691 1203 1223 81 1218 1061 1169 1074 1038 85 623 1260 932
991 703 216 907 595 0 703 678 593 1056 807 798 667 865 1261 650 509 528 853 1336 351 870 1143 652 528 1161 902 832 528 562 740 772 833 816 624 812 654 762 667 631 627 704 853 525
459 37 888 375 1110 703 0 720 1108 524 1322 840 122 906 1183 1165 216 371 321 1215 819 338 1185 165 372 629 944 873 371 369 782 1287 874 858 1139 279 498 804 122 673 1142 1219 321 369
1008 720 864 925 1085 678 720 0 1084 1073 1298 347 684 414 809 1140 526 587 871 885 795 887 692 669 587 1178 451 380 587 579 548 1262 382 365 1114 829 713 311 684 86 1118 1195 870 585
1397 1108 741 1313 51 593 1108 1084 0 1461 725 1167 1072 1270 1666 568 914 933 1259 1741 593 1275 1086 1057 933 1566 1271 1237 933 968 1146 689 1202 1222 77 1217 1059 1168 1072 1037 80 622 1259 931
111 524 1241 365 1463 1056 524 1073 1461 0 1675 1193 527 1188 786 1518 621 776 311 818 1172 327 1537 452 776 175 1297 1223 776 657 1135 1639 1227 1211 1492 502 902 1157 527 1026 1495 1572 311 774
1499 1204 955 1460 727 807 1204 1298 725 1459 0 1418 1168 1484 1731 186 1129 1147 1406 1764 807 1423 1419 1250 1147 1372 1522 1451 1147 1182 1360 388 1452 1436 756 1365 1273 1382 1168 1251 759 320 1406 1145
1128 840 983 1044 1169 798 840 347 1167 1193 1418 0 804 285 680 1260 646 707 990 756 914 1007 416 789 707 1298 123 251 707 699 668 1382 54 132 1198 949 833 76 804 300 1201 1314 990 705
462 122 852 379 1074 667 122 684 1072 527 1286 804 0 870 1147 1129 180 336 324 1179 783 341 1149 168 336 632 908 837 335 366 746 1251 839 822 1103 283 462 768 86 637 1106 1183 324 333
1195 906 1050 1111 1272 865 906 414 1270 1237 1484 285 870 0 421 1327 713 774 1057 496 981 1073 629 855 774 1151 357 60 773 766 735 1448 319 262 1301 1015 900 249 870 367 1304 1381 1057 771
877 1134 1277 1131 1499 1092 1134 741 1498 836 1712 680 1098 421 0 1554 940 1001 1077 94 1208 1093 1025 1083 1001 749 680 456 1001 993 962 1676 652 585 1528 1243 1127 645 1098 694 1531 1608 1077 999
1342 1046 798 1303 569 650 1046 1140 568 1301 186 1260 1010 1327 1574 0 971 990 1249 1606 650 1265 1261 1092 990 1214 1364 1294 990 1024 1202 230 1295 1278 598 1207 1116 1224 1010 1094 602 163 1249 988
556 216 694 472 916 509 216 526 914 621 1129 646 180 713 1108 971 0 300 418 1184 625 435 991 262 300 726 750 679 299 208 588 1093 681 664 945 377 426 610 180 479 948 1025 418 297
712 371 713 628 935 528 371 587 933 776 1147 707 336 774 1151 990 300 0 574 1183 644 591 1052 417 61 791 811 740 60 353 649 1111 742 725 964 532 161 671 336 540 967 1044 574 62
246 321 1039 162 1260 853 321 871 1259 311 1473 990 324 1057 1027 1315 418 574 0 1059 970 125 1335 250 574 416 1094 1024 574 454 933 1437 1025 1008 1289 300 700 954 325 824 1293 1370 43 572
836 1179 1422 1090 1644 1237 1179 885 1642 795 1856 825 1143 565 163 1699 1085 1146 1036 0 1353 1053 1170 1178 1146 709 824 600 1145 1138 1107 1820 797 729 1673 1228 1272 789 1143 838 1676 1753 1036 1143
1107 819 536 1024 595 351 819 795 593 1172 807 914 783 981 1377 650 625 644 970 1452 0 986 1259 768 644 1277 1018 948 644 679 857 772 949 932 624 928 770 878 783 748 627 704 970 642
263 338 1055 89 1277 870 338 887 1275 327 1489 1007 341 1073 1043 1332 435 591 125 1076 986 0 1352 267 591 432 1111 1040 590 471 949 1454 1041 1025 1306 316 717 971 341 840 1309 1386 125 588
1473 1185 1328 1389 1087 1143 1185 692 1086 1537 1419 416 1149 629 1025 1261 991 1052 1335 1101 1259 1352 0 1133 1052 1642 520 596 1052 1044 1013 1383 450 528 1116 1293 1178 421 1149 645 1119 1315 1335 1049
388 165 837 304 1059 652 165 669 1057 452 1271 789 168 855 1169 1114 262 417 250 1201 768 267 1133 0 418 557 893 822 417 253 731 1235 823 807 1088 208 544 753 168 622 1091 1168 250 415
712 372 713 628 935 528 372 587 933 776 1147 707 336 774 1151 990 300 61 574 1183 644 591 1052 418 0 791 811 740 61 353 649 1112 742 725 964 532 162 671 336 540 967 1044 574 62
216 629 1346 470 1568 1161 629 1178 1566 175 1780 1298 632 1101 699 1623 726 825 416 732 1277 432 1642 557 825 0 1360 1136 825 762 1240 1744 1332 1265 1597 607 951 1262 632 1131 1600 1677 416 822
1232 944 1087 1148 1273 902 944 451 1271 1297 1522 123 908 357 680 1364 750 811 1094 755 1018 1111 520 893 811 1402 0 324 811 803 772 1486 93 130 1302 1053 937 180 908 404 1305 1418 1094 809
1161 873 1017 1078 1238 832 873 380 1237 1226 1451 251 837 60 456 1294 679 740 1024 532 948 1040 596 822 740 1186 324 0 740 733 702 1415 286 229 1268 982 866 216 837 333 1271 1348 1024 738
712 371 713 628 935 528 371 587 933 776 1147 707 335 773 1150 990 299 60 574 1183 644 590 1052 417 61 791 811 740 0 353 649 1111 742 725 964 532 161 671 335 540 967 1044 574 62
592 369 748 508 969 562 369 579 968 657 1182 699 366 766 1162 1024 208 353 454 1237 679 471 1044 253 353 762 803 733 353 0 641 1146 734 717 998 413 479 663 366 533 1002 1079 454 351
1070 782 926 987 1147 740 782 548 1146 1135 1360 668 746 735 1130 1202 588 649 933 1206 857 949 1013 731 649 1240 772 702 649 641 0 1324 703 686 1176 891 775 632 746 501 1180 1257 932 647
1464 1168 919 1425 691 772 1168 1262 689 1423 388 1382 1132 1448 1695 230 1093 1111 1371 1728 772 1387 1383 1214 1112 1336 1486 1415 1111 1146 1324 0 1417 1400 720 1329 1238 1346 1132 1215 723 180 1370 1109
1163 874 1018 1079 1203 833 874 382 1202 1227 1452 54 839 319 652 1295 681 742 1025 728 949 1041 450 823 742 1332 93 286 742 734 703 1417 0 102 1232 983 868 110 839 335 1236 1349 1025 739
1146 858 1001 1062 1223 816 858 365 1222 1211 1436 132 822 262 585 1278 664 725 1008 660 932 1025 528 807 725 1315 130 229 725 717 686 1400 102 0 1252 967 851 189 822 318 1255 1332 1008 723
1427 1139 771 1343 81 624 1139 1114 77 1492 756 1198 1103 1301 1696 598 945 964 1289 1772 624 1306 1116 1088 964 1597 1302 1268 964 998 1176 720 1232 1252 0 1248 1090 1198 1103 1067 59 652 1289 961
438 279 997 354 1218 812 279 829 1217 502 1431 949 283 1015 1218 1274 377 532 300 1251 928 316 1293 208 532 607 1053 982 532 413 891 1395 983 967 1248 0 658 913 283 782 1251 1328 300 530
838 498 839 754 1061 654 498 713 1059 902 1273 833 462 900 1277 1116 426 161 700 1309 770 717 1178 544 162 917 937 866 161 479 775 1238 868 851 1090 658 0 797 462 666 1093 1170 700 163
1092 804 947 1008 1169 762 804 311 1168 1157 1382 76 768 249 645 1224 610 671 954 720 878 971 421 753 671 1262 180 216 671 663 632 1346 110 189 1198 913 797 0 768 264 1201 1278 954 669
462 122 852 379 1074 667 122 684 1072 527 1287 804 86 870 1147 1129 180 336 325 1179 783 341 1149 168 336 632 908 837 335 366 746 1251 839 822 1103 283 462 768 0 637 1106 1183 324 333
961 673 817 878 1038 631 673 86 1037 1026 1251 300 637 367 762 1094 479 540 824 838 748 840 645 622 540 1131 404 333 540 533 501 1215 335 318 1067 782 666 264 637 0 1071 1148 824 538
1430 1142 775 1347 85 627 1142 1118 80 1495 759 1201 1106 1304 1700 602 948 967 1293 1775 627 1309 1119 1091 967 1600 1305 1271 967 1002 1180 723 1236 1255 59 1251 1093 1201 1106 1071 0 656 1293 965
1396 1100 852 1357 623 704 1100 1195 622 1355 320 1314 1064 1381 1628 163 1025 1044 1303 1660 704 1319 1315 1146 1044 1268 1418 1348 1044 1079 1257 180 1349 1332 652 1261 1170 1278 1064 1148 656 0 1303 1042
246 321 1039 162 1260 853 321 870 1259 311 1473 990 324 1057 1027 1315 418 574 43 1059 970 125 1335 250 574 416 1094 1024 574 454 932 1437 1025 1008 1289 300 700 954 324 824 1293 1370 0 572
710 369 711 626 932 525 369 585 931 774 1145 705 333 771 1148 988 297 62 572 1181 642 588 1049 415 62 789 809 738 62 351 647 1109 739 723 961 530 163 669 333 538 965 1042 572 0
EOF