NAME : tsp_problem
TYPE : TSP
DIMENSION : 78
EDGE_WEIGHT_TYPE : EXPLICIT
EDGE_WEIGHT_FORMAT : FULL_MATRIX
EDGE_WEIGHT_SECTION
0 117 1243 950 483 1257 608 1102 1159 356 940 496 117 462 1234 1307 725 1092 628 666 737 1092 1226 28 838 920 950 1308 521 462 373 1309 1198 922 339 837 795 923 754 1172 554 746 433 1143 425 433 687 969 1264 871 734 549 28 789 901 747 681 526 1052 781 1172 462 744 1059 115 28 1307 865 375 115 730 771 1291 1059 760 788 461 699
117 0 1158 866 398 1173 524 1017 1074 272 856 411 51 377 1149 1222 640 1007 543 581 652 1007 1141 117 753 835 865 1224 437 377 288 1224 1114 837 254 752 710 839 669 1087 469 661 348 1058 341 348 602 885 1179 786 649 464 118 704 816 662 596 441 967 697 1087 377 659 974 49 117 1222 781 290 49 645 687 1206 975 675 703 377 615
1243 1158 0 1393 1155 1812 779 1312 1713 1005 1383 1172 1158 1135 1445 1731 1401 727 1182 1221 1292 727 1780 1243 1469 1344 1448 1733 1194 1135 894 1733 1623 1476 987 1468 881 1478 924 1596 1227 1422 1109 123 1098 1109 1363 339 1035 1425 819 1222 1243 1465 1455 1301 1357 1202 1210 1336 1097 1138 1420 695 1156 1243 1731 687 1048 1156 1406 652 927 1614 767 1342 1138 1375
950 866 1393 0 821 760 871 263 662 824 69 956 866 800 395 872 1133 1123 379 418 748 1123 729 950 1246 1418 1358 873 860 800 713 874 1130 425 806 1245 1057 279 1016 1104 892 1154 842 1293 764 842 1095 1120 425 374 996 887 951 1197 404 498 1089 934 213 209 333 922 1152 1090 864 951 872 1127 713 864 1138 1034 514 562 1022 290 922 1107
483 398 1155 821 0 1128 521 972 1029 474 811 260 398 249 1104 1239 373 1004 498 536 607 1004 1096 483 485 658 598 1241 210 249 363 1241 1188 792 456 484 708 794 666 1161 242 393 290 1056 212 291 334 882 1134 741 646 237 483 436 771 617 328 173 922 652 1042 265 392 972 396 483 1239 778 143 396 378 684 1204 930 672 658 265 347
600 515 1154 451 470 0 520 602 659 473 441 605 515 450 734 869 783 1003 128 167 397 1003 726 600 895 1067 1008 871 509 450 362 871 1128 422 455 894 707 424 665 1101 542 803 491 1055 413 491 744 881 764 371 645 536 600 846 401 247 738 583 552 282 672 571 801 971 513 600 869 777 363 513 787 683 854 560 671 288 571 757
608 524 779 871 521 1178 0 1022 1079 371 861 656 524 501 1154 1289 833 628 548 586 657 628 1146 608 946 1118 1059 1290 560 501 260 1291 1412 842 353 945 225 843 183 1385 592 854 542 679 464 542 795 505 936 791 163 587 609 897 821 667 789 634 972 702 997 622 852 595 522 608 1289 295 413 522 838 201 827 979 296 708 622 808
1102 1017 1312 263 972 911 1022 0 813 975 252 1107 1017 952 193 1023 1284 1042 530 569 899 1042 880 1102 1397 1569 1509 1024 1011 951 864 1025 1281 576 957 1396 1208 430 1167 1255 1043 1305 993 1212 915 993 1246 1039 344 525 1147 1038 1102 1348 555 649 1240 1085 132 360 252 1073 1303 1010 1015 1102 1023 1121 864 1015 1289 1086 434 713 1173 442 1073 1259
991 906 1545 662 861 424 911 813 0 864 652 996 906 841 945 228 1173 1394 519 557 788 1394 392 991 1012 888 991 230 900 840 753 230 487 291 846 1011 1097 530 1056 460 932 1110 882 1445 804 882 1135 1272 975 315 1036 927 991 1126 418 638 1129 974 763 493 883 962 1192 1361 904 991 228 1168 753 904 1178 1074 1065 225 1062 410 962 1148
356 272 1005 824 474 1131 371 975 1032 0 814 496 272 454 1107 1242 726 854 501 539 610 854 1099 356 838 921 951 1243 513 454 135 1244 1199 795 52 837 557 796 516 1172 545 746 434 905 417 434 688 732 1137 744 496 540 357 789 774 620 682 527 925 655 1045 462 745 821 270 357 1242 627 366 270 731 534 1053 932 522 661 462 700
940 856 1383 69 811 750 861 252 652 814 0 946 855 790 385 861 1123 1113 369 407 738 1113 719 940 1236 1408 1348 863 849 790 703 863 1120 415 796 1235 1047 269 1006 1093 882 1144 832 1283 753 832 1085 1109 415 364 986 877 941 1187 394 488 1079 924 203 199 322 912 1142 1080 854 940 861 1117 703 854 1128 1023 504 552 1012 280 911 1097
496 411 1290 956 260 1263 656 1107 1164 496 946 0 411 188 1239 1212 345 1139 633 671 742 1139 1231 496 458 630 570 1213 410 188 498 1214 1103 927 479 457 843 929 801 1076 442 365 150 1191 214 150 307 1017 1269 876 781 437 496 408 906 752 301 146 1057 787 1177 121 364 1107 409 496 1212 913 297 409 350 819 1339 1065 807 793 120 319
117 51 1158 866 398 1173 524 1017 1074 272 855 411 0 377 1149 1222 640 1007 543 581 652 1007 1141 117 753 835 865 1224 437 377 288 1224 1114 837 254 752 710 838 669 1087 469 661 348 1058 341 348 602 885 1179 786 649 464 118 704 816 662 596 441 967 697 1087 377 659 974 49 117 1222 780 290 49 645 687 1206 974 675 703 377 615
462 377 1135 800 249 1107 501 952 1009 454 790 188 377 0 1084 1186 417 984 478 516 587 984 1076 462 530 702 642 1188 288 49 343 1188 1078 772 436 529 687 773 646 1051 320 438 74 1035 76 74 379 862 1114 721 626 315 463 481 751 597 373 218 902 631 1022 154 436 951 376 462 1186 757 141 376 422 664 1183 909 652 637 154 392
1234 1149 1445 395 1104 1044 1154 193 945 1107 385 1239 1149 1084 0 1155 1417 1175 663 701 1031 1175 1012 1234 1529 1701 1642 1157 1143 1084 996 1157 1414 708 1089 1528 1341 562 1299 1387 1176 1437 1125 1345 1047 1125 1378 1171 477 657 1279 1170 1234 1480 687 782 1372 1217 265 492 384 1205 1436 1142 1147 1234 1155 1253 997 1147 1421 1218 566 846 1305 574 1205 1391
1269 1185 1824 941 1140 703 1190 1092 297 1143 930 1176 1185 1119 1224 0 1060 1673 798 836 1067 1673 671 1269 834 709 813 193 1179 1119 1032 194 309 569 1125 833 1376 809 1335 282 1211 932 1113 1724 1083 1113 1021 1551 1254 594 1315 1206 1270 947 697 917 1248 1143 1042 772 1162 1142 1036 1640 1183 1269 192 1446 1032 1183 1064 1353 1344 504 1341 689 1142 1034
725 640 1468 1133 373 1440 833 1284 1188 726 1123 345 640 417 1417 1082 0 1317 810 849 920 1317 1409 725 271 444 384 1084 522 417 675 1085 974 1105 708 271 1020 1106 979 947 555 179 380 1368 444 380 65 1194 1447 1054 959 550 726 222 1084 929 348 242 1235 964 1354 350 178 1284 639 725 1082 1090 455 639 164 996 1516 1242 985 970 350 68
1092 1007 727 1123 1004 1661 628 1042 1562 854 1113 1139 1007 984 1175 1772 1317 0 1031 1069 1140 60 1629 1092 1429 1601 1542 1774 1043 984 743 1774 1895 1325 836 1428 730 1290 773 1868 1076 1337 1025 628 947 1025 1278 454 765 1274 668 1070 1092 1380 1304 1150 1272 1117 940 1185 827 1105 1335 79 1005 1092 1772 536 897 1005 1321 501 657 1463 616 1191 1105 1291
628 543 1182 379 498 686 548 530 588 501 369 633 543 478 663 797 810 1031 0 57 425 1031 655 628 923 1095 1035 799 537 477 390 799 1056 351 483 922 735 352 693 1029 569 831 519 1082 441 519 772 909 693 300 673 564 628 874 330 138 766 611 481 210 600 599 829 998 541 628 797 805 390 541 815 711 782 488 699 216 599 785
666 581 1221 418 536 725 586 569 626 539 407 671 581 516 701 836 849 1069 57 0 463 1069 693 666 961 1134 1074 837 575 516 428 838 1095 389 521 960 773 390 731 1068 608 869 557 1121 479 557 810 947 731 338 711 602 667 912 368 120 804 649 519 249 639 637 868 1037 579 666 836 843 429 580 854 749 821 526 738 255 637 823
737 652 1292 748 607 1055 657 899 956 610 738 742 652 587 1031 1166 920 1140 425 463 0 1140 1023 737 1032 1205 1145 1168 646 587 499 1168 1425 719 592 1031 844 721 803 1398 679 940 628 1192 550 628 882 1018 1061 668 782 674 738 983 698 544 875 720 849 579 969 708 939 1108 651 737 1166 914 500 651 925 820 1151 857 809 585 708 894
1092 1007 727 1123 1004 1661 628 1042 1562 854 1113 1139 1007 984 1175 1772 1317 60 1031 1069 1140 0 1629 1092 1429 1601 1542 1774 1043 984 743 1774 1895 1325 836 1428 730 1290 773 1868 1076 1337 1025 628 947 1025 1278 454 765 1274 668 1070 1092 1380 1304 1150 1272 1117 940 1185 827 1105 1335 79 1005 1092 1772 536 897 1005 1321 501 657 1463 616 1191 1105 1291
636 552 1191 488 507 794 557 639 696 510 477 642 552 486 771 906 819 1040 165 203 434 1040 0 636 932 1104 1044 907 546 486 399 908 1165 459 492 931 743 460 702 1138 578 840 528 1091 450 528 781 918 801 408 682 573 637 883 438 284 775 620 589 318 709 608 838 1007 550 636 906 813 399 550 824 720 890 596 708 325 608 793
28 117 1243 950 483 1257 608 1102 1159 356 940 496 117 462 1234 1307 725 1092 628 666 737 1092 1226 0 838 920 950 1308 521 462 373 1309 1198 922 339 837 795 923 754 1172 554 746 433 1143 425 433 687 969 1264 871 734 549 28 789 901 747 681 526 1052 781 1172 462 744 1059 115 28 1307 865 375 115 730 771 1291 1059 760 788 461 699
838 753 1580 1246 485 1368 946 1397 963 838 1236 458 753 530 1529 857 271 1429 923 961 1032 1429 1336 838 0 218 159 859 635 530 788 859 749 1217 821 81 1133 1219 1091 722 667 144 492 1480 556 492 233 1307 1559 1166 1071 662 838 159 1196 1042 460 355 1347 1077 1467 463 248 1397 751 838 857 1203 568 751 276 1109 1629 1170 1097 1083 462 246
953 869 1753 1418 658 1243 1118 1569 838 954 1408 630 868 702 1701 732 444 1601 1095 1134 1205 1601 1212 953 218 0 197 734 807 702 960 734 624 1110 936 218 1305 1349 1263 597 840 316 665 1653 728 664 405 1479 1731 1134 1243 834 954 332 1237 1214 633 527 1520 1249 1639 635 420 1569 867 953 732 1375 740 867 449 1281 1801 1045 1270 1229 635 418
950 865 1693 1358 598 1347 1059 1509 941 951 1348 570 865 642 1642 836 384 1542 1035 1074 1145 1542 1315 950 159 197 0 838 747 642 901 838 728 1214 933 158 1245 1331 1204 701 780 257 605 1593 669 605 346 1419 1672 1238 1184 775 951 272 1309 1155 573 467 1460 1189 1579 575 360 1509 864 950 836 1315 680 864 389 1221 1741 1148 1210 1195 575 358
1272 1187 1826 943 1142 705 1192 1094 299 1145 933 1178 1187 1122 1226 194 1062 1675 800 838 1069 1675 673 1272 837 712 815 0 1181 1122 1034 196 311 572 1127 836 1379 811 1337 284 1213 935 1116 1726 1085 1115 1024 1553 1256 596 1317 1208 1272 950 699 919 1251 1145 1044 774 1164 1144 1038 1643 1185 1272 194 1449 1034 1185 1067 1355 1346 507 1343 691 1144 1036
521 437 1194 860 210 1167 560 1011 1068 513 849 410 437 288 1143 1278 522 1043 537 575 646 1043 1135 521 635 807 747 1279 0 288 402 1280 1282 831 495 634 747 832 705 1255 67 543 329 1094 251 329 484 921 1173 780 685 62 522 586 810 656 478 323 961 691 1081 409 541 1010 435 521 1278 817 182 435 527 723 1242 968 711 697 409 497
462 377 1135 800 249 1107 501 951 1009 454 790 188 377 49 1084 1186 417 984 477 516 587 984 1076 462 530 702 642 1188 288 0 343 1188 1078 772 436 529 687 773 646 1051 320 438 74 1035 76 74 379 861 1114 721 626 315 463 481 751 597 373 218 902 631 1021 154 436 951 375 462 1186 757 141 376 422 664 1183 909 652 637 154 392
373 288 894 713 363 1020 260 864 921 135 703 498 288 343 996 1131 675 743 390 428 499 743 988 373 788 937 901 1132 402 343 0 1133 1215 684 117 787 446 685 405 1189 434 696 384 794 306 384 637 621 1026 633 385 429 373 739 663 509 631 476 814 544 934 464 694 710 286 373 1131 516 255 286 680 423 942 821 411 550 464 650
1271 1187 1826 943 1142 704 1192 1094 299 1145 932 1178 1187 1121 1226 194 1062 1675 800 838 1069 1675 673 1271 836 711 815 195 1181 1121 1034 0 311 571 1127 835 1378 811 1337 284 1213 934 1115 1726 1085 1115 1023 1553 1256 596 1317 1208 1272 949 699 919 1250 1145 1044 774 1164 1144 1038 1642 1185 1271 194 1448 1034 1185 1066 1355 1346 506 1343 691 1144 1036
1241 1157 1796 913 1112 674 1162 1064 269 1115 902 1161 1157 1091 1196 164 1044 1645 770 808 1039 1645 643 1241 819 694 798 165 1150 1091 1004 166 0 541 1097 818 1348 781 1307 267 1183 917 1098 1696 1055 1098 1006 1522 1226 566 1287 1178 1242 932 668 889 1233 1128 1014 743 1134 1127 1021 1612 1155 1241 164 1418 1004 1155 1049 1325 1315 476 1313 660 1126 1019
922 837 1476 425 792 434 842 576 291 795 415 927 837 772 708 500 1105 1325 351 389 719 1325 402 922 1217 1160 1263 502 831 772 684 502 759 0 777 1216 1029 284 987 732 864 1125 813 1377 735 813 1066 1203 738 200 967 858 922 1168 302 470 1060 905 526 256 646 893 1124 1293 835 922 500 1099 685 835 1109 1005 828 236 993 222 893 1079
339 254 987 806 456 1113 353 957 1014 52 796 479 254 436 1089 1224 708 836 483 521 592 836 1081 339 821 903 933 1226 495 436 117 1226 1181 777 0 820 540 779 498 1155 528 729 416 887 399 416 670 714 1119 726 478 522 339 772 756 602 664 509 907 637 1027 445 727 803 252 339 1224 610 349 252 713 516 1035 915 504 643 444 682
837 752 1579 1245 484 1367 945 1396 962 837 1235 457 752 529 1528 856 271 1428 922 960 1031 1428 1336 837 81 218 158 858 634 529 787 858 748 1216 820 0 1132 1218 1090 721 666 143 491 1480 555 491 232 1306 1558 1165 1070 661 837 158 1195 1041 459 354 1346 1076 1466 462 247 1396 750 837 856 1202 567 750 275 1108 1628 1169 1096 1082 461 245
795 710 881 1057 708 1364 225 1208 1266 557 1047 843 710 687 1341 1476 1020 730 735 773 844 730 1333 795 1133 1305 1245 1477 747 687 446 1478 1598 1029 540 1132 0 1030 321 1571 779 1041 729 781 651 729 982 608 1038 978 97 774 796 1084 1008 854 976 821 1159 888 1099 809 1039 697 709 795 1476 346 600 709 1025 252 929 1166 482 894 809 994
923 839 1478 279 794 673 843 430 530 796 269 929 838 773 562 740 1106 1290 352 390 721 1290 642 923 1219 1391 1331 741 832 773 685 742 999 284 779 1218 1030 0 989 972 865 1126 814 1378 736 815 1068 1204 592 315 969 860 924 1169 345 471 1062 907 380 182 500 895 1125 1258 837 923 740 1100 686 837 1111 1006 682 475 995 232 894 1080
754 669 924 1016 666 1323 183 1167 1224 516 1006 801 669 646 1299 1434 979 773 693 731 803 773 1291 754 1091 1263 1204 1436 705 646 405 1436 1557 987 498 1090 321 989 0 1530 738 999 687 824 609 687 940 651 1081 936 259 732 754 1042 966 812 934 779 1117 847 1142 767 998 740 667 754 1434 391 559 667 983 297 972 1125 441 853 767 953
1291 1207 1846 963 1162 725 1212 1114 319 1165 952 1211 1207 1141 1246 214 1094 1695 820 858 1089 1695 693 1291 869 744 848 215 1201 1141 1054 216 105 591 1147 868 1398 831 1357 0 1233 967 1148 1746 1105 1148 1056 1573 1276 616 1337 1228 1292 982 719 939 1283 1178 1064 794 1184 1177 1071 1662 1205 1292 214 1468 1054 1205 1099 1375 1366 526 1363 711 1177 1069
554 469 1227 892 242 1199 592 1043 1100 545 882 442 469 320 1176 1310 555 1076 569 608 679 1076 1168 554 667 840 780 1312 67 320 434 1312 1315 864 528 666 779 865 738 1288 0 575 362 1127 284 362 516 953 1206 812 718 70 554 618 843 688 510 355 994 723 1113 442 574 1043 467 554 1310 849 214 467 560 755 1275 1001 744 729 442 529
746 661 1488 1154 393 1461 854 1305 1060 746 1144 365 661 438 1437 955 179 1337 831 869 940 1337 1429 746 144 316 257 957 543 438 696 957 847 1125 729 143 1041 1126 999 820 575 0 400 1388 464 400 141 1215 1467 1074 979 570 746 95 1104 950 368 263 1255 985 1375 370 156 1305 659 746 955 1111 476 659 184 1017 1536 1262 1005 991 370 154
433 348 1176 842 290 1149 542 993 1050 434 832 150 348 74 1125 1149 380 1025 519 557 628 1025 1117 433 492 665 605 1150 329 74 384 1151 1041 813 416 491 729 814 687 1014 362 400 0 1076 100 61 341 903 1155 762 667 357 434 443 792 638 335 180 943 673 1063 116 399 993 346 433 1149 799 183 347 385 705 1224 950 693 679 116 354
1143 1058 123 1293 1056 1712 679 1212 1613 905 1283 1072 1058 1035 1345 1631 1301 628 1082 1121 1192 628 1681 1143 1369 1244 1348 1633 1094 1035 794 1633 1523 1377 887 1368 781 1378 824 1496 1127 1322 1009 0 998 1009 1263 239 936 1326 720 1122 1143 1365 1356 1201 1257 1102 1110 1236 997 1038 1320 595 1056 1143 1631 588 948 1056 1306 552 827 1514 667 1242 1038 1276
425 341 1098 764 212 1071 464 915 972 417 753 214 341 76 1047 1182 444 947 441 479 550 947 1039 425 556 728 669 1183 251 76 306 1184 1104 735 399 555 651 736 609 1078 284 464 100 998 0 100 405 825 1077 684 589 278 426 507 714 560 399 244 865 595 985 180 462 914 339 425 1182 721 105 339 448 627 1146 872 615 601 180 418
433 348 1176 842 291 1149 542 993 1050 434 832 150 348 74 1125 1149 380 1025 519 557 628 1025 1117 433 492 664 605 1150 329 74 384 1151 1040 813 416 491 729 815 687 1014 362 400 61 1077 100 0 341 903 1155 762 667 357 433 443 792 638 335 180 943 673 1063 116 398 993 346 433 1149 799 183 346 384 705 1225 951 693 679 116 354
687 602 1430 1095 334 1402 795 1246 1150 688 1085 307 602 379 1378 1044 65 1278 772 810 882 1278 1370 687 233 405 346 1046 484 379 637 1046 936 1066 670 232 982 1068 940 909 516 141 341 1330 405 341 0 1156 1408 1015 920 511 687 184 1045 891 310 204 1196 926 1316 312 139 1246 600 687 1044 1052 417 600 125 958 1478 1204 946 932 312 49
969 885 339 1120 882 1539 505 1039 1440 732 1109 1017 885 862 1171 1650 1194 454 909 947 1018 454 1507 969 1307 1277 1381 1651 921 861 621 1652 1556 1203 714 1306 608 1204 651 1529 953 1215 903 239 825 903 1156 0 762 1152 546 948 970 1258 1182 1028 1150 995 937 1063 824 983 1213 421 883 969 1650 414 774 883 1199 378 653 1340 494 1069 983 1169
1264 1179 1035 425 1134 1074 936 344 975 1137 415 1269 1179 1114 477 1185 1447 765 693 731 1061 765 1042 1264 1559 1731 1672 1187 1173 1114 1026 1187 1444 738 1119 1558 1038 592 1081 1417 1206 1467 1155 936 1077 1155 1408 762 0 687 976 1200 1264 1510 717 812 1402 1247 242 522 129 1235 1466 733 1177 1264 1185 844 1027 1177 1451 809 157 876 924 604 1235 1421
871 786 1425 374 741 414 791 525 315 744 364 876 786 721 657 525 1054 1274 300 338 668 1274 382 871 1166 1184 1279 526 780 721 633 527 784 200 726 1165 978 315 936 757 812 1074 762 1326 684 762 1015 1152 687 0 916 807 871 1117 130 419 1009 854 475 205 595 842 1072 1242 784 871 525 1048 634 784 1058 954 777 215 942 122 842 1028
734 649 819 996 646 1303 163 1147 1204 496 986 781 649 626 1279 1414 959 668 673 711 782 668 1271 734 1071 1243 1184 1416 685 626 385 1416 1537 967 478 1070 97 969 259 1510 718 979 667 720 589 667 920 546 976 916 0 712 734 1022 946 792 914 759 1097 827 1038 747 977 636 647 734 1414 285 539 647 963 191 868 1105 421 833 747 933
549 464 1222 887 237 1194 587 1038 1095 540 877 437 464 315 1170 1305 550 1070 564 602 674 1070 1162 549 662 834 775 1307 62 315 429 1307 1310 858 522 661 774 860 732 1283 70 570 357 1122 278 357 511 948 1200 807 712 0 549 613 837 683 505 350 988 718 1108 437 568 1038 462 549 1305 844 209 462 554 750 1270 996 738 724 436 524
28 118 1243 951 483 1258 609 1102 1159 357 941 496 118 463 1234 1307 726 1092 628 667 738 1092 1226 28 838 921 951 1309 522 463 373 1309 1199 922 339 837 796 924 754 1172 554 746 434 1143 426 433 687 970 1264 871 734 549 0 789 901 747 681 526 1052 782 1172 462 744 1060 116 28 1307 866 375 116 730 772 1291 1060 760 788 462 700
789 704 1531 1197 436 1481 897 1348 1076 789 1187 408 704 481 1480 970 222 1380 874 912 983 1380 1450 789 159 332 272 972 586 481 739 972 862 1168 772 158 1084 1169 1042 835 618 95 443 1431 507 443 184 1258 1510 1117 1022 613 789 0 1147 993 411 306 1298 1028 1418 413 199 1348 702 789 970 1154 519 702 227 1060 1580 1283 1048 1034 413 197
901 816 1455 404 771 516 821 555 418 774 394 906 816 751 687 628 1084 1304 330 368 698 1304 485 901 1196 1287 1309 629 810 751 663 630 886 302 756 1195 1008 345 966 860 843 1104 792 1356 714 792 1045 1182 717 130 946 837 901 1147 0 449 1039 884 505 235 625 872 1102 1272 814 901 628 1078 664 814 1088 984 807 318 972 152 872 1058
747 662 1301 498 617 805 667 649 707 620 488 752 662 597 782 917 929 1150 138 120 544 1150 774 747 1042 1214 1155 918 656 597 509 919 1175 470 602 1041 854 471 812 1149 688 950 638 1201 560 638 891 1028 812 419 792 683 747 993 449 0 885 730 600 329 719 718 948 1118 660 747 916 924 509 660 934 830 901 607 818 335 718 904
681 596 1423 1089 328 1396 789 1240 1297 682 1079 301 596 373 1372 1271 348 1272 766 804 875 1272 1364 681 460 633 573 1273 478 373 631 1273 1163 1060 664 459 976 1062 934 1136 510 368 335 1324 399 335 310 1150 1402 1009 914 505 681 411 1039 885 0 198 1190 920 1310 306 367 1240 594 681 1271 1046 411 594 353 952 1472 1198 940 926 305 322
526 441 1268 934 173 1241 634 1085 1142 527 924 146 441 218 1217 1166 242 1117 611 649 720 1117 1209 526 355 527 467 1167 323 218 476 1168 1057 905 509 354 821 907 779 1031 355 263 180 1169 244 180 204 995 1247 854 759 350 526 306 884 730 198 0 1035 765 1155 151 261 1085 439 526 1166 891 256 439 247 797 1317 1043 785 771 151 217
1052 967 1210 213 922 862 972 132 763 925 203 1057 967 902 265 973 1235 940 481 519 849 940 830 1052 1347 1520 1460 975 961 902 814 975 1232 526 907 1346 1159 380 1117 1205 994 1255 943 1110 865 943 1196 937 242 475 1097 988 1052 1298 505 600 1190 1035 0 310 150 1023 1254 908 965 1052 973 1019 815 966 1240 984 332 664 1099 392 1023 1209
781 697 1336 209 652 591 702 360 493 655 199 787 697 631 492 703 964 1185 210 249 579 1185 560 781 1077 1249 1189 704 691 631 544 705 961 256 637 1076 888 182 847 935 723 985 673 1236 595 673 926 1063 522 205 827 718 782 1028 235 329 920 765 310 0 430 753 983 1152 695 781 703 958 544 695 969 865 612 393 853 121 753 938
1172 1087 1097 333 1042 981 997 252 883 1045 322 1177 1087 1022 384 1093 1354 827 600 639 969 827 950 1172 1467 1639 1579 1094 1081 1021 934 1095 1351 646 1027 1466 1099 500 1142 1325 1113 1375 1063 997 985 1063 1316 824 129 595 1038 1108 1172 1418 625 719 1310 1155 150 430 0 1143 1373 794 1085 1172 1093 906 934 1085 1359 870 218 783 985 512 1143 1329
462 377 1256 922 265 1229 622 1073 1130 462 912 121 377 154 1205 1177 350 1105 599 637 708 1105 1197 462 463 635 575 1179 409 154 464 1180 1069 893 445 462 809 895 767 1042 442 370 116 1156 180 116 312 983 1235 842 747 437 462 413 872 718 306 151 1023 753 1143 0 369 1073 375 462 1177 879 263 375 355 785 1305 1030 773 759 86 324
744 659 1487 1152 392 1459 852 1303 1164 745 1142 364 659 436 1436 1059 178 1335 829 868 939 1335 1427 744 248 420 360 1060 541 436 694 1061 950 1124 727 247 1039 1125 998 924 574 156 399 1387 462 398 139 1213 1466 1072 977 568 744 199 1102 948 367 261 1254 983 1373 369 0 1303 657 744 1059 1109 474 658 95 1015 1535 1261 1004 989 369 152
1059 974 695 1090 972 1628 595 1010 1530 821 1080 1107 974 951 1142 1739 1284 79 998 1037 1108 79 1597 1059 1397 1569 1509 1741 1010 951 710 1742 1862 1293 803 1396 697 1258 740 1835 1043 1305 993 595 914 993 1246 421 733 1242 636 1038 1060 1348 1272 1118 1240 1085 908 1152 794 1073 1303 0 972 1059 1739 504 864 973 1289 468 624 1430 583 1158 1073 1258
115 49 1156 864 396 1171 522 1015 1072 270 854 409 49 376 1147 1220 639 1005 541 579 651 1005 1139 115 751 833 864 1222 435 375 286 1222 1112 835 252 750 709 837 667 1085 467 659 346 1056 339 346 600 883 1177 784 647 462 116 702 814 660 594 439 965 695 1085 375 657 972 0 115 1220 779 288 47 643 685 1204 973 673 701 375 613
28 117 1243 951 483 1257 608 1102 1159 357 940 496 117 462 1234 1307 725 1092 628 666 737 1092 1226 28 838 920 950 1308 521 462 373 1309 1199 922 339 837 795 923 754 1172 554 746 433 1143 425 433 687 969 1264 871 734 549 28 789 901 747 681 526 1052 781 1172 462 744 1059 115 0 1307 865 375 115 730 771 1291 1059 760 788 462 699
1270 1185 1824 941 1140 703 1190 1092 297 1143 931 1176 1185 1120 1224 192 1060 1673 798 836 1067 1673 671 1270 834 710 813 193 1179 1119 1032 194 309 570 1125 834 1376 809 1335 282 1211 932 1113 1724 1083 1113 1021 1551 1254 594 1315 1206 1270 948 697 917 1249 1143 1042 772 1162 1142 1036 1640 1183 1270 0 1447 1032 1183 1065 1353 1344 504 1341 689 1142 1034
865 781 687 1127 778 1434 295 1121 1336 627 1117 913 780 757 1253 1546 1090 536 805 843 914 536 1403 865 1203 1375 1315 1547 817 757 516 1548 1668 1099 610 1202 346 1100 391 1642 849 1111 799 588 721 799 1052 414 844 1048 285 844 866 1154 1078 924 1046 891 1019 958 906 879 1109 504 779 865 1546 0 670 779 1095 117 736 1236 398 965 879 1064
375 290 1048 713 143 1020 413 864 921 366 703 297 290 141 997 1131 455 897 390 429 500 897 989 375 568 740 680 1133 182 141 255 1133 1136 685 349 567 600 686 559 1109 214 476 183 948 105 183 417 774 1027 634 539 209 375 519 664 509 411 256 815 544 934 263 474 864 288 375 1131 670 0 288 460 576 1096 822 565 550 263 429
115 49 1156 864 396 1171 522 1015 1072 270 854 409 49 376 1147 1220 639 1005 541 580 651 1005 1139 115 751 834 864 1222 435 376 286 1222 1112 835 252 750 709 837 667 1085 467 659 347 1056 339 346 600 883 1177 784 647 462 116 702 814 660 594 439 966 695 1085 375 658 973 47 115 1220 779 288 0 643 685 1204 973 673 701 375 613
730 645 1473 1138 378 1445 838 1289 1193 731 1128 350 645 422 1421 1087 164 1321 815 854 925 1321 1413 730 276 449 389 1089 527 422 680 1089 979 1109 713 275 1025 1111 983 952 560 184 385 1373 448 384 125 1199 1451 1058 963 554 730 227 1088 934 353 247 1240 969 1359 355 95 1289 643 730 1087 1095 460 643 0 1001 1521 1247 990 975 355 138
771 687 652 1034 684 1341 201 1086 1242 534 1023 819 687 664 1218 1452 996 501 711 749 820 501 1309 771 1109 1281 1221 1453 723 664 423 1454 1575 1005 516 1108 252 1006 297 1548 755 1017 705 552 627 705 958 378 809 954 191 750 772 1060 984 830 952 797 984 865 870 785 1015 468 685 771 1452 117 576 685 1001 0 700 1142 363 871 785 971
1291 1206 927 514 1204 1163 827 434 1065 1053 504 1339 1206 1183 566 1275 1516 657 782 821 1151 657 1132 1291 1629 1801 1741 1276 1242 1183 942 1277 1533 828 1035 1628 929 682 972 1507 1275 1536 1224 827 1146 1225 1478 653 157 777 868 1270 1291 1580 807 901 1472 1317 332 612 218 1305 1535 624 1204 1291 1275 736 1096 1204 1521 700 0 965 815 693 1304 1490
786 701 1340 562 656 219 706 713 225 659 552 791 701 636 846 435 969 1189 314 353 583 1189 187 786 1081 1095 1194 437 695 636 548 437 694 236 641 1080 893 475 851 667 728 989 677 1241 599 677 930 1067 876 215 831 722 786 1032 318 433 924 769 664 393 783 757 987 1157 699 786 435 963 549 699 973 869 965 0 857 310 757 943
760 675 767 1022 672 1329 296 1173 1230 522 1012 807 675 652 1305 1440 985 616 699 738 809 616 1297 760 1097 1270 1210 1442 711 652 411 1442 1563 993 504 1096 482 995 441 1536 744 1005 693 667 615 693 946 494 924 942 421 738 760 1048 972 818 940 785 1099 853 985 773 1004 583 673 760 1440 398 565 673 990 363 815 1131 0 859 773 959
788 703 1342 290 658 508 708 442 410 661 280 793 703 637 574 620 970 1191 216 255 585 1191 477 788 1083 1255 1195 621 697 637 550 622 878 222 643 1082 894 232 853 852 729 991 679 1242 601 679 932 1069 604 122 833 724 788 1034 152 335 926 771 392 121 512 759 989 1158 701 788 620 965 550 701 975 871 693 310 859 0 759 945
461 377 1256 922 265 1229 622 1073 1130 462 911 120 377 154 1205 1177 350 1105 599 637 708 1105 1197 461 462 635 575 1179 409 154 464 1179 1069 893 444 461 809 894 767 1042 442 370 116 1156 180 116 312 983 1235 842 747 436 462 413 872 718 305 151 1023 753 1143 86 369 1073 375 462 1177 879 263 375 355 785 1304 1030 773 759 0 324
699 615 1442 1107 347 1414 808 1259 1162 700 1097 319 615 392 1391 1057 68 1291 785 823 894 1291 1383 699 246 418 358 1058 497 392 650 1059 948 1079 682 245 994 1080 953 922 529 154 354 1342 418 354 49 1169 1421 1028 933 524 700 197 1058 904 322 217 1209 938 1329 324 152 1258 613 699 1057 1064 429 613 138 971 1490 1216 959 945 324 0
EOF