NAME : tsp_problem
TYPE : TSP
DIMENSION : 62
EDGE_WEIGHT_TYPE : EXPLICIT
EDGE_WEIGHT_FORMAT : FULL_MATRIX
EDGE_WEIGHT_SECTION
0 689 155 668 736 1252 227 1258 598 1043 687 582 552 367 357 568 344 750 1043 960 337 839 62 1030 143 1059 948 523 842 1258 1258 992 842 684 801 1243 463 374 463 969 956 169 464 750 1032 1126 874 822 1337 977 849 746 849 794 470 627 699 794 849 1563 1269 567
689 0 787 339 1157 999 642 1004 1090 918 54 355 451 781 655 1060 672 496 446 363 635 586 676 433 673 934 695 1015 588 1004 1004 395 193 228 345 646 955 789 955 372 926 583 956 1135 907 872 1014 173 1083 724 199 1238 200 465 962 1119 244 464 200 1138 1015 1059
155 787 0 766 795 1350 342 1356 657 1103 784 679 649 481 417 627 458 847 1141 1058 397 937 172 1128 257 1119 1046 582 939 1356 1356 1090 940 781 898 1341 523 489 523 1067 1016 283 524 810 1092 1223 934 920 1435 1075 946 806 947 892 529 687 797 892 947 1661 1367 626
668 339 766 0 1179 1020 621 1026 1069 939 336 120 225 761 635 1039 651 518 623 540 614 607 655 610 652 955 716 994 609 1026 1026 572 370 333 450 823 935 768 934 549 947 562 936 1157 929 894 1035 350 1105 745 376 1217 377 161 941 1098 349 160 377 1128 1037 1038
736 1157 795 1179 0 1003 923 1009 921 348 1155 1120 1090 1062 858 891 1038 749 1511 1428 837 839 753 1498 838 365 699 846 841 1009 1009 1460 1310 1152 1269 1711 668 1070 667 1437 262 864 669 63 338 535 180 1290 1088 467 1317 1069 1317 1305 674 950 1167 1304 1317 1314 1020 890
1084 831 1182 852 1003 0 1037 305 1485 764 828 868 846 1176 1050 1455 1067 522 1185 1101 1030 612 1071 1172 1068 780 362 1410 614 306 306 1134 983 825 942 1065 1350 1184 1350 1110 772 978 1351 981 754 718 860 964 384 570 990 1633 990 978 1357 1514 841 978 990 392 317 1454
227 642 342 621 923 1205 0 1210 784 1124 639 534 504 208 435 755 296 702 996 912 414 792 214 982 211 1140 901 710 794 1210 1210 945 794 636 753 1196 650 216 650 921 1132 121 651 937 1113 1078 1061 775 1289 930 801 933 801 747 657 814 652 746 801 1516 1221 754
862 608 959 630 961 305 814 0 1262 722 606 646 624 954 828 1232 845 300 962 879 808 389 849 949 846 738 412 1187 392 45 45 911 761 603 720 1162 1128 962 1128 888 729 756 1129 939 711 676 818 741 162 527 768 1411 768 756 1134 1292 618 755 768 616 56 1231
598 1090 657 1069 921 1653 784 1658 0 1228 1087 982 952 924 720 133 900 1150 1377 1294 699 1240 615 1364 700 1244 1349 192 1242 1658 1658 1326 1124 1084 1201 1399 648 932 648 1303 1141 726 649 935 1217 1414 1059 1104 1737 1346 1130 415 1131 1195 655 86 1100 1194 1131 1630 1669 132
1043 918 1103 939 348 764 1124 769 1228 0 915 955 933 1263 1138 1198 1154 510 1272 1189 1117 599 1060 1259 1145 39 460 1153 602 770 769 1221 1071 912 1029 1472 975 1271 975 1197 117 1065 976 326 56 295 205 1051 848 228 1077 1376 1077 1065 981 1257 928 1065 1078 1075 781 1197
687 54 784 336 1155 996 639 1002 1087 915 0 353 449 779 653 1057 669 494 441 358 632 583 673 428 671 931 692 1012 585 1002 1002 390 188 226 343 641 953 787 953 367 923 581 954 1133 905 870 1011 168 1081 721 194 1236 195 462 959 1116 242 462 195 1133 1013 1056
582 355 679 120 1120 1037 534 1042 982 955 353 0 139 674 548 952 564 534 639 556 527 623 568 626 566 971 733 907 626 1042 1042 588 386 349 467 839 848 682 848 565 963 476 849 1135 945 910 1051 366 1121 761 392 1131 393 246 854 1011 365 246 393 1144 1053 951
552 451 649 225 1090 1014 504 1020 952 933 449 139 0 644 518 922 534 512 745 662 497 601 538 732 536 949 710 877 603 1020 1020 694 491 446 563 945 818 651 818 670 941 446 819 1105 923 888 1029 472 1099 739 498 1100 498 352 824 981 461 351 498 1250 1031 921
367 781 481 761 1062 1345 208 1350 924 1263 779 674 644 0 575 894 436 842 1135 1052 554 931 353 1122 351 1279 1041 849 934 1350 1350 1084 934 776 893 1335 790 204 790 1061 1271 224 791 1077 1253 1218 1201 914 1429 1069 941 1073 941 887 796 954 792 886 941 1656 1361 893
357 655 417 635 858 1219 435 1224 720 1138 653 548 518 575 0 690 465 716 1009 926 203 805 375 996 460 1154 915 645 808 1224 1224 959 808 650 767 1210 586 582 586 935 1079 377 587 873 1127 1092 997 789 1303 944 815 868 815 761 592 749 666 760 815 1530 1235 689
568 1060 627 1039 891 1623 755 1628 133 1198 1057 952 922 894 690 0 870 1120 1347 1264 669 1210 585 1334 670 1214 1319 162 1212 1628 1628 1296 1094 1054 1171 1369 618 902 618 1273 1111 696 619 905 1187 1384 1029 1074 1707 1316 1100 385 1101 1165 625 162 1070 1164 1101 1600 1639 75
344 672 458 651 1038 1235 296 1241 900 1154 669 564 534 436 465 870 0 733 1026 943 445 822 330 1013 328 1170 931 825 824 1241 1241 975 825 666 784 1226 765 443 765 952 1162 238 766 1052 1144 1109 1176 805 1320 960 831 1048 832 777 772 929 682 777 832 1546 1252 869
750 496 847 518 749 591 702 597 1150 510 494 534 512 842 716 1120 733 0 850 767 695 142 736 837 734 526 287 1075 144 597 597 799 649 491 608 1050 1016 850 1016 776 518 644 1017 727 500 464 606 629 676 316 656 1299 656 644 1022 1179 506 643 656 902 608 1119
1043 446 1141 623 1511 1139 996 1358 1444 1272 441 639 745 1135 1009 1414 1026 850 0 357 989 940 1030 125 1027 1288 1049 1369 942 1358 1358 156 369 421 601 259 1309 1143 1309 366 1280 937 1310 1489 1261 1226 1368 310 1437 1078 375 1592 376 749 1316 1473 422 749 376 906 1369 1413
960 363 1058 540 1428 1270 912 1275 1360 1189 358 556 662 1052 926 1330 943 767 357 0 906 856 947 344 944 1205 966 1286 859 1275 1275 306 286 338 518 557 1226 1060 1226 97 1196 854 1227 1406 1178 1143 1285 227 1354 994 292 1509 292 666 1233 1390 338 666 293 1203 1286 1330
337 635 397 614 837 1198 414 1204 699 1117 632 527 497 554 203 669 445 695 989 906 0 785 354 976 439 1133 894 624 787 1204 1204 938 788 629 746 1189 565 562 565 915 1058 356 566 852 1107 1072 976 768 1283 923 794 848 795 740 571 729 645 740 795 1509 1215 668
839 586 937 607 839 680 792 686 1240 599 583 623 601 931 805 1210 822 142 940 856 785 0 826 927 823 615 376 1165 48 686 686 889 739 580 697 1140 1105 939 1105 865 607 733 1106 817 589 554 695 719 765 405 745 1388 745 733 1112 1269 596 733 745 992 697 1209
62 676 172 655 753 1239 214 1245 615 1060 673 568 538 353 375 585 330 736 1030 947 354 826 0 1017 129 1076 935 540 828 1245 1245 979 829 670 787 1230 481 361 481 956 974 155 482 768 1050 1113 892 809 1324 964 835 763 836 781 487 644 686 781 836 1550 1256 584
1030 433 1128 610 1498 1205 982 1345 1431 1259 428 626 732 1122 996 1401 1013 837 125 344 976 927 1017 0 1014 1275 1036 1356 929 1345 1345 143 356 408 588 326 1296 1130 1296 353 1267 924 1297 1476 1248 1213 1355 297 1424 1065 362 1579 363 736 1303 1460 408 736 363 972 1356 1400
143 673 257 652 838 1236 211 1242 700 1145 671 566 536 351 460 670 328 734 1027 944 439 823 129 1014 0 1161 932 625 825 1242 1242 976 826 668 785 1227 566 358 566 953 1059 152 567 853 1135 1110 977 806 1321 961 833 849 833 778 572 730 683 778 833 1547 1253 669
1059 934 1119 955 365 780 1140 785 1244 39 931 971 949 1279 1154 1214 1170 526 1288 1205 1133 615 1076 1275 1161 0 476 1169 618 786 785 1237 1087 928 1045 1488 991 1287 991 1214 133 1081 992 342 50 311 221 1067 864 244 1093 1392 1093 1081 997 1273 944 1081 1094 1091 797 1213
948 695 1046 716 699 362 901 412 1349 460 692 733 710 1041 915 1319 931 287 1049 966 894 376 935 1036 932 476 0 1274 379 412 412 998 848 689 806 1249 1215 1048 1214 975 468 842 1216 677 449 414 556 828 491 266 854 1497 855 842 1221 1378 705 842 855 673 423 1318
523 1015 582 994 846 1578 710 1583 192 1153 1012 907 877 849 645 162 825 1075 1302 1219 624 1165 540 1289 625 1169 1274 0 1167 1584 1583 1251 1049 1009 1126 1324 573 857 573 1228 1066 651 575 860 1143 1339 985 1029 1662 1271 1055 256 1056 1120 580 221 1025 1120 1056 1555 1595 161
842 588 939 609 841 683 794 688 1242 602 585 626 603 934 808 1212 824 144 942 859 787 48 828 929 825 618 379 1167 0 688 688 891 741 582 699 1142 1108 941 1108 868 609 735 1109 819 591 556 698 721 767 408 747 1390 748 735 1114 1271 598 735 748 994 699 1211
862 608 960 630 961 306 814 45 1262 722 606 646 624 954 828 1232 845 300 962 879 808 390 849 949 846 738 412 1188 392 0 45 911 761 603 720 1162 1128 962 1128 888 730 756 1129 939 711 676 818 741 162 528 768 1411 768 756 1135 1292 619 756 768 617 56 1232
862 608 960 630 961 306 814 45 1262 722 606 646 624 954 828 1232 845 300 962 879 808 389 849 949 846 738 412 1187 392 45 0 911 761 603 720 1162 1128 962 1128 888 729 756 1129 939 711 676 818 741 162 527 768 1411 768 756 1134 1292 619 755 768 617 56 1231
992 395 1090 572 1460 1235 945 1307 1393 1221 390 588 694 1084 959 1363 975 799 156 306 938 889 979 143 976 1237 998 1318 891 1308 1307 0 318 370 550 356 1258 1092 1258 315 1229 886 1259 1438 1210 1175 1317 259 1386 1027 324 1541 325 698 1265 1422 371 698 325 1002 1319 1362
842 193 940 370 1310 1152 794 1157 1242 1071 188 386 491 934 808 1212 825 649 369 286 788 739 829 356 826 1087 848 1168 741 1157 1157 318 0 285 465 569 1108 942 1108 295 1078 736 1109 1288 1060 1025 1167 96 1236 877 95 1391 95 496 1115 1272 285 495 95 1159 1168 1212
684 228 781 333 1152 993 636 999 1084 912 226 349 446 776 650 1054 666 491 421 338 629 580 670 408 668 928 689 1009 582 999 999 370 285 0 241 621 950 784 950 347 920 578 951 1129 902 867 1008 226 1078 718 292 1233 292 459 956 1113 128 459 292 1268 1010 1053
801 345 898 450 1269 1110 753 1116 1201 1029 343 467 563 893 767 1171 784 608 601 518 746 697 787 588 785 1045 806 1126 699 1116 1116 550 465 241 0 801 1067 901 1067 527 1037 695 1068 1247 1019 984 1125 406 1195 835 471 1350 472 576 1073 1230 257 576 472 1392 1127 1170
1243 646 1341 823 1711 1015 1196 1240 1644 1472 641 839 945 1335 1210 1614 1226 1050 259 557 1189 1140 1230 326 1227 1488 1249 1569 1142 1240 1240 356 569 621 801 0 1509 1343 1509 566 1480 1137 1510 1689 1461 1426 1568 510 1319 1278 575 1792 576 949 1516 1673 622 949 576 782 1251 1613
463 955 523 935 668 1519 650 1524 648 975 953 848 818 790 586 618 765 1016 1309 1226 565 1105 481 1296 566 991 1215 573 1108 1524 1524 1258 1108 950 1067 1509 0 798 55 1235 888 592 58 682 964 1161 806 1088 1603 1093 1115 797 1115 1061 81 678 966 1060 1115 1830 1535 617
374 789 489 768 1070 1352 216 1358 932 1271 787 682 651 204 582 902 443 850 1143 1060 562 939 361 1130 358 1287 1048 857 941 1358 1358 1092 942 784 901 1343 798 0 798 1069 1279 231 799 1085 1261 1226 1209 922 1437 1077 948 1081 949 894 804 961 799 894 949 1663 1369 901
463 955 523 934 667 1518 650 1524 648 975 953 848 818 790 586 618 765 1016 1309 1226 565 1105 481 1296 566 991 1214 573 1108 1524 1524 1258 1108 950 1067 1509 55 798 0 1235 888 592 58 682 964 1161 806 1088 1603 1093 1115 797 1115 1060 81 678 965 1060 1115 1829 1535 617
969 372 1067 549 1437 1279 921 1284 1369 1197 367 565 670 1061 935 1339 952 776 366 97 915 865 956 353 953 1214 975 1295 868 1284 1284 315 295 347 527 566 1235 1069 1235 0 1205 863 1236 1415 1187 1152 1293 236 1363 1003 301 1518 301 675 1241 1399 347 674 302 1212 1295 1338
956 926 1016 947 262 772 1132 777 1141 117 923 963 941 1271 1079 1111 1162 518 1280 1196 1058 607 974 1267 1059 133 468 1066 609 777 777 1229 1078 920 1037 1480 888 1279 888 1205 0 1073 889 240 107 303 118 1059 856 235 1085 1290 1085 1073 894 1171 936 1073 1085 1083 788 1110
169 583 283 562 864 1146 121 1152 726 1065 581 476 446 224 377 696 238 644 937 854 356 733 155 924 152 1081 842 651 735 1152 1152 886 736 578 695 1137 592 231 592 863 1073 0 593 879 1055 1020 1003 716 1231 871 742 875 743 688 598 755 593 688 743 1457 1163 695
464 956 524 936 669 1520 651 1525 649 976 954 849 819 791 587 619 766 1017 1310 1227 566 1106 482 1297 567 992 1216 575 1109 1525 1525 1259 1109 951 1068 1510 58 799 58 1236 889 593 0 683 965 1162 807 1089 1604 1094 1116 798 1116 1062 82 679 967 1061 1116 1831 1536 618
750 1135 810 1157 63 981 937 987 935 326 1133 1135 1105 1077 873 905 1052 727 1489 1406 852 817 768 1476 853 342 677 860 819 987 987 1438 1288 1129 1247 1689 682 1085 682 1415 240 879 683 0 316 513 158 1268 1066 445 1294 1084 1295 1283 688 965 1145 1282 1295 1292 998 904
1032 907 1092 929 338 754 1113 759 1217 56 905 945 923 1253 1127 1187 1144 500 1261 1178 1107 589 1050 1248 1135 50 449 1143 591 759 759 1210 1060 902 1019 1461 964 1261 964 1187 107 1055 965 316 0 285 195 1040 838 217 1067 1366 1067 1055 971 1247 918 1055 1067 1065 770 1186
1126 872 1223 894 535 718 1078 724 1414 295 870 910 888 1218 1092 1384 1109 464 1226 1143 1072 554 1113 1213 1110 311 414 1339 556 724 724 1175 1025 867 984 1426 1161 1226 1161 1152 303 1020 1162 513 285 0 391 1005 803 182 1032 1563 1032 1020 1167 1443 882 1019 1032 1029 735 1383
874 1014 934 1035 180 860 1061 865 1059 205 1011 1051 1029 1201 997 1029 1176 606 1368 1285 976 695 892 1355 977 221 556 985 698 866 865 1317 1167 1008 1125 1568 806 1209 806 1293 118 1003 807 158 195 391 0 1147 944 324 1173 1208 1173 1161 813 1089 1024 1161 1174 1171 877 1028
822 173 920 350 1290 1132 775 1137 1223 1051 168 366 472 914 789 1193 805 629 310 227 768 719 809 297 806 1067 828 1148 721 1138 1137 259 96 226 406 510 1088 922 1088 236 1059 716 1089 1268 1040 1005 1147 0 1216 857 102 1371 103 476 1095 1252 227 476 103 1139 1149 1192
738 485 836 506 838 679 691 685 1139 598 482 522 500 830 705 1109 721 177 839 756 684 266 725 826 722 614 375 1064 268 685 685 788 638 479 596 1039 1004 838 1004 765 606 632 1006 815 588 553 694 618 0 404 644 1287 644 632 1011 1168 495 632 645 990 696 1108
977 724 1075 745 467 570 930 575 1346 228 721 761 739 1069 944 1316 960 316 1078 994 923 405 964 1065 961 244 266 1271 408 575 575 1027 877 718 835 1278 1093 1077 1093 1003 235 871 1094 445 217 182 324 857 654 0 883 1495 883 871 1100 1376 734 871 883 881 586 1315
849 199 946 376 1317 1158 801 1164 1249 1077 194 392 498 941 815 1219 831 656 375 292 794 745 835 362 833 1093 854 1174 747 1164 1164 324 95 292 471 575 1115 948 1115 301 1085 742 1116 1294 1067 1032 1173 102 1243 883 0 1397 108 502 1121 1278 292 502 108 1165 1175 1218
746 1238 806 1217 1069 1801 933 1807 415 1376 1236 1131 1100 1073 868 385 1048 1299 1526 1442 848 1388 763 1512 849 1392 1497 256 1390 1807 1807 1475 1272 1233 1350 1547 797 1081 797 1451 1290 875 798 1084 1366 1563 1208 1253 1886 1495 1279 0 1279 1343 803 445 1248 1343 1279 1779 1818 385
849 200 947 377 1317 1159 801 1164 1249 1077 195 393 498 941 815 1219 832 656 376 292 795 745 836 363 833 1093 855 1174 748 1164 1164 325 95 292 472 576 1115 949 1115 301 1085 743 1116 1295 1067 1032 1173 103 1243 883 108 1398 0 503 1121 1279 292 502 109 1165 1175 1218
794 465 892 161 1305 1146 747 1152 1195 1065 462 246 352 887 761 1165 777 644 749 666 740 733 781 736 778 1081 842 1120 735 1152 1152 698 496 459 576 949 1061 894 1060 675 1073 688 1062 1283 1055 1020 1161 476 1231 871 502 1343 503 0 1067 1224 475 27 503 1254 1163 1164
470 962 529 941 674 1525 657 1530 655 981 959 854 824 796 592 625 772 1022 1316 1233 571 1112 487 1303 572 997 1221 580 1114 1531 1530 1265 1115 956 1073 1516 81 804 81 1241 894 598 82 688 971 1167 813 1095 1609 1100 1121 803 1121 1067 0 684 972 1067 1122 1836 1542 624
627 1119 687 1098 950 1682 814 1688 86 1257 1116 1011 981 954 749 162 929 1179 1406 1323 729 1269 644 1393 730 1273 1378 221 1271 1688 1688 1355 1153 1113 1230 1428 678 961 678 1332 1171 755 679 965 1247 1443 1089 1133 1767 1376 1160 445 1160 1224 684 0 1129 1224 1160 1659 1699 161
699 244 797 349 1167 1009 652 1015 1100 928 242 365 461 792 666 1070 682 506 422 338 645 596 686 408 683 944 705 1025 598 1015 1015 371 285 128 257 622 966 799 965 347 936 593 967 1145 918 882 1024 227 1094 734 292 1248 292 475 972 1129 0 475 292 1268 1026 1069
794 464 892 160 1304 1146 746 1152 1194 1065 462 246 351 886 760 1164 777 643 749 666 740 733 781 736 778 1081 842 1120 735 1152 1152 698 495 459 576 949 1060 894 1060 674 1073 688 1061 1282 1055 1019 1161 476 1231 871 502 1343 502 27 1067 1224 475 0 502 1254 1163 1164
849 200 947 377 1317 1159 801 1164 1249 1078 195 393 498 941 815 1219 832 656 376 293 795 745 836 363 833 1094 855 1175 748 1164 1164 325 95 292 472 576 1115 949 1115 302 1085 743 1116 1295 1067 1032 1174 103 1243 883 108 1398 109 503 1122 1279 292 502 0 1166 1175 1219
1309 1056 1407 1077 1229 306 1262 531 1710 989 1053 1094 1071 1401 1276 1680 1292 748 1011 1309 1255 837 1296 1078 1293 1005 587 1635 839 531 531 1108 1209 1050 1167 887 1576 1409 1575 1318 997 1203 1577 1206 979 944 1085 1189 610 795 1215 1858 1215 1203 1582 1739 1066 1203 1216 0 542 1679
873 619 971 641 972 317 825 56 1273 733 617 657 635 965 839 1243 856 311 973 890 819 401 860 960 857 749 423 1199 403 56 56 922 772 614 731 1173 1139 973 1139 899 741 767 1140 950 722 687 829 752 173 539 779 1422 779 767 1145 1303 630 767 779 628 0 1242
567 1059 626 1038 890 1622 754 1627 132 1197 1056 951 921 893 689 75 869 1119 1346 1263 668 1209 584 1333 669 1213 1318 161 1211 1628 1627 1295 1093 1053 1170 1368 617 901 617 1272 1110 695 618 904 1186 1383 1028 1073 1706 1315 1099 385 1100 1164 624 161 1069 1164 1100 1599 1639 0
EOF