NAME : tsp_problem
TYPE : TSP
DIMENSION : 30
EDGE_WEIGHT_TYPE : EXPLICIT
EDGE_WEIGHT_FORMAT : FULL_MATRIX
EDGE_WEIGHT_SECTION
0 86 424 296 289 135 1293 115 619 265 956 936 365 794 238 572 785 341 1030 119 1175 383 140 140 272 781 963 659 74 108
86 0 362 234 227 73 1231 54 558 204 894 875 304 733 176 511 724 279 969 58 1114 321 193 79 210 720 901 598 128 161
424 362 0 314 178 314 1279 357 605 251 552 533 351 391 204 169 382 327 627 329 1161 369 530 308 258 378 559 645 465 498
296 234 314 0 179 186 1183 229 509 156 846 826 256 684 128 462 675 231 920 201 1066 273 402 180 162 672 853 550 337 370
289 227 178 179 0 179 1143 221 470 116 710 690 216 548 68 326 539 191 784 194 1026 234 395 173 123 535 717 510 330 363
135 73 314 186 179 0 1183 67 509 155 846 826 255 684 128 462 675 231 920 40 1065 273 241 42 162 671 853 549 176 209
1291 1229 1277 1181 1142 1181 0 1224 747 1049 1809 1789 1165 1647 1091 1425 1638 1140 1883 1196 252 1182 1397 1175 1125 1634 1816 787 1332 1365
115 54 357 229 221 67 1226 0 552 198 889 869 298 727 171 505 718 274 963 72 1108 316 222 73 205 714 896 592 156 190
617 556 603 508 468 507 747 550 0 375 1135 1116 491 974 417 752 964 466 1210 523 630 509 724 501 451 961 1142 74 658 692
265 204 251 156 116 155 1051 198 377 0 783 764 139 622 65 400 613 115 858 171 933 157 372 149 99 609 791 418 307 340
956 894 552 846 710 846 1811 889 1137 783 0 51 883 212 736 424 186 859 141 861 1693 901 1062 840 790 224 73 1177 997 1030
936 875 533 826 690 826 1791 869 1117 764 51 0 863 192 716 404 166 839 126 842 1674 881 1042 820 770 204 58 1158 977 1010
365 304 351 256 216 255 1166 298 493 139 883 863 0 722 165 499 712 49 958 271 1049 84 471 249 199 709 890 533 406 440
794 733 391 684 548 684 1649 727 975 622 212 192 722 0 574 262 46 697 286 700 1532 739 900 678 628 62 219 1016 835 868
238 176 204 128 68 128 1093 171 419 65 736 716 165 574 0 352 565 141 810 143 975 183 344 122 72 561 743 459 279 312
572 511 169 462 326 462 1427 505 753 400 424 404 499 262 352 0 253 475 498 478 1310 517 678 456 406 249 431 794 613 646
785 724 382 675 539 675 1640 718 966 613 186 166 712 46 565 253 0 688 260 690 1522 730 891 669 619 53 193 1007 826 859
341 279 327 231 191 231 1142 274 468 115 859 839 49 697 141 475 688 0 933 246 1024 67 447 225 175 684 866 509 382 415
1030 969 627 920 784 920 1885 963 1211 858 141 126 958 286 810 498 260 933 0 936 1768 975 1136 914 864 298 118 1252 1071 1104
119 58 329 201 194 40 1198 72 525 171 861 842 271 700 143 478 690 246 936 0 1081 288 225 46 177 687 868 565 160 193
1173 1112 1159 1064 1024 1063 252 1106 630 932 1691 1672 1047 1530 973 1308 1521 1023 1766 1079 0 1065 1280 1057 1007 1517 1699 670 1214 1248
383 321 369 273 234 273 1184 316 510 157 901 881 84 739 183 517 730 67 975 288 1066 0 489 267 217 726 908 551 424 457
140 193 530 402 395 241 1399 222 725 372 1062 1042 471 900 344 678 891 447 1136 225 1282 489 0 247 378 888 1069 766 99 93
140 79 308 180 173 42 1177 73 503 149 840 820 249 678 122 456 669 225 914 46 1059 267 247 0 156 665 847 543 181 215
272 210 258 162 123 162 1127 205 453 99 790 770 199 628 72 406 619 175 864 177 1009 217 378 156 0 615 797 493 313 346
781 720 378 672 535 671 1636 714 963 609 224 204 709 62 561 249 53 684 298 687 1519 726 888 665 615 0 231 1003 822 856
963 901 559 853 717 853 1818 896 1144 791 73 58 890 219 743 431 193 866 118 868 1700 908 1069 847 797 231 0 1185 1004 1037
658 596 644 548 508 548 787 590 74 416 1176 1156 531 1014 458 792 1005 507 1250 563 670 549 764 542 492 1001 1183 0 699 732
74 128 465 337 330 176 1334 156 660 307 997 977 406 835 279 613 826 382 1071 160 1216 424 99 181 313 822 1004 701 0 67
108 161 498 370 363 209 1367 190 693 340 1030 1010 440 868 312 646 859 415 1104 193 1250 457 93 215 346 856 1037 734 67 0
EOF