NAME : tsp_problem
TYPE : TSP
DIMENSION : 36
EDGE_WEIGHT_TYPE : EXPLICIT
EDGE_WEIGHT_FORMAT : FULL_MATRIX
EDGE_WEIGHT_SECTION
0 1705 459 1061 1441 1759 616 1784 441 1478 669 1811 646 663 2463 654 926 998 1720 747 1255 2064 1837 2017 1132 2032 2478 797 1601 456 1898 303 2113 1829 509 1241
1648 0 1306 2138 2365 600 1126 1121 1219 257 1118 1128 2147 2164 1101 1103 1881 1953 244 2011 2209 1958 1154 1910 1025 1926 1082 1075 939 1204 1236 1532 638 670 1166 2686
459 1363 0 1395 1741 1417 260 1442 266 1137 328 1469 980 997 2122 313 1256 1329 1378 1081 1585 1723 1495 1675 790 1691 2136 456 1260 281 1557 637 1772 1488 253 1575
1061 2195 1395 0 1081 2249 1340 2274 1289 1968 1365 2301 749 676 2954 1350 481 533 2210 375 809 2554 2327 2507 1622 2523 2968 1399 2092 1274 2388 961 2604 2319 1274 587
1442 2423 1741 1081 0 2477 1568 2502 1517 2196 1593 2529 1307 1324 3181 1578 724 896 2438 954 330 2782 2555 2735 1850 2750 3196 1627 2319 1501 2616 1189 2831 2547 1502 1630
1759 600 1417 2249 2476 0 1237 1176 1331 373 1229 772 2258 2275 1025 1214 1992 2064 614 2122 2320 2069 798 2021 1136 2037 1040 1186 993 1315 1290 1643 1008 314 1277 2797
616 1183 260 1340 1567 1237 0 1262 187 956 148 1289 1115 1132 1942 132 1082 1155 1198 1213 1411 1543 1315 1495 610 1511 1956 276 1080 172 1377 528 1592 1307 120 1710
1784 1121 1442 2274 2501 1176 1262 0 1355 895 1254 794 2025 2042 1683 1239 2016 2089 1136 2127 2345 2094 798 2046 1161 2062 1697 1211 543 1340 267 1668 1530 1246 1302 2620
441 1276 266 1289 1516 1331 187 1355 0 1050 241 1383 940 957 2035 226 1032 1104 1291 1042 1360 1636 1409 1588 704 1604 2049 369 1173 36 1470 475 1685 1401 81 1535
1478 257 1137 1968 2195 373 956 895 1050 0 949 901 1977 1994 1155 933 1711 1783 334 1841 2039 1788 927 1740 856 1756 1169 905 713 1034 1009 1362 727 443 997 2517
669 1175 328 1365 1593 1229 148 1254 241 949 0 1282 1169 1186 1934 45 1108 1180 1190 1238 1436 1535 1307 1487 602 1503 1948 268 1072 226 1369 554 1584 1300 188 1764
1811 1128 1469 2301 2528 772 1289 794 1383 901 1282 0 2102 2119 972 1266 2044 2116 1143 2174 2372 2121 198 2073 1189 2089 986 1238 504 1367 730 1695 1334 614 1329 2697
646 2204 980 749 1329 2258 1115 2062 941 1977 1169 2139 0 243 2963 1154 728 781 2219 435 1057 2564 2255 2516 1631 2532 2977 1297 1880 956 2177 780 2613 2328 1009 821
663 2221 997 676 1346 2275 1132 2079 958 1995 1186 2156 243 0 2980 1171 745 798 2236 452 1074 2581 2272 2533 1648 2549 2994 1314 1897 973 2194 798 2630 2346 1026 597
2491 1031 2150 2982 3209 1025 1970 1711 2063 1120 1962 1000 2991 3008 0 1947 2724 2796 808 2855 3053 2801 1025 2754 1869 2770 64 1919 1421 2048 1558 2376 402 917 2010 3530
654 1160 313 1350 1577 1214 132 1239 226 933 45 1266 1153 1170 1919 0 1093 1165 1175 1223 1421 1519 1292 1472 587 1488 1933 252 1057 210 1353 538 1569 1284 173 1748
925 1937 1256 481 724 1992 1082 2016 1032 1711 1108 2044 728 745 2696 1093 0 296 1952 354 452 2297 2070 2249 1365 2265 2710 1142 1834 1016 2131 704 2346 2062 1017 1029
998 2010 1329 533 896 2064 1155 2089 1104 1783 1180 2116 781 798 2768 1165 296 0 2025 406 624 2369 2142 2322 1437 2338 2783 1214 1907 1089 2203 776 2418 2134 1089 1082
1720 244 1378 2210 2437 614 1198 1136 1291 334 1190 1143 2219 2236 887 1175 1952 2025 0 2083 2281 2030 1169 1982 1097 1998 867 1147 954 1276 1251 1604 423 685 1238 2758
747 2068 1081 375 954 2122 1213 2147 1042 1841 1238 2174 435 452 2827 1223 354 406 2083 0 682 2427 2200 2380 1495 2396 2841 1272 1965 1057 2261 834 2476 2192 1110 923
1254 2266 1585 809 330 2320 1411 2345 1360 2039 1436 2372 1057 1074 3025 1421 452 624 2281 682 0 2625 2398 2578 1693 2594 3039 1470 2163 1345 2459 1032 2675 2390 1345 1358
1166 1116 824 1656 1883 1170 644 1195 737 890 636 1222 1665 1682 1875 621 1398 1471 1131 1529 1727 0 1248 71 264 69 1889 593 1013 722 1310 1050 1525 1241 684 2204
1837 1154 1495 2327 2554 798 1315 798 1409 927 1307 198 2218 2235 997 1292 2070 2142 1169 2200 2398 2147 0 2099 1214 2115 1011 1264 620 1393 629 1721 1359 639 1355 2813
1213 1163 871 1703 1930 1217 691 1242 784 937 683 1270 1712 1729 1922 668 1445 1518 1178 1576 1774 71 1295 0 311 116 1936 640 1060 769 1357 1097 1572 1288 731 2251
1923 1873 1581 2413 2640 1927 1401 1952 1494 1646 1393 1979 2422 2439 2632 1378 2155 2228 1888 2286 2484 964 2005 916 0 932 2646 1350 1770 1479 2067 1807 2282 1997 1441 2961
1124 1074 782 1614 1841 1128 602 1153 695 847 594 1180 1623 1640 1833 579 1356 1429 1089 1487 1685 69 1206 116 221 0 1847 551 971 680 1268 1008 1483 1198 642 2162
2486 1011 2145 2977 3204 1040 1965 1725 2058 1100 1957 1014 2985 3003 64 1942 2719 2791 788 2849 3048 2796 1039 2749 1864 2764 0 1914 1435 2043 1572 2370 382 931 2005 3525
797 1132 456 1399 1626 1186 276 1211 369 905 268 1238 1296 1313 1891 252 1142 1214 1147 1272 1470 1491 1264 1444 559 1460 1905 0 1029 353 1326 681 1541 1256 316 1891
1601 939 1260 2092 2319 993 1080 543 1173 713 1072 504 1843 1860 1393 1057 1834 1907 954 1945 2163 1911 620 1864 979 1880 1407 1029 0 1158 657 1486 1348 1035 1120 2438
456 1261 281 1274 1501 1315 172 1340 36 1034 226 1367 956 973 2020 210 1016 1089 1276 1057 1345 1620 1393 1573 688 1589 2034 353 1158 0 1455 462 1670 1385 66 1551
1898 1236 1557 2388 2616 1290 1377 267 1470 1009 1369 730 2140 2157 1530 1353 2131 2203 1251 2241 2459 2208 629 2161 1276 2176 1544 1326 657 1455 0 1782 1645 1172 1417 2735
303 1589 637 961 1188 1643 528 1668 475 1362 554 1695 780 797 2348 538 704 776 1604 834 1032 1948 1721 1901 1016 1917 2362 681 1486 462 1782 0 1998 1713 462 1375
2125 650 1784 2615 2843 1020 1604 1542 1697 739 1596 1392 2624 2641 485 1580 2358 2430 427 2488 2686 2435 1418 2388 1503 2403 465 1552 1360 1681 1656 2009 0 1090 1644 3164
1829 670 1488 2319 2546 314 1307 1246 1401 443 1300 614 2328 2345 917 1284 2062 2134 685 2192 2390 2139 639 2091 1207 2107 931 1256 1035 1385 1172 1713 1078 0 1348 2868
509 1223 253 1274 1501 1277 120 1302 81 997 188 1329 1008 1026 1982 173 1017 1089 1238 1110 1345 1583 1355 1535 650 1551 1996 316 1120 66 1417 462 1632 1348 0 1604
1241 2743 1575 587 1630 2797 1710 2657 1536 2517 1764 2734 821 597 3502 1749 1029 1082 2758 923 1358 3103 2850 3055 2170 3071 3516 1892 2475 1551 2772 1376 3152 2868 1604 0
EOF