NAME : tsp_problem
TYPE : TSP
DIMENSION : 56
EDGE_WEIGHT_TYPE : EXPLICIT
EDGE_WEIGHT_FORMAT : FULL_MATRIX
EDGE_WEIGHT_SECTION
0 753 957 538 860 1187 816 727 749 692 190 907 541 812 369 1121 623 435 500 1120 635 349 931 1078 467 431 444 589 140 703 207 733 1024 299 650 301 486 465 309 961 1110 619 1130 271 99 533 868 542 289 498 188 645 647 501 561 1004
753 0 300 601 1086 530 257 379 401 918 590 1134 767 155 404 464 274 366 726 463 862 575 274 421 694 657 457 815 654 930 709 199 367 800 876 1007 712 399 465 304 453 845 473 643 805 759 211 768 995 724 590 871 873 340 787 347
957 300 0 806 1291 382 461 584 606 1123 795 1338 971 180 609 316 479 571 930 506 1066 780 406 146 898 862 662 1020 858 1134 914 403 499 1005 1080 1211 917 604 670 436 210 1050 324 848 1009 964 342 973 1200 929 794 1076 1078 544 992 198
538 601 806 0 750 1035 664 576 598 582 474 797 430 661 288 969 471 264 389 968 525 238 779 926 357 320 172 478 470 593 373 581 872 464 539 792 375 295 349 810 959 509 978 307 590 422 716 432 781 387 473 535 536 330 451 852
860 1086 1291 750 0 1520 1149 1061 1083 560 908 95 571 1146 773 1454 956 749 655 1453 515 560 1265 1411 623 586 657 453 813 323 694 1066 1357 785 386 1114 516 780 834 1295 1444 669 1463 628 912 563 1201 573 1102 528 906 374 677 815 592 1337
1187 530 382 1035 1520 0 691 813 835 1352 1025 1568 1201 410 838 144 708 800 1160 824 1296 1009 635 502 1128 1091 891 1249 1088 1364 1143 633 728 1234 1310 1441 1146 834 899 665 566 1279 311 1077 1239 1193 572 1202 1429 1158 1024 1305 1307 774 1221 329
816 257 461 664 1149 691 0 442 464 981 654 1197 830 316 468 625 337 429 789 624 925 638 435 582 757 720 521 878 717 993 772 96 528 864 939 1070 775 463 529 465 614 908 634 707 868 822 372 831 1058 787 653 934 936 403 850 507
727 379 584 576 1061 813 442 0 171 893 565 1108 742 439 379 747 129 341 700 746 836 550 558 704 668 632 432 790 628 904 684 359 650 775 850 981 687 374 440 588 737 820 756 618 779 734 494 743 970 699 564 846 848 314 762 630
749 401 606 598 1083 835 464 171 0 915 587 1130 763 461 401 769 151 362 722 768 858 572 580 726 690 654 454 812 650 926 706 381 672 797 872 1003 708 396 462 610 759 842 778 640 801 756 516 765 992 720 586 868 869 336 784 652
692 918 1123 582 560 1352 981 893 915 0 740 506 274 978 605 1286 788 582 420 1286 352 392 1097 1243 453 419 489 290 645 260 526 898 1190 618 376 946 253 612 666 1127 1276 307 1295 461 744 178 1033 173 935 208 738 201 177 648 275 1169
190 590 795 474 908 1025 654 565 587 740 0 955 589 650 207 959 460 321 548 958 683 397 769 916 515 479 330 637 188 751 255 570 862 347 698 444 534 351 146 799 948 667 967 319 242 581 705 590 433 546 85 693 695 387 609 841
907 1134 1338 797 95 1568 1197 1108 1130 506 955 0 619 1193 820 1502 1003 797 703 1501 462 608 1312 1459 670 634 705 400 860 270 742 1113 1405 833 332 1161 494 827 881 1342 1491 717 1510 676 959 559 1248 554 1150 576 953 320 661 863 639 1384
541 767 971 430 571 1201 830 742 763 274 589 619 0 826 453 1135 637 430 193 1134 347 241 945 1092 226 260 338 300 494 408 375 747 1038 466 361 794 197 461 514 975 1125 124 1144 309 593 114 882 124 783 79 587 350 132 496 47 1018
812 155 180 661 1146 410 316 439 461 978 650 1193 826 0 464 344 334 426 785 450 921 635 261 301 753 717 517 875 713 989 769 258 354 860 935 1066 772 459 525 291 365 905 352 703 864 819 197 828 1055 784 649 931 932 399 847 226
369 404 609 288 773 838 468 379 401 605 207 820 453 464 0 772 274 135 412 772 548 262 583 730 380 344 144 502 340 616 396 384 676 487 562 623 398 165 82 613 762 532 781 330 421 445 519 455 612 410 206 558 559 201 474 655
1121 464 316 969 1454 144 625 747 769 1286 959 1502 1135 344 772 0 642 734 1094 758 1230 943 569 436 1062 1025 825 1183 1022 1298 1077 567 662 1168 1244 1375 1080 768 834 600 500 1213 258 1011 1173 1127 506 1136 1363 1092 958 1239 1241 708 1155 263
623 274 479 471 956 708 337 129 151 788 460 1003 637 334 274 642 0 236 595 641 731 445 453 599 563 527 327 685 523 799 579 254 545 670 745 876 582 269 335 483 632 715 651 513 674 629 389 638 865 594 459 741 743 209 657 525
435 366 571 264 749 800 429 341 362 582 321 797 430 426 135 734 236 0 389 733 525 238 544 691 357 320 121 478 317 593 372 346 637 464 539 688 375 48 196 574 724 509 743 307 487 422 481 432 677 387 320 535 536 81 451 617
500 726 930 389 655 1160 789 700 722 420 548 703 193 785 412 1094 595 389 0 1093 431 200 904 1051 94 96 297 384 453 499 334 706 997 425 445 753 281 420 473 934 1083 148 1103 268 552 281 841 290 742 246 546 440 274 455 166 976
1120 463 506 968 1453 824 624 746 768 1286 958 1501 1134 450 772 758 641 733 1093 0 1229 942 459 377 1061 1024 825 1182 1021 1297 1076 566 424 1168 1243 1374 1079 767 833 361 344 1213 767 1011 1172 1126 290 1136 1363 1091 957 1239 1240 707 1155 573
635 862 1066 525 515 1296 925 836 858 352 683 462 347 921 548 1230 731 525 431 1229 0 336 1040 1187 398 362 433 80 588 215 470 841 1133 561 312 889 292 555 609 1070 1219 445 1238 404 687 339 976 348 878 304 681 166 453 591 367 1112
349 575 780 238 560 1009 638 550 572 392 397 608 241 635 262 943 445 238 200 942 336 0 754 900 168 131 146 289 302 404 183 555 846 274 350 603 186 269 323 784 933 319 952 117 401 233 690 242 591 198 395 345 347 304 261 826
931 274 406 779 1265 635 435 558 580 1097 769 1312 945 261 583 569 453 544 904 459 1040 754 0 481 872 836 636 993 832 1108 888 377 146 979 1054 1185 890 578 644 180 449 1024 578 822 983 937 206 947 1174 902 768 1050 1051 518 966 452
1078 421 146 926 1411 502 582 704 726 1243 916 1459 1092 301 730 436 599 691 1051 377 1187 900 481 0 1019 982 783 1140 979 1255 1034 524 447 1126 1201 1332 1037 725 791 384 80 1170 445 969 1130 1084 313 1093 1320 1049 915 1196 1198 665 1112 213
467 694 898 357 623 1128 757 668 690 453 515 670 226 753 380 1062 563 357 94 1061 398 168 872 1019 0 64 265 352 420 466 302 673 965 393 413 721 249 387 441 902 1051 181 1070 236 519 296 808 305 710 261 513 408 306 423 199 944
431 657 862 320 586 1091 720 632 654 419 479 634 260 717 344 1025 527 320 96 1024 362 131 836 982 64 0 228 315 384 430 265 637 928 356 376 685 212 351 405 866 1015 216 1034 199 483 259 772 269 673 224 477 371 341 386 233 908
444 457 662 172 657 891 521 432 454 489 330 705 338 517 144 825 327 121 297 825 433 146 636 783 265 228 0 386 326 501 280 437 729 371 447 697 283 151 205 666 815 416 834 214 496 330 572 339 686 295 329 442 444 187 358 708
589 815 1020 478 453 1249 878 790 812 290 637 400 300 875 502 1183 685 478 384 1182 80 289 993 1140 352 315 386 0 542 153 423 795 1086 514 266 842 245 509 563 1024 1173 398 1192 357 641 292 930 302 831 257 635 104 406 544 321 1066
140 654 858 470 813 1088 717 628 650 645 188 860 494 713 340 1022 523 317 453 1021 588 302 832 979 420 384 326 542 0 656 160 633 925 252 603 394 439 347 306 862 1011 572 1031 224 192 486 769 495 383 451 186 598 600 383 514 904
703 930 1134 593 323 1364 993 904 926 260 751 270 408 989 616 1298 799 593 499 1297 215 404 1108 1255 466 430 501 153 656 0 538 909 1201 629 139 957 247 623 677 1138 1287 506 1306 472 755 313 1044 307 946 342 749 73 414 659 429 1180
207 709 914 373 694 1143 772 684 706 526 255 742 375 769 396 1077 579 372 334 1076 470 183 888 1034 302 265 280 423 160 538 0 689 980 102 484 461 320 403 374 918 1067 453 1086 105 259 367 824 376 450 332 253 479 481 438 395 960
733 199 403 581 1066 633 96 359 381 898 570 1113 747 258 384 567 254 346 706 566 841 555 377 524 673 637 437 795 633 909 689 0 470 780 855 986 692 379 445 407 556 825 576 623 784 739 314 748 975 704 569 851 853 319 767 449
1024 367 499 872 1357 728 528 650 672 1190 862 1405 1038 354 676 662 545 637 997 424 1133 846 146 447 965 928 729 1086 925 1201 980 470 0 1072 1147 1278 983 671 737 83 414 1117 671 915 1076 1030 194 1040 1267 995 861 1142 1144 611 1059 545
299 800 1005 464 785 1234 864 775 797 618 347 833 466 860 487 1168 670 464 425 1168 561 274 979 1126 393 356 371 514 252 629 102 780 1072 0 575 552 411 494 465 1009 1158 545 1177 196 351 458 915 468 541 423 345 571 572 530 487 1051
650 876 1080 539 386 1310 939 850 872 376 698 332 361 935 562 1244 745 539 445 1243 312 350 1054 1201 413 376 447 266 603 139 484 855 1147 575 0 903 306 569 623 1084 1233 459 1253 418 701 353 991 362 892 318 696 190 467 605 381 1126
301 1007 1211 792 1114 1441 1070 981 1003 946 444 1161 794 1066 623 1375 876 688 753 1374 889 603 1185 1332 721 685 697 842 394 957 461 986 1278 552 903 0 739 719 562 1215 1364 873 1383 524 261 786 1121 796 65 751 442 899 900 754 815 1257
486 712 917 375 516 1146 775 687 708 253 534 494 197 772 398 1080 582 375 281 1079 292 186 890 1037 249 212 283 245 439 247 320 692 983 411 306 739 0 406 460 921 1070 295 1089 254 538 189 827 199 728 154 532 189 303 441 218 963
465 399 604 295 780 834 463 374 396 612 351 827 461 459 165 768 269 48 420 767 555 269 578 725 387 351 151 509 347 623 403 379 671 494 569 719 406 0 226 608 757 539 776 337 517 453 514 462 708 418 350 565 567 114 481 650
309 465 670 349 834 899 529 440 462 666 146 881 514 525 82 834 335 196 473 833 609 323 644 791 441 405 205 563 306 677 374 445 737 465 623 562 460 226 0 674 823 593 842 391 360 507 580 516 551 472 145 619 621 262 535 716
961 304 436 810 1295 665 465 588 610 1127 799 1342 975 291 613 600 483 574 934 361 1070 784 180 384 902 866 666 1024 862 1138 918 407 83 1009 1084 1215 921 608 674 0 351 1054 608 852 1013 968 131 977 1204 933 798 1080 1081 548 996 482
1110 453 210 959 1444 566 614 737 759 1276 948 1491 1125 365 762 500 632 724 1083 344 1219 933 449 80 1051 1015 815 1173 1011 1287 1067 556 414 1158 1233 1364 1070 757 823 351 0 1203 509 1001 1162 1117 280 1126 1353 1082 947 1229 1231 697 1145 276
619 845 1050 509 669 1279 908 820 842 307 667 717 124 905 532 1213 715 509 148 1213 445 319 1024 1170 181 216 416 398 572 506 453 825 1117 545 459 873 295 539 593 1054 1203 0 1222 388 671 212 960 221 862 177 665 448 205 575 97 1096
1130 473 324 978 1463 311 634 756 778 1295 967 1510 1144 352 781 258 651 743 1103 767 1238 952 578 445 1070 1034 834 1192 1031 1306 1086 576 671 1177 1253 1383 1089 776 842 608 509 1222 0 1020 1182 1136 514 1145 1372 1101 966 1248 1250 716 1164 272
271 643 848 307 628 1077 707 618 640 461 319 676 309 703 330 1011 513 307 268 1011 404 117 822 969 236 199 214 357 224 472 105 623 915 196 418 524 254 337 391 852 1001 388 1020 0 322 301 758 311 513 266 317 414 415 373 330 894
99 805 1009 590 912 1239 868 779 801 744 242 959 593 864 421 1173 674 487 552 1172 687 401 983 1130 519 483 496 641 192 755 259 784 1076 351 701 261 538 517 360 1013 1162 671 1182 322 0 585 920 594 249 550 240 697 699 553 613 1055
533 759 964 422 563 1193 822 734 756 178 581 559 114 819 445 1127 629 422 281 1126 339 233 937 1084 296 259 330 292 486 313 367 739 1030 458 353 786 189 453 507 968 1117 212 1136 301 585 0 874 54 775 48 579 254 220 488 135 1010
868 211 342 716 1201 572 372 494 516 1033 705 1248 882 197 519 506 389 481 841 290 976 690 206 313 808 772 572 930 769 1044 824 314 194 915 991 1121 827 514 580 131 280 960 514 758 920 874 0 883 1110 839 704 986 988 454 902 388
542 768 973 432 573 1202 831 743 765 173 590 554 124 828 455 1136 638 432 290 1136 348 242 947 1093 305 269 339 302 495 307 376 748 1040 468 362 796 199 462 516 977 1126 221 1145 311 594 54 883 0 785 58 588 249 230 498 144 1019
289 995 1200 781 1102 1429 1058 970 992 935 433 1150 783 1055 612 1363 865 677 742 1363 878 591 1174 1320 710 673 686 831 383 946 450 975 1267 541 892 65 728 708 551 1204 1353 862 1372 513 249 775 1110 785 0 740 431 887 889 743 804 1246
498 724 929 387 528 1158 787 699 720 208 546 576 79 784 410 1092 594 387 246 1091 304 198 902 1049 261 224 295 257 451 342 332 704 995 423 318 751 154 418 472 933 1082 177 1101 266 550 48 839 58 740 0 544 284 185 453 100 975
188 590 794 473 906 1024 653 564 586 738 85 953 587 649 206 958 459 320 546 957 681 395 768 915 513 477 329 635 186 749 253 569 861 345 696 442 532 350 145 798 947 665 966 317 240 579 704 588 431 544 0 691 693 386 607 840
645 871 1076 535 374 1305 934 846 868 201 693 320 350 931 558 1239 741 535 440 1239 166 345 1050 1196 408 371 442 104 598 73 479 851 1142 571 190 899 189 565 619 1080 1229 448 1248 414 697 254 986 249 887 284 691 0 356 601 370 1122
647 873 1078 536 677 1307 936 848 869 177 695 661 132 932 559 1241 743 536 274 1240 453 347 1051 1198 306 341 444 406 600 414 481 853 1144 572 467 900 303 567 621 1081 1231 205 1250 415 699 220 988 230 889 185 693 356 0 602 128 1124
501 340 544 330 815 774 403 314 336 648 387 863 496 399 201 708 209 81 455 707 591 304 518 665 423 386 187 544 383 659 438 319 611 530 605 754 441 114 262 548 697 575 716 373 553 488 454 498 743 453 386 601 602 0 517 590
561 787 992 451 592 1221 850 762 784 275 609 639 47 847 474 1155 657 451 166 1155 367 261 966 1112 199 233 358 321 514 429 395 767 1059 487 381 815 218 481 535 996 1145 97 1164 330 613 135 902 144 804 100 607 370 128 517 0 1038
1004 347 198 852 1337 329 507 630 652 1169 841 1384 1018 226 655 263 525 617 976 573 1112 826 452 213 944 908 708 1066 904 1180 960 449 545 1051 1126 1257 963 650 716 482 276 1096 272 894 1055 1010 388 1019 1246 975 840 1122 1124 590 1038 0
EOF