NAME : tsp_problem
TYPE : TSP
DIMENSION : 54
EDGE_WEIGHT_TYPE : EXPLICIT
EDGE_WEIGHT_FORMAT : FULL_MATRIX
EDGE_WEIGHT_SECTION
0 1170 412 153 809 545 419 1103 467 89 724 671 707 795 258 885 610 560 769 820 903 705 1088 670 748 700 1063 527 583 433 691 623 419 1057 552 1120 456 723 1140 472 871 973 640 908 707 409 183 783 1106 433 464 522 320 445
1170 0 1028 1079 681 1324 1198 695 1271 1108 621 1450 604 1574 941 320 692 1339 1548 670 603 1484 509 752 1527 782 133 1306 665 1212 1470 1426 1223 248 1331 572 1235 1502 311 753 572 394 722 609 789 1025 1108 483 445 1212 952 1325 1098 829
412 1028 0 322 667 567 441 961 635 351 582 693 566 817 183 744 468 582 791 678 761 727 947 528 770 558 921 549 441 455 713 791 588 915 574 978 478 744 998 330 729 831 498 767 565 50 351 641 964 455 414 690 341 303
153 1079 322 0 718 454 328 1012 343 92 633 580 617 705 167 795 519 469 679 729 812 614 998 579 658 609 972 437 492 342 600 499 296 966 462 1029 365 632 1049 381 780 882 549 818 616 319 92 692 1015 342 340 398 229 354
809 681 667 718 0 963 837 614 910 748 260 1089 244 1214 580 396 332 978 1188 44 414 1123 599 391 1167 421 574 946 305 851 1109 1066 862 567 971 631 874 1141 651 392 382 484 362 419 428 664 748 294 617 852 591 965 738 468
545 1324 567 454 963 0 168 1257 768 483 878 261 862 466 412 1040 764 445 282 974 1057 175 1243 824 219 854 1217 547 737 400 339 923 720 1211 458 1274 242 337 1294 626 1025 1127 794 1063 861 563 484 937 1260 149 710 823 283 599
419 1198 441 328 837 168 0 1131 642 358 752 375 736 559 286 914 638 427 435 848 931 329 1117 698 372 728 1091 428 611 280 430 798 594 1085 419 1148 303 427 1168 500 899 1001 668 937 735 438 358 811 1134 73 584 697 136 473
1103 695 961 1012 614 1257 1131 0 1204 1042 554 1383 538 1508 874 425 626 1272 1482 603 222 1417 204 685 1461 715 589 1240 599 1145 1403 1360 1156 582 1265 204 1168 1435 665 686 395 329 656 217 722 958 1042 352 283 1146 885 1259 1032 762
467 1271 635 343 910 768 642 1204 0 406 825 894 808 1018 481 986 711 783 992 921 1004 928 1189 771 971 801 1164 750 684 656 914 191 98 1158 775 1221 679 946 1241 592 972 1074 741 1009 807 632 315 884 1207 656 327 90 542 564
89 1108 351 92 748 483 358 1042 406 0 662 610 646 734 197 824 549 499 708 758 841 644 1027 608 687 638 1002 466 522 371 630 561 358 995 491 1058 394 661 1078 411 809 911 579 847 645 348 121 721 1045 372 402 460 258 383
724 621 582 633 260 878 752 554 825 662 0 1004 85 1129 495 337 247 893 1102 271 354 1038 540 306 1082 336 515 861 220 766 1024 981 777 508 886 571 789 1056 591 307 322 424 277 360 343 579 663 234 557 766 506 880 653 383
671 1450 693 580 1089 261 375 1383 894 610 1004 0 988 274 538 1166 890 679 116 1100 1183 114 1369 950 203 980 1344 680 863 533 96 1050 846 1337 672 1400 488 93 1420 752 1151 1253 921 1189 987 690 610 1063 1387 390 836 949 388 725
707 604 566 617 244 862 736 538 808 646 85 988 0 1112 478 320 230 877 1086 255 338 1022 523 290 1065 320 498 844 203 750 1008 964 761 491 869 555 772 1039 574 290 306 408 260 343 327 562 646 217 541 750 489 863 636 366
795 1574 817 705 1214 466 559 1508 1018 734 1129 274 1112 0 663 1290 1015 863 209 1224 1307 319 1493 1074 407 1104 1468 863 988 716 190 1174 971 1461 855 1524 692 191 1544 877 1275 1377 1045 1313 1111 814 734 1187 1511 573 960 1073 572 849
258 941 183 167 580 412 286 874 481 197 495 538 478 663 0 656 381 427 637 591 674 572 859 441 616 470 834 395 354 300 558 637 433 827 420 891 323 590 911 243 642 744 411 679 477 180 197 554 877 301 327 536 187 216
885 320 744 795 396 1040 914 425 986 824 337 1166 320 1290 656 0 408 1055 1264 385 319 1200 239 468 1243 498 214 1022 381 928 1186 1142 939 207 1047 302 950 1217 290 468 287 123 438 325 505 740 824 199 257 928 667 1041 814 544
610 692 468 519 332 764 638 626 711 549 247 890 230 1015 381 408 0 779 989 343 426 924 611 84 968 114 586 747 93 652 910 867 663 579 772 643 675 942 662 193 394 496 56 431 121 465 549 306 629 653 392 766 539 269
560 1339 582 469 978 445 427 1272 783 499 893 679 877 863 427 1055 779 0 712 989 1072 605 1258 839 649 869 1232 141 752 190 734 939 735 1226 38 1289 334 731 1309 641 1040 1142 809 1078 876 579 499 952 1275 441 725 838 327 614
769 1548 791 679 1188 282 435 1482 992 708 1102 116 1086 209 637 1264 989 712 0 1198 1281 135 1467 1048 223 1078 1442 778 962 631 169 1148 945 1435 725 1498 508 119 1518 851 1249 1351 1019 1287 1085 788 708 1161 1485 416 934 1047 487 823
820 670 678 729 44 974 848 603 921 758 271 1100 255 1224 591 385 343 989 1198 0 403 1134 588 402 1178 432 563 957 316 862 1120 1076 873 557 981 620 885 1152 640 403 371 473 373 408 439 675 758 283 606 862 602 976 749 479
903 603 761 812 414 1057 931 222 1004 841 354 1183 338 1307 674 319 426 1072 1281 403 0 1217 239 485 1260 515 497 1039 398 945 1203 1159 956 490 1064 238 968 1235 573 486 194 363 456 38 522 758 841 151 318 945 685 1059 832 562
705 1484 727 614 1123 175 329 1417 928 644 1038 114 1022 319 572 1200 924 605 135 1134 1217 0 1403 984 116 1014 1377 707 897 560 192 1084 880 1371 618 1434 402 189 1454 786 1185 1287 954 1223 1021 724 644 1097 1420 309 870 983 435 759
1088 509 947 998 599 1243 1117 204 1189 1027 540 1369 523 1493 859 239 611 1258 1467 588 239 1403 0 671 1446 701 403 1225 584 1131 1389 1345 1142 396 1250 81 1153 1420 479 671 412 143 641 234 708 943 1027 369 97 1131 870 1244 1017 747
670 752 528 579 391 824 698 685 771 608 306 950 290 1074 441 468 84 839 1048 402 485 984 671 0 1027 78 646 806 111 712 970 926 723 639 831 702 735 1002 722 253 453 555 74 491 85 525 608 365 689 712 452 825 598 329
748 1527 770 658 1167 219 372 1461 971 687 1082 203 1065 407 616 1243 968 649 223 1178 1260 116 1446 1027 0 1057 1421 751 941 603 281 1127 924 1414 662 1478 445 278 1497 830 1229 1331 998 1266 1064 767 687 1140 1464 353 914 1026 478 803
700 782 558 609 421 854 728 715 801 638 336 980 320 1104 470 498 114 869 1078 432 515 1014 701 78 1057 0 675 836 141 742 1000 956 753 669 861 732 765 1032 752 283 483 585 104 521 115 555 638 395 718 742 482 855 628 359
1063 133 921 972 574 1217 1091 589 1164 1002 515 1344 498 1468 834 214 586 1232 1442 563 497 1377 403 646 1421 675 0 1200 559 1105 1363 1320 1117 142 1225 466 1128 1395 225 646 465 287 616 503 682 918 1002 377 339 1106 845 1219 992 722
527 1306 549 437 946 547 428 1240 750 466 861 680 844 863 395 1022 747 141 778 957 1039 707 1225 806 751 836 1200 0 720 191 734 906 703 1193 134 1257 335 732 1276 609 1008 1110 777 1045 843 546 466 919 1243 442 693 805 328 582
583 665 441 492 305 737 611 599 684 522 220 863 203 988 354 381 93 752 962 316 398 897 584 111 941 141 559 720 0 625 883 840 636 552 745 616 648 915 635 166 367 469 84 404 148 438 522 278 602 625 365 739 512 242
433 1212 455 342 851 400 280 1145 656 371 766 533 750 716 300 928 652 190 631 862 945 560 1131 712 603 742 1105 191 625 0 587 811 608 1099 182 1162 187 584 1182 514 913 1015 682 950 749 451 372 825 1148 295 598 711 181 487
691 1470 713 600 1109 339 430 1403 914 630 1024 96 1008 190 558 1186 910 734 169 1120 1203 192 1389 970 281 1000 1363 734 883 587 0 1070 866 1357 726 1420 566 59 1440 772 1171 1273 940 1209 1007 710 630 1083 1406 444 856 969 443 745
623 1426 791 499 1066 923 798 1360 191 561 981 1050 964 1174 637 1142 867 939 1148 1076 1159 1084 1345 926 1127 956 1320 906 840 811 1070 0 254 1313 931 1376 834 1101 1396 747 1127 1229 897 1165 963 788 471 1039 1363 812 483 187 698 720
419 1223 588 296 862 720 594 1156 98 358 777 846 761 971 433 939 663 735 945 873 956 880 1142 723 924 753 1117 703 636 608 866 254 0 1110 728 1173 631 898 1193 544 924 1026 694 962 760 585 268 836 1160 609 280 153 495 517
1057 248 915 966 567 1211 1085 582 1158 995 508 1337 491 1461 827 207 579 1226 1435 557 490 1371 396 639 1414 669 142 1193 552 1099 1357 1313 1110 0 1218 459 1122 1389 123 640 458 281 609 496 676 912 995 370 332 1099 839 1212 985 716
552 1331 574 462 971 458 419 1265 775 491 886 672 869 855 420 1047 772 38 725 981 1064 618 1250 831 662 861 1225 134 745 182 726 931 728 1218 0 1281 326 723 1301 634 1032 1135 802 1070 868 571 491 944 1268 434 718 830 320 607
1120 572 978 1029 631 1274 1148 204 1221 1058 571 1400 555 1524 891 302 643 1289 1498 620 238 1434 81 702 1478 732 466 1257 616 1162 1420 1376 1173 459 1281 0 1185 1452 542 703 412 205 673 233 739 975 1058 368 160 1162 902 1276 1049 779
456 1235 478 365 874 242 303 1168 679 394 789 488 772 692 323 950 675 334 508 885 968 402 1153 735 445 765 1128 335 648 187 566 834 631 1122 326 1185 0 563 1205 537 936 1038 705 973 772 474 395 848 1171 318 621 734 204 510
723 1502 744 632 1141 337 427 1435 946 661 1056 93 1039 191 590 1217 942 731 119 1152 1235 189 1420 1002 278 1032 1395 732 915 584 59 1101 898 1389 723 1452 563 0 1472 804 1203 1305 972 1240 1039 741 661 1115 1438 441 888 1001 440 777
1140 311 998 1049 651 1294 1168 665 1241 1078 591 1420 574 1544 911 290 662 1309 1518 640 573 1454 479 722 1497 752 225 1276 635 1182 1440 1396 1193 123 1301 542 1205 1472 0 723 542 364 692 579 759 995 1078 453 415 1182 922 1295 1068 799
472 753 330 381 392 626 500 686 592 411 307 752 290 877 243 468 193 641 851 403 486 786 671 253 830 283 646 609 166 514 772 747 544 640 634 703 537 804 723 0 454 556 223 491 290 327 411 366 689 515 321 647 401 116
871 572 729 780 382 1025 899 395 972 809 322 1151 306 1275 642 287 394 1040 1249 371 194 1185 412 453 1229 483 465 1008 367 913 1171 1127 924 458 1032 412 936 1203 542 454 0 375 424 200 490 726 810 119 491 913 653 1027 800 530
973 394 831 882 484 1127 1001 329 1074 911 424 1253 408 1377 744 123 496 1142 1351 473 363 1287 143 555 1331 585 287 1110 469 1015 1273 1229 1026 281 1135 205 1038 1305 364 556 375 0 526 358 592 828 912 287 161 1015 755 1129 902 632
640 722 498 549 362 794 668 656 741 579 277 921 260 1045 411 438 56 809 1019 373 456 954 641 74 998 104 616 777 84 682 940 897 694 609 802 673 705 972 692 223 424 526 0 461 111 495 579 336 659 683 422 796 569 299
908 609 767 818 419 1063 937 217 1009 847 360 1189 343 1313 679 325 431 1078 1287 408 38 1223 234 491 1266 521 503 1045 404 950 1209 1165 962 496 1070 233 973 1240 579 491 200 358 461 0 528 763 847 157 313 951 690 1064 837 567
707 789 565 616 428 861 735 722 807 645 343 987 327 1111 477 505 121 876 1085 439 522 1021 708 85 1064 115 682 843 148 749 1007 963 760 676 868 739 772 1039 759 290 490 592 111 528 0 562 645 402 725 749 489 862 635 365
409 1025 50 319 664 563 438 958 632 348 579 690 562 814 180 740 465 579 788 675 758 724 943 525 767 555 918 546 438 451 710 788 585 912 571 975 474 741 995 327 726 828 495 763 562 0 348 638 961 452 411 687 338 300
183 1108 351 92 748 484 358 1042 315 121 663 610 646 734 197 824 549 499 708 758 841 644 1027 608 687 638 1002 466 522 372 630 471 268 995 491 1058 395 661 1078 411 810 912 579 847 645 348 0 721 1045 372 312 370 258 384
783 483 641 692 294 937 811 352 884 721 234 1063 217 1187 554 199 306 952 1161 283 151 1097 369 365 1140 395 377 919 278 825 1083 1039 836 370 944 368 848 1115 453 366 119 287 336 157 402 638 721 0 420 825 565 939 711 442
1106 445 964 1015 617 1260 1134 283 1207 1045 557 1387 541 1511 877 257 629 1275 1485 606 318 1420 97 689 1464 718 339 1243 602 1148 1406 1363 1160 332 1268 160 1171 1438 415 689 491 161 659 313 725 961 1045 420 0 1149 888 1262 1035 765
433 1212 455 342 852 149 73 1146 656 372 766 390 750 573 301 928 653 441 416 862 945 309 1131 712 353 742 1106 442 625 295 444 812 609 1099 434 1162 318 441 1182 515 913 1015 683 951 749 452 372 825 1149 0 598 711 151 487
464 952 414 340 591 710 584 885 327 402 506 836 489 960 327 667 392 725 934 602 685 870 870 452 914 482 845 693 365 598 856 483 280 839 718 902 621 888 922 321 653 755 422 690 489 411 312 565 888 598 0 382 485 294
522 1325 690 398 965 823 697 1259 90 460 880 949 863 1073 536 1041 766 838 1047 976 1059 983 1244 825 1026 855 1219 805 739 711 969 187 153 1212 830 1276 734 1001 1295 647 1027 1129 796 1064 862 687 370 939 1262 711 382 0 597 619
320 1098 341 229 738 283 136 1032 542 258 653 388 636 572 187 814 539 327 487 749 832 435 1017 598 478 628 992 328 512 181 443 698 495 985 320 1049 204 440 1068 401 800 902 569 837 635 338 258 711 1035 151 485 597 0 374
445 829 303 354 468 599 473 762 564 383 383 725 366 849 216 544 269 614 823 479 562 759 747 329 803 359 722 582 242 487 745 720 517 716 607 779 510 777 799 116 530 632 299 567 365 300 384 442 765 487 294 619 374 0
EOF