NAME : tsp_problem
TYPE : TSP
DIMENSION : 36
EDGE_WEIGHT_TYPE : EXPLICIT
EDGE_WEIGHT_FORMAT : FULL_MATRIX
EDGE_WEIGHT_SECTION
0 583 918 755 1035 988 791 796 824 1337 1026 730 825 667 837 1405 707 1369 969 698 878 1086 1288 197 849 962 1025 1345 1335 324 1288 1244 1050 1007 845 802
583 0 375 316 492 567 248 253 403 917 606 291 283 228 295 984 164 948 427 155 457 543 868 423 307 419 482 924 915 312 867 823 629 465 303 381
918 375 0 616 659 868 549 426 704 1218 907 592 482 529 160 1285 241 1249 87 456 758 731 1169 757 350 272 649 1225 1215 646 1168 1124 930 673 476 682
755 316 616 0 734 317 326 495 153 666 355 123 524 116 536 733 405 698 668 197 207 785 617 594 548 661 724 674 664 483 617 572 378 706 544 147
1035 492 659 734 0 986 666 271 822 1335 1024 709 302 646 526 1402 527 1366 601 574 875 239 1286 874 333 424 33 1343 1333 763 1286 1241 1047 230 246 800
988 567 868 317 986 0 578 746 194 528 402 389 776 383 788 595 657 559 920 449 254 1036 479 827 800 912 975 535 526 716 478 434 74 958 796 211
791 248 549 326 666 578 0 427 414 927 616 301 456 238 468 994 338 959 600 166 468 717 878 630 481 593 656 935 925 519 878 833 639 638 477 392
796 253 426 495 271 746 427 0 582 1096 785 470 307 407 293 1163 287 1127 466 335 636 481 1047 635 199 290 261 1103 1094 524 1046 1002 808 472 242 561
824 403 704 153 822 194 414 582 0 544 238 225 612 219 624 611 493 575 756 285 90 872 495 663 636 749 811 552 542 552 494 450 256 794 632 47
1337 917 1218 666 1335 528 927 1096 544 0 752 738 1125 732 1137 370 1007 49 1269 799 603 1386 399 1177 1149 1262 1325 137 96 1066 251 354 590 1307 1145 560
1026 606 907 355 1024 402 616 785 238 752 0 427 814 421 826 819 695 783 958 487 173 1075 703 866 838 951 1014 759 750 754 702 658 464 996 834 249
730 291 592 123 709 389 301 470 225 738 427 0 499 92 511 806 381 770 643 173 279 760 689 570 524 636 699 746 736 458 689 645 451 681 520 219
825 283 482 524 302 776 456 307 612 1125 814 499 0 436 349 1192 317 1157 533 364 666 307 1076 665 361 473 291 1133 1123 553 1076 1031 837 249 213 590
667 228 529 116 646 383 238 407 219 732 421 92 436 0 448 800 317 764 580 109 273 697 683 506 460 573 636 740 730 395 683 639 445 618 456 213
837 295 160 536 526 788 468 293 624 1137 826 511 349 448 0 1204 201 1169 212 376 678 598 1088 677 217 208 515 1145 1135 565 1088 1043 850 540 342 602
1405 984 1285 733 1402 595 994 1163 611 370 819 806 1192 800 1204 0 1074 401 1336 866 671 1453 699 1244 1217 1329 1392 476 449 1133 590 655 657 1374 1213 627
707 164 241 405 527 657 338 287 493 1007 695 381 317 317 201 1074 0 1038 292 245 547 577 957 546 341 383 516 1014 1004 435 957 913 719 499 337 471
1369 948 1249 698 1366 559 959 1127 575 49 783 770 1157 764 1169 401 1038 0 1301 830 635 1417 377 1208 1181 1293 1356 115 74 1097 230 332 621 1339 1177 591
969 427 87 668 601 920 600 466 756 1269 958 643 533 580 212 1336 292 1301 0 508 810 783 1220 809 387 200 591 1277 1267 697 1220 1175 982 725 527 734
698 155 456 197 574 449 166 335 285 799 487 173 364 109 376 866 245 830 508 0 339 624 749 537 388 501 563 806 796 426 749 705 511 546 384 263
878 457 758 207 875 254 468 636 90 603 173 279 666 273 678 671 547 635 810 339 0 926 554 717 690 802 865 611 601 606 554 510 316 848 686 101
1086 543 731 785 239 1036 717 481 872 1386 1075 760 307 697 598 1453 577 1417 783 624 926 0 1337 925 542 633 242 1393 1384 814 1336 1292 1098 120 455 850
1288 868 1169 617 1286 479 878 1047 495 399 703 689 1076 683 1088 699 957 377 1220 749 554 1337 0 1128 1100 1213 1276 279 319 1016 179 54 541 1258 1096 511
197 423 757 594 874 827 630 635 663 1177 866 570 665 506 677 1244 546 1208 809 537 717 925 1128 0 689 801 864 1184 1175 163 1127 1083 889 847 685 641
849 307 350 548 333 800 481 199 636 1149 838 524 361 460 217 1217 341 1181 387 388 690 542 1100 689 0 210 323 1157 1147 578 1100 1056 862 533 304 614
962 419 272 661 424 912 593 290 749 1262 951 636 473 573 208 1329 383 1293 200 501 802 633 1213 801 210 0 414 1270 1260 690 1212 1168 974 624 395 727
1025 482 649 724 33 975 656 261 811 1325 1014 699 291 636 515 1392 516 1356 591 563 865 242 1276 864 323 414 0 1332 1323 753 1275 1231 1037 233 236 789
1345 924 1225 674 1343 535 935 1103 552 137 759 746 1133 740 1145 476 1014 115 1277 806 611 1393 279 1184 1157 1270 1332 0 58 1073 132 234 597 1315 1153 568
1335 915 1215 664 1333 526 925 1094 542 96 750 736 1123 730 1135 449 1004 74 1267 796 601 1384 319 1175 1147 1260 1323 58 0 1063 172 275 588 1305 1143 558
324 312 646 483 763 716 519 524 552 1066 754 458 553 395 565 1133 435 1097 697 426 606 814 1016 163 578 690 753 1073 1063 0 1016 972 778 735 573 530
1288 867 1168 617 1286 478 878 1046 494 251 702 689 1076 683 1088 590 957 230 1220 749 554 1336 179 1127 1100 1212 1275 132 172 1016 0 135 540 1258 1096 511
1244 823 1124 572 1241 434 833 1002 450 354 658 645 1031 639 1043 655 913 332 1175 705 510 1292 54 1083 1056 1168 1231 234 275 972 135 0 496 1213 1052 466
1050 629 930 378 1047 74 639 808 256 590 464 451 837 445 850 657 719 621 982 511 316 1098 541 889 862 974 1037 597 588 778 540 496 0 1019 858 272
1007 465 673 706 230 958 638 472 794 1307 996 681 249 618 540 1374 499 1339 725 546 848 120 1258 847 533 624 233 1315 1305 735 1258 1213 1019 0 405 772
845 303 476 544 246 796 477 242 632 1145 834 520 213 456 342 1213 337 1177 527 384 686 455 1096 685 304 395 236 1153 1143 573 1096 1052 858 405 0 610
802 381 682 147 800 211 392 561 47 560 249 219 590 213 602 627 471 591 734 263 101 850 511 641 614 727 789 568 558 530 511 466 272 772 610 0
EOF