NAME : tsp_problem
TYPE : TSP
DIMENSION : 24
EDGE_WEIGHT_TYPE : EXPLICIT
EDGE_WEIGHT_FORMAT : FULL_MATRIX
EDGE_WEIGHT_SECTION
0 560 704 1273 480 1070 695 1011 685 178 1058 1102 687 997 416 268 263 1251 368 1293 652 487 412 1293
560 0 400 969 557 765 391 707 762 493 754 798 383 692 731 583 578 947 222 989 143 393 178 989
704 400 0 800 701 375 70 537 906 637 585 407 63 523 875 727 722 777 366 820 491 537 322 819
1273 969 800 0 1270 904 790 497 1475 1206 354 936 782 642 1444 1296 1291 53 935 96 1060 1106 891 147
480 557 701 1270 0 1066 692 1008 402 358 1055 1099 684 994 519 281 287 1248 365 1290 648 484 409 1290
1070 765 375 904 1066 0 389 641 1271 1002 689 60 407 627 1240 1093 1087 881 731 924 856 903 688 923
695 391 70 790 692 389 0 528 897 627 575 422 53 514 866 718 713 768 356 810 482 528 313 810
1011 707 537 497 1008 641 528 0 1213 943 160 674 520 250 1182 1034 1029 520 672 563 798 844 629 429
685 762 906 1475 402 1271 897 1213 0 617 1260 1304 889 1199 856 656 661 1453 570 1495 853 689 614 1495
178 493 637 1206 358 1002 627 943 617 0 991 1034 619 929 260 113 107 1183 301 1226 584 419 344 1225
1058 754 585 354 1055 689 575 160 1260 991 0 721 567 387 1229 1081 1076 387 720 429 845 891 676 285
1102 798 407 936 1099 60 422 674 1304 1034 721 0 439 660 1273 1125 1120 914 763 956 889 935 720 956
687 383 63 782 684 407 53 520 889 619 567 439 0 506 858 710 705 760 348 802 474 520 305 802
997 692 523 642 994 627 514 250 1199 929 387 660 506 0 1168 1020 1015 620 658 662 784 830 615 656
416 731 875 1444 519 1240 866 1182 856 260 1229 1273 858 1168 0 274 268 1422 539 1464 822 658 583 1464
268 583 727 1296 281 1093 718 1034 656 113 1081 1125 710 1020 274 0 84 1274 392 1316 675 510 435 1316
263 578 722 1291 287 1087 713 1029 661 107 1076 1120 705 1015 268 84 0 1269 386 1311 669 505 430 1311
1251 947 777 53 1248 881 768 520 1453 1183 387 914 760 620 1422 1274 1269 0 912 55 1038 1084 869 180
368 222 366 935 365 731 356 672 570 301 720 763 348 658 539 392 386 912 0 955 313 201 101 954
1293 989 820 96 1290 924 810 563 1495 1226 429 956 802 662 1464 1316 1311 55 955 0 1080 1126 911 223
652 143 491 1060 648 856 482 798 853 584 845 889 474 784 822 675 669 1038 313 1080 0 485 270 1080
487 393 537 1106 484 903 528 844 689 419 891 935 520 830 658 510 505 1084 201 1126 485 0 245 1126
412 178 322 891 409 688 313 629 614 344 676 720 305 615 583 435 430 869 101 911 270 245 0 911
1293 989 819 147 1290 923 810 429 1495 1225 285 956 802 656 1464 1316 1311 180 954 223 1080 1126 911 0
EOF