NAME : tsp_problem
TYPE : TSP
DIMENSION : 20
EDGE_WEIGHT_TYPE : EXPLICIT
EDGE_WEIGHT_FORMAT : FULL_MATRIX
EDGE_WEIGHT_SECTION
0 1705 1305 1133 809 1516 1064 49 1587 517 599 1777 1597 1070 547 650 644 1009 936 1553
1705 0 770 764 1030 440 751 1707 381 1239 1162 515 328 758 1210 1397 1391 728 927 363
1305 770 0 192 687 410 408 1307 538 839 762 671 491 415 810 997 992 384 584 446
1133 764 192 0 604 403 318 1135 531 668 590 664 484 397 638 826 820 367 501 440
809 1030 687 604 0 987 389 811 913 344 266 1248 1046 396 314 502 496 335 262 1024
1516 440 410 403 987 0 701 1518 156 1051 973 619 197 760 1021 1209 1203 729 884 153
1064 751 408 318 389 701 0 1065 634 598 520 962 767 117 569 756 750 86 286 738
49 1707 1307 1135 811 1518 1065 0 1589 519 600 1779 1599 1072 549 652 646 1011 938 1555
1587 381 538 531 913 156 634 1589 0 1122 1044 598 170 641 1092 1280 1274 610 810 242
517 1239 839 668 344 1051 598 519 1122 0 133 1312 1132 605 66 194 188 543 470 1087
599 1162 762 590 266 973 520 600 1044 133 0 1234 1054 527 104 291 285 466 393 1010
1777 515 671 664 1248 619 962 1779 598 1312 1234 0 545 1041 1282 1470 1464 1010 1145 492
1597 328 491 484 1046 197 767 1599 170 1132 1054 545 0 773 1102 1290 1284 743 943 101
1070 758 415 397 396 760 117 1072 641 605 527 1041 773 0 575 763 757 93 293 817
547 1210 810 638 314 1021 569 549 1092 66 104 1282 1102 575 0 224 218 514 441 1058
650 1397 997 826 502 1209 756 652 1280 194 291 1470 1290 763 224 0 41 702 629 1245
644 1391 992 820 496 1203 750 646 1274 188 285 1464 1284 757 218 41 0 696 623 1240
1009 728 384 367 335 729 86 1011 610 543 466 1010 743 93 514 702 696 0 232 786
936 927 584 501 262 884 286 938 810 470 393 1145 943 293 441 629 623 232 0 921
1553 363 446 440 1024 153 738 1555 242 1087 1010 492 101 817 1058 1245 1240 786 921 0
EOF