NAME : tsp_problem
TYPE : TSP
DIMENSION : 20
EDGE_WEIGHT_TYPE : EXPLICIT
EDGE_WEIGHT_FORMAT : FULL_MATRIX
EDGE_WEIGHT_SECTION
0 793 489 200 315 253 397 495 351 828 265 48 623 309 357 475 487 793 34 515
793 0 1043 630 814 939 451 1049 850 841 900 773 636 752 550 426 399 895 783 427
489 1043 0 450 567 290 647 63 603 1079 517 469 874 561 607 725 736 1044 479 765
200 630 450 0 270 346 234 456 305 782 356 179 577 201 194 311 323 747 189 351
315 814 567 270 0 312 418 573 80 619 193 331 414 101 385 500 447 584 323 429
253 939 290 346 312 0 543 296 348 825 262 269 619 306 503 621 633 790 261 634
397 451 647 234 418 543 0 653 453 658 503 376 452 356 161 137 144 711 386 172
495 1049 63 456 573 296 653 0 609 1085 523 475 880 567 613 730 742 1050 485 770
351 850 603 305 80 348 453 609 0 655 228 366 450 137 421 536 483 620 359 465
828 841 1079 782 619 825 658 1085 655 0 705 843 231 614 757 632 606 249 836 634
265 900 517 356 193 262 503 523 228 705 0 281 500 187 471 586 533 670 273 515
48 773 469 179 331 269 376 475 366 843 281 0 638 325 337 454 466 808 37 494
623 636 874 577 414 619 452 880 450 231 500 638 0 408 551 427 400 348 630 429
309 752 561 201 101 306 356 567 137 614 187 325 408 0 316 434 442 578 317 423
357 550 607 194 385 503 161 613 421 757 471 337 551 316 0 177 243 741 347 271
475 426 725 311 500 621 137 730 536 632 586 454 427 434 177 0 119 686 464 147
487 399 736 323 447 633 144 742 483 606 533 466 400 442 243 119 0 659 476 87
793 895 1044 747 584 790 711 1050 620 249 670 808 348 578 741 686 659 0 801 687
34 783 479 189 323 261 386 485 359 836 273 37 630 317 347 464 476 801 0 504
515 427 765 351 429 634 172 770 465 634 515 494 429 423 271 147 87 687 504 0
EOF