NAME : tsp_problem
TYPE : TSP
DIMENSION : 40
EDGE_WEIGHT_TYPE : EXPLICIT
EDGE_WEIGHT_FORMAT : FULL_MATRIX
EDGE_WEIGHT_SECTION
0 266 1167 926 759 651 980 876 1254 422 516 737 792 738 965 798 975 234 892 680 1251 1256 185 324 857 952 1037 478 770 413 796 958 498 770 456 566 530 780 77 457
266 0 1396 1155 987 880 1209 1105 1483 651 745 966 1020 966 1193 1026 1204 463 1120 908 1480 1484 413 118 1085 1180 1266 707 998 642 1025 1186 726 999 685 794 759 1009 273 685
1167 1396 0 444 489 770 689 514 290 932 935 835 779 561 430 892 420 967 410 738 287 292 1129 1454 805 470 692 867 500 1156 816 231 991 448 744 783 783 592 1206 977
926 1155 444 0 248 558 302 273 660 691 694 620 567 320 433 680 422 726 66 526 658 662 888 1213 594 72 774 626 259 915 604 234 750 207 503 571 542 370 965 736
759 987 489 248 0 499 302 215 705 524 526 452 508 153 478 513 467 559 213 468 702 706 720 1045 535 273 716 458 45 748 515 279 582 92 336 491 374 312 798 568
651 880 770 558 499 0 700 317 695 280 636 256 271 570 405 313 416 584 523 66 692 696 673 938 298 583 478 569 510 504 237 570 646 459 446 139 369 221 690 606
980 1209 689 302 302 700 0 416 906 745 747 674 709 374 678 734 668 780 307 669 903 907 942 1267 736 313 916 680 313 969 736 480 804 292 557 712 596 512 1019 789
876 1105 514 273 215 317 416 0 730 505 661 382 326 287 446 439 456 694 239 286 728 732 855 1163 353 299 533 593 226 729 363 305 717 174 470 330 509 129 915 703
1254 1483 290 660 705 695 906 730 0 883 1151 760 704 777 405 817 415 1184 626 663 46 50 1276 1541 629 686 425 1083 716 1107 741 487 1207 664 960 708 972 654 1293 1193
422 651 932 691 524 280 745 505 883 0 436 373 420 502 593 501 603 355 657 308 880 884 445 709 485 717 666 379 534 275 424 722 417 535 256 194 180 409 461 377
516 745 935 694 526 636 747 661 1151 436 0 505 777 505 924 565 913 316 659 662 1148 1152 478 803 835 719 1015 113 537 534 568 725 90 538 224 544 298 758 555 87
737 966 835 620 452 256 674 382 760 373 505 0 336 431 471 185 481 538 585 224 757 762 699 1024 363 645 543 437 463 597 109 636 561 464 314 269 353 286 777 547
792 1020 779 567 508 271 709 326 704 420 777 336 0 581 414 393 425 724 532 239 701 705 814 994 164 592 344 709 519 645 317 579 787 468 586 284 510 230 831 746
738 966 561 320 153 570 374 287 777 502 505 431 581 0 550 492 540 538 286 541 775 779 699 1024 608 346 788 437 163 727 494 352 561 164 314 470 353 384 777 547
965 1193 430 433 478 405 678 446 405 593 924 471 414 550 0 528 53 897 399 374 402 406 987 1251 441 458 621 856 489 817 452 313 960 437 733 419 683 364 1004 919
798 1026 892 680 513 313 734 439 817 501 565 185 393 492 528 0 538 598 646 281 815 819 759 1085 420 706 600 498 524 725 100 693 622 524 375 326 414 343 837 607
975 1204 420 422 467 416 668 456 415 603 913 481 425 540 53 538 0 907 388 384 413 417 997 1262 451 448 632 845 478 828 462 303 970 426 723 429 693 375 1014 929
234 463 967 726 559 584 780 694 1184 355 316 538 724 538 897 598 907 0 692 612 1181 1185 256 521 789 752 970 279 570 345 600 758 298 570 256 498 330 712 273 257
892 1120 410 66 213 523 307 239 626 657 659 585 532 286 399 646 388 692 0 492 623 627 853 1179 559 76 740 592 224 881 570 200 716 173 469 537 508 336 931 701
680 908 738 526 468 66 669 286 663 308 662 224 239 541 374 281 384 612 492 0 661 665 702 966 266 552 447 594 479 533 205 539 675 427 472 138 398 189 719 634
1251 1480 287 658 702 692 903 728 46 880 1148 757 701 775 402 815 413 1181 623 661 0 47 1274 1538 641 683 437 1080 713 1104 738 484 1205 661 958 705 969 651 1290 1190
1256 1484 292 662 706 696 907 732 50 884 1152 762 705 779 406 819 417 1185 627 665 47 0 1278 1542 643 687 439 1085 717 1108 742 488 1209 666 962 709 973 655 1295 1194
185 413 1129 888 720 673 942 855 1276 445 478 699 814 699 987 759 997 256 853 702 1274 1278 0 471 879 913 1059 440 731 435 762 919 459 732 418 588 492 802 224 418
324 118 1454 1213 1045 938 1267 1163 1541 709 803 1024 994 1024 1251 1085 1262 521 1179 966 1538 1542 471 0 1101 1238 1281 765 1056 700 1083 1244 784 1057 743 852 817 1067 332 743
857 1085 805 594 535 298 736 353 629 485 835 363 164 608 441 420 451 789 559 266 641 643 879 1101 0 619 258 767 546 710 344 606 852 495 644 311 575 257 896 811
952 1180 470 72 273 583 313 299 686 717 719 645 592 346 458 706 448 752 76 552 683 687 913 1238 619 0 799 651 284 941 629 260 776 232 529 596 567 395 991 761
1037 1266 692 774 716 478 916 533 425 666 1015 543 344 788 621 600 632 970 740 447 437 439 1059 1281 258 799 0 947 727 890 524 786 1032 675 825 491 755 437 1076 992
478 707 867 626 458 569 680 593 1083 379 113 437 709 437 856 498 845 279 592 594 1080 1085 440 765 767 651 947 0 469 497 500 657 169 470 156 476 230 690 517 167
770 998 500 259 45 510 313 226 716 534 537 463 519 163 489 524 478 570 224 479 713 717 731 1056 546 284 727 469 0 759 526 290 593 103 346 502 385 323 809 579
413 642 1156 915 748 504 969 729 1107 275 534 597 645 727 817 725 828 345 881 533 1104 1108 435 700 710 941 890 497 759 0 649 947 516 759 474 419 404 633 452 475
796 1025 816 604 515 237 736 363 741 424 568 109 317 494 452 100 462 600 570 205 738 742 762 1083 344 629 524 500 526 649 0 617 624 505 377 250 416 267 835 609
958 1186 231 234 279 570 480 305 487 722 725 636 579 352 313 693 303 758 200 539 484 488 919 1244 606 260 786 657 290 947 617 0 781 238 535 584 573 382 997 767
498 726 991 750 582 646 804 717 1207 417 90 561 787 561 960 622 970 298 716 675 1205 1209 459 784 852 776 1032 169 593 516 624 781 0 594 280 561 354 775 537 69
770 999 448 207 92 459 292 174 664 535 538 464 468 164 437 524 426 570 173 427 661 666 732 1057 495 232 675 470 103 759 505 238 594 0 347 472 386 271 809 579
456 685 744 503 336 446 557 470 960 256 224 314 586 314 733 375 723 256 469 472 958 962 418 743 644 529 825 156 346 474 377 535 280 347 0 353 107 567 495 265
566 794 783 571 491 139 712 330 708 194 544 269 284 470 419 326 429 498 537 138 705 709 588 852 311 596 491 476 502 419 250 584 561 472 353 0 284 234 605 520
530 759 783 542 374 369 596 509 972 180 298 353 510 353 683 414 693 330 508 398 969 973 492 817 575 567 755 230 385 404 416 573 354 386 107 284 0 498 569 340
780 1009 592 370 312 221 512 129 654 409 758 286 230 384 364 343 375 712 336 189 651 655 802 1067 257 395 437 690 323 633 267 382 775 271 567 234 498 0 819 734
77 273 1206 965 798 690 1019 915 1293 461 555 777 831 777 1004 837 1014 273 931 719 1290 1295 224 332 896 991 1076 517 809 452 835 997 537 809 495 605 569 819 0 496
457 685 977 736 568 606 789 703 1193 377 87 547 746 547 919 607 929 257 701 634 1190 1194 418 743 811 761 992 167 579 475 609 767 69 579 265 520 340 734 496 0
EOF