NAME : tsp_problem
TYPE : TSP
DIMENSION : 74
EDGE_WEIGHT_TYPE : EXPLICIT
EDGE_WEIGHT_FORMAT : FULL_MATRIX
EDGE_WEIGHT_SECTION
0 432 759 371 565 540 1232 1178 287 696 863 892 231 982 682 674 824 310 1239 708 378 532 607 124 749 788 812 889 519 510 379 325 579 641 154 521 455 130 724 582 1177 447 93 60 994 422 917 1262 519 1003 271 1320 547 1150 819 82 535 573 763 629 671 762 1219 608 700 627 853 1254 553 564 870 1057 456 163
432 0 426 439 457 139 1108 1055 183 452 595 558 431 879 282 273 837 377 1115 308 273 784 206 338 762 388 826 903 118 512 447 577 646 240 421 120 523 336 737 830 1054 187 454 392 891 162 649 1139 587 880 234 1197 146 1027 832 369 603 824 362 642 270 361 1096 804 299 784 520 1131 805 163 536 934 156 503
759 426 0 469 237 524 730 677 577 103 217 180 567 501 475 467 487 484 737 272 555 1017 591 732 410 352 476 553 401 291 398 971 782 434 816 505 381 730 387 966 676 582 820 787 513 557 271 761 378 502 629 819 531 649 483 719 738 974 573 292 235 555 718 940 151 920 142 752 998 286 158 556 551 890
371 439 469 0 305 537 939 885 536 403 571 602 179 689 577 569 531 96 946 536 233 629 605 373 456 616 520 597 353 220 89 664 394 536 493 519 199 469 431 578 885 576 432 400 701 551 624 970 172 711 391 1028 544 858 526 331 350 586 674 336 499 656 926 552 415 532 564 961 610 459 580 765 354 502
565 457 237 305 0 555 919 866 608 263 406 369 372 676 506 498 518 289 926 304 426 823 623 566 444 384 507 584 432 127 233 858 588 465 686 536 200 663 418 772 865 613 625 593 689 588 459 950 221 691 584 1008 562 838 514 525 544 780 604 323 266 586 906 745 182 725 331 941 803 318 347 745 547 695
540 139 524 537 555 0 1206 1153 290 550 693 656 529 977 314 321 935 475 1213 405 370 891 113 445 860 485 924 1001 216 610 545 684 744 338 528 71 621 443 835 928 1152 295 561 499 989 270 747 1237 685 978 341 1295 72 1125 930 476 701 931 269 740 368 279 1194 902 397 882 618 1228 912 261 634 1032 264 610
1232 1108 730 939 919 1206 0 318 1260 785 624 755 1039 447 1158 1149 565 956 26 955 1093 1490 1274 1233 508 1035 576 499 1083 842 870 1524 1254 1117 1353 1188 1059 1329 535 1438 92 1264 1292 1260 459 1239 714 50 843 304 1251 509 1214 119 570 1191 1211 1446 1255 636 918 1237 44 1412 834 1392 717 41 1470 969 733 358 1214 1362
1178 1055 677 885 866 1153 318 0 1206 732 571 702 985 393 1104 1096 511 902 325 901 1040 1436 1221 1179 455 981 523 446 1030 788 817 1471 1201 1063 1299 1134 1006 1276 482 1385 264 1211 1238 1206 405 1186 661 349 790 251 1198 234 1160 237 516 1138 1157 1393 1202 583 864 1184 305 1358 780 1339 663 340 1417 915 680 171 1160 1309
287 183 577 536 608 290 1260 1206 0 604 746 710 396 1031 433 425 988 474 1267 459 379 638 358 192 913 539 977 1054 270 663 544 431 743 392 276 272 619 190 888 688 1206 197 309 247 1043 172 800 1291 684 1032 244 1349 297 1179 983 223 699 679 514 793 422 512 1247 715 451 733 671 1282 659 315 688 1086 233 357
696 452 103 403 263 550 785 732 604 0 272 235 503 556 502 493 416 420 792 299 557 954 618 697 342 379 405 482 427 306 334 989 718 460 817 532 407 756 316 902 731 608 756 724 568 583 325 816 307 557 655 874 557 704 412 655 675 910 599 221 262 581 772 876 177 856 197 807 934 313 213 611 577 826
863 595 217 571 406 693 624 571 746 272 0 242 670 395 644 636 418 588 631 441 724 1121 761 864 304 521 407 447 570 460 502 1140 886 603 985 674 550 899 318 1070 570 751 924 891 407 726 201 655 475 396 798 713 700 543 413 823 842 1078 742 268 404 724 612 1044 320 1024 203 646 1102 455 220 450 720 994
892 558 180 602 369 656 755 702 710 235 242 0 699 526 607 599 513 616 762 405 687 1150 724 865 435 485 501 578 533 424 530 1104 914 566 948 638 513 862 413 1098 701 714 952 919 538 689 139 786 510 527 761 844 663 674 508 851 871 1106 705 362 368 687 742 1072 283 1052 143 777 1130 419 136 581 683 1022
231 431 567 179 372 529 1039 985 396 503 670 699 0 789 569 560 631 117 1046 595 225 621 596 233 556 675 620 697 344 317 187 524 386 528 353 510 262 329 531 570 985 468 292 260 801 443 724 1069 327 811 251 1128 536 957 626 191 342 578 666 436 558 648 1026 544 512 524 661 1061 602 450 677 865 345 362
982 879 501 689 676 977 447 393 1031 556 395 526 789 0 929 920 173 706 454 726 843 1240 1045 983 279 806 184 107 854 592 620 1275 1005 887 1103 959 810 1080 306 1189 393 1035 1042 1010 26 1010 485 478 593 219 1001 536 985 366 178 942 961 1197 1026 387 689 1008 434 1162 604 1143 488 469 1221 740 504 273 964 1113
682 282 475 577 506 314 1158 1104 433 502 644 607 569 929 0 64 886 515 1165 357 410 1019 284 588 812 437 875 952 256 561 585 827 784 125 671 339 651 586 786 968 1104 437 704 642 941 413 698 1188 656 930 484 1247 306 1076 882 619 740 976 151 691 320 133 1145 942 349 922 569 1180 1000 213 586 984 407 753
674 273 467 569 498 321 1149 1096 425 493 636 599 560 920 64 0 878 507 1156 348 402 1011 291 579 803 428 867 944 248 553 577 818 776 116 663 346 642 577 778 960 1095 429 696 634 932 404 689 1180 647 921 476 1238 313 1068 873 610 732 968 158 683 311 140 1136 933 340 914 561 1171 992 204 577 975 398 744
824 837 487 531 518 935 565 511 988 416 418 513 631 173 886 878 0 548 572 684 685 1082 1003 825 197 764 33 80 805 434 462 1117 846 845 945 916 651 922 171 1030 511 993 884 852 185 968 472 595 435 337 843 653 942 483 40 783 803 1038 984 228 646 966 552 1004 562 984 474 587 1062 698 491 391 806 954
310 377 484 96 289 475 956 902 474 420 588 616 117 706 515 507 548 0 963 541 171 568 543 311 473 621 537 614 291 235 104 603 332 474 431 457 180 408 448 516 902 515 370 338 718 490 641 987 244 728 329 1045 483 875 543 269 289 524 613 353 504 595 943 490 429 470 578 978 548 397 594 782 292 440
1239 1115 737 946 926 1213 26 325 1267 792 631 762 1046 454 1165 1156 572 963 0 962 1100 1497 1281 1240 515 1042 583 506 1090 849 877 1532 1261 1124 1360 1195 1066 1337 543 1445 100 1271 1299 1267 466 1246 721 49 850 312 1258 517 1221 126 577 1198 1218 1453 1262 643 925 1244 42 1419 841 1399 724 40 1477 976 740 365 1221 1369
708 308 272 536 304 405 955 901 459 299 441 405 595 726 357 348 684 541 962 0 436 1045 473 614 609 119 672 749 282 358 465 853 810 316 697 387 448 612 583 994 901 463 730 668 738 439 495 986 453 727 510 1044 413 874 679 645 766 1002 454 489 66 436 942 968 146 948 367 977 1026 168 383 781 433 779
378 273 555 233 426 370 1093 1040 379 557 724 687 225 843 410 402 685 171 1100 436 0 675 438 379 610 516 674 751 186 372 241 671 440 369 499 352 317 476 585 624 1039 384 438 406 855 359 778 1124 381 865 398 1182 378 1012 681 338 396 632 508 490 399 490 1080 598 428 578 649 1115 656 292 665 919 161 509
532 784 1017 629 823 891 1490 1436 638 954 1121 1150 621 1240 1019 1011 1082 568 1497 1045 675 0 958 624 1007 1125 1070 1147 795 768 637 240 290 978 479 872 713 526 982 105 1435 667 468 518 1252 689 1175 1501 777 1261 771 1578 898 1408 1077 582 333 95 1114 887 1008 1099 1477 131 963 150 1111 1506 111 901 1128 1315 796 399
607 206 591 605 623 113 1274 1221 358 618 761 724 596 1045 284 291 1003 543 1281 473 438 958 0 513 928 553 991 1068 284 677 613 752 812 355 596 139 688 510 902 996 1220 362 629 567 1057 337 814 1305 753 1046 409 1363 106 1193 998 543 768 999 240 808 436 250 1261 970 465 950 686 1296 980 329 702 1100 331 678
124 338 732 373 566 445 1233 1179 192 697 864 865 233 983 588 579 825 311 1240 614 379 624 513 0 750 694 814 891 425 511 381 417 580 547 245 427 456 205 725 674 1179 352 184 152 995 327 918 1264 521 1005 273 1322 452 1151 820 60 536 664 669 630 577 667 1220 700 606 718 826 1255 645 470 843 1059 388 254
749 762 410 456 444 860 508 455 913 342 304 435 556 279 812 803 197 473 515 609 610 1007 928 750 0 689 185 262 730 359 388 1042 772 770 870 842 577 847 69 956 454 918 809 777 291 893 394 539 360 280 769 597 867 427 192 709 728 964 909 154 572 891 495 929 487 910 397 530 988 623 413 334 731 880
788 388 352 616 384 485 1035 981 539 379 521 485 675 806 437 428 764 621 1042 119 516 1125 553 694 689 0 752 829 362 438 545 933 890 396 777 467 528 692 663 1074 981 543 810 748 818 519 575 1066 533 807 590 1124 493 954 759 725 846 1082 534 569 146 516 1022 1048 226 1028 447 1057 1106 248 463 861 513 859
812 826 476 520 507 924 576 523 977 405 407 501 620 184 875 867 33 537 583 672 674 1070 991 814 185 752 0 92 794 423 451 1105 835 834 934 905 640 910 160 1019 522 982 873 841 196 957 461 607 424 348 832 665 931 495 28 772 791 1027 972 217 635 954 563 993 551 973 463 598 1051 686 479 402 795 943
889 903 553 597 584 1001 499 446 1054 482 447 578 697 107 952 944 80 614 506 749 751 1147 1068 891 262 829 92 0 871 500 528 1182 912 911 1011 982 717 987 237 1096 445 1059 950 918 119 1034 537 530 501 271 909 588 1008 418 85 849 868 1104 1049 294 712 1031 486 1070 628 1050 540 521 1128 763 556 325 872 1020
519 118 401 353 432 216 1083 1030 270 427 570 533 344 854 256 248 805 291 1090 282 186 795 284 425 730 362 794 871 0 486 361 664 560 215 508 198 436 422 705 744 1029 274 541 479 866 249 623 1114 501 855 321 1172 224 1002 800 455 516 752 354 610 245 336 1070 718 274 698 495 1105 776 138 511 909 243 590
510 512 291 220 127 610 842 788 663 306 460 424 317 592 561 553 434 235 849 358 372 768 677 511 359 438 423 500 486 0 149 803 533 520 632 591 296 608 334 717 788 668 571 538 604 643 514 872 137 614 530 930 617 760 429 470 489 725 658 239 321 641 829 691 237 671 386 864 749 372 402 667 492 641
379 447 398 89 233 545 870 817 544 334 502 530 187 620 585 577 462 104 877 465 241 637 613 381 388 545 451 528 361 149 0 672 402 544 501 527 207 477 362 586 816 584 440 408 633 559 555 901 165 642 399 959 552 789 458 339 358 594 682 267 428 664 857 560 344 540 492 892 618 467 508 696 362 510
325 577 971 664 858 684 1524 1471 431 989 1140 1104 524 1275 827 818 1117 603 1532 853 671 240 752 417 1042 933 1105 1182 664 803 672 0 476 786 272 666 748 319 1017 290 1470 460 262 311 1287 482 1194 1555 812 1296 564 1613 691 1443 1112 375 519 281 907 922 816 906 1512 317 845 335 1065 1547 261 709 1082 1350 627 192
579 646 782 394 588 744 1254 1201 743 718 886 914 386 1005 784 776 846 332 1261 810 440 290 812 580 772 890 835 912 560 533 402 476 0 743 700 726 478 676 746 239 1200 783 639 607 1017 759 940 1266 542 1026 598 1343 752 1173 842 538 98 247 882 651 773 864 1241 212 728 193 876 1271 271 666 892 1080 561 634
641 240 434 536 465 338 1117 1063 392 460 603 566 528 887 125 116 845 474 1124 316 369 978 355 547 770 396 834 911 215 520 544 786 743 0 630 320 609 544 745 927 1062 396 663 601 899 371 657 1147 614 889 443 1205 346 1035 840 577 699 935 222 650 278 204 1104 901 308 881 528 1139 959 171 544 942 365 712
154 421 816 493 686 528 1353 1299 276 817 985 948 353 1103 671 663 945 431 1360 697 499 479 596 245 870 777 934 1011 508 632 501 272 700 630 0 510 577 163 845 529 1299 431 90 139 1115 411 1038 1384 641 1125 393 1442 536 1272 940 204 656 520 752 750 660 751 1340 556 689 575 910 1375 500 553 926 1179 472 110
521 120 505 519 536 71 1188 1134 272 532 674 638 510 959 339 346 916 457 1195 387 352 872 139 427 842 467 905 982 198 591 527 666 726 320 510 0 602 424 816 910 1134 276 543 481 971 251 728 1219 666 960 323 1277 78 1107 912 457 682 913 294 722 350 304 1175 884 379 864 599 1210 893 243 616 1014 245 592
455 523 381 199 200 621 1059 1006 619 407 550 513 262 810 651 642 651 180 1066 448 317 713 688 456 577 528 640 717 436 296 207 748 478 609 577 602 0 553 551 662 1005 660 516 483 822 635 604 1090 347 831 475 1148 628 978 647 415 434 670 748 457 411 730 1047 636 326 616 475 1081 694 462 491 885 437 586
130 336 730 469 663 443 1329 1276 190 756 899 862 329 1080 586 577 922 408 1337 612 476 526 510 205 847 692 910 987 422 608 477 319 676 544 163 424 553 0 821 576 1275 350 148 86 1092 325 953 1360 617 1101 369 1418 450 1248 917 180 633 566 666 727 574 665 1317 602 604 621 824 1352 547 467 840 1155 386 218
724 737 387 431 418 835 535 482 888 316 318 413 531 306 786 778 171 448 543 583 585 982 902 725 69 663 160 237 705 334 362 1017 746 745 845 816 551 821 0 930 481 893 784 752 318 868 372 566 335 307 743 624 842 454 167 683 703 938 884 128 546 866 523 904 462 884 374 558 962 597 391 361 706 854
582 830 966 578 772 928 1438 1385 688 902 1070 1098 570 1189 968 960 1030 516 1445 994 624 105 996 674 956 1074 1019 1096 744 717 586 290 239 927 529 910 662 576 930 0 1384 717 518 568 1201 739 1124 1450 726 1210 782 1527 936 1357 1026 632 282 61 1066 836 957 1048 1426 85 912 98 1060 1455 85 850 1077 1264 745 449
1177 1054 676 885 865 1152 92 264 1206 731 570 701 985 393 1104 1095 511 902 100 901 1039 1435 1220 1179 454 981 522 445 1029 788 816 1470 1200 1062 1299 1134 1005 1275 481 1384 0 1210 1238 1206 405 1185 660 123 789 250 1197 455 1160 65 516 1137 1156 1392 1201 582 864 1183 80 1358 780 1338 663 115 1416 915 679 304 1160 1308
447 187 582 576 613 295 1264 1211 197 608 751 714 468 1035 437 429 993 515 1271 463 384 667 362 352 918 543 982 1059 274 668 584 460 783 396 431 276 660 350 893 717 1210 0 468 406 1047 59 805 1295 724 1036 248 1353 302 1183 988 383 740 707 518 798 426 517 1252 743 455 762 676 1286 688 319 692 1090 238 423
93 454 820 432 625 561 1292 1238 309 756 924 952 292 1042 704 696 884 370 1299 730 438 468 629 184 809 810 873 950 541 571 440 262 639 663 90 543 516 148 784 518 1238 468 0 78 1054 443 977 1323 580 1064 332 1381 569 1211 879 143 595 509 785 689 693 784 1279 545 722 564 914 1314 489 586 930 1118 505 99
60 392 787 400 593 499 1260 1206 247 724 891 919 260 1010 642 634 852 338 1267 668 406 518 567 152 777 748 841 918 479 538 408 311 607 601 139 481 483 86 752 568 1206 406 78 0 1022 381 945 1290 548 1032 300 1349 507 1178 847 111 563 558 723 657 631 722 1247 594 660 613 881 1282 539 524 897 1086 443 149
994 891 513 701 689 989 459 405 1043 568 407 538 801 26 941 932 185 718 466 738 855 1252 1057 995 291 818 196 119 866 604 633 1287 1017 899 1115 971 822 1092 318 1201 405 1047 1054 1022 0 1022 497 490 605 231 1014 548 997 378 190 954 973 1209 1038 399 701 1020 446 1174 617 1155 500 481 1233 752 516 285 976 1125
422 162 557 551 588 270 1239 1186 172 583 726 689 443 1010 413 404 968 490 1246 439 359 689 337 327 893 519 957 1034 249 643 559 482 759 371 411 251 635 325 868 739 1185 59 443 381 1022 0 780 1270 699 1011 223 1328 277 1158 963 358 715 730 493 773 401 492 1227 766 430 784 651 1261 710 294 667 1065 213 445
917 649 271 624 459 747 714 661 800 325 201 139 724 485 698 689 472 641 721 495 778 1175 814 918 394 575 461 537 623 514 555 1194 940 657 1038 728 604 953 372 1124 660 805 977 945 497 780 0 745 528 486 851 803 754 633 467 877 896 1132 795 321 458 777 702 1097 374 1077 184 737 1156 509 177 540 774 1048
1262 1139 761 970 950 1237 50 349 1291 816 655 786 1069 478 1188 1180 595 987 49 986 1124 1501 1305 1264 539 1066 607 530 1114 872 901 1555 1266 1147 1384 1219 1090 1360 566 1450 123 1295 1323 1290 490 1270 745 0 874 335 1282 540 1244 150 600 1222 1222 1458 1286 667 948 1268 66 1424 864 1404 748 48 1482 1000 764 389 1244 1393
519 587 378 172 221 685 843 790 684 307 475 510 327 593 656 647 435 244 850 453 381 777 753 521 360 533 424 501 501 137 165 812 542 614 641 666 347 617 335 726 789 724 580 548 605 699 528 874 0 615 539 932 692 762 431 479 498 734 753 240 416 735 830 700 331 680 472 865 758 467 489 669 501 650
1003 880 502 711 691 978 304 251 1032 557 396 527 811 219 930 921 337 728 312 727 865 1261 1046 1005 280 807 348 271 855 614 642 1296 1026 889 1125 960 831 1101 307 1210 250 1036 1064 1032 231 1011 486 335 615 0 1023 393 986 223 342 963 982 1218 1027 408 690 1009 292 1184 606 1164 489 327 1242 741 505 130 986 1134
271 234 629 391 584 341 1251 1198 244 655 798 761 251 1001 484 476 843 329 1258 510 398 771 409 273 769 590 832 909 321 530 399 564 598 443 393 323 475 369 743 782 1197 248 332 300 1014 223 851 1282 539 1023 0 1340 349 1170 839 231 554 790 565 648 473 564 1238 756 502 736 723 1273 792 366 739 1077 285 402
1320 1197 819 1028 1008 1295 509 234 1349 874 713 844 1128 536 1247 1238 653 1045 517 1044 1182 1578 1363 1322 597 1124 665 588 1172 930 959 1613 1343 1205 1442 1277 1148 1418 624 1527 455 1353 1381 1349 548 1328 803 540 932 393 1340 0 1302 428 659 1280 1299 1535 1344 725 1007 1326 497 1501 922 1481 806 532 1559 1058 822 309 1302 1451
547 146 531 544 562 72 1214 1160 297 557 700 663 536 985 306 313 942 483 1221 413 378 898 106 452 867 493 931 1008 224 617 552 691 752 346 536 78 628 450 842 936 1160 302 569 507 997 277 754 1244 692 986 349 1302 0 1132 938 483 708 939 261 747 376 271 1201 909 405 889 625 1236 919 268 641 1040 271 617
1150 1027 649 858 838 1125 119 237 1179 704 543 674 957 366 1076 1068 483 875 126 874 1012 1408 1193 1151 427 954 495 418 1002 760 789 1443 1173 1035 1272 1107 978 1248 454 1357 65 1183 1211 1178 378 1158 633 150 762 223 1170 428 1132 0 488 1110 1129 1365 1174 555 836 1156 106 1331 752 1311 636 141 1389 888 652 277 1132 1281
819 832 483 526 514 930 570 516 983 412 413 508 626 178 882 873 40 543 577 679 681 1077 998 820 192 759 28 85 800 429 458 1112 842 840 940 912 647 917 167 1026 516 988 879 847 190 963 467 600 431 342 839 659 938 488 0 779 798 1034 979 224 642 961 557 999 557 980 470 592 1058 693 486 396 801 950
82 369 719 331 525 476 1191 1138 223 655 823 851 191 942 619 610 783 269 1198 645 338 582 543 60 709 725 772 849 455 470 339 375 538 577 204 457 415 180 683 632 1137 383 143 111 954 358 877 1222 479 963 231 1280 483 1110 779 0 495 623 699 589 608 698 1179 659 637 676 813 1213 603 500 830 1017 416 213
535 603 738 350 544 701 1211 1157 699 675 842 871 342 961 740 732 803 289 1218 766 396 333 768 536 728 846 791 868 516 489 358 519 98 699 656 682 434 633 703 282 1156 740 595 563 973 715 896 1222 498 982 554 1299 708 1129 798 495 0 290 838 608 729 820 1198 256 684 236 832 1227 314 622 849 1036 517 666
573 824 974 586 780 931 1446 1393 679 910 1078 1106 578 1197 976 968 1038 524 1453 1002 632 95 999 664 964 1082 1027 1104 752 725 594 281 247 935 520 913 670 566 938 61 1392 707 509 558 1209 730 1132 1458 734 1218 790 1535 939 1365 1034 623 290 0 1074 844 965 1056 1434 88 920 106 1068 1463 76 858 1085 1272 753 439
763 362 573 674 604 269 1255 1202 514 599 742 705 666 1026 151 158 984 613 1262 454 508 1114 240 669 909 534 972 1049 354 658 682 907 882 222 752 294 748 666 884 1066 1201 518 785 723 1038 493 795 1286 753 1027 565 1344 261 1174 979 699 838 1074 0 789 417 117 1242 1039 446 1019 667 1277 1098 310 683 1081 487 833
629 642 292 336 323 740 636 583 793 221 268 362 436 387 691 683 228 353 643 489 490 887 808 630 154 569 217 294 610 239 267 922 651 650 750 722 457 727 128 836 582 798 689 657 399 773 321 667 240 408 648 725 747 555 224 589 608 844 789 0 451 771 623 809 367 789 324 658 867 503 340 462 611 759
671 270 235 499 266 368 918 864 422 262 404 368 558 689 320 311 646 504 925 66 399 1008 436 577 572 146 635 712 245 321 428 816 773 278 660 350 411 574 546 957 864 426 693 631 701 401 458 948 416 690 473 1007 376 836 642 608 729 965 417 451 0 399 905 931 109 911 329 940 989 131 346 744 395 742
762 361 555 656 586 279 1237 1184 512 581 724 687 648 1008 133 140 966 595 1244 436 490 1099 250 667 891 516 954 1031 336 641 664 906 864 204 751 304 730 665 866 1048 1183 517 784 722 1020 492 777 1268 735 1009 564 1326 271 1156 961 698 820 1056 117 771 399 0 1224 1021 428 1002 649 1259 1080 292 665 1063 486 832
1219 1096 718 926 906 1194 44 305 1247 772 612 742 1026 434 1145 1136 552 943 42 942 1080 1477 1261 1220 495 1022 563 486 1070 829 857 1512 1241 1104 1340 1175 1047 1317 523 1426 80 1252 1279 1247 446 1227 702 66 830 292 1238 497 1201 106 557 1179 1198 1434 1242 623 905 1224 0 1399 821 1379 704 57 1457 956 720 346 1201 1349
608 804 940 552 745 902 1412 1358 715 876 1044 1072 544 1162 942 933 1004 490 1419 968 598 131 970 700 929 1048 993 1070 718 691 560 317 212 901 556 884 636 602 904 85 1358 743 545 594 1174 766 1097 1424 700 1184 756 1501 909 1331 999 659 256 88 1039 809 931 1021 1399 0 885 72 1034 1429 112 824 1050 1238 719 475
700 299 151 415 182 397 834 780 451 177 320 283 512 604 349 340 562 429 841 146 428 963 465 606 487 226 551 628 274 237 344 845 728 308 689 379 326 604 462 912 780 455 722 660 617 430 374 864 331 606 502 922 405 752 557 637 684 920 446 367 109 428 821 885 0 866 245 856 944 160 261 659 424 771
627 784 920 532 725 882 1392 1339 733 856 1024 1052 524 1143 922 914 984 470 1399 948 578 150 950 718 910 1028 973 1050 698 671 540 335 193 881 575 864 616 621 884 98 1338 762 564 613 1155 784 1077 1404 680 1164 736 1481 889 1311 980 676 236 106 1019 789 911 1002 1379 72 866 0 1014 1409 130 804 1030 1218 699 494
853 520 142 564 331 618 717 663 671 197 203 143 661 488 569 561 474 578 724 367 649 1111 686 826 397 447 463 540 495 386 492 1065 876 528 910 599 475 824 374 1060 663 676 914 881 500 651 184 748 472 489 723 806 625 636 470 813 832 1068 667 324 329 649 704 1034 245 1014 0 739 1092 381 127 543 645 984
1254 1131 752 961 941 1228 41 340 1282 807 646 777 1061 469 1180 1171 587 978 40 977 1115 1506 1296 1255 530 1057 598 521 1105 864 892 1547 1271 1139 1375 1210 1081 1352 558 1455 115 1286 1314 1282 481 1261 737 48 865 327 1273 532 1236 141 592 1213 1227 1463 1277 658 940 1259 57 1429 856 1409 739 0 1487 991 755 380 1236 1384
553 805 998 610 803 912 1470 1417 659 934 1102 1130 602 1221 1000 992 1062 548 1477 1026 656 111 980 645 988 1106 1051 1128 776 749 618 261 271 959 500 893 694 547 962 85 1416 688 489 539 1233 710 1156 1482 758 1242 792 1559 919 1389 1058 603 314 76 1098 867 989 1080 1457 112 944 130 1092 1487 0 882 1108 1296 777 420
564 163 286 459 318 261 969 915 315 313 455 419 450 740 213 204 698 397 976 168 292 901 329 470 623 248 686 763 138 372 467 709 666 171 553 243 462 467 597 850 915 319 586 524 752 294 509 1000 467 741 366 1058 268 888 693 500 622 858 310 503 131 292 956 824 160 804 381 991 882 0 397 795 288 635
870 536 158 580 347 634 733 680 688 213 220 136 677 504 586 577 491 594 740 383 665 1128 702 843 413 463 479 556 511 402 508 1082 892 544 926 616 491 840 391 1077 679 692 930 897 516 667 177 764 489 505 739 822 641 652 486 830 849 1085 683 340 346 665 720 1050 261 1030 127 755 1108 397 0 559 661 1000
1057 934 556 765 745 1032 358 171 1086 611 450 581 865 273 984 975 391 782 365 781 919 1315 1100 1059 334 861 402 325 909 667 696 1350 1080 942 1179 1014 885 1155 361 1264 304 1090 1118 1086 285 1065 540 389 669 130 1077 309 1040 277 396 1017 1036 1272 1081 462 744 1063 346 1238 659 1218 543 380 1296 795 559 0 1040 1188
456 156 551 354 547 264 1214 1160 233 577 720 683 345 964 407 398 806 292 1221 433 161 796 331 388 731 513 795 872 243 492 362 627 561 365 472 245 437 386 706 745 1160 238 505 443 976 213 774 1244 501 986 285 1302 271 1132 801 416 517 753 487 611 395 486 1201 719 424 699 645 1236 777 288 661 1040 0 553
163 503 890 502 695 610 1362 1309 357 826 994 1022 362 1113 753 744 954 440 1369 779 509 399 678 254 880 859 943 1020 590 641 510 192 634 712 110 592 586 218 854 449 1308 423 99 149 1125 445 1048 1393 650 1134 402 1451 617 1281 950 213 666 439 833 759 742 832 1349 475 771 494 984 1384 420 635 1000 1188 553 0
EOF