NAME : tsp_problem
TYPE : TSP
DIMENSION : 34
EDGE_WEIGHT_TYPE : EXPLICIT
EDGE_WEIGHT_FORMAT : FULL_MATRIX
EDGE_WEIGHT_SECTION
0 413 652 456 587 399 504 518 812 350 814 602 411 453 415 631 655 510 340 879 656 407 458 602 521 418 494 166 651 639 346 651 818 656
413 0 972 775 907 380 494 837 1131 572 443 665 597 772 734 488 974 822 293 1198 975 719 620 922 369 737 398 470 970 958 480 281 1137 975
652 972 0 224 172 958 757 166 253 703 1211 1161 664 356 269 998 95 505 899 320 96 511 711 200 889 404 862 622 256 80 830 1210 259 260
456 775 224 0 159 762 592 90 384 538 1046 965 500 252 73 834 226 341 703 451 228 346 546 174 724 239 698 426 244 211 666 1014 390 248
587 907 172 159 0 893 692 101 331 638 1146 1096 599 212 204 934 174 441 834 399 175 446 646 135 824 339 797 557 111 159 765 1145 337 116
399 380 958 762 893 0 311 824 1118 559 442 651 414 759 721 314 960 683 108 1185 962 580 438 908 195 712 224 457 957 945 466 559 1124 961
504 494 757 592 692 311 0 622 917 328 479 786 128 694 637 266 759 396 310 984 760 294 151 686 156 426 130 380 776 744 456 595 923 781
518 837 166 90 101 824 622 0 325 568 1077 1027 530 285 135 864 168 371 764 392 169 376 576 116 754 269 728 487 185 152 696 1076 331 189
812 1131 253 384 331 1118 917 325 0 863 1371 1321 824 516 429 1158 255 665 1059 109 256 670 871 359 1048 564 1022 782 416 240 990 1370 56 420
350 572 703 538 638 559 328 568 863 0 783 761 236 607 569 570 705 342 499 930 706 240 282 632 460 372 434 227 722 690 167 811 868 727
814 443 1211 1046 1146 442 479 1077 1371 783 0 612 582 1148 1091 473 1213 851 533 1438 1214 748 605 1141 354 880 383 834 1230 1198 881 190 1377 1235
602 665 1161 965 1096 651 786 1027 1321 761 612 0 889 962 924 883 1163 1011 592 1388 1164 909 912 1111 773 926 746 659 1160 1148 669 526 1327 1164
411 597 664 500 599 414 128 530 824 236 582 889 0 601 545 369 667 304 413 891 668 202 82 594 259 334 233 287 684 651 363 698 830 688
453 772 356 252 212 759 694 285 516 607 1148 962 601 0 211 936 359 471 699 583 360 476 648 319 826 321 799 423 213 343 705 1011 522 217
415 734 269 73 204 721 637 135 429 569 1091 924 545 211 0 879 271 386 662 496 273 391 591 219 769 283 742 385 289 256 667 973 435 293
631 488 998 834 934 314 266 864 1158 570 473 883 369 936 879 0 1001 638 404 1225 1002 536 393 928 151 668 170 622 1018 985 698 589 1164 1022
655 974 95 226 174 960 759 168 255 705 1213 1163 667 359 271 1001 0 508 901 322 61 513 713 202 891 406 864 624 258 49 832 1212 261 263
510 822 505 341 441 683 396 371 665 342 851 1011 304 471 386 638 508 0 682 732 509 150 350 435 528 175 502 394 525 492 470 967 671 529
340 293 899 703 834 108 310 764 1059 499 533 592 413 699 662 404 901 682 0 1126 902 579 436 849 285 664 271 397 898 886 407 531 1064 902
879 1198 320 451 399 1185 984 392 109 930 1438 1388 891 583 496 1225 322 732 1126 0 323 737 938 426 1115 631 1089 849 483 307 1057 1437 100 487
656 975 96 228 175 962 760 169 256 706 1214 1164 668 360 273 1002 61 509 902 323 0 514 714 203 892 407 866 625 260 50 834 1214 262 264
407 719 511 346 446 580 294 376 670 240 748 909 202 476 391 536 513 150 579 737 514 0 248 440 426 180 399 291 530 497 367 864 676 534
458 620 711 546 646 438 151 576 871 282 605 912 82 648 591 393 713 350 436 938 714 248 0 640 283 380 257 334 730 698 410 721 876 735
602 922 200 174 135 908 686 116 359 632 1141 1111 594 319 219 928 202 435 849 426 203 440 640 0 818 334 792 572 219 187 760 1160 365 223
521 369 889 724 824 195 156 754 1048 460 354 773 259 826 769 151 891 528 285 1115 892 426 283 818 0 558 60 512 908 876 588 470 1054 912
418 737 404 239 339 712 426 269 564 372 880 926 334 321 283 668 406 175 664 631 407 180 380 334 558 0 531 387 423 391 499 975 570 428
494 398 862 698 797 224 130 728 1022 434 383 746 233 799 742 170 864 502 271 1089 866 399 257 792 60 531 0 485 882 849 561 499 1028 886
166 470 622 426 557 457 380 487 782 227 834 659 287 423 385 622 624 394 397 849 625 291 334 572 512 387 485 0 621 609 354 708 788 625
651 970 256 244 111 957 776 185 416 722 1230 1160 684 213 289 1018 258 525 898 483 260 530 730 219 908 423 882 621 0 243 850 1209 422 70
639 958 80 211 159 945 744 152 240 690 1198 1148 651 343 256 985 49 492 886 307 50 497 698 187 876 391 849 609 243 0 817 1197 245 247
346 480 830 666 765 466 456 696 990 167 881 669 363 705 667 698 832 470 407 1057 834 367 410 760 588 499 561 354 850 817 0 718 996 854
651 281 1210 1014 1145 559 595 1076 1370 811 190 526 698 1011 973 589 1212 967 531 1437 1214 864 721 1160 470 975 499 708 1209 1197 718 0 1376 1213
818 1137 259 390 337 1124 923 331 56 868 1377 1327 830 522 435 1164 261 671 1064 100 262 676 876 365 1054 570 1028 788 422 245 996 1376 0 426
656 975 260 248 116 961 781 189 420 727 1235 1164 688 217 293 1022 263 529 902 487 264 534 735 223 912 428 886 625 70 247 854 1213 426 0
EOF