NAME : tsp_problem
TYPE : TSP
DIMENSION : 86
EDGE_WEIGHT_TYPE : EXPLICIT
EDGE_WEIGHT_FORMAT : FULL_MATRIX
EDGE_WEIGHT_SECTION
0 758 660 709 511 908 352 503 779 245 135 403 597 714 621 234 818 282 422 830 406 523 437 837 581 614 197 999 266 355 826 579 366 281 358 187 252 956 914 260 603 197 302 558 658 859 427 629 663 275 211 261 631 510 418 193 499 225 263 394 176 812 709 824 873 744 498 763 597 597 83 509 737 537 616 200 564 750 573 264 233 158 877 435 739 770
758 0 712 236 541 411 600 637 213 591 720 519 291 767 1196 739 112 687 1017 125 493 647 1032 499 362 1189 908 832 977 859 121 703 603 655 425 873 756 1530 929 633 184 864 1013 223 352 158 1022 308 276 779 922 972 1206 590 992 598 393 936 838 989 884 315 762 118 595 488 622 260 721 1171 725 633 79 377 431 705 279 80 236 571 827 869 930 488 241 823
660 712 0 563 365 843 401 439 822 647 576 320 640 109 1188 876 772 488 989 785 294 448 1003 691 435 1181 763 393 833 997 781 505 806 857 668 753 879 1522 309 836 558 764 868 573 702 818 994 483 517 916 778 828 1198 249 985 800 353 792 830 961 742 748 104 778 699 598 423 806 523 1164 725 434 692 391 470 842 628 704 585 665 800 725 272 289 674 165
709 236 563 0 405 303 450 488 396 566 625 369 267 617 1171 714 296 537 993 308 343 497 1007 390 174 1164 812 724 882 835 304 554 579 630 401 802 732 1506 817 609 159 813 917 199 328 341 998 93 113 755 826 877 1181 441 968 573 243 841 814 965 791 206 612 302 487 380 472 433 572 1147 700 483 215 200 323 680 254 228 211 546 803 774 780 338 133 673
511 541 365 405 0 540 252 290 674 498 427 172 492 420 1039 727 601 340 840 613 145 300 855 356 287 1032 615 628 684 848 609 356 657 709 520 605 731 1374 620 687 409 616 720 424 553 646 846 325 359 768 629 680 1049 243 836 652 204 644 682 813 594 444 415 607 392 263 275 658 374 1015 577 286 520 243 134 694 479 533 436 517 652 576 583 104 371 476
908 411 843 303 540 0 731 769 571 741 870 651 441 786 1346 889 471 818 1168 483 624 779 1182 287 456 1339 1058 494 1127 1010 479 835 754 805 576 1024 907 1681 591 784 334 1014 1163 374 503 516 1173 374 342 930 1072 1123 1356 722 1143 748 524 1087 988 1140 1035 184 796 477 257 392 754 608 853 1322 875 764 390 481 430 855 429 403 386 721 978 1020 624 614 196 732
352 600 401 450 252 731 0 254 709 339 268 145 527 455 880 568 660 126 681 672 147 264 695 578 322 873 456 740 525 689 668 321 505 557 375 445 571 1215 655 535 445 456 561 460 589 705 686 370 404 608 470 520 890 279 677 500 240 484 522 653 434 635 451 666 615 485 239 693 339 856 417 250 579 278 357 534 515 592 472 357 492 417 618 177 562 511
503 637 439 488 290 769 254 0 715 419 418 182 533 493 1024 566 697 338 831 710 184 109 846 616 360 1017 606 778 675 687 706 165 431 483 294 596 584 1358 693 461 482 607 711 494 594 742 837 407 442 607 620 671 1033 316 820 426 278 635 666 804 585 673 488 703 652 523 84 699 183 999 553 95 617 316 395 533 500 629 509 399 643 568 656 214 599 549
779 213 822 396 674 571 709 715 0 612 741 629 208 876 1217 760 193 727 1038 205 602 718 1053 659 472 1210 929 992 998 880 201 725 624 676 446 894 777 1551 1076 654 318 885 1034 273 209 120 1043 468 436 800 943 993 1227 700 1014 619 502 957 859 1011 905 475 872 199 755 648 732 87 743 1192 746 732 239 487 591 726 300 240 288 592 848 890 1039 598 401 932
245 591 647 566 498 741 339 419 612 0 161 390 430 701 773 334 651 269 574 663 392 422 589 824 568 766 349 986 418 455 659 429 199 250 191 339 352 1108 901 229 436 350 454 391 491 692 580 615 606 375 363 414 783 497 570 193 486 378 416 547 328 645 696 657 860 731 450 596 446 749 311 436 570 524 602 300 397 583 406 51 386 311 864 422 572 757
135 720 576 625 427 870 268 418 741 161 0 319 559 630 663 351 780 198 464 792 321 439 478 753 497 656 239 915 308 472 788 495 328 379 319 228 354 998 830 358 565 239 344 520 620 821 469 544 579 392 253 303 673 426 460 310 415 267 305 436 217 774 625 786 789 660 414 725 513 639 200 424 699 453 532 317 526 712 535 180 275 200 793 351 701 686
403 519 320 369 172 651 145 182 629 390 319 0 446 375 932 619 579 232 732 591 75 192 747 498 242 924 507 659 576 740 587 249 549 601 412 497 623 1266 575 579 364 508 612 379 508 624 738 289 323 660 521 572 941 198 728 544 159 536 574 705 486 554 370 585 534 405 167 613 266 907 469 178 498 198 276 586 434 511 391 409 544 469 537 96 481 430
597 291 640 267 492 441 527 533 208 430 559 446 0 694 1035 578 351 545 856 363 420 536 871 529 289 1028 747 862 816 698 359 543 442 494 264 712 595 1369 894 472 136 703 852 91 88 289 861 337 306 618 761 811 1045 518 831 437 320 775 677 828 723 345 690 357 625 519 550 192 561 1010 564 550 270 305 461 544 118 283 106 410 666 708 857 416 272 750
714 767 109 617 420 786 455 493 876 701 630 375 694 0 1242 930 827 542 1043 839 348 503 1058 676 490 1235 818 336 887 1051 835 559 860 912 723 808 934 1577 251 890 612 818 923 627 756 872 1048 537 571 971 832 882 1252 303 1039 855 407 846 884 1015 797 802 103 833 642 652 478 861 577 1218 780 488 746 446 524 896 682 759 639 719 854 779 214 344 729 107
621 1196 1188 1171 1039 1346 880 1024 1217 773 663 932 1035 1242 0 597 1256 810 452 1268 934 1026 467 1365 1109 28 617 1527 511 472 1264 1033 804 719 795 461 475 671 1442 698 1041 451 477 996 1096 1297 458 1157 1191 550 568 516 44 1038 284 631 1027 646 389 425 472 1250 1238 1262 1401 1272 1026 1201 1051 302 658 1037 1175 1065 1144 602 1001 1188 1011 771 415 497 1405 964 1176 1298
234 739 876 714 727 889 568 566 760 334 351 619 578 930 597 0 799 498 418 811 622 569 433 977 737 590 413 1215 477 158 807 576 346 262 338 313 196 932 1130 240 584 303 443 539 639 840 424 784 754 77 427 477 607 726 394 174 715 441 278 391 324 793 925 805 1073 960 598 744 594 573 201 584 718 752 832 65 544 730 554 314 267 349 1093 651 719 986
818 112 772 296 601 471 660 697 193 651 780 579 351 827 1256 799 0 747 1077 76 553 707 1092 559 422 1249 968 892 1037 919 71 763 663 715 485 933 816 1590 989 693 244 924 1073 283 362 138 1082 368 336 839 982 1032 1266 650 1052 658 453 996 898 1049 944 375 822 55 655 548 682 240 781 1231 785 693 139 437 491 765 339 140 296 631 887 929 990 548 301 883
282 687 488 537 340 818 126 338 727 269 198 232 545 542 810 498 747 0 611 759 234 351 626 665 410 803 386 827 455 619 755 408 436 487 306 376 502 1145 742 466 532 387 491 507 607 792 617 457 491 539 400 451 820 366 607 430 327 415 453 584 365 722 538 753 702 572 326 711 426 786 348 337 666 365 444 464 512 679 521 287 423 347 705 264 649 598
422 1017 989 993 840 1168 681 831 1038 574 464 732 856 1043 452 418 1077 611 0 1090 735 848 83 1166 910 445 287 1328 170 293 1085 855 625 541 617 282 296 787 1243 519 862 273 135 818 918 1119 74 958 992 371 226 174 462 839 249 452 828 316 210 51 293 1071 1038 1083 1202 1073 827 1022 873 428 480 838 996 866 945 423 823 1009 832 593 236 318 1206 764 998 1099
830 125 785 308 613 483 672 710 205 663 792 591 363 839 1268 811 76 759 1090 0 565 719 1104 571 434 1261 980 904 1049 932 87 776 676 727 498 946 829 1603 1002 706 256 936 1085 296 374 150 1095 380 348 852 994 1045 1278 663 1065 670 465 1009 910 1062 957 387 835 71 667 561 694 253 794 1244 797 705 151 450 503 777 351 152 308 643 900 942 1002 561 314 895
406 493 294 343 145 624 147 184 602 392 321 75 420 348 934 622 553 234 735 565 0 194 749 471 215 927 509 633 579 742 561 251 552 603 414 499 625 1268 548 582 338 510 614 353 482 598 740 263 297 662 523 574 944 172 730 546 133 538 576 707 488 528 344 559 508 378 169 586 269 909 471 180 472 171 250 588 408 485 365 411 546 471 511 70 455 404
523 647 448 497 300 779 264 109 718 422 439 192 536 503 1026 569 707 351 848 719 194 0 862 626 370 1019 627 787 696 690 715 80 434 485 296 616 587 1361 703 464 492 627 732 497 597 752 853 417 452 610 641 691 1036 326 823 428 287 655 669 820 605 682 498 713 662 533 94 702 98 1002 556 88 626 326 404 536 503 639 512 401 658 588 666 224 609 559
437 1032 1003 1007 855 1182 695 846 1053 589 478 747 871 1058 467 433 1092 626 83 1104 749 862 0 1181 925 460 302 1342 184 307 1100 869 639 555 631 297 310 801 1258 534 877 287 149 832 932 1133 89 972 1006 386 240 189 477 853 264 467 842 330 225 66 308 1086 1053 1098 1217 1088 841 1037 887 442 494 852 1011 881 959 438 837 1024 847 607 251 332 1220 779 1012 1113
837 499 691 390 356 287 578 616 659 824 753 498 529 676 1365 977 559 665 1166 571 471 626 1181 0 544 1358 941 383 1010 1098 567 682 841 893 664 931 995 1700 481 871 422 941 1046 462 591 604 1171 462 430 1017 955 1005 1375 569 1162 836 530 969 1007 1138 920 382 686 565 146 155 601 695 700 1341 903 611 478 527 343 943 517 491 474 809 977 902 514 430 329 622
581 362 435 174 287 456 322 360 472 568 497 242 289 490 1109 737 422 410 910 434 215 370 925 544 0 1102 685 774 754 858 430 426 602 653 424 675 755 1444 690 632 207 685 790 222 351 467 915 94 129 778 699 749 1119 313 906 596 115 713 752 883 664 360 485 428 597 467 345 456 444 1085 647 355 341 72 339 703 277 354 234 569 721 646 652 211 286 545
614 1189 1181 1164 1032 1339 873 1017 1210 766 656 924 1028 1235 28 590 1249 803 445 1261 927 1019 460 1358 1102 0 610 1520 504 464 1257 1026 796 712 788 454 467 664 1435 691 1034 444 469 989 1089 1290 450 1150 1184 543 560 509 37 1031 277 624 1020 639 382 418 465 1243 1230 1255 1394 1265 1019 1194 1044 295 651 1030 1168 1058 1137 595 994 1181 1004 764 408 489 1398 956 1169 1291
197 908 763 812 615 1058 456 606 929 349 239 507 747 818 617 413 968 386 287 980 509 627 302 941 685 610 0 1103 131 445 976 683 516 460 507 183 309 952 1018 439 753 194 167 708 808 1009 293 732 767 453 76 127 627 614 414 372 602 43 260 260 172 962 813 974 977 848 602 913 701 593 262 612 887 641 719 379 713 900 723 368 230 155 981 539 888 874
999 832 393 724 628 494 740 778 992 986 915 659 862 336 1527 1215 892 827 1328 904 633 787 1342 383 774 1520 1103 0 1172 1336 900 844 1145 1196 997 1092 1218 1862 141 1175 755 1103 1207 795 924 937 1333 795 763 1255 1117 1167 1537 588 1324 1139 692 1131 1169 1300 1081 589 346 898 350 482 762 1029 862 1503 1064 773 811 730 616 1181 850 824 807 1004 1139 1064 174 629 657 282
266 977 833 882 684 1127 525 675 998 418 308 576 816 887 511 477 1037 455 170 1049 579 696 184 1010 754 504 131 1172 0 352 1045 752 585 529 577 252 355 846 1087 508 822 263 49 777 877 1079 175 801 836 430 70 39 521 683 308 441 672 160 269 142 241 1031 882 1043 1046 917 671 982 770 487 331 682 956 710 789 448 783 969 792 437 295 224 1050 608 958 943
355 859 997 835 848 1010 689 687 880 455 472 740 698 1051 472 158 919 619 293 932 742 690 307 1098 858 464 445 1336 352 0 928 697 467 383 459 288 302 806 1251 361 704 279 317 660 760 961 298 905 874 110 408 357 481 847 268 294 836 474 217 265 299 914 1046 925 1194 1081 719 865 715 447 322 705 839 873 953 186 665 851 675 435 243 324 1214 772 840 1107
826 121 781 304 609 479 668 706 201 659 788 587 359 835 1264 807 71 755 1085 87 561 715 1100 567 430 1257 976 900 1045 928 0 772 672 723 494 941 825 1599 998 701 252 932 1081 292 370 146 1091 376 344 847 990 1041 1274 659 1061 666 461 1005 906 1058 953 383 830 66 663 557 690 249 790 1240 793 701 147 446 499 773 347 148 304 639 896 938 998 556 310 891
579 703 505 554 356 835 321 165 725 429 495 249 543 559 1033 576 763 408 855 776 251 80 869 682 426 1026 683 844 752 697 772 0 441 492 303 673 594 1368 759 471 549 684 788 504 604 805 860 474 508 617 697 748 1043 383 830 435 344 712 676 827 662 739 555 770 718 589 112 709 56 1009 563 94 683 382 461 542 509 695 519 408 665 645 722 280 666 615
366 603 806 579 657 754 505 431 624 199 328 549 442 860 804 346 663 436 625 676 552 434 639 841 602 796 516 1145 585 467 672 441 0 202 203 481 364 1138 1060 224 448 472 621 404 504 705 630 649 618 387 530 580 813 663 600 206 632 544 446 597 492 657 855 669 938 831 462 608 459 779 333 448 583 617 762 313 409 595 418 179 435 477 1023 581 584 916
281 655 857 630 709 805 557 483 676 250 379 601 494 912 719 262 715 487 541 727 603 485 555 893 653 712 460 1196 529 383 723 492 202 0 254 397 280 1054 1112 139 500 387 565 455 555 756 546 701 670 303 474 525 729 715 516 121 684 489 361 513 408 709 907 721 989 882 514 660 510 695 248 500 634 668 813 228 460 647 470 230 351 422 1074 633 635 967
358 425 668 401 520 576 375 294 446 191 319 412 264 723 795 338 485 306 617 498 414 296 631 664 424 788 507 997 577 459 494 303 203 254 0 473 356 1130 923 233 270 463 612 226 326 527 622 471 440 379 521 572 805 546 592 197 455 536 438 589 484 480 718 491 760 653 325 431 321 771 325 311 405 439 596 304 231 417 241 170 427 469 885 444 406 778
187 873 753 802 605 1024 445 596 894 339 228 497 712 808 461 313 933 376 282 946 499 616 297 931 675 454 183 1092 252 288 941 673 481 397 473 0 152 795 1008 375 718 71 288 673 774 975 287 722 756 353 197 247 470 603 257 308 592 211 103 254 49 927 803 939 967 838 591 878 691 436 252 602 852 631 709 279 679 865 688 357 73 62 970 529 854 863
252 756 879 732 731 907 571 584 777 352 354 623 595 934 475 196 816 502 296 829 625 587 310 995 755 467 309 1218 355 302 825 594 364 280 356 152 0 809 1134 258 601 143 320 557 657 858 301 802 771 237 323 360 484 729 271 191 718 337 117 268 163 811 929 822 1091 963 616 762 612 450 219 602 736 757 835 162 562 748 572 332 106 188 1096 655 737 989
956 1530 1522 1506 1374 1681 1215 1358 1551 1108 998 1266 1369 1577 671 932 1590 1145 787 1603 1268 1361 801 1700 1444 664 952 1862 846 806 1599 1368 1138 1054 1130 795 809 0 1777 1032 1375 786 811 1331 1431 1632 792 1491 1526 884 902 851 681 1373 619 965 1361 981 724 759 806 1584 1572 1596 1736 1607 1361 1535 1386 414 993 1371 1510 1400 1478 936 1336 1522 1346 1106 750 831 1740 1298 1511 1633
914 929 309 817 620 591 655 693 1076 901 830 575 894 251 1442 1130 989 742 1243 1002 548 703 1258 481 690 1435 1018 141 1087 1251 998 759 1060 1112 923 1008 1134 1777 0 1090 812 1018 1123 827 956 1034 1248 737 771 1171 1032 1082 1452 503 1239 1055 607 1046 1084 1215 997 686 261 995 447 579 678 1061 777 1418 980 688 909 646 713 1096 882 921 839 919 1054 979 90 544 754 198
260 633 836 609 687 784 535 461 654 229 358 579 472 890 698 240 693 466 519 706 582 464 534 871 632 691 439 1175 508 361 701 471 224 139 233 375 258 1032 1090 0 478 366 543 434 534 735 524 679 648 281 453 503 707 693 494 100 662 467 340 491 386 687 885 699 968 861 492 638 489 673 227 478 612 647 792 207 439 625 448 209 329 400 1053 611 614 946
603 184 558 159 409 334 445 482 318 436 565 364 136 612 1041 584 244 532 862 256 338 492 877 422 207 1034 753 755 822 704 252 549 448 500 270 718 601 1375 812 478 0 709 858 69 198 289 867 231 199 624 767 817 1051 435 838 443 238 781 683 835 729 238 607 250 518 411 467 302 567 1016 570 478 163 222 354 550 124 176 81 416 672 714 775 333 164 668
197 864 764 813 616 1014 456 607 885 350 239 508 703 818 451 303 924 387 273 936 510 627 287 941 685 444 194 1103 263 279 932 684 472 387 463 71 143 786 1018 366 709 0 297 664 764 965 278 733 767 344 208 258 461 614 248 299 603 222 94 245 60 918 814 930 978 848 602 869 702 427 263 613 843 641 720 270 670 856 679 368 63 73 981 540 844 874
302 1013 868 917 720 1163 561 711 1034 454 344 612 852 923 477 443 1073 491 135 1085 614 732 149 1046 790 469 167 1207 49 317 1081 788 621 565 612 288 320 811 1123 543 858 297 0 813 913 1114 140 837 872 395 106 54 486 719 273 476 707 196 235 107 277 1067 918 1079 1082 953 707 1018 806 452 367 717 992 746 824 447 818 1005 828 473 261 260 1086 644 993 979
558 223 573 199 424 374 460 494 273 391 520 379 91 627 996 539 283 507 818 296 353 497 832 462 222 989 708 795 777 660 292 504 404 455 226 673 557 1331 827 434 69 664 813 0 153 329 823 269 239 580 722 773 1006 450 793 398 253 737 638 790 685 278 622 290 558 451 482 258 522 972 525 493 203 237 394 505 79 215 45 371 628 670 790 348 204 683
658 352 702 328 553 503 589 594 209 491 620 508 88 756 1096 639 362 607 918 374 482 597 932 591 351 1089 808 924 877 760 370 604 504 555 326 774 657 1431 956 534 198 764 913 153 0 289 923 398 368 680 822 873 1106 579 893 498 382 837 738 890 785 407 751 368 687 580 611 193 622 1072 625 612 332 366 523 605 179 344 168 471 728 770 919 477 333 812
859 158 818 341 646 516 705 742 120 692 821 624 289 872 1297 840 138 792 1119 150 598 752 1133 604 467 1290 1009 937 1079 961 146 805 705 756 527 975 858 1632 1034 735 289 965 1114 329 289 0 1124 413 381 881 1023 1074 1307 695 1094 699 498 1038 940 1091 986 420 867 144 700 593 727 168 823 1273 826 738 184 482 536 806 380 185 341 672 929 971 1035 593 346 928
427 1022 994 998 846 1173 686 837 1043 580 469 738 861 1048 458 424 1082 617 74 1095 740 853 89 1171 915 450 293 1333 175 298 1091 860 630 546 622 287 301 792 1248 524 867 278 140 823 923 1124 0 963 997 376 231 180 467 844 254 457 833 321 216 56 299 1077 1044 1088 1208 1078 832 1028 878 433 485 843 1002 871 950 428 828 1014 838 598 242 323 1211 770 1003 1104
629 308 483 93 325 374 370 407 468 615 544 289 337 537 1157 784 368 457 958 380 263 417 972 462 94 1150 732 795 801 905 376 474 649 701 471 722 802 1491 737 679 231 733 837 269 398 413 963 0 47 825 746 797 1166 360 953 644 163 761 799 930 711 278 532 374 558 452 392 503 492 1132 694 403 287 120 356 751 324 300 282 617 769 694 700 258 205 593
663 276 517 113 359 342 404 442 436 606 579 323 306 571 1191 754 336 491 992 348 297 452 1006 430 129 1184 767 763 836 874 344 508 618 670 440 756 771 1526 771 648 199 767 872 239 368 381 997 47 0 794 781 831 1201 395 988 613 197 795 833 964 745 246 567 342 526 419 427 472 526 1167 729 437 255 154 362 720 294 267 251 586 803 728 734 293 172 627
275 779 916 755 768 930 608 607 800 375 392 660 618 971 550 77 839 539 371 852 662 610 386 1017 778 543 453 1255 430 110 847 617 387 303 379 353 237 884 1171 281 624 344 395 580 680 881 376 825 794 0 467 435 559 767 346 214 755 482 295 343 365 833 966 845 1114 1001 638 784 635 525 242 624 758 793 872 106 585 771 594 355 308 389 1134 692 760 1027
211 922 778 826 629 1072 470 620 943 363 253 521 761 832 568 427 982 400 226 994 523 641 240 955 699 560 76 1117 70 408 990 697 530 474 521 197 323 902 1032 453 767 208 106 722 822 1023 231 746 781 467 0 65 577 628 364 386 617 105 274 198 186 976 827 988 991 862 616 927 715 543 276 626 901 655 733 393 728 914 737 382 244 169 995 553 903 888
261 972 828 877 680 1123 520 671 993 414 303 572 811 882 516 477 1032 451 174 1045 574 691 189 1005 749 509 127 1167 39 357 1041 748 580 525 572 247 360 851 1082 503 817 258 54 773 873 1074 180 797 831 435 65 0 526 678 313 436 667 155 274 147 236 1026 878 1038 1042 912 666 977 766 492 327 677 952 705 784 444 778 964 787 432 294 219 1045 604 953 938
631 1206 1198 1181 1049 1356 890 1033 1227 783 673 941 1045 1252 44 607 1266 820 462 1278 944 1036 477 1375 1119 37 627 1537 521 481 1274 1043 813 729 805 470 484 681 1452 707 1051 461 486 1006 1106 1307 467 1166 1201 559 577 526 0 1048 294 641 1037 656 399 434 482 1260 1247 1272 1411 1282 1036 1211 1061 312 668 1047 1185 1075 1154 612 1011 1197 1021 781 425 506 1415 973 1186 1308
510 590 249 441 243 722 279 316 700 497 426 198 518 303 1038 726 650 366 839 663 172 326 853 569 313 1031 614 588 683 847 659 383 663 715 546 603 729 1373 503 693 435 614 719 450 579 695 844 360 395 767 628 678 1048 0 835 658 231 642 680 811 592 626 299 656 605 476 301 684 401 1014 575 312 570 269 348 692 505 582 462 515 650 575 466 167 552 359
418 992 985 968 836 1143 677 820 1014 570 460 728 831 1039 284 394 1052 607 249 1065 730 823 264 1162 906 277 414 1324 308 268 1061 830 600 516 592 257 271 619 1239 494 838 248 273 793 893 1094 254 953 988 346 364 313 294 835 0 427 824 443 186 221 269 1047 1034 1058 1198 1069 823 998 848 260 455 834 972 862 941 398 798 984 808 568 212 293 1202 760 973 1095
193 598 800 573 652 748 500 426 619 193 310 544 437 855 631 174 658 430 452 670 546 428 467 836 596 624 372 1139 441 294 666 435 206 121 197 308 191 965 1055 100 443 299 476 398 498 699 457 644 613 214 386 436 641 658 427 0 627 400 273 425 319 652 850 664 932 825 457 603 453 606 160 443 577 611 756 140 403 590 413 173 262 333 1017 576 578 910
499 393 353 243 204 524 240 278 502 486 415 159 320 407 1027 715 453 327 828 465 133 287 842 530 115 1020 602 692 672 836 461 344 632 684 455 592 718 1361 607 662 238 603 707 253 382 498 833 163 197 755 617 667 1037 231 824 627 0 631 669 800 581 428 402 459 566 437 262 486 362 1002 564 273 372 71 309 681 308 385 265 504 639 564 570 128 355 463
225 936 792 841 644 1087 484 635 957 378 267 536 775 846 646 441 996 415 316 1009 538 655 330 969 713 639 43 1131 160 474 1005 712 544 489 536 211 337 981 1046 467 781 222 196 737 837 1038 321 761 795 482 105 155 656 642 443 400 631 0 288 288 200 990 842 1002 1006 876 630 941 730 622 291 641 916 669 748 408 742 928 752 396 258 183 1009 568 917 902
263 838 830 814 682 988 522 666 859 416 305 574 677 884 389 278 898 453 210 910 576 669 225 1007 752 382 260 1169 269 217 906 676 446 361 438 103 117 724 1084 340 683 94 235 638 738 940 216 799 833 295 274 274 399 680 186 273 669 288 0 183 114 892 880 904 1044 914 668 843 693 365 300 679 817 707 786 244 644 830 653 413 57 139 1047 606 819 940
394 989 961 965 813 1140 653 804 1011 547 436 705 828 1015 425 391 1049 584 51 1062 707 820 66 1138 883 418 260 1300 142 265 1058 827 597 513 589 254 268 759 1215 491 835 245 107 790 890 1091 56 930 964 343 198 147 434 811 221 425 800 288 183 0 266 1044 1011 1056 1175 1045 799 995 845 400 452 810 969 839 917 395 795 981 805 565 209 290 1178 737 970 1071
176 884 742 791 594 1035 434 585 905 328 217 486 723 797 472 324 944 365 293 957 488 605 308 920 664 465 172 1081 241 299 953 662 492 408 484 49 163 806 997 386 729 60 277 685 785 986 299 711 745 365 186 236 482 592 269 319 581 200 114 266 0 938 792 950 956 826 580 889 680 447 241 591 864 620 698 290 690 876 700 346 84 51 959 518 865 852
812 315 748 206 444 184 635 673 475 645 774 554 345 802 1250 793 375 722 1071 387 528 682 1086 382 360 1243 962 589 1031 914 383 739 657 709 480 927 811 1584 686 687 238 918 1067 278 407 420 1077 278 246 833 976 1026 1260 626 1047 652 428 990 892 1044 938 0 797 381 352 391 657 511 757 1225 779 668 294 385 334 759 333 307 290 625 882 923 719 518 99 827
709 762 104 612 415 796 451 488 872 696 625 370 690 103 1238 925 822 538 1038 835 344 498 1053 686 485 1230 813 346 882 1046 830 555 855 907 718 803 929 1572 261 885 607 814 918 622 751 867 1044 532 567 966 827 878 1247 299 1034 850 402 842 880 1011 792 797 0 828 652 648 473 856 572 1213 775 484 741 441 519 892 677 754 634 715 850 775 224 339 724 117
824 118 778 302 607 477 666 703 199 657 786 585 357 833 1262 805 55 753 1083 71 559 713 1098 565 428 1255 974 898 1043 925 66 770 669 721 491 939 822 1596 995 699 250 930 1079 290 368 144 1088 374 342 845 988 1038 1272 656 1058 664 459 1002 904 1056 950 381 828 0 661 554 688 246 787 1237 791 699 145 443 497 771 345 146 302 637 893 935 996 554 307 889
873 595 699 487 392 257 615 652 755 860 789 534 625 642 1401 1073 655 702 1202 667 508 662 1217 146 597 1394 977 350 1046 1194 663 718 938 989 760 967 1091 1736 447 968 518 978 1082 558 687 700 1208 558 526 1114 991 1042 1411 605 1198 932 566 1006 1044 1175 956 352 652 661 0 245 637 792 736 1377 939 648 574 564 379 1039 613 587 570 879 1014 939 480 466 420 588
744 488 598 380 263 392 485 523 648 731 660 405 519 652 1272 960 548 572 1073 561 378 533 1088 155 467 1265 848 482 917 1081 557 589 831 882 653 838 963 1607 579 861 411 848 953 451 580 593 1078 452 419 1001 862 912 1282 476 1069 825 437 876 914 1045 826 391 648 554 245 0 508 685 607 1248 810 518 467 434 250 926 506 480 463 749 884 809 612 337 318 708
498 622 423 472 275 754 239 84 732 450 414 167 550 478 1026 598 682 326 827 694 169 94 841 601 345 1019 602 762 671 719 690 112 462 514 325 591 616 1361 678 492 467 602 707 482 611 727 832 392 427 638 616 666 1036 301 823 457 262 630 668 799 580 657 473 688 637 508 0 716 130 1002 563 79 601 301 379 564 531 614 494 430 638 563 641 199 584 534
763 260 806 433 658 608 693 699 87 596 725 613 192 861 1201 744 240 711 1022 253 586 702 1037 695 456 1194 913 1029 982 865 249 709 608 660 431 878 762 1535 1061 638 302 869 1018 258 193 168 1028 503 472 784 927 977 1211 684 998 603 486 941 843 995 889 511 856 246 792 685 716 0 727 1176 730 716 287 471 628 710 284 288 272 576 833 874 1023 582 438 916
597 721 523 572 374 853 339 183 743 446 513 266 561 577 1051 594 781 426 873 794 269 98 887 700 444 1044 701 862 770 715 790 56 459 510 321 691 612 1386 777 489 567 702 806 522 622 823 878 492 526 635 715 766 1061 401 848 453 362 730 693 845 680 757 572 787 736 607 130 727 0 1027 580 112 701 400 479 560 527 713 537 426 683 663 740 298 683 633
597 1171 1164 1147 1015 1322 856 999 1192 749 639 907 1010 1218 302 573 1231 786 428 1244 909 1002 442 1341 1085 295 593 1503 487 447 1240 1009 779 695 771 436 450 414 1418 673 1016 427 452 972 1072 1273 433 1132 1167 525 543 492 312 1014 260 606 1002 622 365 400 447 1225 1213 1237 1377 1248 1002 1176 1027 0 634 1012 1151 1041 1119 577 977 1163 987 747 391 472 1381 939 1152 1274
83 725 725 700 577 875 417 553 746 311 200 469 564 780 658 201 785 348 480 797 471 556 494 903 647 651 262 1064 331 322 793 563 333 248 325 252 219 993 980 227 570 263 367 525 625 826 485 694 729 242 276 327 668 575 455 160 564 291 300 452 241 779 775 791 939 810 563 730 580 634 0 570 704 603 681 167 531 717 540 300 290 224 942 501 706 835
509 633 434 483 286 764 250 95 732 436 424 178 550 488 1037 584 693 337 838 705 180 88 852 611 355 1030 612 773 682 705 701 94 448 500 311 602 602 1371 688 478 478 613 717 493 612 738 843 403 437 624 626 677 1047 312 834 443 273 641 679 810 591 668 484 699 648 518 79 716 112 1012 570 0 612 311 390 550 517 625 505 416 649 574 651 210 595 544
737 79 692 215 520 390 579 617 239 570 699 498 270 746 1175 718 139 666 996 151 472 626 1011 478 341 1168 887 811 956 839 147 683 583 634 405 852 736 1510 909 612 163 843 992 203 332 184 1002 287 255 758 901 952 1185 570 972 577 372 916 817 969 864 294 741 145 574 467 601 287 701 1151 704 612 0 357 410 684 258 71 215 550 807 849 909 467 221 802
537 377 391 200 243 481 278 316 487 524 453 198 305 446 1065 752 437 365 866 450 171 326 881 527 72 1058 641 730 710 873 446 382 617 668 439 631 757 1400 646 647 222 641 746 237 366 482 871 120 154 793 655 705 1075 269 862 611 71 669 707 839 620 385 441 443 564 434 301 471 400 1041 603 311 357 0 306 719 292 369 249 542 677 602 608 167 311 501
616 431 470 323 134 430 357 395 591 602 532 276 461 524 1144 832 491 444 945 503 250 404 959 343 339 1137 719 616 789 953 499 461 762 813 596 709 835 1478 713 792 354 720 824 394 523 536 950 356 362 872 733 784 1154 348 941 756 309 748 786 917 698 334 519 497 379 250 379 628 479 1119 681 390 410 306 0 798 449 423 406 621 756 681 687 208 261 580
200 705 842 680 694 855 534 533 726 300 317 586 544 896 602 65 765 464 423 777 588 536 438 943 703 595 379 1181 448 186 773 542 313 228 304 279 162 936 1096 207 550 270 447 505 605 806 428 751 720 106 393 444 612 692 398 140 681 408 244 395 290 759 892 771 1039 926 564 710 560 577 167 550 684 719 798 0 511 697 520 280 233 315 1059 618 686 952
564 279 628 254 479 429 515 500 300 397 526 434 118 682 1001 544 339 512 823 351 408 503 837 517 277 994 713 850 783 665 347 509 409 460 231 679 562 1336 882 439 124 670 818 79 179 380 828 324 294 585 728 778 1011 505 798 403 308 742 644 795 690 333 677 345 613 506 531 284 527 977 531 517 258 292 449 511 0 271 94 376 633 675 845 403 259 738
750 80 704 228 533 403 592 629 240 583 712 511 283 759 1188 730 140 679 1009 152 485 639 1024 491 354 1181 900 824 969 851 148 695 595 647 417 865 748 1522 921 625 176 856 1005 215 344 185 1014 300 267 771 914 964 1197 582 984 590 385 928 830 981 876 307 754 146 587 480 614 288 713 1163 717 625 71 369 423 697 271 0 228 563 819 861 922 480 233 815
573 236 585 211 436 386 472 509 288 406 535 391 106 639 1011 554 296 521 832 308 365 512 847 474 234 1004 723 807 792 675 304 519 418 470 241 688 572 1346 839 448 81 679 828 45 168 341 838 282 251 594 737 787 1021 462 808 413 265 752 653 805 700 290 634 302 570 463 494 272 537 987 540 505 215 249 406 520 94 228 0 386 643 684 802 360 216 695
264 571 665 546 517 721 357 399 592 51 180 409 410 719 771 314 631 287 593 643 411 401 607 809 569 764 368 1004 437 435 639 408 179 230 170 357 332 1106 919 209 416 368 473 371 471 672 598 617 586 355 382 432 781 515 568 173 504 396 413 565 346 625 715 637 879 749 430 576 426 747 300 416 550 542 621 280 376 563 386 0 403 329 882 441 551 775
233 827 800 803 652 978 492 643 848 386 275 544 666 854 415 267 887 423 236 900 546 658 251 977 721 408 230 1139 295 243 896 665 435 351 427 73 106 750 1054 329 672 63 261 628 728 929 242 769 803 308 244 294 425 650 212 262 639 258 57 209 84 882 850 893 1014 884 638 833 683 391 290 649 807 677 756 233 633 819 643 403 0 109 1017 576 808 910
158 869 725 774 576 1020 417 568 890 311 200 469 708 779 497 349 929 347 318 942 471 588 332 902 646 489 155 1064 224 324 938 645 477 422 469 62 188 831 979 400 714 73 260 670 770 971 323 694 728 389 169 219 506 575 293 333 564 183 139 290 51 923 775 935 939 809 563 874 663 472 224 574 849 602 681 315 675 861 684 329 109 0 942 501 850 835
877 930 272 780 583 624 618 656 1039 864 793 537 857 214 1405 1093 990 705 1206 1002 511 666 1220 514 652 1398 981 174 1050 1214 998 722 1023 1074 885 970 1096 1740 90 1053 775 981 1086 790 919 1035 1211 700 734 1134 995 1045 1415 466 1202 1017 570 1009 1047 1178 959 719 224 996 480 612 641 1023 740 1381 942 651 909 608 687 1059 845 922 802 882 1017 942 0 507 787 161
435 488 289 338 104 614 177 214 598 422 351 96 416 344 964 651 548 264 764 561 70 224 779 430 211 956 539 629 608 772 556 280 581 633 444 529 655 1298 544 611 333 540 644 348 477 593 770 258 293 692 553 604 973 167 760 576 128 568 606 737 518 518 339 554 466 337 199 582 298 939 501 210 467 167 208 618 403 480 360 441 576 501 507 0 445 400
739 241 674 133 371 196 562 599 401 572 701 481 272 729 1176 719 301 649 998 314 455 609 1012 329 286 1169 888 657 958 840 310 666 584 635 406 854 737 1511 754 614 164 844 993 204 333 346 1003 205 172 760 903 953 1186 552 973 578 355 917 819 970 865 99 724 307 420 318 584 438 683 1152 706 595 221 311 261 686 259 233 216 551 808 850 787 445 0 785
770 823 165 673 476 732 511 549 932 757 686 430 750 107 1298 986 883 598 1099 895 404 559 1113 622 545 1291 874 282 943 1107 891 615 916 967 778 863 989 1633 198 946 668 874 979 683 812 928 1104 593 627 1027 888 938 1308 359 1095 910 463 902 940 1071 852 827 117 889 588 708 534 916 633 1274 835 544 802 501 580 952 738 815 695 775 910 835 161 400 785 0
EOF