NAME : tsp_problem
TYPE : TSP
DIMENSION : 86
EDGE_WEIGHT_TYPE : EXPLICIT
EDGE_WEIGHT_FORMAT : FULL_MATRIX
EDGE_WEIGHT_SECTION
0 590 680 707 1437 1027 1784 459 469 1209 974 812 1103 1120 1113 590 1269 1246 1310 249 1478 1496 974 831 1388 664 1008 1101 1151 1088 1526 629 1701 1547 910 1101 971 794 1136 464 241 1636 335 1414 956 1636 974 1075 1543 1471 1392 1360 1205 1338 561 185 1137 1732 1104 793 800 1275 100 1496 1734 1389 997 1472 992 590 608 1432 1138 1290 1104 1388 555 1668 703 1240 1264 1280 526 211 990 843
590 0 128 321 981 571 1353 582 429 778 552 425 697 664 560 22 813 790 879 378 978 1065 552 409 957 799 586 548 598 632 1026 76 1201 1116 455 645 567 407 680 872 667 1205 510 983 552 1204 518 522 1121 1015 840 860 721 882 556 732 597 1231 697 407 247 843 656 996 1303 889 541 1040 588 22 55 879 682 737 697 888 579 1168 879 687 711 796 645 500 437 290
680 128 0 411 899 489 1443 672 519 868 642 516 787 582 650 128 731 708 969 468 940 1155 643 500 1047 717 676 639 689 550 988 167 1163 1206 372 563 657 497 598 790 758 1295 600 1073 642 1295 435 612 1211 933 930 822 667 800 473 822 599 1193 787 497 338 934 747 958 1393 851 459 1131 678 127 145 969 600 827 788 850 497 1130 797 777 801 742 563 590 528 208
707 321 411 0 1265 855 1138 699 547 702 469 144 435 948 843 321 1096 1073 803 495 1109 858 470 274 881 1082 503 832 882 916 1157 360 1333 1040 738 928 302 125 964 1137 785 998 627 776 288 997 801 802 892 1299 971 1025 1005 1165 839 850 881 1363 435 125 531 768 774 1127 1142 1154 825 964 323 320 338 1011 965 869 435 1171 862 1300 1163 970 994 1079 929 617 721 573
1437 981 899 1265 0 499 1452 1526 1373 877 1028 1369 1042 343 539 982 221 217 979 1322 553 1165 1028 1157 1056 1138 1062 472 730 381 601 938 776 1215 560 384 1183 1351 360 1212 1351 1305 1454 1083 1198 1304 496 724 1246 136 939 435 382 128 895 1295 431 806 1042 1349 767 943 1368 571 1403 279 480 1140 1163 981 960 979 357 837 1042 259 918 659 1219 535 558 231 985 1444 583 807
1027 571 489 855 499 0 1407 1116 963 832 983 959 996 399 275 572 329 346 933 912 508 1119 983 943 1011 729 1017 207 582 437 556 610 731 1170 262 199 1101 941 166 802 941 1259 1044 1037 1086 1259 325 577 1201 534 894 390 234 398 485 885 167 761 997 941 502 898 958 525 1357 419 223 1095 1118 571 589 933 167 791 997 417 509 698 809 387 411 309 575 1034 319 397
1784 1353 1443 1138 1452 1407 0 1775 1623 605 874 1212 726 1749 1251 1353 1486 1635 503 1572 954 391 874 1017 426 2079 817 1239 1038 1787 898 1296 1022 311 1613 1549 867 1194 1458 2152 1861 217 1704 438 883 217 1676 850 284 1419 635 1073 1238 1453 1835 1926 1288 734 726 1193 1125 546 1850 1175 101 1202 1573 342 847 1352 1318 825 1460 650 726 1327 1859 1348 2159 1126 1150 1348 1925 1694 1128 1605
459 582 672 699 1526 1116 1775 0 184 1200 966 804 1095 1209 1104 582 1357 1334 1302 326 1522 1488 966 823 1380 796 1000 1093 1143 1177 1570 621 1746 1539 999 1189 963 786 1225 596 243 1628 172 1406 948 1627 1062 1067 1535 1560 1384 1405 1266 1426 692 308 1142 1776 1096 785 792 1266 389 1540 1726 1433 1086 1463 983 581 599 1423 1226 1282 1096 1432 686 1713 835 1231 1255 1340 657 344 982 834
469 429 519 547 1373 963 1623 184 0 1048 813 651 943 1056 952 429 1205 1182 1149 257 1370 1335 813 671 1227 823 847 940 990 1024 1418 468 1593 1386 846 1037 810 633 1072 623 270 1475 199 1254 795 1475 909 914 1382 1407 1232 1252 1113 1274 719 335 989 1623 943 633 639 1114 416 1387 1573 1281 933 1311 831 429 447 1271 1074 1129 943 1280 713 1560 862 1079 1103 1188 684 371 829 682
1209 778 868 702 877 832 605 1200 1048 0 405 777 290 1174 676 778 911 1060 127 997 582 313 405 533 205 1504 382 664 463 1212 630 721 806 364 1037 974 432 759 883 1577 1286 453 1129 231 447 452 1101 275 435 844 444 498 663 878 1260 1351 713 826 291 726 550 116 1275 600 555 627 998 288 412 777 743 483 885 341 291 752 1284 773 1584 551 575 773 1350 1119 553 1030
974 552 642 469 1028 983 874 966 813 405 0 544 238 1179 827 553 1062 1211 506 762 733 595 35 222 584 1314 93 815 614 1147 781 591 957 743 969 1125 250 526 1034 1387 1052 735 894 512 265 734 1033 426 628 995 595 649 814 1029 1071 1116 864 987 238 415 701 471 1041 751 879 778 1056 668 230 552 570 634 1036 492 238 903 1094 924 1394 702 726 924 1160 884 704 805
812 425 516 144 1369 959 1212 804 651 777 544 0 509 1052 948 426 1201 1178 877 600 1184 932 544 348 955 1187 578 937 987 1020 1232 464 1407 1114 843 1033 377 89 1068 1242 890 1072 732 850 362 1072 906 876 966 1403 1046 1100 1109 1270 944 954 985 1437 510 199 635 843 878 1202 1216 1229 929 1039 398 425 443 1085 1070 943 510 1276 967 1374 1267 1075 1099 1184 1033 722 825 678
1103 697 787 435 1042 996 726 1095 943 290 238 509 0 1324 840 697 1075 1224 391 891 747 446 238 314 469 1458 262 829 627 1292 795 736 970 628 1114 1139 164 491 1048 1532 1181 586 1023 364 180 585 1177 439 480 1008 608 663 827 1042 1215 1246 878 1000 37 491 714 356 1170 764 730 792 1163 552 145 697 715 648 1049 506 37 916 1238 937 1539 716 739 937 1305 1013 718 949
1120 664 582 948 343 399 1749 1209 1056 1174 1179 1052 1324 0 617 665 344 152 1276 1005 850 1462 1179 1036 1354 822 1213 549 925 83 898 703 1074 1513 280 232 1194 1034 332 895 1034 1602 1137 1380 1179 1601 217 919 1543 377 1237 733 577 353 578 978 509 1104 1324 1034 845 1240 1051 868 1700 588 200 1437 1215 664 682 1276 330 1134 1324 484 602 968 902 730 754 455 668 1127 661 490
1113 560 650 843 539 275 1251 1104 952 676 827 948 840 617 0 560 369 506 777 901 539 963 827 932 855 946 861 93 497 655 587 504 762 1014 480 417 982 930 326 1020 1159 1103 1033 881 997 1103 543 421 1045 574 738 421 266 438 703 1103 142 793 841 929 332 742 1176 557 1201 450 441 939 962 560 525 777 328 636 841 449 727 729 1027 419 443 341 793 1022 148 615
590 22 128 321 982 572 1353 582 429 778 553 426 697 665 560 0 813 790 879 378 978 1065 553 410 957 799 586 549 599 633 1026 77 1202 1116 455 645 567 408 681 872 668 1205 510 984 553 1205 518 523 1122 1016 840 861 722 882 556 733 598 1232 698 407 248 844 657 996 1303 889 542 1041 588 22 55 880 682 738 698 888 579 1169 880 687 711 796 646 500 438 290
1269 813 731 1096 221 329 1486 1357 1205 911 1062 1201 1075 344 369 813 0 219 1012 1154 587 1198 1062 1185 1090 970 1096 301 661 382 634 768 810 1249 390 214 1217 1183 190 1043 1183 1338 1286 1116 1232 1338 326 656 1280 255 973 469 313 120 727 1126 261 840 1076 1182 597 977 1200 604 1436 321 310 1174 1197 813 790 1012 187 870 1076 191 750 701 1051 466 490 162 817 1275 413 639
1246 790 708 1073 217 346 1635 1334 1182 1060 1211 1178 1224 152 506 790 219 0 1161 1131 736 1348 1211 1162 1239 947 1245 439 814 190 784 829 959 1398 369 231 1320 1160 206 1020 1160 1487 1263 1266 1305 1487 306 808 1429 251 1122 618 466 227 704 1103 399 989 1225 1159 734 1126 1177 753 1586 462 289 1323 1341 790 808 1162 204 1020 1225 358 727 842 1028 619 643 329 794 1253 550 616
1310 879 969 803 979 933 503 1302 1149 127 506 877 391 1276 777 879 1012 1161 0 1098 684 212 506 635 145 1605 483 766 564 1313 732 823 907 262 1139 1076 532 859 985 1678 1388 351 1230 183 548 351 1202 376 333 945 545 600 764 979 1362 1452 815 725 392 827 651 68 1377 701 454 729 1100 187 513 879 844 585 986 443 392 853 1385 874 1685 653 676 874 1451 1220 655 1132
249 378 468 495 1322 912 1572 326 257 997 762 600 891 1005 901 378 1154 1131 1098 0 1319 1284 762 619 1176 879 796 889 939 973 1367 417 1542 1335 795 985 759 582 1021 679 326 1424 169 1202 744 1424 858 863 1331 1356 1181 1201 1062 1223 775 391 938 1572 892 581 588 1063 315 1336 1522 1230 882 1260 780 378 396 1220 1023 1078 892 1228 769 1509 918 1028 1052 1137 740 158 778 631
1478 978 940 1109 553 508 954 1522 1370 582 733 1184 747 850 539 978 587 736 684 1319 0 870 733 862 762 1179 767 471 592 888 88 922 263 767 713 650 888 1166 559 1253 1392 1010 1451 788 904 1009 776 475 951 519 645 174 338 554 936 1336 431 294 747 1054 750 648 1409 276 904 303 674 798 868 978 943 684 561 542 747 428 960 448 1260 398 421 449 1026 1440 583 848
1496 1065 1155 858 1165 1119 391 1488 1335 313 595 932 446 1462 963 1065 1198 1348 212 1284 870 0 595 737 134 1791 538 952 750 1499 877 1009 1001 252 1325 1262 588 914 1171 1864 1574 209 1416 112 603 208 1388 562 143 1131 614 786 950 1165 1548 1638 1001 714 447 914 837 254 1563 888 396 915 1286 176 568 1065 1030 771 1173 629 447 1039 1571 1060 1872 839 862 1061 1637 1406 841 1318
974 552 643 470 1028 983 874 966 813 405 35 544 238 1179 827 553 1062 1211 506 762 733 595 0 222 584 1314 93 816 614 1147 781 591 957 743 970 1125 250 526 1034 1387 1052 735 894 512 266 734 1033 426 629 995 595 649 814 1029 1071 1117 864 987 238 415 701 471 1041 751 879 778 1056 668 230 552 570 635 1036 493 239 903 1094 924 1394 702 726 924 1160 884 704 805
831 409 500 274 1157 943 1017 823 671 533 222 348 314 1036 932 410 1185 1162 635 619 862 737 222 0 713 1171 256 920 742 1004 910 448 1085 872 827 1017 292 330 1052 1244 909 877 751 655 277 877 890 554 771 1123 724 778 942 1157 928 974 969 1115 315 218 619 599 898 880 1021 907 913 796 306 409 427 763 1054 621 315 1031 951 1052 1251 831 854 1053 1017 741 809 662
1388 957 1047 881 1056 1011 426 1380 1227 205 584 955 469 1354 855 957 1090 1239 145 1176 762 134 584 713 0 1683 560 844 642 1391 809 900 934 185 1217 1154 610 937 1063 1756 1466 274 1308 177 626 273 1280 454 256 1023 547 678 842 1057 1440 1530 892 647 469 905 729 146 1454 779 376 807 1178 109 590 957 922 663 1064 521 470 931 1463 952 1763 730 754 952 1529 1298 733 1210
664 799 717 1082 1138 729 2079 796 823 1504 1314 1187 1458 822 946 799 970 947 1605 879 1179 1791 1314 1171 1683 0 1348 879 1254 789 1227 838 1403 1842 612 802 1329 1169 838 261 579 1931 726 1709 1314 1930 675 1248 1872 1173 1566 1062 906 1039 262 522 839 1433 1459 1168 1009 1570 595 1197 2029 1090 699 1767 1349 799 817 1605 839 1463 1459 1089 256 1370 100 1059 1083 981 304 745 990 625
1008 586 676 503 1062 1017 817 1000 847 382 93 578 262 1213 861 586 1096 1245 483 796 767 538 93 256 560 1348 0 849 647 1181 815 625 991 720 1003 1159 284 559 1068 1421 1086 678 928 455 299 677 1066 460 571 1028 629 683 847 1063 1104 1150 898 1021 263 448 735 448 1074 785 822 812 1090 644 264 586 604 668 1070 526 263 937 1128 958 1428 736 760 958 1194 918 738 839
1101 548 639 832 472 207 1239 1093 940 664 815 937 829 549 93 549 301 439 766 889 471 952 816 920 844 879 849 0 485 587 519 492 695 1003 412 349 970 918 258 952 1091 1092 1021 870 986 1091 476 409 1033 506 727 354 198 370 635 1035 74 725 829 918 321 730 1108 489 1190 382 373 927 950 548 514 766 260 624 830 381 659 662 959 351 375 273 725 1011 137 547
1151 598 689 882 730 582 1038 1143 990 463 614 987 627 925 497 599 661 814 564 939 592 750 614 742 642 1254 647 485 0 962 640 542 816 801 788 725 768 968 634 1327 1229 890 1071 668 784 889 851 207 831 720 525 475 413 628 1011 1293 506 846 628 934 371 528 1217 610 988 503 749 725 749 598 564 564 636 422 628 502 1034 783 1334 301 325 523 1100 1061 374 851
1088 632 550 916 381 437 1787 1177 1024 1212 1147 1020 1292 83 655 633 382 190 1313 973 888 1499 1147 1004 1391 789 1181 587 962 0 936 671 1111 1550 318 270 1162 1002 370 863 1002 1639 1105 1417 1147 1639 255 957 1581 415 1274 770 614 390 546 946 547 1141 1292 1002 842 1278 1019 905 1737 626 238 1475 1183 632 650 1314 368 1172 1292 521 569 1006 870 767 791 493 636 1095 699 458
1526 1026 988 1157 601 556 898 1570 1418 630 781 1232 795 898 587 1026 634 784 732 1367 88 877 781 910 809 1227 815 519 640 936 0 969 207 711 761 698 936 1214 607 1300 1440 1017 1498 836 952 1016 824 523 999 567 692 222 386 601 984 1384 479 237 795 1102 798 696 1457 324 848 351 722 742 916 1026 991 732 609 590 795 475 1007 496 1308 445 469 497 1074 1488 631 896
629 76 167 360 938 610 1296 621 468 721 591 464 736 703 504 77 768 829 823 417 922 1009 591 448 900 838 625 492 542 671 969 0 1145 1059 494 684 606 446 719 911 706 1149 549 927 591 1148 557 466 1090 973 783 804 665 837 595 771 541 1175 736 446 191 787 695 939 1247 832 580 984 627 76 75 823 721 681 736 831 618 1112 918 631 654 740 684 539 381 329
1701 1201 1163 1333 776 731 1022 1746 1593 806 957 1407 970 1074 762 1202 810 959 907 1542 263 1001 957 1085 934 1403 991 695 816 1111 207 1145 0 835 937 873 1112 1389 782 1476 1616 1141 1674 1011 1127 1140 1000 699 1123 743 868 398 562 777 1160 1559 655 361 971 1278 974 872 1632 499 972 526 898 866 1092 1201 1167 907 784 765 971 651 1183 672 1483 621 645 672 1249 1664 806 1071
1547 1116 1206 1040 1215 1170 311 1539 1386 364 743 1114 628 1513 1014 1116 1249 1398 262 1335 767 252 743 872 185 1842 720 1003 801 1550 711 1059 835 0 1376 1313 769 1096 1222 1915 1625 391 1467 294 785 391 1439 613 373 1182 448 837 1001 1216 1599 1689 1051 548 629 1064 888 305 1613 938 261 966 1337 101 750 1116 1081 639 1223 463 629 1090 1622 1111 1922 889 913 1111 1688 1457 892 1369
910 455 372 738 560 262 1613 999 846 1037 969 843 1114 280 480 455 390 369 1139 795 713 1325 970 827 1217 612 1003 412 788 318 761 494 937 1376 0 277 984 824 371 685 825 1465 927 1243 969 1464 103 782 1406 594 1100 596 440 458 368 768 372 967 1114 824 665 1103 841 731 1563 624 232 1300 1005 454 472 1139 373 997 1115 529 392 904 692 593 617 501 458 917 524 280
1101 645 563 928 384 199 1549 1189 1037 974 1125 1033 1139 232 417 645 214 231 1076 985 650 1262 1125 1017 1154 802 1159 349 725 270 698 684 873 1313 277 0 1175 1015 202 875 1015 1402 1117 1180 1160 1401 214 719 1343 419 1037 532 377 283 559 958 309 904 1139 1014 645 1040 1032 668 1500 484 197 1237 1195 645 663 1076 200 934 1139 354 582 840 882 530 554 326 648 1107 461 471
971 567 657 302 1183 1101 867 963 810 432 250 377 164 1194 982 567 1217 1320 532 759 888 588 250 292 610 1329 284 970 768 1162 936 606 1112 769 984 1175 0 359 1189 1401 1048 727 891 505 67 727 1047 581 621 1149 750 804 968 1184 1085 1113 1019 1142 165 358 777 498 1037 906 871 933 1071 694 103 567 585 789 1191 647 165 1058 1109 1079 1409 857 881 1079 1175 881 859 820
794 407 497 125 1351 941 1194 786 633 759 526 89 491 1034 930 408 1183 1160 859 582 1166 914 526 330 937 1169 559 918 968 1002 1214 446 1389 1096 824 1015 359 0 1050 1224 871 1054 714 832 344 1053 888 858 948 1385 1027 1082 1091 1252 926 936 967 1419 492 181 617 824 860 1183 1198 1211 911 1021 379 407 425 1067 1052 925 492 1258 949 1356 1249 1057 1081 1166 1015 704 807 660
1136 680 598 964 360 166 1458 1225 1072 883 1034 1068 1048 332 326 681 190 206 985 1021 559 1171 1034 1052 1063 838 1068 258 634 370 607 719 782 1222 371 202 1189 1050 0 911 1050 1311 1153 1089 1195 1310 314 628 1252 394 946 441 286 259 594 994 218 813 1048 1050 554 949 1067 577 1409 460 297 1146 1169 680 698 985 62 843 1048 329 618 749 918 439 463 301 684 1143 370 506
464 872 790 1137 1212 802 2152 596 623 1577 1387 1242 1532 895 1020 872 1043 1020 1678 679 1253 1864 1387 1244 1756 261 1421 952 1327 863 1300 911 1476 1915 685 875 1401 1224 911 0 379 2004 526 1782 1386 2004 748 1321 1946 1246 1639 1135 979 1112 335 322 912 1506 1532 1224 1082 1643 395 1270 2102 1163 772 1840 1422 872 890 1678 912 1536 1532 1162 329 1443 300 1132 1156 1054 300 545 1063 698
241 667 758 785 1351 941 1861 243 270 1286 1052 890 1181 1034 1159 668 1183 1160 1388 326 1392 1574 1052 909 1466 579 1086 1091 1229 1002 1440 706 1616 1625 825 1015 1048 871 1050 379 0 1714 173 1492 1034 1713 888 1152 1621 1385 1470 1275 1119 1252 475 91 1051 1646 1181 871 877 1352 172 1410 1812 1303 911 1549 1069 667 685 1509 1052 1367 1181 1302 469 1583 617 1272 1296 1194 440 192 1067 837
1636 1205 1295 998 1305 1259 217 1628 1475 453 735 1072 586 1602 1103 1205 1338 1487 351 1424 1010 209 735 877 274 1931 678 1092 890 1639 1017 1149 1141 391 1465 1402 727 1054 1311 2004 1714 0 1556 252 743 99 1528 702 204 1271 754 926 1090 1305 1688 1778 1141 854 587 1054 977 394 1703 1027 221 1055 1426 316 708 1205 1170 911 1313 769 587 1179 1711 1200 2011 979 1002 1200 1777 1546 981 1458
335 510 600 627 1454 1044 1704 172 199 1129 894 732 1023 1137 1033 510 1286 1263 1230 169 1451 1416 894 751 1308 726 928 1021 1071 1105 1498 549 1674 1467 927 1117 891 714 1153 526 173 1556 0 1334 876 1556 990 995 1463 1488 1312 1333 1194 1355 622 238 1070 1704 1024 713 720 1195 266 1468 1654 1361 1014 1392 912 510 528 1352 1155 1210 1024 1360 616 1641 765 1160 1183 1269 587 213 910 763
1414 983 1073 776 1083 1037 438 1406 1254 231 512 850 364 1380 881 984 1116 1266 183 1202 788 112 512 655 177 1709 455 870 668 1417 836 927 1011 294 1243 1180 505 832 1089 1782 1492 252 1334 0 521 251 1306 480 234 1049 650 704 868 1083 1466 1557 919 757 364 831 756 172 1481 806 442 833 1204 219 485 983 949 689 1091 547 364 957 1489 978 1790 757 780 979 1556 1324 759 1236
956 552 642 288 1198 1086 883 948 795 447 265 362 180 1179 997 553 1232 1305 548 744 904 603 266 277 626 1314 299 986 784 1147 952 591 1127 785 969 1160 67 344 1195 1386 1034 743 876 521 0 742 1033 596 637 1165 765 820 984 1199 1071 1098 1035 1157 180 343 762 513 1022 921 887 949 1056 709 88 552 570 805 1197 663 180 1073 1094 1094 1394 872 896 1094 1160 866 875 805
1636 1204 1295 997 1304 1259 217 1627 1475 452 734 1072 585 1601 1103 1205 1338 1487 351 1424 1009 208 734 877 273 1930 677 1091 889 1639 1016 1148 1140 391 1464 1401 727 1053 1310 2004 1713 99 1556 251 742 0 1527 701 203 1270 753 925 1089 1305 1687 1778 1140 853 586 1053 977 393 1702 1027 221 1054 1425 315 707 1204 1170 910 1312 768 586 1179 1711 1199 2011 978 1002 1200 1777 1545 980 1457
974 518 435 801 496 325 1676 1062 909 1101 1033 906 1177 217 543 518 326 306 1202 858 776 1388 1033 890 1280 675 1066 476 851 255 824 557 1000 1439 103 214 1047 888 314 748 888 1528 990 1306 1033 1527 0 845 1469 531 1163 659 503 395 432 831 435 1030 1178 887 728 1166 904 794 1626 597 182 1363 1068 517 535 1202 312 1060 1178 466 455 967 755 656 680 438 521 980 587 343
1075 522 612 802 724 577 850 1067 914 275 426 876 439 919 421 523 656 808 376 863 475 562 426 554 454 1248 460 409 207 957 523 466 699 613 782 719 581 858 628 1321 1152 702 995 480 596 701 845 0 643 714 337 391 407 622 1005 1217 458 729 440 747 295 341 1141 493 800 498 743 538 561 522 488 376 630 234 440 496 1028 666 1329 296 320 518 1095 985 298 775
1543 1121 1211 892 1246 1201 284 1535 1382 435 628 966 480 1543 1045 1122 1280 1429 333 1331 951 143 629 771 256 1872 571 1033 831 1581 999 1090 1123 373 1406 1343 621 948 1252 1946 1621 204 1463 234 637 203 1469 643 0 1212 736 867 1031 1247 1629 1686 1082 835 480 947 919 376 1610 969 288 996 1367 298 601 1121 1112 852 1254 710 481 1120 1653 1141 1953 920 944 1142 1719 1453 922 1374
1471 1015 933 1299 136 534 1419 1560 1407 844 995 1403 1008 377 574 1016 255 251 945 1356 519 1131 995 1123 1023 1173 1028 506 720 415 567 973 743 1182 594 419 1149 1385 394 1246 1385 1271 1488 1049 1165 1270 531 714 1212 0 906 402 416 162 929 1329 466 773 1009 1315 801 909 1402 537 1369 246 514 1106 1129 1015 994 945 392 803 1009 243 953 626 1253 525 548 265 1019 1478 617 841
1392 840 930 971 939 894 635 1384 1232 444 595 1046 608 1237 738 840 973 1122 545 1181 645 614 595 724 547 1566 629 727 525 1274 692 783 868 448 1100 1037 750 1027 946 1639 1470 754 1312 650 765 753 1163 337 736 906 0 561 725 940 1323 1535 775 590 609 916 612 510 1459 662 585 690 1061 479 730 840 805 215 947 154 609 814 1346 835 1646 613 637 835 1412 1302 616 1093
1360 860 822 1025 435 390 1073 1405 1252 498 649 1100 663 733 421 861 469 618 600 1201 174 786 649 778 678 1062 683 354 475 770 222 804 398 837 596 532 804 1082 441 1135 1275 926 1333 704 820 925 659 391 867 402 561 0 221 436 819 1218 314 428 663 970 633 564 1291 192 1024 185 557 761 784 860 826 600 443 458 663 310 842 364 1142 280 304 331 908 1323 465 730
1205 721 667 1005 382 234 1238 1266 1113 663 814 1109 827 577 266 722 313 466 764 1062 338 950 814 942 842 906 847 198 413 614 386 665 562 1001 440 377 968 1091 286 979 1119 1090 1194 868 984 1089 503 407 1031 416 725 221 0 280 663 1062 158 592 828 1091 494 728 1136 356 1188 249 401 925 949 721 687 764 288 622 828 248 686 529 987 218 242 176 753 1184 310 575
1338 882 800 1165 128 398 1453 1426 1274 878 1029 1270 1042 353 438 882 120 227 979 1223 554 1165 1029 1157 1057 1039 1063 370 628 390 601 837 777 1216 458 283 1184 1252 259 1112 1252 1305 1355 1083 1199 1305 395 622 1247 162 940 436 280 0 796 1195 330 807 1043 1251 666 944 1269 571 1403 288 379 1141 1164 882 859 979 256 837 1043 158 819 668 1119 433 457 129 885 1344 482 708
561 556 473 839 895 485 1835 692 719 1260 1071 944 1215 578 703 556 727 704 1362 775 936 1548 1071 928 1440 262 1104 635 1011 546 984 595 1160 1599 368 559 1085 926 594 335 475 1688 622 1466 1071 1687 432 1005 1629 929 1323 819 663 796 0 418 595 1190 1216 925 766 1326 492 954 1786 847 455 1523 1106 555 573 1362 596 1220 1216 846 60 1127 343 816 840 738 109 641 747 381
185 732 822 850 1295 885 1926 308 335 1351 1116 954 1246 978 1103 733 1126 1103 1452 391 1336 1638 1117 974 1530 522 1150 1035 1293 946 1384 771 1559 1689 768 958 1113 936 994 322 91 1778 238 1557 1098 1778 831 1217 1686 1329 1535 1218 1062 1195 418 0 995 1589 1246 936 942 1417 116 1353 1876 1247 855 1614 1134 732 750 1574 995 1432 1246 1245 412 1526 561 1215 1239 1137 383 257 1132 781
1137 597 599 881 431 167 1288 1142 989 713 864 985 878 509 142 598 261 399 815 938 431 1001 864 969 892 839 898 74 506 547 479 541 655 1051 372 309 1019 967 218 912 1051 1141 1070 919 1035 1140 435 458 1082 466 775 314 158 330 595 995 0 685 878 967 370 779 1068 449 1239 342 333 976 999 597 563 815 220 673 878 341 619 621 919 311 335 233 685 1060 186 507
1732 1231 1193 1363 806 761 734 1776 1623 826 987 1437 1000 1104 793 1232 840 989 725 1572 294 714 987 1115 647 1433 1021 725 846 1141 237 1175 361 548 967 904 1142 1419 813 1506 1646 854 1704 757 1157 853 1030 729 835 773 590 428 592 807 1190 1589 685 0 1001 1308 1004 767 1662 529 685 557 928 579 1122 1231 1197 781 814 605 1001 681 1213 702 1513 651 675 702 1279 1694 836 1102
1104 697 787 435 1042 997 726 1096 943 291 238 510 37 1324 841 698 1076 1225 392 892 747 447 238 315 469 1459 263 829 628 1292 795 736 971 629 1114 1139 165 492 1048 1532 1181 587 1024 364 180 586 1178 440 480 1009 609 663 828 1043 1216 1246 878 1001 0 491 715 357 1170 765 731 792 1163 553 145 697 715 648 1050 506 38 917 1239 938 1539 716 740 938 1305 1014 718 950
793 407 497 125 1349 941 1193 785 633 726 415 199 491 1034 929 407 1182 1159 827 581 1054 914 415 218 905 1168 448 918 934 1002 1102 446 1278 1064 824 1014 358 181 1050 1224 871 1054 713 831 343 1053 887 747 947 1315 916 970 1091 1251 925 936 967 1308 491 0 617 792 860 1072 1198 1099 911 989 379 406 424 955 1052 813 491 1224 948 1245 1249 1023 1047 1166 1015 703 807 659
800 247 338 531 767 502 1125 792 639 550 701 635 714 845 332 248 597 734 651 588 750 837 701 619 729 1009 735 321 371 842 798 191 974 888 665 645 777 617 554 1082 877 977 720 756 762 977 728 295 919 801 612 633 494 666 766 942 370 1004 715 617 0 616 866 768 1075 661 669 813 798 247 213 652 556 510 715 660 789 941 1089 459 483 569 855 710 210 500
1275 843 934 768 943 898 546 1266 1114 116 471 843 356 1240 742 844 977 1126 68 1063 648 254 471 599 146 1570 448 730 528 1278 696 787 872 305 1103 1040 498 824 949 1643 1352 394 1195 172 513 393 1166 341 376 909 510 564 728 944 1326 1417 779 767 357 792 616 0 1341 666 496 693 1064 229 478 843 809 549 951 407 357 818 1350 838 1650 617 641 839 1416 1184 619 1096
100 656 747 774 1368 958 1850 389 416 1275 1041 878 1170 1051 1176 657 1200 1177 1377 315 1409 1563 1041 898 1454 595 1074 1108 1217 1019 1457 695 1632 1613 841 1032 1037 860 1067 395 172 1703 266 1481 1022 1702 904 1141 1610 1402 1459 1291 1136 1269 492 116 1068 1662 1170 860 866 1341 0 1427 1801 1320 928 1538 1058 656 674 1498 1069 1356 1170 1319 486 1599 634 1289 1313 1211 457 277 1056 854
1496 996 958 1127 571 525 1175 1540 1387 600 751 1202 764 868 557 996 604 753 701 1336 276 888 751 880 779 1197 785 489 610 905 324 939 499 938 731 668 906 1183 577 1270 1410 1027 1468 806 921 1027 794 493 969 537 662 192 356 571 954 1353 449 529 765 1072 768 666 1427 0 1125 321 692 863 886 995 961 702 579 560 765 445 977 194 1277 415 439 466 1043 1458 601 866
1734 1303 1393 1142 1403 1357 101 1726 1573 555 879 1216 730 1700 1201 1303 1436 1586 454 1522 904 396 879 1021 376 2029 822 1190 988 1737 848 1247 972 261 1563 1500 871 1198 1409 2102 1812 221 1654 442 887 221 1626 800 288 1369 585 1024 1188 1403 1786 1876 1239 685 731 1198 1075 496 1801 1125 0 1153 1524 292 852 1303 1268 775 1411 600 731 1277 1809 1298 2109 1077 1100 1299 1875 1644 1079 1556
1389 889 851 1154 279 419 1202 1433 1281 627 778 1229 792 588 450 889 321 462 729 1230 303 915 778 907 807 1090 812 382 503 626 351 832 526 966 624 484 933 1211 460 1163 1303 1055 1361 833 949 1054 597 498 996 246 690 185 249 288 847 1247 342 557 792 1099 661 693 1320 321 1153 0 580 890 913 889 854 729 458 587 792 232 870 493 1171 308 332 330 937 1351 494 759
997 541 459 825 480 223 1573 1086 933 998 1056 929 1163 200 441 542 310 289 1100 882 674 1286 1056 913 1178 699 1090 373 749 238 722 580 898 1337 232 197 1071 911 297 772 911 1426 1014 1204 1056 1425 182 743 1367 514 1061 557 401 379 455 855 333 928 1163 911 669 1064 928 692 1524 580 0 1261 1092 541 559 1100 295 958 1164 449 479 864 779 554 578 421 545 1004 485 367
1472 1040 1131 964 1140 1095 342 1463 1311 288 668 1039 552 1437 939 1041 1174 1323 187 1260 798 176 668 796 109 1767 644 927 725 1475 742 984 866 101 1300 1237 694 1021 1146 1840 1549 316 1392 219 709 315 1363 538 298 1106 479 761 925 1141 1523 1614 976 579 553 989 813 229 1538 863 292 890 1261 0 674 1040 1006 670 1148 494 553 1015 1547 1035 1847 814 838 1036 1613 1381 816 1293
992 588 678 323 1163 1118 847 983 831 412 230 398 145 1215 962 588 1197 1341 513 780 868 568 230 306 590 1349 264 950 749 1183 916 627 1092 750 1005 1195 103 379 1169 1422 1069 708 912 485 88 707 1068 561 601 1129 730 784 949 1164 1106 1134 999 1122 145 379 798 478 1058 886 852 913 1092 674 0 588 606 769 1171 627 145 1038 1129 1059 1430 837 861 1059 1196 901 839 840
590 22 127 320 981 571 1352 581 429 777 552 425 697 664 560 22 813 790 879 378 978 1065 552 409 957 799 586 548 598 632 1026 76 1201 1116 454 645 567 407 680 872 667 1205 510 983 552 1204 517 522 1121 1015 840 860 721 882 555 732 597 1231 697 406 247 843 656 995 1303 889 541 1040 588 0 55 879 682 737 697 888 579 1168 879 687 711 796 645 500 437 290
608 55 145 338 960 589 1318 599 447 743 570 443 715 682 525 55 790 808 844 396 943 1030 570 427 922 817 604 514 564 650 991 75 1167 1081 472 663 585 425 698 890 685 1170 528 949 570 1170 535 488 1112 994 805 826 687 859 573 750 563 1197 715 424 213 809 674 961 1268 854 559 1006 606 55 0 845 700 703 715 853 597 1134 897 652 676 762 663 518 403 308
1432 879 969 1011 979 933 825 1423 1271 483 634 1085 648 1276 777 880 1012 1162 585 1220 684 771 635 763 663 1605 668 766 564 1314 732 823 907 639 1139 1076 789 1067 985 1678 1509 911 1352 689 805 910 1202 376 852 945 215 600 764 979 1362 1574 815 781 648 955 652 549 1498 702 775 729 1100 670 769 879 845 0 987 193 649 853 1385 874 1686 653 677 875 1452 1342 655 1132
1138 682 600 965 357 167 1460 1226 1074 885 1036 1070 1049 330 328 682 187 204 986 1023 561 1173 1036 1054 1064 839 1070 260 636 368 609 721 784 1223 373 200 1191 1052 62 912 1052 1313 1155 1091 1197 1312 312 630 1254 392 947 443 288 256 596 995 220 814 1050 1052 556 951 1069 579 1411 458 295 1148 1171 682 700 987 0 845 1050 327 619 751 920 441 464 299 686 1145 372 508
1290 737 827 869 837 791 650 1282 1129 341 492 943 506 1134 636 738 870 1020 443 1078 542 629 493 621 521 1463 526 624 422 1172 590 681 765 463 997 934 647 925 843 1536 1367 769 1210 547 663 768 1060 234 710 803 154 458 622 837 1220 1432 673 605 506 813 510 407 1356 560 600 587 958 494 627 737 703 193 845 0 507 711 1243 732 1544 511 535 733 1310 1200 513 990
1104 697 788 435 1042 997 726 1096 943 291 238 510 37 1324 841 698 1076 1225 392 892 747 447 239 315 470 1459 263 830 628 1292 795 736 971 629 1115 1139 165 492 1048 1532 1181 587 1024 364 180 586 1178 440 481 1009 609 663 828 1043 1216 1246 878 1001 38 491 715 357 1170 765 731 792 1164 553 145 697 715 649 1050 507 0 917 1239 938 1539 716 740 938 1305 1014 718 950
1388 888 850 1171 259 417 1327 1432 1280 752 903 1276 916 484 449 888 191 358 853 1228 428 1039 903 1031 931 1089 937 381 502 521 475 831 651 1090 529 354 1058 1258 329 1162 1302 1179 1360 957 1073 1179 466 496 1120 243 814 310 248 158 846 1245 341 681 917 1224 660 818 1319 445 1277 232 449 1015 1038 888 853 853 327 711 917 0 869 612 1170 307 331 200 936 1350 493 758
555 579 497 862 918 509 1859 686 713 1284 1094 967 1238 602 727 579 750 727 1385 769 960 1571 1094 951 1463 256 1128 659 1034 569 1007 618 1183 1622 392 582 1109 949 618 329 469 1711 616 1489 1094 1711 455 1028 1653 953 1346 842 686 819 60 412 619 1213 1239 948 789 1350 486 977 1809 870 479 1547 1129 579 597 1385 619 1243 1239 869 0 1150 336 839 863 761 102 635 770 405
1668 1168 1130 1300 659 698 1348 1713 1560 773 924 1374 937 968 729 1169 701 842 874 1509 448 1060 924 1052 952 1370 958 662 783 1006 496 1112 672 1111 904 840 1079 1356 749 1443 1583 1200 1641 978 1094 1199 967 666 1141 626 835 364 529 668 1127 1526 621 702 938 1245 941 838 1599 194 1298 493 864 1035 1059 1168 1134 874 751 732 938 612 1150 0 1450 588 612 639 1216 1631 773 1038
703 879 797 1163 1219 809 2159 835 862 1584 1394 1267 1539 902 1027 880 1051 1028 1685 918 1260 1872 1394 1251 1763 100 1428 959 1334 870 1308 918 1483 1922 692 882 1409 1249 918 300 617 2011 765 1790 1394 2011 755 1329 1953 1253 1646 1142 987 1119 343 561 919 1513 1539 1249 1089 1650 634 1277 2109 1171 779 1847 1430 879 897 1686 920 1544 1539 1170 336 1450 0 1140 1163 1061 384 784 1071 705
1240 687 777 970 535 387 1126 1231 1079 551 702 1075 716 730 419 687 466 619 653 1028 398 839 702 831 730 1059 736 351 301 767 445 631 621 889 593 530 857 1057 439 1132 1272 979 1160 757 872 978 656 296 920 525 613 280 218 433 816 1215 311 651 716 1023 459 617 1289 415 1077 308 554 814 837 687 652 653 441 511 716 307 839 588 1140 0 72 329 906 1150 463 728
1264 711 801 994 558 411 1150 1255 1103 575 726 1099 739 754 443 711 490 643 676 1052 421 862 726 854 754 1083 760 375 325 791 469 654 645 913 617 554 881 1081 463 1156 1296 1002 1183 780 896 1002 680 320 944 548 637 304 242 457 840 1239 335 675 740 1047 483 641 1313 439 1100 332 578 838 861 711 676 677 464 535 740 331 863 612 1163 72 0 352 929 1173 487 752
1280 796 742 1079 231 309 1348 1340 1188 773 924 1184 937 455 341 796 162 329 874 1137 449 1061 924 1053 952 981 958 273 523 493 497 740 672 1111 501 326 1079 1166 301 1054 1194 1200 1269 979 1094 1200 438 518 1142 265 835 331 176 129 738 1137 233 702 938 1166 569 839 1211 466 1299 330 421 1036 1059 796 762 875 299 733 938 200 761 639 1061 329 352 0 827 1259 385 650
526 645 563 929 985 575 1925 657 684 1350 1160 1033 1305 668 793 646 817 794 1451 740 1026 1637 1160 1017 1529 304 1194 725 1100 636 1074 684 1249 1688 458 648 1175 1015 684 300 440 1777 587 1556 1160 1777 521 1095 1719 1019 1412 908 753 885 109 383 685 1279 1305 1015 855 1416 457 1043 1875 937 545 1613 1196 645 663 1452 686 1310 1305 936 102 1216 384 906 929 827 0 606 837 471
211 500 590 617 1444 1034 1694 344 371 1119 884 722 1013 1127 1022 500 1275 1253 1220 158 1440 1406 884 741 1298 745 918 1011 1061 1095 1488 539 1664 1457 917 1107 881 704 1143 545 192 1546 213 1324 866 1545 980 985 1453 1478 1302 1323 1184 1344 641 257 1060 1694 1014 703 710 1184 277 1458 1644 1351 1004 1381 901 500 518 1342 1145 1200 1014 1350 635 1631 784 1150 1173 1259 606 0 900 752
990 437 528 721 583 319 1128 982 829 553 704 825 718 661 148 438 413 550 655 778 583 841 704 809 733 990 738 137 374 699 631 381 806 892 524 461 859 807 370 1063 1067 981 910 759 875 980 587 298 922 617 616 465 310 482 747 1132 186 836 718 807 210 619 1056 601 1079 494 485 816 839 437 403 655 372 513 718 493 770 773 1071 463 487 385 837 900 0 659
843 290 208 573 807 397 1605 834 682 1030 805 678 949 490 615 290 639 616 1132 631 848 1318 805 662 1210 625 839 547 851 458 896 329 1071 1369 280 471 820 660 506 698 837 1458 763 1236 805 1457 343 775 1374 841 1093 730 575 708 381 781 507 1102 950 659 500 1096 854 866 1556 759 367 1293 840 290 308 1132 508 990 950 758 405 1038 705 728 752 650 471 752 659 0
EOF