NAME : tsp_problem
TYPE : TSP
DIMENSION : 78
EDGE_WEIGHT_TYPE : EXPLICIT
EDGE_WEIGHT_FORMAT : FULL_MATRIX
EDGE_WEIGHT_SECTION
0 552 784 929 838 1179 1043 1072 1420 1100 827 1113 631 244 757 901 838 816 742 734 534 977 820 523 939 1064 737 257 847 549 902 864 534 288 811 1014 1137 345 938 694 1094 318 757 929 1040 1083 584 671 607 1052 1113 988 840 794 612 832 1107 847 378 963 115 328 1080 172 836 1051 832 1028 789 908 562 802 827 300 665 1031 573 770
552 0 955 1324 516 1574 644 750 1058 778 1222 992 1026 690 1107 663 895 1166 1137 1129 594 656 466 672 1290 742 416 550 405 944 664 542 594 395 1161 693 815 279 616 372 772 765 1152 1324 999 761 543 456 1002 731 1067 1338 1235 352 191 389 785 1197 764 1358 516 479 758 616 1165 567 306 775 467 1116 947 1197 384 746 139 710 968 1165
784 955 0 751 463 774 1061 823 1775 462 1019 405 823 725 214 332 117 273 934 927 596 594 1355 585 397 815 564 966 1334 742 410 526 596 997 269 320 712 1101 689 639 456 830 950 790 332 834 643 556 799 803 408 445 975 1281 1120 1319 858 305 440 1156 824 1036 831 790 272 1493 1236 334 1064 250 337 897 1314 811 1069 393 765 962
929 1324 751 0 1152 265 1750 1511 1885 1150 484 1080 349 835 724 1020 805 783 225 253 871 1283 1690 861 408 1504 1244 1093 1703 422 1099 1214 871 1124 778 1009 1387 1231 1378 1200 1145 939 515 74 1007 1523 922 1009 457 1492 1080 379 259 1650 1482 1688 1546 814 716 620 969 1163 1519 900 803 1862 1605 1022 1555 875 846 161 1683 921 1438 1082 478 289
838 516 463 1152 0 1175 756 518 1429 286 1242 500 1045 947 615 281 403 674 1156 1149 492 289 916 570 798 510 125 963 895 964 359 87 493 809 670 201 449 693 384 200 281 1052 1172 1191 508 529 442 354 1022 499 579 846 1255 842 681 880 553 706 663 1378 802 892 526 981 673 1053 797 283 625 624 738 1217 875 1034 629 218 988 1185
1179 1574 774 265 1175 0 1772 1534 2135 1173 715 1102 580 1085 747 1043 828 806 456 495 1121 1306 1939 1111 431 1527 1276 1343 1953 672 1122 1237 1121 1374 801 1031 1410 1481 1401 1351 1168 1189 746 305 1030 1546 1172 1259 688 1515 1103 402 490 1900 1732 1938 1569 837 966 851 1219 1413 1542 1150 826 2112 1855 1045 1776 898 869 412 1933 1171 1687 1105 709 519
1043 644 1061 1750 756 1772 0 310 849 884 1709 1098 1513 1260 1213 879 1001 1272 1624 1617 960 761 661 1038 1396 351 782 1167 600 1431 957 819 960 1013 1267 799 921 897 477 738 878 1334 1639 1789 1105 867 909 822 1489 489 1173 1444 1722 546 636 584 517 1303 1130 1845 1007 1096 462 1186 1271 491 379 881 275 1221 1313 1684 579 1316 531 815 1455 1652
1072 750 823 1511 518 1534 310 0 1114 646 1735 860 1539 1289 975 641 762 1034 1650 1643 986 523 926 1064 1157 113 618 1197 865 1458 719 580 986 1043 1029 561 683 927 239 694 640 1364 1666 1551 867 629 935 848 1515 254 935 1205 1736 812 901 849 282 1065 1156 1872 1036 1126 227 1215 1032 756 644 643 540 983 1097 1658 844 1345 796 577 1481 1678
1420 1109 1775 1885 1462 2135 883 1148 0 1722 1783 1936 1586 1215 1748 1609 1829 1807 1698 1690 1525 1599 1125 1514 1931 1189 1362 1473 1064 1505 1610 1489 1525 1477 1802 1637 1759 1361 1315 1319 1716 1320 1713 1884 1943 1705 1490 1402 1563 1327 2011 1979 1796 1011 1100 1049 1355 1838 1370 1919 1461 1544 1300 1281 1827 939 828 1719 855 1900 1553 1758 1043 1302 995 1653 1529 1726
1100 778 462 1150 286 1173 884 646 1688 0 1391 253 1195 1097 519 280 402 459 1306 1299 642 273 1178 720 796 638 387 1226 1157 1113 358 349 642 1071 608 200 308 955 512 462 89 1201 1321 1190 260 636 591 503 1171 626 332 845 1375 1104 943 1142 681 489 812 1527 1065 1155 654 1162 449 1316 1059 258 887 392 736 1297 1137 1183 892 92 1137 1334
827 1222 1019 484 1242 715 1709 1735 1783 1391 0 1348 276 733 992 1137 1074 1051 327 519 769 1507 1587 759 858 1728 1142 991 1601 448 1138 1268 769 1022 1047 1249 1656 1129 1602 1098 1385 837 93 465 1275 1747 820 907 289 1716 1349 829 376 1548 1380 1586 1771 1083 614 176 867 1061 1743 798 1071 1760 1503 1263 1453 1144 797 631 1581 819 1335 1323 325 306
1113 992 405 1080 500 1102 1098 860 1902 253 1348 0 1152 1054 382 369 352 322 1263 1255 731 389 1392 809 726 852 601 1294 1371 1070 447 563 731 1285 471 357 424 1169 726 676 262 1158 1278 1119 123 752 680 592 1128 840 106 774 1304 1318 1157 1356 895 352 769 1484 1153 1365 868 1119 312 1530 1273 249 1101 255 665 1226 1351 1140 1106 321 1094 1291
631 1026 823 349 1045 580 1513 1539 1586 1195 276 1152 0 536 796 940 877 855 192 384 573 1311 1391 562 723 1531 945 794 1405 206 941 1072 573 826 850 1053 1460 933 1406 902 1189 641 306 330 1079 1550 623 710 194 1520 1152 694 241 1352 1183 1389 1574 886 417 412 671 865 1547 602 875 1563 1306 1067 1256 947 601 459 1384 623 1139 1126 160 171
244 690 725 835 947 1085 1260 1289 1215 1097 733 1054 536 0 698 842 779 757 647 640 475 1195 911 464 880 1282 847 297 937 455 843 973 475 328 752 955 1354 435 1156 804 1091 144 663 834 981 1301 525 612 513 1270 1054 929 745 884 703 922 1324 788 319 869 284 367 1297 104 777 1142 970 969 1006 849 503 707 917 125 803 1028 478 675
757 1107 214 724 615 747 1213 975 1748 519 992 382 796 698 0 484 268 85 907 900 569 655 1507 558 370 967 716 939 1486 714 562 678 568 970 116 472 690 1074 841 791 527 802 922 763 309 986 619 706 772 955 383 418 948 1433 1272 1471 1010 117 413 1128 797 1009 983 763 105 1645 1388 486 1216 178 309 870 1466 784 1221 545 738 935
901 663 332 1020 281 1043 879 641 1575 280 1137 369 940 842 484 0 272 543 1051 1044 387 412 1062 465 666 633 382 1083 1042 859 103 344 387 956 538 138 556 839 507 417 274 947 1067 1060 376 652 337 249 917 621 448 715 1149 989 828 1027 676 574 557 1273 941 1039 649 908 542 1200 943 152 772 492 606 1111 1021 928 776 211 882 1079
838 895 117 805 403 828 1001 762 1805 402 1074 352 877 779 268 272 0 328 988 981 634 534 1295 639 451 755 504 1020 1274 796 350 466 634 1051 323 260 660 1072 629 579 396 884 1004 845 279 774 583 495 854 743 393 499 1030 1221 1060 1259 798 359 494 1210 878 1091 770 845 326 1433 1176 274 1004 277 391 952 1254 865 1009 333 819 1016
816 1166 273 783 674 806 1272 1034 1807 459 1051 322 855 757 85 543 328 0 966 959 628 595 1566 617 429 1026 775 998 1545 773 621 737 627 1029 175 531 630 1133 900 850 467 862 981 822 249 957 678 765 831 1014 322 477 1007 1492 1331 1530 1069 56 472 1188 856 1068 1042 822 45 1704 1447 455 1275 118 369 929 1525 843 1280 527 797 994
742 1137 934 225 1156 456 1624 1650 1698 1306 327 1263 192 647 907 1051 988 966 0 210 684 1422 1502 673 599 1643 1056 905 1516 235 1052 1183 684 937 961 1164 1571 1044 1517 1013 1300 752 357 205 1190 1662 734 821 300 1631 1263 570 201 1463 1294 1500 1685 997 529 463 782 976 1658 713 986 1674 1417 1178 1367 1059 712 328 1495 734 1250 1237 320 131
734 1129 927 253 1149 495 1617 1643 1690 1299 519 1255 384 640 900 1044 981 959 210 0 677 1414 1495 666 639 1635 1049 898 1508 227 1045 1175 677 929 954 1157 1563 1036 1509 1005 1293 745 550 245 1183 1654 727 814 367 1624 1256 610 393 1455 1287 1493 1678 990 521 655 775 969 1651 705 979 1667 1410 1171 1360 1051 704 234 1488 726 1243 1230 333 323
534 594 596 871 492 1121 960 986 1507 642 769 731 573 475 569 387 634 628 684 677 0 758 994 143 751 979 392 716 973 491 389 519 65 747 623 500 917 771 853 349 636 579 699 871 738 998 70 157 549 967 810 799 782 920 759 958 1021 659 190 905 574 786 994 540 647 1132 875 514 703 720 373 744 953 561 708 573 515 712
977 656 594 1283 289 1306 761 523 1565 273 1507 389 1311 1195 655 412 534 595 1422 1414 758 0 1055 836 929 515 390 1103 1035 1229 490 352 758 948 744 332 189 832 389 465 282 1269 1437 1322 396 517 707 619 1287 504 441 977 1507 982 821 1019 558 625 928 1643 942 1032 531 1121 585 1193 936 394 765 528 868 1429 1014 1251 769 341 1253 1450
820 466 1355 1690 916 1939 661 926 1074 1178 1587 1392 1391 911 1507 1062 1295 1566 1502 1495 994 1055 0 1072 1690 967 815 770 268 1310 1064 942 994 615 1561 1093 1215 499 1016 772 1172 985 1518 1689 1399 1161 943 855 1367 1105 1467 1738 1600 236 326 274 1133 1597 1139 1724 785 699 1078 837 1565 294 323 1175 633 1515 1322 1562 269 967 352 1109 1333 1530
523 672 585 861 570 1111 1038 1064 1514 720 759 809 562 464 558 465 639 617 673 666 143 836 1072 0 741 1057 470 705 1051 481 466 597 143 737 612 578 995 841 931 427 714 569 689 860 816 1075 148 235 539 1045 888 789 772 998 837 1036 1099 648 180 895 563 776 1072 530 637 1210 953 592 781 710 363 734 1031 551 785 651 504 701
939 1290 397 408 798 431 1396 1157 1931 796 858 726 723 880 370 666 451 429 599 639 751 929 1690 741 0 1150 899 1121 1669 815 745 860 751 1153 424 655 1033 1257 1024 974 791 985 889 448 653 1169 802 889 831 1138 726 102 633 1616 1455 1654 1193 460 596 994 980 1192 1165 946 449 1827 1571 669 1399 521 492 555 1649 967 1403 728 852 662
1064 742 815 1504 510 1527 351 113 1155 638 1728 852 1531 1282 967 633 755 1026 1643 1635 979 515 967 1057 1150 0 611 1190 906 1450 711 573 979 1035 1021 553 675 919 231 686 632 1356 1658 1543 859 621 928 840 1508 167 927 1198 1728 853 908 891 195 1057 1149 1864 1029 1119 140 1208 1025 797 685 635 581 975 1089 1650 885 1338 837 570 1474 1671
737 416 564 1244 125 1276 782 618 1328 387 1142 601 945 847 716 382 504 775 1056 1049 392 390 815 470 899 611 0 863 795 864 460 151 392 709 770 302 550 593 485 100 381 952 1072 1243 608 630 342 254 922 599 680 947 1154 742 581 780 654 806 562 1278 702 792 626 881 774 953 697 384 525 724 746 1116 774 933 529 318 887 1084
257 550 966 1093 963 1343 1167 1197 1473 1226 991 1294 794 297 939 1083 1020 998 905 898 716 1103 770 705 1121 1190 863 0 797 713 1084 990 715 188 993 1141 1263 294 1064 820 1220 371 921 1092 1221 1209 766 853 770 1178 1295 1169 1003 744 562 781 1233 1029 560 1127 297 100 1205 223 1017 1001 829 1209 914 1090 743 965 776 353 662 1157 736 933
847 405 1334 1703 895 1953 600 865 1013 1157 1601 1371 1405 937 1486 1042 1274 1545 1516 1508 973 1035 268 1051 1669 906 795 797 0 1323 1043 921 973 642 1541 1072 1194 526 996 751 1152 1012 1531 1703 1378 1141 923 835 1381 1044 1446 1717 1614 82 265 83 1072 1577 1143 1737 812 726 1017 864 1544 280 262 1154 572 1495 1326 1576 78 994 291 1089 1347 1544
549 944 742 422 964 672 1431 1458 1505 1113 448 1070 206 455 714 859 796 773 235 227 491 1229 1310 481 815 1450 864 713 1323 0 860 990 491 744 769 971 1378 851 1324 820 1108 559 378 422 997 1469 542 629 182 1438 1071 786 415 1270 1102 1308 1493 805 336 584 589 783 1466 520 793 1482 1225 985 1175 866 519 295 1303 541 1058 1045 148 345
902 664 410 1099 359 1122 957 719 1576 358 1138 447 941 843 562 103 350 621 1052 1045 389 490 1064 466 745 711 460 1084 1043 860 0 422 389 957 616 216 634 841 585 419 352 948 1068 1138 454 730 338 250 918 699 526 793 1151 990 829 1028 754 652 559 1274 942 1040 727 909 620 1201 945 230 773 570 684 1113 1023 930 777 289 884 1081
864 542 526 1214 87 1237 819 580 1455 349 1268 563 1072 973 678 344 466 737 1183 1175 519 352 942 597 860 573 151 990 921 990 422 0 519 835 732 264 511 719 447 226 343 1078 1198 1254 570 592 468 380 1048 561 642 909 1281 868 707 906 615 768 689 1404 829 919 588 1007 736 1080 823 346 651 686 800 1243 901 1060 656 280 1014 1211
534 594 596 871 493 1121 960 986 1507 642 769 731 573 475 568 387 634 627 684 677 65 758 994 143 751 979 392 715 973 491 389 519 0 747 623 500 917 771 853 349 636 579 699 871 738 998 71 158 549 967 810 799 782 920 759 958 1022 659 190 905 574 786 994 540 647 1132 875 514 703 720 373 744 953 561 708 573 515 712
288 395 997 1124 809 1374 1013 1043 1427 1071 1022 1285 826 328 970 956 1051 1029 937 929 747 948 615 737 1153 1035 709 188 642 744 957 835 747 0 1024 986 1108 140 909 665 1065 403 952 1124 1253 1054 798 749 802 1024 1326 1201 1035 589 407 627 1078 1060 592 1158 296 173 1051 254 1049 847 675 1068 760 1122 775 997 622 384 508 1003 768 965
811 1161 269 778 670 801 1267 1029 1802 608 1047 471 850 752 116 538 323 175 961 954 623 744 1561 612 424 1021 770 993 1541 769 616 732 623 1024 0 526 779 1128 895 846 617 857 977 817 399 1040 673 760 827 1010 472 472 1002 1487 1327 1525 1064 206 467 1183 851 1064 1037 817 194 1699 1442 540 1271 267 364 925 1520 838 1275 600 792 989
1014 693 320 1009 201 1031 799 561 1603 200 1249 357 1053 955 472 138 260 531 1164 1157 500 332 1093 578 655 553 302 1141 1072 971 216 264 500 986 526 0 483 870 427 377 194 1059 1179 1048 364 572 449 362 1029 541 436 703 1233 1019 858 1057 596 562 670 1385 980 1070 568 1020 530 1231 974 140 802 480 594 1155 1052 1041 807 131 995 1192
1137 815 712 1387 449 1410 921 683 1725 308 1656 424 1460 1354 690 556 660 630 1571 1563 917 189 1215 995 1033 675 550 1263 1194 1378 634 511 917 1108 779 483 0 992 549 625 316 1429 1586 1427 431 411 867 779 1436 663 476 1082 1612 1141 980 1179 718 660 1077 1792 1102 1192 691 1280 619 1353 1096 429 924 563 973 1534 1174 1410 929 376 1402 1599
345 279 1101 1231 693 1481 897 927 1310 955 1129 1169 933 435 1074 839 1072 1133 1044 1036 771 832 499 841 1257 919 593 294 526 851 841 719 771 140 1128 870 992 0 793 549 949 510 1059 1230 1176 938 720 632 909 908 1244 1305 1142 473 291 511 962 1164 696 1265 309 223 935 361 1153 730 559 952 644 1226 879 1104 506 491 391 886 875 1072
938 616 689 1378 384 1401 477 239 1281 512 1602 726 1406 1156 841 507 629 900 1517 1509 853 389 1016 931 1024 231 485 1064 996 1324 585 447 853 909 895 427 549 793 0 560 506 1230 1532 1417 733 495 802 714 1382 141 801 1072 1602 942 782 980 196 931 1023 1738 903 993 169 1082 899 923 811 509 707 849 963 1524 975 1212 730 444 1348 1545
694 372 639 1200 200 1351 738 694 1285 462 1098 676 902 804 791 417 579 850 1013 1005 349 465 772 427 974 686 100 820 751 820 419 226 349 665 846 377 625 549 560 0 457 908 1028 1200 683 705 298 210 878 674 755 1022 1111 698 537 736 729 882 519 1234 659 749 702 838 849 910 653 459 481 800 702 1073 731 890 486 394 844 1041
1094 772 456 1145 281 1168 878 640 1682 89 1385 262 1189 1091 527 274 396 467 1300 1293 636 282 1172 714 791 632 381 1220 1152 1108 352 343 636 1065 617 194 316 949 506 457 0 1196 1316 1184 269 644 585 498 1165 621 340 839 1369 1098 938 1136 675 497 806 1522 1059 1149 648 1156 457 1310 1053 267 882 401 730 1291 1131 1177 886 87 1131 1328
318 765 830 939 1052 1189 1334 1364 1320 1201 837 1158 641 144 802 947 884 862 752 745 579 1269 985 569 985 1356 952 371 1012 559 948 1078 579 403 857 1059 1429 510 1230 908 1196 0 767 939 1085 1375 630 717 617 1344 1159 1033 850 959 777 997 1399 893 424 973 359 442 1371 179 881 1216 1045 1073 1080 954 607 812 992 89 877 1133 583 780
757 1152 950 515 1172 746 1639 1666 1713 1321 93 1278 306 663 922 1067 1004 981 357 550 699 1437 1518 689 889 1658 1072 921 1531 378 1068 1198 699 952 977 1179 1586 1059 1532 1028 1316 767 0 495 1205 1677 750 837 271 1646 1279 860 407 1478 1310 1516 1701 1013 544 229 797 991 1674 728 1001 1690 1433 1193 1383 1074 727 630 1511 749 1266 1253 255 337
929 1324 790 74 1191 305 1789 1551 1884 1190 465 1119 330 834 763 1060 845 822 205 245 871 1322 1689 860 448 1543 1243 1092 1703 422 1138 1254 871 1124 817 1048 1427 1230 1417 1200 1184 939 495 0 1046 1562 921 1008 438 1531 1120 419 211 1650 1481 1687 1586 853 715 601 969 1163 1559 900 842 1861 1604 1062 1554 915 886 220 1682 920 1437 1121 458 269
1040 999 332 1007 508 1030 1105 867 1909 260 1275 123 1079 981 309 376 279 249 1190 1183 738 396 1399 816 653 859 608 1221 1378 997 454 570 738 1253 399 364 431 1176 733 683 269 1085 1205 1046 0 759 687 600 1055 847 202 701 1231 1325 1164 1363 902 279 696 1411 1080 1292 875 1046 239 1537 1280 256 1108 183 592 1153 1358 1067 1113 328 1021 1218
1083 761 834 1523 529 1546 867 629 1671 636 1747 752 1550 1301 986 652 774 957 1662 1654 998 517 1161 1075 1169 621 630 1209 1141 1469 730 592 998 1054 1040 572 411 938 495 705 644 1375 1677 1562 759 0 947 859 1527 610 804 1217 1747 1087 927 1125 664 987 1168 1883 1048 1138 637 1227 947 1299 1042 654 871 891 1108 1669 1120 1357 875 589 1493 1690
584 543 643 922 442 1172 909 935 1456 591 820 680 623 525 619 337 583 678 734 727 70 707 943 148 802 928 342 766 923 542 338 468 71 798 673 449 867 720 802 298 585 630 750 921 687 947 0 107 600 916 759 850 833 869 709 907 971 709 241 956 624 837 943 591 698 1081 824 463 653 771 424 795 902 612 657 523 566 763
671 456 556 1009 354 1259 822 848 1368 503 907 592 710 612 706 249 495 765 821 814 157 619 855 235 889 840 254 853 835 629 250 380 158 749 760 362 779 632 714 210 498 717 837 1008 600 859 107 0 687 828 671 937 920 782 621 820 883 796 328 1043 711 832 856 678 765 993 736 375 565 716 511 882 814 699 569 435 652 849
607 1002 799 457 1022 688 1489 1515 1563 1171 289 1128 194 513 772 917 854 831 300 367 549 1287 1367 539 831 1508 922 770 1381 182 918 1048 549 802 827 1029 1436 909 1382 878 1165 617 271 438 1055 1527 600 687 0 1496 1129 802 349 1328 1160 1366 1551 863 394 425 647 841 1523 578 851 1539 1283 1043 1233 924 577 435 1361 599 1115 1103 60 279
1052 731 803 1492 499 1515 489 254 1293 626 1716 840 1520 1270 955 621 743 1014 1631 1624 967 504 1105 1045 1138 167 599 1178 1044 1438 699 561 967 1024 1010 541 663 908 141 674 621 1344 1646 1531 847 610 916 828 1496 0 915 1186 1716 991 896 1029 95 1046 1137 1852 1017 1107 67 1196 1013 935 824 623 719 964 1078 1638 1024 1326 844 558 1462 1659
1113 1067 408 1080 579 1103 1173 935 1977 332 1349 106 1152 1054 383 448 393 322 1263 1256 810 441 1467 888 726 927 680 1295 1446 1071 526 642 810 1326 472 436 476 1244 801 755 340 1159 1279 1120 202 804 759 671 1129 915 0 774 1305 1393 1232 1431 970 292 769 1485 1153 1366 943 1120 315 1605 1348 328 1176 258 666 1227 1426 1140 1181 400 1094 1291
988 1338 445 379 846 402 1444 1205 1979 845 829 774 694 929 418 715 499 477 570 610 799 977 1738 789 102 1198 947 1169 1717 786 793 909 799 1201 472 703 1082 1305 1072 1022 839 1033 860 419 701 1217 850 937 802 1186 774 0 604 1664 1503 1702 1241 508 644 965 1028 1240 1213 994 497 1875 1619 717 1447 570 540 526 1697 1015 1451 776 823 633
840 1235 975 259 1255 490 1722 1736 1796 1375 376 1304 241 745 948 1149 1030 1007 201 393 782 1507 1600 772 633 1728 1154 1003 1614 415 1151 1281 782 1035 1002 1233 1612 1142 1602 1111 1369 850 407 211 1231 1747 833 920 349 1716 1305 604 0 1561 1392 1599 1771 1038 627 512 880 1074 1744 811 1027 1772 1516 1247 1465 1100 810 405 1594 832 1348 1306 369 126
794 352 1281 1650 842 1900 546 812 960 1104 1548 1318 1352 884 1433 989 1221 1492 1463 1455 920 982 236 998 1616 853 742 744 82 1270 990 868 920 589 1487 1019 1141 473 942 698 1098 959 1478 1650 1325 1087 869 782 1328 991 1393 1664 1561 0 212 67 1019 1523 1090 1684 759 673 964 811 1491 333 209 1101 519 1442 1273 1523 62 941 238 1036 1294 1491
612 191 1120 1482 681 1732 636 901 1050 943 1380 1157 1183 703 1272 828 1060 1331 1294 1287 759 821 326 837 1455 908 581 562 265 1102 829 707 759 407 1327 858 980 291 782 537 938 777 1310 1481 1164 927 709 621 1160 896 1232 1503 1392 212 0 250 950 1363 929 1516 577 491 923 629 1330 516 298 940 609 1281 1112 1354 245 759 131 875 1125 1322
832 389 1319 1688 880 1938 584 849 998 1142 1586 1356 1389 922 1471 1027 1259 1530 1500 1493 958 1019 274 1036 1654 891 780 781 83 1308 1028 906 958 627 1525 1057 1179 511 980 736 1136 997 1516 1687 1363 1125 907 820 1366 1029 1431 1702 1599 67 250 0 1057 1561 1128 1722 796 710 1001 848 1529 295 246 1139 557 1479 1311 1561 63 978 276 1073 1332 1529
1107 785 858 1546 553 1569 517 282 1322 681 1771 895 1574 1324 1010 676 798 1069 1685 1678 1021 558 1133 1099 1193 195 654 1233 1072 1493 754 615 1022 1078 1064 596 718 962 196 729 675 1399 1701 1586 902 664 971 883 1551 95 970 1241 1771 1019 950 1057 0 1100 1192 1907 1072 1162 96 1251 1068 963 852 678 747 1018 1132 1693 1052 1381 899 612 1517 1713
847 1197 305 814 706 837 1303 1065 1838 489 1083 352 886 788 117 574 359 56 997 990 659 625 1597 648 460 1057 806 1029 1577 805 652 768 659 1060 206 562 660 1164 931 882 497 893 1013 853 279 987 709 796 863 1046 292 508 1038 1523 1363 1561 1100 0 503 1219 887 1100 1073 853 75 1735 1478 485 1307 148 400 961 1556 874 1311 557 828 1025
378 764 440 716 663 966 1130 1156 1370 812 614 769 417 319 413 557 494 472 529 521 190 928 1139 180 596 1149 562 560 1143 336 559 689 190 592 467 670 1077 696 1023 519 806 424 544 715 696 1168 241 328 394 1137 769 644 627 1090 929 1128 1192 503 0 750 419 631 1164 385 492 1302 1045 684 873 565 218 589 1123 406 878 743 360 557
963 1358 1156 620 1378 851 1845 1872 1919 1527 176 1484 412 869 1128 1273 1210 1188 463 655 905 1643 1724 895 994 1864 1278 1127 1737 584 1274 1404 905 1158 1183 1385 1792 1265 1738 1234 1522 973 229 601 1411 1883 956 1043 425 1852 1485 965 512 1684 1516 1722 1907 1219 750 0 1003 1197 1880 934 1207 1896 1639 1399 1589 1280 933 767 1717 955 1472 1459 461 442
115 516 824 969 802 1219 1007 1036 1438 1065 867 1153 671 284 797 941 878 856 782 775 574 942 785 563 980 1029 702 297 812 589 942 829 574 296 851 980 1102 309 903 659 1059 359 797 969 1080 1048 624 711 647 1017 1153 1028 880 759 577 796 1072 887 419 1003 0 368 1044 212 876 1016 797 1062 753 949 602 842 791 340 630 996 613 810
328 479 1036 1163 892 1413 1096 1126 1510 1155 1061 1365 865 367 1009 1039 1091 1068 976 969 786 1032 699 776 1192 1119 792 100 726 783 1040 919 786 173 1064 1070 1192 223 993 749 1149 442 991 1163 1292 1138 837 832 841 1107 1366 1240 1074 673 491 710 1162 1100 631 1197 368 0 1134 294 1088 930 759 1152 843 1161 814 1036 705 424 591 1086 807 1004
1080 758 831 1519 526 1542 462 227 1266 654 1743 868 1547 1297 983 649 770 1042 1658 1651 994 531 1078 1072 1165 140 626 1205 1017 1466 727 588 994 1051 1037 568 691 935 169 702 648 1371 1674 1559 875 637 943 856 1523 67 943 1213 1744 964 923 1001 96 1073 1164 1880 1044 1134 0 1223 1040 908 796 651 692 991 1105 1666 996 1353 871 585 1489 1686
172 616 790 900 981 1150 1186 1215 1281 1162 798 1119 602 104 763 908 845 822 713 705 540 1121 837 530 946 1208 881 223 864 520 909 1007 540 254 817 1020 1280 361 1082 838 1156 179 728 900 1046 1227 591 678 578 1196 1120 994 811 811 629 848 1251 853 385 934 212 294 1223 0 842 1068 896 1034 932 915 568 773 843 160 729 1094 544 741
836 1165 272 803 673 826 1271 1032 1827 449 1071 312 875 777 105 542 326 45 986 979 647 585 1565 637 449 1025 774 1017 1544 793 620 736 647 1049 194 530 619 1153 899 849 457 881 1001 842 239 947 698 765 851 1013 315 497 1027 1491 1330 1529 1068 75 492 1207 876 1088 1040 842 0 1702 1446 444 1274 107 388 949 1524 863 1278 517 817 1014
1051 567 1493 1862 1053 2112 491 756 889 1316 1760 1530 1563 1142 1645 1200 1433 1704 1674 1667 1132 1193 294 1210 1827 797 953 1001 280 1482 1201 1080 1132 847 1699 1231 1353 730 923 910 1310 1216 1690 1861 1537 1299 1081 993 1539 935 1605 1875 1772 333 516 295 963 1735 1302 1896 1016 930 908 1068 1702 0 286 1313 463 1653 1485 1734 301 1198 454 1247 1505 1702
832 306 1236 1605 797 1855 379 644 777 1059 1503 1273 1306 970 1388 943 1176 1447 1417 1410 875 936 323 953 1571 685 697 829 262 1225 945 823 875 675 1442 974 1096 559 811 653 1053 1045 1433 1604 1280 1042 824 736 1283 824 1348 1619 1516 209 298 246 852 1478 1045 1639 797 759 796 896 1446 286 0 1056 352 1396 1228 1478 241 1026 193 990 1249 1446
1028 775 334 1022 283 1045 881 643 1685 258 1263 249 1067 969 486 152 274 455 1178 1171 514 394 1175 592 669 635 384 1209 1154 985 230 346 514 1068 540 140 429 952 509 459 267 1073 1193 1062 256 654 463 375 1043 623 328 717 1247 1101 940 1139 678 485 684 1399 1062 1152 651 1034 444 1313 1056 0 884 388 608 1169 1134 1055 889 213 1009 1206
789 467 1064 1555 625 1776 275 540 822 887 1453 1101 1256 1006 1216 772 1004 1275 1367 1360 703 765 633 781 1399 581 525 914 572 1175 773 651 703 760 1271 802 924 644 707 481 882 1080 1383 1554 1108 871 653 565 1233 719 1176 1447 1465 519 609 557 747 1307 873 1589 753 843 692 932 1274 463 352 884 0 1225 1057 1427 552 1062 503 819 1198 1395
908 1116 250 875 624 898 1221 983 1900 392 1144 255 947 849 178 492 277 118 1059 1051 720 528 1515 710 521 975 724 1090 1495 866 570 686 720 1122 267 480 563 1226 849 800 401 954 1074 915 183 891 771 716 924 964 258 570 1100 1442 1281 1479 1018 148 565 1280 949 1161 991 915 107 1653 1396 388 1225 0 461 1022 1474 936 1229 460 890 1087
562 947 337 846 738 869 1313 1097 1553 736 797 665 601 503 309 606 391 369 712 704 373 868 1322 363 492 1089 746 743 1326 519 684 800 373 775 364 594 973 879 963 702 730 607 727 886 592 1108 424 511 577 1078 666 540 810 1273 1112 1311 1132 400 218 933 602 814 1105 568 388 1485 1228 608 1057 461 0 772 1306 589 1061 668 543 740
802 1197 897 161 1217 412 1684 1658 1758 1297 631 1226 459 707 870 1111 952 929 328 234 744 1429 1562 734 555 1650 1116 965 1576 295 1113 1243 744 997 925 1155 1534 1104 1524 1073 1291 812 630 220 1153 1669 795 882 435 1638 1227 526 405 1523 1354 1561 1693 961 589 767 842 1036 1666 773 949 1734 1478 1169 1427 1022 772 0 1556 794 1310 1228 401 435
827 384 1314 1683 875 1933 579 844 993 1137 1581 1351 1384 917 1466 1021 1254 1525 1495 1488 953 1014 269 1031 1649 885 774 776 78 1303 1023 901 953 622 1520 1052 1174 506 975 731 1131 992 1511 1682 1358 1120 902 814 1361 1024 1426 1697 1594 62 245 63 1052 1556 1123 1717 791 705 996 843 1524 301 241 1134 552 1474 1306 1556 0 973 271 1068 1326 1523
300 746 811 921 1034 1171 1316 1345 1302 1183 819 1140 623 125 784 928 865 843 734 726 561 1251 967 551 967 1338 933 353 994 541 930 1060 561 384 838 1041 1410 491 1212 890 1177 89 749 920 1067 1357 612 699 599 1326 1140 1015 832 941 759 978 1381 874 406 955 340 424 1353 160 863 1198 1026 1055 1062 936 589 794 973 0 859 1114 565 762
665 139 1069 1438 629 1687 531 796 944 892 1335 1106 1139 803 1221 776 1009 1280 1250 1243 708 769 352 785 1403 837 529 662 291 1058 777 656 708 508 1275 807 929 391 730 486 886 877 1266 1437 1113 875 657 569 1115 844 1181 1451 1348 238 131 276 899 1311 878 1472 630 591 871 729 1278 454 193 889 503 1229 1061 1310 271 859 0 823 1081 1278
1031 710 393 1082 218 1105 815 577 1620 92 1323 321 1126 1028 545 211 333 527 1237 1230 573 341 1109 651 728 570 318 1157 1089 1045 289 280 573 1003 600 131 376 886 444 394 87 1133 1253 1121 328 589 523 435 1103 558 400 776 1306 1036 875 1073 612 557 743 1459 996 1086 585 1094 517 1247 990 213 819 460 668 1228 1068 1114 823 0 1068 1265
573 968 765 478 988 709 1455 1481 1529 1137 325 1094 160 478 738 882 819 797 320 333 515 1253 1333 504 852 1474 887 736 1347 148 884 1014 515 768 792 995 1402 875 1348 844 1131 583 255 458 1021 1493 566 652 60 1462 1094 823 369 1294 1125 1332 1517 828 360 461 613 807 1489 544 817 1505 1249 1009 1198 890 543 401 1326 565 1081 1068 0 299
770 1165 962 289 1185 519 1652 1678 1726 1334 306 1291 171 675 935 1079 1016 994 131 323 712 1450 1530 701 662 1671 1084 933 1544 345 1081 1211 712 965 989 1192 1599 1072 1545 1041 1328 780 337 269 1218 1690 763 849 279 1659 1291 633 126 1491 1322 1529 1713 1025 557 442 810 1004 1686 741 1014 1702 1446 1206 1395 1087 740 435 1523 762 1278 1265 299 0
EOF