NAME : tsp_problem
TYPE : TSP
DIMENSION : 26
EDGE_WEIGHT_TYPE : EXPLICIT
EDGE_WEIGHT_FORMAT : FULL_MATRIX
EDGE_WEIGHT_SECTION
0 906 1817 1081 1194 810 1531 1526 414 1221 731 599 970 1359 253 1547 1614 4014 1121 1441 1030 1326 615 219 565 1131
900 0 1827 1638 1751 1417 1193 1189 1143 693 1371 1156 1754 1393 832 1558 1624 4024 1093 1813 1002 1298 1182 918 1350 1141
1825 1853 0 1867 1980 1556 1875 1918 1806 1715 1633 2093 1086 1304 1879 1040 892 2624 862 849 1171 1212 2013 1742 1475 938
1081 1644 1867 0 221 334 2379 2375 878 2037 467 781 819 1746 898 2196 1566 4362 1943 1290 1878 2174 918 1160 847 1878
1194 1757 1980 221 0 447 2492 2488 991 2150 580 894 932 1859 1011 2309 1679 4475 2056 1403 1991 2287 1031 1273 960 1991
810 1424 1556 334 447 0 2125 2120 599 1815 182 560 508 1435 678 1884 1254 4051 1632 979 1624 1920 697 876 536 1566
1533 1195 1867 2382 2495 2127 0 80 1731 764 2048 1900 2168 1589 1576 1289 1672 3488 1044 1861 846 839 1926 1451 1882 1319
1529 1191 1910 2377 2490 2123 80 0 1726 760 2043 1896 2211 1612 1572 1332 1715 3531 1087 1904 889 882 1922 1446 1877 1345
414 1150 1806 878 991 599 1729 1724 0 1419 520 433 759 1557 381 1745 1505 4212 1319 1230 1227 1523 230 479 354 1328
1211 672 1713 2037 2150 1805 765 761 1408 0 1725 1556 1964 1294 1232 1443 1509 3910 979 1699 888 1184 1582 1128 1559 1027
731 1378 1633 467 580 182 2045 2041 520 1735 0 514 585 1512 632 1961 1332 4128 1635 1056 1544 1840 651 796 477 1644
599 1163 2093 781 894 560 1898 1893 433 1556 514 0 1046 1759 452 1948 1792 4414 1488 1517 1397 1693 472 791 763 1531
970 1761 1086 819 932 508 2176 2219 759 1974 585 1046 0 966 1036 1415 785 3582 1162 510 1472 1513 965 1035 427 1097
1359 1400 1304 1746 1859 1435 1589 1594 1557 1288 1512 1759 966 0 1413 1054 591 3521 671 805 771 1021 1763 1276 1354 404
253 839 1871 898 1011 678 1574 1569 381 1232 632 452 1036 1413 0 1602 1668 4068 1164 1507 1073 1369 420 445 631 1185
1560 1588 1040 2222 2335 1911 1282 1325 1758 1450 1988 1960 1442 1067 1614 0 951 2686 597 1140 766 671 1964 1477 1830 701
1614 1642 892 1566 1679 1254 1672 1715 1505 1504 1332 1792 785 591 1668 924 0 3391 658 605 968 1009 1712 1531 1174 592
4162 4191 2759 4497 4610 4186 3612 3655 4360 4052 4263 4562 3717 3669 4217 2821 3553 0 3199 3509 3368 3273 4566 4079 4105 3303
1133 1112 854 1935 2048 1624 1044 1087 1330 973 1647 1499 1154 671 1175 584 658 3051 0 847 345 381 1525 1050 1481 305
1441 1831 849 1290 1403 979 1861 1904 1230 1693 1056 1517 510 805 1507 1114 605 3374 847 0 1157 1198 1436 1506 898 781
1041 1020 1163 1890 2003 1635 846 889 1239 882 1556 1408 1464 771 1084 774 968 3241 345 1157 0 323 1434 959 1390 504
1337 1316 1204 2186 2299 1931 839 882 1535 1178 1852 1704 1505 1021 1380 678 1009 3145 381 1198 323 0 1730 1255 1686 656
615 1189 2013 918 1031 697 1924 1919 230 1582 651 472 965 1763 420 1951 1712 4418 1514 1436 1423 1719 0 686 560 1535
219 925 1734 1160 1273 876 1448 1444 479 1138 796 791 1035 1276 445 1465 1531 3931 1038 1506 947 1243 686 0 630 1048
565 1356 1475 847 960 536 1879 1875 354 1569 477 763 427 1354 631 1804 1174 3970 1469 898 1378 1674 560 630 0 1479
1131 1159 938 1878 1991 1566 1319 1327 1328 1021 1644 1531 1097 404 1185 688 592 3155 305 781 504 656 1535 1048 1479 0
EOF