NAME : tsp_problem
TYPE : TSP
DIMENSION : 56
EDGE_WEIGHT_TYPE : EXPLICIT
EDGE_WEIGHT_FORMAT : FULL_MATRIX
EDGE_WEIGHT_SECTION
0 564 51 368 415 579 1021 320 826 104 405 580 369 795 195 1050 633 490 314 826 435 997 714 375 332 272 632 56 1648 677 396 321 50 653 777 522 525 348 1495 1670 132 692 481 1503 510 340 651 467 187 421 1221 1738 628 507 672 908
564 0 570 660 173 564 949 274 1208 489 787 508 666 429 694 979 283 331 606 754 362 925 369 225 692 676 152 582 1922 392 193 613 533 1035 427 513 270 640 1424 1826 652 383 322 1432 80 248 580 344 611 165 1603 2040 461 289 398 836
51 570 0 375 422 585 1028 327 833 111 412 586 376 802 202 1057 639 497 320 833 442 1004 721 381 338 279 638 53 1655 684 403 328 57 659 783 529 532 355 1502 1677 139 698 488 1510 517 347 658 473 193 428 1227 1744 635 514 678 915
368 660 375 0 517 467 909 506 585 330 164 468 45 897 225 939 521 379 84 714 324 885 602 477 70 143 600 386 1407 566 499 76 363 412 665 410 414 49 1254 1429 261 580 369 1386 613 480 540 355 207 523 980 1497 517 395 560 797
415 173 422 517 0 426 869 125 1065 340 645 427 524 404 545 898 424 316 463 674 213 845 510 76 549 528 241 433 1842 525 45 471 384 892 568 370 351 498 1344 1746 503 524 307 1351 120 99 499 303 468 50 1460 1960 476 333 519 756
579 564 585 467 426 0 538 415 1015 630 594 97 473 807 551 568 390 288 413 344 233 515 232 386 499 573 504 597 1511 195 408 420 585 842 534 123 323 447 1014 1415 471 209 279 1021 522 389 169 264 418 432 1410 1630 146 305 189 426
1021 949 1028 909 869 538 0 858 1066 1072 1036 477 916 1249 993 323 776 730 855 231 675 49 617 828 941 1015 889 1039 1144 580 850 862 1027 1284 920 540 765 890 646 1048 914 595 721 654 964 831 455 706 860 875 1171 1262 531 747 575 192
320 274 327 506 125 415 858 0 986 245 565 416 513 506 450 887 447 305 452 663 202 834 534 85 492 433 342 338 1808 514 107 460 289 813 592 359 340 487 1333 1734 408 529 296 1340 221 88 488 292 457 131 1381 1898 465 322 508 745
826 1208 833 585 1065 1015 1066 986 0 771 500 1016 569 1445 666 1218 1069 927 632 1125 872 1042 1150 1025 532 584 1148 844 847 1114 1047 624 804 270 1213 958 962 597 694 869 734 1128 917 825 1161 1007 1088 903 755 1071 419 936 1065 943 1108 1107
104 489 111 330 340 630 1072 245 771 0 350 631 314 720 235 1102 662 520 374 878 417 1048 748 300 276 217 557 123 1593 729 322 369 74 597 806 573 555 341 1440 1615 193 743 511 1555 435 265 703 507 247 346 1165 1682 680 537 723 960
405 787 412 164 645 594 1036 565 500 350 0 595 148 1025 246 1066 648 506 212 842 451 1013 730 604 111 163 727 423 1323 693 626 204 383 327 792 538 541 176 1170 1345 314 707 497 1301 740 586 667 482 335 651 895 1412 644 523 687 924
580 508 586 468 427 97 477 416 1016 631 595 0 474 808 552 506 334 289 414 282 234 453 176 387 500 574 448 598 1450 139 409 421 586 843 478 99 324 448 952 1354 472 154 280 959 523 390 107 265 419 433 1411 1568 90 306 133 364
369 666 376 45 524 473 916 513 569 314 148 474 0 904 209 945 527 385 91 721 330 892 609 483 75 127 606 387 1391 572 505 83 347 396 671 417 420 55 1238 1413 267 587 376 1370 619 486 546 361 214 530 964 1480 523 402 566 803
795 429 802 897 404 807 1249 506 1445 720 1025 808 904 0 925 1278 680 696 843 1054 593 1225 766 456 929 908 497 813 2222 789 425 851 764 1272 824 750 667 878 1724 2126 883 780 687 1731 375 479 879 684 848 397 1840 2340 856 686 795 1136
195 694 202 225 545 551 993 450 666 235 246 552 209 925 0 1022 604 462 273 798 407 969 686 505 172 113 684 214 1489 649 527 265 202 493 748 494 497 237 1336 1511 104 664 453 1467 640 471 623 439 159 551 1061 1578 600 479 644 880
1228 1157 1235 1117 1076 746 501 1065 1396 1280 1244 684 1123 1456 1200 0 983 937 1062 545 882 478 825 1036 1148 1222 1097 1247 1474 788 1058 1070 1235 1491 1127 748 973 1097 977 1378 1121 802 928 984 1172 1039 663 914 1068 1082 1501 1592 739 954 782 543
633 283 639 521 424 390 776 469 1069 684 648 334 527 680 604 805 0 192 467 581 287 752 195 440 553 627 223 651 1748 218 445 474 639 896 253 374 131 501 1251 1652 525 209 183 1258 331 443 406 205 472 416 1464 1867 288 149 224 663
490 331 497 379 338 288 730 327 927 542 506 289 385 718 462 760 192 0 324 535 144 706 278 298 410 484 271 509 1703 301 320 332 497 753 336 231 85 359 1205 1607 383 292 41 1212 380 301 361 63 329 344 1321 1821 338 67 307 617
314 606 320 84 463 413 855 452 632 374 212 414 91 843 273 885 467 324 0 660 269 831 548 423 116 190 546 332 1455 511 445 122 320 459 611 356 359 95 1302 1477 207 526 315 1337 558 426 486 301 153 469 1027 1544 462 341 506 742
826 754 833 714 674 344 231 663 1125 878 842 282 721 1054 798 367 581 535 660 0 480 207 423 634 746 820 694 844 1204 386 656 668 832 1089 725 346 570 695 706 1108 719 400 526 713 769 637 261 512 665 680 1230 1322 337 552 380 118
435 362 442 324 213 233 675 202 872 417 451 234 330 593 407 705 287 144 269 480 0 651 368 173 355 429 366 453 1648 331 195 277 441 698 431 176 180 304 1150 1552 328 346 135 1157 309 176 306 121 274 219 1266 1766 283 161 326 562
997 925 1004 885 845 515 49 834 1042 1048 1013 453 892 1225 969 300 752 706 831 207 651 0 593 805 917 991 865 1015 1120 557 826 839 1003 1260 896 516 741 866 623 1024 890 571 697 630 940 808 431 683 836 851 1147 1238 508 723 551 168
714 369 721 602 510 232 617 551 1150 766 730 176 609 766 686 647 195 278 548 423 368 593 0 522 634 708 309 732 1590 178 531 556 720 977 339 234 217 583 1093 1494 607 193 269 1100 418 525 248 291 553 503 1545 1708 129 236 172 505
375 225 381 477 76 386 828 85 1025 300 604 387 483 456 505 858 418 276 423 634 173 805 504 0 509 487 293 393 1801 485 58 430 344 852 562 330 311 457 1304 1705 463 499 267 1311 172 59 459 263 428 82 1420 1919 436 293 479 716
332 692 338 70 549 499 941 492 532 276 111 500 75 929 172 971 553 410 116 746 355 917 634 509 0 89 632 350 1354 597 531 108 310 358 697 442 445 81 1201 1376 240 612 401 1333 645 512 572 387 239 555 926 1443 549 427 592 828
272 676 279 143 528 573 1015 433 584 217 163 574 127 908 113 1044 627 484 190 820 429 991 708 487 89 0 706 291 1406 671 509 182 250 410 771 516 519 154 1253 1428 181 686 475 1385 623 453 645 461 235 534 978 1495 622 501 666 902
632 152 638 600 241 504 889 342 1148 557 727 448 606 497 684 919 223 271 546 694 366 865 309 293 632 706 0 650 1862 332 261 553 601 975 367 453 210 580 1364 1766 604 323 262 1372 148 316 520 284 551 233 1543 1980 401 229 338 776
56 582 53 386 433 597 1039 338 844 123 423 598 387 813 214 1069 651 509 332 844 453 1015 732 393 350 291 650 0 1667 696 415 340 68 671 795 540 544 367 1513 1689 150 710 499 1522 529 359 670 485 205 439 1239 1756 647 525 690 926
1648 1922 1655 1407 1842 1511 1144 1808 847 1593 1323 1450 1391 2222 1489 1296 1748 1703 1455 1204 1648 1120 1590 1801 1354 1406 1862 1667 0 1553 1823 1447 1626 1093 1892 1513 1738 1419 896 108 1557 1568 1694 541 1937 1804 1428 1679 1578 1848 469 365 1504 1720 1548 1186
677 392 684 566 525 195 580 514 1114 729 693 139 572 789 649 610 218 301 511 386 331 557 178 485 597 671 332 696 1553 0 507 519 684 940 362 197 240 546 1056 1457 570 156 293 1063 441 488 211 315 516 526 1508 1671 92 259 136 468
396 193 403 499 45 408 850 107 1047 322 626 409 505 425 527 880 440 298 445 656 195 826 526 58 531 509 261 415 1823 507 0 452 366 874 584 351 333 479 1326 1727 485 521 289 1333 140 81 481 285 450 51 1442 1941 458 315 501 738
321 613 328 76 471 420 862 460 624 369 204 421 83 851 265 892 474 332 122 668 277 839 556 430 108 182 553 340 1447 519 452 0 328 451 618 364 367 87 1294 1469 214 533 323 1345 566 433 493 308 161 477 1019 1536 470 349 513 750
50 533 57 363 384 585 1027 289 804 74 383 586 347 764 202 1057 639 497 320 832 441 1003 720 344 310 250 601 68 1626 684 366 328 0 631 783 528 532 355 1473 1648 138 698 487 1510 480 310 658 473 193 390 1199 1715 635 513 678 914
653 1035 659 412 892 842 1284 813 270 597 327 843 396 1272 493 1313 896 753 459 1089 698 1260 977 852 358 410 975 671 1093 940 874 451 631 0 1040 785 788 423 940 1115 561 955 744 1071 987 833 915 730 582 898 665 1182 891 770 935 1171
777 427 783 665 568 534 920 613 1213 828 792 478 671 824 748 949 253 336 611 725 431 896 339 584 697 771 367 795 1892 362 589 618 783 1040 0 518 275 645 1395 1796 669 353 327 1402 475 587 550 349 616 560 1608 2011 432 293 368 807
522 513 529 410 370 123 540 359 958 573 538 99 417 750 494 570 374 231 356 346 176 516 234 330 442 516 453 540 1513 197 351 364 528 785 518 0 266 391 1016 1417 415 211 222 1023 465 333 171 208 361 376 1353 1631 148 248 191 428
525 270 532 414 373 323 765 362 962 577 541 324 420 667 497 795 131 85 359 570 180 741 217 333 445 519 210 544 1738 240 355 367 532 788 275 266 0 394 1240 1642 418 231 76 1248 319 336 396 98 365 379 1356 1856 310 87 246 653
348 640 355 49 498 447 890 487 597 341 176 448 55 878 237 919 501 359 95 695 304 866 583 457 81 154 580 367 1419 546 479 87 355 423 645 391 394 0 1266 1441 241 560 350 1372 593 460 520 335 188 504 991 1508 497 376 540 777
1495 1424 1502 1254 1344 1014 646 1333 694 1440 1170 952 1238 1724 1336 799 1251 1205 1302 706 1150 623 1093 1304 1201 1253 1364 1513 896 1056 1326 1294 1473 940 1395 1016 1240 1266 0 800 1389 1070 1196 406 1439 1307 930 1182 1335 1350 923 1015 1007 1222 1050 688
1670 1826 1677 1429 1746 1415 1048 1734 869 1615 1345 1354 1413 2126 1511 1200 1652 1607 1477 1108 1552 1024 1494 1705 1376 1428 1766 1689 108 1457 1727 1469 1648 1115 1796 1417 1642 1441 800 0 1579 1472 1598 445 1841 1708 1332 1583 1600 1752 491 451 1408 1624 1451 1090
132 652 139 261 503 471 914 408 734 193 314 472 267 883 104 943 525 383 207 719 328 890 607 463 240 181 604 150 1557 570 485 214 138 561 669 415 418 241 1389 1579 0 584 374 1396 599 429 544 359 79 509 1129 1646 521 400 564 801
692 383 698 580 524 209 595 529 1128 743 707 154 587 780 664 624 209 292 526 400 346 571 193 499 612 686 323 710 1568 156 521 533 698 955 353 211 231 560 1070 1472 584 0 283 1077 431 502 225 305 531 516 1523 1686 107 249 150 482
481 322 488 369 329 279 721 318 917 533 497 280 376 709 453 750 183 41 315 526 135 697 269 289 401 475 262 499 1694 293 311 323 487 744 327 222 76 350 1196 1598 374 283 0 1203 371 292 351 54 320 335 1312 1812 328 58 298 608
1503 1432 1510 1386 1351 1021 654 1340 825 1555 1301 959 1370 1731 1467 806 1258 1212 1337 713 1157 630 1100 1311 1333 1385 1372 1522 541 1063 1333 1345 1510 1071 1402 1023 1248 1372 406 445 1396 1077 1203 0 1447 1314 938 1189 1342 1357 811 884 1014 1229 1057 695
510 80 517 613 120 522 964 221 1161 435 740 523 619 375 640 994 331 380 558 769 309 940 418 172 645 623 148 529 1937 441 140 566 480 987 475 465 319 593 1439 1841 599 431 371 1447 0 195 595 393 564 112 1555 2055 510 337 446 852
340 248 347 480 99 389 831 88 1007 265 586 390 486 479 471 861 421 279 426 637 176 808 508 59 512 453 316 359 1804 488 81 433 310 833 565 333 314 460 1307 1708 429 502 270 1314 195 0 462 266 431 105 1401 1918 439 296 482 719
651 580 658 540 499 169 455 488 1088 703 667 107 546 879 623 485 406 361 486 261 306 431 248 459 572 645 520 670 1428 211 481 493 658 915 550 171 396 520 930 1332 544 225 351 938 595 462 0 337 491 505 1455 1546 162 377 205 343
467 344 473 355 314 264 706 303 903 518 482 265 361 695 439 736 205 63 301 512 121 683 291 274 387 461 284 485 1679 315 296 308 473 730 349 208 98 335 1182 1583 359 305 54 1189 393 277 337 0 306 320 1298 1797 314 80 320 594
187 611 193 207 468 418 860 457 755 247 335 419 214 848 159 890 472 329 153 665 274 836 553 428 239 235 551 205 1578 516 450 161 193 582 616 361 365 188 1335 1600 79 531 320 1342 564 431 491 306 0 474 1150 1667 468 346 511 747
421 165 428 523 50 432 875 131 1071 346 651 433 530 397 551 904 416 322 469 680 219 851 503 82 555 534 233 439 1848 526 51 477 390 898 560 376 357 504 1350 1752 509 516 313 1357 112 105 505 310 474 0 1466 1966 482 339 525 762
1221 1603 1227 980 1460 1410 1171 1381 419 1165 895 1411 964 1840 1061 1323 1464 1321 1027 1230 1266 1147 1545 1420 926 978 1543 1239 469 1508 1442 1019 1199 665 1608 1353 1356 991 923 491 1129 1523 1312 811 1555 1401 1455 1298 1150 1466 0 558 1459 1338 1503 1212
1738 2040 1744 1497 1960 1630 1262 1898 936 1682 1412 1568 1480 2340 1578 1415 1867 1821 1544 1322 1766 1238 1708 1919 1443 1495 1980 1756 365 1671 1941 1536 1715 1182 2011 1631 1856 1508 1015 451 1646 1686 1812 884 2055 1918 1546 1797 1667 1966 558 0 1623 1838 1666 1304
628 461 635 517 476 146 531 465 1065 680 644 90 523 856 600 561 288 338 462 337 283 508 129 436 549 622 401 647 1504 92 458 470 635 891 432 148 310 497 1007 1408 521 107 328 1014 510 439 162 314 468 482 1459 1623 0 328 87 419
507 289 514 395 355 305 747 344 943 558 523 306 402 686 479 776 149 67 341 552 161 723 236 315 427 501 229 525 1720 259 336 349 513 770 293 248 87 376 1222 1624 400 249 58 1229 337 318 377 80 346 361 1338 1838 328 0 264 634
672 398 678 560 519 189 575 508 1108 723 687 133 566 795 644 604 224 307 506 380 326 551 172 479 592 666 338 690 1548 136 501 513 678 935 368 191 246 540 1050 1451 564 150 298 1057 446 482 205 320 511 525 1503 1666 87 264 0 462
908 836 915 797 756 426 192 745 1107 960 924 364 803 1136 880 365 663 617 742 118 562 168 505 716 828 902 776 926 1186 468 738 750 914 1171 807 428 653 777 688 1090 801 482 608 695 852 719 343 594 747 762 1212 1304 419 634 462 0
EOF