NAME : tsp_problem
TYPE : TSP
DIMENSION : 72
EDGE_WEIGHT_TYPE : EXPLICIT
EDGE_WEIGHT_FORMAT : FULL_MATRIX
EDGE_WEIGHT_SECTION
0 251 620 357 519 491 2078 2246 753 692 570 555 368 543 2294 553 732 546 860 1106 785 357 353 293 124 773 1780 636 881 782 460 540 447 396 715 617 378 565 663 575 693 928 705 449 466 546 507 622 540 264 780 534 612 333 767 735 699 725 1557 1505 260 419 715 683 857 583 980 992 681 775 760 390
251 0 500 236 398 370 1953 2122 633 571 348 333 247 353 2186 362 512 356 735 985 665 136 131 172 360 653 1752 515 760 657 238 420 327 275 594 395 156 343 542 454 573 803 483 328 346 425 285 400 376 389 660 413 491 213 646 611 578 600 1432 1397 140 298 595 562 736 462 859 868 561 655 639 269
620 500 0 368 143 157 1626 1766 363 91 673 658 283 487 1809 497 654 490 782 608 310 606 601 356 729 345 1375 122 383 704 628 109 202 248 336 720 626 668 585 328 314 850 808 442 478 356 555 720 473 758 326 456 291 345 352 658 198 647 1450 1020 384 431 336 82 359 320 483 915 80 262 347 255
357 236 368 0 267 239 1762 1931 438 440 413 399 116 228 1991 237 416 231 544 790 470 342 337 93 465 458 1557 384 565 466 368 289 195 144 400 460 363 408 347 260 378 612 549 134 151 231 296 466 224 494 465 219 296 82 451 420 384 409 1241 1202 121 104 400 431 541 267 665 677 429 523 444 138
519 398 143 267 0 56 1662 1801 399 214 639 624 181 453 1845 463 642 456 770 644 345 504 499 255 627 381 1411 158 419 692 594 63 101 146 432 686 525 634 573 451 438 838 774 359 376 456 521 691 450 656 362 444 414 243 387 645 321 635 1467 1056 282 329 431 205 395 443 518 902 204 298 383 153
491 370 157 239 56 0 1677 1816 413 229 611 596 161 426 1860 435 614 428 742 659 360 476 472 227 599 396 1425 173 434 664 566 78 80 126 446 658 497 606 545 457 452 810 747 331 348 428 494 663 422 628 377 416 429 216 402 618 336 607 1439 1071 255 301 446 220 410 458 533 875 218 312 397 133
2078 1953 1626 1762 1662 1677 0 415 1407 1593 1649 1768 1802 1694 1133 1703 1524 1696 1375 1057 1354 1843 1862 1814 2010 1390 1751 1528 1323 1322 1772 1628 1722 1767 1441 1830 1822 1635 1511 1580 1460 1201 1918 1648 1758 1609 1754 1590 1679 2215 1371 1583 1543 1784 1396 1428 1572 1417 873 645 1842 1711 1440 1600 1296 1572 1499 1147 1596 1639 1391 1774
2246 2122 1766 1931 1801 1816 415 0 1547 1732 1817 1936 1941 1862 871 1871 1692 1865 1543 1196 1494 2012 2030 1982 2149 1529 1890 1667 1462 1490 1940 1768 1861 1907 1580 1998 1990 1804 1680 1719 1600 1369 2087 1817 1927 1748 1923 1759 1848 2384 1510 1751 1683 1953 1535 1597 1712 1586 1041 784 2010 1880 1579 1739 1435 1712 1639 1315 1736 1778 1531 1914
753 633 363 438 399 413 1407 1547 0 313 555 540 512 369 1591 379 536 372 664 389 70 581 600 490 862 58 1156 264 164 586 510 365 458 504 70 602 560 550 467 210 90 732 690 324 434 238 437 602 355 891 65 338 173 460 51 540 202 529 1231 801 517 387 69 319 140 202 264 797 316 375 45 511
692 571 91 440 214 229 1593 1732 313 0 611 597 354 426 1776 435 593 428 720 575 276 637 656 428 800 312 1342 194 350 642 566 181 274 319 274 658 616 606 523 266 253 789 747 380 490 294 494 659 411 829 293 395 229 417 318 596 136 585 1416 987 456 443 275 36 326 258 449 853 33 333 313 326
570 348 673 435 660 633 1649 1817 555 611 0 163 509 217 2108 226 207 219 431 907 587 238 257 487 678 574 1674 772 682 353 166 682 589 537 516 224 217 100 291 376 495 499 313 321 431 347 149 157 239 707 582 335 413 457 568 307 500 296 1128 1319 458 384 517 618 658 384 781 563 614 883 561 532
555 333 658 421 646 618 1768 1936 540 597 163 0 495 203 2094 212 327 205 550 893 572 223 242 472 664 560 1660 757 668 472 152 668 575 523 502 97 202 158 410 362 480 618 185 306 416 333 134 215 225 693 567 321 399 443 554 426 486 415 1247 1305 444 369 502 603 644 370 767 682 600 868 547 517
368 247 283 116 181 161 1802 1941 512 354 488 473 0 302 1985 312 491 305 619 784 485 353 348 104 476 521 1551 298 559 541 443 203 206 155 474 535 374 483 422 334 452 687 623 208 225 305 370 540 299 505 502 293 371 92 526 494 458 484 1316 1196 132 178 474 345 535 342 658 751 344 438 519 149
565 353 487 250 475 447 1694 1862 369 426 217 203 324 0 1923 41 348 34 476 722 401 244 262 301 674 389 1489 587 497 398 172 497 404 352 331 264 222 212 279 191 310 544 353 136 246 162 100 269 54 703 396 150 228 272 383 351 315 341 1173 1134 329 199 331 432 473 199 596 608 429 697 376 347
2379 2271 1894 2076 1930 1944 1218 860 1675 1861 2193 2178 2070 2008 0 2017 2174 2010 2151 1324 1622 2219 2238 2128 2277 1657 2019 1795 1591 2098 2148 1896 1989 2035 1708 2240 2198 2188 2105 1848 1728 1977 2329 1962 2072 1876 2076 2241 1993 2529 1639 1976 1811 2098 1664 2178 1840 2167 1649 913 2155 2025 1708 1867 1564 1840 1767 1923 1864 1906 1659 2042
574 362 497 259 484 457 1703 1871 379 435 226 212 333 41 1932 0 357 43 485 731 411 253 271 311 683 398 1498 596 506 407 181 506 413 361 340 273 231 221 288 200 319 553 362 145 255 171 109 278 63 712 406 159 237 281 392 361 324 350 1182 1143 338 208 341 442 482 208 605 618 438 707 385 356
732 512 654 416 642 614 1524 1692 536 593 207 327 491 348 2090 357 0 351 306 888 568 402 421 468 840 556 1655 753 664 228 331 664 571 519 498 388 381 194 166 358 476 374 477 302 412 329 313 149 333 869 563 237 395 439 550 182 482 171 1003 1300 496 365 498 599 640 366 763 438 596 864 543 513
568 356 490 252 478 450 1696 1865 372 428 219 205 327 34 1926 43 351 0 479 724 404 246 265 304 676 392 1491 589 499 400 175 500 406 355 334 267 225 214 281 194 312 547 355 138 248 165 102 272 56 705 399 153 230 274 385 354 318 343 1175 1136 332 201 334 435 475 201 599 611 432 700 379 349
860 735 782 544 770 742 1375 1543 664 720 431 550 619 476 2066 485 306 479 0 1016 696 625 644 596 968 684 1783 881 791 104 554 792 699 647 626 612 604 417 294 486 604 225 700 430 540 457 536 372 461 997 691 365 522 566 678 210 610 199 854 1423 624 493 626 727 767 493 891 289 724 992 671 641
1106 985 608 790 644 659 1057 1196 389 575 907 893 784 722 1240 731 888 724 1016 0 336 933 952 842 1115 372 856 510 305 938 862 610 703 749 422 954 912 902 819 562 442 1084 1043 676 786 590 790 955 707 1243 353 691 525 812 378 892 554 881 880 450 869 739 422 581 278 554 481 1149 578 620 373 756
785 665 310 470 345 360 1354 1494 70 276 587 572 485 401 1537 411 568 404 696 336 0 613 632 521 894 73 1103 211 111 618 542 312 405 451 102 634 592 582 499 241 122 764 722 356 466 270 469 634 387 923 54 370 205 492 79 572 234 561 1178 748 549 419 101 283 87 234 210 828 280 322 75 458
357 136 606 342 504 476 1843 2012 581 637 238 223 353 244 2135 253 402 246 625 933 613 0 219 278 466 601 1700 621 709 547 128 526 433 381 543 285 179 233 485 403 521 693 374 347 452 374 175 290 266 495 608 362 439 319 595 501 527 490 1322 1345 246 405 543 644 684 411 808 758 641 761 588 376
353 131 601 337 499 472 1862 2030 600 656 257 242 348 262 2153 271 421 265 644 952 632 219 0 273 461 620 1719 616 727 566 147 521 428 376 562 304 197 252 504 422 540 712 392 366 447 393 194 309 284 490 627 381 458 314 613 520 546 509 1341 1364 241 400 562 663 703 429 827 777 660 756 606 371
293 172 356 93 255 227 1814 1982 490 428 465 450 104 279 2043 289 468 282 596 842 521 278 273 0 401 509 1609 372 617 518 381 277 184 132 451 512 299 460 399 311 430 664 600 185 202 282 348 517 276 430 516 270 348 70 503 472 435 461 1293 1254 57 155 452 419 593 319 716 728 417 511 496 126
124 360 729 465 627 599 2010 2149 862 800 678 664 476 652 2193 661 840 654 968 1115 894 466 461 401 0 882 1679 744 989 890 569 649 556 504 824 725 486 673 771 683 802 1036 814 557 575 655 616 730 648 373 889 642 720 442 875 844 808 833 1665 1403 369 528 824 791 965 691 1089 1101 790 870 868 499
773 653 345 458 381 396 1390 1529 58 312 574 560 521 389 1573 398 556 392 684 372 73 601 620 509 882 0 1138 247 147 606 530 347 441 486 90 622 580 569 487 229 110 752 710 344 454 258 457 622 375 911 85 358 193 480 71 559 222 549 1213 784 537 407 89 319 123 222 246 816 315 358 64 493
1780 1752 1375 1557 1411 1425 1751 1890 1156 1342 1674 1660 1551 1489 1934 1498 1655 1491 1783 856 1103 1700 1719 1609 1679 1138 0 1276 1072 1705 1629 1377 1470 1516 1189 1721 1679 1669 1586 1329 1209 1851 1810 1443 1553 1357 1557 1722 1474 2010 1120 1457 1292 1579 1145 1659 1321 1648 1574 1145 1636 1506 1189 1348 1045 1321 1248 1916 1345 1323 1140 1523
636 515 122 384 158 173 1528 1667 264 194 756 741 298 570 1711 580 753 573 881 510 211 621 616 372 744 247 1276 0 285 803 711 124 218 263 298 803 642 751 684 427 317 949 891 476 493 455 638 808 567 773 228 555 390 360 253 757 297 746 1351 922 400 446 297 185 261 419 384 1014 183 163 248 270
881 760 383 565 419 434 1323 1462 164 350 682 668 559 497 1506 506 664 499 791 305 111 709 727 617 989 147 1072 285 0 713 637 385 478 524 197 729 687 677 594 337 217 860 818 451 561 366 565 730 482 1018 128 466 300 587 153 667 329 656 1146 717 645 514 197 357 56 329 256 924 353 395 148 531
782 657 704 466 692 664 1322 1490 586 642 353 472 541 398 2013 407 228 400 104 938 618 547 566 518 890 606 1705 803 713 0 476 714 620 569 548 534 526 339 215 408 526 172 622 352 462 379 458 294 383 919 613 287 444 488 599 132 532 121 801 1350 546 415 548 649 689 415 813 236 646 914 593 563
460 238 628 390 607 579 1772 1940 510 566 166 152 456 172 2063 181 331 175 554 862 542 128 147 381 569 530 1629 724 637 476 0 629 536 484 472 214 107 161 414 331 450 622 302 276 386 303 104 219 194 598 537 290 368 412 523 430 456 419 1251 1274 349 339 472 573 613 339 737 686 570 838 516 478
540 420 109 289 63 78 1628 1768 365 181 660 646 203 475 1811 484 664 478 792 610 312 526 521 277 649 347 1377 124 385 714 616 0 122 168 398 708 547 655 594 417 404 860 796 381 398 446 543 713 471 678 329 466 381 265 354 667 288 656 1452 1022 304 351 397 172 361 410 485 924 170 264 349 175
447 327 202 195 101 80 1722 1861 458 274 567 553 206 382 1905 391 571 385 699 703 405 433 428 184 556 441 1470 218 478 620 522 122 0 171 491 614 453 562 501 414 497 767 703 288 305 385 450 620 378 585 422 373 450 172 447 574 381 563 1395 1115 211 258 491 265 454 421 578 831 263 357 442 178
396 275 248 144 146 126 1767 1907 504 319 516 501 155 330 1950 340 519 333 647 749 451 381 376 132 504 486 1516 263 524 569 471 168 171 0 502 563 402 511 450 362 480 715 651 236 253 333 398 568 327 533 468 321 399 120 493 522 427 512 1344 1161 160 206 502 311 500 370 624 779 309 403 488 177
715 594 336 400 432 446 1441 1580 70 274 516 502 474 331 1624 340 498 334 626 422 102 543 562 451 824 90 1189 298 197 548 472 398 491 502 0 564 522 511 429 171 122 694 652 285 396 200 399 564 317 852 97 300 135 422 83 501 164 491 1264 834 479 348 101 281 173 164 297 758 278 408 77 496
617 395 720 482 707 680 1830 1998 602 658 224 97 557 264 2155 273 388 267 612 954 634 285 304 534 725 622 1721 819 729 534 214 729 636 585 564 0 264 219 471 423 542 680 135 368 478 395 196 276 286 754 629 382 460 504 615 487 548 476 1308 1366 505 431 564 665 705 431 829 744 662 930 608 579
378 156 626 363 525 497 1822 1990 560 616 217 202 374 222 2114 231 381 225 604 912 592 179 197 299 486 580 1679 642 687 526 107 547 453 402 522 264 0 212 464 382 500 672 352 326 436 353 154 269 244 515 587 341 418 339 573 480 506 469 1301 1324 266 389 522 623 663 389 787 737 620 781 567 396
565 343 668 430 655 628 1635 1804 550 606 100 158 504 212 2103 221 194 214 417 902 582 233 252 482 673 569 1669 767 677 339 161 677 584 532 511 219 212 0 277 371 490 485 308 316 426 342 144 152 234 702 577 330 408 452 563 293 495 282 1114 1314 453 379 512 613 653 379 776 550 609 878 556 527
663 542 585 347 573 545 1511 1680 467 523 291 410 422 279 2020 288 166 281 294 819 499 485 504 399 771 487 1586 684 594 215 414 594 501 450 429 471 464 277 0 289 407 362 560 233 343 260 347 232 264 800 494 192 325 369 480 169 413 158 990 1231 426 296 429 530 570 296 694 426 527 795 473 444
575 454 328 260 451 457 1580 1719 210 266 376 362 334 191 1763 200 358 194 486 562 241 403 422 311 683 229 1329 427 337 408 331 417 414 362 171 423 382 371 289 0 150 554 512 145 255 172 259 424 176 712 237 160 126 282 223 361 155 351 1183 974 339 208 172 273 313 155 436 618 269 538 216 356
693 573 314 378 438 452 1460 1600 90 253 495 480 452 310 1643 319 476 312 604 442 122 521 540 430 802 110 1209 317 217 526 450 404 497 480 122 542 500 490 407 150 0 672 631 264 374 178 378 543 295 831 117 278 113 400 103 480 142 469 1284 854 457 327 121 259 193 142 317 737 256 428 96 475
928 803 850 612 838 810 1201 1369 732 789 499 618 687 544 1892 553 374 547 225 1084 764 693 712 664 1036 752 1851 949 860 172 622 860 767 715 694 680 672 485 362 554 672 0 768 498 608 525 604 440 529 1065 759 433 591 635 746 278 678 267 680 1249 692 561 694 795 836 562 959 115 792 1060 739 709
705 483 808 571 796 768 1918 2087 690 747 313 185 645 353 2244 362 477 355 700 1043 722 374 392 622 814 710 1810 908 818 622 302 818 725 673 652 135 352 308 560 512 631 768 0 457 567 483 285 365 375 843 717 471 549 593 704 576 636 565 1397 1455 594 520 653 753 794 520 917 833 750 1018 697 668
449 328 442 134 359 331 1648 1817 324 380 321 306 208 136 1877 145 302 138 430 676 356 347 366 185 557 344 1443 476 451 352 276 381 288 236 285 368 326 316 233 145 264 498 457 0 129 116 204 369 121 586 351 104 182 156 337 306 269 295 1127 1088 213 82 286 387 427 153 550 563 383 615 330 230
622 436 545 307 532 505 1751 1919 427 483 300 286 381 115 1980 124 405 117 533 779 459 327 345 359 731 446 1546 644 554 455 255 554 461 409 388 347 305 295 336 248 367 601 436 193 0 219 183 352 111 760 454 207 285 329 440 409 372 398 1230 1191 386 256 389 490 530 256 653 666 486 755 433 404
546 425 356 231 456 428 1609 1748 238 294 347 333 305 162 1792 171 329 165 457 590 270 374 393 282 655 258 1357 455 366 379 303 446 385 333 200 395 353 342 260 172 178 525 483 116 227 0 230 395 148 684 265 131 155 253 252 332 184 322 1154 1002 310 179 200 301 342 180 465 589 298 566 245 327
507 285 555 318 543 515 1754 1923 437 494 149 134 392 100 1991 109 313 102 536 790 469 175 194 369 616 457 1557 655 565 458 104 565 472 420 399 196 154 144 347 259 378 604 285 204 314 230 0 201 122 645 464 218 296 340 451 412 383 401 1233 1202 395 267 400 500 541 267 664 669 497 765 444 415
622 400 720 483 708 680 1590 1759 602 659 157 215 557 269 2156 278 149 272 372 955 634 290 309 534 730 622 1722 820 730 294 219 730 637 585 564 276 269 152 232 424 543 440 365 369 479 395 201 0 291 759 629 303 461 505 616 248 548 237 1069 1367 510 432 565 665 706 432 829 505 662 930 609 580
551 376 473 235 460 433 1679 1848 355 411 239 225 310 54 1908 63 333 56 461 707 387 266 284 287 659 375 1474 572 482 383 194 482 389 338 317 286 244 234 264 176 295 529 375 121 231 148 122 291 0 688 382 135 213 257 368 337 301 326 1158 1119 314 184 317 418 458 184 582 594 415 683 361 332
264 389 758 494 656 628 2215 2384 891 829 707 693 505 681 2444 690 869 683 997 1243 923 495 490 430 373 911 2010 773 1018 919 598 678 585 533 852 754 515 702 800 712 831 1065 843 586 604 684 645 759 677 0 918 671 749 471 904 873 837 862 1694 1655 398 556 853 820 994 720 1118 1130 819 913 897 527
780 660 326 465 362 377 1371 1510 65 293 582 567 502 396 1554 406 563 399 691 353 54 608 627 516 889 85 1120 228 128 613 537 329 422 468 97 629 587 577 494 237 117 759 717 351 461 265 464 629 382 918 0 365 200 487 78 567 229 556 1194 765 544 414 96 300 104 229 227 823 297 339 71 474
534 413 456 219 444 416 1583 1751 338 395 335 321 293 150 1892 159 237 153 365 691 370 362 381 270 642 358 1457 555 466 287 290 466 373 321 300 382 341 330 192 160 278 433 471 104 214 131 218 303 135 671 365 0 197 241 352 241 284 230 1062 1103 298 167 300 401 442 168 565 497 398 666 345 315
612 491 291 296 414 429 1543 1683 173 229 413 399 371 228 1726 237 395 230 522 525 205 439 458 348 720 193 1292 390 300 444 368 381 450 399 135 460 418 408 325 126 113 591 549 182 292 155 296 461 213 749 200 197 0 318 186 398 119 387 1219 937 376 245 135 236 276 119 400 655 233 501 179 393
333 213 345 82 243 216 1784 1953 460 417 435 421 92 250 2014 259 439 253 566 812 492 319 314 70 442 480 1579 360 587 488 390 265 172 120 422 482 339 430 369 282 400 635 571 156 173 253 318 488 246 471 487 241 318 0 473 442 406 431 1263 1224 97 126 422 408 563 289 687 699 406 500 467 115
767 646 352 451 387 402 1396 1535 51 318 568 554 526 383 1579 392 550 385 678 378 79 595 613 503 875 71 1145 253 153 599 523 354 447 493 83 615 573 563 480 223 103 746 704 337 447 252 451 616 368 904 78 352 186 473 0 553 215 542 1219 790 531 400 83 325 129 215 252 810 322 364 58 499
735 611 658 420 645 618 1428 1597 540 596 307 426 494 351 2093 361 182 354 210 892 572 501 520 472 844 559 1659 757 667 132 430 667 574 522 501 487 480 293 169 361 480 278 576 306 416 332 412 248 337 873 567 241 398 442 553 0 485 53 907 1304 499 369 502 603 643 369 766 343 599 868 546 517
699 578 198 384 321 336 1572 1712 202 136 500 486 458 315 1755 324 482 318 610 554 234 527 546 435 808 222 1321 297 329 532 456 288 381 427 164 548 506 495 413 155 142 678 636 269 380 184 383 548 301 837 229 284 119 406 215 485 0 475 1307 966 463 332 164 143 305 148 429 742 140 408 208 434
725 600 647 409 635 607 1417 1586 529 585 296 415 484 341 2082 350 171 343 199 881 561 490 509 461 833 549 1648 746 656 121 419 656 563 512 491 476 469 282 158 351 469 267 565 295 405 322 401 237 326 862 556 230 387 431 542 53 475 0 896 1293 488 358 491 592 632 358 756 332 589 857 535 506
1557 1432 1450 1241 1467 1439 873 1041 1231 1416 1128 1247 1316 1173 1564 1182 1003 1175 854 880 1178 1322 1341 1293 1665 1213 1574 1351 1146 801 1251 1452 1395 1344 1264 1308 1301 1114 990 1183 1284 680 1397 1127 1237 1154 1233 1069 1158 1694 1194 1062 1219 1263 1219 907 1307 896 0 797 1320 1190 1263 1423 1119 1190 1323 626 1420 1462 1215 1338
1505 1397 1020 1202 1056 1071 645 784 801 987 1319 1305 1196 1134 828 1143 1300 1136 1423 450 748 1345 1364 1254 1403 784 1145 922 717 1350 1274 1022 1115 1161 834 1366 1324 1314 1231 974 854 1249 1455 1088 1198 1002 1202 1367 1119 1655 765 1103 937 1224 790 1304 966 1293 797 0 1281 1151 834 993 690 966 893 1195 990 1032 785 1168
260 140 384 121 282 255 1842 2010 517 456 458 444 132 307 2071 316 496 310 624 869 549 246 241 57 369 537 1636 400 645 546 349 304 211 160 479 505 266 453 426 339 457 692 594 213 230 310 375 510 303 398 544 298 376 97 531 499 463 488 1320 1281 0 183 479 447 621 347 744 756 445 539 524 154
647 461 569 331 557 529 1775 1944 451 507 324 310 406 139 2004 148 429 142 557 803 483 351 369 383 755 471 1570 668 578 479 279 578 485 434 413 371 330 319 360 273 391 625 460 217 62 244 207 377 135 784 478 231 309 353 464 433 397 422 1254 1215 410 0 413 514 554 280 678 690 511 779 457 428
715 595 336 400 431 446 1440 1579 69 275 517 502 474 331 1623 341 498 334 626 422 101 543 562 452 824 89 1189 297 197 548 472 397 491 502 101 564 522 512 429 172 121 694 653 286 396 200 400 565 317 853 96 300 135 422 83 502 164 491 1263 834 479 349 0 281 173 164 296 759 278 408 76 497
683 562 82 431 205 220 1600 1739 319 36 618 603 345 432 1783 442 599 435 727 581 283 644 663 419 791 319 1348 185 357 649 573 172 265 311 281 665 623 613 530 273 259 795 753 387 497 301 500 665 418 820 300 401 236 408 325 603 143 592 1423 993 447 450 281 0 332 265 456 860 39 324 320 317
857 736 359 541 395 410 1296 1435 140 326 658 644 535 473 1479 482 640 475 767 278 87 684 703 593 965 123 1045 261 56 689 613 361 454 500 173 705 663 653 570 313 193 836 794 427 537 342 541 706 458 994 104 442 276 563 129 643 305 632 1119 690 621 490 173 332 0 305 232 900 329 371 124 507
583 462 320 267 443 458 1572 1712 202 258 384 370 342 199 1756 208 366 201 493 554 234 411 429 319 691 222 1321 419 329 415 339 410 421 370 164 431 389 379 296 155 142 562 520 153 263 180 267 432 184 720 229 168 119 289 215 369 148 358 1190 966 347 216 164 265 305 0 429 626 262 530 209 364
980 859 483 665 518 533 1499 1639 264 449 781 767 658 596 1682 605 763 599 891 481 210 808 827 716 1089 246 1248 384 256 813 737 485 578 624 297 829 787 776 694 436 317 959 917 550 661 465 664 829 582 1118 227 565 400 687 252 766 429 756 1323 893 744 613 296 456 232 429 0 1023 453 495 248 630
992 868 915 677 902 875 1147 1315 797 853 563 682 751 608 1838 618 438 611 289 1149 828 758 777 728 1101 816 1916 1014 924 236 686 924 831 779 758 744 737 550 426 618 737 115 833 563 673 589 669 505 594 1130 823 497 655 699 810 343 742 332 626 1195 756 626 759 860 900 626 1023 0 856 1124 803 774
681 561 80 429 204 218 1596 1736 316 33 614 600 344 429 1779 438 596 432 724 578 280 641 660 417 790 315 1345 183 353 646 570 170 263 309 278 662 620 609 527 269 256 792 750 383 494 298 497 662 415 819 297 398 233 406 322 599 140 589 1420 990 445 446 278 39 329 262 453 856 0 323 317 316
775 655 262 523 298 312 1639 1778 375 333 883 868 438 697 1822 707 864 700 992 620 322 761 756 511 870 358 1323 163 395 914 838 264 357 403 408 930 781 878 795 538 428 1060 1018 615 633 566 765 930 683 913 339 666 501 500 364 868 408 857 1462 1032 539 585 408 324 371 530 495 1124 323 0 359 410
760 639 347 444 383 397 1391 1531 45 313 561 547 519 376 1574 385 543 379 671 373 75 588 606 496 868 64 1140 248 148 593 516 349 442 488 77 608 567 556 473 216 96 739 697 330 440 245 444 609 361 897 71 345 179 467 58 546 208 535 1215 785 524 393 76 320 124 209 248 803 317 359 0 495
390 269 255 138 153 133 1774 1914 511 326 510 496 149 325 1957 334 513 327 641 756 458 376 371 126 499 493 1523 270 531 563 465 175 178 177 496 557 396 505 444 356 475 709 646 230 247 327 393 562 321 527 474 315 393 115 499 517 434 506 1338 1168 154 200 497 317 507 364 630 774 316 410 495 0
EOF