NAME : tsp_problem
TYPE : TSP
DIMENSION : 70
EDGE_WEIGHT_TYPE : EXPLICIT
EDGE_WEIGHT_FORMAT : FULL_MATRIX
EDGE_WEIGHT_SECTION
0 513 527 409 462 503 1993 823 498 483 427 1430 305 657 574 487 224 93 566 305 523 555 780 113 413 495 948 1277 445 680 910 1418 464 630 1328 280 538 642 586 442 476 426 593 1047 739 493 295 1219 432 164 2212 1081 488 732 724 1306 442 250 1291 621 281 1035 386 420 267 1040 847 954 1290 660
513 0 1000 881 581 976 1512 1295 971 956 899 950 778 1130 1047 960 402 565 1039 332 995 1028 300 586 886 967 986 797 918 1153 1382 938 937 1103 848 753 1010 1115 1059 914 948 899 1066 955 1211 966 768 738 905 637 2685 989 961 1205 1192 825 914 723 1199 1093 366 1457 858 892 740 896 1320 1427 809 1133
527 1000 0 424 918 346 1679 666 341 77 270 1625 266 597 116 427 711 448 108 791 462 398 1267 570 144 338 453 1443 113 548 753 1905 308 474 1069 460 79 147 429 285 319 132 533 553 280 344 272 1504 276 621 2055 586 331 274 229 846 285 373 797 126 767 551 229 138 447 545 353 797 1103 202
409 881 424 0 800 400 2071 539 395 380 324 1799 320 275 471 106 593 330 463 673 141 448 1149 452 310 392 845 1646 342 299 626 1787 140 527 1460 160 435 539 413 189 372 323 212 944 635 112 326 1587 180 503 1928 978 385 629 621 1238 189 312 1188 518 649 932 220 316 182 937 744 670 1495 557
462 581 918 800 0 895 2061 1214 890 875 818 1499 697 1048 966 879 444 484 958 373 914 947 849 416 805 886 1339 1345 836 1072 1301 1487 856 1022 1397 672 929 1033 978 833 867 817 984 1439 1130 884 687 1287 824 466 2604 1473 880 1124 1116 1374 833 642 1683 1012 408 1427 777 811 659 1431 1239 1345 1358 1052
463 935 306 236 854 0 1953 602 277 262 206 1853 202 409 353 239 646 384 345 727 275 334 1203 506 192 274 727 1699 224 397 689 1841 120 409 1342 365 317 421 365 97 254 205 345 826 518 156 208 1641 88 557 1991 860 267 511 503 1120 97 309 1070 400 703 814 102 198 383 819 626 733 1377 439
2077 1597 1764 2156 2146 2078 0 2398 2073 1809 2002 1132 1999 2329 1714 2159 1967 2130 1722 1896 2195 2131 1649 2151 1876 2070 1357 1165 1845 2280 2485 2032 2040 2008 790 2192 1751 1644 2161 2017 2051 1864 2265 1326 1894 2076 2004 1226 2008 2201 3787 1360 2064 1916 1564 1004 2017 2105 1570 1675 1931 1829 1961 1870 2179 1268 1767 2529 825 1796
823 1295 666 539 1214 479 2313 0 474 622 424 2213 562 712 713 542 1007 744 706 1087 578 294 1563 866 552 356 1087 2060 584 267 214 2201 542 429 1702 668 677 781 259 559 451 565 648 1186 627 513 568 2001 550 917 1581 1220 363 657 863 1480 559 669 1064 760 1063 868 525 559 690 1179 986 323 1737 765
477 950 320 250 869 31 1967 616 0 276 220 1867 217 423 367 253 661 398 360 742 289 349 1217 520 207 288 741 1714 238 412 703 1855 134 424 1357 380 331 435 380 111 269 219 359 841 532 170 222 1655 102 571 2005 875 282 526 517 1134 111 323 1085 414 717 829 116 213 397 833 641 747 1391 453
483 956 77 380 875 302 1724 622 297 0 226 1670 223 553 124 383 667 404 117 748 419 355 1223 526 153 294 498 1488 122 504 709 1861 264 430 1114 416 88 192 386 241 275 141 489 598 289 300 228 1549 232 577 2011 631 288 283 274 891 241 329 842 171 723 586 185 147 403 590 398 753 1148 210
427 899 270 323 818 104 1917 424 99 226 0 1817 166 496 317 327 611 348 309 691 362 157 1167 470 156 96 691 1664 188 306 511 1805 207 232 1306 360 281 385 188 184 77 169 432 790 429 243 172 1605 175 521 1813 824 90 460 467 1084 185 273 989 364 667 671 129 163 347 783 590 555 1341 403
1430 950 1625 1799 1499 1893 1143 2213 1888 1670 1817 0 1696 2047 1575 1877 1320 1483 1583 1249 1913 1946 1002 1504 1737 1885 1219 213 1706 2070 2300 1029 1855 1869 598 1670 1612 1505 1976 1832 1866 1725 1983 1187 1755 1883 1686 223 1823 1554 3602 1221 1879 1777 1425 865 1832 1640 1431 1536 1284 1690 1776 1731 1657 1129 1628 2344 559 1657
305 778 266 320 697 243 1914 562 238 223 166 1696 0 493 314 324 489 227 306 570 359 295 1046 349 153 234 687 1542 185 445 649 1684 204 370 1303 239 277 382 326 181 215 166 429 787 478 240 169 1484 172 400 1952 821 228 472 464 1081 181 176 1031 360 546 775 125 159 226 780 587 694 1338 400
657 1130 597 275 1048 573 2244 712 568 553 496 2047 493 0 644 279 841 578 636 921 165 621 1397 700 483 564 1018 1894 515 472 799 2035 313 700 1633 405 608 712 586 362 545 496 102 1117 808 285 499 1835 353 751 2101 1151 558 802 794 1411 362 560 1361 690 897 1105 393 489 427 1110 917 843 1668 730
574 1047 116 471 966 394 1630 713 388 124 317 1575 314 644 0 474 758 495 122 839 510 446 1270 618 192 385 403 1393 161 596 800 1952 355 516 1019 507 127 97 477 332 366 179 580 503 328 391 319 1454 323 668 2102 537 379 321 180 796 332 420 747 76 815 501 276 185 494 495 303 844 1054 249
487 960 427 106 879 403 2074 542 398 383 327 1877 324 279 474 0 671 408 467 752 145 451 1227 531 314 395 848 1724 345 302 629 1865 143 531 1464 235 438 542 416 192 376 326 215 948 639 115 329 1666 183 581 1931 981 389 633 624 1241 192 390 1191 521 728 936 223 320 257 940 748 673 1498 560
224 402 711 593 444 687 1882 1007 682 667 611 1320 489 841 758 671 0 277 750 173 707 739 670 297 597 679 1132 1166 629 864 1094 1308 648 814 1217 464 722 826 770 625 660 610 777 1231 923 677 479 1108 616 348 2396 1265 672 916 908 1195 626 434 1475 805 88 1219 569 603 451 1224 1031 1138 1179 844
93 565 448 330 484 424 2045 744 419 404 348 1483 227 578 495 408 277 0 488 357 444 477 833 136 335 416 869 1330 366 601 831 1471 386 552 1381 201 459 563 508 363 397 347 514 969 660 414 217 1271 354 187 2133 1003 410 654 645 1262 363 171 1213 542 333 957 307 341 189 961 769 875 1342 581
566 1039 108 463 958 386 1638 706 381 117 309 1583 306 636 122 467 750 488 0 831 502 438 1278 610 184 377 411 1401 153 588 792 1945 347 513 1027 500 119 105 469 324 358 172 572 511 320 383 312 1462 315 661 2095 545 371 314 188 804 325 413 755 84 807 509 268 178 487 503 311 837 1062 241
305 332 791 673 373 768 1812 1087 763 748 691 1249 570 921 839 752 173 357 831 0 787 820 599 378 678 759 1212 1096 710 945 1174 1237 729 895 1147 545 802 907 851 706 740 690 857 1254 1003 758 560 1037 697 429 2477 1288 753 997 989 1125 706 515 1498 885 138 1300 650 684 532 1196 1112 1218 1109 925
523 995 462 141 914 439 2110 578 434 419 362 1913 359 165 510 145 707 444 502 787 0 487 1263 566 349 430 883 1760 381 338 665 1901 179 566 1499 271 473 578 452 228 411 362 101 983 674 150 365 1701 219 617 1967 1017 424 668 660 1277 228 426 1227 556 763 971 259 355 293 976 783 709 1534 596
555 1028 398 430 947 212 2046 294 206 355 157 1946 295 603 446 434 739 477 438 820 469 0 1296 599 285 89 819 1792 317 176 381 1933 314 162 1435 488 409 514 57 291 184 298 539 919 359 350 301 1734 282 649 1683 953 96 390 596 1213 292 402 919 492 796 601 257 291 476 912 719 425 1470 497
780 300 1267 1149 849 1243 1564 1563 1238 1223 1167 1002 1046 1397 1270 1227 670 833 1278 599 1263 1296 0 854 1154 1235 913 848 1185 1420 1650 989 1205 1371 899 1020 1278 1200 1326 1182 1216 1166 1333 882 1450 1233 1036 790 1173 904 2952 916 1229 1472 1119 753 1182 990 1126 1231 634 1385 1126 1160 1007 824 1323 1694 861 1351
113 586 570 452 416 547 2066 866 541 526 470 1504 349 700 618 531 297 136 610 378 566 599 854 0 457 538 991 1350 488 723 953 1491 508 674 1401 323 581 685 630 485 519 469 636 1091 782 536 339 1292 476 93 2256 1125 532 776 767 1379 485 294 1335 664 354 1079 429 463 311 1083 891 997 1363 703
413 886 144 310 805 233 1792 552 228 153 156 1737 153 483 192 314 597 335 184 678 349 285 1154 457 0 224 565 1555 175 435 639 1791 194 360 1181 346 155 259 316 171 205 156 419 665 356 230 159 1592 162 507 1942 699 218 350 342 958 171 260 909 238 654 653 115 149 334 657 465 684 1216 278
495 967 338 370 886 151 1985 356 146 294 96 1885 234 543 385 373 679 416 377 759 409 89 1235 538 224 0 759 1732 256 239 443 1873 254 164 1374 428 349 453 120 231 123 237 479 858 362 290 240 1673 222 589 1746 892 98 393 535 1152 231 341 921 432 735 604 197 231 415 851 658 488 1409 471
948 986 453 845 1339 767 1273 1087 762 498 691 1219 687 1018 403 848 1132 869 411 1212 883 819 913 991 565 759 0 1036 534 969 1174 1675 729 697 662 881 440 333 850 706 740 553 954 133 583 765 693 1098 697 1042 2476 167 752 605 253 440 706 794 377 364 1188 635 650 559 868 138 456 1218 697 485
1277 797 1443 1646 1345 1740 1080 2060 1735 1488 1664 213 1542 1894 1393 1724 1166 1330 1401 1096 1760 1792 848 1350 1555 1732 1036 0 1524 1917 2147 897 1701 1686 415 1517 1430 1323 1823 1678 1713 1543 1830 1005 1573 1730 1532 92 1669 1401 3449 1039 1725 1595 1243 683 1679 1487 1249 1354 1131 1508 1622 1549 1504 947 1446 2191 377 1475
445 918 113 342 836 264 1761 584 259 122 188 1706 185 515 161 345 629 366 153 710 381 317 1185 488 175 256 534 1524 0 466 671 1823 226 392 1150 378 124 228 347 203 237 177 451 634 325 262 190 1585 194 539 1973 668 250 319 311 927 203 291 878 207 685 622 147 181 365 626 434 715 1185 247
680 1153 548 299 1072 361 2196 267 356 504 306 2070 445 472 596 302 864 601 588 945 338 176 1420 723 435 239 969 1917 466 0 354 2058 302 312 1585 428 559 663 141 350 334 447 408 1069 509 273 450 1858 342 774 1657 1103 245 540 745 1362 351 551 1068 642 920 751 382 441 450 1061 869 398 1620 647
910 1382 753 626 1301 566 2400 214 561 709 511 2300 649 799 800 629 1094 831 792 1174 665 381 1650 953 639 443 1174 2147 671 354 0 2288 629 516 1789 755 764 868 346 646 538 652 735 1273 714 600 655 2088 637 1004 1668 1307 450 744 950 1567 646 756 1151 847 1150 955 612 646 777 1266 1073 410 1824 852
1418 938 1905 1787 1487 1881 1947 2201 1876 1861 1805 1029 1684 2035 1952 1865 1308 1471 1945 1237 1901 1933 989 1491 1791 1873 1675 897 1823 2058 2288 0 1843 2009 1282 1658 1916 1962 1964 1820 1854 1804 1971 1644 2117 1871 1673 817 1810 1542 3590 1678 1866 2110 1882 1515 1820 1628 1888 1993 1272 2147 1764 1798 1645 1586 2085 2332 1244 2038
464 937 308 140 856 284 1955 542 279 264 208 1855 204 313 355 143 648 386 347 729 179 336 1205 508 194 275 729 1701 226 302 629 1843 0 411 1344 269 319 423 367 73 256 207 249 828 519 64 210 1643 64 559 1931 862 269 513 505 1122 73 311 1072 401 705 816 104 200 292 821 628 673 1379 441
630 1103 474 506 1022 287 1923 429 281 430 232 1869 370 678 516 509 814 552 513 895 544 162 1371 674 360 164 697 1686 392 312 516 2009 390 0 1312 564 485 446 193 367 259 373 615 796 221 426 376 1748 357 725 1818 830 171 251 473 1090 367 477 780 477 871 462 332 366 551 789 596 560 1347 359
1328 848 1069 1460 1397 1383 706 1702 1378 1114 1306 598 1303 1633 1019 1464 1217 1381 1027 1147 1499 1435 899 1401 1181 1374 662 415 1150 1585 1789 1282 1344 1312 0 1496 1056 949 1466 1321 1355 1169 1569 631 1199 1380 1309 477 1312 1452 3092 665 1368 1221 868 308 1321 1410 875 980 1182 1133 1265 1175 1484 573 1072 1834 76 1100
280 753 460 160 672 436 2107 668 431 416 360 1670 239 405 507 235 464 201 500 545 271 488 1020 323 346 428 881 1517 378 428 755 1658 269 564 1496 0 471 575 519 318 409 359 341 980 672 241 228 1459 309 374 2058 1014 421 665 657 1274 318 183 1224 554 521 969 319 353 105 973 780 799 1530 593
538 1010 79 435 929 357 1667 677 352 88 281 1612 277 608 127 438 722 459 119 802 473 409 1278 581 155 349 440 1430 124 559 764 1916 319 485 1056 471 0 134 440 296 330 143 544 540 291 355 283 1492 287 632 2066 574 342 285 217 834 296 384 784 113 778 538 240 149 458 532 340 808 1091 213
642 1115 147 539 1033 461 1560 781 456 192 385 1505 382 712 97 542 826 563 105 907 578 514 1200 685 259 453 333 1323 228 663 868 1962 423 446 949 575 134 0 544 400 434 247 648 433 332 459 387 1384 391 736 2170 467 447 354 110 726 400 488 677 59 882 431 344 253 562 425 233 912 984 234
586 1059 429 413 978 242 2077 259 237 386 188 1976 326 586 477 416 770 508 469 851 452 57 1326 630 316 120 850 1823 347 141 346 1964 345 193 1466 519 440 544 0 322 215 328 522 950 390 381 331 1765 313 680 1648 984 126 421 627 1243 322 432 949 523 827 632 288 322 506 942 750 390 1501 528
442 914 285 189 833 261 1932 581 256 241 185 1832 181 362 332 192 625 363 324 706 228 313 1182 485 171 253 706 1678 203 350 668 1820 73 388 1321 318 296 400 344 0 233 184 298 805 497 109 187 1620 41 536 1970 839 246 490 482 1099 50 288 1049 379 682 793 81 177 340 798 605 712 1356 418
490 963 333 263 882 44 1981 629 39 289 233 1880 230 436 381 267 674 411 373 755 302 362 1230 534 220 301 754 1727 251 425 716 1868 147 437 1370 393 344 448 393 124 0 232 372 854 545 183 235 1669 115 584 2019 888 295 539 530 1147 125 336 1098 427 731 842 130 226 410 846 654 760 1405 467
426 899 132 323 817 245 1779 565 240 141 169 1725 166 496 179 326 610 347 172 690 362 298 1166 469 156 237 553 1543 177 447 652 1804 207 373 1169 359 143 247 328 184 218 0 432 653 344 243 171 1604 175 520 1954 686 231 338 329 946 184 272 897 226 666 641 128 162 346 645 453 696 1203 265
593 1066 533 212 984 509 2180 648 504 489 433 1983 429 102 580 215 777 514 572 857 101 557 1333 636 419 500 954 1830 451 408 735 1971 249 636 1569 341 544 648 522 298 481 432 0 1053 744 221 435 1771 289 687 2037 1087 494 738 730 1347 298 496 1297 627 833 1041 329 425 363 1046 853 779 1604 666
1047 955 553 944 1439 867 1242 1186 862 598 790 1187 787 1117 503 948 1231 969 511 1254 983 919 882 1091 665 858 133 1005 634 1069 1273 1644 828 796 631 980 540 433 950 805 839 653 1053 0 683 864 793 1066 796 1142 2576 70 852 705 352 408 805 894 268 464 1288 527 749 659 968 80 556 1318 666 584
739 1211 280 635 1130 484 1809 627 479 289 429 1755 478 808 328 639 923 660 320 1003 674 359 1450 782 356 362 583 1573 325 509 714 2117 519 221 1199 672 291 332 390 497 456 344 744 683 0 555 484 1634 487 833 2016 716 368 50 359 976 497 585 666 363 979 349 440 350 659 675 483 758 1233 157
493 966 344 112 884 320 1991 513 315 300 244 1883 240 285 391 115 677 414 383 758 150 372 1233 536 230 311 765 1730 262 273 600 1871 64 447 1380 241 355 459 388 109 292 243 221 864 555 0 246 1671 100 587 1903 898 305 549 541 1158 109 347 1108 437 733 852 140 236 263 857 664 645 1415 477
295 768 272 326 687 248 1919 568 243 228 172 1686 169 499 319 329 479 217 312 560 365 301 1036 339 159 240 693 1532 190 450 655 1673 210 376 1309 228 283 387 331 187 221 171 435 793 484 246 0 1474 178 390 1957 826 234 478 469 1086 187 166 1037 366 536 781 131 165 216 785 593 699 1343 405
1219 738 1504 1587 1287 1682 1141 2001 1676 1549 1605 223 1484 1835 1454 1666 1108 1271 1462 1037 1701 1734 790 1292 1592 1673 1098 92 1585 1858 2088 817 1643 1748 477 1459 1492 1384 1765 1620 1654 1604 1771 1066 1634 1671 1474 0 1611 1343 3391 1100 1667 1656 1304 744 1620 1429 1310 1415 1072 1569 1564 1598 1446 1008 1507 2132 438 1536
432 905 276 180 824 252 1923 571 247 232 175 1823 172 353 323 183 616 354 315 697 219 304 1173 476 162 243 697 1669 194 342 658 1810 64 379 1312 309 287 391 335 41 224 175 289 796 487 100 178 1611 0 527 1961 830 237 481 473 1090 41 279 1040 369 673 784 72 168 331 789 596 703 1347 409
164 637 621 503 466 597 2117 917 592 577 521 1554 400 751 668 581 348 187 661 429 617 649 904 93 507 589 1042 1401 539 774 1004 1542 559 725 1452 374 632 736 680 536 570 520 687 1142 833 587 390 1343 527 0 2306 1175 582 826 818 1430 536 344 1385 715 404 1130 480 514 361 1134 941 1048 1414 754
2212 2685 2055 1928 2604 1868 3703 1581 1863 2011 1813 3602 1952 2101 2102 1931 2396 2133 2095 2477 1967 1683 2952 2256 1942 1746 2476 3449 1973 1657 1668 3590 1931 1818 3092 2058 2066 2170 1648 1948 1841 1954 2037 2576 2016 1903 1957 3391 1939 2306 0 2610 1752 2047 2252 2869 1948 2058 2401 2149 2453 2258 1914 1948 2080 2568 2376 1311 3126 2154
1081 989 586 978 1473 901 1276 1220 895 631 824 1221 821 1151 537 981 1265 1003 545 1288 1017 953 916 1125 699 892 167 1039 668 1103 1307 1678 862 830 665 1014 574 467 984 839 873 686 1087 70 716 898 826 1100 830 1175 2610 0 886 738 386 442 839 927 313 498 1322 572 783 693 1001 114 589 1351 699 618
488 961 331 363 880 144 1979 363 139 288 90 1879 228 536 379 367 672 410 371 753 402 96 1229 532 218 98 752 1725 250 245 450 1866 247 171 1368 421 342 447 126 224 117 231 472 852 368 283 234 1667 215 582 1752 886 0 399 529 1146 225 335 927 425 729 610 190 224 409 845 652 494 1403 465
732 1205 274 629 1124 515 1831 657 510 283 460 1777 472 802 321 633 916 654 314 997 668 390 1472 776 350 393 605 1595 319 540 744 2110 513 251 1221 665 285 354 421 490 487 338 738 705 50 549 478 1656 481 826 2047 738 399 0 381 998 490 579 697 368 973 379 434 344 653 697 505 789 1255 151
724 1192 229 621 1116 543 1479 863 538 274 467 1425 464 794 180 624 908 645 188 989 660 596 1119 767 342 535 253 1243 311 745 950 1882 505 473 868 657 217 110 627 482 516 329 730 352 359 541 469 1304 473 818 2252 386 529 381 0 646 482 570 596 140 964 458 426 335 644 345 232 994 903 261
1306 825 846 1238 1374 1160 919 1480 1155 891 1084 865 1081 1411 796 1241 1195 1262 804 1125 1277 1213 753 1379 958 1152 440 683 927 1362 1567 1515 1122 1090 308 1274 834 726 1243 1099 1133 946 1347 408 976 1158 1086 744 1090 1430 2869 442 1146 998 646 0 1099 1187 652 757 1159 911 1043 952 1261 350 849 1611 343 878
442 914 285 189 833 261 1932 581 256 241 185 1832 181 362 332 192 626 363 325 706 228 313 1182 485 171 253 706 1679 203 351 668 1820 73 389 1321 318 296 400 344 50 234 184 298 805 497 109 187 1620 41 536 1970 839 246 490 482 1099 0 288 1049 379 682 794 81 178 340 798 605 712 1356 418
250 723 373 312 642 349 2020 669 344 329 273 1640 176 560 420 390 434 171 413 515 426 402 990 294 260 341 794 1487 291 551 756 1628 311 477 1410 183 384 488 432 288 322 272 496 894 585 347 166 1429 279 344 2058 927 335 579 570 1187 288 0 1138 467 491 882 232 266 170 886 694 800 1444 506
1291 1199 797 1188 1683 1043 1486 1064 1038 842 989 1431 1031 1361 747 1191 1475 1213 755 1498 1227 919 1126 1335 909 921 377 1249 878 1068 1151 1888 1072 780 875 1224 784 677 949 1049 1016 897 1297 268 666 1108 1037 1310 1040 1385 2401 313 927 697 596 652 1049 1138 0 708 1532 344 993 903 1212 324 800 1143 910 724
621 1093 126 518 1012 440 1591 760 435 171 364 1536 360 690 76 521 805 542 84 885 556 492 1231 664 238 432 364 1354 207 642 847 1993 401 477 980 554 113 59 523 379 413 226 627 464 363 437 366 1415 369 715 2149 498 425 368 140 757 379 467 708 0 861 462 323 232 541 456 264 891 1014 265
281 366 767 649 408 744 1846 1063 738 723 667 1284 546 897 815 728 88 333 807 138 763 796 634 354 654 735 1188 1131 685 920 1150 1272 705 871 1182 521 778 882 827 682 716 666 833 1288 979 733 536 1072 673 404 2453 1322 729 973 964 1159 682 491 1532 861 0 1276 626 660 508 1230 1088 1194 1143 900
1035 1457 551 932 1427 726 1744 868 721 586 671 1690 775 1105 501 936 1219 957 509 1300 971 601 1385 1079 653 604 635 1508 622 751 955 2147 816 462 1133 969 538 431 632 793 698 641 1041 527 349 852 781 1569 784 1130 2258 572 610 379 458 911 794 882 344 462 1276 0 737 647 956 583 582 999 1168 406
386 858 229 220 777 205 1876 525 200 185 129 1776 125 393 276 223 569 307 268 650 259 257 1126 429 115 197 650 1622 147 382 612 1764 104 332 1265 319 240 344 288 81 177 128 329 749 440 140 131 1564 72 480 1914 783 190 434 426 1043 81 232 993 323 626 737 0 121 306 742 549 656 1300 362
420 892 138 316 811 239 1786 559 234 147 163 1731 159 489 185 320 603 341 178 684 355 291 1160 463 149 231 559 1549 181 441 646 1798 200 366 1175 353 149 253 322 177 212 162 425 659 350 236 165 1598 168 514 1948 693 224 344 335 952 178 266 903 232 660 647 121 0 340 651 459 690 1209 271
267 740 447 182 659 423 2094 690 418 403 347 1657 226 427 494 257 451 189 487 532 293 476 1007 311 334 415 868 1504 365 450 777 1645 292 551 1484 105 458 562 506 340 396 346 363 968 659 263 216 1446 331 361 2080 1001 409 653 644 1261 340 170 1212 541 508 956 306 340 0 960 768 821 1517 580
1040 896 545 937 1431 859 1183 1179 854 590 783 1129 780 1110 495 940 1224 961 503 1196 976 912 824 1083 657 851 138 947 626 1061 1266 1586 821 789 573 973 532 425 942 798 832 645 1046 80 675 857 785 1008 789 1134 2568 114 845 697 345 350 798 886 324 456 1230 583 742 651 960 0 548 1310 607 577
847 1320 353 744 1239 667 1682 986 662 398 590 1628 587 917 303 748 1031 769 311 1112 783 719 1323 891 465 658 456 1446 434 869 1073 2085 628 596 1072 780 340 233 750 605 639 453 853 556 483 664 593 1507 596 941 2376 589 652 505 232 849 605 694 800 264 1088 582 549 459 768 548 0 1118 1106 384
954 1427 797 670 1345 610 2444 323 605 753 555 2344 694 843 844 673 1138 875 837 1218 709 425 1694 997 684 488 1218 2191 715 398 410 2332 673 560 1834 799 808 912 390 690 582 696 779 1318 758 645 699 2132 681 1048 1311 1351 494 789 994 1611 690 800 1143 891 1194 999 656 690 821 1310 1118 0 1868 896
1290 809 1103 1495 1358 1418 740 1737 1412 1148 1341 559 1338 1668 1054 1498 1179 1342 1062 1109 1534 1470 861 1363 1216 1409 697 377 1185 1620 1824 1244 1379 1347 76 1530 1091 984 1501 1356 1390 1203 1604 666 1233 1415 1343 438 1347 1414 3126 699 1403 1255 903 343 1356 1444 910 1014 1143 1168 1300 1209 1517 607 1106 1868 0 1135
660 1133 202 557 1052 480 1711 765 474 210 403 1657 400 730 249 560 844 581 241 925 596 497 1351 703 278 471 485 1475 247 647 852 2038 441 359 1100 593 213 234 528 418 452 265 666 584 157 477 405 1536 409 754 2154 618 465 151 261 878 418 506 724 265 900 406 362 271 580 577 384 896 1135 0
EOF