NAME : tsp_problem
TYPE : TSP
DIMENSION : 50
EDGE_WEIGHT_TYPE : EXPLICIT
EDGE_WEIGHT_FORMAT : FULL_MATRIX
EDGE_WEIGHT_SECTION
0 459 480 679 599 228 432 638 276 259 662 533 95 349 507 662 258 1351 258 931 272 167 496 1534 286 543 1529 684 1746 506 539 236 106 655 451 1543 633 909 709 204 415 1037 367 127 583 404 1496 737 545 738
437 0 79 341 361 259 173 220 431 225 369 115 424 213 411 488 330 1507 314 835 313 294 400 1437 300 699 1433 265 1901 87 120 333 435 810 52 1699 393 812 471 455 318 1193 193 456 487 102 1399 893 448 501
476 79 0 361 308 298 212 241 470 264 390 135 463 160 450 509 369 1546 261 874 351 333 439 1476 339 738 1472 286 1940 108 141 371 474 849 73 1738 413 851 418 494 357 1232 140 495 526 123 1438 932 487 448
679 341 361 0 643 501 473 153 651 445 48 250 665 495 197 246 550 1727 596 626 533 536 319 1229 520 919 1224 105 2121 277 243 553 677 1030 335 1507 71 604 753 675 295 1413 475 698 322 384 1191 1113 171 783
599 361 308 643 0 580 494 523 752 546 672 417 585 279 732 791 651 1828 380 1109 633 551 721 1705 621 1020 1700 568 2222 390 423 653 597 1131 355 1983 695 1133 292 776 639 1514 259 618 808 405 1587 1214 769 169
228 281 320 501 602 0 255 461 350 81 484 356 215 362 330 484 249 1426 271 753 231 85 319 1356 219 618 1351 506 1820 328 361 251 226 729 273 1617 455 731 712 374 237 1112 380 247 406 226 1318 811 367 741
302 329 368 549 650 124 0 509 398 129 532 404 289 436 378 532 297 1474 345 801 279 159 367 1404 267 666 1399 554 1868 376 409 299 300 777 321 1665 503 779 760 422 285 1159 454 321 454 274 1366 859 415 789
617 220 241 153 523 439 353 0 611 405 182 133 604 375 331 300 510 1687 476 681 493 474 452 1283 480 879 1279 77 2081 159 126 513 615 990 214 1562 205 658 633 635 429 1373 355 636 377 264 1245 1073 304 662
276 431 470 651 752 350 405 611 0 294 634 506 288 600 480 635 145 1140 509 904 160 385 469 1406 173 332 1502 656 1534 478 512 124 296 443 423 1332 606 881 862 188 387 826 584 268 556 377 1468 526 517 892
259 225 264 445 546 81 199 405 294 0 428 300 246 393 273 428 193 1369 302 697 175 116 263 1300 162 561 1295 450 1764 272 305 195 257 673 217 1561 399 675 656 318 181 1055 378 278 349 170 1262 755 311 685
662 369 390 48 672 484 502 182 634 428 0 279 649 524 180 266 533 1710 625 646 516 519 302 1249 503 902 1244 133 2104 306 272 536 660 1013 363 1527 54 624 782 658 278 1396 504 681 342 413 1211 1096 154 812
512 115 135 250 417 334 247 133 506 300 279 0 498 269 428 398 405 1582 371 778 387 369 475 1381 375 774 1376 175 1976 144 177 407 510 885 109 1659 302 756 527 530 393 1268 249 531 474 159 1343 967 402 557
95 446 467 665 585 215 419 625 288 246 649 520 0 336 494 649 270 1364 245 918 285 154 483 1521 298 556 1516 671 1758 493 526 249 93 667 438 1556 620 895 696 217 402 1050 354 114 570 391 1483 750 532 725
349 213 160 495 279 362 346 375 600 393 524 269 336 0 584 643 503 1676 131 1008 485 301 573 1610 473 868 1605 420 2070 242 275 505 348 979 207 1868 547 985 389 529 491 1362 56 369 660 257 1572 1062 621 418
507 411 450 197 732 330 385 331 480 273 180 428 494 584 0 235 379 1555 551 582 361 365 147 1185 348 747 1180 283 1950 455 422 381 506 859 403 1463 152 559 842 504 124 1241 564 527 234 356 1147 941 63 871
662 488 509 246 791 484 540 300 635 428 266 398 649 643 235 0 534 1598 706 410 516 519 196 1013 503 902 1008 252 1992 425 391 536 660 1014 482 1291 237 388 901 659 279 1284 623 682 106 511 975 1096 209 931
258 330 369 550 651 249 304 510 145 193 533 405 270 503 379 534 0 1221 470 803 110 284 368 1405 123 413 1401 556 1615 378 411 73 278 524 323 1413 505 780 761 169 286 907 483 250 455 276 1368 607 416 791
1351 1507 1546 1727 1828 1426 1481 1687 1140 1369 1710 1582 1364 1676 1555 1598 1221 0 1585 1284 1236 1461 1545 648 1249 869 770 1732 622 1554 1587 1199 1371 882 1499 574 1681 1248 1938 1263 1463 334 1660 1344 1562 1452 1763 1071 1593 1967
258 314 261 596 380 271 447 476 509 302 625 371 245 131 551 706 470 1585 0 975 453 210 540 1577 440 777 1573 521 1979 343 376 469 257 888 308 1776 648 952 490 437 458 1270 148 278 627 358 1539 970 588 520
931 835 874 626 1109 753 809 681 904 697 646 778 918 1008 582 410 803 1284 975 0 785 788 465 700 772 1171 695 633 1678 805 772 805 929 1283 827 978 618 119 1266 928 548 970 987 951 375 780 583 1365 589 962
272 313 351 533 633 231 287 493 160 175 516 387 285 485 361 516 110 1236 453 785 0 266 350 1388 137 428 1383 538 1630 360 393 88 292 539 305 1428 487 763 744 184 269 922 465 265 437 258 1350 622 399 773
167 316 355 536 551 85 290 496 385 116 519 391 154 301 365 519 284 1461 210 788 266 0 354 1391 253 653 1386 541 1855 363 396 286 165 764 308 1652 490 766 661 346 272 1146 319 186 441 261 1353 846 402 690
496 400 439 319 721 319 374 452 469 263 302 475 483 573 147 196 368 1545 540 465 350 354 0 1067 338 737 1063 404 1939 447 480 370 495 848 392 1346 273 442 831 493 113 1231 553 516 117 345 1029 931 185 860
1534 1437 1476 1229 1705 1356 1411 1283 1406 1300 1249 1381 1521 1610 1185 1013 1405 648 1577 700 1388 1391 1067 0 1375 1135 160 1235 1244 1408 1374 1408 1532 1147 1430 316 1220 664 1868 1529 1150 672 1590 1553 978 1383 1178 1336 1192 1558
286 300 339 520 621 219 274 480 173 162 503 375 298 473 348 503 123 1249 440 772 137 253 338 1375 0 441 1370 525 1643 347 380 101 305 552 292 1441 474 750 731 197 256 935 453 278 424 245 1337 635 386 760
543 699 738 919 1020 618 673 879 332 561 902 774 556 868 747 902 413 869 777 1171 428 653 737 1135 441 0 1257 924 1263 746 779 391 563 173 691 1061 873 1149 1130 455 655 555 852 536 823 644 1736 362 785 1159
1529 1433 1472 1224 1700 1351 1407 1279 1502 1295 1244 1376 1516 1605 1180 1008 1401 770 1573 695 1383 1386 1063 160 1370 1257 0 1231 1366 1403 1370 1403 1527 1270 1425 438 1216 659 1864 1526 1146 794 1585 1549 973 1378 1174 1459 1187 1553
662 265 286 105 568 484 398 77 656 450 133 175 649 420 283 252 556 1732 521 633 538 519 404 1235 525 924 1231 0 2126 202 168 558 660 1036 259 1514 156 610 678 680 381 1418 400 682 329 309 1197 1118 256 708
1746 1901 1940 2121 2222 1820 1875 2081 1534 1764 2104 1976 1758 2070 1950 1992 1615 622 1979 1678 1630 1855 1939 1244 1643 1263 1366 2126 0 1948 1981 1594 1766 1276 1893 1170 2076 1642 2332 1657 1857 728 2054 1738 1957 1846 2157 1465 1987 2361
484 87 108 277 390 306 220 159 478 272 306 144 471 242 455 425 378 1554 343 805 360 341 447 1408 347 746 1403 202 1948 0 149 380 482 857 81 1686 329 783 500 502 365 1240 222 503 501 131 1370 940 428 529
517 120 141 243 423 340 253 126 512 305 272 177 504 275 422 391 411 1587 376 772 393 375 480 1374 380 779 1370 168 1981 149 0 413 516 891 115 1653 295 749 533 536 399 1273 255 537 468 164 1336 973 395 563
236 333 371 553 653 251 306 513 124 195 536 407 249 505 381 536 73 1199 469 805 88 286 370 1408 101 391 1403 558 1594 380 413 0 256 503 325 1391 507 783 763 148 289 885 485 228 457 278 1370 585 419 793
106 457 478 677 597 226 431 637 296 257 660 532 93 348 506 660 278 1371 257 929 292 165 495 1532 305 563 1527 682 1766 504 537 256 0 675 449 1563 631 907 707 224 413 1057 365 126 582 402 1494 757 543 737
655 810 849 1030 1131 729 784 990 443 673 1013 885 667 979 859 1014 524 882 888 1283 539 764 848 1147 552 173 1270 1036 1276 857 891 503 675 0 803 1073 985 1260 1241 567 766 567 963 647 935 756 1805 332 896 1271
429 52 73 335 355 251 165 214 423 217 363 109 416 207 403 482 323 1499 308 827 305 286 392 1430 292 691 1425 259 1893 81 115 325 427 803 0 1691 387 804 465 448 311 1185 187 449 479 96 1392 885 441 495
1543 1699 1738 1507 1983 1617 1673 1562 1332 1561 1527 1659 1556 1868 1463 1291 1413 574 1776 978 1428 1652 1346 316 1441 1061 438 1514 1170 1686 1653 1391 1563 1073 1691 0 1499 942 2130 1455 1429 598 1851 1535 1256 1644 1457 1262 1470 1836
633 393 413 71 695 455 511 205 606 399 54 302 620 547 152 237 505 1681 648 618 487 490 273 1220 474 873 1216 156 2076 329 295 507 631 985 387 1499 0 595 805 630 250 1367 527 653 314 436 1182 1067 125 835
909 812 851 604 1133 731 786 658 881 675 624 756 895 985 559 388 780 1248 952 119 763 766 442 664 750 1149 659 610 1642 783 749 783 907 1260 804 942 595 0 1243 905 525 934 965 928 353 758 676 1343 567 1056
709 471 418 753 292 690 604 633 862 656 782 527 696 389 842 901 761 1938 490 1266 744 661 831 1868 731 1130 1864 678 2332 500 533 763 707 1241 465 2130 805 1243 0 886 749 1624 369 728 918 515 1830 1324 879 431
204 455 494 675 776 374 429 635 188 318 658 530 217 529 504 659 169 1263 437 928 184 346 493 1529 197 455 1526 680 1657 502 536 148 224 567 448 1455 630 905 886 0 411 949 546 196 580 401 1492 649 541 916
415 318 357 295 639 237 292 429 387 181 278 393 402 491 124 279 286 1463 458 548 269 272 113 1150 256 655 1146 381 1857 365 399 289 413 766 311 1429 250 525 749 411 0 1149 471 434 200 264 1112 849 161 779
1037 1193 1232 1413 1514 1112 1167 1373 826 1055 1396 1268 1050 1362 1241 1284 907 334 1270 970 922 1146 1231 672 935 555 794 1418 728 1240 1273 885 1057 567 1185 598 1367 934 1624 949 1149 0 1346 1030 1248 1138 1449 757 1279 1653
367 193 140 475 259 380 325 355 584 378 504 249 354 56 564 623 483 1660 148 987 465 319 553 1590 453 852 1585 400 2054 222 255 485 365 963 187 1851 527 965 369 546 471 1346 0 386 640 237 1552 1045 601 398
127 478 500 698 618 247 452 658 268 278 681 553 114 369 527 682 250 1344 278 951 265 186 516 1553 278 536 1549 703 1738 525 559 228 126 647 470 1535 653 928 728 196 434 1030 386 0 603 423 1515 730 564 758
583 487 526 322 808 406 461 377 556 349 342 474 570 660 234 106 455 1562 627 375 437 441 117 978 424 823 973 329 1957 501 468 457 582 935 479 1256 314 353 918 580 200 1248 640 603 0 432 940 1017 271 947
382 102 123 384 405 205 118 264 377 170 413 159 369 257 356 511 276 1452 358 780 258 239 345 1383 245 644 1378 309 1846 131 164 278 380 756 96 1644 436 758 515 401 264 1138 237 402 432 0 1345 838 394 544
1496 1399 1438 1191 1587 1318 1373 1245 1468 1262 1211 1343 1483 1572 1147 975 1368 1763 1539 583 1350 1353 1029 1178 1337 1736 1174 1197 2157 1370 1336 1370 1494 1805 1392 1457 1182 676 1830 1492 1112 1449 1552 1515 940 1345 0 1930 1154 1441
737 893 932 1113 1214 811 867 1073 526 755 1096 967 750 1062 941 1096 607 1071 970 1365 622 846 931 1336 635 362 1459 1118 1465 940 973 585 757 332 885 1262 1067 1343 1324 649 849 757 1045 730 1017 838 1930 0 979 1353
545 448 487 171 769 367 422 304 517 311 154 402 532 621 63 209 416 1593 588 589 399 402 185 1192 386 785 1187 256 1987 428 395 419 543 896 441 1470 125 567 879 541 161 1279 601 564 271 394 1154 979 0 909
738 501 448 783 169 720 633 662 892 685 812 557 725 418 871 931 791 1967 520 962 773 690 860 1558 760 1159 1553 708 2361 529 563 793 737 1271 495 1836 835 1056 431 916 779 1653 398 758 947 544 1441 1353 909 0
EOF