NAME : tsp_problem
TYPE : TSP
DIMENSION : 30
EDGE_WEIGHT_TYPE : EXPLICIT
EDGE_WEIGHT_FORMAT : FULL_MATRIX
EDGE_WEIGHT_SECTION
0 413 132 160 1457 339 364 320 183 1010 444 280 387 322 895 120 446 363 1309 289 179 1471 598 180 316 768 325 161 222 152
413 0 501 530 1290 709 671 689 553 1379 813 650 221 691 1265 410 719 197 1142 658 353 1304 967 550 686 1138 158 530 592 522
132 501 0 171 1546 238 375 219 194 909 343 292 476 333 795 131 458 452 1397 300 190 1465 609 191 215 780 413 172 131 164
160 530 171 0 1574 379 254 359 73 1049 483 320 504 361 935 159 336 480 1426 328 219 1588 637 220 356 808 442 200 261 192
1457 1290 1546 1574 0 1468 1716 1480 1597 1363 1702 1694 1097 1736 1249 1454 1763 1119 174 1703 1397 388 2012 1594 1664 2164 1172 1575 1580 1566
339 709 238 379 1468 0 582 49 401 708 361 499 683 504 593 338 665 659 1599 507 397 1263 816 399 233 987 621 210 149 371
364 671 375 254 1716 582 0 563 205 1179 638 280 646 395 1139 363 349 622 1567 361 422 1730 434 424 560 605 583 404 465 396
320 689 219 359 1480 49 563 0 382 719 341 479 664 516 605 319 645 640 1585 488 378 1275 797 379 214 967 601 190 130 351
183 553 194 73 1597 401 205 382 0 1072 506 343 527 384 958 182 287 503 1448 351 241 1611 598 243 379 769 464 223 284 215
1010 1379 909 1049 1363 708 1179 719 1072 0 685 925 1354 807 409 1009 1336 1330 1494 841 1068 1159 846 1002 812 887 1291 880 820 981
444 813 343 483 1702 361 638 341 506 685 0 384 788 266 827 443 770 764 1709 300 502 1497 702 461 184 872 725 314 254 441
280 650 292 298 1694 499 280 479 321 925 384 0 624 141 1055 279 584 600 1546 108 339 1708 344 176 476 514 562 320 382 156
387 221 476 504 1097 683 646 664 527 1354 788 624 0 666 1240 384 694 58 949 633 328 1111 942 524 660 1113 103 505 566 497
322 691 333 340 1736 504 395 516 362 807 266 141 666 0 953 321 626 642 1587 149 380 1623 459 218 426 629 603 362 423 198
895 1265 795 935 1249 593 1139 605 958 409 827 1055 1240 953 0 895 1221 1216 1380 987 954 1044 1170 955 790 1210 1177 766 705 927
120 410 131 159 1454 338 363 319 182 1009 443 279 384 321 895 0 445 360 1305 288 178 1468 597 179 315 768 321 160 221 152
446 719 458 336 1763 665 349 645 287 1336 770 589 694 648 1221 445 0 670 1615 614 505 1777 743 506 642 913 631 486 548 478
363 197 452 480 1119 659 622 640 503 1330 764 600 58 642 1216 360 670 0 970 609 304 1133 918 500 636 1089 79 481 542 473
1309 1142 1397 1426 174 1599 1567 1585 1448 1494 1709 1546 949 1587 1380 1305 1615 970 0 1554 1249 544 1863 1446 1582 2034 1024 1426 1487 1418
289 658 300 306 1703 507 361 488 329 841 300 108 633 149 987 288 592 609 1554 0 347 1657 425 185 459 596 570 329 390 164
179 353 190 219 1397 397 422 378 241 1068 502 339 328 380 954 178 505 304 1249 347 0 1411 656 239 375 827 265 219 280 211
1471 1304 1465 1588 388 1263 1730 1275 1611 1159 1497 1708 1111 1623 1044 1468 1777 1133 544 1657 1411 0 1919 1608 1460 1960 1186 1436 1376 1580
598 967 609 615 2012 816 434 797 598 846 702 344 942 459 1170 597 743 918 1863 425 656 1919 0 494 793 202 879 638 699 473
220 590 231 136 1634 439 340 419 159 1109 543 380 564 421 995 219 422 540 1486 388 279 1648 697 0 416 868 502 260 321 252
316 686 215 356 1664 233 560 214 379 812 184 476 660 426 790 315 642 636 1582 459 375 1460 793 376 0 964 598 187 126 348
768 1138 780 786 2164 987 605 967 769 887 872 514 1113 629 1210 768 913 1089 2034 596 827 1960 202 665 964 0 1050 809 870 644
325 158 413 442 1172 621 583 601 464 1291 725 562 103 603 1177 321 631 79 1024 570 265 1186 879 462 598 1050 0 442 503 434
161 530 172 200 1575 210 404 190 223 880 314 320 505 362 766 160 486 481 1426 329 219 1436 638 220 187 809 442 0 103 193
222 592 131 261 1580 149 465 130 284 820 254 382 566 423 705 221 548 542 1487 390 280 1376 699 281 126 870 503 103 0 254
152 522 164 177 1566 371 381 351 200 981 441 156 497 198 927 152 464 473 1418 164 211 1580 473 56 348 644 434 193 254 0
EOF