NAME : tsp_problem
TYPE : TSP
DIMENSION : 54
EDGE_WEIGHT_TYPE : EXPLICIT
EDGE_WEIGHT_FORMAT : FULL_MATRIX
EDGE_WEIGHT_SECTION
0 326 799 824 231 893 367 137 664 1077 965 517 638 305 1744 293 419 533 696 226 319 299 327 166 215 571 471 1364 1561 301 882 174 174 328 452 698 436 266 312 263 301 294 461 115 450 275 407 417 356 323 192 284 206 1961
326 0 558 1119 526 1188 662 422 959 837 1260 813 834 501 1557 488 611 728 455 521 615 494 426 361 156 867 766 1659 1404 596 1177 370 369 88 666 993 732 462 508 459 596 489 757 311 645 570 167 703 115 305 387 579 502 1803
799 558 0 1262 998 1661 1135 895 1431 778 1374 1285 1306 973 1499 961 1083 1201 397 994 1087 967 898 834 629 1339 1239 2131 1345 1069 1205 842 842 484 1138 1466 1204 935 980 931 1069 962 1229 783 1118 1043 462 1175 468 778 860 1052 974 1745
824 1119 1262 0 623 575 831 729 209 695 167 793 1431 1005 946 1018 1212 1326 1036 791 821 1011 1120 789 1008 299 709 960 764 802 84 967 782 1122 837 294 712 1038 998 1056 580 1010 737 841 871 580 1194 802 1149 1116 985 737 649 1163
231 526 998 623 0 702 365 135 462 1277 763 326 838 505 1542 492 619 732 895 224 317 499 526 196 414 370 270 1162 1360 299 680 374 188 528 371 496 245 466 512 463 100 493 271 247 405 74 607 336 555 523 391 271 74 1759
893 1188 1661 575 702 0 578 797 387 1243 715 403 1072 752 1494 764 975 914 1557 694 627 758 1189 858 1076 440 815 1035 1312 654 632 907 850 1190 584 369 492 785 744 819 659 757 484 909 618 659 1269 549 1217 1185 864 640 728 1711
367 662 1135 831 365 578 0 271 671 1413 972 202 714 272 1751 285 495 609 1031 168 68 278 663 332 550 578 478 1371 1568 95 889 427 324 664 104 705 155 305 265 339 322 277 118 383 138 322 743 69 692 659 384 162 341 1968
137 422 895 729 135 797 271 0 568 1173 869 422 734 401 1648 389 516 629 792 131 224 395 423 103 311 476 376 1268 1466 205 786 270 95 425 357 602 341 363 408 360 206 390 366 154 391 180 503 322 452 420 288 189 111 1865
664 959 1431 209 462 387 671 568 0 878 350 632 1271 844 1129 857 1052 1165 1219 631 660 851 960 629 847 138 548 773 947 642 267 807 621 961 677 107 551 878 837 896 420 849 577 680 711 419 1040 642 988 956 824 577 489 1346
1077 837 778 695 1277 1243 1413 1173 878 0 807 1461 1584 1251 740 1239 1362 1479 552 1272 1365 1245 1176 1112 907 967 1377 1629 609 1347 637 1120 1120 763 1416 963 1380 1213 1258 1210 1248 1240 1405 1062 1396 1248 710 1454 746 1056 1138 1330 1253 1030
965 1260 1374 167 763 715 972 869 350 807 0 933 1572 1146 865 1158 1353 1466 1148 932 961 1152 1261 930 1148 440 849 1101 683 943 196 1108 922 1262 978 435 852 1179 1138 1197 721 1151 878 981 1012 720 1306 943 1289 1257 1126 878 790 1082
517 813 1285 793 326 403 202 422 632 1461 933 0 818 376 1712 389 600 713 1182 318 252 383 813 483 701 540 440 1332 1530 278 850 531 475 815 209 666 116 410 369 444 284 381 108 534 243 283 894 174 842 810 489 264 353 1929
638 834 1306 1431 838 1072 714 734 1271 1584 1572 818 0 472 2305 460 350 270 1203 833 763 466 653 673 722 1179 1078 1971 2151 790 1489 518 681 836 637 1305 771 433 479 411 908 461 734 623 617 882 915 674 863 650 475 857 814 2551
305 501 973 1005 505 752 272 401 844 1251 1146 376 472 0 1924 127 253 367 870 420 321 133 479 340 389 752 652 1544 1742 348 1063 185 348 503 195 879 328 100 146 97 496 128 292 290 175 496 581 232 530 476 142 414 481 2141
1744 1557 1499 946 1542 1494 1751 1648 1129 740 865 1712 2305 1924 0 1937 2082 2199 1273 1711 1740 1931 1897 1709 1627 1219 1628 1880 213 1722 975 1841 1701 1483 1757 1214 1631 1933 1917 1930 1500 1930 1657 1760 1791 1499 1430 1722 1466 1776 1858 1657 1569 350
293 488 961 1018 492 764 285 389 857 1239 1158 389 460 127 1937 0 241 354 858 433 334 121 467 328 377 765 665 1557 1755 361 1075 173 336 490 208 891 341 88 134 85 509 115 305 277 187 508 569 245 518 463 130 427 468 2154
419 611 1083 1212 619 975 495 516 1052 1362 1353 600 350 253 2082 241 0 244 980 614 545 247 333 454 503 960 859 1752 1929 571 1270 299 462 613 418 1086 552 215 260 192 689 242 515 404 398 663 692 455 640 330 257 638 595 2328
533 728 1201 1326 732 914 609 629 1165 1479 1466 713 270 367 2199 354 244 0 1098 728 658 361 548 568 617 1073 973 1865 2046 685 1384 413 576 731 532 1199 665 328 374 305 803 355 629 517 511 777 809 569 758 545 370 751 708 2445
696 455 397 1036 895 1557 1031 792 1219 552 1148 1182 1203 870 1273 858 980 1098 0 891 984 864 795 731 525 1236 1136 1970 1120 965 979 739 738 381 1035 1304 1101 831 877 828 966 859 1126 680 1015 940 329 1072 365 675 757 948 871 1519
226 521 994 791 224 694 168 131 631 1272 932 318 833 420 1711 433 614 728 891 0 120 427 522 191 410 539 438 1331 1528 102 849 369 184 524 253 665 237 454 413 458 282 425 262 242 287 268 602 218 551 518 387 85 200 1928
319 615 1087 821 317 627 68 224 660 1365 961 252 763 321 1740 334 545 658 984 120 0 328 615 285 503 568 468 1360 1558 48 878 462 277 617 154 694 204 355 314 389 312 326 167 336 188 311 696 119 644 612 434 114 293 1957
299 494 967 1011 499 758 278 395 851 1245 1152 383 466 133 1931 121 247 361 864 427 328 0 473 334 383 759 658 1551 1749 354 1069 179 342 497 201 885 335 94 140 91 502 121 298 283 181 502 575 238 524 470 136 421 474 2148
327 426 898 1120 526 1189 663 423 960 1176 1261 813 653 501 1897 489 333 548 795 522 615 495 0 362 397 867 767 1660 1744 597 1178 370 370 428 666 994 732 463 508 460 597 490 757 311 646 571 507 703 455 145 388 580 502 2143
166 361 834 789 196 858 332 103 629 1112 930 483 673 340 1709 328 454 568 731 191 285 334 362 0 250 537 436 1329 1527 266 847 209 155 364 417 663 401 302 347 299 266 329 427 150 451 240 442 382 391 358 227 249 172 1926
215 156 629 1008 414 1076 550 311 847 907 1148 701 722 389 1627 377 503 617 525 410 503 383 397 250 0 755 655 1547 1474 484 1065 258 257 158 554 881 620 350 396 347 485 378 645 199 534 459 237 591 186 276 276 467 390 1873
571 867 1339 299 370 440 578 476 138 967 440 540 1179 752 1219 765 960 1073 1236 539 568 759 867 537 755 0 456 825 1036 550 357 715 529 869 585 159 459 786 745 804 328 757 484 588 619 327 948 550 896 864 732 485 396 1436
471 766 1239 709 270 815 478 376 548 1377 849 440 1078 652 1628 665 859 973 1136 438 468 658 767 436 655 456 0 1248 1446 449 766 614 429 769 485 582 359 685 645 704 227 657 384 488 518 227 847 449 796 763 632 384 296 1845
1364 1659 2131 960 1162 1035 1371 1268 773 1629 1101 1332 1971 1544 1880 1557 1752 1865 1970 1331 1360 1551 1660 1329 1547 825 1248 0 1698 1342 1018 1507 1321 1661 1377 684 1251 1578 1537 1596 1120 1549 1276 1380 1411 1119 1740 1342 1688 1656 1524 1277 1189 2097
1561 1404 1345 764 1360 1312 1568 1466 947 609 683 1530 2151 1742 213 1755 1929 2046 1120 1528 1558 1749 1744 1527 1474 1036 1446 1698 0 1539 793 1688 1519 1330 1575 1032 1449 1775 1735 1777 1317 1747 1474 1578 1609 1317 1277 1540 1313 1623 1705 1475 1386 503
301 596 1069 802 299 654 95 205 642 1347 943 278 790 348 1722 361 571 685 965 102 48 354 597 266 484 550 449 1342 1539 0 860 444 258 598 180 676 231 381 341 415 293 353 194 317 214 293 677 145 626 593 460 96 275 1939
882 1177 1205 84 680 632 889 786 267 637 196 850 1489 1063 975 1075 1270 1384 979 849 878 1069 1178 847 1065 357 766 1018 793 860 0 1025 839 1179 895 352 769 1096 1055 1114 638 1068 795 898 929 637 1136 860 1173 1174 1043 795 707 1192
251 447 919 1044 451 1113 587 347 884 1197 1185 738 758 425 1918 413 474 653 816 446 539 419 324 286 335 792 691 1584 1764 521 1102 0 294 449 590 918 656 387 432 384 521 414 682 236 570 495 528 628 476 320 312 504 427 2164
174 369 842 782 188 850 324 95 621 1120 922 475 681 348 1701 336 462 576 738 184 277 342 370 155 257 529 429 1321 1519 258 839 217 0 371 410 655 394 309 355 306 259 336 419 158 443 232 450 374 399 366 235 241 164 1918
328 88 484 1122 528 1190 664 425 961 763 1262 815 836 503 1483 490 613 731 381 524 617 497 428 364 158 869 769 1661 1330 598 1179 372 371 0 668 995 734 464 510 461 598 491 759 313 648 572 93 705 56 308 390 581 504 1729
452 666 1138 837 371 584 104 357 677 1416 978 209 637 195 1757 208 418 532 1035 253 154 201 644 417 554 585 485 1377 1575 180 895 350 410 668 0 711 161 228 188 262 328 200 124 455 61 328 747 76 695 641 307 247 397 1974
698 993 1466 294 496 369 705 602 107 963 435 666 1305 879 1214 891 1086 1199 1304 665 694 885 994 663 881 159 582 684 1032 676 352 841 655 995 711 0 585 912 871 930 454 884 611 714 745 453 1074 676 1023 990 859 611 523 1431
436 732 1204 712 245 492 155 341 551 1380 852 116 771 328 1631 341 552 665 1101 237 204 335 732 401 620 459 359 1251 1449 231 769 484 394 734 161 585 0 362 321 396 203 334 61 453 195 202 812 126 761 729 441 183 272 1848
266 462 935 1038 466 785 305 363 878 1213 1179 410 433 100 1933 88 215 328 831 454 355 94 441 302 350 786 685 1578 1775 381 1096 147 309 464 228 912 362 0 107 59 529 89 325 251 208 510 543 265 492 437 104 448 442 2175
312 508 980 998 512 744 265 408 837 1258 1138 369 479 146 1917 134 260 374 877 413 314 140 486 347 396 745 645 1537 1735 341 1055 192 355 510 188 871 321 107 0 104 489 135 284 297 167 488 589 225 537 483 149 407 488 2134
263 459 931 1056 463 819 339 360 896 1210 1197 444 411 97 1930 85 192 305 828 458 389 91 438 299 347 804 704 1596 1777 415 1114 143 306 461 262 930 396 59 104 0 533 86 359 248 242 507 540 300 488 434 101 482 439 2176
301 596 1069 580 100 659 322 206 420 1248 721 284 908 496 1500 509 689 803 966 282 312 502 597 266 485 328 227 1120 1317 293 638 444 259 598 328 454 203 529 489 533 0 501 228 317 362 71 677 293 626 593 462 228 126 1717
294 489 962 1010 493 757 277 390 849 1240 1151 381 461 128 1930 115 242 355 859 425 326 121 468 329 378 757 657 1549 1747 353 1068 174 336 491 200 884 334 89 135 86 501 0 297 278 180 501 570 237 519 464 131 419 469 2147
461 757 1229 737 271 484 118 366 577 1405 878 108 734 292 1657 305 515 629 1126 262 167 298 741 427 645 484 384 1276 1474 194 795 447 419 759 124 611 61 325 284 359 228 297 0 478 158 228 838 89 786 738 404 209 297 1874
115 311 783 841 247 909 383 154 680 1062 981 534 623 290 1760 277 404 517 680 242 336 283 311 150 199 588 488 1380 1578 317 898 159 158 313 455 714 453 251 297 248 317 278 478 0 434 291 392 433 340 308 176 300 223 1977
450 645 1118 871 405 618 138 391 711 1396 1012 243 617 175 1791 187 398 511 1015 287 188 181 624 451 534 619 518 1411 1609 214 929 330 443 648 61 745 195 208 167 242 362 180 158 434 0 362 726 98 675 621 287 281 431 2008
275 570 1043 580 74 659 322 180 419 1248 720 283 882 496 1499 508 663 777 940 268 311 502 571 240 459 327 227 1119 1317 293 637 418 232 572 328 453 202 510 488 507 71 501 228 291 362 0 651 293 600 567 436 228 100 1716
407 167 462 1194 607 1269 743 503 1040 710 1306 894 915 581 1430 569 692 809 329 602 696 575 507 442 237 948 847 1740 1277 677 1136 451 450 93 747 1074 812 543 589 540 677 570 838 392 726 651 0 784 76 386 468 660 583 1676
417 703 1175 802 336 549 69 322 642 1454 943 174 674 232 1722 245 455 569 1072 218 119 238 682 382 591 550 449 1342 1540 145 860 387 374 705 76 676 126 265 225 300 293 237 89 433 98 293 784 0 732 678 345 212 362 1939
356 115 468 1149 555 1217 692 452 988 746 1289 842 863 530 1466 518 640 758 365 551 644 524 455 391 186 896 796 1688 1313 626 1173 399 399 56 695 1023 761 492 537 488 626 519 786 340 675 600 76 732 0 335 417 609 531 1712
323 305 778 1116 523 1185 659 420 956 1056 1257 810 650 498 1776 485 330 545 675 518 612 491 145 358 276 864 763 1656 1623 593 1174 367 366 308 663 990 729 459 505 456 593 486 754 308 642 567 386 700 335 0 384 576 499 2022
192 387 860 985 391 864 384 288 824 1138 1126 489 475 142 1858 130 257 370 757 387 434 136 366 227 276 732 632 1524 1705 460 1043 72 235 390 307 859 441 104 149 101 462 131 404 176 287 436 468 345 417 363 0 445 367 2105
284 579 1052 737 271 640 162 189 577 1330 878 264 857 414 1657 427 638 751 948 85 114 421 580 249 467 485 384 1277 1475 96 795 427 241 581 247 611 183 448 407 482 228 419 209 300 281 228 660 212 609 576 445 0 258 1874
206 502 974 649 74 728 341 111 489 1253 790 353 814 481 1569 468 595 708 871 200 293 474 502 172 390 396 296 1189 1386 275 707 350 164 504 397 523 272 442 488 439 126 469 297 223 431 100 583 362 531 499 367 258 0 1786
1961 1803 1745 1163 1759 1711 1968 1865 1346 1030 1082 1929 2551 2141 350 2154 2328 2445 1519 1928 1957 2148 2143 1926 1873 1436 1845 2097 503 1939 1192 2087 1918 1729 1974 1431 1848 2175 2134 2176 1717 2147 1874 1977 2008 1716 1676 1939 1712 2022 2105 1874 1786 0
EOF