NAME : tsp_problem
TYPE : TSP
DIMENSION : 86
EDGE_WEIGHT_TYPE : EXPLICIT
EDGE_WEIGHT_FORMAT : FULL_MATRIX
EDGE_WEIGHT_SECTION
0 127 136 425 351 323 136 295 681 177 768 181 419 260 993 95 1591 464 641 237 197 536 157 922 94 311 382 1117 560 309 273 398 122 327 2025 653 617 1427 134 273 235 196 194 208 158 1456 692 304 280 1060 273 1510 191 1975 1247 573 416 186 170 190 210 992 500 801 689 287 210 330 646 292 378 252 392 746 1809 164 694 263 822 446 248 601 849 321 415 395
127 0 194 395 382 225 193 392 583 234 826 83 320 357 1051 152 1671 522 699 139 98 438 200 897 152 213 425 1174 618 367 316 299 179 385 2122 555 674 1524 177 316 333 97 95 109 215 1514 789 205 377 1117 174 1590 288 1877 1344 475 459 283 72 247 268 1064 598 859 664 384 112 427 548 336 359 310 460 804 1866 222 752 165 919 378 150 698 907 379 473 296
136 194 0 532 419 391 171 402 749 244 656 249 486 367 881 162 1501 352 529 305 264 604 225 1029 161 378 450 1004 448 197 341 465 180 215 2132 720 505 1534 202 326 342 263 261 275 143 1344 799 371 387 947 340 1420 298 2042 1353 640 484 293 238 116 98 1099 607 689 796 394 277 437 714 303 446 140 499 634 1697 232 582 331 929 544 315 708 737 209 303 462
425 395 532 0 564 193 531 305 765 319 1163 354 115 342 1388 490 1546 860 1036 321 457 620 552 555 489 207 777 1422 956 705 669 482 517 722 1979 737 1012 1382 529 668 369 457 341 312 553 1852 647 388 320 1455 357 1465 324 2059 1201 657 811 319 366 585 606 722 455 1197 321 324 324 207 730 688 541 647 90 1141 2204 336 1090 347 777 46 332 556 1244 716 810 479
351 382 419 564 0 394 418 617 516 459 988 341 490 582 1213 377 1833 684 861 276 444 371 218 1067 376 382 324 1337 780 345 215 119 404 332 2347 487 837 1749 267 215 557 444 328 299 440 1677 1014 202 602 1280 232 1753 513 1809 1568 407 358 508 353 472 458 1234 822 1021 833 609 311 652 481 234 179 472 629 966 2029 447 914 239 1144 547 259 923 1069 328 635 229
323 225 391 193 394 0 390 446 595 431 1022 184 119 483 1247 349 1686 719 895 151 287 450 390 696 348 176 615 1371 814 564 506 312 376 581 2120 567 871 1523 367 506 510 287 171 142 412 1711 788 217 460 1314 187 1606 485 1889 1342 487 649 479 196 444 465 863 596 1056 462 465 153 375 560 525 371 506 258 1000 2063 418 949 177 917 176 162 697 1103 575 669 309
136 193 171 531 418 390 0 401 748 244 677 248 486 366 902 162 1523 374 550 304 263 603 224 1028 161 378 449 1026 470 219 340 465 188 236 2131 720 526 1534 201 340 342 263 260 275 165 1366 798 370 387 969 340 1442 297 2042 1353 640 483 292 237 138 120 1099 607 711 795 394 277 436 713 325 445 161 499 656 1718 231 604 330 928 543 315 708 759 231 324 462
295 392 402 305 617 446 401 0 947 189 1033 447 368 64 1201 360 1323 730 907 503 462 802 423 665 359 460 648 1200 826 575 539 663 387 592 1757 919 882 1160 400 539 91 461 459 473 423 1664 424 569 66 1267 538 1242 134 2241 979 839 682 140 436 455 476 725 233 1067 431 73 476 216 912 558 644 517 361 1012 2017 207 960 529 554 299 514 334 1115 587 681 660
681 583 749 765 516 595 748 947 0 789 1380 542 691 912 1605 707 2226 1077 1253 477 645 379 708 1146 706 583 814 1729 1173 834 705 433 734 822 2676 61 1229 2079 725 705 887 645 529 500 770 2069 1344 403 932 1672 433 2145 843 1818 1898 416 848 838 554 802 823 1313 1152 1414 1034 939 512 947 489 724 493 864 830 1358 2421 777 1307 440 1474 748 460 1253 1461 817 1027 371
177 234 244 319 459 431 244 189 789 0 876 289 409 154 1101 203 1485 572 749 345 304 644 265 816 202 419 490 1224 668 417 381 506 229 435 1918 761 725 1321 242 381 129 304 301 316 265 1564 586 411 174 1167 381 1404 85 2083 1140 681 524 80 278 297 318 886 394 909 582 181 318 224 754 400 486 360 286 854 1917 97 802 371 716 340 356 495 957 429 523 503
768 826 656 1163 988 1022 677 1033 1380 876 0 880 1118 998 725 716 1345 437 373 936 895 1235 856 1661 713 1010 984 849 444 672 875 1072 687 689 2763 1352 408 1661 833 800 974 895 893 907 650 1189 1425 1002 1019 792 972 1265 929 2674 1480 1272 1018 924 869 623 600 1731 1239 261 1427 1026 909 1068 1345 778 1015 549 1131 101 1541 863 154 962 1292 1175 947 1340 581 683 485 1094
181 83 249 354 341 184 248 447 542 289 880 0 280 412 1105 207 1726 577 753 98 145 397 248 856 206 172 473 1229 673 422 364 258 234 439 2177 514 729 1579 225 364 387 145 118 88 270 1569 844 164 432 1172 133 1645 343 1836 1398 434 507 338 119 302 323 1023 652 914 623 439 100 482 507 383 318 364 419 859 1921 277 807 124 974 337 109 753 961 434 527 255
419 320 486 115 490 119 486 368 691 409 1118 280 0 405 1343 445 1609 814 991 247 383 546 485 618 444 133 710 1467 910 659 601 407 471 677 2042 663 967 1445 462 601 432 382 267 237 508 1806 710 313 383 1409 282 1528 415 1985 1264 583 744 410 291 540 560 785 518 1151 384 387 249 298 656 621 467 602 180 1096 2159 427 1044 273 840 98 258 619 1199 671 765 404
260 357 367 342 582 483 366 64 912 154 998 412 405 0 1224 325 1360 695 872 468 427 767 388 702 324 497 613 1237 791 540 504 628 352 557 1794 884 847 1196 365 504 75 426 424 438 388 1687 461 534 50 1290 503 1279 118 2206 1016 804 647 124 401 420 441 761 270 1032 468 57 441 253 877 523 609 482 361 977 2039 172 925 494 591 336 479 371 1080 552 646 625
993 1051 881 1388 1213 1247 902 1201 1605 1101 725 1105 1343 1224 0 942 670 775 476 1161 1121 1460 1081 1190 938 1235 1210 228 546 897 1101 1297 912 914 2207 1577 510 986 1058 1025 1199 1120 1118 1132 875 513 804 1228 1216 116 1197 589 1154 2899 805 1497 1244 1149 1094 848 825 1175 1324 759 1385 1220 1134 1294 1571 1003 1240 774 1356 703 866 1088 652 1187 671 1400 1172 905 176 909 603 1319
95 152 162 490 377 349 162 360 707 203 716 207 445 325 942 0 1562 413 589 263 222 562 183 987 120 337 408 1065 509 258 299 424 147 275 2090 679 565 1492 160 299 301 222 219 234 183 1405 757 329 346 1008 299 1481 256 2001 1312 599 442 251 196 177 159 1057 566 750 754 352 236 395 672 318 404 200 458 695 1757 190 643 289 887 502 274 666 798 270 363 421
1591 1671 1501 1546 1833 1686 1523 1323 2226 1485 1345 1726 1609 1360 670 1562 0 1395 1096 1782 1741 2044 1701 1312 1558 1700 1830 848 1166 1517 1721 1917 1532 1534 2329 2197 1131 680 1678 1646 1387 1740 1738 1752 1495 599 926 1848 1338 589 1817 283 1430 3519 499 2117 1864 1435 1714 1468 1445 1297 1446 1379 1508 1342 1754 1456 2191 1623 1860 1394 1602 1324 952 1502 1272 1808 793 1540 1792 1027 797 1529 1223 1939
464 522 352 860 684 719 374 730 1077 572 437 577 814 695 775 413 1395 0 423 633 592 932 553 1357 410 706 681 898 342 368 572 768 383 386 2460 1048 398 1711 530 497 670 591 589 603 346 1238 1127 699 715 841 668 1314 626 2370 1530 969 715 621 566 319 297 1427 935 471 1124 722 605 765 1042 474 711 246 827 415 1591 560 364 659 1257 872 643 1036 631 380 197 790
641 699 529 1036 861 895 550 907 1253 749 373 753 991 872 476 589 1096 423 0 809 768 1108 729 1534 586 883 857 599 173 545 749 945 560 562 2578 1225 138 1411 706 673 847 768 766 780 523 939 1175 876 892 542 845 1015 802 2547 1231 1145 892 797 742 496 473 1546 1112 407 1300 899 782 942 1218 651 888 422 1004 351 1291 736 300 835 1042 1048 820 1213 332 557 251 967
237 139 305 321 276 151 304 503 477 345 936 98 247 468 1161 263 1782 633 809 0 201 332 304 824 262 139 529 1285 729 478 420 194 290 495 2233 449 785 1635 281 420 443 201 85 56 326 1625 900 100 488 1228 69 1701 399 1771 1454 369 563 394 110 358 379 991 708 970 590 495 68 504 443 439 253 420 386 915 1977 333 863 59 1030 304 44 809 1017 490 583 191
189 247 257 585 348 443 256 455 802 297 888 302 539 420 1113 215 1734 585 761 358 0 657 154 1082 214 431 379 1237 681 399 270 432 242 387 2184 773 737 1587 131 270 395 51 314 328 278 1577 852 424 440 1180 393 1653 351 2095 1406 693 413 346 290 310 331 1152 660 922 848 447 330 490 767 289 375 372 552 866 1929 285 815 384 982 597 368 761 969 382 535 515
536 438 604 620 371 450 603 802 379 644 1235 397 546 767 1460 562 2044 932 1108 332 501 0 563 796 561 438 669 1584 1028 689 560 288 589 677 2399 351 1084 1880 580 560 742 500 384 355 625 1924 1145 258 787 1527 288 1963 698 1620 1700 107 703 693 409 657 678 963 1007 1269 866 794 367 803 292 579 348 719 685 1214 2276 632 1162 296 1275 603 315 1108 1317 672 882 174
157 215 225 552 218 411 224 423 708 265 856 270 507 388 1081 183 1701 553 729 326 285 563 0 1050 182 399 249 1205 648 269 140 302 210 257 2152 679 705 1555 73 140 363 284 282 296 246 1545 820 392 408 1148 361 1621 319 2001 1374 600 283 313 258 278 299 1120 628 890 816 415 298 458 673 159 245 340 520 834 1897 252 783 352 949 565 336 729 937 253 503 421
922 897 1029 555 1067 696 1028 665 1146 816 1661 856 618 702 1190 987 1312 1357 1534 824 960 796 1050 0 987 710 1275 1189 1453 1202 1166 984 1014 1219 1667 1118 1509 1148 1027 1166 729 959 843 814 1050 1653 413 890 679 1256 859 1231 772 2387 968 874 1309 777 868 1082 1103 231 815 1694 260 684 826 622 1059 1185 1044 1145 620 1639 2006 834 1587 850 543 549 835 453 1262 1214 1308 941
94 152 161 489 376 348 161 359 706 202 713 206 444 324 938 120 1558 410 586 262 221 561 182 987 0 336 407 1062 505 255 298 423 146 272 2089 678 562 1492 159 298 300 221 219 233 183 1402 757 328 345 1005 298 1478 255 2000 1311 598 441 250 195 173 156 1057 565 747 753 352 235 394 671 317 403 197 457 691 1754 189 640 288 886 501 273 666 794 266 360 420
311 213 378 207 382 176 378 460 583 419 1010 172 133 497 1235 337 1700 706 883 139 275 438 377 710 336 0 602 1359 802 551 493 299 364 569 2134 555 859 1537 354 493 517 274 159 129 400 1698 802 205 474 1302 175 1620 472 1877 1356 475 636 467 183 432 452 876 610 1043 476 479 141 389 548 513 359 494 272 988 2051 406 936 165 931 190 150 711 1091 563 657 296
382 440 450 777 324 636 449 648 814 490 984 495 732 613 1210 408 1830 681 857 551 510 669 249 1275 407 624 0 1333 777 341 137 408 435 329 2377 785 833 1780 298 212 588 509 507 521 471 1673 1045 500 633 1276 530 1749 544 2107 1599 706 72 538 483 477 454 1345 853 1018 1041 640 523 683 779 231 351 468 745 963 2025 477 911 537 1174 790 557 954 1066 324 631 527
1117 1174 1004 1422 1337 1371 1026 1200 1729 1224 849 1229 1467 1237 228 1065 848 898 599 1285 1244 1584 1205 1189 1062 1359 1333 0 670 1020 1224 1420 1036 1038 2206 1701 634 1164 1182 1149 1264 1243 1241 1255 999 692 803 1351 1215 295 1320 768 1278 3023 983 1621 1367 1273 1218 971 949 1174 1323 882 1385 1219 1258 1333 1694 1127 1364 898 1478 827 1044 1212 775 1311 670 1416 1296 904 300 1032 727 1442
560 618 448 956 780 814 470 826 1173 668 444 673 910 791 546 509 1166 342 173 729 688 1028 648 1453 505 802 777 670 0 464 668 864 479 481 2555 1144 88 1482 625 593 766 687 685 699 442 1010 1223 795 811 613 764 1086 722 2466 1301 1064 811 717 661 415 392 1523 1031 477 1219 818 701 861 1138 570 807 341 923 422 1362 656 370 755 1113 968 739 1132 402 476 170 886
309 367 197 705 345 564 219 575 834 417 672 422 659 540 897 258 1517 368 545 478 437 689 269 1202 255 551 341 1020 464 0 232 428 228 135 2305 806 521 1707 318 160 515 436 434 448 191 1360 972 520 560 963 513 1436 471 2128 1526 726 375 466 411 164 142 1272 780 705 969 567 450 610 799 179 371 156 672 650 1713 405 598 504 1102 717 488 881 753 129 319 548
273 331 341 669 215 527 340 539 705 381 875 386 623 504 1101 299 1721 572 749 442 401 560 140 1166 298 515 137 1224 668 232 0 299 326 220 2268 677 724 1671 189 103 479 400 398 412 362 1564 936 391 524 1167 421 1640 435 1999 1490 597 171 430 374 368 345 1236 744 909 932 531 414 574 670 122 242 359 636 854 1916 369 802 429 1066 681 448 845 957 215 523 418
398 299 465 482 119 312 465 663 433 506 1072 258 407 628 1297 424 1917 768 945 194 362 288 302 984 423 299 408 1420 864 428 299 0 450 416 2393 405 920 1795 350 299 604 361 246 216 486 1760 1060 119 649 1363 149 1836 559 1727 1615 325 442 554 270 518 539 1151 869 1105 751 656 228 664 398 318 96 556 547 1050 2112 493 998 157 1190 465 176 970 1153 411 719 147
122 179 180 517 404 376 188 387 734 229 687 234 471 352 912 147 1532 383 560 290 249 589 210 1014 146 364 435 1036 479 228 326 450 0 246 2117 706 536 1519 187 326 328 248 246 260 174 1376 784 356 372 979 325 1452 283 2028 1339 626 469 278 223 147 130 1084 593 720 781 379 263 422 699 335 431 171 484 665 1728 217 613 316 914 529 301 693 768 240 334 447
327 385 215 722 332 581 236 592 822 435 689 439 677 557 914 275 1534 386 562 495 454 677 257 1219 272 569 329 1038 481 135 220 416 246 0 2322 794 538 1725 306 147 533 454 451 466 209 1378 989 508 578 981 531 1454 488 2116 1544 714 363 483 428 182 159 1290 798 723 986 585 468 627 787 167 359 173 690 667 1730 422 616 521 1119 734 506 899 770 147 336 535
2025 2122 2132 1979 2347 2120 2131 1757 2676 1918 2763 2177 2042 1794 2207 2090 2329 2460 2578 2233 2192 2399 2152 1667 2089 2134 2377 2206 2555 2305 2268 2393 2117 2322 0 2648 2612 2166 2129 2268 1821 2191 2189 2203 2153 2670 1431 2299 1772 2274 2268 2248 1864 2640 1985 2477 2411 1869 2165 2185 2206 1651 1880 2797 1862 1776 2205 1890 2642 2288 2373 2247 2035 2741 3023 1936 2690 2259 1560 1973 2243 1470 2279 2316 2410 2390
653 555 720 737 487 567 720 919 61 761 1352 514 663 884 1577 679 2197 1048 1225 449 617 351 679 1118 678 555 785 1701 1144 806 677 405 706 794 2648 0 1201 2051 696 676 859 616 501 472 742 2041 1316 374 904 1644 404 2117 814 1789 1870 387 819 809 525 774 794 1284 1124 1385 1006 911 483 919 461 696 464 836 802 1330 2393 748 1278 412 1445 720 431 1225 1433 789 999 343
617 674 505 1012 837 871 526 882 1229 725 408 729 967 847 510 565 1131 398 138 785 744 1084 705 1509 562 859 833 634 88 521 724 920 536 538 2612 1201 0 1446 682 649 823 744 741 756 499 974 1210 851 868 577 821 1050 778 2523 1266 1121 867 773 718 472 449 1579 1088 442 1276 875 758 917 1194 627 864 398 980 386 1326 712 334 811 1077 1024 796 1189 366 532 227 943
1427 1524 1534 1382 1749 1523 1534 1160 2079 1321 1661 1579 1445 1196 986 1492 680 1711 1411 1635 1594 1880 1555 1148 1492 1537 1780 1164 1482 1707 1671 1795 1519 1725 2166 2051 1446 0 1532 1671 1223 1593 1591 1606 1555 1249 763 1701 1174 988 1671 599 1267 3373 252 1958 1814 1272 1568 1587 1608 1133 1282 1695 1344 1179 1608 1293 2044 1690 1776 1650 1438 1639 1601 1339 1587 1661 629 1376 1646 863 1112 1719 1539 1792
134 192 202 529 267 388 201 400 747 242 833 247 484 365 1058 160 1678 530 706 303 262 602 73 1027 159 376 298 1182 625 318 189 350 187 306 2129 718 682 1532 0 189 340 261 259 273 223 1522 797 369 385 1125 338 1598 296 2040 1351 638 332 291 235 255 276 1097 605 867 793 392 275 435 712 208 294 317 497 811 1874 229 760 329 927 542 313 706 914 301 480 460
273 331 326 668 215 527 340 539 705 381 800 386 623 504 1025 299 1646 497 673 442 401 560 140 1166 298 515 212 1149 593 160 103 299 326 147 2268 676 649 1671 189 0 479 400 398 412 320 1489 936 391 524 1092 421 1565 435 1998 1490 597 246 429 374 293 270 1236 744 834 932 531 414 574 670 49 242 284 636 778 1841 368 727 428 1065 681 448 845 881 143 447 418
235 333 342 369 557 510 342 91 887 129 974 387 432 75 1199 301 1387 670 847 443 403 742 363 729 300 517 588 1264 766 515 479 604 328 533 1821 859 823 1223 340 479 0 402 400 414 364 1662 488 510 77 1266 479 1306 135 2181 1043 779 622 130 376 396 416 788 297 1007 495 83 416 274 852 498 584 458 336 952 2015 147 900 469 618 363 454 397 1055 527 621 601
155 213 223 550 314 409 222 421 768 263 854 268 505 386 1079 181 1699 551 727 324 283 623 120 1048 180 397 345 1203 646 365 236 397 208 353 2150 739 703 1553 97 236 361 0 280 294 244 1543 818 390 406 1146 359 1619 317 2061 1372 659 379 312 256 276 297 1118 626 888 814 413 296 456 733 255 341 338 518 832 1895 250 781 350 948 563 334 727 935 348 501 481
194 95 261 341 328 171 260 459 529 301 893 118 267 424 1118 219 1738 589 766 85 158 384 260 843 219 159 485 1241 685 434 376 246 246 451 2189 501 741 1591 237 376 400 157 0 76 282 1581 856 151 444 1184 121 1657 355 1823 1411 421 519 350 129 314 335 1010 665 926 610 451 87 494 494 395 305 377 406 871 1933 289 819 111 986 324 96 765 974 446 540 242
208 109 275 312 299 142 275 473 500 316 907 88 237 438 1132 234 1752 603 780 56 172 355 274 814 233 129 499 1255 699 448 390 216 260 466 2203 472 756 1606 251 390 414 171 76 0 297 1595 870 122 459 1198 91 1671 369 1794 1425 392 533 364 100 328 349 981 679 940 581 466 58 494 465 410 276 391 377 885 1948 303 833 82 1000 295 67 780 988 460 554 213
158 215 143 553 440 412 165 423 770 265 650 270 508 388 875 183 1495 346 523 326 285 625 246 1050 183 400 471 999 442 191 362 486 174 209 2153 742 499 1555 223 320 364 284 282 297 0 1338 820 392 409 942 362 1414 319 2064 1375 662 505 314 259 110 92 1120 629 683 817 415 299 458 735 298 467 134 520 628 1691 253 576 352 950 565 337 729 731 203 297 483
1456 1514 1344 1852 1677 1711 1366 1664 2069 1564 1189 1569 1806 1687 513 1405 599 1238 939 1625 1584 1924 1545 1653 1402 1698 1673 692 1010 1360 1564 1760 1376 1378 2670 2041 974 1249 1522 1489 1662 1583 1581 1595 1338 0 1268 1691 1679 411 1660 853 1618 3363 1068 1961 1707 1613 1558 1311 1289 1638 1787 1222 1849 1684 1598 1757 2034 1466 1703 1238 1819 1167 381 1552 1115 1651 1134 1864 1636 1368 640 1372 1067 1782
692 789 799 647 1014 788 798 424 1344 586 1425 844 710 461 804 757 926 1127 1175 900 859 1145 820 413 757 802 1045 803 1223 972 936 1060 784 989 1431 1316 1210 763 797 936 488 858 856 870 820 1268 0 966 439 871 935 846 532 2638 582 1223 1079 537 833 852 873 398 547 1458 609 444 873 558 1309 955 1041 915 703 1403 1620 604 1351 926 157 641 911 128 876 984 1078 1057
304 205 371 388 202 217 370 569 403 411 1002 164 313 534 1228 329 1848 699 876 100 268 258 370 890 328 205 500 1351 795 520 391 119 356 508 2299 374 851 1701 347 391 510 267 151 122 392 1691 966 0 554 1294 69 1767 465 1696 1521 294 534 460 176 424 445 1057 775 1036 657 561 134 570 368 410 179 486 452 981 2043 399 929 65 1096 371 82 875 1084 503 650 116
280 377 387 320 602 460 387 66 932 174 1019 432 383 50 1216 346 1338 715 892 488 447 787 408 679 345 474 633 1215 811 560 524 649 372 578 1772 904 868 1174 385 524 77 447 444 459 409 1679 439 554 0 1282 524 1257 120 2226 994 824 667 125 421 440 461 739 248 1052 446 58 461 230 897 543 629 503 376 997 2031 192 945 514 569 314 499 348 1100 572 666 646
1060 1117 947 1455 1280 1314 969 1267 1672 1167 792 1172 1409 1290 116 1008 589 841 542 1228 1187 1527 1148 1256 1005 1302 1276 295 613 963 1167 1363 979 981 2274 1644 577 988 1125 1092 1266 1186 1184 1198 942 411 871 1294 1282 0 1263 592 1221 2966 808 1564 1310 1216 1161 914 892 1241 1390 825 1452 1287 1201 1360 1637 1069 1306 841 1422 770 763 1155 718 1254 737 1467 1239 971 243 975 670 1385
273 174 340 357 232 187 340 538 433 381 972 133 282 503 1197 299 1817 668 845 69 237 288 339 859 298 175 530 1320 764 513 421 149 325 531 2268 404 821 1671 316 421 479 236 121 91 362 1660 935 69 524 1263 0 1736 434 1726 1490 324 564 429 145 393 414 1026 744 1005 626 531 103 539 398 440 209 456 422 950 2013 368 898 34 1065 340 51 845 1053 525 619 146
1510 1590 1420 1465 1753 1606 1442 1242 2145 1404 1265 1645 1528 1279 589 1481 283 1314 1015 1701 1660 1963 1621 1231 1478 1620 1749 768 1086 1436 1640 1836 1452 1454 2248 2117 1050 599 1598 1565 1306 1659 1657 1671 1414 853 846 1767 1257 592 1736 0 1349 3439 418 2037 1783 1355 1634 1387 1365 1216 1365 1298 1427 1262 1674 1376 2110 1542 1779 1314 1521 1243 1205 1422 1191 1727 712 1459 1712 946 716 1448 1143 1858
191 288 298 324 513 485 297 134 843 85 929 343 415 118 1154 256 1430 626 802 399 358 698 319 772 255 472 544 1278 722 471 435 559 283 488 1864 814 778 1267 296 435 135 357 355 369 319 1618 532 465 120 1221 434 1349 0 2136 1086 735 578 85 332 351 372 832 340 963 538 127 371 229 808 454 540 413 292 908 1970 103 856 425 661 346 409 441 1010 483 576 556
1975 1877 2042 2059 1809 1889 2042 2241 1818 2083 2674 1836 1985 2206 2899 2001 3519 2370 2547 1771 1939 1620 2001 2387 2000 1877 2107 3023 2466 2128 1999 1727 2028 2116 2640 1789 2523 3373 2018 1998 2181 1938 1823 1794 2064 3363 2638 1696 2226 2966 1726 3439 2136 0 3192 1657 2141 2131 1847 2096 2116 2554 2446 2707 2328 2233 1805 2241 1381 2018 1786 2158 2124 2652 3715 2070 2600 1734 2767 2042 1753 2547 2755 2111 2321 1612
1247 1344 1353 1201 1568 1342 1353 979 1898 1140 1480 1398 1264 1016 805 1312 499 1530 1231 1454 1414 1700 1374 968 1311 1356 1599 983 1301 1526 1490 1615 1339 1544 1985 1870 1266 252 1351 1490 1043 1413 1411 1425 1375 1068 582 1521 994 808 1490 418 1086 3192 0 1778 1633 1091 1387 1407 1428 953 1102 1514 1163 998 1427 1112 1864 1510 1595 1469 1257 1459 1421 1158 1407 1480 449 1195 1465 683 932 1538 1358 1612
573 475 640 657 407 487 640 839 416 681 1272 434 583 804 1497 599 2117 969 1145 369 537 107 600 874 598 475 706 1621 1064 726 597 325 626 714 2477 387 1121 1958 617 597 779 537 421 392 662 1961 1223 294 824 1564 324 2037 735 1657 1778 0 740 729 446 694 715 1041 1044 1306 926 831 403 839 329 616 384 756 722 1250 2313 668 1198 332 1353 640 351 1145 1353 709 919 210
416 474 484 811 358 670 483 682 848 524 1018 529 766 647 1244 442 1864 715 892 585 544 703 283 1309 441 658 72 1367 811 375 171 442 469 363 2411 819 867 1814 332 246 622 543 541 555 505 1707 1079 534 667 1310 564 1783 578 2141 1633 740 0 573 517 511 488 1379 887 1052 1075 674 557 717 813 265 385 502 779 997 2059 511 945 572 1209 824 591 988 1100 358 666 561
186 283 293 319 508 479 292 140 838 80 924 338 410 124 1149 251 1435 621 797 394 353 693 313 777 250 467 538 1273 717 466 430 554 278 483 1869 809 773 1272 291 429 130 352 350 364 314 1613 537 460 125 1216 429 1355 85 2131 1091 729 573 0 326 346 367 837 345 958 544 132 366 224 803 449 535 408 287 902 1965 97 851 420 666 341 404 446 1005 478 571 551
170 72 238 366 353 196 237 436 554 278 869 119 291 401 1094 196 1714 566 742 110 134 409 237 868 195 183 462 1218 661 411 353 270 223 428 2165 525 718 1568 214 353 376 134 129 100 259 1558 833 176 421 1161 145 1634 332 1847 1387 446 496 326 0 291 312 1035 641 903 635 428 112 471 519 372 330 353 431 847 1910 265 796 136 962 349 120 742 950 422 516 267
190 247 116 585 472 444 138 455 802 297 623 302 540 420 848 177 1468 319 496 358 317 657 278 1082 173 432 477 971 415 164 368 518 147 182 2185 774 472 1587 255 293 396 316 314 328 110 1311 852 424 440 914 393 1387 351 2096 1407 694 511 346 291 0 65 1152 661 656 849 447 331 490 767 270 499 107 552 601 1664 285 549 384 982 597 369 761 704 176 270 515
210 268 98 606 458 465 120 476 823 318 600 323 560 441 825 159 1445 297 473 379 338 678 299 1103 156 452 454 949 392 142 345 539 130 159 2206 794 449 1608 276 270 416 337 335 349 92 1289 873 445 461 892 414 1365 372 2116 1428 715 488 367 312 65 0 1173 682 634 870 468 351 511 788 248 485 84 573 578 1641 306 527 405 1003 618 390 782 681 153 247 536
992 1064 1099 722 1234 863 1099 725 1313 886 1731 1023 785 761 1175 1057 1297 1427 1546 991 1127 963 1120 231 1057 876 1345 1174 1523 1272 1236 1151 1084 1290 1651 1284 1579 1133 1097 1236 788 1126 1010 981 1120 1638 398 1057 739 1241 1026 1216 832 2554 953 1041 1379 837 1035 1152 1173 0 847 1764 427 744 993 788 1225 1255 1211 1215 786 1709 1990 904 1657 1017 528 716 1001 438 1246 1284 1378 1107
500 598 607 455 822 596 607 233 1152 394 1239 652 518 270 1324 566 1446 935 1112 708 668 1007 628 815 565 610 853 1323 1031 780 744 869 593 798 1880 1124 1088 1282 605 744 297 667 665 679 629 1787 547 775 248 1390 744 1365 340 2446 1102 1044 887 345 641 661 682 847 0 1272 582 252 681 366 1118 763 849 723 511 1217 2140 412 1165 734 677 449 719 456 1320 792 886 866
914 971 802 1309 1134 1168 823 1179 1526 1022 269 1026 1264 1144 871 862 1491 583 519 1082 1041 1381 1002 1806 859 1156 1130 995 590 818 1021 1217 833 835 2909 1498 554 1807 979 946 1120 1041 1038 1053 796 1335 1571 1148 1165 938 1118 1411 1075 2820 1626 1418 1164 1070 1015 769 746 1877 1385 0 1573 1172 1055 1214 1491 924 1161 695 1277 187 1687 1009 300 1108 1437 1321 1093 1486 727 829 631 1240
689 664 796 321 833 462 795 431 1034 582 1427 623 384 468 1385 754 1508 1124 1300 590 726 866 816 260 753 476 1041 1385 1219 969 932 751 781 986 1862 1006 1276 1344 793 932 495 726 610 581 817 1849 609 657 446 1452 626 1427 538 2328 1163 926 1075 544 635 849 870 427 582 1461 0 451 593 388 999 952 810 911 386 1405 2201 600 1354 616 739 315 601 649 1457 980 1074 748
287 384 394 324 609 465 394 73 939 181 1026 439 387 57 1220 352 1342 722 899 495 454 794 415 684 352 479 640 1219 818 567 531 656 379 585 1776 911 875 1179 392 531 83 454 451 466 415 1684 444 561 58 1287 531 1262 127 2233 998 831 674 132 428 447 468 744 252 1059 451 0 468 235 904 550 636 510 380 1004 2036 199 952 521 574 318 506 353 1107 579 673 653
210 112 277 324 311 153 277 476 512 318 909 100 249 441 1134 236 1754 605 782 68 174 367 276 826 235 141 501 1258 701 450 392 228 263 468 2205 483 758 1608 253 392 416 173 87 58 299 1598 873 134 461 1201 103 1674 371 1805 1427 403 535 366 112 331 351 993 681 942 593 468 0 506 477 412 288 393 388 887 1950 305 835 94 1002 307 78 782 990 462 556 225
330 427 437 207 652 375 436 216 947 224 1068 482 298 253 1294 395 1456 765 942 504 497 803 458 622 394 389 683 1333 861 610 574 664 422 627 1890 919 917 1293 435 574 274 496 494 494 458 1757 558 570 230 1360 539 1376 229 2241 1112 839 717 224 471 490 511 788 366 1102 388 235 506 0 913 593 679 552 175 1047 2109 242 995 530 687 229 514 467 1150 622 716 661
646 548 714 730 481 560 713 912 489 754 1345 507 656 877 1571 672 2191 1042 1218 443 611 292 673 1059 671 548 779 1694 1138 799 670 398 699 787 2642 461 1194 2044 690 670 852 610 494 465 735 2034 1309 368 897 1637 398 2110 808 1381 1864 329 813 803 519 767 788 1225 1118 1379 999 904 477 913 0 689 458 829 795 1324 2386 742 1272 406 1439 714 425 1218 1427 782 992 284
292 350 303 688 234 547 325 558 724 400 778 405 642 523 1003 318 1623 474 651 461 420 579 159 1185 317 534 231 1127 570 179 122 318 335 167 2288 696 627 1690 208 49 498 419 417 431 298 1466 955 410 543 1069 440 1542 454 2018 1510 616 265 449 394 270 248 1255 763 811 952 550 433 593 689 0 261 262 655 756 1819 388 704 448 1085 700 467 864 859 162 425 437
378 359 446 541 179 371 445 644 493 486 1015 318 467 609 1240 404 1860 711 888 253 421 348 245 1044 403 359 351 1364 807 371 242 96 431 359 2373 464 864 1776 294 242 584 421 305 276 467 1703 1041 179 629 1306 209 1779 540 1786 1595 384 385 535 330 499 485 1211 849 1048 810 636 288 679 458 261 0 499 606 993 2056 473 941 216 1171 524 236 950 1096 355 662 206
252 310 140 647 472 506 161 517 864 360 549 364 602 482 774 200 1394 246 422 420 379 719 340 1145 197 494 468 898 341 156 359 556 171 173 2247 836 398 1650 317 284 458 379 377 391 134 1238 915 486 503 841 456 1314 413 2158 1469 756 502 408 353 107 84 1215 723 583 911 510 393 552 829 262 499 0 615 527 1590 347 476 446 1044 659 431 824 630 167 196 578
392 460 499 90 629 258 499 361 830 286 1131 419 180 361 1356 458 1602 827 1004 386 522 685 520 620 457 272 745 1478 923 672 636 547 484 690 2035 802 980 1438 497 636 336 522 406 377 520 1819 703 452 376 1422 422 1521 292 2124 1257 722 779 287 431 552 573 786 511 1164 386 380 388 175 795 655 606 615 0 1109 2172 304 1057 412 833 111 397 612 1212 684 778 544
746 804 634 1141 966 1000 656 1012 1358 854 101 859 1096 977 703 695 1324 415 351 915 874 1214 834 1639 691 988 963 827 422 650 854 1050 665 667 2741 1330 386 1639 811 778 952 873 871 885 628 1167 1403 981 997 770 950 1243 908 2652 1459 1250 997 902 847 601 578 1709 1217 187 1405 1004 887 1047 1324 756 993 527 1109 0 1519 841 132 941 1270 1154 925 1318 559 662 463 1072
1809 1866 1697 2204 2029 2063 1718 2017 2421 1917 1541 1921 2159 2039 866 1757 952 1591 1291 1977 1936 2276 1897 2006 1754 2051 2025 1044 1362 1713 1916 2112 1728 1730 3023 2393 1326 1601 1874 1841 2015 1936 1933 1948 1691 381 1620 2043 2031 763 2013 1205 1970 3715 1421 2313 2059 1965 1910 1664 1641 1990 2140 1575 2201 2036 1950 2109 2386 1819 2056 1590 2172 1519 0 1904 1468 2003 1487 2216 1988 1720 992 1724 1419 2135
164 222 232 336 447 418 231 207 777 97 863 277 427 172 1088 190 1502 560 736 333 292 632 252 834 189 406 477 1212 656 405 369 493 217 422 1936 748 712 1339 229 368 147 291 289 303 253 1552 604 399 192 1155 368 1422 103 2070 1158 668 511 97 265 285 306 904 412 897 600 199 305 242 742 388 473 347 304 841 1904 0 790 359 733 358 343 513 944 416 510 490
872 930 760 1267 1092 1126 782 1138 1485 980 227 985 1222 1103 830 821 1450 542 478 1041 1000 1340 960 1765 817 1114 1089 953 548 776 980 1176 791 793 2867 1456 512 1765 937 905 1078 999 997 1011 754 1293 1529 1107 1123 896 1076 1369 1034 2778 1585 1376 1123 1029 973 727 704 1835 1343 132 1531 1130 1013 1173 1450 882 1119 653 1235 145 1645 967 0 1067 1396 1280 1051 1444 686 788 589 1198
263 165 331 347 239 177 330 529 440 371 962 124 273 494 1187 289 1808 659 835 59 227 296 330 850 288 165 537 1311 755 504 429 157 316 521 2259 412 811 1661 307 428 469 227 111 82 352 1651 926 65 514 1254 34 1727 425 1734 1480 332 572 420 136 384 405 1017 734 996 616 521 94 530 406 448 216 446 412 941 2003 359 889 0 1056 330 42 835 1043 516 609 154
822 919 929 777 1144 917 928 554 1474 716 1292 974 840 591 671 887 793 1257 1042 1030 989 1275 949 543 886 931 1174 670 1113 1102 1066 1190 914 1119 1560 1445 1077 629 927 1065 618 988 986 1000 950 1134 157 1096 569 737 1065 712 661 2767 449 1353 1209 666 962 982 1003 528 677 1325 739 574 1002 687 1439 1085 1171 1044 833 1270 1487 733 1218 1056 0 771 1040 258 743 1114 1169 1187
446 378 544 46 547 176 543 299 748 340 1175 337 98 336 1400 502 1540 872 1048 304 440 603 543 549 501 190 768 1416 968 717 659 465 529 734 1973 720 1024 1376 520 659 363 440 324 295 565 1864 641 371 314 1467 340 1459 346 2042 1195 640 802 341 349 597 618 716 449 1209 315 318 307 229 714 678 524 659 111 1154 2216 358 1102 330 771 0 315 550 1257 729 822 462
248 150 315 332 259 162 315 514 460 356 947 109 258 479 1172 274 1792 643 820 44 212 315 314 835 273 150 539 1296 739 488 431 176 301 506 2243 431 796 1646 291 430 454 212 96 67 337 1636 911 82 499 1239 51 1712 409 1753 1465 351 573 404 120 369 390 1001 719 980 601 506 78 514 425 450 236 431 397 925 1988 343 873 42 1040 315 0 820 1028 500 594 173
601 698 708 556 923 697 708 334 1253 495 1340 753 619 371 905 666 1027 1036 1213 809 768 1108 729 453 666 711 954 904 1132 881 845 970 693 899 1470 1225 1189 863 706 845 397 768 765 780 729 1368 128 875 348 971 845 946 441 2547 683 1145 988 446 742 761 782 438 456 1373 649 353 782 467 1218 864 950 824 612 1318 1720 513 1266 835 258 550 820 0 976 893 987 967
849 907 737 1244 1069 1103 759 1115 1461 957 581 961 1199 1080 176 798 797 631 332 1017 977 1317 937 1262 794 1091 1066 300 402 753 957 1153 768 770 2279 1433 366 1112 914 881 1055 976 974 988 731 640 876 1084 1100 243 1053 716 1010 2755 932 1353 1100 1005 950 704 681 1246 1320 615 1457 1107 990 1150 1427 859 1096 630 1212 559 992 944 508 1043 743 1257 1028 976 0 765 459 1175
321 379 209 716 328 575 231 587 817 429 683 434 671 552 909 270 1529 380 557 490 449 672 253 1214 266 563 324 1032 476 129 215 411 240 147 2316 789 532 1719 301 143 527 448 446 460 203 1372 984 503 572 975 525 1448 483 2111 1538 709 358 478 422 176 153 1284 792 717 980 579 462 622 782 162 355 167 684 662 1724 416 610 516 1114 729 500 893 765 0 331 531
415 473 303 810 635 669 324 681 1027 523 485 527 765 646 603 363 1223 197 251 583 542 882 503 1308 360 657 631 727 170 319 523 719 334 336 2410 999 227 1539 480 447 621 542 540 554 297 1067 1078 650 666 670 619 1143 576 2321 1358 919 666 571 516 270 247 1378 886 518 1074 673 556 716 992 425 662 196 778 463 1419 510 411 609 1169 822 594 987 459 331 0 741
395 296 462 479 229 309 462 660 371 503 1094 255 404 625 1319 421 1939 790 967 191 359 174 421 941 420 296 527 1442 886 548 418 147 447 535 2390 343 943 1792 438 418 601 358 242 213 483 1782 1057 116 646 1385 146 1858 556 1612 1612 210 561 551 267 515 536 1107 866 1127 748 653 225 661 284 437 206 578 544 1072 2135 490 1020 154 1187 462 173 967 1175 531 741 0
EOF