NAME : tsp_problem
TYPE : TSP
DIMENSION : 56
EDGE_WEIGHT_TYPE : EXPLICIT
EDGE_WEIGHT_FORMAT : FULL_MATRIX
EDGE_WEIGHT_SECTION
0 209 697 642 280 261 729 337 725 1097 444 741 743 230 544 708 85 1050 617 517 128 576 775 210 747 1133 985 679 362 185 376 360 433 352 586 712 795 770 730 392 617 92 718 1452 1613 202 252 63 427 231 1507 1282 181 1408 564 601
209 0 833 638 276 257 544 214 561 912 328 877 558 71 380 524 237 866 433 513 139 412 590 95 743 1129 801 514 178 321 419 175 249 442 402 848 631 766 545 208 613 228 554 1308 1609 104 388 171 243 367 1503 1098 52 1389 400 753
697 833 0 1298 866 877 829 800 665 1197 543 410 755 863 643 789 729 1150 717 1174 751 623 723 883 1403 1789 1086 554 764 541 475 709 633 450 686 381 735 1426 777 674 1273 632 658 1593 2051 874 474 686 639 489 2147 1382 805 1673 635 1151
642 638 1298 0 471 451 991 527 1008 1317 775 1342 1005 597 827 971 609 1312 879 158 736 859 1037 578 130 655 1248 961 565 802 866 622 696 889 849 1011 1078 292 992 655 60 709 1001 974 1136 570 869 680 689 848 1030 979 649 930 847 304
280 276 866 471 0 88 559 96 576 928 343 911 573 235 395 539 247 881 448 346 374 427 605 216 576 962 816 530 133 441 434 191 264 458 417 882 646 599 561 223 446 347 569 1281 1442 208 507 318 258 486 1336 1113 287 1237 415 690
261 257 877 451 88 0 570 107 587 938 354 921 584 216 406 550 228 892 459 327 355 438 616 197 556 943 827 540 144 421 445 201 275 468 428 892 657 580 571 234 427 328 580 1261 1423 189 488 299 269 467 1317 1124 268 1217 426 671
729 544 829 991 559 570 0 493 442 454 306 873 199 591 358 165 757 407 156 867 658 390 231 614 1096 1455 343 430 457 574 397 402 326 420 166 844 512 1119 186 367 966 666 293 850 1308 623 508 691 332 522 1404 639 571 930 377 1210
337 214 800 527 96 107 493 0 510 861 277 844 507 261 329 473 304 815 381 403 328 361 539 273 633 1019 750 463 127 497 368 124 198 391 351 815 580 656 494 157 503 404 503 1257 1499 265 479 361 192 494 1393 1047 241 1294 349 747
745 561 665 1008 576 587 442 510 0 810 322 709 271 607 225 305 773 763 413 883 675 173 239 631 1113 1499 699 168 473 591 413 419 343 437 396 680 101 1136 293 384 983 682 174 1206 1664 640 524 707 349 539 1760 995 588 1286 185 1227
1097 912 1197 1317 928 938 454 861 810 0 674 1241 567 959 726 533 1125 197 524 1235 1026 758 599 983 1422 1186 228 798 825 942 765 770 694 788 534 1212 880 1051 555 736 1293 1034 661 581 1039 992 876 1059 701 891 1135 370 940 661 746 1537
444 328 543 775 343 354 306 277 322 674 0 587 320 374 141 285 476 627 194 651 442 174 352 398 880 1266 562 276 241 288 110 186 110 134 163 558 392 903 307 151 750 379 316 1070 1528 407 221 434 116 236 1623 859 355 1150 161 994
741 877 410 1342 911 921 873 844 709 1241 587 0 799 907 687 833 773 1194 761 1218 795 667 767 927 1447 1834 1130 598 808 585 519 753 677 494 730 373 779 1470 821 719 1318 676 702 1637 2095 919 518 730 684 533 2191 1427 849 1718 679 1143
743 558 755 1005 573 584 199 507 271 567 320 799 0 605 315 83 771 521 170 881 672 263 150 628 1110 1496 456 259 471 588 411 416 340 434 180 770 341 1133 105 381 980 680 192 963 1422 637 522 705 346 536 1517 753 585 1044 276 1224
230 71 863 597 235 216 591 261 607 959 374 907 605 0 427 570 197 912 479 473 169 459 637 75 702 1089 847 561 224 352 465 222 295 489 448 878 677 725 592 254 573 259 601 1355 1569 67 419 202 289 398 1463 1144 83 1363 446 712
564 380 665 827 395 406 358 329 225 726 141 709 315 427 0 337 593 679 246 703 494 76 283 450 932 1318 614 178 293 410 232 238 162 256 215 680 295 955 337 203 802 502 218 1122 1580 459 343 527 168 358 1675 911 407 1202 64 1046
708 524 789 971 539 550 165 473 305 533 285 833 83 570 337 0 736 486 136 846 638 297 115 594 1076 1462 422 293 436 554 376 382 306 400 145 804 375 1099 70 347 946 645 177 929 1387 603 487 670 312 502 1483 718 551 1009 310 1190
85 237 729 609 247 228 757 304 757 1125 476 773 771 197 576 736 0 1078 645 484 160 609 803 177 714 1100 1014 711 341 218 408 388 461 384 614 744 827 737 758 421 584 124 751 1419 1580 169 284 95 455 263 1474 1311 213 1375 596 568
1050 866 1150 1312 881 892 407 815 763 197 627 1194 521 912 679 486 1078 0 478 1188 980 711 553 936 1417 1182 83 751 778 896 718 723 648 741 487 1165 833 1048 508 689 1288 987 614 577 1035 945 829 1012 654 844 1131 366 893 657 699 1532
617 433 717 879 448 459 156 381 413 524 194 761 170 479 246 136 645 478 0 755 547 278 202 503 984 1371 413 380 345 462 285 290 215 308 104 732 483 1008 157 256 855 554 264 920 1379 512 396 579 221 411 1474 710 460 1001 266 1099
517 513 1174 158 346 327 867 403 883 1235 651 1218 881 473 703 846 484 1188 755 0 612 735 913 453 263 662 1124 837 440 678 742 498 571 765 724 1084 954 299 868 531 133 585 877 981 1142 445 745 556 565 724 1036 986 525 937 722 377
128 139 751 736 374 355 658 328 675 1026 442 795 672 169 494 638 160 980 547 612 0 526 704 193 841 1227 915 628 292 240 431 289 363 406 516 766 745 864 659 322 711 146 668 1422 1708 202 306 90 357 285 1602 1212 111 1502 514 704
596 412 623 859 427 438 390 361 173 758 174 667 263 459 76 297 625 711 278 735 526 0 231 482 964 1350 647 126 325 442 264 270 194 288 247 638 243 987 285 235 834 534 166 1154 1612 491 376 559 200 390 1708 943 439 1234 93 1078
775 590 723 1037 605 616 231 539 239 599 352 767 150 637 283 115 803 553 202 913 704 231 0 660 1142 1528 488 227 503 620 443 448 372 466 212 738 309 1165 137 413 1012 712 160 995 1454 669 554 737 378 568 1549 785 617 1076 244 1256
210 95 883 578 216 197 614 273 631 983 398 927 628 75 450 594 177 936 503 453 193 482 660 0 683 1069 871 584 248 371 489 245 319 512 472 898 701 706 615 278 553 278 624 1378 1549 47 438 225 313 417 1443 1168 106 1344 470 693
747 743 1403 130 576 556 1096 633 1113 1422 880 1447 1110 702 932 1076 714 1417 984 263 841 964 1142 683 0 760 1353 1066 670 907 971 727 801 994 954 1116 1183 397 1097 760 165 814 1106 1079 1241 675 974 785 795 953 1135 1084 754 1035 952 409
1133 1129 1789 655 962 943 1455 1019 1499 1186 1266 1834 1496 1089 1318 1462 1100 1182 1371 662 1227 1350 1528 1069 760 0 1212 1453 1056 1294 1357 1114 1187 1381 1340 1582 1569 390 1484 1146 631 1201 1492 724 521 1061 1361 1171 1181 1340 415 848 1141 923 1338 875
985 801 1086 1248 816 827 343 750 699 228 562 1130 456 847 614 422 1014 83 413 1124 915 647 488 871 1353 1212 0 686 714 831 653 659 583 677 422 1101 769 1078 443 624 1223 922 550 607 1066 880 764 947 589 779 1161 397 828 688 634 1467
692 514 554 961 530 540 430 463 168 798 276 598 259 561 178 293 724 751 380 837 628 126 227 584 1066 1453 686 0 427 536 367 372 296 390 349 569 238 1089 281 338 937 627 161 1194 1652 593 469 661 303 484 1747 983 542 1274 138 1181
362 178 764 565 133 144 457 127 473 825 241 808 471 224 293 436 341 778 345 440 292 325 503 248 670 1056 714 427 0 474 332 88 161 355 314 779 544 693 458 121 540 381 467 1221 1536 257 443 324 155 457 1430 1010 205 1301 312 784
185 321 541 802 441 421 574 497 569 942 288 585 588 352 388 554 218 896 462 678 240 420 620 371 907 1294 831 522 474 0 220 454 379 195 432 556 639 931 575 420 778 121 562 1338 1774 363 192 175 385 171 1668 1128 293 1419 408 762
376 419 475 866 434 445 397 368 391 765 110 519 411 465 211 376 408 718 285 742 431 243 443 489 971 1357 653 345 332 220 0 277 201 129 254 490 462 994 398 242 841 312 385 1161 1619 498 154 366 207 168 1714 950 446 1241 230 952
360 175 709 622 191 201 402 124 419 770 186 753 416 222 238 382 388 723 290 498 289 270 448 245 727 1114 659 372 88 454 277 0 159 300 260 724 489 751 403 118 598 379 412 1166 1594 255 388 322 153 403 1488 956 203 1247 258 842
433 249 633 696 264 275 326 198 343 694 110 677 340 295 162 306 461 648 215 571 363 194 372 319 801 1187 583 296 161 379 201 159 0 224 184 648 413 824 327 172 671 452 336 1090 1549 328 312 395 137 327 1561 880 276 1171 182 915
352 442 450 889 458 468 420 391 415 788 134 494 434 489 234 400 384 741 308 765 406 266 466 512 994 1381 677 368 355 195 129 300 224 0 278 465 485 1018 421 266 865 287 408 1184 1643 522 129 341 231 144 1738 974 459 1265 254 928
586 402 686 849 417 428 166 351 396 534 163 730 180 448 215 145 614 487 104 724 516 247 212 472 954 1340 422 349 314 432 254 260 184 278 0 701 466 977 167 225 824 523 273 930 1388 481 365 548 190 380 1483 719 429 1010 235 1068
712 848 381 1011 882 892 844 815 680 1212 558 373 770 878 658 804 744 1165 732 1084 766 638 738 898 1116 1582 1101 569 779 556 490 724 648 465 701 0 750 1219 792 690 975 647 673 1608 2062 890 489 701 655 504 1956 1398 820 1689 650 792
815 631 735 1078 646 657 512 580 101 880 392 779 341 677 295 375 844 833 483 954 745 243 309 701 1183 1569 769 238 544 661 483 489 413 507 466 750 0 1206 363 454 1053 752 244 1276 1734 710 594 777 419 609 1830 1066 658 1357 255 1297
770 766 1426 292 599 580 1119 656 1136 1051 903 1470 1133 725 955 1099 737 1048 1008 299 864 987 1165 706 397 390 1078 1089 693 931 994 751 824 1018 977 1219 1206 0 1121 783 268 837 1129 708 870 698 998 808 818 976 764 714 778 664 975 512
730 545 777 992 561 571 186 494 293 555 307 821 105 592 337 70 758 508 157 868 659 285 137 615 1097 1484 443 281 458 575 398 403 327 421 167 792 363 1121 0 369 968 667 199 950 1409 625 509 692 334 524 1504 740 573 1031 298 1212
392 208 674 655 223 234 367 157 384 736 151 719 381 254 203 347 421 689 256 531 322 235 413 278 760 1146 624 338 121 420 242 118 172 266 225 690 454 783 369 0 630 411 377 1132 1590 287 353 354 178 368 1520 921 235 1212 223 874
617 613 1273 60 446 427 966 503 983 1293 750 1318 980 573 802 946 584 1288 855 133 711 834 1012 553 165 631 1223 937 540 778 841 598 671 865 824 975 1053 268 968 630 0 685 976 949 1111 545 845 655 665 824 1005 955 625 906 822 268
92 228 632 709 347 328 666 404 660 1034 379 676 680 259 480 645 124 987 554 585 146 512 712 278 814 1201 922 614 381 121 312 379 452 287 523 647 731 837 667 411 685 0 654 1430 1681 270 188 82 446 167 1575 1219 200 1475 499 668
739 554 658 1001 569 580 293 503 174 661 316 702 192 601 218 177 767 614 264 877 668 166 160 624 1106 1492 550 161 467 584 407 412 336 430 273 673 244 1129 199 377 976 676 0 1057 1515 633 518 701 342 532 1611 847 581 1138 178 1220
1452 1308 1593 974 1281 1261 850 1257 1206 581 1070 1637 963 1355 1122 929 1419 577 920 981 1422 1154 995 1378 1079 724 607 1194 1221 1338 1161 1166 1090 1184 930 1608 1276 708 950 1132 949 1430 1057 0 472 1380 1272 1455 1097 1287 589 243 1336 318 1142 1193
1613 1609 2051 1136 1442 1423 1308 1499 1664 1039 1528 2095 1422 1569 1580 1387 1580 1035 1379 1142 1708 1612 1454 1549 1241 521 1066 1652 1536 1774 1619 1594 1549 1643 1388 2062 1734 870 1409 1590 1111 1681 1515 472 0 1541 1730 1652 1555 1745 136 701 1621 777 1600 1355
202 104 874 570 208 189 623 265 640 992 407 919 637 67 459 603 169 945 512 445 202 491 669 47 675 1061 880 593 257 363 498 255 328 522 481 890 710 698 625 287 545 270 633 1380 1541 0 430 235 322 409 1435 1177 115 1336 479 685
252 388 474 869 507 488 508 479 502 876 221 518 522 419 322 487 284 829 396 745 306 354 554 438 974 1361 764 456 443 192 154 388 312 129 365 489 573 998 509 353 845 188 496 1272 1730 430 0 242 318 168 1735 1061 360 1352 341 828
63 171 686 680 318 299 691 361 707 1059 434 730 705 202 527 670 95 1012 579 556 90 559 737 225 785 1171 947 661 324 175 366 322 395 341 548 701 777 808 692 354 655 82 701 1455 1652 235 242 0 389 221 1546 1244 143 1446 546 639
427 243 639 689 258 269 332 192 349 701 116 684 346 289 168 312 455 654 221 565 357 200 378 313 795 1181 589 303 155 385 207 153 137 231 190 655 419 818 334 178 665 446 342 1097 1555 322 318 389 0 333 1555 886 270 1177 188 909
231 367 489 848 486 467 522 494 517 891 236 533 536 398 337 502 263 844 411 724 285 369 568 417 953 1340 779 471 457 171 168 403 327 144 380 504 587 976 524 368 824 167 511 1287 1745 409 168 221 333 0 1714 1076 339 1367 356 807
1507 1503 2147 1030 1336 1317 1404 1393 1760 1135 1623 2191 1517 1463 1675 1483 1474 1131 1474 1036 1602 1708 1549 1443 1135 415 1161 1747 1430 1668 1714 1488 1561 1738 1483 1956 1830 764 1504 1520 1005 1575 1611 589 136 1435 1735 1546 1555 1714 0 797 1515 872 1695 1249
1282 1098 1382 979 1113 1124 639 1047 995 370 859 1427 753 1144 911 718 1311 366 710 986 1212 943 785 1168 1084 848 397 983 1010 1128 950 956 880 974 719 1398 1066 714 740 921 955 1219 847 243 701 1177 1061 1244 886 1076 797 0 1125 323 931 1199
181 52 805 649 287 268 571 241 588 940 355 849 585 83 407 551 213 893 460 525 111 439 617 106 754 1141 828 542 205 293 446 203 276 459 429 820 658 778 573 235 625 200 581 1336 1621 115 360 143 270 339 1515 1125 0 1415 427 757
1408 1389 1673 930 1237 1217 930 1294 1286 661 1150 1718 1044 1363 1202 1009 1375 657 1001 937 1502 1234 1076 1344 1035 923 688 1274 1301 1419 1241 1247 1171 1265 1010 1689 1357 664 1031 1212 906 1475 1138 318 777 1336 1352 1446 1177 1367 872 323 1415 0 1222 1149
584 400 635 847 415 426 377 349 185 746 161 679 276 446 64 310 612 699 266 722 514 93 244 470 952 1338 634 138 312 430 252 258 182 276 235 650 255 975 298 223 822 521 178 1142 1600 479 363 546 188 378 1695 931 427 1222 0 1066
601 753 1151 304 690 671 1210 747 1227 1537 994 1143 1224 712 1046 1190 568 1532 1099 377 704 1078 1256 693 409 875 1467 1181 784 762 952 842 915 928 1068 792 1297 512 1212 874 268 668 1220 1193 1355 685 828 639 909 807 1249 1199 757 1149 1066 0
EOF