NAME : tsp_problem
TYPE : TSP
DIMENSION : 36
EDGE_WEIGHT_TYPE : EXPLICIT
EDGE_WEIGHT_FORMAT : FULL_MATRIX
EDGE_WEIGHT_SECTION
0 170 482 853 819 276 1372 1017 371 466 826 750 1609 196 239 280 306 362 1638 512 302 155 1641 434 474 400 505 236 340 1226 234 365 272 198 252 860
139 0 339 782 748 133 1301 946 300 518 755 679 1538 125 168 137 234 290 1567 441 159 84 1570 291 403 328 434 288 268 1155 163 222 201 127 305 789
359 339 0 1093 1059 353 1613 1258 611 649 1067 990 1850 437 480 243 546 602 1879 626 220 396 1882 334 552 640 650 419 580 1467 475 139 513 439 280 1101
893 782 1093 0 107 887 687 332 982 1201 62 1319 941 689 851 891 579 523 970 530 913 727 1093 804 694 490 489 971 543 932 846 977 884 685 987 83
859 748 1059 107 0 853 603 247 948 1167 80 1234 857 654 817 857 545 489 886 496 879 693 1008 770 660 456 455 937 509 847 812 942 849 651 953 114
44 197 509 880 846 0 1399 1044 398 493 853 777 1636 223 266 307 333 389 1665 539 329 182 1668 461 502 427 532 263 367 1253 261 392 299 226 279 887
1413 1301 1613 687 603 1407 0 429 1502 1720 661 1270 409 1208 1370 1411 1099 1042 438 1050 1433 1247 561 1324 1214 1010 1008 1490 1063 1007 1365 1496 1403 1205 1507 695
1058 946 1258 332 247 1051 429 0 1146 1365 306 1019 683 853 1015 1055 743 687 712 694 1078 891 834 969 859 655 653 1135 707 632 1010 1141 1048 850 1151 339
411 300 611 982 948 405 1502 1146 0 622 956 443 1303 325 155 409 435 491 1332 642 431 285 1334 563 604 529 635 392 469 920 160 494 124 328 443 989
630 518 649 1201 1167 623 1720 1365 622 0 1174 1001 1860 544 587 628 653 709 1889 860 650 503 1892 782 822 747 853 258 687 1477 582 643 582 546 383 1208
867 755 1067 62 80 861 661 306 956 1174 0 1293 915 662 824 865 553 496 944 504 887 701 1066 778 668 464 462 944 517 906 819 950 857 659 961 70
790 679 990 1319 1234 784 1270 1019 443 1001 1293 0 1044 705 534 788 814 870 1073 1021 810 664 1076 942 983 908 1014 771 848 661 539 874 503 707 822 1326
1650 1538 1850 941 857 1644 409 683 1303 1860 915 1044 0 1462 1393 1648 1353 1296 60 1304 1670 1500 335 1578 1468 1264 1262 1631 1317 782 1399 1733 1362 1459 1681 949
237 125 437 689 654 230 1208 853 325 544 662 705 1462 0 194 234 141 197 1491 348 257 110 1596 389 310 235 341 314 175 1181 189 320 227 153 330 696
280 168 480 851 817 273 1370 1015 155 587 824 534 1393 194 0 278 303 359 1422 510 300 153 1425 432 472 397 503 357 337 1010 119 363 83 196 373 858
157 137 243 891 857 151 1411 1055 409 606 865 788 1648 234 278 0 344 400 1677 488 82 194 1679 195 413 438 512 376 378 1265 273 127 311 237 378 898
346 234 546 579 545 340 1099 743 435 653 553 814 1353 141 303 344 0 124 1382 273 366 180 1504 463 237 126 232 424 102 1290 298 429 336 138 440 586
402 290 602 523 489 396 1042 687 491 709 496 870 1296 197 359 400 124 0 1325 216 422 236 1448 491 293 69 175 480 121 1287 354 485 392 194 496 530
1679 1567 1879 970 886 1673 438 712 1332 1889 944 1073 60 1491 1422 1677 1382 1325 0 1333 1699 1529 364 1607 1497 1293 1291 1660 1346 811 1428 1762 1391 1488 1710 978
553 441 626 530 496 547 1050 694 642 860 504 1021 1304 348 510 488 273 216 1333 0 464 386 1455 322 188 184 71 630 237 1294 505 510 543 345 647 537
179 159 220 913 879 173 1433 1078 431 628 887 810 1670 257 300 82 366 422 1699 464 0 216 1702 172 390 460 488 398 400 1287 295 103 333 259 355 921
196 84 396 727 693 190 1247 891 285 503 701 664 1500 110 153 194 180 236 1529 386 216 0 1555 348 349 274 380 273 214 1140 148 279 186 112 290 734
1682 1570 1882 1093 1008 1675 561 834 1334 1892 1066 1076 335 1596 1425 1679 1504 1448 364 1455 1702 1555 0 1729 1619 1415 1414 1662 1468 813 1430 1765 1394 1598 1713 1100
311 291 334 804 770 305 1324 969 563 760 778 942 1578 389 432 195 463 491 1607 322 172 348 1729 0 247 458 346 530 497 1419 427 217 465 391 469 812
515 403 552 694 660 509 1214 859 604 822 668 983 1468 310 472 413 237 293 1497 188 390 349 1619 247 0 331 235 592 271 1458 467 435 505 307 609 702
440 328 640 490 456 434 1010 655 529 747 464 908 1264 235 397 438 126 69 1293 184 460 274 1415 458 331 0 143 518 90 1254 392 523 430 232 534 498
546 434 650 489 455 540 1008 653 635 853 462 1014 1262 341 503 512 232 175 1291 71 488 380 1414 346 235 143 0 623 196 1253 498 534 536 338 640 496
400 288 419 971 937 394 1490 1135 392 258 944 771 1631 314 357 398 424 480 1660 630 420 273 1662 552 592 518 623 0 458 1248 352 413 352 316 153 978
380 268 580 543 509 374 1063 707 469 687 517 848 1317 175 337 378 102 121 1346 237 400 214 1468 497 271 90 196 458 0 1307 332 463 370 172 474 550
1267 1155 1467 932 847 1261 1007 632 920 1477 906 661 782 1181 1010 1265 1290 1287 811 1294 1287 1140 813 1419 1458 1254 1253 1248 1307 0 1016 1350 979 1183 1298 939
275 163 475 846 812 268 1365 1010 160 582 819 539 1399 189 119 273 298 354 1428 505 295 148 1430 427 467 392 498 352 332 1016 0 358 88 191 368 853
242 222 139 977 942 236 1496 1141 494 643 950 874 1733 320 363 127 429 485 1762 510 103 279 1765 217 435 523 534 413 463 1350 358 0 396 322 274 984
313 201 513 884 849 306 1403 1048 124 582 857 503 1362 227 83 311 336 392 1391 543 333 186 1394 465 505 430 536 352 370 979 88 396 0 229 403 891
239 127 439 685 651 233 1205 850 328 546 659 707 1459 153 196 237 138 194 1488 345 259 112 1598 391 307 232 338 316 172 1183 191 322 229 0 333 693
416 305 280 987 953 410 1507 1151 443 383 961 822 1681 330 373 378 440 496 1710 647 355 290 1713 469 609 534 640 153 474 1298 368 274 403 333 0 994
901 789 1101 83 114 894 695 339 989 1208 70 1326 949 696 858 898 586 530 978 537 921 734 1100 812 702 498 496 978 550 939 853 984 891 693 994 0
EOF