NAME : tsp_problem
TYPE : TSP
DIMENSION : 38
EDGE_WEIGHT_TYPE : EXPLICIT
EDGE_WEIGHT_FORMAT : FULL_MATRIX
EDGE_WEIGHT_SECTION
0 932 920 721 860 692 795 1240 722 1138 457 713 716 1052 536 887 611 717 963 1100 836 840 865 1000 1021 916 1068 825 454 760 512 138 214 680 797 386 435 1000
932 0 1582 502 396 472 1217 776 1144 480 1019 1242 1318 1572 1196 478 460 1139 555 570 642 1261 1526 536 1630 576 1644 1246 840 1422 1171 936 872 503 612 948 1194 683
845 1503 0 1323 1431 1294 497 1552 645 1740 723 859 489 372 464 1489 1213 651 1565 1411 1438 529 182 1312 329 1226 376 514 772 217 539 849 678 1203 1085 665 527 1198
721 502 1402 0 706 79 1177 1085 1104 640 839 1095 1141 1528 1016 389 182 1099 465 945 363 1221 1347 845 1503 761 1550 1206 763 1242 992 730 693 689 797 768 1013 869
860 396 1421 706 0 676 977 421 904 807 947 1007 1111 1332 1124 757 596 899 833 280 821 1021 1454 181 1391 409 1404 1007 768 1350 1099 864 800 431 540 876 1122 517
692 472 1372 79 676 0 1147 1055 1074 610 809 1065 1112 1499 986 359 152 1069 435 915 334 1192 1317 816 1473 732 1520 1177 733 1213 962 701 663 659 768 738 983 839
795 1217 497 1177 1004 1147 0 1107 201 1594 462 427 186 407 771 1342 1067 207 1418 967 1292 97 564 867 466 782 480 82 511 523 831 799 692 759 641 513 834 754
1267 802 1552 1112 447 1082 1107 0 1034 1159 1171 1137 1241 1462 1530 1163 1002 1029 1240 411 1227 1152 1619 260 1521 591 1535 1137 1174 1526 1505 1270 1206 819 838 1222 1528 699
722 1144 645 1104 931 1074 201 1034 0 1520 388 354 335 556 890 1269 993 134 1345 894 1219 245 712 794 614 708 628 231 437 672 865 726 662 685 567 439 889 681
1138 480 1819 640 807 610 1594 1159 1520 0 1256 1511 1558 1945 1433 617 599 1516 693 832 780 1638 1764 946 1919 986 1966 1623 1179 1659 1408 1147 1109 914 1022 1185 1429 1094
457 1019 723 839 947 809 462 1171 388 1256 0 379 456 817 680 1004 729 384 1080 1031 954 506 693 932 849 846 889 491 212 598 656 461 397 767 705 175 679 818
713 1242 859 1095 1034 1065 427 1137 354 1511 379 0 561 782 881 1260 984 349 1336 997 1210 472 830 897 841 811 854 457 428 734 856 717 653 788 670 430 880 784
699 1318 489 1141 1138 1112 186 1241 335 1558 456 561 0 414 611 1307 1031 341 1383 1101 1256 219 459 1001 472 915 486 204 505 364 671 703 532 892 775 398 674 888
966 1572 372 1444 1359 1415 407 1462 556 1861 817 782 414 0 609 1610 1334 562 1686 1322 1559 440 326 1222 232 1136 279 425 866 361 683 970 799 1113 996 785 672 1109
536 1196 464 1016 1124 986 540 1503 689 1433 614 751 380 609 0 1181 906 694 1257 1363 1131 572 409 1263 565 1179 612 558 663 305 107 540 370 944 1060 501 207 1190
877 493 1558 380 771 350 1333 1151 1260 631 995 1251 1297 1684 1172 0 338 1255 125 1011 343 1377 1503 911 1659 917 1706 1363 919 1398 1148 886 849 845 953 924 1169 1025
611 460 1292 182 596 152 1067 975 993 599 729 984 1031 1418 906 347 0 989 424 835 297 1111 1237 735 1392 651 1439 1096 652 1132 881 620 582 579 687 658 902 759
717 1139 651 1099 926 1069 207 1029 134 1516 384 349 341 562 885 1264 989 0 1340 889 1214 251 718 789 620 704 634 236 433 678 861 721 657 680 563 435 884 676
1138 753 1819 640 1032 610 1594 1411 1520 892 1256 1511 1558 1945 1433 309 599 1515 0 1271 458 1638 1763 1171 1919 1178 1966 1623 1179 1659 1408 1147 1109 1106 1214 1185 1429 1286
1075 570 1411 920 256 891 967 411 894 832 1031 997 1101 1322 1338 971 810 889 1048 0 1035 1012 1478 171 1381 451 1394 997 982 1386 1314 1079 1015 646 698 1082 1337 559
836 642 1517 363 821 334 1292 1200 1219 780 954 1210 1256 1643 1131 343 297 1214 274 1060 0 1336 1462 960 1618 876 1665 1321 878 1357 1107 845 808 804 912 883 1128 984
840 1261 529 1221 1048 1192 97 1152 245 1638 506 472 219 440 803 1387 1111 251 1463 1012 1336 0 596 912 498 826 512 68 555 556 863 843 724 803 685 557 866 798
815 1473 182 1294 1401 1264 564 1619 712 1711 693 830 459 326 409 1459 1184 718 1535 1478 1409 596 0 1379 283 1293 330 581 742 162 484 819 648 1222 1152 636 472 1265
1027 562 1312 872 207 842 867 260 794 930 932 897 1001 1222 1290 923 762 789 1000 171 987 912 1379 0 1281 351 1295 897 934 1286 1266 1031 967 579 598 983 1289 459
971 1629 329 1450 1417 1420 466 1521 614 1866 849 841 472 232 565 1615 1339 620 1691 1381 1565 498 283 1281 0 1195 76 483 898 317 639 975 804 1172 1054 791 628 1168
916 576 1226 761 409 732 782 591 708 986 846 811 915 1136 1179 927 651 704 1003 451 876 826 1293 351 1195 0 1209 811 823 1200 1155 920 856 382 286 897 1178 147
1018 1644 376 1497 1431 1467 480 1535 628 1913 889 854 486 279 612 1662 1386 634 1738 1394 1612 512 330 1295 76 1209 0 497 938 364 686 1022 851 1186 1068 838 675 1181
825 1246 514 1206 1034 1177 82 1137 231 1623 491 457 204 425 788 1372 1096 236 1448 997 1321 68 581 897 483 811 497 0 540 541 848 829 709 788 670 542 851 784
454 840 772 760 768 731 511 1147 437 1177 212 428 505 866 717 926 650 433 1002 1007 875 555 742 907 898 823 938 540 0 647 693 458 394 588 704 263 716 867
719 1378 217 1198 1306 1168 523 1526 672 1615 598 734 364 361 305 1363 1088 678 1439 1386 1313 556 162 1286 317 1200 364 541 647 0 379 723 552 1126 1059 540 368 1173
478 1136 446 957 1064 927 460 1444 609 1374 534 671 300 567 475 1122 847 614 1198 1304 1072 492 417 1204 572 1120 619 478 583 321 0 482 311 885 996 421 474 1110
138 936 924 730 864 701 799 1244 726 1147 461 717 720 1056 540 896 620 721 972 1103 845 843 869 1004 1024 920 1071 829 458 764 516 0 218 684 801 390 438 1004
214 872 756 693 800 663 709 1180 662 1109 397 653 549 886 370 858 582 657 934 1039 808 741 701 940 857 856 904 726 394 597 346 218 0 620 737 319 370 940
680 503 1203 689 431 659 759 811 685 914 767 788 892 1113 944 854 579 680 930 670 804 803 1270 571 1172 382 1186 788 588 1170 919 684 620 0 151 696 942 355
797 612 1085 797 540 768 641 838 567 1022 705 670 775 996 1060 963 687 563 1039 698 912 685 1152 598 1054 286 1068 670 704 1059 1036 801 737 151 0 756 1059 237
386 948 665 768 876 738 513 1222 439 1185 175 430 398 785 530 933 658 435 1009 1082 883 557 636 983 791 897 838 542 263 540 506 390 319 696 756 0 529 869
435 1194 527 1013 1122 983 615 1502 764 1429 679 826 456 672 207 1178 902 770 1254 1361 1128 648 472 1262 628 1178 675 633 716 368 182 438 370 942 1059 529 0 1262
1000 683 1198 869 517 839 754 699 681 1094 818 784 888 1109 1264 1034 759 676 1111 559 984 798 1265 459 1168 147 1181 784 867 1173 1239 1004 940 355 237 869 1262 0
EOF