NAME : tsp_problem
TYPE : TSP
DIMENSION : 28
EDGE_WEIGHT_TYPE : EXPLICIT
EDGE_WEIGHT_FORMAT : FULL_MATRIX
EDGE_WEIGHT_SECTION
0 184 1101 828 1618 558 885 1367 842 1784 1351 1524 656 589 1043 1450 1757 1401 65 166 997 176 1877 913 1337 1732 1053 1115
184 0 1028 754 1544 485 811 1293 769 1711 1278 1451 583 515 969 1377 1684 1328 184 76 924 55 1804 840 1264 1659 979 1041
1101 1028 0 1296 549 702 408 472 850 946 282 455 529 1057 775 381 719 332 1101 1050 317 1029 1039 344 268 695 777 1014
828 754 1296 0 1812 753 1079 1562 873 1979 1546 1719 851 396 1073 1645 1952 1596 827 776 1192 755 2072 1108 1532 1927 1083 1021
1618 1544 549 1812 0 1131 873 551 1032 1025 524 168 1045 1504 957 326 206 248 1617 1566 768 1545 1118 809 510 201 959 1197
558 485 702 753 1138 0 383 968 319 1385 950 1044 453 482 520 1048 1309 957 558 507 598 486 1478 411 935 1303 530 591
882 809 408 1077 873 383 0 806 642 1223 633 779 335 805 789 731 1043 683 882 831 436 810 1316 205 618 1038 790 914
1367 1293 472 1562 551 968 806 0 1227 529 225 620 794 1323 1190 424 446 497 1367 1315 459 1294 622 758 238 420 1191 1429
842 769 850 873 1032 319 642 1227 0 1644 1075 938 712 500 228 983 1203 851 842 791 857 770 1737 670 1061 1197 238 426
1784 1711 946 1979 1025 1385 1223 529 1644 0 700 1094 1212 1740 1664 899 920 972 1784 1733 876 1712 246 1232 713 895 1666 1903
1266 1193 282 1461 524 867 633 225 1075 700 0 430 694 1222 1000 235 474 308 1266 1215 381 1194 792 569 122 449 1002 1239
1524 1451 455 1719 168 1037 779 620 938 1094 430 0 951 1411 864 232 339 155 1524 1473 675 1451 1187 715 416 333 865 1103
656 583 529 851 1045 449 335 794 708 1212 779 951 0 612 855 877 1185 829 656 605 424 583 1305 364 765 1159 857 980
589 515 1057 396 1504 482 805 1323 500 1740 1307 1411 612 0 700 1406 1675 1324 589 537 953 516 1833 833 1293 1670 710 648
1043 969 775 1073 957 520 789 1190 228 1664 1000 864 859 700 0 909 1128 777 1043 991 1004 970 1757 817 986 1123 69 517
1365 1292 381 1560 326 966 731 424 983 899 235 232 792 1321 909 0 426 200 1365 1314 479 1292 992 667 221 401 910 1148
1704 1631 719 1899 206 1301 1043 446 1203 920 474 339 1132 1660 1128 426 0 419 1704 1653 819 1632 1013 979 487 61 1130 1367
1401 1328 332 1596 248 950 683 497 851 972 308 155 829 1324 777 200 419 0 1401 1350 552 1329 1064 619 293 414 778 1016
65 184 1101 827 1617 558 884 1367 842 1784 1351 1524 656 589 1043 1450 1757 1401 0 166 997 176 1877 913 1337 1732 1052 1114
166 76 1050 776 1566 507 833 1315 791 1733 1300 1473 605 537 991 1399 1706 1350 166 0 946 68 1826 862 1286 1681 1001 1063
997 924 317 1192 833 598 436 459 857 876 446 739 424 953 1004 544 849 617 997 946 0 924 969 464 431 824 1005 1129
176 55 1029 755 1545 486 812 1294 770 1712 1279 1451 583 516 970 1377 1685 1329 176 68 924 0 1805 840 1265 1659 980 1042
1877 1804 1039 2072 1118 1478 1316 622 1737 246 792 1187 1305 1833 1757 992 1013 1064 1877 1826 969 1805 0 1325 806 988 1758 1996
911 837 344 1106 809 411 205 758 670 1232 569 715 364 833 817 667 979 619 911 859 464 838 1325 0 554 974 819 942
1252 1179 268 1447 510 853 618 238 1061 713 122 416 679 1208 986 221 487 293 1252 1201 367 1180 806 554 0 462 988 1225
1679 1606 695 1874 201 1280 1038 420 1197 895 449 333 1106 1635 1123 401 61 414 1679 1628 794 1606 988 974 462 0 1124 1362
1053 979 777 1083 959 530 790 1191 238 1666 1002 865 861 710 69 910 1130 778 1052 1001 1005 980 1758 819 988 1124 0 527
1141 1068 1014 1048 1197 618 941 1429 426 1903 1239 1103 1011 675 517 1148 1367 1016 1141 1090 1156 1069 1996 969 1225 1362 527 0
EOF