NAME : tsp_problem
TYPE : TSP
DIMENSION : 60
EDGE_WEIGHT_TYPE : EXPLICIT
EDGE_WEIGHT_FORMAT : FULL_MATRIX
EDGE_WEIGHT_SECTION
0 750 200 196 248 694 384 814 711 123 127 401 248 141 216 877 49 3064 460 263 205 701 546 293 393 662 580 683 1456 113 638 272 619 757 326 1539 659 972 732 472 457 317 85 1431 609 722 459 660 1006 230 668 182 835 383 548 146 112 494 195 101
750 0 931 927 979 1046 946 1013 137 854 763 546 737 734 947 303 744 3795 1191 522 937 930 1005 988 954 1120 1039 229 1237 844 695 967 211 982 1057 1319 1118 498 931 318 332 858 735 1211 808 267 1191 601 467 771 1127 877 1034 1114 1279 841 843 1225 735 717
200 931 0 281 333 647 337 767 892 208 308 582 429 321 169 1057 230 3149 492 444 158 654 499 403 346 615 533 864 1637 199 591 381 799 710 411 1719 612 1152 685 653 637 498 265 1611 562 903 492 841 1187 411 621 356 788 416 581 326 104 527 375 282
196 927 281 0 152 763 454 883 888 97 304 578 426 318 298 1054 227 2968 364 441 287 771 615 257 462 731 649 861 1633 117 708 236 796 827 230 1716 729 1149 802 649 634 494 262 1608 679 899 364 837 1184 408 738 211 905 288 453 189 193 399 372 279
248 979 333 152 0 635 325 755 940 149 356 630 477 370 310 1106 278 2843 236 492 339 642 487 309 334 603 521 912 1685 169 579 288 848 698 102 1768 600 1201 673 701 686 546 314 1660 550 951 235 862 1235 459 609 263 776 159 324 241 245 270 424 330
694 1046 647 763 635 0 336 223 1007 702 802 901 923 815 504 1173 724 3388 592 791 609 473 394 897 344 510 428 979 1752 693 380 875 915 113 665 1835 508 1268 268 768 753 992 759 1727 351 1018 592 560 1302 905 517 850 244 555 445 820 598 627 869 776
384 946 337 454 325 336 0 456 907 393 493 766 614 506 195 1073 415 3080 365 629 299 343 188 587 58 304 222 880 1652 383 280 566 815 399 356 1735 301 1168 374 668 653 683 450 1627 251 918 365 563 1203 596 310 541 477 289 454 511 288 400 560 467
814 1013 767 883 755 223 456 0 974 822 922 868 974 936 624 1139 844 3509 791 758 729 439 514 1017 464 630 548 946 1719 813 347 996 881 159 786 1801 628 1235 235 735 719 1112 880 1694 318 985 791 606 1269 1025 636 971 132 718 644 941 718 825 990 896
711 137 892 888 940 1007 907 974 0 815 724 508 698 695 909 192 706 3756 1152 483 898 891 966 949 916 1081 1000 191 1198 806 656 928 136 943 1018 1281 1079 387 892 279 293 819 696 1173 769 230 1152 562 356 732 1088 838 995 1076 1241 802 804 1186 697 678
123 854 208 97 149 702 393 822 815 0 231 505 352 244 225 981 153 2964 360 367 214 710 554 218 401 670 588 787 1560 47 647 197 722 766 227 1642 668 1076 740 576 560 421 189 1535 618 826 360 764 1110 334 677 172 844 284 449 150 120 395 298 205
127 763 308 304 356 802 493 922 724 231 0 414 261 154 325 890 122 3172 568 276 314 810 654 365 501 770 688 697 1469 221 682 344 632 866 434 1552 768 985 840 485 470 330 157 1444 718 735 568 673 1020 243 776 254 943 492 657 218 220 602 208 153
401 546 582 578 630 901 766 868 508 505 414 0 485 385 598 673 385 3446 842 377 588 785 860 606 775 976 894 480 1253 495 550 585 415 837 708 1335 973 768 786 268 253 469 346 1227 664 519 842 457 803 382 982 495 889 765 931 459 494 876 346 328
248 737 429 426 477 923 614 974 698 352 261 485 0 232 446 864 243 3293 689 251 435 891 775 486 622 891 809 671 1443 343 656 465 606 943 555 1526 889 959 892 459 444 401 242 1418 769 709 689 647 994 315 898 376 995 613 778 339 341 724 279 224
141 734 321 318 370 815 506 936 695 244 154 385 232 0 338 861 135 3185 581 247 327 823 667 379 515 783 701 667 1440 235 652 357 603 879 448 1523 781 956 854 456 440 301 142 1415 731 706 581 644 990 214 790 268 957 505 670 231 233 616 179 124
216 947 169 298 310 504 195 624 909 225 325 598 446 338 0 1074 247 3065 350 461 131 512 356 419 203 472 390 881 1654 215 449 398 816 568 341 1736 470 1169 543 669 654 515 282 1628 420 920 350 731 1204 428 479 373 646 274 439 343 120 384 392 299
877 303 1057 1054 1106 1173 1073 1139 192 981 890 673 864 861 1074 0 871 3922 1318 648 1063 1057 1131 1115 1081 1247 1165 357 1364 971 822 1093 301 1109 1184 1446 1245 269 1058 445 458 985 862 1338 935 395 1317 728 238 898 1253 1004 1161 1241 1406 967 969 1352 862 844
49 744 230 227 278 724 415 844 706 153 122 385 243 135 247 871 0 3094 490 258 236 732 576 262 423 692 610 678 1451 144 663 240 613 788 357 1533 690 966 763 466 451 301 54 1425 640 717 490 654 1001 214 699 151 866 414 579 114 142 525 178 70
3084 3815 3169 2988 2864 3419 3111 3541 3776 2985 3192 3466 3313 3206 3096 3942 3115 0 2957 3328 3175 3428 3272 3145 3120 3388 3307 3749 3422 3005 3365 3124 3684 3483 2942 3316 3386 4037 3459 3537 3522 3382 3150 3396 3336 3787 2957 3647 4072 3295 3395 3099 3562 2881 3046 3077 3081 2991 3260 3166
460 1191 492 364 236 592 365 791 1152 360 568 842 689 581 350 1318 490 2926 0 704 454 682 527 521 374 643 561 1124 1897 381 619 500 1059 656 266 1979 640 1413 713 913 897 758 526 1872 590 1163 25 902 1447 671 649 475 812 93 219 453 444 56 635 542
263 522 444 441 492 791 629 758 483 367 276 377 251 247 461 648 258 3308 704 0 450 675 750 501 637 865 784 455 1228 358 440 480 390 727 570 1310 863 744 676 244 228 417 258 1202 554 494 704 432 778 330 872 391 779 628 793 354 356 739 294 239
205 937 158 287 339 609 299 729 898 214 314 588 435 327 131 1063 236 3155 454 450 0 616 461 409 308 577 495 870 1643 204 553 387 805 672 417 1725 574 1158 647 658 643 504 271 1617 524 909 454 836 1193 417 583 362 750 378 543 332 110 489 381 288
701 930 654 771 642 473 343 439 891 710 810 785 891 823 512 1057 732 3397 682 675 616 0 203 905 352 231 237 863 1636 700 264 883 798 409 673 1718 229 1152 358 652 636 1000 767 1611 167 902 682 546 1186 913 237 858 461 606 771 828 606 717 877 784
546 1005 499 615 487 394 188 514 966 554 654 860 775 667 356 1131 576 3241 527 750 461 203 0 749 196 163 82 938 1711 545 339 727 873 458 517 1793 161 1226 432 726 711 844 611 1685 310 977 526 621 1261 757 170 702 536 450 615 672 450 561 721 628
293 988 403 257 309 897 587 1017 949 218 365 606 486 379 419 1115 262 3125 521 501 409 905 749 0 596 865 783 921 1694 238 841 113 857 960 387 1777 863 1210 935 710 695 522 275 1669 812 960 521 898 1244 436 871 188 1038 445 610 166 315 555 400 292
393 954 346 462 334 344 58 464 916 401 501 775 622 515 203 1081 423 3088 374 637 308 352 196 596 0 312 230 888 1661 392 289 575 823 408 365 1743 310 1176 382 676 661 691 459 1635 260 927 374 571 1211 604 318 550 485 297 463 520 297 408 569 475
662 1120 615 731 603 510 304 630 1081 670 770 976 891 783 472 1247 692 3357 643 865 577 231 163 865 312 0 198 1054 1826 661 454 843 989 574 633 1909 28 1342 548 842 827 960 728 1801 357 1092 642 737 1377 873 37 818 651 566 731 788 566 677 837 744
580 1039 533 649 521 428 222 548 1000 588 688 894 809 701 390 1165 610 3275 561 784 495 237 82 783 230 198 0 972 1745 579 373 761 907 492 552 1827 195 1261 467 761 745 878 646 1719 344 1011 561 655 1295 791 204 737 570 484 649 706 484 595 755 662
683 229 864 861 912 979 880 946 191 787 697 480 671 667 881 357 678 3728 1124 455 870 863 938 921 888 1054 972 0 1170 778 628 900 228 915 991 1253 1051 315 864 252 265 791 669 1145 742 80 1124 535 350 705 1060 811 968 1048 1213 774 776 1159 669 651
1456 1237 1637 1633 1685 1752 1652 1719 1198 1560 1469 1253 1443 1440 1654 1364 1451 3348 1897 1228 1643 1636 1711 1694 1661 1826 1745 1170 0 1550 1401 1673 1105 1688 1763 351 1824 1459 1637 1024 1038 1564 1441 129 1514 1209 1897 1307 1493 1477 1833 1583 1740 1821 1986 1547 1549 1931 1442 1423
113 844 199 117 169 693 383 813 806 47 221 495 343 235 215 971 144 2985 381 358 204 700 545 238 392 661 579 778 1550 0 637 217 713 756 247 1633 658 1066 731 566 551 411 179 1525 608 816 380 754 1101 325 667 192 834 304 469 170 111 415 289 196
638 695 591 708 579 380 280 347 656 647 682 550 656 652 449 822 663 3334 619 440 553 264 339 841 289 454 373 628 1401 637 0 820 564 316 610 1484 452 917 265 417 401 822 663 1376 142 667 619 311 951 735 461 795 368 543 708 759 542 654 699 645
272 967 381 236 288 875 566 996 928 197 344 585 465 357 398 1093 240 3104 500 480 387 883 727 113 575 843 761 900 1673 217 820 0 835 939 366 1755 841 1188 914 688 673 501 254 1647 791 939 499 877 1223 414 850 166 1017 423 588 145 293 534 378 270
619 211 799 796 848 915 815 881 136 722 632 415 606 603 816 301 613 3663 1059 390 805 798 873 857 823 989 907 228 1105 713 564 835 0 850 926 1188 987 496 800 187 200 727 604 1080 677 267 1059 470 465 640 995 746 903 983 1148 709 711 1094 604 586
757 982 710 827 698 113 399 159 943 766 866 837 943 879 568 1109 788 3452 656 727 672 409 458 960 408 574 492 915 1688 756 316 939 850 0 729 1770 572 1204 204 704 688 1056 823 1663 287 954 656 496 1238 969 580 914 180 619 509 884 662 690 933 840
326 1057 411 230 102 665 356 786 1018 227 434 708 555 448 341 1184 357 2922 266 570 417 673 517 387 365 633 552 991 1763 247 610 366 926 729 0 1846 631 1279 704 779 764 624 392 1738 581 1029 266 892 1314 538 640 341 807 190 355 319 323 301 502 409
1539 1319 1719 1716 1768 1835 1735 1801 1281 1642 1552 1335 1526 1523 1736 1446 1533 3242 1979 1310 1725 1718 1793 1777 1743 1909 1827 1253 351 1633 1484 1755 1188 1770 1846 0 1907 1541 1720 1107 1120 1647 1524 325 1597 1291 1979 1390 1576 1560 1915 1666 1823 1903 2068 1629 1631 2014 1524 1506
659 1118 612 729 600 508 301 628 1079 668 768 973 889 781 470 1245 690 3355 640 863 574 229 161 863 310 28 195 1051 1824 658 452 841 987 572 631 1907 0 1340 546 840 824 958 725 1799 355 1090 640 734 1374 871 35 816 649 564 729 786 564 675 835 742
972 498 1152 1149 1201 1268 1168 1235 387 1076 985 768 959 956 1169 269 966 4017 1413 744 1158 1152 1226 1210 1176 1342 1261 315 1459 1066 917 1188 496 1204 1279 1541 1340 0 1153 540 554 1080 957 1433 1030 276 1412 823 51 993 1348 1099 1256 1336 1501 1062 1065 1447 957 939
732 931 685 802 673 268 374 235 892 740 840 786 892 854 543 1058 763 3428 713 676 647 358 432 935 382 548 467 864 1637 731 265 914 800 204 704 1720 546 1153 0 653 637 1030 798 1612 236 903 713 547 1187 943 554 889 256 637 689 859 636 747 908 814
472 318 653 649 701 768 668 735 279 576 485 268 459 456 669 445 466 3517 913 244 658 652 726 710 676 842 761 252 1024 566 417 688 187 704 779 1107 840 540 653 0 54 580 457 999 530 290 913 323 575 493 849 599 756 836 1001 562 565 947 457 439
457 332 637 634 686 753 653 719 293 560 470 253 444 440 654 458 451 3501 897 228 643 636 711 695 661 827 745 265 1038 551 401 673 200 688 764 1120 824 554 637 54 0 565 442 1013 515 304 897 308 588 478 833 584 741 821 986 547 549 932 442 424
317 858 498 494 546 992 683 1112 819 421 330 469 401 301 515 985 301 3362 758 417 504 1000 844 522 691 960 878 791 1564 411 822 501 727 1056 624 1647 958 1080 1030 580 565 0 262 1539 908 830 758 768 1114 118 967 412 1133 682 847 375 410 792 237 244
85 735 265 262 314 759 450 880 696 189 157 346 242 142 282 862 54 3130 526 258 271 767 611 275 459 728 646 669 1441 179 663 254 604 823 392 1524 725 957 798 457 442 262 0 1416 675 707 525 645 992 176 734 164 901 449 614 128 177 560 140 32
1431 1211 1611 1608 1660 1727 1627 1694 1173 1535 1444 1227 1418 1415 1628 1338 1425 3322 1872 1202 1617 1611 1685 1669 1635 1801 1719 1145 129 1525 1376 1647 1080 1663 1738 325 1799 1433 1612 999 1013 1539 1416 0 1489 1184 1871 1282 1468 1452 1807 1558 1715 1795 1960 1521 1524 1906 1416 1398
609 808 562 679 550 351 251 318 769 618 718 664 769 731 420 935 640 3305 590 554 524 167 310 812 260 357 344 742 1514 608 142 791 677 287 581 1597 355 1030 236 530 515 908 675 1489 0 780 590 425 1065 821 363 766 339 514 679 736 513 625 785 692
722 267 903 899 951 1018 918 985 230 826 735 519 709 706 920 395 717 3767 1163 494 909 902 977 960 927 1092 1011 80 1209 816 667 939 267 954 1029 1291 1090 276 903 290 304 830 707 1184 780 0 1163 573 310 743 1099 849 1006 1087 1252 813 815 1197 708 689
459 1191 492 364 235 592 365 791 1152 360 568 842 689 581 350 1317 490 2926 25 704 454 682 526 521 374 642 561 1124 1897 380 619 499 1059 656 266 1979 640 1412 713 913 897 758 525 1871 590 1163 0 901 1447 671 649 474 812 92 218 453 443 55 635 542
660 601 841 837 862 560 563 606 562 764 673 457 647 644 731 728 654 3616 902 432 836 546 621 898 571 737 655 535 1307 754 311 877 470 496 892 1390 734 823 547 323 308 768 645 1282 425 573 901 0 858 681 743 787 627 825 981 751 753 936 645 627
1006 467 1187 1184 1235 1302 1203 1269 356 1110 1020 803 994 990 1204 238 1001 4051 1447 778 1193 1186 1261 1244 1211 1377 1295 350 1493 1101 951 1223 465 1238 1314 1576 1374 51 1187 575 588 1114 992 1468 1065 310 1447 858 0 1028 1383 1134 1290 1371 1536 1097 1099 1482 992 974
230 771 411 408 459 905 596 1025 732 334 243 382 315 214 428 898 214 3275 671 330 417 913 757 436 604 873 791 705 1477 325 735 414 640 969 538 1560 871 993 943 493 478 118 176 1452 821 743 671 681 1028 0 880 325 1047 595 760 288 323 706 150 158
668 1127 621 738 609 517 310 636 1088 677 776 982 898 790 479 1253 699 3364 649 872 583 237 170 871 318 37 204 1060 1833 667 461 850 995 580 640 1915 35 1348 554 849 833 967 734 1807 363 1099 649 743 1383 880 0 825 658 573 738 795 572 684 844 751
182 877 356 211 263 850 541 971 838 172 254 495 376 268 373 1004 151 3079 475 391 362 858 702 188 550 818 737 811 1583 192 795 166 746 914 341 1666 816 1099 889 599 584 412 164 1558 766 849 474 787 1134 325 825 0 992 398 563 55 268 509 289 181
835 1034 788 905 776 244 477 132 995 844 943 889 995 957 646 1161 866 3531 812 779 750 461 536 1038 485 651 570 968 1740 834 368 1017 903 180 807 1823 649 1256 256 756 741 1133 901 1715 339 1006 812 627 1290 1047 658 992 0 740 665 962 739 846 1011 918
383 1114 416 288 159 555 289 718 1076 284 492 765 613 505 274 1241 414 2849 93 628 378 606 450 445 297 566 484 1048 1821 304 543 423 983 619 190 1903 564 1336 637 836 821 682 449 1795 514 1087 92 825 1371 595 573 398 740 0 181 377 367 127 559 466
548 1279 581 453 324 445 454 644 1241 449 657 931 778 670 439 1406 579 3015 219 793 543 771 615 610 463 731 649 1213 1986 469 708 588 1148 509 355 2068 729 1501 689 1001 986 847 614 1960 679 1252 218 981 1536 760 738 563 665 181 0 542 532 253 724 631
146 841 326 189 241 820 511 941 802 150 218 459 339 231 343 967 114 3057 453 354 332 828 672 166 520 788 706 774 1547 170 759 145 709 884 319 1629 786 1062 859 562 547 375 128 1521 736 813 453 751 1097 288 795 55 962 377 542 0 238 487 252 145
112 843 104 193 245 598 288 718 804 120 220 494 341 233 120 969 142 3061 444 356 110 606 450 315 297 566 484 776 1549 111 542 293 711 662 323 1631 564 1065 636 565 549 410 177 1524 513 815 443 753 1099 323 572 268 739 367 532 238 0 478 287 194
494 1225 527 399 270 627 400 825 1186 395 602 876 724 616 384 1352 525 2960 56 739 489 717 561 555 408 677 595 1159 1931 415 654 534 1094 690 301 2014 675 1447 747 947 932 792 560 1906 625 1197 55 936 1482 706 684 509 846 127 253 487 478 0 670 577
195 735 375 372 424 869 560 990 697 298 208 346 279 179 392 862 178 3239 635 294 381 877 721 400 569 837 755 669 1442 289 699 378 604 933 502 1524 835 957 908 457 442 237 140 1416 785 708 635 645 992 150 844 289 1011 559 724 252 287 670 0 122
101 717 282 279 330 776 467 896 678 205 153 328 224 124 299 844 70 3146 542 239 288 784 628 292 475 744 662 651 1423 196 645 270 586 840 409 1506 742 939 814 439 424 244 32 1398 692 689 542 627 974 158 751 181 918 466 631 145 194 577 122 0
EOF