NAME : tsp_problem
TYPE : TSP
DIMENSION : 40
EDGE_WEIGHT_TYPE : EXPLICIT
EDGE_WEIGHT_FORMAT : FULL_MATRIX
EDGE_WEIGHT_SECTION
0 3217 838 329 128 859 999 564 739 862 1445 733 195 336 1458 728 799 817 780 871 431 142 813 1441 331 1007 636 816 288 700 173 991 16 407 457 841 630 848 729 299
3237 0 3696 3206 3202 3302 4109 3674 3374 3267 3456 3367 3305 3036 3468 3586 3657 3452 3891 3981 2989 3114 3447 3452 3442 4117 3270 3674 3166 3334 3284 4102 3239 3203 3567 3951 3264 3958 3364 3176
838 3664 0 898 832 711 1093 444 710 745 1539 443 801 1025 1551 261 244 528 874 965 927 853 524 1535 547 1101 607 260 858 391 867 1085 839 1118 551 935 601 942 700 824
329 3186 898 0 294 695 1201 766 576 729 1647 569 397 305 1660 788 860 654 982 1073 400 206 650 1643 533 1209 472 876 55 537 375 1194 330 437 659 1043 467 1050 566 135
128 3182 832 294 0 824 984 549 705 828 1430 698 189 301 1443 723 794 783 766 856 397 107 779 1427 326 992 601 811 254 665 119 977 130 325 442 827 595 833 695 264
859 3271 711 695 824 0 1458 889 236 60 1905 425 927 696 1917 507 521 510 1240 1330 598 736 375 1901 862 1466 261 504 655 468 905 1451 860 863 916 1301 398 1307 497 621
999 4089 1093 1201 984 1458 0 784 1339 1492 1504 1073 962 1208 1517 1033 1054 1157 368 143 1303 1014 1153 1501 708 67 1236 1071 1160 1020 993 33 1000 1279 582 197 1230 369 1329 1171
564 3654 444 766 549 889 784 0 872 923 1230 605 527 773 1242 422 406 690 565 656 868 579 686 1226 272 792 768 422 725 552 558 776 565 844 242 626 763 633 862 736
739 3342 710 576 705 236 1339 872 0 270 1786 381 807 703 1798 528 542 466 1121 1211 605 616 396 1782 743 1347 119 525 536 349 786 1332 741 847 797 1182 279 1188 378 502
862 3236 745 729 828 60 1492 923 270 0 1939 460 930 661 1951 541 556 544 1274 1364 563 740 409 1935 896 1500 295 538 689 502 909 1485 864 828 951 1335 432 1341 531 655
1445 3382 1539 1647 1430 1905 1504 1230 1786 1939 0 1519 1409 1654 143 1480 1501 1604 1286 1377 1750 1460 1599 159 1154 1512 1682 1517 1607 1466 1439 1497 1447 1726 1028 1347 1676 1354 1776 1617
733 3336 443 569 698 425 1073 605 381 460 1519 0 731 697 1531 334 405 124 854 945 598 610 120 1515 476 1081 278 422 529 82 779 1065 734 841 531 915 272 922 371 495
195 3285 801 397 189 927 962 527 807 930 1409 731 0 404 1421 692 763 816 744 834 499 210 812 1405 295 970 704 780 356 678 234 955 196 475 420 805 698 811 797 367
336 3015 1025 305 301 696 1208 773 703 661 1654 697 404 0 1667 916 987 781 990 1080 230 213 777 1650 541 1216 600 1004 264 664 383 1201 338 302 666 1050 594 1057 693 275
1458 3395 1551 1660 1443 1917 1517 1242 1798 1951 143 1531 1421 1667 0 1492 1513 1616 1299 1389 1762 1473 1612 171 1166 1525 1695 1530 1619 1479 1452 1510 1459 1738 1041 1359 1689 1366 1788 1630
728 3555 261 788 723 507 1033 422 528 541 1480 334 692 916 1492 0 217 418 815 905 818 743 407 1476 437 1041 497 200 748 281 768 1026 730 1009 491 876 491 882 591 714
799 3626 244 860 794 521 1054 406 542 556 1501 405 763 987 1513 217 0 490 836 926 889 814 422 1497 508 1062 567 72 819 352 829 1047 801 1080 512 897 562 903 662 786
817 3420 528 654 783 510 1157 690 466 544 1604 124 816 781 1616 418 490 0 939 1029 683 695 205 1600 561 1165 362 506 614 167 864 1150 819 925 615 1000 357 1006 456 580
780 3870 874 982 766 1240 368 565 1121 1274 1286 854 744 990 1299 815 836 939 0 240 1085 795 935 1282 489 395 1017 853 942 801 775 361 782 1061 364 448 1012 455 1111 952
871 3961 965 1073 856 1330 143 656 1211 1364 1377 945 834 1080 1389 905 926 1029 240 0 1175 886 1025 1373 580 169 1108 943 1033 892 865 135 872 1151 454 320 1102 491 1201 1043
431 2969 927 400 397 598 1303 868 605 563 1750 598 499 230 1762 818 889 683 1085 1175 0 308 679 1746 636 1311 502 906 360 566 478 1296 433 397 761 1146 496 1152 595 370
142 3094 853 206 107 736 1014 579 616 740 1460 610 210 213 1473 743 814 695 795 886 308 0 690 1456 346 1022 513 831 166 577 188 1006 143 320 472 856 507 863 607 176
813 3416 524 650 779 375 1153 686 396 409 1599 120 812 777 1612 407 422 205 935 1025 679 690 0 1596 557 1161 358 404 609 163 860 1146 815 921 611 996 353 1002 452 576
1441 3378 1535 1643 1427 1901 1501 1226 1782 1935 159 1515 1405 1650 171 1476 1497 1600 1282 1373 1746 1456 1596 0 1150 1509 1678 1514 1603 1462 1435 1493 1443 1722 1024 1343 1672 1350 1772 1613
331 3421 547 533 326 862 708 272 743 896 1154 476 295 541 1166 437 508 561 489 580 636 346 557 1150 0 716 640 525 493 424 371 700 333 612 166 550 634 557 733 503
1007 4097 1101 1209 992 1466 67 792 1347 1500 1512 1081 970 1216 1525 1041 1062 1165 395 169 1311 1022 1161 1509 716 0 1244 1079 1168 1028 1001 60 1008 1287 590 185 1238 357 1337 1179
636 3239 607 472 601 261 1236 768 119 295 1682 278 704 600 1695 497 567 362 1017 1108 502 513 358 1678 640 1244 0 550 432 245 683 1229 637 744 694 1078 175 1085 274 398
816 3643 260 876 811 504 1071 422 525 538 1517 422 780 1004 1530 200 72 506 853 943 906 831 404 1514 525 1079 550 0 836 369 845 1064 818 1097 529 914 579 920 679 803
288 3145 858 55 254 655 1160 725 536 689 1607 529 356 264 1619 748 819 614 942 1033 360 166 609 1603 493 1168 432 836 0 496 335 1153 290 396 619 1003 426 1010 526 95
700 3303 391 537 665 468 1020 552 349 502 1466 82 678 664 1479 281 352 167 801 892 566 577 163 1462 424 1028 245 369 496 0 747 1013 702 808 478 862 239 869 339 463
173 3263 867 375 119 905 993 558 786 909 1439 779 234 383 1452 768 829 864 775 865 478 188 860 1435 371 1001 683 845 335 747 0 986 175 421 451 835 677 842 776 346
991 4081 1085 1194 977 1451 33 776 1332 1485 1497 1065 955 1201 1510 1026 1047 1150 361 135 1296 1006 1146 1493 700 60 1229 1064 1153 1013 986 0 993 1272 575 205 1223 376 1322 1164
16 3218 839 330 130 860 1000 565 741 864 1447 734 196 338 1459 730 801 819 782 872 433 143 815 1443 333 1008 637 818 290 702 175 993 0 409 458 843 632 849 731 300
407 3183 1118 437 325 863 1279 844 847 828 1726 841 475 302 1738 1009 1080 925 1061 1151 397 320 921 1722 612 1287 744 1097 396 808 421 1272 409 0 737 1122 738 1128 837 407
457 3547 551 659 442 916 582 242 797 951 1028 531 420 666 1041 491 512 615 364 454 761 472 611 1024 166 590 694 529 619 478 451 575 458 737 0 424 688 431 787 629
841 3931 935 1043 827 1301 197 626 1182 1335 1347 915 805 1050 1359 876 897 1000 448 320 1146 856 996 1343 550 185 1078 914 1003 862 835 205 843 1122 424 0 1072 192 1172 1013
630 3233 601 467 595 398 1230 763 279 432 1676 272 698 594 1689 491 562 357 1012 1102 496 507 353 1672 634 1238 175 579 426 239 677 1223 632 738 688 1072 0 1079 200 393
848 3938 942 1050 833 1307 369 633 1188 1341 1354 922 811 1057 1366 882 903 1006 455 491 1152 863 1002 1350 557 357 1085 920 1010 869 842 376 849 1128 431 192 1079 0 1178 1020
729 3332 700 566 695 497 1329 862 378 531 1776 371 797 693 1788 591 662 456 1111 1201 595 607 452 1772 733 1337 274 679 526 339 776 1322 731 837 787 1172 200 1178 0 492
299 3156 824 135 264 621 1171 736 502 655 1617 495 367 275 1630 714 786 580 952 1043 370 176 576 1613 503 1179 398 803 95 463 346 1164 300 407 629 1013 393 1020 492 0
EOF