NAME : tsp_problem
TYPE : TSP
DIMENSION : 64
EDGE_WEIGHT_TYPE : EXPLICIT
EDGE_WEIGHT_FORMAT : FULL_MATRIX
EDGE_WEIGHT_SECTION
0 1154 966 1046 1177 1082 1147 1066 895 1399 945 918 1178 1054 1352 979 949 1145 829 1063 1143 1002 991 867 3070 1092 1153 1170 1174 834 1157 1020 1224 1360 1049 889 962 827 1060 1167 1111 932 1153 233 974 684 1117 1045 678 665 991 1046 853 1039 1029 710 1462 1520 1128 1038 835 1252 606 1088
1154 0 272 305 110 88 406 1000 270 659 346 511 852 987 612 272 882 404 352 996 816 414 403 461 3457 494 86 429 115 512 416 266 897 1747 983 285 274 505 319 840 597 865 827 1246 277 505 603 304 510 654 1180 447 532 440 441 478 722 779 862 972 867 148 714 489
966 272 0 103 295 199 204 751 179 457 97 356 603 739 410 39 634 202 211 748 567 440 430 305 3268 245 271 227 300 324 214 451 649 1559 734 174 41 317 117 592 348 616 578 1058 44 317 354 102 322 498 983 199 344 191 467 290 519 577 613 723 619 370 559 241
1046 305 103 0 328 233 202 818 245 454 177 436 671 806 407 103 701 200 291 815 635 520 509 385 3266 325 304 225 333 404 212 484 716 1638 802 253 105 397 41 659 416 684 646 1137 108 396 422 26 401 578 1050 279 423 271 547 370 517 575 681 791 686 403 639 320
1177 110 295 328 0 111 430 1023 293 682 369 458 875 1011 635 295 906 427 375 1020 839 327 316 407 3480 517 46 453 43 536 439 178 920 1770 1006 308 297 529 343 864 620 888 850 1269 300 528 626 328 533 672 1204 471 555 463 354 501 745 802 885 995 890 208 733 513
1082 88 199 233 111 0 334 927 198 587 274 439 780 915 540 200 810 332 279 924 744 416 405 389 3385 422 87 357 116 440 344 267 825 1675 911 213 202 433 247 768 525 793 755 1174 205 433 531 232 438 582 1108 375 460 368 443 406 649 707 790 900 795 186 642 417
1147 406 204 202 430 334 0 692 347 328 279 537 544 680 281 204 575 176 392 689 509 621 611 487 3191 296 406 100 435 505 86 586 590 1740 675 355 207 498 216 533 289 558 519 1239 210 498 295 201 503 680 924 380 525 372 648 471 391 448 555 664 560 505 740 334
1066 1000 751 818 1023 927 692 0 811 532 667 989 505 47 769 764 200 822 844 183 404 1073 1062 938 3369 544 999 745 1028 887 702 1091 357 1659 170 806 747 880 833 365 438 258 351 1158 759 737 443 818 731 803 326 655 907 691 1100 763 879 817 454 159 260 1098 744 581
895 270 179 245 293 198 347 811 0 599 158 252 663 799 552 192 694 345 92 808 628 336 325 201 3198 305 269 370 298 253 357 355 709 1488 794 26 175 246 260 652 408 677 638 986 187 245 415 245 250 394 921 259 272 251 363 219 662 720 674 783 679 368 455 301
1399 659 457 454 682 587 328 532 599 0 531 790 672 520 263 457 673 458 645 656 538 874 863 739 3313 424 658 381 687 758 338 838 492 1992 642 607 459 751 469 500 417 685 486 1491 462 750 423 454 755 932 720 536 777 572 901 724 373 312 682 631 688 757 993 462
945 346 97 177 369 274 279 667 158 531 0 335 519 655 484 110 550 276 190 664 483 419 408 284 3248 161 345 301 374 303 288 438 564 1538 650 152 93 296 191 508 264 532 494 1036 106 295 270 176 300 477 899 115 323 107 446 269 594 651 529 639 534 444 538 157
918 511 356 436 458 439 537 989 252 790 335 0 841 976 743 369 871 535 180 985 805 280 269 115 3221 483 481 560 452 321 547 299 886 1511 972 247 352 314 450 830 586 854 816 1010 365 314 592 435 319 410 981 437 341 429 307 287 853 910 851 961 785 610 471 479
1178 852 603 671 875 780 544 505 663 672 519 841 0 493 625 616 387 674 696 502 321 925 914 790 3482 396 851 597 880 809 554 944 402 1771 488 658 599 802 685 346 290 370 332 1270 612 801 295 670 806 915 737 507 828 543 952 775 735 792 168 477 372 950 856 434
1054 987 739 806 1011 915 680 47 799 520 655 976 493 0 757 752 188 810 831 171 392 1060 1050 926 3357 531 987 733 1016 875 690 1079 345 1647 157 794 735 868 821 353 425 246 339 1146 747 725 431 806 719 791 314 643 894 679 1087 751 867 805 442 147 248 1086 732 569
1352 612 410 407 635 540 281 769 552 263 484 743 625 757 0 410 656 411 598 770 589 827 816 692 3266 377 611 334 640 711 291 791 671 1945 756 560 412 704 422 614 370 638 600 1444 415 703 376 407 708 885 957 489 730 525 854 676 133 383 635 745 640 710 946 415
979 272 39 103 295 200 204 764 192 457 110 369 616 752 410 0 647 202 224 761 580 453 442 318 3268 258 271 227 300 337 214 451 661 1572 747 186 42 330 117 605 361 629 591 1071 45 330 367 102 334 511 996 212 357 204 480 303 520 577 626 736 631 370 572 254
949 882 634 701 906 810 575 200 694 673 550 871 387 188 656 647 0 704 726 197 352 955 945 821 3252 426 882 628 911 770 585 974 433 1542 183 689 629 763 716 376 320 141 362 1041 642 620 326 701 614 686 466 538 789 574 982 646 766 823 337 173 143 981 626 464
1145 404 202 200 427 332 176 822 345 458 276 535 674 810 411 202 704 0 390 819 638 619 608 484 3269 424 403 141 433 503 176 583 719 1738 805 352 204 496 214 663 419 687 649 1236 207 495 425 199 500 677 1054 378 522 370 646 469 521 578 684 794 689 502 738 420
829 352 211 291 375 279 392 844 92 645 190 180 696 831 598 224 726 390 0 840 660 264 253 129 3132 338 351 415 380 197 402 282 741 1422 827 87 207 190 305 684 441 709 671 921 220 189 447 290 194 322 865 291 216 284 291 162 707 765 706 816 660 450 383 333
1063 996 748 815 1020 924 689 183 808 656 664 985 502 171 770 761 197 819 840 0 466 1069 1059 935 3366 540 996 742 1025 884 699 1088 481 1656 153 803 744 877 830 489 434 255 475 1155 756 734 440 815 728 800 450 652 903 688 1096 760 880 937 451 156 257 1095 741 578
1143 816 567 635 839 744 509 404 628 538 483 805 321 392 589 580 352 638 660 466 0 889 878 754 3446 360 815 562 844 773 518 908 156 1736 452 622 563 766 649 167 254 334 153 1234 576 765 259 634 770 880 592 471 793 508 916 739 699 757 331 441 336 914 820 398
1002 414 440 520 327 416 621 1073 336 874 419 280 925 1060 827 453 955 619 264 1069 889 0 70 229 3305 567 350 644 321 405 631 168 970 1595 1056 331 436 398 534 914 670 938 900 1094 449 398 676 519 403 494 1065 521 425 513 108 371 937 994 935 1045 869 512 555 562
991 403 430 509 316 405 611 1062 325 863 408 269 914 1050 816 442 945 608 253 1059 878 70 0 218 3294 556 339 634 310 395 621 157 959 1584 1045 320 425 388 524 903 659 927 889 1083 438 387 665 509 392 484 1054 510 414 502 97 360 926 983 924 1034 858 501 544 552
867 461 305 385 407 389 487 938 201 739 284 115 790 926 692 318 821 484 129 935 754 229 218 0 3170 432 430 510 401 271 496 248 835 1460 921 196 301 264 400 779 535 803 765 959 314 263 541 384 268 360 930 386 290 378 256 236 802 859 800 910 734 559 420 428
3032 3418 3230 3309 3442 3346 3234 3331 3159 3368 3209 3182 3443 3318 3321 3243 3213 3313 3094 3327 3407 3266 3256 3131 0 3357 3418 3287 3438 3098 3244 3285 3488 1946 3314 3154 3226 3091 3324 3432 3376 3196 3418 3124 3239 2948 3381 3309 2943 2929 3255 3311 3118 3303 3293 2975 3431 3488 3392 3303 3100 3517 2870 3353
1092 494 245 325 517 422 296 544 305 424 161 483 396 531 377 258 426 424 338 540 360 567 556 432 3346 0 493 349 522 451 306 586 441 1685 527 300 241 444 339 384 141 409 371 1184 254 443 147 324 448 625 775 149 470 185 594 417 487 545 406 516 411 592 686 76
1153 86 271 304 46 87 406 999 269 658 345 481 851 987 611 271 882 403 351 996 815 350 339 430 3457 493 0 429 51 512 416 202 897 1746 982 285 274 505 319 840 596 865 826 1245 277 504 602 304 509 653 1180 447 531 439 377 478 721 779 861 971 867 184 714 489
1170 429 227 225 453 357 100 745 370 381 301 560 597 733 334 227 628 141 415 742 562 644 634 510 3244 349 429 0 458 528 99 609 643 1763 728 378 230 521 239 586 342 611 572 1262 233 521 348 224 526 703 977 403 548 395 671 494 444 501 608 717 613 528 763 387
1174 115 300 333 43 116 435 1028 298 687 374 452 880 1016 640 300 911 433 380 1025 844 321 310 401 3477 522 51 458 0 541 445 173 926 1767 1011 314 303 534 348 869 625 894 855 1265 306 533 631 333 538 666 1209 476 560 468 348 507 750 808 890 1000 896 213 727 518
834 512 324 404 536 440 505 887 253 758 303 321 809 875 711 337 770 503 197 884 773 405 395 271 3137 451 512 528 541 0 515 424 854 1427 870 248 320 44 418 798 554 752 784 926 333 185 560 403 190 464 860 405 38 397 432 158 821 878 819 859 656 611 512 446
1157 416 214 212 439 344 86 702 357 338 288 547 554 690 291 214 585 176 402 699 518 631 621 496 3200 306 416 99 445 515 0 596 600 1750 685 365 217 508 226 543 299 567 529 1249 220 508 305 211 513 689 934 390 535 382 658 481 401 458 564 674 570 514 750 344
1020 266 451 484 178 267 586 1091 355 838 438 299 944 1079 791 451 974 583 282 1088 908 168 157 248 3324 586 202 609 173 424 596 0 989 1613 1074 350 453 417 499 932 689 957 919 1112 456 417 695 484 421 513 1083 539 444 532 195 390 901 958 954 1064 888 364 574 581
1224 897 649 716 920 825 590 357 709 492 564 886 402 345 671 661 433 719 741 481 156 970 959 835 3527 441 897 643 926 854 600 989 0 1817 467 703 644 847 730 184 335 415 171 1316 657 847 340 715 852 961 545 553 874 589 997 820 780 777 412 457 418 995 901 479
1360 1747 1559 1638 1770 1675 1740 1659 1488 1992 1538 1511 1771 1647 1945 1572 1542 1738 1422 1656 1736 1595 1584 1460 1985 1685 1746 1763 1767 1427 1750 1613 1817 0 1642 1482 1555 1420 1653 1760 1704 1524 1746 1452 1567 1277 1710 1638 1271 1258 1584 1639 1446 1631 1622 1303 2055 2113 1721 1631 1428 1845 1198 1681
1049 983 734 802 1006 911 675 170 794 642 650 972 488 157 756 747 183 805 827 153 452 1056 1045 921 3352 527 982 728 1011 870 685 1074 467 1642 0 789 730 863 816 475 421 241 461 1141 743 720 426 801 714 786 436 638 890 674 1083 747 866 923 437 142 243 1081 727 565
889 285 174 253 308 213 355 806 26 607 152 247 658 794 560 186 689 352 87 803 622 331 320 196 3193 300 285 378 314 248 365 350 703 1482 789 0 169 241 268 647 403 671 633 981 182 240 409 253 245 389 916 254 267 246 358 213 670 727 668 778 673 383 450 296
962 274 41 105 297 202 207 747 175 459 93 352 599 735 412 42 629 204 207 744 563 436 425 301 3265 241 274 230 303 320 217 453 644 1555 730 169 0 313 120 588 344 612 574 1053 47 312 350 105 317 494 979 195 340 187 463 286 522 579 609 719 614 372 555 237
827 505 317 397 529 433 498 880 246 751 296 314 802 868 704 330 763 496 190 877 766 398 388 264 3130 444 505 521 534 44 508 417 847 1420 863 241 313 0 411 791 547 745 777 919 326 178 553 396 183 457 854 398 63 390 425 151 814 871 812 852 649 604 505 440
1060 319 117 41 343 247 216 833 260 469 191 450 685 821 422 117 716 214 305 830 649 534 524 400 3280 339 319 239 348 418 226 499 730 1653 816 268 120 411 0 674 430 698 660 1152 123 411 436 41 416 593 1065 293 438 285 561 384 532 589 695 805 700 418 653 335
1167 840 592 659 864 768 533 365 652 500 508 830 346 353 614 605 376 663 684 489 167 914 903 779 3470 384 840 586 869 798 543 932 184 1760 475 647 588 791 674 0 278 359 79 1259 600 790 284 659 795 904 553 496 817 532 941 763 724 781 356 464 361 939 845 422
1111 597 348 416 620 525 289 438 408 417 264 586 290 425 370 361 320 419 441 434 254 670 659 535 3339 141 596 342 625 554 299 689 335 1704 421 403 344 547 430 278 0 303 265 1203 357 546 45 415 551 728 669 252 573 288 697 520 480 537 300 410 305 695 789 179
932 865 616 684 888 793 558 258 677 685 532 854 370 246 638 629 141 687 709 255 334 938 927 803 3235 409 865 611 894 752 567 957 415 1524 241 671 612 745 698 359 303 0 345 1023 625 602 308 683 597 669 490 520 772 557 965 629 748 806 251 230 125 963 609 447
1153 827 578 646 850 755 519 351 638 486 494 816 332 339 600 591 362 649 671 475 153 900 889 765 3457 371 826 572 855 784 529 919 171 1746 461 633 574 777 660 79 265 345 0 1245 587 776 270 645 781 890 539 482 803 518 927 750 710 767 342 451 347 925 831 409
233 1246 1058 1137 1269 1174 1239 1158 986 1491 1036 1010 1270 1146 1444 1071 1041 1236 921 1155 1234 1094 1083 959 3162 1184 1245 1262 1265 926 1249 1112 1316 1452 1141 981 1053 919 1152 1259 1203 1023 1245 0 1066 776 1208 1137 770 757 1082 1138 945 1130 1121 802 1554 1611 1220 1130 927 1344 697 1180
974 277 44 108 300 205 210 759 187 462 106 365 612 747 415 45 642 207 220 756 576 449 438 314 3273 254 277 233 306 333 220 456 657 1567 743 182 47 326 123 600 357 625 587 1066 0 325 363 108 330 507 991 207 352 200 476 298 525 582 622 732 627 375 568 249
684 505 317 396 528 433 498 737 245 750 295 314 801 725 703 330 620 495 189 734 765 398 387 263 2987 443 504 521 533 185 508 417 847 1277 720 240 312 178 411 790 546 602 776 776 325 0 552 396 45 421 710 397 204 389 425 61 813 870 799 709 506 603 362 439
1117 603 354 422 626 531 295 443 415 423 270 592 295 431 376 367 326 425 447 440 259 676 665 541 3345 147 602 348 631 560 305 695 340 1710 426 409 350 553 436 284 45 308 270 1208 363 552 0 421 557 734 675 258 579 295 703 526 486 544 305 415 310 701 794 185
1045 304 102 26 328 232 201 818 245 454 176 435 670 806 407 102 701 199 290 815 634 519 509 384 3265 324 304 224 333 403 211 484 715 1638 801 253 105 396 41 659 415 683 645 1137 108 396 421 0 401 578 1050 278 423 270 546 369 517 574 680 790 685 403 638 320
678 510 322 401 533 438 503 731 250 755 300 319 806 719 708 334 614 500 194 728 770 403 392 268 2981 448 509 526 538 190 513 421 852 1271 714 245 317 183 416 795 551 597 781 770 330 45 557 401 0 415 705 402 209 394 430 66 818 875 793 704 500 608 356 444
665 654 498 578 672 582 680 803 394 932 477 410 915 791 885 511 686 677 322 800 880 494 484 360 2968 625 653 703 666 464 689 513 961 1258 786 389 494 457 593 904 728 669 890 757 507 421 734 578 415 0 728 579 483 571 521 429 995 1052 865 775 572 752 218 621
991 1180 983 1050 1204 1108 924 326 921 720 899 981 737 314 957 996 466 1054 865 450 592 1065 1054 930 3294 775 1180 977 1209 860 934 1083 545 1584 436 916 979 854 1065 553 669 490 539 1082 991 710 675 1050 705 728 0 887 880 923 1092 737 1067 1005 686 425 393 1279 668 813
1046 447 199 279 471 375 380 655 259 536 115 437 507 643 489 212 538 378 291 652 471 521 510 386 3349 149 447 403 476 405 390 539 553 1639 638 254 195 398 293 496 252 520 482 1138 207 397 258 278 402 579 887 0 424 139 548 370 599 656 517 627 523 546 639 145
853 532 344 423 555 460 525 907 272 777 323 341 828 894 730 357 789 522 216 903 793 425 414 290 3157 470 531 548 560 38 535 444 874 1446 890 267 340 63 438 817 573 772 803 945 352 204 579 423 209 483 880 424 0 416 452 177 840 898 839 879 676 630 531 466
1039 440 191 271 463 368 372 691 251 572 107 429 543 679 525 204 574 370 284 688 508 513 502 378 3342 185 439 395 468 397 382 532 589 1631 674 246 187 390 285 532 288 557 518 1130 200 389 295 270 394 571 923 139 416 0 540 363 635 692 554 664 559 538 632 181
1029 441 467 547 354 443 648 1100 363 901 446 307 952 1087 854 480 982 646 291 1096 916 108 97 256 3332 594 377 671 348 432 658 195 997 1622 1083 358 463 425 561 941 697 965 927 1121 476 425 703 546 430 521 1092 548 452 540 0 398 964 1021 962 1072 896 539 582 589
710 478 290 370 501 406 471 763 219 724 269 287 775 751 676 303 646 469 162 760 739 371 360 236 3014 417 478 494 507 158 481 390 820 1303 747 213 286 151 384 763 520 629 750 802 298 61 526 369 66 429 737 370 177 363 398 0 786 844 785 736 533 576 388 412
1462 722 519 517 745 649 391 879 662 373 594 853 735 867 133 520 766 521 707 880 699 937 926 802 3376 487 721 444 750 821 401 901 780 2055 866 670 522 814 532 724 480 748 710 1554 525 813 486 517 818 995 1067 599 840 635 964 786 0 493 745 855 750 820 1055 525
1520 779 577 575 802 707 448 817 720 312 651 910 792 805 383 577 823 578 765 937 757 994 983 859 3434 545 779 501 808 878 458 958 777 2113 923 727 579 871 589 781 537 806 767 1611 582 870 544 574 875 1052 1005 656 898 692 1021 844 493 0 803 913 808 877 1113 583
1128 862 613 681 885 790 555 454 674 682 529 851 168 442 635 626 337 684 706 451 331 935 924 800 3431 406 861 608 890 819 564 954 412 1721 437 668 609 812 695 356 300 251 342 1220 622 799 305 680 793 865 686 517 839 554 962 785 745 803 0 427 322 960 806 444
1038 972 723 791 995 900 664 159 783 631 639 961 477 147 745 736 173 794 816 156 441 1045 1034 910 3342 516 971 717 1000 859 674 1064 457 1631 142 778 719 852 805 464 410 230 451 1130 732 709 415 790 704 775 425 627 879 664 1072 736 855 913 427 0 232 1070 716 554
835 867 619 686 890 795 560 260 679 688 534 785 372 248 640 631 143 689 660 257 336 869 858 734 3138 411 867 613 896 656 570 888 418 1428 243 673 614 649 700 361 305 125 347 927 627 506 310 685 500 572 393 523 676 559 896 533 750 808 322 232 0 965 513 449
1252 148 370 403 208 186 505 1098 368 757 444 610 950 1086 710 370 981 502 450 1095 914 512 501 559 3555 592 184 528 213 611 514 364 995 1845 1081 383 372 604 418 939 695 963 925 1344 375 603 701 403 608 752 1279 546 630 538 539 576 820 877 960 1070 965 0 813 588
606 714 559 639 733 642 740 744 455 993 538 471 856 732 946 572 626 738 383 741 820 555 544 420 2909 686 714 763 727 512 750 574 901 1198 727 450 555 505 653 845 789 609 831 697 568 362 794 638 356 218 668 639 531 632 582 388 1055 1113 806 716 513 813 0 681
1088 489 241 320 513 417 334 581 301 462 157 479 434 569 415 254 464 420 333 578 398 562 552 428 3384 76 489 387 518 446 344 581 479 1681 565 296 237 440 335 422 179 447 409 1180 249 439 185 320 444 621 813 145 466 181 589 412 525 583 444 554 449 588 681 0
EOF