NAME : tsp_problem
TYPE : TSP
DIMENSION : 26
EDGE_WEIGHT_TYPE : EXPLICIT
EDGE_WEIGHT_FORMAT : FULL_MATRIX
EDGE_WEIGHT_SECTION
0 686 2083 1700 1384 1708 1740 1828 1632 1308 1489 1708 1872 1876 1307 1687 1574 2113 1334 2012 1554 1230 1595 1724 1533 1574
686 0 1470 1088 772 1095 1128 1215 1019 695 877 1096 1259 1263 694 2167 962 1500 722 1399 942 618 982 1112 920 961
2083 1470 0 612 1394 839 612 955 563 1318 1499 836 744 748 1317 3174 635 56 1344 300 804 995 1035 476 730 705
1700 1088 612 0 1011 689 462 809 322 935 1117 690 594 597 934 3181 484 642 961 540 421 612 885 173 347 555
1384 772 1394 1011 0 1019 1052 1139 943 385 292 1019 1183 1187 263 2864 885 1424 411 1323 865 541 906 1035 844 885
1708 1095 839 689 1019 0 403 284 862 942 1124 165 534 538 941 3188 236 869 969 768 961 704 565 553 887 236
1740 1128 612 462 1052 403 0 523 635 975 1157 403 238 242 974 3221 198 642 1002 541 734 737 598 326 660 269
1828 1215 955 809 1139 284 523 0 982 1062 1244 158 654 658 1061 3308 356 985 1089 765 1081 824 646 673 1007 356
1632 1019 563 322 943 862 635 982 0 866 1048 863 767 770 865 3112 657 593 893 492 320 511 958 346 279 728
1308 695 1318 935 385 942 975 1062 866 0 368 943 1107 1110 306 2788 809 1348 212 1246 789 465 829 959 768 808
1489 877 1499 1117 292 1124 1157 1244 1048 368 0 1125 1288 1292 488 2970 990 1529 279 1428 970 646 1011 1140 949 990
1708 1096 836 690 1019 165 403 158 863 943 1125 0 535 538 942 3189 237 866 969 646 962 705 527 554 888 236
1872 1259 744 594 1183 534 238 654 767 1107 1288 535 0 37 1106 3352 330 774 1133 673 866 869 730 458 792 332
1876 1263 748 597 1187 538 242 658 770 1110 1292 538 37 0 1109 3356 334 778 1137 676 869 872 733 462 795 335
1307 694 1317 934 263 941 974 1061 865 306 488 942 1106 1109 0 2787 808 1346 333 1245 788 464 828 958 766 807
1648 2128 3229 3142 2826 3149 3182 3269 3073 2750 2931 3150 3314 3317 2748 0 3016 3259 2776 3157 2996 2672 3036 3166 2974 3015
1574 962 635 484 885 236 198 356 657 809 990 237 330 334 808 3054 0 665 835 563 756 571 432 349 682 102
2113 1500 56 642 1424 869 642 985 593 1348 1529 866 774 778 1346 3204 665 0 1374 330 834 1025 1065 506 760 735
1334 722 1344 961 411 969 1002 1089 893 212 279 969 1133 1137 333 2814 835 1374 0 1273 815 491 856 985 794 835
2012 1399 300 540 1323 768 541 765 492 1246 1428 646 673 676 1245 3103 563 330 1273 0 733 924 964 405 659 634
1554 942 804 421 865 961 734 1081 320 789 970 962 866 869 788 3034 756 834 815 733 0 426 915 445 254 827
1230 618 995 612 541 704 737 824 511 465 646 705 869 872 464 2710 571 1025 491 924 426 0 591 636 445 570
1595 982 1035 885 906 565 598 646 958 829 1011 527 730 733 828 3075 432 1065 856 964 915 591 0 749 859 431
1724 1112 476 173 1035 553 326 673 346 959 1140 554 458 462 958 3197 349 506 985 405 445 636 749 0 371 419
1533 920 730 347 844 887 660 1007 279 768 949 888 792 795 766 3013 682 760 794 659 254 445 859 371 0 753
1574 961 705 555 885 236 269 356 728 808 990 236 332 335 807 3054 102 735 835 634 827 570 431 419 753 0
EOF