NAME : tsp_problem
TYPE : TSP
DIMENSION : 24
EDGE_WEIGHT_TYPE : EXPLICIT
EDGE_WEIGHT_FORMAT : FULL_MATRIX
EDGE_WEIGHT_SECTION
0 1102 288 551 299 651 181 400 669 213 314 250 949 285 310 591 1590 3165 738 501 459 796 608 721
1102 0 1191 785 996 1282 976 799 1572 1057 1217 1044 180 1235 1213 678 1584 4068 397 1234 1253 1337 1113 1004
288 1191 0 635 383 428 311 530 526 297 267 380 1039 345 131 680 1680 3118 827 277 588 572 384 497
551 785 635 0 439 542 464 328 927 500 661 533 633 679 657 274 1274 3512 421 495 742 597 374 265
299 996 383 439 0 746 213 432 764 248 409 281 843 427 405 485 1484 3260 632 595 490 890 702 659
651 1282 428 542 746 0 674 825 616 660 618 743 1130 708 493 771 1771 3227 918 188 951 166 192 305
181 976 311 464 213 674 0 274 692 176 337 102 823 322 333 465 1464 3188 612 523 310 819 630 684
400 799 530 328 432 825 274 0 911 395 556 343 647 541 552 289 1288 3407 435 742 552 880 657 548
669 1572 526 927 764 616 692 911 0 678 471 761 1420 585 591 1061 2061 3015 1208 470 969 564 577 690
213 1057 297 500 248 660 176 395 678 0 323 245 904 341 319 546 1545 3174 693 509 454 804 616 720
314 1217 267 661 409 618 337 556 471 323 0 406 1065 229 289 706 1706 2966 853 467 614 762 574 687
250 1044 380 533 281 743 102 343 761 245 406 0 892 391 402 533 1533 3257 680 592 329 887 699 753
949 180 1039 633 843 1130 823 647 1420 904 1065 892 0 1083 1061 525 1432 3915 401 1082 1100 1184 961 852
285 1235 345 679 427 708 322 541 585 341 229 391 1083 0 367 724 1724 3080 871 558 449 853 665 778
310 1213 131 657 405 493 333 552 591 319 289 402 1061 367 0 702 1702 3140 849 343 610 638 450 563
591 678 680 274 485 771 465 289 1061 546 706 533 525 724 702 0 1166 3557 314 723 742 826 602 493
1590 1584 1680 1274 1484 1771 1464 1288 2061 1545 1706 1533 1432 1724 1702 1166 0 3215 1220 1723 1742 1826 1602 1493
3185 4088 3138 3532 3280 3258 3208 3427 3047 3194 2986 3277 3936 3100 3160 3577 3289 0 3724 3107 3485 3402 3214 3328
738 397 827 421 632 918 612 435 1208 693 853 680 401 871 849 314 1220 3704 0 870 889 973 749 640
501 1234 277 495 595 188 523 742 470 509 467 592 1082 558 343 723 1723 3076 870 0 801 333 145 258
459 1253 588 742 490 951 310 552 969 454 614 329 1100 449 610 742 1742 3465 889 801 0 1096 908 961
796 1337 572 597 890 166 819 880 564 804 762 887 1184 853 638 826 1826 3370 973 333 1096 0 337 360
608 1113 384 374 702 192 630 657 577 616 574 699 961 665 450 602 1602 3183 749 145 908 337 0 137
721 1004 497 265 659 305 684 548 690 720 687 753 852 778 563 493 1493 3296 640 258 961 360 137 0
EOF