NAME : tsp_problem
TYPE : TSP
DIMENSION : 84
EDGE_WEIGHT_TYPE : EXPLICIT
EDGE_WEIGHT_FORMAT : FULL_MATRIX
EDGE_WEIGHT_SECTION
0 4037 3199 3515 3163 3311 3190 3156 3689 4031 104 2925 2961 3519 2923 4080 3077 3675 3616 3843 3259 3158 4022 3172 3422 3786 3147 3814 3158 3277 3217 3263 3528 3327 3247 3628 3126 3285 2992 3110 3447 3053 3334 3269 3717 3653 3086 2918 3159 3335 3110 3271 3281 4083 3290 3658 3088 3737 3141 3046 3423 3530 3540 2982 3367 3110 3404 3084 3338 2919 3301 3972 3420 3244 3892 3125 3461 3019 3353 3264 3973 3831 3025 3376
4017 0 962 560 1241 1021 1095 956 640 37 4037 1329 1303 1211 1327 108 978 626 461 532 917 1154 28 936 1129 372 1143 410 1154 936 1059 1230 1202 1034 957 738 1122 944 1460 1188 762 1095 1384 927 382 764 1054 1322 1628 946 1180 929 1248 71 1264 422 1243 333 1549 1089 869 547 1246 1251 1334 950 1111 1552 1159 1188 1192 86 659 1254 254 1019 1167 1487 929 922 174 427 1252 1083
3179 962 0 440 403 236 591 134 615 957 3199 492 466 921 489 1006 141 601 542 768 184 316 947 115 823 712 305 739 316 202 619 664 930 729 172 553 284 211 623 350 372 258 1359 194 643 578 216 484 790 675 512 196 682 1009 479 583 490 662 771 251 348 456 941 414 768 112 805 715 374 351 407 897 345 469 817 182 862 650 658 189 898 757 427 777
3495 560 440 0 719 500 573 434 212 554 3515 808 782 690 805 604 457 199 140 366 396 632 545 415 607 309 621 337 632 414 538 708 681 512 436 217 600 422 939 666 241 574 957 406 241 242 532 800 1106 424 658 407 726 606 742 181 721 260 1027 567 347 54 725 730 812 428 589 1031 637 667 670 495 137 732 415 498 646 966 407 401 496 354 731 561
3143 1241 403 719 0 482 697 312 893 1235 3163 456 492 1027 453 1284 318 879 820 1047 463 422 1226 328 930 990 411 1018 422 481 725 770 1037 835 418 832 390 489 587 75 618 173 1638 473 922 857 206 449 754 842 618 475 788 1287 167 862 596 941 736 166 594 734 1047 378 874 314 911 679 215 315 178 1176 624 121 1096 245 968 614 861 468 1177 1035 533 884
3291 1021 236 500 482 0 703 190 674 1016 3311 603 577 1033 601 1065 252 660 601 827 288 428 1007 170 935 771 417 798 428 307 730 776 1036 840 92 612 396 315 734 429 391 337 1418 298 702 637 295 596 902 779 623 300 794 1068 425 642 601 721 883 330 367 515 1053 525 880 224 917 826 320 462 353 956 449 416 876 260 974 761 762 293 957 816 538 889
3159 1095 591 573 697 703 0 548 747 1089 3179 317 255 362 287 1138 469 733 674 900 651 417 1080 564 264 844 362 871 373 669 121 167 371 169 639 653 385 677 492 644 709 587 1492 661 775 678 581 291 659 177 117 663 185 1141 824 716 180 795 486 580 815 588 381 539 271 502 246 584 840 476 835 1030 521 778 950 546 302 519 195 656 1031 889 189 218
3135 956 134 434 312 190 548 0 608 950 3156 448 422 878 446 999 97 594 535 761 186 273 941 36 780 705 261 732 272 205 575 621 887 685 126 546 240 213 579 259 326 167 1353 196 636 572 125 441 747 677 468 198 638 1002 432 577 446 656 728 160 301 449 897 370 724 93 762 671 327 307 360 891 347 392 811 90 818 606 660 191 892 750 383 734
3669 640 615 212 893 674 747 608 0 634 3689 982 956 864 979 683 631 100 219 445 570 806 625 589 781 389 795 416 806 588 712 882 855 687 610 391 774 596 1113 840 415 748 804 580 320 416 706 975 1280 598 833 582 900 686 916 261 895 340 1202 741 521 199 899 904 986 603 763 1205 811 841 844 575 311 906 495 672 820 1140 581 575 576 434 905 735
4011 37 957 554 1235 1016 1089 950 634 0 4031 1324 1298 1206 1321 120 973 620 455 544 912 1148 34 931 1123 385 1137 404 1148 930 1054 1224 1197 1029 952 733 1116 938 1455 1182 757 1090 1379 922 377 758 1048 1317 1622 940 1175 924 1242 84 1258 416 1237 327 1543 1083 863 541 1241 1246 1328 945 1105 1547 1153 1183 1186 80 653 1248 267 1014 1162 1482 923 917 187 422 1247 1077
104 4057 3220 3536 3184 3331 3210 3176 3710 4052 0 2945 2982 3540 2943 4101 3098 3696 3637 3863 3279 3178 4042 3192 3442 3807 3167 3834 3178 3297 3238 3283 3549 3348 3267 3648 3146 3306 3012 3130 3467 3073 3355 3289 3738 3673 3106 2938 3180 3355 3131 3291 3301 4104 3310 3678 3109 3757 3161 3066 3443 3551 3560 3003 3387 3130 3424 3104 3358 2940 3322 3992 3440 3264 3912 3146 3481 3039 3374 3284 3993 3852 3046 3396
2894 1329 492 808 456 603 317 448 982 1324 2914 0 132 647 94 1373 370 968 909 1135 551 354 1315 464 549 1079 299 1106 310 570 344 390 656 454 539 920 322 578 227 403 739 346 1726 561 1010 945 378 89 395 462 237 563 408 1376 582 950 215 1029 376 338 715 823 667 275 494 402 531 319 630 212 594 1264 712 536 1184 418 588 254 480 556 1265 1124 152 503
2930 1303 466 782 492 577 255 422 956 1298 2951 132 0 585 130 1347 344 942 883 1109 525 292 1289 438 487 1053 237 1080 248 544 282 328 594 392 514 876 260 552 263 439 713 382 1700 535 984 902 414 125 431 400 175 537 346 1350 618 924 154 1003 412 374 689 797 605 311 432 377 469 355 667 248 630 1238 686 572 1158 421 526 290 418 530 1239 1098 90 441
3488 1211 921 690 1027 1033 362 878 864 1206 3508 647 585 0 617 1255 800 850 791 1017 896 748 1197 894 322 961 693 988 704 914 327 497 92 302 969 624 716 922 621 974 826 917 1609 906 892 649 912 622 788 309 447 908 515 1258 1154 832 510 911 405 910 932 705 181 869 330 832 172 713 1171 807 1165 1147 637 1108 1066 877 229 518 328 901 1147 1006 520 351
2892 1327 489 805 453 601 287 446 979 1321 2912 94 130 617 0 1371 368 966 907 1133 549 323 1312 462 519 1076 268 1104 279 567 314 360 626 424 537 908 291 575 225 400 737 343 1724 559 1008 933 376 86 392 432 207 561 377 1373 580 948 185 1027 373 336 713 821 636 272 463 400 500 317 628 209 591 1262 710 534 1182 415 557 252 450 554 1263 1121 122 473
4060 108 1006 604 1284 1065 1138 999 683 120 4081 1373 1347 1255 1371 0 1022 669 503 480 961 1197 111 980 1173 320 1186 492 1197 979 1103 1273 1246 1078 1001 782 1165 987 1504 1231 806 1139 1428 971 465 807 1098 1366 1672 989 1224 973 1291 72 1307 464 1286 415 1593 1132 912 590 1290 1295 1377 994 1154 1596 1202 1232 1235 169 702 1298 202 1063 1211 1531 972 966 122 510 1296 1126
3057 978 141 457 318 252 469 97 631 973 3078 370 344 800 368 1022 0 617 558 784 200 194 963 113 702 728 183 755 194 218 497 543 809 607 188 569 162 227 501 264 388 172 1375 210 659 594 131 363 669 615 390 212 560 1025 444 599 368 678 650 165 364 472 819 292 646 51 683 593 390 229 423 913 361 398 833 96 740 528 633 205 914 773 305 656
3655 626 601 199 879 660 733 594 100 620 3676 968 942 850 966 669 617 0 205 431 556 793 611 575 768 375 781 402 792 574 698 868 841 673 596 377 760 582 1099 826 401 734 845 566 306 402 693 961 1267 584 819 568 886 672 902 247 881 326 1188 727 507 185 885 890 972 589 749 1191 797 827 830 561 297 893 481 658 806 1126 567 561 562 420 891 722
3596 461 542 140 820 601 674 535 219 455 3617 909 883 791 907 503 558 205 0 265 497 734 446 516 709 209 722 236 733 515 639 809 782 614 537 318 701 523 1040 767 342 675 964 507 140 343 634 902 1208 525 760 509 827 507 843 81 822 160 1129 668 448 126 826 831 913 530 690 1132 738 768 771 396 238 834 315 599 747 1067 508 502 396 254 832 663
3822 532 768 366 1047 827 900 761 445 544 3843 1135 1109 1017 1133 480 784 431 265 0 723 960 535 742 935 186 949 334 959 741 865 1036 1008 840 763 544 928 750 1266 993 568 901 1190 733 238 569 860 1128 1434 751 986 735 1053 496 1070 226 1049 258 1355 894 674 352 1052 1057 1139 756 916 1358 965 994 998 494 465 1060 291 825 973 1293 734 728 372 352 1058 889
3238 917 184 396 463 288 651 186 570 912 3259 551 525 896 549 961 200 556 497 723 0 376 902 167 813 667 365 694 376 51 678 724 887 718 224 508 344 59 682 409 424 317 1314 43 598 533 276 544 850 630 571 45 741 964 531 538 549 617 831 311 400 411 931 473 828 172 795 774 426 410 459 852 300 521 772 241 852 709 613 38 853 712 486 767
3138 1154 316 632 422 428 417 273 806 1148 3158 354 292 748 323 1197 194 793 734 960 376 0 1139 289 650 903 131 931 142 394 445 491 757 555 364 745 55 402 529 369 564 312 1551 386 835 770 306 328 696 563 338 388 508 1200 549 775 316 854 677 305 540 648 767 372 594 227 631 621 565 309 560 1089 537 503 1009 272 688 556 581 381 1090 948 253 604
4002 28 947 545 1226 1007 1080 941 625 34 4022 1315 1289 1197 1312 111 963 611 446 535 902 1139 0 922 1114 375 1128 395 1139 921 1045 1215 1188 1019 943 724 1107 929 1446 1173 747 1081 1370 913 368 749 1039 1307 1613 931 1165 914 1233 74 1249 407 1228 318 1534 1074 854 532 1232 1237 1319 935 1096 1538 1144 1174 1177 71 644 1239 258 1004 1153 1473 914 908 178 413 1238 1068
3151 936 115 415 328 170 564 36 589 931 3172 464 438 894 462 980 113 575 516 742 167 289 922 0 796 686 277 713 288 185 591 637 903 701 106 527 256 194 595 275 306 183 1333 177 617 552 141 457 763 658 484 179 654 983 413 557 462 636 744 176 282 430 913 386 740 103 777 687 308 323 341 871 328 403 791 106 834 622 641 172 872 731 399 750
3391 1129 823 607 930 935 264 780 781 1123 3411 549 487 322 519 1173 702 768 709 935 813 650 1114 796 0 878 595 906 606 832 229 399 331 203 871 687 618 840 724 876 743 819 1526 823 810 713 814 524 892 211 349 825 417 1175 1056 750 412 829 644 812 850 623 341 772 503 734 205 816 1073 709 1067 1064 555 1010 984 779 262 751 229 818 1065 923 422 252
3766 372 712 309 990 771 844 705 389 385 3786 1079 1053 961 1076 320 728 375 209 186 667 903 375 686 878 0 892 278 903 685 809 979 952 784 707 488 871 693 1210 937 512 845 1134 677 182 513 803 1072 1377 695 930 679 997 336 1013 170 992 201 1299 838 618 296 996 1001 1083 700 860 1302 908 938 941 433 408 1003 131 769 917 1237 678 672 212 296 1002 832
3126 1143 305 621 411 417 362 261 795 1137 3147 299 237 693 268 1186 183 781 722 949 365 131 1128 277 595 892 0 919 87 383 390 435 702 500 353 733 99 391 474 358 553 301 1540 375 823 759 295 273 641 507 283 376 453 1189 537 764 261 843 622 294 528 636 712 361 539 216 576 566 554 298 549 1078 525 491 998 260 633 500 526 370 1079 937 198 549
3793 410 739 337 1018 798 871 732 416 404 3814 1106 1080 988 1104 492 755 402 236 334 694 931 395 713 906 278 919 0 930 712 836 1007 979 811 734 515 898 720 1237 964 539 872 1161 704 158 540 831 1099 1405 722 957 706 1024 456 1040 197 1020 88 1326 865 645 323 1023 1028 1110 727 887 1329 935 965 968 345 436 1031 384 796 944 1264 705 699 465 63 1029 860
3137 1154 316 632 422 428 373 272 806 1148 3158 310 248 704 279 1197 194 792 733 959 376 142 1139 288 606 903 87 930 0 394 401 446 713 511 364 744 110 402 484 369 564 312 1551 386 834 770 306 284 652 518 294 387 464 1200 548 775 272 854 633 305 539 647 723 372 550 227 587 577 565 309 560 1089 536 502 1009 271 644 511 537 381 1090 948 209 560
3257 936 202 414 481 307 669 205 588 930 3277 570 544 914 567 979 218 574 515 741 51 394 921 185 832 685 383 712 394 0 697 742 905 737 243 526 362 28 701 428 443 336 1333 61 616 551 294 562 868 648 589 63 760 982 549 557 568 636 849 329 418 429 949 492 846 190 813 793 444 429 477 871 318 539 791 259 870 727 631 56 872 730 504 786
3186 1059 619 538 725 730 121 575 712 1054 3206 344 282 327 314 1103 497 698 639 865 678 445 1045 591 229 809 390 836 401 697 0 194 336 134 666 618 413 705 519 671 674 615 1456 688 740 643 609 319 687 141 145 690 212 1106 851 680 207 759 514 607 780 553 346 567 298 530 210 611 868 504 863 994 485 805 914 574 267 546 160 683 995 854 217 183
3232 1230 664 708 770 776 167 621 882 1224 3252 390 328 497 360 1273 543 868 809 1036 724 491 1215 637 399 979 435 1007 446 742 194 0 506 304 712 788 458 750 565 717 844 660 1627 734 911 813 654 365 732 312 190 736 189 1276 897 851 253 930 560 653 888 723 517 612 344 575 381 657 914 550 908 1165 656 851 1085 620 438 592 330 729 1166 1024 263 353
3497 1202 930 681 1037 1036 371 887 855 1197 3517 656 594 92 626 1246 809 841 782 1008 887 757 1188 903 331 952 702 979 713 905 336 506 0 311 972 615 725 913 630 983 817 926 1600 897 883 640 921 631 797 318 456 899 524 1249 1163 823 519 902 414 919 923 696 190 878 339 841 181 722 1174 816 1174 1137 628 1117 1057 886 238 527 337 892 1138 997 529 360
3296 1034 729 512 835 840 169 685 687 1029 3316 454 392 302 424 1078 607 673 614 840 718 555 1019 701 203 784 500 811 511 737 134 304 311 0 776 593 523 745 629 781 649 724 1431 729 715 618 719 429 797 116 255 730 322 1080 961 655 317 734 624 717 755 528 321 677 408 639 185 721 978 614 973 969 460 915 889 684 242 656 135 724 970 829 327 89
3227 957 172 436 418 92 639 126 610 952 3247 539 514 969 537 1001 188 596 537 763 224 364 943 106 871 707 353 734 364 243 666 712 972 776 0 548 332 251 670 365 327 273 1355 235 638 573 231 532 838 715 559 236 730 1004 362 578 538 657 819 266 303 451 989 462 816 160 853 763 257 399 290 892 385 352 812 197 910 697 698 230 893 752 474 825
3607 738 553 217 832 612 653 546 391 733 3628 920 876 624 908 782 569 377 318 544 508 745 724 527 687 488 733 515 744 526 618 788 615 593 548 0 712 535 1051 778 353 686 1136 518 419 42 645 913 1219 504 738 520 806 785 854 359 801 438 1005 679 459 232 781 842 892 541 669 1143 749 779 783 673 250 845 593 610 726 1078 487 513 674 533 811 641
3105 1122 284 600 390 396 385 240 774 1116 3126 322 260 716 291 1165 162 760 701 928 344 55 1107 256 618 871 99 898 110 362 413 458 725 523 332 712 0 370 496 337 532 280 1519 354 802 738 274 296 664 530 306 355 476 1168 516 743 284 822 645 273 507 615 735 340 562 195 599 589 533 277 528 1057 504 470 977 239 656 523 549 349 1058 916 221 572
3265 944 211 422 489 315 677 213 596 938 3285 578 552 922 575 987 227 582 523 750 59 402 929 194 840 693 391 720 402 28 705 750 913 745 251 535 370 0 709 436 451 344 1341 69 624 560 302 571 876 656 598 71 768 990 557 565 576 644 857 337 427 437 957 500 854 199 822 801 452 437 485 879 326 548 799 268 878 736 640 64 880 738 513 794
2961 1460 623 939 587 734 492 579 1113 1455 2981 227 263 621 225 1504 501 1099 1040 1266 682 529 1446 595 724 1210 474 1237 484 701 519 565 630 629 670 1051 496 709 0 534 870 477 1857 692 1141 1076 509 220 185 637 412 694 582 1507 713 1081 390 1160 242 469 846 954 718 406 608 534 706 109 762 343 725 1395 843 667 1315 549 762 120 655 687 1396 1255 327 678
3090 1188 350 666 75 429 644 259 840 1182 3110 403 439 974 400 1231 264 826 767 993 409 369 1173 275 876 937 358 964 369 428 671 717 983 781 365 778 337 436 534 0 565 120 1585 420 868 804 153 395 701 789 564 421 735 1234 202 809 543 888 682 113 541 681 994 325 821 261 858 626 250 262 213 1123 570 156 1043 192 915 561 807 415 1124 982 479 830
3427 762 372 241 618 391 709 326 415 757 3447 739 713 826 737 806 388 401 342 568 424 564 747 306 743 512 553 539 564 443 674 844 817 649 327 353 532 451 870 565 0 473 1159 434 443 378 431 732 1038 560 759 436 862 809 634 383 737 462 1019 466 239 256 861 661 948 360 725 962 529 598 562 697 273 624 617 396 782 897 543 429 698 557 674 697
3033 1095 258 574 173 337 587 167 748 1090 3053 346 382 917 343 1139 172 734 675 901 317 312 1081 183 819 845 301 872 312 336 615 660 926 724 273 686 280 344 477 120 473 0 1493 327 776 711 60 338 644 732 507 329 678 1142 299 716 486 795 625 50 448 589 937 268 764 169 801 569 348 205 311 1031 478 254 950 100 858 504 750 322 1031 890 422 773
3261 1384 1359 957 1638 1418 1492 1353 804 1379 3281 1726 1700 1609 1724 1428 1375 845 964 1190 1314 1551 1370 1333 1526 1134 1540 1161 1551 1333 1456 1627 1600 1431 1355 1136 1519 1341 1857 1585 1159 1493 0 1324 1065 1161 1451 1719 2025 1343 1577 1326 1645 1431 1661 1005 1640 1084 1946 1486 1266 944 1643 1648 1731 1347 1508 1950 1556 1585 1589 1319 1056 1651 1239 1416 1565 1884 1326 1319 1320 1179 1649 1480
3249 927 194 406 473 298 661 196 580 922 3269 561 535 906 559 971 210 566 507 733 43 386 913 177 823 677 375 704 386 61 688 734 897 729 235 518 354 69 692 420 434 327 1324 0 608 543 286 554 860 640 581 55 751 974 541 548 559 627 841 321 410 421 941 483 838 182 805 784 436 420 469 862 310 531 782 251 862 719 623 48 863 722 496 777
3697 382 643 241 922 702 775 636 320 377 3718 1010 984 892 1008 465 659 306 140 238 598 835 368 617 810 182 823 158 834 616 740 911 883 715 638 419 802 624 1141 868 443 776 1065 608 0 444 735 1003 1309 626 861 610 928 429 944 101 924 81 1230 769 549 227 927 932 1014 631 791 1233 839 869 872 317 340 935 288 700 848 1168 609 603 368 176 933 764
3633 764 578 242 857 637 678 572 416 758 3653 945 902 649 933 807 594 402 343 569 533 770 749 552 713 513 759 540 770 551 643 813 640 618 573 42 738 560 1076 804 378 711 1161 543 444 0 670 938 1244 529 764 545 831 810 880 385 826 464 1031 705 485 257 806 867 917 566 694 1168 775 804 808 699 275 870 619 635 751 1103 512 538 700 558 836 667
3066 1054 216 532 206 295 581 125 706 1048 3086 378 414 912 376 1098 131 693 634 860 276 306 1039 141 814 803 295 831 306 294 609 654 921 719 231 645 274 302 509 153 431 60 1451 286 735 670 0 371 677 726 502 288 672 1100 332 675 480 754 658 54 407 548 931 300 758 127 795 601 381 237 344 989 437 286 909 59 852 536 745 281 990 848 417 768
2887 1322 484 800 449 596 291 441 975 1317 2907 89 125 622 86 1366 363 961 902 1128 544 328 1307 457 524 1072 273 1099 284 562 319 365 631 429 532 913 296 571 220 395 732 338 1719 554 1003 938 371 0 387 437 212 556 382 1368 575 943 190 1022 369 331 708 816 641 267 468 395 505 312 623 205 586 1257 705 529 1177 411 562 247 455 549 1258 1117 127 478
3128 1628 790 1106 754 902 659 747 1280 1622 3149 395 431 788 392 1672 669 1267 1208 1434 850 696 1613 763 892 1377 641 1405 652 868 687 732 797 797 838 1219 664 876 185 701 1038 644 2025 860 1309 1244 677 387 0 804 580 862 750 1674 881 1249 558 1328 410 637 1014 1122 886 573 776 701 873 98 929 510 892 1563 1011 835 1483 716 930 288 823 855 1564 1422 495 846
3304 946 675 424 842 779 177 677 598 940 3324 462 400 309 432 989 615 584 525 751 630 563 931 658 211 695 507 722 518 648 141 312 318 116 715 504 530 656 637 789 560 732 1343 640 626 529 726 437 804 0 262 642 330 992 969 567 325 645 631 725 667 439 329 684 416 647 193 729 917 622 950 881 372 923 801 692 250 664 88 635 882 740 335 165
3079 1180 512 658 618 623 117 468 833 1175 3099 237 175 447 207 1224 390 819 760 986 571 338 1165 484 349 930 283 957 294 589 145 190 456 255 559 738 306 598 412 564 759 507 1577 581 861 764 502 212 580 262 0 583 208 1226 744 801 100 880 510 500 735 674 467 460 294 422 331 504 761 397 756 1115 606 698 1035 467 388 439 281 576 1116 975 110 303
3250 929 196 407 475 300 663 198 582 924 3271 563 537 908 561 973 212 568 509 735 45 388 914 179 825 679 376 706 387 63 690 736 899 730 236 520 355 71 694 421 436 329 1326 55 610 545 288 556 862 642 583 0 753 975 543 550 561 629 843 322 412 423 943 485 839 184 807 786 438 422 471 864 312 533 784 253 864 721 625 50 865 724 498 779
3249 1248 682 726 788 794 185 638 900 1242 3270 408 346 515 377 1291 560 886 827 1053 741 508 1233 654 417 997 453 1024 464 760 212 189 524 322 730 806 476 768 582 735 862 678 1645 751 928 831 672 382 750 330 208 753 0 1294 914 868 271 947 577 670 905 741 534 630 361 593 398 674 931 567 926 1183 673 868 1103 637 455 609 348 746 1183 1042 280 371
4063 71 1009 606 1287 1068 1141 1002 686 84 4083 1376 1350 1258 1373 72 1025 672 507 496 964 1200 74 983 1175 336 1189 456 1200 982 1106 1276 1249 1080 1004 785 1168 990 1507 1234 809 1142 1431 974 429 810 1100 1368 1674 992 1226 975 1294 0 1310 468 1289 379 1595 1135 915 593 1293 1298 1380 997 1157 1599 1205 1235 1238 132 705 1300 218 1066 1214 1534 975 969 138 474 1299 1129
3269 1264 479 742 167 425 824 432 916 1258 3290 582 618 1154 580 1307 444 902 843 1070 531 549 1249 413 1056 1013 537 1040 548 549 851 897 1163 961 362 854 516 557 713 202 634 299 1661 541 944 880 332 575 881 969 744 543 914 1310 0 885 722 964 862 292 609 757 1173 504 1000 440 1037 805 125 441 88 1199 692 67 1119 372 1094 740 987 536 1200 1058 659 1010
3638 422 583 181 862 642 716 577 261 416 3658 950 924 832 948 464 599 247 81 226 538 775 407 557 750 170 764 197 775 557 680 851 823 655 578 359 743 565 1081 809 383 716 1005 548 101 385 675 943 1249 567 801 550 868 468 885 0 864 121 1170 710 490 168 867 872 955 571 732 1173 780 809 813 357 280 875 276 640 788 1108 550 543 357 215 873 704
3057 1243 490 721 596 601 180 446 895 1237 3078 215 154 510 185 1286 368 881 822 1049 549 316 1228 462 412 992 261 1020 272 568 207 253 519 317 538 801 284 576 390 543 737 486 1640 559 924 826 480 190 558 325 100 561 271 1289 722 864 0 943 539 478 713 737 530 438 357 401 394 482 739 375 734 1178 669 676 1098 445 451 417 343 554 1179 1037 92 366
3717 333 662 260 941 721 795 656 340 327 3737 1029 1003 911 1027 415 678 326 160 258 617 854 318 636 829 201 843 88 854 636 759 930 902 734 657 438 822 644 1160 888 462 795 1084 627 81 464 754 1022 1328 645 880 629 947 379 964 121 943 0 1249 789 569 246 946 951 1034 650 811 1252 859 888 892 268 359 954 307 719 867 1187 629 622 388 106 952 783
3109 1549 771 1027 736 883 486 728 1202 1543 3130 376 412 405 373 1593 650 1188 1129 1355 831 677 1534 744 644 1299 622 1326 633 849 514 560 414 624 819 1005 645 857 242 682 1019 625 1946 841 1230 1031 658 369 410 631 510 843 577 1595 862 1170 539 1249 0 618 995 1043 503 554 392 682 494 334 910 491 873 1484 975 816 1404 697 551 194 649 836 1485 1344 476 672
3026 1089 251 567 166 330 580 160 741 1083 3046 338 374 910 336 1132 165 727 668 894 311 305 1074 176 812 838 294 865 305 329 607 653 919 717 266 679 273 337 469 113 466 50 1486 321 769 705 54 331 637 725 500 322 670 1135 292 710 478 789 618 0 442 582 929 260 757 162 794 561 341 197 304 1024 471 246 944 93 850 496 743 316 1025 883 415 766
3402 869 348 347 594 367 815 301 521 863 3423 715 689 932 713 912 364 507 448 674 400 540 854 282 850 618 528 645 539 418 780 888 923 755 303 459 507 427 846 541 239 448 1266 410 549 485 407 708 1014 667 735 412 905 915 609 490 713 569 995 442 0 362 967 637 991 336 832 938 504 574 537 804 380 600 724 372 888 873 650 405 805 663 650 804
3510 547 456 54 734 515 588 449 199 541 3531 823 797 705 821 590 472 185 126 352 411 648 532 430 623 296 636 323 647 429 553 723 696 528 451 232 615 437 954 681 256 589 944 421 227 257 548 816 1122 439 674 423 741 593 757 168 737 246 1043 582 362 0 740 745 827 444 604 1046 652 682 685 482 152 748 402 513 661 981 422 416 482 341 746 577
3508 1246 941 725 1047 1053 381 897 899 1241 3529 667 605 181 636 1290 819 885 826 1052 931 767 1232 913 341 996 712 1023 723 949 346 517 190 321 989 781 735 957 718 994 861 937 1643 941 927 806 931 641 886 329 467 943 534 1293 1173 867 530 946 503 929 967 740 0 889 428 852 191 811 1190 826 1185 1181 672 1127 1101 896 248 616 347 936 1182 1041 539 370
2962 1251 414 730 378 525 539 370 904 1246 2982 275 311 869 272 1295 292 890 831 1057 473 372 1237 386 772 1001 361 1028 372 492 567 612 878 677 462 842 340 500 406 325 661 268 1648 483 932 867 300 267 573 684 460 485 630 1298 504 872 438 951 554 260 637 745 889 0 716 325 753 498 553 100 516 1186 634 458 1106 340 810 432 703 478 1187 1046 375 726
3336 1334 768 812 874 880 271 724 986 1328 3356 494 432 330 463 1377 646 972 913 1139 828 594 1319 740 503 1083 539 1110 550 846 298 344 339 408 816 892 562 854 608 821 948 764 1731 838 1014 917 758 468 776 416 294 839 361 1380 1000 955 357 1034 392 757 991 827 428 716 0 679 419 700 1017 653 1012 1269 760 954 1189 723 476 505 434 833 1270 1128 366 457
3090 950 112 428 314 224 502 93 603 945 3110 402 377 832 400 994 51 589 530 756 172 227 935 103 734 700 216 727 227 190 530 575 841 639 160 541 195 199 534 261 360 169 1347 182 631 566 127 395 701 647 422 184 593 997 440 571 401 650 682 162 336 444 852 325 679 0 716 626 362 262 395 885 333 394 805 92 773 560 646 177 886 745 337 688
3373 1111 805 589 911 917 246 762 763 1105 3393 531 469 172 500 1154 683 749 690 916 795 631 1096 777 205 860 576 887 587 813 210 381 181 185 853 669 599 822 706 858 725 801 1508 805 791 694 795 505 873 193 331 807 398 1157 1037 732 394 811 494 794 832 604 191 753 419 716 0 798 1054 690 1049 1046 537 992 966 760 113 607 211 800 1047 905 403 234
3053 1552 715 1031 679 826 584 671 1205 1547 3073 319 355 713 317 1596 593 1191 1132 1358 774 621 1538 687 816 1302 566 1329 577 793 611 657 722 721 763 1143 589 801 109 626 962 569 1950 784 1233 1168 601 312 98 729 504 786 674 1599 805 1173 482 1252 334 561 938 1046 811 498 700 626 798 0 854 435 817 1487 935 759 1407 641 854 212 747 779 1488 1347 419 770
3318 1159 374 637 215 320 840 327 811 1153 3338 630 667 1171 628 1202 390 797 738 965 426 565 1144 308 1073 908 554 935 565 444 868 914 1174 978 257 749 533 452 762 250 529 348 1556 436 839 775 381 623 929 917 761 438 931 1205 125 780 739 859 910 341 504 652 1190 553 1017 362 1054 854 0 490 64 1094 587 115 1014 398 1111 788 900 431 1095 953 676 1027
2899 1188 351 667 315 462 476 307 841 1183 2919 212 248 807 209 1232 229 827 768 994 410 309 1174 323 709 938 298 965 309 429 504 550 816 614 399 779 277 437 343 262 598 205 1585 420 869 804 237 205 510 622 397 422 567 1235 441 809 375 888 491 197 574 682 826 100 653 262 690 435 490 0 453 1123 571 395 1043 277 747 370 640 415 1124 983 312 663
3281 1192 407 670 178 353 835 360 844 1186 3301 594 630 1165 591 1235 423 830 771 998 459 560 1177 341 1067 941 549 968 560 477 863 908 1174 973 290 783 528 485 725 213 562 311 1589 469 872 808 344 586 892 950 756 471 926 1238 88 813 734 892 873 304 537 685 1185 516 1012 395 1049 817 64 453 0 1127 620 79 1047 383 1106 752 933 464 1128 986 670 1021
3952 86 897 495 1176 956 1030 891 575 80 3972 1264 1238 1147 1262 169 913 561 396 494 852 1089 71 871 1064 433 1078 345 1089 871 994 1165 1137 969 892 673 1057 879 1395 1123 697 1031 1319 862 317 699 989 1257 1563 881 1115 864 1183 132 1199 357 1178 268 1484 1024 804 482 1181 1186 1269 885 1046 1487 1094 1123 1127 0 594 1189 316 954 1102 1422 864 857 236 362 1187 1018
3399 659 345 137 624 449 521 347 311 653 3420 712 686 637 710 702 361 297 238 465 300 537 644 328 555 408 525 436 536 318 485 656 628 460 385 250 504 326 843 570 273 478 1056 310 340 275 437 705 1011 372 606 312 673 705 692 280 669 359 975 471 380 152 672 634 760 333 537 935 587 571 620 594 0 682 514 402 593 870 355 305 595 453 647 509
3223 1254 469 732 121 416 778 392 906 1248 3244 536 572 1108 534 1298 398 893 834 1060 521 503 1239 403 1010 1003 491 1031 502 539 805 851 1117 915 352 845 470 548 667 156 624 254 1651 531 935 870 286 529 835 923 698 533 868 1300 67 875 676 954 816 246 600 748 1127 458 954 394 992 759 115 395 79 1189 682 0 1109 326 1048 694 941 526 1190 1048 613 964
3872 254 817 415 1096 876 950 811 495 267 3892 1184 1158 1066 1182 202 833 481 315 291 772 1009 258 791 984 131 998 384 1009 791 914 1085 1057 889 812 593 977 799 1315 1043 617 950 1239 782 288 619 909 1177 1483 801 1035 784 1103 218 1119 276 1098 307 1404 944 724 402 1101 1106 1189 805 966 1407 1014 1043 1047 316 514 1109 0 874 1022 1342 784 777 95 401 1107 938
3105 1019 182 498 245 260 546 90 672 1014 3125 418 421 877 415 1063 96 658 599 825 241 272 1004 106 779 769 260 796 271 259 574 620 886 684 197 610 239 268 549 192 396 100 1416 251 700 635 59 411 716 692 467 253 637 1066 372 640 445 719 697 93 372 513 896 340 723 92 760 641 398 277 383 954 402 326 874 0 817 576 710 246 955 814 382 733
3429 1167 862 646 968 974 302 818 820 1162 3450 588 526 229 557 1211 740 806 747 973 852 688 1153 834 262 917 633 944 644 870 267 438 238 242 910 726 656 878 762 915 782 858 1565 862 848 751 852 562 930 250 388 864 455 1214 1094 788 451 867 551 850 888 661 248 810 476 773 113 854 1111 747 1106 1102 593 1048 1022 817 0 664 268 857 1103 962 460 291
2988 1487 650 966 614 761 519 606 1140 1482 3008 254 290 518 252 1531 528 1126 1067 1293 709 556 1473 622 751 1237 500 1264 511 727 546 592 527 656 697 1078 523 736 120 561 897 504 1884 719 1168 1103 536 247 288 664 439 721 609 1534 740 1108 417 1187 194 496 873 981 616 432 505 560 607 212 788 370 752 1422 870 694 1342 576 664 0 682 714 1423 1282 354 705
3322 929 658 407 861 762 195 660 581 923 3342 480 418 328 450 972 633 567 508 734 613 581 914 641 229 678 526 705 537 631 160 330 337 135 698 487 549 640 655 807 543 750 1326 623 609 512 745 455 823 88 281 625 348 975 987 550 343 629 649 743 650 422 347 703 434 646 211 747 900 640 933 864 355 941 784 710 268 682 0 618 865 723 353 183
3244 922 189 401 468 293 656 191 575 917 3264 556 530 901 554 966 205 561 502 728 38 381 908 172 818 672 370 699 381 56 683 729 892 724 230 513 349 64 687 415 429 322 1319 48 603 538 281 549 855 635 576 50 746 969 536 543 554 622 836 316 405 416 936 478 833 177 800 779 431 415 464 857 305 526 777 246 857 714 618 0 858 717 491 772
3953 174 898 496 1177 957 1031 892 576 187 3973 1265 1239 1147 1263 122 914 562 396 372 853 1090 178 872 1065 212 1079 465 1090 872 995 1166 1138 970 893 674 1058 880 1396 1124 698 1031 1320 863 368 700 990 1258 1564 882 1116 865 1183 138 1200 357 1179 388 1485 1025 805 482 1182 1187 1270 886 1047 1488 1095 1124 1128 236 595 1190 95 955 1103 1423 865 858 0 482 1188 1019
3811 427 757 354 1035 816 889 750 434 422 3831 1124 1098 1006 1121 510 773 420 254 352 712 948 413 731 923 296 937 63 948 730 854 1024 997 829 752 533 916 738 1255 982 557 890 1179 722 176 558 848 1117 1422 740 975 724 1042 474 1058 215 1037 106 1344 883 663 341 1041 1046 1128 745 905 1347 953 983 986 362 453 1048 401 814 962 1282 723 717 482 0 1047 877
2994 1252 427 731 533 538 189 383 905 1247 3014 152 90 520 122 1296 305 891 832 1058 486 253 1238 399 422 1002 198 1029 209 504 217 263 529 327 474 811 221 513 327 479 674 422 1649 496 933 836 417 127 495 335 110 498 280 1299 659 873 92 952 476 415 650 746 539 375 366 337 403 419 676 312 670 1187 647 613 1107 382 460 354 353 491 1188 1047 0 376
3345 1083 777 561 884 889 218 734 735 1077 3365 503 441 351 473 1126 656 722 663 889 767 604 1068 750 252 832 549 860 560 786 183 353 360 89 825 641 572 794 678 830 697 773 1480 777 764 667 768 478 846 165 303 779 371 1129 1010 704 366 783 672 766 804 577 370 726 457 688 234 770 1027 663 1021 1018 509 964 938 733 291 705 183 772 1019 877 376 0
EOF