NAME : tsp_problem
TYPE : TSP
DIMENSION : 42
EDGE_WEIGHT_TYPE : EXPLICIT
EDGE_WEIGHT_FORMAT : FULL_MATRIX
EDGE_WEIGHT_SECTION
0 581 511 1038 1114 502 760 337 456 909 1109 379 591 333 582 643 1059 1271 1114 635 1222 551 1183 254 484 1011 1235 1221 1271 1000 430 731 1222 947 388 907 1255 1160 1026 879 156 553
580 0 161 505 581 684 488 334 256 376 576 402 318 450 51 370 526 738 581 362 689 279 1184 500 352 478 702 688 738 1001 213 198 689 628 254 635 722 1162 493 606 468 280
511 161 0 585 661 738 541 264 217 455 655 363 371 406 161 424 605 817 661 416 769 332 1238 554 313 557 781 768 817 1054 110 278 769 707 151 688 802 1215 572 659 398 333
1038 505 585 0 599 1145 845 791 680 639 252 826 779 910 505 730 161 894 599 510 365 739 1645 961 776 448 784 364 894 1462 637 461 365 303 678 508 278 1622 567 401 925 640
1114 581 661 599 0 1221 1024 867 756 619 809 902 855 986 581 907 586 404 166 899 855 815 1721 1037 852 304 293 853 404 1538 713 417 854 860 754 1065 737 1698 190 958 1001 816
502 691 744 1152 1228 0 870 524 758 1022 1222 806 701 438 692 753 1172 1384 1227 745 1336 661 1288 423 807 1124 1348 1334 1384 1104 679 844 1335 1057 637 1017 1369 1265 1139 989 458 663
759 488 541 845 1024 864 0 513 699 819 846 845 203 629 488 266 969 1181 1024 477 960 242 1364 680 795 921 1145 959 1181 1180 543 641 959 681 565 641 995 1341 935 612 647 346
337 334 264 791 867 524 513 0 323 662 862 422 343 170 334 396 811 1023 867 388 975 304 1139 340 372 763 987 974 1023 956 183 484 975 700 141 660 1008 1117 778 631 223 305
456 256 217 680 756 758 699 323 0 551 751 238 530 465 256 582 701 913 756 574 864 490 1396 510 188 653 877 863 913 1213 269 373 864 802 310 846 897 1373 667 817 342 491
909 376 455 639 619 1016 819 662 551 0 710 697 649 781 376 701 660 543 618 694 823 610 1516 832 646 612 433 822 543 1332 507 332 823 761 548 966 856 1493 626 859 795 611
1109 576 655 252 809 1216 846 862 751 710 0 897 793 981 576 732 385 1072 809 511 161 753 1716 1032 846 658 994 159 1072 1532 707 532 160 193 749 401 211 1693 776 291 995 641
379 402 363 826 902 806 845 422 238 697 897 0 675 564 402 728 846 1058 902 720 1010 636 1487 558 136 798 1022 1009 1058 1304 415 519 1010 948 456 992 1043 1464 813 963 441 637
589 318 371 779 855 694 203 343 530 649 793 675 0 459 318 323 799 1011 854 315 906 72 1194 510 625 751 975 905 1011 1011 374 471 906 627 395 588 942 1171 766 559 477 233
333 456 406 917 993 438 636 170 465 788 988 564 466 0 457 518 937 1149 993 511 1101 427 1053 254 514 889 1113 1100 1149 870 324 610 1101 822 283 783 1134 1030 904 754 289 428
580 51 161 505 581 685 488 334 256 376 576 402 318 450 0 371 525 737 581 363 689 279 1185 501 352 477 702 688 737 1002 212 198 689 627 254 635 722 1162 492 606 468 280
642 370 424 730 907 746 266 396 582 701 732 728 323 512 371 0 851 1063 907 254 845 284 1247 563 677 803 1027 844 1063 1063 426 524 845 566 447 527 881 1224 818 498 530 118
1059 526 605 161 586 1165 969 811 701 660 385 846 799 931 525 851 0 881 586 643 498 760 1665 981 796 412 771 497 881 1482 657 482 498 436 698 641 411 1643 554 534 945 761
1271 738 817 894 404 1377 1181 1023 913 543 1072 1058 1011 1143 737 1063 881 0 403 1055 1150 972 1877 1193 1008 599 141 1149 66 1694 869 573 1149 1123 910 1328 1032 1855 485 1221 1157 973
1114 581 661 599 166 1221 1024 867 756 618 809 902 854 986 581 907 586 403 0 899 854 815 1721 1037 852 304 293 853 403 1538 713 416 854 860 754 1065 737 1698 189 958 1001 816
634 362 416 510 899 739 477 388 574 694 511 720 315 504 363 254 643 1055 899 0 625 276 1239 555 670 795 1019 623 1055 1055 418 516 624 346 440 306 660 1216 810 277 522 164
1222 689 769 365 855 1329 960 975 864 823 161 1010 906 1094 689 845 498 1150 854 625 0 867 1829 1145 960 704 1039 46 1150 1646 821 645 45 306 862 515 196 1806 822 404 1109 755
550 279 332 739 815 655 242 304 490 610 753 636 72 420 279 284 760 972 815 276 867 0 1155 471 586 712 936 865 971 971 334 432 866 588 356 548 902 1132 726 519 438 193
1174 1169 1223 1630 1706 1109 1349 1131 1381 1500 1700 1478 1179 1044 1170 1231 1650 1862 1706 1223 1814 1140 0 1095 1475 1602 1826 1813 1862 411 1225 1322 1814 1535 1244 1496 1847 966 1617 1467 1130 1141
254 507 560 968 1044 423 686 340 510 838 1038 558 517 254 508 569 988 1200 1044 561 1152 477 1104 0 559 940 1164 1151 1200 920 484 660 1151 873 442 834 1185 1081 955 805 210 479
484 352 313 776 852 807 795 372 188 646 846 136 625 514 352 677 796 1008 852 670 960 586 1484 559 0 748 972 959 1008 1300 365 469 960 898 406 942 993 1461 763 913 391 587
1011 478 557 448 304 1117 921 763 653 612 658 798 751 883 477 803 412 599 304 795 704 712 1617 933 748 0 489 702 599 1434 609 434 703 709 650 914 586 1595 272 807 897 713
1235 702 781 784 293 1341 1145 987 877 433 994 1022 975 1107 702 1027 771 141 293 1019 1039 936 1842 1157 972 489 0 1038 141 1658 833 537 1039 1045 874 1250 922 1819 374 1143 1121 937
1221 688 768 364 853 1328 959 974 863 822 159 1009 905 1093 688 844 497 1149 853 623 46 865 1828 1144 959 702 1038 0 1148 1645 820 644 46 305 861 514 194 1805 821 403 1108 753
1271 738 817 894 404 1377 1181 1023 913 543 1072 1058 1011 1143 737 1063 881 66 403 1055 1150 971 1877 1193 1008 599 141 1148 0 1694 869 573 1149 1123 910 1328 1032 1855 485 1221 1157 973
1018 1014 1067 1474 1550 954 1193 975 1225 1345 1545 1322 1023 889 1014 1076 1495 1707 1550 1068 1658 984 411 939 1319 1447 1671 1657 1707 0 1069 1167 1658 1380 1088 1340 1691 783 1461 1311 974 985
430 213 110 637 713 679 543 183 269 507 707 415 374 324 212 426 657 869 713 418 821 334 1240 484 365 609 833 820 869 1057 0 329 820 730 70 690 854 1217 624 661 317 336
731 198 278 461 417 838 641 484 373 332 532 519 471 603 198 524 482 573 416 516 645 432 1338 654 469 434 537 644 573 1154 329 0 645 583 371 788 678 1315 328 681 618 433
1222 689 769 365 854 1329 959 975 864 823 160 1010 906 1094 689 845 498 1149 854 624 45 866 1829 1145 960 703 1039 46 1149 1645 820 645 0 306 862 515 195 1806 822 404 1109 754
946 628 707 303 860 1050 681 700 802 761 193 948 627 816 627 566 436 1123 860 346 306 588 1551 866 898 709 1045 305 1123 1367 730 583 306 0 751 236 357 1528 828 125 834 476
388 254 151 678 754 637 565 141 310 548 749 456 395 283 254 447 698 910 754 440 862 356 1252 442 406 650 874 861 910 1069 70 371 862 751 0 712 895 1230 665 683 275 357
906 635 688 508 1065 1011 641 660 846 966 401 992 588 776 635 527 641 1328 1065 306 515 548 1511 827 942 914 1250 514 1328 1328 690 788 515 236 712 0 565 1488 1033 167 794 436
1255 722 802 278 737 1362 995 1008 897 856 211 1043 942 1127 722 881 411 1032 737 660 196 902 1862 1178 993 586 922 194 1032 1679 854 678 195 357 895 565 0 1839 704 455 1142 790
1154 1149 1203 1610 1686 1089 1329 1111 1361 1480 1680 1458 1159 1024 1150 1211 1630 1842 1686 1204 1794 1120 966 1075 1455 1582 1806 1793 1842 783 1205 1302 1794 1515 1224 1476 1827 0 1597 1447 1110 1121
1026 493 572 567 190 1132 935 778 667 626 776 813 766 897 492 818 554 485 189 810 822 726 1632 948 763 272 374 821 485 1449 624 328 822 828 665 1033 704 1609 0 926 912 728
877 606 659 401 958 982 612 631 817 859 291 963 559 747 606 498 534 1221 958 277 404 519 1482 798 913 807 1143 403 1221 1299 661 681 404 125 683 167 455 1459 926 0 765 407
156 468 398 925 1001 458 647 223 342 795 995 441 477 289 468 530 945 1157 1001 522 1109 438 1139 210 391 897 1121 1108 1157 956 317 618 1109 834 275 794 1142 1116 912 765 0 439
551 280 333 640 816 656 346 305 491 611 641 637 233 421 280 118 761 973 816 164 755 193 1156 472 587 713 937 753 973 973 336 433 754 476 357 436 790 1133 728 407 439 0
EOF