NAME : tsp_problem
TYPE : TSP
DIMENSION : 22
EDGE_WEIGHT_TYPE : EXPLICIT
EDGE_WEIGHT_FORMAT : FULL_MATRIX
EDGE_WEIGHT_SECTION
0 1061 316 716 897 699 558 1664 1099 1643 713 394 651 646 2073 1824 1393 1614 795 321 354 365
1061 0 1225 940 551 454 822 1402 201 1381 687 1203 502 1118 1812 1562 1131 1353 422 777 1053 1274
316 1225 0 877 1061 863 719 1828 1263 1806 877 443 814 853 2237 1988 1557 1778 959 485 403 294
716 940 877 0 605 704 491 1369 830 1348 544 680 656 1029 1778 1529 1098 1320 800 689 531 793
897 551 1061 605 0 410 487 1052 398 1030 352 867 458 954 1461 1212 781 1002 459 613 718 980
699 454 863 704 410 0 586 1396 492 1375 326 941 140 756 1805 1556 1125 1347 188 416 817 912
558 822 719 491 487 586 0 1251 712 1230 426 522 538 911 1660 1411 980 1202 682 571 373 635
1649 1394 1812 1354 1043 1381 1236 0 1240 968 1221 1616 1332 1706 1947 200 594 940 1475 1365 1467 1729
1099 201 1263 832 398 492 714 1249 0 1228 578 1094 540 1156 1658 1409 978 1200 391 816 945 1207
1630 1375 1794 1336 1024 1362 1217 968 1222 0 1202 1598 1314 1687 1929 1128 1293 118 1456 1347 1448 1711
713 687 877 544 352 326 426 1236 578 1215 0 807 278 770 1645 1396 965 1187 422 429 657 920
394 1203 443 680 867 941 522 1631 1092 1610 807 0 892 999 2040 1791 1360 1582 1036 563 206 234
651 502 814 656 458 140 538 1347 540 1326 278 892 0 708 1757 1507 1076 1298 236 367 769 863
646 1118 853 1029 954 756 911 1721 1156 1700 770 999 708 0 2130 1881 1450 1672 852 577 958 970
2058 1803 2222 1763 1452 1790 1645 2009 1649 1987 1630 2025 1741 2115 0 2169 1738 1959 1884 1774 1876 2138
1809 1554 1972 1514 1203 1541 1396 200 1400 1128 1381 1776 1492 1866 2107 0 754 1100 1635 1525 1627 1889
1343 1088 1507 1048 737 1075 930 693 934 1211 915 1310 1026 1400 1641 853 0 1183 1169 1059 1161 1423
1602 1347 1766 1307 996 1334 1189 940 1194 118 1174 1570 1286 1659 1901 1100 1265 0 1428 1319 1420 1683
795 422 959 800 459 188 682 1484 391 1462 422 1036 236 852 1893 1644 1213 1434 0 511 913 1008
321 777 485 689 613 416 571 1380 816 1359 429 563 367 577 1790 1540 1110 1331 511 0 523 534
354 1053 403 531 718 817 373 1482 943 1461 657 206 769 958 1891 1642 1211 1433 913 523 0 320
365 1274 294 793 980 912 635 1744 1206 1723 920 234 863 970 2154 1904 1473 1695 1008 534 320 0
EOF