NAME : tsp_problem
TYPE : TSP
DIMENSION : 46
EDGE_WEIGHT_TYPE : EXPLICIT
EDGE_WEIGHT_FORMAT : FULL_MATRIX
EDGE_WEIGHT_SECTION
0 689 319 543 540 690 160 481 272 510 581 771 772 51 738 410 1237 544 914 684 1376 234 1108 381 312 161 684 1689 161 345 205 502 581 161 683 582 684 318 472 510 690 257 914 249 684 1316
689 0 766 454 475 45 767 581 861 665 735 1108 1109 689 1150 857 1882 699 1558 1329 2021 879 1753 1023 900 769 1329 2334 769 792 518 949 854 769 497 854 1329 926 919 665 45 864 1558 857 1329 1960
319 766 0 620 760 766 397 557 546 784 855 519 519 318 486 157 1511 818 1188 958 1650 509 1382 652 586 398 958 1963 398 329 281 249 383 398 782 383 958 555 220 784 766 493 1188 486 958 1590
543 454 620 0 448 454 621 318 771 639 710 819 819 543 860 711 1736 673 1412 1183 1875 733 1607 877 810 623 1183 2188 623 646 422 803 564 623 470 565 1183 780 773 639 454 718 1412 711 1183 1814
540 475 760 448 0 475 655 575 448 252 323 1170 1170 541 1179 851 1469 286 1146 916 1608 467 1340 614 487 593 916 1921 593 786 511 943 916 593 204 916 916 558 913 252 475 752 1146 630 916 1548
690 45 766 454 475 0 768 581 861 665 736 1109 1109 689 1150 857 1882 699 1558 1329 2021 879 1753 1023 900 769 1329 2334 769 793 518 949 854 769 497 855 1329 926 919 665 45 864 1558 857 1329 1961
160 767 397 621 655 768 0 559 387 625 696 849 850 159 816 488 1352 659 1029 799 1491 350 1223 354 427 121 799 1804 121 423 282 580 659 121 784 660 799 278 550 625 768 189 1029 209 799 1431
481 581 557 318 575 581 559 0 708 766 837 795 795 480 836 648 1673 800 1350 1120 1812 671 1544 814 748 560 1120 2125 560 584 369 740 541 560 597 541 1120 717 711 766 581 655 1350 648 1120 1752
272 861 546 771 448 861 387 708 0 418 401 999 999 273 966 638 1202 425 878 649 1341 199 1073 346 76 326 649 1654 325 573 432 729 809 326 591 809 649 291 700 418 861 484 878 363 649 1280
510 665 784 639 252 665 625 766 418 0 215 1237 1237 511 1204 876 1440 178 1116 887 1579 437 1311 584 458 564 887 1892 564 811 670 967 1047 564 395 1047 887 529 938 65 665 722 1116 601 887 1519
581 735 855 710 323 736 696 837 401 215 0 1308 1308 582 1275 946 1511 64 1187 957 1650 508 1381 655 362 634 958 1962 634 882 741 1038 1118 635 466 1118 958 600 1009 215 736 793 1187 672 958 1589
771 1108 519 819 1170 1109 849 795 999 1237 1308 0 62 771 148 406 1964 1271 1640 1410 2103 961 1834 1105 1038 851 1411 2415 851 528 733 311 362 850 1192 362 1411 1008 333 1237 1109 946 1640 939 1411 2042
772 1109 519 819 1170 1109 850 795 999 1237 1308 62 0 771 148 406 1964 1271 1640 1411 2103 961 1835 1105 1039 851 1411 2416 851 529 733 311 362 851 1193 363 1411 1008 333 1237 1109 946 1640 939 1411 2043
51 689 318 543 541 689 159 480 273 511 582 771 771 0 738 409 1238 545 914 685 1377 235 1109 382 313 161 685 1690 161 345 204 501 581 161 684 581 685 318 472 511 689 256 914 249 685 1317
738 1150 486 860 1179 1150 816 836 966 1204 1275 148 148 738 0 373 1931 1238 1607 1377 2070 928 1801 1072 1005 818 1378 2382 818 570 700 352 403 817 1201 404 1378 974 350 1204 1150 913 1607 906 1378 2009
410 857 157 711 851 857 488 648 638 876 946 406 406 409 373 0 1603 909 1279 1049 1741 600 1473 743 677 489 1049 2054 489 350 372 136 474 489 873 474 1049 646 107 876 857 585 1279 577 1049 1681
1225 1870 1499 1724 1457 1870 1340 1661 1190 1428 1499 1952 1952 1226 1918 1590 0 1462 1368 1165 260 1023 528 1280 1229 1278 1165 2099 1278 1526 1385 1682 1762 1279 1600 1762 1165 1241 1653 1428 1870 1437 1368 1313 1165 154
544 699 818 673 286 699 659 800 425 178 64 1271 1271 545 1238 909 1474 0 1150 920 1613 471 1345 618 386 598 921 1926 597 845 704 1001 1081 598 429 1081 921 563 972 178 699 756 1150 635 921 1552
864 1509 1138 1363 1096 1509 979 1300 829 1067 1137 1590 1591 865 1557 1229 1286 1100 0 804 1425 662 1157 918 868 917 804 1737 917 1165 1024 1321 1400 917 1239 1401 804 880 1292 1067 1509 1076 275 952 804 1364
691 1335 965 1189 923 1335 806 1127 655 893 964 1417 1417 691 1384 1056 1341 927 1017 0 1479 489 1211 552 695 744 19 1792 744 991 850 1148 1227 744 1066 1227 19 578 1118 893 1336 757 1017 650 19 1419
1364 2008 1638 1862 1596 2009 1479 1800 1328 1566 1637 2090 2091 1365 2057 1729 260 1600 1507 1304 0 1162 667 1418 1368 1417 1304 2237 1417 1664 1523 1821 1900 1417 1739 1901 1304 1380 1791 1567 2009 1576 1507 1452 1304 161
234 879 509 733 467 879 350 671 199 437 508 961 961 235 928 600 1035 471 712 482 1174 0 906 308 239 288 482 1487 288 535 394 692 771 288 610 771 482 253 662 437 880 446 712 325 482 1114
1205 1850 1479 1704 1438 1850 1320 1641 1170 1408 1479 1932 1932 1206 1899 1571 638 1442 1348 1146 776 1003 0 1260 1210 1259 1146 2079 1259 1506 1365 1662 1742 1259 1581 1742 1146 1221 1633 1408 1850 1417 1348 1293 1146 716
381 1023 652 877 614 1023 354 814 346 584 655 1105 1105 382 1072 743 1286 618 962 552 1424 308 1156 0 386 312 552 1737 312 679 538 835 915 312 757 915 552 130 806 584 1023 256 962 202 552 1364
312 900 586 810 487 900 427 748 76 458 362 1038 1039 313 1005 677 1241 386 918 688 1380 239 1112 386 0 365 688 1693 365 612 471 769 848 365 630 849 688 330 739 458 900 524 918 402 688 1320
161 769 398 623 593 769 121 560 326 564 634 851 851 161 818 489 1291 598 967 737 1429 288 1161 312 365 0 737 1742 64 425 284 581 661 64 736 661 737 215 552 564 769 218 967 146 737 1369
691 1335 965 1189 923 1336 806 1127 655 893 964 1417 1418 692 1384 1056 1341 927 1017 19 1480 489 1211 552 695 744 0 1792 744 991 850 1148 1227 744 1066 1228 19 578 1118 894 1336 758 1017 650 19 1419
1674 2318 1948 2172 1906 2319 1789 2110 1638 1876 1947 2400 2401 1675 2367 2039 2157 1910 1834 1614 2296 1472 2028 1728 1678 1727 1614 0 1727 1974 1833 2131 2210 1727 2049 2211 1614 1690 2101 1877 2319 1886 1834 1762 1614 2236
161 769 398 623 593 769 121 560 325 564 634 851 851 161 818 489 1291 597 967 737 1429 288 1161 312 365 64 737 1742 0 425 284 581 661 64 736 661 737 214 552 564 769 218 967 146 737 1369
345 792 329 646 786 793 423 584 573 811 882 528 529 345 570 350 1538 845 1214 985 1677 535 1409 679 612 425 985 1990 425 0 307 315 644 425 809 645 985 582 337 811 793 520 1214 513 985 1616
205 518 281 422 511 518 282 369 432 670 741 733 733 204 700 372 1397 704 1073 844 1536 394 1268 538 471 284 844 1849 284 307 0 464 540 284 534 541 844 441 434 670 518 379 1073 372 844 1475
502 949 249 803 943 949 580 740 729 967 1038 311 311 501 352 136 1694 1001 1371 1141 1833 692 1565 835 769 581 1141 2146 581 315 464 0 426 581 965 427 1141 738 64 967 949 676 1371 669 1141 1773
581 854 383 564 916 854 659 541 809 1047 1118 362 362 581 403 474 1774 1081 1450 1220 1913 771 1644 915 848 661 1221 2225 661 644 540 426 0 661 938 165 1221 818 449 1047 854 756 1450 749 1221 1852
161 769 398 623 593 769 121 560 326 564 635 850 851 161 817 489 1291 598 967 737 1430 288 1161 312 365 64 738 1742 64 425 284 581 661 0 737 661 738 215 552 564 769 217 967 146 738 1369
683 497 782 470 204 497 784 597 591 395 466 1192 1193 684 1201 873 1613 429 1289 1059 1751 610 1483 757 630 736 1059 2064 736 809 534 965 938 737 0 938 1059 702 935 395 498 880 1289 774 1060 1691
582 854 383 565 916 855 660 541 809 1047 1118 362 363 581 404 474 1774 1081 1450 1221 1913 771 1645 915 849 661 1221 2226 661 645 541 427 165 661 938 0 1221 818 450 1047 855 756 1450 749 1221 1853
691 1335 965 1189 923 1336 806 1127 655 893 964 1417 1418 692 1384 1056 1341 927 1017 19 1479 489 1211 552 695 744 19 1792 744 991 850 1148 1227 744 1066 1228 0 578 1118 893 1336 758 1017 650 19 1419
318 926 555 780 558 926 278 717 291 529 600 1008 1008 318 974 646 1247 563 923 578 1386 253 1117 130 330 215 578 1698 214 582 441 738 818 215 702 818 578 0 709 529 926 316 923 105 579 1325
472 919 220 773 913 919 550 711 700 938 1009 333 333 472 350 107 1665 972 1341 1112 1804 662 1536 806 739 552 1112 2117 552 337 434 64 449 552 935 450 1112 709 0 938 920 647 1341 640 1112 1743
510 665 784 639 252 665 625 766 418 65 215 1237 1237 511 1204 876 1440 178 1116 887 1579 437 1311 584 458 564 887 1892 564 811 670 967 1047 564 395 1047 887 529 938 0 665 722 1116 601 887 1519
690 45 766 454 475 45 768 581 861 665 736 1109 1109 689 1150 857 1882 699 1559 1329 2021 880 1753 1023 900 769 1329 2334 769 793 518 949 854 769 498 855 1329 926 920 665 0 864 1559 857 1329 1961
257 864 493 718 752 864 189 655 484 722 793 946 946 256 913 585 1449 756 1125 757 1588 446 1320 256 524 218 758 1901 218 520 379 676 756 217 880 756 758 316 647 722 864 0 1125 306 758 1528
864 1509 1138 1363 1096 1509 979 1300 829 1067 1138 1591 1591 865 1557 1229 1286 1101 275 804 1425 662 1157 919 868 917 804 1738 917 1165 1024 1321 1401 918 1239 1401 804 880 1292 1067 1509 1076 0 952 804 1364
249 857 486 711 630 857 209 648 363 601 672 939 939 249 906 577 1319 635 995 650 1458 325 1189 202 402 146 650 1770 146 513 372 669 749 146 774 749 650 105 640 601 857 306 995 0 651 1397
691 1336 965 1190 923 1336 806 1127 656 894 964 1417 1418 692 1384 1056 1341 927 1017 19 1480 489 1212 552 695 744 19 1792 744 992 851 1148 1227 744 1066 1228 19 579 1119 894 1336 758 1017 651 0 1419
1303 1948 1577 1802 1536 1948 1419 1739 1268 1506 1577 2030 2030 1304 1997 1669 154 1540 1446 1244 161 1101 606 1358 1308 1357 1244 2177 1357 1604 1463 1760 1840 1357 1679 1840 1244 1319 1731 1506 1948 1515 1446 1391 1244 0
EOF