NAME : tsp_problem
TYPE : TSP
DIMENSION : 28
EDGE_WEIGHT_TYPE : EXPLICIT
EDGE_WEIGHT_FORMAT : FULL_MATRIX
EDGE_WEIGHT_SECTION
0 1030 1256 1252 333 837 723 252 1263 270 608 515 472 388 422 335 326 1413 1202 267 1196 1404 1235 1209 813 937 517 297
1030 0 296 634 1136 936 613 878 645 942 735 802 872 1191 1225 780 763 453 1070 901 236 444 853 1078 444 1036 804 821
1256 296 0 861 1362 1014 839 1104 871 1169 962 1028 1098 1417 1451 1006 989 193 810 1127 97 184 1079 818 670 842 1030 1047
856 587 813 0 962 762 439 704 56 768 561 628 698 1017 1051 606 589 969 1127 727 752 960 530 1135 370 862 630 647
333 1136 1362 1358 0 943 829 358 1369 375 714 621 578 261 295 441 432 1519 1308 373 1302 1510 1108 1315 919 1043 623 403
837 936 1014 1158 943 0 629 684 1169 749 389 566 678 998 1032 587 569 985 596 707 1074 977 1376 604 719 233 568 628
723 613 839 835 829 629 0 571 846 635 428 495 564 884 918 473 455 995 993 593 778 987 1053 1001 396 729 497 514
252 878 1104 1100 358 684 571 0 1111 229 484 432 320 413 447 294 174 1260 1049 226 1043 1251 1259 1057 661 785 434 257
867 597 824 56 973 773 450 715 0 779 572 639 708 1028 1062 617 600 980 1138 738 763 971 541 1145 381 873 641 658
270 942 1169 1164 375 749 635 229 1175 0 468 375 449 430 465 195 303 1325 1114 127 1108 1316 1220 1122 725 849 377 157
608 735 962 958 714 389 428 484 968 468 0 193 478 768 803 386 369 1118 754 426 901 1109 1176 761 519 489 195 398
515 802 1028 1024 621 566 495 432 1035 375 193 0 426 675 710 335 317 1184 931 333 967 1176 1181 939 585 666 62 305
472 872 1098 1094 578 678 564 320 1105 449 478 426 0 633 667 321 205 1254 1043 441 1037 1245 1312 1051 655 778 428 362
388 1191 1417 1390 261 998 884 413 1401 430 768 675 633 0 174 496 487 1573 1362 428 1356 1565 987 1370 974 1098 677 458
422 1225 1451 1262 295 1032 918 447 1273 465 803 710 667 174 0 530 521 1608 1397 462 1391 1599 859 1404 1008 1132 712 492
335 780 1006 1002 441 587 473 294 1013 195 386 335 321 496 530 0 212 1163 952 153 946 1154 1188 959 563 687 337 74
326 763 989 985 432 569 455 174 996 303 369 317 205 487 521 212 0 1145 934 301 928 1136 1203 942 546 670 319 253
1413 453 193 1017 1519 985 995 1260 1028 1325 1118 1184 1254 1573 1608 1163 1145 0 781 1283 253 48 1235 789 827 813 1186 1204
1202 1070 810 1523 1308 596 993 1049 1534 1114 754 931 1043 1362 1397 952 934 781 0 1072 870 772 1741 80 1084 424 933 993
267 901 1127 1123 373 707 593 226 1134 127 426 333 441 428 462 153 301 1283 1072 0 1066 1274 1179 1080 684 808 335 116
1196 236 97 800 1302 1074 778 1043 811 1108 901 967 1037 1356 1391 946 928 253 870 1066 0 244 1018 878 609 902 969 986
1404 444 184 1008 1510 977 987 1251 1019 1316 1109 1176 1245 1565 1599 1154 1136 48 772 1274 244 0 1226 780 818 804 1178 1195
1213 922 1148 599 1085 1278 955 1220 610 1185 1077 1144 1213 965 837 1122 1104 1305 1643 1143 1088 1296 0 1650 885 1378 1146 1115
1209 1078 818 1531 1315 604 1001 1057 1542 1122 761 939 1051 1370 1404 959 942 789 80 1080 878 780 1749 0 1092 432 941 1000
813 444 670 666 919 719 396 661 677 725 519 585 655 974 1008 563 546 827 1084 684 609 818 884 1092 0 819 587 604
937 1036 842 1258 1043 233 729 785 1269 849 489 666 778 1098 1132 687 670 813 424 808 902 804 1477 432 819 0 669 728
517 804 1030 1026 623 568 497 434 1037 377 195 62 428 677 712 337 319 1186 933 335 969 1178 1183 941 587 669 0 307
297 821 1047 1043 403 628 514 257 1054 157 398 305 362 458 492 74 253 1204 993 116 986 1195 1151 1000 604 728 307 0
EOF