NAME : tsp_problem
TYPE : TSP
DIMENSION : 38
EDGE_WEIGHT_TYPE : EXPLICIT
EDGE_WEIGHT_FORMAT : FULL_MATRIX
EDGE_WEIGHT_SECTION
0 163 540 333 807 1171 822 629 326 421 619 1099 459 774 931 305 368 409 931 770 1180 305 567 1030 357 162 570 575 774 1101 931 778 931 941 749 64 1179 630
163 0 669 462 935 1299 950 757 455 549 747 1228 587 902 1059 433 496 538 1059 898 1309 433 695 1158 485 27 698 703 903 1229 1059 906 1059 1069 877 163 1307 759
540 669 0 293 1061 1425 561 925 623 493 358 1353 713 512 1185 323 288 252 1227 1066 1261 323 81 1284 321 668 309 871 1071 1355 1227 1032 1185 1237 1003 540 1259 927
333 462 293 0 906 1270 575 770 468 436 372 1199 558 527 1030 116 120 201 1072 912 1179 116 319 1129 270 461 323 716 916 1200 1072 877 1030 1082 848 333 1177 772
807 935 1061 906 0 444 1343 1004 701 871 1140 373 582 1295 547 826 940 860 1075 1145 858 826 1087 645 808 935 1091 950 1149 374 1075 393 546 1085 364 807 856 1005
1171 1299 1425 1270 444 0 1707 956 1028 1235 1504 505 946 1658 910 1190 1304 1224 768 1176 1221 1190 1451 1009 1172 1298 1455 980 1180 506 767 757 910 777 728 1171 1220 1121
822 950 561 575 1343 1707 0 1207 905 775 259 1635 995 118 1149 605 570 534 1509 1348 838 605 587 1247 603 950 357 1153 1353 1637 1509 1205 1148 1519 1229 822 836 1209
629 757 925 770 1004 956 1207 0 351 736 1004 1296 655 1159 1128 690 804 724 580 583 1439 690 951 1226 672 757 955 387 587 1298 580 975 1127 590 945 629 1437 443
326 455 623 468 701 1028 905 351 0 433 702 994 353 856 825 388 502 422 653 492 1136 388 649 924 370 454 653 297 496 995 653 672 825 663 643 326 1135 352
421 549 493 436 871 1235 775 736 433 0 572 1164 523 727 996 357 437 292 1038 877 1307 357 519 1094 240 548 523 682 881 1165 1038 842 995 1048 813 421 1305 737
619 747 358 372 1140 1504 259 1004 702 572 0 1432 792 210 1264 402 367 331 1306 1145 959 402 384 1363 400 747 154 950 1150 1434 1306 1111 1264 1316 1082 619 957 1006
1099 1228 1353 1199 373 505 1635 1296 994 1164 1432 0 874 1587 839 1119 1233 1153 1135 1437 1150 1119 1380 938 1100 1227 1383 1242 1442 314 1135 686 839 1145 657 1099 1148 1298
459 587 713 558 582 946 995 655 353 523 792 874 0 946 706 478 592 512 957 797 1017 478 739 805 460 586 743 601 801 876 957 553 706 967 524 459 1016 657
774 902 512 527 1295 1658 118 1159 856 727 210 1587 946 0 1129 557 522 486 1461 1300 818 557 539 1227 555 902 309 1105 1305 1589 1461 1185 1128 1471 1210 774 816 1161
658 786 912 757 547 910 1194 854 552 722 991 839 433 1146 0 677 791 711 1157 996 437 677 938 119 659 786 942 801 1000 841 1157 182 91 1167 207 658 435 856
305 433 323 116 826 1190 605 690 388 357 402 1119 478 557 951 0 150 231 993 832 1150 61 349 1049 293 433 353 637 836 1120 992 797 950 1003 768 305 1149 692
368 496 288 120 940 1304 570 804 502 437 367 1233 592 522 1065 150 0 196 1107 946 1213 150 315 1163 266 495 318 751 950 1234 1107 911 1064 1117 882 368 1212 806
409 538 252 201 860 1224 534 724 422 292 331 1153 512 486 985 231 196 0 1027 866 1234 231 278 1083 121 537 282 671 870 1154 1027 831 984 1037 802 410 1232 726
931 1059 1227 1072 1075 768 1509 580 653 1038 1306 1135 957 1461 1430 993 1107 1027 0 800 1741 993 1254 1528 974 1059 1257 605 805 1137 46 1277 1429 82 1248 931 1739 745
770 898 1066 912 1145 1176 1348 583 492 877 1145 1437 797 1300 1269 832 946 866 800 0 1580 832 1093 1368 813 898 1096 231 188 1439 800 1116 1269 810 1087 770 1578 429
1144 1272 1238 1144 927 1291 816 1340 1038 1208 936 1220 919 796 507 1115 1178 1197 1643 1482 0 1115 1265 605 1145 1272 1035 1287 1486 1221 1642 563 506 1652 587 1144 194 1342
305 433 323 116 826 1190 605 690 388 357 402 1119 478 557 950 61 150 231 993 832 1150 0 349 1049 293 433 353 637 836 1120 992 797 950 1002 768 305 1149 692
567 695 81 319 1087 1451 587 951 649 519 384 1380 739 539 1211 349 315 278 1254 1093 1287 349 0 1310 347 694 335 898 1097 1381 1253 1058 1211 1263 1029 567 1285 953
634 762 888 733 597 961 1170 830 528 698 967 890 409 1121 119 653 767 687 1132 971 535 653 914 0 635 761 918 776 976 891 1132 280 120 1142 305 634 534 832
357 485 321 270 808 1172 603 672 370 240 400 1100 460 555 932 293 266 121 974 813 1243 293 347 1031 0 485 351 618 818 1102 974 779 932 984 750 357 1242 674
162 27 668 461 935 1298 950 757 454 548 747 1227 586 902 1059 433 495 537 1059 898 1308 433 694 1157 485 0 698 703 902 1229 1059 906 1058 1069 877 162 1307 758
570 698 309 323 1091 1455 357 955 653 523 154 1383 743 309 1215 353 318 282 1257 1096 1057 353 335 1314 351 698 0 901 1101 1385 1257 1062 1215 1267 1033 570 1056 957
575 703 871 716 950 980 1153 387 297 682 950 1242 601 1105 1074 637 751 671 605 231 1385 637 898 1172 618 703 901 0 235 1244 605 921 1073 615 892 575 1383 234
774 903 1071 916 1149 1180 1353 587 496 881 1150 1442 801 1305 1273 836 950 870 805 188 1585 836 1097 1372 818 902 1101 235 0 1443 804 1120 1273 814 1091 774 1583 433
1101 1229 1355 1200 374 506 1637 1298 995 1165 1434 314 876 1589 841 1120 1234 1154 1137 1439 1152 1120 1381 939 1102 1229 1385 1244 1443 0 1137 687 840 1147 658 1101 1150 1299
931 1059 1227 1072 1075 767 1509 580 653 1038 1306 1135 957 1461 1430 992 1107 1027 46 800 1741 992 1253 1528 974 1059 1257 605 804 1137 0 1277 1429 81 1248 931 1739 745
778 906 1032 877 393 757 1254 975 672 842 1111 686 553 1235 182 797 911 831 1277 1116 493 797 1058 280 779 906 1062 921 1120 687 1277 0 181 1287 53 778 491 976
658 787 913 758 546 910 1194 855 553 723 991 839 434 1146 91 678 792 712 1157 996 436 678 939 120 659 786 942 801 1001 840 1157 181 0 1167 206 659 435 857
941 1069 1237 1082 1085 777 1519 590 663 1048 1316 1145 967 1471 1440 1003 1117 1037 82 810 1751 1002 1263 1538 984 1069 1267 615 814 1147 81 1287 1439 0 1258 941 1749 755
749 877 1003 848 364 728 1279 945 643 813 1082 657 524 1237 207 768 882 802 1248 1087 518 768 1029 305 750 877 1033 892 1091 658 1248 53 206 1258 0 749 516 947
64 163 540 333 807 1171 822 629 326 421 619 1099 459 774 931 305 368 410 931 770 1180 305 567 1030 357 162 570 575 774 1101 931 778 931 941 749 0 1179 631
1141 1270 1236 1142 925 1289 813 1338 1036 1206 934 1218 917 793 504 1113 1176 1195 1640 1479 193 1113 1262 603 1142 1269 1033 1284 1484 1219 1640 560 504 1650 585 1141 0 1340
630 759 927 772 1005 1121 1209 443 352 737 1006 1298 657 1161 1130 692 806 726 745 429 1441 692 953 1228 674 758 957 234 433 1299 745 976 1129 755 947 631 1439 0
EOF