NAME : tsp_problem
TYPE : TSP
DIMENSION : 60
EDGE_WEIGHT_TYPE : EXPLICIT
EDGE_WEIGHT_FORMAT : FULL_MATRIX
EDGE_WEIGHT_SECTION
0 1067 982 4394 918 142 1574 284 1064 949 1680 826 874 899 1722 932 417 329 1175 413 202 486 1559 964 222 1036 1718 154 1375 867 1387 1033 1966 883 1697 888 2119 489 1726 411 1417 478 1100 252 944 1491 1578 389 1046 920 952 1047 1119 1105 1312 1195 988 841 345 928
1067 0 817 3460 759 1023 639 805 191 785 746 662 715 741 787 773 1093 1072 260 879 1194 1124 624 799 1064 872 783 1119 343 708 349 869 1031 722 762 724 1185 1341 792 798 483 1330 935 1250 785 454 563 1148 1685 756 160 883 82 182 311 241 101 683 1198 770
982 817 0 4145 675 938 1325 721 815 543 1431 420 630 656 1473 689 1008 988 925 794 1109 1039 1310 449 979 577 1469 1034 1126 623 1137 574 1717 637 1447 237 1870 1257 1477 713 1168 1245 694 1165 700 1242 1329 1063 1600 81 703 588 870 856 1063 946 739 598 1113 685
4367 3432 4118 0 4060 4323 2848 4106 3590 4085 3487 3962 4015 4041 3545 4074 4393 4373 3405 4179 4494 4424 3382 4099 4364 4172 3541 4419 3292 4008 3148 4169 2438 4022 3519 4024 2722 4642 3549 4098 3146 4630 4235 4550 4085 3170 3197 4448 4985 4056 3538 4183 3372 3285 3352 3386 3504 3983 4498 4070
918 759 675 4087 0 874 1267 657 757 642 1373 519 302 328 1415 278 944 924 868 730 1046 976 1252 656 915 729 1411 971 1068 149 1080 726 1659 386 1389 581 1812 1193 1419 650 1110 1182 793 1101 175 1184 1271 1000 1536 613 645 740 812 798 1005 888 681 187 1049 274
142 1023 938 4350 874 0 1530 405 1020 905 1636 783 830 855 1678 888 473 385 1131 291 258 598 1515 920 278 993 1674 210 1332 823 1343 990 1922 839 1653 845 2075 545 1683 324 1373 534 1056 309 900 1447 1534 445 1158 876 908 1004 1075 1062 1269 1151 944 797 401 885
1574 639 1325 2876 1267 1530 0 1313 797 1292 912 1169 1222 1248 959 1281 1600 1580 612 1386 1701 1632 796 1306 1571 1379 955 1626 499 1215 355 1376 447 1229 934 1231 601 1849 964 1305 571 1837 1443 1757 1292 377 404 1655 2192 1263 745 1390 579 492 559 593 711 1190 1705 1277
284 805 721 4133 657 405 1313 0 803 688 1419 565 613 638 1461 671 311 290 914 311 412 342 1298 702 281 775 1457 337 1114 606 1126 772 1705 622 1435 627 1858 559 1465 225 1156 548 839 468 683 1230 1317 366 902 659 691 786 858 844 1051 934 727 580 415 667
1064 191 815 3617 757 1020 797 803 0 782 903 660 713 738 945 771 1090 1070 202 877 1192 1122 782 797 1061 870 941 1117 403 706 496 867 1189 719 919 722 1342 1339 949 796 640 1328 933 1248 783 600 710 1146 1682 753 157 881 244 344 340 222 113 680 1195 767
949 785 543 4113 642 905 1292 688 782 0 1398 136 598 623 1440 656 975 955 893 762 1077 1007 1277 347 946 419 1436 1002 1094 591 1105 416 1684 604 1415 328 1837 1224 1445 681 1135 1213 483 1133 668 1209 1296 1031 1567 481 670 430 837 824 1031 913 706 565 1080 652
1689 755 1440 3534 1382 1645 927 1428 912 1292 0 1170 1338 1363 389 1396 1715 1695 728 1501 1817 1747 226 1240 1686 1153 385 1742 785 1331 791 1149 1106 1344 364 1289 1259 1964 393 1421 381 1953 1216 1872 1408 895 931 1771 2307 1378 861 1163 694 608 778 708 826 1305 1820 1392
826 662 420 3990 519 783 1169 565 660 136 1276 0 475 500 1317 533 853 832 770 639 954 884 1154 224 823 297 1313 879 971 468 982 294 1561 482 1292 206 1715 1101 1322 558 1013 1090 360 1010 545 1086 1174 908 1444 359 547 307 715 701 908 791 584 442 957 530
874 715 630 4043 302 830 1222 613 713 598 1329 475 0 60 1371 316 900 880 823 686 1001 932 1207 612 871 685 1366 926 1024 251 1035 682 1615 342 1345 537 1768 1149 1375 605 1066 1138 748 1057 298 1140 1227 955 1492 569 601 696 768 754 961 844 637 225 1005 313
899 741 656 4068 328 855 1248 638 738 623 1354 500 60 0 1396 342 926 905 849 712 1027 957 1233 638 896 710 1392 952 1049 276 1061 707 1640 367 1371 562 1793 1174 1400 631 1091 1163 774 1083 268 1165 1252 981 1517 594 626 721 793 779 986 869 662 251 1030 338
1722 787 1473 3572 1415 1678 959 1461 945 1440 389 1317 1371 1396 0 1429 1748 1728 760 1534 1849 1780 259 1454 1719 1438 138 1774 818 1363 824 1435 1144 1377 152 1379 1297 1997 99 1453 501 1986 1502 1905 1440 928 964 1803 2340 1411 893 1449 727 641 811 741 859 1338 1853 1425
932 773 689 4101 278 888 1281 671 771 656 1387 533 316 342 1429 0 958 938 882 745 1060 990 1266 670 929 743 1425 985 1082 227 1094 740 1673 146 1403 595 1826 1207 1433 664 1124 1196 807 1116 304 1198 1285 1014 1550 627 659 754 826 812 1019 902 695 105 1063 24
417 1093 1008 4421 944 473 1600 311 1090 975 1706 853 900 926 1748 958 0 209 1201 598 281 146 1585 990 331 1063 1744 362 1402 893 1413 1060 1992 909 1723 915 2145 269 1753 437 1443 258 1126 178 970 1517 1604 76 706 946 978 1074 1145 1132 1339 1221 1014 868 125 955
329 1072 988 4400 924 385 1580 290 1070 955 1686 832 880 905 1728 938 209 0 1181 578 145 240 1565 969 311 1042 1724 274 1381 873 1393 1039 1972 889 1702 894 2125 457 1732 417 1423 446 1106 244 950 1497 1584 264 801 926 958 1053 1125 1111 1318 1201 994 847 314 934
1175 260 925 3433 868 1131 612 914 202 893 719 770 823 849 760 882 1201 1181 0 987 1302 1232 597 907 1172 980 756 1227 218 816 311 977 1004 830 735 832 1158 1449 765 906 456 1438 1043 1358 893 416 525 1256 1793 864 268 991 200 285 155 71 223 791 1306 878
413 879 794 4207 730 291 1386 311 877 762 1492 639 686 712 1534 745 598 578 987 0 528 630 1371 776 549 849 1530 480 1188 679 1199 846 1778 695 1509 701 1931 815 1539 180 1230 804 912 579 756 1303 1390 653 1190 732 764 860 931 918 1125 1008 800 654 672 741
202 1194 1109 4522 1046 258 1701 412 1192 1077 1808 954 1001 1027 1849 1060 281 145 1302 528 0 362 1686 1091 215 1164 1845 147 1503 994 1514 1161 2093 1011 1824 1016 2247 353 1854 538 1545 342 1227 117 1071 1619 1706 253 922 1048 1079 1175 1247 1233 1440 1323 1116 969 209 1056
486 1124 1039 4452 976 598 1632 342 1122 1007 1738 884 932 957 1780 990 146 240 1232 630 362 0 1616 1021 363 1094 1775 418 1433 924 1444 1091 2024 941 1754 946 2177 394 1784 468 1475 383 1157 303 1001 1549 1636 201 607 978 1010 1105 1177 1163 1370 1253 1046 899 251 986
1559 624 1310 3409 1252 1515 796 1298 782 1277 226 1154 1207 1233 259 1266 1585 1565 597 1371 1686 1616 0 1291 1556 1275 254 1611 655 1200 661 1272 981 1214 233 1216 1134 1834 192 1290 338 1822 1338 1742 1277 765 800 1640 2177 1248 730 1286 564 477 648 578 696 1175 1690 1262
964 799 449 4127 656 920 1306 702 797 347 1363 224 612 638 1454 670 990 969 907 776 1091 1021 1291 0 961 219 1450 1016 1108 605 1119 219 1698 619 1429 235 1852 1238 1459 695 1150 1227 280 1147 682 1224 1311 1045 1582 388 684 207 852 838 1045 928 721 580 1095 667
222 1064 979 4391 915 278 1571 281 1061 946 1677 823 871 896 1719 929 331 311 1172 549 215 363 1556 961 0 1033 1715 90 1372 864 1384 1030 1963 880 1694 885 2116 502 1723 408 1414 491 1097 266 941 1488 1575 386 923 917 949 1044 1116 1102 1309 1192 985 838 358 925
1036 872 577 4200 729 993 1379 775 870 419 1276 297 685 710 1494 743 1063 1042 980 849 1164 1094 1331 219 1033 0 1490 1089 1181 678 1192 81 1771 692 1469 362 1925 1311 1499 768 1118 1300 232 1220 755 1297 1384 1118 1654 515 757 62 925 911 1118 1001 794 653 1168 740
1718 783 1469 3568 1411 1674 955 1457 941 1436 385 1313 1366 1392 138 1425 1744 1724 756 1530 1845 1775 254 1450 1715 1434 0 1770 814 1359 820 1431 1140 1373 90 1375 1293 1992 186 1449 497 1981 1497 1901 1436 924 959 1799 2336 1407 889 1445 723 636 807 737 855 1334 1849 1421
154 1119 1034 4447 971 210 1626 337 1117 1002 1733 879 926 952 1774 985 362 274 1227 480 147 418 1611 1016 90 1089 1770 0 1428 919 1439 1086 2018 936 1749 941 2172 434 1779 463 1470 423 1152 198 996 1543 1631 334 978 973 1004 1100 1172 1158 1365 1248 1041 894 290 981
1375 343 1126 3322 1068 1332 502 1114 403 1094 801 971 1024 1049 843 1082 1402 1381 218 1188 1503 1433 680 1108 1372 1181 839 1428 0 1017 167 1178 894 1030 818 1033 1047 1650 848 1107 538 1639 1244 1559 1094 272 381 1457 1993 1064 469 1192 283 367 94 199 415 991 1506 1079
867 708 623 4036 149 823 1215 606 706 591 1322 468 251 276 1363 227 893 873 816 679 994 924 1200 605 864 678 1359 919 1017 0 1028 675 1607 335 1338 530 1761 1142 1368 598 1059 1130 741 1050 118 1132 1220 948 1485 562 593 689 761 747 954 837 630 136 998 223
1387 349 1137 3176 1080 1343 355 1126 496 1105 807 982 1035 1061 849 1094 1413 1393 311 1199 1514 1444 686 1119 1384 1192 845 1439 167 1028 0 1189 747 1042 824 1044 900 1661 854 1118 545 1650 1255 1570 1105 125 235 1468 2005 1076 480 1203 289 373 227 292 421 1003 1518 1090
1033 869 574 4197 726 990 1376 772 867 416 1273 294 682 707 1491 740 1060 1039 977 846 1161 1091 1328 219 1030 81 1487 1086 1178 675 1189 0 1768 689 1466 359 1922 1308 1496 765 1115 1297 240 1217 752 1294 1381 1115 1651 512 754 69 922 908 1115 998 791 649 1165 737
1966 1031 1717 2465 1659 1922 447 1705 1189 1684 1086 1561 1615 1640 1144 1673 1992 1972 1004 1778 2093 2024 981 1698 1963 1771 1140 2018 891 1607 747 1768 0 1621 1118 1623 321 2241 1148 1697 745 2229 1835 2149 1684 769 797 2047 2584 1655 1137 1782 971 885 951 985 1103 1582 2097 1669
883 722 637 4049 386 839 1229 622 719 604 1335 482 342 367 1377 146 909 889 830 695 1011 941 1214 619 880 692 1373 936 1030 335 1042 689 1621 0 1352 544 1774 1158 1381 615 1072 1147 755 1066 412 1146 1233 964 1501 575 607 702 774 761 968 850 643 236 1014 153
1697 762 1447 3547 1389 1653 934 1435 919 1415 364 1292 1345 1371 152 1403 1723 1702 735 1509 1824 1754 233 1429 1694 1413 90 1749 792 1338 799 1410 1118 1352 0 1354 1272 1971 201 1428 475 1960 1476 1880 1415 903 938 1778 2315 1386 868 1424 702 615 786 716 834 1313 1828 1400
888 724 237 4052 581 845 1231 627 722 328 1338 206 537 562 1379 595 915 894 832 701 1016 946 1216 235 885 362 1375 941 1033 530 1044 359 1623 544 1354 0 1777 1163 1384 620 1075 1152 479 1072 607 1148 1236 970 1506 176 609 373 777 763 970 853 646 504 1019 592
2119 1185 1870 2749 1812 2075 601 1858 1342 1837 1239 1715 1768 1793 1297 1826 2145 2125 1158 1931 2247 2177 1134 1852 2116 1925 1293 2172 1044 1761 900 1922 321 1774 1272 1777 0 2394 1302 1851 898 2383 1988 2302 1838 923 950 2201 2737 1808 1291 1936 1124 1038 1104 1138 1256 1735 2250 1822
489 1341 1257 4669 1193 545 1849 559 1339 1224 1955 1101 1149 1174 1997 1207 269 457 1449 815 353 394 1834 1238 502 1311 1992 434 1650 1142 1661 1308 2241 1158 1971 1163 2394 0 2001 685 1692 140 1374 250 1219 1766 1853 241 955 1195 1227 1322 1394 1380 1587 1470 1263 1116 160 1203
1726 792 1477 3577 1419 1683 964 1465 949 1445 393 1322 1375 1400 99 1433 1753 1732 765 1539 1854 1784 192 1459 1723 1443 186 1779 822 1368 828 1440 1148 1381 201 1384 1302 2001 0 1458 505 1990 1506 1910 1445 933 968 1808 2344 1415 898 1454 731 645 815 746 864 1342 1857 1430
411 798 713 4126 650 324 1305 225 796 681 1412 558 605 631 1453 664 437 417 906 180 538 468 1290 695 408 768 1449 463 1107 598 1118 765 1697 615 1428 620 1851 685 1458 0 1149 674 831 594 675 1222 1310 492 1029 651 683 779 851 837 1044 927 720 573 542 660
1417 483 1168 3173 1110 1373 571 1156 640 1135 361 1013 1066 1091 501 1124 1443 1423 456 1230 1545 1475 338 1150 1414 1063 497 1470 513 1059 519 1060 745 1072 475 1075 898 1692 505 1149 0 1681 1126 1601 1136 581 608 1499 2035 1106 589 1074 422 336 506 436 554 1033 1548 1120
478 1330 1245 4658 1182 534 1837 548 1328 1213 1944 1090 1138 1163 1986 1196 258 446 1438 804 342 383 1822 1227 491 1300 1981 423 1639 1130 1650 1297 2229 1147 1960 1152 2383 140 1990 674 1681 0 1363 239 1207 1755 1842 230 944 1184 1216 1311 1383 1369 1576 1459 1252 1105 149 1192
1100 935 694 4263 793 1056 1443 839 933 483 1339 360 748 774 1557 807 1126 1106 1043 912 1227 1157 1394 280 1097 232 1553 1152 1244 741 1255 240 1835 755 1532 479 1988 1374 1562 831 1182 1363 0 1283 818 1360 1447 1181 1718 632 821 220 988 974 1181 1064 857 716 1231 803
252 1250 1165 4578 1101 309 1757 468 1248 1133 1863 1010 1057 1083 1905 1116 178 244 1358 579 117 303 1742 1147 266 1220 1901 198 1559 1050 1570 1217 2149 1066 1880 1072 2302 250 1910 594 1601 239 1283 0 1127 1674 1761 150 863 1103 1135 1231 1302 1289 1496 1379 1171 1025 106 1112
944 785 700 4113 175 900 1292 683 783 668 1399 545 298 268 1440 304 970 950 893 756 1071 1001 1277 682 941 755 1436 996 1094 118 1105 752 1684 412 1415 607 1838 1219 1445 675 1136 1207 818 1127 0 1209 1297 1025 1562 638 670 766 838 824 1031 914 707 213 1075 300
1491 454 1242 3198 1184 1447 377 1230 600 1209 890 1086 1140 1165 932 1198 1517 1497 416 1303 1619 1549 768 1224 1488 1297 927 1543 272 1132 125 1294 769 1146 906 1148 923 1766 936 1222 581 1755 1360 1674 1209 0 257 1572 2109 1180 584 1307 393 456 331 396 525 1107 1622 1194
1564 553 1315 3225 1257 1520 404 1303 710 1282 917 1160 1213 1238 959 1271 1590 1570 525 1376 1692 1622 795 1297 1561 1370 954 1617 381 1206 235 1367 797 1219 933 1222 950 1839 963 1296 608 1828 1433 1748 1283 257 0 1646 2182 1253 684 1381 493 483 441 506 625 1180 1695 1267
389 1148 1063 4476 1000 445 1655 366 1146 1031 1762 908 955 981 1803 1014 76 264 1256 653 253 201 1640 1045 386 1118 1799 334 1457 948 1468 1115 2047 964 1778 970 2201 241 1808 492 1499 230 1181 150 1025 1572 1660 0 761 1001 1033 1129 1201 1187 1394 1277 1070 923 98 1010
1046 1685 1600 5012 1536 1158 2192 902 1682 1567 2298 1444 1492 1517 2340 1550 706 801 1793 1190 922 607 2177 1582 923 1654 2336 978 1993 1485 2005 1651 2584 1501 2315 1506 2737 955 2344 1029 2035 944 1718 863 1562 2109 2196 761 0 1538 1570 1665 1737 1723 1930 1813 1606 1459 811 1546
920 756 81 4083 613 876 1263 659 753 481 1369 359 569 594 1411 627 946 926 864 732 1048 978 1248 388 917 515 1407 973 1064 562 1076 512 1655 575 1386 176 1808 1195 1415 651 1106 1184 632 1103 638 1180 1267 1001 1538 0 641 526 808 795 1002 884 677 536 1051 623
952 160 703 3566 645 908 745 691 157 670 852 547 601 626 893 659 978 958 268 764 1079 1010 730 684 949 757 889 1004 469 593 480 754 1137 607 868 609 1291 1227 898 683 589 1216 821 1135 670 584 694 1033 1570 641 0 768 212 277 406 289 81 568 1083 655
1047 883 588 4211 740 1004 1390 786 881 430 1287 307 696 721 1505 754 1074 1053 991 860 1175 1105 1342 207 1044 62 1501 1100 1192 689 1203 69 1782 702 1480 373 1936 1322 1509 779 1129 1311 220 1231 766 1307 1395 1129 1665 526 768 0 936 922 1129 1012 805 663 1178 751
1119 82 870 3399 812 1075 579 858 244 837 685 715 768 793 727 826 1145 1125 200 931 1247 1177 564 852 1116 925 723 1172 283 761 289 922 971 774 702 777 1124 1394 731 851 422 1383 988 1302 838 393 503 1201 1737 808 212 936 0 233 251 181 153 735 1250 822
1105 182 856 3313 798 1062 492 844 344 824 599 701 754 779 641 812 1132 1111 285 918 1233 1163 477 838 1102 911 636 1158 342 747 348 908 885 761 615 763 1038 1380 645 837 336 1369 974 1289 824 452 497 1187 1723 795 277 922 233 0 335 265 253 722 1237 809
1312 311 1063 3382 1005 1269 561 1051 340 1031 769 908 961 986 811 1019 1339 1318 155 1125 1440 1370 648 1045 1309 1118 807 1365 94 954 227 1115 954 968 786 970 1107 1587 815 1044 506 1576 1181 1496 1031 331 441 1394 1930 1002 406 1129 251 335 0 136 361 928 1444 1016
1195 241 946 3413 888 1151 593 934 222 913 699 791 844 869 741 902 1221 1201 71 1008 1323 1253 578 928 1192 1001 737 1248 199 837 292 998 985 850 716 853 1138 1470 746 927 436 1459 1064 1379 914 396 506 1277 1813 884 289 1012 181 265 136 0 244 811 1326 898
988 101 739 3532 681 944 711 727 113 706 817 584 637 662 859 695 1014 994 223 800 1116 1046 696 721 985 794 855 1041 415 630 421 791 1103 643 834 646 1256 1263 864 720 554 1252 857 1171 707 525 635 1070 1606 677 81 805 153 253 361 244 0 604 1119 691
841 683 598 4010 187 797 1190 580 680 565 1296 442 225 251 1338 105 868 847 791 654 969 899 1175 580 838 653 1334 894 991 136 1003 649 1582 236 1313 504 1735 1116 1342 573 1033 1105 716 1025 213 1107 1194 923 1459 536 568 663 735 722 928 811 604 0 972 101
345 1198 1113 4525 1049 401 1705 415 1195 1080 1811 957 1005 1030 1853 1063 125 314 1306 672 209 251 1690 1095 358 1168 1849 290 1506 998 1518 1165 2097 1014 1828 1019 2250 160 1857 542 1548 149 1231 106 1075 1622 1709 98 811 1051 1083 1178 1250 1237 1444 1326 1119 972 0 1060
928 770 685 4098 274 885 1277 667 767 652 1383 530 313 338 1425 24 955 934 878 741 1056 986 1262 667 925 740 1421 981 1079 223 1090 737 1669 153 1400 592 1822 1203 1430 660 1120 1192 803 1112 300 1194 1281 1010 1546 623 655 751 822 809 1016 898 691 101 1060 0
EOF