NAME : tsp_problem
TYPE : TSP
DIMENSION : 20
EDGE_WEIGHT_TYPE : EXPLICIT
EDGE_WEIGHT_FORMAT : FULL_MATRIX
EDGE_WEIGHT_SECTION
0 1363 782 1421 1257 1856 196 932 834 849 1457 433 1399 1351 1349 1481 734 821 1248 771
1418 0 1288 398 1777 1063 1328 749 1095 1109 664 1310 606 1871 326 324 1178 1105 1767 811
782 1244 0 1273 655 1708 692 784 377 360 1309 682 1252 749 1202 1334 175 203 646 624
1421 398 1273 0 1746 1032 1331 718 1064 1078 633 1400 575 1840 102 139 1147 1370 1737 780
1257 1777 655 1746 0 2181 1167 1257 850 833 1782 1231 1725 273 1675 1807 621 752 353 1097
1856 1063 1708 1032 2181 0 1766 1153 1499 1513 1062 1835 1007 2275 960 1092 1582 1805 2172 1215
196 1273 692 1331 1167 1766 0 842 744 759 1367 343 1309 1261 1259 1391 644 731 1158 681
932 749 784 718 1257 1153 842 0 461 476 754 911 697 1351 647 779 658 881 1248 193
860 1095 377 1064 850 1499 770 461 0 93 1100 839 1042 943 993 1125 251 473 840 312
874 1109 360 1078 833 1513 784 476 93 0 1114 853 1057 926 1007 1139 234 456 823 326
1457 664 1309 633 1782 1062 1367 754 1100 1114 0 1436 419 1876 561 693 1183 1406 1773 816
433 1224 682 1400 1231 1835 343 911 813 828 1436 0 1378 1325 1328 1452 712 682 1222 750
1399 606 1252 575 1725 1007 1309 697 1042 1057 419 1378 0 1818 504 636 1126 1348 1715 759
1355 1874 753 1844 277 2279 1265 1355 947 930 1880 1329 1822 0 1772 1904 718 849 450 1194
1349 326 1202 102 1675 960 1259 647 993 1007 561 1328 504 1768 0 214 1076 1298 1665 709
1481 324 1334 139 1807 1092 1391 779 1125 1139 693 1460 636 1900 214 0 1208 1333 1797 841
734 1178 175 1147 621 1582 644 658 251 234 1183 712 1126 714 1076 1208 0 272 611 498
741 1117 203 1352 752 1787 651 863 473 456 1388 633 1330 846 1280 1345 272 0 742 702
1248 1767 646 1737 353 2172 1158 1248 840 823 1773 1222 1715 446 1665 1797 611 742 0 1087
771 811 624 780 1097 1215 681 193 312 326 816 750 759 1190 709 841 498 720 1087 0
EOF