NAME : tsp_problem
TYPE : TSP
DIMENSION : 44
EDGE_WEIGHT_TYPE : EXPLICIT
EDGE_WEIGHT_FORMAT : FULL_MATRIX
EDGE_WEIGHT_SECTION
0 858 1015 501 413 1061 241 397 1420 965 1065 530 1064 1471 1121 662 268 563 1548 274 161 1260 935 2099 890 977 418 467 263 956 908 184 928 1351 1218 1451 351 1086 1055 1479 1087 1561 413 226
858 0 423 1201 1235 469 806 969 825 373 281 1357 472 877 337 1488 773 1182 953 974 1005 666 93 2926 299 193 1118 1171 963 365 317 750 186 756 623 856 1051 302 213 885 1787 966 985 965
1015 423 0 1358 1319 191 963 1125 984 251 630 1513 350 1036 686 1645 929 1338 1112 1130 1162 825 500 3082 284 542 1202 1255 1119 291 257 906 492 916 783 1016 1207 651 620 1044 1871 1125 1142 1121
501 1201 1358 0 735 1404 439 325 1763 1308 1409 979 1318 1815 1464 1110 611 1011 1891 350 609 1604 1278 2548 1234 1320 619 671 369 1299 1251 480 1271 1694 1561 1794 268 1429 1398 1823 1287 1904 342 674
413 1156 1313 656 0 1359 539 581 1718 1224 1363 565 1096 1769 1419 696 566 641 1845 331 345 1558 1233 2134 1188 1275 136 102 319 1254 1206 435 1225 1649 1516 1749 408 1384 1353 1777 1065 1859 597 370
1061 469 191 1404 1438 0 1009 1171 1031 418 676 1559 518 1082 732 1691 975 1385 1158 1176 1208 871 546 3128 434 588 1321 1374 1165 459 169 952 538 962 829 1062 1254 697 666 1090 1990 1172 1188 1167
241 806 963 439 618 1009 0 183 1368 912 1013 757 1012 1419 1069 889 216 625 1495 356 388 1208 883 2326 838 925 501 554 345 904 856 132 876 1299 1166 1399 362 1034 1003 1427 1169 1509 199 408
397 969 1125 325 660 1171 183 0 1530 1075 1176 874 1174 1582 1232 1006 378 788 1658 330 504 1371 1046 2443 1001 1087 543 596 349 1067 1019 295 1038 1462 1329 1561 248 1197 1166 1590 1212 1671 36 570
1420 825 984 1763 1797 1031 1368 1530 0 934 1030 1918 1034 89 1085 2050 1334 1744 165 1535 1567 307 902 3487 860 941 1680 1733 1524 926 878 1311 662 152 265 306 1612 1050 1022 240 2348 178 1547 1526
965 373 251 1308 1212 418 912 1075 934 0 580 1463 243 986 636 1595 879 1288 1062 1080 1112 775 450 3032 234 492 1095 1148 1069 241 356 856 442 866 733 966 1157 601 570 994 1763 1075 1092 1071
1065 281 630 1409 1443 676 1013 1176 1030 580 0 1564 680 1081 73 1696 980 1389 1157 1181 1212 870 358 3133 506 279 1326 1379 1170 572 524 957 391 961 828 1061 1258 273 478 1089 1994 1171 1192 1172
530 1357 1513 979 565 1559 757 874 1918 1463 1564 0 1563 1970 1620 416 698 756 2046 735 460 1759 1434 1854 1389 1476 675 620 724 1455 1407 683 1426 1850 1717 1950 812 1585 1554 1978 1330 2059 890 485
1064 472 350 1374 1084 518 1012 1174 1034 243 680 1563 0 1086 735 1694 978 1388 1162 1048 1211 875 549 3132 333 591 967 1020 1037 341 455 956 542 965 832 1065 1125 700 669 1094 1636 1175 1191 1170
1471 877 1036 1815 1849 1082 1419 1582 89 986 1081 1970 1086 0 1137 2102 1386 1795 93 1587 1618 359 954 3539 912 993 1732 1785 1576 978 930 1363 714 204 316 271 1664 1102 1074 205 2400 106 1598 1578
1121 337 686 1464 1498 732 1069 1232 1085 636 73 1620 735 1137 0 1751 1036 1445 1213 1237 1268 926 414 3189 562 229 1382 1434 1226 628 580 1013 447 1017 884 1117 1314 223 534 1145 2050 1226 1248 1228
662 1488 1645 1110 696 1691 889 1006 2050 1595 1696 416 1694 2102 1751 0 830 887 2178 867 592 1891 1565 1614 1521 1607 806 751 855 1587 1538 814 1558 1981 1848 2081 944 1717 1685 2110 1091 2191 1022 617
268 773 929 611 583 975 216 378 1334 879 980 698 978 1386 1036 830 0 495 1462 384 360 1175 850 2267 805 891 528 581 372 871 823 159 842 1266 1132 1365 461 1001 969 1394 1197 1475 395 306
559 1118 1275 1003 637 1321 607 770 1680 1224 1325 752 1324 1731 1381 884 412 0 1807 775 414 1520 1195 2321 1150 1237 747 692 764 1216 1168 551 1188 1611 1478 1711 852 1346 1315 1739 1588 1821 786 360
1548 953 1112 1891 1925 1158 1495 1658 165 1062 1157 2046 1162 93 1213 2178 1462 1871 0 1663 1695 435 1030 3615 988 1069 1808 1861 1652 1054 1006 1439 790 280 393 347 1740 1178 1150 281 2476 130 1675 1654
274 974 1130 350 410 1176 356 330 1535 1080 1181 735 992 1587 1237 867 384 784 1663 0 382 1376 1051 2304 1006 1093 293 346 48 1072 1024 253 1043 1467 1334 1567 101 1202 1171 1595 961 1676 347 447
161 1005 1162 609 345 1208 388 504 1567 1112 1212 460 1211 1618 1268 592 360 418 1695 382 0 1407 1082 2029 1037 1124 455 400 370 1103 1055 313 1075 1498 1365 1598 459 1233 1202 1626 1195 1708 521 107
1260 666 825 1604 1638 871 1208 1371 307 775 870 1759 875 359 926 1891 1175 1584 435 1376 1407 0 743 3328 701 782 1521 1574 1365 767 719 1152 503 239 63 208 1453 891 863 237 2189 448 1388 1367
935 93 500 1278 1312 546 883 1046 902 450 358 1434 549 954 414 1565 850 1259 1030 1051 1082 743 0 3003 376 270 1195 1248 1040 442 394 827 263 834 700 933 1128 379 136 962 1864 1043 1062 1042
2072 2898 3055 2520 2107 3101 2299 2416 3460 3005 3106 1826 3104 3512 3162 1587 2240 2297 3588 2277 2002 3301 2975 0 2931 3017 2216 2161 2265 2997 2948 2224 2968 3391 3258 3491 2354 3127 3095 3520 2092 3601 2432 2027
890 299 284 1234 1268 434 838 1001 860 234 506 1389 333 912 562 1521 805 1214 988 1006 1037 701 376 2958 0 418 1151 1204 995 226 282 782 368 792 659 892 1083 527 496 920 1819 1001 1018 997
977 193 542 1320 1354 588 925 1087 941 492 279 1476 591 993 229 1607 891 1301 1069 1093 1124 782 270 3045 418 0 1237 1290 1081 483 435 869 302 873 739 972 1170 194 390 1001 1906 1082 1104 1083
339 1039 1196 539 136 1242 422 464 1601 1107 1246 675 979 1652 1302 806 449 751 1729 214 447 1442 1116 2244 1072 1158 0 72 202 1137 1089 318 1109 1532 1399 1632 291 1267 1236 1660 948 1742 480 480
392 1092 1249 592 102 1295 475 517 1654 1160 1299 620 1032 1705 1355 751 502 696 1781 267 400 1494 1169 2189 1124 1211 72 0 255 1190 1142 371 1162 1585 1452 1685 344 1320 1289 1713 1001 1795 533 425
263 963 1119 369 398 1165 345 349 1524 1069 1170 724 981 1576 1226 855 372 773 1652 48 370 1365 1040 2293 995 1081 282 335 0 1061 1013 241 1032 1456 1322 1555 121 1191 1160 1584 950 1665 366 436
956 365 291 1299 1309 459 904 1067 926 241 572 1455 341 978 628 1587 871 1280 1054 1072 1103 767 442 3024 226 483 1192 1245 1061 0 347 848 434 858 724 957 1149 593 562 986 1861 1067 1083 1063
908 317 257 1251 1285 169 856 1019 878 356 524 1407 455 930 580 1538 823 1232 1006 1024 1055 719 394 2976 282 435 1168 1221 1013 347 0 800 386 810 676 909 1101 545 513 938 1837 1019 1035 1015
184 750 906 480 514 952 132 295 1311 856 957 683 956 1363 1013 814 159 569 1439 253 313 1152 827 2252 782 869 397 450 241 848 800 0 819 1243 1110 1343 330 978 947 1371 1066 1452 311 351
928 186 492 1271 1305 538 876 1038 662 442 391 1426 542 714 447 1558 842 1251 790 1043 1075 503 263 2995 368 302 1188 1241 1032 434 386 819 0 594 460 693 1120 412 383 722 1856 803 1055 1034
1351 756 916 1694 1728 962 1299 1462 152 866 961 1850 965 204 1017 1981 1266 1675 280 1467 1498 239 834 3419 792 873 1611 1664 1456 858 810 1243 594 0 196 420 1544 982 953 355 2280 293 1478 1458
1218 623 783 1561 1595 829 1166 1329 265 733 828 1717 832 316 884 1848 1132 1542 393 1334 1365 63 700 3286 659 739 1478 1531 1322 724 676 1110 460 196 0 253 1411 849 820 282 2147 406 1345 1324
1451 856 1016 1794 1828 1062 1399 1561 306 966 1061 1950 1065 271 1117 2081 1365 1775 347 1567 1598 208 933 3519 892 972 1711 1764 1555 957 909 1343 693 420 253 0 1644 1082 1053 88 2380 360 1578 1557
351 1051 1207 268 487 1254 362 248 1612 1157 1258 812 1069 1664 1314 944 461 861 1740 101 459 1453 1128 2381 1083 1170 370 423 121 1149 1101 330 1120 1544 1411 1644 0 1279 1248 1672 1038 1753 264 524
1086 302 651 1429 1464 697 1034 1197 1050 601 273 1585 700 1102 223 1717 1001 1410 1178 1202 1233 891 379 3154 527 194 1347 1400 1191 593 545 978 412 982 849 1082 1279 0 499 1110 2015 1191 1213 1193
1055 213 620 1398 1432 666 1003 1166 1022 570 478 1554 669 1074 534 1685 969 1379 1150 1171 1202 863 136 3123 496 390 1315 1368 1160 562 513 947 383 953 820 1053 1248 499 0 1082 1984 1163 1182 1161
1479 885 1044 1823 1857 1090 1427 1590 240 994 1089 1978 1094 205 1145 2110 1394 1803 281 1595 1626 237 962 3547 920 1001 1740 1793 1584 986 938 1371 722 355 282 88 1672 1110 1082 0 2408 294 1606 1586
1018 1718 1797 1218 928 1920 1100 1142 2279 1690 1925 1386 1562 2331 1981 1147 1127 1528 2407 892 1125 2120 1795 2152 1750 1836 811 864 881 1787 1768 996 1787 2211 2077 2310 969 1946 1915 2339 0 2420 1159 1191
1561 966 1125 1904 1938 1172 1509 1671 178 1075 1171 2059 1175 106 1226 2191 1475 1884 130 1676 1708 448 1043 3628 1001 1082 1821 1874 1665 1067 1019 1452 803 293 406 360 1753 1191 1163 294 2489 0 1688 1667
413 985 1142 342 676 1188 199 36 1547 1092 1192 890 1191 1598 1248 1022 395 804 1675 347 521 1388 1062 2459 1018 1104 560 612 366 1083 1035 311 1055 1478 1345 1578 264 1213 1182 1606 1228 1688 0 586
226 965 1121 674 370 1167 408 570 1526 1071 1172 485 1170 1578 1228 617 306 364 1654 447 107 1367 1042 2054 997 1083 480 425 436 1063 1015 351 1034 1458 1324 1557 524 1193 1161 1586 1260 1667 586 0
EOF