NAME : tsp_problem
TYPE : TSP
DIMENSION : 30
EDGE_WEIGHT_TYPE : EXPLICIT
EDGE_WEIGHT_FORMAT : FULL_MATRIX
EDGE_WEIGHT_SECTION
0 1578 1732 497 234 1155 1160 582 602 1110 767 702 525 1102 1811 1407 1237 682 772 1765 1869 340 1480 1224 1367 742 1580 492 1428 1232
1612 0 192 1591 1452 829 642 1546 999 2204 943 899 1106 875 298 884 986 1227 927 226 329 1356 491 997 361 1659 139 1287 227 980
1766 192 0 1745 1606 983 797 1700 1153 2358 1097 1053 1260 1029 233 1038 1140 1381 1081 233 264 1510 645 1152 515 1813 293 1441 381 1134
509 1600 1754 0 671 1100 1182 980 624 1056 790 724 549 1048 1833 1429 1183 774 794 1788 1891 284 1502 1170 1390 407 1602 773 1450 1178
234 1452 1606 651 0 1221 1034 421 476 1264 641 576 364 1256 1685 1281 1377 522 646 1639 1743 415 1354 1378 1242 735 1454 332 1302 1372
1143 829 983 1224 1221 0 344 1315 767 1690 712 667 875 155 1062 658 266 996 696 1017 1120 1067 731 277 619 1428 831 1056 679 260
1194 642 797 1173 1034 344 0 1128 581 1786 525 481 688 390 875 471 500 809 509 830 933 938 545 512 432 1241 644 869 493 495
480 1385 1539 865 320 1154 967 0 455 1479 472 542 344 1200 1618 1214 1310 311 476 1573 1676 630 1287 1322 1175 933 1387 118 1235 1305
636 999 1153 615 476 767 581 570 0 1228 199 123 130 813 1232 828 924 355 203 1186 1290 380 901 936 788 683 1001 354 849 919
973 2135 2289 1054 1183 1616 1717 1515 1159 0 1325 1259 1084 1563 2368 1964 1698 1309 1329 2323 2426 897 2037 1685 1925 1299 2137 1308 1985 1693
802 943 1097 781 641 712 525 655 199 1394 0 178 295 758 1176 772 868 350 34 1131 1234 545 845 880 733 848 945 374 793 863
737 899 1053 715 576 667 481 671 123 1329 178 0 230 713 1132 728 824 420 183 1086 1189 480 801 836 688 783 901 444 749 819
525 1106 1260 540 364 875 688 459 130 1153 295 230 0 921 1339 935 1031 280 300 1294 1397 305 1008 1043 896 608 1108 243 956 1026
1090 875 1029 1171 1266 155 390 1361 813 1637 758 713 921 0 1108 704 238 1042 741 1063 1166 1014 777 181 665 1415 877 1102 725 232
1845 298 233 1824 1685 1062 875 1779 1232 2437 1176 1132 1339 1108 0 1117 1218 1460 1160 449 94 1589 502 1230 503 1892 249 1520 460 1213
1441 884 1038 1420 1281 658 471 1375 828 2033 772 728 935 704 1117 0 814 1056 756 1071 1175 1185 786 826 673 1488 886 1116 734 809
1225 986 1140 1306 1377 266 500 1471 924 1772 868 824 1031 238 1218 814 0 1152 852 1173 1276 1149 888 360 775 1551 987 1212 836 160
685 1227 1381 765 525 996 809 494 355 1379 350 420 280 1042 1460 1056 1152 0 354 1415 1518 530 1129 1164 1017 833 1229 213 1077 1147
806 927 1081 785 646 696 509 660 203 1398 34 183 300 741 1160 756 852 354 0 1114 1218 550 829 864 717 853 929 378 777 847
1800 226 233 1779 1639 1017 830 1734 1186 2392 1131 1086 1294 1063 449 1071 1173 1415 1114 0 480 1543 679 1185 549 1847 327 1475 415 1168
1903 329 264 1882 1743 1120 933 1837 1290 2495 1234 1189 1397 1166 94 1175 1276 1518 1218 480 0 1647 562 1288 563 1950 309 1578 518 1271
419 1356 1510 284 415 1011 938 736 380 967 545 480 305 958 1589 1185 1094 530 550 1543 1647 0 1258 1081 1146 430 1358 529 1206 1088
1514 491 645 1493 1354 731 545 1449 901 2107 845 801 1008 777 502 786 888 1129 829 679 562 1258 0 900 157 1561 493 1190 342 882
1212 997 1152 1293 1389 277 512 1483 936 1759 880 836 1043 181 1230 826 360 1164 864 1185 1288 1136 900 0 787 1538 999 1224 848 355
1402 361 515 1381 1242 619 432 1336 788 1994 733 688 896 665 503 673 775 1017 717 549 563 1146 157 787 0 1449 363 1077 229 770
821 1659 1813 407 735 1413 1241 1039 683 1368 848 783 608 1360 1892 1488 1495 833 853 1847 1950 430 1561 1482 1449 0 1661 832 1509 1490
1614 139 293 1593 1454 831 644 1548 1001 2206 945 901 1108 877 249 886 987 1229 929 327 309 1358 493 999 363 1661 0 1289 229 982
492 1287 1441 789 332 1056 869 302 379 1403 374 444 304 1102 1520 1116 1212 213 378 1475 1578 554 1190 1224 1077 857 1289 0 1138 1207
1462 227 381 1441 1302 679 493 1397 849 2055 793 749 956 725 460 734 836 1077 777 415 518 1206 342 848 229 1509 229 1138 0 831
1220 980 1134 1301 1372 260 495 1466 919 1767 863 819 1026 232 1213 809 160 1147 847 1168 1271 1144 882 355 770 1545 982 1207 831 0
EOF