NAME : tsp_problem
TYPE : TSP
DIMENSION : 20
EDGE_WEIGHT_TYPE : EXPLICIT
EDGE_WEIGHT_FORMAT : FULL_MATRIX
EDGE_WEIGHT_SECTION
0 2089 838 788 1699 1749 1792 1888 614 902 1849 1001 1139 1826 1043 1770 2368 2229 1243 412
2085 0 1448 1649 792 843 880 350 1513 2212 939 1204 1418 920 1072 858 493 520 1650 2039
834 1434 0 398 1044 1094 1137 1233 262 1367 1194 253 573 1172 388 1115 1713 1575 805 788
785 1649 398 0 1259 1309 1352 1448 209 1221 1409 561 658 1386 603 1330 1928 1790 761 738
1695 792 1058 1259 0 385 495 591 1123 1822 552 813 1027 462 681 473 1071 932 1259 1648
1745 843 1108 1309 385 0 546 642 1173 1799 602 864 1078 93 732 524 1122 983 1310 1699
1788 880 1151 1352 495 546 0 679 1216 1915 453 907 1121 623 775 74 1159 1020 1353 1742
1884 350 1247 1448 591 642 679 0 1312 2011 738 1003 1217 719 871 657 629 490 1449 1838
610 1513 262 209 1123 1173 1216 1312 0 1211 1272 425 560 1250 467 1194 1792 1653 664 564
965 2143 1303 1084 1752 1726 1846 1942 1129 0 1902 1068 1100 1803 1096 1824 2422 2283 1175 1206
1845 939 1208 1409 552 602 453 738 1272 1972 0 963 1177 679 831 431 1218 1079 1409 1798
997 1204 332 561 813 864 907 1003 425 1137 963 0 342 941 157 885 1483 1344 575 951
1135 1418 587 658 1027 1078 1121 1217 560 1170 1177 342 0 1155 371 1099 1697 1558 307 1089
1823 920 1185 1386 462 93 623 719 1250 1877 679 941 1155 0 809 601 1199 1060 1387 1776
1039 1072 402 603 681 732 775 871 467 1166 831 157 371 809 0 753 1351 1212 603 992
1767 858 1129 1330 473 524 74 657 1194 1893 431 885 1099 601 753 0 1137 998 1331 1720
2364 493 1727 1928 1071 1122 1159 629 1792 2491 1218 1483 1697 1199 1351 1137 0 433 1929 2318
2226 520 1588 1790 932 983 1020 490 1653 2352 1079 1344 1558 1060 1212 998 433 0 1790 2179
1239 1650 810 761 1259 1310 1353 1449 664 1245 1409 575 307 1387 603 1331 1929 1790 0 1193
408 2039 788 738 1648 1699 1742 1838 564 1150 1798 951 1089 1776 992 1720 2318 2179 1193 0
EOF