NAME : tsp_problem
TYPE : TSP
DIMENSION : 60
EDGE_WEIGHT_TYPE : EXPLICIT
EDGE_WEIGHT_FORMAT : FULL_MATRIX
EDGE_WEIGHT_SECTION
0 1646 1101 394 703 734 1460 1239 1743 1368 978 1685 1195 951 1024 617 1218 209 54 113 1200 1225 1155 1226 879 902 1398 982 210 1413 1217 844 851 1204 159 1004 1184 824 1144 1516 521 1621 161 671 1656 1071 1050 591 868 1024 1880 740 1202 1432 1509 896 584 741 1020 1645
1646 0 2049 1686 1652 1682 1095 2187 300 578 1926 471 486 1899 1972 1565 517 1787 1604 1557 2148 524 697 845 1827 1850 1017 778 1779 1043 537 1793 1799 470 1646 1952 2133 953 554 163 1469 47 1658 1620 94 2019 758 1539 992 729 1190 1688 656 1067 167 877 1532 1027 703 83
1101 2049 0 1141 421 517 1863 523 2147 1801 628 2088 1599 655 191 549 1621 1250 1059 1013 483 1628 1558 1629 309 291 1801 1386 1242 1816 1621 278 776 1608 1101 171 468 1227 1548 1919 919 2024 1113 1069 2059 195 1453 989 1271 1427 2422 423 1605 1836 1913 1299 981 1144 1424 2049
394 1686 1141 0 743 774 1466 1279 1783 1189 1018 1725 1235 991 1064 657 1258 325 360 314 1240 1265 1091 1056 919 942 1228 1022 316 1332 1257 884 891 1244 249 1044 1224 864 1184 1556 561 1661 261 711 1696 1111 1090 631 908 1064 1701 780 1138 1439 1549 935 624 781 1060 1685
703 1652 421 743 0 194 1465 559 1749 1403 348 1691 1201 375 344 151 1223 853 661 615 520 1230 1161 1231 199 221 1403 988 844 1418 1223 164 385 1210 703 323 504 829 1150 1521 521 1626 715 671 1661 391 1055 591 873 1029 2024 100 1207 1438 1515 901 584 746 1026 1651
734 1682 517 774 194 0 1496 655 1780 1433 419 1721 1231 392 439 140 1254 883 692 645 616 1261 1191 1262 295 317 1434 1018 875 1449 1254 260 292 1240 734 419 600 860 1180 1552 551 1657 746 702 1692 487 1086 621 904 1060 2055 196 1238 1468 1546 932 614 777 1057 1681
1460 1095 1863 1411 1465 1496 0 2001 1192 803 1740 1134 626 1713 1785 1378 671 1495 1417 1371 1962 661 510 506 1641 1663 377 648 1487 383 648 1606 1613 635 1444 1765 1946 767 801 965 1283 1069 1457 1433 1105 1833 758 1353 805 689 1345 1502 556 134 958 690 1346 841 469 1094
1239 2187 523 1279 559 655 2001 0 2285 1939 487 2226 1737 515 396 687 1759 1388 1197 1150 302 1766 1696 1767 398 380 1939 1524 1380 1954 1759 550 635 1746 1239 376 96 1365 1686 2057 1057 2162 1251 1207 2197 533 1591 1127 1409 1565 2560 561 1743 1974 2051 1437 1119 1282 1562 2187
1743 300 2147 1783 1749 1780 1192 2285 0 676 2024 568 584 1997 2069 1662 614 1884 1701 1655 2245 622 794 942 1925 1947 1114 875 1876 1140 635 1890 1897 567 1743 2049 2230 1051 652 260 1567 275 1756 1717 310 2117 856 1637 1089 826 963 1786 753 1165 265 974 1629 1124 800 299
1380 578 1801 1202 1403 1433 754 1939 676 0 1677 617 235 1651 1723 1316 268 1286 1346 1300 1899 276 323 344 1579 1601 516 529 1278 620 288 1544 1550 218 1235 1703 1884 705 327 448 1221 553 1248 1371 588 1771 510 1290 743 480 1136 1439 282 727 442 628 1283 778 437 577
978 1926 628 1018 348 419 1740 487 2024 1677 0 1965 1475 48 542 384 1498 1127 936 889 260 1505 1435 1506 406 424 1678 1262 1119 1693 1497 371 169 1484 977 522 433 1104 1424 1796 795 1901 990 946 1936 598 1330 865 1148 1304 2298 349 1482 1712 1789 1176 858 1021 1300 1925
1685 471 2088 1725 1691 1721 1134 2226 568 617 1965 0 525 1938 2011 1604 556 1826 1643 1596 2187 563 736 884 1866 1889 1056 817 1818 1082 576 1832 1838 509 1685 1991 2172 993 593 341 1508 445 1697 1659 481 2058 797 1578 1031 768 1458 1727 695 1106 334 916 1571 1066 742 470
1195 486 1599 1235 1201 1231 626 1737 584 235 1475 525 0 1449 1521 1114 119 1334 1153 1107 1697 110 322 392 1377 1399 564 383 1326 579 97 1342 1348 75 1195 1501 1682 503 192 356 1018 461 1207 1169 496 1568 374 1088 541 344 1185 1237 312 599 349 426 1081 576 234 485
951 1899 655 991 375 392 1713 515 1997 1651 48 1938 1449 0 569 357 1471 1100 909 863 287 1478 1408 1479 433 452 1651 1236 1092 1666 1471 399 142 1458 951 549 460 1077 1398 1769 769 1874 963 919 1909 625 1303 839 1121 1277 2272 377 1455 1686 1763 1149 831 994 1274 1899
1024 1972 191 1064 344 439 1785 396 2069 1723 542 2011 1521 569 0 471 1543 1173 981 935 357 1551 1481 1552 183 165 1724 1308 1165 1738 1543 334 690 1530 1023 44 341 1149 1470 1842 841 1946 1036 991 1982 317 1376 911 1193 1350 2344 345 1528 1758 1835 1221 904 1067 1346 1971
617 1565 549 657 151 140 1378 687 1662 1316 384 1604 1114 357 471 0 1136 766 574 528 622 1144 1074 1145 327 349 1317 901 758 1332 1136 292 257 1123 616 451 632 743 1063 1435 434 1539 629 584 1575 519 969 504 786 943 1937 187 1121 1351 1428 814 497 660 939 1564
1218 517 1621 1258 1223 1254 671 1759 614 268 1498 556 119 1471 1543 1136 0 1367 1175 1129 1720 70 366 437 1399 1421 609 350 1359 624 57 1364 1371 116 1217 1523 1704 525 147 387 1041 491 1230 1191 527 1591 330 1111 563 300 1229 1260 346 643 380 448 1103 598 279 516
209 1795 1250 325 853 883 1551 1388 1893 1274 1127 1834 1345 1100 1173 766 1367 0 248 308 1349 1374 1175 1140 1028 1051 1312 1131 27 1416 1367 994 1000 1353 204 1153 1334 973 1293 1665 670 1770 206 821 1805 1220 1199 740 1017 1173 1786 889 1222 1523 1659 1045 733 890 1170 1795
54 1604 1059 360 661 692 1417 1197 1701 1334 936 1643 1153 909 981 574 1175 248 0 71 1158 1183 1113 1183 837 859 1355 940 249 1370 1175 802 809 1162 198 961 1142 781 1102 1473 479 1578 200 629 1613 1029 1008 549 825 982 1846 698 1159 1390 1467 853 541 698 978 1603
113 1557 1013 314 615 645 1371 1150 1655 1288 889 1596 1107 863 935 528 1129 308 71 0 1111 1136 1066 1137 791 813 1309 894 309 1324 1129 756 762 1116 257 915 1096 735 1056 1427 432 1532 260 583 1567 982 961 502 779 935 1800 651 1113 1344 1421 807 495 652 932 1557
1200 2148 483 1240 520 616 1962 302 2245 1899 260 2187 1697 287 357 622 1720 1349 1158 1111 0 1727 1657 1728 359 341 1900 1484 1341 1915 1719 511 407 1706 1199 337 247 1326 1646 2018 1017 2123 1212 1168 2158 494 1552 1087 1370 1526 2520 522 1704 1934 2011 1397 1080 1243 1522 2147
1225 524 1628 1265 1230 1261 661 1766 622 276 1505 563 110 1478 1551 1144 70 1370 1183 1136 1727 0 357 427 1406 1429 600 357 1362 614 47 1371 1378 119 1225 1531 1712 532 155 394 1048 499 1237 1199 534 1598 337 1118 571 307 1220 1267 353 634 388 456 1111 606 269 524
1155 697 1558 1035 1161 1191 510 1696 794 323 1435 736 322 1408 1481 1074 366 1120 1113 1066 1657 357 0 177 1336 1359 349 343 1111 375 344 1302 1308 330 1069 1461 1642 463 446 567 978 671 1081 1129 707 1528 454 1048 501 385 970 1197 76 482 560 386 1041 536 165 696
1111 912 1709 933 1311 1341 506 1847 1010 356 1585 951 472 1559 1631 1224 516 1017 1077 1031 1807 507 257 0 1487 1509 189 493 1009 331 494 1452 1458 481 966 1611 1792 613 646 782 1128 887 979 1279 922 1678 604 1198 651 535 867 1347 304 478 776 536 1191 686 315 912
879 1827 309 919 199 295 1641 398 1925 1579 406 1866 1377 433 183 327 1399 1028 837 791 359 1406 1336 1407 0 60 1579 1164 1020 1594 1399 223 554 1386 879 162 343 1005 1326 1697 697 1802 891 847 1837 319 1231 767 1049 1205 2200 201 1383 1614 1691 1077 759 922 1202 1827
902 1850 291 942 221 317 1663 380 1947 1601 424 1889 1399 452 165 349 1421 1051 859 813 341 1429 1359 1429 60 0 1601 1186 1043 1616 1421 245 572 1408 901 145 326 1027 1348 1719 719 1824 914 869 1859 302 1254 789 1071 1228 2222 223 1405 1636 1713 1099 782 944 1224 1849
1283 1037 1810 1105 1412 1443 377 1948 1134 528 1687 1076 573 1660 1733 1326 618 1189 1249 1203 1909 609 369 189 1588 1610 0 595 1181 203 595 1553 1560 582 1138 1712 1893 714 748 907 1230 1011 1151 1380 1047 1780 705 1300 752 636 1039 1449 416 350 900 637 1293 788 416 1036
982 778 1386 1022 988 1018 648 1524 875 529 1262 817 383 1236 1308 901 350 1131 940 894 1484 357 343 414 1164 1186 586 0 1123 601 370 1129 1135 378 982 1288 1469 204 276 648 805 753 994 956 788 1355 131 875 242 63 1206 1024 390 620 641 127 868 277 208 777
210 1787 1242 316 844 875 1543 1380 1885 1266 1119 1826 1336 1092 1165 758 1359 27 249 309 1341 1366 1167 1132 1020 1043 1304 1123 0 1408 1358 985 992 1345 205 1145 1326 965 1285 1657 662 1762 208 812 1797 1212 1191 732 1009 1165 1778 881 1214 1515 1650 1037 725 882 1161 1786
1413 1043 1816 1247 1418 1449 383 1954 1140 669 1693 1082 579 1666 1738 1332 624 1331 1370 1324 1915 614 375 331 1594 1616 203 601 1323 0 601 1559 1566 588 1280 1718 1899 720 754 913 1236 1017 1293 1386 1053 1786 711 1306 758 642 1181 1455 422 356 906 643 1299 794 422 1042
1217 537 1621 1257 1223 1254 648 1759 635 288 1497 576 97 1471 1543 1136 57 1356 1175 1129 1719 47 344 414 1399 1421 586 370 1348 601 0 1364 1370 106 1217 1523 1704 525 168 407 1041 512 1230 1191 547 1591 350 1111 563 320 1207 1260 366 621 400 448 1103 598 256 536
844 1793 278 884 164 260 1606 550 1890 1544 371 1832 1342 399 334 292 1364 994 802 756 511 1371 1302 1372 223 245 1544 1129 985 1559 1364 0 519 1351 844 314 495 970 1291 1662 662 1767 856 812 1802 248 1197 732 1014 1170 2165 166 1348 1579 1656 1042 725 887 1167 1792
851 1799 776 891 385 292 1613 635 1897 1550 169 1838 1348 142 690 257 1371 1000 809 762 407 1378 1308 1379 554 572 1551 1135 992 1566 1370 519 0 1357 850 670 580 977 1297 1669 668 1774 863 819 1809 746 1203 738 1021 1177 2171 422 1355 1585 1662 1049 731 894 1173 1798
1204 470 1608 1244 1210 1240 635 1746 567 218 1484 509 75 1458 1530 1123 116 1343 1162 1116 1706 119 330 401 1386 1408 573 378 1335 588 106 1351 1357 0 1204 1510 1691 512 175 339 1027 444 1216 1178 479 1577 358 1097 550 328 1194 1246 296 608 333 435 1090 585 243 469
159 1646 1101 249 703 734 1459 1239 1743 1223 977 1685 1195 951 1023 616 1217 204 198 257 1199 1225 1124 1089 879 901 1261 982 205 1366 1217 844 850 1204 0 1003 1184 823 1144 1515 521 1620 43 671 1655 1071 1050 591 867 1024 1735 740 1171 1432 1509 895 583 740 1020 1645
1004 1952 171 1044 323 419 1765 376 2049 1703 522 1991 1501 549 44 451 1523 1153 961 915 337 1531 1461 1531 162 145 1703 1288 1145 1718 1523 314 670 1510 1003 0 321 1129 1450 1821 821 1926 1016 971 1961 297 1356 891 1173 1330 2324 325 1507 1738 1815 1201 884 1046 1326 1951
1184 2133 468 1224 504 600 1946 96 2230 1884 433 2172 1682 460 341 632 1704 1334 1142 1096 247 1712 1642 1712 343 326 1884 1469 1326 1899 1704 495 580 1691 1184 321 0 1310 1631 2002 1002 2107 1197 1152 2142 478 1537 1072 1354 1511 2505 506 1688 1919 1996 1382 1065 1227 1507 2132
824 953 1227 864 829 860 767 1365 1051 705 1104 993 503 1077 1149 743 525 973 781 735 1326 532 463 533 1005 1027 705 204 965 720 525 970 977 512 823 1129 1310 0 452 823 647 928 836 797 963 1197 255 717 276 255 1326 866 509 740 817 100 710 102 328 953
1144 554 1548 1184 1150 1180 801 1686 652 327 1424 593 192 1398 1470 1063 147 1293 1102 1056 1646 155 446 567 1326 1348 739 276 1285 754 168 1291 1297 175 1144 1450 1631 452 0 424 967 529 1156 1118 564 1517 257 1037 490 227 1359 1186 405 773 418 375 1030 525 370 554
1516 163 1919 1556 1521 1552 965 2057 260 448 1796 341 356 1769 1842 1435 387 1657 1473 1427 2018 394 567 715 1697 1719 887 648 1649 913 407 1662 1669 339 1515 1821 2002 823 424 0 1339 137 1528 1489 172 1889 628 1409 861 598 1150 1558 525 937 81 746 1402 897 572 162
521 1469 919 561 521 551 1283 1057 1567 1221 795 1508 1018 769 841 434 1041 670 479 432 1017 1048 978 1049 697 719 1221 805 662 1236 1041 662 668 1027 521 821 1002 647 967 1339 0 1444 533 224 1479 889 873 144 691 847 1842 557 1025 1255 1333 719 137 564 844 1468
1621 47 2024 1661 1626 1657 1069 2162 275 553 1901 445 461 1874 1946 1539 491 1761 1578 1532 2123 499 671 819 1802 1824 991 753 1753 1017 512 1767 1774 444 1620 1926 2107 928 529 137 1444 0 1633 1594 68 1994 733 1514 966 703 1165 1663 630 1042 142 851 1506 1001 677 58
161 1658 1113 261 715 746 1472 1251 1756 1236 990 1697 1207 963 1036 629 1230 206 200 260 1212 1237 1137 1102 891 914 1274 994 208 1378 1230 856 863 1216 43 1016 1197 836 1156 1528 533 1633 0 684 1668 1083 1062 603 880 1036 1747 752 1184 1444 1522 908 596 753 1033 1657
671 1620 1069 711 671 702 1433 1207 1717 1371 946 1659 1169 919 991 584 1191 821 629 583 1168 1199 1129 1199 847 869 1371 956 812 1386 1191 812 819 1178 671 971 1152 797 1118 1489 224 1594 684 0 1629 1039 1024 212 841 997 1992 708 1175 1406 1483 869 205 714 994 1619
1656 94 2059 1696 1661 1692 1105 2197 310 588 1936 481 496 1909 1982 1575 527 1797 1613 1567 2158 534 707 855 1837 1859 1027 788 1789 1053 547 1802 1809 479 1655 1961 2142 963 564 172 1479 68 1668 1629 0 2029 768 1549 1001 738 1200 1698 665 1077 177 886 1542 1037 712 37
1071 2019 195 1111 391 487 1833 533 2117 1771 598 2058 1568 625 317 519 1591 1220 1029 982 494 1598 1528 1599 319 302 1771 1355 1212 1786 1591 248 746 1577 1071 297 478 1197 1517 1889 889 1994 1083 1039 2029 0 1423 958 1241 1397 2392 393 1575 1805 1883 1269 951 1114 1394 2018
1050 758 1453 1090 1055 1086 783 1591 856 510 1330 797 374 1303 1376 969 330 1199 1008 961 1552 337 479 550 1231 1254 722 220 1191 737 350 1197 1203 358 1050 1356 1537 255 257 628 873 733 1062 1024 768 1423 0 943 282 271 1342 1092 526 756 622 178 936 328 344 758
591 1539 989 631 591 621 1353 1127 1637 1290 865 1578 1088 839 911 504 1111 740 549 502 1087 1118 1048 1119 767 789 1291 875 732 1306 1111 732 738 1097 591 891 1072 717 1037 1409 144 1514 603 212 1549 958 943 0 761 917 1911 627 1095 1325 1402 789 60 634 914 1538
868 992 1271 908 873 904 805 1409 1089 743 1148 1031 541 1121 1193 786 563 1017 825 779 1370 571 501 571 1049 1071 743 242 1009 758 563 1014 1021 550 867 1173 1354 276 490 861 691 966 880 841 1001 1241 282 761 0 293 1364 910 547 778 855 199 754 202 366 991
1024 746 1427 1064 1029 1060 689 1565 843 497 1304 785 362 1277 1350 943 317 1173 982 935 1526 325 385 455 1205 1228 627 63 1165 642 338 1170 1177 345 1024 1330 1511 255 244 616 847 720 1036 997 756 1397 81 917 293 0 1248 1066 432 662 609 178 910 328 250 745
1806 1246 2352 1627 1954 1985 1276 2490 1019 999 2229 1514 1116 2202 2275 1868 1160 1712 1772 1726 2451 1151 901 866 2130 2153 1038 1137 1704 1142 1138 2095 2102 1124 1661 2255 2436 1256 1290 1206 1772 1221 1674 1923 1256 2322 1248 1842 1295 1179 0 1991 947 1249 1211 1180 1835 1330 959 1246
740 1688 423 780 100 196 1502 561 1786 1439 349 1727 1237 377 345 187 1260 889 698 651 522 1267 1197 1268 201 223 1440 1024 881 1455 1260 166 422 1246 740 325 506 866 1186 1558 557 1663 752 708 1698 393 1092 627 910 1066 2060 0 1244 1474 1551 938 620 783 1063 1687
1202 656 1605 1082 1207 1238 556 1743 753 282 1482 695 312 1455 1528 1121 346 1166 1159 1113 1704 353 76 224 1383 1405 396 390 1158 422 366 1348 1355 296 1115 1507 1688 509 405 525 1025 630 1128 1175 665 1575 500 1095 547 432 1017 1244 0 529 519 432 1088 583 211 655
1432 1067 1836 1383 1438 1468 134 1974 1165 776 1712 1106 599 1686 1758 1351 643 1468 1390 1344 1934 634 482 478 1614 1636 350 620 1459 356 621 1579 1585 608 1417 1738 1919 740 773 937 1255 1042 1429 1406 1077 1805 731 1325 778 662 1318 1474 529 0 931 663 1318 813 442 1067
1509 167 1913 1549 1515 1546 958 2051 265 442 1789 334 349 1763 1835 1428 380 1650 1467 1421 2011 388 560 708 1691 1713 880 641 1642 906 400 1656 1662 333 1509 1815 1996 817 418 81 1333 142 1522 1483 177 1883 622 1402 855 592 1155 1551 519 931 0 740 1395 890 566 166
896 877 1299 935 901 932 690 1437 974 628 1176 916 426 1149 1221 814 448 1045 853 807 1397 456 386 456 1077 1099 628 127 1037 643 448 1042 1049 435 895 1201 1382 100 375 746 719 851 908 869 886 1269 178 789 199 178 1249 938 432 663 740 0 781 173 251 876
584 1532 981 624 584 614 1346 1119 1629 1283 858 1571 1081 831 904 497 1103 733 541 495 1080 1111 1041 1112 759 782 1284 868 725 1299 1103 725 731 1090 583 884 1065 710 1030 1402 137 1506 596 205 1542 951 936 60 754 910 1904 620 1088 1318 1395 781 0 627 906 1531
741 1027 1144 781 746 777 841 1282 1124 778 1021 1066 576 994 1067 660 598 890 698 652 1243 606 536 607 922 944 779 277 882 794 598 887 894 585 740 1046 1227 102 525 897 564 1001 753 714 1037 1114 328 634 202 328 1399 783 583 813 890 173 627 0 401 1026
1020 703 1424 1060 1026 1057 469 1562 800 451 1300 742 234 1274 1346 939 279 1170 978 932 1522 269 165 235 1202 1224 407 208 1161 422 256 1167 1173 243 1020 1326 1507 328 370 572 844 677 1033 994 712 1394 319 914 366 250 1028 1063 211 442 566 251 906 401 0 702
1645 83 2049 1685 1651 1681 1094 2187 299 577 1925 470 485 1899 1971 1564 516 1786 1603 1557 2147 524 696 844 1827 1849 1016 777 1778 1042 536 1792 1798 469 1645 1951 2132 953 554 162 1468 58 1657 1619 37 2018 758 1538 991 728 1190 1687 655 1067 166 876 1531 1026 702 0
EOF