NAME : tsp_problem
TYPE : TSP
DIMENSION : 74
EDGE_WEIGHT_TYPE : EXPLICIT
EDGE_WEIGHT_FORMAT : FULL_MATRIX
EDGE_WEIGHT_SECTION
0 1567 1211 1063 1210 939 260 1468 496 380 868 457 239 2981 284 283 1346 1159 361 1415 1294 930 355 612 915 1086 949 1064 333 494 1448 1570 455 52 939 249 1474 218 1132 428 1443 1074 801 572 1121 356 1250 1408 1051 38 1098 503 392 997 60 961 247 1260 1055 536 332 1503 1538 277 302 580 1125 697 1448 1065 813 993 401 1403
1567 0 1328 1175 1328 1056 1799 305 1905 1211 985 1866 1649 4517 1409 1692 410 774 1635 452 357 1048 1764 2021 1027 1198 723 1181 1780 1903 397 248 1234 1606 1056 1463 389 1376 1250 1696 325 1191 2336 1981 1239 1766 539 356 1163 1590 1210 1832 1928 1109 1518 1073 1785 743 1173 1946 1871 452 486 1738 1711 1989 1243 2232 164 1182 2349 1111 1297 374
1211 1328 0 824 501 364 1442 1229 1540 854 561 1414 1212 4160 1052 1256 1107 920 1279 1175 1055 356 1300 1568 676 847 710 187 1344 1538 1209 1331 878 1249 632 1107 1235 1019 429 1340 1204 499 1980 1616 418 1400 1011 1169 812 1233 859 1475 1571 758 1161 722 1429 1021 171 1404 1345 1264 1299 1381 1169 1624 348 1876 1209 362 1993 368 941 1164
1063 1175 824 0 823 552 1294 1075 1401 706 481 1362 1144 4013 905 1187 954 766 1131 1022 901 543 1259 1516 166 291 473 677 1276 1399 1056 1177 730 1101 552 959 1081 872 746 1192 1051 687 1832 1477 735 1261 858 1015 394 1086 278 1327 1423 117 1013 304 1281 868 668 1441 1367 1110 1145 1234 1207 1485 739 1728 1055 678 1845 606 793 1010
1210 1328 501 823 0 299 1441 1228 1548 854 561 1431 1230 4160 1052 1273 1107 919 1278 1175 1054 298 1318 1586 676 847 709 329 1362 1546 1209 1330 877 1248 298 1106 1234 1019 92 1339 1203 155 1979 1624 117 1408 1011 1168 812 1233 858 1475 1570 758 1160 721 1428 1021 413 1421 1362 1263 1298 1381 1187 1632 173 1875 1208 163 1992 475 940 1163
939 1056 364 552 299 0 1170 957 1276 582 289 1238 1020 3888 780 1063 835 648 1007 903 783 49 1135 1392 404 575 438 217 1151 1274 937 1058 605 977 345 835 963 747 244 1067 932 158 1708 1352 269 1137 739 896 540 961 587 1203 1299 486 889 450 1156 749 209 1317 1242 992 1026 1109 1082 1360 279 1604 937 218 1720 204 669 891
260 1799 1442 1294 1441 1170 0 1699 703 611 1099 659 353 2754 516 301 1578 1390 607 1646 1525 1162 546 814 1147 1318 1180 1295 215 701 1680 1801 686 222 1170 451 1705 449 1364 354 1674 1305 573 779 1353 564 1482 1639 1283 245 1329 429 165 1229 307 1192 55 1492 1287 728 215 1734 1769 127 493 787 1346 469 1679 1296 586 1225 633 1634
1468 305 1229 1075 1228 957 1699 0 1806 1111 886 1767 1549 4418 1310 1592 145 534 1536 468 191 948 1664 1921 928 1099 624 1082 1681 1804 412 119 1135 1506 957 1364 150 1277 1151 1597 385 1092 2237 1882 1140 1666 300 372 1064 1491 1110 1732 1828 1010 1418 973 1686 504 1073 1846 1772 467 502 1639 1612 1890 1144 2133 192 1083 2250 1011 1198 135
496 1905 1484 1401 1502 1276 703 1806 0 717 1206 296 462 3424 622 505 1684 1497 380 1752 1632 1268 274 450 1253 1424 1287 1313 593 179 1786 1908 793 495 1277 587 1812 556 1455 863 1781 1412 1244 96 1444 195 1588 1746 1389 474 1436 947 835 1335 543 1299 690 1598 1393 384 736 1841 1876 721 467 148 1350 1140 1786 1388 1257 1331 739 1741
380 1211 854 706 854 582 611 1111 717 0 511 679 461 3329 253 504 990 802 448 1058 937 574 576 833 559 730 592 707 592 715 1092 1213 188 418 582 276 1117 188 776 541 1087 717 1149 793 765 578 894 1051 695 402 742 644 740 641 330 604 597 904 699 758 683 1147 1181 550 523 801 769 1045 1091 708 1161 637 142 1046
868 985 561 481 561 289 1099 886 1206 511 0 1167 949 3817 709 992 764 577 936 832 712 281 1064 1321 333 504 367 414 1081 1203 866 988 535 906 289 764 892 676 483 997 861 424 1637 1281 472 1066 668 826 469 890 516 1132 1228 415 818 379 1086 678 406 1246 1171 921 956 1038 1011 1289 476 1533 866 415 1650 318 598 821
457 1866 1328 1362 1346 1238 659 1767 296 679 1167 0 336 3380 584 379 1645 1458 341 1714 1593 1229 148 185 1214 1385 1248 1157 467 293 1747 1869 754 456 1238 548 1773 517 1299 824 1742 1373 1200 372 1288 156 1549 1707 1350 435 1397 908 791 1296 504 1260 646 1559 1309 218 609 1802 1837 682 301 379 1194 1096 1747 1232 1213 1292 700 1702
239 1649 1157 1144 1174 1020 353 1549 462 461 949 336 0 3074 366 73 1428 1240 424 1496 1375 1012 222 490 997 1168 1030 985 161 459 1530 1651 536 238 1020 331 1555 299 1128 565 1524 1155 894 538 1117 322 1331 1489 1133 218 1179 640 485 1079 286 1042 340 1342 1137 404 303 1584 1619 414 169 545 1022 790 1529 1060 907 1075 483 1484
2954 4489 4133 3985 4132 3861 2727 4390 3397 3302 3790 3353 3047 0 3207 2994 4268 4081 3301 4337 4216 3853 3239 3507 3838 4008 3871 3986 2909 3395 4370 4492 3377 2916 3861 3142 4396 3140 4055 3044 4365 3996 2608 3473 4044 3257 4172 4330 3974 2938 4020 3120 2590 3920 3001 3883 2737 4182 3978 3421 2908 4425 4460 2772 3187 3481 4039 2875 4370 3987 2333 3915 3323 4325
284 1409 1052 905 1052 780 516 1310 622 253 709 584 366 3234 0 409 1188 1001 353 1256 1136 772 481 738 757 928 791 906 497 620 1290 1411 193 323 780 95 1316 149 974 310 1285 916 1054 698 963 483 1092 1249 893 307 940 468 645 839 235 803 502 1102 897 663 588 1345 1379 455 428 706 967 949 1290 906 1066 835 140 1244
283 1692 1200 1187 1218 1063 301 1592 505 504 992 379 73 3022 409 0 1471 1283 468 1539 1419 1055 265 533 1040 1211 1074 1028 108 503 1573 1694 579 282 1063 374 1598 342 1171 512 1568 1198 841 581 1160 365 1375 1532 1176 261 1223 587 432 1122 330 1085 287 1385 1180 447 251 1628 1662 361 213 589 1065 737 1572 1103 854 1118 526 1527
1346 410 1107 954 1107 835 1578 145 1684 990 764 1645 1428 4296 1188 1471 0 584 1414 346 69 827 1543 1800 806 977 502 960 1559 1682 291 246 1013 1385 835 1242 277 1155 1029 1475 285 970 2115 1760 1018 1544 427 250 942 1369 989 1611 1706 888 1296 852 1564 631 952 1725 1650 345 380 1517 1490 1768 1022 2011 290 961 2128 890 1076 262
1159 774 920 766 919 648 1390 534 1497 802 577 1458 1240 4108 1001 1283 584 0 1227 652 532 639 1355 1612 619 790 315 773 1372 1495 686 588 826 1197 648 1055 490 968 841 1288 681 783 1928 1573 831 1357 251 646 755 1182 801 1423 1519 701 1109 664 1377 199 764 1537 1462 741 776 1330 1303 1581 834 1824 661 774 1941 702 889 474
361 1635 1279 1131 1278 1007 607 1536 380 448 936 341 424 3328 353 468 1414 1227 0 1483 1362 998 320 496 983 1154 1017 1132 556 378 1516 1638 523 399 1007 317 1542 286 1200 593 1511 1142 1148 456 1190 241 1318 1476 1119 383 1166 686 739 1065 311 1029 594 1328 1123 430 680 1571 1606 592 487 464 1193 1044 1516 1133 1161 1061 469 1471
1415 452 1175 1022 1175 903 1646 468 1752 1058 832 1714 1496 4364 1256 1539 346 652 1483 0 294 895 1611 1868 874 1045 571 1029 1627 1750 301 455 1081 1453 903 1311 596 1223 1097 1543 328 1039 2184 1828 1086 1613 665 205 1010 1437 1057 1679 1775 956 1365 920 1632 754 1020 1793 1718 108 390 1585 1558 1836 1090 2080 333 1029 2196 958 1145 534
1294 357 1055 901 1054 783 1525 191 1632 937 712 1593 1375 4244 1136 1419 69 532 1362 294 0 775 1490 1748 754 925 450 908 1507 1630 238 292 961 1332 783 1190 323 1103 977 1423 233 918 2063 1708 966 1492 473 198 890 1317 937 1558 1654 836 1244 799 1512 633 900 1672 1598 293 328 1465 1438 1716 970 1959 238 909 2076 837 1024 308
930 1048 356 543 298 49 1162 948 1268 574 281 1229 1012 3880 772 1055 827 639 998 895 775 0 1127 1384 396 567 430 209 1143 1266 929 1050 597 969 344 826 954 739 243 1059 924 157 1699 1344 267 1129 731 888 532 953 579 1195 1291 478 881 441 1148 741 201 1309 1234 984 1018 1101 1074 1352 271 1595 928 210 1712 196 661 883
355 1764 1245 1259 1262 1135 546 1664 274 576 1064 148 222 3267 481 265 1543 1355 320 1611 1490 1127 0 303 1112 1283 1145 1073 354 272 1645 1766 651 354 1135 446 1670 414 1216 721 1640 1270 1086 350 1205 134 1447 1604 1248 333 1295 805 677 1194 402 1157 532 1457 1225 236 496 1700 1734 579 257 358 1110 982 1644 1148 1099 1190 598 1599
612 2021 1483 1516 1500 1392 814 1921 450 833 1321 185 490 3535 738 533 1800 1612 496 1868 1748 1384 303 0 1369 1540 1403 1311 622 448 1902 2023 908 611 1392 703 1927 671 1454 979 1897 1527 1354 526 1443 311 1704 1861 1505 590 1552 1062 946 1451 659 1414 801 1714 1463 302 764 1957 1991 836 455 534 1348 1250 1901 1386 1367 1447 855 1856
915 1027 676 166 676 404 1147 928 1253 559 333 1214 997 3865 757 1040 806 619 983 874 754 396 1112 1369 0 282 326 530 1128 1251 908 1030 582 954 404 812 934 724 598 1044 903 539 1684 1329 587 1114 710 868 247 938 294 1180 1276 101 866 156 1133 720 521 1294 1219 963 998 1086 1059 1337 591 1580 908 530 1697 459 646 863
1086 1198 847 291 847 575 1318 1099 1424 730 504 1385 1168 4036 928 1211 977 790 1154 1045 925 567 1283 1540 282 0 497 700 1299 1422 1079 1201 753 1125 575 982 1105 895 769 1215 1074 710 1855 1500 758 1285 881 1039 335 1109 49 1351 1447 364 1037 245 1304 891 692 1465 1390 1134 1169 1257 1230 1508 762 1751 1079 701 1868 630 816 1034
949 723 710 473 709 438 1180 624 1287 592 367 1248 1030 3899 791 1074 502 315 1017 571 450 430 1145 1403 326 497 0 563 1162 1285 604 726 616 987 438 845 630 758 632 1078 599 573 1718 1363 621 1147 406 564 462 972 508 1213 1309 408 899 371 1167 416 555 1327 1253 659 694 1120 1093 1371 625 1614 604 564 1731 492 679 559
1064 1181 187 677 329 217 1295 1082 1369 707 414 1242 1041 4014 906 1084 960 773 1132 1029 908 209 1129 1397 530 700 563 0 1173 1366 1062 1184 731 1102 485 960 1088 873 258 1193 1057 344 1833 1444 247 1229 864 1022 665 1087 712 1328 1424 612 1014 575 1282 874 181 1232 1173 1117 1152 1235 998 1452 177 1729 1062 190 1846 329 794 1017
333 1780 1288 1276 1306 1151 215 1681 593 592 1081 467 161 2936 497 108 1559 1372 556 1627 1507 1143 354 622 1128 1299 1162 1117 0 591 1661 1783 668 295 1152 462 1687 431 1259 427 1656 1287 756 669 1248 454 1463 1621 1264 318 1311 502 347 1210 380 1174 202 1473 1268 535 165 1716 1751 276 301 677 1154 652 1661 1192 769 1206 614 1616
494 1903 1482 1399 1500 1274 701 1804 179 715 1203 293 459 3422 620 503 1682 1495 378 1750 1630 1266 272 448 1251 1422 1285 1311 591 0 1784 1905 790 493 1274 585 1810 554 1453 861 1779 1410 1242 103 1442 163 1586 1743 1387 472 1434 944 833 1333 541 1297 688 1596 1391 382 733 1839 1873 718 465 225 1347 1137 1784 1385 1254 1329 737 1738
1448 397 1209 1056 1209 937 1680 412 1786 1092 866 1747 1530 4398 1290 1573 291 686 1516 301 238 929 1645 1902 908 1079 604 1062 1661 1784 0 399 1115 1487 937 1344 541 1257 1131 1577 273 1072 2217 1862 1120 1646 691 121 1044 1471 1091 1713 1808 990 1399 954 1666 787 1054 1827 1752 216 114 1619 1592 1870 1124 2113 277 1063 2230 992 1178 478
1570 248 1331 1177 1330 1058 1801 119 1908 1213 988 1869 1651 4519 1411 1694 246 588 1638 455 292 1050 1766 2023 1030 1201 726 1184 1783 1905 399 0 1237 1608 1058 1466 203 1378 1252 1699 328 1194 2339 1983 1241 1768 353 359 1166 1592 1212 1834 1930 1112 1520 1075 1788 557 1175 1948 1873 454 489 1740 1714 1991 1245 2235 135 1185 2352 1113 1300 188
455 1234 878 730 877 605 686 1135 793 188 535 754 536 3404 193 579 1013 826 523 1081 961 597 651 908 582 753 616 731 668 790 1115 1237 0 493 605 265 1141 274 799 481 1110 741 1224 869 788 653 917 1075 718 477 765 639 815 664 405 628 673 927 722 833 758 1170 1205 625 599 876 792 1120 1115 732 1237 660 82 1070
52 1606 1249 1101 1248 977 222 1506 495 418 906 456 238 2943 323 282 1385 1197 399 1453 1332 969 354 611 954 1125 987 1102 295 493 1487 1608 493 0 977 288 1512 256 1171 390 1482 1112 763 571 1160 355 1289 1446 1090 37 1136 466 354 1036 99 999 209 1299 1094 536 295 1541 1576 240 301 579 1154 659 1486 1103 776 1032 440 1441
939 1056 632 552 298 345 1170 957 1277 582 289 1238 1020 3888 780 1063 835 648 1007 903 783 344 1135 1392 404 575 438 485 1152 1274 937 1058 605 977 0 835 963 747 243 1067 932 202 1708 1352 268 1137 739 897 540 961 587 1203 1299 486 889 450 1156 749 477 1317 1242 992 1027 1109 1082 1360 449 1604 937 315 1721 415 669 891
249 1463 1107 959 1106 835 451 1364 587 276 764 548 331 3169 95 374 1242 1055 317 1311 1190 826 446 703 812 982 845 960 462 585 1344 1466 265 288 835 0 1370 114 1029 298 1339 970 989 663 1018 448 1146 1304 947 272 994 456 580 894 200 857 437 1156 951 628 523 1399 1434 390 393 671 1022 884 1344 961 1001 889 212 1299
1474 389 1235 1081 1234 963 1705 150 1812 1117 892 1773 1555 4424 1316 1598 277 490 1542 596 323 954 1670 1927 934 1105 630 1088 1687 1810 541 203 1141 1512 963 1370 0 1283 1157 1603 469 1098 2243 1888 1146 1672 256 500 1070 1497 1116 1738 1834 1016 1424 979 1692 460 1079 1852 1778 595 630 1645 1618 1896 1150 2139 277 1089 2256 1017 1204 90
218 1376 1019 872 1019 747 449 1277 556 188 676 517 299 3168 149 342 1155 968 286 1223 1103 739 414 671 724 895 758 873 431 554 1257 1378 274 256 747 114 1283 0 941 390 1252 883 987 632 930 416 1059 1217 860 241 907 482 578 806 168 770 436 1069 864 596 522 1312 1347 389 362 640 934 883 1257 873 1000 802 228 1212
1132 1250 429 746 92 244 1364 1151 1470 776 483 1385 1183 4082 974 1227 1029 841 1200 1097 977 243 1271 1539 598 769 632 258 1315 1468 1131 1252 799 1171 243 1029 1157 941 0 1261 1126 100 1902 1546 62 1331 933 1090 734 1155 781 1397 1493 680 1083 643 1350 943 336 1375 1316 1186 1220 1303 1140 1554 243 1797 1131 85 1914 398 863 1085
428 1696 1340 1192 1339 1067 354 1597 866 541 997 827 565 3072 310 512 1475 1288 596 1543 1423 1059 725 982 1044 1215 1078 1193 427 864 1577 1699 481 390 1067 301 1603 393 1261 0 1572 1203 891 942 1250 727 1379 1537 1180 413 1227 262 482 1126 475 1090 340 1389 1184 907 426 1632 1667 293 672 950 1254 787 1577 1194 904 1122 427 1532
1443 325 1204 1051 1203 932 1674 385 1781 1087 861 1742 1524 4393 1285 1568 285 681 1511 328 233 924 1640 1897 903 1074 599 1057 1656 1779 273 328 1110 1482 932 1339 469 1252 1126 1572 0 1067 2212 1857 1115 1641 619 232 1039 1466 1086 1708 1803 985 1393 949 1661 782 1049 1821 1747 327 362 1614 1587 1865 1119 2108 206 1058 2225 987 1173 453
1074 1191 499 687 155 158 1305 1092 1412 717 424 1373 1155 4024 916 1198 970 783 1142 1039 918 157 1270 1527 539 710 573 344 1287 1410 1072 1194 741 1112 202 970 1098 883 100 1203 1067 0 1843 1488 125 1272 874 1032 675 1097 722 1338 1434 622 1024 585 1292 884 344 1452 1377 1127 1162 1245 1218 1496 306 1739 1072 172 1856 339 804 1027
801 2336 1980 1832 1979 1708 573 2237 1244 1149 1637 1200 894 2635 1054 841 2115 1928 1148 2184 2063 1699 1086 1354 1684 1855 1718 1833 756 1242 2217 2339 1224 763 1708 989 2243 987 1902 891 2212 1843 0 1320 1891 1104 2019 2177 1820 785 1867 967 437 1767 847 1730 584 2029 1824 1268 755 2272 2307 619 1034 1328 1886 721 2217 1834 467 1762 1170 2172
572 1981 1560 1477 1578 1352 779 1882 96 793 1281 372 538 3500 698 581 1760 1573 456 1828 1708 1344 350 526 1329 1500 1363 1389 669 103 1862 1983 869 571 1352 663 1888 632 1531 939 1857 1488 1320 0 1520 242 1664 1822 1465 550 1512 1023 911 1411 619 1375 766 1674 1469 460 811 1917 1952 796 543 141 1425 1216 1862 1463 1333 1407 815 1817
1121 1239 418 735 117 269 1353 1140 1459 765 472 1374 1172 4071 963 1216 1018 831 1190 1086 966 267 1260 1528 587 758 621 247 1304 1457 1120 1241 788 1160 268 1018 1146 930 62 1250 1115 125 1891 1535 0 1320 922 1079 723 1144 770 1386 1482 669 1072 633 1339 932 325 1364 1305 1175 1209 1292 1129 1543 268 1786 1120 75 1903 387 852 1074
356 1766 1345 1261 1362 1137 564 1666 195 578 1066 156 322 3285 483 365 1544 1357 241 1613 1492 1129 134 311 1114 1285 1147 1173 454 163 1646 1768 653 355 1137 448 1672 416 1316 723 1641 1272 1104 242 1305 0 1448 1606 1250 335 1296 807 695 1196 403 1159 550 1459 1254 244 596 1701 1736 581 327 279 1210 1000 1646 1248 1117 1192 600 1601
1250 539 1011 858 1011 739 1482 300 1588 894 668 1549 1331 4200 1092 1375 427 251 1318 665 473 731 1447 1704 710 881 406 864 1463 1586 691 353 917 1289 739 1146 256 1059 933 1379 619 874 2019 1664 922 1448 0 650 846 1273 893 1515 1610 792 1200 756 1468 221 856 1629 1554 745 780 1421 1394 1672 926 1915 427 865 2032 794 980 240
1408 356 1169 1015 1168 896 1639 372 1746 1051 826 1707 1489 4357 1249 1532 250 646 1476 205 198 888 1604 1861 868 1039 564 1022 1621 1743 121 359 1075 1446 897 1304 500 1217 1090 1537 232 1032 2177 1822 1079 1606 650 0 1004 1430 1050 1672 1768 950 1358 913 1626 747 1013 1786 1711 120 211 1578 1552 1830 1083 2073 237 1023 2190 951 1138 438
1051 1163 812 394 812 540 1283 1064 1389 695 469 1350 1133 4001 893 1176 942 755 1119 1010 890 532 1248 1505 247 335 462 665 1264 1387 1044 1166 718 1090 540 947 1070 860 734 1180 1039 675 1820 1465 723 1250 846 1004 0 1074 347 1316 1412 329 1002 115 1269 856 657 1430 1355 1099 1134 1222 1195 1473 727 1716 1044 666 1833 595 782 999
38 1590 1233 1086 1233 961 245 1491 474 402 890 435 218 2966 307 261 1369 1182 383 1437 1317 953 333 590 938 1109 972 1087 318 472 1471 1592 477 37 961 272 1497 241 1155 413 1466 1097 785 550 1144 335 1273 1430 1074 0 1121 488 376 1020 84 984 231 1283 1078 515 317 1526 1560 262 280 558 1133 681 1471 1087 798 1016 424 1425
1098 1210 859 278 858 587 1329 1110 1436 742 516 1397 1179 4048 940 1223 989 801 1166 1057 937 579 1295 1552 294 49 508 712 1311 1434 1091 1212 765 1136 587 994 1116 907 781 1227 1086 722 1867 1512 770 1296 893 1050 347 1121 0 1362 1458 363 1048 256 1316 903 704 1476 1402 1146 1180 1269 1242 1520 774 1763 1090 713 1880 642 828 1045
458 1727 1370 1222 1369 1098 384 1627 897 571 1027 858 595 3102 341 542 1506 1318 627 1574 1453 1090 755 1012 1075 1246 1108 1223 457 894 1608 1729 511 421 1098 331 1633 423 1292 123 1602 1233 922 973 1281 757 1409 1567 1211 443 1257 0 513 1157 505 1120 371 1420 1215 937 456 1662 1697 323 703 980 1285 818 1607 1224 935 1153 458 1562
392 1928 1571 1423 1570 1299 165 1828 835 740 1228 791 485 2618 645 432 1706 1519 739 1775 1654 1291 677 946 1276 1447 1309 1424 347 833 1808 1930 815 354 1299 580 1834 578 1493 482 1803 1434 437 911 1482 695 1610 1768 1412 376 1458 558 0 1358 439 1321 176 1621 1416 859 346 1863 1898 210 625 919 1477 333 1808 1425 450 1354 762 1763
997 1109 758 117 758 486 1229 1010 1335 641 415 1296 1079 3947 839 1122 888 701 1065 956 836 478 1194 1451 101 364 408 612 1210 1333 990 1112 664 1036 486 894 1016 806 680 1126 985 622 1767 1411 669 1196 792 950 329 1020 363 1262 1358 0 948 238 1215 802 603 1376 1301 1045 1080 1168 1141 1419 673 1662 990 612 1779 541 728 945
60 1518 1161 1013 1160 889 307 1418 543 330 818 504 286 3028 235 330 1296 1109 311 1365 1244 881 402 659 866 1037 899 1014 380 541 1399 1520 405 99 889 200 1424 168 1083 475 1393 1024 847 619 1072 403 1200 1358 1002 84 1048 550 439 948 0 911 294 1211 1006 583 379 1453 1488 324 349 627 1076 743 1398 1015 860 944 352 1353
961 1073 722 304 721 450 1192 973 1299 604 379 1260 1042 3911 803 1085 852 664 1029 920 799 441 1157 1414 156 245 371 575 1174 1297 954 1075 628 999 450 857 979 770 643 1090 949 585 1730 1375 633 1159 756 913 115 984 256 1225 1321 238 911 0 1179 766 566 1339 1264 1008 1043 1132 1105 1383 636 1626 953 576 1743 504 691 908
247 1785 1429 1281 1428 1156 55 1686 690 597 1086 646 340 2765 502 287 1564 1377 594 1632 1512 1148 532 801 1133 1304 1167 1282 202 688 1666 1788 673 209 1156 437 1692 436 1350 340 1661 1292 584 766 1339 550 1468 1626 1269 231 1316 416 176 1215 294 1179 0 1478 1273 714 201 1721 1756 138 480 774 1332 480 1666 1283 597 1211 619 1621
1260 743 1021 868 1021 749 1492 504 1598 904 678 1559 1342 4210 1102 1385 631 199 1328 754 633 741 1457 1714 720 891 416 874 1473 1596 787 557 927 1299 749 1156 460 1069 943 1389 782 884 2029 1674 932 1459 221 747 856 1283 903 1525 1621 802 1211 766 1478 0 866 1639 1564 842 877 1431 1404 1682 936 1925 631 875 2042 804 990 444
1055 1173 171 668 413 209 1287 1073 1393 699 406 1354 1137 4005 897 1180 952 764 1123 1020 900 201 1252 1509 521 692 555 181 1268 1391 1054 1175 722 1094 477 951 1079 864 336 1184 1049 344 1824 1469 325 1254 856 1013 657 1078 704 1320 1416 603 1006 566 1273 866 0 1384 1325 1109 1143 1226 1149 1477 329 1720 1053 268 1837 213 786 1008
545 1955 1281 1450 1298 1211 748 1855 384 767 1255 218 424 3469 672 467 1734 1546 430 1802 1681 1203 236 302 1303 1474 1336 1109 555 382 1836 1957 842 545 1326 637 1861 605 1252 912 1830 1338 1288 460 1241 244 1638 1795 1439 524 1485 996 879 1385 592 1348 734 1648 1261 0 616 1890 1925 770 253 468 1146 1184 1835 1184 1301 1323 789 1790
332 1871 1357 1367 1374 1242 215 1772 736 683 1171 609 303 2936 588 251 1650 1462 680 1718 1598 1234 496 764 1219 1390 1253 1185 165 733 1752 1873 758 295 1242 523 1778 522 1328 426 1747 1377 755 811 1317 596 1554 1711 1355 317 1402 501 346 1301 379 1264 201 1564 1337 604 0 1807 1841 275 369 819 1222 651 1752 1260 768 1297 705 1706
1503 452 1264 1110 1263 992 1734 467 1841 1147 921 1802 1584 4453 1345 1628 345 741 1571 108 293 984 1700 1957 963 1134 659 1117 1716 1839 216 454 1170 1541 992 1399 595 1312 1186 1632 327 1127 2272 1917 1175 1701 745 120 1099 1526 1146 1767 1863 1045 1453 1008 1721 842 1109 1881 1807 0 306 1674 1647 1925 1179 2168 332 1118 2285 1047 1233 533
1538 486 1299 1145 1298 1026 1769 502 1876 1181 956 1837 1619 4487 1379 1662 380 776 1606 390 328 1018 1734 1991 998 1169 694 1152 1751 1873 114 489 1205 1576 1027 1434 630 1347 1220 1667 362 1162 2307 1952 1209 1736 780 211 1134 1560 1180 1802 1898 1080 1488 1043 1756 877 1143 1916 1841 306 0 1708 1682 1960 1213 2203 367 1153 2320 1081 1268 568
277 1738 1381 1234 1381 1109 127 1639 721 550 1038 682 414 2800 455 361 1517 1330 592 1585 1465 1101 579 836 1086 1257 1120 1235 276 718 1619 1740 625 240 1109 390 1645 389 1303 293 1614 1245 619 796 1292 581 1421 1578 1222 262 1269 368 210 1168 324 1132 138 1431 1226 761 275 1674 1708 0 527 804 1296 515 1619 1235 632 1164 572 1573
382 1791 1046 1286 1064 976 561 1691 467 603 1091 301 249 3282 508 292 1570 1382 513 1638 1517 968 319 455 1139 1310 1172 875 381 465 1672 1793 678 381 1162 473 1697 441 1017 748 1667 1103 1101 543 1006 327 1474 1631 1275 360 1321 832 692 1221 428 1184 547 1484 1026 253 381 1726 1761 606 0 551 911 997 1671 949 1114 1088 625 1626
580 1989 1568 1485 1586 1360 787 1890 148 801 1289 379 545 3508 706 589 1768 1581 464 1836 1716 1352 358 534 1337 1508 1371 1397 677 225 1870 1991 876 579 1360 671 1896 640 1539 947 1865 1496 1328 141 1528 279 1672 1830 1473 558 1520 1031 919 1419 627 1383 774 1682 1477 468 819 1925 1960 804 551 0 1433 1224 1870 1471 1340 1415 823 1824
1125 1243 348 739 173 279 1357 1144 1405 769 476 1279 1078 4075 967 1121 1022 834 1193 1090 970 271 1165 1434 591 762 625 177 1209 1403 1124 1245 792 1164 449 1022 1150 934 243 1254 1119 306 1895 1481 268 1265 926 1083 727 1148 774 1390 1486 673 1076 636 1343 936 329 1269 1210 1179 1213 1296 1034 1489 0 1790 1124 252 1907 391 856 1078
697 2232 1876 1728 1875 1604 469 2133 1140 1045 1533 1096 790 2902 949 737 2011 1824 1044 2080 1959 1595 982 1250 1580 1751 1614 1729 652 1137 2113 2235 1120 659 1604 884 2139 883 1797 787 2108 1739 721 1216 1786 1000 1915 2073 1716 681 1763 863 333 1662 743 1626 480 1925 1720 1164 651 2168 2203 515 930 1224 1782 0 2113 1730 734 1658 1066 2068
1448 164 1209 1055 1208 937 1679 192 1786 1091 866 1747 1529 4398 1290 1572 290 661 1516 333 238 928 1644 1901 908 1079 604 1062 1661 1784 277 135 1115 1486 937 1344 277 1257 1131 1577 206 1072 2217 1862 1120 1646 427 237 1044 1471 1090 1712 1808 990 1398 953 1666 631 1053 1826 1752 332 367 1619 1592 1870 1124 2113 0 1063 2230 991 1178 261
1065 1182 362 678 163 218 1296 1083 1403 708 415 1317 1116 4014 906 1159 961 774 1133 1029 909 210 1204 1472 530 701 564 190 1247 1400 1063 1185 732 1103 315 961 1089 873 85 1194 1058 172 1834 1478 75 1263 865 1023 666 1087 713 1329 1425 612 1015 576 1283 875 268 1307 1248 1118 1153 1235 1072 1486 252 1730 1063 0 1847 330 795 1018
817 2353 1996 1849 1996 1724 590 2254 1261 1165 1653 1217 911 2354 1070 858 2132 1945 1164 2200 2080 1716 1103 1371 1701 1872 1735 1850 773 1258 2234 2355 1240 779 1724 1005 2260 1004 1918 908 2229 1860 471 1336 1907 1121 2036 2194 1837 802 1884 983 454 1783 864 1747 601 2046 1841 1285 772 2289 2324 636 1050 1344 1903 738 2234 1850 0 1779 1187 2188
993 1111 368 606 475 204 1225 1011 1331 637 318 1292 1075 3943 835 1118 890 702 1061 958 837 196 1190 1447 459 630 492 329 1206 1329 992 1113 660 1032 415 889 1017 802 398 1122 987 339 1762 1407 387 1192 794 951 595 1016 642 1258 1354 541 944 504 1211 804 213 1372 1297 1047 1081 1164 1137 1415 391 1658 991 330 1775 0 723 946
401 1297 941 793 940 669 633 1198 739 142 598 700 483 3351 140 526 1076 889 469 1145 1024 661 598 855 646 816 679 794 614 737 1178 1300 82 440 669 212 1204 228 863 427 1173 804 1170 815 852 600 980 1138 782 424 828 585 762 728 352 691 619 990 786 780 705 1233 1268 572 545 823 856 1066 1178 795 1183 723 0 1133
1403 374 1164 1010 1163 891 1634 135 1741 1046 821 1702 1484 4352 1244 1527 262 474 1471 534 308 883 1599 1856 863 1034 559 1017 1616 1738 478 188 1070 1441 891 1299 90 1212 1085 1532 453 1027 2172 1817 1074 1601 240 438 999 1425 1045 1667 1763 945 1353 908 1621 444 1008 1781 1706 533 568 1573 1547 1824 1078 2068 261 1018 2185 946 1133 0
EOF