NAME : tsp_problem
TYPE : TSP
DIMENSION : 26
EDGE_WEIGHT_TYPE : EXPLICIT
EDGE_WEIGHT_FORMAT : FULL_MATRIX
EDGE_WEIGHT_SECTION
0 1035 615 417 948 967 1618 98 939 1528 955 301 1390 505 1118 1007 991 1523 1397 1123 1060 3174 1470 1218 190 376
1091 0 1363 1195 380 341 1221 1170 1939 1131 1954 1360 993 913 344 332 192 1126 1000 726 663 4174 1073 822 1033 1007
615 1349 0 650 1102 1121 1772 546 987 1682 1003 425 1544 581 1457 1161 1231 1677 1550 1277 1214 3222 1624 1372 487 452
417 1195 664 0 947 967 1618 496 1196 1528 1212 632 1390 504 1303 1007 1077 1523 1396 1122 1060 3432 1470 1218 272 376
948 380 1116 947 0 152 974 1026 1691 883 1707 1129 746 665 487 191 261 879 752 478 415 3926 826 574 785 760
967 341 1135 967 152 0 993 1046 1711 903 1726 1149 765 685 448 152 222 898 772 498 435 3946 845 593 805 779
1618 1221 1786 1618 974 993 0 1697 2362 385 2377 1800 461 1336 1329 1033 1103 469 377 1143 1083 4597 327 483 1456 1430
98 1114 546 496 1026 1046 1697 0 871 1606 886 232 1469 583 1197 1086 1070 1602 1475 1201 1139 3106 1549 1297 268 454
939 1939 987 1196 1691 1711 2362 871 0 2271 561 750 2134 1248 2038 1750 1821 2267 2140 1866 1803 2781 2214 1962 980 1119
1528 1131 1696 1528 883 903 385 1606 2271 0 2287 1709 641 1245 1239 942 1012 259 245 1052 992 4506 121 393 1365 1340
959 1958 1007 1216 1711 1730 2381 890 565 2291 0 769 2153 1268 2058 1770 1840 2286 2159 1886 1823 2502 2233 1981 1000 1139
301 1317 425 632 1129 1149 1800 232 750 1709 765 0 1572 686 1400 1188 1258 1705 1578 1304 1241 2985 1652 1400 415 557
1390 993 1558 1390 746 765 461 1469 2134 641 2149 1572 0 1108 1101 805 875 645 518 915 855 4369 583 382 1228 1202
505 913 581 504 665 685 1336 583 1248 1245 1264 686 1108 0 1020 724 794 1241 1114 840 777 3483 1188 936 342 150
1174 344 1471 1303 487 448 1329 1253 2047 1239 2062 1443 1101 1020 0 439 299 1234 1107 833 771 4282 1181 929 1141 1115
1007 332 1175 1007 191 152 1033 1086 1750 942 1766 1188 805 724 439 0 213 938 811 537 475 3985 885 633 844 819
1047 192 1245 1077 261 222 1103 1125 1821 1012 1836 1258 875 794 299 213 0 1008 881 607 545 4056 955 703 915 889
1523 1126 1691 1523 879 898 469 1602 2267 259 2282 1705 645 1241 1234 938 1008 0 148 1048 988 4502 322 388 1361 1335
1397 1000 1564 1396 752 772 377 1475 2140 245 2156 1578 518 1114 1107 811 881 148 0 921 861 4375 229 262 1234 1208
1123 726 1291 1122 478 498 1143 1201 1866 1052 1882 1304 915 840 833 537 607 1048 921 0 200 4101 995 743 960 935
1060 663 1228 1060 415 435 1083 1139 1803 992 1819 1241 855 777 771 475 545 988 861 200 0 4039 935 683 898 872
3147 4147 3195 3404 3899 3918 4569 3078 2753 4479 2481 2957 4341 3456 4246 3958 4028 4474 4348 4074 4011 0 4421 4170 3188 3327
1470 1073 1638 1470 826 845 327 1549 2214 121 2229 1652 583 1188 1181 885 955 322 229 995 935 4449 0 336 1308 1282
1218 822 1386 1218 574 593 483 1297 1962 393 1977 1400 382 936 929 633 703 388 262 743 683 4197 336 0 1056 1030
190 1033 501 272 785 805 1456 268 980 1365 996 415 1228 342 1141 844 915 1361 1234 960 898 3215 1308 1056 0 213
376 1007 452 376 760 779 1430 454 1119 1340 1135 557 1202 150 1115 819 889 1335 1208 935 872 3354 1282 1030 213 0
EOF