NAME : tsp_problem
TYPE : TSP
DIMENSION : 22
EDGE_WEIGHT_TYPE : EXPLICIT
EDGE_WEIGHT_FORMAT : FULL_MATRIX
EDGE_WEIGHT_SECTION
0 384 1119 1253 1249 296 1447 256 1579 1515 441 635 1110 706 478 1141 810 1104 1198 1225 1163 1197
384 0 1193 1328 1323 643 1522 148 1654 1590 516 545 1185 780 353 1265 473 1228 1322 1300 1288 1272
1119 1193 0 580 569 1279 768 1088 900 836 703 954 72 724 900 654 1241 618 637 552 677 524
1253 1328 580 0 710 1414 908 1222 1040 976 837 1088 571 858 1035 440 1376 403 106 70 463 67
1249 1323 569 710 0 1409 309 1218 473 409 833 1084 561 854 1030 784 1371 748 767 682 807 654
296 643 1279 1414 1409 0 1608 514 1739 1675 602 795 1271 866 638 1399 970 1362 1456 1386 1422 1358
1447 1522 768 908 309 1608 0 1416 623 559 1031 1282 760 1052 1229 983 1570 946 966 880 1005 852
256 148 1088 1222 1218 514 1416 0 1548 1484 410 604 1079 674 446 1137 601 1100 1194 1194 1159 1166
1579 1654 900 1040 473 1739 623 1548 0 133 1163 1414 891 1184 1361 1115 1702 1078 1098 1012 1137 984
1515 1590 836 976 409 1675 559 1484 133 0 1099 1350 828 1120 1297 1051 1638 1014 1034 948 1073 920
441 516 703 837 833 602 1031 410 1163 1099 0 380 695 386 223 912 564 875 895 809 935 782
635 548 954 1088 1084 795 1282 604 1414 1350 380 0 945 345 417 1163 471 1126 1146 1060 1185 1032
1110 1185 72 571 561 1271 760 1079 891 828 695 945 0 715 892 646 1233 609 629 543 669 515
706 780 724 858 854 866 1052 674 1184 1120 386 345 715 0 487 933 737 896 916 830 955 802
478 353 900 1035 1030 638 1229 446 1361 1297 223 204 892 456 0 1110 401 1073 1093 1007 1132 979
1196 1321 654 440 784 1455 983 1193 1115 1051 912 1163 646 933 1110 0 1451 79 358 425 46 398
801 469 1177 1312 1307 961 1506 597 1638 1574 546 385 1169 650 338 1387 0 1350 1370 1284 1409 1256
1159 1284 618 403 748 1418 946 1156 1078 1014 875 1126 609 896 1073 79 1414 0 321 389 75 361
1253 1378 637 106 767 1471 966 1249 1098 1034 895 1146 629 916 1093 358 1434 321 0 123 381 147
1225 1300 552 70 682 1386 880 1194 1012 948 809 1060 543 830 1007 425 1348 389 123 0 448 39
1219 1343 677 463 807 1477 1005 1215 1137 1073 935 1185 669 955 1132 46 1473 75 381 448 0 420
1197 1272 524 67 654 1358 852 1166 984 920 782 1032 515 802 979 398 1320 361 147 39 420 0
EOF