NAME : tsp_problem
TYPE : TSP
DIMENSION : 26
EDGE_WEIGHT_TYPE : EXPLICIT
EDGE_WEIGHT_FORMAT : FULL_MATRIX
EDGE_WEIGHT_SECTION
0 1105 1143 1604 1737 1656 995 1026 1015 1236 963 80 1349 997 1392 1300 1339 1424 1111 31 288 1415 1729 1112 913 189
1105 0 941 1401 1353 1436 792 142 813 1528 171 1163 1641 214 1190 1098 1098 1716 909 1114 1008 1707 1345 57 710 1164
1143 941 0 646 1573 699 558 862 166 1566 799 1201 1679 834 435 481 520 1754 291 1152 1046 1745 1565 948 254 1203
1604 1401 646 0 1837 82 843 1323 627 2027 1260 1662 2140 1294 371 646 384 2215 653 1613 1507 2206 1829 1409 715 1664
1208 824 1044 1304 0 1298 896 745 916 1631 735 1267 1744 717 1293 1163 960 1820 1012 1217 1111 1810 1172 832 814 1268
1656 1453 699 82 1832 0 838 1375 679 2079 1312 1714 2192 1346 423 641 379 2267 648 1665 1559 2258 1824 1461 767 1716
995 792 558 843 1425 838 0 714 429 1418 651 1053 1531 685 807 461 500 1606 348 1004 898 1597 1417 800 330 1055
1026 142 862 1323 1275 1357 714 0 734 1449 92 1084 1562 135 1111 1019 1019 1637 830 1035 929 1628 1267 150 631 1086
1015 813 166 627 1445 679 429 734 0 1438 671 1073 1551 705 415 353 392 1626 163 1024 918 1617 1437 820 126 1075
1236 1528 1566 2027 1363 2079 1418 1449 1438 0 1386 1294 1772 1420 1815 1723 1762 1847 1534 1245 1139 1838 1355 1535 1335 1295
963 171 799 1260 1264 1312 651 92 671 1386 0 1022 1500 125 1048 957 996 1575 767 972 866 1566 1256 178 569 1023
80 1163 1201 1662 1796 1714 1053 1084 1073 1294 1022 0 1407 1056 1451 1359 1398 1483 1169 89 346 1473 1788 1171 971 196
1349 1641 1679 2140 2274 2192 1531 1562 1551 1772 1500 1407 0 1534 1928 1836 1875 236 1647 1358 1252 93 2266 1649 1449 1409
997 214 834 1294 1246 1329 685 135 705 1420 125 1056 1534 0 1083 991 991 1609 802 1007 901 1600 1238 222 603 1057
1392 1190 435 371 1822 423 807 1111 415 1815 1048 1451 1928 1083 0 730 653 2003 540 1401 1295 1994 1815 1197 503 1452
1300 1098 481 646 1696 641 461 1019 353 1723 957 1359 1836 991 730 0 303 1912 271 1309 1203 1902 1688 1106 413 1360
1339 1137 520 384 1494 379 500 1058 392 1762 996 1398 1875 1030 653 303 0 1951 310 1348 1242 1941 1486 1144 452 1399
1589 2352 2390 2851 2985 2903 2242 2273 2262 2483 2211 1521 2596 2245 2639 2548 2587 0 2358 1590 1467 2662 2977 2360 2160 1596
1111 909 291 653 1541 648 348 830 163 1534 767 1169 1647 802 540 271 310 1722 0 1120 1014 1713 1533 916 222 1171
31 1114 1152 1613 1746 1665 1004 1035 1024 1245 972 89 1358 1007 1401 1309 1348 1433 1120 0 297 1424 1738 1121 922 198
288 1008 1046 1507 1640 1559 898 929 918 1139 866 346 1252 901 1295 1203 1242 1327 1014 297 0 1318 1633 1015 816 347
1415 1707 1745 2206 2340 2258 1597 1628 1617 1838 1566 1473 93 1600 1994 1902 1941 302 1713 1424 1318 0 2332 1715 1515 1475
1206 822 1042 1301 1178 1296 894 743 914 1629 733 1264 1742 715 1291 1160 958 1817 1010 1215 1109 1808 0 830 812 1266
1112 57 948 1409 1361 1444 800 150 820 1535 178 1171 1649 222 1197 1106 1106 1724 916 1121 1015 1715 1353 0 718 1172
913 710 254 715 1343 767 330 631 126 1335 569 971 1449 603 503 413 452 1524 222 922 816 1515 1335 718 0 972
189 1164 1203 1664 1797 1716 1055 1086 1075 1295 1023 196 1409 1057 1452 1360 1399 1484 1171 198 347 1475 1789 1172 972 0
EOF