NAME : tsp_problem
TYPE : TSP
DIMENSION : 58
EDGE_WEIGHT_TYPE : EXPLICIT
EDGE_WEIGHT_FORMAT : FULL_MATRIX
EDGE_WEIGHT_SECTION
0 865 1556 1659 1795 789 877 1408 1869 1578 748 1963 1751 1381 213 1402 1483 1646 1556 1617 1430 1421 2213 1555 1251 1806 1666 2341 1858 1552 1841 505 433 253 989 1637 1466 1709 752 1800 1382 1522 2195 2055 148 1401 642 1507 2105 1445 1812 1516 1864 1637 120 495 1302 1557
865 0 953 1056 1193 355 149 806 1267 976 314 1360 1149 779 749 800 880 1044 953 1015 827 819 1611 953 649 1203 1064 1738 1256 949 1238 390 790 789 144 1035 864 1107 166 1197 779 919 1592 1453 928 799 259 1095 1502 843 1210 914 1261 1034 950 400 700 954
1556 953 0 348 409 1046 965 283 1504 1213 1005 830 365 522 1439 1037 623 260 48 1252 1064 561 826 48 391 419 807 1481 471 692 1476 1080 1481 1479 1077 251 1101 1344 857 413 522 662 808 879 1618 541 950 1332 718 585 1447 657 477 250 1641 1091 937 49
1659 1056 348 0 206 1149 1068 282 1607 1316 1108 550 162 625 1543 1140 726 270 348 1355 1168 664 624 348 494 216 910 1584 269 795 1579 1184 1584 1583 1181 139 1204 1447 960 210 625 765 605 642 1722 644 1053 1435 515 689 1550 760 274 261 1744 1194 1040 349
1795 1193 409 206 0 1286 1205 420 1743 1453 1245 688 102 762 1679 1277 863 331 409 1492 1304 801 564 409 631 69 1047 1687 114 932 1715 1320 1721 1719 1317 200 1341 1584 1097 61 762 902 545 617 1858 781 1190 1572 456 825 1687 897 119 321 1881 1331 1177 410
789 355 1046 1149 1286 0 367 899 1359 1069 84 1453 1242 872 673 893 973 1136 1046 1107 920 911 1703 1045 741 1296 1157 1831 1348 1042 1331 314 714 713 480 1127 956 1199 242 1290 872 1012 1685 1545 852 891 183 1188 1595 935 1303 1006 1354 1127 874 324 793 1047
877 149 965 1068 1205 367 0 818 1279 988 326 1372 1161 791 761 812 892 1056 965 1027 839 831 1623 965 661 1216 1076 1750 1268 961 1251 402 802 801 274 1047 876 1119 179 1210 791 931 1604 1465 940 811 271 1107 1514 855 1222 926 1273 1046 962 412 712 966
1408 806 283 282 420 899 818 0 1356 1066 858 586 376 375 1292 890 476 271 283 1105 917 414 838 282 244 430 660 1334 483 545 1328 933 1334 1332 930 262 954 1197 710 424 375 515 819 679 1471 394 803 1185 729 438 1300 510 488 262 1494 944 790 284
1869 1267 1504 1607 1743 1359 1279 1356 0 842 1318 1911 1699 1329 1753 1350 1431 1594 1504 1565 1378 1369 2161 1503 1199 1754 1614 1340 1806 1500 88 1394 1794 1793 1391 1585 802 730 1171 1748 1330 1470 2143 2003 1780 1349 1263 1646 2053 1393 274 1464 1812 1585 1954 1404 1250 1505
1578 976 1213 1316 1453 1069 988 1066 842 0 1028 1620 1409 1039 1462 1060 1140 1304 1213 1275 1087 1078 1871 1213 908 1463 1324 1215 1516 1209 814 1103 1504 1502 1100 1295 140 235 880 1457 1039 1179 1852 1713 1641 1058 973 1355 1762 1103 858 1174 1521 1294 1664 1114 960 1214
748 314 1005 1108 1245 84 326 858 1318 1028 0 1412 1201 831 632 852 932 1096 1005 1067 879 870 1663 1005 700 1255 1116 1790 1308 1001 1290 273 674 672 439 1087 916 1159 201 1249 831 971 1644 1505 811 850 142 1147 1554 895 1262 966 1313 1086 833 284 752 1006
1963 1360 830 550 688 1453 1372 586 1911 1620 1412 0 639 929 1847 1444 1030 752 830 1659 1472 968 347 830 798 698 1214 1888 750 1099 1883 1488 1888 1887 1485 621 1508 1751 1264 692 929 1069 432 113 2026 948 1357 1739 273 993 1854 1064 756 742 2048 1498 1344 831
1751 1149 365 162 102 1242 1161 376 1699 1409 1201 639 0 718 1635 1233 819 287 365 1447 1260 757 502 364 587 113 1003 1625 165 888 1671 1276 1677 1675 1273 156 1297 1540 1053 107 718 858 483 554 1814 737 1146 1528 393 781 1643 852 170 277 1837 1287 1133 366
1381 779 522 625 762 872 791 375 1329 1039 831 929 718 0 1265 863 129 612 522 1078 890 120 1149 521 160 772 312 1134 824 198 1301 906 1307 1305 903 603 927 1170 683 766 107 351 1131 1021 1444 231 776 1158 1041 275 1273 162 830 603 1467 917 763 523
213 749 1439 1543 1679 673 761 1292 1753 1462 632 1847 1635 1265 0 1286 1367 1530 1440 1501 1314 1305 2097 1439 1135 1690 1550 2225 1742 1436 1725 389 317 111 873 1521 1350 1593 636 1684 1266 1406 2078 1939 276 1285 526 1523 1989 1329 1696 1400 1748 1520 298 379 1186 1440
1402 800 1037 1140 1277 893 812 890 1350 1060 852 1444 1233 863 1286 0 964 1128 1037 245 354 902 1695 1037 732 1287 1148 1822 1340 1033 1322 927 1328 1326 924 1119 948 1191 704 1281 863 1003 1676 1537 1465 882 797 386 1586 927 1294 998 1345 1118 1488 938 227 1038
1483 880 623 726 863 973 892 476 1431 1140 932 1030 819 129 1367 964 0 714 623 1179 992 221 1242 623 261 874 323 1227 926 127 1403 1008 1408 1407 1005 705 1028 1271 784 868 185 429 1223 1123 1546 332 877 1259 1134 294 1374 173 931 704 1568 1018 864 624
1646 1044 260 270 331 1136 1056 271 1594 1304 1096 752 287 612 1530 1128 714 0 260 1342 1155 652 749 259 482 342 897 1572 394 783 1566 1171 1572 1570 1168 173 1191 1435 948 336 613 753 730 802 1709 632 1041 1423 641 676 1538 747 399 73 1731 1182 1028 261
1556 953 48 348 409 1046 965 283 1504 1213 1005 830 365 522 1440 1037 623 260 0 1252 1064 561 827 48 391 419 807 1481 472 692 1476 1081 1481 1479 1078 251 1101 1344 857 413 522 662 808 879 1618 541 950 1332 718 586 1447 657 477 250 1641 1091 937 49
1617 1015 1252 1355 1492 1107 1027 1105 1565 1275 1067 1659 1447 1078 1501 245 1179 1342 1252 0 513 1117 1829 1251 947 1502 1363 2037 1554 1248 1537 1142 1543 1541 1139 1333 1162 1405 919 1496 1078 1218 1810 1751 1680 1097 1011 466 1720 1141 1508 1212 1560 1333 1702 1153 442 1253
1306 704 941 1044 1181 797 716 794 1254 964 756 1348 1137 767 1190 394 868 1032 941 609 0 806 1599 941 637 1191 1052 1726 1244 937 1226 831 1232 1230 828 1023 852 1095 608 1185 767 907 1580 1441 1369 786 701 574 1490 831 1198 902 1249 1022 1392 842 294 942
1421 819 561 664 801 911 831 414 1369 1078 870 968 757 120 1305 902 221 652 561 1117 930 0 1219 561 199 812 405 1226 864 290 1341 946 1346 1345 943 643 966 1209 723 806 200 391 1200 1061 1484 270 815 1198 1111 315 1312 255 869 642 1506 956 802 562
2213 1611 826 624 564 1703 1623 838 2161 1871 1663 347 502 1179 2097 1695 1281 749 827 1789 1722 1219 0 826 1049 574 1464 1863 627 1350 2133 1738 2139 2137 1735 618 1758 2001 1515 568 1169 1320 121 263 2276 1199 1607 1976 158 1243 2105 1314 632 739 2298 1749 1595 827
1555 953 48 348 409 1045 965 282 1503 1213 1005 830 364 521 1439 1037 623 259 48 1251 1064 561 826 0 391 419 807 1481 471 692 1475 1080 1481 1479 1077 250 1100 1344 857 413 522 662 808 879 1618 541 950 1332 718 585 1447 656 477 250 1640 1091 937 49
1251 649 391 494 631 741 661 244 1199 908 700 798 587 160 1135 732 261 482 391 947 760 199 1049 391 0 642 445 1177 694 330 1171 776 1176 1175 773 473 796 1039 553 636 217 300 1030 891 1314 179 645 1028 941 223 1142 295 699 472 1336 786 633 392
1806 1203 419 216 69 1296 1216 430 1754 1463 1255 698 113 772 1690 1287 874 342 419 1502 1315 812 574 419 642 0 1057 1697 117 942 1726 1331 1731 1730 1328 211 1351 1594 1107 64 772 912 556 627 1869 792 1200 1583 466 836 1697 907 122 332 1891 1341 1187 420
1666 1064 807 910 1047 1157 1076 660 1614 1324 1116 1214 1003 312 1550 1148 323 897 807 1363 1175 405 1426 807 445 1057 0 1410 1109 222 1586 1191 1592 1590 1188 888 1212 1455 968 1051 368 192 1407 1306 1729 344 1061 1443 1317 246 1558 178 1115 888 1752 1202 1048 808
1710 1107 850 953 1051 1200 1119 703 1658 1367 1159 1257 989 503 1594 1191 596 941 850 1406 1219 595 1228 850 546 1062 779 0 1114 665 1630 1235 1635 1634 1232 932 1255 1498 1011 1056 479 816 1209 1280 1773 696 1104 1486 1119 740 1601 629 1119 931 1795 1245 1091 851
1858 1256 471 269 114 1348 1268 483 1806 1516 1308 750 165 824 1742 1340 926 394 472 1554 1367 864 627 471 694 117 1109 1750 0 995 1778 1383 1784 1782 1380 263 1403 1647 1160 108 825 965 608 679 1921 844 1253 1635 518 888 1750 959 86 384 1943 1394 1240 472
1552 949 692 795 932 1042 961 545 1500 1209 1001 1099 888 198 1436 1033 127 783 692 1248 1061 290 1311 692 330 942 222 1296 995 0 1472 1077 1477 1476 1074 774 1097 1340 853 936 254 328 1292 1192 1615 291 946 1328 1203 193 1443 72 1000 773 1637 1087 933 693
1841 1238 1476 1579 1715 1331 1251 1328 88 814 1290 1883 1671 1301 1725 1322 1403 1566 1476 1537 1350 1341 2133 1475 1171 1726 1586 1312 1778 1472 0 1366 1766 1765 1363 1557 774 702 1143 1720 1302 1442 2115 1975 1752 1321 1235 1618 2025 1365 246 1436 1784 1557 1926 1376 1222 1477
505 390 1080 1184 1320 314 402 933 1394 1103 273 1488 1276 906 389 927 1008 1171 1081 1142 955 946 1738 1080 776 1331 1191 1866 1383 1077 1366 0 430 429 514 1162 991 1234 277 1325 907 1047 1720 1580 568 926 167 1223 1630 970 1337 1041 1389 1161 590 40 827 1081
433 790 1481 1584 1721 714 802 1334 1794 1504 674 1888 1677 1307 317 1328 1408 1572 1481 1543 1355 1346 2139 1481 1176 1731 1592 2266 1784 1477 1766 430 0 357 915 1563 1392 1635 678 1725 1307 1447 2120 1981 496 1326 568 1623 2030 1371 1738 1442 1789 1562 518 420 1228 1482
253 789 1479 1583 1719 713 801 1332 1793 1502 672 1887 1675 1305 111 1326 1407 1570 1479 1541 1354 1345 2137 1479 1175 1730 1590 2265 1782 1476 1765 429 357 0 913 1561 1390 1633 676 1724 1305 1445 2118 1979 316 1325 566 1563 2029 1369 1736 1440 1787 1560 338 419 1226 1480
989 144 1077 1181 1317 480 274 930 1391 1100 439 1485 1273 903 873 924 1005 1168 1078 1139 952 943 1735 1077 773 1328 1188 1863 1380 1074 1363 514 915 913 0 1159 988 1231 291 1322 904 1044 1716 1577 1052 923 384 1220 1627 967 1334 1038 1386 1158 1075 525 824 1078
1637 1035 251 139 200 1127 1047 262 1585 1295 1087 621 156 603 1521 1119 705 173 251 1333 1146 643 618 250 473 211 888 1563 263 774 1557 1162 1563 1561 1159 0 1182 1426 939 205 604 744 599 671 1700 623 1032 1414 510 667 1529 738 268 163 1722 1173 1019 252
1466 864 1101 1204 1341 956 876 954 802 140 916 1508 1297 927 1350 948 1028 1191 1101 1162 975 966 1758 1100 796 1351 1212 1251 1403 1097 774 991 1392 1390 988 1182 0 271 768 1345 927 1067 1740 1600 1529 946 860 1243 1650 990 745 1062 1409 1182 1551 1002 848 1102
1709 1107 1344 1447 1584 1199 1119 1197 730 235 1159 1751 1540 1170 1593 1191 1271 1435 1344 1405 1218 1209 2001 1344 1039 1594 1455 1104 1647 1340 702 1234 1635 1633 1231 1426 271 0 1011 1588 1170 1310 1983 1843 1772 1189 1104 1486 1893 1233 776 1305 1652 1425 1794 1245 1091 1345
752 166 857 960 1097 242 179 710 1171 880 201 1264 1053 683 636 704 784 948 857 919 731 723 1515 857 553 1107 968 1642 1160 853 1143 277 678 676 291 939 768 1011 0 1101 683 823 1496 1357 815 703 146 999 1406 747 1114 818 1165 938 837 287 604 858
1800 1197 413 210 61 1290 1210 424 1748 1457 1249 692 107 766 1684 1281 868 336 413 1496 1309 806 568 413 636 64 1051 1691 108 936 1720 1325 1725 1724 1322 205 1345 1588 1101 0 766 906 550 621 1863 786 1194 1577 460 830 1691 901 114 326 1885 1335 1181 414
1382 779 522 625 762 872 791 375 1330 1039 831 929 718 107 1266 863 185 613 522 1078 890 200 1125 522 217 772 368 1110 825 254 1302 907 1307 1305 904 604 927 1170 683 766 0 431 1106 1021 1444 311 776 1158 1016 340 1273 218 830 603 1467 917 763 523
1522 919 662 765 902 1012 931 515 1470 1179 971 1069 858 351 1406 1003 429 753 662 1218 1031 391 1320 662 300 912 192 1447 965 328 1442 1047 1447 1445 1044 744 1067 1310 823 906 431 0 1301 1162 1584 199 916 1298 1211 160 1413 285 970 743 1607 1057 903 663
2195 1592 808 605 545 1685 1604 819 2143 1852 1644 432 483 1161 2078 1676 1262 730 808 1770 1703 1200 121 808 1030 556 1446 1845 608 1331 2115 1720 2120 2118 1716 599 1740 1983 1496 550 1150 1301 0 348 2257 1180 1589 1958 187 1224 2086 1296 613 721 2280 1730 1576 809
2055 1453 879 642 617 1545 1465 679 2003 1713 1505 113 554 1021 1939 1537 1123 802 879 1751 1564 1061 263 879 891 627 1306 1916 679 1192 1975 1580 1981 1979 1577 671 1600 1843 1357 621 1021 1162 348 0 2118 1041 1449 1832 189 1085 1947 1156 685 792 2140 1591 1437 880
148 928 1618 1722 1858 852 940 1471 1780 1641 811 2026 1814 1444 276 1465 1546 1709 1618 1680 1493 1484 2276 1618 1314 1869 1729 2404 1921 1615 1752 568 496 316 1052 1700 1529 1772 815 1863 1444 1584 2257 2118 0 1464 705 1570 2168 1508 1827 1579 1927 1699 233 558 1365 1619
1401 799 541 644 781 891 811 394 1349 1058 850 948 737 231 1285 882 332 632 541 1097 910 270 1199 541 179 792 344 1327 844 291 1321 926 1326 1325 923 623 946 1189 703 786 311 199 1180 1041 1464 0 795 1178 1091 122 1292 247 849 622 1486 936 782 542
642 259 950 1053 1190 183 271 803 1263 973 142 1357 1146 776 526 797 877 1041 950 1011 824 815 1607 950 645 1200 1061 1735 1253 946 1235 167 568 566 384 1032 860 1104 146 1194 776 916 1589 1449 705 795 0 1092 1499 839 1207 911 1258 1031 727 177 697 951
1592 989 1226 1329 1466 1082 1001 1079 1540 1249 1041 1633 1422 1052 1476 386 1154 1317 1226 466 305 1092 1884 1226 922 1477 1337 2012 1529 1223 1512 1117 1517 1516 1114 1308 1137 1380 893 1471 1052 1192 1865 1726 1655 1072 986 0 1776 1116 1483 1187 1534 1307 1677 1127 361 1227
2105 1502 718 515 456 1595 1514 729 2053 1762 1554 273 393 1071 1989 1586 1172 641 718 1680 1614 1111 158 718 941 466 1356 1755 518 1241 2025 1630 2030 2029 1627 510 1650 1893 1406 460 1061 1211 187 189 2168 1091 1499 1868 0 1135 1996 1206 524 631 2190 1640 1486 719
1445 843 585 689 825 935 855 438 1393 1103 895 993 781 275 1329 927 294 676 586 1141 954 315 1243 585 223 836 246 1371 888 193 1365 970 1371 1369 967 667 990 1233 747 830 340 160 1224 1085 1508 122 839 1222 1135 0 1337 150 894 666 1530 981 827 586
1812 1210 1447 1550 1687 1303 1222 1300 274 858 1262 1854 1643 1273 1696 1294 1374 1538 1447 1508 1321 1312 2105 1447 1142 1697 1558 1387 1750 1443 246 1337 1738 1736 1334 1529 745 776 1114 1691 1273 1413 2086 1947 1827 1292 1207 1589 1996 1337 0 1408 1755 1528 1898 1348 1194 1448
1516 914 657 760 897 1006 926 510 1464 1174 966 1064 852 162 1400 998 173 747 657 1212 1025 255 1275 656 295 907 178 1260 959 72 1436 1041 1442 1440 1038 738 1062 1305 818 901 218 285 1257 1156 1579 247 911 1293 1167 150 1408 0 965 738 1601 1052 898 658
1864 1261 477 274 119 1354 1273 488 1812 1521 1313 756 170 830 1748 1345 931 399 477 1560 1373 869 632 477 699 122 1115 1755 86 1000 1784 1389 1789 1787 1386 268 1409 1652 1165 114 830 970 613 685 1927 849 1258 1640 524 894 1755 965 0 390 1949 1399 1245 478
1637 1034 250 261 321 1127 1046 262 1585 1294 1086 742 277 603 1520 1118 704 73 250 1333 1145 642 739 250 472 332 888 1562 384 773 1557 1161 1562 1560 1158 163 1182 1425 938 326 603 743 721 792 1699 622 1031 1413 631 666 1528 738 390 0 1722 1172 1018 251
120 950 1641 1744 1881 874 962 1494 1954 1664 833 2048 1837 1467 298 1488 1568 1731 1641 1702 1515 1506 2298 1640 1336 1891 1752 2426 1943 1637 1926 590 518 338 1075 1722 1551 1794 837 1885 1467 1607 2280 2140 233 1486 727 1592 2190 1530 1898 1601 1949 1722 0 580 1388 1642
495 400 1091 1194 1331 324 412 944 1404 1114 284 1498 1287 917 379 938 1018 1182 1091 1153 965 956 1749 1091 786 1341 1202 1876 1394 1087 1376 40 420 419 525 1173 1002 1245 287 1335 917 1057 1730 1591 558 936 177 1233 1640 981 1348 1052 1399 1172 580 0 838 1092
1302 700 937 1040 1177 793 712 790 1250 960 752 1344 1133 763 1186 227 864 1028 937 442 157 802 1595 937 633 1187 1048 1722 1240 933 1222 827 1228 1226 824 1019 848 1091 604 1181 763 903 1576 1437 1365 782 697 522 1486 827 1194 898 1245 1018 1388 838 0 938
1557 954 49 349 410 1047 966 284 1505 1214 1006 831 366 523 1440 1038 624 261 49 1253 1065 562 827 49 392 420 808 1482 472 693 1477 1081 1482 1480 1078 252 1102 1345 858 414 523 663 809 880 1619 542 951 1333 719 586 1448 658 478 251 1642 1092 938 0
EOF