NAME : tsp_problem
TYPE : TSP
DIMENSION : 24
EDGE_WEIGHT_TYPE : EXPLICIT
EDGE_WEIGHT_FORMAT : FULL_MATRIX
EDGE_WEIGHT_SECTION
0 452 1300 1119 725 1497 1475 684 625 491 1400 1266 1494 351 888 1357 1318 698 942 1185 553 1536 1384 1343
800 0 927 731 288 1109 1087 531 472 469 1012 878 1105 389 498 983 929 831 652 879 367 1147 995 1038
1378 1084 0 770 776 720 564 671 689 840 489 648 582 1105 769 199 406 859 389 263 839 624 472 254
1196 901 770 0 525 429 710 583 577 664 704 164 797 909 453 826 621 837 495 722 644 839 687 881
878 640 776 525 0 890 881 386 327 414 806 672 899 466 263 833 723 686 502 729 382 942 789 888
1561 1266 720 429 859 0 505 961 942 1029 632 313 620 1272 776 777 549 1215 779 672 1008 713 615 832
1475 1180 486 633 804 341 0 812 830 943 398 489 492 1188 796 543 316 1034 546 438 922 534 382 598
763 468 671 583 386 961 889 0 111 224 814 730 908 686 405 728 732 487 313 573 253 950 798 731
704 409 689 577 327 955 907 111 0 165 832 724 925 627 346 746 749 437 331 591 194 968 815 749
570 275 840 664 414 1042 1020 224 165 0 945 811 1038 493 433 897 863 415 482 725 181 1081 929 883
1477 1182 489 704 806 632 476 814 832 945 0 560 219 1190 798 546 149 1036 548 441 925 261 58 600
1343 1048 648 164 669 313 567 730 724 811 560 0 653 1056 586 705 477 984 642 600 790 695 543 760
1571 1276 582 797 899 620 569 908 925 1038 219 653 0 1283 892 639 242 1130 641 534 1018 118 202 694
430 454 1105 909 466 1287 1265 686 627 493 1190 1056 1283 0 676 1162 1107 700 831 1057 546 1326 1174 1217
965 670 769 484 263 807 873 405 346 433 798 617 892 676 0 826 716 705 495 721 412 934 782 881
1435 1140 199 826 833 777 620 728 746 897 546 705 639 1162 826 0 463 864 446 320 896 681 529 76
1395 1100 406 621 723 549 393 732 749 863 149 477 242 1107 716 463 0 954 465 358 842 284 132 518
1008 713 723 794 741 1132 975 445 462 469 900 941 994 932 749 729 818 0 524 541 608 1036 884 694
1021 726 389 495 502 798 641 313 331 482 566 642 660 831 495 446 484 567 0 341 511 702 550 501
1264 969 263 722 729 672 516 573 591 725 441 600 534 1057 721 320 358 677 341 0 771 576 424 327
632 337 841 645 382 1023 1001 374 315 181 926 792 1020 546 414 898 844 565 567 793 0 1062 910 953
1676 1381 688 903 1005 687 675 1014 1031 1144 324 759 182 1389 998 745 348 1235 747 640 1124 0 308 775
1461 1166 472 687 789 615 459 798 815 929 58 543 202 1174 782 529 132 1020 531 424 908 244 0 584
1422 1127 254 881 888 832 675 731 749 883 600 760 694 1217 881 76 518 829 501 327 929 709 584 0
EOF