NAME : tsp_problem
TYPE : TSP
DIMENSION : 60
EDGE_WEIGHT_TYPE : EXPLICIT
EDGE_WEIGHT_FORMAT : FULL_MATRIX
EDGE_WEIGHT_SECTION
0 1326 519 665 393 1176 1585 449 503 1667 977 1578 487 364 612 889 381 866 839 740 499 874 472 569 719 372 1353 757 734 951 851 968 1254 618 938 743 512 220 591 1305 151 781 883 1137 621 553 1040 917 1678 212 1276 494 1264 1120 359 1255 427 864 707 613
1326 0 867 696 1044 623 688 1689 875 770 852 682 1292 1486 1133 917 987 1279 960 856 1588 1287 1657 982 1131 1110 1766 608 766 1364 1263 1380 478 1031 525 1025 1752 1138 1397 752 1206 661 785 1549 1427 1543 603 870 781 1506 1689 966 1677 1533 1076 1668 952 816 1545 1803
519 854 0 193 319 704 1113 916 59 1195 817 1106 618 680 382 755 181 997 736 631 914 1005 939 700 850 503 1484 285 541 1082 982 1099 782 749 466 542 979 332 722 833 400 580 682 1268 753 869 568 480 1205 700 1407 294 1395 1251 459 1386 105 427 871 1080
664 696 205 0 408 546 955 1061 213 1037 659 949 707 825 472 659 325 958 640 535 1003 966 1073 661 810 556 1445 127 445 1042 942 1059 624 709 308 446 1124 476 812 675 544 445 586 1228 842 959 411 323 1048 845 1367 383 1355 1212 498 1346 290 269 961 1218
393 1044 319 426 0 894 1303 730 326 1385 684 1296 332 726 253 597 378 712 577 472 628 720 698 415 564 218 1199 475 382 797 697 813 972 464 656 383 793 467 437 1023 398 422 523 982 467 584 685 557 1396 574 1122 135 1110 966 205 1101 403 504 586 843
1176 623 717 546 894 0 590 1539 725 672 419 583 1142 1336 983 485 837 1033 715 684 1438 1041 1507 792 928 950 1520 458 602 1118 1018 1134 184 785 374 874 1602 988 1246 235 1056 511 411 1303 1277 1393 271 719 683 1356 1443 816 1431 1287 926 1422 801 666 1395 1652
1584 688 1125 955 1303 590 0 1947 1133 272 903 459 1550 1745 1392 968 1245 1517 1198 1114 1846 1525 1916 1240 1390 1368 2004 867 1024 1601 1501 1618 445 1268 783 1283 2011 1396 1655 718 1464 919 894 1787 1685 1802 755 1128 261 1765 1926 1224 1914 1771 1335 1905 1210 1075 1804 2061
449 1689 916 1061 730 1539 1947 0 899 2030 1253 1941 589 554 949 1166 778 1143 1116 1017 125 1151 283 846 995 649 1630 1119 1010 1228 1127 1244 1617 895 1301 1028 85 616 325 1667 548 1066 1168 1413 288 178 1330 1202 2040 402 1552 831 1541 1397 635 1532 824 1149 333 428
503 862 59 200 326 712 1120 899 0 1203 825 1114 625 663 390 763 164 1005 744 639 922 1013 923 708 857 511 1492 292 549 1090 990 1106 790 757 474 550 963 315 730 840 383 588 690 1276 760 877 576 488 1213 684 1415 301 1403 1259 467 1394 88 435 879 1063
1667 770 1208 1037 1385 672 272 2030 1216 0 986 210 1633 1827 1475 1051 1328 1599 1281 1197 1929 1607 1998 1323 1472 1451 2086 949 1107 1684 1584 1701 528 1351 866 1366 2093 1479 1738 801 1547 1002 977 1870 1768 1884 837 1211 71 1848 2009 1307 1997 1853 1418 1988 1293 1157 1887 2144
977 852 829 659 684 419 903 1253 837 986 0 897 856 1310 777 122 902 682 364 334 1152 690 1222 441 578 633 1169 571 382 767 667 784 497 434 487 664 1317 1010 961 475 982 444 289 953 991 1108 275 832 996 1157 1092 606 1080 936 686 1071 914 779 1110 1367
1578 682 1119 949 1296 583 459 1941 1127 210 897 0 1544 1738 1386 962 1239 1510 1192 1108 1840 1518 1909 1234 1383 1362 1997 861 1018 1595 1495 1612 439 1262 777 1277 2004 1390 1649 712 1458 913 888 1781 1679 1795 748 1122 221 1759 1920 1218 1908 1764 1329 1899 1204 1069 1798 2055
487 1292 618 713 332 1142 1550 589 625 1633 856 1544 0 819 552 769 653 746 719 620 488 754 557 449 598 252 1233 722 613 831 730 847 1220 497 904 630 652 561 297 1270 492 669 771 1016 327 443 933 805 1643 667 1155 434 1144 1000 238 1135 698 752 446 703
364 1487 680 825 726 1337 1745 554 663 1828 1310 1739 819 0 898 1222 542 1199 1172 1073 605 1207 578 902 1051 705 1686 917 1057 1284 1184 1300 1415 951 1099 1057 618 540 805 1465 484 1096 1198 1469 768 658 1201 1113 1838 192 1609 809 1597 1453 692 1588 587 1060 813 718
612 1137 382 489 253 987 1396 949 390 1478 777 1389 552 898 0 690 442 932 670 565 848 939 917 634 784 437 1419 568 475 1016 916 1033 1065 683 749 476 1012 550 657 1116 618 514 616 1202 687 803 778 650 1488 793 1341 228 1329 1186 393 1320 467 597 805 1063
889 917 755 659 597 485 968 1166 763 1051 122 962 769 1222 690 0 815 595 277 246 1065 603 1135 354 490 546 1082 636 295 680 579 696 563 347 553 577 1229 923 874 541 895 357 202 865 904 1020 341 751 1061 1070 1005 518 993 849 598 984 840 698 1023 1280
381 987 181 326 378 837 1246 778 164 1329 902 1240 653 542 442 815 0 1033 795 690 828 1040 801 735 885 538 1519 418 600 1117 1017 1134 915 784 599 601 841 193 758 966 261 640 741 1303 788 882 702 614 1339 562 1442 353 1430 1287 519 1421 88 560 906 942
866 1279 997 958 712 1033 1517 1143 1005 1599 682 1510 746 1199 932 595 1033 0 545 514 1042 59 1111 330 467 522 616 967 552 345 107 231 1111 278 909 875 1206 941 851 1101 872 655 652 400 881 997 889 1050 1610 1047 539 774 527 383 575 518 1078 997 1000 1257
839 960 736 640 577 715 1198 1116 744 1281 364 1192 719 1172 670 277 795 545 0 133 1015 553 1084 303 440 495 1032 649 233 630 529 646 793 296 591 557 1179 903 824 782 845 337 334 815 854 970 571 732 1291 1020 954 499 943 799 548 934 820 678 972 1229
740 856 631 535 472 684 1114 1017 639 1197 334 1108 620 1073 565 246 690 514 133 0 916 522 985 261 410 396 1001 544 128 599 499 616 762 266 486 452 1080 798 724 752 746 232 303 785 754 871 473 627 1207 921 924 394 912 769 449 903 716 574 873 1130
499 1588 914 1009 628 1438 1846 125 922 1929 1152 1840 488 605 848 1065 828 1042 1015 916 0 1050 182 745 894 548 1529 1018 909 1127 1026 1143 1516 793 1200 926 188 667 224 1566 598 965 1067 1312 187 77 1229 1101 1939 453 1451 730 1440 1296 534 1431 874 1048 232 327
874 1287 1005 966 720 1041 1525 1151 1013 1607 690 1518 754 1207 939 603 1040 59 553 522 1050 0 1119 338 475 530 624 975 560 353 115 238 1119 286 917 883 1214 948 859 1109 880 663 660 407 889 1005 897 1058 1617 1055 547 782 535 391 583 526 1086 1004 1007 1264
472 1657 939 1078 698 1507 1916 283 923 1998 1222 1909 557 578 917 1135 801 1111 1084 985 182 1119 0 814 964 617 1598 1088 979 1196 1096 1213 1585 863 1269 996 346 640 293 1636 571 1035 1136 1382 257 147 1298 1170 2009 425 1521 799 1509 1365 604 1500 847 1117 301 175
569 982 700 661 415 792 1240 846 708 1323 441 1234 449 902 634 354 735 330 303 261 745 338 814 0 226 225 817 670 255 415 315 432 870 82 612 578 909 643 553 859 575 358 411 601 584 700 599 753 1333 750 740 477 728 584 278 719 781 699 702 959
719 1131 850 810 564 928 1390 995 857 1472 578 1383 598 1051 784 490 885 467 440 410 894 475 964 226 0 375 954 819 404 552 451 568 1006 219 761 727 1059 793 703 996 724 507 547 737 733 849 749 902 1483 899 877 626 865 721 427 856 930 849 852 1109
372 1110 503 556 218 950 1368 649 511 1451 633 1362 252 705 437 546 538 522 495 396 548 530 617 225 375 0 1009 565 390 607 507 624 1028 274 722 473 712 446 357 1051 378 468 569 793 387 503 731 648 1461 553 932 280 920 777 81 911 584 594 505 763
1353 1766 1484 1445 1199 1520 2004 1630 1492 2086 1169 1997 1233 1686 1419 1082 1519 616 1032 1001 1529 624 1598 817 954 1009 0 1454 1039 641 541 526 1598 765 1396 1362 1693 1428 1338 1588 1359 1142 1139 310 1368 1484 1376 1537 2097 1534 185 1261 173 335 1062 127 1565 1484 1486 1744
756 608 297 127 475 458 867 1119 305 949 571 861 722 916 564 636 417 967 649 544 1018 975 1088 670 819 565 1454 0 454 1052 951 1068 536 719 220 455 1183 568 827 587 636 357 504 1237 857 973 323 300 960 937 1376 396 1365 1221 507 1356 382 247 976 1233
734 766 541 445 382 602 1024 1010 549 1107 382 1018 613 1057 475 295 600 552 233 128 909 560 979 255 404 390 1039 454 0 637 536 653 680 303 396 362 1074 708 718 731 739 142 221 822 748 865 383 537 1117 914 961 304 950 806 414 941 626 484 867 1124
951 1364 1082 1042 797 1118 1601 1228 1090 1684 767 1595 831 1284 1016 680 1117 345 630 599 1127 353 1196 415 552 607 641 1052 637 0 270 255 1196 363 994 960 1291 1025 935 1186 957 740 737 424 965 1082 974 1135 1694 1132 563 859 552 408 660 543 1163 1081 1084 1341
851 1263 982 942 697 1018 1501 1127 990 1584 667 1495 730 1184 916 579 1017 107 529 499 1026 115 1096 315 451 507 541 951 536 270 0 155 1096 262 893 860 1191 925 835 1085 856 639 636 325 865 982 873 1034 1594 1031 464 759 452 308 560 443 1063 981 984 1241
968 1380 1099 1059 813 1134 1618 1244 1106 1701 784 1612 847 1300 1033 696 1134 231 646 616 1143 238 1213 432 568 624 526 1068 653 255 155 0 1212 379 1010 976 1308 1042 952 1202 973 756 753 310 982 1098 990 1151 1711 1148 449 875 437 293 676 428 1179 1098 1101 1358
1254 478 795 624 972 184 445 1617 803 528 497 439 1220 1414 1061 563 915 1111 793 762 1516 1119 1585 870 1006 1028 1598 536 680 1196 1096 1212 0 863 452 952 1680 1066 1324 313 1134 589 489 1381 1354 1471 349 797 538 1434 1521 894 1509 1365 1004 1500 879 744 1473 1730
618 1031 749 709 464 785 1268 895 757 1351 434 1262 497 951 683 347 784 278 296 266 793 286 863 82 219 274 765 719 303 363 262 379 863 0 660 627 958 692 602 852 623 407 404 548 632 749 641 801 1361 799 687 526 676 532 327 667 830 748 751 1008
938 525 479 308 656 374 783 1301 487 866 487 777 904 1098 745 553 599 909 591 486 1200 917 1269 612 761 722 1396 220 396 994 893 1010 452 660 0 636 1364 750 1009 503 818 273 420 1179 1039 1155 239 482 876 1118 1318 578 1307 1163 688 1298 563 428 1157 1414
743 1025 542 446 383 874 1283 1028 550 1366 664 1277 630 1057 476 577 601 875 557 452 926 883 996 578 727 473 1362 455 362 960 860 976 952 627 636 0 1091 709 735 1003 748 402 503 1146 765 882 665 538 1376 923 1285 305 1273 1129 415 1264 626 484 884 1141
512 1752 979 1125 793 1602 2011 85 963 2093 1317 2004 652 618 1012 1229 841 1206 1179 1080 188 1214 346 909 1059 712 1693 1183 1074 1291 1191 1308 1680 958 1364 1091 0 680 388 1731 611 1130 1231 1477 352 242 1393 1265 2104 466 1616 894 1604 1460 699 1595 887 1212 396 492
220 1139 332 477 467 988 1397 616 315 1480 1010 1391 561 540 550 923 193 941 903 798 667 948 640 643 793 446 1428 569 708 1025 925 1042 1066 692 750 709 680 0 666 1117 100 748 849 1211 696 720 853 765 1490 400 1350 461 1338 1195 433 1329 239 711 814 780
591 1397 722 818 437 1246 1655 325 730 1738 961 1649 297 805 657 874 758 851 824 724 224 859 293 553 703 357 1338 827 718 935 835 952 1324 602 1009 735 388 666 0 1375 597 774 875 1121 62 179 1038 910 1748 652 1260 539 1248 1105 343 1239 803 857 221 438
1304 752 845 675 1023 235 718 1667 853 801 475 712 1270 1465 1112 541 965 1101 782 752 1566 1109 1636 859 996 1051 1588 587 731 1186 1085 1202 313 852 503 1003 1731 1116 1375 0 1184 639 539 1371 1405 1522 400 848 811 1485 1510 944 1499 1355 1055 1490 930 795 1524 1781
151 1207 400 545 398 1056 1465 548 383 1548 982 1459 492 484 618 895 261 872 845 746 598 880 571 575 724 378 1359 637 739 957 856 973 1134 623 818 748 611 100 597 1185 0 787 888 1142 627 652 921 833 1558 332 1281 500 1270 1126 364 1261 307 779 746 712
781 661 580 445 422 511 919 1066 588 1002 444 913 669 1096 514 357 640 655 337 232 965 663 1035 358 507 468 1142 357 142 740 639 756 589 407 273 402 1130 748 774 639 787 0 283 925 804 920 375 576 1012 962 1065 343 1053 909 454 1044 665 523 923 1180
883 785 682 586 523 411 894 1168 690 977 289 888 771 1198 616 202 741 652 334 303 1067 660 1136 411 547 569 1139 504 221 737 636 753 489 404 420 503 1231 849 875 539 888 283 0 922 906 1022 267 678 987 1063 1062 445 1050 906 555 1041 767 625 1024 1281
1137 1549 1268 1228 982 1303 1787 1413 1276 1870 953 1781 1016 1469 1202 865 1303 400 815 785 1312 407 1382 601 737 793 310 1237 822 424 325 310 1381 548 1179 1146 1477 1211 1121 1371 1142 925 922 0 1151 1267 1159 1320 1880 1317 233 1044 221 71 845 212 1348 1267 1270 1527
621 1427 753 848 467 1277 1685 288 760 1768 991 1679 327 768 687 904 788 881 854 754 187 889 257 584 733 387 1368 857 748 965 865 982 1354 632 1039 765 352 696 62 1405 627 804 906 1151 0 143 1068 940 1778 616 1290 569 1278 1135 373 1269 833 887 195 402
553 1543 869 964 584 1393 1802 178 877 1884 1108 1795 443 658 803 1020 882 997 970 871 77 1005 147 700 849 503 1484 973 865 1082 982 1098 1471 749 1155 882 242 720 179 1522 652 920 1022 1267 143 0 1184 1056 1894 506 1407 685 1395 1251 490 1386 927 1003 187 292
1040 603 581 411 685 271 755 1330 589 837 275 748 933 1200 778 341 701 889 571 473 1229 897 1298 599 749 731 1376 323 383 974 873 990 349 641 239 665 1393 852 1038 400 920 375 267 1159 1068 1184 0 584 848 1221 1299 607 1287 1143 717 1278 666 531 1186 1444
917 870 493 323 557 719 1128 1202 501 1211 832 1122 805 1112 650 751 613 1050 732 627 1101 1058 1170 753 902 648 1537 300 537 1135 1034 1151 797 801 482 538 1265 764 910 848 832 576 678 1320 940 1056 584 0 1221 1098 1459 479 1448 1304 590 1439 578 84 1059 1316
1677 781 1218 1048 1396 683 261 2040 1226 71 996 221 1643 1837 1485 1061 1338 1610 1291 1207 1939 1617 2009 1333 1483 1461 2097 960 1117 1694 1594 1711 538 1361 876 1376 2104 1489 1748 811 1557 1012 987 1880 1778 1894 848 1221 0 1858 2019 1317 2007 1864 1428 1998 1303 1168 1897 2154
212 1507 700 845 574 1357 1765 402 684 1848 1157 1759 667 192 793 1070 562 1047 1020 921 453 1055 425 750 899 553 1534 937 914 1132 1031 1148 1435 799 1119 923 466 400 652 1485 332 962 1063 1317 616 506 1221 1098 1858 0 1456 675 1445 1301 540 1436 608 1045 661 566
1276 1689 1407 1367 1122 1443 1926 1552 1415 2009 1092 1920 1155 1609 1341 1005 1442 539 954 924 1451 547 1521 740 877 932 185 1376 961 563 464 449 1521 687 1318 1285 1616 1350 1260 1510 1281 1065 1062 233 1290 1407 1299 1459 2019 1456 0 1184 83 257 985 86 1488 1406 1409 1666
494 966 294 387 135 816 1224 831 301 1307 606 1218 434 809 228 518 353 774 499 394 730 782 799 477 626 280 1261 396 304 859 759 875 894 526 578 305 894 461 539 944 500 343 445 1044 569 685 607 479 1317 675 1184 0 1172 1028 222 1163 378 426 688 945
1264 1677 1395 1355 1110 1431 1914 1541 1403 1997 1080 1908 1144 1597 1329 993 1430 527 943 912 1440 535 1509 728 865 920 173 1365 950 552 452 437 1509 676 1307 1273 1604 1338 1248 1499 1270 1053 1050 221 1278 1395 1287 1448 2007 1445 83 1172 0 245 973 75 1476 1394 1397 1654
1120 1533 1251 1212 966 1287 1771 1397 1259 1853 936 1764 1000 1453 1186 849 1287 383 799 769 1296 391 1365 584 721 777 335 1221 806 408 308 293 1365 532 1163 1129 1460 1195 1105 1355 1126 909 906 71 1135 1251 1143 1304 1864 1301 257 1028 245 0 829 236 1332 1251 1254 1511
359 1076 459 498 205 926 1335 635 467 1418 686 1329 238 692 393 598 519 575 548 449 534 583 604 278 427 81 1062 507 414 660 560 676 1004 327 688 415 699 433 343 1055 364 454 555 845 373 490 717 590 1428 540 985 222 973 829 0 964 544 536 492 749
1255 1668 1386 1346 1101 1422 1905 1532 1394 1988 1071 1899 1135 1588 1320 984 1421 518 934 903 1431 526 1500 719 856 911 127 1356 941 543 443 428 1500 667 1298 1264 1595 1329 1239 1490 1261 1044 1041 212 1269 1386 1278 1439 1998 1436 86 1163 75 236 964 0 1467 1385 1388 1645
427 939 105 277 403 789 1197 824 88 1280 901 1191 698 587 467 840 88 1078 820 716 874 1086 847 781 930 584 1565 369 626 1163 1063 1179 867 830 551 626 887 239 803 917 307 665 767 1348 833 927 653 565 1290 608 1488 378 1476 1332 544 1467 0 512 952 988
864 816 440 269 504 666 1075 1149 448 1157 779 1069 752 1059 597 698 560 997 678 574 1048 1004 1117 699 849 594 1484 247 484 1081 981 1098 744 748 428 484 1212 711 857 795 779 523 625 1267 887 1003 531 84 1168 1045 1406 426 1394 1251 536 1385 524 0 1005 1262
707 1545 871 967 586 1395 1804 333 879 1887 1110 1798 446 813 805 1023 906 1000 972 873 232 1007 301 702 852 505 1486 976 867 1084 984 1101 1473 751 1157 884 396 814 221 1524 746 923 1024 1270 195 187 1186 1059 1897 661 1409 688 1397 1254 492 1388 952 1005 0 447
613 1803 1080 1224 843 1652 2061 428 1063 2144 1367 2055 703 718 1063 1280 942 1257 1229 1130 327 1264 175 959 1109 763 1744 1233 1124 1341 1241 1358 1730 1008 1414 1141 492 780 438 1781 712 1180 1281 1527 402 292 1444 1316 2154 566 1666 945 1654 1511 749 1645 988 1262 447 0
EOF