NAME : tsp_problem
TYPE : TSP
DIMENSION : 52
EDGE_WEIGHT_TYPE : EXPLICIT
EDGE_WEIGHT_FORMAT : FULL_MATRIX
EDGE_WEIGHT_SECTION
0 1329 1052 661 749 1203 1184 1480 567 427 475 945 670 852 1221 613 892 639 1212 1305 711 135 646 145 606 333 695 175 731 726 797 685 1439 427 181 910 705 683 248 982 1071 1154 1091 628 867 245 463 700 677 888 646 589
1329 0 1325 699 1109 1772 1753 320 922 1238 929 1521 1025 1479 1790 1360 1247 1386 149 66 1458 1280 1236 1261 961 1073 1442 1274 1086 1081 563 1275 278 966 1210 572 1053 1211 1184 386 288 515 1660 1218 1444 1123 1580 1151 946 1478 1393 944
1051 1325 0 894 355 800 781 1477 1117 659 1012 1716 1220 1674 818 1556 1442 1581 1208 1302 1653 954 431 936 1156 1268 1637 948 1281 1276 794 643 1435 1072 1029 907 555 1085 1260 978 1067 1151 688 456 1639 1256 1474 409 733 566 1588 1139
661 699 894 0 670 1242 1223 850 255 670 261 853 357 811 1260 693 580 719 582 675 790 612 685 594 294 405 774 606 418 413 168 724 809 298 543 281 507 635 517 352 441 525 1130 667 776 456 912 647 377 928 725 276
748 1109 355 670 0 698 678 1261 871 356 690 1470 974 1428 715 1301 1196 1327 993 1086 1398 651 187 632 910 1014 1382 645 1035 1030 578 387 1220 751 726 691 223 763 956 763 851 935 585 212 1393 953 1171 77 430 463 1334 893
1203 1772 800 1242 698 0 422 1924 1424 810 1243 2023 1527 1981 139 1776 1749 1802 1655 1749 1873 1105 657 1087 1463 1495 1857 1099 1588 1583 1241 548 1882 1303 1180 1354 861 1316 1411 1425 1514 1598 384 682 1946 1407 1625 715 884 373 1808 1446
1183 1753 781 1223 678 422 0 1904 1405 791 1224 2003 1507 1962 515 1756 1730 1782 1636 1729 1854 1086 637 1067 1444 1476 1838 1080 1568 1563 1222 528 1863 1284 1161 1334 841 1297 1391 1406 1495 1579 126 663 1926 1388 1606 695 865 354 1789 1427
1480 320 1477 850 1261 1924 1904 0 1074 1390 1080 1672 1176 1630 1941 1512 1399 1538 401 279 1609 1431 1387 1413 1113 1224 1593 1425 1237 1232 714 1427 95 1117 1362 723 1205 1362 1336 538 439 667 1811 1369 1595 1275 1731 1303 1097 1630 1544 1095
567 922 1117 255 871 1424 1405 1074 0 648 211 630 134 588 1442 599 356 625 805 899 696 518 867 500 70 312 680 512 195 190 391 906 1032 204 449 504 708 584 423 575 664 748 1312 849 553 362 819 848 578 1110 632 53
426 1238 659 670 356 810 791 1390 648 0 467 1246 750 1205 828 999 973 1025 1121 1215 1097 329 253 310 687 719 1081 323 811 806 707 292 1348 527 404 820 312 540 634 891 980 1064 698 235 1170 631 849 307 312 495 1032 670
475 929 1012 261 690 1243 1224 1080 211 467 0 809 313 767 1261 649 535 674 812 905 746 394 686 376 250 361 730 388 374 369 398 725 1039 254 325 510 527 403 473 582 671 755 1131 668 732 411 811 667 397 929 681 232
945 1521 1716 853 1470 2023 2003 1672 630 1246 809 0 555 471 2040 587 581 330 1404 1497 684 1063 1466 1073 589 639 432 1102 539 611 990 1505 1631 803 999 1102 1306 1183 732 1174 1263 1347 1911 1448 129 747 807 1447 1177 1708 374 611
670 1025 1220 357 974 1527 1507 1176 134 750 313 555 0 513 1544 702 282 562 908 1001 799 621 970 602 93 414 663 615 120 78 493 1009 1135 307 552 606 810 687 526 678 767 851 1414 952 478 464 921 951 681 1212 605 115
852 1479 1674 811 1428 1981 1962 1630 588 1205 767 471 513 0 1999 494 540 237 1362 1455 591 970 1424 979 547 546 339 1008 497 569 948 1463 1589 761 906 1061 1265 1141 639 1132 1221 1305 1869 1406 394 654 713 1405 1135 1666 280 570
1220 1790 818 1260 715 139 515 1941 1442 828 1261 2040 1544 1999 0 1793 1767 1819 1673 1766 1891 1123 674 1104 1481 1513 1875 1117 1605 1600 1259 565 1900 1321 1198 1371 878 1334 1428 1443 1532 1616 422 700 1963 1425 1643 732 902 391 1826 1464
613 1360 1556 693 1301 1776 1757 1512 599 1000 649 587 702 494 1794 0 845 281 1243 1337 199 731 1219 741 638 307 336 770 763 758 829 1258 1470 583 667 942 1138 1014 400 1013 1102 1186 1664 1201 509 415 253 1274 1008 1462 288 621
892 1247 1442 580 1196 1749 1730 1399 356 973 535 581 282 540 1767 845 0 588 1130 1224 942 843 1192 825 315 637 690 837 265 251 716 1231 1357 529 774 829 1033 909 748 900 989 1073 1637 1174 504 687 1064 1173 903 1435 631 338
639 1386 1581 719 1327 1802 1783 1538 625 1026 674 330 562 237 1820 281 588 0 1269 1363 378 757 1245 767 596 333 126 796 546 618 855 1284 1496 608 693 968 1163 1040 426 1039 1128 1212 1690 1227 252 441 500 1299 1034 1488 76 618
1212 149 1208 582 993 1655 1636 401 805 1121 812 1404 908 1362 1673 1243 1130 1269 0 195 1341 1163 1119 1144 844 956 1325 1157 969 964 446 1158 359 849 1094 455 936 1094 1068 269 171 399 1543 1101 1327 1006 1463 1035 829 1362 1276 827
1305 66 1302 675 1086 1749 1729 279 899 1215 905 1497 1001 1455 1766 1337 1224 1363 195 0 1434 1256 1212 1238 938 1049 1418 1250 1062 1057 539 1252 238 942 1187 548 1030 1187 1161 363 264 492 1636 1194 1420 1100 1556 1128 922 1455 1369 920
711 1458 1653 790 1398 1874 1854 1609 696 1097 746 684 799 591 1891 199 942 378 1341 1434 0 828 1316 838 735 404 434 867 860 855 926 1356 1568 680 764 1039 1235 1112 497 1111 1200 1283 1761 1299 606 512 419 1371 1105 1559 385 718
135 1280 941 612 638 1093 1073 1431 518 316 394 1063 621 970 1110 731 843 757 1163 1256 828 0 535 40 557 450 812 59 682 677 748 575 1390 346 197 861 595 602 366 933 1022 1106 980 517 985 362 581 590 594 778 763 540
645 1236 431 685 187 657 637 1387 867 253 686 1466 970 1424 674 1219 1192 1244 1119 1212 1316 548 0 529 906 938 1300 542 1031 1025 705 237 1346 746 623 817 304 759 854 889 978 1062 544 50 1389 850 1068 204 327 422 1251 889
145 1261 923 594 620 1074 1055 1413 500 298 376 1073 602 979 1092 741 825 767 1144 1238 838 40 517 0 539 460 822 41 663 658 730 556 1371 328 179 843 576 583 376 914 1003 1087 962 499 995 372 590 571 576 759 773 522
606 961 1156 294 910 1463 1444 1113 70 687 250 589 93 547 1481 638 315 596 844 938 735 557 906 539 0 351 697 551 154 149 430 945 1071 243 488 543 747 623 462 614 703 787 1351 888 512 401 858 887 617 1149 639 52
333 1073 1268 405 1014 1496 1477 1224 312 720 361 639 414 546 1514 307 637 333 956 1049 404 450 939 460 351 0 388 489 475 470 542 978 1183 295 386 654 850 727 131 726 815 899 1384 921 561 128 527 991 721 1181 340 333
695 1442 1637 774 1382 1858 1838 1593 680 1081 730 432 663 339 1875 336 690 126 1325 1418 434 812 1300 822 697 388 0 851 647 719 910 1340 1552 664 748 1023 1219 1096 481 1095 1184 1267 1745 1283 354 496 556 1355 1089 1543 133 702
175 1274 935 606 632 1086 1067 1425 512 310 388 1102 615 1008 1104 770 837 796 1157 1250 867 59 529 41 551 489 851 0 676 671 742 569 1384 340 191 855 589 596 405 927 1016 1099 974 511 1024 401 619 584 588 772 802 534
731 1086 1281 418 1035 1588 1568 1237 195 811 374 539 120 497 1605 763 265 546 969 1062 860 682 1031 663 154 475 647 676 0 176 555 1070 1196 368 613 667 871 748 587 739 828 912 1476 1013 462 525 982 1012 742 1273 589 176
726 1081 1276 413 1030 1583 1563 1232 190 806 369 611 78 569 1600 758 251 618 964 1057 855 677 1025 658 149 470 719 671 176 0 549 1065 1191 363 608 662 866 743 582 734 823 906 1470 1008 534 520 977 1007 737 1268 661 171
797 563 794 168 578 1241 1222 714 391 707 398 990 493 948 1259 829 716 855 446 539 926 748 705 730 430 542 910 742 555 549 0 744 673 434 679 144 522 680 653 216 305 389 1129 687 913 592 1049 620 415 947 862 413
685 1275 643 724 387 548 528 1427 906 292 725 1505 1009 1463 565 1258 1231 1284 1158 1252 1355 587 237 569 945 977 1339 581 1070 1065 744 0 1385 786 663 857 343 798 893 928 1017 1101 435 219 1428 889 1108 339 366 233 1290 928
1439 278 1435 809 1220 1882 1863 95 1032 1348 1039 1631 1135 1589 1900 1470 1357 1496 359 238 1568 1390 1346 1371 1071 1183 1552 1384 1196 1191 673 1385 0 1076 1321 682 1163 1321 1295 496 398 626 1770 1328 1554 1233 1690 1262 1056 1588 1503 1054
427 966 1072 298 751 1303 1284 1117 204 527 254 803 307 761 1321 583 529 608 849 942 680 346 746 328 243 295 664 340 368 363 434 786 1076 0 277 547 587 464 407 619 708 791 1191 728 726 345 763 728 458 989 615 226
181 1210 1047 543 744 1198 1179 1362 449 422 325 999 552 906 1216 667 774 693 1094 1187 764 197 641 179 488 386 748 191 613 608 679 680 1321 277 0 792 656 533 302 864 953 1036 1086 623 921 298 517 695 526 883 699 471
910 572 907 281 691 1354 1334 723 504 820 510 1102 606 1061 1371 942 829 968 455 548 1039 861 817 843 543 654 1023 855 667 662 144 857 682 547 792 0 635 792 766 225 314 397 1242 800 1025 705 1162 733 527 1060 974 525
705 1053 555 507 223 861 841 1205 708 312 527 1306 810 1265 878 1138 1033 1163 936 1030 1235 607 304 589 747 850 1219 601 871 866 522 343 1163 587 656 635 0 600 913 706 795 879 749 286 1229 900 1128 240 335 547 1170 730
683 1211 1085 635 763 1316 1297 1362 584 540 403 1183 687 1141 1334 1014 909 1040 1094 1187 1112 602 759 583 623 727 1096 596 748 743 680 798 1321 464 533 792 600 0 804 864 953 1037 1204 741 1106 777 1018 740 470 1002 1047 606
248 1184 1260 517 957 1411 1392 1336 423 635 473 732 526 639 1429 400 748 426 1068 1161 497 366 854 376 462 131 481 405 587 582 653 894 1295 407 302 766 913 804 0 838 927 1010 1299 836 654 239 482 909 798 1097 432 445
982 386 978 352 763 1425 1406 538 575 891 582 1174 678 1132 1443 1013 900 1039 269 363 1111 933 889 914 614 726 1095 927 739 734 216 928 496 619 864 225 706 864 838 0 178 333 1313 871 1097 776 1233 805 599 1132 1046 597
1071 288 1067 441 851 1514 1495 439 664 980 671 1263 767 1221 1532 1102 989 1128 171 264 1200 1022 978 1003 703 815 1184 1016 828 823 305 1017 398 708 953 314 795 953 927 178 0 258 1402 960 1186 865 1322 894 688 1220 1135 686
1154 515 1151 525 935 1598 1579 667 748 1064 755 1347 851 1305 1616 1186 1073 1212 399 492 1283 1106 1062 1087 787 899 1267 1099 912 906 389 1101 626 791 1036 397 879 1037 1010 333 258 0 1486 1044 1270 949 1406 977 772 1304 1219 770
1090 1660 688 1130 585 384 126 1811 1312 698 1131 1911 1414 1869 422 1664 1637 1689 1543 1636 1761 993 544 974 1351 1383 1745 987 1476 1470 1129 435 1770 1191 1068 1242 749 1204 1299 1313 1402 1486 0 570 1834 1295 1513 603 772 261 1696 1334
627 1218 456 667 212 682 663 1369 849 235 668 1448 952 1406 700 1201 1174 1227 1101 1194 1298 530 50 512 888 920 1282 524 1013 1008 687 219 1328 728 605 800 286 741 836 871 960 1044 570 0 1371 832 1050 229 309 423 1233 871
867 1444 1639 776 1393 1946 1926 1595 553 1170 732 129 478 394 1963 509 504 252 1327 1420 606 985 1389 995 512 561 354 1024 462 534 913 1428 1554 726 921 1025 1229 1106 654 1097 1186 1270 1834 1371 0 669 729 1370 1100 1631 296 535
245 1123 1256 456 953 1407 1388 1275 362 631 411 747 464 654 1425 415 687 441 1006 1100 512 362 850 372 401 128 496 401 525 520 592 890 1233 345 298 705 900 777 239 776 865 949 1295 832 669 0 549 905 771 1093 448 384
463 1580 1475 912 1172 1626 1607 1731 819 850 811 807 921 713 1644 253 1064 500 1463 1556 419 581 1069 590 858 527 556 619 982 977 1049 1108 1690 763 517 1162 1128 1018 482 1233 1322 1406 1514 1051 729 549 0 1123 1012 1311 507 840
700 1151 409 647 77 715 695 1303 848 307 667 1447 951 1405 732 1273 1173 1299 1035 1128 1370 602 204 584 887 991 1354 596 1012 1007 620 339 1262 728 678 733 240 740 908 805 894 977 603 229 1370 904 1123 0 382 480 1306 870
677 946 733 377 430 884 865 1097 578 312 397 1177 681 1135 902 1008 903 1034 829 922 1105 596 327 577 617 721 1089 589 742 737 415 366 1056 458 526 527 335 470 798 599 688 772 772 309 1100 771 1012 382 0 570 1041 600
888 1478 566 928 463 373 354 1630 1110 495 929 1708 1212 1666 391 1461 1435 1487 1362 1455 1558 791 422 772 1149 1181 1542 785 1273 1268 947 233 1588 989 866 1060 547 1002 1096 1132 1220 1304 261 423 1631 1092 1311 480 570 0 1494 1131
646 1393 1588 725 1334 1809 1790 1544 632 1033 681 374 605 280 1827 288 631 76 1276 1369 385 763 1252 773 639 340 133 802 589 661 862 1291 1503 615 699 974 1170 1047 432 1046 1135 1219 1697 1234 296 448 507 1306 1041 1494 0 653
589 944 1139 276 893 1446 1427 1095 53 670 232 611 115 570 1464 621 338 618 827 920 718 540 889 522 52 333 702 534 176 171 413 928 1054 226 471 525 730 606 445 597 686 770 1334 871 535 384 840 870 600 1131 653 0
EOF