NAME : tsp_problem
TYPE : TSP
DIMENSION : 22
EDGE_WEIGHT_TYPE : EXPLICIT
EDGE_WEIGHT_FORMAT : FULL_MATRIX
EDGE_WEIGHT_SECTION
0 365 494 353 959 508 513 271 1044 1151 816 909 156 357 433 478 1022 822 1179 733 1080 1267
365 0 657 286 888 739 662 262 930 1080 807 900 228 77 332 212 951 905 1169 778 966 1153
494 657 0 629 1416 208 791 746 1501 1608 1272 1287 631 669 560 699 1480 405 1556 1011 1537 1724
353 286 629 0 914 642 649 249 1000 1107 794 887 215 278 471 399 978 957 1156 765 1035 1223
959 888 1416 914 0 1429 1199 855 1115 234 1003 1105 821 879 1028 870 105 1744 1217 1142 1150 1338
508 739 208 642 1429 0 804 760 1515 1622 1285 1301 644 750 691 830 1493 536 1570 1024 1550 1738
445 668 723 603 1262 737 0 436 1347 1454 833 771 541 660 662 781 1326 1051 1040 495 1383 1570
271 262 746 249 855 760 429 0 941 1047 574 667 134 253 533 375 919 1074 936 545 976 1164
1044 930 1501 1000 1115 1515 1284 941 0 1307 1089 1190 907 921 1070 912 1178 1809 1460 1227 111 361
1151 1080 1608 1107 234 1622 1391 1047 1307 0 1195 1297 1013 1071 1220 1062 254 1936 1409 1334 1342 1530
816 807 1272 794 1003 1285 662 574 1089 1195 0 569 679 798 1002 844 1067 1600 505 605 1124 1312
909 900 1288 887 1105 1301 583 667 1190 1297 569 0 772 891 1104 946 1169 1616 326 322 1226 1413
156 228 631 215 821 644 534 134 907 1013 679 772 0 219 499 341 885 959 1041 650 942 1130
357 77 669 278 879 750 653 253 921 1071 798 891 219 0 343 204 943 916 1160 769 957 1144
433 332 560 471 1028 691 729 533 1070 1220 1002 1104 499 343 0 196 1092 808 1373 949 1106 1293
478 212 699 399 870 830 774 375 912 1062 844 946 341 204 196 0 934 947 1215 891 948 1135
1022 951 1480 978 105 1493 1262 919 1178 254 1067 1169 885 943 1092 934 0 1808 1280 1205 1214 1401
822 905 405 957 1744 536 1119 1074 1809 1936 1600 1615 959 916 808 947 1808 0 1884 1339 1844 2032
1179 1169 1557 1156 1212 1570 852 936 1460 1404 505 326 1041 1160 1373 1215 1275 1885 0 591 1495 1683
733 778 1011 765 1142 1025 307 545 1227 1334 605 322 650 769 950 891 1205 1339 591 0 1263 1450
1080 966 1537 1035 1150 1550 1320 976 111 1342 1124 1226 942 957 1106 948 1214 1844 1495 1263 0 274
1267 1153 1724 1223 1338 1738 1507 1164 361 1530 1312 1413 1130 1144 1293 1135 1401 2032 1683 1450 274 0
EOF