NAME : tsp_problem
TYPE : TSP
DIMENSION : 48
EDGE_WEIGHT_TYPE : EXPLICIT
EDGE_WEIGHT_FORMAT : FULL_MATRIX
EDGE_WEIGHT_SECTION
0 858 1193 573 473 569 116 1266 1385 533 631 370 705 759 1314 476 371 1082 680 978 563 1086 1459 1781 399 346 719 605 1659 799 1122 629 537 556 509 1030 743 1423 1709 734 997 779 449 763 1496 1130 1403 390
858 0 1157 915 574 1128 838 1230 1038 1093 730 676 194 335 967 1074 637 662 620 620 615 1050 1112 1745 489 1010 659 1048 1312 430 775 574 636 655 531 605 475 1386 1362 833 572 155 446 866 1460 1094 1056 1112
1193 1157 0 1241 1241 1454 1173 159 1504 1420 1057 1257 1004 1058 1337 1409 964 1104 1287 850 660 132 1578 1696 884 1345 1326 1375 1758 1154 1192 1242 963 982 1198 1024 1199 315 1807 1160 1015 1078 831 1193 389 1045 1522 1447
573 915 1241 0 864 260 481 1315 1520 225 295 807 762 816 1449 638 471 1143 910 1027 612 1134 1593 1774 507 505 949 181 1794 912 1257 865 412 431 821 1087 957 1471 1844 272 1054 836 497 237 1545 1179 1537 262
473 574 1241 864 0 906 453 1314 973 870 679 136 421 475 902 689 468 669 268 761 611 1134 1046 1829 387 625 307 942 1247 387 710 223 585 605 71 746 331 1471 1297 782 713 495 452 815 1544 1179 990 727
569 1128 1454 260 906 0 477 1528 1733 103 509 804 975 1029 1662 634 685 1356 1114 1240 825 1348 1806 1734 721 502 1153 132 2007 1125 1470 1062 625 644 943 1300 1170 1684 2057 485 1267 1049 711 450 1758 1229 1750 369
116 838 1173 481 453 477 0 1246 1365 442 611 350 685 739 1294 387 351 1062 660 958 543 1066 1439 1761 379 254 699 514 1639 779 1102 609 517 536 489 1010 723 1403 1689 706 977 759 429 671 1476 1110 1383 298
1266 1230 159 1315 1314 1528 1246 0 1578 1493 1130 1331 1077 1132 1411 1482 1037 1178 1360 923 734 205 1651 1769 958 1418 1399 1448 1831 1227 1266 1315 1036 1055 1271 1097 1272 220 1881 1233 1088 1151 905 1266 293 1119 1595 1520
1384 1038 1504 1520 972 1733 1364 1578 0 1698 1335 1048 885 740 660 1601 1242 543 889 895 980 1397 324 2092 1094 1537 927 1653 661 675 537 843 1241 1260 944 632 670 1734 711 1438 599 960 1051 1471 1808 1442 222 1638
533 1093 1420 225 870 103 442 1493 1698 0 474 768 940 995 1627 599 650 1322 1078 1205 790 1313 1772 1698 686 466 1117 140 1972 1090 1435 1026 590 609 907 1265 1135 1650 2022 450 1232 1014 676 416 1723 1194 1716 333
631 730 1057 295 679 509 611 1130 1335 474 0 696 577 632 1264 847 287 958 725 842 427 950 1408 1645 323 754 764 429 1609 727 1072 680 227 246 636 902 772 1287 1659 214 869 651 313 247 1360 994 1353 511
370 676 1257 807 136 804 350 1331 1049 768 696 0 523 556 978 587 435 745 344 863 628 1151 1122 1845 464 523 383 840 1323 463 786 292 602 621 173 834 407 1487 1373 799 801 597 514 832 1561 1195 1066 624
705 194 1004 762 421 975 685 1077 885 940 577 523 0 182 814 921 484 509 467 468 462 897 959 1592 336 857 506 895 1160 278 622 422 483 502 378 453 323 1234 1209 680 420 115 293 713 1307 942 903 959
759 335 1058 816 475 1029 739 1132 740 995 632 555 182 0 669 975 539 436 396 522 516 951 813 1646 391 912 434 950 1014 132 477 350 538 557 433 507 177 1288 1064 735 474 256 348 768 1362 996 757 1013
1313 967 1337 1449 901 1662 1293 1411 660 1627 1264 977 814 669 0 1530 1171 404 817 542 900 1230 639 1968 1023 1466 856 1582 642 604 218 772 1170 1189 873 428 599 1567 692 1367 465 889 980 1400 1641 1318 677 1567
476 1074 1409 638 689 634 387 1482 1601 599 847 587 921 975 1530 0 587 1298 897 1194 779 1302 1675 1997 615 332 935 670 1875 1015 1338 845 753 773 726 1246 960 1639 1925 863 1213 995 665 828 1712 1347 1619 455
371 637 964 471 468 685 351 1037 1242 650 287 435 484 539 1171 587 0 866 590 749 334 857 1316 1552 187 523 629 605 1516 634 979 544 193 212 501 809 653 1194 1566 390 776 559 220 423 1267 902 1260 625
1081 662 1104 1143 669 1356 1061 1178 543 1322 958 745 509 436 404 1297 866 0 585 414 584 997 617 1692 717 1233 624 1277 818 372 259 540 864 884 641 232 367 1334 867 1062 199 583 675 1094 1408 1042 561 1335
827 585 1308 1039 414 1252 807 1382 779 1217 854 490 432 286 708 1043 719 476 0 772 766 1201 853 1896 562 979 114 1173 1054 193 516 286 760 780 386 565 138 1538 1103 958 532 506 598 990 1612 1246 797 1081
978 620 850 1027 761 1240 958 923 895 1205 842 863 468 522 542 1194 749 414 807 0 446 743 959 1481 670 1130 846 1160 962 618 397 762 748 767 718 336 663 1080 1012 945 373 542 617 978 1153 831 913 1232
563 615 660 612 611 825 543 734 980 790 427 628 462 516 900 779 334 584 657 446 0 553 1054 1248 255 716 696 746 1254 612 717 612 333 353 569 528 657 890 1304 531 495 536 202 563 964 598 998 817
1086 1050 132 1134 1134 1348 1066 205 1397 1313 950 1151 897 951 1230 1302 857 997 1180 743 553 0 1471 1589 777 1238 1219 1268 1651 1047 1086 1135 856 875 1091 917 1092 362 1701 1053 908 971 725 1086 435 938 1415 1340
1458 1112 1578 1593 1046 1806 1438 1651 324 1772 1408 1122 959 813 639 1674 1316 617 962 959 1054 1471 0 2166 1167 1610 1001 1727 641 748 610 917 1315 1334 1018 706 744 1808 690 1512 673 1033 1125 1545 1881 1515 149 1712
1963 1927 1878 1957 2011 1917 1943 1951 2274 1881 1827 2028 1774 1828 2150 2179 1734 1874 2057 1663 1431 1771 2348 0 1654 2095 2096 1953 2548 1924 2006 2012 1733 1752 1968 1818 1969 2108 2598 1930 1785 1848 1602 1963 2181 1081 2292 1962
399 489 884 507 387 721 379 958 1094 686 323 464 336 391 1023 615 187 717 432 670 255 777 1167 1472 0 551 471 641 1368 486 831 387 229 248 344 661 496 1114 1418 426 628 410 141 459 1188 822 1112 653
346 1010 1345 505 625 502 254 1418 1537 466 754 523 857 912 1466 332 523 1234 833 1130 716 1238 1611 1912 551 0 872 538 1812 951 1274 781 690 709 662 1182 896 1575 1861 730 1149 931 601 695 1648 1283 1555 322
758 517 1240 971 346 1184 738 1314 711 1149 786 422 364 218 640 975 651 408 262 704 698 1133 785 1828 493 911 0 1104 985 125 448 217 692 711 318 497 70 1470 1035 889 464 438 530 922 1544 1178 729 1012
605 1048 1375 181 942 132 514 1448 1653 140 429 840 895 950 1582 670 605 1277 1043 1160 746 1268 1727 1770 641 538 1082 0 1927 1045 1390 998 545 565 955 1220 1090 1605 1977 405 1187 970 631 371 1678 1266 1671 368
1659 1312 1758 1794 1246 2007 1639 1831 661 1972 1609 1322 1160 1014 642 1875 1516 818 1163 962 1254 1651 641 2366 1368 1811 1202 1927 0 949 638 1118 1515 1535 1218 848 944 1987 174 1713 874 1234 1325 1745 2061 1716 679 1913
798 430 1154 912 386 1125 778 1227 675 1090 727 462 278 132 604 1014 634 372 302 618 612 1047 748 1742 486 951 341 1045 949 0 412 257 633 653 358 460 84 1384 999 831 428 352 443 863 1457 1092 693 1052
1121 775 1192 1257 709 1470 1101 1266 537 1435 1072 785 622 477 218 1338 979 259 626 397 717 1086 610 1823 831 1274 664 1390 638 412 0 580 978 997 681 283 407 1422 688 1175 320 697 788 1208 1496 1173 554 1375
629 574 1242 865 223 1062 609 1315 831 1026 680 292 422 338 760 845 544 527 126 762 612 1135 904 1830 387 781 165 998 1105 245 568 0 586 605 197 616 189 1471 1155 783 583 496 453 816 1545 1179 848 883
537 636 963 412 585 625 517 1036 1241 590 227 602 483 538 1170 753 193 864 631 748 333 856 1315 1551 229 690 670 545 1515 633 978 586 0 48 543 808 678 1193 1565 330 775 557 219 363 1266 901 1259 627
556 655 982 431 605 644 536 1055 1260 609 246 621 502 557 1189 773 212 884 651 767 353 875 1334 1570 248 709 689 565 1535 653 997 605 48 0 562 828 698 1212 1584 350 795 577 238 382 1285 920 1278 646
509 531 1198 821 71 943 489 1271 947 907 636 173 378 433 876 726 501 643 242 718 569 1091 1020 1786 344 662 281 955 1221 360 684 197 543 562 0 703 305 1428 1271 740 670 452 410 772 1501 1136 964 763
1030 605 1024 1087 746 1300 1010 1097 632 1265 902 834 453 507 428 1246 809 232 674 336 528 917 706 1636 661 1182 713 1220 848 460 283 629 808 828 703 0 456 1254 898 1005 61 527 618 1038 1327 986 650 1284
743 475 1199 955 331 1168 723 1272 670 1134 771 407 323 177 599 959 635 367 247 663 657 1092 744 1787 478 895 286 1089 944 84 407 202 677 696 303 456 0 1429 994 874 423 397 488 907 1502 1137 688 997
1423 1386 315 1471 1471 1684 1403 220 1734 1650 1287 1487 1234 1288 1567 1639 1194 1334 1517 1080 890 362 1808 1925 1114 1575 1556 1605 1987 1384 1422 1471 1193 1212 1428 1254 1429 0 2037 1390 1245 1308 1061 1423 140 1275 1752 1677
1709 1362 1807 1844 1296 2057 1688 1881 711 2022 1659 1372 1209 1064 692 1925 1566 867 1213 1012 1304 1701 690 2416 1418 1861 1252 1977 174 999 688 1167 1565 1584 1268 898 994 2037 0 1762 923 1284 1375 1795 2111 1766 729 1963
734 833 1160 272 782 485 706 1233 1438 450 214 799 680 735 1367 863 390 1062 828 945 531 1053 1512 1748 426 730 867 405 1713 831 1175 783 330 350 740 1005 876 1390 1762 0 973 755 416 66 1463 1098 1456 487
997 572 1015 1054 713 1267 977 1088 599 1232 869 801 420 474 465 1213 776 199 641 373 495 908 673 1603 628 1149 680 1187 874 428 320 596 775 795 670 61 423 1245 923 973 0 494 585 1005 1318 953 617 1251
779 155 1078 836 495 1049 759 1151 960 1014 651 597 115 256 889 995 559 583 541 542 536 971 1033 1666 410 931 580 970 1234 352 697 496 557 577 452 527 397 1308 1284 755 494 0 368 787 1381 1016 977 1033
449 446 831 497 452 711 429 905 1051 676 313 514 293 348 980 665 220 675 498 617 202 725 1125 1419 141 601 537 631 1325 443 788 453 219 238 410 618 488 1061 1375 416 585 368 0 449 1135 769 1069 703
763 866 1193 237 815 450 671 1266 1471 416 247 832 713 768 1400 828 423 1094 861 978 563 1086 1545 1781 459 695 900 371 1745 863 1208 816 363 382 772 1038 908 1423 1795 66 1005 787 449 0 1496 1130 1489 452
1496 1460 389 1545 1544 1758 1476 293 1808 1723 1360 1561 1307 1362 1641 1712 1267 1408 1590 1153 964 435 1881 1999 1188 1648 1629 1678 2061 1457 1496 1545 1266 1285 1501 1327 1502 140 2111 1463 1318 1381 1135 1496 0 1349 1825 1750
1130 1094 1045 1179 1179 1235 1110 1119 1442 1199 994 1195 942 996 1318 1347 902 1042 1224 831 598 938 1515 899 822 1283 1263 1271 1716 1092 1173 1179 901 920 1136 986 1137 1275 1766 1098 953 1016 769 1130 1349 0 1460 1280
1402 1056 1522 1537 990 1750 1382 1595 222 1716 1353 1066 903 757 677 1618 1260 561 906 913 998 1415 149 2110 1112 1554 945 1671 679 693 554 861 1259 1278 962 650 688 1752 729 1456 617 977 1069 1489 1825 1460 0 1656
390 1112 1447 262 727 369 298 1520 1639 333 511 624 959 1013 1568 455 625 1336 934 1232 817 1340 1713 1779 653 322 973 368 1913 1053 1376 883 627 646 763 1284 997 1677 1963 487 1251 1033 703 452 1750 1275 1657 0
EOF