NAME : tsp_problem
TYPE : TSP
DIMENSION : 34
EDGE_WEIGHT_TYPE : EXPLICIT
EDGE_WEIGHT_FORMAT : FULL_MATRIX
EDGE_WEIGHT_SECTION
0 1573 1581 1249 1496 364 993 1237 1176 1053 1238 975 1312 727 1203 979 1604 941 1330 1256 1630 1525 1648 1818 1457 1254 575 932 1360 958 1234 858 1535 1557
1573 0 185 649 296 1553 1192 420 647 1252 577 977 363 1060 437 744 512 663 538 808 234 324 264 1763 582 515 1689 758 708 959 787 1681 335 252
1581 185 0 692 148 1517 1200 383 691 1260 620 940 326 1024 400 708 475 671 581 771 144 241 106 1605 546 558 1652 765 671 922 750 1644 231 94
1249 649 692 0 572 1271 868 559 100 928 110 789 634 806 524 435 925 339 140 901 809 600 724 1650 996 338 1406 433 1005 771 880 1398 611 633
1496 296 148 572 0 1518 1115 504 570 1175 500 1036 447 1053 521 682 596 585 461 892 265 156 180 1623 667 438 1653 680 792 1018 871 1645 146 89
364 1553 1516 1271 1518 0 1080 1172 1198 1140 1260 813 1247 564 1143 925 1539 994 1351 1093 1565 1546 1595 1905 1294 1276 370 879 1198 795 1072 654 1557 1578
993 1192 1200 868 1115 1080 0 856 795 169 857 1087 931 969 822 733 1223 560 949 1199 1249 1144 1267 1437 1294 873 1291 688 1303 1069 1177 1304 1154 1176
1237 420 383 559 504 1173 856 0 486 916 548 596 114 680 56 364 406 327 639 428 432 597 462 1638 477 564 1308 422 532 579 406 1300 586 450
1176 647 691 100 570 1198 795 486 0 855 182 716 561 733 451 362 852 266 212 828 807 599 722 1577 923 328 1333 360 932 698 807 1325 609 631
1053 1252 1260 928 1175 1140 169 916 855 0 917 1146 991 1028 882 793 1283 619 1008 1258 1308 1203 1327 1497 1353 933 1350 748 1363 1129 1237 1363 1214 1236
1238 577 620 110 500 1260 857 548 182 917 0 778 623 795 513 425 915 328 153 890 737 528 652 1639 985 258 1395 423 995 760 869 1387 539 561
796 1053 1016 848 1095 634 1039 673 775 1098 837 0 748 141 644 451 1039 601 929 594 1065 1124 1095 1820 795 853 769 483 698 295 572 761 1134 1083
1312 363 326 634 447 1248 931 114 561 991 623 671 0 755 131 439 329 402 714 503 375 540 406 1713 399 639 1383 497 525 654 481 1375 530 393
727 1060 1023 806 1053 564 969 679 733 1028 795 319 754 0 650 458 1046 531 886 600 1072 1081 1102 1751 801 811 699 414 705 302 579 692 1092 1090
1203 437 400 524 521 1144 822 56 451 882 513 567 131 651 0 329 423 292 605 399 449 614 479 1604 493 529 1279 387 503 550 377 1271 603 467
979 744 708 435 682 925 733 364 362 793 425 392 439 461 329 0 731 204 516 569 756 711 787 1515 770 440 1061 230 673 374 547 1053 722 743
1604 512 475 925 596 1540 1223 406 852 1283 915 963 329 1047 423 731 0 694 993 795 524 689 554 2005 416 930 1675 788 541 945 637 1667 678 542
941 663 671 339 585 994 560 327 266 619 328 557 402 531 292 204 694 0 419 669 719 614 737 1341 764 344 1131 159 774 539 648 1123 625 646
1330 538 581 140 461 1351 949 639 212 1008 153 869 714 886 605 516 993 419 0 981 698 489 613 1730 1063 272 1486 514 1086 852 960 1478 500 522
1256 808 771 901 892 1094 1199 428 828 1258 890 517 503 601 399 569 795 669 981 0 820 985 851 1981 496 906 1229 631 399 500 273 1221 975 838
1630 234 144 809 265 1565 1249 432 807 1308 737 989 375 1072 449 756 524 719 698 820 0 358 223 1722 594 675 1701 814 720 971 799 1693 347 211
1525 324 241 600 156 1546 1144 597 599 1203 528 1064 540 1081 614 711 689 614 489 985 358 0 273 1716 759 467 1682 709 885 1047 964 1674 53 182
1648 264 106 724 180 1596 1267 462 722 1327 652 1019 406 1103 479 787 554 737 613 851 223 273 0 1637 625 590 1731 832 750 1001 829 1723 262 126
2095 2041 1883 1927 1900 2182 1714 1915 1854 1773 1916 2145 1990 2027 1881 1792 2282 1618 2007 2257 2000 1993 1914 0 2352 1932 2370 1747 2362 2128 2236 2362 1983 1846
1458 582 546 996 667 1295 1294 477 923 1353 985 718 399 802 493 770 416 764 1063 496 594 759 625 2076 0 1001 1430 832 166 701 262 1423 749 613
1254 515 558 338 438 1276 873 564 328 933 258 794 639 811 529 440 930 344 272 906 675 467 590 1655 1001 0 1411 438 1010 776 885 1403 477 499
575 1688 1651 1406 1653 370 1291 1308 1333 1350 1395 948 1383 699 1279 1061 1675 1131 1486 1229 1700 1682 1731 2093 1430 1411 0 1014 1333 930 1207 446 1692 1714
932 758 765 433 680 879 688 422 360 748 423 453 497 414 387 230 788 159 514 631 814 709 832 1470 832 438 1014 0 735 436 609 1006 719 741
1361 708 671 1005 792 1198 1303 532 932 1363 995 622 525 705 503 673 541 774 1086 399 720 885 750 2085 166 1010 1334 735 0 604 165 1326 875 738
832 1089 1052 884 1131 669 1074 708 811 1134 873 93 783 176 679 487 1075 636 964 629 1101 1159 1131 1856 831 889 805 519 734 0 608 797 1170 1119
1235 787 750 880 871 1072 1177 406 807 1237 869 496 481 579 377 547 637 648 960 273 799 964 829 1959 262 885 1208 609 165 478 0 1200 953 817
858 1680 1644 1398 1645 654 1304 1300 1325 1363 1387 940 1375 692 1271 1053 1667 1123 1478 1221 1692 1674 1723 2085 1422 1403 446 1006 1325 922 1199 0 1684 1706
1535 335 231 611 146 1557 1154 586 609 1214 539 1075 530 1092 603 722 678 625 500 975 347 53 262 1705 749 477 1692 719 875 1057 953 1684 0 171
1557 252 94 633 89 1578 1176 450 631 1236 561 1007 393 1091 467 743 542 646 522 838 211 182 126 1569 613 499 1714 741 738 989 817 1706 171 0
EOF