NAME : tsp_problem
TYPE : TSP
DIMENSION : 44
EDGE_WEIGHT_TYPE : EXPLICIT
EDGE_WEIGHT_FORMAT : FULL_MATRIX
EDGE_WEIGHT_SECTION
0 1713 2142 1668 1646 1649 1646 1449 2082 107 113 2302 1659 1427 1714 1636 2219 1587 2435 1591 115 3802 1735 2308 1656 1688 1757 1699 2202 2024 1772 1630 1640 1692 1679 120 754 1691 2170 1894 1706 1771 1666 1643
1713 0 1248 349 327 330 327 1216 1188 1678 1660 1408 340 529 395 317 1325 267 1541 272 1670 2908 841 1414 337 369 1037 380 1308 1130 878 311 742 373 360 1691 1418 372 1276 1000 387 877 347 324
2133 1248 0 1204 1181 1185 1182 1034 147 2098 2079 219 1194 790 1250 1171 136 1122 351 1127 2090 1718 475 224 1191 1224 414 1235 118 184 475 1165 661 1227 1214 2111 1567 1226 86 362 1242 399 1201 1179
1668 349 1204 0 105 43 105 1172 1144 1633 1615 1364 118 484 59 242 1281 192 1497 197 1625 2864 796 1369 114 111 993 72 1263 1085 834 156 698 93 73 1647 1373 84 1232 955 65 833 118 37
1646 327 1181 105 0 86 15 1149 1122 1611 1593 1342 25 462 96 219 1259 170 1475 175 1603 2842 774 1347 22 125 970 109 1241 1063 811 134 675 58 115 1625 1351 121 1209 933 102 811 32 80
1649 330 1185 43 86 0 86 1153 1125 1615 1596 1345 99 465 77 223 1262 174 1478 178 1607 2845 777 1351 96 92 974 75 1245 1067 815 138 679 111 54 1628 1354 66 1213 936 82 814 106 19
1646 327 1182 105 15 86 0 1150 1122 1612 1593 1342 28 462 98 220 1259 171 1475 175 1604 2842 774 1348 25 125 971 112 1241 1064 812 135 676 61 116 1625 1351 123 1210 933 105 811 35 80
1449 1209 1043 1165 1142 1146 1143 0 984 1414 1396 1204 1155 751 1211 1132 1121 1083 1337 1088 1406 2704 636 1209 1152 1185 658 1196 1103 925 673 1126 622 1188 1175 1427 883 1187 1071 795 1203 673 1162 1140
2073 1188 147 1144 1122 1125 1122 974 0 2038 2020 272 1135 730 1190 1111 189 1062 404 1067 2030 1771 415 277 1131 1164 355 1175 171 237 415 1105 601 1168 1154 2051 1507 1166 139 302 1182 339 1142 1119
107 1678 2107 1634 1611 1615 1612 1414 2048 0 54 2268 1624 1392 1680 1601 2185 1552 2401 1557 64 3768 1700 2273 1621 1653 1722 1665 2167 1989 1737 1595 1606 1657 1644 82 720 1656 2135 1859 1672 1737 1631 1609
113 1660 2089 1615 1593 1596 1593 1396 2029 54 0 2249 1606 1374 1661 1583 2166 1533 2382 1538 45 3749 1681 2255 1603 1635 1703 1646 2149 1971 1719 1577 1587 1639 1626 67 701 1638 2117 1840 1653 1718 1613 1590
2293 1408 219 1364 1342 1345 1342 1194 272 2258 2240 0 1355 950 1410 1332 114 1282 213 1287 2250 1580 636 85 1351 1384 575 1395 170 309 636 1326 822 1388 1375 2271 1727 1386 211 522 1402 559 1362 1339
1659 340 1194 118 25 99 28 1162 1135 1624 1606 1355 0 475 81 232 1272 183 1488 188 1616 2855 787 1360 35 138 983 94 1254 1076 824 147 688 62 114 1638 1364 106 1222 946 87 824 45 93
1427 529 790 484 462 465 462 758 730 1392 1374 950 475 0 530 452 867 403 1083 407 1384 2450 383 956 472 504 579 515 850 672 420 446 284 508 495 1405 1132 507 818 542 522 420 482 459
1714 395 1250 59 96 77 98 1218 1190 1680 1661 1410 81 530 0 288 1327 239 1543 243 1672 2910 842 1416 86 142 1039 28 1309 1132 880 203 744 49 48 1693 1419 40 1278 1001 21 879 74 83
1636 317 1171 242 219 223 220 1139 1111 1601 1583 1332 232 452 288 0 1249 60 1464 57 1593 2831 764 1337 229 262 960 273 1231 1053 801 203 665 265 252 1614 1341 264 1199 923 280 801 239 217
2210 1325 136 1281 1259 1262 1259 1111 189 2175 2157 114 1272 867 1327 1249 0 1199 247 1204 2167 1614 553 120 1268 1301 492 1312 87 226 553 1243 739 1305 1292 2188 1644 1303 128 439 1319 476 1279 1256
1586 267 1122 192 170 174 171 1090 1062 1552 1533 1282 183 403 239 60 1199 0 1415 102 1544 2782 714 1288 180 212 911 224 1182 1004 752 154 616 216 203 1565 1291 215 1150 873 231 751 190 168
2426 1541 351 1497 1475 1478 1475 1327 404 2391 2373 213 1488 1083 1543 1464 247 1415 0 1420 2383 1552 768 155 1484 1517 707 1528 302 442 768 1458 954 1521 1507 2404 1860 1519 344 655 1535 692 1494 1472
1591 272 1127 197 175 178 175 1094 1067 1556 1538 1287 188 407 243 57 1204 102 1420 0 1548 2787 719 1292 184 217 915 228 1186 1008 757 159 620 221 208 1570 1296 219 1155 878 235 756 195 172
115 1670 2099 1625 1603 1607 1604 1406 2040 64 45 2260 1616 1384 1672 1593 2177 1544 2392 1548 0 3760 1692 2265 1613 1645 1714 1657 2159 1981 1729 1587 1598 1649 1636 77 712 1648 2127 1851 1664 1729 1623 1601
3793 2908 1718 2864 2842 2845 2842 2694 1771 3758 3740 1580 2855 2450 2910 2831 1614 2782 1552 2787 3750 0 2135 1522 2851 2884 2075 2895 1670 1809 2135 2825 2321 2888 2874 3771 3227 2886 1711 2022 2902 2059 2862 2839
1725 841 475 796 774 777 774 626 415 1690 1672 636 787 383 842 764 553 714 768 719 1682 2135 0 641 784 816 264 827 535 357 109 758 254 820 807 1704 1159 819 503 227 834 105 794 771
2298 1414 224 1369 1347 1351 1348 1200 277 2264 2245 85 1360 956 1416 1337 120 1288 155 1292 2256 1522 641 0 1357 1389 580 1401 175 315 641 1331 827 1393 1380 2277 1733 1392 217 528 1408 564 1367 1345
1656 337 1191 114 22 96 25 1159 1131 1621 1603 1351 35 472 86 229 1268 180 1484 184 1613 2851 784 1357 0 134 980 99 1251 1073 821 144 685 67 120 1634 1360 111 1219 943 92 820 42 89
1688 369 1224 111 125 92 125 1191 1164 1653 1635 1384 138 504 142 262 1301 212 1517 217 1645 2884 816 1389 134 0 1012 142 1283 1105 853 176 717 168 121 1667 1393 133 1252 975 148 853 145 86
1755 1037 414 993 970 974 971 656 355 1720 1702 575 983 579 1039 960 492 911 707 915 1712 2075 264 580 980 1012 0 1024 474 296 264 954 450 1016 1003 1734 1189 1015 442 209 1031 187 990 968
1699 380 1235 72 109 75 112 1203 1175 1665 1646 1395 94 515 28 273 1312 224 1528 228 1657 2895 827 1401 99 142 1024 0 1295 1117 865 188 729 62 61 1678 1404 53 1263 986 34 864 87 69
2192 1308 118 1263 1241 1245 1241 1094 171 2157 2139 170 1254 850 1309 1231 87 1182 302 1186 2149 1670 535 175 1251 1283 474 1295 0 208 535 1225 721 1287 1274 2171 1626 1286 110 421 1302 458 1261 1238
2014 1130 184 1085 1063 1067 1064 916 237 1980 1961 309 1076 672 1132 1053 226 1004 442 1008 1972 1809 357 315 1073 1105 296 1117 208 0 357 1047 543 1109 1096 1993 1449 1108 177 244 1124 280 1083 1061
1762 878 475 834 811 815 812 664 415 1728 1709 636 824 420 880 801 553 752 768 757 1720 2135 109 641 821 853 264 865 535 357 0 795 291 857 844 1741 1197 856 503 227 872 105 831 809
1630 311 1165 156 134 138 135 1133 1105 1595 1577 1326 147 446 203 203 1243 154 1458 159 1587 2825 758 1331 144 176 954 188 1225 1047 795 0 659 180 167 1608 1335 179 1193 917 195 795 154 132
1640 742 661 698 675 679 676 629 601 1606 1587 822 688 284 744 665 739 616 954 620 1597 2321 254 827 685 717 450 729 721 543 291 659 0 721 708 1619 1162 720 689 413 736 291 695 673
1692 373 1227 93 58 111 61 1195 1168 1657 1639 1388 62 508 49 265 1305 216 1521 221 1649 2888 820 1393 67 168 1016 62 1287 1109 857 180 721 0 82 1671 1397 74 1255 979 55 857 55 118
1679 360 1214 73 115 54 116 1182 1154 1644 1626 1375 114 495 48 252 1292 203 1507 208 1636 2874 807 1380 120 121 1003 61 1274 1096 844 167 708 82 0 1657 1384 73 1242 966 54 844 107 48
120 1691 2121 1647 1625 1628 1625 1427 2061 82 67 2281 1638 1406 1693 1614 2198 1565 2414 1570 77 3781 1713 2287 1634 1667 1735 1678 2180 2002 1751 1608 1619 1671 1657 0 733 1669 2149 1872 1685 1750 1645 1622
754 1418 1576 1373 1351 1354 1351 883 1517 720 701 1737 1364 1132 1419 1341 1654 1291 1869 1296 712 3237 1169 1742 1361 1393 1191 1404 1636 1458 1206 1335 1155 1397 1384 733 0 1395 1604 1328 1411 1206 1371 1348
1691 372 1226 84 121 66 123 1194 1166 1656 1638 1386 106 507 40 264 1303 215 1519 219 1648 2886 819 1392 111 133 1015 53 1286 1108 856 179 720 74 73 1669 1395 0 1254 978 46 855 98 60
2160 1276 86 1232 1209 1213 1210 1062 139 2126 2107 211 1222 818 1278 1199 128 1150 344 1155 2118 1711 503 217 1219 1252 442 1263 110 177 503 1193 689 1255 1242 2139 1595 1254 0 390 1270 426 1229 1207
1884 1000 362 955 933 936 933 785 302 1849 1831 522 946 542 1001 923 439 873 655 878 1841 2022 227 528 943 975 209 986 421 244 227 917 413 979 966 1863 1318 978 390 0 993 150 953 930
1706 387 1242 65 102 82 105 1210 1182 1672 1653 1402 87 522 21 280 1319 231 1535 235 1664 2902 834 1408 92 148 1031 34 1302 1124 872 195 736 55 54 1685 1411 46 1270 993 0 871 80 76
1762 877 399 833 811 814 811 663 339 1727 1709 559 824 420 879 801 476 751 692 756 1719 2059 105 564 820 853 187 864 458 280 105 795 291 857 844 1740 1196 855 426 150 871 0 831 808
1666 347 1201 118 32 106 35 1169 1142 1631 1613 1362 45 482 74 239 1279 190 1494 195 1623 2862 794 1367 42 145 990 87 1261 1083 831 154 695 55 107 1645 1371 98 1229 953 80 831 0 100
1643 324 1179 37 80 19 80 1147 1119 1609 1590 1339 93 459 83 217 1256 168 1472 172 1601 2839 771 1345 89 86 968 69 1238 1061 809 132 673 118 48 1622 1348 60 1207 930 76 808 100 0
EOF