NAME : tsp_problem
TYPE : TSP
DIMENSION : 28
EDGE_WEIGHT_TYPE : EXPLICIT
EDGE_WEIGHT_FORMAT : FULL_MATRIX
EDGE_WEIGHT_SECTION
0 1419 1306 1981 1272 778 1164 1986 1020 1176 1289 310 266 2144 1222 1937 185 1091 163 844 223 1041 344 1974 1065 670 1324 1341
1419 0 1231 885 949 2033 842 770 925 2070 966 1301 1394 927 558 721 1567 428 1548 1218 1449 946 1231 968 2145 1079 1002 1018
1310 1230 0 1912 1684 1648 1576 1798 1660 1416 1701 1545 1501 1727 1293 1748 1420 1163 1398 1952 1458 1681 1620 1996 1518 1813 1737 1753
1981 885 1913 0 969 2715 983 290 1117 2752 945 1863 1956 564 1240 348 2129 1110 2110 1409 2011 1137 1792 337 2827 1333 705 670
1272 949 1685 969 0 2016 161 1005 408 2414 61 1154 1247 1279 544 1064 1420 558 1401 700 1301 428 1083 962 2303 623 312 329
777 2010 1661 2692 2015 0 1907 2578 1763 969 2032 1011 967 2617 1964 2528 887 1834 864 1587 924 1783 1087 2717 858 1412 2067 2084
1164 842 1577 983 161 1908 0 1019 300 2306 178 1046 1139 1293 436 1078 1312 450 1293 593 1194 321 976 977 2195 516 327 343
1986 770 1798 290 1005 2600 1019 0 1153 2637 981 1868 1961 354 1126 234 2134 995 2115 1445 2016 1173 1798 373 2712 1369 741 706
1020 925 1661 1117 408 1764 300 1153 0 2162 425 902 995 1427 520 1212 1168 534 1149 449 1050 98 832 1110 2051 372 460 477
1185 2075 1436 2757 2423 945 2315 2642 2172 0 2440 1420 1376 2681 2138 2593 1295 2007 1273 1996 1333 2192 1495 2840 682 1821 2476 2492
1289 966 1702 945 61 2033 178 981 425 2431 0 1171 1264 1255 561 1040 1437 575 1418 717 1319 445 1101 938 2320 641 288 305
310 1301 1540 1863 1154 1013 1046 1868 902 1410 1171 0 134 2025 1103 1819 307 973 318 726 189 922 185 1856 1300 551 1206 1223
266 1394 1496 1956 1247 969 1139 1961 995 1366 1264 134 0 2119 1197 1912 264 1066 275 819 145 1016 279 1949 1256 645 1299 1316
2144 927 1727 564 1279 2626 1293 354 1427 2663 1255 2025 2119 0 1283 508 2292 1152 2273 1719 2173 1447 1955 647 2738 1642 1015 980
1222 558 1294 1240 544 1966 436 1126 520 2133 561 1103 1197 1283 0 1076 1370 167 1351 812 1251 540 1033 1246 2208 736 596 613
1937 721 1749 348 1064 2551 1078 234 1212 2588 1040 1819 1912 508 1076 0 2085 946 2066 1504 1967 1232 1748 432 2663 1427 800 765
185 1567 1416 2129 1420 888 1312 2134 1168 1286 1437 307 264 2292 1370 2085 0 1239 55 993 149 1189 452 2122 1175 818 1472 1489
1169 409 1145 1091 700 1913 592 977 676 1984 717 1051 1144 1134 309 927 1317 0 1299 968 1199 696 981 1175 2059 829 752 769
163 1548 1393 2110 1401 866 1293 2115 1149 1263 1418 318 275 2273 1351 2066 55 1220 0 974 159 1170 462 2103 1153 799 1453 1470
844 1218 1953 1409 700 1588 593 1445 449 1986 717 726 819 1719 812 1504 993 826 974 0 874 469 656 1403 1876 196 753 769
223 1449 1453 2011 1301 925 1194 2016 1050 1323 1319 189 145 2173 1251 1967 149 1121 159 874 0 1070 333 2004 1212 699 1354 1370
1041 946 1681 1137 428 1785 321 1173 98 2182 445 922 1016 1447 540 1232 1189 554 1170 469 1070 0 852 1131 2072 392 481 497
344 1231 1616 1792 1083 1088 976 1798 832 1486 1101 185 279 1955 1033 1748 452 903 462 656 333 852 0 1786 1375 481 1136 1152
1974 968 1996 337 962 2718 977 373 1110 2835 938 1856 1949 647 1246 432 2122 1193 2103 1403 2004 1131 1786 0 2910 1326 698 664
1067 2140 1521 2822 2304 826 2197 2707 2053 711 2322 1301 1257 2747 2203 2658 1176 2072 1154 1877 1214 2073 1377 2906 0 1702 2357 2373
670 1079 1814 1333 623 1414 516 1369 372 1811 641 551 645 1642 736 1427 818 749 799 196 699 392 481 1326 1701 0 676 692
1324 1002 1737 705 312 2068 327 741 460 2466 288 1206 1299 1015 596 800 1472 610 1453 753 1354 481 1136 698 2355 676 0 65
1341 1018 1754 670 329 2085 343 706 477 2483 305 1223 1316 980 613 765 1489 627 1470 769 1370 497 1152 664 2372 692 65 0
EOF