NAME : tsp_problem
TYPE : TSP
DIMENSION : 42
EDGE_WEIGHT_TYPE : EXPLICIT
EDGE_WEIGHT_FORMAT : FULL_MATRIX
EDGE_WEIGHT_SECTION
0 1577 667 1666 1689 1456 1668 1464 1771 1854 1873 248 808 1404 1233 1865 1698 1831 1413 1972 1342 1913 1420 1225 1744 1856 1708 1870 1370 1818 1785 1721 1447 509 281 1221 1217 662 1774 1335 1254 1849
1577 0 1680 1188 1210 403 109 410 321 354 957 1606 2166 925 754 415 1219 1186 935 522 288 968 942 747 294 936 1057 1071 631 1019 901 162 1310 1238 1639 418 414 1809 274 596 776 904
667 1711 0 1800 1823 1590 1802 1598 1904 1988 1975 542 705 1538 1367 1999 1832 1965 1547 2106 1476 2015 1554 1359 1878 1959 1810 1972 1504 1920 1887 1855 1550 642 482 1355 1351 281 1908 1469 1388 1951
1667 1188 1769 0 295 1067 1279 1075 1381 997 1648 1696 2256 624 551 1476 304 661 548 1583 952 1658 596 544 1355 1626 1748 1762 981 1709 1592 1271 1968 1327 1728 832 828 1899 1015 945 455 1595
1689 1210 1792 295 0 1089 1302 1097 1404 990 1670 1718 2278 647 573 1498 36 654 570 1605 975 1681 619 566 1377 1649 1770 1784 1003 1731 1614 1264 1990 1349 1751 854 850 1921 1008 968 478 1617
1457 403 1559 1067 1089 0 494 25 596 680 1177 1485 2046 805 633 691 1098 1455 814 798 139 1188 821 626 570 1156 1277 1291 510 1239 1121 547 1530 1117 1518 298 293 1688 600 475 655 1124
1669 109 1771 1279 1302 494 0 502 412 446 1049 1698 2258 1017 845 506 1310 1278 1026 613 380 1059 1033 838 385 1027 1149 1163 723 1110 993 147 1401 1329 1730 510 506 1900 365 687 867 996
1464 410 1567 1075 1097 25 502 0 604 688 1185 1493 2053 812 641 698 1106 1463 821 805 146 1195 828 634 577 1163 1285 1299 518 1246 1129 554 1537 1124 1526 305 301 1696 607 482 662 1132
1771 321 1873 1381 1404 596 412 604 0 598 842 1800 2360 1119 948 300 1413 1430 1128 407 482 853 1135 940 82 821 942 956 825 903 786 465 1195 1431 1832 612 608 2003 518 789 969 789
1855 354 1957 997 990 680 446 688 598 0 1235 1883 2444 1203 1031 692 999 935 1212 799 566 1245 1219 1024 571 1213 1334 1349 909 1296 1179 377 1587 1515 1916 696 692 2086 121 873 1053 1182
1869 957 1971 1648 1670 1177 1049 1185 842 1235 0 1677 1859 1385 1214 581 1679 2036 1395 656 1063 178 1402 1207 815 54 308 184 784 131 152 1101 532 1698 1616 942 938 1898 1154 749 1236 82
248 1606 542 1695 1717 1485 1697 1492 1799 1883 1681 0 616 1433 1261 1893 1726 1860 1442 2000 1370 1720 1449 1254 1773 1664 1516 1678 1399 1625 1593 1749 1255 537 103 1250 1246 470 1802 1363 1283 1657
808 2166 705 2255 2278 2045 2257 2053 2359 2443 1866 616 0 1993 1821 2267 2287 2420 2002 2343 1930 1905 2009 1814 2333 1849 1701 1863 1959 1810 1778 2310 1440 1097 556 1810 1806 633 2363 1924 1843 1842
1405 925 1507 624 647 805 1017 812 1119 1203 1385 1433 1993 0 208 1213 656 1013 121 1320 690 1396 522 206 1092 1364 1485 1499 719 1447 1330 1069 1705 1065 1466 569 565 1636 1122 683 286 1333
1233 754 1336 551 573 633 845 641 948 1031 1214 1262 1822 208 0 1042 582 939 217 1149 519 1224 351 48 921 1193 1314 1328 547 1275 1158 898 1534 893 1295 398 394 1465 951 512 115 1161
1865 415 1968 1476 1498 691 506 698 300 692 581 1894 2260 1213 1042 0 1507 1524 1223 145 576 591 1230 1035 273 559 680 695 679 642 525 559 933 1525 1927 706 702 2097 612 644 1064 528
1698 1219 1801 304 36 1098 1310 1106 1413 999 1679 1727 2287 656 582 1507 0 663 579 1614 984 1690 627 575 1386 1658 1779 1793 1012 1740 1623 1273 1999 1358 1760 863 859 1930 1017 977 487 1626
1831 1186 1933 661 654 1455 1278 1463 1430 935 2036 1860 2420 1013 939 1524 663 0 936 1631 1340 2046 984 932 1403 2014 2136 2150 1369 2097 1980 1209 2228 1350 1892 1220 1216 2063 953 1334 843 1983
1414 935 1516 548 570 814 1026 821 1128 1212 1395 1443 2003 121 217 1223 579 936 0 1330 699 1405 453 216 1102 1373 1495 1509 728 1456 1339 1079 1714 1074 1475 579 575 1645 1132 692 246 1342
1972 522 2075 1583 1605 798 613 805 407 799 656 2001 2336 1320 1149 145 1614 1631 1330 0 683 667 1337 1142 380 635 756 770 755 718 601 666 1009 1632 2034 813 809 2204 719 720 1171 604
1342 288 1444 952 975 139 380 146 482 566 1063 1371 1931 690 519 576 984 1340 699 683 0 1073 706 511 455 1041 1163 1177 396 1124 1007 432 1415 1002 1403 183 179 1574 485 360 540 1010
1908 968 2010 1658 1681 1188 1059 1195 853 1245 178 1716 1898 1396 1224 591 1690 2046 1405 667 1073 0 1412 1217 826 157 319 292 795 239 163 1112 571 1708 1655 952 948 1938 1165 759 1246 125
1421 942 1523 596 619 821 1033 828 1135 1219 1402 1450 2010 522 351 1230 627 984 453 1337 706 1412 0 344 1109 1380 1502 1516 735 1463 1346 1086 1721 1081 1482 586 582 1652 1139 699 361 1349
1226 747 1328 544 566 626 838 634 940 1024 1207 1255 1815 206 48 1035 575 932 216 1142 511 1217 344 0 914 1185 1307 1321 540 1268 1151 891 1527 886 1287 391 387 1458 944 505 108 1154
1744 294 1847 1355 1377 570 385 577 82 571 815 1773 2333 1092 921 273 1386 1403 1102 380 455 826 1109 914 0 794 915 929 798 877 760 438 1168 1404 1806 585 581 1976 491 763 943 763
1852 936 1954 1626 1649 1156 1027 1163 821 1213 54 1660 1842 1364 1193 559 1658 2014 1373 635 1041 157 1380 1185 794 0 287 168 763 115 131 1080 515 1676 1599 921 917 1882 1133 728 1214 61
1703 1057 1806 1748 1770 1277 1149 1285 942 1334 308 1511 1694 1485 1314 680 1779 2136 1495 756 1163 319 1502 1307 915 287 0 422 884 369 191 1201 367 1797 1451 1042 1038 1733 1254 849 1336 255
1866 1071 1968 1762 1784 1291 1163 1299 956 1349 184 1674 1856 1499 1328 695 1793 2150 1509 770 1177 292 1516 1321 929 168 422 0 898 87 266 1215 529 1812 1613 1056 1052 1896 1268 863 1350 196
1371 631 1473 981 1003 510 723 518 825 909 784 1399 1959 719 547 679 1012 1369 728 755 396 795 735 540 798 763 884 898 0 846 729 775 1137 1031 1432 275 271 1602 828 56 569 732
1813 1019 1915 1709 1731 1239 1110 1246 903 1296 131 1621 1803 1447 1275 642 1740 2097 1456 718 1124 239 1463 1268 877 115 369 87 846 0 214 1162 476 1759 1560 1003 999 1843 1215 810 1297 144
1781 901 1883 1592 1614 1121 993 1129 786 1179 152 1589 1771 1330 1158 525 1623 1980 1339 601 1007 163 1346 1151 760 131 191 266 729 214 0 1045 444 1642 1528 886 882 1811 1098 693 1180 100
1721 162 1824 1271 1264 547 147 554 465 377 1101 1750 2310 1069 898 559 1273 1209 1079 666 432 1112 1086 891 438 1080 1201 1215 775 1162 1045 0 1454 1381 1783 562 558 1953 297 740 920 1048
1443 1310 1545 1928 1950 1530 1401 1537 1195 1587 532 1251 1433 1665 1494 933 1959 2202 1674 1009 1415 571 1681 1487 1168 515 367 529 1137 476 444 1454 0 1545 1190 1295 1291 1473 1507 1102 1515 508
509 1237 611 1327 1349 1116 1328 1124 1431 1514 1697 537 1097 1064 893 1525 1358 1350 1073 1632 1002 1708 1080 886 1404 1676 1797 1811 1030 1758 1641 1381 1549 0 570 881 877 740 1434 995 914 1644
281 1638 482 1728 1750 1518 1730 1525 1832 1916 1620 103 556 1465 1294 1926 1759 1893 1475 2033 1403 1660 1482 1287 1805 1604 1455 1617 1432 1565 1532 1782 1194 570 0 1282 1278 409 1835 1396 1316 1596
1179 536 1281 789 811 415 627 423 730 813 996 1207 1767 526 355 824 820 1177 536 931 301 1007 543 348 703 975 1096 1110 329 1057 940 680 1349 839 1240 0 176 1410 733 294 377 943
1177 534 1279 787 809 413 626 421 728 812 994 1205 1766 525 353 822 818 1175 534 929 299 1005 541 346 701 973 1094 1108 327 1056 938 678 1347 837 1238 178 0 1408 731 292 375 942
662 1840 281 1930 1952 1719 1932 1727 2034 2117 1903 470 633 1667 1496 2128 1961 2094 1677 2235 1605 1942 1684 1489 2007 1886 1738 1900 1633 1847 1815 1984 1477 772 409 1484 1480 0 2037 1598 1518 1879
1774 274 1877 1015 1008 600 365 607 518 121 1154 1803 2363 1122 951 612 1017 953 1132 719 485 1165 1139 944 491 1133 1254 1268 828 1215 1098 297 1507 1434 1836 615 611 2006 0 793 973 1101
1335 596 1438 945 968 475 687 482 789 873 749 1364 1924 683 512 644 977 1334 692 720 360 759 699 505 763 728 849 863 56 810 693 740 1102 995 1397 240 236 1567 793 0 533 696
1255 776 1357 455 478 655 867 662 969 1053 1236 1284 1844 286 115 1064 487 843 246 1171 540 1246 361 108 943 1214 1336 1350 569 1297 1180 920 1555 915 1316 420 416 1486 973 533 0 1183
1845 904 1947 1595 1617 1124 996 1132 789 1182 82 1653 1835 1333 1161 528 1626 1983 1342 604 1010 125 1349 1154 763 61 255 196 732 144 100 1048 508 1645 1592 889 885 1875 1101 696 1183 0
EOF