NAME : tsp_problem
TYPE : TSP
DIMENSION : 26
EDGE_WEIGHT_TYPE : EXPLICIT
EDGE_WEIGHT_FORMAT : FULL_MATRIX
EDGE_WEIGHT_SECTION
0 1047 1181 1166 671 1632 1240 1247 1212 2617 758 981 807 1425 1529 1099 1670 1231 1353 829 1442 2571 1638 886 1224 806
1047 0 804 776 1164 1914 1152 1159 911 3029 481 304 1299 1337 1812 1592 1952 1144 1846 1322 1935 2665 1921 1379 1136 899
1181 804 0 67 688 1222 460 467 219 2337 1006 829 738 645 1119 966 1260 451 1544 760 1634 3143 1228 817 444 1424
1166 776 67 0 673 1207 445 452 204 2322 978 800 723 630 1104 951 1245 436 1530 746 1619 3128 1214 802 429 1396
671 1164 699 685 0 1150 758 766 731 2266 875 1098 325 943 1048 618 1189 750 1035 348 1125 2634 1157 405 743 923
1632 1914 1222 1207 1150 0 972 979 1253 1433 1835 1939 1085 751 361 685 465 964 1931 1108 2052 3594 215 905 1038 1883
1240 1152 460 445 747 972 0 57 491 2087 1354 1176 797 395 869 716 1010 58 1603 819 1693 3202 979 876 275 1491
1247 1159 467 452 754 979 57 0 498 2094 1361 1184 804 402 877 723 1017 31 1611 827 1700 3209 986 883 283 1498
1212 911 219 204 719 1253 491 498 0 2368 1113 935 769 676 1150 997 1291 482 1576 792 1665 3174 1260 848 475 1463
2594 3028 2336 2321 2264 1432 2086 2093 2367 0 2797 3021 2199 1865 1305 1799 1185 2077 2305 2222 2391 4238 1254 2019 2151 2845
758 481 1006 978 875 1835 1354 1361 1113 2820 0 416 1010 1539 1732 1303 1873 1346 1556 1033 1646 2375 1841 1089 1338 610
981 304 829 800 1098 1939 1176 1184 935 3044 416 0 1233 1361 1836 1526 1977 1168 1780 1256 1869 2599 1945 1313 1161 833
807 1299 738 723 325 1085 797 804 769 2200 1010 1233 0 895 982 553 1123 788 1170 145 1260 2769 1092 339 781 1058
1425 1337 645 630 932 751 395 402 676 1867 1539 1361 895 0 649 496 790 386 1788 918 1878 3387 758 716 460 1676
1529 1812 1119 1104 1048 361 869 877 1150 1307 1732 1836 982 649 0 583 230 861 1805 1005 1926 3492 368 803 935 1780
1099 1592 966 951 618 685 716 723 997 1801 1303 1526 553 496 583 0 724 708 1463 576 1552 3062 692 373 782 1351
1670 1952 1260 1245 1189 465 1010 1017 1291 1186 1873 1977 1123 790 230 724 0 1002 1685 1146 1805 3618 287 944 1076 1921
1231 1144 451 436 738 964 58 31 482 2079 1346 1168 788 386 861 708 1002 0 1595 811 1684 3194 970 867 267 1482
1353 1845 1544 1529 1035 1936 1603 1610 1575 2292 1556 1779 1170 1788 1809 1463 1689 1594 0 1193 180 2887 1758 1249 1587 1532
829 1322 760 746 348 1108 819 827 792 2223 1033 1256 145 918 1005 576 1146 811 1193 0 1282 2792 1114 362 804 1081
1473 1966 1665 1650 1156 2057 1724 1731 1696 2365 1677 1900 1291 1909 1930 1584 1810 1715 180 1314 0 3008 1879 1370 1708 1653
2574 2668 3158 3143 2648 3609 3217 3224 3189 4230 2379 2602 2784 3402 3506 3076 3626 3208 2869 2806 2959 0 3615 2863 3201 2054
1638 1921 1228 1214 1157 215 979 986 1260 1255 1841 1945 1092 758 368 692 287 970 1753 1114 1874 3601 0 912 1044 1889
886 1379 817 802 405 905 876 883 848 2021 1089 1313 339 716 803 373 944 867 1250 362 1339 2849 912 0 860 1137
1224 1136 444 429 731 1038 275 283 475 2153 1338 1161 781 460 935 782 1076 267 1588 804 1677 3187 1044 860 0 1475
806 899 1424 1396 923 1883 1491 1498 1463 2868 610 833 1058 1676 1780 1351 1921 1482 1532 1081 1621 2051 1889 1137 1475 0
EOF