NAME : tsp_problem
TYPE : TSP
DIMENSION : 78
EDGE_WEIGHT_TYPE : EXPLICIT
EDGE_WEIGHT_FORMAT : FULL_MATRIX
EDGE_WEIGHT_SECTION
0 192 635 387 348 305 698 327 774 1080 575 536 326 704 924 764 710 273 651 609 347 898 540 880 290 529 702 543 447 182 962 1094 291 586 1162 689 364 350 676 345 729 279 765 542 734 358 1116 281 539 595 388 908 715 595 735 822 529 807 261 746 587 361 118 210 524 490 773 288 873 714 285 767 616 878 149 513 717 1096
192 0 586 546 430 464 648 486 790 1061 526 552 277 655 875 781 661 432 602 560 506 848 563 831 363 480 653 493 471 177 913 1067 451 537 1178 639 523 509 835 504 680 230 716 492 750 517 1067 441 698 546 547 865 666 754 686 773 480 758 212 697 746 521 237 370 475 649 789 370 889 665 222 718 567 894 100 464 667 1112
635 586 0 990 845 908 413 930 577 826 126 583 585 419 640 654 127 875 367 325 950 613 613 595 671 244 119 376 657 708 677 832 894 136 980 404 967 953 1279 947 445 381 480 671 661 961 831 884 1142 310 991 629 430 1198 450 537 658 224 439 277 1190 964 680 813 653 1093 663 680 800 430 543 482 331 805 522 642 432 1023
387 546 990 0 450 114 1042 260 983 1289 930 745 572 973 1210 974 1065 167 1006 964 137 1133 749 1152 499 883 1057 897 657 537 1276 1303 225 940 1371 1043 63 140 330 135 941 633 976 896 943 291 1341 174 188 950 178 1117 1026 244 946 1176 884 1162 615 1100 235 295 449 208 878 139 983 497 1082 925 639 1122 970 1087 504 867 986 1305
348 430 845 450 0 368 761 217 702 1008 785 464 291 692 929 693 920 336 811 718 410 852 468 870 218 738 912 752 375 421 995 1022 285 796 1090 898 427 413 740 408 659 488 695 689 662 270 1060 345 603 805 451 836 745 658 665 1031 676 1017 471 956 650 181 393 274 671 553 701 216 801 643 494 897 725 806 388 628 705 1024
305 464 908 114 368 0 960 178 901 1207 848 663 490 891 1128 892 983 84 924 882 74 1051 667 1069 417 801 974 815 575 454 1194 1221 143 858 1289 961 91 77 403 71 859 551 894 814 861 209 1259 92 266 868 115 1035 944 322 864 1094 801 1080 533 1018 314 213 366 125 796 217 900 415 1000 842 557 1040 888 1005 422 785 904 1223
698 648 413 1042 761 960 0 940 364 613 353 356 610 90 426 382 471 928 131 218 1002 400 386 382 587 195 419 438 499 770 464 619 947 364 767 191 1019 1005 1331 1000 150 444 185 532 434 993 618 937 1194 135 1043 416 65 1250 155 324 520 397 501 332 1242 904 743 866 514 1145 391 596 573 139 606 269 225 578 584 471 77 796
327 486 930 260 217 178 940 0 881 1187 870 643 470 871 1108 872 1005 146 946 898 221 1031 647 1050 398 823 997 837 555 477 1174 1201 84 880 1269 983 237 223 550 218 839 573 874 836 842 68 1239 155 413 890 262 1015 925 469 844 1116 824 1102 555 1040 460 51 389 148 818 364 881 396 980 823 579 1062 904 985 444 807 884 1204
774 790 577 983 702 901 364 881 0 417 518 297 551 323 338 102 636 869 318 417 944 261 327 279 528 360 584 603 440 846 404 431 888 528 618 288 960 946 1273 941 262 608 221 473 375 934 469 878 1136 300 984 245 376 1191 257 422 461 562 643 497 1183 845 819 807 456 1086 110 537 514 279 747 306 424 519 726 412 336 687
1080 1061 826 1289 1008 1207 613 1187 417 0 766 603 857 629 236 344 884 1175 566 711 1250 305 633 308 834 608 832 851 746 1152 177 48 1194 776 226 483 1266 1252 1579 1247 568 857 527 779 681 1240 77 1184 1442 548 1290 288 630 1497 563 360 767 810 914 745 1489 1151 1125 1113 762 1392 336 843 521 585 1019 381 718 511 997 718 642 295
575 526 126 930 785 848 353 870 518 766 0 523 525 359 580 594 201 816 307 265 890 553 553 535 611 184 192 316 597 648 617 772 834 21 920 344 907 893 1219 888 385 322 420 611 601 901 771 824 1082 251 931 569 370 1138 390 477 598 298 379 350 1130 904 620 754 593 1033 603 620 740 370 483 423 271 745 462 582 372 963
536 552 583 745 464 663 356 643 297 603 523 0 313 287 524 288 658 631 407 314 705 447 89 466 290 388 650 608 202 608 590 617 649 534 685 529 722 708 1034 703 255 374 290 284 258 695 655 639 897 455 746 431 341 953 260 662 272 671 404 605 945 606 580 569 267 848 297 298 396 239 509 493 320 401 487 223 300 620
326 277 585 572 291 490 610 470 551 857 525 313 0 541 778 542 660 458 601 559 532 701 317 719 117 478 652 492 225 399 844 871 477 536 939 638 549 535 862 530 509 229 544 491 511 523 909 467 725 545 573 685 594 780 514 771 479 757 211 696 772 434 371 396 473 675 550 126 650 492 234 717 566 655 213 463 554 873
704 655 419 973 692 891 90 871 323 629 359 287 541 0 498 313 494 859 140 150 934 472 317 454 518 224 486 444 430 776 536 643 878 370 793 263 950 936 1263 931 81 450 116 463 365 924 681 868 1126 207 974 457 74 1181 86 396 451 469 507 404 1173 835 749 797 446 1076 322 527 504 71 612 341 156 509 590 403 38 727
924 875 640 1210 929 1128 426 1108 338 236 580 524 778 498 0 265 698 1096 380 525 1170 139 554 122 755 422 646 665 667 997 88 242 1115 590 391 350 1187 1173 1499 1168 489 671 448 700 602 1160 242 1104 1362 362 1211 155 444 1418 484 300 688 624 728 559 1410 1072 969 1034 682 1313 257 763 686 506 832 194 532 676 811 639 485 460
764 781 654 974 693 892 382 872 102 344 594 288 542 313 265 0 712 860 395 408 934 188 317 206 519 436 660 679 431 837 331 358 878 605 545 365 951 937 1263 932 253 603 212 464 366 924 396 868 1126 376 975 172 367 1182 248 498 451 638 633 573 1174 835 809 798 446 1077 86 527 505 270 738 233 414 509 716 403 326 614
710 661 127 1065 920 983 471 1005 636 884 201 658 660 494 698 712 0 950 425 400 1025 671 688 654 746 319 74 451 732 783 735 890 969 211 1038 462 1042 1028 1354 1022 520 456 555 746 736 1036 889 959 1217 369 1066 687 488 1273 525 595 733 179 514 232 1265 1039 755 888 728 1168 721 755 875 505 618 541 406 880 597 717 507 1098
273 432 875 167 336 84 928 146 869 1175 816 631 458 859 1096 860 950 0 892 850 127 1019 635 1037 385 769 942 783 542 422 1162 1189 111 826 1257 929 144 130 456 124 826 519 862 782 829 177 1227 73 319 835 168 1003 912 375 832 1062 769 1048 501 986 366 181 334 93 764 270 868 383 968 810 525 1007 856 973 390 753 872 1191
651 602 367 1006 811 924 131 946 318 566 307 407 601 140 380 395 425 892 0 252 966 354 436 336 637 149 373 392 550 724 418 572 910 317 721 144 983 969 1295 963 200 398 236 583 485 977 572 900 1158 89 1007 370 115 1214 206 278 570 351 455 286 1206 954 696 829 565 1109 403 646 623 190 559 223 259 628 538 522 127 790
609 560 325 964 718 882 218 898 417 711 265 314 559 150 525 408 400 850 252 0 924 498 343 481 545 130 391 350 457 682 563 717 868 275 819 289 941 927 1253 922 175 356 210 490 392 935 717 858 1116 196 965 515 203 1172 181 423 477 412 413 347 1164 861 654 788 472 1067 416 553 530 160 517 368 62 535 496 429 162 754
347 506 950 137 410 74 1002 221 944 1250 890 705 532 934 1170 934 1025 127 966 924 0 1094 709 1112 460 843 1017 857 617 497 1236 1264 185 901 1331 1003 114 42 426 47 901 594 936 856 904 252 1301 134 289 910 138 1077 987 345 906 1137 844 1122 576 1061 337 255 409 168 838 240 943 458 1043 885 600 1082 931 1047 464 828 946 1266
898 848 613 1133 852 1051 400 1031 261 305 553 447 701 472 139 188 671 1019 354 498 1094 0 477 47 678 395 619 638 590 970 177 319 1038 564 480 324 1110 1096 1423 1091 412 644 371 623 525 1084 331 1028 1286 335 1134 58 417 1341 407 389 611 597 701 532 1333 995 943 957 606 1236 180 687 664 429 806 168 505 669 784 563 459 549
540 563 613 749 468 667 386 647 327 633 553 89 317 317 554 317 688 635 436 343 709 477 0 495 294 418 680 638 152 612 620 647 654 563 715 559 726 712 1039 707 284 388 320 314 287 700 685 644 902 484 750 461 370 957 290 692 301 700 419 635 949 611 585 573 296 852 326 303 426 268 520 522 350 431 499 253 330 649
880 831 595 1152 870 1069 382 1050 279 308 535 466 719 454 122 206 654 1037 336 481 1112 47 495 0 696 378 602 621 609 953 159 314 1056 546 462 306 1129 1115 1441 1109 431 626 390 642 544 1102 313 1046 1304 318 1153 63 400 1360 425 371 629 580 684 515 1352 1013 925 975 624 1255 199 705 682 447 788 150 487 687 767 581 441 532
290 363 671 499 218 417 587 398 528 834 611 290 117 518 755 519 746 385 637 545 460 678 294 696 0 564 738 578 202 363 821 848 404 622 916 724 476 462 789 457 486 315 521 515 488 450 886 394 652 631 501 662 571 708 491 858 503 843 297 782 699 361 335 323 497 603 527 84 627 469 321 723 551 632 299 454 531 850
529 480 244 883 738 801 195 823 360 608 184 388 478 224 422 436 319 769 149 130 843 395 418 378 564 0 311 269 531 601 460 614 788 195 763 186 860 846 1173 841 250 275 285 564 466 854 614 778 1036 93 884 411 213 1091 255 319 552 309 332 244 1083 858 574 707 546 986 445 573 605 234 437 265 136 609 415 503 237 828
702 653 119 1057 912 974 419 997 584 832 192 650 652 486 646 660 74 942 373 391 1017 619 680 602 738 311 0 442 724 775 684 838 961 203 986 410 1034 1019 1346 1014 511 448 547 738 728 1027 837 951 1209 317 1058 635 437 1265 517 543 725 127 506 180 1256 1031 747 880 720 1160 669 746 867 496 610 489 398 871 589 709 478 1056
543 493 376 897 752 815 438 837 603 851 316 608 492 444 665 679 451 783 392 350 857 638 638 621 578 269 442 0 564 615 702 857 802 326 1005 429 874 860 1186 855 470 289 505 578 686 868 856 792 1049 336 898 654 455 1105 475 562 566 548 346 486 1097 872 588 721 560 1000 688 587 825 455 451 508 356 830 429 550 457 1048
447 471 657 657 375 575 499 555 440 746 597 202 225 430 667 431 732 542 550 457 617 590 152 609 202 531 724 564 0 520 733 760 561 608 828 672 634 620 946 614 398 301 433 427 401 607 798 551 809 598 658 574 484 865 403 805 415 813 331 748 857 518 492 480 409 760 440 210 539 382 428 635 463 544 407 366 443 762
182 177 708 537 421 454 770 477 846 1152 648 608 399 776 997 837 783 422 724 682 497 970 612 953 363 601 775 615 520 0 1035 1166 441 658 1234 761 514 500 826 494 802 351 837 614 807 508 1188 431 689 668 538 980 788 745 807 894 602 880 333 819 737 511 227 360 596 640 846 361 945 787 225 840 688 950 222 585 789 1169
962 913 677 1276 995 1194 464 1174 404 177 617 590 844 536 88 331 735 1162 418 563 1236 177 620 159 821 460 684 702 733 1035 0 183 1181 628 331 364 1253 1239 1565 1234 555 708 514 766 668 1227 182 1171 1428 399 1277 193 482 1484 550 240 754 662 766 596 1476 1138 1007 1100 748 1379 323 829 626 572 870 232 569 616 849 705 523 401
1094 1067 832 1303 1022 1221 619 1201 431 48 772 617 871 643 242 358 890 1189 572 717 1264 319 647 314 848 614 838 857 760 1166 183 0 1208 782 232 489 1280 1266 1593 1261 583 863 541 793 688 1254 83 1198 1456 554 1304 303 636 1512 577 366 781 816 920 751 1503 1165 1139 1127 776 1406 351 857 527 599 1025 387 724 517 1003 733 656 301
291 451 894 225 285 143 947 84 888 1194 834 649 477 878 1115 878 969 111 910 868 185 1038 654 1056 404 788 961 802 561 441 1181 1208 0 845 1276 948 202 188 514 183 845 538 880 801 848 115 1246 119 377 854 226 1021 931 433 851 1081 788 1066 520 1005 425 119 353 112 783 328 887 402 987 829 544 1026 875 992 408 772 891 1210
586 537 136 940 796 858 364 880 528 776 21 534 536 370 590 605 211 826 317 275 901 564 563 546 622 195 203 326 608 658 628 782 845 0 931 355 917 903 1230 898 395 332 431 621 612 911 782 835 1093 261 942 580 381 1149 401 488 609 308 390 361 1140 915 631 764 604 1044 613 630 751 380 494 433 282 755 473 593 382 974
1162 1178 980 1371 1090 1289 767 1269 618 226 920 685 939 793 391 545 1038 1257 721 819 1331 480 715 462 916 763 986 1005 828 1234 331 232 1276 931 0 637 1348 1334 1661 1329 760 1000 728 861 507 1322 187 1266 1524 702 1372 489 784 1536 764 514 849 964 1031 899 1566 1233 1207 1195 843 1474 537 925 345 744 1135 535 826 335 1114 800 806 120
689 639 404 1043 898 961 191 983 288 483 344 529 638 263 350 365 462 929 144 289 1003 324 559 306 724 186 410 429 672 761 364 489 948 355 637 0 1020 1006 1332 1001 323 435 358 705 607 1014 488 938 1195 126 1044 340 208 1251 328 154 693 388 492 323 1243 1018 734 867 687 1146 373 733 746 312 597 193 296 751 575 644 250 707
364 523 967 63 427 91 1019 237 960 1266 907 722 549 950 1187 951 1042 144 983 941 114 1110 726 1129 476 860 1034 874 634 514 1253 1280 202 917 1348 1020 0 117 358 112 918 610 953 873 920 268 1318 151 216 927 155 1094 1003 272 923 1153 861 1139 592 1077 263 272 426 185 855 166 960 474 1059 902 616 1099 947 1064 481 844 963 1282
350 509 953 140 413 77 1005 223 946 1252 893 708 535 936 1173 937 1028 130 969 927 42 1096 712 1115 462 846 1019 860 620 500 1239 1266 188 903 1334 1006 117 0 429 36 904 596 939 859 906 254 1304 137 292 913 141 1080 989 348 909 1139 846 1125 578 1063 340 258 412 170 841 243 945 460 1045 888 602 1085 933 1050 467 830 949 1268
676 835 1279 330 740 403 1331 550 1273 1579 1219 1034 862 1263 1499 1263 1354 456 1295 1253 426 1423 1039 1441 789 1173 1346 1186 946 826 1565 1593 514 1230 1661 1332 358 429 0 424 1230 923 1265 1185 1233 581 1630 463 458 1239 313 1406 1316 514 1235 1466 1173 1451 905 1390 505 584 738 497 1168 409 1272 787 1372 1214 929 1411 1260 1376 793 1157 1275 1595
345 504 947 135 408 71 1000 218 941 1247 888 703 530 931 1168 932 1022 124 963 922 47 1091 707 1109 457 841 1014 855 614 494 1234 1261 183 898 1329 1001 112 36 424 0 898 591 934 854 901 249 1299 132 287 907 136 1075 984 343 904 1134 841 1120 573 1058 334 253 406 165 836 238 940 455 1040 882 597 1079 928 1045 462 825 944 1263
729 680 445 941 659 859 150 839 262 568 385 255 509 81 489 253 520 826 200 175 901 412 284 431 486 250 511 470 398 802 555 583 845 395 760 323 918 904 1230 898 0 476 66 431 333 891 620 835 1093 267 942 396 134 1149 53 456 418 529 533 464 1141 802 774 764 413 1044 262 494 472 37 638 402 182 476 616 370 94 695
279 230 381 633 488 551 444 573 608 857 322 374 229 450 671 603 456 519 398 356 594 644 388 626 315 275 448 289 301 351 708 863 538 332 1000 435 610 596 923 591 476 0 511 314 572 604 862 528 786 341 634 660 461 841 481 568 302 554 82 492 833 608 324 457 297 736 611 323 711 461 187 513 362 716 165 286 463 934
765 716 480 976 695 894 185 874 221 527 420 290 544 116 448 212 555 862 236 210 936 371 320 390 521 285 547 505 433 837 514 541 880 431 728 358 953 939 1265 934 66 511 0 466 368 926 579 870 1128 302 977 355 169 1184 61 491 454 565 568 499 1176 838 810 800 448 1079 221 529 507 72 673 416 217 511 651 405 129 730
542 492 671 896 689 814 532 836 473 779 611 284 491 463 700 464 746 782 583 490 856 623 314 642 515 564 738 578 427 614 766 793 801 621 861 705 873 859 1185 854 431 314 466 0 434 867 831 791 1048 631 897 607 517 1104 436 838 52 843 345 781 1096 832 586 720 39 999 473 524 572 415 450 669 496 577 428 94 476 796
734 750 661 943 662 861 434 842 375 681 601 258 511 365 602 366 736 829 485 392 904 525 287 544 488 466 728 686 401 807 668 688 848 612 507 607 920 906 1233 901 333 572 368 434 0 894 644 838 1096 532 945 509 418 1109 338 740 421 748 603 683 1138 805 779 767 416 1047 374 497 218 317 707 570 398 223 686 373 378 441
358 517 961 291 270 209 993 68 934 1240 901 695 523 924 1160 924 1036 177 977 935 252 1084 700 1102 450 854 1027 868 607 508 1227 1254 115 911 1322 1014 268 254 581 249 891 604 926 867 894 0 1291 186 444 921 293 1067 977 500 897 1147 854 1133 586 1071 491 103 419 178 849 395 933 448 1033 875 610 1093 941 1037 475 838 937 1256
1116 1067 831 1341 1060 1259 618 1239 469 77 771 655 909 681 242 396 889 1227 572 717 1301 331 685 313 886 614 837 856 798 1188 182 83 1246 782 187 488 1318 1304 1630 1299 620 862 579 831 644 1291 0 1236 1493 553 1342 340 635 1549 615 365 819 815 919 750 1541 1203 1161 1165 813 1444 388 894 482 637 1024 386 723 472 1002 770 677 256
281 441 884 174 345 92 937 155 878 1184 824 639 467 868 1104 868 959 73 900 858 134 1028 644 1046 394 778 951 792 551 431 1171 1198 119 835 1266 938 151 137 463 132 835 528 870 791 838 186 1236 0 326 844 175 1011 921 382 841 1071 778 1056 510 995 374 189 343 102 773 277 877 392 977 819 534 1016 865 981 398 762 881 1200
539 698 1142 188 603 266 1194 413 1136 1442 1082 897 725 1126 1362 1126 1217 319 1158 1116 289 1286 902 1304 652 1036 1209 1049 809 689 1428 1456 377 1093 1524 1195 216 292 458 287 1093 786 1128 1048 1096 444 1493 326 0 1102 324 1269 1179 126 1098 1329 1036 1314 768 1253 82 447 601 360 1031 88 1135 650 1235 1077 792 1274 1123 1239 656 1020 1138 1458
595 546 310 950 805 868 135 890 300 548 251 455 545 207 362 376 369 835 89 196 910 335 484 318 631 93 317 336 598 668 399 554 854 261 702 126 927 913 1239 907 267 341 302 631 532 921 553 844 1102 0 951 351 152 1158 273 259 618 295 399 230 1150 924 640 773 613 1053 385 640 671 257 503 205 203 676 482 570 194 772
388 547 991 178 451 115 1043 262 984 1290 931 746 573 974 1211 975 1066 168 1007 965 138 1134 750 1153 501 884 1058 898 658 538 1277 1304 226 942 1372 1044 155 141 313 136 942 634 977 897 945 293 1342 175 324 951 0 1118 1028 379 947 1177 885 1163 617 1102 371 296 450 209 879 274 984 499 1083 926 640 1123 971 1088 505 869 987 1307
908 865 629 1117 836 1035 416 1015 245 288 569 431 685 457 155 172 687 1003 370 515 1077 58 461 63 662 411 635 654 574 980 193 303 1021 580 489 340 1094 1080 1406 1075 396 660 355 607 509 1067 340 1011 1269 351 1118 0 433 1325 391 405 595 613 717 548 1317 979 952 941 589 1220 164 670 648 413 822 184 521 652 800 546 469 559
715 666 430 1026 745 944 65 925 376 630 370 341 594 74 444 367 488 912 115 203 987 417 370 400 571 213 437 455 484 788 482 636 931 381 784 208 1003 989 1316 984 134 461 169 517 418 977 635 921 1179 152 1028 433 0 1235 140 341 504 415 519 349 1226 888 760 850 499 1130 375 580 557 124 623 287 209 562 602 456 61 780
595 754 1198 244 658 322 1250 469 1191 1497 1138 953 780 1181 1418 1182 1273 375 1214 1172 345 1341 957 1360 708 1091 1265 1105 865 745 1484 1512 433 1149 1536 1251 272 348 514 343 1149 841 1184 1104 1109 500 1549 382 126 1158 379 1325 1235 0 1154 1384 1092 1370 824 1309 66 503 657 416 1086 178 1191 706 1248 1133 847 1330 1179 1252 712 1076 1194 1471
735 686 450 946 665 864 155 844 257 563 390 260 514 86 484 248 525 832 206 181 906 407 290 425 491 255 517 475 403 807 550 577 851 401 764 328 923 909 1235 904 53 481 61 436 338 897 615 841 1098 273 947 391 140 1154 0 461 424 535 538 470 1146 808 780 770 418 1049 256 499 477 43 643 407 187 482 621 375 99 700
822 773 537 1176 1031 1094 324 1116 422 360 477 662 771 396 300 498 595 1062 278 423 1137 389 692 371 858 319 543 562 805 894 240 366 1081 488 514 154 1153 1139 1466 1134 456 568 491 838 740 1147 365 1071 1329 259 1177 405 341 1384 461 0 826 521 625 456 1376 1151 867 1000 821 1279 507 866 809 446 730 327 429 799 708 778 383 583
529 480 658 884 676 801 520 824 461 767 598 272 479 451 688 451 733 769 570 477 844 611 301 629 503 552 725 566 415 602 754 781 788 609 849 693 861 846 1173 841 418 302 454 52 421 854 819 778 1036 618 885 595 504 1092 424 826 0 830 333 769 1083 819 574 707 51 987 460 511 560 402 437 656 484 565 416 82 464 783
807 758 224 1162 1017 1080 397 1102 562 810 298 671 757 469 624 638 179 1048 351 412 1122 597 700 580 843 309 127 548 813 880 662 816 1066 308 964 388 1139 1125 1451 1120 529 554 565 843 748 1133 815 1056 1314 295 1163 613 415 1370 535 521 830 0 611 158 1362 1137 852 986 825 1265 647 852 887 517 716 467 418 892 694 786 456 1034
261 212 439 615 471 533 501 555 643 914 379 404 211 507 728 633 514 501 455 413 576 701 419 684 297 332 506 346 331 333 766 920 520 390 1031 492 592 578 905 573 533 82 568 345 603 586 919 510 768 399 617 717 519 824 538 625 333 611 0 550 815 590 306 439 327 719 642 305 742 518 169 571 420 747 147 317 520 965
746 697 277 1100 956 1018 332 1040 497 745 350 605 696 404 559 573 232 986 286 347 1061 532 635 515 782 244 180 486 748 819 596 751 1005 361 899 323 1077 1063 1390 1058 464 492 499 781 683 1071 750 995 1253 230 1102 548 349 1309 470 456 769 158 550 0 1300 1075 791 924 764 1204 582 790 822 452 654 402 353 827 633 720 391 969
587 746 1190 235 650 314 1242 460 1183 1489 1130 945 772 1173 1410 1174 1265 366 1206 1164 337 1333 949 1352 699 1083 1256 1097 857 737 1476 1503 425 1140 1566 1243 263 340 505 334 1141 833 1176 1096 1138 491 1541 374 82 1150 371 1317 1226 66 1146 1376 1083 1362 815 1300 0 495 648 407 1078 135 1182 697 1277 1125 839 1322 1170 1281 704 1067 1186 1500
361 521 964 295 181 213 904 51 845 1151 904 606 434 835 1072 835 1039 181 954 861 255 995 611 1013 361 858 1031 872 518 511 1138 1165 119 915 1233 1018 272 258 584 253 802 608 838 832 805 103 1203 189 447 924 296 979 888 503 808 1151 819 1137 590 1075 495 0 423 182 814 398 844 359 944 786 614 1040 868 949 478 771 848 1167
118 237 680 449 393 366 743 389 819 1125 620 580 371 749 969 809 755 334 696 654 409 943 585 925 335 574 747 588 492 227 1007 1139 353 631 1207 734 426 412 738 406 774 324 810 586 779 419 1161 343 601 640 450 952 760 657 780 867 574 852 306 791 648 423 0 296 569 552 818 333 918 759 330 812 661 923 194 558 761 1141
210 370 813 208 274 125 866 148 807 1113 754 569 396 797 1034 798 888 93 829 788 168 957 573 975 323 707 880 721 480 360 1100 1127 112 764 1195 867 185 170 497 165 764 457 800 720 767 178 1165 102 360 773 209 941 850 416 770 1000 707 986 439 924 407 182 296 0 702 311 806 321 906 748 463 945 794 911 328 691 810 1129
524 475 653 878 671 796 514 818 456 762 593 267 473 446 682 446 728 764 565 472 838 606 296 624 497 546 720 560 409 596 748 776 783 604 843 687 855 841 1168 836 413 297 448 39 416 849 813 773 1031 613 879 589 499 1086 418 821 51 825 327 764 1078 814 569 702 0 981 455 506 555 397 432 651 478 559 410 76 458 778
490 649 1093 139 553 217 1145 364 1086 1392 1033 848 675 1076 1313 1077 1168 270 1109 1067 240 1236 852 1255 603 986 1160 1000 760 640 1379 1406 328 1044 1474 1146 166 243 409 238 1044 736 1079 999 1047 395 1444 277 88 1053 274 1220 1130 178 1049 1279 987 1265 719 1204 135 398 552 311 981 0 1086 601 1185 1028 742 1225 1073 1190 607 971 1089 1409
773 789 663 983 701 900 391 881 110 336 603 297 550 322 257 86 721 868 403 416 943 180 326 199 527 445 669 688 440 846 323 351 887 613 537 373 960 945 1272 940 262 611 221 473 374 933 388 877 1135 385 984 164 375 1191 256 507 460 647 642 582 1182 844 818 806 455 1086 0 536 513 278 746 226 423 518 725 412 335 607
288 370 680 497 216 415 596 396 537 843 620 298 126 527 763 527 755 383 646 553 458 687 303 705 84 573 746 587 210 361 829 857 402 630 925 733 474 460 787 455 494 323 529 524 497 448 894 392 650 640 499 670 580 706 499 866 511 852 305 790 697 359 333 321 506 601 536 0 636 478 329 732 560 640 308 463 539 859
873 889 800 1082 801 1000 573 980 514 521 740 396 650 504 686 505 875 968 623 530 1043 664 426 682 627 605 867 825 539 945 626 527 987 751 345 746 1059 1045 1372 1040 472 711 507 572 218 1033 482 977 1235 671 1083 648 557 1248 477 809 560 887 742 822 1277 944 918 906 555 1185 513 636 0 455 846 709 537 103 825 512 517 280
714 665 430 925 643 842 139 823 279 585 370 239 492 71 506 270 505 810 190 160 885 429 268 447 469 234 496 455 382 787 572 599 829 380 744 312 902 888 1214 882 37 461 72 415 317 875 637 819 1077 257 926 413 124 1133 43 446 402 517 518 452 1125 786 759 748 397 1028 278 478 455 0 622 391 167 460 601 354 83 679
285 222 543 639 494 557 606 579 747 1019 483 509 234 612 832 738 618 525 559 517 600 806 520 788 321 437 610 451 428 225 870 1025 544 494 1135 597 616 602 929 597 638 187 673 450 707 610 1024 534 792 503 640 822 623 847 643 730 437 716 169 654 839 614 330 463 432 742 746 329 846 622 0 675 524 851 171 421 625 1069
767 718 482 1122 897 1040 269 1062 306 381 423 493 717 341 194 233 541 1007 223 368 1082 168 522 150 723 265 489 508 635 840 232 387 1026 433 535 193 1099 1085 1411 1079 402 513 416 669 570 1093 386 1016 1274 205 1123 184 287 1330 407 327 656 467 571 402 1322 1040 812 945 651 1225 226 732 709 391 675 0 375 714 654 608 328 604
616 567 331 970 725 888 225 904 424 718 271 320 566 156 532 414 406 856 259 62 931 505 350 487 551 136 398 356 463 688 569 724 875 282 826 296 947 933 1260 928 182 362 217 496 398 941 723 865 1123 203 971 521 209 1179 187 429 484 418 420 353 1170 868 661 794 478 1073 423 560 537 167 524 375 0 542 502 435 169 760
878 894 805 1087 806 1005 578 985 519 511 745 401 655 509 676 509 880 973 628 535 1047 669 431 687 632 609 871 830 544 950 616 517 992 755 335 751 1064 1050 1376 1045 476 716 511 577 223 1037 472 981 1239 676 1088 652 562 1252 482 799 565 892 747 827 1281 949 923 911 559 1190 518 640 103 460 851 714 542 0 830 516 522 270
149 100 522 504 388 422 584 444 726 997 462 487 213 590 811 716 597 390 538 496 464 784 499 767 299 415 589 429 407 222 849 1003 408 473 1114 575 481 467 793 462 616 165 651 428 686 475 1002 398 656 482 505 800 602 712 621 708 416 694 147 633 704 478 194 328 410 607 725 308 825 601 171 654 502 830 0 400 603 1048
513 464 642 867 628 785 471 807 412 718 582 223 463 403 639 403 717 753 522 429 828 563 253 581 454 503 709 550 366 585 705 733 772 593 800 644 844 830 1157 825 370 286 405 94 373 838 770 762 1020 570 869 546 456 1076 375 778 82 786 317 720 1067 771 558 691 76 971 412 463 512 354 421 608 435 516 400 0 415 735
717 667 432 986 705 904 77 884 336 642 372 300 554 38 485 326 507 872 127 162 946 459 330 441 531 237 478 457 443 789 523 656 891 382 806 250 963 949 1275 944 94 463 129 476 378 937 677 881 1138 194 987 469 61 1194 99 383 464 456 520 391 1186 848 761 810 458 1089 335 539 517 83 625 328 169 522 603 415 0 740
1096 1112 1023 1305 1024 1223 796 1204 687 295 963 620 873 727 460 614 1098 1191 790 754 1266 549 649 532 850 828 1056 1048 762 1169 401 301 1210 974 120 707 1282 1268 1595 1263 695 934 730 796 441 1256 256 1200 1458 772 1307 559 780 1471 700 583 783 1034 965 969 1500 1167 1141 1129 778 1409 607 859 280 679 1069 604 760 270 1048 735 740 0
EOF