NAME : tsp_problem
TYPE : TSP
DIMENSION : 88
EDGE_WEIGHT_TYPE : EXPLICIT
EDGE_WEIGHT_FORMAT : FULL_MATRIX
EDGE_WEIGHT_SECTION
0 1119 460 271 361 1058 397 399 1075 1079 371 1057 1054 317 325 1028 511 612 956 883 777 570 244 1078 340 760 1135 870 292 951 345 160 328 1289 1163 135 225 966 1059 1163 853 897 1065 963 331 740 981 317 997 1033 476 60 1077 994 669 1045 1293 1112 470 1258 757 975 669 515 988 458 1277 1308 1063 835 146 237 725 342 506 1125 343 1303 790 1044 147 890 530 453 527 381 398 1023
1119 0 828 894 891 210 1316 753 80 404 784 133 389 940 1378 520 781 675 740 763 622 716 1019 403 915 618 599 337 1210 519 1264 1252 926 1049 947 1054 1000 478 135 571 539 246 668 531 823 403 409 1092 175 358 789 1100 153 638 679 370 658 149 819 711 662 466 710 792 556 861 642 1034 216 715 1065 999 728 945 794 162 1261 809 607 177 1066 746 842 960 839 1300 890 526
460 828 0 216 378 766 657 239 784 788 270 766 626 169 719 600 106 184 528 480 349 333 360 787 401 333 707 579 551 523 605 593 412 861 735 395 341 538 768 736 426 606 638 535 295 449 590 412 705 742 275 441 786 567 378 648 865 821 68 830 329 547 241 141 560 347 850 880 772 414 406 340 297 150 104 833 602 875 362 753 407 463 128 164 125 641 94 595
271 894 216 0 276 833 468 174 850 855 147 833 809 73 530 783 267 367 711 658 533 345 171 853 254 516 891 645 363 707 416 405 243 1045 919 206 153 721 834 919 609 672 821 719 106 515 757 244 772 808 251 253 853 750 444 820 1048 887 226 1014 512 731 425 290 743 323 1033 1063 838 597 217 152 481 98 262 900 414 1058 546 820 218 646 286 215 283 452 153 779
361 891 378 276 0 830 558 212 847 852 243 830 836 322 620 945 429 438 873 656 695 343 261 851 54 678 1047 643 453 867 506 495 66 1207 1081 296 243 823 831 1019 771 669 983 879 282 513 754 334 769 806 248 343 850 912 442 818 1106 884 388 1159 674 833 587 287 904 127 1090 1225 836 607 307 150 643 347 424 897 504 1220 708 817 308 680 337 464 334 542 402 941
1058 210 766 833 830 0 1254 692 248 293 723 301 278 879 1316 410 720 614 629 652 511 655 958 292 854 507 489 238 1149 408 1202 1191 865 938 836 993 939 367 303 460 428 302 557 420 762 341 298 1030 343 247 728 1039 321 527 618 259 547 153 757 600 551 355 599 730 445 799 531 923 48 654 1004 938 617 884 733 166 1200 698 496 86 1005 635 780 899 778 1239 828 415
397 1316 657 468 558 1254 0 595 1272 1276 568 1254 1251 514 495 1224 708 809 1133 1080 974 767 440 1275 537 957 1332 1067 144 1148 100 530 525 1467 1341 332 422 1163 1256 1360 1050 1093 1262 1160 528 937 1178 513 1193 1230 673 378 1274 1191 866 1242 1490 1309 667 1455 953 1172 866 711 1184 654 1474 1485 1260 1031 343 434 922 539 703 1321 87 1500 987 1241 344 1087 727 650 724 56 594 1220
399 753 239 174 212 692 595 0 709 713 64 691 698 219 657 807 290 299 735 517 556 204 298 712 235 539 909 504 490 728 543 532 247 1068 942 333 280 685 693 880 632 531 844 740 103 374 615 371 630 667 110 380 711 773 303 679 967 746 249 1020 536 694 448 148 765 181 951 1087 697 469 345 279 504 245 285 758 541 1082 569 678 345 541 199 346 196 580 275 802
1075 80 784 850 847 248 1272 709 0 442 740 89 427 896 1333 559 737 631 735 719 617 672 975 441 871 613 637 292 1166 516 1220 1208 882 1068 942 1010 956 473 90 609 534 202 706 529 779 359 404 1048 131 396 745 1056 109 676 635 408 696 187 775 749 657 482 705 748 553 817 680 1072 254 671 1021 955 723 901 750 200 1217 847 601 215 1022 741 798 916 795 1256 846 564
1079 404 788 855 852 293 1276 713 442 0 744 484 215 900 1338 280 741 636 632 655 514 676 979 163 875 510 359 260 1171 346 1224 1213 887 713 839 1014 961 333 486 331 431 324 428 358 784 363 320 1052 424 72 750 1060 504 398 639 197 351 347 779 375 554 293 602 752 383 821 361 698 299 660 1025 960 620 906 754 360 1222 472 499 280 1026 638 802 920 799 1260 850 286
371 784 270 147 243 723 568 64 740 744 0 722 729 192 630 838 321 331 766 548 587 235 271 743 267 571 940 535 463 759 516 505 278 1099 973 306 253 716 724 911 663 562 876 771 76 405 647 344 662 698 141 352 742 804 334 710 998 777 280 1052 567 725 479 180 796 212 983 1118 728 500 317 252 535 218 316 790 514 1113 600 710 318 573 230 335 227 552 273 833
1057 133 766 833 830 301 1254 691 89 484 722 0 469 878 1316 601 719 614 718 702 600 654 957 483 853 595 680 275 1149 499 1202 1191 865 1051 925 992 939 456 29 651 516 184 748 511 762 341 386 1030 113 438 728 1038 43 718 617 450 738 240 757 792 639 465 688 730 536 799 723 1069 307 654 1003 938 706 884 732 253 1200 889 584 268 1004 723 780 898 777 1238 828 607
1054 389 626 809 836 278 1251 698 427 215 729 469 0 763 1312 332 579 620 435 458 317 661 954 214 860 312 411 244 1145 148 1199 1187 871 768 642 989 935 135 470 382 234 308 462 161 768 348 224 1006 408 169 734 1035 489 391 624 102 469 332 617 523 356 95 405 735 185 806 454 787 283 463 1000 934 423 744 592 345 1196 620 301 264 1001 441 722 758 719 1235 688 338
317 940 169 73 322 879 514 219 896 900 192 878 763 0 576 737 220 321 665 616 486 391 217 899 300 469 844 691 409 660 462 451 288 998 872 252 199 675 880 872 562 718 774 672 152 561 726 290 817 854 297 298 898 703 490 785 1002 933 179 967 465 684 378 252 697 368 986 1016 884 551 263 198 434 51 215 946 460 1012 499 865 264 599 239 168 236 498 106 732
325 1378 719 530 620 1316 495 657 1333 1338 630 1316 1312 576 0 1286 770 870 1214 1142 1036 829 502 1337 598 1019 1394 1129 390 1209 443 369 587 1548 1421 394 484 1224 1317 1422 1112 1155 1324 1222 590 999 1240 575 1255 1292 734 318 1336 1253 928 1304 1551 1370 729 1517 1015 1234 928 773 1246 716 1536 1566 1322 1093 405 496 984 601 765 1383 441 1561 1049 1303 406 1149 789 712 786 479 656 1282
1028 520 600 783 945 410 1224 807 559 280 838 601 332 737 1286 0 553 612 408 432 291 793 928 279 969 286 284 376 1119 298 1172 1161 980 742 616 963 909 366 602 312 306 440 214 284 863 480 436 980 540 234 843 1009 621 143 756 313 441 464 591 407 330 346 379 709 254 915 426 728 415 437 974 908 397 718 566 476 1170 451 275 396 975 414 696 732 693 1209 662 58
511 781 106 267 429 720 708 290 737 741 321 719 579 220 770 553 0 137 481 433 302 368 411 740 452 286 660 532 603 476 656 645 464 814 688 446 393 491 721 689 379 559 591 488 346 402 543 464 658 695 327 492 739 520 331 601 818 774 97 783 282 500 194 192 513 398 803 833 725 367 457 392 250 201 73 786 654 828 315 706 458 416 179 216 176 692 146 548
612 675 184 367 438 614 809 299 631 636 331 614 620 321 870 612 137 0 540 439 361 263 512 635 461 344 719 427 703 535 756 745 473 873 747 547 493 550 615 747 437 453 649 547 370 296 538 564 553 589 336 593 634 578 225 602 877 668 175 842 341 559 253 293 572 407 861 892 620 391 558 492 309 302 150 681 754 887 374 601 559 464 280 316 277 793 246 607
956 740 528 711 873 629 1133 735 735 632 766 718 435 665 1214 408 481 540 0 360 219 763 856 626 897 214 516 493 1047 332 1058 1089 908 414 288 891 837 347 719 544 234 557 446 344 791 596 398 908 657 586 771 937 737 375 726 457 674 683 519 639 258 356 307 637 368 843 658 432 635 365 902 836 325 646 494 696 1098 684 203 616 903 342 624 660 621 1137 590 404
883 763 480 658 656 652 1080 517 719 655 548 702 458 616 1142 432 433 439 360 0 181 480 783 649 679 166 539 515 974 355 1028 1016 690 693 567 818 764 370 703 567 257 541 469 367 587 385 421 856 641 609 553 864 722 398 443 480 697 707 471 662 210 379 258 556 392 625 681 712 658 124 829 763 276 598 446 719 1026 707 194 639 830 98 576 612 573 1064 542 427
777 622 349 533 695 511 974 556 617 514 587 600 317 486 1036 291 302 361 219 181 0 584 677 508 718 35 398 375 868 214 922 910 729 552 426 712 658 229 601 426 116 439 328 226 612 478 280 729 539 468 592 758 620 257 547 339 556 565 340 521 79 238 128 458 250 664 540 570 517 186 723 657 146 467 315 578 919 566 63 498 724 164 445 481 442 958 411 286
570 716 333 345 343 655 767 204 672 676 235 654 661 391 829 793 368 263 763 480 584 0 470 675 366 568 872 467 662 691 715 704 377 1096 970 505 452 648 656 843 661 494 873 703 274 337 579 543 594 630 240 551 674 802 176 642 930 709 343 984 564 657 476 243 728 312 915 1115 660 432 516 451 540 416 379 722 713 1081 597 642 517 505 293 440 290 751 370 799
244 1019 360 171 261 958 440 298 975 979 271 957 954 217 502 928 411 512 856 783 677 470 0 978 240 660 1035 770 335 851 388 377 228 1189 1063 179 93 866 959 1063 753 797 965 863 231 640 881 120 896 933 376 225 977 894 569 945 1193 1012 370 1158 656 875 569 414 888 357 1177 1207 963 735 190 137 625 242 406 1024 386 1203 690 944 191 790 430 257 427 425 297 923
1078 403 787 853 851 292 1275 712 441 163 743 483 214 899 1337 279 740 635 626 649 508 675 978 0 874 504 234 259 1170 345 1223 1212 885 684 816 1013 960 331 485 205 430 323 302 357 782 362 319 1051 422 116 748 1059 503 281 638 196 292 346 778 346 548 292 596 751 382 820 277 668 297 654 1024 959 614 905 753 359 1221 443 493 279 1025 632 801 919 798 1259 849 285
340 915 401 254 54 854 537 235 871 875 267 853 860 300 598 969 452 461 897 679 718 366 240 874 0 701 1071 666 431 890 484 473 44 1230 1104 275 221 847 855 1042 794 693 1006 902 306 536 777 313 792 829 272 321 873 935 465 841 1129 908 411 1182 698 856 610 310 927 150 1113 1249 859 631 286 129 666 325 447 920 482 1244 731 840 287 703 361 442 358 521 380 964
760 618 333 516 678 507 957 539 613 510 571 595 312 469 1019 286 286 344 214 166 35 568 660 504 701 0 393 371 852 209 905 894 713 547 421 695 642 224 597 422 112 434 324 221 595 472 276 713 534 463 576 742 615 253 531 334 551 561 324 516 63 233 111 441 246 647 536 566 512 171 706 641 129 450 299 574 903 561 48 494 707 149 428 465 426 941 395 281
1135 599 707 891 1047 489 1332 909 637 359 940 680 411 844 1394 284 660 719 516 539 398 872 1035 234 1071 393 0 455 1226 405 1280 1268 1082 584 716 1070 1016 474 681 58 413 519 102 391 970 559 515 1087 619 313 945 1116 700 170 835 392 193 543 698 246 437 453 486 816 361 1017 177 569 494 544 1081 1015 504 825 673 555 1277 297 382 475 1082 522 803 839 800 1316 769 279
870 337 579 645 643 238 1067 504 292 260 535 275 244 691 1129 376 532 427 493 515 375 467 770 259 666 371 455 0 961 274 1015 1004 677 826 700 805 752 231 276 427 292 114 524 287 574 154 162 843 214 213 540 851 295 494 430 226 514 292 570 567 415 240 463 543 311 612 498 845 244 466 816 750 481 697 545 305 1013 664 359 225 817 499 593 711 590 1051 641 382
292 1210 551 363 453 1149 144 490 1166 1171 463 1149 1145 409 390 1119 603 703 1047 974 868 662 335 1170 431 852 1226 961 0 1042 169 425 419 1380 1254 227 317 1057 1150 1255 945 988 1157 1054 422 831 1073 408 1088 1124 567 273 1169 1086 760 1137 1384 1203 561 1349 848 1066 760 606 1079 549 1369 1399 1155 926 238 329 816 434 597 1216 90 1394 881 1136 238 982 622 545 619 128 489 1114
951 519 523 707 867 408 1148 728 516 346 759 499 148 660 1209 298 476 535 332 355 214 691 851 345 890 209 405 274 1042 0 1096 1084 901 665 539 886 832 90 500 433 131 338 335 57 786 378 180 903 438 299 764 932 519 264 654 170 563 462 514 528 253 70 302 632 69 836 547 684 414 360 897 831 320 641 489 475 1093 573 198 395 898 338 619 655 616 1132 585 293
345 1264 605 416 506 1202 100 543 1220 1224 516 1202 1199 462 443 1172 656 756 1058 1028 922 715 388 1223 484 905 1280 1015 169 1096 0 478 473 1391 1265 280 370 1110 1204 1308 998 1041 1210 1108 476 885 1126 461 1141 1178 620 326 1222 1139 814 1190 1437 1256 615 1403 901 1120 814 659 1132 602 1422 1409 1208 979 291 382 870 487 651 1269 160 1447 935 1189 292 1035 675 598 672 113 542 1168
160 1252 593 405 495 1191 530 532 1208 1213 505 1191 1187 451 369 1161 645 745 1089 1016 910 704 377 1212 473 894 1268 1004 425 1084 478 0 462 1422 1296 269 359 1099 1192 1297 987 1030 1199 1097 465 873 1115 450 1130 1166 609 193 1211 1128 802 1179 1426 1245 604 1391 890 1109 802 648 1121 591 1411 1441 1197 968 280 371 858 476 639 1258 476 1436 923 1178 281 1024 664 587 661 515 531 1156
328 926 412 243 66 865 525 247 882 887 278 865 871 288 587 980 464 473 908 690 729 377 228 885 44 713 1082 677 419 901 473 462 0 1241 1115 263 210 858 866 1054 805 704 1018 913 302 547 789 301 804 840 283 309 885 946 476 852 1140 919 422 1194 709 867 621 322 938 162 1125 1260 870 642 274 117 677 314 458 932 471 1255 742 852 275 715 372 431 369 509 369 975
1289 1049 861 1045 1207 938 1467 1068 1068 713 1099 1051 768 998 1548 742 814 873 414 693 552 1096 1189 684 1230 547 584 826 1380 665 1391 1422 1241 0 182 1224 1170 680 1052 556 567 890 562 677 1124 930 731 1241 990 758 1104 1270 1071 631 1059 790 430 993 852 451 591 689 640 970 702 1176 440 80 944 698 1235 1169 658 979 827 1005 1432 327 536 925 1236 676 957 994 954 1470 923 737
1163 947 735 919 1081 836 1341 942 942 839 973 925 642 872 1421 616 688 747 288 567 426 970 1063 816 1104 421 716 700 1254 539 1265 1296 1115 182 0 1098 1044 554 926 688 441 764 653 551 998 803 605 1115 864 793 978 1144 945 582 933 664 562 891 726 583 465 563 514 844 576 1050 572 201 842 572 1109 1043 532 853 701 903 1305 459 410 823 1110 550 831 867 828 1344 797 611
135 1054 395 206 296 993 332 333 1010 1014 306 992 989 252 394 963 446 547 891 818 712 505 179 1013 275 695 1070 805 227 886 280 269 263 1224 1098 0 160 901 994 1098 788 832 1000 898 266 675 916 252 932 968 411 116 1012 929 604 980 1228 1047 405 1193 692 910 604 450 923 393 1212 1243 998 770 49 172 660 277 441 1060 278 1238 725 979 50 825 465 388 462 316 333 958
225 1000 341 153 243 939 422 280 956 961 253 939 935 199 484 909 393 493 837 764 658 452 93 960 221 642 1016 752 317 832 370 359 210 1170 1044 160 0 847 940 1045 735 778 947 845 213 621 863 118 878 914 357 206 959 876 550 927 1174 993 352 1139 638 857 550 396 869 339 1159 1189 945 716 171 119 606 224 387 1006 368 1184 671 926 172 772 412 255 409 406 279 904
966 478 538 721 823 367 1163 685 473 333 716 456 135 675 1224 366 491 550 347 370 229 648 866 331 847 224 474 231 1057 90 1110 1099 858 680 554 901 847 0 457 500 146 295 404 103 755 334 136 918 395 286 721 947 476 333 611 157 586 422 529 597 268 56 317 647 127 792 571 698 373 375 912 846 335 656 504 434 1108 641 213 354 913 352 634 670 631 1147 600 362
1059 135 768 834 831 303 1256 693 90 486 724 29 470 880 1317 602 721 615 719 703 601 656 959 485 855 597 681 276 1150 500 1204 1192 866 1052 926 994 940 457 0 653 518 186 750 513 763 343 388 1032 115 439 729 1040 43 720 619 452 740 241 759 793 641 466 689 732 537 801 724 1071 308 655 1005 939 707 885 734 254 1201 890 585 269 1006 725 782 900 779 1240 830 608
1163 571 736 919 1019 460 1360 880 609 331 911 651 382 872 1422 312 689 747 544 567 426 843 1063 205 1042 422 58 427 1255 433 1308 1297 1054 556 688 1098 1045 500 653 0 442 491 130 420 951 530 487 1116 591 284 917 1144 671 199 806 364 164 514 727 218 466 460 514 844 390 988 149 540 466 572 1109 1044 532 853 702 527 1306 315 411 447 1110 550 831 868 829 1344 798 307
853 539 426 609 771 428 1050 632 534 431 663 516 234 562 1112 306 379 437 234 257 116 661 753 430 794 112 413 292 945 131 998 987 805 567 441 788 735 146 518 442 0 356 344 143 688 395 197 805 456 385 668 834 536 272 623 256 571 482 417 536 156 155 204 534 167 740 555 586 434 262 799 734 222 543 392 495 996 581 100 415 800 240 521 558 518 1034 488 301
897 246 606 672 669 302 1093 531 202 324 562 184 308 718 1155 440 559 453 557 541 439 494 797 323 693 434 519 114 988 338 1041 1030 704 890 764 832 778 295 186 491 356 0 588 351 601 181 226 870 123 277 567 878 204 558 457 290 577 353 597 631 479 304 527 569 375 639 562 909 307 493 843 777 545 723 572 365 1039 728 423 289 844 563 619 738 617 1078 668 446
1065 668 638 821 983 557 1262 844 706 428 876 748 462 774 1324 214 591 649 446 469 328 873 965 302 1006 324 102 524 1157 335 1210 1199 1018 562 653 1000 947 404 750 130 344 588 0 322 900 627 493 1018 687 381 881 1046 768 101 836 461 259 611 629 225 368 383 416 746 292 952 244 546 562 474 1011 946 434 755 604 624 1208 269 313 544 1012 452 733 770 731 1246 700 209
963 531 535 719 879 420 1160 740 529 358 771 511 161 672 1222 284 488 547 344 367 226 703 863 357 902 221 391 287 1054 57 1108 1097 913 677 551 898 845 103 513 420 143 351 322 0 798 390 192 915 451 312 776 944 531 251 666 183 549 474 526 514 266 82 314 644 55 848 534 696 426 372 909 844 332 653 502 487 1106 559 210 407 910 350 631 668 628 1144 597 279
331 823 295 106 282 762 528 103 779 784 76 762 768 152 590 863 346 370 791 587 612 274 231 782 306 595 970 574 422 786 476 465 302 1124 998 266 213 755 763 951 688 601 900 798 0 444 686 304 701 737 180 312 782 829 373 749 1037 816 305 1091 591 764 504 219 822 252 1022 1142 767 539 277 212 560 177 341 829 474 1138 625 749 278 612 269 294 266 512 232 858
740 403 449 515 513 341 937 374 359 363 405 341 348 561 999 480 402 296 596 385 478 337 640 362 536 472 559 154 831 378 885 873 547 930 803 675 621 334 343 530 395 181 627 390 444 0 265 713 280 317 410 721 361 597 300 329 617 396 440 670 469 344 381 413 415 482 601 948 347 336 686 620 452 566 415 408 883 768 463 328 687 409 463 581 460 921 511 485
981 409 590 757 754 298 1178 615 404 320 647 386 224 726 1240 436 543 538 398 421 280 579 881 319 777 276 515 162 1073 180 1126 1115 789 731 605 916 863 136 388 487 197 226 493 192 686 265 0 954 326 273 652 963 406 422 541 246 574 352 581 627 320 145 368 654 216 723 558 750 304 426 927 862 386 707 556 365 1124 724 264 285 928 404 685 722 682 1162 652 442
317 1092 412 244 334 1030 513 371 1048 1052 344 1030 1006 290 575 980 464 564 908 856 729 543 120 1051 313 713 1087 843 408 903 461 450 301 1241 1115 252 118 918 1032 1116 805 870 1018 915 304 713 954 0 969 1006 449 298 1050 946 642 1018 1245 1085 422 1210 709 927 621 487 940 430 1229 1260 1036 794 263 210 677 315 458 1097 459 1255 742 1017 264 842 483 263 480 498 350 975
997 175 705 772 769 343 1193 630 131 424 662 113 408 817 1255 540 658 553 657 641 539 594 896 422 792 534 619 214 1088 438 1141 1130 804 990 864 932 878 395 115 591 456 123 687 451 701 280 326 969 0 377 667 978 133 658 556 389 677 282 696 731 578 404 627 669 475 738 662 1009 349 593 943 877 645 823 671 295 1139 828 523 310 943 663 719 838 717 1178 767 546
1033 358 742 808 806 247 1230 667 396 72 698 438 169 854 1292 234 695 589 586 609 468 630 933 116 829 463 313 213 1124 299 1178 1166 840 758 793 968 914 286 439 284 385 277 381 312 737 317 273 1006 377 0 703 1014 458 352 593 150 371 301 733 420 507 247 556 706 336 775 356 742 252 614 979 913 574 859 708 314 1176 517 452 234 980 592 756 874 753 1214 804 240
476 789 275 251 248 728 673 110 745 750 141 728 734 297 734 843 327 336 771 553 592 240 376 748 272 576 945 540 567 764 620 609 283 1104 978 411 357 721 729 917 668 567 881 776 180 410 652 449 667 703 0 457 748 809 339 715 1003 782 285 1057 572 730 484 185 801 218 988 1123 733 505 422 356 540 322 321 795 618 1118 605 715 423 578 235 382 232 657 312 838
60 1100 441 253 343 1039 378 380 1056 1060 352 1038 1035 298 318 1009 492 593 937 864 758 551 225 1059 321 742 1116 851 273 932 326 193 309 1270 1144 116 206 947 1040 1144 834 878 1046 944 312 721 963 298 978 1014 457 0 1058 975 650 1026 1274 1093 451 1239 738 956 650 496 969 439 1258 1289 1044 816 127 218 706 324 487 1106 324 1284 771 1026 128 871 511 435 509 362 379 1004
1077 153 786 853 850 321 1274 711 109 504 742 43 489 898 1336 621 739 634 737 722 620 674 977 503 873 615 700 295 1169 519 1222 1211 885 1071 945 1012 959 476 43 671 536 204 768 531 782 361 406 1050 133 458 748 1058 0 738 637 470 758 260 777 812 659 485 708 750 556 819 742 1089 327 674 1023 958 726 904 752 273 1220 909 604 288 1024 743 800 918 797 1258 848 626
994 638 567 750 912 527 1191 773 676 398 804 718 391 703 1253 143 520 578 375 398 257 802 894 281 935 253 170 494 1086 264 1139 1128 946 631 582 929 876 333 720 199 272 558 101 251 829 597 422 946 658 352 809 975 738 0 764 413 328 581 558 293 297 312 345 675 221 881 313 615 533 403 940 875 363 684 533 594 1137 338 241 514 941 381 662 699 659 1175 629 138
669 679 378 444 442 618 866 303 635 639 334 617 624 490 928 756 331 225 726 443 547 176 569 638 465 531 835 430 760 654 814 802 476 1059 933 604 550 611 619 806 623 457 836 666 373 300 541 642 556 593 339 650 637 764 0 605 893 672 369 946 527 620 439 342 691 411 877 1078 623 395 615 549 502 495 344 684 811 1044 560 604 616 467 392 510 389 850 440 761
1045 370 648 820 818 259 1242 679 408 197 710 450 102 785 1304 313 601 602 457 480 339 642 945 196 841 334 392 226 1137 170 1190 1179 852 790 664 980 927 157 452 364 256 290 461 183 749 329 246 1018 389 150 715 1026 470 413 605 0 451 313 639 504 378 117 427 718 207 787 435 809 264 485 991 926 445 766 614 326 1188 601 323 246 992 463 744 780 741 1226 710 319
1293 658 865 1048 1106 547 1490 967 696 351 998 738 469 1002 1551 441 818 877 674 697 556 930 1193 292 1129 551 193 514 1384 563 1437 1426 1140 430 562 1228 1174 586 740 164 571 577 259 549 1037 617 574 1245 677 371 1003 1274 758 328 893 451 0 601 856 92 595 547 644 974 519 1075 78 415 552 702 1239 1173 662 983 831 614 1435 189 540 534 1240 679 961 997 958 1474 927 437
1112 149 821 887 884 153 1309 746 187 347 777 240 332 933 1370 464 774 668 683 707 565 709 1012 346 908 561 543 292 1203 462 1256 1245 919 993 891 1047 993 422 241 514 482 353 611 474 816 396 352 1085 282 301 782 1093 260 581 672 313 601 0 812 655 605 409 654 785 499 854 585 977 159 708 1058 992 671 938 787 66 1254 752 550 120 1059 689 835 953 832 1293 883 469
470 819 68 226 388 757 667 249 775 779 280 757 617 179 729 591 97 175 519 471 340 343 370 778 411 324 698 570 561 514 615 604 422 852 726 405 352 529 759 727 417 597 629 526 305 440 581 422 696 733 285 451 777 558 369 639 856 812 0 821 320 538 232 151 551 357 841 871 763 405 416 350 288 160 111 824 613 866 353 744 417 454 138 175 135 651 104 586
1258 711 830 1014 1159 600 1455 1020 749 375 1052 792 523 967 1517 407 783 842 639 662 521 984 1158 346 1182 516 246 567 1349 528 1403 1391 1194 451 583 1193 1139 597 793 218 536 631 225 514 1091 670 627 1210 731 420 1057 1239 812 293 946 504 92 655 821 0 560 576 609 939 484 1128 102 435 606 667 1204 1138 627 948 796 667 1401 158 505 587 1205 645 926 963 923 1439 892 402
757 662 329 512 674 551 953 536 657 554 567 639 356 465 1015 330 282 341 258 210 79 564 656 548 698 63 437 415 848 253 901 890 709 591 465 692 638 268 641 466 156 479 368 266 591 469 320 709 578 507 572 738 659 297 527 378 595 605 320 560 0 277 108 438 290 643 580 610 556 215 703 637 125 447 295 618 899 605 92 538 703 193 425 461 422 938 391 325
975 466 547 731 833 355 1172 694 482 293 725 465 95 684 1234 346 500 559 356 379 238 657 875 292 856 233 453 240 1066 70 1120 1109 867 689 563 910 857 56 466 460 155 304 383 82 764 344 145 927 404 247 730 956 485 312 620 117 547 409 538 576 277 0 326 656 106 802 531 708 361 384 921 856 344 665 514 422 1118 621 222 342 922 362 643 680 640 1156 609 341
669 710 241 425 587 599 866 448 705 602 479 688 405 378 928 379 194 253 307 258 128 476 569 596 610 111 486 463 760 302 814 802 621 640 514 604 550 317 689 514 204 527 416 314 504 381 368 621 627 556 484 650 708 345 439 427 644 654 232 609 108 326 0 350 339 556 628 659 605 263 615 549 159 359 207 666 812 654 141 586 616 241 337 374 334 850 303 374
515 792 141 290 287 730 711 148 748 752 180 730 735 252 773 709 192 293 637 556 458 243 414 751 310 441 816 543 606 632 659 648 322 970 844 450 396 647 732 844 534 569 746 644 219 413 654 487 669 706 185 496 750 675 342 718 974 785 151 939 438 656 350 0 669 256 958 989 736 507 461 395 406 233 187 797 657 984 471 717 462 571 83 248 87 696 178 704
988 556 560 743 904 445 1184 765 553 383 796 536 185 697 1246 254 513 572 368 392 250 728 888 382 927 246 361 311 1079 69 1132 1121 938 702 576 923 869 127 537 390 167 375 292 55 822 415 216 940 475 336 801 969 556 221 691 207 519 499 551 484 290 106 339 669 0 873 504 720 450 396 934 868 357 678 526 512 1130 529 235 432 935 374 656 692 653 1169 622 249
458 861 347 323 127 799 654 181 817 821 212 799 806 368 716 915 398 407 843 625 664 312 357 820 150 647 1017 612 549 836 602 591 162 1176 1050 393 339 792 801 988 740 639 952 848 252 482 723 430 738 775 218 439 819 881 411 787 1075 854 357 1128 643 802 556 256 873 0 1059 1194 805 576 404 247 612 394 393 866 600 1190 677 786 404 649 306 454 304 639 383 910
1277 642 850 1033 1090 531 1474 951 680 361 983 723 454 986 1536 426 803 861 658 681 540 915 1177 277 1113 536 177 498 1369 547 1422 1411 1125 440 572 1212 1159 571 724 149 555 562 244 534 1022 601 558 1229 662 356 988 1258 742 313 877 435 78 585 841 102 580 531 628 958 504 1059 0 425 537 686 1223 1158 646 967 816 598 1420 200 524 518 1224 664 945 982 942 1458 912 421
1308 1034 880 1063 1225 923 1485 1087 1072 698 1118 1069 787 1016 1566 728 833 892 432 712 570 1115 1207 668 1249 566 569 845 1399 684 1409 1441 1260 80 201 1243 1189 698 1071 540 586 909 546 696 1142 948 750 1260 1009 742 1123 1289 1089 615 1078 809 415 977 871 435 610 708 659 989 720 1194 425 0 928 716 1254 1188 676 998 846 990 1450 311 555 910 1254 694 976 1012 973 1489 942 724
1063 216 772 838 836 48 1260 697 254 299 728 307 283 884 1322 415 725 620 635 658 517 660 963 297 859 512 494 244 1155 414 1208 1197 870 944 842 998 945 373 308 466 434 307 562 426 767 347 304 1036 349 252 733 1044 327 533 623 264 552 159 763 606 556 361 605 736 450 805 537 928 0 659 1009 944 623 890 738 172 1206 703 501 91 1010 641 786 904 783 1244 834 421
835 715 414 597 607 654 1031 469 671 660 500 654 463 551 1093 437 367 391 365 124 186 432 735 654 631 171 544 466 926 360 979 968 642 698 572 770 716 375 655 572 262 493 474 372 539 336 426 794 593 614 505 816 674 403 395 485 702 708 405 667 215 384 263 507 396 576 686 716 659 0 781 715 281 532 380 721 977 712 199 641 782 106 510 546 507 1016 476 432
146 1065 406 217 307 1004 343 345 1021 1025 317 1003 1000 263 405 974 457 558 902 829 723 516 190 1024 286 706 1081 816 238 897 291 280 274 1235 1109 49 171 912 1005 1109 799 843 1011 909 277 686 927 263 943 979 422 127 1023 940 615 991 1239 1058 416 1204 703 921 615 461 934 404 1223 1254 1009 781 0 183 671 288 452 1071 289 1249 736 990 44 836 476 399 473 327 344 969
237 999 340 152 150 938 434 279 955 960 252 938 934 198 496 908 392 492 836 763 657 451 137 959 129 641 1015 750 329 831 382 371 117 1169 1043 172 119 846 939 1044 734 777 946 844 212 620 862 210 877 913 356 218 958 875 549 926 1173 992 350 1138 637 856 549 395 868 247 1158 1188 944 715 183 0 605 223 386 1005 380 1183 670 925 184 771 411 340 408 418 278 903
725 728 297 481 643 617 922 504 723 620 535 706 423 434 984 397 250 309 325 276 146 540 625 614 666 129 504 481 816 320 870 858 677 658 532 660 606 335 707 532 222 545 434 332 560 452 386 677 645 574 540 706 726 363 502 445 662 671 288 627 125 344 159 406 357 612 646 676 623 281 671 605 0 415 263 684 868 672 159 604 672 259 393 430 390 906 359 392
342 945 150 98 347 884 539 245 901 906 218 884 744 51 601 718 201 302 646 598 467 416 242 905 325 450 825 697 434 641 487 476 314 979 853 277 224 656 885 853 543 723 755 653 177 566 707 315 823 859 322 324 904 684 495 766 983 938 160 948 447 665 359 233 678 394 967 998 890 532 288 223 415 0 196 951 485 993 480 871 289 580 220 150 218 523 88 713
506 794 104 262 424 733 703 285 750 754 316 732 592 215 765 566 73 150 494 446 315 379 406 753 447 299 673 545 597 489 651 639 458 827 701 441 387 504 734 702 392 572 604 502 341 415 556 458 671 708 321 487 752 533 344 614 831 787 111 796 295 514 207 187 526 393 816 846 738 380 452 386 263 196 0 799 648 841 328 719 453 429 174 210 171 687 140 561
1125 162 833 900 897 166 1321 758 200 360 790 253 345 946 1383 476 786 681 696 719 578 722 1024 359 920 574 555 305 1216 475 1269 1258 932 1005 903 1060 1006 434 254 527 495 365 624 487 829 408 365 1097 295 314 795 1106 273 594 684 326 614 66 824 667 618 422 666 797 512 866 598 990 172 721 1071 1005 684 951 799 0 1267 765 563 133 1072 702 847 966 845 1306 895 482
343 1261 602 414 504 1200 87 541 1217 1222 514 1200 1196 460 441 1170 654 754 1098 1026 919 713 386 1221 482 903 1277 1013 90 1093 160 476 471 1432 1305 278 368 1108 1201 1306 996 1039 1208 1106 474 883 1124 459 1139 1176 618 324 1220 1137 811 1188 1435 1254 613 1401 899 1118 812 657 1130 600 1420 1450 1206 977 289 380 868 485 648 1267 0 1445 932 1187 290 1033 673 596 670 71 540 1166
1303 809 875 1058 1220 698 1500 1082 847 472 1113 889 620 1012 1561 451 828 887 684 707 566 1081 1203 443 1244 561 297 664 1394 573 1447 1436 1255 327 459 1238 1184 641 890 315 581 728 269 559 1138 768 724 1255 828 517 1118 1284 909 338 1044 601 189 752 866 158 605 621 654 984 529 1190 200 311 703 712 1249 1183 672 993 841 765 1445 0 550 685 1250 689 971 1007 968 1484 937 447
790 607 362 546 708 496 987 569 601 499 600 584 301 499 1049 275 315 374 203 194 63 597 690 493 731 48 382 359 881 198 935 923 742 536 410 725 671 213 585 411 100 423 313 210 625 463 264 742 523 452 605 771 604 241 560 323 540 550 353 505 92 222 141 471 235 677 524 555 501 199 736 670 159 480 328 563 932 550 0 482 737 177 458 494 455 971 424 270
1044 177 753 820 817 86 1241 678 215 280 710 268 264 865 1303 396 706 601 616 639 498 642 944 279 840 494 475 225 1136 395 1189 1178 852 925 823 979 926 354 269 447 415 289 544 407 749 328 285 1017 310 234 715 1026 288 514 604 246 534 120 744 587 538 342 586 717 432 786 518 910 91 641 990 925 604 871 719 133 1187 685 482 0 991 622 767 885 764 1225 815 402
147 1066 407 218 308 1005 344 345 1022 1026 318 1004 1001 264 406 975 458 559 903 830 724 517 191 1025 287 707 1082 817 238 898 292 281 275 1236 1110 50 172 913 1006 1110 800 844 1012 910 278 687 928 264 943 980 423 128 1024 941 616 992 1240 1059 417 1205 703 922 616 462 935 404 1224 1254 1010 782 44 184 672 289 453 1072 290 1250 737 991 0 837 477 400 474 328 344 970
890 746 463 646 680 635 1087 541 741 638 573 723 441 599 1149 414 416 464 342 98 164 505 790 632 703 149 522 499 982 338 1035 1024 715 676 550 825 772 352 725 550 240 563 452 350 612 409 404 842 663 592 578 871 743 381 467 463 679 689 454 645 193 362 241 571 374 649 664 694 641 106 836 771 259 580 429 702 1033 689 177 622 837 0 558 595 555 1071 525 410
530 842 128 286 337 780 727 199 798 802 230 780 722 239 789 696 179 280 624 576 445 293 430 801 361 428 803 593 622 619 675 664 372 957 831 465 412 634 782 831 521 619 733 631 269 463 685 483 719 756 235 511 800 662 392 744 961 835 138 926 425 643 337 83 656 306 945 976 786 510 476 411 393 220 174 847 673 971 458 767 477 558 0 235 31 711 165 691
453 960 164 215 464 899 650 346 916 920 335 898 758 168 712 732 216 316 660 612 481 440 257 919 442 465 839 711 545 655 598 587 431 994 867 388 255 670 900 868 558 738 770 668 294 581 722 263 838 874 382 435 918 699 510 780 997 953 175 963 461 680 374 248 692 454 982 1012 904 546 399 340 430 150 210 966 596 1007 494 885 400 595 235 0 232 634 102 728
527 839 125 283 334 778 724 196 795 799 227 777 719 236 786 693 176 277 621 573 442 290 427 798 358 426 800 590 619 616 672 661 369 954 828 462 409 631 779 829 518 617 731 628 266 460 682 480 717 753 232 509 797 659 389 741 958 832 135 923 422 640 334 87 653 304 942 973 783 507 473 408 390 218 171 845 670 968 455 764 474 555 31 232 0 708 162 688
381 1300 641 452 542 1239 56 580 1256 1260 552 1238 1235 498 479 1209 692 793 1137 1064 958 751 425 1259 521 941 1316 1051 128 1132 113 515 509 1470 1344 316 406 1147 1240 1344 1034 1078 1246 1144 512 921 1162 498 1178 1214 657 362 1258 1175 850 1226 1474 1293 651 1439 938 1156 850 696 1169 639 1458 1489 1244 1016 327 418 906 523 687 1306 71 1484 971 1225 328 1071 711 634 708 0 579 1204
398 890 94 153 402 828 594 275 846 850 273 828 688 106 656 662 146 246 590 542 411 370 297 849 380 395 769 641 489 585 542 531 369 923 797 333 279 600 830 798 488 668 700 597 232 511 652 350 767 804 312 379 848 629 440 710 927 883 104 892 391 609 303 178 622 383 912 942 834 476 344 278 359 88 140 895 540 937 424 815 344 525 165 102 162 579 0 657
1023 526 595 779 941 415 1220 802 564 286 833 607 338 732 1282 58 548 607 404 427 286 799 923 285 964 281 279 382 1114 293 1168 1156 975 737 611 958 904 362 608 307 301 446 209 279 858 485 442 975 546 240 838 1004 626 138 761 319 437 469 586 402 325 341 374 704 249 910 421 724 421 432 969 903 392 713 561 482 1166 447 270 402 970 410 691 728 688 1204 657 0
EOF