NAME : tsp_problem
TYPE : TSP
DIMENSION : 86
EDGE_WEIGHT_TYPE : EXPLICIT
EDGE_WEIGHT_FORMAT : FULL_MATRIX
EDGE_WEIGHT_SECTION
0 919 920 898 417 560 1232 870 485 667 849 763 1067 135 643 891 1078 630 936 680 1233 649 478 803 653 658 854 181 866 910 559 664 935 1197 730 104 659 1157 957 1613 83 151 1204 610 1278 1004 1123 792 579 1081 1277 1079 564 707 258 587 71 114 825 1612 726 266 782 675 769 518 514 595 1281 984 560 1281 1075 1389 824 1461 1100 932 815 507 1075 811 731 708 730 1151
919 0 648 487 585 651 961 664 504 774 679 441 816 838 718 480 807 479 801 277 961 654 905 480 456 643 674 1046 77 493 496 445 453 925 319 969 361 886 540 1341 889 1016 932 529 1006 806 851 381 432 810 1005 711 397 640 739 624 924 979 342 1341 315 678 459 295 633 530 467 514 1009 826 491 1052 804 1118 127 1190 828 515 141 518 659 507 213 507 567 879
920 648 0 845 571 786 343 83 455 893 99 799 198 839 1007 838 189 837 256 635 344 875 1087 838 814 884 94 1047 695 258 658 803 349 308 677 970 522 268 144 724 890 1017 315 690 389 189 234 738 461 192 388 190 755 990 740 813 925 980 339 723 673 678 817 653 183 744 740 676 392 208 388 435 186 500 657 572 211 244 534 733 228 865 571 865 925 262
898 487 845 0 620 629 1157 860 689 753 876 301 1012 817 697 68 1003 457 997 255 1157 633 883 262 434 621 870 1025 433 689 693 424 649 1121 194 948 557 1082 736 1537 868 994 1128 725 1202 1002 1047 194 628 1006 1201 907 376 619 717 602 903 958 539 1537 185 656 288 274 830 508 445 710 1205 1022 687 1248 1000 1314 392 1386 1024 711 383 497 855 486 298 485 545 1076
417 585 571 620 0 282 884 522 137 389 500 486 718 335 504 614 730 352 588 403 884 372 583 525 375 381 505 544 588 561 163 386 551 848 453 467 275 808 608 1264 387 513 855 214 929 655 774 514 230 733 928 730 287 486 236 310 422 477 440 1264 449 175 504 397 420 241 237 199 932 636 211 975 727 1041 547 1113 751 583 470 229 727 534 453 431 453 802
560 651 786 629 282 0 1098 736 351 229 715 392 933 479 343 622 944 346 802 412 1099 211 422 431 323 220 720 687 597 776 425 312 801 1063 461 610 525 1023 822 1478 530 656 1070 475 1144 870 989 523 445 947 1143 945 416 326 380 76 565 620 690 1478 457 318 410 406 635 269 330 461 1147 850 426 1190 941 1255 556 1327 966 798 547 273 941 307 462 173 292 1017
1232 961 343 1157 884 1098 0 395 767 1205 411 1111 395 1151 1320 1150 242 1149 452 947 55 1187 1399 1150 1126 1197 406 1359 1007 570 970 1115 662 195 989 1282 834 321 456 626 1202 1329 236 1002 65 385 145 1051 773 245 64 400 1067 1302 1052 1126 1237 1292 651 625 985 991 1129 965 495 1056 1052 988 68 405 700 153 239 441 969 475 173 556 846 1045 438 1177 883 1177 1237 315
870 664 83 860 522 736 395 0 405 843 63 814 250 789 958 853 241 806 293 650 395 825 1037 853 829 835 58 998 710 273 664 818 365 360 692 920 491 320 159 775 841 967 367 705 441 240 285 754 412 244 440 242 741 940 690 764 876 931 354 775 688 629 832 668 134 694 690 691 444 260 338 487 238 552 672 624 262 259 549 683 280 880 586 880 907 314
485 504 455 689 137 351 767 405 0 458 384 555 601 404 573 683 613 421 471 472 767 440 652 594 444 450 389 613 550 444 279 455 470 732 522 535 194 692 491 1147 456 582 738 330 812 539 657 583 114 616 811 614 356 555 305 379 491 546 359 1147 517 244 573 466 303 309 305 315 815 519 94 858 610 924 512 996 634 467 389 298 610 602 426 500 522 686
667 774 893 753 389 229 1205 843 458 0 822 515 1040 586 143 746 1051 470 909 536 1206 188 222 555 446 198 827 546 721 883 532 436 908 1170 585 625 632 1130 929 1585 637 576 1177 582 1251 977 1096 647 552 1054 1250 1052 523 170 487 256 670 614 797 1585 581 425 534 530 742 376 437 568 1254 957 533 1297 1048 1362 679 1434 1073 905 671 380 1048 431 586 377 231 1124
849 679 99 876 500 715 411 63 384 822 0 830 266 768 936 869 257 785 272 666 411 804 1016 869 808 813 74 976 726 289 643 819 380 376 708 899 470 336 175 791 819 946 382 693 456 256 301 769 390 260 455 258 720 919 669 742 854 909 370 791 704 607 848 684 112 673 669 679 459 276 317 502 254 568 688 640 278 275 565 662 296 896 602 863 885 330
763 441 799 301 486 392 1111 814 555 515 830 0 966 682 459 287 957 220 951 202 1111 395 646 92 197 384 824 890 387 643 628 186 603 1075 252 813 511 1036 690 1491 733 860 1082 679 1156 956 1001 313 582 960 1155 861 241 381 583 365 768 823 493 1491 248 521 83 196 784 371 311 664 1159 976 629 1202 954 1268 346 1340 978 665 337 360 809 248 252 248 308 1030
1067 816 198 1012 718 933 395 250 601 1040 266 966 0 986 1154 1005 241 1003 144 802 395 1022 1233 1005 981 1031 261 1194 862 425 825 970 517 359 844 1117 688 320 311 775 1037 1163 366 857 440 77 285 906 608 244 439 255 922 1137 887 960 1072 1127 506 775 840 825 984 820 330 891 887 843 443 97 534 486 238 552 824 624 262 411 701 880 293 1032 738 1032 1092 313
135 838 839 817 335 479 1151 789 404 586 768 682 986 0 700 810 997 548 855 599 1152 568 559 721 572 577 773 262 784 828 478 583 854 1116 649 185 578 1076 875 1531 105 232 1123 528 1197 923 1042 710 498 1000 1196 998 483 683 177 506 140 195 743 1531 645 185 701 594 688 437 433 514 1200 903 479 1200 994 1308 743 1380 1019 851 734 425 994 730 649 627 649 1070
643 718 1007 697 504 343 1320 958 573 143 936 459 1154 700 0 690 1166 414 1024 480 1320 227 236 499 390 215 941 514 665 921 646 380 881 1284 529 593 746 1245 967 1700 672 544 1291 697 1365 1091 1210 591 666 1169 1364 1139 519 114 601 370 638 582 770 1700 525 539 478 474 856 490 535 682 1368 1072 647 1411 1163 1477 623 1549 1187 943 615 495 1086 375 530 375 175 1238
891 480 838 68 614 622 1150 853 683 746 869 287 1005 810 690 0 996 451 991 249 1151 626 876 248 428 615 864 1018 426 682 686 417 643 1115 187 941 550 1075 729 1530 861 988 1122 718 1196 996 1040 188 622 999 1195 901 369 612 711 596 896 951 532 1530 179 649 274 267 823 501 439 704 1199 1015 681 1242 993 1307 385 1379 1017 705 376 490 848 479 291 479 539 1069
1078 807 189 1003 730 944 242 241 613 1051 257 957 241 997 1166 996 0 995 298 793 242 1033 1245 996 972 1043 252 1205 853 416 816 961 508 207 835 1128 680 167 302 622 1048 1175 214 848 288 231 132 897 619 53 287 246 913 1148 898 972 1083 1138 497 622 831 837 975 811 341 902 898 834 291 251 546 334 47 399 815 471 109 402 692 891 284 1023 729 1023 1083 161
630 479 837 457 352 346 1149 806 421 470 785 220 1003 548 414 451 995 0 872 240 1149 350 600 259 136 338 790 757 425 681 494 141 642 1114 290 680 549 1074 728 1529 600 726 1121 545 1195 940 1039 351 515 998 1193 899 228 336 449 319 635 690 531 1529 286 388 239 235 705 172 143 531 1198 920 496 1240 992 1306 384 1378 1016 704 375 161 847 203 290 202 262 1068
936 801 256 997 588 802 452 293 471 909 272 951 144 855 1024 991 298 872 0 787 453 891 1103 991 895 901 277 1064 847 439 730 906 531 417 830 986 557 377 369 833 907 1033 424 781 498 82 343 891 477 301 497 312 807 1006 756 830 942 997 521 832 825 695 970 806 200 760 756 766 501 68 404 544 295 609 809 681 320 462 686 749 350 1018 723 951 973 371
680 277 635 255 403 412 947 650 472 536 666 202 802 599 480 249 793 240 787 0 947 416 666 241 217 404 660 808 223 479 483 207 439 911 88 730 347 872 526 1327 651 777 918 515 992 792 837 149 418 796 991 697 158 401 500 385 686 741 329 1327 84 439 221 56 620 291 228 500 995 812 477 1038 790 1104 182 1176 814 501 173 279 645 268 88 268 328 866
1233 961 344 1157 884 1099 55 395 767 1206 411 1111 395 1152 1320 1151 242 1149 453 947 0 1188 1399 1151 1126 1197 406 1360 1007 570 971 1116 662 195 990 1283 835 321 456 626 1203 1329 237 1003 83 386 146 1051 774 246 82 400 1068 1303 1053 1126 1238 1293 652 626 986 991 1130 966 496 1057 1053 988 86 405 700 171 239 442 969 475 173 557 846 1046 438 1178 883 1177 1237 315
649 654 875 633 372 211 1187 825 440 188 804 395 1022 568 227 626 1033 350 891 416 1188 0 382 435 326 55 809 691 601 857 514 316 817 1152 465 699 614 1112 904 1567 619 721 1159 564 1233 959 1078 527 534 1036 1232 1034 455 149 469 238 654 709 706 1567 461 407 414 410 724 358 419 550 1236 939 515 1279 1030 1344 559 1416 1055 879 551 362 1022 311 466 311 111 1106
478 905 1087 883 583 422 1399 1037 652 222 1016 646 1233 559 236 876 1245 600 1103 666 1399 382 0 685 577 391 1021 349 851 1076 725 566 1067 1364 715 428 826 1324 1123 1779 507 379 1370 776 1444 1171 1289 777 746 1248 1443 1246 705 301 680 450 473 417 956 1779 711 619 664 660 935 570 631 761 1447 1151 727 1490 1242 1556 810 1628 1266 1099 801 574 1242 465 716 561 361 1318
803 480 838 262 525 431 1150 853 594 555 869 92 1005 721 499 248 996 259 991 241 1151 435 685 0 236 423 864 930 426 682 667 226 643 1115 291 852 550 1075 729 1530 773 899 1122 718 1196 996 1040 352 622 999 1195 901 280 421 622 404 808 863 532 1530 287 561 79 236 823 410 350 703 1199 1015 669 1242 993 1307 385 1379 1017 705 376 399 848 288 291 287 347 1069
653 456 814 434 375 323 1126 829 444 446 808 197 981 572 390 428 972 136 895 217 1126 326 577 236 0 315 813 780 402 658 518 117 618 1090 267 703 526 1051 705 1506 623 749 1097 568 1171 963 1016 328 538 975 1170 876 251 312 473 296 658 713 507 1506 262 411 215 211 728 195 166 554 1174 943 519 1217 969 1283 361 1355 993 680 352 184 824 179 267 179 239 1044
658 643 884 621 381 220 1197 835 450 198 813 384 1031 577 215 615 1043 338 901 404 1197 55 391 423 315 0 818 679 589 845 523 304 805 1161 454 708 623 1121 892 1577 628 710 1168 574 1242 968 1087 515 543 1046 1241 1043 443 137 478 247 663 718 694 1577 449 416 402 398 733 367 429 559 1245 949 524 1288 1040 1354 548 1426 1064 867 539 372 1011 299 454 299 99 1115
854 674 94 870 505 720 406 58 389 827 74 824 261 773 941 864 252 790 277 660 406 809 1021 864 813 818 0 981 720 284 648 824 375 370 703 904 475 331 169 786 824 951 377 698 451 251 296 764 395 255 450 253 725 924 674 747 859 914 365 786 699 612 843 679 117 678 674 684 454 271 321 497 249 563 682 635 273 270 559 667 291 891 596 868 890 324
181 1046 1047 1025 544 687 1359 998 613 546 976 890 1194 262 514 1018 1205 757 1064 808 1360 691 349 930 780 679 981 0 993 1037 686 791 1063 1324 857 132 786 1284 1084 1740 210 83 1331 737 1405 1131 1250 919 706 1208 1404 1206 692 578 385 714 176 120 952 1739 853 393 909 802 896 645 641 722 1408 1111 687 1408 1202 1516 951 1589 1227 1059 943 634 1203 743 858 835 639 1278
866 77 695 433 588 597 1007 710 550 721 726 387 862 784 665 426 853 425 847 223 1007 601 851 426 402 589 720 993 0 539 543 392 499 971 265 916 407 932 586 1387 836 962 978 575 1052 852 897 327 478 856 1051 757 343 587 685 570 871 926 388 1387 261 624 406 242 680 476 413 560 1055 872 537 1098 850 1164 73 1236 874 561 187 465 705 454 159 453 513 925
910 493 258 689 561 776 570 273 444 883 289 643 425 828 921 682 416 681 439 479 570 857 1076 682 658 845 284 1037 539 0 502 648 194 535 521 960 366 495 149 950 880 1006 542 535 616 415 460 583 438 419 615 321 599 843 729 803 915 970 184 950 517 668 662 498 272 732 669 520 619 435 377 662 413 727 501 799 437 125 378 721 268 709 415 709 769 489
559 496 658 693 163 425 970 664 279 532 643 628 825 478 646 686 816 494 730 483 971 514 725 667 518 523 648 686 543 502 0 529 463 935 525 609 271 895 549 1350 529 655 942 84 1016 798 860 586 330 819 1015 721 429 629 379 452 564 619 352 1350 521 317 647 501 562 383 379 69 1019 778 353 1062 813 1127 505 1199 837 525 382 371 668 676 419 573 595 889
664 445 803 424 386 312 1115 818 455 436 819 186 970 583 380 417 961 141 906 207 1116 316 566 226 117 304 824 791 392 648 529 0 608 1080 256 714 515 1040 694 1496 634 760 1087 579 1161 961 1006 318 549 964 1160 866 246 302 484 285 669 724 497 1495 252 422 205 201 739 206 177 565 1164 954 530 1207 958 1272 350 1344 983 670 342 195 813 169 257 169 228 1034
935 453 349 649 551 801 662 365 470 908 380 603 517 854 881 643 508 642 531 439 662 817 1067 643 618 805 375 1063 499 194 463 608 0 626 482 985 327 586 241 1042 906 1032 633 495 707 507 552 543 398 511 706 412 560 803 755 786 941 996 144 1042 478 694 622 458 363 692 629 480 710 527 410 753 505 819 461 891 529 216 338 681 360 670 375 669 729 580
1197 925 308 1121 848 1063 195 360 732 1170 376 1075 359 1116 1284 1115 207 1114 417 911 195 1152 1364 1115 1090 1161 370 1324 971 535 935 1080 626 0 954 1247 799 193 421 483 1167 1294 93 967 240 350 110 1015 738 210 239 364 1032 1267 1017 1090 1202 1257 616 483 950 955 1094 930 460 1021 1017 952 243 369 664 286 204 299 934 332 138 521 810 1010 402 1142 847 1142 1201 187
730 319 677 194 453 461 989 692 522 585 708 252 844 649 529 187 835 290 830 88 990 465 715 291 267 454 703 857 265 521 525 256 482 954 0 780 389 914 568 1369 700 827 961 557 1035 835 879 88 461 838 1034 740 208 451 550 435 735 790 371 1369 30 488 270 106 662 340 278 543 1038 854 520 1081 832 1146 224 1218 856 544 215 329 687 318 130 318 378 908
104 969 970 948 467 610 1282 920 535 625 899 813 1117 185 593 941 1128 680 986 730 1283 699 428 852 703 708 904 132 916 960 609 714 985 1247 780 0 709 1207 1006 1663 133 118 1254 660 1328 1054 1173 842 629 1131 1327 1129 614 657 308 637 99 92 875 1662 776 316 832 725 819 568 564 645 1331 1034 610 1331 1125 1439 874 1511 1150 982 865 557 1125 822 781 758 718 1201
659 361 522 557 275 525 834 491 194 632 470 511 688 578 746 550 680 549 557 347 835 614 826 550 526 623 475 786 407 366 271 515 327 799 389 709 0 759 413 1214 629 756 806 303 880 625 725 451 122 683 879 585 467 710 479 552 664 719 216 1214 385 417 529 365 390 483 479 288 883 605 181 926 677 991 369 1063 702 389 246 472 532 577 283 577 637 753
1157 886 268 1082 808 1023 321 320 692 1130 336 1036 320 1076 1245 1075 167 1074 377 872 321 1112 1324 1075 1051 1121 331 1284 932 495 895 1040 586 193 914 1207 759 0 381 498 1127 1254 159 927 367 310 211 975 698 170 365 325 992 1227 977 1051 1162 1217 576 498 910 916 1054 890 420 981 977 913 370 330 625 412 164 275 894 347 188 481 771 970 363 1102 808 1102 1162 63
957 540 144 736 608 822 456 159 491 929 175 690 311 875 967 729 302 728 369 526 456 904 1123 729 705 892 169 1084 586 149 549 694 241 421 568 1006 413 381 0 836 927 1053 427 581 501 301 346 630 485 305 500 303 646 889 776 850 962 1017 230 836 564 715 708 544 259 779 716 567 504 321 424 547 299 613 548 685 323 135 425 767 278 756 462 756 816 375
1613 1341 724 1537 1264 1478 626 775 1147 1585 791 1491 775 1531 1700 1530 622 1529 833 1327 626 1567 1779 1530 1506 1577 786 1740 1387 950 1350 1496 1042 483 1369 1663 1214 498 836 0 1583 1709 478 1383 671 765 541 1431 1154 625 670 780 1447 1682 1432 1506 1618 1673 1032 52 1365 1371 1510 1346 876 1436 1432 1368 674 785 1080 717 619 259 1349 204 569 936 1226 1425 818 1557 1263 1557 1617 504
83 889 890 868 387 530 1202 841 456 637 819 733 1037 105 672 861 1048 600 907 651 1203 619 507 773 623 628 824 210 836 880 529 634 906 1167 700 133 629 1127 927 1583 0 179 1174 580 1248 974 1093 762 549 1052 1247 1049 535 734 228 557 88 143 795 1582 696 236 752 645 739 488 484 565 1251 955 530 1251 1045 1360 794 1432 1070 902 786 477 1046 781 701 678 700 1121
151 1016 1017 994 513 656 1329 967 582 576 946 860 1163 232 544 988 1175 726 1033 777 1329 721 379 899 749 710 951 83 962 1006 655 760 1032 1294 827 118 756 1254 1053 1709 179 0 1301 706 1375 1101 1219 888 676 1178 1374 1176 661 609 354 684 146 106 921 1709 823 363 878 771 865 615 611 692 1378 1081 657 1378 1172 1486 921 1558 1196 1029 912 603 1172 773 827 805 669 1248
1204 932 315 1128 855 1070 236 367 738 1177 382 1082 366 1123 1291 1122 214 1121 424 918 237 1159 1370 1122 1097 1168 377 1331 978 542 942 1087 633 93 961 1254 806 159 427 478 1174 1301 0 974 282 357 151 1022 745 217 281 371 1039 1274 1024 1097 1209 1264 623 478 957 962 1101 937 467 1028 1024 959 285 376 671 328 211 294 940 327 179 528 817 1017 409 1149 854 1148 1208 153
610 529 690 725 214 475 1002 705 330 582 693 679 857 528 697 718 848 545 781 515 1003 564 776 718 568 574 698 737 575 535 84 579 495 967 557 660 303 927 581 1383 580 706 974 0 1048 848 893 619 375 851 1047 753 480 679 429 503 615 670 384 1382 553 368 697 533 613 433 429 52 1051 829 404 1094 845 1159 537 1231 870 557 414 422 700 726 451 624 646 921
1278 1006 389 1202 929 1144 65 441 812 1251 456 1156 440 1197 1365 1196 288 1195 498 992 83 1233 1444 1196 1171 1242 451 1405 1052 616 1016 1161 707 240 1035 1328 880 367 501 671 1248 1375 282 1048 0 431 191 1096 819 291 34 445 1113 1348 1098 1171 1283 1338 697 671 1031 1036 1175 1011 541 1102 1098 1033 38 450 745 123 285 487 1014 520 219 602 891 1091 483 1223 928 1222 1282 360
1004 806 189 1002 655 870 385 240 539 977 256 956 77 923 1091 996 231 940 82 792 386 959 1171 996 963 968 251 1131 852 415 798 961 507 350 835 1054 625 310 301 765 974 1101 357 848 431 0 276 896 545 234 430 245 875 1074 824 897 1009 1064 497 765 830 762 975 811 267 828 824 833 434 34 472 477 228 542 814 614 253 402 691 817 283 1023 728 1018 1040 304
1123 851 234 1047 774 989 145 285 657 1096 301 1001 285 1042 1210 1040 132 1039 343 837 146 1078 1289 1040 1016 1087 296 1250 897 460 860 1006 552 110 879 1173 725 211 346 541 1093 1219 151 893 191 276 0 941 664 135 190 290 957 1193 943 1016 1128 1183 542 541 875 881 1020 856 386 947 943 878 194 295 590 237 129 356 859 390 63 446 736 935 328 1068 773 1067 1127 205
792 381 738 194 514 523 1051 754 583 647 769 313 906 710 591 188 897 351 891 149 1051 527 777 352 328 515 764 919 327 583 586 318 543 1015 88 842 451 975 630 1431 762 888 1022 619 1096 896 941 0 522 900 1095 801 269 513 611 496 797 852 432 1431 79 550 332 168 723 402 339 604 1099 916 581 1142 894 1208 286 1280 918 605 277 391 749 380 192 379 439 969
579 432 461 628 230 445 773 412 114 552 390 582 608 498 666 622 619 515 477 418 774 534 746 622 538 543 395 706 478 438 330 549 398 738 461 629 122 698 485 1154 549 676 745 375 819 545 664 522 0 622 818 620 450 649 399 472 584 639 288 1153 457 337 601 437 310 403 399 360 822 525 101 865 616 930 440 1002 641 460 317 392 604 649 354 593 615 692
1081 810 192 1006 733 947 245 244 616 1054 260 960 244 1000 1169 999 53 998 301 796 246 1036 1248 999 975 1046 255 1208 856 419 819 964 511 210 838 1131 683 170 305 625 1052 1178 217 851 291 234 135 900 622 0 290 249 916 1151 901 975 1086 1142 500 625 834 840 978 814 344 905 901 837 294 254 549 337 45 402 818 474 112 405 695 894 287 1026 732 1026 1086 164
1277 1005 388 1201 928 1143 64 440 811 1250 455 1155 439 1196 1364 1195 287 1193 497 991 82 1232 1443 1195 1170 1241 450 1404 1051 615 1015 1160 706 239 1034 1327 879 365 500 670 1247 1374 281 1047 34 430 190 1095 818 290 0 444 1112 1347 1097 1170 1282 1337 696 670 1030 1035 1174 1010 540 1101 1097 1032 37 449 744 122 284 486 1013 519 218 601 890 1090 482 1222 927 1221 1281 359
1079 711 190 907 730 945 400 242 614 1052 258 861 255 998 1139 901 246 899 312 697 400 1034 1246 901 876 1043 253 1206 757 321 721 866 412 364 740 1129 585 325 303 780 1049 1176 371 753 445 245 290 801 620 249 444 0 818 1061 899 973 1084 1139 402 780 736 838 880 716 342 903 887 738 448 265 547 491 243 557 719 629 267 227 596 892 85 928 633 927 987 318
564 397 755 376 287 416 1067 741 356 523 720 241 922 483 519 369 913 228 807 158 1068 455 705 280 251 443 725 692 343 599 429 246 560 1032 208 614 467 992 646 1447 535 661 1039 480 1113 875 957 269 450 916 1112 818 0 441 384 424 570 625 449 1447 204 323 260 153 639 175 112 465 1116 855 430 1159 910 1224 302 1296 934 622 293 163 765 307 208 307 367 986
707 640 990 619 486 326 1302 940 555 170 919 381 1137 683 114 612 1148 336 1006 401 1303 149 301 421 312 137 924 578 587 843 629 302 803 1267 451 657 710 1227 889 1682 734 609 1274 679 1348 1074 1193 513 649 1151 1347 1061 441 0 584 353 702 646 692 1682 447 522 400 396 839 473 457 665 1351 1054 630 1394 1145 1459 545 1531 1170 865 537 475 1008 297 452 296 97 1221
258 739 740 717 236 380 1052 690 305 487 669 583 887 177 601 711 898 449 756 500 1053 469 680 622 473 478 674 385 685 729 379 484 755 1017 550 308 479 977 776 1432 228 354 1024 429 1098 824 943 611 399 901 1097 899 384 584 0 407 263 318 644 1432 546 86 602 495 589 338 334 415 1101 804 380 1101 895 1209 644 1281 919 752 635 326 895 631 550 528 550 971
587 624 813 602 310 76 1126 764 379 256 742 365 960 506 370 596 972 319 830 385 1126 238 450 404 296 247 747 714 570 803 452 285 786 1090 435 637 552 1051 850 1506 557 684 1097 503 1171 897 1016 496 472 975 1170 973 424 353 407 0 592 647 675 1506 430 345 383 379 662 296 358 488 1174 878 453 1217 969 1283 529 1355 993 825 520 301 969 280 435 146 319 1044
71 924 925 903 422 565 1237 876 491 670 854 768 1072 140 638 896 1083 635 942 686 1238 654 473 808 658 663 859 176 871 915 564 669 941 1202 735 99 664 1162 962 1618 88 146 1209 615 1283 1009 1128 797 584 1086 1282 1084 570 702 263 592 0 109 830 1617 731 271 787 680 774 523 519 600 1286 989 565 1286 1080 1394 829 1467 1105 937 821 512 1081 816 736 713 735 1156
114 979 980 958 477 620 1292 931 546 614 909 823 1127 195 582 951 1138 690 997 741 1293 709 417 863 713 718 914 120 926 970 619 724 996 1257 790 92 719 1217 1017 1673 143 106 1264 670 1338 1064 1183 852 639 1142 1337 1139 625 646 318 647 109 0 885 1673 786 326 842 735 829 578 574 655 1341 1045 620 1341 1136 1450 884 1522 1160 992 876 567 1136 811 791 768 707 1211
825 342 339 539 440 690 651 354 359 797 370 493 506 743 770 532 497 531 521 329 652 706 956 532 507 694 365 952 388 184 352 497 144 616 371 875 216 576 230 1032 795 921 623 384 697 497 542 432 288 500 696 402 449 692 644 675 830 885 0 1031 367 583 511 347 353 581 519 370 700 516 299 743 494 808 351 880 519 206 228 570 349 559 265 559 619 570
1612 1341 723 1537 1264 1478 625 775 1147 1585 791 1491 775 1531 1700 1530 622 1529 832 1327 626 1567 1779 1530 1506 1577 786 1739 1387 950 1350 1495 1042 483 1369 1662 1214 498 836 52 1582 1709 478 1382 671 765 541 1431 1153 625 670 780 1447 1682 1432 1506 1617 1673 1031 0 1365 1371 1509 1345 875 1436 1432 1368 674 785 1080 717 619 259 1349 204 569 936 1226 1425 818 1557 1263 1557 1617 504
726 315 673 185 449 457 985 688 517 581 704 248 840 645 525 179 831 286 825 84 986 461 711 287 262 449 699 853 261 517 521 252 478 950 30 776 385 910 564 1365 696 823 957 553 1031 830 875 79 457 834 1030 736 204 447 546 430 731 786 367 1365 0 484 266 102 658 336 274 539 1034 850 515 1077 828 1142 220 1214 852 540 211 325 683 314 126 314 374 904
266 678 678 656 175 318 991 629 244 425 607 521 825 185 539 649 837 388 695 439 991 407 619 561 411 416 612 393 624 668 317 422 694 955 488 316 417 916 715 1371 236 363 962 368 1036 762 881 550 337 840 1035 838 323 522 86 345 271 326 583 1371 484 0 540 433 527 276 272 353 1039 743 318 1039 834 1148 583 1220 858 690 574 265 834 569 489 466 489 909
782 459 817 288 504 410 1129 832 573 534 848 83 984 701 478 274 975 239 970 221 1130 414 664 79 215 402 843 909 406 662 647 205 622 1094 270 832 529 1054 708 1510 752 878 1101 697 1175 975 1020 332 601 978 1174 880 260 400 602 383 787 842 511 1509 266 540 0 215 802 389 329 683 1178 994 648 1221 972 1286 364 1358 997 684 356 378 827 267 271 267 326 1048
675 295 653 274 397 406 965 668 466 530 684 196 820 594 474 267 811 235 806 56 966 410 660 236 211 398 679 802 242 498 501 201 458 930 106 725 365 890 544 1346 645 771 937 533 1011 811 856 168 437 814 1010 716 153 396 495 379 680 735 347 1345 102 433 215 0 638 285 222 519 1014 830 496 1057 808 1122 200 1194 833 520 192 274 663 263 107 262 322 884
769 633 183 830 420 635 495 134 303 742 112 784 330 688 856 823 341 705 200 620 496 724 935 823 728 733 117 896 680 272 562 739 363 460 662 819 390 420 259 876 739 865 467 613 541 267 386 723 310 344 540 342 639 839 589 662 774 829 353 875 658 527 802 638 0 593 589 598 544 247 236 587 338 652 642 724 363 294 519 581 380 850 556 783 805 414
518 530 744 508 241 269 1056 694 309 376 673 371 891 437 490 501 902 172 760 291 1057 358 570 410 195 367 678 645 476 732 383 206 692 1021 340 568 483 981 779 1436 488 615 1028 433 1102 828 947 402 403 905 1101 903 175 473 338 296 523 578 581 1436 336 276 389 285 593 0 89 419 1105 808 384 1148 899 1213 435 1285 924 754 426 48 897 353 341 353 413 975
514 467 740 445 237 330 1052 690 305 437 669 311 887 433 535 439 898 143 756 228 1053 419 631 350 166 429 674 641 413 669 379 177 629 1017 278 564 479 977 716 1432 484 611 1024 429 1098 824 943 339 399 901 1097 887 112 457 334 358 519 574 519 1432 274 272 329 222 589 89 0 415 1101 804 380 1144 895 1209 372 1281 920 691 363 78 835 324 278 323 383 971
595 514 676 710 199 461 988 691 315 568 679 664 843 514 682 704 834 531 766 500 988 550 761 703 554 559 684 722 560 520 69 565 480 952 543 645 288 913 567 1368 565 692 959 52 1033 833 878 604 360 837 1032 738 465 665 415 488 600 655 370 1368 539 353 683 519 598 419 415 0 1036 814 390 1079 831 1145 522 1217 855 542 399 408 686 712 436 609 631 906
1281 1009 392 1205 932 1147 68 444 815 1254 459 1159 443 1200 1368 1199 291 1198 501 995 86 1236 1447 1199 1174 1245 454 1408 1055 619 1019 1164 710 243 1038 1331 883 370 504 674 1251 1378 285 1051 38 434 194 1099 822 294 37 448 1116 1351 1101 1174 1286 1341 700 674 1034 1039 1178 1014 544 1105 1101 1036 0 453 748 109 288 490 1017 523 222 605 894 1094 486 1226 931 1225 1285 363
984 826 208 1022 636 850 405 260 519 957 276 976 97 903 1072 1015 251 920 68 812 405 939 1151 1015 943 949 271 1111 872 435 778 954 527 369 854 1034 605 330 321 785 955 1081 376 829 450 34 295 916 525 254 449 265 855 1054 804 878 989 1045 516 785 850 743 994 830 247 808 804 814 453 0 452 496 248 562 834 634 272 421 711 797 303 1042 748 998 1021 323
560 491 388 687 211 426 700 338 94 533 317 629 534 479 647 681 546 496 404 477 700 515 727 669 519 524 321 687 537 377 353 530 410 664 520 610 181 625 424 1080 530 657 671 404 745 472 590 581 101 549 744 547 430 630 380 453 565 620 299 1080 515 318 648 496 236 384 380 390 748 452 0 791 543 857 499 929 567 399 376 373 543 677 413 574 596 618
1281 1052 435 1248 975 1190 153 487 858 1297 502 1202 486 1200 1411 1242 334 1240 544 1038 171 1279 1490 1242 1217 1288 497 1408 1098 662 1062 1207 753 286 1081 1331 926 412 547 717 1251 1378 328 1094 123 477 237 1142 865 337 122 491 1159 1394 1101 1217 1286 1341 743 717 1077 1039 1221 1057 587 1148 1144 1079 109 496 791 0 331 533 1060 566 265 648 937 1137 529 1269 974 1268 1328 406
1075 804 186 1000 727 941 239 238 610 1048 254 954 238 994 1163 993 47 992 295 790 239 1030 1242 993 969 1040 249 1202 850 413 813 958 505 204 832 1125 677 164 299 619 1045 1172 211 845 285 228 129 894 616 45 284 243 910 1145 895 969 1080 1136 494 619 828 834 972 808 338 899 895 831 288 248 543 331 0 396 812 468 106 399 689 888 281 1020 726 1020 1080 158
1389 1118 500 1314 1041 1255 441 552 924 1362 568 1268 552 1308 1477 1307 399 1306 609 1104 442 1344 1556 1307 1283 1354 563 1516 1164 727 1127 1272 819 299 1146 1439 991 275 613 259 1360 1486 294 1159 487 542 356 1208 930 402 486 557 1224 1459 1209 1283 1394 1450 808 259 1142 1148 1286 1122 652 1213 1209 1145 490 562 857 533 396 0 1126 108 384 713 1003 1202 595 1334 1040 1334 1394 281
824 127 657 392 547 556 969 672 512 679 688 346 824 743 623 385 815 384 809 182 969 559 810 385 361 548 682 951 73 501 505 350 461 934 224 874 369 894 548 1349 794 921 940 537 1014 814 859 286 440 818 1013 719 302 545 644 529 829 884 351 1349 220 583 364 200 642 435 372 522 1017 834 499 1060 812 1126 0 1198 836 524 195 423 667 412 118 412 472 888
1461 1190 572 1386 1113 1327 475 624 996 1434 640 1340 624 1380 1549 1379 471 1378 681 1176 475 1416 1628 1379 1355 1426 635 1589 1236 799 1199 1344 891 332 1218 1511 1063 347 685 204 1432 1558 327 1231 520 614 390 1280 1002 474 519 629 1296 1531 1281 1355 1467 1522 880 204 1214 1220 1358 1194 724 1285 1281 1217 523 634 929 566 468 108 1198 0 418 785 1075 1274 667 1406 1112 1406 1466 353
1100 828 211 1024 751 966 173 262 634 1073 278 978 262 1019 1187 1017 109 1016 320 814 173 1055 1266 1017 993 1064 273 1227 874 437 837 983 529 138 856 1150 702 188 323 569 1070 1196 179 870 219 253 63 918 641 112 218 267 934 1170 919 993 1105 1160 519 569 852 858 997 833 363 924 920 855 222 272 567 265 106 384 836 418 0 423 713 912 305 1045 750 1044 1104 182
932 515 244 711 583 798 556 259 467 905 275 665 411 851 943 705 402 704 462 501 557 879 1099 705 680 867 270 1059 561 125 525 670 216 521 544 982 389 481 135 936 902 1029 528 557 602 402 446 605 460 405 601 227 622 865 752 825 937 992 206 936 540 690 684 520 294 754 691 542 605 421 399 648 399 713 524 785 423 0 400 743 175 732 437 731 791 475
815 141 534 383 470 547 846 549 389 671 565 337 701 734 615 376 692 375 686 173 846 551 801 376 352 539 559 943 187 378 382 342 338 810 215 865 246 771 425 1226 786 912 817 414 891 691 736 277 317 695 890 596 293 537 635 520 821 876 228 1226 211 574 356 192 519 426 363 399 894 711 376 937 689 1003 195 1075 713 400 0 415 544 403 109 403 463 764
507 518 733 497 229 273 1045 683 298 380 662 360 880 425 495 490 891 161 749 279 1046 362 574 399 184 372 667 634 465 721 371 195 681 1010 329 557 472 970 767 1425 477 603 1017 422 1091 817 935 391 392 894 1090 892 163 475 326 301 512 567 570 1425 325 265 378 274 581 48 78 408 1094 797 373 1137 888 1202 423 1274 912 743 415 0 886 342 330 342 402 964
1075 659 228 855 727 941 438 280 610 1048 296 809 293 994 1086 848 284 847 350 645 438 1022 1242 848 824 1011 291 1203 705 268 668 813 360 402 687 1125 532 363 278 818 1046 1172 409 700 483 283 328 749 604 287 482 85 765 1008 895 969 1081 1136 349 818 683 834 827 663 380 897 835 686 486 303 543 529 281 595 667 667 305 175 544 886 0 875 581 875 935 356
811 507 865 486 534 307 1177 880 602 431 896 248 1032 730 375 479 1023 203 1018 268 1178 311 465 288 179 299 891 743 454 709 676 169 670 1142 318 822 577 1102 756 1557 781 773 1149 726 1223 1023 1068 380 649 1026 1222 928 307 297 631 280 816 811 559 1557 314 569 267 263 850 353 324 712 1226 1042 677 1269 1020 1334 412 1406 1045 732 403 342 875 0 319 163 223 1096
731 213 571 298 453 462 883 586 426 586 602 252 738 649 530 291 729 290 723 88 883 466 716 291 267 454 596 858 159 415 419 257 375 847 130 781 283 808 462 1263 701 827 854 451 928 728 773 192 354 732 927 633 208 452 550 435 736 791 265 1263 126 489 271 107 556 341 278 436 931 748 413 974 726 1040 118 1112 750 437 109 330 581 319 0 318 378 802
708 507 865 485 431 173 1177 880 500 377 863 248 1032 627 375 479 1023 202 951 268 1177 311 561 287 179 299 868 835 453 709 573 169 669 1142 318 758 577 1102 756 1557 678 805 1148 624 1222 1018 1067 379 593 1026 1221 927 307 296 528 146 713 768 559 1557 314 466 267 262 783 353 323 609 1225 998 574 1268 1020 1334 412 1406 1044 731 403 342 875 163 318 0 223 1096
730 567 925 545 453 292 1237 907 522 231 885 308 1092 649 175 539 1083 262 973 328 1237 111 361 347 239 99 890 639 513 769 595 228 729 1201 378 718 637 1162 816 1617 700 669 1208 646 1282 1040 1127 439 615 1086 1281 987 367 97 550 319 735 707 619 1617 374 489 326 322 805 413 383 631 1285 1021 596 1328 1080 1394 472 1466 1104 791 463 402 935 223 378 223 0 1155
1151 879 262 1076 802 1017 315 314 686 1124 330 1030 313 1070 1238 1069 161 1068 371 866 315 1106 1318 1069 1044 1115 324 1278 925 489 889 1034 580 187 908 1201 753 63 375 504 1121 1248 153 921 360 304 205 969 692 164 359 318 986 1221 971 1044 1156 1211 570 504 904 909 1048 884 414 975 971 906 363 323 618 406 158 281 888 353 182 475 764 964 356 1096 802 1096 1155 0
EOF