NAME : tsp_problem
TYPE : TSP
DIMENSION : 52
EDGE_WEIGHT_TYPE : EXPLICIT
EDGE_WEIGHT_FORMAT : FULL_MATRIX
EDGE_WEIGHT_SECTION
0 472 524 602 380 609 603 102 424 615 557 657 797 656 357 463 455 386 356 334 615 450 613 224 565 391 566 424 215 373 218 497 374 873 671 261 750 772 333 599 318 487 838 260 645 736 528 124 301 811 510 398
472 0 857 590 579 598 298 497 398 399 854 631 1094 645 370 59 429 585 554 347 912 649 309 556 862 196 863 199 276 362 551 282 706 1170 401 397 1047 760 476 505 517 271 534 548 375 1033 313 492 437 800 709 153
524 857 0 986 543 994 1031 599 808 1044 202 1042 430 1041 786 848 840 549 519 763 248 340 1042 345 131 819 211 809 600 758 350 926 282 506 1099 722 382 1156 801 984 617 915 1234 442 1029 369 957 621 762 1196 380 826
602 590 986 0 954 95 821 647 541 922 1019 571 1259 111 892 581 573 960 930 869 1077 959 831 686 1027 718 1028 542 406 491 680 804 836 1330 923 526 1212 227 606 717 892 793 651 722 762 1199 835 622 566 266 1019 675
380 579 543 954 0 961 654 349 776 666 441 1009 682 1009 408 569 807 152 124 385 500 237 664 379 450 442 450 709 567 726 375 549 410 758 722 508 634 1124 484 860 218 538 890 271 730 621 580 371 465 1163 297 449
609 598 994 95 961 0 828 654 549 929 1026 561 1267 101 900 588 580 967 937 877 1085 967 838 693 1035 725 1035 549 413 499 688 811 843 1337 930 534 1219 216 613 711 900 800 641 729 766 1206 842 629 574 256 1027 683
603 298 1031 821 654 828 0 572 502 286 929 633 1169 875 446 289 436 660 630 423 988 724 71 732 937 271 938 427 506 520 727 357 882 1246 201 627 1122 914 706 477 592 346 507 623 347 1109 356 594 667 872 784 229
102 497 599 647 349 654 572 0 469 584 625 702 865 701 326 488 500 356 325 304 683 420 583 298 633 360 634 469 261 418 293 467 448 941 640 189 818 817 268 644 288 456 808 318 648 804 498 79 229 856 480 367
424 398 808 541 776 549 502 469 0 689 841 261 1081 596 677 389 90 782 752 654 899 781 513 508 849 503 850 221 227 77 502 588 658 1157 605 348 1034 630 427 204 714 578 454 544 249 1020 619 444 388 588 841 460
615 399 1044 922 666 929 286 584 689 0 941 821 1182 976 458 390 623 672 642 435 1000 737 296 745 950 284 950 530 607 693 739 205 895 1258 124 728 1134 1091 719 664 604 194 694 635 534 1121 139 606 700 1059 797 270
557 854 202 1019 441 1026 929 625 841 941 0 1074 340 1073 683 844 872 447 417 660 159 237 939 377 108 717 41 841 632 791 383 824 208 417 997 754 293 1189 759 1017 515 813 1165 474 1005 280 855 646 740 1228 210 724
657 631 1042 571 1009 561 633 702 261 821 1074 0 1314 515 808 622 324 1015 985 785 1132 1014 644 741 1082 634 1083 454 461 311 735 720 891 1391 736 581 1267 399 661 206 947 709 223 777 324 1254 751 677 621 357 1074 591
797 1094 430 1259 682 1267 1169 865 1081 1182 340 1314 0 1314 924 1085 1112 688 657 901 242 478 1180 618 336 958 349 1082 872 1031 623 1064 449 115 1238 995 110 1429 1000 1257 756 1053 1405 715 1245 255 1095 887 981 1469 518 965
656 645 1041 111 1009 101 875 701 596 976 1073 515 1314 0 947 636 627 1015 985 924 1132 1014 886 740 1082 773 1082 597 460 546 735 859 890 1385 978 581 1266 170 660 665 947 848 595 777 720 1253 890 677 621 210 1074 730
357 370 786 892 408 900 446 326 677 458 683 808 924 947 0 361 611 414 384 62 742 479 456 487 692 234 692 501 544 664 481 340 637 1000 514 485 876 1062 461 652 346 330 681 377 522 863 371 348 442 1047 539 241
463 59 848 581 569 588 289 488 389 390 844 622 1085 636 361 0 420 575 545 338 903 640 300 547 853 187 853 190 267 353 542 273 697 1161 392 388 1037 751 467 496 507 262 525 538 365 1024 304 483 428 790 700 144
455 429 840 573 807 580 436 500 90 623 872 324 1112 627 611 420 0 813 783 588 930 812 447 539 880 437 881 252 259 109 533 522 689 1189 539 379 1065 692 459 266 745 512 516 575 311 1052 553 475 419 650 872 394
386 585 549 960 152 967 660 356 782 672 447 1015 688 1015 414 575 813 0 130 391 506 243 670 385 456 448 456 715 573 732 381 555 416 764 728 514 640 1130 490 866 221 544 896 277 736 627 586 377 471 1170 303 455
356 554 519 930 124 937 630 325 752 642 417 985 657 985 384 545 783 130 0 361 475 212 640 354 425 418 426 685 543 702 351 524 386 734 698 484 610 1100 460 836 216 514 865 247 706 597 555 347 441 1139 272 425
334 347 763 869 385 877 423 304 654 435 660 785 901 924 62 338 588 391 361 0 719 456 433 464 669 211 669 478 521 641 458 317 614 977 491 462 853 1039 438 629 323 307 659 354 499 840 348 325 419 1024 516 218
615 912 248 1077 500 1085 988 683 899 1000 159 1132 242 1132 742 903 930 506 475 719 0 296 998 436 154 776 168 900 691 849 441 882 267 319 1056 813 195 1247 818 1075 574 872 1223 533 1064 151 913 705 799 1287 336 783
450 649 340 959 237 967 724 420 781 737 237 1014 478 1014 479 640 812 243 212 456 296 0 735 318 246 512 246 780 572 731 323 619 206 554 792 578 430 1129 555 931 311 608 960 341 800 417 650 442 536 1169 199 520
613 309 1042 831 664 838 71 583 513 296 939 644 1180 886 456 300 447 670 640 433 998 735 0 743 948 282 948 437 517 531 738 368 893 1256 212 638 1133 924 717 488 602 357 517 633 357 1119 367 604 678 882 795 239
224 556 345 686 379 693 732 298 508 745 377 741 618 740 487 547 539 385 354 464 436 318 743 0 386 520 386 508 299 457 80 627 194 694 800 421 570 856 500 683 319 616 933 141 729 557 658 320 461 895 378 527
565 862 131 1027 450 1035 937 633 849 950 108 1082 336 1082 692 853 880 456 425 669 154 246 948 386 0 726 117 850 640 799 391 832 217 412 1006 763 288 1197 768 1025 524 821 1173 483 1013 275 863 655 749 1237 286 733
391 196 819 718 442 725 271 360 503 284 717 634 958 773 234 187 437 448 418 211 776 512 282 520 726 0 726 327 404 490 515 166 670 1034 340 519 910 888 495 478 380 155 507 411 347 897 197 382 476 872 573 67
566 863 211 1028 450 1035 938 634 850 950 41 1083 349 1082 692 853 881 456 426 669 168 246 948 386 117 726 0 850 641 799 392 833 217 426 1006 763 302 1198 768 1026 524 822 1174 483 1014 289 864 655 749 1237 195 733
424 199 809 542 709 549 427 469 221 530 841 454 1082 597 501 190 252 715 685 478 900 780 437 508 850 327 850 0 228 194 503 413 658 1158 529 349 1034 712 428 397 647 402 579 545 419 1021 444 444 389 751 840 284
215 276 600 406 567 413 506 261 227 607 632 461 872 460 544 267 259 573 543 521 691 572 517 299 640 404 641 228 0 177 294 490 449 949 609 141 825 575 220 403 505 479 653 335 448 812 521 236 181 615 632 361
373 362 758 491 726 499 520 418 77 693 791 311 1031 546 664 353 109 732 702 641 849 731 531 457 799 490 799 194 177 0 452 576 607 1107 623 298 984 661 377 253 664 565 503 494 298 970 607 394 338 637 791 447
218 551 350 680 375 688 727 293 502 739 383 735 623 735 481 542 533 381 351 458 441 323 738 80 391 515 392 503 294 452 0 622 200 699 795 416 576 850 495 678 313 611 928 136 723 562 653 315 456 890 383 522
497 282 926 804 549 811 357 467 588 205 824 720 1064 859 340 273 522 555 524 317 882 619 368 627 832 166 833 413 490 576 622 0 777 1140 260 611 1017 974 601 564 487 21 593 518 433 1003 118 488 582 958 679 152
374 706 282 836 410 843 882 448 658 895 208 891 449 890 637 697 689 416 386 614 267 206 893 194 217 670 217 658 449 607 200 777 0 525 950 571 401 1006 650 833 468 766 1083 291 878 388 808 470 611 1045 373 677
873 1170 506 1330 758 1337 1246 941 1157 1258 417 1391 115 1385 1000 1161 1189 764 734 977 319 554 1256 694 412 1034 426 1158 949 1107 699 1140 525 0 1314 1071 186 1500 1076 1333 832 1130 1482 791 1322 332 1171 963 1057 1539 594 1041
671 401 1099 923 722 930 201 640 605 124 997 736 1238 978 514 392 539 728 698 491 1056 792 212 800 1006 340 1006 529 609 623 795 260 950 1314 0 730 1190 1016 775 580 660 250 609 691 449 1177 195 662 756 975 852 326
261 397 722 526 508 534 627 189 348 728 754 581 995 581 485 388 379 514 484 462 813 578 638 421 763 519 763 349 141 298 416 611 571 1071 730 0 947 696 110 524 446 600 774 457 569 934 642 164 91 736 638 482
750 1047 382 1212 634 1219 1122 818 1034 1134 293 1267 110 1266 876 1037 1065 640 610 853 195 430 1133 570 288 910 302 1034 825 984 576 1017 401 186 1190 947 0 1382 952 1210 708 1006 1358 667 1198 208 1048 839 933 1421 471 917
772 760 1156 227 1124 216 914 817 630 1091 1189 399 1429 170 1062 751 692 1130 1100 1039 1247 1129 924 856 1197 888 1198 712 575 661 850 974 1006 1500 1016 696 1382 0 775 549 1062 963 479 892 604 1368 1005 792 736 94 1189 845
333 476 801 606 484 613 706 268 427 719 759 661 1000 660 461 467 459 490 460 438 818 555 717 500 768 495 768 428 220 377 495 601 650 1076 775 110 952 775 0 603 422 591 853 453 648 939 632 244 63 815 615 502
599 505 984 717 860 711 477 644 204 664 1017 206 1257 665 652 496 266 866 836 629 1075 931 488 683 1025 478 1026 397 403 253 678 564 833 1333 580 524 1210 549 603 0 798 553 284 720 168 1196 595 620 564 507 991 435
318 517 617 892 218 900 592 288 714 604 515 947 756 947 346 507 745 221 216 323 574 311 602 319 524 380 524 647 505 664 313 487 468 832 660 446 708 1062 422 798 0 476 828 209 668 695 518 309 403 1102 371 387
487 271 915 793 538 800 346 456 578 194 813 709 1053 848 330 262 512 544 514 307 872 608 357 616 821 155 822 402 479 565 611 21 766 1130 250 600 1006 963 591 553 476 0 582 507 422 993 107 478 572 948 668 142
838 534 1234 651 890 641 507 808 454 694 1165 223 1405 595 681 525 516 896 865 659 1223 960 517 933 1173 507 1174 579 653 503 928 593 1083 1482 609 774 1358 479 853 284 828 582 0 859 339 1345 624 830 814 437 1020 465
260 548 442 722 271 729 623 318 544 635 474 777 715 777 377 538 575 277 247 354 533 341 633 141 483 411 483 545 335 494 136 518 291 791 691 457 667 892 453 720 209 507 859 0 699 654 549 340 434 932 401 418
645 375 1029 762 730 766 347 648 249 534 1005 324 1245 720 522 365 311 736 706 499 1064 800 357 729 1013 347 1014 419 448 298 723 433 878 1322 449 569 1198 604 648 168 668 422 339 699 0 1185 464 665 609 562 860 305
736 1033 369 1199 621 1206 1109 804 1020 1121 280 1254 255 1253 863 1024 1052 627 597 840 151 417 1119 557 275 897 289 1021 812 970 562 1003 388 332 1177 934 208 1368 939 1196 695 993 1345 654 1185 0 1034 826 920 1408 457 904
528 313 957 835 580 842 356 498 619 139 855 751 1095 890 371 304 553 586 555 348 913 650 367 658 863 197 864 444 521 607 653 118 808 1171 195 642 1048 1005 632 595 518 107 624 549 464 1034 0 519 613 989 710 183
124 492 621 622 371 629 594 79 444 606 646 677 887 677 348 483 475 377 347 325 705 442 604 320 655 382 655 444 236 394 315 488 470 963 662 164 839 792 244 620 309 478 830 340 665 826 519 0 204 831 502 389
301 437 762 566 465 574 667 229 388 700 740 621 981 621 442 428 419 471 441 419 799 536 678 461 749 476 749 389 181 338 456 582 611 1057 756 91 933 736 63 564 403 572 814 434 609 920 613 204 0 776 596 483
811 800 1196 266 1163 256 872 856 588 1059 1228 357 1469 210 1047 790 650 1170 1139 1024 1287 1169 882 895 1237 872 1237 751 615 637 890 958 1045 1539 975 736 1421 94 815 507 1102 948 437 932 562 1408 989 831 776 0 1229 830
510 709 380 1019 297 1027 784 480 841 797 210 1074 518 1074 539 700 872 303 272 516 336 199 795 378 286 573 195 840 632 791 383 679 373 594 852 638 471 1189 615 991 371 668 1020 401 860 457 710 502 596 1229 0 580
398 153 826 675 449 683 229 367 460 270 724 591 965 730 241 144 394 455 425 218 783 520 239 527 733 67 733 284 361 447 522 152 677 1041 326 482 917 845 502 435 387 142 465 418 305 904 183 389 483 830 580 0
EOF