NAME : tsp_problem
TYPE : TSP
DIMENSION : 42
EDGE_WEIGHT_TYPE : EXPLICIT
EDGE_WEIGHT_FORMAT : FULL_MATRIX
EDGE_WEIGHT_SECTION
0 1120 941 696 1118 772 1877 465 520 543 1203 1964 930 732 585 826 480 613 927 156 1362 921 733 928 978 2237 1205 919 1180 1104 1115 1924 816 737 958 838 1033 1312 1270 2786 672 1053
1120 0 275 738 329 436 2031 740 1217 1239 333 2117 1318 471 1323 352 869 1309 321 992 492 341 424 401 433 2390 335 1308 310 77 245 2077 525 1126 1347 1226 1422 442 400 2939 881 171
941 275 0 971 229 668 2043 517 1038 1060 566 2130 1096 249 1144 585 646 1130 554 813 724 574 656 178 666 2403 567 1085 543 215 477 2090 758 903 1124 1004 1199 675 632 2952 658 164
696 738 971 0 1025 391 1957 544 793 816 822 2044 1009 812 899 445 560 885 545 568 980 540 351 1008 596 2317 823 999 799 773 733 2004 435 817 1038 917 1113 931 888 2866 751 867
1118 329 229 1025 0 722 2220 694 1215 1237 620 2307 1273 426 1321 639 823 1307 607 990 778 627 710 355 720 2580 621 1262 597 269 531 2267 812 1080 1301 1181 1376 729 686 3129 835 218
772 436 668 391 722 0 2033 620 869 892 519 2120 1085 865 975 143 636 961 243 644 678 263 76 795 254 2393 521 1075 496 471 431 2080 195 893 1114 993 1189 629 586 2942 827 564
1976 2127 2142 2056 2319 2132 0 1666 2073 2095 2355 115 1773 1933 2179 2186 1536 2165 2286 1848 2513 2281 2092 2129 2337 576 2356 1763 2332 2162 2266 86 2176 1581 1801 1681 1876 2464 2421 1125 1873 2254
465 740 517 544 694 620 1567 0 562 584 1031 1654 619 308 668 675 170 654 775 337 1189 769 581 504 826 1927 1032 609 1008 680 942 1614 664 427 648 527 723 1140 1097 2476 248 629
520 1217 1038 793 1215 869 1974 562 0 72 1300 2061 1027 829 261 923 577 417 1024 392 1459 1018 830 1025 1075 2334 1302 1016 1277 1201 1212 2021 913 834 1055 935 1130 1409 1367 2883 769 1150
543 1239 1060 816 1237 892 1997 584 72 0 1323 2083 1049 852 283 946 600 377 1046 415 1481 1041 852 1047 1097 2356 1324 1039 1300 1224 1234 2043 936 857 1077 957 1152 1432 1389 2905 791 1173
1203 333 566 822 620 519 2258 1031 1300 1323 0 2345 1516 762 1406 436 1067 1393 405 1075 452 425 507 692 517 2618 295 1506 196 368 205 2305 609 1324 1545 1424 1620 403 360 3167 1172 462
2063 2214 2229 2142 2406 2218 115 1752 2160 2182 2441 0 1859 2020 2266 2273 1622 2252 2373 1935 2600 2367 2179 2216 2424 663 2443 1849 2418 2249 2353 75 2262 1667 1888 1768 1963 2550 2508 1212 1959 2341
930 1318 1096 1009 1273 1085 1674 619 1027 1049 1516 1761 0 887 1132 1139 489 1119 1240 802 1675 1234 1046 1083 1291 2034 1518 77 1493 1259 1428 1721 1129 438 60 177 209 1625 1583 2583 826 1208
732 471 249 812 426 865 1835 308 829 852 762 1921 887 0 935 782 437 922 750 604 921 770 848 236 862 2194 764 877 739 412 674 1881 932 695 915 795 990 872 829 2743 450 361
585 1323 1144 899 1321 975 2080 668 261 283 1406 2167 1132 935 0 1029 683 618 1129 498 1565 1124 935 1131 1180 2440 1408 1122 1383 1307 1317 2127 1019 940 1161 1041 1236 1515 1473 2989 874 1256
826 352 585 445 639 143 2087 675 923 946 436 2174 1139 782 1029 0 690 1016 159 698 594 179 130 711 212 2447 438 1129 413 387 347 2134 249 947 1168 1048 1243 545 503 2996 881 481
480 869 646 560 823 636 1437 170 577 600 1067 1524 489 437 683 690 0 669 790 352 1225 785 596 633 841 1797 1068 479 1044 809 978 1484 680 297 518 398 593 1176 1133 2346 377 758
613 1309 1130 885 1307 961 2067 654 417 377 1393 2153 1119 922 618 1016 669 0 1116 485 1551 1111 922 1117 1167 2426 1394 1109 1369 1293 1304 2113 1005 927 1147 1027 1222 1502 1459 2975 861 1242
927 321 554 545 607 243 2187 775 1024 1046 405 2274 1240 750 1129 159 790 1116 0 798 563 60 230 680 240 2547 406 1229 381 356 316 2234 244 1047 1268 1148 1343 514 471 3096 982 449
156 992 813 568 990 644 1749 337 392 415 1075 1836 802 604 498 698 352 485 798 0 1234 793 604 800 850 2109 1077 791 1052 976 987 1796 688 609 830 710 905 1184 1142 2658 544 925
1362 492 724 980 778 678 2417 1189 1459 1481 452 2503 1675 921 1565 594 1225 1551 563 1234 0 583 666 850 675 2776 176 1664 429 527 278 2463 767 1482 1703 1583 1778 79 121 3325 1330 620
921 341 574 540 627 263 2182 769 1018 1041 425 2269 1234 770 1124 179 785 1111 60 793 583 0 251 700 260 2542 426 1224 402 376 336 2229 212 1042 1263 1143 1338 534 491 3091 976 469
733 424 656 351 710 76 1993 581 830 852 507 2080 1046 848 935 130 596 922 230 604 666 251 0 782 281 2353 509 1035 484 459 418 2040 155 853 1074 954 1149 616 574 2902 788 552
928 401 178 1008 355 795 2030 504 1025 1047 692 2117 1083 236 1131 711 633 1117 680 800 850 700 782 0 792 2390 694 1072 669 342 603 2077 884 890 1111 991 1186 801 759 2939 645 291
978 433 666 596 720 254 2238 826 1075 1097 517 2325 1291 862 1180 212 841 1167 240 850 675 260 281 792 0 2598 518 1280 494 468 428 2285 400 1098 1319 1199 1394 626 583 3147 1033 562
2058 2209 2224 2137 2401 2213 1275 1747 2155 2177 2436 1362 1855 2015 2261 2268 1617 2247 2368 1930 2595 2362 2174 2211 2419 0 2438 1844 2413 2244 2348 1322 2257 1662 1883 1763 1958 2545 2503 669 1954 2336
1205 335 567 823 621 521 2260 1032 1302 1324 295 2346 1518 764 1408 438 1068 1394 406 1077 176 426 509 694 518 2619 0 1508 272 370 121 2306 610 1326 1546 1426 1621 127 84 3169 1174 463
919 1308 1085 999 1262 1075 1664 609 1016 1039 1506 1750 77 877 1122 1129 479 1109 1229 791 1664 1224 1035 1072 1280 2023 1508 0 1483 1249 1417 1710 1119 428 71 167 220 1615 1573 2573 816 1198
1180 310 543 799 597 496 2235 1008 1277 1300 196 2322 1493 739 1383 413 1044 1369 381 1052 429 402 484 669 494 2595 272 1483 0 345 182 2282 586 1301 1522 1401 1597 379 337 3144 1149 439
1104 77 215 773 269 471 2066 680 1201 1224 368 2152 1259 412 1307 387 809 1293 356 976 527 376 459 342 468 2425 370 1249 345 0 280 2112 560 1066 1287 1167 1362 477 435 2974 822 111
1115 245 477 733 531 431 2169 942 1212 1234 205 2256 1428 674 1317 347 978 1304 316 987 278 336 418 603 428 2529 121 1417 182 280 0 2216 520 1235 1456 1336 1531 229 186 3078 1083 373
2023 2174 2189 2102 2366 2178 86 1712 2120 2142 2401 75 1820 1980 2226 2233 1583 2212 2333 1895 2560 2328 2139 2176 2384 623 2403 1809 2378 2209 2313 0 2222 1627 1848 1728 1923 2510 2468 1172 1919 2301
816 525 758 435 812 195 2077 664 913 936 609 2163 1129 932 1019 249 680 1005 244 688 767 212 155 884 400 2436 610 1119 586 560 520 2124 0 937 1158 1037 1233 718 675 2986 871 654
737 1126 903 817 1080 893 1482 427 834 857 1324 1568 438 695 940 947 297 927 1047 609 1482 1042 853 890 1098 1841 1326 428 1301 1066 1235 1528 937 0 467 346 542 1433 1391 2391 634 1015
958 1347 1124 1038 1301 1114 1703 648 1055 1077 1545 1789 60 915 1161 1168 518 1147 1268 830 1703 1263 1074 1111 1319 2062 1546 71 1522 1287 1456 1749 1158 467 0 206 203 1654 1611 2611 855 1236
838 1226 1004 917 1181 993 1582 527 935 957 1424 1669 177 795 1041 1048 398 1027 1148 710 1583 1143 954 991 1199 1942 1426 167 1401 1167 1336 1629 1037 346 206 0 232 1534 1491 2491 734 1116
1033 1422 1199 1113 1376 1189 1778 723 1130 1152 1620 1864 209 990 1236 1243 593 1222 1343 905 1778 1338 1149 1186 1394 2137 1621 220 1597 1362 1531 1824 1233 542 203 232 0 1729 1686 2686 930 1311
1312 442 675 931 729 629 2367 1140 1409 1432 403 2454 1625 872 1515 545 1176 1502 514 1184 79 534 616 801 626 2727 127 1615 379 477 229 2414 718 1433 1654 1534 1729 0 72 3276 1281 571
1270 400 632 888 686 586 2325 1097 1367 1389 360 2411 1583 829 1473 503 1133 1459 471 1142 121 491 574 759 583 2684 84 1573 337 435 186 2371 675 1391 1611 1491 1686 72 0 3234 1239 528
2607 2758 2773 2686 2950 2762 1824 2296 2704 2726 2985 1911 2404 2564 2810 2817 2167 2796 2917 2479 3144 2911 2723 2760 2968 669 2987 2393 2962 2793 2897 1871 2806 2211 2432 2312 2507 3094 3052 0 2503 2885
672 881 658 751 835 827 1774 248 769 791 1172 1860 826 450 874 881 377 861 982 544 1330 976 788 645 1033 2133 1174 816 1149 822 1083 1821 871 634 855 734 930 1281 1239 2683 0 771
1053 171 164 867 218 564 2156 629 1150 1173 462 2242 1208 361 1256 481 758 1242 449 925 620 469 552 291 562 2515 463 1198 439 111 373 2202 654 1015 1236 1116 1311 571 528 3064 771 0
EOF