NAME : tsp_problem
TYPE : TSP
DIMENSION : 84
EDGE_WEIGHT_TYPE : EXPLICIT
EDGE_WEIGHT_FORMAT : FULL_MATRIX
EDGE_WEIGHT_SECTION
0 726 736 601 1386 1098 564 1291 251 1386 492 912 872 661 939 659 911 539 1584 1075 2321 507 710 462 577 1341 796 1312 828 534 1387 326 1388 526 527 720 331 564 699 576 1088 795 197 446 653 667 411 769 717 469 646 323 1090 677 127 424 616 769 580 950 454 563 479 500 618 511 741 2404 1087 896 328 700 790 1475 389 1412 464 690 396 538 852 1432 331 694
726 0 1034 1270 2055 1396 1020 1589 920 2055 1161 1368 1170 1118 1312 661 1323 1208 2253 1373 2990 415 1008 1131 1033 2009 1094 1610 535 1203 1685 995 2057 824 825 1018 1000 406 997 1032 1386 1093 654 902 103 1124 1080 60 1015 925 944 992 1388 975 796 1093 1285 198 1036 1619 911 1020 777 408 1287 1180 1039 3073 1385 1194 784 702 106 2144 1058 2081 1133 1147 853 446 1150 2101 1000 337
736 1034 0 1280 2065 512 886 705 930 2065 1171 494 347 796 428 967 439 1218 2264 489 3000 816 241 1142 900 2020 177 725 1136 1213 801 1005 2067 374 390 252 1011 873 359 898 502 269 664 913 962 802 1091 1077 248 936 126 1003 504 337 806 1103 1296 1077 903 1629 921 831 300 809 1298 1190 40 3083 501 371 795 1008 1099 2154 1068 2091 1144 824 863 846 325 2111 1011 1003
601 1270 1280 0 1785 1642 1108 1835 554 1785 201 1456 1416 1206 1484 1203 1455 276 1983 1619 2720 1052 1254 766 1121 1739 1340 1856 1372 271 1932 322 1787 1071 1071 1265 559 1109 1243 1120 1632 1339 741 990 1198 1212 639 1313 1261 1013 1191 421 1634 1222 510 210 127 1313 1124 1349 999 1108 1023 1045 129 220 1285 2803 1632 1440 872 1244 1335 1874 692 1811 235 1234 940 1082 1396 1831 559 1239
1544 2213 2223 1943 0 2377 2051 2570 1593 46 1834 2278 2360 2149 2212 2146 2161 1881 422 2354 1159 1995 2197 1805 2064 176 2283 2591 2315 1876 2667 1668 48 2014 2014 2208 1673 2052 2186 2063 2367 2283 1685 1933 2141 2155 1753 2256 2204 1956 2134 1665 2369 2165 1469 1766 1959 2256 2067 911 1942 2051 1967 1988 1961 1853 2229 1242 2367 2383 1815 2187 2278 119 1731 73 1806 2177 1884 2025 2339 92 1673 2182
1098 1396 512 1642 2221 0 770 222 1292 2221 1533 432 495 679 366 1329 323 1580 2420 249 3156 1178 439 1504 783 2176 358 243 1498 1575 318 1367 2223 736 752 551 1373 1235 721 782 262 417 1026 832 1324 685 1453 1439 548 854 540 1365 71 699 1168 1465 1658 1439 786 1786 840 715 662 1171 1660 1552 493 3239 68 519 1070 1370 1461 2310 1430 2247 1506 708 820 1208 473 2267 1373 1365
564 1020 886 1108 1893 770 0 963 758 1893 999 491 870 259 518 953 490 1046 2091 747 2828 802 813 969 69 1847 732 983 1122 1041 1059 833 1895 821 821 926 838 859 993 45 760 791 412 216 948 266 918 1063 922 239 914 830 762 972 634 931 1123 1063 79 1457 225 142 774 795 1125 1018 867 2911 759 893 443 994 1085 1982 896 1919 971 288 192 832 848 1939 838 989
1291 1589 705 1835 2414 222 963 0 1485 2414 1726 625 688 872 559 1522 515 1773 2613 442 3349 1371 631 1697 976 2369 551 76 1691 1768 159 1560 2416 928 945 744 1566 1428 914 975 455 610 1219 1024 1517 878 1646 1632 741 1047 733 1558 240 892 1361 1658 1851 1632 979 1979 1033 908 855 1364 1853 1745 686 3432 242 712 1263 1563 1654 2503 1623 2440 1698 901 1013 1401 666 2460 1565 1558
251 920 930 554 1435 1292 758 1485 0 1434 445 1106 1066 855 1133 853 1105 492 1633 1269 2369 701 904 243 771 1389 990 1506 1022 487 1581 279 1436 720 721 914 284 758 893 770 1282 989 391 640 847 861 364 963 911 663 840 276 1284 871 160 377 569 963 774 999 648 757 673 694 571 464 935 2452 1281 1090 522 894 984 1523 169 1461 417 884 590 732 1046 1480 284 888
1544 2213 2223 1943 46 2377 2051 2570 1593 0 1834 2278 2359 2149 2212 2146 2160 1881 422 2354 1159 1995 2197 1804 2064 176 2283 2591 2315 1876 2667 1668 48 2014 2014 2208 1673 2052 2186 2063 2367 2282 1684 1933 2141 2155 1753 2256 2204 1956 2134 1665 2369 2165 1469 1766 1958 2256 2067 911 1942 2051 1966 1988 1960 1853 2228 1242 2367 2383 1815 2187 2278 119 1731 72 1806 2177 1883 2025 2339 92 1673 2182
492 1161 1171 201 1676 1533 999 1726 445 1676 0 1347 1307 1097 1375 1094 1346 268 1874 1510 2611 943 1145 657 1012 1630 1231 1747 1263 263 1823 213 1678 962 962 1156 450 1000 1134 1011 1523 1230 632 881 1089 1103 530 1204 1152 904 1082 311 1525 1113 401 101 217 1204 1015 1240 890 999 914 936 219 84 1176 2694 1523 1331 763 1135 1226 1765 583 1702 228 1125 831 973 1287 1722 450 1130
912 1368 494 1456 2122 432 491 625 1106 2122 1347 0 477 400 88 1302 160 1394 2320 409 3057 1150 421 1318 504 2077 340 646 1471 1389 721 1181 2124 718 734 533 1187 1207 703 503 422 399 760 553 1296 406 1267 1411 530 575 522 1179 424 681 982 1279 1472 1411 507 1686 561 436 645 1143 1474 1366 475 3140 421 501 791 1342 1433 2211 1244 2148 1319 429 541 1181 455 2168 1186 1337
872 1170 347 1416 2201 495 870 688 1066 2201 1307 477 0 779 411 1103 422 1354 2400 472 3136 952 214 1278 883 2156 193 709 1272 1349 784 1141 2203 510 526 181 1147 1009 495 882 485 99 800 931 1098 785 1227 1213 184 954 314 1139 487 473 942 1240 1432 1213 886 1766 940 814 437 945 1434 1326 328 3219 484 66 931 1144 1235 2290 1204 2227 1280 808 919 982 149 2247 1147 1139
661 1118 796 1206 1990 679 259 872 855 1990 1097 400 779 0 427 1051 399 1144 2189 656 2925 900 722 1067 273 1945 641 892 1220 1139 968 930 1992 918 919 835 936 957 1005 271 669 700 509 248 1045 90 1016 1161 832 271 823 928 671 983 732 1029 1221 1161 276 1555 257 151 871 893 1223 1115 776 3008 668 803 541 1092 1183 2079 994 2016 1069 60 290 930 757 2036 936 1087
939 1312 428 1484 2056 366 518 559 1133 2056 1375 88 411 427 0 1246 94 1422 2255 344 2991 1094 355 1345 532 2011 274 580 1415 1417 656 1208 2058 652 669 468 1214 1151 637 530 356 333 787 580 1240 434 1294 1355 464 603 456 1206 358 616 1010 1307 1499 1355 534 1621 588 463 579 1087 1501 1393 409 3074 356 435 819 1286 1377 2145 1272 2082 1347 456 568 1125 390 2102 1214 1281
659 661 967 1203 1988 1329 953 1522 853 1988 1094 1302 1103 1051 1246 0 1257 1141 2187 1306 2923 546 941 1065 967 1943 1027 1543 230 1136 1619 928 1990 758 758 952 934 603 930 965 1319 1027 587 836 589 1057 1014 704 948 858 878 926 1321 909 729 1026 1219 749 970 1552 844 953 710 539 1221 1113 972 3006 1319 1127 718 59 726 2077 991 2014 1067 1080 786 576 1083 2034 933 486
911 1323 439 1455 2005 323 490 515 1105 2004 1346 160 422 399 94 1257 0 1393 2203 300 2939 1105 366 1316 503 1959 285 536 1426 1388 612 1180 2006 663 680 479 1185 1162 648 502 313 344 759 551 1251 405 1265 1366 475 574 467 1177 314 627 981 1278 1470 1366 506 1569 560 434 590 1098 1472 1365 420 3023 312 446 790 1297 1388 2093 1243 2031 1318 427 539 1136 401 2051 1185 1292
539 1208 1218 276 1723 1580 1046 1773 492 1723 268 1394 1354 1144 1422 1141 1393 0 1921 1557 2658 990 1192 704 1059 1677 1278 1794 1310 57 1870 260 1725 1009 1009 1203 497 1047 1181 1058 1570 1277 679 928 1136 1150 577 1251 1199 951 1129 359 1572 1160 448 277 292 1251 1062 1287 937 1046 961 983 294 287 1223 2741 1570 1378 810 1182 1273 1812 630 1749 106 1172 878 1020 1334 1769 497 1177
1322 1991 2001 1721 979 2155 1829 2348 1370 979 1612 2056 2137 1926 1990 1924 1938 1659 0 2132 1072 1772 1975 1582 1842 933 2061 2368 2093 1654 2444 1445 981 1791 1792 1985 1451 1829 1964 1841 2145 2060 1462 1711 1918 1932 1531 2034 1982 1734 1911 1443 2147 1942 1247 1544 1736 2034 1845 689 1719 1828 1744 1765 1738 1630 2006 1155 2144 2161 1593 1965 2055 1068 1509 1005 1584 1955 1661 1803 2117 1025 1451 1959
1075 1373 489 1619 2198 249 747 442 1269 2198 1510 409 472 656 344 1306 300 1557 2397 0 3133 1155 416 1481 760 2153 335 462 1475 1552 538 1344 2200 713 729 528 1350 1212 698 759 73 394 1003 809 1301 662 1430 1416 525 832 517 1342 241 676 1145 1443 1635 1416 763 1763 817 692 640 1148 1637 1529 470 3216 238 496 1048 1347 1438 2287 1407 2224 1483 685 797 1185 450 2244 1350 1342
2141 2810 2820 2540 1798 2974 2648 3167 2190 1798 2431 2875 2957 2746 2809 2743 2758 2478 1019 2951 0 2592 2794 2401 2661 1753 2880 3188 2912 2473 3264 2265 1800 2611 2611 2805 2270 2649 2783 2660 2964 2880 2282 2530 2738 2752 2350 2853 2801 2553 2731 2262 2966 2762 2066 2363 2556 2853 2664 1508 2539 2648 2564 2585 2558 2450 2826 117 2964 2980 2412 2784 2875 1887 2328 1824 2403 2774 2481 2622 2936 1844 2270 2779
507 415 816 1052 1837 1178 802 1371 701 1837 943 1150 952 900 1094 546 1105 990 2035 1155 2771 0 790 913 815 1791 876 1391 582 985 1467 776 1838 606 607 800 782 173 779 814 1168 875 435 684 343 906 862 458 797 707 726 774 1170 757 578 875 1067 377 818 1401 693 802 559 51 1069 961 821 2855 1167 976 566 586 480 1925 840 1863 915 928 634 60 931 1883 782 384
710 1008 241 1254 2039 439 813 631 904 2039 1145 421 214 722 355 941 366 1192 2238 416 2974 790 0 1116 826 1994 137 652 1110 1187 728 979 2041 348 364 163 985 847 333 825 429 136 638 875 936 729 1065 1051 160 898 152 977 430 311 780 1077 1270 1051 829 1603 883 758 274 783 1272 1164 246 3057 428 238 769 982 1073 2128 1042 2065 1118 751 837 820 192 2085 984 977
462 1131 1142 766 1646 1504 969 1697 243 1646 657 1318 1278 1067 1345 1065 1316 704 1845 1481 2581 913 1116 0 983 1601 1202 1717 1234 699 1793 490 1648 932 933 1126 496 970 1105 981 1494 1201 603 851 1059 1073 576 1174 1123 874 1052 488 1496 1083 371 589 781 1174 986 1210 860 969 885 906 783 675 1147 2664 1493 1301 734 1105 1196 1735 200 1672 629 1096 802 944 1257 1692 496 1100
577 1033 900 1121 1906 783 69 976 771 1906 1012 504 883 273 532 967 503 1059 2105 760 2841 815 826 983 0 1861 746 997 1136 1054 1072 846 1908 834 835 939 852 872 1007 81 773 805 425 229 961 279 932 1076 936 252 928 844 775 985 647 944 1137 1076 115 1470 238 156 787 808 1139 1031 881 2924 772 907 456 1007 1098 1995 909 1932 984 301 206 846 861 1952 851 1002
1400 2069 2079 1799 1057 2233 1907 2426 1448 1057 1690 2134 2215 2004 2068 2002 2016 1737 278 2210 1014 1851 2053 1660 1920 0 2139 2447 2171 1732 2522 1523 1059 1869 1870 2063 1529 1908 2042 1919 2223 2138 1540 1789 1996 2011 1609 2112 2060 1812 1989 1521 2225 2020 1325 1622 1814 2112 1923 767 1797 1907 1822 1844 1816 1708 2084 1098 2222 2239 1671 2043 2134 1146 1587 1083 1662 2033 1739 1881 2195 1103 1529 2038
796 1094 177 1340 2125 358 732 551 990 2125 1231 340 193 641 274 1027 285 1278 2324 335 3060 876 137 1202 746 2080 0 571 1196 1273 647 1065 2127 434 450 249 1071 933 419 744 348 115 724 794 1022 648 1151 1137 246 817 238 1063 350 397 866 1163 1356 1137 749 1689 802 677 360 869 1358 1250 158 3143 347 217 855 1068 1159 2214 1128 2151 1204 670 782 906 171 2171 1070 1063
1312 1610 725 1856 2435 243 983 76 1506 2435 1747 646 709 892 580 1543 536 1794 2633 462 3370 1391 652 1717 997 2389 571 0 1712 1789 119 1581 2437 949 966 765 1586 1448 935 995 475 630 1239 1045 1537 899 1666 1653 761 1068 753 1578 260 913 1382 1679 1871 1653 1000 1999 1054 928 876 1384 1873 1765 706 3453 262 732 1284 1584 1674 2524 1644 2461 1719 921 1033 1422 687 2481 1586 1578
828 535 1136 1372 2157 1498 1122 1691 1022 2157 1263 1471 1272 1220 1415 230 1426 1310 2355 1475 3092 582 1110 1234 1136 2112 1196 1712 0 1305 1788 1097 2159 927 927 1121 1103 639 1099 1134 1488 1195 756 1004 463 1226 1183 578 1117 1027 1047 1095 1490 1078 898 1195 1388 623 1139 1721 1013 1122 879 575 1390 1282 1141 3175 1488 1296 887 270 600 2246 1160 2183 1235 1249 955 613 1252 2203 1102 360
534 1203 1213 271 1718 1575 1041 1768 487 1718 263 1389 1349 1139 1417 1136 1388 57 1916 1552 2653 985 1187 699 1054 1672 1273 1789 1305 0 1865 255 1720 1004 1004 1198 492 1042 1176 1053 1565 1272 674 923 1131 1145 572 1246 1194 946 1124 354 1567 1155 443 272 287 1246 1057 1282 932 1041 956 978 289 282 1218 2736 1565 1373 805 1177 1268 1807 625 1744 101 1167 873 1015 1329 1764 492 1172
1387 1685 801 1932 2511 318 1059 159 1581 2510 1823 721 784 968 656 1619 612 1870 2709 538 3445 1467 728 1793 1072 2465 647 119 1788 1865 0 1656 2512 1025 1042 841 1662 1524 1010 1071 551 706 1315 1121 1613 974 1742 1728 837 1144 829 1654 336 989 1458 1755 1947 1728 1075 2075 1129 1004 952 1460 1949 1841 782 3529 338 808 1360 1659 1750 2599 1720 2537 1795 997 1109 1498 763 2557 1662 1654
326 995 1005 322 1510 1367 833 1560 279 1509 213 1181 1141 930 1208 928 1180 260 1708 1344 2444 776 979 490 846 1464 1065 1581 1097 255 1656 0 1511 795 796 989 284 833 968 845 1357 1064 466 715 922 937 364 1038 986 738 915 145 1359 946 235 146 338 1038 849 1074 723 832 748 770 340 232 1010 2528 1356 1165 597 969 1059 1598 417 1536 186 959 665 807 1121 1556 284 963
1546 2215 2225 1945 48 2379 2053 2572 1595 48 1836 2280 2361 2151 2214 2148 2162 1883 424 2356 1160 1997 2199 1806 2066 178 2285 2593 2317 1878 2668 1670 0 2016 2016 2210 1675 2054 2188 2065 2369 2284 1686 1935 2143 2157 1755 2258 2206 1958 2136 1667 2371 2167 1471 1768 1960 2258 2069 913 1944 2053 1968 1990 1962 1855 2230 1244 2368 2385 1817 2189 2280 120 1733 74 1808 2179 1885 2027 2341 94 1675 2184
526 824 374 1071 1856 736 821 928 720 1855 962 718 510 918 652 758 663 1009 2054 713 2790 606 348 932 834 1810 434 949 927 1004 1025 795 1857 0 103 358 801 663 337 833 726 433 454 703 752 925 881 867 355 726 284 793 727 315 597 894 1086 867 837 1420 711 821 117 599 1088 980 379 2874 725 533 585 798 889 1944 859 1882 934 947 653 637 489 1901 801 793
527 825 390 1071 1856 752 821 945 721 1856 962 734 526 919 669 758 680 1009 2055 729 2791 607 364 933 835 1811 450 966 927 1004 1042 796 1858 103 0 375 802 664 353 833 742 450 455 704 753 925 882 868 371 726 301 794 744 332 597 894 1087 868 838 1420 712 821 133 600 1089 981 395 2874 742 550 586 799 890 1945 859 1882 935 948 654 637 506 1902 801 794
720 1018 252 1265 2050 551 926 744 914 2049 1156 533 181 835 468 952 479 1203 2248 528 2984 800 163 1126 939 2004 249 765 1121 1198 841 989 2051 358 375 0 995 857 343 938 541 196 648 897 946 841 1075 1061 32 920 162 987 543 322 791 1088 1280 1061 942 1614 905 871 285 793 1282 1174 257 3068 541 205 779 992 1083 2138 1053 2076 1128 864 847 831 246 2095 995 987
331 1000 1011 559 1515 1373 838 1566 284 1515 450 1187 1147 936 1214 934 1185 497 1714 1350 2450 782 985 496 852 1470 1071 1586 1103 492 1662 284 1517 801 802 995 0 839 974 850 1363 1070 472 720 928 942 168 1043 992 743 921 282 1365 952 240 383 575 1043 855 1079 729 838 754 775 577 469 1016 2533 1362 1170 603 974 1065 1604 423 1541 423 965 671 813 1126 1561 29 969
564 406 873 1109 1894 1235 859 1428 758 1894 1000 1207 1009 957 1151 603 1162 1047 2092 1212 2828 173 847 970 872 1848 933 1448 639 1042 1524 833 1896 663 664 857 839 0 836 871 1225 932 492 741 399 963 919 449 854 764 783 831 1227 814 635 932 1124 238 875 1458 750 859 616 166 1126 1018 878 2912 1224 1033 623 643 471 1982 897 1920 972 985 691 203 989 1940 839 441
699 997 359 1243 2028 721 993 914 893 2028 1134 703 495 1005 637 930 648 1181 2227 698 2963 779 333 1105 1007 1983 419 935 1099 1176 1010 968 2030 337 353 343 974 836 0 1005 711 418 627 876 925 1011 1054 1040 340 898 269 966 713 41 769 1066 1259 1040 1010 1592 884 993 263 772 1261 1153 364 3046 710 519 758 971 1062 2117 1031 2054 1107 1033 826 809 475 2074 973 966
576 1032 898 1120 1905 782 45 975 770 1905 1011 503 882 271 530 965 502 1058 2103 759 2839 814 825 981 81 1859 744 995 1134 1053 1071 845 1907 833 833 938 850 871 1005 0 772 803 423 228 960 278 930 1075 934 251 926 842 774 984 646 943 1135 1075 91 1469 237 154 785 807 1137 1030 879 2923 771 905 455 1006 1097 1994 908 1931 983 300 204 844 860 1951 850 1001
1088 1386 502 1632 2211 262 760 455 1282 2211 1523 422 485 669 356 1319 313 1570 2410 73 3146 1168 429 1494 773 2166 348 475 1488 1565 551 1357 2213 726 742 541 1363 1225 711 772 0 407 1016 822 1314 675 1443 1429 538 844 530 1355 254 689 1158 1455 1648 1429 776 1776 830 705 652 1161 1650 1542 483 3229 251 509 1060 1360 1451 2300 1420 2237 1496 698 810 1198 463 2257 1362 1355
795 1093 269 1339 2124 417 791 610 989 2124 1230 399 99 700 333 1027 344 1277 2323 394 3059 875 136 1201 805 2079 115 630 1195 1272 706 1064 2126 433 450 196 1070 932 418 803 407 0 723 853 1021 707 1150 1136 199 876 237 1062 409 396 865 1163 1355 1136 808 1689 861 736 360 868 1357 1249 250 3142 406 123 854 1067 1158 2213 1128 2150 1203 729 841 905 77 2170 1070 1062
197 654 664 741 1526 1026 412 1219 391 1526 632 760 800 509 787 587 759 679 1725 1003 2461 435 638 603 425 1481 724 1239 756 674 1315 466 1528 454 455 648 472 492 627 423 1016 723 0 294 581 515 552 696 645 317 574 464 1018 605 267 565 757 697 428 1091 302 411 407 428 759 651 669 2544 1015 824 176 628 718 1615 529 1552 605 538 244 466 780 1572 472 622
446 902 913 990 1775 832 216 1024 640 1775 881 553 931 248 580 836 551 928 1973 809 2710 684 875 851 229 1730 794 1045 1004 923 1121 715 1777 703 704 897 720 741 876 228 822 853 294 0 830 255 800 945 894 45 823 712 823 854 516 813 1005 945 232 1339 30 151 656 677 1007 900 918 2793 821 955 325 876 967 1864 778 1801 853 277 74 714 910 1821 720 871
653 103 962 1198 1983 1324 948 1517 847 1982 1089 1296 1098 1045 1240 589 1251 1136 2181 1301 2917 343 936 1059 961 1937 1022 1537 463 1131 1613 922 1984 752 753 946 928 399 925 960 1314 1021 581 830 0 1052 1008 146 943 853 872 920 1316 903 724 1021 1213 191 964 1547 838 948 705 336 1215 1107 967 3000 1313 1122 712 630 168 2071 986 2009 1061 1074 780 373 1077 2028 928 264
667 1124 802 1212 1997 685 266 878 861 1997 1103 406 785 90 434 1057 405 1150 2195 662 2931 906 729 1073 279 1951 648 899 1226 1145 974 937 1999 925 925 841 942 963 1011 278 675 707 515 255 1052 0 1022 1167 838 277 830 934 677 989 738 1035 1227 1167 282 1561 263 157 877 899 1229 1121 783 3015 674 809 547 1098 1189 2086 1000 2023 1075 119 296 936 763 2043 942 1093
411 1080 1091 639 1595 1453 918 1646 364 1595 530 1267 1227 1016 1294 1014 1265 577 1794 1430 2530 862 1065 576 932 1550 1151 1666 1183 572 1742 364 1597 881 882 1075 168 919 1054 930 1443 1150 552 800 1008 1022 0 1123 1072 823 1001 362 1445 1032 320 463 655 1123 935 1159 809 918 834 855 657 549 1096 2613 1442 1250 683 1054 1145 1684 503 1621 503 1045 751 893 1206 1641 168 1049
769 60 1077 1313 2098 1439 1063 1632 963 2098 1204 1411 1213 1161 1355 704 1366 1251 2296 1416 3032 458 1051 1174 1076 2052 1137 1653 578 1246 1728 1038 2100 867 868 1061 1043 449 1040 1075 1429 1136 696 945 146 1167 1123 0 1058 968 987 1035 1431 1018 839 1136 1328 241 1079 1662 954 1063 820 451 1330 1223 1082 3116 1428 1237 827 745 148 2187 1101 2124 1176 1189 896 489 1193 2144 1043 380
717 1015 248 1261 2046 548 922 741 911 2046 1152 530 184 832 464 948 475 1199 2245 525 2981 797 160 1123 936 2001 246 761 1117 1194 837 986 2048 355 371 32 992 854 340 934 538 199 645 894 943 838 1072 1058 0 916 159 984 540 318 787 1084 1277 1058 939 1610 902 867 281 790 1279 1171 253 3064 537 208 776 989 1080 2135 1049 2072 1125 860 844 827 248 2092 991 984
469 925 936 1013 1798 854 239 1047 663 1798 904 575 954 271 603 858 574 951 1996 832 2733 707 898 874 252 1752 817 1068 1027 946 1144 738 1800 726 726 920 743 764 898 251 844 876 317 45 853 277 823 968 916 0 846 735 846 877 539 836 1028 968 255 1362 53 174 679 700 1030 923 941 2816 844 978 348 899 990 1887 801 1824 876 300 97 737 932 1844 743 894
646 944 126 1191 1976 540 914 733 840 1975 1082 522 314 823 456 878 467 1129 2174 517 2910 726 152 1052 928 1930 238 753 1047 1124 829 915 1977 284 301 162 921 783 269 926 530 237 574 823 872 830 1001 987 159 846 0 913 532 248 717 1014 1206 987 931 1540 831 859 211 719 1208 1100 131 2994 529 338 705 918 1009 2064 979 2002 1054 852 773 757 293 2021 921 913
323 992 1003 421 1507 1365 830 1558 276 1507 311 1179 1139 928 1206 926 1177 359 1706 1342 2442 774 977 488 844 1462 1063 1578 1095 354 1654 145 1509 793 794 987 282 831 966 842 1355 1062 464 712 920 934 362 1035 984 735 913 0 1357 944 232 244 436 1035 847 1071 721 830 746 767 438 330 1008 2525 1354 1162 595 966 1057 1596 415 1533 284 957 663 805 1118 1553 282 961
1090 1388 504 1634 2213 71 762 240 1284 2213 1525 424 487 671 358 1321 314 1572 2412 241 3148 1170 430 1496 775 2168 350 260 1490 1567 336 1359 2215 727 744 543 1365 1227 713 774 254 409 1018 823 1316 677 1445 1431 540 846 532 1357 0 691 1160 1457 1650 1431 778 1778 832 707 654 1163 1652 1544 485 3231 60 511 1062 1362 1453 2302 1422 2239 1497 700 812 1200 465 2259 1364 1357
677 975 337 1222 2007 699 972 892 871 2006 1113 681 473 983 616 909 627 1160 2205 676 2941 757 311 1083 985 1961 397 913 1078 1155 989 946 2008 315 332 322 952 814 41 984 689 396 605 854 903 989 1032 1018 318 877 248 944 691 0 748 1045 1237 1018 988 1571 862 972 242 750 1239 1131 342 3025 689 497 736 949 1040 2095 1010 2033 1085 1012 804 788 453 2052 952 944
127 796 806 510 1311 1168 634 1361 160 1311 401 982 942 732 1010 729 981 448 1509 1145 2246 578 780 371 647 1265 866 1382 898 443 1458 235 1313 597 597 791 240 635 769 646 1158 865 267 516 724 738 320 839 787 539 717 232 1160 748 0 333 525 839 650 875 525 634 549 571 527 420 811 2329 1158 966 398 770 861 1400 298 1337 373 760 466 608 922 1357 240 765
424 1093 1103 210 1608 1465 931 1658 377 1608 101 1279 1240 1029 1307 1026 1278 277 1806 1443 2543 875 1077 589 944 1563 1163 1679 1195 272 1755 146 1610 894 894 1088 383 932 1066 943 1455 1163 565 813 1021 1035 463 1136 1084 836 1014 244 1457 1045 333 0 225 1136 947 1172 822 931 847 868 227 119 1108 2626 1455 1263 695 1067 1158 1697 515 1634 229 1057 764 905 1219 1654 382 1062
616 1285 1296 127 1800 1658 1123 1851 569 1800 217 1472 1432 1221 1499 1219 1470 292 1999 1635 2735 1067 1270 781 1137 1755 1356 1871 1388 287 1947 338 1802 1086 1087 1280 575 1124 1259 1135 1648 1355 757 1005 1213 1227 655 1328 1277 1028 1206 436 1650 1237 525 225 0 1328 1140 1364 1014 1123 1039 1060 62 235 1301 2818 1647 1455 888 1259 1350 1889 708 1826 251 1250 956 1098 1411 1846 575 1254
769 198 1077 1313 2098 1439 1063 1632 963 2098 1204 1411 1213 1161 1355 749 1366 1251 2296 1416 3033 377 1051 1174 1076 2052 1137 1653 623 1246 1728 1038 2100 867 868 1061 1043 238 1040 1075 1429 1136 697 945 191 1167 1123 241 1058 968 987 1035 1431 1018 839 1136 1328 0 1079 1662 954 1063 820 370 1330 1223 1082 3116 1428 1237 827 790 262 2187 1101 2124 1176 1190 896 407 1193 2144 1043 425
580 1036 903 1124 1909 786 79 979 774 1909 1015 507 886 276 534 970 506 1062 2107 763 2844 818 829 986 115 1864 749 1000 1139 1057 1075 849 1911 837 838 942 855 875 1010 91 776 808 428 232 964 282 935 1079 939 255 931 847 778 988 650 947 1140 1079 0 1473 241 159 790 811 1142 1034 884 2927 775 910 459 1010 1101 1998 912 1935 987 304 209 849 864 1955 854 1005
907 1576 1586 1306 737 1740 1414 1933 956 737 1197 1641 1722 1512 1575 1509 1523 1244 936 1717 1672 1358 1560 1167 1427 692 1646 1954 1678 1239 2029 1031 739 1377 1377 1571 1036 1415 1549 1426 1730 1645 1047 1296 1504 1518 1116 1619 1567 1319 1497 1028 1732 1528 832 1129 1321 1619 1430 0 1305 1414 1329 1351 1323 1216 1591 1755 1729 1746 1178 1550 1641 826 1094 763 1169 1540 1246 1388 1702 783 1036 1545
454 911 921 999 1783 840 225 1033 648 1783 890 561 940 257 588 844 560 937 1982 817 2718 693 883 860 238 1738 802 1054 1013 932 1129 723 1785 711 712 905 729 750 884 237 830 861 302 30 838 263 809 954 902 53 831 721 832 862 525 822 1014 954 241 1348 0 159 664 686 1016 908 926 2801 829 964 334 885 976 1872 787 1809 862 286 83 723 918 1829 729 879
563 1020 831 1108 1893 715 142 908 757 1892 999 436 814 151 463 953 434 1046 2091 692 2827 802 758 969 156 1847 677 928 1122 1041 1004 832 1894 821 821 871 838 859 993 154 705 736 411 151 948 157 918 1063 867 174 859 830 707 972 634 931 1123 1063 159 1457 159 0 773 795 1125 1017 812 2911 704 838 443 994 1085 1981 896 1919 971 180 192 832 793 1939 838 989
479 777 300 1023 1808 662 774 855 673 1808 914 645 437 871 579 710 590 961 2007 640 2743 559 274 885 787 1763 360 876 879 956 952 748 1810 117 133 285 754 616 263 785 652 360 407 656 705 877 834 820 281 679 211 746 654 242 549 847 1039 820 790 1373 664 773 0 552 1041 933 306 2826 652 460 538 751 842 1897 811 1834 887 900 606 589 416 1854 754 746
500 408 809 1045 1830 1171 795 1364 694 1830 936 1143 945 893 1087 539 1098 983 2028 1148 2764 51 783 906 808 1784 869 1384 575 978 1460 770 1832 599 600 793 775 166 772 807 1161 868 428 677 336 899 855 451 790 700 719 767 1163 750 571 868 1060 370 811 1394 686 795 552 0 1062 954 814 2848 1160 969 559 579 473 1918 833 1856 908 921 627 76 925 1876 775 377
618 1287 1298 129 1802 1660 1125 1853 571 1802 219 1474 1434 1223 1501 1221 1472 294 2001 1637 2737 1069 1272 783 1139 1757 1358 1873 1390 289 1949 340 1804 1088 1089 1282 577 1126 1261 1137 1650 1357 759 1007 1215 1229 657 1330 1279 1030 1208 438 1652 1239 527 227 62 1330 1142 1367 1016 1125 1041 1062 0 237 1303 2820 1649 1457 890 1261 1352 1891 710 1828 253 1252 958 1100 1413 1848 577 1256
511 1180 1190 220 1695 1552 1018 1745 464 1694 84 1366 1326 1115 1393 1113 1365 287 1893 1529 2629 961 1164 675 1031 1649 1250 1765 1282 282 1841 232 1696 980 981 1174 469 1018 1153 1030 1542 1249 651 900 1107 1121 549 1223 1171 923 1100 330 1544 1131 420 119 235 1223 1034 1259 908 1017 933 954 237 0 1195 2712 1541 1350 782 1154 1244 1783 602 1721 246 1144 850 992 1306 1740 469 1148
741 1039 40 1285 2070 493 867 686 935 2070 1176 475 328 776 409 972 420 1223 2269 470 3005 821 246 1147 881 2025 158 706 1141 1218 782 1010 2072 379 395 257 1016 878 364 879 483 250 669 918 967 783 1096 1082 253 941 131 1008 485 342 811 1108 1301 1082 884 1635 926 812 306 814 1303 1195 0 3088 482 352 800 1013 1104 2159 1073 2096 1149 805 868 851 306 2116 1016 1008
2225 2893 2904 2623 1882 3058 2731 3251 2273 1881 2514 2958 3040 2829 2893 2827 2841 2561 1103 3035 117 2675 2878 2485 2745 1836 2964 3271 2996 2556 3347 2348 1883 2694 2695 2888 2354 2732 2867 2743 3048 2963 2365 2614 2821 2835 2434 2936 2885 2636 2814 2346 3050 2845 2149 2447 2639 2936 2748 1591 2622 2731 2647 2668 2641 2533 2909 0 3047 3064 2496 2867 2958 1970 2412 1908 2487 2858 2564 2706 3019 1928 2354 2862
1087 1385 501 1632 2211 68 759 242 1281 2210 1523 421 484 668 356 1319 312 1570 2409 238 3145 1167 428 1493 772 2165 347 262 1488 1565 338 1356 2212 725 742 541 1362 1224 710 771 251 406 1015 821 1313 674 1442 1428 537 844 529 1354 60 689 1158 1455 1647 1428 775 1775 829 704 652 1160 1649 1541 482 3229 0 508 1060 1359 1450 2299 1420 2237 1495 697 809 1198 463 2257 1362 1354
896 1194 371 1440 2225 519 893 712 1090 2225 1331 501 66 803 435 1127 446 1378 2423 496 3160 976 238 1301 907 2180 217 732 1296 1373 808 1165 2227 533 550 205 1170 1033 519 905 509 123 824 955 1122 809 1250 1237 208 978 338 1162 511 497 966 1263 1455 1237 910 1789 964 838 460 969 1457 1350 352 3243 508 0 955 1168 1259 2314 1228 2251 1303 831 943 1006 172 2271 1170 1163
328 784 795 872 1657 1070 443 1263 522 1657 763 791 931 541 819 718 790 810 1856 1048 2592 566 769 734 456 1612 855 1284 887 805 1360 597 1659 585 586 779 603 623 758 455 1060 854 176 325 712 547 683 827 776 348 705 595 1062 736 398 695 888 827 459 1221 334 443 538 559 890 782 800 2675 1060 955 0 758 849 1746 660 1683 735 570 276 597 910 1703 602 753
700 702 1008 1244 2029 1370 994 1563 894 2029 1135 1342 1144 1092 1286 59 1297 1182 2227 1347 2964 586 982 1105 1007 1983 1068 1584 270 1177 1659 969 2031 798 799 992 974 643 971 1006 1360 1067 628 876 630 1098 1054 745 989 899 918 966 1362 949 770 1067 1259 790 1010 1593 885 994 751 579 1261 1154 1013 3047 1359 1168 758 0 767 2118 1032 2055 1107 1120 827 617 1124 2075 974 526
790 106 1099 1335 2120 1461 1085 1654 984 2119 1226 1433 1235 1183 1377 726 1388 1273 2318 1438 3054 480 1073 1196 1098 2074 1159 1674 600 1268 1750 1059 2121 889 890 1083 1065 471 1062 1097 1451 1158 718 967 168 1189 1145 148 1080 990 1009 1057 1453 1040 861 1158 1350 262 1101 1684 976 1085 842 473 1352 1244 1104 3138 1450 1259 849 767 0 2208 1123 2146 1198 1211 917 510 1214 2166 1065 402
1633 2302 2312 2032 119 2466 2140 2659 1682 119 1923 2367 2448 2238 2301 2235 2249 1970 511 2443 1247 2084 2286 1893 2153 265 2372 2680 2404 1965 2755 1757 120 2103 2103 2297 1762 2141 2275 2152 2456 2371 1773 2022 2230 2244 1842 2345 2293 2045 2223 1754 2458 2254 1558 1855 2047 2345 2156 1000 2031 2140 2055 2077 2049 1942 2317 1331 2455 2472 1904 2276 2367 0 1820 161 1895 2266 1972 2114 2428 79 1762 2271
389 1058 1068 692 1573 1430 896 1623 169 1573 583 1244 1204 994 1272 991 1243 630 1771 1407 2508 840 1042 200 909 1527 1128 1644 1160 625 1720 417 1575 859 859 1053 423 897 1031 908 1420 1128 529 778 986 1000 503 1101 1049 801 979 415 1422 1010 298 515 708 1101 912 1137 787 896 811 833 710 602 1073 2591 1420 1228 660 1032 1123 1662 0 1599 556 1022 729 870 1184 1619 422 1027
1511 2180 2190 1910 73 2344 2018 2537 1559 72 1801 2245 2326 2115 2179 2113 2127 1848 389 2321 1125 1961 2164 1771 2031 142 2250 2557 2282 1843 2633 1634 74 1980 1981 2174 1640 2019 2153 2030 2334 2249 1651 1900 2107 2122 1720 2223 2171 1923 2100 1632 2336 2131 1436 1733 1925 2223 2034 878 1908 2017 1933 1955 1927 1819 2195 1209 2333 2350 1782 2154 2244 161 1698 0 1773 2144 1850 1992 2306 118 1640 2148
464 1133 1144 235 1648 1506 971 1698 417 1648 228 1319 1280 1069 1347 1067 1318 106 1846 1483 2583 915 1118 629 984 1603 1204 1719 1235 101 1795 186 1650 934 935 1128 423 972 1107 983 1496 1203 605 853 1061 1075 503 1176 1125 876 1054 284 1497 1085 373 229 251 1176 987 1212 862 971 887 908 253 246 1149 2666 1495 1303 735 1107 1198 1737 556 1674 0 1098 804 945 1259 1694 422 1102
690 1147 824 1234 2019 708 288 901 884 2019 1125 429 808 60 456 1080 427 1172 2218 685 2954 928 751 1096 301 1974 670 921 1249 1167 997 959 2021 947 948 864 965 985 1033 300 698 729 538 277 1074 119 1045 1189 860 300 852 957 700 1012 760 1057 1250 1190 304 1583 286 180 900 921 1252 1144 805 3037 697 831 570 1120 1211 2108 1022 2045 1098 0 319 959 786 2065 964 1115
396 853 863 940 1725 820 192 1013 590 1725 831 541 919 290 568 786 539 878 1924 797 2660 634 837 802 206 1680 782 1033 955 873 1109 665 1727 653 654 847 671 691 826 204 810 841 244 74 780 296 751 896 844 97 773 663 812 804 466 764 956 896 209 1290 83 192 606 627 958 850 868 2743 809 943 276 827 917 1814 729 1751 804 319 0 665 898 1771 671 821
538 446 846 1082 1867 1208 832 1401 732 1867 973 1181 982 930 1125 576 1136 1020 2065 1185 2802 60 820 944 846 1822 906 1422 613 1015 1498 807 1869 637 637 831 813 203 809 844 1198 905 466 714 373 936 893 489 827 737 757 805 1200 788 608 905 1098 407 849 1431 723 832 589 76 1100 992 851 2885 1198 1006 597 617 510 1956 870 1893 945 959 665 0 962 1913 812 414
852 1150 325 1396 2181 473 848 666 1046 2181 1287 455 149 757 390 1083 401 1334 2379 450 3116 931 192 1257 861 2135 171 687 1252 1329 763 1121 2183 489 506 246 1126 989 475 860 463 77 780 910 1077 763 1206 1193 248 932 293 1118 465 453 922 1219 1411 1193 864 1745 918 793 416 925 1413 1306 306 3199 463 172 910 1124 1214 2270 1184 2207 1259 786 898 962 0 2227 1126 1118
1590 2259 2269 1989 92 2423 2097 2616 1639 92 1880 2324 2405 2195 2258 2192 2207 1927 468 2400 1205 2041 2243 1850 2110 222 2329 2637 2361 1922 2713 1714 94 2060 2060 2254 1719 2098 2232 2109 2413 2329 1730 1979 2187 2201 1799 2302 2250 2002 2180 1711 2415 2211 1515 1812 2004 2302 2113 957 1988 2097 2012 2034 2006 1899 2274 1288 2413 2429 1861 2233 2324 79 1777 118 1852 2223 1930 2071 2385 0 1719 2228
331 1000 1011 559 1515 1373 838 1565 284 1515 450 1186 1147 936 1214 933 1185 497 1713 1350 2450 782 984 496 851 1470 1070 1586 1102 492 1662 284 1517 801 801 995 29 839 973 850 1362 1070 472 720 928 942 168 1043 991 743 921 282 1364 952 240 382 575 1043 854 1079 729 838 754 775 577 469 1016 2533 1362 1170 602 974 1065 1604 422 1541 422 964 671 812 1126 1561 0 969
694 337 1003 1239 2024 1365 989 1558 888 2023 1130 1337 1139 1087 1281 486 1292 1177 2222 1342 2958 384 977 1100 1002 1978 1063 1578 360 1172 1654 963 2025 793 794 987 969 441 966 1001 1355 1062 622 871 264 1093 1049 380 984 894 913 961 1357 944 765 1062 1254 425 1005 1588 879 989 746 377 1256 1148 1008 3042 1354 1163 753 526 402 2112 1027 2050 1102 1115 821 414 1118 2070 969 0
EOF