NAME : tsp_problem
TYPE : TSP
DIMENSION : 24
EDGE_WEIGHT_TYPE : EXPLICIT
EDGE_WEIGHT_FORMAT : FULL_MATRIX
EDGE_WEIGHT_SECTION
0 1632 1439 1541 1630 1387 1709 1039 1395 1489 962 1163 946 1048 1303 775 1723 1027 1091 1690 855 996 933 1538
1653 0 1534 1636 72 1790 149 1369 849 1584 1062 1425 1211 1280 1700 1172 1817 883 948 1785 849 1459 926 505
1439 1519 0 194 1516 1977 1595 1629 1842 105 504 1753 1454 786 1893 1365 425 913 978 392 742 1586 819 1726
1541 1621 194 0 1618 2079 1697 1731 1944 193 607 1855 1556 888 1995 1467 466 1015 1080 434 844 1688 921 1828
1650 72 1531 1633 0 1787 150 1366 847 1581 1059 1423 1208 1277 1698 1169 1815 881 945 1782 846 1456 923 502
1387 1789 1977 2080 1787 0 1866 823 1264 2028 1500 415 1154 1586 123 820 2261 1565 1629 2228 1394 415 1471 1512
1729 149 1610 1712 150 1866 0 1446 926 1660 1138 1502 1287 1356 1777 1248 1894 960 1024 1861 925 1535 1002 581
1039 1369 1629 1731 1366 823 1446 0 949 1679 1152 599 559 1237 739 305 1913 1128 1192 1880 1045 432 1122 1092
1395 849 1846 1948 847 1264 926 949 0 1896 1374 900 791 1592 1175 752 2130 1196 1260 2097 1161 934 1239 449
1489 1569 105 193 1566 2027 1645 1679 1892 0 555 1803 1504 836 1944 1415 475 963 1028 442 792 1636 869 1776
962 1041 504 607 1039 1500 1118 1152 1364 555 0 1275 977 348 1416 887 788 436 500 755 264 1108 342 1248
1163 1425 1753 1855 1422 415 1501 599 900 1803 1276 0 930 1362 326 595 2037 1341 1405 2004 1169 280 1247 1148
946 1211 1454 1556 1208 1153 1287 559 791 1504 977 929 0 1063 1070 361 1738 970 1034 1705 870 762 947 934
1048 1260 786 888 1257 1585 1336 1237 1583 836 348 1361 1063 0 1502 973 1069 654 718 1037 483 1194 560 1467
1304 1700 1894 1996 1698 123 1777 740 1175 1944 1417 326 1070 1502 0 736 2177 1481 1546 2145 1310 331 1387 1423
775 1172 1365 1467 1169 819 1248 305 752 1415 887 595 361 973 736 0 1648 930 995 1616 781 428 858 895
1723 1802 425 466 1800 2261 1879 1913 2125 475 788 2036 1738 1069 2177 1648 0 1196 1261 139 1025 1869 1103 2009
1027 863 913 1015 860 1564 939 1091 1186 963 436 1340 933 654 1481 894 1196 0 84 1164 223 1173 300 1070
1091 928 978 1080 925 1629 1004 1156 1251 1028 500 1405 998 718 1545 958 1261 84 0 1228 287 1238 365 1135
1690 1770 392 434 1767 2228 1846 1880 2093 442 755 2004 1705 1037 2144 1616 139 1164 1228 0 993 1837 1070 1977
855 829 742 844 826 1393 905 1045 1152 792 264 1169 870 483 1310 781 1025 223 287 993 0 1002 112 1036
996 1458 1586 1688 1456 415 1535 432 933 1636 1109 280 763 1195 331 428 1870 1174 1238 1837 1002 0 1080 1181
933 906 819 921 903 1470 982 1122 1229 869 342 1246 947 560 1387 858 1103 300 365 1070 112 1079 0 1113
1538 505 1741 1843 502 1512 581 1092 449 1791 1269 1148 934 1487 1423 895 2024 1090 1155 1992 1056 1181 1133 0
EOF