NAME : tsp_problem
TYPE : TSP
DIMENSION : 36
EDGE_WEIGHT_TYPE : EXPLICIT
EDGE_WEIGHT_FORMAT : FULL_MATRIX
EDGE_WEIGHT_SECTION
0 1426 702 786 1009 1019 1420 630 1344 957 298 582 1475 702 585 1703 576 616 1461 1157 984 291 596 575 635 1432 216 1214 1079 670 1500 1107 717 195 656 1257
1305 0 869 952 331 904 679 923 756 1057 1116 847 481 1029 876 1633 963 783 466 1204 868 1227 924 868 1141 844 1347 626 885 796 506 1153 984 1209 809 1188
702 989 0 126 573 359 984 234 907 297 513 485 1038 203 279 1043 360 113 1024 497 324 624 496 265 328 995 726 778 437 364 1063 447 157 606 350 597
786 1073 126 0 656 382 1067 257 991 320 597 569 1122 226 363 1066 444 197 1108 520 347 707 579 349 351 1079 749 861 460 448 1147 470 181 690 434 620
1009 741 573 656 0 608 736 627 660 761 820 551 501 733 580 1358 667 487 487 907 572 931 628 572 845 748 1051 530 589 500 526 857 688 913 513 892
1019 1024 359 382 608 0 1019 439 943 378 830 639 1073 408 596 873 634 431 1059 423 87 941 715 538 533 1031 931 813 302 587 1098 372 363 923 601 407
1311 690 874 958 337 909 0 928 761 1063 1122 853 486 1035 882 1638 969 788 472 1209 874 1232 929 874 1147 849 1352 631 891 802 511 1159 989 1215 815 1193
630 1043 234 257 627 439 1038 0 962 377 440 540 1093 160 333 1123 221 234 1078 577 404 551 530 126 285 1050 619 832 517 418 1117 527 114 534 405 677
1344 778 907 991 660 943 773 962 0 1096 1155 886 988 1068 915 1397 1002 822 974 1113 907 1266 963 907 1180 129 1385 389 924 835 1013 1062 1023 1248 848 1081
957 1178 297 320 761 378 1172 377 1096 0 768 740 1227 346 534 864 571 368 1213 319 343 878 750 476 471 1184 869 898 456 618 1252 268 300 861 605 419
298 1237 513 597 820 830 1231 440 1155 768 0 429 1286 573 396 1514 481 427 1272 968 795 299 442 386 659 1243 339 1025 889 480 1311 917 528 202 467 1068
582 968 485 569 551 639 962 540 886 740 429 0 1017 646 233 1389 580 400 1003 939 603 676 98 485 758 974 717 756 621 153 1042 888 601 579 166 923
1509 380 1072 1156 696 1107 375 1127 861 1261 1320 1051 0 1233 1080 1739 1167 987 91 1407 1072 1431 1128 1072 1345 949 1550 731 1089 1000 130 1357 1188 1413 1013 1392
702 1150 203 226 733 408 1144 160 1068 346 573 646 1199 0 440 1092 270 274 1185 546 373 684 656 259 152 1156 549 938 486 524 1224 496 72 667 511 646
585 997 279 363 580 596 991 333 915 534 396 233 1046 440 0 1280 374 193 1032 734 561 506 243 279 552 1003 626 785 649 112 1071 684 394 489 98 834
1703 1655 1043 1066 1358 873 1650 1123 1397 864 1514 1389 1824 1092 1280 0 1317 1114 1809 588 815 1624 1466 1222 1217 1485 1615 1041 1052 1338 1849 623 1046 1607 1351 501
576 1084 360 444 667 634 1078 221 1002 571 481 580 1133 270 374 1317 0 274 1119 771 598 592 571 123 203 1090 423 872 711 459 1158 721 308 574 445 871
616 903 113 197 487 431 898 234 822 368 427 400 952 274 193 1114 274 0 938 568 395 538 410 179 399 910 658 692 508 278 977 518 229 521 265 668
1442 313 1005 1089 628 1040 307 1059 794 1194 1253 984 778 1166 1013 1671 1100 919 0 1340 1005 1363 1060 1005 1278 882 1483 664 1022 933 63 1290 1120 1346 946 1324
1157 1324 497 520 907 423 1319 577 1113 319 968 939 1373 546 734 588 771 568 1359 0 365 1078 950 676 671 1201 1069 757 602 819 1398 78 500 1061 805 243
984 989 324 347 572 87 983 404 907 343 795 603 1038 373 561 815 598 395 1024 365 0 905 680 503 498 995 896 777 266 552 1063 314 327 888 565 349
291 1347 624 707 931 941 1342 551 1266 878 299 676 1397 684 506 1624 592 538 1382 1078 905 0 664 496 752 1354 332 1136 1000 591 1421 1028 639 129 577 1178
596 1044 496 579 628 715 1039 530 963 750 442 98 1094 656 243 1466 571 410 1079 950 680 664 0 475 748 1051 730 833 697 229 1119 900 611 593 243 999
575 989 265 349 572 538 983 126 907 476 386 485 1038 259 279 1222 123 179 1024 676 503 496 475 0 301 995 521 777 616 363 1063 626 213 479 350 776
635 1262 328 351 845 533 1256 285 1180 471 659 758 1311 152 552 1217 203 399 1297 671 498 752 748 301 0 1268 483 1050 611 636 1336 621 198 655 623 771
1432 866 995 1079 748 1031 861 1050 129 1184 1243 974 1076 1156 1003 1485 1090 910 1062 1201 995 1354 1051 995 1268 0 1473 477 1012 923 1101 1150 1111 1336 936 1169
216 1467 726 749 1051 931 1462 619 1385 869 339 717 1516 549 626 1615 423 658 1502 1069 896 332 730 521 483 1473 0 1255 1009 711 1541 1019 595 236 697 1169
1214 648 778 861 530 813 643 832 389 898 1025 756 858 938 785 1041 872 692 844 757 777 1136 833 777 1050 477 1255 0 794 705 883 707 893 1118 718 726
966 894 471 494 477 337 888 551 812 490 777 508 943 520 537 1087 624 444 929 636 301 888 585 529 645 900 1008 682 0 457 968 586 475 870 470 621
670 916 364 448 500 587 911 418 835 618 480 153 966 524 112 1338 459 278 951 819 552 591 229 363 636 923 711 705 569 0 991 768 479 574 64 871
1470 341 1033 1117 656 1068 335 1087 822 1222 1281 1012 806 1194 1041 1699 1128 947 792 1368 1033 1391 1089 1033 1306 910 1511 692 1050 961 0 1318 1148 1374 974 1352
1107 1274 447 470 857 372 1268 527 1062 268 917 888 1323 496 684 623 721 518 1309 78 314 1028 900 626 621 1150 1019 707 552 768 1348 0 450 1011 755 228
717 1104 157 181 688 363 1099 114 1023 300 528 601 1153 72 394 1046 308 229 1139 500 327 639 611 213 198 1111 595 893 440 479 1178 450 0 621 465 600
195 1330 606 690 913 923 1325 534 1248 861 202 579 1379 667 489 1607 574 521 1365 1061 888 129 593 479 655 1336 236 1118 983 574 1404 1011 621 0 560 1161
656 930 350 434 513 601 924 405 848 605 467 166 979 511 98 1351 445 265 965 805 565 577 243 350 623 936 697 718 582 64 1004 755 465 560 0 885
1257 1308 597 620 892 407 1303 677 1081 419 1068 923 1357 646 834 501 871 668 1343 243 349 1178 999 776 771 1169 1169 726 586 871 1382 228 600 1161 885 0
EOF