NAME : tsp_problem
TYPE : TSP
DIMENSION : 52
EDGE_WEIGHT_TYPE : EXPLICIT
EDGE_WEIGHT_FORMAT : FULL_MATRIX
EDGE_WEIGHT_SECTION
0 1154 361 705 1074 980 1055 1673 1456 1299 691 1388 1004 1345 1019 703 1286 617 367 712 1335 728 625 803 684 1357 908 113 296 1358 1855 289 1306 432 1046 1487 1049 149 1101 295 485 558 414 750 506 995 900 1016 453 1183 581 665
1154 0 937 781 276 678 142 1370 1106 949 584 518 176 1042 179 956 936 711 977 759 1033 468 1116 482 877 260 629 1077 885 1009 1552 909 209 878 216 390 252 1051 304 903 998 1091 773 433 1225 692 621 322 1175 880 898 517
361 937 0 488 857 763 838 1456 1239 1082 474 1171 787 1128 802 515 1069 400 179 524 1118 511 606 586 496 1140 691 303 261 1141 1637 285 1089 210 828 1270 832 339 884 279 297 556 197 532 515 778 683 799 461 966 393 448
705 781 488 0 684 513 665 1205 988 832 395 921 707 877 630 308 819 185 394 112 868 432 469 506 166 1014 319 628 437 891 1387 460 963 429 749 1144 660 602 711 454 288 444 324 453 578 527 311 719 810 715 251 368
1074 276 857 684 0 580 160 1273 1056 899 486 767 425 945 125 858 887 631 896 661 935 387 1018 401 789 509 531 996 805 959 1455 829 458 798 465 639 47 971 54 823 901 993 693 352 1128 595 523 440 1095 783 800 437
980 678 763 513 580 0 562 893 515 358 315 448 727 508 526 687 346 530 803 490 395 517 847 592 618 721 360 903 712 418 1075 736 750 705 769 934 556 878 608 730 730 823 599 538 957 229 352 739 1085 242 629 454
1055 142 838 665 160 562 0 1254 1037 880 467 633 291 926 102 839 868 612 878 643 916 369 1000 383 770 374 512 978 786 940 1436 810 323 779 331 504 136 952 188 804 882 975 674 334 1109 576 504 421 1076 764 781 418
1333 1031 1116 866 934 393 915 0 744 588 668 677 1080 640 879 1040 575 883 1156 843 526 870 1200 945 971 951 713 1256 1065 647 256 1089 979 1058 1122 1163 909 1231 961 1083 1083 1176 952 891 1310 582 705 1092 1438 374 982 807
1456 1106 1239 988 1056 515 1037 1245 0 194 790 622 1202 859 1001 1162 213 1006 1278 966 746 993 1323 1067 1093 896 836 1378 1187 132 1426 1211 924 1180 1244 1108 1032 1353 1083 1205 1205 1298 1075 1014 1432 704 828 1215 1561 594 1105 929
1299 949 1082 832 899 358 880 1088 194 0 634 466 1046 702 845 1006 92 849 1122 809 589 836 1166 910 937 739 679 1222 1030 97 1270 1054 767 1023 1087 951 875 1196 926 1048 1048 1141 918 857 1275 547 671 1058 1404 437 948 772
691 584 474 395 486 315 467 1008 790 634 0 723 504 679 432 570 621 248 514 373 670 228 730 303 415 816 243 614 423 693 1189 447 765 416 545 946 462 589 513 441 537 706 310 249 840 329 235 516 796 517 512 164
1388 518 1171 921 767 448 633 1177 622 466 723 0 638 792 669 1095 453 938 1211 898 679 925 1255 943 1026 308 768 1311 1120 525 1359 1144 337 1113 678 521 743 1286 794 1138 1138 1231 1007 894 1365 637 760 784 1493 526 1037 862
1004 176 787 707 425 727 291 1420 1202 1046 504 638 0 1091 327 952 1033 561 827 755 1082 318 1095 331 727 379 678 927 735 1105 1601 759 328 728 68 509 401 901 453 753 850 1044 623 283 1162 741 670 172 1025 929 874 367
1179 877 962 712 779 239 761 815 590 433 514 523 926 0 725 886 421 729 1002 689 317 716 1046 790 817 796 559 1102 911 493 997 934 825 903 967 1009 755 1076 807 928 929 1021 798 737 1156 427 551 938 1284 164 828 652
1019 179 802 630 125 526 102 1219 1001 845 432 669 327 890 0 804 832 576 842 607 881 333 964 347 735 411 477 942 751 904 1400 775 360 744 367 541 100 917 152 769 846 939 638 298 1073 540 469 385 1041 728 746 382
703 956 515 308 858 687 839 1380 1162 1006 570 1095 952 1051 804 0 993 430 358 218 1042 676 248 751 271 1188 493 645 637 1065 1561 661 1137 586 993 1318 834 681 885 655 252 223 573 698 357 701 485 964 613 889 151 613
1286 936 1069 819 887 346 868 1075 213 92 621 453 1033 690 832 993 0 836 1109 797 577 823 1153 898 924 726 666 1209 1018 115 1257 1042 755 1011 1075 939 862 1184 914 1036 1036 1129 905 844 1263 535 658 1045 1391 424 935 760
617 711 400 185 631 530 612 1223 1006 849 248 938 561 895 576 430 836 0 434 233 885 286 573 360 205 914 337 540 349 908 1405 373 863 342 603 1044 606 515 658 367 328 522 236 307 657 545 329 573 722 733 351 222
367 977 179 394 896 803 878 1496 1278 1122 514 1211 827 1167 842 358 1109 434 0 367 1158 551 449 626 338 1180 642 309 301 1181 1677 325 1129 250 868 1310 872 344 924 319 140 398 237 572 520 817 634 839 467 1005 235 488
712 759 524 112 661 490 643 1183 966 809 373 898 755 855 607 218 797 233 367 0 845 480 378 554 149 991 297 654 527 869 1365 551 940 520 797 1121 637 690 689 544 261 354 414 501 488 505 289 767 744 693 160 416
1297 995 1080 830 897 455 878 617 806 649 632 739 1044 232 843 1004 637 847 1120 807 0 834 1164 908 935 1012 677 1220 1028 709 799 1052 1041 1021 1085 1225 873 1194 924 1046 1046 1139 916 855 1273 326 669 1056 1402 380 946 770
728 468 511 432 387 517 369 1210 993 836 228 925 318 882 333 676 823 286 551 480 872 0 819 117 452 671 445 651 460 895 1391 484 620 453 359 801 363 626 415 478 574 769 347 63 887 532 437 330 833 720 598 92
625 1116 606 469 1018 847 1000 1540 1323 1166 730 1255 1095 1212 964 248 1153 573 449 378 1202 819 0 894 431 1348 654 567 728 1225 1722 743 1297 677 1136 1478 994 603 1046 746 343 139 664 840 226 862 646 1107 482 1050 312 756
803 482 586 506 401 592 383 1284 1067 910 303 943 331 956 347 751 898 360 626 554 946 117 894 0 526 684 520 726 534 970 1466 558 633 527 373 815 377 700 429 552 649 843 422 82 961 606 512 344 875 794 673 166
684 877 496 166 789 618 770 1311 1093 937 415 1026 727 982 735 271 924 205 338 149 973 452 431 526 0 1080 424 626 457 996 1492 481 1029 450 769 1210 765 623 816 474 232 406 344 473 541 632 416 740 784 820 213 388
1357 260 1140 1014 509 721 374 1451 896 739 816 308 379 1065 411 1188 726 914 1180 991 952 671 1348 684 1080 0 861 1280 1088 799 1633 1112 78 1081 419 262 484 1254 536 1106 1203 1323 976 636 1457 910 853 525 1378 800 1130 720
908 629 691 319 531 360 512 1053 836 679 243 768 678 725 477 493 666 337 642 297 715 445 654 520 424 861 0 831 640 738 1234 664 810 633 719 991 507 806 559 658 536 629 527 467 763 375 52 690 1013 563 435 382
113 1077 303 628 996 903 978 1596 1378 1222 614 1311 927 1267 942 645 1209 540 309 654 1258 651 567 726 626 1280 831 0 219 1281 1777 212 1229 374 968 1410 972 78 1024 218 427 499 337 672 448 917 823 939 395 1105 523 588
296 885 261 437 805 712 786 1404 1187 1030 423 1120 735 1076 751 637 1018 349 301 527 1066 460 728 534 457 1088 640 219 0 1090 1586 53 1037 203 777 1218 781 193 832 47 419 678 146 481 630 726 632 748 577 914 515 396
1358 1009 1141 891 959 418 940 1147 132 97 693 525 1105 762 904 1065 115 908 1181 869 649 895 1225 970 996 799 738 1281 1090 0 1329 1114 827 1083 1147 1011 934 1256 986 1108 1108 1201 977 916 1335 607 730 1117 1463 497 1007 832
1105 802 888 637 705 164 686 797 516 359 440 449 851 411 651 812 347 655 928 615 298 642 972 716 742 722 485 1028 836 419 0 860 750 829 893 934 681 1002 732 854 854 947 724 663 1081 353 477 864 1210 146 754 578
289 909 285 460 829 736 810 1428 1211 1054 447 1144 759 1100 775 661 1042 373 325 551 1090 484 743 558 481 1112 664 212 53 1114 1610 0 1061 227 801 1242 805 186 856 56 443 675 170 505 623 750 656 771 570 938 539 420
1306 209 1089 963 458 750 323 1479 924 767 765 337 328 1094 360 1137 755 863 1129 940 981 620 1297 633 1029 78 810 1229 1037 827 1661 1061 0 1030 368 211 433 1203 485 1055 1152 1272 925 585 1406 874 802 474 1327 828 1079 669
432 878 210 429 798 705 779 1397 1180 1023 416 1113 728 1069 744 586 1011 342 250 520 1059 453 677 527 450 1081 633 374 203 1083 1579 227 1030 0 770 1211 774 368 825 220 368 627 139 474 585 719 625 740 532 907 464 389
1046 216 828 749 465 769 331 1461 1244 1087 545 678 68 1133 367 993 1075 603 868 797 1123 359 1136 373 769 419 719 968 777 1147 1643 801 368 770 0 549 441 943 492 795 891 1086 665 324 1204 783 711 214 1067 971 915 409
1487 390 1270 1144 639 934 504 1663 1108 951 946 521 509 1278 541 1318 939 1044 1310 1121 1164 801 1478 815 1210 262 991 1410 1218 1011 1845 1242 211 1211 549 0 614 1384 666 1236 1333 1453 1106 766 1588 1055 983 656 1508 1012 1260 850
1049 252 832 660 47 556 136 1249 1032 875 462 743 401 921 100 834 862 606 872 637 911 363 994 377 765 484 507 972 781 934 1430 805 433 774 441 614 0 947 74 799 876 969 668 328 1103 571 499 415 1071 759 776 412
149 1051 339 602 971 878 952 1570 1353 1196 589 1286 901 1242 917 681 1184 515 344 690 1232 626 603 700 623 1254 806 78 193 1256 1752 186 1203 368 943 1384 947 0 998 192 462 535 312 647 483 892 798 913 430 1080 558 562
1101 304 884 711 54 608 188 1300 1083 926 513 794 453 972 152 885 914 658 924 689 962 415 1046 429 816 536 559 1024 832 986 1482 856 485 825 492 666 74 998 0 850 928 1021 720 380 1155 622 551 467 1122 810 827 464
295 903 279 454 823 730 804 1422 1205 1048 441 1138 753 1094 769 655 1036 367 319 544 1084 478 746 552 474 1106 658 218 47 1108 1604 56 1055 220 795 1236 799 192 850 0 437 681 164 499 629 744 650 765 576 932 533 414
485 998 297 288 901 730 882 1422 1205 1048 537 1138 850 1094 846 252 1036 328 140 261 1084 574 343 649 232 1203 536 427 419 1108 1604 443 1152 368 891 1333 876 462 928 437 0 292 355 595 427 744 528 862 585 932 129 511
558 1091 556 444 993 823 975 1515 1298 1141 706 1231 1044 1187 939 223 1129 522 398 354 1177 769 139 843 406 1323 629 499 678 1201 1697 675 1272 627 1086 1453 969 535 1021 681 292 0 614 790 159 837 621 1057 414 1025 268 705
414 773 197 324 693 599 674 1292 1075 918 310 1007 623 964 638 573 905 236 237 414 954 347 664 422 344 976 527 337 146 977 1474 170 925 139 665 1106 668 312 720 164 355 614 0 369 572 614 519 635 519 802 451 284
750 433 532 453 352 538 334 1231 1014 857 249 894 283 903 298 698 844 307 572 501 893 63 840 82 473 636 467 672 481 916 1413 505 585 474 324 766 328 647 380 499 595 790 369 0 908 553 459 295 827 741 619 113
506 1225 515 578 1128 957 1109 1649 1432 1275 840 1365 1162 1321 1073 357 1263 657 520 488 1311 887 226 961 541 1457 763 448 630 1335 1831 623 1406 585 1204 1588 1103 483 1155 629 427 159 572 908 0 971 755 1174 362 1159 403 823
995 692 778 527 595 229 576 702 704 547 329 637 741 374 540 701 535 545 817 505 583 532 862 606 632 910 375 917 726 607 884 750 874 719 783 1055 571 892 622 744 744 837 614 553 971 0 367 754 1100 431 644 468
900 621 683 311 523 352 504 1045 828 671 235 760 670 717 469 485 658 329 634 289 707 437 646 512 416 853 52 823 632 730 1227 656 802 625 711 983 499 798 551 650 528 621 519 459 755 367 0 682 1005 555 427 374
1016 322 799 719 440 739 421 1432 1215 1058 516 784 172 1104 385 964 1045 573 839 767 1094 330 1107 344 740 525 690 939 748 1117 1613 771 474 740 214 656 415 913 467 765 862 1057 635 295 1174 754 682 0 1038 942 886 379
453 1175 461 810 1095 1085 1076 1778 1561 1404 796 1493 1025 1450 1041 613 1391 722 467 744 1440 833 482 875 784 1378 1013 395 577 1463 1959 570 1327 532 1067 1508 1071 430 1122 576 585 414 519 827 362 1100 1005 1038 0 1288 658 770
1349 1047 1132 882 949 507 931 670 858 701 684 791 1096 284 895 1056 689 899 1172 859 585 886 1216 960 987 1064 729 1272 1081 761 851 1104 1093 1073 1137 1277 925 1246 977 1098 1099 1191 968 907 1326 378 721 1108 1454 0 998 822
581 898 393 251 800 629 781 1322 1105 948 512 1037 874 994 746 151 935 351 235 160 984 598 312 673 213 1130 435 523 515 1007 1503 539 1079 464 915 1260 776 558 827 533 129 268 451 619 403 644 427 886 658 832 0 534
665 517 448 368 437 454 418 1146 929 772 164 862 367 818 382 613 760 222 488 416 808 92 756 166 388 720 382 588 396 832 1328 420 669 389 409 850 412 562 464 414 511 705 284 113 823 468 374 379 770 656 534 0
EOF