NAME : tsp_problem
TYPE : TSP
DIMENSION : 30
EDGE_WEIGHT_TYPE : EXPLICIT
EDGE_WEIGHT_FORMAT : FULL_MATRIX
EDGE_WEIGHT_SECTION
0 385 427 295 453 1113 493 1001 304 451 1280 619 180 909 1060 1528 485 908 308 329 1092 864 435 276 322 1302 962 1124 375 214
385 0 558 524 130 1342 171 1230 212 106 1509 848 408 1138 1289 1757 714 1137 216 203 1321 1093 123 504 375 1531 1191 1353 604 442
427 558 0 175 510 1213 551 1101 574 642 1165 669 402 794 1160 1413 370 793 579 600 977 964 659 376 719 1402 847 1224 475 366
295 524 175 0 580 1081 621 970 443 590 1205 587 271 834 1029 1454 411 833 447 468 1018 832 573 244 588 1271 887 1093 344 235
453 130 510 580 0 1409 70 1298 279 214 1577 915 476 1205 1357 1825 782 1205 284 271 1389 1160 231 572 442 1598 1259 1420 671 510
932 1161 1032 901 1228 0 1269 725 1079 1226 1391 738 781 1267 784 1727 898 1151 1084 1105 1203 181 1210 754 1012 620 1205 695 698 745
493 171 551 621 70 1450 0 1338 320 255 1617 956 517 1246 1397 1865 822 1245 325 312 1429 1201 271 613 483 1639 1299 1461 712 551
1001 1230 1101 970 1298 808 1338 0 1149 1296 1185 807 850 1193 176 1521 968 1075 1153 1174 997 719 1280 824 1081 1158 1129 819 768 814
304 212 574 443 279 1260 320 1149 0 296 1428 766 327 1056 1208 1676 633 1056 29 156 1240 1011 313 423 328 1450 1110 1271 522 361
451 106 642 590 214 1407 255 1296 296 0 1575 913 474 1203 1355 1823 780 1203 300 287 1387 1158 66 570 459 1597 1257 1419 670 508
1280 1509 1165 1205 1577 1474 1617 1185 1428 1575 0 982 1129 594 1244 617 821 477 1432 1453 221 1385 1558 1033 1466 1824 346 1485 1171 1093
619 848 669 587 915 918 956 807 766 913 982 0 468 726 866 1230 357 610 771 792 794 669 897 441 698 1108 664 930 385 432
180 408 402 271 476 962 517 850 327 474 1129 468 0 758 909 1377 334 757 331 352 941 713 458 125 365 1151 811 973 224 71
909 1138 794 834 1205 1448 1246 1193 1056 1203 594 726 758 0 1251 774 449 153 1061 1082 534 1199 1187 661 1094 1638 276 1460 830 722
1060 1289 1160 1029 1357 866 1397 176 1208 1355 1244 866 909 1251 0 1580 1027 1134 1212 1233 1056 778 1338 882 1140 1217 1188 878 827 873
1528 1757 1413 1454 1825 1810 1865 1521 1676 1823 617 1230 1377 774 1580 0 1069 724 1680 1701 557 1703 1807 1281 1714 2142 593 1821 1419 1341
485 714 370 411 782 1079 822 968 633 780 821 357 334 449 1027 1069 0 449 637 658 633 830 764 238 671 1268 503 1090 407 298
908 1137 793 833 1205 1332 1245 1075 1056 1203 477 610 757 153 1134 724 449 0 1060 1081 417 1083 1186 661 1094 1521 158 1343 799 721
308 216 579 447 284 1265 325 1153 29 300 1432 771 331 1061 1212 1680 637 1060 0 160 1244 1016 317 428 332 1454 1114 1276 527 366
329 203 600 468 271 1286 312 1174 156 287 1453 792 352 1082 1233 1701 658 1081 160 0 1265 1037 304 449 199 1475 1135 1297 548 387
1092 1321 977 1018 1389 1286 1429 997 1240 1387 221 794 941 534 1056 557 633 417 1244 1265 0 1198 1370 845 1278 1636 286 1297 983 905
1352 1581 1452 1321 1648 595 1689 1047 1499 1647 1713 1158 1201 1688 1106 2049 1318 1571 1504 1525 1525 0 1630 1174 1432 461 1625 606 1119 1165
435 123 659 573 231 1391 271 1280 313 66 1558 897 458 1187 1338 1807 764 1186 317 304 1370 1142 0 554 476 1580 1240 1402 653 492
276 504 376 244 572 935 613 824 423 570 1033 441 125 661 882 1281 238 661 428 449 845 686 554 0 461 1124 715 946 197 89
322 375 719 588 442 1192 483 1081 328 459 1466 698 365 1094 1140 1714 671 1094 332 199 1278 944 476 461 0 1382 1148 1204 560 399
963 1192 1063 931 1259 672 1300 658 1110 1257 1324 768 812 1298 716 1660 929 1182 1115 1136 1136 584 1241 785 1042 0 1236 683 729 776
962 1191 847 887 1259 1386 1299 1129 1110 1257 346 664 811 276 1188 593 503 158 1114 1135 286 1137 1240 715 1148 1575 0 1397 853 775
920 1149 1020 889 1216 672 1257 713 1068 1215 1379 726 769 1256 772 1715 886 1139 1072 1093 1191 169 1198 742 1000 608 1193 0 687 733
375 604 475 344 671 879 712 768 522 670 1171 385 224 830 827 1419 407 799 527 548 983 630 653 197 560 1069 853 891 0 188
214 442 366 235 510 926 551 814 361 508 1093 432 71 722 873 1341 298 721 366 387 905 677 492 89 399 1115 775 937 188 0
EOF