NAME : tsp_problem
TYPE : TSP
DIMENSION : 60
EDGE_WEIGHT_TYPE : EXPLICIT
EDGE_WEIGHT_FORMAT : FULL_MATRIX
EDGE_WEIGHT_SECTION
0 788 738 219 714 732 275 423 628 373 619 102 277 602 226 197 457 671 215 163 425 731 528 237 784 550 248 267 526 486 181 563 739 344 607 276 575 260 617 146 274 157 299 172 686 332 702 627 338 588 585 286 615 226 457 600 276 586 212 128
788 0 435 868 105 127 924 633 638 889 315 713 792 612 742 845 373 301 864 847 436 583 538 885 142 381 763 898 536 497 836 574 452 470 617 925 244 909 643 742 789 879 911 821 317 481 116 307 854 347 416 935 626 857 667 427 925 417 861 776
738 435 0 818 422 444 874 584 588 839 215 663 743 544 692 795 323 171 814 797 386 209 385 836 327 215 713 848 486 447 787 483 74 420 567 875 356 859 536 692 739 829 862 771 155 432 433 207 804 247 208 885 434 807 618 169 875 178 811 726
219 868 818 0 794 813 91 504 649 234 699 189 315 592 264 220 537 751 106 339 505 812 608 53 864 630 286 442 606 566 268 639 819 424 628 92 655 151 556 322 312 332 115 96 767 413 783 708 262 668 665 102 666 401 538 680 92 666 103 151
714 105 422 794 0 73 851 560 565 815 302 639 719 539 668 772 299 289 790 773 362 510 464 812 129 307 690 824 463 423 763 500 439 396 544 851 170 836 569 668 715 805 838 747 304 408 62 294 780 300 343 861 552 784 594 357 851 343 787 703
732 127 444 813 73 0 869 578 583 834 323 658 737 557 687 790 318 310 809 792 381 528 483 830 151 326 708 843 481 442 781 519 460 415 562 870 188 854 588 687 734 824 856 766 326 426 84 316 799 318 361 880 570 802 612 376 869 362 806 721
275 924 874 91 851 869 0 560 598 183 756 246 273 541 236 276 593 807 162 395 562 868 664 74 921 687 305 498 662 623 324 588 875 480 577 104 711 208 505 378 270 388 64 152 823 469 839 764 211 724 722 114 615 457 572 736 68 723 160 207
423 633 584 504 560 578 560 0 304 525 465 349 428 264 378 481 302 517 500 482 271 577 373 521 630 396 399 534 372 332 472 294 585 190 284 561 421 545 228 378 425 515 547 456 532 178 548 473 489 433 431 571 338 493 86 446 560 432 497 412
628 638 588 632 565 583 581 304 0 588 470 553 632 129 582 685 307 521 703 687 231 465 263 614 634 401 603 738 314 274 677 145 581 310 97 644 425 748 160 582 629 719 547 661 537 321 553 478 616 438 436 654 197 697 269 450 594 436 700 616
373 889 839 234 815 834 183 525 605 0 720 299 216 548 179 389 558 772 305 493 527 833 629 216 885 651 249 555 627 588 422 595 840 445 585 247 676 350 512 399 213 486 149 294 788 434 804 729 154 689 687 256 622 515 559 701 196 687 302 320
619 315 215 699 302 323 756 465 470 720 0 544 624 444 573 677 204 81 695 678 267 345 370 717 207 142 595 730 368 328 668 405 231 301 449 757 192 741 474 574 621 710 743 652 96 313 313 62 685 102 177 766 457 689 499 192 756 178 693 608
102 713 663 189 639 658 246 349 553 299 544 0 202 527 152 167 382 596 185 222 350 657 453 207 709 475 173 325 451 411 151 489 664 269 532 246 500 231 542 205 199 215 269 142 612 258 628 553 264 513 510 256 540 284 383 525 246 511 182 98
277 792 743 315 719 737 273 428 632 216 624 202 0 607 83 292 461 676 311 396 430 736 532 306 789 555 152 459 531 491 326 568 744 348 612 337 580 356 602 303 52 390 239 268 691 337 707 632 181 592 590 346 620 418 462 605 286 591 308 223
602 612 544 574 539 557 524 264 129 531 444 527 607 0 556 660 281 496 645 661 205 401 238 557 609 375 578 712 288 248 651 119 517 284 108 587 400 690 50 556 603 693 490 635 511 296 527 452 559 412 410 597 132 671 228 425 536 411 642 591
226 742 692 264 668 687 236 378 582 179 573 152 83 556 0 242 411 625 260 346 379 686 482 269 738 504 101 408 480 440 275 518 693 298 561 299 529 306 565 252 79 339 202 217 641 287 656 581 144 542 539 309 569 367 411 554 248 540 258 173
197 845 795 220 772 790 276 481 685 389 677 167 292 660 242 0 514 728 216 316 483 789 585 237 842 608 263 419 583 544 245 621 796 401 664 277 632 261 674 299 289 309 299 173 744 390 760 685 354 645 643 287 673 378 515 657 277 644 213 128
457 373 323 537 299 318 593 302 307 558 204 382 461 281 411 514 0 256 533 516 105 338 207 554 369 135 432 567 205 166 505 243 324 139 286 594 160 578 312 411 458 548 580 490 271 150 287 212 523 173 170 604 294 526 336 185 594 171 530 445
671 301 171 751 289 310 807 517 521 772 81 596 676 496 625 728 256 0 747 730 319 322 421 769 193 194 646 781 419 380 720 457 188 353 500 808 244 792 526 625 672 762 795 704 53 365 299 73 737 113 211 818 509 740 551 164 808 173 744 659
215 864 814 106 790 809 162 500 704 305 695 185 311 663 260 216 533 747 0 335 502 808 604 124 860 626 282 438 602 563 264 640 815 420 683 163 651 94 627 318 308 328 186 92 763 409 779 704 333 664 661 173 691 397 534 676 163 662 99 147
163 847 797 339 773 792 395 482 687 493 678 222 396 661 346 316 516 730 335 0 484 790 587 356 843 609 367 143 585 545 301 622 798 403 666 396 634 380 676 177 393 74 418 292 745 392 761 686 458 647 644 406 674 102 516 659 395 645 332 247
425 436 386 505 362 381 562 271 231 527 267 350 430 205 379 483 105 319 502 484 0 335 131 523 432 198 401 536 129 89 474 167 387 107 210 563 223 547 236 380 427 517 549 458 334 119 350 275 491 236 233 572 218 495 305 248 562 234 499 414
731 583 209 812 510 528 866 577 465 833 345 657 736 401 686 789 338 322 808 790 335 0 241 829 478 229 707 842 417 378 780 340 165 413 444 869 371 853 393 686 733 823 832 764 306 425 498 353 798 313 195 879 291 801 571 246 868 232 805 720
528 538 385 608 464 483 664 373 263 629 370 453 532 238 482 585 207 421 604 587 131 241 0 625 534 300 503 638 214 174 576 199 357 210 242 665 325 649 267 482 529 619 652 561 437 221 453 378 594 338 295 675 166 597 378 346 665 332 601 516
237 885 836 53 812 830 74 521 631 216 717 207 306 574 269 237 554 769 124 356 523 829 625 0 882 648 303 459 623 584 285 621 836 441 610 75 672 169 538 339 303 350 97 113 784 430 800 725 244 685 683 84 648 418 555 698 74 684 121 168
784 142 327 864 129 151 921 630 634 885 207 709 789 609 738 842 369 193 860 843 432 478 534 882 0 320 760 894 533 493 833 570 344 466 614 921 240 905 639 738 785 875 908 817 209 478 140 199 850 239 355 931 622 853 664 320 921 329 857 773
550 381 215 630 307 326 687 396 401 651 142 475 555 375 504 608 135 194 626 609 198 229 300 648 320 0 526 660 299 259 599 336 216 232 380 687 168 672 405 504 551 641 674 583 193 244 296 150 616 111 62 697 379 619 430 77 687 63 623 539
248 763 713 286 690 708 305 399 603 249 595 173 152 578 101 263 432 646 282 367 401 707 503 303 760 526 0 430 501 462 297 539 714 319 582 343 550 327 592 274 149 361 271 239 662 308 678 603 213 563 561 353 591 389 433 575 318 562 279 194
267 898 848 442 824 843 498 534 738 555 730 325 459 712 408 419 567 781 438 143 536 842 638 459 894 660 430 0 636 597 404 674 849 454 717 499 685 483 727 240 456 177 522 395 797 443 813 738 520 698 696 509 726 91 568 710 499 696 435 350
526 536 486 606 463 481 662 372 314 627 368 451 531 288 480 583 205 419 602 585 129 417 214 623 533 299 501 636 0 83 575 249 487 208 293 663 323 647 319 480 527 617 650 559 435 219 451 376 592 336 334 673 301 595 405 348 663 335 599 514
486 497 447 566 423 442 623 332 274 588 328 411 491 248 440 544 166 380 563 545 89 378 174 584 493 259 462 597 83 0 535 210 448 168 253 624 284 608 279 441 488 578 610 519 395 180 411 336 552 297 294 633 262 556 366 309 623 295 560 475
181 836 787 268 763 781 324 472 677 422 668 151 326 651 275 245 505 720 264 301 474 780 576 285 833 599 297 404 575 535 0 612 788 392 656 325 624 309 666 284 322 294 348 221 735 381 751 676 387 636 634 335 664 363 506 649 325 635 261 176
563 574 483 622 500 519 571 294 145 578 405 489 568 119 518 621 243 457 640 622 167 340 199 604 570 336 539 674 249 210 612 0 455 245 124 634 361 685 123 518 565 655 537 596 473 257 488 414 606 374 371 644 71 633 259 386 584 372 637 552
739 452 74 819 439 460 875 585 581 840 231 664 744 517 693 796 324 188 815 798 387 165 357 836 344 216 714 849 487 448 788 455 0 421 560 876 357 860 508 693 740 830 863 772 172 432 450 224 805 264 181 886 407 808 618 186 876 195 812 727
344 470 420 424 396 415 480 190 310 445 301 269 348 284 298 401 139 353 420 403 107 413 210 441 466 232 319 454 208 168 392 245 421 0 289 481 257 465 315 298 345 435 468 377 368 74 384 309 410 270 267 491 297 413 223 282 481 268 417 332
607 617 567 611 544 562 560 284 97 567 449 532 612 108 561 664 286 500 682 666 210 444 242 593 614 380 582 717 293 253 656 124 560 289 0 624 404 727 139 561 608 698 526 640 516 301 532 457 595 417 415 633 176 676 248 429 573 416 679 595
276 925 875 92 851 870 104 561 662 247 757 246 337 605 299 277 594 808 163 396 563 869 665 75 921 687 343 499 663 624 325 652 876 481 641 0 712 209 569 379 333 389 128 153 824 470 840 765 274 725 723 83 678 458 595 737 105 723 160 208
575 244 356 655 170 188 711 421 425 676 192 500 580 400 529 632 160 244 651 634 223 371 325 672 240 168 550 685 323 284 624 361 357 257 404 712 0 696 430 529 576 666 699 608 259 268 158 200 641 160 203 722 413 644 454 218 712 204 648 563
260 909 859 151 836 854 208 545 749 350 741 231 356 708 306 261 578 792 94 380 547 853 649 169 905 672 327 483 647 608 309 685 860 465 728 209 696 0 672 363 353 373 231 137 808 454 824 749 378 709 707 218 737 442 579 721 208 708 105 192
617 643 536 538 569 588 488 228 160 495 474 542 585 50 548 674 312 526 609 676 236 393 267 521 639 405 592 727 319 279 666 123 508 315 139 551 430 655 0 571 582 708 454 599 542 326 557 483 523 443 440 561 124 686 193 455 500 441 607 605
146 742 692 322 668 687 378 378 582 399 574 205 303 556 252 299 411 625 318 177 380 686 482 339 738 504 274 240 480 441 284 518 693 298 561 379 529 363 571 0 299 170 401 274 641 287 657 582 364 542 540 389 570 199 412 554 378 540 315 230
274 789 739 312 715 734 270 425 629 213 621 199 52 603 79 289 458 672 308 393 427 733 529 303 785 551 149 456 527 488 322 565 740 345 608 333 576 353 599 299 0 386 236 264 688 334 704 629 178 589 587 343 617 415 459 601 282 587 305 220
157 879 829 332 805 824 388 515 719 486 710 215 390 693 339 309 548 762 328 74 517 823 619 350 875 641 361 177 617 578 294 655 830 435 698 389 666 373 708 170 386 0 412 285 778 424 794 719 451 679 677 399 706 136 549 691 389 677 325 240
299 911 862 115 838 856 64 547 564 149 743 269 239 507 202 299 580 795 186 418 549 850 652 97 908 674 271 522 650 610 348 554 863 468 543 128 699 231 471 401 236 412 0 175 810 456 826 751 177 711 709 137 581 481 538 724 77 710 183 231
172 821 771 96 747 766 152 456 661 294 652 142 268 635 217 173 490 704 92 292 458 764 561 113 817 583 239 395 559 519 221 596 772 377 640 153 608 137 616 274 264 285 175 0 719 366 735 660 322 621 618 163 648 354 490 633 152 619 89 104
686 317 155 767 304 326 823 532 537 788 96 612 691 511 641 744 271 53 763 745 334 306 437 784 209 193 662 797 435 395 735 473 172 368 516 824 259 808 542 641 688 778 810 719 0 380 315 89 753 129 195 834 512 756 566 148 823 157 760 675
332 481 432 413 408 426 469 178 321 434 313 258 337 296 287 390 150 365 409 392 119 425 221 430 478 244 308 443 219 180 381 257 432 74 301 470 268 454 326 287 334 424 456 366 380 0 396 321 399 281 279 480 309 402 212 294 469 280 406 321
702 116 433 783 62 84 839 548 553 804 313 628 707 527 656 760 287 299 779 761 350 498 453 800 140 296 678 813 451 411 751 488 450 384 532 840 158 824 557 657 704 794 826 735 315 396 0 305 768 288 331 850 540 772 582 345 839 332 776 691
627 307 207 708 294 316 764 473 478 729 62 553 632 452 581 685 212 73 704 686 275 353 378 725 199 150 603 738 376 336 676 414 224 309 457 765 200 749 483 582 629 719 751 660 89 321 305 0 693 94 186 775 465 697 507 200 764 186 701 616
338 854 804 262 780 799 211 489 633 154 685 264 181 576 144 354 523 737 333 458 491 798 594 244 850 616 213 520 592 552 387 623 805 410 612 274 641 378 540 364 178 451 177 322 753 399 768 693 0 654 651 284 650 479 523 666 224 652 330 285
588 347 247 668 300 318 724 433 438 689 102 513 592 412 542 645 173 113 664 647 236 313 338 685 239 111 563 698 336 297 636 374 264 270 417 725 160 709 443 542 589 679 711 621 129 281 288 94 654 0 146 735 425 657 467 161 725 147 661 576
585 416 208 665 343 361 722 431 436 687 177 510 590 410 539 643 170 211 661 644 233 195 295 683 355 62 561 696 334 294 634 371 181 267 415 723 203 707 440 540 587 677 709 618 195 279 331 186 651 146 0 732 344 655 465 78 722 64 659 574
286 935 885 102 861 880 114 571 672 256 766 256 346 614 309 287 604 818 173 406 572 879 675 84 931 697 353 509 673 633 335 662 886 491 651 83 722 218 579 389 343 399 137 163 834 480 850 775 284 735 732 0 688 468 605 747 115 733 170 218
615 626 434 648 552 570 597 338 197 605 457 540 620 132 569 673 294 509 691 674 218 291 166 630 622 379 591 726 301 262 664 71 407 297 176 661 413 737 124 570 617 706 564 648 512 309 540 465 633 425 344 671 0 685 302 395 610 381 689 604
226 857 807 401 784 802 457 493 697 515 689 284 418 671 367 378 526 740 397 102 495 801 597 418 853 619 389 91 595 556 363 633 808 413 676 458 644 442 686 199 415 136 481 354 756 402 772 697 479 657 655 468 685 0 527 669 458 655 394 309
457 667 618 538 594 612 554 86 269 559 499 383 462 228 411 515 336 551 534 516 305 571 378 555 664 430 433 568 405 366 506 259 618 223 248 595 454 579 193 412 459 549 520 490 566 212 582 507 523 467 465 605 302 527 0 480 567 466 531 446
600 427 169 680 357 376 736 446 450 701 192 525 605 425 554 657 185 164 676 659 248 246 346 698 320 77 575 710 348 309 649 386 186 282 429 737 218 721 455 554 601 691 724 633 148 294 345 200 666 161 78 747 395 669 480 0 737 64 673 588
276 925 875 92 851 869 68 560 611 196 756 246 286 554 248 277 594 808 163 395 562 868 665 74 921 687 318 499 663 623 325 601 876 481 590 105 712 208 518 378 282 389 77 152 823 469 839 764 224 725 722 115 628 458 584 737 0 723 160 208
586 417 178 666 343 362 723 432 436 687 178 511 591 411 540 644 171 173 662 645 234 232 332 684 329 63 562 696 335 295 635 372 195 268 416 723 204 708 441 540 587 677 710 619 157 280 332 186 652 147 64 733 381 655 466 64 723 0 659 575
212 861 811 103 787 806 160 497 701 302 693 182 308 660 258 213 530 744 99 332 499 805 601 121 857 623 279 435 599 560 261 637 812 417 680 160 648 105 624 315 305 325 183 89 760 406 776 701 330 661 659 170 689 394 531 673 160 659 0 144
128 776 726 151 703 721 207 412 616 320 608 98 223 591 173 128 445 659 147 247 414 720 516 168 773 539 194 350 514 475 176 552 727 332 595 208 563 192 605 230 220 240 231 104 675 321 691 616 285 576 574 218 604 309 446 588 208 575 144 0
EOF