NAME : tsp_problem
TYPE : TSP
DIMENSION : 52
EDGE_WEIGHT_TYPE : EXPLICIT
EDGE_WEIGHT_FORMAT : FULL_MATRIX
EDGE_WEIGHT_SECTION
0 493 569 644 594 376 443 686 441 681 503 301 575 613 139 518 662 433 748 680 62 626 602 741 354 537 738 88 744 240 576 555 401 103 696 523 259 529 271 541 707 394 341 251 285 418 601 586 332 635 540 393
493 0 588 565 613 163 76 621 150 700 113 357 594 633 539 537 682 453 767 699 521 645 584 557 373 556 554 434 560 521 595 574 112 567 491 542 572 548 584 560 643 543 334 486 520 438 620 605 357 654 560 542
569 588 0 341 137 507 574 313 572 210 634 294 104 241 614 82 290 722 213 301 596 247 299 368 231 234 365 509 372 596 105 253 532 642 393 215 648 226 660 238 334 704 472 561 595 708 228 145 270 164 204 703
644 583 341 0 295 582 604 345 647 454 641 369 347 272 689 290 321 798 471 381 671 327 141 303 306 137 300 584 306 671 348 156 607 717 174 224 723 188 735 200 366 779 547 636 671 783 260 287 345 408 241 778
594 613 137 295 0 532 599 204 597 228 659 319 131 131 639 186 180 748 204 192 622 137 253 259 256 188 256 534 262 621 116 207 557 667 347 106 673 152 685 139 225 729 498 586 621 733 119 97 295 184 95 729
376 163 507 582 532 0 112 624 83 619 148 239 513 552 421 456 601 386 686 619 403 564 540 613 292 475 610 316 616 403 514 494 70 449 547 462 455 467 467 479 645 476 217 368 403 372 539 524 270 573 479 476
443 76 574 587 599 112 0 643 123 686 86 306 580 619 488 523 667 426 753 685 470 631 605 578 359 542 576 383 582 470 581 560 82 516 513 528 522 534 534 546 664 516 284 435 470 411 606 591 337 640 545 515
686 639 313 345 204 624 660 0 689 403 697 411 307 166 731 332 215 840 380 290 713 236 302 161 348 238 159 626 165 713 291 256 649 759 293 204 765 187 777 174 119 821 589 678 713 825 133 196 387 360 193 820
441 150 572 647 597 83 123 689 0 684 127 304 578 617 486 521 666 318 751 684 468 629 605 652 357 540 650 381 656 468 579 559 135 514 587 527 509 532 492 544 710 408 282 393 427 303 604 589 335 638 544 408
681 700 210 454 228 619 686 403 684 0 746 406 216 331 726 195 380 835 190 391 709 337 411 458 343 346 456 621 462 708 215 365 644 754 505 305 760 338 772 339 425 816 585 673 708 820 319 235 382 77 294 816
503 113 634 623 659 148 86 679 127 746 0 367 640 679 548 583 728 430 813 746 531 691 642 615 419 602 612 443 618 530 641 621 122 576 549 589 582 594 594 606 701 520 344 495 530 415 667 651 398 701 606 519
301 357 294 369 319 239 306 411 304 406 367 0 300 338 346 243 387 455 473 405 329 351 327 466 79 262 463 241 469 328 301 280 264 374 421 248 380 254 392 266 432 436 205 294 328 440 326 311 63 360 265 436
575 594 104 347 131 513 580 307 578 216 640 300 0 235 620 88 284 729 207 295 602 241 305 362 237 240 359 515 366 602 111 259 538 648 399 209 654 232 666 243 328 710 478 567 602 714 222 139 276 170 198 710
613 633 241 272 131 552 619 166 617 331 679 338 235 0 659 260 119 767 307 218 641 163 230 221 276 165 219 554 225 641 219 184 577 687 324 132 692 114 704 102 188 749 517 606 640 752 82 123 314 287 121 748
139 539 614 689 639 421 488 731 486 726 548 346 620 659 0 563 708 478 793 726 166 671 647 786 399 582 783 133 790 285 621 601 446 212 741 569 337 574 349 586 752 439 387 296 330 464 646 631 377 680 586 438
518 537 82 290 186 456 523 332 521 195 583 243 88 260 563 0 309 671 262 327 545 272 248 387 180 183 384 458 391 545 89 202 481 591 342 170 597 175 609 187 354 653 421 510 544 657 248 194 219 149 187 652
662 682 290 321 180 601 667 215 666 380 728 387 284 119 708 309 0 816 356 267 690 212 279 270 325 214 268 603 274 690 268 233 626 735 373 181 741 163 753 151 237 798 566 655 689 801 131 172 363 336 170 797
433 453 722 798 748 386 426 840 318 835 430 455 729 767 478 671 816 0 902 834 461 780 755 894 507 690 892 373 898 320 730 709 438 423 849 677 275 682 258 694 861 138 432 275 254 68 755 739 486 789 694 130
748 767 213 471 204 686 753 380 751 190 813 473 207 307 793 262 356 902 0 367 776 313 428 434 410 364 432 688 438 775 191 382 711 821 522 281 827 327 839 315 401 883 652 741 775 887 295 211 449 146 271 883
680 699 301 381 192 619 685 290 684 391 746 405 295 218 726 327 239 834 367 0 708 75 339 345 343 274 343 620 349 708 279 293 643 753 433 192 759 238 771 226 312 816 584 673 707 819 206 184 381 348 181 815
62 521 596 671 622 403 470 713 468 709 531 329 602 641 166 545 690 461 776 708 0 653 629 768 381 564 766 116 772 215 603 583 428 75 723 551 231 556 243 568 735 370 369 278 307 446 629 613 360 663 568 370
626 645 247 327 137 564 631 236 629 337 691 351 241 163 671 272 212 780 313 75 653 0 285 291 288 220 288 566 294 653 225 238 589 699 379 138 705 184 717 171 257 761 529 618 653 765 151 129 327 293 127 761
602 601 299 141 253 540 607 302 605 411 659 327 305 230 647 248 279 755 428 339 629 285 0 322 264 94 319 542 325 629 306 114 565 675 193 182 681 145 692 157 324 737 505 594 628 741 218 245 303 365 199 736
741 574 368 303 259 630 596 161 670 458 632 466 362 221 786 387 270 894 434 345 768 291 322 0 403 292 94 681 100 768 346 311 600 814 229 259 820 241 832 229 183 876 644 733 767 880 188 250 442 415 248 875
354 373 231 306 256 292 359 348 357 343 419 79 237 276 399 180 325 507 410 343 381 288 264 403 0 199 400 294 407 381 238 218 317 427 358 186 433 191 444 203 369 489 257 346 380 493 263 248 55 297 203 488
537 556 234 137 188 475 542 238 540 346 602 262 240 165 582 183 214 690 364 274 564 220 94 292 199 0 290 477 296 564 241 49 500 610 188 117 616 80 628 92 259 672 440 529 563 676 153 180 238 301 134 671
738 572 365 300 256 627 593 159 667 456 630 463 359 219 783 384 268 892 432 343 766 288 319 94 400 290 0 678 98 765 344 309 598 811 226 256 817 239 829 227 180 873 642 731 765 877 185 248 439 412 246 873
88 434 509 584 534 316 383 626 381 621 443 241 515 554 133 458 603 373 688 620 116 566 542 681 294 477 678 0 684 180 516 495 341 161 636 463 232 469 244 481 647 334 281 191 225 358 541 526 272 575 481 333
744 578 372 306 262 634 599 165 673 462 636 469 366 225 790 391 274 898 438 349 772 294 325 100 407 296 98 684 0 772 350 315 604 817 233 263 823 245 835 233 186 880 648 737 771 883 191 254 445 418 252 879
240 521 596 671 621 403 470 713 468 708 530 328 602 641 285 545 690 320 775 708 215 653 629 768 381 564 765 180 772 0 603 583 428 168 723 551 82 556 94 568 734 221 368 193 158 336 628 613 359 662 568 220
576 595 105 348 116 514 581 291 579 215 641 301 111 219 621 89 268 730 191 279 603 225 306 346 238 241 344 516 350 603 0 260 539 649 400 193 655 233 667 227 313 711 479 568 603 715 207 123 277 171 183 710
555 574 253 156 207 494 560 256 559 365 621 280 259 184 601 202 233 709 382 293 583 238 114 311 218 49 309 495 315 583 260 0 518 628 207 136 634 99 646 111 278 691 459 548 582 694 172 198 256 319 153 690
401 112 532 591 557 70 82 647 135 644 122 264 538 577 446 481 626 438 711 643 428 589 565 583 317 500 581 341 587 428 539 518 0 474 518 486 480 492 492 504 669 528 242 393 428 423 564 549 295 598 503 527
103 567 642 717 667 449 516 759 514 754 576 374 648 687 212 591 735 423 821 753 75 699 675 814 427 610 811 161 817 168 649 628 474 0 769 596 185 602 197 614 780 324 414 295 260 438 674 659 405 708 613 323
696 509 393 174 347 564 530 293 604 505 567 421 399 324 741 342 373 849 522 433 723 379 193 229 358 188 226 636 233 723 400 207 535 769 0 276 774 239 786 251 315 831 599 688 722 834 312 338 396 459 293 830
523 542 215 224 106 462 528 204 527 305 589 248 209 132 569 170 181 677 281 192 551 138 182 259 186 117 256 463 263 551 193 136 486 596 276 0 602 109 614 121 226 659 427 516 550 662 120 97 224 262 58 658
259 572 648 723 673 455 522 765 509 760 582 380 654 692 337 597 741 275 827 759 231 705 681 820 433 616 817 232 823 82 655 634 480 185 774 602 0 608 49 620 786 176 420 148 113 291 680 665 411 714 619 175
529 548 226 188 152 467 534 187 532 338 594 254 232 114 574 175 163 682 327 238 556 184 145 241 191 80 239 469 245 556 233 99 492 602 239 109 608 0 620 56 208 664 432 521 555 668 102 143 230 293 126 663
271 584 660 735 685 467 534 777 492 772 594 392 666 704 349 609 753 258 839 771 243 717 692 832 444 628 829 244 835 94 667 646 492 197 786 614 49 620 0 632 798 159 432 131 96 274 692 677 423 726 631 159
541 560 238 200 139 479 546 174 544 339 606 266 243 102 586 187 151 694 315 226 568 171 157 229 203 92 227 481 233 568 227 111 504 614 251 121 620 56 632 0 196 676 444 533 567 680 90 131 242 295 129 675
707 660 334 366 225 645 681 119 710 425 718 432 328 188 752 354 237 861 401 312 735 257 324 183 369 259 180 647 186 734 313 278 670 780 315 226 786 208 798 196 0 843 611 700 734 846 154 217 408 381 215 842
394 543 704 779 729 476 516 821 408 816 520 436 710 749 439 653 798 138 883 816 370 761 737 876 489 672 873 334 880 221 711 691 528 324 831 659 176 664 159 676 843 0 477 190 155 154 737 721 467 771 676 54
341 334 472 547 498 217 284 589 282 585 344 205 478 517 387 421 566 432 652 584 369 529 505 644 257 440 642 281 648 368 479 459 242 414 599 427 420 432 432 444 611 477 0 334 368 418 505 489 236 539 444 476
251 486 561 636 586 368 435 678 393 673 495 294 567 606 296 510 655 275 741 673 278 618 594 733 346 529 731 191 737 193 568 548 393 295 688 516 148 521 131 533 700 190 334 0 66 261 594 578 325 628 533 189
285 520 595 671 621 403 470 713 427 708 530 328 602 640 330 544 689 254 775 707 307 653 628 767 380 563 765 225 771 158 603 582 428 260 722 550 113 555 96 567 734 155 368 66 0 270 628 612 359 662 567 154
418 438 708 783 733 372 411 825 303 820 415 440 714 752 464 657 801 68 887 819 446 765 741 880 493 676 877 358 883 336 715 694 423 438 834 662 291 668 274 680 846 154 418 261 270 0 740 725 471 774 679 146
601 620 228 260 119 539 606 133 604 319 667 326 222 82 646 248 131 755 295 206 629 151 218 188 263 153 185 541 191 628 207 172 564 674 312 120 680 102 692 90 154 737 505 594 628 740 0 111 302 275 109 736
586 605 145 287 97 524 591 196 589 235 651 311 139 123 631 194 172 739 211 184 613 129 245 250 248 180 248 526 254 613 123 198 549 659 338 97 665 143 677 131 217 721 489 578 612 725 111 0 287 191 87 720
332 357 270 345 295 270 337 387 335 382 398 63 276 314 377 219 363 486 449 381 360 327 303 442 55 238 439 272 445 359 277 256 295 405 396 224 411 230 423 242 408 467 236 325 359 471 302 287 0 336 241 467
635 654 164 408 184 573 640 360 638 77 701 360 170 287 680 149 336 789 146 348 663 293 365 415 297 301 412 575 418 662 171 319 598 708 459 262 714 293 726 295 381 771 539 628 662 774 275 191 336 0 251 770
540 560 204 241 95 479 545 193 544 294 606 265 198 121 586 187 170 694 271 181 568 127 199 248 203 134 246 481 252 568 183 153 503 613 293 58 619 126 631 129 215 676 444 533 567 679 109 87 241 251 0 675
393 542 703 778 729 476 515 820 408 816 519 436 710 748 438 652 797 130 883 815 370 761 736 875 488 671 873 333 879 220 710 690 527 323 830 658 175 663 159 675 842 54 476 189 154 146 736 720 467 770 675 0
EOF