NAME : tsp_problem
TYPE : TSP
DIMENSION : 58
EDGE_WEIGHT_TYPE : EXPLICIT
EDGE_WEIGHT_FORMAT : FULL_MATRIX
EDGE_WEIGHT_SECTION
0 526 623 101 101 551 662 136 605 345 638 110 628 149 518 489 526 483 582 511 491 417 543 509 569 410 495 584 560 466 420 611 494 109 98 188 562 525 387 146 194 587 568 702 480 320 211 555 587 518 511 432 540 557 669 442 550 552
526 0 251 519 500 700 306 555 754 494 267 583 230 622 667 133 231 632 275 660 648 566 700 45 718 559 644 186 204 615 569 327 643 531 571 432 310 172 636 564 458 189 316 368 629 586 549 303 302 223 320 627 245 706 335 591 266 196
640 251 0 643 596 823 296 678 878 617 110 706 205 690 790 194 314 755 265 784 771 689 823 234 841 682 768 105 193 738 693 346 767 588 646 556 153 295 759 687 581 164 159 358 753 709 673 146 392 306 163 750 329 830 325 714 109 186
101 519 643 0 173 544 655 92 598 338 658 158 621 162 511 482 599 476 575 505 447 410 499 502 562 403 489 577 553 459 414 604 488 181 146 261 635 563 343 102 188 580 641 695 474 276 167 628 580 591 584 388 613 550 662 435 622 545
101 500 579 173 0 623 636 200 677 417 595 182 602 167 590 463 482 555 555 583 554 489 606 483 641 482 567 558 533 538 492 585 566 65 123 121 518 481 451 209 266 561 524 676 552 383 274 511 560 474 468 495 497 629 643 514 506 526
551 700 823 544 623 0 836 579 85 339 839 607 802 646 93 662 803 222 755 358 423 153 413 683 62 239 175 758 733 116 250 785 322 631 595 656 881 743 481 589 483 761 888 876 327 537 574 875 760 794 892 472 817 51 843 231 837 725
662 306 296 655 636 836 0 690 890 630 312 719 215 758 803 200 409 768 271 796 784 702 836 289 854 695 780 231 200 750 705 352 779 667 707 568 355 350 772 700 594 234 361 364 765 721 685 348 399 401 365 763 423 842 331 727 311 135
136 555 678 92 200 579 690 0 634 373 693 193 657 122 546 517 609 511 610 437 369 445 421 537 597 438 524 612 588 494 449 639 492 172 110 287 645 598 266 37 169 615 651 731 478 198 89 638 615 601 594 310 623 586 697 470 632 580
605 754 878 598 677 85 890 634 0 347 893 662 856 701 148 717 857 197 810 333 397 207 388 737 89 238 150 812 788 171 225 839 297 685 650 711 936 798 489 643 537 815 942 930 302 546 628 929 815 849 946 480 871 79 897 206 892 780
345 494 617 338 417 339 630 373 347 0 633 401 596 441 306 457 597 201 549 192 179 205 231 477 357 198 277 552 527 254 209 579 175 425 389 451 676 538 167 382 277 555 682 670 161 224 327 669 554 589 686 158 611 346 637 230 632 520
656 267 110 658 612 839 312 693 893 633 0 722 221 706 806 210 330 771 280 799 787 705 839 250 857 698 783 121 209 753 708 362 782 604 661 571 168 310 775 703 597 180 174 373 768 724 688 161 408 322 178 766 344 845 340 730 124 202
110 583 704 158 182 607 719 193 662 401 720 0 685 206 574 545 608 539 638 568 547 474 599 566 625 466 552 641 616 522 477 668 551 190 155 270 644 607 444 202 251 644 650 759 537 376 267 637 643 600 593 488 622 614 726 498 631 608
628 230 205 621 602 802 275 657 856 596 221 685 0 724 769 173 333 734 243 762 750 668 802 213 820 661 746 140 172 717 671 325 745 633 673 534 264 274 738 666 560 97 270 337 731 688 651 257 371 325 274 729 347 808 303 693 220 165
149 622 673 162 167 646 758 122 701 441 689 206 724 0 613 585 576 578 677 543 476 513 528 605 665 506 591 680 655 561 516 707 590 140 77 255 612 575 372 131 276 683 618 798 576 305 196 605 682 568 562 417 591 653 765 537 600 648
518 667 790 511 590 93 803 546 148 306 806 574 769 613 0 630 770 284 722 420 460 120 476 650 111 206 238 725 700 83 217 752 384 598 562 624 849 711 448 556 450 728 855 843 389 505 541 842 727 762 859 439 784 100 810 238 805 693
489 133 194 482 463 662 200 517 717 457 210 545 173 585 630 0 236 595 169 623 611 529 663 116 681 522 607 129 97 577 532 250 606 494 534 395 252 177 599 527 421 132 259 262 592 548 512 246 265 228 263 590 250 669 229 554 208 90
543 231 314 616 500 803 409 626 857 597 330 625 333 594 770 236 0 735 377 763 751 669 803 214 821 662 747 289 306 717 672 430 746 491 549 535 254 90 739 636 561 292 260 471 732 689 652 247 405 70 203 730 49 809 437 694 241 299
483 632 755 476 555 222 768 511 197 201 771 539 734 578 284 595 735 0 687 187 251 288 242 615 254 214 126 690 665 307 201 717 150 563 527 589 814 675 343 521 415 693 820 808 156 399 503 807 692 727 824 334 749 215 775 182 770 658
582 275 265 575 555 755 271 610 810 549 280 638 243 677 722 169 377 687 0 716 703 621 755 257 773 614 700 199 113 670 625 143 699 586 626 488 323 318 691 619 514 202 329 155 685 641 605 316 189 369 333 682 392 762 122 646 279 161
511 660 784 505 583 358 796 437 333 192 799 568 762 543 420 623 763 187 716 0 96 372 87 643 390 350 263 718 694 420 337 745 107 591 531 617 842 704 219 435 386 721 848 836 80 276 379 835 721 755 852 210 777 351 803 318 798 686
491 648 771 447 554 423 784 369 397 179 787 547 750 476 460 611 751 251 703 96 0 359 80 631 454 352 327 706 681 408 362 733 171 526 464 605 830 691 152 367 318 709 836 824 145 208 311 823 708 743 840 143 765 416 791 383 785 673
417 566 689 410 489 153 702 445 207 205 705 474 668 513 120 529 669 288 621 372 359 0 411 549 171 106 191 624 599 68 116 651 355 497 462 523 748 610 347 455 349 627 754 742 341 404 440 741 626 661 758 339 683 159 709 138 704 592
543 700 823 499 606 413 836 421 388 231 839 599 802 528 476 663 803 242 755 87 80 411 0 683 445 404 318 758 733 460 392 785 162 579 516 657 882 743 204 419 370 761 888 876 135 260 363 875 760 795 892 195 817 407 843 373 838 726
509 45 234 502 483 683 289 537 737 477 250 566 213 605 650 116 214 615 257 643 631 549 683 0 701 542 627 169 186 597 552 310 626 514 554 415 293 155 619 547 441 172 299 351 612 569 532 286 285 206 303 610 228 689 318 574 249 179
569 718 841 562 641 62 854 597 89 357 857 625 820 665 111 681 821 254 773 390 454 171 445 701 0 257 207 776 751 135 268 803 354 649 613 675 900 762 499 607 501 779 906 894 359 556 592 893 778 813 910 490 835 69 861 262 856 744
410 559 682 403 482 239 695 438 238 198 698 466 661 506 206 522 662 214 614 350 352 106 404 542 257 0 117 617 592 154 75 644 314 490 454 516 741 603 340 448 342 620 747 735 319 397 433 734 619 654 751 331 676 246 702 63 697 585
495 644 768 489 567 175 780 524 150 277 783 552 746 591 238 607 747 126 700 263 327 191 318 627 207 117 0 702 678 239 104 729 226 575 540 601 826 688 419 533 427 705 832 820 232 475 518 819 705 739 836 410 761 169 787 85 782 670
584 186 105 577 558 758 231 612 812 552 121 641 140 680 725 129 289 690 199 718 706 624 758 169 776 617 702 0 128 672 627 281 701 589 629 490 163 229 694 622 516 99 170 292 687 644 607 157 327 281 174 685 303 764 259 649 119 121
560 204 193 553 533 733 200 588 788 527 209 616 172 655 700 97 306 665 113 694 681 599 733 186 751 592 678 128 0 648 603 194 677 564 604 466 252 247 669 597 491 131 258 206 663 619 583 245 240 298 262 660 321 740 173 624 208 89
466 615 738 459 538 116 750 494 171 254 753 522 717 561 83 577 717 307 670 420 408 68 460 597 135 154 239 672 648 0 164 699 403 546 510 571 796 658 396 503 397 675 802 791 389 452 489 789 675 709 807 387 732 123 757 186 752 640
420 569 693 414 492 250 705 449 225 209 708 477 671 516 217 532 672 201 625 337 362 116 392 552 268 75 104 627 603 164 0 654 301 500 465 526 751 613 351 458 352 630 757 745 306 407 443 744 630 664 761 342 686 243 712 50 707 595
611 327 346 604 585 785 352 639 839 579 362 668 325 707 752 250 430 717 143 745 733 651 785 310 803 644 729 281 194 699 654 0 728 616 656 517 404 370 721 649 543 284 411 123 714 671 634 398 76 421 415 712 444 791 90 676 360 242
494 643 767 488 566 322 779 492 297 175 782 551 745 590 384 606 746 150 699 107 171 355 162 626 354 314 226 701 677 403 301 728 0 575 539 600 825 687 275 490 426 704 831 819 76 331 434 818 704 738 835 266 760 315 786 282 781 669
109 531 571 181 65 631 667 172 685 425 586 190 633 140 598 494 474 563 586 591 526 497 579 514 649 490 575 582 564 546 500 616 575 0 95 153 510 473 423 182 275 592 516 707 561 356 246 503 591 466 459 467 488 637 674 522 497 557
98 571 628 146 123 595 707 110 650 389 644 155 673 77 562 534 532 527 626 531 464 462 516 554 613 454 540 629 604 510 465 656 539 95 0 210 568 530 360 119 239 632 574 747 525 293 184 561 631 523 517 405 546 602 714 486 555 596
188 432 556 261 121 656 568 287 711 451 571 270 534 255 624 395 535 589 488 617 605 523 657 415 675 516 601 490 466 571 526 517 600 153 210 0 606 476 538 297 354 493 612 608 586 471 362 599 493 527 555 583 549 663 575 548 570 458
579 310 153 652 536 881 355 662 936 676 168 661 264 630 849 252 254 814 323 842 830 748 882 293 900 741 826 163 252 796 751 404 825 527 585 614 0 252 818 672 640 223 98 416 811 767 731 85 451 245 102 809 268 888 383 773 79 244
542 172 295 563 499 743 350 598 798 538 310 624 274 593 711 177 90 675 318 704 691 610 743 155 762 603 688 229 247 658 613 370 687 490 548 476 252 0 680 608 502 233 258 411 673 629 593 245 346 81 202 671 104 750 378 634 240 240
387 636 759 343 451 481 772 266 489 167 775 444 738 372 448 599 739 343 691 219 152 347 204 619 499 340 419 694 669 396 351 721 275 423 360 538 818 680 0 263 215 697 824 812 261 105 208 811 696 731 828 93 753 488 779 372 774 662
146 564 687 102 209 589 700 37 643 382 703 202 666 131 556 527 618 521 619 435 367 455 419 547 607 448 533 622 597 503 458 649 490 182 119 297 654 608 263 0 167 625 660 740 476 196 87 648 624 610 604 308 633 595 707 480 642 590
194 458 581 188 266 483 594 169 537 277 597 251 560 276 450 421 561 415 514 386 318 349 370 441 501 342 427 516 491 397 352 543 426 275 239 354 640 502 215 167 0 519 646 634 412 148 111 633 518 553 650 259 575 489 601 374 596 484
587 189 164 580 561 761 234 615 815 555 180 644 97 683 728 132 292 693 202 721 709 627 761 172 779 620 705 99 131 675 630 284 704 592 632 493 223 233 697 625 519 0 229 295 690 647 610 216 330 284 233 688 306 767 262 652 179 124
585 316 159 658 542 888 361 668 942 682 174 667 270 636 855 259 260 820 329 848 836 754 888 299 906 747 832 170 258 802 757 411 831 533 591 620 98 258 824 678 646 229 0 422 817 773 737 91 457 252 108 815 274 894 389 779 85 251
702 368 358 695 676 876 364 731 930 670 373 759 337 798 843 262 471 808 155 836 824 742 876 351 894 735 820 292 206 791 745 123 819 707 747 608 416 411 812 740 634 295 422 0 805 762 725 409 169 462 427 803 485 882 102 767 372 254
480 629 753 474 552 327 765 478 302 161 768 537 731 576 389 592 732 156 685 80 145 341 135 612 359 319 232 687 663 389 306 714 76 561 525 586 811 673 261 476 412 690 817 805 0 317 420 804 690 724 821 252 746 320 772 287 767 655
320 586 709 276 383 537 721 198 546 224 724 376 688 305 505 548 689 399 641 276 208 404 260 569 556 397 475 644 619 452 407 671 331 356 293 471 767 629 105 196 148 647 773 762 317 0 141 760 646 680 777 149 703 544 729 428 723 611
211 549 673 167 274 574 685 89 628 327 688 267 651 196 541 512 652 503 605 379 311 440 363 532 592 433 518 607 583 489 443 634 434 246 184 362 719 593 208 87 111 610 725 725 420 141 0 712 610 644 668 252 666 580 692 465 687 575
572 303 146 645 529 875 348 655 929 669 161 654 257 623 842 246 247 807 316 835 823 741 875 286 893 734 819 157 245 789 744 398 818 520 578 607 85 245 811 665 633 216 91 409 804 760 724 0 444 239 95 802 261 881 376 766 72 238
587 302 392 580 560 760 399 615 815 554 408 643 371 682 727 265 405 692 189 721 708 626 760 285 778 619 705 327 240 675 630 76 704 591 631 493 451 346 696 624 518 330 457 169 690 646 610 444 0 397 461 687 419 767 136 651 407 288
535 223 306 608 492 794 401 618 849 589 322 617 325 586 762 228 70 727 369 755 743 661 795 206 813 654 739 281 298 709 664 421 738 483 541 527 245 81 731 628 553 284 252 462 724 680 644 239 397 0 195 722 62 801 429 686 233 291
529 320 163 601 485 892 365 611 946 686 178 610 274 579 859 263 203 824 333 852 840 758 892 303 910 751 836 174 262 807 761 415 835 476 534 573 102 202 828 621 650 233 108 427 821 778 685 95 461 195 0 819 217 898 393 783 90 255
432 627 750 388 495 472 763 310 480 158 766 488 729 417 439 590 730 334 682 210 143 339 195 610 490 331 410 685 660 387 342 712 266 467 405 583 809 671 93 308 259 688 815 803 252 149 252 802 687 722 819 0 744 479 770 363 765 653
558 245 329 630 514 817 423 640 871 611 344 639 347 608 784 250 49 749 392 777 765 683 817 228 835 676 761 303 321 732 686 444 760 506 563 549 268 104 753 650 575 306 274 485 746 703 666 261 419 62 217 744 0 823 452 708 255 313
557 706 830 550 629 51 842 586 79 346 845 614 808 653 100 669 809 215 762 351 416 159 407 689 69 246 169 764 740 123 243 791 315 637 602 663 888 750 488 595 489 767 894 882 320 544 580 881 767 801 898 479 823 0 849 224 844 732
669 335 325 662 643 843 331 697 897 637 340 726 303 765 810 229 437 775 122 803 791 709 843 318 861 702 787 259 173 757 712 90 786 674 714 575 383 378 779 707 601 262 389 102 772 729 692 376 136 429 393 770 452 849 0 734 339 221
442 591 714 435 514 231 727 470 206 230 730 498 693 537 238 554 694 182 646 318 383 138 373 574 262 63 85 649 624 186 50 676 282 522 486 548 773 634 372 480 374 652 779 767 287 428 465 766 651 686 783 363 708 224 734 0 729 617
567 266 109 640 523 837 311 650 892 632 124 649 220 617 805 208 241 770 279 798 785 704 838 249 856 697 782 119 208 752 707 360 781 515 572 570 79 240 774 659 596 179 85 372 767 723 687 72 407 233 90 765 255 844 339 729 0 200
552 196 186 545 526 725 135 580 780 520 202 608 165 648 693 90 299 658 161 686 673 592 726 179 744 585 670 121 89 640 595 242 669 557 596 458 244 240 662 590 484 124 251 254 655 611 575 238 288 291 255 653 313 732 221 617 200 0
EOF