NAME : tsp_problem
TYPE : TSP
DIMENSION : 42
EDGE_WEIGHT_TYPE : EXPLICIT
EDGE_WEIGHT_FORMAT : FULL_MATRIX
EDGE_WEIGHT_SECTION
0 739 732 197 314 741 714 560 360 363 146 152 436 674 83 605 772 830 910 253 467 808 696 466 290 765 741 406 906 758 408 340 391 348 944 711 722 772 101 833 793 794
739 0 427 717 533 459 253 478 696 565 667 607 771 393 778 523 311 205 202 535 669 302 73 717 556 304 280 741 446 297 610 542 593 684 237 59 441 147 712 372 332 513
732 427 0 710 526 336 201 472 689 558 660 600 764 131 771 445 155 486 598 528 663 376 384 688 549 148 279 734 235 164 603 535 586 677 586 399 115 460 705 244 203 279
197 717 710 0 359 719 692 538 429 391 74 221 505 653 236 583 750 809 888 322 495 786 675 535 359 743 719 475 885 736 436 368 419 417 923 689 700 750 170 811 771 773
314 533 526 359 0 534 507 354 192 93 309 226 268 468 353 399 565 624 704 105 197 602 490 245 55 559 535 238 700 552 138 70 121 180 738 505 516 566 287 627 587 588
741 459 336 719 534 0 434 284 696 567 668 608 652 280 780 255 456 550 630 536 593 528 416 514 558 450 461 622 537 465 592 543 594 683 664 431 252 492 713 545 504 191
714 253 201 692 507 434 0 453 670 540 641 581 746 298 753 498 85 311 424 510 644 201 210 692 531 78 105 716 220 71 585 516 567 658 412 225 282 286 686 146 106 446
560 478 472 538 354 284 453 0 517 386 488 428 592 414 599 83 511 570 650 356 491 547 436 520 377 504 481 562 646 498 431 363 414 505 684 451 390 512 533 572 532 284
360 696 689 429 192 697 670 517 0 256 379 272 182 631 400 562 728 787 867 194 320 765 653 212 168 721 698 152 863 715 301 233 284 94 901 668 679 729 333 790 749 697
363 565 558 391 93 567 540 386 256 0 341 275 331 501 402 431 598 657 736 138 171 634 523 219 117 591 567 302 733 584 112 51 63 244 771 537 548 598 336 659 619 621
146 667 660 74 309 668 641 488 379 341 0 171 454 602 185 533 699 758 838 271 445 736 624 485 308 692 669 424 834 686 386 317 369 367 872 639 650 700 119 761 720 722
152 607 600 221 226 608 581 428 272 275 171 0 347 542 192 473 639 698 778 164 379 676 564 378 201 632 609 317 774 626 319 251 302 260 812 579 589 640 125 700 660 662
436 771 764 505 268 669 746 592 182 331 454 347 0 706 475 637 803 862 942 270 276 840 728 168 243 797 773 108 938 790 275 308 359 169 976 743 754 804 408 865 825 653
674 393 131 653 468 280 298 414 631 501 602 542 706 0 714 398 251 484 564 470 605 462 350 653 492 245 375 677 332 260 545 477 528 619 598 365 120 426 647 340 299 285
83 778 771 236 353 780 753 599 400 402 185 192 475 714 0 644 811 870 949 292 506 847 736 505 329 804 780 445 946 797 447 379 430 387 984 750 761 811 117 872 832 834
605 523 445 583 399 255 498 83 562 431 533 473 629 398 644 0 556 615 694 401 535 592 481 491 422 549 525 599 646 542 476 408 459 549 729 495 362 556 578 617 577 255
772 311 155 750 565 456 85 511 728 598 699 639 803 251 811 556 0 369 482 567 702 259 268 750 589 59 163 774 201 52 643 574 625 716 469 283 236 344 744 127 87 400
830 205 486 809 624 550 311 570 787 657 758 698 862 484 870 615 369 0 214 626 761 158 165 809 648 362 249 833 339 356 701 633 684 775 155 177 532 86 803 300 340 604
910 202 598 888 704 630 424 650 867 736 838 778 942 564 949 694 482 214 0 706 840 318 244 888 727 475 408 912 499 468 781 713 764 855 126 230 612 270 883 459 499 684
253 535 528 322 105 536 510 356 194 138 271 164 270 470 292 401 567 626 706 0 242 604 492 290 124 561 537 240 702 554 182 114 165 182 740 507 518 568 225 629 589 590
467 669 663 495 197 610 644 491 320 171 445 379 276 605 506 535 702 761 840 242 0 738 627 139 221 695 671 247 837 688 90 155 199 308 875 641 652 703 440 763 723 594
808 302 376 786 602 528 201 547 765 634 736 676 840 462 847 592 259 158 318 604 738 0 259 786 625 252 127 810 218 246 679 611 662 752 259 274 456 215 781 178 219 582
696 73 384 675 490 416 210 436 653 523 624 564 728 350 736 481 268 165 244 492 627 259 0 675 514 261 238 699 403 255 567 499 550 641 279 45 398 107 669 329 289 470
466 717 705 535 245 532 692 537 212 219 485 378 168 653 505 509 750 809 888 290 139 786 675 0 269 743 719 138 885 736 138 203 247 200 923 689 621 751 439 811 771 515
290 556 549 359 55 558 531 377 168 117 308 201 243 492 329 422 589 648 727 124 221 625 514 269 0 582 558 214 724 575 161 93 144 156 762 528 539 590 263 650 610 612
765 304 148 743 559 450 78 504 721 591 692 632 797 245 804 549 59 362 475 561 695 252 261 743 582 0 156 767 194 45 636 567 619 709 463 276 229 337 737 120 80 393
741 280 279 719 535 461 105 481 698 567 669 609 773 375 780 525 163 249 408 537 671 127 238 719 558 156 0 743 212 149 612 544 595 686 349 252 359 305 714 172 184 515
406 741 734 475 238 639 716 562 152 302 424 317 108 677 445 607 774 833 912 240 247 810 699 138 214 767 743 0 909 760 245 278 329 139 947 713 724 774 379 835 795 623
906 446 235 885 700 537 220 646 863 733 834 774 938 332 946 646 201 339 499 702 837 218 403 885 724 194 212 909 0 187 777 709 760 851 440 418 316 396 879 99 140 480
758 297 164 736 552 465 71 498 715 584 686 626 790 260 797 542 52 356 468 554 688 246 255 736 575 45 149 760 187 0 629 561 612 703 456 269 244 331 731 114 73 408
408 610 603 436 138 609 585 431 301 112 386 319 275 545 447 476 643 701 781 182 90 679 567 138 161 636 612 245 777 629 0 96 140 289 815 582 593 643 381 704 664 593
340 542 535 368 70 543 516 363 233 51 317 251 308 477 379 408 574 633 713 114 155 611 499 203 93 567 544 278 709 561 96 0 79 221 747 514 525 575 313 636 596 597
391 593 586 419 121 594 567 414 284 63 369 302 359 528 430 459 625 684 764 165 199 662 550 247 144 619 595 329 760 612 140 79 0 272 798 565 576 626 364 687 647 648
348 684 677 417 180 685 658 505 94 244 367 260 169 619 387 549 716 775 855 182 308 752 641 200 156 709 686 139 851 703 289 221 272 0 889 656 666 717 321 777 737 684
944 237 586 923 738 664 412 684 901 771 872 812 976 598 984 729 469 155 126 740 875 259 279 923 762 463 349 947 440 456 815 747 798 889 0 264 646 211 917 400 440 718
711 59 399 689 505 431 225 451 668 537 639 579 743 365 750 495 283 177 230 507 641 274 45 689 528 276 252 713 418 269 582 514 565 656 264 0 413 119 684 344 304 485
722 441 115 700 516 252 282 390 679 548 650 589 742 120 761 362 236 532 612 518 652 456 398 604 539 229 359 712 316 244 593 525 576 666 646 413 0 474 695 324 284 196
772 147 460 750 566 492 286 512 729 598 700 640 804 426 811 556 344 86 270 568 703 215 107 751 590 337 305 774 396 331 643 575 626 717 211 119 474 0 745 356 365 546
101 712 705 170 287 713 686 533 333 336 119 125 408 647 117 578 744 803 883 225 440 781 669 439 263 737 714 379 879 731 381 313 364 321 917 684 695 745 0 806 765 767
833 372 244 811 627 545 146 572 790 659 761 700 865 340 872 617 127 300 459 629 763 178 329 811 650 120 172 835 99 114 704 636 687 777 400 344 324 356 806 0 66 488
793 332 203 771 587 504 106 532 749 619 720 660 825 299 832 577 87 340 499 589 723 219 289 771 610 80 184 795 140 73 664 596 647 737 440 304 284 365 765 66 0 448
794 513 279 773 588 191 446 284 679 621 722 662 635 285 834 255 400 604 684 590 576 582 470 498 612 393 515 605 480 408 575 597 648 667 718 485 196 546 767 488 448 0
EOF