NAME : tsp_problem
TYPE : TSP
DIMENSION : 68
EDGE_WEIGHT_TYPE : EXPLICIT
EDGE_WEIGHT_FORMAT : FULL_MATRIX
EDGE_WEIGHT_SECTION
0 594 709 712 616 533 852 636 221 222 653 261 566 632 727 746 603 504 520 248 165 688 109 554 321 681 313 146 240 429 421 263 760 685 762 749 813 617 211 530 653 346 299 228 293 312 795 741 743 744 293 712 713 607 586 69 646 473 158 185 740 245 712 758 730 604 729 549
594 0 351 305 258 147 321 145 720 619 162 744 209 141 287 215 105 218 217 645 562 198 675 196 770 323 460 711 612 577 369 660 270 195 271 258 282 223 641 641 252 493 671 600 440 685 298 250 252 254 714 271 272 110 143 610 289 421 530 582 243 787 221 318 199 229 238 83
709 351 0 120 123 248 631 350 835 733 368 859 223 347 555 525 360 333 348 760 677 300 790 185 884 66 575 826 726 578 483 775 176 297 254 191 591 445 755 549 481 608 786 714 555 799 552 191 236 184 828 540 541 364 415 724 92 535 644 697 497 901 323 587 508 433 193 305
712 305 120 0 127 251 585 290 838 736 307 862 226 286 550 479 314 336 352 763 680 210 793 188 888 92 578 829 729 517 486 778 86 207 164 101 545 448 759 489 484 611 789 717 558 802 506 101 146 94 831 535 536 318 407 727 96 537 648 700 451 905 234 582 462 436 103 291
616 258 123 127 0 155 538 258 742 640 275 766 130 254 462 432 267 240 256 667 584 306 697 92 791 95 482 733 633 584 390 682 182 303 260 197 498 352 662 555 388 515 693 621 462 706 459 197 242 190 735 447 448 271 322 631 61 442 551 604 404 808 330 494 415 340 199 213
533 147 248 251 155 0 427 132 659 558 149 683 106 128 380 321 156 157 173 584 501 184 614 93 709 220 399 650 551 516 308 599 257 182 258 245 387 270 580 580 306 432 610 539 379 624 348 237 239 241 653 365 366 160 239 549 186 360 469 521 293 726 208 411 304 257 225 130
852 321 631 585 538 427 0 425 978 877 442 1002 489 421 293 144 314 378 375 904 820 477 933 476 1028 603 718 969 870 835 627 919 549 474 551 538 79 267 899 899 297 751 929 858 698 943 577 530 532 533 972 316 257 292 300 868 569 679 788 840 522 1045 501 202 161 273 518 362
636 145 350 290 258 132 425 0 762 660 93 786 208 116 390 318 153 260 275 687 604 182 717 196 811 322 502 753 653 618 410 702 254 179 255 243 385 327 682 682 356 535 713 641 482 726 346 235 237 238 755 375 376 158 246 651 288 462 571 624 291 828 206 421 302 332 223 131
221 720 835 838 742 659 978 762 0 168 779 97 692 758 853 872 729 630 646 196 211 814 223 680 435 807 439 260 411 463 547 210 886 811 887 875 939 743 325 598 779 472 454 399 419 450 921 867 869 870 407 838 839 733 712 207 772 599 329 169 866 359 838 884 856 730 855 674
222 619 733 736 640 558 877 660 168 0 678 164 591 657 752 771 627 529 545 67 85 713 302 578 467 705 337 339 309 328 445 80 785 710 786 773 837 641 338 463 677 370 369 297 316 382 819 765 768 769 411 736 737 632 611 237 671 498 227 130 764 438 736 783 754 629 753 573
653 162 368 307 275 149 442 93 779 678 0 803 225 97 407 336 171 277 293 704 621 199 734 213 829 340 519 770 671 636 427 719 271 197 273 260 402 344 700 699 373 552 730 658 499 743 363 252 254 256 773 392 393 175 263 668 305 480 589 641 308 846 223 439 319 350 240 148
261 744 859 862 766 683 1002 786 97 164 803 0 716 782 877 896 753 654 670 192 210 838 263 704 475 831 463 300 435 431 571 206 910 835 912 899 963 767 365 567 803 496 494 423 419 490 945 891 893 894 446 862 863 757 736 247 796 623 353 209 890 399 862 908 880 754 879 699
566 209 223 226 130 106 489 208 692 591 225 716 0 204 413 382 217 190 206 618 534 261 647 68 742 195 432 683 584 549 341 633 281 258 334 297 449 303 613 613 339 465 643 572 412 657 409 296 316 290 686 398 399 222 272 582 160 393 502 554 354 759 284 444 366 290 298 163
632 141 347 286 254 128 421 116 758 657 97 782 204 0 386 315 150 256 272 683 600 178 713 192 808 319 498 749 650 615 406 698 250 175 252 239 381 323 679 678 352 531 709 637 478 722 342 231 233 234 751 371 372 154 242 647 284 459 568 620 287 825 202 418 298 329 219 127
727 287 555 550 462 380 293 390 853 752 407 877 413 386 0 225 280 253 249 778 695 443 808 401 903 527 593 844 745 710 501 793 515 440 516 503 253 140 774 773 169 626 804 732 573 817 543 495 497 499 847 126 66 257 264 742 493 554 663 715 488 920 466 111 208 146 483 328
746 215 525 479 432 321 144 318 872 771 336 896 382 315 225 0 208 272 268 797 714 371 827 370 922 497 612 863 764 729 521 812 443 368 444 432 104 161 793 793 190 645 823 752 592 837 471 423 426 427 866 209 209 185 194 762 462 573 682 734 416 939 394 154 70 167 412 256
603 105 360 314 267 156 314 153 729 627 171 753 217 150 280 208 0 214 210 654 571 206 684 205 778 332 469 720 620 585 377 669 278 203 279 267 275 216 649 649 245 502 680 608 449 693 306 258 261 262 722 264 265 118 136 618 297 429 538 591 251 795 229 311 192 222 247 91
504 218 333 336 240 157 378 260 630 529 277 654 190 256 253 272 214 0 97 555 472 312 585 178 680 305 370 621 522 487 279 570 384 309 386 373 339 143 551 551 179 403 581 510 350 595 419 365 367 368 624 238 239 191 112 520 270 331 440 492 364 697 336 284 256 130 353 173
520 217 348 352 256 173 375 275 646 545 293 670 206 272 249 268 210 97 0 571 488 328 601 194 696 321 386 637 538 503 295 586 400 325 401 389 335 139 567 567 175 419 597 526 366 611 435 381 383 384 640 234 235 188 108 535 286 347 456 508 380 713 352 281 252 126 369 188
248 645 760 763 667 584 904 687 196 67 704 192 618 683 778 797 654 555 571 0 111 739 329 605 494 732 364 366 336 361 472 108 812 737 813 800 864 668 365 496 704 397 395 324 344 409 846 792 794 796 438 763 764 658 637 264 698 524 254 156 791 465 763 810 781 655 780 600
165 562 677 680 584 501 820 604 211 85 621 210 534 600 695 714 571 472 488 111 0 656 246 522 411 649 281 283 253 379 389 126 728 653 730 717 781 585 282 498 621 314 312 241 261 326 763 709 711 712 355 680 681 575 554 180 614 441 171 73 708 381 680 726 698 572 697 516
688 198 300 210 306 184 477 182 814 713 199 838 261 178 443 371 206 312 328 739 656 0 769 248 864 272 554 805 706 671 463 754 174 99 176 163 438 379 735 668 408 587 765 694 534 779 398 155 157 158 808 427 428 210 299 704 275 515 624 676 343 881 106 474 355 385 143 183
109 675 790 793 697 614 933 717 223 302 734 263 647 713 808 827 684 585 601 329 246 769 0 635 246 762 394 71 274 510 502 344 841 766 842 830 894 698 136 611 734 427 265 262 374 261 876 822 824 825 217 793 794 688 667 95 727 554 239 216 821 170 793 839 811 685 810 629
554 196 185 188 92 93 476 196 680 578 213 704 68 192 401 370 205 178 194 605 522 248 635 0 729 157 420 671 571 537 328 620 243 245 322 259 436 290 601 600 326 453 631 559 400 644 397 258 303 252 673 385 386 209 260 569 122 380 489 542 342 746 272 432 353 278 260 151
321 770 884 888 791 709 1028 811 435 467 829 475 742 808 903 922 778 680 696 494 411 864 246 729 0 856 488 209 186 605 596 509 936 861 937 925 988 793 262 705 828 521 137 201 468 133 970 916 919 920 90 887 888 783 762 307 822 649 268 427 915 107 887 934 905 780 905 724
681 323 66 92 95 220 603 322 807 705 340 831 195 319 527 497 332 305 321 732 649 272 762 157 856 0 547 798 698 550 455 747 148 269 226 163 563 417 727 521 453 580 758 686 527 771 524 163 208 156 800 512 513 336 387 696 65 507 616 669 469 873 295 559 480 405 165 278
313 460 575 578 482 399 718 502 439 337 519 463 432 498 593 612 469 370 386 364 281 554 394 420 488 547 0 430 330 233 287 379 626 551 628 615 679 483 359 333 519 63 390 318 96 403 661 607 609 610 432 578 579 473 452 328 512 339 248 301 606 505 578 624 596 470 595 415
146 711 826 829 733 650 969 753 260 339 770 300 683 749 844 863 720 621 637 366 283 805 71 671 209 798 430 0 237 546 538 381 877 802 878 866 930 734 99 647 769 463 228 225 410 224 912 858 860 861 180 829 830 724 703 132 763 590 209 252 857 132 829 875 847 721 846 665
240 612 726 729 633 551 870 653 411 309 671 435 584 650 745 764 620 522 538 336 253 706 274 571 186 698 330 237 0 447 438 351 778 703 779 766 830 635 167 547 670 363 88 48 310 101 812 758 761 762 130 729 730 625 604 255 664 491 110 273 757 203 729 776 747 622 747 566
429 577 560 500 567 516 835 618 463 328 636 431 549 615 710 729 585 487 503 361 379 671 510 537 605 533 233 546 447 0 334 337 555 668 634 571 795 600 476 147 635 266 506 435 171 520 778 570 615 564 549 694 695 590 569 445 536 286 365 417 723 622 694 741 712 587 572 531
421 369 483 486 390 308 627 410 547 445 427 571 341 406 501 521 377 279 295 472 389 463 502 328 596 455 287 538 438 334 0 487 535 460 536 523 587 391 467 305 427 320 498 426 267 511 569 515 518 519 540 486 487 382 361 436 421 145 356 409 514 613 486 533 504 379 503 323
263 660 775 778 682 599 919 702 210 80 719 206 633 698 793 812 669 570 586 108 126 754 344 620 509 747 379 381 351 337 487 0 826 752 828 815 879 683 380 472 719 412 410 339 325 424 861 807 809 811 453 778 779 673 652 279 713 539 269 171 806 480 778 824 796 670 795 615
760 270 176 86 182 257 549 254 886 785 271 910 281 250 515 443 278 384 400 812 728 174 841 243 936 148 626 877 778 573 535 826 0 171 128 65 510 451 807 544 480 659 837 766 606 851 470 65 110 58 880 499 500 282 371 776 151 587 696 748 415 953 198 546 427 457 67 255
685 195 297 207 303 182 474 179 811 710 197 835 258 175 440 368 203 309 325 737 653 99 766 245 861 269 551 802 703 668 460 752 171 0 173 160 435 376 732 665 405 584 762 691 531 776 395 152 154 155 805 424 425 208 296 701 272 512 621 673 340 878 117 471 352 382 140 180
762 271 254 164 260 258 551 255 887 786 273 912 334 252 516 444 279 386 401 813 730 176 842 322 937 226 628 878 779 651 536 828 128 173 0 117 511 453 808 623 482 661 838 767 608 852 471 109 111 112 881 501 502 284 372 777 229 588 697 750 416 954 199 547 428 458 97 257
749 258 191 101 197 245 538 243 875 773 260 899 297 239 503 432 267 373 389 800 717 163 830 259 925 163 615 866 766 588 523 815 65 160 117 0 498 440 796 559 469 648 826 754 595 839 459 80 98 74 868 488 489 271 359 764 166 576 685 737 404 942 186 535 415 446 82 244
813 282 591 545 498 387 79 385 939 837 402 963 449 381 253 104 275 339 335 864 781 438 894 436 988 563 679 930 830 795 587 879 510 435 511 498 0 228 859 859 257 712 890 818 659 903 538 490 492 494 932 276 218 252 261 828 529 639 748 801 483 1005 461 163 122 234 478 323
617 223 445 448 352 270 267 327 743 641 344 767 303 323 140 161 216 143 139 668 585 379 698 290 793 417 483 734 635 600 391 683 451 376 453 440 228 0 664 663 66 516 694 622 463 707 479 432 434 435 736 125 126 194 154 632 383 444 553 605 424 810 403 171 145 36 420 264
211 641 755 759 662 580 899 682 325 338 700 365 613 679 774 793 649 551 567 365 282 735 136 601 262 727 359 99 167 476 467 380 807 732 808 796 859 664 0 576 699 392 226 155 339 240 841 787 790 791 234 758 759 654 633 198 693 520 139 302 786 186 758 805 776 651 776 595
530 641 532 471 538 580 899 682 598 463 699 567 613 678 773 793 649 551 567 496 498 651 611 599 705 504 333 647 547 147 305 472 527 648 605 542 859 663 576 0 699 366 607 535 271 620 841 542 587 535 649 758 759 654 633 545 507 258 465 518 786 722 674 805 776 651 544 595
653 252 481 484 388 306 297 356 779 677 373 803 339 352 169 190 245 179 175 704 621 408 734 326 828 453 519 769 670 635 427 719 480 405 482 469 257 66 699 699 0 552 729 658 499 743 508 461 463 464 772 154 155 223 190 668 419 479 588 641 453 845 432 200 174 71 449 293
346 493 608 611 515 432 751 535 472 370 552 496 465 531 626 645 502 403 419 397 314 587 427 453 521 580 63 463 363 266 320 412 659 584 661 648 712 516 392 366 552 0 423 351 129 436 694 640 642 643 465 611 612 506 485 361 545 372 281 334 639 538 611 657 629 503 628 448
299 671 786 789 693 610 929 713 454 369 730 494 643 709 804 823 680 581 597 395 312 765 265 631 137 758 390 228 88 506 498 410 837 762 838 826 890 694 226 607 729 423 0 103 370 87 872 818 820 821 81 789 790 684 663 314 723 550 169 332 817 154 789 835 807 681 806 625
228 600 714 717 621 539 858 641 399 297 658 423 572 637 732 752 608 510 526 324 241 694 262 559 201 686 318 225 48 435 426 339 766 691 767 754 818 622 155 535 658 351 103 0 298 116 800 746 749 750 145 717 718 613 592 243 652 478 98 261 745 218 717 764 735 610 734 554
293 440 555 558 462 379 698 482 419 316 499 419 412 478 573 592 449 350 366 344 261 534 374 400 468 527 96 410 310 171 267 325 606 531 608 595 659 463 339 271 499 129 370 298 0 383 641 587 589 590 412 558 559 453 432 308 492 319 228 281 586 485 558 604 576 450 575 395
312 685 799 802 706 624 943 726 450 382 743 490 657 722 817 837 693 595 611 409 326 779 261 644 133 771 403 224 101 520 511 424 851 776 852 839 903 707 240 620 743 436 87 116 383 0 885 831 834 835 77 802 803 698 677 323 737 563 183 346 830 150 802 849 820 695 819 639
795 298 552 506 459 348 577 254 921 819 236 945 409 258 543 471 306 419 435 846 763 398 876 397 970 524 661 912 812 778 569 861 470 395 471 459 538 479 841 841 508 694 872 800 641 885 0 451 453 454 914 527 528 310 399 810 489 621 730 783 152 987 422 574 455 485 439 283
741 250 191 101 197 237 530 235 867 765 252 891 296 231 495 423 258 365 381 792 709 155 822 258 916 163 607 858 758 588 515 807 65 152 109 80 490 432 787 559 461 640 818 746 587 831 451 0 90 73 860 480 481 263 351 756 166 567 676 729 396 933 178 526 407 437 76 236
743 252 236 146 242 239 532 237 869 768 254 893 316 233 497 426 261 367 383 794 711 157 824 303 919 208 609 860 761 633 518 809 110 154 111 98 492 434 790 604 463 642 820 749 589 834 453 90 0 94 863 482 483 265 354 758 211 570 679 731 398 936 180 529 409 440 78 238
744 254 184 94 190 241 533 238 870 769 256 894 290 234 499 427 262 368 384 796 712 158 825 252 920 156 610 861 762 581 519 811 58 155 112 74 494 435 791 552 464 643 821 750 590 835 454 73 94 0 864 483 484 267 355 760 159 571 680 732 399 937 182 530 411 441 75 239
293 714 828 831 735 653 972 755 407 411 773 446 686 751 847 866 722 624 640 438 355 808 217 673 90 800 432 180 130 549 540 453 880 805 881 868 932 736 234 649 772 465 81 145 412 77 914 860 863 864 0 831 832 727 706 279 766 593 212 375 859 107 831 878 849 724 848 668
712 271 540 535 447 365 316 375 838 736 392 862 398 371 126 209 264 238 234 763 680 427 793 385 887 512 578 829 729 694 486 778 499 424 501 488 276 125 758 758 154 611 789 717 558 802 527 480 482 483 831 0 112 242 249 727 478 538 647 700 472 904 451 157 193 131 468 312
713 272 541 536 448 366 257 376 839 737 393 863 399 372 66 209 265 239 235 764 681 428 794 386 888 513 579 830 730 695 487 779 500 425 502 489 218 126 759 759 155 612 790 718 559 803 528 481 483 484 832 112 0 243 250 728 479 539 648 701 473 905 452 76 194 132 469 313
607 110 364 318 271 160 292 158 733 632 175 757 222 154 257 185 118 191 188 658 575 210 688 209 783 336 473 724 625 590 382 673 282 208 284 271 252 194 654 654 223 506 684 613 453 698 310 263 265 267 727 242 243 0 113 623 302 434 543 595 255 800 234 288 169 199 251 95
586 143 415 407 322 239 300 246 712 611 263 736 272 242 264 194 136 112 108 637 554 299 667 260 762 387 452 703 604 569 361 652 371 296 372 359 261 154 633 633 190 485 663 592 432 677 399 351 354 355 706 249 250 113 0 602 352 413 522 574 344 779 322 296 177 142 339 184
69 610 724 727 631 549 868 651 207 237 668 247 582 647 742 762 618 520 535 264 180 704 95 569 307 696 328 132 255 445 436 279 776 701 777 764 828 632 198 545 668 361 314 243 308 323 810 756 758 760 279 727 728 623 602 0 662 488 173 200 755 231 727 774 745 620 744 564
646 289 92 96 61 186 569 288 772 671 305 796 160 284 493 462 297 270 286 698 614 275 727 122 822 65 512 763 664 553 421 713 151 272 229 166 529 383 693 525 419 545 723 652 492 737 489 166 211 159 766 478 479 302 352 662 0 473 582 634 434 839 299 524 446 370 168 243
473 421 535 520 442 360 679 462 599 498 480 623 393 459 554 573 429 331 347 524 441 515 554 380 649 507 339 590 491 286 145 539 575 512 588 576 639 444 520 258 479 372 550 478 319 563 621 567 570 571 593 538 539 434 413 488 473 0 409 461 566 666 538 585 556 431 556 375
158 530 644 648 551 469 788 571 329 227 589 353 502 568 663 682 538 440 456 254 171 624 239 489 268 616 248 209 110 365 356 269 696 621 697 685 748 553 139 465 588 281 169 98 228 183 730 676 679 680 212 647 648 543 522 173 582 409 0 191 675 285 647 694 665 540 665 484
185 582 697 700 604 521 840 624 169 130 641 209 554 620 715 734 591 492 508 156 73 676 216 542 427 669 301 252 273 417 409 171 748 673 750 737 801 605 302 518 641 334 332 261 281 346 783 729 731 732 375 700 701 595 574 200 634 461 191 0 728 351 700 746 718 592 717 536
740 243 497 451 404 293 522 273 866 764 255 890 354 277 488 416 251 364 380 791 708 343 821 342 915 469 606 857 757 723 514 806 415 340 416 404 483 424 786 786 453 639 817 745 586 830 152 396 398 399 859 472 473 255 344 755 434 566 675 728 0 932 367 519 400 430 384 228
245 787 901 905 808 726 1045 828 359 438 846 399 759 825 920 939 795 697 713 465 381 881 170 746 107 873 505 132 203 622 613 480 953 878 954 942 1005 810 186 722 845 538 154 218 485 150 987 933 936 937 107 904 905 800 779 231 839 666 285 351 932 0 904 951 922 797 922 741
712 221 323 234 330 208 501 206 838 736 223 862 284 202 466 394 229 336 352 763 680 106 793 272 887 295 578 829 729 694 486 778 198 117 199 186 461 403 758 692 432 611 789 717 558 802 422 178 180 182 831 451 452 234 322 727 299 538 647 700 367 904 0 497 378 408 166 207
758 318 587 582 494 411 202 421 884 783 439 908 444 418 111 154 311 284 281 810 726 474 839 432 934 559 624 875 776 741 533 824 546 471 547 535 163 171 805 805 200 657 835 764 604 849 574 526 529 530 878 157 76 288 296 774 524 585 694 746 519 951 497 0 172 177 515 359
730 199 508 462 415 304 161 302 856 754 319 880 366 298 208 70 192 256 252 781 698 355 811 353 905 480 596 847 747 712 504 796 427 352 428 415 122 145 776 776 174 629 807 735 576 820 455 407 409 411 849 193 194 169 177 745 446 556 665 718 400 922 378 172 0 151 395 240
604 229 433 436 340 257 273 332 730 629 350 754 290 329 146 167 222 130 126 655 572 385 685 278 780 405 470 721 622 587 379 670 457 382 458 446 234 36 651 651 71 503 681 610 450 695 485 437 440 441 724 131 132 199 142 620 370 431 540 592 430 797 408 177 151 0 426 270
729 238 193 103 199 225 518 223 855 753 240 879 298 219 483 412 247 353 369 780 697 143 810 260 905 165 595 846 747 590 503 795 67 140 97 82 478 420 776 561 449 628 806 734 575 819 439 76 78 75 848 468 469 251 339 744 168 556 665 717 384 922 166 515 395 426 0 224
549 83 305 291 213 130 362 131 674 573 148 699 163 127 328 256 91 173 188 600 516 183 629 151 724 278 415 665 566 531 323 615 255 180 257 244 323 264 595 595 293 448 625 554 395 639 283 236 238 239 668 312 313 95 184 564 243 375 484 536 228 741 207 359 240 270 224 0
EOF