NAME : tsp_problem
TYPE : TSP
DIMENSION : 26
EDGE_WEIGHT_TYPE : EXPLICIT
EDGE_WEIGHT_FORMAT : FULL_MATRIX
EDGE_WEIGHT_SECTION
0 615 758 885 264 1081 868 125 701 1050 718 205 614 257 930 314 830 823 884 773 909 666 580 652 585 378
615 0 1112 737 618 1620 1266 510 553 1448 570 603 968 769 1328 442 845 1177 736 1171 1263 1206 347 1006 702 405
758 1112 0 1617 520 1814 1600 858 1433 1783 1451 584 370 990 1663 863 1562 98 1617 1505 353 1399 1295 320 822 957
885 737 1617 0 1123 1150 763 928 250 946 259 1065 1474 677 826 1015 343 1683 234 668 1768 1076 584 1511 1275 823
264 618 520 1123 0 1320 1106 364 939 1289 957 90 377 496 1169 369 1068 586 1123 1011 671 905 801 414 347 463
1085 1624 1817 1150 1324 0 554 1135 1166 861 1175 1265 1674 1052 741 1323 867 1883 989 583 1964 576 1500 1711 1645 1387
868 1266 1600 763 1106 554 0 917 779 474 788 1048 1457 835 354 1106 481 1666 602 196 1751 503 1113 1494 1427 1170
125 510 858 928 364 1131 917 0 744 1100 762 305 714 307 980 209 879 923 927 822 1008 716 475 752 685 273
701 553 1433 250 939 1166 779 744 0 962 84 881 1290 493 842 831 359 1499 249 684 1584 1077 400 1327 1091 639
1050 1448 1783 946 1289 861 474 1100 962 0 970 1230 1639 1017 174 1288 663 1848 785 325 1933 810 1295 1676 1610 1352
718 570 1451 259 957 1175 788 762 84 970 0 898 1307 511 850 849 367 1516 258 693 1602 1094 417 1345 1108 657
205 603 584 1065 90 1261 1048 305 881 1230 898 0 441 437 1110 353 1009 650 1064 953 735 846 760 478 411 448
614 968 370 1474 377 1670 1457 714 1290 1639 1307 441 0 846 1519 719 1418 435 1473 1362 337 1255 1151 73 678 814
257 769 990 677 496 1048 835 307 493 1017 511 437 846 0 897 495 786 1055 676 740 1140 633 616 883 817 559
930 1328 1663 826 1169 741 354 980 842 174 850 1110 1519 897 0 1168 543 1728 665 205 1813 690 1175 1556 1490 1232
314 442 863 1015 369 1319 1106 209 831 1288 849 353 719 495 1168 0 1068 928 1014 1011 1014 905 564 757 549 226
830 845 1562 343 1068 867 481 879 359 663 367 1009 1418 786 543 1068 0 1627 182 385 1713 793 692 1456 1383 932
823 1177 98 1683 586 1879 1666 923 1499 1848 1516 650 435 1055 1728 928 1627 0 1682 1571 419 1464 1360 385 887 1023
884 736 1617 234 1123 989 602 927 249 785 258 1064 1473 676 665 1014 182 1682 0 507 1767 914 583 1510 1274 822
773 1171 1505 668 1011 583 196 822 684 325 693 953 1362 740 205 1011 385 1571 507 0 1656 532 1018 1399 1332 1075
909 1263 353 1768 671 1964 1751 1008 1584 1933 1602 735 337 1140 1813 1014 1713 419 1767 1656 0 1549 1445 287 808 1108
940 1479 1672 1166 1178 642 570 989 1182 877 1190 1120 1529 907 756 1178 883 1738 1005 599 1819 0 1444 1566 1499 1242
580 347 1295 584 801 1500 1113 475 400 1295 417 760 1151 616 1175 564 692 1360 583 1018 1445 1171 0 1188 884 371
652 1006 320 1511 414 1707 1494 752 1327 1676 1345 478 73 883 1556 757 1456 385 1510 1399 287 1293 1188 0 715 851
585 702 822 1275 347 1641 1427 685 1091 1610 1108 411 678 817 1490 549 1383 887 1274 1332 808 1226 884 715 0 547
378 405 957 823 463 1383 1170 273 639 1352 657 448 814 559 1232 226 932 1023 822 1075 1108 968 371 851 547 0
EOF