NAME : tsp_problem
TYPE : TSP
DIMENSION : 80
EDGE_WEIGHT_TYPE : EXPLICIT
EDGE_WEIGHT_FORMAT : FULL_MATRIX
EDGE_WEIGHT_SECTION
0 1966 1057 1290 1845 430 936 1349 880 1372 2077 1050 748 1942 953 913 962 253 1052 1465 1012 941 2032 179 211 630 1004 1306 935 851 1062 2077 1429 1708 773 1825 985 2078 1137 1058 1666 1521 1214 1832 1172 805 651 913 1558 1604 309 1000 441 890 939 383 886 783 1084 1572 1578 1063 1276 1222 1487 913 805 871 1908 1111 945 1719 1416 1707 867 806 1176 829 877 1087
1966 0 1922 698 150 1569 1406 689 1745 817 252 986 1769 58 1784 1157 1736 1812 1918 575 1071 1806 244 1816 1806 1762 1170 1964 1763 1716 1927 252 1781 299 1638 176 1151 252 1488 932 324 1278 907 451 886 1276 1684 1157 492 1227 1748 1028 1558 1293 1409 1795 1330 1434 1949 1195 428 934 754 1574 653 1157 1670 1378 205 1084 1415 285 779 320 1370 1672 1346 1694 1366 1952
1057 1922 0 1246 1801 932 1438 1305 381 1699 2009 1006 735 1898 454 1415 463 903 53 1421 1425 320 1988 907 897 625 783 807 436 352 62 2009 970 1664 501 1781 794 2009 865 1014 1622 1022 1241 1793 1128 1066 1153 1416 1514 1105 839 956 943 1392 1441 812 615 511 263 1073 1534 1019 1232 805 1814 1415 533 1373 1864 1308 1447 1675 1570 1663 1369 274 904 276 1379 228
1290 698 1246 0 577 893 730 388 1069 524 809 503 1094 673 1142 481 1094 1136 1242 205 395 1130 763 1140 1130 1086 494 1322 1121 1040 1252 809 1105 439 962 556 475 809 812 256 398 1140 231 569 516 600 1008 481 290 1088 1072 453 882 617 733 1119 655 758 1273 1057 309 258 224 898 638 481 994 702 639 408 739 450 345 439 694 996 670 1018 690 1276
1845 150 1801 577 0 1448 1285 637 1624 800 261 865 1648 125 1697 1036 1649 1691 1797 454 950 1685 251 1695 1685 1641 1049 1877 1676 1595 1806 261 1660 272 1517 183 1030 261 1367 811 306 1389 786 433 765 1155 1563 1036 499 1337 1627 907 1437 1172 1288 1674 1209 1313 1828 1305 306 813 633 1453 636 1036 1549 1257 212 963 1294 292 762 303 1249 1551 1225 1573 1245 1831
430 1569 932 893 1448 0 538 951 754 975 1680 652 623 1544 827 515 837 275 927 1068 614 815 1634 279 269 505 606 1181 809 726 937 1680 1217 1310 648 1427 587 1680 924 661 1269 1317 816 1435 775 407 253 516 1161 1400 212 603 74 492 541 258 761 658 958 1368 1180 666 879 1010 1089 516 680 473 1511 714 547 1322 1019 1310 469 681 782 703 480 962
936 1406 1438 730 1285 538 0 942 1260 744 1517 772 1129 1382 1333 285 1343 781 1433 914 384 1321 1471 785 775 1011 764 1592 1315 1232 1443 1517 1375 1148 1154 1264 745 1517 1082 604 1106 1475 612 1204 895 775 654 286 998 1558 718 723 527 165 26 764 924 1027 1464 1526 1018 609 822 1168 859 285 1186 123 1348 483 32 1159 789 1147 119 1187 940 1209 129 1468
1349 689 1305 388 637 951 942 0 1127 889 800 350 1152 664 1200 848 1152 1194 1300 239 762 1188 751 1198 1188 1144 552 1380 1179 1099 1310 799 1163 499 1021 540 534 800 871 362 763 874 598 904 250 659 1067 847 350 822 1131 392 940 968 945 1177 713 816 1331 790 369 364 213 956 1003 847 1053 878 627 734 952 431 710 774 873 1054 729 1076 884 1334
880 1745 381 1069 1624 754 1260 1127 0 1522 1675 828 557 1721 244 1237 144 725 376 1244 1248 264 1724 729 719 448 605 473 117 91 386 1675 635 1487 324 1603 617 1674 688 837 1445 688 1064 1616 951 888 976 1238 1337 770 661 779 765 1214 1263 635 437 334 407 739 1356 842 1055 471 1637 1238 356 1196 1687 1130 1270 1498 1392 1486 1191 130 635 152 1202 411
1372 817 1699 524 800 975 744 889 1522 0 1006 955 1546 837 1595 495 1547 1218 1695 706 409 1583 1022 1222 1212 1447 947 1775 1574 1493 1704 1006 1558 906 1415 954 928 1006 1265 739 554 1640 487 529 1017 1053 1090 495 790 1589 1154 906 964 632 747 1200 1107 1211 1726 1557 810 741 724 1351 183 495 1447 716 983 422 754 951 206 550 708 1449 1123 1471 704 1729
2077 250 2033 809 261 1680 1517 800 1719 1004 0 1097 1880 229 1684 1268 1636 1923 2029 686 1182 1917 88 1927 1917 1873 1281 1864 1663 1768 2038 76 1691 409 1749 287 1262 76 1599 1043 510 1179 1018 637 997 1387 1795 1268 603 1127 1859 1139 1669 1404 1520 1906 1441 1545 2060 1095 538 1045 865 1685 840 1268 1781 1489 208 1195 1526 395 966 507 1481 1783 1457 1805 1477 2063
1050 986 1006 503 865 652 772 350 828 955 1092 0 853 962 901 767 853 895 1001 467 682 889 1051 899 889 845 253 1081 880 799 1011 1092 864 728 721 845 235 1092 572 270 879 919 497 1049 174 360 768 767 578 868 831 93 641 798 775 878 414 517 1032 836 598 276 435 657 1070 767 753 708 928 564 781 739 826 919 703 755 430 777 714 1035
748 1769 735 1094 1648 623 1129 1152 557 1546 1880 853 0 1745 630 1106 639 593 730 1268 1205 618 1835 597 587 333 630 983 612 528 740 1880 1005 1511 450 1628 641 1881 712 861 1469 1105 1088 1640 975 913 844 1106 1361 1188 530 803 634 1082 1131 503 462 358 761 1156 1381 866 1079 798 1661 1106 482 1064 1711 1155 1138 1522 1417 1510 1059 484 751 506 1070 764
1942 58 1898 673 125 1544 1382 664 1721 837 229 962 1745 0 1794 1133 1745 1788 1893 550 1047 1782 219 1792 1782 1737 1146 1974 1773 1692 1903 229 1757 274 1614 151 1127 229 1464 907 343 1298 883 470 861 1252 1660 1132 468 1246 1724 1003 1533 1269 1385 1770 1306 1409 1925 1215 403 909 730 1549 673 1132 1646 1353 181 1060 1391 260 799 340 1345 1647 1322 1670 1342 1928
953 1742 454 1142 1697 827 1333 1200 244 1595 1639 901 630 1762 0 1310 160 798 449 1317 1321 337 1689 802 792 521 678 438 187 248 459 1640 600 1560 397 1676 690 1639 761 910 1518 653 1137 1689 1024 961 1049 1311 1410 735 734 852 838 1287 1336 708 510 407 480 704 1429 915 1128 435 1709 1311 429 1269 1760 1203 1343 1571 1465 1559 1264 203 600 225 1275 484
913 1157 1415 481 1036 515 285 848 1237 495 1268 767 1106 1133 1310 0 1320 758 1410 665 135 1298 1222 762 752 987 759 1587 1292 1209 1420 1268 1370 899 1131 1015 740 1268 1077 599 857 1470 366 955 890 752 631 51 749 1548 695 718 504 172 288 741 919 1023 1441 1516 768 604 683 1163 610 51 1163 257 1099 234 294 910 539 898 249 1164 935 1186 245 1445
962 1694 463 1098 1653 837 1343 1156 144 1551 1591 857 639 1714 160 1320 0 808 458 1273 1277 347 1641 811 801 530 634 389 139 173 468 1591 552 1515 406 1632 645 1591 717 866 1474 604 1092 1645 980 917 1058 1320 1366 687 744 808 848 1297 1346 717 520 416 490 656 1385 871 1083 387 1665 1320 438 1278 1715 1159 1352 1526 1421 1515 1274 212 552 235 1284 493
253 1812 903 1136 1691 275 781 1194 725 1218 1923 895 593 1788 798 758 808 0 898 1311 858 786 1877 103 93 475 849 1152 780 697 908 1923 1275 1554 619 1671 831 1923 982 904 1512 1367 1060 1678 1018 650 497 759 1404 1449 155 846 286 735 784 229 732 628 929 1418 1424 909 1122 1068 1332 759 651 717 1754 957 791 1565 1262 1553 712 652 1021 674 723 933
1052 1918 53 1242 1797 927 1433 1300 376 1695 2004 1001 730 1893 449 1410 458 898 0 1417 1421 316 1983 902 892 621 778 802 431 348 58 2005 965 1659 497 1776 790 2004 861 1010 1618 1018 1237 1789 1124 1061 1148 1411 1510 1100 834 952 938 1387 1436 808 610 507 258 1069 1529 1015 1227 800 1809 1411 529 1369 1859 1303 1442 1670 1565 1659 1364 269 900 272 1375 223
1465 575 1421 205 454 1068 914 239 1244 706 686 467 1268 550 1317 665 1269 1311 1417 0 579 1305 640 1315 1305 1261 669 1497 1296 1215 1426 686 1280 316 1137 433 650 686 987 439 580 990 415 721 366 775 1183 664 167 938 1247 508 1057 801 917 1294 829 933 1448 907 186 442 257 1073 820 664 1169 885 516 592 923 327 527 591 877 1171 845 1193 874 1451
1012 1071 1425 395 950 614 384 762 1248 409 1182 682 1205 1047 1321 135 1273 858 1421 579 0 1309 1136 862 852 1087 673 1501 1300 1219 1430 1182 1284 813 1141 929 654 1182 991 513 771 1384 280 869 804 779 730 135 663 1462 794 632 603 271 387 840 833 937 1452 1430 683 518 597 1077 524 135 1173 356 1013 148 393 824 453 812 348 1175 849 1197 344 1455
941 1806 320 1130 1685 815 1321 1188 264 1583 1893 889 618 1782 337 1298 347 786 316 1305 1309 0 1871 790 780 509 666 691 319 236 325 1893 853 1548 385 1664 678 1892 749 898 1506 906 1125 1677 1012 949 1037 1299 1398 988 723 840 826 1275 1324 696 498 395 347 957 1417 903 1116 689 1698 1299 417 1257 1748 1191 1331 1559 1453 1547 1252 158 788 160 1263 350
2032 244 1988 763 251 1634 1471 751 1768 1022 88 1051 1835 219 1733 1222 1685 1877 1983 640 1136 1871 0 1881 1871 1827 1235 1913 1712 1781 1993 88 1740 361 1703 238 1217 88 1553 997 529 1228 972 655 951 1341 1749 1222 554 1176 1813 1093 1623 1358 1474 1860 1396 1499 2014 1145 493 999 819 1639 858 1222 1735 1443 156 1149 1480 347 984 525 1435 1737 1411 1759 1431 2017
179 1816 907 1140 1695 279 785 1198 729 1222 1927 899 597 1792 802 762 811 103 902 1315 862 790 1881 0 97 479 853 1155 784 701 912 1927 1279 1558 622 1674 834 1927 986 908 1516 1371 1064 1682 1022 654 500 763 1408 1453 159 850 290 739 788 233 736 632 933 1422 1427 913 1126 1072 1336 763 654 721 1758 961 795 1569 1266 1557 716 656 1025 678 727 936
211 1806 897 1130 1685 269 775 1188 719 1212 1917 889 587 1782 792 752 801 93 892 1305 852 780 1871 97 0 469 843 1145 774 690 902 1917 1269 1548 612 1664 824 1917 976 898 1506 1361 1054 1672 1012 644 490 753 1398 1443 149 840 280 729 778 223 726 622 923 1412 1417 903 1116 1062 1326 753 644 711 1748 951 785 1559 1256 1547 706 646 1015 668 717 926
630 1762 625 1086 1641 505 1011 1144 448 1447 1873 845 333 1737 521 987 530 475 621 1261 1087 509 1827 479 469 0 622 874 503 419 630 1873 997 1503 341 1620 634 1873 705 854 1462 1089 1081 1633 968 879 726 988 1354 1172 412 796 516 964 1013 385 454 351 652 1140 1373 859 1071 790 1561 988 373 946 1704 1147 1020 1514 1409 1503 941 374 744 397 952 655
1004 1170 783 494 1049 606 764 552 605 947 1281 253 630 1146 678 759 630 849 778 669 673 666 1235 853 843 622 0 858 657 576 788 1281 641 912 498 1029 69 1281 348 262 870 741 489 1041 376 314 722 759 762 824 786 204 595 790 767 809 191 294 809 793 782 267 480 434 1062 759 530 699 1112 555 773 923 818 911 695 532 301 554 705 812
1306 1922 807 1326 1881 1181 1596 1384 473 1779 1819 1085 983 1942 438 1591 389 1152 802 1501 1505 691 1869 1155 1145 874 862 0 416 522 812 1820 780 1743 750 1860 874 1819 945 1094 1702 833 1320 1873 1208 1145 1402 1590 1594 915 1088 1036 1192 1621 1598 1061 787 760 834 884 1613 1099 1311 615 1893 1590 782 1531 1943 1387 1605 1754 1649 1743 1526 556 780 579 1537 837
935 1721 436 1124 1679 809 1315 1182 117 1577 1618 883 612 1741 187 1292 139 780 431 1299 1303 319 1668 784 774 503 660 416 0 146 441 1619 579 1542 379 1658 672 1618 743 892 1500 632 1119 1671 1006 943 1031 1293 1392 714 716 834 820 1269 1318 690 492 389 462 683 1411 897 1110 414 1692 1293 411 1251 1742 1185 1325 1553 1447 1541 1246 185 579 207 1257 466
851 1716 352 1040 1595 726 1232 1099 91 1493 1724 799 528 1692 248 1209 173 697 348 1215 1219 236 1773 701 690 419 576 522 146 0 357 1724 684 1458 295 1575 588 1723 659 808 1416 737 1035 1587 922 860 947 1209 1308 819 633 750 737 1186 1235 606 409 305 379 788 1328 813 1026 520 1608 1209 327 1167 1658 1102 1241 1469 1364 1457 1163 101 684 124 1173 382
1062 1927 62 1252 1806 937 1443 1310 386 1704 2014 1011 740 1903 459 1420 468 908 58 1426 1430 325 1993 912 902 630 788 812 441 357 0 2014 975 1669 506 1786 799 2014 870 1019 1627 1027 1246 1798 1133 1071 1158 1421 1519 1110 844 961 948 1397 1446 818 620 516 268 1078 1539 1024 1237 810 1819 1420 538 1378 1869 1313 1452 1680 1575 1668 1374 279 909 281 1384 233
2077 250 2033 809 261 1680 1517 799 1719 1004 76 1097 1880 229 1684 1268 1636 1923 2029 686 1182 1917 88 1927 1917 1873 1281 1864 1663 1768 2038 0 1691 409 1749 287 1262 76 1599 1043 511 1179 1018 637 997 1387 1795 1267 603 1127 1859 1139 1669 1404 1520 1905 1441 1545 2060 1095 538 1045 865 1685 840 1268 1781 1489 208 1195 1526 395 966 507 1481 1783 1457 1805 1477 2063
1429 1750 970 1105 1660 1217 1375 1163 635 1558 1647 864 1005 1757 600 1370 552 1275 965 1280 1284 853 1696 1279 1269 997 641 780 579 684 975 1647 0 1523 874 1639 653 1646 724 873 1481 660 1100 1652 987 924 1332 1370 1373 742 1211 815 1206 1401 1378 1185 566 669 996 711 1392 878 1091 570 1673 1370 906 1310 1723 1166 1384 1534 1428 1522 1306 719 559 741 1316 999
1708 299 1664 439 272 1310 1148 499 1487 906 409 728 1511 274 1560 899 1511 1554 1659 316 813 1548 361 1558 1548 1503 912 1740 1539 1458 1669 409 1523 0 1380 150 893 410 1230 673 413 1251 649 539 627 1018 1426 898 394 1199 1490 769 1299 1035 1151 1536 1072 1175 1691 1168 169 675 496 1315 742 898 1412 1119 237 826 1157 186 761 409 1111 1413 1088 1436 1108 1694
773 1638 501 962 1517 648 1154 1021 324 1415 1749 721 450 1614 397 1131 406 619 497 1137 1141 385 1703 622 612 341 498 750 379 295 506 1749 874 1380 0 1497 510 1749 581 730 1338 965 957 1509 844 782 869 1131 1230 1048 555 672 659 1108 1157 528 330 227 528 1016 1250 735 948 667 1530 1131 82 1089 1580 1024 1163 1391 1286 1379 1085 251 620 273 1095 531
1825 176 1781 556 183 1427 1264 540 1603 954 287 845 1628 151 1676 1015 1628 1671 1776 433 929 1664 238 1674 1664 1620 1029 1856 1655 1575 1786 287 1639 150 1497 0 1010 287 1347 790 460 1368 765 587 744 1135 1543 1015 344 1316 1607 886 1416 1152 1267 1653 1189 1292 1807 1285 286 792 613 1432 790 1015 1529 1236 114 942 1274 136 878 457 1228 1530 1205 1552 1224 1811
985 1151 794 475 1030 587 745 534 617 928 1262 235 641 1127 690 740 642 831 790 650 654 678 1217 834 824 634 69 870 669 588 799 1262 653 893 510 1010 0 1262 360 243 851 753 470 1022 357 295 703 740 743 836 767 185 576 771 748 813 202 306 821 804 763 248 461 446 1043 740 542 680 1093 537 754 904 799 892 676 544 282 566 687 824
2078 249 2033 809 261 1680 1517 800 1719 1003 76 1097 1881 229 1684 1268 1635 1923 2029 686 1182 1917 88 1927 1917 1873 1281 1864 1663 1768 2039 76 1691 410 1749 287 1262 0 1599 1043 510 1178 1018 637 997 1387 1795 1268 603 1127 1859 1139 1669 1404 1520 1906 1442 1545 2060 1095 539 1045 865 1685 839 1268 1781 1489 209 1195 1526 396 965 507 1481 1783 1457 1805 1477 2063
1137 1488 865 812 1367 924 1082 871 688 1265 1599 572 712 1464 761 1077 713 982 861 987 991 749 1553 986 976 705 348 941 740 659 870 1599 724 1230 581 1347 360 1599 0 580 1188 824 807 1359 694 632 1040 1077 1080 907 919 522 913 1108 1085 892 273 377 892 875 1100 585 798 517 1380 1077 613 1017 1430 874 1091 1241 1136 1229 1013 615 470 637 1024 895
1058 932 1014 256 811 661 604 362 837 739 1043 270 861 907 910 599 862 904 1010 439 513 898 997 908 898 854 262 1090 889 808 1019 1043 873 673 730 790 243 1043 580 0 632 973 329 803 393 368 776 599 524 1056 840 221 650 630 607 887 422 526 1041 1024 543 55 241 666 853 599 762 539 873 396 613 684 579 673 535 764 438 786 546 1044
1666 324 1622 398 306 1269 1106 763 1445 554 513 879 1469 343 1518 857 1470 1512 1618 580 771 1506 529 1516 1506 1462 870 1698 1497 1416 1627 513 1481 413 1338 460 851 513 1188 632 0 1514 607 187 891 976 1384 857 664 1463 1448 829 1258 993 1109 1495 1030 1134 1649 1431 447 634 598 1274 390 857 1370 1078 490 784 1115 566 471 57 1070 1372 1046 1394 1066 1652
1521 1237 1022 1098 1346 1317 1475 831 688 1598 1134 877 1105 1257 653 1470 604 1367 1018 948 1384 906 1184 1371 1361 1089 741 833 632 737 1027 1134 660 1209 965 1326 753 1134 824 973 1472 0 1200 1614 777 1025 1433 1470 1059 160 1303 915 1306 1501 1478 1276 666 770 1049 194 1079 978 917 670 1713 1470 997 1410 1304 1267 1484 1220 1419 1484 1406 771 659 794 1417 1052
1214 907 1241 231 786 816 612 598 1064 487 1018 497 1088 883 1137 366 1089 1060 1237 415 280 1125 972 1064 1054 1081 489 1317 1116 1035 1246 1018 1100 649 957 765 470 1018 807 329 607 1200 0 778 620 595 932 366 499 1283 996 448 805 502 615 1042 649 752 1268 1251 518 334 433 893 602 366 989 547 849 236 621 660 531 648 543 991 665 1013 553 1271
1832 451 1793 569 433 1435 1204 904 1616 529 640 1049 1640 470 1689 955 1641 1678 1789 721 869 1677 655 1682 1672 1633 1041 1869 1668 1587 1798 640 1652 539 1509 587 1022 640 1359 803 187 1656 778 0 1032 1147 1550 955 806 1604 1614 1000 1424 1092 1207 1660 1201 1305 1820 1573 574 805 769 1445 365 955 1541 1176 616 882 1214 693 642 184 1168 1543 1217 1565 1164 1823
1172 886 1128 516 765 775 895 250 951 1017 991 174 975 861 1024 890 976 1018 1124 366 804 1012 951 1022 1012 968 376 1204 1003 922 1133 992 987 627 844 744 357 991 694 393 891 819 620 1032 0 482 890 890 478 767 954 216 764 921 898 1001 536 640 1155 736 497 398 335 780 1131 890 876 830 827 687 904 638 838 902 826 878 552 900 837 1158
805 1276 1066 600 1155 407 775 659 888 1053 1387 360 913 1252 961 752 913 650 1061 775 779 949 1341 654 644 879 314 1141 940 860 1071 1387 924 1018 782 1135 295 1387 632 368 976 1025 595 1147 482 0 523 753 868 1107 587 310 396 729 778 633 474 577 1092 1076 888 373 586 717 1168 753 814 711 1218 662 784 1029 924 1017 706 815 490 837 717 1096
651 1684 1153 1008 1563 253 654 1067 976 1090 1795 768 844 1660 1049 631 1058 497 1148 1183 730 1037 1749 500 490 726 722 1402 1031 947 1158 1795 1332 1426 869 1543 703 1795 1040 776 1384 1433 932 1550 890 523 0 631 1276 1515 433 718 242 608 657 479 882 879 1179 1484 1296 781 994 1125 1205 631 901 589 1626 829 663 1437 1134 1425 585 902 898 925 595 1183
913 1157 1416 481 1036 516 286 847 1238 495 1268 767 1106 1132 1311 51 1320 759 1411 664 135 1299 1222 763 753 988 759 1587 1293 1209 1421 1267 1370 898 1131 1015 740 1268 1077 599 857 1470 366 955 890 753 631 0 749 1547 695 718 505 173 289 742 919 1022 1442 1516 768 604 683 1162 609 51 1163 257 1098 234 295 909 539 898 249 1165 935 1187 245 1445
1558 492 1514 290 499 1161 998 350 1337 790 603 578 1361 468 1410 749 1362 1404 1510 167 663 1398 554 1408 1398 1354 762 1590 1389 1308 1519 603 1373 394 1230 344 743 603 1080 524 664 1102 499 806 478 868 1276 749 0 1050 1340 620 1150 885 1001 1387 922 1026 1541 1018 271 526 346 1166 905 749 1262 970 431 676 1007 235 611 675 962 1264 938 1286 958 1544
1604 1186 1105 1046 1295 1400 1547 780 770 1547 1083 825 1188 1205 735 1505 687 1449 1100 896 1419 988 1132 1453 1443 1172 824 915 714 819 1110 1083 742 1157 1048 1274 836 1082 907 1014 1420 160 1255 1562 725 1107 1515 1505 1008 0 1386 867 1389 1573 1550 1359 749 852 1131 87 1027 1016 865 753 1661 1505 1080 1482 1252 1338 1556 1168 1368 1432 1478 854 742 876 1488 1135
309 1748 839 1072 1627 212 718 1131 661 1154 1859 831 530 1724 734 695 744 155 834 1247 794 723 1813 159 149 412 786 1088 716 633 844 1859 1211 1490 555 1607 767 1859 919 840 1448 1303 996 1614 954 587 433 695 1340 1386 0 782 223 672 721 165 668 565 865 1354 1360 845 1058 1004 1269 695 587 653 1690 893 727 1501 1198 1489 649 588 957 610 659 869
1000 1028 956 453 907 603 723 392 779 906 1134 93 803 1003 852 718 804 846 952 508 632 840 1093 850 840 796 204 1032 831 750 961 1134 815 769 672 886 185 1133 522 221 829 915 448 1000 216 310 718 718 620 909 782 0 592 749 726 829 364 468 983 878 639 226 439 608 1021 718 704 658 969 514 732 780 777 870 654 706 380 728 664 986
441 1558 943 882 1437 74 527 940 765 964 1669 641 634 1533 838 504 848 286 938 1057 603 826 1623 290 280 516 595 1192 820 737 948 1669 1206 1299 659 1416 576 1669 913 650 1258 1306 805 1424 764 396 242 505 1150 1389 223 592 0 481 530 269 755 669 969 1357 1169 655 868 999 1078 505 691 462 1500 703 536 1311 1008 1299 458 692 771 714 469 973
890 1293 1392 617 1172 492 165 968 1214 632 1404 798 1082 1269 1287 172 1297 735 1387 801 271 1275 1358 739 729 964 790 1618 1269 1186 1397 1404 1401 1035 1108 1152 771 1404 1108 630 993 1501 502 1092 921 729 608 173 885 1584 672 749 481 0 168 718 950 1053 1418 1552 905 635 819 1193 746 173 1140 116 1235 370 174 1046 676 1034 108 1141 966 1163 104 1422
939 1409 1441 733 1288 541 26 945 1263 747 1520 775 1131 1385 1336 288 1346 784 1436 917 387 1324 1474 788 778 1013 767 1595 1318 1235 1446 1520 1378 1151 1157 1267 748 1520 1085 607 1109 1478 615 1207 898 778 657 289 1001 1561 721 726 530 168 0 767 927 1030 1467 1529 1021 612 825 1171 862 288 1189 126 1351 486 30 1162 791 1150 122 1190 943 1212 132 1471
383 1795 812 1119 1674 258 764 1177 635 1200 1906 878 503 1770 708 741 717 229 808 1294 840 696 1860 233 223 385 809 1061 690 606 818 1905 1185 1536 528 1653 813 1906 892 887 1495 1276 1042 1660 1001 633 479 742 1387 1359 165 829 269 718 767 0 642 538 839 1328 1406 892 1104 978 1315 741 560 699 1736 939 773 1547 1245 1536 695 562 931 584 705 842
886 1330 615 655 1209 761 924 713 437 1107 1441 414 462 1306 510 919 520 732 610 829 833 498 1396 736 726 454 191 783 492 409 620 1441 566 1072 330 1189 202 1442 273 422 1030 666 649 1201 536 474 882 919 922 749 668 364 755 950 927 642 0 126 641 717 942 427 640 359 1222 919 363 859 1272 716 933 1083 978 1071 855 364 312 386 866 644
783 1434 511 758 1313 658 1027 816 334 1211 1545 517 358 1409 407 1023 416 628 507 933 937 395 1499 632 622 351 294 760 389 305 516 1545 669 1175 227 1292 306 1545 377 526 1134 770 752 1305 640 577 879 1022 1026 852 565 468 669 1053 1030 538 126 0 538 821 1045 531 743 462 1325 1022 259 963 1375 819 1037 1186 1081 1175 958 261 415 283 969 541
1084 1949 263 1273 1828 958 1464 1331 407 1726 2036 1032 761 1925 480 1441 490 929 258 1448 1452 347 2014 933 923 652 809 834 462 379 268 2036 996 1691 528 1807 821 2035 892 1041 1649 1049 1268 1820 1155 1092 1179 1442 1541 1131 865 983 969 1418 1467 839 641 538 0 1100 1560 1046 1259 831 1840 1442 560 1400 1891 1334 1474 1702 1596 1690 1395 300 931 303 1406 292
1572 1154 1073 1015 1263 1368 1515 748 739 1515 1051 794 1156 1173 704 1474 656 1418 1069 865 1388 957 1100 1422 1412 1140 793 884 683 788 1078 1051 711 1126 1016 1242 804 1051 875 983 1389 194 1224 1530 694 1076 1484 1473 976 87 1354 836 1357 1541 1518 1328 717 821 1100 0 995 985 833 722 1630 1474 1049 1450 1220 1307 1524 1137 1336 1400 1446 823 710 845 1457 1103
1578 428 1534 309 306 1180 1018 369 1356 810 538 598 1381 403 1429 768 1381 1424 1529 186 683 1417 493 1427 1417 1373 782 1609 1408 1328 1539 538 1392 169 1250 286 763 539 1100 543 447 1121 518 574 497 888 1296 768 271 1069 1360 639 1169 905 1021 1406 942 1045 1560 1038 0 545 366 1185 776 768 1282 989 369 695 1027 322 631 444 981 1283 958 1305 977 1564
1063 934 1019 258 813 666 609 364 842 741 1045 276 866 909 915 604 867 909 1015 442 518 903 999 913 903 859 267 1095 894 813 1024 1045 878 675 735 792 248 1045 585 55 634 978 334 805 398 373 781 604 526 1059 845 226 655 635 612 892 427 531 1046 1027 545 0 244 671 855 604 767 545 876 401 618 687 581 675 540 769 443 791 551 1049
1276 754 1232 224 633 879 822 213 1055 724 865 435 1079 730 1128 683 1080 1122 1227 257 597 1116 819 1126 1116 1071 480 1308 1107 1026 1237 865 1091 496 948 613 461 865 798 241 598 959 433 769 335 586 994 683 346 907 1058 439 868 819 825 1104 640 743 1259 876 366 244 0 883 839 683 980 757 696 610 831 507 545 639 753 981 656 1004 763 1262
1243 1698 744 1102 1657 1118 1372 1160 410 1555 1596 861 921 1718 375 1367 327 1089 740 1277 1281 628 1645 1093 1083 811 638 555 354 459 749 1596 556 1519 687 1636 650 1595 721 870 1478 609 1097 1649 984 921 1329 1366 1370 691 1025 812 1129 1397 1375 999 563 666 771 660 1389 875 1087 0 1669 1367 720 1307 1719 1163 1381 1530 1425 1519 1303 494 556 516 1313 774
1487 653 1814 638 636 1089 859 1003 1637 183 842 1070 1661 673 1709 610 1661 1332 1809 820 524 1698 858 1336 1326 1561 1062 1889 1689 1608 1819 842 1673 742 1530 790 1043 842 1380 853 390 1755 602 365 1131 1168 1205 609 905 1703 1269 1021 1078 746 862 1315 1222 1325 1840 1672 776 855 839 1465 0 610 1562 831 819 537 868 895 321 386 823 1563 1238 1585 819 1844
913 1157 1415 481 1036 516 285 847 1238 495 1268 767 1106 1132 1311 51 1320 759 1411 664 135 1299 1222 763 753 988 759 1587 1293 1209 1420 1268 1370 898 1131 1015 740 1268 1077 599 857 1470 366 955 890 753 631 51 749 1547 695 718 505 173 288 741 919 1022 1442 1516 768 604 683 1163 610 0 1163 257 1098 234 295 909 539 898 249 1165 935 1187 245 1445
805 1670 533 994 1549 680 1186 1053 356 1447 1781 753 482 1646 429 1163 438 651 529 1169 1173 417 1735 654 644 373 530 782 411 327 538 1781 906 1412 82 1529 542 1781 613 762 1370 997 989 1541 876 814 901 1163 1262 1080 587 704 691 1140 1189 560 363 259 560 1049 1282 767 980 699 1562 1163 0 1121 1612 1056 1195 1423 1318 1411 1117 283 652 305 1127 563
871 1378 1373 702 1257 473 123 878 1196 716 1489 708 1064 1353 1269 257 1278 717 1369 885 356 1257 1443 721 711 946 699 1527 1251 1167 1378 1489 1310 1119 1089 1236 680 1489 1017 539 1078 1410 547 1176 830 711 589 257 970 1493 653 658 462 116 126 699 859 963 1400 1462 989 545 757 1103 831 257 1121 0 1319 445 132 1130 760 1119 29 1122 875 1145 31 1403
1908 205 1864 639 212 1511 1348 627 1687 983 208 928 1711 181 1760 1099 1712 1754 1859 516 1013 1748 156 1758 1748 1704 1112 1940 1739 1658 1869 208 1723 237 1580 114 1093 209 1430 873 490 1348 849 616 827 1218 1626 1098 431 1296 1690 969 1500 1235 1351 1736 1272 1375 1891 1265 369 876 696 1515 819 1098 1612 1319 0 1026 1357 223 945 486 1311 1613 1288 1636 1308 1894
1111 1084 1308 408 963 714 483 734 1130 422 1195 564 1155 1060 1203 234 1155 957 1303 592 148 1191 1149 961 951 1147 555 1383 1182 1102 1313 1195 1166 826 1024 942 537 1195 874 396 784 1267 236 882 687 662 829 234 676 1349 893 514 703 370 486 939 716 819 1334 1318 695 401 610 959 537 234 1056 445 1026 0 492 837 466 825 441 1057 732 1079 443 1338
945 1415 1447 739 1294 547 32 952 1270 754 1526 781 1138 1391 1343 294 1352 791 1442 923 393 1331 1480 795 785 1020 773 1601 1325 1241 1452 1526 1384 1157 1163 1274 754 1526 1091 613 1115 1484 621 1214 904 784 663 295 1007 1567 727 732 536 174 30 773 933 1037 1474 1536 1027 618 831 1177 868 295 1195 132 1357 492 0 1168 798 1156 128 1196 949 1219 139 1477
1719 285 1675 450 292 1322 1159 431 1498 951 395 739 1522 260 1571 910 1523 1565 1670 327 824 1559 347 1569 1559 1514 923 1751 1550 1469 1680 395 1534 186 1391 136 904 396 1241 684 566 1262 660 693 638 1029 1437 909 235 1210 1501 780 1311 1046 1162 1547 1083 1186 1702 1179 322 687 507 1326 895 909 1423 1130 223 837 1168 0 772 563 1122 1424 1099 1447 1119 1705
1416 779 1570 345 762 1019 789 710 1392 206 968 826 1417 799 1465 539 1417 1262 1565 527 453 1453 984 1266 1256 1409 818 1645 1444 1364 1575 968 1428 761 1286 878 799 968 1136 579 471 1462 531 642 838 924 1134 539 611 1410 1198 777 1008 676 791 1245 978 1081 1596 1378 631 581 545 1221 321 539 1318 760 945 466 798 772 0 512 752 1319 994 1341 748 1600
1707 320 1663 439 303 1310 1147 774 1486 550 510 919 1510 340 1559 898 1511 1553 1659 591 812 1547 525 1557 1547 1503 911 1739 1538 1457 1668 510 1522 409 1379 457 892 509 1229 673 57 1526 648 184 902 1017 1425 898 675 1474 1489 870 1299 1034 1150 1536 1071 1175 1690 1442 444 675 639 1315 386 898 1411 1119 486 825 1156 563 512 0 1111 1413 1087 1435 1107 1693
867 1370 1369 694 1249 469 119 873 1191 708 1481 703 1059 1345 1264 249 1274 712 1364 877 348 1252 1435 716 706 941 695 1523 1246 1163 1374 1481 1306 1111 1085 1228 676 1481 1013 535 1070 1406 543 1168 826 706 585 249 962 1489 649 654 458 108 122 695 855 958 1395 1457 981 540 753 1099 823 249 1117 29 1311 441 128 1122 752 1111 0 1118 871 1140 23 1399
806 1672 274 996 1551 681 1187 1054 130 1449 1758 755 484 1647 203 1164 212 652 269 1171 1175 158 1737 656 646 374 532 556 185 101 279 1758 719 1413 251 1530 544 1758 615 764 1372 771 991 1543 878 815 902 1165 1264 854 588 706 692 1141 1190 562 364 261 300 823 1283 769 981 554 1563 1165 283 1122 1613 1057 1196 1424 1319 1413 1118 0 654 79 1129 304
1176 1346 904 670 1225 782 940 729 631 1123 1457 430 751 1322 596 935 548 1021 900 845 849 788 1411 1025 1015 744 301 776 575 680 909 1457 559 1088 620 1205 282 1457 470 438 1046 659 665 1217 552 490 898 935 938 742 957 380 771 966 943 931 312 415 931 710 958 443 656 352 1238 935 652 875 1288 732 949 1099 994 1087 871 654 0 676 882 934
829 1694 276 1018 1573 703 1209 1076 152 1471 1781 777 506 1670 225 1186 235 674 272 1193 1197 160 1759 678 668 397 554 579 207 124 281 1781 741 1436 273 1552 566 1780 637 786 1394 794 1013 1565 900 837 925 1187 1286 876 610 728 714 1163 1212 584 386 283 303 845 1305 791 1004 576 1585 1187 305 1145 1636 1079 1219 1447 1341 1435 1140 79 676 0 1151 306
877 1366 1379 690 1245 480 129 884 1202 704 1477 714 1070 1342 1275 245 1284 723 1375 874 344 1263 1431 727 717 952 705 1533 1257 1173 1384 1477 1316 1108 1095 1224 687 1477 1024 546 1066 1417 553 1164 837 717 595 245 958 1499 659 664 469 104 132 705 866 969 1406 1468 977 551 763 1109 819 245 1127 31 1308 443 139 1119 748 1107 23 1129 882 1151 0 1409
1087 1952 228 1276 1831 962 1468 1334 411 1729 2039 1035 764 1928 484 1445 493 933 223 1451 1455 350 2017 936 926 655 812 837 466 382 233 2039 999 1694 531 1811 824 2039 895 1044 1652 1052 1271 1823 1158 1096 1183 1445 1544 1135 869 986 973 1422 1471 842 644 541 292 1103 1564 1049 1262 835 1844 1445 563 1403 1894 1338 1477 1705 1600 1693 1399 304 934 306 1409 0
EOF