NAME : tsp_problem
TYPE : TSP
DIMENSION : 26
EDGE_WEIGHT_TYPE : EXPLICIT
EDGE_WEIGHT_FORMAT : FULL_MATRIX
EDGE_WEIGHT_SECTION
0 415 841 1426 503 316 1349 1623 1345 1642 952 1363 805 531 286 395 1503 1038 308 287 871 543 1427 1659 1142 959
415 0 601 1078 263 596 1002 1276 997 1295 838 1015 457 456 158 456 1155 690 233 599 796 231 1079 1311 794 826
841 601 0 760 697 990 1087 958 679 977 372 1083 543 448 739 850 1241 776 552 993 533 443 1165 993 880 360
1426 1078 760 0 997 1589 652 352 479 371 702 505 806 1114 1168 1449 805 854 1151 1592 1199 921 729 387 958 709
503 263 697 997 0 684 921 1195 916 1214 934 934 376 679 245 544 1074 609 456 687 1020 453 998 1230 713 922
316 596 990 1589 684 0 1512 1786 1507 1805 1100 1525 967 680 515 176 1665 1200 457 223 944 692 1589 1821 1304 1108
1349 1002 1087 652 921 1512 0 849 948 868 1171 361 569 1104 1092 1372 501 550 1074 1515 1494 844 107 884 654 1179
1623 1276 958 352 1195 1786 849 0 676 43 899 702 1003 1311 1366 1646 1002 1051 1348 1789 1397 1118 926 59 1155 907
1345 997 679 479 916 1507 948 676 0 695 621 801 724 1033 1087 1367 1101 957 1069 1510 1118 839 1026 711 1061 628
1642 1295 977 371 1214 1805 868 43 695 0 918 721 1022 1331 1385 1665 1021 1070 1367 1808 1416 1137 945 60 1174 926
952 838 372 702 934 1100 1171 899 621 918 0 1025 780 559 976 960 1325 1013 663 1104 644 680 1249 934 1117 30
1363 1015 1083 505 934 1525 361 702 801 721 1025 0 582 1117 1105 1385 514 563 1087 1528 1507 857 438 737 667 1032
805 457 543 806 376 967 569 1003 724 1022 780 582 0 559 547 827 722 257 529 970 949 299 646 1038 361 768
531 456 448 1114 679 680 1104 1311 1033 1331 559 1117 559 0 568 540 1257 792 242 683 559 283 1181 1347 896 566
286 158 739 1168 245 515 1092 1366 1087 1385 976 1105 547 568 0 433 1245 780 346 486 909 369 1169 1401 884 964
395 456 850 1449 544 176 1372 1646 1367 1665 960 1385 827 540 433 0 1525 1060 317 369 880 552 1449 1681 1164 968
1503 1155 1241 805 1074 1665 501 1002 1101 1021 1325 514 722 1257 1245 1525 0 703 1227 1668 1647 997 578 1037 807 1332
1038 690 776 854 609 1200 550 1051 957 1070 1013 563 257 792 780 1060 703 0 762 1203 1182 532 627 1086 146 1001
308 233 552 1151 456 457 1074 1348 1069 1367 663 1087 529 242 346 317 1227 762 0 460 582 254 1151 1383 866 670
287 599 993 1592 687 223 1515 1789 1510 1808 1104 1528 970 683 486 369 1668 1203 460 0 1023 695 1592 1824 1307 1111
871 796 533 1199 1020 944 1494 1397 1118 1416 644 1507 949 559 909 880 1647 1182 582 1023 0 704 1571 1432 1286 651
543 231 443 921 453 692 844 1118 839 1137 680 857 299 283 369 552 997 532 254 695 704 0 921 1153 636 668
1427 1079 1165 729 998 1589 107 926 1026 945 1249 438 646 1181 1169 1449 578 627 1151 1592 1571 921 0 962 731 1256
1659 1311 993 387 1230 1821 884 59 711 60 934 737 1038 1347 1401 1681 1037 1086 1383 1824 1432 1153 962 0 1190 942
1142 794 880 958 713 1304 654 1155 1061 1174 1117 667 361 896 884 1164 807 146 866 1307 1286 636 731 1190 0 1105
959 826 360 709 922 1108 1179 907 628 926 30 1032 768 566 964 968 1332 1001 670 1111 651 668 1256 942 1105 0
EOF