NAME : tsp_problem
TYPE : TSP
DIMENSION : 70
EDGE_WEIGHT_TYPE : EXPLICIT
EDGE_WEIGHT_FORMAT : FULL_MATRIX
EDGE_WEIGHT_SECTION
0 1488 1214 1579 587 639 359 1156 1007 799 800 1442 1265 835 1213 581 586 260 311 1416 1348 966 1359 726 1729 553 1146 700 1505 742 1534 561 1546 685 1104 223 1372 203 668 292 279 1029 1226 685 328 269 1119 1000 578 1451 416 358 427 1451 754 202 759 602 718 762 1596 771 1331 1094 998 1424 75 685 549 1751
1488 0 366 137 1005 980 1568 619 1856 1645 845 1280 1940 723 489 1360 1005 1656 1707 392 1270 732 397 811 267 1096 1822 1042 402 1592 1355 1140 177 919 814 1431 1345 1598 982 1500 1455 552 580 919 1536 1664 1460 562 1427 427 1331 1715 1543 259 1603 1598 1608 1608 1059 895 134 869 1424 1436 582 400 1545 919 1227 289
1214 366 0 457 731 706 1293 345 1582 1371 571 1006 1666 449 215 1086 731 1381 1433 418 996 458 659 537 607 822 1548 768 664 1317 1081 865 439 645 677 1157 1071 1324 708 1226 1181 278 306 645 1262 1390 1186 288 1153 453 1056 1441 1269 329 1329 1324 1334 1334 785 621 475 595 1150 1162 308 426 1271 645 953 629
1579 137 457 0 1096 1071 1658 530 1947 1736 936 1265 2031 814 446 1451 1096 1746 1798 293 1255 823 508 902 192 1187 1913 1133 514 1682 1340 1230 191 1010 925 1522 1330 1689 1073 1591 1546 643 485 1010 1627 1755 1551 653 1518 327 1422 1806 1634 160 1694 1689 1699 1699 1150 986 59 960 1409 1527 673 301 1636 1010 1318 213
587 1005 731 1096 0 721 666 861 1501 1293 383 1522 1681 680 730 1075 51 754 806 933 1433 974 809 771 1246 445 1563 782 955 1237 1596 171 1063 135 553 530 1457 697 284 599 515 722 821 135 635 763 1201 643 1072 968 440 853 921 968 1248 697 1253 1097 800 481 1113 407 1416 1176 808 941 644 135 258 1268
639 980 706 1071 721 0 719 649 950 739 364 881 1035 328 706 454 721 807 858 909 786 459 998 219 1222 479 916 136 1003 686 972 757 1038 636 863 583 810 749 525 651 607 521 719 635 687 815 554 492 521 944 715 809 637 944 697 749 702 702 153 261 1089 335 769 530 491 917 696 636 666 1243
359 1568 1293 1658 666 719 0 1236 884 1066 880 1525 1532 915 1293 848 666 527 578 1496 1431 1046 1439 806 1809 632 1413 780 1585 1009 1617 641 1626 765 1183 168 1455 470 748 97 359 1108 1306 765 65 536 1199 1080 845 1531 496 626 694 1531 1021 469 1026 869 798 841 1676 851 1414 1174 1078 1504 417 765 629 1830
1156 619 345 530 861 649 1236 0 1524 1313 701 930 1609 398 282 1029 861 1324 1375 360 920 382 912 461 683 830 1490 710 918 1260 1005 996 682 775 807 1100 995 1266 838 1168 1123 202 147 775 1204 1332 1129 297 1096 395 1065 1384 1212 421 1271 1266 1276 1276 727 611 550 685 1074 1104 232 369 1213 775 1017 704
1007 1856 1582 1947 1501 950 884 1524 0 749 1240 1393 1215 1203 1582 531 1501 911 1035 1785 1298 1335 1874 1095 2098 1355 1096 838 1879 323 1484 1476 1914 1511 1739 1006 1322 926 1401 934 1194 1397 1595 1511 903 992 1075 1368 456 1820 1331 816 644 1819 704 926 709 811 831 1136 1965 1211 1281 1050 1367 1793 1064 1511 1464 2119
799 1648 1374 1739 1293 742 1066 1316 749 0 1032 689 511 995 1374 323 1293 703 827 1577 594 1126 1666 887 1631 1147 393 630 1671 484 781 1268 1706 1303 1531 930 619 718 1192 998 986 1189 1386 1303 1034 784 410 1160 320 1611 1123 608 436 1611 268 718 273 603 623 928 1752 1003 577 370 1159 1585 856 1303 1256 1618
800 845 571 936 383 364 880 701 1240 1029 0 1170 1324 345 570 744 383 968 1019 774 1076 653 862 414 1086 278 1206 425 868 975 1262 518 903 298 630 744 1100 910 299 812 729 539 661 297 848 976 844 483 811 808 513 1066 927 808 987 910 992 992 443 124 953 81 1059 819 515 782 857 298 465 1108
1442 1238 964 1224 1480 881 1525 888 1393 689 1159 0 984 891 964 906 1480 1347 1471 1167 117 565 1531 777 1070 1274 866 769 1537 1128 219 1552 1224 1394 1426 1389 192 1362 1320 1458 1413 780 958 1394 1493 1428 548 874 964 1202 1510 1252 1080 1201 912 1362 917 1153 761 1056 1191 1130 243 742 731 1175 1500 1394 1461 1057
1265 1944 1670 2035 1685 1038 1532 1613 1215 511 1328 984 0 1291 1670 788 1685 1169 1293 1873 890 1422 1962 1183 1926 1443 222 926 1967 950 1076 1721 2002 1599 1827 1395 914 1184 1489 1464 1451 1485 1683 1599 1500 1250 706 1456 786 1908 1589 1074 902 1907 734 1184 739 1068 919 1225 2048 1299 873 666 1455 1881 1322 1599 1630 1914
835 723 449 814 680 328 915 398 1203 992 345 933 1288 0 448 708 681 1003 1054 651 923 385 861 377 964 460 1169 389 866 939 1007 738 796 595 726 779 997 945 506 847 802 222 465 595 883 1011 807 193 774 686 696 1062 890 686 950 945 955 955 406 242 831 316 1022 783 199 660 892 595 647 986
1213 489 215 446 730 706 1293 282 1582 1371 570 1006 1666 448 0 1086 731 1381 1432 277 996 458 782 536 599 822 1548 767 787 1317 1081 865 562 645 676 1157 1070 1323 707 1226 1181 278 237 645 1261 1390 1186 288 1153 311 1056 1441 1269 337 1329 1323 1334 1334 784 620 466 595 1150 1161 308 285 1270 645 952 621
581 1360 1086 1451 1075 454 848 1029 531 323 744 906 788 708 1086 0 1074 485 609 1289 811 839 1378 599 1602 859 670 342 1383 266 997 1050 1418 1016 1243 712 835 500 905 780 767 901 1099 1015 816 566 579 873 102 1324 905 390 218 1324 278 500 283 315 335 641 1469 715 794 555 871 1297 638 1016 1037 1623
586 1005 731 1096 51 721 666 861 1501 1293 383 1522 1681 681 731 1074 0 754 805 934 1433 974 809 771 1246 444 1563 783 955 1236 1597 170 1063 135 553 530 1457 696 284 598 515 722 821 135 634 762 1201 643 1072 968 440 852 921 968 1248 696 1252 1096 800 481 1114 408 1416 1177 808 942 643 135 258 1268
260 1656 1381 1746 754 807 527 1324 911 703 968 1347 1169 1003 1381 485 754 0 288 1584 1252 1134 1527 894 1897 720 1050 792 1673 646 1438 729 1714 853 1271 391 1276 179 836 460 447 1196 1394 853 495 246 1029 1168 482 1619 584 263 331 1619 658 179 663 507 785 929 1764 939 1235 1004 1166 1592 317 853 717 1918
311 1707 1433 1798 806 858 578 1375 1035 827 1019 1471 1293 1054 1432 609 805 288 0 1635 1376 1185 1578 946 1948 772 1174 916 1725 770 1562 780 1765 904 1323 442 1400 137 888 511 498 1248 1445 904 547 72 1153 1219 606 1670 636 387 455 1670 782 137 787 631 909 981 1815 990 1359 1128 1218 1644 369 905 768 1970
1416 392 418 293 933 909 1496 360 1785 1574 774 1209 1869 651 277 1289 934 1584 1635 0 1199 661 760 739 446 1025 1751 970 765 1520 1284 1068 445 848 880 1360 1273 1527 910 1429 1384 481 316 848 1464 1593 1389 491 1356 62 1259 1644 1472 184 1532 1526 1537 1537 988 823 313 798 1353 1364 511 68 1473 848 1155 468
1348 1228 954 1214 1433 786 1431 878 1298 594 1076 117 890 880 954 811 1433 1252 1376 1157 0 555 1521 766 1059 1191 771 674 1526 1033 209 1469 1213 1347 1416 1294 97 1267 1236 1363 1318 770 948 1347 1399 1333 454 864 869 1191 1426 1157 985 1191 817 1267 822 1058 667 972 1180 1047 177 647 720 1165 1405 1347 1378 1047
966 732 458 823 974 459 1046 382 1335 1123 653 607 1419 385 458 839 974 1134 1185 661 597 0 1025 271 869 769 1301 520 1031 1070 682 1047 806 888 920 910 672 1076 814 978 934 274 453 888 1014 1142 939 368 906 696 1004 1194 1022 696 1082 1076 1086 1086 537 550 841 624 751 914 225 669 1023 888 956 857
1359 397 659 508 809 998 1439 912 1874 1663 862 1573 1958 861 782 1378 809 1527 1578 760 1563 1025 0 1048 638 957 1840 1059 157 1609 1648 944 343 723 534 1303 1638 1470 786 1372 1288 803 873 723 1407 1536 1478 723 1445 794 1135 1626 1561 604 1621 1469 1625 1626 1076 912 476 887 1693 1453 875 768 1416 723 1031 634
726 811 537 902 771 219 806 461 1095 884 414 819 1179 377 536 599 771 894 946 739 809 271 1048 0 1052 529 1061 280 1053 830 893 807 884 685 913 670 883 837 574 739 694 352 531 685 774 903 699 447 666 774 764 954 782 774 842 837 847 847 298 310 919 385 914 674 303 748 784 685 716 1068
1729 267 607 192 1246 1222 1809 683 2098 1675 1086 1114 1971 964 599 1602 1246 1897 1948 446 1104 912 638 1052 0 1338 1852 1283 643 1833 1189 1381 321 1161 1055 1673 1178 1839 1223 1741 1697 794 638 1161 1777 1905 1534 804 1669 481 1572 1957 1785 314 1845 1839 1849 1849 1300 1136 189 1111 1258 1677 824 454 1786 1161 1468 76
553 1096 822 1187 445 479 632 830 1355 1144 278 1286 1439 460 822 859 444 720 772 1025 1191 769 957 529 1338 0 1321 541 1103 1090 1377 308 1154 369 701 496 1215 663 203 565 481 654 896 369 601 729 959 625 926 1060 265 819 887 1060 1102 663 1107 1063 558 239 1205 249 1174 934 631 1033 610 369 217 1359
1146 1826 1552 1917 1567 920 1413 1494 1096 393 1210 866 222 1173 1551 670 1567 1050 1174 1755 771 1304 1843 1065 1808 1325 0 808 1849 832 958 1603 1884 1481 1709 1277 796 1065 1370 1346 1333 1367 1564 1481 1381 1132 587 1338 667 1789 1470 955 783 1789 616 1065 621 950 800 1106 1929 1180 754 547 1337 1763 1203 1481 1512 1796
700 1042 768 1133 782 136 780 710 838 627 425 769 923 389 767 342 783 792 916 970 674 520 1059 280 1283 541 804 0 1065 574 860 818 1100 697 925 644 698 807 586 713 668 583 780 697 749 873 442 554 409 1005 776 697 525 1005 585 807 590 590 52 322 1150 396 657 418 552 978 758 697 728 1305
1505 402 664 514 955 1003 1585 918 1879 1668 868 1579 1963 866 787 1383 955 1673 1725 765 1568 1031 157 1053 643 1103 1845 1065 0 1615 1653 1090 349 869 680 1449 1643 1616 932 1518 1434 808 878 869 1553 1682 1483 729 1450 800 1281 1738 1566 609 1626 1616 1631 1631 1082 918 481 892 1698 1459 881 773 1563 869 1177 640
742 1592 1317 1682 1237 686 1009 1260 323 484 975 1128 950 939 1317 266 1236 646 770 1520 1033 1070 1609 830 1833 1090 832 574 1615 0 1220 1211 1650 1247 1474 873 1058 662 1136 942 929 1132 1330 1247 977 728 810 1104 191 1555 1066 552 380 1555 439 661 444 546 566 872 1700 946 1016 786 1102 1528 799 1247 1199 1854
1534 1313 1039 1299 1554 972 1617 963 1484 781 1234 219 1076 965 1038 997 1555 1438 1562 1241 209 640 1606 851 1144 1349 958 860 1611 1220 0 1627 1298 1469 1500 1481 284 1453 1395 1549 1505 854 1033 1469 1585 1520 640 949 1055 1276 1584 1343 1171 1276 1004 1453 1009 1245 853 1130 1265 1205 363 833 805 1250 1591 1469 1536 1132
561 1140 865 1230 171 757 641 996 1476 1268 518 1563 1717 738 865 1050 170 729 780 1068 1469 1047 944 807 1381 308 1599 818 1090 1211 1655 0 1198 270 688 505 1493 671 418 573 490 857 956 270 609 737 1237 778 1047 1103 353 827 896 1103 1223 671 1227 1071 836 517 1248 526 1452 1212 908 1076 618 270 121 1402
1546 177 439 191 1063 1038 1626 682 1914 1703 903 1265 1999 796 562 1418 1063 1714 1765 445 1255 806 343 884 321 1154 1880 1100 349 1650 1339 1198 0 977 761 1489 1329 1656 1040 1558 1513 625 637 977 1594 1722 1518 635 1485 480 1389 1773 1601 313 1661 1656 1666 1666 1117 953 157 927 1409 1494 656 453 1603 977 1285 316
685 919 645 1010 135 636 765 775 1511 1300 298 1436 1596 595 645 1016 135 853 904 848 1347 888 723 685 1161 369 1477 697 869 1247 1511 270 977 0 468 629 1372 796 198 698 614 636 736 49 733 862 1115 557 1082 883 539 951 1020 882 1258 795 1263 1195 714 395 1028 322 1330 1091 722 856 742 49 357 1182
1104 814 677 925 553 863 1183 807 1739 1528 630 1468 1823 726 676 1243 553 1271 1323 880 1458 920 534 913 1055 701 1705 925 680 1474 1543 688 761 468 0 1047 1532 1214 530 1116 1032 668 767 467 1152 1280 1343 589 1310 914 879 1370 1426 914 1486 1214 1491 1491 942 727 893 654 1558 1319 754 888 1161 468 775 1052
223 1431 1157 1522 530 583 168 1100 1006 930 744 1389 1395 779 1157 712 530 391 442 1360 1294 910 1303 670 1673 496 1277 644 1449 873 1481 505 1489 629 1047 0 1319 333 612 154 223 972 1170 629 143 399 1063 943 709 1395 360 489 558 1395 885 333 889 733 661 705 1540 715 1278 1038 942 1368 280 629 493 1694
1372 1302 1028 1288 1457 810 1455 952 1322 619 1100 192 914 955 1028 835 1457 1276 1400 1231 97 630 1595 841 1134 1215 796 698 1601 1058 284 1493 1288 1372 1490 1319 0 1291 1261 1388 1343 844 1023 1371 1423 1358 478 938 893 1266 1451 1181 1009 1266 842 1291 847 1083 691 997 1255 1071 201 671 795 1239 1429 1372 1402 1122
203 1598 1324 1689 697 749 470 1266 926 718 910 1362 1184 945 1323 500 696 179 137 1527 1267 1076 1470 837 1839 663 1065 807 1616 662 1453 671 1656 796 1214 333 1291 0 779 402 389 1139 1336 795 438 94 1044 1110 497 1561 527 278 346 1561 673 82 678 522 800 872 1706 881 1250 1019 1109 1535 260 796 659 1861
668 982 708 1073 284 525 748 838 1401 1189 299 1331 1485 506 707 905 284 836 888 910 1236 814 786 574 1223 203 1367 586 932 1136 1423 418 1040 198 530 612 1261 779 0 681 597 699 798 198 717 845 1005 620 972 945 381 935 1003 945 1147 779 1152 1152 603 285 1090 294 1220 980 676 918 726 198 333 1245
292 1500 1226 1591 599 651 97 1168 934 998 812 1458 1464 847 1226 780 598 460 511 1429 1363 978 1372 739 1741 565 1346 713 1518 942 1549 573 1558 698 1116 154 1388 402 681 0 291 1041 1238 698 71 468 1131 1012 777 1463 429 558 627 1463 953 402 958 802 730 774 1609 783 1346 1107 1011 1437 349 698 561 1763
279 1455 1181 1546 515 607 359 1123 1194 986 729 1413 1451 802 1181 767 515 447 498 1384 1318 934 1288 694 1697 481 1333 668 1434 929 1505 490 1513 614 1032 223 1343 389 597 291 0 996 1193 614 327 455 1086 967 765 1418 345 545 614 1418 941 389 945 789 685 690 1564 700 1301 1062 966 1392 336 614 478 1718
1029 552 278 643 722 521 1108 202 1397 1186 539 822 1481 222 278 901 722 1196 1248 481 812 274 803 352 794 654 1363 583 808 1132 897 857 625 636 668 972 886 1139 699 1041 996 0 272 636 1077 1205 1001 112 968 516 890 1256 1084 515 1144 1139 1149 1149 600 436 661 510 966 977 124 489 1086 636 841 815
1226 580 306 485 821 719 1306 147 1595 1383 661 1001 1679 465 237 1099 821 1394 1445 316 990 453 873 531 638 896 1560 780 878 1330 1075 956 637 736 767 1170 1065 1336 798 1238 1193 272 0 736 1274 1402 1199 304 1166 350 1132 1454 1282 377 1341 1336 1346 1346 797 678 505 686 1144 1174 302 324 1283 736 1043 660
685 919 645 1010 135 635 765 775 1511 1300 297 1436 1596 595 645 1015 135 853 904 848 1347 888 723 685 1161 369 1477 697 869 1247 1511 270 977 49 467 629 1371 795 198 698 614 636 736 0 733 862 1115 557 1082 882 539 951 1020 882 1258 795 1263 1195 714 395 1028 322 1330 1091 722 856 742 49 357 1182
328 1536 1262 1627 635 687 65 1204 903 1034 848 1493 1500 883 1261 816 634 495 547 1464 1399 1014 1407 774 1777 601 1381 749 1553 977 1585 609 1594 733 1152 143 1423 438 717 71 327 1077 1274 733 0 504 1167 1048 813 1499 464 594 662 1499 989 438 994 838 766 810 1644 819 1382 1142 1046 1473 385 733 597 1799
269 1664 1390 1755 763 815 536 1332 992 784 976 1428 1250 1011 1390 566 762 246 72 1593 1333 1142 1536 903 1905 729 1132 873 1682 728 1520 737 1722 862 1280 399 1358 94 845 468 455 1205 1402 862 504 0 1110 1176 563 1627 593 344 413 1627 739 94 744 588 866 938 1773 947 1316 1086 1175 1601 326 862 725 1927
1119 1460 1186 1551 1201 554 1199 1129 1075 410 844 548 706 807 1186 579 1201 1029 1153 1389 454 939 1478 699 1490 959 587 442 1483 810 640 1237 1518 1115 1343 1063 478 1044 1005 1131 1086 1001 1199 1115 1167 1110 0 972 646 1424 1194 934 762 1423 633 1044 638 827 435 740 1569 815 437 415 971 1397 1176 1115 1146 1478
1000 562 288 653 643 492 1080 297 1368 1157 483 916 1453 193 288 873 643 1168 1219 491 906 368 723 447 804 625 1334 554 729 1104 991 778 635 557 589 943 981 1110 620 1012 967 112 304 557 1048 1176 972 0 939 526 861 1227 1055 525 1115 1110 1120 1120 571 407 671 481 1060 948 198 499 1057 557 812 825
578 1427 1153 1518 1072 521 845 1096 456 320 811 964 786 774 1153 102 1072 482 606 1356 869 906 1445 666 1669 926 667 409 1450 191 1055 1047 1485 1082 1310 709 893 497 972 777 765 968 1166 1082 813 563 646 939 0 1391 902 387 215 1390 275 497 280 382 402 707 1536 782 852 621 938 1364 635 1082 1035 1690
1451 427 453 327 968 944 1531 395 1820 1608 808 1244 1904 686 311 1324 968 1619 1670 62 1234 696 794 774 481 1060 1785 1005 800 1555 1318 1103 480 883 914 1395 1308 1561 945 1463 1418 516 350 882 1499 1627 1424 526 1391 0 1294 1679 1507 219 1566 1561 1571 1571 1022 858 348 833 1388 1399 546 53 1508 883 1190 502
416 1331 1056 1422 440 715 496 1065 1331 1123 513 1521 1589 696 1056 905 440 584 636 1259 1426 1004 1135 764 1572 265 1470 776 1281 1066 1613 353 1389 539 879 360 1451 527 381 429 345 890 1132 539 464 593 1194 861 902 1294 0 683 751 1294 1078 527 1083 927 793 474 1439 484 1409 1170 866 1267 474 539 262 1593
358 1715 1441 1806 853 809 626 1384 816 608 1066 1252 1074 1062 1441 390 852 263 387 1644 1157 1194 1626 954 1957 819 955 697 1738 552 1343 827 1773 951 1370 489 1181 278 935 558 545 1256 1454 951 594 344 934 1227 387 1679 683 0 236 1678 563 278 568 412 690 995 1824 1037 1140 909 1226 1652 416 952 815 1978
427 1543 1269 1634 921 637 694 1212 644 436 927 1080 902 890 1269 218 921 331 455 1472 985 1022 1561 782 1785 887 783 525 1566 380 1171 896 1601 1020 1426 558 1009 346 1003 627 614 1084 1282 1020 662 413 762 1055 215 1507 751 236 0 1506 391 346 396 257 518 823 1652 898 968 737 1054 1480 484 1020 884 1806
1451 259 329 160 968 944 1531 421 1819 1608 808 1244 1904 686 337 1324 968 1619 1670 184 1233 696 604 774 314 1060 1785 1005 609 1555 1318 1103 313 882 914 1395 1308 1561 945 1463 1418 515 377 882 1499 1627 1423 525 1390 219 1294 1678 1506 0 1566 1561 1571 1571 1022 858 181 832 1387 1399 546 192 1508 882 1190 335
754 1603 1329 1694 1248 697 1021 1271 704 268 987 912 734 950 1329 278 1248 658 782 1532 817 1082 1621 842 1845 1102 616 585 1626 439 1004 1223 1661 1258 1486 885 842 673 1147 953 941 1144 1341 1258 989 739 633 1115 275 1566 1078 563 391 1566 0 673 69 558 578 883 1712 958 801 593 1114 1540 811 1258 1211 1842
202 1598 1324 1689 697 749 469 1266 926 718 910 1362 1184 945 1323 500 696 179 137 1526 1267 1076 1469 837 1839 663 1065 807 1616 661 1453 671 1656 795 1214 333 1291 82 779 402 389 1139 1336 795 438 94 1044 1110 497 1561 527 278 346 1561 673 0 678 522 800 872 1706 881 1250 1019 1109 1535 260 796 659 1861
759 1608 1334 1699 1253 702 1026 1276 709 273 992 917 739 955 1334 283 1252 663 787 1537 822 1086 1625 847 1849 1107 621 590 1631 444 1009 1227 1666 1263 1491 889 847 678 1152 958 945 1149 1346 1263 994 744 638 1120 280 1571 1083 568 396 1571 69 678 0 563 582 888 1716 962 805 598 1119 1545 816 1263 1215 1846
602 1608 1334 1699 1097 702 869 1276 811 603 992 1153 1068 955 1334 315 1096 507 631 1537 1058 1086 1626 847 1849 1063 950 590 1631 546 1245 1071 1666 1195 1491 733 1083 522 1152 802 789 1149 1346 1195 838 588 827 1120 382 1571 927 412 257 1571 558 522 563 0 583 888 1717 963 1042 802 1119 1545 660 1196 1059 1871
718 1059 785 1150 800 153 798 727 831 620 443 761 915 406 784 335 800 785 909 988 667 537 1076 298 1300 558 797 52 1082 566 853 836 1117 714 942 661 691 800 603 730 685 600 797 714 766 866 435 571 402 1022 793 690 518 1022 578 800 582 583 0 339 1167 413 650 410 570 996 775 714 745 1322
762 895 621 986 481 261 841 611 1136 925 124 1067 1221 242 620 641 481 929 981 823 972 550 912 310 1136 239 1102 322 918 872 1159 517 953 395 727 705 997 872 285 774 690 436 678 395 810 938 740 407 707 858 474 995 823 858 883 872 888 888 339 0 1003 95 955 716 412 831 819 395 426 1158
1596 134 475 59 1113 1089 1676 550 1965 1754 953 1232 2049 831 466 1469 1114 1764 1815 313 1222 841 476 919 189 1205 1931 1150 481 1700 1307 1248 157 1028 893 1540 1296 1706 1090 1609 1564 661 505 1028 1644 1773 1569 671 1536 348 1439 1824 1652 181 1712 1706 1716 1717 1167 1003 0 978 1376 1544 691 321 1653 1028 1335 210
771 869 595 960 407 335 851 685 1211 1000 81 1141 1295 316 595 715 408 939 990 798 1047 624 887 385 1111 249 1177 396 892 946 1233 526 927 322 654 715 1071 881 294 783 700 510 686 322 819 947 815 481 782 833 484 1037 898 832 958 881 962 963 413 95 978 0 1030 790 486 806 828 322 436 1132
1331 1382 1108 1368 1416 769 1414 1032 1281 577 1059 243 873 1022 1108 794 1416 1235 1359 1311 177 709 1675 914 1213 1174 754 657 1680 1016 363 1452 1367 1330 1558 1278 201 1250 1220 1346 1301 924 1102 1330 1382 1316 437 1018 852 1345 1409 1140 968 1345 801 1250 805 1042 650 955 1335 1030 0 630 874 1319 1388 1330 1361 1201
1190 1709 1435 1800 1450 803 1448 1377 1141 437 1093 749 732 1056 1435 714 1450 1095 1219 1638 655 1187 1727 948 1691 1208 614 691 1732 876 841 1486 1767 1364 1592 1312 679 1110 1254 1380 1335 1250 1447 1364 1416 1176 471 1221 712 1672 1443 1000 828 1672 660 1110 665 994 684 989 1812 1064 638 0 1220 1646 1248 1364 1395 1679
998 582 308 673 808 491 1078 232 1367 1156 515 773 1451 199 308 871 808 1166 1218 511 763 225 875 303 824 631 1333 552 881 1102 847 908 656 722 754 942 837 1109 676 1011 966 124 302 722 1046 1175 971 198 938 546 866 1226 1054 546 1114 1109 1119 1119 570 412 691 486 917 946 0 519 1056 722 818 845
1424 400 426 301 941 917 1504 369 1793 1582 782 1217 1877 660 285 1297 942 1592 1644 68 1207 669 768 748 454 1033 1759 978 773 1528 1292 1076 453 856 888 1368 1281 1535 918 1437 1392 489 324 856 1473 1601 1397 499 1364 53 1267 1652 1480 192 1540 1535 1545 1545 996 831 321 806 1361 1372 519 0 1482 856 1163 476
75 1545 1271 1636 644 696 417 1213 1064 856 857 1500 1322 892 1270 638 643 317 369 1473 1405 1023 1416 784 1786 610 1203 758 1563 799 1591 618 1603 742 1161 280 1429 260 726 349 336 1086 1283 742 385 326 1176 1057 635 1508 474 416 484 1508 811 260 816 660 775 819 1653 828 1388 1152 1056 1482 0 743 606 1808
685 919 645 1010 135 636 765 775 1511 1300 298 1436 1596 595 645 1016 135 853 905 848 1347 888 723 685 1161 369 1477 697 869 1247 1511 270 977 49 468 629 1372 796 198 698 614 636 736 49 733 862 1115 557 1082 883 539 952 1020 882 1258 796 1263 1196 714 395 1028 322 1330 1091 722 856 743 0 357 1182
549 1227 953 1318 258 666 629 1017 1464 1256 465 1473 1626 647 952 1037 258 717 768 1155 1378 956 1031 716 1468 217 1508 728 1177 1199 1564 121 1285 357 775 493 1402 659 333 561 478 841 1043 357 597 725 1146 812 1035 1190 262 815 884 1190 1211 659 1215 1059 745 426 1335 436 1361 1122 818 1163 606 357 0 1489
1751 289 629 213 1268 1243 1830 704 2119 1663 1108 1102 1958 986 621 1623 1268 1918 1970 468 1091 900 632 1074 76 1359 1840 1305 637 1854 1176 1402 313 1182 1049 1694 1166 1861 1245 1763 1718 815 660 1182 1799 1927 1522 825 1690 502 1593 1978 1806 335 1866 1861 1871 1871 1322 1158 210 1132 1245 1698 845 476 1808 1182 1489 0
EOF