NAME : tsp_problem
TYPE : TSP
DIMENSION : 32
EDGE_WEIGHT_TYPE : EXPLICIT
EDGE_WEIGHT_FORMAT : FULL_MATRIX
EDGE_WEIGHT_SECTION
0 239 830 1475 1459 1393 849 1067 300 211 512 950 1160 1464 878 866 1027 970 368 475 1140 1121 813 983 889 520 262 388 1389 740 892 1586
239 0 1041 1254 1239 1172 1056 1278 512 342 541 1161 1370 1385 1089 1073 1237 1177 148 504 919 1331 1021 1190 1096 549 474 314 1599 519 1103 1797
830 1041 0 909 1156 904 1102 415 690 726 1064 139 508 686 226 1120 249 1224 1106 1027 1665 343 1067 1236 1142 1072 652 940 737 1417 240 934
1475 1254 909 0 470 118 1959 1159 1547 1577 1465 1029 1251 254 852 1976 819 2080 1133 1429 879 743 1924 2093 1999 1473 1508 1238 1480 754 837 1678
1459 1239 1157 470 0 388 2207 1407 1732 1561 1450 1277 1499 502 1100 2224 1067 2328 1117 1413 864 991 2172 2341 2247 1458 1693 1223 1728 738 1086 1926
1393 1172 904 118 388 0 1954 1154 1542 1495 1384 1024 1246 250 847 1972 814 2075 1051 1347 797 738 1919 2088 1994 1391 1504 1156 1476 672 833 1673
849 1056 1102 1959 2206 1954 0 1339 705 744 1330 1222 1431 1735 1150 194 1298 417 1185 1293 1956 1392 50 430 336 1338 667 1206 1660 1556 1164 1858
1067 1278 415 1159 1406 1154 1339 0 927 962 1301 535 125 935 338 1356 611 1460 1343 1264 1915 705 1304 1473 1379 1309 888 1176 354 1654 353 552
300 512 690 1547 1732 1542 705 927 0 196 785 810 1019 1323 738 722 886 826 641 748 1412 980 670 839 745 793 118 660 1248 1013 752 1446
211 342 726 1577 1561 1495 744 962 196 0 695 846 1055 1359 774 761 922 865 471 658 1242 1016 709 878 784 703 157 571 1284 842 788 1482
512 541 1064 1465 1450 1384 1330 1301 785 695 0 1184 1394 1597 1112 1348 1261 1452 420 82 1131 1355 1295 1465 1370 52 747 253 1623 731 1126 1820
950 1161 139 1029 1276 1024 1222 535 810 846 1184 0 628 806 346 1240 369 1344 1226 1147 1785 463 1187 1356 1262 1192 772 1060 857 1537 360 1054
1160 1370 508 1251 1498 1246 1431 125 1019 1055 1394 628 0 1028 431 1449 704 1553 1436 1357 2007 798 1396 1565 1471 1401 981 1269 412 1746 445 610
1464 1385 686 254 501 250 1735 935 1323 1359 1597 806 1028 0 628 1753 596 1857 1264 1560 1010 520 1700 1869 1775 1605 1285 1369 1257 885 614 1454
878 1089 226 852 1099 847 1150 338 738 774 1112 346 431 628 0 1167 312 1271 1154 1075 1608 403 1115 1284 1190 1120 700 987 660 1465 46 858
866 1073 1120 1976 2223 1972 194 1356 722 761 1348 1240 1449 1753 1167 0 1316 435 1202 1311 1974 1410 159 396 353 1356 684 1223 1678 1574 1182 1876
1027 1237 249 819 1066 814 1298 611 886 922 1261 369 704 596 312 1316 0 1420 1303 1224 1575 154 1263 1433 1338 1268 848 1136 933 1450 297 1131
970 1177 1224 2080 2327 2075 417 1460 826 865 1452 1344 1553 1857 1271 435 1420 0 1306 1415 2078 1514 382 148 231 1460 788 1327 1782 1678 1285 1979
368 148 1106 1133 1117 1051 1185 1343 641 471 420 1226 1436 1264 1154 1202 1303 1306 0 383 798 1397 1150 1319 1225 428 603 193 1665 398 1168 1862
475 504 1027 1429 1413 1347 1293 1264 748 658 82 1147 1357 1560 1075 1311 1224 1415 383 0 1094 1318 1258 1428 1333 90 710 216 1586 694 1089 1783
1140 919 1665 879 864 797 1956 1915 1412 1242 1131 1785 2007 1010 1608 1974 1575 2078 798 1094 0 1499 1921 2090 1996 1138 1374 903 2236 419 1594 2434
1121 1331 343 743 990 738 1392 705 980 1016 1355 463 798 520 403 1410 154 1514 1397 1318 1499 0 1357 1526 1432 1362 942 1230 1027 1374 388 1225
813 1021 1067 1924 2171 1919 50 1304 670 709 1295 1187 1396 1700 1115 159 1263 382 1150 1258 1921 1357 0 395 301 1303 631 1171 1625 1521 1129 1823
983 1190 1236 2093 2340 2088 430 1473 839 878 1465 1356 1565 1869 1284 396 1433 148 1319 1428 2090 1526 395 0 243 1472 801 1340 1795 1690 1298 1992
889 1096 1142 1999 2246 1994 336 1379 745 784 1370 1262 1471 1775 1190 353 1338 231 1225 1333 1996 1432 301 243 0 1378 706 1246 1700 1596 1204 1898
520 549 1072 1473 1458 1391 1338 1309 793 703 52 1192 1401 1605 1120 1356 1268 1460 428 90 1138 1362 1303 1472 1378 0 754 261 1631 739 1134 1828
262 474 652 1508 1693 1504 667 888 118 157 747 772 981 1285 700 684 848 788 603 710 1374 942 631 801 706 754 0 622 1210 974 714 1408
388 314 940 1238 1223 1156 1206 1176 660 571 253 1060 1269 1369 987 1223 1136 1327 193 216 903 1230 1171 1340 1246 261 622 0 1498 503 1002 1696
1389 1599 737 1480 1727 1476 1660 354 1248 1284 1623 857 412 1257 660 1678 933 1782 1665 1586 2236 1027 1625 1795 1700 1631 1210 1498 0 1976 674 215
740 519 1417 754 738 672 1556 1654 1013 842 731 1537 1746 885 1465 1574 1450 1678 398 694 419 1374 1521 1690 1596 739 974 503 1976 0 1468 2173
892 1103 240 837 1084 833 1164 353 752 788 1126 360 445 614 46 1182 297 1285 1168 1089 1594 388 1129 1298 1204 1134 714 1002 674 1468 0 872
1586 1797 934 1678 1925 1673 1858 552 1446 1482 1820 1054 610 1454 858 1876 1131 1979 1862 1783 2434 1225 1823 1992 1898 1828 1408 1696 215 2173 872 0
EOF