NAME : tsp_problem
TYPE : TSP
DIMENSION : 34
EDGE_WEIGHT_TYPE : EXPLICIT
EDGE_WEIGHT_FORMAT : FULL_MATRIX
EDGE_WEIGHT_SECTION
0 1015 986 726 707 137 1001 1015 789 862 751 621 1110 362 607 240 1091 1320 1185 1548 1336 953 312 647 696 1036 1172 873 994 621 1321 1488 230 812
1015 0 433 1524 415 990 965 979 1267 567 460 1419 427 1217 1565 1212 415 673 1148 935 1201 345 968 1393 1282 72 222 156 369 1579 1285 1452 1202 643
986 433 0 1669 385 961 688 702 1549 287 260 1564 289 1188 1550 1183 306 955 871 1217 1482 119 939 1364 1564 453 589 291 161 1564 1008 1175 1173 363
758 1508 1702 0 1422 762 1717 1730 406 1578 1467 164 1671 729 384 637 1561 889 1900 1117 953 1668 936 1374 313 1487 1704 1589 1669 398 2036 2204 572 1528
707 415 385 1390 0 681 657 670 1453 262 151 1285 509 909 1270 904 493 1062 840 1324 1590 352 659 1084 1360 436 572 273 394 1285 976 1143 893 337
137 990 961 730 681 0 976 990 793 837 726 624 1084 248 610 243 1066 1323 1159 1551 1340 927 195 746 700 1011 1147 848 969 624 1296 1463 233 787
1001 965 688 1685 657 976 0 30 1748 564 537 1580 825 1203 1565 1198 790 1486 781 1748 2013 655 954 1379 1655 986 1122 823 696 1579 917 1085 1188 511
1015 979 702 1698 670 990 30 0 1761 578 551 1593 838 1217 1579 1212 804 1500 795 1761 2027 668 968 1393 1668 1000 1136 837 710 1593 931 1098 1202 525
789 1267 1549 374 1453 793 1748 1761 0 1544 1498 269 1430 760 415 668 1320 648 1931 876 664 1462 967 1405 132 1246 1463 1397 1428 429 2067 2234 603 1559
862 567 287 1545 262 837 564 578 1544 0 137 1440 412 1064 1426 1059 255 951 747 1212 1478 254 815 1240 1516 588 724 425 296 1440 884 1051 1049 239
751 460 260 1435 151 726 537 551 1498 137 0 1329 397 953 1315 948 367 1063 721 1325 1590 227 704 1129 1405 480 616 318 269 1329 857 1024 938 212
621 1419 1564 132 1285 624 1580 1593 269 1440 1329 0 1582 592 247 500 1471 800 1763 1027 816 1531 799 1236 176 1398 1614 1451 1572 261 1899 2066 435 1390
1110 427 289 1687 509 1084 825 838 1430 412 397 1582 0 1312 1674 1307 187 837 1008 1098 1364 202 1062 1487 1445 448 584 285 168 1688 1144 1312 1297 499
362 1217 1188 697 909 248 1203 1217 760 1064 953 592 1312 0 577 265 1293 1291 1386 1518 1307 1155 423 973 667 1238 1374 1075 1196 591 1523 1690 171 1014
607 1565 1550 352 1270 610 1565 1579 415 1426 1315 247 1674 577 0 486 1617 946 1748 1173 962 1516 784 1222 322 1544 1736 1437 1558 91 1885 2052 420 1376
240 1212 1183 605 904 243 1198 1212 668 1059 948 500 1307 265 486 0 1288 1199 1381 1427 1215 1150 418 855 575 1233 1369 1070 1191 500 1518 1685 108 1009
1091 415 306 1577 493 1066 790 804 1320 255 367 1471 187 1293 1617 1288 0 726 973 988 1253 219 1044 1469 1335 394 610 372 185 1632 1110 1277 1278 470
1320 673 955 905 1062 1323 1486 1500 648 951 1063 800 837 1291 946 1199 726 0 1669 316 582 868 1498 1935 663 653 869 804 834 960 1806 1973 1134 1165
1185 1148 871 1868 840 1159 781 795 1931 747 721 1763 1008 1386 1748 1381 973 1669 0 1931 2196 838 1137 1562 1838 1169 1305 1007 879 1762 382 332 1371 694
1548 935 1217 1133 1324 1551 1748 1761 876 1212 1325 1027 1098 1518 1173 1427 988 316 1931 0 809 1129 1725 2163 891 914 1131 1065 1096 1188 2067 2234 1361 1427
1336 1201 1482 921 1590 1340 2013 2027 664 1478 1590 816 1364 1307 962 1215 1253 582 2196 809 0 1395 1514 1952 679 1180 1396 1331 1361 976 2333 2500 1150 1692
953 345 119 1636 352 927 655 668 1462 254 227 1531 202 1155 1516 1150 219 868 838 1129 1395 0 905 1330 1477 366 502 203 74 1531 974 1142 1139 329
312 968 939 904 659 195 954 968 967 815 704 799 1062 423 784 418 1044 1498 1137 1725 1514 905 0 724 874 989 1125 826 947 798 1274 1441 407 765
647 1393 1364 1342 1084 746 1379 1393 1405 1240 1129 1236 1487 973 1222 855 1469 1935 1562 2163 1952 1330 724 0 1312 1414 1550 1251 1372 1236 1699 1866 845 1190
696 1282 1564 281 1360 700 1655 1668 132 1516 1405 176 1445 667 322 575 1335 663 1838 891 679 1477 874 1312 0 1261 1478 1412 1443 336 1974 2142 510 1466
1036 72 453 1503 436 1011 986 1000 1246 588 480 1398 448 1238 1544 1233 394 653 1169 914 1180 366 989 1414 1261 0 242 177 390 1558 1306 1473 1223 664
1172 222 589 1719 572 1147 1122 1136 1463 724 616 1614 584 1374 1736 1369 610 869 1305 1131 1396 502 1125 1550 1478 242 0 313 526 1750 1442 1609 1359 800
873 156 291 1557 273 848 823 837 1397 425 318 1451 285 1075 1437 1070 372 804 1007 1065 1331 203 826 1251 1412 177 313 0 227 1451 1143 1310 1060 501
994 369 161 1677 394 969 696 710 1428 296 269 1572 168 1196 1558 1191 185 834 879 1096 1361 74 947 1372 1443 390 526 227 0 1572 1016 1183 1181 371
621 1579 1564 366 1285 624 1579 1593 429 1440 1329 261 1688 591 91 500 1632 960 1762 1188 976 1531 798 1236 336 1558 1750 1451 1572 0 1899 2066 434 1390
1321 1285 1008 2004 976 1296 917 931 2067 884 857 1899 1144 1523 1885 1518 1110 1806 382 2067 2333 974 1274 1699 1974 1306 1442 1143 1016 1899 0 244 1508 831
1488 1452 1175 2171 1143 1463 1085 1098 2234 1051 1024 2066 1312 1690 2052 1685 1277 1973 332 2234 2500 1142 1441 1866 2142 1473 1609 1310 1183 2066 244 0 1675 998
230 1202 1173 540 893 233 1188 1202 603 1049 938 435 1297 171 420 108 1278 1134 1371 1361 1150 1139 407 845 510 1223 1359 1060 1181 434 1508 1675 0 999
812 643 363 1496 337 787 511 525 1559 239 212 1390 499 1014 1376 1009 470 1165 694 1427 1692 329 765 1190 1466 664 800 501 371 1390 831 998 999 0
EOF