NAME : tsp_problem
TYPE : TSP
DIMENSION : 74
EDGE_WEIGHT_TYPE : EXPLICIT
EDGE_WEIGHT_FORMAT : FULL_MATRIX
EDGE_WEIGHT_SECTION
0 786 1200 1293 808 1048 448 741 879 59 1139 78 1356 1235 1429 1214 1295 1465 370 1057 1690 1144 1021 1145 1546 1283 1389 450 1288 818 287 1117 436 714 1352 1552 1190 1379 1521 246 487 1242 1446 402 956 943 1150 1243 1266 1229 1367 1357 355 1270 1200 391 411 390 939 1302 342 1214 1184 1174 266 801 404 344 310 414 1107 1396 1046 896
786 0 1734 1306 153 833 1108 755 893 816 924 835 1370 1768 1443 1228 1829 1479 586 842 1704 1678 806 1159 1560 1817 1403 940 1821 162 657 1131 459 728 1365 1566 1204 1393 1535 566 718 1256 1739 425 970 728 1684 1777 1800 1763 1381 1891 507 1803 1734 543 1071 660 1472 1836 623 1747 1718 1188 927 146 708 834 804 774 892 1788 1060 681
1200 1734 0 2104 1757 1996 1130 1691 1649 1231 2087 1193 2168 578 2241 1557 639 1052 1321 2005 1089 93 1970 1557 1022 627 2201 821 631 1766 1237 1484 1389 1664 2163 1027 1446 1134 2333 1199 1142 2054 790 1355 1544 1891 494 587 610 573 2179 701 1307 613 31 1343 1093 1341 316 646 1295 557 527 1375 1152 1750 1058 919 1041 1068 2055 740 1628 1844
1293 1306 2104 0 1329 1568 1491 838 493 1323 1660 1342 229 1625 349 953 1501 1091 1022 1578 1315 2048 1542 759 1172 1674 138 1556 1703 1339 1039 743 1093 601 272 1177 816 1004 442 1197 1352 327 1351 1059 687 1464 1807 1553 1749 1611 240 1784 1089 1661 2104 1053 1454 1042 1876 1539 1253 1697 1841 800 1309 1322 1342 1467 1435 1408 1628 1399 785 1417
808 153 1757 1329 0 855 1131 777 916 839 947 858 1393 1791 1466 1251 1852 1502 609 864 1726 1700 829 1181 1583 1840 1426 963 1844 50 680 1154 482 750 1388 1589 1227 1416 1558 589 741 1279 1762 448 993 751 1707 1800 1823 1786 1404 1914 530 1826 1757 566 1094 682 1495 1859 646 1770 1740 1211 950 25 731 857 827 797 915 1811 1083 704
1048 833 1996 1568 855 0 1370 1017 1155 1078 240 1097 1632 2030 1705 1490 2091 1741 848 385 1966 1940 349 1421 1822 2079 1665 1202 2083 865 919 1393 721 990 1627 1828 1466 1655 1797 828 980 1518 2001 687 1232 214 1946 2039 2062 2025 1643 2153 769 2065 1996 805 1333 922 1734 2098 885 2009 1980 1450 1189 848 970 1096 1066 1036 85 2050 1322 181
448 1108 1130 1491 1131 1370 0 939 1077 479 1461 497 1554 1165 1627 1412 1226 1638 569 1379 1676 1074 1344 1343 1609 1213 1588 443 1218 1141 485 1316 762 912 1550 1614 1389 1577 1720 572 764 1440 1377 727 1154 1266 1080 1173 1196 1159 1565 1287 635 1200 1130 599 82 588 869 1232 668 1144 1114 1372 272 1124 680 541 648 690 1430 1326 1244 1219
741 755 1691 838 777 1017 939 0 424 772 1108 790 901 1545 975 760 1421 1010 471 1026 1235 1635 990 690 1092 1594 935 1004 1623 787 487 663 541 259 897 1097 736 924 1067 645 800 787 1271 507 502 912 1641 1473 1669 1531 913 1704 537 1580 1691 501 902 490 1430 1459 701 1616 1675 720 757 771 790 916 883 856 1076 1319 592 865
879 893 1649 493 916 1155 1077 424 0 910 1246 928 557 1170 630 502 1046 635 609 1164 860 1592 1128 345 716 1219 590 1142 1248 925 625 288 679 187 552 722 361 549 722 783 938 443 895 645 231 1050 1352 1097 1293 1155 568 1328 675 1205 1649 639 1040 628 1420 1083 839 1241 1385 344 895 909 928 1054 1021 994 1214 944 336 1003
59 816 1231 1323 839 1078 479 772 910 0 1170 66 1387 1266 1460 1245 1326 1496 401 1087 1721 1175 1052 1176 1577 1314 1420 439 1319 849 318 1148 467 745 1382 1583 1221 1410 1552 277 476 1273 1477 433 987 974 1181 1274 1297 1260 1398 1388 385 1301 1231 421 442 421 970 1333 373 1245 1215 1205 297 832 392 333 299 402 1138 1427 1077 927
1139 924 2087 1660 947 240 1461 1108 1246 1170 0 1188 1723 2121 1796 1581 2182 1832 939 476 2057 2031 440 1512 1913 2170 1756 1293 2174 956 1010 1484 813 1081 1719 1919 1558 1746 1888 919 1072 1609 2092 778 1323 306 2037 2130 2153 2116 1734 2244 860 2157 2087 896 1424 1013 1826 2189 976 2100 2071 1541 1280 940 1061 1187 1158 1127 300 2141 1413 272
78 835 1193 1342 858 1097 497 790 928 66 1188 0 1405 1227 1478 1263 1288 1514 420 1106 1739 1137 1070 1194 1596 1276 1439 399 1281 867 336 1167 485 763 1401 1601 1240 1428 1571 295 436 1291 1439 451 1005 992 1143 1236 1259 1222 1416 1350 404 1263 1193 440 460 439 932 1295 392 1207 1177 1223 316 851 352 293 259 362 1156 1389 1096 945
1356 1370 2168 229 1393 1632 1554 901 557 1387 1723 1405 0 1689 214 1016 1565 1154 1086 1641 1379 2111 1605 822 1235 1737 137 1619 1767 1402 1103 806 1157 664 136 1241 879 1068 306 1260 1416 390 1414 1122 750 1527 1871 1616 1812 1674 70 1847 1152 1724 2168 1116 1517 1105 1939 1602 1317 1760 1904 863 1373 1386 1405 1531 1498 1471 1691 1463 848 1480
1235 1768 578 1625 1791 2030 1165 1545 1170 1266 2121 1227 1689 0 1762 1078 160 573 1355 2039 681 522 2004 1078 543 77 1722 855 106 1801 1272 1005 1423 1308 1684 549 967 655 1854 1233 1176 1575 311 1389 1065 1926 281 108 205 186 1700 186 1342 63 578 1378 1128 1375 350 259 1330 155 315 896 1186 1784 1092 953 1075 1102 2090 261 1150 1879
1429 1443 2241 349 1466 1705 1627 975 630 1460 1796 1478 214 1762 0 1090 1638 1227 1159 1714 1452 2185 1679 896 1309 1811 257 1692 1840 1475 1176 880 1230 737 112 1314 953 1141 108 1333 1489 464 1487 1196 823 1601 1944 1689 1886 1748 225 1920 1226 1797 2241 1189 1590 1179 2013 1675 1390 1833 1978 936 1446 1459 1479 1604 1572 1544 1765 1536 922 1554
1214 1228 1557 953 1251 1490 1412 760 502 1245 1581 1263 1016 1078 1090 0 954 543 944 1499 768 1500 1464 409 624 1126 1050 1477 1156 1260 961 240 1015 522 1012 630 323 457 1182 1118 1274 902 803 980 294 1385 1260 1005 1201 1063 1027 1236 1011 1113 1557 974 1375 964 1328 991 1175 1149 1293 223 1231 1244 1263 1389 1356 1329 1549 852 265 1338
1295 1829 639 1501 1852 2091 1226 1421 1046 1326 2182 1288 1565 160 1638 954 0 448 1416 2100 557 583 2065 954 419 209 1598 916 238 1861 1332 881 1484 1184 1560 424 843 531 1730 1294 1237 1451 187 1450 941 1986 342 88 284 246 1576 319 1403 195 639 1439 1188 1436 411 174 1390 231 376 772 1247 1845 1153 1014 1136 1163 2150 137 1025 1939
1465 1479 1052 1091 1502 1741 1638 1010 635 1496 1832 1514 1154 573 1227 543 448 0 1195 1750 263 995 1715 543 119 621 1187 1328 651 1511 1212 470 1266 773 1150 125 433 121 1319 1369 1525 1040 298 1231 530 1636 755 500 696 558 1165 731 1262 608 1052 1225 1601 1214 823 486 1426 644 788 361 1482 1495 1514 1427 1548 1576 1800 347 615 1589
370 586 1321 1022 609 848 569 471 609 401 939 420 1086 1355 1159 944 1416 1195 0 857 1420 1265 821 875 1276 1404 1119 592 1408 618 117 847 236 443 1081 1282 920 1109 1251 214 372 972 1455 202 686 743 1271 1364 1387 1350 1097 1478 107 1390 1321 70 531 120 1060 1423 271 1334 1305 904 387 602 361 486 453 427 907 1504 776 696
1057 842 2005 1578 864 385 1379 1026 1164 1087 476 1106 1641 2039 1714 1499 2100 1750 857 0 1975 1949 239 1430 1831 2088 1674 1211 2092 874 928 1402 731 999 1637 1837 1475 1664 1806 837 990 1527 2010 696 1241 280 1955 2048 2071 2034 1652 2162 778 2074 2005 814 1342 931 1744 2107 894 2018 1989 1459 1198 858 979 1105 1076 1045 444 2059 1331 233
1691 1705 1089 1316 1728 1967 1676 1236 861 1722 2058 1739 1380 681 1453 769 557 264 1421 1976 0 1033 1940 769 180 730 1413 1366 756 1737 1437 696 1491 999 1375 166 658 346 1545 1595 1687 1266 413 1457 756 1862 793 609 734 537 1391 825 1487 716 1089 1451 1639 1440 861 465 1651 682 826 587 1697 1721 1603 1465 1586 1614 2026 462 841 1815
1144 1678 93 2048 1700 1940 1074 1635 1592 1175 2031 1137 2111 522 2185 1500 583 995 1265 1949 1033 0 1913 1500 966 570 2145 764 575 1710 1181 1427 1333 1608 2107 971 1390 1078 2277 1143 1085 1997 734 1298 1487 1835 438 530 553 516 2122 644 1251 557 93 1287 1037 1284 259 589 1239 501 471 1319 1095 1694 1002 863 984 1012 1999 683 1572 1788
1021 806 1970 1542 829 349 1344 990 1128 1052 440 1070 1605 2004 1679 1464 2065 1715 821 239 1939 1913 0 1394 1796 2052 1639 1175 2057 838 892 1367 695 963 1601 1801 1440 1628 1771 802 954 1492 1975 661 1206 245 1920 2012 2035 1999 1617 2126 742 2039 1970 778 1307 895 1708 2071 858 1983 1953 1424 1162 822 944 1069 1040 1009 409 2023 1296 198
1145 1159 1557 759 1181 1421 1343 690 345 1176 1512 1194 822 1078 896 409 954 543 875 1430 768 1500 1394 0 624 1126 856 1408 1156 1191 891 195 945 453 818 630 268 457 988 1049 1204 709 803 911 256 1316 1260 1005 1201 1063 834 1236 941 1113 1557 905 1306 894 1328 991 1105 1149 1293 252 1161 1175 1194 1320 1287 1260 1480 852 361 1269
1546 1560 1022 1172 1583 1822 1609 1092 716 1577 1913 1596 1235 543 1309 624 419 119 1276 1831 179 966 1796 624 0 592 1269 1299 621 1593 1293 551 1347 855 1231 41 514 202 1401 1450 1606 1121 268 1313 612 1718 725 471 667 529 1247 701 1343 578 1022 1307 1571 1296 794 456 1507 614 759 443 1563 1576 1536 1397 1519 1546 1882 317 696 1671
1283 1817 627 1674 1840 2079 1213 1594 1219 1314 2170 1276 1737 77 1811 1126 209 621 1404 2088 730 570 2052 1126 592 0 1771 904 48 1849 1320 1053 1472 1357 1733 597 1016 704 1903 1282 1224 1624 360 1437 1114 1974 330 156 147 235 1749 129 1390 75 627 1426 1176 1423 398 307 1378 97 363 945 1234 1833 1141 1002 1123 1151 2138 309 1198 1927
1389 1403 2201 138 1426 1665 1588 935 590 1420 1756 1439 137 1722 257 1050 1598 1187 1119 1674 1412 2145 1639 856 1269 1771 0 1652 1800 1436 1136 840 1190 698 180 1274 913 1101 350 1293 1449 424 1448 1156 783 1561 1904 1650 1846 1708 148 1881 1186 1757 2201 1150 1551 1139 1973 1636 1350 1793 1938 897 1406 1419 1439 1564 1532 1504 1725 1496 882 1514
450 940 821 1556 963 1202 443 1004 1142 439 1293 399 1619 855 1692 1477 916 1328 592 1211 1366 764 1175 1408 1299 904 1652 0 908 972 550 1380 595 977 1615 1304 1453 1411 1784 405 347 1505 1067 560 1219 1097 771 863 886 850 1630 977 513 890 821 549 406 653 559 923 501 834 804 1437 464 956 264 125 246 274 1261 1016 1309 1050
1288 1821 631 1703 1844 2083 1218 1623 1248 1319 2174 1281 1767 106 1840 1156 238 651 1408 2092 756 575 2057 1156 621 48 1800 908 0 1854 1325 1083 1476 1386 1762 626 1045 733 1932 1286 1229 1653 389 1442 1143 1979 334 186 138 239 1778 108 1395 72 631 1431 1181 1428 403 312 1383 94 368 974 1239 1837 1145 1006 1128 1155 2143 339 1227 1932
818 162 1766 1339 50 865 1141 787 925 849 956 867 1402 1801 1475 1260 1861 1511 618 874 1736 1710 838 1191 1593 1849 1436 972 1854 0 689 1164 492 760 1398 1598 1237 1425 1568 599 751 1288 1771 457 1002 760 1716 1809 1832 1795 1413 1923 539 1836 1766 575 1104 692 1505 1868 655 1780 1750 1220 959 43 740 866 837 806 924 1820 1093 713
287 657 1237 1039 680 919 485 487 625 318 1010 336 1103 1272 1176 961 1332 1212 117 928 1436 1181 892 891 1293 1320 1136 550 1325 689 0 864 313 460 1098 1299 937 1125 1268 291 449 989 1472 279 703 814 1187 1280 1303 1266 1114 1394 184 1307 1237 147 448 137 976 1339 348 1251 1221 921 303 673 438 520 487 504 978 1433 793 767
1117 1131 1484 743 1154 1393 1316 663 288 1148 1484 1167 806 1005 880 240 881 470 847 1402 695 1427 1367 195 551 1053 840 1380 1083 1164 864 0 918 426 802 557 195 384 972 1021 1177 693 730 884 183 1289 1187 932 1128 990 818 1163 914 1040 1484 878 1279 867 1255 918 1078 1076 1220 179 1134 1147 1167 1292 1260 1232 1453 779 197 1242
436 459 1389 1093 482 721 762 541 679 467 813 485 1157 1423 1230 1015 1484 1266 236 731 1490 1333 695 945 1347 1472 1190 595 1476 492 313 918 0 514 1152 1353 991 1179 1322 217 374 1043 1526 76 757 617 1339 1432 1455 1418 1168 1546 157 1458 1389 193 725 316 1127 1491 273 1402 1373 975 580 475 364 489 455 429 781 1575 847 570
714 728 1664 601 750 990 912 259 187 745 1081 763 664 1308 737 522 1184 773 443 999 998 1608 963 453 855 1357 698 977 1386 760 460 426 514 0 660 860 499 687 829 618 773 550 1033 480 264 885 1490 1235 1431 1293 675 1466 510 1343 1664 474 875 463 1403 1221 674 1379 1524 482 730 743 763 888 856 829 1049 1082 354 838
1352 1365 2163 272 1388 1627 1550 897 552 1382 1719 1401 136 1684 112 1012 1560 1150 1081 1637 1374 2107 1601 818 1231 1733 180 1615 1762 1398 1098 802 1152 660 0 1236 875 1063 204 1256 1411 386 1410 1118 746 1523 1866 1612 1808 1670 147 1843 1148 1720 2163 1112 1513 1101 1935 1598 1312 1756 1900 859 1368 1381 1401 1526 1494 1467 1687 1458 844 1476
1552 1566 1027 1177 1589 1828 1614 1097 722 1583 1919 1601 1241 549 1314 630 424 125 1282 1837 164 971 1801 630 41 597 1274 1304 626 1598 1299 557 1353 860 1236 0 519 207 1406 1456 1612 1127 274 1318 617 1723 731 476 672 534 1252 707 1348 584 1027 1312 1577 1301 799 462 1512 620 764 448 1568 1582 1541 1403 1524 1552 1887 323 702 1676
1190 1204 1446 816 1227 1466 1389 736 361 1221 1558 1240 879 967 953 323 843 433 920 1475 657 1390 1440 268 514 1016 913 1453 1045 1237 937 195 991 499 875 519 0 346 1045 1094 1250 766 693 957 256 1362 1149 895 1091 953 891 1126 987 1003 1446 951 1352 940 1218 881 1151 1039 1183 142 1207 1220 1240 1365 1333 1305 1526 741 361 1315
1379 1393 1134 1004 1416 1655 1577 924 549 1410 1746 1428 1068 655 1141 457 531 121 1109 1664 345 1078 1628 457 202 704 1101 1411 733 1425 1125 384 1179 687 1063 207 346 0 1233 1283 1438 954 381 1145 444 1550 837 583 779 641 1079 814 1175 691 1134 1139 1540 1128 906 569 1339 727 871 275 1395 1409 1428 1509 1521 1494 1714 430 529 1503
1521 1535 2333 442 1558 1797 1720 1067 722 1552 1888 1571 306 1854 108 1182 1730 1319 1251 1806 1544 2277 1771 988 1401 1903 350 1784 1932 1568 1268 972 1322 829 204 1406 1045 1233 0 1425 1581 556 1579 1288 915 1693 2036 1782 1978 1840 317 2013 1318 1889 2333 1281 1682 1271 2105 1768 1482 1925 2070 1028 1538 1551 1571 1696 1664 1636 1857 1628 1014 1646
246 566 1199 1197 589 828 572 645 783 277 919 295 1260 1233 1333 1118 1294 1369 214 837 1594 1143 802 1049 1450 1282 1293 405 1286 599 291 1021 217 618 1256 1456 1094 1283 1425 0 352 1146 1445 182 860 724 1149 1242 1265 1228 1271 1356 135 1269 1199 171 535 294 938 1301 123 1212 1183 1078 390 582 342 299 265 368 888 1395 950 677
487 718 1142 1352 741 980 764 800 938 476 1072 436 1416 1176 1489 1274 1237 1525 372 990 1687 1085 954 1204 1606 1224 1449 347 1229 751 449 1177 374 773 1411 1612 1250 1438 1581 352 0 1302 1388 340 1016 876 1092 1184 1207 1171 1427 1298 293 1211 1142 329 727 451 880 1243 409 1155 1125 1234 643 734 116 241 283 181 1040 1337 1106 829
1242 1256 2054 327 1279 1518 1440 787 443 1273 1609 1291 390 1575 464 902 1451 1040 972 1527 1265 1997 1492 709 1121 1624 424 1505 1653 1288 989 693 1043 550 386 1127 766 954 556 1146 1302 0 1300 1008 636 1413 1757 1502 1698 1560 402 1733 1039 1610 2054 1002 1403 992 1826 1488 1203 1646 1790 749 1259 1272 1291 1417 1384 1357 1577 1349 735 1366
1446 1739 790 1351 1762 2001 1377 1271 895 1477 2092 1439 1414 311 1487 803 187 298 1455 2010 412 734 1975 803 268 360 1448 1067 389 1771 1472 730 1526 1033 1410 274 693 381 1579 1445 1388 1300 0 1491 790 1896 493 239 435 297 1425 470 1522 346 790 1485 1339 1475 562 224 1541 382 527 621 1398 1755 1304 1165 1287 1314 2060 85 875 1849
402 425 1355 1059 448 687 727 507 645 433 778 451 1122 1389 1196 980 1450 1231 202 696 1456 1298 661 911 1313 1437 1156 560 1442 457 279 884 76 480 1118 1318 957 1145 1288 182 340 1008 1491 0 722 583 1305 1397 1420 1384 1133 1511 123 1424 1355 159 690 282 1093 1456 239 1368 1338 940 546 441 329 454 421 395 746 1540 813 535
956 970 1544 687 993 1232 1154 502 231 987 1323 1005 750 1065 823 294 941 530 686 1241 755 1487 1206 256 612 1114 783 1219 1143 1002 703 183 757 264 746 617 256 444 915 860 1016 636 790 722 0 1127 1247 992 1188 1050 761 1223 753 1100 1544 716 1117 706 1316 978 917 1136 1281 239 973 986 1005 1131 1098 1071 1291 839 127 1080
943 728 1891 1464 751 214 1266 912 1050 974 306 992 1527 1926 1601 1385 1986 1636 743 280 1861 1835 245 1316 1718 1974 1561 1097 1979 760 814 1289 617 885 1523 1723 1362 1550 1693 724 876 1413 1896 583 1127 0 1841 1934 1957 1920 1538 2048 664 1961 1891 700 1229 817 1630 1993 780 1905 1875 1345 1084 744 866 991 962 931 274 1945 1218 76
1150 1684 494 1807 1707 1946 1080 1641 1352 1181 2037 1143 1871 281 1944 1260 342 755 1271 1955 793 438 1920 1260 725 330 1904 771 334 1716 1187 1187 1339 1490 1866 731 1149 837 2036 1149 1092 1757 493 1305 1247 1841 0 290 313 276 1882 404 1257 317 494 1293 1043 1291 266 349 1245 260 51 1078 1102 1700 1008 869 991 1018 2005 443 1332 1794
1243 1777 587 1553 1800 2039 1173 1473 1097 1274 2130 1236 1616 108 1689 1005 88 500 1364 2048 609 530 2012 1005 471 156 1650 863 186 1809 1280 932 1432 1235 1612 476 895 583 1782 1242 1184 1502 239 1397 992 1934 290 0 231 195 1627 266 1350 143 587 1386 1136 1383 358 226 1338 179 323 824 1194 1793 1101 962 1083 1111 2098 188 1077 1887
1266 1800 610 1749 1823 2062 1196 1669 1293 1297 2153 1259 1812 205 1886 1201 284 696 1387 2071 734 553 2035 1201 667 147 1846 886 138 1832 1303 1128 1455 1431 1808 672 1091 779 1978 1265 1207 1698 435 1420 1188 1957 313 231 0 217 1823 152 1373 171 610 1409 1159 1406 381 290 1361 72 346 1020 1217 1816 1124 985 1106 1134 2121 384 1273 1910
1229 1763 573 1611 1786 2025 1159 1531 1155 1260 2116 1222 1674 186 1748 1063 246 558 1350 2034 537 516 1999 1063 529 235 1708 850 239 1795 1266 990 1418 1293 1670 534 953 641 1840 1228 1171 1560 297 1384 1050 1920 276 195 217 0 1685 309 1336 221 573 1372 1122 1370 345 93 1324 165 310 882 1181 1779 1087 948 1070 1097 2084 246 1135 1873
1367 1381 2179 240 1404 1643 1565 913 568 1398 1734 1416 70 1700 225 1027 1576 1165 1097 1652 1390 2122 1617 834 1247 1749 148 1630 1778 1413 1114 818 1168 675 147 1252 891 1079 317 1271 1427 402 1425 1133 761 1538 1882 1627 1823 1685 0 1858 1164 1735 2179 1127 1528 1117 1951 1613 1328 1771 1916 874 1384 1397 1416 1542 1509 1482 1702 1474 860 1491
1357 1891 701 1784 1914 2153 1287 1704 1328 1388 2244 1350 1847 186 1920 1236 319 731 1478 2162 825 644 2126 1236 701 129 1881 977 108 1923 1394 1163 1546 1466 1843 707 1126 814 2013 1356 1298 1733 470 1511 1223 2048 404 266 152 309 1858 0 1464 152 701 1500 1250 1497 472 381 1452 163 437 1055 1308 1907 1215 1076 1197 1225 2212 419 1308 2001
355 507 1307 1089 530 769 635 537 675 385 860 404 1152 1342 1226 1011 1403 1262 107 778 1486 1251 742 941 1343 1390 1186 513 1395 539 184 914 157 510 1148 1348 987 1175 1318 135 293 1039 1522 123 753 664 1257 1350 1373 1336 1164 1464 0 1377 1307 64 598 186 1046 1409 192 1321 1291 971 454 523 282 407 373 348 828 1503 843 617
1270 1803 613 1661 1826 2065 1200 1580 1205 1301 2157 1263 1724 63 1797 1113 195 608 1390 2074 716 557 2039 1113 578 75 1757 890 72 1836 1307 1040 1458 1343 1720 584 1003 691 1889 1269 1211 1610 346 1424 1100 1961 317 143 171 221 1735 152 1377 0 613 1413 1163 1410 385 294 1365 121 350 931 1221 1819 1127 989 1110 1137 2125 296 1185 1914
1200 1734 31 2104 1757 1996 1130 1691 1649 1231 2087 1193 2168 578 2241 1557 639 1052 1321 2005 1089 93 1970 1557 1022 627 2201 821 631 1766 1237 1484 1389 1664 2163 1027 1446 1134 2333 1199 1142 2054 790 1355 1544 1891 494 587 610 573 2179 701 1307 613 0 1343 1093 1341 316 646 1295 557 527 1375 1152 1750 1058 919 1041 1068 2055 740 1628 1844
391 543 1343 1053 566 805 599 501 639 421 896 440 1116 1378 1189 974 1439 1225 70 814 1450 1287 778 905 1307 1426 1150 549 1431 575 147 878 193 474 1112 1312 951 1139 1281 171 329 1002 1485 159 716 700 1293 1386 1409 1372 1127 1500 64 1413 1343 0 562 150 1082 1445 228 1357 1327 934 417 559 318 443 409 384 864 1534 806 653
411 1071 1093 1454 1094 1333 82 902 1040 442 1424 460 1517 1128 1590 1375 1188 1601 531 1342 1639 1037 1307 1306 1571 1176 1551 406 1181 1104 448 1279 725 875 1513 1577 1352 1540 1682 535 727 1403 1339 690 1117 1229 1043 1136 1159 1122 1528 1250 598 1163 1093 562 0 551 832 1195 631 1107 1077 1335 235 1087 643 504 611 653 1393 1289 1207 1182
390 660 1341 1042 682 922 588 490 628 421 1013 439 1105 1375 1179 964 1436 1214 120 931 1439 1284 895 894 1296 1423 1139 653 1428 692 137 867 316 463 1101 1301 940 1128 1271 294 451 992 1475 282 706 817 1291 1383 1406 1370 1117 1497 186 1410 1341 150 551 0 1079 1442 351 1354 1324 924 407 676 441 566 532 507 981 1523 796 770
939 1472 316 1876 1495 1734 869 1430 1420 970 1826 932 1939 350 2013 1328 411 823 1060 1744 861 259 1708 1328 794 398 1973 559 403 1505 976 1255 1127 1403 1935 799 1218 906 2105 938 880 1826 562 1093 1316 1630 266 358 381 345 1951 472 1046 385 316 1082 832 1079 0 417 1034 329 299 1147 890 1488 796 658 779 806 1794 511 1400 1583
1302 1836 646 1539 1859 2098 1232 1459 1083 1333 2189 1295 1602 259 1675 991 174 486 1423 2107 465 589 2071 991 456 307 1636 923 312 1868 1339 918 1491 1221 1598 462 881 569 1768 1301 1243 1488 224 1456 978 1993 349 226 290 93 1613 381 1409 294 646 1445 1195 1442 417 0 1397 238 382 809 1253 1852 1160 1021 1142 1170 2157 174 1063 1946
222 623 1295 1253 646 885 547 701 839 252 976 271 1317 1330 1390 1175 1390 1426 271 894 1650 1239 858 1105 1507 1378 1350 501 1383 655 348 1078 273 674 1312 1512 1151 1339 1482 123 409 1203 1541 239 917 780 1245 1338 1361 1324 1328 1452 192 1365 1295 228 510 351 1034 1397 0 1309 1279 1135 366 639 398 395 361 464 944 1491 1007 733
1214 1747 557 1697 1770 2009 1144 1616 1241 1245 2100 1207 1760 155 1833 1149 231 644 1334 2018 682 501 1983 1149 614 97 1793 834 94 1780 1251 1076 1402 1379 1756 620 1039 727 1925 1212 1155 1646 382 1368 1136 1905 260 179 72 165 1771 163 1321 121 557 1357 1107 1354 329 238 1309 0 294 967 1165 1763 1071 932 1054 1081 2069 332 1221 1858
1184 1718 527 1841 1740 1980 1114 1675 1385 1215 2071 1177 1904 315 1978 1293 376 788 1305 1989 826 471 1953 1293 759 363 1938 804 368 1750 1221 1220 1373 1524 1900 764 1183 871 2070 1183 1125 1790 527 1338 1281 1875 51 323 346 310 1916 437 1291 350 527 1327 1077 1324 299 382 1279 294 0 1112 1135 1733 1041 903 1024 1052 2039 476 1365 1828
1174 1188 1375 800 1211 1450 1372 720 344 1205 1541 1223 863 896 936 223 772 361 904 1459 586 1319 1424 252 443 945 897 1437 974 1220 921 179 975 482 859 448 142 275 1028 1078 1234 749 621 940 239 1345 1078 824 1020 882 874 1055 971 931 1375 934 1335 924 1147 809 1135 967 1112 0 1191 1204 1223 1349 1316 1289 1509 670 295 1298
266 927 1152 1309 950 1189 272 757 895 297 1280 316 1373 1186 1446 1231 1247 1482 387 1198 1697 1095 1162 1161 1563 1234 1406 464 1239 959 303 1134 580 730 1368 1568 1207 1395 1538 390 643 1259 1398 546 973 1084 1102 1194 1217 1181 1384 1308 454 1221 1152 417 235 407 890 1253 486 1165 1135 1191 0 943 559 500 466 569 1248 1347 1063 1037
801 146 1750 1322 25 848 1124 771 909 832 940 851 1386 1784 1459 1244 1845 1495 602 858 1720 1694 822 1175 1576 1833 1419 956 1837 43 673 1147 475 743 1381 1582 1220 1409 1551 582 734 1272 1755 441 986 744 1700 1793 1816 1779 1397 1907 523 1819 1750 559 1087 676 1488 1852 639 1763 1733 1204 943 0 724 850 820 790 908 1804 1076 697
404 708 1058 1342 731 970 680 790 928 392 1061 352 1405 1092 1479 1263 1153 1514 361 979 1603 1002 944 1194 1536 1141 1439 264 1145 740 438 1167 364 763 1401 1541 1240 1428 1571 342 116 1291 1304 329 1005 866 1008 1101 1124 1087 1416 1215 282 1127 1058 318 643 441 796 1160 398 1071 1041 1223 559 724 0 158 200 98 1029 1254 1096 818
344 834 919 1467 857 1096 541 916 1054 333 1187 293 1531 953 1604 1389 1014 1427 486 1105 1465 863 1069 1320 1397 1002 1564 125 1006 866 520 1292 489 888 1526 1403 1365 1509 1696 299 241 1417 1165 454 1131 991 869 962 985 948 1542 1076 407 989 919 443 504 566 658 1021 395 932 903 1349 500 850 158 0 140 168 1155 1115 1221 944
310 804 1041 1435 827 1066 648 883 1021 299 1158 259 1498 1075 1572 1356 1136 1548 453 1076 1586 984 1040 1287 1519 1123 1532 246 1128 837 487 1260 455 856 1494 1524 1333 1521 1664 265 283 1384 1287 421 1098 962 991 1083 1106 1070 1509 1197 373 1110 1041 409 611 532 779 1142 361 1054 1024 1316 466 820 200 140 0 210 1126 1236 1189 915
414 774 1068 1408 797 1036 690 856 994 402 1127 362 1471 1102 1544 1329 1163 1576 427 1045 1614 1012 1009 1260 1546 1151 1504 274 1155 806 504 1232 429 829 1467 1552 1305 1494 1636 368 181 1357 1314 395 1071 931 1018 1111 1134 1097 1482 1225 348 1137 1068 384 653 507 806 1170 464 1081 1052 1289 569 790 98 168 210 0 1095 1264 1161 884
1107 892 2055 1628 915 85 1430 1076 1214 1138 300 1156 1691 2090 1765 1549 2150 1800 907 444 2025 1999 409 1480 1882 2138 1725 1261 2143 924 978 1453 781 1049 1687 1887 1526 1714 1857 888 1040 1577 2060 746 1291 274 2005 2098 2121 2084 1702 2212 828 2125 2055 864 1393 981 1794 2157 944 2069 2039 1509 1248 908 1029 1155 1126 1095 0 2109 1382 240
1396 1788 740 1399 1811 2050 1326 1319 944 1427 2141 1389 1463 261 1536 852 137 347 1504 2059 461 683 2023 852 317 309 1496 1016 339 1820 1433 779 1575 1082 1458 323 741 430 1628 1395 1337 1349 85 1540 839 1945 443 188 384 246 1474 419 1503 296 740 1534 1289 1523 511 174 1491 332 476 670 1347 1804 1254 1115 1236 1264 2109 0 924 1898
1046 1060 1628 785 1083 1322 1244 592 336 1077 1413 1096 848 1150 922 265 1025 615 776 1331 839 1572 1296 361 696 1198 882 1309 1227 1093 793 197 847 354 844 702 361 529 1014 950 1106 735 875 813 127 1218 1332 1077 1273 1135 860 1308 843 1185 1628 806 1207 796 1400 1063 1007 1221 1365 295 1063 1076 1096 1221 1189 1161 1382 924 0 1171
896 681 1844 1417 704 181 1219 865 1003 927 272 945 1480 1879 1554 1338 1939 1589 696 233 1814 1788 198 1269 1671 1927 1514 1050 1932 713 767 1242 570 838 1476 1676 1315 1503 1646 677 829 1366 1849 535 1080 76 1794 1887 1910 1873 1491 2001 617 1914 1844 653 1182 770 1583 1946 733 1858 1828 1298 1037 697 818 944 915 884 240 1898 1171 0
EOF