NAME : tsp_problem
TYPE : TSP
DIMENSION : 82
EDGE_WEIGHT_TYPE : EXPLICIT
EDGE_WEIGHT_FORMAT : FULL_MATRIX
EDGE_WEIGHT_SECTION
0 370 1506 452 1239 233 1584 720 448 1035 1064 162 281 1569 1183 1397 541 1189 699 297 411 388 823 354 1149 1539 1325 958 1517 357 1123 231 985 744 1215 538 708 1521 817 1105 390 1214 718 1842 1266 998 1210 1481 926 344 965 338 476 1123 402 1403 1589 1334 1057 1308 1129 374 862 1181 1091 1209 1200 298 312 463 328 1665 1229 1535 479 723 688 862 1054 896 1586 1097
370 0 1170 733 1520 514 1247 383 443 698 1345 259 563 1232 1464 1660 458 853 362 220 334 182 487 332 813 1202 989 621 1181 69 1404 512 649 1025 879 531 762 1280 480 768 313 877 382 1505 1547 661 1491 1584 590 75 629 261 208 1404 65 1066 1252 997 720 972 793 553 1143 845 755 873 863 376 365 744 92 1395 892 1268 397 387 969 1143 717 559 1249 1379
1506 1170 0 1744 1650 1650 532 1498 1401 1814 2218 1371 1698 518 1757 1754 1322 946 1478 1332 1446 1298 1602 1444 1928 293 302 1737 1274 1184 2277 1648 1764 2036 972 1395 1626 1373 1596 850 1425 959 1497 2620 1691 868 1942 1677 672 1191 711 1196 1072 2277 1134 255 441 1090 926 524 999 1558 2048 488 448 955 945 1488 1477 1756 1207 1488 1005 1361 1261 1502 1981 2048 923 765 103 1830
452 733 1744 0 806 238 1822 1082 465 1397 632 525 261 1807 751 965 519 1427 1061 568 645 750 1186 458 1512 1777 1563 1321 1187 719 691 335 1348 311 1454 459 422 1088 1179 1343 623 1452 1081 2204 834 1236 778 1049 1165 707 1203 651 712 691 764 1641 1827 1371 1295 1546 1367 479 429 1419 1329 1447 1438 402 416 31 690 1232 1467 1103 522 1086 256 429 1292 1134 1824 665
1239 1520 1650 806 0 1025 1728 1869 1252 2184 601 1312 1047 1713 197 262 1306 777 1848 1355 1431 1537 1973 1245 2299 1683 1469 2107 414 1506 659 1122 2135 515 749 1246 1209 315 1966 1020 1410 958 1868 2991 131 1129 325 346 1014 1494 975 1438 1460 659 1522 1547 1733 598 971 1452 1044 1265 431 1325 1235 954 944 1189 1203 802 1477 530 782 329 1309 1873 591 431 968 1017 1730 213
233 514 1650 238 1025 0 1728 863 333 1179 850 306 67 1713 969 1183 484 1333 843 349 426 531 967 239 1293 1682 1469 1102 1406 500 909 116 1129 529 1359 423 494 1307 961 1248 405 1358 862 1985 1052 1142 996 1267 1070 488 1109 481 619 909 545 1547 1733 1478 1200 1452 1273 260 648 1325 1235 1353 1343 183 197 249 472 1451 1373 1321 487 867 474 648 1197 1039 1730 883
1584 1247 532 1822 1728 1728 0 1576 1479 1891 2295 1449 1776 43 1835 1831 1400 1023 1555 1410 1524 1375 1680 1521 2006 310 348 1814 1352 1262 2354 1725 1841 2113 1050 1472 1704 1451 1673 928 1502 1037 1575 2698 1769 945 2020 1755 749 1268 788 1274 1150 2354 1212 296 207 1168 1004 602 1077 1636 2126 565 526 1032 1023 1565 1555 1833 1285 1565 1083 1439 1338 1580 2058 2126 1001 843 528 1907
720 383 1498 1082 1869 863 1576 0 772 925 1695 588 912 1561 1813 1989 787 1181 148 549 663 511 713 661 1039 1531 1317 848 1509 398 1754 861 875 1374 1208 859 1091 1608 707 1097 642 1206 23 1732 1896 990 1840 1913 919 404 957 590 537 1754 394 1395 1581 1326 1049 1300 1121 882 1492 1173 1083 1201 1192 704 694 1094 420 1723 1221 1597 725 115 1319 1492 1046 888 1578 1728
448 443 1401 465 1252 333 1479 772 0 1087 1078 383 382 1464 1196 1410 176 1084 751 253 330 435 876 143 1202 1433 1220 1010 1412 404 1137 331 1038 757 1110 116 347 1511 869 999 309 1109 771 1894 1279 893 1223 1495 821 464 860 308 369 1137 454 1298 1484 1229 951 1203 1024 183 875 1076 986 1104 1094 170 159 477 481 1626 1124 1500 179 776 702 875 948 790 1481 1111
1035 698 1814 1397 2184 1179 1891 925 1087 0 2010 903 1227 1876 2128 2304 1102 1497 904 864 978 826 241 976 233 1846 1633 111 1825 713 2069 1176 471 1689 1523 1175 1406 1924 248 1412 957 1521 923 1517 2211 1305 2155 2228 1234 719 1272 905 852 2069 709 1710 1896 1641 1364 1616 1437 1197 1807 1488 1399 1516 1507 1020 1009 1409 736 2038 1536 1912 1041 928 1634 1807 1361 1203 1893 2043
1064 1345 2218 632 601 850 2295 1695 1078 2010 0 1137 873 2280 545 759 1132 1345 1674 1180 1257 1362 1798 1071 2124 2250 2037 1933 981 1331 118 947 1960 340 1316 1071 1035 882 1792 1588 1236 1526 1693 2817 628 1697 572 843 1582 1319 1542 1264 1325 119 1377 2114 2301 1166 1539 2020 1611 1091 257 1893 1803 1521 1511 1015 1029 628 1303 1026 1349 897 1135 1698 417 257 1536 1585 2297 459
162 259 1371 525 1312 306 1449 588 383 903 1137 0 354 1434 1256 1470 404 1054 567 160 274 251 692 272 1018 1404 1190 826 1382 220 1196 304 853 816 1080 473 705 1481 685 969 253 1079 587 1710 1339 863 1283 1554 791 280 830 201 339 1196 270 1268 1454 1199 921 1173 994 447 935 1046 956 1074 1064 316 305 536 270 1596 1094 1470 342 591 761 935 918 760 1451 1170
281 563 1698 261 1047 67 1776 912 382 1227 873 354 0 1761 992 1206 532 1381 891 397 474 579 1015 288 1342 1731 1517 1150 1428 548 932 165 1177 552 1407 472 517 1329 1009 1297 453 1406 910 2034 1075 1190 1019 1290 1119 536 1157 530 668 932 594 1595 1781 1526 1249 1500 1321 308 670 1373 1283 1401 1392 232 246 272 520 1473 1421 1344 535 915 497 670 1246 1088 1778 906
1569 1232 518 1807 1713 1713 43 1561 1464 1876 2280 1434 1761 0 1820 1816 1385 1009 1540 1395 1509 1360 1665 1506 1991 322 333 1799 1337 1247 2339 1710 1827 2099 1035 1457 1689 1436 1658 913 1488 1022 1560 2683 1754 930 2005 1740 735 1253 773 1259 1135 2339 1197 281 219 1153 989 587 1062 1621 2111 550 511 1017 1008 1550 1540 1819 1270 1550 1068 1424 1323 1565 2044 2111 986 828 540 1893
1183 1464 1757 751 197 969 1835 1813 1196 2128 545 1256 992 1820 0 239 1250 884 1792 1299 1376 1481 1917 1189 2243 1789 1576 2051 521 1450 604 1066 2079 459 855 1190 1153 422 1910 1127 1354 1065 1812 2935 108 1236 269 323 1121 1438 1081 1382 1443 604 1495 1654 1840 705 1078 1559 1151 1209 375 1432 1342 1060 1051 1133 1147 746 1421 507 888 436 1253 1817 535 375 1075 1124 1837 157
1397 1661 1755 965 262 1183 1832 1990 1410 2305 759 1470 1206 1817 239 0 1465 882 1969 1513 1590 1695 2094 1403 2420 1787 1574 2228 518 1664 818 1280 2256 673 853 1404 1367 487 2087 1125 1569 1062 1989 3112 157 1234 483 104 1119 1652 1079 1597 1564 818 1626 1651 1837 702 1075 1557 1148 1424 589 1429 1340 1058 1048 1347 1361 960 1636 288 886 501 1468 1994 749 590 1072 1122 1834 371
541 458 1322 519 1306 484 1400 787 176 1102 1132 404 532 1385 1250 1465 0 1005 766 365 479 456 890 294 1216 1354 1141 1025 1333 425 1191 481 1052 811 1031 170 401 1432 884 920 457 1029 785 1909 1333 813 1277 1549 742 479 781 229 290 1191 422 1219 1405 1150 872 1124 945 333 929 997 907 1025 1015 320 310 531 495 1547 1045 1420 100 790 756 929 869 711 1402 1165
1189 853 946 1427 777 1333 1023 1181 1084 1497 1345 1054 1381 1009 884 881 1005 0 1161 1015 1129 981 1285 1127 1611 978 765 1420 401 867 1404 1331 1447 1259 99 1078 1309 500 1279 316 1108 254 1180 2303 818 425 1069 804 310 874 270 879 755 1404 817 842 1029 218 287 748 360 1241 1175 621 531 249 239 1171 1160 1439 890 615 132 489 944 1185 1335 1175 284 313 1025 957
699 362 1478 1061 1848 843 1555 148 751 904 1674 567 891 1540 1792 1968 766 1161 0 528 642 490 693 640 1019 1510 1297 827 1489 377 1733 840 854 1353 1187 839 1070 1588 686 1076 621 1185 147 1711 1875 969 1819 1892 898 383 936 569 516 1733 373 1374 1560 1305 1028 1279 1101 861 1471 1152 1063 1180 1171 684 673 1073 400 1702 1200 1576 705 101 1298 1471 1025 867 1557 1707
297 220 1332 568 1355 349 1410 549 253 864 1180 160 397 1395 1299 1513 365 1015 528 0 144 212 653 142 979 1365 1151 787 1343 181 1239 347 815 859 1041 343 575 1442 646 931 123 1040 548 1671 1382 824 1326 1597 752 241 791 162 300 1239 231 1229 1415 1160 882 1134 955 363 978 1007 917 1035 1025 186 175 579 258 1557 1055 1431 303 553 804 978 879 721 1412 1213
467 463 1510 572 1358 353 1588 792 135 1107 1184 403 401 1573 1303 1517 285 1193 771 273 0 455 896 163 1222 1543 1329 1030 1521 424 1243 351 1057 863 1219 225 456 1620 889 1108 329 1218 790 1914 1386 1002 1330 1601 930 484 969 405 478 1243 474 1407 1593 1338 1060 1312 1133 261 981 1185 1095 1213 1203 189 179 583 500 1735 1233 1609 288 795 808 981 1057 899 1590 1217
388 182 1298 750 1537 531 1375 511 435 826 1362 251 579 1360 1481 1695 456 981 490 212 326 0 615 324 941 1330 1117 749 1309 143 1421 529 777 1041 1007 525 757 1408 608 896 305 1005 510 1633 1564 789 1508 1712 718 204 757 253 336 1421 193 1194 1380 1125 848 1100 921 545 1160 973 883 1001 991 368 357 761 220 1523 1021 1396 394 515 986 1160 845 687 1377 1395
823 487 1602 1186 1973 967 1680 713 876 241 1798 692 1015 1665 1917 2093 890 1285 693 653 767 615 0 764 355 1635 1421 164 1613 502 1857 965 260 1478 1311 963 1195 1712 36 1200 745 1310 712 1305 2000 1094 1944 2016 1022 508 1061 694 641 1857 498 1499 1685 1430 1152 1404 1225 986 1596 1277 1187 1305 1295 808 798 1197 524 1827 1325 1701 829 717 1422 1596 1149 991 1682 1831
354 332 1444 458 1245 239 1521 661 143 976 1071 272 288 1506 1189 1403 294 1127 640 142 219 324 764 0 1090 1476 1263 899 1455 293 1129 237 926 750 1153 234 465 1527 758 1042 197 1151 659 1782 1272 935 1216 1487 864 353 903 274 412 1129 343 1340 1527 1271 994 1246 1067 254 868 1119 1029 1147 1137 76 65 470 369 1669 1167 1541 297 664 694 868 991 833 1523 1104
1149 813 1928 1512 2299 1293 2006 1039 1202 233 2124 1018 1342 1991 2243 2419 1216 1611 1019 979 1093 941 355 1090 0 1961 1747 226 1939 828 2183 1291 350 1804 1637 1289 1521 2038 362 1527 1071 1636 1038 1631 2326 1420 2270 2342 1348 834 1387 1020 967 2183 824 1825 2011 1756 1478 1730 1551 1312 1922 1603 1513 1631 1621 1134 1124 1523 850 2153 1651 2027 1155 1043 1748 1922 1475 1317 2008 2158
1539 1202 293 1777 1683 1682 310 1531 1433 1846 2250 1404 1731 322 1789 1786 1354 978 1510 1365 1479 1330 1635 1476 1961 0 335 1769 1306 1217 2309 1680 1796 2068 1005 1427 1659 1405 1628 882 1457 992 1529 2653 1723 900 1975 1710 704 1223 743 1229 1105 2309 1166 288 223 1123 959 557 1032 1591 2081 520 481 987 977 1520 1510 1788 1239 1520 1037 1394 1293 1534 2013 2081 956 798 288 1862
1325 989 302 1563 1469 1469 348 1317 1220 1633 2037 1190 1517 333 1576 1573 1141 765 1297 1151 1265 1117 1421 1263 1747 335 0 1556 1093 1003 2096 1467 1583 1855 791 1214 1445 1192 1415 669 1244 778 1316 2439 1510 687 1761 1496 491 1010 530 1015 891 2096 953 152 338 909 745 343 818 1377 1867 307 268 774 764 1307 1296 1575 1026 1307 824 1180 1080 1321 1800 1867 742 584 382 1649
958 621 1737 1321 2107 1102 1814 848 1010 111 1933 826 1150 1799 2051 2227 1025 1420 827 787 901 749 164 899 226 1769 1556 0 1748 636 1992 1099 394 1612 1446 1098 1329 1847 171 1335 880 1444 847 1440 2134 1228 2079 2151 1157 642 1196 828 775 1992 632 1633 1819 1564 1287 1539 1360 1120 1730 1411 1322 1440 1430 943 932 1332 659 1961 1459 1835 964 851 1557 1730 1284 1126 1816 1966
1517 1181 1274 1187 414 1406 1352 1509 1412 1825 981 1382 1428 1337 521 517 1333 401 1489 1343 1457 1309 1613 1455 1939 1306 1093 1748 0 1195 1040 1503 1775 896 372 1406 1590 137 1607 644 1436 582 1508 2631 455 753 706 441 638 1202 598 1207 1083 1040 1145 1171 1357 222 595 1076 668 1569 812 949 859 577 568 1499 1488 1183 1218 251 405 125 1272 1513 972 812 592 641 1354 593
357 69 1184 719 1506 500 1262 398 404 713 1331 220 548 1247 1450 1664 425 867 377 181 295 143 502 293 828 1217 1003 636 1195 0 1390 498 663 1010 894 494 726 1294 495 783 274 892 396 1520 1533 676 1477 1599 605 90 643 222 223 1390 80 1081 1267 1012 735 986 807 514 1129 859 769 887 878 337 326 730 106 1409 907 1283 363 401 955 1129 732 574 1264 1364
1123 1404 2277 691 659 909 2354 1754 1137 2069 118 1196 932 2339 604 818 1191 1404 1733 1239 1316 1421 1857 1129 2183 2309 2096 1992 1040 1390 0 1006 2019 399 1375 1130 1094 941 1851 1647 1295 1585 1752 2876 687 1756 631 902 1641 1378 1601 1323 1384 30 1436 2173 2359 1225 1597 2079 1670 1150 316 1952 1862 1580 1570 1074 1088 687 1362 1085 1408 956 1194 1757 475 316 1594 1644 2356 518
231 512 1648 335 1122 116 1725 861 331 1176 947 304 165 1710 1066 1280 481 1331 840 347 424 529 965 237 1291 1680 1467 1099 1503 498 1006 0 1127 627 1357 421 591 1404 958 1246 402 1355 860 1983 1149 1139 1093 1364 1068 486 1107 479 617 1006 543 1544 1730 1475 1198 1450 1271 257 745 1323 1233 1351 1341 181 195 347 469 1548 1370 1418 484 865 571 745 1195 1037 1727 981
985 649 1764 1348 2135 1129 1841 875 1038 471 1960 853 1177 1827 2079 2255 1052 1447 854 815 928 777 260 926 350 1796 1583 394 1775 663 2019 1127 0 1639 1473 1125 1356 1874 253 1362 907 1471 874 1467 2162 1255 2106 2178 1184 670 1223 856 803 2019 659 1661 1847 1592 1314 1566 1387 1148 1758 1439 1349 1467 1457 970 960 1359 686 1989 1487 1862 991 879 1584 1758 1311 1153 1844 1993
744 1025 2036 311 515 529 2113 1374 757 1689 340 816 552 2099 459 673 811 1259 1353 859 936 1041 1478 750 1804 2068 1855 1612 896 1010 399 627 1639 0 1230 751 714 797 1471 1502 915 1440 1372 2496 542 1527 486 757 1456 998 1456 943 1004 399 1056 1933 2119 1080 1453 1838 1526 770 138 1711 1621 1435 1426 694 708 307 982 941 1263 811 814 1377 96 138 1450 1425 2116 374
1215 879 972 1454 749 1359 1050 1208 1110 1523 1316 1080 1407 1035 855 852 1031 99 1187 1041 1155 1007 1311 1153 1637 1005 791 1446 372 894 1375 1357 1473 1230 0 1104 1335 471 1305 342 1134 280 1206 2330 789 451 1041 776 336 900 296 906 782 1375 843 869 1055 189 264 774 336 1267 1147 647 557 275 266 1197 1186 1465 916 586 74 460 970 1211 1306 1147 261 339 1052 928
538 531 1395 459 1246 423 1472 859 116 1175 1071 473 472 1457 1190 1404 170 1078 839 343 420 525 963 234 1289 1427 1214 1098 1406 494 1130 421 1125 751 1104 0 327 1505 957 993 399 1102 858 1981 1273 886 1217 1488 815 552 854 302 363 1130 495 1291 1478 1222 945 1197 1018 273 869 1070 980 1098 1088 260 249 470 568 1620 1118 1493 173 863 695 869 942 784 1474 1104
708 762 1626 422 1209 494 1704 1091 347 1406 1035 705 517 1689 1153 1367 401 1309 1070 575 652 757 1195 465 1521 1659 1445 1329 1590 726 1094 591 1356 714 1335 327 0 1491 1188 1224 630 1334 1089 2213 1236 1118 1180 1452 1046 783 1085 533 594 1094 727 1523 1709 1454 1176 1428 1249 504 832 1301 1211 1329 1319 491 481 434 799 1635 1349 1505 404 1094 659 832 1173 1015 1706 1068
1521 1280 1373 1088 315 1307 1451 1608 1511 1924 882 1481 1329 1436 422 487 1432 500 1588 1442 1556 1408 1712 1527 2038 1405 1192 1847 137 1294 941 1404 1874 797 471 1505 1491 0 1706 743 1535 681 1607 2730 356 852 607 451 737 1301 697 1306 1182 941 1244 1270 1456 321 694 1175 766 1547 713 1048 958 676 667 1471 1485 1084 1317 262 504 52 1371 1612 873 713 691 740 1453 495
817 480 1596 1179 1966 961 1673 707 869 248 1792 685 1009 1658 1910 2086 884 1279 686 646 760 608 36 758 362 1628 1415 171 1607 495 1851 958 253 1471 1305 957 1188 1706 0 1194 739 1303 705 1299 1993 1087 1937 2010 1016 501 1054 687 634 1851 491 1492 1678 1423 1146 1398 1219 979 1589 1270 1181 1298 1289 802 791 1191 518 1820 1318 1694 823 710 1416 1589 1143 985 1675 1825
1105 768 850 1343 1020 1248 928 1097 999 1412 1588 969 1297 913 1127 1124 920 316 1076 931 1044 896 1200 1042 1527 882 669 1335 644 783 1647 1246 1362 1502 342 993 1224 743 1194 0 1023 226 1095 2219 1061 466 1312 1047 270 789 309 795 671 1647 732 747 933 460 420 652 492 1157 1418 525 435 221 211 1086 1076 1354 805 858 375 731 859 1100 1578 1418 417 364 930 1200
390 313 1425 623 1410 405 1502 642 188 957 1236 253 453 1488 1354 1569 339 1108 621 123 76 305 745 197 1071 1457 1244 880 1436 274 1295 402 907 915 1134 278 509 1535 739 1023 0 1132 640 1764 1437 916 1381 1653 845 334 884 255 393 1295 324 1321 1508 1252 975 1227 1048 314 1033 1100 1010 1128 1118 241 231 635 350 1650 1148 1523 341 645 860 1033 972 814 1504 1269
1214 877 959 1452 958 1358 1037 1206 1109 1521 1526 1079 1406 1022 1065 1061 1029 254 1185 1040 1154 1005 1310 1151 1636 992 778 1444 582 892 1585 1355 1471 1440 280 1102 1334 681 1303 226 1132 0 1205 2328 999 495 1250 985 379 898 340 904 780 1585 842 856 1042 398 358 761 430 1266 1356 634 544 45 36 1195 1185 1463 914 796 313 669 968 1210 1516 1356 355 383 1039 1138
718 382 1497 1081 1868 862 1575 23 771 923 1693 587 910 1560 1812 1988 785 1180 147 548 661 510 712 659 1038 1529 1316 847 1508 396 1752 860 874 1372 1206 858 1089 1607 705 1095 640 1205 0 1730 1895 989 1839 1911 917 403 956 589 536 1752 393 1394 1580 1325 1047 1299 1120 881 1491 1172 1082 1200 1190 703 693 1092 419 1722 1220 1596 724 113 1317 1491 1044 886 1577 1726
1764 1428 2543 2127 2913 1908 2620 1654 1817 1440 2739 1632 1956 2606 2858 3034 1831 2226 1633 1593 1707 1556 1228 1705 1554 2575 2362 1363 2554 1442 2798 1906 1390 2418 2252 1904 2135 2653 1222 2141 1686 2250 1653 0 2941 2034 2885 2957 1963 1449 2002 1635 1582 2798 1438 2440 2626 2370 2093 2345 2166 1927 2537 2218 2128 2246 2236 1749 1739 2138 1465 2768 2266 2641 1770 1658 2363 2537 2090 1932 2623 2772
1266 1547 1691 834 131 1052 1769 1896 1279 2211 628 1339 1075 1754 108 157 1333 818 1875 1382 1459 1564 2000 1272 2326 1723 1510 2134 455 1533 687 1149 2162 542 789 1273 1236 356 1993 1061 1437 999 1895 3018 0 1170 352 241 1055 1521 1015 1465 1501 687 1562 1588 1774 639 1012 1493 1085 1292 458 1366 1276 994 985 1216 1230 829 1504 424 822 370 1336 1900 618 458 1009 1058 1771 240
998 661 868 1236 1129 1142 945 990 893 1305 1697 863 1190 930 1236 1232 813 425 969 824 938 789 1094 935 1420 900 687 1228 753 676 1756 1139 1255 1527 451 886 1118 852 1087 466 916 495 989 2112 1170 0 1421 1156 288 682 326 688 564 1756 626 764 950 569 292 670 365 1050 1527 542 453 490 481 979 969 1247 698 967 465 840 752 994 1472 1527 289 131 947 1309
1210 1491 1942 778 325 996 2020 1840 1223 2155 572 1283 1019 2005 269 483 1277 1069 1819 1326 1403 1508 1944 1216 2270 1975 1761 2079 706 1477 631 1093 2106 486 1041 1217 1180 607 1937 1312 1381 1250 1839 2962 352 1421 0 568 1306 1465 1267 1409 1470 631 1522 1839 2025 890 1263 1744 1336 1237 402 1617 1527 1245 1236 1160 1174 773 1448 751 1074 621 1280 1844 562 402 1260 1309 2022 140
1481 1585 1678 1049 346 1267 1756 1914 1495 2229 843 1554 1290 1741 323 104 1549 805 1893 1597 1674 1713 2018 1487 2344 1711 1497 2152 442 1600 902 1364 2179 757 777 1488 1452 452 2011 1048 1653 986 1912 3036 241 1157 568 0 1042 1606 1003 1612 1488 902 1549 1575 1761 626 999 1480 1072 1508 674 1353 1263 981 972 1432 1446 1045 1622 211 810 441 1552 1917 833 674 996 1045 1758 455
926 590 672 1165 1014 1070 749 919 821 1234 1582 791 1119 735 1121 1118 742 310 898 752 866 718 1022 864 1348 704 491 1157 638 605 1641 1068 1184 1456 336 815 1046 737 1016 270 845 379 917 2041 1055 288 1306 1041 0 611 75 617 493 1641 554 568 755 455 297 474 370 978 1412 347 257 375 365 908 897 1176 627 852 369 726 681 922 1401 1412 294 186 751 1194
344 75 1191 707 1494 488 1268 404 464 719 1319 280 536 1253 1438 1652 479 874 383 241 355 204 508 353 834 1223 1010 642 1202 90 1378 486 670 998 900 552 783 1301 501 789 334 898 403 1526 1521 682 1465 1605 611 0 650 282 229 1378 86 1087 1273 1018 741 993 814 575 1117 866 776 894 884 397 386 718 113 1416 914 1289 418 408 943 1117 738 580 1270 1352
965 629 711 1203 975 1109 788 957 860 1272 1542 830 1157 773 1081 1078 781 270 936 791 905 757 1061 903 1387 743 530 1196 598 643 1601 1107 1223 1456 296 854 1085 697 1054 309 884 340 956 2079 1015 326 1267 1002 75 650 0 655 531 1601 593 607 793 415 257 512 330 1017 1373 385 296 336 326 947 936 1215 666 812 329 686 720 961 1440 1373 254 224 790 1154
338 261 1196 651 1438 481 1274 590 308 905 1264 201 530 1259 1382 1597 229 879 569 162 276 253 694 274 1020 1229 1015 828 1207 222 1323 479 856 943 906 302 533 1306 687 795 255 904 589 1712 1465 688 1409 1611 617 282 655 0 164 1323 272 1093 1279 1024 747 998 819 465 1061 871 781 899 890 318 307 663 299 1421 919 1295 168 594 888 1061 744 586 1276 1297
476 208 1072 712 1460 619 1150 537 369 852 1325 339 668 1135 1443 1563 290 755 516 300 414 336 641 412 967 1105 891 775 1083 223 1384 617 803 1004 782 363 594 1182 634 671 393 780 536 1659 1501 564 1470 1487 493 229 531 164 0 1384 173 969 1155 900 623 874 695 526 1122 747 657 775 766 456 445 724 246 1297 795 1171 229 541 949 1122 620 462 1152 1358
1123 1404 2277 691 659 909 2354 1754 1137 2069 119 1196 932 2339 604 818 1191 1404 1733 1239 1316 1421 1857 1129 2183 2309 2096 1992 1040 1390 30 1006 2019 399 1375 1130 1094 941 1851 1647 1295 1585 1752 2876 687 1756 631 902 1641 1378 1601 1323 1384 0 1436 2173 2359 1225 1597 2079 1670 1150 316 1952 1862 1580 1570 1074 1088 687 1362 1085 1408 956 1194 1757 475 316 1594 1644 2356 518
402 65 1134 764 1522 545 1212 394 454 709 1377 270 594 1197 1495 1625 422 817 373 231 345 193 498 343 824 1166 953 632 1145 80 1436 543 659 1056 843 495 727 1244 491 732 324 842 393 1516 1562 626 1522 1548 554 86 593 272 173 1436 0 1031 1217 962 684 936 757 564 1174 809 719 837 827 387 376 776 102 1359 857 1233 361 397 1001 1174 681 523 1214 1410
1403 1066 255 1641 1547 1547 296 1395 1298 1710 2114 1268 1595 281 1654 1650 1219 842 1374 1229 1343 1194 1499 1340 1825 288 152 1633 1171 1081 2173 1544 1661 1933 869 1291 1523 1270 1492 747 1321 856 1394 2517 1588 764 1839 1574 568 1087 607 1093 969 2173 1031 0 242 987 823 421 896 1455 1945 384 345 851 842 1384 1374 1652 1104 1384 902 1258 1157 1399 1877 1945 820 662 335 1726
1589 1252 441 1827 1733 1733 207 1581 1484 1896 2301 1454 1781 219 1840 1836 1405 1029 1560 1415 1529 1380 1685 1527 2011 223 338 1819 1357 1267 2359 1730 1847 2119 1055 1478 1709 1456 1678 933 1508 1042 1580 2703 1774 950 2025 1760 755 1273 793 1279 1155 2359 1217 242 0 1173 1009 607 1082 1641 2131 570 531 1037 1028 1570 1560 1839 1290 1570 1088 1444 1343 1585 2064 2131 1006 848 441 1913
1334 997 1090 1371 598 1478 1168 1326 1229 1641 1166 1199 1526 1153 705 701 1150 218 1305 1160 1274 1125 1430 1271 1756 1123 909 1564 222 1012 1225 1475 1592 1080 189 1222 1454 321 1423 460 1252 398 1325 2448 639 569 890 625 455 1018 415 1024 900 1225 962 987 1173 0 411 892 484 1386 996 765 675 394 384 1315 1305 1367 1035 436 222 309 1088 1330 1156 996 408 457 1170 778
1057 720 926 1295 971 1200 1004 1049 951 1364 1539 921 1249 989 1078 1074 872 287 1028 882 996 848 1152 994 1478 959 745 1287 595 735 1597 1198 1314 1453 264 945 1176 694 1146 420 975 358 1047 2171 1012 292 1263 998 297 741 257 747 623 1597 684 823 1009 411 0 728 90 1109 1369 601 511 353 343 1038 1027 1306 757 808 208 682 811 1052 1529 1369 20 180 1006 1151
1308 972 524 1546 1452 1452 602 1300 1203 1616 2020 1173 1500 587 1559 1556 1124 748 1279 1134 1248 1100 1404 1246 1730 557 343 1539 1076 986 2079 1450 1566 1838 774 1197 1428 1175 1398 652 1227 761 1299 2422 1493 670 1744 1479 474 993 512 998 874 2079 936 421 607 892 728 0 801 1360 1850 290 250 756 747 1290 1279 1558 1009 1290 807 1163 1063 1304 1783 1850 725 567 604 1632
1129 793 999 1367 1044 1273 1077 1121 1024 1437 1611 994 1321 1062 1151 1147 945 360 1101 955 1069 921 1225 1067 1551 1032 818 1360 668 807 1670 1271 1387 1526 336 1018 1249 766 1219 492 1048 430 1120 2243 1085 365 1336 1071 370 814 330 819 695 1670 757 896 1082 484 90 801 0 1181 1442 674 584 426 416 1111 1100 1379 830 881 281 755 884 1125 1602 1442 93 253 1079 1223
374 553 1558 479 1265 260 1636 882 183 1197 1091 447 308 1621 1209 1424 333 1241 861 363 440 545 986 254 1312 1591 1377 1120 1569 514 1150 257 1148 770 1267 273 504 1547 979 1157 419 1266 881 2004 1292 1050 1237 1508 978 575 1017 465 526 1150 564 1455 1641 1386 1109 1360 1181 0 888 1233 1143 1261 1252 198 212 490 591 1691 1281 1562 336 886 715 888 1106 948 1638 1124
862 1143 2048 429 431 648 2126 1492 875 1807 257 935 670 2111 375 589 929 1175 1471 978 1054 1160 1596 868 1922 2081 1867 1730 812 1129 316 745 1758 138 1147 869 832 713 1589 1418 1033 1356 1491 2614 458 1527 402 674 1412 1117 1373 1061 1122 316 1174 1945 2131 996 1369 1850 1442 888 0 1723 1633 1351 1342 812 826 425 1100 857 1180 727 932 1496 214 72 1366 1415 2128 290
1181 845 488 1419 1325 1325 565 1173 1076 1488 1893 1046 1373 550 1432 1428 997 621 1152 1007 1121 973 1277 1119 1603 520 307 1411 949 859 1952 1323 1439 1711 647 1070 1301 1048 1270 525 1100 634 1172 2295 1366 542 1617 1352 347 866 385 871 747 1952 809 384 570 765 601 290 674 1233 1723 0 123 629 620 1163 1152 1431 882 1163 680 1036 936 1177 1656 1723 598 440 567 1505
1091 755 448 1329 1235 1235 526 1083 986 1399 1803 956 1283 511 1342 1339 907 531 1063 917 1031 883 1187 1029 1513 481 268 1322 859 769 1862 1233 1349 1621 557 980 1211 958 1181 435 1010 544 1082 2205 1276 453 1527 1262 257 776 296 781 657 1862 719 345 531 675 511 250 584 1143 1633 123 0 540 530 1073 1062 1341 792 1073 590 946 846 1087 1566 1633 508 350 528 1415
1209 873 955 1447 954 1353 1032 1201 1104 1516 1521 1074 1401 1017 1060 1057 1025 249 1180 1035 1149 1001 1305 1147 1631 987 774 1440 577 887 1580 1351 1467 1435 275 1098 1329 676 1298 221 1128 45 1200 2323 994 490 1245 980 375 894 336 899 775 1580 837 851 1037 394 353 756 426 1261 1351 629 540 0 31 1191 1180 1459 910 791 308 665 964 1205 1511 1352 350 378 1034 1133
1200 863 945 1438 944 1343 1023 1192 1094 1507 1511 1064 1392 1008 1051 1047 1015 239 1171 1025 1139 991 1295 1137 1621 977 764 1430 568 878 1570 1341 1457 1426 266 1088 1319 667 1289 211 1118 36 1190 2314 985 481 1236 971 365 884 326 890 766 1570 827 842 1028 384 343 747 416 1252 1342 620 530 31 0 1181 1171 1449 900 781 299 655 954 1195 1502 1342 340 369 1025 1123
298 376 1488 402 1189 183 1565 704 170 1020 1015 316 232 1550 1133 1347 320 1171 684 186 262 368 808 76 1134 1520 1307 943 1499 337 1074 181 970 694 1197 260 491 1471 802 1086 241 1195 703 1826 1216 979 1160 1432 908 397 947 318 456 1074 387 1384 1570 1315 1038 1290 1111 198 812 1163 1073 1191 1181 0 34 414 413 1615 1210 1485 323 708 639 812 1035 877 1567 1048
312 365 1477 416 1203 197 1555 694 159 1009 1029 305 246 1540 1147 1361 310 1160 673 175 252 357 798 65 1124 1510 1296 932 1488 326 1088 195 960 708 1186 249 481 1485 791 1076 231 1185 693 1816 1230 969 1174 1446 897 386 936 307 445 1088 376 1374 1560 1305 1027 1279 1100 212 826 1152 1062 1180 1171 34 0 428 403 1629 1200 1499 313 698 653 826 1024 866 1557 1062
463 744 1756 31 802 249 1833 1094 477 1409 628 536 272 1819 746 960 531 1439 1073 579 656 761 1197 470 1523 1788 1575 1332 1183 730 687 347 1359 307 1465 470 434 1084 1191 1354 635 1463 1092 2216 829 1247 773 1045 1176 718 1215 663 724 687 776 1652 1839 1367 1306 1558 1379 490 425 1431 1341 1459 1449 414 428 0 702 1228 1479 1098 534 1097 252 425 1303 1145 1835 661
328 92 1207 690 1477 472 1285 420 481 736 1303 270 520 1270 1421 1636 495 890 400 258 371 220 524 369 850 1239 1026 659 1218 106 1362 469 686 982 916 568 799 1317 518 805 350 914 419 1542 1504 698 1448 1621 627 113 666 299 246 1362 102 1104 1290 1035 757 1009 830 591 1100 882 792 910 900 413 403 702 0 1432 930 1305 434 424 927 1100 754 596 1287 1336
1665 1396 1489 1232 530 1451 1566 1724 1627 2039 1026 1597 1473 1551 507 288 1548 616 1703 1558 1672 1524 1828 1670 2154 1521 1308 1963 252 1410 1085 1548 1990 941 587 1621 1635 263 1821 859 1651 797 1723 2846 424 968 751 211 853 1417 813 1422 1298 1085 1360 1385 1572 437 810 1291 882 1691 857 1164 1074 792 782 1615 1629 1228 1433 0 620 251 1487 1728 1017 857 807 856 1568 638
1229 892 1005 1467 782 1373 1083 1221 1124 1536 1349 1094 1421 1068 888 885 1045 132 1200 1055 1169 1021 1325 1167 1651 1037 824 1459 405 907 1408 1370 1487 1263 74 1118 1349 504 1318 375 1148 313 1220 2343 822 465 1074 809 369 914 329 919 795 1408 857 902 1088 222 208 807 281 1281 1180 680 590 308 299 1210 1200 1479 930 619 0 493 983 1225 1339 1180 205 353 1085 961
1535 1268 1361 1103 329 1321 1439 1597 1500 1912 897 1470 1344 1424 436 501 1420 489 1576 1431 1545 1396 1701 1541 2027 1394 1180 1835 125 1283 956 1418 1862 811 460 1493 1505 52 1694 731 1523 669 1596 2719 370 840 621 440 726 1289 686 1295 1171 956 1233 1258 1444 309 682 1163 755 1562 727 1036 946 665 655 1485 1499 1098 1305 250 493 0 1359 1601 887 727 679 728 1441 509
479 397 1261 522 1309 487 1338 725 179 1041 1135 342 535 1323 1253 1468 100 944 705 303 417 394 829 297 1155 1293 1080 964 1272 363 1194 484 991 814 970 173 404 1371 823 859 396 968 724 1847 1336 752 1280 1552 681 418 720 168 229 1194 361 1157 1343 1088 811 1063 884 336 932 936 846 964 954 323 313 534 434 1486 983 1359 0 729 759 932 808 650 1340 1168
723 387 1502 1086 1873 867 1580 115 776 928 1698 591 915 1565 1817 1993 790 1185 101 553 666 515 717 664 1043 1534 1321 851 1513 401 1757 865 879 1377 1211 863 1094 1612 710 1100 645 1210 113 1735 1900 994 1844 1916 922 408 961 594 541 1757 397 1399 1585 1330 1052 1304 1125 886 1496 1177 1087 1205 1195 708 698 1097 424 1727 1225 1601 729 0 1322 1496 1049 891 1582 1731
688 969 1981 256 591 474 2058 1319 702 1634 417 761 497 2044 535 749 756 1335 1298 804 881 986 1422 694 1748 2013 1800 1557 972 955 475 571 1584 96 1306 695 659 873 1416 1578 860 1516 1317 2441 618 1472 562 833 1401 943 1440 888 949 475 1001 1877 2064 1156 1529 1783 1602 715 214 1656 1566 1511 1502 639 653 252 927 1017 1339 887 759 1322 0 214 1526 1370 2060 450
862 1143 2048 429 431 648 2126 1492 875 1807 257 935 670 2111 375 590 929 1175 1471 978 1054 1160 1596 868 1922 2081 1867 1730 812 1129 316 745 1758 138 1147 869 832 713 1589 1418 1033 1356 1491 2614 458 1527 402 674 1412 1117 1373 1061 1122 316 1174 1945 2131 996 1369 1850 1442 888 72 1723 1633 1352 1342 812 826 425 1100 857 1180 727 932 1496 214 0 1366 1415 2128 290
1054 717 923 1292 968 1197 1001 1046 948 1361 1536 918 1246 986 1075 1071 869 284 1025 879 993 845 1149 991 1475 956 742 1284 592 732 1594 1195 1311 1450 261 942 1173 691 1143 417 972 355 1044 2168 1009 289 1260 995 294 738 254 744 620 1594 681 820 1006 408 20 725 93 1106 1366 598 508 350 340 1035 1024 1303 754 805 205 679 808 1049 1526 1366 0 177 1003 1148
896 559 765 1134 1017 1039 843 888 790 1203 1585 760 1088 828 1124 1120 711 313 867 721 835 687 991 833 1317 798 584 1126 641 574 1644 1037 1153 1425 339 784 1015 740 985 364 814 383 886 2010 1058 131 1309 1044 186 580 224 586 462 1644 523 662 848 457 180 567 253 948 1415 440 350 378 369 877 866 1145 596 855 353 728 650 891 1370 1415 177 0 845 1197
1586 1249 103 1824 1730 1730 528 1578 1481 1893 2297 1451 1778 540 1837 1833 1402 1025 1557 1412 1526 1377 1682 1523 2008 288 382 1816 1354 1264 2356 1727 1844 2116 1052 1474 1706 1453 1675 930 1504 1039 1577 2700 1771 947 2022 1757 751 1270 790 1276 1152 2356 1214 335 441 1170 1006 604 1079 1638 2128 567 528 1034 1025 1567 1557 1835 1287 1567 1085 1441 1340 1582 2060 2128 1003 845 0 1909
1097 1379 1830 665 213 883 1907 1728 1111 2043 459 1170 906 1893 157 371 1165 957 1707 1213 1290 1395 1831 1104 2158 1862 1649 1966 593 1364 518 981 1993 374 928 1104 1068 495 1825 1200 1269 1138 1726 2850 240 1309 140 455 1194 1352 1154 1297 1358 518 1410 1726 1913 778 1151 1632 1223 1124 290 1505 1415 1133 1123 1048 1062 661 1336 638 961 509 1168 1731 450 290 1148 1197 1909 0
EOF