NAME : tsp_problem
TYPE : TSP
DIMENSION : 32
EDGE_WEIGHT_TYPE : EXPLICIT
EDGE_WEIGHT_FORMAT : FULL_MATRIX
EDGE_WEIGHT_SECTION
0 599 1529 637 1905 1313 1567 1238 1531 1156 1354 1516 1607 1741 1993 1679 1408 352 409 348 2047 1551 1747 1939 1688 1680 1888 1356 1785 1439 117 822
599 0 1110 218 1487 894 1148 819 1112 738 936 1097 1188 1322 1574 1260 989 336 225 661 1628 1132 1328 1521 1270 1261 1469 937 1366 1020 531 403
1616 1197 0 1121 2054 1462 1716 1386 1680 749 1503 1664 1756 1403 805 1589 1556 1354 1243 1679 1110 1700 1514 1904 1629 492 415 1505 597 1587 1548 828
637 218 1034 0 1410 818 1072 742 1036 661 859 1021 1112 1245 1498 1184 913 375 264 699 1551 1056 1252 1444 1193 1185 1393 861 1290 943 569 327
1905 1487 1967 1410 0 980 1110 700 951 1594 770 932 921 1354 2160 1095 824 1643 1532 1968 1587 967 1163 1607 1108 2118 2296 772 2143 1106 1838 1271
1313 894 1375 818 980 0 289 312 350 1002 245 337 682 462 1341 500 352 1051 940 1376 768 372 527 661 467 1429 1477 301 1324 160 1245 679
1567 1148 1629 1072 1110 289 0 489 215 1256 369 460 811 423 1303 335 476 1305 1194 1630 729 467 349 622 289 1390 1438 424 1285 254 1499 933
1238 819 1299 742 700 312 489 0 329 926 149 310 402 733 1539 474 202 975 864 1300 966 346 542 939 486 1450 1658 151 1521 438 1170 603
1531 1112 1593 1036 951 350 215 329 0 1220 210 301 652 464 1271 259 317 1269 1158 1594 697 336 273 715 213 1358 1406 265 1253 347 1463 897
1156 738 662 661 1594 1002 1256 926 1220 0 1043 1205 1296 1430 1126 1368 1097 894 783 1219 1478 1240 1436 1628 1377 813 1021 1045 918 1128 1089 369
1354 936 1416 859 770 245 369 149 210 1043 0 196 472 618 1424 359 136 1092 981 1417 851 231 427 869 367 1512 1559 85 1406 371 1287 720
1516 1097 1578 1021 932 337 460 310 301 1205 196 0 633 457 1263 198 303 1254 1143 1578 690 70 266 957 292 1351 1399 251 1246 462 1448 881
1607 1188 1669 1112 921 682 811 402 652 1296 472 633 0 1055 1862 796 525 1345 1234 1670 1289 668 864 1308 809 1819 1997 474 1844 807 1539 973
1741 1322 1365 1245 1354 462 423 733 464 1430 618 457 1055 0 906 285 724 1478 1368 1803 332 417 210 527 325 994 1041 673 888 428 1673 1106
1993 1574 718 1498 2160 1341 1303 1539 1271 1126 1424 1263 1862 906 0 1091 1531 1731 1620 2055 612 1224 1016 1407 1132 348 462 1479 242 1307 1925 1205
1679 1260 1550 1184 1095 500 335 474 259 1368 359 198 796 285 1091 0 466 1417 1306 1742 518 158 94 785 120 1179 1226 414 1073 478 1611 1045
1408 989 1470 913 824 352 476 202 317 1097 136 303 525 724 1531 466 0 1146 1035 1470 957 338 533 976 474 1619 1666 138 1513 478 1340 773
352 336 1267 375 1643 1051 1305 975 1269 894 1092 1254 1345 1478 1731 1417 1146 0 176 559 1784 1289 1485 1677 1426 1418 1626 1094 1523 1176 255 560
409 225 1156 264 1532 940 1194 864 1158 783 981 1143 1234 1368 1620 1306 1035 176 0 472 1673 1178 1374 1566 1315 1307 1515 983 1412 1065 341 449
348 661 1592 699 1968 1376 1630 1300 1594 1219 1417 1578 1670 1803 2055 1742 1470 559 472 0 2109 1614 1810 2002 1751 1743 1951 1419 1847 1501 373 885
2047 1628 1071 1551 1587 768 729 966 697 1478 851 690 1289 332 612 518 957 1784 1673 2109 0 650 443 833 558 700 748 906 595 734 1979 1412
1551 1132 1613 1056 967 372 467 346 336 1240 231 70 668 417 1224 158 338 1289 1178 1614 650 0 226 917 252 1311 1359 286 1206 497 1483 917
1747 1328 1475 1252 1163 527 349 542 273 1436 427 266 864 210 1016 94 533 1485 1374 1810 443 226 0 710 134 1104 1152 482 999 493 1679 1113
1939 1521 1865 1444 1607 661 622 939 715 1628 869 957 1308 527 1407 785 976 1677 1566 2002 833 917 710 0 801 1494 1542 924 1389 627 1872 1305
1688 1270 1590 1193 1108 467 289 486 213 1377 367 292 809 325 1132 120 474 1426 1315 1751 558 252 134 801 0 1219 1267 422 1114 433 1621 1054
1680 1261 406 1185 2118 1429 1390 1450 1358 813 1512 1351 1819 994 348 1179 1619 1418 1307 1743 700 1311 1104 1494 1219 0 243 1567 140 1395 1612 892
1888 1469 436 1393 2296 1477 1438 1658 1406 1021 1559 1399 1997 1041 462 1226 1666 1626 1515 1951 748 1359 1152 1542 1267 243 0 1615 258 1442 1820 1100
1356 937 1418 861 772 301 424 151 265 1045 85 251 474 673 1479 414 138 1094 983 1419 906 286 482 924 422 1567 1615 0 1462 426 1288 722
1785 1366 510 1290 2143 1324 1285 1521 1253 918 1406 1246 1844 888 242 1073 1513 1523 1412 1847 595 1206 999 1389 1114 140 258 1462 0 1289 1717 997
1439 1020 1500 943 1106 160 254 438 347 1128 371 462 807 428 1307 478 478 1176 1065 1501 734 497 493 627 433 1395 1442 426 1289 0 1371 804
117 531 1462 569 1838 1245 1499 1170 1463 1089 1287 1448 1539 1673 1925 1611 1340 255 341 373 1979 1483 1679 1872 1621 1612 1820 1288 1717 1371 0 754
822 403 741 327 1271 679 933 603 897 369 720 881 973 1106 1205 1045 773 560 449 885 1412 917 1113 1305 1054 892 1100 722 997 804 754 0
EOF