NAME : tsp_problem
TYPE : TSP
DIMENSION : 36
EDGE_WEIGHT_TYPE : EXPLICIT
EDGE_WEIGHT_FORMAT : FULL_MATRIX
EDGE_WEIGHT_SECTION
0 2512 1613 1699 1246 765 1152 1494 1883 1484 1357 1772 800 1781 1027 1266 1104 1561 1378 460 889 767 1380 1404 1403 832 770 1720 1851 2122 1913 1033 905 379 1118 1363
2517 0 1950 1493 2278 2736 1966 1561 1280 1785 2389 1190 2872 1495 2165 1774 2241 1897 2012 2142 2026 2828 2104 1750 2435 2804 2742 1138 1307 4094 701 2099 2196 2605 2256 2395
1613 1940 0 636 509 1493 603 431 820 237 620 1824 1629 2088 686 411 869 64 768 1238 799 1585 334 387 666 1320 1348 1772 788 3509 1965 736 1770 1819 777 626
1699 1483 636 0 964 1918 653 248 254 471 1075 1367 2054 1939 1086 460 1163 584 699 1324 948 2010 790 436 1122 1776 1804 1316 222 3594 1508 786 1855 1905 1177 1082
1246 2268 509 964 0 1076 758 759 1149 566 202 1638 1212 1720 319 739 502 456 984 871 431 1167 276 715 191 903 931 1587 1116 3141 1780 640 1402 1424 410 151
765 2731 1493 1918 1076 0 1371 1713 2103 1550 1015 1991 404 2073 1247 1485 1323 1441 1598 680 1108 360 1260 1624 1074 431 369 1940 2070 2653 2133 1253 1436 617 1338 1118
1152 1956 603 653 758 1371 0 448 837 438 869 1544 1507 1626 539 220 616 551 332 777 401 1463 757 358 916 1439 1377 1493 805 3047 1686 239 1308 1358 630 875
1494 1552 431 248 759 1713 448 0 432 267 870 1436 1849 1968 882 255 958 379 494 1119 743 1805 585 231 917 1571 1599 1384 400 3389 1577 581 1650 1700 972 877
1883 1270 820 254 1149 2103 837 432 0 656 1259 1154 2239 1726 1271 644 1347 768 883 1508 1132 2194 974 621 1306 1960 1988 1103 69 3768 1295 970 2029 2089 1361 1266
1484 1775 237 471 566 1550 438 267 656 0 677 1659 1686 1959 743 246 926 185 603 1110 734 1642 391 222 723 1377 1405 1608 624 3380 1801 572 1641 1691 834 683
1357 2379 620 1075 202 1015 869 870 1259 677 0 1749 1151 1831 430 850 613 567 1095 982 542 1106 387 826 104 842 870 1698 1227 3252 1891 751 1513 1364 521 148
1757 1170 1828 1371 1624 1977 1530 1440 1159 1664 1735 0 2113 943 1405 1644 1482 1776 1756 1382 1267 2068 1759 1629 1781 2045 1982 213 1186 3332 572 1412 1059 1844 1496 1741
800 2867 1629 2054 1212 404 1507 1849 2239 1686 1151 2128 0 2209 1383 1621 1459 1577 1734 816 1244 88 1396 1760 1210 567 505 2076 2206 2594 2269 1389 1377 558 1474 1254
1812 1468 2119 1943 1751 2104 1657 1999 1730 1990 1862 943 2240 0 1533 1771 1609 2066 1884 1510 1394 2196 1886 1909 1909 2172 2110 951 1758 3352 964 1539 1078 1863 1623 1868
1027 2160 686 1086 319 1247 539 882 1271 743 430 1420 1383 1501 0 654 283 634 766 652 213 1338 454 792 477 1131 1159 1368 1239 2923 1561 421 1184 1233 104 436
1266 1764 411 460 739 1485 220 255 644 246 850 1648 1621 1740 654 0 730 358 425 891 515 1577 565 165 896 1550 1491 1596 612 3161 1789 353 1422 1472 744 856
1104 2236 869 1163 502 1323 616 958 1347 926 613 1496 1459 1578 283 730 0 817 842 729 289 1415 637 868 659 1314 1329 1445 1315 2999 1637 498 1260 1310 374 619
1561 1888 64 584 456 1441 551 379 768 185 567 1772 1577 2035 634 358 817 0 715 1186 747 1532 282 335 614 1268 1296 1720 736 3457 1913 684 1717 1767 725 574
1378 2003 768 699 984 1598 332 494 883 603 1095 1771 1734 1852 766 425 842 715 0 1003 628 1689 922 563 1142 1666 1603 1719 851 3274 1912 465 1535 1584 857 1102
460 2137 1238 1324 871 680 777 1119 1508 1110 982 1397 816 1479 652 891 729 1186 1003 0 514 771 1005 1029 1028 747 685 1345 1476 2410 1538 658 1161 666 743 988
830 1962 900 986 533 1049 439 781 1170 772 644 1222 1185 1304 314 553 391 848 665 455 0 1141 667 691 690 1117 1055 1171 1138 2725 1363 320 986 1036 405 650
767 2823 1585 2010 1167 360 1463 1805 2194 1642 1106 2083 88 2165 1338 1577 1415 1532 1689 771 1200 0 1352 1715 1165 523 460 2031 2162 2561 2224 1344 1344 525 1429 1209
1380 2094 334 790 276 1260 757 585 974 391 387 1773 1396 1855 454 565 637 282 922 1005 566 1352 0 541 433 1087 1115 1722 942 3276 1914 774 1537 1587 544 393
1404 1740 387 436 715 1624 358 231 621 222 826 1624 1760 1878 792 165 868 335 563 1029 653 1715 541 0 872 1527 1555 1573 588 3300 1765 491 1561 1610 883 832
1403 2426 666 1122 191 1074 916 917 1306 723 104 1796 1210 1878 477 896 659 614 1142 1028 589 1165 433 872 0 901 929 1744 1274 3299 1937 797 1560 1422 567 75
832 2799 1320 1776 903 431 1439 1571 1960 1377 842 2059 567 2141 1131 1550 1314 1268 1666 747 1176 523 1087 1527 901 0 286 2008 1928 2782 2200 1321 1565 780 1221 945
770 2737 1348 1804 931 369 1377 1599 1988 1405 870 1997 505 2078 1159 1491 1329 1296 1603 685 1114 460 1115 1555 929 286 0 1945 1956 2720 2138 1258 1503 717 1249 973
1706 1119 1777 1320 1572 1925 1478 1389 1107 1612 1683 213 2061 951 1354 1592 1430 1725 1705 1331 1215 2017 1707 1577 1730 1993 1931 0 1135 3283 520 1360 1155 1794 1444 1690
1851 1298 788 222 1116 2070 805 400 69 624 1227 1182 2206 1753 1239 612 1315 736 851 1476 1100 2162 942 588 1274 1928 1956 1130 0 3746 1323 938 2007 2057 1329 1234
2151 4083 3548 3634 3181 2681 3087 3429 3802 3420 3292 3340 2622 3328 2962 3201 3039 3496 3313 2438 2824 2590 3316 3339 3338 2811 2748 3291 3786 0 3484 2969 2452 2201 3053 3298
1885 698 1956 1500 1752 2105 1658 1568 1287 1792 1863 559 2241 965 1533 1772 1610 1904 1884 1510 1395 2196 1887 1757 1909 2173 2110 507 1314 3462 0 1540 1564 1973 1624 1869
1033 2090 736 786 640 1253 239 581 970 572 751 1426 1389 1508 421 353 498 684 465 658 283 1344 774 491 797 1321 1258 1375 938 2929 1567 0 1190 1240 512 757
905 2176 1769 1855 1402 1436 1308 1650 1985 1640 1513 1059 1377 1047 1183 1422 1260 1717 1534 1160 1045 1344 1536 1560 1559 1565 1503 1155 2007 2445 1578 1189 0 956 1274 1519
379 2586 1819 1905 1424 617 1358 1700 2089 1691 1364 1844 558 1831 1233 1472 1310 1767 1584 666 1095 525 1587 1610 1422 780 717 1795 2057 2172 1988 1240 956 0 1324 1466
1118 2250 777 1177 410 1338 630 972 1361 834 521 1511 1474 1592 104 744 374 725 857 743 304 1429 544 883 567 1221 1249 1459 1329 3014 1652 512 1274 1324 0 527
1363 2386 626 1082 151 1118 875 877 1266 683 148 1756 1254 1837 436 856 619 574 1102 988 549 1209 393 832 75 945 973 1704 1234 3259 1897 757 1520 1466 527 0
EOF