NAME : tsp_problem
TYPE : TSP
DIMENSION : 66
EDGE_WEIGHT_TYPE : EXPLICIT
EDGE_WEIGHT_FORMAT : FULL_MATRIX
EDGE_WEIGHT_SECTION
0 1824 1763 1698 1591 1931 1825 1847 1790 1935 1422 1416 154 1951 729 2087 1648 1896 1326 1975 2020 1531 2034 1669 1923 1802 1435 384 1878 1819 1425 1515 1617 1748 1505 848 1476 1613 1494 1778 1370 1419 799 1584 1744 1369 1730 1398 1636 1811 612 1092 1526 1225 1649 1841 1823 1571 1716 1414 1754 3005 1836 1808 1337 1552
1824 0 518 928 822 1643 463 347 96 1730 506 430 1921 487 1883 1647 1443 1691 758 511 1641 680 1455 1464 458 440 970 1767 1590 1049 960 523 848 752 1300 1615 453 523 471 445 1165 954 1629 814 376 904 358 933 867 89 2237 1527 318 1020 378 1636 1618 687 151 586 189 3229 1067 145 768 581
1759 518 0 1206 1099 1920 243 624 448 2044 819 744 1811 764 1655 1419 1757 2005 1071 788 1919 393 1732 1778 735 220 1284 2048 1867 1326 1274 437 1125 1029 1614 1387 767 186 785 196 1478 1267 1401 1092 162 1217 840 1247 1144 469 2009 1299 795 1334 296 1950 1932 350 629 900 578 3542 1344 525 1082 244
1698 928 1206 0 166 889 1151 784 858 1043 831 825 1795 649 2057 2334 969 1004 735 673 887 1368 701 1198 621 1127 529 1641 836 295 520 1211 109 446 1174 1789 885 1210 903 1132 1039 513 1802 159 1063 463 1139 599 197 879 2215 2190 935 894 1065 949 931 1374 1040 823 988 3103 313 936 745 1268
1591 822 1099 166 0 881 1044 677 751 1035 724 718 1688 543 1950 2228 962 996 628 567 880 1261 693 1190 514 1021 423 1534 828 287 413 1104 86 340 1067 1682 778 1103 796 1025 932 406 1695 53 956 356 1032 492 178 772 2108 2084 828 787 958 941 923 1267 933 716 881 2996 305 829 639 1161
1931 1643 1920 889 881 0 1865 1498 1572 382 1325 1318 2028 1364 2290 3039 309 344 1229 1388 317 2082 331 537 1335 1842 1244 1874 91 653 1234 1925 824 1161 972 2022 1379 1924 1397 1847 834 1228 2035 874 1778 1178 1633 1301 999 1593 2448 2424 1429 768 1780 288 271 2089 1618 1316 1656 2556 671 1650 1239 1982
1821 463 243 1151 1044 1865 0 569 393 1989 764 689 1873 709 1717 1481 1702 1950 1016 733 1864 455 1677 1723 680 54 1229 2026 1812 1272 1219 386 1070 974 1559 1449 712 248 730 170 1423 1212 1463 1037 107 1163 785 1192 1089 414 2071 1361 740 1279 241 1895 1877 412 575 845 523 3487 1289 470 1027 306
1848 347 624 784 677 1498 569 0 276 1652 529 454 1945 342 1980 1744 1467 1614 781 366 1497 786 1310 1488 313 546 917 1791 1446 905 908 629 703 607 1324 1712 477 628 495 550 1188 901 1725 670 481 851 669 957 722 297 2334 1624 505 1044 483 1558 1540 792 458 610 406 3252 923 354 792 686
1790 96 448 858 751 1572 393 276 0 1696 472 396 1887 416 1813 1577 1409 1657 724 440 1571 610 1385 1430 387 370 936 1733 1520 979 926 453 778 681 1266 1545 419 452 437 374 1131 920 1558 744 306 870 418 899 797 46 2166 1457 378 986 308 1602 1584 616 207 552 155 3195 997 103 734 510
1935 1730 2044 1043 1035 382 1989 1652 1696 0 1329 1322 2032 1518 2294 3043 313 252 1232 1542 471 2206 485 541 1489 1966 1341 1878 330 807 1332 2049 978 1315 976 2026 1383 2048 1401 1970 838 1325 2039 1028 1901 1275 1637 1304 1153 1717 2452 2428 1432 772 1903 197 179 2212 1622 1320 1660 2330 825 1714 1243 2106
1423 506 819 831 724 1325 764 529 472 1329 0 98 1520 669 1781 1948 1042 1290 356 693 1414 982 1358 1063 641 741 569 1366 1272 952 559 824 751 882 898 1514 158 824 176 746 763 552 1527 717 677 502 412 532 770 493 1940 1828 208 619 679 1235 1217 988 398 185 436 2827 970 490 367 882
1416 430 744 825 718 1318 689 454 396 1322 98 0 1513 594 1775 1873 1035 1283 350 618 1407 906 1351 1056 565 666 562 1359 1266 946 552 749 744 859 892 1507 83 748 101 671 757 546 1520 711 602 496 337 525 763 417 1933 1753 133 612 604 1228 1210 913 322 178 360 2821 963 414 360 806
154 1920 1815 1794 1688 2028 1877 1944 1887 2032 1519 1513 0 2048 604 2023 1745 1993 1423 2072 2117 1583 2131 1766 2019 1854 1532 395 1975 1915 1522 1567 1714 1845 1601 900 1573 1665 1591 1830 1466 1516 896 1680 1796 1466 1827 1495 1733 1908 487 1028 1623 1322 1701 1938 1920 1623 1813 1511 1851 3102 1933 1905 1433 1604
1952 487 764 649 543 1364 709 342 416 1518 669 594 2049 0 2129 1893 1445 1479 921 66 1362 926 1176 1592 138 686 783 1895 1311 770 774 769 569 473 1428 1861 617 768 635 690 1292 767 1874 535 621 717 809 853 588 437 2469 1773 645 1148 623 1424 1406 932 598 750 546 3356 788 494 932 826
729 1899 1671 2054 1947 2287 1733 1997 1829 2291 1778 1772 604 2145 0 1752 2004 2252 1682 2169 2376 1439 2390 2025 2116 1710 1791 936 2234 2175 1781 1423 1973 2104 1861 756 1832 1521 1850 1686 1726 1775 769 1940 1652 1725 2086 1754 1992 1850 802 757 1882 1581 1557 2197 2179 1479 2010 1770 1958 3471 2192 1906 1692 1460
2106 1646 1418 2333 2226 3016 1480 1744 1575 3020 1947 1872 2049 1891 1778 0 2733 2981 2199 1915 3046 1186 2860 2754 1863 1457 2411 2380 2964 2454 2402 1170 2253 2156 2590 1775 1894 1268 1912 1433 2455 2395 1788 2219 1399 2345 1968 2374 2272 1596 2247 1125 1922 2310 1304 2926 2908 1226 1757 2028 1705 4200 2472 1653 2209 1206
1649 1443 1757 969 962 309 1702 1467 1409 313 1042 1035 1745 1445 2007 2756 0 274 946 1469 398 1919 412 255 1416 1679 1055 1592 257 734 1045 1762 904 1242 689 1739 1096 1762 1114 1684 551 1038 1753 955 1615 989 1350 1018 1080 1430 2166 2141 1146 485 1617 219 201 1926 1336 1034 1374 2273 751 1428 956 1819
1897 1691 2005 1004 996 344 1950 1614 1657 252 1290 1283 1993 1479 2255 3004 274 0 1194 1503 433 2167 447 502 1451 1927 1303 1839 291 768 1293 2010 939 1276 937 1987 1344 2009 1362 1932 799 1286 2001 989 1863 1236 1598 1266 1114 1678 2414 2389 1394 733 1865 90 97 2174 1584 1281 1622 2459 786 1675 1204 2067
1327 758 1071 735 628 1229 1016 781 724 1232 356 350 1423 921 1685 2200 946 1194 0 945 1318 1234 1262 967 892 993 472 1270 1176 856 463 1076 655 786 802 1417 410 1076 428 998 667 456 1431 621 929 406 664 436 674 745 1844 1819 460 523 931 1139 1121 1240 650 348 688 2731 874 742 53 1134
1976 511 788 673 567 1388 733 366 440 1542 693 618 2073 66 2153 1917 1469 1503 945 0 1387 950 1200 1616 162 710 807 1919 1335 794 798 793 593 497 1452 1885 641 792 659 714 1317 791 1898 559 646 741 833 877 612 461 2493 1797 669 1172 647 1448 1430 956 622 774 570 3380 812 518 956 850
2020 1641 1919 887 880 317 1864 1497 1571 471 1414 1407 2117 1362 2379 3048 398 433 1318 1387 0 2081 330 626 1334 1841 1243 1963 265 651 1233 1924 822 1159 1061 2111 1468 1923 1486 1845 923 1226 2124 872 1776 1176 1722 1312 998 1592 2537 2513 1517 857 1778 377 359 2087 1707 1405 1701 2645 669 1649 1328 1981
1527 680 393 1368 1261 2082 455 786 610 2206 982 906 1579 926 1423 1187 1919 2167 1234 950 2081 0 1895 1940 897 431 1446 1816 2030 1489 1436 205 1288 1191 1776 1156 929 242 947 408 1641 1430 1169 1254 374 1380 1003 1409 1307 631 1777 1068 957 1496 339 2112 2094 121 792 1062 740 3580 1507 688 1244 181
2034 1455 1732 701 693 331 1677 1310 1385 485 1358 1351 2131 1176 2393 2861 412 447 1262 1200 330 1895 0 640 1148 1654 1056 1977 279 465 1047 1737 636 973 1075 2125 1412 1737 1430 1659 937 1040 2138 686 1590 990 1666 1126 811 1406 2551 2527 1462 871 1592 391 373 1901 1567 1350 1515 2659 483 1462 1272 1795
1669 1464 1778 1198 1190 537 1723 1488 1430 541 1063 1056 1766 1592 2028 2777 255 502 967 1616 626 1940 640 0 1563 1700 1075 1612 485 962 1066 1783 1133 1389 710 1760 1117 1782 1135 1704 572 1059 1773 1183 1636 1009 1371 1039 1277 1451 2186 2162 1166 506 1638 447 429 1946 1356 1054 1394 2293 980 1448 977 1840
1923 458 735 621 514 1335 680 313 387 1489 641 565 2020 138 2100 1864 1416 1451 892 162 1334 897 1148 1563 0 657 754 1866 1283 742 745 740 540 444 1399 1832 588 739 606 662 1264 738 1845 507 593 688 780 824 559 408 2440 1744 616 1119 595 1395 1377 904 569 721 517 3328 760 465 903 797
1798 440 220 1127 1021 1842 54 546 370 1966 741 666 1850 686 1694 1458 1679 1927 993 710 1841 431 1654 1700 657 0 1206 2003 1789 1248 1196 363 1047 951 1535 1426 688 225 706 147 1400 1189 1439 1013 84 1139 762 1169 1066 391 2048 1338 717 1256 218 1872 1854 389 551 822 500 3464 1266 447 1004 283
1436 970 1284 529 423 1244 1229 917 936 1341 569 562 1532 783 1794 2413 1055 1303 472 807 1243 1446 1056 1075 754 1206 0 1378 1191 650 43 1289 449 580 911 1526 623 1288 641 1210 776 25 1540 415 1141 127 877 337 468 957 1953 1928 672 631 1143 1247 1229 1452 862 560 900 2840 668 954 483 1346
384 1798 2053 1672 1565 1905 2057 1822 1764 1909 1397 1390 395 1926 936 2354 1623 1871 1301 1950 1994 1821 2008 1643 1897 2034 1409 0 1853 1793 1400 1805 1592 1723 1479 870 1451 1902 1469 2039 1344 1393 774 1558 1970 1343 1705 1373 1611 1785 603 1359 1501 1199 1939 1815 1797 1861 1690 1388 1728 2979 1811 1782 1311 1841
1879 1590 1867 836 828 91 1812 1446 1520 330 1272 1266 1976 1311 2238 2986 257 291 1176 1335 265 2030 279 485 1283 1789 1191 1822 0 600 1182 1873 771 1108 920 1970 1326 1872 1344 1794 782 1175 1983 821 1725 1125 1580 1248 946 1541 2396 2371 1376 716 1727 236 218 2036 1566 1264 1604 2503 618 1598 1186 1930
1819 1049 1326 295 287 653 1272 905 979 807 952 946 1916 770 2178 2455 734 768 856 794 651 1489 465 962 742 1248 650 1762 600 0 641 1332 230 567 1295 1910 1006 1331 1024 1253 1160 634 1923 280 1184 584 1260 720 405 1000 2336 2311 1056 1015 1186 713 695 1495 1161 944 1109 2980 52 1057 866 1389
1426 960 1274 520 413 1234 1219 908 926 1332 559 552 1523 774 1785 2403 1045 1293 463 798 1233 1436 1047 1066 745 1196 43 1369 1182 641 0 1279 440 571 902 1517 613 1279 631 1201 766 27 1530 406 1132 118 867 327 459 947 1943 1918 663 622 1134 1238 1220 1443 853 551 891 2830 659 945 473 1336
1511 523 437 1211 1104 1925 386 629 453 2049 824 749 1563 769 1407 1171 1762 2010 1076 793 1924 205 1737 1783 740 363 1289 1800 1873 1332 1279 0 1130 1034 1619 1140 772 286 790 368 1483 1273 1153 1097 299 1223 845 1252 1149 474 1761 1052 800 1339 181 1955 1937 245 635 905 583 3547 1349 530 1087 225
1618 848 1125 109 86 824 1070 703 778 978 751 744 1715 569 1977 2254 904 939 655 593 822 1288 636 1133 540 1047 449 1561 771 230 440 1130 0 366 1094 1709 805 1130 823 1052 958 433 1722 79 983 383 1059 519 204 799 2135 2110 855 814 985 884 866 1294 959 743 908 3022 248 855 665 1188
1749 752 1029 446 340 1161 974 607 681 1315 882 859 1846 473 2108 2158 1242 1276 786 497 1159 1191 973 1389 444 951 580 1692 1108 567 571 1034 366 0 1225 1840 882 1033 900 955 1089 564 1853 332 887 514 1074 650 385 702 2266 2038 910 945 889 1221 1203 1197 863 874 811 3153 585 759 796 1091
1505 1300 1614 1174 1067 972 1559 1324 1266 976 898 892 1602 1428 1864 2612 689 937 802 1452 1061 1776 1075 710 1399 1535 911 1448 920 1295 902 1619 1094 1225 0 1596 953 1618 971 1540 559 895 1609 1060 1471 845 1206 874 1113 1287 2022 1997 1002 455 1473 882 864 1782 1192 890 1230 2528 1313 1284 813 1676
848 1620 1392 1774 1667 2008 1454 1718 1549 2011 1499 1492 900 1865 745 1762 1725 1973 1403 1889 2096 1160 2110 1745 1836 1431 1512 870 1955 1895 1502 1144 1694 1825 1581 0 1553 1241 1571 1407 1446 1495 324 1660 1373 1446 1807 1475 1713 1570 1098 878 1603 1301 1278 1918 1900 1200 1731 1491 1679 3191 1913 1627 1413 1180
1477 453 767 885 778 1379 712 477 419 1383 158 83 1574 617 1836 1895 1096 1344 410 641 1468 929 1412 1117 588 688 623 1420 1326 1006 613 772 805 882 953 1568 0 771 47 693 817 606 1581 771 624 557 359 586 824 440 1994 1776 155 673 626 1289 1271 935 345 239 383 2881 1024 437 421 829
1608 523 186 1210 1103 1924 248 628 452 2048 824 748 1660 768 1505 1269 1762 2009 1076 792 1923 242 1737 1782 739 225 1288 1898 1872 1331 1279 286 1130 1033 1618 1237 771 0 789 201 1483 1272 1250 1096 167 1222 845 1251 1149 473 1859 1149 799 1338 300 1954 1936 200 634 905 582 3547 1349 530 1086 93
1495 471 785 903 796 1397 730 495 437 1401 176 101 1592 635 1854 1914 1114 1362 428 659 1486 947 1430 1135 606 706 641 1438 1344 1024 631 790 823 900 971 1586 47 789 0 711 835 624 1599 789 642 575 377 604 842 458 2012 1794 173 691 644 1307 1289 953 363 257 401 2899 1042 455 439 847
1774 445 196 1132 1025 1847 170 550 374 1970 746 671 1826 690 1671 1434 1684 1932 998 714 1845 408 1659 1704 662 147 1210 2007 1794 1253 1201 368 1052 955 1540 1403 693 201 711 0 1405 1194 1416 1018 89 1144 767 1173 1071 395 2024 1315 721 1260 223 1876 1859 365 556 827 504 3469 1271 452 1008 259
1370 1165 1478 1039 932 834 1423 1188 1131 838 763 757 1467 1292 1729 2477 551 799 667 1317 923 1641 937 572 1264 1400 776 1313 782 1160 766 1483 958 1089 559 1461 817 1483 835 1405 0 760 1474 925 1336 710 1071 739 978 1152 1887 1862 867 249 1338 744 726 1647 1057 755 1095 2390 1178 1149 678 1541
1419 954 1267 513 406 1228 1212 901 920 1325 552 546 1516 767 1778 2396 1038 1286 456 791 1226 1430 1040 1059 738 1189 25 1362 1175 634 27 1273 433 564 895 1510 606 1272 624 1194 760 0 1523 399 1125 111 860 320 452 941 1936 1912 656 615 1127 1231 1213 1436 846 544 884 2824 652 938 467 1330
799 1633 1405 1787 1681 2021 1467 1731 1562 2025 1512 1506 896 1878 758 1775 1738 1986 1416 1902 2110 1173 2124 1759 1850 1444 1525 774 1968 1908 1515 1157 1707 1838 1595 324 1566 1255 1584 1420 1459 1509 0 1674 1386 1459 1820 1488 1726 1583 1112 892 1616 1315 1291 1931 1913 1213 1744 1504 1692 3203 1926 1640 1426 1193
1584 814 1092 159 53 874 1037 670 744 1028 717 711 1681 535 1943 2221 955 989 621 559 872 1254 686 1183 507 1013 415 1527 821 280 406 1097 79 332 1060 1675 771 1096 789 1018 925 399 1688 0 949 349 1025 485 171 765 2101 2076 821 780 951 934 916 1260 926 709 874 2989 298 822 631 1154
1740 376 162 1063 956 1778 107 481 306 1901 677 602 1792 621 1636 1400 1615 1863 929 646 1776 374 1590 1636 593 84 1141 1939 1725 1184 1132 299 983 887 1471 1368 624 167 642 89 1336 1125 1381 949 0 1075 698 1105 1002 327 1990 1280 653 1192 154 1808 1790 331 487 758 435 3400 1202 383 939 225
1369 904 1217 463 356 1178 1163 851 870 1275 502 496 1466 717 1728 2346 989 1236 406 741 1176 1380 990 1009 688 1139 127 1312 1125 584 118 1223 383 514 845 1460 557 1222 575 1144 710 111 1473 349 1075 0 810 270 402 891 1886 1862 606 565 1077 1181 1163 1386 796 494 834 2774 602 888 417 1280
1731 358 840 1139 1032 1633 785 669 418 1637 412 337 1828 809 2089 1969 1350 1598 664 833 1722 1003 1666 1371 780 762 877 1674 1580 1260 867 845 1059 1074 1206 1822 359 845 377 767 1071 860 1835 1025 698 810 0 840 1078 399 2248 1849 225 927 700 1543 1525 1009 250 493 288 3135 1278 342 674 903
1399 933 1247 599 492 1301 1192 957 899 1304 532 525 1495 853 1757 2376 1018 1266 436 877 1312 1409 1126 1039 824 1169 337 1342 1248 720 327 1252 519 650 874 1489 586 1251 604 1173 739 320 1503 485 1105 270 840 0 538 920 1916 1891 636 595 1107 1211 1193 1416 825 523 863 2803 738 917 446 1309
1637 867 1144 197 178 999 1089 722 797 1153 770 763 1734 588 1996 2273 1080 1114 674 612 998 1307 811 1277 559 1066 468 1580 946 405 459 1149 204 385 1113 1728 824 1149 842 1071 978 452 1741 171 1002 402 1078 538 0 818 2154 2129 874 833 1004 1059 1041 1313 979 762 927 3041 423 874 684 1207
1811 89 469 879 772 1593 414 297 46 1717 493 417 1908 437 1834 1598 1430 1678 745 461 1592 631 1406 1451 408 391 957 1754 1541 1000 947 474 799 702 1287 1566 440 473 458 395 1152 941 1579 765 327 891 399 920 818 0 2187 1478 359 1007 329 1623 1605 637 192 573 148 3216 1018 96 755 531
612 2241 2013 2246 2139 2480 2075 2339 2171 2483 1971 1964 487 2487 802 2221 2197 2445 1875 2511 2568 1782 2582 2217 2458 2052 1984 603 2427 2367 1974 1766 2166 2297 2053 1098 2025 1863 2043 2029 1918 1967 1112 2132 1994 1917 2279 1947 2185 2192 0 1226 2075 1773 1899 2389 2372 1821 2265 1962 2301 3553 2385 2249 1885 1802
1020 1559 1331 2104 1997 2337 1393 1657 1489 2341 1828 1785 963 1805 692 1123 2054 2302 1732 1829 2426 1100 2440 2075 1776 1370 1841 1294 2285 2225 1832 1084 2024 2070 1911 806 1808 1181 1826 1347 1776 1825 820 1990 1312 1775 1881 1804 2043 1510 1161 0 1836 1631 1217 2247 2229 1139 1671 1820 1619 3521 2243 1567 1743 1120
1527 318 795 935 828 1429 740 505 378 1432 208 133 1623 645 1885 1924 1146 1394 460 669 1517 957 1462 1166 616 717 672 1469 1376 1056 663 800 855 910 1002 1617 155 799 173 721 867 656 1631 821 653 606 225 636 874 359 2044 1804 0 722 655 1338 1321 963 211 289 249 2931 1074 303 470 857
1225 1020 1334 894 787 768 1279 1044 986 772 619 612 1322 1148 1584 2333 485 733 523 1172 857 1496 871 506 1119 1256 631 1168 716 1015 622 1339 814 945 455 1316 673 1338 691 1260 249 615 1329 780 1192 565 927 595 833 1007 1742 1718 722 0 1193 678 660 1502 912 610 950 2325 1033 1004 533 1396
1645 378 296 1065 958 1780 241 483 308 1903 679 604 1697 623 1541 1305 1617 1865 931 647 1778 339 1592 1638 595 218 1143 1934 1727 1186 1134 181 985 889 1473 1273 626 300 644 223 1338 1127 1287 951 154 1077 700 1107 1004 329 1895 1185 655 1193 0 1810 1792 378 489 760 437 3402 1204 385 941 358
1841 1636 1950 949 941 288 1895 1558 1602 197 1235 1228 1938 1424 2200 2949 219 90 1139 1448 377 2112 391 447 1395 1872 1247 1784 236 713 1238 1955 884 1221 882 1932 1289 1954 1307 1876 744 1231 1945 934 1808 1181 1543 1211 1059 1623 2358 2334 1338 678 1810 0 47 2118 1528 1226 1566 2404 731 1620 1149 2012
1823 1618 1932 931 923 271 1877 1540 1584 179 1217 1210 1920 1406 2182 2931 201 97 1121 1430 359 2094 373 429 1377 1854 1229 1766 218 695 1220 1937 866 1203 864 1914 1271 1936 1289 1859 726 1213 1927 916 1790 1163 1525 1193 1041 1605 2340 2316 1321 660 1792 47 0 2101 1510 1208 1548 2386 713 1602 1131 1994
1567 687 350 1374 1267 2089 412 792 616 2212 988 913 1619 932 1463 1227 1926 2174 1240 956 2087 121 1901 1946 904 389 1452 1856 2036 1495 1443 245 1294 1197 1782 1195 935 200 953 365 1647 1436 1209 1260 331 1386 1009 1416 1313 637 1817 1107 963 1502 378 2118 2101 0 798 1069 746 3620 1513 694 1250 177
1716 151 629 1040 933 1618 575 458 207 1622 398 322 1813 598 1994 1758 1336 1584 650 622 1707 792 1567 1356 569 551 862 1659 1566 1161 853 635 959 863 1192 1727 345 634 363 556 1057 846 1740 926 487 796 250 825 979 192 2233 1639 211 912 489 1528 1510 798 0 479 81 3121 1179 135 660 692
1414 586 900 823 716 1316 845 610 552 1320 185 178 1511 750 1773 2029 1034 1281 348 774 1405 1062 1350 1054 721 822 560 1357 1264 944 551 905 743 874 890 1505 239 905 257 827 755 544 1518 709 758 494 493 523 762 573 1931 1907 289 610 760 1226 1208 1069 479 0 517 2819 962 571 358 962
1754 189 578 988 881 1656 523 406 155 1660 436 360 1851 546 1943 1707 1374 1622 688 570 1701 740 1515 1394 517 500 900 1697 1604 1109 891 583 908 811 1230 1675 383 582 401 504 1095 884 1688 874 435 834 288 863 927 148 2271 1587 249 950 437 1566 1548 746 81 517 0 3159 1127 173 698 640
3013 3268 3582 3142 3035 2584 3527 3292 3234 2359 2867 2860 3109 3396 3468 4217 2302 2488 2771 3420 2673 3615 2687 2322 3367 3504 2879 2956 2532 3009 2870 3587 3062 3193 2557 3200 2921 3586 2939 3509 2419 2863 3211 3028 3440 2813 3175 2843 3081 3255 3530 3602 2971 2353 3442 2433 2415 3654 3160 2858 3198 0 3027 3252 2781 3635
1837 1067 1344 313 305 671 1289 923 997 825 970 963 1934 788 2196 2473 751 786 874 812 669 1507 483 980 760 1266 668 1780 618 52 659 1349 248 585 1313 1928 1024 1349 1042 1271 1178 652 1941 298 1202 602 1278 738 423 1018 2354 2329 1074 1033 1204 731 713 1513 1179 962 1127 2998 0 1074 884 1407
1808 145 525 936 829 1650 470 354 103 1714 490 414 1905 494 1890 1654 1428 1675 742 518 1649 688 1462 1448 465 447 954 1751 1598 1057 945 530 855 759 1284 1623 437 530 455 452 1149 938 1636 822 383 888 342 917 874 96 2244 1535 303 1004 385 1620 1602 694 135 571 173 3213 1074 0 752 588
1337 768 1082 745 639 1239 1027 792 734 1243 367 360 1434 932 1696 2211 956 1204 53 956 1328 1244 1272 977 903 1004 483 1280 1186 866 473 1087 665 796 813 1428 421 1086 439 1008 678 467 1441 631 939 417 674 446 684 755 1854 1829 470 533 941 1149 1131 1250 660 358 698 2741 884 752 0 1144
1547 581 244 1268 1161 1982 306 686 510 2106 882 806 1599 826 1444 1208 1819 2067 1134 850 1981 181 1795 1840 797 283 1346 1837 1930 1389 1336 225 1188 1091 1676 1176 829 93 847 259 1541 1330 1189 1154 225 1280 903 1309 1207 531 1797 1088 857 1396 358 2012 1994 177 692 962 640 3601 1407 588 1144 0
EOF