NAME : tsp_problem
TYPE : TSP
DIMENSION : 60
EDGE_WEIGHT_TYPE : EXPLICIT
EDGE_WEIGHT_FORMAT : FULL_MATRIX
EDGE_WEIGHT_SECTION
0 893 662 648 1020 1177 830 741 961 1080 1012 608 679 1458 1812 1085 1007 876 1201 855 694 727 193 649 173 870 1318 1409 1435 1482 184 1083 808 1430 1368 920 773 717 968 990 730 1422 649 1342 1113 1287 1165 746 1110 666 1311 655 482 1066 1871 1317 782 692 2788 2595
893 0 683 670 1042 487 1061 448 221 1362 1243 629 493 1138 2094 859 166 1107 562 56 716 540 791 671 842 827 1599 1089 1717 1764 961 764 1039 1111 1048 180 1112 530 278 1012 544 1704 670 1022 1395 968 526 1085 370 1147 992 1137 589 376 1585 1598 1121 506 3354 3161
662 683 0 335 386 578 1220 532 751 1131 1402 295 470 823 1803 451 798 1265 567 645 60 518 560 58 611 235 1368 774 1486 1533 730 449 1197 796 733 710 1162 507 758 356 521 1473 57 707 1164 653 531 1136 900 1055 677 1045 370 856 1270 1367 1172 483 3124 2930
648 670 335 0 694 886 1206 519 738 1118 1388 107 457 1131 1850 759 784 1252 875 632 368 504 547 323 598 543 1355 1082 1473 1520 717 757 1184 1104 1041 697 1149 494 745 664 507 1460 323 1015 1151 961 839 1122 887 1041 985 1031 356 843 1578 1354 1158 469 3110 2917
1020 1042 386 694 0 742 1578 890 1110 1490 1760 654 829 868 1848 326 1156 1624 730 1004 392 876 919 400 970 439 1727 819 1845 1892 1089 419 1556 840 778 1069 1521 866 1000 58 879 1832 399 752 1523 698 694 1494 1259 1413 722 1403 728 1098 1315 1726 1530 841 3482 3289
1177 487 578 886 742 0 1395 733 556 1646 1577 846 777 727 1707 447 602 1441 151 449 584 825 1075 593 1126 415 1702 678 1819 2048 1245 353 1373 699 637 515 1446 815 335 711 828 1806 592 611 1679 556 114 1419 705 1481 580 1471 873 433 1174 1883 1455 790 3639 3445
830 1061 1220 1206 1578 1395 0 1299 1056 1638 358 1166 1237 2016 2370 1643 1053 69 1470 1023 1252 1285 727 1207 825 1427 1875 1966 1993 2040 693 1641 154 1988 1926 1016 323 1275 1186 1548 1288 1980 1207 1899 1671 1845 1433 296 750 358 1869 348 1040 1284 2429 1874 332 1250 2789 2595
741 448 532 519 890 733 1299 0 516 1211 1481 478 342 1328 1943 955 563 1345 807 410 565 389 640 519 691 740 1448 1279 1566 1613 810 954 1277 1300 1238 476 1242 379 523 860 392 1553 519 1212 1244 1157 771 1215 666 1134 1181 1124 438 621 1774 1447 1251 354 3203 3010
961 221 751 738 1110 556 1056 516 0 1430 1238 698 561 1207 2162 927 313 1102 630 183 784 609 859 739 910 895 1667 1158 1785 1832 1029 832 1034 1179 1117 73 1107 598 346 1080 612 1772 739 1091 1463 1036 594 1081 366 1143 1060 1132 657 444 1653 1666 1117 574 3423 3229
1433 1715 1484 1471 1843 1999 1991 1564 1783 0 2173 1431 1502 1913 1532 1908 1829 2037 2024 1677 1517 1550 1332 1472 1383 1692 954 2024 865 438 1502 1906 1969 1940 2131 1742 1934 1539 1790 1813 1553 911 1472 2081 602 2110 1988 1907 1932 1826 2134 1816 1305 1888 2006 711 1943 1515 3467 3273
1012 1243 1402 1388 1760 1577 358 1481 1238 1820 0 1348 1419 2198 2552 1825 1235 404 1652 1205 1434 1467 909 1389 1007 1609 2057 2148 2175 2222 875 1823 336 2170 2108 1198 505 1457 1368 1730 1470 2162 1389 2081 1853 2027 1615 478 932 540 2051 530 1222 1466 2611 2056 514 1432 2776 2582
608 629 295 107 654 846 1166 478 698 1077 1348 0 416 1091 1809 718 744 1212 835 591 328 464 506 282 557 503 1315 1042 1432 1479 676 717 1144 1063 1001 657 1108 454 704 623 467 1419 282 975 1110 920 798 1082 847 1001 944 991 316 802 1537 1314 1118 429 3070 2876
679 493 470 457 829 777 1237 342 561 1149 1419 416 0 1266 1881 893 607 1283 852 455 503 239 578 458 629 678 1386 1217 1504 1551 748 892 1215 1238 1176 520 1180 229 568 798 242 1491 457 1150 1182 1095 816 1153 710 1072 1119 1062 376 666 1713 1385 1189 205 3141 2948
1458 1138 823 1131 868 727 2016 1328 1207 1649 2198 1091 1266 0 1021 574 1253 2061 716 1100 829 1314 1356 838 1407 660 1016 151 1133 1644 1526 479 1993 68 345 1166 1958 1303 986 838 1317 1120 837 209 1682 324 679 1932 1356 1851 348 1841 1166 1084 488 1242 1968 1279 3882 3689
1726 2008 1777 1763 1880 1739 2284 1856 2076 1347 2466 1723 1794 1053 0 1586 2122 2330 1728 1970 1809 1842 1624 1764 1675 1672 713 1163 831 1074 1794 1491 2261 1080 1271 2035 2226 1832 1998 1850 1845 818 1764 1221 1380 1336 1691 2200 2225 2119 1360 2109 1597 2096 776 940 2236 1807 3869 3676
1085 859 451 759 326 447 1643 955 927 1554 1825 718 893 574 1554 0 973 1689 436 821 457 941 983 465 1034 381 1548 525 1666 1956 1153 124 1621 546 484 886 1585 931 706 296 944 1653 464 458 1587 403 399 1559 1076 1478 427 1468 793 804 1020 1775 1595 906 3547 3353
1007 166 798 784 1156 602 1053 563 313 1476 1235 744 607 1253 2208 973 0 1099 676 170 830 655 905 785 956 941 1714 1204 1831 1878 1075 878 1031 1225 1163 272 1104 645 392 1126 658 1818 785 1137 1509 1082 640 1077 363 1139 1106 1129 703 490 1699 1713 1113 620 3469 3275
876 1107 1265 1252 1624 1441 69 1345 1102 1684 404 1212 1283 2061 2416 1689 1099 0 1515 1069 1298 1331 773 1253 871 1473 1921 2012 2039 2086 739 1687 200 2034 1971 1062 369 1320 1232 1594 1334 2026 1253 1945 1717 1891 1479 342 796 404 1915 394 1086 1329 2475 1920 378 1296 2835 2641
1201 562 567 875 730 151 1470 807 630 1671 1652 835 852 716 1695 436 676 1515 0 524 573 899 1100 581 1151 404 1690 667 1808 2073 1270 341 1447 688 626 589 1521 889 409 700 902 1795 580 600 1704 545 59 1494 779 1556 569 1545 909 507 1162 1907 1530 865 3663 3470
855 56 645 632 1004 449 1023 410 183 1324 1205 591 455 1100 2056 821 170 1069 524 0 678 502 753 633 804 789 1561 1051 1679 1726 923 726 1000 1073 1010 142 1074 492 240 974 506 1666 632 984 1357 930 488 1047 332 1109 954 1099 551 338 1547 1560 1083 468 3316 3123
694 716 60 368 392 584 1252 565 784 1164 1434 328 503 829 1809 457 830 1298 573 678 0 550 593 74 644 241 1401 780 1519 1566 763 455 1230 802 739 743 1195 540 791 362 553 1506 74 713 1197 659 537 1168 933 1087 683 1077 402 889 1276 1400 1204 516 3156 2963
727 540 518 504 876 825 1285 389 609 1196 1467 464 239 1314 1928 941 655 1331 899 502 550 0 625 505 676 725 1434 1265 1551 1598 795 939 1263 1286 1224 568 1227 153 615 846 74 1538 505 1197 1229 1143 863 1201 758 1120 1167 1110 423 713 1760 1433 1237 128 3189 2995
193 791 560 547 919 1075 727 640 859 979 909 506 578 1356 1711 983 905 773 1100 753 593 625 0 547 142 768 1216 1307 1334 1380 214 982 705 1328 1266 818 670 615 866 888 628 1321 547 1240 1011 1185 1063 644 1008 563 1209 553 381 964 1770 1215 680 591 2685 2492
649 671 58 323 400 593 1207 519 739 1119 1389 282 458 838 1817 465 785 1253 581 633 74 505 547 0 598 249 1356 789 1474 1521 718 463 1185 810 748 698 1150 495 746 370 508 1461 65 722 1152 667 545 1123 888 1042 691 1032 357 844 1284 1355 1159 470 3111 2918
173 842 611 598 970 1126 825 691 910 1030 1007 557 629 1407 1762 1034 956 871 1151 804 644 676 142 598 0 819 1267 1358 1385 1431 312 1033 803 1379 1317 869 768 666 917 939 679 1371 598 1291 1062 1236 1114 741 1059 661 1260 651 432 1015 1821 1266 778 642 2783 2590
870 827 235 543 439 415 1427 740 895 1339 1609 503 678 660 1640 381 941 1473 404 789 241 725 768 249 819 0 1576 611 1694 1741 938 286 1405 633 570 854 1370 715 674 409 729 1681 249 544 1372 490 368 1344 1044 1263 514 1253 578 772 1107 1575 1380 691 3331 3138
1303 1585 1354 1340 1712 1706 1861 1433 1653 694 2043 1300 1372 1020 785 1553 1699 1907 1695 1547 1386 1419 1201 1341 1252 1562 0 1130 242 919 1371 1458 1839 1047 1238 1612 1803 1409 1660 1682 1422 165 1341 1188 727 1303 1658 1777 1802 1696 1327 1686 1174 1758 1113 351 1813 1384 3446 3253
1409 1089 774 1082 819 678 1966 1279 1158 1760 2148 1042 1217 151 1131 525 1204 2012 667 1051 780 1265 1307 789 1358 611 1126 0 1244 1754 1477 430 1944 124 355 1117 1909 1254 937 789 1268 1231 788 160 1792 275 630 1883 1307 1802 299 1792 1117 1035 598 1353 1919 1230 3871 3677
1421 1702 1472 1458 1830 1824 1978 1551 1771 605 2160 1418 1489 1138 903 1671 1817 2024 1812 1664 1504 1537 1319 1459 1370 1679 242 1248 0 945 1489 1576 1956 1165 1355 1730 1921 1527 1777 1800 1540 346 1459 1305 638 1421 1776 1895 1920 1814 1445 1804 1292 1875 1230 188 1931 1502 3503 3310
1513 1795 1564 1551 1923 2079 2071 1644 1863 649 2253 1510 1582 1649 1139 1987 1909 2117 2104 1757 1597 1629 1412 1552 1463 1772 919 1759 945 0 1582 1986 2049 1675 1866 1822 2014 1619 1870 1893 1632 991 1551 1816 682 1931 2067 1987 2012 1906 1955 1896 1385 1968 1741 791 2023 1595 3547 3353
184 961 730 717 1089 1245 693 810 1029 1149 875 676 748 1526 1881 1153 1075 739 1270 923 763 795 214 718 312 938 1386 1477 1504 1551 0 1152 671 1498 1436 988 635 785 1036 1059 798 1491 717 1410 1182 1355 1233 609 1171 528 1380 518 551 1134 1940 1385 645 761 2651 2458
1083 764 449 757 419 353 1641 954 832 1553 1823 717 892 479 1459 124 878 1687 341 726 455 939 982 463 1033 286 1454 430 1572 1955 1152 0 1619 451 389 791 1584 929 611 389 942 1558 462 363 1586 309 305 1557 981 1476 333 1466 791 709 926 1681 1593 904 3545 3352
808 1039 1197 1184 1556 1373 154 1277 1034 1616 336 1144 1215 1993 2348 1621 1031 200 1447 1000 1230 1263 705 1185 803 1405 1853 1944 1971 2018 671 1619 0 1966 1903 993 300 1252 1163 1526 1266 1958 1185 1877 1649 1823 1411 274 727 335 1847 325 1018 1261 2407 1852 310 1228 2767 2573
1430 1111 796 1104 840 699 1988 1300 1179 1676 2170 1063 1238 68 1048 546 1225 2034 688 1073 802 1286 1328 810 1379 633 1043 124 1160 1671 1498 451 1966 0 372 1138 1930 1276 958 810 1289 1147 809 181 1709 296 651 1904 1328 1823 320 1813 1138 1056 514 1269 1940 1251 3892 3698
1368 1048 733 1041 778 637 1926 1238 1117 1837 2108 1001 1176 345 1239 484 1163 1971 626 1010 739 1224 1266 748 1317 570 1233 355 1351 1862 1436 389 1903 372 0 1076 1868 1213 896 748 1227 1338 747 288 1870 193 589 1842 1266 1761 217 1751 1076 994 705 1460 1878 1189 3830 3636
920 180 710 697 1069 515 1016 476 73 1389 1198 657 520 1166 2121 886 272 1062 589 142 743 568 818 698 869 854 1627 1117 1744 1791 988 791 993 1138 1076 0 1067 558 305 1039 571 1731 698 1050 1422 995 553 1040 325 1102 1019 1092 616 403 1612 1626 1076 533 3382 3188
773 1112 1162 1149 1521 1446 323 1242 1107 1581 505 1108 1180 1958 2313 1585 1104 369 1521 1074 1195 1227 670 1150 768 1370 1818 1909 1936 1983 635 1584 300 1930 1868 1067 0 1217 1237 1491 1231 1923 1149 1842 1614 1788 1484 186 801 300 1812 290 983 1335 2372 1817 33 1193 2793 2600
717 530 507 494 866 815 1275 379 598 1186 1457 454 229 1303 1918 931 645 1320 889 492 540 153 615 495 666 715 1423 1254 1541 1588 785 929 1252 1276 1213 558 1217 0 605 836 156 1528 495 1187 1219 1133 853 1191 748 1110 1157 1100 413 703 1750 1422 1227 59 3179 2985
968 278 758 745 1000 335 1186 523 346 1437 1368 704 568 986 1966 706 392 1232 409 240 791 615 866 746 917 674 1674 937 1792 1839 1036 611 1163 958 896 305 1237 605 0 970 619 1779 745 870 1470 815 373 1210 495 1272 839 1262 664 144 1432 1673 1246 581 3429 3236
990 1012 356 664 58 711 1548 860 1080 1460 1730 623 798 838 1818 296 1126 1594 700 974 362 846 888 370 939 409 1697 789 1815 1861 1059 389 1526 810 748 1039 1491 836 970 0 849 1802 369 722 1492 667 664 1464 1229 1383 691 1373 698 1068 1285 1696 1500 811 3452 3259
730 544 521 507 879 828 1288 392 612 1199 1470 467 242 1317 1932 944 658 1334 902 506 553 74 628 508 679 729 1437 1268 1555 1601 798 942 1266 1289 1227 571 1231 156 619 849 0 1541 508 1201 1232 1146 866 1204 761 1123 1170 1113 426 716 1763 1436 1240 131 3192 2999
1408 1689 1458 1445 1817 1811 1965 1538 1757 651 2147 1405 1476 1125 890 1657 1804 2011 1799 1651 1491 1524 1306 1446 1357 1666 165 1235 346 991 1476 1563 1943 1152 1342 1717 1908 1513 1764 1787 1527 0 1446 1292 684 1407 1763 1881 1907 1801 1431 1790 1279 1862 1217 455 1917 1489 3549 3356
649 670 57 323 399 592 1207 519 739 1118 1389 282 457 837 1817 464 785 1253 580 632 74 505 547 65 598 249 1356 788 1474 1520 717 462 1185 809 747 698 1149 495 745 369 508 1460 0 721 1151 666 544 1123 888 1042 690 1032 357 843 1283 1355 1159 470 3111 2918
1342 1022 707 1015 752 611 1899 1212 1091 1811 2081 975 1150 209 1189 458 1137 1945 600 984 713 1197 1240 722 1291 544 1183 160 1301 1812 1410 363 1877 181 288 1050 1842 1187 870 722 1201 1288 721 0 1844 208 563 1816 1240 1735 232 1725 1050 968 655 1410 1852 1163 3803 3610
1390 1672 1441 1428 1800 1956 1948 1521 1740 526 2130 1387 1459 1870 1489 1864 1786 1994 1981 1634 1474 1507 1289 1429 1340 1649 911 1981 822 395 1459 1863 1926 1897 2088 1699 1891 1496 1747 1770 1510 868 1429 2038 0 2067 1945 1864 1889 1783 2091 1773 1262 1845 1963 668 1900 1472 3424 3230
1287 968 653 961 698 556 1845 1157 1036 1756 2027 920 1095 324 1304 403 1082 1891 545 930 659 1143 1185 667 1236 490 1298 275 1416 1927 1355 309 1823 296 193 995 1788 1133 815 667 1146 1403 666 208 1789 0 509 1761 1185 1680 61 1670 995 913 770 1525 1797 1108 3749 3556
1165 526 531 839 694 114 1433 771 594 1634 1615 798 816 679 1659 399 640 1479 59 488 537 863 1063 545 1114 368 1654 630 1772 2036 1233 305 1411 651 589 553 1484 853 373 664 866 1758 544 563 1667 509 0 1458 743 1519 533 1509 873 471 1126 1871 1494 828 3627 3433
746 1085 1136 1122 1494 1419 296 1215 1081 1554 478 1082 1153 1932 2286 1559 1077 342 1494 1047 1168 1201 644 1123 741 1344 1791 1883 1909 1956 609 1557 274 1904 1842 1040 186 1191 1210 1464 1204 1896 1123 1816 1587 1761 1458 0 774 274 1785 264 956 1308 2345 1790 195 1166 2766 2573
1110 370 900 887 1259 705 750 666 366 1579 932 847 710 1356 2311 1076 363 796 779 332 933 758 1008 888 1059 1044 1817 1307 1934 1981 1171 981 727 1328 1266 325 801 748 495 1229 761 1921 888 1240 1612 1185 743 774 0 836 1209 826 806 593 1802 1816 810 723 3328 3135
666 1147 1055 1041 1413 1481 358 1134 1143 1473 540 1001 1072 1851 2205 1478 1139 404 1556 1109 1087 1120 563 1042 661 1263 1711 1802 1828 1875 528 1476 335 1823 1761 1102 300 1110 1272 1383 1123 1815 1042 1735 1506 1680 1519 274 836 0 1704 102 875 1370 2264 1710 310 1085 2685 2492
1311 992 677 985 722 580 1869 1181 1060 1781 2051 944 1119 348 1328 427 1106 1915 569 954 683 1167 1209 691 1260 514 1322 299 1440 1951 1380 333 1847 320 217 1019 1812 1157 839 691 1170 1427 690 232 1813 61 533 1785 1209 1704 0 1694 1019 937 794 1549 1821 1132 3773 3580
655 1137 1045 1031 1403 1471 348 1124 1132 1463 530 991 1062 1841 2195 1468 1129 394 1545 1099 1077 1110 553 1032 651 1253 1700 1792 1818 1865 518 1466 325 1813 1751 1092 290 1100 1262 1373 1113 1805 1032 1725 1496 1670 1509 264 826 102 1694 0 865 1360 2254 1700 300 1075 2675 2482
482 601 370 356 728 885 1040 449 669 952 1222 316 388 1166 1684 793 715 1086 909 563 402 435 381 357 432 578 1189 1117 1307 1354 551 791 1018 1138 1076 628 983 425 676 698 438 1294 357 1050 985 995 873 956 818 875 1019 865 0 774 1612 1188 992 400 2944 2751
1066 376 856 843 1098 433 1284 621 444 1535 1466 802 666 1084 2064 804 490 1329 507 338 889 713 964 844 1015 772 1772 1035 1890 1937 1134 709 1261 1056 994 403 1335 703 144 1068 716 1877 843 968 1568 913 471 1308 593 1370 937 1360 762 0 1530 1771 1344 679 3527 3334
1831 1585 1270 1578 1315 1174 2389 1774 1653 1742 2571 1537 1713 488 726 1020 1699 2435 1162 1547 1276 1760 1730 1284 1781 1107 1108 598 1226 1737 1900 926 2367 514 705 1612 2332 1750 1432 1285 1763 1213 1283 655 1775 770 1126 2305 1802 2224 794 2214 1612 1530 0 1335 2341 1725 3975 3781
1316 1598 1367 1354 1726 1882 1874 1447 1666 451 2056 1313 1385 1247 1012 1780 1712 1920 1907 1560 1400 1432 1214 1354 1265 1575 351 1357 188 791 1385 1685 1852 1274 1465 1625 1817 1422 1673 1695 1435 455 1354 1415 484 1530 1870 1790 1815 1709 1554 1699 1187 1771 1340 0 1826 1397 3349 3156
782 1121 1172 1158 1530 1455 332 1251 1117 1590 514 1118 1189 1968 2322 1595 1113 378 1530 1083 1204 1237 680 1159 778 1380 1828 1919 1945 1992 645 1593 310 1940 1878 1076 33 1227 1246 1500 1240 1932 1159 1852 1623 1797 1494 195 810 310 1821 300 992 1344 2381 1827 0 1202 2802 2609
692 506 483 469 841 790 1250 354 574 1162 1432 429 205 1279 1894 906 620 1296 865 468 516 128 591 470 642 691 1399 1230 1517 1564 761 904 1228 1251 1189 533 1193 59 581 811 131 1504 470 1163 1195 1108 828 1166 723 1085 1132 1075 389 679 1725 1398 1202 0 3154 2961
2817 3394 3163 3150 3522 3678 2818 3243 3462 3121 2805 3109 3181 3916 3950 3586 3508 2864 3703 3356 3196 3228 2714 3151 2812 3371 3455 3910 3511 3523 2680 3585 2795 3931 3869 3421 2822 3218 3469 3492 3231 3557 3150 3843 3154 3788 3666 2795 3357 2714 3813 2704 2984 3567 4009 3357 2831 3194 0 602
2624 3201 2970 2956 3328 3485 2624 3049 3269 2928 2611 2916 2988 3723 3756 3393 3315 2670 3509 3163 3003 3035 2521 2957 2619 3178 3262 3717 3318 3329 2486 3391 2602 3738 3676 3228 2628 3025 3276 3298 3038 3363 2957 3650 2960 3595 3473 2602 3164 2521 3619 2511 2790 3374 3815 3164 2638 3000 602 0
EOF