NAME : tsp_problem
TYPE : TSP
DIMENSION : 54
EDGE_WEIGHT_TYPE : EXPLICIT
EDGE_WEIGHT_FORMAT : FULL_MATRIX
EDGE_WEIGHT_SECTION
0 197 1290 1683 1727 1962 1758 1851 1709 1605 1814 516 1660 1627 1632 1472 2029 1846 1754 1949 1885 1667 1586 1710 1908 1412 1771 1212 1349 574 1757 1729 1340 1515 1297 1499 1464 1950 1280 1957 2022 1694 576 1388 621 1539 1712 1782 1306 1294 1297 1622 1708 1515
197 0 1139 1532 1576 1810 1922 1700 1558 1454 1662 605 1509 1791 1481 1636 1878 1695 1872 1797 1733 1516 1435 1874 1756 1261 1861 1376 1198 423 1876 1876 1188 1679 1145 1348 1313 1799 1128 1805 1871 1543 425 1237 470 1388 1560 1631 1155 1143 1145 1471 1557 1678
1291 1139 0 738 678 1230 1096 1166 660 920 1128 1562 611 904 950 1095 1275 901 975 936 1200 722 537 1048 1223 467 963 1969 664 1317 978 978 655 2187 248 451 416 1265 595 1272 1268 749 1319 443 1364 491 1030 734 120 107 110 677 762 1247
1684 1532 738 0 772 912 1024 1219 1041 1313 1031 1955 991 832 1343 1023 957 583 903 458 1253 177 620 976 1276 652 892 2025 1057 1710 906 907 1048 2115 744 871 836 1078 988 1325 950 100 1712 628 1757 695 1423 477 754 742 744 84 445 1175
1728 1576 678 772 0 1492 612 1603 293 1357 1566 2000 244 420 1388 611 1537 1163 491 570 1637 675 325 564 1660 904 479 1612 1102 1754 494 494 1092 1702 455 249 295 1658 1032 1709 1530 783 1756 880 1771 401 1467 368 695 682 685 711 1025 762
1962 1811 1230 912 1492 0 1744 383 1649 558 195 2234 1600 1552 788 1743 145 365 1623 1178 416 896 1339 1696 439 1144 1611 2641 792 1989 1626 1626 936 2834 1236 1439 1404 241 965 488 138 923 1990 1120 2035 1415 867 1197 1246 1234 1236 851 715 1894
1754 1917 1096 1024 612 1744 0 2021 880 1775 1863 1930 831 312 1805 467 1789 1415 245 822 2054 927 577 68 2077 1322 331 1359 1519 1589 248 220 1509 1449 872 829 794 1909 1449 2126 1782 1035 1677 1298 1517 653 1884 620 1112 1100 1103 963 1276 424
1852 1700 1166 1219 1603 383 2021 0 1585 447 235 2124 1536 1829 677 2020 451 672 1900 1485 210 1204 1462 1973 234 1288 1888 2530 681 1878 1903 1903 825 2806 1173 1375 1340 371 854 283 444 1230 1880 1264 1925 1416 756 1504 1182 1170 1173 1158 1023 2171
1710 1558 660 1041 293 1649 880 1585 0 1339 1548 1982 90 688 1370 879 1694 1320 759 838 1619 944 480 832 1642 886 747 1880 1084 1736 762 762 1074 1971 437 230 277 1684 1014 1691 1687 1051 1738 862 1783 433 1449 636 677 664 667 980 1182 1031
1606 1454 920 1313 1357 558 1775 447 1339 0 410 1878 1290 1583 431 1774 626 847 1654 1579 481 1298 1216 1727 504 1042 1642 2284 435 1632 1657 1657 580 2560 927 1130 1095 546 609 553 619 1324 1634 1019 1679 1170 511 1413 937 924 927 1252 1198 1926
1814 1663 1128 1031 1566 195 1863 235 1548 410 0 2086 1498 1671 640 1863 263 484 1742 1297 268 1016 1425 1815 291 1251 1731 2493 644 1841 1745 1746 788 2769 1135 1338 1303 183 817 340 256 1042 1842 1227 1887 1378 719 1317 1145 1132 1135 970 835 2014
516 605 1593 1986 2031 2265 1934 2155 2013 1909 2117 0 1963 1803 1936 1648 2333 2149 1930 2252 2188 1971 1890 1886 2211 1716 1947 1272 1653 878 1933 1905 1643 1575 1600 1803 1768 2253 1583 2260 2326 1997 879 1692 924 1843 2015 2086 1610 1597 1600 1925 2011 1690
1661 1509 611 991 244 1600 831 1536 90 1290 1498 1932 0 639 1320 830 1645 1271 710 789 1570 894 431 783 1593 837 698 1831 1034 1687 713 713 1025 1921 388 181 228 1635 965 1642 1638 1002 1689 813 1734 384 1400 587 628 615 618 930 1132 981
1623 1787 904 832 420 1552 312 1829 688 1583 1671 1799 639 0 1613 227 1597 1223 191 630 1862 735 385 264 1885 1130 180 1228 1327 1459 194 195 1317 1319 680 637 602 1717 1257 1934 1590 843 1547 1106 1387 461 1692 428 920 908 911 771 1084 378
1632 1481 950 1343 1388 788 1805 677 1370 431 640 1904 1320 1613 0 1804 855 1077 1684 1609 711 1328 1246 1757 734 1073 1673 2315 466 1659 1687 1688 610 2591 957 1160 1125 776 639 778 849 1354 1661 1049 1705 1200 164 1443 967 954 957 1282 1368 1956
1468 1632 1095 1023 611 1743 467 2020 879 1774 1863 1644 830 227 1804 0 1788 1414 382 821 2053 926 576 419 2077 1321 371 1073 1518 1304 386 386 1509 1163 871 828 793 1909 1449 2126 1781 1034 1392 1297 1232 652 1883 619 1111 1099 1102 962 1276 223
2030 1878 1275 957 1537 145 1789 451 1694 626 263 2302 1645 1597 855 1788 0 409 1667 1222 484 941 1384 1741 507 1189 1656 2708 859 2056 1671 1671 1004 2879 1281 1484 1449 309 1033 556 80 968 2058 1165 2103 1460 935 1242 1291 1279 1281 896 760 1939
1846 1695 901 583 1163 365 1415 672 1320 847 484 2118 1271 1223 1077 1414 409 0 1293 848 706 567 1010 1367 729 815 1282 2415 1081 1873 1297 1297 1211 2505 907 1110 1075 530 1150 778 403 594 1875 791 1919 1086 1156 868 917 904 907 522 386 1565
1749 1873 975 903 491 1623 245 1900 759 1654 1742 1925 710 191 1684 382 1667 1293 0 701 1933 806 456 197 1956 1201 210 1355 1398 1585 33 128 1388 1445 751 708 673 1788 1328 2005 1661 914 1673 1177 1513 532 1763 498 991 979 981 842 1155 419
1949 1798 936 458 570 1178 822 1485 838 1579 1297 2221 789 630 1609 821 1222 848 701 0 1519 361 417 774 1542 918 689 1822 1323 1976 704 704 1313 1912 712 669 634 1343 1253 1591 1216 469 1977 894 1981 493 1688 275 952 940 942 397 710 972
1885 1734 1200 1253 1637 416 2054 210 1619 481 268 2157 1570 1862 711 2053 484 706 1933 1519 0 1237 1496 2006 53 1322 1922 2564 715 1912 1936 1937 859 2840 1206 1409 1374 405 888 316 477 1264 1913 1298 1958 1449 790 1538 1216 1203 1206 1192 1056 2205
1668 1517 722 177 675 896 927 1204 944 1298 1016 1940 894 735 1328 926 941 567 806 361 1237 0 523 879 1260 636 795 1928 1042 1694 809 810 1032 2018 729 774 739 1062 972 1309 934 188 1696 612 1741 598 1407 380 738 726 729 116 429 1078
1587 1435 537 620 325 1339 577 1462 480 1216 1425 1858 431 385 1246 576 1384 1010 456 417 1496 523 0 529 1519 763 445 1578 960 1613 459 460 951 1668 314 270 235 1505 891 1568 1377 631 1615 739 1660 94 1326 215 554 541 544 559 872 728
1706 1870 1048 976 564 1696 68 1973 832 1727 1815 1882 783 264 1757 419 1741 1367 197 774 2006 879 529 0 2030 1274 283 1311 1471 1542 201 173 1462 1401 824 781 746 1862 1401 2079 1734 987 1630 1250 1470 605 1836 572 1064 1052 1055 915 1229 376
1908 1757 1223 1276 1660 439 2077 234 1642 504 291 2180 1593 1885 734 2077 507 729 1956 1542 53 1260 1519 2030 0 1345 1945 2587 738 1935 1960 1960 882 2863 1229 1432 1397 428 911 339 500 1287 1936 1321 1981 1472 813 1561 1239 1227 1229 1215 1079 2228
1413 1261 467 652 904 1144 1322 1288 886 1042 1251 1685 837 1130 1073 1321 1189 815 1201 918 1322 636 763 1274 1345 0 1189 2091 787 1439 1204 1204 777 2367 473 676 641 1310 717 1394 1182 663 1441 78 1486 716 1152 937 483 471 473 591 677 1472
1767 1861 963 892 479 1611 331 1888 747 1642 1731 1943 698 180 1673 371 1656 1282 210 689 1922 795 445 283 1945 1189 0 1372 1387 1603 213 214 1377 1462 740 696 661 1777 1317 1994 1649 903 1691 1165 1531 520 1752 487 980 967 970 831 1144 505
1227 1390 1969 2029 1616 2640 1363 2530 1884 2284 2492 1293 1835 1232 2314 1077 2708 2419 1359 1826 2563 1932 1582 1315 2586 2091 1376 0 2028 1220 1362 1334 2018 566 1877 1833 1798 2629 1958 2635 2701 2039 1308 2067 1148 1657 2393 1624 1985 1973 1975 1968 2281 1119
1350 1199 664 1057 1102 792 1519 681 1084 435 644 1622 1034 1327 466 1518 859 1081 1398 1323 715 1042 960 1471 738 787 1387 2029 0 1377 1401 1402 247 2305 671 874 839 780 276 787 853 1068 1378 763 1423 914 545 1157 681 668 671 996 1082 1670
574 423 1317 1710 1754 1988 1594 1878 1736 1632 1840 878 1687 1463 1659 1308 2056 1872 1590 1975 1911 1694 1613 1546 1934 1439 1607 1206 1376 0 1593 1565 1366 1509 1323 1526 1491 1976 1306 1983 2049 1721 420 1415 465 1566 1738 1809 1333 1321 1323 1649 1734 1350
1753 1876 978 906 494 1626 248 1903 762 1657 1745 1929 713 194 1687 386 1671 1297 33 704 1936 809 459 201 1960 1204 213 1358 1401 1588 0 131 1392 1448 754 711 676 1791 1331 2008 1664 917 1676 1180 1516 535 1766 502 994 982 985 845 1159 423
1725 1876 978 907 494 1626 220 1903 762 1657 1746 1901 713 195 1688 386 1671 1297 128 704 1937 810 460 173 1960 1204 214 1330 1402 1560 131 0 1392 1420 755 711 676 1792 1332 2009 1664 918 1648 1180 1488 535 1767 502 995 982 985 846 1159 395
1340 1189 655 1048 1092 936 1509 825 1074 580 788 1612 1025 1317 610 1509 1004 1211 1388 1313 859 1032 951 1462 882 777 1377 2019 247 1367 1392 1392 0 2295 661 864 829 924 93 931 997 1059 1368 753 1413 904 689 1147 671 659 661 987 1072 1660
1518 1681 2188 2116 1704 2836 1451 2801 1972 2556 2764 1584 1923 1320 2586 1165 2881 2507 1447 1914 2835 2019 1670 1403 2858 2362 1464 588 2300 1511 1450 1422 2290 0 1965 1921 1886 2900 2230 2907 2874 2127 1599 2339 1439 1745 2665 1712 2205 2192 2195 2055 2369 1207
1297 1146 248 744 455 1236 872 1173 437 927 1135 1569 388 680 957 871 1281 907 751 712 1206 729 314 824 1229 473 740 1873 671 1324 754 755 661 1963 0 227 192 1271 601 1278 1274 755 1325 450 1370 267 1036 510 264 252 254 683 769 1023
1500 1349 451 871 249 1439 829 1375 230 1130 1338 1772 181 637 1160 828 1484 1110 708 669 1409 774 270 781 1432 676 696 1829 874 1526 711 711 864 1920 227 0 67 1474 804 1481 1477 882 1528 652 1573 224 1239 467 467 454 457 810 972 979
1465 1314 416 836 295 1404 794 1340 277 1095 1303 1737 228 602 1125 793 1449 1075 673 634 1374 739 235 746 1397 641 661 1794 839 1492 676 676 829 1885 192 67 0 1439 769 1446 1442 847 1493 617 1538 189 1204 432 432 420 422 775 937 945
1950 1799 1265 1078 1658 241 1909 371 1684 546 183 2222 1635 1717 776 1909 309 530 1788 1343 405 1062 1505 1862 428 1310 1777 2629 780 1977 1791 1792 924 2905 1271 1474 1439 0 953 477 302 1088 1979 1286 2023 1514 855 1363 1281 1269 1271 1016 881 2060
1280 1129 595 988 1032 965 1449 854 1014 609 817 1552 965 1257 639 1449 1033 1150 1328 1253 888 972 891 1401 911 717 1317 1959 276 1307 1331 1332 93 2235 601 804 769 953 0 960 1026 998 1308 693 1353 844 718 1087 611 599 601 927 1012 1600
1957 1806 1272 1325 1709 488 2126 283 1691 553 340 2229 1642 1934 778 2126 556 778 2005 1591 316 1309 1568 2079 339 1394 1994 2636 787 1984 2008 2009 931 2912 1278 1481 1446 477 960 0 549 1336 1985 1370 2030 1521 858 1610 1288 1276 1278 1264 1128 2277
2023 1872 1268 950 1530 138 1782 444 1687 619 256 2295 1638 1590 849 1781 80 403 1661 1216 477 934 1377 1734 500 1182 1649 2702 853 2050 1664 1664 997 2872 1274 1477 1442 302 1026 549 0 961 2051 1158 2096 1453 928 1235 1284 1272 1274 889 753 1932
1694 1543 749 100 783 923 1035 1230 1051 1324 1042 1966 1002 843 1354 1034 968 594 914 469 1264 188 631 987 1287 663 903 2035 1068 1721 917 918 1059 2126 755 882 847 1088 998 1336 961 0 1723 639 1767 706 1433 488 765 753 755 95 455 1186
576 425 1318 1711 1755 1990 1682 1879 1737 1633 1842 879 1688 1551 1661 1396 2057 1874 1678 1977 1913 1696 1614 1634 1936 1440 1695 1294 1378 420 1681 1653 1368 1597 1325 1528 1493 1978 1308 1985 2051 1722 0 1417 217 1568 1740 1811 1335 1322 1325 1650 1736 1438
1389 1238 443 628 880 1120 1298 1264 862 1019 1227 1661 813 1106 1049 1297 1165 791 1177 894 1298 612 739 1250 1321 78 1165 2068 763 1416 1180 1180 753 2344 450 652 617 1286 693 1370 1158 639 1417 0 1462 693 1128 913 459 447 450 567 653 1448
621 470 1363 1756 1775 2035 1522 1924 1782 1678 1887 924 1733 1391 1706 1236 2102 1919 1518 1985 1958 1740 1659 1474 1981 1485 1535 1134 1423 465 1521 1493 1413 1437 1370 1572 1538 2023 1353 2030 2095 1767 217 1461 0 1613 1785 1783 1379 1367 1370 1695 1781 1278
1540 1389 491 695 401 1415 653 1416 433 1170 1378 1812 384 461 1200 652 1460 1086 532 493 1449 598 94 605 1472 716 520 1653 914 1567 535 535 904 1744 267 224 189 1514 844 1521 1453 706 1568 693 1613 0 1279 291 507 495 497 634 948 804
1711 1560 1030 1423 1467 867 1884 756 1449 511 719 1983 1400 1692 164 1883 935 1156 1763 1688 790 1407 1326 1836 813 1152 1752 2394 545 1738 1766 1767 689 2670 1036 1239 1204 855 718 858 928 1433 1740 1128 1785 1279 0 1522 1046 1033 1036 1362 1447 2035
1783 1632 734 477 368 1197 620 1504 636 1413 1317 2055 587 428 1443 619 1242 868 498 275 1538 380 215 572 1561 937 487 1620 1157 1810 502 502 1147 1710 510 467 432 1363 1087 1610 1235 488 1811 913 1779 291 1522 0 750 738 740 416 730 770
1307 1156 120 754 695 1246 1112 1182 677 937 1145 1579 628 920 967 1111 1291 917 991 952 1216 738 554 1064 1239 483 980 1986 681 1334 994 995 671 2203 264 467 432 1281 611 1288 1284 765 1335 459 1380 507 1046 750 0 56 58 693 779 1263
1294 1143 107 742 682 1234 1100 1170 664 924 1132 1566 615 908 954 1099 1279 904 979 940 1203 726 541 1052 1227 471 967 1973 668 1321 982 982 659 2191 252 454 420 1269 599 1276 1272 753 1323 447 1368 495 1033 738 56 0 46 681 766 1250
1297 1146 110 744 685 1236 1103 1173 667 927 1135 1569 618 911 957 1102 1281 907 981 942 1206 729 544 1055 1229 473 970 1976 671 1324 985 985 661 2193 254 457 422 1271 601 1278 1274 755 1325 450 1370 497 1036 740 58 46 0 683 769 1253
1622 1471 677 84 711 851 963 1158 980 1252 970 1894 930 771 1282 962 896 522 842 397 1192 116 559 915 1215 591 831 1964 996 1649 845 846 987 2054 683 810 775 1016 927 1264 889 95 1651 567 1696 634 1362 416 693 681 683 0 384 1114
1708 1557 762 445 1025 715 1276 1023 1182 1198 835 1980 1132 1084 1368 1276 760 386 1155 710 1056 429 872 1229 1079 677 1144 2277 1082 1735 1159 1159 1072 2367 769 972 937 881 1012 1128 753 455 1736 653 1781 948 1447 730 779 766 769 384 0 1427
1510 1674 1247 1175 762 1894 424 2171 1031 1926 2014 1686 981 378 1956 223 1939 1565 419 972 2205 1078 728 376 2228 1472 505 1115 1670 1346 423 395 1660 1206 1023 979 945 2060 1600 2277 1932 1186 1434 1448 1274 804 2035 770 1263 1250 1253 1114 1427 0
EOF