NAME : tsp_problem
TYPE : TSP
DIMENSION : 38
EDGE_WEIGHT_TYPE : EXPLICIT
EDGE_WEIGHT_FORMAT : FULL_MATRIX
EDGE_WEIGHT_SECTION
0 855 1300 1078 683 1574 1332 601 1018 1208 337 619 508 1603 402 1413 1629 1174 1125 1085 706 1660 1407 407 1342 1303 1046 1973 610 910 1874 450 1513 1416 1657 414 1809 991
855 0 591 1699 1317 1464 1096 436 1092 1098 544 434 504 895 599 1177 920 938 1199 377 1339 952 699 625 1416 1378 337 1438 445 481 1340 861 1250 707 1122 1048 1100 1065
1300 591 0 2121 1762 1007 1118 881 1537 1063 989 879 949 346 1044 844 371 734 1644 490 1784 403 150 1070 1861 1823 451 890 890 926 791 1306 701 350 574 1493 552 1510
1078 1699 2134 0 602 1288 1521 1435 821 1289 1317 1598 1487 2294 1236 1671 2319 1433 987 1930 707 2017 2020 1386 728 690 1890 1834 1444 1754 1736 896 1771 2260 1915 772 2180 852
683 1317 1762 602 0 1779 1537 1040 1068 1413 922 1203 1092 2065 841 1618 2090 1379 1176 1547 312 1963 1869 991 1284 1246 1507 2178 1049 1371 2079 501 1718 1878 1862 377 2126 1041
1557 1464 1007 1287 1779 0 675 1473 1464 404 1581 1471 1541 1166 1636 1023 1192 784 1630 1455 1802 890 893 1662 1371 1333 1415 595 1482 1518 496 1323 916 1315 788 1510 1053 1496
1315 1096 1118 1508 1537 675 0 1105 1312 359 1213 1104 1174 1278 1268 655 1303 417 1420 1326 1560 1001 1004 1294 1592 1554 1287 1111 1114 1151 1012 1081 755 1426 899 1268 1164 1285
601 436 881 1436 1041 1473 1105 0 1101 1107 408 298 369 1184 297 1186 1210 947 1208 666 1063 1241 988 489 1426 1387 627 1728 58 491 1630 808 1286 997 1412 772 1390 1074
1013 1092 1537 821 1068 1465 1312 1101 0 1188 1209 1099 1170 1840 1171 1393 1865 1154 379 1322 1091 1739 1644 1290 538 499 1282 1953 1110 1147 1854 612 1493 1653 1637 799 1901 245
1191 1098 1063 1276 1413 404 359 1107 1188 0 1215 1105 1175 1223 1270 657 1248 418 1295 1328 1436 946 949 1296 1361 1322 1288 840 1116 1152 742 957 757 1371 844 1144 1109 1161
337 544 989 1317 922 1581 1213 408 1209 1215 0 308 196 1292 571 1294 1317 1055 1316 774 944 1349 1096 107 1533 1495 734 1836 417 598 1737 689 1394 1104 1520 653 1497 1182
619 434 879 1599 1204 1471 1104 298 1099 1105 308 0 269 1183 461 1184 1208 945 1207 664 1226 1239 986 389 1424 1385 625 1726 307 489 1628 868 1284 995 1410 935 1388 1072
508 504 949 1487 1092 1541 1174 369 1170 1175 196 269 0 1253 531 1254 1278 1016 1277 735 1115 1309 1057 277 1494 1455 695 1796 378 559 1698 859 1354 1065 1480 823 1458 1143
1603 895 346 2281 2065 1166 1278 1184 1840 1223 1292 1183 1253 0 1347 1003 67 893 1947 794 2088 444 309 1373 2165 2126 754 1049 1193 1230 951 1609 861 654 733 1796 499 1813
402 599 1044 1236 841 1636 1268 297 1175 1270 571 461 531 1347 0 1349 1372 1110 1283 829 864 1404 1151 652 1500 1461 789 1891 306 653 1792 608 1449 1159 1575 572 1553 1149
1395 1177 844 1658 1618 1023 655 1186 1393 657 1294 1184 1254 1003 1349 0 1028 271 1500 1291 1640 727 730 1375 1717 1679 1252 941 1195 1231 842 1162 399 1152 625 1349 889 1366
1629 920 371 2306 2090 1192 1303 1210 1865 1248 1317 1208 1278 67 1372 1028 0 918 1973 819 2113 455 334 1398 2190 2151 779 1074 1218 1255 976 1634 886 679 758 1821 473 1838
1157 938 734 1420 1379 784 417 947 1154 418 1055 945 1016 893 1110 271 918 0 1261 1168 1401 617 620 1136 1478 1440 1128 831 956 993 732 923 371 1041 515 1110 779 1127
1121 1199 1644 987 1176 1630 1420 1208 379 1295 1316 1207 1277 1947 1278 1500 1973 1261 0 1429 1198 1846 1751 1397 704 665 1390 2060 1217 1254 1961 719 1600 1760 1744 907 2009 176
1085 377 490 1930 1547 1455 1326 666 1322 1328 774 664 735 794 829 1291 819 1168 1429 0 1569 850 598 855 1646 1608 122 1337 675 712 1239 1091 1149 606 1021 1278 999 1295
705 1339 1784 707 312 1802 1560 1063 1091 1436 944 1226 1114 2088 863 1640 2113 1401 1198 1569 0 1986 1891 1013 1390 1351 1530 2200 1072 1394 2102 523 1740 1900 1884 400 2149 1064
1660 952 403 2004 1963 890 1001 1241 1739 946 1349 1239 1309 444 1404 727 455 617 1846 850 1986 0 289 1430 2063 2024 811 773 1250 1286 674 1507 584 711 457 1694 210 1712
1407 699 150 2007 1869 893 1004 988 1644 949 1096 986 1057 309 1151 730 334 620 1751 598 1891 289 0 1177 1968 1930 558 775 997 1034 677 1413 587 458 459 1600 451 1617
407 625 1070 1386 991 1662 1294 489 1290 1296 107 389 277 1373 652 1375 1398 1136 1397 855 1014 1430 1177 0 1614 1576 815 1917 498 679 1818 758 1475 1185 1601 722 1579 1263
1338 1416 1861 728 1284 1372 1605 1426 538 1374 1533 1424 1494 2165 1496 1717 2190 1478 704 1646 1390 2063 1968 1614 0 63 1607 1919 1434 1471 1820 937 1817 1977 1961 1124 2226 569
1299 1378 1823 690 1246 1334 1567 1387 499 1335 1495 1385 1455 2126 1457 1679 2151 1440 665 1608 1351 2024 1930 1576 63 0 1568 1880 1396 1432 1782 898 1779 1938 1923 1085 2187 531
1046 337 451 1890 1507 1415 1287 627 1282 1288 734 625 695 754 789 1252 779 1128 1390 122 1530 811 558 815 1607 1568 0 1298 635 672 1199 1051 1109 567 982 1238 960 1255
1955 1438 890 1829 2178 595 1111 1728 1953 840 1836 1726 1796 1049 1891 941 1074 831 2060 1337 2200 773 775 1917 1913 1875 1298 0 1737 1773 131 1721 799 1197 671 1909 935 1926
610 445 890 1445 1050 1482 1114 58 1110 1116 417 307 378 1193 306 1195 1218 956 1217 675 1072 1250 997 498 1434 1396 635 1737 0 500 1638 816 1295 1006 1421 781 1399 1083
910 481 926 1754 1371 1518 1151 491 1147 1152 598 489 559 1230 653 1231 1255 993 1254 712 1394 1286 1034 679 1471 1432 672 1773 500 0 1675 915 1331 1042 1457 1102 1435 1120
1857 1340 791 1730 2079 496 1012 1630 1854 742 1737 1628 1698 951 1792 842 976 732 1961 1239 2102 674 677 1818 1815 1776 1199 131 1638 1675 0 1623 700 1099 572 1810 837 1827
450 861 1306 896 501 1323 1081 807 612 957 688 868 859 1609 608 1162 1634 923 719 1091 523 1507 1413 758 937 898 1051 1721 816 915 1623 0 1262 1421 1405 232 1670 585
1495 1250 701 1758 1718 916 755 1286 1493 757 1394 1284 1354 861 1449 399 886 371 1600 1149 1740 584 587 1475 1817 1779 1109 799 1295 1331 700 1262 0 1009 483 1449 747 1466
1416 707 350 2260 1878 1315 1426 997 1653 1371 1104 995 1065 654 1159 1152 679 1041 1760 606 1900 711 458 1185 1977 1938 567 1197 1006 1042 1099 1421 1009 0 881 1608 859 1626
1639 1122 574 1902 1862 788 899 1412 1637 844 1520 1410 1480 733 1575 625 758 515 1744 1021 1884 457 459 1601 1961 1923 982 671 1421 1457 572 1405 483 881 0 1593 619 1610
414 1048 1493 772 377 1510 1268 771 799 1144 653 934 823 1796 572 1349 1821 1110 907 1278 400 1694 1600 722 1124 1085 1238 1909 780 1102 1810 232 1449 1608 1593 0 1857 772
1809 1100 552 2167 2126 1053 1164 1390 1901 1109 1497 1388 1458 499 1553 889 473 779 2009 999 2149 210 451 1579 2226 2187 960 935 1399 1435 837 1670 747 859 619 1857 0 1874
986 1065 1510 852 1041 1496 1285 1074 245 1161 1182 1072 1143 1813 1144 1366 1838 1127 176 1295 1064 1712 1617 1263 569 531 1255 1926 1083 1120 1827 585 1466 1626 1610 772 1874 0
EOF