NAME : tsp_problem
TYPE : TSP
DIMENSION : 50
EDGE_WEIGHT_TYPE : EXPLICIT
EDGE_WEIGHT_FORMAT : FULL_MATRIX
EDGE_WEIGHT_SECTION
0 1266 591 362 1307 560 1407 939 1415 1571 807 1279 1404 1259 175 1211 1112 1022 1136 1010 780 1131 538 116 1176 984 1065 304 313 1005 1037 1126 1010 1134 1194 1173 1339 1251 1134 482 841 992 1141 1001 1082 445 773 1212 1035 258
1266 0 1183 1224 1521 974 2014 703 1628 1810 1403 1650 2030 1472 1412 91 294 787 850 1223 1100 576 1130 1247 1078 749 1278 1225 1358 769 561 891 1382 898 639 937 1964 1464 1347 828 1161 517 1354 506 1402 877 1732 977 256 1053
591 1183 0 643 1588 243 1758 1220 1696 1877 494 1013 1755 1539 738 1243 1331 1303 819 1291 464 814 132 573 1456 1265 1345 317 683 1285 1291 1407 745 1415 877 1454 1690 1532 1414 763 525 1247 1422 1152 766 726 1143 1493 1285 539
362 1224 643 0 1266 611 1436 898 1374 1555 859 1381 1433 1217 509 1169 1071 981 1187 968 832 1183 589 344 1134 943 1023 356 454 963 995 1085 1113 1093 1245 1131 1368 1209 1092 441 893 951 1100 959 1134 404 914 1171 994 217
1307 1521 1588 1266 0 1556 628 1194 1205 791 1598 1487 625 251 1454 1466 1367 1277 1958 550 1677 1617 1534 1289 1133 1239 855 1301 1199 1260 1292 1381 1407 1333 1679 1224 559 243 220 933 1738 1247 931 1256 1786 981 869 1299 1290 1094
560 974 243 611 1556 0 1727 1188 1664 1845 463 804 1724 1508 706 1034 1121 1271 610 1259 254 605 189 541 1425 1233 1314 285 652 1254 1082 1375 536 1383 668 1422 1658 1500 1383 731 315 1037 1390 943 556 694 942 1461 1075 507
1420 2014 1771 1449 628 1740 0 1402 696 244 1677 1567 540 763 1567 1959 1860 1314 2316 1062 1757 2110 1718 1402 1072 1612 925 1484 1279 1467 1785 1351 1487 1271 2173 1162 232 755 732 1379 1818 1741 778 1749 1865 1342 949 1237 1784 1278
939 703 1220 898 1194 1188 1402 0 1016 1198 1435 1940 1703 1146 1086 648 550 149 1140 897 1391 799 1166 921 441 277 802 933 1031 94 474 419 1672 261 862 299 1453 1138 1020 502 1452 430 742 439 1693 550 1406 339 473 726
1415 1628 1696 1374 1205 1664 696 1016 0 491 1911 2184 1157 1157 1562 1573 1475 928 2065 908 1885 1725 1642 1397 686 1226 539 1409 1382 1082 1399 965 2079 885 1787 776 746 1149 1032 1041 1946 1355 392 1364 2187 1089 1566 851 1398 1202
1584 1810 1877 1555 791 1845 244 1198 491 0 1841 1731 703 926 1730 1755 1656 1110 2247 1089 1921 1906 1824 1566 867 1408 721 1590 1443 1263 1581 1147 1651 1067 1969 958 292 918 896 1222 1981 1537 574 1545 2029 1271 1113 1033 1579 1384
807 1403 494 859 1597 463 1677 1435 1911 1840 0 931 1674 1732 827 1463 1550 1518 1039 1506 582 1034 441 789 1672 1480 1561 532 581 1501 1510 1622 663 1630 1096 1669 1608 1724 1630 978 643 1466 1637 1372 800 941 753 1708 1504 754
1448 1819 1183 1551 1527 973 1607 2110 2224 1770 1100 0 1604 1662 1417 1880 1967 2193 1455 1962 864 1450 1129 1430 2277 2155 2166 1225 1171 2175 1927 2297 477 2305 1513 2344 1538 1654 1632 1671 925 1883 2242 1789 855 1634 1144 2383 1921 1447
1417 2030 1768 1446 625 1737 540 1703 1157 703 1674 1564 0 760 1564 1975 1876 1776 2313 1060 1754 2126 1715 1399 1533 1748 1364 1481 1276 1769 1801 1813 1484 1732 2189 1623 471 752 729 1376 1815 1757 1240 1765 1862 1339 946 1699 1799 1275
1259 1472 1539 1217 251 1508 763 1146 1157 926 1733 1623 760 0 1405 1417 1318 1229 1909 502 1728 1568 1486 1241 1085 1191 807 1252 1225 1211 1243 1333 1543 1284 1631 1175 694 62 172 884 1789 1199 883 1207 1921 933 1005 1250 1242 1046
175 1412 738 509 1454 706 1554 1086 1562 1717 827 1247 1551 1405 0 1357 1259 1169 1282 1156 906 1277 684 263 1322 1131 1211 451 413 1151 1183 1273 979 1281 1340 1319 1485 1397 1280 629 967 1139 1288 1147 1124 592 741 1359 1182 405
1211 91 1243 1169 1466 1034 1959 648 1573 1755 1463 1710 1975 1417 1357 0 239 732 910 1168 1161 630 1190 1192 1023 694 1223 1204 1302 714 506 835 1442 843 693 882 1909 1409 1292 773 1221 462 1299 451 1463 822 1677 922 201 998
1112 294 1331 1071 1367 1121 1860 550 1475 1656 1550 1797 1876 1318 1259 239 0 633 998 1069 1248 657 1277 1094 925 595 1124 1105 1204 615 407 737 1529 745 719 783 1810 1310 1193 675 1309 363 1201 372 1550 723 1578 823 112 899
1022 787 1303 981 1277 1271 1314 149 929 1110 1518 2023 1776 1229 1169 732 633 0 1224 980 1474 883 1249 1004 353 360 714 1016 1114 214 558 502 1755 173 945 212 1365 1221 1104 585 1535 513 655 522 1776 633 1489 251 556 809
1136 850 819 1187 1958 610 2303 1140 2065 2247 1039 1286 2300 1909 1282 910 998 1224 0 1660 736 481 766 1118 1515 1186 1715 861 1228 1206 958 1328 1018 1335 544 1374 2234 1901 1784 1265 797 914 1791 819 1038 1270 1424 1414 952 1083
1010 1223 1291 968 550 1259 1062 897 908 1089 1506 1922 1060 502 1156 1168 1069 980 1660 0 1479 1319 1237 992 836 942 558 1003 976 962 994 1084 1673 1035 1382 926 994 494 377 635 1540 950 634 958 1781 684 1179 1001 993 797
780 1100 464 832 1677 254 1756 1391 1885 1920 582 694 1753 1728 906 1161 1248 1474 736 1479 0 732 410 762 1645 1436 1534 506 660 1456 1208 1578 426 1586 794 1625 1688 1720 1603 952 100 1164 1611 1070 447 915 833 1664 1202 728
1131 576 814 1183 1617 605 2110 799 1725 1906 1034 1281 2126 1568 1277 630 657 883 481 1319 732 0 761 1113 1175 845 1374 856 1223 865 617 987 1013 995 105 1033 2060 1560 1443 924 792 573 1450 478 1033 973 1419 1073 611 1078
538 1130 132 589 1534 189 1705 1166 1642 1824 441 959 1702 1486 684 1190 1277 1249 766 1237 410 761 0 520 1403 1211 1292 263 630 1232 1237 1353 691 1361 823 1400 1636 1478 1361 709 471 1193 1368 1099 712 672 1089 1439 1231 485
116 1247 573 344 1289 541 1389 921 1397 1552 789 1260 1386 1241 263 1192 1094 1004 1118 992 762 1113 520 0 1158 966 1047 286 295 986 1018 1108 992 1116 1175 1155 1320 1233 1115 464 823 974 1123 983 1064 427 754 1194 1017 240
1193 1078 1474 1152 1138 1442 1072 441 686 868 1689 2125 1534 1089 1340 1023 925 353 1515 840 1663 1175 1420 1175 0 652 471 1187 1160 506 849 509 1857 310 1237 201 1122 1081 964 819 1724 805 412 814 1965 867 1362 276 848 980
984 749 1265 943 1239 1233 1612 277 1226 1408 1480 1985 1748 1191 1131 694 595 360 1186 942 1436 845 1211 966 652 0 997 978 1076 343 520 366 1717 472 907 511 1663 1183 1066 547 1497 475 952 484 1738 595 1451 550 518 771
1065 1278 1345 1023 855 1314 925 801 539 721 1561 1997 1364 807 1211 1223 1124 714 1715 558 1534 1374 1292 1047 471 997 0 1058 1031 867 1049 750 1728 670 1437 561 975 799 681 690 1595 1005 265 1013 1836 739 1234 636 1048 852
304 1225 317 356 1301 285 1471 933 1409 1590 532 1055 1468 1252 451 1204 1105 1016 861 1003 506 856 263 286 1169 978 1058 0 396 998 1030 1120 787 1128 919 1166 1402 1244 1127 476 567 986 1134 994 808 438 856 1206 1029 252
313 1358 683 454 1186 652 1266 1031 1382 1430 581 1001 1263 1225 413 1302 1204 1114 1228 976 660 1223 630 295 1142 1076 1031 396 0 1097 1128 1218 733 1226 1286 1232 1198 1217 1100 574 721 1084 1107 1093 878 537 495 1304 1127 350
1005 769 1285 963 1260 1254 1468 94 1082 1263 1501 2006 1769 1211 1151 714 615 214 1206 962 1456 865 1232 986 506 343 867 998 1097 0 540 484 1738 326 928 365 1518 1203 1086 567 1517 496 808 504 1758 616 1471 404 538 792
1037 561 1291 995 1292 1082 1785 474 1399 1581 1510 1758 1801 1243 1183 506 407 558 958 994 1208 617 1237 1018 849 520 1049 1030 1128 540 0 662 1489 669 680 708 1735 1235 1118 599 1269 87 1125 256 1510 648 1503 748 331 824
1126 891 1407 1085 1381 1375 1351 419 966 1147 1622 2127 1813 1333 1273 835 737 502 1328 1084 1578 987 1353 1108 509 366 751 1120 1218 484 662 0 1859 614 1049 599 1402 1325 1208 689 1639 617 691 626 1880 737 1593 674 660 913
1010 1382 745 1113 1402 536 1481 1672 2079 1645 663 307 1478 1537 979 1442 1529 1755 1018 1673 426 1013 691 992 1839 1717 1728 787 733 1738 1489 1859 0 1867 1075 1906 1413 1529 1506 1233 487 1445 1805 1351 417 1196 725 1945 1483 1009
1134 898 1415 1093 1337 1383 1271 261 885 1067 1630 2135 1733 1288 1281 843 745 173 1335 1039 1586 995 1361 1116 310 472 671 1128 1226 326 669 614 1867 0 1057 168 1322 1280 1163 697 1647 625 611 634 1888 745 1562 209 668 921
1194 639 877 1245 1679 668 2173 862 1787 1969 1096 1344 2189 1631 1340 693 719 945 544 1382 794 105 823 1175 1237 907 1437 919 1286 928 680 1049 1075 1057 0 1096 2123 1623 1506 987 855 635 1513 541 1096 1036 1482 1135 673 1141
1173 937 1454 1131 1228 1422 1162 299 776 958 1669 2174 1624 1179 1319 882 783 212 1374 930 1625 1033 1400 1155 201 511 562 1166 1250 365 708 599 1906 168 1096 0 1213 1171 1054 735 1685 664 502 672 1927 784 1453 96 707 960
1352 1964 1703 1381 559 1671 232 1452 746 292 1609 1499 471 694 1498 1909 1810 1365 2247 994 1688 2060 1649 1333 1122 1662 975 1415 1211 1518 1735 1401 1419 1321 2123 1212 0 686 664 1310 1749 1691 828 1699 1797 1273 880 1287 1734 1209
1251 1464 1532 1209 243 1500 755 1138 1149 918 1725 1615 752 62 1397 1409 1310 1221 1901 494 1720 1560 1478 1233 1077 1183 799 1244 1217 1203 1235 1325 1535 1276 1623 1167 686 0 164 876 1781 1191 875 1199 1913 925 997 1242 1234 1038
1134 1347 1414 1092 220 1383 732 1020 1032 896 1630 1592 729 172 1280 1292 1193 1104 1784 377 1603 1443 1361 1115 960 1066 681 1127 1100 1086 1118 1208 1512 1159 1506 1050 664 164 0 759 1664 1074 758 1082 1890 808 974 1125 1116 921
482 828 763 441 933 731 1366 502 1041 1222 978 1501 1363 884 629 773 675 585 1265 635 952 924 709 464 801 547 690 476 574 567 599 689 1233 697 987 735 1297 876 759 0 1013 555 767 563 1254 93 954 775 598 269
841 1161 525 893 1737 315 1817 1452 1946 1981 643 755 1814 1789 967 1221 1309 1535 797 1540 100 792 471 823 1706 1497 1595 567 721 1517 1269 1639 487 1647 855 1685 1749 1781 1664 1013 0 1225 1671 1131 508 975 894 1725 1263 789
992 517 1247 951 1247 1037 1741 430 1355 1537 1466 1713 1757 1199 1139 462 363 513 914 950 1164 573 1193 974 805 475 1005 986 1084 496 87 617 1445 625 635 664 1691 1191 1074 555 1225 0 1081 212 1466 603 1459 703 286 779
1141 1354 1422 1100 931 1390 778 742 392 574 1637 2073 1240 883 1288 1299 1201 654 1791 634 1611 1450 1368 1123 412 952 265 1134 1107 808 1125 691 1805 611 1513 502 828 875 758 767 1671 1081 0 1089 1912 815 1310 577 1124 928
1001 506 1152 959 1256 943 1749 439 1364 1545 1372 1619 1765 1207 1147 451 372 522 819 958 1070 478 1099 983 814 484 1013 994 1093 504 256 626 1351 634 541 672 1699 1199 1082 563 1131 212 1089 0 1372 612 1467 712 295 788
1082 1402 766 1134 1780 556 1860 1693 2187 2023 800 685 1857 1915 1124 1463 1550 1776 1038 1781 447 1033 712 1064 1947 1738 1836 808 878 1758 1510 1880 417 1888 1096 1927 1791 1907 1884 1254 508 1466 1912 1372 0 1217 952 1966 1504 1030
445 877 726 404 981 694 1329 550 1089 1271 941 1464 1326 933 592 822 723 633 1270 684 915 973 672 427 850 595 739 438 537 616 648 737 1196 745 1036 784 1260 925 808 93 975 603 815 612 1217 0 916 823 646 232
773 1722 1143 914 869 942 948 1395 1566 1112 753 969 946 1004 741 1666 1568 1478 1424 1168 833 1419 1089 754 1334 1440 1223 856 495 1461 1492 1582 725 1534 1482 1425 880 996 973 943 894 1448 1300 1457 952 906 0 1500 1491 810
1212 977 1493 1171 1303 1461 1237 339 852 1033 1708 2213 1699 1255 1359 922 823 251 1414 1006 1664 1073 1439 1194 276 550 637 1206 1304 404 748 674 1945 209 1135 96 1288 1247 1129 775 1725 703 577 712 1966 823 1528 0 746 999
1035 256 1285 994 1290 1075 1784 473 1398 1579 1504 1751 1799 1242 1182 201 112 556 952 993 1202 611 1231 1017 848 518 1048 1029 1127 538 331 660 1483 668 673 707 1734 1234 1116 598 1263 286 1124 295 1504 646 1502 746 0 822
258 1053 539 217 1094 507 1265 726 1202 1384 754 1277 1262 1046 405 998 899 809 1083 797 728 1078 485 240 963 771 852 252 350 792 824 913 1009 921 1141 960 1196 1038 921 269 789 779 928 788 1030 232 810 999 822 0
EOF