NAME : tsp_problem
TYPE : TSP
DIMENSION : 36
EDGE_WEIGHT_TYPE : EXPLICIT
EDGE_WEIGHT_FORMAT : FULL_MATRIX
EDGE_WEIGHT_SECTION
0 1338 1368 1218 1228 1345 1091 2129 2138 947 585 1373 2075 1748 1055 874 2285 746 1289 2170 797 827 1573 2384 964 1114 979 1361 1043 1537 1958 1003 1726 1012 2193 1484
1338 0 73 1274 199 476 545 1256 1265 1528 1385 1428 1202 875 951 1541 1435 1366 1345 1321 848 535 1365 1585 598 578 876 492 1379 1548 1086 812 1207 574 1674 1495
1368 73 0 1304 229 506 575 1286 1295 1558 1415 1458 1232 905 981 1571 1465 1396 1375 1351 878 565 1395 1615 628 608 906 522 1408 1578 1116 842 1237 604 1704 1525
1218 1274 1304 0 1114 1006 773 1869 1825 712 684 302 1742 1621 1735 726 1714 551 384 1497 1224 1500 502 1339 973 1542 1659 999 563 633 1646 1187 816 949 1148 579
1228 199 229 1114 0 316 384 1146 1154 1367 1274 1268 1091 765 841 1381 1275 1205 1184 1160 688 425 1204 1424 437 467 765 332 1218 1388 975 652 1046 414 1514 1334
1345 476 506 1006 316 0 417 1038 994 1259 1231 1103 911 790 1118 1273 995 1097 1076 880 748 702 925 1144 498 744 1042 98 1110 1108 815 712 766 474 1234 1054
1091 545 575 773 384 417 0 1280 1236 1027 998 927 1153 1033 1023 1040 1237 865 843 1123 494 771 989 1387 244 813 948 410 877 1092 1057 458 831 220 1299 1038
2129 1256 1286 1863 1146 1032 1275 0 663 2117 2089 1961 164 1115 1572 2130 862 1955 1934 747 1725 1326 1782 1011 1475 1368 1496 1026 1968 1966 374 1689 1528 1451 1194 1912
2143 1271 1301 1735 1160 904 1147 669 0 1989 1961 1833 615 987 1586 2002 734 1827 1806 619 1597 1341 1654 883 1347 1383 1511 898 1840 1838 389 1561 1400 1323 1066 1784
947 1528 1558 712 1367 1259 1027 2122 2079 0 497 867 1996 1875 1463 539 1968 308 783 1751 1206 1236 1067 1878 1227 1523 1388 1253 577 1031 1899 1412 1220 1203 1687 978
585 1385 1415 684 1274 1231 998 2094 2050 497 0 838 1967 1795 1101 340 1940 212 755 1722 844 873 1039 1850 1010 1161 1026 1224 508 1003 1871 1050 1191 1059 1659 950
1373 1428 1458 302 1268 1121 927 1984 1940 867 838 0 1857 1736 1889 880 1703 705 538 1599 1378 1654 330 1167 1127 1696 1814 1114 717 633 1761 1342 644 1104 976 579
2075 1202 1232 1736 1091 906 1148 164 609 1990 1962 1834 0 988 1517 2004 735 1828 1807 620 1599 1272 1656 884 1348 1314 1442 899 1841 1839 320 1563 1401 1324 1067 1785
1748 875 905 1611 765 780 1022 1133 1089 1864 1795 1708 1006 0 1262 1878 1090 1702 1681 975 1414 945 1530 1239 1164 987 1187 773 1715 1713 910 1378 1371 1140 1423 1660
1055 951 981 1735 841 1118 1023 1567 1575 1463 1101 1889 1512 1262 0 1391 1828 1263 1806 1713 730 440 1969 1977 896 727 109 1134 1559 2054 1396 936 1811 945 2160 2000
874 1541 1571 726 1381 1273 1040 2136 2092 539 340 880 2009 1888 1391 0 1981 254 797 1764 1133 1163 1081 1891 1240 1450 1315 1266 550 1045 1913 1339 1233 1216 1701 991
2298 1448 1478 1714 1288 1008 1250 859 816 1968 1940 1702 733 1091 1834 1981 0 1806 1785 527 1701 1528 1524 626 1451 1570 1758 1002 1819 1707 636 1665 1308 1427 809 1654
746 1366 1396 551 1205 1097 865 1961 1917 308 212 705 1834 1713 1263 254 1806 0 621 1589 1005 1035 905 1716 1065 1323 1187 1091 375 870 1737 1212 1058 1041 1525 816
1289 1345 1375 384 1184 1076 843 1939 1896 783 755 538 1813 1692 1806 797 1785 621 0 1568 1294 1571 675 1393 1044 1613 1730 1070 634 423 1716 1258 870 1020 1202 370
2183 1334 1364 1497 1173 893 1136 745 701 1751 1722 1594 618 976 1719 1764 527 1589 1568 0 1587 1413 1416 676 1336 1455 1643 887 1601 1599 522 1550 1090 1312 859 1546
797 848 878 1224 688 748 494 1731 1687 1206 844 1378 1604 1414 730 1133 1688 1005 1294 1574 0 502 1440 1837 367 530 654 764 1302 1543 1508 318 1282 416 1749 1489
827 535 565 1500 425 702 771 1326 1335 1236 873 1654 1272 945 440 1163 1527 1035 1571 1412 502 0 1591 1676 669 311 364 718 1332 1774 1155 708 1433 717 1859 1721
1573 1383 1412 502 1222 942 1007 1805 1761 1067 1039 330 1678 1558 1987 1081 1524 905 675 1420 1458 1608 0 988 1207 1651 1911 936 918 455 1582 1421 465 1183 798 401
2384 1598 1628 1338 1437 1157 1400 1009 965 1878 1850 1167 882 1240 1983 1891 626 1716 1392 676 1850 1677 988 0 1600 1719 1907 1151 1729 1171 785 1814 794 1576 398 1118
964 598 628 973 437 498 244 1480 1437 1227 1010 1127 1354 1164 896 1240 1438 1065 1044 1323 367 669 1190 1587 0 692 821 514 1078 1292 1257 331 1031 165 1499 1239
1114 578 608 1542 467 744 813 1368 1377 1523 1161 1696 1314 987 727 1450 1569 1323 1613 1454 530 311 1633 1718 692 0 652 760 1619 1817 1198 736 1475 741 1902 1763
979 876 906 1659 765 1042 948 1491 1500 1388 1026 1814 1437 1187 109 1315 1752 1187 1730 1638 654 364 1894 1901 821 652 0 1058 1484 1978 1321 861 1735 870 2085 1925
1361 492 522 999 332 98 410 1031 987 1253 1224 1097 904 784 1134 1266 989 1091 1070 874 764 718 918 1138 514 760 1058 0 1103 1101 808 728 760 490 1227 1048
1043 1379 1408 563 1218 1110 877 1973 1929 577 508 717 1846 1726 1559 550 1819 375 634 1601 1302 1332 918 1729 1078 1619 1484 1103 0 882 1750 1292 1070 1054 1538 828
1537 1566 1596 633 1405 1126 1092 1989 1945 1031 1003 633 1862 1741 2054 1045 1708 870 423 1604 1543 1792 455 1172 1292 1834 1978 1119 882 0 1766 1507 649 1268 981 87
1958 1086 1116 1637 975 806 1049 374 383 1891 1863 1735 320 889 1401 1904 635 1729 1708 521 1499 1155 1556 785 1249 1198 1326 800 1742 1740 0 1463 1302 1225 968 1686
1003 812 842 1187 652 712 458 1695 1651 1412 1050 1342 1568 1378 936 1339 1652 1212 1258 1537 318 708 1404 1801 331 736 861 728 1292 1507 1472 0 1246 380 1713 1453
1726 1207 1237 816 1046 766 831 1526 1482 1220 1191 644 1399 1382 1811 1233 1308 1058 869 1090 1282 1433 465 794 1031 1475 1735 760 1070 649 1302 1246 0 1008 603 595
1012 574 604 949 414 474 220 1457 1413 1203 1059 1104 1330 1140 945 1216 1414 1041 1020 1299 416 717 1166 1563 165 741 870 490 1054 1268 1234 380 1008 0 1475 1215
2193 1674 1704 1148 1514 1234 1299 1192 1148 1687 1659 976 1065 1423 2166 1701 809 1525 1202 859 1749 1860 797 398 1499 1902 2090 1227 1538 981 969 1713 603 1475 0 927
1484 1512 1542 579 1352 1072 1038 1935 1891 978 950 579 1808 1688 2000 991 1654 816 370 1550 1489 1738 401 1118 1239 1781 1925 1065 828 87 1712 1453 595 1215 927 0
EOF