NAME : tsp_problem
TYPE : TSP
DIMENSION : 54
EDGE_WEIGHT_TYPE : EXPLICIT
EDGE_WEIGHT_FORMAT : FULL_MATRIX
EDGE_WEIGHT_SECTION
0 396 437 1937 832 1782 770 537 735 562 518 327 573 532 953 409 1827 501 641 1532 1612 1781 200 627 817 299 151 389 476 817 822 442 305 735 510 554 743 533 931 734 755 561 847 799 225 202 464 1876 1880 1981 1960 615 960 513
396 0 292 1791 687 1637 625 581 930 756 713 521 767 387 808 603 1682 356 835 1386 1466 1636 220 822 671 493 353 76 330 672 677 487 499 929 704 598 597 387 786 589 609 606 702 654 258 396 319 1730 1735 1836 1815 809 827 707
437 292 0 1636 531 1481 469 622 970 797 753 562 808 232 652 644 1526 97 876 1231 1311 1480 261 862 516 534 393 284 71 516 522 527 540 969 744 639 442 232 630 433 454 647 547 499 298 437 251 1575 1580 1681 1660 850 671 748
1887 1742 1586 0 1193 489 1183 2072 1421 1596 1495 1670 1440 1460 1067 1589 257 1650 1373 553 365 211 1711 1387 1246 1714 1843 1735 1625 1101 1096 1977 1743 1426 1504 2089 1361 1461 1045 1353 1374 1751 1184 1418 1748 1790 1701 336 587 442 421 1601 1184 1500
832 687 531 1242 0 1088 106 1017 555 730 629 805 574 405 259 723 1133 595 507 837 917 1087 656 522 193 848 788 679 570 166 160 922 877 560 638 1034 306 406 237 298 253 885 78 318 693 832 646 1181 1186 1287 1266 735 159 634
1767 1622 1466 556 1073 0 1063 1952 1301 1476 1375 1550 1320 1340 947 1469 447 1530 1253 433 245 401 1591 1267 1126 1594 1723 1614 1505 981 976 1857 1623 1306 1384 1969 1241 1341 925 1233 1254 1631 1064 1298 1628 1670 1581 495 164 601 580 1481 1064 1379
770 625 469 1232 106 1077 0 955 642 817 716 892 662 343 249 810 1123 533 595 827 907 1076 594 609 131 867 726 618 508 113 118 860 873 647 725 972 244 344 227 236 257 972 121 301 631 770 584 1171 1176 1277 1256 823 246 721
537 581 622 2122 1017 1967 955 0 721 548 636 449 691 717 1138 531 2012 686 759 1717 1797 1966 504 745 1002 421 413 574 661 1002 1007 184 427 720 627 70 927 718 1116 919 940 386 1032 984 541 365 649 2061 2065 2166 2145 736 1082 635
735 930 970 1470 555 1316 642 721 0 201 277 438 222 942 536 357 1361 1034 153 1065 1145 1315 853 167 729 459 611 922 1009 588 582 626 488 57 286 738 843 942 558 834 789 364 546 854 890 558 997 1409 1414 1515 1494 407 413 305
562 756 797 1645 730 1491 817 548 201 0 228 265 283 892 711 184 1536 861 328 1240 1320 1490 679 337 905 286 438 749 836 763 758 453 315 200 219 565 1018 893 733 1009 964 191 721 1029 717 385 824 1585 1589 1690 1669 348 589 246
518 713 753 1544 629 1390 716 636 277 228 0 221 78 849 610 140 1435 817 146 1139 1219 1389 635 132 804 242 394 705 792 662 657 541 271 282 32 653 917 849 632 908 863 279 620 928 673 341 780 1484 1488 1589 1568 304 488 202
327 521 562 1720 805 1565 892 449 438 265 221 0 276 657 786 112 1610 626 344 1315 1395 1564 444 330 942 98 203 514 600 837 832 354 104 438 213 466 867 658 808 859 880 316 796 924 481 150 589 1659 1664 1765 1744 318 663 216
573 767 808 1490 574 1335 662 691 222 283 78 276 0 903 555 194 1380 872 92 1085 1165 1334 690 78 749 297 449 760 846 607 602 596 326 227 87 708 862 903 578 854 808 334 566 874 727 395 835 1429 1434 1534 1513 276 433 174
532 387 232 1510 405 1355 343 717 942 892 849 657 903 0 526 739 1400 295 894 1105 1185 1354 356 908 390 629 489 380 270 390 396 623 635 947 840 734 316 22 504 307 328 742 421 373 394 532 347 1449 1454 1555 1534 945 545 843
953 808 652 1117 259 962 249 1138 536 711 610 786 555 526 0 704 1007 716 488 712 792 961 777 503 312 829 910 801 691 167 162 1043 858 541 619 1155 427 527 79 419 440 866 250 484 814 905 767 1056 1061 1161 1140 716 154 615
409 603 644 1638 723 1483 810 531 357 184 140 112 194 739 704 0 1529 708 263 1233 1313 1482 526 249 897 180 285 596 683 756 750 436 186 356 131 548 950 740 726 941 957 235 714 1006 563 232 671 1577 1582 1683 1662 236 581 134
1739 1594 1439 483 1045 341 1035 1924 1273 1448 1347 1523 1292 1313 919 1441 0 1502 1225 405 217 328 1563 1240 1098 1566 1696 1587 1477 953 948 1830 1595 1278 1356 1941 1214 1313 897 1205 1226 1603 1036 1270 1601 1642 1554 423 440 528 507 1453 1036 1352
501 356 97 1700 595 1545 533 686 1034 861 817 626 872 295 716 708 1590 0 940 1295 1375 1544 325 926 580 598 457 348 87 580 585 591 604 1033 808 703 505 296 694 497 518 711 610 562 362 501 315 1639 1643 1744 1723 913 735 812
641 835 876 1423 507 1268 595 759 153 328 146 344 92 894 488 263 1313 940 0 1018 1098 1267 758 76 682 365 517 828 915 540 535 664 394 158 155 776 795 894 511 786 741 402 498 807 795 464 903 1362 1367 1467 1446 276 366 175
1550 1404 1249 586 855 431 845 1735 1083 1258 1157 1333 1103 1123 730 1251 476 1313 1036 0 261 430 1374 1050 908 1376 1506 1397 1287 764 758 1640 1405 1088 1166 1752 1024 1123 708 1015 1036 1413 846 1081 1411 1452 1364 525 530 631 610 1264 846 1162
1630 1485 1330 399 936 245 926 1815 1164 1339 1238 1414 1183 1204 810 1332 290 1393 1116 296 0 244 1454 1131 989 1457 1587 1478 1368 844 839 1721 1486 1169 1247 1832 1105 1204 788 1096 1117 1494 927 1161 1492 1533 1445 339 343 444 423 1344 927 1243
1713 1567 1412 457 1018 314 1008 1898 1246 1421 1320 1496 1266 1286 893 1414 347 1476 1199 378 190 0 1537 1213 1071 1539 1669 1560 1450 927 921 1803 1568 1251 1329 1915 1187 1286 871 1178 1199 1576 1009 1244 1574 1615 1527 396 413 501 480 1427 1009 1325
200 220 261 1761 656 1606 594 504 853 679 635 444 690 356 777 526 1651 325 758 1356 1436 1605 0 744 641 416 276 213 300 641 646 409 422 852 627 521 567 357 755 558 579 529 671 623 62 319 288 1700 1705 1805 1784 732 796 630
627 822 862 1437 522 1282 609 745 167 337 132 330 78 908 503 249 1327 926 76 1032 1112 1281 744 0 696 351 503 814 901 554 549 650 380 172 141 762 809 909 525 801 756 388 513 821 782 450 889 1376 1381 1482 1461 262 380 161
817 671 516 1295 193 1141 131 1002 729 905 804 942 749 390 312 897 1186 580 682 890 970 1140 641 696 0 913 773 664 554 178 183 907 919 734 813 1019 291 390 290 282 303 1026 208 348 678 817 631 1235 1239 1340 1319 910 333 808
299 493 534 1763 848 1609 867 421 459 286 242 98 297 629 829 180 1654 598 365 1358 1438 1608 416 351 913 0 175 486 572 881 875 326 50 458 233 438 839 629 851 831 852 337 839 896 453 122 561 1702 1707 1808 1787 362 706 260
151 353 393 1893 788 1738 726 413 611 438 394 203 449 489 910 285 1783 457 517 1488 1568 1737 276 503 773 175 0 345 432 773 779 318 181 611 386 430 699 489 887 690 711 437 804 756 313 78 421 1832 1837 1938 1917 491 836 389
389 76 284 1784 679 1629 618 574 922 749 705 514 760 380 801 596 1675 348 828 1379 1459 1628 213 814 664 486 345 0 323 664 670 479 492 921 696 591 590 380 778 581 602 599 695 647 250 389 312 1723 1728 1829 1808 802 819 700
476 330 71 1674 570 1520 508 661 1009 836 792 600 846 270 691 683 1565 87 915 1269 1349 1519 300 901 554 572 432 323 0 555 560 566 578 1008 783 678 480 270 669 472 492 685 585 537 337 475 290 1613 1618 1719 1698 888 710 786
817 672 516 1151 166 996 113 1002 588 763 662 837 607 390 167 756 1041 580 540 746 826 995 641 554 178 881 773 664 555 0 69 907 910 593 671 1019 291 391 145 283 304 918 157 348 678 817 631 1090 1095 1195 1174 768 191 666
822 677 522 1145 160 991 118 1007 582 758 657 832 602 396 162 750 1036 585 535 740 820 990 646 549 183 875 779 670 560 69 0 913 904 587 665 1024 297 396 140 288 309 912 151 353 684 822 637 1085 1089 1190 1169 763 186 661
442 487 527 2027 922 1872 860 184 626 453 541 354 596 623 1043 436 1917 591 664 1622 1702 1871 409 650 907 326 318 479 566 907 913 0 332 625 533 166 833 623 1021 824 845 291 938 890 447 270 554 1966 1971 2072 2051 642 987 540
305 499 540 1792 877 1638 873 427 488 315 271 104 326 635 858 186 1683 604 394 1387 1467 1637 422 380 919 50 181 492 578 910 904 332 0 487 262 444 845 635 880 837 857 366 868 902 459 127 567 1731 1736 1837 1816 391 735 289
735 929 969 1475 560 1321 647 720 57 200 282 438 227 947 541 356 1366 1033 158 1070 1150 1320 852 172 734 458 611 921 1008 593 587 625 487 0 291 737 848 947 563 839 794 363 551 859 889 557 997 1414 1419 1520 1499 412 418 310
510 704 744 1553 638 1399 725 627 286 219 32 213 87 840 619 131 1444 808 155 1148 1228 1398 627 141 813 233 386 696 783 671 665 533 262 291 0 644 926 840 641 917 872 270 629 937 664 332 772 1492 1497 1598 1577 295 496 193
554 598 639 2139 1034 1984 972 70 738 565 653 466 708 734 1155 548 2029 703 776 1734 1814 1983 521 762 1019 438 430 591 678 1019 1024 166 444 737 644 0 945 735 1133 936 957 403 1049 1001 558 382 666 2078 2083 2183 2162 753 1099 652
743 597 442 1411 306 1256 244 927 843 1018 917 867 862 316 427 950 1301 505 795 1006 1086 1255 567 809 291 839 699 590 480 291 297 833 845 848 926 945 0 316 405 80 229 952 322 274 604 742 557 1350 1355 1456 1435 1023 446 921
533 387 232 1510 406 1355 344 718 942 893 849 658 903 22 527 740 1401 296 894 1105 1185 1354 357 909 390 629 489 380 270 391 396 623 635 947 840 735 316 0 505 307 328 742 421 373 394 533 347 1449 1454 1555 1534 945 546 843
931 786 630 1095 237 940 227 1116 558 733 632 808 578 504 79 726 985 694 511 690 770 939 755 525 290 851 887 778 669 145 140 1021 880 563 641 1133 405 505 0 397 418 888 228 462 792 927 745 1034 1038 1139 1118 739 177 637
734 589 433 1402 298 1248 236 919 834 1009 908 859 854 307 419 941 1293 497 786 997 1077 1247 558 801 282 831 690 581 472 283 288 824 837 839 917 936 80 307 397 0 220 944 313 265 595 734 548 1341 1346 1447 1426 1014 438 913
755 609 454 1423 253 1268 257 940 789 964 863 880 808 328 440 957 1314 518 741 1018 1098 1267 579 756 303 852 711 602 492 304 309 845 857 794 872 957 229 328 418 220 0 964 268 87 616 755 569 1362 1367 1468 1447 969 393 868
561 606 647 1800 885 1646 972 386 364 191 279 316 334 742 866 235 1691 711 402 1395 1475 1645 529 388 1026 337 437 599 685 918 912 291 366 363 270 403 952 742 888 944 964 0 876 1009 566 390 674 1739 1744 1845 1824 399 743 297
847 702 547 1233 78 1079 121 1032 546 721 620 796 566 421 250 714 1124 610 498 828 908 1078 671 513 208 839 804 695 585 157 151 938 868 551 629 1049 322 421 228 313 268 876 0 333 709 847 662 1173 1177 1278 1257 726 150 625
799 654 499 1468 318 1313 301 984 854 1029 928 924 874 373 484 1006 1358 562 807 1063 1143 1312 623 821 348 896 756 647 537 348 353 890 902 859 937 1001 274 373 462 265 87 1009 333 0 661 799 614 1407 1412 1512 1491 1035 458 933
225 258 298 1798 693 1643 631 541 890 717 673 481 727 394 814 563 1688 362 795 1393 1473 1642 62 782 678 453 313 250 337 678 684 447 459 889 664 558 604 394 792 595 616 566 709 661 0 356 325 1737 1742 1843 1822 769 833 667
202 396 437 1839 832 1685 770 365 558 385 341 150 395 532 905 232 1730 501 464 1434 1514 1684 319 450 817 122 78 389 475 817 822 270 127 557 332 382 742 533 927 734 755 390 847 799 356 0 464 1779 1783 1884 1863 437 783 336
464 319 251 1751 646 1596 584 649 997 824 780 589 835 347 767 671 1641 315 903 1346 1426 1595 288 889 631 561 421 312 290 631 637 554 567 997 772 666 557 347 745 548 569 674 662 614 325 464 0 1690 1695 1796 1775 877 786 775
1892 1746 1591 371 1197 493 1187 2077 1425 1600 1499 1675 1445 1465 1072 1593 262 1655 1378 557 369 215 1716 1392 1250 1718 1848 1739 1629 1106 1100 1982 1747 1430 1508 2094 1366 1465 1050 1357 1378 1755 1188 1423 1753 1794 1706 0 592 416 395 1606 1188 1504
1866 1720 1565 655 1171 164 1161 2051 1399 1574 1473 1649 1419 1439 1046 1567 545 1629 1352 531 343 499 1690 1366 1224 1692 1822 1713 1603 1080 1074 1956 1721 1404 1482 2068 1340 1439 1024 1331 1352 1729 1162 1397 1727 1768 1680 594 0 699 678 1580 1162 1478
1998 1853 1697 204 1304 600 1294 2183 1532 1707 1606 1781 1551 1571 1178 1700 368 1761 1484 664 476 322 1822 1498 1357 1825 1954 1845 1736 1212 1207 2088 1854 1537 1615 2200 1472 1572 1156 1464 1485 1862 1295 1529 1859 1901 1812 447 698 0 85 1712 1294 1610
1977 1832 1676 183 1283 579 1273 2162 1511 1686 1585 1760 1530 1550 1157 1679 347 1740 1463 643 455 301 1801 1477 1336 1804 1933 1824 1715 1191 1186 2067 1833 1516 1594 2179 1451 1551 1135 1443 1464 1841 1274 1508 1838 1880 1791 426 677 85 0 1691 1274 1589
615 809 850 1651 735 1496 823 736 407 348 304 318 276 945 716 236 1541 913 276 1246 1326 1495 732 262 910 362 491 802 888 768 763 642 391 412 295 753 1023 945 739 1014 969 399 726 1035 769 437 877 1590 1595 1695 1674 0 594 133
960 827 671 1233 159 1078 246 1082 413 589 488 663 433 545 154 581 1124 735 366 828 908 1077 796 380 333 706 836 819 710 191 186 987 735 418 496 1099 446 546 177 438 393 743 150 458 833 783 786 1172 1177 1278 1257 594 0 492
513 707 748 1549 634 1394 721 635 305 246 202 216 174 843 615 134 1440 812 175 1144 1224 1393 630 161 808 260 389 700 786 666 661 540 289 310 193 652 921 843 637 913 868 297 625 933 667 336 775 1488 1493 1594 1573 133 492 0
EOF