NAME : tsp_problem
TYPE : TSP
DIMENSION : 34
EDGE_WEIGHT_TYPE : EXPLICIT
EDGE_WEIGHT_FORMAT : FULL_MATRIX
EDGE_WEIGHT_SECTION
0 1035 543 687 1117 819 1025 731 859 1873 1874 518 805 887 1874 186 1207 956 540 619 670 994 321 228 1655 632 1463 1424 1170 575 1202 1040 805 457
1118 0 1219 1778 237 1910 1082 593 1950 1200 1201 938 565 1978 1201 1188 534 952 1217 1104 847 144 1122 1034 889 708 941 873 2261 1106 529 1010 685 1371
543 1180 0 799 1191 931 667 818 971 1650 1651 823 879 999 1651 428 1092 780 63 241 494 1068 269 427 1581 719 1158 1191 1282 209 1087 716 628 224
687 1694 799 0 1777 244 1301 1391 284 2283 2284 1178 1465 312 2284 763 1683 1371 796 875 1085 1653 769 878 2172 1292 1791 1825 595 830 1678 1349 1219 689
1331 237 1230 1821 0 1953 1094 670 1993 1211 1212 1150 674 2022 1212 1291 545 963 1228 1115 858 155 1133 1247 769 784 952 884 2305 1117 541 1021 696 1382
819 1827 931 244 1909 0 1433 1523 84 2415 2417 1310 1597 229 2416 895 1815 1503 928 1007 1217 1786 902 1010 2304 1424 1923 1957 395 963 1810 1481 1351 822
1025 1044 667 1301 1055 1433 0 738 1473 1114 1115 882 742 1502 1115 910 813 241 665 552 384 931 752 910 1444 702 539 572 1785 554 813 91 576 818
731 454 818 1340 465 1472 738 0 1512 1196 1197 543 153 1540 1197 655 531 608 816 703 446 341 668 643 1003 146 778 739 1824 705 526 666 341 924
859 1867 971 284 1949 84 1473 1563 0 2455 2457 1350 1637 190 2456 935 1855 1543 968 1047 1257 1826 942 1050 2344 1464 1963 1997 397 1003 1850 1521 1391 862
1881 1200 1650 2283 1211 2415 1114 1196 2455 0 105 1693 1200 2484 105 1818 814 1154 1647 1534 1385 1087 1660 1798 1344 1311 780 768 2767 1537 809 1080 1223 1800
1882 1201 1651 2284 1212 2417 1115 1197 2457 105 0 1694 1201 2485 106 1819 815 1155 1648 1535 1386 1088 1661 1799 1346 1312 781 769 2768 1538 810 1081 1224 1801
518 854 823 1178 929 1310 882 543 1350 1684 1685 0 616 1378 1685 588 1019 804 820 718 527 805 601 434 1467 444 1274 1236 1661 720 1014 897 652 857
1228 317 1103 1694 328 1826 967 543 1866 1084 1085 1039 0 1895 1085 1164 418 836 1101 988 731 205 1006 1144 866 657 825 757 2178 990 414 894 569 1255
887 1895 999 312 1977 229 1502 1591 190 2484 2485 1378 1665 0 2485 963 1883 1571 996 1075 1285 1854 970 1078 2372 1492 1992 2025 383 1031 1878 1550 1419 890
1882 1201 1651 2284 1212 2416 1115 1197 2456 105 106 1694 1201 2485 0 1819 815 1155 1648 1535 1386 1088 1661 1799 1345 1312 781 769 2768 1538 810 1081 1224 1801
186 1105 428 763 1188 895 910 802 935 1818 1819 588 875 963 1819 0 1153 841 425 504 555 1064 206 193 1642 703 1352 1327 1246 459 1148 925 689 346
1216 534 1092 1683 545 1815 813 531 1855 814 815 1027 535 1883 815 1153 0 815 1089 976 720 422 995 1133 896 645 440 372 2166 979 65 740 557 1243
956 913 780 1371 924 1503 241 608 1543 1154 1155 804 612 1571 1155 841 815 0 777 664 408 801 683 841 1314 624 541 574 1854 667 816 169 364 931
540 1178 63 796 1189 928 665 816 968 1647 1648 820 877 996 1648 425 1089 777 0 239 492 1065 267 425 1578 717 1155 1189 1280 206 1084 713 626 221
619 1065 241 875 1076 1007 552 703 1047 1534 1535 718 763 1075 1535 504 976 664 239 0 378 952 346 503 1465 604 1042 1075 1358 128 971 600 513 418
670 808 494 1085 819 1217 384 446 1257 1385 1386 527 507 1285 1386 555 720 408 492 378 0 696 397 555 1209 347 846 880 1569 381 715 399 256 646
1231 144 1107 1697 155 1830 970 546 1870 1087 1088 1042 550 1898 1088 1168 422 840 1104 991 734 0 1009 1147 870 660 828 761 2181 994 417 898 572 1258
321 1083 269 769 1094 902 752 720 942 1660 1661 601 782 970 1661 206 995 683 267 346 397 971 0 206 1484 621 1194 1169 1253 301 990 766 531 330
228 951 427 878 1034 1010 910 648 1050 1789 1790 434 721 1078 1790 193 1124 841 425 503 555 910 206 0 1572 549 1352 1327 1361 459 1119 924 689 461
1705 982 1581 2172 787 2304 1444 1020 2344 1344 1346 1516 1024 2372 1345 1642 896 1314 1578 1465 1209 870 1484 1622 0 1134 1303 1235 2655 1468 891 1372 1046 1732
632 568 719 1241 579 1373 702 146 1413 1311 1312 444 267 1441 1312 556 645 624 717 604 347 456 569 544 1117 0 892 854 1725 606 641 717 455 824
1463 941 1158 1791 952 1923 539 778 1963 780 781 1274 782 1992 781 1352 440 541 1155 1042 846 828 1194 1352 1303 892 0 211 2275 1045 441 466 787 1308
1424 873 1191 1825 884 1957 572 739 1997 768 769 1236 743 2025 769 1327 372 574 1189 1075 880 761 1169 1327 1235 854 211 0 2308 1078 373 500 749 1342
1170 2178 1282 595 2261 395 1785 1875 397 2767 2768 1661 1948 383 2768 1246 2166 1854 1280 1358 1569 2137 1253 1361 2655 1775 2275 2308 0 1314 2161 1833 1703 1173
575 1067 209 830 1078 963 554 705 1003 1537 1538 720 766 1031 1538 459 979 667 206 128 381 955 301 459 1468 606 1045 1078 1314 0 974 603 515 382
1211 529 1087 1678 541 1810 813 526 1850 809 810 1023 530 1878 810 1148 65 816 1084 971 715 417 990 1128 891 641 441 373 2161 974 0 741 553 1238
1040 971 716 1349 982 1481 91 666 1521 1080 1081 897 670 1550 1081 925 740 169 713 600 399 859 766 924 1372 717 466 500 1833 603 741 0 503 866
805 646 628 1219 657 1351 576 341 1391 1223 1224 652 345 1419 1224 689 557 364 626 513 256 534 531 689 1046 455 787 749 1703 515 553 503 0 780
457 1332 224 689 1343 822 818 969 862 1800 1801 857 1031 890 1801 346 1243 931 221 418 646 1219 330 461 1732 870 1308 1342 1173 382 1238 866 780 0
EOF