NAME : tsp_problem
TYPE : TSP
DIMENSION : 38
EDGE_WEIGHT_TYPE : EXPLICIT
EDGE_WEIGHT_FORMAT : FULL_MATRIX
EDGE_WEIGHT_SECTION
0 709 1513 175 1581 1482 1668 1063 1554 1655 349 800 1695 558 1476 2169 1412 1932 181 2495 1521 2175 883 370 1694 1355 1803 1361 1696 1250 1433 1717 1800 1567 1871 2601 1236 2424
709 0 945 849 1013 914 1100 495 986 1087 486 131 1127 694 908 1601 844 1364 565 1927 953 1607 217 568 1127 787 1235 793 1128 682 865 1149 1232 999 1303 2034 668 1857
1513 945 0 1653 616 116 474 758 972 838 1290 856 730 1397 339 1172 213 768 1369 1572 704 1183 1063 1372 729 218 609 408 731 732 181 900 878 201 949 1679 485 1502
656 1091 1798 0 1963 1752 2050 1332 1936 2037 666 1182 2077 420 1529 2551 1794 2314 801 2877 1903 2557 1265 796 2076 1679 2185 1414 2078 1632 1815 2099 2182 1668 2253 2983 1618 2807
1581 1013 616 1720 0 671 233 1029 844 402 1357 924 241 1566 889 757 648 489 1436 1083 333 764 1131 1440 240 773 368 963 242 604 668 464 389 756 459 1190 379 1013
1482 914 116 1622 671 0 529 712 998 873 1259 825 785 1351 252 1227 181 823 1337 1628 739 1238 1032 1341 785 186 664 362 786 758 149 935 933 114 1004 1734 454 1558
1668 1100 474 1808 233 529 0 1116 931 469 1445 1011 307 1653 747 719 626 315 1523 1150 420 731 1218 1527 307 631 156 821 308 692 594 531 455 614 526 1256 466 1079
1063 495 758 1203 1029 712 1116 0 1002 1103 840 406 1143 931 490 1617 824 1380 919 1943 969 1623 652 922 1142 640 1251 375 1144 698 792 1165 1248 629 1319 2049 684 1872
1504 844 972 1644 844 998 931 994 0 724 1281 729 958 1489 1098 1247 847 1156 1360 1573 767 1254 906 1363 958 953 1067 1033 959 503 868 736 997 1083 893 1680 578 1503
1655 1087 838 1795 402 873 509 1103 724 0 1432 998 325 1640 1096 708 722 471 1510 1033 170 714 1190 1514 324 852 644 1100 325 650 743 101 339 958 258 1140 453 963
349 486 1290 489 1357 1259 1445 840 1331 1432 0 576 1472 269 1252 1945 1189 1709 205 2271 1298 1952 659 297 1471 1131 1580 1137 1472 1026 1209 1494 1577 1344 1647 2378 1012 2201
800 131 856 939 924 825 1011 406 897 998 576 0 1038 785 819 1512 755 1275 655 1838 864 1518 321 659 1037 698 1146 704 1039 593 776 1060 1143 910 1214 1944 579 1767
1695 1127 730 1835 241 785 347 1143 958 325 1472 1038 0 1680 1003 571 762 294 1550 1006 300 583 1245 1554 63 887 428 1077 64 718 783 387 311 870 382 1112 493 935
558 694 1397 698 1566 1351 1653 931 1539 1640 269 785 1680 0 1129 2154 1397 1917 413 2480 1506 2160 868 506 1679 1279 1788 1014 1681 1235 1418 1702 1785 1268 1856 2586 1221 2410
1476 908 339 1615 889 252 747 490 1098 1096 1252 819 1003 1129 0 1445 405 1041 1331 1846 963 1456 1050 1335 1002 354 882 140 1004 794 373 1158 1151 169 1222 1952 677 1775
2169 1601 1172 2308 757 1227 719 1617 1247 708 1945 1512 571 2154 1445 0 1236 444 2024 655 683 276 1713 2028 571 1329 770 1519 572 1174 1256 658 399 1312 476 761 967 585
1412 844 213 1552 648 181 626 824 847 722 1189 755 762 1397 405 1236 0 920 1267 1562 588 1242 962 1271 761 283 761 473 763 607 51 784 867 266 938 1668 303 1491
1932 1364 768 2072 489 823 315 1380 1156 471 1709 1275 294 1917 1041 444 920 0 1787 945 446 456 1482 1791 293 925 366 1115 294 954 888 533 378 908 449 1052 730 875
181 565 1369 320 1436 1337 1523 919 1410 1510 205 655 1550 413 1331 2024 1267 1787 0 2350 1376 2030 738 225 1550 1210 1659 1216 1551 1105 1288 1572 1656 1422 1726 2457 1091 2280
2495 1927 1572 2634 1083 1628 1190 1943 1573 1033 2271 1838 1006 2480 1846 655 1562 945 2350 0 1009 512 2039 2354 1005 1692 1271 1920 1006 1500 1582 984 725 1713 801 247 1293 219
1521 953 704 1661 333 739 420 969 784 170 1298 864 300 1506 963 683 588 446 1376 1009 0 690 1071 1380 300 718 555 966 301 544 609 232 315 824 385 1116 319 939
2175 1607 1183 2315 764 1238 731 1623 1254 714 1952 1518 583 2160 1456 276 1242 456 2030 512 690 0 1720 2034 582 1340 782 1531 584 1180 1263 664 405 1324 482 618 973 441
886 217 1102 1026 1169 1071 1257 652 1127 1244 663 321 1284 871 1064 1757 1001 1521 741 2083 1110 1764 0 648 1283 943 1392 949 1284 838 1021 1306 1389 1156 1460 2190 825 2013
370 568 1372 510 1440 1341 1527 922 1413 1514 297 659 1554 506 1335 2028 1271 1791 225 2354 1380 2034 666 0 1553 1214 1662 1220 1555 1109 1292 1576 1659 1426 1730 2460 1095 2283
1694 1127 729 1834 240 785 347 1142 958 324 1471 1037 63 1679 1002 571 761 293 1550 1005 300 582 1244 1553 0 886 428 1077 64 718 782 386 311 870 381 1112 493 935
1355 787 218 1494 773 186 631 640 953 852 1131 698 887 1279 354 1329 283 925 1210 1692 718 1340 905 1214 886 0 766 289 888 648 251 914 997 271 1068 1799 433 1622
1616 1048 651 1756 162 706 268 1064 879 336 1393 959 174 1601 924 691 683 422 1471 1017 311 697 1166 1475 173 808 0 998 175 639 704 398 322 791 393 1123 414 946
1361 793 408 1500 963 362 821 375 1033 1100 1137 704 1077 1014 140 1519 473 1115 1216 1920 966 1531 949 1220 1077 289 956 0 1078 729 442 1162 1225 278 1296 2027 681 1850
1696 1128 731 1835 242 786 348 1144 959 325 1472 1039 64 1681 1004 572 763 294 1551 1006 301 584 1246 1555 64 888 429 1078 0 719 783 387 312 871 383 1113 494 936
1232 572 732 1372 604 758 692 698 503 504 1009 457 718 1217 794 1123 607 936 1088 1449 527 1129 634 1091 718 648 827 729 719 0 628 516 777 843 673 1556 338 1379
1433 865 181 1572 668 149 594 792 868 743 1209 776 783 1418 373 1256 51 888 1288 1582 609 1263 983 1292 782 251 729 442 783 628 0 805 888 235 958 1689 323 1512
1717 1140 900 1857 464 935 571 1165 736 101 1494 1025 387 1702 1158 658 784 533 1572 984 232 664 1202 1576 386 914 706 1162 387 662 805 0 312 1020 208 1090 515 913
1800 1232 878 1940 389 933 495 1248 997 339 1577 1143 311 1785 1151 399 867 378 1656 725 315 405 1350 1659 311 997 631 1225 312 823 888 312 0 1018 226 832 598 655
1567 999 201 1707 756 114 614 629 1083 958 1344 910 870 1268 169 1312 266 908 1422 1713 824 1324 1117 1426 870 271 749 278 871 843 235 1020 1018 0 1089 1820 539 1643
1871 1297 949 2011 459 1004 566 1319 893 258 1647 1182 382 1856 1222 476 938 449 1726 801 385 482 1359 1730 381 1068 701 1296 383 820 958 208 226 1089 0 908 669 731
2601 2034 1679 2741 1190 1734 1297 2049 1680 1140 2378 1944 1112 2586 1952 761 1668 1052 2457 247 1116 618 2146 2460 1112 1799 1378 2027 1113 1606 1689 1090 832 1820 908 0 1400 326
1236 668 485 1375 379 454 466 684 578 453 1012 579 493 1221 677 967 303 730 1091 1293 319 973 786 1095 493 433 601 681 494 338 323 515 598 539 669 1400 0 1223
2424 1857 1502 2564 1013 1558 1120 1872 1503 963 2201 1767 935 2410 1775 585 1491 875 2280 219 939 441 1969 2283 935 1622 1201 1850 936 1430 1512 913 655 1643 731 326 1223 0
EOF