NAME : tsp_problem
TYPE : TSP
DIMENSION : 40
EDGE_WEIGHT_TYPE : EXPLICIT
EDGE_WEIGHT_FORMAT : FULL_MATRIX
EDGE_WEIGHT_SECTION
0 288 768 1176 532 659 864 417 550 933 369 758 609 534 241 843 618 1040 1161 626 668 1222 715 130 356 1304 962 1333 626 306 1240 846 1043 914 564 596 673 345 469 1422
288 0 502 1276 266 758 964 517 617 727 209 721 442 367 383 943 539 853 974 420 468 1321 814 321 498 1404 757 1380 693 40 1339 679 1143 708 695 734 511 178 425 1256
768 502 0 1571 546 938 1259 957 1097 822 489 875 898 847 863 1238 657 948 1069 508 582 1617 1110 801 978 1699 804 1626 1173 484 1635 925 1438 803 1130 1175 625 659 788 1460
1176 1276 1571 0 1502 687 524 789 1686 1915 1276 818 1597 1522 1062 456 1080 2028 2148 1602 1410 282 492 1209 985 169 1889 2470 1763 1294 192 1834 429 1896 869 924 1058 1333 980 2410
532 266 546 1451 0 818 1139 741 822 498 253 765 541 536 627 1118 583 624 744 191 512 1496 989 565 743 1579 527 1277 830 249 1514 577 1318 479 914 959 555 423 573 1136
659 758 938 687 869 0 375 272 1169 1282 643 185 1079 1004 544 354 447 1408 1529 969 777 733 226 692 467 815 1257 1952 1245 776 751 1316 554 1264 425 534 425 815 425 1893
864 964 1259 524 1190 375 0 477 1299 1603 964 506 1285 1209 750 89 768 1716 1836 1290 1098 569 227 897 564 652 1577 2083 1376 982 587 1522 391 1584 382 437 746 1021 668 2098
417 517 957 789 760 272 477 0 927 1161 535 371 838 763 303 456 370 1269 1389 855 796 835 328 450 226 917 1191 1711 1004 535 853 1075 656 1143 230 339 444 574 221 1651
550 617 1097 1686 822 1169 1299 927 0 1009 804 1240 342 462 751 1351 1070 1116 1237 702 1063 1732 1225 515 866 1814 1039 951 116 635 1750 688 1553 990 953 903 1106 506 921 1499
971 805 995 1959 702 1442 1647 1200 1048 0 918 1384 767 761 1066 1626 1166 321 435 582 1099 2005 1498 1004 1182 2087 133 1162 1031 823 2023 461 1826 132 1378 1418 1063 651 1109 955
369 209 489 1224 253 591 912 514 804 714 0 538 629 554 430 891 356 840 960 407 378 1269 762 402 545 1352 744 1494 880 191 1287 793 1091 695 687 732 383 366 346 1352
758 745 875 818 805 185 506 371 1240 1219 579 0 1066 991 644 485 394 1345 1465 905 713 864 357 791 567 946 1193 2003 1317 744 882 1303 685 1200 524 633 362 802 372 1857
609 442 898 1597 541 1079 1285 838 342 728 629 1066 0 172 704 1264 895 835 956 421 889 1642 1135 613 819 1725 758 1119 419 460 1660 641 1464 709 1015 1001 932 309 746 1218
534 367 847 1522 536 1004 1209 763 462 723 554 991 172 0 629 1189 820 830 951 416 814 1567 1060 567 744 1650 752 1244 538 385 1585 636 1388 704 940 980 856 256 671 1212
241 383 863 1062 627 544 750 303 751 1028 430 644 704 629 0 729 519 1135 1256 721 763 1107 600 274 241 1190 1057 1534 827 401 1125 941 929 1009 449 489 593 440 370 1517
843 943 1238 456 1169 354 89 456 1351 1582 943 485 1264 1189 729 0 747 1695 1815 1269 1077 501 159 876 616 584 1557 2135 1427 961 519 1501 323 1563 434 489 725 1000 647 2077
618 543 657 1080 587 447 768 370 1070 1001 361 394 895 820 519 747 0 1127 1247 687 495 1125 618 651 443 1208 975 1805 1146 526 1143 1104 947 982 543 588 144 632 202 1639
1040 873 1128 2028 771 1510 1716 1269 1116 321 987 1497 835 830 1135 1695 1299 0 145 651 1231 2073 1566 1073 1250 2156 351 1231 1100 891 2091 530 1895 217 1447 1486 1196 719 1177 665
1099 933 1187 2087 830 1569 1775 1328 1176 489 1046 1556 895 889 1194 1754 1366 236 0 710 1291 2133 1626 1132 1309 2215 519 1290 1159 951 2151 589 1954 429 1506 1546 1334 778 1236 828
626 420 508 1602 191 969 1290 855 702 345 407 905 421 416 721 1269 687 471 592 0 612 1647 1140 659 836 1730 375 1149 710 403 1665 448 1469 326 1033 1072 655 305 727 984
668 468 582 1410 512 777 1098 796 1063 926 378 713 889 814 763 1077 495 1052 1172 612 0 1455 948 701 868 1538 908 1729 1139 451 1473 1029 1276 907 968 1013 392 625 627 1564
1222 1321 1617 282 1547 733 569 835 1732 1961 1321 864 1642 1567 1107 501 1125 2073 2194 1647 1455 0 538 1255 1031 271 1935 2515 1808 1340 438 1879 475 1942 915 969 1104 1379 1025 2456
715 814 1110 492 1040 226 227 328 1225 1454 814 357 1135 1060 600 159 618 1566 1687 1140 948 538 0 748 524 620 1428 2008 1301 833 556 1372 359 1435 481 590 597 872 518 1949
130 321 801 1209 565 692 897 450 515 966 402 791 613 567 274 876 651 1073 1193 659 701 1255 748 0 389 1337 995 1299 592 339 1273 879 1076 947 597 561 706 378 502 1455
356 498 978 985 743 467 564 226 866 1143 545 567 819 744 241 616 443 1250 1371 836 868 1031 524 389 0 1113 1173 1649 942 516 1049 1056 852 1124 255 294 516 555 293 1633
1304 1404 1699 169 1630 815 652 917 1814 2043 1404 946 1725 1650 1190 584 1208 2156 2276 1730 1538 271 620 1337 1113 0 2018 2598 1891 1422 325 1962 557 2024 997 1052 1186 1461 1108 2538
1001 835 888 1973 683 1340 1661 1230 1078 133 898 1276 797 791 1096 1640 1058 351 465 524 991 2018 1511 1034 1211 2101 0 1192 1061 853 2036 491 1840 162 1408 1448 955 680 1138 914
1333 1380 1634 2470 1277 1952 2083 1711 951 1162 1494 2003 1119 1244 1534 2135 1813 1231 1351 1158 1738 2515 2008 1299 1649 2598 1192 0 867 1398 2533 779 2337 1143 1736 1686 1781 1226 1684 1457
626 693 1173 1763 830 1245 1376 1004 116 1017 880 1317 419 538 827 1427 1146 1100 1220 710 1139 1808 1301 592 942 1891 1047 867 0 711 1826 603 1629 998 1029 979 1182 582 997 1482
306 40 484 1294 249 756 982 535 635 709 191 703 460 385 401 961 521 835 956 403 451 1340 833 339 516 1422 739 1398 711 0 1358 697 1161 691 713 752 494 197 443 1274
1240 1339 1635 192 1565 751 587 853 1750 1979 1339 882 1660 1585 1125 519 1143 2091 2212 1665 1473 438 556 1273 1049 325 1953 2533 1826 1358 0 1897 493 1960 933 987 1122 1397 1043 2474
846 679 933 1834 577 1316 1522 1075 688 461 793 1303 641 636 941 1501 1112 530 651 457 1037 1879 1372 879 1056 1962 491 779 603 697 1897 0 1700 443 1252 1292 1080 525 983 912
1043 1143 1438 429 1369 554 391 656 1553 1782 1143 685 1464 1388 929 323 947 1895 2015 1469 1276 475 359 1076 852 557 1756 2337 1629 1161 493 1700 0 1763 736 791 925 1200 847 2277
953 786 1025 1941 684 1423 1629 1182 1029 132 900 1410 748 743 1048 1608 1196 217 332 564 1129 1986 1479 986 1163 2069 162 1143 1013 804 2004 443 1807 0 1359 1399 1092 632 1090 852
564 695 1130 869 938 425 382 230 953 1339 713 524 1015 940 449 434 543 1447 1567 1033 968 915 481 597 255 997 1369 1736 1029 713 933 1252 736 1321 0 189 617 752 399 1829
596 734 1175 924 978 534 437 339 903 1379 753 633 1001 980 489 489 588 1486 1607 1072 1013 969 590 561 294 1052 1409 1686 979 752 987 1292 791 1360 189 0 662 791 438 1869
669 511 625 1058 555 425 746 444 1106 969 329 362 932 856 593 725 144 1095 1215 655 392 1104 597 702 516 1186 872 1772 1182 494 1122 1072 925 950 617 662 0 668 275 1607
345 178 659 1333 423 815 1021 574 506 612 366 802 309 256 440 1000 632 719 840 305 625 1379 872 378 555 1461 642 1226 582 197 1397 525 1200 593 752 791 668 0 482 1102
469 425 788 980 669 425 668 221 921 1070 443 372 746 671 370 647 202 1177 1298 763 627 1025 518 502 293 1108 1100 1684 997 443 1043 983 847 1051 399 438 275 482 0 1560
1422 1256 1510 2410 1153 1893 2098 1651 1499 973 1370 1879 1218 1212 1517 2077 1689 683 693 1033 1614 2456 1949 1455 1633 2538 1003 1457 1482 1274 2474 912 2277 870 1829 1869 1652 1102 1560 0
EOF