NAME : tsp_problem
TYPE : TSP
DIMENSION : 24
EDGE_WEIGHT_TYPE : EXPLICIT
EDGE_WEIGHT_FORMAT : FULL_MATRIX
EDGE_WEIGHT_SECTION
0 2529 164 241 454 1350 2044 1676 786 2480 1884 1672 2644 448 1538 1636 870 1348 1239 1272 1519 1702 1915 603
2529 0 2460 2424 2448 1886 729 1058 2356 444 837 1034 296 2449 1023 1462 2087 1398 2545 2224 1048 1133 740 1953
164 2460 0 171 385 1206 1975 1607 643 2411 1814 1602 2575 305 1468 1566 800 1279 1095 1190 1450 1633 1846 533
241 2424 171 0 349 1152 1938 1571 589 2375 1778 1566 2539 250 1432 1530 764 1243 1041 1135 1414 1597 1809 497
454 2448 385 349 0 1471 1962 1594 908 2399 1802 1590 2562 570 1456 1554 719 1266 1360 1191 1438 1621 1833 521
1350 1886 1206 1152 1471 0 1326 990 722 1837 1223 1172 2001 934 1038 1281 1197 1082 693 679 1020 1254 1272 1019
2044 729 1975 1938 1962 1326 0 464 1871 680 222 549 844 1964 537 976 1602 912 1985 1738 563 648 254 1467
1676 1058 1607 1571 1594 990 464 0 1503 1009 277 359 1173 1596 260 844 1239 729 1649 1370 286 442 444 1099
786 2356 643 589 908 722 1871 1503 0 2307 1711 1498 2471 371 1364 1463 1007 1175 611 825 1346 1529 1742 828
2480 444 2411 2375 2399 1837 680 1009 2307 0 788 985 559 2400 974 1413 2038 1349 2496 2175 999 1085 691 1904
1884 837 1814 1778 1802 1223 222 277 1711 788 0 412 952 1804 377 934 1447 871 1882 1578 403 532 223 1307
1672 1034 1602 1566 1590 1172 549 359 1498 985 412 0 1149 1592 165 544 1170 481 1752 1366 191 142 345 1095
2644 296 2575 2539 2562 2001 844 1173 2471 559 952 1149 0 2564 1137 1576 2202 1513 2660 2338 1163 1248 854 2068
448 2449 305 250 570 934 1964 1596 371 2400 1804 1592 2564 0 1458 1556 985 1268 823 918 1439 1622 1835 718
1538 1023 1468 1432 1456 1038 537 260 1364 974 377 165 1137 1458 0 649 1101 586 1618 1232 91 247 408 961
1586 1462 1517 1480 1504 1281 976 844 1454 1413 934 544 1576 1547 639 0 1000 311 1707 1321 621 441 772 1009
873 2131 803 767 701 1197 1646 1278 1007 2082 1485 1273 2246 988 1139 1222 0 934 1260 874 1121 1280 1517 309
1298 1398 1229 1193 1216 1082 912 729 1166 1349 871 481 1513 1259 573 311 713 0 1420 1034 555 378 709 722
1239 2545 1095 1041 1360 693 1985 1649 611 2496 1882 1752 2660 823 1618 1716 1260 1428 0 908 1600 1783 1931 1082
1272 2224 1190 1135 1191 679 1738 1370 825 2175 1578 1366 2338 918 1232 1330 874 1042 908 0 1214 1397 1609 696
1519 1048 1450 1414 1438 1020 563 286 1346 999 403 191 1163 1439 91 675 1082 572 1600 1214 0 273 434 943
1653 1133 1583 1547 1571 1254 648 442 1521 1085 532 142 1248 1614 247 441 1067 378 1774 1388 273 0 444 1076
1915 740 1846 1809 1833 1272 254 444 1742 691 223 345 854 1835 408 772 1398 709 1931 1609 434 444 0 1338
603 1953 533 497 521 1019 1467 1099 828 1904 1307 1095 2068 718 961 1059 309 771 1082 696 943 1126 1338 0
EOF