NAME : tsp_problem
TYPE : TSP
DIMENSION : 32
EDGE_WEIGHT_TYPE : EXPLICIT
EDGE_WEIGHT_FORMAT : FULL_MATRIX
EDGE_WEIGHT_SECTION
0 1263 1478 1181 694 373 1074 697 1891 1283 1602 1290 1110 1176 1905 774 1373 1263 609 1223 734 987 1537 730 1197 1451 497 897 1987 947 1352 1886
1263 0 1808 255 1326 1578 298 658 661 1069 1932 217 490 552 675 1783 439 1593 1438 410 1962 544 1889 1036 557 1764 1623 1078 757 475 310 656
1478 1808 0 1744 817 1234 1619 1251 2436 1421 227 1835 1512 1471 2450 972 1668 432 929 1628 1415 1774 301 799 1579 661 1115 1026 2532 1535 1784 2431
1181 255 1744 0 1262 1496 149 577 883 1124 1868 153 449 606 897 1720 504 1529 1375 384 1881 327 1826 972 516 1718 1560 1133 979 276 376 878
694 1326 817 1262 0 450 1137 770 1954 939 942 1353 1031 990 1968 535 1186 603 190 1147 779 1292 899 318 1097 791 375 553 2050 1054 1303 1949
373 1578 1234 1496 450 0 1389 1013 2206 1329 1358 1605 1373 1380 2220 737 1576 1019 366 1489 810 1302 1316 734 1459 1207 394 943 2302 1263 1645 2201
1074 298 1619 149 1137 1389 0 469 926 999 1743 266 323 481 940 1594 460 1404 1249 258 1773 270 1700 847 391 1592 1434 1007 1022 216 388 921
697 658 1251 577 770 1013 469 0 1286 697 1375 685 440 507 1301 1227 703 1036 882 557 1397 593 1333 479 527 1225 1067 646 1382 343 712 1282
1891 661 2436 883 1954 2206 926 1286 0 1697 2560 819 1118 1180 453 2412 1067 2221 2066 1038 2590 1045 2517 1664 1185 2392 2252 1706 256 1103 939 51
1283 1069 1371 1124 930 1329 999 697 1697 0 1495 1096 733 540 1711 1388 736 1156 1043 830 1631 1180 1452 649 647 1192 1228 498 1793 982 880 1692
1602 1932 227 1868 942 1358 1743 1375 2560 1545 0 1959 1636 1596 2574 1157 1792 556 1054 1753 1599 1898 313 924 1703 785 1239 1150 2656 1660 1909 2555
1290 217 1835 153 1353 1605 266 685 819 1096 1959 0 516 579 833 1810 466 1620 1465 437 1989 382 1916 1063 584 1791 1650 1105 915 394 337 814
1110 490 1512 449 1031 1373 323 440 1118 733 1636 516 0 216 1132 1488 314 1297 1143 155 1731 486 1594 740 125 1428 1328 742 1214 338 311 1113
1172 552 1421 606 981 1380 481 503 1180 540 1546 579 216 0 1194 1438 219 1207 1093 313 1682 663 1503 700 129 1243 1278 548 1276 515 363 1175
1905 675 2450 897 1968 2220 940 1301 453 1711 2574 833 1132 1194 0 2426 1081 2235 2080 1052 2605 1059 2532 1678 1199 2224 2266 1720 544 1117 953 456
774 1783 972 1720 535 737 1594 1227 2412 1396 1157 1810 1488 1447 2426 0 1644 1035 424 1604 620 1726 941 775 1554 1248 514 1011 2507 1511 1760 2407
1369 439 1618 504 1178 1576 460 699 1067 736 1742 466 314 219 1081 1635 0 1403 1290 224 1878 706 1700 896 234 1431 1475 745 1163 613 250 1062
1263 1593 432 1529 603 1019 1404 1036 2221 1206 556 1620 1297 1256 2235 1035 1453 0 715 1414 1303 1559 514 585 1364 477 900 820 2317 1321 1570 2216
609 1438 929 1375 190 366 1249 882 2066 1051 1054 1465 1143 1102 2080 424 1298 715 0 1259 654 1404 1011 430 1209 903 238 665 2162 1166 1415 2061
1223 410 1628 384 1147 1489 258 557 1038 830 1753 437 155 313 1052 1604 224 1414 1259 0 1848 504 1710 857 223 1525 1444 839 1134 435 221 1033
734 1962 1415 1881 779 810 1773 1397 2590 1640 1599 1989 1731 1690 2605 620 1887 1303 654 1848 0 1686 1383 1019 1798 1492 474 1254 2686 1647 2003 2586
987 544 1774 330 1292 1302 270 593 1045 1180 1898 382 486 663 1059 1726 706 1559 1404 504 1686 0 1855 1002 572 1747 1449 1169 1141 292 634 1040
1537 1889 301 1826 899 1316 1700 1333 2517 1502 313 1916 1594 1553 2532 941 1749 514 1011 1710 1383 1855 0 881 1660 924 1196 1116 2613 1617 1866 2513
730 1036 799 972 318 734 847 479 1664 649 924 1063 740 700 1678 775 896 585 430 857 1019 1002 881 0 807 773 615 263 1760 764 1013 1659
1197 557 1529 516 1088 1459 391 527 1185 647 1653 584 125 129 1199 1546 234 1314 1200 223 1789 572 1610 807 0 1342 1386 655 1281 425 378 1180
1540 1870 316 1806 880 1296 1681 1314 2498 1389 440 1897 1575 1439 2429 1145 1628 495 992 1691 1580 1836 579 862 1538 0 1177 919 2594 1598 1772 2493
497 1623 1115 1560 375 394 1434 1067 2252 1236 1239 1650 1328 1287 2266 514 1484 900 238 1444 474 1449 1196 615 1394 1088 0 851 2347 1351 1600 2247
897 1078 985 1133 545 943 1007 646 1706 498 1109 1105 742 548 1720 1002 745 770 657 839 1245 1169 1067 263 655 723 842 0 1802 930 889 1701
1987 757 2532 979 2050 2302 1022 1382 256 1793 2656 915 1214 1276 544 2507 1163 2317 2162 1134 2686 1141 2613 1760 1281 2488 2347 1802 0 1199 1034 260
947 475 1535 276 1054 1263 216 343 1103 982 1660 394 338 515 1117 1511 613 1321 1166 435 1647 292 1617 764 425 1509 1351 930 1199 0 565 1099
1352 310 1762 376 1303 1645 388 712 939 880 1886 337 311 363 953 1760 250 1547 1415 221 2003 634 1844 1013 378 1575 1600 889 1034 565 0 934
1886 656 2431 878 1949 2201 921 1282 51 1692 2555 814 1113 1175 456 2407 1062 2216 2061 1033 2586 1040 2513 1659 1180 2387 2247 1701 260 1099 934 0
EOF