NAME : tsp_problem
TYPE : TSP
DIMENSION : 24
EDGE_WEIGHT_TYPE : EXPLICIT
EDGE_WEIGHT_FORMAT : FULL_MATRIX
EDGE_WEIGHT_SECTION
0 758 199 365 661 945 90 607 849 1014 936 1211 941 588 703 852 711 701 1082 751 1080 781 789 671
745 0 644 747 1144 763 792 1283 906 961 294 1091 300 978 441 376 451 441 825 491 973 50 1272 411
199 644 0 522 773 910 247 763 1005 1107 879 1238 885 745 675 738 598 588 972 638 1120 677 901 557
365 744 522 0 809 772 319 654 735 900 957 1098 962 475 1026 810 500 607 834 540 966 777 1002 577
661 1144 773 809 0 1112 715 179 1016 1180 1267 1378 1272 786 1034 1426 1191 1275 1273 1231 1247 1112 226 1245
945 763 910 762 1112 0 898 957 361 315 976 490 981 403 1165 829 354 626 264 558 359 796 1305 596
90 805 247 319 715 898 0 560 802 967 984 1165 989 542 751 899 701 749 1035 741 1034 828 862 718
607 1281 763 654 179 957 560 0 862 1026 1413 1223 1418 631 1180 1346 1036 1144 1118 1076 1092 1258 372 1113
849 906 1005 735 1016 361 802 862 0 475 1119 672 1124 291 1309 972 497 769 476 702 541 939 1210 739
1014 961 1107 900 1180 315 967 1026 475 0 1173 281 1179 471 1363 1026 551 824 323 756 149 993 1374 793
936 294 879 960 1267 976 984 1413 1119 1173 0 1304 37 1191 348 396 664 654 1038 704 1186 327 1394 623
1211 1091 1238 1089 1378 490 1165 1223 672 281 1304 0 1309 669 1493 1157 681 954 421 866 247 1124 1571 924
941 300 885 965 1272 981 989 1418 1124 1179 37 1309 0 1196 353 391 669 659 1043 709 1191 332 1399 629
588 978 745 475 786 403 542 631 291 471 1191 669 1196 0 1249 1044 569 841 547 774 538 1011 979 811
703 441 675 1026 1034 1165 751 1180 1309 1363 348 1493 353 1249 0 656 853 843 1227 893 1375 408 1161 813
838 376 738 813 1412 829 886 1349 972 1026 396 1157 391 1044 656 0 517 507 891 557 1039 409 1540 476
698 451 598 502 1194 354 703 1039 497 551 664 681 669 569 853 517 0 314 416 221 564 484 1387 283
688 441 588 610 1262 626 735 1146 769 824 654 954 659 841 843 507 314 0 688 354 836 474 1389 44
1071 825 972 824 1273 264 1025 1118 476 323 1038 421 1043 547 1227 891 416 688 0 600 290 858 1466 658
738 491 638 543 1234 558 743 1079 702 756 704 874 709 774 893 557 221 354 608 0 768 524 1427 324
1080 973 1120 966 1247 359 1034 1092 541 149 1186 247 1191 538 1375 1039 564 836 290 768 0 1006 1440 806
778 50 677 780 1112 796 825 1258 939 993 327 1124 332 1011 408 409 484 474 858 524 1006 0 1239 443
789 1272 901 1002 226 1305 862 372 1210 1374 1394 1571 1399 979 1161 1553 1384 1403 1466 1424 1440 1239 0 1372
658 411 557 580 1232 596 705 1116 739 793 623 924 629 811 813 476 283 44 658 324 806 443 1359 0
EOF