NAME : tsp_problem
TYPE : TSP
DIMENSION : 84
EDGE_WEIGHT_TYPE : EXPLICIT
EDGE_WEIGHT_FORMAT : FULL_MATRIX
EDGE_WEIGHT_SECTION
0 236 603 938 431 443 491 378 680 535 467 441 577 657 299 121 418 223 514 478 680 362 280 179 205 294 310 713 558 402 363 447 658 273 650 613 78 389 553 351 406 631 553 537 473 131 725 529 478 236 639 311 722 351 650 725 606 511 263 568 631 487 665 439 422 375 412 301 736 574 346 663 735 645 699 157 392 119 296 238 367 200 289 467
236 0 563 899 392 404 346 234 536 507 540 296 549 618 372 336 379 296 446 439 641 435 353 252 278 494 510 674 631 345 324 408 619 347 522 573 235 501 627 312 479 592 408 610 434 347 686 384 333 390 600 384 577 218 611 686 461 366 336 456 592 561 626 295 383 161 485 319 661 647 201 624 661 606 660 373 503 193 369 453 222 144 374 428
603 563 0 429 399 184 550 765 317 1038 649 827 1002 249 481 703 213 540 298 152 272 544 462 447 522 710 693 204 740 370 331 415 626 455 242 560 602 610 735 275 588 224 939 719 441 713 345 382 371 817 587 493 319 366 598 345 993 570 445 987 224 669 257 826 206 422 594 814 226 756 512 255 226 237 395 739 611 507 613 769 491 640 870 164
938 899 429 0 633 520 784 999 413 1273 984 1062 1314 585 816 1038 548 875 633 487 608 879 797 783 858 1046 1029 252 1075 706 666 696 421 791 482 474 937 945 1071 611 923 559 1174 1047 590 1049 318 561 639 1153 469 828 373 701 480 318 1227 804 780 1222 559 1005 593 1060 541 757 929 1142 338 995 746 591 338 573 368 1075 947 842 949 1105 725 968 1175 500
431 392 399 633 0 239 517 594 520 868 477 657 830 453 309 531 214 368 310 274 476 372 290 276 350 538 522 483 568 198 159 116 280 284 445 234 430 438 564 147 416 427 769 547 95 541 347 428 343 646 261 321 562 194 272 347 822 536 273 817 427 498 461 655 218 250 422 642 531 584 371 459 531 441 321 568 440 335 442 598 392 468 698 263
443 404 184 520 239 0 391 605 306 879 489 668 842 239 321 543 82 380 179 60 262 384 302 288 363 551 534 295 580 211 172 255 466 296 231 421 442 450 576 116 428 213 780 560 282 554 436 296 212 658 448 333 348 206 459 436 833 410 285 828 213 510 247 667 87 263 435 655 317 596 352 245 317 227 486 580 452 348 454 610 332 480 710 61
491 346 550 784 517 391 0 431 405 704 767 493 746 605 599 591 365 551 315 425 628 662 580 507 533 749 765 657 858 352 392 533 744 573 392 698 490 728 853 399 706 579 605 837 559 602 798 254 202 645 725 611 447 484 736 798 659 72 563 653 579 787 612 492 370 484 712 574 531 874 177 611 531 592 785 628 729 447 624 708 157 399 607 415
378 234 765 999 594 605 431 0 620 492 682 116 533 819 514 478 580 438 530 640 843 577 495 394 420 568 584 872 773 430 470 610 822 489 606 776 377 643 769 514 621 794 204 753 637 489 889 469 417 450 803 526 662 429 814 889 257 451 478 311 794 703 827 114 585 372 628 447 746 789 285 826 746 807 863 515 645 335 511 513 307 287 394 630
680 536 317 413 520 306 405 620 0 894 770 682 935 371 602 780 334 662 274 273 394 665 583 569 644 832 815 285 861 492 453 536 712 577 103 641 679 731 857 397 709 345 795 841 563 791 426 182 260 834 668 615 75 488 679 426 848 425 567 842 345 791 379 681 327 544 716 763 159 878 367 377 159 359 476 817 733 629 735 891 346 589 796 286
535 507 1038 1273 868 879 704 492 894 0 653 554 176 1093 655 433 854 613 804 914 1116 850 769 668 631 447 463 1145 770 703 743 884 1095 683 880 1049 537 526 565 788 556 1067 520 764 910 429 1162 742 691 328 1076 660 935 702 1087 1162 466 724 752 403 1067 699 1101 553 858 645 549 325 1019 712 559 1099 1019 1081 1136 396 528 608 548 391 580 497 272 903
467 540 649 984 477 489 767 682 770 653 0 744 540 703 345 547 464 404 560 524 726 226 230 311 386 381 364 759 139 449 409 493 704 319 696 659 466 372 109 397 402 678 857 186 519 543 771 678 593 502 685 357 812 397 696 771 898 786 243 834 678 68 711 743 468 453 395 567 782 223 621 709 781 691 745 509 374 371 477 440 642 504 555 514
441 296 827 1062 657 668 493 116 682 554 744 0 596 882 576 540 642 500 593 702 905 639 557 457 482 631 647 934 835 492 532 673 884 551 669 838 440 705 831 577 683 856 290 815 699 551 951 531 480 512 865 589 724 491 876 951 344 513 540 373 856 765 890 29 647 434 690 509 808 851 348 888 808 870 925 577 707 397 574 575 369 349 456 692
577 549 1002 1314 830 842 746 533 935 176 540 596 0 1056 542 475 817 613 846 877 1079 744 679 664 631 422 405 1112 657 745 762 846 1057 570 922 1012 579 413 452 750 443 1030 562 651 872 471 1124 784 733 370 1038 547 977 744 1049 1124 508 766 662 444 1030 586 1064 594 821 687 436 367 1061 599 600 1062 1061 1044 1098 437 415 650 547 433 622 538 314 866
657 618 249 585 453 239 605 819 371 1093 703 882 1056 0 535 757 267 594 352 206 148 598 516 502 577 765 748 360 794 425 386 469 680 510 296 635 656 664 790 330 642 56 994 774 496 768 501 437 426 872 662 548 413 420 673 501 1047 624 499 1042 55 724 133 881 260 477 649 869 382 810 566 131 382 113 551 794 666 562 668 824 546 694 924 219
299 372 481 816 309 321 599 514 602 655 345 576 542 535 0 399 296 236 392 356 558 240 158 143 218 251 234 591 436 281 241 325 536 49 528 491 298 150 412 229 128 510 689 415 351 409 603 510 425 372 517 33 644 229 528 603 742 618 141 704 510 365 543 575 300 285 135 437 614 452 453 541 613 523 577 379 152 203 309 310 474 336 425 346
121 336 703 1038 531 543 591 478 780 433 547 540 475 757 399 0 518 322 614 578 780 461 380 279 305 192 208 813 658 502 463 547 758 373 749 712 123 288 458 451 318 731 584 637 573 49 825 629 578 134 739 411 822 451 750 825 530 611 363 466 731 587 765 539 522 474 311 199 835 605 445 763 835 745 799 67 290 219 293 137 467 300 187 567
418 379 213 548 214 82 365 580 334 854 464 642 817 267 296 518 0 355 153 88 290 359 277 262 337 525 508 323 555 185 146 230 441 270 259 395 417 425 550 90 403 241 755 534 256 528 464 271 186 633 422 308 376 181 433 464 808 385 260 802 241 484 275 641 62 237 409 629 345 571 327 273 345 255 482 555 427 322 428 585 306 455 685 89
223 296 540 875 368 380 551 438 662 613 404 500 613 594 236 322 355 0 452 415 618 299 217 116 64 217 233 650 495 340 301 384 596 211 587 550 222 312 483 288 342 569 612 474 411 333 662 569 485 313 577 248 703 288 588 663 666 570 200 646 569 425 602 499 360 345 336 379 673 511 405 601 673 582 637 321 315 127 92 252 426 260 366 405
514 446 298 633 310 179 315 530 274 804 560 593 846 352 392 614 153 452 0 213 376 455 373 359 434 622 605 408 651 282 243 326 538 367 199 492 513 521 647 187 499 327 705 631 353 625 550 221 137 729 519 405 316 277 530 550 758 335 356 753 327 581 360 591 158 334 506 673 400 667 277 359 399 340 579 651 523 419 525 681 256 499 706 203
478 439 152 487 274 60 425 640 273 914 524 702 877 206 356 578 88 415 213 0 229 419 337 323 397 585 569 262 615 245 206 290 501 331 198 455 477 485 611 151 463 180 815 594 316 588 403 331 247 693 482 368 315 241 493 403 868 445 320 862 180 545 214 701 81 297 469 689 284 631 387 212 284 194 453 615 487 382 488 645 366 515 745 40
680 641 272 608 476 262 628 843 394 1116 726 905 1079 148 558 780 290 618 376 229 0 621 539 525 600 788 771 383 817 448 409 492 704 533 319 658 679 687 813 353 665 122 1017 797 519 791 524 460 449 895 685 571 436 443 696 524 1070 647 522 1065 122 747 129 904 283 500 672 892 405 833 589 82 405 63 574 817 689 585 691 847 569 718 947 242
362 435 544 879 372 384 662 577 665 850 226 639 744 598 240 461 359 299 455 419 621 0 125 206 281 469 452 654 317 343 304 388 599 214 590 553 361 369 312 292 346 572 751 225 414 472 666 573 488 576 580 252 707 292 591 666 805 681 138 799 572 246 606 638 363 348 353 573 676 262 516 604 676 586 640 498 370 266 372 528 537 399 629 408
280 353 462 797 290 302 580 495 583 769 230 557 679 516 158 380 277 217 373 337 539 125 0 124 199 387 370 572 321 262 222 306 517 132 509 472 279 287 316 210 265 491 670 300 333 390 584 491 406 495 498 170 625 210 509 584 723 600 57 717 491 250 524 556 281 266 271 491 595 337 434 522 594 504 558 416 288 184 290 447 456 317 547 327
179 252 447 783 276 288 507 394 569 668 311 457 664 502 143 279 262 116 359 323 525 206 124 0 98 315 331 558 402 247 208 292 503 118 494 457 178 272 398 196 250 476 569 382 318 290 570 476 392 394 484 156 610 196 495 570 622 527 107 616 476 332 510 455 267 252 257 391 580 418 362 508 580 490 544 316 274 83 190 349 383 216 446 312
205 278 522 858 350 363 533 420 644 631 386 482 631 577 218 305 337 64 434 397 600 281 199 98 0 235 251 633 477 322 283 366 578 193 569 532 204 331 473 270 325 551 595 457 393 315 645 551 467 332 559 230 685 271 570 645 648 553 182 642 551 407 585 481 342 327 332 397 655 493 387 583 655 565 619 339 333 109 110 270 409 242 385 387
294 494 710 1046 538 551 749 568 832 447 381 631 422 765 251 192 525 217 622 585 788 469 387 315 235 0 67 821 497 510 471 554 766 279 757 720 296 121 292 458 151 739 597 491 581 188 833 739 655 147 747 255 873 459 758 833 543 769 370 479 739 427 773 630 530 515 145 212 843 439 604 771 843 753 807 154 124 325 151 85 625 384 200 575
310 510 693 1029 522 534 765 584 815 463 364 647 405 748 234 208 508 233 605 569 771 452 370 331 251 67 0 804 480 493 454 538 749 262 740 703 312 104 275 442 135 722 613 474 564 204 816 722 638 163 730 238 856 442 741 816 559 785 353 496 722 410 756 646 513 498 128 229 826 422 620 754 826 736 790 171 107 341 167 101 641 400 216 558
713 674 204 252 483 295 657 872 285 1145 759 934 1112 360 591 813 323 650 408 262 383 654 572 558 633 821 804 0 850 481 442 525 454 566 352 383 712 720 846 386 698 334 1046 830 440 824 168 434 482 928 410 603 246 476 421 168 1100 677 555 1094 334 780 368 933 316 533 705 925 153 866 618 366 153 348 218 850 722 617 724 880 598 750 980 275
558 631 740 1075 568 580 858 773 861 770 139 835 657 794 436 658 555 495 651 615 817 317 321 402 477 497 480 850 0 540 500 584 795 410 787 750 557 488 225 488 518 769 948 200 611 659 862 769 684 618 776 448 903 488 787 862 1001 878 335 951 769 91 802 834 560 544 512 684 873 237 712 800 873 782 837 626 491 462 568 556 734 595 671 605
402 345 370 706 198 211 352 430 492 703 449 492 745 425 281 502 185 340 282 245 448 343 262 247 322 510 493 481 540 0 111 214 426 255 417 380 402 410 535 118 387 399 604 519 241 513 493 390 315 617 407 293 533 166 418 493 658 372 245 652 399 469 433 491 190 222 394 573 503 556 207 431 503 413 467 539 411 307 413 569 228 398 606 235
363 324 331 666 159 172 392 470 453 743 409 532 762 386 241 463 146 301 243 206 409 304 222 208 283 471 454 442 500 111 0 175 387 216 378 341 362 370 496 79 348 360 644 480 202 474 454 360 276 578 368 254 494 127 379 454 697 412 205 692 360 430 393 531 151 183 355 575 464 516 246 392 464 373 428 500 372 268 374 530 268 401 630 196
447 408 415 696 116 255 533 610 536 884 493 673 846 469 325 547 230 384 326 290 492 388 306 292 366 554 538 525 584 214 175 0 343 300 462 297 446 454 580 163 432 443 785 563 158 557 410 444 359 662 324 337 578 210 335 410 838 552 289 833 443 514 477 671 234 266 438 659 547 600 387 475 547 457 384 584 456 351 458 614 408 484 714 279
658 619 626 425 280 466 744 822 712 1095 704 884 1057 680 536 758 441 596 538 501 704 599 517 503 578 766 749 454 795 426 387 343 0 511 673 94 657 665 756 374 643 655 996 705 237 769 318 655 571 873 89 549 673 421 100 319 1050 764 500 1044 655 725 688 883 446 478 650 870 580 653 599 687 580 668 293 795 667 563 669 825 620 695 925 491
273 347 455 791 284 296 573 489 577 683 319 551 570 510 49 373 270 211 367 331 533 214 132 118 193 279 262 566 410 255 216 300 511 0 502 465 272 178 406 204 156 484 663 390 326 384 578 484 400 400 492 62 618 204 503 578 717 593 115 711 484 340 518 550 275 260 163 465 588 426 428 516 588 498 552 407 180 178 284 338 449 311 453 320
650 522 242 482 445 231 392 606 103 880 696 669 922 296 528 749 259 587 199 198 319 590 509 494 569 757 740 352 787 417 378 462 673 502 0 627 649 657 782 322 634 271 781 766 488 760 493 169 246 820 654 540 144 413 665 494 834 411 492 829 271 716 304 668 253 469 641 749 228 803 353 302 228 284 543 786 658 554 660 816 333 575 782 211
613 573 560 479 234 421 698 776 641 1049 659 838 1012 635 491 712 395 550 492 455 658 553 472 457 532 720 703 383 750 380 341 297 94 465 627 0 612 620 745 329 597 609 950 729 191 723 247 609 525 827 49 503 602 376 60 248 1004 718 455 998 609 679 643 837 400 432 604 824 509 707 553 641 509 623 222 749 621 517 623 779 574 650 880 445
78 235 602 937 430 442 490 377 679 537 466 440 579 656 298 123 417 222 513 477 679 361 279 178 204 296 312 712 557 402 362 446 657 272 649 612 0 391 552 350 405 630 552 536 472 133 724 528 477 238 638 310 721 350 649 724 605 510 262 570 630 486 664 438 421 374 411 303 735 573 345 662 734 644 698 160 394 118 295 241 366 199 291 466
389 501 610 945 438 450 728 643 731 526 372 705 413 664 150 288 425 312 521 485 687 369 287 272 331 121 104 720 488 410 370 454 665 178 657 620 391 0 283 358 143 639 692 482 480 284 732 639 554 243 646 155 773 358 657 732 638 747 270 575 639 418 672 704 429 414 136 308 743 430 582 670 742 652 706 250 115 332 247 181 604 465 295 475
553 627 735 1071 564 576 853 769 857 565 109 831 452 790 412 458 550 483 647 611 813 312 316 398 473 292 275 846 225 535 496 580 765 406 782 745 552 283 0 484 313 764 863 273 606 454 858 764 680 413 772 417 898 484 783 858 809 873 330 745 764 155 798 830 555 540 306 478 868 281 708 796 868 778 832 420 285 458 417 351 729 591 466 600
351 312 275 611 147 116 399 514 397 788 397 577 750 330 229 451 90 288 187 151 353 292 210 196 270 458 442 386 488 118 79 163 374 204 322 329 350 358 484 0 336 304 689 467 189 462 441 304 220 566 355 241 438 114 366 441 742 418 193 737 304 418 338 575 95 170 342 563 408 504 291 336 408 318 415 488 360 255 362 518 312 388 618 140
406 479 588 923 416 428 706 621 709 556 402 683 443 642 128 318 403 342 499 463 665 346 265 250 325 151 135 698 518 387 348 432 643 156 634 597 405 143 313 336 0 616 722 512 458 314 710 617 532 273 624 132 751 336 635 710 668 725 248 605 616 448 650 682 407 392 132 338 720 460 560 648 720 630 684 280 145 310 277 211 581 443 326 452
631 592 224 559 427 213 579 794 345 1067 678 856 1030 56 510 731 241 569 327 180 122 572 491 476 551 739 722 334 769 399 360 443 655 484 271 609 630 639 764 304 616 0 968 748 470 742 475 411 400 846 636 522 387 395 647 475 1022 599 474 1016 32 698 107 855 235 451 623 843 357 785 540 105 356 87 525 768 640 536 642 798 520 669 898 193
553 408 939 1174 769 780 605 204 795 520 857 290 562 994 689 584 755 612 705 815 1017 751 670 569 595 597 613 1046 948 604 644 785 996 663 781 950 552 692 863 689 722 968 0 927 811 580 1063 643 592 478 977 701 836 603 988 1063 109 625 653 194 968 877 1002 289 759 546 716 475 920 964 460 1000 920 982 1037 546 695 509 686 541 481 461 423 804
537 610 719 1042 547 560 837 753 841 764 186 815 651 774 415 637 534 474 631 594 797 225 300 382 457 491 474 830 200 519 480 563 714 390 766 729 536 482 273 467 512 748 927 0 590 648 842 748 664 612 756 427 882 467 767 842 980 857 314 945 748 138 782 814 539 524 506 678 852 139 692 780 852 762 816 620 485 442 548 550 713 574 665 584
473 434 441 590 95 282 559 637 563 910 519 699 872 496 351 573 256 411 353 316 519 414 333 318 393 581 564 440 611 241 202 158 237 326 488 191 472 480 606 189 458 470 811 590 0 584 304 470 386 688 218 364 604 237 229 304 865 579 316 859 470 540 504 698 261 293 465 685 566 627 414 502 566 484 278 610 482 378 484 640 435 511 740 306
131 347 713 1049 541 554 602 489 791 429 543 551 471 768 409 49 528 333 625 588 791 472 390 290 315 188 204 824 659 513 474 557 769 384 760 723 133 284 454 462 314 742 580 648 584 0 836 639 588 130 750 417 832 462 761 836 526 621 373 462 742 589 776 550 533 485 307 195 846 602 456 774 846 756 810 63 286 230 289 133 477 311 183 578
725 686 345 318 347 436 798 889 426 1162 771 951 1124 501 603 825 464 662 550 403 524 666 584 570 645 833 816 168 862 493 454 410 318 578 493 247 724 732 858 441 710 475 1063 842 304 836 0 575 623 940 274 616 387 488 285 33 1116 818 567 1111 475 792 509 950 457 545 717 937 294 878 665 507 294 489 82 862 734 630 736 892 687 762 992 416
529 384 382 561 428 296 254 469 182 742 678 531 784 437 510 629 271 569 221 331 460 573 491 476 551 739 722 434 769 390 360 444 655 484 169 609 528 639 764 304 617 411 643 748 470 639 575 0 108 682 636 522 224 395 647 575 697 274 474 691 411 698 445 530 276 451 623 611 308 785 215 443 308 425 625 666 640 485 642 745 195 437 645 321
478 333 371 639 343 212 202 417 260 691 593 480 733 426 425 578 186 485 137 247 449 488 406 392 467 655 638 482 684 315 276 359 571 400 246 525 477 554 680 220 532 400 592 664 386 588 623 108 0 631 552 438 301 310 563 623 645 222 389 640 400 614 434 478 191 367 539 560 385 700 164 432 385 414 612 614 556 434 558 694 144 386 593 236
236 390 817 1153 646 658 645 450 834 328 502 512 370 872 372 134 633 313 729 693 895 576 495 394 332 147 163 928 618 617 578 662 873 400 820 827 238 243 413 566 273 846 478 612 688 130 940 682 631 0 854 376 875 566 865 940 424 664 478 361 846 548 880 511 637 528 266 94 950 560 499 878 950 860 914 96 245 334 248 92 520 265 82 682
639 600 587 474 261 448 725 803 668 1076 685 865 1038 662 517 739 422 577 519 482 685 580 498 484 559 747 730 410 776 407 368 324 89 492 654 49 638 646 772 355 624 636 977 754 218 750 274 636 552 854 0 530 629 402 44 274 1031 745 481 1025 636 706 669 864 427 459 631 851 536 702 580 668 536 649 248 776 648 544 650 806 601 677 906 472
311 384 493 828 321 333 611 526 615 660 357 589 547 548 33 411 308 248 405 368 571 252 170 156 230 255 238 603 448 293 254 337 549 62 540 503 310 155 417 241 132 522 701 427 364 417 616 522 438 376 530 0 656 241 541 616 754 631 153 709 522 378 555 587 313 298 139 442 626 464 466 554 626 535 590 384 156 215 322 314 487 348 429 358
722 577 319 373 562 348 447 662 75 935 812 724 977 413 644 822 376 703 316 315 436 707 625 610 685 873 856 246 903 533 494 578 673 618 144 602 721 773 898 438 751 387 836 882 604 832 387 224 301 875 629 656 0 529 640 387 889 467 608 884 387 832 420 723 369 585 757 804 119 919 408 419 119 400 437 859 774 670 776 933 388 630 837 328
351 218 366 701 194 206 484 429 488 702 397 491 744 420 229 451 181 288 277 241 443 292 210 196 271 459 442 476 488 166 127 210 421 204 413 376 350 358 484 114 336 395 603 467 237 462 488 395 310 566 402 241 529 0 414 488 657 504 193 651 395 418 428 490 186 77 342 514 499 504 338 426 499 408 463 488 360 255 362 518 360 340 570 231
650 611 598 485 272 459 736 814 679 1087 696 876 1049 673 528 750 433 588 530 493 696 591 509 495 570 758 741 421 787 418 379 335 100 503 665 60 649 657 783 366 635 647 988 765 229 761 285 647 563 865 44 541 640 414 0 285 1042 756 492 1036 647 717 680 875 438 470 642 862 547 713 591 679 547 660 259 787 659 555 661 817 612 688 917 483
725 686 345 318 347 436 798 889 426 1162 771 951 1124 501 603 825 464 663 550 403 524 666 584 570 645 833 816 168 862 493 454 410 319 578 494 248 724 732 858 441 710 475 1063 842 304 836 33 575 623 940 274 616 387 488 285 0 1117 818 567 1111 475 792 509 950 458 545 717 937 295 878 666 507 294 489 82 862 734 630 736 892 687 763 992 416
606 461 993 1227 822 833 659 257 848 466 898 344 508 1047 742 530 808 666 758 868 1070 805 723 622 648 543 559 1100 1001 658 697 838 1050 717 834 1004 605 638 809 742 668 1022 109 980 865 526 1116 697 645 424 1031 754 889 657 1042 1117 0 678 706 140 1022 931 1055 342 813 600 662 421 973 956 513 1053 973 1035 1091 492 641 563 644 487 534 514 369 858
511 366 570 804 536 410 72 451 425 724 786 513 766 624 618 611 385 570 335 445 647 681 600 527 553 769 785 677 878 372 412 552 764 593 411 718 510 747 873 418 725 599 625 857 579 621 818 274 222 664 745 631 467 504 756 818 678 0 583 673 599 807 632 512 390 504 732 593 550 894 197 630 550 612 805 647 749 467 644 727 177 419 626 435
263 336 445 780 273 285 563 478 567 752 243 540 662 499 141 363 260 200 356 320 522 138 57 107 182 370 353 555 335 245 205 289 500 115 492 455 262 270 330 193 248 474 653 314 316 373 567 474 389 478 481 153 608 193 492 567 706 583 0 700 474 264 507 539 265 249 254 474 578 351 417 505 578 487 542 399 272 167 273 430 439 300 530 310
568 456 987 1222 817 828 653 311 842 403 834 373 444 1042 704 466 802 646 753 862 1065 799 717 616 642 479 496 1094 951 652 692 833 1044 711 829 998 570 575 745 737 605 1016 194 945 859 462 1111 691 640 361 1025 709 884 651 1036 1111 140 673 700 0 1016 880 1049 372 807 594 598 358 968 893 507 1048 968 1029 1085 429 577 557 580 424 529 509 305 852
631 592 224 559 427 213 579 794 345 1067 678 856 1030 55 510 731 241 569 327 180 122 572 491 476 551 739 722 334 769 399 360 443 655 484 271 609 630 639 764 304 616 32 968 748 470 742 475 411 400 846 636 522 387 395 647 475 1022 599 474 1016 0 698 107 855 235 451 623 843 357 785 540 105 356 87 525 768 640 536 642 798 520 669 898 193
487 561 669 1005 498 510 787 703 791 699 68 765 586 724 365 587 484 425 581 545 747 246 250 332 407 427 410 780 91 469 430 514 725 340 716 679 486 418 155 418 448 698 877 138 540 589 792 698 614 548 706 378 832 418 717 792 931 807 264 880 698 0 732 764 489 474 441 613 802 175 642 730 802 712 766 555 420 392 498 486 663 525 601 534
665 626 257 593 461 247 612 827 379 1101 711 890 1064 133 543 765 275 602 360 214 129 606 524 510 585 773 756 368 802 433 393 477 688 518 304 643 664 672 798 338 650 107 1002 782 504 776 509 445 434 880 669 555 420 428 680 509 1055 632 507 1049 107 732 0 888 268 484 656 877 390 818 574 112 390 94 559 802 674 569 676 832 553 702 932 227
439 295 826 1060 655 667 492 114 681 553 743 29 594 881 575 539 641 499 591 701 904 638 556 455 481 630 646 933 834 491 531 671 883 550 668 837 438 704 830 575 682 855 289 814 698 550 950 530 478 511 864 587 723 490 875 950 342 512 539 372 855 764 888 0 646 433 689 508 807 850 346 887 807 868 924 576 706 396 572 574 368 348 455 691
422 383 206 541 218 87 370 585 327 858 468 647 821 260 300 522 62 360 158 81 283 363 281 267 342 530 513 316 560 190 151 234 446 275 253 400 421 429 555 95 407 235 759 539 261 533 457 276 191 637 427 313 369 186 438 458 813 390 265 807 235 489 268 646 0 242 414 634 339 576 331 266 338 248 487 559 431 327 433 589 311 460 689 82
375 161 422 757 250 263 484 372 544 645 453 434 687 477 285 474 237 345 334 297 500 348 266 252 327 515 498 533 544 222 183 266 478 260 469 432 374 414 540 170 392 451 546 524 293 485 545 451 367 528 459 298 585 77 470 545 600 504 249 594 451 474 484 433 242 0 399 457 555 560 339 483 555 465 519 511 416 312 418 574 360 283 513 287
412 485 594 929 422 435 712 628 716 549 395 690 436 649 135 311 409 336 506 469 672 353 271 257 332 145 128 705 512 394 355 438 650 163 641 604 411 136 306 342 132 623 716 506 465 307 717 623 539 266 631 139 757 342 642 717 662 732 254 598 623 441 656 689 414 399 0 331 727 454 567 655 727 637 691 273 138 316 270 204 588 449 319 459
301 319 814 1142 642 655 574 447 763 325 567 509 367 869 437 199 629 379 673 689 892 573 491 391 397 212 229 925 684 573 575 659 870 465 749 824 303 308 478 563 338 843 475 678 685 195 937 611 560 94 851 442 804 514 862 937 421 593 474 358 843 613 877 508 634 457 331 0 888 626 428 875 888 857 911 162 310 331 313 157 449 195 78 679
736 661 226 338 531 317 531 746 159 1019 782 808 1061 382 614 835 345 673 400 284 405 676 595 580 655 843 826 153 873 503 464 547 580 588 228 509 735 743 868 408 720 357 920 852 566 846 294 308 385 950 536 626 119 499 547 295 973 550 578 968 357 802 390 807 339 555 727 888 0 889 492 388 43 370 344 872 744 640 746 902 472 714 921 297
574 647 756 991 584 596 874 789 878 712 223 851 599 810 452 605 571 511 667 631 833 262 337 418 493 439 422 866 237 556 516 600 662 426 803 716 573 430 281 504 460 785 964 139 627 602 878 785 700 560 711 464 919 504 722 878 956 894 351 893 785 175 818 850 576 560 454 626 889 0 728 816 889 798 853 568 433 478 565 499 750 611 613 621
346 201 512 746 371 352 177 285 367 559 621 348 600 566 453 445 327 405 277 387 589 516 434 362 387 604 620 618 712 207 246 387 599 428 353 553 345 582 708 291 560 540 460 692 414 456 665 215 164 499 580 466 408 338 591 666 513 197 417 507 540 642 574 346 331 339 567 428 492 728 0 572 492 554 640 482 584 302 479 562 53 254 461 376
663 624 255 591 459 245 611 826 377 1099 709 888 1062 131 541 763 273 601 359 212 82 604 522 508 583 771 754 366 800 431 392 475 687 516 302 641 662 670 796 336 648 105 1000 780 502 774 507 443 432 878 668 554 419 426 679 507 1053 630 505 1048 105 730 112 887 266 483 655 875 388 816 572 0 388 52 557 800 672 568 674 830 552 701 930 225
735 661 226 338 531 317 531 746 159 1019 781 808 1061 382 613 835 345 673 399 284 405 676 594 580 655 843 826 153 873 503 464 547 580 588 228 509 734 742 868 408 720 356 920 852 566 846 294 308 385 950 536 626 119 499 547 294 973 550 578 968 356 802 390 807 338 555 727 888 43 889 492 388 0 370 344 872 744 640 746 902 472 714 921 297
645 606 237 573 441 227 592 807 359 1081 691 870 1044 113 523 745 255 582 340 194 63 586 504 490 565 753 736 348 782 413 373 457 668 498 284 623 644 652 778 318 630 87 982 762 484 756 489 425 414 860 649 535 400 408 660 489 1035 612 487 1029 87 712 94 868 248 465 637 857 370 798 554 52 370 0 539 782 654 549 656 812 533 682 912 207
699 660 395 368 321 486 785 863 476 1136 745 925 1098 551 577 799 482 637 579 453 574 640 558 544 619 807 790 218 837 467 428 384 293 552 543 222 698 706 832 415 684 525 1037 816 278 810 82 625 612 914 248 590 437 463 259 82 1091 805 542 1085 525 766 559 924 487 519 691 911 344 853 640 557 344 539 0 836 708 604 710 866 661 737 966 466
157 373 739 1075 568 580 628 515 817 396 509 577 437 794 379 67 555 321 651 615 817 498 416 316 339 154 171 850 626 539 500 584 795 407 786 749 160 250 420 488 280 768 546 620 610 63 862 666 614 96 776 384 859 488 787 862 492 647 399 429 768 555 802 576 559 511 273 162 872 568 482 800 872 782 836 0 252 256 255 99 503 333 149 604
392 503 611 947 440 452 729 645 733 528 374 707 415 666 152 290 427 315 523 487 689 370 288 274 333 124 107 722 491 411 372 456 667 180 658 621 394 115 285 360 145 640 695 485 482 286 734 640 556 245 648 156 774 360 659 734 641 749 272 577 640 420 674 706 431 416 138 310 744 433 584 672 744 654 708 252 0 334 249 183 605 467 298 476
119 193 507 842 335 348 447 335 629 608 371 397 650 562 203 219 322 127 419 382 585 266 184 83 109 325 341 617 462 307 268 351 563 178 554 517 118 332 458 255 310 536 509 442 378 230 630 485 434 334 544 215 670 255 555 630 563 467 167 557 536 392 569 396 327 312 316 331 640 478 302 568 640 549 604 256 334 0 200 337 323 157 386 372
296 369 613 949 442 454 624 511 735 548 477 574 547 668 309 293 428 92 525 488 691 372 290 190 110 151 167 724 568 413 374 458 669 284 660 623 295 247 417 362 277 642 686 548 484 289 736 642 558 248 650 322 776 362 661 736 644 644 273 580 642 498 676 572 433 418 270 313 746 565 479 674 746 656 710 255 249 200 0 186 500 333 301 478
238 453 769 1105 598 610 708 513 891 391 440 575 433 824 310 137 585 252 681 645 847 528 447 349 270 85 101 880 556 569 530 614 825 338 816 779 241 181 351 518 211 798 541 550 640 133 892 745 694 92 806 314 933 518 817 892 487 727 430 424 798 486 832 574 589 574 204 157 902 499 562 830 902 812 866 99 183 337 186 0 583 329 145 634
367 222 491 725 392 332 157 307 346 580 642 369 622 546 474 467 306 426 256 366 569 537 456 383 409 625 641 598 734 228 268 408 620 449 333 574 366 604 729 312 581 520 481 713 435 477 687 195 144 520 601 487 388 360 612 687 534 177 439 529 520 663 553 368 311 360 588 449 472 750 53 552 472 533 661 503 605 323 500 583 0 275 482 356
200 144 640 968 468 480 399 287 589 497 504 349 538 694 336 300 455 260 499 515 718 399 317 216 242 384 400 750 595 398 401 484 695 311 575 650 199 465 591 388 443 669 461 574 511 311 762 437 386 265 677 348 630 340 688 763 514 419 300 509 669 525 702 348 460 283 449 195 714 611 254 701 714 682 737 333 467 157 333 329 275 0 250 505
289 374 870 1175 698 710 607 394 796 272 555 456 314 924 425 187 685 366 706 745 947 629 547 446 385 200 216 980 671 606 630 714 925 453 782 880 291 295 466 618 326 898 423 665 740 183 992 645 593 82 906 429 837 570 917 992 369 626 530 305 898 601 932 455 689 513 319 78 921 613 461 930 921 912 966 149 298 386 301 145 482 250 0 734
467 428 164 500 263 61 415 630 286 903 514 692 866 219 346 567 89 405 203 40 242 408 327 312 387 575 558 275 605 235 196 279 491 320 211 445 466 475 600 140 452 193 804 584 306 578 416 321 236 682 472 358 328 231 483 416 858 435 310 852 193 534 227 691 82 287 459 679 297 621 376 225 297 207 466 604 476 372 478 634 356 505 734 0
EOF