NAME : tsp_problem
TYPE : TSP
DIMENSION : 48
EDGE_WEIGHT_TYPE : EXPLICIT
EDGE_WEIGHT_FORMAT : FULL_MATRIX
EDGE_WEIGHT_SECTION
0 300 758 903 831 770 641 641 869 827 1049 833 563 813 848 568 295 875 741 194 617 825 218 531 813 813 594 1084 145 686 809 831 947 609 817 415 751 472 663 707 209 829 416 535 825 939 262 615
300 0 776 921 849 789 659 659 990 845 1067 851 581 831 866 689 244 893 862 290 635 843 314 549 831 831 715 1102 292 704 931 849 965 730 835 536 769 491 681 836 125 847 537 553 843 958 383 633
758 776 0 315 274 68 429 429 820 533 403 275 398 255 291 720 577 678 924 632 405 267 655 319 255 255 887 526 750 102 992 274 390 769 260 820 64 475 613 606 685 632 598 323 267 294 760 403
903 921 315 0 388 297 566 566 958 363 172 390 543 370 405 865 722 817 1063 777 550 382 800 464 370 370 1025 356 895 396 1131 388 220 908 374 965 293 620 752 547 830 771 743 468 382 63 905 548
831 849 274 388 0 256 502 502 1038 575 534 112 471 52 82 793 649 897 1143 704 477 131 728 392 52 52 1072 569 823 355 1211 71 432 941 96 893 236 547 738 678 757 851 670 396 131 425 833 475
770 789 68 297 256 0 442 441 843 515 385 257 410 238 273 732 589 702 948 644 417 249 667 331 237 237 910 508 763 125 1016 256 372 793 242 832 46 487 637 618 697 656 610 335 249 276 772 415
641 659 429 566 502 442 0 57 850 238 711 504 281 484 519 603 460 709 954 515 288 496 538 202 484 484 882 568 633 357 1023 502 431 751 488 703 422 358 549 229 568 662 481 145 496 602 643 159
641 659 429 566 502 441 57 0 850 238 711 504 281 484 519 603 460 708 954 514 288 496 538 202 484 484 882 568 633 357 1022 502 431 751 488 703 422 358 549 229 568 662 481 145 496 602 643 158
869 990 820 958 1038 843 850 850 0 1036 1047 1040 597 1020 1055 434 835 373 437 890 596 1032 913 682 1020 1020 400 1287 889 747 505 1038 1151 283 1024 579 863 689 487 1026 898 327 566 744 1032 937 636 823
827 845 533 363 575 515 238 238 1036 0 508 577 467 557 592 789 645 894 1140 700 473 569 724 388 557 557 1068 364 819 543 1208 575 228 937 561 889 495 544 734 219 754 848 666 331 569 399 829 344
1049 1067 403 172 534 385 711 711 1047 508 0 536 688 516 551 1011 867 905 1151 922 695 528 945 609 516 516 1114 472 1041 484 1219 534 365 996 520 1110 381 765 840 674 975 859 888 614 527 146 1050 693
833 851 275 390 112 257 504 504 1040 577 536 0 472 94 129 795 651 899 1145 706 479 132 729 393 94 94 1074 571 825 356 1213 112 434 942 48 894 238 549 740 680 759 852 672 398 132 426 834 477
563 581 398 543 471 410 281 281 597 467 688 472 0 452 488 516 381 456 701 436 256 464 459 171 452 452 664 723 555 326 770 471 587 535 457 624 390 279 333 457 489 409 402 175 464 579 564 254
813 831 255 370 52 238 484 484 1020 557 516 94 452 0 63 775 631 879 1125 686 459 113 709 373 34 34 1054 551 805 336 1193 52 414 922 78 874 218 529 720 660 739 833 652 378 113 406 814 457
848 866 291 405 82 273 519 519 1055 592 551 129 488 63 0 810 666 914 1160 721 494 148 745 409 63 63 1089 586 840 372 1228 82 449 958 113 910 253 565 755 695 774 868 687 413 148 442 850 492
568 689 720 865 793 732 603 603 434 789 1011 795 516 775 810 0 536 579 454 591 573 787 615 493 775 775 417 1046 588 648 522 793 909 174 779 395 713 388 315 780 597 533 265 497 786 901 335 576
295 244 577 722 649 589 460 460 835 645 867 651 381 631 666 536 0 693 780 266 435 643 289 349 631 631 632 902 287 504 848 649 765 648 635 453 569 291 482 636 153 647 414 353 643 758 300 433
875 893 678 817 897 702 709 708 373 894 905 899 456 879 914 579 693 0 607 748 455 891 772 541 879 879 570 1146 867 606 675 897 1010 452 883 749 721 592 396 885 802 73 715 602 891 796 806 682
741 862 924 1063 1143 948 954 954 437 1140 1151 1145 701 1125 1160 454 780 607 0 903 700 1137 926 787 1125 1125 184 1392 761 852 109 1143 1255 303 1129 364 967 693 508 1131 771 561 570 848 1136 1042 509 928
194 290 632 777 704 644 515 514 890 700 922 706 436 686 721 591 266 748 903 0 490 698 54 404 686 686 755 957 187 559 971 704 820 739 690 576 624 346 537 691 199 702 469 408 698 813 423 488
617 635 405 550 477 417 288 288 596 473 695 479 256 459 494 573 435 455 700 490 0 471 513 120 459 459 663 730 609 332 769 477 594 546 463 678 397 333 389 464 543 408 456 182 471 586 618 261
825 843 267 382 131 249 496 496 1032 569 528 132 464 113 148 787 643 891 1137 698 471 0 721 385 113 113 1066 563 817 348 1205 131 426 934 117 886 230 541 732 672 751 844 664 390 79 418 826 469
218 314 655 800 728 667 538 538 913 724 945 729 459 709 745 615 289 772 926 54 513 721 0 428 709 709 779 980 210 583 994 728 844 762 714 600 648 369 560 714 222 726 492 432 721 836 447 511
531 549 319 464 392 331 202 202 682 388 609 393 171 373 409 493 349 541 787 404 120 385 428 0 373 373 749 644 523 247 855 392 508 632 378 593 312 248 438 378 457 495 370 96 385 500 533 175
813 831 255 370 52 237 484 484 1020 557 516 94 452 34 63 775 631 879 1125 686 459 113 709 373 0 34 1054 551 805 336 1193 52 414 922 78 874 218 529 720 660 739 832 652 378 112 406 814 457
813 831 255 370 52 237 484 484 1020 557 516 94 452 34 63 775 631 879 1125 686 459 113 709 373 34 0 1054 551 805 336 1193 52 414 922 78 874 218 529 720 660 739 832 652 378 112 406 814 457
594 715 887 1025 1072 910 882 882 400 1068 1114 1074 664 1054 1089 417 632 570 184 755 663 1066 779 749 1054 1054 0 1324 614 814 252 1072 1188 266 1058 217 930 545 470 1059 623 523 422 776 1065 1004 361 855
1084 1102 526 356 569 508 568 568 1287 364 472 571 723 551 586 1046 902 1146 1392 957 730 563 980 644 551 551 1324 0 1076 607 1460 569 162 1193 555 1145 489 800 991 549 1010 1100 923 649 562 392 1085 674
145 292 750 895 823 763 633 633 889 819 1041 825 555 805 840 588 287 867 761 187 609 817 210 523 805 805 614 1076 0 678 829 823 939 629 809 435 743 465 655 727 201 821 435 527 817 932 282 607
686 704 102 396 355 125 357 357 747 543 484 356 326 336 372 648 504 606 852 559 332 348 583 247 336 336 814 607 678 0 920 355 471 697 341 748 145 403 541 533 612 560 525 251 348 375 688 330
809 931 992 1131 1211 1016 1023 1022 505 1208 1219 1213 770 1193 1228 522 848 675 109 971 769 1205 994 855 1193 1193 252 1460 829 920 0 1211 1324 371 1197 432 1035 761 576 1199 839 629 638 916 1205 1110 577 996
831 849 274 388 71 256 502 502 1038 575 534 112 471 52 82 793 649 897 1143 704 477 131 728 392 52 52 1072 569 823 355 1211 0 432 941 96 893 236 548 738 678 757 851 670 396 131 425 833 475
947 965 390 220 432 372 431 431 1151 228 365 434 587 414 449 909 765 1010 1255 820 594 426 844 508 414 414 1188 162 939 471 1324 432 0 1057 418 1009 352 664 855 412 874 963 787 512 426 256 949 537
609 730 769 908 941 793 751 751 283 937 996 942 535 922 958 174 648 452 303 739 546 934 762 632 922 922 266 1193 629 697 371 941 1057 0 927 437 813 429 228 927 639 406 306 645 934 887 377 724
817 835 260 374 96 242 488 488 1024 561 520 48 457 78 113 779 635 883 1129 690 463 117 714 378 78 78 1058 555 809 341 1197 96 418 927 0 879 222 533 724 664 743 837 656 382 117 411 819 461
415 536 820 965 893 832 703 703 579 889 1110 894 624 874 910 395 453 749 364 576 678 886 600 593 874 874 217 1145 435 748 432 893 1009 437 879 0 813 366 577 879 444 703 243 597 886 1001 182 676
751 769 64 293 236 46 422 422 863 495 381 238 390 218 253 713 569 721 967 624 397 230 648 312 218 218 930 489 743 145 1035 236 352 813 222 813 0 467 656 598 677 675 590 316 230 272 752 395
472 491 475 620 547 487 358 358 689 544 765 549 279 529 565 388 291 592 693 346 333 541 369 248 529 529 545 800 465 403 761 548 664 429 533 366 467 0 380 534 399 545 144 252 541 656 306 331
663 681 613 752 738 637 549 549 487 734 840 740 333 720 755 315 482 396 508 537 389 732 560 438 720 720 470 991 655 541 576 738 855 228 724 577 656 380 0 725 590 349 447 442 732 731 517 522
698 836 606 547 678 618 229 229 1026 219 679 680 457 660 695 780 636 885 1131 691 464 672 714 378 660 660 1059 549 718 533 1199 678 412 927 664 879 598 534 725 0 744 839 657 321 672 583 811 335
209 125 685 830 757 697 568 568 898 754 975 759 489 739 774 597 153 802 771 199 543 751 222 457 739 739 623 1010 201 612 839 757 874 639 743 444 677 399 590 744 0 755 445 462 751 866 291 541
829 847 632 771 851 656 662 662 327 848 859 852 409 833 868 533 647 73 561 702 408 844 726 495 832 832 523 1100 821 560 629 851 963 406 837 703 675 545 349 839 755 0 668 556 844 750 760 636
416 537 598 743 670 610 481 481 566 666 888 672 402 652 687 265 414 715 570 469 456 664 492 370 652 652 422 923 435 525 638 670 787 306 656 243 590 144 447 657 445 668 0 375 664 779 183 454
535 553 323 468 396 335 145 145 744 331 614 398 175 378 413 497 353 602 848 408 182 390 432 96 378 378 776 649 527 251 916 396 512 645 382 597 316 252 442 321 462 556 375 0 390 504 537 118
825 843 267 382 131 249 496 496 1032 569 527 132 464 113 148 786 643 891 1136 698 471 79 721 385 112 112 1065 562 817 348 1205 131 426 934 117 886 230 541 732 672 751 844 664 390 0 418 826 469
939 958 294 63 425 276 602 602 937 399 146 426 579 406 442 901 758 796 1042 813 586 418 836 500 406 406 1004 392 932 375 1110 425 256 887 411 1001 272 656 731 583 866 750 779 504 418 0 941 584
262 383 760 905 833 772 643 643 636 829 1050 834 564 814 850 335 300 806 509 423 618 826 447 533 814 814 361 1085 282 688 577 833 949 377 819 182 752 306 517 819 291 760 183 537 826 941 0 616
615 633 403 548 475 415 159 158 823 344 693 477 254 457 492 576 433 682 928 488 261 469 511 175 457 457 855 674 607 330 996 475 537 724 461 676 395 331 522 335 541 636 454 118 469 584 616 0
EOF