NAME : tsp_problem
TYPE : TSP
DIMENSION : 62
EDGE_WEIGHT_TYPE : EXPLICIT
EDGE_WEIGHT_FORMAT : FULL_MATRIX
EDGE_WEIGHT_SECTION
0 383 542 255 715 415 301 396 668 349 612 330 207 389 628 465 404 749 336 318 241 253 424 593 630 228 335 338 224 426 513 120 240 102 689 537 489 431 660 509 697 330 353 461 492 253 102 408 722 530 540 443 322 500 291 430 627 233 217 516 165 256
383 0 858 571 1031 731 617 55 984 665 516 646 566 48 846 248 720 1065 583 564 557 569 739 540 946 588 651 584 540 742 829 479 487 417 1005 841 272 747 546 825 1013 576 707 777 808 569 417 370 1038 835 856 631 638 816 607 746 943 202 464 299 481 572
542 858 0 475 468 676 265 871 460 346 1015 591 553 865 529 984 273 391 855 836 462 353 265 996 556 531 596 856 342 141 392 638 759 464 495 613 1008 357 1136 64 431 848 507 722 197 514 464 868 377 684 154 744 244 716 403 259 162 708 736 1034 506 322
255 571 475 0 741 389 275 584 478 323 843 304 438 577 460 696 377 735 567 549 51 394 326 825 656 459 309 569 197 399 323 351 471 176 714 510 720 456 848 482 507 561 578 435 303 226 176 640 532 756 350 674 295 474 101 320 506 421 448 747 353 230
715 1031 468 741 0 901 490 1044 608 684 1093 816 631 1038 866 1152 610 116 1026 1008 727 489 603 1074 133 609 821 1028 567 525 729 717 868 689 82 950 1176 336 1309 503 579 1020 586 947 535 739 689 947 525 763 492 822 470 986 741 597 332 881 908 1202 584 547
415 731 676 389 901 0 435 744 687 483 1004 283 598 738 331 857 538 935 728 709 375 555 558 985 816 620 288 729 358 560 533 512 632 337 875 236 881 617 1009 643 716 721 739 69 627 205 337 800 742 916 674 834 456 277 425 564 813 581 609 907 513 390
301 617 265 275 490 435 0 630 677 234 863 350 401 624 648 743 166 524 614 595 261 201 308 844 405 379 355 615 101 149 531 398 518 223 463 557 767 206 895 232 648 607 356 481 351 273 223 686 594 533 308 592 57 520 311 315 401 467 495 793 354 81
396 55 871 584 1044 744 630 0 997 678 530 659 579 32 859 261 733 1078 596 578 570 582 753 553 959 601 664 598 553 755 842 493 500 431 1018 854 285 760 559 838 1026 590 720 790 821 582 431 383 1051 848 869 644 651 829 620 759 956 215 477 312 494 585
668 984 460 478 608 687 677 997 0 478 1257 535 819 991 400 1110 560 531 981 962 465 677 397 1238 720 797 540 982 608 579 190 765 885 590 635 484 1134 498 1230 494 50 974 773 733 374 623 590 1053 109 950 421 1010 657 587 406 391 324 834 862 1160 766 640
349 665 346 323 684 483 234 678 478 0 938 399 532 672 460 791 336 606 662 643 309 412 101 919 615 554 404 663 156 359 323 446 566 271 673 544 815 416 943 380 507 655 566 529 173 321 271 734 532 743 221 768 254 568 335 108 377 515 543 841 447 189
612 516 1015 843 1093 1004 863 530 1257 938 0 919 545 523 1089 297 992 1127 592 574 830 842 1012 64 1008 523 924 594 812 898 1102 606 456 690 1067 1084 301 809 487 982 1251 586 631 1050 1081 841 690 231 1197 639 1128 434 843 1089 879 1019 1005 669 473 250 754 845
330 646 591 304 816 283 350 659 535 399 919 0 514 653 329 772 453 850 643 625 290 470 473 900 731 535 36 644 273 475 380 427 547 252 790 307 796 532 924 558 563 636 654 328 491 120 252 715 589 831 538 750 371 201 340 480 694 497 524 822 429 305
207 566 553 438 631 598 401 579 819 532 545 514 0 572 811 548 543 665 419 400 424 400 607 526 546 61 519 420 407 437 696 109 260 285 605 720 572 347 844 520 789 412 170 644 676 436 285 398 735 347 685 274 381 683 474 614 543 416 300 598 305 439
389 48 865 577 1038 738 624 32 991 672 523 653 572 0 852 255 726 1072 589 571 564 576 746 547 953 594 658 591 546 748 836 486 493 424 1011 847 279 753 553 831 1019 583 713 784 815 575 424 377 1045 841 862 637 644 823 613 753 949 208 470 305 487 579
628 854 529 460 866 331 648 867 400 460 1085 329 811 861 0 1015 542 788 940 922 447 767 379 1109 978 832 334 942 570 647 245 724 844 549 893 117 1019 755 863 563 429 934 951 377 356 417 549 1012 454 1128 403 1047 668 377 388 373 560 788 821 969 726 602
465 248 984 696 1152 857 743 261 1110 791 297 772 548 255 1019 0 845 1186 445 427 683 695 865 320 1067 569 777 447 665 867 955 461 349 543 1126 979 53 868 417 951 1138 439 690 903 934 694 543 233 1164 698 981 493 763 942 732 872 1063 400 326 79 607 698
404 720 273 377 610 538 166 733 560 336 992 453 543 726 542 845 0 532 716 698 364 344 278 974 547 522 458 718 204 291 405 500 620 326 606 626 869 348 997 307 573 710 498 584 210 375 326 789 519 675 168 734 187 623 413 272 304 570 597 896 496 184
749 1065 391 735 116 935 524 1078 531 606 1127 850 665 1072 788 1186 532 0 1060 1042 721 523 525 1108 228 643 855 1062 601 509 651 751 902 723 143 873 1210 344 1343 425 501 1054 620 981 457 773 723 981 447 797 414 856 504 976 663 519 254 915 942 1236 618 581
336 583 855 567 1026 728 614 596 981 662 592 643 419 589 940 445 716 1060 0 52 554 566 736 574 941 440 648 112 536 738 826 332 220 414 1000 849 469 742 833 821 1009 131 565 773 805 565 414 389 1035 627 852 423 634 813 603 743 938 545 147 496 477 568
318 564 836 549 1008 709 595 578 962 643 574 625 400 571 922 427 698 1042 52 0 535 547 718 555 923 422 630 94 518 720 807 314 202 396 982 831 451 724 815 803 991 112 547 755 787 547 396 370 1016 609 834 405 616 794 585 724 920 527 129 477 459 550
241 557 462 51 727 375 261 570 465 309 830 290 424 564 447 683 364 721 554 535 0 381 312 811 642 446 295 555 184 386 310 338 458 163 701 497 707 443 835 469 494 547 565 421 289 213 163 626 519 742 336 660 282 460 87 306 493 407 435 733 339 216
253 569 353 394 489 555 201 582 677 412 842 470 400 576 767 695 344 523 566 547 381 0 486 823 404 378 475 567 279 237 653 350 470 241 463 676 719 205 847 320 647 559 355 600 527 392 241 638 593 532 485 591 181 640 430 493 400 419 447 745 351 259
424 739 265 326 603 558 308 753 397 101 1012 473 607 746 379 865 278 525 736 718 312 486 0 993 689 628 478 738 231 384 242 520 640 345 629 463 889 490 1017 299 426 730 640 603 92 395 345 808 451 817 140 843 329 566 254 44 296 590 617 915 522 263
593 540 996 825 1074 985 844 553 1238 919 64 900 526 547 1113 320 974 1108 574 555 811 823 993 0 989 504 905 575 794 880 1083 588 438 671 1048 1107 325 790 511 963 1233 567 613 1031 1062 823 671 212 1179 620 1110 416 824 1070 861 1000 986 692 455 274 735 826
630 946 556 656 133 816 405 959 720 615 1008 731 546 953 978 1067 547 228 941 923 642 404 689 989 0 524 736 943 482 440 841 632 783 604 107 938 1091 251 1224 523 691 935 501 862 646 654 604 862 637 678 604 737 385 901 692 696 444 796 823 1117 499 462
228 588 531 459 609 620 379 601 797 554 523 535 61 594 832 569 522 643 440 422 446 378 628 504 524 0 540 442 429 415 718 131 282 306 583 742 593 325 865 498 767 434 148 666 697 457 306 376 714 325 663 252 359 705 495 635 521 438 321 620 283 437
335 651 596 309 821 288 355 664 540 404 924 36 519 658 334 777 458 855 648 630 295 475 478 905 736 540 0 649 278 480 385 432 552 257 795 312 801 537 929 563 568 641 659 333 496 125 257 720 594 836 543 755 376 206 345 485 699 502 529 827 434 310
338 584 856 569 1028 729 615 598 982 663 594 644 420 591 942 447 718 1062 112 94 555 567 738 575 943 442 649 0 538 740 827 334 222 416 1002 851 471 744 835 823 1011 132 566 775 807 567 416 390 1036 629 854 425 636 814 605 744 940 547 149 497 479 570
224 540 342 197 567 358 101 553 608 156 812 273 407 546 570 665 204 601 536 518 184 279 231 794 482 429 278 538 0 226 453 320 440 146 541 480 689 283 817 309 637 530 433 404 303 195 146 609 662 610 346 643 122 443 233 238 479 390 417 716 322 56
426 742 141 399 525 560 149 755 579 359 898 475 437 748 647 867 291 509 738 720 386 237 384 880 440 415 480 740 226 0 510 522 642 348 499 682 891 241 1019 108 549 732 391 606 316 397 348 752 495 568 273 627 128 645 435 378 281 592 619 918 389 206
513 829 392 323 729 533 531 842 190 323 1102 380 696 836 245 955 405 651 826 807 310 653 242 1083 841 718 385 827 453 510 0 610 730 435 756 329 979 619 1075 426 219 819 837 578 219 468 435 898 244 1014 266 932 551 432 251 236 423 679 707 1005 611 485
120 479 638 351 717 512 398 493 765 446 606 427 109 486 724 461 500 751 332 314 338 350 520 588 632 131 432 334 320 522 610 0 226 198 690 634 485 433 757 605 794 326 255 558 589 349 198 405 819 432 636 359 418 597 387 527 628 330 213 512 262 353
240 487 759 471 868 632 518 500 885 566 456 547 260 493 844 349 620 902 220 202 458 470 640 438 783 282 552 222 440 642 730 226 0 318 842 754 373 584 738 726 913 214 406 678 709 469 318 293 939 434 756 230 538 717 507 647 779 449 101 400 381 473
102 417 464 176 689 337 223 431 590 271 690 252 285 424 549 543 326 723 414 396 163 241 345 671 604 306 257 416 146 348 435 198 318 0 663 459 567 405 695 431 619 408 425 383 414 175 89 486 644 602 461 521 244 422 213 352 601 268 295 594 200 178
689 1005 495 714 82 875 463 1018 635 673 1067 790 605 1011 893 1126 606 143 1000 982 701 463 629 1048 107 583 795 1002 541 499 756 690 842 663 0 977 1150 309 1282 530 606 994 559 921 561 712 663 920 552 736 519 796 443 960 750 624 359 855 881 1176 558 521
537 849 613 510 950 236 557 862 484 544 1080 307 720 856 117 979 626 873 849 831 497 676 463 1104 938 742 312 851 480 682 329 634 754 459 977 0 1003 739 858 647 513 843 861 282 440 327 459 922 538 1038 488 956 578 282 473 458 644 703 731 964 635 512
489 272 1008 720 1176 881 767 285 1134 815 301 796 572 279 1023 53 869 1210 469 451 707 719 889 325 1091 593 801 471 689 891 979 485 373 567 1150 1003 0 892 421 975 1163 463 714 927 958 718 567 257 1188 722 1005 517 787 966 756 896 1087 425 350 83 631 722
431 747 357 456 336 617 206 760 498 416 809 532 347 753 755 868 348 344 742 724 443 205 490 790 251 325 537 744 283 241 619 433 584 405 309 739 892 0 1025 324 468 736 302 663 424 455 405 662 414 479 381 538 185 702 493 486 222 597 623 918 300 263
435 321 910 623 1084 784 670 334 1014 718 570 699 618 328 647 500 772 1118 748 729 610 622 792 593 999 640 704 749 592 794 859 532 652 470 1057 642 504 799 0 877 1043 741 759 829 861 621 470 642 1068 936 908 854 690 869 659 799 995 254 629 453 533 624
509 825 64 482 503 643 232 838 494 380 982 558 520 831 563 951 307 425 821 803 469 320 299 963 523 498 563 823 309 108 426 605 726 431 530 647 975 324 1103 0 465 815 474 689 231 481 431 835 411 651 189 711 211 728 438 294 196 675 703 1001 472 289
697 1013 431 507 579 716 648 1026 50 507 1251 563 789 1019 429 1138 573 501 1009 991 494 647 426 1233 691 767 568 1011 637 549 219 794 913 619 606 513 1163 468 1259 465 0 1003 744 762 403 652 619 1082 79 921 450 980 628 616 435 420 295 863 890 1189 742 669
330 576 848 561 1020 721 607 590 974 655 586 636 412 583 934 439 710 1054 131 112 547 559 730 567 935 434 641 132 530 732 819 326 214 408 994 843 463 736 827 815 1003 0 558 767 799 559 408 382 1028 621 846 417 628 806 597 736 932 539 141 489 471 562
353 707 507 578 586 739 356 720 773 566 631 654 170 713 951 690 498 620 565 547 565 355 640 613 501 148 659 566 433 391 837 255 406 425 559 861 714 302 984 474 744 558 0 785 682 577 425 485 690 210 639 360 335 824 615 647 497 557 446 741 259 413
461 777 722 435 947 69 481 790 733 529 1050 328 644 784 377 903 584 981 773 755 421 600 603 1031 862 666 333 775 404 606 578 558 678 383 921 282 927 663 1055 689 762 767 785 0 672 251 383 846 788 962 720 880 502 323 471 610 859 627 655 953 559 436
492 808 197 303 535 627 351 821 374 173 1081 491 676 815 356 934 210 457 805 787 289 527 92 1062 646 697 496 807 303 316 219 589 709 414 561 440 958 424 1086 231 403 799 682 672 0 464 414 877 428 859 92 912 371 543 231 87 228 659 686 984 591 336
253 569 514 226 739 205 273 582 623 321 841 120 436 575 417 694 375 773 565 547 213 392 395 823 654 457 125 567 195 397 468 349 469 175 712 327 718 455 846 481 652 559 577 251 464 0 174 638 677 754 511 672 293 290 262 402 650 419 446 745 351 228
102 417 464 176 689 337 223 431 590 271 690 252 285 424 549 543 326 723 414 396 163 241 345 671 604 306 257 416 146 348 435 198 318 89 663 459 567 405 695 431 619 408 425 383 414 174 0 486 644 602 461 521 244 422 213 352 600 268 295 593 200 178
408 370 868 640 947 800 686 383 1053 734 231 715 398 377 1012 233 789 981 389 370 626 638 808 212 862 376 720 390 609 752 898 405 293 486 920 922 257 662 621 835 1082 382 485 846 877 638 486 0 1051 492 925 288 696 885 676 815 858 523 270 283 550 641
722 1038 377 532 525 742 594 1051 109 532 1197 589 735 1045 454 1164 519 447 1035 1016 519 593 451 1179 637 714 594 1036 662 495 244 819 939 644 552 538 1188 414 1284 411 79 1028 690 788 428 677 644 1051 0 867 400 926 574 642 461 445 241 888 916 1214 688 651
530 835 684 756 763 916 533 848 950 743 639 831 347 841 1128 698 675 797 627 609 742 532 817 620 678 325 836 629 610 568 1014 432 434 602 736 1038 722 479 1085 651 921 621 210 962 859 754 602 492 867 0 816 223 512 1001 792 824 674 734 508 748 437 590
540 856 154 350 492 674 308 869 421 221 1128 538 685 862 403 981 168 414 852 834 336 485 140 1110 604 663 543 854 346 273 266 636 756 461 519 488 1005 381 1133 189 450 846 639 720 92 511 461 925 400 816 0 876 329 591 278 134 186 706 733 1032 637 326
443 631 744 674 822 834 592 644 1010 768 434 750 274 637 1047 493 734 856 423 405 660 591 843 416 737 252 755 425 643 627 932 359 230 521 796 956 517 538 881 711 980 417 360 880 912 672 521 288 926 223 876 0 572 920 710 850 734 652 304 544 496 650
322 638 244 295 470 456 57 651 657 254 843 371 381 644 668 763 187 504 634 616 282 181 329 824 385 359 376 636 122 128 551 418 538 244 443 578 787 185 915 211 628 628 335 502 371 293 244 696 574 512 329 572 0 541 331 336 381 488 515 814 334 102
500 816 716 474 986 277 520 829 587 568 1089 201 683 823 377 942 623 976 813 794 460 640 566 1070 901 705 206 814 443 645 432 597 717 422 960 282 966 702 1094 728 616 806 824 323 543 290 422 885 642 1001 591 920 541 0 510 561 747 666 694 992 598 475
291 607 403 101 741 425 311 620 406 335 879 340 474 613 388 732 413 663 603 585 87 430 254 861 692 495 345 605 233 435 251 387 507 213 750 473 756 493 884 438 435 597 615 471 231 262 213 676 461 792 278 710 331 510 0 248 434 457 484 783 389 266
430 746 259 320 597 564 315 759 391 108 1019 480 614 753 373 872 272 519 743 724 306 493 44 1000 696 635 485 744 238 378 236 527 647 352 624 458 896 486 1024 294 420 736 647 610 87 402 352 815 445 824 134 850 336 561 248 0 290 596 624 922 528 270
627 943 162 506 332 813 401 956 324 377 1005 694 543 949 560 1063 304 254 938 920 493 400 296 986 444 521 699 940 479 281 423 628 779 601 359 644 1087 222 1220 196 295 932 497 859 228 650 600 858 241 674 186 734 381 747 434 290 0 793 819 1114 495 459
233 202 708 421 881 581 467 215 834 515 669 497 416 208 779 400 570 915 545 527 407 419 590 692 796 438 502 547 390 592 679 330 449 268 855 703 425 597 480 675 863 539 557 627 659 419 268 523 888 734 706 652 488 666 457 596 793 0 427 451 331 422
217 464 736 448 908 609 495 477 862 543 473 524 300 470 821 326 597 942 147 129 435 447 617 455 823 321 529 149 417 619 707 213 101 295 881 731 350 623 715 703 890 141 446 655 686 446 295 270 916 508 733 304 515 694 484 624 819 427 0 377 359 450
516 299 1034 747 1202 907 793 312 1160 841 250 822 598 305 973 79 896 1236 496 477 733 745 915 274 1117 620 827 497 716 918 1005 512 400 594 1176 968 83 918 370 1001 1189 489 741 953 984 745 593 283 1214 748 1032 544 814 992 783 922 1114 451 377 0 657 748
165 481 506 353 584 513 354 494 766 447 754 429 305 487 726 607 496 618 477 459 339 351 522 735 499 283 434 479 322 389 611 262 381 200 558 635 631 300 758 472 742 471 259 559 591 351 200 550 688 437 637 496 334 598 389 528 495 331 359 657 0 354
256 572 322 230 547 390 81 585 640 189 845 305 439 579 602 698 184 581 568 550 216 259 263 826 462 437 310 570 56 206 485 353 473 178 521 512 722 263 850 289 669 562 413 436 336 228 178 641 651 590 326 650 102 475 266 270 459 422 450 748 354 0
EOF