NAME : tsp_problem
TYPE : TSP
DIMENSION : 60
EDGE_WEIGHT_TYPE : EXPLICIT
EDGE_WEIGHT_FORMAT : FULL_MATRIX
EDGE_WEIGHT_SECTION
0 402 544 388 368 456 663 335 538 531 643 556 653 580 420 464 381 168 164 581 535 557 905 540 717 558 902 671 336 700 570 302 525 662 531 505 531 525 561 212 592 486 675 724 522 381 545 307 331 527 584 421 204 512 672 483 549 548 556 550
402 0 194 758 499 615 983 549 579 901 801 926 712 950 741 487 702 538 534 739 665 687 1064 563 876 582 1061 694 467 858 728 181 655 820 901 875 901 566 584 582 750 527 996 882 680 702 569 124 462 686 625 551 525 671 993 853 707 919 686 708
544 194 0 900 641 738 1125 691 417 1043 847 1069 550 1092 883 326 844 680 676 617 556 533 932 402 773 420 929 532 609 958 632 286 563 829 1043 1017 1043 404 422 724 602 365 1138 946 694 844 407 292 491 828 463 534 667 813 1135 995 649 1061 536 851
388 758 900 0 724 754 730 633 894 503 940 529 950 552 718 820 678 329 382 878 891 913 1203 896 1015 914 1200 1027 692 997 867 658 881 959 503 422 503 881 917 290 889 842 668 1022 819 678 901 663 687 825 940 777 560 810 665 400 846 521 912 848
368 499 641 724 0 154 575 200 362 493 341 519 350 542 332 447 293 456 397 278 234 255 603 493 415 511 600 660 56 398 267 398 223 360 493 575 493 372 514 500 289 411 587 422 219 293 498 404 281 225 334 242 277 210 584 598 246 511 254 248
456 615 738 754 154 0 584 210 350 503 350 529 218 552 342 436 302 465 407 145 331 308 578 481 419 500 575 527 172 407 135 514 338 369 503 585 503 360 502 509 157 399 597 431 86 303 487 520 397 235 304 358 286 219 594 607 113 521 311 257
663 983 1125 730 575 584 0 463 899 538 771 564 781 587 282 984 334 672 613 708 770 792 793 1030 845 1048 771 1090 592 828 698 883 760 790 538 335 538 909 1050 632 720 948 96 852 649 334 1035 888 818 655 867 779 493 640 93 358 676 556 791 678
335 549 691 633 200 210 463 0 525 382 396 407 406 431 221 587 181 344 286 334 396 418 659 633 471 651 656 715 218 453 323 448 386 415 382 464 382 535 653 388 345 574 476 477 275 181 638 454 421 281 493 404 165 266 473 486 302 400 417 303
538 579 417 894 362 350 899 525 0 818 459 844 162 867 657 115 617 674 670 230 168 145 544 161 385 179 541 460 331 570 244 433 175 441 818 900 818 42 181 717 214 81 912 558 306 618 166 491 228 550 75 146 601 534 909 922 262 836 148 555
531 901 1043 503 493 503 538 382 818 0 690 56 700 122 467 903 428 445 388 627 689 711 952 949 764 967 949 1009 511 747 616 800 679 709 33 334 33 828 969 405 639 867 476 771 568 428 954 806 737 574 786 697 411 559 473 357 595 91 710 597
643 801 847 940 341 350 771 396 459 690 0 715 327 739 529 545 489 652 593 373 441 418 368 591 95 609 365 505 358 197 388 701 447 91 690 772 690 469 611 696 358 508 784 221 416 489 596 706 584 240 414 545 473 224 781 794 405 707 420 116
556 926 1069 529 519 529 564 407 844 56 715 0 725 148 493 928 453 470 414 653 715 737 978 974 790 992 975 1034 537 772 642 826 705 734 56 360 56 853 995 431 664 893 501 796 594 453 979 832 762 600 812 723 437 584 498 382 621 117 736 622
653 712 550 950 350 218 781 406 162 700 327 725 0 748 539 248 499 662 603 97 144 121 412 294 252 312 408 360 344 438 112 566 150 309 699 781 700 172 314 706 82 211 794 425 174 499 299 624 361 431 116 276 483 416 790 804 129 717 123 422
580 950 1092 552 542 552 587 431 867 122 739 148 748 0 516 952 476 494 437 676 738 760 1001 998 813 1016 998 1058 560 795 665 849 728 757 122 383 122 877 1018 454 687 916 525 820 617 476 1003 855 786 623 835 746 460 608 521 406 644 113 759 646
420 741 883 718 332 342 282 221 657 467 529 493 539 516 0 742 92 429 371 466 528 550 715 788 603 806 693 848 350 586 455 641 518 548 467 534 467 667 808 473 478 706 295 610 407 92 793 646 576 413 625 536 250 398 291 556 434 485 549 436
464 487 326 820 447 436 984 587 115 903 545 928 248 952 742 0 702 600 596 315 254 231 630 100 470 118 626 368 416 656 330 341 261 527 903 937 903 102 120 644 300 63 997 643 392 702 105 400 188 635 161 232 587 619 994 915 347 921 233 640
381 702 844 678 293 302 334 181 617 428 489 453 499 476 92 702 0 390 331 427 489 510 752 748 564 766 745 808 311 546 416 601 478 508 427 509 428 627 769 434 438 666 347 570 368 59 753 607 536 374 586 497 211 358 344 532 395 445 509 396
168 538 680 329 456 465 672 344 674 445 652 470 662 494 429 600 390 0 80 590 652 673 914 676 727 694 911 807 472 709 579 437 641 671 445 364 445 660 697 71 601 622 609 733 531 390 681 443 467 537 720 557 340 521 606 342 558 463 672 559
164 534 676 382 397 407 613 286 670 388 593 414 603 437 371 596 331 80 0 531 593 615 856 672 668 690 853 803 415 650 520 434 583 612 388 417 388 657 693 124 542 618 611 675 472 331 677 439 463 478 690 553 315 463 608 395 499 406 614 501
581 739 617 878 278 145 708 334 230 627 373 653 97 676 466 315 427 590 531 0 211 188 457 361 298 379 454 406 296 484 136 633 218 355 627 709 627 239 381 634 128 279 721 471 101 427 366 644 429 359 184 344 411 344 718 731 115 645 190 382
535 665 556 891 234 331 770 396 168 689 441 715 144 738 528 254 489 652 593 211 0 44 525 300 366 318 522 474 222 552 226 565 39 423 689 771 689 178 320 695 196 217 783 539 287 489 305 570 368 421 123 282 473 406 780 793 243 707 43 444
557 687 533 913 255 308 792 418 145 711 418 737 121 760 550 231 510 673 615 188 44 0 502 277 343 295 499 451 244 529 203 549 50 400 711 793 711 155 297 717 173 194 805 516 264 511 282 592 345 443 100 259 494 427 802 815 220 729 43 465
905 1064 932 1203 603 578 802 659 544 952 368 978 412 1001 723 630 752 914 856 457 525 502 0 675 293 694 65 589 621 228 472 947 532 350 952 1034 952 554 696 958 442 593 815 216 534 752 680 969 743 410 498 658 735 426 812 1056 489 970 504 446
540 563 402 896 493 481 1030 633 161 949 591 974 294 998 788 100 748 676 672 361 300 277 675 0 516 83 672 444 461 702 376 417 307 573 949 1013 949 148 85 720 346 109 1043 689 437 748 70 476 234 680 207 278 663 665 1040 991 393 966 279 686
717 876 773 1015 415 419 845 471 385 764 95 790 252 813 603 470 564 727 668 298 366 343 293 516 0 534 290 430 433 272 313 775 373 77 764 846 764 395 537 770 283 434 858 296 375 564 521 781 584 314 339 499 548 299 855 868 330 782 345 190
558 582 420 914 511 500 1048 651 179 967 609 992 312 1016 806 118 766 694 690 379 318 295 694 83 534 0 690 462 480 720 394 436 325 591 967 1031 967 166 68 738 364 127 1061 707 456 766 71 494 252 699 225 296 681 683 1058 1009 411 985 297 704
902 1061 929 1200 600 575 780 656 541 949 365 975 408 998 701 626 748 911 853 454 522 499 65 672 290 690 0 586 618 225 469 944 529 346 949 1031 949 551 693 955 439 590 793 213 531 749 677 966 740 407 495 655 732 423 790 1053 486 967 501 443
671 694 532 1027 660 527 1090 715 460 1009 505 1034 360 1058 848 368 808 807 803 406 474 451 589 444 430 462 586 0 675 615 421 548 481 486 1009 1091 1009 446 465 851 391 408 1103 603 483 808 449 606 533 724 447 576 792 709 1100 1113 438 1026 453 600
336 467 609 692 56 172 592 218 331 511 358 537 344 560 350 416 311 472 415 296 222 244 621 461 433 480 618 675 0 415 285 366 212 377 511 593 511 341 482 516 307 380 605 440 237 311 466 372 249 243 323 210 295 228 602 615 264 529 243 266
700 858 958 997 398 407 828 453 570 747 197 772 438 795 586 656 546 709 650 484 552 529 228 702 272 720 225 615 415 0 499 758 558 216 747 829 747 580 722 753 469 619 841 124 473 546 707 763 641 204 525 602 530 220 838 851 499 764 531 241
570 728 632 867 267 135 698 323 244 616 388 642 112 665 455 330 416 579 520 136 226 203 472 376 313 394 469 421 285 499 0 628 232 370 616 698 616 254 396 623 143 293 710 486 90 416 381 633 444 348 199 358 400 333 707 721 104 634 205 371
302 181 286 658 398 514 883 448 433 800 701 826 566 849 641 341 601 437 434 633 565 549 947 417 775 436 944 548 366 758 628 0 555 720 800 775 800 420 438 481 618 381 896 782 579 601 422 86 361 585 479 451 424 570 893 752 606 818 551 608
525 655 563 881 223 338 760 386 175 679 447 705 150 728 518 261 478 641 583 218 39 50 532 307 373 325 529 481 212 558 232 555 0 429 679 761 679 185 327 685 202 224 773 546 294 479 312 560 374 411 129 289 462 395 770 783 250 697 49 433
662 820 829 959 360 369 790 415 441 709 91 734 309 757 548 527 508 671 612 355 423 400 350 573 77 591 346 486 377 216 370 720 429 0 709 791 709 451 593 715 340 490 803 240 431 508 578 725 603 259 396 555 492 243 800 813 387 726 402 135
531 901 1043 503 493 503 538 382 818 33 690 56 699 122 467 903 427 445 388 627 689 711 952 949 764 967 949 1009 511 747 616 800 679 709 0 334 33 828 969 405 639 867 476 771 568 428 954 806 737 574 786 697 411 559 473 357 595 91 710 597
505 875 1017 422 575 585 335 464 900 334 772 360 781 383 534 937 509 364 417 709 771 793 1034 1013 846 1031 1023 1091 593 829 698 775 761 791 334 0 334 910 1034 324 721 949 273 853 650 510 1018 780 804 656 868 779 493 641 270 50 677 352 792 679
531 901 1043 503 493 503 538 382 818 33 690 56 700 122 467 903 428 445 388 627 689 711 952 949 764 967 949 1009 511 747 616 800 679 709 33 334 0 828 969 405 639 867 476 771 568 428 954 806 737 574 786 697 411 559 473 357 595 91 710 597
525 566 404 881 372 360 909 535 42 828 469 853 172 877 667 102 627 660 657 239 178 155 554 148 395 166 551 446 341 580 254 420 185 451 828 910 828 0 168 704 224 90 922 568 316 627 153 478 215 560 85 156 611 544 919 932 271 846 158 565
561 584 422 917 514 502 1050 653 181 969 611 995 314 1018 808 120 769 697 693 381 320 297 696 85 537 68 693 465 482 722 396 438 327 593 969 1034 969 168 0 740 366 129 1063 710 458 769 80 496 255 701 227 298 683 686 1060 1011 413 987 300 707
212 582 724 290 500 509 632 388 717 405 696 431 706 454 473 644 434 71 124 634 695 717 958 720 770 738 955 851 516 753 623 481 685 715 405 324 405 704 740 0 645 665 570 777 575 434 725 487 511 580 764 601 384 565 567 302 602 423 716 603
592 750 602 889 289 157 720 345 214 639 358 664 82 687 478 300 438 601 542 128 196 173 442 346 283 364 439 391 307 469 143 618 202 340 639 721 639 224 366 645 0 263 733 456 113 438 351 655 413 370 169 328 422 355 729 743 126 656 175 393
486 527 365 842 411 399 948 574 81 867 508 893 211 916 706 63 666 622 618 279 217 194 593 109 434 127 590 408 380 619 293 381 224 490 867 949 867 90 129 665 263 0 961 607 355 666 114 439 176 599 124 195 608 583 958 936 310 885 197 604
675 996 1138 668 587 597 96 476 912 476 784 501 794 525 295 997 347 609 611 721 783 805 806 1043 858 1061 784 1103 605 841 710 896 773 803 476 273 476 922 1063 570 733 961 0 865 662 347 1048 901 831 668 880 791 505 653 30 295 689 493 804 691
724 882 946 1022 422 431 852 477 558 771 221 796 425 820 610 643 570 733 675 471 539 516 216 689 296 707 213 603 440 124 486 782 546 240 771 853 771 568 710 777 456 607 865 0 497 570 694 787 665 229 512 626 554 244 862 875 503 788 518 265
522 680 694 819 219 86 649 275 306 568 416 594 174 617 407 392 368 531 472 101 287 264 534 437 375 456 531 483 237 473 90 579 294 431 568 650 568 316 458 575 113 355 662 497 0 368 442 585 463 300 260 420 352 285 659 673 69 586 266 323
381 702 844 678 293 303 334 181 618 428 489 453 499 476 92 702 59 390 331 427 489 511 752 748 564 766 745 808 311 546 416 601 479 508 428 510 428 627 769 434 438 666 347 570 368 0 753 607 536 374 586 497 211 358 344 532 395 445 509 396
545 569 407 901 498 487 1035 638 166 954 596 979 299 1003 793 105 753 681 677 366 305 282 680 70 521 71 677 449 466 707 381 422 312 578 954 1018 954 153 80 725 351 114 1048 694 442 753 0 481 239 686 212 283 668 670 1045 996 398 971 284 691
307 124 292 663 404 520 888 454 491 806 706 832 624 855 646 400 607 443 439 644 570 592 969 476 781 494 966 606 372 763 633 86 560 725 806 780 806 478 496 487 655 439 901 787 585 607 481 0 367 591 537 456 430 576 898 758 612 824 591 613
331 462 491 687 281 397 818 421 228 737 584 762 361 786 576 188 536 467 463 429 368 345 743 234 584 252 740 533 249 641 444 361 374 603 737 804 737 215 255 511 413 176 831 665 463 536 239 367 0 469 275 334 454 453 828 782 461 754 347 491
527 686 828 825 225 235 655 281 550 574 240 600 431 623 413 635 374 537 478 359 421 443 410 680 314 699 407 724 243 204 348 585 411 259 574 656 574 560 701 580 370 599 668 229 300 374 686 591 469 0 518 429 358 74 665 678 327 592 442 147
584 625 463 940 334 304 867 493 75 786 414 812 116 835 625 161 586 720 690 184 123 100 498 207 339 225 495 447 323 525 199 479 129 396 786 868 786 85 227 764 169 124 880 512 260 586 212 537 275 518 0 189 570 503 877 891 216 804 102 509
421 551 534 777 242 358 779 404 146 697 545 723 276 746 536 232 497 557 553 344 282 259 658 278 499 296 655 576 210 602 358 451 289 555 697 779 697 156 298 601 328 195 791 626 420 497 283 456 334 429 189 0 481 414 788 802 376 715 262 452
204 525 667 560 277 286 493 165 601 411 473 437 483 460 250 587 211 340 315 411 473 494 735 663 548 681 732 792 295 530 400 424 462 492 411 493 411 611 683 384 422 608 505 554 352 211 668 430 454 358 570 481 0 342 502 516 379 429 493 380
512 671 813 810 210 219 640 266 534 559 224 584 416 608 398 619 358 521 463 344 406 427 426 665 299 683 423 709 228 220 333 570 395 243 559 641 559 544 686 565 355 583 653 244 285 358 670 576 453 74 503 414 342 0 650 663 312 577 426 131
672 993 1135 665 584 594 93 473 909 473 781 498 790 521 291 994 344 606 608 718 780 802 803 1040 855 1058 781 1100 602 838 707 893 770 800 473 270 473 919 1060 567 729 958 30 862 659 344 1045 898 828 665 877 788 502 650 0 292 686 490 801 688
483 853 995 400 598 607 358 486 922 357 794 382 804 406 556 915 532 342 395 731 793 815 1056 991 868 1009 1046 1113 615 851 721 752 783 813 357 50 357 932 1011 302 743 936 295 875 673 532 996 758 782 678 891 802 516 663 292 0 700 374 814 701
549 707 649 846 246 113 676 302 262 595 405 621 129 644 434 347 395 558 499 115 243 220 489 393 330 411 486 438 264 499 104 606 250 387 595 677 595 271 413 602 126 310 689 503 69 395 398 612 461 327 216 376 379 312 686 700 0 613 222 350
548 919 1061 521 511 521 556 400 836 91 707 117 717 113 485 921 445 463 406 645 707 729 970 966 782 985 967 1026 529 764 634 818 697 726 91 352 91 846 987 423 656 885 493 788 586 445 971 824 754 592 804 715 429 577 490 374 613 0 728 614
556 686 536 912 254 311 791 417 148 710 420 736 123 759 549 233 509 672 614 190 43 43 504 279 345 297 501 453 243 531 205 551 49 402 710 792 710 158 300 716 175 197 804 518 266 509 284 591 347 442 102 262 493 426 801 814 222 728 0 464
550 708 851 848 248 257 678 303 555 597 116 622 422 646 436 640 396 559 501 382 444 465 446 686 190 704 443 600 266 241 371 608 433 135 597 679 597 565 707 603 393 604 691 265 323 396 691 613 491 147 509 452 380 131 688 701 350 614 464 0
EOF