NAME : tsp_problem
TYPE : TSP
DIMENSION : 52
EDGE_WEIGHT_TYPE : EXPLICIT
EDGE_WEIGHT_FORMAT : FULL_MATRIX
EDGE_WEIGHT_SECTION
0 258 477 653 837 521 531 418 570 318 884 348 754 664 815 517 508 613 634 772 473 203 802 241 977 658 621 374 91 672 405 636 91 295 605 654 713 679 303 640 728 715 379 561 792 599 91 830 324 610 551 493
258 0 447 623 807 491 501 305 422 288 854 200 724 634 785 487 478 583 486 742 443 173 772 44 947 628 591 227 240 631 375 606 240 265 575 624 683 638 273 609 698 685 349 413 762 569 240 800 294 580 521 345
477 447 0 288 395 334 344 537 496 275 564 537 567 477 373 330 321 426 809 330 229 391 615 430 536 265 434 563 459 485 292 417 459 468 418 467 526 493 455 301 287 528 192 487 605 295 459 632 439 285 364 553
653 623 288 0 262 296 520 593 672 434 301 691 529 439 240 292 168 388 866 196 286 568 577 606 402 73 396 664 635 662 348 153 635 525 245 293 353 669 512 37 153 355 321 663 567 351 635 368 495 94 326 729
837 807 395 262 0 533 706 701 857 541 218 799 650 448 55 529 405 499 973 108 393 694 769 790 172 238 634 771 819 847 456 391 819 633 482 463 399 854 619 275 135 394 489 848 804 459 819 286 603 259 563 914
521 491 334 296 533 0 388 651 540 319 398 581 397 165 511 160 151 113 867 468 474 436 445 474 655 328 264 607 503 530 406 279 503 528 248 297 325 537 536 282 424 320 189 531 435 595 503 331 557 365 194 597
531 501 344 520 706 388 0 601 204 330 751 496 622 532 684 385 376 481 629 641 484 446 670 485 846 525 489 522 513 193 416 504 513 539 473 522 581 200 547 507 597 583 247 195 660 605 513 698 568 478 419 260
418 305 537 593 701 651 601 0 450 389 870 133 884 794 679 647 639 743 308 636 336 241 933 305 841 570 752 106 400 659 328 722 400 159 735 784 844 666 145 606 592 846 509 441 922 463 400 937 133 591 681 373
570 422 496 672 857 540 204 450 0 481 903 345 773 683 835 536 528 632 478 792 636 485 822 422 998 677 641 372 553 262 568 655 553 573 624 673 733 269 560 659 749 735 398 38 811 757 553 850 548 629 570 110
318 288 275 434 541 319 330 389 481 0 682 378 552 462 519 315 307 411 662 476 177 228 601 272 682 411 420 405 300 471 109 434 300 267 403 452 512 478 275 438 433 514 177 472 590 303 300 629 296 408 349 523
884 854 564 301 218 398 751 870 903 682 0 944 460 258 242 523 399 309 1142 295 562 799 580 837 286 333 596 940 866 893 625 269 866 802 314 274 210 900 788 297 322 205 552 894 643 628 866 96 772 370 557 960
348 200 537 691 799 581 496 133 345 378 944 0 814 724 777 577 568 673 314 733 434 263 862 200 939 668 681 55 330 554 426 696 330 256 665 714 773 561 243 700 690 775 439 336 852 561 330 890 231 670 611 268
754 724 567 529 650 397 622 884 773 552 460 814 0 307 674 276 384 358 1100 701 707 669 282 707 717 561 155 840 736 763 639 512 736 761 481 451 388 770 769 516 657 382 422 764 203 828 736 393 790 599 245 830
664 634 477 439 448 165 532 794 683 462 258 724 307 0 472 304 295 134 1010 525 617 579 427 618 515 471 408 751 646 673 549 400 646 672 290 249 186 680 680 426 551 180 332 674 490 738 646 191 701 509 337 740
815 785 373 240 55 511 684 679 835 519 242 777 674 472 0 507 383 523 951 86 371 672 793 768 196 216 611 749 797 825 434 368 797 610 460 487 423 832 597 253 113 418 467 826 782 436 797 310 581 237 541 892
517 487 330 292 529 160 385 647 536 315 523 577 276 304 507 0 148 252 863 464 470 432 325 471 670 324 143 604 499 526 402 275 499 525 245 293 353 533 532 279 421 355 185 527 314 591 499 470 553 362 73 593
508 478 321 168 405 151 376 639 528 307 399 568 384 295 383 148 0 244 854 340 430 423 433 462 546 200 252 595 491 517 393 151 491 516 120 169 229 524 524 155 297 231 177 519 422 495 491 349 545 238 182 584
613 583 426 388 499 113 481 743 632 411 309 673 358 134 523 252 244 0 959 560 566 528 478 566 566 420 356 699 595 622 498 371 595 620 340 300 237 629 628 375 516 231 281 623 527 687 595 242 649 458 286 689
634 486 809 866 973 867 629 308 478 662 1142 314 1100 1010 951 863 854 959 0 908 609 514 1078 486 1114 843 967 287 616 504 600 982 616 431 951 1000 1059 514 418 879 865 1061 725 469 1138 735 616 1176 406 863 897 401
772 742 330 196 108 468 641 636 792 476 295 733 701 525 86 464 340 560 908 0 328 629 749 725 249 173 568 706 754 782 391 325 754 567 417 466 476 789 554 210 95 471 424 783 739 393 754 363 537 194 498 849
473 443 229 286 393 474 484 336 636 177 562 434 707 617 371 470 430 566 609 328 0 330 755 426 534 262 574 407 455 625 91 415 455 268 506 555 614 632 255 299 284 616 332 626 745 155 455 630 238 283 504 674
203 173 391 568 694 436 446 241 485 228 799 263 669 579 672 432 423 528 514 629 330 0 717 156 835 564 536 289 185 587 262 551 185 119 520 569 628 594 127 554 586 630 294 476 707 456 185 745 147 525 466 408
802 772 615 577 769 445 670 933 822 601 580 862 282 427 793 325 433 478 1073 749 755 717 0 756 837 610 272 889 785 662 687 561 785 810 530 571 507 672 818 564 706 502 471 813 243 876 785 513 839 647 294 878
241 44 430 606 790 474 485 305 422 272 837 200 707 618 768 471 462 566 486 725 426 156 756 0 931 611 575 227 224 626 358 590 224 249 559 607 667 633 257 593 682 669 332 413 745 552 224 784 278 563 504 345
977 947 536 402 172 655 846 841 998 682 286 939 717 515 196 670 546 566 1114 249 534 835 837 931 0 379 774 912 960 988 596 526 960 773 571 531 467 995 759 415 275 461 629 989 900 599 960 353 743 399 704 1055
658 628 265 73 238 328 525 570 677 411 333 668 561 471 216 324 200 420 843 173 262 564 610 611 379 0 429 640 640 667 325 186 640 502 277 326 385 674 488 70 130 387 301 668 599 328 640 400 472 71 358 734
621 591 434 396 634 264 489 752 641 420 596 681 155 408 611 143 252 356 967 568 574 536 272 575 774 429 0 708 604 630 506 380 604 629 349 397 457 637 637 383 525 459 290 631 193 695 604 529 658 466 113 697
374 227 563 664 771 607 522 106 372 405 940 55 840 751 749 604 595 699 287 706 407 289 889 227 912 640 708 0 357 580 398 723 357 229 692 740 800 587 215 677 662 802 465 363 878 533 357 917 203 661 638 295
91 240 459 635 819 503 513 400 553 300 866 330 736 646 797 499 491 595 616 754 455 185 785 224 960 640 604 357 0 655 387 618 33 278 587 636 696 662 286 622 710 698 361 543 774 581 32 813 307 592 533 475
672 631 485 662 847 530 193 659 262 471 893 554 763 673 825 526 517 622 508 782 625 587 653 626 988 667 630 580 655 0 557 645 655 680 614 663 722 76 688 648 738 724 388 253 801 746 655 839 709 619 560 318
405 375 292 348 456 406 416 328 568 109 625 426 639 549 434 402 393 498 600 391 91 262 687 358 596 325 506 398 387 557 0 477 387 260 490 539 598 564 246 362 347 600 264 559 677 218 387 692 230 346 436 610
636 606 417 153 391 279 504 722 655 434 269 696 512 400 368 275 151 371 982 325 415 551 561 590 526 186 380 723 618 645 477 0 618 643 228 277 336 652 641 140 282 338 304 646 550 480 618 238 624 223 309 712
91 240 459 635 819 503 513 400 553 300 866 330 736 646 797 499 491 595 616 754 455 185 785 224 960 640 604 357 33 655 387 618 0 278 587 636 696 662 286 622 710 698 361 543 774 581 32 813 307 592 533 475
295 265 468 525 633 528 539 159 573 267 802 256 761 672 610 525 516 620 431 567 268 119 810 249 773 502 629 229 278 680 260 643 278 0 613 661 721 687 53 538 524 723 386 564 799 394 278 838 65 522 558 496
605 575 418 245 482 248 473 735 624 403 314 665 481 290 460 245 120 340 951 417 506 520 530 559 571 277 349 692 587 614 490 228 587 613 0 67 126 621 620 231 373 128 273 615 519 572 587 247 641 314 278 681
654 624 467 293 463 297 522 784 673 452 274 714 451 249 487 293 169 300 1000 466 555 569 571 607 531 326 397 740 636 663 539 277 636 661 67 0 86 670 669 280 422 88 322 664 568 620 636 207 690 363 327 730
713 683 526 353 399 325 581 844 733 512 210 773 388 186 423 353 229 237 1059 476 614 628 507 667 467 385 457 800 696 722 598 336 696 721 126 86 0 729 729 340 481 24 382 723 571 680 696 143 750 423 387 789
679 638 493 669 854 537 200 666 269 478 900 561 770 680 832 533 524 629 519 789 632 594 664 633 995 674 637 587 662 76 564 652 662 687 621 670 729 0 695 655 745 731 395 260 808 753 662 846 716 626 567 325
303 273 455 512 619 536 547 145 560 275 788 243 769 680 597 532 524 628 418 554 255 127 818 257 759 488 637 215 286 688 246 641 286 53 620 669 729 695 0 525 510 731 394 551 807 381 286 846 51 509 566 483
640 609 301 37 275 282 507 606 659 438 297 700 516 426 253 279 155 375 879 210 299 554 564 593 415 70 383 677 622 648 362 140 622 538 231 280 340 655 525 0 166 342 308 650 554 364 622 356 508 107 313 715
728 698 287 153 135 424 597 592 749 433 322 690 657 551 113 421 297 516 865 95 284 586 706 682 275 130 525 662 710 738 347 282 710 524 373 422 481 745 510 166 0 483 380 740 695 350 710 389 494 150 455 805
715 685 528 355 394 320 583 846 735 514 205 775 382 180 418 355 231 231 1061 471 616 630 502 669 461 387 459 802 698 724 600 338 698 723 128 88 24 731 731 342 483 0 384 726 565 682 698 138 752 425 389 791
379 349 192 321 489 189 247 509 398 177 552 439 422 332 467 185 177 281 725 424 332 294 471 332 629 301 290 465 361 388 264 304 361 386 273 322 382 395 394 308 380 384 0 389 460 453 361 499 415 253 219 455
561 413 487 663 848 531 195 441 38 472 894 336 764 674 826 527 519 623 469 783 626 476 813 413 989 668 631 363 543 253 559 646 543 564 615 664 723 260 551 650 740 726 389 0 802 748 543 841 539 620 561 101
792 762 605 567 804 435 660 922 811 590 643 852 203 490 782 314 422 527 1138 739 745 707 243 745 900 599 193 878 774 801 677 550 774 799 519 568 571 808 807 554 695 565 460 802 0 866 774 576 828 637 283 868
599 569 295 351 459 595 605 463 757 303 628 561 828 738 436 591 495 687 735 393 155 456 876 552 599 328 695 533 581 746 218 480 581 394 572 620 680 753 381 364 350 682 453 748 866 0 581 695 365 349 625 800
91 240 459 635 819 503 513 400 553 300 866 330 736 646 797 499 491 595 616 754 455 185 785 224 960 640 604 357 32 655 387 618 32 278 587 636 696 662 286 622 710 698 361 543 774 581 0 813 307 592 533 475
830 800 632 368 286 331 698 937 850 629 96 890 393 191 310 470 349 242 1176 363 630 745 513 784 353 400 529 917 813 839 692 238 813 838 247 207 143 846 846 356 389 138 499 841 576 695 813 0 839 438 504 906
324 294 439 495 603 557 568 133 548 296 772 231 790 701 581 553 545 649 406 537 238 147 839 278 743 472 658 203 307 709 230 624 307 65 641 690 750 716 51 508 494 752 415 539 828 365 307 839 0 493 587 471
610 580 285 94 259 365 478 591 629 408 370 670 599 509 237 362 238 458 863 194 283 525 647 563 399 71 466 661 592 619 346 223 592 522 314 363 423 626 509 107 150 425 253 620 637 349 592 438 493 0 396 686
551 521 364 326 563 194 419 681 570 349 557 611 245 337 541 73 182 286 897 498 504 466 294 504 704 358 113 638 533 560 436 309 533 558 278 327 387 567 566 313 455 389 219 561 283 625 533 504 587 396 0 627
493 345 553 729 914 597 260 373 110 523 960 268 830 740 892 593 584 689 401 849 674 408 878 345 1055 734 697 295 475 318 610 712 475 496 681 730 789 325 483 715 805 791 455 101 868 800 475 906 471 686 627 0
EOF