NAME : tsp_problem
TYPE : TSP
DIMENSION : 42
EDGE_WEIGHT_TYPE : EXPLICIT
EDGE_WEIGHT_FORMAT : FULL_MATRIX
EDGE_WEIGHT_SECTION
0 281 482 320 294 559 521 489 423 214 533 243 500 535 617 286 399 515 767 687 637 707 351 312 679 488 535 489 62 306 418 408 687 770 428 707 601 767 561 485 691 418
281 0 582 420 394 471 621 434 458 85 568 71 445 447 529 321 311 428 679 599 549 619 386 346 640 401 448 402 239 406 363 443 599 682 349 619 513 680 506 397 603 331
482 582 0 340 213 852 88 660 201 560 602 588 670 880 909 439 647 808 1060 979 930 1000 303 416 749 782 642 687 517 347 588 478 979 1063 556 999 893 1060 517 560 983 711
320 420 340 0 153 851 379 497 291 483 692 457 508 762 909 277 691 807 1059 979 929 999 411 254 839 780 732 778 355 185 426 568 979 1062 591 999 893 1059 523 651 983 710
294 394 213 153 0 815 252 472 164 458 565 432 483 737 872 251 610 771 1023 942 893 963 284 228 712 745 605 650 330 160 400 441 942 1026 519 962 856 1023 396 523 946 674
559 471 852 851 815 0 891 688 684 405 603 433 739 589 457 599 239 96 260 527 130 200 612 624 568 202 375 330 517 688 679 479 527 263 324 547 441 261 822 325 531 259
521 621 88 379 252 891 0 699 240 599 641 627 709 919 948 478 686 847 1099 1018 969 1039 342 455 788 821 681 726 556 386 627 517 1018 1102 595 1038 932 1099 556 599 1022 750
489 434 660 497 472 688 699 0 611 479 891 472 74 287 746 575 528 644 896 816 766 740 730 552 856 617 664 618 525 483 180 767 816 899 566 836 730 896 323 614 820 547
423 458 201 291 164 684 240 611 0 392 434 420 621 712 741 334 479 640 892 811 762 832 153 360 581 614 473 519 382 298 539 310 811 895 387 831 725 892 468 392 815 543
214 85 560 483 458 405 599 479 392 0 501 47 509 380 463 255 245 361 613 533 483 553 319 280 573 334 381 335 173 344 426 377 533 616 283 553 447 613 569 331 537 264
533 568 602 692 565 603 641 891 434 501 0 529 943 793 523 444 398 559 798 592 681 751 362 469 362 533 255 301 491 533 883 157 592 814 497 612 507 798 869 311 596 371
243 71 588 457 432 433 627 472 420 47 529 0 483 409 491 283 273 389 641 561 511 581 347 308 601 363 409 363 201 372 400 405 561 644 311 581 475 641 543 359 565 292
500 445 670 508 483 739 709 74 621 509 943 483 0 294 797 586 579 695 947 867 755 695 741 563 908 669 715 669 535 494 190 818 867 950 617 887 781 947 333 665 871 598
535 447 880 762 737 589 919 287 712 380 793 409 294 0 647 575 429 546 797 717 667 737 639 600 758 519 566 520 493 664 444 669 717 800 467 737 632 798 587 515 721 449
617 529 909 909 872 457 948 746 741 463 523 491 797 647 0 657 297 414 318 210 515 605 668 682 250 387 290 244 575 746 738 464 210 396 382 230 124 318 881 383 214 221
286 321 439 277 251 599 478 575 334 255 444 283 586 575 657 0 439 555 807 727 677 747 262 50 590 529 483 529 245 114 503 320 727 810 340 747 641 807 622 402 731 458
399 311 647 691 610 239 686 528 479 245 398 273 579 429 297 439 0 196 447 367 317 387 407 464 408 169 216 170 357 528 520 274 367 450 164 387 282 448 663 121 371 99
515 428 808 807 771 96 847 644 640 361 559 389 695 546 414 555 196 0 304 484 174 244 568 580 524 158 332 286 473 644 636 435 484 307 281 503 398 304 779 282 488 215
767 679 1060 1059 1023 260 1099 896 892 613 798 641 947 797 318 807 447 304 0 489 230 325 820 832 471 410 569 523 725 896 887 687 489 111 532 509 403 33 1030 533 493 467
687 599 979 979 942 527 1018 816 811 533 592 561 867 717 210 727 367 484 489 0 605 675 738 752 320 457 360 314 645 816 807 533 34 567 452 94 114 489 950 453 78 290
637 549 930 929 893 130 969 766 762 483 681 511 746 667 515 677 317 174 230 605 0 117 690 702 646 280 454 408 595 766 757 557 605 233 402 625 519 230 900 403 609 337
707 619 1000 999 963 200 1039 731 832 553 751 581 687 737 605 747 387 244 325 675 117 0 760 772 716 350 524 478 665 836 827 627 675 328 472 695 589 326 971 473 679 407
351 386 303 411 284 612 342 730 153 319 362 347 741 639 668 262 407 568 820 738 690 760 0 287 508 541 401 447 309 351 659 238 738 823 315 758 652 820 588 320 742 471
312 346 416 254 228 624 455 552 360 280 469 308 563 600 682 50 464 580 832 752 702 772 287 0 615 554 508 554 270 91 480 345 752 835 365 772 666 832 599 427 756 483
679 640 749 839 712 568 788 856 581 573 362 601 908 758 250 590 408 524 471 320 646 716 508 615 0 497 269 296 637 679 848 303 320 549 493 340 234 471 991 458 324 331
488 401 782 780 745 202 821 617 614 334 533 363 669 519 387 529 169 158 410 457 280 350 541 554 497 0 305 259 447 618 609 408 457 413 254 477 371 410 752 255 461 188
535 448 642 732 605 375 681 664 473 381 255 409 715 566 290 483 216 332 569 360 454 524 401 508 269 305 0 68 493 572 656 196 360 586 301 380 274 569 799 302 364 139
489 402 687 778 650 330 726 618 519 335 301 363 669 520 244 529 170 286 523 314 408 478 447 554 296 259 68 0 448 618 610 242 314 541 255 334 228 523 753 256 318 93
62 239 517 355 330 517 556 525 382 173 491 201 535 493 575 245 357 473 725 645 595 665 309 270 637 447 493 448 0 334 453 367 645 728 387 665 559 725 596 443 649 376
306 406 347 185 160 688 386 483 298 344 533 372 494 664 746 114 528 644 896 816 766 836 351 91 679 618 572 618 334 0 412 409 816 899 429 836 730 896 530 491 820 547
418 363 588 426 400 679 627 180 539 426 883 400 190 444 738 503 520 636 887 807 757 827 659 480 848 609 656 610 453 412 0 759 807 890 557 827 722 888 178 606 811 539
408 443 478 568 441 479 517 767 310 377 157 405 818 669 464 320 274 435 687 533 557 627 238 345 303 408 196 242 367 409 759 0 534 690 373 553 448 687 745 187 538 312
687 599 979 979 942 527 1018 816 811 533 592 561 867 717 210 727 367 484 489 34 605 675 738 752 320 457 360 314 645 816 807 534 0 567 452 94 114 489 950 453 78 291
770 682 1063 1062 1026 263 1102 899 895 616 814 644 950 800 396 810 450 307 111 567 233 328 823 835 549 413 586 541 728 899 890 690 567 0 535 587 482 111 1033 536 571 470
428 349 556 591 519 324 595 566 387 283 497 311 617 467 382 340 164 281 532 452 402 472 315 365 493 254 301 255 387 429 557 373 452 535 0 472 366 533 700 250 456 184
707 619 999 999 962 547 1038 836 831 553 612 581 887 737 230 747 387 503 509 94 625 695 758 772 340 477 380 334 665 836 827 553 94 587 472 0 134 509 970 473 47 310
601 513 893 893 856 441 932 730 725 447 507 475 781 632 124 641 282 398 403 114 519 589 652 666 234 371 274 228 559 730 722 448 114 482 366 134 0 403 865 368 118 205
767 680 1060 1059 1023 261 1099 896 892 613 798 641 947 798 318 807 448 304 33 489 230 326 820 832 471 410 569 523 725 896 888 687 489 111 533 509 403 0 1031 534 493 467
561 506 517 523 396 822 556 323 468 569 869 543 333 587 881 622 663 779 1030 950 900 971 588 599 991 752 799 753 596 530 178 745 950 1033 700 970 865 1031 0 749 954 682
485 397 560 651 523 325 599 614 392 331 311 359 665 515 383 402 121 282 533 453 403 473 320 427 458 255 302 256 443 491 606 187 453 536 250 473 368 534 749 0 457 185
691 603 983 983 946 531 1022 820 815 537 596 565 871 721 214 731 371 488 493 78 609 679 742 756 324 461 364 318 649 820 811 538 78 571 456 47 118 493 954 457 0 295
418 331 711 710 674 259 750 547 543 264 371 292 598 449 221 458 99 215 467 290 337 407 471 483 331 188 139 93 376 547 539 312 291 470 184 310 205 467 682 185 295 0
EOF