NAME : tsp_problem
TYPE : TSP
DIMENSION : 32
EDGE_WEIGHT_TYPE : EXPLICIT
EDGE_WEIGHT_FORMAT : FULL_MATRIX
EDGE_WEIGHT_SECTION
0 717 580 846 796 792 700 695 570 333 983 796 898 733 623 751 709 769 333 1017 590 672 809 307 900 309 1057 603 237 1000 876 333
717 0 977 979 312 507 407 361 286 437 289 312 203 663 338 578 424 339 437 592 902 242 524 691 409 694 363 150 622 467 333 437
575 977 0 313 1056 1052 960 791 830 666 1140 1056 1158 618 883 498 969 1029 666 1277 291 886 1069 388 995 448 1244 863 460 1096 1066 666
846 979 313 0 1058 1054 962 747 832 769 1095 1058 1160 620 885 454 971 1031 769 1279 574 842 1071 568 951 629 1200 865 640 1051 1022 769
796 312 1056 1058 0 327 120 636 364 515 227 95 141 741 416 759 502 123 515 305 981 517 434 770 370 772 301 335 700 405 283 515
792 507 1052 1054 327 0 363 693 264 511 529 397 443 737 191 755 257 425 511 416 977 574 133 766 672 768 603 393 696 707 585 511
700 407 960 962 120 363 0 602 269 420 322 190 236 646 321 664 407 218 420 341 885 483 471 675 465 677 396 302 605 500 378 420
695 361 791 747 636 693 602 0 472 415 464 562 538 640 524 332 610 535 415 733 876 210 710 670 320 672 569 336 600 420 391 415
570 286 830 832 364 264 269 472 0 290 551 364 466 516 95 534 181 337 290 585 756 353 281 545 520 547 625 172 475 620 444 290
333 437 666 769 515 511 420 415 290 0 702 515 617 453 342 471 428 489 59 736 591 392 528 307 619 309 777 323 238 720 595 59
983 289 1140 1095 227 529 322 464 551 702 0 227 115 928 604 681 689 254 702 431 1168 379 636 957 167 959 128 415 887 202 131 702
796 312 1056 1058 95 397 190 562 364 515 227 0 141 741 417 759 502 49 515 375 981 443 504 770 370 772 301 262 700 405 283 515
898 203 1158 1160 141 443 236 538 466 617 115 141 0 843 519 754 604 168 617 421 1083 419 550 872 258 874 189 331 802 293 171 617
733 663 618 620 741 737 646 640 516 453 928 741 843 0 569 402 654 715 453 962 543 618 754 537 844 597 1003 549 609 944 822 453
623 338 883 885 416 191 321 524 95 342 604 417 519 569 0 586 147 390 342 581 808 406 208 597 573 599 678 224 527 673 497 342
751 578 498 454 759 755 664 332 534 471 681 759 754 402 586 0 672 732 471 950 583 427 772 577 537 637 785 553 649 637 607 471
709 424 969 971 502 257 407 610 181 428 689 502 604 654 147 672 0 475 428 647 894 491 197 683 658 685 764 310 613 758 582 428
769 339 1029 1031 123 425 218 535 337 489 254 49 168 715 390 732 475 0 489 402 954 416 532 743 397 745 328 235 674 432 310 489
333 437 666 769 515 511 420 415 290 59 702 515 617 453 342 471 428 489 0 736 591 392 528 307 619 309 777 323 238 720 595 59
1017 592 1277 1279 305 416 341 733 585 736 431 375 421 962 581 950 647 402 736 0 1202 672 523 991 436 993 535 615 921 471 538 736
590 902 291 574 981 977 885 876 756 591 1168 981 1083 543 808 583 894 954 591 1202 0 857 994 313 1080 373 1242 788 385 1180 1061 591
672 242 886 842 517 574 483 210 353 392 379 443 419 618 406 427 491 416 392 672 857 0 591 647 259 649 453 217 577 359 272 392
809 524 1069 1071 434 133 471 710 281 528 636 504 550 754 208 772 197 532 528 523 994 591 0 783 758 785 710 410 713 814 683 528
307 691 388 568 770 766 675 670 545 307 957 770 872 537 597 577 683 743 307 991 313 647 783 0 874 89 1031 577 101 974 850 307
900 409 995 951 370 672 465 320 520 619 167 370 258 844 573 537 658 397 619 436 1080 259 758 874 0 876 271 385 804 123 274 619
309 694 448 629 772 768 677 672 547 309 959 772 874 597 599 637 685 745 309 993 373 649 785 89 876 0 1033 580 103 976 852 309
1057 363 1244 1200 301 603 396 569 625 777 128 301 189 1003 678 785 764 328 777 535 1242 453 710 1031 271 1033 0 490 962 306 205 777
603 150 863 865 335 393 302 336 172 323 415 262 331 549 224 553 310 235 323 615 788 217 410 577 385 580 490 0 508 485 309 323
237 622 460 640 700 696 605 600 475 238 887 700 802 609 527 649 613 674 238 921 385 577 713 101 804 103 962 508 0 905 780 238
1000 467 1096 1051 405 707 500 420 620 720 202 405 293 944 673 637 758 432 720 471 1180 359 814 974 123 976 306 485 905 0 309 720
876 333 1066 1022 283 585 378 391 444 595 131 283 171 822 497 607 582 310 595 538 1061 272 683 850 274 852 205 309 780 309 0 595
333 437 666 769 515 511 420 415 290 59 702 515 617 453 342 471 428 489 59 736 591 392 528 307 619 309 777 323 238 720 595 0
EOF