NAME : tsp_problem
TYPE : TSP
DIMENSION : 86
EDGE_WEIGHT_TYPE : EXPLICIT
EDGE_WEIGHT_FORMAT : FULL_MATRIX
EDGE_WEIGHT_SECTION
0 1324 503 1122 503 1239 1040 503 331 398 1055 603 1016 502 502 599 1286 930 1302 1193 582 502 631 289 850 1236 1114 389 1334 546 253 615 503 354 973 401 501 361 1034 526 1060 747 1187 231 899 979 183 495 503 1155 645 408 804 363 1194 503 1166 540 369 306 1252 261 503 1391 1177 1225 1019 422 486 1273 1423 393 1305 1394 649 619 1229 346 392 1271 1161 503 1046 452 589 1115
1324 0 1163 234 1162 282 305 1163 1306 1330 303 895 335 1162 1162 1322 329 424 170 405 977 1162 980 1205 587 593 327 1242 143 800 1424 1044 1163 1271 372 1120 1433 1121 318 1104 302 717 165 1402 438 373 1314 1155 1163 279 1368 1096 606 1051 237 1163 195 956 988 1341 577 1086 1163 554 183 402 337 937 1146 167 193 1261 319 98 998 757 272 1262 964 164 185 1163 298 1048 766 240
503 1163 0 961 29 1078 879 29 349 484 894 306 855 29 29 676 1125 768 1141 1032 285 29 334 249 631 1489 953 476 1173 490 467 397 30 314 812 163 588 165 873 458 899 507 1025 446 738 818 357 57 29 994 722 710 643 665 1033 29 1005 243 794 393 1473 700 30 1327 1016 1064 858 551 63 1112 1262 480 1143 1233 352 563 1068 306 578 1109 1000 30 885 155 572 953
1122 234 961 0 961 149 130 961 1104 1128 233 693 160 961 960 1121 196 222 212 231 775 960 779 1004 385 688 152 1041 244 598 1222 842 961 1069 170 918 1232 920 248 902 127 515 97 1201 236 198 1112 954 961 296 1166 894 404 849 104 961 236 754 786 1139 672 884 961 525 225 263 267 735 944 209 334 1059 338 304 797 555 139 1060 762 206 135 961 124 846 564 66
503 1162 29 961 0 1077 878 29 349 484 894 305 855 28 28 676 1124 768 1140 1031 285 28 334 248 631 1488 953 475 1172 490 467 397 29 313 811 163 587 164 873 457 899 507 1025 445 737 817 356 57 29 994 721 710 643 665 1033 29 1004 243 793 393 1473 700 29 1326 1015 1063 858 550 63 1112 1262 480 1143 1233 352 562 1067 305 577 1109 1000 29 884 154 571 953
1239 282 1078 149 1077 0 219 1077 1221 1245 300 810 250 1077 1077 1237 161 338 259 265 891 1077 895 1120 502 606 241 1157 291 715 1338 958 1078 1185 287 1035 1348 1036 316 1019 216 631 144 1317 353 288 1228 1070 1078 363 1283 1010 521 966 77 1078 284 871 902 1256 590 1001 1078 444 272 232 334 851 1061 256 213 1175 218 310 913 672 111 1177 878 253 183 1078 213 962 681 155
1040 305 879 130 878 219 0 878 1022 1046 150 611 205 878 878 1038 266 139 282 301 692 878 696 921 303 758 222 958 314 516 1140 759 879 986 88 836 1149 837 166 820 198 432 167 1118 154 168 1029 871 879 213 1084 811 322 767 175 879 224 672 703 1057 742 802 879 596 235 333 184 652 862 279 404 976 408 375 714 473 209 978 679 276 206 879 104 763 482 136
503 1163 29 961 29 1077 878 0 349 484 894 306 855 28 28 676 1125 768 1140 1032 285 28 334 249 631 1489 953 476 1172 490 467 397 29 314 812 163 587 165 873 457 899 507 1025 445 738 818 357 57 29 994 722 710 643 665 1033 29 1005 243 793 393 1473 700 29 1326 1016 1064 858 551 63 1112 1262 480 1143 1233 352 563 1068 305 578 1109 1000 29 885 155 572 953
331 1306 349 1104 349 1221 1022 349 0 164 1037 449 998 349 349 365 1268 912 1284 1175 428 349 415 119 774 1517 1096 155 1316 633 295 381 350 60 955 248 267 207 1016 292 1042 650 1169 273 881 961 185 342 349 1137 411 689 786 644 1176 350 1148 386 649 72 1533 542 350 1470 1159 1207 1001 694 333 1255 1405 159 1287 1376 421 706 1211 68 672 1253 1143 350 1028 298 715 1097
398 1330 484 1128 484 1245 1046 484 164 0 1062 473 1022 484 484 323 1292 936 1308 1199 497 484 374 254 799 1584 1121 113 1340 658 362 339 485 195 979 383 142 342 1041 250 1066 675 1193 340 905 985 252 477 484 1162 369 756 810 711 1200 485 1172 477 716 133 1600 609 485 1494 1183 1231 1025 718 468 1280 1430 118 1311 1400 380 730 1235 203 739 1277 1167 485 1052 433 739 1121
1055 303 894 233 894 300 150 894 1037 1062 0 627 258 894 894 1054 348 192 280 424 708 894 712 937 319 838 346 974 312 531 1155 775 895 1002 141 851 1165 853 73 836 302 448 184 1134 207 221 1045 887 894 133 1100 827 338 782 256 895 143 687 719 1072 822 818 895 715 154 456 62 668 878 251 468 992 490 373 730 488 291 994 695 248 139 895 157 779 497 259
603 895 306 693 305 810 611 306 449 473 627 0 587 305 305 465 857 501 873 764 119 305 123 348 364 1221 686 385 905 222 567 186 306 413 544 263 576 264 605 247 631 240 758 545 470 550 456 298 306 727 511 442 375 397 765 306 737 99 526 484 1206 433 306 1059 748 796 590 283 289 845 995 404 876 965 141 295 800 405 310 842 732 306 617 191 304 686
1016 335 855 160 855 250 205 855 998 1022 258 587 0 854 854 1015 297 116 313 200 669 854 672 898 279 657 122 935 345 492 1116 736 855 963 139 812 1125 814 274 796 67 409 198 1094 130 61 1006 847 855 321 1060 788 298 743 205 855 331 648 680 1033 642 778 855 495 326 232 292 629 838 310 434 953 312 405 691 449 240 954 656 307 236 855 212 740 458 122
502 1162 29 961 28 1077 878 28 349 484 894 305 854 0 28 676 1124 768 1140 1031 285 28 333 248 631 1488 953 475 1172 490 467 397 29 313 811 163 587 164 873 457 898 507 1025 445 737 817 356 56 29 994 721 709 642 664 1032 29 1004 242 793 392 1473 700 29 1326 1015 1063 857 550 63 1112 1262 480 1143 1233 352 562 1067 305 577 1109 1000 29 884 154 571 953
502 1162 29 960 28 1077 878 28 349 484 894 305 854 28 0 675 1124 768 1140 1031 285 28 333 248 631 1488 953 475 1172 490 466 397 29 313 811 163 587 164 873 457 898 507 1025 445 737 817 356 56 29 994 721 709 642 664 1032 29 1004 242 793 392 1473 700 29 1326 1015 1063 857 550 63 1112 1262 480 1143 1232 351 562 1067 305 577 1109 1000 29 884 154 571 953
726 1261 615 1059 614 1176 977 614 492 451 992 404 953 614 614 0 1223 866 1239 1130 428 614 304 583 729 1587 1051 363 1271 588 691 270 615 523 910 572 554 573 971 301 997 605 1123 669 836 916 580 607 615 1092 119 808 741 763 1131 615 1103 407 892 462 1571 798 615 1425 1114 1162 956 649 598 1210 1360 381 1241 1331 311 661 1166 531 676 1207 1098 615 983 499 670 1052
1286 329 1125 196 1124 161 266 1125 1268 1292 348 857 297 1124 1124 1284 0 386 306 225 938 1124 942 1167 549 566 289 1204 337 762 1386 1005 1125 1232 334 1082 1395 1083 363 1066 264 679 191 1364 400 335 1275 1117 1125 410 1330 1058 568 1013 124 1125 331 918 950 1303 551 1048 1125 404 319 193 381 898 1108 303 174 1223 178 270 960 719 158 1224 925 300 230 1125 260 1010 728 202
930 424 768 222 768 338 139 768 912 936 192 501 116 768 768 928 386 0 401 293 582 768 586 811 193 750 214 848 433 406 1029 649 769 876 73 725 1039 727 208 710 160 322 286 1008 64 79 919 761 769 255 974 701 212 656 294 769 266 561 593 947 734 692 769 587 276 325 226 542 752 373 523 866 404 494 604 363 329 868 569 370 261 769 146 653 372 214
1302 170 1141 212 1140 259 282 1140 1284 1308 280 873 313 1140 1140 1300 306 401 0 383 954 1140 958 1183 565 615 304 1220 166 778 1401 1021 1141 1248 350 1098 1411 1099 296 1082 279 694 143 1380 416 350 1291 1133 1141 257 1346 1073 584 1028 215 1141 172 933 965 1319 600 1064 1141 576 161 415 314 914 1124 145 215 1238 341 120 976 735 249 1240 941 142 162 1141 276 1025 744 218
1193 405 1032 231 1031 265 301 1032 1175 1199 424 764 200 1031 1031 1191 225 293 383 0 845 1031 849 1074 456 484 108 1111 415 669 1293 913 1032 1139 315 989 1302 990 440 973 167 586 268 1271 307 238 1182 1024 1032 487 1237 965 475 920 275 1032 407 825 857 1210 468 955 1032 322 396 72 458 806 1015 380 267 1130 139 363 867 626 282 1131 833 377 306 1032 295 917 635 192
582 977 285 775 285 891 692 285 428 497 708 119 669 285 285 490 938 582 954 845 0 285 148 328 445 1302 767 410 986 304 546 211 285 393 625 242 601 244 687 271 713 321 839 525 552 631 436 278 285 808 535 524 457 479 847 285 818 78 607 472 1287 514 285 1140 829 877 672 365 268 926 1076 428 957 1047 166 377 881 384 392 923 814 285 699 170 386 767
502 1162 29 960 28 1077 878 28 349 484 894 305 854 28 28 675 1124 768 1140 1031 285 0 333 248 631 1488 953 475 1172 490 466 397 29 313 811 163 587 164 873 457 898 507 1025 445 737 817 356 56 29 994 721 709 642 664 1032 29 1004 242 793 392 1473 700 29 1326 1015 1063 857 550 63 1112 1262 479 1143 1232 351 562 1067 305 577 1109 1000 29 884 154 571 953
631 980 334 779 334 895 696 334 415 374 712 123 672 333 333 366 942 586 958 849 148 333 0 377 449 1306 771 286 990 308 595 87 334 442 629 291 477 293 691 148 716 325 843 573 555 635 485 326 334 812 412 527 461 483 851 334 822 127 611 384 1291 518 334 1144 833 881 675 368 317 930 1080 304 961 1051 56 380 885 433 395 927 818 334 702 219 389 771
289 1205 249 1004 248 1120 921 249 119 254 937 348 898 248 248 456 1167 811 1183 1074 328 248 377 0 674 1476 996 246 1215 533 253 440 249 84 854 147 358 107 916 382 942 550 1068 232 780 860 143 241 249 1037 502 647 686 602 1076 249 1047 286 608 163 1492 500 249 1369 1058 1106 901 593 232 1155 1305 250 1186 1276 395 605 1110 87 620 1152 1043 249 927 197 614 996
850 587 631 385 631 502 303 631 774 799 319 364 279 631 631 791 549 193 565 456 445 631 449 674 0 913 378 711 597 326 892 512 632 739 236 588 902 590 297 573 323 173 450 871 162 242 782 624 631 419 837 622 132 577 457 632 429 424 514 809 898 612 632 751 440 488 282 463 615 537 687 729 568 657 467 283 492 731 490 534 424 632 309 516 292 378
1197 593 1489 688 1488 606 758 1489 1477 1544 838 1221 657 1488 1488 1648 566 750 615 484 1302 1488 1306 1436 913 0 565 1536 588 1126 1399 1369 1489 1501 772 1446 1648 1447 853 1430 624 1043 721 1378 764 695 1330 1481 1489 727 1694 1421 932 1377 652 1489 719 1282 1314 1453 52 1342 1489 190 708 451 871 1262 1472 620 492 1540 420 521 1324 1083 623 1493 1289 623 750 1489 752 1374 1092 649
1114 327 953 152 953 241 222 953 1096 1121 346 686 122 953 953 1113 289 214 304 108 767 953 771 996 378 565 0 1033 336 590 1214 834 954 1061 237 910 1224 912 361 894 88 507 189 1193 229 159 1104 946 953 408 1158 886 396 841 197 953 329 746 778 1131 550 876 954 403 317 140 379 727 937 301 348 1051 220 397 789 547 232 1053 754 298 228 953 216 838 556 114
389 1242 476 1041 475 1157 958 476 155 113 974 385 935 475 475 236 1204 848 1220 1111 410 475 286 246 711 1568 1033 0 1252 570 353 252 476 186 891 374 217 334 953 162 979 587 1105 332 817 897 243 468 476 1074 281 747 723 702 1113 476 1084 389 708 124 1553 600 476 1406 1095 1143 938 631 459 1192 1342 109 1223 1313 292 642 1147 194 657 1189 1080 476 964 424 651 1033
1334 143 1173 244 1172 291 314 1172 1316 1340 312 905 345 1172 1172 1332 337 433 166 415 986 1172 990 1215 597 588 336 1252 0 810 1434 1053 1173 1280 382 1130 1443 1131 328 1114 311 727 175 1412 448 383 1323 1165 1173 289 1378 1105 616 1061 247 1173 204 966 997 1351 572 1096 1173 549 193 397 346 946 1156 177 188 1271 313 93 1008 767 281 1272 973 174 195 1173 308 1058 776 250
546 800 490 598 490 715 516 490 633 658 531 222 492 490 490 650 762 406 778 669 304 490 308 533 326 1126 590 570 810 0 749 371 490 598 449 447 761 449 510 431 536 299 663 728 375 455 641 483 490 631 695 318 280 273 670 490 642 283 431 668 1110 308 491 964 653 701 495 159 473 749 899 588 781 870 326 200 705 590 186 747 637 490 522 375 209 591
258 1460 504 1259 503 1375 1176 503 331 398 1192 603 1152 503 503 600 1422 1066 1438 1329 583 503 631 290 929 1445 1251 390 1470 755 0 616 504 355 1109 402 502 362 1171 526 1196 805 1323 89 1035 1115 184 496 504 1292 645 616 941 571 1331 504 1302 540 577 307 1461 469 504 1599 1313 1361 1155 630 487 1410 1560 394 1441 1531 650 828 1365 347 600 1407 1298 504 1182 452 797 1251
615 1044 397 842 397 958 759 397 381 339 775 186 736 397 397 332 1005 649 1021 913 211 397 87 440 512 1369 834 252 1053 371 579 0 397 412 692 354 443 356 754 113 780 388 906 558 619 698 469 390 397 875 377 591 524 546 914 397 885 190 674 350 1354 581 398 1207 896 944 739 432 381 993 1143 270 1024 1114 93 444 949 420 459 990 881 397 766 282 453 834
503 1163 30 961 29 1078 879 29 350 485 895 306 855 29 29 676 1125 769 1141 1032 285 29 334 249 632 1489 954 476 1173 490 467 397 0 314 812 163 588 165 873 458 899 508 1026 446 738 818 357 57 30 995 722 710 643 665 1033 30 1005 243 794 393 1474 701 30 1327 1016 1064 858 551 64 1113 1263 480 1144 1233 352 563 1068 306 578 1110 1000 30 885 155 572 954
354 1271 314 1069 313 1185 986 314 60 195 1002 413 963 313 313 396 1232 876 1248 1139 393 313 442 84 739 1541 1061 186 1280 598 319 412 314 0 919 212 298 172 981 323 1007 615 1133 297 846 925 208 306 314 1102 442 712 751 667 1141 314 1112 351 673 103 1557 566 314 1434 1123 1171 966 659 297 1220 1370 190 1251 1341 453 671 1175 32 686 1217 1108 314 993 263 680 1061
973 372 812 170 811 287 88 812 955 979 141 544 139 811 811 971 334 73 350 315 625 811 629 854 236 772 237 891 382 449 1073 692 812 919 0 769 1082 770 156 753 183 366 235 1051 87 101 962 804 812 204 1017 745 255 700 242 812 214 605 637 990 757 735 812 610 225 347 175 586 795 322 472 910 427 442 647 406 277 911 613 319 209 812 94 697 415 204
401 1120 163 918 163 1035 836 163 248 383 851 263 812 163 163 584 1082 725 1098 989 242 163 291 147 588 1446 910 374 1130 447 365 354 163 212 769 0 486 63 830 415 856 464 982 344 695 775 255 156 163 951 630 667 600 622 990 163 962 200 720 291 1430 612 164 1284 973 1021 815 508 147 1069 1219 378 1100 1190 309 520 1025 204 535 1066 957 163 842 112 529 911
501 1433 588 1232 587 1348 1149 587 267 142 1165 576 1125 587 587 427 1395 1039 1411 1302 601 587 477 358 902 1687 1224 217 1443 761 465 443 588 298 1082 486 0 446 1144 353 1170 778 1296 443 1008 1088 355 580 588 1265 472 859 914 814 1304 588 1275 580 819 236 1703 712 588 1597 1286 1334 1129 821 571 1383 1533 221 1414 1504 483 833 1338 306 843 1380 1271 588 1155 536 842 1224
361 1121 165 920 164 1036 837 165 207 342 853 264 814 164 164 544 1083 727 1099 990 244 164 293 107 590 1447 912 334 1131 449 325 356 165 172 770 63 446 0 832 416 858 466 984 304 696 776 215 157 165 953 590 669 602 624 992 165 963 202 680 251 1432 572 165 1285 974 1022 817 509 148 1071 1221 338 1102 1192 311 521 1026 164 536 1068 959 165 843 113 530 912
1034 318 873 248 873 316 166 873 1016 1041 73 605 274 873 873 1033 363 208 296 440 687 873 691 916 297 853 361 953 328 510 1134 754 873 981 156 830 1144 832 0 814 318 427 200 1113 220 237 1024 866 873 148 1078 806 316 761 271 873 159 666 698 1051 838 796 874 731 170 472 41 647 856 266 483 971 505 388 709 467 306 972 674 264 154 873 172 758 476 275
526 1104 458 902 457 1019 820 457 292 250 836 247 796 457 457 292 1066 710 1082 973 271 457 148 382 573 1430 894 162 1114 431 490 113 458 323 753 415 353 416 814 0 840 448 967 468 679 759 380 450 458 935 338 651 584 606 974 458 946 251 735 261 1414 642 458 1268 957 1005 799 492 441 1053 1203 181 1085 1174 154 504 1009 331 519 1051 941 458 826 343 513 895
1060 302 899 127 899 216 198 899 1042 1066 302 631 67 898 898 1059 264 160 279 167 713 898 716 942 323 624 88 979 311 536 1160 780 899 1007 183 856 1170 858 318 840 0 453 164 1138 174 105 1050 891 899 365 1104 832 342 787 172 899 304 692 724 1077 608 822 899 462 292 199 336 673 882 276 401 997 279 372 735 493 207 998 700 273 203 899 191 784 502 89
747 717 507 515 507 631 432 507 650 675 448 240 409 507 507 667 679 322 694 586 321 507 325 550 173 1043 507 587 727 299 768 388 508 615 366 464 778 466 427 448 453 0 579 747 292 372 658 500 507 548 713 519 262 474 587 507 559 300 602 685 1027 509 508 880 570 618 412 360 491 666 816 605 697 787 343 372 622 607 387 663 554 508 439 392 381 507
1187 165 1025 97 1025 144 167 1025 1169 1193 184 758 198 1025 1025 1185 191 286 143 268 839 1025 843 1068 450 721 189 1105 175 663 1286 906 1026 1133 235 982 1296 984 200 967 164 579 0 1265 301 235 1176 1018 1025 247 1231 958 469 913 99 1026 167 818 850 1204 706 949 1026 559 156 300 218 799 1009 140 329 1123 333 236 861 620 134 1125 826 137 66 1026 161 910 629 103
197 1399 443 1198 442 1314 1115 443 271 337 1131 542 1092 442 442 539 1361 1005 1377 1268 522 442 571 229 868 1384 1190 329 1409 694 193 555 443 294 1048 341 441 301 1110 465 1136 744 1262 0 974 1054 123 435 443 1231 585 555 880 510 1270 443 1241 480 516 246 1400 408 443 1538 1252 1300 1095 569 426 1349 1499 333 1380 1470 589 767 1304 286 539 1346 1237 443 1121 391 737 1190
899 438 738 236 737 353 154 738 881 905 207 470 130 737 737 897 400 64 416 307 552 737 555 780 162 764 229 817 448 375 999 619 738 846 87 695 1008 696 220 679 174 292 301 977 0 93 889 730 738 270 943 671 181 626 308 738 280 531 563 916 749 661 738 602 291 339 205 512 721 388 538 836 419 508 573 332 343 837 539 385 275 738 160 623 341 229
979 373 818 198 817 288 168 818 961 985 221 550 61 817 817 977 335 79 350 238 631 817 635 860 242 695 159 897 383 455 1079 698 818 925 101 775 1088 776 237 759 105 372 235 1057 93 0 968 810 818 284 1023 751 261 706 243 818 294 611 643 996 679 741 818 533 305 270 255 591 801 347 472 916 350 443 653 412 278 917 618 345 274 818 174 703 421 160
183 1314 357 1112 356 1228 1029 357 185 252 1045 456 1006 356 356 453 1275 919 1291 1182 436 356 485 143 782 1369 1104 243 1323 641 147 469 357 208 962 255 355 215 1024 380 1050 658 1176 126 889 968 0 349 357 1145 499 541 794 496 1184 357 1155 394 502 160 1385 394 357 1477 1166 1214 1009 555 340 1263 1413 247 1294 1384 503 714 1218 200 525 1260 1151 357 1036 306 722 1104
495 1155 57 954 57 1070 871 57 342 477 887 298 847 56 56 669 1117 761 1133 1024 278 56 326 241 624 1481 946 468 1165 483 460 390 57 306 804 156 580 157 866 450 891 500 1018 438 730 810 349 0 57 987 714 702 636 658 1026 57 997 235 786 386 1466 693 57 1319 1008 1056 850 543 56 1105 1255 473 1136 1226 345 555 1060 298 570 1102 993 57 877 147 564 946
503 1163 29 961 29 1078 879 29 349 484 894 306 855 29 29 676 1125 769 1141 1032 285 29 334 249 631 1489 953 476 1173 490 467 397 30 314 812 163 588 165 873 458 899 507 1025 446 738 818 357 57 0 994 722 710 643 665 1033 30 1005 243 794 393 1473 700 30 1327 1016 1064 858 551 64 1112 1262 480 1144 1233 352 563 1068 306 578 1110 1000 30 885 155 572 954
1155 279 994 296 994 363 213 994 1137 1162 133 727 321 994 994 1154 410 255 257 487 808 994 812 1037 419 727 408 1074 289 631 1255 875 995 1102 204 951 1265 953 148 935 365 548 247 1234 270 284 1145 987 994 0 1200 927 438 882 319 994 103 787 819 1172 711 917 995 740 114 519 167 768 978 195 444 1092 552 349 830 588 353 1094 795 198 202 995 219 879 597 322
624 1158 512 957 512 1073 874 512 390 348 890 301 850 511 511 340 1120 764 1136 1027 326 511 202 481 627 1484 949 261 1168 486 588 167 512 421 807 469 451 471 869 199 894 503 1021 566 733 813 478 504 512 990 0 705 638 660 1028 512 1000 305 789 359 1469 696 512 1322 1011 1059 853 546 495 1108 1258 279 1139 1228 208 558 1063 429 573 1105 996 512 880 397 567 949
408 1096 710 894 710 1010 811 710 689 756 827 442 788 709 709 869 1058 701 1073 965 524 709 527 647 622 1421 886 747 1105 318 611 591 710 712 745 667 859 669 806 651 832 519 958 589 671 751 541 702 710 927 915 0 576 83 966 710 938 503 474 664 1406 170 710 1259 948 997 791 194 693 1045 1195 751 1076 1166 546 496 1001 704 163 1042 933 710 818 595 505 886
804 606 643 404 643 521 322 643 786 810 338 375 298 642 642 803 568 212 584 475 457 642 461 686 132 932 396 723 616 280 904 524 643 751 255 600 914 602 316 584 342 262 469 882 181 261 794 636 643 438 848 576 0 531 476 643 448 436 468 821 916 566 643 770 459 507 301 417 626 556 705 741 587 676 479 237 511 742 444 553 443 643 328 528 246 397
363 1051 665 849 665 966 767 665 644 711 782 397 743 664 664 825 1013 656 1028 920 479 664 483 602 577 1377 841 702 1061 273 566 546 665 667 700 622 814 624 761 606 787 474 913 544 626 706 496 658 665 882 870 83 531 0 921 665 893 458 429 619 1361 125 665 1214 904 952 746 149 648 1000 1150 706 1031 1121 501 451 956 659 118 997 888 665 773 550 460 841
1194 237 1033 104 1033 77 175 1033 1176 1200 256 765 205 1032 1032 1193 124 294 215 275 847 1032 851 1076 457 652 197 1113 247 670 1294 914 1033 1141 242 990 1304 992 271 974 172 587 99 1272 308 243 1184 1026 1033 319 1238 966 476 921 0 1033 239 826 858 1211 636 956 1033 489 228 278 290 807 1016 212 259 1131 263 307 869 627 67 1132 834 209 138 1033 169 918 636 111
503 1163 29 961 29 1078 879 29 350 485 895 306 855 29 29 676 1125 769 1141 1032 285 29 334 249 632 1489 953 476 1173 490 467 397 30 314 812 163 588 165 873 458 899 507 1026 446 738 818 357 57 30 994 722 710 643 665 1033 0 1005 243 794 393 1473 701 30 1327 1016 1064 858 551 64 1112 1262 480 1144 1233 352 563 1068 306 578 1110 1000 30 885 155 572 954
1166 195 1005 236 1004 284 224 1005 1148 1172 143 737 331 1004 1004 1164 331 266 172 407 818 1004 822 1047 429 719 329 1084 204 642 1266 885 1005 1112 214 962 1275 963 159 946 304 559 167 1244 280 294 1155 997 1005 103 1210 938 448 893 239 1005 0 798 830 1183 704 928 1005 698 124 439 177 778 988 126 360 1103 473 265 840 599 274 1104 805 123 187 1005 230 890 608 242
540 956 243 754 243 871 672 243 386 477 687 99 648 242 242 469 918 561 933 825 78 242 127 286 424 1282 746 389 966 283 504 190 243 351 605 200 580 202 666 251 692 300 818 482 531 611 394 235 243 787 515 503 436 458 826 243 798 0 586 430 1266 493 243 1119 809 857 651 344 226 905 1055 407 936 1026 145 356 861 342 371 902 793 243 678 128 365 746
369 988 794 786 793 902 703 793 649 716 719 526 680 793 793 918 950 593 965 857 607 793 611 608 514 1314 778 708 997 431 571 674 794 673 637 720 819 680 698 735 724 602 850 550 563 643 502 786 794 819 963 474 468 429 858 794 830 586 0 625 1298 327 794 1151 841 889 683 488 777 937 1087 712 968 1058 629 276 893 665 458 934 825 794 710 678 246 778
306 1341 393 1139 393 1256 1057 393 72 133 1072 484 1033 392 392 334 1303 947 1319 1210 472 392 384 163 809 1493 1131 124 1351 668 270 350 393 103 990 291 236 251 1051 261 1077 685 1204 249 916 996 160 386 393 1172 380 664 821 619 1211 393 1183 430 625 0 1509 517 393 1505 1194 1242 1036 678 376 1290 1440 129 1322 1411 391 741 1246 111 648 1288 1178 393 1063 342 750 1132
1213 577 1473 672 1473 590 742 1473 1493 1560 822 1206 642 1473 1473 1633 551 734 600 468 1287 1473 1291 1452 898 52 550 1552 572 1110 1415 1354 1474 1517 757 1430 1664 1432 838 1414 608 1027 706 1394 749 679 1346 1466 1473 711 1678 1406 916 1361 636 1473 704 1266 1298 1469 0 1358 1474 174 692 436 856 1247 1457 605 477 1556 404 506 1309 1067 607 1509 1274 608 735 1473 736 1358 1076 634
261 1086 700 884 700 1001 802 700 542 609 818 433 778 700 700 810 1048 692 1064 955 514 700 518 500 612 1382 876 600 1096 308 464 581 701 566 735 612 712 572 796 642 822 509 949 442 661 741 394 693 700 917 856 170 566 125 956 701 928 493 327 517 1396 0 701 1250 939 987 781 184 684 1036 1185 605 1067 1156 536 486 991 557 154 1033 923 701 808 585 495 877
503 1163 30 961 29 1078 879 29 350 485 895 306 855 29 29 676 1125 769 1141 1032 285 29 334 249 632 1489 954 476 1173 491 467 398 30 314 812 164 588 165 874 458 899 508 1026 446 738 818 357 57 30 995 722 710 643 665 1033 30 1005 243 794 393 1474 701 0 1327 1016 1064 858 551 64 1113 1263 480 1144 1233 352 563 1068 306 578 1110 1000 30 885 155 572 954
1351 554 1327 525 1326 444 596 1326 1470 1494 715 1059 495 1326 1326 1486 404 587 576 322 1140 1326 1144 1369 751 190 403 1406 549 964 1554 1207 1327 1434 610 1284 1597 1285 731 1268 462 880 559 1532 602 533 1477 1319 1327 740 1532 1259 770 1214 489 1327 698 1119 1151 1505 174 1250 1327 0 687 289 749 1100 1310 633 386 1424 258 482 1162 921 460 1426 1127 636 598 1327 590 1211 930 487
1177 183 1016 225 1015 272 235 1016 1159 1183 154 748 326 1015 1015 1175 319 276 161 396 829 1015 833 1058 440 708 317 1095 193 653 1277 896 1016 1123 225 973 1286 974 170 957 292 570 156 1255 291 305 1166 1008 1016 114 1221 948 459 904 228 1016 124 809 841 1194 692 939 1016 687 0 428 188 789 999 115 349 1114 461 254 851 610 262 1115 816 112 175 1016 241 901 619 231
1225 402 1064 263 1063 232 333 1064 1207 1231 456 796 232 1063 1063 1223 193 325 415 72 877 1063 881 1106 488 451 140 1143 397 701 1325 944 1064 1171 347 1021 1334 1022 472 1005 199 618 300 1303 339 270 1214 1056 1064 519 1269 997 507 952 278 1064 439 857 889 1242 436 987 1064 289 428 0 490 837 1047 412 234 1162 106 331 899 658 249 1163 864 409 338 1064 327 949 667 224
1019 337 858 267 858 334 184 858 1001 1025 62 590 292 857 857 1018 381 226 314 458 672 857 675 901 282 871 379 938 346 495 1119 739 858 966 175 815 1129 817 41 799 336 412 218 1097 205 255 1009 850 858 167 1063 791 301 746 290 858 177 651 683 1036 856 781 858 749 188 490 0 632 841 285 502 956 523 407 694 452 324 957 659 282 173 858 190 743 461 293
422 937 551 735 550 851 652 551 694 718 668 283 629 550 550 710 898 542 914 806 365 550 368 593 463 1262 727 631 946 159 625 432 551 659 586 508 821 509 647 492 673 360 799 603 512 591 555 543 551 768 756 194 417 149 807 551 778 344 488 678 1247 184 551 1100 789 837 632 0 534 886 1036 649 917 1007 386 337 842 650 74 883 774 551 659 436 346 727
486 1146 63 944 63 1061 862 63 333 468 878 289 838 63 63 659 1108 752 1124 1015 268 63 317 232 615 1472 937 459 1156 473 450 381 64 297 795 147 571 148 856 441 882 491 1009 429 721 801 340 56 64 978 705 693 626 648 1016 64 988 226 777 376 1457 684 64 1310 999 1047 841 534 0 1096 1246 463 1127 1216 335 546 1051 289 561 1093 983 64 868 138 555 937
1273 167 1112 209 1112 256 279 1112 1255 1280 251 845 310 1112 1112 1272 303 373 145 380 926 1112 930 1155 537 620 301 1192 177 749 1373 993 1113 1220 322 1069 1383 1071 266 1053 276 666 140 1352 388 347 1263 1105 1112 195 1318 1045 556 1000 212 1112 126 905 937 1290 605 1036 1113 633 115 412 285 886 1096 0 333 1210 445 237 948 706 246 1212 913 79 159 1113 273 997 715 215
1423 193 1262 334 1262 213 404 1262 1405 1430 468 995 434 1262 1262 1422 174 523 215 267 1076 1262 1080 1305 687 492 348 1342 188 899 1523 1143 1263 1370 472 1219 1533 1221 483 1203 401 816 329 1502 538 472 1413 1255 1262 444 1467 1195 705 1150 259 1262 360 1055 1087 1440 477 1185 1263 386 349 234 502 1036 1246 333 0 1360 150 121 1098 856 230 1362 1063 330 350 1263 398 1147 865 340
393 1261 480 1059 480 1175 976 480 159 118 992 404 953 480 480 254 1223 866 1238 1130 428 479 304 250 729 1580 1051 109 1271 588 358 270 480 190 910 378 221 338 971 181 997 605 1123 336 836 916 247 473 480 1092 300 751 741 706 1131 480 1103 407 712 129 1571 605 480 1424 1114 1162 956 649 463 1210 1360 0 1241 1331 310 661 1166 198 676 1207 1098 480 983 429 670 1051
1305 319 1143 338 1143 218 408 1143 1287 1311 490 876 312 1143 1143 1303 178 404 341 139 957 1143 961 1186 568 420 220 1223 313 781 1404 1024 1144 1251 427 1100 1414 1102 505 1085 279 697 333 1383 419 350 1294 1136 1144 552 1349 1076 587 1031 263 1144 473 936 968 1322 404 1067 1144 258 461 106 523 917 1127 445 150 1241 0 247 979 738 235 1243 944 442 372 1144 402 1028 747 304
1394 98 1233 304 1233 310 375 1233 1376 1400 373 965 405 1233 1232 1393 270 494 120 363 1047 1232 1051 1276 657 521 397 1313 93 870 1494 1114 1233 1341 442 1190 1504 1192 388 1174 372 787 236 1472 508 443 1384 1226 1233 349 1438 1166 676 1121 307 1233 265 1026 1058 1411 506 1156 1233 482 254 331 407 1007 1216 237 121 1331 247 0 1069 827 327 1332 1034 235 255 1233 369 1118 836 311
649 998 352 797 352 913 714 352 421 380 730 141 691 352 351 372 960 604 976 867 166 351 56 395 467 1324 789 292 1008 326 613 93 352 453 647 309 483 311 709 154 735 343 861 592 573 653 503 345 352 830 418 546 479 501 869 352 840 145 629 391 1309 536 352 1162 851 899 694 386 335 948 1098 310 979 1069 0 398 903 451 413 945 836 352 720 237 407 789
619 757 563 555 562 672 473 563 706 730 488 295 449 562 562 722 719 363 735 626 377 562 380 605 283 1083 547 642 767 200 822 444 563 671 406 520 833 521 467 504 493 372 620 801 332 412 714 555 563 588 768 496 237 451 627 563 599 356 276 741 1067 486 563 921 610 658 452 337 546 706 856 661 738 827 398 0 662 662 364 704 594 563 479 448 54 548
1229 272 1068 139 1067 111 209 1068 1211 1235 291 800 240 1067 1067 1227 158 329 249 282 881 1067 885 1110 492 623 232 1147 281 705 1329 949 1068 1175 277 1025 1338 1026 306 1009 207 622 134 1307 343 278 1218 1060 1068 353 1273 1001 511 956 67 1068 274 861 893 1246 607 991 1068 460 262 249 324 842 1051 246 230 1166 235 327 903 662 0 1167 869 243 173 1068 203 953 671 145
346 1262 306 1060 305 1177 978 305 68 203 994 405 954 305 305 404 1224 868 1240 1131 384 305 433 87 731 1532 1053 194 1272 590 310 420 306 32 911 204 306 164 972 331 998 607 1125 289 837 917 200 298 306 1094 450 704 742 659 1132 306 1104 342 665 111 1548 557 306 1426 1115 1163 957 650 289 1212 1362 198 1243 1332 451 662 1167 0 677 1209 1099 306 984 254 671 1053
392 964 578 762 577 878 679 578 672 739 695 310 656 577 577 737 925 569 941 833 392 577 395 620 490 1289 754 657 973 186 594 459 578 686 613 535 843 536 674 519 700 387 826 573 539 618 525 570 578 795 783 163 444 118 834 578 805 371 458 648 1274 154 578 1127 816 864 659 74 561 913 1063 676 944 1034 413 364 869 677 0 910 801 578 686 463 373 754
1271 164 1109 206 1109 253 276 1109 1253 1277 248 842 307 1109 1109 1269 300 370 142 377 923 1109 927 1152 534 623 298 1189 174 747 1370 990 1110 1217 319 1066 1380 1068 264 1051 273 663 137 1349 385 345 1260 1102 1110 198 1315 1042 553 997 209 1110 123 902 934 1288 608 1033 1110 636 112 409 282 883 1093 79 330 1207 442 235 945 704 243 1209 910 0 157 1110 270 994 713 212
1161 185 1000 135 1000 183 206 1000 1143 1167 139 732 236 1000 1000 1160 230 261 162 306 814 1000 818 1043 424 750 228 1080 195 637 1261 881 1000 1108 209 957 1271 959 154 941 203 554 66 1240 275 274 1151 993 1000 202 1205 933 443 888 138 1000 187 793 825 1178 735 923 1000 598 175 338 173 774 983 159 350 1098 372 255 836 594 173 1099 801 157 0 1000 199 885 603 141
503 1163 30 961 29 1078 879 29 350 485 895 306 855 29 29 676 1125 769 1141 1032 285 29 334 249 632 1489 953 476 1173 490 467 397 30 314 812 163 588 165 873 458 899 508 1026 446 738 818 357 57 30 995 722 710 643 665 1033 30 1005 243 794 393 1473 701 30 1327 1016 1064 858 551 64 1113 1263 480 1144 1233 352 563 1068 306 578 1110 1000 0 885 155 572 954
1046 298 885 124 884 213 104 885 1028 1052 157 617 212 884 884 1044 260 146 276 295 699 884 702 927 309 752 216 964 308 522 1146 766 885 993 94 842 1155 843 172 826 191 439 161 1124 160 174 1036 877 885 219 1090 818 328 773 169 885 230 678 710 1063 736 808 885 590 241 327 190 659 868 273 398 983 402 369 720 479 203 984 686 270 199 885 0 770 488 130
452 1048 155 846 154 962 763 155 298 433 779 191 740 154 154 561 1010 653 1025 917 170 154 219 197 516 1374 838 424 1058 375 416 282 155 263 697 112 536 113 758 343 784 392 910 394 623 703 306 147 155 879 607 595 528 550 918 155 890 128 678 342 1358 585 155 1211 901 949 743 436 138 997 1147 429 1028 1118 237 448 953 254 463 994 885 155 770 0 457 838
589 766 572 564 571 681 482 572 715 739 497 304 458 571 571 731 728 372 744 635 386 571 389 614 292 1092 556 651 776 209 792 453 572 680 415 529 842 530 476 513 502 381 629 771 341 421 722 564 572 597 777 505 246 460 636 572 608 365 246 750 1076 495 572 930 619 667 461 346 555 715 865 670 747 836 407 54 671 671 373 713 603 572 488 457 0 557
1115 240 953 66 953 155 136 953 1097 1121 259 686 122 953 953 1113 202 214 218 192 767 953 771 996 378 649 114 1033 250 591 1214 834 954 1061 204 911 1224 912 275 895 89 507 103 1193 229 160 1104 946 954 322 1159 886 397 841 111 954 242 746 778 1132 634 877 954 487 231 224 293 727 937 215 340 1051 304 311 789 548 145 1053 754 212 141 954 130 838 557 0
EOF