NAME : tsp_problem
TYPE : TSP
DIMENSION : 44
EDGE_WEIGHT_TYPE : EXPLICIT
EDGE_WEIGHT_FORMAT : FULL_MATRIX
EDGE_WEIGHT_SECTION
0 432 312 589 666 521 784 429 629 81 745 235 564 433 211 72 597 618 494 845 42 809 231 436 209 63 433 694 386 675 548 309 1022 691 674 226 808 420 360 268 570 1108 452 261
432 0 577 671 1071 467 1189 694 1034 440 1149 318 969 28 627 472 369 1023 898 1249 443 1214 269 701 292 458 29 466 791 1079 953 392 1426 1096 1078 242 1212 503 625 351 343 1512 717 344
312 577 0 308 872 666 990 148 835 320 951 380 770 578 486 353 622 824 700 1051 323 1015 376 155 354 338 578 594 592 881 754 454 1228 897 880 371 1014 565 427 413 595 1314 171 406
589 671 308 0 1087 550 1205 309 1050 597 1165 657 985 672 701 629 449 1039 914 1265 600 1230 653 316 631 614 672 422 807 1095 969 731 1442 1112 1094 647 1228 654 386 690 423 1324 332 683
666 1071 872 1087 0 1159 302 989 387 731 218 874 318 1071 492 630 1235 259 290 299 692 327 870 996 847 713 1072 1332 428 118 235 948 416 209 344 864 326 1059 729 907 1209 636 1012 900
521 467 666 550 1159 0 1277 724 1122 528 1238 332 1057 467 715 561 162 1111 987 1338 531 1302 403 730 331 546 468 345 879 1168 1041 267 1515 1184 1167 397 1301 130 714 300 164 1552 747 306
784 1189 990 1205 302 1277 0 1107 331 849 290 992 261 1189 610 748 1353 203 325 93 810 79 988 1114 965 831 1190 1450 463 311 353 1066 299 153 288 982 81 1177 847 1025 1327 595 1130 1018
429 694 148 309 989 724 1107 0 952 437 1068 498 887 695 603 470 623 941 817 1168 440 1132 493 64 471 455 696 596 709 998 871 572 1345 1014 997 488 1131 682 544 531 597 1431 172 523
629 1034 835 1050 387 1122 331 952 0 694 576 837 108 1034 455 593 1198 162 169 391 655 356 833 959 810 676 1035 1295 302 396 438 911 424 238 77 827 355 1022 692 870 1172 720 975 863
81 440 320 597 731 528 849 437 694 0 810 243 629 441 276 121 605 683 559 910 63 874 239 444 217 40 441 702 451 740 613 317 1087 756 739 234 873 428 368 276 578 1173 460 269
745 1149 951 1165 218 1238 290 1068 576 810 0 952 507 1150 570 708 1314 448 479 223 771 265 948 1074 926 791 1150 1411 550 216 226 1026 340 381 533 943 267 1137 807 985 1287 450 1090 978
235 318 380 657 874 332 992 498 837 243 952 0 772 319 430 276 468 826 702 1053 246 1017 117 504 69 261 320 580 594 883 756 120 1230 899 882 112 1016 231 429 93 457 1315 520 99
564 969 770 985 318 1057 261 887 108 629 507 772 0 969 390 528 1134 97 104 322 590 286 768 894 746 611 970 1230 242 326 369 846 488 168 153 762 285 957 627 805 1107 783 910 798
433 28 578 672 1071 467 1189 695 1034 441 1150 319 969 0 627 473 370 1023 899 1250 443 1214 270 701 292 458 30 467 791 1080 953 393 1427 1096 1079 243 1213 504 626 352 343 1513 718 345
211 627 486 701 492 715 610 603 455 276 570 430 390 627 0 174 791 444 319 670 237 635 426 609 403 257 628 888 212 501 374 504 847 517 500 420 634 615 343 463 765 933 626 456
72 472 353 629 630 561 748 470 593 121 708 276 528 473 174 0 637 582 458 809 82 773 271 476 249 103 474 734 350 639 512 350 986 655 638 266 772 460 401 309 611 1071 492 301
597 369 622 449 1235 162 1353 623 1198 605 1314 468 1134 370 791 637 0 1187 1063 1414 607 1378 434 630 456 622 371 244 955 1244 1117 403 1591 1261 1243 407 1377 266 769 436 63 1451 646 442
618 1023 824 1039 259 1111 203 941 162 683 448 826 97 1023 444 582 1187 0 157 263 644 227 822 948 799 665 1024 1284 296 267 310 900 429 110 202 816 226 1011 681 859 1161 725 964 852
494 898 700 914 290 987 325 817 169 559 479 702 104 899 319 458 1063 157 0 385 520 349 697 823 675 540 900 1160 166 298 341 776 561 232 214 692 348 886 556 735 1036 857 840 727
845 1249 1051 1265 299 1338 93 1168 391 910 223 1053 322 1250 670 809 1414 263 385 0 871 67 1048 1174 1026 891 1251 1511 524 297 414 1126 233 183 349 1043 69 1237 907 1086 1387 528 1191 1078
42 443 323 600 692 531 810 440 655 63 771 246 590 443 237 82 607 644 520 871 0 835 242 446 219 44 444 704 412 701 574 320 1048 717 700 236 834 431 371 279 581 1134 463 272
809 1214 1015 1230 327 1302 79 1132 356 874 265 1017 286 1214 635 773 1378 227 349 67 835 0 1012 1138 990 856 1215 1475 488 335 378 1091 274 170 313 1007 56 1202 872 1050 1352 570 1155 1043
231 269 376 653 870 403 988 493 833 239 948 117 768 270 426 271 434 822 697 1048 242 1012 0 500 91 256 270 531 590 878 751 191 1225 895 877 63 1011 302 424 150 407 1311 516 143
436 701 155 316 996 730 1114 64 959 444 1074 504 894 701 609 476 630 948 823 1174 446 1138 500 0 477 461 702 602 716 1004 877 578 1351 1021 1003 494 1137 689 550 537 603 1437 179 530
209 292 354 631 847 331 965 471 810 217 926 69 746 292 403 249 456 799 675 1026 219 990 91 477 0 234 293 553 567 856 729 120 1203 873 855 85 989 231 402 93 430 1289 494 95
63 458 338 614 713 546 831 455 676 40 791 261 611 458 257 103 622 665 540 891 44 856 256 461 234 0 459 719 433 722 595 335 1068 738 721 251 855 445 386 294 596 1154 478 286
433 29 578 672 1072 468 1190 696 1035 441 1150 320 970 30 628 474 371 1024 900 1251 444 1215 270 702 293 459 0 468 792 1081 954 394 1428 1097 1080 244 1214 504 627 353 344 1513 718 345
730 503 600 427 1369 381 1487 601 1332 738 1447 617 1267 503 925 771 281 1321 1196 1547 741 1512 567 607 590 756 504 0 1089 1378 1251 623 1724 1394 1377 540 1511 486 747 650 254 1429 624 642
386 791 592 807 428 879 463 709 302 451 550 594 242 791 212 350 955 296 166 524 412 488 590 716 567 433 792 1052 0 437 353 668 694 370 346 584 487 779 449 627 929 913 732 620
675 1079 881 1095 118 1168 311 998 396 740 216 883 326 1080 501 639 1244 267 298 297 701 335 878 1004 856 722 1081 1341 437 0 244 957 414 218 353 873 334 1067 737 916 1218 634 1021 908
548 953 754 969 235 1041 353 871 438 613 226 756 369 953 374 512 1117 310 341 414 574 378 751 877 729 595 954 1214 353 244 0 830 544 260 396 746 377 941 610 789 1091 589 894 781
309 392 454 731 948 267 1066 572 911 317 1026 120 846 393 504 350 403 900 776 1126 320 1091 191 578 120 335 394 586 668 957 830 0 1304 973 956 186 1090 166 502 89 405 1389 594 95
1022 1426 1228 1442 416 1515 299 1345 424 1087 340 1230 488 1427 847 986 1591 429 561 233 1048 274 1225 1351 1203 1068 1428 1681 694 414 544 1304 0 390 382 1220 276 1414 1084 1263 1564 341 1368 1255
691 1096 897 1112 209 1184 153 1014 238 756 381 899 168 1096 517 655 1261 110 232 183 717 170 895 1021 873 738 1097 1357 370 218 260 973 390 0 195 889 172 1084 754 932 1234 686 1037 925
674 1078 880 1094 344 1167 288 997 77 739 533 882 153 1079 500 638 1243 202 214 349 700 313 877 1003 855 721 1080 1340 346 353 396 956 382 195 0 872 312 1066 736 915 1217 677 1020 907
226 242 371 647 864 397 982 488 827 234 943 112 762 243 420 266 407 816 692 1043 236 1007 63 494 85 251 244 504 584 873 746 186 1220 889 872 0 1006 297 419 145 380 1306 511 138
808 1212 1014 1228 326 1301 81 1131 355 873 267 1016 285 1213 634 772 1377 226 348 69 834 56 1011 1137 989 855 1214 1474 487 334 377 1090 276 172 312 1006 0 1200 870 1049 1351 571 1154 1041
420 503 565 654 1059 130 1177 682 1022 428 1137 231 957 504 615 460 266 1011 886 1237 431 1202 302 689 231 445 504 449 779 1067 941 166 1414 1084 1066 297 1200 0 613 200 268 1500 705 206
360 625 427 386 729 714 847 544 692 368 807 429 627 626 343 401 769 681 556 907 371 872 424 550 402 386 627 742 449 737 610 502 1084 754 736 419 870 613 0 462 743 1170 567 454
268 351 413 690 907 300 1025 531 870 276 985 93 805 352 463 309 436 859 735 1086 279 1050 150 537 93 294 353 613 627 916 789 89 1263 932 915 145 1049 200 462 0 438 1348 553 68
570 343 595 423 1209 164 1327 597 1172 578 1287 457 1107 343 765 611 63 1161 1036 1387 581 1352 407 603 430 596 344 218 929 1218 1091 405 1564 1234 1217 380 1351 268 743 438 0 1425 620 444
1108 1512 1314 1284 636 1512 595 1431 720 1173 450 1315 783 1513 933 1071 1412 725 857 528 1134 570 1311 1437 1289 1154 1513 1384 913 634 589 1389 341 686 677 1306 571 1500 1170 1348 1385 0 1454 1341
452 717 171 332 1012 747 1130 172 975 460 1090 520 910 718 626 492 646 964 840 1191 463 1155 516 179 494 478 718 618 732 1021 894 594 1368 1037 1020 511 1154 705 567 553 620 1454 0 546
261 344 406 683 900 306 1018 523 863 269 978 99 798 345 456 301 442 852 727 1078 272 1043 143 530 95 286 345 606 620 908 781 95 1255 925 907 138 1041 206 454 68 444 1341 546 0
EOF