NAME : tsp_problem
TYPE : TSP
DIMENSION : 76
EDGE_WEIGHT_TYPE : EXPLICIT
EDGE_WEIGHT_FORMAT : FULL_MATRIX
EDGE_WEIGHT_SECTION
0 785 1417 1863 1656 1251 444 547 636 1193 1069 287 1465 1137 1593 554 1211 718 629 679 785 2040 463 1274 488 1108 793 1255 580 1770 363 1833 1631 710 1450 1114 1323 681 1377 1030 600 1540 981 1318 809 489 2248 1065 291 490 1120 222 558 1615 760 1256 1241 978 683 447 407 481 1851 212 1328 1015 622 517 1599 1163 1729 775 1781 1420 975 792
785 0 922 1500 1160 912 415 979 175 793 669 646 969 737 1159 411 751 242 232 472 791 1643 542 936 962 707 798 916 521 1432 714 1437 1234 715 1111 714 985 189 882 408 243 1201 508 980 815 638 1851 665 697 922 719 953 436 1119 138 848 745 465 638 921 715 766 1454 761 989 614 461 374 1202 763 1332 169 1385 925 463 797
1417 922 0 609 441 367 1109 1315 933 368 693 1149 269 448 268 1105 268 800 991 774 1172 752 1236 461 1415 490 1180 358 974 595 1168 546 343 1096 402 489 510 948 182 833 1002 534 521 505 1196 1091 961 618 1150 1217 484 1587 952 419 805 286 228 564 1091 1374 1169 1220 564 1233 515 639 831 1068 311 384 441 847 494 96 566 1179
1863 1500 609 0 804 693 1638 1608 1511 775 1149 1656 717 855 631 1634 846 1331 1568 1281 1465 437 1765 642 1794 897 1472 684 1447 200 1596 226 372 1389 481 895 625 1486 760 1411 1578 341 1066 620 1489 1492 862 992 1658 1510 891 2056 1460 868 1383 788 805 1109 1437 1754 1563 1514 244 1678 629 1095 1338 1597 391 791 265 1378 287 611 1111 1471
1656 1160 441 804 0 562 1348 1511 1172 607 932 1387 237 687 334 1344 507 1038 1229 1012 1368 947 1475 656 1654 729 1375 554 1213 790 1406 741 539 1292 597 727 706 1187 421 1071 1241 730 760 700 1392 1330 1156 856 1389 1413 723 1826 1191 387 1043 525 466 802 1330 1613 1407 1417 759 1472 710 877 1069 1307 506 622 637 1085 689 444 805 1374
1251 912 367 693 562 0 1026 996 924 163 537 1044 475 243 389 1022 345 719 981 669 853 836 1153 141 1182 285 860 58 835 637 984 630 427 777 317 283 190 874 398 834 966 407 454 185 876 880 1044 379 1046 898 279 1444 847 625 796 176 304 497 824 1141 951 902 647 1065 195 482 726 985 395 178 525 766 578 369 499 859
444 415 1109 1638 1348 1026 0 681 266 906 783 305 1157 851 1346 184 925 348 259 393 563 1815 201 1049 621 821 571 1030 293 1545 374 1608 1406 488 1225 828 1099 311 1069 660 230 1315 650 1093 587 367 2023 779 357 624 833 612 208 1307 390 970 932 608 410 581 375 484 1626 420 1103 728 336 147 1374 876 1504 405 1556 1112 605 570
459 943 1396 1819 1635 1206 603 0 794 1172 1049 377 1444 1116 1548 712 1190 761 787 658 743 1995 687 1230 245 1087 750 1210 559 1726 341 1789 1586 667 1405 1094 1279 795 1357 1188 758 1495 960 1274 767 467 2204 1044 269 446 1099 653 537 1594 918 1235 1220 974 641 205 385 436 1807 284 1284 994 602 675 1554 1142 1684 818 1737 1400 972 750
636 175 933 1511 1172 924 266 830 0 804 681 497 981 748 1170 263 763 244 83 369 642 1654 394 947 813 719 650 927 372 1443 565 1448 1245 566 1123 726 996 71 894 419 95 1213 519 991 666 489 1863 676 548 773 731 804 287 1131 150 859 757 477 489 772 566 618 1466 612 1001 626 312 226 1213 774 1344 181 1396 936 474 649
1193 793 368 775 607 163 906 1041 804 0 418 924 416 123 505 903 276 600 861 549 897 951 1034 186 1191 165 905 166 750 682 943 745 542 822 362 164 235 754 328 715 846 452 335 230 921 867 1160 342 926 943 159 1363 728 566 676 106 235 378 867 1150 944 947 763 1009 240 363 606 866 510 59 641 647 693 371 380 904
1069 669 693 1149 932 537 783 1068 681 418 0 801 741 362 879 779 487 476 738 426 896 1326 910 561 1067 333 904 541 626 1057 820 1120 917 821 736 339 610 631 654 692 723 826 394 605 920 743 1535 290 803 970 345 1240 604 891 553 481 517 437 743 1026 821 872 1138 886 614 202 483 742 885 388 1015 523 1068 696 439 903
287 646 1149 1656 1387 1044 305 455 497 924 801 0 1196 869 1386 415 943 513 490 411 528 1833 343 1067 396 839 535 1048 311 1563 148 1626 1424 452 1243 846 1117 542 1109 891 461 1333 712 1111 552 231 2041 797 131 398 851 457 289 1346 621 988 972 727 426 355 149 258 1644 196 1121 746 354 378 1392 894 1522 570 1575 1152 724 535
1465 969 269 704 237 462 1157 1363 981 416 741 1196 0 496 363 1153 316 847 1038 821 1220 847 1284 508 1463 538 1227 453 1022 690 1215 641 438 1144 496 536 558 996 229 880 1050 629 569 552 1244 1139 1056 665 1198 1265 532 1635 1000 181 852 334 275 611 1139 1422 1216 1267 659 1281 562 686 878 1116 406 431 536 894 589 272 614 1226
1137 737 448 855 687 243 851 1064 748 123 362 869 496 0 585 847 319 544 806 494 921 1032 978 266 1135 110 929 247 694 762 888 826 623 845 442 108 316 699 409 659 790 532 279 310 945 811 1240 286 870 966 104 1307 672 646 621 187 315 322 811 1094 889 940 843 953 320 307 551 810 591 93 721 591 774 451 324 928
1593 1159 268 631 334 389 1346 1338 1170 505 879 1386 377 585 0 1342 505 1037 1228 1011 1195 774 1473 483 1524 627 1202 381 1177 617 1326 568 365 1119 424 625 532 1185 419 1070 1239 557 758 527 1219 1222 983 722 1388 1240 621 1786 1189 527 1042 518 465 801 1166 1484 1293 1244 586 1408 537 825 1068 1306 333 521 464 1084 516 271 803 1201
554 411 1105 1634 1344 1022 184 748 263 903 779 415 1153 847 1342 0 921 345 256 389 560 1811 311 1046 731 817 567 1026 290 1542 483 1605 1402 484 1221 824 1095 308 1066 656 226 1311 646 1090 584 407 2020 775 466 691 830 722 205 1303 386 966 929 604 407 690 484 535 1623 530 1099 725 332 121 1370 873 1500 402 1553 1108 601 566
1211 751 268 846 507 345 925 1190 763 276 487 943 316 319 505 921 0 617 820 568 1038 989 1052 368 1209 290 1046 349 768 832 962 783 580 962 544 297 418 772 228 662 831 634 315 413 1062 885 1198 412 944 1092 302 1381 746 466 634 194 92 358 885 1168 963 1014 801 1027 422 433 625 884 548 292 678 664 731 271 360 1045
718 242 800 1331 1038 719 348 797 244 600 476 513 847 544 1037 345 617 0 301 279 609 1508 476 743 780 515 616 723 339 1239 532 1302 1099 533 918 521 792 193 760 484 285 1008 341 787 633 456 1717 472 515 740 527 886 317 997 217 663 623 298 456 739 533 584 1320 598 796 422 278 308 1067 570 1197 96 1250 803 296 615
629 232 991 1568 1229 981 259 823 83 861 738 490 1038 806 1228 256 820 301 0 362 635 1711 387 1004 806 776 643 985 365 1500 559 1505 1302 559 1180 783 1053 128 951 476 53 1270 576 1048 659 482 1920 734 541 766 788 797 280 1188 207 916 814 534 482 765 559 611 1523 606 1058 683 305 219 1270 831 1401 238 1453 994 531 642
679 472 774 1281 1012 669 393 694 369 549 426 411 821 494 1011 389 568 279 362 0 506 1458 520 692 677 464 514 673 236 1188 430 1252 1049 430 868 471 742 369 734 574 333 958 337 736 530 353 1666 422 412 637 476 849 214 971 356 613 597 352 353 636 430 482 1269 495 746 371 120 352 1017 519 1147 326 1200 777 349 513
785 791 1172 1465 1368 853 563 572 642 897 896 528 1220 921 1195 560 1038 609 635 506 0 1641 691 876 759 892 168 856 292 1372 441 1435 1232 134 1052 898 925 643 1133 1036 606 1142 808 920 184 337 1850 702 530 515 904 967 385 1370 766 911 1039 822 282 718 409 359 1453 600 930 842 449 523 1200 913 1331 666 1383 1175 820 81
2007 1610 719 437 915 803 1782 1752 1621 919 1293 1800 828 999 742 1778 956 1475 1679 1425 1609 0 1909 825 1938 1041 1616 794 1591 613 1740 297 570 1533 628 1039 808 1630 870 1521 1690 754 1209 803 1632 1636 868 1136 1802 1654 1035 2200 1603 978 1493 932 916 1252 1580 1897 1707 1658 314 1822 813 1239 1482 1741 538 934 465 1522 518 722 1254 1615
463 542 1236 1765 1475 1153 201 774 394 1034 910 343 1284 978 1473 311 1052 476 387 520 691 1942 0 1177 715 948 698 1157 421 1673 473 1736 1533 615 1352 955 1226 439 1197 787 357 1442 777 1221 715 471 2151 906 456 718 961 631 336 1434 517 1097 1060 735 538 674 474 583 1754 440 1230 855 463 274 1501 1004 1631 533 1684 1239 732 697
1274 936 461 642 656 141 1049 1019 947 186 561 1067 508 266 483 1046 368 743 1004 692 876 825 1177 0 1206 308 883 145 858 549 1007 614 412 800 228 307 102 897 421 858 989 319 478 97 900 903 1138 403 1069 921 302 1467 871 658 819 199 328 520 848 1165 975 925 632 1089 107 506 749 1009 380 202 510 790 562 463 523 882
264 813 1445 1890 1683 1278 472 575 664 1220 1097 314 1492 1165 1620 581 1239 746 657 707 813 2067 491 1302 0 1135 820 1282 607 1798 390 1861 1658 737 1477 1142 1351 709 1405 1057 627 1567 1008 1346 837 516 2276 1093 318 518 1147 457 585 1642 788 1284 1268 1005 711 474 434 508 1879 240 1355 1042 650 544 1626 1190 1756 803 1809 1448 1002 819
1108 707 490 897 729 285 821 1035 719 165 333 839 538 110 627 817 290 515 776 464 892 1074 948 308 1106 0 899 288 665 804 858 867 665 816 484 116 357 669 450 630 761 574 250 352 916 782 1282 257 841 937 122 1278 643 688 591 229 319 292 782 1065 859 910 885 924 362 278 521 781 633 135 763 562 815 493 295 898
793 798 1180 1472 1375 860 571 579 650 905 904 535 1227 929 1202 567 1046 616 643 514 168 1649 698 883 766 899 0 864 299 1380 449 1443 1240 141 1059 906 933 651 1140 1043 613 1149 815 927 38 344 1857 709 537 522 911 974 392 1377 773 918 1047 830 289 725 416 367 1460 608 937 849 457 530 1208 921 1338 673 1391 1182 827 174
1255 916 358 684 554 58 1030 999 927 166 541 1048 467 247 381 1026 349 723 985 673 856 827 1157 145 1186 288 864 0 838 641 988 621 418 780 320 287 194 877 401 838 969 411 458 189 880 883 1036 383 1049 902 282 1448 851 617 800 180 308 501 828 1145 955 906 639 1069 199 486 730 989 386 182 516 770 569 361 503 863
580 521 974 1447 1213 835 293 480 372 750 626 311 1022 694 1177 290 768 339 365 236 292 1623 421 858 578 665 299 838 0 1354 279 1417 1214 216 1034 671 907 373 935 766 336 1124 538 902 316 155 1832 622 313 423 677 750 115 1172 496 813 798 552 139 537 247 268 1435 396 912 572 179 253 1182 720 1313 396 1365 977 550 299
1770 1432 595 200 790 637 1545 1515 1443 682 1057 1563 703 762 617 1542 832 1239 1500 1188 1372 613 1673 549 1702 804 1380 641 1354 0 1503 402 279 1296 415 803 532 1393 746 1354 1485 249 974 527 1396 1399 1038 899 1565 1417 798 1964 1367 853 1315 695 791 1017 1344 1661 1471 1421 420 1585 537 1002 1245 1505 306 698 172 1286 195 597 1019 1379
363 714 1168 1590 1406 978 374 338 565 943 820 148 1215 888 1320 483 962 532 559 430 441 1767 473 1001 359 858 449 982 279 1497 0 1561 1358 365 1177 865 1051 567 1128 959 529 1267 731 1045 465 145 1975 816 150 281 870 556 308 1365 689 1007 991 746 339 318 63 172 1578 178 1055 765 373 446 1326 913 1456 589 1509 1171 743 448
1833 1437 546 226 741 630 1608 1578 1448 745 1120 1626 654 826 568 1605 783 1302 1505 1252 1435 297 1736 614 1765 867 1443 621 1417 402 1566 0 359 1359 418 866 598 1456 697 1347 1517 543 1036 592 1459 1462 722 962 1628 1480 861 2027 1430 804 1319 758 742 1079 1407 1724 1534 1485 104 1648 602 1065 1308 1568 327 761 255 1349 308 548 1081 1442
1631 1234 343 372 539 427 1406 1376 1245 542 917 1424 452 623 365 1402 580 1099 1302 1049 1232 570 1533 412 1562 665 1240 418 1214 279 1364 359 0 1156 215 663 395 1254 494 1145 1314 217 833 390 1256 1259 995 759 1425 1278 659 1824 1227 602 1117 556 539 876 1204 1521 1331 1282 377 1445 399 862 1106 1365 77 558 255 1146 308 345 878 1239
710 715 1096 1389 1292 777 488 496 566 822 821 452 1144 845 1119 484 962 533 559 430 134 1565 615 800 683 816 141 780 216 1296 365 1359 1156 0 976 823 849 567 1057 960 530 1066 732 844 157 261 1774 626 454 439 828 891 309 1294 690 835 963 746 206 642 333 283 1377 524 854 766 373 447 1124 837 1255 590 1307 1099 744 140
1450 1111 402 481 597 317 1225 1195 1123 362 736 1243 510 442 424 1221 544 918 1180 868 1052 628 1352 228 1381 484 1059 320 1034 415 1183 418 215 976 0 482 212 1073 552 1033 1165 184 653 206 1075 1079 1054 578 1245 1097 478 1643 1046 660 995 375 503 696 1023 1340 1150 1101 436 1265 216 682 925 1184 183 377 313 965 366 404 698 1058
1114 714 489 895 727 283 828 1042 726 164 339 846 536 108 625 824 297 521 783 471 898 1072 955 307 1112 116 906 287 671 803 865 866 663 823 482 0 356 676 449 636 768 572 256 351 922 788 1281 263 848 944 126 1285 650 686 598 227 326 299 788 1071 866 917 884 931 360 285 528 787 631 134 761 568 814 492 301 905
1323 985 510 625 706 190 1099 1068 996 235 610 1117 558 316 532 1095 418 792 1053 742 925 808 1226 102 1255 357 933 194 907 532 1057 598 395 849 212 356 0 946 470 907 1038 302 527 65 949 952 1188 452 1118 970 351 1517 920 708 868 249 377 570 897 1214 1024 975 615 1138 66 555 799 1058 363 251 493 839 546 513 572 932
681 189 948 1486 1187 874 311 831 71 754 631 542 996 699 1185 308 772 193 128 369 643 1663 439 897 814 669 651 877 373 1393 567 1456 1254 567 1073 676 946 0 908 434 140 1163 495 941 667 490 1871 627 549 774 681 849 332 1146 164 818 771 453 490 773 567 619 1474 632 951 576 312 271 1222 724 1352 195 1404 951 450 650
1377 882 182 760 421 398 1069 1276 894 328 654 1109 229 409 419 1066 228 760 951 734 1133 903 1197 421 1375 450 1140 401 935 746 1128 697 494 1057 552 449 470 908 0 793 962 685 481 465 1156 1051 1111 578 1111 1178 444 1548 913 380 765 246 188 524 1051 1335 1129 1180 715 1194 475 599 791 1029 462 344 592 807 645 185 526 1139
1030 408 833 1411 1071 834 660 1224 419 715 692 891 880 659 1070 656 662 484 476 574 1036 1554 787 858 1206 630 1043 838 766 1354 959 1347 1145 960 1033 636 907 434 793 0 488 1123 419 902 1059 882 1762 688 942 1167 642 1198 680 1030 291 758 656 376 882 1166 960 1011 1365 1006 911 638 631 619 1113 685 1243 414 1295 836 373 1042
600 243 1002 1578 1241 966 230 794 95 846 723 461 1050 790 1239 226 831 285 53 333 606 1723 357 989 776 761 613 969 336 1485 529 1517 1314 530 1165 768 1038 140 962 488 0 1255 587 1033 630 453 1932 718 512 737 773 768 250 1200 218 909 825 545 453 736 530 581 1535 576 1043 668 276 189 1282 816 1412 249 1465 1005 542 612
1540 1201 534 341 730 407 1315 1285 1213 452 826 1333 643 532 557 1311 634 1008 1270 958 1142 754 1442 319 1471 574 1149 411 1124 249 1273 543 217 1066 184 572 302 1163 685 1123 1255 0 743 297 1166 1169 1179 669 1335 1187 568 1733 1137 793 1085 465 593 786 1113 1431 1240 1191 561 1355 306 772 1015 1274 244 468 313 1055 335 537 788 1148
981 508 521 1066 760 454 650 996 519 335 394 712 569 279 758 646 315 341 576 337 808 1242 777 478 978 250 815 458 538 974 731 1036 833 732 653 256 527 495 481 419 587 743 0 522 832 655 1451 371 714 939 262 1151 516 719 390 398 344 122 655 938 732 783 1054 797 531 340 394 609 801 305 931 388 984 524 119 814
1318 980 505 620 700 185 1093 1063 991 230 605 1111 552 310 527 1090 413 787 1048 736 920 803 1221 97 1250 352 927 189 902 527 1051 592 390 844 206 351 65 941 465 902 1033 297 522 0 944 947 1183 447 1113 965 346 1512 915 702 863 243 372 565 892 1209 1019 969 610 1133 65 550 793 1053 358 246 488 834 540 507 567 927
809 815 1196 1489 1392 876 587 596 666 921 920 552 1244 945 1219 584 1062 633 659 530 184 1665 715 900 782 916 38 880 316 1396 465 1459 1256 157 1075 922 949 667 1156 1059 630 1166 832 944 0 361 1874 726 554 539 928 991 409 1394 790 935 1063 846 306 742 433 383 1477 624 954 866 473 547 1224 937 1355 690 1407 1199 844 191
489 638 1091 1486 1330 874 367 374 489 867 743 231 1139 811 1216 407 885 456 482 353 337 1663 471 897 485 782 344 877 155 1393 145 1456 1254 261 1073 788 946 490 1051 882 453 1163 655 941 361 0 1871 723 233 317 794 670 232 1289 613 930 915 669 235 444 112 161 1474 304 951 689 296 370 1222 837 1352 513 1404 1094 667 344
2244 1848 957 835 1152 1041 2019 1989 1859 1156 1531 2037 1065 1237 979 2016 1194 1713 1916 1663 1846 841 2147 1135 2176 1278 1854 1032 1828 1012 1977 695 969 1770 1027 1277 1184 1867 1108 1758 1928 1153 1447 1179 1870 1873 0 1373 2039 1891 1272 2438 1841 1215 1730 1169 1153 1490 1818 2135 1945 1896 713 2059 1188 1476 1719 1979 937 1172 864 1760 917 959 1492 1853
1065 665 618 992 856 379 779 845 676 342 290 797 665 286 722 775 412 472 734 422 702 1168 906 403 1032 257 709 383 622 899 816 962 759 626 578 263 452 627 578 688 718 669 371 447 726 729 1377 0 798 747 269 1235 600 815 549 405 441 414 674 991 801 751 980 881 457 235 479 738 727 312 858 519 910 621 416 709
291 697 1150 1658 1389 1046 357 347 548 926 803 131 1198 870 1388 466 944 515 541 412 530 1834 456 1069 287 841 537 1049 313 1565 150 1628 1425 454 1245 848 1118 549 1111 942 512 1335 714 1113 554 233 2043 798 0 290 853 484 291 1348 672 989 974 728 428 247 151 260 1646 106 1123 748 356 429 1393 896 1524 572 1576 1154 726 536
490 922 1217 1510 1413 898 624 235 773 943 970 398 1265 966 1240 691 1092 740 766 637 515 1687 718 921 422 937 522 902 423 1417 281 1480 1278 439 1097 944 970 774 1178 1167 737 1187 939 965 539 317 1895 747 290 0 949 683 516 1415 897 956 1084 953 413 381 295 208 1498 305 975 916 581 654 1246 959 1376 797 1428 1220 951 522
1120 719 484 891 723 279 833 1047 731 159 345 851 532 104 621 830 302 527 788 476 904 1068 961 302 1118 122 911 282 677 798 870 861 659 828 478 126 351 681 444 642 773 568 262 346 928 794 1276 269 853 949 0 1290 655 682 603 223 331 304 794 1077 871 922 879 936 356 290 533 793 627 129 757 574 809 487 307 910
327 876 1508 1954 1747 1342 535 638 727 1284 1160 378 1556 1228 1684 645 1302 809 720 770 876 2130 554 1365 579 1199 884 1345 671 1861 454 1924 1722 800 1541 1205 1414 772 1468 1121 691 1631 1071 1409 900 580 2339 1156 382 581 1211 0 649 1706 851 1347 1331 1068 774 538 498 571 1942 303 1419 1106 713 608 1689 1254 1820 866 1872 1511 1066 883
558 436 952 1460 1191 847 208 573 287 728 604 289 1000 672 1189 205 746 317 280 214 385 1636 336 871 556 643 392 851 115 1367 308 1430 1227 309 1046 650 920 332 913 680 250 1137 516 915 409 232 1845 600 291 516 655 728 0 1150 411 791 776 530 232 515 309 361 1448 374 925 550 157 168 1195 698 1326 374 1378 955 528 392
1615 1119 419 854 387 612 1307 1513 1131 566 891 1346 181 646 513 1303 466 997 1188 971 1370 997 1434 658 1613 688 1377 603 1172 840 1365 791 588 1294 647 686 708 1146 380 1030 1200 779 719 702 1394 1289 1206 815 1348 1415 682 1785 1150 0 1002 484 425 761 1289 1572 1366 1417 809 1431 712 836 1028 1266 556 581 686 1044 739 422 764 1376
760 138 805 1383 1043 796 390 954 150 676 553 621 852 621 1042 386 634 217 207 356 766 1526 517 819 937 591 773 800 496 1315 689 1319 1117 690 995 598 868 164 765 291 218 1085 390 863 790 613 1734 549 672 897 603 928 411 1002 0 730 628 348 613 896 690 741 1337 736 873 498 413 349 1085 646 1215 144 1267 808 345 772
1256 848 286 788 525 176 970 1054 859 106 481 988 334 187 518 966 194 663 916 613 911 965 1097 199 1240 229 918 180 813 695 1007 758 556 835 375 227 249 818 246 758 909 465 398 243 935 930 1173 405 989 956 223 1426 791 484 730 0 153 441 882 1200 1008 960 776 1072 253 426 670 929 524 122 654 710 706 289 443 917
1241 745 228 805 466 304 932 1182 757 235 517 972 275 315 465 929 92 623 814 597 1039 948 1060 328 1238 319 1047 308 798 791 991 742 539 963 503 326 377 771 188 656 825 593 344 372 1063 915 1157 441 974 1084 331 1411 776 425 628 153 0 387 915 1198 992 1043 760 1057 381 462 654 892 507 251 638 670 690 231 389 1046
978 465 564 1109 802 497 608 1010 477 378 437 727 611 322 801 604 358 298 534 352 822 1285 735 520 993 292 830 501 552 1017 746 1079 876 746 696 299 570 453 524 376 545 786 122 565 846 669 1493 414 728 953 304 1146 530 761 348 441 387 0 669 952 746 798 1096 811 574 382 409 567 844 347 974 345 1027 567 77 829
683 638 1091 1437 1330 824 410 470 489 867 743 426 1139 811 1166 407 885 456 482 353 282 1613 538 848 656 782 289 828 139 1344 339 1407 1204 206 1023 788 897 490 1051 882 453 1113 655 892 306 235 1822 674 428 413 794 865 232 1289 613 882 915 669 0 616 307 257 1425 498 902 689 296 370 1172 837 1302 513 1355 1094 667 288
276 825 1457 1903 1695 1290 484 587 676 1232 1109 327 1504 1177 1633 594 1251 758 669 719 825 2079 503 1314 527 1147 832 1294 620 1810 402 1873 1670 749 1489 1154 1363 721 1417 1069 639 1580 1020 1358 849 528 2288 1105 331 530 1159 469 598 1654 800 1296 1280 1017 723 0 446 520 1891 252 1368 1054 662 557 1638 1202 1768 815 1821 1460 1015 832
407 715 1169 1558 1407 945 375 352 566 944 821 149 1216 889 1287 484 963 533 559 430 409 1734 474 969 403 859 416 949 247 1465 63 1528 1325 333 1144 866 1018 567 1129 960 530 1234 732 1013 433 112 1943 795 151 295 871 588 309 1366 690 1003 992 746 307 362 0 139 1546 222 1023 766 374 447 1293 914 1423 590 1476 1172 744 415
481 766 1216 1508 1411 896 484 265 618 941 872 258 1263 940 1238 535 1014 584 611 482 359 1685 583 919 452 910 367 900 268 1416 172 1479 1276 283 1095 917 969 619 1176 1011 581 1185 783 964 383 161 1893 745 260 208 922 674 361 1413 741 954 1043 798 257 411 139 0 1496 295 973 817 425 498 1244 957 1374 642 1427 1218 795 366
1851 1454 564 244 759 647 1626 1596 1466 763 1138 1644 672 843 586 1623 801 1320 1523 1269 1453 314 1754 632 1783 885 1460 639 1435 420 1584 104 377 1377 436 884 615 1474 715 1365 1535 561 1054 610 1477 1480 740 980 1646 1498 879 2044 1448 822 1337 776 760 1096 1425 1742 1552 1502 0 1666 620 1083 1326 1586 345 779 273 1367 325 566 1099 1459
212 761 1233 1678 1472 1065 420 362 612 1009 886 196 1281 953 1408 530 1027 598 606 495 600 1854 440 1089 302 924 608 1069 396 1585 178 1648 1445 524 1265 931 1138 632 1194 1006 576 1355 797 1133 624 304 2063 881 106 305 936 405 374 1431 736 1072 1057 811 498 262 222 295 1666 0 1143 831 439 493 1413 979 1544 655 1596 1236 809 607
1328 989 515 629 710 195 1103 1073 1001 240 614 1121 562 320 537 1099 422 796 1058 746 930 813 1230 107 1259 362 937 199 912 537 1061 602 399 854 216 360 66 951 475 911 1043 306 531 65 954 957 1192 457 1123 975 356 1521 925 712 873 253 381 574 902 1219 1028 979 620 1143 0 560 803 1062 367 256 497 843 550 517 576 936
1015 614 639 1095 877 482 728 1013 626 363 202 746 686 307 825 725 433 422 683 371 842 1271 855 506 1013 278 849 486 572 1002 765 1065 862 766 682 285 555 576 599 638 668 772 340 550 866 689 1480 235 748 916 290 1185 550 836 498 426 462 382 689 972 766 817 1083 831 560 0 428 688 830 333 961 469 1013 642 384 848
622 461 831 1338 1069 726 336 638 312 606 483 354 878 551 1068 332 625 278 305 120 449 1515 463 749 620 521 457 730 179 1245 373 1308 1106 373 925 528 799 312 791 631 276 1015 394 793 473 296 1723 479 356 581 533 793 157 1028 413 670 654 409 296 579 374 425 1326 439 803 428 0 295 1074 576 1204 335 1256 834 406 456
517 374 1068 1597 1307 985 147 711 226 866 742 378 1116 810 1306 121 884 308 219 352 523 1774 274 1009 694 781 530 989 253 1505 446 1568 1365 447 1184 787 1058 271 1029 619 189 1274 609 1053 547 370 1983 738 429 654 793 685 168 1266 349 929 892 567 370 653 447 498 1586 493 1062 688 295 0 1333 836 1463 365 1516 1071 564 529
1599 1202 311 391 506 395 1374 1344 1213 510 885 1392 419 591 333 1370 548 1067 1270 1017 1200 538 1501 380 1530 633 1208 386 1182 306 1332 327 77 1124 183 631 363 1222 462 1113 1282 244 801 358 1224 1227 963 727 1393 1246 627 1792 1195 570 1085 524 507 844 1172 1489 1299 1250 345 1413 367 830 1074 1333 0 526 223 1114 275 313 846 1207
1163 763 384 791 622 178 876 1056 774 59 388 894 431 93 521 873 292 570 831 519 913 967 1004 202 1161 135 921 182 720 698 913 761 558 837 377 134 251 724 344 685 816 468 305 246 937 837 1176 312 896 959 129 1333 698 581 646 122 251 347 837 1120 914 963 779 979 256 333 576 836 526 0 657 617 709 387 350 920
1729 1332 441 265 637 525 1504 1474 1344 641 1015 1522 550 721 464 1500 678 1197 1401 1147 1331 465 1631 510 1660 763 1338 516 1313 172 1462 255 255 1255 313 761 493 1352 592 1243 1412 313 931 488 1355 1358 891 858 1524 1376 757 1922 1326 700 1215 654 638 974 1302 1619 1429 1380 273 1544 497 961 1204 1463 223 657 0 1244 71 444 976 1337
775 169 847 1378 1085 766 405 854 181 647 523 570 894 591 1084 402 664 96 238 326 666 1555 533 790 837 562 673 770 396 1286 589 1349 1146 590 965 568 839 195 807 414 249 1055 388 834 690 513 1764 519 572 797 574 944 374 1044 144 710 670 345 513 796 590 642 1367 655 843 469 335 365 1114 617 1244 0 1297 850 343 673
1781 1385 494 287 689 578 1556 1526 1396 693 1068 1575 602 774 516 1553 731 1250 1453 1200 1383 518 1684 562 1713 815 1391 569 1365 195 1514 308 308 1307 366 814 546 1404 645 1295 1465 335 984 540 1407 1410 943 910 1576 1428 809 1975 1378 752 1267 706 690 1027 1355 1672 1482 1433 325 1596 550 1013 1256 1516 275 709 71 1297 0 496 1029 1390
1420 925 96 611 444 369 1112 1318 936 371 696 1152 272 451 271 1108 271 803 994 777 1175 754 1239 463 1418 493 1182 361 977 597 1171 548 345 1099 404 492 513 951 185 836 1005 537 524 507 1199 1094 963 621 1154 1220 487 1591 955 422 808 289 231 567 1094 1377 1172 1223 566 1236 517 642 834 1071 313 387 444 850 496 0 569 1181
975 463 566 1111 805 499 605 1008 474 380 439 724 614 324 803 601 360 296 531 349 820 1287 732 523 990 295 827 503 550 1019 743 1081 878 744 698 301 572 450 526 373 542 788 119 567 844 667 1496 416 726 951 307 1143 528 764 345 443 389 77 667 950 744 795 1099 809 576 384 406 564 846 350 976 343 1029 569 0 826
792 797 1179 1471 1374 859 570 579 649 904 903 535 1226 928 1201 566 1045 615 642 513 81 1648 697 882 765 898 174 863 299 1379 448 1442 1239 140 1058 905 932 650 1139 1042 612 1148 814 927 191 344 1856 709 536 522 910 973 392 1376 772 917 1046 829 288 724 415 366 1459 607 936 848 456 529 1207 920 1337 673 1390 1181 826 0
EOF