NAME : tsp_problem
TYPE : TSP
DIMENSION : 52
EDGE_WEIGHT_TYPE : EXPLICIT
EDGE_WEIGHT_FORMAT : FULL_MATRIX
EDGE_WEIGHT_SECTION
0 921 1143 1146 417 728 400 797 792 395 1208 618 757 797 783 774 974 735 319 581 751 768 1115 678 777 259 502 566 1137 299 645 511 1080 846 615 873 584 395 1146 1620 1211 341 1252 885 498 349 1039 931 1039 443 916 161
921 0 250 253 1101 802 1152 871 532 1192 316 626 770 581 505 947 227 809 1107 1188 660 1025 222 1030 504 1106 1057 1356 244 1167 1163 1196 187 255 1403 282 1374 1227 399 873 318 1092 425 959 1285 1216 146 270 353 1284 169 1028
1143 250 0 132 1323 1024 1373 1093 754 1414 194 848 992 803 727 1169 449 1031 1329 1410 882 1247 101 1252 726 1328 1279 1578 123 1389 1385 1418 106 376 1624 403 1596 1449 621 827 197 1314 304 1181 1507 1438 267 492 575 1506 391 1250
1146 253 132 0 1326 1027 1376 1096 757 1417 119 851 995 806 730 1172 452 1034 1332 1413 885 1250 104 1254 728 1331 1282 1581 87 1392 1388 1421 109 379 1627 406 1599 1452 624 752 122 1317 229 1184 1510 1441 270 495 577 1508 394 1253
417 1101 1323 1326 0 593 597 662 678 264 1389 554 424 734 849 404 930 600 179 203 576 390 1295 301 843 178 123 491 1317 354 268 133 1260 1027 343 1053 509 299 1145 1800 1391 635 1432 750 225 401 1219 887 995 356 992 387
728 802 1024 1027 593 0 958 118 430 684 1089 255 446 435 550 481 692 263 598 738 388 576 996 580 544 597 548 910 1018 774 713 687 961 728 894 754 929 719 907 1501 1092 899 1133 206 777 820 920 649 756 775 754 806
364 1152 1373 1376 597 958 0 1027 1023 401 1439 848 937 1028 1013 954 1205 966 487 760 982 948 1345 858 1008 439 681 319 1367 328 825 691 1311 1077 690 1104 337 401 1377 1850 1441 153 1483 1116 607 284 1269 1162 1269 304 1147 414
797 871 1093 1096 662 118 1027 0 499 753 1158 324 515 504 619 550 761 332 667 807 457 645 1065 649 613 666 617 979 1087 843 782 756 1030 797 963 823 998 787 976 1570 1161 968 1202 125 846 889 989 718 825 844 823 875
792 532 754 757 678 430 1023 499 0 768 820 254 310 335 282 520 334 437 683 796 200 633 726 637 281 682 633 995 748 859 771 772 691 603 979 629 1014 803 549 1231 822 963 929 587 862 905 650 291 398 860 396 891
395 1192 1414 1417 264 684 401 753 768 0 1479 645 604 825 940 621 1031 691 113 428 667 615 1386 526 934 166 349 253 1408 117 493 358 1351 1118 342 1144 272 62 1246 1891 1482 440 1523 841 232 163 1310 987 1095 118 1092 365
1208 316 194 119 1389 1089 1439 1158 820 1479 0 914 1058 868 792 1234 514 1097 1394 1475 948 1313 166 1317 791 1393 1344 1643 116 1454 1451 1483 171 442 1690 468 1662 1514 687 735 88 1379 128 1247 1573 1504 332 558 640 1571 457 1315
618 626 848 851 554 255 848 324 254 645 914 0 323 259 374 443 516 262 560 699 212 537 820 542 368 559 510 872 842 735 674 649 785 552 855 578 890 680 731 1325 916 789 957 412 738 782 744 473 580 737 578 725
757 770 992 995 424 446 937 515 310 604 1058 323 0 404 519 252 572 453 519 529 208 366 964 370 514 518 365 831 986 694 504 504 930 697 714 724 849 639 787 1469 1060 975 1103 603 596 741 888 529 636 696 634 727
797 581 803 806 734 435 1028 504 335 825 868 259 404 0 329 614 520 442 739 879 294 717 775 721 323 738 690 1051 797 915 854 829 740 507 1035 533 1070 860 735 1280 871 968 912 592 918 961 699 477 585 916 576 904
783 505 727 730 849 550 1013 619 282 940 792 374 519 329 0 696 306 557 854 938 409 775 699 779 64 853 805 1166 721 1029 913 943 664 435 1150 462 1185 975 521 1204 795 954 841 707 1033 1076 623 263 371 1031 368 890
774 947 1169 1172 404 481 954 550 520 621 1234 443 252 614 696 0 748 489 536 321 418 159 1141 163 695 535 346 833 1163 711 297 348 1106 907 616 934 814 656 963 1645 1237 992 1312 638 499 758 1064 705 813 713 810 744
974 227 449 452 930 692 1205 761 334 1031 514 516 572 520 306 748 0 699 945 989 462 827 421 831 305 944 871 1257 443 1121 965 1010 386 454 1219 480 1276 1065 415 925 517 1145 624 849 1102 1167 344 176 284 1122 90 1081
735 809 1031 1034 600 263 966 332 437 691 1097 262 453 442 557 489 699 0 606 745 396 583 1003 588 552 605 556 918 1025 781 720 695 969 735 901 762 936 726 914 1508 1099 906 1141 420 784 828 927 656 764 783 761 814
319 1107 1329 1332 179 598 487 667 683 113 1394 560 519 739 854 536 945 606 0 343 582 530 1301 440 849 80 264 339 1323 203 407 273 1266 1032 324 1059 358 148 1160 1805 1397 526 1438 755 215 249 1224 902 1010 204 1007 289
581 1188 1410 1413 203 738 760 807 796 428 1475 699 529 879 938 321 989 745 343 0 695 269 1382 179 936 342 210 593 1404 518 146 108 1347 1172 376 1198 574 444 1205 1887 1478 799 1577 895 259 565 1306 946 1054 520 1051 551
751 660 882 885 576 388 982 457 200 667 948 212 208 294 409 418 462 396 582 695 0 532 854 536 404 581 531 894 876 757 670 670 819 587 878 613 912 702 677 1359 950 922 992 546 760 804 778 419 526 759 523 790
768 1025 1247 1250 390 576 948 645 633 615 1313 537 366 717 775 159 827 583 530 269 532 0 1219 111 774 529 308 780 1241 706 244 295 1185 1010 564 1037 761 631 1042 1724 1315 987 1416 733 446 752 1143 784 891 707 889 738
1115 222 101 104 1295 996 1345 1065 726 1386 166 820 964 775 699 1141 421 1003 1301 1382 854 1219 0 1224 698 1300 1251 1550 95 1361 1357 1390 78 348 1596 375 1568 1421 593 799 169 1286 276 1153 1479 1410 239 464 547 1477 363 1222
678 1030 1252 1254 301 580 858 649 637 526 1317 542 370 721 779 163 831 588 440 179 536 111 1224 0 778 439 218 691 1246 616 155 206 1189 1014 474 1041 672 542 1046 1728 1320 897 1420 737 356 662 1147 788 896 617 893 648
777 504 726 728 843 544 1008 613 281 934 791 368 514 323 64 695 305 552 849 936 404 774 698 778 0 848 799 1161 720 1023 912 938 663 430 1145 457 1180 969 520 1202 794 949 836 702 1028 1071 621 262 370 1026 367 885
259 1106 1328 1331 178 597 439 666 682 166 1393 559 518 738 853 535 944 605 80 342 581 529 1300 439 848 0 263 392 1322 205 406 272 1265 1031 376 1058 411 201 1159 1805 1396 477 1437 755 259 258 1223 901 1009 257 1006 229
502 1057 1279 1282 123 548 681 617 633 349 1344 510 365 690 805 346 871 556 264 210 531 308 1251 218 799 263 0 576 1273 439 185 203 1216 983 412 1009 594 384 1086 1756 1347 720 1388 706 295 486 1175 828 936 440 933 472
566 1356 1578 1581 491 910 319 979 995 253 1643 872 831 1051 1166 833 1257 918 339 593 894 780 1550 691 1161 392 576 0 1572 308 658 523 1515 1281 406 1308 66 253 1472 2054 1646 358 1687 1068 397 247 1473 1214 1322 156 1319 536
1137 244 123 87 1317 1018 1367 1087 748 1408 116 842 986 797 721 1163 443 1025 1323 1404 876 1241 95 1246 720 1322 1273 1572 0 1383 1379 1412 100 370 1618 397 1590 1443 615 748 118 1308 226 1175 1501 1432 261 486 569 1499 385 1244
299 1161 1383 1386 354 774 328 843 859 117 1448 735 694 915 1023 711 1121 781 203 518 757 706 1355 616 1017 205 439 308 1377 0 583 448 1320 1086 416 1113 327 116 1336 1860 1451 366 1492 931 323 104 1278 1078 1185 173 1156 269
645 1163 1385 1388 268 713 825 782 771 493 1451 674 504 854 913 297 965 720 407 146 670 244 1357 155 912 406 185 658 1379 583 0 173 1322 1147 441 1174 639 509 1180 1862 1453 864 1553 870 323 629 1281 922 1029 584 1027 615
511 1196 1418 1421 133 687 691 756 772 358 1483 649 504 829 943 348 1010 695 273 108 670 295 1390 206 938 272 203 523 1412 448 173 0 1355 1121 306 1148 504 374 1225 1895 1486 729 1527 845 189 495 1313 967 1075 450 1072 481
1080 187 106 109 1260 961 1311 1030 691 1351 171 785 930 740 664 1106 386 969 1266 1347 819 1185 78 1189 663 1265 1216 1515 100 1326 1322 1355 0 313 1562 340 1533 1386 558 804 174 1251 281 1118 1444 1376 204 429 512 1443 328 1187
846 255 376 379 1027 728 1077 797 603 1118 442 552 697 507 435 907 454 735 1032 1172 587 1010 348 1014 430 1031 983 1281 370 1092 1147 1121 313 0 1328 85 1300 1153 626 1074 444 1018 424 885 1211 1142 272 497 580 1209 396 954
615 1403 1624 1627 343 894 690 963 979 342 1690 855 714 1035 1150 616 1219 901 324 376 878 564 1596 474 1145 376 412 406 1618 416 441 306 1562 1328 0 1355 387 318 1434 2101 1692 729 1734 1051 180 458 1520 1176 1284 413 1281 585
873 282 403 406 1053 754 1104 823 629 1144 468 578 724 533 462 934 480 762 1059 1198 613 1037 375 1041 457 1058 1009 1308 397 1119 1174 1148 340 85 1355 0 1327 1179 653 1101 471 1044 397 911 1237 1169 279 524 606 1236 423 980
584 1374 1596 1599 509 929 337 998 1014 272 1662 890 849 1070 1185 814 1276 936 358 574 912 761 1568 672 1180 411 594 66 1590 327 639 504 1533 1300 387 1327 0 245 1491 2073 1664 376 1705 1086 378 265 1492 1233 1340 174 1338 554
395 1227 1449 1452 299 719 401 787 803 62 1514 680 639 860 975 656 1065 726 148 444 702 631 1421 542 969 201 384 253 1443 116 509 374 1386 1153 318 1179 245 0 1281 1926 1517 440 1558 876 247 163 1345 1022 1130 118 1127 365
1146 399 621 624 1145 907 1377 976 549 1246 687 731 787 735 521 963 415 914 1160 1205 677 1042 593 1046 520 1159 1086 1472 615 1336 1180 1225 558 626 1434 653 1491 1281 0 1098 689 1317 796 1064 1317 1382 517 286 229 1337 357 1253
1616 869 800 725 1796 1497 1846 1566 1227 1887 709 1321 1465 1276 1200 1642 922 1504 1802 1883 1355 1720 772 1725 1199 1801 1752 2051 722 1862 1858 1891 777 1048 2097 1074 2069 1922 1094 0 711 1787 818 1654 1980 1911 938 965 1048 1979 864 1723
1211 318 197 122 1391 1092 1441 1161 822 1482 88 916 1060 871 795 1237 517 1099 1397 1478 950 1315 169 1320 794 1396 1347 1646 118 1457 1453 1486 174 444 1692 471 1664 1517 689 738 0 1382 131 1249 1575 1506 335 560 643 1574 459 1318
243 1034 1256 1259 600 841 475 910 905 426 1321 730 940 910 896 957 1087 848 502 763 864 951 1228 861 890 442 684 597 1250 331 828 694 1193 959 726 986 616 426 1259 1732 1324 0 1365 998 632 380 1151 1044 1152 474 1029 350
1252 425 304 229 1432 1133 1483 1202 929 1523 128 957 1103 912 841 1312 624 1141 1438 1577 992 1416 276 1420 836 1437 1388 1687 226 1498 1553 1527 281 424 1734 397 1705 1558 796 845 131 1423 0 1290 1616 1548 346 667 750 1615 566 1359
885 959 1181 1184 750 206 1116 125 587 841 1247 412 603 592 707 638 849 420 755 895 546 733 1153 737 702 755 706 1068 1175 931 870 845 1118 885 1051 911 1086 876 1064 1658 1249 1056 1290 0 934 978 1077 806 914 932 911 964
498 1285 1507 1510 225 777 607 846 862 232 1573 738 596 918 1033 499 1102 784 215 259 760 446 1479 356 1028 259 295 397 1501 323 323 189 1444 1211 180 1237 378 247 1317 1984 1575 646 1616 934 0 369 1403 1059 1167 324 1164 468
349 1211 1432 1435 401 820 284 889 905 163 1498 782 741 961 1072 758 1167 828 249 565 804 752 1404 662 1067 258 486 247 1426 104 629 495 1370 1136 458 1163 265 163 1382 1909 1500 322 1542 978 369 0 1328 1124 1232 124 1206 319
1039 146 267 270 1219 920 1269 989 650 1310 332 744 888 699 623 1064 344 927 1224 1306 778 1143 239 1147 621 1223 1175 1473 261 1284 1281 1313 204 272 1520 279 1492 1345 517 965 335 1210 346 1077 1403 1334 0 388 470 1401 287 1146
931 282 503 506 887 649 1162 718 291 987 569 473 529 477 263 705 176 656 902 946 419 784 475 788 262 901 828 1214 497 1078 922 967 441 508 1176 535 1233 1022 286 980 571 1102 679 806 1059 1124 399 0 136 1079 238 1038
1039 339 561 564 995 756 1269 825 398 1095 627 580 636 585 371 813 284 764 1010 1054 526 891 533 896 370 1009 936 1322 555 1185 1029 1075 498 566 1284 593 1340 1130 229 1038 629 1210 736 914 1167 1232 457 136 0 1187 297 1146
443 1284 1506 1508 356 775 304 844 860 118 1571 737 696 916 1031 713 1122 783 204 520 759 707 1477 617 1026 257 440 156 1499 173 584 450 1443 1209 413 1236 174 118 1337 1982 1574 342 1615 932 324 124 1401 1079 1187 0 1184 413
916 169 391 394 992 754 1147 823 396 1092 457 578 634 576 368 810 90 761 1007 1051 523 889 363 893 367 1006 933 1319 385 1162 1027 1072 328 396 1281 423 1338 1127 357 868 459 1087 566 911 1164 1212 287 228 311 1184 0 1023
161 1028 1250 1253 387 806 414 875 891 365 1315 725 727 904 890 744 1081 814 289 551 790 738 1222 648 885 229 472 536 1244 269 615 481 1187 954 585 980 554 365 1253 1727 1318 448 1359 964 468 319 1146 1038 1146 413 1023 0
EOF