NAME : tsp_problem
TYPE : TSP
DIMENSION : 38
EDGE_WEIGHT_TYPE : EXPLICIT
EDGE_WEIGHT_FORMAT : FULL_MATRIX
EDGE_WEIGHT_SECTION
0 271 565 749 516 302 1101 1292 504 1083 236 434 538 876 465 514 1141 569 289 1126 760 1204 104 859 982 1048 391 1031 236 216 502 489 271 772 1099 651 343 468
271 0 645 558 547 111 1133 1262 535 1000 406 390 569 793 497 545 1173 601 458 1157 855 1174 247 671 899 1079 560 948 154 386 534 297 441 584 1046 460 375 614
565 645 0 761 930 676 1443 1656 829 1457 417 289 953 1250 790 839 1483 984 609 1467 1080 1567 568 760 1356 1411 199 1405 534 536 827 690 591 673 1462 665 807 788
749 558 761 0 1025 463 1610 1740 1013 1477 712 505 1047 1271 974 1023 1650 1078 903 1635 1333 1652 725 215 1377 1557 737 1426 631 830 1011 370 886 302 1523 200 852 1083
516 547 930 1025 0 578 829 1020 285 983 601 749 228 702 376 276 869 158 416 854 652 932 492 1136 882 776 756 858 513 457 413 765 399 1049 827 928 433 486
302 111 676 463 578 0 1163 1293 566 1030 437 420 600 824 527 576 1203 631 489 1188 885 1205 278 576 930 1110 591 979 184 416 564 203 472 489 1076 366 405 644
1101 1133 1443 1610 829 1163 0 492 682 747 1114 1312 851 466 699 673 257 882 950 242 716 424 1077 1721 646 377 1268 567 1098 991 681 1350 933 1635 478 1513 1018 720
1292 1262 1656 1740 1020 1293 492 0 873 873 1327 1463 1042 593 964 864 424 1073 1141 408 991 121 1268 1851 773 263 1481 415 1227 1182 955 1480 1124 1764 307 1642 1209 994
504 535 829 1013 285 566 682 873 0 836 500 698 307 554 137 56 722 338 314 706 495 785 480 1123 735 628 654 710 500 355 174 753 297 1036 679 915 421 254
1083 1000 1457 1477 983 1030 747 873 836 0 1218 1201 1005 327 927 827 787 1036 1104 771 1133 785 1059 1588 170 640 1372 482 965 1145 936 1217 1087 1502 585 1380 1129 975
236 406 417 712 601 437 1114 1327 500 1218 0 287 624 1008 461 510 1154 655 280 1138 751 1239 239 711 1117 1082 243 1164 371 207 498 624 262 624 1133 616 478 459
434 390 289 505 749 420 1312 1463 698 1201 287 0 771 994 660 708 1352 802 478 1336 949 1375 437 504 1100 1280 311 1150 278 405 696 434 460 417 1247 409 576 658
538 569 953 1047 228 600 851 1042 307 1005 624 771 0 724 398 298 891 281 438 876 674 954 514 1158 904 798 778 880 535 479 435 787 421 1071 849 950 455 508
876 793 1250 1271 702 824 466 593 554 327 1008 994 724 0 645 546 506 755 823 490 851 505 852 1382 226 360 1163 202 758 864 655 1011 805 1295 305 1174 891 693
465 497 790 974 376 527 699 964 137 927 461 660 398 645 0 147 739 429 276 723 381 876 441 1084 826 719 616 801 462 317 101 714 259 997 770 877 382 140
514 545 839 1023 276 576 673 864 56 827 510 708 298 546 147 0 713 329 325 697 496 776 490 1133 726 619 664 702 510 365 184 763 307 1046 670 925 431 264
1141 1173 1483 1650 869 1203 257 424 722 787 1154 1352 891 506 739 713 0 922 990 80 756 356 1117 1761 686 328 1308 579 1138 1031 721 1390 973 1674 490 1553 1058 760
569 601 984 1078 158 631 882 1073 338 1036 655 802 281 755 429 329 922 0 469 907 706 985 545 1189 936 829 809 911 566 510 466 818 452 1102 880 981 486 539
289 458 609 903 416 489 950 1141 314 1104 280 478 438 823 276 325 990 469 0 974 634 1053 291 902 1003 897 434 979 424 135 313 676 34 816 948 807 370 393
1126 1157 1467 1635 854 1188 242 408 706 771 1138 1336 876 490 723 697 80 907 974 0 741 341 1102 1746 670 312 1293 563 1122 1015 705 1375 957 1659 474 1537 1043 744
760 855 1080 1333 652 885 716 991 495 1133 751 949 674 851 381 496 756 706 634 741 0 924 763 1374 1032 876 906 1007 820 652 363 1072 617 1287 976 1235 741 402
1204 1174 1567 1652 932 1205 424 121 785 785 1239 1375 954 505 876 776 356 985 1053 341 924 0 1180 1763 685 175 1393 327 1139 1094 885 1392 1036 1676 219 1554 1121 924
104 247 568 725 492 278 1077 1268 480 1059 239 437 514 852 441 490 1117 545 291 1102 763 1180 0 836 958 1024 393 1007 212 219 478 465 274 749 1075 627 319 471
859 671 760 215 1136 576 1721 1851 1123 1588 711 504 1158 1382 1084 1133 1761 1189 902 1746 1374 1763 836 0 1487 1668 736 1537 665 829 1121 491 885 110 1634 321 963 1082
982 899 1356 1377 882 930 646 773 735 170 1117 1100 904 226 826 726 686 936 1003 670 1032 685 958 1487 0 539 1271 382 864 1044 835 1116 986 1401 484 1279 1029 874
1048 1079 1411 1557 776 1110 377 263 628 640 1082 1280 798 360 719 619 328 829 897 312 876 175 1024 1668 539 0 1236 270 1044 937 728 1297 879 1581 180 1459 965 767
391 560 199 723 756 591 1268 1481 654 1372 243 298 778 1163 616 664 1308 809 434 1293 906 1393 393 722 1271 1236 0 1319 496 361 653 652 417 635 1287 627 632 614
1025 942 1399 1420 858 973 567 415 710 482 1160 1144 880 202 801 702 579 911 979 563 1007 327 1001 1531 382 270 1314 0 908 1020 811 1160 961 1444 198 1323 1047 849
236 154 534 631 513 184 1098 1227 500 965 371 278 535 758 462 510 1138 566 424 1122 820 1139 212 665 864 1044 510 914 0 351 499 371 406 579 1011 534 340 579
216 386 536 830 457 416 991 1182 355 1145 207 405 479 864 317 365 1031 510 135 1015 652 1094 219 829 1044 937 361 1020 351 0 354 603 118 743 988 734 410 360
502 534 827 1011 413 564 681 955 174 936 498 696 435 655 101 184 721 466 313 705 363 885 478 1121 835 728 653 811 499 354 0 751 295 1034 779 914 419 122
489 297 690 370 765 203 1350 1480 753 1217 624 434 787 1011 714 763 1390 818 676 1375 1072 1392 465 491 1116 1297 666 1166 371 603 751 0 659 488 1263 273 592 831
271 441 591 886 399 472 933 1124 297 1087 262 460 421 805 259 307 973 452 34 957 617 1036 274 885 986 879 417 961 406 118 295 659 0 798 930 790 352 376
772 584 673 302 1049 489 1635 1764 1036 1502 624 417 1071 1295 997 1046 1674 1102 816 1659 1287 1676 749 110 1401 1581 649 1450 579 743 1034 488 798 0 1547 407 876 995
1099 1045 1462 1523 827 1076 478 307 679 585 1133 1247 849 305 770 670 490 880 948 474 976 219 1075 1634 484 180 1287 198 1011 988 779 1263 930 1547 0 1426 1016 818
651 460 665 200 928 366 1513 1642 915 1380 616 409 950 1174 877 925 1553 981 807 1537 1235 1554 627 321 1279 1459 641 1329 534 734 914 273 790 407 1426 0 755 987
343 375 807 852 433 405 1018 1209 421 1129 478 576 455 891 382 431 1058 486 370 1043 741 1121 319 963 1029 965 632 1047 340 410 419 592 352 876 1016 755 0 500
468 614 788 1083 486 644 720 994 254 975 459 658 508 693 140 264 760 539 393 744 402 924 471 1082 874 767 614 849 579 360 122 831 376 995 818 987 500 0
EOF