NAME : tsp_problem
TYPE : TSP
DIMENSION : 56
EDGE_WEIGHT_TYPE : EXPLICIT
EDGE_WEIGHT_FORMAT : FULL_MATRIX
EDGE_WEIGHT_SECTION
0 1140 727 1259 1260 1215 745 1079 1012 755 1048 414 744 398 554 1144 1236 726 400 420 357 562 1147 1483 156 907 902 801 474 1649 471 458 1386 547 894 753 1283 765 1272 411 352 765 1195 770 157 830 553 393 206 1129 552 511 484 263 283 479
1134 0 818 387 473 165 842 250 154 777 317 954 841 1216 1181 412 511 524 1218 960 897 1319 357 475 995 258 280 897 1231 641 1134 998 578 1365 285 675 314 861 484 1201 1416 673 145 853 1118 852 1031 1457 1270 173 1006 891 1024 922 1348 1297
727 818 0 724 708 727 399 1015 690 163 800 376 398 665 415 895 684 676 453 381 490 553 1097 1009 588 741 763 454 465 1153 368 340 834 622 768 180 1080 418 720 435 902 193 773 86 712 238 261 943 757 678 248 265 331 515 834 680
1259 387 724 0 130 238 748 568 364 654 516 965 747 1341 1091 612 227 730 1129 971 1022 1229 676 427 1120 457 479 803 1141 569 1044 1009 256 1298 484 581 633 768 142 1111 1541 579 284 730 1244 729 937 1582 1396 281 912 797 1007 1047 1473 1356
1260 473 708 130 0 324 749 654 408 583 517 966 748 1320 1071 613 156 731 1108 972 1023 1209 762 393 1121 458 480 804 1121 534 1023 995 150 1278 485 582 719 769 71 1091 1542 580 370 659 1245 658 916 1583 1397 367 904 798 986 1048 1474 1335
1210 165 727 238 324 0 751 359 229 686 392 968 750 1291 1094 488 420 600 1132 974 973 1232 467 372 1070 333 355 806 1144 516 1047 1012 429 1301 360 584 424 771 336 1114 1491 582 62 762 1194 761 940 1532 1346 150 915 800 1010 997 1423 1359
745 842 399 748 749 751 0 883 714 419 824 451 85 827 629 919 725 530 666 457 508 766 951 1033 606 711 706 104 679 1177 581 495 875 836 699 256 1087 216 761 648 1027 254 797 442 730 494 474 1068 882 702 450 283 521 533 959 893
990 315 940 524 610 390 794 0 285 908 381 810 793 1071 1037 476 642 380 1074 816 753 1175 519 735 851 240 234 850 1087 889 990 854 720 1221 227 806 576 814 621 1057 1272 803 369 983 974 983 950 1313 1126 304 938 772 880 778 1204 1153
1012 154 690 364 408 229 714 351 0 650 189 832 713 1094 1058 285 384 403 1095 838 776 1195 459 574 873 130 152 770 1108 729 1010 877 533 1243 157 548 416 734 419 1078 1294 545 209 725 997 725 903 1335 1149 143 879 764 903 800 1226 1176
755 777 163 654 583 686 419 974 650 0 759 461 418 775 526 854 559 704 563 467 518 663 1082 951 616 700 722 475 576 1092 478 450 709 733 727 208 1039 439 595 546 1012 221 732 114 740 92 371 1053 867 637 359 293 441 543 944 790
1048 317 800 516 517 392 824 509 189 759 0 868 823 1130 1095 171 493 439 1132 874 811 1233 577 737 909 166 188 879 1145 892 1048 913 643 1279 193 657 579 844 529 1115 1330 655 372 835 1033 834 1008 1371 1185 306 988 830 938 836 1262 1211
414 960 376 965 966 968 451 899 832 461 868 0 450 495 252 964 942 546 289 46 177 389 967 1250 275 727 722 506 302 1394 204 69 1092 459 715 459 1103 471 978 272 696 470 1014 419 398 536 164 737 550 919 163 217 95 202 627 516
744 841 398 747 748 750 85 882 713 418 823 450 0 826 628 918 724 529 665 456 507 765 950 1032 605 710 705 111 678 1176 580 494 874 835 698 255 1086 215 760 647 1026 253 796 441 729 493 473 1067 881 701 449 282 520 532 958 892
398 1221 665 1341 1320 1297 827 1160 1094 775 1130 495 826 0 402 1225 1296 807 248 501 370 410 1228 1564 486 989 983 882 322 1731 318 465 1445 265 976 796 1365 846 1332 259 483 809 1276 707 487 850 453 524 337 1211 452 592 456 463 415 197
554 1185 415 1091 1071 1094 629 1126 1058 526 1095 252 628 402 0 1191 1047 773 190 256 404 290 1194 1377 502 954 949 684 202 1520 105 216 1196 360 941 547 1330 648 1082 172 639 560 1140 458 625 601 204 680 494 1045 203 442 207 429 571 417
1144 412 895 612 613 488 919 604 285 854 171 964 918 1225 1191 0 589 534 1228 969 907 1328 672 832 1004 261 283 975 1240 987 1143 1008 738 1374 288 753 674 939 624 1210 1425 750 467 930 1128 930 1103 1466 1280 402 1084 926 1034 931 1357 1307
1236 511 684 227 156 420 725 708 384 559 493 942 724 1296 1047 589 0 707 1084 948 999 1184 816 524 1097 434 456 780 1097 665 999 971 282 1254 461 558 773 745 168 1066 1518 556 466 635 1221 634 892 1559 1372 371 880 774 962 1024 1450 1311
726 530 676 730 731 606 530 469 403 704 439 546 529 807 773 534 707 0 810 552 489 911 537 873 587 297 292 585 823 1040 725 590 856 956 285 552 673 550 742 793 1008 549 585 719 710 779 685 1049 862 520 674 508 616 514 939 889
400 1223 453 1129 1108 1132 666 1163 1095 563 1132 289 665 248 190 1228 1084 810 0 294 373 328 1231 1414 488 991 986 722 240 1558 143 253 1234 397 979 585 1367 686 1120 109 486 598 1178 496 489 639 242 527 340 1083 240 480 244 466 417 330
420 966 381 971 972 974 457 905 838 467 874 46 456 501 256 969 948 552 294 0 183 394 972 1256 281 733 728 512 306 1400 209 74 1097 463 720 464 1109 476 984 276 702 476 1019 423 404 542 169 743 556 925 168 222 100 208 633 521
357 903 490 1022 1023 979 508 842 776 518 811 177 507 370 404 907 999 489 373 183 0 535 910 1246 218 670 665 564 447 1412 356 221 1149 520 658 516 1046 528 1035 384 571 528 958 533 341 593 317 612 425 893 315 274 247 145 502 452
548 1323 553 1229 1209 1232 766 1264 1195 663 1233 389 765 396 290 1328 1184 911 328 394 521 0 1331 1514 637 1092 1087 822 107 1658 243 353 1334 227 1079 685 1468 786 1220 310 634 698 1278 596 638 739 342 675 488 1183 340 580 344 567 565 284
1066 237 1003 556 642 347 871 109 339 962 460 886 870 1148 1113 555 696 457 1151 892 830 1251 0 513 927 319 314 926 1163 680 1066 931 741 1297 306 860 314 890 653 1133 1348 857 329 1037 1051 1037 1026 1389 1203 358 1015 848 957 854 1280 1230
1483 475 1009 427 393 372 1033 526 574 951 737 1250 1032 1564 1377 832 524 873 1414 1256 1246 1514 634 0 1344 678 700 1089 1427 195 1329 1295 452 1584 705 867 591 1053 382 1397 1765 864 407 1027 1467 1026 1222 1806 1619 495 1198 1083 1292 1271 1696 1641
156 1001 588 1120 1121 1076 606 940 873 616 909 275 605 486 502 1004 1097 587 488 281 218 639 1007 1344 0 768 763 661 552 1510 454 319 1247 635 755 614 1144 626 1133 499 440 625 1056 631 140 691 414 481 294 990 413 372 345 124 371 567
907 258 741 457 458 333 711 368 130 700 166 727 710 989 954 261 434 297 991 733 670 1092 436 678 768 0 129 767 1004 833 907 771 584 1138 134 598 520 731 470 974 1189 596 313 776 892 775 867 1230 1043 247 855 689 797 695 1121 1070
902 280 763 479 480 355 706 363 152 722 188 722 705 983 949 283 456 292 986 728 665 1087 430 700 763 129 0 761 999 854 901 766 606 1132 139 620 542 726 492 969 1184 617 334 797 886 797 861 1225 1038 269 850 684 792 690 1115 1065
801 897 454 803 804 806 104 939 770 475 879 506 111 882 684 975 780 585 722 512 564 822 1006 1089 661 767 761 0 734 1232 636 551 930 891 754 311 1143 271 816 704 1082 309 852 497 785 550 529 1123 937 757 505 339 576 588 1014 949
461 1235 465 1141 1121 1144 679 1176 1108 576 1145 302 678 308 202 1240 1097 823 240 306 433 107 1243 1427 549 1004 999 734 0 1570 155 266 1246 176 991 597 1380 698 1132 222 546 610 1190 508 550 651 254 587 400 1095 253 492 257 479 477 234
1596 588 1123 541 506 486 1147 639 688 1064 850 1364 1146 1678 1490 946 637 987 1528 1369 1359 1628 747 338 1457 791 813 1202 1540 0 1443 1408 565 1697 818 980 704 1166 495 1510 1878 977 520 1140 1581 1139 1335 1919 1733 608 1311 1196 1405 1384 1810 1755
471 1138 368 1044 1023 1047 581 1079 1010 478 1048 204 580 318 105 1143 999 725 143 209 356 243 1146 1329 454 907 901 636 155 1473 0 168 1149 312 894 499 1283 601 1035 125 556 513 1093 411 560 553 156 597 410 998 155 395 159 381 488 370
458 1004 340 1009 995 1012 495 943 877 450 913 69 494 465 216 1008 971 590 253 74 221 353 1011 1295 319 771 766 551 266 1438 168 0 1121 423 759 471 1147 515 1007 236 702 485 1058 383 443 525 128 743 557 963 127 261 59 246 634 480
1386 578 834 256 150 429 875 754 533 709 643 1092 874 1445 1196 738 282 856 1234 1097 1149 1334 861 452 1247 584 606 930 1246 593 1149 1121 0 1403 611 708 818 894 139 1216 1668 705 475 784 1370 784 1042 1709 1522 477 1029 924 1112 1174 1599 1461
547 1371 622 1298 1278 1301 836 1310 1243 733 1279 459 835 265 360 1374 1254 956 397 463 520 227 1377 1584 635 1138 1132 891 176 1727 312 423 1403 0 1125 754 1514 855 1289 379 632 767 1347 665 636 808 411 673 487 1252 410 649 414 612 564 90
894 285 768 484 485 360 699 355 157 727 193 715 698 976 941 288 461 285 979 720 658 1079 423 705 755 134 139 754 991 859 894 759 611 1125 0 625 547 718 497 961 1176 622 340 803 879 802 854 1217 1031 274 843 676 785 682 1108 1058
753 675 180 581 582 584 256 873 548 208 657 459 255 796 547 753 558 552 585 464 516 685 973 867 614 598 620 311 597 1010 499 471 708 754 625 0 937 276 594 567 1034 87 630 223 737 283 392 1075 888 535 368 291 462 541 965 812
1383 375 933 444 530 296 957 426 476 892 639 1174 956 1464 1300 734 626 773 1338 1180 1146 1438 534 392 1244 580 602 1012 1350 558 1253 1218 620 1507 607 790 0 977 541 1320 1665 788 329 968 1367 967 1146 1706 1519 417 1121 1006 1216 1171 1596 1546
765 861 418 768 769 771 216 903 734 439 844 471 215 846 648 939 745 550 686 476 528 786 970 1053 626 731 726 271 698 1196 601 515 894 855 718 276 1107 0 780 668 1047 273 816 461 749 514 494 1088 901 722 469 303 541 553 978 913
1272 484 720 142 71 336 761 666 419 595 529 978 760 1332 1082 624 168 742 1120 984 1035 1220 774 382 1133 470 492 816 1132 523 1035 1007 139 1289 497 594 731 780 0 1102 1554 591 381 670 1256 670 928 1595 1408 379 915 810 998 1060 1485 1347
411 1205 435 1111 1091 1114 648 1146 1078 546 1115 272 647 259 172 1210 1066 793 109 276 384 310 1213 1397 499 974 969 704 222 1540 125 236 1216 379 961 567 1350 668 1102 0 497 580 1160 478 500 621 224 538 351 1065 222 462 226 449 428 341
352 1422 902 1541 1542 1497 1027 1361 1294 1012 1330 696 1026 483 639 1425 1518 1008 486 702 571 647 1428 1765 440 1189 1184 1082 559 1931 556 702 1668 632 1176 1034 1565 1047 1554 497 0 1047 1477 945 412 1088 691 275 184 1411 689 793 693 548 166 565
765 673 193 579 580 582 254 870 545 221 655 470 253 809 560 750 556 549 598 476 528 698 970 864 625 596 617 309 610 1007 513 485 705 767 622 87 935 273 591 580 1047 0 627 236 749 296 406 1088 901 533 381 303 476 553 978 825
1189 145 773 284 370 62 797 342 209 732 372 1009 796 1270 1140 467 466 579 1178 1015 952 1278 450 407 1050 313 334 852 1190 561 1093 1053 475 1347 340 630 407 816 381 1160 1471 627 0 807 1173 807 985 1512 1325 129 961 846 1055 977 1402 1352
770 853 86 730 659 762 442 1050 725 114 835 419 441 707 458 930 635 719 496 423 533 596 1140 1027 631 776 797 497 508 1168 411 383 784 665 803 223 1115 461 670 478 945 236 807 0 754 189 304 986 799 713 291 308 374 558 877 723
157 1124 712 1244 1245 1200 730 1063 997 740 1033 398 729 487 625 1128 1221 710 489 404 341 651 1131 1467 140 892 886 785 563 1634 560 443 1370 636 879 737 1268 749 1256 500 412 749 1179 754 0 815 538 482 295 1114 537 495 468 248 372 568
830 852 238 729 658 761 494 1049 725 92 834 536 493 850 601 930 634 779 639 542 593 739 1157 1026 691 775 797 550 651 1167 553 525 784 808 802 283 1114 514 670 621 1088 296 807 189 815 0 446 1129 942 712 434 368 516 618 1019 865
553 1031 261 937 916 940 474 1039 903 371 1008 164 473 453 204 1103 892 685 242 169 317 342 1106 1222 414 867 861 529 254 1365 156 128 1042 411 854 392 1243 494 928 224 691 406 985 304 538 446 0 732 545 891 48 288 119 341 622 469
393 1463 943 1582 1583 1538 1068 1402 1335 1053 1371 737 1067 524 680 1466 1559 1049 527 743 612 688 1469 1806 481 1230 1225 1123 600 1972 597 743 1709 673 1217 1075 1606 1088 1595 538 275 1088 1518 986 482 1129 732 0 225 1452 730 834 734 589 167 606
206 1276 757 1396 1397 1352 882 1215 1149 867 1185 550 881 337 494 1280 1372 862 340 556 425 502 1283 1619 294 1043 1038 937 414 1786 410 557 1522 487 1031 888 1419 901 1408 351 184 901 1331 799 295 942 545 225 0 1266 544 647 548 402 116 419
1123 173 678 281 367 150 702 370 143 637 306 919 701 1205 1045 402 371 514 1083 925 887 1183 478 495 984 247 269 757 1095 649 998 963 477 1252 274 535 435 722 379 1065 1405 533 129 713 1108 712 891 1446 1260 0 866 751 961 911 1337 1287
552 1006 248 912 904 915 450 1027 879 359 988 163 449 452 203 1084 880 674 240 168 315 340 1095 1198 413 855 850 505 253 1341 155 127 1029 410 843 368 1231 469 915 222 689 381 961 291 537 434 48 730 544 866 0 263 118 340 621 467
511 891 265 797 798 800 283 861 764 293 830 217 282 592 442 926 774 508 480 222 274 580 928 1083 372 689 684 339 492 1226 395 261 924 649 676 291 1065 303 810 462 793 303 846 308 495 368 288 834 647 751 263 0 287 299 724 674
484 1030 331 1007 986 1010 521 969 903 441 938 95 520 456 207 1034 962 616 244 100 247 344 1037 1292 345 797 792 576 257 1435 159 59 1112 414 785 462 1173 541 998 226 693 476 1055 374 468 516 119 734 548 961 118 287 0 272 625 471
263 928 515 1047 1048 1003 533 867 800 543 836 202 532 463 429 931 1024 514 466 208 145 567 934 1271 124 695 690 588 479 1437 381 246 1174 612 682 541 1071 553 1060 449 548 553 983 558 248 618 341 589 402 917 340 299 272 0 479 545
283 1354 834 1473 1474 1429 959 1293 1226 944 1262 627 958 415 571 1357 1450 939 417 633 502 579 1360 1696 371 1121 1115 1014 491 1863 488 634 1599 564 1108 965 1497 978 1485 428 166 978 1408 877 372 1019 622 167 116 1343 621 724 625 479 0 496
479 1303 680 1356 1335 1359 893 1242 1176 790 1211 516 892 197 417 1307 1311 889 330 521 452 284 1310 1641 567 1070 1065 949 234 1785 370 480 1461 90 1058 812 1446 913 1347 341 565 825 1358 723 568 865 469 606 419 1292 467 674 471 545 496 0
EOF