NAME : tsp_problem
TYPE : TSP
DIMENSION : 70
EDGE_WEIGHT_TYPE : EXPLICIT
EDGE_WEIGHT_FORMAT : FULL_MATRIX
EDGE_WEIGHT_SECTION
0 74 1845 441 728 284 629 726 926 1011 1699 1190 1305 453 919 1226 1419 1360 1529 1238 971 873 1384 1625 256 745 1306 1065 391 1268 963 164 441 647 1143 1058 1099 1017 335 1058 1334 1078 147 308 1440 962 947 1601 185 1273 1370 1308 1391 77 190 404 1067 429 1472 1434 1517 719 1149 1403 369 218 899 463 1070 1573
74 0 1791 387 674 230 576 672 872 957 1645 1136 1251 399 865 1172 1365 1306 1475 1184 917 819 1330 1571 202 691 1252 1011 337 1214 909 213 387 593 1089 1004 1045 963 281 1004 1280 1024 93 254 1386 908 893 1547 131 1219 1316 1254 1337 82 136 350 1013 375 1418 1380 1463 665 1095 1349 315 267 845 409 1016 1519
1751 1697 0 1722 1295 1811 1383 1294 961 1216 357 867 641 1387 1125 830 440 966 256 703 829 2179 990 392 1783 1262 571 810 1485 794 2269 1776 1364 1184 916 883 897 1223 1862 1263 505 918 1633 1576 397 1100 1152 259 1712 687 594 537 465 1699 1594 1685 812 1410 372 658 608 1286 884 627 1507 1830 1111 1383 808 275
441 387 1815 0 698 500 557 697 828 982 1669 1105 1219 551 890 1127 1358 1331 1500 1176 941 869 1354 1564 473 647 1276 1036 325 1182 959 579 528 618 1058 959 1000 988 552 1028 1273 979 323 241 1379 864 917 1571 402 1242 1340 1279 1361 389 407 208 1037 574 1411 1404 1434 689 1051 1373 302 602 801 547 1040 1512
728 674 1366 698 0 787 298 137 409 494 1243 673 787 364 402 709 901 1087 1074 720 697 1155 1110 1107 760 557 1032 791 501 750 1245 753 340 130 626 554 651 500 838 540 817 630 610 565 923 469 429 1145 689 785 1096 990 920 676 571 661 793 387 954 1160 999 130 691 1129 523 807 555 360 796 1056
284 230 1904 500 787 0 689 786 985 1071 1758 1250 1364 512 979 1285 1478 1420 1589 1297 1030 729 1443 1684 77 805 1365 1124 451 1327 819 169 501 707 1203 1117 1158 1077 191 1117 1394 1137 206 367 1500 1021 1006 1660 137 1333 1429 1368 1450 231 249 464 1126 488 1531 1493 1576 778 1208 1462 428 121 959 522 1129 1633
629 576 1454 557 298 689 0 297 497 581 1331 761 875 266 490 796 989 1045 1162 808 655 1057 1068 1195 662 349 990 750 291 838 1147 655 242 217 714 642 702 587 740 628 905 681 511 382 1010 557 517 1233 590 873 1054 993 1008 577 472 552 751 288 1042 1118 1087 289 752 1087 313 709 503 261 754 1143
726 672 1365 697 137 786 297 0 408 492 1241 671 786 362 400 707 900 1085 1072 719 696 1154 1109 1106 758 556 1030 790 499 749 1244 752 339 128 624 553 649 498 837 539 815 628 608 563 921 468 428 1143 687 784 1095 989 919 674 569 660 792 385 953 1159 998 31 689 1128 521 805 553 358 794 1054
926 872 1032 828 409 985 497 408 0 349 909 339 454 563 257 375 568 796 740 386 624 1353 820 774 958 351 827 643 561 416 1443 952 539 298 292 220 346 355 1036 395 483 325 808 652 589 262 284 811 887 452 850 657 586 874 770 822 645 586 620 914 665 400 357 883 583 1006 348 559 638 722
1011 957 1287 982 494 1071 581 492 349 0 1164 594 709 647 285 630 823 1051 995 641 690 1439 1075 1029 1043 662 1025 784 735 671 1529 1036 624 383 547 475 601 92 1122 133 738 580 893 826 844 566 312 1066 972 707 1089 912 841 959 854 945 786 670 876 1153 920 485 612 1122 757 1090 651 643 789 977
1762 1708 514 1732 1306 1821 1394 1305 972 1227 0 878 652 1398 1135 841 451 977 267 714 840 2190 1001 403 1794 1273 582 821 1496 805 2279 1787 1374 1195 927 894 908 1233 1873 1274 516 929 1644 1587 408 1110 1163 270 1723 697 605 548 476 1710 1605 1696 823 1421 383 669 619 1297 895 638 1518 1841 1122 1394 819 286
1190 1136 935 1105 673 1250 761 671 339 594 814 0 279 826 502 116 542 771 713 253 711 1618 794 677 1222 553 802 618 838 210 1708 1216 803 562 202 175 184 600 1301 641 458 204 1072 929 564 391 529 716 1151 426 825 631 561 1138 1033 1100 619 849 563 889 487 664 170 858 861 1269 398 822 613 625
1305 1251 709 1219 787 1364 875 786 454 709 589 279 0 941 617 265 353 626 487 109 567 1733 650 451 1337 668 658 474 953 226 1822 1330 917 676 350 289 332 715 1416 755 314 353 1187 1044 419 506 644 490 1266 282 681 487 417 1253 1148 1214 475 964 337 745 261 778 319 714 975 1384 546 937 468 399
453 399 1481 551 364 512 266 362 563 647 1335 826 941 0 555 862 1055 996 1165 874 607 1009 1020 1261 485 526 942 701 468 904 1099 476 75 283 779 708 804 653 563 694 970 783 375 418 1076 623 583 1237 414 909 1006 944 1027 401 293 515 703 110 1108 1070 1153 355 844 1039 479 530 680 96 706 1209
919 865 1195 890 402 979 490 400 257 285 1072 502 617 555 0 538 731 959 903 550 598 1347 983 937 951 570 933 692 643 579 1437 945 532 291 455 384 509 291 1030 332 646 488 801 734 752 474 119 974 880 615 997 820 750 867 762 853 694 578 784 1061 829 393 520 1030 665 998 560 551 697 885
1226 1172 899 1127 709 1285 796 707 375 630 778 116 265 862 538 0 542 807 676 289 747 1653 830 640 1258 576 838 654 861 173 1743 1252 839 598 165 211 147 636 1336 677 494 167 1108 952 600 354 565 680 1187 462 861 667 597 1174 1069 1122 655 885 526 925 450 700 134 894 883 1305 361 858 649 588
1419 1365 508 1358 901 1478 989 900 568 823 387 542 353 1055 731 542 0 592 219 331 526 1847 616 250 1451 881 450 439 1091 489 1936 1444 1031 790 625 553 609 829 1530 869 111 630 1301 1182 169 723 758 289 1380 293 473 250 167 1367 1262 1352 441 1078 95 537 320 892 596 506 1113 1498 809 1051 434 198
1360 1306 1048 1331 1087 1420 1045 1085 796 1051 914 771 626 996 959 807 592 0 744 559 439 1788 51 790 1392 1109 603 346 1247 718 1878 1386 973 976 853 781 911 1057 1471 1098 552 931 1242 1197 605 952 986 816 1321 411 627 446 529 1308 1203 1294 347 1019 645 691 735 1078 897 660 1258 1440 1037 992 340 738
1529 1475 349 1500 1074 1589 1162 1072 740 995 203 713 487 1165 903 676 219 744 0 503 607 1957 768 239 1561 1053 349 589 1264 640 2047 1554 1142 963 762 725 743 1001 1640 1042 284 764 1411 1354 175 896 930 105 1490 465 372 316 244 1477 1372 1463 590 1188 218 436 454 1065 730 406 1286 1608 957 1161 586 122
1238 1184 772 1176 720 1297 808 719 386 641 651 253 109 874 550 289 331 559 503 0 499 1665 583 513 1270 642 590 407 910 200 1755 1263 850 609 336 264 394 648 1348 688 246 415 1120 1001 352 480 577 553 1199 215 613 420 349 1186 1081 1171 408 897 384 677 323 711 381 647 932 1317 566 870 401 461
971 917 923 941 697 1030 655 696 624 690 777 711 567 607 598 747 532 439 607 499 0 1399 462 730 1003 916 384 143 858 658 1488 996 583 586 793 721 851 696 1082 737 493 855 853 808 545 830 625 679 932 352 448 387 469 919 814 905 145 630 585 512 675 688 838 481 869 1050 916 603 148 678
846 792 2269 865 1152 703 1053 1150 1350 1435 2123 1614 1729 1005 1343 1650 1843 1784 1953 1662 1395 0 1808 2049 676 1169 1729 1489 815 1691 297 847 981 1071 1567 1481 1522 1441 550 1482 1758 1501 769 731 1864 1386 1370 2025 700 1697 1793 1732 1815 794 812 828 1491 1028 1896 1857 1940 1143 1573 1827 792 805 1323 1001 1493 1997
1384 1330 1072 1354 1110 1443 1068 1109 820 1075 938 794 650 1020 983 830 616 51 768 583 462 1812 0 813 1416 1133 627 369 1271 741 1901 1409 996 999 876 805 934 1081 1495 1121 576 955 1266 1221 629 975 1010 840 1345 435 650 470 553 1332 1227 1318 371 1043 668 714 758 1101 921 683 1282 1463 1061 1016 364 762
1625 1571 291 1564 1107 1684 1195 1106 774 1029 291 677 451 1261 937 640 250 790 239 513 724 2052 813 0 1657 1072 554 637 1297 604 2142 1650 1237 996 726 693 707 1035 1735 1075 317 728 1507 1388 280 909 964 242 1586 499 577 361 277 1573 1468 1558 638 1284 182 641 418 1098 694 610 1319 1704 921 1257 632 151
256 202 1877 473 760 77 662 758 958 1043 1731 1222 1337 485 951 1258 1451 1392 1561 1270 1003 702 1416 1657 0 777 1338 1097 423 1300 792 195 473 679 1175 1090 1131 1049 164 1090 1366 1110 179 340 1472 994 979 1633 110 1305 1402 1340 1423 204 222 436 1099 461 1504 1466 1549 751 1181 1435 401 147 931 495 1102 1605
745 691 1330 647 557 805 349 556 351 662 1209 553 668 526 570 576 881 1109 1053 642 916 1173 1133 1072 777 0 1140 957 380 630 1263 884 502 446 506 408 449 668 856 708 796 428 627 471 902 312 597 1111 706 765 1163 970 900 693 711 642 958 549 934 1227 882 548 499 1197 403 907 249 522 951 1020
1306 1252 665 1276 1032 1365 990 1030 827 1025 519 802 658 942 933 838 450 603 349 590 384 1733 627 554 1338 1140 0 365 1193 749 1823 1331 918 921 884 812 942 1031 1416 1071 413 962 1187 1143 303 983 960 421 1266 442 190 232 312 1253 1148 1239 367 965 499 254 695 1023 928 223 1203 1385 1069 937 369 437
1065 1011 896 1036 791 1124 750 790 643 784 762 618 474 701 692 654 439 346 592 407 143 1493 369 637 1097 957 401 0 952 565 1583 1090 678 680 700 629 758 790 1176 831 400 779 947 902 452 799 720 663 1026 259 466 294 376 1013 908 999 123 724 492 530 582 782 745 499 963 1144 885 697 126 585
391 337 1556 325 501 451 291 499 561 735 1433 838 953 468 643 861 1091 1247 1264 910 858 819 1271 1297 423 380 1193 952 0 916 909 530 444 420 791 693 734 741 502 781 1007 713 273 118 1112 597 670 1335 352 975 1257 1180 1110 339 357 288 954 491 1144 1321 1167 492 784 1290 100 553 534 464 957 1245
1268 1214 863 1182 750 1327 838 749 416 671 742 210 226 904 579 173 489 718 640 200 658 1695 741 604 1300 630 749 565 916 0 1785 1293 880 639 259 252 241 677 1378 718 405 261 1149 1006 511 448 607 644 1228 373 772 578 508 1215 1111 1177 566 927 490 836 414 741 227 805 938 1347 455 899 560 552
936 882 2359 955 1241 793 1143 1240 1440 1525 2212 1704 1819 1095 1433 1739 1933 1874 2043 1751 1485 297 1898 2139 766 1259 1819 1579 905 1781 0 936 1071 1161 1657 1571 1612 1531 640 1572 1848 1591 859 821 1954 1476 1460 2114 790 1787 1883 1822 1905 884 902 918 1581 1118 1985 1947 2030 1232 1663 1917 882 895 1413 1090 1583 2087
164 213 1870 579 753 169 655 752 952 1036 1724 1216 1330 476 945 1252 1444 1386 1554 1263 996 873 1409 1650 195 884 1331 1090 530 1293 963 0 464 673 1169 1097 1193 1042 335 1083 1360 1172 285 446 1465 1012 972 1626 287 1299 1395 1333 1416 216 328 543 1092 451 1497 1459 1542 744 1233 1428 507 72 1038 486 1095 1598
441 387 1457 528 340 501 242 339 539 624 1311 803 917 75 532 839 1031 973 1142 850 583 985 996 1237 473 502 918 678 444 880 1075 464 0 260 756 684 780 630 552 670 947 760 363 394 1053 599 559 1213 402 886 982 921 1003 389 282 491 679 98 1084 1046 1129 331 820 1015 455 518 656 79 682 1186
647 593 1255 618 130 707 217 128 298 383 1132 562 676 283 291 598 790 976 963 609 586 1075 999 996 679 446 921 680 420 639 1165 673 260 0 515 443 540 389 758 429 706 519 529 484 812 358 318 1034 608 674 985 879 809 595 490 581 682 306 843 1049 888 121 580 1018 442 726 444 279 685 945
1143 1089 984 1058 626 1203 714 624 292 547 863 202 350 779 455 165 625 853 762 336 793 1571 876 726 1175 506 884 700 791 259 1661 1169 756 515 0 128 102 553 1254 594 540 122 1025 882 646 310 482 765 1104 509 907 713 643 1091 986 1053 701 802 612 971 536 617 89 940 814 1222 316 775 695 674
1058 1004 952 959 554 1117 642 553 220 475 831 175 289 708 384 211 553 781 725 264 721 1485 805 693 1090 408 812 629 693 252 1575 1097 684 443 128 0 206 481 1168 522 468 223 939 784 574 245 411 733 1018 437 835 642 572 1005 915 954 630 731 579 899 504 545 192 869 715 1151 331 703 623 641
1099 1045 966 1000 651 1158 702 649 346 601 845 184 332 804 509 147 609 911 743 394 851 1526 934 707 1131 449 942 758 734 241 1616 1193 780 540 102 206 0 607 1209 647 598 66 980 825 704 227 536 747 1059 566 965 771 701 1046 1011 995 759 827 593 1029 518 642 70 998 756 1247 234 800 753 656
1017 963 1293 988 500 1077 587 498 355 92 1170 600 715 653 291 636 829 1057 1001 648 696 1445 1081 1035 1049 668 1031 790 741 677 1535 1042 630 389 553 481 607 0 1128 70 744 586 899 832 850 572 318 1072 978 713 1095 918 848 965 860 951 792 676 882 1159 926 491 618 1128 763 1096 657 649 795 983
335 281 1955 552 838 191 740 837 1036 1122 1809 1301 1416 563 1030 1336 1530 1471 1640 1348 1082 576 1495 1735 164 856 1416 1176 502 1378 666 335 552 758 1254 1168 1209 1128 0 1168 1445 1188 257 418 1551 1073 1057 1711 188 1384 1480 1419 1502 283 300 515 1178 539 1582 1544 1627 829 1260 1513 479 293 1010 573 1180 1684
1058 1004 1334 1028 540 1117 628 539 395 133 1211 641 755 694 332 677 869 1098 1042 688 737 1485 1121 1075 1090 708 1071 831 781 718 1575 1083 670 429 594 522 647 70 1168 0 785 627 940 872 891 612 359 1113 1019 753 1135 958 888 1006 901 991 833 717 922 1199 967 531 658 1169 804 1137 698 690 835 1024
1334 1280 576 1273 817 1394 905 815 483 738 453 458 314 970 646 494 111 552 284 246 489 1762 576 317 1366 796 413 400 1007 405 1852 1360 947 706 540 468 598 744 1445 785 0 618 1216 1097 132 639 673 355 1295 208 436 214 130 1282 1177 1268 401 993 164 500 309 808 584 469 1029 1413 724 966 394 265
1078 1024 986 979 630 1137 681 628 325 580 866 204 353 783 488 167 630 931 764 415 855 1505 955 728 1110 428 962 779 713 261 1595 1172 760 519 122 223 66 586 1188 627 618 0 960 804 724 206 515 767 1038 587 986 792 722 1026 990 974 780 806 614 1050 538 621 91 1019 735 1226 213 779 773 676
147 93 1727 323 610 206 511 608 808 893 1581 1072 1187 375 801 1108 1301 1242 1411 1120 853 780 1266 1507 179 627 1187 947 273 1149 870 285 363 529 1025 939 980 899 257 940 1216 960 0 190 1322 844 828 1483 107 1155 1252 1190 1273 94 112 286 949 351 1354 1316 1399 601 1031 1285 251 308 781 385 951 1455
308 254 1647 241 565 367 382 563 652 826 1524 929 1044 418 734 952 1182 1197 1354 1001 808 735 1221 1388 340 471 1143 902 118 1006 825 446 394 484 882 784 825 832 418 872 1097 804 190 0 1203 688 761 1426 268 1066 1207 1145 1201 255 273 204 904 441 1235 1271 1258 556 875 1240 95 469 625 414 906 1336
1440 1386 491 1379 923 1500 1010 921 589 844 344 564 419 1076 752 600 169 605 175 352 539 1868 629 280 1472 902 303 452 1112 511 1958 1465 1053 812 646 574 704 850 1551 891 132 724 1322 1203 0 745 779 246 1401 314 326 176 92 1388 1283 1374 454 1099 219 390 415 914 690 360 1135 1519 830 1072 447 228
962 908 1168 864 469 1021 557 468 262 566 1047 391 506 623 474 354 723 952 896 480 830 1390 975 909 994 312 983 799 597 448 1479 1012 599 358 310 245 227 572 1073 612 639 206 844 688 745 0 501 949 923 607 1006 812 742 910 830 859 800 646 776 1070 720 460 278 1039 620 1066 132 618 794 858
947 893 1223 917 429 1006 517 428 284 312 1099 529 644 583 119 565 758 986 930 577 625 1374 1010 964 979 597 960 720 670 607 1464 972 559 318 482 411 536 318 1057 359 673 515 828 761 779 501 0 1001 907 642 1024 847 777 894 789 880 722 606 811 1088 856 420 547 1057 692 1026 587 578 724 912
1601 1547 275 1571 1145 1660 1233 1143 811 1066 129 716 490 1237 974 680 289 816 105 553 679 2028 840 242 1633 1111 421 660 1335 644 2118 1626 1213 1034 765 733 747 1072 1711 1113 355 767 1483 1426 246 949 1001 0 1562 536 444 387 315 1549 1444 1534 662 1260 221 508 458 1136 734 477 1357 1680 961 1233 658 125
185 131 1806 402 689 137 590 687 887 972 1660 1151 1266 414 880 1187 1380 1321 1490 1199 932 726 1345 1586 110 706 1266 1026 352 1228 816 287 402 608 1104 1018 1059 978 188 1019 1295 1038 107 268 1401 923 907 1562 0 1234 1330 1269 1352 133 151 365 1028 389 1433 1394 1477 680 1110 1364 329 239 860 423 1030 1534
1273 1219 757 1242 785 1333 873 784 452 707 634 426 282 909 615 462 293 411 465 215 352 1701 435 499 1305 765 442 259 975 373 1791 1299 886 674 509 437 566 713 1384 753 208 587 1155 1066 314 607 642 536 1234 0 466 282 293 1221 1116 1207 260 932 346 530 391 776 553 499 997 1352 693 905 253 447
1643 1589 663 1614 1211 1703 1299 1210 877 1132 517 852 708 1279 1040 888 458 861 357 640 722 2071 884 552 1675 1190 463 703 1401 799 2161 1669 1256 1100 934 862 992 1138 1754 1179 421 1012 1525 1480 311 1033 1068 419 1604 602 0 452 381 1591 1486 1577 705 1302 507 550 703 1202 979 520 1423 1722 1119 1275 703 436
1302 1248 619 1273 990 1362 987 989 657 912 485 631 487 938 820 667 250 446 316 420 381 1730 470 361 1334 970 232 294 1180 578 1820 1328 915 879 713 642 771 918 1413 958 214 792 1184 1139 176 812 847 387 1263 282 256 0 100 1250 1145 1236 295 961 300 320 496 981 758 289 1200 1381 898 934 288 309
1385 1331 536 1356 920 1444 1008 919 586 841 413 561 417 1021 750 597 167 529 244 349 463 1813 553 277 1417 900 312 376 1110 508 1903 1410 997 809 643 572 701 848 1496 888 130 722 1267 1201 92 742 777 315 1346 293 335 100 0 1333 1228 1319 378 1044 216 399 412 911 688 368 1132 1464 828 1017 371 225
77 82 1793 389 676 231 577 674 874 959 1647 1138 1253 401 867 1174 1367 1308 1477 1186 919 821 1332 1573 204 693 1253 1013 339 1215 911 216 389 595 1091 1005 1046 965 283 1006 1282 1026 94 255 1388 910 894 1549 133 1221 1318 1256 1339 0 138 352 1015 376 1420 1381 1465 667 1097 1351 316 270 847 410 1017 1521
190 136 1688 407 571 249 472 569 770 854 1542 1033 1148 293 762 1069 1262 1203 1372 1081 814 838 1227 1468 222 711 1148 908 357 1111 928 328 282 490 986 915 1011 860 300 901 1177 990 112 273 1283 830 789 1444 151 1116 1213 1151 1234 138 0 370 910 269 1315 1277 1360 562 1051 1246 334 351 865 303 912 1416
404 350 1779 208 661 464 552 660 822 945 1632 1100 1214 515 853 1122 1352 1294 1463 1171 905 832 1318 1558 436 642 1239 999 288 1177 922 543 491 581 1053 954 995 951 515 991 1268 974 286 204 1374 859 880 1534 365 1207 1303 1242 1325 352 370 0 1001 538 1405 1367 1429 652 1046 1336 265 566 796 510 1003 1507
1067 1013 897 1037 793 1126 751 792 645 786 763 619 475 703 694 655 441 347 593 408 145 1495 371 638 1099 958 403 123 954 566 1584 1092 679 682 701 630 759 792 1178 833 401 780 949 904 454 800 722 665 1028 260 468 295 378 1015 910 1001 0 726 493 532 583 784 746 501 965 1146 886 699 128 587
429 375 1504 574 387 488 288 385 586 670 1358 849 964 110 578 885 1078 1019 1188 897 630 1032 1043 1284 461 549 965 724 491 927 1121 451 98 306 802 731 827 676 539 717 993 806 351 441 1099 646 606 1260 389 932 1029 967 1050 376 269 538 726 0 1131 1093 1176 378 867 1062 502 505 703 119 729 1232
1472 1418 440 1411 954 1531 1042 953 620 876 319 563 337 1108 784 526 95 645 218 384 579 1899 668 182 1504 934 499 492 1144 490 1989 1497 1084 843 612 579 593 882 1582 922 164 614 1354 1235 219 776 811 221 1433 346 522 300 216 1420 1315 1405 493 1131 0 586 304 945 580 555 1166 1551 807 1104 487 130
1609 1555 628 1579 1176 1668 1264 1175 842 1097 482 817 673 1245 1006 853 423 826 322 605 687 2036 849 518 1641 1156 428 668 1366 764 2126 1634 1221 1065 899 828 957 1104 1719 1144 386 978 1490 1445 276 998 1033 384 1569 568 452 417 346 1556 1451 1542 670 1268 472 0 669 1167 944 485 1388 1688 1084 1240 668 401
1517 1463 677 1434 999 1576 1087 998 665 920 556 487 261 1153 829 450 320 735 454 323 675 1944 758 418 1549 882 695 582 1167 414 2034 1542 1129 888 536 504 518 926 1627 967 309 538 1399 1258 415 720 856 458 1477 391 719 496 412 1465 1360 1429 583 1176 304 782 0 990 504 752 1189 1596 732 1148 577 366
719 665 1357 689 130 778 289 31 400 485 1234 664 778 355 393 700 892 1078 1065 711 688 1146 1101 1098 751 548 1023 782 492 741 1236 744 331 121 617 545 642 491 829 531 808 621 601 556 914 460 420 1136 680 776 1087 981 911 667 562 652 784 378 945 1151 990 0 682 1120 514 798 546 351 787 1047
1149 1095 953 1051 691 1208 752 689 357 612 832 170 319 844 520 134 596 897 730 381 838 1577 921 694 1181 499 928 745 784 227 1667 1233 820 580 89 192 70 618 1260 658 584 91 1031 875 690 278 547 734 1110 553 952 758 688 1097 1051 1046 746 867 580 1016 504 682 0 985 807 1287 284 840 739 642
1603 1549 623 1573 1170 1662 1258 1169 837 1092 477 811 667 1239 1000 847 417 820 317 600 681 2030 844 512 1635 1150 423 662 1360 758 2120 1628 1215 1059 893 822 951 1098 1713 1138 380 972 1485 1440 270 992 1027 378 1563 562 446 411 340 1550 1446 1536 664 1262 466 510 663 1161 938 0 1382 1682 1078 1234 662 395
369 315 1578 302 523 428 313 521 583 757 1455 861 975 479 665 883 1113 1258 1286 932 869 796 1282 1319 401 403 1203 963 100 938 886 507 455 442 814 715 756 763 479 804 1029 735 251 95 1135 620 692 1357 329 997 1268 1202 1132 316 334 265 965 502 1166 1332 1189 514 807 1301 0 530 557 475 967 1268
218 267 1924 602 807 121 709 805 1006 1090 1778 1269 1384 530 998 1305 1498 1440 1608 1317 1050 831 1463 1704 147 907 1385 1144 553 1347 921 72 518 726 1222 1151 1247 1096 293 1137 1413 1226 308 469 1519 1066 1026 1680 239 1352 1449 1387 1470 270 351 566 1146 505 1551 1513 1596 798 1287 1482 530 0 1061 539 1149 1652
899 845 1180 801 555 959 503 553 348 651 1059 398 546 680 560 361 809 1037 957 566 916 1327 1061 921 931 249 1069 885 534 455 1417 1038 656 444 316 331 234 657 1010 698 724 213 781 625 830 132 587 961 860 693 1092 898 828 847 865 796 886 703 807 1156 732 546 284 1125 557 1061 0 676 879 870
463 409 1477 547 360 522 261 358 559 643 1331 822 937 96 551 858 1051 992 1161 870 603 1004 1016 1257 495 522 937 697 464 899 1094 486 79 279 775 703 800 649 573 690 966 779 385 414 1072 618 578 1233 423 905 1002 940 1023 410 303 510 699 119 1104 1065 1148 351 840 1035 475 539 676 0 701 1205
1070 1016 890 1040 796 1129 754 794 638 789 756 613 468 706 697 649 434 340 586 401 148 1497 364 632 1102 951 406 126 957 560 1587 1095 682 685 695 623 753 795 1180 835 394 773 951 906 447 794 724 658 1030 253 469 288 371 1017 912 1003 128 729 487 533 577 787 739 502 967 1149 879 701 0 580
1573 1519 369 1512 1056 1633 1143 1054 722 977 223 625 399 1209 885 588 198 738 122 461 672 2001 762 151 1605 1020 437 585 1245 552 2091 1598 1186 945 674 641 656 983 1684 1024 265 676 1455 1336 228 858 912 125 1534 447 460 309 225 1521 1416 1507 587 1232 130 524 366 1047 642 493 1268 1652 870 1205 580 0
EOF