NAME : tsp_problem
TYPE : TSP
DIMENSION : 78
EDGE_WEIGHT_TYPE : EXPLICIT
EDGE_WEIGHT_FORMAT : FULL_MATRIX
EDGE_WEIGHT_SECTION
0 716 1903 1107 968 749 485 309 299 1465 253 999 1022 468 1028 1559 1358 958 1559 821 396 76 581 402 1140 1025 145 1238 232 261 322 684 364 216 1598 1261 1011 413 869 717 695 690 1868 880 263 582 607 848 327 886 967 281 393 136 625 804 247 1436 1144 353 295 1046 935 65 1014 376 803 535 639 943 593 343 1705 1102 1491 188 970 311
716 0 1329 533 332 487 678 879 827 790 489 324 386 661 353 985 785 489 984 189 480 735 323 437 504 389 715 563 528 583 849 228 665 777 1024 587 375 606 272 61 239 558 1294 275 559 385 604 251 416 288 362 851 920 706 298 267 495 824 497 881 823 372 269 752 340 629 198 636 602 474 310 644 1132 528 816 758 334 581
1899 1325 0 968 1031 1675 1924 1997 1742 882 1736 1084 995 1907 1088 583 776 988 655 1329 1707 1918 1570 1684 1052 1124 1786 794 1774 1830 1764 1475 1912 1732 695 861 979 1853 1330 1330 1458 1747 82 1391 1756 1632 1346 1229 1663 1346 1287 1969 1835 1867 1545 1481 1742 822 1039 1656 1627 1004 1192 1937 1038 1662 1314 1481 1791 1001 1557 1890 648 962 975 1764 1084 1703
1107 533 971 0 238 941 1132 1205 949 564 943 436 202 1115 440 504 301 195 504 537 915 1126 777 891 260 331 993 458 982 1037 972 682 1119 939 544 481 186 1060 537 538 691 1012 936 623 963 839 554 436 870 554 639 1176 1042 1075 752 713 949 504 264 864 835 356 544 1144 390 870 546 688 1056 208 764 1098 648 58 657 972 292 910
968 332 1035 238 0 739 930 1131 991 627 742 280 91 913 389 691 490 259 690 335 732 987 575 690 209 129 967 407 780 835 1014 481 918 981 730 430 80 859 335 337 489 811 1000 421 812 638 596 243 669 352 508 1103 1085 958 551 511 748 567 213 906 877 305 415 1005 339 881 344 730 854 271 562 896 837 233 660 1010 90 833
749 487 1679 941 739 0 492 956 904 1140 566 743 793 475 699 1335 1192 858 1334 463 557 729 271 421 860 796 791 914 604 554 926 288 480 854 1374 937 782 421 640 488 317 128 1644 414 636 252 862 619 493 657 425 927 997 783 213 283 572 1174 847 958 899 718 551 718 685 706 423 713 279 842 258 458 1485 936 1167 835 741 657
485 678 1928 1132 930 492 0 693 683 1405 303 961 984 45 963 1584 1383 1049 1583 682 407 466 396 271 1102 987 528 1178 341 291 705 499 216 599 1623 1202 973 96 831 679 510 434 1893 741 373 397 712 810 298 848 754 664 776 520 440 613 309 1439 1106 737 678 982 796 454 950 507 664 563 383 1033 409 194 1730 1126 1431 572 932 438
220 908 2097 1300 1160 806 542 0 493 1657 445 1191 1214 525 1220 1753 1552 1152 1752 996 590 201 709 585 1333 1217 338 1430 418 386 515 813 422 409 1792 1453 1203 471 1061 909 824 748 2061 1055 456 711 801 1040 519 1078 1067 474 586 329 754 926 439 1629 1336 547 488 1238 1109 190 1206 570 978 729 697 1137 722 400 1899 1295 1683 381 1162 504
333 903 2068 1272 1155 980 717 276 0 1652 441 1186 1210 700 1215 1724 1524 1124 1724 1009 584 352 768 589 1328 1213 332 1425 419 475 43 872 661 350 1763 1449 1198 646 1057 904 882 922 2033 1068 451 769 772 1036 514 1073 1154 248 114 215 812 991 434 1601 1331 518 460 1234 1122 371 1202 543 991 702 871 1108 781 639 1870 1267 1678 322 1158 498
1465 790 886 564 627 1140 1405 1594 1338 0 1238 549 591 1388 553 542 421 584 541 794 1229 1483 1047 1186 517 720 1382 353 1276 1332 1360 953 1392 1328 581 222 575 1333 883 795 924 1212 851 856 1308 1110 943 791 1165 900 753 1565 1431 1455 1023 946 1244 252 504 1252 1224 469 657 1501 503 1259 779 1077 1256 597 1035 1371 692 559 131 1360 681 1299
253 489 1740 943 742 566 303 416 407 1238 0 772 796 286 801 1396 1195 860 1395 595 218 272 354 175 914 799 252 1011 65 121 429 458 283 323 1435 1035 785 232 643 490 469 508 1705 654 97 356 524 622 100 659 741 388 500 243 399 577 81 1272 918 460 402 820 709 290 788 231 577 375 457 845 367 261 1542 938 1264 295 744 162
999 324 1088 436 280 743 961 1162 1073 549 772 0 334 943 226 744 622 456 743 328 763 1018 605 720 268 338 998 322 810 866 1096 511 948 1060 783 346 323 889 417 329 481 815 1052 414 842 668 678 325 699 434 425 1133 1166 989 581 504 778 583 256 988 959 142 330 1035 176 912 337 812 858 469 592 926 894 431 575 1041 282 863
1022 386 998 202 91 793 984 1185 976 591 796 334 0 967 352 654 454 222 654 389 787 1041 629 744 173 183 1020 370 834 890 998 535 972 966 693 394 43 913 390 391 543 865 963 475 866 692 581 297 723 406 552 1157 1069 1012 605 566 802 531 176 890 862 268 456 1059 303 897 398 715 908 235 617 950 800 197 623 999 144 887
468 661 1911 1115 913 475 45 675 666 1388 286 943 967 0 946 1567 1366 1031 1566 665 389 448 378 254 1085 970 511 1161 324 273 688 482 199 582 1606 1184 956 114 814 661 493 417 1876 724 356 380 695 793 281 831 737 647 759 502 423 595 292 1422 1089 720 661 965 779 437 933 490 647 546 366 1016 391 177 1713 1109 1414 554 915 421
1028 353 1091 440 389 699 963 1191 1139 553 801 226 352 946 0 747 626 460 747 355 792 1046 606 749 272 480 1026 326 839 895 1161 511 951 1089 786 349 336 892 560 358 482 770 1056 414 871 668 818 467 728 576 311 1162 1232 1018 581 505 807 587 259 1128 1099 130 215 1064 98 941 337 948 814 473 593 929 897 434 579 1070 425 892
1559 985 609 504 691 1335 1584 1657 1401 542 1396 744 654 1567 747 0 238 648 116 988 1367 1578 1229 1344 712 783 1446 454 1434 1490 1424 1135 1572 1392 156 520 638 1513 989 990 1118 1407 574 1051 1416 1292 1006 888 1323 1006 947 1629 1495 1527 1205 1141 1402 482 699 1316 1287 663 851 1597 698 1322 974 1140 1450 660 1216 1550 194 513 635 1424 744 1362
1358 785 803 301 490 1192 1383 1456 1201 421 1195 622 454 1366 626 238 0 447 237 789 1166 1377 1029 1143 512 583 1245 333 1233 1289 1223 934 1371 1191 277 399 438 1312 789 790 942 1264 768 875 1215 1091 805 688 1122 805 826 1428 1294 1326 1004 965 1201 361 515 1115 1086 542 730 1396 577 1121 797 940 1308 460 1016 1349 388 310 513 1223 543 1162
958 489 992 195 259 858 1049 1056 801 584 860 456 222 1031 460 648 447 0 647 557 766 977 694 808 280 351 845 478 868 924 823 599 1036 791 687 502 206 977 454 490 610 929 956 643 815 756 405 288 787 471 660 1028 894 926 669 638 866 524 284 715 686 376 564 996 410 721 566 540 973 146 681 1014 794 190 677 823 312 762
1559 984 681 504 690 1334 1583 1657 1401 541 1395 743 654 1566 747 116 237 647 0 988 1367 1577 1229 1343 711 783 1445 453 1433 1489 1423 1134 1571 1391 69 520 638 1512 989 989 1118 1406 646 1050 1415 1291 1005 888 1322 1005 947 1628 1494 1526 1204 1140 1401 481 698 1315 1286 663 851 1596 697 1321 973 1140 1450 660 1216 1549 266 512 634 1423 743 1362
821 189 1332 537 335 463 682 984 932 794 595 328 389 665 355 988 789 557 988 0 586 840 325 543 508 393 820 567 633 689 955 230 670 883 1028 590 378 611 419 194 201 534 1297 133 665 387 733 380 522 436 220 956 1026 811 300 224 601 828 500 986 928 374 188 858 342 734 56 742 578 570 312 648 1135 532 820 863 338 686
396 480 1711 915 732 557 407 559 379 1229 218 763 787 389 792 1367 1166 766 1367 586 0 415 345 166 905 790 315 1002 226 282 402 449 394 330 1406 1026 775 335 634 481 459 499 1676 645 173 346 415 613 145 650 731 531 473 387 389 568 224 1244 908 433 375 811 699 434 779 181 568 266 448 751 358 372 1513 910 1255 362 735 120
76 735 1922 1126 987 729 466 328 318 1483 272 1018 1041 448 1046 1578 1377 977 1577 840 415 0 599 421 1159 1044 164 1257 250 242 341 703 345 235 1617 1280 1030 394 888 735 714 671 1887 899 282 601 626 867 346 905 986 300 412 155 644 823 266 1454 1163 372 314 1065 954 46 1033 395 822 554 620 962 612 323 1724 1120 1510 207 989 329
581 323 1573 777 575 271 396 744 692 1047 354 605 629 378 606 1229 1029 694 1229 325 345 599 0 302 748 632 579 821 392 448 714 142 383 642 1268 844 618 324 476 324 153 274 1538 384 424 101 650 455 281 493 470 715 785 571 83 270 360 1081 751 746 687 625 438 617 592 494 307 501 318 679 95 361 1375 772 1074 623 577 445
402 437 1688 891 690 421 271 565 513 1186 175 720 744 254 749 1344 1143 808 1343 543 166 421 302 0 862 747 401 959 214 269 535 406 259 464 1383 983 733 200 591 438 417 363 1652 602 246 303 472 570 102 607 683 537 606 392 347 525 181 1220 865 567 509 768 656 438 736 315 525 322 312 793 315 237 1490 886 1212 444 692 267
1140 504 1056 260 209 860 1102 1290 1034 517 914 268 173 1085 272 712 512 280 711 508 905 1159 748 862 0 302 1078 290 952 1008 1056 653 1090 1024 751 314 157 1031 508 509 643 931 1020 575 984 810 639 415 841 524 472 1261 1127 1131 723 666 920 551 65 948 920 188 376 1177 223 955 498 773 975 293 735 1068 858 255 543 1057 262 995
1025 389 1127 331 129 796 987 1188 1048 720 799 338 183 970 480 783 583 351 783 393 790 1044 632 747 302 0 1024 499 837 893 1071 538 975 1039 822 523 172 916 393 394 546 868 1092 478 869 695 653 300 726 409 565 1160 1142 1015 608 569 805 660 305 963 934 396 473 1062 431 938 401 787 912 364 620 953 929 326 752 1067 147 890
145 715 1790 993 967 791 528 308 186 1382 252 998 1020 511 1026 1446 1245 845 1445 820 315 164 579 401 1078 1024 0 1237 230 286 208 683 482 136 1485 1260 1004 457 868 715 694 733 1754 879 260 581 493 842 326 885 966 280 279 135 624 803 246 1322 1082 240 181 1045 934 182 1013 265 802 423 682 830 592 460 1591 988 1475 169 969 229
1238 563 798 458 407 914 1178 1401 1232 353 1011 322 370 1161 326 454 333 478 453 567 1002 1257 821 959 290 499 1237 0 1049 1105 1254 726 1166 1222 493 229 355 1107 656 568 697 985 763 629 1081 883 837 564 938 673 526 1372 1325 1228 796 719 1017 293 277 1146 1117 242 430 1274 277 1151 552 971 1029 491 808 1144 604 453 446 1254 460 1102
232 528 1778 982 780 604 341 395 385 1276 65 810 834 324 839 1434 1233 862 1433 633 226 250 392 214 952 837 230 1049 0 90 407 496 296 301 1473 1073 823 270 681 528 507 546 1743 692 75 394 511 660 139 698 779 366 478 222 437 615 59 1310 956 439 380 858 747 263 826 209 615 368 495 847 405 274 1580 976 1302 273 782 140
261 583 1834 1037 835 554 291 450 440 1332 121 866 890 273 895 1490 1289 918 1489 689 282 242 448 269 1008 893 286 1105 90 0 463 552 264 357 1529 1129 878 219 737 584 562 496 1798 748 131 449 567 716 194 753 816 422 534 277 492 671 114 1366 1011 494 436 914 802 231 882 264 671 423 445 903 461 242 1636 1032 1358 329 838 196
325 895 2060 1264 1148 972 709 268 456 1644 433 1178 1202 692 1207 1716 1516 1116 1716 1001 576 344 760 581 1320 1205 324 1417 411 467 0 864 653 342 1756 1441 1191 638 1049 896 875 914 2025 1060 443 762 764 1028 506 1065 1146 240 106 207 805 983 427 1593 1324 510 452 1226 1114 363 1194 536 983 694 863 1100 773 631 1862 1259 1670 314 1150 490
684 228 1479 682 481 288 499 847 795 953 458 511 535 482 511 1135 934 599 1134 230 449 703 142 406 653 538 683 726 496 552 818 0 487 746 1174 750 524 428 382 229 58 359 1444 289 528 204 714 361 385 398 376 819 889 674 117 176 464 987 657 849 791 530 344 721 498 597 212 605 403 584 129 465 1281 677 979 726 483 549
364 665 1916 1119 918 480 216 646 637 1392 283 948 972 199 951 1572 1371 1036 1571 670 394 345 383 259 1090 975 482 1166 296 264 659 487 0 553 1611 1189 961 145 819 666 498 422 1881 729 337 385 700 798 278 836 742 618 730 473 428 600 289 1426 1094 691 632 970 784 334 938 471 652 551 371 1021 396 74 1718 1114 1419 525 920 403
216 777 1736 939 981 854 599 326 132 1328 323 1060 966 582 1089 1392 1191 791 1391 883 330 235 642 464 1024 1039 136 1222 301 357 154 746 553 0 1431 1245 950 528 931 778 757 796 1700 942 304 644 439 788 397 948 1029 297 225 153 687 865 317 1268 1028 185 127 1108 997 253 1076 211 865 369 745 775 655 531 1537 934 1421 96 984 251
1598 1024 721 544 730 1374 1623 1696 1441 581 1435 783 693 1606 786 156 277 687 69 1028 1406 1617 1268 1383 751 822 1485 493 1473 1529 1463 1174 1611 1431 0 560 678 1552 1029 1029 1157 1446 686 1090 1455 1331 1045 928 1362 1045 986 1668 1534 1566 1244 1180 1441 521 738 1355 1326 703 891 1636 737 1361 1013 1179 1489 700 1256 1589 306 552 674 1463 783 1402
1261 587 851 481 430 937 1202 1424 1255 222 1035 346 394 1184 349 507 386 502 506 590 1026 1280 844 983 314 523 1260 229 1073 1129 1278 750 1189 1245 546 0 378 1130 680 592 720 1009 816 653 1105 907 860 587 962 696 549 1396 1349 1251 820 743 1041 346 301 1170 1141 265 454 1298 300 1174 576 994 1052 514 831 1167 657 476 248 1278 484 1126
1011 375 982 186 80 782 973 1174 960 575 785 323 43 956 336 638 438 206 638 378 775 1030 618 733 157 172 1004 355 823 878 982 524 961 950 678 378 0 902 378 380 532 854 947 464 855 681 565 286 711 395 536 1146 1053 1001 594 554 791 515 160 874 846 252 440 1048 287 881 387 699 897 219 605 939 784 181 608 983 133 876
413 606 1857 1060 859 421 96 621 611 1333 232 889 913 114 892 1513 1312 977 1512 611 335 394 324 200 1031 916 457 1107 270 219 634 428 145 528 1552 1130 902 0 760 607 439 363 1822 670 302 326 641 739 227 777 683 593 705 448 369 541 238 1367 1035 665 607 911 724 383 879 435 593 492 312 962 337 123 1659 1055 1360 500 861 367
869 272 1333 537 335 640 831 1032 964 883 643 417 390 814 560 989 789 454 989 419 634 888 476 591 508 393 868 656 681 737 987 382 819 931 1029 680 378 760 0 273 392 712 1298 498 713 539 569 216 570 215 584 1004 1058 859 452 421 649 866 511 879 850 476 499 906 510 782 421 703 756 439 464 797 1135 532 909 911 338 734
717 61 1334 538 337 488 679 880 828 795 490 329 391 661 358 990 790 490 989 194 481 735 324 438 509 394 715 568 528 584 850 229 666 778 1029 592 380 607 273 0 239 559 1299 280 560 386 605 252 417 289 367 851 921 707 299 268 496 829 502 882 823 377 274 753 345 630 203 637 603 475 311 644 1137 533 821 759 339 581
695 239 1462 691 489 317 510 858 806 924 469 481 543 493 482 1118 942 610 1118 201 459 714 153 417 643 546 694 697 507 562 829 58 498 757 1157 720 532 439 392 239 0 388 1427 260 539 215 724 371 395 409 347 830 900 685 128 147 475 958 630 860 802 501 315 732 469 608 183 616 432 594 140 476 1268 685 950 737 491 560
690 558 1751 1012 811 128 434 897 845 1212 508 815 865 417 770 1407 1264 929 1406 534 499 671 274 363 931 868 733 985 546 496 868 359 422 796 1446 1009 854 363 712 559 388 0 1715 485 578 194 804 691 435 728 496 869 939 724 284 355 514 1246 918 899 841 789 623 660 757 647 494 655 220 914 287 400 1556 1007 1238 776 813 599
1864 1290 82 932 996 1640 1889 1962 1706 847 1701 1049 959 1872 1052 548 741 953 620 1293 1672 1883 1534 1649 1017 1088 1751 759 1739 1795 1729 1440 1877 1697 659 826 943 1818 1295 1295 1423 1712 0 1356 1721 1597 1311 1193 1628 1311 1252 1934 1800 1832 1510 1446 1707 787 1004 1621 1592 968 1157 1902 1003 1627 1279 1445 1755 965 1522 1855 613 927 940 1729 1049 1667
880 275 1395 623 421 414 741 1043 991 856 654 414 475 724 414 1051 875 643 1050 133 645 899 384 602 575 478 879 629 692 748 1014 289 729 942 1090 653 464 670 498 280 260 485 1359 0 724 446 819 466 581 514 171 1015 1085 870 359 175 660 890 563 1045 987 433 247 917 401 793 94 801 529 656 371 707 1201 618 882 922 423 745
263 559 1754 957 812 636 373 426 354 1308 97 842 866 356 871 1410 1209 809 1409 665 173 282 424 246 984 869 260 1081 75 131 376 528 337 304 1449 1105 855 302 713 560 539 578 1719 724 0 426 458 692 171 730 811 398 447 254 469 647 91 1286 988 408 349 890 779 300 858 155 647 314 527 794 437 316 1556 952 1334 305 814 87
582 385 1636 839 638 252 397 745 693 1110 356 668 692 380 668 1292 1091 756 1291 387 346 601 101 303 810 695 581 883 394 449 716 204 385 644 1331 907 681 326 539 386 215 194 1601 446 426 0 652 518 282 556 514 717 787 572 145 333 362 1144 814 747 689 687 501 619 655 495 369 503 237 741 114 363 1438 834 1136 624 640 447
607 604 1350 554 596 862 712 705 449 943 524 678 581 695 818 1006 805 405 1005 733 415 626 650 472 639 653 493 837 517 572 472 714 700 439 1045 860 565 641 569 605 724 804 1315 819 464 652 0 402 451 585 905 677 543 575 695 753 530 883 642 364 335 734 813 645 769 370 742 188 753 390 663 678 1152 548 1035 472 598 410
848 251 1232 436 243 619 810 1011 798 791 622 325 297 793 467 888 688 288 888 380 613 867 455 570 415 300 842 564 660 716 820 361 798 788 928 587 286 739 216 252 371 691 1197 466 692 518 402 0 549 232 552 983 891 838 431 400 628 765 419 712 683 383 460 885 418 718 388 537 735 272 443 776 1034 431 817 820 245 713
327 416 1667 870 669 493 298 490 480 1165 100 699 723 281 728 1323 1122 787 1322 522 145 346 281 102 841 726 326 938 139 194 503 385 278 397 1362 962 711 227 570 417 395 435 1631 581 171 282 451 549 0 586 667 462 574 317 326 504 106 1199 844 534 476 747 635 363 715 294 504 301 384 772 294 256 1469 865 1191 369 671 236
886 288 1350 554 352 657 848 1049 981 900 659 434 406 831 576 1006 805 471 1005 436 650 905 493 607 524 409 885 673 698 753 1003 398 836 948 1045 696 395 777 215 289 409 728 1315 514 730 556 585 232 586 0 601 1021 1074 876 468 438 665 882 528 895 866 492 516 922 527 799 437 719 772 455 480 814 1152 548 926 928 354 751
967 362 1291 639 508 425 754 1130 1078 753 741 425 552 737 311 947 826 660 947 220 731 986 470 683 472 565 966 526 779 816 1101 376 742 1029 986 549 536 683 584 367 347 496 1256 171 811 514 905 552 667 601 0 1102 1172 957 446 243 747 786 459 1132 1074 330 163 980 298 880 180 888 540 672 458 720 1097 634 779 1009 510 832
233 920 2109 1313 1173 818 555 515 505 1669 458 1203 1227 537 1232 1765 1564 1164 1765 1008 602 214 722 597 1345 1230 351 1442 431 399 528 825 434 422 1804 1466 1216 483 1074 921 836 760 2074 1067 468 723 813 1053 531 1090 1080 0 599 342 766 939 452 1642 1349 559 501 1251 1122 202 1219 582 990 741 709 1149 735 412 1911 1308 1695 394 1175 517
278 848 2013 1216 1100 924 661 221 409 1596 385 1130 1154 644 1159 1669 1468 1068 1668 953 528 297 712 534 1272 1157 277 1370 363 419 431 816 606 295 1708 1393 1143 590 1001 848 827 866 1978 1012 395 714 717 980 459 1018 1099 192 0 160 757 935 379 1545 1276 463 404 1178 1067 315 1146 488 935 647 815 1053 725 584 1815 1211 1623 267 1102 442
136 706 1871 1075 958 783 520 191 267 1455 243 989 1012 502 1018 1527 1326 926 1526 811 387 155 571 392 1131 1015 135 1228 222 277 290 674 473 153 1566 1251 1001 448 859 707 685 724 1836 870 254 572 575 838 317 876 957 163 360 0 615 794 237 1403 1134 321 263 1036 925 173 1004 346 793 505 674 911 583 452 1673 1069 1481 125 960 301
625 298 1549 752 551 213 440 788 736 1023 399 581 605 423 581 1205 1004 669 1204 300 389 644 83 347 723 608 624 796 437 492 759 117 428 687 1244 820 594 369 452 299 128 284 1514 359 469 145 695 431 326 468 446 760 830 615 0 246 405 1057 727 790 732 600 414 662 568 538 282 546 328 654 70 406 1351 747 1049 667 553 490
804 267 1485 713 511 283 613 967 915 946 577 504 566 595 505 1141 965 638 1140 224 568 823 270 525 666 569 803 719 615 671 937 176 600 865 1180 743 554 541 421 268 147 355 1450 175 647 333 753 400 504 438 243 938 1008 794 246 0 583 980 653 969 910 524 337 838 491 717 184 724 399 623 258 578 1291 708 972 846 514 668
247 495 1746 949 748 572 309 410 400 1244 81 778 802 292 807 1402 1201 866 1401 601 224 266 360 181 920 805 246 1017 59 114 423 464 289 317 1441 1041 791 238 649 496 475 514 1711 660 91 362 526 628 106 665 747 382 494 237 405 583 0 1278 924 454 396 826 715 284 794 224 583 381 463 851 373 267 1548 944 1270 289 750 156
1436 824 826 504 567 1174 1439 1534 1278 252 1272 583 531 1422 587 482 361 524 481 828 1244 1454 1081 1220 551 660 1322 293 1310 1366 1300 987 1426 1268 521 360 515 1367 866 829 958 1246 791 890 1292 1144 883 765 1199 882 786 1505 1371 1403 1057 980 1278 0 538 1192 1163 503 691 1473 537 1199 813 1017 1290 537 1069 1405 632 499 344 1300 620 1239
1144 497 1043 264 213 847 1106 1293 1038 504 918 256 176 1089 259 699 515 284 698 500 908 1163 751 865 65 305 1082 277 956 1011 1060 657 1094 1028 738 301 160 1035 511 502 630 918 1008 563 988 814 642 419 844 528 459 1265 1131 1134 727 653 924 538 0 952 923 175 363 1181 210 958 485 776 962 297 738 1072 849 258 530 1060 266 998
575 827 1584 787 830 904 705 714 458 1176 429 911 814 688 1052 1240 1039 639 1239 933 379 594 692 513 872 887 463 1070 407 463 481 796 669 409 1279 1094 798 634 802 828 806 846 1549 992 354 693 288 636 492 819 1078 686 552 544 736 915 423 1116 876 0 423 968 1046 612 1003 228 915 236 795 624 705 647 1386 782 1269 442 832 301
295 823 1631 835 877 899 678 393 137 1224 402 959 862 661 1099 1287 1086 686 1286 928 375 314 687 509 920 934 181 1117 380 436 159 791 632 127 1326 1141 846 607 850 823 802 841 1596 987 349 689 335 683 476 866 1074 364 230 263 732 910 396 1163 923 81 0 1015 1042 332 1050 256 910 287 790 671 700 610 1433 829 1316 160 879 296
1046 372 1007 356 305 718 982 1209 1130 469 820 142 268 965 130 663 542 376 663 374 811 1065 625 768 188 396 1045 242 858 914 1152 530 970 1108 703 265 252 911 476 377 501 789 972 433 890 687 734 383 747 492 330 1181 1223 1036 600 524 826 503 175 1044 1015 0 234 1083 82 959 356 869 833 389 612 948 813 350 495 1088 341 911
935 269 1195 544 415 551 796 1098 1046 657 709 330 456 779 215 851 730 564 851 188 699 954 438 656 376 473 934 430 747 802 1069 344 784 997 891 454 440 724 499 274 315 623 1160 247 779 501 813 460 635 516 163 1070 1140 925 414 337 715 691 363 1100 1042 234 0 972 202 848 170 856 666 577 426 762 1001 538 683 977 418 800
65 752 1941 1144 1005 718 454 346 337 1501 290 1035 1059 437 1064 1597 1396 996 1596 858 434 46 617 438 1177 1062 182 1274 263 231 359 721 334 253 1636 1298 1048 383 906 753 732 660 1905 917 300 619 645 885 363 922 980 318 430 173 662 838 284 1473 1181 391 332 1083 972 0 1051 414 840 573 609 981 630 312 1743 1139 1527 225 1007 348
1014 340 1042 390 339 685 950 1177 1125 503 788 176 303 933 98 698 577 410 697 342 779 1033 592 736 223 431 1013 277 826 882 1148 498 938 1076 737 300 287 879 510 345 469 757 1007 401 858 655 769 418 715 527 298 1149 1219 1004 568 491 794 537 210 1079 1050 82 202 1051 0 927 324 903 801 423 580 916 848 385 530 1056 376 879
376 629 1628 832 874 706 507 516 260 1221 231 912 859 490 941 1284 1083 683 1283 734 181 395 494 315 917 931 265 1114 209 264 283 597 471 211 1323 1138 843 435 782 630 608 647 1593 793 155 495 332 680 294 799 880 488 354 346 538 717 224 1160 920 314 256 959 848 414 927 0 716 221 597 668 506 449 1430 826 1313 243 876 102
803 198 1318 546 344 423 664 966 914 779 577 337 398 647 337 974 797 566 973 56 568 822 307 525 498 401 802 552 615 671 937 212 652 865 1013 576 387 593 421 203 183 494 1282 94 647 369 742 388 504 437 180 938 1008 793 282 184 583 813 485 968 910 356 170 840 324 716 0 724 538 579 294 630 1123 541 805 845 346 668
535 636 1484 688 730 713 563 675 419 1077 375 812 715 546 948 1140 940 540 1140 742 266 554 501 322 773 787 423 971 368 423 441 605 551 369 1179 994 699 492 703 637 616 655 1449 801 314 503 188 537 301 719 888 646 512 505 546 724 381 1017 776 352 323 869 856 573 903 221 724 0 604 524 514 529 1286 683 1169 402 732 261
639 602 1794 1056 854 279 383 847 795 1256 457 858 908 366 814 1450 1308 973 1450 578 448 620 318 312 975 912 682 1029 495 445 817 403 371 745 1489 1052 897 312 756 603 432 220 1759 529 527 237 753 735 384 772 540 818 888 674 328 399 463 1290 962 849 790 833 666 609 801 597 538 604 0 958 330 349 1600 1051 1282 726 857 548
943 474 1004 208 271 842 1033 1041 785 597 845 469 235 1016 473 660 460 146 660 570 751 962 679 793 293 364 830 491 853 909 808 584 1021 775 700 514 219 962 439 475 594 914 969 656 800 741 390 272 772 455 672 1013 879 911 654 623 851 537 297 700 671 389 577 981 423 706 579 524 958 0 666 999 806 203 690 808 325 746
593 310 1561 764 562 258 409 756 705 1035 367 592 617 391 593 1216 1016 681 1216 312 358 612 95 315 735 620 592 808 405 461 727 129 396 655 1256 831 605 337 464 311 140 287 1525 371 437 114 663 443 294 480 458 728 798 583 70 258 373 1069 738 759 700 612 426 630 580 506 294 514 330 666 0 374 1362 759 1061 635 565 458
343 644 1894 1098 896 458 194 625 615 1371 261 926 950 177 929 1550 1349 1014 1549 648 372 323 361 237 1068 953 460 1144 274 242 637 465 74 531 1589 1167 939 123 797 644 476 400 1859 707 316 363 678 776 256 814 720 596 708 452 406 578 267 1405 1072 669 610 948 762 312 916 449 630 529 349 999 374 0 1696 1092 1397 504 898 381
1705 1132 675 648 837 1485 1730 1803 1547 692 1542 894 800 1713 897 194 388 794 266 1135 1513 1724 1375 1490 858 929 1591 604 1580 1636 1570 1281 1718 1537 306 670 784 1659 1135 1137 1268 1556 639 1201 1562 1438 1152 1034 1469 1152 1097 1775 1641 1673 1351 1291 1548 632 849 1462 1433 813 1001 1743 848 1468 1123 1286 1600 806 1362 1696 0 657 785 1570 890 1508
1102 528 966 58 233 936 1126 1200 944 559 938 431 197 1109 434 513 310 190 512 532 910 1120 772 886 255 326 988 453 976 1032 966 677 1114 934 552 476 181 1055 532 533 685 1007 931 618 958 834 548 431 865 548 634 1171 1037 1069 747 708 944 499 258 858 829 350 538 1139 385 864 541 683 1051 203 759 1092 657 0 651 966 286 905
1491 816 979 657 660 1167 1431 1654 1431 131 1264 575 623 1414 579 635 513 677 634 820 1255 1510 1074 1212 543 752 1475 446 1302 1358 1453 979 1419 1421 674 248 608 1360 909 821 950 1238 944 882 1334 1136 1035 817 1191 926 779 1625 1524 1481 1049 972 1270 344 530 1345 1316 495 683 1527 530 1351 805 1169 1282 690 1061 1397 785 651 0 1453 713 1355
188 758 1768 972 1010 835 572 298 164 1360 295 1041 999 554 1070 1424 1223 823 1423 863 362 207 623 444 1057 1067 169 1254 273 329 187 726 525 96 1463 1278 983 500 911 759 737 776 1733 922 305 624 472 820 369 928 1009 270 258 125 667 846 289 1300 1060 218 160 1088 977 225 1056 243 845 402 726 808 635 504 1570 966 1453 0 1012 283
970 334 1088 292 90 741 932 1133 993 681 744 282 144 915 425 744 543 312 743 338 735 989 577 692 262 147 969 460 782 838 1016 483 920 984 783 484 133 861 338 339 491 813 1053 423 814 640 598 245 671 354 510 1105 1087 960 553 514 750 620 266 908 879 341 418 1007 376 883 346 732 857 325 565 898 890 286 713 1012 0 835
311 581 1700 904 833 657 438 474 300 1293 162 863 887 421 892 1356 1156 756 1356 686 120 329 445 267 989 890 229 1102 140 196 323 549 403 251 1396 1126 876 367 734 581 560 599 1665 745 87 447 404 713 236 751 832 445 394 301 490 668 156 1233 993 354 296 911 800 348 879 102 668 261 548 740 458 381 1502 899 1355 283 835 0
EOF