NAME : tsp_problem
TYPE : TSP
DIMENSION : 20
EDGE_WEIGHT_TYPE : EXPLICIT
EDGE_WEIGHT_FORMAT : FULL_MATRIX
EDGE_WEIGHT_SECTION
0 948 661 106 1167 1119 315 992 362 785 224 1333 1777 971 869 1086 596 638 229 1078
948 0 934 996 909 860 771 100 773 382 1021 1074 1518 568 546 805 1233 877 1025 656
661 934 0 603 1469 1420 602 978 512 638 851 1635 2078 777 551 1292 569 240 856 1143
106 996 603 0 1238 1190 370 1040 331 754 296 1404 1848 940 838 1158 538 580 300 1150
1167 909 1469 1238 0 90 990 952 1146 916 1240 495 1087 877 1080 422 1729 1412 1244 566
1119 860 1420 1190 90 0 941 904 1097 868 1191 447 1039 828 1032 374 1680 1364 1196 517
352 771 602 370 990 941 0 814 198 621 425 1156 1599 807 705 909 847 545 429 901
992 100 978 1040 952 904 814 0 817 425 1064 1118 1562 611 590 849 1276 921 1069 700
362 773 512 331 1146 1097 198 817 0 531 552 1312 1755 717 615 1065 808 455 557 1004
785 382 638 754 916 868 621 425 531 0 974 1082 1526 230 248 745 990 582 979 596
104 941 731 175 1160 1111 308 984 432 854 0 1326 1769 1040 938 1079 666 708 222 1071
1333 1074 1635 1404 495 447 1156 1118 1312 1082 1406 0 926 971 1246 464 1894 1578 1410 608
1773 1514 2075 1844 1061 1012 1596 1558 1751 1522 1846 900 0 1338 1685 831 2334 2018 1850 975
971 568 777 940 877 828 807 611 717 230 1161 971 1342 0 386 541 1157 720 1165 391
869 546 551 838 1080 1032 705 590 615 248 1059 1246 1689 386 0 888 931 494 1063 739
1086 805 1292 1158 422 374 909 849 1065 745 1159 464 835 541 888 0 1613 1236 1164 177
572 1231 570 514 1704 1656 834 1275 795 989 762 1870 2314 1157 932 1611 0 621 766 1462
638 877 240 580 1412 1364 545 921 455 582 828 1578 2022 720 494 1236 620 0 833 1087
100 936 726 171 1155 1107 304 980 427 850 213 1321 1765 1036 934 1074 661 703 0 1066
1078 656 1143 1150 566 517 901 700 1004 596 1151 608 979 391 739 177 1464 1087 1155 0
EOF