NAME : tsp_problem
TYPE : TSP
DIMENSION : 46
EDGE_WEIGHT_TYPE : EXPLICIT
EDGE_WEIGHT_FORMAT : FULL_MATRIX
EDGE_WEIGHT_SECTION
0 106 815 524 724 671 756 1103 890 485 1359 192 1064 286 1255 663 38 715 1182 853 779 599 818 717 1078 523 498 1015 806 775 614 471 1245 869 849 892 214 1578 941 616 928 1083 1211 464 853 737
106 0 821 530 730 677 762 1109 896 491 1365 198 1070 292 1261 669 88 721 1188 859 785 605 824 723 1084 529 504 1021 812 781 620 477 1251 875 855 898 220 1584 947 622 934 1089 1217 470 859 743
815 821 0 621 955 245 149 779 1121 736 1073 651 802 777 968 255 796 293 1747 591 157 291 444 315 712 385 749 310 45 1062 810 962 958 495 475 516 654 1292 501 521 666 821 673 455 591 366
524 530 621 0 359 578 525 1275 525 325 1554 361 1258 430 1449 570 506 360 1456 1047 519 359 725 463 1208 283 284 660 612 576 888 592 1439 776 756 972 363 1772 997 813 1122 1277 1169 204 1047 382
724 730 955 359 0 831 859 1550 195 343 1807 592 1512 534 1702 823 706 694 1440 1301 854 693 978 797 1483 617 244 995 947 359 1082 563 1692 1029 1009 1225 614 2026 1272 1066 1375 1530 1444 538 1301 717
671 677 245 578 831 0 238 751 998 593 1045 508 750 633 940 74 653 378 1567 540 262 251 239 280 683 345 606 507 236 919 616 818 930 291 270 464 510 1263 473 327 614 769 645 416 540 450
756 762 149 525 859 238 0 893 1026 677 1187 592 916 718 1082 230 738 203 1688 706 47 195 385 224 826 289 690 293 158 1003 762 903 1072 436 416 630 595 1406 615 473 780 935 787 360 705 276
1103 1109 779 1275 1550 751 893 0 1678 1311 461 1045 362 1139 356 761 1085 1001 1782 429 910 945 769 974 142 1039 1324 1018 771 1509 831 1164 346 820 800 468 1067 680 433 604 504 332 337 1110 429 1074
877 883 1122 526 445 996 1026 1653 0 425 1910 746 1615 688 1805 988 859 861 1475 1404 1021 860 1143 964 1628 784 409 1162 1114 191 1164 598 1795 1194 1174 1390 768 2129 1437 1167 1478 1633 1609 705 1404 884
485 491 736 325 343 593 677 1311 450 0 1568 354 1273 296 1464 585 467 637 1165 1062 701 521 740 639 1244 445 117 937 728 347 843 288 1454 791 770 986 376 1787 1033 828 1137 1292 1205 386 1062 659
1359 1365 1073 1554 1807 1045 1187 461 1934 1568 0 1302 373 1395 366 1055 1341 1295 1741 556 1204 1226 1026 1255 436 1320 1581 1312 1064 1766 1087 1421 357 1077 1057 724 1324 512 727 861 585 342 631 1391 582 1368
192 198 651 361 592 508 592 1045 759 354 1302 0 1007 154 1197 500 174 552 1124 796 616 435 655 554 1020 359 367 852 643 644 556 339 1188 706 685 834 51 1521 884 559 870 1026 1120 301 796 574
1064 1070 802 1258 1512 750 916 362 1639 1273 373 1007 0 1100 268 760 1046 1058 1743 259 934 931 731 960 337 1025 1286 1086 794 1471 792 1125 258 782 761 429 1029 813 478 566 287 94 532 1096 285 1130
286 292 777 430 534 633 718 1063 701 296 1320 154 1025 0 1215 625 268 677 1142 814 741 561 780 679 1038 485 309 978 768 586 574 281 1205 831 811 852 176 1539 902 577 888 1043 1172 427 814 699
1255 1261 968 1449 1702 940 1082 356 1830 1464 366 1197 268 1291 0 950 1237 1190 1934 452 1099 1122 921 1150 331 1216 1476 1207 960 1661 983 1316 108 972 952 620 1219 806 622 756 480 237 526 1286 478 1263
663 669 255 570 823 74 230 761 989 585 1055 500 760 625 950 0 645 370 1559 550 254 243 231 271 693 337 597 499 246 911 608 810 940 282 262 474 502 1273 483 319 624 779 655 407 550 442
38 88 796 506 706 653 738 1085 872 467 1341 174 1046 268 1237 645 0 697 1164 835 761 581 800 699 1060 505 480 997 788 757 596 453 1227 851 830 874 196 1560 923 598 910 1065 1193 446 835 719
715 721 293 360 694 378 203 1001 861 637 1295 552 1058 677 1190 370 697 0 1647 848 180 206 525 124 933 242 600 321 303 911 902 862 1180 576 556 760 554 1513 723 613 922 1077 895 290 847 94
1182 1188 1747 1456 1440 1567 1688 1782 1499 1165 1718 1124 1743 1114 1934 1559 1164 1647 0 1532 1711 1531 1525 1649 1757 1455 1261 1948 1738 1331 1293 986 1924 1577 1556 1571 1146 2017 1620 1295 1607 1762 1890 1397 1532 1669
853 859 591 1047 1301 540 706 429 1428 1062 556 796 259 889 452 550 835 848 1532 0 723 720 520 749 404 814 1075 875 583 1260 581 914 442 571 551 218 818 905 268 355 122 277 538 885 74 920
779 785 157 519 854 262 47 910 1020 701 1204 616 934 741 1099 254 761 180 1711 723 0 219 409 203 843 313 714 270 167 1027 786 926 1090 460 439 647 618 1423 632 497 797 952 804 383 723 253
599 605 291 359 693 251 195 945 860 521 1226 435 931 561 1122 243 581 206 1531 720 219 0 398 147 878 123 533 464 283 846 775 746 1112 449 429 645 438 1445 667 486 795 950 839 194 720 228
818 824 444 725 978 239 385 769 1144 740 1026 655 731 780 921 231 800 525 1525 520 409 398 0 427 744 492 752 654 436 1066 574 907 911 211 190 444 657 1245 493 285 594 749 714 562 520 597
717 723 315 463 797 280 224 974 963 639 1255 554 960 679 1150 271 699 124 1649 749 203 147 427 0 907 241 651 344 311 965 804 864 1141 478 457 673 556 1474 696 515 824 979 868 312 749 197
1195 1201 656 1152 1427 628 770 331 1593 1189 625 1104 527 1229 520 638 1177 878 1874 521 788 823 698 851 0 917 1201 895 648 1515 923 1256 511 749 728 348 1106 844 311 696 596 496 214 987 521 951
523 529 385 283 617 345 289 1039 784 445 1320 359 1025 485 1216 337 505 242 1455 814 313 123 492 241 972 0 457 543 377 770 869 670 1206 543 523 739 362 1539 761 580 889 1044 933 118 814 264
498 504 749 284 244 606 690 1324 410 117 1581 367 1286 309 1476 597 480 600 1261 1075 714 533 752 651 1257 457 0 901 741 443 856 384 1466 804 783 999 388 1800 1046 841 1149 1304 1218 399 1075 623
1015 1021 310 660 995 507 293 1018 1161 937 1312 852 1086 978 1207 499 997 321 1948 875 270 464 654 344 951 543 901 0 320 1211 1031 1162 1197 705 685 778 855 1531 740 742 950 1105 912 590 875 394
806 812 45 612 947 236 158 771 1113 728 1064 643 794 768 960 246 788 303 1738 583 167 283 436 311 703 377 741 320 0 1054 802 953 950 487 466 507 646 1283 493 513 658 813 665 447 583 375
709 715 954 358 277 828 858 1485 336 257 1742 578 1446 520 1637 819 691 693 1307 1235 852 692 974 796 1460 616 241 993 945 0 996 430 1627 1026 1005 1221 599 1960 1268 998 1310 1465 1440 537 1235 715
614 620 810 888 1088 616 762 831 1189 849 1087 556 792 650 983 608 596 902 1293 581 786 775 574 804 806 869 862 1031 802 1021 0 675 973 625 605 620 578 1306 669 344 656 811 939 829 581 974
471 477 962 592 563 818 903 1164 622 288 1421 339 1125 281 1316 810 453 862 986 914 926 746 907 864 1139 670 384 1162 953 454 675 0 1306 959 938 953 361 1639 1002 677 989 1144 1273 612 914 884
1245 1251 958 1439 1692 930 1072 346 1820 1454 357 1188 258 1281 108 940 1227 1180 1924 442 1090 1112 911 1141 321 1206 1466 1197 950 1652 973 1306 0 962 942 610 1209 796 613 746 470 228 516 1276 468 1253
869 875 495 776 1029 291 436 820 1196 791 1077 706 782 831 972 282 851 576 1577 571 460 449 211 478 795 543 804 705 487 1117 625 959 962 0 140 495 708 1296 544 337 645 800 765 613 571 648
849 855 475 756 1009 270 416 800 1175 770 1057 685 761 811 952 262 830 556 1556 551 439 429 190 457 775 523 783 685 466 1096 605 938 942 140 0 475 688 1275 524 316 625 780 745 593 550 628
892 898 516 972 1225 464 630 468 1391 986 724 834 429 928 620 474 874 760 1571 218 647 645 444 673 404 739 999 778 507 1299 620 953 610 495 475 0 856 943 95 393 293 448 365 809 218 833
214 220 654 363 614 510 595 1067 780 376 1324 51 1029 176 1219 502 196 554 1146 818 618 438 657 556 1042 362 388 855 646 666 578 361 1209 708 688 856 0 1543 905 580 892 1047 1123 304 818 577
1575 1581 1288 1769 2022 1260 1402 676 2149 1783 485 1517 786 1610 780 1270 1556 1510 2012 901 1419 1441 1241 1470 651 1535 1796 1527 1280 1981 1302 1636 770 1292 1272 939 1539 0 942 1076 975 755 846 1606 901 1583
941 947 501 997 1272 473 615 433 1438 1033 727 884 478 977 622 483 923 723 1620 268 632 667 493 696 366 761 1046 740 493 1348 669 1002 613 544 524 95 905 946 0 442 342 497 327 832 267 796
616 622 521 813 1066 327 473 604 1191 828 861 559 566 652 756 319 598 613 1295 355 497 486 285 515 579 580 841 742 513 1023 344 677 746 337 316 393 580 1080 442 0 429 584 713 650 355 685
928 934 666 1122 1375 614 780 504 1503 1137 585 870 287 964 480 624 910 922 1607 122 797 795 594 824 479 889 1149 950 658 1335 656 989 470 645 625 293 892 979 342 429 0 306 612 959 149 994
1083 1089 821 1277 1530 769 935 332 1658 1292 342 1026 94 1119 237 779 1065 1077 1762 277 952 950 749 979 307 1044 1304 1105 813 1490 811 1144 228 800 780 448 1047 782 497 584 306 0 502 1114 304 1149
1078 1084 701 1197 1472 673 815 143 1638 1233 436 1021 338 1114 332 683 1060 923 1757 405 832 867 742 896 64 961 1246 940 693 1485 806 1139 322 793 773 393 1042 655 355 580 479 307 0 1032 404 996
464 470 455 204 538 416 360 1110 704 386 1391 301 1096 427 1286 407 446 290 1397 885 383 194 562 312 1042 118 399 590 447 712 829 612 1276 613 593 809 304 1610 832 650 959 1114 1004 0 885 312
853 859 591 1047 1301 540 705 429 1428 1062 582 796 285 889 478 550 835 847 1532 74 723 720 520 749 404 814 1075 875 583 1260 581 914 468 571 550 218 818 905 267 355 149 304 538 885 0 919
737 743 366 382 717 450 276 1074 883 659 1368 574 1130 699 1263 442 719 94 1669 920 253 228 597 197 1006 264 623 394 375 933 974 884 1253 648 628 833 577 1586 796 685 994 1149 968 312 919 0
EOF