NAME : tsp_problem
TYPE : TSP
DIMENSION : 46
EDGE_WEIGHT_TYPE : EXPLICIT
EDGE_WEIGHT_FORMAT : FULL_MATRIX
EDGE_WEIGHT_SECTION
0 265 556 752 1281 491 787 787 667 522 973 1049 712 330 404 322 845 685 383 639 559 868 174 332 128 420 437 563 417 558 918 382 855 400 1177 791 1096 1003 1060 963 405 341 648 1095 1155 1050
265 0 539 735 1165 426 770 671 550 368 857 982 592 218 250 311 729 631 185 522 621 752 136 393 165 355 372 409 263 404 980 228 713 246 1104 675 1032 887 944 899 340 403 631 1022 1039 934
556 539 0 235 1595 599 270 1120 1019 850 1326 1158 290 394 755 487 1198 263 405 991 343 998 526 384 481 772 789 316 768 886 508 627 1150 592 1285 1144 1205 1142 1185 1072 757 393 131 1204 1379 1403
752 735 235 0 1791 795 111 1316 1215 1045 1522 1354 486 589 951 682 1394 458 601 1187 387 1194 722 477 677 968 985 512 964 1082 298 823 1345 787 1481 1339 1401 1338 1381 1268 953 478 175 1399 1575 1599
1376 1260 1667 1863 0 1120 1898 752 954 1129 670 562 1818 1444 1057 1495 639 1796 1412 773 1670 792 1247 1443 1275 1230 1247 1635 1047 1177 2029 1186 877 1204 1144 658 682 643 515 689 1215 1452 1759 1062 611 517
491 426 599 795 1048 0 830 573 663 620 859 611 755 488 432 480 731 728 541 635 602 451 362 375 390 416 433 721 422 668 961 543 852 560 739 677 658 595 638 525 401 384 691 657 833 893
787 770 270 111 1826 830 0 1351 1250 1081 1557 1389 521 624 986 718 1429 493 636 1222 422 1229 757 512 712 1003 1020 547 999 1117 345 858 1381 822 1516 1374 1436 1373 1416 1303 988 513 210 1434 1610 1634
787 671 1120 1316 668 573 1351 0 428 594 373 343 1229 854 467 905 245 1248 822 184 1123 168 658 895 686 640 657 1046 457 642 1482 597 466 615 520 190 430 241 353 436 626 905 1212 438 529 445
667 550 1019 1215 857 663 1250 428 0 333 468 739 1084 710 347 785 445 1123 678 323 1022 509 537 794 566 520 537 901 337 381 1381 457 215 490 861 432 825 644 701 832 505 804 1111 779 796 545
522 368 850 1045 1032 620 1081 594 333 0 643 905 902 528 304 621 620 941 496 446 877 675 393 650 421 477 494 719 294 72 1236 275 389 308 1027 598 992 810 867 998 462 659 941 945 962 720
973 857 1326 1522 572 859 1557 373 468 643 0 579 1394 1019 654 1092 160 1433 987 370 1328 454 844 1101 872 827 844 1210 644 691 1688 767 390 800 806 215 699 495 533 706 812 1111 1417 724 628 260
1049 982 1158 1354 489 611 1389 343 739 905 579 0 1314 1046 778 1038 442 1286 1099 495 1161 285 920 933 948 951 968 1279 768 953 1520 908 777 926 637 387 173 175 114 179 937 943 1250 555 286 500
712 592 290 486 1723 755 521 1229 1084 902 1394 1314 0 446 808 539 1287 252 458 1081 594 1154 682 539 637 913 930 228 821 938 759 680 1202 644 1441 1233 1361 1298 1341 1228 898 549 382 1359 1535 1471
330 218 394 589 1349 488 624 854 710 528 1019 1046 446 0 433 123 913 485 83 706 499 886 300 272 255 538 555 263 446 564 858 306 828 270 1174 859 1093 1030 1073 960 524 281 485 1092 1223 1096
404 250 755 951 962 432 986 467 347 304 654 778 808 433 0 522 526 847 401 319 759 549 275 532 303 289 306 625 81 352 1118 176 536 194 900 472 865 683 740 871 274 541 847 819 836 731
322 311 487 682 1400 480 718 905 785 621 1092 1038 539 123 522 0 964 578 176 757 491 878 292 264 247 538 555 356 535 657 850 399 921 363 1166 910 1085 1022 1066 952 523 273 578 1084 1260 1169
845 729 1198 1394 542 731 1429 245 445 620 160 442 1287 913 526 964 0 1326 881 243 1201 326 716 973 745 699 716 1104 516 668 1560 656 367 673 678 111 562 358 395 569 684 983 1290 596 491 230
685 631 263 458 1723 728 493 1248 1123 941 1433 1286 252 485 847 578 1326 0 496 1119 567 1127 655 512 609 901 918 408 859 977 732 719 1241 683 1414 1272 1333 1271 1314 1200 886 522 354 1332 1508 1510
383 185 405 601 1316 541 636 822 678 496 987 1099 458 83 401 176 881 496 0 674 552 903 288 325 308 506 523 274 414 532 874 273 796 238 1227 826 1146 1038 1095 1013 491 334 497 1145 1190 1064
639 522 991 1187 678 635 1222 184 323 446 370 495 1081 706 319 757 243 1119 674 0 994 265 509 766 538 492 509 897 309 494 1353 449 362 466 617 188 581 400 457 588 477 776 1083 535 552 447
559 621 343 387 1598 602 422 1123 1022 877 1328 1161 594 499 759 491 1201 567 552 994 0 1001 529 282 483 775 792 620 772 913 376 737 1210 739 1288 1146 1208 1145 1188 1075 760 282 283 1206 1382 1406
868 752 998 1194 708 451 1229 168 509 675 454 285 1154 886 549 878 326 1127 903 265 1001 0 739 773 767 722 739 1119 539 723 1360 678 547 696 398 272 372 190 312 378 707 783 1090 316 546 488
174 136 526 722 1152 362 757 658 537 393 844 920 682 300 275 292 716 655 288 509 529 739 0 301 75 290 307 511 287 429 888 253 726 271 1048 662 967 874 930 834 276 311 618 966 1026 921
332 393 384 477 1370 375 512 895 794 650 1101 933 539 272 532 264 973 512 325 766 282 773 301 0 256 547 564 505 544 686 641 510 983 512 1061 919 980 917 961 847 533 75 373 979 1155 1178
128 165 481 677 1180 390 712 686 566 421 872 948 637 255 303 247 745 609 308 538 483 767 75 256 0 319 336 488 316 457 843 281 754 299 1076 690 995 902 959 862 304 266 573 994 1054 950
420 355 772 968 1135 416 1003 640 520 477 827 951 913 538 289 538 699 901 506 492 775 722 290 547 319 0 91 730 279 525 1134 418 709 436 1074 645 1021 856 913 889 119 557 864 992 1009 904
437 372 789 985 1152 433 1020 657 537 494 844 968 930 555 306 555 716 918 523 509 792 739 307 564 336 91 0 747 296 542 1151 435 726 453 1091 662 1038 873 930 906 136 574 881 1009 1026 921
563 409 303 498 1540 721 534 1046 901 719 1210 1279 228 263 625 356 1104 394 274 897 607 1119 511 505 488 730 747 0 637 755 772 497 1019 461 1407 1050 1326 1262 1306 1193 715 514 394 1325 1414 1288
417 263 768 964 951 422 999 457 337 294 644 768 821 446 81 535 516 859 414 309 772 539 287 544 316 279 296 637 0 342 1131 189 526 207 890 462 855 673 730 861 264 554 860 808 826 721
558 404 886 1082 1080 668 1117 642 381 72 691 953 938 564 352 657 668 977 532 494 913 723 429 686 457 525 542 755 342 0 1272 311 437 345 1075 646 1040 858 915 1046 510 695 978 993 1010 768
918 980 508 298 1957 961 345 1482 1381 1236 1688 1520 759 858 1118 850 1560 732 874 1353 376 1360 888 641 843 1134 1151 785 1131 1272 0 1096 1570 1061 1647 1505 1567 1504 1547 1434 1119 641 407 1565 1741 1765
382 228 627 823 1091 543 858 597 457 275 767 908 680 306 176 399 656 719 273 449 737 678 253 510 281 418 435 497 189 311 1096 0 620 61 1030 601 994 813 870 1001 404 519 719 948 965 844
855 713 1150 1345 779 852 1381 466 215 389 390 777 1202 828 536 921 367 1241 796 362 1210 547 726 983 754 709 726 1019 526 437 1570 620 0 653 899 422 864 682 739 870 694 993 1241 817 834 467
400 246 592 787 1109 560 822 615 490 308 800 926 644 270 194 363 673 683 238 466 739 696 271 512 299 436 453 461 207 345 1061 61 653 0 1048 619 1012 831 887 1019 422 521 683 966 983 877
1177 1104 1285 1481 1060 739 1516 520 861 1027 806 637 1441 1174 900 1166 678 1414 1227 617 1288 398 1048 1061 1076 1074 1091 1407 890 1075 1647 1030 899 1048 0 623 723 542 664 725 1059 1070 1377 105 898 840
791 675 1144 1339 563 677 1374 190 432 598 215 387 1233 859 472 910 111 1272 826 188 1146 272 662 919 690 645 662 1050 462 646 1505 601 422 619 623 0 508 303 341 515 630 928 1235 542 437 285
1207 1091 1475 1670 581 928 1705 582 849 1015 680 338 1630 1275 888 1326 543 1603 1243 604 1477 602 1078 1250 1107 1061 1078 1466 878 1063 1836 1018 887 1035 954 489 0 473 345 496 1046 1259 1566 872 220 592
1003 887 1136 1332 559 589 1367 241 644 810 495 175 1292 1024 683 1017 358 1265 1038 400 1139 190 874 912 902 856 873 1257 673 858 1498 813 682 831 542 303 261 0 202 268 842 921 1228 460 420 422
1060 944 1185 1381 443 638 1416 353 701 867 533 114 1341 1073 740 1066 395 1314 1095 457 1188 312 930 961 959 913 930 1306 730 915 1547 870 739 887 664 341 200 202 0 207 899 970 1277 582 293 454
898 833 1006 1202 837 459 1237 393 789 955 685 414 1162 895 828 887 548 1135 948 545 1009 332 769 782 797 823 840 1128 818 1003 1368 949 827 967 620 494 500 318 441 0 808 791 1098 538 675 616
405 340 757 953 1120 401 988 626 505 462 812 937 898 524 274 523 684 886 491 477 760 707 276 533 304 119 136 715 264 510 1119 404 694 422 1059 630 1007 842 899 874 0 542 849 977 994 889
341 403 393 478 1380 384 513 905 804 659 1111 943 549 281 541 273 983 522 334 776 282 783 311 75 266 557 574 514 554 695 641 519 993 521 1070 928 990 927 970 857 542 0 374 988 1164 1188
648 631 131 175 1687 691 210 1212 1111 941 1417 1250 382 485 847 578 1290 354 497 1083 283 1090 618 373 573 864 881 408 860 978 407 719 1241 683 1377 1235 1297 1234 1277 1164 849 374 0 1295 1471 1495
1095 1022 1204 1399 978 657 1434 438 779 945 724 555 1359 1092 819 1084 596 1332 1145 535 1206 316 966 979 994 992 1009 1325 808 993 1565 948 817 966 105 542 642 460 582 643 977 988 1295 0 816 758
1276 1160 1566 1762 405 1020 1797 651 853 1029 569 461 1718 1343 956 1394 538 1695 1311 673 1569 692 1146 1342 1175 1129 1146 1534 946 1076 1928 1086 776 1104 1043 557 581 542 415 588 1115 1351 1658 962 0 416
1050 934 1403 1599 419 887 1634 445 545 720 260 500 1471 1096 731 1169 230 1510 1064 447 1406 488 921 1178 950 904 921 1288 721 768 1765 844 467 877 840 285 621 422 454 627 889 1188 1495 758 549 0
EOF