NAME : tsp_problem
TYPE : TSP
DIMENSION : 56
EDGE_WEIGHT_TYPE : EXPLICIT
EDGE_WEIGHT_FORMAT : FULL_MATRIX
EDGE_WEIGHT_SECTION
0 408 631 160 1495 951 1212 506 293 495 1021 584 919 417 107 256 987 733 1011 696 831 656 428 580 1344 309 419 111 927 706 496 567 807 482 823 1016 107 987 657 1024 153 353 1536 448 902 857 69 781 1092 749 451 617 246 1066 968 450
408 0 369 357 1198 655 915 387 254 218 725 323 623 320 364 238 691 437 715 599 535 359 166 318 1048 190 123 388 631 409 399 279 510 186 527 720 354 691 361 728 350 257 1239 352 606 560 403 685 796 452 354 355 200 770 672 353
631 369 0 580 1165 621 882 702 498 232 691 137 589 622 586 402 657 403 681 901 501 512 224 74 1014 505 348 611 597 376 700 173 763 501 493 686 576 657 514 694 573 558 1205 653 731 780 626 986 762 419 656 121 451 736 875 654
160 357 580 0 1444 900 1161 455 242 444 970 533 868 366 116 205 936 682 960 645 780 605 377 529 1293 258 368 141 876 655 445 516 756 431 772 965 106 936 606 973 66 302 1485 397 851 806 155 730 1041 698 400 566 195 1015 917 399
1495 1198 1165 1444 0 1007 940 1474 1340 1175 1009 1091 907 1407 1450 1325 1042 820 1066 1686 695 1284 1311 1202 333 1276 1119 1475 982 932 1486 1106 1220 1273 811 1004 1440 1043 1285 1079 1437 1344 340 1438 1117 1165 1490 1771 821 805 1441 1088 1287 524 1260 1440
951 655 621 900 1007 0 735 931 797 632 249 547 130 864 907 782 96 342 90 1143 341 583 768 659 856 733 576 932 111 287 942 563 348 665 253 244 897 104 584 103 893 800 1047 895 246 294 946 1228 616 327 898 545 744 576 317 897
1212 915 882 1161 940 735 0 1191 1057 892 737 808 635 1124 1167 1042 771 548 795 1403 423 1001 1028 919 790 993 836 1192 711 649 1203 823 948 990 539 733 1157 771 1002 808 1154 1061 981 1155 845 893 1207 1488 315 533 1158 805 1004 644 988 1157
506 387 702 455 1474 931 1191 0 352 494 1000 655 898 395 462 336 966 712 990 674 810 535 500 651 1323 236 398 486 906 685 474 555 686 421 802 996 452 967 536 1003 448 332 1515 426 782 736 501 759 1072 728 429 687 298 1045 847 428
293 254 498 242 1340 797 1057 352 0 360 867 451 765 262 248 123 832 579 857 541 676 501 295 447 1189 154 265 273 773 551 341 421 652 328 669 862 238 833 502 870 235 199 1381 293 748 702 288 626 938 594 296 484 91 912 813 295
495 218 232 444 1175 632 892 494 360 0 701 185 599 427 451 267 667 413 691 706 511 369 160 181 1024 296 139 475 607 386 506 167 617 292 503 697 441 667 370 704 437 363 1216 458 712 667 490 791 773 429 461 217 307 746 778 460
1021 725 691 970 1009 249 737 1000 867 701 0 617 149 934 977 851 284 344 309 1213 343 696 838 729 858 803 646 1002 224 401 1012 633 462 778 255 57 967 285 698 322 963 870 1050 965 359 407 1016 1298 618 329 968 615 814 579 502 966
584 323 137 533 1091 547 808 655 451 185 617 0 515 575 540 356 583 329 607 854 427 465 249 140 940 458 301 565 523 302 654 126 716 454 419 612 530 583 467 620 526 512 1132 607 657 706 579 939 688 345 609 61 405 662 801 608
919 623 589 868 907 130 635 898 765 599 149 515 0 831 875 749 165 242 189 1110 241 577 735 626 756 701 544 899 105 281 910 530 343 659 153 144 865 166 578 202 861 768 947 863 240 288 914 1196 516 227 865 512 711 476 383 864
417 320 622 366 1407 864 1124 395 262 427 934 575 831 0 372 247 899 646 924 400 743 551 419 571 1256 198 332 397 839 618 200 488 703 395 735 929 362 900 553 937 359 120 1448 152 798 753 412 485 1005 661 155 607 209 979 864 154
107 364 586 116 1450 907 1167 462 248 451 977 540 875 372 0 211 942 689 967 651 786 611 383 536 1300 264 375 87 883 661 451 522 762 438 779 972 65 943 612 980 109 309 1491 403 858 812 102 736 1048 704 406 572 202 1022 923 405
256 238 402 205 1325 782 1042 336 123 267 851 356 749 247 211 0 817 563 841 526 661 486 199 352 1174 139 249 236 757 536 326 338 637 312 653 847 201 818 487 854 198 183 1366 278 732 687 251 611 923 579 281 388 76 896 798 280
987 691 657 936 1042 96 771 966 832 667 284 583 165 899 942 817 0 377 55 1178 376 618 803 694 891 769 611 967 122 323 978 598 384 700 288 279 932 69 620 68 929 836 1083 930 281 329 982 1263 651 362 933 580 779 612 282 932
733 437 403 682 820 342 548 712 579 413 344 329 242 646 689 563 377 0 402 925 154 522 550 440 669 515 358 714 318 170 724 345 555 511 146 339 679 378 524 415 675 582 860 677 452 500 728 1010 429 89 680 327 526 389 595 678
1011 715 681 960 1066 90 795 990 857 691 309 607 189 924 967 841 55 402 0 1203 401 643 828 718 916 793 636 991 116 347 1002 622 408 724 312 304 957 63 644 62 953 860 1107 955 305 353 1006 1288 676 387 958 605 804 636 276 956
545 448 749 494 1535 992 1252 523 390 555 1061 703 959 249 500 375 1027 773 1051 0 871 679 546 699 1384 325 459 525 967 746 181 616 831 522 863 1057 490 1028 681 1064 486 248 1576 275 926 880 540 466 1133 789 278 735 337 1106 992 277
831 535 501 780 695 341 423 810 676 511 343 427 241 743 786 661 376 154 401 1022 0 620 647 538 544 613 455 811 316 268 822 442 554 609 145 338 776 377 621 414 773 680 735 774 451 499 826 1107 304 139 777 424 623 264 594 776
656 359 512 605 1284 583 1001 535 501 369 696 465 577 551 611 486 618 522 643 830 620 0 472 461 1133 392 313 636 559 495 630 365 271 202 612 691 601 619 91 637 598 488 1324 583 366 321 651 916 881 538 585 497 448 855 432 584
428 166 224 377 1311 768 1028 500 295 160 838 249 735 419 383 199 803 550 828 698 647 472 0 193 1160 302 236 408 743 522 497 232 623 299 639 833 373 804 473 841 370 355 1352 450 718 673 423 783 909 565 453 281 248 883 784 451
580 318 74 529 1202 659 919 651 447 181 729 140 626 571 536 352 694 440 718 850 538 461 193 0 1051 453 296 560 634 413 650 122 712 450 530 724 526 695 462 731 522 508 1243 602 769 762 575 935 800 456 605 168 400 773 873 604
1344 1048 1014 1293 333 856 790 1323 1189 1024 858 940 756 1256 1300 1174 891 669 916 1535 544 1133 1160 1051 0 1126 969 1324 831 781 1335 955 1069 1122 660 853 1289 892 1135 929 1286 1193 451 1288 966 1014 1339 1620 670 654 1290 937 1136 373 1109 1289
309 190 505 258 1276 733 993 236 154 296 803 458 701 198 264 139 769 515 793 476 613 392 302 453 1126 0 201 289 709 487 276 357 543 264 605 798 254 769 393 806 250 134 1317 229 639 593 304 562 874 530 231 490 101 848 704 230
419 123 348 368 1119 576 836 398 265 139 646 301 544 332 375 249 611 358 636 611 455 313 236 296 969 201 0 399 552 330 410 200 522 197 448 641 365 612 315 649 361 268 1160 363 617 571 414 696 717 373 366 333 212 691 683 364
111 388 611 141 1475 932 1192 486 273 475 1002 565 899 397 87 236 967 714 991 676 811 636 408 560 1324 289 399 0 907 686 476 547 787 463 803 997 87 968 637 1004 133 333 1516 428 882 837 106 761 1073 729 431 597 226 1047 948 430
927 631 597 876 982 111 711 906 773 607 224 523 105 839 883 757 122 318 116 1118 316 559 743 634 831 709 552 907 0 263 918 538 324 640 228 220 873 129 560 129 869 776 1023 871 221 269 922 1203 592 302 873 520 719 552 342 872
706 409 376 655 932 287 649 685 551 386 401 302 281 618 661 536 323 170 347 897 268 495 522 413 781 487 330 686 263 0 697 317 500 484 260 396 651 323 496 360 648 555 972 649 397 445 701 982 529 186 652 299 498 503 541 651
914 818 1119 863 1905 1361 1622 893 760 925 1431 1073 1329 619 870 745 1397 1143 1421 730 1241 1049 916 1069 1754 695 829 895 1337 1116 0 986 1200 892 1233 1426 860 1397 1051 1434 856 618 1945 645 1296 1250 909 815 1502 1159 648 1105 707 1476 1361 646
567 279 173 516 1106 563 823 555 421 167 633 126 530 488 522 338 598 345 622 767 442 365 232 122 955 357 200 547 538 317 567 0 616 354 434 628 512 599 366 635 509 425 1147 519 673 665 562 852 704 360 522 158 368 677 777 521
807 510 763 756 1220 348 948 686 652 617 462 716 343 703 762 637 384 555 408 982 554 271 623 712 1069 543 522 787 324 500 781 616 0 353 466 457 752 384 272 403 749 639 1260 734 154 243 802 1067 829 540 737 748 599 789 198 735
482 186 501 431 1273 665 990 421 328 292 778 454 659 395 438 312 700 511 724 674 609 202 299 450 1122 264 197 463 640 484 473 354 353 0 601 773 428 701 203 719 424 331 1313 426 448 403 477 759 870 526 429 486 275 844 514 427
823 527 493 772 811 253 539 802 669 503 255 419 153 735 779 653 288 146 312 1014 145 612 639 530 660 605 448 803 228 260 814 434 466 601 0 250 769 289 614 325 765 672 851 767 363 411 818 1099 420 131 769 416 615 380 506 768
1016 720 686 965 1004 244 733 996 862 697 57 612 144 929 972 847 279 339 304 1208 338 691 833 724 853 798 641 997 220 396 1007 628 457 773 250 0 962 280 693 317 958 865 1045 960 354 402 1011 1293 613 324 963 610 809 574 497 962
107 354 576 106 1440 897 1157 452 238 441 967 530 865 362 65 201 932 679 957 641 776 601 373 526 1289 254 365 87 873 651 441 512 752 428 769 962 0 933 602 970 99 299 1481 393 848 802 102 726 1038 694 396 562 191 1012 913 395
987 691 657 936 1043 104 771 967 833 667 285 583 166 900 943 818 69 378 63 1179 377 619 804 695 892 769 612 968 129 323 978 599 384 701 289 280 933 0 620 76 929 836 1083 931 282 330 982 1264 652 363 934 581 780 612 290 932
657 361 514 606 1285 584 1002 536 502 370 698 467 578 553 612 487 620 524 644 832 621 91 473 462 1135 393 315 637 560 496 632 366 272 203 614 693 602 620 0 639 599 489 1326 584 368 322 652 917 883 539 587 499 449 857 434 586
1024 728 694 973 1079 103 808 1003 870 704 322 620 202 937 980 854 68 415 62 1216 414 637 841 731 929 806 649 1004 129 360 1015 635 403 719 325 317 970 76 639 0 966 873 1120 968 300 348 1019 1301 689 400 971 618 817 649 253 969
153 350 573 66 1437 893 1154 448 235 437 963 526 861 359 109 198 929 675 953 638 773 598 370 522 1286 250 361 133 869 648 437 509 749 424 765 958 99 929 599 966 0 295 1477 390 844 799 148 723 1034 691 393 558 188 1008 910 391
353 257 558 302 1344 800 1061 332 199 363 870 512 768 120 309 183 836 582 860 399 680 488 355 508 1193 134 268 333 776 555 199 425 639 331 672 865 299 836 489 873 295 0 1384 151 735 689 348 484 941 597 154 544 146 915 800 153
1536 1239 1205 1485 340 1047 981 1515 1381 1216 1050 1132 947 1448 1491 1366 1083 860 1107 1727 735 1324 1352 1243 451 1317 1160 1516 1023 972 1527 1147 1260 1313 851 1045 1481 1083 1326 1120 1477 1384 0 1479 1157 1205 1531 1812 740 845 1482 1129 1328 565 1301 1481
448 352 653 397 1438 895 1155 426 293 458 965 607 863 152 403 278 930 677 955 426 774 583 450 602 1288 229 363 428 871 649 226 519 734 426 767 960 393 931 584 968 390 151 1479 0 829 784 443 511 1036 692 45 639 240 1010 895 44
902 606 731 851 1117 246 845 782 748 712 359 657 240 798 858 732 281 452 305 1077 451 366 718 769 966 639 617 882 221 397 877 673 154 448 363 354 848 282 368 300 844 735 1157 829 0 193 897 1162 726 437 832 655 694 686 315 831
857 560 780 806 1165 294 893 736 702 667 407 706 288 753 812 687 329 500 353 1032 499 321 673 762 1014 593 571 837 269 445 831 665 243 403 411 402 802 330 322 348 799 689 1205 784 193 0 852 1117 774 485 787 703 649 734 404 785
69 403 626 155 1490 946 1207 501 288 490 1016 579 914 412 102 251 982 728 1006 691 826 651 423 575 1339 304 414 106 922 701 491 562 802 477 818 1011 102 982 652 1019 148 348 1531 443 897 852 0 776 1087 744 446 612 241 1061 963 445
682 586 887 631 1673 1129 1390 661 528 693 1199 841 1097 387 638 512 1165 911 1189 199 1009 817 684 837 1522 463 597 663 1105 884 319 754 968 660 1001 1194 628 1165 818 1202 624 386 1713 413 1064 1018 677 0 1270 927 416 873 475 1244 1129 414
1092 796 762 1041 821 616 315 1072 938 773 618 688 516 1005 1048 923 651 429 676 1284 304 881 909 800 670 874 717 1073 592 529 1083 704 829 870 420 613 1038 652 883 689 1034 941 740 1036 726 774 1087 1369 0 414 1039 686 885 525 869 1038
749 452 419 698 805 327 533 728 594 429 329 345 227 661 704 579 362 89 387 940 139 538 565 456 654 530 373 729 302 186 740 360 540 526 131 324 694 363 539 400 691 597 845 692 437 485 744 1025 414 0 695 342 541 374 580 694
451 354 656 400 1441 898 1158 429 296 461 968 609 865 155 406 281 933 680 958 429 777 585 453 605 1290 231 366 431 873 652 229 522 737 429 769 963 396 934 587 971 393 154 1482 45 832 787 446 514 1039 695 0 641 243 1013 898 47
617 355 121 566 1088 545 805 687 484 217 615 61 512 607 572 388 580 327 605 886 424 497 281 168 937 490 333 597 520 299 686 158 748 486 416 610 562 581 499 618 558 544 1129 639 655 703 612 972 686 342 641 0 437 660 798 640
246 200 451 195 1287 744 1004 298 91 307 814 405 711 209 202 76 779 526 804 488 623 448 248 400 1136 101 212 226 719 498 288 368 599 275 615 809 191 780 449 817 188 146 1328 240 694 649 241 573 885 541 243 437 0 859 760 242
1066 770 736 1015 524 576 644 1045 912 746 579 662 476 979 1022 896 612 389 636 1258 264 855 883 773 373 848 691 1047 552 503 1057 677 789 844 380 574 1012 612 857 649 1008 915 565 1010 686 734 1061 1343 525 374 1013 660 859 0 829 1011
968 672 875 917 1260 317 988 847 813 778 502 801 383 864 923 798 282 595 276 1143 594 432 784 873 1109 704 683 948 342 541 943 777 198 514 506 497 913 290 434 253 910 800 1301 895 315 404 963 1228 869 580 898 798 760 829 0 897
450 353 654 399 1440 897 1157 428 295 460 966 608 864 154 405 280 932 678 956 428 776 584 451 604 1289 230 364 430 872 651 227 521 735 427 768 962 395 932 586 969 391 153 1481 44 831 785 445 513 1038 694 47 640 242 1011 897 0
EOF