NAME : tsp_problem
TYPE : TSP
DIMENSION : 54
EDGE_WEIGHT_TYPE : EXPLICIT
EDGE_WEIGHT_FORMAT : FULL_MATRIX
EDGE_WEIGHT_SECTION
0 213 873 1150 1350 1205 1077 1326 253 1318 775 700 1113 1382 931 973 450 163 1142 952 913 1055 1345 1332 1049 679 202 1389 277 235 977 442 1228 1208 110 1404 804 158 1199 1115 1015 84 90 884 1077 1223 1330 1161 226 1064 680 960 1316 1021
213 0 766 1044 1244 1099 970 1219 279 1211 669 594 1007 1276 824 867 344 303 1036 846 807 949 1238 1225 942 573 95 1282 234 245 871 336 1121 1101 204 1297 698 183 1093 1009 909 144 239 777 971 1116 1224 1055 252 958 574 854 1210 915
873 766 0 392 592 446 318 567 939 559 169 231 640 624 563 538 449 993 707 194 545 620 586 573 290 311 755 630 766 828 542 452 469 536 913 645 425 843 544 356 209 804 930 56 641 464 572 331 912 628 237 202 557 586
1150 1044 392 0 280 87 184 232 1216 200 447 509 528 312 841 712 727 1271 729 319 823 818 274 238 286 589 1033 295 1044 1106 820 729 134 424 1191 333 703 1121 432 222 382 1082 1207 403 566 129 212 374 1189 572 515 327 222 810
1350 1244 592 280 0 335 384 433 1416 447 647 709 768 116 1041 953 927 1471 969 520 1023 1059 78 439 475 789 1233 496 1244 1306 1020 930 335 664 1391 137 903 1321 673 422 515 1282 1408 603 807 330 460 481 1389 813 715 527 423 1051
1205 1099 446 87 335 0 238 287 1271 195 502 563 463 366 895 648 781 1326 664 374 878 753 329 292 340 643 1088 349 1098 1161 840 784 189 359 1245 388 758 1176 367 248 437 1136 1262 457 502 183 208 429 1244 507 570 382 277 745
1077 970 318 184 384 238 0 359 1143 351 373 435 418 416 767 602 653 1198 619 246 749 708 378 365 212 515 959 422 970 1032 746 656 261 314 1117 437 629 1047 322 119 309 1008 1134 329 456 256 364 300 1116 462 441 254 350 700
1326 1219 567 232 433 287 359 0 1392 399 622 684 727 465 1016 912 902 1447 928 495 999 1018 427 44 461 764 1209 150 1219 1282 995 905 165 623 1366 486 879 1297 631 398 558 1257 1383 578 766 157 412 535 1365 772 690 503 191 1009
253 279 939 1216 1416 1271 1143 1392 0 1384 841 766 1179 1448 997 1039 516 244 1208 1018 979 1121 1411 1398 1115 745 268 1455 406 462 1043 508 1294 1274 337 1470 871 121 1265 1181 1081 185 311 950 1143 1289 1396 1227 56 1130 746 1026 1382 1087
1318 1211 559 200 447 195 351 399 1384 0 614 676 636 479 1008 821 894 1439 837 487 991 927 442 405 453 756 1201 462 1211 1273 987 897 301 532 1358 501 871 1289 540 390 550 1249 1375 570 675 296 147 542 1357 681 682 495 390 918
775 669 169 447 647 502 373 622 841 614 0 134 537 679 465 396 352 896 565 249 447 478 641 628 345 214 658 685 669 731 400 355 524 591 816 700 284 746 599 412 312 707 833 180 500 519 627 458 814 487 140 257 613 444
700 594 231 509 709 563 435 684 766 676 134 0 571 741 388 431 275 821 600 311 371 513 703 690 407 137 583 747 594 656 435 277 586 653 741 762 262 671 657 473 374 632 757 242 535 581 689 520 739 522 77 319 675 479
1113 1007 640 528 768 463 418 727 1179 636 537 571 0 800 519 221 688 1234 237 568 502 327 762 733 596 481 996 790 1007 1069 414 691 629 194 1154 821 339 1084 202 373 630 1045 1171 651 75 624 648 685 1152 207 551 576 718 319
1382 1276 624 312 116 366 416 465 1448 479 679 741 800 0 1072 985 959 1503 1001 551 1055 1091 110 471 507 821 1265 528 1276 1338 1051 961 367 696 1423 98 935 1353 704 454 547 1314 1439 635 839 362 492 513 1421 845 747 559 455 1082
931 824 563 841 1041 895 767 1016 997 1008 465 388 519 1072 0 379 505 1052 548 642 57 461 1035 1022 739 298 814 1079 824 886 383 508 918 614 971 1094 210 902 605 805 705 862 988 574 483 913 1020 852 970 470 368 650 1006 427
973 867 538 712 953 648 602 912 1039 821 396 431 221 985 379 0 547 1094 274 617 361 322 947 918 714 340 856 975 867 929 274 550 814 378 1014 1006 198 944 387 558 680 904 1030 549 185 809 833 826 1012 331 411 625 902 288
450 344 449 727 927 781 653 902 516 894 352 275 688 959 505 547 0 571 716 529 488 629 921 908 625 253 333 965 344 406 552 57 804 782 491 980 379 421 774 691 591 382 507 460 651 799 906 738 489 638 254 536 892 595
163 303 993 1271 1471 1326 1198 1447 244 1439 896 821 1234 1503 1052 1094 571 0 1263 1073 1034 1176 1466 1453 1170 800 274 1510 280 239 1098 563 1349 1329 113 1525 925 175 1320 1236 1136 222 103 1005 1198 1343 1451 1282 217 1185 801 1081 1437 1142
1142 1036 707 729 969 664 619 928 1208 837 565 600 237 1001 548 274 716 1263 0 769 530 153 963 934 797 509 1025 991 1036 1098 253 719 830 394 1183 1022 367 1113 403 574 831 1073 1199 718 201 825 849 886 1181 408 580 776 918 144
952 846 194 319 520 374 246 495 1018 487 249 311 568 551 642 617 529 1073 769 0 625 699 514 501 204 391 835 558 846 908 621 531 397 464 993 573 505 923 472 284 113 884 1009 205 606 392 499 246 991 612 317 100 485 665
913 807 545 823 1023 878 749 999 979 991 447 371 502 1055 57 361 488 1034 530 625 0 443 1017 1004 721 281 796 1061 807 869 366 490 900 596 954 1076 193 884 588 788 688 845 970 556 465 895 1003 834 952 452 351 633 989 409
1055 949 620 818 1059 753 708 1018 1121 927 478 513 327 1091 461 322 629 1176 153 699 443 0 1053 1024 796 422 938 1081 949 1011 166 632 920 484 1096 1112 280 1026 493 664 762 987 1112 631 290 915 939 908 1094 413 493 707 1008 84
1345 1238 586 274 78 329 378 427 1411 442 641 703 762 110 1035 947 921 1466 963 514 1017 1053 0 433 469 783 1227 490 1238 1300 1014 924 329 658 1385 132 897 1315 667 416 509 1276 1402 597 801 324 454 475 1384 807 709 522 417 1045
1332 1225 573 238 439 292 365 44 1398 405 628 690 733 471 1022 918 908 1453 934 501 1004 1024 433 0 467 770 1214 156 1225 1287 1001 911 171 629 1372 492 884 1302 637 403 564 1263 1389 584 772 163 418 541 1371 778 696 509 197 1015
1049 942 290 286 475 340 212 461 1115 453 345 407 596 507 739 714 625 1170 797 204 721 796 469 467 0 487 931 524 942 1004 718 628 363 492 1089 528 601 1019 501 251 143 980 1106 289 635 358 466 240 1088 641 413 226 452 762
679 573 311 589 789 643 515 764 745 756 214 137 481 821 298 340 253 800 509 391 281 422 783 770 487 0 562 827 572 635 345 256 666 575 719 842 172 650 567 553 453 610 736 322 444 661 768 600 718 431 116 398 754 388
202 95 755 1033 1233 1088 959 1209 268 1201 658 583 996 1265 814 856 333 274 1025 835 796 938 1227 1214 931 562 0 1271 223 216 860 325 1110 1091 175 1286 687 173 1082 998 898 133 210 766 960 1105 1213 1044 241 947 563 843 1199 904
1389 1282 630 295 496 349 422 150 1455 462 685 747 790 528 1079 975 965 1510 991 558 1061 1081 490 156 524 827 1271 0 1282 1344 1058 968 228 686 1429 549 942 1360 694 460 621 1320 1446 641 829 220 475 598 1428 835 753 566 254 1072
277 234 766 1044 1244 1098 970 1219 406 1211 669 594 1007 1276 824 867 344 280 1036 846 807 949 1238 1225 942 572 223 1282 0 92 871 335 1121 1101 182 1297 698 311 1093 1009 909 271 217 777 971 1116 1224 1055 379 958 574 854 1210 915
235 245 828 1106 1306 1161 1032 1282 462 1273 731 656 1069 1338 886 929 406 239 1098 908 869 1011 1300 1287 1004 635 216 1344 92 0 933 398 1183 1163 140 1359 760 369 1155 1071 971 294 175 839 1033 1178 1286 1117 435 1020 636 916 1272 977
977 871 542 820 1020 840 746 995 1043 987 400 435 414 1051 383 274 552 1098 253 621 366 166 1014 1001 718 345 860 1058 871 933 0 554 897 508 1018 1073 202 948 500 751 684 909 1034 553 377 892 999 831 1016 365 415 629 985 132
442 336 452 729 930 784 656 905 508 897 355 277 691 961 508 550 57 563 719 531 490 632 924 911 628 256 325 968 335 398 554 0 807 785 482 983 382 413 777 694 594 373 499 463 654 802 909 741 481 641 257 539 895 598
1228 1121 469 134 335 189 261 165 1294 301 524 586 629 367 918 814 804 1349 830 397 900 920 329 171 363 666 1110 228 1121 1183 897 807 0 525 1268 388 781 1199 533 300 460 1159 1285 480 668 79 314 437 1267 674 592 405 156 911
1208 1101 536 424 664 359 314 623 1274 532 591 653 194 696 614 378 782 1329 394 464 596 484 658 629 492 575 1091 686 1101 1163 508 785 525 0 1248 717 433 1179 98 269 526 1139 1265 547 232 520 544 581 1247 238 645 471 613 476
110 204 913 1191 1391 1245 1117 1366 337 1358 816 741 1154 1423 971 1014 491 113 1183 993 954 1096 1385 1372 1089 719 175 1429 182 140 1018 482 1268 1248 0 1444 845 244 1240 1155 1056 169 50 924 1117 1263 1371 1202 310 1104 721 1001 1357 1062
1404 1297 645 333 137 388 437 486 1470 501 700 762 821 98 1094 1006 980 1525 1022 573 1076 1112 132 492 528 842 1286 549 1297 1359 1073 983 388 717 1444 0 956 1374 726 475 568 1335 1461 656 860 383 513 534 1443 866 768 581 476 1104
804 698 425 703 903 758 629 879 871 871 284 262 339 935 210 198 379 925 367 505 193 280 897 884 601 172 687 942 698 760 202 382 781 433 845 956 0 775 425 668 568 736 862 436 302 775 883 714 843 289 242 513 869 246
158 183 843 1121 1321 1176 1047 1297 121 1289 746 671 1084 1353 902 944 421 175 1113 923 884 1026 1315 1302 1019 650 173 1360 311 369 948 413 1199 1179 244 1374 775 0 1170 1086 986 90 215 854 1048 1193 1301 1132 94 1035 651 931 1287 992
1199 1093 544 432 673 367 322 631 1265 540 599 657 202 704 605 387 774 1320 403 472 588 493 667 637 501 567 1082 694 1093 1155 500 777 533 98 1240 726 425 1170 0 277 535 1131 1257 555 241 528 553 589 1238 246 637 480 622 484
1115 1009 356 222 422 248 119 398 1181 390 412 473 373 454 805 558 691 1236 574 284 788 664 416 403 251 553 998 460 1009 1071 751 694 300 269 1155 475 668 1086 277 0 347 1046 1172 367 412 294 402 339 1154 418 480 292 388 655
1015 909 209 382 515 437 309 558 1081 550 312 374 630 547 705 680 591 1136 831 113 688 762 509 564 143 453 898 621 909 971 684 594 460 526 1056 568 568 986 535 347 0 946 1072 198 669 454 562 184 1054 675 380 154 548 728
84 144 804 1082 1282 1136 1008 1257 185 1249 707 632 1045 1314 862 904 382 222 1073 884 845 987 1276 1263 980 610 133 1320 271 294 909 373 1159 1139 169 1335 736 90 1131 1046 946 0 141 815 1008 1154 1261 1093 158 995 612 892 1247 952
90 239 930 1207 1408 1262 1134 1383 311 1375 833 757 1171 1439 988 1030 507 103 1199 1009 970 1112 1402 1389 1106 736 210 1446 217 175 1034 499 1285 1265 50 1461 862 215 1257 1172 1072 141 0 941 1134 1280 1387 1219 284 1121 737 1017 1373 1078
884 777 56 403 603 457 329 578 950 570 180 242 651 635 574 549 460 1005 718 205 556 631 597 584 289 322 766 641 777 839 553 463 480 547 924 656 436 854 555 367 198 815 941 0 652 475 583 320 923 640 248 213 569 597
1077 971 641 566 807 502 456 766 1143 675 500 535 75 839 483 185 651 1198 201 606 465 290 801 772 635 444 960 829 971 1033 377 654 668 232 1117 860 302 1048 241 412 669 1008 1134 652 0 663 687 724 1116 246 515 614 756 282
1223 1116 464 129 330 183 256 157 1289 296 519 581 624 362 913 809 799 1343 825 392 895 915 324 163 358 661 1105 220 1116 1178 892 802 79 520 1263 383 775 1193 528 294 454 1154 1280 475 663 0 309 432 1262 669 587 400 147 906
1330 1224 572 212 460 208 364 412 1396 147 627 689 648 492 1020 833 906 1451 849 499 1003 939 454 418 466 768 1213 475 1224 1286 999 909 314 544 1371 513 883 1301 553 402 562 1261 1387 583 687 309 0 554 1369 693 695 507 402 931
1161 1055 331 374 481 429 300 535 1227 542 458 520 685 513 852 826 738 1282 886 246 834 908 475 541 240 600 1044 598 1055 1117 831 741 437 581 1202 534 714 1132 589 339 184 1093 1219 320 724 432 554 0 1200 729 526 286 525 874
226 252 912 1189 1389 1244 1116 1365 56 1357 814 739 1152 1421 970 1012 489 217 1181 991 952 1094 1384 1371 1088 718 241 1428 379 435 1016 481 1267 1247 310 1443 843 94 1238 1154 1054 158 284 923 1116 1262 1369 1200 0 1103 719 999 1355 1060
1064 958 628 572 813 507 462 772 1130 681 487 522 207 845 470 331 638 1185 408 612 452 413 807 778 641 431 947 835 958 1020 365 641 674 238 1104 866 289 1035 246 418 675 995 1121 640 246 669 693 729 1103 0 502 620 762 379
680 574 237 515 715 570 441 690 746 682 140 77 551 747 368 411 254 801 580 317 351 493 709 696 413 116 563 753 574 636 415 257 592 645 721 768 242 651 637 480 380 612 737 248 515 587 695 526 719 502 0 325 681 459
960 854 202 327 527 382 254 503 1026 495 257 319 576 559 650 625 536 1081 776 100 633 707 522 509 226 398 843 566 854 916 629 539 405 471 1001 581 513 931 480 292 154 892 1017 213 614 400 507 286 999 620 325 0 493 673
1316 1210 557 222 423 277 350 191 1382 390 613 675 718 455 1006 902 892 1437 918 485 989 1008 417 197 452 754 1199 254 1210 1272 985 895 156 613 1357 476 869 1287 622 388 548 1247 1373 569 756 147 402 525 1355 762 681 493 0 1000
1021 915 586 810 1051 745 700 1009 1087 918 444 479 319 1082 427 288 595 1142 144 665 409 84 1045 1015 762 388 904 1072 915 977 132 598 911 476 1062 1104 246 992 484 655 728 952 1078 597 282 906 931 874 1060 379 459 673 1000 0
EOF