NAME : tsp_problem
TYPE : TSP
DIMENSION : 86
EDGE_WEIGHT_TYPE : EXPLICIT
EDGE_WEIGHT_FORMAT : FULL_MATRIX
EDGE_WEIGHT_SECTION
0 1005 393 379 1316 161 1493 423 722 310 125 375 787 947 522 677 482 778 1379 601 912 951 227 998 364 620 358 1030 166 384 1187 748 155 308 815 561 403 1563 454 379 412 968 461 483 998 286 910 310 457 778 370 422 169 370 965 1294 580 423 804 870 1043 1004 1467 49 850 884 587 1188 937 454 520 936 132 929 1241 1325 292 965 1366 1289 654 913 1175 1035 796 1453
1005 0 787 934 1032 899 1209 978 321 865 1070 938 428 379 515 529 931 423 1095 641 293 161 877 175 735 505 951 158 1031 848 903 461 890 937 336 1010 863 1291 806 934 861 682 703 933 168 771 245 938 779 299 942 977 915 937 680 1011 713 873 400 584 62 114 1184 994 568 152 720 905 280 1009 970 368 922 247 958 1041 847 397 1083 1005 385 293 1730 108 418 1169
393 787 0 361 1098 288 1275 405 504 292 459 175 569 729 304 459 441 560 1161 342 694 733 185 780 146 402 188 812 419 85 969 530 279 347 597 520 105 1345 156 361 371 750 243 443 780 182 692 348 181 560 179 404 304 174 747 1076 281 383 586 652 825 786 1249 383 632 666 288 970 719 436 480 718 310 711 1023 1107 274 747 1148 1071 436 695 1157 817 578 1235
379 934 361 0 1261 273 1438 96 651 112 444 399 733 892 451 623 404 723 1324 547 841 896 251 943 309 549 382 975 405 408 1132 677 264 310 744 483 427 1509 430 88 334 913 406 405 944 231 856 312 403 707 394 94 289 394 911 1239 604 345 733 815 972 949 1412 368 795 813 611 1133 866 192 442 882 296 874 1187 1270 133 911 1312 1234 583 841 913 980 725 1398
1316 1032 1098 1261 0 1210 319 1305 1127 1192 1381 1237 667 826 1204 694 1341 657 129 871 966 898 1188 945 995 1140 1262 977 1342 1159 272 1090 1201 1247 1024 1420 1093 531 1037 1261 1271 390 948 1343 945 1082 857 1249 1009 1047 1241 1304 1226 1236 380 120 943 1283 1028 466 1027 951 293 1305 504 1071 950 273 909 1336 1380 816 1232 876 100 49 1174 845 193 105 1190 961 2057 981 1046 279
161 899 288 273 1210 0 1387 318 617 205 226 270 682 841 416 572 376 672 1273 496 807 845 121 892 258 514 252 924 187 278 1081 643 81 202 709 455 298 1458 348 273 306 862 355 378 893 180 805 204 352 673 265 317 106 264 860 1189 474 318 698 764 938 898 1361 150 744 779 481 1082 831 349 415 831 110 823 1136 1219 186 860 1261 1183 548 807 1070 929 690 1347
1493 1209 1275 1438 319 1387 0 1483 1304 1370 1558 1414 844 1004 1381 872 1519 835 426 1049 1143 1075 1365 1122 1173 1317 1439 1154 1519 1336 450 1267 1378 1425 1202 1598 1271 234 1214 1439 1449 567 1125 1521 1123 1259 1035 1426 1187 1224 1418 1482 1403 1414 557 231 1121 1460 1206 643 1205 1128 341 1482 682 1248 1128 451 1086 1514 1557 993 1410 1053 277 329 1351 1022 165 292 1368 1139 2235 1159 1224 68
423 978 405 96 1305 318 1483 0 696 157 489 444 777 937 495 667 448 768 1369 591 886 941 296 988 354 594 426 1020 449 452 1177 722 309 355 788 527 472 1553 475 86 378 958 451 450 988 276 900 357 447 752 439 42 334 439 955 1284 648 390 777 860 1017 994 1457 413 840 858 656 1178 910 236 487 926 340 919 1231 1315 178 955 1356 1279 627 886 957 1024 769 1443
722 321 504 651 1127 617 1304 696 0 583 788 655 523 473 233 624 649 518 1190 628 228 364 595 459 453 222 669 443 749 566 998 256 608 654 131 728 585 1386 574 652 579 777 421 650 452 489 394 656 546 95 659 695 633 655 774 1105 698 590 177 679 359 412 1278 712 663 201 705 999 253 727 687 463 639 277 1053 1136 564 492 1177 1100 102 229 1448 406 168 1264
310 865 292 112 1192 205 1370 157 583 0 376 331 664 823 382 554 335 655 1256 478 773 828 182 874 241 481 313 907 336 339 1064 609 196 242 675 414 359 1440 362 112 265 845 338 337 875 163 787 244 334 639 326 156 221 326 842 1171 535 277 664 747 904 880 1344 300 727 745 542 1065 797 188 374 813 227 806 1118 1202 86 842 1243 1166 514 773 908 911 656 1330
125 1070 459 444 1381 226 1558 489 788 376 0 440 853 1012 587 743 547 843 1444 667 978 1016 292 1063 429 685 423 1095 232 449 1252 814 220 373 880 626 468 1628 519 444 477 1033 526 549 1063 351 976 375 523 844 435 488 235 435 1030 1359 645 488 869 935 1109 1069 1532 115 915 950 652 1253 1002 520 586 1002 197 994 1307 1390 357 1031 1432 1354 719 978 1240 1100 861 1518
375 938 175 399 1237 270 1414 444 655 331 440 0 709 868 455 599 502 699 1300 410 845 872 167 919 297 553 58 951 401 130 1108 681 260 328 748 581 185 1485 236 399 432 889 394 504 920 306 832 330 261 711 46 443 285 46 887 1216 330 444 737 791 976 925 1389 364 771 817 331 1110 870 475 541 858 292 850 1163 1246 312 887 1288 1210 587 845 1195 956 729 1374
787 428 569 733 667 682 844 777 523 664 853 709 0 222 676 164 813 95 730 343 362 294 659 341 467 612 734 373 813 631 538 486 673 719 420 892 565 926 509 733 743 317 420 815 341 553 253 721 481 443 713 776 698 708 314 645 415 755 424 219 423 346 818 777 203 467 422 539 305 808 852 212 704 272 593 676 646 241 718 640 586 357 1529 377 442 804
947 379 729 892 826 841 1004 937 473 823 1012 868 222 0 668 323 972 217 889 502 313 244 819 291 626 657 893 323 973 790 697 436 832 878 371 1051 725 1085 668 892 902 476 579 974 292 713 204 880 640 393 872 936 857 867 474 805 574 914 375 378 374 297 978 936 362 417 581 699 255 967 1011 53 863 222 752 835 805 49 877 799 537 308 1688 328 393 963
522 515 304 451 1204 416 1381 495 233 382 587 455 676 668 0 566 448 666 1267 490 423 558 394 654 252 131 468 637 548 365 1075 259 407 454 325 527 385 1452 373 451 378 856 329 450 647 288 588 455 346 289 459 494 432 454 853 1182 560 390 314 758 554 606 1355 511 738 395 567 1076 447 526 487 657 439 471 1130 1213 364 686 1255 1177 164 423 1247 600 306 1341
677 529 459 623 694 572 872 667 624 554 743 599 164 323 566 0 703 155 757 233 463 395 550 442 357 502 624 474 704 521 566 587 563 609 522 782 455 953 399 623 633 345 310 705 442 444 355 611 371 544 603 666 588 598 342 673 305 645 526 246 525 448 846 667 230 568 312 567 406 698 742 313 594 373 620 704 536 342 745 667 635 458 1419 479 544 832
482 931 441 404 1341 376 1519 448 649 335 547 502 813 972 448 703 0 803 1404 627 838 973 354 1023 389 546 484 1053 508 503 1212 674 367 413 741 127 522 1589 510 404 122 994 487 65 1024 311 936 415 483 704 497 447 392 497 991 1320 697 108 730 895 969 1021 1493 471 875 811 704 1214 863 479 87 962 398 887 1267 1351 317 991 1392 1314 580 839 1200 1016 722 1479
778 423 560 723 657 672 835 768 518 655 843 699 95 217 666 155 803 0 720 334 357 289 650 336 457 602 724 368 804 621 529 481 663 710 416 883 556 916 499 723 734 308 410 805 337 544 249 711 472 438 703 767 688 699 305 636 405 745 420 209 419 342 809 767 193 462 413 530 300 799 842 207 695 267 583 667 636 236 708 630 582 352 1520 373 438 795
1379 1095 1161 1324 129 1273 426 1369 1190 1256 1444 1300 730 889 1267 757 1404 720 0 935 1029 961 1251 1008 1058 1203 1325 1040 1405 1222 220 1153 1264 1310 1088 1483 1157 638 1100 1324 1335 453 1011 1406 1008 1145 921 1312 1073 1110 1304 1368 1289 1300 443 229 1006 1346 1092 529 1091 1014 261 1368 567 1134 1014 221 972 1400 1443 879 1296 939 208 123 1237 908 299 180 1254 1024 2120 1045 1110 386
601 641 342 547 871 496 1049 591 628 478 667 410 343 502 490 233 627 334 935 0 575 506 432 553 281 426 435 586 627 332 743 654 487 533 633 706 266 1119 271 547 557 524 234 629 554 368 466 535 295 656 414 590 512 409 521 850 116 569 637 426 636 559 1023 591 406 680 123 744 518 622 666 492 518 485 797 881 460 521 922 845 559 570 1343 590 655 1009
912 293 694 841 966 807 1143 886 228 773 978 845 362 313 423 463 838 357 1029 575 0 203 784 299 643 412 859 282 938 756 837 395 798 844 243 917 775 1225 740 841 769 616 611 840 291 678 233 846 713 207 849 885 823 845 613 944 646 780 334 518 331 256 1117 902 502 173 654 838 92 917 877 302 829 181 892 975 754 331 1017 939 292 93 1638 287 351 1103
951 161 733 896 898 845 1075 941 364 828 1016 872 294 244 558 395 973 289 961 506 203 0 823 122 630 547 897 106 977 794 769 327 836 882 261 1052 729 1157 672 896 904 548 583 975 115 717 165 884 644 284 876 940 861 871 545 876 578 915 265 450 156 79 1049 940 434 289 585 770 145 972 1012 234 867 113 823 907 809 263 948 871 427 198 1692 110 283 1035
227 877 185 251 1188 121 1365 296 595 182 292 167 659 819 394 550 354 650 1251 432 784 823 0 870 236 492 150 902 253 176 1059 620 112 180 687 433 195 1435 246 251 284 840 333 356 870 158 783 182 272 651 162 294 137 162 837 1166 372 295 676 742 915 876 1339 216 722 757 379 1060 809 326 392 809 144 801 1114 1197 164 837 1238 1161 526 785 1047 907 668 1325
998 175 780 943 945 892 1122 988 459 874 1063 919 341 291 654 442 1023 336 1008 553 299 122 870 0 677 643 944 93 1024 841 816 422 883 929 357 1102 776 1204 719 943 953 595 630 1025 93 764 124 931 691 380 923 987 908 918 592 923 625 965 361 497 170 93 1096 987 481 303 632 817 241 1018 1062 281 914 208 870 954 856 310 995 918 523 294 1739 124 379 1082
364 735 146 309 995 258 1173 354 453 241 429 297 467 626 252 357 389 457 1058 281 643 630 236 677 0 333 310 710 390 207 866 479 249 295 545 469 221 1243 164 309 320 648 141 391 678 130 590 297 137 509 301 353 274 296 645 974 351 331 534 549 760 683 1147 353 529 615 358 868 641 385 428 616 281 608 921 1005 222 645 1046 968 384 643 1105 714 526 1133
620 505 402 549 1140 514 1317 594 222 481 685 553 612 657 131 502 546 602 1203 426 412 547 492 643 333 0 566 626 646 464 1011 248 505 552 315 625 431 1388 374 549 476 792 219 548 636 386 577 553 347 278 557 593 530 552 790 1119 496 488 304 694 543 595 1291 609 674 384 503 1012 437 625 585 647 537 461 1066 1149 462 676 1191 1113 154 412 1345 589 295 1277
358 951 188 382 1262 252 1439 426 669 313 423 58 734 893 468 624 484 724 1325 435 859 897 150 944 310 566 0 976 384 165 1133 695 243 311 761 563 198 1509 249 382 415 914 407 486 944 289 857 312 274 725 53 425 268 53 911 1240 366 426 750 816 990 950 1413 347 796 831 367 1134 883 457 523 883 274 875 1188 1271 295 912 1313 1235 600 859 1178 981 742 1399
1030 158 812 975 977 924 1154 1020 443 907 1095 951 373 323 637 474 1053 368 1040 586 282 106 902 93 710 626 976 0 1056 873 848 406 915 962 340 1132 808 1236 751 975 983 627 662 1055 86 796 164 963 724 363 955 1019 940 951 624 955 657 994 345 529 153 77 1128 1019 513 286 665 849 225 1051 1091 313 947 192 903 986 888 342 1028 950 506 277 1772 108 362 1114
166 1031 419 405 1342 187 1519 449 749 336 232 401 813 973 548 704 508 804 1405 627 938 977 253 1024 390 646 384 1056 0 410 1213 774 181 334 841 587 429 1589 480 405 438 994 487 510 1024 312 937 336 483 804 396 448 195 396 991 1320 606 449 830 896 1069 1030 1493 156 876 911 613 1214 963 480 546 962 158 955 1267 1351 318 991 1392 1315 680 939 1201 1061 822 1479
384 848 85 408 1159 278 1336 452 566 339 449 130 631 790 365 521 503 621 1222 332 756 794 176 841 207 464 165 873 410 0 1030 592 269 337 658 582 95 1407 146 408 433 811 304 504 842 243 754 339 172 622 134 451 294 129 809 1138 272 444 647 713 887 847 1311 373 693 728 279 1032 780 483 541 780 301 772 1085 1168 321 809 1210 1132 497 756 1204 878 639 1296
1187 903 969 1132 272 1081 450 1177 998 1064 1252 1108 538 697 1075 566 1212 529 220 743 837 769 1059 816 866 1011 1133 848 1213 1030 0 961 1072 1118 896 1291 965 662 908 1132 1143 261 819 1214 816 953 729 1120 881 918 1112 1176 1097 1108 251 251 814 1154 900 337 899 822 424 1176 375 942 822 70 780 1208 1251 687 1104 747 198 281 1045 716 323 245 1062 832 1928 853 918 409
748 461 530 677 1090 643 1267 722 256 609 814 681 486 436 259 587 674 481 1153 654 395 327 620 422 479 248 695 406 774 592 961 0 634 680 313 753 611 1349 600 677 605 740 447 676 415 514 357 682 572 312 685 721 659 681 737 1068 724 616 181 642 456 379 1241 738 626 418 731 962 338 753 713 426 665 240 1016 1099 590 455 1141 1063 188 390 1474 410 199 1227
155 890 279 264 1201 81 1378 309 608 196 220 260 673 832 407 563 367 663 1264 487 798 836 112 883 249 505 243 915 181 269 1072 634 0 193 700 446 288 1449 339 264 297 853 346 369 883 171 796 195 343 664 256 308 97 255 850 1179 465 309 689 755 929 889 1352 144 735 770 472 1073 822 340 406 822 104 814 1127 1210 177 851 1252 1174 539 798 1060 920 681 1338
308 937 347 310 1247 202 1425 355 654 242 373 328 719 878 454 609 413 710 1310 533 844 882 180 929 295 552 311 962 334 337 1118 680 193 0 747 492 356 1495 407 311 343 900 393 415 930 217 842 71 389 710 323 354 218 323 897 1226 533 355 736 801 975 935 1399 297 781 816 540 1120 868 386 452 868 225 860 1173 1257 223 897 1298 1220 586 844 1107 966 727 1385
815 336 597 744 1024 709 1202 788 131 675 880 748 420 371 325 522 741 416 1088 633 243 261 687 357 545 315 761 340 841 658 896 313 700 747 0 820 678 1284 666 744 671 675 513 743 350 581 292 748 639 97 752 787 725 747 672 1003 705 683 251 577 374 314 1176 804 561 216 712 897 268 819 780 361 732 174 950 1034 657 390 1075 998 195 244 1540 345 261 1162
561 1010 520 483 1420 455 1598 527 728 414 626 581 892 1051 527 782 127 883 1483 706 917 1052 433 1102 469 625 563 1132 587 582 1291 753 446 492 820 0 601 1668 590 483 187 1073 566 128 1103 390 1015 494 562 784 576 526 471 576 1070 1399 776 172 809 974 1048 1101 1572 550 954 890 783 1293 942 558 116 1041 477 966 1346 1430 396 1070 1471 1393 659 918 1279 1095 801 1558
403 863 105 427 1093 298 1271 472 585 359 468 185 565 725 385 455 522 556 1157 266 775 729 195 776 221 431 198 808 429 95 965 611 288 356 678 601 0 1341 80 427 452 746 239 524 776 262 688 358 106 641 189 471 313 184 743 1072 206 463 667 648 858 782 1245 392 628 747 213 966 740 503 561 714 320 707 1019 1103 340 743 1144 1067 517 775 1223 812 658 1231
1563 1291 1345 1509 531 1458 234 1553 1386 1440 1628 1485 926 1085 1452 953 1589 916 638 1119 1225 1157 1435 1204 1243 1388 1509 1236 1589 1407 662 1349 1449 1495 1284 1668 1341 0 1284 1509 1519 779 1196 1591 1204 1329 1117 1496 1257 1306 1489 1552 1473 1484 769 443 1191 1530 1288 855 1286 1210 553 1552 761 1330 1198 663 1168 1584 1628 1075 1480 1135 489 541 1422 1104 377 504 1450 1220 2305 1241 1306 281
454 806 156 430 1037 348 1214 475 574 362 519 236 509 668 373 399 510 499 1100 271 740 672 246 719 164 374 249 751 480 146 908 600 339 407 666 590 80 1284 0 430 441 689 182 512 719 251 632 409 110 630 239 474 364 235 686 1015 210 452 655 591 802 725 1188 443 571 736 217 909 683 506 549 658 371 650 963 1046 343 687 1088 1010 505 735 1227 756 647 1174
379 934 361 88 1261 273 1439 86 652 112 444 399 733 892 451 623 404 723 1324 547 841 896 251 943 309 549 382 975 405 408 1132 677 264 311 744 483 427 1509 430 0 334 914 407 406 944 231 856 312 403 708 394 84 289 394 911 1240 604 345 733 815 972 949 1413 368 795 814 611 1134 866 192 442 882 296 874 1187 1270 133 911 1312 1234 583 842 913 980 725 1398
412 861 371 334 1271 306 1449 378 579 265 477 432 743 902 378 633 122 734 1335 557 769 904 284 953 320 476 415 983 438 433 1143 605 297 343 671 187 452 1519 441 334 0 924 417 124 954 241 866 345 413 635 427 377 322 427 921 1250 627 64 660 825 900 952 1423 401 806 741 634 1144 793 409 147 892 329 817 1197 1281 247 921 1322 1244 510 769 1130 946 652 1409
968 682 750 913 390 862 567 958 777 845 1033 889 317 476 856 345 994 308 453 524 616 548 840 595 648 792 914 627 994 811 261 740 853 900 675 1073 746 779 689 914 924 0 600 995 596 734 508 901 662 697 893 957 878 889 67 368 596 935 679 116 678 601 541 957 245 721 603 262 559 989 1032 466 885 526 315 399 826 495 440 363 841 611 1710 632 697 527
461 703 243 406 948 355 1125 451 421 338 526 394 420 579 329 310 487 410 1011 234 611 583 333 630 141 219 407 662 487 304 819 447 346 393 513 566 239 1196 182 407 417 600 0 489 631 227 543 394 155 477 398 450 371 393 598 926 304 428 502 502 713 636 1099 450 482 583 311 820 594 482 525 569 378 561 874 957 319 598 999 921 352 611 1203 667 494 1085
483 933 443 405 1343 378 1521 450 650 337 549 504 815 974 450 705 65 805 1406 629 840 975 356 1025 391 548 486 1055 510 504 1214 676 369 415 743 128 524 1591 512 406 124 995 489 0 1026 313 938 417 485 706 499 449 394 499 993 1322 699 109 732 897 971 1023 1495 473 877 812 706 1216 865 481 88 964 400 889 1269 1352 318 993 1394 1316 582 840 1202 1017 724 1480
998 168 780 944 945 893 1123 988 452 875 1063 920 341 292 647 442 1024 337 1008 554 291 115 870 93 678 636 944 86 1024 842 816 415 883 930 350 1103 776 1204 719 944 954 596 631 1026 0 764 125 931 692 372 924 987 908 919 593 924 626 965 354 497 163 86 1097 987 481 296 633 818 234 1019 1063 282 915 201 871 954 857 310 996 918 516 287 1740 117 372 1082
286 771 182 231 1082 180 1259 276 489 163 351 306 553 713 288 444 311 544 1145 368 678 717 158 764 130 386 289 796 312 243 953 514 171 217 581 390 262 1329 251 231 241 734 227 313 764 0 677 219 224 545 301 275 196 301 731 1060 438 253 570 636 809 770 1233 275 616 651 445 954 703 307 350 703 203 695 1008 1091 144 731 1133 1055 420 679 1027 801 562 1219
910 245 692 856 857 805 1035 900 394 787 976 832 253 204 588 355 936 249 921 466 233 165 783 124 590 577 857 164 937 754 729 357 796 842 292 1015 688 1117 632 856 866 508 543 938 125 677 0 844 604 314 836 899 821 831 505 836 538 878 296 410 241 164 1009 900 394 338 545 730 176 931 975 194 827 143 783 867 769 223 908 831 458 228 1652 195 313 995
310 938 348 312 1249 204 1426 357 656 244 375 330 721 880 455 611 415 711 1312 535 846 884 182 931 297 553 312 963 336 339 1120 682 195 71 748 494 358 1496 409 312 345 901 394 417 931 219 844 0 391 712 325 356 220 325 898 1227 535 356 737 803 977 937 1400 299 783 818 542 1121 870 388 454 870 226 862 1175 1258 225 899 1300 1222 587 846 1108 968 729 1386
457 779 181 403 1009 352 1187 447 546 334 523 261 481 640 346 371 483 472 1073 295 713 644 272 691 137 347 274 724 483 172 881 572 343 389 639 562 106 1257 110 403 413 662 155 485 692 224 604 391 0 602 265 446 368 260 659 988 236 425 628 563 774 697 1161 447 544 708 243 882 655 478 522 630 374 623 935 1019 316 659 1060 982 478 708 1199 728 619 1147
778 299 560 707 1047 673 1224 752 95 639 844 711 443 393 289 544 704 438 1110 656 207 284 651 380 509 278 725 363 804 622 918 312 664 710 97 784 641 1306 630 708 635 697 477 706 372 545 314 712 602 0 715 751 689 711 694 1025 727 646 233 599 338 337 1198 768 583 179 735 919 231 783 743 383 695 197 973 1056 620 412 1098 1020 158 207 1504 368 224 1184
370 942 179 394 1241 265 1418 439 659 326 435 46 713 872 459 603 497 703 1304 414 849 876 162 923 301 557 53 955 396 134 1112 685 256 323 752 576 189 1489 239 394 427 893 398 499 924 301 836 325 265 715 0 438 280 41 891 1219 334 439 741 795 980 929 1392 359 775 821 335 1113 874 470 536 862 287 854 1167 1250 307 891 1292 1214 591 849 1191 960 732 1378
422 977 404 94 1304 317 1482 42 695 156 488 443 776 936 494 666 447 767 1368 590 885 940 294 987 353 593 425 1019 448 451 1176 721 308 354 787 526 471 1552 474 84 377 957 450 449 987 275 899 356 446 751 438 0 333 438 954 1283 647 389 776 859 1016 992 1456 412 839 857 655 1177 909 235 486 925 339 918 1230 1314 177 954 1355 1278 626 885 956 1023 768 1442
169 915 304 289 1226 106 1403 334 633 221 235 285 698 857 432 588 392 688 1289 512 823 861 137 908 274 530 268 940 195 294 1097 659 97 218 725 471 313 1473 364 289 322 878 371 394 908 196 821 220 368 689 280 333 0 280 875 1204 490 333 714 780 954 914 1377 159 760 795 497 1098 847 365 431 847 118 839 1152 1235 202 876 1277 1199 564 823 1085 945 706 1363
370 937 174 394 1236 264 1414 439 655 326 435 46 708 867 454 598 497 699 1300 409 845 871 162 918 296 552 53 951 396 129 1108 681 255 323 747 576 184 1484 235 394 427 889 393 499 919 301 831 325 260 711 41 438 280 0 886 1215 330 439 736 790 976 924 1388 359 771 817 330 1109 869 470 536 857 287 850 1162 1246 307 886 1287 1209 586 845 1190 955 728 1374
965 680 747 911 380 860 557 955 774 842 1030 887 314 474 853 342 991 305 443 521 613 545 837 592 645 790 911 624 991 809 251 737 850 897 672 1070 743 769 686 911 921 67 598 993 593 731 505 898 659 694 891 954 875 886 0 358 593 932 676 113 675 598 531 954 242 718 600 252 556 986 1030 463 882 523 306 389 824 492 431 353 838 609 1707 629 694 517
1294 1011 1076 1239 120 1189 231 1284 1105 1171 1359 1216 645 805 1182 673 1320 636 229 850 944 876 1166 923 974 1119 1240 955 1320 1138 251 1068 1179 1226 1003 1399 1072 443 1015 1240 1250 368 926 1322 924 1060 836 1227 988 1025 1219 1283 1204 1215 358 0 922 1261 1007 444 1006 929 205 1283 483 1049 929 252 887 1315 1358 794 1211 854 78 130 1152 823 105 93 1169 940 2036 960 1025 191
580 713 281 604 943 474 1121 648 698 535 645 330 415 574 560 305 697 405 1006 116 646 578 372 625 351 496 366 657 606 272 814 724 465 533 705 776 206 1191 210 604 627 596 304 699 626 438 538 535 236 727 334 647 490 330 593 922 0 639 709 497 708 631 1095 569 477 751 63 816 589 679 736 564 497 556 869 952 517 593 994 916 629 642 1400 662 727 1081
423 873 383 345 1283 318 1460 390 590 277 488 444 755 914 390 645 108 745 1346 569 780 915 295 965 331 488 426 994 449 444 1154 616 309 355 683 172 463 1530 452 345 64 935 428 109 965 253 878 356 425 646 439 389 333 439 932 1261 639 0 672 837 911 963 1434 412 817 752 646 1155 804 421 132 904 340 829 1209 1292 258 932 1334 1256 522 780 1141 957 663 1420
804 400 586 733 1028 698 1206 777 177 664 869 737 424 375 314 526 730 420 1092 637 334 265 676 361 534 304 750 345 830 647 900 181 689 736 251 809 667 1288 655 733 660 679 502 732 354 570 296 737 628 233 741 776 714 736 676 1007 709 672 0 581 395 318 1180 793 565 339 716 901 276 808 769 365 721 179 954 1038 646 394 1079 1002 184 329 1529 349 87 1166
870 584 652 815 466 764 643 860 679 747 935 791 219 378 758 246 895 209 529 426 518 450 742 497 549 694 816 529 896 713 337 642 755 801 577 974 648 855 591 815 825 116 502 897 497 636 410 803 563 599 795 859 780 790 113 444 497 837 581 0 579 503 617 859 147 623 504 338 461 891 934 368 787 428 391 475 728 397 516 439 743 513 1611 534 598 603
1043 62 825 972 1027 938 1205 1017 359 904 1109 976 423 374 554 525 969 419 1091 636 331 156 915 170 760 543 990 153 1069 887 899 456 929 975 374 1048 858 1286 802 972 900 678 713 971 163 809 241 977 774 338 980 1016 954 976 675 1006 708 911 395 579 0 127 1179 1033 563 190 715 900 275 1048 1008 364 960 242 953 1037 885 393 1078 1000 423 327 1769 132 413 1165
1004 114 786 949 951 898 1128 994 412 880 1069 925 346 297 606 448 1021 342 1014 559 256 79 876 93 683 595 950 77 1030 847 822 379 889 935 314 1101 782 1210 725 949 952 601 636 1023 86 770 164 937 697 337 929 992 914 924 598 929 631 963 318 503 127 0 1102 993 487 242 638 823 198 1024 1060 287 920 165 876 960 862 316 1001 924 475 251 1745 81 336 1088
1467 1184 1249 1412 293 1361 341 1457 1278 1344 1532 1389 818 978 1355 846 1493 809 261 1023 1117 1049 1339 1096 1147 1291 1413 1128 1493 1311 424 1241 1352 1399 1176 1572 1245 553 1188 1413 1423 541 1099 1495 1097 1233 1009 1400 1161 1198 1392 1456 1377 1388 531 205 1095 1434 1180 617 1179 1102 0 1456 656 1222 1102 425 1060 1488 1531 967 1384 1027 251 303 1325 996 214 266 1342 1113 2209 1133 1198 301
49 994 383 368 1305 150 1482 413 712 300 115 364 777 936 511 667 471 767 1368 591 902 940 216 987 353 609 347 1019 156 373 1176 738 144 297 804 550 392 1552 443 368 401 957 450 473 987 275 900 299 447 768 359 412 159 359 954 1283 569 412 793 859 1033 993 1456 0 839 874 576 1177 926 444 510 926 121 918 1231 1314 281 955 1356 1278 643 902 1164 1024 785 1442
850 568 632 795 504 744 682 840 663 727 915 771 203 362 738 230 875 193 567 406 502 434 722 481 529 674 796 513 876 693 375 626 735 781 561 954 628 761 571 795 806 245 482 877 481 616 394 783 544 583 775 839 760 771 242 483 477 817 565 147 563 487 656 839 0 607 485 377 445 871 914 352 767 412 430 514 708 381 555 477 727 497 1591 518 582 642
884 152 666 813 1071 779 1248 858 201 745 950 817 467 417 395 568 811 462 1134 680 173 289 757 303 615 384 831 286 911 728 942 418 770 816 216 890 747 1330 736 814 741 721 583 812 296 651 338 818 708 179 821 857 795 817 718 1049 751 752 339 623 190 242 1222 874 607 0 759 943 197 889 849 407 801 286 997 1080 726 436 1122 1044 264 173 1610 236 330 1208
587 720 288 611 950 481 1128 656 705 542 652 331 422 581 567 312 704 413 1014 123 654 585 379 632 358 503 367 665 613 279 822 731 472 540 712 783 213 1198 217 611 634 603 311 706 633 445 545 542 243 735 335 655 497 330 600 929 63 646 716 504 715 638 1102 576 485 759 0 823 596 686 743 571 504 564 876 960 524 600 1001 923 636 649 1407 669 734 1088
1188 905 970 1133 273 1082 451 1178 999 1065 1253 1110 539 699 1076 567 1214 530 221 744 838 770 1060 817 868 1012 1134 849 1214 1032 70 962 1073 1120 897 1293 966 663 909 1134 1144 262 820 1216 818 954 730 1121 882 919 1113 1177 1098 1109 252 252 816 1155 901 338 900 823 425 1177 377 943 823 0 781 1209 1252 688 1105 748 199 283 1046 717 324 246 1063 834 1930 854 919 411
937 280 719 866 909 831 1086 910 253 797 1002 870 305 255 447 406 863 300 972 518 92 145 809 241 641 437 883 225 963 780 780 338 822 868 268 942 740 1168 683 866 793 559 594 865 234 703 176 870 655 231 874 909 847 869 556 887 589 804 276 461 275 198 1060 926 445 197 596 781 0 941 902 245 854 124 834 918 779 274 959 882 317 87 1662 229 294 1046
893 1448 875 630 1775 788 1953 675 1166 626 958 913 1247 1406 965 1137 918 1238 1838 1061 1356 1410 765 1457 823 1063 896 1490 919 922 1646 1192 778 825 1258 997 941 2023 945 631 848 1428 921 920 1458 745 1370 826 917 1222 909 674 803 908 1425 1754 1118 859 1247 1329 1487 1463 1927 882 1309 1328 1125 1648 1380 0 957 1396 810 1388 1701 1785 647 1425 1826 1748 1097 1356 772 1494 1239 1913
520 970 480 442 1380 415 1557 487 687 374 586 541 852 1011 487 742 87 842 1443 666 877 1012 392 1062 428 585 523 1091 546 541 1251 713 406 452 780 116 561 1628 549 442 147 1032 525 88 1063 350 975 454 522 743 536 486 431 536 1030 1358 736 132 769 934 1008 1060 1531 510 914 849 743 1252 902 518 0 1001 437 926 1306 1389 355 1030 1431 1353 619 877 1239 1054 760 1517
936 368 718 882 816 831 993 926 463 813 1002 858 212 53 657 313 962 207 879 492 302 234 809 281 616 647 883 313 962 780 687 426 822 868 361 1041 714 1075 658 882 892 466 569 964 282 703 194 870 630 383 862 925 847 857 463 794 564 904 365 368 364 287 967 926 352 407 571 688 245 957 1001 0 853 212 742 825 795 55 867 789 527 297 1678 318 383 953
132 922 310 296 1232 110 1410 340 639 227 197 292 704 863 439 594 398 695 1296 518 829 867 144 914 281 537 274 947 158 301 1104 665 104 225 732 477 320 1480 371 296 329 885 378 400 915 203 827 226 374 695 287 339 118 287 882 1211 497 340 721 787 960 920 1384 121 767 801 504 1105 854 371 437 853 0 846 1158 1242 209 882 1283 1206 571 829 1092 951 712 1370
929 247 711 874 876 823 1053 919 277 806 994 850 272 222 471 373 887 267 939 485 181 113 801 208 608 461 875 192 955 772 747 240 814 860 174 966 707 1135 650 874 817 526 561 889 201 695 143 862 623 197 854 918 839 850 523 854 556 829 179 428 242 165 1027 918 412 286 564 748 124 950 926 212 846 0 802 885 787 241 927 849 341 176 1670 196 196 1013
1241 958 1023 1187 100 1136 277 1231 1053 1118 1307 1163 593 752 1130 620 1267 583 208 797 892 823 1114 870 921 1066 1188 903 1267 1085 198 1016 1127 1173 950 1346 1019 489 963 1187 1197 315 874 1269 871 1008 783 1175 935 973 1167 1230 1152 1162 306 78 869 1209 954 391 953 876 251 1231 430 997 876 199 834 1262 1306 742 1158 802 0 109 1100 771 151 73 1116 887 1983 907 972 237
1325 1041 1107 1270 49 1219 329 1315 1136 1202 1390 1246 676 835 1213 704 1351 667 123 881 975 907 1197 954 1005 1149 1271 986 1351 1168 281 1099 1210 1257 1034 1430 1103 541 1046 1270 1281 399 957 1352 954 1091 867 1258 1019 1056 1250 1314 1235 1246 389 130 952 1292 1038 475 1037 960 303 1314 514 1080 960 283 918 1346 1389 825 1242 885 109 0 1183 854 202 100 1200 970 2067 991 1056 288
292 847 274 133 1174 186 1351 178 564 86 357 312 646 805 364 536 317 636 1237 460 754 809 164 856 222 462 295 888 318 321 1045 590 177 223 657 396 340 1422 343 133 247 826 319 318 857 144 769 225 316 620 307 177 202 307 824 1152 517 258 646 728 885 862 1325 281 708 726 524 1046 779 209 355 795 209 787 1100 1183 0 824 1225 1147 496 755 929 893 638 1311
965 397 747 911 845 860 1022 955 492 842 1031 887 241 49 686 342 991 236 908 521 331 263 837 310 645 676 912 342 991 809 716 455 851 897 390 1070 743 1104 687 911 921 495 598 993 310 731 223 899 659 412 891 954 876 886 492 823 593 932 394 397 393 316 996 955 381 436 600 717 274 986 1030 55 882 241 771 854 824 0 896 818 556 326 1707 347 412 982
1366 1083 1148 1312 193 1261 165 1356 1177 1243 1432 1288 718 877 1255 745 1392 708 299 922 1017 948 1238 995 1046 1191 1313 1028 1392 1210 323 1141 1252 1298 1075 1471 1144 377 1088 1312 1322 440 999 1394 996 1133 908 1300 1060 1098 1292 1355 1277 1287 431 105 994 1334 1079 516 1078 1001 214 1356 555 1122 1001 324 959 1387 1431 867 1283 927 151 202 1225 896 0 166 1241 1012 2108 1032 1097 124
1289 1005 1071 1234 105 1183 292 1279 1100 1166 1354 1210 640 799 1177 667 1314 630 180 845 939 871 1161 918 968 1113 1235 950 1315 1132 245 1063 1174 1220 998 1393 1067 504 1010 1234 1244 363 921 1316 918 1055 831 1222 982 1020 1214 1278 1199 1209 353 93 916 1256 1002 439 1000 924 266 1278 477 1044 923 246 882 1310 1353 789 1206 849 73 100 1147 818 166 0 1164 934 2030 955 1019 252
654 385 436 583 1190 548 1368 627 102 514 719 587 586 537 164 635 580 582 1254 559 292 427 526 523 384 154 600 506 680 497 1062 188 539 586 195 659 517 1450 505 583 510 841 352 582 516 420 458 587 478 158 591 626 564 586 838 1169 629 522 184 743 423 475 1342 643 727 264 636 1063 317 658 619 527 571 341 1116 1200 496 556 1241 1164 0 292 1379 469 176 1328
913 293 695 841 961 807 1139 886 229 773 978 845 357 308 423 458 839 352 1024 570 93 198 785 294 643 412 859 277 939 756 832 390 798 844 244 918 775 1220 735 842 769 611 611 840 287 679 228 846 708 207 849 885 823 845 609 940 642 780 329 513 327 251 1113 902 497 173 649 834 87 917 877 297 829 176 887 970 755 326 1012 934 292 0 1638 282 347 1098
1192 1747 1174 930 2074 1087 2252 974 1465 926 1258 1213 1546 1705 1264 1436 1217 1537 2138 1360 1655 1710 1064 1756 1123 1363 1195 1789 1218 1221 1946 1491 1078 1124 1557 1296 1241 2322 1244 930 1147 1727 1220 1219 1757 1045 1669 1126 1216 1521 1208 973 1103 1208 1724 2053 1417 1159 1546 1629 1786 1762 2226 1182 1609 1627 1424 1947 1679 859 1256 1695 1109 1688 2000 2084 947 1724 2125 2048 1396 1655 0 1793 1538 2212
1035 108 817 980 981 929 1159 1024 406 911 1100 956 377 328 600 479 1016 373 1045 590 287 110 907 124 714 589 981 108 1061 878 853 410 920 966 345 1095 812 1241 756 980 946 632 667 1017 117 801 195 968 728 368 960 1023 945 955 629 960 662 957 349 534 132 81 1133 1024 518 236 669 854 229 1055 1054 318 951 196 907 991 893 347 1032 955 469 282 1776 0 367 1119
796 418 578 725 1046 690 1224 769 168 656 861 729 442 393 306 544 722 438 1110 655 351 283 668 379 526 295 742 362 822 639 918 199 681 727 261 801 658 1306 647 725 652 697 494 724 372 562 313 729 619 224 732 768 706 728 694 1025 727 663 87 598 413 336 1198 785 582 330 734 919 294 800 760 383 712 196 972 1056 638 412 1097 1019 176 347 1521 367 0 1184
1453 1169 1235 1398 279 1347 68 1443 1264 1330 1518 1374 804 963 1341 832 1479 795 386 1009 1103 1035 1325 1082 1133 1277 1399 1114 1479 1296 409 1227 1338 1385 1162 1558 1231 281 1174 1398 1409 527 1085 1480 1082 1219 995 1386 1147 1184 1378 1442 1363 1374 517 191 1081 1420 1166 603 1165 1088 301 1442 642 1208 1088 411 1046 1474 1517 953 1370 1013 237 288 1311 982 124 252 1328 1098 2195 1119 1184 0
EOF