NAME : tsp_problem
TYPE : TSP
DIMENSION : 30
EDGE_WEIGHT_TYPE : EXPLICIT
EDGE_WEIGHT_FORMAT : FULL_MATRIX
EDGE_WEIGHT_SECTION
0 481 455 373 327 175 364 102 141 126 125 332 244 167 476 509 216 82 290 51 146 241 511 100 72 382 194 354 524 171
481 0 53 184 183 404 209 555 472 457 578 325 350 396 33 151 445 535 621 504 375 346 153 431 434 175 525 200 166 551
455 53 0 158 157 377 183 528 446 430 551 299 323 369 48 124 418 508 595 478 349 320 126 404 407 149 499 173 139 525
373 184 158 0 75 295 49 446 364 349 469 217 242 288 179 213 336 427 513 396 267 238 214 323 325 97 417 53 228 443
327 183 157 75 0 250 66 401 319 303 424 172 196 242 178 212 291 381 467 350 222 193 213 277 280 84 371 56 227 398
175 404 377 295 250 0 286 248 166 150 271 254 167 38 398 432 66 228 315 198 58 163 434 124 127 304 219 276 447 245
364 209 183 49 66 286 0 437 355 339 460 208 232 278 204 237 327 417 504 387 258 229 239 313 316 110 408 44 252 434
102 555 528 446 401 248 437 0 175 191 50 405 318 241 549 583 289 45 293 76 220 315 585 173 146 455 121 428 598 97
141 472 446 364 319 166 355 175 0 61 148 323 236 158 467 501 207 194 182 164 138 232 503 77 94 373 86 345 516 112
126 457 430 349 303 150 339 191 61 0 163 307 220 143 452 485 192 179 197 149 122 217 487 61 78 357 101 330 500 128
125 578 551 469 424 271 460 50 148 163 0 428 341 264 572 606 312 68 265 99 243 338 608 191 169 478 94 451 621 69
332 325 299 217 172 254 208 405 323 307 428 0 200 246 320 354 295 385 472 355 226 197 356 281 284 226 376 198 369 402
244 350 323 242 196 167 232 318 236 220 341 200 0 159 344 378 208 298 384 267 139 34 380 194 197 250 288 223 393 315
167 396 369 288 242 38 278 241 158 143 264 246 159 0 391 424 76 221 307 190 51 156 426 117 120 297 211 269 439 237
476 33 48 179 178 398 204 549 467 452 572 320 344 391 0 145 439 530 616 499 370 341 147 426 428 170 520 194 160 546
509 151 124 213 212 432 237 583 501 485 606 354 378 424 145 0 473 563 649 532 403 375 36 459 462 204 553 228 49 580
216 445 418 336 291 66 327 289 207 192 312 295 208 76 439 473 0 270 356 239 99 204 475 166 168 345 260 318 488 286
82 535 508 427 381 228 417 45 194 179 68 385 298 221 530 563 270 0 311 56 200 295 565 153 126 435 140 408 578 115
455 786 760 678 632 480 669 458 347 362 430 637 549 472 781 814 521 476 0 478 451 546 816 390 407 687 368 659 829 394
51 504 478 396 350 198 387 76 164 149 99 355 267 190 499 532 239 56 313 0 169 264 534 123 95 405 170 377 547 146
146 375 349 267 222 58 258 220 138 122 243 226 139 51 370 403 99 200 286 169 0 135 405 96 99 276 190 248 419 217
241 346 320 238 193 163 229 315 232 217 338 197 34 156 341 375 204 295 381 264 135 0 376 191 193 247 285 219 390 311
511 153 126 214 213 434 239 585 503 487 608 356 380 426 147 36 475 565 651 534 405 376 0 461 464 205 555 230 38 582
100 431 404 323 277 124 313 173 77 61 191 281 194 117 426 459 166 153 225 123 96 191 461 0 52 331 129 304 474 156
72 434 407 325 280 127 316 146 94 78 169 284 197 120 428 462 168 126 242 95 99 193 464 52 0 334 146 307 477 173
382 175 149 97 84 304 110 455 373 357 478 226 250 297 170 204 345 435 522 405 276 247 205 331 334 0 426 100 219 452
194 525 499 417 371 219 408 121 86 101 94 376 288 211 520 553 260 140 203 170 190 285 555 129 146 426 0 398 568 58
354 200 173 53 56 276 44 428 345 330 451 198 223 269 194 228 318 408 494 377 248 219 230 304 307 100 398 0 243 424
524 166 139 228 227 447 252 598 516 500 621 369 393 439 160 49 488 578 664 547 419 390 38 474 477 219 568 243 0 595
171 551 525 443 398 245 434 97 112 128 69 402 315 237 546 580 286 115 230 146 217 311 582 156 173 452 58 424 595 0
EOF