NAME : tsp_problem
TYPE : TSP
DIMENSION : 68
EDGE_WEIGHT_TYPE : EXPLICIT
EDGE_WEIGHT_FORMAT : FULL_MATRIX
EDGE_WEIGHT_SECTION
0 230 203 151 261 170 131 178 264 137 66 195 36 113 169 83 388 416 403 288 216 156 109 407 295 431 182 151 157 194 148 418 68 420 125 142 191 329 127 155 71 271 177 251 209 149 128 390 282 362 383 296 213 372 243 272 86 353 179 64 346 43 135 289 46 357 214 230
230 0 126 315 425 92 294 342 428 117 191 132 238 141 159 286 552 580 566 452 380 320 170 570 458 594 73 180 320 61 312 582 211 584 288 306 355 492 290 319 215 434 81 414 372 313 292 554 446 525 546 459 43 536 41 436 288 516 151 266 510 245 195 452 217 520 40 101
203 126 0 288 398 189 268 315 401 172 164 43 211 148 65 259 525 553 539 425 353 293 129 544 432 567 170 86 293 158 285 555 184 557 262 279 328 466 264 292 188 408 178 388 346 286 265 527 419 499 520 433 140 509 107 409 262 490 57 239 483 219 101 426 190 494 137 58
151 315 288 0 223 255 46 140 226 222 151 280 159 198 254 207 350 378 364 250 178 118 194 368 256 392 267 236 118 279 34 380 153 382 86 104 152 290 49 117 156 232 262 212 170 111 90 352 244 323 344 257 298 334 328 234 210 314 264 187 307 167 220 250 139 318 299 315
261 425 398 223 0 365 202 138 76 332 261 390 269 308 364 317 200 228 214 100 76 211 304 218 68 242 377 345 211 389 219 230 262 231 180 197 151 140 198 210 266 44 371 62 168 204 183 202 91 173 194 107 408 183 437 46 320 164 374 297 157 276 330 100 248 168 409 424
170 92 189 255 365 0 234 281 368 57 131 195 178 81 171 225 492 520 506 392 320 260 110 510 398 534 44 152 260 56 251 522 150 524 228 246 294 432 230 259 155 374 39 354 312 253 231 494 386 465 486 399 75 476 105 376 228 456 180 205 449 185 136 392 157 460 76 164
131 294 268 46 202 234 0 119 205 201 131 259 138 177 234 186 329 357 343 229 157 97 173 348 236 371 247 215 97 258 43 359 132 361 66 83 132 270 44 96 135 212 241 192 149 90 69 331 223 302 324 237 277 313 307 213 189 293 243 166 287 146 199 230 118 297 279 294
178 342 315 140 138 281 119 0 141 249 178 307 186 225 281 233 265 293 279 165 93 128 221 283 171 307 294 262 128 305 136 295 179 297 96 114 67 205 115 127 183 147 288 127 85 121 99 267 159 238 259 172 325 249 354 149 236 229 290 214 222 193 247 165 165 233 326 341
264 428 401 226 76 368 205 141 0 335 264 393 272 311 367 320 203 231 217 56 80 214 307 221 109 245 380 348 214 392 222 233 265 235 183 200 154 143 201 213 269 85 374 45 171 207 186 205 97 176 197 63 411 186 440 87 323 167 377 300 160 280 333 56 251 171 412 427
137 117 172 222 332 57 201 249 335 0 98 164 145 48 138 193 459 487 473 359 287 227 78 477 365 501 69 119 227 81 219 489 118 491 196 213 262 399 197 226 122 341 64 321 279 220 199 461 353 432 454 366 100 443 130 343 196 423 147 173 417 152 103 359 124 427 102 190
66 191 164 151 261 131 131 178 264 98 0 156 74 74 130 122 388 416 403 288 216 156 70 407 295 431 143 111 157 154 148 418 47 420 125 142 191 329 127 155 51 271 137 251 209 149 128 390 282 362 383 296 174 372 203 272 125 353 140 102 346 82 96 289 54 357 175 190
195 132 43 280 390 195 259 307 393 164 156 0 203 140 57 251 517 545 531 417 345 285 121 535 423 559 177 78 285 165 277 547 176 549 254 271 320 457 256 284 180 400 185 379 337 278 257 519 411 490 512 424 146 501 114 401 254 481 49 231 475 211 93 418 182 485 143 65
36 238 211 159 269 178 138 186 272 145 74 203 0 121 177 75 396 424 410 296 224 164 117 414 302 438 190 158 164 202 156 426 75 428 133 150 199 336 135 163 79 278 184 258 216 157 136 398 290 369 391 303 221 380 250 280 77 360 187 55 354 38 143 297 51 364 222 237
113 141 148 198 308 81 177 225 311 48 74 140 121 0 114 169 435 463 449 335 263 203 54 453 341 477 93 95 203 105 195 465 94 467 172 189 238 375 174 202 98 318 88 297 255 196 175 437 329 408 430 342 124 419 154 319 172 399 123 149 393 129 79 336 100 403 125 174
169 159 65 254 364 171 234 281 367 138 130 57 177 114 0 225 491 519 506 392 319 259 95 510 398 534 183 52 260 192 251 521 150 523 228 245 294 432 230 258 154 374 177 354 312 252 231 493 385 465 486 399 173 475 140 375 228 456 41 205 449 185 67 392 157 460 170 91
83 286 259 207 317 225 186 233 320 193 122 251 75 169 225 0 444 472 458 344 272 212 165 462 350 486 238 206 212 249 203 474 123 476 180 198 246 384 182 211 126 326 232 306 264 205 183 446 338 417 438 351 269 427 298 328 34 408 234 48 401 65 191 344 98 412 270 285
388 552 525 350 200 492 329 265 203 459 388 517 396 435 491 444 0 151 137 179 203 338 431 141 169 165 504 472 338 516 346 153 389 154 307 324 278 97 325 337 393 209 498 189 295 331 310 34 157 53 33 175 535 106 564 196 447 58 501 424 81 404 457 175 375 91 536 551
416 580 553 378 228 520 357 293 231 487 416 545 424 463 519 472 151 0 48 208 232 366 459 40 197 48 532 501 367 544 375 36 418 40 335 352 306 125 353 365 421 237 527 217 324 359 338 153 185 124 145 203 563 80 593 224 475 115 529 452 109 432 485 204 403 95 564 580
403 566 539 364 214 506 343 279 217 473 403 531 410 449 506 458 137 48 0 194 218 353 445 31 184 78 519 487 353 530 361 65 404 45 321 338 292 112 340 351 407 224 513 204 310 345 324 139 171 110 132 189 549 66 579 210 461 101 515 438 95 418 471 190 390 82 551 566
288 452 425 250 100 392 229 165 56 359 288 417 296 335 392 344 179 208 194 0 104 238 331 198 86 222 404 373 239 416 247 210 290 211 207 224 178 120 225 237 293 109 399 69 196 231 210 182 74 153 174 39 435 163 465 111 347 144 401 324 137 304 357 32 276 148 436 452
216 380 353 178 76 320 157 93 80 287 216 345 224 263 319 272 203 232 218 104 0 166 259 222 110 246 332 300 166 344 174 234 217 235 135 152 106 144 153 165 221 86 326 66 123 159 138 206 98 177 198 111 363 187 392 88 274 168 329 252 161 231 285 104 203 172 364 379
156 320 293 118 211 260 97 128 214 227 156 285 164 203 259 212 338 366 353 238 166 0 199 357 245 381 272 241 31 284 115 368 158 370 52 41 141 279 93 30 161 221 267 201 159 39 47 340 232 312 333 246 303 322 333 222 215 303 269 192 296 172 225 239 143 307 304 320
109 170 129 194 304 110 173 221 307 78 70 121 117 54 95 165 431 459 445 331 259 199 0 449 337 473 123 77 199 134 191 461 90 463 168 185 234 371 169 198 94 313 117 293 251 192 171 433 325 404 426 338 153 415 183 315 168 395 105 145 389 124 61 331 96 399 155 156
407 570 544 368 218 510 348 283 221 477 407 535 414 453 510 462 141 40 31 198 222 357 449 0 188 70 523 491 357 534 365 57 408 37 325 342 296 116 344 355 411 228 517 208 314 349 328 143 175 115 136 193 553 70 583 214 465 106 519 442 99 422 475 194 394 86 555 570
295 458 432 256 68 398 236 171 109 365 295 423 302 341 398 350 169 197 184 86 110 245 337 188 0 212 411 379 245 422 253 199 296 201 213 230 184 110 232 243 299 64 405 96 202 237 216 171 46 143 164 81 441 153 471 50 353 134 407 330 127 310 363 82 282 138 443 458
431 594 567 392 242 534 371 307 245 501 431 559 438 477 534 486 165 48 78 222 246 381 473 70 212 0 547 515 381 558 389 37 432 70 349 366 320 139 368 379 435 252 541 232 338 373 352 167 199 138 160 217 577 94 607 238 489 129 543 466 123 446 499 218 418 109 579 594
182 73 170 267 377 44 247 294 380 69 143 177 190 93 183 238 504 532 519 404 332 272 123 523 411 547 0 164 272 37 264 534 163 536 241 258 307 445 243 271 167 387 33 367 325 265 244 506 398 478 499 412 56 488 86 388 241 469 192 218 462 198 149 405 169 473 58 146
151 180 86 236 345 152 215 262 348 119 111 78 158 95 52 206 472 501 487 373 300 241 77 491 379 515 164 0 241 176 232 503 131 504 209 226 275 413 211 239 135 355 158 335 293 233 212 475 367 446 467 380 194 456 161 357 209 437 62 186 430 166 61 373 138 441 191 112
157 320 293 118 211 260 97 128 214 227 157 285 164 203 260 212 338 367 353 239 166 31 199 357 245 381 272 241 0 284 115 368 158 370 52 41 141 279 93 30 161 221 267 201 159 39 47 340 232 312 333 246 303 322 333 223 215 303 269 192 296 172 225 239 144 307 305 320
194 61 158 279 389 56 258 305 392 81 154 165 202 105 192 249 516 544 530 416 344 284 134 534 422 558 37 176 284 0 275 546 174 547 252 270 318 456 254 282 179 398 45 378 336 276 255 518 410 489 510 423 45 499 74 400 252 480 184 229 473 209 160 416 181 484 46 134
148 312 285 34 219 251 43 136 222 219 148 277 156 195 251 203 346 375 361 247 174 115 191 365 253 389 264 232 115 275 0 376 149 378 83 100 149 287 45 113 153 229 258 209 167 107 86 349 241 320 341 254 295 330 324 231 206 311 260 184 304 163 217 247 135 315 296 311
418 582 555 380 230 522 359 295 233 489 418 547 426 465 521 474 153 36 65 210 234 368 461 57 199 37 534 503 368 546 376 0 419 57 337 354 308 127 355 367 423 239 529 219 326 361 340 155 187 126 147 205 565 82 594 226 477 117 531 454 111 434 487 205 405 97 566 582
68 211 184 153 262 150 132 179 265 118 47 176 75 94 150 123 389 418 404 290 217 158 90 408 296 432 163 131 158 174 149 419 0 421 126 143 192 330 128 156 52 272 157 252 210 150 129 392 283 363 384 297 194 373 223 274 126 354 159 103 347 83 116 290 55 358 195 210
420 584 557 382 231 524 361 297 235 491 420 549 428 467 523 476 154 40 45 211 235 370 463 37 201 70 536 504 370 547 378 57 421 0 338 356 310 129 357 369 425 241 530 221 327 363 342 157 189 128 149 207 567 84 596 228 478 119 533 456 113 435 489 207 407 99 568 583
125 288 262 86 180 228 66 96 183 196 125 254 133 172 228 180 307 335 321 207 135 52 168 325 213 349 241 209 52 252 83 337 126 338 0 40 109 247 62 50 129 189 235 169 127 47 26 309 201 280 301 214 271 290 301 191 183 271 237 160 264 140 193 207 112 275 273 288
142 306 279 104 197 246 83 114 200 213 142 271 150 189 245 198 324 352 338 224 152 41 185 342 230 366 258 226 41 270 100 354 143 356 40 0 127 264 79 40 147 207 252 187 144 49 44 326 218 297 319 232 289 308 318 208 201 288 255 178 282 158 211 225 129 292 290 305
191 355 328 152 151 294 132 67 154 262 191 320 199 238 294 246 278 306 292 178 106 141 234 296 184 320 307 275 141 318 149 308 192 310 109 127 0 218 128 140 195 160 301 140 91 134 112 280 172 251 272 185 338 261 367 162 249 242 303 226 235 206 260 178 178 246 339 354
329 492 466 290 140 432 270 205 143 399 329 457 336 375 432 384 97 125 112 120 144 279 371 116 110 139 445 413 279 456 287 127 330 129 247 264 218 0 266 277 333 150 439 130 236 271 250 99 97 71 92 115 475 81 505 136 387 62 441 364 55 344 397 116 316 66 477 492
127 290 264 49 198 230 44 115 201 197 127 256 135 174 230 182 325 353 340 225 153 93 169 344 232 368 243 211 93 254 45 355 128 357 62 79 128 266 0 92 131 208 237 188 146 86 65 327 219 299 320 233 273 309 303 209 185 290 239 162 283 142 195 226 114 294 275 290
155 319 292 117 210 259 96 127 213 226 155 284 163 202 258 211 337 365 351 237 165 30 198 355 243 379 271 239 30 282 113 367 156 369 50 40 140 277 92 0 160 219 265 199 157 37 46 339 231 310 331 244 302 321 331 221 213 301 268 191 295 170 224 237 142 305 303 318
71 215 188 156 266 155 135 183 269 122 51 180 79 98 154 126 393 421 407 293 221 161 94 411 299 435 167 135 161 179 153 423 52 425 129 147 195 333 131 160 0 275 161 255 213 154 133 395 287 366 387 300 198 377 227 277 129 357 164 107 350 86 120 293 58 361 199 214
271 434 408 232 44 374 212 147 85 341 271 400 278 318 374 326 209 237 224 109 86 221 313 228 64 252 387 355 221 398 229 239 272 241 189 207 160 150 208 219 275 0 381 72 178 213 192 211 87 183 204 117 417 193 447 41 329 174 383 306 167 286 339 110 258 178 419 434
177 81 178 262 371 39 241 288 374 64 137 185 184 88 177 232 498 527 513 399 326 267 117 517 405 541 33 158 267 45 258 529 157 530 235 252 301 439 237 265 161 381 0 361 319 259 238 501 393 472 493 406 64 482 94 383 235 463 187 212 456 192 143 399 164 467 66 154
251 414 388 212 62 354 192 127 45 321 251 379 258 297 354 306 189 217 204 69 66 201 293 208 96 232 367 335 201 378 209 219 252 221 169 187 140 130 188 199 255 72 361 0 158 193 172 191 83 163 184 76 397 173 427 73 309 154 363 286 147 266 319 70 238 158 399 414
209 372 346 170 168 312 149 85 171 279 209 337 216 255 312 264 295 324 310 196 123 159 251 314 202 338 325 293 159 336 167 326 210 327 127 144 91 236 146 157 213 178 319 158 0 151 130 298 190 269 290 203 355 279 385 180 267 260 321 244 253 224 277 196 196 264 357 372
149 313 286 111 204 253 90 121 207 220 149 278 157 196 252 205 331 359 345 231 159 39 192 349 237 373 265 233 39 276 107 361 150 363 47 49 134 271 86 37 154 213 259 193 151 0 50 333 225 304 326 238 296 315 325 215 207 295 262 185 289 164 218 231 136 299 297 312
128 292 265 90 183 231 69 99 186 199 128 257 136 175 231 183 310 338 324 210 138 47 171 328 216 352 244 212 47 255 86 340 129 342 26 44 112 250 65 46 133 192 238 172 130 50 0 312 204 283 304 217 275 294 304 194 186 274 240 164 267 143 197 210 115 278 276 291
390 554 527 352 202 494 331 267 205 461 390 519 398 437 493 446 34 153 139 182 206 340 433 143 171 167 506 475 340 518 349 155 392 157 309 326 280 99 327 339 395 211 501 191 298 333 312 0 159 55 35 177 537 109 567 198 449 60 503 426 83 406 459 178 377 93 538 554
282 446 419 244 91 386 223 159 97 353 282 411 290 329 385 338 157 185 171 74 98 232 325 175 46 199 398 367 232 410 241 187 283 189 201 218 172 97 219 231 287 87 393 83 190 225 204 159 0 130 152 69 429 141 459 72 341 121 395 318 115 298 351 69 269 125 430 446
362 525 499 323 173 465 302 238 176 432 362 490 369 408 465 417 53 124 110 153 177 312 404 115 143 138 478 446 312 489 320 126 363 128 280 297 251 71 299 310 366 183 472 163 269 304 283 55 130 0 48 148 508 80 538 169 420 52 474 397 54 377 430 149 349 65 510 525
383 546 520 344 194 486 324 259 197 454 383 512 391 430 486 438 33 145 132 174 198 333 426 136 164 160 499 467 333 510 341 147 384 149 301 319 272 92 320 331 387 204 493 184 290 326 304 35 152 48 0 170 530 101 559 190 441 53 495 418 75 398 452 170 370 86 531 546
296 459 433 257 107 399 237 172 63 366 296 424 303 342 399 351 175 203 189 39 111 246 338 193 81 217 412 380 246 423 254 205 297 207 214 232 185 115 233 244 300 117 406 76 203 238 217 177 69 148 170 0 442 159 472 108 354 139 408 331 133 311 364 35 283 143 444 459
213 43 140 298 408 75 277 325 411 100 174 146 221 124 173 269 535 563 549 435 363 303 153 553 441 577 56 194 303 45 295 565 194 567 271 289 338 475 273 302 198 417 64 397 355 296 275 537 429 508 530 442 0 519 55 419 271 499 165 249 493 228 179 435 200 503 27 115
372 536 509 334 183 476 313 249 186 443 372 501 380 419 475 427 106 80 66 163 187 322 415 70 153 94 488 456 322 499 330 82 373 84 290 308 261 81 309 321 377 193 482 173 279 315 294 109 141 80 101 159 519 0 548 180 430 71 485 408 65 387 441 159 359 52 520 535
243 41 107 328 437 105 307 354 440 130 203 114 250 154 140 298 564 593 579 465 392 333 183 583 471 607 86 161 333 74 324 594 223 596 301 318 367 505 303 331 227 447 94 427 385 325 304 567 459 538 559 472 55 548 0 449 301 529 133 278 522 258 177 465 230 533 52 83
272 436 409 234 46 376 213 149 87 343 272 401 280 319 375 328 196 224 210 111 88 222 315 214 50 238 388 357 223 400 231 226 274 228 191 208 162 136 209 221 277 41 383 73 180 215 194 198 72 169 190 108 419 180 449 0 331 160 385 308 153 288 341 108 260 164 420 436
86 288 262 210 320 228 189 236 323 196 125 254 77 172 228 34 447 475 461 347 274 215 168 465 353 489 241 209 215 252 206 477 126 478 183 201 249 387 185 213 129 329 235 309 267 207 186 449 341 420 441 354 271 430 301 331 0 411 237 51 404 68 193 347 101 415 273 288
353 516 490 314 164 456 293 229 167 423 353 481 360 399 456 408 58 115 101 144 168 303 395 106 134 129 469 437 303 480 311 117 354 119 271 288 242 62 290 301 357 174 463 154 260 295 274 60 121 52 53 139 499 71 529 160 411 0 465 388 45 368 421 140 340 55 501 516
179 151 57 264 374 180 243 290 377 147 140 49 187 123 41 234 501 529 515 401 329 269 105 519 407 543 192 62 269 184 260 531 159 533 237 255 303 441 239 268 164 383 187 363 321 262 240 503 395 474 495 408 165 485 133 385 237 465 0 214 458 194 77 401 166 469 162 84
64 266 239 187 297 205 166 214 300 173 102 231 55 149 205 48 424 452 438 324 252 192 145 442 330 466 218 186 192 229 184 454 103 456 160 178 226 364 162 191 107 306 212 286 244 185 164 426 318 397 418 331 249 408 278 308 51 388 214 0 381 45 171 324 78 392 250 265
346 510 483 307 157 449 287 222 160 417 346 475 354 393 449 401 81 109 95 137 161 296 389 99 127 123 462 430 296 473 304 111 347 113 264 282 235 55 283 295 350 167 456 147 253 289 267 83 115 54 75 133 493 65 522 153 404 45 458 381 0 361 415 133 333 49 494 509
43 245 219 167 276 185 146 193 280 152 82 211 38 129 185 65 404 432 418 304 231 172 124 422 310 446 198 166 172 209 163 434 83 435 140 158 206 344 142 170 86 286 192 266 224 164 143 406 298 377 398 311 228 387 258 288 68 368 194 45 361 0 150 304 58 372 230 245
135 195 101 220 330 136 199 247 333 103 96 93 143 79 67 191 457 485 471 357 285 225 61 475 363 499 149 61 225 160 217 487 116 489 193 211 260 397 195 224 120 339 143 319 277 218 197 459 351 430 452 364 179 441 177 341 193 421 77 171 415 150 0 357 122 425 181 128
289 452 426 250 100 392 230 165 56 359 289 418 297 336 392 344 175 204 190 32 104 239 331 194 82 218 405 373 239 416 247 205 290 207 207 225 178 116 226 237 293 110 399 70 196 231 210 178 69 149 170 35 435 159 465 108 347 140 401 324 133 304 357 0 276 144 437 452
46 217 190 139 248 157 118 165 251 124 54 182 51 100 157 98 375 403 390 276 203 143 96 394 282 418 169 138 144 181 135 405 55 407 112 129 178 316 114 142 58 258 164 238 196 136 115 377 269 349 370 283 200 359 230 260 101 340 166 78 333 58 122 276 0 344 202 217
357 520 494 318 168 460 297 233 171 427 357 485 364 403 460 412 91 95 82 148 172 307 399 86 138 109 473 441 307 484 315 97 358 99 275 292 246 66 294 305 361 178 467 158 264 299 278 93 125 65 86 143 503 52 533 164 415 55 469 392 49 372 425 144 344 0 505 520
214 40 137 299 409 76 279 326 412 102 175 143 222 125 170 270 536 564 551 436 364 304 155 555 443 579 58 191 305 46 296 566 195 568 273 290 339 477 275 303 199 419 66 399 357 297 276 538 430 510 531 444 27 520 52 420 273 501 162 250 494 230 181 437 202 505 0 112
230 101 58 315 424 164 294 341 427 190 190 65 237 174 91 285 551 580 566 452 379 320 156 570 458 594 146 112 320 134 311 582 210 583 288 305 354 492 290 318 214 434 154 414 372 312 291 554 446 525 546 459 115 535 83 436 288 516 84 265 509 245 128 452 217 520 112 0
EOF