NAME : tsp_problem
TYPE : TSP
DIMENSION : 56
EDGE_WEIGHT_TYPE : EXPLICIT
EDGE_WEIGHT_FORMAT : FULL_MATRIX
EDGE_WEIGHT_SECTION
0 390 547 580 467 473 568 218 26 524 621 436 419 369 526 483 110 453 49 614 166 488 140 433 356 350 447 353 474 544 71 219 228 432 393 382 239 327 439 367 432 148 252 213 517 502 608 339 200 246 400 490 308 130 478 227
390 0 264 296 184 190 285 254 389 241 338 153 135 197 243 199 315 169 375 330 346 204 287 149 184 83 163 86 191 260 378 247 240 148 34 115 231 156 156 100 148 328 229 253 233 219 324 167 241 222 117 206 136 311 195 193
547 264 0 58 218 100 170 412 547 51 99 167 169 355 174 88 473 204 532 127 504 239 445 163 342 241 198 244 123 192 536 405 398 182 267 272 388 313 190 258 143 486 387 411 55 69 86 325 398 380 175 138 294 469 93 350
580 296 58 0 250 132 137 444 579 84 66 199 202 387 188 121 505 236 564 93 536 271 477 195 374 273 230 276 155 162 568 437 430 214 299 305 420 345 222 290 175 518 419 443 87 102 52 357 430 412 207 170 326 501 125 382
467 184 218 250 0 144 239 331 466 195 291 107 78 274 197 153 392 39 452 284 424 49 364 103 261 160 45 164 145 214 456 324 317 64 187 192 308 233 55 178 102 405 306 330 187 173 278 244 318 300 94 160 214 388 149 270
473 190 100 132 144 0 143 337 472 77 174 93 95 280 100 36 398 129 458 188 430 165 370 89 267 166 123 170 48 118 462 330 323 108 193 198 314 239 116 184 69 412 312 336 70 55 161 250 324 306 100 64 220 394 32 276
568 285 170 137 239 143 0 433 567 194 94 188 190 376 83 152 494 224 553 77 525 260 466 184 363 262 219 265 129 57 557 426 418 203 288 293 409 334 211 279 164 507 408 432 186 172 107 346 419 401 196 112 315 490 148 371
218 254 412 444 331 337 433 0 217 389 485 300 283 233 390 347 143 317 203 478 175 352 115 297 220 214 311 217 338 408 207 35 44 296 257 246 108 192 303 232 296 157 117 81 381 366 472 203 69 63 264 354 172 139 342 91
26 389 547 579 466 472 567 217 0 524 620 435 418 368 525 482 109 452 48 613 165 487 139 432 355 349 446 352 473 543 70 218 227 431 392 381 238 327 438 366 431 147 252 212 516 501 607 338 199 245 399 489 307 129 477 226
524 241 51 84 195 77 194 389 524 0 125 144 146 332 151 65 450 180 509 153 481 216 422 140 319 218 175 221 100 169 513 382 374 159 244 249 365 290 167 235 120 463 364 388 32 46 112 302 375 357 152 115 271 446 70 327
621 338 99 66 291 174 94 485 620 125 0 241 243 428 146 162 546 277 606 50 578 312 518 236 415 314 271 317 191 119 610 478 471 256 341 346 462 387 264 332 217 559 460 484 128 143 36 398 472 454 248 174 367 542 167 424
436 153 167 199 107 93 188 300 435 144 241 0 58 243 146 103 361 92 421 234 393 127 333 52 230 129 86 133 94 164 425 293 286 71 156 161 277 202 79 147 51 374 275 299 137 122 227 213 287 269 63 109 183 357 98 239
419 135 169 202 78 95 190 283 418 146 243 58 0 226 148 105 344 64 403 236 375 99 316 55 213 112 58 115 96 166 407 276 269 46 139 144 260 185 51 129 54 357 258 282 139 124 230 196 269 251 46 112 165 340 100 222
369 197 355 387 274 280 376 233 368 332 428 243 226 0 333 290 294 260 354 421 325 295 266 240 35 157 254 160 281 351 357 226 219 239 200 189 210 135 246 174 239 307 208 232 324 309 415 53 220 201 207 297 115 290 285 172
526 243 174 188 197 100 83 390 525 151 146 146 148 333 0 110 451 182 511 129 483 217 423 142 320 219 176 222 87 59 515 383 376 161 246 251 367 292 169 237 122 464 365 389 144 129 159 303 377 359 153 70 272 447 105 329
483 199 88 121 153 36 152 347 482 65 162 103 105 290 110 0 408 139 468 190 439 174 380 98 277 176 133 179 58 128 471 340 333 118 203 208 324 249 125 193 78 421 322 346 58 43 149 260 334 316 110 73 229 404 29 286
110 315 473 505 392 398 494 143 109 450 546 361 344 294 451 408 0 378 95 539 91 413 66 358 281 275 372 278 399 469 99 144 153 357 318 307 164 253 364 292 357 73 178 138 442 427 533 264 125 171 325 415 233 55 403 152
453 169 204 236 39 129 224 317 452 180 277 92 64 260 182 139 378 0 438 270 409 59 350 89 247 146 31 149 130 200 441 310 303 49 173 178 294 219 40 163 88 391 292 316 173 158 264 230 303 285 80 146 199 374 134 256
49 375 532 564 452 458 553 203 48 509 606 421 403 354 511 468 95 438 0 599 151 473 125 418 341 335 432 338 459 529 40 204 213 416 378 367 224 312 424 352 416 132 237 197 502 487 593 324 185 231 385 474 293 115 463 212
614 330 127 93 284 188 77 478 613 153 50 234 236 421 129 190 539 270 599 0 571 305 511 229 408 307 264 310 175 103 602 471 464 249 334 339 455 380 257 325 209 552 453 477 156 171 64 391 465 447 241 157 360 535 193 417
166 346 504 536 424 430 525 175 165 481 578 393 375 325 483 439 91 409 151 571 0 445 97 389 312 307 404 310 431 501 154 175 185 388 350 338 196 284 396 324 388 44 209 169 474 459 564 295 157 203 357 446 265 58 435 183
488 204 239 271 49 165 260 352 487 216 312 127 99 295 217 174 413 59 473 305 445 0 385 124 282 181 66 184 166 235 477 345 338 84 208 213 329 254 76 199 123 426 327 351 208 194 299 265 339 321 115 181 234 409 170 291
140 287 445 477 364 370 466 115 139 422 518 333 316 266 423 380 66 350 125 511 97 385 0 330 253 247 344 250 371 441 129 116 125 329 290 279 136 225 336 264 329 79 150 110 414 399 505 236 97 143 297 387 205 62 375 124
433 149 163 195 103 89 184 297 432 140 236 52 55 240 142 98 358 89 418 229 389 124 330 0 227 126 83 129 90 159 421 290 283 68 153 158 274 199 75 143 47 371 272 296 132 118 223 210 283 265 60 105 179 354 94 236
356 184 342 374 261 267 363 220 355 319 415 230 213 35 320 277 281 247 341 408 312 282 253 227 0 144 241 147 268 338 344 213 206 226 187 176 197 122 233 161 226 294 195 219 311 296 402 56 207 188 194 284 102 277 272 159
350 83 241 273 160 166 262 214 349 218 314 129 112 157 219 176 275 146 335 307 307 181 247 126 144 0 140 26 168 237 338 207 200 125 86 52 191 116 133 40 125 288 189 213 210 196 301 127 201 183 93 183 96 271 172 153
447 163 198 230 45 123 219 311 446 175 271 86 58 254 176 133 372 31 432 264 404 66 344 83 241 140 0 143 124 194 435 304 297 43 167 172 288 213 38 158 82 385 286 310 167 152 258 224 298 280 74 140 193 368 129 250
353 86 244 276 164 170 265 217 352 221 317 133 115 160 222 179 278 149 338 310 310 184 250 129 147 26 143 0 171 240 342 210 203 128 90 47 194 119 136 44 128 291 192 216 213 199 304 130 204 186 97 186 99 274 175 156
474 191 123 155 145 48 129 338 473 100 191 94 96 281 87 58 399 130 459 175 431 166 371 90 268 168 124 171 0 105 463 331 324 109 194 199 315 240 117 185 70 413 313 337 92 78 183 251 325 307 102 50 221 395 54 277
544 260 192 162 214 118 57 408 543 169 119 164 166 351 59 128 469 200 529 103 501 235 441 159 338 237 194 240 105 0 533 401 394 179 264 269 385 310 187 255 140 482 383 407 162 147 133 321 395 377 171 87 290 465 123 347
71 378 536 568 456 462 557 207 70 513 610 425 407 357 515 471 99 441 40 602 154 477 129 421 344 338 435 342 463 533 0 207 216 420 382 370 228 316 428 356 420 136 241 201 506 491 596 327 189 235 389 478 297 119 467 215
219 247 405 437 324 330 426 35 218 382 478 293 276 226 383 340 144 310 204 471 175 345 116 290 213 207 304 210 331 401 207 0 37 289 250 239 108 185 297 225 289 157 110 82 374 359 465 196 69 56 257 347 165 140 336 84
228 240 398 430 317 323 418 44 227 374 471 286 269 219 376 333 153 303 213 464 185 338 125 283 206 200 297 203 324 394 216 37 0 282 243 232 104 178 289 217 282 166 103 91 367 352 458 189 79 49 250 340 158 149 328 77
432 148 182 214 64 108 203 296 431 159 256 71 46 239 161 118 357 49 416 249 388 84 329 68 226 125 43 128 109 179 420 289 282 0 151 157 272 197 36 142 66 370 271 295 152 137 243 209 282 264 59 125 178 353 113 234
393 34 267 299 187 193 288 257 392 244 341 156 139 200 246 203 318 173 378 334 350 208 290 153 187 86 167 90 194 264 382 250 243 151 0 118 234 159 159 104 151 332 232 256 237 222 328 170 244 226 120 210 140 314 198 196
382 115 272 305 192 198 293 246 381 249 346 161 144 189 251 208 307 178 367 339 338 213 279 158 176 52 172 47 199 269 370 239 232 157 118 0 223 148 164 41 157 320 221 245 242 227 333 159 232 214 125 215 128 303 203 185
239 231 388 420 308 314 409 108 238 365 462 277 260 210 367 324 164 294 224 455 196 329 136 274 197 191 288 194 315 385 228 108 104 272 234 223 0 168 280 208 272 177 41 50 358 343 449 180 72 87 241 330 149 160 319 68
327 156 313 345 233 239 334 192 327 290 387 202 185 135 292 249 253 219 312 380 284 254 225 199 122 116 213 119 240 310 316 185 178 197 159 148 168 0 205 133 197 266 167 191 283 268 374 105 178 160 166 255 42 249 244 130
439 156 190 222 55 116 211 303 438 167 264 79 51 246 169 125 364 40 424 257 396 76 336 75 233 133 38 136 117 187 428 297 289 36 159 164 280 205 0 150 74 378 278 302 160 145 250 216 290 272 67 132 186 360 121 242
367 100 258 290 178 184 279 232 366 235 332 147 129 174 237 193 292 163 352 325 324 199 264 143 161 40 158 44 185 255 356 225 217 142 104 41 208 133 150 0 142 306 207 230 228 213 318 144 218 200 111 200 114 288 189 170
432 148 143 175 102 69 164 296 431 120 217 51 54 239 122 78 357 88 416 209 388 123 329 47 226 125 82 128 70 140 420 289 282 66 151 157 272 197 74 142 0 370 271 295 112 98 203 209 282 264 59 85 178 353 74 234
148 328 486 518 405 412 507 157 147 463 559 374 357 307 464 421 73 391 132 552 44 426 79 371 294 288 385 291 413 482 136 157 166 370 332 320 177 266 378 306 370 0 191 151 455 441 546 277 139 184 339 428 246 42 417 165
252 229 387 419 306 312 408 117 252 364 460 275 258 208 365 322 178 292 237 453 209 327 150 272 195 189 286 192 313 383 241 110 103 271 232 221 41 167 278 207 271 191 0 64 356 341 447 178 87 85 239 329 147 174 318 66
213 253 411 443 330 336 432 81 212 388 484 299 282 232 389 346 138 316 197 477 169 351 110 296 219 213 310 216 337 407 201 82 91 295 256 245 50 191 302 230 295 151 64 0 380 365 471 202 46 109 263 353 171 134 341 90
517 233 55 87 187 70 186 381 516 32 128 137 139 324 144 58 442 173 502 156 474 208 414 132 311 210 167 213 92 162 506 374 367 152 237 242 358 283 160 228 112 455 356 380 0 39 115 294 368 350 144 107 263 438 63 320
502 219 69 102 173 55 172 366 501 46 143 122 124 309 129 43 427 158 487 171 459 194 399 118 296 196 152 199 78 147 491 359 352 137 222 227 343 268 145 213 98 441 341 365 39 0 130 279 353 335 130 93 249 423 48 305
608 324 86 52 278 161 107 472 607 112 36 227 230 415 159 149 533 264 593 64 564 299 505 223 402 301 258 304 183 133 596 465 458 243 328 333 449 374 250 318 203 546 447 471 115 130 0 385 459 440 235 187 354 529 154 411
339 167 325 357 244 250 346 203 338 302 398 213 196 53 303 260 264 230 324 391 295 265 236 210 56 127 224 130 251 321 327 196 189 209 170 159 180 105 216 144 209 277 178 202 294 279 385 0 190 171 177 267 85 260 255 142
200 241 398 430 318 324 419 69 199 375 472 287 269 220 377 334 125 303 185 465 157 339 97 283 207 201 298 204 325 395 189 69 79 282 244 232 72 178 290 218 282 139 87 46 368 353 459 190 0 97 251 340 159 121 329 78
246 222 380 412 300 306 401 63 245 357 454 269 251 201 359 316 171 285 231 447 203 321 143 265 188 183 280 186 307 377 235 56 49 264 226 214 87 160 272 200 264 184 85 109 350 335 440 171 97 0 233 322 141 167 311 59
400 117 175 207 94 100 196 264 399 152 248 63 46 207 153 110 325 80 385 241 357 115 297 60 194 93 74 97 102 171 389 257 250 59 120 125 241 166 67 111 59 339 239 263 144 130 235 177 251 233 0 117 147 321 106 203
490 206 138 170 160 64 112 354 489 115 174 109 112 297 70 73 415 146 474 157 446 181 387 105 284 183 140 186 50 87 478 347 340 125 210 215 330 255 132 200 85 428 329 353 107 93 187 267 340 322 117 0 236 411 69 292
308 136 294 326 214 220 315 172 307 271 367 183 165 115 272 229 233 199 293 360 265 234 205 179 102 96 193 99 221 290 297 165 158 178 140 128 149 42 186 114 178 246 147 171 263 249 354 85 159 141 147 236 0 229 225 111
130 311 469 501 388 394 490 139 129 446 542 357 340 290 447 404 55 374 115 535 58 409 62 354 277 271 368 274 395 465 119 140 149 353 314 303 160 249 360 288 353 42 174 134 438 423 529 260 121 167 321 411 229 0 399 148
478 195 93 125 149 32 148 342 477 70 167 98 100 285 105 29 403 134 463 193 435 170 375 94 272 172 129 175 54 123 467 336 328 113 198 203 319 244 121 189 74 417 318 341 63 48 154 255 329 311 106 69 225 399 0 281
227 193 350 382 270 276 371 91 226 327 424 239 222 172 329 286 152 256 212 417 183 291 124 236 159 153 250 156 277 347 215 84 77 234 196 185 68 130 242 170 234 165 66 90 320 305 411 142 78 59 203 292 111 148 281 0
EOF