NAME : tsp_problem
TYPE : TSP
DIMENSION : 48
EDGE_WEIGHT_TYPE : EXPLICIT
EDGE_WEIGHT_FORMAT : FULL_MATRIX
EDGE_WEIGHT_SECTION
0 308 380 171 178 327 276 199 328 132 206 338 70 346 275 307 242 278 265 251 235 169 310 140 191 294 149 162 127 234 233 154 160 228 91 195 355 242 212 191 151 354 178 318 272 218 301 201
308 0 608 215 405 45 504 426 555 359 434 565 356 574 503 534 470 153 492 126 111 214 57 367 418 521 376 226 354 461 460 233 387 455 326 423 582 117 439 418 230 582 210 546 147 127 529 141
380 608 0 471 243 627 128 264 94 320 271 68 428 75 148 99 162 578 139 551 535 469 610 345 256 127 338 462 332 191 174 454 248 293 398 241 55 542 277 217 451 69 478 87 572 518 107 501
171 215 471 0 269 234 367 289 418 222 297 428 219 437 366 398 333 185 355 158 142 106 216 230 282 385 240 104 217 324 323 49 250 319 189 286 445 149 303 282 93 445 41 409 179 125 392 108
178 405 243 269 0 425 139 51 190 118 58 200 226 209 138 169 105 375 127 349 333 267 407 142 46 157 135 260 129 96 95 251 46 80 196 58 217 340 64 54 248 217 276 181 370 316 164 298
327 45 627 234 425 0 523 446 575 379 453 585 375 593 522 554 489 172 512 146 131 234 77 387 438 541 396 246 374 481 480 252 407 475 345 443 602 137 459 438 249 601 229 565 167 147 548 161
276 504 128 367 139 523 0 160 186 216 167 86 324 181 134 55 58 474 35 447 431 365 506 240 152 152 233 358 228 92 70 350 144 189 294 137 103 438 173 112 347 175 374 66 468 414 49 397
199 426 264 289 51 446 160 0 211 138 38 221 246 229 158 190 125 396 148 369 354 288 428 163 36 177 156 280 150 117 116 272 67 56 216 79 238 360 40 74 269 237 296 202 391 336 184 319
328 555 94 418 190 575 186 211 0 268 219 140 376 50 86 170 152 525 175 499 483 417 557 292 203 65 285 409 279 129 143 401 196 240 346 188 126 490 224 164 398 58 425 158 520 466 178 448
132 359 320 222 118 379 216 138 268 0 146 277 179 286 215 247 182 329 204 302 287 221 361 96 131 234 43 213 83 173 172 205 99 168 149 135 294 293 152 131 202 294 229 258 324 270 241 252
206 434 271 297 58 453 167 38 219 146 0 228 254 237 166 198 133 404 156 377 361 295 435 170 43 185 163 288 158 124 123 280 74 46 224 86 245 368 31 82 276 245 304 209 398 344 192 327
338 565 68 428 200 585 86 221 140 277 228 0 385 121 194 56 119 535 96 508 493 427 567 302 213 173 295 419 289 153 131 411 205 250 355 198 43 499 234 174 408 115 435 45 530 475 64 458
70 356 428 219 226 375 324 246 376 179 254 385 0 394 323 355 290 325 313 299 283 217 357 187 239 342 197 210 174 281 280 201 207 276 53 243 402 290 260 239 198 402 226 366 320 266 349 249
346 574 75 437 209 593 181 229 50 286 237 121 394 0 104 152 171 543 192 517 501 435 575 310 222 83 303 428 297 148 161 420 214 259 364 206 107 508 243 182 416 47 444 140 538 484 160 467
275 503 148 366 138 522 134 158 86 215 166 194 323 104 0 164 100 472 122 446 430 364 504 239 151 52 232 357 226 77 90 348 143 188 293 135 180 437 172 111 345 112 373 176 467 413 158 396
307 534 99 398 169 554 55 190 170 247 198 56 355 152 164 0 88 504 66 478 462 396 536 271 182 183 264 388 258 123 100 380 175 219 325 167 73 469 204 143 377 146 404 37 499 445 33 427
242 470 162 333 105 489 58 125 152 182 133 119 290 171 100 88 0 439 46 413 397 331 471 206 118 118 199 324 193 58 36 316 110 155 260 103 136 404 139 78 312 179 340 100 434 380 83 363
278 153 578 185 375 172 474 396 525 329 404 535 325 543 472 504 439 0 462 53 81 184 154 337 388 491 346 196 324 431 430 203 357 425 295 393 552 58 409 388 200 551 179 516 33 97 498 111
265 492 139 355 127 512 35 148 175 204 156 96 313 192 122 66 46 462 0 436 420 354 494 229 140 141 222 346 216 81 58 338 133 177 283 125 113 426 161 101 335 186 362 77 457 403 60 385
251 126 551 158 349 146 447 369 499 302 377 508 299 517 446 478 413 53 436 0 54 158 128 310 362 465 320 169 297 404 403 176 330 399 269 366 525 52 383 362 173 525 153 489 48 71 472 84
235 111 535 142 333 131 431 354 483 287 361 493 283 501 430 462 397 81 420 54 0 142 113 295 346 449 304 153 282 389 388 160 315 383 253 350 510 45 367 346 157 509 137 473 75 55 456 68
169 214 469 106 267 234 365 288 417 221 295 427 217 435 364 396 331 184 354 158 142 0 216 229 280 383 238 34 216 323 322 94 249 317 187 284 444 149 301 280 53 443 101 407 179 125 390 107
310 57 610 216 407 77 506 428 557 361 435 567 357 575 504 536 471 154 494 128 113 216 0 369 420 523 378 228 356 463 462 235 389 457 327 425 584 119 441 420 231 583 211 547 149 129 530 143
140 367 345 230 142 387 240 163 292 96 170 302 187 310 239 271 206 337 229 310 295 229 369 0 155 258 113 221 40 198 197 213 124 192 157 160 319 301 176 155 210 318 237 282 331 277 265 260
191 418 256 282 46 438 152 36 203 131 43 213 239 222 151 182 118 388 140 362 346 280 420 155 0 169 148 272 142 109 108 264 59 65 209 71 230 353 49 66 261 230 288 194 383 329 177 311
294 521 127 385 157 541 152 177 65 234 185 173 342 83 52 183 118 491 141 465 449 383 523 258 169 0 251 375 245 95 109 367 162 206 312 154 159 456 191 130 364 91 392 192 486 432 177 414
149 376 338 240 135 396 233 156 285 43 163 295 197 303 232 264 199 346 222 320 304 238 378 113 148 251 0 231 100 191 190 222 117 185 167 153 312 311 169 148 219 311 247 275 341 287 258 269
162 226 462 104 260 246 358 280 409 213 288 419 210 428 357 388 324 196 346 169 153 34 228 221 272 375 231 0 208 315 314 87 241 309 180 277 436 160 294 272 46 436 111 400 190 136 383 119
127 354 332 217 129 374 228 150 279 83 158 289 174 297 226 258 193 324 216 297 282 216 356 40 142 245 100 208 0 185 184 200 111 179 144 147 306 288 163 142 197 305 224 270 319 264 252 247
234 461 191 324 96 481 92 117 129 173 124 153 281 148 77 123 58 431 81 404 389 323 463 198 109 95 191 315 185 0 48 307 102 146 251 94 170 395 130 70 304 156 331 134 426 371 117 354
233 460 174 323 95 480 70 116 143 172 123 131 280 161 90 100 36 430 58 403 388 322 462 197 108 109 190 314 184 48 0 306 100 145 250 93 148 394 129 69 303 169 330 112 425 370 95 353
154 233 454 49 251 252 350 272 401 205 280 411 201 420 348 380 316 203 338 176 160 94 235 213 264 367 222 87 200 307 306 0 233 301 171 269 428 167 285 264 76 427 56 392 197 143 374 126
160 387 248 250 46 407 144 67 196 99 74 205 207 214 143 175 110 357 133 330 315 249 389 124 59 162 117 241 111 102 100 233 0 96 177 63 222 321 80 59 230 222 257 186 352 297 169 280
228 455 293 319 80 475 189 56 240 168 46 250 276 259 188 219 155 425 177 399 383 317 457 192 65 206 185 309 179 146 145 301 96 0 246 108 267 390 40 103 298 267 325 231 420 366 214 348
91 326 398 189 196 345 294 216 346 149 224 355 53 364 293 325 260 295 283 269 253 187 327 157 209 312 167 180 144 251 250 171 177 246 0 213 372 260 230 209 168 372 196 336 290 236 319 219
195 423 241 286 58 443 137 79 188 135 86 198 243 206 135 167 103 393 125 366 350 284 425 160 71 154 153 277 147 94 93 269 63 108 213 0 215 357 92 51 266 214 293 179 387 333 161 316
355 582 55 445 217 602 103 238 126 294 245 43 402 107 180 73 136 552 113 525 510 444 584 319 230 159 312 436 306 170 148 428 222 267 372 215 0 516 251 191 425 101 452 61 546 492 81 475
242 117 542 149 340 137 438 360 490 293 368 499 290 508 437 469 404 58 426 52 45 149 119 301 353 456 311 160 288 395 394 167 321 390 260 357 516 0 374 353 164 516 144 480 53 62 463 75
212 439 277 303 64 459 173 40 224 152 31 234 260 243 172 204 139 409 161 383 367 301 441 176 49 191 169 294 163 130 129 285 80 40 230 92 251 374 0 88 282 251 310 215 404 350 198 332
191 418 217 282 54 438 112 74 164 131 82 174 239 182 111 143 78 388 101 362 346 280 420 155 66 130 148 272 142 70 69 264 59 103 209 51 191 353 88 0 261 190 288 154 383 329 137 311
151 230 451 93 248 249 347 269 398 202 276 408 198 416 345 377 312 200 335 173 157 53 231 210 261 364 219 46 197 304 303 76 230 298 168 266 425 164 282 261 0 424 100 389 194 140 371 123
354 582 69 445 217 601 175 237 58 294 245 115 402 47 112 146 179 551 186 525 509 443 583 318 230 91 311 436 305 156 169 427 222 267 372 214 101 516 251 190 424 0 452 134 546 492 154 475
178 210 478 41 276 229 374 296 425 229 304 435 226 444 373 404 340 179 362 153 137 101 211 237 288 392 247 111 224 331 330 56 257 325 196 293 452 144 310 288 100 452 0 416 174 120 399 103
318 546 87 409 181 565 66 202 158 258 209 45 366 140 176 37 100 516 77 489 473 407 547 282 194 192 275 400 270 134 112 392 186 231 336 179 61 480 215 154 389 134 416 0 510 456 45 439
272 147 572 179 370 167 468 391 520 324 398 530 320 538 467 499 434 33 457 48 75 179 149 331 383 486 341 190 319 426 425 197 352 420 290 387 546 53 404 383 194 546 174 510 0 92 493 105
218 127 518 125 316 147 414 336 466 270 344 475 266 484 413 445 380 97 403 71 55 125 129 277 329 432 287 136 264 371 370 143 297 366 236 333 492 62 350 329 140 492 120 456 92 0 439 51
301 529 107 392 164 548 49 184 178 241 192 64 349 160 158 33 83 498 60 472 456 390 530 265 177 177 258 383 252 117 95 374 169 214 319 161 81 463 198 137 371 154 399 45 493 439 0 421
201 141 501 108 298 161 397 319 448 252 327 458 249 467 396 427 363 111 385 84 68 107 143 260 311 414 269 119 247 354 353 126 280 348 219 316 475 75 332 311 123 475 103 439 105 51 421 0
EOF