NAME : tsp_problem
TYPE : TSP
DIMENSION : 48
EDGE_WEIGHT_TYPE : EXPLICIT
EDGE_WEIGHT_FORMAT : FULL_MATRIX
EDGE_WEIGHT_SECTION
0 253 523 662 586 862 805 732 263 399 308 448 262 360 208 783 223 788 815 723 501 533 584 589 544 572 182 329 573 341 274 267 719 389 476 939 464 970 706 759 789 262 904 629 755 724 884 365
253 0 294 475 569 881 914 784 253 381 417 430 454 468 384 836 362 896 924 776 609 641 355 557 652 343 412 437 637 471 44 257 783 497 584 992 501 1023 477 867 572 252 764 411 819 841 903 474
523 294 0 191 285 642 877 512 400 476 409 525 562 461 491 563 470 859 887 503 565 634 163 273 645 151 659 380 353 705 274 404 499 490 577 719 217 750 285 831 381 299 572 127 535 833 664 466
662 475 191 0 121 477 712 347 567 658 403 683 562 376 492 398 470 695 722 338 400 549 243 111 532 203 659 411 189 818 456 570 335 405 492 554 248 585 290 666 386 481 519 77 370 748 499 326
586 569 285 121 0 401 635 270 490 752 326 777 485 299 415 321 393 618 646 262 324 472 337 47 455 297 583 354 112 741 550 493 258 328 415 478 343 508 384 589 328 560 443 171 294 672 423 249
862 881 642 477 401 0 683 228 767 1063 602 1057 762 575 691 105 670 627 858 220 600 705 616 404 668 577 859 630 313 1017 862 770 351 604 692 268 699 249 472 802 401 837 150 528 387 948 75 525
805 914 877 712 635 683 0 767 710 1182 546 1231 688 476 635 650 613 76 340 758 339 327 929 638 290 889 802 573 623 961 934 713 589 529 352 587 708 479 915 284 839 780 772 763 565 595 641 476
732 784 512 347 270 228 767 0 636 967 472 960 631 445 561 149 539 711 792 42 470 618 520 273 601 480 728 500 182 887 765 639 221 474 561 306 569 336 347 735 270 706 271 398 257 818 251 395
263 253 400 567 490 767 710 636 0 532 213 581 250 264 180 687 158 692 720 628 405 437 461 493 448 449 347 234 478 481 273 53 624 293 381 844 369 874 583 664 679 119 809 518 660 637 789 270
399 381 476 658 752 1063 1182 967 532 0 685 74 639 736 585 1018 600 1165 1118 958 877 910 537 740 921 525 559 706 820 367 362 536 966 765 853 1174 683 1205 659 1136 755 531 946 594 1002 999 1085 742
308 417 409 403 326 602 546 472 213 685 0 734 208 100 138 523 116 528 556 463 241 273 563 329 284 535 305 76 314 464 437 216 460 129 216 679 211 710 606 499 529 283 644 377 496 473 624 106
448 430 525 706 801 1112 1231 1016 581 74 734 0 688 785 634 1067 649 1213 1166 1007 926 958 586 789 969 574 608 755 869 416 411 585 1015 814 902 1223 732 1254 708 1185 803 580 995 642 1050 1048 1134 791
346 454 562 562 485 762 705 631 250 722 208 771 0 259 175 682 153 687 715 623 400 433 663 488 444 651 342 229 473 501 475 253 619 288 376 839 364 870 765 659 689 320 804 529 655 632 784 265
360 468 461 376 299 575 476 445 264 736 100 785 251 0 189 496 167 459 487 436 214 204 592 302 215 552 356 128 287 515 489 267 432 84 147 652 263 683 579 430 502 334 617 426 468 427 597 79
208 384 491 492 415 691 635 561 180 585 138 634 175 189 0 612 83 617 645 552 330 362 592 418 373 580 205 158 403 364 404 183 549 218 305 769 294 799 695 589 618 250 734 459 585 562 714 195
783 836 563 398 321 105 650 149 687 1018 523 1012 682 496 612 0 591 594 779 141 521 626 571 324 589 531 780 551 233 938 816 691 272 525 612 189 620 220 398 723 322 757 147 449 308 869 127 446
223 362 470 470 393 670 613 539 158 600 116 649 153 167 83 591 0 595 623 531 308 341 571 396 352 559 220 137 381 379 383 161 527 196 284 747 272 778 673 567 597 228 712 437 563 540 692 173
788 896 859 695 618 627 76 711 692 1165 528 1213 670 459 617 594 595 0 322 703 322 310 911 621 273 871 785 556 606 943 917 696 572 512 335 531 691 423 898 266 821 762 716 745 547 577 585 458
815 924 887 722 646 858 340 792 720 1118 556 1166 508 487 645 779 623 322 0 783 350 337 939 649 300 899 812 584 633 790 945 723 600 490 362 716 719 687 926 80 849 790 900 773 575 283 850 486
723 776 503 338 262 220 758 42 628 958 463 952 623 436 552 141 531 703 783 0 461 609 511 265 593 472 720 491 174 878 756 631 212 465 553 297 560 328 338 727 262 698 262 389 248 809 242 386
501 609 565 400 324 600 339 470 405 877 241 926 400 214 330 521 308 322 350 461 0 196 617 327 159 577 497 269 311 656 630 408 457 243 221 575 404 546 603 293 527 475 642 451 434 560 622 164
533 641 634 549 472 705 327 618 437 910 273 958 389 204 362 626 341 310 337 609 196 0 765 475 66 726 530 301 460 671 662 441 446 257 80 562 436 534 752 281 675 508 747 600 421 392 696 252
698 468 277 356 450 730 1042 633 575 651 677 644 776 705 706 685 684 1025 1052 625 730 879 0 438 862 192 857 647 518 834 449 579 641 734 822 841 484 872 326 996 421 474 613 324 677 1078 752 656
589 557 273 111 47 404 638 273 493 740 329 765 488 302 418 324 396 621 649 265 327 475 325 0 458 285 586 357 115 744 538 496 261 331 418 481 331 511 372 592 331 563 446 159 297 675 426 252
544 652 645 532 455 668 290 601 448 921 284 969 426 215 373 589 352 273 300 593 159 66 748 458 0 709 541 312 443 699 673 452 409 268 91 525 447 497 735 244 659 519 710 583 384 430 659 263
572 343 151 203 297 577 889 480 449 525 535 519 651 552 580 531 559 871 899 472 577 726 78 285 709 0 732 505 365 754 323 453 488 581 669 688 342 719 172 843 268 349 460 171 524 925 599 503
403 512 619 620 543 819 763 689 308 780 266 829 101 317 233 740 211 745 773 680 458 490 720 546 501 708 0 286 531 559 532 311 677 346 433 897 422 927 823 717 746 378 862 587 713 690 842 323
329 437 380 411 354 630 573 500 234 706 76 755 229 128 158 551 137 556 584 491 269 301 534 357 312 505 326 0 341 484 458 237 487 157 244 707 182 738 592 527 557 304 672 347 523 500 652 134
573 637 353 189 112 313 623 182 478 820 314 845 473 287 403 233 381 606 633 174 311 460 405 115 443 365 570 341 0 729 618 481 170 316 403 390 411 420 316 577 239 548 355 239 206 659 335 237
349 471 705 886 912 1188 970 1058 481 367 634 416 589 686 535 1109 549 952 790 1049 827 671 766 915 708 754 508 655 899 0 492 486 1045 651 722 1205 790 1177 888 842 983 481 1175 822 1064 672 1210 692
274 44 274 456 550 862 934 765 273 362 437 411 475 489 404 816 383 917 945 756 630 662 336 538 673 323 433 458 618 492 0 277 764 518 605 972 482 1003 457 888 553 272 745 392 800 861 884 495
267 257 404 570 493 770 713 639 53 536 216 585 253 267 183 691 161 696 723 631 408 441 465 496 452 453 350 237 481 486 277 0 627 296 384 847 372 878 587 667 683 123 812 522 663 640 792 273
719 783 499 335 258 351 589 221 624 966 460 968 619 432 549 272 527 572 600 212 457 446 528 261 409 488 716 487 170 875 764 627 0 461 471 365 557 393 355 543 278 694 393 385 81 805 373 383
389 497 490 405 328 604 529 474 293 765 129 814 195 84 218 525 196 512 490 465 243 257 621 331 268 581 385 157 316 544 518 296 461 0 200 681 292 712 608 483 531 363 646 455 497 372 626 108
476 584 577 492 415 692 352 561 381 853 216 902 367 147 305 612 284 335 362 553 221 80 708 418 91 669 473 244 403 631 605 384 471 200 0 587 379 559 695 306 618 451 734 543 446 444 714 195
939 992 719 554 478 268 587 306 844 1174 679 1168 839 652 769 189 747 531 716 297 575 562 727 481 525 688 936 707 390 1095 972 847 365 681 587 0 776 165 554 659 478 914 310 605 340 926 290 602
464 501 217 248 343 699 708 569 369 683 211 732 364 263 294 620 272 691 719 560 404 436 371 331 447 342 461 182 411 620 482 372 557 292 379 776 0 807 429 662 525 439 717 184 592 636 721 269
970 1023 750 585 508 249 479 336 874 1205 710 1199 870 683 799 220 778 423 687 328 546 534 758 511 497 719 967 738 420 1125 1003 878 393 712 559 165 807 0 585 631 509 945 341 636 369 898 207 633
706 477 285 290 384 472 915 347 583 659 606 652 765 579 695 398 673 898 926 338 603 752 212 372 735 172 862 592 316 888 457 587 355 608 695 554 429 585 0 869 135 482 355 258 391 951 494 529
759 867 831 666 589 802 284 735 664 1136 499 1185 560 430 589 723 567 266 80 727 293 281 882 592 244 843 756 527 577 842 888 667 543 483 306 659 662 631 869 0 793 734 844 717 518 335 793 430
789 572 381 386 328 401 839 270 679 755 529 748 689 502 618 322 597 821 849 262 527 675 308 331 659 268 786 557 239 944 553 683 278 531 618 478 525 509 135 793 0 578 381 354 314 875 423 452
262 252 299 481 560 837 780 706 119 531 283 580 320 334 250 757 228 762 790 698 475 508 361 563 519 349 417 304 548 481 272 123 694 363 451 914 439 945 482 734 578 0 770 417 730 707 859 340
904 764 572 519 443 150 772 271 809 946 644 940 804 617 734 147 712 716 900 262 642 747 500 446 710 460 901 672 355 1060 745 812 393 646 734 310 717 341 355 844 381 770 0 546 429 990 172 567
629 411 127 77 171 528 763 398 518 594 377 642 529 426 459 449 437 745 773 389 451 600 211 159 583 171 626 347 239 785 392 522 385 455 543 605 184 636 258 717 354 417 546 0 421 799 550 376
755 819 535 370 294 387 565 257 660 1002 496 1004 655 468 585 308 563 547 575 248 434 421 564 297 384 524 752 523 206 911 800 663 81 497 446 340 592 369 391 518 314 730 429 421 0 785 409 419
720 829 833 748 672 948 595 818 625 999 473 1048 390 427 550 869 528 577 283 809 560 392 965 675 430 925 717 500 659 672 849 628 805 372 444 926 636 898 951 335 875 695 990 799 785 0 970 451
884 903 664 499 423 75 641 251 789 1085 624 1079 784 597 714 127 692 585 850 242 622 696 639 426 659 599 881 652 335 1040 884 792 373 626 714 290 721 207 494 793 423 859 172 550 409 970 0 547
365 474 466 326 249 525 476 395 270 742 106 791 265 79 195 446 173 458 486 386 164 252 542 252 263 503 362 134 237 521 495 273 383 108 195 602 269 633 529 430 452 340 567 376 419 451 547 0
EOF