NAME : tsp_problem
TYPE : TSP
DIMENSION : 28
EDGE_WEIGHT_TYPE : EXPLICIT
EDGE_WEIGHT_FORMAT : FULL_MATRIX
EDGE_WEIGHT_SECTION
0 719 587 682 698 994 682 684 643 624 819 743 802 664 800 679 747 724 728 445 386 655 756 399 742 332 737 713
719 0 158 356 411 738 76 649 674 258 533 331 452 452 388 724 461 595 316 751 377 666 344 653 455 731 455 843
587 158 0 489 280 607 209 782 807 127 401 465 385 320 521 857 330 729 450 803 245 800 477 522 324 619 588 977
849 437 570 0 559 845 397 775 801 670 729 343 464 811 400 851 511 722 138 878 587 793 356 783 678 857 581 970
698 411 280 593 0 448 462 886 911 164 242 253 131 278 510 961 76 833 439 988 445 904 257 722 165 819 692 1081
1024 738 607 878 448 0 789 1172 1197 491 233 549 552 605 535 1247 498 1118 681 1274 772 1189 553 1049 349 1146 977 1366
682 76 209 316 462 789 0 609 635 309 584 292 413 502 349 684 460 556 277 711 421 627 305 617 506 691 415 804
684 649 782 582 886 1172 609 0 57 853 1056 670 791 1004 727 107 838 72 655 267 604 49 683 506 1005 479 343 226
643 674 807 607 911 1197 635 57 0 878 1081 695 816 1030 752 79 863 97 680 226 630 56 708 512 1030 438 368 185
624 258 127 589 164 491 309 853 878 0 285 391 269 204 621 928 214 799 550 850 292 871 395 568 208 666 688 1047
819 533 401 762 242 233 584 1056 1081 285 0 422 347 399 541 1131 292 1002 608 1125 567 1073 426 843 143 941 861 1250
743 331 465 376 253 549 292 670 695 391 422 0 158 504 294 745 205 616 222 772 481 687 49 677 371 752 475 864
802 452 385 498 131 552 413 791 816 269 347 158 0 382 415 866 83 738 344 893 550 809 162 798 270 873 597 986
1357 1070 939 1210 780 364 1121 1504 1529 823 565 881 885 0 867 1579 830 1450 1013 1606 1105 1521 886 1381 681 1478 1309 1698
1089 677 810 533 667 576 637 877 903 785 629 527 572 898 0 952 619 824 524 979 827 895 531 975 643 959 569 1025
679 724 857 657 961 1247 684 107 79 928 1131 745 866 1080 802 0 913 147 730 262 680 92 758 548 1080 474 418 221
747 461 330 545 76 498 460 838 863 214 292 205 83 327 462 913 0 784 390 940 495 856 209 772 215 869 644 1033
724 595 729 529 833 1118 556 72 97 799 1002 616 738 951 673 147 784 0 601 307 551 89 629 453 951 437 290 266
728 316 450 362 439 724 277 655 680 550 608 222 344 690 279 730 390 601 0 757 466 673 235 662 557 737 461 850
445 751 803 684 988 1274 711 267 226 850 1125 772 893 980 829 262 940 307 757 0 601 239 785 314 1047 241 445 297
386 377 245 420 445 772 421 604 630 292 567 481 550 444 538 680 495 551 466 601 0 622 494 320 490 418 519 799
655 666 800 600 904 1189 627 49 56 871 1073 687 809 1022 744 92 856 89 673 239 622 0 700 524 1022 450 361 197
756 344 477 389 257 553 305 683 708 395 426 49 162 508 307 758 209 629 235 785 494 700 0 690 375 765 488 877
399 653 522 616 722 1027 617 506 512 568 843 677 798 697 734 548 772 453 662 314 320 524 690 0 766 128 441 582
742 455 324 711 165 349 506 1005 1030 208 143 371 270 322 490 1080 215 951 557 1047 490 1022 375 766 0 863 810 1199
332 731 619 664 819 1124 691 479 438 666 941 752 873 794 809 474 869 437 737 241 418 450 765 128 863 0 425 509
737 455 588 274 692 977 415 343 368 688 861 475 597 881 532 418 644 290 369 445 519 361 488 441 810 425 0 538
713 843 977 730 1081 1366 804 226 185 1047 1250 864 986 1199 921 221 1033 266 825 297 799 197 877 582 1199 509 538 0
EOF