NAME : tsp_problem
TYPE : TSP
DIMENSION : 40
EDGE_WEIGHT_TYPE : EXPLICIT
EDGE_WEIGHT_FORMAT : FULL_MATRIX
EDGE_WEIGHT_SECTION
0 401 508 876 456 287 509 37 373 820 908 525 470 975 458 908 555 708 331 322 788 285 339 1122 189 469 948 623 750 211 805 585 718 440 869 593 288 382 762 489
401 0 738 997 693 524 746 382 610 940 1145 755 707 1205 695 1145 269 945 572 559 908 383 576 1311 426 183 1185 853 987 448 1042 815 948 670 989 823 525 611 992 719
508 738 0 546 632 397 172 527 287 520 571 109 414 567 200 579 611 383 321 381 488 462 321 713 455 635 593 323 413 522 463 285 262 225 553 293 359 282 314 73
864 997 546 0 1127 810 666 884 782 235 657 462 908 489 694 666 764 877 678 876 144 819 816 546 900 886 672 406 594 1008 542 403 453 594 50 411 843 499 416 503
456 693 632 1127 0 399 482 436 371 1100 615 689 285 963 456 595 937 523 770 289 1069 633 337 1109 363 851 654 904 574 312 629 866 754 627 1133 874 360 811 782 653
287 524 397 810 399 0 272 268 137 754 671 454 413 909 221 680 760 483 469 148 722 465 103 1056 108 682 711 557 514 217 569 519 519 246 802 527 51 431 571 418
509 746 172 666 482 272 0 489 162 640 412 228 255 686 75 421 731 224 441 256 608 582 196 833 330 755 452 443 255 397 310 405 293 345 672 413 234 402 346 192
37 382 527 896 436 268 489 0 354 839 888 544 451 995 438 889 574 689 350 303 807 304 320 1141 169 488 928 643 731 191 786 605 736 459 888 613 268 401 781 508
373 610 287 782 371 137 162 354 0 755 561 344 386 802 111 570 847 373 556 120 724 551 75 948 195 769 601 559 404 261 459 521 409 365 788 529 98 518 461 308
808 940 520 235 1100 754 640 827 755 0 816 537 882 666 668 824 708 851 622 849 147 763 790 550 844 830 830 391 753 952 700 432 612 538 228 355 786 443 574 501
908 1145 571 657 615 671 412 888 561 816 0 510 505 374 474 121 1107 370 817 655 768 958 595 520 729 1131 65 454 183 773 143 451 334 721 664 763 633 778 296 551
525 755 109 462 689 454 228 544 344 537 510 0 471 483 257 519 629 439 338 438 505 480 378 629 512 653 525 260 448 579 395 256 307 243 469 311 416 300 269 90
470 707 414 908 285 413 255 451 386 882 505 471 0 818 317 496 951 297 683 303 850 648 352 965 378 865 545 685 347 326 402 647 535 587 915 655 375 644 555 435
975 1205 567 489 963 909 686 995 802 666 374 483 818 0 715 469 1079 718 789 896 545 930 836 170 970 1103 329 427 496 1037 444 423 474 693 495 735 874 750 436 523
458 695 200 694 456 221 75 438 111 668 474 257 317 715 0 483 760 286 469 205 636 610 145 861 279 783 514 471 316 346 371 433 321 374 701 441 183 431 374 221
908 1145 579 666 595 680 421 889 570 824 121 519 496 469 483 0 1116 350 826 664 777 967 604 615 738 1140 160 463 192 764 152 460 342 730 672 771 642 787 305 560
555 269 721 764 937 768 841 574 854 708 1116 738 951 1088 869 1125 0 1052 555 804 676 366 820 1079 670 158 1131 692 1053 692 1001 733 912 653 757 655 769 595 875 702
708 945 383 877 523 483 224 689 373 851 370 439 297 718 286 350 942 0 652 467 819 793 407 864 541 966 410 654 316 565 371 616 504 556 883 624 445 613 524 403
331 572 321 690 770 469 441 350 556 634 817 338 683 789 469 826 524 652 0 599 602 285 554 935 503 470 832 437 682 525 702 399 531 253 682 407 502 195 576 302
322 559 381 876 289 148 256 303 120 849 655 438 303 896 205 664 804 467 599 0 818 500 87 1042 206 718 695 653 498 179 553 615 503 376 882 623 109 560 555 402
776 908 488 144 1069 722 608 796 724 147 768 505 850 545 636 777 676 819 590 818 0 731 758 429 812 798 783 359 705 920 653 400 564 506 136 323 755 411 527 470
285 383 462 831 633 465 582 304 551 775 958 480 648 930 610 967 366 793 285 500 743 0 517 1077 366 280 973 578 823 389 843 540 672 395 823 548 465 336 717 444
339 576 321 816 337 103 196 320 75 790 595 378 352 836 145 604 820 407 554 87 758 517 0 983 161 735 635 593 438 227 493 555 443 331 822 563 64 515 495 342
1122 1311 713 546 1109 1056 833 1141 948 550 520 629 965 170 861 615 1079 864 935 1042 429 1077 983 0 1116 1200 475 573 643 1183 590 569 620 840 538 725 1020 814 583 670
189 426 455 900 363 108 330 169 195 844 729 512 378 970 279 738 670 541 503 206 812 366 161 1116 0 584 769 647 572 119 627 609 577 336 893 617 109 521 629 476
469 183 635 886 851 682 755 488 769 830 1131 653 865 1103 783 1140 158 966 470 718 798 280 735 1200 584 0 1146 751 997 606 1016 713 846 568 879 721 683 509 890 617
948 1185 593 672 654 711 452 928 601 830 65 525 545 329 514 160 1122 410 832 695 783 973 635 475 769 1146 0 469 223 813 183 466 348 736 678 777 673 793 311 566
623 853 323 406 904 557 443 643 559 391 454 260 685 427 471 463 692 654 437 653 359 578 593 573 647 751 469 0 392 755 339 71 251 341 413 338 590 398 213 300
750 987 413 594 574 514 255 731 404 753 183 448 347 496 316 192 973 316 682 498 705 823 438 643 572 997 223 392 0 615 80 388 271 587 601 655 475 644 233 434
211 448 522 1008 312 217 397 191 261 952 773 579 326 1037 346 764 692 565 525 179 920 389 227 1183 119 606 813 755 615 0 670 717 644 445 1001 726 218 577 696 543
805 1042 463 542 629 569 310 786 459 700 143 395 402 444 371 152 992 371 702 553 653 843 493 590 627 1016 183 339 80 670 0 336 219 606 548 647 530 663 181 436
585 815 285 403 866 519 405 605 521 432 451 256 647 423 433 460 689 616 399 615 400 540 555 569 609 713 466 71 388 717 336 0 247 303 409 353 552 360 210 267
718 948 262 453 754 519 293 736 409 612 334 307 535 474 321 342 822 504 531 503 564 672 443 620 577 846 348 251 271 644 219 247 0 436 460 504 480 493 72 283
440 670 225 594 627 246 345 459 365 538 721 243 587 693 374 730 544 556 253 376 506 395 331 840 336 568 736 341 587 445 606 303 436 0 587 311 279 215 480 207
857 989 553 50 1133 802 672 876 788 228 664 469 915 495 701 672 757 883 670 882 136 812 822 538 893 879 678 413 601 1001 548 409 460 587 0 403 835 492 422 509
474 704 375 744 903 523 495 494 610 687 871 392 737 843 523 880 578 706 288 653 656 429 607 989 613 602 885 491 736 669 756 453 585 307 736 0 556 109 629 356
288 525 359 843 360 51 234 268 98 786 633 416 375 874 183 642 769 445 502 109 755 465 64 1020 109 683 673 590 475 218 530 552 480 279 835 560 0 463 533 380
382 612 282 651 811 431 402 401 518 595 778 300 644 750 431 787 486 613 195 560 563 336 515 897 521 510 793 398 644 577 663 360 493 215 644 368 463 0 537 264
762 992 314 416 782 571 346 781 461 574 296 269 555 436 374 305 866 524 576 555 527 717 495 583 629 890 311 213 233 696 181 210 72 480 422 521 533 537 0 310
489 719 73 503 653 418 192 508 308 501 551 90 435 523 221 560 593 403 302 402 470 444 342 670 476 617 566 300 434 543 436 267 283 207 509 275 380 264 310 0
EOF