NAME : tsp_problem
TYPE : TSP
DIMENSION : 42
EDGE_WEIGHT_TYPE : EXPLICIT
EDGE_WEIGHT_FORMAT : FULL_MATRIX
EDGE_WEIGHT_SECTION
0 107 746 535 526 855 895 732 399 532 747 897 869 869 1090 499 921 1271 977 190 607 458 729 613 621 973 895 399 694 871 921 364 696 902 1035 448 672 597 1181 432 1137 583
107 0 659 449 529 769 883 810 369 446 825 884 857 783 1078 413 835 1185 891 268 521 371 643 527 609 961 808 313 607 818 834 278 610 816 1113 362 585 510 1095 345 1051 497
746 659 0 587 913 336 377 714 592 433 797 390 706 351 521 551 358 556 262 677 353 755 285 634 467 357 180 374 497 189 364 472 83 383 653 376 111 180 466 342 422 190
535 449 587 0 428 516 916 888 402 184 971 917 890 446 1077 73 582 1092 797 652 260 271 382 110 641 913 736 345 270 745 581 199 537 563 1153 227 513 438 1001 378 958 424
526 529 913 428 0 843 1136 1012 622 581 1027 1138 1110 753 1331 469 978 1439 1144 470 656 184 778 417 862 1214 1062 566 577 1071 977 531 863 890 1315 616 839 764 1348 599 1304 750
855 769 336 516 843 0 670 824 702 359 907 684 825 142 815 480 308 818 524 787 280 685 212 457 577 651 485 484 288 494 308 527 286 59 946 486 262 290 728 452 684 300
907 883 377 916 1136 670 0 496 706 779 614 68 363 685 255 879 386 449 243 792 699 979 631 979 303 91 257 605 831 208 391 745 423 717 387 722 457 526 359 573 315 536
732 810 714 888 1012 824 496 0 596 885 283 498 205 838 548 852 847 911 705 616 841 951 773 966 354 508 719 578 984 670 853 717 664 871 468 708 640 565 821 546 777 551
399 369 592 402 622 702 706 596 0 398 612 708 680 717 901 365 767 1080 823 283 474 465 596 480 432 784 741 265 560 671 767 231 542 749 899 315 518 443 989 298 946 429
532 446 433 184 581 359 779 885 398 0 968 792 886 365 923 148 425 935 641 648 103 423 225 241 638 759 582 342 190 591 425 196 383 407 1055 224 359 387 845 375 801 397
747 825 920 980 1027 1076 614 283 612 977 0 616 281 1091 428 944 929 992 786 632 1052 1043 1025 1058 539 590 800 830 1139 751 935 809 916 1123 335 893 892 817 902 798 858 803
909 884 390 917 1138 684 68 498 708 792 616 0 365 699 269 881 399 463 257 793 713 980 645 993 305 105 271 607 845 222 405 746 437 731 401 736 471 539 372 575 329 550
873 857 706 890 1110 825 363 205 680 886 281 365 0 840 386 853 715 778 572 757 843 953 775 967 289 376 586 579 986 537 720 719 665 872 293 709 641 566 688 547 644 552
869 783 351 446 753 142 685 838 717 365 922 699 840 0 830 485 323 833 539 802 295 595 227 366 592 666 500 499 198 509 322 533 301 189 961 501 277 304 742 467 699 315
1102 1078 521 1077 1331 815 255 548 901 923 428 269 386 830 0 1041 530 594 387 987 844 1173 776 1124 498 191 402 800 976 352 536 939 568 862 161 866 601 670 503 768 460 681
499 413 551 73 469 480 879 852 365 148 935 881 853 485 1041 0 545 1055 761 615 223 311 345 150 605 877 700 309 310 709 545 163 501 527 1116 191 477 402 965 342 921 388
921 835 358 582 978 308 386 847 767 425 929 399 715 323 530 545 0 533 239 853 346 820 278 626 642 366 207 550 469 366 51 593 351 355 662 551 327 355 443 517 399 366
1248 1326 867 1367 1528 1160 601 682 1113 1268 549 615 507 1175 375 1330 875 0 733 1133 1189 1429 1121 1444 765 536 747 1056 1321 698 881 1195 913 1207 240 1186 947 1016 849 1024 805 1026
977 891 262 797 1144 524 243 705 823 641 786 257 572 539 387 761 239 391 0 909 561 986 493 842 532 223 111 606 685 223 245 704 309 571 519 607 342 411 300 574 256 422
190 268 677 652 470 787 780 616 283 648 632 782 754 802 975 615 853 1165 909 0 723 618 737 729 506 858 826 515 810 756 852 480 628 834 919 565 603 528 1075 509 1031 514
607 521 353 260 656 280 699 841 474 103 924 713 843 295 844 223 346 856 561 723 0 498 146 304 594 680 502 417 252 512 345 271 304 327 975 299 279 307 765 450 722 318
458 371 755 271 184 685 979 951 465 423 1034 980 953 595 1173 311 820 1281 986 618 498 0 620 259 704 1056 904 408 420 913 820 374 705 732 1216 458 681 606 1190 441 1147 592
729 643 285 382 778 212 631 773 596 225 856 645 775 227 776 345 278 788 493 737 146 620 0 426 526 612 434 434 373 444 277 393 236 259 907 421 211 239 697 402 654 250
613 527 634 110 417 457 979 966 480 241 1049 993 967 366 1124 150 626 1136 842 729 304 259 426 0 719 960 783 423 191 792 626 277 584 504 1230 305 560 516 1046 456 1002 502
633 609 467 641 862 577 303 354 432 638 437 305 289 592 498 605 642 739 532 518 594 704 526 719 0 381 547 331 738 460 642 470 417 624 551 461 393 318 648 299 605 304
985 961 357 913 1214 651 91 508 784 759 590 105 376 666 191 877 366 430 223 870 680 1056 612 960 381 0 238 683 812 188 372 799 404 698 323 702 437 506 339 651 296 517
895 808 180 736 1062 485 257 719 741 582 800 271 586 500 402 700 207 405 111 826 502 904 434 783 547 238 0 523 646 199 213 621 227 532 533 525 260 329 315 491 271 339
399 313 374 345 566 484 605 578 265 342 661 607 579 499 800 309 550 900 606 515 417 408 434 423 331 683 523 0 504 533 549 174 325 531 842 258 300 225 810 60 766 212
694 607 497 270 577 288 831 984 560 190 1068 845 986 198 976 310 469 979 685 810 252 420 373 191 738 812 646 504 0 655 468 357 447 335 1107 385 423 450 888 536 845 461
871 818 189 745 1071 494 208 670 671 591 751 222 537 509 352 709 366 430 223 756 512 913 444 792 460 188 199 533 655 0 372 631 236 541 484 534 270 338 339 501 295 349
921 834 364 581 977 308 391 853 767 425 935 405 720 322 536 545 51 539 245 852 345 820 277 626 642 372 213 549 468 372 0 593 351 355 667 551 327 355 449 517 405 365
364 278 472 199 531 527 745 717 231 196 800 746 719 533 939 163 593 998 704 480 271 374 393 277 470 799 621 174 357 631 593 0 423 574 982 112 398 323 908 207 864 309
696 610 83 537 863 286 423 664 542 383 747 437 665 301 568 501 351 603 309 628 304 705 236 584 417 404 227 325 447 236 351 423 0 333 699 326 61 130 513 292 469 141
902 816 383 563 890 59 717 871 749 407 954 731 872 189 862 527 355 865 571 834 327 732 259 504 624 698 532 531 335 541 355 574 333 0 993 533 309 337 775 499 731 347
1035 1113 653 1153 1315 946 387 468 899 1055 335 401 293 961 161 1116 662 725 519 919 975 1216 907 1230 551 323 533 842 1107 484 667 982 699 993 0 972 733 802 635 810 591 812
448 362 376 227 616 486 722 708 315 224 791 736 709 501 866 191 551 902 607 565 299 458 421 305 461 702 525 258 385 534 551 112 326 533 972 0 302 227 811 291 768 213
672 585 111 513 839 262 457 640 518 359 723 471 641 277 601 477 327 637 342 603 279 681 211 560 393 437 260 300 423 270 327 398 61 309 733 302 0 106 546 268 503 116
597 510 180 438 764 290 526 565 443 387 648 539 566 304 670 402 355 705 411 528 307 606 239 516 318 506 329 225 450 338 355 323 130 337 802 227 106 0 615 193 571 41
1335 1413 953 1453 1615 1246 687 768 1200 1355 635 701 593 1261 461 1417 962 122 819 1219 1275 1516 1207 1531 852 623 833 1142 1407 784 968 1282 1000 1294 326 1272 1033 1102 0 1110 891 1112
432 345 342 378 599 452 573 546 298 375 629 575 547 467 768 342 517 868 574 509 450 441 402 456 299 651 491 60 536 501 517 207 292 499 810 291 268 193 777 0 734 179
1379 1458 998 1498 1660 1291 732 813 1244 1400 680 746 638 1306 506 1461 1007 167 864 1264 1320 1561 1252 1575 896 668 878 1187 1452 829 1012 1326 1044 1338 371 1317 1078 1147 77 1155 0 1157
583 497 190 424 750 300 536 551 429 397 634 550 552 315 681 388 366 716 422 514 318 592 250 502 304 517 339 212 461 349 365 309 141 347 812 213 116 41 626 179 582 0
EOF