NAME : tsp_problem
TYPE : TSP
DIMENSION : 40
EDGE_WEIGHT_TYPE : EXPLICIT
EDGE_WEIGHT_FORMAT : FULL_MATRIX
EDGE_WEIGHT_SECTION
0 709 452 403 602 620 751 608 672 930 373 771 325 581 565 801 413 558 612 387 680 656 1020 679 1000 269 718 265 828 223 63 275 368 376 368 472 607 843 375 763
551 0 607 625 295 775 702 237 442 559 528 541 409 736 937 639 353 712 241 542 835 1094 1352 833 634 514 488 614 620 572 587 739 369 356 377 804 761 1174 724 969
452 607 0 409 608 226 357 505 383 828 106 400 332 155 356 407 420 131 510 96 286 719 1227 284 982 275 511 357 434 315 424 482 374 382 258 679 213 593 345 388
276 613 420 0 422 588 719 558 622 880 341 721 275 549 671 769 363 526 562 355 648 825 1188 646 821 164 668 318 796 276 312 444 317 325 336 640 575 949 428 783
360 295 608 434 0 776 888 467 628 578 529 727 463 737 859 824 409 713 472 543 836 903 1160 834 503 352 674 506 806 464 396 620 425 413 524 612 763 1137 616 971
620 775 226 577 776 0 207 673 369 816 275 361 500 355 544 257 588 332 678 264 74 908 1392 72 971 443 498 525 284 483 592 650 542 550 426 847 178 750 546 394
751 702 357 708 888 207 0 601 287 639 405 184 630 486 675 80 576 462 594 395 267 1039 1522 265 794 574 327 656 107 614 723 781 592 579 557 978 308 881 677 509
591 237 505 547 467 673 601 0 341 437 426 440 307 634 836 537 251 611 119 440 734 1019 1382 732 592 413 386 512 519 471 580 638 267 255 275 834 660 1072 622 868
655 442 383 611 628 369 287 341 0 544 386 127 372 512 714 224 316 489 345 400 429 1077 1447 427 699 477 157 577 206 535 644 702 332 319 340 899 355 927 687 571
834 559 828 869 578 816 639 437 544 0 749 558 629 956 1158 576 573 933 333 763 876 1341 1635 874 264 735 421 835 558 793 870 960 590 577 597 1087 872 1395 945 1088
373 528 106 330 529 275 405 426 386 749 0 449 253 235 437 455 341 212 431 41 335 784 1148 333 903 196 432 278 482 236 345 403 295 303 179 600 261 673 388 469
754 541 400 710 727 361 184 440 127 558 449 0 471 529 731 121 415 506 444 438 421 1094 1546 420 713 576 246 676 103 634 743 801 431 419 439 998 372 944 720 588
316 409 332 264 463 500 630 307 372 629 253 471 0 460 582 568 112 437 312 266 560 736 1100 558 784 130 418 230 550 188 297 355 67 75 247 552 486 861 340 694
581 736 155 538 737 355 486 634 512 956 235 529 460 0 237 535 548 105 639 225 415 601 1116 413 1111 404 639 355 562 396 553 529 503 511 387 808 341 474 227 270
565 937 356 660 859 544 675 836 714 1158 437 731 582 237 0 725 670 253 840 426 604 392 1008 602 1257 526 841 389 751 430 537 320 625 633 588 693 385 306 260 236
801 639 407 758 824 257 80 537 224 576 455 121 568 535 725 0 512 512 530 444 317 1089 1572 315 731 624 264 705 43 663 773 831 528 516 536 1027 358 930 726 559
404 353 420 352 409 588 576 251 316 573 341 415 112 548 670 512 0 525 256 354 648 824 1188 646 728 218 361 318 494 276 385 443 91 78 250 640 574 949 428 782
558 712 131 515 713 332 462 611 489 933 212 506 437 105 253 512 525 0 615 201 392 616 1131 390 1088 381 616 370 539 412 530 544 479 487 364 784 318 489 242 285
595 241 510 551 472 678 594 119 345 333 431 444 312 639 840 530 256 615 0 445 738 1023 1387 736 488 417 375 517 512 475 584 642 272 259 280 839 664 1077 627 872
387 542 96 344 543 264 395 440 400 763 41 438 266 225 426 444 354 201 445 0 324 789 1162 322 917 210 445 292 471 250 359 417 309 317 193 614 250 663 402 458
680 835 286 637 836 74 267 734 429 876 335 421 560 415 604 317 648 392 738 324 0 968 1452 57 1031 503 558 585 344 543 652 710 602 610 486 907 238 810 606 454
573 1094 719 814 903 908 1039 1019 1077 1341 784 1094 736 601 392 1089 824 616 1023 789 968 0 714 967 1301 680 1129 676 1116 634 580 423 778 787 779 326 749 670 624 600
990 1339 1018 1231 1148 1175 1305 1379 1352 1622 1098 1369 1153 899 791 1355 1225 914 1383 1088 1235 702 0 1233 1547 1097 1481 1093 1382 1051 997 840 1195 1203 1196 571 1016 997 1024 867
679 833 284 636 834 72 265 732 427 874 333 420 558 413 602 315 646 390 736 322 57 967 1450 0 1029 501 556 583 342 541 651 708 600 608 484 905 236 808 604 452
758 634 982 832 503 971 794 592 699 264 903 713 784 1111 1257 731 728 1088 488 917 1031 1301 1559 1029 0 751 575 905 713 863 795 1018 744 732 752 1011 1027 1536 1015 1243
206 514 275 153 352 443 574 413 477 735 196 576 130 404 526 624 218 381 417 210 503 680 1043 501 751 0 523 173 651 131 241 299 172 180 191 495 430 804 283 638
701 488 511 657 674 498 327 386 157 421 432 246 418 639 841 264 361 616 375 445 558 1129 1493 556 575 523 0 623 245 581 690 748 378 365 385 945 484 1056 733 701
265 614 357 307 506 525 656 512 577 835 278 676 230 355 389 705 318 370 517 292 585 676 1039 583 905 173 623 0 732 78 237 295 272 280 273 491 511 667 146 534
828 620 434 785 806 284 107 519 206 558 482 103 550 562 751 43 494 539 512 471 344 1116 1599 342 713 651 245 732 0 690 800 858 510 498 518 1054 385 957 753 586
223 572 315 265 464 483 614 471 535 793 236 634 188 396 430 663 276 412 475 250 543 634 998 541 863 131 581 78 690 0 195 253 230 238 231 450 470 709 188 576
63 681 424 375 574 592 723 580 644 902 345 743 297 553 537 773 385 530 584 359 652 628 992 651 972 241 690 237 800 195 0 247 340 348 340 444 579 815 347 735
275 739 482 433 631 650 781 638 702 960 403 801 355 529 320 831 443 544 642 417 710 423 852 708 1030 299 748 295 858 253 247 0 397 406 398 464 637 599 405 529
359 369 374 306 425 542 592 267 332 590 295 431 67 503 625 528 91 479 272 309 602 778 1142 600 744 172 378 272 510 230 340 397 0 94 266 594 529 903 382 737
367 356 382 315 413 550 579 255 319 577 303 419 75 511 633 516 78 487 259 317 610 787 1150 608 732 180 365 280 498 238 348 406 94 0 254 602 537 911 390 745
368 377 258 325 524 426 557 275 340 597 179 439 247 387 588 536 250 364 280 193 486 779 1143 484 752 191 385 273 518 231 340 398 266 254 0 595 413 825 383 621
566 804 856 714 612 1024 1154 843 908 1087 777 1007 728 902 693 1105 689 917 848 791 1084 326 584 1082 1011 632 954 668 1086 626 573 464 705 693 771 0 1010 972 778 902
607 761 213 564 763 178 308 660 355 872 261 372 486 341 385 358 574 318 664 250 238 749 1233 236 1027 430 484 511 385 470 579 637 529 537 413 833 0 591 532 235
855 1376 982 1096 1185 1172 1302 1301 1340 1623 1063 1357 1018 864 655 1352 1106 879 1305 1053 1232 306 996 1230 1583 961 1411 958 1379 916 862 705 1060 1068 1061 608 1013 0 887 864
375 724 345 417 616 546 677 622 687 945 388 720 340 227 260 726 428 242 627 402 606 624 1149 604 1015 283 733 146 753 188 347 405 382 390 383 601 532 539 0 406
763 969 388 772 971 394 509 868 571 1088 469 588 694 270 236 559 782 285 872 458 454 600 1084 452 1243 638 701 534 586 576 735 529 737 745 621 902 235 442 406 0
EOF