NAME : tsp_problem
TYPE : TSP
DIMENSION : 62
EDGE_WEIGHT_TYPE : EXPLICIT
EDGE_WEIGHT_FORMAT : FULL_MATRIX
EDGE_WEIGHT_SECTION
0 340 125 137 825 349 583 877 336 823 673 412 287 191 473 809 848 834 619 786 739 126 976 461 838 591 918 848 530 658 712 1038 905 623 1557 330 851 348 910 707 675 750 980 566 211 588 725 301 419 936 723 560 137 453 715 706 613 828 457 871 366 191
340 0 238 312 607 584 818 659 94 605 432 308 429 394 639 556 630 581 854 568 521 301 758 247 620 391 700 595 721 417 494 820 653 790 1335 50 632 482 691 489 457 532 728 733 161 397 722 476 178 675 705 360 372 360 454 488 352 566 356 653 350 166
125 238 0 97 746 380 613 798 234 745 571 372 247 256 433 707 769 732 649 707 660 86 897 386 759 531 839 746 514 557 634 959 803 583 1478 266 772 308 831 629 597 671 878 526 110 557 685 261 317 835 683 500 202 413 613 627 511 726 417 792 326 89
137 312 97 0 715 310 543 767 308 713 645 303 177 269 363 781 738 806 579 676 629 45 866 351 728 481 808 820 444 631 603 928 877 513 1447 340 741 238 800 597 565 640 952 456 184 631 615 191 391 909 613 450 214 343 687 596 585 800 347 761 256 163
996 916 956 886 0 1023 982 561 841 507 789 786 827 1071 844 702 403 671 1023 539 669 899 395 725 458 616 458 651 926 839 448 238 599 691 757 944 449 719 251 638 606 416 632 797 979 1066 593 720 813 1025 576 594 1043 711 798 637 897 916 706 555 829 983
349 584 380 310 852 0 257 904 590 850 885 501 376 249 196 1045 875 1086 293 813 766 322 1003 550 865 618 945 1100 205 911 740 1065 1085 510 1584 555 878 375 937 734 702 777 1204 453 466 813 611 375 672 1191 654 587 222 480 970 733 868 1082 485 898 454 446
583 818 613 543 972 257 0 1024 824 970 1005 727 602 483 316 1165 994 1224 65 933 885 555 1123 747 984 738 1064 1238 324 1074 859 1033 1205 535 1552 788 997 495 1056 854 822 896 1323 572 699 1046 419 495 834 1375 481 707 455 600 1153 853 1101 1266 604 1018 680 679
877 659 798 767 383 904 1024 0 584 100 420 529 650 951 725 163 406 222 1060 136 412 779 268 468 119 368 199 236 806 320 270 501 293 796 914 687 131 575 336 380 348 308 368 818 721 547 699 600 555 506 682 337 924 453 279 379 379 397 449 35 571 726
336 94 234 308 532 590 824 584 0 530 357 233 354 466 564 493 555 518 860 493 446 296 683 172 545 316 625 532 646 342 419 745 589 715 1264 122 558 407 616 414 382 457 664 658 157 413 647 440 103 644 630 285 412 285 422 413 367 535 281 578 275 161
823 605 745 713 329 850 970 100 530 0 477 475 596 898 671 242 352 301 1006 83 358 725 214 414 65 314 145 315 752 399 216 447 285 742 860 633 77 521 282 326 294 254 404 765 667 626 645 546 501 585 628 283 870 399 358 325 458 476 395 94 517 672
673 432 571 645 479 885 1005 420 357 477 0 458 579 803 706 270 502 295 1041 440 155 634 630 397 492 349 507 309 788 120 367 692 367 777 1183 460 505 556 564 171 212 404 442 800 494 441 680 582 289 463 663 318 750 434 236 187 272 354 430 416 500 499
412 308 372 303 477 501 727 529 233 475 458 0 155 487 428 594 499 619 763 438 390 315 628 82 490 261 569 633 510 443 364 690 690 579 1208 336 502 303 561 359 327 401 765 522 370 626 592 257 204 745 575 230 459 230 523 358 482 636 226 523 76 375
287 429 247 177 598 376 602 650 354 596 579 155 0 362 303 715 621 740 638 559 512 190 749 203 611 383 691 754 385 565 486 811 812 454 1330 457 624 178 683 480 449 523 887 397 334 748 555 132 325 866 554 352 334 283 645 479 604 757 288 644 108 313
191 394 256 269 899 249 483 951 466 898 803 487 362 0 422 928 922 953 519 861 813 257 1050 535 912 666 992 967 430 789 787 1112 1024 697 1631 365 925 422 984 782 750 824 1099 641 343 596 799 375 549 1047 798 635 64 527 825 781 723 938 532 946 440 322
473 639 433 363 673 196 316 725 564 671 706 428 303 422 0 866 695 925 352 634 586 375 824 448 686 439 765 939 98 775 560 886 906 330 1404 667 698 196 757 555 523 598 1024 273 519 958 432 196 535 1076 475 408 395 301 855 554 814 967 305 719 381 498
809 556 707 781 524 1045 1165 163 493 242 270 594 715 928 866 0 547 72 1201 278 403 770 409 533 260 509 283 86 947 171 412 619 143 937 1033 584 273 716 477 419 460 449 218 960 630 398 840 741 425 356 823 478 886 594 129 436 229 247 590 158 636 635
980 900 940 870 364 1007 966 545 825 491 773 770 811 1055 828 686 0 655 1007 523 653 883 378 709 442 600 442 635 909 823 432 222 583 675 741 928 433 703 235 622 590 400 616 781 963 1050 577 704 797 1009 560 578 1027 695 782 620 881 900 690 539 813 967
834 581 732 806 498 1086 1224 222 518 301 295 619 740 953 925 72 521 0 1260 337 428 794 379 558 309 568 239 74 1007 196 471 575 99 997 989 609 300 776 446 444 485 508 174 1019 655 423 899 801 450 381 882 537 911 654 154 461 254 272 649 218 661 660
619 854 649 579 1008 293 65 1060 860 1006 1041 763 638 519 352 1201 1031 1260 0 969 922 592 1159 784 1021 774 1101 1274 360 1110 895 1074 1241 576 1593 825 1034 531 1093 890 858 933 1360 609 736 1082 459 531 871 1411 522 743 492 636 1190 889 1137 1302 640 1054 717 715
786 568 707 676 292 813 933 136 493 83 440 438 559 861 634 278 315 337 969 0 321 688 247 377 97 277 177 351 715 436 179 479 318 705 893 596 110 484 314 289 257 217 436 728 630 662 608 509 464 621 591 246 833 362 394 288 494 512 358 130 480 635
739 521 660 629 360 766 885 412 446 358 155 390 512 813 586 403 382 428 922 321 0 641 511 330 373 230 452 442 668 252 247 573 499 658 1091 549 385 437 444 51 92 285 574 680 583 574 561 462 417 596 544 199 786 315 369 68 405 487 311 406 433 588
126 301 86 45 727 322 555 779 296 725 634 315 190 257 375 770 750 794 592 688 641 0 878 363 740 494 820 808 456 619 615 940 866 525 1459 329 753 250 812 610 578 652 941 469 172 619 627 203 380 897 625 463 203 355 676 608 574 788 360 773 268 152
976 758 897 866 221 1003 1123 268 683 214 630 628 749 1050 824 409 244 379 1159 247 511 878 0 567 165 467 165 359 905 546 289 266 306 887 680 786 156 674 170 479 447 258 383 917 820 773 789 699 654 732 772 436 1023 552 505 478 605 623 548 262 670 825
461 247 386 351 416 550 747 468 172 414 397 82 203 535 448 533 439 558 784 377 330 363 567 0 429 200 509 572 530 382 303 629 629 599 1148 275 441 291 500 298 266 341 704 542 309 566 531 305 143 684 514 169 508 169 462 297 422 575 165 462 124 314
838 620 759 728 285 865 984 119 545 65 492 490 611 912 686 260 307 309 1021 97 373 740 165 429 0 329 96 289 767 418 231 398 236 757 812 648 65 536 233 341 309 269 355 779 682 645 660 561 516 603 643 298 885 414 376 340 476 494 410 113 532 687
591 391 531 481 316 618 738 368 316 314 349 261 383 666 439 509 339 568 774 277 230 494 467 200 329 0 409 582 521 447 203 529 549 457 1048 419 341 308 400 198 166 241 668 533 454 710 360 315 287 790 343 51 638 186 563 197 566 681 181 362 304 458
918 700 839 808 285 945 1064 199 625 145 507 569 691 992 765 283 308 239 1101 177 452 820 165 509 96 409 0 219 847 407 311 398 166 837 812 728 87 616 233 421 389 321 285 859 762 634 740 641 596 593 722 377 965 494 366 420 465 484 489 193 612 767
848 595 746 820 478 1100 1238 236 532 315 309 633 754 967 939 86 501 74 1274 351 442 808 359 572 289 582 219 0 1021 210 485 555 79 1011 968 623 280 790 426 458 499 515 154 1033 669 436 913 815 464 395 896 551 925 668 168 475 268 286 663 232 675 674
530 721 514 444 754 205 324 806 646 752 788 510 385 430 98 947 777 1007 360 715 668 456 905 530 767 521 847 1021 0 856 642 967 987 412 1486 736 780 277 839 636 604 679 1106 355 600 994 513 277 617 1158 556 490 403 382 936 635 895 1049 387 800 463 580
658 417 557 631 577 911 1074 320 342 399 120 443 565 789 775 171 600 196 1110 436 252 619 546 382 418 447 407 210 856 0 464 742 267 875 1084 445 430 618 614 268 309 502 342 868 479 405 778 650 274 363 761 416 735 496 136 285 236 254 491 316 486 484
712 494 634 603 138 740 859 270 419 216 367 364 486 787 560 412 161 471 895 179 247 615 289 303 231 203 311 485 642 464 0 351 451 632 870 522 244 411 223 216 184 143 570 654 557 786 534 436 391 755 517 172 759 289 528 214 617 646 284 264 407 561
1047 990 1007 937 454 1074 1033 501 916 447 842 860 878 1121 895 619 477 575 1074 479 743 949 266 799 398 666 398 555 976 742 522 0 538 741 558 1018 389 770 331 712 680 490 433 847 1053 969 644 770 887 928 627 668 1094 785 701 711 801 819 780 495 903 1058
905 653 803 877 425 1085 1205 293 589 285 367 690 812 1024 906 143 448 99 1241 318 499 866 306 629 236 549 166 79 987 267 451 538 0 977 952 681 227 756 374 515 529 462 145 1000 726 494 880 781 521 453 863 518 982 634 225 532 325 344 630 289 732 731
623 790 583 513 732 510 535 784 715 730 777 579 454 697 330 926 755 985 576 693 658 525 883 599 745 457 825 999 412 875 620 741 965 0 1260 818 758 346 784 626 594 657 1084 151 669 1109 146 346 686 1219 189 479 670 451 991 625 964 1110 456 778 532 649
1380 1118 1278 1352 855 1581 1539 902 1087 848 967 1188 1309 1490 1401 860 878 885 1580 881 1099 1340 667 1127 799 1101 799 899 1483 867 923 546 940 1248 0 1146 791 1277 804 1113 1081 892 834 1354 1201 959 1151 1277 1019 979 1134 1070 1456 1186 757 1112 791 870 1182 896 1230 1205
330 50 266 340 635 555 788 687 122 633 460 336 457 365 667 584 658 609 825 596 549 329 786 275 648 419 728 623 736 445 522 848 681 818 1363 0 660 510 719 517 485 560 756 761 189 425 750 504 206 703 733 388 343 388 482 516 380 594 384 681 378 194
851 632 772 741 276 878 997 131 558 77 505 502 624 925 698 273 299 300 1034 110 385 753 156 441 65 341 87 280 780 430 244 389 227 770 803 660 0 549 224 354 322 281 346 792 695 657 672 574 529 616 655 310 898 427 389 353 489 507 422 125 545 699
348 482 308 238 523 375 495 575 407 521 556 303 178 422 196 716 546 776 531 484 437 250 674 291 536 308 616 790 277 618 411 736 756 346 1255 510 549 0 608 405 373 448 875 289 394 801 448 71 378 919 446 277 395 144 698 404 657 810 148 569 257 374
910 691 831 800 155 937 1056 336 616 282 564 561 683 984 757 477 178 446 1093 314 444 812 170 500 233 400 233 426 839 614 223 331 374 784 816 719 224 608 0 413 381 191 492 851 754 841 686 633 588 800 669 369 957 486 573 412 672 691 481 330 604 758
707 489 629 597 328 734 854 380 414 326 171 359 480 782 555 419 351 444 890 289 51 610 479 298 341 198 421 458 636 268 216 541 515 626 1060 517 354 405 413 0 63 253 590 649 551 590 529 430 385 612 512 167 754 283 385 80 421 503 279 374 401 556
675 457 597 565 296 702 822 348 382 294 212 327 449 750 523 460 319 485 858 257 92 578 447 266 309 166 389 499 604 309 184 509 529 594 1028 485 322 373 381 63 0 221 631 617 519 631 497 399 353 653 480 135 722 251 426 62 462 544 247 342 369 524
750 532 671 640 107 777 896 308 457 254 404 401 523 824 598 449 130 508 933 217 285 652 258 341 269 241 321 515 679 502 143 320 462 669 839 560 281 448 191 253 221 0 581 691 594 823 572 473 428 792 555 210 797 326 565 252 655 683 322 302 444 599
980 728 878 952 544 1204 1323 368 664 404 442 765 887 1099 1024 218 567 174 1360 436 574 941 383 704 355 668 285 154 1106 342 570 433 145 1096 847 756 346 875 492 590 631 581 0 1118 801 569 999 900 596 528 981 637 1057 753 301 607 400 419 749 364 808 806
566 733 526 456 766 453 572 818 658 765 800 522 397 641 273 960 789 1019 609 728 680 469 917 542 779 533 859 1033 355 868 654 847 1000 151 1366 761 792 289 851 649 617 691 1118 0 613 1052 252 289 629 1170 295 502 613 394 948 648 908 1061 399 812 475 592
211 161 110 184 669 466 699 721 157 667 494 370 334 343 519 630 692 655 736 630 583 172 820 309 682 454 762 669 600 479 557 882 726 669 1401 189 695 394 754 551 519 594 801 613 0 480 771 347 240 758 767 423 288 423 536 550 434 649 418 715 412 94
588 397 557 631 893 813 1046 547 413 626 441 626 748 596 958 398 916 423 1082 662 574 619 773 566 645 710 634 436 994 405 786 969 494 1109 1176 425 657 801 841 590 631 823 569 1052 480 0 1041 795 483 516 1024 679 600 679 295 607 193 407 675 543 669 485
725 722 685 615 635 611 419 687 647 633 680 592 555 799 432 828 658 887 459 596 561 627 786 531 648 360 728 901 513 778 522 644 868 146 1163 750 661 448 686 529 497 560 987 252 771 1041 0 448 619 1121 92 382 772 517 894 528 897 1012 512 681 633 751
301 476 261 191 548 375 495 600 440 546 582 257 132 375 196 741 571 801 531 509 462 203 699 305 561 315 641 815 277 650 436 761 781 346 1280 504 574 71 633 430 399 473 900 289 347 795 448 0 411 952 446 284 348 176 730 429 690 843 181 594 210 327
419 178 317 391 503 672 834 555 103 501 289 204 325 549 535 425 526 450 871 464 417 380 654 143 516 287 596 464 617 274 391 716 521 686 1235 206 529 378 588 385 353 428 596 629 240 483 619 411 0 576 601 256 496 256 354 384 314 467 252 549 246 245
1385 1133 1284 1358 738 1520 1594 773 1069 731 847 1144 1266 1505 1340 624 761 579 1634 763 980 1346 550 1084 682 983 682 559 1422 747 806 600 550 1302 1014 1161 673 1191 686 995 964 775 438 1408 1207 974 1205 1216 1002 0 1188 952 1462 1069 706 995 805 824 1064 769 1187 1211
723 705 683 613 618 654 481 670 630 616 663 575 554 798 475 811 641 870 522 579 544 625 769 514 631 343 711 884 556 761 505 627 851 189 1146 733 643 446 669 512 480 543 970 295 767 1024 92 446 601 1104 0 365 770 499 877 511 880 995 495 664 617 749
560 360 500 450 285 587 707 337 285 283 318 230 352 635 408 478 307 537 743 246 199 463 436 169 298 51 377 551 490 416 172 498 518 479 1016 388 310 277 369 167 135 210 637 502 423 679 382 284 256 759 365 0 607 154 532 166 535 650 150 331 273 427
137 372 202 214 872 222 455 924 412 870 750 459 334 64 395 886 895 911 492 833 786 203 1023 508 885 638 965 925 403 735 759 1085 982 670 1604 343 898 395 957 754 722 797 1057 613 288 600 772 348 496 1013 770 607 0 500 792 753 690 904 504 918 413 268
453 360 413 343 401 480 600 453 285 399 434 230 283 527 301 594 424 654 636 362 315 355 552 169 414 186 494 668 382 496 289 614 634 451 1133 388 427 144 486 283 251 326 753 394 423 679 517 176 256 797 499 154 500 0 576 282 535 688 26 447 273 427
715 454 613 687 624 970 1153 279 422 358 236 523 645 825 855 129 647 154 1190 394 369 676 505 462 376 563 366 168 936 136 528 701 225 991 974 482 389 698 573 385 426 565 301 948 536 295 894 730 354 254 877 532 792 576 0 401 126 145 571 275 566 541
706 488 627 596 327 733 853 379 413 325 187 358 479 781 554 436 350 461 889 288 68 608 478 297 340 197 420 475 635 285 214 540 532 625 1059 516 353 404 412 80 62 252 607 648 550 607 528 429 384 628 511 166 753 282 401 0 438 519 278 373 400 555
613 352 511 585 724 868 1101 379 367 458 272 482 604 723 814 229 747 254 1137 494 405 574 605 422 476 566 465 268 895 236 617 801 325 964 1008 380 489 657 672 421 462 655 400 908 434 193 897 690 314 348 880 535 690 535 126 438 0 239 531 374 525 439
1500 1247 1398 1472 852 1634 1708 888 1184 845 961 1259 1380 1619 1455 738 875 694 1749 878 1094 1460 665 1198 796 1098 797 674 1536 862 920 715 665 1417 1128 1275 788 1305 801 1110 1078 889 552 1522 1321 1089 1319 1330 1116 144 1302 1067 1577 1183 820 1109 920 0 1179 884 1301 1326
457 356 417 347 397 485 604 449 281 395 430 226 288 532 305 590 419 649 640 358 311 360 548 165 410 181 489 663 387 491 284 610 630 456 1128 384 422 148 481 279 247 322 749 399 418 675 512 181 252 793 495 150 504 26 571 278 531 684 0 443 268 423
871 653 792 761 377 898 1018 35 578 94 416 523 644 946 719 158 400 218 1054 130 406 773 262 462 113 362 193 232 800 316 264 495 289 790 908 681 125 569 330 374 342 302 364 812 715 543 693 594 549 502 676 331 918 447 275 373 374 393 443 0 565 720
366 350 326 256 519 454 680 571 275 517 500 76 108 440 381 636 542 661 717 480 433 268 670 124 532 304 612 675 463 486 407 732 732 532 1251 378 545 257 604 401 369 444 808 475 412 669 633 210 246 787 617 273 413 273 566 400 525 678 268 565 0 391
191 166 89 163 674 446 679 726 161 672 499 375 313 322 498 635 697 660 715 635 588 152 825 314 687 458 767 674 580 484 561 887 731 649 1406 194 699 374 758 556 524 599 806 592 94 485 751 327 245 762 749 427 268 427 541 555 439 653 423 720 391 0
EOF