NAME : tsp_problem
TYPE : TSP
DIMENSION : 42
EDGE_WEIGHT_TYPE : EXPLICIT
EDGE_WEIGHT_FORMAT : FULL_MATRIX
EDGE_WEIGHT_SECTION
0 493 271 270 748 393 957 381 294 237 555 702 136 551 537 554 556 513 257 258 483 358 209 742 784 242 583 319 392 620 787 732 571 356 575 357 712 505 725 345 310 549
493 0 518 404 591 277 1066 220 360 371 580 435 471 259 562 287 682 246 699 592 484 305 581 475 729 357 316 337 797 645 541 652 304 357 600 374 469 631 567 445 444 282
271 518 0 512 625 269 1198 455 236 479 796 824 378 428 779 774 388 722 206 285 725 234 88 917 1026 483 803 212 341 862 1017 974 780 188 817 598 954 337 601 99 552 769
270 404 512 0 926 571 793 378 535 130 306 613 248 632 289 466 785 424 486 370 235 598 449 653 536 239 494 559 621 372 538 484 482 596 326 268 464 734 903 585 62 460
775 901 607 1004 0 652 1581 838 619 971 1288 1208 781 811 1271 1158 243 1105 548 656 1217 617 662 1300 1518 975 1186 595 461 1354 1400 1466 1163 571 1309 1091 1339 293 46 534 1044 1153
393 277 269 571 383 0 1257 214 111 538 826 583 499 186 809 534 433 480 450 529 730 57 332 675 975 351 562 88 549 891 775 899 538 109 846 621 715 383 359 196 611 529
945 1066 1186 793 1613 1257 0 1064 1209 748 582 928 923 1237 526 933 1362 976 1160 1044 672 1273 1124 922 431 925 855 1234 1190 649 753 513 965 1271 520 719 725 1311 1589 1260 754 880
381 220 455 378 570 214 1064 0 297 345 662 625 359 310 645 477 619 435 597 481 591 242 518 665 892 159 506 274 732 728 731 840 493 294 683 465 658 568 546 382 418 472
294 360 236 535 467 111 1221 297 0 501 819 667 401 270 802 617 400 564 373 451 748 76 299 759 1049 434 645 38 508 885 859 982 622 75 839 621 798 349 443 163 575 612
237 371 479 130 893 538 748 345 501 0 415 580 215 599 398 432 752 391 453 337 344 565 416 620 644 206 461 526 588 480 647 593 449 563 435 235 572 701 869 552 171 427
555 580 796 306 1140 826 582 662 819 415 0 725 533 808 78 565 1069 599 770 654 185 854 734 765 325 523 487 844 905 182 488 407 657 881 116 233 414 1018 1116 870 267 512
702 435 824 613 865 583 928 625 667 580 725 0 680 426 708 314 989 214 918 802 566 612 881 116 520 671 342 643 1053 790 264 444 195 664 745 584 331 938 842 751 654 309
136 471 378 248 855 499 935 359 401 215 533 680 0 647 516 532 562 491 263 147 462 464 315 720 762 220 561 426 398 598 765 711 549 463 553 335 691 511 831 452 289 527
551 259 428 632 469 186 1237 310 270 599 808 426 647 0 791 385 592 324 609 688 710 215 491 519 829 447 414 247 707 873 619 752 382 267 828 603 566 541 445 355 673 380
537 562 779 289 1122 809 526 645 802 398 78 708 516 791 0 548 1052 582 753 637 168 837 716 748 268 506 470 827 888 164 471 350 640 864 59 215 397 1001 1099 853 250 495
554 287 774 466 824 534 933 477 617 432 565 314 532 385 548 0 939 124 770 654 407 562 733 354 526 523 122 594 905 631 337 449 182 614 586 436 263 888 801 701 506 88
556 682 388 785 789 433 1362 619 400 752 1069 989 562 592 1052 939 0 886 329 437 998 398 443 1081 1299 756 967 376 242 1135 1181 1247 944 352 1090 872 1120 74 765 315 825 934
513 246 722 424 763 480 976 435 564 391 599 214 491 324 582 124 886 0 728 612 449 509 692 254 568 481 153 541 863 665 319 492 82 561 620 394 306 835 739 649 464 119
257 699 206 486 806 450 1164 597 373 453 770 918 263 609 753 770 329 728 0 138 699 415 144 958 1000 458 799 393 165 836 1002 948 786 369 791 573 928 278 782 280 526 765
258 592 285 370 885 529 1048 481 451 337 654 802 147 688 637 654 437 612 138 0 583 494 223 842 884 341 683 472 273 720 886 832 670 448 675 457 812 386 861 359 410 649
483 484 725 235 1044 730 672 591 748 344 185 566 462 710 168 407 998 449 699 583 0 758 662 606 352 452 328 773 834 251 330 276 507 810 206 161 256 947 1020 799 196 353
358 305 234 598 412 57 1284 242 76 565 854 612 464 215 837 562 398 509 415 494 758 0 297 705 1003 379 591 53 514 919 804 927 567 74 874 649 743 348 389 161 638 557
209 581 88 449 688 332 1136 518 299 416 734 881 315 491 716 733 443 692 144 223 662 297 0 921 963 421 762 276 279 799 966 911 750 251 754 536 891 392 664 162 489 728
742 475 917 653 958 675 922 665 759 620 765 116 720 519 748 354 1081 254 958 842 606 705 921 0 514 711 383 736 1093 831 304 438 235 757 753 624 371 1031 935 844 694 349
784 729 1026 536 1268 975 431 892 1049 644 325 520 762 829 268 526 1299 568 1000 884 352 1003 963 514 0 753 447 1035 1135 411 345 106 557 1055 262 462 317 1248 1244 1099 497 472
242 357 483 239 707 351 925 159 434 206 523 671 220 447 506 523 756 481 458 341 452 379 421 711 753 0 551 411 593 589 755 701 539 431 543 325 681 705 683 519 279 518
583 316 803 494 853 562 855 506 645 461 487 342 561 414 470 122 967 153 799 683 328 591 762 383 447 551 0 622 934 553 259 371 211 642 507 463 185 917 829 730 498 117
319 337 212 559 444 88 1246 274 38 526 844 643 426 247 827 594 376 541 393 472 773 53 276 736 1035 411 622 0 492 909 836 958 599 52 864 646 775 326 420 139 600 588
392 797 341 621 904 549 1190 732 508 588 905 1053 398 707 888 905 242 863 165 273 834 514 279 1093 1135 593 934 492 0 971 1137 1083 921 467 926 708 1063 191 881 415 661 900
620 645 862 372 1205 891 649 728 885 480 182 790 598 873 164 631 1135 665 836 720 251 919 799 831 411 589 553 909 971 0 554 493 723 946 202 298 480 1084 1182 935 333 578
787 541 1017 538 1058 775 753 731 859 647 488 264 765 619 471 337 1181 319 1002 886 330 804 966 304 345 755 259 836 1137 554 0 269 301 856 509 465 94 1130 1034 944 499 284
732 652 974 484 1191 899 513 840 982 593 407 444 711 752 350 449 1247 492 948 832 276 927 911 438 106 701 371 958 1083 493 269 0 480 979 345 411 241 1196 1168 1048 445 396
571 304 780 482 821 538 965 493 622 449 657 195 549 382 640 182 944 82 786 670 507 567 750 235 557 539 211 599 921 723 301 480 0 619 678 452 364 893 797 707 522 177
356 357 188 596 464 109 1283 294 75 563 881 664 463 267 864 614 352 561 369 448 810 74 251 757 1055 431 642 52 467 946 856 979 619 0 901 683 795 301 440 115 637 609
575 600 817 326 1160 846 520 683 839 435 116 745 553 828 59 586 1090 620 791 675 206 874 754 753 262 543 507 864 926 202 509 345 678 901 0 253 435 1039 1136 890 288 532
357 374 598 268 934 621 719 465 621 235 233 584 335 603 215 436 872 394 573 457 161 649 536 624 462 325 463 646 708 298 465 411 452 683 253 0 390 821 911 672 243 431
712 469 954 464 1005 715 725 658 798 572 414 331 691 566 397 263 1120 306 928 812 256 743 891 371 317 681 185 775 1063 480 94 241 364 795 435 390 0 1069 982 883 425 210
505 631 337 734 738 383 1311 568 349 701 1018 938 511 541 1001 888 74 835 278 386 947 348 392 1031 1248 705 917 326 191 1084 1130 1196 893 301 1039 821 1069 0 715 264 774 883
751 877 583 980 46 629 1557 815 595 947 1265 1184 758 787 1248 1134 219 1081 524 632 1194 594 638 1277 1494 952 1163 572 437 1330 1376 1443 1139 547 1285 1067 1315 270 0 510 1020 1129
345 445 99 585 552 196 1272 382 163 552 870 751 452 355 853 701 315 649 280 359 799 161 162 844 1099 519 730 139 415 935 944 1048 707 115 890 672 883 264 528 0 626 696
310 444 552 62 966 611 754 418 575 171 267 654 289 673 250 506 825 464 526 410 196 638 489 694 497 279 498 600 661 333 499 445 522 637 288 243 425 774 943 626 0 501
549 282 769 460 819 529 880 472 612 427 512 309 527 380 495 88 934 119 765 649 353 557 728 349 472 518 117 588 900 578 284 396 177 609 532 431 210 883 796 696 501 0
EOF