NAME : tsp_problem
TYPE : TSP
DIMENSION : 48
EDGE_WEIGHT_TYPE : EXPLICIT
EDGE_WEIGHT_FORMAT : FULL_MATRIX
EDGE_WEIGHT_SECTION
0 1181 939 543 172 1039 327 323 201 700 290 1185 1235 328 926 962 743 735 351 420 1210 443 594 532 596 392 884 230 952 522 851 681 819 327 361 661 337 922 835 147 726 523 1004 657 753 202 265 1252
1181 0 475 799 1115 385 1390 906 1354 545 1071 42 92 1067 271 438 742 476 863 1204 131 892 617 790 1174 945 400 1132 442 804 687 697 719 908 860 718 999 516 608 1161 657 1420 540 780 624 1141 1310 108
939 475 0 557 873 505 1148 664 1111 303 829 479 530 848 220 396 783 233 621 962 504 650 374 547 1116 702 178 890 387 561 808 573 807 665 618 483 756 187 649 919 414 1177 90 674 381 898 1067 546
543 799 557 0 477 689 752 268 692 318 433 803 854 470 544 580 646 353 225 566 828 129 212 346 738 182 502 435 570 360 701 486 669 269 222 280 236 540 651 427 374 728 622 472 402 407 671 870
172 1115 873 477 0 980 437 257 311 634 368 1119 1170 269 860 896 684 669 285 501 1144 384 528 472 537 332 818 171 886 463 792 622 760 261 295 596 277 856 776 88 667 464 938 597 694 143 375 1186
1039 385 505 689 980 0 1280 796 1179 435 961 389 439 748 339 152 388 365 753 1093 413 782 506 543 820 834 450 862 156 557 333 378 365 797 750 695 786 672 254 914 378 1150 570 425 345 874 1199 455
327 1390 1148 752 437 1280 0 543 154 909 349 1394 1403 593 1135 1171 1008 944 571 259 1419 708 803 797 862 657 1093 495 1161 787 1116 946 1084 547 581 870 602 1021 1101 413 965 788 1187 922 993 467 105 1419
323 906 664 268 257 796 543 0 496 425 224 911 961 500 652 687 753 460 76 357 935 361 319 453 769 413 609 402 677 467 808 593 776 56 86 387 468 647 758 320 481 695 729 580 509 375 463 977
201 1354 1111 692 311 1179 154 496 0 873 337 1358 1391 468 1099 1101 883 908 524 248 1383 583 767 671 736 531 1057 370 1092 662 991 821 959 499 534 834 476 1009 975 287 866 663 1175 796 893 342 93 1407
700 545 303 318 634 435 909 425 873 0 590 550 600 718 291 326 713 99 382 723 574 411 284 418 987 464 248 717 316 432 737 503 736 427 379 333 518 451 579 697 344 1010 368 544 311 689 829 616
290 1071 829 433 368 961 349 224 337 590 0 1075 1126 590 816 852 918 625 252 163 1100 526 484 618 859 578 774 492 842 632 973 758 941 228 262 552 599 804 923 410 646 785 894 744 674 465 269 1142
1185 42 479 803 1119 389 1394 911 1358 550 1075 0 72 1071 275 442 747 480 867 1203 136 896 621 794 1179 949 404 1137 446 808 691 702 723 912 864 698 1003 497 612 1165 661 1424 545 784 628 1145 1314 88
1235 92 530 854 1170 439 1403 961 1391 600 1126 72 0 1122 325 493 797 530 918 1209 186 947 671 844 1229 999 454 1187 496 858 741 752 774 962 914 704 1053 503 662 1215 711 1474 595 834 678 1195 1323 38
328 1067 848 470 269 748 560 500 468 718 590 1071 1122 0 835 672 443 707 528 687 1096 361 495 336 296 309 793 142 662 326 550 390 519 504 538 680 254 940 535 203 530 429 913 356 557 154 532 1138
926 271 220 544 860 339 1135 652 1099 291 816 275 325 835 0 384 697 221 608 949 300 637 362 535 1104 690 145 878 374 549 641 561 673 653 605 551 744 387 562 906 402 1165 286 662 369 886 1055 341
962 438 396 580 896 152 1171 687 1101 326 852 442 493 672 384 0 510 256 644 985 467 673 397 465 862 725 342 787 112 479 455 302 487 688 641 586 708 563 376 837 269 1074 462 411 236 799 1090 509
743 742 783 646 684 388 976 753 883 713 918 747 797 443 697 510 0 643 710 1051 771 694 495 345 455 642 728 557 502 359 130 302 99 754 707 679 587 940 164 618 529 845 848 196 557 569 947 813
735 476 233 353 669 365 944 460 908 99 625 480 530 707 221 256 643 0 417 758 504 446 234 407 976 499 178 750 246 421 667 433 666 462 414 360 553 400 509 732 274 1037 298 534 241 724 864 546
351 863 621 225 285 753 571 76 524 382 252 867 918 528 608 644 710 417 0 385 892 318 276 410 796 370 566 430 634 424 765 550 733 77 43 344 424 604 715 347 438 723 686 536 466 402 491 934
420 1204 962 566 501 1093 259 357 248 723 163 1203 1209 687 949 985 1051 758 385 0 1233 659 617 751 955 711 907 588 975 765 1105 891 1074 361 395 684 695 827 1056 506 779 881 993 877 807 561 179 1225
1210 131 504 828 1144 413 1419 935 1383 574 1100 136 186 1096 300 467 771 504 892 1233 0 921 645 819 1203 974 428 1161 470 833 716 726 748 937 889 812 1028 610 637 1190 685 1449 569 808 652 1170 1339 202
443 892 650 129 384 782 708 361 583 411 526 896 947 361 637 673 694 446 318 659 921 0 305 385 629 121 595 326 663 375 749 534 717 362 315 373 130 633 700 318 467 618 715 521 495 298 647 963
594 617 374 212 528 506 803 319 767 284 484 621 671 495 362 397 495 234 276 617 645 305 0 195 764 357 319 538 387 209 550 335 518 320 273 245 411 506 500 566 223 825 439 322 251 546 722 687
532 790 547 346 472 543 796 453 671 418 618 794 844 336 535 465 345 407 410 751 819 385 195 0 604 333 492 378 455 59 399 185 368 454 407 379 278 640 350 406 229 665 612 171 257 386 735 860
596 1174 1116 738 537 820 829 769 736 987 859 1179 1229 296 1104 862 455 976 796 955 1203 629 764 604 0 577 1061 410 852 595 562 579 531 772 806 948 522 1209 596 471 798 698 1181 545 826 422 800 1245
392 945 702 182 332 834 657 413 531 464 578 949 999 309 690 725 642 499 370 711 974 121 357 333 577 0 647 274 715 324 697 483 666 415 367 425 78 686 648 266 520 567 767 469 547 246 595 1015
884 400 178 502 818 450 1093 609 1057 248 774 404 454 793 145 342 728 178 566 907 428 595 319 492 1061 647 0 835 332 506 753 518 752 610 563 509 701 344 594 864 359 1122 243 619 326 844 1012 470
230 1132 890 435 171 862 468 402 370 717 492 1137 1187 142 878 787 557 750 430 588 1161 326 538 378 410 274 835 0 777 368 665 504 633 406 440 678 219 939 649 105 572 337 955 471 599 56 434 1203
952 442 387 570 886 156 1161 677 1092 316 842 446 496 662 374 112 502 246 634 975 470 663 387 455 852 715 332 777 0 469 458 292 490 678 631 577 698 553 368 827 259 1064 452 401 226 789 1080 512
522 804 561 360 463 557 787 467 662 432 632 808 858 326 549 479 359 421 424 765 833 375 209 59 595 324 506 368 469 0 414 199 382 468 421 393 269 654 364 397 243 656 626 185 271 377 726 874
851 687 808 701 792 333 1083 808 991 737 973 691 741 550 641 455 130 667 765 1105 716 749 550 399 562 697 753 665 458 414 0 357 98 809 761 734 642 974 219 726 584 952 873 250 612 677 1055 757
681 697 573 486 622 378 922 593 821 503 758 702 752 390 561 302 302 433 550 891 726 534 335 185 579 483 518 504 292 199 357 0 325 594 547 519 428 740 307 556 369 791 638 128 397 516 885 768
819 719 807 669 760 365 1052 776 959 736 941 723 774 519 673 487 99 666 733 1074 748 717 518 368 531 666 752 633 490 382 98 325 0 778 730 702 611 963 187 694 552 921 872 219 580 645 1023 790
327 908 665 269 261 797 547 56 499 427 228 912 962 504 653 688 754 462 77 361 937 362 320 454 772 415 610 406 678 468 809 594 778 0 88 388 469 649 760 323 483 699 730 581 510 378 466 978
361 860 618 222 295 750 581 86 534 379 262 864 914 538 605 641 707 414 43 395 889 315 273 407 806 367 563 440 631 421 761 547 730 88 0 340 421 601 712 357 435 733 683 533 463 412 501 930
623 994 752 356 557 884 832 348 796 513 513 999 1049 790 740 775 841 548 305 646 1023 449 407 541 1058 501 697 702 765 555 896 681 864 349 302 0 556 735 847 619 569 995 817 668 597 674 752 1065
337 999 756 236 277 786 602 468 476 518 599 1003 1053 254 744 708 587 553 424 695 1028 130 411 278 522 78 701 219 698 269 642 428 611 469 421 479 0 740 593 211 472 512 821 414 500 191 540 1069
910 516 187 540 844 672 1021 635 1009 451 800 497 503 940 387 563 940 400 592 827 610 633 506 640 1209 686 344 939 553 654 974 740 963 637 589 322 740 0 816 907 581 1232 191 766 547 911 941 519
835 608 649 651 776 254 1068 758 975 579 923 612 662 535 562 376 164 509 715 1056 637 700 500 350 596 648 594 649 368 364 219 307 187 760 712 685 593 816 0 710 522 937 714 201 489 661 1039 679
147 1161 919 427 88 914 413 320 287 697 410 1165 1215 203 906 837 618 732 347 506 1190 318 566 406 471 266 864 105 827 397 726 556 694 323 357 658 211 919 710 0 601 398 984 531 628 77 351 1232
726 657 414 374 667 378 965 481 866 344 646 661 711 530 402 269 529 274 438 779 685 467 223 229 798 520 359 572 259 243 584 369 552 483 435 408 472 581 522 601 0 859 479 356 88 580 885 727
505 1569 1326 930 615 1458 194 722 333 1087 527 1573 1581 772 1314 1349 1187 1122 749 438 1597 887 981 975 1040 835 1271 674 1339 966 1294 1125 1263 725 759 1049 780 1200 1279 591 1144 0 1365 1100 1171 646 283 1598
1004 540 90 622 938 570 1187 729 1175 368 894 545 595 913 286 462 848 298 686 993 569 715 439 612 1181 767 243 955 452 626 873 638 872 730 683 487 821 191 714 984 479 1242 0 739 446 964 1106 611
657 780 674 472 597 425 889 580 796 544 744 784 834 356 662 411 196 534 536 877 808 521 322 171 545 469 619 471 401 185 250 128 219 581 533 506 414 766 201 531 356 758 739 0 383 483 860 850
753 624 381 402 694 345 993 509 893 311 674 628 678 557 369 236 557 241 466 807 652 495 251 257 826 547 326 599 226 271 612 397 580 510 463 435 500 547 489 628 88 887 446 383 0 608 912 694
202 1141 898 407 143 874 467 375 342 689 465 1145 1195 154 886 799 569 724 402 561 1170 298 546 386 422 246 844 56 789 377 677 516 645 378 412 651 191 911 661 77 580 349 964 483 608 0 406 1211
265 1310 1067 671 375 1199 105 463 93 829 269 1314 1323 532 1055 1090 947 864 491 179 1339 647 722 735 800 595 1012 434 1080 726 1055 885 1023 466 501 790 540 941 1039 351 885 726 1106 860 912 406 0 1339
1252 108 546 870 1186 455 1419 977 1407 616 1142 88 38 1138 341 509 813 546 934 1225 202 963 687 860 1245 1015 470 1203 512 874 757 768 790 978 930 720 1069 519 679 1232 727 1490 611 850 694 1211 1339 0
EOF