NAME : tsp_problem
TYPE : TSP
DIMENSION : 26
EDGE_WEIGHT_TYPE : EXPLICIT
EDGE_WEIGHT_FORMAT : FULL_MATRIX
EDGE_WEIGHT_SECTION
0 304 473 1262 354 349 226 353 226 863 79 526 1084 1275 541 1152 1213 1326 878 1102 1342 960 683 503 882 1171
304 0 325 1350 360 355 255 359 255 715 274 378 1173 1364 393 1004 1302 1178 919 954 1194 812 772 270 924 1023
473 325 0 1293 668 663 540 666 539 538 443 201 1116 1306 239 828 1245 1002 909 777 1017 636 610 342 914 846
1205 1294 1236 0 1248 1389 1271 1393 1271 1165 1175 1156 303 362 1368 1077 480 959 945 1099 1113 958 730 1546 949 1168
354 360 668 1306 0 247 306 250 305 1057 324 720 1129 1319 735 1346 1258 1520 665 1296 1536 1155 878 559 669 1365
349 355 663 1447 247 0 301 68 300 1052 319 715 1270 1460 727 1341 1399 1515 806 1291 1531 1150 873 554 810 1360
226 255 540 1328 306 301 0 305 32 929 196 592 1151 1341 607 1218 1280 1392 865 1168 1408 1027 750 455 870 1237
353 359 666 1451 250 68 305 0 304 1056 323 719 1274 1464 731 1345 1403 1519 810 1295 1535 1153 877 558 814 1364
226 255 539 1328 305 300 32 304 0 929 196 592 1151 1341 607 1218 1280 1392 865 1168 1408 1026 749 454 869 1237
863 715 538 1169 1057 1052 929 1056 929 0 832 371 992 1183 670 681 1121 855 1222 631 870 489 464 849 1227 699
79 274 443 1232 324 319 196 323 196 832 0 495 1054 1245 511 1122 1183 1296 848 1072 1311 930 653 473 852 1140
526 378 201 1166 720 715 592 719 592 371 495 0 988 1179 333 682 1117 856 885 632 872 490 464 512 890 701
1027 1116 1059 303 1070 1211 1094 1215 1094 988 997 979 0 512 1191 972 630 1108 768 922 1162 780 553 1369 772 991
1274 1363 1306 362 1317 1458 1341 1462 1340 1188 1244 1179 512 0 1438 746 149 628 1154 992 782 851 753 1615 1159 1059
541 393 239 1425 735 727 607 731 607 670 511 333 1248 1438 0 959 1377 1133 1041 909 1149 768 742 202 1046 978
1152 1004 828 1078 1346 1341 1218 1345 1218 681 1122 682 973 748 959 0 686 334 1473 407 365 265 620 1139 1477 473
1213 1301 1244 480 1255 1396 1279 1400 1279 1127 1182 1118 630 149 1376 685 0 567 1272 931 720 789 692 1554 1276 998
1326 1178 1002 948 1520 1515 1392 1519 1392 855 1296 856 1097 617 1133 334 555 0 1647 581 365 439 795 1313 1651 645
878 920 910 1401 665 806 865 810 865 1222 848 885 1224 1414 1041 1461 1353 1635 0 1411 1651 1269 1042 1119 96 1480
1102 954 777 1100 1296 1291 1168 1295 1168 631 1072 632 923 994 909 407 933 581 1422 0 543 179 570 1088 1427 372
1342 1194 1017 1127 1536 1531 1408 1535 1408 870 1311 872 1163 797 1149 365 735 365 1662 543 0 419 810 1328 1667 428
960 812 636 959 1155 1150 1027 1153 1026 489 930 490 781 852 768 265 791 439 1281 179 419 0 429 947 1285 248
683 772 610 739 878 873 750 877 749 464 653 464 562 753 742 620 691 795 1043 570 810 429 0 921 1047 639
503 270 342 1603 559 554 455 558 454 849 473 512 1426 1616 202 1139 1555 1313 1119 1088 1328 947 921 0 1123 1157
882 924 914 1406 669 811 870 814 869 1227 852 890 1228 1419 1046 1465 1357 1639 96 1415 1655 1274 1046 1123 0 1484
1171 1023 846 1169 1365 1360 1237 1364 1237 699 1140 701 992 1061 978 473 999 645 1491 372 428 248 639 1157 1496 0
EOF