NAME : tsp_problem
TYPE : TSP
DIMENSION : 32
EDGE_WEIGHT_TYPE : EXPLICIT
EDGE_WEIGHT_FORMAT : FULL_MATRIX
EDGE_WEIGHT_SECTION
0 720 77 961 195 563 274 141 275 526 81 391 945 721 428 233 555 667 944 721 545 424 496 640 526 378 760 721 554 383 367 569
720 0 668 1337 553 1117 762 759 764 903 673 756 1321 71 982 587 920 1155 1321 71 545 978 838 1016 884 729 1136 71 223 829 740 593
77 668 0 935 142 537 221 115 223 500 31 338 918 668 401 180 502 614 918 668 493 398 444 614 473 325 734 668 501 330 314 517
961 1337 935 0 912 772 1121 844 1064 482 938 1114 108 1338 946 946 1279 741 107 1338 1381 924 1332 390 1361 1225 243 1338 1171 1230 1214 1405
195 553 142 912 0 655 237 233 239 477 148 234 895 554 519 66 398 630 895 554 501 516 452 591 481 341 711 554 387 346 330 525
563 1117 537 772 655 0 665 446 521 623 540 851 756 1118 212 692 1015 276 756 1118 962 189 934 617 964 770 576 1118 951 774 759 986
274 762 221 1121 237 665 0 312 197 686 227 220 1104 763 598 274 384 588 1104 763 308 594 281 799 311 300 920 762 596 304 289 332
141 759 115 844 233 446 312 0 314 410 119 429 828 759 311 271 593 684 828 759 584 307 535 523 564 416 643 759 592 421 405 608
275 764 223 1064 239 521 197 314 0 687 228 405 1047 764 600 276 569 444 1047 764 474 596 466 801 496 273 868 764 598 278 262 498
526 903 500 482 477 623 686 410 687 0 504 679 465 903 526 511 844 592 465 903 946 522 897 131 926 790 281 903 736 795 779 970
81 673 31 938 148 540 227 119 228 504 0 344 922 674 405 186 508 620 922 674 499 401 450 617 479 331 737 674 507 336 320 523
391 756 338 1114 234 851 220 429 405 679 344 0 1098 756 715 188 202 796 1098 756 331 711 282 793 311 391 913 756 590 491 402 355
945 1321 918 108 895 756 1104 828 1047 465 922 1098 0 1321 930 929 1262 725 25 1321 1364 907 1315 373 1345 1209 227 1321 1155 1213 1197 1388
721 71 668 1338 554 1118 763 759 764 903 674 756 1321 0 982 588 921 1156 1321 71 545 979 837 1017 883 729 1137 71 224 828 740 593
428 982 401 946 519 212 598 311 600 526 405 715 930 982 0 557 879 450 930 983 870 73 821 640 850 702 751 982 816 707 691 894
233 587 180 946 66 692 274 271 276 511 186 188 929 588 557 0 352 668 929 588 454 553 405 624 434 379 745 588 421 383 368 478
555 920 502 1279 398 1015 384 593 569 844 508 202 1262 921 879 352 0 960 1262 921 495 876 250 957 195 556 1077 920 754 655 567 519
667 1155 614 741 630 276 588 684 444 592 620 796 725 1156 450 668 960 0 725 1156 734 427 857 586 887 562 545 1156 989 567 551 758
944 1321 918 107 895 756 1104 828 1047 465 922 1098 25 1321 930 929 1262 725 0 1321 1364 907 1315 373 1345 1208 227 1321 1155 1213 1197 1388
721 71 668 1338 554 1118 763 759 764 903 674 756 1321 71 983 588 921 1156 1321 0 545 979 837 1017 883 729 1137 71 224 828 740 593
545 551 493 1381 501 962 308 584 474 946 499 331 1364 551 870 454 495 734 1364 551 0 866 357 1059 402 248 1180 551 721 347 259 66
424 978 398 924 516 189 594 307 596 522 401 711 907 979 73 553 876 427 907 979 866 0 817 636 846 699 728 978 812 703 687 890
496 838 444 1332 452 934 281 535 466 897 450 282 1315 838 821 405 250 857 1315 838 357 817 0 1010 74 418 1131 838 807 517 429 381
640 1016 614 390 591 617 799 523 801 131 617 793 373 1017 640 624 957 586 373 1017 1059 636 1010 0 1040 904 189 1016 850 908 893 1083
526 884 473 1361 481 964 311 564 496 926 479 311 1345 883 850 434 195 887 1345 883 402 846 74 1040 0 463 1160 884 837 563 474 426
378 729 325 1225 341 770 300 416 273 790 331 391 1209 729 702 379 556 562 1208 729 248 699 418 904 463 0 1024 729 701 123 34 272
760 1136 734 243 711 576 920 643 868 281 737 913 227 1137 751 745 1077 545 227 1137 1180 728 1131 189 1160 1024 0 1137 970 1029 1013 1204
721 71 668 1338 554 1118 762 759 764 903 674 756 1321 71 982 588 920 1156 1321 71 545 978 838 1016 883 729 1137 0 223 828 740 593
554 223 501 1171 387 951 596 592 598 736 507 590 1155 224 816 421 754 989 1155 224 715 812 807 850 837 701 970 223 0 705 689 763
383 829 330 1230 346 774 304 421 278 795 336 491 1213 828 707 383 655 567 1213 828 347 703 517 908 563 123 1029 828 705 0 111 371
367 740 314 1214 330 759 289 405 262 779 320 402 1197 740 691 368 567 551 1197 740 259 687 429 893 474 34 1013 740 689 111 0 283
569 599 517 1405 525 986 332 608 498 970 523 355 1388 599 894 478 519 758 1388 599 66 890 381 1083 426 272 1204 599 769 371 283 0
EOF