NAME : tsp_problem
TYPE : TSP
DIMENSION : 86
EDGE_WEIGHT_TYPE : EXPLICIT
EDGE_WEIGHT_FORMAT : FULL_MATRIX
EDGE_WEIGHT_SECTION
0 1054 618 1660 814 651 1006 334 1006 547 1809 944 814 660 676 570 915 468 400 637 675 829 444 672 641 880 764 334 640 592 915 760 510 1990 413 730 384 383 898 583 879 526 93 156 756 745 944 555 722 944 915 608 371 665 898 910 667 384 851 302 723 913 909 1104 773 898 656 93 418 742 908 680 362 1053 465 380 447 706 349 533 522 180 712 93 656 883
1054 0 661 2212 836 749 155 1185 155 792 2361 223 836 759 987 1029 1338 713 1203 601 987 871 759 715 683 1303 1007 983 683 998 1338 858 751 2542 1190 828 1245 797 1321 626 1302 612 1054 986 1021 725 223 584 820 223 920 651 777 764 1321 1333 706 1245 1274 1272 446 782 777 122 882 1321 754 1054 1111 1032 1331 970 780 71 1144 763 692 804 998 632 740 1089 1260 1054 755 791
619 661 0 2122 751 445 763 786 763 361 2270 728 751 455 746 788 1252 258 814 318 746 288 202 227 195 1217 921 583 73 757 1252 555 141 2451 827 525 845 271 1235 64 1216 124 619 587 936 196 727 349 517 727 366 162 377 460 1235 1247 275 845 1189 836 506 697 692 712 579 1236 451 619 712 947 1245 884 381 661 860 275 293 500 598 298 202 690 1174 619 164 706
1475 2027 1936 0 1241 1679 1922 1208 1922 1938 173 1861 1241 1534 1512 1406 1152 1720 1236 1649 1511 2099 1766 2063 2031 1118 1191 1442 1892 1428 1153 1528 1832 354 1249 1498 1140 1774 1136 1949 1117 1917 1475 1477 1183 1773 1861 1632 1490 1861 1968 1999 1596 1540 1136 1148 2058 1140 1089 1330 1639 1451 1446 2021 1552 1136 1681 1475 1254 1170 1146 1107 1587 2028 1301 1770 1672 1500 1384 1680 1747 1364 950 1475 1803 1310
814 836 751 1427 0 488 731 547 731 930 1575 670 77 343 465 507 552 570 575 458 464 908 616 926 894 517 221 782 707 476 552 337 683 1756 589 307 479 654 535 764 516 823 814 817 235 582 670 441 299 670 777 862 634 349 535 547 974 479 488 669 448 260 255 830 361 535 490 814 593 246 545 184 637 837 622 703 549 309 723 489 597 703 474 814 612 120
651 749 445 1865 488 0 644 725 644 613 2013 583 489 170 461 503 990 253 677 275 461 603 299 621 589 955 659 523 402 472 990 270 366 2194 664 240 785 337 973 458 954 518 651 526 673 399 583 193 232 583 583 556 317 175 973 985 669 785 926 813 361 434 430 743 294 973 34 651 651 685 983 622 320 749 619 386 232 216 538 172 280 629 912 651 295 443
1006 155 762 2108 731 644 0 1081 76 894 2256 119 732 654 882 925 1233 609 1098 497 882 947 655 816 785 1198 902 878 745 893 1233 753 721 2437 1085 724 1140 692 1216 727 1197 713 1006 881 916 620 119 480 716 119 815 752 672 659 1216 1228 808 1140 1170 1168 342 677 673 149 777 1216 650 1006 1007 928 1226 865 676 156 1040 741 587 699 893 527 635 985 1155 1006 650 686
334 1185 786 1393 547 725 1081 0 1080 797 1542 1019 547 590 361 256 648 569 86 711 361 965 615 922 890 613 497 292 742 277 648 483 682 1722 99 525 117 633 631 799 612 776 334 289 489 819 1019 629 517 1019 990 858 446 596 631 643 917 117 584 236 797 685 680 1179 458 631 731 334 103 475 641 413 436 1186 150 629 522 556 233 608 596 175 445 334 731 616
1006 155 762 2108 731 644 76 1080 0 894 2256 119 732 654 882 925 1233 608 1098 497 882 947 655 817 785 1198 902 878 745 893 1233 753 721 2437 1085 724 1140 692 1216 727 1197 713 1006 881 916 620 119 480 716 119 815 752 672 659 1216 1228 808 1140 1170 1168 342 677 673 149 777 1216 650 1006 1007 928 1226 865 676 156 1040 741 587 699 893 527 635 985 1155 1006 650 686
547 793 361 2123 930 613 894 797 894 0 2272 907 930 623 914 956 1378 392 863 599 914 572 367 415 384 1343 1101 727 383 925 1378 722 434 2453 877 693 847 306 1361 326 1342 312 548 619 1115 506 907 517 685 907 676 351 521 628 1361 1373 406 847 1314 765 685 876 871 843 746 1361 619 548 855 1126 1371 1064 524 792 928 303 436 668 742 496 484 643 1175 547 474 885
1623 2175 2085 173 1389 1827 2071 1356 2071 2086 0 2009 1389 1682 1660 1554 1301 1868 1384 1797 1660 2247 1914 2211 2180 1266 1339 1591 2041 1576 1301 1676 1981 218 1398 1646 1288 1922 1284 2098 1265 2065 1623 1626 1331 1921 2009 1780 1638 2009 2116 2147 1744 1688 1284 1296 2206 1288 1237 1478 1787 1599 1594 2169 1700 1284 1829 1623 1402 1318 1294 1256 1735 2176 1449 1919 1820 1648 1532 1828 1895 1512 1098 1623 1951 1459
944 223 728 2046 670 583 119 1019 119 907 2194 0 670 592 821 863 1171 547 1036 435 820 885 593 885 853 1137 840 816 684 832 1171 692 660 2375 1023 662 1079 630 1155 741 1136 782 944 820 855 559 83 418 654 83 754 820 610 598 1155 1167 876 1079 1108 1106 280 616 611 217 716 1155 588 944 945 866 1164 803 614 224 978 679 526 638 831 465 574 923 1094 944 588 625
814 836 751 1426 77 489 732 547 732 930 1575 670 0 343 465 507 551 570 575 459 465 909 617 926 895 517 221 781 707 476 552 337 683 1755 588 307 479 654 535 764 516 823 814 816 235 582 670 441 299 670 777 862 634 349 535 547 975 479 488 669 449 260 255 830 361 535 490 814 593 246 545 183 638 837 622 703 549 309 722 489 597 703 474 814 612 120
660 759 455 1719 343 170 654 590 654 623 1868 592 343 0 316 358 844 263 531 285 316 613 309 631 599 810 513 532 411 327 845 124 375 2048 519 94 650 346 828 468 809 528 660 536 528 408 592 203 87 592 593 566 326 55 828 840 679 650 781 769 371 289 284 752 148 828 172 660 542 539 838 476 330 759 473 395 242 78 547 181 290 639 767 660 304 298
676 987 746 1697 465 461 882 361 882 914 1845 821 465 316 0 129 952 554 303 576 43 904 600 922 890 917 635 478 702 98 952 209 667 2026 290 250 421 637 935 759 916 819 676 598 650 700 821 494 243 821 884 857 618 322 935 947 970 421 888 540 599 411 406 981 184 935 463 676 313 661 945 598 621 988 244 686 533 282 419 473 581 517 749 676 596 420
570 1029 788 1592 507 503 925 256 925 956 1740 863 507 358 129 0 846 596 197 618 129 946 642 964 932 811 678 372 745 45 846 251 709 1921 184 293 315 680 829 802 810 861 570 492 687 742 863 536 285 863 926 899 526 364 829 841 1012 315 783 434 641 453 448 1023 226 829 505 570 208 674 839 612 517 1030 139 729 575 324 313 515 623 412 644 570 638 462
915 1338 1252 1338 552 990 1233 648 1233 1377 1486 1171 551 844 952 846 0 1072 676 960 951 1410 1118 1428 1396 176 395 882 1208 868 80 838 1184 1667 689 808 580 1155 107 1265 175 1325 915 917 387 1084 1171 943 801 1171 1278 1363 1036 850 108 66 1476 580 180 770 950 761 756 1331 862 108 992 915 694 373 69 418 1027 1338 740 1204 1050 810 823 990 1099 804 238 915 1113 621
468 713 258 1905 570 253 609 569 608 392 2053 547 570 263 554 596 1072 0 597 239 554 493 78 434 402 1037 741 367 270 565 1072 362 144 2234 611 332 629 115 1055 271 1036 310 469 370 755 347 547 157 325 547 518 369 161 268 1055 1067 482 629 1008 657 325 516 511 707 386 1055 259 469 495 766 1065 704 164 714 643 164 76 308 382 136 124 473 957 468 259 525
400 1203 814 1422 575 677 1098 86 1098 863 1570 1036 575 531 303 197 676 597 0 739 302 993 644 989 957 641 525 320 770 219 676 425 710 1751 58 466 145 681 659 827 640 842 400 355 517 848 1036 657 459 1036 1018 924 474 537 659 671 983 145 612 264 815 626 622 1196 400 659 679 400 132 504 669 442 465 1203 91 696 550 497 261 636 624 242 473 400 759 635
637 601 318 1835 458 275 497 711 497 599 1983 435 459 285 576 618 960 239 739 0 575 476 286 494 462 925 629 509 274 587 960 384 352 2164 753 354 771 323 943 331 924 390 637 512 643 149 435 110 346 435 344 429 303 290 943 955 542 771 896 799 213 404 399 595 408 943 280 637 637 655 953 592 306 602 733 372 218 330 524 158 266 615 882 637 254 413
675 987 746 1697 464 461 882 361 882 914 1845 820 465 316 43 129 951 554 302 575 0 903 600 921 889 916 635 477 702 98 951 209 666 2026 289 250 420 637 934 759 915 818 675 597 649 699 820 493 243 820 884 857 617 321 935 947 969 421 888 539 599 410 406 980 184 935 463 676 313 661 944 598 621 987 244 686 532 281 418 472 581 517 749 675 595 419
829 872 288 2285 908 603 947 965 947 572 2433 885 909 613 904 946 1410 493 993 476 903 0 467 179 209 1375 1079 763 297 915 1410 712 406 2614 1007 682 1025 528 1393 329 1374 334 829 766 1093 353 885 507 674 885 161 248 557 618 1393 1405 485 1025 1346 1047 663 854 849 922 736 1393 608 829 891 1104 1403 1042 560 871 1039 485 472 658 778 455 382 869 1332 829 321 863
444 759 202 1951 616 299 655 615 655 367 2100 593 617 309 600 642 1118 78 644 286 600 467 0 378 346 1083 787 413 225 611 1118 409 101 2281 657 379 675 91 1101 215 1082 275 444 416 801 347 593 203 371 593 517 313 207 314 1101 1113 426 675 1054 662 372 562 558 753 433 1101 305 444 542 813 1111 750 211 760 689 140 122 354 428 182 170 520 1003 444 305 571
673 715 227 2249 926 621 817 923 817 415 2397 885 926 631 922 964 1428 434 989 494 921 179 378 0 52 1393 1097 759 249 933 1428 730 317 2578 1002 700 973 372 1411 192 1392 178 673 744 1111 371 885 525 692 885 312 91 553 636 1411 1423 329 973 1364 890 681 872 867 766 754 1411 626 673 887 1122 1421 1060 556 715 1035 329 468 676 774 473 378 768 1301 673 339 881
641 683 195 2217 894 589 785 891 785 384 2365 853 895 599 890 932 1396 402 957 462 889 209 346 52 0 1361 1065 727 217 901 1396 698 285 2546 970 668 941 340 1379 160 1360 146 641 712 1079 339 853 493 661 853 342 59 521 604 1379 1391 297 941 1332 859 649 840 836 734 722 1379 594 641 856 1091 1389 1028 525 683 1003 297 436 644 742 441 346 736 1269 641 307 849
880 1303 1217 1303 517 955 1198 613 1198 1343 1451 1137 517 810 917 811 176 1037 641 925 916 1375 1083 1393 1361 0 360 847 1174 833 176 804 1150 1632 654 774 545 1120 160 1230 38 1290 880 882 352 1049 1137 908 766 1136 1244 1328 1001 815 160 172 1441 545 76 735 915 727 722 1297 828 160 957 880 659 339 169 383 992 1303 706 1169 1016 776 789 955 1064 769 204 880 1078 586
764 1007 921 1376 221 659 902 497 902 1101 1524 840 221 513 635 678 395 741 525 629 635 1079 787 1097 1065 360 0 731 877 646 395 507 853 1705 538 477 429 824 378 934 359 994 764 766 121 753 840 612 470 840 947 1032 804 519 378 390 1145 429 331 619 619 430 426 1000 531 378 661 764 543 133 388 173 808 1007 589 873 719 479 672 659 768 652 317 764 782 290
334 983 583 1628 782 523 878 292 878 727 1776 816 781 532 478 372 882 367 320 509 477 763 413 759 727 847 731 0 539 394 882 600 479 1957 333 602 351 450 865 596 846 645 334 209 723 617 816 427 594 816 787 694 243 537 865 877 807 351 819 470 595 785 781 976 575 866 528 334 218 710 875 648 234 983 366 499 319 578 94 405 394 313 680 334 528 794
641 683 73 2078 707 402 745 742 745 383 2226 684 707 411 702 745 1208 270 770 274 702 297 225 249 217 1174 877 539 0 713 1208 511 164 2407 783 481 801 293 1191 86 1173 146 641 543 892 152 683 306 473 683 322 184 333 416 1192 1204 297 802 1145 829 462 653 648 734 535 1192 407 641 668 903 1201 840 337 683 816 297 249 457 554 254 158 646 1130 641 120 662
592 998 757 1613 476 472 893 277 893 925 1762 832 476 327 98 45 868 565 219 587 98 915 611 933 901 833 646 394 713 0 868 220 678 1942 206 261 337 648 851 770 832 830 592 514 661 711 832 505 254 832 895 868 548 333 851 863 981 337 804 456 610 422 417 992 195 851 474 592 229 672 861 609 538 999 160 697 544 293 335 483 592 433 665 592 606 431
915 1338 1252 1338 552 990 1233 648 1233 1377 1486 1171 552 845 952 846 80 1072 676 960 951 1410 1118 1428 1396 176 395 882 1208 868 0 838 1184 1667 689 808 580 1155 107 1265 175 1325 915 917 387 1084 1171 943 801 1171 1278 1363 1036 850 108 66 1476 580 180 770 950 761 757 1331 862 108 992 915 694 374 69 418 1027 1338 741 1204 1050 810 823 990 1099 804 238 915 1113 621
760 858 555 1713 337 270 753 483 753 722 1861 692 337 124 209 251 838 362 425 384 209 712 409 730 698 804 507 600 511 220 838 0 475 2042 412 59 543 446 822 568 803 627 760 635 522 508 692 302 51 692 693 666 426 130 822 834 778 543 775 662 470 283 278 852 41 822 271 760 435 533 831 470 430 859 366 495 341 90 541 281 389 639 761 760 404 292
510 751 141 2018 683 366 721 682 721 434 2166 660 683 375 667 709 1184 144 710 352 666 406 101 317 285 1150 853 479 164 678 1184 475 0 2347 723 445 741 157 1167 154 1149 214 511 483 868 286 659 270 437 659 456 252 273 381 1168 1180 365 741 1121 728 438 629 624 802 499 1168 371 511 608 879 1177 816 277 751 756 206 189 421 494 249 237 586 1070 510 254 638
1804 2356 2266 354 1570 2008 2251 1537 2251 2267 218 2190 1570 1863 1841 1735 1482 2049 1565 1978 1841 2428 2095 2392 2361 1447 1520 1772 2222 1757 1482 1857 2161 0 1579 1827 1469 2103 1465 2279 1446 2246 1804 1807 1512 2102 2190 1961 1819 2190 2297 2328 1925 1869 1465 1477 2387 1469 1418 1659 1968 1780 1775 2350 1881 1465 2010 1804 1583 1499 1475 1437 1916 2357 1630 2100 2001 1829 1713 2009 2076 1693 1279 1804 2132 1640
413 1190 827 1435 589 664 1085 99 1085 876 1583 1023 588 519 290 184 689 611 58 753 289 1007 657 1002 970 654 538 333 783 206 689 412 723 1764 0 453 158 694 672 840 653 855 413 368 530 861 1023 671 446 1023 1031 937 487 524 673 685 997 159 626 277 802 613 609 1183 387 673 666 414 145 517 682 455 478 1190 79 709 563 484 275 649 638 255 487 413 772 622
730 828 525 1683 307 240 724 525 724 693 1831 662 307 94 250 293 808 332 466 354 250 682 379 700 668 774 477 602 481 261 808 59 445 2012 453 0 584 416 792 538 773 597 730 605 492 478 662 272 51 662 663 636 396 100 792 804 748 584 745 703 440 253 248 822 83 792 242 730 477 503 801 440 400 829 408 465 311 60 582 251 359 681 731 730 374 262
384 1245 845 1326 479 785 1140 117 1140 847 1474 1079 479 650 421 315 580 629 145 771 420 1025 675 972 940 545 429 351 801 337 580 543 741 1655 158 584 0 683 563 858 544 826 384 386 421 879 1078 689 577 1078 1049 908 505 655 563 575 967 106 516 239 857 689 684 1238 518 563 790 384 163 408 573 345 496 1245 210 679 581 616 293 667 656 273 377 384 790 549
383 797 271 1959 654 337 692 633 692 306 2107 630 654 346 637 680 1155 115 681 323 637 528 91 372 340 1120 824 450 293 648 1155 446 157 2288 694 416 683 0 1138 283 1119 225 383 453 839 415 630 241 408 630 586 307 244 351 1138 1150 420 683 1092 601 409 599 595 790 470 1138 342 383 579 850 1148 787 248 797 727 79 159 392 465 219 208 478 1011 383 342 608
898 1321 1235 1321 535 973 1216 631 1216 1361 1469 1155 535 828 935 829 107 1055 659 943 934 1393 1101 1411 1379 160 378 865 1191 851 107 822 1167 1650 672 792 563 1138 0 1248 159 1308 898 900 370 1067 1154 926 784 1154 1262 1346 1019 833 25 103 1459 563 163 753 933 744 740 1315 845 25 975 898 677 357 100 401 1010 1321 724 1187 1034 793 807 973 1082 787 221 898 1096 604
584 626 64 2135 764 458 728 799 728 326 2283 741 764 468 759 802 1265 271 827 331 759 329 215 192 160 1230 934 596 86 770 1265 568 154 2464 840 538 858 283 1248 0 1229 89 584 600 949 209 740 362 530 740 379 127 390 473 1249 1261 240 859 1202 801 519 710 705 677 592 1249 464 584 725 960 1258 897 394 626 873 240 306 514 611 311 215 679 1187 584 177 719
879 1302 1216 1302 516 954 1197 612 1197 1342 1450 1136 516 809 916 810 175 1036 640 924 915 1374 1082 1392 1360 38 359 846 1173 832 175 803 1149 1631 653 773 544 1119 159 1229 0 1289 879 881 351 1048 1136 907 765 1135 1243 1327 1000 814 159 171 1440 544 75 734 914 725 721 1296 827 159 956 879 658 338 168 382 991 1302 705 1168 1015 775 788 954 1063 768 202 879 1077 585
526 612 124 2102 823 518 714 776 714 312 2250 782 823 528 819 861 1325 310 842 390 818 334 275 178 146 1290 994 645 146 830 1325 627 214 2431 855 597 826 225 1308 89 1289 0 526 598 1008 268 782 422 589 782 438 113 439 533 1308 1320 226 826 1261 744 578 769 764 663 651 1308 523 526 774 1019 1318 957 443 612 907 182 355 573 660 370 275 621 1154 526 236 778
93 1054 619 1660 814 651 1006 334 1006 547 1809 944 814 660 676 570 915 468 400 637 675 829 444 673 641 880 764 334 641 592 915 760 510 1990 413 730 384 383 898 584 879 526 0 156 756 745 944 555 722 944 915 608 371 665 898 910 668 384 851 302 723 913 909 1104 773 898 656 93 418 742 908 680 362 1054 465 380 447 706 349 533 522 180 712 93 656 883
156 986 587 1663 817 526 881 289 881 619 1811 820 816 536 598 492 917 370 355 512 597 766 416 744 712 882 766 209 543 514 917 635 483 1992 368 605 386 453 900 600 881 597 156 0 758 620 820 430 597 820 791 680 247 541 901 913 739 387 854 318 598 789 784 980 659 901 531 156 338 745 910 683 237 987 420 451 322 581 224 409 397 134 715 156 532 798
756 1021 936 1368 235 673 916 489 916 1115 1516 855 235 528 650 687 387 755 517 643 649 1093 801 1111 1079 352 121 723 892 661 387 522 868 1697 530 492 421 839 370 949 351 1008 756 758 0 767 855 626 484 855 962 1047 819 534 370 382 1159 421 323 611 633 445 440 1015 546 370 675 756 535 142 380 188 822 1022 581 888 734 494 664 674 782 645 309 756 797 305
745 725 196 1958 582 399 620 819 620 506 2107 559 582 408 700 742 1084 347 848 149 699 353 347 371 339 1049 753 617 152 711 1084 508 286 2288 861 478 879 415 1067 209 1048 268 745 620 767 0 559 234 470 559 222 307 411 414 1067 1079 419 879 1020 907 337 528 523 719 532 1067 404 745 746 778 1077 716 415 726 857 419 326 454 632 266 236 724 1006 745 132 537
944 223 727 2046 670 583 119 1019 119 907 2194 83 670 592 821 863 1171 547 1036 435 820 885 593 885 853 1137 840 816 683 832 1171 692 659 2375 1023 662 1078 630 1154 740 1136 782 944 820 855 559 0 418 654 83 754 820 610 597 1155 1167 876 1078 1108 1106 280 616 611 217 716 1155 588 944 945 866 1164 803 614 224 978 679 526 638 831 465 574 923 1094 944 588 625
555 584 349 1817 441 193 480 629 480 517 1966 418 441 203 494 536 943 157 657 110 493 507 203 525 493 908 612 427 306 505 943 302 270 2147 671 272 689 241 926 362 907 422 555 430 626 234 418 0 264 418 429 460 221 208 926 938 573 689 879 717 196 387 382 578 326 926 198 555 555 637 936 575 224 585 651 290 136 248 442 76 184 533 865 555 199 396
722 820 517 1675 299 232 716 517 716 685 1824 654 299 87 243 285 801 325 459 346 243 674 371 692 661 766 470 594 473 254 801 51 437 2005 446 51 577 408 784 530 765 589 722 597 484 470 654 264 0 654 655 628 388 92 784 796 740 577 737 696 432 245 240 814 75 784 234 722 469 495 794 433 392 821 400 457 303 52 575 243 352 673 723 722 366 254
944 223 727 2046 670 583 119 1019 119 907 2194 83 670 592 821 863 1171 547 1036 435 820 885 593 885 853 1136 840 816 683 832 1171 692 659 2375 1023 662 1078 630 1154 740 1135 782 944 820 855 559 83 418 654 0 754 820 610 597 1154 1166 876 1078 1108 1106 280 616 611 217 716 1155 588 944 945 866 1164 803 614 224 978 679 526 638 831 465 574 923 1094 944 588 625
915 920 366 2153 777 583 815 990 815 676 2301 754 777 593 884 926 1278 518 1018 344 884 161 517 312 342 1244 947 787 322 895 1278 693 456 2482 1031 663 1049 586 1262 379 1243 438 915 791 962 222 754 429 655 754 0 381 581 598 1262 1274 589 1049 1215 1077 532 723 718 914 717 1262 589 915 916 973 1271 910 585 920 1042 589 497 638 802 436 406 894 1201 915 302 732
608 651 162 2185 862 556 752 858 752 351 2333 820 862 566 857 899 1363 369 924 429 857 248 313 91 59 1328 1032 694 184 868 1363 666 252 2514 938 636 908 307 1346 127 1327 113 609 680 1047 307 821 460 628 821 381 0 488 571 1346 1358 264 908 1300 826 617 808 803 701 690 1347 562 609 823 1058 1356 995 492 650 971 264 404 611 709 409 313 704 1236 608 275 817
371 777 377 1782 634 317 672 446 672 521 1930 610 634 326 618 526 1036 161 474 303 617 557 207 553 521 1001 804 243 333 548 1036 426 273 2111 487 396 505 244 1019 390 1000 439 371 247 819 411 610 221 388 610 581 488 0 331 1019 1031 601 505 973 533 389 580 575 770 450 1019 322 371 372 830 1029 767 50 777 520 293 113 372 258 199 188 350 833 371 322 589
665 764 460 1725 349 175 659 596 659 628 1873 598 349 55 322 364 850 268 537 290 321 618 314 636 604 815 519 537 416 333 850 130 381 2054 524 100 655 351 833 473 814 533 665 541 534 414 597 208 92 597 598 571 331 0 833 845 684 656 787 774 376 295 290 758 154 834 177 665 548 545 843 482 335 764 479 400 247 83 552 186 295 644 773 665 309 304
898 1321 1235 1321 535 973 1216 631 1216 1361 1469 1155 535 828 935 829 108 1055 659 943 935 1393 1101 1411 1379 160 378 865 1192 851 108 822 1168 1650 673 792 563 1138 25 1249 159 1308 898 901 370 1067 1155 926 784 1154 1262 1346 1019 833 0 103 1459 563 163 753 933 745 740 1315 846 25 975 898 677 357 101 401 1010 1321 724 1187 1034 794 807 973 1082 787 222 898 1096 604
910 1333 1247 1333 547 985 1228 643 1228 1373 1481 1167 547 840 947 841 66 1067 671 955 947 1405 1113 1423 1391 172 390 877 1204 863 66 834 1180 1662 685 804 575 1150 103 1261 171 1320 910 913 382 1079 1167 938 796 1166 1274 1358 1031 845 103 0 1471 575 175 765 945 757 752 1327 858 103 987 910 689 369 55 413 1022 1333 736 1199 1046 806 819 985 1094 799 234 910 1108 616
668 706 275 2244 974 669 808 917 808 406 2392 876 975 679 970 1012 1476 482 984 542 969 485 426 329 297 1441 1145 807 297 981 1476 778 365 2573 997 748 967 420 1459 240 1440 226 668 739 1159 419 876 573 740 876 589 264 601 684 1459 1471 0 968 1412 885 729 920 915 757 802 1459 674 668 936 1171 1469 1108 605 706 1048 377 516 724 822 521 426 763 1296 668 387 929
384 1245 845 1325 479 785 1140 117 1140 847 1474 1079 479 650 421 315 580 629 145 771 421 1025 675 972 941 545 429 351 802 337 580 543 741 1655 159 584 106 683 563 859 544 826 384 387 421 879 1078 689 577 1078 1049 908 505 656 563 575 967 0 516 239 857 689 684 1239 518 563 790 384 163 407 573 345 496 1245 210 680 581 616 293 668 656 273 377 384 791 548
851 1274 1189 1275 488 926 1170 584 1170 1314 1423 1108 488 781 888 783 180 1008 612 896 888 1346 1054 1364 1332 76 331 819 1145 804 180 775 1121 1604 626 745 516 1092 163 1202 75 1261 851 854 323 1020 1108 879 737 1108 1215 1300 973 787 163 175 1412 516 0 706 886 698 693 1268 799 163 928 851 630 310 173 355 963 1275 677 1141 987 747 760 927 1035 740 175 851 1050 558
302 1271 836 1515 669 813 1168 236 1168 765 1664 1106 669 769 540 434 770 657 264 799 539 1047 661 890 858 735 619 470 829 456 770 662 728 1845 277 703 239 601 753 801 734 744 302 318 611 907 1106 717 696 1106 1077 826 533 774 753 765 885 239 706 0 885 863 859 1266 637 753 818 302 282 597 763 535 524 1271 329 597 609 734 411 695 684 342 567 302 818 738
723 446 506 1825 448 361 342 797 342 685 1973 280 449 371 599 641 950 325 815 213 599 663 372 681 649 915 619 595 462 610 950 470 438 2154 802 440 857 409 933 519 914 578 723 598 633 337 280 196 432 280 532 617 389 376 933 945 729 857 886 885 0 394 389 440 494 933 366 723 723 644 943 582 393 447 757 458 304 416 610 244 352 701 872 723 367 403
835 704 618 1714 338 473 599 763 599 798 1862 537 338 367 489 531 839 438 704 326 488 776 484 794 762 804 508 707 574 500 839 361 550 2043 691 331 767 521 822 631 803 691 835 710 523 449 537 309 323 537 644 729 501 372 822 834 842 766 776 941 316 0 21 697 385 822 479 835 715 534 832 471 505 704 646 570 416 333 722 356 465 814 762 835 479 292
830 699 613 1709 333 469 594 758 594 793 1857 533 333 362 484 526 834 433 699 321 483 771 479 789 757 800 503 702 569 495 834 356 545 2038 686 326 762 516 818 626 799 686 830 706 518 445 533 304 318 532 640 724 496 368 818 830 837 762 771 936 311 21 0 693 380 818 474 830 710 529 827 466 500 699 641 565 412 328 717 351 460 809 757 830 474 288
1104 122 711 2206 830 743 149 1179 149 843 2354 217 830 752 981 1023 1331 707 1196 595 980 922 753 766 734 1297 1000 976 734 992 1331 852 802 2535 1183 822 1238 790 1315 676 1296 663 1104 980 1015 719 217 578 814 217 914 701 770 758 1315 1327 757 1239 1268 1266 440 776 771 0 876 1315 748 1104 1105 1026 1324 963 774 122 1138 814 686 798 991 625 734 1083 1254 1104 748 785
773 882 579 1737 361 294 777 458 777 746 1885 716 361 148 184 226 862 386 400 408 184 736 433 754 722 828 531 575 535 195 862 41 499 2066 387 83 518 470 845 592 827 651 773 659 546 532 716 326 75 716 717 690 450 154 846 858 802 518 799 637 494 307 302 876 0 846 295 773 411 557 855 494 454 883 341 519 365 114 516 305 413 614 785 773 428 316
898 1321 1236 1321 535 973 1216 631 1216 1361 1469 1155 535 828 935 829 108 1055 659 943 935 1393 1101 1411 1379 160 378 866 1192 851 108 822 1168 1650 673 792 563 1138 25 1249 159 1308 898 901 370 1067 1155 926 784 1155 1262 1347 1019 834 25 103 1459 563 163 753 933 745 740 1315 846 0 975 898 677 357 101 401 1010 1321 724 1187 1034 794 807 973 1082 787 222 898 1096 604
656 754 451 1866 490 34 650 731 650 619 2015 588 490 172 463 505 992 259 679 280 463 608 305 626 594 957 661 528 407 474 992 271 371 2196 666 242 790 342 975 464 956 523 656 531 675 404 588 198 234 588 589 562 322 177 975 987 674 790 928 818 366 436 431 748 295 975 0 656 657 686 985 624 326 755 620 391 237 217 543 177 285 635 914 656 300 445
93 1054 619 1660 814 651 1006 334 1006 547 1809 944 814 660 676 570 915 468 400 637 676 829 444 673 641 880 764 334 641 592 915 760 510 1990 414 730 384 383 898 584 879 526 93 156 756 745 944 555 722 944 915 608 371 665 898 910 668 384 851 302 723 913 909 1104 773 898 656 0 418 742 908 680 362 1054 465 380 447 706 349 533 522 180 712 93 656 883
418 1111 712 1440 593 651 1007 103 1007 855 1588 945 593 542 313 208 694 495 132 637 313 891 542 887 856 659 543 218 668 229 694 435 608 1769 145 477 163 579 677 725 658 774 418 338 535 746 945 555 469 945 916 823 372 548 677 689 936 163 630 282 723 637 632 1105 411 677 657 418 0 521 687 459 362 1112 196 628 448 508 159 534 522 259 491 418 657 646
742 1032 947 1355 246 685 928 475 928 1126 1503 866 246 539 661 674 373 766 504 655 661 1104 813 1122 1091 339 133 710 903 672 374 533 879 1684 517 503 408 850 357 960 338 1019 742 745 142 778 866 637 495 866 973 1058 830 545 357 369 1171 407 310 597 644 456 451 1026 557 357 686 742 521 0 367 199 834 1033 568 899 745 505 651 685 793 631 296 742 808 316
908 1331 1245 1331 545 983 1226 641 1226 1370 1479 1164 545 838 945 839 69 1065 669 953 944 1403 1111 1421 1389 169 388 875 1201 861 69 831 1177 1660 682 801 573 1148 100 1258 168 1318 908 910 380 1077 1164 936 794 1164 1271 1356 1029 843 101 55 1469 573 173 763 943 754 750 1324 855 101 985 908 687 367 0 411 1020 1331 734 1197 1043 803 816 983 1092 797 231 908 1106 614
680 970 884 1293 184 622 865 413 865 1064 1441 803 183 476 598 612 418 704 442 592 598 1042 750 1060 1028 383 173 648 840 609 418 470 816 1622 455 440 345 787 401 897 382 957 680 683 188 716 803 575 433 803 910 995 767 482 401 413 1108 345 355 535 582 393 389 963 494 401 624 680 459 199 411 0 771 970 506 836 682 442 589 622 731 569 341 680 745 253
362 780 381 1772 637 320 676 436 676 524 1920 614 638 330 621 517 1027 164 465 306 621 560 211 556 525 992 808 234 337 538 1027 430 277 2101 478 400 496 248 1010 394 991 443 362 237 822 415 614 224 392 614 585 492 50 335 1010 1022 605 496 963 524 393 583 579 774 454 1010 326 362 362 834 1020 771 0 781 510 297 117 375 249 203 191 340 824 362 326 592
1053 71 660 2213 837 749 156 1186 156 792 2361 224 837 759 988 1030 1338 714 1203 602 987 871 760 714 683 1303 1007 983 682 999 1338 859 751 2542 1190 829 1245 797 1321 625 1302 611 1054 987 1022 726 224 585 821 224 920 650 777 764 1321 1333 706 1245 1275 1271 447 783 778 122 883 1321 755 1054 1112 1033 1331 970 781 0 1145 762 693 805 998 632 741 1090 1261 1053 755 792
465 1144 860 1486 622 619 1040 150 1040 928 1634 978 622 473 244 139 740 643 91 733 244 1039 689 1035 1003 706 589 366 816 160 741 366 756 1815 79 408 210 727 724 873 705 906 465 420 581 857 978 651 400 978 1042 971 520 479 724 736 1048 210 677 329 757 568 563 1138 341 724 620 465 196 568 734 506 510 1145 0 760 596 439 307 630 670 306 538 465 753 577
380 763 275 1956 703 386 741 630 741 303 2104 679 703 395 686 729 1204 164 696 372 686 485 140 329 297 1169 873 499 297 697 1204 495 206 2285 709 465 680 79 1187 240 1168 182 380 451 888 419 679 290 457 679 589 264 293 400 1187 1199 377 680 1141 598 458 648 644 814 519 1187 391 380 628 899 1197 836 297 763 761 0 208 441 514 268 257 475 1008 380 387 657
447 692 293 1858 549 232 587 522 587 436 2006 526 549 242 533 575 1050 76 550 218 532 472 122 468 436 1016 719 319 249 544 1050 341 189 2187 563 311 581 159 1034 306 1015 355 447 322 734 326 526 136 303 526 497 404 113 247 1034 1046 516 581 987 609 304 495 490 686 365 1034 237 447 448 745 1043 682 117 693 596 208 0 287 334 115 103 426 909 447 238 504
706 804 500 1685 309 216 699 556 699 668 1833 638 309 78 282 324 810 308 497 330 281 658 354 676 644 776 479 578 457 293 810 90 421 2014 484 60 616 392 793 514 775 573 706 581 494 454 638 248 52 638 638 611 372 83 794 806 724 616 747 734 416 255 250 798 114 794 217 706 508 505 803 442 375 805 439 441 287 0 593 227 335 684 733 706 350 264
349 998 598 1569 723 538 893 233 893 742 1717 831 722 547 419 313 823 382 261 524 418 778 428 774 742 789 672 94 554 335 823 541 494 1898 275 582 293 465 807 611 788 660 349 224 664 632 831 442 575 831 802 709 258 552 807 819 822 293 760 411 610 742 738 991 516 807 543 349 159 651 816 589 249 998 307 514 334 593 0 420 409 328 621 349 543 751
533 632 298 1865 489 172 527 608 527 496 2013 465 489 181 473 515 990 136 636 158 472 455 182 473 441 955 659 405 254 483 990 281 249 2194 649 251 667 219 973 311 954 370 533 409 674 266 465 76 243 465 436 409 199 186 973 985 521 668 927 695 244 435 430 625 305 973 177 533 534 685 983 622 203 632 630 268 115 227 420 0 163 512 913 533 147 444
522 740 202 1932 597 280 635 596 635 484 2080 574 597 290 581 623 1099 124 624 266 581 382 170 378 346 1064 768 394 158 592 1099 389 237 2261 638 359 656 208 1082 215 1063 275 522 397 782 236 574 184 352 574 406 313 188 295 1082 1094 426 656 1035 684 352 543 538 734 413 1082 285 522 522 793 1092 731 191 741 670 257 103 335 409 163 0 500 984 522 204 552
180 1089 690 1549 703 629 985 175 985 642 1697 923 703 639 517 412 804 473 242 615 517 869 520 768 736 769 652 313 646 433 804 639 586 1878 255 681 273 478 787 679 768 621 180 134 645 724 923 533 673 923 894 703 350 644 787 799 763 273 740 342 701 841 836 1083 614 787 635 180 259 631 797 569 340 1090 306 475 426 684 328 512 500 0 601 180 635 772
712 1260 1174 1135 474 912 1155 445 1155 1175 1284 1094 474 767 749 644 238 957 473 882 749 1332 1003 1300 1269 204 317 680 1130 665 238 761 1070 1465 487 731 377 1011 221 1187 202 1154 712 715 309 1006 1094 865 723 1094 1201 1236 833 773 222 234 1295 377 175 567 872 684 679 1254 785 222 914 712 491 296 231 341 824 1261 538 1008 909 733 621 913 984 601 0 712 1036 544
93 1054 618 1660 814 651 1006 334 1006 547 1809 944 814 660 676 570 915 468 400 637 675 829 444 673 641 880 764 334 641 592 915 760 510 1989 413 730 384 383 898 583 879 526 93 156 756 745 944 555 722 944 915 608 371 665 898 910 667 384 851 302 723 913 909 1104 773 898 656 93 418 742 908 680 362 1053 465 380 447 706 349 533 522 180 712 0 656 883
656 755 164 1988 612 295 650 731 650 474 2136 588 612 304 596 638 1113 259 759 254 595 321 305 339 307 1078 782 528 120 606 1113 404 254 2317 772 374 790 342 1096 177 1077 236 656 532 797 132 588 199 366 588 302 275 322 309 1096 1108 387 791 1050 818 367 558 553 748 428 1096 300 656 657 808 1106 745 326 755 753 387 238 350 543 147 204 635 1036 656 0 567
883 791 706 1496 120 443 686 616 686 885 1644 625 120 298 420 462 621 525 635 413 419 863 571 881 849 586 290 794 662 431 621 292 638 1825 622 262 549 608 604 719 585 778 883 798 305 537 625 396 254 625 732 817 589 304 604 616 929 548 558 738 403 215 210 785 316 604 445 883 646 316 614 253 592 792 577 657 504 264 751 444 552 772 544 883 567 0
EOF