NAME : tsp_problem
TYPE : TSP
DIMENSION : 64
EDGE_WEIGHT_TYPE : EXPLICIT
EDGE_WEIGHT_FORMAT : FULL_MATRIX
EDGE_WEIGHT_SECTION
0 332 413 376 304 893 314 634 698 587 654 579 453 2040 732 1164 798 316 899 470 314 699 402 393 1040 835 675 440 406 290 531 571 736 140 507 629 517 346 946 338 297 675 572 466 418 248 683 96 372 357 736 875 71 537 375 401 482 375 1165 297 736 477 353 454
332 0 143 602 163 634 401 613 440 328 396 689 312 1905 508 905 701 175 640 449 293 440 356 347 833 694 534 419 137 149 261 312 595 255 417 370 551 432 688 546 276 534 303 197 528 227 413 266 103 565 595 617 337 646 602 131 481 602 906 276 595 208 212 350
413 143 0 682 244 585 481 601 391 279 347 685 393 1855 459 856 781 256 591 530 374 391 436 428 784 775 614 500 88 230 212 263 676 336 498 321 632 513 639 626 357 615 254 147 608 308 364 346 65 645 676 568 417 727 682 82 562 683 857 357 676 159 293 431
375 602 682 0 574 737 623 407 814 856 924 288 723 1749 525 879 1054 585 744 309 583 814 692 684 749 1104 944 214 676 560 757 840 1006 448 798 898 826 654 694 646 360 944 716 736 127 517 603 405 642 612 1006 757 380 246 93 670 791 93 880 360 1006 747 623 745
304 163 244 574 0 724 253 585 529 418 485 661 284 1994 608 995 672 147 730 421 232 530 208 199 922 666 506 391 237 121 362 402 567 227 269 460 403 284 777 398 248 506 403 297 499 199 514 238 203 417 567 706 309 618 574 232 333 574 996 248 567 308 184 217
893 634 585 737 724 0 950 505 245 398 465 518 643 1439 623 333 1031 605 125 678 854 245 904 896 260 1025 864 767 578 632 572 381 926 816 854 352 1100 981 115 1095 837 865 578 507 693 788 661 826 556 1114 926 138 897 564 737 573 1030 737 334 837 926 519 639 777
314 401 481 623 253 950 0 727 755 644 711 802 510 2215 825 1221 665 376 956 563 150 755 147 139 1148 716 731 533 475 359 599 627 767 242 253 686 290 64 1003 204 390 732 641 535 641 211 751 253 441 223 767 932 279 760 623 469 200 623 1222 390 767 546 330 200
634 613 601 407 585 505 727 0 582 591 658 139 734 1517 173 647 1123 597 511 202 595 581 704 695 517 1116 956 291 594 571 405 575 1017 537 809 633 899 758 462 872 372 956 364 493 315 529 251 567 571 891 1017 524 639 186 407 588 829 407 648 372 1017 534 634 756
698 440 391 814 529 245 755 582 0 203 270 594 448 1515 560 516 837 411 251 755 659 78 710 701 444 830 670 785 384 437 378 187 732 621 660 157 905 786 298 900 642 670 383 313 770 593 466 632 361 919 732 228 703 641 814 378 835 814 517 642 732 324 445 582
591 450 440 861 422 558 648 752 364 0 77 836 342 1829 610 829 730 304 564 708 552 364 603 595 757 723 563 678 433 330 427 236 625 514 553 294 799 680 612 793 535 563 433 362 787 486 516 525 410 812 625 541 596 883 861 428 728 861 830 535 625 374 338 475
576 435 424 845 407 543 633 736 348 237 0 820 326 1813 594 814 714 288 549 693 536 348 587 579 741 708 547 663 418 314 412 221 609 498 537 279 783 664 596 777 520 548 417 347 771 470 500 509 395 796 609 525 580 867 845 412 713 845 815 520 609 358 322 460
579 689 685 288 661 518 802 139 594 675 743 0 810 1529 258 659 1198 672 524 312 670 594 779 771 529 1191 1031 301 678 646 490 659 1093 612 885 701 975 834 474 850 447 1031 448 577 196 604 336 608 655 815 1093 537 583 67 288 673 904 288 660 447 1093 619 710 832
453 312 393 723 284 643 510 734 448 337 405 810 0 1913 695 914 447 166 649 570 414 449 465 457 842 440 280 540 386 192 511 321 342 376 415 379 660 542 697 655 397 280 517 446 649 348 600 387 352 674 341 626 458 767 723 381 590 723 915 397 341 458 200 337
1855 1719 1670 1564 1809 1253 2029 1331 1330 1482 1550 1344 1728 0 1450 1206 2116 1690 1259 1504 1897 1329 1989 1981 1075 2110 1949 1593 1663 1716 1657 1466 2011 1839 1939 1436 2185 2061 1188 2126 1674 1950 1640 1592 1520 1831 1528 1870 1640 2091 2011 1272 1859 1390 1564 1658 2115 1564 1207 1674 2011 1604 1724 1862
732 508 459 525 608 623 825 173 560 449 517 258 695 1635 0 765 1083 620 630 300 693 561 801 792 635 1077 916 389 452 594 264 433 978 635 862 491 996 856 580 970 469 917 222 351 434 627 110 665 429 989 978 643 736 304 525 447 926 525 766 470 978 393 657 795
1164 905 856 879 995 333 1221 647 516 669 736 659 914 1391 765 0 1302 876 339 820 1124 516 1175 1167 172 1296 1135 909 849 902 843 652 1197 1087 1125 622 1371 1252 248 1366 989 1136 849 778 835 1058 843 1097 827 1384 1197 352 1168 706 879 844 1301 879 38 989 1197 790 910 1048
798 701 781 1054 672 1031 665 1123 837 725 793 1198 447 2302 1083 1302 0 554 1037 958 755 837 752 744 1230 122 224 928 774 580 899 709 156 764 803 767 868 696 1085 688 785 224 906 834 1037 736 989 775 740 650 156 1014 763 1156 1053 769 832 1053 1303 785 156 846 588 726
316 175 256 585 147 605 376 597 411 299 367 672 166 1876 620 876 554 0 611 433 277 411 331 323 804 547 387 403 249 58 374 283 449 239 281 341 527 408 659 521 260 387 415 309 511 211 526 249 215 540 449 588 320 630 585 243 456 585 877 260 449 320 66 203
899 640 591 744 730 125 956 511 251 404 471 524 649 1445 630 339 1037 611 0 684 860 251 910 902 267 1031 870 773 584 638 578 387 932 822 860 357 1106 987 121 1101 843 871 584 513 700 794 667 832 562 1120 932 144 903 570 743 579 1036 744 340 843 932 525 645 783
470 449 530 309 421 678 563 202 755 704 771 312 570 1690 300 820 958 433 684 0 430 754 539 531 690 952 791 127 523 407 532 687 853 373 645 746 735 594 635 708 207 792 491 583 235 364 378 403 489 726 853 697 474 354 309 517 665 309 821 207 853 594 470 592
314 293 374 583 232 854 150 595 659 548 615 670 414 2083 693 1124 755 277 860 430 0 659 126 118 1052 796 635 400 367 251 492 531 697 236 232 590 322 181 907 295 258 636 533 427 509 143 644 247 333 314 697 836 318 628 583 361 252 583 1125 258 697 438 309 179
699 440 391 814 530 245 755 581 78 203 271 594 449 1515 561 516 837 411 251 754 659 0 710 702 443 831 670 785 384 437 378 187 732 621 660 157 906 787 298 900 642 671 384 313 770 593 466 632 361 919 732 227 703 640 814 379 835 814 517 642 732 325 445 583
402 356 436 692 208 904 147 704 710 599 666 779 465 2175 801 1175 752 331 910 539 126 710 0 93 1103 803 686 509 429 313 554 582 748 330 207 641 211 178 958 292 366 687 595 489 618 187 706 340 395 311 748 887 366 737 692 424 140 692 1176 366 748 501 284 155
393 347 428 684 199 896 139 695 701 590 658 771 457 2166 792 1167 744 323 902 531 118 702 93 0 1095 795 678 501 421 305 546 574 740 321 199 632 219 170 950 284 358 678 587 481 610 179 698 332 387 303 740 879 358 728 684 416 149 684 1168 358 740 493 276 146
1040 833 784 749 922 260 1148 517 444 596 663 529 842 1261 635 172 1230 804 267 690 1052 443 1103 1095 0 1223 1063 778 777 830 771 580 1125 1014 1053 550 1299 1180 175 1293 859 1063 776 706 705 986 713 1025 754 1276 1125 280 1044 576 749 772 1228 749 173 859 1125 717 838 975
835 694 775 1104 666 1025 715 1116 830 719 786 1191 440 2295 1077 1296 122 547 1031 952 796 831 803 795 1223 0 217 922 768 574 893 703 149 758 796 761 919 747 1078 739 779 217 899 828 1030 730 982 768 734 701 150 1007 813 1149 1104 763 883 1104 1297 779 149 839 581 719
675 534 614 944 506 864 731 956 670 559 626 1031 280 2135 916 1135 224 387 870 791 635 670 686 678 1063 217 0 761 607 413 732 542 119 597 636 601 882 763 918 858 619 83 739 667 870 569 822 608 574 820 119 847 679 989 944 602 811 944 1136 618 119 679 421 559
440 419 500 214 391 767 533 291 785 674 741 301 540 1779 389 909 928 403 773 127 400 785 509 501 778 922 761 0 493 377 618 657 823 343 615 716 705 564 724 678 177 762 580 553 140 334 467 373 459 697 823 786 444 259 214 488 635 214 910 177 823 564 440 562
406 137 88 676 237 578 475 594 384 272 340 678 386 1849 452 849 774 249 584 523 367 384 429 421 777 768 607 493 0 223 205 256 669 329 491 314 625 506 632 619 350 608 247 141 601 301 357 339 58 638 669 561 411 720 675 75 555 676 850 350 669 152 286 424
290 149 230 560 121 632 359 571 437 326 393 646 192 1902 594 902 580 58 638 407 251 437 313 305 830 574 413 377 223 0 348 309 475 213 307 368 509 390 685 503 234 414 389 283 485 185 500 223 189 522 475 614 295 604 559 218 439 560 903 234 475 294 92 230
531 261 212 757 362 572 599 405 378 266 334 490 511 1843 264 843 899 374 578 532 492 378 554 546 771 893 732 618 205 348 0 250 794 454 616 308 750 631 626 744 475 733 58 105 665 426 169 464 183 763 794 555 535 536 757 200 679 757 844 475 794 146 411 549
611 471 460 881 442 578 668 772 384 273 98 856 362 1849 630 849 750 324 584 728 572 384 623 615 777 744 583 698 453 350 447 0 645 534 573 315 819 700 632 813 555 583 453 382 807 506 536 545 431 832 645 561 616 903 881 448 748 881 850 555 645 394 358 496
736 595 676 1006 567 926 767 1017 732 620 688 1093 342 2196 978 1197 156 449 932 853 697 732 748 740 1125 149 119 823 669 475 794 604 0 659 698 662 944 798 980 790 680 119 801 729 932 631 883 670 635 752 75 909 741 1051 1006 664 873 1006 1198 680 75 741 483 620
140 255 336 449 227 816 242 537 621 510 577 612 376 2025 635 1087 764 239 822 373 236 621 330 321 1014 758 597 343 329 213 454 493 659 0 435 552 500 274 869 387 200 598 495 389 451 170 606 73 295 406 659 798 144 570 448 323 410 448 1088 200 659 400 276 383
507 417 498 798 269 854 253 809 660 548 616 885 415 2125 862 1125 803 281 860 645 232 660 207 199 1053 796 636 615 491 307 616 532 698 435 0 590 275 284 908 397 472 636 657 551 723 293 768 446 457 416 698 837 472 842 798 486 333 798 1126 472 698 562 234 104
629 370 321 898 460 352 686 633 157 134 201 701 379 1622 491 622 767 341 357 746 590 157 641 632 550 761 601 716 314 368 308 117 662 552 590 0 836 717 405 831 573 601 314 243 824 524 397 562 292 850 662 334 633 747 898 309 766 899 623 573 662 255 375 513
517 551 632 826 403 1100 290 899 905 794 861 975 660 2370 996 1371 868 527 1106 735 322 906 211 219 1299 919 882 705 625 509 750 778 944 500 275 836 0 245 1153 200 562 882 791 685 813 383 902 511 591 427 944 1083 482 932 826 620 124 826 1372 562 944 696 480 350
346 432 513 655 284 981 64 758 786 675 743 834 542 2246 856 1252 696 408 987 594 181 787 178 170 1180 747 763 564 506 390 631 659 798 274 284 717 245 0 1035 233 421 763 672 566 673 242 783 284 472 255 799 964 310 792 654 501 155 654 1253 421 799 578 361 231
946 688 639 694 777 115 1003 462 298 451 518 474 697 1373 580 248 1085 659 121 635 907 298 958 950 175 1078 918 724 632 685 626 435 980 869 908 405 1153 1035 0 1148 804 918 631 561 650 841 658 880 609 1167 980 134 951 521 694 626 1083 694 249 805 980 572 693 830
338 546 626 647 398 1095 204 872 900 789 856 850 655 2311 970 1366 688 521 1101 708 295 900 292 284 1293 739 859 678 619 503 744 772 791 387 397 831 200 233 1148 0 535 858 785 679 689 356 896 367 586 247 791 1077 302 808 646 614 179 646 1366 535 791 691 474 345
297 276 357 360 248 837 390 372 642 531 598 447 397 1859 469 989 785 260 843 207 258 642 366 358 859 779 619 177 350 234 475 515 680 200 472 573 562 421 804 535 0 619 516 410 286 192 547 230 316 554 680 819 301 405 360 345 492 360 990 55 680 421 297 419
675 534 615 944 506 865 732 956 670 559 626 1031 280 2135 917 1136 224 387 871 792 636 671 687 678 1063 217 83 762 608 414 733 543 119 598 636 601 882 763 918 858 619 0 739 668 870 570 822 608 574 820 119 847 679 989 944 603 812 945 1137 619 119 679 421 559
572 303 254 716 403 578 641 364 383 272 339 448 517 1826 222 849 906 415 584 491 533 384 595 587 776 899 739 580 247 389 58 256 801 495 657 314 791 672 631 785 516 739 0 146 624 467 128 505 224 804 801 560 577 495 716 241 721 716 850 516 801 187 452 590
466 197 147 736 297 507 535 493 313 202 269 577 446 1778 351 778 834 309 513 583 427 313 489 481 706 828 667 553 141 283 105 185 729 389 551 243 685 566 561 679 410 668 146 0 661 361 257 399 118 698 729 490 471 624 735 135 615 736 779 410 729 81 346 484
418 528 608 127 499 693 641 315 770 782 850 196 649 1705 434 835 1037 511 700 235 509 770 618 610 705 1030 870 140 601 485 665 766 932 451 723 824 813 673 650 689 286 870 624 661 0 443 511 447 567 654 932 713 422 154 127 596 743 127 836 286 932 673 549 671
248 227 308 517 199 788 211 529 593 482 549 604 348 2016 627 1058 736 211 794 364 143 593 187 179 986 730 569 334 301 185 426 465 631 170 293 524 383 242 841 356 192 570 467 361 443 0 578 181 267 375 631 770 252 562 517 295 313 517 1059 192 631 372 248 240
683 413 364 603 514 661 751 251 466 355 422 336 600 1713 110 843 989 526 667 378 644 466 706 698 713 982 822 467 357 500 169 338 883 606 768 397 902 783 658 896 547 822 128 257 511 578 0 616 335 915 883 643 687 382 603 352 832 603 844 547 883 298 563 701
96 266 346 405 238 826 253 567 632 520 588 608 387 2055 665 1097 775 249 832 403 247 632 340 332 1025 768 608 373 339 223 464 504 670 73 446 562 511 284 880 367 230 608 505 399 447 181 616 0 306 386 670 809 100 566 405 334 421 405 1098 230 670 411 287 393
372 103 65 642 203 556 441 571 361 250 317 655 352 1826 429 827 740 215 562 489 333 361 395 387 754 734 574 459 58 189 183 233 635 295 457 292 591 472 609 586 316 574 224 118 567 267 335 306 0 605 635 538 377 686 642 53 521 642 828 316 635 129 252 390
357 565 645 612 417 1114 223 891 919 808 875 816 674 2277 989 1384 650 540 1120 726 314 919 311 303 1277 701 821 697 638 522 763 791 752 406 416 850 427 255 1167 247 554 820 804 698 655 375 915 386 605 0 753 1096 321 773 612 633 391 612 1385 554 752 710 493 364
736 595 676 1006 567 926 767 1017 732 620 688 1093 341 2196 978 1197 156 449 932 853 697 732 748 740 1125 150 119 823 669 475 794 604 75 659 698 662 944 798 980 791 680 119 801 729 932 631 883 670 635 752 0 909 741 1051 1006 664 873 1006 1198 680 75 741 483 620
875 617 568 757 706 138 932 524 228 380 447 537 626 1458 643 352 1014 588 144 697 836 227 887 879 280 1007 847 786 561 614 555 364 909 798 837 334 1083 964 134 1077 819 847 560 490 713 770 643 809 538 1096 909 0 880 583 757 556 1012 757 353 819 909 501 622 759
71 337 417 380 309 897 279 639 703 591 659 583 458 2045 736 1168 763 320 903 474 318 703 366 358 1045 813 679 444 411 295 535 575 741 144 472 633 482 310 951 302 301 679 577 471 422 252 687 100 377 321 741 880 0 541 380 405 447 380 1169 301 741 482 358 419
536 646 727 246 618 564 760 186 641 722 789 67 767 1576 304 706 1156 630 570 354 628 640 737 728 576 1149 989 259 720 604 536 705 1051 570 842 747 932 792 521 807 405 989 495 624 154 562 382 566 686 773 1051 583 541 0 245 715 862 246 707 405 1051 665 668 790
375 602 682 93 574 737 623 407 814 856 924 288 723 1749 525 879 1053 585 743 309 583 814 692 684 749 1104 944 214 675 559 757 840 1006 448 798 898 826 654 694 646 360 944 716 735 127 517 603 404 642 612 1006 757 380 245 0 670 790 93 880 360 1006 747 623 745
401 131 82 670 232 573 469 588 378 267 334 673 381 1843 447 844 769 243 579 517 361 379 424 416 772 763 602 488 75 218 200 251 664 323 486 309 620 501 626 614 345 603 241 135 596 295 352 334 53 633 664 556 405 715 670 0 549 670 845 345 664 147 281 418
482 481 562 791 333 1030 200 829 835 724 791 904 590 2300 926 1301 833 456 1036 665 252 835 140 149 1228 883 811 635 555 439 679 708 873 410 333 766 124 155 1083 179 492 812 721 615 743 313 832 421 521 391 873 1012 447 862 791 549 0 791 1302 492 873 626 410 280
375 602 683 93 574 737 623 407 814 857 924 288 723 1749 525 879 1053 585 744 309 583 814 692 684 749 1104 944 214 676 560 757 840 1006 448 798 899 826 654 694 646 360 945 716 736 127 517 603 404 642 612 1006 757 380 246 93 670 790 0 880 360 1006 747 623 745
1165 906 857 880 996 334 1222 648 517 669 737 660 915 1392 766 38 1303 877 340 821 1125 517 1176 1168 173 1297 1136 910 850 903 844 653 1198 1088 1126 623 1372 1253 249 1366 990 1137 850 779 836 1059 844 1098 828 1385 1198 353 1169 707 880 845 1302 880 0 990 1198 791 911 1049
297 276 357 360 248 837 390 372 642 531 598 447 397 1859 470 989 785 260 843 207 258 642 366 358 859 779 618 177 350 234 475 515 680 200 472 573 562 421 805 535 55 619 516 410 286 192 547 230 316 554 680 819 301 405 360 345 492 360 990 0 680 421 297 419
736 595 676 1006 567 926 767 1017 732 620 688 1093 341 2196 978 1197 156 449 932 853 697 732 748 740 1125 149 119 823 669 475 794 604 75 659 698 662 944 798 980 790 680 119 801 729 932 631 883 670 635 752 75 909 741 1051 1006 664 873 1006 1198 680 0 741 483 620
477 208 159 747 308 519 546 534 324 213 280 619 458 1789 393 790 846 320 525 594 438 325 501 493 717 839 679 564 152 294 146 197 741 400 562 255 696 578 572 691 421 679 187 81 673 372 298 411 129 710 741 501 482 665 747 147 626 747 791 421 741 0 358 495
353 212 293 623 184 639 330 634 445 333 401 710 200 1909 657 910 588 66 645 470 309 445 284 276 838 581 421 440 286 92 411 317 483 276 234 375 480 361 693 474 297 421 452 346 549 248 563 287 252 493 483 622 358 668 623 281 410 623 911 297 483 358 0 157
454 350 431 745 217 777 200 756 582 471 538 832 337 2047 795 1048 726 203 783 592 179 583 155 146 975 719 559 562 424 230 549 455 620 383 104 513 350 231 830 345 419 559 590 484 671 240 701 393 390 364 620 759 419 790 745 418 280 745 1049 419 620 495 157 0
EOF