NAME : tsp_problem
TYPE : TSP
DIMENSION : 48
EDGE_WEIGHT_TYPE : EXPLICIT
EDGE_WEIGHT_FORMAT : FULL_MATRIX
EDGE_WEIGHT_SECTION
0 612 1175 1054 156 705 1303 1034 72 491 745 836 1128 759 983 709 71 906 749 1275 1111 71 71 1198 1161 901 774 850 664 745 970 563 726 780 1084 1225 547 898 772 837 623 899 782 727 156 950 926 447
612 0 773 647 507 426 935 570 611 497 199 250 664 173 519 478 612 538 219 907 647 612 612 734 697 533 310 430 296 281 506 99 139 330 682 857 452 514 589 469 391 531 457 359 507 486 339 224
1175 773 0 429 1069 769 670 322 1174 977 816 962 300 885 349 1012 1174 558 818 641 254 1174 1174 176 140 552 687 772 550 658 287 724 876 707 134 463 933 323 871 604 875 551 995 476 1069 419 1052 786
1053 647 429 0 1006 424 880 124 1054 633 684 831 218 754 334 667 1054 768 688 851 200 1054 1054 287 398 762 555 428 795 526 321 598 745 478 536 673 588 725 527 814 530 761 740 803 1006 191 920 723
156 507 1069 1006 0 785 1198 929 155 594 680 731 1023 654 878 811 155 801 685 1169 1005 156 156 1093 1056 796 669 789 559 640 864 458 620 689 978 1120 649 793 874 732 725 794 884 621 75 845 821 341
705 426 769 424 785 0 1214 464 706 285 301 448 558 371 543 266 706 816 305 1185 540 706 706 627 721 811 334 168 574 305 530 377 362 218 791 1013 240 658 327 747 129 809 339 582 785 510 537 502
1303 935 670 880 1198 1214 0 820 1303 1406 1109 1160 798 1083 848 1387 1303 444 1114 76 752 1303 1303 675 639 449 1097 1217 678 1069 785 886 1049 1118 777 324 1362 842 1322 517 1301 451 1366 671 1198 918 1249 915
1034 570 322 124 929 463 820 0 1033 672 608 754 110 677 257 707 1034 708 612 792 93 1034 1034 180 291 703 478 467 718 449 244 521 668 498 428 613 628 618 566 754 570 701 779 726 929 114 844 646
72 611 1174 1054 155 706 1303 1033 0 492 745 835 1127 758 982 710 72 906 749 1274 1110 72 72 1197 1160 900 773 851 663 744 969 562 725 781 1083 1225 547 897 772 836 623 898 783 726 155 949 925 446
497 497 978 633 600 285 1406 673 498 0 324 471 767 394 772 289 498 1009 328 1378 749 498 498 836 947 1004 361 430 767 386 759 541 385 360 1020 1222 80 863 351 940 202 1002 361 786 600 739 560 695
745 199 816 684 680 301 1109 608 746 324 0 173 702 96 557 305 745 712 47 1080 684 745 745 771 735 706 145 446 470 171 543 243 87 255 750 1031 280 581 425 643 219 704 284 505 680 524 263 397
836 250 962 831 731 448 1160 754 835 471 173 0 848 120 703 399 836 763 193 1131 831 836 836 918 881 757 291 593 520 317 690 294 138 401 896 1081 426 728 571 693 365 755 344 583 731 670 114 448
1128 664 300 218 1023 557 798 110 1127 766 702 848 0 771 351 801 1127 686 706 770 71 1128 1128 158 269 681 572 561 812 543 338 615 762 592 406 591 722 596 660 732 664 679 873 749 1023 208 937 740
759 173 885 754 654 371 1083 677 758 394 96 120 771 0 626 374 759 685 116 1054 753 759 759 841 804 680 214 516 443 240 613 217 61 324 819 1004 349 651 494 616 288 678 353 506 654 593 210 371
983 519 349 334 878 543 848 257 982 772 557 703 351 626 0 753 982 736 561 819 334 983 983 354 267 730 427 547 667 398 112 470 617 447 337 640 727 527 706 781 649 728 735 675 878 173 792 595
709 478 1012 667 811 266 1387 707 710 289 305 399 801 374 753 0 710 990 309 1359 783 710 709 870 931 985 342 411 748 367 740 522 366 341 1001 1256 244 844 389 921 183 983 95 767 811 720 312 676
71 612 1174 1054 155 706 1303 1034 72 492 745 836 1127 759 982 709 0 906 749 1274 1110 72 72 1197 1161 900 774 851 664 745 969 563 725 780 1083 1225 547 897 772 837 623 898 782 726 155 949 925 446
906 538 558 768 801 816 444 708 906 1009 712 763 686 685 736 990 906 0 716 416 641 906 906 563 527 50 700 820 281 672 674 489 652 720 631 393 965 445 980 120 904 48 969 274 801 806 852 518
749 219 818 688 685 305 1114 612 750 328 47 193 706 116 561 309 749 716 0 1085 688 749 749 775 739 711 149 450 474 175 547 263 107 259 727 1035 284 558 429 647 223 709 288 482 685 527 283 402
1275 907 641 851 1169 1185 76 792 1274 1378 1080 1131 770 1054 819 1359 1274 416 1085 0 724 1274 1274 646 610 421 1069 1188 650 1040 757 858 1020 1089 748 295 1333 813 1294 488 1272 422 1337 642 1169 889 1220 886
1111 647 254 200 1005 540 752 93 1110 749 684 831 71 753 334 783 1110 641 688 724 0 1110 1110 112 223 635 555 544 776 526 320 598 744 575 360 545 704 550 643 686 646 633 856 703 1005 190 920 722
71 612 1174 1054 156 706 1303 1034 72 492 745 836 1128 759 983 709 72 906 749 1274 1110 0 71 1197 1161 900 774 851 664 745 969 563 725 780 1083 1225 547 898 772 837 623 898 782 726 156 949 925 446
71 612 1174 1054 156 705 1303 1034 72 492 745 836 1128 759 983 709 72 906 749 1274 1110 71 0 1198 1161 901 774 850 664 745 969 563 725 780 1083 1225 547 898 772 837 623 899 782 726 156 950 926 446
1198 734 176 287 1093 627 675 180 1197 836 771 918 158 841 354 870 1197 563 775 646 112 1197 1198 0 145 557 642 631 698 613 291 685 832 662 283 468 791 472 730 608 733 555 943 625 1093 278 1007 809
1161 697 140 398 1056 721 639 291 1160 947 735 881 269 804 267 931 1161 527 739 610 223 1161 1161 145 0 522 605 725 638 576 205 648 795 625 223 432 902 412 840 573 828 520 914 565 1056 351 971 773
901 533 552 762 796 811 449 703 900 1004 706 757 681 680 730 985 900 50 711 421 635 900 901 557 522 0 695 815 276 666 668 484 646 715 625 388 959 439 974 114 898 42 963 268 796 800 846 512
774 310 687 555 669 334 1097 478 773 361 145 291 572 214 427 342 774 700 149 1069 555 774 774 642 605 695 0 338 458 58 414 261 205 238 675 978 316 542 461 631 255 693 324 466 669 394 381 386
850 430 773 428 789 168 1217 467 851 430 446 593 561 516 547 411 851 820 450 1188 544 851 851 631 725 815 338 0 578 309 534 381 507 222 795 1016 385 662 331 751 274 813 484 586 789 514 682 506
664 296 550 795 559 574 678 718 663 767 470 520 812 443 667 748 664 281 474 650 776 664 664 698 638 276 458 578 0 429 654 247 410 478 459 600 722 273 737 212 662 274 727 102 559 634 610 276
745 281 658 526 640 305 1069 449 744 386 171 317 543 240 398 367 745 672 175 1040 526 745 745 613 576 666 58 309 429 0 385 232 231 209 646 949 342 513 468 602 281 664 350 437 640 365 407 357
970 506 287 321 864 530 785 244 969 759 543 690 338 613 112 740 969 674 547 757 320 969 969 291 205 668 414 534 654 385 0 457 604 434 275 578 714 465 693 719 636 666 722 618 865 160 779 581
563 99 724 598 458 377 886 521 562 541 243 294 615 217 470 522 563 489 263 858 598 563 563 685 648 484 261 381 247 232 457 0 183 281 633 808 496 465 540 420 436 482 501 310 458 437 384 175
726 139 876 745 620 362 1049 668 725 385 87 138 762 61 617 366 725 652 107 1020 744 725 725 832 795 646 205 507 410 231 604 183 0 315 796 971 340 627 485 583 279 644 344 472 620 584 227 337
780 330 707 478 689 218 1118 498 781 360 255 401 592 324 447 341 781 720 259 1089 575 781 780 662 625 715 238 222 478 209 434 281 315 0 695 998 315 562 381 651 254 713 323 486 689 414 491 406
1084 682 134 536 978 791 777 428 1083 1020 750 896 406 819 337 1001 1083 631 727 748 360 1083 1083 283 223 625 675 795 459 646 275 633 796 695 0 570 976 232 954 561 898 623 983 385 978 421 986 695
1225 857 463 673 1120 1012 324 613 1225 1221 1031 1081 591 1004 640 1256 1225 393 1035 295 545 1225 1225 468 432 388 978 1016 600 949 578 808 971 998 570 0 1177 759 1115 439 1119 386 1286 593 1120 711 1171 837
553 452 933 588 655 240 1362 628 553 80 280 426 722 349 727 244 553 965 284 1333 705 553 553 792 902 959 316 385 722 342 714 496 340 315 976 1177 0 818 307 895 158 957 317 742 655 694 515 650
898 514 323 725 793 658 842 618 897 863 581 728 596 651 527 844 897 445 558 813 550 898 898 472 412 439 542 662 273 513 465 465 627 562 232 759 818 0 821 376 757 438 823 200 793 611 817 510
772 589 872 527 874 327 1323 567 773 351 425 571 660 494 706 389 772 980 429 1294 643 772 772 730 841 974 461 331 737 468 693 540 485 381 954 1115 307 821 0 910 303 972 462 745 874 634 661 665
837 469 604 814 732 747 517 754 836 940 643 693 732 616 781 921 837 120 647 488 686 837 837 608 573 114 631 751 212 602 719 420 583 651 561 439 895 376 910 0 835 112 900 204 732 807 783 449
623 391 875 530 725 129 1301 570 624 202 219 365 664 288 649 183 623 904 223 1272 647 623 623 734 828 898 255 274 662 281 636 436 279 254 898 1119 158 757 303 835 0 896 256 681 725 616 455 589
899 531 551 761 794 809 451 701 898 1002 704 755 679 678 728 983 898 48 709 422 633 898 899 555 520 42 693 813 274 664 666 482 644 713 623 386 957 438 972 112 896 0 962 266 794 798 845 511
782 457 995 740 884 339 1366 780 783 361 284 344 874 353 735 95 783 969 288 1337 856 782 782 943 914 963 324 484 727 350 722 501 344 323 983 1286 317 823 462 900 256 962 0 746 884 702 256 655
727 359 476 803 621 582 671 726 726 786 505 583 749 506 675 767 726 274 482 642 703 726 726 625 565 268 466 586 102 437 618 310 472 486 385 593 742 200 745 204 681 266 746 0 621 642 672 338
156 507 1069 1006 75 785 1198 929 155 594 680 731 1023 654 878 811 155 801 685 1169 1005 156 156 1093 1056 796 669 789 559 640 865 458 620 689 978 1120 649 793 874 732 725 794 884 621 0 845 821 341
950 486 419 191 845 510 918 114 949 739 524 670 208 593 173 720 949 806 527 889 190 949 950 278 351 800 394 514 634 365 160 437 584 414 421 711 694 611 633 807 616 798 702 642 845 0 759 562
926 339 1052 920 821 537 1249 844 925 560 263 114 937 210 792 312 925 852 283 1220 920 925 926 1007 971 846 381 682 610 407 779 384 227 491 986 1171 515 817 661 783 455 845 256 672 821 759 0 537
447 224 786 723 341 502 915 646 446 695 397 448 740 371 595 676 446 518 402 886 722 446 446 809 773 512 386 506 276 357 581 175 337 406 695 837 650 510 665 449 589 511 655 338 341 562 537 0
EOF