NAME : tsp_problem
TYPE : TSP
DIMENSION : 40
EDGE_WEIGHT_TYPE : EXPLICIT
EDGE_WEIGHT_FORMAT : FULL_MATRIX
EDGE_WEIGHT_SECTION
0 192 620 569 653 277 412 575 408 281 1024 360 263 224 214 285 502 180 509 960 1032 1040 558 96 1148 272 295 333 432 376 805 396 923 544 313 1113 229 453 542 546
192 0 672 621 825 329 583 627 536 453 1196 413 391 276 342 413 554 352 637 1132 1203 1212 610 261 1319 324 423 385 484 429 976 524 1094 672 465 1284 281 581 669 674
618 670 0 84 1106 598 864 897 809 879 1477 682 628 545 615 686 520 778 910 1413 1484 1492 879 687 1600 474 696 655 235 698 1257 797 1375 945 738 1565 551 854 943 947
567 620 84 0 1055 547 814 846 758 828 1426 631 577 494 564 635 469 727 859 1362 1434 1442 828 636 1549 423 645 604 244 647 1207 746 1324 894 688 1514 500 803 892 896
653 825 1107 1056 0 764 259 1062 370 554 583 848 500 606 518 448 989 507 457 519 590 598 1045 591 706 659 489 820 919 864 363 390 481 428 386 671 582 513 423 415
277 329 600 549 764 0 523 522 468 538 1135 307 323 204 274 344 481 437 568 1071 1143 1151 504 346 1259 252 354 280 412 323 916 456 1034 604 397 1224 209 513 601 606
412 583 866 815 259 523 0 821 159 313 630 606 259 365 277 207 748 266 246 566 638 646 804 350 754 418 247 579 678 622 411 180 529 218 145 719 341 302 213 205
575 627 898 847 1062 522 821 0 766 836 1433 451 621 502 572 643 780 735 867 1370 1441 1449 38 644 1557 550 652 424 710 467 1214 754 1332 902 695 1522 508 811 899 904
408 536 811 760 370 468 159 766 0 385 741 551 203 309 222 182 692 338 250 677 749 757 749 422 864 362 136 524 623 567 522 52 639 200 217 829 286 194 198 213
281 453 881 830 554 538 313 836 385 0 925 621 327 392 320 275 762 135 530 861 933 941 818 219 1048 446 316 594 693 637 706 373 824 512 213 1013 369 474 508 500
1024 1196 1478 1427 583 1135 630 1433 741 925 0 1219 871 977 889 819 1360 878 828 87 59 290 1416 963 398 1030 860 1191 1291 1235 307 761 125 799 758 363 954 884 794 786
360 413 683 633 848 307 606 451 551 621 1219 0 406 287 357 428 565 520 652 1155 1226 1235 434 429 1342 335 438 67 496 63 1000 539 1117 687 481 1307 293 596 685 689
263 391 630 579 500 323 259 621 203 327 871 406 0 165 77 80 511 280 304 807 879 887 604 332 994 213 90 379 442 422 652 191 769 339 133 959 141 248 337 341
224 276 547 496 606 204 365 502 309 392 977 287 165 0 115 186 428 345 410 913 985 993 485 293 1100 199 196 260 359 303 758 297 875 445 239 1065 51 354 443 447
214 342 617 566 518 274 277 572 222 320 889 357 77 115 0 98 498 273 322 825 897 905 554 283 1012 168 108 330 429 373 670 209 788 358 151 977 92 266 355 360
285 413 687 637 448 344 207 643 182 275 819 428 80 186 98 0 569 228 283 755 827 835 625 313 942 239 69 401 500 444 600 170 718 318 81 907 163 227 316 320
502 554 510 459 989 482 748 780 693 762 1360 565 512 429 498 569 0 661 793 1296 1368 1376 763 571 1483 357 579 538 323 581 1141 680 1259 829 622 1448 434 737 826 831
180 352 780 729 507 437 266 735 338 135 878 520 280 345 273 228 661 0 483 814 886 894 717 118 1001 399 269 493 592 536 659 326 777 465 166 966 322 427 461 453
509 637 911 860 457 568 246 867 250 530 828 652 304 410 322 283 793 483 0 764 836 844 849 567 951 463 236 625 724 668 609 238 726 80 336 916 387 78 76 68
960 1132 1414 1364 519 1071 566 1370 677 861 87 1155 807 913 825 755 1296 814 764 0 95 226 1352 899 334 966 796 1128 1227 1171 243 697 78 735 694 299 890 820 731 722
1032 1203 1486 1435 590 1143 638 1441 749 933 59 1226 879 985 897 827 1368 886 836 95 0 298 1424 970 405 1038 867 1199 1298 1242 315 769 133 807 765 370 961 891 802 794
1040 1212 1494 1443 598 1151 646 1449 757 941 290 1235 887 993 905 835 1376 894 844 226 298 0 1432 978 187 1046 876 1207 1306 1251 323 777 189 815 773 152 969 900 810 802
558 610 881 830 1045 504 804 38 749 818 1416 434 604 485 554 625 762 717 849 1352 1424 1432 0 626 1539 532 635 406 693 450 1197 736 1315 885 678 1504 490 793 882 887
96 261 689 638 591 346 350 644 422 219 963 429 332 293 283 313 570 118 567 899 970 978 626 0 1086 340 353 402 501 445 743 410 861 550 251 1051 298 512 545 537
1148 1319 1602 1551 706 1259 754 1557 864 1048 398 1342 994 1100 1012 942 1483 1001 951 334 405 187 1539 1086 0 1153 983 1315 1414 1358 430 885 296 922 881 259 1077 1007 918 910
272 324 475 424 659 252 418 550 362 446 1030 335 213 199 168 239 357 399 463 966 1038 1046 532 340 1153 0 249 308 287 351 811 350 929 499 292 1118 204 407 496 501
295 423 697 646 489 354 247 652 136 316 860 438 90 196 108 69 579 269 236 796 867 876 635 353 983 249 0 410 510 454 641 124 758 272 122 948 173 181 269 274
333 385 656 605 820 280 579 424 524 594 1191 67 379 260 330 401 538 493 625 1128 1199 1207 406 402 1315 308 410 0 469 83 972 512 1090 660 453 1280 266 569 657 662
427 479 235 240 914 407 673 705 617 687 1285 490 436 353 423 494 328 586 718 1221 1293 1301 687 495 1408 282 504 463 0 506 1066 605 1183 753 547 1373 359 662 751 755
376 429 699 649 864 323 622 467 567 637 1235 63 422 303 373 444 581 536 668 1171 1242 1251 450 445 1358 351 454 83 512 0 1015 555 1133 703 496 1323 309 612 701 705
805 976 1259 1208 363 916 411 1214 522 706 307 1000 652 758 670 600 1141 659 609 243 315 323 1197 743 430 811 641 972 1071 1015 0 542 206 580 538 395 734 665 575 567
396 524 799 748 390 456 180 754 52 373 761 539 191 297 209 170 680 326 238 697 769 777 736 410 885 350 124 512 611 555 542 0 660 188 205 850 274 182 186 203
923 1094 1377 1326 481 1034 529 1332 639 824 125 1117 769 875 788 718 1258 777 726 78 133 189 1315 861 296 929 758 1090 1189 1133 206 660 0 698 656 261 852 782 693 685
544 672 947 896 428 604 218 902 200 512 799 687 339 445 358 318 828 465 80 735 807 815 885 550 922 499 272 660 759 703 580 188 698 0 345 887 422 136 47 39
313 465 740 689 386 397 145 695 217 213 758 481 133 239 151 81 622 166 336 694 765 773 678 251 881 292 122 453 552 496 538 205 656 345 0 846 215 280 340 332
1113 1284 1567 1516 671 1224 719 1522 829 1013 363 1307 959 1065 977 907 1448 966 916 299 370 152 1504 1051 259 1118 948 1280 1379 1323 395 850 261 887 846 0 1042 972 883 875
229 281 552 501 582 209 341 508 286 369 954 293 141 51 92 163 434 322 387 890 961 969 490 298 1077 204 173 266 365 309 734 274 852 422 215 1042 0 331 419 424
453 581 856 805 513 513 302 811 194 474 884 596 248 354 266 227 737 427 78 820 891 900 793 512 1007 407 181 569 668 612 665 182 782 136 280 972 331 0 132 116
542 669 944 893 423 601 213 899 198 508 794 685 337 443 355 316 826 461 76 731 802 810 882 545 918 496 269 657 757 701 575 186 693 47 340 883 419 132 0 34
546 674 949 898 415 606 205 904 213 500 786 689 341 447 360 320 830 453 68 722 794 802 887 537 910 501 274 662 761 705 567 203 685 39 332 875 424 116 34 0
EOF