NAME : tsp_problem
TYPE : TSP
DIMENSION : 30
EDGE_WEIGHT_TYPE : EXPLICIT
EDGE_WEIGHT_FORMAT : FULL_MATRIX
EDGE_WEIGHT_SECTION
0 1081 1739 1066 1162 1085 986 436 905 731 966 529 674 1095 935 609 1386 1802 1693 1962 1487 617 1245 477 838 1812 836 1720 1916 1130
1162 0 715 286 268 82 526 940 287 379 764 806 641 220 382 510 639 1257 630 1484 739 805 437 946 613 1334 611 893 1192 442
1824 715 0 959 879 756 1204 1598 983 1075 1183 1463 1337 894 833 1142 714 754 174 1081 683 1437 735 1603 1076 838 1081 227 638 1052
1055 286 959 0 293 327 420 924 246 447 898 839 535 90 592 578 884 1502 875 1729 984 864 682 978 696 1579 694 1138 1436 345
1151 268 879 293 0 309 367 1020 342 543 991 935 631 227 631 674 866 1485 794 1711 966 960 664 1074 792 1561 790 1067 1419 186
1165 82 756 327 309 0 530 944 291 382 805 810 645 261 386 513 680 1298 671 1525 780 809 478 949 617 1375 615 934 1232 482
976 526 1196 420 367 530 0 845 264 464 916 759 415 450 610 514 1132 1678 1118 1837 1232 784 930 899 714 1688 711 1380 1684 222
754 926 1583 954 1050 929 875 0 750 576 810 373 603 984 779 453 1230 1647 1537 1806 1331 461 1089 321 683 1657 680 1564 1760 1019
899 287 983 246 342 291 264 765 0 225 676 634 378 275 371 356 893 1438 898 1598 993 652 691 774 474 1448 472 1156 1445 311
816 379 1075 447 543 382 464 590 225 0 633 456 429 476 327 211 849 1395 990 1555 950 481 648 596 431 1405 429 1112 1402 511
1125 764 1183 898 991 805 916 899 676 633 0 559 949 927 468 601 618 978 1150 1137 698 517 489 603 288 987 292 1164 1091 962
804 806 1463 839 935 810 759 578 634 456 559 0 628 868 659 334 1041 1447 1417 1606 1141 115 913 166 536 1457 534 1444 1560 903
664 641 1337 535 631 645 415 533 378 429 949 628 0 564 717 391 1238 1711 1252 1871 1339 653 1037 767 747 1721 745 1501 1791 544
1085 220 894 90 227 261 450 954 275 476 927 868 564 0 583 607 818 1436 809 1663 918 893 616 1008 725 1513 723 1072 1370 305
1020 382 833 592 631 386 610 794 371 327 468 659 717 583 0 338 551 1169 800 1341 651 633 349 799 314 1191 312 814 1104 657
694 510 1142 578 674 513 514 468 356 211 601 334 391 607 338 0 860 1363 1109 1523 960 359 658 473 399 1373 397 1123 1412 642
1471 639 714 884 866 680 1132 1245 893 849 618 1041 1238 818 551 860 0 645 681 919 127 999 249 1086 585 729 590 695 579 1039
1873 1203 754 1448 1431 1244 1592 1647 1352 1309 963 1432 1696 1382 1063 1320 645 0 838 359 568 1390 854 1477 986 116 991 606 271 1604
1773 630 174 875 794 671 1119 1552 898 990 1150 1417 1252 809 800 1109 681 838 0 1165 650 1404 703 1557 1043 922 1048 312 722 967
2094 1502 1081 1747 1729 1543 1884 1868 1645 1602 1184 1653 1918 1681 1362 1570 943 359 1165 0 867 1612 1153 1698 1208 369 1213 932 597 1903
1571 739 683 984 966 780 1232 1346 993 950 698 1141 1339 918 651 960 127 568 650 842 0 1099 349 1186 685 652 690 664 524 1140
829 805 1437 864 960 809 784 603 652 481 517 115 653 893 633 359 999 1405 1404 1565 1099 0 869 255 462 1415 460 1418 1519 928
1330 437 735 682 664 478 930 1104 691 648 489 913 1037 616 349 658 249 868 703 1142 349 869 0 957 444 952 449 717 802 838
768 874 1531 907 1003 878 827 542 702 524 658 158 618 936 728 402 1141 1547 1485 1706 1241 183 1011 0 604 1556 602 1512 1660 971
923 613 1076 696 792 617 714 697 474 431 288 536 747 725 314 399 585 1001 1043 1161 685 462 444 638 0 1011 91 1057 1115 761
1871 1169 1027 1414 1396 1210 1558 1645 1318 1275 966 1435 1664 1348 1029 1286 610 426 1111 753 534 1393 820 1480 985 0 989 879 544 1570
921 611 1081 694 790 615 711 695 472 429 292 534 745 723 312 397 590 1006 1048 1166 690 460 449 636 91 1016 0 1062 1120 758
1805 893 227 1138 1067 934 1388 1579 1156 1112 1164 1444 1501 1072 814 1123 695 606 312 932 664 1418 717 1584 1057 690 1062 0 489 1240
1996 1192 638 1436 1419 1232 1683 1770 1444 1400 1091 1560 1789 1370 1104 1411 579 271 722 597 524 1519 802 1605 1110 355 1115 489 0 1592
1120 442 1052 345 186 482 222 989 311 511 962 903 544 305 657 642 1039 1658 967 1884 1140 928 838 1043 761 1734 758 1238 1592 0
EOF