NAME : tsp_problem
TYPE : TSP
DIMENSION : 86
EDGE_WEIGHT_TYPE : EXPLICIT
EDGE_WEIGHT_FORMAT : FULL_MATRIX
EDGE_WEIGHT_SECTION
0 249 903 1041 687 493 326 797 684 710 673 367 635 916 938 304 840 732 847 866 475 295 486 842 591 712 304 1231 607 472 30 1003 879 535 676 779 779 867 866 945 707 1052 982 910 483 110 1111 576 1042 542 708 656 701 852 1065 356 670 549 630 919 640 1051 807 898 939 33 901 802 197 1006 839 783 799 724 569 874 285 800 589 285 971 668 539 723 679 1063
249 0 884 1005 474 329 542 762 470 675 637 154 599 881 848 520 805 697 811 830 328 81 290 807 556 677 520 1142 572 437 246 962 843 321 462 743 995 832 776 856 671 1017 893 875 269 326 1022 541 953 328 673 621 612 817 1030 191 635 385 594 883 426 1015 772 862 903 249 866 767 211 917 804 748 763 689 404 839 501 765 375 501 881 455 504 687 644 1028
911 884 0 632 809 843 643 470 1092 238 562 980 524 331 879 667 164 621 263 311 578 929 836 566 480 601 667 752 351 575 909 595 125 944 1084 245 158 137 783 856 596 644 923 488 858 855 864 632 795 950 429 545 798 267 657 849 501 667 519 615 761 643 696 475 384 911 633 295 1010 675 254 484 209 613 688 268 692 689 811 692 911 1077 643 612 568 655
1041 1005 632 0 595 964 980 283 880 721 408 925 446 773 510 789 700 330 525 385 699 989 857 224 473 350 789 409 618 694 1038 104 662 844 888 636 671 673 292 365 357 72 555 174 837 984 373 529 304 851 372 408 530 709 85 971 444 735 434 145 646 71 258 187 459 1040 163 571 1132 184 696 298 656 339 753 394 965 265 698 965 543 895 626 346 387 83
687 474 809 595 0 486 645 607 343 600 482 356 444 806 401 454 730 419 737 755 253 420 288 529 407 399 454 695 497 294 684 515 768 275 351 669 933 757 329 409 394 607 446 610 268 649 574 374 505 282 598 342 164 742 620 492 560 166 369 477 79 606 365 623 829 687 459 692 649 469 729 592 689 411 184 764 630 358 129 630 434 358 227 276 366 618
493 329 843 964 486 0 679 721 537 634 596 425 559 840 860 488 764 656 771 790 287 374 281 766 515 636 488 1154 531 396 490 927 802 389 529 703 967 791 788 868 630 976 905 834 303 570 1034 500 965 395 632 580 624 776 989 294 594 344 554 843 438 975 731 822 863 493 825 726 455 929 763 707 723 648 364 798 665 724 442 664 893 522 463 646 603 987
326 542 635 980 645 679 0 737 929 650 612 660 575 856 877 244 702 672 778 805 414 587 672 782 531 652 244 1171 547 412 323 943 664 780 921 719 511 675 805 885 646 992 922 850 695 269 1051 516 982 787 648 596 641 792 1005 648 610 504 570 858 598 991 747 838 879 325 841 742 490 946 779 723 739 664 524 783 106 740 648 106 910 913 479 662 619 1003
797 762 470 283 607 721 737 0 891 478 147 858 184 611 621 545 537 323 363 223 456 808 714 217 230 342 546 551 374 454 794 246 499 822 899 473 508 510 435 507 338 295 666 139 737 740 515 510 446 828 209 288 541 547 308 727 281 545 262 266 639 294 380 126 296 797 284 408 888 326 534 36 493 331 566 231 722 387 690 722 654 906 521 354 311 306
684 470 1092 880 343 537 929 891 0 884 766 353 729 1090 685 737 1014 703 1020 1039 537 416 285 814 692 684 737 979 780 579 681 799 1052 170 35 952 1217 1041 613 693 678 891 730 895 264 761 859 659 790 180 882 626 449 1025 904 544 844 464 653 761 376 890 650 908 1112 684 744 976 646 754 1013 877 972 696 468 1047 914 643 325 914 718 43 511 561 651 902
710 675 238 721 600 634 650 478 884 0 353 771 315 313 670 459 160 412 321 505 369 721 627 523 272 393 459 946 143 367 708 683 198 735 875 226 363 187 598 678 387 732 715 591 650 654 843 424 774 742 389 337 590 249 745 640 351 459 310 599 553 731 488 578 578 710 582 276 802 738 236 463 191 405 479 462 635 481 603 635 703 868 434 403 360 743
673 637 562 408 482 596 612 147 766 353 0 733 64 559 497 421 483 239 488 348 331 683 589 342 105 219 421 676 250 329 670 370 521 697 774 421 633 510 425 505 214 420 542 264 612 616 640 386 571 704 334 163 416 495 433 603 313 421 137 391 515 418 314 251 421 673 408 445 764 450 482 132 441 232 441 356 598 308 565 597 530 782 396 230 187 431
367 154 980 925 356 425 660 858 353 771 733 0 696 977 731 625 901 749 907 926 424 100 172 859 652 729 625 1024 668 533 364 845 939 204 344 839 1104 928 659 739 723 937 775 940 151 444 904 637 835 210 769 672 494 913 950 309 731 372 690 806 308 935 695 953 1000 367 789 863 329 799 900 844 859 741 355 935 620 688 257 619 764 337 556 606 696 948
635 599 524 446 444 559 575 184 729 315 64 696 0 521 459 383 445 201 452 385 294 645 552 312 67 182 383 713 212 291 632 408 483 659 737 384 648 472 387 467 176 457 504 301 574 578 632 348 563 666 313 126 379 457 470 565 275 383 99 388 477 456 277 288 458 635 371 407 726 488 444 170 404 194 404 393 560 270 527 560 492 744 359 192 149 468
916 881 331 773 806 840 856 611 1090 313 559 977 521 0 876 664 253 618 268 452 575 927 833 707 478 599 664 893 348 573 913 735 291 941 1081 173 456 280 804 884 593 785 921 629 856 859 1005 629 936 947 570 542 795 84 798 846 557 664 516 756 758 783 693 616 525 916 774 224 1007 815 94 625 143 611 685 409 841 687 809 841 909 1074 640 609 566 796
938 848 879 510 401 860 877 621 685 670 497 731 459 876 0 686 800 434 806 755 596 794 663 544 422 414 686 610 567 500 935 430 838 650 693 738 1003 827 244 173 408 522 196 543 642 881 331 389 291 656 668 357 335 812 535 866 630 541 384 491 452 521 380 556 756 938 474 762 1024 384 799 607 758 426 559 763 863 373 503 862 71 701 432 291 381 533
304 520 667 789 454 488 244 545 737 459 421 625 383 664 686 0 589 480 595 614 223 566 481 591 339 460 57 980 355 220 301 751 627 589 729 527 698 615 614 694 455 800 731 659 503 247 859 324 790 595 457 404 449 600 813 494 418 312 378 667 406 799 555 646 687 304 649 551 468 754 587 531 547 473 333 622 229 548 456 229 719 722 288 471 428 811
840 805 164 700 730 764 711 537 1014 160 483 901 445 253 800 589 0 542 261 379 499 851 757 633 402 523 589 819 273 497 838 662 138 865 1005 166 226 126 728 808 517 711 845 555 780 784 931 554 862 872 497 467 720 189 724 770 481 588 440 683 683 710 618 542 452 840 700 216 932 742 176 552 131 535 609 336 760 611 733 760 833 998 564 533 490 722
732 697 621 330 419 656 672 323 703 412 239 749 201 618 434 480 542 0 549 425 391 742 649 131 164 77 480 598 309 388 729 292 580 668 712 481 710 569 362 442 71 342 479 213 660 675 561 350 493 675 410 100 353 554 355 662 372 480 126 313 470 340 251 226 498 732 331 504 823 372 541 337 501 71 501 433 657 245 521 657 467 719 450 167 78 353
847 811 263 525 737 771 786 363 1020 321 488 907 452 268 806 595 261 549 0 204 506 857 764 459 408 529 595 645 279 503 844 488 292 871 1012 130 301 287 676 749 523 537 851 381 786 790 757 560 688 878 322 473 726 204 550 777 394 595 447 508 689 536 621 368 277 847 526 65 938 568 191 377 150 541 615 161 772 617 739 772 839 1005 571 539 496 548
866 830 311 385 755 790 805 223 1039 505 348 926 385 452 755 614 379 425 204 0 524 876 782 319 427 444 614 474 443 522 863 348 340 890 1031 315 349 352 536 609 451 397 799 241 805 809 617 579 548 897 182 489 742 388 410 796 254 614 463 368 708 396 481 228 106 866 386 250 957 428 375 237 335 433 634 72 791 488 758 790 787 1024 589 555 481 408
475 328 578 699 253 287 414 456 537 369 331 424 294 575 596 223 499 391 506 524 0 374 280 501 250 371 223 890 266 131 472 662 537 388 528 438 702 526 524 604 365 711 641 569 302 418 770 235 701 394 367 315 360 511 724 293 329 111 288 577 205 710 466 557 598 474 560 461 454 665 498 442 458 383 132 533 399 459 255 399 629 521 198 381 338 722
295 81 929 989 420 374 587 808 416 721 683 100 645 927 794 566 851 742 857 876 374 0 236 853 602 723 566 1088 617 483 292 908 889 268 408 789 1041 878 722 802 717 1000 839 921 215 372 968 586 899 274 719 667 558 862 1013 237 681 430 640 870 372 999 759 908 949 295 853 813 257 863 850 793 809 735 419 884 547 752 321 547 827 401 550 670 690 1011
486 290 836 857 288 281 672 714 285 627 589 172 552 833 663 481 757 649 764 782 280 236 0 759 508 629 481 956 524 389 483 777 795 136 276 696 960 784 591 670 623 869 707 827 60 563 836 493 767 142 625 573 426 769 882 287 587 228 546 738 240 867 627 814 856 486 721 719 448 731 756 700 716 641 211 791 657 620 189 657 696 269 456 538 596 880
842 807 566 224 529 766 782 217 814 523 342 859 312 707 544 591 633 131 459 319 501 853 759 0 275 151 591 492 419 499 840 187 595 778 822 569 604 606 375 448 158 236 589 108 771 786 456 460 387 785 305 211 464 642 249 772 377 590 236 207 580 235 321 121 392 842 225 504 934 267 630 231 589 140 611 327 767 327 632 767 577 829 560 277 188 247
591 556 480 473 407 515 531 230 692 272 105 652 67 478 422 339 402 164 408 427 250 602 508 275 0 145 339 716 168 248 588 435 440 616 700 340 605 428 350 430 139 484 467 347 531 534 595 304 526 622 270 89 342 413 497 521 232 339 62 351 433 483 240 334 500 591 334 364 682 490 401 215 360 157 360 435 516 233 484 516 455 707 315 155 112 495
712 677 601 350 399 636 652 342 684 393 219 729 182 599 414 460 523 77 529 444 371 723 629 151 145 0 460 617 289 369 709 312 561 648 692 461 726 549 342 422 52 361 459 233 641 655 581 330 512 655 391 81 334 534 374 642 353 460 106 333 450 360 232 246 517 712 326 485 803 392 522 330 481 69 481 452 637 225 502 637 447 699 430 147 58 372
304 520 667 789 454 488 244 546 737 459 421 625 383 664 686 57 589 480 595 614 223 566 481 591 339 460 0 980 355 220 301 751 627 589 729 527 698 615 614 694 455 800 731 659 503 247 859 324 790 595 457 404 449 600 813 494 419 312 378 667 406 799 555 646 687 304 650 551 468 754 588 531 547 473 333 622 229 549 456 229 719 722 288 471 428 811
1231 1142 752 409 695 1154 1171 551 979 946 676 1024 713 893 610 980 819 598 645 474 890 1088 956 492 716 617 980 0 860 794 1229 328 781 944 987 755 790 792 392 464 624 420 655 442 936 1175 472 683 403 950 623 651 629 829 433 1160 695 835 677 413 745 419 526 455 419 1231 430 690 1318 254 816 566 775 606 853 513 1156 533 797 1156 643 995 726 585 655 431
607 572 351 618 497 531 547 374 780 143 250 668 212 348 567 355 273 309 279 443 266 617 524 419 168 289 355 860 0 263 604 580 311 632 772 211 475 299 494 574 284 629 611 487 546 550 740 320 671 638 285 233 486 284 642 537 247 355 207 496 449 628 384 475 516 607 478 235 698 635 272 360 231 301 376 420 532 377 499 532 599 765 331 300 256 640
472 437 575 694 294 396 412 454 579 367 329 533 291 573 500 220 497 388 503 522 131 483 389 499 248 369 220 794 263 0 469 614 535 497 587 435 700 524 428 508 363 706 545 567 411 415 673 232 604 503 365 313 263 509 719 402 327 220 286 575 314 704 464 554 595 472 558 459 563 568 496 439 455 381 241 530 397 457 364 397 533 594 102 375 336 717
30 246 900 1038 684 490 323 794 681 708 670 364 632 913 935 301 838 729 844 863 472 292 483 840 588 709 301 1229 604 469 0 1000 876 532 673 776 776 864 863 943 704 1049 980 908 480 107 1108 573 1039 539 705 653 698 849 1062 353 667 546 627 916 637 1048 804 895 936 30 898 800 194 1003 836 780 796 721 566 871 282 797 586 282 968 666 537 720 677 1060
1003 962 595 104 515 927 943 246 799 683 370 845 408 735 430 751 662 292 488 348 662 908 777 187 435 312 751 328 580 614 1000 0 624 764 807 598 633 635 212 284 319 115 475 137 756 946 292 491 223 770 334 370 449 671 128 933 406 655 397 107 565 114 221 149 421 1003 125 533 1094 103 659 260 618 301 673 356 928 228 617 927 463 815 546 308 349 126
879 843 125 662 768 802 672 499 1052 198 521 939 483 291 838 627 138 580 292 340 537 889 795 595 440 561 627 781 311 535 876 624 0 903 1044 204 188 164 766 846 555 673 883 517 818 822 893 592 824 910 458 505 758 227 686 808 519 627 478 644 721 672 656 504 413 878 662 254 970 704 214 514 169 573 647 297 722 649 771 721 871 1036 602 571 528 684
535 321 944 844 275 389 780 822 170 735 697 204 659 941 650 589 865 668 871 890 388 268 136 778 616 648 589 944 632 497 532 764 903 0 162 803 1068 892 578 658 643 856 695 859 115 612 823 601 754 40 733 591 413 877 869 395 695 315 618 726 228 855 614 872 963 535 708 827 497 718 864 808 823 660 319 899 765 607 177 765 683 155 476 525 615 867
676 462 1084 888 351 529 921 899 35 875 774 344 737 1081 693 729 1005 712 1012 1031 528 408 276 822 700 692 729 987 772 587 673 807 1044 162 0 944 1208 1032 621 701 686 899 738 903 256 753 867 667 798 171 873 635 457 1017 912 535 835 456 661 769 368 898 658 916 1104 675 752 967 638 762 1004 885 964 704 459 1039 906 651 317 905 726 34 519 569 659 910
779 743 245 636 669 703 719 473 952 226 421 839 384 173 738 527 166 481 130 315 438 789 696 569 340 461 527 755 211 435 776 598 204 803 944 0 369 193 666 746 455 647 783 491 718 722 867 492 798 810 433 405 658 109 660 709 419 527 378 619 621 646 556 478 388 779 636 86 870 678 97 488 56 473 547 272 704 549 671 704 771 937 503 471 428 658
788 1004 158 671 933 967 520 508 1217 363 633 1104 648 456 1003 706 226 710 301 349 702 1050 960 604 605 726 706 790 475 700 785 633 188 1068 1208 369 0 199 822 894 720 682 1048 526 983 731 902 756 833 1074 468 669 923 391 695 973 539 791 643 654 885 681 767 513 423 788 671 347 894 713 379 523 334 718 812 306 569 774 936 569 1036 1201 767 736 693 693
867 832 137 673 757 791 684 510 1041 187 510 928 472 280 827 615 126 569 287 352 526 878 784 606 428 549 615 792 299 524 864 635 164 892 1032 193 199 0 755 835 544 684 871 528 806 810 904 580 835 898 470 493 746 215 697 797 507 615 467 656 709 683 644 515 425 867 673 243 958 715 203 525 157 561 636 309 733 637 759 733 860 1025 591 560 517 695
866 776 783 292 329 788 805 435 613 598 425 659 387 804 244 614 728 362 676 536 524 722 591 375 350 342 614 392 494 428 863 212 766 578 621 666 822 755 0 252 336 304 289 325 570 809 271 317 202 584 523 285 263 739 317 794 558 469 311 296 379 303 308 338 538 866 314 690 952 166 727 449 686 354 487 545 791 301 431 790 277 629 360 219 309 315
945 856 856 365 409 868 885 507 693 678 505 739 467 884 173 694 808 442 749 609 604 802 670 448 430 422 694 464 574 508 943 284 846 658 701 746 894 835 252 0 416 376 218 398 650 889 209 397 140 664 595 365 343 819 389 874 638 549 391 369 459 375 388 411 611 945 386 770 1032 239 807 521 766 434 567 617 870 381 511 870 206 709 440 299 389 387
707 671 596 357 394 630 646 338 678 387 214 723 176 593 408 455 517 71 523 451 365 717 623 158 139 52 455 624 284 363 704 319 555 643 686 455 720 544 336 416 0 368 453 240 635 650 582 324 513 649 385 75 328 529 381 637 347 455 101 338 444 367 226 253 524 707 320 479 798 399 516 324 475 64 475 459 632 219 496 631 441 693 425 141 52 379
1052 1017 644 72 607 976 992 295 891 732 420 937 457 785 522 800 711 342 537 397 711 1000 869 236 484 361 800 420 629 706 1049 115 673 856 899 647 682 684 304 376 368 0 567 186 848 995 384 541 315 862 383 419 541 720 74 982 455 747 446 157 657 82 270 199 470 1052 174 582 1143 195 708 309 667 350 765 405 977 277 709 977 555 907 638 358 398 76
982 893 923 555 446 905 922 666 730 715 542 775 504 921 196 731 845 479 851 799 641 839 707 589 467 459 731 655 611 545 980 475 883 695 738 783 1048 871 289 218 453 567 0 588 687 926 404 434 336 701 713 402 380 856 580 911 675 586 428 536 496 565 425 601 801 982 519 807 1069 429 844 652 803 471 604 807 907 418 548 907 229 746 477 336 426 578
910 875 488 174 610 834 850 139 895 591 264 940 301 629 543 659 555 213 381 241 569 921 827 108 347 233 659 442 487 567 908 137 517 859 903 491 526 528 325 398 240 186 588 0 850 854 406 541 337 866 227 293 545 564 199 840 299 658 319 157 661 185 270 71 314 910 175 426 1002 217 552 153 511 222 679 249 835 277 713 835 576 910 634 358 270 197
483 269 858 837 268 303 695 737 264 650 612 151 574 856 642 503 780 660 786 805 302 215 60 771 531 641 503 936 546 411 480 756 818 115 256 718 983 806 570 650 635 848 687 850 0 560 816 515 747 122 648 583 406 791 861 309 610 251 569 718 220 847 606 837 878 483 701 742 445 711 779 722 738 653 233 813 680 600 169 680 675 249 468 518 608 859
110 326 846 984 649 570 269 740 761 654 616 444 578 859 881 247 784 675 790 809 418 372 563 786 534 655 247 1175 550 415 107 946 822 612 753 722 722 810 809 889 650 995 926 854 560 0 1054 519 985 619 651 599 644 795 1008 433 613 507 573 862 601 994 750 841 882 110 844 746 274 949 782 726 742 667 527 817 228 743 651 228 914 745 483 666 623 1006
1111 1022 864 373 574 1034 1051 515 859 843 640 904 632 1005 331 859 931 561 757 617 770 968 836 456 595 581 859 472 740 673 1108 292 893 823 867 867 902 904 271 209 582 384 404 406 816 1054 0 562 99 830 603 530 509 940 397 1040 675 714 557 376 625 383 490 418 619 1111 394 802 1197 246 928 529 887 570 732 625 1036 497 677 1036 290 874 605 465 555 395
576 541 632 529 374 500 516 510 659 424 386 637 348 629 389 324 554 350 560 579 235 586 493 460 304 330 324 683 320 232 573 491 592 601 667 492 756 580 317 397 324 541 434 541 515 519 562 0 494 607 421 273 309 565 554 506 383 324 299 407 418 539 296 554 652 576 390 516 667 457 552 496 512 342 345 587 501 289 468 501 422 674 300 207 297 552
1042 953 795 304 505 965 982 446 790 774 571 835 563 936 291 790 862 493 688 548 701 899 767 387 526 512 790 403 671 604 1039 223 824 754 798 798 833 835 202 140 513 315 336 337 747 985 99 494 0 761 534 461 440 871 328 971 606 645 488 308 556 314 421 350 550 1042 325 733 1128 178 859 460 818 501 663 556 967 428 608 967 312 805 536 396 486 326
542 328 950 851 282 395 787 828 180 742 704 210 666 947 656 595 872 675 878 897 394 274 142 785 622 655 595 950 638 503 539 770 910 40 171 810 1074 898 584 664 649 862 701 866 122 619 830 607 761 0 739 598 420 883 875 401 701 322 624 732 234 861 621 879 970 542 715 834 504 725 870 814 830 667 325 905 772 614 183 772 689 164 482 532 622 873
708 673 429 372 598 632 648 209 882 389 334 769 313 570 668 457 497 410 322 182 367 719 625 305 270 391 457 623 285 365 705 334 458 733 873 433 468 470 523 595 385 383 713 227 648 651 603 421 534 739 0 334 588 506 396 638 97 456 308 355 550 382 468 214 255 708 372 368 799 414 493 224 453 403 477 190 633 475 601 633 701 866 432 401 358 394
656 621 545 408 342 580 596 288 626 337 163 672 126 542 357 404 467 100 473 489 315 667 573 211 89 81 404 651 233 313 653 370 505 591 635 405 669 493 285 365 75 419 402 293 583 599 530 273 461 598 334 0 277 478 432 586 296 404 50 286 393 418 175 306 562 656 269 429 747 425 465 274 425 93 425 497 581 168 445 581 390 642 373 90 48 430
701 612 798 530 164 624 641 541 449 590 416 494 379 795 335 449 720 353 726 742 360 558 426 464 342 334 449 629 486 263 698 449 758 413 457 658 923 746 263 343 328 541 380 545 406 644 509 309 440 420 588 277 0 731 554 630 550 304 303 411 215 540 300 558 776 701 394 682 787 404 719 527 678 346 322 750 626 293 267 626 368 464 195 211 301 552
852 817 267 709 742 776 792 547 1025 249 495 913 457 84 812 600 189 554 204 388 511 862 769 642 413 534 600 829 284 509 849 671 227 877 1017 109 391 215 739 819 529 720 856 564 791 795 940 565 871 883 506 478 731 0 733 782 492 600 452 692 694 719 629 552 461 852 710 159 943 751 43 561 79 546 621 345 777 622 744 777 844 1010 576 545 501 731
1065 1030 657 85 620 989 1005 308 904 745 433 950 470 798 535 813 724 355 550 410 724 1013 882 249 497 374 813 433 642 719 1062 128 686 869 912 660 695 697 317 389 381 74 580 199 861 1008 397 554 328 875 396 432 554 733 0 995 468 760 459 170 670 87 283 212 483 1065 187 595 1156 208 721 322 680 363 778 418 990 290 722 990 568 920 651 371 411 75
356 191 849 971 492 294 648 727 544 640 603 309 565 846 866 494 770 662 777 796 293 237 287 772 521 642 494 1160 537 402 353 933 808 395 535 709 973 797 794 874 637 982 911 840 309 433 1040 506 971 401 638 586 630 782 995 0 600 350 560 849 444 981 737 828 869 355 831 732 317 935 769 713 729 654 370 804 608 730 448 608 899 528 469 653 609 993
670 635 501 444 560 594 610 281 844 351 313 731 275 557 630 418 481 372 394 254 329 681 587 377 232 353 419 695 247 327 667 406 519 695 835 419 539 507 558 638 347 455 675 299 610 613 675 383 606 701 97 296 550 492 468 600 0 418 270 426 512 454 447 286 327 670 444 439 761 486 480 296 439 365 439 262 595 441 563 595 663 828 394 363 320 466
549 385 667 735 166 344 504 545 464 459 421 372 383 664 541 312 588 480 595 614 111 430 228 590 339 460 312 835 355 220 546 655 627 315 456 527 791 615 469 549 455 747 586 658 251 507 714 324 645 322 456 404 304 600 760 350 418 0 378 617 119 746 505 646 687 549 599 550 511 609 587 531 547 472 45 622 489 498 169 488 574 449 287 416 427 758
630 594 519 434 369 554 570 262 653 310 137 690 99 516 384 378 440 126 447 463 288 640 546 236 62 106 378 677 207 286 627 397 478 618 661 378 643 467 311 391 101 446 428 319 569 573 557 299 488 624 308 50 303 452 459 560 270 378 0 313 419 445 201 331 536 630 295 402 721 452 439 247 398 118 398 471 555 194 471 554 416 669 353 117 73 457
919 883 615 145 477 843 858 266 761 599 391 806 388 756 491 667 683 313 508 368 577 870 738 207 351 333 667 413 496 575 916 107 644 726 769 619 654 656 296 369 338 157 536 157 718 862 376 407 308 732 355 286 411 692 170 849 426 617 313 0 527 155 137 170 441 919 83 554 1010 187 679 281 639 322 635 376 844 143 579 843 524 776 508 224 310 168
640 426 761 646 79 438 598 639 376 553 515 308 477 758 452 406 683 470 689 708 205 372 240 580 433 450 406 745 449 314 637 565 721 228 368 621 885 709 379 459 444 657 496 661 220 601 625 418 556 234 550 393 215 694 670 444 512 119 419 527 0 656 416 674 781 640 510 645 602 520 681 625 641 462 137 716 583 409 81 583 484 361 277 327 417 668
1051 1015 643 71 606 975 991 294 890 731 418 935 456 783 521 799 710 340 536 396 710 999 867 235 483 360 799 419 628 704 1048 114 672 855 898 646 681 683 303 375 367 82 565 185 847 994 383 539 314 861 382 418 540 719 87 981 454 746 445 155 656 0 269 197 469 1051 173 581 1142 194 707 308 666 349 764 404 976 276 708 975 554 905 637 356 397 89
807 772 696 258 365 731 747 380 650 488 314 695 277 693 380 555 618 251 621 481 466 759 627 321 240 232 555 526 384 464 804 221 656 614 658 556 767 644 308 388 226 270 425 270 606 750 490 296 421 621 468 175 300 629 283 737 447 505 201 137 416 269 0 283 555 807 119 580 898 301 616 394 576 244 523 490 732 43 468 732 413 665 396 113 199 281
898 862 475 187 623 822 838 126 908 578 251 953 288 616 556 646 542 226 368 228 557 908 814 121 334 246 646 455 475 554 895 149 504 872 916 478 513 515 338 411 253 199 601 71 837 841 418 554 350 879 214 306 558 552 212 828 286 646 331 170 674 197 283 0 301 898 188 413 989 229 539 140 498 235 666 236 823 290 726 822 589 923 621 371 283 210
939 903 384 459 829 863 879 296 1112 578 421 1000 458 525 756 687 452 498 277 106 598 949 856 392 500 517 687 419 516 595 936 421 413 963 1104 388 423 425 538 611 524 470 801 314 878 882 619 652 550 970 255 562 776 461 483 869 327 687 536 441 781 469 555 301 0 939 459 323 1030 401 448 311 408 506 707 146 864 562 831 864 789 1097 663 629 554 481
33 249 903 1040 687 493 325 797 684 710 673 367 635 916 938 304 840 732 847 866 474 295 486 842 591 712 304 1231 607 472 30 1003 878 535 675 779 779 867 866 945 707 1052 982 910 483 110 1111 576 1042 542 708 656 701 852 1065 355 670 549 630 919 640 1051 807 898 939 0 901 802 197 1006 839 783 799 724 569 874 285 800 589 285 970 668 539 722 679 1063
901 866 633 163 459 825 841 284 744 582 408 789 371 774 474 649 700 331 526 386 560 853 721 225 334 326 650 430 478 558 898 125 662 708 752 636 671 673 314 386 320 174 519 175 701 844 394 390 325 715 372 269 394 710 187 831 444 599 295 83 510 173 119 188 459 901 0 571 992 205 697 298 656 338 617 394 826 126 562 826 507 759 490 207 293 185
802 767 295 571 692 726 742 408 976 276 445 863 407 224 762 551 216 504 65 250 461 813 719 504 364 485 551 690 235 459 800 533 254 827 967 86 347 243 690 770 479 582 807 426 742 746 802 516 733 834 368 429 682 159 595 732 439 550 402 554 645 581 580 413 323 802 571 0 894 613 147 423 106 497 571 206 727 573 695 727 795 960 526 495 452 593
197 211 1010 1132 649 455 488 888 646 802 764 329 726 1007 1024 468 932 823 938 957 454 257 448 934 682 803 468 1318 698 563 194 1094 970 497 638 870 899 958 952 1032 798 1143 1069 1002 445 274 1197 667 1128 504 799 747 787 943 1156 317 761 511 721 1010 602 1142 898 989 1030 197 992 894 0 1092 930 874 890 815 531 965 449 891 551 449 1057 630 631 814 771 1154
1006 917 675 184 469 929 946 326 754 738 450 799 488 815 384 754 742 372 568 428 665 863 731 267 490 392 754 254 635 568 1003 103 704 718 762 678 713 715 166 239 399 195 429 217 711 949 246 457 178 725 414 425 404 751 208 935 486 609 452 187 520 194 301 229 401 1006 205 613 1092 0 739 340 698 381 627 436 931 308 572 931 417 769 500 360 429 206
839 804 254 696 729 763 779 534 1013 236 482 900 444 94 799 587 176 541 191 375 498 850 756 630 401 522 588 816 272 496 836 659 214 864 1004 97 379 203 727 807 516 708 844 552 779 782 928 552 859 870 493 465 719 43 721 769 480 587 439 679 681 707 616 539 448 839 697 147 930 739 0 548 66 534 608 332 764 610 732 764 832 997 563 532 489 719
783 748 484 298 592 707 723 36 877 463 132 844 170 625 607 531 552 337 377 237 442 793 700 231 215 330 531 566 360 439 780 260 514 808 885 488 523 525 449 521 324 309 652 153 722 726 529 496 460 814 224 274 527 561 322 713 296 531 247 281 625 308 394 140 311 783 298 423 874 340 548 0 508 342 552 246 708 401 675 708 640 892 507 340 297 320
799 763 209 656 689 723 739 493 972 191 441 859 404 143 758 547 131 501 150 335 458 809 716 589 360 481 547 775 231 455 796 618 169 823 964 56 334 157 686 766 475 667 803 511 738 742 887 512 818 830 453 425 678 79 680 729 439 547 398 639 641 666 576 498 408 799 656 106 890 698 66 508 0 493 567 292 724 569 691 724 791 957 523 491 448 678
724 689 613 339 411 648 664 331 696 405 232 741 194 611 426 473 535 71 541 433 383 735 641 140 157 69 473 606 301 381 721 301 573 660 704 473 718 561 354 434 64 350 471 222 653 667 570 342 501 667 403 93 346 546 363 654 365 472 118 322 462 349 244 235 506 724 338 497 815 381 534 342 493 0 493 441 649 237 514 649 459 711 442 159 70 361
569 404 688 753 184 364 524 566 468 479 441 355 404 685 559 333 609 501 615 634 132 419 211 611 360 481 333 853 376 241 566 673 647 319 459 547 812 636 487 567 475 765 604 679 233 527 732 345 663 325 477 425 322 621 778 370 439 45 398 635 137 764 523 666 707 569 617 571 531 627 608 552 567 493 0 643 509 516 187 509 592 452 308 434 448 776
874 839 268 394 764 798 791 231 1047 462 356 935 393 409 763 622 336 433 161 72 533 884 791 327 435 452 622 513 420 530 871 356 297 899 1039 272 306 309 545 617 459 405 807 249 813 817 625 587 556 905 190 497 750 345 418 804 262 622 471 376 716 404 490 236 146 874 394 206 965 436 332 246 292 441 643 0 799 497 766 799 796 1032 598 564 490 416
285 501 684 965 630 665 106 722 914 635 598 620 560 841 863 229 751 657 772 791 399 547 657 767 516 637 229 1156 532 397 282 928 713 765 906 704 560 724 791 870 632 977 907 835 680 228 1036 501 967 772 633 581 626 777 990 608 595 489 555 844 583 976 732 823 864 285 826 727 449 931 764 708 724 649 509 799 0 725 633 30 895 899 464 647 604 988
800 765 689 265 358 724 740 387 643 481 308 688 270 687 373 548 611 245 617 488 459 752 620 327 233 225 549 533 377 457 797 228 649 607 651 549 774 637 301 381 219 277 418 277 600 743 497 289 428 614 475 168 293 622 290 730 441 498 194 143 409 276 43 290 562 800 126 573 891 308 610 401 569 237 516 497 725 0 461 725 406 658 389 106 192 288
589 375 811 698 129 442 648 690 325 603 565 257 527 809 503 456 733 521 739 758 255 321 189 632 484 502 456 797 499 364 586 617 771 177 317 671 936 759 431 511 496 709 548 713 169 651 677 468 608 183 601 445 267 744 722 448 563 169 471 579 81 708 468 726 831 589 562 695 551 572 732 675 691 514 187 766 633 461 0 633 536 310 329 379 469 720
285 501 684 965 630 664 106 722 914 635 597 619 560 841 862 229 751 657 772 790 399 547 657 767 516 637 229 1156 532 397 282 927 713 765 905 704 560 724 790 870 631 977 907 835 680 228 1036 501 967 772 633 581 626 777 990 608 595 488 554 843 583 975 732 822 864 285 826 727 449 931 764 708 724 649 509 799 30 725 633 0 895 898 464 647 604 988
971 881 911 543 434 893 910 654 718 703 530 764 492 909 71 719 833 467 839 787 629 827 696 577 455 447 719 643 599 533 968 463 871 683 726 771 1036 860 277 206 441 555 229 576 675 914 290 422 312 689 701 390 368 844 568 899 663 574 416 524 484 554 413 589 789 970 507 795 1057 417 832 640 791 459 592 796 895 406 536 895 0 734 465 324 414 566
668 455 1077 895 358 522 913 906 43 868 782 337 744 1074 701 722 998 719 1005 1024 521 401 269 829 707 699 722 995 765 594 666 815 1036 155 34 937 1201 1025 629 709 693 907 746 910 249 745 874 674 805 164 866 642 464 1010 920 528 828 449 669 776 361 905 665 923 1097 668 759 960 630 769 997 892 957 711 452 1032 899 658 310 898 734 0 527 576 666 918
539 504 643 626 227 463 479 521 511 434 396 556 359 640 432 288 564 450 571 589 198 550 456 560 315 430 288 726 331 102 537 546 602 476 519 503 767 591 360 440 425 638 477 634 468 483 605 300 536 482 432 373 195 576 651 469 394 287 353 508 277 637 396 621 663 539 490 526 631 500 563 507 523 442 308 598 464 389 329 464 465 527 0 307 397 649
723 687 612 346 276 646 662 354 561 403 230 606 192 609 291 471 533 167 539 555 381 670 538 277 155 147 471 585 300 375 720 308 571 525 569 471 736 560 219 299 141 358 336 358 518 666 465 207 396 532 401 90 211 545 371 653 363 416 117 224 327 356 113 371 629 722 207 495 814 360 532 340 491 159 434 564 647 106 379 647 324 576 307 0 114 369
679 644 568 387 366 603 619 311 651 360 187 696 149 566 381 428 490 78 496 481 338 690 596 188 112 58 428 655 256 336 677 349 528 615 659 428 693 517 309 389 52 398 426 270 608 623 555 297 486 622 358 48 301 501 411 609 320 427 73 310 417 397 199 283 554 679 293 452 771 429 489 297 448 70 448 490 604 192 469 604 414 666 397 114 0 409
1063 1028 655 83 618 987 1003 306 902 743 431 948 468 796 533 811 722 353 548 408 722 1011 880 247 495 372 811 431 640 717 1060 126 684 867 910 658 693 695 315 387 379 76 578 197 859 1006 395 552 326 873 394 430 552 731 75 993 466 758 457 168 668 89 281 210 481 1063 185 593 1154 206 719 320 678 361 776 416 988 288 720 988 566 918 649 369 409 0
EOF