NAME : tsp_problem
TYPE : TSP
DIMENSION : 36
EDGE_WEIGHT_TYPE : EXPLICIT
EDGE_WEIGHT_FORMAT : FULL_MATRIX
EDGE_WEIGHT_SECTION
0 852 655 672 598 526 1054 431 270 906 901 345 844 79 360 353 814 419 628 399 553 753 1002 737 758 534 755 689 734 972 327 487 1035 501 578 250
852 0 530 845 883 1066 394 709 818 557 390 893 311 852 908 836 81 959 329 524 472 138 257 154 562 859 559 198 906 150 875 1027 460 921 787 798
655 530 0 648 686 878 869 636 621 721 268 696 376 655 712 704 478 770 390 328 482 417 691 480 125 886 122 395 710 651 679 838 849 724 841 601
672 845 648 0 248 676 1049 653 638 901 715 436 837 672 525 699 807 583 621 392 546 746 996 730 751 903 748 682 78 965 492 651 1029 285 858 618
598 883 686 248 0 535 1086 666 563 938 896 280 874 598 369 543 845 427 659 429 583 784 1033 767 789 769 785 720 309 1003 336 495 1066 130 813 543
526 1066 878 672 535 0 1067 389 341 919 1123 282 1066 526 193 265 1036 145 783 621 775 976 1014 959 980 491 977 911 733 1075 227 72 1047 439 535 383
1054 394 869 1049 1086 1067 0 710 868 411 755 1092 655 1054 1003 837 446 959 504 689 531 503 324 519 927 860 924 563 1110 385 1037 1027 104 1124 788 865
431 709 636 653 666 389 710 0 189 562 881 413 824 431 324 158 760 281 425 379 452 734 657 717 738 295 735 670 714 718 359 349 690 570 339 231
270 818 621 638 563 341 868 189 0 720 866 310 809 269 277 111 780 233 583 364 518 719 815 702 723 292 720 655 699 876 293 302 848 467 336 70
906 557 721 901 938 919 411 562 720 0 919 944 819 906 855 689 609 812 356 541 383 666 487 667 824 712 820 726 962 549 889 880 355 976 640 718
901 390 268 723 905 1123 755 881 866 919 0 942 236 901 957 950 338 1015 635 573 727 278 551 340 300 1131 296 256 785 511 924 1083 821 943 1086 846
345 893 696 436 280 282 1092 413 310 944 942 0 885 345 116 290 855 174 669 440 594 794 1039 778 799 516 795 730 497 1013 83 242 1072 184 560 291
844 311 376 837 874 1066 655 824 809 819 236 885 0 844 900 893 259 958 575 516 670 198 364 261 408 1074 405 176 898 432 867 1026 721 912 1029 789
79 852 655 672 598 526 1054 431 269 906 901 345 844 0 360 353 814 418 628 399 553 753 1001 736 758 534 754 689 733 972 327 486 1034 501 578 249
360 908 712 525 369 193 1003 324 277 855 957 116 900 360 0 201 870 86 684 455 609 810 950 793 814 427 811 745 586 1011 90 154 983 273 471 306
353 836 704 699 543 265 837 158 111 689 950 290 893 353 201 0 863 158 552 448 580 802 784 785 807 261 803 738 760 845 235 226 817 446 305 153
814 81 478 807 845 1036 446 760 780 609 338 855 259 814 870 863 0 929 360 486 524 86 309 102 510 910 507 146 868 202 837 997 512 883 838 760
419 959 770 583 427 145 959 281 233 812 1015 174 958 418 86 158 929 0 675 513 667 868 907 851 872 384 869 804 644 968 120 105 940 331 428 276
628 329 390 621 659 783 504 425 583 356 635 669 575 628 684 552 360 675 0 300 189 402 451 336 492 575 489 423 682 368 651 743 484 696 503 574
399 524 328 392 429 621 689 379 364 541 573 440 516 399 455 448 486 513 300 0 178 426 636 409 430 629 427 361 453 643 422 581 669 467 584 344
553 472 482 546 583 775 531 452 518 383 727 594 670 553 609 580 524 667 189 178 0 567 478 500 584 602 581 515 607 485 576 735 511 621 530 498
753 138 417 746 784 976 503 734 719 666 278 794 198 753 810 802 86 868 402 426 567 0 366 88 449 953 446 86 808 259 776 936 569 822 881 699
1002 257 691 996 1033 1014 324 657 815 487 551 1039 364 1001 950 784 309 907 451 636 478 366 0 382 723 807 720 426 1057 248 984 975 390 1071 735 813
737 154 480 730 767 959 519 717 702 667 340 778 261 736 793 785 102 851 336 409 500 88 382 0 512 887 509 148 791 275 760 919 585 805 815 682
758 562 125 751 789 980 927 738 723 824 300 799 408 758 814 807 510 872 492 430 584 449 723 512 0 988 76 427 812 683 781 940 952 826 943 703
534 859 886 903 769 491 860 295 292 712 1131 516 1074 534 427 261 910 384 575 629 602 953 807 887 988 0 985 919 964 868 462 452 840 673 88 334
755 559 122 748 785 977 924 735 720 820 296 795 405 754 811 803 507 869 489 427 581 446 720 509 76 985 0 424 809 680 778 937 948 823 940 700
689 198 395 682 720 911 563 670 655 726 256 730 176 689 745 738 146 804 423 361 515 86 426 148 427 919 424 0 743 319 712 872 629 757 874 635
734 906 710 78 309 737 1110 714 699 962 776 497 898 733 586 760 868 644 682 453 607 808 1057 791 812 964 809 743 0 1027 553 712 1090 347 919 679
972 150 651 965 1003 1075 385 718 876 549 511 1013 432 972 1011 845 202 968 368 643 485 259 248 275 683 868 680 319 1027 0 995 1036 451 1041 796 874
327 875 679 492 336 227 1037 359 293 889 924 83 867 327 90 235 837 120 651 422 576 776 984 760 781 462 778 712 553 995 0 188 1017 240 506 273
487 1027 838 651 495 72 1027 349 302 880 1083 242 1026 486 154 226 997 105 743 581 735 936 975 919 940 452 937 872 712 1036 188 0 1008 399 496 344
1035 460 849 1029 1066 1047 104 690 848 355 821 1072 721 1034 983 817 512 940 484 669 511 569 390 585 952 840 948 629 1090 451 1017 1008 0 1104 768 846
501 921 724 285 130 439 1124 570 467 976 934 184 912 501 273 446 883 331 696 467 621 822 1071 805 826 673 823 757 347 1041 240 399 1104 0 717 447
578 787 841 858 813 535 788 339 336 640 1086 560 1029 578 471 305 838 428 503 584 530 881 735 815 943 88 940 874 919 796 506 496 768 717 0 378
250 798 601 618 543 383 865 231 70 718 846 291 789 249 306 153 760 276 574 344 498 699 813 682 703 334 700 635 679 874 273 344 846 447 378 0
EOF