NAME : tsp_problem
TYPE : TSP
DIMENSION : 76
EDGE_WEIGHT_TYPE : EXPLICIT
EDGE_WEIGHT_FORMAT : FULL_MATRIX
EDGE_WEIGHT_SECTION
0 727 757 703 175 640 806 364 696 267 306 278 741 492 164 505 186 147 316 507 787 262 164 665 461 686 194 648 820 609 852 314 204 183 320 155 202 368 424 408 366 323 581 765 324 668 138 754 771 92 688 725 101 77 616 674 673 702 174 185 659 181 116 520 261 227 665 132 857 223 579 389 244 768 588 662
727 0 149 206 595 202 179 667 509 513 666 638 114 504 672 517 636 788 745 519 159 622 671 253 799 274 645 211 149 197 284 674 655 691 711 796 709 620 337 420 704 598 393 333 753 583 780 228 137 732 147 256 742 695 204 237 540 515 682 576 468 631 756 532 724 587 253 772 289 583 392 667 695 140 176 173
757 149 0 85 625 303 296 697 539 543 696 668 230 534 702 547 666 818 775 549 276 652 701 163 829 184 675 311 92 176 228 704 685 721 741 826 739 650 367 451 735 628 423 264 783 613 810 345 63 762 264 373 772 725 169 337 570 545 712 606 501 661 786 562 754 617 163 802 233 613 422 698 725 257 196 290
703 206 85 0 571 249 352 644 485 490 642 614 287 481 648 494 613 764 722 496 333 599 648 110 776 131 621 258 149 122 285 650 632 667 688 772 686 597 313 397 681 575 370 210 730 560 756 363 100 709 298 335 718 672 115 284 516 491 659 552 448 608 733 508 701 563 110 749 290 559 369 644 672 314 142 271
175 595 625 571 0 508 674 257 564 135 216 188 609 360 120 373 79 236 209 375 655 172 120 533 353 554 87 516 688 477 720 224 97 139 213 244 158 242 292 276 259 215 449 633 217 602 228 622 640 181 556 593 190 144 484 542 595 570 131 64 527 73 205 388 275 137 533 221 725 133 448 282 137 636 456 530
640 202 303 249 508 0 202 580 422 426 579 550 137 417 585 430 549 700 658 432 182 535 584 211 712 232 558 44 309 155 398 587 568 603 624 708 622 533 249 333 617 511 306 311 666 496 693 142 297 645 84 113 654 608 162 62 453 428 595 489 293 544 669 445 637 500 211 685 403 496 305 580 608 164 134 58
806 179 296 352 674 202 0 747 588 593 745 717 96 584 751 597 716 867 825 599 63 702 751 377 879 399 724 211 295 322 431 754 735 770 791 875 789 700 416 500 784 678 473 478 833 605 859 106 283 812 145 135 821 775 329 187 529 594 762 655 369 711 836 611 804 666 378 852 436 662 472 747 775 74 301 171
364 667 697 644 257 580 747 0 637 184 360 332 682 432 309 445 206 425 107 448 727 316 309 605 159 626 198 589 761 549 792 368 192 328 71 433 347 78 365 349 64 124 521 706 115 675 417 694 712 370 628 666 379 333 557 615 668 643 319 266 599 219 394 460 418 281 605 410 797 277 520 51 326 709 528 602
695 509 539 485 564 422 588 637 0 483 620 607 523 304 641 298 606 636 715 293 569 592 641 447 769 468 614 430 602 391 634 643 625 660 681 644 679 590 306 386 674 568 162 547 723 229 748 528 554 637 470 499 710 665 398 456 186 31 651 545 267 601 724 279 552 556 447 740 639 552 299 637 665 550 370 444
267 513 543 490 135 426 593 184 483 0 206 178 528 278 212 291 177 328 262 294 573 162 212 451 316 473 185 435 607 396 638 214 195 231 228 336 250 137 211 195 221 115 367 552 270 521 320 540 558 273 475 512 282 236 403 461 514 489 222 116 445 172 297 306 264 127 452 313 644 123 366 184 236 555 374 448
306 666 696 642 216 579 745 360 635 206 0 97 680 431 251 444 258 270 388 446 726 76 251 604 492 625 266 588 759 548 791 134 277 270 392 278 289 313 364 348 398 291 520 704 396 593 359 693 711 271 627 664 321 275 555 613 598 641 261 197 598 253 335 459 123 166 604 351 796 111 519 361 317 707 527 601
278 638 668 614 188 550 717 332 607 178 97 0 652 403 223 416 230 303 360 418 697 53 222 576 464 597 238 559 731 520 763 61 248 242 364 311 260 285 335 319 369 263 491 676 368 626 331 665 682 283 599 636 293 246 527 585 631 613 233 169 570 225 307 430 155 138 576 323 768 83 490 332 288 679 499 573
741 114 230 287 609 137 96 682 523 528 680 652 0 518 686 532 651 802 760 534 77 636 686 312 814 333 659 146 230 257 366 688 669 705 726 810 724 635 351 435 719 613 408 413 768 598 794 145 218 747 80 174 756 710 264 172 554 529 696 590 403 646 771 546 738 601 312 787 371 597 406 682 710 58 235 106
492 504 534 481 360 417 584 432 304 278 431 403 518 0 437 114 402 553 511 109 564 387 437 442 564 463 410 426 598 386 629 439 420 456 476 561 474 385 202 116 470 364 312 543 519 277 545 531 549 497 465 503 507 461 393 452 282 310 447 341 408 397 521 95 489 352 442 537 634 348 357 433 460 545 365 439
164 672 702 648 120 585 751 309 641 212 251 223 686 437 0 450 131 225 261 452 732 207 109 610 406 631 139 594 765 554 797 259 149 126 265 233 103 313 370 353 311 268 526 710 269 679 217 699 717 170 633 670 179 133 561 619 672 647 119 130 604 126 194 465 309 172 610 210 802 168 525 334 189 713 533 607
505 517 547 494 373 430 597 445 298 291 444 416 532 114 450 0 415 566 524 103 577 400 450 455 577 476 423 439 611 399 642 452 433 469 489 574 488 398 215 129 483 377 305 556 532 270 558 544 562 510 478 516 520 474 407 465 275 304 460 354 402 410 534 89 502 365 455 550 647 361 370 446 473 558 378 452
186 636 666 613 79 549 716 206 606 177 258 230 651 402 131 415 0 247 158 417 696 214 130 575 302 596 97 558 730 519 762 266 107 150 161 255 168 210 334 318 208 164 490 675 166 644 239 664 681 191 598 635 201 154 526 584 637 612 141 88 569 84 215 429 316 179 575 231 767 175 489 230 148 678 498 572
147 788 818 764 236 700 867 425 654 328 270 303 802 553 225 566 247 0 377 568 848 281 225 726 521 747 255 709 881 670 913 339 265 244 381 97 263 429 485 469 427 383 642 826 385 609 200 815 832 90 749 786 162 138 677 735 614 660 235 245 720 241 177 581 203 288 726 193 918 284 640 450 305 829 649 723
316 745 775 722 209 658 825 107 715 262 388 360 760 511 261 524 158 377 0 526 805 345 261 684 203 705 150 667 839 628 871 397 144 280 63 385 299 159 443 427 109 179 599 784 67 753 369 773 790 322 707 744 331 285 635 693 746 721 271 218 678 171 346 538 447 310 684 361 876 305 598 132 278 787 607 681
507 519 549 496 375 432 599 448 293 294 446 418 534 109 452 103 417 568 526 0 579 402 452 457 580 478 425 441 613 402 644 454 435 471 492 576 490 401 217 131 485 379 300 558 534 265 560 546 564 513 481 518 522 476 409 467 270 299 462 356 397 412 536 84 504 367 458 552 650 363 372 448 475 561 380 454
787 159 276 333 655 182 63 727 569 573 726 697 77 564 732 577 696 848 805 579 0 682 731 358 859 379 705 191 275 302 411 734 715 751 771 856 769 680 397 480 764 658 453 458 813 611 840 112 264 792 126 141 801 755 309 193 535 575 742 636 375 691 816 592 784 647 358 832 416 643 452 727 755 54 281 151
262 622 652 599 172 535 702 316 592 162 76 53 636 387 207 400 214 281 345 402 682 0 207 560 448 581 222 544 716 504 747 90 233 226 348 290 245 269 320 304 354 248 476 660 353 604 315 649 667 268 583 621 277 231 511 569 609 597 217 154 554 209 292 415 134 122 560 308 752 67 475 317 273 663 483 557
164 671 701 648 120 584 751 309 641 212 251 222 686 437 109 450 130 225 261 452 731 207 0 610 405 631 139 593 765 554 797 259 149 117 265 233 94 313 369 353 311 267 525 710 269 679 217 699 716 169 633 670 179 132 561 619 672 647 119 129 604 125 193 464 309 172 610 209 802 168 524 333 189 713 533 607
665 253 163 110 533 211 377 605 447 451 604 576 312 442 610 455 575 726 684 457 358 560 610 0 737 58 583 220 227 84 224 612 593 629 649 734 647 558 275 359 643 537 331 137 691 521 718 325 178 670 259 296 680 633 77 245 478 453 620 514 410 569 694 470 662 525 54 710 229 521 330 606 633 339 104 233
461 799 829 776 353 712 879 159 769 316 492 464 814 564 406 577 302 521 203 580 859 448 405 737 0 758 295 721 893 682 924 500 289 425 167 530 443 210 497 481 118 256 653 838 200 807 514 826 844 466 760 798 475 429 689 747 800 775 416 363 731 316 490 592 550 413 737 506 929 409 652 183 422 841 660 734
686 274 184 131 554 232 399 626 468 473 625 597 333 463 631 476 596 747 705 478 379 581 631 58 758 0 604 241 248 105 197 633 614 650 670 755 669 579 296 380 664 558 352 111 713 542 739 346 199 692 280 318 701 655 98 267 499 474 641 535 431 591 715 491 683 546 52 731 202 542 351 627 654 360 125 254
194 645 675 621 87 558 724 198 614 185 266 238 659 410 139 423 97 255 150 425 705 222 139 583 295 604 0 566 738 527 770 274 116 158 154 263 177 202 342 326 200 157 499 683 158 652 247 672 690 200 606 643 209 163 534 592 645 620 149 96 577 92 223 438 324 187 583 239 775 183 498 223 156 686 506 580
648 211 311 258 516 44 211 589 430 435 588 559 146 426 594 439 558 709 667 441 191 544 593 220 721 241 566 0 318 164 407 596 577 612 633 717 631 542 258 342 626 520 315 320 675 505 701 134 306 654 93 105 663 617 171 54 445 436 604 497 285 553 678 453 646 509 220 694 412 504 314 589 617 173 143 66
820 149 92 149 688 309 295 761 602 607 759 731 230 598 765 611 730 881 839 613 275 716 765 227 893 248 738 318 0 240 176 768 749 784 805 889 803 714 430 514 798 692 487 224 847 677 873 344 80 826 264 373 835 789 232 344 633 608 776 669 565 725 850 625 818 680 227 866 181 676 486 761 789 257 259 289
609 197 176 122 477 155 322 549 391 396 548 520 257 386 554 399 519 670 628 402 302 504 554 84 682 105 527 164 240 0 271 556 537 573 594 678 592 503 219 303 587 481 276 184 636 465 662 269 191 615 203 241 624 578 85 190 422 397 564 458 354 514 638 414 606 469 84 654 276 465 274 550 577 283 57 177
852 284 228 285 720 398 431 792 634 638 791 763 366 629 797 642 762 913 871 644 411 747 797 224 924 197 770 407 176 271 0 799 780 816 836 921 834 745 462 546 830 724 518 158 879 708 905 480 216 857 399 484 867 821 264 432 665 640 807 701 597 756 881 657 849 712 218 897 43 708 517 793 820 393 291 420
314 674 704 650 224 587 754 368 643 214 134 61 688 439 259 452 266 339 397 454 734 90 259 612 500 633 274 596 768 556 799 0 285 278 400 348 297 321 372 356 406 300 528 712 405 662 367 701 719 320 635 672 329 283 563 621 667 649 269 205 606 261 344 467 192 174 612 360 804 119 527 369 325 715 535 609
204 655 685 632 97 568 735 192 625 195 277 248 669 420 149 433 107 265 144 435 715 233 149 593 289 614 116 577 749 537 780 285 0 168 148 273 187 196 353 337 194 151 509 694 152 662 257 682 700 210 616 654 219 173 544 603 656 631 160 106 587 102 234 448 335 198 593 250 785 194 508 217 166 696 516 590
183 691 721 667 139 603 770 328 660 231 270 242 705 456 126 469 150 244 280 471 751 226 117 629 425 650 158 612 784 573 816 278 168 0 284 252 76 332 388 372 330 287 545 729 288 698 236 718 735 189 652 689 198 152 580 638 691 666 106 148 623 144 212 484 328 191 629 228 821 187 543 353 208 732 552 626
320 711 741 688 213 624 791 71 681 228 392 364 726 476 265 489 161 381 63 492 771 348 265 649 167 670 154 633 805 594 836 400 148 284 0 389 302 122 409 393 73 168 565 750 71 719 373 738 756 325 672 710 335 289 601 659 712 687 275 222 643 175 349 504 450 313 649 365 841 309 564 95 282 753 572 646
155 796 826 772 244 708 875 433 662 336 278 311 810 561 233 574 255 97 385 576 856 290 233 734 530 755 263 717 889 678 921 348 273 252 389 0 271 437 493 477 435 392 650 834 393 617 209 823 840 98 757 794 170 146 685 743 623 668 243 254 728 249 185 589 211 296 734 201 926 292 648 458 313 837 657 731
202 709 739 686 158 622 789 347 679 250 289 260 724 474 103 488 168 263 299 490 769 245 94 647 443 669 177 631 803 592 834 297 187 76 302 271 0 351 407 391 349 305 563 748 307 717 255 736 754 207 671 708 216 170 599 657 710 685 82 167 642 163 231 502 347 210 648 247 840 206 562 371 227 751 571 644
368 620 650 597 242 533 700 78 590 137 313 285 635 385 313 398 210 429 159 401 680 269 313 558 210 579 202 542 714 503 745 321 196 332 122 437 351 0 318 302 116 77 474 659 167 628 421 647 665 374 581 619 383 337 510 568 621 596 323 223 552 223 398 413 371 234 558 414 750 230 473 79 330 662 481 555
424 337 367 313 292 249 416 365 306 211 364 335 351 202 370 215 334 485 443 217 397 320 369 275 497 296 342 258 430 219 462 372 353 388 409 493 407 318 0 118 402 296 191 375 451 381 477 364 381 430 298 335 439 393 226 284 337 312 380 274 269 329 454 229 422 285 275 470 467 280 189 365 393 378 198 272
408 420 451 397 276 333 500 349 386 195 348 319 435 116 353 129 318 469 427 131 480 304 353 359 481 380 326 342 514 303 546 356 337 372 393 477 391 302 118 0 386 280 274 459 435 358 461 448 465 414 382 419 423 377 310 368 363 392 364 257 353 313 438 143 406 269 359 454 551 264 273 349 377 462 282 356
366 704 735 681 259 617 784 64 674 221 398 369 719 470 311 483 208 427 109 485 764 354 311 643 118 664 200 626 798 587 830 406 194 330 73 435 349 116 402 386 0 161 558 743 117 712 419 732 749 372 666 703 381 335 594 652 705 680 321 268 637 221 395 497 456 319 643 411 835 314 557 89 328 746 566 640
323 598 628 575 215 511 678 124 568 115 291 263 613 364 268 377 164 383 179 379 658 248 267 537 256 558 157 520 692 481 724 300 151 287 168 392 305 77 296 280 161 0 452 637 187 606 376 626 643 328 560 597 337 291 488 546 599 574 278 201 531 178 352 391 350 212 537 368 729 208 451 124 284 640 460 534
581 393 423 370 449 306 473 521 162 367 520 491 408 312 526 305 490 642 599 300 453 476 525 331 653 352 499 315 487 276 518 528 509 545 565 650 563 474 191 274 558 452 0 432 607 236 634 414 438 586 354 385 595 549 283 341 193 168 536 430 211 485 610 286 560 441 331 626 523 437 183 521 549 435 254 328
765 333 264 210 633 311 478 706 547 552 704 676 413 543 710 556 675 826 784 558 458 660 710 137 838 111 683 320 224 184 158 712 694 729 750 834 748 659 375 459 743 637 432 0 792 622 818 425 264 771 360 397 780 734 177 346 578 553 720 614 510 670 795 570 763 625 131 811 163 621 431 706 734 440 204 333
324 753 783 730 217 666 833 115 723 270 396 368 768 519 269 532 166 385 67 534 813 353 269 691 200 713 158 675 847 636 879 405 152 288 71 393 307 167 451 435 117 187 607 792 0 761 377 781 798 330 715 752 339 293 643 701 754 729 279 226 686 179 353 546 455 317 692 369 884 313 606 139 286 795 615 689
650 583 613 560 602 496 605 675 229 521 575 608 598 277 679 270 644 592 753 265 611 587 679 521 807 542 652 505 677 465 708 645 662 698 719 600 717 628 381 358 712 606 236 622 761 0 703 525 628 593 544 496 665 641 473 495 138 235 689 583 264 639 680 251 508 594 521 696 713 590 373 675 702 621 444 518
138 780 810 756 228 693 859 417 749 320 359 331 794 545 217 558 239 200 369 560 840 315 217 718 514 739 247 701 873 662 905 367 257 236 373 209 255 421 477 461 419 376 634 818 377 721 0 807 825 145 741 778 95 130 669 727 726 755 227 238 712 234 81 573 314 280 718 56 910 276 633 442 297 821 641 715
754 228 345 363 622 142 106 694 528 540 693 665 145 531 699 544 664 815 773 546 112 649 699 325 826 346 672 134 344 269 480 701 682 718 738 823 736 647 364 448 732 626 414 425 781 525 807 0 332 759 194 64 769 723 276 106 448 534 709 603 288 658 783 559 751 614 325 799 485 610 419 695 722 123 248 172
771 137 63 100 640 297 283 712 554 558 711 682 218 549 717 562 681 832 790 564 264 667 716 178 844 199 690 306 80 191 216 719 700 735 756 840 754 665 381 465 749 643 438 264 798 628 825 332 0 777 252 361 786 740 184 332 585 559 727 621 516 676 801 577 769 632 178 817 221 627 437 712 740 245 210 277
92 732 762 709 181 645 812 370 655 273 271 283 747 497 170 510 191 90 322 513 792 268 169 670 466 692 200 654 826 615 857 320 210 189 325 98 207 374 430 414 372 328 586 771 330 610 145 759 777 0 694 731 107 83 622 680 615 661 180 190 664 186 121 525 204 233 671 137 863 229 585 394 250 774 593 667
688 147 264 298 556 84 145 628 470 475 627 599 80 465 633 478 598 749 707 481 126 583 633 259 760 280 606 93 264 203 399 635 616 652 672 757 671 581 298 382 666 560 354 360 715 544 741 194 252 694 0 169 703 657 210 118 501 476 643 537 350 593 717 493 685 548 259 733 404 544 353 629 656 107 182 52
725 256 373 335 593 113 135 666 499 512 664 636 174 503 670 516 635 786 744 518 141 621 670 296 798 318 643 105 373 241 484 672 654 689 710 794 708 619 335 419 703 597 385 397 752 496 778 64 361 731 169 0 740 694 248 78 420 505 681 574 260 630 755 530 723 585 297 771 489 581 391 666 694 151 220 143
101 742 772 718 190 654 821 379 711 282 321 293 756 507 179 520 201 162 331 522 801 277 179 680 475 701 209 663 835 624 867 329 219 198 335 170 216 383 439 423 381 337 595 780 339 683 95 769 786 107 703 740 0 92 631 689 688 717 189 199 674 195 117 534 276 242 680 93 872 238 594 404 259 783 603 677
77 695 725 672 144 608 775 333 665 236 275 246 710 461 133 474 154 138 285 476 755 231 132 633 429 655 163 617 789 578 821 283 173 152 289 146 170 337 393 377 335 291 549 734 293 658 130 723 740 83 657 694 92 0 585 643 663 671 143 153 628 149 107 488 252 196 634 122 826 192 548 357 213 737 557 631
616 204 169 115 484 162 329 557 398 403 555 527 264 393 561 407 526 677 635 409 309 511 561 77 689 98 534 171 232 85 264 563 544 580 601 685 599 510 226 310 594 488 283 177 643 473 669 276 184 622 210 248 631 585 0 197 429 404 571 465 361 521 645 421 613 476 77 661 269 472 281 557 584 291 64 184
674 237 337 284 542 62 187 615 456 461 613 585 172 452 619 465 584 735 693 467 193 569 619 245 747 267 592 54 344 190 432 621 603 638 659 743 657 568 284 368 652 546 341 346 701 495 727 106 332 680 118 78 689 643 197 0 418 462 629 523 258 579 704 479 672 534 246 720 438 530 340 615 643 199 169 92
655 540 570 516 595 453 529 668 186 514 581 613 554 282 672 275 637 597 746 270 535 592 672 478 800 499 645 445 633 422 665 650 656 691 712 605 710 621 337 363 705 599 193 578 754 138 708 448 585 598 501 420 670 646 429 418 0 192 683 576 188 632 685 256 513 588 478 701 670 583 330 668 696 545 401 475
701 515 545 491 570 428 594 643 31 489 626 613 529 310 647 304 612 642 721 299 575 597 647 453 775 474 620 436 608 397 640 649 631 666 687 650 685 596 312 392 680 574 168 553 729 235 754 534 559 643 476 505 715 671 404 462 192 0 657 551 273 607 730 285 558 562 453 746 645 558 305 643 671 556 376 450
174 682 712 659 131 595 762 319 651 222 261 233 696 447 119 460 141 235 271 462 742 217 119 620 416 641 149 604 776 564 807 269 160 106 275 243 82 323 380 364 321 278 536 720 279 689 227 709 727 180 643 681 189 143 571 629 683 657 0 140 614 136 204 475 319 182 620 220 812 178 535 344 200 723 543 617
185 576 606 552 64 489 655 266 545 116 197 169 590 341 130 354 88 245 218 356 636 154 129 514 363 535 96 497 669 458 701 205 106 148 222 254 167 223 274 257 268 201 430 614 226 583 238 603 621 190 537 574 199 153 465 523 576 551 140 0 508 83 214 369 256 118 514 230 706 114 429 270 146 617 437 511
659 468 501 448 527 293 369 599 267 445 598 570 403 408 604 402 569 720 678 397 375 554 604 410 731 431 577 285 565 354 597 606 587 623 643 728 642 552 269 353 637 531 211 510 686 264 712 288 516 664 350 260 674 628 361 258 188 273 614 508 0 564 688 383 640 519 410 704 602 515 262 600 627 385 333 324
181 631 661 608 73 544 711 219 601 172 253 225 646 397 126 410 84 241 171 412 691 209 125 569 316 591 92 553 725 514 756 261 102 144 175 249 163 223 329 313 221 178 485 670 179 639 234 658 676 186 593 630 195 149 521 579 632 607 136 83 564 0 210 424 311 174 570 226 762 170 484 244 142 673 493 566
116 756 786 733 205 669 836 394 726 297 335 307 771 521 194 534 215 177 346 536 816 292 193 694 490 715 223 678 850 638 881 344 234 212 349 185 231 398 454 438 395 352 610 795 353 697 81 783 801 121 717 755 117 107 645 704 702 732 204 214 688 210 0 549 291 257 694 78 886 252 609 418 274 797 617 691
520 532 562 508 388 445 611 460 279 306 459 430 546 95 465 89 429 581 538 84 592 415 464 470 592 491 438 453 625 414 657 467 448 484 504 589 502 413 229 143 497 391 286 570 546 251 573 559 577 525 493 530 534 488 421 479 256 285 475 369 383 424 549 0 517 380 470 565 662 376 385 460 488 573 393 467
261 724 754 701 275 637 804 418 570 264 123 155 738 489 309 502 316 203 447 504 784 134 309 662 550 683 324 646 818 606 849 192 335 328 450 211 347 371 422 406 456 350 577 763 455 525 314 751 769 204 685 723 276 252 613 672 531 576 319 256 656 311 291 517 0 224 662 307 854 169 577 419 375 765 585 659
227 587 617 563 137 500 666 281 556 127 166 138 601 352 172 365 179 288 310 367 647 122 172 525 413 546 187 509 680 469 712 174 198 191 313 296 210 234 285 269 319 212 441 625 317 594 280 614 632 233 548 585 242 196 476 534 588 562 182 118 519 174 257 380 224 0 525 273 717 83 440 282 238 628 448 522
665 253 163 110 533 211 378 605 447 452 604 576 312 442 610 455 575 726 684 458 358 560 610 54 737 52 583 220 227 84 218 612 593 629 649 734 648 558 275 359 643 537 331 131 692 521 718 325 178 671 259 297 680 634 77 246 478 453 620 514 410 570 694 470 662 525 0 710 223 521 330 606 633 339 104 233
132 772 802 749 221 685 852 410 742 313 351 323 787 537 210 550 231 193 361 552 832 308 209 710 506 731 239 694 866 654 897 360 250 228 365 201 247 414 470 454 411 368 626 811 369 713 56 799 817 137 733 771 93 122 661 720 718 748 220 230 704 226 78 565 307 273 710 0 902 268 625 434 290 813 633 707
857 289 233 290 725 403 436 797 639 644 796 768 371 634 802 647 767 918 876 650 416 752 802 229 929 202 775 412 181 276 43 804 785 821 841 926 840 750 467 551 835 729 523 163 884 713 910 485 221 863 404 489 872 826 269 438 670 645 812 706 602 762 886 662 854 717 223 902 0 713 522 798 825 398 296 425
223 583 613 559 133 496 662 277 552 123 111 83 597 348 168 361 175 284 305 363 643 67 168 521 409 542 183 504 676 465 708 119 194 187 309 292 206 230 280 264 314 208 437 621 313 590 276 610 627 229 544 581 238 192 472 530 583 558 178 114 515 170 252 376 169 83 521 268 713 0 436 277 234 624 444 518
579 392 422 369 448 305 472 520 299 366 519 490 406 357 525 370 489 640 598 372 452 475 524 330 652 351 498 314 486 274 517 527 508 543 564 648 562 473 189 273 557 451 183 431 606 373 633 419 437 585 353 391 594 548 281 340 330 305 535 429 262 484 609 385 577 440 330 625 522 436 0 520 548 433 253 327
389 667 698 644 282 580 747 51 637 184 361 332 682 433 334 446 230 450 132 448 727 317 333 606 183 627 223 589 761 550 793 369 217 353 95 458 371 79 365 349 89 124 521 706 139 675 442 695 712 394 629 666 404 357 557 615 668 643 344 270 600 244 418 460 419 282 606 434 798 277 520 0 351 709 529 603
244 695 725 672 137 608 775 326 665 236 317 288 710 460 189 473 148 305 278 475 755 273 189 633 422 654 156 617 789 577 820 325 166 208 282 313 227 330 393 377 328 284 549 734 286 702 297 722 740 250 656 694 259 213 584 643 696 671 200 146 627 142 274 488 375 238 633 290 825 234 548 351 0 736 556 630
768 140 257 314 636 164 74 709 550 555 707 679 58 545 713 558 678 829 787 561 54 663 713 339 841 360 686 173 257 283 393 715 696 732 753 837 751 662 378 462 746 640 435 440 795 621 821 123 245 774 107 151 783 737 291 199 545 556 723 617 385 673 797 573 765 628 339 813 398 624 433 709 736 0 262 133
588 176 196 142 456 134 301 528 370 374 527 499 235 365 533 378 498 649 607 380 281 483 533 104 660 125 506 143 259 57 291 535 516 552 572 657 571 481 198 282 566 460 254 204 615 444 641 248 210 593 182 220 603 557 64 169 401 376 543 437 333 493 617 393 585 448 104 633 296 444 253 529 556 262 0 156
662 173 290 271 530 58 171 602 444 448 601 573 106 439 607 452 572 723 681 454 151 557 607 233 734 254 580 66 289 177 420 609 590 626 646 731 644 555 272 356 640 534 328 333 689 518 715 172 277 667 52 143 677 631 184 92 475 450 617 511 324 566 691 467 659 522 233 707 425 518 327 603 630 133 156 0
EOF