NAME : tsp_problem
TYPE : TSP
DIMENSION : 62
EDGE_WEIGHT_TYPE : EXPLICIT
EDGE_WEIGHT_FORMAT : FULL_MATRIX
EDGE_WEIGHT_SECTION
0 828 105 119 849 281 227 823 183 352 215 347 757 261 319 649 690 90 191 322 635 685 843 742 249 710 164 842 1004 395 350 423 209 111 214 354 297 212 735 327 337 589 127 94 726 246 593 478 301 745 735 839 205 266 73 221 728 271 678 875 708 174
828 0 783 779 389 918 799 467 762 820 852 836 502 897 808 291 403 802 770 901 222 179 487 501 885 478 744 486 1450 536 908 433 698 787 702 842 897 792 354 885 895 351 770 793 128 882 285 619 789 349 158 379 842 903 822 709 148 908 354 425 469 694
105 783 0 98 804 236 182 778 138 307 170 302 712 216 274 604 645 121 146 277 590 640 798 697 204 665 119 797 959 350 305 378 164 106 169 309 252 167 690 282 292 544 89 112 681 201 548 433 256 700 690 794 160 221 109 176 683 227 633 830 663 129
119 779 98 0 800 232 178 774 134 303 166 298 708 212 270 600 641 117 142 273 586 636 794 693 200 661 115 793 955 346 301 374 160 102 165 305 248 163 687 278 288 540 85 108 677 197 544 429 252 696 686 790 156 217 122 172 679 223 629 826 659 125
849 389 804 800 0 938 820 114 783 841 873 857 149 918 829 242 191 823 791 922 360 411 134 148 906 672 765 134 1548 557 928 454 719 808 723 863 918 812 142 906 916 288 791 814 401 903 307 640 810 137 280 64 863 924 843 730 272 929 640 73 220 715
281 918 236 232 938 0 316 912 272 442 172 277 847 98 224 738 779 255 280 411 724 775 932 831 86 626 254 932 842 484 439 513 299 240 303 221 134 301 825 416 426 678 223 246 815 203 682 568 354 834 825 928 162 95 275 310 817 99 721 964 797 263
227 799 182 178 820 316 0 794 95 161 250 367 728 296 340 620 661 201 83 293 606 657 814 713 284 681 104 813 1039 366 158 395 230 186 234 374 332 184 707 136 145 560 169 192 697 281 564 450 321 716 707 810 240 301 221 241 699 306 649 846 679 145
823 467 778 774 114 912 794 0 757 814 846 830 114 892 803 320 269 797 765 896 391 442 74 113 880 646 739 73 1521 530 902 428 693 782 697 837 892 786 220 880 890 262 765 788 479 877 343 614 784 215 358 122 836 897 817 704 350 903 614 106 185 689
183 762 138 134 783 272 95 757 0 206 206 323 691 252 295 583 624 157 118 249 569 619 777 676 240 644 92 776 995 329 204 357 185 141 190 330 288 139 669 181 191 523 125 148 660 237 527 412 277 679 669 773 196 257 176 197 661 262 612 809 642 101
352 820 307 303 841 442 161 814 206 0 376 452 749 421 424 640 681 327 194 419 626 677 835 733 409 701 215 834 1143 386 156 415 314 311 319 459 457 309 727 133 143 580 295 317 717 406 584 470 406 736 727 830 366 427 346 326 719 432 670 866 699 271
215 852 170 166 873 172 250 846 206 376 0 331 781 152 277 672 713 189 214 345 658 709 867 765 140 679 188 866 895 418 373 447 233 174 237 274 188 235 759 350 360 612 157 180 749 113 616 502 324 768 759 862 96 157 209 244 751 162 702 898 731 197
347 836 302 298 857 277 367 830 323 452 331 0 765 257 84 656 697 321 331 462 642 693 851 749 228 587 305 850 803 402 490 431 165 306 221 118 173 353 743 468 478 596 289 312 733 361 600 486 188 752 743 846 321 263 341 156 735 268 682 882 715 255
757 502 712 708 149 847 728 114 691 749 781 765 0 826 737 294 216 731 699 830 326 376 134 85 814 580 673 133 1456 465 837 362 627 716 631 771 826 721 255 814 824 196 699 722 417 811 277 548 718 250 393 157 771 832 751 638 385 837 548 166 119 623
261 897 216 212 918 98 296 892 252 421 152 257 826 0 204 718 759 235 260 391 704 754 912 811 66 605 233 911 821 464 418 492 278 220 282 200 114 281 804 396 406 658 203 226 795 182 662 547 334 814 804 908 142 84 255 290 797 89 701 944 777 243
319 808 274 270 829 224 340 803 295 424 277 84 737 204 0 628 669 293 303 434 614 665 823 721 174 533 277 822 749 374 462 403 138 278 193 65 120 325 715 440 450 569 261 284 705 308 573 458 161 724 715 818 267 209 313 128 707 214 629 855 687 227
649 291 604 600 242 738 620 320 583 640 672 656 294 718 628 0 227 623 591 722 147 197 340 279 706 472 564 339 1347 356 728 254 518 607 522 663 718 612 208 706 715 126 591 614 238 703 93 440 610 202 182 232 662 723 642 530 174 728 437 279 245 515
690 403 645 641 191 779 661 269 624 681 713 697 216 759 669 227 0 664 632 763 258 309 289 200 747 513 605 289 1388 397 769 295 559 648 563 704 759 653 78 746 756 129 632 655 349 744 210 481 650 87 295 181 703 764 683 571 287 769 481 228 166 556
90 802 121 117 823 255 201 797 157 327 189 321 731 235 293 623 664 0 165 296 609 660 817 716 223 684 139 816 978 369 324 398 184 125 188 328 271 186 710 301 311 563 108 115 700 220 567 452 275 719 709 813 180 240 93 195 702 246 652 849 682 148
191 770 146 142 791 280 83 765 118 194 214 331 699 260 303 591 632 165 0 257 577 627 785 684 248 652 100 784 1003 337 191 365 194 149 198 338 296 147 677 169 179 531 133 156 668 245 535 420 285 687 677 781 204 265 184 205 669 270 620 817 650 109
252 901 277 273 922 411 293 896 249 419 345 462 830 391 434 722 763 272 257 0 708 758 916 815 379 783 231 915 1134 468 416 496 325 280 329 469 427 169 808 393 403 662 264 277 799 376 666 551 416 818 808 912 335 396 256 336 801 401 751 948 781 240
635 222 590 586 360 724 606 391 569 626 658 642 326 704 614 147 258 609 577 708 0 79 411 310 692 442 550 411 1333 342 714 240 504 594 509 649 704 598 304 692 702 157 577 600 119 689 91 426 596 313 154 350 648 709 629 516 146 714 318 397 276 501
685 179 640 636 411 775 657 442 619 677 709 693 376 754 665 197 309 660 627 758 79 0 462 361 742 399 601 461 1371 393 765 291 555 644 559 699 754 649 354 742 752 208 628 650 76 739 142 476 646 364 204 401 699 760 679 566 196 765 275 448 327 551
843 487 798 794 134 932 814 74 777 835 867 851 134 912 823 340 289 817 785 916 411 462 0 133 900 666 759 37 1542 551 922 448 713 802 717 857 912 806 240 900 910 282 785 808 499 897 363 634 804 235 378 143 857 918 837 724 370 923 634 123 205 709
742 501 697 693 148 831 713 113 676 733 765 749 85 811 721 279 200 716 684 815 310 361 133 0 799 565 657 132 1440 449 821 347 611 701 616 756 811 705 246 799 809 181 684 707 401 796 262 533 703 249 392 156 755 816 736 623 384 821 533 165 104 608
249 885 204 200 906 86 284 880 240 409 140 228 814 66 174 706 747 223 248 379 692 742 900 799 0 576 221 899 792 452 407 480 266 208 271 171 85 269 792 384 394 646 191 214 783 170 650 535 304 802 792 896 130 72 243 272 785 77 671 932 765 231
710 478 665 661 672 608 681 646 644 701 662 569 580 588 516 472 513 684 652 783 442 399 666 565 558 0 626 665 1026 359 789 315 580 669 584 512 504 673 559 767 777 412 652 675 430 692 416 278 646 568 558 662 652 593 704 591 551 599 149 698 531 576
164 744 119 115 765 254 104 739 92 215 188 305 673 233 277 564 605 139 100 231 550 601 759 657 221 626 0 758 977 310 212 339 167 123 171 312 269 121 651 190 200 505 107 130 642 218 509 394 258 660 651 755 178 239 158 179 643 244 594 791 623 83
842 486 797 793 134 932 813 73 776 834 866 850 133 911 822 339 289 816 784 915 411 461 37 132 899 665 758 0 1541 550 922 447 712 801 716 856 911 806 239 899 909 281 784 807 498 896 362 633 803 234 377 142 856 917 836 723 370 922 633 122 204 708
558 1281 593 607 1302 791 673 1275 629 798 725 842 1210 770 814 1101 1142 578 637 476 1087 1138 1296 1194 758 1163 610 1295 0 847 796 876 704 599 708 848 806 548 1188 773 783 1042 615 583 1178 755 1045 931 795 1197 1188 1291 715 776 561 716 1180 781 1131 1328 1160 620
395 536 350 346 557 484 366 530 329 386 418 402 465 464 374 356 397 369 337 468 342 393 551 449 452 359 310 550 1093 0 474 131 264 353 269 409 464 358 443 452 461 296 337 360 433 449 300 116 356 452 443 546 408 469 389 276 435 474 386 582 415 261
350 908 305 301 928 439 158 902 204 156 373 490 837 418 462 728 769 324 191 416 714 765 922 821 407 789 212 922 1162 474 0 503 352 308 357 497 454 306 815 77 72 668 292 315 805 403 672 558 444 824 815 918 363 424 343 364 807 429 757 954 787 268
423 433 378 374 454 513 395 428 357 415 447 431 362 492 403 254 295 398 365 496 240 291 448 347 480 315 339 447 1122 131 503 0 293 382 297 437 492 387 341 480 490 194 366 388 331 477 198 214 384 350 340 444 437 498 417 304 333 503 283 480 313 289
209 698 164 160 719 299 230 693 185 314 233 165 627 278 138 518 559 184 194 325 504 555 713 611 266 580 167 712 857 264 352 293 0 168 83 172 227 215 605 330 340 459 152 174 596 263 463 348 119 614 605 708 223 284 203 39 597 289 548 745 577 118
111 787 106 102 808 240 186 782 141 311 174 306 716 220 278 607 648 125 149 280 594 644 802 701 208 669 123 801 963 353 308 382 168 0 172 312 256 171 694 286 296 548 93 116 685 204 552 437 259 703 694 798 164 225 115 180 686 230 637 834 666 133
214 702 169 165 723 303 234 697 190 319 237 221 631 282 193 522 563 188 198 329 509 559 717 616 271 584 171 716 912 269 357 297 83 172 0 227 283 219 609 334 344 463 156 179 600 267 467 352 174 618 609 713 227 288 207 95 601 293 552 749 581 122
354 842 309 305 863 221 374 837 330 459 274 118 771 200 65 663 704 328 338 469 649 699 857 756 171 530 312 856 746 409 497 437 172 312 227 0 116 359 749 474 484 603 296 319 740 304 607 492 195 759 749 853 264 206 347 163 741 211 625 889 721 262
297 897 252 248 918 134 332 892 288 457 188 173 826 114 120 718 759 271 296 427 704 754 912 811 85 521 269 911 737 464 454 492 227 256 283 116 0 317 804 432 442 658 239 262 795 218 662 547 250 814 804 908 178 120 291 218 797 125 617 944 777 279
212 792 167 163 812 301 184 786 139 309 235 353 721 281 325 612 653 186 147 169 598 649 806 705 269 673 121 806 1024 358 306 387 215 171 219 359 317 0 699 284 294 552 154 177 689 266 556 442 306 708 699 802 226 286 206 226 691 292 641 838 671 131
735 354 690 687 142 825 707 220 669 727 759 743 255 804 715 208 78 710 677 808 304 354 240 246 792 559 651 239 1434 443 815 341 605 694 609 749 804 699 0 792 802 175 678 701 366 789 256 526 696 65 245 132 749 810 729 617 238 815 527 179 212 601
327 885 282 278 906 416 136 880 181 133 350 468 814 396 440 706 746 301 169 393 692 742 900 799 384 767 190 899 1139 452 77 480 330 286 334 474 432 284 792 0 96 646 269 292 783 381 650 535 421 802 792 896 341 402 321 341 784 407 735 932 764 246
337 895 292 288 916 426 145 890 191 143 360 478 824 406 450 715 756 311 179 403 702 752 910 809 394 777 200 909 1149 461 72 490 340 296 344 484 442 294 802 96 0 656 279 302 793 391 660 545 431 811 802 906 350 411 331 351 794 417 745 942 774 255
589 351 544 540 288 678 560 262 523 580 612 596 196 658 569 126 129 563 531 662 157 208 282 181 646 412 505 281 1288 296 668 194 459 548 463 603 658 552 175 646 656 0 531 554 248 643 109 380 550 184 258 278 603 663 583 470 250 669 380 314 147 455
127 770 89 85 791 223 169 765 125 295 157 289 699 203 261 591 632 108 133 264 577 628 785 684 191 652 107 784 946 337 292 366 152 93 156 296 239 154 678 269 279 531 0 99 668 188 535 420 243 687 677 781 148 208 128 163 670 214 620 817 650 116
94 793 112 108 814 246 192 788 148 317 180 312 722 226 284 614 655 115 156 287 600 650 808 707 214 675 130 807 969 360 315 388 174 116 179 319 262 177 701 292 302 554 99 0 691 211 558 443 266 710 700 804 170 231 98 186 693 237 643 840 673 139
726 128 681 677 401 815 697 479 660 717 749 733 417 795 705 238 349 700 668 799 119 76 499 401 783 430 642 498 1402 433 805 331 596 685 600 740 795 689 366 783 793 248 668 691 0 780 182 517 687 361 170 391 739 800 720 607 160 805 307 438 367 592
246 882 201 197 903 203 281 877 237 406 113 361 811 182 308 703 744 220 245 376 689 739 897 796 170 709 218 896 925 449 403 477 263 204 267 304 218 266 789 381 391 643 188 211 780 0 647 532 354 799 789 893 115 188 240 275 781 193 732 929 761 228
593 285 548 544 307 682 564 343 527 584 616 600 277 662 573 93 210 567 535 666 91 142 363 262 650 416 509 362 1291 300 672 198 463 552 467 607 662 556 256 650 660 109 535 558 182 647 0 384 554 265 192 296 606 667 587 474 184 673 381 343 228 459
478 619 433 429 640 568 450 614 412 470 502 486 548 547 458 440 481 452 420 551 426 476 634 533 535 278 394 633 1078 116 558 214 348 437 352 492 547 442 526 535 545 380 420 443 517 532 384 0 439 536 526 630 492 553 472 359 518 558 373 666 499 344
301 789 256 252 810 354 321 784 277 406 324 188 718 334 161 610 650 275 285 416 596 646 804 703 304 663 258 803 879 356 444 384 119 259 174 195 250 306 696 421 431 550 243 266 687 354 554 439 0 706 696 800 314 339 294 109 688 345 639 836 668 209
745 349 700 696 137 834 716 215 679 736 768 752 250 814 724 202 87 719 687 818 313 364 235 249 802 568 660 234 1443 452 824 350 614 703 618 759 814 708 65 802 811 184 687 710 361 799 265 536 706 0 240 127 758 819 738 626 232 824 536 173 221 611
735 158 690 686 280 825 707 358 669 727 759 743 393 804 715 182 295 709 677 808 154 204 378 392 792 558 651 377 1434 443 815 340 605 694 609 749 804 699 245 792 802 258 677 700 170 789 192 526 696 240 0 270 749 810 729 616 49 815 443 317 376 601
839 379 794 790 64 928 810 122 773 830 862 846 157 908 818 232 181 813 781 912 350 401 143 156 896 662 755 142 1537 546 918 444 708 798 713 853 908 802 132 896 906 278 781 804 391 893 296 630 800 127 270 0 852 913 833 720 262 918 630 81 229 705
205 842 160 156 863 162 240 836 196 366 96 321 771 142 267 662 703 180 204 335 648 699 857 755 130 669 178 856 885 408 363 437 223 164 227 264 178 226 749 341 350 603 148 170 739 115 606 492 314 758 749 852 0 147 199 234 741 152 692 889 721 187
266 903 221 217 924 95 301 897 257 427 157 263 832 84 209 723 764 240 265 396 709 760 918 816 72 611 239 917 827 469 424 498 284 225 288 206 120 286 810 402 411 663 208 231 800 188 667 553 339 819 810 913 147 0 260 295 802 94 706 949 782 248
73 822 109 122 843 275 221 817 176 346 209 341 751 255 313 642 683 93 184 315 629 679 837 736 243 704 158 836 998 389 343 417 203 115 207 347 291 206 729 321 331 583 128 98 720 240 587 472 294 738 729 833 199 260 0 215 721 265 672 869 701 168
221 709 176 172 730 310 241 704 197 326 244 156 638 290 128 530 571 195 205 336 516 566 724 623 272 591 179 723 847 276 364 304 39 180 95 163 218 226 617 341 351 470 163 186 607 275 474 359 109 626 616 720 234 295 215 0 609 300 559 756 589 129
728 148 683 679 272 817 699 350 661 719 751 735 385 797 707 174 287 702 669 801 146 196 370 384 785 551 643 370 1426 435 807 333 597 686 601 741 797 691 238 784 794 250 670 693 160 781 184 518 688 232 49 262 741 802 721 609 0 807 436 309 369 594
271 908 227 223 929 99 306 903 262 432 162 268 837 89 214 728 769 246 270 401 714 765 923 821 77 616 244 922 832 474 429 503 289 230 293 211 125 292 815 407 417 669 214 237 805 193 673 558 345 824 815 918 152 94 265 300 807 0 711 955 787 253
678 354 633 629 640 704 649 614 612 670 702 665 548 683 611 437 481 652 620 751 318 275 634 533 654 149 594 633 1122 386 757 283 548 637 552 608 599 641 527 735 745 380 620 643 307 732 381 373 639 536 443 630 692 689 672 559 436 694 0 666 499 544
875 425 830 826 73 964 846 106 809 866 898 882 166 944 855 279 228 849 817 948 397 448 123 165 932 698 791 122 1574 582 954 480 745 834 749 889 944 838 179 932 942 314 817 840 438 929 343 666 836 173 317 81 889 949 869 756 309 955 666 0 237 741
708 469 663 659 220 797 679 185 642 699 731 715 119 777 687 245 166 682 650 781 276 327 205 104 765 531 623 204 1406 415 787 313 577 666 581 721 777 671 212 764 774 147 650 673 367 761 228 499 668 221 376 229 721 782 701 589 369 787 499 237 0 574
174 694 129 125 715 263 145 689 101 271 197 255 623 243 227 515 556 148 109 240 501 551 709 608 231 576 83 708 946 261 268 289 118 133 122 262 279 131 601 246 255 455 116 139 592 228 459 344 209 611 601 705 187 248 168 129 594 253 544 741 574 0
EOF