NAME : tsp_problem
TYPE : TSP
DIMENSION : 68
EDGE_WEIGHT_TYPE : EXPLICIT
EDGE_WEIGHT_FORMAT : FULL_MATRIX
EDGE_WEIGHT_SECTION
0 384 345 363 369 531 251 483 565 285 297 518 215 446 139 314 387 346 450 354 452 323 274 465 504 512 115 577 463 428 319 597 285 219 265 193 423 1127 299 62 285 276 587 489 439 390 646 267 329 270 357 306 276 397 577 425 523 551 560 404 405 377 416 224 508 522 258 227
384 0 634 652 658 315 540 225 248 574 597 302 552 735 475 613 243 635 191 138 307 107 564 207 246 196 404 432 752 717 619 402 473 555 554 529 712 846 462 398 621 565 328 340 180 74 452 603 618 559 99 595 565 686 319 714 265 406 302 260 694 666 271 560 250 377 547 516
345 634 0 185 307 781 201 733 815 311 595 769 460 317 436 611 638 99 700 604 702 573 251 716 755 763 271 827 240 203 617 847 582 516 215 490 253 1413 597 360 582 302 837 739 689 641 897 564 196 106 608 332 99 155 828 199 773 801 811 655 180 329 666 522 759 772 208 253
363 652 185 0 455 799 140 752 833 374 527 787 321 465 315 544 656 247 718 622 721 592 364 734 773 781 290 846 388 91 549 865 584 526 126 423 401 1409 598 378 482 365 855 758 707 659 915 464 343 253 626 395 247 87 846 87 791 820 829 673 68 466 684 478 777 791 132 317
369 658 307 455 0 805 346 757 839 117 619 793 537 109 460 635 661 281 724 628 726 597 205 739 779 787 295 851 126 473 641 871 606 540 359 514 85 1437 621 384 606 124 861 763 713 665 921 588 241 314 632 95 308 426 852 469 797 825 835 679 450 79 690 546 783 796 353 179
531 315 781 799 805 0 687 214 388 721 744 50 698 882 622 760 377 782 247 204 381 253 710 234 302 443 551 480 899 864 766 409 620 701 700 676 859 1074 609 545 767 712 384 347 236 321 459 750 765 706 260 742 712 832 375 860 320 454 138 301 841 812 304 707 306 425 693 663
251 540 201 140 346 687 0 639 721 262 492 674 285 423 279 508 543 252 606 510 608 479 251 621 660 668 177 733 393 205 514 753 488 422 41 387 399 1318 502 265 446 253 743 645 594 546 802 429 306 176 513 283 183 201 733 201 679 707 716 560 181 353 572 427 664 678 34 204
483 225 733 752 757 281 639 0 284 673 696 268 651 835 574 713 336 734 111 163 340 206 663 90 198 353 504 439 852 817 718 368 572 654 653 628 811 969 561 498 720 664 280 306 123 231 418 702 717 658 155 695 664 785 270 813 216 413 108 260 793 765 263 660 201 384 646 616
565 248 815 833 839 388 721 284 0 755 508 376 639 916 656 525 423 816 250 271 448 288 744 266 173 129 585 547 933 898 530 476 474 548 734 577 893 715 488 579 544 746 136 414 239 207 525 526 799 740 263 776 746 867 126 894 103 521 361 368 875 847 371 507 177 492 727 697
285 574 311 374 117 721 262 673 755 0 535 709 453 195 376 551 577 312 640 544 642 513 121 655 695 702 211 767 212 439 557 787 522 456 275 430 171 1353 537 300 522 57 777 679 629 580 837 504 175 235 548 55 242 407 768 435 713 741 751 595 416 125 606 462 699 712 268 95
297 597 595 527 619 744 492 696 491 535 0 731 230 696 312 41 600 596 663 567 665 536 524 678 634 502 365 790 713 546 47 810 156 192 478 178 672 981 170 271 135 526 597 702 652 580 859 117 579 519 570 556 526 589 587 552 564 764 773 617 569 626 629 98 638 735 485 477
518 302 769 787 793 50 674 239 376 709 731 0 686 870 609 748 365 770 235 192 369 241 698 250 290 431 539 468 887 852 753 397 608 689 688 663 846 1062 596 533 755 700 372 335 224 309 446 737 753 693 247 730 700 820 363 848 308 442 163 289 829 800 292 695 294 413 681 651
215 552 460 321 537 698 285 651 622 453 230 686 0 614 105 247 555 511 617 521 620 491 442 633 672 633 283 745 631 340 252 765 287 229 271 126 591 1112 301 189 185 444 728 657 606 558 814 167 497 434 525 474 441 382 719 345 690 719 728 572 363 544 584 181 676 690 278 395
446 735 317 465 109 882 423 835 916 195 696 870 614 0 537 713 739 290 801 705 804 675 282 817 856 864 373 929 107 483 718 948 683 617 437 591 95 1514 698 461 683 201 938 841 790 742 998 666 250 324 709 172 317 435 929 479 874 903 912 756 459 130 767 623 860 874 430 256
139 475 436 315 460 622 279 574 656 376 312 609 105 537 0 329 478 437 541 445 543 414 365 556 595 603 206 668 554 334 334 688 308 242 265 208 514 1150 323 112 266 367 678 580 530 481 737 249 420 361 448 397 367 376 668 339 614 642 651 495 357 468 507 248 599 613 272 318
314 613 611 544 635 760 508 713 507 551 41 748 247 713 329 0 617 612 679 583 682 553 541 695 650 518 382 807 730 563 29 826 172 208 495 194 689 998 187 287 151 542 613 719 668 596 876 134 595 536 587 572 542 605 604 568 581 781 790 634 586 643 645 115 654 752 501 494
387 243 638 656 661 377 543 336 423 577 600 365 555 739 478 617 0 638 302 212 92 182 567 318 357 371 408 217 756 721 622 238 476 558 557 532 715 1021 465 402 624 569 440 129 291 249 288 606 622 562 216 599 569 689 430 717 376 191 413 94 698 669 106 564 361 162 550 520
346 635 99 247 281 782 252 734 816 312 596 770 511 290 437 612 638 0 701 605 703 574 224 716 756 763 272 828 214 265 618 848 583 517 266 491 227 1414 598 361 583 303 838 740 690 641 898 565 169 106 609 333 100 218 829 261 774 802 812 656 242 302 667 523 760 773 259 254
450 191 700 718 724 247 606 111 250 640 663 235 617 801 541 679 302 701 0 130 307 173 629 125 164 320 470 406 818 783 685 335 539 620 619 595 778 936 528 464 686 631 246 273 98 198 384 669 684 625 122 661 631 751 237 779 182 380 149 227 760 732 230 626 168 351 612 582
354 138 604 622 628 204 510 163 271 544 567 192 521 705 445 583 212 605 130 0 264 76 533 145 185 266 374 363 722 687 589 292 443 524 523 499 682 916 432 368 590 535 267 230 119 144 341 573 588 529 111 565 535 655 257 683 203 337 240 184 664 636 187 530 188 308 516 486
452 307 702 721 726 381 608 340 448 642 665 369 620 804 543 682 92 703 307 264 0 247 632 322 362 436 473 156 821 786 687 178 541 623 622 597 780 1086 530 467 689 633 444 68 296 314 228 671 686 627 281 664 633 754 435 782 380 130 418 159 762 734 171 629 366 101 615 585
323 107 573 592 597 253 479 206 288 513 536 241 491 675 414 553 182 574 173 76 247 0 503 188 228 235 344 372 692 657 558 341 412 494 493 468 651 886 401 338 560 504 310 279 162 113 390 542 557 498 80 535 504 625 301 653 246 346 284 199 634 605 210 500 231 317 486 456
274 564 251 364 205 710 251 663 744 121 524 698 442 282 365 541 567 224 629 533 632 503 0 645 684 692 201 757 229 417 546 777 512 445 265 419 242 1342 526 289 511 112 766 669 618 570 826 494 85 225 537 142 231 369 757 413 702 731 740 584 394 212 595 451 688 702 258 84
465 207 716 734 739 263 621 90 266 655 678 250 633 817 556 695 318 716 125 145 322 188 645 0 180 335 486 421 834 799 700 350 554 636 635 610 793 951 543 480 702 647 262 289 114 213 400 684 700 640 137 677 646 767 253 795 198 395 127 242 776 747 246 642 183 366 628 598
504 246 755 773 779 302 660 198 173 695 651 290 672 856 595 668 357 756 164 185 362 228 684 180 0 272 525 461 873 838 673 390 594 675 674 649 833 858 583 519 687 686 169 328 153 253 439 669 739 679 177 716 686 806 159 834 105 435 275 281 815 786 285 650 90 406 667 637
512 196 763 781 787 443 668 353 129 702 519 431 650 864 603 536 371 763 320 266 436 235 692 335 272 0 533 561 881 846 541 531 485 559 682 588 840 726 499 527 555 694 235 469 309 154 580 537 747 687 227 724 694 814 225 842 202 535 431 388 823 794 400 518 275 506 675 645
115 404 271 290 295 551 177 504 585 211 365 539 283 373 206 382 408 272 470 374 473 344 201 486 525 533 0 598 390 355 387 617 352 286 191 260 349 1183 367 130 352 202 607 510 459 411 667 335 255 196 378 233 202 323 598 351 543 572 581 425 331 303 436 292 529 543 184 154
577 432 827 846 851 480 733 439 547 767 790 468 745 929 668 807 217 828 406 363 156 372 757 421 461 561 598 0 946 911 812 171 666 748 747 722 905 1211 655 591 814 758 543 167 395 439 177 796 811 752 406 788 758 879 534 907 479 106 517 282 887 859 285 754 464 85 740 710
463 752 240 388 126 899 393 852 933 212 713 887 631 107 554 730 756 214 818 722 821 692 229 834 873 881 390 946 0 406 735 965 700 634 407 608 71 1531 715 478 700 218 955 858 807 759 1015 683 174 247 726 189 241 359 946 402 891 920 929 773 383 147 784 640 877 891 400 273
428 717 203 91 473 864 205 817 898 439 546 852 340 483 334 563 721 265 783 687 786 657 417 799 838 846 355 911 406 0 568 930 603 545 191 442 419 1428 617 417 501 430 920 823 772 724 980 483 361 271 691 461 265 105 911 64 856 885 894 738 86 494 749 497 842 856 197 382
319 619 617 549 641 766 514 718 513 557 47 753 252 718 334 29 622 618 685 589 687 558 546 700 656 524 387 812 735 568 0 832 178 214 500 200 694 1003 192 292 157 548 619 724 673 602 881 139 601 541 592 578 548 611 609 574 586 786 795 639 591 648 651 120 659 757 507 499
597 402 847 865 871 409 753 368 476 787 810 397 765 948 688 826 238 848 335 292 178 341 777 350 390 531 617 171 965 930 832 0 686 768 767 742 925 1162 675 611 834 778 472 144 324 409 125 816 831 772 347 808 778 899 463 927 408 251 446 211 907 879 215 773 394 222 760 729
285 473 582 584 606 620 488 572 456 522 156 608 287 683 308 172 476 583 539 443 541 412 512 554 594 467 352 666 700 603 178 686 0 179 502 208 660 947 98 258 191 513 562 578 528 479 736 174 566 507 447 543 513 634 553 608 530 640 650 494 626 614 505 155 598 611 495 464
219 555 516 526 540 701 422 654 531 456 192 689 229 617 242 208 558 517 620 524 623 494 445 636 674 542 286 748 634 545 214 768 179 0 435 141 594 1021 194 192 179 447 637 660 609 561 817 161 500 441 528 477 447 567 628 550 604 722 731 575 568 548 587 119 678 693 428 398
265 554 215 126 359 700 41 653 734 275 478 688 271 437 265 495 557 266 619 523 622 493 265 635 674 682 191 747 407 191 500 767 502 435 0 373 413 1332 516 279 432 267 756 659 608 560 816 415 320 190 527 297 196 187 747 187 692 721 730 574 168 367 586 429 678 692 36 218
193 529 490 423 514 676 387 628 559 430 178 663 126 591 208 194 532 491 595 499 597 468 419 610 649 570 260 722 608 442 200 742 208 141 373 0 568 1050 222 166 132 421 665 634 583 535 791 115 474 415 502 451 421 484 656 447 633 696 705 549 465 522 561 128 653 667 380 372
423 712 253 401 85 859 399 811 893 171 672 846 591 95 514 689 715 227 778 682 780 651 242 793 833 840 349 905 71 419 694 925 660 594 413 568 0 1491 674 437 660 178 915 817 767 718 974 642 187 260 685 148 254 371 906 415 851 879 889 733 396 106 744 599 836 850 406 232
917 701 1167 1185 1191 411 1072 531 774 1107 1130 436 1084 1268 1008 1146 763 1168 572 590 767 639 1096 551 688 829 937 866 1285 1250 1151 795 1006 1087 1086 1062 1245 0 995 931 1153 1098 770 733 584 707 845 1136 1151 1092 646 1128 1098 1218 761 1246 706 840 455 687 1227 1198 690 1093 692 811 1079 1049
299 462 597 598 621 609 502 561 471 537 170 596 301 698 323 187 465 598 528 432 530 401 526 543 583 482 367 655 715 617 192 675 98 194 516 222 674 961 0 272 206 528 577 567 517 468 724 188 581 521 435 558 528 648 567 623 544 629 639 483 640 628 494 169 586 600 509 479
62 398 360 378 384 545 265 498 579 300 271 533 189 461 112 287 402 361 464 368 467 338 289 480 519 527 130 591 478 417 292 611 258 192 279 166 437 1100 272 0 258 291 601 504 453 405 661 240 344 284 372 321 291 411 592 423 537 566 575 419 420 391 430 198 523 537 272 242
285 621 582 482 606 767 446 720 526 522 135 755 185 683 266 151 624 583 686 590 689 560 511 702 669 537 352 814 700 501 157 834 191 179 432 132 660 1017 206 258 0 513 632 726 675 615 883 44 566 507 594 543 513 543 623 506 600 788 797 641 524 613 653 86 673 759 439 464
276 565 302 365 124 712 253 664 746 57 526 700 444 201 367 542 569 303 631 535 633 504 112 647 686 694 202 758 218 430 548 778 513 447 267 421 178 1344 528 291 513 0 768 670 620 572 828 495 167 227 539 61 233 399 759 427 704 732 742 586 407 132 597 453 690 703 260 86
587 328 837 855 861 384 743 280 136 777 614 372 745 938 678 631 440 838 246 267 444 310 766 262 169 235 607 543 955 920 636 472 579 654 756 683 915 821 594 601 650 768 0 410 235 312 521 632 821 762 259 798 768 888 75 916 99 517 357 364 897 869 367 613 172 488 749 719
489 340 739 758 763 347 645 306 414 679 702 335 657 841 580 719 129 740 273 230 68 279 669 289 328 469 510 167 858 823 724 144 578 660 659 634 817 1100 567 504 726 670 410 0 262 347 194 708 723 664 286 701 670 791 401 819 346 141 384 149 800 771 153 666 332 112 652 622
439 180 689 707 713 236 594 123 239 629 652 224 606 790 530 668 291 690 98 119 296 162 618 114 153 309 459 395 807 772 673 324 528 609 608 583 767 925 517 453 675 620 235 262 0 187 373 658 673 613 111 650 620 740 226 768 171 369 160 215 749 720 219 615 157 340 601 571
390 74 641 659 665 321 546 231 207 580 597 309 558 742 481 614 249 641 198 144 314 113 570 213 253 154 411 439 759 724 619 409 479 561 560 535 718 804 468 405 627 572 312 347 187 0 458 609 625 565 105 602 572 692 303 720 271 413 308 266 701 672 278 567 256 384 553 523
646 452 897 915 921 459 802 418 525 837 859 446 814 998 737 876 288 898 384 341 228 390 826 400 439 580 667 177 1015 980 881 125 736 817 816 791 974 1211 724 661 883 828 521 194 373 458 0 865 881 821 397 858 828 948 512 976 457 263 495 261 957 928 264 823 443 241 809 779
267 603 564 464 588 750 429 702 509 504 117 737 167 666 249 134 606 565 669 573 671 542 494 684 652 520 335 796 683 483 139 816 174 161 415 115 642 999 188 240 44 495 615 708 658 598 865 0 548 489 576 526 495 525 605 488 582 770 780 624 506 596 635 68 656 741 421 447
329 618 196 343 241 765 306 717 799 175 579 753 497 250 420 595 622 169 684 588 686 557 85 700 739 747 255 811 174 361 601 831 566 500 320 474 187 1397 581 344 566 167 821 723 673 625 881 548 0 202 592 197 196 314 812 357 757 786 795 639 338 262 650 506 743 757 313 139
270 559 106 253 314 706 176 658 740 235 519 693 434 324 361 536 562 106 625 529 627 498 225 640 679 687 196 752 247 271 541 772 507 441 190 415 260 1338 521 284 507 227 762 664 613 565 821 489 202 0 532 257 81 224 752 267 698 726 735 579 248 327 591 446 683 697 183 178
357 99 608 626 632 260 513 155 263 548 570 247 525 709 448 587 216 609 122 111 281 80 537 137 177 227 378 406 726 691 592 347 447 528 527 502 685 878 435 372 594 539 259 286 111 105 397 576 592 532 0 569 539 659 250 687 195 380 233 233 668 639 243 534 180 351 520 490
306 595 332 395 95 742 283 695 776 55 556 730 474 172 397 572 599 333 661 565 664 535 142 677 716 724 233 788 189 461 578 808 543 477 297 451 148 1374 558 321 543 61 798 701 650 602 858 526 197 257 569 0 263 429 789 457 734 763 772 616 437 102 627 483 720 734 290 116
276 565 99 247 308 712 183 664 746 242 526 700 441 317 367 542 569 100 631 535 633 504 231 646 686 694 202 758 241 265 548 778 513 447 196 421 254 1344 528 291 513 233 768 670 620 572 828 495 196 81 539 263 0 217 759 261 704 732 742 586 241 329 597 453 690 703 189 184
397 686 155 87 426 832 201 785 867 407 589 820 382 435 376 605 689 218 751 655 754 625 369 767 806 814 323 879 359 105 611 899 634 567 187 484 371 1464 648 411 543 399 888 791 740 692 948 525 314 224 659 429 217 0 879 101 825 853 862 706 82 447 718 539 810 824 194 350
577 319 828 846 852 375 733 270 126 768 605 363 736 929 668 621 430 829 237 257 435 301 757 253 159 225 598 534 946 911 627 463 570 645 747 673 906 812 585 592 640 759 75 401 226 303 512 623 812 752 250 789 759 879 0 907 90 508 348 354 888 859 358 604 163 479 740 710
425 714 199 87 469 860 201 813 894 435 552 848 345 479 339 568 717 261 779 683 782 653 413 795 834 842 351 907 402 64 574 927 608 550 187 447 415 1434 623 423 506 427 916 819 768 720 976 488 357 267 687 457 261 101 907 0 852 881 890 734 82 490 746 502 838 852 194 378
523 265 773 791 797 320 679 216 103 713 582 308 690 874 614 598 376 774 182 203 380 246 702 198 105 202 543 479 891 856 604 408 547 622 692 650 851 789 561 537 617 704 99 346 171 271 457 600 757 698 195 734 704 825 90 852 0 453 293 300 833 805 303 581 109 424 686 655
551 406 801 820 825 454 707 413 521 741 764 442 719 903 642 781 191 802 380 337 130 346 731 395 435 535 572 106 920 885 786 251 640 722 721 696 879 1185 629 566 788 732 517 141 369 413 263 770 786 726 380 763 732 853 508 881 453 0 491 256 862 833 260 728 439 61 714 684
560 302 811 829 835 358 716 108 361 751 773 346 728 912 651 790 413 812 149 240 418 284 740 127 275 431 581 517 929 894 795 446 650 731 730 705 889 1047 639 575 797 742 357 384 160 308 495 780 795 735 233 772 742 862 348 890 293 491 0 337 871 842 341 737 279 462 723 693
404 260 655 673 679 301 560 260 368 595 617 289 572 756 495 634 94 656 227 184 159 199 584 242 281 388 425 282 773 738 639 211 494 575 574 549 733 1039 483 419 641 586 364 149 215 266 261 624 639 579 233 616 586 706 354 734 300 256 337 0 715 686 106 581 285 227 567 537
405 694 180 68 450 841 181 793 875 416 569 829 363 459 357 586 698 242 760 664 762 634 394 776 815 823 331 887 383 86 591 907 626 568 168 465 396 1451 640 420 524 407 897 800 749 701 957 506 338 248 668 437 241 82 888 82 833 862 871 715 0 471 726 520 819 833 174 358
377 666 329 466 79 812 353 765 847 125 626 800 544 130 468 643 669 302 732 636 734 605 212 747 786 794 303 859 147 494 648 879 614 548 367 522 106 1444 628 391 613 132 869 771 720 672 928 596 262 327 639 102 329 447 859 490 805 833 842 686 471 0 698 553 790 804 360 186
416 271 666 684 690 304 572 263 371 606 629 292 584 767 507 645 106 667 230 187 171 210 595 246 285 400 436 285 784 749 651 215 505 587 586 561 744 1050 494 430 653 597 367 153 219 278 264 635 650 591 243 627 597 718 358 746 303 260 341 106 726 698 0 592 289 231 579 548
224 560 522 478 546 707 427 660 490 462 98 695 181 623 248 115 564 523 626 530 629 500 451 642 633 501 292 754 640 497 120 773 155 119 429 128 599 980 169 198 86 453 596 666 615 567 823 68 506 446 534 483 453 539 586 502 563 728 737 581 520 553 592 0 637 699 434 404
508 250 759 777 783 306 664 201 177 699 655 294 676 860 599 671 361 760 168 188 366 231 688 183 90 275 529 464 877 842 677 394 598 679 678 653 836 862 586 523 690 690 172 332 157 256 443 673 743 683 180 720 690 810 163 838 109 439 279 285 819 790 289 654 0 410 671 641
522 377 772 791 796 425 678 384 492 712 735 413 690 874 613 752 162 773 351 308 101 317 702 366 406 506 543 85 891 856 757 222 611 693 692 667 850 1156 600 537 759 703 488 112 340 384 241 741 757 697 351 734 703 824 479 852 424 61 462 227 833 804 231 699 410 0 685 655
258 547 208 132 353 693 34 646 727 268 485 681 278 430 272 501 550 259 612 516 615 486 258 628 667 675 184 740 400 197 507 760 495 428 36 380 406 1325 509 272 439 260 749 652 601 553 809 421 313 183 520 290 189 194 740 194 686 714 723 567 174 360 579 434 671 685 0 211
227 516 253 317 179 663 204 616 697 95 477 651 395 256 318 494 520 254 582 486 585 456 84 598 637 645 154 710 273 382 499 729 464 398 218 372 232 1295 479 242 464 86 719 622 571 523 779 447 139 178 490 116 184 350 710 378 655 684 693 537 358 186 548 404 641 655 211 0
EOF