NAME : tsp_problem
TYPE : TSP
DIMENSION : 50
EDGE_WEIGHT_TYPE : EXPLICIT
EDGE_WEIGHT_FORMAT : FULL_MATRIX
EDGE_WEIGHT_SECTION
0 683 821 259 195 618 307 274 170 530 624 185 692 258 845 675 233 200 246 754 804 488 258 831 380 545 481 68 859 501 834 795 815 789 186 733 844 846 321 683 605 458 868 299 472 203 764 397 286 222
683 0 272 487 654 166 511 601 629 341 256 537 65 471 359 121 559 659 573 386 241 645 528 410 629 376 639 682 490 749 285 245 228 421 645 365 475 355 569 252 149 706 211 478 236 543 396 302 550 548
821 272 0 626 793 413 649 739 768 578 235 676 283 609 115 369 698 798 712 270 118 784 667 186 767 515 777 821 449 888 41 69 128 380 784 324 434 111 708 453 367 845 203 616 375 682 260 441 689 687
259 487 626 0 281 454 79 227 255 456 429 164 528 139 649 480 185 286 199 559 609 385 196 636 318 350 379 246 664 439 639 600 620 594 272 538 649 651 259 488 535 396 673 104 277 86 569 202 93 175
195 654 793 281 0 621 304 246 108 623 596 157 695 230 816 647 204 69 218 726 776 460 230 803 352 517 453 195 831 472 806 766 787 761 83 705 816 818 293 655 702 430 840 271 444 336 736 368 343 194
601 166 413 454 621 0 477 567 595 222 222 504 206 437 443 158 526 626 540 352 382 612 494 429 595 326 605 588 457 715 426 386 368 387 612 331 442 444 536 219 127 673 352 444 203 510 362 269 517 515
307 511 649 79 304 477 0 250 278 479 452 187 551 162 673 503 209 309 222 582 633 408 219 659 342 374 402 294 687 462 662 623 643 617 295 562 672 674 282 511 558 420 696 127 301 134 592 225 141 198
274 601 739 227 246 567 250 0 220 569 542 129 641 176 763 593 111 251 97 672 722 406 176 749 298 463 399 274 777 419 752 713 733 707 237 651 762 764 239 601 648 376 786 217 390 282 682 315 290 113
170 629 768 255 108 595 278 220 0 598 570 132 670 205 791 621 179 93 193 701 751 434 205 778 327 492 428 169 805 447 780 741 761 736 107 680 790 792 268 630 676 405 815 245 419 311 711 343 318 168
512 341 578 456 623 222 479 569 598 0 397 506 312 439 618 334 528 628 542 528 547 614 496 605 597 140 607 500 632 717 591 551 533 563 614 507 617 619 538 394 226 675 516 446 272 512 538 271 519 517
624 256 235 429 596 222 452 542 570 397 0 479 296 412 258 248 501 601 515 168 218 587 469 245 570 318 580 624 273 690 248 208 229 203 587 147 257 260 511 256 303 648 303 419 178 485 178 244 492 490
185 537 676 164 157 504 187 129 132 506 479 0 578 113 699 530 88 162 101 609 659 343 113 686 235 400 336 185 714 356 689 650 670 644 148 588 699 701 176 538 585 313 723 154 327 219 619 252 227 77
675 65 283 528 695 206 551 641 670 312 296 578 0 511 370 162 600 700 614 423 252 686 569 420 669 417 679 662 531 790 296 256 238 461 686 406 516 366 610 293 101 747 222 518 277 584 433 343 591 589
258 471 609 139 230 437 162 176 205 439 412 113 511 0 633 463 135 235 149 542 593 327 97 619 219 334 320 258 647 340 622 583 603 577 221 522 632 634 160 472 518 297 657 129 261 195 552 185 202 124
845 359 115 649 816 443 673 763 791 618 258 699 370 633 0 456 721 821 735 187 205 807 690 103 791 538 801 844 387 911 100 142 215 403 807 347 399 34 731 477 454 868 214 640 398 705 177 464 712 710
675 121 369 480 647 158 503 593 621 334 248 530 162 463 456 0 552 652 565 378 337 638 520 455 621 369 631 675 483 741 381 342 324 413 638 357 468 452 562 245 239 699 307 470 229 536 388 295 543 541
233 559 698 185 204 526 209 111 179 528 501 88 600 135 721 552 0 210 123 631 681 365 135 708 257 422 358 232 735 377 711 671 692 666 195 610 720 723 198 560 607 335 745 176 349 241 641 273 248 99
200 659 798 286 69 626 309 251 93 628 601 162 700 235 821 652 210 0 223 731 781 465 235 808 357 522 458 200 836 478 811 772 792 766 68 710 821 823 298 660 707 435 845 276 449 341 741 374 349 199
246 573 712 199 218 540 222 97 193 542 515 101 614 149 735 565 123 223 0 645 695 378 149 722 271 436 372 246 749 391 724 685 705 680 209 624 734 736 212 574 620 349 759 189 363 255 655 287 262 112
754 386 270 559 726 352 582 672 701 528 168 609 423 542 187 378 631 731 645 0 258 717 600 154 700 448 710 754 300 821 254 248 269 268 717 212 311 188 641 387 433 778 343 549 308 615 65 374 622 620
804 241 118 609 776 382 633 722 751 547 218 659 252 593 205 337 681 781 695 258 0 767 650 255 751 498 761 804 433 871 131 91 112 363 767 307 418 201 691 437 335 828 172 599 358 665 268 424 672 670
488 645 784 385 460 612 408 406 434 614 587 343 686 327 807 638 365 465 378 717 767 0 271 794 158 508 104 488 822 278 797 758 778 752 451 696 807 809 202 646 693 236 831 375 435 441 727 359 448 354
258 528 667 196 230 494 219 176 205 496 469 113 569 97 690 520 135 235 149 600 650 271 0 677 164 391 265 258 704 284 679 640 660 635 221 579 689 691 104 529 575 242 714 186 318 252 610 242 259 124
831 410 186 636 803 429 659 749 778 605 245 686 420 619 103 455 708 808 722 154 255 794 677 0 777 525 787 831 355 898 170 213 266 390 794 334 366 105 718 464 504 855 285 626 385 692 144 451 699 697
380 629 767 318 352 595 342 298 327 597 570 235 669 219 791 621 257 357 271 700 751 158 164 777 0 491 151 380 805 164 780 741 761 735 343 679 790 792 95 629 676 121 814 309 418 374 710 343 381 246
545 376 515 350 517 326 374 463 492 140 318 400 417 334 538 369 422 522 436 448 498 508 391 525 491 0 501 545 553 612 528 489 509 483 508 427 538 540 432 377 330 569 562 340 166 406 458 165 413 411
481 639 777 379 453 605 402 399 428 607 580 336 679 320 801 631 358 458 372 710 761 104 265 787 151 501 0 481 815 227 790 751 771 745 444 690 800 802 195 639 686 227 824 369 428 434 720 353 441 347
68 682 821 246 195 605 294 274 169 517 624 185 680 258 844 675 232 200 246 754 804 488 258 831 380 545 481 0 858 500 834 794 815 789 186 733 843 846 321 683 593 458 868 298 472 190 764 396 273 222
859 490 449 664 831 457 687 777 805 632 273 714 531 647 387 483 735 836 749 300 433 822 704 355 805 553 815 858 0 925 454 423 443 138 822 156 53 389 746 491 538 883 518 654 413 719 290 479 727 725
501 749 888 439 472 715 462 419 447 717 690 356 790 340 911 741 377 478 391 821 871 278 284 898 164 612 227 500 925 0 900 861 881 856 463 800 910 912 215 750 796 118 935 429 539 494 831 463 502 367
834 285 41 639 806 426 662 752 780 591 248 689 296 622 100 381 711 811 724 254 131 797 679 170 780 528 790 834 454 900 0 68 141 393 797 337 447 95 721 466 379 858 202 629 388 695 244 454 702 700
795 245 69 600 766 386 623 713 741 551 208 650 256 583 142 342 671 772 685 248 91 758 640 213 741 489 751 794 423 861 68 0 102 353 757 298 408 138 682 427 340 819 176 590 348 655 258 415 662 661
815 228 128 620 787 368 643 733 761 533 229 670 238 603 215 324 692 792 705 269 112 778 660 266 761 509 771 815 443 881 141 102 0 374 778 318 428 211 702 447 322 839 158 610 369 676 279 435 683 681
789 421 380 594 761 387 617 707 736 563 203 644 461 577 403 413 666 766 680 268 363 752 635 390 735 483 745 789 138 856 393 353 374 0 752 87 123 405 676 422 468 813 448 584 343 650 278 409 657 655
186 645 784 272 83 612 295 237 107 614 587 148 686 221 807 638 195 68 209 717 767 451 221 794 343 508 444 186 822 463 797 757 778 752 0 696 807 809 284 646 693 421 831 262 435 327 727 359 334 185
733 365 324 538 705 331 562 651 680 507 147 588 406 522 347 357 610 710 624 212 307 696 579 334 679 427 690 733 156 800 337 298 318 87 696 0 141 349 620 366 412 757 392 528 287 594 222 353 601 599
844 475 434 649 816 442 672 762 790 617 257 699 516 632 399 468 720 821 734 311 418 807 689 366 790 538 800 843 53 910 447 408 428 123 807 141 0 400 731 476 523 868 503 639 398 704 301 464 712 710
846 355 111 651 818 444 674 764 792 619 260 701 366 634 34 452 723 823 736 188 201 809 691 105 792 540 802 846 389 912 95 138 211 405 809 349 400 0 733 478 450 870 210 641 400 706 178 466 714 712
321 569 708 259 293 536 282 239 268 538 511 176 610 160 731 562 198 298 212 641 691 202 104 718 95 432 195 321 746 215 721 682 702 676 284 620 731 733 0 570 617 173 755 249 359 315 651 283 322 187
683 252 453 488 655 219 511 601 630 394 256 538 293 472 477 245 560 660 574 387 437 646 529 464 629 377 639 683 491 750 466 427 447 422 646 366 476 478 570 0 300 707 438 478 237 544 397 303 551 549
588 149 367 535 702 127 558 648 676 226 303 585 101 518 454 239 607 707 620 433 335 693 575 504 676 330 686 575 538 796 379 340 322 468 693 412 523 450 617 300 0 754 305 525 284 590 443 350 598 596
458 706 845 396 430 673 420 376 405 675 648 313 747 297 868 699 335 435 349 778 828 236 242 855 121 569 227 458 883 118 858 819 839 813 421 757 868 870 173 707 754 0 892 386 496 452 788 420 459 324
868 211 203 673 840 352 696 786 815 516 303 723 222 657 214 307 745 845 759 343 172 831 714 285 814 562 824 866 518 935 202 176 158 448 831 392 503 210 755 438 305 892 0 663 422 729 353 488 736 734
299 478 616 104 271 444 127 217 245 446 419 154 518 129 640 470 176 276 189 549 599 375 186 626 309 340 369 298 654 429 629 590 610 584 262 528 639 641 249 478 525 386 663 0 267 159 559 192 167 165
472 236 375 277 444 203 301 390 419 272 178 327 277 261 398 229 349 449 363 308 358 435 318 385 418 166 428 472 413 539 388 348 369 343 435 287 398 400 359 237 284 496 422 267 0 333 318 92 340 338
203 543 682 86 336 510 134 282 311 512 485 219 584 195 705 536 241 341 255 615 665 441 252 692 374 406 434 190 719 494 695 655 676 650 327 594 704 706 315 544 590 452 729 159 333 0 625 257 113 230
764 396 260 569 736 362 592 682 711 538 178 619 433 552 177 388 641 741 655 65 268 727 610 144 710 458 720 764 290 831 244 258 279 278 727 222 301 178 651 397 443 788 353 559 318 625 0 384 632 630
397 302 441 202 368 269 225 315 343 271 244 252 343 185 464 295 273 374 287 374 424 359 242 451 343 165 353 396 479 463 454 415 435 409 359 353 464 466 283 303 350 420 488 192 92 257 384 0 264 263
286 550 689 93 343 517 141 290 318 519 492 227 591 202 712 543 248 349 262 622 672 448 259 699 381 413 441 273 727 502 702 662 683 657 334 601 712 714 322 551 598 459 736 167 340 113 632 264 0 238
222 548 687 175 194 515 198 113 168 517 490 77 589 124 710 541 99 199 112 620 670 354 124 697 246 411 347 222 725 367 700 661 681 655 185 599 710 712 187 549 596 324 734 165 338 230 630 263 238 0
EOF