NAME : tsp_problem
TYPE : TSP
DIMENSION : 52
EDGE_WEIGHT_TYPE : EXPLICIT
EDGE_WEIGHT_FORMAT : FULL_MATRIX
EDGE_WEIGHT_SECTION
0 364 569 388 593 313 418 397 615 512 540 253 389 387 544 423 328 301 331 246 675 399 260 372 165 372 453 518 495 510 211 626 496 473 602 559 411 301 547 469 393 551 529 666 531 419 176 131 359 306 251 408
364 0 754 174 779 205 246 215 801 698 726 501 52 131 730 238 65 307 65 252 861 212 508 185 413 378 116 704 680 277 459 812 682 659 787 745 597 550 733 654 579 737 715 852 717 299 361 380 172 313 499 288
569 754 0 778 549 703 808 787 185 468 140 612 779 777 284 813 718 691 722 636 585 789 525 762 618 762 843 118 338 901 594 170 381 314 138 299 254 512 287 192 236 291 414 572 483 809 419 584 749 697 533 798
388 174 778 0 802 104 281 115 824 721 750 525 151 72 753 273 212 210 212 205 884 111 532 84 437 281 151 728 704 312 483 836 705 683 811 768 621 573 757 678 603 761 739 875 740 198 385 403 71 266 523 187
593 779 549 802 0 727 832 812 503 122 521 730 803 801 432 837 742 715 746 660 162 813 737 786 642 786 867 499 383 925 688 515 378 361 526 447 380 742 435 449 374 440 411 240 141 833 443 608 773 721 728 823
313 205 703 104 727 0 312 118 749 646 674 450 182 103 678 304 237 185 241 130 809 115 457 87 362 256 182 652 629 343 408 760 630 607 736 693 545 498 681 603 528 685 663 800 665 201 310 328 75 191 447 191
418 246 808 281 832 312 0 323 854 751 780 555 223 238 783 50 223 361 227 306 914 320 562 292 467 432 159 758 734 131 513 866 735 713 841 798 651 603 787 708 633 791 769 905 770 406 415 433 279 366 553 396
397 215 787 115 812 118 323 0 834 731 759 492 193 113 763 314 254 128 254 177 894 35 541 68 434 199 193 737 713 354 492 845 715 692 820 778 630 583 766 687 612 770 748 885 750 116 394 413 76 196 532 105
615 801 185 824 503 749 854 834 0 411 220 628 825 823 153 859 764 737 768 682 498 835 541 808 664 808 889 198 236 947 610 65 294 183 77 167 233 528 156 272 251 160 327 485 396 855 465 630 795 743 549 845
512 698 468 721 122 646 751 731 411 0 440 649 722 720 340 756 661 634 665 579 198 732 656 705 561 705 786 418 290 844 607 422 285 269 434 355 288 661 343 368 293 347 318 186 60 752 362 527 692 640 647 742
540 726 140 750 521 674 780 759 220 440 0 646 751 748 319 784 689 662 693 607 557 761 559 733 589 733 815 57 309 872 629 204 353 287 173 333 226 546 322 163 208 326 386 544 455 780 390 555 720 668 568 770
253 501 594 525 730 450 555 492 610 649 629 0 526 524 681 560 465 395 469 382 812 495 119 509 157 339 590 607 632 648 61 595 633 610 564 696 548 155 684 606 531 689 666 803 668 440 313 188 496 323 128 439
389 52 779 151 803 182 223 193 825 722 751 526 0 108 754 215 90 288 90 277 885 189 533 162 438 359 93 729 705 254 484 837 706 683 812 769 622 574 757 679 604 762 740 876 741 276 386 404 149 337 524 265
387 131 777 72 801 103 238 113 823 720 748 524 108 0 752 230 169 209 169 204 883 110 531 83 436 280 108 727 703 270 482 834 704 681 810 767 619 572 755 677 602 760 737 874 739 197 384 402 70 265 521 186
544 730 284 753 432 678 783 763 153 340 319 681 754 752 0 788 693 666 697 611 427 764 639 737 593 737 818 297 165 876 639 164 223 112 176 97 162 626 85 287 180 89 256 415 326 784 394 559 724 672 648 774
423 238 813 273 837 304 50 314 859 756 784 560 215 230 788 0 228 365 231 310 919 311 566 284 472 436 151 762 739 123 518 870 740 717 846 803 655 608 791 713 637 795 773 910 775 398 420 438 271 371 557 387
328 65 718 212 742 237 223 254 764 661 689 465 90 169 693 228 0 270 49 215 824 250 472 223 377 342 154 668 644 315 423 776 645 622 751 708 560 513 696 618 543 701 678 815 680 337 325 343 210 276 463 326
301 307 691 210 715 185 361 128 737 634 662 395 288 209 666 365 270 0 274 80 797 131 444 164 337 164 288 640 617 450 396 748 618 595 724 681 533 486 669 591 515 673 651 788 653 150 298 316 171 99 435 139
331 65 722 212 746 241 227 254 768 665 693 469 90 169 697 231 49 274 0 219 828 251 475 223 380 345 154 671 647 316 426 779 649 626 755 712 564 517 700 621 546 704 682 819 684 337 328 347 210 280 466 327
246 252 636 205 660 130 306 177 682 579 607 382 277 204 611 310 215 80 219 0 742 180 389 189 295 151 283 585 562 398 341 693 563 540 669 626 478 431 614 536 461 618 596 733 598 198 243 261 176 86 380 188
675 861 585 884 162 809 914 894 498 198 557 812 885 883 427 919 824 797 828 742 0 895 819 868 724 868 949 535 378 1007 770 509 373 356 521 442 375 824 430 485 393 434 406 99 184 915 525 690 855 803 810 905
399 212 789 111 813 115 320 35 835 732 761 495 189 110 764 311 250 131 251 180 895 0 543 65 437 202 189 739 715 351 494 847 717 694 822 779 632 584 768 689 614 772 750 886 751 119 396 414 73 199 534 108
260 508 507 532 737 457 562 541 523 656 542 119 533 531 622 566 472 444 475 389 819 543 0 515 254 436 597 520 639 654 109 508 640 617 477 637 555 68 625 594 537 629 673 810 675 537 319 223 503 420 41 536
372 185 762 84 786 87 292 68 808 705 733 509 162 83 737 284 223 164 223 189 868 65 515 0 421 235 162 711 688 323 466 819 689 666 795 752 604 557 740 662 586 744 722 859 724 152 369 387 55 231 506 141
165 413 618 437 642 362 467 434 664 561 589 157 438 436 593 472 377 337 380 295 724 437 254 421 0 281 502 567 544 560 196 675 545 522 651 608 460 290 596 518 443 600 578 715 580 382 225 59 408 265 248 382
372 378 762 281 786 256 432 199 808 705 733 339 359 280 737 436 342 164 345 151 868 202 436 235 281 0 359 711 688 520 378 819 689 666 795 752 604 471 740 662 587 744 722 859 724 127 369 311 242 92 444 126
453 116 843 151 867 182 159 193 889 786 815 590 93 108 818 151 154 288 154 283 949 189 597 162 502 359 0 793 769 190 548 901 771 748 876 833 686 638 822 743 668 826 804 940 805 276 450 468 149 344 588 265
518 704 118 728 499 652 758 737 198 418 57 624 729 727 297 762 668 640 671 585 535 739 537 711 567 711 793 0 287 850 607 183 331 266 151 312 204 524 300 142 186 304 364 522 433 759 368 534 699 646 546 748
495 680 338 704 383 629 734 713 236 290 309 632 705 703 165 739 644 617 647 562 378 715 639 688 544 688 769 287 0 827 590 247 174 94 259 180 113 643 168 238 131 172 207 365 276 735 344 510 675 623 629 724
510 277 901 312 925 343 131 354 947 844 872 648 254 270 876 123 315 450 316 398 1007 351 654 323 560 520 190 850 827 0 605 958 828 805 934 891 743 696 879 801 725 883 861 998 863 437 507 526 311 459 645 427
211 459 577 483 688 408 513 492 593 607 612 61 484 482 639 518 423 396 426 341 770 494 109 466 196 378 548 590 590 605 0 578 591 568 546 654 506 144 642 564 488 646 624 761 626 479 271 174 454 362 117 478
626 812 170 836 515 760 866 845 65 422 204 612 837 834 164 870 776 748 779 693 509 847 525 819 675 819 901 183 247 958 595 0 305 194 61 179 244 512 167 256 262 171 339 497 408 867 476 642 807 754 534 856
496 682 381 705 378 630 735 715 294 285 353 633 706 704 223 740 645 618 649 563 373 717 640 689 545 689 771 331 174 828 591 305 0 152 317 238 171 645 226 281 189 231 92 360 271 736 346 511 676 624 631 726
473 659 314 683 361 607 713 692 183 269 287 610 683 681 112 717 622 595 626 540 356 694 617 666 522 666 748 266 94 805 568 194 152 0 206 127 91 622 115 216 109 119 185 344 255 713 323 488 653 601 608 703
602 787 138 811 526 736 841 820 77 434 173 581 812 810 176 846 751 724 755 669 521 822 494 795 651 795 876 151 259 934 564 61 317 206 0 190 256 481 179 225 269 183 350 508 419 842 452 617 782 730 502 831
559 745 299 768 447 693 798 778 167 355 333 696 769 767 97 803 708 681 712 626 442 779 654 752 608 752 833 312 180 891 654 179 238 127 190 0 177 641 100 302 195 104 271 429 340 799 409 574 739 687 663 789
411 597 254 621 380 545 651 630 233 288 226 548 622 619 162 655 560 533 564 478 375 632 555 604 460 604 686 204 113 743 506 244 171 91 256 177 0 560 165 154 50 169 204 362 273 651 261 426 591 539 546 641
301 550 494 573 742 498 603 583 510 661 529 155 574 572 609 608 513 486 517 431 824 584 68 557 290 471 638 507 643 696 144 495 645 622 464 624 560 0 612 581 542 616 678 815 680 572 361 264 544 456 76 572
547 733 287 757 435 681 787 766 156 343 322 684 757 755 85 791 696 669 700 614 430 768 643 740 596 740 822 300 168 879 642 167 226 115 179 100 165 629 0 290 183 92 259 418 329 787 397 562 727 675 651 777
469 654 192 678 449 603 708 687 272 368 163 606 679 677 287 713 618 591 621 536 485 689 611 662 518 662 743 142 238 801 564 256 281 216 225 302 154 598 290 0 136 294 314 472 383 709 318 484 649 597 603 698
393 579 236 603 374 528 633 612 251 293 208 531 604 602 180 637 543 515 546 461 393 614 537 586 443 587 668 186 131 725 488 262 189 109 269 195 50 542 183 136 0 187 222 380 291 634 243 409 574 521 528 623
551 737 291 761 440 685 791 770 160 347 326 689 762 760 89 795 701 673 704 618 434 772 647 744 600 744 826 304 172 883 646 171 231 119 183 104 169 634 92 294 187 0 264 422 333 792 401 567 732 679 655 781
529 715 414 739 411 663 769 748 327 318 386 666 740 737 256 773 678 651 682 596 406 750 673 722 578 722 804 364 207 861 624 339 92 185 350 271 204 678 259 314 222 264 0 393 304 769 379 545 709 657 664 759
666 852 572 875 240 800 905 885 485 186 544 803 876 874 415 910 815 788 819 733 99 886 810 859 715 859 940 522 365 998 761 497 360 344 508 429 362 815 418 472 380 422 393 0 172 906 516 681 846 794 801 896
531 717 483 740 141 665 770 750 396 60 455 668 741 739 326 775 680 653 684 598 184 751 675 724 580 724 805 433 276 863 626 408 271 255 419 340 273 680 329 383 291 333 304 172 0 771 381 546 711 659 666 761
419 299 809 198 833 201 406 116 855 752 780 440 276 197 784 398 337 150 337 198 915 119 537 152 382 127 276 759 735 437 479 867 736 713 842 799 651 572 787 709 634 792 769 906 771 0 416 412 159 193 545 43
176 361 419 385 443 310 415 394 465 362 390 313 386 384 394 420 325 298 328 243 525 396 319 369 225 369 450 368 344 507 271 476 346 323 452 409 261 361 397 318 243 401 379 516 381 416 0 191 356 303 310 405
131 380 584 403 608 328 433 413 630 527 555 188 404 402 559 438 343 316 347 261 690 414 223 387 59 311 468 534 510 526 174 642 511 488 617 574 426 264 562 484 409 567 545 681 546 412 191 0 374 296 214 412
359 172 749 71 773 75 279 76 795 692 720 496 149 70 724 271 210 171 210 176 855 73 503 55 408 242 149 699 675 311 454 807 676 653 782 739 591 544 727 649 574 732 709 846 711 159 356 374 0 237 494 149
306 313 697 266 721 191 366 196 743 640 668 323 337 265 672 371 276 99 280 86 803 199 420 231 265 92 344 646 623 459 362 754 624 601 730 687 539 456 675 597 521 679 657 794 659 193 303 296 237 0 429 192
251 499 516 523 728 447 553 532 532 647 550 128 524 521 630 557 463 435 466 380 810 534 41 506 248 444 588 528 629 645 117 516 631 608 485 645 546 76 634 602 528 638 664 801 666 545 310 214 494 429 0 543
408 288 798 187 823 191 396 105 845 742 770 439 265 186 774 387 326 139 327 188 905 108 536 141 382 126 265 748 724 427 478 856 726 703 831 789 641 572 777 698 623 781 759 896 761 43 405 412 149 192 543 0
EOF