NAME : tsp_problem
TYPE : TSP
DIMENSION : 22
EDGE_WEIGHT_TYPE : EXPLICIT
EDGE_WEIGHT_FORMAT : FULL_MATRIX
EDGE_WEIGHT_SECTION
0 1394 2274 1420 1461 1453 2655 1309 1391 1401 1293 1184 1681 1616 2089 749 1476 1615 1027 1110 1838 2644
1435 0 2575 330 2294 2286 2956 584 2223 67 486 284 1982 1916 2390 1264 430 273 1859 1173 2139 3422
2268 2569 0 2427 2525 2831 1010 2155 2768 2575 2138 2501 1185 1120 444 1809 2321 2467 2404 1956 1416 1477
1461 330 2433 0 2152 2144 2815 443 2082 321 345 310 1841 1775 2249 1123 420 263 1718 1032 1998 3281
1461 2294 2520 2152 0 825 1705 1880 762 2300 1863 2125 2252 2186 2136 1320 2046 2192 476 1681 2409 1437
1453 2286 2837 2144 825 0 2275 1872 153 2292 1855 2117 2244 2178 2652 1312 2038 2184 468 1673 2401 2007
2655 2956 1006 2815 1705 2275 0 2542 2212 2962 2526 2888 1572 1507 621 2196 2709 2855 1926 2343 1804 657
1309 584 2161 443 1880 1872 2542 0 1809 590 154 517 1568 1503 1976 850 259 353 1445 759 1725 3009
1391 2223 2774 2082 762 153 2212 1809 0 2230 1793 2054 2181 2116 2589 1249 1976 2122 405 1610 2338 1945
1442 67 2581 321 2300 2292 2963 590 2230 0 493 291 1988 1923 2397 1271 421 264 1866 1180 2145 3429
1293 486 2144 345 1863 1855 2526 154 1793 493 0 418 1551 1486 1960 834 373 386 1429 743 1708 2992
1225 284 2507 310 2166 2158 2888 517 2095 291 418 0 1914 1849 2322 1196 678 521 1731 1105 2071 3348
1652 1953 1236 1812 2223 2215 1618 1539 2152 1959 1522 1885 0 278 1052 1193 1705 1852 1788 1340 801 2084
1587 1887 1171 1746 2157 2149 1552 1474 2087 1894 1457 1820 278 0 986 1128 1640 1786 1723 1274 735 2019
2094 2395 444 2253 2136 2657 621 1981 2594 2401 1964 2327 1011 946 0 1635 2147 2293 2230 1781 1242 1087
749 1264 1815 1123 1320 1312 2196 850 1249 1271 834 1196 1222 1157 1630 0 1017 1163 885 651 1379 2502
1476 430 2327 420 2046 2038 2709 259 1976 421 373 678 1734 1669 2143 1017 0 184 1612 926 1891 3175
1622 273 2473 263 2192 2184 2855 353 2122 264 386 521 1881 1815 2289 1163 184 0 1758 1072 2037 3321
1027 1859 2410 1718 476 468 1926 1445 405 1866 1429 1690 1817 1752 2225 885 1612 1758 0 1246 1974 1658
1110 1173 1962 1032 1681 1673 2343 759 1610 1180 743 1105 1369 1303 1777 651 926 1072 1246 0 1526 2809
1794 2094 1304 1953 2364 2356 1685 1681 2294 2101 1664 2027 711 645 1119 1335 1847 1993 1930 1481 0 2152
2644 3422 1472 3281 1437 2007 657 3009 1945 3429 2992 3307 2039 1973 1087 2502 3175 3321 1658 2809 2270 0
EOF