NAME : tsp_problem
TYPE : TSP
DIMENSION : 34
EDGE_WEIGHT_TYPE : EXPLICIT
EDGE_WEIGHT_FORMAT : FULL_MATRIX
EDGE_WEIGHT_SECTION
0 719 93 2775 1288 163 253 2874 3113 1007 424 821 2761 245 2191 3087 469 235 2114 2708 135 1433 448 261 2430 3190 2452 2533 2555 2761 204 1383 2245 239
719 0 759 2346 1199 698 897 2444 2683 578 337 302 2331 903 1762 2658 294 770 1684 2278 617 1004 310 495 2000 2761 2023 2104 2125 2332 564 1295 1815 625
93 759 0 2815 1254 95 219 2913 3152 1047 484 861 2800 212 2231 3127 529 202 2153 2747 196 1473 509 321 2469 3230 2492 2573 2594 2801 264 1350 2284 171
2775 2346 2815 0 2491 2754 2953 652 627 2282 2393 2447 275 2959 1712 346 2350 2826 1635 101 2672 2296 2366 2550 2699 705 814 1563 916 140 2619 2587 1765 2680
1247 1200 1213 2492 0 1156 1026 2590 2829 1136 1246 1301 2477 1032 1908 2804 1203 1061 1830 2424 1350 618 1220 1404 1614 2907 2169 1718 2271 2477 1342 180 1961 1082
163 698 95 2754 1197 0 290 2852 3091 986 483 800 2739 282 2170 3066 589 272 2092 2686 266 1412 579 391 2408 3169 2431 2512 2533 2740 334 1292 2223 110
253 897 219 2953 1067 290 0 3051 3291 1185 644 999 2938 110 2369 3265 689 235 2291 2885 356 1323 669 481 2528 3368 2630 2632 2733 2939 424 1163 2422 365
2874 2444 2913 652 2590 2852 3051 0 990 2381 2491 2546 637 3057 1811 964 2448 2924 1733 584 2771 2394 2465 2649 3061 1067 912 1926 1015 638 2718 2685 1864 2779
3113 2683 3152 627 2829 3091 3291 990 0 2620 2730 2785 409 3297 2050 939 2687 3164 1972 560 3010 2634 2704 2888 2482 103 1151 1346 1254 613 2957 2925 2103 3018
1007 578 1047 2282 1136 986 1185 2381 2620 0 625 680 2268 1191 1699 2595 582 1058 1621 2215 905 941 598 782 1937 2698 1960 2041 2062 2268 852 1232 1752 913
424 337 484 2393 1246 483 644 2491 2730 625 0 439 2378 636 1809 2705 228 555 1731 2325 321 1051 244 315 2047 2808 2070 2151 2172 2378 349 1342 1862 410
821 302 861 2447 1301 800 999 2546 2785 680 439 0 2433 1005 1863 2760 396 872 1786 2380 718 1105 412 596 2102 2863 2124 2206 2227 2433 665 1396 1917 726
2761 2331 2800 275 2477 2739 2938 637 409 2268 2378 2433 0 2944 1698 587 2335 2811 1620 207 2658 2281 2351 2536 2478 486 799 1342 902 261 2605 2572 1751 2666
245 903 212 2959 1074 282 110 3057 3297 1191 636 1005 2944 0 2375 3271 682 227 2298 2891 348 1329 661 473 2534 3374 2636 2638 2739 2945 416 1169 2428 358
2162 1733 2202 1757 1879 2141 2340 1856 2095 1670 1780 1834 1743 2346 0 2070 1737 2213 489 1690 2060 1683 1753 1937 2679 2173 1435 2783 1537 1743 2006 1974 271 2067
3087 2658 3127 346 2804 3066 3265 964 939 2595 2705 2760 587 3271 2024 0 2662 3138 1947 414 2985 2608 2678 2862 3011 1017 1126 1875 1228 352 2932 2899 2078 2993
469 294 529 2350 1203 589 689 2448 2687 582 228 396 2335 682 1766 2662 0 661 1688 2282 366 1008 201 242 2004 2765 2027 2108 2129 2335 450 1299 1819 515
235 770 202 2826 1102 272 235 2925 3164 1058 555 872 2811 227 2242 3138 661 0 2165 2758 338 1358 651 463 2480 3241 2503 2584 2606 2812 406 1197 2295 348
2085 1655 2124 1680 1801 2063 2262 1778 2018 1592 1702 1757 1665 2269 489 1992 1659 2136 0 1612 1982 1605 1676 1860 2602 2095 1357 2706 1460 1666 1929 1896 542 1990
2708 2278 2747 101 2424 2686 2885 584 560 2215 2325 2380 207 2891 1645 414 2282 2758 1567 0 2605 2228 2299 2483 2631 637 746 1496 849 87 2552 2519 1698 2613
135 617 196 2672 1391 266 356 2771 3010 905 321 718 2658 348 2089 2985 366 338 2011 2605 0 1331 346 158 2327 3088 2350 2431 2452 2658 117 1486 2142 342
1433 1004 1473 2296 604 1412 1320 2394 2634 941 1051 1105 2281 1326 1712 2608 1008 1355 1634 2228 1331 0 1024 1208 1378 2711 1973 1482 2076 2282 1278 700 1765 1338
448 310 509 2366 1220 579 669 2465 2704 598 244 412 2352 661 1782 2678 201 651 1705 2299 346 1024 0 221 2020 2781 2043 2124 2146 2352 430 1315 1835 532
261 495 321 2550 1404 391 481 2649 2888 782 315 596 2536 473 1966 2863 242 463 1889 2483 158 1208 221 0 2205 2965 2227 2309 2330 2536 242 1499 2020 467
2430 2000 2469 2699 1614 2408 2487 3061 2482 1937 2047 2102 2478 2493 2708 3011 2004 2480 2631 2631 2327 1378 2020 2205 0 2559 2969 1320 3072 2685 2274 1709 2761 2335
3190 2761 3230 705 2907 3169 3368 1067 103 2698 2808 2862 486 3374 2127 1017 2765 3241 2050 637 3088 2711 2781 2965 2559 0 1229 1423 1331 691 3035 3002 2181 3095
2446 2017 2486 818 2163 2425 2624 917 1156 1954 2064 2119 804 2630 1383 1131 2021 2497 1306 751 2344 1967 2037 2221 2963 1233 0 2092 133 804 2291 2258 1437 2351
2533 2104 2573 1563 1718 2512 2591 1926 1346 2041 2151 2206 1342 2597 2812 1875 2108 2584 2735 1496 2431 1482 2124 2309 1320 1423 2087 0 2190 1549 2378 1813 2865 2439
2549 2119 2589 921 2265 2528 2727 1019 1259 2056 2166 2221 906 2733 1486 1233 2123 2600 1409 853 2446 2070 2140 2324 3066 1336 133 2195 0 907 2393 2361 1539 2454
2761 2332 2801 140 2477 2740 2939 638 613 2268 2378 2433 261 2945 1698 352 2335 2812 1621 87 2658 2282 2352 2536 2685 691 799 1549 902 0 2605 2573 1751 2666
204 564 264 2619 1383 334 424 2718 2957 852 349 665 2605 416 2036 2932 450 406 1958 2552 117 1278 430 242 2274 3035 2297 2378 2399 2605 0 1479 2089 410
1342 1295 1309 2587 180 1251 1122 2685 2925 1232 1342 1397 2572 1128 2003 2899 1299 1156 1926 2519 1445 713 1315 1499 1710 3002 2264 1813 2367 2573 1438 0 2056 1178
2215 1786 2255 1811 1932 2194 2393 1909 2148 1723 1833 1888 1796 2399 271 2123 1790 2266 542 1743 2113 1736 1806 1991 2732 2226 1488 2836 1590 1796 2060 2027 0 2121
239 625 171 2680 1123 110 365 2779 3018 913 410 726 2666 358 2096 2993 515 348 2019 2613 342 1338 532 467 2335 3095 2357 2439 2460 2666 410 1219 2150 0
EOF