NAME : tsp_problem
TYPE : TSP
DIMENSION : 34
EDGE_WEIGHT_TYPE : EXPLICIT
EDGE_WEIGHT_FORMAT : FULL_MATRIX
EDGE_WEIGHT_SECTION
0 79 79 825 864 720 547 675 302 121 78 825 117 594 29 756 290 1198 1264 724 644 735 750 904 830 614 547 28 675 877 78 78 121 78
79 0 43 875 915 770 597 725 352 172 43 875 168 644 79 806 340 1248 1314 775 694 785 801 954 880 664 597 78 725 927 43 43 171 43
79 43 0 875 914 770 597 725 352 171 43 875 168 644 79 806 340 1248 1314 775 694 785 801 954 880 664 597 78 725 927 43 43 171 43
825 875 875 0 721 577 508 532 767 864 875 82 861 555 825 161 755 1055 1121 135 501 592 607 761 687 371 508 824 196 734 875 875 864 875
864 915 914 721 0 379 548 226 807 904 914 722 900 594 865 653 795 643 709 621 356 394 345 118 113 510 547 864 571 162 914 914 904 914
1051 1102 1102 908 710 0 735 517 994 1091 1101 909 1087 782 1052 840 982 575 640 808 558 36 592 635 676 698 734 1051 758 632 1101 1101 1091 1101
547 597 597 508 548 403 0 358 490 587 597 508 583 83 548 439 478 881 947 408 327 418 434 587 513 297 54 547 358 560 597 597 587 597
675 725 725 532 226 185 358 0 618 715 725 532 711 405 676 464 605 663 729 432 182 200 152 305 191 321 358 675 382 278 725 725 715 725
302 352 352 767 807 662 490 618 0 342 352 767 338 536 302 699 53 1140 1206 667 586 678 693 846 772 556 489 301 617 819 352 352 341 352
121 172 171 864 904 760 587 715 342 0 171 865 69 634 122 796 329 1238 1304 764 684 775 790 944 869 654 587 121 714 916 171 171 66 171
78 43 43 875 914 770 597 725 352 171 0 875 168 644 79 806 340 1248 1314 774 694 785 800 954 880 664 597 78 725 927 43 43 171 43
825 875 875 82 722 577 508 532 767 865 875 0 861 555 825 161 755 1055 1121 136 501 592 608 761 687 371 508 824 196 734 875 875 864 875
117 168 168 861 900 756 583 711 338 69 168 861 0 630 118 792 326 1234 1300 760 680 771 786 940 866 650 583 117 711 913 167 168 69 167
594 644 644 555 594 450 83 405 536 634 644 555 630 0 594 486 524 928 994 454 374 465 481 634 560 344 83 593 405 607 644 644 634 644
29 79 79 825 865 720 548 676 302 122 79 825 118 594 0 757 290 1198 1264 725 644 736 751 904 830 614 547 28 675 877 79 79 121 79
756 806 806 161 653 508 439 464 699 796 806 161 792 486 757 0 686 986 1052 67 433 524 539 692 618 302 439 756 127 665 806 806 796 806
290 340 340 755 795 650 478 605 53 329 340 755 326 524 290 686 0 1128 1194 655 574 665 681 834 760 544 477 289 605 807 340 340 329 340
1141 1191 1191 998 399 651 824 542 1084 1181 1191 998 1177 871 1142 930 1071 0 93 898 648 666 531 311 485 787 824 1141 848 308 1191 1191 1181 1191
1178 1228 1228 1035 435 688 861 579 1120 1218 1228 1035 1214 908 1178 966 1108 404 0 934 685 703 567 347 522 824 861 1177 885 344 1228 1228 1217 1228
724 775 775 135 621 477 408 432 667 764 774 136 760 454 725 67 655 955 1020 0 401 492 507 661 586 271 407 724 95 633 774 774 764 774
644 694 694 501 356 227 327 182 586 684 694 501 680 374 644 433 574 705 771 401 0 242 257 411 322 290 327 643 351 384 694 694 684 694
1067 1117 1117 924 725 36 750 532 1009 1106 1117 924 1102 797 1067 855 997 590 656 823 574 0 607 650 691 713 750 1066 773 647 1116 1117 1106 1116
932 982 982 789 275 442 616 333 875 972 982 789 968 662 933 721 862 665 730 689 439 457 0 187 362 578 615 932 639 160 982 982 972 982
908 958 958 765 118 418 591 309 850 948 958 765 944 638 908 696 838 555 621 665 415 433 297 0 205 554 591 907 615 74 958 958 947 958
830 880 880 687 113 344 513 191 772 869 880 687 866 560 830 618 760 730 796 586 322 359 311 205 0 476 513 829 537 249 880 880 869 880
848 898 898 340 744 600 531 555 790 887 898 340 883 578 848 272 778 1078 1144 240 524 615 630 784 710 0 531 847 219 757 897 898 887 897
547 597 597 508 547 403 54 358 489 587 597 508 583 83 547 439 477 881 947 407 327 418 433 587 513 297 0 546 358 560 597 597 586 597
28 78 78 824 864 719 547 675 301 121 78 824 117 593 28 756 289 1197 1263 724 643 735 750 903 829 613 546 0 674 876 78 78 120 78
675 725 725 196 571 427 358 382 617 714 725 196 711 405 675 127 605 905 971 95 351 442 457 611 537 221 358 674 0 584 724 725 714 725
881 931 931 738 162 391 564 282 823 920 931 738 917 611 881 669 811 552 618 637 388 406 270 74 249 527 564 880 588 0 930 931 920 931
78 43 43 875 914 770 597 725 352 171 43 875 167 644 79 806 340 1248 1314 774 694 785 800 954 880 664 597 78 724 927 0 42 171 42
78 43 43 875 914 770 597 725 352 171 43 875 168 644 79 806 340 1248 1314 774 694 785 800 954 880 664 597 78 725 927 42 0 171 43
121 171 171 864 904 759 587 715 341 66 171 864 69 634 121 796 329 1237 1303 764 684 775 790 944 869 653 586 120 714 916 171 171 0 171
78 43 43 875 914 770 597 725 352 171 43 875 167 644 79 806 340 1248 1314 774 694 785 800 954 880 664 597 78 725 927 42 43 171 0
EOF