NAME : tsp_problem
TYPE : TSP
DIMENSION : 36
EDGE_WEIGHT_TYPE : EXPLICIT
EDGE_WEIGHT_FORMAT : FULL_MATRIX
EDGE_WEIGHT_SECTION
0 909 121 804 587 587 1194 757 694 808 650 121 1087 673 598 1147 1102 171 633 111 1023 633 796 657 839 121 633 182 796 1196 867 795 889 795 121 121
909 0 870 666 553 553 430 179 255 135 617 870 507 298 565 383 338 920 600 948 443 600 658 336 702 870 599 931 658 432 428 658 138 658 870 870
121 870 0 765 548 548 1155 718 655 769 611 29 1048 634 559 1108 1063 79 594 160 984 595 757 619 800 29 594 90 757 1157 828 756 850 756 29 29
804 666 765 0 448 448 951 514 452 565 511 764 844 430 459 904 859 815 494 842 780 495 180 415 70 765 494 826 180 954 625 180 646 180 765 764
587 553 548 448 0 54 838 401 338 452 140 547 731 317 88 791 746 597 82 625 667 83 440 302 483 548 82 609 440 840 511 439 533 439 548 547
587 553 548 448 54 0 838 401 338 452 140 547 731 317 88 791 746 597 82 625 667 83 440 301 483 548 82 609 440 840 511 439 533 439 547 547
1198 430 1159 955 842 842 0 563 535 518 905 1158 425 582 853 165 256 1208 888 1236 361 888 947 639 990 1159 888 1219 947 39 625 947 522 947 1158 1158
757 179 718 514 401 401 563 0 158 77 464 717 615 201 412 515 471 767 447 795 550 447 506 183 549 718 447 778 506 565 331 506 158 506 717 717
694 255 655 452 338 338 531 158 0 154 402 655 493 79 350 484 439 705 385 733 428 385 443 136 487 655 385 716 443 534 205 443 235 443 655 655
808 135 769 565 452 452 518 77 154 0 515 768 596 196 463 471 426 818 498 846 531 498 557 234 601 769 498 830 557 521 327 557 114 557 768 768
650 617 611 511 140 140 901 464 402 515 0 611 795 381 78 854 809 661 186 689 730 186 503 365 547 611 186 672 503 904 575 503 596 503 611 611
121 870 29 764 547 547 1154 717 655 768 611 0 1048 634 559 1107 1062 79 594 159 984 594 756 618 800 29 594 90 756 1157 828 756 849 756 28 28
1198 716 1159 955 842 842 635 726 604 721 906 1159 0 557 854 587 462 1209 888 1236 340 889 947 640 991 1159 888 1220 947 637 777 947 803 947 1159 1159
673 298 634 430 317 317 578 201 79 196 381 634 446 0 329 531 486 684 363 711 382 364 422 115 466 634 363 695 422 581 251 422 278 422 634 634
598 565 559 459 88 88 849 412 350 463 78 559 743 329 0 802 757 609 134 637 678 134 451 313 495 559 134 620 451 852 523 451 544 451 559 559
1150 383 1112 908 795 794 165 515 488 471 858 1111 378 535 806 0 209 1161 841 1189 314 841 900 592 943 1112 841 1172 900 168 578 899 475 899 1111 1111
1106 338 1067 863 750 750 256 471 443 426 813 1066 252 490 761 209 0 1116 796 1144 188 796 855 547 899 1067 796 1127 855 258 533 855 430 855 1066 1066
171 920 79 815 597 597 1204 767 705 818 661 79 1098 684 609 1157 1112 0 644 210 1034 644 806 668 850 79 644 62 806 1207 878 806 899 806 79 78
633 600 594 494 82 82 884 447 385 498 186 594 778 363 134 837 792 644 0 672 713 63 486 348 530 594 64 655 486 887 558 486 579 486 594 594
111 948 160 842 625 625 1232 795 733 846 689 159 1126 711 637 1185 1140 210 672 0 1061 672 834 696 878 160 672 221 834 1235 906 834 927 834 159 159
1222 629 1183 979 866 866 548 749 627 718 929 1182 94 581 877 500 375 1232 912 1260 0 912 971 663 1014 1183 912 1243 971 550 800 970 722 970 1182 1182
633 600 595 495 83 83 884 447 385 498 186 594 778 364 134 837 792 644 63 672 714 0 486 348 530 594 64 655 486 887 558 486 579 486 594 594
796 658 757 180 440 440 943 506 443 557 503 756 836 422 451 896 851 806 486 834 772 486 0 407 137 757 486 817 73 945 616 73 638 73 756 756
657 336 619 415 302 301 635 183 136 234 365 618 529 115 313 588 543 668 348 696 464 348 407 0 450 619 348 679 407 638 309 406 316 406 618 618
839 702 800 70 483 483 987 549 487 601 547 800 880 466 495 939 895 850 530 878 816 530 137 450 0 800 530 861 137 989 660 137 682 137 800 800
121 870 29 765 548 548 1155 718 655 769 611 29 1048 634 559 1108 1063 79 594 160 984 594 757 619 800 0 594 90 757 1157 828 756 850 756 29 29
633 599 594 494 82 82 884 447 385 498 186 594 777 363 134 837 792 644 64 672 713 64 486 348 530 594 0 655 486 887 558 486 579 486 594 594
182 931 90 826 609 609 1216 778 716 830 672 90 1109 695 620 1168 1124 62 655 221 1045 655 817 679 861 90 655 0 817 1218 889 817 911 817 90 90
796 658 757 180 440 440 943 506 443 557 503 756 836 422 451 896 851 806 486 834 772 486 73 407 137 757 486 817 0 945 616 73 638 73 756 756
1200 432 1161 958 844 844 39 565 538 521 908 1161 428 584 856 168 258 1211 891 1239 363 891 949 642 993 1161 891 1222 949 0 628 949 525 949 1161 1161
910 227 871 667 554 554 375 360 247 316 617 870 452 294 565 328 283 920 600 948 388 600 659 351 703 871 600 932 659 378 0 659 319 659 870 870
795 658 756 180 439 439 943 506 443 557 503 756 836 422 451 896 851 806 486 834 772 486 73 406 137 756 486 817 73 945 616 0 638 73 756 756
889 138 850 646 533 533 522 158 235 114 596 849 599 278 544 475 430 899 579 927 535 579 638 316 682 850 579 911 638 525 408 638 0 638 850 849
795 658 756 180 439 439 943 506 443 557 503 756 836 422 451 896 851 806 486 834 772 486 73 406 137 756 486 817 73 945 616 73 638 0 756 756
121 870 29 765 548 547 1154 717 655 768 611 28 1048 634 559 1107 1062 79 594 159 984 594 756 618 800 29 594 90 756 1157 828 756 850 756 0 28
121 870 29 764 547 547 1154 717 655 768 611 28 1048 634 559 1107 1062 78 594 159 984 594 756 618 800 29 594 90 756 1157 828 756 849 756 28 0
EOF