NAME : tsp_problem
TYPE : TSP
DIMENSION : 34
EDGE_WEIGHT_TYPE : EXPLICIT
EDGE_WEIGHT_FORMAT : FULL_MATRIX
EDGE_WEIGHT_SECTION
0 5521 4806 5145 4727 4710 5838 5266 5218 5518 5412 5843 5506 5861 4238 4968 4993 5589 5582 2786 4953 4945 5847 5847 4969 5003 4978 4655 5267 5259 4958 4689 4499 5168
5521 0 1509 521 1915 1897 2576 549 495 160 695 2580 1111 1190 1537 656 638 483 224 3356 776 2132 1175 780 658 615 673 1011 872 471 781 1550 1161 773
4806 1509 0 1123 712 695 1155 1888 1834 1637 2173 1160 2588 2667 812 1995 1977 1898 1701 4763 932 1408 2653 2257 1997 1954 2012 541 2350 1238 937 130 547 2251
5145 521 1123 0 1528 1511 2190 899 846 649 1185 2194 1600 1679 1151 1007 988 910 713 3775 311 1746 1665 1269 1009 965 1024 625 1361 249 316 1164 775 1263
4727 1915 712 1528 0 113 1744 2293 2239 2043 2578 1749 2994 3072 733 2400 2382 2303 2106 5168 1337 1328 3058 2662 2402 2359 2417 951 2755 1643 1342 595 795 2656
4710 1897 695 1511 113 0 1727 2275 2222 2025 2561 1731 2976 3055 716 2382 2364 2286 2089 5151 1319 1311 3041 2645 2385 2341 2400 934 2737 1625 1325 577 778 2639
5838 2576 1155 2190 1744 1727 0 2954 2900 2704 3239 49 3655 3733 1844 3061 3043 2965 2767 5829 1998 2440 3719 3324 3063 3020 3078 1607 3416 2304 2003 1162 1614 3317
5239 630 1969 981 2374 2357 3036 0 259 758 734 3040 828 1183 1997 414 396 859 822 3074 1236 2592 1169 1156 416 373 432 1471 590 930 1241 2010 1621 491
5218 495 1834 846 2239 2222 2900 177 0 623 829 2904 923 1278 1861 284 266 946 687 3053 1100 2457 1264 1243 287 243 302 1335 684 795 1105 1874 1486 586
5535 429 1796 807 2201 2183 2862 900 892 0 709 2866 1125 1203 1823 1053 1035 497 125 3370 1062 2419 1189 794 1056 1012 1071 1297 886 757 1067 1836 1448 787
5412 695 2173 1185 2578 2561 3239 829 829 692 0 3244 506 861 2200 940 922 322 756 3247 1439 2796 847 526 943 899 958 1674 372 1134 1444 2213 1825 497
5843 2580 1160 2194 1749 1731 49 2958 2904 2708 3244 0 3659 3738 1848 3065 3047 2969 2772 5834 2002 2444 3724 3328 3068 3024 3083 1612 3420 2308 2007 1166 1618 3321
5507 1112 2590 1601 2995 2977 3656 924 924 1109 507 3660 0 511 2617 1035 1017 739 1172 3342 1856 3213 497 746 1038 994 1053 2091 630 1551 1861 2630 2241 592
5869 986 2464 1476 2869 2851 3530 1287 1286 983 733 3534 518 0 2491 1398 1379 613 1047 3704 1730 3087 89 366 1400 1357 1415 1965 992 1425 1735 2504 2116 955
4238 1537 812 1151 733 716 1844 1915 1861 1665 2200 1848 2616 2695 0 2022 2004 1926 1729 4757 959 951 2680 2285 2025 1981 2040 661 2377 1265 964 695 505 2278
4968 656 1995 1007 2400 2382 3061 332 284 784 940 3065 1034 1389 2022 0 104 1107 847 2803 1261 2618 1375 1376 81 115 90 1496 795 956 1266 2035 1647 697
4993 638 1977 988 2382 2364 3043 314 266 766 922 3047 1016 1371 2004 104 0 1089 829 2827 1243 2600 1357 1358 106 100 115 1478 777 938 1248 2017 1628 678
5589 483 1898 910 2303 2286 2965 954 946 480 322 2969 737 816 1926 1107 1089 0 543 3424 1165 2521 802 406 1109 1066 1124 1400 600 859 1170 1939 1550 728
5453 347 1714 725 2119 2101 2780 818 810 344 627 2784 1043 1121 1741 971 953 415 0 3288 980 2337 1107 712 974 930 989 1215 804 675 985 1754 1366 705
2786 3356 4763 3775 5168 5151 5829 3101 3053 3353 3247 5834 3341 3696 4757 2803 2827 3424 3417 0 4029 5386 3682 3682 2804 2838 2813 4265 3102 3724 4035 4804 4415 3003
4953 776 932 311 1337 1319 1998 1154 1100 904 1439 2002 1855 1933 959 1261 1243 1165 967 4029 0 1555 1919 1524 1263 1220 1278 433 1616 504 17 972 584 1517
4945 2132 1408 1746 1328 1311 2440 2511 2457 2261 2796 2444 3211 3290 951 2618 2600 2521 2324 5386 1555 0 3276 2880 2620 2577 2635 1256 2973 1861 1560 1290 1100 2874
5855 972 2450 1461 2855 2837 3516 1272 1272 969 719 3520 504 89 2477 1383 1365 599 1032 3690 1716 3073 0 352 1386 1342 1401 1951 978 1411 1721 2490 2101 940
5847 780 2257 1269 2662 2645 3324 1250 1243 777 526 3328 942 570 2285 1376 1358 406 840 3682 1524 2880 556 0 1378 1335 1393 1759 804 1218 1529 2298 1909 933
4969 658 1997 1009 2402 2385 3063 335 287 786 943 3068 1037 1392 2025 81 106 1109 850 2804 1263 2620 1378 1378 0 116 91 1499 798 958 1269 2038 1649 699
5003 615 1954 965 2359 2341 3020 291 243 743 899 3024 993 1348 1981 115 100 1066 806 2838 1220 2577 1334 1335 116 0 125 1455 754 915 1225 1994 1606 656
4978 673 2012 1024 2417 2400 3078 350 302 801 958 3083 1052 1407 2040 90 115 1124 865 2813 1278 2635 1393 1393 91 125 0 1514 813 973 1284 2053 1664 714
4655 1011 541 625 951 934 1607 1389 1335 1139 1674 1612 2090 2169 661 1496 1478 1400 1203 4265 433 1256 2155 1759 1499 1455 1514 0 1851 739 438 582 193 1752
5267 872 2350 1361 2755 2737 3416 684 684 869 372 3420 629 984 2377 795 777 600 932 3102 1616 2973 970 804 798 754 813 1851 0 1311 1621 2390 2001 352
5259 471 1238 249 1643 1625 2304 849 795 599 1134 2308 1550 1628 1265 956 938 859 662 3724 504 1861 1614 1218 958 915 973 739 1311 0 509 1278 890 1212
4958 781 937 316 1342 1325 2003 1159 1105 909 1444 2007 1860 1938 964 1266 1248 1170 972 4035 17 1560 1924 1529 1269 1225 1284 438 1621 509 0 977 589 1522
4689 1550 130 1164 595 577 1162 1928 1874 1678 2213 1166 2629 2708 695 2035 2017 1939 1742 4804 972 1290 2694 2298 2038 1994 2053 582 2390 1278 977 0 588 2291
4499 1161 547 775 795 778 1614 1539 1486 1289 1825 1618 2240 2319 505 1647 1628 1550 1353 4415 584 1100 2305 1909 1649 1606 1664 193 2001 890 589 588 0 1903
5168 773 2251 1263 2656 2639 3317 586 586 770 497 3321 591 946 2278 697 678 728 834 3003 1517 2874 932 933 699 656 714 1752 352 1212 1522 2291 1903 0
EOF