NAME : tsp_problem
TYPE : TSP
DIMENSION : 62
EDGE_WEIGHT_TYPE : EXPLICIT
EDGE_WEIGHT_FORMAT : FULL_MATRIX
EDGE_WEIGHT_SECTION
0 2258 2376 84 3331 508 222 926 670 336 499 831 483 2023 1970 319 975 533 953 248 1100 619 779 1887 579 954 856 5125 420 227 5638 1685 568 486 402 1007 1086 207 907 594 493 873 691 748 1889 1422 238 755 804 1913 263 1122 1155 1245 602 812 1126 273 5437 666 358 442
2258 0 375 2190 5337 1826 2063 1481 2408 2413 2575 2568 2560 1213 1159 2395 2713 2271 1537 2233 1369 1785 1651 3893 2317 1509 1645 4525 2264 2234 5038 875 2306 2143 2059 2745 3162 2083 1506 1944 2150 2611 2768 2824 1079 960 2068 2831 2542 1102 2339 3199 3231 3322 2678 2550 3203 2280 4836 2404 2203 2099
2376 375 0 2308 5455 1944 2182 1599 2526 2531 2693 2687 2678 1331 1278 2513 2831 2390 1656 2351 1487 1904 1769 4011 2435 1627 1763 4643 2383 2353 5156 993 2424 2261 2178 2863 3280 2201 1624 2062 2269 2729 2886 2942 1197 1078 2186 2949 2660 1221 2457 3317 3350 3440 2797 2669 3321 2399 4955 2522 2321 2217
84 2190 2308 0 3263 439 154 858 601 268 430 762 415 1954 1901 250 907 465 885 180 1032 551 710 1819 510 885 787 5057 351 158 5570 1617 500 418 334 939 1017 138 839 525 425 805 623 679 1821 1354 170 686 736 1844 194 1054 1086 1177 533 744 1058 204 5369 598 290 373
3331 5337 5455 3263 0 3587 3371 4005 3053 3302 3011 2803 2954 5102 5049 3195 2868 3108 4032 3214 4179 3698 3858 1917 3153 4033 3935 2416 3386 3376 2928 4616 3143 3565 3481 2697 3341 3356 3986 3673 3572 2979 3268 3003 4968 4501 3388 3682 2911 4992 3139 3377 3687 3713 3114 2827 3381 3422 2727 3049 3324 3521
508 1826 1944 439 3587 0 313 494 657 662 825 818 809 1591 1538 645 963 521 521 483 668 187 347 2143 566 522 424 4903 514 484 5416 1253 556 392 309 995 1412 333 475 193 400 861 1017 1074 1457 990 318 1081 792 1481 589 1448 1481 1571 928 800 1452 530 5215 654 453 348
222 2063 2182 154 3371 313 0 731 475 377 539 636 524 1828 1775 359 781 339 758 289 905 425 584 1927 384 759 661 5141 444 198 5653 1491 374 291 208 813 1126 89 713 399 299 678 732 788 1695 1228 92 795 610 1718 303 1163 1195 1286 642 618 1167 244 5452 472 382 247
926 1481 1599 858 4005 494 731 0 1076 1081 1243 1237 1228 1246 1193 1063 1381 939 124 901 323 387 238 2561 985 40 232 4558 933 903 5071 908 974 811 727 1413 1830 751 93 612 818 1279 1436 1492 1112 645 736 1499 1210 1136 1007 1867 1899 1990 1346 1218 1871 948 4870 1072 871 767
670 2408 2526 601 3053 657 475 1076 0 825 541 284 484 2172 2119 725 429 179 1103 736 1250 769 928 1609 224 1103 1005 4847 892 646 5360 1835 213 636 552 461 923 495 1057 743 643 327 850 585 2039 1572 480 1243 258 2062 669 960 1269 1296 644 266 964 692 5159 110 830 591
336 2413 2531 268 3302 662 377 1081 825 0 470 985 454 2178 2124 290 1130 688 1108 219 1255 774 934 1858 734 1109 1011 5097 215 382 5609 1840 723 641 557 1036 785 362 1062 749 648 1028 390 719 2044 1577 393 454 959 2068 234 821 854 944 573 967 825 427 5408 821 248 597
498 2574 2693 430 3160 824 538 1243 690 469 0 846 313 2339 2286 362 990 746 1269 381 1416 936 1095 1716 791 1270 1172 4955 553 543 5468 2002 781 802 719 895 915 523 1224 910 810 888 824 577 2206 1739 555 887 819 2229 306 952 1261 1288 135 827 955 589 5266 687 491 758
831 2568 2687 762 2803 818 636 1237 284 985 696 0 639 2333 2280 880 170 339 1263 897 1410 930 1089 1359 385 1264 1166 4597 1052 807 5110 1996 374 796 713 202 1034 656 1218 904 804 202 961 696 2200 1733 641 1376 133 2223 824 1071 1380 1407 800 104 1075 853 4909 281 991 752
483 2560 2678 415 2954 809 524 1228 484 454 163 639 0 2324 2271 347 784 539 1255 366 1402 921 1080 1510 585 1256 1157 4749 538 528 5261 1987 574 788 704 688 709 508 1209 895 795 682 636 371 2191 1724 540 873 613 2214 291 745 1054 1081 267 621 749 574 5060 481 476 743
2023 1213 1331 1954 5102 1591 1828 1246 2172 2178 2340 2333 2324 0 65 2160 2478 2036 1302 1998 1047 1550 1416 3658 2082 1274 1410 4290 2029 1999 4803 640 2071 1908 1824 2510 2927 1848 1271 1709 1915 2376 2532 2589 156 638 1833 2596 2307 124 2104 2963 2996 3086 2443 2315 2967 2045 4601 2169 1968 1863
1970 1159 1278 1901 5049 1538 1775 1193 2119 2124 2287 2280 2271 65 0 2107 2425 1983 1249 1945 994 1497 1363 3605 2028 1220 1357 4237 1976 1946 4749 587 2018 1854 1771 2457 2874 1795 1218 1655 1862 2323 2479 2536 103 585 1780 2543 2254 71 2051 2910 2943 3033 2390 2262 2914 1992 4548 2116 1915 1810
319 2395 2513 250 3195 645 359 1063 725 290 363 880 347 2160 2107 0 1025 671 1090 202 1237 756 916 1751 716 1091 993 4989 373 364 5502 1822 705 623 540 929 950 344 1044 731 631 922 645 612 2026 1559 375 708 854 2050 72 986 1108 1199 466 862 990 410 5301 721 312 579
975 2713 2831 907 2868 963 781 1381 429 1130 841 170 784 2478 2425 1025 0 484 1408 1042 1555 1074 1234 1424 529 1409 1311 4662 1197 952 5175 2140 519 941 858 267 1179 800 1362 1049 949 347 1106 841 2344 1877 785 1520 278 2368 969 1215 1524 1551 944 195 1219 997 4973 425 1136 897
533 2271 2390 465 3108 521 339 939 179 688 596 339 539 2036 1983 671 484 0 966 600 1113 633 792 1664 56 967 869 4902 755 510 5415 1698 45 499 416 516 978 359 921 607 507 382 905 640 1903 1436 343 1106 313 1926 614 1015 1324 1351 700 321 1019 556 5214 175 694 455
953 1537 1656 885 4032 521 758 124 1103 1108 1270 1263 1255 1302 1249 1090 1408 966 0 928 380 387 238 2588 1012 152 232 4615 959 929 5127 965 1001 838 754 1440 1857 778 93 639 845 1306 1463 1519 1169 702 763 1526 1237 1192 1034 1894 1926 2017 1373 1245 1898 975 4926 1099 898 794
248 2233 2351 180 3214 483 289 901 736 219 382 897 366 1998 1945 202 1042 600 928 0 1075 594 754 1770 645 929 831 5009 194 293 5521 1660 635 553 469 948 969 273 883 569 560 940 574 631 1864 1397 305 638 871 1888 146 1005 1038 1128 485 879 1009 339 5320 733 132 509
1100 1369 1487 1032 4179 668 905 323 1250 1255 1417 1410 1402 1047 994 1237 1555 1113 380 1075 0 627 493 2735 1159 351 487 4446 1107 1077 4959 796 1148 985 901 1587 2004 925 348 786 992 1453 1610 1666 913 445 910 1673 1384 937 1181 2041 2073 2164 1520 1392 2045 1122 4758 1246 1045 941
619 1785 1904 551 3698 187 425 387 769 774 936 930 921 1550 1497 756 1074 633 387 594 627 0 213 2254 678 414 290 4862 626 596 5375 1212 667 504 421 1106 1523 444 341 305 512 972 1129 1185 1417 950 429 1192 903 1440 700 1560 1593 1683 1040 912 1564 642 5174 765 564 460
779 1651 1769 710 3858 347 584 238 928 934 1096 1089 1080 1416 1363 916 1234 792 238 754 493 213 0 2414 837 266 141 4728 785 755 5241 1078 827 664 580 1266 1683 604 192 464 671 1132 1288 1345 1282 815 589 1352 1063 1306 860 1719 1752 1842 1199 1071 1723 801 5040 925 724 619
1887 3893 4011 1819 1917 2143 1927 2561 1609 1858 1567 1359 1510 3658 3605 1751 1424 1664 2588 1770 2735 2254 2414 0 1709 2589 2491 3712 1942 1932 4225 3320 1699 2121 2037 1253 1897 1912 2542 2229 2128 1535 1824 1559 3524 3057 1944 2238 1467 3548 1695 1933 2243 2269 1670 1383 1937 1978 4023 1605 1880 2077
579 2317 2435 510 3153 566 384 985 224 734 642 385 585 2082 2028 716 529 56 1012 645 1159 678 837 1709 0 1013 914 4948 801 555 5461 1744 22 545 461 562 1024 404 966 653 552 427 951 686 1948 1481 389 1152 359 1971 660 1060 1369 1396 745 367 1064 601 5259 220 739 501
954 1509 1627 885 4033 522 759 40 1103 1109 1271 1264 1256 1274 1220 1091 1409 967 152 929 351 414 266 2589 1013 0 260 4586 960 930 5099 936 1002 839 755 1441 1858 779 121 640 846 1307 1464 1520 1140 673 764 1527 1238 1164 1035 1894 1927 2017 1374 1246 1898 976 4897 1100 899 795
856 1645 1763 787 3935 424 661 232 1005 1011 1173 1166 1157 1410 1357 993 1311 869 232 831 487 290 141 2491 914 260 0 4722 862 832 5235 1072 904 741 657 1343 1760 681 187 542 748 1209 1365 1422 1276 809 666 1429 1140 1300 937 1796 1829 1919 1276 1148 1800 878 5034 1002 801 696
5125 4525 4643 5057 2416 4903 5141 4558 4847 5097 4806 4597 4749 4290 4237 4989 4662 4902 4615 5009 4446 4862 4728 3712 4948 4586 4722 0 5180 5171 533 3726 4937 5220 5136 4492 5135 5151 4583 5021 5228 4774 5062 4797 4156 4037 5145 5477 4705 4180 4933 5172 5481 5508 4909 4622 5176 5217 332 4844 5119 5176
420 2264 2383 351 3386 514 460 933 908 215 553 1069 538 2029 1976 373 1213 772 959 194 1107 626 785 1942 817 960 862 5180 0 465 5693 1692 807 644 560 1120 962 445 914 600 651 1111 567 802 1896 1429 476 630 1043 1919 317 998 1031 1121 656 1051 1002 511 5492 904 104 600
427 2393 2511 359 3393 642 468 1061 916 399 561 1077 546 2158 2104 381 1221 779 1088 201 1235 754 913 1949 825 1089 991 5188 353 0 5701 1820 814 732 649 1128 1148 453 1042 729 740 1119 754 810 2024 1557 484 817 1050 2047 325 1185 1217 1307 664 1058 1188 64 5499 912 292 688
5638 5038 5156 5570 2928 5416 5653 5071 5360 5609 5319 5110 5261 4803 4749 5502 5175 5415 5127 5521 4959 5375 5241 4225 5461 5099 5235 533 5693 5684 0 4239 5450 5733 5649 5005 5648 5664 5096 5534 5740 5287 5575 5310 4669 4550 5658 5990 5218 4693 5446 5685 5994 6021 5422 5135 5689 5729 263 5356 5631 5689
1685 875 993 1617 4616 1253 1491 908 1835 1840 2002 1996 1987 640 587 1822 2140 1698 965 1660 796 1212 1078 3320 1744 936 1072 3726 1692 1662 4239 0 1733 1570 1487 2172 2589 1510 933 1371 1578 2038 2195 2251 506 387 1495 2258 1969 530 1766 2626 2659 2749 2106 1977 2630 1708 4037 1831 1630 1526
568 2306 2424 500 3143 556 374 974 213 723 631 374 574 2071 2018 705 519 45 1001 635 1148 667 827 1699 22 1002 904 4937 790 545 5450 1733 0 534 451 551 1013 394 956 642 542 417 940 675 1937 1471 378 1141 348 1961 649 1050 1359 1386 735 356 1054 591 5249 210 729 490
486 2143 2261 418 3565 392 291 811 636 641 803 796 788 1908 1854 623 941 499 838 553 985 504 664 2121 545 839 741 5220 644 463 5733 1570 534 0 251 973 1390 311 792 479 188 839 996 1052 1774 1307 296 1059 770 1798 567 1427 1459 1550 906 778 1431 508 5531 632 582 119
402 2059 2178 334 3481 309 208 727 552 557 720 713 704 1824 1771 540 858 416 754 469 901 421 580 2037 461 755 657 5136 560 379 5649 1487 451 251 0 890 1307 228 709 395 258 755 912 969 1691 1224 212 976 687 1714 484 1343 1376 1466 823 695 1347 425 5448 549 499 207
1007 2745 2863 939 2697 995 813 1413 461 1036 746 202 688 2510 2457 929 267 516 1440 948 1587 1106 1266 1253 562 1441 1343 4492 1120 984 5005 2172 551 973 890 0 1075 833 1395 1081 981 379 1002 737 2376 1910 817 1417 310 2400 873 1112 1421 1448 849 227 1116 1030 4803 457 1058 929
1087 3163 3282 1018 3342 1413 1127 1831 924 786 767 1035 710 2928 2875 951 1180 979 1858 970 2005 1525 1684 1898 1025 1859 1761 5137 963 1132 5649 2590 1014 1391 1308 1076 0 1112 1813 1499 1399 1078 528 592 2795 2328 1144 746 1009 2818 895 125 502 528 870 1017 129 1178 5448 921 996 1347
207 2083 2201 138 3356 333 89 751 495 362 524 656 508 1848 1795 344 800 359 778 273 925 444 604 1912 404 779 681 5151 429 183 5664 1510 394 311 228 833 1111 0 733 419 319 698 716 773 1714 1247 106 780 630 1738 288 1147 1180 1270 627 638 1151 229 5462 491 367 267
907 1506 1624 839 3986 475 713 93 1057 1062 1225 1218 1209 1271 1218 1044 1362 921 93 883 348 341 192 2542 966 121 187 4583 914 884 5096 933 956 792 709 1395 1811 733 0 593 800 1260 1417 1474 1137 670 717 1480 1192 1161 988 1848 1881 1971 1328 1200 1852 930 4895 1053 852 748
594 1944 2062 525 3673 193 399 612 743 749 911 904 895 1709 1655 731 1049 607 639 569 786 305 464 2229 653 640 542 5021 600 570 5534 1371 642 479 395 1081 1498 419 593 0 486 947 1103 1160 1575 1108 404 1167 878 1598 675 1534 1567 1657 1014 886 1538 616 5332 740 539 435
493 2150 2269 425 3572 400 299 818 643 648 811 804 795 1915 1862 631 949 507 845 560 992 512 671 2128 552 846 748 5228 651 470 5740 1578 542 188 258 981 1398 319 800 486 0 846 1003 1060 1782 1315 303 1067 778 1805 575 1434 1467 1557 914 786 1438 516 5539 640 590 144
873 2611 2729 805 2979 861 678 1279 327 1028 739 202 682 2376 2323 922 347 382 1306 940 1453 972 1132 1535 427 1307 1209 4774 1095 850 5287 2038 417 839 755 379 1077 698 1260 947 846 0 1004 739 2242 1775 683 1418 123 2266 866 1113 1422 1449 842 184 1117 895 5085 323 1033 795
691 2768 2886 623 3268 1017 732 1436 850 390 693 961 636 2532 2479 645 1106 905 1463 574 1610 1129 1288 1824 951 1464 1365 5062 567 736 5575 2195 940 996 912 1002 527 716 1417 1103 1003 1004 0 518 2399 1932 748 547 935 2422 589 564 873 900 796 943 568 782 5374 847 600 951
748 2824 2942 679 3003 1074 788 1492 585 719 428 696 371 2589 2536 612 841 640 1519 631 1666 1185 1345 1559 686 1520 1422 4797 802 793 5310 2251 675 1052 969 737 591 773 1474 1160 1060 739 518 0 2455 1989 805 932 670 2479 556 627 937 963 531 678 631 839 5109 582 741 1008
1889 1079 1197 1821 4968 1457 1695 1112 2039 2044 2206 2200 2191 156 103 2026 2344 1903 1169 1864 913 1417 1282 3524 1948 1140 1276 4156 1896 1866 4669 506 1937 1774 1691 2376 2793 1714 1137 1575 1782 2242 2399 2455 0 504 1699 2462 2173 46 1970 2830 2863 2953 2310 2182 2834 1912 4468 2035 1834 1730
1422 960 1078 1354 4501 990 1228 645 1572 1577 1739 1733 1724 638 585 1559 1877 1436 702 1397 445 950 815 3057 1481 673 809 4037 1429 1399 4550 387 1471 1307 1224 1910 2326 1247 670 1108 1315 1775 1932 1989 504 0 1232 1995 1707 528 1503 2363 2396 2486 1843 1715 2367 1445 4348 1568 1367 1263
238 2068 2186 170 3388 318 92 736 480 393 556 641 540 1833 1780 375 785 343 763 305 910 429 589 1944 389 764 666 5145 460 215 5658 1495 378 296 212 817 1142 106 717 404 303 683 748 805 1699 1232 0 811 614 1723 319 1179 1212 1302 659 622 1183 261 5457 476 399 252
755 2831 2949 686 3682 1081 795 1499 1243 454 888 1376 873 2596 2543 708 1520 1106 1526 638 1673 1192 1352 2238 1152 1527 1429 5477 630 800 5990 2258 1141 1059 976 1417 942 780 1480 1167 1067 1418 547 932 2462 1995 811 0 1350 2486 652 978 560 651 991 1358 982 846 5788 1239 663 1015
804 2542 2660 736 2911 792 610 1210 258 959 670 133 613 2307 2254 854 278 313 1237 871 1384 903 1063 1467 359 1238 1140 4705 1026 781 5218 1969 348 770 687 310 1008 630 1192 878 778 123 935 670 2173 1707 614 1350 0 2197 798 1044 1354 1381 773 115 1048 827 5016 254 965 726
1913 1102 1221 1844 4992 1481 1718 1136 2062 2068 2230 2223 2214 124 71 2050 2368 1926 1192 1888 937 1440 1306 3548 1971 1164 1300 4180 1919 1889 4693 530 1961 1798 1714 2400 2817 1738 1161 1598 1805 2266 2422 2479 46 528 1723 2486 2197 0 1994 2853 2886 2976 2333 2205 2857 1935 4491 2059 1858 1753
263 2339 2457 194 3139 589 303 1007 669 234 307 824 291 2104 2051 72 969 614 1034 146 1181 700 860 1695 660 1035 937 4933 317 308 5446 1766 649 567 484 873 894 288 988 675 575 866 589 556 1970 1503 319 652 798 1994 0 930 1052 1143 410 806 934 354 5245 665 256 523
1123 3200 3318 1055 3379 1449 1164 1868 961 823 804 1072 746 2965 2911 987 1216 1016 1895 1006 2042 1561 1720 1935 1061 1896 1798 5173 999 1169 5686 2627 1051 1428 1344 1113 125 1148 1849 1536 1435 1114 565 629 2831 2364 1180 783 1046 2854 931 0 538 565 907 1054 43 1214 5484 957 1032 1384
951 3028 3146 883 3695 1278 992 1696 1277 651 1085 1388 1063 2793 2740 905 1533 1303 1723 835 1870 1389 1549 2251 1349 1724 1626 5489 827 997 6002 2455 1338 1256 1172 1429 509 977 1677 1364 1263 1430 744 945 2659 2192 1008 357 1362 2683 849 545 0 202 1188 1370 549 1043 5801 1273 860 1212
1042 3118 3236 973 3722 1368 1082 1786 1304 741 1147 1415 1090 2883 2830 995 1560 1359 1813 925 1960 1479 1639 2278 1404 1814 1716 5516 918 1087 6029 2545 1394 1346 1263 1456 536 1067 1768 1454 1354 1457 834 972 2749 2282 1098 447 1389 2773 939 572 202 0 1250 1397 576 1133 5828 1300 951 1302
421 2497 2615 352 3083 747 461 1165 613 392 111 768 235 2262 2209 285 913 668 1192 304 1339 858 1018 1639 714 1193 1095 4878 475 466 5391 1924 703 725 642 818 838 446 1147 833 733 811 747 500 2128 1662 478 810 742 2152 229 874 1184 1210 0 750 878 512 5189 610 414 681
812 2550 2669 744 2827 800 618 1218 266 967 678 104 621 2315 2262 862 195 321 1245 879 1392 912 1071 1383 367 1246 1148 4622 1034 789 5135 1977 356 778 695 227 1016 638 1200 886 786 184 943 678 2182 1715 622 1358 115 2205 806 1053 1362 1389 781 0 1056 835 4933 262 973 734
1127 3204 3322 1059 3382 1453 1168 1872 965 826 808 1076 750 2969 2915 991 1220 1020 1899 1010 2046 1565 1724 1938 1065 1900 1801 5177 1003 1173 5690 2631 1055 1432 1348 1117 129 1152 1853 1540 1439 1118 569 632 2835 2368 1184 787 1050 2858 935 43 542 569 911 1058 0 1218 5488 961 1036 1388
473 2438 2557 405 3439 688 514 1107 962 444 607 1122 591 2203 2150 427 1267 825 1133 247 1281 800 959 1995 871 1134 1036 5234 399 64 5746 1866 860 778 694 1173 1194 499 1088 774 785 1165 799 856 2070 1603 530 863 1096 2093 371 1230 1263 1353 710 1104 1234 0 5545 958 337 734
5437 4836 4955 5369 2727 5215 5452 4870 5159 5408 5117 4909 5060 4601 4548 5301 4973 5214 4926 5320 4758 5174 5040 4023 5259 4897 5034 332 5492 5482 263 4037 5249 5531 5448 4803 5447 5462 4895 5332 5539 5085 5374 5109 4468 4348 5457 5788 5016 4491 5245 5483 5792 5819 5220 4933 5487 5528 0 5155 5430 5487
666 2404 2522 598 3049 654 472 1072 110 821 538 281 481 2169 2116 721 425 175 1099 733 1246 765 925 1605 220 1100 1002 4844 888 643 5356 1831 210 632 549 457 920 491 1053 740 640 323 847 582 2035 1568 476 1239 254 2059 665 956 1265 1292 641 262 960 689 5155 0 827 588
358 2203 2321 290 3324 453 399 871 846 248 492 1007 476 1968 1915 312 1152 710 898 132 1045 564 724 1880 755 899 801 5119 104 403 5631 1630 745 582 499 1058 995 383 852 539 590 1050 600 741 1834 1367 415 663 981 1858 256 1031 1064 1154 595 989 1035 449 5430 843 0 538
442 2099 2217 373 3521 348 247 767 591 597 759 752 743 1863 1810 579 897 455 794 509 941 460 619 2077 501 795 696 5176 600 418 5689 1526 490 119 207 929 1346 267 748 435 144 795 951 1008 1730 1263 252 1015 726 1753 523 1382 1415 1505 862 734 1386 464 5487 588 538 0
EOF