NAME : tsp_problem
TYPE : TSP
DIMENSION : 44
EDGE_WEIGHT_TYPE : EXPLICIT
EDGE_WEIGHT_FORMAT : FULL_MATRIX
EDGE_WEIGHT_SECTION
0 1657 1391 3792 1581 1055 3962 4658 1808 1749 3237 995 1861 2212 1769 1778 1669 1759 2190 1146 3593 2349 1719 1611 2416 1650 955 1730 1772 2672 1786 2405 2123 2000 3126 1744 1141 1346 2438 4240 2550 2388 1114 1874
1667 0 740 2182 216 741 2352 3048 980 311 1628 897 792 602 240 709 594 889 662 622 1983 740 842 57 807 189 857 291 244 1062 257 795 591 1182 1516 916 1029 526 828 3422 940 778 1003 1047
1401 740 0 2655 772 475 2824 3520 670 612 2100 632 723 1074 631 641 532 621 1053 357 2456 1212 582 743 1279 841 591 593 634 1534 648 1268 985 862 1989 607 977 933 1301 3102 1412 1250 950 737
3802 2182 2655 0 2299 2876 1278 1946 2372 2225 606 3033 2184 1656 2063 2101 2508 2327 1973 2758 432 1641 2234 2208 1533 2182 2992 2206 2067 1382 2087 1620 1833 2643 703 2309 3165 2661 1588 4617 1465 1602 3138 2439
1591 216 772 2299 0 665 2468 3164 1067 398 1744 822 879 718 328 797 681 976 749 547 2100 856 929 170 923 134 781 379 331 1178 345 912 682 1269 1633 1004 954 450 945 3509 1056 894 927 1134
1068 736 471 2872 661 0 3041 3737 887 829 2317 299 940 1291 848 858 748 838 1269 225 2673 1429 799 691 1496 729 259 809 851 1751 865 1484 1202 1079 2206 824 644 821 1517 3319 1629 1467 618 954
3972 2352 2824 1278 2468 3046 0 2593 2542 2395 863 3203 2354 1826 2233 2271 2678 2497 2143 2928 1079 1811 2404 2378 1703 2352 3162 2376 2236 1552 2257 1790 2003 2813 960 2478 3335 2831 1758 4787 1635 1772 3308 2609
4667 3048 3520 1946 3164 3741 2593 0 3238 3091 1922 3898 3049 2521 2929 2967 3374 3192 2838 3623 1710 2507 3100 3074 2398 3047 3858 3071 2932 2248 2952 2485 2698 3508 1906 3174 4030 3526 2454 5933 2330 2468 4003 3304
1818 980 670 2372 1067 892 2542 3238 0 854 1818 1048 396 792 871 313 773 342 770 773 2173 930 254 983 997 1114 1008 834 874 1252 888 985 703 378 1707 96 1394 1350 1018 3009 1130 968 1367 121
1759 311 612 2225 398 833 2395 3091 854 0 1670 990 753 645 202 671 466 760 623 715 2026 782 721 313 849 460 950 63 205 1105 219 838 556 1054 1559 790 1212 708 871 3294 983 821 1185 920
3247 1628 2100 606 1744 2321 863 1922 1818 1670 0 2478 1629 1101 1509 1547 1954 1772 1418 2203 407 1087 1679 1654 978 1627 2438 1651 1512 828 1532 1065 1278 2088 153 1754 2610 2106 1034 4203 910 1048 2583 1884
1006 898 633 3034 823 296 3204 3899 1050 991 2479 0 1103 1453 1010 1020 911 1000 1432 388 2835 1591 961 853 1658 891 129 972 1013 1914 1027 1647 1364 1241 2368 986 582 787 1680 3481 1791 1629 555 1116
1871 792 723 2184 879 945 2354 3049 396 753 1629 1101 0 604 683 125 782 350 582 827 1985 741 258 795 808 925 1061 734 686 1064 700 797 515 666 1518 332 1447 1189 830 3289 942 780 1420 462
2221 602 1074 1656 718 1296 1826 2521 792 645 1101 1452 604 0 483 521 928 747 392 1177 1457 213 654 628 280 601 1412 625 486 536 506 269 252 1062 990 728 1584 1081 302 3685 414 252 1558 858
1778 240 631 2063 328 852 2233 2929 871 202 1509 1009 683 483 0 600 485 780 553 734 1864 621 733 243 688 281 969 182 24 943 36 676 473 1073 1397 807 1141 638 709 3313 821 659 1115 938
1788 709 641 2101 797 862 2271 2967 313 671 1547 1019 125 521 600 0 700 268 499 744 1903 659 175 712 726 843 978 651 603 981 617 714 432 584 1436 249 1364 1106 747 3207 859 697 1337 380
1647 413 500 2327 500 722 2497 3193 742 285 1773 878 751 747 304 668 0 649 725 603 2128 885 610 416 952 563 838 265 307 1207 321 940 658 942 1662 678 1224 810 973 3182 1085 923 1197 809
1602 723 455 2337 810 676 2507 3203 352 594 1783 833 361 757 613 278 514 0 735 558 2139 895 220 725 962 872 793 575 617 1217 630 950 668 622 1672 288 1178 1120 983 3137 1095 933 1152 419
2200 662 1053 1973 749 1274 2143 2838 770 623 1418 1431 582 392 553 499 906 725 0 1156 1774 530 632 664 597 731 1390 604 556 853 570 586 303 1041 1307 706 1563 1059 619 3664 730 568 1536 837
1059 735 470 2871 660 134 3041 3736 887 828 2316 290 940 1290 847 857 748 837 1269 0 2672 1428 798 690 1495 728 250 809 851 1751 864 1484 1201 1078 2205 823 635 820 1517 3318 1628 1466 609 953
3603 1983 2456 432 2100 2677 1079 1710 2173 2026 407 2834 1985 1457 1864 1903 2310 2128 1774 2559 0 1443 2035 2009 1334 1983 2793 2007 1868 1184 1888 1421 1634 2444 504 2110 2966 2462 1389 4419 1266 1403 2939 2240
2359 740 1212 1641 856 1433 1811 2507 930 782 1087 1590 741 213 621 659 1066 884 530 1315 1443 0 791 765 229 739 1550 763 624 520 644 218 390 1200 976 866 1722 1218 251 3823 397 200 1695 996
1729 842 582 2234 929 803 2404 3100 254 721 1679 960 258 654 733 175 641 209 632 685 2035 791 0 845 858 975 920 702 736 1114 750 847 565 525 1568 191 1305 1239 880 3148 992 830 1279 321
1621 57 743 2208 170 695 2378 3074 983 313 1654 852 795 628 243 712 597 891 664 577 2009 765 845 0 832 215 812 294 246 1088 260 821 597 1185 1542 919 984 480 854 3424 966 804 957 1049
2426 807 1279 1533 923 1500 1703 2398 997 849 978 1657 808 280 688 726 1133 951 597 1382 1334 229 858 832 0 806 1617 830 691 305 711 101 457 1267 867 933 1789 1285 70 3890 182 84 1762 1063
1659 189 841 2182 134 733 2352 3047 1130 460 1627 890 942 601 281 859 744 1038 731 615 1983 739 992 215 806 0 850 441 284 1062 304 795 591 1332 1516 1066 1022 518 828 3572 939 777 995 1196
966 858 592 2993 782 256 3163 3859 1009 951 2439 129 1062 1413 970 979 870 960 1391 347 2795 1551 921 813 1618 851 0 931 973 1873 987 1606 1324 1201 2328 945 542 746 1639 3441 1751 1589 515 1076
1740 291 593 2206 379 814 2376 3071 834 63 1651 971 734 625 182 651 446 741 604 696 2007 763 702 294 830 441 930 0 185 1086 199 819 536 1034 1540 771 1192 689 852 3274 963 801 1166 901
1782 244 634 2067 331 856 2236 2932 874 205 1512 1012 686 486 24 603 488 783 556 737 1868 624 736 246 691 284 972 185 0 946 35 679 476 1076 1401 811 1145 641 712 3316 824 662 1118 941
2682 1062 1534 1382 1178 1756 1552 2248 1252 1105 828 1912 1064 536 943 981 1388 1207 853 1637 1184 520 1114 1088 305 1062 1872 1086 946 0 966 392 713 1523 717 1188 2045 1541 360 4145 237 374 2018 1319
1795 257 648 2087 345 869 2257 2952 888 219 1532 1026 700 506 36 617 502 797 570 751 1888 644 750 260 711 304 986 199 35 966 0 700 496 1090 1421 824 1158 655 733 3330 844 682 1132 955
2415 795 1268 1620 912 1489 1790 2485 985 838 1065 1646 797 269 676 714 1121 940 586 1371 1421 218 847 821 101 795 1605 819 679 392 700 0 446 1256 954 921 1778 1274 123 3879 269 49 1751 1052
2132 591 985 1833 682 1206 2003 2698 703 556 1278 1363 515 252 473 432 839 657 303 1088 1634 390 565 597 457 591 1323 536 476 713 496 446 0 973 1167 639 1495 992 479 3596 590 428 1468 769
2009 1182 862 2643 1269 1083 2813 3508 378 1054 2088 1240 666 1062 1073 584 973 612 1041 965 2444 1200 525 1185 1267 1332 1200 1034 1076 1523 1090 1256 973 0 1977 367 1585 1541 1289 2921 1400 1238 1559 444
3136 1516 1989 703 1633 2210 960 1906 1707 1559 153 2367 1518 990 1397 1436 1843 1661 1307 2092 504 976 1568 1542 867 1516 2326 1540 1401 717 1421 954 1167 1977 0 1643 2499 1995 922 4299 799 936 2472 1773
1754 916 607 2309 1004 828 2478 3174 96 790 1754 985 332 728 807 249 710 278 706 710 2110 866 191 919 933 1050 944 771 811 1188 824 921 639 367 1643 0 1330 1286 954 2998 1066 904 1303 163
1141 826 985 2961 750 649 3131 3827 1402 1008 2407 589 1455 1381 938 1372 1263 1353 1359 740 2763 1519 1313 781 1586 819 549 989 941 1841 955 1574 1292 1594 2296 1338 0 460 1607 3833 1719 1557 64 1468
1549 526 933 2661 450 826 2831 3526 1350 708 2106 982 1189 1081 638 1106 991 1286 1059 707 2462 1218 1239 480 1285 518 942 689 641 1541 655 1274 992 1541 1995 1286 664 0 1307 3781 1419 1257 637 1416
2448 828 1301 1588 945 1522 1758 2454 1018 871 1034 1679 830 302 709 747 1154 973 619 1404 1389 251 880 854 70 828 1638 852 712 360 733 123 479 1289 922 954 1811 1307 0 3912 238 105 1784 1085
4249 3422 3102 4617 3509 3323 4787 5933 3009 3294 4203 3480 3289 3685 3313 3207 3213 3235 3664 3205 4419 3823 3148 3424 3890 3572 3440 3274 3316 4145 3330 3879 3596 2921 4299 2998 3825 3781 3912 0 4023 3861 3799 3076
2559 940 1412 1465 1056 1633 1635 2330 1130 983 910 1790 942 414 821 859 1266 1084 730 1515 1266 397 992 966 182 939 1750 963 824 237 844 269 590 1400 799 1066 1922 1419 238 4023 0 252 1896 1196
2397 778 1250 1602 894 1471 1772 2468 968 821 1048 1628 780 252 659 697 1104 922 568 1353 1403 200 830 804 84 777 1588 801 662 374 682 49 428 1238 936 904 1760 1257 105 3861 252 0 1734 1034
1114 799 958 2935 724 622 3105 3800 1375 982 2380 562 1428 1354 911 1345 1236 1326 1333 713 2736 1492 1287 754 1559 792 522 962 914 1814 928 1548 1265 1567 2269 1311 64 434 1581 3807 1692 1530 0 1442
1884 1047 737 2439 1134 958 2609 3304 121 920 1884 1115 462 858 938 380 840 408 837 840 2240 996 321 1049 1063 1180 1075 901 941 1319 955 1052 769 444 1773 163 1460 1416 1085 3076 1196 1034 1434 0
EOF