NAME : tsp_problem
TYPE : TSP
DIMENSION : 78
EDGE_WEIGHT_TYPE : EXPLICIT
EDGE_WEIGHT_FORMAT : FULL_MATRIX
EDGE_WEIGHT_SECTION
0 1170 1288 1091 1151 728 1011 817 294 645 1151 551 1386 525 724 831 825 422 828 756 947 1311 472 1259 511 727 1280 552 630 713 1074 369 1241 1345 869 1361 776 267 643 56 428 791 762 825 1133 1048 1066 582 700 369 396 446 1321 713 760 170 469 562 1144 779 690 504 1076 810 276 984 702 828 709 957 533 1072 1237 159 789 998 983 641
1170 0 557 98 348 1254 476 467 932 1153 182 652 654 1070 502 1056 475 1066 1053 1224 412 579 980 351 857 951 548 898 594 677 343 877 106 211 519 210 797 1072 1268 1140 1061 772 508 1050 164 207 141 929 1201 1073 904 954 170 938 1378 1046 730 909 175 1003 866 1126 234 460 938 326 1355 1281 1186 422 1100 413 250 1057 412 649 1207 559
1288 557 0 478 257 1372 593 585 1050 1270 537 770 152 1187 619 1173 592 1183 1171 1342 530 77 1098 267 975 1069 86 1016 711 794 249 994 627 732 637 499 915 1190 1386 1258 1178 890 625 1168 519 435 452 1047 1318 1191 1021 1071 429 1056 1495 1164 848 1026 530 1121 983 1244 462 578 1056 444 1472 1399 1304 540 1218 531 344 1175 530 766 1325 677
1091 98 478 0 340 1175 397 388 853 1074 103 573 575 991 423 976 396 987 974 1145 333 500 901 430 778 872 469 819 515 598 264 798 169 273 440 289 718 993 1189 1061 982 693 429 971 85 128 62 850 1122 994 825 875 249 859 1299 967 651 830 96 924 787 1047 155 381 859 247 1275 1202 1107 343 1021 334 329 978 333 570 1128 480
1151 348 257 340 0 1235 456 448 913 1133 400 633 355 1050 482 1036 455 1046 1034 1205 393 280 961 228 838 932 249 879 574 657 112 857 434 502 500 268 778 1053 1249 1121 1041 753 488 1031 382 297 315 909 1181 1054 884 934 198 919 1358 1027 711 889 393 984 846 1107 325 441 918 307 1335 1261 1166 403 1081 394 113 1038 392 629 1188 540
728 1254 1372 1175 1235 0 1095 901 523 173 1235 635 1470 510 808 915 908 407 912 55 1031 1394 428 1343 594 810 1363 635 714 797 1158 438 1325 1429 953 1445 860 483 130 750 412 875 846 909 1217 1132 1150 666 123 374 495 357 1405 797 151 637 553 646 1228 862 774 335 1159 894 529 1068 128 112 110 1041 364 1155 1321 648 873 1082 1066 725
1011 476 593 397 456 1095 0 308 772 993 456 493 691 910 342 896 315 906 893 1065 76 616 820 564 698 792 585 739 434 517 380 717 546 651 359 666 637 913 1108 980 901 612 348 890 438 353 371 769 1041 914 744 794 626 778 1218 887 571 749 449 844 706 967 381 301 778 290 1195 1121 1026 73 941 131 543 898 252 489 1048 400
817 467 585 388 448 901 308 0 579 799 448 299 683 716 148 702 101 712 700 871 244 607 627 556 504 598 577 545 240 323 371 523 538 642 92 658 444 719 915 787 707 419 154 697 430 345 363 575 847 720 550 600 618 585 1024 693 377 555 441 650 512 773 372 95 585 281 1001 927 833 254 747 368 534 704 86 221 854 206
294 932 1050 853 913 523 772 579 0 387 913 313 1147 304 485 592 586 300 590 518 709 1072 214 1021 272 488 1041 313 392 475 836 111 1002 1107 631 1122 538 176 502 264 295 553 523 587 895 810 828 344 446 278 138 188 1082 475 612 150 231 323 905 540 452 361 837 572 42 746 589 574 456 719 335 833 999 162 550 760 744 402
645 1153 1270 1074 1133 173 993 799 387 0 1133 534 1368 381 706 813 807 377 811 168 930 1293 292 1242 493 709 1262 534 612 696 1057 302 1223 1328 851 1343 759 505 153 614 372 774 744 808 1115 1031 1048 564 96 397 359 221 1303 696 262 501 451 544 1126 761 673 325 1058 793 393 967 239 225 106 940 298 1054 1220 512 771 981 965 623
1151 182 537 103 400 1235 456 448 913 1133 0 633 635 1050 482 1036 455 1046 1034 1205 393 560 961 508 838 932 529 879 574 657 324 857 252 357 500 372 778 1053 1249 1121 1041 753 488 1031 90 187 122 909 1181 1054 884 934 332 919 1358 1027 711 889 101 984 846 1107 215 441 919 307 1335 1261 1167 403 1081 394 413 1038 393 629 1188 540
551 652 770 573 633 635 493 299 313 534 633 0 868 451 206 525 307 447 523 605 429 793 361 741 238 421 762 279 112 195 556 258 723 827 351 843 316 453 649 521 442 291 244 520 615 530 548 310 582 454 285 335 803 408 759 427 111 290 626 473 317 507 558 292 319 466 735 662 567 439 481 554 719 438 271 480 677 123
1386 654 152 575 355 1470 691 683 1147 1368 635 868 0 1285 717 1271 690 1281 1268 1440 628 113 1195 364 1073 1167 133 1114 809 892 347 1092 725 829 734 596 1012 1288 1483 1355 1276 987 723 1265 617 532 550 1144 1416 1289 1119 1169 526 1153 1593 1261 946 1124 628 1219 1081 1342 559 676 1153 541 1570 1496 1401 637 1316 628 441 1273 627 864 1423 775
525 1070 1187 991 1050 510 910 716 304 381 1050 451 1285 0 623 730 724 123 728 512 847 1210 107 1158 410 626 1179 451 529 612 974 219 1140 1245 768 1260 676 280 425 531 118 691 661 725 1032 947 965 481 440 172 276 182 1220 613 542 418 368 461 1043 678 590 286 975 710 310 884 485 569 450 856 315 971 1137 429 688 898 882 540
724 502 619 423 482 808 342 148 485 706 482 206 717 623 0 627 156 619 625 778 279 642 533 590 411 523 611 452 214 297 406 430 572 677 200 692 418 626 821 693 614 393 78 622 464 379 397 482 754 627 457 507 652 510 931 600 284 462 475 575 419 680 407 142 491 316 908 834 739 288 654 403 569 611 120 330 779 98
831 1056 1173 976 1036 915 896 702 592 813 1036 525 1271 730 627 0 710 726 48 885 833 1196 640 1144 350 138 1165 412 482 405 959 537 1126 1230 754 1246 277 733 928 800 721 292 665 43 1018 933 951 281 861 734 564 614 1206 160 1038 707 476 422 1029 140 236 787 961 695 598 870 1015 941 846 842 761 957 1122 718 674 883 192 544
825 475 592 396 455 908 315 101 586 807 455 307 690 724 156 710 0 720 707 878 252 615 634 564 511 606 584 553 248 331 379 531 545 650 77 665 451 727 922 794 715 426 162 704 437 353 370 583 855 728 558 608 625 592 1032 700 385 563 448 657 520 781 380 93 592 289 1009 935 840 262 754 376 542 712 93 206 862 214
422 1066 1183 987 1046 407 906 712 300 377 1046 447 1281 123 619 726 720 0 724 436 843 1206 103 1155 406 622 1175 447 525 609 970 215 1136 1241 764 1256 672 177 322 447 42 687 657 721 1028 944 961 477 379 69 253 178 1216 609 439 414 365 457 1039 674 586 183 971 706 306 880 382 507 389 853 212 967 1133 421 684 894 878 536
828 1053 1171 974 1034 912 893 700 590 811 1034 523 1268 728 625 48 707 724 0 882 830 1193 638 1142 347 135 1162 410 480 402 957 535 1123 1228 752 1244 275 730 926 798 719 290 663 41 1016 931 949 278 859 731 562 612 1203 158 1036 704 474 420 1026 137 234 784 958 693 596 867 1012 939 844 840 758 954 1120 715 672 881 191 542
756 1224 1342 1145 1205 55 1065 871 518 168 1205 605 1440 512 778 885 878 436 882 0 1001 1364 422 1313 564 780 1333 605 684 767 1128 433 1295 1399 923 1415 830 511 159 745 441 845 816 879 1187 1102 1120 636 95 403 490 352 1374 767 180 632 523 616 1198 832 744 364 1129 864 524 1038 157 82 80 1011 393 1125 1291 643 843 1052 1036 695
947 412 530 333 393 1031 76 244 709 930 393 429 628 847 279 833 252 843 830 1001 0 552 757 501 634 728 522 675 371 454 316 654 483 587 296 603 574 849 1045 917 838 549 285 827 375 290 308 706 978 850 681 731 563 715 1155 823 507 686 386 780 643 903 317 237 715 226 1132 1058 963 98 877 157 479 834 189 426 984 336
1311 579 77 500 280 1394 616 607 1072 1293 560 793 113 1210 642 1196 615 1206 1193 1364 552 0 1120 289 997 1091 58 1038 734 817 272 1017 649 754 659 521 937 1212 1408 1280 1201 912 648 1190 542 457 475 1069 1341 1213 1044 1094 451 1078 1518 1186 870 1049 552 1143 1006 1267 484 601 1078 466 1495 1421 1326 562 1240 553 366 1198 552 789 1347 700
472 980 1098 901 961 428 820 627 214 292 961 361 1195 107 533 640 634 103 638 422 757 1120 0 1069 320 536 1089 361 440 523 884 129 1050 1155 679 1171 586 260 405 442 98 601 571 635 943 858 876 392 351 151 186 93 1130 523 517 328 279 371 953 588 500 265 885 620 220 794 464 479 361 767 239 881 1047 340 599 808 792 450
1259 351 267 430 228 1343 564 556 1021 1242 508 741 364 1158 590 1144 564 1155 1142 1313 501 289 1069 0 946 1040 258 987 682 766 220 966 438 505 608 271 886 1161 1357 1229 1149 861 596 1139 490 406 423 1018 1290 1162 993 1043 201 1027 1466 1135 819 997 501 1092 954 1215 433 549 1027 415 1443 1370 1275 511 1189 502 187 1146 501 737 1296 648
511 857 975 778 838 594 698 504 272 493 838 238 1073 410 411 350 511 406 347 564 634 997 320 946 0 246 967 92 317 400 761 217 928 1032 556 1048 295 412 608 480 401 310 449 344 820 735 753 101 541 414 244 294 1008 232 718 386 156 102 831 297 209 467 762 497 278 671 695 621 526 644 440 758 924 398 476 685 502 328
727 951 1069 872 932 810 792 598 488 709 932 421 1167 626 523 138 606 622 135 780 728 1091 536 1040 246 0 1061 308 378 301 855 433 1022 1126 650 1142 173 629 824 696 617 188 561 133 914 829 847 177 757 630 460 510 1102 84 934 602 372 318 925 86 132 683 857 591 494 765 911 837 742 738 656 852 1018 614 570 779 290 440
1280 548 86 469 249 1363 585 577 1041 1262 529 762 133 1179 611 1165 584 1175 1162 1333 522 58 1089 258 967 1061 0 1008 703 786 241 986 619 723 628 490 906 1182 1377 1249 1170 881 617 1159 511 426 444 1038 1310 1183 1013 1063 420 1047 1487 1155 840 1018 522 1113 975 1236 453 570 1047 435 1464 1390 1295 531 1209 522 335 1167 521 758 1317 669
552 898 1016 819 879 635 739 545 313 534 879 279 1114 451 452 412 553 447 410 605 675 1038 361 987 92 308 1008 0 358 441 802 258 969 1073 597 1089 358 454 649 521 442 373 490 407 861 776 794 163 582 455 285 335 1049 295 759 427 197 37 872 360 272 508 804 538 319 712 736 662 567 685 481 799 965 439 517 726 564 369
630 594 711 515 574 714 434 240 392 612 574 112 809 529 214 482 248 525 480 684 371 734 440 682 317 378 703 358 0 103 498 336 664 769 292 784 224 532 728 600 520 199 252 477 556 471 489 388 660 533 363 413 744 365 837 506 190 368 567 430 325 586 499 233 398 408 814 740 646 380 560 495 661 517 212 422 634 131
713 677 794 598 657 797 517 323 475 696 657 195 892 612 297 405 331 609 402 767 454 817 523 766 400 301 786 441 103 0 581 420 747 852 375 867 146 615 811 683 603 121 335 400 639 555 572 354 744 616 447 497 827 287 920 589 273 451 650 353 309 669 582 317 481 491 897 824 729 464 643 578 744 600 295 505 557 214
1074 343 249 264 112 1158 380 371 836 1057 324 556 347 974 406 959 379 970 957 1128 316 272 884 220 761 855 241 802 498 581 0 781 413 518 423 353 701 976 1172 1044 965 676 412 954 305 221 238 833 1105 977 808 858 283 842 1282 950 634 813 316 907 770 1030 248 364 842 230 1258 1185 1090 326 1004 317 198 961 316 553 1111 463
369 877 994 798 857 438 717 523 111 302 857 258 1092 219 430 537 531 215 535 433 654 1017 129 966 217 433 986 258 336 420 781 0 947 1052 575 1067 483 251 418 338 210 498 468 532 839 755 772 288 361 252 83 103 1027 420 527 225 176 268 850 485 397 276 782 517 117 691 504 489 371 664 250 778 944 236 495 705 689 347
1241 106 627 169 434 1325 546 538 1002 1223 252 723 725 1140 572 1126 545 1136 1123 1295 483 649 1050 438 928 1022 619 969 664 747 413 947 0 151 589 296 867 1143 1338 1210 1131 842 578 1120 234 277 212 999 1271 1144 974 1024 256 1008 1448 1116 801 979 245 1074 936 1197 304 531 1008 396 1425 1351 1256 492 1171 483 336 1128 482 719 1278 630
1345 211 732 273 502 1429 651 642 1107 1328 357 827 829 1245 677 1230 650 1241 1228 1399 587 754 1155 505 1032 1126 723 1073 769 852 518 1052 151 0 694 363 972 1247 1443 1315 1236 947 683 1225 339 382 316 1104 1376 1248 1079 1129 323 1113 1553 1221 905 1084 350 1178 1041 1301 409 635 1113 501 1529 1456 1361 597 1275 588 404 1232 587 824 1382 734
869 519 637 440 500 953 359 92 631 851 500 351 734 768 200 754 77 764 752 923 296 659 679 608 556 650 628 597 292 375 423 575 589 694 0 710 496 771 967 839 759 471 206 749 482 397 415 627 899 772 602 652 669 637 1076 745 429 607 493 702 564 825 424 83 637 333 1053 979 885 306 799 420 586 756 138 192 906 258
1361 210 499 289 268 1445 666 658 1122 1343 372 843 596 1260 692 1246 665 1256 1244 1415 603 521 1171 271 1048 1142 490 1089 784 867 353 1067 296 363 710 0 988 1263 1459 1330 1251 963 698 1241 354 397 332 1119 1391 1264 1094 1144 90 1129 1568 1237 921 1099 365 1194 1056 1317 424 651 1128 516 1545 1471 1376 613 1291 603 170 1248 602 839 1398 750
776 797 915 718 778 860 637 444 538 759 778 316 1012 676 418 277 451 672 275 830 574 937 586 886 295 173 906 358 224 146 701 483 867 972 496 988 0 678 874 746 667 70 456 272 760 675 693 226 807 679 510 560 947 160 984 652 394 368 771 225 182 732 702 437 544 611 960 887 792 584 706 698 864 663 416 625 429 335
267 1072 1190 993 1053 483 913 719 176 505 1053 453 1288 280 626 733 727 177 730 511 849 1212 260 1161 412 629 1182 454 532 615 976 251 1143 1247 771 1263 678 0 398 292 183 693 664 727 1035 950 968 484 455 124 199 328 1223 615 515 276 371 464 1046 680 592 259 977 712 205 886 457 583 464 859 288 973 1139 265 691 900 885 543
643 1268 1386 1189 1249 130 1108 915 502 153 1249 649 1483 425 821 928 922 322 926 159 1045 1408 405 1357 608 824 1377 649 728 811 1172 418 1338 1443 967 1459 874 398 0 668 328 889 859 923 1231 1146 1164 680 102 289 474 336 1418 811 199 617 567 660 1241 876 788 251 1173 908 508 1082 141 230 112 1055 280 1169 1335 628 887 1096 1080 738
56 1140 1258 1061 1121 750 980 787 264 614 1121 521 1355 531 693 800 794 447 798 745 917 1280 442 1229 480 696 1249 521 600 683 1044 338 1210 1315 839 1330 746 292 668 0 453 761 731 795 1103 1018 1036 552 673 394 365 415 1290 683 785 195 439 531 1113 748 660 529 1045 780 245 954 727 802 683 927 558 1041 1207 184 758 968 952 610
428 1061 1178 982 1041 412 901 707 295 372 1041 442 1276 118 614 721 715 42 719 441 838 1201 98 1149 401 617 1170 442 520 603 965 210 1131 1236 759 1251 667 183 328 453 0 682 652 716 1023 938 956 472 384 74 259 173 1211 604 444 409 359 452 1034 669 581 189 966 701 301 875 387 513 394 847 218 962 1128 420 679 889 873 531
791 772 890 693 753 875 612 419 553 774 753 291 987 691 393 292 426 687 290 845 549 912 601 861 310 188 881 373 199 121 676 498 842 947 471 963 70 693 889 761 682 0 431 287 735 650 668 241 822 694 525 575 922 175 999 667 369 383 745 240 197 747 677 412 559 586 976 902 807 559 721 673 839 678 391 600 444 310
762 508 625 429 488 846 348 154 523 744 488 244 723 661 78 665 162 657 663 816 285 648 571 596 449 561 617 490 252 335 412 468 578 683 206 698 456 664 859 731 652 431 0 660 470 385 403 520 792 665 495 545 658 548 969 638 322 500 481 613 457 718 413 147 529 322 946 872 777 294 692 409 575 649 126 336 817 136
825 1050 1168 971 1031 909 890 697 587 808 1031 520 1265 725 622 43 704 721 41 879 827 1190 635 1139 344 133 1159 407 477 400 954 532 1120 1225 749 1241 272 727 923 795 716 287 660 0 1013 928 946 275 856 728 559 609 1200 155 1033 701 471 417 1024 134 231 781 955 690 593 864 1009 936 841 837 755 951 1117 712 669 878 185 539
1133 164 519 85 382 1217 438 430 895 1115 90 615 617 1032 464 1018 437 1028 1016 1187 375 542 943 490 820 914 511 861 556 639 305 839 234 339 482 354 760 1035 1231 1103 1023 735 470 1013 0 169 104 891 1163 1036 866 916 314 901 1340 1009 693 871 83 966 828 1089 196 423 901 289 1317 1243 1149 385 1063 376 394 1020 374 611 1170 522
1048 207 435 128 297 1132 353 345 810 1031 187 530 532 947 379 933 353 944 931 1102 290 457 858 406 735 829 426 776 471 555 221 755 277 382 397 397 675 950 1146 1018 938 650 385 928 169 0 102 807 1079 951 782 832 357 816 1255 924 608 786 180 881 743 1004 52 338 816 204 1232 1159 1064 300 978 291 384 935 290 526 1085 437
1066 141 452 62 315 1150 371 363 828 1048 122 548 550 965 397 951 370 961 949 1120 308 475 876 423 753 847 444 794 489 572 238 772 212 316 415 332 693 968 1164 1036 956 668 403 946 104 102 0 824 1096 969 799 849 292 834 1273 942 626 804 115 899 761 1022 129 356 834 222 1250 1176 1082 318 996 309 372 953 307 544 1103 455
582 929 1047 850 909 666 769 575 344 564 909 310 1144 481 482 281 583 477 278 636 706 1069 392 1018 101 177 1038 163 388 354 833 288 999 1104 627 1119 226 484 680 552 472 241 520 275 891 807 824 0 612 485 315 365 1079 163 789 458 228 174 902 228 140 538 834 569 350 743 766 692 598 716 512 830 996 469 547 757 433 399
700 1201 1318 1122 1181 123 1041 847 446 96 1181 582 1416 440 754 861 855 379 859 95 978 1341 351 1290 541 757 1310 582 660 744 1105 361 1271 1376 899 1391 807 455 102 673 384 822 792 856 1163 1079 1096 612 0 346 418 280 1351 744 211 560 500 592 1174 809 721 307 1106 841 452 1015 188 151 55 988 336 1102 1268 571 819 1029 1013 671
369 1073 1191 994 1054 374 914 720 278 397 1054 454 1289 172 627 734 728 69 731 403 850 1213 151 1162 414 630 1183 455 533 616 977 252 1144 1248 772 1264 679 124 289 394 74 694 665 728 1036 951 969 485 346 0 200 227 1224 616 406 378 372 465 1047 682 593 150 979 713 307 887 349 474 356 860 179 974 1140 367 692 901 886 544
396 904 1021 825 884 495 744 550 138 359 884 285 1119 276 457 564 558 253 562 490 681 1044 186 993 244 460 1013 285 363 447 808 83 974 1079 602 1094 510 199 474 365 259 525 495 559 866 782 799 315 418 200 0 160 1054 447 584 252 203 295 877 512 424 333 809 544 144 718 533 546 428 691 306 805 971 263 522 732 716 374
446 954 1071 875 934 357 794 600 188 221 934 335 1169 182 507 614 608 178 612 352 731 1094 93 1043 294 510 1063 335 413 497 858 103 1024 1129 652 1144 560 328 336 415 173 575 545 609 916 832 849 365 280 227 160 0 1104 497 446 302 252 345 927 562 474 195 859 594 194 768 423 408 290 741 169 855 1021 313 572 782 766 424
1321 170 429 249 198 1405 626 618 1082 1303 332 803 526 1220 652 1206 625 1216 1203 1374 563 451 1130 201 1008 1102 420 1049 744 827 283 1027 256 323 669 90 947 1223 1418 1290 1211 922 658 1200 314 357 292 1079 1351 1224 1054 1104 0 1088 1528 1196 881 1059 325 1154 1016 1277 384 611 1088 476 1505 1431 1336 572 1251 563 100 1208 562 799 1358 710
713 938 1056 859 919 797 778 585 475 696 919 408 1153 613 510 160 592 609 158 767 715 1078 523 1027 232 84 1047 295 365 287 842 420 1008 1113 637 1129 160 615 811 683 604 175 548 155 901 816 834 163 744 616 447 497 1088 0 920 589 359 305 911 108 119 669 843 578 481 752 897 824 729 725 643 839 1005 600 557 766 312 427
760 1378 1495 1299 1358 151 1218 1024 612 262 1358 759 1593 542 931 1038 1032 439 1036 180 1155 1518 517 1466 718 934 1487 759 837 920 1282 527 1448 1553 1076 1568 984 515 199 785 444 999 969 1033 1340 1255 1273 789 211 406 584 446 1528 920 0 726 676 769 1351 986 897 367 1283 1017 618 1192 73 119 221 1164 396 1279 1445 737 996 1206 1190 848
170 1046 1164 967 1027 637 887 693 150 501 1027 427 1261 418 600 707 700 414 704 632 823 1186 328 1135 386 602 1155 427 506 589 950 225 1116 1221 745 1237 652 276 617 195 409 667 638 701 1009 924 942 458 560 378 252 302 1196 589 726 0 345 438 1020 654 566 475 951 686 132 860 703 689 570 833 449 947 1113 55 665 874 858 517
469 730 848 651 711 553 571 377 231 451 711 111 946 368 284 476 385 365 474 523 507 870 279 819 156 372 840 197 190 273 634 176 801 905 429 921 394 371 567 439 359 369 322 471 693 608 626 228 500 372 203 252 881 359 676 345 0 207 704 424 336 425 636 370 237 544 653 580 485 517 399 631 797 356 349 558 628 201
562 909 1026 830 889 646 749 555 323 544 889 290 1124 461 462 422 563 457 420 616 686 1049 371 997 102 318 1018 37 368 451 813 268 979 1084 607 1099 368 464 660 531 452 383 500 417 871 786 804 174 592 465 295 345 1059 305 769 438 207 0 882 370 282 518 814 548 329 723 746 672 577 695 492 810 976 449 527 737 574 379
1144 175 530 96 393 1228 449 441 905 1126 101 626 628 1043 475 1029 448 1039 1026 1198 386 552 953 501 831 925 522 872 567 650 316 850 245 350 493 365 771 1046 1241 1113 1034 745 481 1024 83 180 115 902 1174 1047 877 927 325 911 1351 1020 704 882 0 977 839 1100 207 434 911 299 1328 1254 1159 395 1074 386 405 1031 385 622 1181 533
779 1003 1121 924 984 862 844 650 540 761 984 473 1219 678 575 140 657 674 137 832 780 1143 588 1092 297 86 1113 360 430 353 907 485 1074 1178 702 1194 225 680 876 748 669 240 613 134 966 881 899 228 809 682 512 562 1154 108 986 654 424 370 977 0 184 735 908 643 546 817 963 889 794 790 708 904 1070 666 622 831 292 492
690 866 983 787 846 774 706 512 452 673 846 317 1081 590 419 236 520 586 234 744 643 1006 500 954 209 132 975 272 325 309 770 397 936 1041 564 1056 182 592 788 660 581 197 457 231 828 743 761 140 721 593 424 474 1016 119 897 566 336 282 839 184 0 646 771 505 458 680 874 801 706 652 620 767 933 577 484 694 388 336
504 1126 1244 1047 1107 335 967 773 361 325 1107 507 1342 286 680 787 781 183 784 364 903 1267 265 1215 467 683 1236 508 586 669 1030 276 1197 1301 825 1317 732 259 251 529 189 747 718 781 1089 1004 1022 538 307 150 333 195 1277 669 367 475 425 518 1100 735 646 0 1032 766 367 940 310 436 317 913 73 1027 1193 486 745 954 939 597
1076 234 462 155 325 1159 381 372 837 1058 215 558 559 975 407 961 380 971 958 1129 317 484 885 433 762 857 453 804 499 582 248 782 304 409 424 424 702 977 1173 1045 966 677 413 955 196 52 129 834 1106 979 809 859 384 843 1283 951 636 814 207 908 771 1032 0 366 843 231 1260 1186 1091 327 1005 318 411 963 317 554 1112 465
810 460 578 381 441 894 301 95 572 793 441 292 676 710 142 695 93 706 693 864 237 601 620 549 497 591 570 538 233 317 364 517 531 635 83 651 437 712 908 780 701 412 147 690 423 338 356 569 841 713 544 594 611 578 1017 686 370 548 434 643 505 766 366 0 578 274 994 921 826 247 740 362 527 697 79 213 847 199
276 938 1056 859 918 529 778 585 42 393 919 319 1153 310 491 598 592 306 596 524 715 1078 220 1027 278 494 1047 319 398 481 842 117 1008 1113 637 1128 544 205 508 245 301 559 529 593 901 816 834 350 452 307 144 194 1088 481 618 132 237 329 911 546 458 367 843 578 0 752 595 580 462 725 341 839 1005 144 556 766 750 408
984 326 444 247 307 1068 290 281 746 967 307 466 541 884 316 870 289 880 867 1038 226 466 794 415 671 765 435 712 408 491 230 691 396 501 333 516 611 886 1082 954 875 586 322 864 289 204 222 743 1015 887 718 768 476 752 1192 860 544 723 299 817 680 940 231 274 752 0 1169 1095 1000 236 914 227 393 871 226 463 1021 373
702 1355 1472 1275 1335 128 1195 1001 589 239 1335 735 1570 485 908 1015 1009 382 1012 157 1132 1495 464 1443 695 911 1464 736 814 897 1258 504 1425 1529 1053 1545 960 457 141 727 387 976 946 1009 1317 1232 1250 766 188 349 533 423 1505 897 73 703 653 746 1328 963 874 310 1260 994 595 1169 0 158 198 1141 339 1256 1421 701 973 1182 1167 825
828 1281 1399 1202 1261 112 1121 927 574 225 1261 662 1496 569 834 941 935 507 939 82 1058 1421 479 1370 621 837 1390 662 740 824 1185 489 1351 1456 979 1471 887 583 230 802 513 902 872 936 1243 1159 1176 692 151 474 546 408 1431 824 119 689 580 672 1254 889 801 436 1186 921 580 1095 158 0 137 1068 464 1182 1348 700 899 1109 1093 751
709 1186 1304 1107 1166 110 1026 833 456 106 1167 567 1401 450 739 846 840 389 844 80 963 1326 361 1275 526 742 1295 567 646 729 1090 371 1256 1361 885 1376 792 464 112 683 394 807 777 841 1149 1064 1082 598 55 356 428 290 1336 729 221 570 485 577 1159 794 706 317 1091 826 462 1000 198 137 0 973 346 1087 1253 581 804 1014 998 656
957 422 540 343 403 1041 73 254 719 940 403 439 637 856 288 842 262 853 840 1011 98 562 767 511 644 738 531 685 380 464 326 664 492 597 306 613 584 859 1055 927 847 559 294 837 385 300 318 716 988 860 691 741 572 725 1164 833 517 695 395 790 652 913 327 247 725 236 1141 1068 973 0 887 154 489 844 199 435 994 346
533 1100 1218 1021 1081 364 941 747 335 298 1081 481 1316 315 654 761 754 212 758 393 877 1240 239 1189 440 656 1209 481 560 643 1004 250 1171 1275 799 1291 706 288 280 558 218 721 692 755 1063 978 996 512 336 179 306 169 1251 643 396 449 399 492 1074 708 620 73 1005 740 341 914 339 464 346 887 0 1001 1167 460 719 928 912 571
1072 413 531 334 394 1155 131 368 833 1054 394 554 628 971 403 957 376 967 954 1125 157 553 881 502 758 852 522 799 495 578 317 778 483 588 420 603 698 973 1169 1041 962 673 409 951 376 291 309 830 1102 974 805 855 563 839 1279 947 631 810 386 904 767 1027 318 362 839 227 1256 1182 1087 154 1001 0 480 959 313 550 1108 460
1237 250 344 329 113 1321 543 534 999 1220 413 719 441 1137 569 1122 542 1133 1120 1291 479 366 1047 187 924 1018 335 965 661 744 198 944 336 404 586 170 864 1139 1335 1207 1128 839 575 1117 394 384 372 996 1268 1140 971 1021 100 1005 1445 1113 797 976 405 1070 933 1193 411 527 1005 393 1421 1348 1253 489 1167 480 0 1124 479 716 1274 626
159 1057 1175 978 1038 648 898 704 162 512 1038 438 1273 429 611 718 712 421 715 643 834 1198 340 1146 398 614 1167 439 517 600 961 236 1128 1232 756 1248 663 265 628 184 420 678 649 712 1020 935 953 469 571 367 263 313 1208 600 737 55 356 449 1031 666 577 486 963 697 144 871 701 700 581 844 460 959 1124 0 676 885 870 528
789 412 530 333 392 873 252 86 550 771 393 271 627 688 120 674 93 684 672 843 189 552 599 501 476 570 521 517 212 295 316 495 482 587 138 602 416 691 887 758 679 391 126 669 374 290 307 547 819 692 522 572 562 557 996 665 349 527 385 622 484 745 317 79 556 226 973 899 804 199 719 313 479 676 0 267 826 178
998 649 766 570 629 1082 489 221 760 981 629 480 864 898 330 883 206 894 881 1052 426 789 808 737 685 779 758 726 422 505 553 705 719 824 192 839 625 900 1096 968 889 600 336 878 611 526 544 757 1029 901 732 782 799 766 1206 874 558 737 622 831 694 954 554 213 766 463 1182 1109 1014 435 928 550 716 885 267 0 1035 387
983 1207 1325 1128 1188 1066 1048 854 744 965 1188 677 1423 882 779 192 862 878 191 1036 984 1347 792 1296 502 290 1317 564 634 557 1111 689 1278 1382 906 1398 429 885 1080 952 873 444 817 185 1170 1085 1103 433 1013 886 716 766 1358 312 1190 858 628 574 1181 292 388 939 1112 847 750 1021 1167 1093 998 994 912 1108 1274 870 826 1035 0 696
641 559 677 480 540 725 400 206 402 623 540 123 775 540 98 544 214 536 542 695 336 700 450 648 328 440 669 369 131 214 463 347 630 734 258 750 335 543 738 610 531 310 136 539 522 437 455 399 671 544 374 424 710 427 848 517 201 379 533 492 336 597 465 199 408 373 825 751 656 346 571 460 626 528 178 387 696 0
EOF