NAME : tsp_problem
TYPE : TSP
DIMENSION : 72
EDGE_WEIGHT_TYPE : EXPLICIT
EDGE_WEIGHT_FORMAT : FULL_MATRIX
EDGE_WEIGHT_SECTION
0 450 789 638 920 584 318 426 1018 470 1122 527 410 593 397 360 387 513 1134 382 200 746 194 1046 921 1209 450 1073 505 1067 627 515 629 290 1049 1034 527 410 695 315 1037 614 391 538 312 580 206 897 1111 519 468 472 459 319 453 737 1147 1070 455 442 819 1110 416 926 743 511 601 197 721 396 482 446
450 0 1129 977 1260 923 257 765 1357 102 1461 866 215 933 736 172 726 852 1473 138 396 1085 533 1385 1261 1548 789 1412 164 1406 286 147 968 234 1389 1373 867 749 1035 655 1376 245 127 877 651 919 545 1236 1450 858 807 812 91 204 792 1077 1486 1409 87 781 1158 1449 755 1265 1082 143 941 393 1060 121 821 786
789 1129 0 964 451 911 982 559 548 1186 652 671 942 920 973 990 452 318 664 1011 830 498 698 576 452 740 408 603 1075 597 1197 1219 381 920 580 564 336 859 448 601 567 1269 1020 657 760 240 655 427 641 584 533 538 1175 948 411 268 678 601 1171 731 81 640 482 456 495 1223 353 827 87 1025 362 396
638 977 964 0 1095 81 830 439 1193 1034 1297 318 790 87 821 838 528 688 1309 859 678 921 546 1221 1096 1384 644 1248 923 1241 1045 1067 804 768 1224 1209 702 431 870 612 1212 1117 869 329 462 755 503 1072 1285 389 446 459 1023 797 646 912 1322 1245 1019 277 994 1285 503 1101 918 1072 776 675 896 873 676 640
920 1260 451 1095 0 1042 1113 689 519 1317 386 802 1073 1051 1104 1121 583 449 635 1142 961 629 829 375 185 711 539 574 1206 464 1328 1350 512 1051 551 500 467 990 579 732 393 1400 1151 788 891 371 786 106 612 715 664 669 1306 1079 542 312 649 427 1302 862 393 374 613 118 626 1354 484 958 419 1156 493 527
584 923 911 81 1042 0 776 386 1139 980 1243 264 736 41 768 784 475 634 1255 806 624 867 493 1167 1043 1330 590 1194 869 1188 992 1014 750 714 1171 1155 649 378 817 559 1158 1063 815 275 408 701 449 1018 1232 335 392 405 969 743 593 859 1269 1191 965 224 940 1231 450 1047 864 1018 723 621 843 820 622 586
318 257 982 830 1113 776 0 618 1211 277 1314 720 346 786 589 296 579 706 1326 318 250 938 386 1239 1114 1402 643 1266 376 1259 489 322 821 226 1242 1226 720 602 888 508 1229 420 327 731 504 772 398 1089 1303 711 660 665 266 255 645 930 1340 1263 262 634 1011 1302 609 1118 935 318 794 246 914 332 675 639
426 765 559 439 689 386 618 0 787 822 891 329 578 395 610 626 156 282 903 648 466 515 334 815 691 978 219 842 711 836 834 856 398 556 819 803 297 398 465 237 806 905 657 340 397 349 291 666 880 288 237 241 811 585 222 507 916 839 807 187 588 879 185 695 512 860 370 463 490 662 251 216
1018 1357 548 1193 519 1139 1211 787 0 1414 560 900 1170 1149 1202 1218 681 546 354 1240 1058 727 927 167 375 430 637 294 1303 75 1426 1448 610 1148 270 74 564 1087 676 829 147 1497 1249 885 989 468 883 496 331 813 762 766 1403 1177 639 410 368 116 1399 959 491 499 710 525 724 1452 582 1055 517 1254 591 625
470 102 1186 1034 1317 980 277 822 1414 0 1518 923 272 990 789 229 783 910 1530 195 436 1142 590 1442 1318 1605 847 1469 221 1463 334 167 1025 292 1446 1430 924 806 1092 712 1433 266 184 934 708 976 602 1293 1507 915 864 869 112 261 849 1134 1544 1466 108 838 1215 1506 813 1322 1139 163 998 444 1118 178 879 843
1122 1461 652 1297 386 1243 1314 891 560 1518 0 1004 1274 1253 1306 1322 785 650 837 1344 1162 831 1030 410 236 912 741 776 1407 500 1530 1552 713 1252 752 536 668 1191 780 933 429 1601 1353 989 1093 572 987 362 813 917 866 870 1507 1281 743 513 850 462 1503 1063 595 103 814 391 827 1556 686 1159 621 1358 695 728
527 866 671 318 802 264 720 329 900 923 1004 0 680 274 711 727 235 395 1015 749 567 628 436 928 803 1091 399 955 813 948 935 957 511 657 931 915 409 321 577 417 918 1006 758 67 351 462 392 779 992 95 152 166 912 686 402 619 1029 952 908 167 701 992 210 807 625 961 483 564 603 763 431 395
410 215 942 790 1073 736 346 578 1170 272 1274 680 0 746 621 228 539 666 1286 195 307 898 346 1198 1074 1362 603 1225 149 1219 272 305 781 235 1202 1186 680 562 848 468 1189 343 183 691 464 732 358 1049 1263 671 620 625 261 260 605 890 1300 1222 257 594 971 1262 569 1078 895 310 754 304 874 177 635 599
593 933 920 87 1051 41 786 395 1149 990 1253 274 746 0 777 794 484 644 1264 815 634 877 502 1177 1052 1340 600 1204 879 1197 1001 1023 760 724 1180 1165 658 387 826 568 1168 1073 825 285 418 711 459 1028 1241 344 402 415 979 752 602 868 1278 1201 975 233 950 1241 459 1057 874 1027 732 631 852 829 632 596
397 736 973 821 1104 768 589 610 1202 789 1306 711 621 777 0 597 571 697 1318 619 437 930 302 1230 1105 1393 634 1257 741 1251 864 827 813 527 1233 1218 711 594 879 499 1221 892 628 722 496 764 390 1081 1294 703 652 656 778 556 637 921 1331 1254 774 626 1003 1294 600 1110 927 829 785 434 905 633 666 630
360 172 990 838 1121 784 296 626 1218 229 1322 727 228 794 597 0 587 714 1334 87 257 946 394 1246 1122 1410 651 1273 177 1267 300 263 829 96 1250 1234 728 610 896 516 1237 328 76 739 512 780 406 1097 1311 719 668 673 218 65 653 938 1348 1270 214 642 1019 1310 617 1126 943 267 802 254 922 70 683 647
387 726 452 528 583 475 579 156 681 783 785 235 539 484 571 587 0 176 797 609 427 409 295 709 584 872 180 736 672 729 795 817 292 517 712 697 190 456 358 198 700 866 618 221 358 243 252 560 773 148 97 102 772 546 183 400 810 733 768 328 482 773 66 589 406 821 264 424 384 623 212 176
513 852 318 688 449 634 706 282 546 910 650 395 666 644 697 714 176 0 662 735 553 274 422 574 450 737 168 601 799 595 921 943 157 643 578 562 75 582 224 324 565 993 744 381 484 108 378 425 639 308 257 262 899 672 170 266 676 598 894 455 347 638 206 454 271 947 130 550 250 749 122 156
1134 1473 664 1309 635 1255 1326 903 354 1530 837 1015 1286 1264 1318 1334 797 662 0 1355 1174 842 1042 481 636 129 752 107 1419 403 1542 1564 725 1264 111 370 680 1203 792 945 472 1613 1365 1001 1105 584 999 612 57 929 878 882 1519 1293 755 525 253 444 1515 1075 607 813 826 641 839 1568 698 1171 632 1369 706 740
382 138 1011 859 1142 806 318 648 1240 195 1344 749 195 815 619 87 609 735 1355 0 279 968 415 1268 1143 1431 672 1295 144 1288 266 229 851 117 1271 1255 749 632 917 537 1258 294 42 760 533 802 428 1119 1332 741 690 694 185 86 675 959 1369 1292 180 664 1041 1332 638 1147 965 233 823 276 943 36 704 668
200 396 830 678 961 624 250 466 1058 436 1162 567 307 634 437 257 427 553 1174 279 0 786 234 1086 962 1249 490 1113 402 1107 524 480 669 187 1090 1074 568 450 736 356 1077 552 288 578 352 620 246 937 1151 559 508 513 425 216 493 778 1188 1110 421 482 859 1150 456 966 783 476 642 32 762 293 523 487
746 1085 498 921 629 867 938 515 727 1142 831 628 898 877 930 946 409 274 842 968 786 0 655 755 630 918 365 782 1031 775 1154 1176 189 876 758 742 292 815 155 557 745 1225 977 613 717 289 611 606 819 541 490 494 1131 905 367 446 856 779 1127 687 528 819 438 634 100 1180 169 783 430 982 319 352
194 533 698 546 829 493 386 334 927 590 1030 436 346 502 302 394 295 422 1042 415 234 655 0 955 830 1118 359 982 479 975 601 624 537 324 958 942 436 318 604 224 945 673 425 447 220 488 114 805 1019 427 376 381 579 353 362 646 1056 979 575 350 727 1019 325 834 651 628 510 231 630 429 391 355
1046 1385 576 1221 375 1167 1239 815 167 1442 410 928 1198 1177 1230 1246 709 574 481 1268 1086 755 955 0 225 556 665 420 1331 106 1454 1476 638 1176 397 142 592 1115 704 857 35 1525 1277 913 1017 496 911 351 458 841 790 794 1431 1205 667 438 495 69 1427 987 519 349 738 380 752 1480 610 1083 545 1282 619 653
921 1261 452 1096 185 1043 1114 691 375 1318 236 803 1074 1052 1105 1122 584 450 636 1143 962 630 830 225 0 712 540 576 1207 314 1329 1351 513 1052 552 350 468 991 580 733 244 1401 1153 789 892 372 787 162 613 716 665 670 1307 1080 543 313 650 277 1303 863 394 224 614 191 627 1355 486 959 420 1157 494 528
1209 1548 740 1384 711 1330 1402 978 430 1605 912 1091 1362 1340 1393 1410 872 737 129 1431 1249 918 1118 556 712 0 828 153 1495 478 1617 1639 801 1339 186 445 756 1278 867 1020 547 1688 1440 1077 1180 659 1074 687 168 1004 953 958 1595 1368 831 601 142 520 1590 1151 682 888 902 716 915 1643 773 1246 708 1445 782 816
450 789 408 644 539 590 643 219 637 847 741 399 603 600 634 651 180 168 752 672 490 365 359 665 540 828 0 692 736 685 858 880 248 580 668 652 186 519 314 261 655 929 681 385 421 199 315 516 729 312 261 266 836 609 57 356 766 689 831 392 438 729 210 544 362 884 220 487 340 686 86 51
1073 1412 603 1248 574 1194 1266 842 294 1469 776 955 1225 1204 1257 1273 736 601 107 1295 1113 782 982 420 576 153 692 0 1358 342 1481 1503 665 1203 50 309 619 1142 731 884 411 1552 1304 940 1044 523 938 551 84 868 817 821 1458 1232 694 465 277 384 1454 1014 546 752 765 580 779 1507 637 1110 572 1309 646 680
505 164 1075 923 1206 869 376 711 1303 221 1407 813 149 879 741 177 672 799 1419 144 402 1031 479 1331 1207 1495 736 1358 0 1352 144 182 914 240 1335 1319 813 695 981 601 1322 216 132 824 597 865 491 1182 1396 804 753 758 210 209 738 1023 1433 1355 206 727 1104 1395 702 1211 1028 186 887 399 1007 126 768 732
1067 1406 597 1241 464 1188 1259 836 75 1463 500 948 1219 1197 1251 1267 729 595 403 1288 1107 775 975 106 314 478 685 342 1352 0 1475 1497 658 1197 319 50 613 1136 725 878 87 1546 1298 934 1038 517 932 440 380 862 811 815 1452 1226 688 458 416 56 1448 1008 540 438 759 469 772 1501 631 1104 565 1302 639 673
627 286 1197 1045 1328 992 489 834 1426 334 1530 935 272 1001 864 300 795 921 1542 266 524 1154 601 1454 1329 1617 858 1481 144 1475 0 192 1037 362 1457 1442 935 818 1103 723 1445 91 255 946 719 988 614 1305 1518 927 876 880 251 332 861 1145 1555 1478 319 850 1227 1518 824 1334 1151 196 1009 521 1129 249 890 854
515 147 1219 1067 1350 1014 322 856 1448 167 1552 957 305 1023 827 263 817 943 1564 229 480 1176 624 1476 1351 1639 880 1503 182 1497 192 0 1059 325 1479 1464 957 840 1125 745 1467 124 217 968 742 1010 636 1327 1540 949 898 902 84 294 883 1167 1577 1500 152 872 1249 1540 846 1356 1173 41 1031 484 1151 212 912 876
629 968 381 804 512 750 821 398 610 1025 713 511 781 760 813 829 292 157 725 851 669 189 537 638 513 801 248 665 914 658 1037 1059 0 759 641 625 175 698 139 440 628 1108 860 496 600 171 494 488 702 424 373 377 1014 788 250 329 739 662 1010 570 410 702 321 517 186 1063 53 666 313 865 202 235
290 234 920 768 1051 714 226 556 1148 292 1252 657 235 724 527 96 517 643 1264 117 187 876 324 1176 1052 1339 580 1203 240 1197 362 325 759 0 1180 1164 658 540 826 446 1167 391 126 668 442 710 336 1027 1241 649 598 603 281 91 583 868 1277 1200 276 572 949 1240 546 1056 873 329 732 184 852 131 612 577
1049 1389 580 1224 551 1171 1242 819 270 1446 752 931 1202 1180 1233 1250 712 578 111 1271 1090 758 958 397 552 186 668 50 1335 319 1457 1479 641 1180 0 286 596 1119 708 861 387 1529 1281 917 1020 500 915 527 87 844 793 798 1435 1208 671 441 269 360 1431 991 522 729 742 556 755 1483 614 1087 548 1285 622 656
1034 1373 564 1209 500 1155 1226 803 74 1430 536 915 1186 1165 1218 1234 697 562 370 1255 1074 742 942 142 350 445 652 309 1319 50 1442 1464 625 1164 286 0 580 1103 692 845 123 1513 1265 901 1005 484 899 477 347 829 778 782 1419 1193 655 425 384 92 1415 975 507 474 726 506 739 1468 598 1071 532 1270 606 640
527 867 336 702 467 649 720 297 564 924 668 409 680 658 711 728 190 75 680 749 568 292 436 592 468 756 186 619 813 613 935 957 175 658 596 580 0 597 242 339 583 1007 759 395 498 126 393 443 657 322 271 276 913 686 189 284 694 616 909 469 365 656 220 472 289 962 148 565 268 763 140 174
410 749 859 431 990 378 602 398 1087 806 1191 321 562 387 594 610 456 582 1203 632 450 815 318 1115 991 1278 519 1142 695 1136 818 840 698 540 1119 1103 597 0 765 385 1106 889 641 332 234 649 275 966 1180 392 449 462 795 569 522 807 1216 1139 791 235 888 1179 485 995 812 844 671 447 791 646 552 516
695 1035 448 870 579 817 888 465 676 1092 780 577 848 826 879 896 358 224 792 917 736 155 604 704 580 867 314 731 981 725 1103 1125 139 826 708 692 242 765 0 507 695 1175 927 563 666 238 561 555 769 490 439 444 1081 854 317 396 805 728 1077 637 477 768 388 584 166 1129 118 733 380 931 268 302
315 655 601 612 732 559 508 237 829 712 933 417 468 568 499 516 198 324 945 537 356 557 224 857 733 1020 261 884 601 878 723 745 440 446 861 845 339 385 507 0 848 795 547 403 286 391 181 708 922 330 279 284 701 474 264 549 959 881 697 409 630 921 227 737 554 749 413 353 533 551 294 258
1037 1376 567 1212 393 1158 1229 806 147 1433 429 918 1189 1168 1221 1237 700 565 472 1258 1077 745 945 35 244 547 655 411 1322 87 1445 1467 628 1167 387 123 583 1106 695 848 0 1516 1268 904 1008 487 902 370 449 832 781 785 1422 1196 658 428 485 59 1418 978 510 367 729 399 742 1471 601 1074 535 1273 609 643
614 245 1269 1117 1400 1063 420 905 1497 266 1601 1006 343 1073 892 328 866 993 1613 294 552 1225 673 1525 1401 1688 929 1552 216 1546 91 124 1108 391 1529 1513 1007 889 1175 795 1516 0 283 1017 791 1059 685 1376 1590 998 947 952 183 360 932 1217 1627 1549 251 921 1298 1589 896 1405 1222 128 1081 549 1201 277 962 926
391 127 1020 869 1151 815 327 657 1249 184 1353 758 183 825 628 76 618 744 1365 42 288 977 425 1277 1153 1440 681 1304 132 1298 255 217 860 126 1281 1265 759 641 927 547 1268 283 0 769 543 811 437 1128 1342 750 699 703 173 96 684 969 1378 1301 169 673 1050 1341 647 1157 974 222 832 285 952 25 713 678
538 877 657 329 788 275 731 340 885 934 989 67 691 285 722 739 221 381 1001 760 578 613 447 913 789 1077 385 940 824 934 946 968 496 668 917 901 395 332 563 403 904 1017 769 0 362 447 403 764 978 81 138 151 924 697 387 605 1015 937 919 178 686 977 196 793 610 972 469 575 589 774 417 381
312 651 760 462 891 408 504 397 989 708 1093 351 464 418 496 512 358 484 1105 533 352 717 220 1017 892 1180 421 1044 597 1038 719 742 600 442 1020 1005 498 234 666 286 1008 791 543 362 0 551 177 868 1081 422 439 443 697 471 424 708 1118 1041 693 266 790 1081 387 897 714 746 572 349 692 547 453 417
580 919 240 755 371 701 772 349 468 976 572 462 732 711 764 780 243 108 584 802 620 289 488 496 372 659 199 523 865 517 988 1010 171 710 500 484 126 649 238 391 487 1059 811 447 551 0 445 347 561 375 324 328 965 739 201 188 598 520 961 521 269 560 272 376 285 1014 144 617 172 816 153 186
206 545 655 503 786 449 398 291 883 602 987 392 358 459 390 406 252 378 999 428 246 611 114 911 787 1074 315 938 491 932 614 636 494 336 915 899 393 275 561 181 902 685 437 403 177 445 0 762 976 384 333 338 591 365 318 603 1012 935 587 307 684 975 281 791 608 640 467 243 586 442 347 312
897 1236 427 1072 106 1018 1089 666 496 1293 362 779 1049 1028 1081 1097 560 425 612 1119 937 606 805 351 162 687 516 551 1182 440 1305 1327 488 1027 527 477 443 966 555 708 370 1376 1128 764 868 347 762 0 589 692 641 645 1282 1056 518 288 625 403 1278 838 370 350 589 112 603 1331 461 934 396 1133 470 503
1111 1450 641 1285 612 1232 1303 880 331 1507 813 992 1263 1241 1294 1311 773 639 57 1332 1151 819 1019 458 613 168 729 84 1396 380 1518 1540 702 1241 87 347 657 1180 769 922 449 1590 1342 978 1081 561 976 589 0 905 854 859 1496 1269 732 502 292 421 1492 1052 584 790 803 617 816 1545 675 1148 609 1346 683 717
519 858 584 389 715 335 711 288 813 915 917 95 671 344 703 719 148 308 929 741 559 541 427 841 716 1004 312 868 804 862 927 949 424 649 844 829 322 392 490 330 832 998 750 81 422 375 384 692 905 0 112 116 904 678 315 532 942 865 900 238 614 905 123 721 538 953 396 556 516 755 344 308
468 807 533 446 664 392 660 237 762 864 866 152 620 402 652 668 97 257 878 690 508 490 376 790 665 953 261 817 753 811 876 898 373 598 793 778 271 449 439 279 781 947 699 138 439 324 333 641 854 112 0 65 853 627 264 481 891 814 849 295 563 854 72 670 487 902 345 505 465 704 293 258
472 812 538 459 669 405 665 241 766 869 870 166 625 415 656 673 102 262 882 694 513 494 381 794 670 958 266 821 758 815 880 902 377 603 798 782 276 462 444 284 785 952 703 151 443 328 338 645 859 116 65 0 858 631 269 486 896 819 854 308 567 858 77 674 491 906 350 510 470 708 298 262
459 91 1175 1023 1306 969 266 811 1403 112 1507 912 261 979 778 218 772 899 1519 185 425 1131 579 1431 1307 1595 836 1458 210 1452 251 84 1014 281 1435 1419 913 795 1081 701 1422 183 173 924 697 965 591 1282 1496 904 853 858 0 250 838 1123 1533 1455 97 827 1204 1495 802 1311 1128 80 987 433 1107 167 868 832
319 204 948 797 1079 743 255 585 1177 261 1281 686 260 752 556 65 546 672 1293 86 216 905 353 1205 1080 1368 609 1232 209 1226 332 294 788 91 1208 1193 686 569 854 474 1196 360 96 697 471 739 365 1056 1269 678 627 631 250 0 612 896 1306 1229 246 601 978 1269 575 1085 902 298 760 213 880 100 641 605
453 792 411 646 542 593 645 222 639 849 743 402 605 602 637 653 183 170 755 675 493 367 362 667 543 831 57 694 738 688 861 883 250 583 671 655 189 522 317 264 658 932 684 387 424 201 318 518 732 315 264 269 838 612 0 359 769 692 834 394 440 731 212 547 364 887 223 490 343 689 89 53
737 1077 268 912 312 859 930 507 410 1134 513 619 890 868 921 938 400 266 525 959 778 446 646 438 313 601 356 465 1023 458 1145 1167 329 868 441 425 284 807 396 549 428 1217 969 605 708 188 603 288 502 532 481 486 1123 896 359 0 539 462 1119 679 210 502 430 317 443 1171 302 775 236 973 310 344
1147 1486 678 1322 649 1269 1340 916 368 1544 850 1029 1300 1278 1331 1348 810 676 253 1369 1188 856 1056 495 650 142 766 277 1433 416 1555 1577 739 1277 269 384 694 1216 805 959 485 1627 1378 1015 1118 598 1012 625 292 942 891 896 1533 1306 769 539 0 458 1529 1089 620 827 840 654 853 1581 711 1184 646 1383 720 754
1070 1409 601 1245 427 1191 1263 839 116 1466 462 952 1222 1201 1254 1270 733 598 444 1292 1110 779 979 69 277 520 689 384 1355 56 1478 1500 662 1200 360 92 616 1139 728 881 59 1549 1301 937 1041 520 935 403 421 865 814 819 1455 1229 692 462 458 0 1451 1011 543 401 762 432 776 1504 634 1107 569 1306 643 677
455 87 1171 1019 1302 965 262 807 1399 108 1503 908 257 975 774 214 768 894 1515 180 421 1127 575 1427 1303 1590 831 1454 206 1448 319 152 1010 276 1431 1415 909 791 1077 697 1418 251 169 919 693 961 587 1278 1492 900 849 854 97 246 834 1119 1529 1451 0 823 1200 1491 797 1307 1124 148 983 429 1103 163 864 828
442 781 731 277 862 224 634 187 959 838 1063 167 594 233 626 642 328 455 1075 664 482 687 350 987 863 1151 392 1014 727 1008 850 872 570 572 991 975 469 235 637 409 978 921 673 178 266 521 307 838 1052 238 295 308 827 601 394 679 1089 1011 823 0 760 1051 352 867 684 876 543 479 663 678 424 388
819 1158 81 994 393 940 1011 588 491 1215 595 701 971 950 1003 1019 482 347 607 1041 859 528 727 519 394 682 438 546 1104 540 1227 1249 410 949 522 507 365 888 477 630 510 1298 1050 686 790 269 684 370 584 614 563 567 1204 978 440 210 620 543 1200 760 0 583 511 399 525 1253 383 856 159 1055 392 425
1110 1449 640 1285 374 1231 1302 879 499 1506 103 992 1262 1241 1294 1310 773 638 813 1332 1150 819 1019 349 224 888 729 752 1395 438 1518 1540 702 1240 729 474 656 1179 768 921 367 1589 1341 977 1081 560 975 350 790 905 854 858 1495 1269 731 502 827 401 1491 1051 583 0 802 379 816 1544 674 1147 609 1346 683 717
416 755 482 503 613 450 609 185 710 813 814 210 569 459 600 617 66 206 826 638 456 438 325 738 614 902 210 765 702 759 824 846 321 546 742 726 220 485 388 227 729 896 647 196 387 272 281 589 803 123 72 77 802 575 212 430 840 762 797 352 511 802 0 618 435 850 294 453 414 652 242 206
926 1265 456 1101 118 1047 1118 695 525 1322 391 807 1078 1057 1110 1126 589 454 641 1147 966 634 834 380 191 716 544 580 1211 469 1334 1356 517 1056 556 506 472 995 584 737 399 1405 1157 793 897 376 791 112 617 721 670 674 1311 1085 547 317 654 432 1307 867 399 379 618 0 631 1360 490 963 424 1162 498 532
743 1082 495 918 626 864 935 512 724 1139 827 625 895 874 927 943 406 271 839 965 783 100 651 752 627 915 362 779 1028 772 1151 1173 186 873 755 739 289 812 166 554 742 1222 974 610 714 285 608 603 816 538 487 491 1128 902 364 443 853 776 1124 684 525 816 435 631 0 1177 166 780 427 979 316 349
511 143 1223 1072 1354 1018 318 860 1452 163 1556 961 310 1027 829 267 821 947 1568 233 476 1180 628 1480 1355 1643 884 1507 186 1501 196 41 1063 329 1483 1468 962 844 1129 749 1471 128 222 972 746 1014 640 1331 1545 953 902 906 80 298 887 1171 1581 1504 148 876 1253 1544 850 1360 1177 0 1035 485 1155 216 916 880
601 941 353 776 484 723 794 370 582 998 686 483 754 732 785 802 264 130 698 823 642 169 510 610 486 773 220 637 887 631 1009 1031 53 732 614 598 148 671 118 413 601 1081 832 469 572 144 467 461 675 396 345 350 987 760 223 302 711 634 983 543 383 674 294 490 166 1035 0 639 285 837 174 208
197 393 827 675 958 621 246 463 1055 444 1159 564 304 631 434 254 424 550 1171 276 32 783 231 1083 959 1246 487 1110 399 1104 521 484 666 184 1087 1071 565 447 733 353 1074 549 285 575 349 617 243 934 1148 556 505 510 433 213 490 775 1184 1107 429 479 856 1147 453 963 780 485 639 0 758 290 519 484
721 1060 87 896 419 843 914 490 517 1118 621 603 874 852 905 922 384 250 632 943 762 430 630 545 420 708 340 572 1007 565 1129 1151 313 852 548 532 268 791 380 533 535 1201 952 589 692 172 586 396 609 516 465 470 1107 880 343 236 646 569 1103 663 159 609 414 424 427 1155 285 758 0 957 294 328
396 121 1025 873 1156 820 332 662 1254 178 1358 763 177 829 633 70 623 749 1369 36 293 982 429 1282 1157 1445 686 1309 126 1302 249 212 865 131 1285 1270 763 646 931 551 1273 277 25 774 547 816 442 1133 1346 755 704 708 167 100 689 973 1383 1306 163 678 1055 1346 652 1162 979 216 837 290 957 0 718 682
482 821 362 676 493 622 675 251 591 879 695 431 635 632 666 683 212 122 706 704 523 319 391 619 494 782 86 646 768 639 890 912 202 612 622 606 140 552 268 294 609 962 713 417 453 153 347 470 683 344 293 298 868 641 89 310 720 643 864 424 392 683 242 498 316 916 174 519 294 718 0 74
446 786 396 640 527 586 639 216 625 843 728 395 599 596 630 647 176 156 740 668 487 352 355 653 528 816 51 680 732 673 854 876 235 577 656 640 174 516 302 258 643 926 678 381 417 186 312 503 717 308 258 262 832 605 53 344 754 677 828 388 425 717 206 532 349 880 208 484 328 682 74 0
EOF