NAME : tsp_problem
TYPE : TSP
DIMENSION : 28
EDGE_WEIGHT_TYPE : EXPLICIT
EDGE_WEIGHT_FORMAT : FULL_MATRIX
EDGE_WEIGHT_SECTION
0 811 625 1232 1264 706 550 728 845 645 910 664 678 594 464 1115 873 748 401 563 811 1131 1043 1247 643 1246 861 656
811 0 590 451 483 503 803 980 88 387 912 667 895 323 716 334 301 941 653 305 1063 350 262 467 895 465 104 397
625 590 0 1011 1044 101 617 795 625 233 343 97 710 429 531 895 653 756 468 310 878 911 823 1027 710 1026 641 203
1232 451 1011 0 412 924 1224 1401 509 808 1333 1088 1316 744 1137 144 722 1362 1074 726 1484 178 318 396 1316 60 525 818
1264 483 1044 412 0 956 1256 1434 541 840 1366 1120 1349 776 1170 335 755 1395 1107 758 1516 252 543 66 1349 367 557 851
706 503 101 924 956 0 698 875 537 145 423 178 790 353 612 807 565 836 548 223 958 823 735 940 790 938 553 115
550 803 617 1224 1256 698 0 201 837 637 902 656 151 586 260 1107 865 221 159 555 283 1123 1035 1239 116 1238 853 648
728 980 795 1401 1434 875 201 0 1015 815 1079 834 115 763 438 1284 1043 69 336 733 198 1301 1212 1417 97 1415 1031 826
845 88 625 509 541 537 837 1015 0 421 947 701 929 357 751 392 336 976 688 339 1097 408 320 524 930 523 105 432
645 387 233 808 840 145 637 815 421 0 554 309 730 237 551 691 449 776 488 106 898 707 619 823 730 822 437 81
910 912 343 1333 1366 423 902 1079 947 554 0 288 994 714 816 1216 975 1040 752 632 1162 1233 1144 1349 994 1348 963 525
664 667 97 1088 1120 178 656 834 701 309 288 0 749 468 570 971 729 795 507 387 917 987 899 1104 749 1102 717 279
678 895 710 1316 1349 790 151 115 929 730 994 749 0 678 388 1199 958 88 287 648 198 1215 1127 1332 47 1330 946 740
594 323 429 744 776 353 586 763 357 237 714 468 678 0 499 627 385 724 436 155 846 643 555 760 678 758 374 248
464 716 531 1137 1170 612 260 438 751 551 816 570 388 499 0 1020 779 458 110 469 427 1037 949 1153 353 1152 767 562
1115 334 895 144 335 807 1107 1284 392 691 1216 971 1199 627 1020 0 605 1245 957 609 1367 202 392 318 1199 187 408 702
873 301 653 722 755 565 865 1043 336 449 975 729 958 385 779 605 0 1004 716 367 1125 621 533 738 958 736 352 460
748 941 756 1362 1395 836 221 69 976 776 1040 795 88 724 458 1245 1004 0 356 694 240 1262 1173 1378 117 1376 992 787
401 653 468 1074 1107 548 159 336 688 488 752 507 287 436 110 957 716 356 0 406 419 974 885 1090 251 1088 704 499
563 305 310 726 758 223 555 733 339 106 632 387 648 155 469 609 367 694 406 0 816 625 537 741 648 740 355 117
811 1063 878 1484 1516 958 283 198 1097 898 1162 917 198 846 427 1367 1125 240 419 816 0 1383 1295 1500 180 1498 1114 908
1131 350 911 178 252 823 1123 1301 408 707 1233 987 1215 643 1037 202 621 1262 974 625 1383 0 409 235 1216 132 424 718
1043 262 823 318 543 735 1035 1212 320 619 1144 899 1127 555 949 392 533 1173 885 537 1295 409 0 526 1127 361 336 630
1247 467 1027 396 66 940 1239 1417 524 823 1349 1104 1332 760 1153 318 738 1378 1090 741 1500 235 526 0 1332 350 541 834
643 895 710 1316 1349 790 116 97 930 730 994 749 47 678 353 1199 958 117 251 648 180 1216 1127 1332 0 1330 946 741
1246 465 1026 60 367 938 1238 1415 523 822 1348 1102 1330 758 1152 187 736 1376 1088 740 1498 132 361 350 1330 0 539 833
861 104 641 525 557 553 853 1031 105 437 963 717 946 374 767 408 352 992 704 355 1114 424 336 541 946 539 0 448
656 397 203 818 851 115 648 826 432 81 525 279 740 248 562 702 460 787 499 117 908 718 630 834 741 833 448 0
EOF