NAME : tsp_problem
TYPE : TSP
DIMENSION : 44
EDGE_WEIGHT_TYPE : EXPLICIT
EDGE_WEIGHT_FORMAT : FULL_MATRIX
EDGE_WEIGHT_SECTION
0 479 66 1205 485 581 385 531 354 836 714 497 1036 450 653 1378 666 1300 401 1168 594 992 562 438 557 841 350 68 573 366 503 140 1251 885 668 546 442 922 241 212 1033 1046 597 487
479 0 498 1259 252 635 438 585 783 890 768 50 1089 504 706 1432 720 1353 455 1222 648 1046 615 491 611 895 404 458 180 273 55 386 1305 939 722 600 496 976 674 324 1087 1100 651 383
66 498 0 1225 512 601 404 551 324 856 733 517 1055 470 672 1398 686 1319 421 1188 614 1011 581 457 577 861 370 109 601 393 522 181 1271 905 688 566 462 941 211 232 1053 1066 617 507
1205 1259 1225 0 1382 980 884 930 1513 660 646 1277 860 796 1051 1202 593 1124 901 992 993 816 692 792 956 666 885 1249 1415 1403 1283 1320 1075 709 563 945 805 746 1400 1272 858 870 653 1268
485 252 512 1382 0 758 561 708 760 1013 890 251 1212 627 829 1555 843 1476 578 1345 771 1168 738 614 734 1018 527 434 99 249 246 362 1428 1062 845 723 619 1098 688 300 1210 1222 774 506
581 635 601 980 758 0 260 102 889 611 488 653 810 225 168 1153 441 1074 277 943 164 766 336 212 127 616 261 625 791 779 659 696 1026 660 443 117 217 696 776 648 808 821 372 644
385 438 404 884 561 260 0 211 693 515 393 457 715 129 332 1058 346 979 165 847 273 671 241 117 236 521 114 428 594 582 463 500 931 565 347 226 122 601 580 452 713 725 276 447
531 585 551 930 708 102 211 0 839 561 439 604 761 175 173 1103 391 1024 227 893 115 717 286 162 78 566 211 575 741 729 609 647 976 610 393 67 167 647 726 598 758 771 322 594
352 784 322 1511 799 887 691 837 0 1142 1020 803 1342 756 958 1684 972 1606 707 1474 900 1298 867 744 863 1147 656 396 887 680 809 468 1557 1191 974 852 748 1228 174 518 1339 1352 903 793
836 890 856 660 1013 611 515 561 1144 0 155 908 313 427 682 655 315 577 532 359 624 269 304 423 587 50 516 880 1046 1033 914 951 528 163 384 576 436 199 1031 903 311 323 265 899
714 768 733 646 890 488 393 439 1022 155 0 786 355 305 560 697 193 619 410 487 501 311 182 301 465 161 393 757 924 911 792 829 570 204 262 454 313 241 909 781 353 365 143 776
497 50 517 1277 251 653 457 604 802 908 786 0 1108 522 725 1451 739 1372 473 1240 666 1064 634 510 630 914 423 477 164 291 40 405 1324 958 740 619 515 994 692 343 1106 1118 669 402
1036 1089 1055 860 1212 810 715 761 1344 313 355 1108 0 627 882 474 515 303 732 325 823 73 504 623 786 319 715 1079 1246 1233 1114 1151 424 179 584 775 635 145 1231 1103 353 281 465 1098
450 504 470 796 627 225 129 175 758 427 305 522 627 0 296 970 258 891 146 759 238 583 189 57 201 433 130 494 660 648 528 565 843 477 259 190 69 513 645 517 625 637 208 513
653 706 672 1051 829 168 332 173 961 682 560 725 882 296 0 1224 512 1146 348 1014 167 838 408 284 199 688 332 696 862 850 730 768 1097 731 514 188 288 768 848 720 880 892 443 715
1378 1432 1398 1202 1555 1153 1058 1103 1686 655 697 1451 474 970 1224 0 858 322 1074 761 1166 509 846 965 1129 661 1058 1422 1588 1576 1456 1494 161 587 927 1118 978 581 1573 1445 735 458 807 1441
666 720 686 593 843 441 346 391 974 315 193 739 515 258 512 858 0 779 362 647 454 471 134 253 417 321 346 710 876 864 744 782 730 365 215 406 266 401 861 733 513 525 95 729
1300 1353 1319 1124 1476 1074 979 1024 1608 577 619 1372 303 891 1146 322 779 0 996 589 1087 337 768 887 1050 582 979 1343 1510 1497 1378 1415 272 443 848 1039 899 409 1495 1367 617 287 729 1362
401 455 421 901 578 277 165 227 709 532 410 473 732 146 348 1074 362 996 0 864 290 688 257 134 253 537 130 445 611 598 479 516 947 581 364 242 138 618 596 468 729 742 293 464
1168 1222 1188 992 1345 943 847 893 1476 359 487 1240 325 759 1014 761 647 589 864 0 956 334 636 755 919 354 848 1212 1378 1366 1246 1283 711 375 716 908 768 407 1363 1235 162 536 597 1231
594 648 614 993 771 164 273 115 902 624 501 666 823 238 167 1166 454 1087 290 956 0 779 349 225 140 629 274 638 804 792 672 709 1039 673 456 129 230 709 789 661 821 833 385 657
992 1046 1011 816 1168 766 671 717 1300 269 311 1064 73 583 838 509 471 337 688 334 779 0 460 579 743 275 672 1035 1202 1189 1070 1107 458 135 540 732 591 102 1187 1059 342 315 421 1054
562 615 581 692 738 336 241 286 870 304 182 634 504 189 408 846 134 768 257 636 349 460 0 176 312 309 241 605 771 759 639 677 719 353 203 301 181 390 757 629 501 514 50 624
438 491 457 792 614 212 117 162 746 423 301 510 623 57 284 965 253 887 134 755 225 579 176 0 188 428 117 481 648 635 516 553 838 472 255 177 57 509 633 505 620 633 203 500
557 611 577 956 734 127 236 78 865 587 465 630 786 201 199 1129 417 1050 253 919 140 743 312 188 0 592 237 601 767 755 635 672 1002 636 419 93 193 673 752 624 784 797 348 620
841 895 861 666 1018 616 521 566 1150 50 161 914 319 433 688 661 321 582 537 354 629 275 309 428 592 0 521 885 1051 1039 919 957 534 168 390 581 441 205 1037 909 316 329 271 904
350 404 370 885 527 261 114 211 658 516 393 423 715 130 332 1058 346 979 130 848 274 672 241 117 237 521 0 394 560 548 428 466 931 565 348 226 122 602 545 417 713 726 277 413
68 458 109 1249 434 625 428 575 398 880 757 477 1079 494 696 1422 710 1343 445 1212 638 1035 605 481 601 885 394 0 522 315 482 89 1295 929 712 590 486 965 285 242 1077 1089 641 531
573 180 601 1415 99 791 594 741 848 1046 924 164 1246 660 862 1588 876 1510 611 1378 804 1202 771 648 767 1051 560 522 0 337 159 450 1461 1095 878 756 652 1132 776 388 1243 1256 807 539
366 273 393 1403 249 779 582 729 682 1033 911 291 1233 648 850 1576 864 1497 598 1366 792 1189 759 635 755 1039 548 315 337 0 297 243 1449 1083 866 744 640 1119 569 181 1231 1243 795 527
503 55 522 1283 246 659 463 609 808 914 792 40 1114 528 730 1456 744 1378 479 1246 672 1070 639 516 635 919 428 482 159 297 0 410 1329 963 746 624 520 1000 698 348 1111 1124 675 407
140 386 181 1320 362 696 500 647 470 951 829 405 1151 565 768 1494 782 1415 516 1283 709 1107 677 553 672 957 466 89 450 243 410 0 1367 1001 783 662 558 1037 357 171 1149 1161 712 603
1251 1305 1271 1075 1428 1026 931 976 1559 528 570 1324 424 843 1097 161 730 272 947 711 1039 458 719 838 1002 534 931 1295 1461 1449 1329 1367 0 480 799 991 851 516 1446 1318 628 383 680 1314
885 939 905 709 1062 660 565 610 1193 163 204 958 179 477 731 587 365 443 581 375 673 135 353 472 636 168 565 929 1095 1083 963 1001 480 0 434 625 485 67 1080 952 235 248 314 948
668 722 688 563 845 443 347 393 976 384 262 740 584 259 514 927 215 848 364 716 456 540 203 255 419 390 348 712 878 866 746 783 799 434 0 408 268 470 863 735 582 594 164 731
546 600 566 945 723 117 226 67 854 576 454 619 775 190 188 1118 406 1039 242 908 129 732 301 177 93 581 226 590 756 744 624 662 991 625 408 0 182 662 741 613 773 786 337 609
442 496 462 805 619 217 122 167 750 436 313 515 635 69 288 978 266 899 138 768 230 591 181 57 193 441 122 486 652 640 520 558 851 485 268 182 0 521 637 509 633 645 216 505
922 976 941 746 1098 696 601 647 1230 199 241 994 145 513 768 581 401 409 618 407 709 102 390 509 673 205 602 965 1132 1119 1000 1037 516 67 470 662 521 0 1117 989 272 284 351 984
241 674 211 1400 688 776 580 726 174 1031 909 692 1231 645 848 1573 861 1495 596 1363 789 1187 757 633 752 1037 545 285 776 569 698 357 1446 1080 863 741 637 1117 0 407 1229 1241 792 683
212 324 232 1272 300 648 452 598 520 903 781 343 1103 517 720 1445 733 1367 468 1235 661 1059 629 505 624 909 417 242 388 181 348 171 1318 952 735 613 509 989 407 0 1101 1113 664 554
1033 1087 1053 858 1210 808 713 758 1342 311 353 1106 353 625 880 735 513 617 729 162 821 342 501 620 784 316 713 1077 1243 1231 1111 1149 628 235 582 773 633 272 1229 1101 0 396 463 1096
1046 1100 1066 870 1222 821 725 771 1354 323 365 1118 281 637 892 458 525 287 742 536 833 315 514 633 797 329 726 1089 1256 1243 1124 1161 383 248 594 786 645 284 1241 1113 396 0 475 1108
597 651 617 653 774 372 276 322 905 265 143 669 465 208 443 807 95 729 293 597 385 421 50 203 348 271 277 641 807 795 675 712 680 314 164 337 216 351 792 664 463 475 0 660
487 383 507 1268 506 644 447 594 796 899 776 402 1098 513 715 1441 729 1362 464 1231 657 1054 624 500 620 904 413 531 539 527 407 603 1314 948 731 609 505 984 683 554 1096 1108 660 0
EOF