NAME : tsp_problem
TYPE : TSP
DIMENSION : 22
EDGE_WEIGHT_TYPE : EXPLICIT
EDGE_WEIGHT_FORMAT : FULL_MATRIX
EDGE_WEIGHT_SECTION
0 504 545 584 673 196 604 1144 663 679 1187 696 534 626 1150 546 510 478 456 535 1104 556
504 0 643 682 771 441 702 673 761 208 716 794 632 767 679 644 608 576 554 633 633 71
545 643 0 242 469 482 526 1283 316 819 1327 348 45 912 1290 354 224 91 285 365 1243 696
584 682 242 0 691 521 622 1322 539 858 1366 572 255 951 1329 169 447 315 168 158 1282 735
673 771 469 691 0 610 88 1411 195 947 1455 161 458 1040 1418 686 347 486 543 675 1371 824
196 441 482 521 610 0 541 1081 600 616 1124 633 471 461 1087 483 447 415 393 472 1041 494
604 702 526 622 88 541 0 1342 252 878 1386 217 514 971 1349 617 385 496 474 606 1302 755
1144 673 1283 1322 1411 1081 1342 0 1401 721 599 1434 1272 1389 260 1284 1248 1216 1194 1273 214 694
663 761 316 539 195 600 252 1401 0 937 1445 74 304 1030 1408 651 194 332 526 658 1361 814
679 208 819 858 947 616 878 721 937 0 764 969 808 924 727 819 783 751 729 808 681 229
1187 716 1327 1366 1455 1124 1386 599 1445 764 0 1477 1316 1432 745 1328 1291 1259 1237 1316 698 737
696 794 348 572 161 633 217 1434 74 969 1477 0 337 1063 1440 684 226 365 559 691 1394 847
534 632 45 255 458 471 514 1272 304 808 1316 337 0 901 1279 367 212 80 274 378 1232 685
626 767 912 951 1040 461 971 1389 1030 924 1432 1063 901 0 1395 913 877 845 823 902 1349 820
1150 679 1290 1329 1418 1087 1349 260 1408 727 745 1440 1279 1395 0 1291 1255 1223 1200 1280 57 700
546 644 354 169 686 483 617 1284 651 819 1328 684 367 913 1291 0 522 361 163 31 1244 697
510 608 224 447 347 447 385 1248 194 783 1291 226 212 877 1255 522 0 241 379 511 1208 661
478 576 91 315 486 415 496 1216 332 751 1259 365 80 845 1223 361 241 0 218 349 1176 629
456 554 285 168 543 393 474 1194 526 729 1237 559 274 823 1200 163 379 218 0 152 1154 607
535 633 365 158 675 472 606 1273 658 808 1316 691 378 902 1280 31 511 349 152 0 1233 686
1104 633 1243 1282 1371 1041 1302 214 1361 681 698 1394 1232 1349 57 1244 1208 1176 1154 1233 0 654
556 71 696 735 824 494 755 694 814 229 737 847 685 820 700 697 661 629 607 686 654 0
EOF