NAME : tsp_problem
TYPE : TSP
DIMENSION : 32
EDGE_WEIGHT_TYPE : EXPLICIT
EDGE_WEIGHT_FORMAT : FULL_MATRIX
EDGE_WEIGHT_SECTION
0 609 1473 730 397 99 1370 1480 1107 841 598 622 691 1176 616 1069 634 675 986 600 530 1474 1278 1107 1383 1407 258 1532 559 170 1275 1427
609 0 996 252 396 658 892 1002 629 647 565 268 213 698 139 591 156 198 508 319 175 996 800 629 905 929 486 1054 277 569 797 949
1473 996 0 931 1260 1522 639 183 771 1512 1430 1132 1077 689 1003 518 936 877 654 1183 1040 73 212 491 111 1034 1350 343 1142 1434 902 1053
730 252 931 0 516 779 828 938 565 768 686 388 334 634 259 526 193 84 443 439 296 932 736 565 841 865 607 990 398 690 733 884
397 396 1260 516 0 446 1157 1267 894 468 226 409 477 963 403 855 421 462 772 387 316 1261 1065 894 1170 1194 274 1319 346 358 1062 1213
99 658 1522 779 446 0 1419 1529 1156 889 647 671 740 1225 665 1118 683 724 1035 649 579 1523 1327 1156 1432 1456 287 1581 608 174 1324 1476
1370 892 639 828 1157 1419 0 503 668 1408 1326 1029 974 585 900 414 833 773 550 1080 936 580 596 297 585 931 1247 446 1038 1330 798 950
1480 1002 183 938 1267 1529 503 0 778 1519 1437 1139 1084 695 1010 525 943 884 661 1190 1046 124 230 438 129 1041 1357 207 1149 1441 909 1060
1107 629 771 565 894 1156 668 778 0 1146 1064 766 711 116 637 367 570 510 447 817 673 772 576 405 681 321 984 830 776 1068 188 340
841 647 1512 768 468 889 1408 1519 1146 0 356 660 729 1214 655 1107 672 714 1024 401 568 1513 1316 1145 1421 1446 717 1571 487 801 1313 1465
598 565 1430 686 226 647 1326 1437 1064 356 0 579 647 1132 573 1025 590 632 942 319 486 1431 1235 1064 1340 1364 475 1489 405 559 1231 1383
622 268 1132 388 409 671 1029 1139 766 660 579 0 137 835 195 727 292 334 644 332 188 1133 937 766 1042 1066 499 1191 291 583 934 1085
691 213 1077 334 477 740 974 1084 711 729 647 137 0 780 87 673 238 279 590 400 257 1078 882 711 987 1011 568 1136 359 651 879 1031
1176 698 689 634 963 1225 585 695 116 1214 1132 835 780 0 705 284 639 579 364 886 742 689 493 322 598 378 1053 747 844 1136 246 398
616 139 1003 259 403 665 900 1010 637 655 573 195 87 705 0 598 163 205 515 326 183 1004 808 637 913 937 493 1062 285 577 804 956
1069 591 518 526 855 1118 414 525 367 1107 1025 727 673 284 598 0 532 472 249 778 635 519 322 151 428 629 946 577 737 1029 497 649
634 156 936 193 421 683 833 943 570 672 590 292 238 639 163 532 0 138 449 343 200 937 741 570 846 870 511 995 302 594 738 890
675 198 877 84 462 724 773 884 510 714 632 334 279 579 205 472 138 0 389 385 242 877 681 510 786 811 552 936 344 636 678 830
986 508 654 443 772 1035 550 661 447 1024 942 644 590 364 515 249 449 389 0 695 552 655 459 288 564 710 863 713 654 946 577 729
600 319 1183 439 387 649 1080 1190 817 401 319 332 400 886 326 778 343 385 695 0 239 1184 988 817 1093 1117 477 1242 158 561 985 1136
530 175 1040 296 316 579 936 1046 673 568 486 188 257 742 183 635 200 242 552 239 0 1040 844 673 949 973 407 1099 198 490 841 993
1474 996 73 932 1261 1523 580 124 772 1513 1431 1133 1078 689 1004 519 937 877 655 1184 1040 0 213 480 111 1035 1351 283 1143 1435 902 1054
1278 800 212 736 1065 1327 596 230 576 1316 1235 937 882 493 808 322 741 681 459 988 844 213 0 333 122 839 1155 389 946 1238 706 858
1107 629 491 565 894 1156 297 438 405 1145 1064 766 711 322 637 151 570 510 288 817 673 480 333 0 436 668 984 490 776 1068 535 687
1383 905 111 841 1170 1432 585 129 681 1421 1340 1042 987 598 913 428 846 786 564 1093 949 111 122 436 0 944 1260 288 1052 1344 811 963
1407 929 1034 865 1194 1456 931 1041 321 1446 1364 1066 1011 378 937 629 870 811 710 1117 973 1035 839 668 944 0 1284 1093 1076 1368 162 110
258 486 1350 607 274 289 1247 1357 984 717 475 499 568 1053 493 946 511 552 863 477 407 1351 1155 984 1260 1284 0 1409 436 219 1152 1303
1532 1054 343 990 1319 1581 446 207 830 1571 1489 1191 1136 747 1062 577 995 936 713 1242 1099 283 389 490 288 1093 1409 0 1201 1493 961 1112
559 277 1142 398 346 608 1038 1149 776 487 405 291 359 844 285 737 302 344 654 158 198 1143 946 776 1052 1076 436 1201 0 519 943 1095
170 569 1434 690 358 174 1330 1441 1068 801 559 583 651 1136 577 1029 594 636 946 561 490 1435 1238 1068 1344 1368 219 1493 519 0 1235 1387
1275 797 902 733 1062 1324 798 909 188 1313 1231 934 879 246 804 497 738 678 577 985 841 902 706 535 811 162 1152 961 943 1235 0 182
1427 949 1053 884 1213 1476 950 1060 340 1465 1383 1085 1031 398 956 649 890 830 729 1136 993 1054 858 687 963 110 1303 1112 1095 1387 182 0
EOF