NAME : tsp_problem
TYPE : TSP
DIMENSION : 74
EDGE_WEIGHT_TYPE : EXPLICIT
EDGE_WEIGHT_FORMAT : FULL_MATRIX
EDGE_WEIGHT_SECTION
0 402 678 666 1126 346 1146 388 851 760 968 1084 962 194 499 434 364 684 273 316 201 821 990 868 69 698 1237 251 472 741 291 438 587 282 503 604 1014 130 835 417 167 613 584 500 224 543 792 324 133 448 1122 549 633 65 1008 498 1032 1013 1030 1156 698 1270 554 589 804 1227 1075 499 898 700 1034 721 533 1012
402 0 754 742 1202 422 1222 280 927 836 1045 1160 1038 555 575 510 440 760 337 392 407 897 1067 944 355 774 1313 496 548 818 224 515 209 358 579 680 1090 508 911 249 545 690 232 576 431 619 868 400 293 524 1198 626 709 429 1084 255 1109 1090 1107 1232 774 1346 630 666 880 1304 1151 575 975 776 1110 797 290 1088
678 754 0 45 1175 573 1196 918 900 810 1018 1133 1012 831 567 469 344 734 804 391 683 870 1040 918 631 747 1287 772 247 791 643 610 880 509 571 654 1064 784 885 948 821 279 903 568 707 421 841 495 569 344 1172 406 298 705 1057 753 1082 1063 1080 1205 748 1320 622 658 853 1277 1125 461 948 749 1083 770 1021 1061
666 742 45 0 1163 561 1184 906 888 798 1006 1121 999 819 555 456 332 721 792 379 671 858 1028 906 619 735 1275 760 235 779 631 598 868 497 559 642 1051 772 873 936 809 267 891 556 695 408 829 483 557 332 1159 393 286 693 1045 741 1070 1051 1068 1193 735 1308 610 645 841 1265 1113 449 936 737 1071 758 1009 1049
1126 1202 1175 1163 0 1021 407 1366 774 407 510 625 327 1279 723 738 983 506 1252 936 1131 743 252 409 1079 621 679 1220 1053 664 1091 894 1328 957 727 563 555 1232 449 1396 1269 906 1351 724 1154 779 406 835 1017 1068 285 786 886 1153 549 1201 294 275 557 318 481 302 604 579 418 259 616 735 440 623 575 435 1469 553
346 422 573 561 1021 0 1041 586 746 655 864 979 857 385 394 329 259 579 472 211 171 716 886 764 299 593 1132 326 367 637 311 334 548 91 398 500 909 452 730 616 423 509 571 395 260 438 687 219 237 343 1017 445 528 373 903 421 928 909 926 1051 593 1165 449 485 699 1123 970 394 794 595 929 616 689 907
1146 1222 1196 1184 407 1041 0 1386 794 428 245 274 347 1299 743 758 1003 526 1272 956 1151 764 172 330 1100 641 290 1240 1073 685 1112 915 1349 977 747 584 370 1252 470 1416 1289 927 1372 744 1175 799 426 855 1037 1088 154 806 907 1174 363 1221 138 159 167 118 501 552 625 599 438 509 265 756 299 643 389 455 1489 186
388 280 918 906 1366 586 1386 0 1091 1000 1209 1324 1202 430 739 674 604 924 138 556 565 1061 1231 1109 433 938 1478 486 712 982 318 679 240 522 743 845 1254 366 1076 58 402 854 223 740 562 783 1032 564 457 688 1362 790 873 360 1248 286 1273 1254 1271 1396 938 1510 794 830 1044 1468 1315 739 1139 940 1274 961 171 1252
851 927 900 888 774 746 794 1091 0 408 616 732 610 1004 448 463 708 332 977 661 856 103 638 516 804 211 885 945 778 182 816 619 1053 682 452 288 662 957 483 1121 994 631 1076 449 880 504 440 560 742 793 770 511 611 878 656 926 680 661 678 804 346 918 329 304 451 875 723 460 546 197 682 369 1194 660
760 836 810 798 407 655 428 1000 408 0 250 365 244 913 357 372 617 140 886 570 765 378 272 150 714 255 519 854 687 299 726 529 963 591 361 198 296 866 117 1030 903 541 986 358 789 413 73 469 651 702 404 420 521 788 290 835 314 295 312 438 115 552 239 213 85 509 357 370 180 257 315 93 1103 294
968 1045 1018 1006 510 864 245 1209 616 250 0 151 346 1121 566 580 826 348 1094 778 974 586 374 120 922 463 304 1063 895 507 934 737 1171 800 570 406 160 1075 292 1238 1111 749 1194 567 997 622 249 678 860 910 381 628 729 996 154 1043 365 386 98 344 324 654 447 421 261 611 142 578 89 465 180 277 1312 79
1084 1160 1133 1121 625 979 274 1324 732 365 151 0 461 1237 681 696 941 464 1210 894 1089 701 428 236 1037 579 162 1178 1011 622 1049 852 1286 915 685 521 275 1190 407 1354 1227 864 1309 682 1113 737 364 793 975 1026 410 744 844 1111 269 1159 394 415 126 373 439 769 562 537 376 727 108 693 204 581 295 393 1427 108
962 1038 1012 999 327 857 347 1202 610 244 346 461 0 1115 559 574 819 342 1088 772 967 580 191 246 916 457 615 1056 889 501 928 731 1165 793 563 400 391 1068 286 1232 1105 743 1187 560 991 615 242 671 853 904 323 622 722 990 385 1037 233 214 408 357 317 471 441 415 254 428 453 572 276 459 411 271 1305 389
194 555 831 819 1279 385 1299 430 1004 913 1121 1237 1115 0 652 587 517 837 316 469 233 974 1144 1021 239 851 1390 71 625 894 397 591 644 435 656 757 1167 83 988 460 53 766 627 653 147 696 945 477 286 601 1275 703 786 167 1161 651 1185 1167 1183 1309 851 1423 707 743 957 1380 1228 652 1052 853 1187 874 575 1165
499 575 567 555 723 394 743 739 448 357 566 681 559 652 0 111 356 281 625 309 504 418 588 466 452 295 834 593 426 339 464 267 701 330 34 221 611 605 432 769 642 347 724 31 528 219 389 208 390 441 719 226 326 526 605 574 630 611 628 753 295 867 136 172 401 825 672 175 496 297 631 318 842 609
434 510 469 456 738 329 758 674 463 372 580 696 574 587 111 0 292 296 560 244 439 433 602 480 388 310 849 528 327 353 400 203 637 265 115 216 626 540 447 704 577 282 660 112 463 155 404 143 325 376 734 161 262 462 620 509 644 625 642 768 310 882 166 201 416 839 687 111 510 312 646 333 777 624
364 440 344 332 983 259 1003 604 708 617 826 941 819 517 356 292 0 541 490 77 369 678 848 726 317 555 1095 458 138 599 329 296 566 195 360 462 871 470 693 634 507 280 589 357 392 400 649 181 255 115 979 407 299 391 865 439 890 871 888 1013 555 1127 411 447 661 1085 933 356 756 557 891 578 707 869
684 760 734 721 506 579 526 924 332 140 348 464 342 837 281 296 541 0 810 494 689 302 370 248 638 179 617 778 611 223 650 453 887 515 285 122 394 790 215 954 827 465 910 282 713 337 172 393 575 626 502 344 444 712 388 759 412 393 410 536 123 650 163 137 184 607 455 294 278 181 414 101 1027 392
273 337 804 792 1252 472 1272 138 977 886 1094 1210 1088 316 625 560 490 810 0 442 450 947 1116 994 318 824 1363 372 598 867 204 564 352 408 629 730 1140 251 961 168 288 739 334 626 447 669 918 450 343 574 1248 675 759 246 1134 397 1158 1139 1156 1282 824 1396 680 715 930 1353 1201 625 1024 826 1160 847 283 1138
316 392 391 379 936 211 956 556 661 570 778 894 772 469 309 244 77 494 442 0 321 631 800 678 270 508 1047 410 186 551 282 248 519 147 313 414 824 422 645 586 459 327 542 310 345 353 602 134 207 162 932 359 346 344 818 391 842 823 840 966 508 1080 364 399 614 1037 885 309 708 510 844 531 659 822
201 407 683 671 1131 171 1151 565 856 765 974 1089 967 233 504 439 369 689 450 321 0 826 996 874 155 703 1242 174 477 747 297 444 593 233 508 609 1019 302 840 595 271 619 616 505 109 548 797 329 138 453 1127 555 638 229 1013 504 1038 1019 1036 1161 703 1275 559 595 809 1233 1080 504 904 705 1039 726 674 1017
821 897 870 858 743 716 764 1061 103 378 586 701 580 974 418 433 678 302 947 631 826 0 608 486 774 181 855 915 748 155 786 589 1023 652 422 258 632 927 453 1091 964 601 1046 419 849 474 409 530 712 763 740 481 581 848 626 896 650 631 648 774 316 888 299 274 421 845 693 430 516 167 652 339 1164 630
990 1067 1040 1028 252 886 172 1231 638 272 374 428 191 1144 588 602 848 370 1116 800 996 608 0 274 944 485 444 1085 917 529 956 759 1193 822 592 428 420 1097 314 1261 1134 771 1216 589 1019 644 271 700 882 932 247 650 751 1018 414 1065 59 63 322 211 346 396 469 443 283 353 419 600 304 487 440 300 1334 340
868 944 918 906 409 764 330 1109 516 150 120 236 246 1021 466 480 726 248 994 678 874 486 274 0 822 363 389 963 795 407 834 637 1071 700 469 306 166 975 192 1138 1011 649 1094 466 897 522 148 577 759 810 406 528 629 896 160 943 316 297 182 429 224 554 347 321 160 511 227 478 50 365 186 177 1211 164
69 355 631 619 1079 299 1100 433 804 714 922 1037 916 239 452 388 317 638 318 270 155 774 944 822 0 651 1191 244 426 695 245 392 541 235 456 558 968 175 789 462 212 567 564 453 178 496 745 277 86 402 1076 503 586 96 961 452 986 967 984 1109 652 1224 507 543 757 1181 1029 453 852 653 987 674 578 965
698 774 747 735 621 593 641 938 211 255 463 579 457 851 295 310 555 179 824 508 703 181 485 363 651 0 732 792 625 102 663 466 900 529 299 136 509 804 330 968 841 479 923 296 727 351 287 407 589 640 617 358 458 725 503 773 527 508 525 651 193 765 176 151 299 722 570 307 393 60 529 216 1041 507
1237 1313 1287 1275 679 1132 290 1478 885 519 304 162 615 1390 834 849 1095 617 1363 1047 1242 855 444 389 1191 732 0 1331 1164 776 1203 1006 1440 1069 838 675 429 1343 561 1507 1380 1018 1463 835 1266 890 517 946 1128 1179 426 897 998 1265 423 1312 410 431 236 389 592 824 716 690 529 781 261 847 358 734 449 546 1580 254
251 496 772 760 1220 326 1240 486 945 854 1063 1178 1056 71 593 528 458 778 372 410 174 915 1085 963 244 792 1331 0 566 836 386 533 682 376 597 698 1108 140 929 516 109 708 683 594 88 637 886 418 227 542 1216 644 727 223 1102 593 1127 1108 1125 1250 792 1364 648 684 898 1322 1169 593 993 794 1128 815 632 1106
472 548 247 235 1053 367 1073 712 778 687 895 1011 889 625 426 327 138 611 598 186 477 748 917 795 426 625 1164 566 0 668 438 404 675 303 430 531 941 578 762 742 615 182 698 427 501 324 719 290 363 138 1049 309 202 500 935 547 959 940 957 1083 625 1197 481 516 731 1154 1002 365 825 627 961 648 815 939
741 818 791 779 664 637 685 982 182 299 507 622 501 894 339 353 599 223 867 551 747 155 529 407 695 102 776 836 668 0 707 510 944 573 343 179 552 848 374 1011 884 522 967 340 770 395 330 451 633 683 660 401 502 769 546 816 571 552 569 694 237 809 220 194 342 766 614 351 437 87 572 259 1085 550
291 224 643 631 1091 311 1112 318 816 726 934 1049 928 397 464 400 329 650 204 282 297 786 956 834 245 663 1203 386 438 707 0 404 410 248 468 570 980 332 801 348 369 579 433 465 320 508 757 289 182 414 1088 515 598 319 973 321 998 979 996 1122 664 1236 519 555 769 1193 1041 465 864 665 999 686 464 977
438 515 610 598 894 334 915 679 619 529 737 852 731 591 267 203 296 453 564 248 444 589 759 637 392 466 1006 533 404 510 404 0 641 270 271 373 783 545 604 708 581 439 664 268 467 311 560 148 330 380 891 318 418 466 776 513 801 782 799 925 467 1039 322 358 572 996 844 268 667 468 802 489 782 780
587 209 880 868 1328 548 1349 240 1053 963 1171 1286 1165 644 701 637 566 887 352 519 593 1023 1193 1071 541 900 1440 682 675 944 410 641 0 484 705 807 1217 580 1038 210 617 816 45 702 616 745 994 526 479 651 1325 752 835 574 1210 144 1235 1216 1233 1358 901 1473 756 792 1006 1430 1278 702 1101 902 1236 923 251 1214
282 358 509 497 957 91 977 522 682 591 800 915 793 435 330 265 195 515 408 147 233 652 822 700 235 529 1069 376 303 573 248 270 484 0 334 436 845 388 667 552 425 445 507 331 311 374 623 155 173 279 953 381 464 309 839 357 864 845 862 987 529 1101 385 421 635 1059 906 330 730 531 865 552 625 843
503 579 571 559 727 398 747 743 452 361 570 685 563 656 34 115 360 285 629 313 508 422 592 469 456 299 838 597 430 343 468 271 705 334 0 225 615 609 436 773 646 351 728 35 531 223 393 212 394 445 723 230 330 530 609 578 634 615 632 757 299 871 140 176 405 829 676 179 500 301 635 322 846 613
604 680 654 642 563 500 584 845 288 198 406 521 400 757 221 216 462 122 730 414 609 258 428 306 558 136 675 698 531 179 570 373 807 436 225 0 452 711 273 874 747 385 830 222 633 257 229 313 495 546 560 264 365 632 445 679 470 451 468 594 136 708 103 77 241 665 513 214 336 137 471 158 947 449
1014 1090 1064 1051 555 909 370 1254 662 296 160 275 391 1167 611 626 871 394 1140 824 1019 632 420 166 968 509 429 1108 941 552 980 783 1217 845 615 452 0 1120 338 1284 1157 795 1239 612 1043 667 294 723 905 956 506 674 774 1041 105 1089 462 443 222 469 369 700 493 467 306 657 267 623 135 511 79 323 1357 204
130 508 784 772 1232 452 1252 366 957 866 1075 1190 1068 83 605 540 470 790 251 422 302 927 1097 975 175 804 1343 140 578 848 332 545 580 388 609 711 1120 0 941 395 56 720 562 606 215 649 898 430 239 554 1228 656 739 103 1114 605 1139 1120 1137 1262 804 1376 660 696 910 1334 1181 605 1005 806 1140 827 511 1118
835 911 885 873 449 730 470 1076 483 117 292 407 286 988 432 447 693 215 961 645 840 453 314 192 789 330 561 929 762 374 801 604 1038 667 436 273 338 941 0 1105 978 616 1061 433 864 488 81 544 726 777 446 495 596 863 332 910 356 337 354 480 190 594 314 288 81 551 399 445 222 332 357 144 1178 336
417 249 948 936 1396 616 1416 58 1121 1030 1238 1354 1232 460 769 704 634 954 168 586 595 1091 1261 1138 462 968 1507 516 742 1011 348 708 210 552 773 874 1284 395 1105 0 432 883 192 770 592 813 1062 594 487 718 1392 820 903 390 1278 255 1303 1284 1301 1426 968 1540 824 860 1074 1497 1345 769 1169 970 1304 991 141 1282
167 545 821 809 1269 423 1289 402 994 903 1111 1227 1105 53 642 577 507 827 288 459 271 964 1134 1011 212 841 1380 109 615 884 369 581 617 425 646 747 1157 56 978 432 0 756 599 643 185 686 935 467 276 591 1265 693 776 139 1151 641 1175 1157 1173 1299 841 1413 697 733 947 1370 1218 642 1042 843 1177 864 548 1155
613 690 279 267 906 509 927 854 631 541 749 864 743 766 347 282 280 465 739 327 619 601 771 649 567 479 1018 708 182 522 579 439 816 445 351 385 795 720 616 883 756 0 839 348 642 152 572 379 505 280 903 137 65 641 789 688 813 794 811 937 479 1051 402 420 584 1008 856 192 679 480 815 501 957 793
584 232 903 891 1351 571 1372 223 1076 986 1194 1309 1187 627 724 660 589 910 334 542 616 1046 1216 1094 564 923 1463 683 698 967 433 664 45 507 728 830 1239 562 1061 192 599 839 0 725 639 768 1017 549 502 674 1347 775 858 557 1233 167 1258 1239 1256 1381 924 1496 779 815 1029 1453 1301 725 1124 925 1259 946 233 1237
500 576 568 556 724 395 744 740 449 358 567 682 560 653 31 112 357 282 626 310 505 419 589 466 453 296 835 594 427 340 465 268 702 331 35 222 612 606 433 770 643 348 725 0 529 220 390 209 391 442 720 227 327 527 606 575 631 612 629 754 296 868 137 173 402 826 673 176 497 298 632 319 843 610
224 431 707 695 1154 260 1175 562 880 789 997 1113 991 147 528 463 392 713 447 345 109 849 1019 897 178 727 1266 88 501 770 320 467 616 311 531 633 1043 215 864 592 185 642 639 529 0 572 821 353 162 477 1151 578 662 252 1037 527 1061 1042 1059 1185 727 1299 583 618 832 1256 1104 528 927 729 1063 750 698 1041
543 619 421 408 779 438 799 783 504 413 622 737 615 696 219 155 400 337 669 353 548 474 644 522 496 351 890 637 324 395 508 311 745 374 223 257 667 649 488 813 686 152 768 220 572 0 445 252 434 422 775 52 131 570 661 618 686 667 684 809 351 923 274 293 457 881 728 65 552 353 687 374 886 665
792 868 841 829 406 687 426 1032 440 73 249 364 242 945 389 404 649 172 918 602 797 409 271 148 745 287 517 886 719 330 757 560 994 623 393 229 294 898 81 1062 935 572 1017 390 821 445 0 501 683 734 402 452 552 819 288 867 313 294 311 436 147 550 270 245 70 508 355 401 179 289 314 101 1135 292
324 400 495 483 835 219 855 564 560 469 678 793 671 477 208 143 181 393 450 134 329 530 700 577 277 407 946 418 290 451 289 148 526 155 212 313 723 430 544 594 467 379 549 209 353 252 501 0 215 266 831 259 359 351 717 399 742 723 740 865 407 979 263 299 513 937 784 208 608 409 743 430 667 721
133 293 569 557 1017 237 1037 457 742 651 860 975 853 286 390 325 255 575 343 207 138 712 882 759 86 589 1128 227 363 633 182 330 479 173 394 495 905 239 726 487 276 505 502 391 162 434 683 215 0 339 1013 441 524 160 899 389 924 905 922 1047 589 1161 445 481 695 1119 966 390 790 591 925 612 560 903
448 524 344 332 1068 343 1088 688 793 702 910 1026 904 601 441 376 115 626 574 162 453 763 932 810 402 640 1179 542 138 683 414 380 651 279 445 546 956 554 777 718 591 280 674 442 477 422 734 266 339 0 1064 407 299 476 950 523 974 955 972 1098 640 1212 496 531 746 1169 1017 441 840 642 976 663 791 954
1122 1198 1172 1159 285 1017 154 1362 770 404 381 410 323 1275 719 734 979 502 1248 932 1127 740 247 406 1076 617 426 1216 1049 660 1088 891 1325 953 723 560 506 1228 446 1392 1265 903 1347 720 1151 775 402 831 1013 1064 0 782 882 1149 499 1197 213 234 303 51 477 429 601 575 414 386 401 732 434 619 525 431 1465 322
549 626 406 393 786 445 806 790 511 420 628 744 622 703 226 161 407 344 675 359 555 481 650 528 503 358 897 644 309 401 515 318 752 381 230 264 674 656 495 820 693 137 775 227 578 52 452 259 441 407 782 0 116 577 668 624 692 673 690 816 358 930 281 299 464 887 735 71 558 360 694 381 893 672
633 709 298 286 886 528 907 873 611 521 729 844 722 786 326 262 299 444 759 346 638 581 751 629 586 458 998 727 202 502 598 418 835 464 330 365 774 739 596 903 776 65 858 327 662 131 552 359 524 299 882 116 0 660 768 708 793 774 791 916 458 1031 381 400 564 988 836 172 659 460 794 481 976 772
65 429 705 693 1153 373 1174 360 878 788 996 1111 990 167 526 462 391 712 246 344 229 848 1018 896 96 725 1265 223 500 769 319 466 574 309 530 632 1041 103 863 390 139 641 557 527 252 570 819 351 160 476 1149 577 660 0 1035 526 1060 1041 1058 1183 726 1298 581 617 831 1255 1103 527 926 727 1061 748 505 1039
1008 1084 1057 1045 549 903 363 1248 656 290 154 269 385 1161 605 620 865 388 1134 818 1013 626 414 160 961 503 423 1102 935 546 973 776 1210 839 609 445 105 1114 332 1278 1151 789 1233 606 1037 661 288 717 899 950 499 668 768 1035 0 1083 456 437 216 463 363 693 486 461 300 651 261 617 128 505 82 317 1351 197
498 255 753 741 1201 421 1221 286 926 835 1043 1159 1037 651 574 509 439 759 397 391 504 896 1065 943 452 773 1312 593 547 816 321 513 144 357 578 679 1089 605 910 255 641 688 167 575 527 618 867 399 389 523 1197 624 708 526 1083 0 1107 1088 1105 1231 773 1345 629 664 879 1302 1150 574 973 775 1109 796 296 1087
1032 1109 1082 1070 294 928 138 1273 680 314 365 394 233 1185 630 644 890 412 1158 842 1038 650 59 316 986 527 410 1127 959 571 998 801 1235 864 634 470 462 1139 356 1303 1175 813 1258 631 1061 686 313 742 924 974 213 692 793 1060 456 1107 0 45 287 176 388 438 511 485 325 395 385 642 346 529 482 341 1376 306
1013 1090 1063 1051 275 909 159 1254 661 295 386 415 214 1167 611 625 871 393 1139 823 1019 631 63 297 967 508 431 1108 940 552 979 782 1216 845 615 451 443 1120 337 1284 1157 794 1239 612 1042 667 294 723 905 955 234 673 774 1041 437 1088 45 0 308 197 369 419 492 466 306 376 406 623 327 510 463 323 1357 327
1030 1107 1080 1068 557 926 167 1271 678 312 98 126 408 1183 628 642 888 410 1156 840 1036 648 322 182 984 525 236 1125 957 569 996 799 1233 862 632 468 222 1137 354 1301 1173 811 1256 629 1059 684 311 740 922 972 303 690 791 1058 216 1105 287 308 0 267 386 701 509 483 323 658 118 640 151 527 242 339 1374 54
1156 1232 1205 1193 318 1051 118 1396 804 438 344 373 357 1309 753 768 1013 536 1282 966 1161 774 211 429 1109 651 389 1250 1083 694 1122 925 1358 987 757 594 469 1262 480 1426 1299 937 1381 754 1185 809 436 865 1047 1098 51 816 916 1183 463 1231 176 197 267 0 511 463 635 609 448 420 365 765 398 653 489 465 1499 285
698 774 748 735 481 593 501 938 346 115 324 439 317 851 295 310 555 123 824 508 703 316 346 224 652 193 592 792 625 237 664 467 901 529 299 136 369 804 190 968 841 479 924 296 727 351 147 407 589 640 477 358 458 726 363 773 388 369 386 511 0 625 177 151 159 583 430 308 254 195 389 76 1041 367
1270 1346 1320 1308 302 1165 552 1510 918 552 654 769 471 1423 867 882 1127 650 1396 1080 1275 888 396 554 1224 765 824 1364 1197 809 1236 1039 1473 1101 871 708 700 1376 594 1540 1413 1051 1496 868 1299 923 550 979 1161 1212 429 930 1031 1298 693 1345 438 419 701 463 625 0 749 723 562 97 761 880 584 767 719 579 1613 697
554 630 622 610 604 449 625 794 329 239 447 562 441 707 136 166 411 163 680 364 559 299 469 347 507 176 716 648 481 220 519 322 756 385 140 103 493 660 314 824 697 402 779 137 583 274 270 263 445 496 601 281 381 581 486 629 511 492 509 635 177 749 0 53 282 706 554 231 377 178 512 199 897 490
589 666 658 645 579 485 599 830 304 213 421 537 415 743 172 201 447 137 715 399 595 274 443 321 543 151 690 684 516 194 555 358 792 421 176 77 467 696 288 860 733 420 815 173 618 293 245 299 481 531 575 299 400 617 461 664 485 466 483 609 151 723 53 0 257 680 528 249 351 153 487 174 933 465
804 880 853 841 418 699 438 1044 451 85 261 376 254 957 401 416 661 184 930 614 809 421 283 160 757 299 529 898 731 342 769 572 1006 635 405 241 306 910 81 1074 947 584 1029 402 832 457 70 513 695 746 414 464 564 831 300 879 325 306 323 448 159 562 282 257 0 520 367 413 191 300 326 113 1147 304
1227 1304 1277 1265 259 1123 509 1468 875 509 611 727 428 1380 825 839 1085 607 1353 1037 1233 845 353 511 1181 722 781 1322 1154 766 1193 996 1430 1059 829 665 657 1334 551 1497 1370 1008 1453 826 1256 881 508 937 1119 1169 386 887 988 1255 651 1302 395 376 658 420 583 97 706 680 520 0 718 837 541 724 677 536 1571 655
1075 1151 1125 1113 616 970 265 1315 723 357 142 108 453 1228 672 687 933 455 1201 885 1080 693 419 227 1029 570 261 1169 1002 614 1041 844 1278 906 676 513 267 1181 399 1345 1218 856 1301 673 1104 728 355 784 966 1017 401 735 836 1103 261 1150 385 406 118 365 430 761 554 528 367 718 0 685 196 572 287 384 1418 99
499 575 461 449 735 394 756 739 460 370 578 693 572 652 175 111 356 294 625 309 504 430 600 478 453 307 847 593 365 351 465 268 702 330 179 214 623 605 445 769 642 192 725 176 528 65 401 208 390 441 732 71 172 527 617 574 642 623 640 765 308 880 231 249 413 837 685 0 508 309 643 330 842 621
898 975 948 936 440 794 299 1139 546 180 89 204 276 1052 496 510 756 278 1024 708 904 516 304 50 852 393 358 993 825 437 864 667 1101 730 500 336 135 1005 222 1169 1042 679 1124 497 927 552 179 608 790 840 434 558 659 926 128 973 346 327 151 398 254 584 377 351 191 541 196 508 0 395 154 207 1242 132
700 776 749 737 623 595 643 940 197 257 465 581 459 853 297 312 557 181 826 510 705 167 487 365 653 60 734 794 627 87 665 468 902 531 301 137 511 806 332 970 843 480 925 298 729 353 289 409 591 642 619 360 460 727 505 775 529 510 527 653 195 767 178 153 300 724 572 309 395 0 531 218 1043 509
1034 1110 1083 1071 575 929 389 1274 682 315 180 295 411 1187 631 646 891 414 1160 844 1039 652 440 186 987 529 449 1128 961 572 999 802 1236 865 635 471 79 1140 357 1304 1177 815 1259 632 1063 687 314 743 925 976 525 694 794 1061 82 1109 482 463 242 489 389 719 512 487 326 677 287 643 154 531 0 343 1377 223
721 797 770 758 435 616 455 961 369 93 277 393 271 874 318 333 578 101 847 531 726 339 300 177 674 216 546 815 648 259 686 489 923 552 322 158 323 827 144 991 864 501 946 319 750 374 101 430 612 663 431 381 481 748 317 796 341 323 339 465 76 579 199 174 113 536 384 330 207 218 343 0 1064 321
533 290 1021 1009 1469 689 1489 171 1194 1103 1312 1427 1305 575 842 777 707 1027 283 659 674 1164 1334 1211 578 1041 1580 632 815 1085 464 782 251 625 846 947 1357 511 1178 141 548 957 233 843 698 886 1135 667 560 791 1465 893 976 505 1351 296 1376 1357 1374 1499 1041 1613 897 933 1147 1571 1418 842 1242 1043 1377 1064 0 1355
1012 1088 1061 1049 553 907 186 1252 660 294 79 108 389 1165 609 624 869 392 1138 822 1017 630 340 164 965 507 254 1106 939 550 977 780 1214 843 613 449 204 1118 336 1282 1155 793 1237 610 1041 665 292 721 903 954 322 672 772 1039 197 1087 306 327 54 285 367 697 490 465 304 655 99 621 132 509 223 321 1355 0
EOF