NAME : tsp_problem
TYPE : TSP
DIMENSION : 54
EDGE_WEIGHT_TYPE : EXPLICIT
EDGE_WEIGHT_FORMAT : FULL_MATRIX
EDGE_WEIGHT_SECTION
0 643 156 606 221 193 873 553 337 739 473 663 139 715 479 928 669 667 923 456 617 571 309 111 551 684 548 572 826 170 627 537 509 178 698 454 297 603 815 455 536 272 742 752 717 611 293 586 726 622 382 301 628 509
643 0 502 466 480 546 581 496 596 1283 1017 426 647 1259 544 678 265 1211 745 663 1161 617 853 569 598 215 1092 334 588 715 389 1081 1054 477 227 654 404 236 862 656 1081 817 505 1296 425 472 837 1130 195 669 642 845 675 261
156 502 0 464 79 59 732 411 195 811 544 521 210 787 337 786 528 739 781 314 689 429 381 82 410 542 619 430 684 242 485 608 581 44 556 312 156 461 673 313 608 344 600 824 575 470 365 658 584 481 241 373 486 368
606 466 464 0 443 509 328 459 559 1246 980 229 610 1222 506 350 492 1174 334 626 1124 580 816 531 561 526 1055 395 249 677 193 1044 1016 440 540 616 367 426 824 619 1043 779 260 1259 371 79 800 1093 568 632 604 808 637 360
221 480 79 443 0 124 710 390 174 861 594 500 225 837 282 764 506 789 760 293 739 374 431 146 354 520 669 408 662 292 463 658 631 55 535 290 134 440 618 292 658 394 579 874 554 448 415 708 563 426 219 422 431 346
193 546 59 509 124 0 776 456 240 848 582 566 248 824 382 831 573 776 826 359 726 474 418 119 454 587 657 475 729 279 530 646 618 81 601 357 200 506 718 358 645 381 645 861 620 515 402 695 629 526 286 410 531 412
873 581 732 328 710 776 0 726 826 1513 1247 244 877 1489 774 122 338 1441 247 893 1391 847 1083 799 828 648 1322 334 98 945 279 1311 1284 707 640 884 634 417 1092 886 1311 1047 184 1526 177 323 1067 1360 607 899 872 1075 905 627
553 496 411 459 390 456 726 0 506 1193 926 516 557 1169 307 780 522 1121 776 426 1071 380 763 478 361 536 1002 424 679 624 479 991 963 387 551 416 314 456 624 419 990 726 595 1206 570 464 747 1040 579 432 484 755 438 362
337 596 195 559 174 240 826 506 0 910 643 616 274 886 284 881 622 838 876 150 788 313 480 262 294 637 719 525 779 341 580 708 680 171 651 148 250 556 558 149 707 443 695 923 670 565 464 757 679 365 118 472 371 462
739 1283 811 1246 861 848 1513 1193 910 0 635 1303 700 240 1119 1568 1309 830 1563 1029 149 1192 545 765 1173 1324 227 1212 1466 715 1267 238 392 832 1338 1027 937 1243 1436 1028 680 632 1382 122 1357 1252 838 749 1366 1244 955 845 1250 1149
473 1017 544 980 594 582 1247 926 643 635 0 1037 433 611 852 1301 1043 453 1296 762 513 925 278 499 906 1057 444 945 1199 448 1000 433 406 566 1071 760 671 977 1170 761 323 365 1116 648 1090 985 571 372 1099 977 689 579 983 883
663 426 521 229 500 566 244 516 616 1303 1037 0 667 1279 563 340 323 1231 466 683 1181 637 873 588 618 486 1112 320 316 735 73 1101 1073 497 500 673 424 386 881 676 1101 836 268 1316 163 235 857 1150 528 689 662 865 694 417
139 647 210 610 225 248 877 557 274 700 433 667 0 675 483 931 673 627 927 392 577 556 269 165 537 687 508 575 830 131 630 497 470 222 702 390 301 607 800 392 497 233 746 712 721 615 254 546 730 608 319 261 613 513
715 1259 787 1222 837 824 1489 1169 886 240 611 1279 675 0 1095 1544 1285 806 1539 1005 246 1168 521 741 1149 1300 203 1188 1442 691 1243 214 368 808 1314 1003 913 1219 1412 1004 656 607 1358 199 1333 1227 814 725 1342 1220 931 821 1225 1125
479 544 337 506 282 382 774 307 284 1119 852 563 483 1095 0 828 570 1047 823 158 997 113 689 404 94 584 927 472 726 550 527 916 889 313 598 149 361 503 357 152 916 652 642 1132 617 512 673 966 626 165 216 680 170 410
928 678 786 350 764 831 122 780 881 1568 1301 340 931 1544 828 0 435 1495 140 947 1445 901 1137 853 882 745 1376 431 120 999 376 1365 1338 762 737 938 688 514 1146 940 1365 1101 206 1580 274 345 1122 1414 704 953 926 1129 959 681
669 265 528 492 506 573 338 522 622 1309 1043 323 673 1285 570 435 0 1237 560 689 1187 643 879 595 624 332 1118 130 410 741 359 1107 1080 503 324 680 430 102 888 682 1107 843 497 1322 181 498 863 1156 292 695 668 871 701 419
667 1211 739 1174 789 776 1441 1121 838 830 453 1231 627 806 1047 1495 1237 0 1491 956 708 1120 473 693 1101 1251 638 1139 1394 643 1194 627 502 760 1266 954 865 1171 1364 956 224 559 1310 842 1285 1179 765 127 1294 1172 883 773 1177 1077
923 745 781 334 760 826 247 776 876 1563 1296 466 927 1539 823 140 560 1491 0 942 1441 897 1133 848 878 804 1371 556 225 994 471 1360 1333 757 819 933 683 639 1141 936 1360 1096 261 1576 399 329 1117 1410 830 949 921 1125 954 676
456 663 314 626 293 359 893 426 150 1029 762 683 392 1005 158 947 689 956 942 0 906 187 598 381 168 703 837 591 845 460 646 826 799 290 717 72 369 623 432 75 826 562 762 1041 736 631 583 875 745 239 82 590 245 529
617 1161 689 1124 739 726 1391 1071 788 149 513 1181 577 246 997 1445 1187 708 1441 906 0 1070 423 643 1051 1201 105 1089 1344 593 1144 116 270 710 1216 904 815 1121 1314 906 558 509 1260 162 1235 1129 715 626 1244 1122 833 723 1127 1027
571 617 429 580 374 474 847 380 313 1192 925 637 556 1168 113 901 643 1120 897 187 1070 0 762 496 99 657 1001 546 800 623 600 990 962 405 672 178 435 577 301 180 989 725 716 1205 691 585 746 1039 700 109 245 754 114 483
309 853 381 816 431 418 1083 763 480 545 278 873 269 521 689 1137 879 473 1133 598 423 762 0 335 743 893 353 781 1036 285 836 342 315 402 908 596 507 813 1006 598 342 201 952 557 927 821 407 391 936 814 525 415 819 719
111 569 82 531 146 119 799 478 262 765 499 588 165 741 404 853 595 693 848 381 643 496 335 0 477 609 574 497 751 197 552 563 536 103 623 379 223 528 740 380 563 299 667 778 642 537 319 612 651 548 308 327 553 435
551 598 410 561 354 454 828 361 294 1173 906 618 537 1149 94 882 624 1101 878 168 1051 99 743 477 0 638 981 526 780 604 581 970 943 385 652 159 415 558 311 161 970 706 697 1185 672 566 727 1019 681 119 226 734 124 464
684 215 542 526 520 587 648 536 637 1324 1057 486 687 1300 584 745 332 1251 804 703 1201 657 893 609 638 0 1132 394 648 755 449 1121 1094 518 38 694 444 295 902 696 1121 857 565 1336 492 531 878 1170 66 709 682 885 715 204
548 1092 619 1055 669 657 1322 1002 719 227 444 1112 508 203 927 1376 1118 638 1371 837 105 1001 353 574 981 1132 0 1020 1274 523 1075 72 201 641 1146 835 746 1052 1245 836 488 440 1191 240 1166 1060 646 557 1175 1053 764 654 1058 958
572 334 430 395 408 475 334 424 525 1212 945 320 575 1188 472 431 130 1139 556 591 1089 546 781 497 526 394 1020 0 406 643 318 1009 982 406 408 582 332 210 790 584 1009 745 433 1224 178 400 766 1058 400 597 570 773 603 325
826 588 684 249 662 729 98 679 779 1466 1199 316 830 1442 726 120 410 1394 225 845 1344 800 1036 751 780 648 1274 406 0 897 315 1263 1236 660 662 836 586 490 1044 839 1263 999 105 1478 250 243 1020 1312 680 852 824 1027 857 579
170 715 242 677 292 279 945 624 341 715 448 735 131 691 550 999 741 643 994 460 593 623 285 197 604 755 523 643 897 0 698 513 485 264 769 458 369 674 868 459 512 248 814 728 788 683 163 562 797 675 387 171 681 581
627 389 485 193 463 530 279 479 580 1267 1000 73 630 1243 527 376 359 1194 471 646 1144 600 836 552 581 449 1075 318 315 698 0 1064 1037 461 463 637 387 349 845 639 1064 800 231 1279 199 198 821 1113 491 652 625 828 658 380
537 1081 608 1044 658 646 1311 991 708 238 433 1101 497 214 916 1365 1107 627 1360 826 116 990 342 563 970 1121 72 1009 1263 513 1064 0 190 630 1135 824 735 1041 1234 825 477 429 1180 251 1155 1049 635 546 1164 1042 753 643 1047 947
509 1054 581 1016 631 618 1284 963 680 392 406 1073 470 368 889 1338 1080 502 1333 799 270 962 315 536 943 1094 201 982 1236 485 1037 190 0 603 1108 797 707 1013 1207 798 314 402 1152 405 1127 1022 608 421 1136 1014 726 615 1020 919
178 477 44 440 55 81 707 387 171 832 566 497 222 808 313 762 503 760 757 290 710 405 402 103 385 518 641 406 660 264 461 630 603 0 532 288 131 437 649 289 630 366 576 845 551 445 386 679 560 457 216 394 462 343
698 227 556 540 535 601 640 551 651 1338 1071 500 702 1314 598 737 324 1266 819 717 1216 672 908 623 652 38 1146 408 662 769 463 1135 1108 532 0 708 458 310 916 711 1135 871 579 1351 484 546 892 1185 58 724 696 900 729 218
454 654 312 616 290 357 884 416 148 1027 760 673 390 1003 149 938 680 954 933 72 904 178 596 379 159 694 835 582 836 458 637 824 797 288 708 0 367 613 422 66 824 560 752 1039 727 622 581 873 736 230 80 588 235 520
297 404 156 367 134 200 634 314 250 937 671 424 301 913 361 688 430 865 683 369 815 435 507 223 415 444 746 332 586 369 387 735 707 131 458 367 0 364 679 368 735 470 503 950 478 372 491 784 487 487 296 499 492 270
603 236 461 426 440 506 417 456 556 1243 977 386 607 1219 503 514 102 1171 639 623 1121 577 813 528 558 295 1052 210 490 674 349 1041 1013 437 310 613 364 0 821 616 1040 776 465 1256 261 431 797 1090 338 629 601 805 634 342
815 862 673 824 618 718 1092 624 558 1436 1170 881 800 1412 357 1146 888 1364 1141 432 1314 301 1006 740 311 902 1245 790 1044 868 845 1234 1207 649 916 422 679 821 0 425 1234 970 960 1449 935 830 990 1283 944 237 490 998 239 727
455 656 313 619 292 358 886 419 149 1028 761 676 392 1004 152 940 682 956 936 75 906 180 598 380 161 696 836 584 839 459 639 825 798 289 711 66 368 616 425 0 825 561 755 1041 730 624 582 875 739 232 81 589 238 522
536 1081 608 1043 658 645 1311 990 707 680 323 1101 497 656 916 1365 1107 224 1360 826 558 989 342 563 970 1121 488 1009 1263 512 1064 477 314 630 1135 824 735 1040 1234 825 0 429 1180 692 1154 1049 635 143 1163 1041 753 643 1047 947
272 817 344 779 394 381 1047 726 443 632 365 836 233 607 652 1101 843 559 1096 562 509 725 201 299 706 857 440 745 999 248 800 429 402 366 871 560 470 776 970 561 429 0 915 644 890 785 371 478 899 777 488 378 783 682
742 505 600 260 579 645 184 595 695 1382 1116 268 746 1358 642 206 497 1310 261 762 1260 716 952 667 697 565 1191 433 105 814 231 1180 1152 576 579 752 503 465 960 755 1180 915 0 1395 336 257 936 1229 607 768 741 944 773 496
752 1296 824 1259 874 861 1526 1206 923 122 648 1316 712 199 1132 1580 1322 842 1576 1041 162 1205 557 778 1185 1336 240 1224 1478 728 1279 251 405 845 1351 1039 950 1256 1449 1041 692 644 1395 0 1370 1264 850 761 1379 1257 968 858 1262 1162
717 425 575 371 554 620 177 570 670 1357 1090 163 721 1333 617 274 181 1285 399 736 1235 691 927 642 672 492 1166 178 250 788 199 1155 1127 551 484 727 478 261 935 730 1154 890 336 1370 0 376 911 1204 451 743 715 919 748 470
611 472 470 79 448 515 323 464 565 1252 985 235 615 1227 512 345 498 1179 329 631 1129 585 821 537 566 531 1060 400 243 683 198 1049 1022 445 546 622 372 431 830 624 1049 785 257 1264 376 0 805 1098 574 637 610 813 643 365
293 837 365 800 415 402 1067 747 464 838 571 857 254 814 673 1122 863 765 1117 583 715 746 407 319 727 878 646 766 1020 163 821 635 608 386 892 581 491 797 990 582 635 371 936 850 911 805 0 684 920 798 509 195 803 703
586 1130 658 1093 708 695 1360 1040 757 749 372 1150 546 725 966 1414 1156 127 1410 875 626 1039 391 612 1019 1170 557 1058 1312 562 1113 546 421 679 1185 873 784 1090 1283 875 143 478 1229 761 1204 1098 684 0 1213 1091 802 692 1096 996
726 195 584 568 563 629 607 579 679 1366 1099 528 730 1342 626 704 292 1294 830 745 1244 700 936 651 681 66 1175 400 680 797 491 1164 1136 560 58 736 487 338 944 739 1163 899 607 1379 451 574 920 1213 0 752 724 928 757 246
622 669 481 632 426 526 899 432 365 1244 977 689 608 1220 165 953 695 1172 949 239 1122 109 814 548 119 709 1053 597 852 675 652 1042 1014 457 724 230 487 629 237 232 1041 777 768 1257 743 637 798 1091 752 0 297 806 94 535
382 642 241 604 219 286 872 484 118 955 689 662 319 931 216 926 668 883 921 82 833 245 525 308 226 682 764 570 824 387 625 753 726 216 696 80 296 601 490 81 753 488 741 968 715 610 509 802 724 297 0 517 303 508
301 845 373 808 422 410 1075 755 472 845 579 865 261 821 680 1129 871 773 1125 590 723 754 415 327 734 885 654 773 1027 171 828 643 615 394 900 588 499 805 998 589 643 378 944 858 919 813 195 692 928 806 517 0 811 711
628 675 486 637 431 531 905 438 371 1250 983 694 613 1225 170 959 701 1177 954 245 1127 114 819 553 124 715 1058 603 857 681 658 1047 1020 462 729 235 492 634 239 238 1047 783 773 1262 748 643 803 1096 757 94 303 811 0 541
509 261 368 360 346 412 627 362 462 1149 883 417 513 1125 410 681 419 1077 676 529 1027 483 719 435 464 204 958 325 579 581 380 947 919 343 218 520 270 342 727 522 947 682 496 1162 470 365 703 996 246 535 508 711 541 0
EOF