NAME : tsp_problem
TYPE : TSP
DIMENSION : 70
EDGE_WEIGHT_TYPE : EXPLICIT
EDGE_WEIGHT_FORMAT : FULL_MATRIX
EDGE_WEIGHT_SECTION
0 666 423 384 534 212 758 242 792 260 533 580 643 464 772 431 454 436 450 812 418 224 689 349 627 302 612 639 684 582 368 709 744 262 632 831 522 581 345 473 381 90 619 353 264 792 731 718 305 347 584 468 329 562 245 471 600 239 459 656 716 389 565 800 340 256 379 392 773 646
666 0 940 656 424 718 231 514 582 834 1107 1153 1216 736 1345 394 248 522 1023 1385 689 731 1263 856 517 574 1185 1212 196 1155 941 1264 256 534 1205 1404 1095 191 918 363 955 678 509 859 433 1365 1305 1273 878 854 406 1023 902 429 818 1026 1173 537 731 1229 1271 896 1119 590 913 528 466 966 276 256
423 940 0 658 808 247 1032 516 1066 462 571 618 681 737 810 705 728 710 488 850 691 226 727 102 901 576 650 677 958 620 406 344 1018 536 670 869 560 854 383 747 419 386 893 109 538 830 769 353 343 103 858 103 530 836 202 106 638 434 732 694 352 75 200 1074 231 530 653 430 1047 920
384 656 658 0 524 436 747 167 782 551 824 870 934 106 1063 420 443 425 741 1103 144 448 980 573 616 148 903 930 674 873 659 981 733 155 923 1122 813 570 636 462 672 395 609 577 253 1083 1022 990 596 571 573 740 620 551 536 743 891 255 115 947 989 613 837 790 631 172 369 683 763 636
534 424 808 524 0 586 243 382 278 701 974 1020 1084 603 1213 262 212 390 891 1253 557 598 1130 723 229 442 1053 1080 442 1023 809 1132 502 401 1073 1272 963 339 786 81 822 545 139 727 300 1233 1172 1140 746 721 70 890 770 59 686 893 1041 405 598 1097 1139 763 987 286 781 396 333 833 259 365
212 718 247 436 586 0 809 294 844 300 573 619 682 515 812 482 505 487 490 851 469 46 729 162 678 353 651 679 736 621 407 570 795 313 671 870 561 632 385 524 421 175 671 166 315 832 771 579 345 160 635 329 368 613 285 332 639 211 510 695 578 202 426 852 380 308 431 432 825 698
758 231 1032 747 243 809 0 605 370 925 1198 1244 1308 827 1437 486 341 614 1115 1476 781 822 1354 947 453 665 1276 1304 388 1246 1032 1355 447 625 1296 1496 1187 195 1010 305 1046 769 363 951 524 1457 1396 1364 970 945 195 1114 994 218 910 1117 1264 628 822 1321 1362 987 1211 379 1005 619 557 1057 65 141
242 514 516 167 382 294 605 0 640 409 682 728 792 246 921 278 301 283 599 961 200 306 838 431 474 91 761 788 532 731 517 839 591 97 780 980 671 428 494 320 530 253 467 435 111 941 880 848 454 429 431 598 478 409 394 601 749 113 241 805 847 471 695 648 489 91 227 541 621 493
792 582 1066 782 278 844 370 640 0 959 1232 1279 1342 861 1471 520 470 648 1149 1511 815 856 1388 981 487 700 1311 1338 700 1281 1067 1390 760 659 1331 1530 1221 546 1044 339 1080 803 397 985 558 1491 1430 1398 1004 979 229 1148 1028 252 944 1151 1299 663 856 1355 1397 1021 1245 81 1039 654 591 1091 386 492
260 834 462 551 701 300 925 409 959 0 469 515 578 631 708 598 621 603 386 747 585 313 625 438 794 469 547 575 852 517 303 748 911 429 567 766 457 748 281 640 317 224 786 441 431 728 667 757 241 435 751 507 89 729 333 510 535 327 626 591 755 478 604 968 276 423 546 328 941 813
533 1107 571 824 974 573 1198 682 1232 469 0 212 620 904 656 871 894 876 334 696 858 586 567 653 1067 742 496 165 1125 108 357 858 1184 702 515 715 365 1021 215 913 190 497 1059 660 704 669 615 866 294 654 1024 616 537 1002 606 619 477 600 899 182 865 625 713 1241 385 696 819 179 1214 1086
580 1153 618 870 1020 619 1244 728 1279 515 212 0 647 950 587 917 940 922 361 627 904 632 462 699 1113 788 485 210 1171 266 403 904 1230 748 542 646 261 1067 359 959 216 543 1105 706 750 565 603 912 341 700 1070 662 584 1048 652 666 372 646 945 194 911 671 759 1287 431 742 866 205 1260 1132
643 1216 681 934 1084 682 1308 792 1342 578 620 647 0 1013 159 981 1003 985 308 199 967 695 262 763 1176 852 364 738 1234 681 285 967 1294 812 127 218 457 1130 444 1023 449 606 1169 769 814 286 118 976 373 763 1134 726 647 1112 716 729 344 710 1008 755 974 735 823 1350 495 806 929 459 1323 1196
464 736 737 106 603 515 827 246 861 631 904 950 1013 0 1143 500 523 505 820 1182 65 528 1060 653 696 227 982 1010 753 952 738 1061 813 234 1002 1201 892 650 716 542 752 475 688 656 333 1163 1102 1070 676 651 653 820 699 631 616 823 970 334 36 1026 1068 693 917 870 711 251 448 763 842 715
772 1345 810 1063 1213 812 1437 921 1471 708 656 587 159 1143 0 1110 1133 1115 344 85 1097 824 148 892 1306 981 250 711 1363 738 414 1096 1423 941 163 104 343 1260 573 1152 485 736 1298 899 943 172 61 1105 502 892 1263 855 776 1241 845 858 230 839 1138 695 1104 864 952 1479 624 935 1058 495 1452 1325
431 394 705 420 262 482 486 278 520 598 871 917 981 500 1110 0 181 178 788 1149 454 495 1027 620 354 338 949 977 412 920 705 1028 472 298 969 1169 860 308 683 201 719 442 347 624 197 1130 1069 1037 643 618 312 787 667 290 583 790 937 302 495 994 1036 660 884 528 678 292 230 730 501 374
454 248 728 443 212 505 341 301 470 621 894 940 1003 523 1133 181 0 309 811 1172 477 518 1050 643 304 361 972 1000 266 942 728 1051 326 321 992 1191 882 162 706 150 742 465 297 646 220 1153 1092 1060 666 641 261 810 689 239 606 813 960 324 518 1016 1058 683 907 478 701 315 253 753 386 228
436 522 710 425 390 487 614 283 648 603 876 922 985 505 1115 178 309 0 793 1154 459 500 1032 625 482 343 954 982 540 924 710 1033 600 303 974 1173 864 436 688 329 724 447 475 628 202 1135 1074 1042 648 623 440 792 671 418 588 795 942 306 500 998 1040 665 889 656 683 297 69 735 629 502
450 1023 488 741 891 490 1115 599 1149 386 334 361 308 820 344 788 811 793 0 384 774 502 273 570 984 659 184 473 1041 416 92 774 1101 619 203 403 303 937 251 830 163 414 976 577 621 376 303 783 180 570 941 533 454 919 523 536 258 517 815 490 781 542 630 1157 302 613 736 173 1130 1003
812 1385 850 1103 1253 851 1476 961 1511 747 696 627 199 1182 85 1149 1172 1154 384 0 1136 864 187 931 1345 1020 290 750 1403 777 454 1136 1462 980 202 144 383 1299 613 1191 524 775 1338 938 982 212 100 1145 542 932 1302 895 816 1280 885 898 270 878 1177 734 1143 903 991 1519 663 975 1098 535 1492 1365
418 689 691 144 557 469 781 200 815 585 858 904 967 65 1097 454 477 459 774 1136 0 482 1014 607 650 181 936 964 707 906 692 1015 767 188 956 1155 846 604 670 496 706 429 642 610 287 1117 1056 1024 629 605 607 774 653 585 570 777 924 288 74 980 1022 647 870 823 665 205 402 717 796 669
224 731 226 448 598 46 822 306 856 313 586 632 695 528 824 495 518 500 502 864 482 0 741 141 691 366 664 691 749 634 420 549 808 326 684 883 574 645 397 537 434 188 683 145 328 844 783 558 357 139 648 308 381 626 297 311 652 224 523 708 556 181 405 865 392 320 443 444 838 710
689 1263 727 980 1130 729 1354 838 1388 625 567 462 262 1060 148 1027 1050 1032 273 187 1014 741 0 809 1223 898 125 585 1280 641 343 1013 1340 858 265 206 218 1177 490 1069 402 653 1215 816 860 125 163 1022 432 810 1180 772 693 1158 762 775 105 756 1055 569 1021 781 869 1397 541 852 975 413 1370 1242
349 856 102 573 723 162 947 431 981 438 653 699 763 653 892 620 643 625 570 931 607 141 809 0 816 491 731 759 874 701 487 426 933 451 751 950 641 770 465 662 501 313 808 77 453 912 851 435 425 71 773 185 506 751 284 188 719 349 648 775 433 58 281 990 313 445 568 512 963 835
627 517 901 616 229 678 453 474 487 794 1067 1113 1176 696 1306 354 304 482 984 1345 650 691 1223 816 0 534 1145 1173 535 1115 901 1224 594 494 1165 1364 1055 431 879 213 915 638 110 819 393 1326 1265 1233 839 814 279 983 862 257 779 986 1133 497 691 1189 1231 856 1080 495 874 488 426 926 468 497
302 574 576 148 442 353 665 91 700 469 742 788 852 227 981 338 361 343 659 1020 181 366 898 491 534 0 821 848 592 791 577 899 651 79 840 1040 731 488 554 380 590 313 526 495 171 1001 940 908 514 489 491 658 538 469 454 661 808 173 222 865 907 531 755 708 549 96 287 601 681 553
612 1185 650 903 1053 651 1276 761 1311 547 496 485 364 982 250 949 972 954 184 290 936 664 125 731 1145 821 0 608 1203 577 254 936 1262 780 318 309 241 1099 413 991 324 575 1138 738 782 228 266 945 342 732 1102 695 616 1081 685 698 128 678 977 592 943 704 791 1319 464 775 898 335 1292 1165
639 1212 677 930 1080 679 1304 788 1338 575 165 210 738 1010 711 977 1000 982 473 750 964 691 585 759 1173 848 608 0 1230 71 463 963 1290 808 655 769 384 1127 321 1019 329 603 1165 766 810 688 726 972 400 759 1130 722 643 1108 712 725 496 706 1005 71 971 731 819 1346 491 802 925 318 1319 1192
684 196 958 674 442 736 388 532 700 852 1125 1171 1234 753 1363 412 266 540 1041 1403 707 749 1280 874 535 592 1203 1230 0 1173 959 1282 143 552 1223 1422 1113 209 936 381 973 695 527 877 451 1383 1322 1291 896 871 492 1041 920 470 836 1044 1191 555 748 1247 1289 913 1137 709 931 546 484 983 433 274
582 1155 620 873 1023 621 1246 731 1281 517 108 266 681 952 738 920 942 924 416 777 906 634 641 701 1115 791 577 71 1173 0 405 906 1233 750 597 797 440 1069 264 961 271 545 1108 708 753 744 697 915 343 702 1073 665 586 1051 655 668 552 648 947 88 913 674 762 1289 434 745 868 260 1262 1135
368 941 406 659 809 407 1032 517 1067 303 357 403 285 738 414 705 728 710 92 454 692 420 343 487 901 577 254 463 959 405 0 692 1018 536 274 473 346 855 169 747 205 331 894 494 538 446 373 701 98 488 858 451 372 836 441 454 321 434 733 479 699 459 547 1075 219 531 654 216 1048 921
709 1264 344 981 1132 570 1355 839 1390 748 858 904 967 1061 1096 1028 1051 1033 774 1136 1015 549 1013 426 1224 899 936 963 1282 906 692 0 1341 859 956 1155 846 1178 669 1070 706 673 1216 433 861 1116 1055 69 629 427 1181 303 817 1159 488 304 924 757 1056 980 64 398 189 1398 518 853 977 716 1371 1243
744 256 1018 733 502 795 447 591 760 911 1184 1230 1294 813 1423 472 326 600 1101 1462 767 808 1340 933 594 651 1262 1290 143 1233 1018 1341 0 611 1282 1482 1173 268 996 440 1032 755 587 937 510 1443 1382 1350 956 931 552 1100 980 530 896 1103 1250 615 808 1307 1349 973 1197 768 991 605 543 1043 493 334
262 534 536 155 401 313 625 97 659 429 702 748 812 234 941 298 321 303 619 980 188 326 858 451 494 79 780 808 552 750 536 859 611 0 800 1000 691 448 514 340 550 273 486 454 131 961 900 868 474 449 451 618 498 429 414 621 768 132 229 824 866 491 715 668 509 103 246 561 641 513
632 1205 670 923 1073 671 1296 780 1331 567 515 542 127 1002 163 969 992 974 203 202 956 684 265 751 1165 840 318 655 1223 597 274 956 1282 800 0 221 461 1119 433 1011 344 595 1157 758 802 290 122 965 362 752 1122 715 636 1100 704 718 348 698 997 671 963 723 811 1339 483 795 918 355 1312 1184
831 1404 869 1122 1272 870 1496 980 1530 766 715 646 218 1201 104 1169 1191 1173 403 144 1155 883 206 950 1364 1040 309 769 1422 797 473 1155 1482 1000 221 0 402 1318 632 1210 543 794 1357 957 1002 231 119 1164 561 951 1322 914 835 1300 904 917 289 898 1196 753 1162 923 1011 1538 683 994 1117 554 1511 1384
522 1095 560 813 963 561 1187 671 1221 457 365 261 457 892 343 860 882 864 303 383 846 574 218 641 1055 731 241 384 1113 440 346 846 1173 691 461 402 0 1009 323 902 234 485 1048 648 693 321 359 855 283 642 1013 605 526 991 595 608 128 589 887 368 853 614 702 1229 374 685 808 237 1202 1075
581 191 854 570 339 632 195 428 546 748 1021 1067 1130 650 1260 308 162 436 937 1299 604 645 1177 770 431 488 1099 1127 209 1069 855 1178 268 448 1119 1318 1009 0 833 277 869 592 423 773 347 1280 1219 1187 793 768 371 937 816 366 733 940 1087 451 645 1143 1185 810 1034 554 828 442 380 880 241 82
345 918 383 636 786 385 1010 494 1044 281 215 359 444 716 573 683 706 688 251 613 670 397 490 465 879 554 413 321 936 264 169 669 996 514 433 632 323 833 0 725 183 309 871 472 516 593 532 678 106 465 836 428 349 814 418 431 401 412 711 338 677 437 525 1052 197 508 631 193 1025 898
473 363 747 462 81 524 305 320 339 640 913 959 1023 542 1152 201 150 329 830 1191 496 537 1069 662 213 380 991 1019 381 961 747 1070 440 340 1011 1210 902 277 725 0 761 484 166 665 239 1172 1111 1079 685 660 131 829 709 109 625 832 979 343 537 1035 1077 702 926 348 720 334 272 772 321 343
381 955 419 672 822 421 1046 530 1080 317 190 216 449 752 485 719 742 724 163 524 706 434 402 501 915 590 324 329 973 271 205 706 1032 550 344 543 234 869 183 761 0 345 907 508 552 505 444 714 142 502 872 464 385 850 454 468 312 448 747 345 713 473 561 1089 233 544 667 33 1062 934
90 678 386 395 545 175 769 253 803 224 497 543 606 475 736 442 465 447 414 775 429 188 653 313 638 313 575 603 695 545 331 673 755 273 595 794 485 592 309 484 345 0 630 317 275 756 695 681 269 311 595 431 292 573 209 435 563 203 470 619 680 353 528 812 304 267 390 356 785 657
619 509 893 609 139 671 363 467 397 786 1059 1105 1169 688 1298 347 297 475 976 1338 642 683 1215 808 110 526 1138 1165 527 1108 894 1216 587 486 1157 1357 1048 423 871 166 907 630 0 812 385 1318 1257 1225 831 806 189 975 855 167 771 978 1126 490 683 1182 1224 848 1072 406 866 481 418 918 379 484
353 859 109 577 727 166 951 435 985 441 660 706 769 656 899 624 646 628 577 938 610 145 816 77 819 495 738 766 877 708 494 433 937 454 758 957 648 773 472 665 508 317 812 0 457 919 858 442 432 78 777 192 510 755 291 195 726 353 651 782 440 65 288 993 320 449 572 519 966 839
264 433 538 253 300 315 524 111 558 431 704 750 814 333 943 197 220 202 621 982 287 328 860 453 393 171 782 810 451 753 538 861 510 131 802 1002 693 347 516 239 552 275 385 457 0 963 902 870 476 451 350 620 500 328 416 623 770 135 328 827 869 493 717 567 511 125 145 563 540 412
792 1365 830 1083 1233 832 1457 941 1491 728 669 565 286 1163 172 1130 1153 1135 376 212 1117 844 125 912 1326 1001 228 688 1383 744 446 1116 1443 961 290 231 321 1280 593 1172 505 756 1318 919 963 0 188 1125 535 912 1283 875 796 1261 865 878 208 859 1158 672 1124 884 972 1499 644 955 1078 515 1472 1345
731 1305 769 1022 1172 771 1396 880 1430 667 615 603 118 1102 61 1069 1092 1074 303 100 1056 783 163 851 1265 940 266 726 1322 697 373 1055 1382 900 122 119 359 1219 532 1111 444 695 1257 858 902 188 0 1064 461 851 1222 814 735 1200 804 817 246 798 1097 710 1063 823 911 1439 583 894 1017 455 1411 1284
718 1273 353 990 1140 579 1364 848 1398 757 866 912 976 1070 1105 1037 1060 1042 783 1145 1024 558 1022 435 1233 908 945 972 1291 915 701 69 1350 868 965 1164 855 1187 678 1079 714 681 1225 442 870 1125 1064 0 638 435 1190 311 825 1168 497 313 933 766 1065 989 73 407 197 1407 526 862 985 725 1380 1252
305 878 343 596 746 345 970 454 1004 241 294 341 373 676 502 643 666 648 180 542 629 357 432 425 839 514 342 400 896 343 98 629 956 474 362 561 283 793 106 685 142 269 831 432 476 535 461 638 0 425 796 388 309 774 378 391 361 372 670 417 636 397 485 1012 157 468 591 153 985 858
347 854 103 571 721 160 945 429 979 435 654 700 763 651 892 618 641 623 570 932 605 139 810 71 814 489 732 759 871 702 488 427 931 449 752 951 642 768 465 660 502 311 806 78 451 912 851 435 425 0 771 185 504 749 284 188 720 347 646 776 434 58 282 988 314 443 566 513 961 833
584 406 858 573 70 635 195 431 229 751 1024 1070 1134 653 1263 312 261 440 941 1302 607 648 1180 773 279 491 1102 1130 492 1073 858 1181 552 451 1122 1322 1013 371 836 131 872 595 189 777 350 1283 1222 1190 796 771 0 940 820 44 736 943 1090 455 648 1147 1189 813 1037 238 831 445 383 883 211 316
468 1023 103 740 890 329 1114 598 1148 507 616 662 726 820 855 787 810 792 533 895 774 308 772 185 983 658 695 722 1041 665 451 303 1100 618 715 914 605 937 428 829 464 431 975 192 620 875 814 311 388 185 940 0 575 918 247 93 683 516 815 739 310 157 158 1157 276 612 735 475 1130 1002
329 902 530 620 770 368 994 478 1028 89 537 584 647 699 776 667 689 671 454 816 653 381 693 506 862 538 616 643 920 586 372 817 980 498 636 835 526 816 349 709 385 292 855 510 500 796 735 825 309 504 820 575 0 798 402 579 604 396 694 660 824 546 672 1036 344 492 615 396 1009 882
562 429 836 551 59 613 218 409 252 729 1002 1048 1112 631 1241 290 239 418 919 1280 585 626 1158 751 257 469 1081 1108 470 1051 836 1159 530 429 1100 1300 991 366 814 109 850 573 167 755 328 1261 1200 1168 774 749 44 918 798 0 714 921 1068 433 626 1125 1167 791 1015 260 809 423 361 861 233 339
245 818 202 536 686 285 910 394 944 333 606 652 716 616 845 583 606 588 523 885 570 297 762 284 779 454 685 712 836 655 441 488 896 414 704 904 595 733 418 625 454 209 771 291 416 865 804 497 378 284 736 247 402 714 0 250 673 312 611 729 495 256 344 952 331 408 531 465 925 798
471 1026 106 743 893 332 1117 601 1151 510 619 666 729 823 858 790 813 795 536 898 777 311 775 188 986 661 698 725 1044 668 454 304 1103 621 718 917 608 940 431 832 468 435 978 195 623 878 817 313 391 188 943 93 579 921 250 0 686 519 818 742 311 160 159 1160 280 615 738 478 1133 1005
600 1173 638 891 1041 639 1264 749 1299 535 477 372 344 970 230 937 960 942 258 270 924 652 105 719 1133 808 128 496 1191 552 321 924 1250 768 348 289 128 1087 401 979 312 563 1126 726 770 208 246 933 361 720 1090 683 604 1068 673 686 0 666 965 480 931 691 779 1307 451 763 886 323 1280 1152
239 537 434 255 405 211 628 113 663 327 600 646 710 334 839 302 324 306 517 878 288 224 756 349 497 173 678 706 555 648 434 757 615 132 698 898 589 451 412 343 448 203 490 353 135 859 798 766 372 347 455 516 396 433 312 519 666 0 329 722 764 389 613 671 407 127 250 459 644 517
459 731 732 115 598 510 822 241 856 626 899 945 1008 36 1138 495 518 500 815 1177 74 523 1055 648 691 222 977 1005 748 947 733 1056 808 229 997 1196 887 645 711 537 747 470 683 651 328 1158 1097 1065 670 646 648 815 694 626 611 818 965 329 0 1021 1063 688 912 865 706 246 443 758 837 710
656 1229 694 947 1097 695 1321 805 1355 591 182 194 755 1026 695 994 1016 998 490 734 980 708 569 775 1189 865 592 71 1247 88 479 980 1307 824 671 753 368 1143 338 1035 345 619 1182 782 827 672 710 989 417 776 1147 739 660 1125 729 742 480 722 1021 0 987 748 836 1363 508 819 942 334 1336 1209
716 1271 352 989 1139 578 1362 847 1397 755 865 911 974 1068 1104 1036 1058 1040 781 1143 1022 556 1021 433 1231 907 943 971 1289 913 699 64 1349 866 963 1162 853 1185 677 1077 713 680 1224 440 869 1124 1063 73 636 434 1189 310 824 1167 495 311 931 764 1063 987 0 405 196 1405 525 861 984 724 1378 1251
389 896 75 613 763 202 987 471 1021 478 625 671 735 693 864 660 683 665 542 903 647 181 781 58 856 531 704 731 913 674 459 398 973 491 723 923 614 810 437 702 473 353 848 65 493 884 823 407 397 58 813 157 546 791 256 160 691 389 688 748 405 0 254 1030 285 485 608 484 1003 875
565 1119 200 837 987 426 1211 695 1245 604 713 759 823 917 952 884 907 889 630 991 870 405 869 281 1080 755 791 819 1137 762 547 189 1197 715 811 1011 702 1034 525 926 561 528 1072 288 717 972 911 197 485 282 1037 158 672 1015 344 159 779 613 912 836 196 254 0 1253 373 709 832 572 1226 1099
800 590 1074 790 286 852 379 648 81 968 1241 1287 1350 870 1479 528 478 656 1157 1519 823 865 1397 990 495 708 1319 1346 709 1289 1075 1398 768 668 1339 1538 1229 554 1052 348 1089 812 406 993 567 1499 1439 1407 1012 988 238 1157 1036 260 952 1160 1307 671 865 1363 1405 1030 1253 0 1047 662 600 1100 394 500
340 913 231 631 781 380 1005 489 1039 276 385 431 495 711 624 678 701 683 302 663 665 392 541 313 874 549 464 491 931 434 219 518 991 509 483 683 374 828 197 720 233 304 866 320 511 644 583 526 157 314 831 276 344 809 331 280 451 407 706 508 525 285 373 1047 0 503 626 244 1020 893
256 528 530 172 396 308 619 91 654 423 696 742 806 251 935 292 315 297 613 975 205 320 852 445 488 96 775 802 546 745 531 853 605 103 795 994 685 442 508 334 544 267 481 449 125 955 894 862 468 443 445 612 492 423 408 615 763 127 246 819 861 485 709 662 503 0 241 555 635 508
379 466 653 369 333 431 557 227 591 546 819 866 929 448 1058 230 253 69 736 1098 402 443 975 568 426 287 898 925 484 868 654 977 543 246 918 1117 808 380 631 272 667 390 418 572 145 1078 1017 985 591 566 383 735 615 361 531 738 886 250 443 942 984 608 832 600 626 241 0 678 573 445
392 966 430 683 833 432 1057 541 1091 328 179 205 459 763 495 730 753 735 173 535 717 444 413 512 926 601 335 318 983 260 216 716 1043 561 355 554 237 880 193 772 33 356 918 519 563 515 455 725 153 513 883 475 396 861 465 478 323 459 758 334 724 484 572 1100 244 555 678 0 1073 945
773 276 1047 763 259 825 65 621 386 941 1214 1260 1323 842 1452 501 386 629 1130 1492 796 838 1370 963 468 681 1292 1319 433 1262 1048 1371 493 641 1312 1511 1202 241 1025 321 1062 785 379 966 540 1472 1411 1380 985 961 211 1130 1009 233 925 1133 1280 644 837 1336 1378 1003 1226 394 1020 635 573 1073 0 186
646 256 920 636 365 698 141 493 492 813 1086 1132 1196 715 1325 374 228 502 1003 1365 669 710 1242 835 497 553 1165 1192 274 1135 921 1243 334 513 1184 1384 1075 82 898 343 934 657 484 839 412 1345 1284 1252 858 833 316 1002 882 339 798 1005 1152 517 710 1209 1251 875 1099 500 893 508 445 945 186 0
EOF