NAME : tsp_problem
TYPE : TSP
DIMENSION : 88
EDGE_WEIGHT_TYPE : EXPLICIT
EDGE_WEIGHT_FORMAT : FULL_MATRIX
EDGE_WEIGHT_SECTION
0 448 495 1228 827 1230 1436 1103 412 458 1304 1214 997 1275 704 1144 815 1046 553 655 457 625 1207 816 881 640 529 1307 388 724 1066 1243 425 810 705 1071 358 368 737 1203 893 1439 608 390 977 491 1362 721 562 1384 682 1149 422 758 612 1266 283 882 343 1045 418 1185 1055 555 411 838 626 772 923 726 630 194 265 646 218 814 1136 1293 1276 794 1138 1462 711 1352 353 892 714 1094
448 0 312 972 571 974 1180 847 426 446 1048 958 741 1018 448 888 632 790 297 399 325 369 951 636 624 384 202 1051 132 468 810 987 68 627 449 815 285 418 481 947 637 1183 352 133 721 235 1106 538 306 1128 499 893 166 502 356 1010 338 626 471 789 373 929 799 299 155 659 443 516 667 543 374 273 320 389 522 558 880 1037 1020 611 882 1206 455 1096 170 636 458 838
495 312 0 1092 691 1093 1300 967 473 168 1168 1078 861 1138 568 1007 354 910 417 519 92 489 1071 358 744 503 393 1171 252 587 930 1106 289 348 569 934 332 184 601 1067 757 1302 472 253 840 355 1226 259 426 1248 221 1013 286 622 475 1130 385 746 238 909 140 1049 919 419 275 380 165 636 787 265 494 320 367 509 460 678 999 1157 1140 333 1002 1326 575 1216 187 756 578 958
1228 972 1092 0 510 871 299 252 1207 1227 945 606 336 396 920 225 1413 573 717 603 1105 626 289 1416 742 651 930 948 912 939 184 324 949 1407 921 266 1065 1198 572 595 738 345 824 881 315 892 326 1318 778 205 1280 100 946 593 827 517 1118 565 1251 384 1153 84 195 714 847 1439 1223 675 723 1323 649 1053 1100 655 1302 716 222 319 96 1392 496 386 625 172 951 710 628 613
827 571 691 510 0 633 717 385 805 825 708 496 279 556 519 425 1011 335 315 201 704 225 489 1015 382 250 529 711 511 538 347 524 548 1006 520 352 664 797 171 485 394 720 423 480 258 491 643 917 376 666 879 430 545 192 426 548 717 79 850 326 752 467 337 313 446 1038 822 273 357 922 248 652 699 254 901 315 417 574 557 991 420 743 224 633 549 326 227 376
1230 974 1093 871 633 0 1078 746 1208 1228 161 857 640 917 921 786 1414 331 718 623 1107 627 850 1418 359 671 932 163 914 941 708 885 951 1408 922 713 1067 1199 558 846 355 1081 825 882 619 893 1004 1319 779 1027 1281 791 948 504 829 909 1120 688 1253 687 1154 828 698 716 848 1440 1225 482 385 1325 669 1055 1102 675 1303 425 778 935 919 1393 781 1105 645 994 952 372 648 461
1436 1180 1300 299 717 1078 0 413 1414 1434 1153 798 543 557 1127 319 1620 781 924 810 1313 833 257 1624 949 859 1138 1156 1120 1147 392 229 1157 1615 1128 445 1273 1405 780 802 946 199 1032 1088 523 1100 179 1526 985 207 1487 362 1154 801 1035 678 1326 772 1459 591 1361 332 403 922 1054 1647 1431 882 930 1531 857 1261 1308 863 1509 924 382 173 233 1599 704 240 833 153 1158 917 836 821
1103 847 967 252 385 746 413 0 1082 1102 820 481 211 357 795 214 1288 448 592 478 980 501 277 1292 617 526 805 824 787 814 136 313 824 1282 796 64 940 1073 447 470 613 460 699 756 190 767 432 1193 653 319 1155 219 821 468 702 478 993 440 1126 258 1028 256 125 589 722 1314 1098 550 598 1198 524 928 975 530 1177 591 49 377 210 1267 371 500 500 286 826 585 503 488
412 426 473 1207 805 1208 1414 1082 0 607 1282 1193 975 1253 682 1122 793 1024 531 634 486 603 1185 797 859 618 507 1286 366 702 1044 1221 403 788 683 1049 169 553 715 1182 871 1417 586 368 955 469 1340 699 540 1363 661 1127 400 736 590 1245 155 860 528 1023 534 1163 1033 534 390 820 604 751 901 704 608 237 170 624 486 792 1114 1271 1254 773 1116 1440 689 1330 332 870 692 1072
458 446 168 1227 825 1228 1434 1102 607 0 1302 1213 995 1273 702 1142 435 1044 551 654 226 623 1205 439 879 638 527 1306 386 722 1064 1241 423 429 703 1069 466 188 735 1202 891 1437 607 388 975 489 1360 340 560 1383 302 1147 420 756 610 1265 514 880 131 1043 237 1183 1053 554 410 461 246 771 921 346 628 425 496 644 385 812 1134 1291 1274 414 1136 1460 709 1350 321 890 712 1092
1304 1048 1168 945 708 161 1153 820 1282 1302 0 931 714 991 996 861 1488 405 792 697 1181 702 924 1492 433 746 1006 73 988 1015 783 960 1025 1483 997 788 1141 1274 633 920 430 1156 900 957 693 968 1079 1394 853 1101 1356 866 1022 578 903 983 1194 762 1327 762 1229 902 772 790 923 1515 1299 557 459 1399 743 1129 1176 750 1378 499 852 1010 993 1468 855 1179 720 1069 1026 446 723 536
1214 958 1078 606 496 857 798 481 1193 1213 931 0 288 271 906 521 1399 559 703 589 1091 612 585 1403 728 638 916 935 898 925 443 620 935 1393 907 448 1052 1184 558 50 724 816 810 867 323 878 739 1304 764 704 1266 526 932 579 813 142 1104 551 1237 246 1139 563 432 700 833 1425 1210 661 709 1310 635 1039 1086 642 1288 702 513 684 596 1378 135 857 611 672 937 696 614 599
997 741 861 336 279 640 543 211 975 995 714 288 0 295 689 251 1182 342 486 372 874 395 315 1185 510 420 699 717 681 708 173 350 718 1176 690 178 834 967 341 277 507 546 593 650 53 661 469 1087 547 492 1049 257 715 362 596 307 887 333 1020 66 922 293 163 483 616 1208 992 444 492 1092 418 822 869 424 1071 485 243 414 383 1161 179 587 394 459 720 479 397 382
1275 1018 1138 396 556 917 557 357 1253 1273 991 271 295 0 966 528 1459 619 763 649 1152 672 592 1463 788 698 976 995 958 985 451 628 995 1453 967 389 1112 1244 618 282 784 603 870 927 331 938 584 1364 824 463 1326 460 993 639 873 150 1165 611 1297 258 1199 429 440 760 893 1485 1270 721 769 1370 695 1099 1146 702 1348 762 326 577 354 1438 273 644 671 430 997 756 674 659
704 448 568 920 519 921 1127 795 682 702 996 906 689 966 0 835 888 738 245 347 581 317 899 892 572 331 406 999 388 152 757 934 425 883 166 762 541 674 428 895 585 1130 159 356 668 368 1053 794 167 1076 756 840 422 449 144 958 594 573 727 736 629 877 747 247 323 915 699 464 615 799 321 529 576 337 778 505 827 984 968 868 830 1153 402 1043 426 583 405 786
1144 888 1007 225 425 786 319 214 1122 1142 861 521 251 528 835 0 1328 489 632 518 1021 541 90 1332 657 567 846 864 828 855 100 125 864 1322 836 181 981 1113 487 510 654 321 739 796 230 807 244 1233 693 374 1195 146 862 508 743 540 1034 480 1167 299 1068 182 110 630 762 1354 1139 590 638 1239 564 969 1016 571 1217 631 246 189 285 1307 411 362 540 319 866 625 543 529
815 632 354 1413 1011 1414 1620 1288 793 435 1488 1399 1182 1459 888 1328 0 1230 737 840 412 809 1391 78 1065 824 713 1492 572 908 1250 1427 609 42 889 1255 652 505 921 1388 1077 1623 793 574 1161 675 1546 174 746 1569 212 1333 606 942 796 1451 705 1066 541 1229 460 1369 1239 740 596 56 198 957 1107 169 814 640 687 830 780 998 1320 1477 1460 37 1322 1646 895 1536 508 1076 898 1278
1046 790 910 573 335 331 781 448 1024 1044 405 559 342 619 738 489 1230 0 534 421 923 444 552 1234 201 469 748 408 730 757 411 588 767 1225 739 416 883 1016 356 548 198 784 642 699 321 710 707 1136 595 729 1098 494 764 301 645 611 936 390 1069 390 971 530 400 532 665 1257 1041 325 183 1141 467 871 918 473 1120 267 480 638 621 1210 483 807 443 697 768 170 446 164
553 297 417 717 315 718 924 592 531 551 792 703 486 763 245 632 737 534 0 180 430 113 695 741 369 164 255 796 237 264 554 731 274 732 246 559 390 523 225 692 381 927 149 206 465 217 850 643 102 873 605 637 271 246 152 755 443 370 576 533 478 673 543 59 172 764 548 261 411 648 154 378 425 170 627 302 624 781 764 717 626 950 235 840 276 380 238 582
655 399 519 603 201 623 810 478 634 654 697 589 372 649 347 518 840 421 180 0 532 165 581 844 322 64 357 700 339 366 440 617 376 834 348 445 493 625 111 578 335 813 251 308 351 319 736 745 205 759 707 523 373 132 254 641 545 256 678 419 580 560 430 182 274 866 651 214 298 751 62 480 527 68 729 255 510 667 650 819 513 836 71 726 378 266 74 469
457 325 92 1105 704 1107 1313 980 486 226 1181 1091 874 1152 581 1021 412 923 430 532 0 502 1084 416 758 517 406 1184 265 601 943 1120 302 407 582 948 345 109 614 1080 770 1316 485 267 854 368 1239 318 439 1261 280 1026 299 635 489 1144 398 759 162 922 64 1062 932 432 288 439 223 649 800 323 507 333 380 523 384 691 1013 1170 1153 392 1015 1339 588 1229 200 769 591 971
625 369 489 626 225 627 833 501 603 623 702 612 395 672 317 541 809 444 113 165 502 0 605 813 278 214 327 705 309 336 463 640 346 804 318 468 462 595 134 601 291 836 221 277 374 289 759 715 174 782 677 546 343 155 224 664 515 279 648 442 550 583 453 111 244 836 620 170 321 720 211 450 497 218 699 211 533 690 674 789 536 860 188 749 347 289 190 492
1207 951 1071 289 489 850 257 277 1185 1205 924 585 315 592 899 90 1391 552 695 581 1084 605 0 1395 720 630 909 927 891 918 163 69 928 1386 900 245 1044 1177 551 573 717 259 803 860 294 871 182 1297 756 312 1259 209 925 572 806 603 1097 543 1230 362 1132 246 174 693 826 1418 1202 653 702 1302 628 1032 1079 634 1281 695 310 127 337 1371 475 300 604 257 929 689 607 592
817 634 356 1414 1013 1416 1622 1289 795 437 1490 1400 1183 1460 890 1330 78 1232 739 841 414 811 1393 0 1066 826 715 1493 574 910 1252 1429 611 83 891 1257 654 507 923 1389 1079 1625 794 575 1163 677 1548 112 748 1570 150 1335 608 944 798 1452 707 1068 542 1231 462 1371 1241 741 597 44 258 958 1109 107 816 642 689 831 782 1000 1321 1479 1462 97 1324 1648 897 1538 509 1078 900 1280
881 624 744 742 382 359 949 617 859 879 433 728 510 788 572 657 1065 201 369 322 758 278 720 1069 0 371 582 436 564 591 579 756 601 1059 573 584 718 850 291 717 75 952 476 533 490 544 875 970 430 898 932 662 598 312 479 780 771 436 903 558 805 698 568 366 499 1091 876 133 255 976 368 705 752 375 954 75 649 806 789 1044 651 975 345 865 603 243 347 332
640 384 503 651 250 671 859 526 618 638 746 638 420 698 331 567 824 469 164 64 517 214 630 828 371 0 341 749 323 350 489 666 360 818 332 494 477 609 160 626 383 862 235 292 400 303 785 729 189 808 691 572 358 181 238 690 530 305 662 468 564 608 478 166 258 850 635 263 346 735 46 465 511 54 713 304 559 716 699 803 561 885 119 775 362 315 122 517
529 202 393 930 529 932 1138 805 507 527 1006 916 699 976 406 846 713 748 255 357 406 327 909 717 582 341 0 1009 213 425 768 945 225 708 407 773 366 499 439 905 595 1141 310 182 678 193 1064 619 264 1086 581 851 247 460 313 968 419 584 552 747 454 887 757 257 148 740 524 474 625 624 332 354 401 347 603 516 837 995 978 693 840 1164 413 1054 252 594 416 796
1307 1051 1171 948 711 163 1156 824 1286 1306 73 935 717 995 999 864 1492 408 796 700 1184 705 927 1495 436 749 1009 0 991 1018 786 963 1028 1486 1000 791 1144 1277 636 923 433 1159 903 960 697 971 1082 1397 857 1105 1359 869 1025 581 906 987 1197 766 1330 765 1232 905 775 793 926 1518 1302 560 462 1402 747 1132 1179 753 1381 502 856 1013 996 1471 858 1182 723 1072 1030 449 726 539
388 132 252 912 511 914 1120 787 366 386 988 898 681 958 388 828 572 730 237 339 265 309 891 576 564 323 213 991 0 408 750 927 109 567 389 755 225 357 421 887 577 1123 292 73 660 175 1046 478 246 1068 439 833 92 442 295 950 278 566 411 729 313 869 739 239 95 599 383 456 607 483 314 213 260 329 461 498 819 977 960 551 822 1146 395 1036 110 576 398 778
724 468 587 939 538 941 1147 814 702 722 1015 925 708 985 152 855 908 757 264 366 601 336 918 912 591 350 425 1018 408 0 777 954 444 902 139 782 561 693 448 914 604 1150 178 376 687 387 1073 813 186 1095 775 860 442 469 164 977 614 593 746 756 648 896 766 266 342 934 719 483 634 819 341 549 595 356 797 525 846 1004 987 887 849 1173 422 1063 446 603 425 805
1066 810 930 184 347 708 392 136 1044 1064 783 443 173 451 757 100 1250 411 554 440 943 463 163 1254 579 489 768 786 750 777 0 199 787 1245 758 103 903 1035 410 432 576 395 662 718 153 730 318 1155 615 353 1117 105 784 431 665 462 956 402 1089 221 991 141 33 552 684 1276 1061 512 560 1161 487 891 938 493 1139 554 168 263 244 1229 334 436 463 320 788 547 466 451
1243 987 1106 324 524 885 229 313 1221 1241 960 620 350 628 934 125 1427 588 731 617 1120 640 69 1431 756 666 945 963 927 954 199 0 964 1421 935 280 1080 1212 586 609 753 232 838 895 330 906 155 1332 792 285 1294 245 961 607 842 639 1133 579 1266 398 1167 281 210 729 861 1453 1238 689 737 1338 663 1068 1115 670 1316 731 345 100 310 1406 511 273 640 230 965 724 643 628
425 68 289 949 548 951 1157 824 403 423 1025 935 718 995 425 864 609 767 274 376 302 346 928 613 601 360 225 1028 109 444 787 964 0 604 426 791 262 394 458 924 614 1159 329 110 697 212 1083 514 283 1105 476 870 143 479 332 987 315 603 448 766 350 906 776 276 132 636 420 493 644 520 351 250 297 366 498 535 856 1014 997 588 859 1183 432 1073 147 613 435 815
810 627 348 1407 1006 1408 1615 1282 788 429 1483 1393 1176 1453 883 1322 42 1225 732 834 407 804 1386 83 1059 818 708 1486 567 902 1245 1421 604 0 884 1249 647 499 916 1382 1072 1617 787 568 1155 670 1541 180 741 1563 218 1328 601 937 790 1445 700 1061 535 1224 455 1364 1234 734 590 62 193 951 1102 175 809 635 682 824 775 993 1314 1472 1455 31 1317 1641 890 1531 502 1070 892 1273
705 449 569 921 520 922 1128 796 683 703 997 907 690 967 166 836 889 739 246 348 582 318 900 893 573 332 407 1000 389 139 758 935 426 884 0 763 542 675 429 896 586 1131 160 357 669 369 1054 795 168 1077 757 841 423 450 145 959 595 574 728 737 630 878 748 248 324 916 700 465 616 800 322 530 577 338 779 506 828 985 969 869 831 1154 403 1044 427 584 406 787
1071 815 934 266 352 713 445 64 1049 1069 788 448 178 389 762 181 1255 416 559 445 948 468 245 1259 584 494 773 791 755 782 103 280 791 1249 763 0 908 1040 414 437 581 476 666 723 157 734 399 1160 620 351 1122 187 789 435 670 467 961 407 1094 226 995 223 93 557 689 1281 1066 517 565 1166 491 896 943 498 1144 558 82 344 243 1234 338 517 467 319 793 552 470 456
358 285 332 1065 664 1067 1273 940 169 466 1141 1052 834 1112 541 981 652 883 390 493 345 462 1044 656 718 477 366 1144 225 561 903 1080 262 647 542 908 0 438 574 1040 730 1276 445 227 814 328 1199 558 399 1221 520 986 259 595 449 1104 240 719 474 882 393 1022 892 392 248 679 463 609 760 563 467 183 230 483 431 651 973 1130 1113 632 975 1299 548 1189 190 729 551 931
368 418 184 1198 797 1199 1405 1073 553 188 1274 1184 967 1244 674 1113 505 1016 523 625 109 595 1177 509 850 609 499 1277 357 693 1035 1212 394 499 675 1040 438 0 706 1173 863 1408 578 359 946 460 1331 410 531 1354 372 1118 392 727 581 1236 424 851 73 1014 69 1155 1025 525 381 531 316 742 893 416 599 335 406 615 295 783 1105 1262 1246 484 1108 1432 680 1321 293 861 683 1064
737 481 601 572 171 558 780 447 715 735 633 558 341 618 428 487 921 356 225 111 614 134 551 925 291 160 439 636 421 448 410 586 458 916 429 414 574 706 0 547 304 782 333 389 320 401 706 827 286 728 788 493 455 86 336 610 627 226 760 389 662 529 399 223 355 948 732 183 233 832 158 562 609 164 810 225 479 637 620 900 482 806 134 696 459 202 137 438
1203 947 1067 595 485 846 802 470 1182 1202 920 50 277 282 895 510 1388 548 692 578 1080 601 573 1391 717 626 905 923 887 914 432 609 924 1382 896 437 1040 1173 547 0 713 805 799 856 312 867 728 1293 753 715 1255 515 921 568 802 153 1093 540 1226 235 1128 552 421 689 822 1414 1198 650 698 1298 624 1028 1075 630 1277 691 502 673 607 1367 124 846 600 683 926 685 603 588
893 637 757 738 394 355 946 613 871 891 430 724 507 784 585 654 1077 198 381 335 770 291 717 1081 75 383 595 433 577 604 576 753 614 1072 586 581 730 863 304 713 0 949 489 546 487 557 872 983 442 894 945 659 611 325 492 776 783 449 916 555 818 695 565 379 512 1104 888 146 252 988 381 718 765 387 967 88 645 803 786 1057 648 972 357 862 615 239 360 329
1439 1183 1302 345 720 1081 199 460 1417 1437 1156 816 546 603 1130 321 1623 784 927 813 1316 836 259 1627 952 862 1141 1159 1123 1150 395 232 1159 1617 1131 476 1276 1408 782 805 949 0 1034 1091 525 1102 87 1528 988 254 1490 409 1157 803 1038 725 1329 775 1462 594 1363 378 405 925 1057 1649 1434 885 933 1534 859 1264 1311 866 1512 926 429 175 280 1602 706 67 835 200 1161 920 838 824
608 352 472 824 423 825 1032 699 586 607 900 810 593 870 159 739 793 642 149 251 485 221 803 796 476 235 310 903 292 178 662 838 329 787 160 666 445 578 333 799 489 1034 0 261 572 272 958 698 80 980 660 745 326 354 66 862 498 478 631 641 533 781 651 151 227 819 603 368 519 703 226 433 480 241 682 409 731 889 872 772 734 1058 307 948 331 487 309 690
390 133 253 881 480 882 1088 756 368 388 957 867 650 927 356 796 574 699 206 308 267 277 860 578 533 292 182 960 73 376 718 895 110 568 357 723 227 359 389 856 546 1091 261 0 629 143 1014 479 214 1037 441 801 108 410 264 919 280 534 412 697 314 838 708 208 97 600 385 425 576 485 282 214 261 298 463 466 788 945 928 553 791 1114 363 1004 112 544 366 747
977 721 840 315 258 619 523 190 955 975 693 323 53 331 668 230 1161 321 465 351 854 374 294 1165 490 400 678 697 660 687 153 330 697 1155 669 157 814 946 320 312 487 525 572 629 0 640 449 1066 526 471 1028 236 695 341 575 342 867 313 999 101 901 272 142 462 595 1187 972 423 471 1072 397 802 848 404 1050 464 222 393 363 1140 214 566 373 439 699 458 376 361
491 235 355 892 491 893 1100 767 469 489 968 878 661 938 368 807 675 710 217 319 368 289 871 679 544 303 193 971 175 387 730 906 212 670 369 734 328 460 401 867 557 1102 272 143 640 0 1025 581 226 1048 542 813 209 422 275 930 381 546 514 709 416 849 719 219 109 702 486 436 587 586 294 316 363 309 564 477 799 957 940 654 802 1126 374 1016 213 555 377 758
1362 1106 1226 326 643 1004 179 432 1340 1360 1079 739 469 584 1053 244 1546 707 850 736 1239 759 182 1550 875 785 1064 1082 1046 1073 318 155 1083 1541 1054 399 1199 1331 706 728 872 87 958 1014 449 1025 0 1451 911 234 1413 364 1080 727 961 705 1252 698 1385 517 1286 359 329 848 980 1572 1357 808 856 1457 783 1187 1234 789 1435 850 409 99 260 1525 630 128 759 180 1084 843 762 747
721 538 259 1318 917 1319 1526 1193 699 340 1394 1304 1087 1364 794 1233 174 1136 643 745 318 715 1297 112 970 729 619 1397 478 813 1155 1332 514 180 795 1160 558 410 827 1293 983 1528 698 479 1066 581 1451 0 652 1474 64 1239 512 848 701 1356 611 972 446 1135 365 1275 1145 645 501 135 206 862 1013 107 720 546 593 735 686 903 1225 1383 1366 193 1228 1552 800 1442 413 981 803 1184
562 306 426 778 376 779 985 653 540 560 853 764 547 824 167 693 746 595 102 205 439 174 756 750 430 189 264 857 246 186 615 792 283 741 168 620 399 531 286 753 442 988 80 214 526 226 911 652 0 934 613 698 280 307 74 816 452 431 585 594 487 734 604 105 180 773 557 322 472 657 179 387 434 195 635 363 685 842 825 725 687 1011 260 901 284 441 263 643
1384 1128 1248 205 666 1027 207 319 1363 1383 1101 704 492 463 1076 374 1569 729 873 759 1261 782 312 1573 898 808 1086 1105 1068 1095 353 285 1105 1563 1077 351 1221 1354 728 715 894 254 980 1037 471 1048 234 1474 934 0 1436 268 1102 749 983 584 1274 721 1407 533 1309 238 363 870 1003 1595 1379 831 879 1479 805 1209 1256 811 1458 872 288 228 139 1548 646 295 781 81 1107 866 784 769
682 499 221 1280 879 1281 1487 1155 661 302 1356 1266 1049 1326 756 1195 212 1098 605 707 280 677 1259 150 932 691 581 1359 439 775 1117 1294 476 218 757 1122 520 372 788 1255 945 1490 660 441 1028 542 1413 64 613 1436 0 1200 473 809 663 1318 572 933 408 1096 327 1237 1107 607 463 172 168 824 975 69 681 507 554 697 647 865 1187 1344 1328 231 1190 1513 762 1403 375 943 765 1146
1149 893 1013 100 430 791 362 219 1127 1147 866 526 257 460 840 146 1333 494 637 523 1026 546 209 1337 662 572 851 869 833 860 105 245 870 1328 841 187 986 1118 493 515 659 409 745 801 236 813 364 1239 698 268 1200 0 867 514 748 545 1039 485 1172 304 1074 57 116 635 767 1360 1144 595 643 1244 570 974 1021 576 1222 637 251 309 160 1312 417 450 546 236 871 631 549 534
422 166 286 946 545 948 1154 821 400 420 1022 932 715 993 422 862 606 764 271 373 299 343 925 610 598 358 247 1025 92 442 784 961 143 601 423 789 259 392 455 921 611 1157 326 108 695 209 1080 512 280 1102 473 867 0 476 330 984 312 600 445 763 347 903 773 273 129 633 417 490 641 517 348 247 294 364 496 532 854 1011 994 586 856 1180 429 1070 144 610 432 812
758 502 622 593 192 504 801 468 736 756 578 579 362 639 449 508 942 301 246 132 635 155 572 946 312 181 460 581 442 469 431 607 479 937 450 435 595 727 86 568 325 803 354 410 341 422 727 848 307 749 809 514 476 0 357 631 648 247 781 410 683 550 420 244 376 969 753 204 178 853 179 583 630 185 831 246 500 658 641 921 503 827 155 717 480 147 158 432
612 356 475 827 426 829 1035 702 590 610 903 813 596 873 144 743 796 645 152 254 489 224 806 800 479 238 313 906 295 164 665 842 332 790 145 670 449 581 336 802 492 1038 66 264 575 275 961 701 74 983 663 748 330 357 0 865 502 481 634 644 536 784 654 154 230 822 607 371 522 707 229 437 483 244 685 413 734 892 875 775 737 1061 310 951 334 491 313 693
1266 1010 1130 517 548 909 678 478 1245 1265 983 142 307 150 958 540 1451 611 755 641 1144 664 603 1455 780 690 968 987 950 977 462 639 987 1445 959 467 1104 1236 610 153 776 725 862 919 342 930 705 1356 816 584 1318 545 984 631 865 0 1157 603 1289 265 1191 550 451 752 885 1477 1262 713 761 1362 687 1091 1138 694 1340 754 448 699 475 1430 154 766 663 551 989 748 666 651
283 338 385 1118 717 1120 1326 993 155 514 1194 1104 887 1165 594 1034 705 936 443 545 398 515 1097 709 771 530 419 1197 278 614 956 1133 315 700 595 961 240 424 627 1093 783 1329 498 280 867 381 1252 611 452 1274 572 1039 312 648 502 1157 0 772 399 935 446 1075 945 445 301 732 516 662 813 616 520 108 101 536 357 704 1026 1183 1166 685 1028 1352 601 1242 243 782 604 984
882 626 746 565 79 688 772 440 860 880 762 551 333 611 573 480 1066 390 370 256 759 279 543 1070 436 305 584 766 566 593 402 579 603 1061 574 407 719 851 226 540 449 775 478 534 313 546 698 972 431 721 933 485 600 247 481 603 772 0 905 381 807 521 391 368 500 1093 877 328 412 977 303 707 754 309 955 370 472 629 612 1045 474 798 279 688 604 381 282 430
343 471 238 1251 850 1253 1459 1126 528 131 1327 1237 1020 1297 727 1167 541 1069 576 678 162 648 1230 544 903 662 552 1330 411 746 1089 1266 448 535 728 1094 474 73 760 1226 916 1462 631 412 999 514 1385 446 585 1407 408 1172 445 781 634 1289 399 905 0 1068 123 1208 1078 578 434 567 351 795 946 451 653 310 381 668 270 837 1158 1316 1299 520 1161 1485 734 1375 346 915 737 1117
1045 789 909 384 326 687 591 258 1023 1043 762 246 66 258 736 299 1229 390 533 419 922 442 362 1233 558 468 747 765 729 756 221 398 766 1224 737 226 882 1014 389 235 555 594 641 697 101 709 517 1135 594 533 1096 304 763 410 644 265 935 381 1068 0 970 340 210 531 663 1256 1040 491 539 1140 466 870 917 472 1118 533 291 462 425 1208 137 635 442 501 767 526 445 430
418 373 140 1153 752 1154 1361 1028 534 237 1229 1139 922 1199 629 1068 460 971 478 580 64 550 1132 464 805 564 454 1232 313 648 991 1167 350 455 630 995 393 69 662 1128 818 1363 533 314 901 416 1286 365 487 1309 327 1074 347 683 536 1191 446 807 123 970 0 1110 980 480 336 486 271 697 848 371 555 381 428 570 344 738 1060 1218 1201 439 1063 1387 636 1277 248 816 638 1019
1185 929 1049 84 467 828 332 256 1163 1183 902 563 293 429 877 182 1369 530 673 560 1062 583 246 1373 698 608 887 905 869 896 141 281 906 1364 878 223 1022 1155 529 552 695 378 781 838 272 849 359 1275 734 238 1237 57 903 550 784 550 1075 521 1208 340 1110 0 152 671 804 1396 1180 632 680 1280 606 1010 1057 612 1259 673 255 345 129 1349 453 419 582 205 908 667 585 570
1055 799 919 195 337 698 403 125 1033 1053 772 432 163 440 747 110 1239 400 543 430 932 453 174 1243 568 478 757 775 739 766 33 210 776 1234 748 93 892 1025 399 421 565 405 651 708 142 719 329 1145 604 363 1107 116 773 420 654 451 945 391 1078 210 980 152 0 541 674 1266 1050 502 550 1150 476 880 927 482 1129 543 158 273 255 1219 323 446 452 331 777 537 455 440
555 299 419 714 313 716 922 589 534 554 790 700 483 760 247 630 740 532 59 182 432 111 693 744 366 166 257 793 239 266 552 729 276 734 248 557 392 525 223 689 379 925 151 208 462 219 848 645 105 870 607 635 273 244 154 752 445 368 578 531 480 671 541 0 174 766 550 258 409 650 156 380 427 172 629 300 621 779 762 719 624 948 237 838 278 378 240 580
411 155 275 847 446 848 1054 722 390 410 923 833 616 893 323 762 596 665 172 274 288 244 826 600 499 258 148 926 95 342 684 861 132 590 324 689 248 381 355 822 512 1057 227 97 595 109 980 501 180 1003 463 767 129 376 230 885 301 500 434 663 336 804 674 174 0 622 406 391 542 506 248 236 283 264 485 432 754 911 895 575 757 1081 329 970 134 510 332 713
839 656 378 1437 1036 1438 1644 1312 818 459 1513 1423 1206 1483 913 1352 56 1255 762 864 437 834 1416 44 1089 848 738 1516 596 932 1274 1451 633 62 914 1279 677 529 945 1412 1102 1647 817 598 1185 699 1570 135 770 1593 172 1357 630 966 820 1475 729 1090 565 1253 484 1394 1264 764 620 0 236 981 1132 129 838 664 711 854 804 1022 1344 1501 1485 75 1347 1670 919 1560 532 1100 922 1303
626 443 165 1223 822 1225 1431 1098 604 246 1299 1210 992 1270 699 1139 198 1041 548 651 223 620 1202 258 876 635 524 1302 383 719 1061 1238 420 193 700 1066 463 316 732 1198 888 1434 603 385 972 486 1357 206 557 1379 168 1144 417 753 607 1262 516 877 351 1040 271 1180 1050 550 406 236 0 767 918 212 625 451 498 641 591 809 1131 1288 1271 178 1133 1457 706 1347 318 887 709 1089
772 516 636 675 273 482 882 550 751 771 557 661 444 721 464 590 957 325 261 214 649 170 653 960 133 263 474 560 456 483 512 689 493 951 465 517 609 742 183 650 146 885 368 425 423 436 808 862 322 831 824 595 490 204 371 713 662 328 795 491 697 632 502 258 391 983 767 0 370 867 260 597 644 267 846 109 582 739 722 936 585 908 236 798 495 338 239 455
923 667 787 723 357 385 930 598 901 921 459 709 492 769 615 638 1107 183 411 298 800 321 702 1111 255 346 625 462 607 634 560 737 644 1102 616 565 760 893 233 698 252 933 519 576 471 587 856 1013 472 879 975 643 641 178 522 761 813 412 946 539 848 680 550 409 542 1134 918 370 0 1018 344 748 795 350 997 321 630 787 770 1087 633 956 320 846 645 100 323 313
726 543 265 1323 922 1325 1531 1198 704 346 1399 1310 1092 1370 799 1239 169 1141 648 751 323 720 1302 107 976 735 624 1402 483 819 1161 1338 520 175 800 1166 563 416 832 1298 988 1534 703 485 1072 586 1457 107 657 1479 69 1244 517 853 707 1362 616 977 451 1140 371 1280 1150 650 506 129 212 867 1018 0 725 551 598 741 691 909 1231 1388 1371 188 1233 1557 806 1447 418 987 809 1189
630 374 494 649 248 669 857 524 608 628 743 635 418 695 321 564 814 467 154 62 507 211 628 818 368 46 332 747 314 341 487 663 351 809 322 491 467 599 158 624 381 859 226 282 397 294 783 720 179 805 681 570 348 179 229 687 520 303 653 466 555 606 476 156 248 841 625 260 344 725 0 455 502 52 703 302 556 714 697 793 559 883 117 773 352 313 120 515
194 273 320 1053 652 1055 1261 928 237 425 1129 1039 822 1099 529 969 640 871 378 480 333 450 1032 644 705 465 354 1132 213 549 891 1068 250 635 530 896 183 335 562 1028 718 1264 433 214 802 316 1187 546 387 1209 507 974 247 583 437 1091 108 707 310 870 381 1010 880 380 236 667 451 597 748 551 455 0 90 470 268 639 960 1118 1101 619 963 1287 536 1177 178 717 539 919
265 320 367 1100 699 1102 1308 975 170 496 1176 1086 869 1146 576 1016 687 918 425 527 380 497 1079 691 752 511 401 1179 260 595 938 1115 297 682 577 943 230 406 609 1075 765 1311 480 261 848 363 1234 593 434 1256 554 1021 294 630 483 1138 101 754 381 917 428 1057 927 427 283 714 498 644 795 598 502 90 0 517 339 686 1007 1165 1148 666 1010 1334 583 1224 225 764 586 966
646 389 509 655 254 675 863 530 624 644 750 642 424 702 337 571 830 473 170 68 523 218 634 834 375 54 347 753 329 356 493 670 366 824 338 498 483 615 164 630 387 866 241 298 404 309 789 735 195 811 697 576 364 185 244 694 536 309 668 472 570 612 482 172 264 856 641 267 350 741 52 470 517 0 719 308 563 720 703 809 565 889 123 779 368 319 126 521
218 522 460 1302 901 1303 1509 1177 486 385 1378 1288 1071 1348 778 1217 780 1120 627 729 384 699 1281 743 954 713 603 1381 461 797 1139 1316 498 775 779 1144 431 295 810 1277 967 1512 682 463 1050 564 1435 686 635 1458 647 1222 496 831 685 1340 357 955 270 1118 344 1259 1129 629 485 765 591 846 997 691 703 268 339 719 0 887 1209 1366 1350 759 1212 1536 784 1425 427 965 787 1168
814 558 678 716 315 425 924 591 792 812 499 702 485 762 505 631 998 267 302 255 691 211 695 1002 75 304 516 502 498 525 554 731 535 993 506 558 651 783 225 691 88 926 409 466 464 477 850 903 363 872 865 637 532 246 413 754 704 370 837 533 738 673 543 300 432 1024 809 109 321 909 302 639 686 308 887 0 623 781 764 977 626 950 278 840 536 309 281 398
1136 880 999 222 417 778 382 49 1114 1134 852 513 243 326 827 246 1320 480 624 510 1013 533 310 1324 649 559 837 856 819 846 168 345 856 1314 828 82 973 1105 479 502 645 429 731 788 222 799 409 1225 685 288 1187 251 854 500 734 448 1026 472 1158 291 1060 255 158 621 754 1346 1131 582 630 1231 556 960 1007 563 1209 623 0 403 180 1299 403 470 532 256 858 617 535 520
1293 1037 1157 319 574 935 173 377 1271 1291 1010 684 414 577 984 189 1477 638 781 667 1170 690 127 1481 806 716 995 1013 977 1004 263 100 1014 1472 985 344 1130 1262 637 673 803 175 889 945 393 957 99 1383 842 228 1344 309 1011 658 892 699 1183 629 1316 462 1218 345 273 779 911 1504 1288 739 787 1388 714 1118 1165 720 1366 781 403 0 253 1456 574 216 690 174 1015 774 693 678
1276 1020 1140 96 557 919 233 210 1254 1274 993 596 383 354 968 285 1460 621 764 650 1153 674 337 1464 789 699 978 996 960 987 244 310 997 1455 969 243 1113 1246 620 607 786 280 872 928 363 940 260 1366 825 139 1328 160 994 641 875 475 1166 612 1299 425 1201 129 255 762 895 1487 1271 722 770 1371 697 1101 1148 703 1350 764 180 253 0 1440 537 320 673 106 998 758 676 661
794 611 333 1392 991 1393 1599 1267 773 414 1468 1378 1161 1438 868 1307 37 1210 717 819 392 789 1371 97 1044 803 693 1471 551 887 1229 1406 588 31 869 1234 632 484 900 1367 1057 1602 772 553 1140 654 1525 193 725 1548 231 1312 586 921 775 1430 685 1045 520 1208 439 1349 1219 719 575 75 178 936 1087 188 793 619 666 809 759 977 1299 1456 1440 0 1302 1625 874 1515 487 1055 877 1258
1138 882 1002 496 420 781 704 371 1116 1136 855 135 179 273 830 411 1322 483 626 513 1015 536 475 1326 651 561 840 858 822 849 334 511 859 1317 831 338 975 1108 482 124 648 706 734 791 214 802 630 1228 687 646 1190 417 856 503 737 154 1028 474 1161 137 1063 453 323 624 757 1349 1133 585 633 1233 559 963 1010 565 1212 626 403 574 537 1302 0 747 535 613 861 620 538 523
1462 1206 1326 386 743 1105 240 500 1440 1460 1179 857 587 644 1153 362 1646 807 950 836 1339 860 300 1650 975 885 1164 1182 1146 1173 436 273 1183 1641 1154 517 1299 1432 806 846 972 67 1058 1114 566 1126 128 1552 1011 295 1513 450 1180 827 1061 766 1352 798 1485 635 1387 419 446 948 1081 1673 1457 908 956 1557 883 1287 1334 889 1536 950 470 216 320 1625 747 0 859 241 1184 944 862 847
711 455 575 625 224 645 833 500 689 709 720 611 394 671 402 540 895 443 235 71 588 188 604 899 345 119 413 723 395 422 463 640 432 890 403 467 548 680 134 600 357 835 307 363 373 374 759 800 260 781 762 546 429 155 310 663 601 279 734 442 636 582 452 237 329 921 706 236 320 806 117 536 583 123 784 278 532 690 673 874 535 859 0 749 433 289 45 491
1352 1096 1216 172 633 994 153 286 1330 1350 1069 672 459 430 1043 319 1536 697 840 726 1229 749 257 1540 865 775 1054 1072 1036 1063 320 230 1073 1531 1044 319 1189 1321 696 683 862 200 948 1004 439 1016 180 1442 901 81 1403 236 1070 717 951 551 1242 688 1375 501 1277 205 331 838 970 1563 1347 798 846 1447 773 1177 1224 779 1425 840 256 174 106 1515 613 241 749 0 1074 834 752 737
353 170 187 951 549 952 1158 826 332 321 1026 937 720 997 426 866 508 768 276 378 200 347 929 511 603 362 252 1030 110 446 788 965 147 502 427 793 190 293 459 926 615 1161 331 112 699 213 1084 413 284 1107 375 871 144 480 334 989 243 604 346 767 248 908 777 278 134 534 318 495 645 418 352 178 225 368 427 536 858 1015 998 487 861 1184 433 1074 0 614 436 816
892 636 756 710 326 372 917 585 870 890 446 696 479 756 583 625 1076 170 380 266 769 289 689 1080 243 315 594 449 576 603 547 724 613 1070 584 552 729 861 202 685 239 920 487 544 458 555 843 981 441 866 943 631 610 147 491 748 782 381 915 526 816 667 537 378 510 1102 887 338 100 987 313 717 764 319 965 309 617 774 758 1055 620 944 289 834 614 0 292 300
714 458 578 628 227 648 836 503 692 712 723 614 397 674 405 543 898 446 238 74 591 190 607 902 347 122 416 726 398 425 466 643 435 892 406 470 551 683 137 603 360 838 309 366 376 377 762 803 263 784 765 549 432 158 313 666 604 282 737 445 638 585 455 240 332 924 709 239 323 809 120 539 586 126 787 281 535 693 676 877 538 862 45 752 436 292 0 494
1094 838 958 613 376 461 821 488 1072 1092 536 599 382 659 786 529 1278 164 582 469 971 492 592 1282 332 517 796 539 778 805 451 628 815 1273 787 456 931 1064 438 588 329 824 690 747 361 758 747 1184 643 769 1146 534 812 432 693 651 984 430 1117 430 1019 570 440 580 713 1305 1089 455 313 1189 515 919 966 521 1168 398 520 678 661 1258 523 847 491 737 816 300 494 0
EOF