NAME : tsp_problem
TYPE : TSP
DIMENSION : 36
EDGE_WEIGHT_TYPE : EXPLICIT
EDGE_WEIGHT_FORMAT : FULL_MATRIX
EDGE_WEIGHT_SECTION
0 964 1330 1201 425 988 845 1127 1133 703 694 816 642 1202 1369 1094 367 1034 1033 1184 747 475 1121 411 1027 746 1181 1237 849 679 1419 1499 731 912 1347 914
964 0 460 453 750 338 145 379 263 313 590 479 795 331 499 224 790 384 382 314 314 870 251 834 84 899 311 367 211 309 549 629 394 262 477 264
1330 460 0 655 1116 704 511 582 465 679 956 845 1161 534 521 371 1156 690 692 336 680 1237 243 1200 523 1265 458 570 577 676 109 488 760 628 362 630
1201 453 655 0 987 220 401 113 311 550 826 716 1032 380 695 419 1027 176 178 510 569 1107 447 1071 516 1136 507 287 466 546 744 824 631 306 673 304
425 750 1116 987 0 774 631 913 919 489 480 602 241 987 1155 880 252 820 819 970 532 145 907 207 813 345 967 1023 635 465 1205 1285 517 698 1133 700
988 338 704 220 774 0 237 192 390 338 614 504 820 459 743 468 814 54 52 558 405 895 495 858 401 923 555 366 302 334 793 873 418 105 721 103
845 145 511 401 631 237 0 309 314 212 471 360 676 383 551 276 671 283 281 366 180 752 303 715 209 780 363 419 77 207 600 680 275 161 529 162
1127 379 582 113 913 192 309 0 238 477 753 643 959 306 621 346 954 148 149 436 478 1034 373 998 442 1063 433 213 374 473 670 750 558 277 599 275
1133 263 465 311 919 390 314 238 0 482 758 648 964 96 505 229 959 346 347 320 483 1039 257 1003 326 1068 317 226 380 478 554 634 563 431 483 432
703 313 679 550 489 338 212 477 482 0 328 218 534 551 719 444 529 384 382 534 132 609 471 573 376 638 531 587 234 64 768 848 133 262 697 263
694 590 956 826 480 614 471 753 758 328 0 442 526 827 995 720 520 660 658 810 372 601 747 564 653 629 807 863 475 305 1044 1124 357 538 973 540
816 479 845 716 602 504 360 643 648 218 442 0 648 717 885 610 643 550 548 700 262 723 637 686 542 751 697 753 365 195 934 1014 141 428 863 429
642 795 1161 1032 241 820 676 959 964 534 526 648 0 1033 1201 926 315 866 864 1016 578 200 953 262 858 114 1013 1069 681 511 1250 1330 563 744 1179 745
1202 331 534 380 987 459 383 306 96 551 827 717 1033 0 574 298 1028 415 416 388 552 1108 326 1072 395 1137 385 295 448 547 623 703 632 500 552 501
1369 499 521 695 1155 743 551 621 505 719 995 885 1201 574 0 410 1196 729 731 194 719 1276 313 1240 562 1305 257 609 616 715 610 162 800 667 592 669
1094 224 371 419 880 468 276 346 229 444 720 610 926 298 410 0 920 454 456 225 444 1001 162 964 287 1029 222 334 341 440 453 540 525 392 280 394
367 790 1156 1027 252 814 671 954 959 529 520 643 315 1028 1196 920 0 861 859 1011 573 134 948 70 853 419 1008 1063 675 505 1245 1325 557 739 1174 740
1034 384 690 176 820 54 283 148 346 384 660 550 866 415 729 454 861 0 61 544 452 941 481 904 447 969 541 322 348 380 779 859 465 139 707 138
1033 382 692 178 819 52 281 149 347 382 658 548 864 416 731 456 859 61 0 546 450 939 483 903 445 968 543 323 347 378 780 860 463 138 709 136
1184 314 336 510 970 558 366 436 320 534 810 700 1016 388 194 225 1011 544 546 0 534 1091 128 1054 377 1119 133 424 431 530 425 324 615 482 406 484
747 314 680 569 532 405 180 478 483 132 372 262 578 552 719 444 573 452 450 534 0 653 472 617 377 682 531 587 185 108 769 849 177 330 698 331
475 870 1237 1107 145 895 752 1034 1039 609 601 723 200 1108 1276 1001 134 941 939 1091 653 0 1028 81 934 304 1088 1144 756 586 1325 1405 638 819 1254 820
1121 251 243 447 907 495 303 373 257 471 747 637 953 326 313 162 948 481 483 128 472 1028 0 992 315 1057 250 361 368 467 332 442 552 419 313 421
411 834 1200 1071 207 858 715 998 1003 573 564 686 262 1072 1240 964 70 904 903 1054 617 81 992 0 897 366 1051 1107 719 549 1289 1369 601 782 1218 784
1027 84 523 516 813 401 209 442 326 376 653 542 858 395 562 287 853 447 445 377 377 934 315 897 0 962 374 430 274 373 612 692 457 325 541 327
746 899 1265 1136 345 923 780 1063 1068 638 629 751 114 1137 1305 1029 419 969 968 1119 682 304 1057 366 962 0 1116 1172 784 614 1354 1434 666 847 1283 849
1181 311 458 507 967 555 363 433 317 531 807 697 1013 385 257 222 1008 541 543 133 531 1088 250 1051 374 1116 0 421 428 527 547 382 612 479 476 481
1237 367 570 287 1023 366 419 213 226 587 863 753 1069 295 609 334 1063 322 323 424 587 1144 361 1107 430 1172 421 0 484 583 658 738 667 451 587 449
849 211 577 466 635 302 77 374 380 234 475 365 681 448 616 341 675 348 347 431 185 756 368 719 274 784 428 484 0 211 666 746 280 226 594 228
679 309 676 546 465 334 207 473 478 64 305 195 511 547 715 440 505 380 378 530 108 586 467 549 373 614 527 583 211 0 764 844 109 258 693 259
1419 549 109 744 1205 793 600 670 554 768 1044 934 1250 623 610 453 1245 779 780 425 769 1325 332 1289 612 1354 547 658 666 764 0 576 849 717 282 718
1499 629 488 824 1285 873 680 750 634 848 1124 1014 1330 703 162 540 1325 859 860 324 849 1405 442 1369 692 1434 382 738 746 844 576 0 929 797 721 798
731 394 760 631 517 418 275 558 563 133 357 141 563 632 800 525 557 465 463 615 177 638 552 601 457 666 612 667 280 109 849 929 0 343 778 344
912 262 628 306 698 105 161 277 431 262 538 428 744 500 667 392 739 139 138 482 330 819 419 782 325 847 479 451 226 258 717 797 343 0 645 61
1347 477 362 673 1133 721 529 599 483 697 973 863 1179 552 592 280 1174 707 709 406 698 1254 313 1218 541 1283 476 587 594 693 282 721 778 645 0 647
914 264 630 304 700 103 162 275 432 263 540 429 745 501 669 394 740 138 136 484 331 820 421 784 327 849 481 449 228 259 718 798 344 61 647 0
EOF